Data/ruptures/PEACETIME/ION/PEACETIME_ION_CTD_045.cnv
* Sea-Bird SBE 9 Data File:
* FileName = C:\CTD\rawCTD\PEACETIME_ION_CTD_045.hdr
* Software Version Seasave V 7.23.2
* Temperature SN = 1378
* Conductivity SN = 2929
* Number of Bytes Per Scan = 38
* Number of Voltage Words = 5
* Number of Scans Averaged by the Deck Unit = 1
* NMEA Latitude = 35 29.35 N
* NMEA Longitude = 019 46.59 E
* NMEA UTC (Time) = May 27 2017  03:52:11
* NMEA baud rate = 4800
** Cruise:   PEACETIME
** Station:   ION_CTD_045
# nquan = 11
# nvalues = 3138                        
# units = specified
# name 0 = prDM: Pressure, Digiquartz [db]
# name 1 = t090C: Temperature [ITS-90, deg C]
# name 2 = flC: Fluorescence, Chelsea Aqua 3 Chl Con [ug/l]
# name 3 = CStarTr0: Beam Transmission, WET Labs C-Star [%]
# name 4 = par: PAR/Irradiance, Biospherical/Licor
# name 5 = spar: SPAR/Surface Irradiance
# name 6 = sbeox0Mm/Kg: Oxygen, SBE 43 [umol/kg]
# name 7 = potemp090C: Potential Temperature [ITS-90, deg C]
# name 8 = sal00: Salinity, Practical [PSU]
# name 9 = sigma-é00: Density [sigma-theta, kg/m^3]
# name 10 = flag:
# span 0 =      3.000,   3140.000       
# span 1 =    13.7805,    20.4935       
# span 2 =     0.1700,     0.3402       
# span 3 =    95.9982,    98.3869       
# span 4 = -1.804e-06, 3.3716e+01       
# span 5 = 1.0906e+02, 1.4782e+03       
# span 6 =    167.766,    230.518       
# span 7 =    13.4266,    20.4924       
# span 8 =    38.7332,    39.0484       
# span 9 =    27.6453,    29.1991       
# span 10 = 0.0000e+00, 0.0000e+00      
# interval = decibars: 1                
# start_time = May 27 2017 03:54:07 [NMEA time, first data scan]
# bad_flag = -9.990e-29
*END*
[from data line 394]
    397.000    14.7346     0.1903    98.2135 1.0000e-12 1.1973e+02    179.239    14.6728    38.9577    29.1008 0.0000e+00
    398.000    14.7330     0.1869    98.2135 1.0000e-12 1.1887e+02    179.180    14.6711    38.9572    29.1009 0.0000e+00
    399.000    14.7308     0.1848    98.2196 1.0000e-12 1.1693e+02    179.634    14.6688    38.9570    29.1012 0.0000e+00
    400.000    14.7271     0.1847    98.2064 1.0000e-12 1.1929e+02    179.344    14.6649    38.9564    29.1016 0.0000e+00
    401.000    14.7186     0.1845    98.2093 1.0000e-12 1.1569e+02    179.170    14.6563    38.9552    29.1026 0.0000e+00
    402.000    14.7091     0.1886    98.2190 1.0000e-12 1.1242e+02    179.403    14.6466    38.9538    29.1037 0.0000e+00
    403.000    14.7037     0.1906    98.2178 1.0000e-12 1.1979e+02    179.541    14.6411    38.9531    29.1044 0.0000e+00
    404.000    14.6999     0.1877    98.2027 1.0000e-12 1.1499e+02    179.314    14.6372    38.9526    29.1049 0.0000e+00
    405.000    14.6976     0.1834    98.2175 1.0000e-12 1.1395e+02    178.868    14.6347    38.9523    29.1052 0.0000e+00
    406.000    14.6968     0.1797    98.1969 1.0000e-12 1.1500e+02    178.674    14.6338    38.9522    29.1053 0.0000e+00
    407.000    14.6951     0.1842    98.2159 1.0000e-12 1.1726e+02    179.132    14.6319    38.9521    29.1057 0.0000e+00
    408.000    14.6942     0.1827    98.2135 1.0000e-12 1.1643e+02    179.124    14.6309    38.9521    29.1059 0.0000e+00
    409.000    14.6936     0.1834    98.2152 1.0000e-12 1.1456e+02    178.897    14.6301    38.9520    29.1060 0.0000e+00
    410.000    14.6927     0.1788    98.2090 1.0000e-12 1.1372e+02    178.915    14.6290    38.9517    29.1060 0.0000e+00
    411.000    14.6866     0.1800    98.2085 1.0000e-12 1.1366e+02    178.599    14.6228    38.9510    29.1069 0.0000e+00
    412.000    14.6736     0.1871    98.2213 1.0000e-12 1.1757e+02    178.520    14.6097    38.9496    29.1087 0.0000e+00
    413.000    14.6692     0.1877    98.2167 1.0000e-12 1.1602e+02    178.010    14.6051    38.9493    29.1095 0.0000e+00
    414.000    14.6665     0.1846    98.2218 1.0000e-12 1.1714e+02    178.379    14.6023    38.9490    29.1099 0.0000e+00
    415.000    14.6648     0.1839    98.2261 1.0000e-12 1.1540e+02    177.820    14.6005    38.9488    29.1101 0.0000e+00
    416.000    14.6594     0.1855    98.2064 1.0000e-12 1.0906e+02    177.711    14.5949    38.9481    29.1108 0.0000e+00
    417.000    14.6528     0.1827    98.2211 1.0000e-12 1.1520e+02    178.204    14.5881    38.9474    29.1118 0.0000e+00
    418.000    14.6491     0.1825    98.2218 1.0000e-12 1.1509e+02    178.153    14.5843    38.9471    29.1124 0.0000e+00
    419.000    14.6447     0.1805    98.2219 1.0000e-12 1.1373e+02    177.706    14.5797    38.9465    29.1130 0.0000e+00
    420.000    14.6397     0.1849    98.2143 1.0000e-12 1.1284e+02    177.652    14.5746    38.9459    29.1137 0.0000e+00
    421.000    14.6385     0.1857    98.2115 1.0000e-12 1.1710e+02    177.959    14.5733    38.9459    29.1140 0.0000e+00
    422.000    14.6373     0.1821    98.2339 1.0000e-12 1.1672e+02    177.945    14.5719    38.9459    29.1143 0.0000e+00
    423.000    14.6372     0.1826    98.2246 1.0000e-12 1.1976e+02    177.445    14.5717    38.9459    29.1143 0.0000e+00
    424.000    14.6366     0.1853    98.2282 1.0000e-12 1.2029e+02    177.308    14.5709    38.9458    29.1144 0.0000e+00
    425.000    14.6351     0.1832    98.2265 1.0000e-12 1.1930e+02    177.408    14.5692    38.9456    29.1146 0.0000e+00
    426.000    14.6344     0.1873    98.2270 1.0000e-12 1.1549e+02    177.124    14.5684    38.9457    29.1149 0.0000e+00
    427.000    14.6334     0.1886    98.2123 1.0000e-12 1.1903e+02    177.130    14.5672    38.9455    29.1150 0.0000e+00
    428.000    14.6323     0.1870    98.2254 1.0000e-12 1.1467e+02    177.491    14.5660    38.9455    29.1152 0.0000e+00
    429.000    14.6307     0.1858    98.2226 1.0000e-12 1.1593e+02    177.583    14.5642    38.9453    29.1156 0.0000e+00
    430.000    14.6281     0.1849    98.2232 1.0000e-12 1.1886e+02    177.165    14.5615    38.9451    29.1160 0.0000e+00
    431.000    14.6266     0.1838    98.2296 1.0000e-12 1.2141e+02    176.934    14.5598    38.9448    29.1161 0.0000e+00
    432.000    14.6220     0.1816    98.2338 1.0000e-12 1.1944e+02    176.829    14.5550    38.9441    29.1166 0.0000e+00
    433.000    14.6150     0.1799    98.2306 1.0000e-12 1.1655e+02    176.841    14.5479    38.9433    29.1176 0.0000e+00
    434.000    14.6092     0.1831    98.2275 1.0000e-12 1.1723e+02    176.983    14.5421    38.9426    29.1184 0.0000e+00
    435.000    14.6064     0.1848    98.2311 1.0000e-12 1.1973e+02    177.093    14.5391    38.9422    29.1187 0.0000e+00
    436.000    14.6017     0.1854    98.2102 1.0000e-12 1.1905e+02    176.877    14.5342    38.9416    29.1194 0.0000e+00
    437.000    14.5983     0.1816    98.2171 1.0000e-12 1.1800e+02    176.645    14.5306    38.9410    29.1197 0.0000e+00
    438.000    14.5939     0.1807    98.2177 1.0000e-12 1.2007e+02    176.795    14.5261    38.9405    29.1203 0.0000e+00
    439.000    14.5900     0.1810    98.2012 1.0000e-12 1.1858e+02    176.495    14.5221    38.9401    29.1209 0.0000e+00
    440.000    14.5858     0.1845    98.2137 1.0000e-12 1.1513e+02    176.451    14.5178    38.9396    29.1215 0.0000e+00
    441.000    14.5853     0.1826    98.2135 1.0000e-12 1.2022e+02    176.535    14.5171    38.9396    29.1216 0.0000e+00
    442.000    14.5853     0.1797    98.2135 1.0000e-12 1.2022e+02    176.536    14.5169    38.9396    29.1216 0.0000e+00
    443.000    14.5851     0.1828    98.2135 1.0000e-12 1.2452e+02    176.756    14.5166    38.9396    29.1217 0.0000e+00
    444.000    14.5841     0.1862    98.2155 1.0000e-12 1.2156e+02    177.047    14.5154    38.9394    29.1219 0.0000e+00
    445.000    14.5823     0.1822    98.2164 1.0000e-12 1.1769e+02    176.866    14.5134    38.9392    29.1221 0.0000e+00
    446.000    14.5787     0.1838    98.2125 1.0000e-12 1.2139e+02    176.349    14.5097    38.9388    29.1226 0.0000e+00
    447.000    14.5762     0.1866    98.1943 1.0000e-12 1.2255e+02    176.077    14.5071    38.9384    29.1229 0.0000e+00
    448.000    14.5718     0.1860    98.1788 1.0000e-12 1.2053e+02    176.301    14.5025    38.9379    29.1235 0.0000e+00
    449.000    14.5674     0.1823    98.1883 1.0000e-12 1.2437e+02    175.661    14.4980    38.9374    29.1242 0.0000e+00
    450.000    14.5626     0.1846    98.1675 1.0000e-12 1.2035e+02    175.874    14.4931    38.9370    29.1249 0.0000e+00
    451.000    14.5593     0.1850    98.1838 1.0000e-12 1.1876e+02    175.846    14.4896    38.9363    29.1252 0.0000e+00
    452.000    14.5503     0.1866    98.1814 1.0000e-12 1.2304e+02    175.505    14.4805    38.9350    29.1262 0.0000e+00
    453.000    14.5423     0.1856    98.1754 1.0000e-12 1.2064e+02    175.549    14.4724    38.9338    29.1271 0.0000e+00
    454.000    14.5360     0.1825    98.1895 1.0000e-12 1.1883e+02    175.971    14.4659    38.9328    29.1278 0.0000e+00
    455.000    14.5347     0.1838    98.1764 1.0000e-12 1.1920e+02    175.700    14.4644    38.9328    29.1281 0.0000e+00
    456.000    14.5323     0.1798    98.1874 1.0000e-12 1.2133e+02    175.335    14.4619    38.9324    29.1283 0.0000e+00
    457.000    14.5259     0.1821    98.1875 1.0000e-12 1.2110e+02    175.407    14.4554    38.9313    29.1289 0.0000e+00
    458.000    14.5164     0.1845    98.1875 1.0000e-12 1.2320e+02    175.141    14.4458    38.9302    29.1302 0.0000e+00
    459.000    14.5123     0.1849    98.1812 1.0000e-12 1.2304e+02    175.263    14.4415    38.9297    29.1307 0.0000e+00
    460.000    14.5054     0.1896    98.1884 1.0000e-12 1.2484e+02    175.121    14.4345    38.9285    29.1314 0.0000e+00
    461.000    14.4993     0.1875    98.1865 1.0000e-12 1.2316e+02    174.792    14.4282    38.9277    29.1322 0.0000e+00
    462.000    14.4981     0.1856    98.1950 1.0000e-12 1.2287e+02    174.668    14.4269    38.9276    29.1323 0.0000e+00
    463.000    14.4971     0.1847    98.1983 1.0000e-12 1.2534e+02    174.302    14.4257    38.9274    29.1325 0.0000e+00
    464.000    14.4955     0.1806    98.1925 1.0000e-12 1.2294e+02    174.467    14.4240    38.9273    29.1328 0.0000e+00
    465.000    14.4935     0.1876    98.1798 1.0000e-12 1.2541e+02    174.487    14.4218    38.9269    29.1330 0.0000e+00
    466.000    14.4923     0.1866    98.1954 1.0000e-12 1.2102e+02    174.454    14.4205    38.9267    29.1331 0.0000e+00
    467.000    14.4904     0.1842    98.1884 1.0000e-12 1.2206e+02    174.126    14.4184    38.9262    29.1332 0.0000e+00
    468.000    14.4856     0.1852    98.1908 1.0000e-12 1.2144e+02    174.023    14.4134    38.9255    29.1337 0.0000e+00
    469.000    14.4843     0.1857    98.1909 1.0000e-12 1.2651e+02    173.686    14.4120    38.9252    29.1338 0.0000e+00
    470.000    14.4804     0.1860    98.1912 1.0000e-12 1.2085e+02    174.097    14.4080    38.9246    29.1342 0.0000e+00
    471.000    14.4745     0.1817    98.2042 1.0000e-12 1.2540e+02    174.055    14.4019    38.9236    29.1348 0.0000e+00
    472.000    14.4664     0.1847    98.1902 1.0000e-12 1.2328e+02    173.862    14.3937    38.9221    29.1355 0.0000e+00
    473.000    14.4629     0.1855    98.1973 1.0000e-12 1.2746e+02    173.499    14.3901    38.9216    29.1359 0.0000e+00
    474.000    14.4619     0.1829    98.1897 1.0000e-12 1.2557e+02    173.521    14.3889    38.9216    29.1361 0.0000e+00
    475.000    14.4612     0.1827    98.1983 1.0000e-12 1.2431e+02    173.671    14.3881    38.9213    29.1361 0.0000e+00
    476.000    14.4612     0.1806    98.2023 1.0000e-12 1.2740e+02    173.694    14.3879    38.9214    29.1362 0.0000e+00
    477.000    14.4610     0.1922    98.1996 1.0000e-12 1.3280e+02    173.553    14.3875    38.9214    29.1363 0.0000e+00
    478.000    14.4593     0.1908    98.1924 1.0000e-12 1.3481e+02    173.600    14.3857    38.9211    29.1364 0.0000e+00
    479.000    14.4580     0.1878    98.1979 1.0000e-12 1.4643e+02    173.689    14.3843    38.9208    29.1365 0.0000e+00
    480.000    14.4570     0.1840    98.1760 1.0000e-12 1.5378e+02    173.674    14.3831    38.9205    29.1366 0.0000e+00
    481.000    14.4558     0.1848    98.1903 1.0000e-12 1.6086e+02    173.568    14.3818    38.9204    29.1368 0.0000e+00
    482.000    14.4537     0.1832    98.1875 1.0000e-12 1.6341e+02    173.484    14.3795    38.9201    29.1370 0.0000e+00
    483.000    14.4480     0.1824    98.1875 1.0000e-12 1.6807e+02    173.424    14.3736    38.9190    29.1375 0.0000e+00
    484.000    14.4436     0.1825    98.1875 1.0000e-12 1.6215e+02    173.196    14.3691    38.9184    29.1381 0.0000e+00
    485.000    14.4404     0.1812    98.1788 1.0000e-12 1.4944e+02    173.035    14.3658    38.9178    29.1383 0.0000e+00
    486.000    14.4387     0.1791    98.1769 1.0000e-12 1.4031e+02    172.829    14.3639    38.9176    29.1385 0.0000e+00
    487.000    14.4375     0.1781    98.1846 1.0000e-12 1.3471e+02    172.962    14.3626    38.9174    29.1387 0.0000e+00
    488.000    14.4344     0.1863    98.1865 1.0000e-12 1.3074e+02    172.643    14.3593    38.9168    29.1389 0.0000e+00
    489.000    14.4306     0.1846    98.1875 1.0000e-12 1.3022e+02    172.824    14.3553    38.9160    29.1392 0.0000e+00
    490.000    14.4285     0.1860    98.1875 1.0000e-12 1.2607e+02    173.189    14.3531    38.9157    29.1395 0.0000e+00
    491.000    14.4286     0.1819    98.1875 1.0000e-12 1.2724e+02    173.224    14.3531    38.9156    29.1394 0.0000e+00
    492.000    14.4285     0.1823    98.1875 1.0000e-12 1.2577e+02    173.439    14.3528    38.9156    29.1395 0.0000e+00
    493.000    14.4281     0.1844    98.1791 1.0000e-12 1.2867e+02    173.215    14.3522    38.9155    29.1395 0.0000e+00
    494.000    14.4254     0.1830    98.1874 1.0000e-12 1.2848e+02    172.940    14.3494    38.9148    29.1396 0.0000e+00
    495.000    14.4210     0.1824    98.1700 1.0000e-12 1.2829e+02    172.540    14.3449    38.9141    29.1400 0.0000e+00
    496.000    14.4173     0.1886    98.1566 1.0000e-12 1.2619e+02    172.504    14.3410    38.9133    29.1403 0.0000e+00
    497.000    14.4100     0.1926    98.1759 1.0000e-12 1.2544e+02    172.468    14.3335    38.9120    29.1409 0.0000e+00
    498.000    14.4043     0.1926    98.1865 1.0000e-12 1.2858e+02    172.733    14.3278    38.9110    29.1414 0.0000e+00
    499.000    14.4020     0.1830    98.1842 1.0000e-12 1.3004e+02    172.759    14.3254    38.9106    29.1417 0.0000e+00
    500.000    14.4004     0.1844    98.1844 1.0000e-12 1.3088e+02    172.596    14.3235    38.9103    29.1418 0.0000e+00
    501.000    14.3936     0.1841    98.1825 1.0000e-12 1.2345e+02    172.222    14.3167    38.9090    29.1423 0.0000e+00
    502.000    14.3898     0.1853    98.1823 1.0000e-12 1.2933e+02    172.054    14.3127    38.9085    29.1428 0.0000e+00
    503.000    14.3883     0.1945    98.1659 1.0000e-12 1.2722e+02    171.786    14.3110    38.9083    29.1430 0.0000e+00
    504.000    14.3876     0.1903    98.1740 1.0000e-12 1.2908e+02    172.002    14.3102    38.9079    29.1429 0.0000e+00
    505.000    14.3848     0.1864    98.1713 1.0000e-12 1.3002e+02    172.230    14.3073    38.9075    29.1432 0.0000e+00
    506.000    14.3830     0.1857    98.1685 1.0000e-12 1.2598e+02    172.303    14.3053    38.9072    29.1434 0.0000e+00
    507.000    14.3812     0.1889    98.1863 1.0000e-12 1.2991e+02    172.509    14.3033    38.9067    29.1435 0.0000e+00
    508.000    14.3801     0.1861    98.1886 1.0000e-12 1.2764e+02    172.491    14.3021    38.9066    29.1437 0.0000e+00
    509.000    14.3797     0.1862    98.1875 1.0000e-12 1.2836e+02    172.408    14.3016    38.9066    29.1438 0.0000e+00
    510.000    14.3797     0.1870    98.1875 1.0000e-12 1.3156e+02    172.590    14.3014    38.9066    29.1439 0.0000e+00
    511.000    14.3795     0.1892    98.1875 1.0000e-12 1.2853e+02    172.584    14.3010    38.9064    29.1438 0.0000e+00
    512.000    14.3757     0.1834    98.1913 1.0000e-12 1.3211e+02    172.135    14.2970    38.9057    29.1441 0.0000e+00
    513.000    14.3723     0.1846    98.1796 1.0000e-12 1.2770e+02    172.222    14.2936    38.9049    29.1443 0.0000e+00
    514.000    14.3699     0.1871    98.1744 1.0000e-12 1.2798e+02    172.359    14.2910    38.9046    29.1446 0.0000e+00
    515.000    14.3675     0.1863    98.1803 1.0000e-12 1.2855e+02    172.161    14.2885    38.9041    29.1448 0.0000e+00
    516.000    14.3655     0.1849    98.1910 1.0000e-12 1.2985e+02    172.008    14.2862    38.9038    29.1450 0.0000e+00
    517.000    14.3618     0.1862    98.1804 1.0000e-12 1.2561e+02    172.326    14.2825    38.9029    29.1452 0.0000e+00
    518.000    14.3571     0.1876    98.1939 1.0000e-12 1.2847e+02    171.986    14.2776    38.9020    29.1456 0.0000e+00
    519.000    14.3539     0.1864    98.1972 1.0000e-12 1.2786e+02    172.084    14.2742    38.9017    29.1460 0.0000e+00
    520.000    14.3495     0.1818    98.2035 1.0000e-12 1.2880e+02    172.042    14.2698    38.9007    29.1463 0.0000e+00
    521.000    14.3420     0.1845    98.1976 1.0000e-12 1.2769e+02    171.968    14.2621    38.8994    29.1470 0.0000e+00
    522.000    14.3388     0.1877    98.1828 1.0000e-12 1.2840e+02    172.270    14.2587    38.8989    29.1473 0.0000e+00
    523.000    14.3358     0.1856    98.1950 1.0000e-12 1.2938e+02    171.872    14.2556    38.8983    29.1475 0.0000e+00
    524.000    14.3309     0.1873    98.1977 1.0000e-12 1.3335e+02    171.474    14.2506    38.8973    29.1479 0.0000e+00
    525.000    14.3282     0.1844    98.1762 1.0000e-12 1.2871e+02    171.987    14.2477    38.8967    29.1480 0.0000e+00
    526.000    14.3253     0.1825    98.2046 1.0000e-12 1.3343e+02    171.974    14.2447    38.8961    29.1482 0.0000e+00
