Data/ruptures/PEACETIME/ION/PEACETIME_ION_CTD_036.cnv
* Sea-Bird SBE 9 Data File:
* FileName = C:\CTD\rawCTD\PEACETIME_ION_CTD_036.hdr
* Software Version Seasave V 7.23.2
* Temperature SN = 1378
* Conductivity SN = 2929
* Number of Bytes Per Scan = 34
* Number of Voltage Words = 5
* Number of Scans Averaged by the Deck Unit = 1
* NMEA Latitude = 35 29.35 N
* NMEA Longitude = 019 46.57 E
* NMEA UTC (Time) = May 25 2017  02:34:46
* NMEA baud rate = 4800
** Cruise:   PEACETIME
** Station:   ION_CTD_036
# nquan = 11
# nvalues = 501                         
# units = specified
# name 0 = prDM: Pressure, Digiquartz [db]
# name 1 = t090C: Temperature [ITS-90, deg C]
# name 2 = flC: Fluorescence, Chelsea Aqua 3 Chl Con [ug/l]
# name 3 = CStarTr0: Beam Transmission, WET Labs C-Star [%]
# name 4 = par: PAR/Irradiance, Biospherical/Licor
# name 5 = spar: SPAR/Surface Irradiance
# name 6 = sbeox0Mm/Kg: Oxygen, SBE 43 [umol/kg]
# name 7 = potemp090C: Potential Temperature [ITS-90, deg C]
# name 8 = sal00: Salinity, Practical [PSU]
# name 9 = sigma-é00: Density [sigma-theta, kg/m^3]
# name 10 = flag:
# span 0 =      1.000,    501.000       
# span 1 =    14.3496,    20.5947       
# span 2 =     0.1779,     0.3494       
# span 3 =    96.5012,    98.3049       
# span 4 = -6.969e-07, 3.1815e-01       
# span 5 = 1.3493e+00, 4.8750e+00       
# span 6 =    172.963,    229.554       
# span 7 =    14.2727,    20.5941       
# span 8 =    38.9001,    39.0593       
# span 9 =    27.6693,    29.1452       
# span 10 = 0.0000e+00, 0.0000e+00      
# interval = decibars: 1                
# start_time = May 25 2017 02:34:46 [NMEA time, header]
# bad_flag = -9.990e-29
*END*
[from data line 132]
    133.000    15.9353     0.2219    98.0043 1.0000e-12 2.7675e+00    209.661    15.9137    39.0569    28.8925 0.0000e+00
    134.000    15.9380     0.2227    97.9533 1.0000e-12 2.0007e+00    208.846    15.9163    39.0590    28.8935 0.0000e+00
    135.000    15.9274     0.2095    98.0114 1.0000e-12 3.3897e+00    207.944    15.9055    39.0587    28.8958 0.0000e+00
    136.000    15.9184     0.2151    98.0100 1.0000e-12 3.3152e+00    208.623    15.8963    39.0593    28.8985 0.0000e+00
    137.000    15.9074     0.2180    98.0197 1.0000e-12 2.8549e+00    208.244    15.8852    39.0576    28.8998 0.0000e+00
    138.000    15.9007     0.2180    98.0574 1.0000e-12 3.3786e+00    207.978    15.8783    39.0562    28.9003 0.0000e+00
    139.000    15.8904     0.2154    98.0547 1.0000e-12 2.8857e+00    208.633    15.8679    39.0550    28.9018 0.0000e+00
    140.000    15.8885     0.2135    98.0809 1.0000e-12 3.5952e+00    208.320    15.8658    39.0553    28.9026 0.0000e+00
    141.000    15.8861     0.2144    98.0217 1.0000e-12 2.4001e+00    208.194    15.8632    39.0548    28.9028 0.0000e+00
    142.000    15.8620     0.2073    98.0805 1.0000e-12 3.2394e+00    208.148    15.8390    39.0488    28.9038 0.0000e+00
    143.000    15.8349     0.2073    98.0738 1.0000e-12 3.0557e+00    208.595    15.8118    39.0430    28.9058 0.0000e+00
    144.000    15.8105     0.2061    98.1356 1.0000e-12 2.5705e+00    208.554    15.7872    39.0375    28.9072 0.0000e+00
    145.000    15.8014     0.2053    98.1488 1.0000e-12 2.9677e+00    208.751    15.7780    39.0354    28.9077 0.0000e+00
    146.000    15.7991     0.1999    98.1577 1.0000e-12 3.1848e+00    208.149    15.7755    39.0347    28.9078 0.0000e+00
    147.000    15.7946     0.2021    98.1754 1.0000e-12 2.9916e+00    208.878    15.7709    39.0336    28.9080 0.0000e+00
    148.000    15.7823     0.1933    98.1737 1.0000e-12 2.4823e+00    207.535    15.7584    39.0305    28.9086 0.0000e+00
    149.000    15.7542     0.1910    98.1761 1.0000e-12 3.7345e+00    206.787    15.7301    39.0245    28.9106 0.0000e+00
    150.000    15.7246     0.1922    98.1755 1.0000e-12 2.5414e+00    206.983    15.7005    39.0193    28.9135 0.0000e+00
    151.000    15.7168     0.1958    98.1930 1.0000e-12 1.9776e+00    206.747    15.6925    39.0190    28.9151 0.0000e+00
    152.000    15.7167     0.1918    98.1788 1.0000e-12 2.6447e+00    206.663    15.6922    39.0213    28.9170 0.0000e+00
    153.000    15.7125     0.1920    98.1903 1.0000e-12 1.9266e+00    206.522    15.6879    39.0207    28.9175 0.0000e+00
    154.000    15.6887     0.1956    98.1754 1.0000e-12 2.5762e+00    206.342    15.6640    39.0148    28.9185 0.0000e+00
    155.000    15.6764     0.2034    98.1544 1.0000e-12 1.9984e+00    206.072    15.6515    39.0121    28.9194 0.0000e+00
    156.000    15.6732     0.2012    98.1796 1.0000e-12 3.8550e+00    206.417    15.6482    39.0112    28.9194 0.0000e+00
    157.000    15.6666     0.2022    98.1137 -9.990e-29 2.6210e+00    206.410    15.6414    39.0095    28.9197 0.0000e+00
    158.000    15.6654     0.2013    98.1432 1.0000e-12 3.3186e+00    206.385    15.6400    39.0094    28.9199 0.0000e+00
    159.000    15.6718     0.1941    98.1527 1.0000e-12 2.5592e+00    206.210    15.6462    39.0139    28.9220 0.0000e+00
    160.000    15.6783     0.1966    98.1327 1.0000e-12 2.7540e+00    205.677    15.6526    39.0179    28.9236 0.0000e+00
    161.000    15.6796     0.2003    98.1359 1.0000e-12 2.4555e+00    205.639    15.6537    39.0189    28.9241 0.0000e+00
    162.000    15.6806     0.1936    98.1425 1.0000e-12 2.8811e+00    206.234    15.6546    39.0194    28.9243 0.0000e+00
    163.000    15.6811     0.1940    98.1524 1.0000e-12 3.4196e+00    205.501    15.6548    39.0197    28.9244 0.0000e+00
    164.000    15.6813     0.1980    98.1256 1.0000e-12 2.8618e+00    205.652    15.6549    39.0198    28.9244 0.0000e+00
    165.000    15.6813     0.2019    98.1467 1.0000e-12 1.4744e+00    205.695    15.6547    39.0201    28.9248 0.0000e+00
    166.000    15.6818     0.2033    98.1445 1.0000e-12 2.1436e+00    205.923    15.6551    39.0204    28.9249 0.0000e+00
    167.000    15.6845     0.1958    98.1413 1.0000e-12 2.6777e+00    205.168    15.6576    39.0228    28.9262 0.0000e+00
    168.000    15.6852     0.1937    98.1434 1.0000e-12 2.8749e+00    205.047    15.6581    39.0240    28.9270 0.0000e+00
    169.000    15.6841     0.1927    98.1590 1.0000e-12 2.9649e+00    205.008    15.6569    39.0254    28.9284 0.0000e+00
    170.000    15.6858     0.1985    98.1566 1.0000e-12 2.0484e+00    205.204    15.6584    39.0290    28.9308 0.0000e+00
    171.000    15.6855     0.1988    98.1528 1.0000e-12 2.4849e+00    205.262    15.6580    39.0292    28.9310 0.0000e+00
    172.000    15.6851     0.1940    98.1763 1.0000e-12 2.8370e+00    205.168    15.6574    39.0293    28.9313 0.0000e+00
    173.000    15.6851     0.1974    98.1849 1.0000e-12 2.5363e+00    205.527    15.6573    39.0300    28.9318 0.0000e+00
    174.000    15.6853     0.1931    98.1751 1.0000e-12 2.0672e+00    204.829    15.6573    39.0307    28.9323 0.0000e+00
    175.000    15.6861     0.1909    98.1745 1.0000e-12 2.6993e+00    204.856    15.6579    39.0320    28.9332 0.0000e+00
    176.000    15.6862     0.1888    98.1805 1.0000e-12 2.3114e+00    204.531    15.6579    39.0327    28.9337 0.0000e+00
    177.000    15.6859     0.1937    98.1731 1.0000e-12 2.6559e+00    204.573    15.6574    39.0328    28.9339 0.0000e+00
    178.000    15.6856     0.1928    98.1541 1.0000e-12 3.0240e+00    204.576    15.6569    39.0327    28.9340 0.0000e+00
    179.000    15.6844     0.1900    98.1505 1.0000e-12 2.4964e+00    204.653    15.6556    39.0327    28.9343 0.0000e+00
    180.000    15.6754     0.1965    98.1818 1.0000e-12 3.3717e+00    204.207    15.6465    39.0309    28.9350 0.0000e+00
    181.000    15.6540     0.1948    98.1592 1.0000e-12 2.8197e+00    203.882    15.6249    39.0259    28.9362 0.0000e+00
    182.000    15.6315     0.1914    98.1764 1.0000e-12 3.3431e+00    203.797    15.6022    39.0215    28.9381 0.0000e+00
    183.000    15.6229     0.1953    98.2178 1.0000e-12 2.0664e+00    204.185    15.5935    39.0203    28.9391 0.0000e+00
    184.000    15.6017     0.1899    98.1820 1.0000e-12 2.3427e+00    203.403    15.5722    39.0171    28.9416 0.0000e+00
    185.000    15.6069     0.1892    98.2088 1.0000e-12 3.4378e+00    202.760    15.5772    39.0228    28.9449 0.0000e+00
    186.000    15.6288     0.1837    98.1926 1.0000e-12 1.7518e+00    203.159    15.5989    39.0313    28.9464 0.0000e+00
    187.000    15.6290     0.1814    98.2043 1.0000e-12 2.9521e+00    203.172    15.5990    39.0313    28.9464 0.0000e+00
    188.000    15.6313     0.1792    98.1997 1.0000e-12 2.5814e+00    202.641    15.6011    39.0322    28.9466 0.0000e+00
    189.000    15.6299     0.1862    98.1723 1.0000e-12 2.6662e+00    202.711    15.5995    39.0321    28.9469 0.0000e+00
    190.000    15.6257     0.1878    98.2006 1.0000e-12 2.2415e+00    202.612    15.5952    39.0316    28.9475 0.0000e+00
    191.000    15.6228     0.1854    98.2020 1.0000e-12 3.2151e+00    202.325    15.5921    39.0309    28.9477 0.0000e+00
    192.000    15.6186     0.1872    98.2042 -9.990e-29 2.0368e+00    202.611    15.5878    39.0301    28.9480 0.0000e+00
    193.000    15.6136     0.1869    98.2029 1.0000e-12 3.1182e+00    202.664    15.5826    39.0291    28.9485 0.0000e+00
    194.000    15.6069     0.1850    98.1990 1.0000e-12 2.1884e+00    201.890    15.5757    39.0278    28.9490 0.0000e+00
    195.000    15.5977     0.2065    98.1228 1.0000e-12 3.1234e+00    201.948    15.5664    39.0257    28.9496 0.0000e+00
    196.000    15.5846     0.1912    98.1980 1.0000e-12 1.8928e+00    202.718    15.5531    39.0232    28.9508 0.0000e+00
    197.000    15.5743     0.1895    98.2043 1.0000e-12 2.8088e+00    202.278    15.5427    39.0211    28.9515 0.0000e+00
    198.000    15.5587     0.1899    98.2022 1.0000e-12 3.0607e+00    201.778    15.5269    39.0170    28.9520 0.0000e+00
    199.000    15.5343     0.1900    98.2105 1.0000e-12 2.7709e+00    201.702    15.5024    39.0108    28.9529 0.0000e+00
    200.000    15.5074     0.1907    98.2135 1.0000e-12 3.3123e+00    201.482    15.4754    39.0062    28.9556 0.0000e+00
    201.000    15.4921     0.1957    98.2115 1.0000e-12 3.5327e+00    201.154    15.4600    39.0041    28.9576 0.0000e+00
    202.000    15.4911     0.1971    98.2184 1.0000e-12 3.0132e+00    201.068    15.4588    39.0045    28.9581 0.0000e+00
    203.000    15.4918     0.1941    98.2218 1.0000e-12 2.7303e+00    201.409    15.4593    39.0049    28.9583 0.0000e+00
    204.000    15.4924     0.1887    98.2070 1.0000e-12 3.1561e+00    201.117    15.4598    39.0052    28.9585 0.0000e+00
    205.000    15.4933     0.1881    98.2271 1.0000e-12 2.9582e+00    201.216    15.4606    39.0057    28.9587 0.0000e+00
    206.000    15.4942     0.1898    98.1956 1.0000e-12 2.2924e+00    201.303    15.4613    39.0063    28.9590 0.0000e+00
    207.000    15.4973     0.1903    98.2302 1.0000e-12 2.9942e+00    201.219    15.4642    39.0075    28.9593 0.0000e+00
    208.000    15.5030     0.1944    98.2222 -9.990e-29 2.5822e+00    201.244    15.4698    39.0103    28.9601 0.0000e+00
    209.000    15.5184     0.1918    98.2215 -9.990e-29 4.3157e+00    201.596    15.4849    39.0173    28.9620 0.0000e+00
    210.000    15.5330     0.1998    98.2239 -9.990e-29 3.0593e+00    202.553    15.4994    39.0231    28.9631 0.0000e+00
    211.000    15.5606     0.1944    98.2218 1.0000e-12 3.0560e+00    203.394    15.5268    39.0351    28.9661 0.0000e+00
    212.000    15.5809     0.1869    98.1971 1.0000e-12 2.9960e+00    204.147    15.5469    39.0418    28.9666 0.0000e+00
    213.000    15.5893     0.1925    98.1997 1.0000e-12 2.4872e+00    203.959    15.5551    39.0445    28.9668 0.0000e+00
    214.000    15.5929     0.1917    98.2163 1.0000e-12 1.5520e+00    204.254    15.5585    39.0466    28.9676 0.0000e+00
    215.000    15.5889     0.1880    98.2257 1.0000e-12 2.6067e+00    204.213    15.5543    39.0463    28.9683 0.0000e+00
    216.000    15.5859     0.1912    98.2354 -9.990e-29 2.4378e+00    204.454    15.5512    39.0456    28.9685 0.0000e+00
    217.000    15.5795     0.1966    98.1914 1.0000e-12 2.7611e+00    203.725    15.5447    39.0444    28.9691 0.0000e+00
    218.000    15.5736     0.1891    98.1860 1.0000e-12 3.1801e+00    203.330    15.5386    39.0433    28.9697 0.0000e+00
    219.000    15.5649     0.1893    98.2348 1.0000e-12 2.0100e+00    202.593    15.5298    39.0422    28.9708 0.0000e+00
    220.000    15.5585     0.1891    98.2236 -9.990e-29 2.7514e+00    202.164    15.5232    39.0415    28.9718 0.0000e+00
    221.000    15.5559     0.1909    98.2273 1.0000e-12 3.6645e+00    202.154    15.5205    39.0414    28.9724 0.0000e+00
    222.000    15.5561     0.1916    98.2293 1.0000e-12 2.7115e+00    202.420    15.5205    39.0415    28.9724 0.0000e+00
    223.000    15.5561     0.1866    98.2281 1.0000e-12 2.1455e+00    202.298    15.5204    39.0415    28.9725 0.0000e+00
    224.000    15.5541     0.1921    98.2395 1.0000e-12 2.8461e+00    202.151    15.5182    39.0413    28.9728 0.0000e+00
    225.000    15.5480     0.1905    98.2134 1.0000e-12 2.3568e+00    201.773    15.5120    39.0411    28.9741 0.0000e+00
    226.000    15.5470     0.1899    98.2186 1.0000e-12 3.3555e+00    202.486    15.5108    39.0414    28.9746 0.0000e+00
    227.000    15.5472     0.1917    98.1849 1.0000e-12 2.3741e+00    201.899    15.5108    39.0414    28.9746 0.0000e+00
    228.000    15.5473     0.1933    98.2330 1.0000e-12 3.2119e+00    201.792    15.5108    39.0415    28.9747 0.0000e+00
    229.000    15.5476     0.1914    98.2180 1.0000e-12 3.4152e+00    202.481    15.5109    39.0415    28.9746 0.0000e+00
    230.000    15.5477     0.1919    98.2183 1.0000e-12 2.3500e+00    202.392    15.5108    39.0416    28.9748 0.0000e+00
    231.000    15.5473     0.1889    98.2323 1.0000e-12 2.6444e+00    202.277    15.5103    39.0418    28.9751 0.0000e+00
    232.000    15.5458     0.1912    98.2068 -9.990e-29 2.5815e+00    202.366    15.5086    39.0421    28.9757 0.0000e+00
    233.000    15.5438     0.1883    98.2225 -9.990e-29 2.7203e+00    202.144    15.5064    39.0426    28.9766 0.0000e+00
    234.000    15.5273     0.1820    98.2208 -9.990e-29 2.7309e+00    201.120    15.4898    39.0408    28.9790 0.0000e+00
    235.000    15.5120     0.1835    98.2240 -9.990e-29 2.6886e+00    200.873    15.4744    39.0407    28.9825 0.0000e+00
    236.000    15.5067     0.1869    98.2078 -9.990e-29 2.5687e+00    200.869    15.4689    39.0404    28.9835 0.0000e+00
    237.000    15.5026     0.1857    98.2161 1.0000e-12 2.3738e+00    200.811    15.4647    39.0402    28.9843 0.0000e+00
    238.000    15.4984     0.1865    98.2276 1.0000e-12 2.9922e+00    200.772    15.4603    39.0399    28.9852 0.0000e+00
    239.000    15.4954     0.1887    98.2129 1.0000e-12 2.3208e+00    200.288    15.4572    39.0406    28.9864 0.0000e+00
    240.000    15.4931     0.1831    98.2250 -9.990e-29 2.1259e+00    199.721    15.4547    39.0408    28.9871 0.0000e+00
    241.000    15.4889     0.1835    98.2208 -9.990e-29 2.1457e+00    199.152    15.4504    39.0401    28.9876 0.0000e+00
    242.000    15.4838     0.1830    98.2104 -9.990e-29 3.3345e+00    199.027    15.4451    39.0394    28.9883 0.0000e+00
    243.000    15.4788     0.1795    98.2285 -9.990e-29 2.6698e+00    198.439    15.4400    39.0386    28.9888 0.0000e+00
    244.000    15.4763     0.1790    98.2262 -9.990e-29 2.1314e+00    198.900    15.4373    39.0389    28.9896 0.0000e+00
    245.000    15.4748     0.1820    98.1999 -9.990e-29 2.7658e+00    199.263    15.4357    39.0394    28.9904 0.0000e+00
    246.000    15.4728     0.1874    98.2279 -9.990e-29 2.3106e+00    199.132    15.4334    39.0393    28.9909 0.0000e+00
    247.000    15.4707     0.1884    98.2128 -9.990e-29 2.7712e+00    198.279    15.4312    39.0391    28.9913 0.0000e+00
    248.000    15.4637     0.1916    98.2158 -9.990e-29 1.6563e+00    197.763    15.4241    39.0380    28.9921 0.0000e+00
    249.000    15.4527     0.1876    98.2259 -9.990e-29 2.9432e+00    198.014    15.4129    39.0369    28.9938 0.0000e+00
    250.000    15.4431     0.1854    98.2216 -9.990e-29 2.9126e+00    198.611    15.4031    39.0371    28.9962 0.0000e+00
    251.000    15.4398     0.1868    98.2348 -9.990e-29 3.2860e+00    199.002    15.3997    39.0376    28.9973 0.0000e+00
    252.000    15.4384     0.1809    98.2406 1.0000e-12 3.7227e+00    198.619    15.3982    39.0376    28.9977 0.0000e+00
    253.000    15.4347     0.1839    98.2214 1.0000e-12 2.8275e+00    198.875    15.3943    39.0378    28.9987 0.0000e+00
    254.000    15.4272     0.1899    98.2320 1.0000e-12 2.6732e+00    199.072    15.3866    39.0377    29.0004 0.0000e+00
    255.000    15.4237     0.1843    98.2350 1.0000e-12 3.6391e+00    198.768    15.3831    39.0378    29.0014 0.0000e+00
    256.000    15.4224     0.1818    98.2270 1.0000e-12 2.2562e+00    198.848    15.3815    39.0377    29.0016 0.0000e+00
    257.000    15.4220     0.1842    98.2373 -9.990e-29 1.8717e+00    198.948    15.3810    39.0377    29.0018 0.0000e+00
    258.000    15.4218     0.1836    98.2225 1.0000e-12 3.0061e+00    199.587    15.3806    39.0377    29.0019 0.0000e+00
    259.000    15.4198     0.1817    98.2412 1.0000e-12 2.5663e+00    199.092    15.3785    39.0376    29.0022 0.0000e+00
    260.000    15.4189     0.1888    98.2306 1.0000e-12 2.9753e+00    199.030    15.3774    39.0376    29.0025 0.0000e+00
    261.000    15.4180     0.1901    98.2223 -9.990e-29 3.1822e+00    198.787    15.3764    39.0374    29.0026 0.0000e+00
    262.000    15.4151     0.1861    98.2412 1.0000e-12 3.5895e+00    198.317    15.3733    39.0373    29.0032 0.0000e+00
