Data/ruptures/PEACETIME/ION/PEACETIME_ION_CTD_045.cnv
* Sea-Bird SBE 9 Data File:
* FileName = C:\CTD\rawCTD\PEACETIME_ION_CTD_045.hdr
* Software Version Seasave V 7.23.2
* Temperature SN = 1378
* Conductivity SN = 2929
* Number of Bytes Per Scan = 38
* Number of Voltage Words = 5
* Number of Scans Averaged by the Deck Unit = 1
* NMEA Latitude = 35 29.35 N
* NMEA Longitude = 019 46.59 E
* NMEA UTC (Time) = May 27 2017  03:52:11
* NMEA baud rate = 4800
** Cruise:   PEACETIME
** Station:   ION_CTD_045
# nquan = 11
# nvalues = 3138                        
# units = specified
# name 0 = prDM: Pressure, Digiquartz [db]
# name 1 = t090C: Temperature [ITS-90, deg C]
# name 2 = flC: Fluorescence, Chelsea Aqua 3 Chl Con [ug/l]
# name 3 = CStarTr0: Beam Transmission, WET Labs C-Star [%]
# name 4 = par: PAR/Irradiance, Biospherical/Licor
# name 5 = spar: SPAR/Surface Irradiance
# name 6 = sbeox0Mm/Kg: Oxygen, SBE 43 [umol/kg]
# name 7 = potemp090C: Potential Temperature [ITS-90, deg C]
# name 8 = sal00: Salinity, Practical [PSU]
# name 9 = sigma-é00: Density [sigma-theta, kg/m^3]
# name 10 = flag:
# span 0 =      3.000,   3140.000       
# span 1 =    13.7805,    20.4935       
# span 2 =     0.1700,     0.3402       
# span 3 =    95.9982,    98.3869       
# span 4 = -1.804e-06, 3.3716e+01       
# span 5 = 1.0906e+02, 1.4782e+03       
# span 6 =    167.766,    230.518       
# span 7 =    13.4266,    20.4924       
# span 8 =    38.7332,    39.0484       
# span 9 =    27.6453,    29.1991       
# span 10 = 0.0000e+00, 0.0000e+00      
# interval = decibars: 1                
# start_time = May 27 2017 03:54:07 [NMEA time, first data scan]
# bad_flag = -9.990e-29
*END*
[from data line 1705]
   1708.000    13.7992     0.1823    98.3498 1.0000e-12 2.7588e+02    174.554    13.5344    38.7493    29.1883 0.0000e+00
   1709.000    13.7992     0.1837    98.3488 1.0000e-12 2.7523e+02    174.181    13.5343    38.7492    29.1883 0.0000e+00
   1710.000    13.7990     0.1851    98.3555 1.0000e-12 2.7559e+02    174.152    13.5340    38.7491    29.1883 0.0000e+00
   1711.000    13.7992     0.1832    98.3512 1.0000e-12 2.7047e+02    174.166    13.5340    38.7491    29.1883 0.0000e+00
   1712.000    13.7993     0.1955    98.3575 1.0000e-12 2.7231e+02    174.471    13.5339    38.7491    29.1883 0.0000e+00
   1713.000    13.7995     0.1934    98.3496 1.0000e-12 2.7390e+02    174.741    13.5339    38.7490    29.1882 0.0000e+00
   1714.000    13.7995     0.1927    98.3567 1.0000e-12 2.7226e+02    174.769    13.5337    38.7491    29.1884 0.0000e+00
   1715.000    13.7993     0.1924    98.3549 1.0000e-12 2.7259e+02    174.732    13.5334    38.7490    29.1883 0.0000e+00
   1716.000    13.7993     0.1865    98.3512 1.0000e-12 2.7712e+02    174.644    13.5333    38.7490    29.1884 0.0000e+00
   1717.000    13.7994     0.1858    98.3490 1.0000e-12 2.7755e+02    174.795    13.5332    38.7490    29.1884 0.0000e+00
   1718.000    13.7995     0.1861    98.3388 1.0000e-12 2.7314e+02    174.618    13.5331    38.7490    29.1884 0.0000e+00
   1719.000    13.7997     0.1824    98.3495 1.0000e-12 2.7197e+02    174.620    13.5331    38.7489    29.1883 0.0000e+00
   1720.000    13.7997     0.1845    98.3544 1.0000e-12 2.7452e+02    174.829    13.5330    38.7489    29.1884 0.0000e+00
   1721.000    13.7998     0.1910    98.3566 1.0000e-12 2.7108e+02    174.881    13.5329    38.7491    29.1885 0.0000e+00
   1722.000    13.7999     0.1910    98.3509 1.0000e-12 2.7277e+02    174.858    13.5329    38.7489    29.1884 0.0000e+00
   1723.000    13.8000     0.1899    98.3523 1.0000e-12 2.7212e+02    174.702    13.5329    38.7490    29.1885 0.0000e+00
   1724.000    13.8002     0.1938    98.3516 1.0000e-12 2.7316e+02    174.746    13.5329    38.7490    29.1885 0.0000e+00
   1725.000    13.8004     0.1922    98.3492 1.0000e-12 2.7401e+02    174.851    13.5328    38.7489    29.1884 0.0000e+00
   1726.000    13.8002     0.1894    98.3512 1.0000e-12 2.7041e+02    174.982    13.5325    38.7489    29.1884 0.0000e+00
   1727.000    13.8002     0.1924    98.3565 1.0000e-12 2.7071e+02    174.892    13.5324    38.7489    29.1885 0.0000e+00
   1728.000    13.8003     0.1860    98.3566 1.0000e-12 2.7307e+02    174.834    13.5323    38.7489    29.1885 0.0000e+00
   1729.000    13.8005     0.1863    98.3464 1.0000e-12 2.6937e+02    174.716    13.5323    38.7489    29.1885 0.0000e+00
   1730.000    13.8006     0.1869    98.3541 1.0000e-12 2.7148e+02    174.594    13.5323    38.7489    29.1885 0.0000e+00
   1731.000    13.8008     0.1897    98.3554 1.0000e-12 2.6955e+02    174.687    13.5323    38.7489    29.1885 0.0000e+00
   1732.000    13.8008     0.1863    98.3527 1.0000e-12 2.7145e+02    174.432    13.5322    38.7490    29.1886 0.0000e+00
   1733.000    13.8009     0.1862    98.3551 1.0000e-12 2.7289e+02    174.435    13.5321    38.7489    29.1885 0.0000e+00
   1734.000    13.8012     0.1882    98.3552 1.0000e-12 2.6906e+02    174.565    13.5322    38.7488    29.1885 0.0000e+00
   1735.000    13.8012     0.1872    98.3509 1.0000e-12 2.7259e+02    174.551    13.5321    38.7489    29.1886 0.0000e+00
   1736.000    13.8014     0.1905    98.3460 1.0000e-12 2.6902e+02    174.358    13.5321    38.7488    29.1885 0.0000e+00
   1737.000    13.8015     0.1886    98.3488 1.0000e-12 2.7448e+02    174.467    13.5320    38.7487    29.1884 0.0000e+00
   1738.000    13.8018     0.1848    98.3486 1.0000e-12 2.7143e+02    174.423    13.5321    38.7487    29.1884 0.0000e+00
   1739.000    13.8018     0.1842    98.3454 1.0000e-12 2.7023e+02    174.590    13.5320    38.7488    29.1885 0.0000e+00
   1740.000    13.8020     0.1811    98.3502 1.0000e-12 2.7409e+02    174.717    13.5320    38.7488    29.1885 0.0000e+00
   1741.000    13.8022     0.1876    98.3538 1.0000e-12 2.7307e+02    174.809    13.5320    38.7488    29.1884 0.0000e+00
   1742.000    13.8022     0.1931    98.3515 1.0000e-12 2.7337e+02    174.946    13.5319    38.7488    29.1885 0.0000e+00
   1743.000    13.8022     0.1892    98.3509 1.0000e-12 2.7239e+02    174.832    13.5318    38.7487    29.1885 0.0000e+00
   1744.000    13.8023     0.1838    98.3497 1.0000e-12 2.7353e+02    174.616    13.5316    38.7487    29.1885 0.0000e+00
   1745.000    13.8023     0.1838    98.3533 1.0000e-12 2.7022e+02    174.467    13.5315    38.7488    29.1886 0.0000e+00
   1746.000    13.8024     0.1863    98.3483 1.0000e-12 2.7258e+02    174.815    13.5314    38.7488    29.1886 0.0000e+00
   1747.000    13.8026     0.1865    98.3471 1.0000e-12 2.6881e+02    175.036    13.5315    38.7487    29.1885 0.0000e+00
   1748.000    13.8026     0.1855    98.3470 1.0000e-12 2.7607e+02    174.976    13.5313    38.7488    29.1886 0.0000e+00
   1749.000    13.8026     0.1891    98.3542 1.0000e-12 2.7112e+02    174.690    13.5311    38.7487    29.1886 0.0000e+00
   1750.000    13.8026     0.1848    98.3544 1.0000e-12 2.7314e+02    174.692    13.5310    38.7486    29.1885 0.0000e+00
   1751.000    13.8028     0.1831    98.3512 1.0000e-12 2.7200e+02    174.720    13.5310    38.7487    29.1886 0.0000e+00
   1752.000    13.8029     0.1833    98.3493 1.0000e-12 2.7534e+02    174.594    13.5309    38.7486    29.1886 0.0000e+00
   1753.000    13.8029     0.1801    98.3495 1.0000e-12 2.7610e+02    174.911    13.5307    38.7487    29.1887 0.0000e+00
   1754.000    13.8030     0.1803    98.3515 1.0000e-12 2.7294e+02    175.221    13.5307    38.7486    29.1886 0.0000e+00
   1755.000    13.8030     0.1780    98.3543 1.0000e-12 2.7396e+02    174.932    13.5306    38.7485    29.1886 0.0000e+00
   1756.000    13.8031     0.1832    98.3544 1.0000e-12 2.7296e+02    174.632    13.5305    38.7487    29.1887 0.0000e+00
   1757.000    13.8032     0.1856    98.3522 1.0000e-12 2.7233e+02    174.466    13.5304    38.7487    29.1888 0.0000e+00
   1758.000    13.8031     0.1848    98.3585 -9.990e-29 2.7640e+02    174.615    13.5302    38.7488    29.1888 0.0000e+00
   1759.000    13.8029     0.1834    98.3515 -9.990e-29 2.6857e+02    174.832    13.5298    38.7486    29.1888 0.0000e+00
   1760.000    13.8028     0.1862    98.3517 -9.990e-29 2.7311e+02    174.840    13.5296    38.7485    29.1888 0.0000e+00
   1761.000    13.8028     0.1895    98.3480 1.0000e-12 2.7252e+02    174.643    13.5294    38.7485    29.1888 0.0000e+00
   1762.000    13.8030     0.1890    98.3501 1.0000e-12 2.7396e+02    174.570    13.5294    38.7485    29.1888 0.0000e+00
   1763.000    13.8032     0.1877    98.3498 1.0000e-12 2.7494e+02    174.894    13.5295    38.7484    29.1887 0.0000e+00
   1764.000    13.8033     0.1889    98.3537 1.0000e-12 2.7423e+02    175.049    13.5294    38.7485    29.1888 0.0000e+00
   1765.000    13.8034     0.1860    98.3517 1.0000e-12 2.7100e+02    175.056    13.5293    38.7485    29.1888 0.0000e+00
   1766.000    13.8035     0.1889    98.3547 1.0000e-12 2.7448e+02    175.137    13.5293    38.7485    29.1888 0.0000e+00
   1767.000    13.8038     0.1871    98.3503 1.0000e-12 2.7520e+02    174.976    13.5293    38.7485    29.1888 0.0000e+00
   1768.000    13.8038     0.1870    98.3527 1.0000e-12 2.7078e+02    174.971    13.5293    38.7485    29.1889 0.0000e+00
   1769.000    13.8041     0.1802    98.3483 1.0000e-12 2.7520e+02    175.083    13.5293    38.7486    29.1889 0.0000e+00
   1770.000    13.8043     0.1848    98.3531 1.0000e-12 2.7233e+02    174.982    13.5294    38.7485    29.1888 0.0000e+00
   1771.000    13.8043     0.1896    98.3475 1.0000e-12 2.7521e+02    174.839    13.5292    38.7485    29.1889 0.0000e+00
   1772.000    13.8043     0.1845    98.3503 1.0000e-12 2.7545e+02    174.872    13.5291    38.7484    29.1888 0.0000e+00
   1773.000    13.8043     0.1885    98.3526 1.0000e-12 2.7269e+02    174.832    13.5289    38.7485    29.1889 0.0000e+00
   1774.000    13.8044     0.1839    98.3602 -9.990e-29 2.7479e+02    175.100    13.5289    38.7485    29.1889 0.0000e+00
   1775.000    13.8046     0.1824    98.3474 -9.990e-29 2.7479e+02    174.944    13.5288    38.7485    29.1889 0.0000e+00
   1776.000    13.8046     0.1893    98.3553 -9.990e-29 2.7632e+02    174.901    13.5287    38.7485    29.1889 0.0000e+00
   1777.000    13.8046     0.1923    98.3557 -9.990e-29 2.7473e+02    175.072    13.5285    38.7484    29.1889 0.0000e+00
   1778.000    13.8047     0.1857    98.3588 1.0000e-12 2.7580e+02    174.606    13.5285    38.7484    29.1889 0.0000e+00
   1779.000    13.8047     0.1878    98.3571 1.0000e-12 2.7885e+02    174.575    13.5283    38.7484    29.1890 0.0000e+00
   1780.000    13.8048     0.1884    98.3548 1.0000e-12 2.7424e+02    174.599    13.5283    38.7483    29.1889 0.0000e+00
   1781.000    13.8048     0.1855    98.3514 1.0000e-12 2.7511e+02    174.671    13.5281    38.7485    29.1891 0.0000e+00
   1782.000    13.8048     0.1812    98.3501 1.0000e-12 2.7711e+02    174.812    13.5280    38.7484    29.1890 0.0000e+00
   1783.000    13.8049     0.1778    98.3604 1.0000e-12 2.7625e+02    174.863    13.5278    38.7485    29.1891 0.0000e+00
   1784.000    13.8051     0.1857    98.3546 1.0000e-12 2.7806e+02    174.669    13.5279    38.7483    29.1890 0.0000e+00
   1785.000    13.8052     0.1921    98.3489 1.0000e-12 2.7630e+02    174.615    13.5278    38.7483    29.1890 0.0000e+00
   1786.000    13.8050     0.1878    98.3526 1.0000e-12 2.7839e+02    174.938    13.5275    38.7483    29.1891 0.0000e+00
   1787.000    13.8048     0.1839    98.3537 1.0000e-12 2.7983e+02    174.971    13.5271    38.7483    29.1891 0.0000e+00
   1788.000    13.8048     0.1814    98.3560 1.0000e-12 2.7736e+02    174.973    13.5270    38.7482    29.1891 0.0000e+00
   1789.000    13.8048     0.1820    98.3596 1.0000e-12 2.7474e+02    174.917    13.5268    38.7481    29.1891 0.0000e+00
   1790.000    13.8049     0.1841    98.3478 1.0000e-12 2.7557e+02    174.793    13.5267    38.7483    29.1892 0.0000e+00
   1791.000    13.8050     0.1854    98.3605 1.0000e-12 2.7726e+02    175.051    13.5267    38.7482    29.1892 0.0000e+00
   1792.000    13.8052     0.1860    98.3466 1.0000e-12 2.7470e+02    175.087    13.5267    38.7482    29.1891 0.0000e+00
   1793.000    13.8054     0.1884    98.3544 1.0000e-12 2.7822e+02    175.107    13.5267    38.7481    29.1891 0.0000e+00
   1794.000    13.8056     0.1856    98.3560 1.0000e-12 2.7642e+02    175.305    13.5267    38.7482    29.1891 0.0000e+00
   1795.000    13.8058     0.1813    98.3613 1.0000e-12 2.7913e+02    175.087    13.5268    38.7483    29.1892 0.0000e+00
   1796.000    13.8060     0.1858    98.3482 1.0000e-12 2.7866e+02    174.991    13.5268    38.7482    29.1891 0.0000e+00
   1797.000    13.8062     0.1920    98.3520 1.0000e-12 2.7682e+02    174.856    13.5268    38.7482    29.1891 0.0000e+00
   1798.000    13.8063     0.1895    98.3577 1.0000e-12 2.8090e+02    174.782    13.5268    38.7482    29.1891 0.0000e+00
   1799.000    13.8062     0.1874    98.3508 1.0000e-12 2.7639e+02    174.985    13.5266    38.7483    29.1892 0.0000e+00
   1800.000    13.8062     0.1841    98.3566 1.0000e-12 2.7985e+02    175.098    13.5263    38.7480    29.1891 0.0000e+00
   1801.000    13.8059     0.1822    98.3465 1.0000e-12 2.7965e+02    175.476    13.5259    38.7480    29.1891 0.0000e+00
   1802.000    13.8056     0.1808    98.3514 1.0000e-12 2.7483e+02    175.316    13.5255    38.7480    29.1893 0.0000e+00
   1803.000    13.8058     0.1807    98.3578 1.0000e-12 2.7918e+02    175.144    13.5255    38.7479    29.1892 0.0000e+00
   1804.000    13.8057     0.1839    98.3538 1.0000e-12 2.8263e+02    175.011    13.5252    38.7480    29.1893 0.0000e+00
   1805.000    13.8057     0.1895    98.3544 1.0000e-12 2.8150e+02    174.804    13.5251    38.7479    29.1893 0.0000e+00
   1806.000    13.8058     0.1872    98.3561 2.2234e-06 2.8161e+02    174.895    13.5250    38.7479    29.1893 0.0000e+00
   1807.000    13.8060     0.1884    98.3629 -1.618e-08 2.7660e+02    174.832    13.5250    38.7479    29.1893 0.0000e+00
   1808.000    13.8060     0.1868    98.3572 1.0000e-12 2.7739e+02    174.775    13.5248    38.7479    29.1893 0.0000e+00
   1809.000    13.8061     0.1880    98.3636 1.0000e-12 2.7512e+02    174.901    13.5248    38.7479    29.1893 0.0000e+00
   1810.000    13.8061     0.1881    98.3470 1.0000e-12 2.7820e+02    175.113    13.5247    38.7480    29.1894 0.0000e+00
   1811.000    13.8065     0.1876    98.3556 -9.990e-29 2.8352e+02    175.033    13.5248    38.7479    29.1893 0.0000e+00
   1812.000    13.8070     0.1844    98.3576 -9.990e-29 2.7638e+02    175.010    13.5252    38.7480    29.1893 0.0000e+00
   1813.000    13.8073     0.1852    98.3522 -9.990e-29 2.8186e+02    174.998    13.5253    38.7482    29.1895 0.0000e+00
   1814.000    13.8075     0.1847    98.3577 1.0000e-12 2.8053e+02    174.869    13.5254    38.7483    29.1895 0.0000e+00
   1815.000    13.8076     0.1875    98.3555 1.0000e-12 2.8202e+02    175.075    13.5253    38.7483    29.1896 0.0000e+00
   1816.000    13.8078     0.1813    98.3534 1.0000e-12 2.8458e+02    174.915    13.5253    38.7483    29.1895 0.0000e+00
   1817.000    13.8079     0.1835    98.3566 1.0000e-12 2.8372e+02    174.711    13.5253    38.7482    29.1895 0.0000e+00
   1818.000    13.8080     0.1932    98.3556 1.0000e-12 2.8211e+02    175.016    13.5252    38.7484    29.1896 0.0000e+00
   1819.000    13.8082     0.1960    98.3571 1.0000e-12 2.8284e+02    174.989    13.5253    38.7482    29.1894 0.0000e+00
   1820.000    13.8083     0.1945    98.3639 1.0000e-12 2.8088e+02    175.046    13.5252    38.7483    29.1896 0.0000e+00
   1821.000    13.8083     0.1961    98.3524 1.0000e-12 2.7651e+02    175.135    13.5251    38.7483    29.1895 0.0000e+00
   1822.000    13.8083     0.1881    98.3571 1.0000e-12 2.8551e+02    175.402    13.5248    38.7482    29.1895 0.0000e+00
   1823.000    13.8083     0.1762    98.3561 1.0000e-12 2.8423e+02    175.276    13.5247    38.7482    29.1895 0.0000e+00
   1824.000    13.8084     0.1757    98.3534 1.0000e-12 2.8352e+02    175.149    13.5247    38.7481    29.1895 0.0000e+00
   1825.000    13.8085     0.1798    98.3582 1.0000e-12 2.8460e+02    175.293    13.5245    38.7482    29.1896 0.0000e+00
   1826.000    13.8085     0.1794    98.3550 1.0000e-12 2.8676e+02    174.979    13.5244    38.7480    29.1895 0.0000e+00
   1827.000    13.8085     0.1797    98.3566 1.0000e-12 2.8880e+02    174.896    13.5242    38.7480    29.1895 0.0000e+00
   1828.000    13.8087     0.1838    98.3516 1.0000e-12 2.8582e+02    174.817    13.5243    38.7480    29.1895 0.0000e+00
   1829.000    13.8085     0.1836    98.3593 1.0000e-12 2.8248e+02    174.823    13.5239    38.7480    29.1896 0.0000e+00
   1830.000    13.8087     0.1917    98.3546 1.0000e-12 2.8190e+02    175.095    13.5239    38.7480    29.1896 0.0000e+00
   1831.000    13.8088     0.1839    98.3561 1.0000e-12 2.8362e+02    175.084    13.5239    38.7480    29.1896 0.0000e+00
   1832.000    13.8088     0.1855    98.3607 1.0000e-12 2.8575e+02    175.142    13.5237    38.7479    29.1895 0.0000e+00
   1833.000    13.8086     0.1883    98.3533 1.0000e-12 2.7911e+02    175.246    13.5234    38.7480    29.1897 0.0000e+00
   1834.000    13.8085     0.1864    98.3594 1.0000e-12 2.8071e+02    175.260    13.5231    38.7478    29.1896 0.0000e+00
   1835.000    13.8084     0.1826    98.3517 1.0000e-12 2.8127e+02    175.116    13.5229    38.7478    29.1897 0.0000e+00
   1836.000    13.8084     0.1817    98.3590 1.0000e-12 2.9188e+02    175.377    13.5226    38.7478    29.1897 0.0000e+00
   1837.000    13.8084     0.1829    98.3584 1.0000e-12 2.8182e+02    175.475    13.5225    38.7477    29.1896 0.0000e+00
   1838.000    13.8083     0.1796    98.3613 1.0000e-12 2.8447e+02    175.122    13.5223    38.7477    29.1897 0.0000e+00
