Data/ruptures/PEACETIME/ION/PEACETIME_ION_CTD_037.cnv
* Sea-Bird SBE 9 Data File:
* FileName = C:\CTD\rawCTD\PEACETIME_ION_CTD_037.hdr
* Software Version Seasave V 7.23.2
* Temperature SN = 1378
* Conductivity SN = 2929
* Number of Bytes Per Scan = 34
* Number of Voltage Words = 5
* Number of Scans Averaged by the Deck Unit = 1
* NMEA Latitude = 35 29.35 N
* NMEA Longitude = 019 46.57 E
* NMEA UTC (Time) = May 25 2017  05:37:22
* NMEA baud rate = 4800
** Cruise:   PEACETIME
** Station:   ION_CTD_037
# nquan = 11
# nvalues = 3045                        
# units = specified
# name 0 = prDM: Pressure, Digiquartz [db]
# name 1 = t090C: Temperature [ITS-90, deg C]
# name 2 = flC: Fluorescence, Chelsea Aqua 3 Chl Con [ug/l]
# name 3 = CStarTr0: Beam Transmission, WET Labs C-Star [%]
# name 4 = par: PAR/Irradiance, Biospherical/Licor
# name 5 = spar: SPAR/Surface Irradiance
# name 6 = sbeox0Mm/Kg: Oxygen, SBE 43 [umol/kg]
# name 7 = potemp090C: Potential Temperature [ITS-90, deg C]
# name 8 = sal00: Salinity, Practical [PSU]
# name 9 = sigma-é00: Density [sigma-theta, kg/m^3]
# name 10 = flag:
# span 0 =      3.000,   3047.000       
# span 1 =    13.7775,    20.1897       
# span 2 =     0.1695,     0.3301       
# span 3 =    96.6389,    98.4932       
# span 4 = -6.750e-07, 3.0175e+02       
# span 5 = 1.0632e+03, 2.2301e+03       
# span 6 =    167.977,    229.812       
# span 7 =    13.4287,    20.1889       
# span 8 =    38.7333,    39.0599       
# span 9 =    27.7690,    29.1986       
# span 10 = 0.0000e+00, 0.0000e+00      
# interval = decibars: 1                
# start_time = May 25 2017 05:37:22 [NMEA time, header]
# bad_flag = -9.990e-29
*END*
[from data line 132]
    135.000    15.8555     0.2098    98.0565 2.9559e-01 1.2763e+03    208.499    15.8336    39.0470    28.9037 0.0000e+00
    136.000    15.8707     0.2426    98.0718 2.8465e-01 1.2779e+03    208.542    15.8487    39.0551    28.9064 0.0000e+00
    137.000    15.8799     0.2269    98.0833 2.7630e-01 1.2724e+03    208.726    15.8577    39.0589    28.9073 0.0000e+00
    138.000    15.8818     0.2127    98.0781 2.6603e-01 1.2670e+03    208.450    15.8594    39.0599    28.9076 0.0000e+00
    139.000    15.8810     0.2092    98.1239 2.5427e-01 1.2616e+03    208.326    15.8585    39.0597    28.9076 0.0000e+00
    140.000    15.8680     0.2055    98.1371 2.4310e-01 1.2645e+03    208.344    15.8453    39.0558    28.9078 0.0000e+00
    141.000    15.8281     0.2073    98.1458 2.3329e-01 1.2604e+03    208.755    15.8053    39.0462    28.9097 0.0000e+00
    142.000    15.8126     0.2034    98.1506 2.2559e-01 1.2563e+03    208.830    15.7897    39.0437    28.9115 0.0000e+00
    143.000    15.8095     0.2049    98.1874 2.1424e-01 1.2556e+03    208.277    15.7864    39.0430    28.9117 0.0000e+00
    144.000    15.7954     0.2126    98.1786 2.0730e-01 1.2503e+03    208.524    15.7722    39.0389    28.9119 0.0000e+00
    145.000    15.7712     0.2001    98.1840 2.0078e-01 1.2508e+03    208.691    15.7478    39.0343    28.9140 0.0000e+00
    146.000    15.7597     0.1949    98.2136 1.9307e-01 1.2438e+03    208.161    15.7362    39.0309    28.9141 0.0000e+00
    147.000    15.7387     0.1996    98.2013 1.8727e-01 1.2358e+03    207.606    15.7150    39.0262    28.9154 0.0000e+00
    148.000    15.7255     0.1986    98.1469 1.7832e-01 1.2318e+03    207.618    15.7016    39.0235    28.9165 0.0000e+00
    149.000    15.7228     0.1967    98.1974 1.7335e-01 1.2278e+03    207.123    15.6988    39.0230    28.9167 0.0000e+00
    150.000    15.7233     0.1946    98.2189 1.6775e-01 1.2234e+03    207.279    15.6991    39.0233    28.9169 0.0000e+00
    151.000    15.7188     0.1899    98.2251 1.6105e-01 1.2136e+03    207.865    15.6944    39.0224    28.9173 0.0000e+00
    152.000    15.7127     0.1870    98.2062 1.5554e-01 1.2110e+03    207.363    15.6882    39.0207    28.9174 0.0000e+00
    153.000    15.6930     0.1856    98.2116 1.4896e-01 1.2152e+03    207.213    15.6683    39.0162    28.9186 0.0000e+00
    154.000    15.6665     0.1930    98.2270 1.4363e-01 1.2078e+03    207.143    15.6418    39.0115    28.9212 0.0000e+00
    155.000    15.6624     0.1926    98.2051 1.3925e-01 1.2000e+03    206.668    15.6375    39.0110    28.9217 0.0000e+00
    156.000    15.6698     0.1883    98.2281 1.3437e-01 1.1938e+03    206.076    15.6447    39.0152    28.9233 0.0000e+00
    157.000    15.6733     0.1851    98.1917 1.2935e-01 1.1912e+03    205.621    15.6480    39.0165    28.9235 0.0000e+00
    158.000    15.6763     0.1852    98.2221 1.2422e-01 1.1779e+03    205.721    15.6509    39.0180    28.9240 0.0000e+00
    159.000    15.6818     0.1845    98.2212 1.1932e-01 1.1736e+03    205.502    15.6562    39.0202    28.9245 0.0000e+00
    160.000    15.6816     0.1876    98.2025 1.1652e-01 1.1715e+03    205.722    15.6559    39.0201    28.9245 0.0000e+00
    161.000    15.6810     0.1871    98.2039 1.1148e-01 1.1653e+03    205.397    15.6551    39.0202    28.9247 0.0000e+00
    162.000    15.6836     0.1930    98.2039 1.0811e-01 1.1574e+03    205.637    15.6575    39.0213    28.9250 0.0000e+00
    163.000    15.6902     0.1891    98.1775 1.0316e-01 1.1548e+03    206.271    15.6639    39.0242    28.9258 0.0000e+00
    164.000    15.6966     0.1892    98.1916 1.0042e-01 1.1527e+03    206.398    15.6702    39.0270    28.9265 0.0000e+00
    165.000    15.6971     0.1982    98.1971 9.6359e-02 1.1468e+03    206.532    15.6706    39.0282    28.9273 0.0000e+00
    166.000    15.6844     0.1933    98.2183 9.3918e-02 1.1415e+03    205.765    15.6576    39.0261    28.9287 0.0000e+00
    167.000    15.6729     0.1877    98.2049 9.0231e-02 1.1401e+03    204.531    15.6461    39.0241    28.9299 0.0000e+00
    168.000    15.6579     0.1936    98.2173 8.5578e-02 1.1370e+03    204.447    15.6308    39.0214    28.9313 0.0000e+00
    169.000    15.6444     0.1929    98.2018 8.4753e-02 1.1318e+03    204.518    15.6172    39.0190    28.9327 0.0000e+00
    170.000    15.6365     0.1966    98.2078 8.0997e-02 1.1379e+03    205.292    15.6092    39.0182    28.9339 0.0000e+00
    171.000    15.6327     0.1960    98.2135 7.5850e-02 1.1377e+03    205.706    15.6052    39.0178    28.9345 0.0000e+00
    172.000    15.6286     0.1937    98.2203 7.4349e-02 1.1331e+03    205.118    15.6010    39.0175    28.9352 0.0000e+00
    173.000    15.6254     0.1919    98.2135 7.2186e-02 1.1315e+03    204.566    15.5976    39.0170    28.9357 0.0000e+00
    174.000    15.6193     0.1872    98.1835 6.8569e-02 1.1343e+03    204.144    15.5914    39.0164    28.9366 0.0000e+00
    175.000    15.6152     0.1903    98.2067 6.5794e-02 1.1286e+03    204.072    15.5871    39.0171    28.9382 0.0000e+00
    176.000    15.6145     0.1955    98.2165 6.3307e-02 1.1358e+03    203.976    15.5863    39.0183    28.9393 0.0000e+00
    177.000    15.6150     0.1929    98.2365 5.9438e-02 1.1371e+03    203.908    15.5866    39.0184    28.9393 0.0000e+00
    178.000    15.6212     0.1949    98.2224 5.7818e-02 1.1381e+03    204.161    15.5927    39.0213    28.9401 0.0000e+00
    179.000    15.6542     0.1950    98.2222 5.3175e-02 1.1361e+03    204.039    15.6254    39.0347    28.9428 0.0000e+00
    180.000    15.6551     0.1929    98.2080 5.2077e-02 1.1395e+03    203.762    15.6262    39.0355    28.9433 0.0000e+00
    181.000    15.6511     0.1876    98.2025 4.9045e-02 1.1360e+03    203.100    15.6220    39.0358    28.9445 0.0000e+00
    182.000    15.6487     0.1897    98.2000 4.7207e-02 1.1412e+03    202.637    15.6194    39.0363    28.9455 0.0000e+00
    183.000    15.6468     0.1895    98.2005 4.4672e-02 1.1429e+03    202.407    15.6173    39.0361    28.9458 0.0000e+00
    184.000    15.6444     0.1944    98.1845 4.4569e-02 1.1355e+03    202.757    15.6148    39.0360    28.9463 0.0000e+00
    185.000    15.6419     0.1985    98.2059 4.2519e-02 1.1394e+03    202.451    15.6121    39.0360    28.9470 0.0000e+00
    186.000    15.6400     0.1926    98.2029 4.0277e-02 1.1383e+03    202.748    15.6101    39.0359    28.9474 0.0000e+00
    187.000    15.6361     0.1923    98.1971 4.0059e-02 1.1415e+03    202.641    15.6061    39.0355    28.9479 0.0000e+00
    188.000    15.6335     0.1949    98.1948 3.6466e-02 1.1425e+03    202.459    15.6033    39.0351    28.9483 0.0000e+00
    189.000    15.6242     0.1899    98.1755 3.5216e-02 1.1396e+03    201.997    15.5938    39.0331    28.9489 0.0000e+00
    190.000    15.6092     0.1919    98.1853 3.2929e-02 1.1443e+03    201.733    15.5787    39.0303    28.9503 0.0000e+00
    191.000    15.6025     0.1884    98.2228 3.2305e-02 1.1422e+03    201.889    15.5718    39.0292    28.9510 0.0000e+00
    192.000    15.6002     0.1908    98.2229 3.1419e-02 1.1397e+03    201.607    15.5694    39.0286    28.9512 0.0000e+00
    193.000    15.5971     0.1832    98.2212 2.9882e-02 1.1400e+03    201.517    15.5661    39.0279    28.9514 0.0000e+00
    194.000    15.5926     0.1860    98.1985 2.7502e-02 1.1385e+03    201.865    15.5615    39.0271    28.9518 0.0000e+00
    195.000    15.5882     0.1849    98.1806 2.9307e-02 1.1412e+03    202.251    15.5569    39.0260    28.9521 0.0000e+00
    196.000    15.5842     0.1848    98.1967 2.6376e-02 1.1382e+03    202.219    15.5527    39.0253    28.9525 0.0000e+00
    197.000    15.5805     0.1878    98.1790 2.6779e-02 1.1408e+03    201.982    15.5489    39.0246    28.9528 0.0000e+00
    198.000    15.5752     0.1928    98.2384 2.6073e-02 1.1401e+03    201.772    15.5434    39.0236    28.9533 0.0000e+00
    199.000    15.5677     0.1946    98.2009 2.4877e-02 1.1449e+03    201.490    15.5358    39.0221    28.9539 0.0000e+00
    200.000    15.5606     0.1903    98.2010 2.5734e-02 1.1456e+03    201.783    15.5285    39.0208    28.9546 0.0000e+00
    201.000    15.5518     0.1893    98.2241 2.3474e-02 1.1462e+03    201.095    15.5196    39.0193    28.9555 0.0000e+00
    202.000    15.5439     0.1910    98.2338 2.0085e-02 1.1502e+03    201.166    15.5116    39.0183    28.9566 0.0000e+00
    203.000    15.5357     0.1973    98.1836 2.1514e-02 1.1448e+03    201.042    15.5032    39.0169    28.9575 0.0000e+00
    204.000    15.5296     0.1953    98.2348 2.1382e-02 1.1527e+03    201.207    15.4970    39.0159    28.9582 0.0000e+00
    205.000    15.5228     0.1932    98.2182 1.8746e-02 1.1489e+03    201.166    15.4900    39.0142    28.9584 0.0000e+00
    206.000    15.5088     0.1887    98.2377 1.8149e-02 1.1524e+03    201.051    15.4758    39.0109    28.9592 0.0000e+00
    207.000    15.5048     0.1953    98.2250 1.8049e-02 1.1500e+03    201.065    15.4718    39.0106    28.9599 0.0000e+00
    208.000    15.5050     0.1947    98.2246 1.6891e-02 1.1535e+03    200.933    15.4717    39.0111    28.9603 0.0000e+00
    209.000    15.5076     0.1905    98.2279 1.5253e-02 1.1487e+03    200.440    15.4742    39.0135    28.9616 0.0000e+00
    210.000    15.5140     0.1903    98.2251 1.2301e-02 1.1499e+03    200.966    15.4804    39.0174    28.9631 0.0000e+00
    211.000    15.5157     0.1888    98.2274 9.8646e-03 1.1486e+03    200.729    15.4820    39.0183    28.9635 0.0000e+00
    212.000    15.5169     0.1907    98.2049 1.0903e-02 1.1473e+03    200.798    15.4830    39.0194    28.9641 0.0000e+00
    213.000    15.5182     0.1918    98.1844 1.1043e-02 1.1484e+03    201.266    15.4841    39.0203    28.9645 0.0000e+00
    214.000    15.5206     0.1902    98.1992 1.0827e-02 1.1466e+03    201.578    15.4863    39.0216    28.9650 0.0000e+00
    215.000    15.5241     0.1896    98.2190 1.0019e-02 1.1468e+03    201.744    15.4897    39.0233    28.9656 0.0000e+00
    216.000    15.5344     0.1890    98.2107 9.9783e-03 1.1414e+03    201.821    15.4998    39.0280    28.9668 0.0000e+00
    217.000    15.5486     0.1898    98.2466 7.9840e-03 1.1456e+03    202.589    15.5138    39.0336    28.9679 0.0000e+00
    218.000    15.5611     0.1823    98.2540 7.1114e-03 1.1426e+03    203.084    15.5261    39.0385    28.9688 0.0000e+00
    219.000    15.5759     0.1872    98.2433 8.2317e-03 1.1444e+03    204.059    15.5407    39.0446    28.9702 0.0000e+00
    220.000    15.5793     0.1881    98.2395 7.7859e-03 1.1427e+03    204.291    15.5440    39.0459    28.9704 0.0000e+00
    221.000    15.5758     0.1855    98.2358 5.5299e-03 1.1476e+03    203.469    15.5404    39.0458    28.9712 0.0000e+00
    222.000    15.5696     0.1816    98.2423 4.0356e-03 1.1475e+03    203.180    15.5340    39.0450    28.9720 0.0000e+00
    223.000    15.5589     0.1857    98.2327 6.4306e-03 1.1477e+03    202.812    15.5231    39.0442    28.9739 0.0000e+00
    224.000    15.5558     0.1889    98.2405 3.1985e-03 1.1509e+03    202.151    15.5198    39.0441    28.9746 0.0000e+00
    225.000    15.5530     0.1842    98.2349 2.3782e-03 1.1528e+03    202.541    15.5169    39.0441    28.9753 0.0000e+00
    226.000    15.5490     0.1844    98.2480 2.7819e-03 1.1480e+03    202.359    15.5127    39.0439    28.9760 0.0000e+00
    227.000    15.5413     0.1817    98.2385 2.7820e-03 1.1551e+03    201.941    15.5049    39.0427    28.9770 0.0000e+00
    228.000    15.5347     0.1837    98.2283 1.3327e-03 1.1595e+03    201.463    15.4982    39.0417    28.9778 0.0000e+00
    229.000    15.5315     0.1874    98.2329 2.7097e-03 1.1614e+03    201.179    15.4949    39.0415    28.9784 0.0000e+00
    230.000    15.5305     0.1987    98.2347 2.2564e-03 1.1613e+03    201.225    15.4937    39.0413    28.9785 0.0000e+00
    231.000    15.5299     0.1955    98.2337 7.5555e-04 1.1631e+03    200.698    15.4929    39.0412    28.9786 0.0000e+00
    232.000    15.5288     0.1891    98.2318 6.1310e-04 1.1678e+03    200.615    15.4916    39.0411    28.9788 0.0000e+00
    233.000    15.5268     0.1898    98.2405 4.7591e-04 1.1669e+03    201.110    15.4895    39.0408    28.9791 0.0000e+00
    234.000    15.5221     0.1833    98.1881 2.5711e-04 1.1734e+03    201.050    15.4847    39.0404    28.9799 0.0000e+00
    235.000    15.5122     0.1838    98.2346 3.6957e-04 1.1736e+03    200.544    15.4746    39.0395    28.9815 0.0000e+00
    236.000    15.5046     0.1866    98.2404 8.3848e-05 1.1768e+03    199.825    15.4668    39.0389    28.9828 0.0000e+00
    237.000    15.4992     0.1846    98.2480 1.8740e-04 1.1741e+03    199.535    15.4613    39.0390    28.9842 0.0000e+00
    238.000    15.4940     0.1880    98.2414 4.9841e-05 1.1793e+03    200.231    15.4559    39.0388    28.9853 0.0000e+00
    239.000    15.4925     0.1875    98.2432 5.6637e-07 1.1756e+03    200.229    15.4542    39.0388    28.9857 0.0000e+00
    240.000    15.4913     0.1797    98.2462 1.0000e-12 1.1798e+03    200.259    15.4529    39.0390    28.9861 0.0000e+00
    241.000    15.4906     0.1794    98.2316 1.0000e-12 1.1770e+03    200.177    15.4520    39.0391    28.9864 0.0000e+00
    242.000    15.4903     0.1856    98.2434 1.0000e-12 1.1784e+03    200.379    15.4516    39.0392    28.9866 0.0000e+00
    243.000    15.4893     0.1861    98.2501 2.2984e-04 1.1781e+03    199.807    15.4505    39.0392    28.9869 0.0000e+00
    244.000    15.4858     0.1887    98.2434 1.8572e-06 1.1793e+03    199.340    15.4467    39.0388    28.9874 0.0000e+00
    245.000    15.4813     0.1884    98.2414 5.9709e-05 1.1804e+03    199.030    15.4421    39.0390    28.9887 0.0000e+00
    246.000    15.4765     0.1845    98.2340 1.7920e-07 1.1790e+03    198.313    15.4371    39.0391    28.9899 0.0000e+00
    247.000    15.4736     0.1836    98.2271 1.0695e-05 1.1767e+03    197.752    15.4341    39.0394    28.9908 0.0000e+00
    248.000    15.4687     0.1847    98.1982 2.1806e-06 1.1783e+03    198.150    15.4290    39.0391    28.9918 0.0000e+00
    249.000    15.4629     0.1868    98.2263 1.8574e-08 1.1769e+03    198.582    15.4231    39.0385    28.9926 0.0000e+00
    250.000    15.4594     0.1855    98.2404 1.4502e-05 1.1783e+03    198.791    15.4194    39.0380    28.9931 0.0000e+00
    251.000    15.4564     0.1839    98.2395 -9.990e-29 1.1794e+03    198.641    15.4163    39.0374    28.9934 0.0000e+00
    252.000    15.4537     0.1821    98.2395 -9.990e-29 1.1776e+03    197.981    15.4135    39.0374    28.9940 0.0000e+00
    253.000    15.4512     0.1873    98.2395 -9.990e-29 1.1734e+03    197.685    15.4108    39.0375    28.9948 0.0000e+00
    254.000    15.4472     0.1915    98.2305 1.0000e-12 1.1793e+03    198.099    15.4066    39.0373    28.9956 0.0000e+00
    255.000    15.4404     0.1905    98.2514 1.0000e-12 1.1755e+03    198.662    15.3997    39.0376    28.9974 0.0000e+00
    256.000    15.4361     0.1972    98.2204 1.0000e-12 1.1779e+03    199.563    15.3952    39.0383    28.9990 0.0000e+00
    257.000    15.4349     0.1952    98.2432 1.0000e-12 1.1755e+03    199.751    15.3939    39.0390    28.9998 0.0000e+00
    258.000    15.4319     0.1801    98.2485 1.0000e-12 1.1805e+03    199.827    15.3907    39.0388    29.0003 0.0000e+00
    259.000    15.4277     0.1832    98.2540 1.0000e-12 1.1791e+03    199.655    15.3863    39.0383    29.0010 0.0000e+00
    260.000    15.4236     0.1813    98.2423 1.0000e-12 1.1795e+03    199.063    15.3821    39.0381    29.0018 0.0000e+00
    261.000    15.4183     0.1869    98.2414 1.0000e-12 1.1816e+03    198.612    15.3767    39.0376    29.0027 0.0000e+00
    262.000    15.4134     0.1876    98.2347 1.0000e-12 1.1855e+03    199.002    15.3716    39.0374    29.0037 0.0000e+00
    263.000    15.4111     0.1837    98.2191 1.0000e-12 1.1900e+03    198.864    15.3691    39.0372    29.0041 0.0000e+00
    264.000    15.4089     0.1771    98.2445 1.0000e-12 1.1885e+03    198.925    15.3668    39.0372    29.0046 0.0000e+00
