Data/ruptures/PEACETIME/ION/PEACETIME_ION_CTD_046.cnv
* Sea-Bird SBE 9 Data File:
* FileName = C:\CTD\rawCTD\PEACETIME_ION_CTD_046.hdr
* Software Version Seasave V 7.23.2
* Temperature SN = 1378
* Conductivity SN = 2929
* Number of Bytes Per Scan = 38
* Number of Voltage Words = 5
* Number of Scans Averaged by the Deck Unit = 1
* NMEA Latitude = 35 29.35 N
* NMEA Longitude = 019 46.59 E
* NMEA UTC (Time) = May 27 2017  08:19:19
* NMEA baud rate = 4800
** Cruise:   PEACETIME
** Station:   ION_CTD_046
# nquan = 11
# nvalues = 3001                        
# units = specified
# name 0 = prDM: Pressure, Digiquartz [db]
# name 1 = t090C: Temperature [ITS-90, deg C]
# name 2 = flC: Fluorescence, Chelsea Aqua 3 Chl Con [ug/l]
# name 3 = CStarTr0: Beam Transmission, WET Labs C-Star [%]
# name 4 = par: PAR/Irradiance, Biospherical/Licor
# name 5 = spar: SPAR/Surface Irradiance
# name 6 = sbeox0Mm/Kg: Oxygen, SBE 43 [umol/kg]
# name 7 = potemp090C: Potential Temperature [ITS-90, deg C]
# name 8 = sal00: Salinity, Practical [PSU]
# name 9 = sigma-é00: Density [sigma-theta, kg/m^3]
# name 10 = flag:
# span 0 =      2.000,   3002.000       
# span 1 =    13.7810,    20.3500       
# span 2 =     0.1694,     0.3059       
# span 3 =    96.6426,    98.5628       
# span 4 = -2.424e-06, 1.3991e+03       
# span 5 = 8.3956e+02, 2.9729e+03       
# span 6 =    167.569,    229.788       
# span 7 =    13.4287,    20.3488       
# span 8 =    38.7332,    39.0653       
# span 9 =    27.7238,    29.1986       
# span 10 = 0.0000e+00, 0.0000e+00      
# interval = decibars: 1                
# start_time = May 27 2017 08:26:11 [NMEA time, first data scan]
# bad_flag = -9.990e-29
*END*
[from data line 1837]
   1839.000    13.8068     0.1905    98.5480 1.0000e-12 2.4184e+03    175.242    13.5206    38.7475    29.1899 0.0000e+00
   1840.000    13.8069     0.1867    98.5408 1.0000e-12 2.4185e+03    175.638    13.5205    38.7475    29.1899 0.0000e+00
   1841.000    13.8070     0.1887    98.5377 1.0000e-12 2.4182e+03    175.486    13.5205    38.7475    29.1900 0.0000e+00
   1842.000    13.8072     0.1933    98.5344 1.0000e-12 2.4184e+03    175.321    13.5205    38.7476    29.1900 0.0000e+00
   1843.000    13.8073     0.1921    98.5387 1.0000e-12 2.4176e+03    175.332    13.5204    38.7475    29.1900 0.0000e+00
   1844.000    13.8074     0.1912    98.5336 1.0000e-12 2.4168e+03    175.422    13.5204    38.7475    29.1899 0.0000e+00
   1845.000    13.8075     0.1890    98.5450 1.0000e-12 2.4167e+03    175.407    13.5203    38.7475    29.1899 0.0000e+00
   1846.000    13.8076     0.1830    98.5342 1.0000e-12 2.4174e+03    175.390    13.5202    38.7476    29.1901 0.0000e+00
   1847.000    13.8076     0.1805    98.5387 1.0000e-12 2.4163e+03    175.676    13.5201    38.7473    29.1899 0.0000e+00
   1848.000    13.8077     0.1817    98.5331 1.0000e-12 2.4145e+03    175.570    13.5200    38.7473    29.1899 0.0000e+00
   1849.000    13.8075     0.1858    98.5381 1.0000e-12 2.4139e+03    175.552    13.5196    38.7474    29.1900 0.0000e+00
   1850.000    13.8075     0.1866    98.5404 1.0000e-12 2.4196e+03    175.528    13.5195    38.7474    29.1900 0.0000e+00
   1851.000    13.8077     0.1818    98.5425 1.0000e-12 2.4161e+03    175.550    13.5195    38.7472    29.1899 0.0000e+00
   1852.000    13.8077     0.1858    98.5477 1.0000e-12 2.4158e+03    175.375    13.5194    38.7473    29.1900 0.0000e+00
   1853.000    13.8078     0.1863    98.5397 1.0000e-12 2.4137e+03    175.385    13.5193    38.7473    29.1900 0.0000e+00
   1854.000    13.8080     0.1844    98.5439 1.0000e-12 2.4161e+03    175.731    13.5193    38.7473    29.1900 0.0000e+00
   1855.000    13.8081     0.1836    98.5387 1.0000e-12 2.4149e+03    175.796    13.5192    38.7473    29.1900 0.0000e+00
   1856.000    13.8081     0.1807    98.5468 1.0000e-12 2.4185e+03    175.506    13.5191    38.7473    29.1901 0.0000e+00
   1857.000    13.8082     0.1816    98.5397 1.0000e-12 2.4185e+03    175.279    13.5190    38.7473    29.1901 0.0000e+00
   1858.000    13.8082     0.1812    98.5463 1.0000e-12 2.4196e+03    175.029    13.5189    38.7472    29.1900 0.0000e+00
   1859.000    13.8085     0.1831    98.5420 1.0000e-12 2.4221e+03    175.574    13.5190    38.7472    29.1900 0.0000e+00
   1860.000    13.8085     0.1861    98.5392 1.0000e-12 2.4220e+03    175.556    13.5189    38.7471    29.1900 0.0000e+00
   1861.000    13.8085     0.1916    98.5424 1.0000e-12 2.4239e+03    175.532    13.5187    38.7472    29.1901 0.0000e+00
   1862.000    13.8085     0.1866    98.5411 1.0000e-12 2.4226e+03    175.559    13.5185    38.7473    29.1902 0.0000e+00
   1863.000    13.8087     0.1849    98.5434 1.0000e-12 2.4221e+03    175.344    13.5185    38.7472    29.1902 0.0000e+00
   1864.000    13.8089     0.1921    98.5407 1.0000e-12 2.4225e+03    175.432    13.5185    38.7473    29.1902 0.0000e+00
   1865.000    13.8089     0.1854    98.5437 1.0000e-12 2.4224e+03    175.397    13.5184    38.7472    29.1902 0.0000e+00
   1866.000    13.8090     0.1853    98.5481 1.0000e-12 2.4220e+03    175.696    13.5184    38.7472    29.1902 0.0000e+00
   1867.000    13.8092     0.1864    98.5399 1.0000e-12 2.4208e+03    175.726    13.5183    38.7472    29.1901 0.0000e+00
   1868.000    13.8092     0.1893    98.5391 1.0000e-12 2.4201e+03    175.507    13.5182    38.7473    29.1902 0.0000e+00
   1869.000    13.8091     0.1867    98.5362 1.0000e-12 2.4198e+03    175.295    13.5179    38.7471    29.1902 0.0000e+00
   1870.000    13.8091     0.1840    98.5435 1.0000e-12 2.4172e+03    175.457    13.5178    38.7472    29.1903 0.0000e+00
   1871.000    13.8093     0.1822    98.5387 1.0000e-12 2.4196e+03    175.462    13.5178    38.7472    29.1902 0.0000e+00
   1872.000    13.8091     0.1790    98.5387 1.0000e-12 2.4180e+03    175.049    13.5174    38.7471    29.1903 0.0000e+00
   1873.000    13.8092     0.1804    98.5406 1.0000e-12 2.4211e+03    175.365    13.5174    38.7470    29.1902 0.0000e+00
   1874.000    13.8094     0.1819    98.5443 -9.990e-29 2.4238e+03    175.775    13.5174    38.7471    29.1903 0.0000e+00
   1875.000    13.8096     0.1882    98.5430 -9.990e-29 2.4204e+03    175.772    13.5174    38.7471    29.1902 0.0000e+00
   1876.000    13.8095     0.1861    98.5483 -9.990e-29 2.4219e+03    175.784    13.5172    38.7472    29.1904 0.0000e+00
   1877.000    13.8097     0.1814    98.5426 1.0000e-12 2.4191e+03    175.788    13.5172    38.7470    29.1902 0.0000e+00
   1878.000    13.8097     0.1822    98.5430 1.0000e-12 2.4246e+03    175.520    13.5171    38.7470    29.1902 0.0000e+00
   1879.000    13.8098     0.1813    98.5463 1.0000e-12 2.4240e+03    175.290    13.5170    38.7470    29.1903 0.0000e+00
   1880.000    13.8099     0.1775    98.5411 1.0000e-12 2.4239e+03    175.653    13.5169    38.7470    29.1903 0.0000e+00
   1881.000    13.8100     0.1767    98.5477 1.0000e-12 2.4222e+03    175.856    13.5169    38.7470    29.1903 0.0000e+00
   1882.000    13.8101     0.1750    98.5465 1.0000e-12 2.4225e+03    175.690    13.5168    38.7470    29.1904 0.0000e+00
   1883.000    13.8101     0.1756    98.5450 1.0000e-12 2.4265e+03    175.554    13.5166    38.7471    29.1904 0.0000e+00
   1884.000    13.8102     0.1801    98.5440 1.0000e-12 2.4250e+03    175.694    13.5165    38.7470    29.1904 0.0000e+00
   1885.000    13.8103     0.1844    98.5417 1.0000e-12 2.4245e+03    175.820    13.5165    38.7469    29.1903 0.0000e+00
   1886.000    13.8104     0.1853    98.5447 1.0000e-12 2.4258e+03    175.757    13.5164    38.7469    29.1904 0.0000e+00
   1887.000    13.8104     0.1852    98.5402 1.0000e-12 2.4232e+03    175.342    13.5163    38.7470    29.1904 0.0000e+00
   1888.000    13.8102     0.1859    98.5434 1.0000e-12 2.4268e+03    175.776    13.5159    38.7468    29.1904 0.0000e+00
   1889.000    13.8102     0.1943    98.5440 1.0000e-12 2.4283e+03    175.601    13.5157    38.7468    29.1904 0.0000e+00
   1890.000    13.8103     0.1865    98.5406 1.0000e-12 2.4263e+03    175.497    13.5157    38.7468    29.1904 0.0000e+00
   1891.000    13.8104     0.1862    98.5406 1.0000e-12 2.4253e+03    175.778    13.5156    38.7468    29.1904 0.0000e+00
   1892.000    13.8104     0.1907    98.5434 1.0000e-12 2.4276e+03    175.740    13.5154    38.7467    29.1904 0.0000e+00
   1893.000    13.8104     0.1888    98.5308 1.0000e-12 2.4282e+03    175.538    13.5153    38.7468    29.1905 0.0000e+00
   1894.000    13.8104     0.1860    98.5419 1.0000e-12 2.4284e+03    175.566    13.5151    38.7467    29.1905 0.0000e+00
   1895.000    13.8104     0.1835    98.5282 1.0000e-12 2.4281e+03    175.570    13.5149    38.7466    29.1904 0.0000e+00
   1896.000    13.8104     0.1891    98.5440 1.0000e-12 2.4260e+03    175.804    13.5148    38.7467    29.1905 0.0000e+00
   1897.000    13.8103     0.1897    98.5434 1.0000e-12 2.4246e+03    175.918    13.5146    38.7465    29.1904 0.0000e+00
   1898.000    13.8103     0.1847    98.5460 1.0000e-12 2.4266e+03    175.843    13.5143    38.7465    29.1905 0.0000e+00
   1899.000    13.8102     0.1857    98.5467 1.0000e-12 2.4283e+03    175.455    13.5141    38.7464    29.1904 0.0000e+00
   1900.000    13.8102     0.1827    98.5462 1.0000e-12 2.4256e+03    175.466    13.5139    38.7463    29.1904 0.0000e+00
   1901.000    13.8103     0.1799    98.5404 1.0000e-12 2.4245e+03    175.543    13.5138    38.7463    29.1904 0.0000e+00
   1902.000    13.8105     0.1801    98.5431 1.0000e-12 2.4242e+03    175.663    13.5139    38.7463    29.1904 0.0000e+00
   1903.000    13.8104     0.1863    98.5495 1.0000e-12 2.4224e+03    175.659    13.5137    38.7464    29.1905 0.0000e+00
   1904.000    13.8105     0.1849    98.5414 1.0000e-12 2.4244e+03    175.680    13.5135    38.7464    29.1905 0.0000e+00
   1905.000    13.8105     0.1818    98.5469 1.0000e-12 2.4256e+03    175.655    13.5134    38.7462    29.1905 0.0000e+00
   1906.000    13.8104     0.1857    98.5471 1.0000e-12 2.4262e+03    175.693    13.5132    38.7463    29.1905 0.0000e+00
   1907.000    13.8105     0.1870    98.5474 1.0000e-12 2.4266e+03    175.798    13.5131    38.7462    29.1905 0.0000e+00
   1908.000    13.8105     0.1881    98.5465 1.0000e-12 2.4296e+03    175.867    13.5129    38.7462    29.1906 0.0000e+00
   1909.000    13.8104     0.1900    98.5376 1.0000e-12 2.4249e+03    175.878    13.5127    38.7462    29.1906 0.0000e+00
   1910.000    13.8104     0.1904    98.5419 1.0000e-12 2.4252e+03    175.971    13.5125    38.7462    29.1906 0.0000e+00
   1911.000    13.8106     0.1844    98.5514 1.0000e-12 2.4261e+03    175.439    13.5126    38.7460    29.1905 0.0000e+00
   1912.000    13.8107     0.1805    98.5517 1.0000e-12 2.4261e+03    175.532    13.5125    38.7461    29.1906 0.0000e+00
   1913.000    13.8109     0.1847    98.5517 1.0000e-12 2.4231e+03    175.587    13.5125    38.7462    29.1906 0.0000e+00
   1914.000    13.8109     0.1859    98.5439 1.0000e-12 2.4262e+03    175.943    13.5123    38.7461    29.1906 0.0000e+00
   1915.000    13.8109     0.1844    98.5452 1.0000e-12 2.4244e+03    175.811    13.5121    38.7460    29.1906 0.0000e+00
   1916.000    13.8109     0.1859    98.5450 1.0000e-12 2.4242e+03    175.805    13.5120    38.7461    29.1906 0.0000e+00
   1917.000    13.8110     0.1829    98.5462 1.0000e-12 2.4207e+03    176.186    13.5119    38.7460    29.1906 0.0000e+00
   1918.000    13.8110     0.1809    98.5452 1.0000e-12 2.4216e+03    175.739    13.5118    38.7461    29.1907 0.0000e+00
   1919.000    13.8111     0.1866    98.5465 1.0000e-12 2.4213e+03    175.681    13.5117    38.7461    29.1907 0.0000e+00
   1920.000    13.8112     0.1860    98.5437 1.0000e-12 2.4256e+03    175.791    13.5116    38.7460    29.1907 0.0000e+00
   1921.000    13.8111     0.1867    98.5421 1.0000e-12 2.4256e+03    175.908    13.5113    38.7460    29.1907 0.0000e+00
   1922.000    13.8111     0.1822    98.5440 1.0000e-12 2.4234e+03    175.785    13.5112    38.7459    29.1907 0.0000e+00
   1923.000    13.8111     0.1881    98.5500 1.0000e-12 2.4263e+03    175.742    13.5111    38.7460    29.1908 0.0000e+00
   1924.000    13.8111     0.1893    98.5454 1.0000e-12 2.4243e+03    175.786    13.5109    38.7459    29.1907 0.0000e+00
   1925.000    13.8113     0.1872    98.5430 1.0000e-12 2.4252e+03    175.774    13.5109    38.7460    29.1908 0.0000e+00
   1926.000    13.8114     0.1870 -9.990e-29 1.0000e-12 2.4222e+03    175.614    13.5108    38.7459    29.1907 0.0000e+00
   1927.000    13.8116     0.1861 -9.990e-29 1.0000e-12 2.4245e+03    175.641    13.5108    38.7458    29.1907 0.0000e+00
   1928.000    13.8115     0.1801 -9.990e-29 1.0000e-12 2.4223e+03    175.869    13.5106    38.7459    29.1908 0.0000e+00
   1929.000    13.8117     0.1821 -9.990e-29 1.0000e-12 2.4231e+03    175.928    13.5107    38.7459    29.1908 0.0000e+00
   1930.000    13.8120     0.1834 -9.990e-29 1.0000e-12 2.4214e+03    175.745    13.5108    38.7459    29.1908 0.0000e+00
   1931.000    13.8121     0.1783 -9.990e-29 1.0000e-12 2.4238e+03    175.859    13.5107    38.7458    29.1906 0.0000e+00
   1932.000    13.8122     0.1799    98.5459 1.0000e-12 2.4244e+03    175.648    13.5107    38.7458    29.1907 0.0000e+00
   1933.000    13.8123     0.1907    98.5491 1.0000e-12 2.4243e+03    175.696    13.5105    38.7459    29.1908 0.0000e+00
   1934.000    13.8121     0.1883    98.5441 1.0000e-12 2.4230e+03    175.814    13.5102    38.7459    29.1908 0.0000e+00
   1935.000    13.8121     0.1921    98.5415 1.0000e-12 2.4245e+03    176.078    13.5101    38.7458    29.1908 0.0000e+00
   1936.000    13.8122     0.1934    98.5454 1.0000e-12 2.4269e+03    175.939    13.5100    38.7457    29.1908 0.0000e+00
   1937.000    13.8122     0.1858    98.5516 1.0000e-12 2.4264e+03    175.919    13.5099    38.7457    29.1908 0.0000e+00
   1938.000    13.8123     0.1792    98.5517 1.0000e-12 2.4256e+03    175.883    13.5097    38.7456    29.1908 0.0000e+00
   1939.000    13.8124     0.1898    98.5517 1.0000e-12 2.4226e+03    175.820    13.5097    38.7458    29.1909 0.0000e+00
   1940.000    13.8125     0.1946    98.5517 1.0000e-12 2.4262e+03    175.939    13.5096    38.7457    29.1908 0.0000e+00
   1941.000    13.8125     0.1879    98.5517 1.0000e-12 2.4213e+03    176.041    13.5094    38.7458    29.1909 0.0000e+00
   1942.000    13.8125     0.1843    98.5517 1.0000e-12 2.4262e+03    175.903    13.5093    38.7457    29.1909 0.0000e+00
   1943.000    13.8127     0.1834    98.5508 1.0000e-12 2.4269e+03    175.566    13.5093    38.7456    29.1908 0.0000e+00
   1944.000    13.8127     0.1824    98.5440 1.0000e-12 2.4264e+03    175.731    13.5092    38.7456    29.1909 0.0000e+00
   1945.000    13.8123     0.1784    98.5443 1.0000e-12 2.4254e+03    175.925    13.5086    38.7455    29.1909 0.0000e+00
   1946.000    13.8126     0.1810    98.5452 1.0000e-12 2.4284e+03    176.010    13.5087    38.7455    29.1909 0.0000e+00
   1947.000    13.8126     0.1870    98.5506 1.0000e-12 2.4281e+03    175.978    13.5086    38.7455    29.1910 0.0000e+00
   1948.000    13.8127     0.1834    98.5458 1.0000e-12 2.4291e+03    175.989    13.5085    38.7454    29.1909 0.0000e+00
   1949.000    13.8129     0.1804    98.5444 1.0000e-12 2.4265e+03    175.710    13.5085    38.7455    29.1909 0.0000e+00
   1950.000    13.8130     0.1826    98.5436 1.0000e-12 2.4274e+03    175.556    13.5084    38.7456    29.1910 0.0000e+00
   1951.000    13.8129     0.1803    98.5477 1.0000e-12 2.4274e+03    175.793    13.5082    38.7454    29.1909 0.0000e+00
   1952.000    13.8132     0.1792    98.5483 1.0000e-12 2.4326e+03    175.780    13.5083    38.7454    29.1909 0.0000e+00
   1953.000    13.8132     0.1787    98.5442 1.0000e-12 2.4325e+03    175.631    13.5082    38.7455    29.1910 0.0000e+00
   1954.000    13.8135     0.1813    98.5493 1.0000e-12 2.4276e+03    175.942    13.5083    38.7454    29.1909 0.0000e+00
   1955.000    13.8136     0.1836    98.5517 1.0000e-12 2.4298e+03    176.118    13.5083    38.7454    29.1909 0.0000e+00
   1956.000    13.8138     0.1794    98.5517 1.0000e-12 2.4257e+03    175.750    13.5082    38.7455    29.1910 0.0000e+00
   1957.000    13.8141     0.1870    98.5517 1.0000e-12 2.4270e+03    175.420    13.5084    38.7454    29.1909 0.0000e+00
   1958.000    13.8142     0.1875    98.5517 1.0000e-12 2.4262e+03    175.598    13.5083    38.7454    29.1909 0.0000e+00
   1959.000    13.8142     0.1863    98.5517 1.0000e-12 2.4253e+03    175.798    13.5082    38.7455    29.1910 0.0000e+00
   1960.000    13.8145     0.1787    98.5517 1.0000e-12 2.4259e+03    175.804    13.5083    38.7455    29.1910 0.0000e+00
   1961.000    13.8141     0.1813    98.5517 1.0000e-12 2.4272e+03    175.886    13.5077    38.7453    29.1909 0.0000e+00
   1962.000    13.8141     0.1869 -9.990e-29 1.0000e-12 2.4254e+03    176.093    13.5076    38.7453    29.1910 0.0000e+00
   1963.000    13.8141     0.1838 -9.990e-29 1.0000e-12 2.4278e+03    176.218    13.5074    38.7454    29.1911 0.0000e+00
   1964.000    13.8141     0.1811    98.5517 1.0000e-12 2.4318e+03    176.120    13.5073    38.7453    29.1910 0.0000e+00
   1965.000    13.8143     0.1872    98.5517 1.0000e-12 2.4318e+03    176.105    13.5073    38.7452    29.1910 0.0000e+00
   1966.000    13.8144     0.1861    98.5517 1.0000e-12 2.4379e+03    175.967    13.5072    38.7453    29.1911 0.0000e+00
   1967.000    13.8146     0.1864    98.5517 1.0000e-12 2.4301e+03    175.647    13.5072    38.7453    29.1910 0.0000e+00
   1968.000    13.8145     0.1869    98.5517 1.0000e-12 2.4272e+03    175.773    13.5070    38.7453    29.1911 0.0000e+00
