Data/ruptures/PEACETIME/ION/PEACETIME_ION_CTD_044.cnv
* Sea-Bird SBE 9 Data File:
* FileName = C:\CTD\rawCTD\PEACETIME_ION_CTD_044.hdr
* Software Version Seasave V 7.23.2
* Temperature SN = 1378
* Conductivity SN = 2929
* Number of Bytes Per Scan = 38
* Number of Voltage Words = 5
* Number of Scans Averaged by the Deck Unit = 1
* NMEA Latitude = 35 29.35 N
* NMEA Longitude = 019 46.59 E
* NMEA UTC (Time) = May 27 2017  02:26:08
* NMEA baud rate = 4800
** Cruise:   PEACETIME
** Station:   ION_CTD_044
# nquan = 11
# nvalues = 500                         
# units = specified
# name 0 = prDM: Pressure, Digiquartz [db]
# name 1 = t090C: Temperature [ITS-90, deg C]
# name 2 = flC: Fluorescence, Chelsea Aqua 3 Chl Con [ug/l]
# name 3 = CStarTr0: Beam Transmission, WET Labs C-Star [%]
# name 4 = par: PAR/Irradiance, Biospherical/Licor
# name 5 = spar: SPAR/Surface Irradiance
# name 6 = sbeox0Mm/Kg: Oxygen, SBE 43 [umol/kg]
# name 7 = potemp090C: Potential Temperature [ITS-90, deg C]
# name 8 = sal00: Salinity, Practical [PSU]
# name 9 = sigma-é00: Density [sigma-theta, kg/m^3]
# name 10 = flag:
# span 0 =      2.000,    501.000       
# span 1 =    14.4060,    20.4887       
# span 2 =     0.1715,     0.3585       
# span 3 =    95.2249,    98.2611       
# span 4 = -8.216e-06, 2.2684e-01       
# span 5 = 1.5186e+00, 5.4558e+00       
# span 6 =    172.182,    230.869       
# span 7 =    14.3290,    20.4866       
# span 8 =    38.9111,    39.0514       
# span 9 =    27.6228,    29.1412       
# span 10 = 0.0000e+00, 0.0000e+00      
# interval = decibars: 1                
# start_time = May 27 2017 02:26:08 [NMEA time, first data scan]
# bad_flag = -9.990e-29
*END*
[from data line 132]
    134.000    15.8023     0.2106    97.9801 1.0000e-12 2.1743e+00    209.879    15.7807    39.0356    28.9073 0.0000e+00
    135.000    15.7981     0.2035    98.0507 1.0000e-12 2.8613e+00    209.523    15.7763    39.0351    28.9080 0.0000e+00
    136.000    15.7894     0.2009    98.0153 1.0000e-12 3.3056e+00    209.392    15.7675    39.0336    28.9089 0.0000e+00
    137.000    15.7817     0.2037    98.0866 1.0000e-12 3.2492e+00    209.406    15.7595    39.0334    28.9105 0.0000e+00
    138.000    15.7752     0.1983    98.0900 1.0000e-12 3.2924e+00    209.049    15.7529    39.0331    28.9118 0.0000e+00
    139.000    15.7670     0.1914    98.0874 1.0000e-12 3.4247e+00    209.046    15.7445    39.0324    28.9133 0.0000e+00
    140.000    15.7680     0.1963    98.1115 1.0000e-12 2.4870e+00    208.122    15.7454    39.0339    28.9143 0.0000e+00
    141.000    15.7632     0.1971    98.1060 1.0000e-12 3.5908e+00    208.642    15.7405    39.0345    28.9159 0.0000e+00
    142.000    15.7628     0.1922    98.0891 1.0000e-12 2.9818e+00    208.624    15.7399    39.0349    28.9163 0.0000e+00
    143.000    15.7636     0.1909    98.0977 1.0000e-12 2.7372e+00    208.689    15.7405    39.0362    28.9171 0.0000e+00
    144.000    15.7681     0.1923    98.1251 1.0000e-12 2.1098e+00    209.189    15.7448    39.0394    28.9186 0.0000e+00
    145.000    15.7668     0.2007    98.1271 1.0000e-12 2.3719e+00    208.579    15.7434    39.0393    28.9189 0.0000e+00
    146.000    15.7621     0.1970    98.1171 1.0000e-12 2.7740e+00    208.302    15.7385    39.0380    28.9190 0.0000e+00
    147.000    15.7578     0.1849    98.1172 1.0000e-12 3.2676e+00    207.774    15.7341    39.0372    28.9194 0.0000e+00
    148.000    15.7607     0.1900    98.1295 1.0000e-12 3.1343e+00    208.017    15.7368    39.0386    28.9199 0.0000e+00
    149.000    15.7592     0.1879    98.0870 1.0000e-12 3.6336e+00    208.128    15.7351    39.0385    28.9202 0.0000e+00
    150.000    15.7552     0.1862    98.1066 1.0000e-12 2.5363e+00    207.870    15.7310    39.0375    28.9204 0.0000e+00
    151.000    15.7451     0.1937    98.1331 1.0000e-12 2.6003e+00    207.419    15.7207    39.0350    28.9209 0.0000e+00
    152.000    15.7304     0.1928    98.1092 1.0000e-12 3.0578e+00    207.065    15.7059    39.0316    28.9217 0.0000e+00
    153.000    15.7146     0.1855    98.1053 1.0000e-12 2.8726e+00    206.612    15.6899    39.0283    28.9229 0.0000e+00
    154.000    15.7150     0.1831    98.1305 1.0000e-12 2.9416e+00    206.904    15.6902    39.0295    28.9237 0.0000e+00
    155.000    15.7238     0.1846    98.1252 1.0000e-12 2.9443e+00    207.128    15.6988    39.0337    28.9250 0.0000e+00
    156.000    15.7301     0.1892    98.1383 1.0000e-12 2.6473e+00    207.389    15.7050    39.0369    28.9260 0.0000e+00
    157.000    15.7320     0.1934    98.1341 1.0000e-12 4.3461e+00    207.464    15.7067    39.0377    28.9262 0.0000e+00
    158.000    15.7309     0.1933    98.1415 1.0000e-12 3.8025e+00    206.584    15.7054    39.0374    28.9263 0.0000e+00
    159.000    15.7290     0.1943    98.1317 1.0000e-12 3.7083e+00    207.353    15.7034    39.0369    28.9264 0.0000e+00
    160.000    15.7107     0.1879    98.0724 1.0000e-12 3.4650e+00    206.131    15.6849    39.0322    28.9271 0.0000e+00
    161.000    15.6976     0.1842    98.1138 1.0000e-12 3.0526e+00    206.077    15.6717    39.0295    28.9281 0.0000e+00
    162.000    15.6874     0.1863    98.1378 1.0000e-12 3.3738e+00    206.531    15.6614    39.0276    28.9290 0.0000e+00
    163.000    15.6763     0.1868    98.1236 1.0000e-12 3.6226e+00    206.363    15.6500    39.0265    28.9308 0.0000e+00
    164.000    15.6724     0.1852    98.1364 1.0000e-12 3.2869e+00    205.401    15.6460    39.0268    28.9320 0.0000e+00
    165.000    15.6707     0.1817    98.1360 1.0000e-12 3.1727e+00    205.750    15.6441    39.0279    28.9332 0.0000e+00
    166.000    15.6703     0.1915    98.1425 1.0000e-12 3.7351e+00    205.486    15.6436    39.0283    28.9337 0.0000e+00
    167.000    15.6694     0.1894    98.1386 1.0000e-12 3.1612e+00    205.684    15.6426    39.0284    28.9340 0.0000e+00
    168.000    15.6673     0.1846    98.1377 1.0000e-12 2.8101e+00    205.725    15.6403    39.0281    28.9343 0.0000e+00
    169.000    15.6657     0.1836    98.1332 1.0000e-12 2.6638e+00    205.963    15.6386    39.0283    28.9349 0.0000e+00
    170.000    15.6642     0.1847    98.1417 1.0000e-12 2.6238e+00    206.106    15.6369    39.0290    28.9358 0.0000e+00
    171.000    15.6614     0.1831    98.1425 -9.990e-29 3.0209e+00    205.748    15.6339    39.0295    28.9368 0.0000e+00
    172.000    15.6619     0.1857    98.1392 1.0000e-12 3.0928e+00    205.689    15.6342    39.0309    28.9379 0.0000e+00
    173.000    15.6643     0.1843    98.1149 1.0000e-12 3.4503e+00    206.034    15.6365    39.0325    28.9385 0.0000e+00
    174.000    15.6663     0.1884    98.1178 1.0000e-12 2.5676e+00    205.914    15.6383    39.0339    28.9393 0.0000e+00
    175.000    15.6678     0.1871    98.1161 1.0000e-12 3.2648e+00    205.680    15.6396    39.0346    28.9395 0.0000e+00
    176.000    15.6693     0.1860    98.1467 1.0000e-12 3.3358e+00    205.923    15.6410    39.0355    28.9399 0.0000e+00
    177.000    15.6716     0.1899    98.1550 1.0000e-12 4.0468e+00    206.245    15.6431    39.0366    28.9402 0.0000e+00
    178.000    15.6651     0.1879    98.1427 1.0000e-12 3.2414e+00    204.926    15.6365    39.0360    28.9413 0.0000e+00
    179.000    15.6508     0.1880    98.1427 1.0000e-12 3.5391e+00    204.434    15.6221    39.0344    28.9434 0.0000e+00
    180.000    15.6435     0.1856    98.1272 1.0000e-12 3.1441e+00    203.970    15.6145    39.0333    28.9443 0.0000e+00
    181.000    15.6382     0.1828    98.1521 1.0000e-12 3.8440e+00    204.418    15.6091    39.0324    28.9449 0.0000e+00
    182.000    15.6328     0.1850    98.1446 1.0000e-12 3.2079e+00    204.382    15.6036    39.0317    28.9456 0.0000e+00
    183.000    15.6259     0.1846    98.1497 1.0000e-12 3.0895e+00    204.141    15.5965    39.0311    28.9468 0.0000e+00
    184.000    15.6230     0.1807    98.1514 1.0000e-12 3.3171e+00    203.805    15.5934    39.0304    28.9469 0.0000e+00
    185.000    15.6231     0.1799    98.1498 1.0000e-12 2.6708e+00    203.685    15.5934    39.0305    28.9471 0.0000e+00
    186.000    15.6244     0.1858    98.1424 1.0000e-12 2.2616e+00    203.893    15.5945    39.0317    28.9477 0.0000e+00
    187.000    15.6100     0.1866    98.1524 1.0000e-12 3.6768e+00    203.492    15.5799    39.0295    28.9494 0.0000e+00
    188.000    15.6046     0.1823    98.1549 1.0000e-12 3.2465e+00    203.111    15.5744    39.0288    28.9501 0.0000e+00
    189.000    15.6007     0.1867    98.1452 1.0000e-12 2.8355e+00    203.406    15.5704    39.0293    28.9515 0.0000e+00
    190.000    15.6034     0.1837    98.1525 1.0000e-12 3.8459e+00    202.913    15.5729    39.0312    28.9523 0.0000e+00
    191.000    15.6028     0.1868    98.1584 1.0000e-12 2.8258e+00    201.892    15.5721    39.0323    28.9533 0.0000e+00
    192.000    15.6017     0.1864    98.1438 1.0000e-12 2.7106e+00    201.471    15.5709    39.0329    28.9541 0.0000e+00
    193.000    15.5999     0.1834    98.1517 1.0000e-12 2.2705e+00    202.390    15.5690    39.0329    28.9546 0.0000e+00
    194.000    15.5964     0.1817    98.1557 1.0000e-12 2.7362e+00    202.311    15.5652    39.0325    28.9551 0.0000e+00
    195.000    15.5920     0.1864    98.1602 1.0000e-12 3.8790e+00    202.485    15.5607    39.0321    28.9559 0.0000e+00
    196.000    15.5899     0.1859    98.1337 1.0000e-12 4.4208e+00    202.357    15.5585    39.0321    28.9563 0.0000e+00
    197.000    15.5868     0.1864    98.1520 1.0000e-12 2.3262e+00    201.969    15.5552    39.0316    28.9568 0.0000e+00
    198.000    15.5836     0.1852    98.1576 1.0000e-12 3.5391e+00    202.232    15.5519    39.0318    28.9577 0.0000e+00
    199.000    15.5765     0.1867    98.1485 1.0000e-12 2.2876e+00    202.144    15.5445    39.0315    28.9592 0.0000e+00
    200.000    15.5642     0.1858    98.1468 1.0000e-12 2.3700e+00    201.816    15.5322    39.0302    28.9610 0.0000e+00
    201.000    15.5601     0.1887    98.1554 1.0000e-12 2.9537e+00    202.154    15.5279    39.0298    28.9617 0.0000e+00
    202.000    15.5601     0.1818    98.1291 1.0000e-12 4.1263e+00    202.211    15.5277    39.0298    28.9617 0.0000e+00
    203.000    15.5601     0.1819    98.1526 1.0000e-12 3.5284e+00    202.274    15.5275    39.0298    28.9618 0.0000e+00
    204.000    15.5621     0.1849    98.1663 1.0000e-12 3.5430e+00    202.084    15.5294    39.0311    28.9623 0.0000e+00
    205.000    15.5639     0.1852    98.1807 1.0000e-12 2.3405e+00    201.850    15.5311    39.0324    28.9630 0.0000e+00
    206.000    15.5594     0.1881    98.1687 -9.990e-29 3.7615e+00    202.152    15.5264    39.0313    28.9632 0.0000e+00
    207.000    15.5424     0.1871    98.1704 -9.990e-29 4.0069e+00    200.737    15.5092    39.0267    28.9636 0.0000e+00
    208.000    15.5217     0.1915    98.1780 -9.990e-29 2.7667e+00    201.009    15.4884    39.0226    28.9653 0.0000e+00
    209.000    15.5145     0.1913    98.1645 1.0000e-12 2.6246e+00    200.638    15.4810    39.0207    28.9655 0.0000e+00
    210.000    15.5113     0.1801    98.1646 1.0000e-12 2.8831e+00    200.480    15.4777    39.0214    28.9669 0.0000e+00
    211.000    15.5133     0.1864    98.1501 1.0000e-12 5.4558e+00    201.082    15.4795    39.0237    28.9682 0.0000e+00
    212.000    15.5178     0.1868    98.1341 1.0000e-12 2.8850e+00    201.396    15.4839    39.0268    28.9696 0.0000e+00
    213.000    15.5255     0.1852    98.1464 1.0000e-12 3.1755e+00    201.280    15.4914    39.0303    28.9705 0.0000e+00
    214.000    15.5328     0.1823    98.1762 1.0000e-12 2.1014e+00    201.736    15.4986    39.0328    28.9708 0.0000e+00
    215.000    15.5318     0.1832    98.1458 1.0000e-12 2.1182e+00    201.801    15.4974    39.0327    28.9710 0.0000e+00
    216.000    15.5298     0.1866    98.1555 1.0000e-12 3.3739e+00    201.597    15.4952    39.0333    28.9720 0.0000e+00
    217.000    15.5283     0.1872    98.1665 1.0000e-12 3.6910e+00    200.832    15.4935    39.0332    28.9723 0.0000e+00
    218.000    15.5221     0.1834    98.1803 1.0000e-12 2.2797e+00    201.106    15.4872    39.0328    28.9734 0.0000e+00
    219.000    15.5267     0.1806    98.1472 1.0000e-12 2.7443e+00    200.820    15.4916    39.0354    28.9744 0.0000e+00
    220.000    15.5293     0.1856    98.1707 1.1922e-06 2.9808e+00    200.408    15.4940    39.0365    28.9747 0.0000e+00
    221.000    15.5286     0.1851    98.1680 -1.638e-08 2.4117e+00    199.973    15.4932    39.0377    28.9758 0.0000e+00
    222.000    15.5208     0.1874    98.1621 1.0000e-12 1.7537e+00    199.190    15.4852    39.0349    28.9756 0.0000e+00
    223.000    15.5043     0.1815    98.1674 1.0000e-12 4.7013e+00    200.063    15.4686    39.0302    28.9757 0.0000e+00
    224.000    15.4810     0.1794    98.1691 1.0000e-12 3.6024e+00    199.809    15.4452    39.0238    28.9762 0.0000e+00
    225.000    15.4681     0.1802    98.1845 1.0000e-12 3.1103e+00    199.765    15.4322    39.0211    28.9772 0.0000e+00
    226.000    15.4677     0.1833    98.1831 1.0000e-12 2.3532e+00    199.807    15.4316    39.0213    28.9774 0.0000e+00
    227.000    15.4710     0.1913    98.1745 1.0000e-12 3.2462e+00    200.105    15.4348    39.0231    28.9781 0.0000e+00
    228.000    15.4743     0.1848    98.1616 1.0000e-12 3.2154e+00    199.793    15.4379    39.0247    28.9786 0.0000e+00
    229.000    15.4780     0.1834    98.1626 1.0000e-12 2.4361e+00    199.510    15.4414    39.0264    28.9791 0.0000e+00
    230.000    15.4833     0.1862    98.1628 1.0000e-12 3.5134e+00    199.273    15.4465    39.0284    28.9795 0.0000e+00
    231.000    15.4896     0.1815    98.1839 -9.990e-29 3.8728e+00    199.521    15.4527    39.0313    28.9803 0.0000e+00
    232.000    15.4778     0.1834    98.1766 -9.990e-29 2.8778e+00    199.513    15.4407    39.0293    28.9815 0.0000e+00
    233.000    15.4703     0.1904    98.1784 1.0000e-12 3.9506e+00    200.249    15.4331    39.0297    28.9836 0.0000e+00
    234.000    15.4849     0.1869    98.1700 1.0000e-12 3.5417e+00    199.761    15.4475    39.0364    28.9854 0.0000e+00
    235.000    15.4903     0.1838    98.1803 1.0000e-12 2.3032e+00    198.820    15.4527    39.0386    28.9858 0.0000e+00
    236.000    15.4889     0.1875    98.1538 -9.990e-29 3.7660e+00    198.661    15.4512    39.0386    28.9863 0.0000e+00
    237.000    15.4860     0.1835    98.1626 1.0000e-12 2.0117e+00    198.561    15.4481    39.0386    28.9869 0.0000e+00
    238.000    15.4838     0.1817    98.1780 1.0000e-12 3.3072e+00    198.244    15.4457    39.0386    28.9875 0.0000e+00
    239.000    15.4806     0.1787    98.1600 1.0000e-12 4.6747e+00    198.422    15.4424    39.0384    28.9881 0.0000e+00
    240.000    15.4747     0.1803    98.1749 1.0000e-12 1.6143e+00    198.159    15.4363    39.0380    28.9892 0.0000e+00
    241.000    15.4686     0.1788    98.1714 1.0000e-12 2.3073e+00    198.528    15.4301    39.0382    28.9908 0.0000e+00
    242.000    15.4661     0.1835    98.1787 1.0000e-12 3.2275e+00    199.136    15.4274    39.0388    28.9919 0.0000e+00
    243.000    15.4667     0.1923    98.1661 1.0000e-12 2.4358e+00    199.152    15.4279    39.0398    28.9926 0.0000e+00
    244.000    15.4665     0.1874    98.1764 1.0000e-12 2.7673e+00    199.374    15.4275    39.0406    28.9933 0.0000e+00
    245.000    15.4588     0.1851    98.1877 1.0000e-12 3.0981e+00    198.771    15.4197    39.0392    28.9940 0.0000e+00
    246.000    15.4512     0.1810    98.1833 1.0000e-12 3.4728e+00    198.588    15.4119    39.0381    28.9949 0.0000e+00
    247.000    15.4478     0.1837    98.1709 1.0000e-12 2.9988e+00    198.596    15.4084    39.0376    28.9954 0.0000e+00
    248.000    15.4442     0.1829    98.1541 1.0000e-12 3.4809e+00    198.180    15.4046    39.0370    28.9957 0.0000e+00
    249.000    15.4347     0.1807    98.1684 1.0000e-12 2.8970e+00    198.160    15.3949    39.0350    28.9964 0.0000e+00
    250.000    15.4240     0.1834    98.1650 1.0000e-12 2.7988e+00    197.718    15.3841    39.0327    28.9971 0.0000e+00
    251.000    15.4119     0.1799    98.1741 1.0000e-12 3.8704e+00    197.120    15.3718    39.0298    28.9978 0.0000e+00
    252.000    15.3965     0.1853    98.1652 1.0000e-12 2.5012e+00    196.709    15.3564    39.0267    28.9989 0.0000e+00
    253.000    15.3783     0.1759    98.1771 1.0000e-12 3.2222e+00    197.580    15.3381    39.0230    29.0003 0.0000e+00
    254.000    15.3753     0.1788    98.1806 1.0000e-12 2.8668e+00    197.578    15.3348    39.0222    29.0004 0.0000e+00
    255.000    15.3732     0.1831    98.1751 1.0000e-12 3.0965e+00    197.399    15.3326    39.0219    29.0007 0.0000e+00
    256.000    15.3791     0.1806    98.1910 1.0000e-12 2.9320e+00    197.865    15.3383    39.0248    29.0016 0.0000e+00
    257.000    15.4008     0.1806    98.1809 1.0000e-12 2.2463e+00    198.167    15.3598    39.0347    29.0043 0.0000e+00
    258.000    15.4076     0.1814    98.1722 1.0000e-12 3.3647e+00    197.542    15.3664    39.0373    29.0048 0.0000e+00
    259.000    15.4090     0.1815    98.1705 1.0000e-12 2.6935e+00    197.668    15.3677    39.0381    29.0051 0.0000e+00
    260.000    15.4084     0.1764    98.1560 1.0000e-12 2.7600e+00    197.760    15.3670    39.0382    29.0053 0.0000e+00
    261.000    15.4031     0.1863    98.1876 1.0000e-12 3.5878e+00    197.285    15.3615    39.0373    29.0059 0.0000e+00
    262.000    15.4007     0.1867    98.1753 1.0000e-12 2.9297e+00    197.520    15.3589    39.0377    29.0068 0.0000e+00
    263.000    15.3925     0.1827    98.1756 1.0000e-12 4.0542e+00    197.182    15.3506    39.0361    29.0076 0.0000e+00
