Data/ruptures/PEACETIME/ION/PEACETIME_ION_CTD_037.cnv
* Sea-Bird SBE 9 Data File:
* FileName = C:\CTD\rawCTD\PEACETIME_ION_CTD_037.hdr
* Software Version Seasave V 7.23.2
* Temperature SN = 1378
* Conductivity SN = 2929
* Number of Bytes Per Scan = 34
* Number of Voltage Words = 5
* Number of Scans Averaged by the Deck Unit = 1
* NMEA Latitude = 35 29.35 N
* NMEA Longitude = 019 46.57 E
* NMEA UTC (Time) = May 25 2017  05:37:22
* NMEA baud rate = 4800
** Cruise:   PEACETIME
** Station:   ION_CTD_037
# nquan = 11
# nvalues = 3045                        
# units = specified
# name 0 = prDM: Pressure, Digiquartz [db]
# name 1 = t090C: Temperature [ITS-90, deg C]
# name 2 = flC: Fluorescence, Chelsea Aqua 3 Chl Con [ug/l]
# name 3 = CStarTr0: Beam Transmission, WET Labs C-Star [%]
# name 4 = par: PAR/Irradiance, Biospherical/Licor
# name 5 = spar: SPAR/Surface Irradiance
# name 6 = sbeox0Mm/Kg: Oxygen, SBE 43 [umol/kg]
# name 7 = potemp090C: Potential Temperature [ITS-90, deg C]
# name 8 = sal00: Salinity, Practical [PSU]
# name 9 = sigma-é00: Density [sigma-theta, kg/m^3]
# name 10 = flag:
# span 0 =      3.000,   3047.000       
# span 1 =    13.7775,    20.1897       
# span 2 =     0.1695,     0.3301       
# span 3 =    96.6389,    98.4932       
# span 4 = -6.750e-07, 3.0175e+02       
# span 5 = 1.0632e+03, 2.2301e+03       
# span 6 =    167.977,    229.812       
# span 7 =    13.4287,    20.1889       
# span 8 =    38.7333,    39.0599       
# span 9 =    27.7690,    29.1986       
# span 10 = 0.0000e+00, 0.0000e+00      
# interval = decibars: 1                
# start_time = May 25 2017 05:37:22 [NMEA time, header]
# bad_flag = -9.990e-29
*END*
[from data line 2099]
   2102.000    13.8224     0.1909    98.4737 1.0000e-12 1.2647e+03    176.577    13.4926    38.7426    29.1921 0.0000e+00
   2103.000    13.8224     0.1907    98.4737 1.0000e-12 1.2691e+03    176.745    13.4924    38.7425    29.1920 0.0000e+00
   2104.000    13.8225     0.1928    98.4737 1.0000e-12 1.2723e+03    176.577    13.4924    38.7426    29.1921 0.0000e+00
   2105.000    13.8227     0.1935    98.4737 1.0000e-12 1.2728e+03    176.396    13.4924    38.7426    29.1921 0.0000e+00
   2106.000    13.8226     0.1882    98.4737 1.0000e-12 1.2733e+03    176.428    13.4922    38.7426    29.1922 0.0000e+00
   2107.000    13.8227     0.1865    98.4737 1.0000e-12 1.2752e+03    176.342    13.4921    38.7425    29.1921 0.0000e+00
   2108.000    13.8228     0.1802    98.4737 1.0000e-12 1.2778e+03    176.212    13.4920    38.7424    29.1921 0.0000e+00
   2109.000    13.8230     0.1744    98.4737 1.0000e-12 1.2748e+03    176.541    13.4921    38.7426    29.1922 0.0000e+00
   2110.000    13.8233     0.1768    98.4737 1.0000e-12 1.2773e+03    176.581    13.4921    38.7425    29.1921 0.0000e+00
   2111.000    13.8233     0.1857    98.4737 1.0000e-12 1.2819e+03    176.490    13.4920    38.7427    29.1922 0.0000e+00
   2112.000    13.8236     0.1824    98.4737 1.0000e-12 1.2779e+03    176.442    13.4921    38.7426    29.1922 0.0000e+00
   2113.000    13.8236     0.1766    98.4737 1.0000e-12 1.2772e+03    176.695    13.4919    38.7427    29.1923 0.0000e+00
   2114.000    13.8237     0.1776    98.4737 1.0000e-12 1.2730e+03    176.811    13.4919    38.7426    29.1922 0.0000e+00
   2115.000    13.8236     0.1837    98.4737 1.0000e-12 1.2705e+03    176.479    13.4917    38.7426    29.1922 0.0000e+00
   2116.000    13.8238     0.1838    98.4737 1.0000e-12 1.2730e+03    176.381    13.4916    38.7425    29.1922 0.0000e+00
   2117.000    13.8238     0.1877    98.4737 1.0000e-12 1.2686e+03    176.316    13.4915    38.7425    29.1922 0.0000e+00
   2118.000    13.8239     0.1828    98.4737 1.0000e-12 1.2733e+03    176.206    13.4915    38.7425    29.1923 0.0000e+00
   2119.000    13.8241     0.1821    98.4737 1.0000e-12 1.2712e+03    176.271    13.4914    38.7425    29.1923 0.0000e+00
   2120.000    13.8242     0.1838    98.4737 1.0000e-12 1.2684e+03    176.322    13.4913    38.7426    29.1923 0.0000e+00
   2121.000    13.8242     0.1908    98.4737 1.0000e-12 1.2679e+03    176.496    13.4912    38.7425    29.1923 0.0000e+00
   2122.000    13.8244     0.1862    98.4737 1.0000e-12 1.2709e+03    176.594    13.4912    38.7426    29.1924 0.0000e+00
   2123.000    13.8245     0.1856    98.4737 1.0000e-12 1.2653e+03    176.423    13.4911    38.7425    29.1923 0.0000e+00
   2124.000    13.8245     0.1852    98.4737 1.0000e-12 1.2682e+03    176.201    13.4910    38.7425    29.1923 0.0000e+00
   2125.000    13.8247     0.1852    98.4737 1.0000e-12 1.2680e+03    176.482    13.4911    38.7425    29.1923 0.0000e+00
   2126.000    13.8247     0.1841    98.4737 1.0000e-12 1.2715e+03    176.361    13.4909    38.7425    29.1923 0.0000e+00
   2127.000    13.8248     0.1873    98.4737 1.0000e-12 1.2694e+03    176.347    13.4908    38.7425    29.1924 0.0000e+00
   2128.000    13.8249     0.1787    98.4737 1.0000e-12 1.2643e+03    176.657    13.4908    38.7424    29.1923 0.0000e+00
   2129.000    13.8248     0.1805    98.4737 1.0000e-12 1.2634e+03    176.746    13.4905    38.7424    29.1924 0.0000e+00
   2130.000    13.8248     0.1776    98.4737 1.0000e-12 1.2625e+03    176.428    13.4903    38.7424    29.1924 0.0000e+00
   2131.000    13.8249     0.1801    98.4737 1.0000e-12 1.2700e+03    176.465    13.4902    38.7424    29.1924 0.0000e+00
   2132.000    13.8250     0.1857    98.4737 1.0000e-12 1.2647e+03    176.333    13.4902    38.7423    29.1924 0.0000e+00
   2133.000    13.8252     0.1843    98.4737 1.0000e-12 1.2664e+03    176.304    13.4902    38.7423    29.1924 0.0000e+00
   2134.000    13.8251     0.1801    98.4737 1.0000e-12 1.2728e+03    176.330    13.4900    38.7424    29.1925 0.0000e+00
   2135.000    13.8253     0.1828    98.4737 1.0000e-12 1.2649e+03    176.462    13.4899    38.7422    29.1923 0.0000e+00
   2136.000    13.8253     0.1834    98.4737 1.0000e-12 1.2632e+03    176.533    13.4898    38.7423    29.1924 0.0000e+00
   2137.000    13.8254     0.1859    98.4737 1.0000e-12 1.2643e+03    176.676    13.4898    38.7421    29.1923 0.0000e+00
   2138.000    13.8250     0.1851    98.4737 1.0000e-12 1.2657e+03    176.414    13.4892    38.7422    29.1924 0.0000e+00
   2139.000    13.8252     0.1822    98.4737 1.0000e-12 1.2649e+03    176.356    13.4892    38.7422    29.1924 0.0000e+00
   2140.000    13.8253     0.1799    98.4737 1.0000e-12 1.2671e+03    176.416    13.4892    38.7423    29.1925 0.0000e+00
   2141.000    13.8253     0.1810    98.4737 1.0000e-12 1.2643e+03    176.561    13.4890    38.7421    29.1925 0.0000e+00
   2142.000    13.8254     0.1850    98.4737 1.0000e-12 1.2638e+03    176.409    13.4889    38.7421    29.1925 0.0000e+00
   2143.000    13.8254     0.1808    98.4737 1.0000e-12 1.2650e+03    176.337    13.4888    38.7420    29.1924 0.0000e+00
   2144.000    13.8254     0.1792    98.4737 1.0000e-12 1.2655e+03    176.424    13.4886    38.7421    29.1925 0.0000e+00
   2145.000    13.8256     0.1881    98.4737 1.0000e-12 1.2614e+03    176.658    13.4886    38.7420    29.1925 0.0000e+00
   2146.000    13.8257     0.1825    98.4737 1.0000e-12 1.2634e+03    176.744    13.4885    38.7420    29.1925 0.0000e+00
   2147.000    13.8258     0.1831    98.4737 1.0000e-12 1.2589e+03    176.904    13.4885    38.7420    29.1924 0.0000e+00
   2148.000    13.8259     0.1895    98.4737 1.0000e-12 1.2592e+03    176.965    13.4884    38.7419    29.1925 0.0000e+00
   2149.000    13.8260     0.1917    98.4737 1.0000e-12 1.2573e+03    176.913    13.4884    38.7419    29.1924 0.0000e+00
   2150.000    13.8260     0.1865    98.4737 1.0000e-12 1.2562e+03    176.393    13.4881    38.7419    29.1925 0.0000e+00
   2151.000    13.8258     0.1841    98.4737 1.0000e-12 1.2580e+03    176.380    13.4878    38.7418    29.1925 0.0000e+00
   2152.000    13.8258     0.1838    98.4737 1.0000e-12 1.2528e+03    176.400    13.4877    38.7419    29.1925 0.0000e+00
   2153.000    13.8257     0.1809    98.4737 1.0000e-12 1.2517e+03    176.485    13.4873    38.7418    29.1926 0.0000e+00
   2154.000    13.8257     0.1868    98.4737 1.0000e-12 1.2549e+03    176.622    13.4872    38.7417    29.1925 0.0000e+00
   2155.000    13.8256     0.1906    98.4737 1.0000e-12 1.2506e+03    176.767    13.4870    38.7417    29.1926 0.0000e+00
   2156.000    13.8255     0.1894    98.4737 1.0000e-12 1.2492e+03    176.799    13.4866    38.7416    29.1926 0.0000e+00
   2157.000    13.8257     0.1915    98.4737 1.0000e-12 1.2502e+03    176.783    13.4867    38.7418    29.1927 0.0000e+00
   2158.000    13.8258     0.1827    98.4737 1.0000e-12 1.2495e+03    176.648    13.4866    38.7417    29.1927 0.0000e+00
   2159.000    13.8254     0.1822    98.4737 1.0000e-12 1.2493e+03    176.822    13.4861    38.7415    29.1926 0.0000e+00
   2160.000    13.8253     0.1857    98.4737 1.0000e-12 1.2435e+03    176.834    13.4858    38.7416    29.1927 0.0000e+00
   2161.000    13.8255     0.1921    98.4737 1.0000e-12 1.2419e+03    176.810    13.4858    38.7416    29.1927 0.0000e+00
   2162.000    13.8256     0.1829    98.4762 1.0000e-12 1.2411e+03    176.549    13.4858    38.7414    29.1926 0.0000e+00
   2163.000    13.8257     0.1847    98.4824 1.0000e-12 1.2405e+03    176.704    13.4857    38.7415    29.1927 0.0000e+00
   2164.000    13.8252     0.1849    98.4813 1.0000e-12 1.2437e+03    176.942    13.4850    38.7413    29.1927 0.0000e+00
   2165.000    13.8249     0.1851    98.4781 1.0000e-12 1.2368e+03    176.873    13.4846    38.7413    29.1928 0.0000e+00
   2166.000    13.8251     0.1789    98.4581 1.0000e-12 1.2362e+03    176.802    13.4846    38.7413    29.1928 0.0000e+00
   2167.000    13.8250     0.1784    98.4768 1.0000e-12 1.2364e+03    176.767    13.4844    38.7413    29.1928 0.0000e+00
   2168.000    13.8251     0.1816    98.4844 1.0000e-12 1.2358e+03    176.762    13.4843    38.7412    29.1928 0.0000e+00
   2169.000    13.8253     0.1810    98.4813 1.0000e-12 1.2322e+03    176.625    13.4843    38.7412    29.1928 0.0000e+00
   2170.000    13.8255     0.1812    98.4773 1.0000e-12 1.2338e+03    176.714    13.4843    38.7413    29.1928 0.0000e+00
   2171.000    13.8256     0.1836    98.4737 1.0000e-12 1.2324e+03    176.744    13.4842    38.7413    29.1928 0.0000e+00
   2172.000    13.8256     0.1821    98.4737 1.0000e-12 1.2331e+03    176.749    13.4841    38.7411    29.1928 0.0000e+00
   2173.000    13.8255     0.1882    98.4737 1.0000e-12 1.2321e+03    176.902    13.4838    38.7412    29.1928 0.0000e+00
   2174.000    13.8256     0.1830    98.4737 1.0000e-12 1.2309e+03    176.829    13.4838    38.7411    29.1927 0.0000e+00
   2175.000    13.8254     0.1823    98.4769 1.0000e-12 1.2348e+03    176.817    13.4834    38.7412    29.1929 0.0000e+00
   2176.000    13.8253     0.1863    98.4845 1.0000e-12 1.2387e+03    177.262    13.4831    38.7410    29.1929 0.0000e+00
   2177.000    13.8253     0.1870    98.4748 1.0000e-12 1.2375e+03    177.237    13.4830    38.7411    29.1929 0.0000e+00
   2178.000    13.8254     0.1892    98.4802 1.0000e-12 1.2451e+03    177.020    13.4829    38.7410    29.1929 0.0000e+00
   2179.000    13.8253     0.1899    98.4805 1.0000e-12 1.2443e+03    176.964    13.4827    38.7410    29.1929 0.0000e+00
   2180.000    13.8256     0.1857    98.4791 1.0000e-12 1.2487e+03    176.958    13.4827    38.7409    29.1929 0.0000e+00
   2181.000    13.8257     0.1797    98.4770 1.0000e-12 1.2512e+03    176.701    13.4827    38.7409    29.1929 0.0000e+00
   2182.000    13.8254     0.1826    98.4793 1.0000e-12 1.2502e+03    176.555    13.4822    38.7407    29.1928 0.0000e+00
   2183.000    13.8254     0.1870    98.4774 1.0000e-12 1.2502e+03    176.368    13.4821    38.7409    29.1930 0.0000e+00
   2184.000    13.8256     0.1870    98.4737 1.0000e-12 1.2588e+03    176.433    13.4821    38.7408    29.1929 0.0000e+00
   2185.000    13.8257     0.1825    98.4737 1.0000e-12 1.2673e+03    176.546    13.4820    38.7408    29.1929 0.0000e+00
   2186.000    13.8256     0.1819    98.4737 1.0000e-12 1.2621e+03    176.553    13.4818    38.7408    29.1930 0.0000e+00
   2187.000    13.8257     0.1835    98.4774 1.0000e-12 1.2664e+03    176.624    13.4817    38.7407    29.1929 0.0000e+00
   2188.000    13.8258     0.1809    98.4748 1.0000e-12 1.2722e+03    176.959    13.4817    38.7406    29.1929 0.0000e+00
   2189.000    13.8259     0.1777    98.4790 1.0000e-12 1.2693e+03    176.989    13.4816    38.7407    29.1929 0.0000e+00
   2190.000    13.8258     0.1827    98.4805 1.0000e-12 1.2715e+03    176.962    13.4813    38.7406    29.1929 0.0000e+00
   2191.000    13.8259     0.1857    98.4835 1.0000e-12 1.2785e+03    176.771    13.4812    38.7406    29.1930 0.0000e+00
   2192.000    13.8260     0.1845    98.4782 1.0000e-12 1.2812e+03    176.657    13.4812    38.7406    29.1930 0.0000e+00
   2193.000    13.8260     0.1857    98.4780 1.0000e-12 1.2850e+03    176.792    13.4810    38.7407    29.1931 0.0000e+00
   2194.000    13.8261     0.1817    98.4816 1.0000e-12 1.2900e+03    176.795    13.4810    38.7407    29.1931 0.0000e+00
   2195.000    13.8264     0.1822    98.4792 1.0000e-12 1.2920e+03    176.404    13.4810    38.7405    29.1929 0.0000e+00
   2196.000    13.8265     0.1820    98.4794 1.0000e-12 1.2957e+03    176.461    13.4810    38.7406    29.1930 0.0000e+00
   2197.000    13.8265     0.1792    98.4813 1.0000e-12 1.2996e+03    176.735    13.4808    38.7406    29.1930 0.0000e+00
   2198.000    13.8267     0.1826    98.4846 1.0000e-12 1.3048e+03    176.624    13.4809    38.7404    29.1929 0.0000e+00
   2199.000    13.8268     0.1780    98.4816 1.0000e-12 1.3067e+03    176.660    13.4807    38.7406    29.1930 0.0000e+00
   2200.000    13.8269     0.1825    98.4845 1.0000e-12 1.3133e+03    176.803    13.4807    38.7404    29.1929 0.0000e+00
   2201.000    13.8269     0.1834    98.4794 1.0000e-12 1.3135e+03    176.899    13.4805    38.7405    29.1930 0.0000e+00
   2202.000    13.8271     0.1825    98.4813 1.0000e-12 1.3160e+03    176.924    13.4805    38.7404    29.1930 0.0000e+00
   2203.000    13.8272     0.1829    98.4835 1.0000e-12 1.3164e+03    176.777    13.4805    38.7405    29.1930 0.0000e+00
   2204.000    13.8273     0.1868    98.4827 1.0000e-12 1.3156e+03    176.901    13.4804    38.7405    29.1930 0.0000e+00
   2205.000    13.8276     0.1871    98.4736 1.0000e-12 1.3205e+03    176.992    13.4805    38.7404    29.1930 0.0000e+00
   2206.000    13.8277     0.1844    98.4737 1.0000e-12 1.3234e+03    176.899    13.4805    38.7405    29.1930 0.0000e+00
   2207.000    13.8278     0.1816    98.4737 1.0000e-12 1.3224e+03    176.943    13.4804    38.7405    29.1930 0.0000e+00
   2208.000    13.8279     0.1796    98.4774 1.0000e-12 1.3279e+03    176.612    13.4804    38.7404    29.1930 0.0000e+00
   2209.000    13.8280     0.1859    98.4861 1.0000e-12 1.3272e+03    176.746    13.4803    38.7404    29.1930 0.0000e+00
   2210.000    13.8281     0.1892    98.4780 1.0000e-12 1.3240e+03    176.932    13.4802    38.7405    29.1931 0.0000e+00
   2211.000    13.8284     0.1916    98.4759 1.0000e-12 1.3312e+03    176.992    13.4803    38.7405    29.1931 0.0000e+00
   2212.000    13.8287     0.1839    98.4759 1.0000e-12 1.3305e+03    177.106    13.4805    38.7405    29.1930 0.0000e+00
   2213.000    13.8287     0.1842    98.4782 1.0000e-12 1.3341e+03    177.085    13.4803    38.7405    29.1931 0.0000e+00
   2214.000    13.8288     0.1840    98.4813 1.0000e-12 1.3418e+03    176.812    13.4803    38.7404    29.1930 0.0000e+00
   2215.000    13.8289     0.1875    98.4780 1.0000e-12 1.3391e+03    176.694    13.4802    38.7403    29.1929 0.0000e+00
   2216.000    13.8292     0.1896    98.4799 1.0000e-12 1.3430e+03    176.893    13.4803    38.7405    29.1931 0.0000e+00
   2217.000    13.8294     0.1839    98.4763 1.0000e-12 1.3432e+03    176.857    13.4804    38.7404    29.1930 0.0000e+00
   2218.000    13.8296     0.1843    98.4737 1.0000e-12 1.3427e+03    176.716    13.4803    38.7404    29.1930 0.0000e+00
   2219.000    13.8297     0.1913    98.4737 1.0000e-12 1.3435e+03    176.854    13.4803    38.7405    29.1930 0.0000e+00
   2220.000    13.8298     0.1950    98.4737 1.0000e-12 1.3442e+03    176.773    13.4802    38.7404    29.1930 0.0000e+00
   2221.000    13.8300     0.1905    98.4781 1.0000e-12 1.3422e+03    176.772    13.4803    38.7404    29.1930 0.0000e+00
   2222.000    13.8302     0.1824    98.4802 1.0000e-12 1.3480e+03    176.709    13.4803    38.7405    29.1931 0.0000e+00
   2223.000    13.8303     0.1835    98.4791 1.0000e-12 1.3485e+03    176.881    13.4802    38.7405    29.1931 0.0000e+00
   2224.000    13.8304     0.1891    98.4794 1.0000e-12 1.3487e+03    176.985    13.4802    38.7405    29.1931 0.0000e+00
   2225.000    13.8306     0.1886    98.4736 1.0000e-12 1.3469e+03    176.958    13.4801    38.7404    29.1930 0.0000e+00
   2226.000    13.8308     0.1848    98.4737 1.0000e-12 1.3533e+03    176.909    13.4802    38.7404    29.1930 0.0000e+00
   2227.000    13.8309     0.1808    98.4737 1.0000e-12 1.3527e+03    177.132    13.4801    38.7404    29.1930 0.0000e+00
   2228.000    13.8311     0.1826    98.4737 1.0000e-12 1.3482e+03    177.023    13.4801    38.7403    29.1930 0.0000e+00
   2229.000    13.8312     0.1861    98.4749 1.0000e-12 1.3501e+03    176.903    13.4801    38.7405    29.1931 0.0000e+00
   2230.000    13.8314     0.1819    98.4813 1.0000e-12 1.3493e+03    176.808    13.4801    38.7404    29.1930 0.0000e+00
   2231.000    13.8314     0.1721    98.4824 1.0000e-12 1.3521e+03    176.998    13.4799    38.7404    29.1931 0.0000e+00
