Data/ruptures/PEACETIME/ION/PEACETIME_ION_CTD_044.cnv
* Sea-Bird SBE 9 Data File:
* FileName = C:\CTD\rawCTD\PEACETIME_ION_CTD_044.hdr
* Software Version Seasave V 7.23.2
* Temperature SN = 1378
* Conductivity SN = 2929
* Number of Bytes Per Scan = 38
* Number of Voltage Words = 5
* Number of Scans Averaged by the Deck Unit = 1
* NMEA Latitude = 35 29.35 N
* NMEA Longitude = 019 46.59 E
* NMEA UTC (Time) = May 27 2017  02:26:08
* NMEA baud rate = 4800
** Cruise:   PEACETIME
** Station:   ION_CTD_044
# nquan = 11
# nvalues = 500                         
# units = specified
# name 0 = prDM: Pressure, Digiquartz [db]
# name 1 = t090C: Temperature [ITS-90, deg C]
# name 2 = flC: Fluorescence, Chelsea Aqua 3 Chl Con [ug/l]
# name 3 = CStarTr0: Beam Transmission, WET Labs C-Star [%]
# name 4 = par: PAR/Irradiance, Biospherical/Licor
# name 5 = spar: SPAR/Surface Irradiance
# name 6 = sbeox0Mm/Kg: Oxygen, SBE 43 [umol/kg]
# name 7 = potemp090C: Potential Temperature [ITS-90, deg C]
# name 8 = sal00: Salinity, Practical [PSU]
# name 9 = sigma-é00: Density [sigma-theta, kg/m^3]
# name 10 = flag:
# span 0 =      2.000,    501.000       
# span 1 =    14.4060,    20.4887       
# span 2 =     0.1715,     0.3585       
# span 3 =    95.2249,    98.2611       
# span 4 = -8.216e-06, 2.2684e-01       
# span 5 = 1.5186e+00, 5.4558e+00       
# span 6 =    172.182,    230.869       
# span 7 =    14.3290,    20.4866       
# span 8 =    38.9111,    39.0514       
# span 9 =    27.6228,    29.1412       
# span 10 = 0.0000e+00, 0.0000e+00      
# interval = decibars: 1                
# start_time = May 27 2017 02:26:08 [NMEA time, first data scan]
# bad_flag = -9.990e-29
*END*
[from data line 263]
    265.000    15.3738     0.1813    98.1635 1.0000e-12 3.7931e+00    196.823    15.3316    39.0336    29.0099 0.0000e+00
    266.000    15.3726     0.1866    98.1871 1.0000e-12 2.3810e+00    196.190    15.3302    39.0339    29.0105 0.0000e+00
    267.000    15.3675     0.1825    98.1757 1.0000e-12 2.9618e+00    196.790    15.3249    39.0335    29.0114 0.0000e+00
    268.000    15.3653     0.1833    98.1738 1.0000e-12 1.9615e+00    196.119    15.3226    39.0336    29.0120 0.0000e+00
    269.000    15.3499     0.1834    98.1651 1.0000e-12 4.1384e+00    194.803    15.3071    39.0298    29.0127 0.0000e+00
    270.000    15.3268     0.1815    98.1905 -9.990e-29 3.4084e+00    194.417    15.2839    39.0253    29.0145 0.0000e+00
    271.000    15.3206     0.1860    98.1939 1.0000e-12 2.9614e+00    194.745    15.2775    39.0250    29.0157 0.0000e+00
    272.000    15.3262     0.1791    98.1604 1.0000e-12 2.6705e+00    194.914    15.2829    39.0278    29.0167 0.0000e+00
    273.000    15.3244     0.1815    98.1766 1.0000e-12 4.0819e+00    194.526    15.2810    39.0280    29.0172 0.0000e+00
    274.000    15.3127     0.1849    98.1796 -9.990e-29 1.9445e+00    194.020    15.2692    39.0258    29.0183 0.0000e+00
    275.000    15.3129     0.1817    98.1863 -9.990e-29 2.3817e+00    194.401    15.2692    39.0270    29.0192 0.0000e+00
    276.000    15.3199     0.1780    98.1875 -9.990e-29 2.1715e+00    194.934    15.2760    39.0304    29.0202 0.0000e+00
    277.000    15.3166     0.1780    98.1875 -9.990e-29 2.5751e+00    195.019    15.2725    39.0300    29.0208 0.0000e+00
    278.000    15.3125     0.1837    98.1875 -9.990e-29 2.6663e+00    194.681    15.2684    39.0299    29.0216 0.0000e+00
    279.000    15.3113     0.1836    98.1855 -9.990e-29 3.1554e+00    194.695    15.2669    39.0309    29.0227 0.0000e+00
    280.000    15.3101     0.1773    98.1838 1.0000e-12 3.6273e+00    194.039    15.2656    39.0310    29.0231 0.0000e+00
    281.000    15.3045     0.1807    98.1876 1.0000e-12 2.8707e+00    193.937    15.2599    39.0297    29.0234 0.0000e+00
    282.000    15.3031     0.1828    98.1875 1.0000e-12 2.8795e+00    194.580    15.2583    39.0310    29.0248 0.0000e+00
    283.000    15.3066     0.1815    98.1894 1.0000e-12 1.7644e+00    194.621    15.2617    39.0327    29.0253 0.0000e+00
    284.000    15.3042     0.1813    98.1772 -9.990e-29 4.1535e+00    194.433    15.2591    39.0322    29.0255 0.0000e+00
    285.000    15.2990     0.1822    98.1783 1.0000e-12 2.6624e+00    194.133    15.2537    39.0309    29.0258 0.0000e+00
    286.000    15.2893     0.1831    98.1821 1.0000e-12 2.2178e+00    194.060    15.2439    39.0296    29.0270 0.0000e+00
    287.000    15.2847     0.1776    98.1657 1.0000e-12 3.1867e+00    193.519    15.2391    39.0299    29.0283 0.0000e+00
    288.000    15.2824     0.1815    98.1769 1.0000e-12 2.2421e+00    194.062    15.2367    39.0303    29.0291 0.0000e+00
    289.000    15.2814     0.1824    98.1708 1.0000e-12 4.2624e+00    193.529    15.2355    39.0302    29.0294 0.0000e+00
    290.000    15.2768     0.1865    98.1793 7.4204e-06 3.2259e+00    193.806    15.2308    39.0291    29.0296 0.0000e+00
    291.000    15.2675     0.1856    98.1642 -9.990e-29 2.1775e+00    193.032    15.2213    39.0274    29.0305 0.0000e+00
    292.000    15.2618     0.1837    98.1756 -9.990e-29 2.7170e+00    193.003    15.2154    39.0262    29.0309 0.0000e+00
    293.000    15.2601     0.1793    98.1762 -9.990e-29 2.3299e+00    192.522    15.2136    39.0257    29.0310 0.0000e+00
    294.000    15.2587     0.1870    98.1770 -9.990e-29 2.8287e+00    192.921    15.2121    39.0254    29.0311 0.0000e+00
    295.000    15.2551     0.1801    98.1808 -9.990e-29 2.9491e+00    192.593    15.2083    39.0247    29.0314 0.0000e+00
    296.000    15.2526     0.1830    98.1786 -9.990e-29 3.2499e+00    193.006    15.2056    39.0244    29.0318 0.0000e+00
    297.000    15.2525     0.1830    98.1782 -9.990e-29 3.7739e+00    192.579    15.2054    39.0245    29.0319 0.0000e+00
    298.000    15.2526     0.1813    98.1877 -9.990e-29 3.2045e+00    193.127    15.2053    39.0247    29.0320 0.0000e+00
    299.000    15.2525     0.1884    98.1875 -9.990e-29 2.2982e+00    192.935    15.2051    39.0253    29.0325 0.0000e+00
    300.000    15.2532     0.1800    98.1783 1.0000e-12 3.7969e+00    192.602    15.2057    39.0264    29.0333 0.0000e+00
    301.000    15.2506     0.1814    98.1843 1.0000e-12 3.1761e+00    192.662    15.2028    39.0260    29.0336 0.0000e+00
    302.000    15.2415     0.1813    98.1807 1.0000e-12 3.2960e+00    192.430    15.1937    39.0237    29.0340 0.0000e+00
    303.000    15.2272     0.1756    98.1711 -9.990e-29 3.3438e+00    192.302    15.1792    39.0217    29.0357 0.0000e+00
    304.000    15.2202     0.1810    98.1763 1.0000e-12 2.5255e+00    191.891    15.1721    39.0215    29.0372 0.0000e+00
    305.000    15.2161     0.1849    98.1811 1.0000e-12 3.8519e+00    191.678    15.1677    39.0215    29.0382 0.0000e+00
    306.000    15.2127     0.1833    98.1724 1.0000e-12 2.5574e+00    191.252    15.1643    39.0216    29.0391 0.0000e+00
    307.000    15.2066     0.1825    98.1798 1.0000e-12 1.7685e+00    191.308    15.1580    39.0214    29.0403 0.0000e+00
    308.000    15.2033     0.1857    98.1599 1.0000e-12 2.0040e+00    191.132    15.1545    39.0212    29.0410 0.0000e+00
    309.000    15.2000     0.1816    98.1814 1.0000e-12 3.5097e+00    190.710    15.1511    39.0210    29.0416 0.0000e+00
    310.000    15.1981     0.1867    98.1875 -9.990e-29 2.3800e+00    190.475    15.1490    39.0209    29.0420 0.0000e+00
    311.000    15.1970     0.1877    98.1875 -9.990e-29 2.6151e+00    190.533    15.1478    39.0209    29.0422 0.0000e+00
    312.000    15.1959     0.1817    98.1849 -9.990e-29 2.3303e+00    190.738    15.1466    39.0210    29.0426 0.0000e+00
    313.000    15.1927     0.1844    98.1819 -9.990e-29 3.5513e+00    190.445    15.1432    39.0206    29.0431 0.0000e+00
    314.000    15.1881     0.1853    98.1676 1.0000e-12 3.2214e+00    190.429    15.1384    39.0201    29.0438 0.0000e+00
    315.000    15.1859     0.1829    98.1840 1.0000e-12 3.9592e+00    190.237    15.1361    39.0198    29.0441 0.0000e+00
    316.000    15.1846     0.1802    98.1849 1.0000e-12 2.2060e+00    190.213    15.1346    39.0198    29.0445 0.0000e+00
    317.000    15.1832     0.1843    98.1811 1.0000e-12 2.6446e+00    189.866    15.1330    39.0198    29.0448 0.0000e+00
    318.000    15.1800     0.1904    98.1738 1.0000e-12 3.1290e+00    189.780    15.1297    39.0195    29.0453 0.0000e+00
    319.000    15.1721     0.1918    98.1616 1.0000e-12 2.2418e+00    189.784    15.1217    39.0188    29.0466 0.0000e+00
    320.000    15.1685     0.1814    98.1753 1.0000e-12 3.3606e+00    189.148    15.1179    39.0184    29.0472 0.0000e+00
    321.000    15.1661     0.1809    98.1756 1.0000e-12 3.3258e+00    189.055    15.1154    39.0182    29.0475 0.0000e+00
    322.000    15.1602     0.1829    98.1869 1.0000e-12 2.3559e+00    188.482    15.1093    39.0172    29.0482 0.0000e+00
    323.000    15.1491     0.1869    98.1888 1.0000e-12 2.5409e+00    188.252    15.0981    39.0159    29.0498 0.0000e+00
    324.000    15.1411     0.1848    98.1778 -9.990e-29 3.7083e+00    187.930    15.0899    39.0149    29.0508 0.0000e+00
    325.000    15.1305     0.1857    98.1864 -9.990e-29 1.7465e+00    188.319    15.0792    39.0137    29.0523 0.0000e+00
    326.000    15.1239     0.1827    98.1699 -9.990e-29 3.9397e+00    187.895    15.0724    39.0129    29.0533 0.0000e+00
    327.000    15.1140     0.1851    98.1808 -9.990e-29 2.2174e+00    187.895    15.0623    39.0117    29.0546 0.0000e+00
    328.000    15.1098     0.1849    98.1677 -9.990e-29 2.0548e+00    187.842    15.0581    39.0117    29.0556 0.0000e+00
    329.000    15.1074     0.1908    98.1587 -9.990e-29 2.8449e+00    187.918    15.0555    39.0115    29.0560 0.0000e+00
    330.000    15.1044     0.1889    98.1750 -9.990e-29 3.7631e+00    187.740    15.0523    39.0113    29.0566 0.0000e+00
    331.000    15.0998     0.1892    98.1636 1.0000e-12 1.8660e+00    187.617    15.0476    39.0109    29.0574 0.0000e+00
    332.000    15.0927     0.1848    98.1734 1.2502e-06 2.9028e+00    187.292    15.0404    39.0097    29.0581 0.0000e+00
    333.000    15.0836     0.1870    98.1777 5.7948e-09 4.0989e+00    187.180    15.0311    39.0088    29.0595 0.0000e+00
    334.000    15.0815     0.1929    98.1811 -9.990e-29 3.6881e+00    187.104    15.0289    39.0087    29.0599 0.0000e+00
    335.000    15.0784     0.1872    98.1745 -9.990e-29 3.5105e+00    186.749    15.0256    39.0083    29.0604 0.0000e+00
    336.000    15.0715     0.1840    98.1809 -9.990e-29 3.5926e+00    186.496    15.0185    39.0074    29.0613 0.0000e+00
    337.000    15.0597     0.1844    98.1748 -9.990e-29 1.8775e+00    185.615    15.0066    39.0058    29.0627 0.0000e+00
    338.000    15.0432     0.1848    98.1785 -9.990e-29 3.1156e+00    185.424    14.9900    39.0037    29.0649 0.0000e+00
    339.000    15.0357     0.1823    98.1810 -9.990e-29 2.2379e+00    184.618    14.9823    39.0027    29.0659 0.0000e+00
    340.000    15.0287     0.1807    98.1779 -9.990e-29 2.1824e+00    184.584    14.9752    39.0013    29.0664 0.0000e+00
    341.000    15.0210     0.1818    98.1823 -9.990e-29 2.8908e+00    184.478    14.9674    38.9998    29.0670 0.0000e+00
    342.000    15.0193     0.1852    98.1819 1.0000e-12 2.9414e+00    184.844    14.9656    38.9995    29.0672 0.0000e+00
    343.000    15.0167     0.1823    98.1912 1.0000e-12 1.9533e+00    184.364    14.9628    38.9988    29.0673 0.0000e+00
    344.000    15.0061     0.1821    98.1810 1.0000e-12 3.1709e+00    184.330    14.9521    38.9965    29.0679 0.0000e+00
    345.000    14.9932     0.1894    98.1481 1.0000e-12 2.8942e+00    184.307    14.9390    38.9944    29.0693 0.0000e+00
    346.000    14.9795     0.1829    98.1931 1.0000e-12 2.3034e+00    183.583    14.9252    38.9922    29.0707 0.0000e+00
    347.000    14.9721     0.1818    98.1899 1.0000e-12 4.4300e+00    183.731    14.9176    38.9910    29.0715 0.0000e+00
    348.000    14.9713     0.1825    98.1961 1.0000e-12 2.5562e+00    183.892    14.9167    38.9908    29.0715 0.0000e+00
    349.000    14.9702     0.1874    98.1810 1.0000e-12 2.3582e+00    183.322    14.9155    38.9906    29.0717 0.0000e+00
    350.000    14.9691     0.1871    98.2030 1.0000e-12 2.5595e+00    183.492    14.9142    38.9905    29.0719 0.0000e+00
    351.000    14.9684     0.1846    98.2022 1.0000e-12 3.9171e+00    183.567    14.9133    38.9905    29.0720 0.0000e+00
    352.000    14.9674     0.1819    98.1880 1.0000e-12 2.3391e+00    184.077    14.9122    38.9902    29.0721 0.0000e+00
    353.000    14.9642     0.1842    98.2102 -9.990e-29 2.5012e+00    183.203    14.9088    38.9899    29.0726 0.0000e+00
    354.000    14.9572     0.1872    98.2014 1.0000e-12 2.4950e+00    183.047    14.9017    38.9891    29.0737 0.0000e+00
    355.000    14.9525     0.1819    98.1732 1.0000e-12 2.8987e+00    183.471    14.8968    38.9884    29.0742 0.0000e+00
    356.000    14.9468     0.1806    98.2052 1.0000e-12 2.2862e+00    182.883    14.8910    38.9879    29.0751 0.0000e+00
    357.000    14.9431     0.1832    98.2064 1.0000e-12 2.5439e+00    182.952    14.8872    38.9874    29.0756 0.0000e+00
    358.000    14.9429     0.1819    98.2003 -9.990e-29 2.6707e+00    182.987    14.8868    38.9878    29.0760 0.0000e+00
    359.000    14.9460     0.1853    98.1802 1.0000e-12 3.1725e+00    183.651    14.8897    38.9900    29.0770 0.0000e+00
    360.000    14.9438     0.1816    98.2053 1.0000e-12 1.6262e+00    183.514    14.8873    38.9911    29.0784 0.0000e+00
    361.000    14.9405     0.1799    98.1928 1.0000e-12 2.6006e+00    183.323    14.8839    38.9911    29.0792 0.0000e+00
    362.000    14.9397     0.1783    98.1900 1.0000e-12 3.2522e+00    183.549    14.8830    38.9912    29.0795 0.0000e+00
    363.000    14.9376     0.1904    98.1840 -9.990e-29 2.6027e+00    183.489    14.8807    38.9908    29.0797 0.0000e+00
    364.000    14.9323     0.1839    98.1795 1.0000e-12 3.8352e+00    183.302    14.8752    38.9900    29.0803 0.0000e+00
    365.000    14.9264     0.1789    98.1917 1.0000e-12 4.1769e+00    183.342    14.8692    38.9892    29.0811 0.0000e+00
    366.000    14.9225     0.1821    98.1918 1.0000e-12 2.4266e+00    182.960    14.8652    38.9887    29.0815 0.0000e+00
    367.000    14.9145     0.1833    98.1810 1.0000e-12 3.4051e+00    182.230    14.8570    38.9871    29.0822 0.0000e+00
    368.000    14.9042     0.1879    98.1857 1.0000e-12 2.5082e+00    182.112    14.8466    38.9853    29.0831 0.0000e+00
    369.000    14.8992     0.1834    98.1894 1.0000e-12 2.4575e+00    182.078    14.8415    38.9846    29.0838 0.0000e+00
    370.000    14.8959     0.1815    98.1951 -9.990e-29 2.3084e+00    181.871    14.8380    38.9840    29.0841 0.0000e+00
    371.000    14.8814     0.1802    98.1768 -9.990e-29 2.9998e+00    181.565    14.8234    38.9807    29.0848 0.0000e+00
    372.000    14.8587     0.1827    98.1890 -9.990e-29 2.7453e+00    181.662    14.8006    38.9766    29.0868 0.0000e+00
    373.000    14.8503     0.1867    98.2203 -9.990e-29 3.6055e+00    181.019    14.7920    38.9752    29.0876 0.0000e+00
    374.000    14.8464     0.1880    98.2187 -9.990e-29 3.6696e+00    180.983    14.7880    38.9747    29.0881 0.0000e+00
    375.000    14.8453     0.1850    98.2203 -9.990e-29 3.1112e+00    181.072    14.7867    38.9746    29.0884 0.0000e+00
    376.000    14.8414     0.1835    98.2329 -9.990e-29 3.4404e+00    180.945    14.7827    38.9740    29.0888 0.0000e+00
    377.000    14.8375     0.1825    98.2339 1.0000e-12 2.9830e+00    180.547    14.7786    38.9737    29.0894 0.0000e+00
    378.000    14.8368     0.1814    98.2330 1.0000e-12 3.5622e+00    180.178    14.7778    38.9736    29.0896 0.0000e+00
    379.000    14.8361     0.1726    98.2363 1.0000e-12 2.5397e+00    180.943    14.7769    38.9736    29.0897 0.0000e+00
    380.000    14.8342     0.1803    98.2293 -9.990e-29 4.7008e+00    180.479    14.7748    38.9732    29.0900 0.0000e+00
    381.000    14.8307     0.1855    98.2337 -9.990e-29 3.1667e+00    180.389    14.7713    38.9728    29.0905 0.0000e+00
    382.000    14.8276     0.1833    98.2180 -9.990e-29 2.2760e+00    180.266    14.7680    38.9723    29.0908 0.0000e+00
    383.000    14.8209     0.1825    98.2269 -9.990e-29 3.1549e+00    180.112    14.7612    38.9709    29.0913 0.0000e+00
    384.000    14.8083     0.1814    98.2415 6.5157e-06 2.9599e+00    179.762    14.7484    38.9690    29.0926 0.0000e+00
    385.000    14.8033     0.1819    98.2217 3.2073e-05 2.2180e+00    179.800    14.7433    38.9683    29.0932 0.0000e+00
    386.000    14.8002     0.1860    98.2286 1.4880e-05 3.3354e+00    180.065    14.7400    38.9677    29.0935 0.0000e+00
    387.000    14.7937     0.1831    98.2292 -3.727e-07 4.3340e+00    180.242    14.7334    38.9663    29.0939 0.0000e+00
    388.000    14.7776     0.1855    98.2306 1.0000e-12 1.8008e+00    180.117    14.7172    38.9636    29.0955 0.0000e+00
    389.000    14.7678     0.1869    98.2244 1.0000e-12 2.2017e+00    179.984    14.7072    38.9620    29.0965 0.0000e+00
    390.000    14.7637     0.1864    98.2402 -9.990e-29 2.6446e+00    179.891    14.7029    38.9616    29.0971 0.0000e+00
    391.000    14.7598     0.1880    98.2451 -9.990e-29 3.7946e+00    179.741    14.6990    38.9612    29.0977 0.0000e+00
    392.000    14.7578     0.1855    98.2403 -9.990e-29 3.4302e+00    179.711    14.6968    38.9608    29.0979 0.0000e+00
    393.000    14.7559     0.1860    98.2321 1.0000e-12 3.5652e+00    179.774    14.6947    38.9605    29.0981 0.0000e+00
    394.000    14.7529     0.1872    98.2410 1.4464e-06 4.0162e+00    180.300    14.6915    38.9601    29.0985 0.0000e+00
