Data/ruptures/PEACETIME/ION/PEACETIME_ION_CTD_034.cnv
* Sea-Bird SBE 9 Data File:
* FileName = C:\CTD\rawCTD\PEACETIME_ION_CTD_034.hdr
* Software Version Seasave V 7.23.2
* Temperature SN = 1378
* Conductivity SN = 2929
* Number of Bytes Per Scan = 34
* Number of Voltage Words = 5
* Number of Scans Averaged by the Deck Unit = 1
* NMEA Latitude = 35 29.38 N
* NMEA Longitude = 019 46.51 E
* NMEA UTC (Time) = May 24 2017  15:05:17
* NMEA baud rate = 4800
** Cruise:   PEACETIME
** Station:   ION_CTD_034
# nquan = 11
# nvalues = 204                         
# units = specified
# name 0 = prDM: Pressure, Digiquartz [db]
# name 1 = t090C: Temperature [ITS-90, deg C]
# name 2 = flC: Fluorescence, Chelsea Aqua 3 Chl Con [ug/l]
# name 3 = CStarTr0: Beam Transmission, WET Labs C-Star [%]
# name 4 = par: PAR/Irradiance, Biospherical/Licor
# name 5 = spar: SPAR/Surface Irradiance
# name 6 = sbeox0Mm/Kg: Oxygen, SBE 43 [umol/kg]
# name 7 = potemp090C: Potential Temperature [ITS-90, deg C]
# name 8 = sal00: Salinity, Practical [PSU]
# name 9 = sigma-é00: Density [sigma-theta, kg/m^3]
# name 10 = flag:
# span 0 =      1.000,    204.000       
# span 1 =    15.5958,    21.2729       
# span 2 =     0.1710,     0.3370       
# span 3 =    95.6321,    98.1073       
# span 4 = 2.5840e-02, 7.7520e+02       
# span 5 = 1.8564e+03, 1.8872e+03       
# span 6 =    203.483,    230.391       
# span 7 =    15.5630,    21.2727       
# span 8 =    39.0040,    39.0520       
# span 9 =    27.4810,    28.9648       
# span 10 = 0.0000e+00, 0.0000e+00      
# interval = decibars: 1                
# start_time = May 24 2017 15:05:17 [NMEA time, header]
# bad_flag = -9.990e-29
*END*
      1.000    21.2729     0.2116    95.6321 7.7520e+02 1.8803e+03    211.844    21.2727    39.0189    27.4810 0.0000e+00
      2.000    21.1610     0.2031    96.5495 5.7951e+02 1.8728e+03    212.004    21.1606    39.0322    27.5224 0.0000e+00
      3.000    21.1039     0.1935    96.6810 3.7405e+02 1.8745e+03    212.242    21.1033    39.0324    27.5386 0.0000e+00
      4.000    20.9753     0.1985    96.6975 2.1421e+02 1.8766e+03    208.175    20.9745    39.0298    27.5721 0.0000e+00
      5.000    20.3396     0.1983    96.6698 1.3594e+02 1.8735e+03    211.056    20.3387    39.0393    27.7547 0.0000e+00
      6.000    20.2499     0.1952    96.6955 1.5440e+02 1.8724e+03    212.008    20.2487    39.0380    27.7782 0.0000e+00
      7.000    20.1296     0.2014    96.6323 1.1823e+02 1.8720e+03    212.983    20.1283    39.0326    27.8067 0.0000e+00
      8.000    20.0639     0.1961    96.6061 1.3062e+02 1.8748e+03    213.629    20.0624    39.0335    27.8252 0.0000e+00
      9.000    20.0441     0.1965    96.5824 1.2130e+02 1.8739e+03    213.871    20.0424    39.0342    27.8312 0.0000e+00
     10.000    20.0233     0.1954    96.5667 1.2649e+02 1.8789e+03    214.135    20.0215    39.0341    27.8367 0.0000e+00
     11.000    20.0157     0.1969    96.5591 1.1749e+02 1.8760e+03    214.831    20.0137    39.0348    27.8393 0.0000e+00
     12.000    20.0046     0.1971    96.5669 1.1975e+02 1.8765e+03    214.838    20.0024    39.0345    27.8422 0.0000e+00
     13.000    19.9957     0.1996    96.5552 1.1029e+02 1.8804e+03    214.230    19.9933    39.0349    27.8449 0.0000e+00
     14.000    19.9874     0.1986    96.5671 1.1599e+02 1.8751e+03    213.920    19.9847    39.0345    27.8470 0.0000e+00
     15.000    19.9784     0.1984    96.5976 1.0939e+02 1.8738e+03    214.464    19.9755    39.0339    27.8490 0.0000e+00
     16.000    19.9719     0.1972    96.5998 1.1696e+02 1.8765e+03    214.242    19.9688    39.0329    27.8500 0.0000e+00
     17.000    19.9627     0.1923    96.6122 1.1064e+02 1.8764e+03    214.210    19.9595    39.0318    27.8517 0.0000e+00
     18.000    19.9486     0.1985    96.6149 1.0621e+02 1.8778e+03    214.149    19.9452    39.0320    27.8557 0.0000e+00
     19.000    19.9218     0.2044    96.6380 1.0416e+02 1.8796e+03    214.459    19.9182    39.0314    27.8624 0.0000e+00
     20.000    19.8780     0.2009    96.6184 1.0487e+02 1.8763e+03    214.302    19.8743    39.0295    27.8729 0.0000e+00
     21.000    19.6764     0.1935    96.5038 1.0684e+02 1.8804e+03    213.552    19.6725    39.0297    27.9270 0.0000e+00
     22.000    19.1027     0.1968    96.4550 9.3085e+01 1.8820e+03    216.427    19.0987    39.0213    28.0723 0.0000e+00
     23.000    18.5064     0.1968    96.5577 9.7327e+01 1.8777e+03    220.689    18.5023    39.0109    28.2194 0.0000e+00
     24.000    18.2624     0.1989    96.6645 8.4308e+01 1.8813e+03    224.118    18.2582    39.0167    28.2865 0.0000e+00
     25.000    18.1495     0.1983    96.7289 9.0003e+01 1.8840e+03    225.771    18.1451    39.0168    28.3154 0.0000e+00
     26.000    18.0893     0.1992    96.7322 7.9239e+01 1.8825e+03    226.566    18.0847    39.0207    28.3337 0.0000e+00
     27.000    18.0510     0.1924    96.7335 7.5631e+01 1.8798e+03    227.229    18.0463    39.0244    28.3463 0.0000e+00
     28.000    17.9981     0.1904    96.7513 7.5512e+01 1.8872e+03    227.752    17.9932    39.0257    28.3608 0.0000e+00
     29.000    17.9408     0.1931    96.7655 7.3626e+01 1.8854e+03    227.490    17.9357    39.0240    28.3740 0.0000e+00
     30.000    17.8564     0.1964    96.7772 7.1717e+01 1.8774e+03    227.445    17.8512    39.0197    28.3920 0.0000e+00
     31.000    17.7585     0.1986    96.7877 6.8407e+01 1.8800e+03    228.489    17.7531    39.0159    28.4138 0.0000e+00
     32.000    17.7152     0.2021    96.7863 6.5759e+01 1.8807e+03    228.781    17.7096    39.0236    28.4306 0.0000e+00
     33.000    17.6900     0.1991    96.7516 6.3109e+01 1.8808e+03    228.564    17.6843    39.0321    28.4434 0.0000e+00
     34.000    17.6696     0.1966    96.7019 6.1707e+01 1.8813e+03    228.062    17.6637    39.0347    28.4506 0.0000e+00
     35.000    17.6090     0.1914    96.7094 5.8768e+01 1.8808e+03    228.854    17.6029    39.0359    28.4668 0.0000e+00
     36.000    17.5667     0.1914    96.7583 5.7394e+01 1.8803e+03    229.136    17.5605    39.0401    28.4805 0.0000e+00
     37.000    17.5464     0.1983    96.7413 5.4616e+01 1.8818e+03    228.937    17.5400    39.0432    28.4880 0.0000e+00
     38.000    17.5321     0.1985    96.7336 5.2679e+01 1.8831e+03    228.725    17.5255    39.0441    28.4923 0.0000e+00
     39.000    17.5148     0.2021    96.7667 5.0500e+01 1.8820e+03    228.231    17.5080    39.0432    28.4960 0.0000e+00
     40.000    17.4483     0.1990    96.7619 4.8212e+01 1.8794e+03    228.327    17.4415    39.0354    28.5065 0.0000e+00
     41.000    17.3568     0.2002    96.7107 4.6500e+01 1.8770e+03    228.797    17.3498    39.0268    28.5227 0.0000e+00
     42.000    17.3166     0.1992    96.6542 4.4348e+01 1.8821e+03    229.361    17.3094    39.0323    28.5369 0.0000e+00
     43.000    17.3113     0.2001    96.6655 4.2589e+01 1.8836e+03    229.299    17.3039    39.0451    28.5481 0.0000e+00
     44.000    17.3016     0.1971    96.6123 4.0736e+01 1.8834e+03    229.077    17.2941    39.0489    28.5535 0.0000e+00
     45.000    17.2625     0.2035    96.5851 3.9464e+01 1.8767e+03    229.142    17.2548    39.0486    28.5630 0.0000e+00
     46.000    17.2130     0.2042    96.6810 3.7982e+01 1.8775e+03    228.865    17.2051    39.0450    28.5724 0.0000e+00
     47.000    17.1774     0.2034    96.6737 3.6321e+01 1.8804e+03    228.788    17.1694    39.0422    28.5790 0.0000e+00
     48.000    17.1220     0.2017    96.6571 3.4955e+01 1.8807e+03    229.113    17.1139    39.0382    28.5896 0.0000e+00
     49.000    17.0797     0.1997    96.6584 3.3664e+01 1.8762e+03    229.714    17.0714    39.0374    28.5995 0.0000e+00
     50.000    17.0372     0.1991    96.6095 3.2567e+01 1.8764e+03    230.059    17.0287    39.0397    28.6117 0.0000e+00
     51.000    17.0254     0.1995    96.6134 3.1294e+01 1.8833e+03    230.015    17.0168    39.0407    28.6154 0.0000e+00
     52.000    16.9886     0.2080    96.6175 3.0250e+01 1.8807e+03    229.484    16.9798    39.0364    28.6211 0.0000e+00
     53.000    16.9259     0.2124    96.5950 2.8943e+01 1.8788e+03    228.920    16.9169    39.0331    28.6339 0.0000e+00
     54.000    16.8879     0.2111    96.5937 2.8127e+01 1.8805e+03    229.777    16.8788    39.0379    28.6469 0.0000e+00
     55.000    16.8752     0.2128    96.6382 2.7020e+01 1.8818e+03    230.021    16.8660    39.0394    28.6511 0.0000e+00
     56.000    16.8420     0.2077    96.6381 2.5937e+01 1.8771e+03    230.007    16.8326    39.0389    28.6589 0.0000e+00
     57.000    16.8328     0.1994    96.6579 2.4972e+01 1.8790e+03    230.391    16.8233    39.0384    28.6608 0.0000e+00
     58.000    16.8239     0.2045    96.6430 2.3918e+01 1.8805e+03    229.712    16.8141    39.0370    28.6619 0.0000e+00
     59.000    16.7574     0.2071    96.6367 2.2933e+01 1.8806e+03    229.381    16.7475    39.0304    28.6730 0.0000e+00
     60.000    16.7245     0.2050    96.6229 2.1948e+01 1.8783e+03    229.771    16.7145    39.0286    28.6796 0.0000e+00
     61.000    16.7084     0.2059    96.5431 2.1171e+01 1.8831e+03    229.461    16.6982    39.0278    28.6830 0.0000e+00
     62.000    16.6980     0.2026    96.6057 2.0130e+01 1.8802e+03    229.703    16.6877    39.0270    28.6849 0.0000e+00
     63.000    16.6768     0.1998    96.5763 1.9210e+01 1.8753e+03    229.175    16.6663    39.0258    28.6891 0.0000e+00
     64.000    16.6358     0.2040    96.5687 1.8428e+01 1.8786e+03    229.565    16.6252    39.0247    28.6982 0.0000e+00
     65.000    16.6016     0.2034    96.5796 1.7563e+01 1.8798e+03    229.535    16.5908    39.0225    28.7048 0.0000e+00
     66.000    16.5856     0.2062    96.5881 1.6749e+01 1.8811e+03    229.495    16.5746    39.0228    28.7090 0.0000e+00
     67.000    16.5720     0.2065    96.5409 1.6006e+01 1.8758e+03    228.224    16.5608    39.0219    28.7116 0.0000e+00
     68.000    16.5064     0.2131    96.5733 1.5294e+01 1.8787e+03    228.949    16.4951    39.0167    28.7233 0.0000e+00
     69.000    16.4960     0.2183    96.5359 1.4560e+01 1.8774e+03    229.328    16.4845    39.0159    28.7253 0.0000e+00
     70.000    16.4910     0.2086    96.5548 1.3892e+01 1.8764e+03    229.349    16.4794    39.0154    28.7262 0.0000e+00
     71.000    16.4770     0.2080    96.5593 1.3293e+01 1.8763e+03    229.918    16.4652    39.0155    28.7296 0.0000e+00
     72.000    16.4555     0.2114    96.6021 1.2571e+01 1.8750e+03    229.224    16.4435    39.0148    28.7343 0.0000e+00
     73.000    16.4182     0.2092    96.5798 1.2006e+01 1.8715e+03    229.137    16.4062    39.0115    28.7407 0.0000e+00
     74.000    16.3993     0.2100    96.6333 1.1439e+01 1.8750e+03    228.316    16.3870    39.0126    28.7461 0.0000e+00
     75.000    16.3629     0.2107    96.6571 1.0857e+01 1.8752e+03    228.490    16.3505    39.0079    28.7512 0.0000e+00
     76.000    16.3489     0.2201    96.6710 1.0326e+01 1.8698e+03    228.706    16.3364    39.0122    28.7579 0.0000e+00
     77.000    16.3590     0.2210    96.6227 9.8188e+00 1.8766e+03    228.774    16.3463    39.0211    28.7624 0.0000e+00
     78.000    16.3722     0.2198    96.6775 9.3342e+00 1.8748e+03    228.028    16.3593    39.0313    28.7671 0.0000e+00
     79.000    16.3715     0.2228    96.6853 8.8654e+00 1.8706e+03    227.745    16.3585    39.0353    28.7704 0.0000e+00
     80.000    16.3561     0.2234    96.7365 8.4369e+00 1.8729e+03    227.305    16.3429    39.0334    28.7727 0.0000e+00
     81.000    16.3395     0.2229    96.7459 8.0206e+00 1.8728e+03    227.102    16.3261    39.0309    28.7748 0.0000e+00
     82.000    16.3330     0.2233    96.7781 7.6306e+00 1.8740e+03    226.876    16.3195    39.0303    28.7759 0.0000e+00
     83.000    16.3178     0.2187    96.7792 7.2657e+00 1.8754e+03    226.773    16.3041    39.0306    28.7798 0.0000e+00
     84.000    16.3108     0.2226    96.8037 6.9156e+00 1.8740e+03    225.679    16.2970    39.0395    28.7884 0.0000e+00
     85.000    16.2983     0.2307    96.7755 6.5666e+00 1.8737e+03    225.345    16.2843    39.0414    28.7929 0.0000e+00
     86.000    16.2885     0.2271    96.7226 6.2502e+00 1.8722e+03    224.451    16.2744    39.0443    28.7975 0.0000e+00
     87.000    16.2673     0.2292    96.7520 5.9361e+00 1.8719e+03    223.808    16.2530    39.0456    28.8035 0.0000e+00
     88.000    16.2512     0.2300    96.7280 5.6274e+00 1.8703e+03    223.368    16.2367    39.0447    28.8067 0.0000e+00
     89.000    16.2392     0.2295    96.7625 5.3362e+00 1.8713e+03    223.146    16.2245    39.0434    28.8086 0.0000e+00
     90.000    16.2313     0.2358    96.7247 5.0566e+00 1.8743e+03    223.183    16.2165    39.0429    28.8102 0.0000e+00
     91.000    16.2213     0.2408    96.6796 4.7865e+00 1.8714e+03    222.463    16.2064    39.0415    28.8115 0.0000e+00
     92.000    16.1862     0.2425    96.6709 4.5362e+00 1.8719e+03    222.877    16.1711    39.0355    28.8152 0.0000e+00
     93.000    16.1543     0.2486    96.5943 4.3015e+00 1.8724e+03    222.395    16.1391    39.0365    28.8236 0.0000e+00
     94.000    16.1357     0.2551    96.4457 4.0704e+00 1.8729e+03    221.771    16.1203    39.0373    28.8287 0.0000e+00
     95.000    16.1233     0.2799    96.3834 3.8422e+00 1.8703e+03    221.127    16.1077    39.0412    28.8346 0.0000e+00
     96.000    16.1159     0.2962    96.3817 3.6265e+00 1.8721e+03    221.022    16.1002    39.0450    28.8393 0.0000e+00
     97.000    16.1122     0.3181    96.3769 3.4173e+00 1.8681e+03    221.318    16.0964    39.0457    28.8408 0.0000e+00
     98.000    16.1073     0.3067    96.2922 3.2140e+00 1.8738e+03    220.500    16.0913    39.0462    28.8424 0.0000e+00
     99.000    16.1021     0.3060    96.4216 3.0088e+00 1.8739e+03    220.506    16.0860    39.0468    28.8441 0.0000e+00
    100.000    16.1014     0.3049    96.3533 2.8099e+00 1.8713e+03    220.076    16.0851    39.0469    28.8444 0.0000e+00
    101.000    16.0996     0.3067    96.3779 2.6296e+00 1.8724e+03    220.133    16.0831    39.0472    28.8451 0.0000e+00
    102.000    16.0982     0.3053    96.2862 2.4592e+00 1.8697e+03    219.167    16.0815    39.0488    28.8467 0.0000e+00
    103.000    16.0955     0.3260    96.2807 2.2937e+00 1.8758e+03    218.658    16.0787    39.0491    28.8476 0.0000e+00
    104.000    16.0896     0.3370    96.3405 2.1401e+00 1.8685e+03    218.592    16.0726    39.0482    28.8483 0.0000e+00
    105.000    16.0733     0.3332    96.3720 2.0026e+00 1.8664e+03    218.110    16.0562    39.0450    28.8498 0.0000e+00
    106.000    16.0575     0.3302    96.3789 1.8674e+00 1.8714e+03    217.068    16.0402    39.0433    28.8522 0.0000e+00
    107.000    16.0497     0.3107    96.4666 1.7434e+00 1.8722e+03    215.703    16.0322    39.0421    28.8532 0.0000e+00
    108.000    16.0229     0.3137    96.6145 1.6244e+00 1.8673e+03    215.833    16.0053    39.0375    28.8560 0.0000e+00
    109.000    15.9991     0.3088    96.7700 1.5175e+00 1.8703e+03    216.718    15.9814    39.0338    28.8588 0.0000e+00
    110.000    15.9895     0.2986    96.8112 1.4224e+00 1.8698e+03    216.477    15.9716    39.0312    28.8591 0.0000e+00
    111.000    15.9760     0.2963    96.9861 1.3327e+00 1.8736e+03    216.666    15.9580    39.0288    28.8604 0.0000e+00
    112.000    15.9599     0.2859    97.1337 1.2490e+00 1.8683e+03    216.289    15.9417    39.0254    28.8617 0.0000e+00
    113.000    15.9476     0.2721    97.2376 1.1779e+00 1.8698e+03    216.072    15.9293    39.0226    28.8624 0.0000e+00
    114.000    15.9291     0.2719    97.3463 1.1092e+00 1.8686e+03    215.734    15.9106    39.0183    28.8635 0.0000e+00
    115.000    15.9172     0.2683    97.3323 1.0473e+00 1.8695e+03    215.066    15.8985    39.0168    28.8652 0.0000e+00
    116.000    15.9154     0.2610    97.4436 9.9251e-01 1.8693e+03    214.584    15.8965    39.0164    28.8653 0.0000e+00
    117.000    15.9115     0.2519    97.4124 9.4004e-01 1.8702e+03    215.016    15.8926    39.0162    28.8661 0.0000e+00
    118.000    15.9044     0.2495    97.4675 8.9379e-01 1.8656e+03    214.790    15.8852    39.0154    28.8672 0.0000e+00
    119.000    15.8983     0.2510    97.5534 8.5236e-01 1.8639e+03    214.636    15.8791    39.0149    28.8683 0.0000e+00
    120.000    15.8955     0.2537    97.6098 8.1337e-01 1.8693e+03    214.924    15.8761    39.0155    28.8694 0.0000e+00
    121.000    15.8978     0.2503    97.6242 7.7680e-01 1.8650e+03    214.330    15.8782    39.0165    28.8697 0.0000e+00
    122.000    15.8970     0.2414    97.6097 7.4096e-01 1.8645e+03    213.752    15.8773    39.0172    28.8705 0.0000e+00
    123.000    15.8812     0.2413    97.6392 7.0754e-01 1.8688e+03    213.652    15.8613    39.0138    28.8716 0.0000e+00
    124.000    15.8683     0.2449    97.6459 6.7562e-01 1.8700e+03    213.976    15.8482    39.0116    28.8730 0.0000e+00
    125.000    15.8675     0.2383    97.5488 6.4843e-01 1.8634e+03    213.702    15.8472    39.0117    28.8733 0.0000e+00
    126.000    15.8606     0.2334    97.7054 6.2226e-01 1.8667e+03    212.856    15.8402    39.0113    28.8746 0.0000e+00
    127.000    15.8615     0.2331    97.7203 5.9601e-01 1.8669e+03    212.238    15.8409    39.0135    28.8762 0.0000e+00
    128.000    15.8533     0.2303    97.7600 5.6919e-01 1.8675e+03    212.354    15.8326    39.0110    28.8762 0.0000e+00
    129.000    15.8393     0.2312    97.7480 5.4572e-01 1.8660e+03    212.202    15.8184    39.0069    28.8763 0.0000e+00
    130.000    15.8264     0.2278    97.7712 5.2152e-01 1.8676e+03    212.021    15.8053    39.0056    28.8784 0.0000e+00
    131.000    15.8178     0.2154    97.7712 5.0024e-01 1.8651e+03    211.828    15.7966    39.0040    28.8792 0.0000e+00
