Data/ruptures/PEACETIME/ION/PEACETIME_ION_CTD_040.cnv
* Sea-Bird SBE 9 Data File:
* FileName = C:\CTD\rawCTD\PEACETIME_ION_CTD_040.hdr
* Software Version Seasave V 7.23.2
* Temperature SN = 1378
* Conductivity SN = 2929
* Number of Bytes Per Scan = 38
* Number of Voltage Words = 5
* Number of Scans Averaged by the Deck Unit = 1
* NMEA Latitude = 35 29.35 N
* NMEA Longitude = 019 46.59 E
* NMEA UTC (Time) = May 26 2017  02:25:31
* NMEA baud rate = 4800
** Cruise:   PEACETIME
** Station:   ION_CTD_040
# nquan = 11
# nvalues = 501                         
# units = specified
# name 0 = prDM: Pressure, Digiquartz [db]
# name 1 = t090C: Temperature [ITS-90, deg C]
# name 2 = flC: Fluorescence, Chelsea Aqua 3 Chl Con [ug/l]
# name 3 = CStarTr0: Beam Transmission, WET Labs C-Star [%]
# name 4 = par: PAR/Irradiance, Biospherical/Licor
# name 5 = spar: SPAR/Surface Irradiance
# name 6 = sbeox0Mm/Kg: Oxygen, SBE 43 [umol/kg]
# name 7 = potemp090C: Potential Temperature [ITS-90, deg C]
# name 8 = sal00: Salinity, Practical [PSU]
# name 9 = sigma-é00: Density [sigma-theta, kg/m^3]
# name 10 = flag:
# span 0 =      1.000,    501.000       
# span 1 =    14.3960,    20.6564       
# span 2 =     0.1747,     0.3746       
# span 3 =    96.4965,    98.3994       
# span 4 = -1.611e-06, 3.0198e-01       
# span 5 = 1.2584e+00, 5.5518e+00       
# span 6 =    171.971,    233.210       
# span 7 =    14.3191,    20.6562       
# span 8 =    38.8671,    39.0508       
# span 9 =    27.6596,    29.1422       
# span 10 = 0.0000e+00, 0.0000e+00      
# interval = decibars: 1                
# start_time = May 26 2017 02:25:32 [NMEA time, first data scan]
# bad_flag = -9.990e-29
*END*
[from data line 394]
    395.000    14.7611     0.1862    98.3994 -9.990e-29 2.1853e+00    179.329    14.6996    38.9634    29.0993 0.0000e+00
    396.000    14.7555     0.1839    98.3972 1.0000e-12 1.6262e+00    178.979    14.6938    38.9629    29.1002 0.0000e+00
    397.000    14.7509     0.1899    98.3919 1.0000e-12 3.1736e+00    179.128    14.6891    38.9624    29.1008 0.0000e+00
    398.000    14.7441     0.1870    98.3896 1.0000e-12 2.2629e+00    178.538    14.6821    38.9617    29.1018 0.0000e+00
    399.000    14.7369     0.1826    98.3883 1.0000e-12 3.4818e+00    178.918    14.6748    38.9609    29.1029 0.0000e+00
    400.000    14.7341     0.1822    98.3581 1.0000e-12 2.8760e+00    179.250    14.6719    38.9606    29.1033 0.0000e+00
    401.000    14.7284     0.1836    98.3866 4.5437e-06 3.0188e+00    178.552    14.6660    38.9597    29.1039 0.0000e+00
    402.000    14.7232     0.1828    98.3837 3.9621e-05 1.8259e+00    178.742    14.6607    38.9598    29.1052 0.0000e+00
    403.000    14.7205     0.1883    98.3680 -1.338e-07 2.1141e+00    178.894    14.6578    38.9596    29.1056 0.0000e+00
    404.000    14.7146     0.1861    98.3530 1.0000e-12 3.1193e+00    178.627    14.6518    38.9586    29.1063 0.0000e+00
    405.000    14.7035     0.1869    98.3631 1.1834e-06 3.2505e+00    178.261    14.6406    38.9571    29.1076 0.0000e+00
    406.000    14.6993     0.1792    98.3558 -9.652e-11 2.8529e+00    178.647    14.6362    38.9565    29.1081 0.0000e+00
    407.000    14.6934     0.1843    98.3633 1.2870e-06 2.0151e+00    178.180    14.6302    38.9556    29.1088 0.0000e+00
    408.000    14.6870     0.1857    98.3636 4.3375e-05 2.3050e+00    178.462    14.6236    38.9548    29.1096 0.0000e+00
    409.000    14.6848     0.1858    98.3500 1.0368e-04 2.2231e+00    178.109    14.6214    38.9545    29.1099 0.0000e+00
    410.000    14.6845     0.1848    98.3585 1.6827e-04 3.0263e+00    178.242    14.6209    38.9545    29.1100 0.0000e+00
    411.000    14.6845     0.1862    98.3311 9.5674e-05 3.6727e+00    178.506    14.6207    38.9545    29.1100 0.0000e+00
    412.000    14.6834     0.1852    98.3519 1.3457e-04 3.3861e+00    178.237    14.6195    38.9544    29.1102 0.0000e+00
    413.000    14.6808     0.1883    98.3563 5.7152e-04 2.9890e+00    178.283    14.6167    38.9539    29.1104 0.0000e+00
    414.000    14.6779     0.1829    98.3647 -1.611e-06 3.3876e+00    178.214    14.6137    38.9534    29.1108 0.0000e+00
    415.000    14.6756     0.1818    98.3622 1.0000e-12 3.4171e+00    178.128    14.6112    38.9531    29.1111 0.0000e+00
    416.000    14.6747     0.1795    98.3615 1.0000e-12 3.0816e+00    178.287    14.6102    38.9530    29.1112 0.0000e+00
    417.000    14.6738     0.1832    98.3523 1.0000e-12 4.3381e+00    177.859    14.6091    38.9530    29.1114 0.0000e+00
    418.000    14.6728     0.1832    98.3561 1.0000e-12 2.9397e+00    178.026    14.6079    38.9527    29.1115 0.0000e+00
    419.000    14.6706     0.1821    98.3571 1.0000e-12 2.3071e+00    177.743    14.6056    38.9524    29.1118 0.0000e+00
    420.000    14.6681     0.1816    98.3558 1.0000e-12 2.3222e+00    177.501    14.6029    38.9519    29.1120 0.0000e+00
    421.000    14.6631     0.1798    98.3493 1.0000e-12 2.0796e+00    177.737    14.5978    38.9510    29.1125 0.0000e+00
    422.000    14.6572     0.1797    98.3651 1.0000e-12 3.6104e+00    177.740    14.5918    38.9503    29.1132 0.0000e+00
    423.000    14.6552     0.1843    98.3648 -9.990e-29 2.6211e+00    177.124    14.5896    38.9501    29.1135 0.0000e+00
    424.000    14.6510     0.1829    98.3631 1.0000e-12 2.4385e+00    176.843    14.5853    38.9494    29.1140 0.0000e+00
    425.000    14.6461     0.1811    98.3670 1.0000e-12 2.0894e+00    177.289    14.5802    38.9488    29.1146 0.0000e+00
    426.000    14.6428     0.1851    98.3469 1.0000e-12 2.4034e+00    177.702    14.5768    38.9484    29.1151 0.0000e+00
    427.000    14.6411     0.1866    98.3698 1.0000e-12 2.5895e+00    177.447    14.5749    38.9482    29.1154 0.0000e+00
    428.000    14.6373     0.1902    98.3696 1.0000e-12 3.2819e+00    177.032    14.5709    38.9477    29.1159 0.0000e+00
    429.000    14.6357     0.1906 -9.990e-29 1.0000e-12 3.7390e+00    177.506    14.5693    38.9476    29.1161 0.0000e+00
    430.000    14.6314     0.1839 -9.990e-29 -9.990e-29 3.5272e+00    177.082    14.5648    38.9468    29.1165 0.0000e+00
    431.000    14.6224     0.1801    98.3594 1.0000e-12 1.9956e+00    176.986    14.5557    38.9460    29.1180 0.0000e+00
    432.000    14.6200     0.1865    98.3604 1.0000e-12 1.5909e+00    176.492    14.5531    38.9457    29.1183 0.0000e+00
    433.000    14.6164     0.1859    98.3608 1.0000e-12 2.3988e+00    176.554    14.5494    38.9454    29.1189 0.0000e+00
    434.000    14.6145     0.1830    98.3658 1.0000e-12 2.8441e+00    176.720    14.5473    38.9452    29.1192 0.0000e+00
    435.000    14.6085     0.1820    98.3628 1.0000e-12 2.9258e+00    176.539    14.5412    38.9443    29.1199 0.0000e+00
    436.000    14.5966     0.1801    98.3622 1.0000e-12 3.0198e+00    176.252    14.5291    38.9428    29.1214 0.0000e+00
    437.000    14.5888     0.1857    98.3553 1.0000e-12 3.4805e+00    176.251    14.5212    38.9419    29.1225 0.0000e+00
    438.000    14.5875     0.1809    98.3547 -9.990e-29 3.2190e+00    176.054    14.5198    38.9418    29.1227 0.0000e+00
    439.000    14.5872     0.1866    98.3571 -9.990e-29 2.9161e+00    176.173    14.5193    38.9417    29.1228 0.0000e+00
    440.000    14.5847     0.1805    98.3665 -9.990e-29 1.9172e+00    175.972    14.5166    38.9414    29.1231 0.0000e+00
    441.000    14.5813     0.1847    98.3666 1.0000e-12 2.5545e+00    175.770    14.5131    38.9410    29.1236 0.0000e+00
    442.000    14.5803     0.1848    98.3696 1.0000e-12 3.3186e+00    176.018    14.5119    38.9408    29.1237 0.0000e+00
    443.000    14.5793     0.1863    98.3546 1.0000e-12 3.7619e+00    175.790    14.5107    38.9406    29.1238 0.0000e+00
    444.000    14.5778     0.1898    98.3464 1.0000e-12 2.2772e+00    175.551    14.5091    38.9404    29.1240 0.0000e+00
    445.000    14.5696     0.1882    98.3624 1.0000e-12 2.5591e+00    175.684    14.5008    38.9391    29.1248 0.0000e+00
    446.000    14.5652     0.1873    98.3644 1.0000e-12 2.1690e+00    175.536    14.4962    38.9386    29.1255 0.0000e+00
    447.000    14.5571     0.1817    98.3561 1.0000e-12 3.7362e+00    175.847    14.4880    38.9374    29.1264 0.0000e+00
    448.000    14.5552     0.1830    98.3607 -9.990e-29 2.6630e+00    175.439    14.4860    38.9371    29.1266 0.0000e+00
    449.000    14.5543     0.1844    98.3558 1.0000e-12 2.4216e+00    174.950    14.4849    38.9370    29.1268 0.0000e+00
    450.000    14.5513     0.1870    98.3634 1.0000e-12 2.3677e+00    174.663    14.4818    38.9364    29.1270 0.0000e+00
    451.000    14.5475     0.1889    98.3630 1.0000e-12 3.0089e+00    174.290    14.4778    38.9358    29.1274 0.0000e+00
    452.000    14.5357     0.1857    98.3480 1.0000e-12 2.9395e+00    174.558    14.4659    38.9338    29.1285 0.0000e+00
    453.000    14.5268     0.1870    98.3612 1.0000e-12 2.3633e+00    174.557    14.4569    38.9324    29.1294 0.0000e+00
    454.000    14.5221     0.1866    98.3571 1.0000e-12 3.1842e+00    174.609    14.4520    38.9316    29.1299 0.0000e+00
    455.000    14.5195     0.1886    98.3354 1.0000e-12 2.3283e+00    174.417    14.4493    38.9313    29.1303 0.0000e+00
    456.000    14.5161     0.1832    98.3593 1.0000e-12 2.8454e+00    174.310    14.4458    38.9306    29.1305 0.0000e+00
    457.000    14.5097     0.1766    98.3627 1.0000e-12 3.5049e+00    174.445    14.4392    38.9296    29.1312 0.0000e+00
    458.000    14.5067     0.1861    98.3591 1.0000e-12 3.5621e+00    174.515    14.4361    38.9291    29.1315 0.0000e+00
    459.000    14.5028     0.1837    98.3568 1.0000e-12 3.1416e+00    174.129    14.4320    38.9286    29.1320 0.0000e+00
    460.000    14.5019     0.1838    98.3597 1.0000e-12 1.9644e+00    174.426    14.4309    38.9284    29.1321 0.0000e+00
    461.000    14.5006     0.1813    98.3589 1.0000e-12 2.9364e+00    174.557    14.4295    38.9281    29.1322 0.0000e+00
    462.000    14.4983     0.1849    98.3583 1.0000e-12 2.7587e+00    174.190    14.4271    38.9277    29.1324 0.0000e+00
    463.000    14.4970     0.1890    98.3624 -9.990e-29 2.3189e+00    174.156    14.4257    38.9276    29.1327 0.0000e+00
    464.000    14.4967     0.1858    98.3650 1.0000e-12 3.2951e+00    174.004    14.4252    38.9276    29.1327 0.0000e+00
    465.000    14.4952     0.1853    98.3536 1.4972e-05 2.8045e+00    174.368    14.4235    38.9273    29.1329 0.0000e+00
    466.000    14.4938     0.1883    98.3380 -4.206e-08 2.6280e+00    174.062    14.4220    38.9270    29.1330 0.0000e+00
    467.000    14.4935     0.1859    98.3340 -9.990e-29 2.4725e+00    174.194    14.4215    38.9270    29.1331 0.0000e+00
    468.000    14.4931     0.1811    98.3540 -9.990e-29 2.9769e+00    174.112    14.4209    38.9269    29.1331 0.0000e+00
    469.000    14.4928     0.1747    98.3690 -9.990e-29 2.5918e+00    173.759    14.4205    38.9268    29.1331 0.0000e+00
    470.000    14.4922     0.1817    98.3696 -9.990e-29 2.4573e+00    173.840    14.4197    38.9267    29.1333 0.0000e+00
    471.000    14.4919     0.1806    98.3644 1.0000e-12 3.1333e+00    174.037    14.4193    38.9266    29.1333 0.0000e+00
    472.000    14.4900     0.1809    98.3603 1.0000e-12 4.1030e+00    174.169    14.4172    38.9262    29.1334 0.0000e+00
    473.000    14.4888     0.1837    98.3617 1.0000e-12 3.5197e+00    174.274    14.4159    38.9260    29.1336 0.0000e+00
    474.000    14.4852     0.1854    98.3560 1.0000e-12 2.7106e+00    174.004    14.4121    38.9254    29.1339 0.0000e+00
    475.000    14.4783     0.1839    98.3690 1.0000e-12 2.9862e+00    173.703    14.4051    38.9241    29.1345 0.0000e+00
    476.000    14.4717     0.1798    98.3660 1.0000e-12 2.9487e+00    173.961    14.3983    38.9232    29.1353 0.0000e+00
    477.000    14.4700     0.1848    98.3708 1.0000e-12 3.2122e+00    174.308    14.3965    38.9230    29.1355 0.0000e+00
    478.000    14.4684     0.1827    98.3650 1.0000e-12 2.4912e+00    174.067    14.3947    38.9227    29.1357 0.0000e+00
    479.000    14.4678     0.1827    98.3696 1.0000e-12 2.5998e+00    174.007    14.3940    38.9227    29.1358 0.0000e+00
    480.000    14.4676     0.1787    98.3689 1.0000e-12 3.5008e+00    173.855    14.3936    38.9226    29.1359 0.0000e+00
    481.000    14.4668     0.1866    98.3660 -9.990e-29 2.2329e+00    174.104    14.3927    38.9225    29.1359 0.0000e+00
    482.000    14.4644     0.1850    98.3661 -9.990e-29 2.2033e+00    174.061    14.3902    38.9222    29.1363 0.0000e+00
    483.000    14.4618     0.1816    98.3667 -9.990e-29 2.5642e+00    173.876    14.3874    38.9219    29.1367 0.0000e+00
    484.000    14.4603     0.1863    98.3684 -9.990e-29 3.7858e+00    173.643    14.3857    38.9216    29.1368 0.0000e+00
    485.000    14.4593     0.1867    98.3650 -9.990e-29 3.2486e+00    173.754    14.3846    38.9215    29.1370 0.0000e+00
    486.000    14.4529     0.1838    98.3517 -9.990e-29 3.7725e+00    173.494    14.3780    38.9203    29.1375 0.0000e+00
    487.000    14.4455     0.1889    98.3515 -9.990e-29 4.5165e+00    173.219    14.3705    38.9190    29.1382 0.0000e+00
    488.000    14.4408     0.1862    98.3484 -9.990e-29 2.7370e+00    173.166    14.3657    38.9181    29.1385 0.0000e+00
    489.000    14.4377     0.1775    98.3323 -9.990e-29 3.3584e+00    173.188    14.3625    38.9176    29.1389 0.0000e+00
    490.000    14.4334     0.1850    98.3424 -9.990e-29 1.2584e+00    173.185    14.3580    38.9167    29.1392 0.0000e+00
    491.000    14.4286     0.1867    98.3081 -9.990e-29 2.9917e+00    173.359    14.3530    38.9158    29.1395 0.0000e+00
    492.000    14.4262     0.1888    98.3421 1.0000e-12 3.2903e+00    173.275    14.3505    38.9153    29.1398 0.0000e+00
    493.000    14.4249     0.1902    98.3378 1.0000e-12 2.7064e+00    173.184    14.3491    38.9152    29.1400 0.0000e+00
    494.000    14.4245     0.1892    98.3335 1.0000e-12 2.8825e+00    172.847    14.3486    38.9151    29.1400 0.0000e+00
    495.000    14.4232     0.1842    98.3493 1.0000e-12 3.0340e+00    172.927    14.3471    38.9147    29.1400 0.0000e+00
    496.000    14.4203     0.1839    98.3489 1.0000e-12 2.3214e+00    172.990    14.3440    38.9141    29.1402 0.0000e+00
    497.000    14.4183     0.1856    98.3466 -9.990e-29 2.9185e+00    172.926    14.3419    38.9137    29.1404 0.0000e+00
    498.000    14.4142     0.1883    98.3571 1.0000e-12 2.7925e+00    172.573    14.3376    38.9127    29.1406 0.0000e+00
    499.000    14.4078     0.1847    98.3507 1.0000e-12 1.9997e+00    172.887    14.3310    38.9114    29.1410 0.0000e+00
    500.000    14.4016     0.1840    98.3454 1.0000e-12 2.6563e+00    172.406    14.3247    38.9102    29.1415 0.0000e+00
    501.000    14.3960     0.1855    98.3359 1.0000e-12 1.2809e+00    171.971    14.3191    38.9095    29.1422 0.0000e+00
