Data/ruptures/PEACETIME/ION/PEACETIME_ION_CTD_046.cnv
* Sea-Bird SBE 9 Data File:
* FileName = C:\CTD\rawCTD\PEACETIME_ION_CTD_046.hdr
* Software Version Seasave V 7.23.2
* Temperature SN = 1378
* Conductivity SN = 2929
* Number of Bytes Per Scan = 38
* Number of Voltage Words = 5
* Number of Scans Averaged by the Deck Unit = 1
* NMEA Latitude = 35 29.35 N
* NMEA Longitude = 019 46.59 E
* NMEA UTC (Time) = May 27 2017  08:19:19
* NMEA baud rate = 4800
** Cruise:   PEACETIME
** Station:   ION_CTD_046
# nquan = 11
# nvalues = 3001                        
# units = specified
# name 0 = prDM: Pressure, Digiquartz [db]
# name 1 = t090C: Temperature [ITS-90, deg C]
# name 2 = flC: Fluorescence, Chelsea Aqua 3 Chl Con [ug/l]
# name 3 = CStarTr0: Beam Transmission, WET Labs C-Star [%]
# name 4 = par: PAR/Irradiance, Biospherical/Licor
# name 5 = spar: SPAR/Surface Irradiance
# name 6 = sbeox0Mm/Kg: Oxygen, SBE 43 [umol/kg]
# name 7 = potemp090C: Potential Temperature [ITS-90, deg C]
# name 8 = sal00: Salinity, Practical [PSU]
# name 9 = sigma-é00: Density [sigma-theta, kg/m^3]
# name 10 = flag:
# span 0 =      2.000,   3002.000       
# span 1 =    13.7810,    20.3500       
# span 2 =     0.1694,     0.3059       
# span 3 =    96.6426,    98.5628       
# span 4 = -2.424e-06, 1.3991e+03       
# span 5 = 8.3956e+02, 2.9729e+03       
# span 6 =    167.569,    229.788       
# span 7 =    13.4287,    20.3488       
# span 8 =    38.7332,    39.0653       
# span 9 =    27.7238,    29.1986       
# span 10 = 0.0000e+00, 0.0000e+00      
# interval = decibars: 1                
# start_time = May 27 2017 08:26:11 [NMEA time, first data scan]
# bad_flag = -9.990e-29
*END*
[from data line 656]
    658.000    14.0757     0.1790    98.4216 1.0000e-12 2.6069e+03    169.472    13.9756    38.8435    29.1664 0.0000e+00
    659.000    14.0737     0.1841    98.4130 1.0000e-12 2.6107e+03    169.274    13.9735    38.8430    29.1664 0.0000e+00
    660.000    14.0699     0.1814    98.4236 1.0000e-12 2.6065e+03    168.940    13.9695    38.8422    29.1667 0.0000e+00
    661.000    14.0675     0.1864    98.4216 1.0000e-12 2.6115e+03    168.862    13.9669    38.8417    29.1668 0.0000e+00
    662.000    14.0645     0.1863    98.4130 1.0000e-12 2.6154e+03    169.442    13.9638    38.8408    29.1668 0.0000e+00
    663.000    14.0644     0.1751    98.4179 1.0000e-12 2.6146e+03    169.130    13.9636    38.8408    29.1669 0.0000e+00
    664.000    14.0619     0.1805    98.4257 1.0000e-12 2.6119e+03    168.976    13.9609    38.8400    29.1668 0.0000e+00
    665.000    14.0569     0.1849    98.4246 1.0000e-12 2.6180e+03    169.274    13.9558    38.8391    29.1672 0.0000e+00
    666.000    14.0560     0.1844    98.4108 1.0000e-12 2.6159e+03    169.493    13.9548    38.8390    29.1674 0.0000e+00
    667.000    14.0554     0.1807    98.4127 1.0000e-12 2.6169e+03    169.372    13.9539    38.8387    29.1674 0.0000e+00
    668.000    14.0547     0.1811    98.4095 1.0000e-12 2.6181e+03    169.335    13.9531    38.8384    29.1673 0.0000e+00
    669.000    14.0542     0.1794    98.4255 1.0000e-12 2.6171e+03    169.271    13.9525    38.8384    29.1674 0.0000e+00
    670.000    14.0525     0.1846    98.4283 1.0000e-12 2.6201e+03    169.179    13.9506    38.8380    29.1675 0.0000e+00
    671.000    14.0500     0.1832    98.4386 1.0000e-12 2.6190e+03    169.142    13.9480    38.8374    29.1676 0.0000e+00
    672.000    14.0485     0.1865    98.4404 1.0000e-12 2.6174e+03    169.180    13.9463    38.8370    29.1677 0.0000e+00
    673.000    14.0442     0.1834    98.4431 1.0000e-12 2.6184e+03    168.996    13.9418    38.8360    29.1679 0.0000e+00
    674.000    14.0412     0.1803    98.4376 1.0000e-12 2.6267e+03    168.250    13.9387    38.8352    29.1679 0.0000e+00
    675.000    14.0402     0.1858    98.4325 1.0000e-12 2.6151e+03    168.665    13.9376    38.8351    29.1681 0.0000e+00
    676.000    14.0383     0.1840    98.4428 1.0000e-12 2.6169e+03    168.846    13.9355    38.8344    29.1680 0.0000e+00
    677.000    14.0365     0.1802    98.4460 1.0000e-12 2.6099e+03    168.935    13.9336    38.8342    29.1683 0.0000e+00
    678.000    14.0357     0.1811 -9.990e-29 1.0000e-12 2.6014e+03    169.095    13.9327    38.8338    29.1682 0.0000e+00
    679.000    14.0338     0.1793 -9.990e-29 1.0000e-12 2.5961e+03    169.080    13.9306    38.8334    29.1683 0.0000e+00
    680.000    14.0335     0.1790 -9.990e-29 1.0000e-12 2.5973e+03    168.744    13.9302    38.8334    29.1684 0.0000e+00
    681.000    14.0336     0.1770    98.4464 1.0000e-12 2.5969e+03    168.742    13.9302    38.8334    29.1684 0.0000e+00
    682.000    14.0341     0.1823    98.4336 1.0000e-12 2.5979e+03    169.196    13.9305    38.8333    29.1683 0.0000e+00
    683.000    14.0337     0.1793    98.4409 1.0000e-12 2.6032e+03    168.885    13.9299    38.8334    29.1685 0.0000e+00
    684.000    14.0307     0.1797    98.4430 1.0000e-12 2.6072e+03    168.662    13.9267    38.8326    29.1686 0.0000e+00
    685.000    14.0269     0.1793    98.4428 1.0000e-12 2.6075e+03    168.782    13.9228    38.8317    29.1687 0.0000e+00
    686.000    14.0253     0.1853    98.4332 1.0000e-12 2.6128e+03    168.692    13.9210    38.8313    29.1688 0.0000e+00
    687.000    14.0247     0.1843    98.4441 1.0000e-12 2.6123e+03    169.078    13.9203    38.8311    29.1688 0.0000e+00
    688.000    14.0226     0.1815    98.4477 1.0000e-12 2.6072e+03    168.902    13.9181    38.8305    29.1688 0.0000e+00
    689.000    14.0201     0.1866 -9.990e-29 1.0000e-12 2.6074e+03    168.930    13.9154    38.8299    29.1689 0.0000e+00
    690.000    14.0186     0.1873 -9.990e-29 1.0000e-12 2.6031e+03    168.889    13.9138    38.8296    29.1690 0.0000e+00
    691.000    14.0157     0.1817    98.4534 1.0000e-12 2.6065e+03    168.380    13.9107    38.8289    29.1691 0.0000e+00
    692.000    14.0114     0.1844    98.4526 1.0000e-12 2.6049e+03    168.363    13.9063    38.8277    29.1691 0.0000e+00
    693.000    14.0054     0.1832    98.4486 1.0000e-12 2.6055e+03    168.791    13.9002    38.8264    29.1695 0.0000e+00
    694.000    13.9996     0.1844    98.4487 1.0000e-12 2.6083e+03    168.855    13.8942    38.8251    29.1698 0.0000e+00
    695.000    13.9965     0.1809    98.4550 1.0000e-12 2.6098e+03    168.837    13.8910    38.8243    29.1699 0.0000e+00
    696.000    13.9929     0.1817    98.4515 1.0000e-12 2.6083e+03    168.871    13.8873    38.8232    29.1698 0.0000e+00
    697.000    13.9865     0.1798    98.4643 1.0000e-12 2.6100e+03    168.791    13.8808    38.8220    29.1702 0.0000e+00
    698.000    13.9850     0.1819    98.4538 1.0000e-12 2.6100e+03    168.964    13.8791    38.8217    29.1704 0.0000e+00
    699.000    13.9849     0.1852    98.4550 1.0000e-12 2.6106e+03    168.949    13.8788    38.8216    29.1704 0.0000e+00
    700.000    13.9856     0.1863    98.4527 1.0000e-12 2.6118e+03    169.363    13.8794    38.8218    29.1704 0.0000e+00
    701.000    13.9858     0.1835    98.4539 1.0000e-12 2.6158e+03    169.029    13.8795    38.8219    29.1705 0.0000e+00
    702.000    13.9850     0.1809    98.4642 1.0000e-12 2.6187e+03    168.399    13.8785    38.8217    29.1705 0.0000e+00
    703.000    13.9845     0.1827    98.4587 1.0000e-12 2.6124e+03    168.836    13.8779    38.8216    29.1706 0.0000e+00
    704.000    13.9843     0.1854    98.4551 1.0000e-12 2.6162e+03    168.706    13.8775    38.8214    29.1705 0.0000e+00
    705.000    13.9845     0.1839    98.4594 1.0000e-12 2.6137e+03    168.487    13.8775    38.8216    29.1707 0.0000e+00
    706.000    13.9838     0.1772    98.4541 1.0000e-12 2.6073e+03    168.407    13.8766    38.8213    29.1706 0.0000e+00
    707.000    13.9829     0.1737    98.4592 1.0000e-12 2.6101e+03    168.658    13.8756    38.8211    29.1707 0.0000e+00
    708.000    13.9829     0.1734    98.4555 1.0000e-12 2.6059e+03    168.960    13.8754    38.8211    29.1708 0.0000e+00
    709.000    13.9826     0.1754    98.4574 1.0000e-12 2.6125e+03    169.001    13.8750    38.8211    29.1708 0.0000e+00
    710.000    13.9821     0.1779    98.4534 1.0000e-12 2.6039e+03    168.787    13.8744    38.8209    29.1708 0.0000e+00
    711.000    13.9813     0.1818    98.4533 1.0000e-12 2.6027e+03    168.893    13.8734    38.8206    29.1708 0.0000e+00
    712.000    13.9785     0.1838    98.4581 1.0000e-12 2.5982e+03    168.886    13.8705    38.8200    29.1709 0.0000e+00
    713.000    13.9750     0.1813    98.4587 1.0000e-12 2.6031e+03    169.007    13.8669    38.8192    29.1711 0.0000e+00
    714.000    13.9741     0.1830    98.4577 1.0000e-12 2.6040e+03    168.840    13.8658    38.8189    29.1711 0.0000e+00
    715.000    13.9740     0.1788    98.4485 1.0000e-12 2.6020e+03    168.622    13.8655    38.8189    29.1712 0.0000e+00
    716.000    13.9734     0.1818    98.4559 1.0000e-12 2.6103e+03    168.812    13.8648    38.8188    29.1712 0.0000e+00
    717.000    13.9725     0.1780    98.4507 1.0000e-12 2.6122e+03    168.766    13.8638    38.8184    29.1711 0.0000e+00
    718.000    13.9675     0.1795    98.4555 1.0000e-12 2.6132e+03    168.629    13.8586    38.8169    29.1711 0.0000e+00
    719.000    13.9620     0.1804    98.4638 1.0000e-12 2.6129e+03    168.205    13.8530    38.8156    29.1713 0.0000e+00
    720.000    13.9609     0.1866    98.4657 1.0000e-12 2.5980e+03    168.277    13.8518    38.8155    29.1715 0.0000e+00
    721.000    13.9607     0.1844    98.4639 1.0000e-12 2.5815e+03    168.569    13.8513    38.8155    29.1716 0.0000e+00
    722.000    13.9606     0.1871    98.4581 1.0000e-12 2.5558e+03    168.603    13.8511    38.8154    29.1716 0.0000e+00
    723.000    13.9606     0.1805    98.4724 1.0000e-12 2.5244e+03    168.313    13.8510    38.8153    29.1715 0.0000e+00
    724.000    13.9602     0.1800    98.4624 1.0000e-12 2.5186e+03    168.909    13.8504    38.8151    29.1715 0.0000e+00
    725.000    13.9600     0.1770    98.4706 1.0000e-12 2.5469e+03    169.149    13.8501    38.8151    29.1716 0.0000e+00
    726.000    13.9593     0.1774    98.4698 1.0000e-12 2.5920e+03    168.654    13.8492    38.8150    29.1717 0.0000e+00
    727.000    13.9586     0.1842    98.4656 1.0000e-12 2.5953e+03    168.779    13.8484    38.8146    29.1716 0.0000e+00
    728.000    13.9577     0.1825    98.4663 -9.990e-29 2.6142e+03    168.546    13.8473    38.8144    29.1716 0.0000e+00
    729.000    13.9572     0.1875    98.4563 -9.990e-29 2.6223e+03    168.137    13.8466    38.8142    29.1716 0.0000e+00
    730.000    13.9548     0.1858    98.4670 1.0000e-12 2.6117e+03    168.154    13.8441    38.8136    29.1717 0.0000e+00
    731.000    13.9536     0.1776    98.4737 1.0000e-12 2.5634e+03    168.333    13.8428    38.8134    29.1718 0.0000e+00
    732.000    13.9534     0.1779    98.4737 1.0000e-12 2.5519e+03    168.515    13.8424    38.8134    29.1719 0.0000e+00
    733.000    13.9534     0.1842    98.4737 1.0000e-12 2.5401e+03    168.271    13.8423    38.8133    29.1719 0.0000e+00
    734.000    13.9533     0.1850    98.4737 1.0000e-12 2.4750e+03    168.802    13.8420    38.8132    29.1719 0.0000e+00
    735.000    13.9535     0.1829    98.4698 1.0000e-12 2.4627e+03    168.960    13.8420    38.8132    29.1718 0.0000e+00
    736.000    13.9534     0.1856    98.4625 1.0000e-12 2.4752e+03    168.495    13.8418    38.8133    29.1720 0.0000e+00
    737.000    13.9535     0.1860    98.4719 1.0000e-12 2.6109e+03    168.112    13.8418    38.8132    29.1719 0.0000e+00
    738.000    13.9531     0.1836    98.4704 1.0000e-12 2.6399e+03    168.626    13.8411    38.8129    29.1718 0.0000e+00
    739.000    13.9528     0.1816    98.4757 1.0000e-12 2.6436e+03    168.829    13.8407    38.8129    29.1719 0.0000e+00
    740.000    13.9520     0.1813    98.4599 1.0000e-12 2.6419e+03    168.655    13.8397    38.8128    29.1720 0.0000e+00
    741.000    13.9511     0.1822    98.4737 1.0000e-12 2.6416e+03    168.275    13.8387    38.8123    29.1719 0.0000e+00
    742.000    13.9483     0.1779    98.4737 1.0000e-12 2.6417e+03    168.218    13.8358    38.8118    29.1721 0.0000e+00
    743.000    13.9470     0.1812    98.4737 1.0000e-12 2.6434e+03    168.678    13.8343    38.8114    29.1721 0.0000e+00
    744.000    13.9463     0.1831    98.4737 1.0000e-12 2.6420e+03    168.472    13.8334    38.8112    29.1721 0.0000e+00
    745.000    13.9476     0.1796    98.4737 1.0000e-12 2.6417e+03    168.511    13.8346    38.8114    29.1721 0.0000e+00
    746.000    13.9470     0.1764    98.4737 1.0000e-12 2.6420e+03    168.714    13.8339    38.8113    29.1721 0.0000e+00
    747.000    13.9461     0.1795    98.4737 1.0000e-12 2.6445e+03    168.560    13.8329    38.8111    29.1722 0.0000e+00
    748.000    13.9458     0.1836    98.4610 1.0000e-12 2.6415e+03    168.338    13.8324    38.8110    29.1722 0.0000e+00
    749.000    13.9460     0.1807    98.4738 1.0000e-12 2.6445e+03    168.426    13.8323    38.8110    29.1723 0.0000e+00
    750.000    13.9463     0.1827    98.4708 1.0000e-12 2.6426e+03    168.394    13.8326    38.8111    29.1723 0.0000e+00
    751.000    13.9456     0.1823    98.4737 1.0000e-12 2.6453e+03    168.457    13.8317    38.8108    29.1722 0.0000e+00
    752.000    13.9438     0.1913    98.4737 1.0000e-12 2.6459e+03    168.378    13.8298    38.8104    29.1723 0.0000e+00
    753.000    13.9419     0.1924    98.4737 1.0000e-12 2.6459e+03    168.496    13.8277    38.8101    29.1725 0.0000e+00
    754.000    13.9401     0.1886    98.4737 1.0000e-12 2.6490e+03    168.526    13.8257    38.8097    29.1727 0.0000e+00
    755.000    13.9386     0.1911    98.4737 1.0000e-12 2.6495e+03    168.679    13.8241    38.8092    29.1726 0.0000e+00
    756.000    13.9379     0.1822    98.4737 -9.990e-29 2.6482e+03    168.504    13.8232    38.8091    29.1727 0.0000e+00
    757.000    13.9376     0.1840    98.4737 -9.990e-29 2.6508e+03    168.151    13.8228    38.8090    29.1727 0.0000e+00
    758.000    13.9350     0.1834    98.4737 1.0000e-12 2.6487e+03    167.953    13.8201    38.8083    29.1728 0.0000e+00
    759.000    13.9315     0.1797    98.4737 1.0000e-12 2.6487e+03    167.871    13.8165    38.8075    29.1730 0.0000e+00
    760.000    13.9304     0.1792    98.4737 1.0000e-12 2.6526e+03    168.157    13.8152    38.8073    29.1731 0.0000e+00
    761.000    13.9305     0.1797    98.4737 1.0000e-12 2.6572e+03    168.120    13.8151    38.8073    29.1731 0.0000e+00
    762.000    13.9307     0.1840    98.4737 1.0000e-12 2.6616e+03    168.504    13.8151    38.8074    29.1731 0.0000e+00
    763.000    13.9290     0.1811    98.4737 -9.990e-29 2.6590e+03    168.333    13.8133    38.8069    29.1732 0.0000e+00
    764.000    13.9272     0.1823    98.4737 -9.990e-29 2.6596e+03    167.963    13.8114    38.8066    29.1733 0.0000e+00
    765.000    13.9263     0.1796    98.4737 1.0000e-12 2.6583e+03    167.934    13.8103    38.8065    29.1735 0.0000e+00
    766.000    13.9256     0.1807    98.4756 1.0000e-12 2.6583e+03    168.156    13.8095    38.8063    29.1735 0.0000e+00
    767.000    13.9249     0.1849    98.4719 1.0000e-12 2.6554e+03    168.091    13.8086    38.8062    29.1736 0.0000e+00
    768.000    13.9247     0.1890    98.4630 1.0000e-12 2.6602e+03    168.106    13.8083    38.8060    29.1736 0.0000e+00
    769.000    13.9245     0.1886    98.4698 1.0000e-12 2.6654e+03    168.168    13.8079    38.8060    29.1736 0.0000e+00
    770.000    13.9241     0.1858    98.4737 1.0000e-12 2.6729e+03    168.321    13.8074    38.8059    29.1737 0.0000e+00
    771.000    13.9239     0.1807    98.4737 1.0000e-12 2.5868e+03    168.473    13.8070    38.8057    29.1736 0.0000e+00
    772.000    13.9237     0.1775    98.4737 1.0000e-12 2.6447e+03    168.423    13.8066    38.8056    29.1736 0.0000e+00
    773.000    13.9231     0.1805    98.4737 1.0000e-12 2.5262e+03    168.158    13.8059    38.8055    29.1737 0.0000e+00
    774.000    13.9224     0.1846    98.4737 1.0000e-12 2.4209e+03    168.006    13.8050    38.8053    29.1737 0.0000e+00
    775.000    13.9219     0.1825    98.4737 1.0000e-12 2.2059e+03    167.975    13.8044    38.8052    29.1738 0.0000e+00
    776.000    13.9212     0.1833    98.4737 1.0000e-12 1.8877e+03    168.229    13.8035    38.8049    29.1737 0.0000e+00
    777.000    13.9203     0.1870    98.4737 1.0000e-12 2.0693e+03    168.362    13.8025    38.8048    29.1739 0.0000e+00
    778.000    13.9202     0.1804    98.4737 1.0000e-12 2.1129e+03    168.494    13.8022    38.8046    29.1738 0.0000e+00
    779.000    13.9197     0.1740    98.4737 1.0000e-12 2.1788e+03    168.465    13.8016    38.8045    29.1739 0.0000e+00
    780.000    13.9189     0.1754    98.4737 1.0000e-12 2.4943e+03    168.378    13.8006    38.8043    29.1739 0.0000e+00
    781.000    13.9187     0.1728    98.4737 1.0000e-12 2.6840e+03    168.550    13.8003    38.8042    29.1739 0.0000e+00
    782.000    13.9185     0.1793    98.4737 1.0000e-12 2.6884e+03    168.214    13.7999    38.8040    29.1738 0.0000e+00
    783.000    13.9182     0.1828    98.4737 1.0000e-12 2.6753e+03    167.970    13.7995    38.8041    29.1739 0.0000e+00
    784.000    13.9174     0.1847    98.4737 1.0000e-12 2.6775e+03    168.116    13.7985    38.8038    29.1739 0.0000e+00
    785.000    13.9167     0.1824    98.4737 1.0000e-12 2.6769e+03    167.989    13.7976    38.8036    29.1740 0.0000e+00
    786.000    13.9154     0.1854    98.4737 1.0000e-12 2.6784e+03    167.890    13.7963    38.8032    29.1740 0.0000e+00
    787.000    13.9151     0.1885    98.4737 1.0000e-12 2.6817e+03    168.216    13.7958    38.8032    29.1741 0.0000e+00
