Data/ruptures/PEACETIME/ION/PEACETIME_ION_CTD_048.cnv
* Sea-Bird SBE 9 Data File:
* FileName = C:\CTD\rawCTD\PEACETIME_ION_CTD_048.hdr
* Software Version Seasave V 7.23.2
* Temperature SN = 1378
* Conductivity SN = 2929
* Number of Bytes Per Scan = 38
* Number of Voltage Words = 5
* Number of Scans Averaged by the Deck Unit = 1
* NMEA Latitude = 35 29.35 N
* NMEA Longitude = 019 46.59 E
* NMEA UTC (Time) = May 28 2017  02:21:46
* NMEA baud rate = 4800
** Cruise:   PEACETIME
** Station:   ION_CTD_048
# nquan = 11
# nvalues = 498                         
# units = specified
# name 0 = prDM: Pressure, Digiquartz [db]
# name 1 = t090C: Temperature [ITS-90, deg C]
# name 2 = flC: Fluorescence, Chelsea Aqua 3 Chl Con [ug/l]
# name 3 = CStarTr0: Beam Transmission, WET Labs C-Star [%]
# name 4 = par: PAR/Irradiance, Biospherical/Licor
# name 5 = spar: SPAR/Surface Irradiance
# name 6 = sbeox0Mm/Kg: Oxygen, SBE 43 [umol/kg]
# name 7 = potemp090C: Potential Temperature [ITS-90, deg C]
# name 8 = sal00: Salinity, Practical [PSU]
# name 9 = sigma-é00: Density [sigma-theta, kg/m^3]
# name 10 = flag:
# span 0 =      3.000,    500.000       
# span 1 =    14.3556,    20.5200       
# span 2 =     0.1716,     0.3879       
# span 3 =    96.2350,    98.4238       
# span 4 = 1.0000e-12, 1.3110e-01       
# span 5 = 1.4126e+00, 5.5806e+00       
# span 6 =    171.830,    229.588       
# span 7 =    14.2790,    20.5187       
# span 8 =    38.9023,    39.0810       
# span 9 =    27.6898,    29.1455       
# span 10 = 0.0000e+00, 0.0000e+00      
# interval = decibars: 1                
# start_time = May 28 2017 02:21:47 [NMEA time, first data scan]
# bad_flag = -9.990e-29
*END*
[from data line 394]
    397.000    14.6850     0.1766    98.3947 1.0000e-12 2.0828e+00    177.851    14.6234    38.9540    29.1091 0.0000e+00
    398.000    14.6804     0.1800    98.3705 1.0000e-12 2.9160e+00    177.788    14.6187    38.9535    29.1097 0.0000e+00
    399.000    14.6784     0.1850    98.3955 1.0000e-12 2.1338e+00    178.401    14.6165    38.9532    29.1099 0.0000e+00
    400.000    14.6761     0.1807    98.3908 1.0000e-12 3.0992e+00    178.111    14.6140    38.9528    29.1102 0.0000e+00
    401.000    14.6739     0.1815    98.3920 1.0000e-12 2.1371e+00    178.170    14.6117    38.9525    29.1105 0.0000e+00
    402.000    14.6724     0.1832    98.3885 1.0000e-12 2.5115e+00    178.330    14.6101    38.9522    29.1107 0.0000e+00
    403.000    14.6717     0.1802    98.3921 1.0000e-12 2.9137e+00    178.350    14.6092    38.9520    29.1106 0.0000e+00
    404.000    14.6709     0.1835    98.3957 1.0000e-12 2.1270e+00    177.639    14.6082    38.9519    29.1108 0.0000e+00
    405.000    14.6652     0.1872    98.3956 1.0000e-12 3.5873e+00    177.626    14.6024    38.9506    29.1111 0.0000e+00
    406.000    14.6609     0.1851    98.4014 1.0000e-12 2.2627e+00    177.778    14.5980    38.9499    29.1115 0.0000e+00
    407.000    14.6563     0.1788    98.4017 -9.990e-29 2.3186e+00    178.023    14.5932    38.9490    29.1119 0.0000e+00
    408.000    14.6523     0.1836    98.3989 1.0000e-12 3.2554e+00    177.729    14.5891    38.9483    29.1123 0.0000e+00
    409.000    14.6441     0.1793    98.3963 1.0000e-12 2.3408e+00    177.706    14.5807    38.9469    29.1131 0.0000e+00
    410.000    14.6406     0.1726    98.4130 1.0000e-12 2.2175e+00    177.358    14.5771    38.9465    29.1136 0.0000e+00
    411.000    14.6386     0.1726    98.4167 -9.990e-29 2.1967e+00    177.612    14.5749    38.9461    29.1138 0.0000e+00
    412.000    14.6371     0.1792    98.4061 1.0000e-12 2.7843e+00    177.760    14.5733    38.9460    29.1140 0.0000e+00
    413.000    14.6336     0.1780    98.4141 1.0000e-12 2.6765e+00    177.539    14.5696    38.9450    29.1141 0.0000e+00
    414.000    14.6230     0.1790    98.4167 1.0000e-12 3.2608e+00    177.127    14.5590    38.9433    29.1152 0.0000e+00
    415.000    14.6135     0.1826    98.4047 1.0000e-12 2.4447e+00    176.620    14.5493    38.9421    29.1163 0.0000e+00
    416.000    14.6095     0.1789    98.4055 1.0000e-12 1.9827e+00    176.779    14.5452    38.9414    29.1168 0.0000e+00
    417.000    14.6031     0.1822    98.3845 1.0000e-12 3.2168e+00    176.981    14.5386    38.9403    29.1174 0.0000e+00
    418.000    14.5916     0.1750    98.4172 1.0000e-12 2.1599e+00    176.749    14.5270    38.9387    29.1187 0.0000e+00
    419.000    14.5860     0.1779    98.4238 1.0000e-12 3.0084e+00    176.507    14.5212    38.9387    29.1200 0.0000e+00
    420.000    14.5819     0.1835    98.4186 1.0000e-12 2.5438e+00    176.578    14.5169    38.9385    29.1208 0.0000e+00
    421.000    14.5793     0.1859    98.4030 1.0000e-12 2.0960e+00    176.141    14.5142    38.9385    29.1214 0.0000e+00
    422.000    14.5788     0.1795    98.4118 -9.990e-29 2.5659e+00    176.017    14.5136    38.9384    29.1215 0.0000e+00
    423.000    14.5744     0.1825    98.3960 1.0000e-12 2.7976e+00    176.276    14.5090    38.9377    29.1219 0.0000e+00
    424.000    14.5649     0.1843    98.4144 1.0000e-12 3.4057e+00    176.476    14.4994    38.9362    29.1229 0.0000e+00
    425.000    14.5599     0.1781    98.4095 1.0000e-12 2.8769e+00    176.227    14.4943    38.9357    29.1237 0.0000e+00
    426.000    14.5573     0.1775    98.4216 1.0000e-12 2.3709e+00    176.277    14.4915    38.9353    29.1240 0.0000e+00
    427.000    14.5556     0.1808    98.4216 1.0000e-12 1.4126e+00    175.785    14.4896    38.9350    29.1242 0.0000e+00
    428.000    14.5489     0.1808    98.3760 1.0000e-12 3.0548e+00    175.905    14.4828    38.9339    29.1248 0.0000e+00
    429.000    14.5424     0.1803    98.4173 -9.990e-29 3.3710e+00    175.697    14.4762    38.9332    29.1257 0.0000e+00
    430.000    14.5415     0.1796    98.4204 -9.990e-29 2.8610e+00    175.738    14.4752    38.9332    29.1259 0.0000e+00
    431.000    14.5410     0.1798    98.4046 -9.990e-29 2.2636e+00    175.826    14.4744    38.9331    29.1260 0.0000e+00
    432.000    14.5414     0.1794    98.4218 1.0000e-12 2.8623e+00    175.935    14.4748    38.9332    29.1261 0.0000e+00
    433.000    14.5413     0.1832    98.3891 1.0000e-12 2.0285e+00    175.255    14.4745    38.9331    29.1261 0.0000e+00
    434.000    14.5414     0.1818    98.4155 1.0000e-12 2.2138e+00    175.826    14.4744    38.9331    29.1261 0.0000e+00
    435.000    14.5405     0.1832    98.4049 -9.990e-29 3.2986e+00    175.932    14.4733    38.9330    29.1262 0.0000e+00
    436.000    14.5391     0.1846    98.4117 -9.990e-29 3.1061e+00    176.025    14.4718    38.9327    29.1263 0.0000e+00
    437.000    14.5364     0.1860    98.4122 1.0000e-12 2.3886e+00    176.091    14.4689    38.9321    29.1266 0.0000e+00
    438.000    14.5305     0.1845    98.3977 1.0000e-12 3.4021e+00    175.747    14.4629    38.9312    29.1271 0.0000e+00
    439.000    14.5244     0.1807    98.3971 1.0000e-12 3.1082e+00    175.349    14.4567    38.9308    29.1282 0.0000e+00
    440.000    14.5184     0.1826    98.3980 1.0000e-12 2.0829e+00    175.300    14.4505    38.9297    29.1287 0.0000e+00
    441.000    14.5093     0.1844    98.3854 1.0000e-12 1.9430e+00    175.375    14.4414    38.9284    29.1298 0.0000e+00
    442.000    14.5032     0.1824    98.3958 1.0000e-12 1.9508e+00    175.264    14.4350    38.9276    29.1306 0.0000e+00
    443.000    14.4997     0.1842    98.3942 1.0000e-12 2.2912e+00    175.230    14.4314    38.9272    29.1311 0.0000e+00
    444.000    14.4982     0.1814    98.3896 1.0000e-12 2.9116e+00    174.964    14.4298    38.9270    29.1313 0.0000e+00
    445.000    14.4965     0.1842    98.3797 1.0000e-12 1.7556e+00    174.697    14.4279    38.9267    29.1314 0.0000e+00
    446.000    14.4945     0.1799    98.3902 1.0000e-12 3.3873e+00    175.118    14.4257    38.9265    29.1318 0.0000e+00
    447.000    14.4928     0.1844    98.3834 1.0000e-12 2.4909e+00    174.829    14.4240    38.9263    29.1320 0.0000e+00
    448.000    14.4914     0.1797    98.3872 1.0000e-12 2.4735e+00    175.095    14.4224    38.9261    29.1322 0.0000e+00
    449.000    14.4861     0.1773    98.3722 1.0000e-12 2.5535e+00    174.698    14.4169    38.9252    29.1327 0.0000e+00
    450.000    14.4786     0.1763    98.3822 1.0000e-12 2.0449e+00    174.532    14.4093    38.9242    29.1337 0.0000e+00
    451.000    14.4710     0.1766    98.3841 1.0000e-12 2.3133e+00    174.573    14.4016    38.9231    29.1345 0.0000e+00
    452.000    14.4690     0.1808    98.3829 1.0000e-12 2.7736e+00    174.635    14.3994    38.9230    29.1349 0.0000e+00
    453.000    14.4683     0.1798    98.3802 1.0000e-12 2.2481e+00    174.678    14.3986    38.9230    29.1351 0.0000e+00
    454.000    14.4680     0.1807    98.3855 1.0000e-12 2.2482e+00    174.321    14.3981    38.9228    29.1350 0.0000e+00
    455.000    14.4669     0.1816    98.3853 1.0000e-12 4.0510e+00    174.639    14.3969    38.9226    29.1351 0.0000e+00
    456.000    14.4634     0.1822    98.3832 1.0000e-12 2.1297e+00    174.583    14.3932    38.9219    29.1354 0.0000e+00
    457.000    14.4615     0.1819    98.3788 1.0000e-12 2.5212e+00    173.960    14.3912    38.9217    29.1357 0.0000e+00
    458.000    14.4612     0.1834    98.3843 -9.990e-29 2.5961e+00    174.174    14.3907    38.9216    29.1358 0.0000e+00
    459.000    14.4602     0.1863    98.3892 1.0000e-12 3.0120e+00    174.001    14.3895    38.9214    29.1358 0.0000e+00
    460.000    14.4585     0.1848    98.3913 1.0000e-12 2.7287e+00    173.697    14.3877    38.9211    29.1360 0.0000e+00
    461.000    14.4559     0.1813    98.3712 1.0000e-12 3.0821e+00    173.814    14.3849    38.9206    29.1363 0.0000e+00
    462.000    14.4530     0.1815    98.3872 1.0000e-12 2.1913e+00    173.854    14.3819    38.9202    29.1366 0.0000e+00
    463.000    14.4518     0.1880    98.3722 1.0000e-12 3.0069e+00    173.915    14.3806    38.9201    29.1368 0.0000e+00
    464.000    14.4509     0.1834    98.3919 1.0000e-12 2.9627e+00    174.044    14.3795    38.9200    29.1370 0.0000e+00
    465.000    14.4496     0.1815    98.3886 1.0000e-12 3.0713e+00    173.787    14.3780    38.9195    29.1369 0.0000e+00
    466.000    14.4425     0.1868    98.3955 -9.990e-29 2.8552e+00    173.431    14.3708    38.9181    29.1374 0.0000e+00
    467.000    14.4391     0.1806    98.3956 -9.990e-29 1.9830e+00    173.497    14.3672    38.9176    29.1378 0.0000e+00
    468.000    14.4353     0.1749    98.3756 1.0000e-12 2.1398e+00    172.860    14.3633    38.9169    29.1382 0.0000e+00
    469.000    14.4342     0.1760    98.3922 1.0000e-12 2.4964e+00    173.443    14.3620    38.9169    29.1385 0.0000e+00
    470.000    14.4280     0.1810    98.3891 1.0000e-12 2.7709e+00    172.830    14.3557    38.9155    29.1388 0.0000e+00
    471.000    14.4223     0.1794    98.3846 1.0000e-12 1.9549e+00    172.699    14.3499    38.9150    29.1397 0.0000e+00
    472.000    14.4194     0.1802    98.3916 1.0000e-12 1.9047e+00    172.828    14.3468    38.9143    29.1398 0.0000e+00
    473.000    14.4177     0.1832    98.3820 1.0000e-12 2.7383e+00    172.745    14.3450    38.9140    29.1400 0.0000e+00
    474.000    14.4126     0.1809    98.3706 1.0000e-12 2.1949e+00    173.138    14.3397    38.9132    29.1405 0.0000e+00
    475.000    14.4118     0.1832    98.3677 1.0000e-12 3.2703e+00    172.815    14.3388    38.9132    29.1407 0.0000e+00
    476.000    14.4119     0.1825    98.3867 1.1824e-06 2.8048e+00    172.934    14.3388    38.9131    29.1406 0.0000e+00
    477.000    14.4120     0.1771    98.3792 -9.990e-29 2.3711e+00    172.963    14.3387    38.9131    29.1407 0.0000e+00
    478.000    14.4106     0.1723    98.3762 -9.990e-29 2.2079e+00    172.614    14.3372    38.9127    29.1407 0.0000e+00
    479.000    14.4039     0.1803    98.3817 -9.990e-29 2.7228e+00    172.493    14.3303    38.9114    29.1412 0.0000e+00
    480.000    14.3942     0.1842    98.3689 -9.990e-29 2.7432e+00    171.830    14.3205    38.9094    29.1418 0.0000e+00
    481.000    14.3859     0.1845    98.3708 -9.990e-29 2.6226e+00    172.444    14.3121    38.9083    29.1428 0.0000e+00
    482.000    14.3814     0.1837    98.3732 -9.990e-29 1.7783e+00    172.316    14.3074    38.9073    29.1431 0.0000e+00
    483.000    14.3753     0.1811    98.3793 1.0000e-12 2.7645e+00    172.442    14.3012    38.9062    29.1436 0.0000e+00
    484.000    14.3720     0.1805    98.3798 1.0000e-12 2.3560e+00    172.556    14.2978    38.9058    29.1441 0.0000e+00
    485.000    14.3748     0.1843    98.3748 1.0000e-12 2.9642e+00    172.043    14.3004    38.9063    29.1439 0.0000e+00
    486.000    14.3736     0.1821    98.3789 1.0000e-12 4.1158e+00    171.874    14.2991    38.9059    29.1438 0.0000e+00
    487.000    14.3710     0.1822    98.3817 1.0000e-12 3.5282e+00    172.474    14.2963    38.9055    29.1442 0.0000e+00
    488.000    14.3681     0.1843    98.3837 1.0000e-12 3.3127e+00    172.085    14.2933    38.9050    29.1444 0.0000e+00
    489.000    14.3674     0.1829    98.3736 1.0000e-12 2.5400e+00    172.031    14.2924    38.9048    29.1445 0.0000e+00
    490.000    14.3676     0.1799    98.3740 1.0000e-12 2.1571e+00    171.907    14.2924    38.9048    29.1445 0.0000e+00
    491.000    14.3680     0.1832    98.3729 1.0000e-12 2.8861e+00    171.984    14.2926    38.9049    29.1444 0.0000e+00
    492.000    14.3672     0.1777    98.3581 1.0000e-12 3.2896e+00    172.356    14.2917    38.9046    29.1445 0.0000e+00
    493.000    14.3641     0.1822    98.3819 1.0000e-12 2.9184e+00    172.156    14.2885    38.9042    29.1448 0.0000e+00
    494.000    14.3623     0.1831    98.3786 1.0000e-12 2.9106e+00    172.434    14.2866    38.9037    29.1449 0.0000e+00
    495.000    14.3622     0.1909    98.3770 -9.990e-29 3.0180e+00    172.158    14.2863    38.9038    29.1450 0.0000e+00
    496.000    14.3607     0.1807    98.3800 1.0000e-12 2.2470e+00    171.919    14.2846    38.9034    29.1451 0.0000e+00
    497.000    14.3592     0.1787    98.3724 1.0000e-12 2.6065e+00    171.967    14.2830    38.9031    29.1452 0.0000e+00
    498.000    14.3581     0.1795    98.3748 1.0000e-12 1.9915e+00    172.031    14.2818    38.9027    29.1452 0.0000e+00
    499.000    14.3556     0.1855    98.3708 1.0000e-12 2.7503e+00    172.032    14.2790    38.9023    29.1455 0.0000e+00
    500.000    14.3570     0.1818    98.3691 1.0000e-12 2.2976e+00    172.126    14.2804    38.9027    29.1455 0.0000e+00
