Data/ruptures/PEACETIME/ION/PEACETIME_ION_CTD_043.cnv
* Sea-Bird SBE 9 Data File:
* FileName = C:\CTD\rawCTD\PEACETIME_ION_CTD_043.hdr
* Software Version Seasave V 7.23.2
* Temperature SN = 1378
* Conductivity SN = 2929
* Number of Bytes Per Scan = 38
* Number of Voltage Words = 5
* Number of Scans Averaged by the Deck Unit = 1
* NMEA Latitude = 35 29.35 N
* NMEA Longitude = 019 46.58 E
* NMEA UTC (Time) = May 26 2017  18:59:47
* NMEA baud rate = 4800
** Cruise:   PEACETIME
** Station:   ION_CTD_043
# nquan = 11
# nvalues = 203                         
# units = specified
# name 0 = prDM: Pressure, Digiquartz [db]
# name 1 = t090C: Temperature [ITS-90, deg C]
# name 2 = flC: Fluorescence, Chelsea Aqua 3 Chl Con [ug/l]
# name 3 = CStarTr0: Beam Transmission, WET Labs C-Star [%]
# name 4 = par: PAR/Irradiance, Biospherical/Licor
# name 5 = spar: SPAR/Surface Irradiance
# name 6 = sbeox0Mm/Kg: Oxygen, SBE 43 [umol/kg]
# name 7 = potemp090C: Potential Temperature [ITS-90, deg C]
# name 8 = sal00: Salinity, Practical [PSU]
# name 9 = sigma-é00: Density [sigma-theta, kg/m^3]
# name 10 = flag:
# span 0 =      1.000,    203.000       
# span 1 =    15.5543,    20.7349       
# span 2 =     0.1817,     0.3734       
# span 3 =    95.7893,    97.8975       
# span 4 = -2.579e-08, 3.8499e-01       
# span 5 = 1.1954e+00, 5.3746e+00       
# span 6 =    201.508,    230.895       
# span 7 =    15.5232,    20.7347       
# span 8 =    38.9984,    39.0479       
# span 9 =    27.6202,    28.9642       
# span 10 = 0.0000e+00, 0.0000e+00      
# interval = decibars: 1                
# start_time = May 26 2017 18:59:48 [NMEA time, first data scan]
# bad_flag = -9.990e-29
*END*
[from data line 132]
    133.000    15.7757     0.1995    97.7656 1.0000e-12 2.5545e+00    208.683    15.7542    39.0245    28.9049 0.0000e+00
    134.000    15.7712     0.2000    97.7764 1.0000e-12 2.2766e+00    208.480    15.7496    39.0251    28.9065 0.0000e+00
    135.000    15.7751     0.2014    97.8102 1.0000e-12 2.7635e+00    207.941    15.7533    39.0277    28.9076 0.0000e+00
    136.000    15.7694     0.2019    97.7248 1.0000e-12 2.4337e+00    208.237    15.7475    39.0264    28.9080 0.0000e+00
    137.000    15.7507     0.2048    97.8087 1.0000e-12 2.3722e+00    208.200    15.7286    39.0220    28.9090 0.0000e+00
    138.000    15.7436     0.2049    97.8048 1.0000e-12 2.9738e+00    207.854    15.7214    39.0203    28.9094 0.0000e+00
    139.000    15.7410     0.1997    97.7944 1.0000e-12 2.1557e+00    207.453    15.7186    39.0196    28.9095 0.0000e+00
    140.000    15.7386     0.1951    97.8044 1.0000e-12 3.4234e+00    207.160    15.7160    39.0192    28.9098 0.0000e+00
    141.000    15.7301     0.1945    97.8148 1.0000e-12 2.7052e+00    207.199    15.7074    39.0180    28.9109 0.0000e+00
    142.000    15.7276     0.2036    97.8246 1.0000e-12 3.0999e+00    206.915    15.7047    39.0183    28.9117 0.0000e+00
    143.000    15.7271     0.1980    97.8056 1.0000e-12 4.4879e+00    207.320    15.7041    39.0187    28.9122 0.0000e+00
    144.000    15.7295     0.1942    97.8222 1.0000e-12 3.2390e+00    207.751    15.7063    39.0201    28.9127 0.0000e+00
    145.000    15.7370     0.1968    97.8131 1.0000e-12 2.9350e+00    207.685    15.7136    39.0244    28.9143 0.0000e+00
    146.000    15.7403     0.1979    97.8186 1.0000e-12 1.1954e+00    207.899    15.7168    39.0263    28.9151 0.0000e+00
    147.000    15.7437     0.1988    97.7912 1.0000e-12 3.0804e+00    207.842    15.7200    39.0285    28.9160 0.0000e+00
    148.000    15.7435     0.1900    97.8081 1.0000e-12 1.8300e+00    207.310    15.7196    39.0289    28.9164 0.0000e+00
    149.000    15.7415     0.1904    97.8129 1.0000e-12 3.4629e+00    207.653    15.7174    39.0293    28.9172 0.0000e+00
    150.000    15.7399     0.1966    97.8024 1.0000e-12 2.5416e+00    207.898    15.7157    39.0294    28.9177 0.0000e+00
    151.000    15.7394     0.1967    97.7896 1.0000e-12 1.9968e+00    207.654    15.7150    39.0295    28.9179 0.0000e+00
    152.000    15.7377     0.1958    97.8241 1.0000e-12 1.3521e+00    207.574    15.7132    39.0298    28.9186 0.0000e+00
    153.000    15.7364     0.1957    97.8129 1.0000e-12 2.5902e+00    207.500    15.7118    39.0300    28.9191 0.0000e+00
    154.000    15.7303     0.2057    97.8143 1.0000e-12 3.2736e+00    206.869    15.7055    39.0297    28.9204 0.0000e+00
    155.000    15.7132     0.2021    97.8030 1.0000e-12 2.1463e+00    206.769    15.6883    39.0277    28.9228 0.0000e+00
    156.000    15.7198     0.1966    97.8051 1.0000e-12 2.4143e+00    206.884    15.6947    39.0317    28.9244 0.0000e+00
    157.000    15.7041     0.1910    97.8321 1.0000e-12 2.0697e+00    206.945    15.6788    39.0283    28.9255 0.0000e+00
    158.000    15.6968     0.1926    97.8189 1.0000e-12 2.9161e+00    206.787    15.6714    39.0267    28.9260 0.0000e+00
    159.000    15.7047     0.1928    97.8476 1.0000e-12 2.2780e+00    206.139    15.6791    39.0305    28.9271 0.0000e+00
    160.000    15.7022     0.1842    97.8125 1.0000e-12 3.3152e+00    206.088    15.6764    39.0311    28.9281 0.0000e+00
    161.000    15.6896     0.1876    97.8456 1.0000e-12 3.1405e+00    206.095    15.6637    39.0289    28.9295 0.0000e+00
    162.000    15.6738     0.1885    97.8599 1.0000e-12 2.3651e+00    204.904    15.6477    39.0257    28.9307 0.0000e+00
    163.000    15.6689     0.1852    97.8480 1.0000e-12 1.7609e+00    204.624    15.6427    39.0246    28.9310 0.0000e+00
    164.000    15.6677     0.1853    97.8620 1.0000e-12 3.3007e+00    204.772    15.6413    39.0242    28.9311 0.0000e+00
    165.000    15.6635     0.1862    97.8609 1.0000e-12 1.7537e+00    205.370    15.6370    39.0241    28.9319 0.0000e+00
    166.000    15.6613     0.1882    97.8548 1.0000e-12 2.6254e+00    205.215    15.6346    39.0241    28.9326 0.0000e+00
    167.000    15.6616     0.1844    97.8469 1.0000e-12 2.0649e+00    204.661    15.6348    39.0253    28.9334 0.0000e+00
    168.000    15.6624     0.1867    97.8593 1.0000e-12 2.8392e+00    204.553    15.6354    39.0267    28.9343 0.0000e+00
    169.000    15.6728     0.1937    97.8692 1.0000e-12 2.7225e+00    204.459    15.6456    39.0320    28.9360 0.0000e+00
    170.000    15.6726     0.1964    97.8380 -9.990e-29 2.2006e+00    204.149    15.6452    39.0321    28.9362 0.0000e+00
    171.000    15.6649     0.1929    97.8440 -9.990e-29 2.6548e+00    203.973    15.6374    39.0306    28.9369 0.0000e+00
    172.000    15.6534     0.1938    97.8634 1.0000e-12 3.6901e+00    204.291    15.6258    39.0286    28.9381 0.0000e+00
    173.000    15.6497     0.1924    97.8655 1.0000e-12 2.4350e+00    204.768    15.6219    39.0295    28.9396 0.0000e+00
    174.000    15.6630     0.1919    97.8420 1.0000e-12 1.8793e+00    204.808    15.6350    39.0357    28.9414 0.0000e+00
    175.000    15.6734     0.1976    97.8615 1.0000e-12 2.3477e+00    204.810    15.6452    39.0405    28.9427 0.0000e+00
    176.000    15.6744     0.1979    97.8649 1.0000e-12 2.4369e+00    205.339    15.6461    39.0414    28.9432 0.0000e+00
    177.000    15.6744     0.1990    97.8680 1.0000e-12 3.2843e+00    205.220    15.6460    39.0415    28.9433 0.0000e+00
    178.000    15.6700     0.2009    97.8694 1.0000e-12 3.2029e+00    204.284    15.6414    39.0404    28.9435 0.0000e+00
    179.000    15.6668     0.2002    97.8659 1.0000e-12 2.1338e+00    204.230    15.6380    39.0396    28.9437 0.0000e+00
    180.000    15.6644     0.1904    97.8516 1.0000e-12 3.2747e+00    204.675    15.6354    39.0389    28.9438 0.0000e+00
    181.000    15.6569     0.1939    97.8573 1.0000e-12 2.6982e+00    204.339    15.6278    39.0374    28.9444 0.0000e+00
    182.000    15.6406     0.1946    97.8587 1.0000e-12 3.4970e+00    204.484    15.6114    39.0339    28.9455 0.0000e+00
    183.000    15.6292     0.1981    97.8644 1.0000e-12 3.5672e+00    204.452    15.5998    39.0321    28.9468 0.0000e+00
    184.000    15.6299     0.1997    97.8699 1.0000e-12 2.6363e+00    204.475    15.6003    39.0331    28.9474 0.0000e+00
    185.000    15.6441     0.1926    97.8722 1.0000e-12 2.8205e+00    204.644    15.6143    39.0404    28.9498 0.0000e+00
    186.000    15.6507     0.1911    97.8718 1.0000e-12 2.1682e+00    204.716    15.6208    39.0434    28.9506 0.0000e+00
    187.000    15.6546     0.1949    97.8780 1.0000e-12 2.0830e+00    204.783    15.6245    39.0458    28.9516 0.0000e+00
    188.000    15.6462     0.1949    97.8791 1.0000e-12 4.1589e+00    204.300    15.6159    39.0445    28.9526 0.0000e+00
    189.000    15.6450     0.1958    97.8790 1.0000e-12 2.3974e+00    204.381    15.6146    39.0446    28.9530 0.0000e+00
    190.000    15.6446     0.1903    97.8723 1.0000e-12 3.5897e+00    204.303    15.6141    39.0443    28.9529 0.0000e+00
    191.000    15.6292     0.1876    97.8950 1.0000e-12 2.3500e+00    203.202    15.5985    39.0399    28.9531 0.0000e+00
    192.000    15.5863     0.1909    97.8921 1.0000e-12 2.5802e+00    202.795    15.5555    39.0300    28.9554 0.0000e+00
    193.000    15.5733     0.1886    97.8846 1.0000e-12 2.8782e+00    202.660    15.5423    39.0271    28.9563 0.0000e+00
    194.000    15.5543     0.1960    97.8952 -9.990e-29 2.5408e+00    201.993    15.5232    39.0235    28.9579 0.0000e+00
    195.000    15.5578     0.1935    97.8887 -9.990e-29 2.5120e+00    202.809    15.5266    39.0251    28.9584 0.0000e+00
    196.000    15.5631     0.1891    97.8803 1.0000e-12 2.8951e+00    202.999    15.5317    39.0271    28.9587 0.0000e+00
    197.000    15.5566     0.1851    97.8858 1.0000e-12 3.0912e+00    202.084    15.5250    39.0263    28.9597 0.0000e+00
    198.000    15.5562     0.1846    97.8493 1.0000e-12 3.1122e+00    201.508    15.5245    39.0271    28.9604 0.0000e+00
    199.000    15.5565     0.1864    97.8930 1.0000e-12 3.5188e+00    202.547    15.5246    39.0281    28.9611 0.0000e+00
    200.000    15.5694     0.1870    97.8899 1.0000e-12 3.0707e+00    203.210    15.5373    39.0337    28.9625 0.0000e+00
    201.000    15.5794     0.1878    97.8975 1.0000e-12 2.5221e+00    203.591    15.5471    39.0372    28.9630 0.0000e+00
    202.000    15.5846     0.1876    97.8934 1.0000e-12 3.3573e+00    203.503    15.5522    39.0391    28.9632 0.0000e+00
    203.000    15.5902     0.1817    97.8816 1.0000e-12 1.8067e+00    203.528    15.5576    39.0419    28.9642 0.0000e+00
