Data/ruptures/PEACETIME/ION/PEACETIME_ION_CTD_046.cnv
* Sea-Bird SBE 9 Data File:
* FileName = C:\CTD\rawCTD\PEACETIME_ION_CTD_046.hdr
* Software Version Seasave V 7.23.2
* Temperature SN = 1378
* Conductivity SN = 2929
* Number of Bytes Per Scan = 38
* Number of Voltage Words = 5
* Number of Scans Averaged by the Deck Unit = 1
* NMEA Latitude = 35 29.35 N
* NMEA Longitude = 019 46.59 E
* NMEA UTC (Time) = May 27 2017  08:19:19
* NMEA baud rate = 4800
** Cruise:   PEACETIME
** Station:   ION_CTD_046
# nquan = 11
# nvalues = 3001                        
# units = specified
# name 0 = prDM: Pressure, Digiquartz [db]
# name 1 = t090C: Temperature [ITS-90, deg C]
# name 2 = flC: Fluorescence, Chelsea Aqua 3 Chl Con [ug/l]
# name 3 = CStarTr0: Beam Transmission, WET Labs C-Star [%]
# name 4 = par: PAR/Irradiance, Biospherical/Licor
# name 5 = spar: SPAR/Surface Irradiance
# name 6 = sbeox0Mm/Kg: Oxygen, SBE 43 [umol/kg]
# name 7 = potemp090C: Potential Temperature [ITS-90, deg C]
# name 8 = sal00: Salinity, Practical [PSU]
# name 9 = sigma-é00: Density [sigma-theta, kg/m^3]
# name 10 = flag:
# span 0 =      2.000,   3002.000       
# span 1 =    13.7810,    20.3500       
# span 2 =     0.1694,     0.3059       
# span 3 =    96.6426,    98.5628       
# span 4 = -2.424e-06, 1.3991e+03       
# span 5 = 8.3956e+02, 2.9729e+03       
# span 6 =    167.569,    229.788       
# span 7 =    13.4287,    20.3488       
# span 8 =    38.7332,    39.0653       
# span 9 =    27.7238,    29.1986       
# span 10 = 0.0000e+00, 0.0000e+00      
# interval = decibars: 1                
# start_time = May 27 2017 08:26:11 [NMEA time, first data scan]
# bad_flag = -9.990e-29
*END*
[from data line 394]
    396.000    14.6788     0.1856    98.3992 1.0000e-12 2.5010e+03    178.753    14.6174    38.9500    29.1073 0.0000e+00
    397.000    14.6696     0.1848    98.3935 1.0000e-12 2.5046e+03    178.687    14.6080    38.9486    29.1083 0.0000e+00
    398.000    14.6648     0.1779    98.4054 1.0000e-12 2.5051e+03    178.791    14.6031    38.9483    29.1092 0.0000e+00
    399.000    14.6635     0.1785    98.4043 1.0000e-12 2.5055e+03    178.266    14.6016    38.9482    29.1095 0.0000e+00
    400.000    14.6599     0.1827    98.4027 1.0000e-12 2.4931e+03    178.196    14.5979    38.9478    29.1099 0.0000e+00
    401.000    14.6505     0.1808    98.4049 1.0000e-12 2.4936e+03    178.349    14.5884    38.9466    29.1111 0.0000e+00
    402.000    14.6440     0.1796    98.3966 1.0000e-12 2.4912e+03    178.432    14.5818    38.9460    29.1121 0.0000e+00
    403.000    14.6407     0.1806    98.3764 1.0000e-12 2.4912e+03    178.341    14.5782    38.9458    29.1128 0.0000e+00
    404.000    14.6380     0.1853    98.3913 1.0000e-12 2.4969e+03    177.842    14.5754    38.9456    29.1132 0.0000e+00
    405.000    14.6341     0.1842    98.4064 1.0000e-12 2.4965e+03    177.791    14.5714    38.9449    29.1136 0.0000e+00
    406.000    14.6296     0.1830    98.4023 1.0000e-12 2.4957e+03    177.697    14.5667    38.9445    29.1143 0.0000e+00
    407.000    14.6237     0.1804    98.4016 1.0000e-12 2.4961e+03    177.206    14.5606    38.9442    29.1155 0.0000e+00
    408.000    14.6230     0.1795    98.3975 1.0000e-12 2.4995e+03    177.384    14.5599    38.9441    29.1155 0.0000e+00
    409.000    14.6224     0.1786    98.4022 1.0000e-12 2.5009e+03    177.591    14.5591    38.9441    29.1157 0.0000e+00
    410.000    14.6207     0.1825    98.4096 1.0000e-12 2.5001e+03    177.458    14.5573    38.9438    29.1159 0.0000e+00
    411.000    14.6193     0.1731    98.3891 1.0000e-12 2.4981e+03    177.336    14.5557    38.9438    29.1162 0.0000e+00
    412.000    14.6181     0.1794    98.4010 1.0000e-12 2.5104e+03    177.689    14.5543    38.9436    29.1164 0.0000e+00
    413.000    14.6182     0.1846    98.3798 1.0000e-12 2.5062e+03    177.511    14.5543    38.9436    29.1164 0.0000e+00
    414.000    14.6179     0.1832    98.3749 1.0000e-12 2.5066e+03    177.170    14.5539    38.9436    29.1165 0.0000e+00
    415.000    14.6180     0.1808    98.4166 1.0000e-12 2.5101e+03    177.042    14.5538    38.9435    29.1164 0.0000e+00
    416.000    14.6150     0.1771    98.4080 1.0000e-12 2.5046e+03    176.721    14.5506    38.9429    29.1167 0.0000e+00
    417.000    14.6076     0.1809    98.4126 1.0000e-12 2.5097e+03    176.991    14.5430    38.9421    29.1178 0.0000e+00
    418.000    14.6067     0.1792    98.4141 1.0000e-12 2.5140e+03    176.910    14.5420    38.9420    29.1179 0.0000e+00
    419.000    14.6043     0.1791    98.4048 1.0000e-12 2.5057e+03    177.026    14.5395    38.9416    29.1182 0.0000e+00
    420.000    14.5946     0.1817    98.3931 1.0000e-12 2.5004e+03    176.515    14.5296    38.9400    29.1192 0.0000e+00
    421.000    14.5821     0.1797    98.3984 1.0000e-12 2.4916e+03    176.622    14.5171    38.9392    29.1213 0.0000e+00
    422.000    14.5795     0.1828    98.3819 1.0000e-12 2.4911e+03    176.584    14.5143    38.9389    29.1217 0.0000e+00
    423.000    14.5793     0.1838    98.4061 1.0000e-12 2.4914e+03    176.155    14.5139    38.9389    29.1218 0.0000e+00
    424.000    14.5791     0.1848    98.3964 1.0000e-12 2.4883e+03    175.744    14.5135    38.9389    29.1218 0.0000e+00
    425.000    14.5786     0.1839    98.4024 1.0000e-12 2.4767e+03    176.131    14.5129    38.9388    29.1219 0.0000e+00
    426.000    14.5780     0.1845    98.4025 1.0000e-12 2.4756e+03    176.386    14.5121    38.9387    29.1220 0.0000e+00
    427.000    14.5776     0.1810    98.4021 1.0000e-12 2.4749e+03    176.332    14.5116    38.9387    29.1221 0.0000e+00
    428.000    14.5774     0.1835    98.4058 1.0000e-12 2.4753e+03    175.929    14.5112    38.9386    29.1222 0.0000e+00
    429.000    14.5753     0.1856    98.3876 1.0000e-12 2.4793e+03    176.329    14.5089    38.9383    29.1224 0.0000e+00
    430.000    14.5729     0.1820    98.3834 1.0000e-12 2.4774e+03    176.151    14.5064    38.9382    29.1229 0.0000e+00
    431.000    14.5727     0.1814    98.4014 1.0000e-12 2.4790e+03    176.348    14.5061    38.9381    29.1229 0.0000e+00
    432.000    14.5719     0.1847    98.3810 1.0000e-12 2.4760e+03    176.250    14.5052    38.9379    29.1230 0.0000e+00
    433.000    14.5681     0.1809    98.3899 1.0000e-12 2.4754e+03    176.141    14.5012    38.9374    29.1235 0.0000e+00
    434.000    14.5666     0.1858    98.4001 1.0000e-12 2.4820e+03    176.256    14.4996    38.9373    29.1237 0.0000e+00
    435.000    14.5652     0.1831    98.3964 1.0000e-12 2.4827e+03    176.245    14.4980    38.9371    29.1239 0.0000e+00
    436.000    14.5614     0.1842    98.3876 1.0000e-12 2.4790e+03    176.300    14.4940    38.9363    29.1242 0.0000e+00
    437.000    14.5601     0.1822    98.3947 1.0000e-12 2.4780e+03    176.283    14.4925    38.9365    29.1246 0.0000e+00
    438.000    14.5598     0.1827    98.3910 1.0000e-12 2.4797e+03    175.988    14.4921    38.9364    29.1247 0.0000e+00
    439.000    14.5552     0.1809    98.3887 1.0000e-12 2.4818e+03    176.156    14.4874    38.9356    29.1251 0.0000e+00
    440.000    14.5511     0.1830    98.3694 1.0000e-12 2.4827e+03    176.207    14.4831    38.9352    29.1258 0.0000e+00
    441.000    14.5493     0.1800    98.3466 1.0000e-12 2.4797e+03    175.742    14.4812    38.9349    29.1260 0.0000e+00
    442.000    14.5474     0.1833    98.3642 1.0000e-12 2.4820e+03    175.705    14.4791    38.9348    29.1263 0.0000e+00
    443.000    14.5472     0.1820    98.3797 -9.990e-29 2.4784e+03    175.958    14.4788    38.9348    29.1264 0.0000e+00
    444.000    14.5468     0.1819    98.3721 -9.990e-29 2.4768e+03    175.178    14.4782    38.9348    29.1266 0.0000e+00
    445.000    14.5459     0.1830    98.3744 -9.990e-29 2.4755e+03    175.259    14.4771    38.9346    29.1267 0.0000e+00
    446.000    14.5443     0.1782    98.3666 1.0000e-12 2.4753e+03    175.416    14.4754    38.9343    29.1268 0.0000e+00
    447.000    14.5410     0.1771    98.3450 1.0000e-12 2.4775e+03    175.414    14.4720    38.9338    29.1272 0.0000e+00
    448.000    14.5362     0.1781    98.3678 1.0000e-12 2.4707e+03    175.716    14.4670    38.9332    29.1278 0.0000e+00
    449.000    14.5291     0.1816    98.3619 1.0000e-12 2.4689e+03    175.380    14.4598    38.9318    29.1283 0.0000e+00
    450.000    14.5249     0.1802    98.3696 1.0000e-12 2.4664e+03    174.814    14.4554    38.9314    29.1290 0.0000e+00
    451.000    14.5209     0.1832    98.3739 1.0000e-12 2.4713e+03    175.032    14.4513    38.9308    29.1294 0.0000e+00
    452.000    14.5179     0.1889    98.3645 1.0000e-12 2.4711e+03    175.439    14.4481    38.9305    29.1299 0.0000e+00
    453.000    14.5151     0.1867    98.3720 1.0000e-12 2.4719e+03    174.970    14.4452    38.9302    29.1303 0.0000e+00
    454.000    14.5119     0.1818    98.3729 1.0000e-12 2.4778e+03    174.902    14.4419    38.9297    29.1307 0.0000e+00
    455.000    14.5103     0.1752    98.3668 1.0000e-12 2.4728e+03    174.716    14.4401    38.9295    29.1309 0.0000e+00
    456.000    14.5092     0.1734    98.3738 1.0000e-12 2.4693e+03    174.623    14.4389    38.9295    29.1312 0.0000e+00
    457.000    14.5084     0.1777    98.3748 1.0000e-12 2.4676e+03    174.398    14.4379    38.9294    29.1313 0.0000e+00
    458.000    14.5063     0.1780    98.3765 1.0000e-12 2.4680e+03    174.865    14.4356    38.9289    29.1314 0.0000e+00
    459.000    14.5024     0.1832    98.3633 1.0000e-12 2.4712e+03    175.105    14.4316    38.9283    29.1319 0.0000e+00
    460.000    14.4998     0.1854    98.3471 1.0000e-12 2.4702e+03    174.541    14.4289    38.9279    29.1322 0.0000e+00
    461.000    14.4982     0.1862    98.3687 1.0000e-12 2.4689e+03    174.521    14.4272    38.9276    29.1323 0.0000e+00
    462.000    14.4963     0.1789    98.3724 1.0000e-12 2.4704e+03    174.361    14.4250    38.9275    29.1327 0.0000e+00
    463.000    14.4933     0.1774    98.3746 1.0000e-12 2.4742e+03    174.635    14.4219    38.9267    29.1328 0.0000e+00
    464.000    14.4907     0.1775    98.3738 1.0000e-12 2.4751e+03    174.839    14.4192    38.9264    29.1332 0.0000e+00
    465.000    14.4854     0.1800    98.3761 1.0000e-12 2.4749e+03    174.659    14.4137    38.9253    29.1335 0.0000e+00
    466.000    14.4790     0.1764    98.3770 1.0000e-12 2.4785e+03    174.359    14.4072    38.9246    29.1344 0.0000e+00
    467.000    14.4776     0.1768    98.3788 1.0000e-12 2.4802e+03    174.163    14.4057    38.9244    29.1345 0.0000e+00
    468.000    14.4777     0.1773    98.3844 1.0000e-12 2.4818e+03    174.350    14.4055    38.9244    29.1346 0.0000e+00
    469.000    14.4783     0.1794    98.3435 1.0000e-12 2.4820e+03    174.321    14.4061    38.9243    29.1344 0.0000e+00
    470.000    14.4769     0.1787    98.3780 1.0000e-12 2.4819e+03    174.414    14.4044    38.9241    29.1346 0.0000e+00
    471.000    14.4767     0.1750    98.3777 1.0000e-12 2.4795e+03    174.408    14.4041    38.9241    29.1347 0.0000e+00
    472.000    14.4750     0.1735    98.3733 1.0000e-12 2.4771e+03    174.171    14.4023    38.9238    29.1348 0.0000e+00
    473.000    14.4719     0.1694    98.3670 1.0000e-12 2.4745e+03    173.650    14.3991    38.9232    29.1351 0.0000e+00
    474.000    14.4659     0.1761    98.3842 -9.990e-29 2.4754e+03    174.210    14.3929    38.9221    29.1356 0.0000e+00
    475.000    14.4614     0.1860    98.3813 -9.990e-29 2.4757e+03    173.851    14.3882    38.9212    29.1359 0.0000e+00
    476.000    14.4537     0.1855    98.3844 1.0000e-12 2.4765e+03    173.266    14.3804    38.9200    29.1368 0.0000e+00
    477.000    14.4478     0.1830    98.3791 1.0000e-12 2.4789e+03    172.901    14.3744    38.9190    29.1374 0.0000e+00
    478.000    14.4402     0.1792    98.3791 1.0000e-12 2.4830e+03    172.751    14.3666    38.9178    29.1381 0.0000e+00
    479.000    14.4387     0.1802    98.3773 1.0000e-12 2.4870e+03    173.240    14.3651    38.9176    29.1383 0.0000e+00
    480.000    14.4372     0.1821    98.3755 1.0000e-12 2.4855e+03    173.473    14.3633    38.9172    29.1384 0.0000e+00
    481.000    14.4317     0.1756    98.3628 1.0000e-12 2.4869e+03    172.846    14.3577    38.9161    29.1387 0.0000e+00
    482.000    14.4238     0.1740    98.3464 1.0000e-12 2.4942e+03    172.590    14.3496    38.9147    29.1395 0.0000e+00
    483.000    14.4207     0.1832    98.3601 1.0000e-12 2.4955e+03    172.556    14.3464    38.9145    29.1400 0.0000e+00
    484.000    14.4185     0.1868    98.3650 1.0000e-12 2.4909e+03    172.795    14.3441    38.9140    29.1401 0.0000e+00
    485.000    14.4153     0.1889    98.3756 1.0000e-12 2.4919e+03    173.185    14.3407    38.9134    29.1405 0.0000e+00
    486.000    14.4140     0.1874    98.3436 1.0000e-12 2.4949e+03    172.802    14.3393    38.9131    29.1405 0.0000e+00
    487.000    14.4131     0.1882    98.3697 1.0000e-12 2.4914e+03    172.841    14.3383    38.9130    29.1407 0.0000e+00
    488.000    14.4123     0.1815    98.3696 1.0000e-12 2.4936e+03    172.890    14.3373    38.9129    29.1408 0.0000e+00
    489.000    14.4110     0.1820    98.3696 1.0000e-12 2.4952e+03    173.055    14.3358    38.9127    29.1410 0.0000e+00
    490.000    14.4086     0.1792    98.3671 1.0000e-12 2.4973e+03    173.340    14.3333    38.9120    29.1410 0.0000e+00
    491.000    14.4082     0.1786    98.3676 1.0000e-12 2.4943e+03    172.681    14.3328    38.9121    29.1412 0.0000e+00
    492.000    14.4079     0.1825    98.3520 1.0000e-12 2.4905e+03    172.557    14.3323    38.9119    29.1411 0.0000e+00
    493.000    14.4080     0.1797    98.3717 1.0000e-12 2.4937e+03    172.581    14.3322    38.9121    29.1413 0.0000e+00
    494.000    14.4072     0.1787    98.3719 1.0000e-12 2.4939e+03    172.558    14.3313    38.9118    29.1413 0.0000e+00
    495.000    14.4073     0.1863    98.3678 1.0000e-12 2.4973e+03    172.281    14.3312    38.9119    29.1414 0.0000e+00
    496.000    14.4072     0.1894    98.3640 1.0000e-12 2.5029e+03    172.558    14.3310    38.9118    29.1414 0.0000e+00
    497.000    14.4053     0.1835    98.3589 1.0000e-12 2.5055e+03    172.875    14.3289    38.9113    29.1415 0.0000e+00
    498.000    14.4012     0.1828    98.3640 1.0000e-12 2.5063e+03    172.913    14.3246    38.9105    29.1417 0.0000e+00
    499.000    14.3987     0.1764    98.3640 1.0000e-12 2.5078e+03    172.552    14.3220    38.9101    29.1420 0.0000e+00
    500.000    14.3952     0.1773    98.3530 1.0000e-12 2.5088e+03    172.425    14.3184    38.9093    29.1422 0.0000e+00
    501.000    14.3901     0.1884    98.3549 1.0000e-12 2.5066e+03    172.612    14.3131    38.9085    29.1427 0.0000e+00
    502.000    14.3882     0.1850    98.3716 1.0000e-12 2.5000e+03    172.249    14.3111    38.9082    29.1429 0.0000e+00
    503.000    14.3868     0.1782    98.3696 1.0000e-12 2.5051e+03    172.347    14.3095    38.9079    29.1431 0.0000e+00
    504.000    14.3806     0.1806    98.3638 1.0000e-12 2.5008e+03    172.227    14.3032    38.9067    29.1435 0.0000e+00
    505.000    14.3768     0.1831    98.3722 1.0000e-12 2.4936e+03    172.115    14.2993    38.9061    29.1439 0.0000e+00
    506.000    14.3735     0.1869    98.3607 1.0000e-12 2.4999e+03    172.133    14.2958    38.9055    29.1442 0.0000e+00
    507.000    14.3690     0.1817    98.3726 1.0000e-12 2.5013e+03    172.322    14.2912    38.9045    29.1445 0.0000e+00
    508.000    14.3682     0.1806    98.3780 1.0000e-12 2.5004e+03    172.419    14.2902    38.9045    29.1447 0.0000e+00
    509.000    14.3642     0.1808    98.3644 1.0000e-12 2.5039e+03    172.137    14.2861    38.9035    29.1449 0.0000e+00
    510.000    14.3612     0.1797    98.3801 1.0000e-12 2.5030e+03    172.025    14.2830    38.9030    29.1452 0.0000e+00
    511.000    14.3606     0.1817    98.3783 1.0000e-12 2.5044e+03    171.993    14.2821    38.9029    29.1453 0.0000e+00
    512.000    14.3599     0.1803    98.3773 1.0000e-12 2.5032e+03    172.231    14.2814    38.9029    29.1454 0.0000e+00
    513.000    14.3585     0.1860    98.3794 1.0000e-12 2.5032e+03    172.187    14.2797    38.9025    29.1454 0.0000e+00
    514.000    14.3557     0.1899    98.3783 1.0000e-12 2.4992e+03    171.910    14.2768    38.9020    29.1457 0.0000e+00
    515.000    14.3519     0.1842    98.3517 1.0000e-12 2.4990e+03    172.038    14.2729    38.9013    29.1460 0.0000e+00
    516.000    14.3486     0.1869    98.3233 1.0000e-12 2.5037e+03    172.066    14.2694    38.9008    29.1464 0.0000e+00
    517.000    14.3455     0.1820    98.3799 1.0000e-12 2.5087e+03    172.192    14.2662    38.9001    29.1466 0.0000e+00
    518.000    14.3401     0.1835    98.3735 1.0000e-12 2.5143e+03    172.209    14.2607    38.8988    29.1468 0.0000e+00
    519.000    14.3282     0.1835    98.3339 1.0000e-12 2.5195e+03    172.087    14.2487    38.8966    29.1478 0.0000e+00
    520.000    14.3230     0.1860    98.3579 1.0000e-12 2.5169e+03    171.863    14.2433    38.8959    29.1484 0.0000e+00
    521.000    14.3196     0.1883    98.3814 1.0000e-12 2.5164e+03    171.702    14.2398    38.8953    29.1487 0.0000e+00
    522.000    14.3189     0.1840    98.3925 1.0000e-12 2.5171e+03    171.593    14.2389    38.8950    29.1487 0.0000e+00
    523.000    14.3176     0.1793    98.3915 1.0000e-12 2.5172e+03    171.962    14.2374    38.8949    29.1489 0.0000e+00
    524.000    14.3174     0.1807    98.3935 1.0000e-12 2.5192e+03    172.323    14.2371    38.8949    29.1490 0.0000e+00
    525.000    14.3171     0.1841    98.3917 1.0000e-12 2.5221e+03    172.122    14.2366    38.8949    29.1491 0.0000e+00
