Data/ruptures/PEACETIME/ION/PEACETIME_ION_CTD_045.cnv
* Sea-Bird SBE 9 Data File:
* FileName = C:\CTD\rawCTD\PEACETIME_ION_CTD_045.hdr
* Software Version Seasave V 7.23.2
* Temperature SN = 1378
* Conductivity SN = 2929
* Number of Bytes Per Scan = 38
* Number of Voltage Words = 5
* Number of Scans Averaged by the Deck Unit = 1
* NMEA Latitude = 35 29.35 N
* NMEA Longitude = 019 46.59 E
* NMEA UTC (Time) = May 27 2017  03:52:11
* NMEA baud rate = 4800
** Cruise:   PEACETIME
** Station:   ION_CTD_045
# nquan = 11
# nvalues = 3138                        
# units = specified
# name 0 = prDM: Pressure, Digiquartz [db]
# name 1 = t090C: Temperature [ITS-90, deg C]
# name 2 = flC: Fluorescence, Chelsea Aqua 3 Chl Con [ug/l]
# name 3 = CStarTr0: Beam Transmission, WET Labs C-Star [%]
# name 4 = par: PAR/Irradiance, Biospherical/Licor
# name 5 = spar: SPAR/Surface Irradiance
# name 6 = sbeox0Mm/Kg: Oxygen, SBE 43 [umol/kg]
# name 7 = potemp090C: Potential Temperature [ITS-90, deg C]
# name 8 = sal00: Salinity, Practical [PSU]
# name 9 = sigma-é00: Density [sigma-theta, kg/m^3]
# name 10 = flag:
# span 0 =      3.000,   3140.000       
# span 1 =    13.7805,    20.4935       
# span 2 =     0.1700,     0.3402       
# span 3 =    95.9982,    98.3869       
# span 4 = -1.804e-06, 3.3716e+01       
# span 5 = 1.0906e+02, 1.4782e+03       
# span 6 =    167.766,    230.518       
# span 7 =    13.4266,    20.4924       
# span 8 =    38.7332,    39.0484       
# span 9 =    27.6453,    29.1991       
# span 10 = 0.0000e+00, 0.0000e+00      
# interval = decibars: 1                
# start_time = May 27 2017 03:54:07 [NMEA time, first data scan]
# bad_flag = -9.990e-29
*END*
[from data line 525]
    528.000    14.3225     0.1818    98.1899 1.0000e-12 1.3347e+02    171.323    14.2416    38.8956    29.1486 0.0000e+00
    529.000    14.3215     0.1800    98.1990 1.0000e-12 1.3239e+02    171.220    14.2404    38.8955    29.1487 0.0000e+00
    530.000    14.3196     0.1781    98.1943 1.0000e-12 1.3489e+02    171.252    14.2384    38.8949    29.1487 0.0000e+00
    531.000    14.3135     0.1808    98.1508 1.0000e-12 1.3459e+02    171.013    14.2321    38.8937    29.1491 0.0000e+00
    532.000    14.3087     0.1849    98.1884 1.0000e-12 1.2912e+02    170.577    14.2272    38.8929    29.1496 0.0000e+00
    533.000    14.3070     0.1805    98.1898 1.0000e-12 1.3081e+02    170.450    14.2254    38.8925    29.1497 0.0000e+00
    534.000    14.3058     0.1816    98.1754 1.0000e-12 1.3434e+02    170.372    14.2240    38.8923    29.1499 0.0000e+00
    535.000    14.3019     0.1819    98.1894 1.0000e-12 1.3012e+02    170.497    14.2199    38.8915    29.1501 0.0000e+00
    536.000    14.2994     0.1863    98.1885 1.0000e-12 1.3140e+02    171.060    14.2173    38.8911    29.1504 0.0000e+00
    537.000    14.2983     0.1859    98.1933 1.0000e-12 1.3539e+02    171.285    14.2160    38.8910    29.1505 0.0000e+00
    538.000    14.2975     0.1850    98.1931 1.0000e-12 1.3462e+02    170.859    14.2151    38.8907    29.1506 0.0000e+00
    539.000    14.2962     0.1856    98.1925 1.0000e-12 1.3454e+02    170.679    14.2137    38.8905    29.1507 0.0000e+00
    540.000    14.2902     0.1869    98.1897 1.0000e-12 1.3498e+02    170.461    14.2075    38.8891    29.1510 0.0000e+00
    541.000    14.2808     0.1816    98.1929 1.0000e-12 1.3559e+02    170.175    14.1980    38.8873    29.1517 0.0000e+00
    542.000    14.2733     0.1818    98.1912 1.0000e-12 1.3590e+02    170.302    14.1903    38.8858    29.1522 0.0000e+00
    543.000    14.2672     0.1798    98.1918 1.0000e-12 1.3632e+02    170.655    14.1842    38.8848    29.1527 0.0000e+00
    544.000    14.2650     0.1808    98.1912 1.0000e-12 1.3608e+02    170.478    14.1818    38.8844    29.1530 0.0000e+00
    545.000    14.2647     0.1855    98.1989 1.0000e-12 1.3855e+02    170.459    14.1814    38.8842    29.1529 0.0000e+00
    546.000    14.2636     0.1860    98.1919 1.0000e-12 1.3615e+02    170.396    14.1801    38.8840    29.1531 0.0000e+00
    547.000    14.2614     0.1889    98.1952 1.0000e-12 1.3440e+02    170.325    14.1777    38.8835    29.1532 0.0000e+00
    548.000    14.2605     0.1867    98.1911 1.0000e-12 1.3699e+02    169.806    14.1767    38.8833    29.1533 0.0000e+00
    549.000    14.2604     0.1811    98.1895 1.0000e-12 1.3378e+02    170.250    14.1764    38.8833    29.1533 0.0000e+00
    550.000    14.2596     0.1793    98.1875 1.0000e-12 1.3601e+02    170.332    14.1755    38.8832    29.1534 0.0000e+00
    551.000    14.2572     0.1760    98.1875 1.0000e-12 1.3832e+02    170.263    14.1729    38.8825    29.1535 0.0000e+00
    552.000    14.2552     0.1812    98.1875 1.0000e-12 1.3697e+02    170.239    14.1708    38.8821    29.1536 0.0000e+00
    553.000    14.2523     0.1844    98.1888 1.0000e-12 1.3908e+02    170.130    14.1677    38.8817    29.1540 0.0000e+00
    554.000    14.2506     0.1811    98.1844 -9.990e-29 1.3786e+02    170.362    14.1659    38.8813    29.1540 0.0000e+00
    555.000    14.2497     0.1843    98.1884 -9.990e-29 1.4380e+02    170.503    14.1648    38.8810    29.1541 0.0000e+00
    556.000    14.2488     0.1779    98.1996 -9.990e-29 1.4765e+02    170.558    14.1638    38.8809    29.1543 0.0000e+00
    557.000    14.2483     0.1777    98.1952 1.0000e-12 1.4245e+02    170.475    14.1631    38.8809    29.1543 0.0000e+00
    558.000    14.2482     0.1774    98.2010 1.0000e-12 1.4615e+02    170.468    14.1629    38.8807    29.1543 0.0000e+00
    559.000    14.2475     0.1796    98.1904 1.0000e-12 1.4364e+02    170.434    14.1620    38.8806    29.1544 0.0000e+00
    560.000    14.2467     0.1890    98.2041 1.0000e-12 1.4553e+02    170.413    14.1610    38.8804    29.1544 0.0000e+00
    561.000    14.2457     0.1912    98.2010 1.0000e-12 1.4242e+02    170.449    14.1599    38.8803    29.1546 0.0000e+00
    562.000    14.2385     0.1868    98.2045 1.0000e-12 1.4328e+02    170.329    14.1526    38.8787    29.1550 0.0000e+00
    563.000    14.2366     0.1875    98.2093 1.0000e-12 1.4549e+02    170.556    14.1506    38.8786    29.1553 0.0000e+00
    564.000    14.2359     0.1908    98.2095 1.0000e-12 1.4734e+02    170.328    14.1497    38.8784    29.1553 0.0000e+00
    565.000    14.2349     0.1856    98.2135 1.0000e-12 1.4535e+02    170.563    14.1485    38.8782    29.1555 0.0000e+00
    566.000    14.2339     0.1847    98.2077 1.0000e-12 1.5401e+02    170.614    14.1474    38.8780    29.1556 0.0000e+00
    567.000    14.2339     0.1812    98.2005 1.0000e-12 1.5110e+02    170.295    14.1473    38.8780    29.1556 0.0000e+00
    568.000    14.2332     0.1803    98.2135 1.0000e-12 1.4935e+02    170.452    14.1464    38.8779    29.1557 0.0000e+00
    569.000    14.2306     0.1853    98.2105 1.0000e-12 1.4942e+02    170.334    14.1437    38.8773    29.1558 0.0000e+00
    570.000    14.2302     0.1825    98.2030 1.0000e-12 1.5086e+02    170.357    14.1431    38.8772    29.1559 0.0000e+00
    571.000    14.2294     0.1810    98.2061 1.0000e-12 1.4868e+02    170.266    14.1421    38.8770    29.1560 0.0000e+00
    572.000    14.2281     0.1838    98.2107 1.0000e-12 1.4910e+02    170.238    14.1407    38.8767    29.1561 0.0000e+00
    573.000    14.2273     0.1872    98.2135 1.0000e-12 1.5118e+02    170.214    14.1397    38.8765    29.1561 0.0000e+00
    574.000    14.2255     0.1928    98.2135 1.0000e-12 1.4991e+02    170.200    14.1378    38.8760    29.1562 0.0000e+00
    575.000    14.2227     0.1854    98.2135 1.0000e-12 1.5080e+02    170.511    14.1348    38.8755    29.1564 0.0000e+00
    576.000    14.2209     0.1885    98.2183 1.0000e-12 1.5508e+02    170.561    14.1329    38.8752    29.1565 0.0000e+00
    577.000    14.2177     0.1916    98.2211 -9.990e-29 1.5200e+02    170.044    14.1295    38.8744    29.1567 0.0000e+00
    578.000    14.2158     0.1902    98.2113 -9.990e-29 1.5484e+02    169.707    14.1275    38.8740    29.1569 0.0000e+00
    579.000    14.2145     0.1885    98.2174 -9.990e-29 1.5569e+02    169.873    14.1260    38.8738    29.1570 0.0000e+00
    580.000    14.2137     0.1853    98.2198 1.0000e-12 1.5839e+02    170.343    14.1251    38.8737    29.1571 0.0000e+00
    581.000    14.2134     0.1870    98.2245 1.0000e-12 1.6381e+02    170.481    14.1246    38.8735    29.1571 0.0000e+00
    582.000    14.2121     0.1809    98.2210 1.0000e-12 1.6418e+02    170.374    14.1232    38.8732    29.1572 0.0000e+00
    583.000    14.2106     0.1824    98.2146 1.0000e-12 1.6035e+02    170.351    14.1216    38.8730    29.1573 0.0000e+00
    584.000    14.2097     0.1887    98.2162 1.0000e-12 1.6370e+02    170.378    14.1205    38.8726    29.1573 0.0000e+00
    585.000    14.2071     0.1879    98.2264 1.0000e-12 1.7231e+02    170.362    14.1177    38.8720    29.1574 0.0000e+00
    586.000    14.2037     0.1885    98.2181 1.0000e-12 1.8551e+02    170.320    14.1142    38.8714    29.1577 0.0000e+00
    587.000    14.2008     0.1887    98.2244 1.0000e-12 1.9150e+02    170.320    14.1112    38.8707    29.1579 0.0000e+00
    588.000    14.1983     0.1833    98.2200 1.0000e-12 2.1705e+02    170.527    14.1086    38.8704    29.1582 0.0000e+00
    589.000    14.1951     0.1827    98.2269 1.0000e-12 2.2775e+02    170.692    14.1052    38.8696    29.1583 0.0000e+00
    590.000    14.1920     0.1864    98.2294 1.0000e-12 2.4661e+02    170.921    14.1019    38.8688    29.1584 0.0000e+00
    591.000    14.1892     0.1865    98.2333 1.0000e-12 2.7370e+02    170.557    14.0990    38.8684    29.1587 0.0000e+00
    592.000    14.1890     0.1947    98.2364 1.0000e-12 2.8784e+02    170.069    14.0986    38.8683    29.1588 0.0000e+00
    593.000    14.1854     0.1905    98.2319 1.0000e-12 2.9891e+02    169.828    14.0949    38.8674    29.1589 0.0000e+00
    594.000    14.1825     0.1846    98.2374 1.0000e-12 3.0563e+02    169.805    14.0918    38.8669    29.1591 0.0000e+00
    595.000    14.1805     0.1883    98.2355 1.0000e-12 3.1041e+02    169.987    14.0897    38.8665    29.1592 0.0000e+00
    596.000    14.1799     0.1888    98.2324 1.0000e-12 3.2095e+02    170.459    14.0890    38.8664    29.1594 0.0000e+00
    597.000    14.1792     0.1891    98.2404 1.0000e-12 3.2961e+02    170.641    14.0881    38.8662    29.1594 0.0000e+00
    598.000    14.1787     0.1835    98.2259 1.0000e-12 3.3698e+02    170.561    14.0875    38.8661    29.1595 0.0000e+00
    599.000    14.1748     0.1840    98.2394 1.0000e-12 3.5705e+02    170.160    14.0834    38.8653    29.1597 0.0000e+00
    600.000    14.1692     0.1871    98.2395 1.0000e-12 3.7981e+02    170.008    14.0777    38.8641    29.1600 0.0000e+00
    601.000    14.1669     0.1843    98.2395 1.0000e-12 3.9307e+02    170.264    14.0753    38.8637    29.1603 0.0000e+00
    602.000    14.1657     0.1826    98.2395 1.0000e-12 4.1950e+02    170.370    14.0739    38.8633    29.1603 0.0000e+00
    603.000    14.1643     0.1856    98.2395 1.0000e-12 4.3078e+02    170.453    14.0724    38.8630    29.1603 0.0000e+00
    604.000    14.1634     0.1881    98.2395 1.0000e-12 4.3809e+02    170.202    14.0712    38.8628    29.1604 0.0000e+00
    605.000    14.1625     0.1899    98.2395 1.0000e-12 4.3942e+02    169.944    14.0702    38.8625    29.1605 0.0000e+00
    606.000    14.1618     0.1928    98.2395 1.0000e-12 4.3509e+02    169.813    14.0694    38.8623    29.1605 0.0000e+00
    607.000    14.1591     0.1888    98.2395 1.0000e-12 4.2625e+02    169.642    14.0666    38.8619    29.1608 0.0000e+00
    608.000    14.1569     0.1916    98.2395 1.0000e-12 4.0008e+02    170.068    14.0642    38.8615    29.1609 0.0000e+00
    609.000    14.1559     0.1915    98.2395 1.0000e-12 3.7776e+02    170.052    14.0630    38.8611    29.1610 0.0000e+00
    610.000    14.1531     0.1898    98.2405 1.0000e-12 3.5155e+02    169.932    14.0601    38.8604    29.1610 0.0000e+00
    611.000    14.1466     0.1896    98.2298 1.0000e-12 3.3227e+02    170.221    14.0535    38.8592    29.1615 0.0000e+00
    612.000    14.1447     0.1851    98.2327 1.0000e-12 3.1583e+02    169.945    14.0514    38.8589    29.1618 0.0000e+00
    613.000    14.1444     0.1819    98.2395 1.0000e-12 2.9545e+02    169.766    14.0509    38.8588    29.1618 0.0000e+00
    614.000    14.1442     0.1845    98.2506 1.0000e-12 2.7314e+02    169.780    14.0506    38.8588    29.1619 0.0000e+00
    615.000    14.1432     0.1880    98.2442 1.0000e-12 2.4643e+02    170.243    14.0494    38.8585    29.1619 0.0000e+00
    616.000    14.1425     0.1916    98.2414 1.0000e-12 2.1693e+02    170.142    14.0486    38.8583    29.1619 0.0000e+00
    617.000    14.1415     0.1870    98.2415 1.0000e-12 2.0496e+02    169.817    14.0474    38.8582    29.1621 0.0000e+00
    618.000    14.1402     0.1850    98.2395 1.0000e-12 1.9898e+02    169.817    14.0460    38.8579    29.1622 0.0000e+00
    619.000    14.1397     0.1840    98.2395 1.0000e-12 1.8901e+02    170.331    14.0453    38.8576    29.1621 0.0000e+00
    620.000    14.1387     0.1771    98.2395 1.0000e-12 1.8879e+02    169.921    14.0442    38.8576    29.1623 0.0000e+00
    621.000    14.1364     0.1789    98.2395 1.0000e-12 1.8678e+02    169.732    14.0417    38.8571    29.1625 0.0000e+00
    622.000    14.1344     0.1843    98.2344 1.0000e-12 1.8542e+02    169.683    14.0396    38.8567    29.1626 0.0000e+00
    623.000    14.1335     0.1896    98.2315 1.0000e-12 1.9336e+02    169.810    14.0385    38.8565    29.1627 0.0000e+00
    624.000    14.1331     0.1869    98.2339 1.0000e-12 1.9315e+02    170.056    14.0380    38.8564    29.1628 0.0000e+00
    625.000    14.1323     0.1881    98.2196 1.0000e-12 1.8362e+02    170.065    14.0370    38.8562    29.1628 0.0000e+00
    626.000    14.1319     0.1869    98.2334 1.0000e-12 1.8012e+02    169.866    14.0365    38.8560    29.1628 0.0000e+00
    627.000    14.1314     0.1868    98.2412 1.0000e-12 1.7665e+02    169.776    14.0359    38.8559    29.1628 0.0000e+00
    628.000    14.1273     0.1895    98.2173 1.0000e-12 1.7724e+02    169.714    14.0316    38.8550    29.1631 0.0000e+00
    629.000    14.1255     0.1844    98.2364 1.0000e-12 1.7679e+02    170.071    14.0296    38.8547    29.1633 0.0000e+00
    630.000    14.1246     0.1846    98.2395 1.0000e-12 1.7281e+02    170.119    14.0286    38.8545    29.1633 0.0000e+00
    631.000    14.1235     0.1818    98.2344 1.0000e-12 1.6975e+02    169.720    14.0274    38.8542    29.1634 0.0000e+00
    632.000    14.1221     0.1841    98.2294 1.0000e-12 1.7875e+02    169.723    14.0259    38.8538    29.1634 0.0000e+00
    633.000    14.1216     0.1862    98.2322 1.0000e-12 1.7916e+02    169.861    14.0252    38.8539    29.1636 0.0000e+00
    634.000    14.1201     0.1816    98.2368 1.0000e-12 1.7535e+02    169.876    14.0235    38.8535    29.1637 0.0000e+00
    635.000    14.1192     0.1776    98.2308 1.0000e-12 1.8038e+02    169.868    14.0225    38.8534    29.1638 0.0000e+00
    636.000    14.1173     0.1785    98.2259 1.0000e-12 1.8191e+02    169.801    14.0204    38.8527    29.1638 0.0000e+00
    637.000    14.1164     0.1830    98.2392 1.0000e-12 1.8046e+02    169.825    14.0194    38.8525    29.1638 0.0000e+00
    638.000    14.1158     0.1898    98.2395 1.0000e-12 1.7852e+02    169.859    14.0186    38.8524    29.1639 0.0000e+00
    639.000    14.1144     0.1904    98.2395 1.0000e-12 1.8398e+02    169.995    14.0170    38.8521    29.1640 0.0000e+00
    640.000    14.1125     0.1897    98.2405 1.0000e-12 1.8304e+02    169.888    14.0151    38.8515    29.1639 0.0000e+00
    641.000    14.1111     0.1904    98.2374 1.0000e-12 1.8139e+02    169.504    14.0135    38.8512    29.1641 0.0000e+00
    642.000    14.1075     0.1895    98.2385 1.0000e-12 1.8200e+02    169.297    14.0098    38.8503    29.1642 0.0000e+00
    643.000    14.1046     0.1861    98.2145 1.0000e-12 1.8414e+02    169.209    14.0067    38.8498    29.1644 0.0000e+00
    644.000    14.1017     0.1884    98.2345 1.0000e-12 1.7647e+02    169.372    14.0036    38.8491    29.1646 0.0000e+00
    645.000    14.1004     0.1919    98.2270 1.0000e-12 1.8722e+02    169.451    14.0022    38.8491    29.1649 0.0000e+00
    646.000    14.0969     0.1883    98.2366 1.0000e-12 1.7703e+02    169.526    13.9986    38.8480    29.1648 0.0000e+00
    647.000    14.0940     0.1825    98.2385 1.0000e-12 1.8523e+02    169.442    13.9955    38.8473    29.1650 0.0000e+00
    648.000    14.0923     0.1829    98.2395 1.0000e-12 1.7917e+02    169.629    13.9936    38.8471    29.1652 0.0000e+00
    649.000    14.0909     0.1836    98.2395 1.0000e-12 1.7461e+02    169.526    13.9922    38.8467    29.1652 0.0000e+00
    650.000    14.0875     0.1848    98.2395 1.0000e-12 1.8350e+02    169.214    13.9885    38.8458    29.1653 0.0000e+00
    651.000    14.0832     0.1803    98.2395 1.0000e-12 1.8120e+02    169.274    13.9841    38.8446    29.1654 0.0000e+00
    652.000    14.0808     0.1826    98.2395 1.0000e-12 1.8540e+02    169.604    13.9816    38.8442    29.1656 0.0000e+00
    653.000    14.0770     0.1828    98.2395 1.0000e-12 1.8605e+02    169.823    13.9777    38.8431    29.1656 0.0000e+00
    654.000    14.0715     0.1883    98.2395 1.0000e-12 1.8422e+02    169.545    13.9721    38.8418    29.1658 0.0000e+00
    655.000    14.0674     0.1958    98.2406 1.0000e-12 1.8646e+02    169.628    13.9678    38.8412    29.1663 0.0000e+00
    656.000    14.0650     0.1918    98.2488 1.0000e-12 1.8661e+02    169.815    13.9653    38.8403    29.1661 0.0000e+00
    657.000    14.0619     0.1912    98.2546 1.0000e-12 1.8743e+02    169.573    13.9620    38.8395    29.1662 0.0000e+00
