Data/ruptures/PEACETIME/ION/PEACETIME_ION_CTD_048.cnv
* Sea-Bird SBE 9 Data File:
* FileName = C:\CTD\rawCTD\PEACETIME_ION_CTD_048.hdr
* Software Version Seasave V 7.23.2
* Temperature SN = 1378
* Conductivity SN = 2929
* Number of Bytes Per Scan = 38
* Number of Voltage Words = 5
* Number of Scans Averaged by the Deck Unit = 1
* NMEA Latitude = 35 29.35 N
* NMEA Longitude = 019 46.59 E
* NMEA UTC (Time) = May 28 2017  02:21:46
* NMEA baud rate = 4800
** Cruise:   PEACETIME
** Station:   ION_CTD_048
# nquan = 11
# nvalues = 498                         
# units = specified
# name 0 = prDM: Pressure, Digiquartz [db]
# name 1 = t090C: Temperature [ITS-90, deg C]
# name 2 = flC: Fluorescence, Chelsea Aqua 3 Chl Con [ug/l]
# name 3 = CStarTr0: Beam Transmission, WET Labs C-Star [%]
# name 4 = par: PAR/Irradiance, Biospherical/Licor
# name 5 = spar: SPAR/Surface Irradiance
# name 6 = sbeox0Mm/Kg: Oxygen, SBE 43 [umol/kg]
# name 7 = potemp090C: Potential Temperature [ITS-90, deg C]
# name 8 = sal00: Salinity, Practical [PSU]
# name 9 = sigma-é00: Density [sigma-theta, kg/m^3]
# name 10 = flag:
# span 0 =      3.000,    500.000       
# span 1 =    14.3556,    20.5200       
# span 2 =     0.1716,     0.3879       
# span 3 =    96.2350,    98.4238       
# span 4 = 1.0000e-12, 1.3110e-01       
# span 5 = 1.4126e+00, 5.5806e+00       
# span 6 =    171.830,    229.588       
# span 7 =    14.2790,    20.5187       
# span 8 =    38.9023,    39.0810       
# span 9 =    27.6898,    29.1455       
# span 10 = 0.0000e+00, 0.0000e+00      
# interval = decibars: 1                
# start_time = May 28 2017 02:21:47 [NMEA time, first data scan]
# bad_flag = -9.990e-29
*END*
[from data line 132]
    135.000    15.8165     0.1935    98.2239 1.0000e-12 2.5998e+00    208.585    15.7946    39.0459    28.9120 0.0000e+00
    136.000    15.8164     0.1985    98.2326 1.0000e-12 2.5352e+00    209.297    15.7944    39.0460    28.9121 0.0000e+00
    137.000    15.8054     0.1948    98.1958 1.0000e-12 3.2648e+00    209.149    15.7832    39.0437    28.9130 0.0000e+00
    138.000    15.7935     0.1929    98.2386 1.0000e-12 1.4668e+00    208.891    15.7713    39.0423    28.9147 0.0000e+00
    139.000    15.7928     0.1850    98.2359 1.0000e-12 3.1383e+00    208.943    15.7704    39.0420    28.9146 0.0000e+00
    140.000    15.7792     0.1898    98.2348 1.0000e-12 2.9980e+00    208.771    15.7566    39.0380    28.9148 0.0000e+00
    141.000    15.7298     0.1897    98.2161 1.0000e-12 2.3756e+00    208.439    15.7071    39.0268    28.9177 0.0000e+00
    142.000    15.7213     0.1809    98.2615 1.0000e-12 2.2356e+00    208.351    15.6984    39.0268    28.9197 0.0000e+00
    143.000    15.7178     0.1825    98.2729 1.0000e-12 2.1485e+00    208.469    15.6948    39.0274    28.9211 0.0000e+00
    144.000    15.7096     0.1891    98.2832 1.0000e-12 1.9201e+00    208.664    15.6864    39.0292    28.9244 0.0000e+00
    145.000    15.7539     0.1865    98.2883 1.0000e-12 5.0059e+00    207.891    15.7305    39.0460    28.9271 0.0000e+00
    146.000    15.7570     0.1849    98.2742 1.0000e-12 3.3116e+00    208.032    15.7334    39.0466    28.9269 0.0000e+00
    147.000    15.7633     0.1857    98.2443 1.0000e-12 2.6044e+00    207.880    15.7395    39.0485    28.9269 0.0000e+00
    148.000    15.7765     0.1903    98.2568 1.0000e-12 2.8486e+00    207.635    15.7526    39.0541    28.9282 0.0000e+00
    149.000    15.8185     0.1935    98.2018 1.0000e-12 2.2978e+00    206.676    15.7944    39.0698    28.9305 0.0000e+00
    150.000    15.8276     0.1968    98.2669 1.0000e-12 2.2229e+00    205.958    15.8033    39.0719    28.9301 0.0000e+00
    151.000    15.8279     0.1964    98.2457 1.0000e-12 3.5466e+00    206.001    15.8035    39.0721    28.9301 0.0000e+00
    152.000    15.8285     0.1893    98.2644 1.0000e-12 3.0533e+00    205.981    15.8039    39.0723    28.9302 0.0000e+00
    153.000    15.8327     0.1898    98.2478 1.0000e-12 3.1789e+00    205.487    15.8079    39.0746    28.9311 0.0000e+00
    154.000    15.8413     0.1906    98.2427 1.0000e-12 2.3582e+00    203.922    15.8164    39.0789    28.9324 0.0000e+00
    155.000    15.8440     0.1936    98.2488 1.0000e-12 2.9460e+00    202.887    15.8189    39.0809    28.9333 0.0000e+00
    156.000    15.8441     0.1902    98.2581 1.0000e-12 2.6225e+00    202.805    15.8188    39.0810    28.9334 0.0000e+00
    157.000    15.8442     0.1882    98.2128 1.0000e-12 2.8983e+00    202.899    15.8188    39.0809    28.9333 0.0000e+00
    158.000    15.8406     0.1899    98.2531 1.0000e-12 3.2345e+00    203.761    15.8150    39.0798    28.9333 0.0000e+00
    159.000    15.8173     0.1920    98.2796 1.0000e-12 2.9388e+00    204.563    15.7916    39.0746    28.9348 0.0000e+00
    160.000    15.7851     0.1921    98.2682 1.0000e-12 3.4400e+00    206.176    15.7593    39.0692    28.9382 0.0000e+00
    161.000    15.7790     0.1883    98.2745 1.0000e-12 2.5497e+00    206.488    15.7530    39.0682    28.9389 0.0000e+00
    162.000    15.7695     0.1873    98.2696 1.0000e-12 2.1743e+00    205.555    15.7433    39.0659    28.9394 0.0000e+00
    163.000    15.7513     0.1940    98.2583 1.0000e-12 1.7968e+00    206.759    15.7250    39.0619    28.9406 0.0000e+00
    164.000    15.7430     0.1923    98.2801 1.0000e-12 2.5311e+00    207.227    15.7165    39.0606    28.9416 0.0000e+00
    165.000    15.7366     0.1890    98.2969 1.0000e-12 2.8196e+00    206.768    15.7100    39.0592    28.9421 0.0000e+00
    166.000    15.7212     0.1868    98.2790 1.0000e-12 3.1412e+00    206.746    15.6944    39.0562    28.9434 0.0000e+00
    167.000    15.7118     0.1851    98.2826 1.0000e-12 1.9276e+00    207.049    15.6848    39.0550    28.9447 0.0000e+00
    168.000    15.7003     0.1852    98.3041 1.0000e-12 3.0203e+00    207.420    15.6732    39.0531    28.9459 0.0000e+00
    169.000    15.6924     0.1897    98.2922 1.0000e-12 2.5342e+00    207.679    15.6652    39.0527    28.9474 0.0000e+00
    170.000    15.6881     0.1893    98.3106 1.0000e-12 2.4041e+00    208.004    15.6607    39.0527    28.9486 0.0000e+00
    171.000    15.6858     0.1877    98.3280 1.0000e-12 3.1189e+00    207.740    15.6582    39.0527    28.9491 0.0000e+00
    172.000    15.6798     0.1841    98.2904 1.0000e-12 2.2122e+00    208.578    15.6522    39.0525    28.9503 0.0000e+00
    173.000    15.6767     0.1828    98.3148 1.0000e-12 3.4725e+00    208.669    15.6488    39.0524    28.9510 0.0000e+00
    174.000    15.6711     0.1841    98.3086 1.0000e-12 3.0089e+00    208.840    15.6431    39.0518    28.9519 0.0000e+00
    175.000    15.6669     0.1792    98.3197 -9.990e-29 3.3804e+00    209.112    15.6387    39.0517    28.9529 0.0000e+00
    176.000    15.6632     0.1848    98.2899 -9.990e-29 2.3300e+00    208.849    15.6349    39.0517    28.9538 0.0000e+00
    177.000    15.6586     0.1822    98.3094 1.0000e-12 2.7842e+00    208.403    15.6302    39.0516    28.9548 0.0000e+00
    178.000    15.6535     0.1784    98.3180 1.0000e-12 1.8627e+00    208.151    15.6248    39.0513    28.9558 0.0000e+00
    179.000    15.6511     0.1800    98.2974 1.0000e-12 3.5044e+00    207.790    15.6223    39.0510    28.9561 0.0000e+00
    180.000    15.6475     0.1748    98.3045 1.0000e-12 3.5606e+00    207.320    15.6185    39.0504    28.9566 0.0000e+00
    181.000    15.6434     0.1801    98.3091 1.0000e-12 2.5747e+00    207.437    15.6143    39.0498    28.9571 0.0000e+00
    182.000    15.6392     0.1840    98.3229 1.0000e-12 3.4788e+00    207.153    15.6099    39.0499    28.9582 0.0000e+00
    183.000    15.6352     0.1788    98.3208 1.0000e-12 2.5505e+00    207.011    15.6058    39.0498    28.9591 0.0000e+00
    184.000    15.6309     0.1828    98.3052 1.0000e-12 2.4891e+00    206.694    15.6014    39.0493    28.9597 0.0000e+00
    185.000    15.6238     0.1800    98.3015 1.0000e-12 2.0752e+00    205.888    15.5941    39.0480    28.9604 0.0000e+00
    186.000    15.6179     0.1801    98.3169 1.0000e-12 2.8791e+00    205.884    15.5881    39.0480    28.9618 0.0000e+00
    187.000    15.6170     0.1823    98.3135 1.0000e-12 3.0347e+00    206.392    15.5869    39.0485    28.9625 0.0000e+00
    188.000    15.6153     0.1761    98.3135 1.0000e-12 3.7909e+00    205.981    15.5851    39.0486    28.9629 0.0000e+00
    189.000    15.6124     0.1820    98.3288 1.0000e-12 1.6525e+00    205.769    15.5820    39.0488    28.9638 0.0000e+00
    190.000    15.6100     0.1853    98.3277 1.0000e-12 2.2325e+00    205.572    15.5795    39.0485    28.9641 0.0000e+00
    191.000    15.6046     0.1775    98.3091 1.0000e-12 3.6258e+00    205.266    15.5739    39.0474    28.9646 0.0000e+00
    192.000    15.5943     0.1777    98.3105 1.0000e-12 3.6565e+00    204.596    15.5635    39.0455    28.9656 0.0000e+00
    193.000    15.5829     0.1806    98.3258 1.0000e-12 3.1576e+00    203.064    15.5520    39.0432    28.9665 0.0000e+00
    194.000    15.5734     0.1802    98.3273 1.0000e-12 3.2138e+00    203.141    15.5423    39.0417    28.9676 0.0000e+00
    195.000    15.5686     0.1780    98.3378 1.0000e-12 2.9746e+00    202.919    15.5373    39.0411    28.9683 0.0000e+00
    196.000    15.5636     0.1813    98.3190 1.0000e-12 3.0726e+00    202.132    15.5322    39.0404    28.9689 0.0000e+00
    197.000    15.5572     0.1840    98.3293 1.0000e-12 2.7918e+00    202.001    15.5256    39.0398    28.9699 0.0000e+00
    198.000    15.5524     0.1818    98.3153 1.0000e-12 3.0712e+00    201.819    15.5206    39.0394    28.9708 0.0000e+00
    199.000    15.5451     0.1867    98.3137 1.0000e-12 2.8069e+00    201.487    15.5133    39.0381    28.9715 0.0000e+00
    200.000    15.5394     0.1790    98.3250 1.0000e-12 3.2973e+00    201.046    15.5074    39.0371    28.9721 0.0000e+00
    201.000    15.5396     0.1855    98.3261 1.0000e-12 2.4465e+00    201.741    15.5074    39.0377    28.9725 0.0000e+00
    202.000    15.5444     0.1823    98.3074 1.0000e-12 2.9913e+00    203.423    15.5121    39.0407    28.9738 0.0000e+00
    203.000    15.5451     0.1842    98.3014 1.0000e-12 2.8637e+00    203.242    15.5126    39.0412    28.9741 0.0000e+00
    204.000    15.5391     0.1815 -9.990e-29 1.0000e-12 2.2983e+00    203.081    15.5065    39.0410    28.9753 0.0000e+00
    205.000    15.5376     0.1838    98.3119 1.0000e-12 2.1570e+00    204.081    15.5048    39.0419    28.9764 0.0000e+00
    206.000    15.5347     0.1836    98.3128 1.0000e-12 2.2894e+00    203.884    15.5017    39.0419    28.9771 0.0000e+00
    207.000    15.5304     0.1817    98.3114 1.0000e-12 2.2059e+00    203.169    15.4972    39.0412    28.9776 0.0000e+00
    208.000    15.5277     0.1815    98.3039 1.0000e-12 2.9577e+00    203.062    15.4944    39.0411    28.9782 0.0000e+00
    209.000    15.5264     0.1836    98.3148 1.0000e-12 2.4448e+00    202.479    15.4930    39.0414    28.9787 0.0000e+00
    210.000    15.5200     0.1781 -9.990e-29 1.0000e-12 3.2452e+00    201.622    15.4864    39.0407    28.9797 0.0000e+00
    211.000    15.5165     0.1816    98.3213 1.0000e-12 3.4414e+00    201.569    15.4828    39.0402    28.9802 0.0000e+00
    212.000    15.5148     0.1797    98.3211 1.0000e-12 2.3968e+00    201.150    15.4809    39.0400    28.9804 0.0000e+00
    213.000    15.5068     0.1738    98.3183 1.0000e-12 3.0328e+00    201.088    15.4728    39.0382    28.9809 0.0000e+00
    214.000    15.4964     0.1762    98.3277 1.0000e-12 2.6098e+00    200.267    15.4622    39.0355    28.9813 0.0000e+00
    215.000    15.4918     0.1803    98.3282 1.0000e-12 3.7109e+00    199.500    15.4574    39.0346    28.9817 0.0000e+00
    216.000    15.4845     0.1806    98.3179 1.0000e-12 2.3441e+00    199.036    15.4500    39.0327    28.9820 0.0000e+00
    217.000    15.4810     0.1824    98.3196 1.0000e-12 2.6098e+00    198.220    15.4463    39.0321    28.9823 0.0000e+00
    218.000    15.4754     0.1784    98.3050 1.0000e-12 3.0362e+00    198.512    15.4406    39.0310    28.9828 0.0000e+00
    219.000    15.4665     0.1821    98.3046 1.0000e-12 2.0767e+00    198.197    15.4315    39.0299    28.9841 0.0000e+00
    220.000    15.4610     0.1753    98.3256 1.0000e-12 3.8023e+00    197.504    15.4258    39.0290    28.9847 0.0000e+00
    221.000    15.4553     0.1755    98.3283 1.0000e-12 3.5874e+00    196.920    15.4201    39.0287    28.9858 0.0000e+00
    222.000    15.4544     0.1780    98.3071 1.0000e-12 2.4630e+00    197.474    15.4189    39.0290    28.9863 0.0000e+00
    223.000    15.4562     0.1819    98.2680 1.0000e-12 2.5702e+00    197.237    15.4206    39.0302    28.9868 0.0000e+00
    224.000    15.4637     0.1836    98.3137 1.0000e-12 1.8168e+00    197.995    15.4279    39.0339    28.9880 0.0000e+00
    225.000    15.4654     0.1840    98.3218 1.0000e-12 3.1904e+00    197.659    15.4295    39.0346    28.9881 0.0000e+00
    226.000    15.4561     0.1813    98.3257 1.0000e-12 3.1781e+00    196.883    15.4200    39.0321    28.9884 0.0000e+00
    227.000    15.4295     0.1745    98.3257 1.0000e-12 2.3162e+00    195.587    15.3933    39.0278    28.9912 0.0000e+00
    228.000    15.4268     0.1783    98.3142 1.0000e-12 1.9477e+00    196.405    15.3904    39.0284    28.9924 0.0000e+00
    229.000    15.4298     0.1800    98.2997 1.0000e-12 2.6270e+00    196.631    15.3933    39.0299    28.9929 0.0000e+00
    230.000    15.4438     0.1775    98.3318 1.0000e-12 3.0953e+00    197.392    15.4070    39.0362    28.9946 0.0000e+00
    231.000    15.4414     0.1755    98.3368 1.0000e-12 2.3984e+00    197.835    15.4046    39.0359    28.9949 0.0000e+00
    232.000    15.4468     0.1741    98.3291 1.0000e-12 2.4968e+00    198.271    15.4098    39.0383    28.9956 0.0000e+00
    233.000    15.4466     0.1801    98.3251 1.0000e-12 2.3495e+00    198.754    15.4094    39.0391    28.9963 0.0000e+00
    234.000    15.4502     0.1811    98.2999 1.0000e-12 2.9319e+00    200.073    15.4128    39.0422    28.9979 0.0000e+00
    235.000    15.4515     0.1792    98.3156 1.0000e-12 1.7514e+00    200.505    15.4139    39.0427    28.9980 0.0000e+00
    236.000    15.4515     0.1745    98.3234 1.0000e-12 1.6609e+00    200.712    15.4138    39.0430    28.9983 0.0000e+00
    237.000    15.4486     0.1807    98.3130 1.0000e-12 3.7105e+00    199.956    15.4107    39.0422    28.9983 0.0000e+00
    238.000    15.4418     0.1898    98.3236 1.0000e-12 3.1860e+00    199.238    15.4039    39.0408    28.9989 0.0000e+00
    239.000    15.4397     0.1805    98.3263 1.0000e-12 3.2517e+00    199.176    15.4016    39.0404    28.9991 0.0000e+00
    240.000    15.4260     0.1845    98.3256 1.0000e-12 2.8749e+00    198.237    15.3877    39.0371    28.9997 0.0000e+00
    241.000    15.4146     0.1828    98.3290 1.0000e-12 1.9151e+00    197.376    15.3762    39.0362    29.0017 0.0000e+00
    242.000    15.4090     0.1774    98.3255 1.0000e-12 3.0874e+00    197.230    15.3704    39.0349    29.0020 0.0000e+00
    243.000    15.4054     0.1847    98.2719 1.0000e-12 2.6440e+00    196.469    15.3666    39.0342    29.0023 0.0000e+00
    244.000    15.3947     0.1843    98.3297 1.0000e-12 2.9867e+00    195.969    15.3558    39.0313    29.0026 0.0000e+00
    245.000    15.3814     0.1791    98.3050 1.0000e-12 2.3224e+00    195.283    15.3423    39.0287    29.0037 0.0000e+00
    246.000    15.3791     0.1856    98.3364 1.0000e-12 2.9238e+00    195.489    15.3400    39.0281    29.0038 0.0000e+00
    247.000    15.3771     0.1817 -9.990e-29 1.0000e-12 2.5418e+00    195.303    15.3378    39.0277    29.0040 0.0000e+00
    248.000    15.3726     0.1854    98.3391 1.0000e-12 1.8527e+00    194.815    15.3331    39.0267    29.0043 0.0000e+00
    249.000    15.3654     0.1800    98.3296 1.0000e-12 3.2085e+00    195.087    15.3258    39.0250    29.0047 0.0000e+00
    250.000    15.3595     0.1812    98.3334 1.0000e-12 3.3818e+00    194.526    15.3197    39.0232    29.0046 0.0000e+00
    251.000    15.3501     0.1753    98.3192 1.0000e-12 2.7140e+00    194.111    15.3101    39.0213    29.0054 0.0000e+00
    252.000    15.3388     0.1823    98.3358 1.0000e-12 3.2476e+00    193.926    15.2988    39.0190    29.0062 0.0000e+00
    253.000    15.3366     0.1861 -9.990e-29 1.0000e-12 2.3411e+00    193.745    15.2963    39.0186    29.0064 0.0000e+00
    254.000    15.3332     0.1909 -9.990e-29 1.0000e-12 3.1461e+00    193.453    15.2928    39.0174    29.0063 0.0000e+00
    255.000    15.3259     0.1827    98.3334 1.0000e-12 2.7665e+00    193.700    15.2854    39.0158    29.0068 0.0000e+00
    256.000    15.3178     0.1788    98.3393 1.0000e-12 2.1293e+00    194.120    15.2772    39.0134    29.0068 0.0000e+00
    257.000    15.3055     0.1822    98.3385 1.0000e-12 4.3989e+00    194.058    15.2647    39.0114    29.0081 0.0000e+00
    258.000    15.3042     0.1798    98.3002 1.0000e-12 2.3096e+00    194.434    15.2632    39.0112    29.0084 0.0000e+00
    259.000    15.3066     0.1717    98.3130 1.0000e-12 2.6038e+00    193.732    15.2654    39.0127    29.0090 0.0000e+00
    260.000    15.3248     0.1772    98.3398 1.0000e-12 2.7204e+00    194.865    15.2834    39.0196    29.0102 0.0000e+00
    261.000    15.3420     0.1810    98.3499 1.0000e-12 2.1150e+00    195.243    15.3005    39.0252    29.0106 0.0000e+00
    262.000    15.3466     0.1816    98.3364 1.0000e-12 3.1351e+00    195.741    15.3049    39.0271    29.0111 0.0000e+00
    263.000    15.3572     0.1837    98.3436 1.0000e-12 2.2964e+00    196.348    15.3154    39.0312    29.0118 0.0000e+00
    264.000    15.3485     0.1836    98.3405 1.0000e-12 2.3999e+00    196.276    15.3065    39.0291    29.0123 0.0000e+00
