Data/ruptures/PEACETIME/ION/PEACETIME_ION_CTD_038.cnv
* Sea-Bird SBE 9 Data File:
* FileName = C:\CTD\rawCTD\PEACETIME_ION_CTD_038.hdr
* Software Version Seasave V 7.23.2
* Temperature SN = 1378
* Conductivity SN = 2929
* Number of Bytes Per Scan = 34
* Number of Voltage Words = 5
* Number of Scans Averaged by the Deck Unit = 1
* NMEA Latitude = 35 29.35 N
* NMEA Longitude = 019 46.57 E
* NMEA UTC (Time) = May 25 2017  10:19:03
* NMEA baud rate = 4800
** Cruise:   PEACETIME
** Station:   ION_CTD_038
# nquan = 11
# nvalues = 3000                        
# units = specified
# name 0 = prDM: Pressure, Digiquartz [db]
# name 1 = t090C: Temperature [ITS-90, deg C]
# name 2 = flC: Fluorescence, Chelsea Aqua 3 Chl Con [ug/l]
# name 3 = CStarTr0: Beam Transmission, WET Labs C-Star [%]
# name 4 = par: PAR/Irradiance, Biospherical/Licor
# name 5 = spar: SPAR/Surface Irradiance
# name 6 = sbeox0Mm/Kg: Oxygen, SBE 43 [umol/kg]
# name 7 = potemp090C: Potential Temperature [ITS-90, deg C]
# name 8 = sal00: Salinity, Practical [PSU]
# name 9 = sigma-é00: Density [sigma-theta, kg/m^3]
# name 10 = flag:
# span 0 =      2.000,   3001.000       
# span 1 =    13.7758,    20.9217       
# span 2 =     0.1711,     0.3667       
# span 3 =    96.3511,    98.4821       
# span 4 = -4.487e-08, 1.5498e+03       
# span 5 = 2.2114e+03, 2.2469e+03       
# span 6 =    168.364,    231.835       
# span 7 =    13.4293,    20.9213       
# span 8 =    38.7333,    39.0557       
# span 9 =    27.5777,    29.1985       
# span 10 = 0.0000e+00, 0.0000e+00      
# interval = decibars: 1                
# start_time = May 25 2017 10:19:03 [NMEA time, header]
# bad_flag = -9.990e-29
*END*
[from data line 2492]
   2494.000    13.8481     0.1842    98.4737 1.0000e-12 2.2158e+03    177.850    13.4521    38.7356    29.1953 0.0000e+00
   2495.000    13.8481     0.1814    98.4737 1.0000e-12 2.2169e+03    177.739    13.4519    38.7356    29.1953 0.0000e+00
   2496.000    13.8483     0.1806    98.4737 1.0000e-12 2.2160e+03    177.673    13.4520    38.7355    29.1952 0.0000e+00
   2497.000    13.8484     0.1810    98.4737 1.0000e-12 2.2179e+03    177.884    13.4519    38.7356    29.1953 0.0000e+00
   2498.000    13.8484     0.1790    98.4737 1.0000e-12 2.2209e+03    177.776    13.4518    38.7357    29.1954 0.0000e+00
   2499.000    13.8485     0.1733    98.4737 1.0000e-12 2.2137e+03    177.598    13.4517    38.7355    29.1953 0.0000e+00
   2500.000    13.8487     0.1770    98.4737 1.0000e-12 2.2162e+03    177.562    13.4517    38.7354    29.1952 0.0000e+00
   2501.000    13.8488     0.1792    98.4737 1.0000e-12 2.2174e+03    177.965    13.4516    38.7354    29.1952 0.0000e+00
   2502.000    13.8489     0.1814    98.4737 1.0000e-12 2.2147e+03    177.890    13.4516    38.7355    29.1953 0.0000e+00
   2503.000    13.8491     0.1807    98.4737 1.0000e-12 2.2166e+03    177.615    13.4515    38.7356    29.1953 0.0000e+00
   2504.000    13.8492     0.1850    98.4737 -9.990e-29 2.2160e+03    177.718    13.4515    38.7356    29.1954 0.0000e+00
   2505.000    13.8493     0.1866    98.4737 -9.990e-29 2.2168e+03    177.803    13.4514    38.7355    29.1953 0.0000e+00
   2506.000    13.8494     0.1822    98.4737 -9.990e-29 2.2160e+03    177.608    13.4513    38.7355    29.1953 0.0000e+00
   2507.000    13.8496     0.1799    98.4737 1.0000e-12 2.2143e+03    177.638    13.4514    38.7355    29.1953 0.0000e+00
   2508.000    13.8496     0.1786    98.4768 1.0000e-12 2.2190e+03    177.611    13.4512    38.7355    29.1953 0.0000e+00
   2509.000    13.8497     0.1792    98.4737 1.0000e-12 2.2180e+03    177.606    13.4511    38.7355    29.1954 0.0000e+00
   2510.000    13.8499     0.1740    98.4747 1.0000e-12 2.2167e+03    177.694    13.4512    38.7355    29.1954 0.0000e+00
   2511.000    13.8500     0.1778    98.4588 1.0000e-12 2.2208e+03    177.694    13.4511    38.7355    29.1954 0.0000e+00
   2512.000    13.8502     0.1768    98.4739 -9.990e-29 2.2144e+03    177.740    13.4511    38.7355    29.1954 0.0000e+00
   2513.000    13.8503     0.1871    98.4737 -9.990e-29 2.2192e+03    177.821    13.4511    38.7354    29.1953 0.0000e+00
   2514.000    13.8504     0.1870    98.4737 -9.990e-29 2.2193e+03    177.880    13.4510    38.7355    29.1954 0.0000e+00
   2515.000    13.8505     0.1812    98.4737 1.0000e-12 2.2173e+03    177.781    13.4510    38.7354    29.1953 0.0000e+00
   2516.000    13.8505     0.1778    98.4737 1.0000e-12 2.2159e+03    177.730    13.4507    38.7356    29.1955 0.0000e+00
   2517.000    13.8505     0.1787    98.4737 1.0000e-12 2.2178e+03    177.855    13.4506    38.7355    29.1955 0.0000e+00
   2518.000    13.8506     0.1814    98.4737 1.0000e-12 2.2178e+03    177.477    13.4505    38.7355    29.1955 0.0000e+00
   2519.000    13.8507     0.1863    98.4737 1.0000e-12 2.2165e+03    177.510    13.4504    38.7356    29.1956 0.0000e+00
   2520.000    13.8509     0.1880    98.4737 1.0000e-12 2.2186e+03    177.582    13.4505    38.7355    29.1955 0.0000e+00
   2521.000    13.8509     0.1818    98.4737 1.0000e-12 2.2176e+03    177.522    13.4503    38.7356    29.1957 0.0000e+00
   2522.000    13.8511     0.1781    98.4737 1.0000e-12 2.2186e+03    177.564    13.4503    38.7354    29.1955 0.0000e+00
   2523.000    13.8512     0.1824    98.4737 1.0000e-12 2.2174e+03    177.659    13.4503    38.7355    29.1955 0.0000e+00
   2524.000    13.8514     0.1812    98.4737 1.0000e-12 2.2176e+03    177.759    13.4502    38.7355    29.1956 0.0000e+00
   2525.000    13.8514     0.1794    98.4737 1.0000e-12 2.2207e+03    177.748    13.4502    38.7355    29.1956 0.0000e+00
   2526.000    13.8517     0.1832    98.4737 1.0000e-12 2.2167e+03    177.633    13.4502    38.7356    29.1956 0.0000e+00
   2527.000    13.8518     0.1831    98.4727 1.0000e-12 2.2192e+03    177.816    13.4502    38.7355    29.1956 0.0000e+00
   2528.000    13.8518     0.1867    98.4737 1.0000e-12 2.2182e+03    178.094    13.4500    38.7357    29.1958 0.0000e+00
   2529.000    13.8520     0.1887    98.4666 1.0000e-12 2.2159e+03    177.698    13.4501    38.7355    29.1956 0.0000e+00
   2530.000    13.8523     0.1897    98.4561 1.0000e-12 2.2173e+03    177.641    13.4501    38.7355    29.1956 0.0000e+00
   2531.000    13.8525     0.1899    98.4736 1.0000e-12 2.2188e+03    177.385    13.4501    38.7356    29.1956 0.0000e+00
   2532.000    13.8526     0.1849    98.4737 1.0000e-12 2.2185e+03    177.169    13.4501    38.7356    29.1957 0.0000e+00
   2533.000    13.8529     0.1779    98.4737 1.0000e-12 2.2195e+03    177.414    13.4502    38.7355    29.1955 0.0000e+00
   2534.000    13.8531     0.1841    98.4737 1.0000e-12 2.2161e+03    177.599    13.4502    38.7355    29.1956 0.0000e+00
   2535.000    13.8532     0.1828    98.4737 1.0000e-12 2.2178e+03    177.701    13.4502    38.7356    29.1956 0.0000e+00
   2536.000    13.8534     0.1869    98.4737 1.0000e-12 2.2157e+03    177.545    13.4502    38.7355    29.1956 0.0000e+00
   2537.000    13.8535     0.1770    98.4737 1.0000e-12 2.2184e+03    177.603    13.4501    38.7356    29.1956 0.0000e+00
   2538.000    13.8536     0.1834    98.4737 1.0000e-12 2.2202e+03    177.530    13.4500    38.7355    29.1956 0.0000e+00
   2539.000    13.8538     0.1865    98.4737 1.0000e-12 2.2190e+03    177.634    13.4501    38.7355    29.1956 0.0000e+00
   2540.000    13.8539     0.1861    98.4737 -9.990e-29 2.2187e+03    177.755    13.4501    38.7355    29.1956 0.0000e+00
   2541.000    13.8540     0.1857    98.4737 -9.990e-29 2.2199e+03    177.892    13.4500    38.7355    29.1956 0.0000e+00
   2542.000    13.8542     0.1826    98.4737 -9.990e-29 2.2179e+03    177.919    13.4500    38.7354    29.1956 0.0000e+00
   2543.000    13.8543     0.1807    98.4737 1.0000e-12 2.2193e+03    177.892    13.4499    38.7355    29.1956 0.0000e+00
   2544.000    13.8545     0.1856    98.4737 1.0000e-12 2.2197e+03    177.872    13.4499    38.7355    29.1957 0.0000e+00
   2545.000    13.8543     0.1883    98.4737 1.0000e-12 2.2192e+03    177.971    13.4495    38.7355    29.1957 0.0000e+00
   2546.000    13.8543     0.1818    98.4737 1.0000e-12 2.2180e+03    177.752    13.4494    38.7354    29.1957 0.0000e+00
   2547.000    13.8543     0.1809    98.4737 1.0000e-12 2.2179e+03    177.734    13.4492    38.7354    29.1957 0.0000e+00
   2548.000    13.8544     0.1809    98.4737 1.0000e-12 2.2195e+03    177.843    13.4492    38.7354    29.1957 0.0000e+00
   2549.000    13.8545     0.1847    98.4737 1.0000e-12 2.2170e+03    178.024    13.4491    38.7353    29.1957 0.0000e+00
   2550.000    13.8546     0.1823    98.4737 1.0000e-12 2.2162e+03    178.070    13.4490    38.7354    29.1957 0.0000e+00
   2551.000    13.8548     0.1773    98.4737 1.0000e-12 2.2187e+03    177.972    13.4490    38.7353    29.1957 0.0000e+00
   2552.000    13.8549     0.1808    98.4737 1.0000e-12 2.2180e+03    177.936    13.4490    38.7354    29.1958 0.0000e+00
   2553.000    13.8551     0.1849    98.4737 1.0000e-12 2.2182e+03    177.861    13.4490    38.7354    29.1957 0.0000e+00
   2554.000    13.8551     0.1831    98.4737 1.0000e-12 2.2190e+03    177.871    13.4489    38.7354    29.1958 0.0000e+00
   2555.000    13.8553     0.1843    98.4737 1.0000e-12 2.2162e+03    177.720    13.4489    38.7353    29.1957 0.0000e+00
   2556.000    13.8554     0.1789    98.4737 1.0000e-12 2.2186e+03    177.700    13.4488    38.7354    29.1958 0.0000e+00
   2557.000    13.8556     0.1802    98.4737 1.0000e-12 2.2197e+03    177.552    13.4488    38.7353    29.1957 0.0000e+00
   2558.000    13.8557     0.1840    98.4737 1.0000e-12 2.2188e+03    177.441    13.4488    38.7354    29.1958 0.0000e+00
   2559.000    13.8559     0.1794    98.4737 1.0000e-12 2.2152e+03    177.385    13.4488    38.7354    29.1958 0.0000e+00
   2560.000    13.8560     0.1835    98.4737 1.0000e-12 2.2186e+03    177.467    13.4487    38.7353    29.1957 0.0000e+00
   2561.000    13.8561     0.1877    98.4737 1.0000e-12 2.2168e+03    177.304    13.4486    38.7353    29.1958 0.0000e+00
   2562.000    13.8562     0.1836    98.4737 1.0000e-12 2.2167e+03    177.226    13.4485    38.7354    29.1958 0.0000e+00
   2563.000    13.8561     0.1771    98.4737 1.0000e-12 2.2151e+03    177.698    13.4483    38.7353    29.1959 0.0000e+00
   2564.000    13.8563     0.1790    98.4737 1.0000e-12 2.2190e+03    177.579    13.4483    38.7354    29.1959 0.0000e+00
   2565.000    13.8566     0.1823    98.4737 1.0000e-12 2.2167e+03    177.504    13.4484    38.7352    29.1957 0.0000e+00
   2566.000    13.8567     0.1859    98.4737 1.0000e-12 2.2201e+03    177.603    13.4483    38.7353    29.1958 0.0000e+00
   2567.000    13.8568     0.1874    98.4737 1.0000e-12 2.2174e+03    177.633    13.4483    38.7353    29.1958 0.0000e+00
   2568.000    13.8568     0.1819    98.4737 1.0000e-12 2.2177e+03    177.747    13.4482    38.7354    29.1959 0.0000e+00
   2569.000    13.8571     0.1813    98.4737 1.0000e-12 2.2184e+03    178.039    13.4482    38.7353    29.1958 0.0000e+00
   2570.000    13.8571     0.1822    98.4737 1.0000e-12 2.2190e+03    177.984    13.4481    38.7353    29.1959 0.0000e+00
   2571.000    13.8573     0.1789    98.4737 1.0000e-12 2.2169e+03    177.954    13.4481    38.7353    29.1959 0.0000e+00
   2572.000    13.8574     0.1769    98.4737 1.0000e-12 2.2177e+03    177.731    13.4480    38.7353    29.1959 0.0000e+00
   2573.000    13.8576     0.1780    98.4737 1.0000e-12 2.2165e+03    177.661    13.4480    38.7352    29.1958 0.0000e+00
   2574.000    13.8577     0.1742    98.4737 1.0000e-12 2.2163e+03    177.688    13.4479    38.7353    29.1959 0.0000e+00
   2575.000    13.8579     0.1784    98.4737 1.0000e-12 2.2198e+03    177.548    13.4480    38.7353    29.1959 0.0000e+00
   2576.000    13.8581     0.1804    98.4737 1.0000e-12 2.2170e+03    177.506    13.4480    38.7352    29.1958 0.0000e+00
   2577.000    13.8581     0.1791    98.4737 1.0000e-12 2.2192e+03    177.325    13.4479    38.7353    29.1959 0.0000e+00
   2578.000    13.8583     0.1771    98.4737 1.0000e-12 2.2187e+03    177.831    13.4479    38.7353    29.1959 0.0000e+00
   2579.000    13.8586     0.1808    98.4737 -9.990e-29 2.2165e+03    178.013    13.4480    38.7352    29.1958 0.0000e+00
   2580.000    13.8587     0.1809    98.4737 -9.990e-29 2.2162e+03    177.672    13.4479    38.7352    29.1958 0.0000e+00
   2581.000    13.8588     0.1840    98.4737 -9.990e-29 2.2182e+03    177.631    13.4478    38.7353    29.1959 0.0000e+00
   2582.000    13.8589     0.1861    98.4737 1.0000e-12 2.2170e+03    177.609    13.4478    38.7353    29.1959 0.0000e+00
   2583.000    13.8591     0.1891    98.4737 1.0000e-12 2.2160e+03    177.464    13.4479    38.7353    29.1959 0.0000e+00
   2584.000    13.8592     0.1891    98.4737 1.0000e-12 2.2177e+03    177.483    13.4478    38.7352    29.1959 0.0000e+00
   2585.000    13.8594     0.1821    98.4737 1.0000e-12 2.2178e+03    177.558    13.4478    38.7353    29.1959 0.0000e+00
   2586.000    13.8597     0.1801    98.4737 1.0000e-12 2.2187e+03    177.733    13.4479    38.7352    29.1959 0.0000e+00
   2587.000    13.8599     0.1785    98.4737 -9.990e-29 2.2170e+03    177.766    13.4479    38.7353    29.1959 0.0000e+00
   2588.000    13.8599     0.1767    98.4737 -9.990e-29 2.2184e+03    177.692    13.4478    38.7354    29.1960 0.0000e+00
   2589.000    13.8602     0.1812    98.4737 -9.990e-29 2.2201e+03    177.692    13.4479    38.7353    29.1959 0.0000e+00
   2590.000    13.8604     0.1839    98.4737 1.0000e-12 2.2128e+03    177.837    13.4479    38.7352    29.1959 0.0000e+00
   2591.000    13.8605     0.1820    98.4737 1.0000e-12 2.2164e+03    177.551    13.4478    38.7354    29.1960 0.0000e+00
   2592.000    13.8607     0.1850    98.4737 7.6138e-06 2.2129e+03    177.521    13.4478    38.7352    29.1959 0.0000e+00
   2593.000    13.8606     0.1838    98.4737 -4.487e-08 2.2150e+03    177.678    13.4476    38.7354    29.1960 0.0000e+00
   2594.000    13.8609     0.1859    98.4737 1.0000e-12 2.2139e+03    177.623    13.4477    38.7352    29.1959 0.0000e+00
   2595.000    13.8611     0.1876    98.4737 1.0000e-12 2.2155e+03    177.486    13.4477    38.7352    29.1959 0.0000e+00
   2596.000    13.8612     0.1882    98.4737 1.0000e-12 2.2157e+03    177.804    13.4477    38.7353    29.1960 0.0000e+00
   2597.000    13.8614     0.1871    98.4737 1.0000e-12 2.2147e+03    177.990    13.4477    38.7352    29.1959 0.0000e+00
   2598.000    13.8615     0.1845    98.4737 1.0000e-12 2.2130e+03    177.756    13.4476    38.7353    29.1959 0.0000e+00
   2599.000    13.8616     0.1857    98.4737 1.0000e-12 2.2150e+03    177.425    13.4475    38.7352    29.1959 0.0000e+00
   2600.000    13.8618     0.1830    98.4737 1.0000e-12 2.2151e+03    177.506    13.4475    38.7352    29.1959 0.0000e+00
   2601.000    13.8619     0.1878    98.4737 1.0000e-12 2.2164e+03    177.842    13.4475    38.7353    29.1960 0.0000e+00
   2602.000    13.8620     0.1913    98.4737 1.0000e-12 2.2183e+03    177.636    13.4475    38.7352    29.1959 0.0000e+00
   2603.000    13.8621     0.1853    98.4737 1.0000e-12 2.2146e+03    177.834    13.4474    38.7352    29.1959 0.0000e+00
   2604.000    13.8624     0.1835    98.4737 1.0000e-12 2.2153e+03    177.867    13.4475    38.7352    29.1959 0.0000e+00
   2605.000    13.8624     0.1862    98.4737 1.0000e-12 2.2188e+03    177.718    13.4473    38.7352    29.1960 0.0000e+00
   2606.000    13.8625     0.1802    98.4737 1.0000e-12 2.2160e+03    177.893    13.4473    38.7351    29.1959 0.0000e+00
   2607.000    13.8627     0.1802    98.4737 1.0000e-12 2.2152e+03    177.733    13.4473    38.7351    29.1959 0.0000e+00
   2608.000    13.8626     0.1785    98.4737 1.0000e-12 2.2189e+03    177.548    13.4470    38.7351    29.1960 0.0000e+00
   2609.000    13.8627     0.1831    98.4737 1.0000e-12 2.2171e+03    177.751    13.4470    38.7352    29.1960 0.0000e+00
   2610.000    13.8628     0.1845    98.4737 1.0000e-12 2.2139e+03    177.687    13.4469    38.7351    29.1960 0.0000e+00
   2611.000    13.8629     0.1836    98.4737 1.0000e-12 2.2129e+03    177.705    13.4468    38.7351    29.1960 0.0000e+00
   2612.000    13.8630     0.1817    98.4737 1.0000e-12 2.2182e+03    177.885    13.4467    38.7350    29.1959 0.0000e+00
   2613.000    13.8631     0.1859    98.4737 1.0000e-12 2.2166e+03    178.007    13.4467    38.7351    29.1960 0.0000e+00
   2614.000    13.8632     0.1876    98.4737 1.0000e-12 2.2143e+03    177.917    13.4466    38.7351    29.1960 0.0000e+00
   2615.000    13.8633     0.1833    98.4737 1.0000e-12 2.2144e+03    177.975    13.4465    38.7352    29.1961 0.0000e+00
   2616.000    13.8635     0.1833    98.4737 1.0000e-12 2.2149e+03    177.625    13.4465    38.7351    29.1961 0.0000e+00
   2617.000    13.8636     0.1848    98.4737 1.0000e-12 2.2128e+03    177.416    13.4465    38.7350    29.1960 0.0000e+00
   2618.000    13.8638     0.1849    98.4737 1.0000e-12 2.2146e+03    177.711    13.4464    38.7351    29.1961 0.0000e+00
   2619.000    13.8639     0.1798    98.4737 1.0000e-12 2.2149e+03    177.764    13.4464    38.7351    29.1960 0.0000e+00
   2620.000    13.8639     0.1793    98.4737 1.0000e-12 2.2175e+03    177.697    13.4462    38.7351    29.1961 0.0000e+00
   2621.000    13.8642     0.1801    98.4737 1.0000e-12 2.2158e+03    177.660    13.4464    38.7351    29.1961 0.0000e+00
   2622.000    13.8643     0.1803    98.4737 -9.990e-29 2.2141e+03    177.933    13.4463    38.7352    29.1962 0.0000e+00
   2623.000    13.8643     0.1795    98.4737 -9.990e-29 2.2138e+03    177.814    13.4461    38.7351    29.1961 0.0000e+00
