Data/ruptures/PEACETIME/ION/PEACETIME_ION_CTD_045.cnv
* Sea-Bird SBE 9 Data File:
* FileName = C:\CTD\rawCTD\PEACETIME_ION_CTD_045.hdr
* Software Version Seasave V 7.23.2
* Temperature SN = 1378
* Conductivity SN = 2929
* Number of Bytes Per Scan = 38
* Number of Voltage Words = 5
* Number of Scans Averaged by the Deck Unit = 1
* NMEA Latitude = 35 29.35 N
* NMEA Longitude = 019 46.59 E
* NMEA UTC (Time) = May 27 2017  03:52:11
* NMEA baud rate = 4800
** Cruise:   PEACETIME
** Station:   ION_CTD_045
# nquan = 11
# nvalues = 3138                        
# units = specified
# name 0 = prDM: Pressure, Digiquartz [db]
# name 1 = t090C: Temperature [ITS-90, deg C]
# name 2 = flC: Fluorescence, Chelsea Aqua 3 Chl Con [ug/l]
# name 3 = CStarTr0: Beam Transmission, WET Labs C-Star [%]
# name 4 = par: PAR/Irradiance, Biospherical/Licor
# name 5 = spar: SPAR/Surface Irradiance
# name 6 = sbeox0Mm/Kg: Oxygen, SBE 43 [umol/kg]
# name 7 = potemp090C: Potential Temperature [ITS-90, deg C]
# name 8 = sal00: Salinity, Practical [PSU]
# name 9 = sigma-é00: Density [sigma-theta, kg/m^3]
# name 10 = flag:
# span 0 =      3.000,   3140.000       
# span 1 =    13.7805,    20.4935       
# span 2 =     0.1700,     0.3402       
# span 3 =    95.9982,    98.3869       
# span 4 = -1.804e-06, 3.3716e+01       
# span 5 = 1.0906e+02, 1.4782e+03       
# span 6 =    167.766,    230.518       
# span 7 =    13.4266,    20.4924       
# span 8 =    38.7332,    39.0484       
# span 9 =    27.6453,    29.1991       
# span 10 = 0.0000e+00, 0.0000e+00      
# interval = decibars: 1                
# start_time = May 27 2017 03:54:07 [NMEA time, first data scan]
# bad_flag = -9.990e-29
*END*
[from data line 132]
    135.000    15.7908     0.1998    98.0352 2.1747e-02 3.0715e+02    210.110    15.7690    39.0361    28.9105 0.0000e+00
    136.000    15.7872     0.2028    98.0042 2.0739e-02 2.9284e+02    210.578    15.7652    39.0368    28.9119 0.0000e+00
    137.000    15.7869     0.2065    98.0786 1.7528e-02 2.8637e+02    210.456    15.7648    39.0372    28.9123 0.0000e+00
    138.000    15.7838     0.2059    98.0823 1.8041e-02 2.7718e+02    209.582    15.7615    39.0367    28.9127 0.0000e+00
    139.000    15.7775     0.2027    98.0564 1.5430e-02 2.7715e+02    208.865    15.7551    39.0357    28.9134 0.0000e+00
    140.000    15.7709     0.2066    98.0822 1.5840e-02 2.8136e+02    208.334    15.7483    39.0344    28.9140 0.0000e+00
    141.000    15.7604     0.2115    98.0894 1.4131e-02 2.7870e+02    207.889    15.7376    39.0325    28.9150 0.0000e+00
    142.000    15.7546     0.2069    98.0959 1.2703e-02 2.8182e+02    207.898    15.7317    39.0320    28.9160 0.0000e+00
    143.000    15.7505     0.2072    98.0573 1.0691e-02 2.7760e+02    207.747    15.7274    39.0313    28.9164 0.0000e+00
    144.000    15.7505     0.2065    98.0455 8.4460e-03 2.7242e+02    208.063    15.7273    39.0335    28.9181 0.0000e+00
    145.000    15.7527     0.1962    98.0643 9.2681e-03 2.6873e+02    208.059    15.7293    39.0354    28.9192 0.0000e+00
    146.000    15.7541     0.2009    98.0987 8.8859e-03 2.5056e+02    207.752    15.7305    39.0372    28.9202 0.0000e+00
    147.000    15.7460     0.2019    98.0986 8.3683e-03 2.3281e+02    208.215    15.7223    39.0356    28.9210 0.0000e+00
    148.000    15.7447     0.2007    98.1085 8.1897e-03 2.2262e+02    208.187    15.7208    39.0353    28.9211 0.0000e+00
    149.000    15.7425     0.2070    98.0764 5.1651e-03 2.1274e+02    207.824    15.7184    39.0349    28.9213 0.0000e+00
    150.000    15.7408     0.2072    98.0968 5.6929e-03 1.9812e+02    207.416    15.7166    39.0347    28.9216 0.0000e+00
    151.000    15.7386     0.2006    98.0969 3.2262e-03 1.9459e+02    207.558    15.7143    39.0342    28.9218 0.0000e+00
    152.000    15.7347     0.1977    98.0874 1.1311e-03 1.8910e+02    207.509    15.7102    39.0341    28.9226 0.0000e+00
    153.000    15.7290     0.1970    98.0876 1.3368e-03 1.8294e+02    206.694    15.7044    39.0328    28.9230 0.0000e+00
    154.000    15.7212     0.1949    98.0723 1.9982e-03 1.7481e+02    206.567    15.6963    39.0311    28.9235 0.0000e+00
    155.000    15.7199     0.1888    98.0946 8.2355e-04 1.8061e+02    206.783    15.6949    39.0313    28.9241 0.0000e+00
    156.000    15.7224     0.1927    98.0899 1.0560e-03 1.8200e+02    206.374    15.6973    39.0331    28.9249 0.0000e+00
    157.000    15.7197     0.1966    98.0879 1.0333e-03 1.8745e+02    206.454    15.6945    39.0326    28.9251 0.0000e+00
    158.000    15.7102     0.1947    98.1010 8.2883e-04 2.0035e+02    206.401    15.6848    39.0308    28.9260 0.0000e+00
    159.000    15.7021     0.1882    98.0901 3.0168e-03 2.1684e+02    205.880    15.6765    39.0295    28.9269 0.0000e+00
    160.000    15.6889     0.1915    98.1021 4.2852e-04 2.3303e+02    205.742    15.6631    39.0272    28.9283 0.0000e+00
    161.000    15.6764     0.1917    98.1242 2.9845e-05 2.3935e+02    205.709    15.6505    39.0254    28.9298 0.0000e+00
    162.000    15.6733     0.1896    98.1080 -5.532e-07 2.3808e+02    205.886    15.6473    39.0257    28.9308 0.0000e+00
    163.000    15.6723     0.1898    98.1185 1.0000e-12 2.3194e+02    205.171    15.6461    39.0264    28.9316 0.0000e+00
    164.000    15.6657     0.1975    98.1117 1.0000e-12 2.2799e+02    205.262    15.6393    39.0258    28.9327 0.0000e+00
    165.000    15.6581     0.2036    98.0970 1.0000e-12 2.2142e+02    204.888    15.6316    39.0255    28.9343 0.0000e+00
    166.000    15.6566     0.2004    98.1143 -9.990e-29 2.0235e+02    205.671    15.6299    39.0271    28.9359 0.0000e+00
    167.000    15.6601     0.1991    98.0850 -9.990e-29 1.9297e+02    206.170    15.6333    39.0299    28.9373 0.0000e+00
    168.000    15.6679     0.1997    98.1212 -9.990e-29 1.8857e+02    206.314    15.6408    39.0337    28.9385 0.0000e+00
    169.000    15.6704     0.2004    98.1117 -9.990e-29 1.8622e+02    205.864    15.6433    39.0362    28.9399 0.0000e+00
    170.000    15.6706     0.1989    98.1233 -9.990e-29 1.8556e+02    205.498    15.6432    39.0368    28.9403 0.0000e+00
    171.000    15.6700     0.2004    98.1326 -9.990e-29 1.9998e+02    205.602    15.6425    39.0374    28.9409 0.0000e+00
    172.000    15.6683     0.2022    98.1312 1.0000e-12 2.0938e+02    205.938    15.6406    39.0374    28.9414 0.0000e+00
    173.000    15.6674     0.1969    98.1208 1.0000e-12 2.2829e+02    206.025    15.6396    39.0374    28.9416 0.0000e+00
    174.000    15.6658     0.1953    98.0874 1.0000e-12 2.4353e+02    205.505    15.6378    39.0372    28.9419 0.0000e+00
    175.000    15.6596     0.1908    98.1161 1.0000e-12 2.7501e+02    204.703    15.6314    39.0361    28.9426 0.0000e+00
    176.000    15.6514     0.1923    98.1011 1.0000e-12 3.0080e+02    204.738    15.6231    39.0352    28.9437 0.0000e+00
    177.000    15.6474     0.1885    98.1241 1.0000e-12 3.2897e+02    204.651    15.6190    39.0346    28.9443 0.0000e+00
    178.000    15.6381     0.1889    98.1105 1.0000e-12 3.5248e+02    204.532    15.6095    39.0330    28.9452 0.0000e+00
    179.000    15.6300     0.1910    98.1195 1.0000e-12 3.7868e+02    204.377    15.6013    39.0316    28.9461 0.0000e+00
    180.000    15.6203     0.1972    98.1164 1.0000e-12 3.8672e+02    203.607    15.5914    39.0293    28.9466 0.0000e+00
    181.000    15.6110     0.1969    98.1313 1.0000e-12 3.9221e+02    203.196    15.5820    39.0281    28.9478 0.0000e+00
    182.000    15.6128     0.1958    98.1322 1.0000e-12 3.9562e+02    202.938    15.5836    39.0306    28.9494 0.0000e+00
    183.000    15.6090     0.1910    98.1289 1.0000e-12 3.9540e+02    202.427    15.5796    39.0308    28.9505 0.0000e+00
    184.000    15.6056     0.1903    98.1264 1.0000e-12 3.8888e+02    202.034    15.5760    39.0306    28.9512 0.0000e+00
    185.000    15.6019     0.1935    98.1175 1.0000e-12 3.8777e+02    202.845    15.5722    39.0299    28.9515 0.0000e+00
    186.000    15.5999     0.1941    98.1219 1.0000e-12 3.7579e+02    203.155    15.5701    39.0298    28.9519 0.0000e+00
    187.000    15.6011     0.1996    98.1055 1.0000e-12 3.6594e+02    203.097    15.5711    39.0316    28.9531 0.0000e+00
    188.000    15.6007     0.1955    98.1167 1.0000e-12 3.5682e+02    202.124    15.5705    39.0328    28.9542 0.0000e+00
    189.000    15.5966     0.1924    98.1264 1.0000e-12 3.4317e+02    201.908    15.5663    39.0320    28.9545 0.0000e+00
    190.000    15.5915     0.1942    98.1250 1.0000e-12 3.4025e+02    202.480    15.5610    39.0310    28.9549 0.0000e+00
    191.000    15.5849     0.1921    98.1224 1.0000e-12 3.3224e+02    203.533    15.5542    39.0299    28.9556 0.0000e+00
    192.000    15.5833     0.1969    98.1229 1.0000e-12 3.2593e+02    203.522    15.5525    39.0297    28.9560 0.0000e+00
    193.000    15.5843     0.1960    98.1333 1.0000e-12 3.0936e+02    203.067    15.5533    39.0308    28.9566 0.0000e+00
    194.000    15.5852     0.1989    98.1302 1.0000e-12 2.9673e+02    202.561    15.5541    39.0313    28.9568 0.0000e+00
    195.000    15.5870     0.2011    98.0984 1.0000e-12 2.9347e+02    201.913    15.5558    39.0325    28.9573 0.0000e+00
    196.000    15.5894     0.1956    98.1271 1.0000e-12 2.7593e+02    201.269    15.5580    39.0352    28.9589 0.0000e+00
    197.000    15.5869     0.1973    98.1334 1.0000e-12 2.6084e+02    200.554    15.5553    39.0359    28.9601 0.0000e+00
    198.000    15.5807     0.1966    98.0865 1.0000e-12 2.3903e+02    200.819    15.5489    39.0351    28.9609 0.0000e+00
    199.000    15.5778     0.2004    98.1156 1.0000e-12 2.2692e+02    200.579    15.5458    39.0349    28.9615 0.0000e+00
    200.000    15.5729     0.2048    98.1228 1.0000e-12 2.1344e+02    200.694    15.5408    39.0346    28.9624 0.0000e+00
    201.000    15.5707     0.2023    98.1312 1.0000e-12 1.9871e+02    201.219    15.5385    39.0347    28.9630 0.0000e+00
    202.000    15.5704     0.1974    98.1194 1.0000e-12 1.9430e+02    201.275    15.5381    39.0350    28.9634 0.0000e+00
    203.000    15.5659     0.1981    98.0933 1.0000e-12 1.8500e+02    201.245    15.5334    39.0343    28.9639 0.0000e+00
    204.000    15.5595     0.1934    98.1076 1.0000e-12 1.8128e+02    201.433    15.5268    39.0338    28.9651 0.0000e+00
    205.000    15.5570     0.1900    98.1281 1.0000e-12 1.7891e+02    201.745    15.5241    39.0335    28.9655 0.0000e+00
    206.000    15.5535     0.1927    98.1029 1.0000e-12 1.7263e+02    201.217    15.5205    39.0324    28.9654 0.0000e+00
    207.000    15.5258     0.1929    98.1330 1.0000e-12 1.7360e+02    200.431    15.4927    39.0252    28.9663 0.0000e+00
    208.000    15.4978     0.1965    98.1382 1.0000e-12 1.7058e+02    200.235    15.4645    39.0200    28.9688 0.0000e+00
    209.000    15.4853     0.1951    98.1103 1.0000e-12 1.7479e+02    199.953    15.4519    39.0173    28.9697 0.0000e+00
    210.000    15.4766     0.1920    98.1424 1.0000e-12 1.7936e+02    199.849    15.4430    39.0169    28.9714 0.0000e+00
    211.000    15.4768     0.1931    98.1410 1.0000e-12 1.7852e+02    200.157    15.4431    39.0181    28.9723 0.0000e+00
    212.000    15.4783     0.1967    98.1489 1.0000e-12 1.7939e+02    200.041    15.4445    39.0188    28.9725 0.0000e+00
    213.000    15.4852     0.1866    98.1334 1.0000e-12 1.9621e+02    200.524    15.4512    39.0217    28.9732 0.0000e+00
    214.000    15.5157     0.1851    98.1344 1.0000e-12 2.0329e+02    201.275    15.4814    39.0346    28.9762 0.0000e+00
    215.000    15.5286     0.1926    98.1070 1.0000e-12 2.2143e+02    201.117    15.4942    39.0384    28.9762 0.0000e+00
    216.000    15.5287     0.1924    98.1325 1.0000e-12 2.2925e+02    201.187    15.4941    39.0383    28.9761 0.0000e+00
    217.000    15.5282     0.1901    98.1427 1.0000e-12 2.3173e+02    200.739    15.4935    39.0382    28.9761 0.0000e+00
    218.000    15.5285     0.1929    98.1288 1.0000e-12 2.3347e+02    200.427    15.4936    39.0383    28.9762 0.0000e+00
    219.000    15.5292     0.1952    98.1333 1.0000e-12 2.3355e+02    200.634    15.4941    39.0385    28.9763 0.0000e+00
    220.000    15.5301     0.1968    98.1344 1.0000e-12 2.3014e+02    200.898    15.4948    39.0387    28.9762 0.0000e+00
    221.000    15.5297     0.1870    98.1412 1.0000e-12 2.2075e+02    200.667    15.4943    39.0387    28.9763 0.0000e+00
    222.000    15.5310     0.1853    98.1288 1.0000e-12 2.0349e+02    200.426    15.4955    39.0391    28.9764 0.0000e+00
    223.000    15.5352     0.1933    98.1354 1.0000e-12 1.8982e+02    200.722    15.4994    39.0409    28.9769 0.0000e+00
    224.000    15.5333     0.1944    98.1224 1.0000e-12 1.7517e+02    200.415    15.4975    39.0409    28.9774 0.0000e+00
    225.000    15.5284     0.1935    98.1414 1.0000e-12 1.6437e+02    199.911    15.4924    39.0406    28.9783 0.0000e+00
    226.000    15.5221     0.1956    98.1298 1.0000e-12 1.5432e+02    199.780    15.4859    39.0401    28.9794 0.0000e+00
    227.000    15.5194     0.1912    98.1354 1.0000e-12 1.4644e+02    199.451    15.4830    39.0398    28.9798 0.0000e+00
    228.000    15.5175     0.1885    98.1333 1.0000e-12 1.3880e+02    199.482    15.4810    39.0395    28.9800 0.0000e+00
    229.000    15.5148     0.1921    98.1274 1.0000e-12 1.3623e+02    199.084    15.4781    39.0388    28.9802 0.0000e+00
    230.000    15.4916     0.1967    98.1202 1.0000e-12 1.3368e+02    199.048    15.4548    39.0344    28.9821 0.0000e+00
    231.000    15.4837     0.1950    98.1413 1.0000e-12 1.3267e+02    198.982    15.4468    39.0351    28.9846 0.0000e+00
    232.000    15.4840     0.1961    98.1469 1.0000e-12 1.3365e+02    199.578    15.4469    39.0355    28.9849 0.0000e+00
    233.000    15.4849     0.1949    98.1447 1.0000e-12 1.3520e+02    200.105    15.4476    39.0357    28.9848 0.0000e+00
    234.000    15.4854     0.1928    98.1469 1.0000e-12 1.3419e+02    200.095    15.4480    39.0360    28.9850 0.0000e+00
    235.000    15.4878     0.1907    98.1437 1.0000e-12 1.3459e+02    200.126    15.4502    39.0371    28.9853 0.0000e+00
    236.000    15.4916     0.1930    98.1422 1.0000e-12 1.3380e+02    199.802    15.4539    39.0393    28.9862 0.0000e+00
    237.000    15.4922     0.1934    98.1484 1.0000e-12 1.3437e+02    199.728    15.4543    39.0410    28.9874 0.0000e+00
    238.000    15.4882     0.1935    98.1460 1.0000e-12 1.3419e+02    199.538    15.4501    39.0407    28.9881 0.0000e+00
    239.000    15.4831     0.1847    98.1408 1.0000e-12 1.4380e+02    199.098    15.4449    39.0400    28.9888 0.0000e+00
    240.000    15.4793     0.1848    98.1364 1.0000e-12 1.5986e+02    198.818    15.4410    39.0397    28.9895 0.0000e+00
    241.000    15.4763     0.1911    98.1377 1.0000e-12 1.7048e+02    198.510    15.4378    39.0393    28.9898 0.0000e+00
    242.000    15.4675     0.1908    98.1365 1.0000e-12 1.8051e+02    198.964    15.4288    39.0389    28.9916 0.0000e+00
    243.000    15.4640     0.1898    98.1323 1.0000e-12 1.9281e+02    199.375    15.4251    39.0398    28.9932 0.0000e+00
    244.000    15.4616     0.1933    98.1247 1.0000e-12 2.0460e+02    199.086    15.4226    39.0395    28.9935 0.0000e+00
    245.000    15.4580     0.1887    98.1354 1.0000e-12 2.1998e+02    198.606    15.4189    39.0388    28.9939 0.0000e+00
    246.000    15.4485     0.1919    98.1354 1.0000e-12 2.2776e+02    198.448    15.4093    39.0378    28.9953 0.0000e+00
    247.000    15.4468     0.1980    98.1354 1.0000e-12 2.3523e+02    198.043    15.4073    39.0380    28.9959 0.0000e+00
    248.000    15.4446     0.1939    98.1387 1.0000e-12 2.3645e+02    197.451    15.4050    39.0379    28.9964 0.0000e+00
    249.000    15.4416     0.1961    98.1344 1.0000e-12 2.3751e+02    198.166    15.4019    39.0376    28.9969 0.0000e+00
    250.000    15.4392     0.1995    98.1354 1.0000e-12 2.3149e+02    197.992    15.3993    39.0374    28.9973 0.0000e+00
    251.000    15.4367     0.1960    98.1294 1.0000e-12 2.2632e+02    197.725    15.3967    39.0371    28.9977 0.0000e+00
    252.000    15.4316     0.1924    98.1374 1.0000e-12 2.2525e+02    198.192    15.3913    39.0364    28.9984 0.0000e+00
    253.000    15.4287     0.1890    98.1408 1.0000e-12 2.1382e+02    197.770    15.3883    39.0362    28.9989 0.0000e+00
    254.000    15.4251     0.1885    98.1354 1.0000e-12 2.0882e+02    196.866    15.3845    39.0359    28.9996 0.0000e+00
    255.000    15.4223     0.1918    98.1437 1.0000e-12 2.0541e+02    196.884    15.3816    39.0358    29.0001 0.0000e+00
    256.000    15.4186     0.1891    98.1424 -9.990e-29 2.0883e+02    197.079    15.3778    39.0354    29.0007 0.0000e+00
    257.000    15.4141     0.1874    98.1404 -9.990e-29 2.1295e+02    196.899    15.3731    39.0354    29.0018 0.0000e+00
    258.000    15.4108     0.1860    98.1374 -9.990e-29 2.2466e+02    196.842    15.3697    39.0354    29.0025 0.0000e+00
    259.000    15.4082     0.1894    98.1185 1.0000e-12 2.3951e+02    197.303    15.3669    39.0358    29.0035 0.0000e+00
    260.000    15.4073     0.1874    98.1498 1.0000e-12 2.6477e+02    197.220    15.3658    39.0360    29.0039 0.0000e+00
    261.000    15.4049     0.1896    98.1405 1.0000e-12 2.8770e+02    197.042    15.3633    39.0361    29.0046 0.0000e+00
    262.000    15.4020     0.1874    98.1394 1.0000e-12 3.1152e+02    197.796    15.3602    39.0359    29.0051 0.0000e+00
    263.000    15.4008     0.1829    98.1373 1.0000e-12 3.3896e+02    198.078    15.3589    39.0367    29.0061 0.0000e+00
    264.000    15.3967     0.1847    98.1354 1.0000e-12 3.6425e+02    197.608    15.3546    39.0365    29.0069 0.0000e+00
