Data/ruptures/PEACETIME/ION/PEACETIME_ION_CTD_041.cnv
* Sea-Bird SBE 9 Data File:
* FileName = C:\CTD\rawCTD\PEACETIME_ION_CTD_041.hdr
* Software Version Seasave V 7.23.2
* Temperature SN = 1378
* Conductivity SN = 2929
* Number of Bytes Per Scan = 38
* Number of Voltage Words = 5
* Number of Scans Averaged by the Deck Unit = 1
* NMEA Latitude = 35 29.29 N
* NMEA Longitude = 019 46.79 E
* NMEA UTC (Time) = May 26 2017  03:53:35
* NMEA baud rate = 4800
** Cruise:   PEACETIME
** Station:   ION_CTD_041
# nquan = 11
# nvalues = 3154                        
# units = specified
# name 0 = prDM: Pressure, Digiquartz [db]
# name 1 = t090C: Temperature [ITS-90, deg C]
# name 2 = flC: Fluorescence, Chelsea Aqua 3 Chl Con [ug/l]
# name 3 = CStarTr0: Beam Transmission, WET Labs C-Star [%]
# name 4 = par: PAR/Irradiance, Biospherical/Licor
# name 5 = spar: SPAR/Surface Irradiance
# name 6 = sbeox0Mm/Kg: Oxygen, SBE 43 [umol/kg]
# name 7 = potemp090C: Potential Temperature [ITS-90, deg C]
# name 8 = sal00: Salinity, Practical [PSU]
# name 9 = sigma-é00: Density [sigma-theta, kg/m^3]
# name 10 = flag:
# span 0 =      1.000,   3154.000       
# span 1 =    13.7795,    20.5784       
# span 2 =     0.1680,     0.3538       
# span 3 =    95.2491,    98.5267       
# span 4 = -1.503e-05, 4.3984e+01       
# span 5 = 1.6288e+02, 1.3718e+03       
# span 6 =    168.079,    231.428       
# span 7 =    13.4270,    20.5765       
# span 8 =    38.7334,    39.0497       
# span 9 =    27.6795,    29.1991       
# span 10 = 0.0000e+00, 0.0000e+00      
# interval = decibars: 1                
# start_time = May 26 2017 04:07:59 [NMEA time, first data scan]
# bad_flag = -9.990e-29
*END*
[from data line 3017]
   3018.000    13.9156     0.1779    98.4998 2.4211e-03 1.1105e+03    178.499    13.4284    38.7335    29.1987 0.0000e+00
   3019.000    13.9158     0.1801 -9.990e-29 3.2219e-03 1.1020e+03    178.467    13.4284    38.7335    29.1986 0.0000e+00
   3020.000    13.9161     0.1800 -9.990e-29 2.5082e-03 1.1065e+03    178.065    13.4285    38.7336    29.1987 0.0000e+00
   3021.000    13.9162     0.1858 -9.990e-29 3.2998e-03 1.0970e+03    178.103    13.4284    38.7336    29.1987 0.0000e+00
   3022.000    13.9163     0.1857 -9.990e-29 1.4576e-03 1.0835e+03    178.392    13.4284    38.7335    29.1987 0.0000e+00
   3023.000    13.9165     0.1833 -9.990e-29 2.3980e-03 1.0819e+03    178.648    13.4284    38.7337    29.1988 0.0000e+00
   3024.000    13.9166     0.1827 -9.990e-29 1.9034e-03 1.0710e+03    178.371    13.4284    38.7336    29.1987 0.0000e+00
   3025.000    13.9168     0.1814 -9.990e-29 2.2517e-03 1.0676e+03    177.996    13.4283    38.7336    29.1987 0.0000e+00
   3026.000    13.9170     0.1817 -9.990e-29 2.7421e-03 1.0539e+03    178.236    13.4284    38.7336    29.1987 0.0000e+00
   3027.000    13.9171     0.1809 -9.990e-29 3.1068e-04 1.0388e+03    178.409    13.4283    38.7336    29.1987 0.0000e+00
   3028.000    13.9174     0.1818 -9.990e-29 1.3375e-03 1.0280e+03    178.312    13.4284    38.7335    29.1986 0.0000e+00
   3029.000    13.9175     0.1840 -9.990e-29 1.1802e-03 1.0104e+03    178.406    13.4283    38.7336    29.1987 0.0000e+00
   3030.000    13.9178     0.1854 -9.990e-29 6.0784e-04 9.9826e+02    178.551    13.4284    38.7335    29.1986 0.0000e+00
   3031.000    13.9179     0.1870 -9.990e-29 2.5305e-03 9.7670e+02    178.299    13.4284    38.7335    29.1986 0.0000e+00
   3032.000    13.9181     0.1796 -9.990e-29 2.0011e-03 9.6154e+02    178.099    13.4284    38.7336    29.1987 0.0000e+00
   3033.000    13.9182     0.1790 -9.990e-29 1.8667e-03 9.4911e+02    178.201    13.4283    38.7336    29.1987 0.0000e+00
   3034.000    13.9183     0.1814 -9.990e-29 6.1906e-04 9.3568e+02    178.346    13.4283    38.7336    29.1987 0.0000e+00
   3035.000    13.9185     0.1775 -9.990e-29 1.0719e-04 9.2356e+02    178.296    13.4283    38.7334    29.1986 0.0000e+00
   3036.000    13.9186     0.1744 -9.990e-29 9.3774e-04 9.0703e+02    178.270    13.4282    38.7335    29.1987 0.0000e+00
   3037.000    13.9187     0.1806 -9.990e-29 5.1302e-04 8.9964e+02    178.350    13.4281    38.7335    29.1987 0.0000e+00
   3038.000    13.9189     0.1833 -9.990e-29 2.4025e-03 8.8580e+02    178.342    13.4281    38.7335    29.1987 0.0000e+00
   3039.000    13.9191     0.1799 -9.990e-29 2.5900e-03 8.7179e+02    178.094    13.4281    38.7335    29.1987 0.0000e+00
   3040.000    13.9192     0.1795 -9.990e-29 1.3205e-03 8.5925e+02    178.199    13.4281    38.7335    29.1987 0.0000e+00
   3041.000    13.9193     0.1761 -9.990e-29 2.9686e-03 8.5066e+02    178.507    13.4280    38.7335    29.1987 0.0000e+00
   3042.000    13.9195     0.1814 -9.990e-29 3.7639e-03 8.4619e+02    178.369    13.4280    38.7335    29.1987 0.0000e+00
   3043.000    13.9196     0.1861 -9.990e-29 2.0009e-03 8.4187e+02    178.338    13.4280    38.7335    29.1987 0.0000e+00
   3044.000    13.9198     0.1825 -9.990e-29 1.9247e-03 8.2577e+02    178.247    13.4280    38.7334    29.1987 0.0000e+00
   3045.000    13.9199     0.1814 -9.990e-29 6.2886e-04 8.2376e+02    178.305    13.4279    38.7336    29.1988 0.0000e+00
   3046.000    13.9201     0.1853 -9.990e-29 1.3202e-03 8.1770e+02    178.225    13.4279    38.7335    29.1988 0.0000e+00
   3047.000    13.9203     0.1862 -9.990e-29 1.8433e-03 8.2467e+02    178.043    13.4279    38.7335    29.1987 0.0000e+00
   3048.000    13.9204     0.1811 -9.990e-29 1.4657e-03 8.1255e+02    177.972    13.4279    38.7336    29.1988 0.0000e+00
   3049.000    13.9206     0.1832 -9.990e-29 1.8832e-03 8.1001e+02    178.048    13.4279    38.7336    29.1988 0.0000e+00
   3050.000    13.9208     0.1823 -9.990e-29 3.3569e-03 8.0751e+02    178.109    13.4279    38.7335    29.1988 0.0000e+00
   3051.000    13.9210     0.1848 -9.990e-29 2.3505e-03 8.0959e+02    178.310    13.4280    38.7335    29.1987 0.0000e+00
   3052.000    13.9211     0.1819 -9.990e-29 1.4219e-03 8.0442e+02    178.379    13.4279    38.7335    29.1988 0.0000e+00
   3053.000    13.9212     0.1786 -9.990e-29 2.7397e-04 8.0175e+02    178.526    13.4278    38.7336    29.1988 0.0000e+00
   3054.000    13.9215     0.1811 -9.990e-29 1.2826e-03 8.0152e+02    178.442    13.4279    38.7335    29.1988 0.0000e+00
   3055.000    13.9217     0.1824 -9.990e-29 1.8774e-03 7.9786e+02    178.116    13.4279    38.7336    29.1988 0.0000e+00
   3056.000    13.9218     0.1839 -9.990e-29 1.8528e-03 7.8939e+02    178.020    13.4279    38.7336    29.1988 0.0000e+00
   3057.000    13.9220     0.1826 -9.990e-29 2.7153e-03 7.9835e+02    177.898    13.4279    38.7336    29.1988 0.0000e+00
   3058.000    13.9223     0.1831 -9.990e-29 1.0802e-03 7.9445e+02    178.104    13.4279    38.7335    29.1987 0.0000e+00
   3059.000    13.9223     0.1797 -9.990e-29 2.6188e-03 7.9261e+02    178.015    13.4278    38.7337    29.1989 0.0000e+00
   3060.000    13.9225     0.1806 -9.990e-29 3.8031e-03 7.9664e+02    178.063    13.4278    38.7336    29.1988 0.0000e+00
   3061.000    13.9227     0.1785 -9.990e-29 2.3227e-03 7.8905e+02    178.286    13.4278    38.7336    29.1988 0.0000e+00
   3062.000    13.9228     0.1777 -9.990e-29 2.0525e-03 7.9292e+02    178.410    13.4278    38.7335    29.1988 0.0000e+00
   3063.000    13.9229     0.1750 -9.990e-29 2.1165e-03 7.8884e+02    178.050    13.4277    38.7335    29.1988 0.0000e+00
   3064.000    13.9230     0.1725 -9.990e-29 6.6802e-04 7.9172e+02    178.071    13.4277    38.7336    29.1989 0.0000e+00
   3065.000    13.9232     0.1716 -9.990e-29 1.2146e-03 7.8998e+02    177.926    13.4276    38.7335    29.1989 0.0000e+00
   3066.000    13.9234     0.1767 -9.990e-29 2.7978e-03 7.8535e+02    178.015    13.4277    38.7335    29.1989 0.0000e+00
   3067.000    13.9235     0.1776 -9.990e-29 2.7722e-03 7.9327e+02    178.099    13.4276    38.7336    29.1989 0.0000e+00
   3068.000    13.9236     0.1765 -9.990e-29 3.6669e-03 7.9276e+02    178.283    13.4275    38.7336    29.1989 0.0000e+00
   3069.000    13.9238     0.1753 -9.990e-29 4.9133e-03 7.8944e+02    178.317    13.4275    38.7335    29.1988 0.0000e+00
   3070.000    13.9239     0.1806 -9.990e-29 4.1679e-03 7.9670e+02    178.504    13.4274    38.7335    29.1988 0.0000e+00
   3071.000    13.9240     0.1802 -9.990e-29 4.4154e-03 7.9595e+02    178.327    13.4274    38.7335    29.1989 0.0000e+00
   3072.000    13.9242     0.1857 -9.990e-29 4.1626e-03 7.9547e+02    178.205    13.4274    38.7334    29.1988 0.0000e+00
   3073.000    13.9243     0.1835 -9.990e-29 5.3403e-03 8.0323e+02    178.093    13.4273    38.7336    29.1989 0.0000e+00
   3074.000    13.9244     0.1793    98.4997 6.1827e-03 8.0031e+02    177.997    13.4273    38.7335    29.1989 0.0000e+00
   3075.000    13.9245     0.1792    98.4868 4.5078e-03 8.0115e+02    178.014    13.4272    38.7336    29.1990 0.0000e+00
   3076.000    13.9248     0.1783    98.4929 4.4863e-03 8.0074e+02    178.117    13.4273    38.7335    29.1989 0.0000e+00
   3077.000    13.9250     0.1767    98.4963 3.9701e-03 8.0639e+02    178.139    13.4273    38.7336    29.1990 0.0000e+00
   3078.000    13.9252     0.1770    98.4985 4.6485e-03 7.9704e+02    177.964    13.4273    38.7335    29.1989 0.0000e+00
   3079.000    13.9253     0.1722    98.4974 2.8681e-03 7.9800e+02    178.006    13.4273    38.7337    29.1990 0.0000e+00
   3080.000    13.9256     0.1691    98.4932 3.4612e-03 7.9495e+02    178.124    13.4273    38.7335    29.1989 0.0000e+00
   3081.000    13.9256     0.1726    98.4891 4.3547e-03 7.9738e+02    178.304    13.4273    38.7335    29.1989 0.0000e+00
   3082.000    13.9258     0.1754    98.4941 3.1465e-03 7.9148e+02    178.305    13.4273    38.7335    29.1989 0.0000e+00
   3083.000    13.9259     0.1780    98.4900 2.8923e-03 7.9325e+02    178.386    13.4272    38.7336    29.1990 0.0000e+00
   3084.000    13.9262     0.1828    98.4906 2.8681e-03 7.8900e+02    178.361    13.4272    38.7336    29.1990 0.0000e+00
   3085.000    13.9263     0.1789    98.4985 5.4200e-03 7.8620e+02    178.432    13.4272    38.7335    29.1989 0.0000e+00
   3086.000    13.9265     0.1783    98.4997 6.5402e-03 7.9595e+02    178.164    13.4272    38.7336    29.1990 0.0000e+00
   3087.000    13.9267     0.1764    98.4911 4.4163e-03 7.9244e+02    177.943    13.4272    38.7335    29.1989 0.0000e+00
   3088.000    13.9268     0.1730 -9.990e-29 4.7352e-03 7.8649e+02    177.871    13.4271    38.7336    29.1990 0.0000e+00
   3089.000    13.9270     0.1769 -9.990e-29 4.7603e-03 7.9006e+02    178.167    13.4272    38.7334    29.1988 0.0000e+00
   3090.000    13.9272     0.1806 -9.990e-29 5.6297e-03 7.9079e+02    178.459    13.4272    38.7335    29.1989 0.0000e+00
   3091.000    13.9274     0.1774 -9.990e-29 3.0018e-03 7.9081e+02    178.359    13.4272    38.7335    29.1989 0.0000e+00
   3092.000    13.9275     0.1796    98.4915 3.1389e-03 7.8654e+02    178.192    13.4272    38.7335    29.1989 0.0000e+00
   3093.000    13.9276     0.1786    98.4941 2.3051e-03 7.8337e+02    178.153    13.4271    38.7336    29.1990 0.0000e+00
   3094.000    13.9279     0.1793    98.4861 3.3233e-03 7.8115e+02    178.338    13.4272    38.7335    29.1989 0.0000e+00
   3095.000    13.9280     0.1770    98.4918 2.2778e-03 7.7525e+02    178.455    13.4271    38.7336    29.1990 0.0000e+00
   3096.000    13.9282     0.1740    98.4895 1.0558e-03 7.7708e+02    178.396    13.4271    38.7335    29.1989 0.0000e+00
   3097.000    13.9284     0.1762    98.4944 1.8428e-03 7.7349e+02    178.315    13.4272    38.7335    29.1989 0.0000e+00
   3098.000    13.9286     0.1784    98.4906 1.0572e-03 7.7139e+02    178.191    13.4272    38.7335    29.1989 0.0000e+00
   3099.000    13.9288     0.1798    98.4861 2.2495e-03 7.7327e+02    178.226    13.4272    38.7335    29.1989 0.0000e+00
   3100.000    13.9289     0.1790    98.4873 2.0859e-03 7.6592e+02    178.246    13.4272    38.7336    29.1990 0.0000e+00
   3101.000    13.9290     0.1813    98.4771 2.2911e-03 7.6541e+02    178.066    13.4271    38.7337    29.1991 0.0000e+00
   3102.000    13.9293     0.1847    98.4440 2.0277e-03 7.6149e+02    177.985    13.4272    38.7335    29.1989 0.0000e+00
   3103.000    13.9295     0.1816    98.4845 3.8337e-03 7.6159e+02    178.087    13.4272    38.7336    29.1989 0.0000e+00
   3104.000    13.9296     0.1807    98.4919 2.2728e-03 7.6016e+02    178.168    13.4272    38.7335    29.1989 0.0000e+00
   3105.000    13.9299     0.1784    98.4906 2.4477e-03 7.6189e+02    178.296    13.4273    38.7334    29.1988 0.0000e+00
   3106.000    13.9301     0.1765    98.4929 3.2293e-03 7.5916e+02    178.128    13.4272    38.7335    29.1989 0.0000e+00
   3107.000    13.9302     0.1718    98.4918 1.3962e-03 7.5505e+02    178.017    13.4272    38.7335    29.1989 0.0000e+00
   3108.000    13.9303     0.1741    98.4873 8.0115e-04 7.5085e+02    177.941    13.4271    38.7335    29.1989 0.0000e+00
   3109.000    13.9306     0.1778    98.4940 1.5987e-03 7.5092e+02    177.791    13.4272    38.7335    29.1989 0.0000e+00
   3110.000    13.9307     0.1765    98.4895 7.4325e-04 7.4759e+02    177.944    13.4272    38.7335    29.1989 0.0000e+00
   3111.000    13.9310     0.1787    98.4987 1.6633e-03 7.4909e+02    177.958    13.4272    38.7334    29.1988 0.0000e+00
   3112.000    13.9311     0.1830    98.4906 1.7197e-03 7.4564e+02    178.232    13.4272    38.7336    29.1990 0.0000e+00
   3113.000    13.9312     0.1802    98.4872 1.8809e-03 7.4711e+02    178.389    13.4272    38.7336    29.1990 0.0000e+00
   3114.000    13.9314     0.1751    98.4907 2.3602e-04 7.5037e+02    178.005    13.4271    38.7335    29.1990 0.0000e+00
   3115.000    13.9316     0.1772    98.4910 1.1568e-03 7.4836e+02    177.990    13.4271    38.7336    29.1990 0.0000e+00
   3116.000    13.9318     0.1851    98.4873 6.7959e-04 7.4802e+02    178.000    13.4272    38.7335    29.1989 0.0000e+00
   3117.000    13.9320     0.1834    98.4918 7.5420e-04 7.3900e+02    178.093    13.4272    38.7335    29.1989 0.0000e+00
   3118.000    13.9321     0.1790    98.4941 1.0639e-03 7.4103e+02    178.114    13.4271    38.7336    29.1990 0.0000e+00
   3119.000    13.9323     0.1777    98.4862 1.4189e-03 7.5060e+02    178.157    13.4271    38.7335    29.1990 0.0000e+00
   3120.000    13.9325     0.1816    98.4950 2.2573e-03 7.3997e+02    178.271    13.4271    38.7335    29.1990 0.0000e+00
   3121.000    13.9326     0.1846    98.4874 4.1476e-03 7.4497e+02    178.364    13.4271    38.7335    29.1990 0.0000e+00
   3122.000    13.9328     0.1829    98.4906 3.7531e-03 7.4027e+02    178.325    13.4271    38.7334    29.1989 0.0000e+00
   3123.000    13.9329     0.1789    98.4918 9.8980e-04 7.3600e+02    178.334    13.4271    38.7337    29.1991 0.0000e+00
   3124.000    13.9332     0.1758    98.4839 2.9936e-03 7.3749e+02    178.566    13.4272    38.7335    29.1989 0.0000e+00
   3125.000    13.9334     0.1781    98.4850 1.5214e-03 7.3240e+02    178.709    13.4272    38.7335    29.1989 0.0000e+00
   3126.000    13.9335     0.1831    98.4879 3.5684e-03 7.3664e+02    178.309    13.4271    38.7336    29.1990 0.0000e+00
   3127.000    13.9337     0.1862    98.4873 5.3197e-03 7.4535e+02    177.840    13.4271    38.7334    29.1989 0.0000e+00
   3128.000    13.9338     0.1874    98.4900 2.5340e-03 7.3534e+02    177.969    13.4270    38.7337    29.1991 0.0000e+00
   3129.000    13.9340     0.1815    98.4895 2.5841e-03 7.3736e+02    178.055    13.4271    38.7335    29.1989 0.0000e+00
   3130.000    13.9343     0.1759    98.4941 2.8535e-03 7.3670e+02    177.861    13.4271    38.7336    29.1990 0.0000e+00
   3131.000    13.9344     0.1765    98.4804 3.6695e-03 7.3179e+02    178.143    13.4271    38.7336    29.1990 0.0000e+00
   3132.000    13.9346     0.1703    98.4872 1.5875e-03 7.3937e+02    178.288    13.4271    38.7335    29.1989 0.0000e+00
   3133.000    13.9348     0.1760    98.4895 2.3027e-03 7.3098e+02    178.110    13.4272    38.7335    29.1989 0.0000e+00
   3134.000    13.9349     0.1760    98.4921 1.4534e-03 7.3562e+02    178.030    13.4271    38.7336    29.1990 0.0000e+00
   3135.000    13.9351     0.1770    98.4890 1.4095e-03 7.3728e+02    178.307    13.4270    38.7335    29.1990 0.0000e+00
   3136.000    13.9353     0.1832    98.4920 2.0658e-03 7.2879e+02    178.453    13.4271    38.7334    29.1989 0.0000e+00
   3137.000    13.9354     0.1834    98.4926 1.2667e-03 7.2652e+02    177.895    13.4270    38.7334    29.1989 0.0000e+00
   3138.000    13.9356     0.1806    98.4972 2.9875e-04 7.2811e+02    177.999    13.4270    38.7335    29.1990 0.0000e+00
   3139.000    13.9358     0.1788    98.4907 7.0636e-04 7.3101e+02    178.339    13.4271    38.7335    29.1989 0.0000e+00
   3140.000    13.9360     0.1800    98.4900 4.6075e-04 7.2447e+02    178.324    13.4270    38.7335    29.1989 0.0000e+00
   3141.000    13.9362     0.1742    98.4861 2.0376e-03 7.2509e+02    178.127    13.4271    38.7335    29.1989 0.0000e+00
   3142.000    13.9363     0.1776    98.4804 1.7037e-03 7.2478e+02    178.326    13.4270    38.7335    29.1989 0.0000e+00
   3143.000    13.9365     0.1813    98.4945 2.1198e-03 7.2249e+02    178.330    13.4270    38.7335    29.1989 0.0000e+00
   3144.000    13.9367     0.1784    98.4972 1.3736e-03 7.2456e+02    178.229    13.4270    38.7334    29.1989 0.0000e+00
   3145.000    13.9368     0.1770    98.4954 1.1313e-03 7.2222e+02    178.327    13.4270    38.7335    29.1989 0.0000e+00
   3146.000    13.9370     0.1814    98.4829 1.2144e-03 7.1976e+02    178.280    13.4271    38.7335    29.1989 0.0000e+00
   3147.000    13.9372     0.1790    98.4928 3.7431e-04 7.1901e+02    178.058    13.4270    38.7335    29.1989 0.0000e+00
