Data/ruptures/PEACETIME/ION/PEACETIME_ION_CTD_037.cnv
* Sea-Bird SBE 9 Data File:
* FileName = C:\CTD\rawCTD\PEACETIME_ION_CTD_037.hdr
* Software Version Seasave V 7.23.2
* Temperature SN = 1378
* Conductivity SN = 2929
* Number of Bytes Per Scan = 34
* Number of Voltage Words = 5
* Number of Scans Averaged by the Deck Unit = 1
* NMEA Latitude = 35 29.35 N
* NMEA Longitude = 019 46.57 E
* NMEA UTC (Time) = May 25 2017  05:37:22
* NMEA baud rate = 4800
** Cruise:   PEACETIME
** Station:   ION_CTD_037
# nquan = 11
# nvalues = 3045                        
# units = specified
# name 0 = prDM: Pressure, Digiquartz [db]
# name 1 = t090C: Temperature [ITS-90, deg C]
# name 2 = flC: Fluorescence, Chelsea Aqua 3 Chl Con [ug/l]
# name 3 = CStarTr0: Beam Transmission, WET Labs C-Star [%]
# name 4 = par: PAR/Irradiance, Biospherical/Licor
# name 5 = spar: SPAR/Surface Irradiance
# name 6 = sbeox0Mm/Kg: Oxygen, SBE 43 [umol/kg]
# name 7 = potemp090C: Potential Temperature [ITS-90, deg C]
# name 8 = sal00: Salinity, Practical [PSU]
# name 9 = sigma-é00: Density [sigma-theta, kg/m^3]
# name 10 = flag:
# span 0 =      3.000,   3047.000       
# span 1 =    13.7775,    20.1897       
# span 2 =     0.1695,     0.3301       
# span 3 =    96.6389,    98.4932       
# span 4 = -6.750e-07, 3.0175e+02       
# span 5 = 1.0632e+03, 2.2301e+03       
# span 6 =    167.977,    229.812       
# span 7 =    13.4287,    20.1889       
# span 8 =    38.7333,    39.0599       
# span 9 =    27.7690,    29.1986       
# span 10 = 0.0000e+00, 0.0000e+00      
# interval = decibars: 1                
# start_time = May 25 2017 05:37:22 [NMEA time, header]
# bad_flag = -9.990e-29
*END*
[from data line 1574]
   1577.000    13.7910     0.1838    98.4650 1.0000e-12 1.8661e+03    173.933    13.5476    38.7505    29.1864 0.0000e+00
   1578.000    13.7912     0.1835    98.4661 1.0000e-12 1.8671e+03    174.053    13.5476    38.7505    29.1865 0.0000e+00
   1579.000    13.7913     0.1900    98.4715 1.0000e-12 1.8745e+03    173.815    13.5476    38.7506    29.1865 0.0000e+00
   1580.000    13.7916     0.1867    98.4672 1.0000e-12 1.8780e+03    173.831    13.5476    38.7504    29.1864 0.0000e+00
   1581.000    13.7915     0.1832    98.4658 1.0000e-12 1.8819e+03    173.621    13.5474    38.7505    29.1865 0.0000e+00
   1582.000    13.7917     0.1802    98.4617 1.0000e-12 1.8911e+03    173.701    13.5475    38.7504    29.1864 0.0000e+00
   1583.000    13.7917     0.1851    98.4639 1.0000e-12 1.8947e+03    174.073    13.5473    38.7505    29.1865 0.0000e+00
   1584.000    13.7918     0.1865    98.4737 1.0000e-12 1.9033e+03    174.084    13.5473    38.7505    29.1865 0.0000e+00
   1585.000    13.7919     0.1861    98.4737 1.0000e-12 1.9052e+03    173.765    13.5472    38.7503    29.1864 0.0000e+00
   1586.000    13.7920     0.1821    98.4737 1.0000e-12 1.9177e+03    173.413    13.5471    38.7505    29.1866 0.0000e+00
   1587.000    13.7920     0.1815    98.4737 1.0000e-12 1.9235e+03    173.377    13.5470    38.7506    29.1867 0.0000e+00
   1588.000    13.7921     0.1799    98.4737 1.0000e-12 1.9320e+03    173.610    13.5468    38.7505    29.1866 0.0000e+00
   1589.000    13.7922     0.1811    98.4737 1.0000e-12 1.9335e+03    173.841    13.5469    38.7504    29.1866 0.0000e+00
   1590.000    13.7924     0.1844    98.4737 1.0000e-12 1.9367e+03    173.764    13.5469    38.7505    29.1866 0.0000e+00
   1591.000    13.7927     0.1906    98.4737 1.0000e-12 1.9420e+03    173.769    13.5470    38.7505    29.1866 0.0000e+00
   1592.000    13.7928     0.1943    98.4737 1.0000e-12 1.9370e+03    173.746    13.5470    38.7505    29.1866 0.0000e+00
   1593.000    13.7930     0.1891    98.4683 1.0000e-12 1.9385e+03    173.820    13.5470    38.7504    29.1866 0.0000e+00
   1594.000    13.7931     0.1889    98.4693 1.0000e-12 1.9371e+03    173.435    13.5469    38.7504    29.1866 0.0000e+00
   1595.000    13.7932     0.1861    98.4661 1.0000e-12 1.9321e+03    173.636    13.5469    38.7505    29.1866 0.0000e+00
   1596.000    13.7933     0.1799    98.4639 1.0000e-12 1.9323e+03    173.738    13.5467    38.7504    29.1866 0.0000e+00
   1597.000    13.7933     0.1791    98.4658 1.0000e-12 1.9346e+03    173.880    13.5466    38.7504    29.1866 0.0000e+00
   1598.000    13.7934     0.1852    98.4650 1.0000e-12 1.9256e+03    174.162    13.5465    38.7504    29.1866 0.0000e+00
   1599.000    13.7935     0.1898    98.4650 1.0000e-12 1.9254e+03    174.058    13.5465    38.7504    29.1866 0.0000e+00
   1600.000    13.7937     0.1886    98.4628 1.0000e-12 1.9153e+03    173.626    13.5465    38.7505    29.1867 0.0000e+00
   1601.000    13.7938     0.1890    98.4692 1.0000e-12 1.9173e+03    173.726    13.5465    38.7503    29.1866 0.0000e+00
   1602.000    13.7937     0.1853    98.4639 1.0000e-12 1.9119e+03    173.917    13.5462    38.7505    29.1868 0.0000e+00
   1603.000    13.7937     0.1809    98.4694 1.0000e-12 1.9069e+03    173.874    13.5460    38.7505    29.1868 0.0000e+00
   1604.000    13.7938     0.1857    98.4596 1.0000e-12 1.9086e+03    174.116    13.5460    38.7503    29.1867 0.0000e+00
   1605.000    13.7938     0.1890    98.4601 -9.990e-29 1.9044e+03    174.112    13.5458    38.7503    29.1867 0.0000e+00
   1606.000    13.7938     0.1858    98.4640 -9.990e-29 1.9077e+03    174.121    13.5456    38.7502    29.1867 0.0000e+00
   1607.000    13.7937     0.1801    98.4696 -9.990e-29 1.9064e+03    174.049    13.5454    38.7504    29.1868 0.0000e+00
   1608.000    13.7939     0.1813    98.4726 -9.990e-29 1.9080e+03    173.741    13.5454    38.7502    29.1867 0.0000e+00
   1609.000    13.7939     0.1850    98.4683 1.0000e-12 1.9143e+03    173.777    13.5453    38.7503    29.1868 0.0000e+00
   1610.000    13.7939     0.1853    98.4601 1.0000e-12 1.9156e+03    173.636    13.5451    38.7502    29.1868 0.0000e+00
   1611.000    13.7937     0.1821    98.4683 1.0000e-12 1.9162e+03    173.859    13.5447    38.7501    29.1868 0.0000e+00
   1612.000    13.7936     0.1833    98.4574 1.0000e-12 1.9199e+03    174.213    13.5445    38.7502    29.1869 0.0000e+00
   1613.000    13.7936     0.1884    98.4662 1.0000e-12 1.9209e+03    174.075    13.5444    38.7501    29.1868 0.0000e+00
   1614.000    13.7937     0.1895    98.4683 1.0000e-12 1.9303e+03    174.023    13.5442    38.7501    29.1869 0.0000e+00
   1615.000    13.7939     0.1822    98.4693 1.0000e-12 1.9313e+03    174.153    13.5443    38.7500    29.1868 0.0000e+00
   1616.000    13.7940     0.1869    98.4672 1.0000e-12 1.9373e+03    174.336    13.5442    38.7501    29.1869 0.0000e+00
   1617.000    13.7941     0.1870    98.4583 1.0000e-12 1.9395e+03    174.484    13.5441    38.7501    29.1869 0.0000e+00
   1618.000    13.7943     0.1830    98.4737 1.0000e-12 1.9465e+03    174.318    13.5442    38.7502    29.1870 0.0000e+00
   1619.000    13.7945     0.1844    98.4737 1.0000e-12 1.9528e+03    174.157    13.5443    38.7502    29.1870 0.0000e+00
   1620.000    13.7946     0.1888    98.4737 1.0000e-12 1.9507e+03    174.253    13.5442    38.7503    29.1870 0.0000e+00
   1621.000    13.7947     0.1917    98.4737 1.0000e-12 1.9615e+03    173.838    13.5442    38.7502    29.1870 0.0000e+00
   1622.000    13.7946     0.1854    98.4737 1.0000e-12 1.9643e+03    173.685    13.5439    38.7500    29.1869 0.0000e+00
   1623.000    13.7947     0.1859    98.4737 1.0000e-12 1.9716e+03    174.077    13.5438    38.7501    29.1870 0.0000e+00
   1624.000    13.7946     0.1866    98.4737 1.0000e-12 1.9666e+03    174.387    13.5435    38.7501    29.1870 0.0000e+00
   1625.000    13.7946     0.1852    98.4726 1.0000e-12 1.9711e+03    174.250    13.5433    38.7501    29.1871 0.0000e+00
   1626.000    13.7948     0.1839    98.4705 1.0000e-12 1.9750e+03    174.039    13.5434    38.7500    29.1870 0.0000e+00
   1627.000    13.7948     0.1844    98.4704 1.0000e-12 1.9755e+03    173.776    13.5433    38.7500    29.1870 0.0000e+00
   1628.000    13.7949     0.1822    98.4704 1.0000e-12 1.9766e+03    174.021    13.5432    38.7501    29.1871 0.0000e+00
   1629.000    13.7950     0.1801    98.4640 1.0000e-12 1.9808e+03    174.145    13.5431    38.7499    29.1870 0.0000e+00
   1630.000    13.7952     0.1825    98.4691 1.0000e-12 1.9786e+03    174.085    13.5431    38.7499    29.1870 0.0000e+00
   1631.000    13.7954     0.1840    98.4595 1.0000e-12 1.9857e+03    173.911    13.5431    38.7499    29.1869 0.0000e+00
   1632.000    13.7954     0.1864    98.4674 1.0000e-12 1.9875e+03    173.941    13.5431    38.7500    29.1870 0.0000e+00
   1633.000    13.7955     0.1853    98.4704 1.0000e-12 1.9883e+03    173.828    13.5430    38.7500    29.1871 0.0000e+00
   1634.000    13.7956     0.1817    98.4639 1.0000e-12 1.9908e+03    173.771    13.5429    38.7499    29.1870 0.0000e+00
   1635.000    13.7957     0.1807    98.4589 1.0000e-12 1.9925e+03    173.989    13.5429    38.7499    29.1870 0.0000e+00
   1636.000    13.7958     0.1805    98.4639 1.0000e-12 1.9997e+03    173.996    13.5427    38.7499    29.1871 0.0000e+00
   1637.000    13.7959     0.1815    98.4683 1.0000e-12 1.9932e+03    174.110    13.5427    38.7501    29.1872 0.0000e+00
   1638.000    13.7960     0.1831    98.4737 1.0000e-12 1.9963e+03    174.165    13.5426    38.7500    29.1871 0.0000e+00
   1639.000    13.7962     0.1878    98.4737 1.0000e-12 2.0000e+03    174.048    13.5427    38.7500    29.1871 0.0000e+00
   1640.000    13.7964     0.1892    98.4737 1.0000e-12 2.0021e+03    173.963    13.5427    38.7499    29.1871 0.0000e+00
   1641.000    13.7964     0.1858    98.4737 1.0000e-12 2.0045e+03    174.031    13.5426    38.7499    29.1871 0.0000e+00
   1642.000    13.7965     0.1828    98.4657 1.0000e-12 2.0091e+03    174.009    13.5425    38.7499    29.1871 0.0000e+00
   1643.000    13.7964     0.1848    98.4680 1.0000e-12 2.0088e+03    173.985    13.5423    38.7498    29.1871 0.0000e+00
   1644.000    13.7964     0.1794    98.4685 1.0000e-12 2.0089e+03    173.768    13.5421    38.7499    29.1872 0.0000e+00
   1645.000    13.7966     0.1762    98.4650 1.0000e-12 2.0125e+03    173.991    13.5421    38.7500    29.1872 0.0000e+00
   1646.000    13.7968     0.1795    98.4633 1.0000e-12 2.0153e+03    174.218    13.5421    38.7499    29.1872 0.0000e+00
   1647.000    13.7968     0.1866    98.4657 1.0000e-12 2.0188e+03    174.276    13.5420    38.7500    29.1873 0.0000e+00
   1648.000    13.7969     0.1862    98.4672 1.0000e-12 2.0209e+03    174.255    13.5419    38.7499    29.1872 0.0000e+00
   1649.000    13.7970     0.1871    98.4694 1.0000e-12 2.0280e+03    174.215    13.5418    38.7498    29.1872 0.0000e+00
   1650.000    13.7970     0.1865    98.4661 1.0000e-12 2.0314e+03    174.088    13.5417    38.7499    29.1873 0.0000e+00
   1651.000    13.7969     0.1892    98.4672 1.0000e-12 2.0374e+03    174.199    13.5414    38.7498    29.1872 0.0000e+00
   1652.000    13.7968     0.1856    98.4672 1.0000e-12 2.0337e+03    174.258    13.5412    38.7498    29.1873 0.0000e+00
   1653.000    13.7968     0.1811    98.4661 1.0000e-12 2.0405e+03    174.155    13.5410    38.7498    29.1873 0.0000e+00
   1654.000    13.7968     0.1912    98.4606 1.0000e-12 2.0398e+03    173.928    13.5408    38.7499    29.1875 0.0000e+00
   1655.000    13.7967     0.1945    98.4601 1.0000e-12 2.0455e+03    173.948    13.5406    38.7498    29.1874 0.0000e+00
   1656.000    13.7968     0.1859    98.4628 1.0000e-12 2.0491e+03    174.407    13.5405    38.7498    29.1874 0.0000e+00
   1657.000    13.7970     0.1849    98.4639 1.0000e-12 2.0480e+03    174.475    13.5406    38.7497    29.1874 0.0000e+00
   1658.000    13.7970     0.1929    98.4672 1.0000e-12 2.0508e+03    174.348    13.5404    38.7497    29.1874 0.0000e+00
   1659.000    13.7966     0.1918    98.4683 1.0000e-12 2.0520e+03    174.162    13.5399    38.7497    29.1875 0.0000e+00
   1660.000    13.7963     0.1905    98.4672 1.0000e-12 2.0547e+03    174.205    13.5394    38.7496    29.1875 0.0000e+00
   1661.000    13.7960     0.1898    98.4628 1.0000e-12 2.0563e+03    174.349    13.5390    38.7495    29.1876 0.0000e+00
   1662.000    13.7961     0.1870    98.4685 1.0000e-12 2.0548e+03    174.583    13.5388    38.7496    29.1876 0.0000e+00
   1663.000    13.7962     0.1862    98.4713 1.0000e-12 2.0575e+03    174.514    13.5388    38.7496    29.1877 0.0000e+00
   1664.000    13.7964     0.1901    98.4737 1.0000e-12 2.0560e+03    174.610    13.5388    38.7496    29.1877 0.0000e+00
   1665.000    13.7965     0.1932    98.4737 1.0000e-12 2.0538e+03    174.442    13.5388    38.7496    29.1877 0.0000e+00
   1666.000    13.7964     0.1875    98.4737 1.0000e-12 2.0521e+03    174.131    13.5386    38.7496    29.1877 0.0000e+00
   1667.000    13.7965     0.1841    98.4737 1.0000e-12 2.0524e+03    174.383    13.5385    38.7494    29.1876 0.0000e+00
   1668.000    13.7964     0.1826    98.4737 1.0000e-12 2.0528e+03    174.502    13.5382    38.7496    29.1877 0.0000e+00
   1669.000    13.7966     0.1795    98.4737 1.0000e-12 2.0571e+03    174.428    13.5382    38.7494    29.1876 0.0000e+00
   1670.000    13.7967     0.1838    98.4737 1.0000e-12 2.0524e+03    174.195    13.5382    38.7496    29.1878 0.0000e+00
   1671.000    13.7967     0.1908    98.4737 1.0000e-12 2.0532e+03    174.132    13.5380    38.7494    29.1877 0.0000e+00
   1672.000    13.7966     0.1877    98.4671 1.0000e-12 2.0513e+03    174.155    13.5378    38.7495    29.1878 0.0000e+00
   1673.000    13.7968     0.1837    98.4653 1.0000e-12 2.0513e+03    174.280    13.5378    38.7495    29.1878 0.0000e+00
   1674.000    13.7970     0.1853    98.4618 1.0000e-12 2.0509e+03    174.092    13.5378    38.7496    29.1879 0.0000e+00
   1675.000    13.7972     0.1790    98.4725 1.0000e-12 2.0555e+03    174.214    13.5378    38.7496    29.1878 0.0000e+00
   1676.000    13.7973     0.1831    98.4737 1.0000e-12 2.0479e+03    174.365    13.5377    38.7495    29.1878 0.0000e+00
   1677.000    13.7974     0.1829    98.4737 1.0000e-12 2.0483e+03    174.452    13.5377    38.7496    29.1878 0.0000e+00
   1678.000    13.7975     0.1807    98.4737 1.0000e-12 2.0436e+03    174.772    13.5376    38.7497    29.1880 0.0000e+00
   1679.000    13.7976     0.1856    98.4702 1.0000e-12 2.0482e+03    174.652    13.5376    38.7497    29.1880 0.0000e+00
   1680.000    13.7978     0.1818    98.4694 1.0000e-12 2.0470e+03    174.474    13.5376    38.7498    29.1880 0.0000e+00
   1681.000    13.7977     0.1879    98.4664 1.0000e-12 2.0460e+03    174.652    13.5374    38.7497    29.1880 0.0000e+00
   1682.000    13.7977     0.1860    98.4654 1.0000e-12 2.0453e+03    174.448    13.5372    38.7497    29.1880 0.0000e+00
   1683.000    13.7979     0.1854    98.4682 1.0000e-12 2.0404e+03    174.203    13.5372    38.7498    29.1881 0.0000e+00
   1684.000    13.7980     0.1809    98.4650 1.0000e-12 2.0459e+03    174.103    13.5372    38.7498    29.1881 0.0000e+00
   1685.000    13.7981     0.1834    98.4674 1.0000e-12 2.0389e+03    174.310    13.5371    38.7497    29.1881 0.0000e+00
   1686.000    13.7982     0.1880    98.4618 1.0000e-12 2.0408e+03    174.219    13.5371    38.7497    29.1881 0.0000e+00
   1687.000    13.7982     0.1881    98.4694 1.0000e-12 2.0463e+03    174.573    13.5369    38.7497    29.1882 0.0000e+00
   1688.000    13.7983     0.1872    98.4706 1.0000e-12 2.0454e+03    174.653    13.5368    38.7497    29.1881 0.0000e+00
   1689.000    13.7984     0.1814    98.4538 1.0000e-12 2.0427e+03    174.569    13.5367    38.7496    29.1881 0.0000e+00
   1690.000    13.7984     0.1787    98.4682 1.0000e-12 2.0365e+03    174.545    13.5366    38.7496    29.1881 0.0000e+00
   1691.000    13.7984     0.1801    98.4672 1.0000e-12 2.0377e+03    174.544    13.5365    38.7497    29.1882 0.0000e+00
   1692.000    13.7985     0.1780    98.4693 1.0000e-12 2.0285e+03    174.612    13.5363    38.7497    29.1882 0.0000e+00
   1693.000    13.7987     0.1795    98.4683 1.0000e-12 2.0287e+03    174.431    13.5364    38.7496    29.1881 0.0000e+00
   1694.000    13.7988     0.1831    98.4695 1.0000e-12 2.0167e+03    174.424    13.5363    38.7496    29.1882 0.0000e+00
   1695.000    13.7989     0.1759    98.4585 1.0000e-12 2.0133e+03    174.366    13.5363    38.7496    29.1882 0.0000e+00
   1696.000    13.7990     0.1780    98.4683 1.0000e-12 2.0110e+03    174.615    13.5362    38.7495    29.1881 0.0000e+00
   1697.000    13.7991     0.1846    98.4664 1.0000e-12 2.0058e+03    174.842    13.5362    38.7495    29.1881 0.0000e+00
   1698.000    13.7993     0.1853    98.4685 1.0000e-12 2.0002e+03    174.553    13.5362    38.7495    29.1882 0.0000e+00
   1699.000    13.7994     0.1856    98.4639 1.0000e-12 1.9941e+03    174.453    13.5361    38.7496    29.1882 0.0000e+00
   1700.000    13.7995     0.1901    98.4683 1.0000e-12 1.9876e+03    174.406    13.5361    38.7497    29.1883 0.0000e+00
   1701.000    13.7997     0.1880    98.4694 1.0000e-12 1.9797e+03    174.385    13.5361    38.7495    29.1882 0.0000e+00
   1702.000    13.7999     0.1915    98.4664 1.0000e-12 1.9727e+03    174.512    13.5361    38.7496    29.1882 0.0000e+00
   1703.000    13.8001     0.1924    98.4639 1.0000e-12 1.9643e+03    174.681    13.5361    38.7496    29.1882 0.0000e+00
   1704.000    13.8001     0.1877    98.4633 1.0000e-12 1.9530e+03    174.488    13.5360    38.7497    29.1883 0.0000e+00
   1705.000    13.8003     0.1837    98.4716 1.0000e-12 1.9420e+03    174.484    13.5361    38.7495    29.1882 0.0000e+00
   1706.000    13.8005     0.1811    98.4639 1.0000e-12 1.9402e+03    174.743    13.5360    38.7496    29.1883 0.0000e+00
