Data/ruptures/PEACETIME/ION/PEACETIME_ION_CTD_039.cnv
* Sea-Bird SBE 9 Data File:
* FileName = C:\CTD\rawCTD\PEACETIME_ION_CTD_039.hdr
* Software Version Seasave V 7.23.2
* Temperature SN = 1378
* Conductivity SN = 2929
* Number of Bytes Per Scan = 38
* Number of Voltage Words = 5
* Number of Scans Averaged by the Deck Unit = 1
* NMEA Latitude = 35 29.35 N
* NMEA Longitude = 019 46.59 E
* NMEA UTC (Time) = May 25 2017  18:55:07
* NMEA baud rate = 4800
** Cruise:   PEACETIME
** Station:   ION_CTD_039
# nquan = 11
# nvalues = 203                         
# units = specified
# name 0 = prDM: Pressure, Digiquartz [db]
# name 1 = t090C: Temperature [ITS-90, deg C]
# name 2 = flC: Fluorescence, Chelsea Aqua 3 Chl Con [ug/l]
# name 3 = CStarTr0: Beam Transmission, WET Labs C-Star [%]
# name 4 = par: PAR/Irradiance, Biospherical/Licor
# name 5 = spar: SPAR/Surface Irradiance
# name 6 = sbeox0Mm/Kg: Oxygen, SBE 43 [umol/kg]
# name 7 = potemp090C: Potential Temperature [ITS-90, deg C]
# name 8 = sal00: Salinity, Practical [PSU]
# name 9 = sigma-é00: Density [sigma-theta, kg/m^3]
# name 10 = flag:
# span 0 =      1.000,    203.000       
# span 1 =    15.5463,    20.7489       
# span 2 =     0.1744,     0.3576       
# span 3 =    94.1392,    98.2403       
# span 4 = -1.808e-06, 2.9348e-01       
# span 5 = 1.1977e+00, 4.6501e+00       
# span 6 =    200.992,    231.982       
# span 7 =    15.5138,    20.7475       
# span 8 =    38.8784,    39.0467       
# span 9 =    27.6195,    28.9590       
# span 10 = 0.0000e+00, 0.0000e+00      
# interval = decibars: 1                
# start_time = May 25 2017 18:56:56 [NMEA time, first data scan]
# bad_flag = -9.990e-29
*END*
      1.000    20.7450     0.2064    94.1392 2.9348e-01 3.5657e+00    210.970    20.7448    39.0081    27.6195 0.0000e+00
      2.000    20.7435     0.2023    95.6263 2.0750e-01 2.2988e+00    211.067    20.7431    39.0101    27.6214 0.0000e+00
      3.000    20.7429     0.2057    96.4907 1.4391e-01 2.2853e+00    211.292    20.7423    39.0103    27.6218 0.0000e+00
      4.000    20.7450     0.1993    96.6811 8.7089e-02 1.8162e+00    211.473    20.7442    39.0104    27.6214 0.0000e+00
      5.000    20.7476     0.1976    96.7297 6.8099e-02 1.8512e+00    211.005    20.7467    39.0103    27.6206 0.0000e+00
      6.000    20.7480     0.1934    96.7634 4.8183e-02 2.8921e+00    211.734    20.7468    39.0103    27.6206 0.0000e+00
      7.000    20.7488     0.1970    96.7578 4.1184e-02 2.6008e+00    210.996    20.7475    39.0106    27.6206 0.0000e+00
      8.000    20.7489     0.1967    96.7276 3.2100e-02 2.9837e+00    211.795    20.7473    39.0106    27.6207 0.0000e+00
      9.000    20.7476     0.1949    96.7216 1.7176e-02 2.2228e+00    212.198    20.7459    39.0107    27.6211 0.0000e+00
     10.000    20.7301     0.1956    96.7442 1.2930e-02 2.6906e+00    212.235    20.7282    39.0124    27.6273 0.0000e+00
     11.000    20.6597     0.1968    96.7139 9.2318e-03 3.4687e+00    211.706    20.6576    39.0187    27.6516 0.0000e+00
     12.000    20.5652     0.1961    96.7432 5.3062e-03 3.6481e+00    212.332    20.5629    39.0170    27.6763 0.0000e+00
     13.000    20.4386     0.1935    96.7159 2.1900e-03 3.6162e+00    211.833    20.4362    39.0091    27.7050 0.0000e+00
     14.000    20.2522     0.1965    96.6938 6.3994e-06 2.3623e+00    212.533    20.2496    39.0049    27.7526 0.0000e+00
     15.000    20.1760     0.1988    96.6978 8.0963e-04 1.7549e+00    213.445    20.1731    39.0052    27.7736 0.0000e+00
     16.000    20.1389     0.1950    96.7091 -1.808e-06 2.4779e+00    213.903    20.1359    39.0016    27.7809 0.0000e+00
     17.000    20.1244     0.1942    96.6968 5.1822e-08 2.6322e+00    214.072    20.1212    39.0004    27.7840 0.0000e+00
     18.000    20.1031     0.1923    96.7627 1.0000e-12 2.4046e+00    214.560    20.0997    39.0002    27.7896 0.0000e+00
     19.000    20.0869     0.1952    96.7770 1.0000e-12 1.9312e+00    214.345    20.0833    38.9990    27.7932 0.0000e+00
     20.000    20.0645     0.1968    96.7747 1.0000e-12 2.6063e+00    213.915    20.0607    38.9994    27.7996 0.0000e+00
     21.000    19.9793     0.1960    96.7533 1.0000e-12 3.3171e+00    213.700    19.9754    38.9971    27.8208 0.0000e+00
     22.000    19.6770     0.1966    96.7459 1.0000e-12 2.8185e+00    214.300    19.6729    38.9891    27.8958 0.0000e+00
     23.000    19.3205     0.1973    96.7265 1.0000e-12 2.0137e+00    217.414    19.3162    38.9771    27.9814 0.0000e+00
     24.000    19.0692     0.1903    96.6961 1.0000e-12 2.1557e+00    218.521    19.0648    38.9574    28.0324 0.0000e+00
     25.000    18.7394     0.1966    96.6869 1.0000e-12 2.8662e+00    217.432    18.7349    38.9417    28.1061 0.0000e+00
     26.000    17.9847     0.1976    96.7266 1.0000e-12 1.5333e+00    223.891    17.9801    38.8992    28.2669 0.0000e+00
     27.000    17.7960     0.1885    96.7496 1.0000e-12 2.9258e+00    226.623    17.7913    38.8794    28.2993 0.0000e+00
     28.000    17.7685     0.1954    96.7788 1.0000e-12 2.5128e+00    228.341    17.7636    38.8798    28.3066 0.0000e+00
     29.000    17.7538     0.1898    96.7896 1.0000e-12 2.4719e+00    228.964    17.7487    38.8813    28.3115 0.0000e+00
     30.000    17.6719     0.1940    96.7963 1.0000e-12 3.0372e+00    229.223    17.6667    38.8797    28.3308 0.0000e+00
     31.000    17.5634     0.1940    96.7902 1.0000e-12 2.0388e+00    230.165    17.5580    38.8784    28.3570 0.0000e+00
     32.000    17.5892     0.1906    96.8247 1.0000e-12 3.1809e+00    229.241    17.5836    38.9189    28.3816 0.0000e+00
     33.000    17.5289     0.1967    96.8049 1.0000e-12 2.5017e+00    229.612    17.5232    38.9326    28.4072 0.0000e+00
     34.000    17.4635     0.1974    96.8301 1.0000e-12 2.2141e+00    229.017    17.4577    38.9230    28.4162 0.0000e+00
     35.000    17.3383     0.1958    96.7865 1.0000e-12 2.9175e+00    229.961    17.3323    38.9153    28.4413 0.0000e+00
     36.000    17.2996     0.1991    96.7901 1.0000e-12 2.2302e+00    230.208    17.2935    38.9244    28.4579 0.0000e+00
     37.000    17.2474     0.1985    96.8063 1.0000e-12 2.4213e+00    229.791    17.2411    38.9204    28.4678 0.0000e+00
     38.000    17.1024     0.2006    96.7910 1.0000e-12 3.0722e+00    230.208    17.0959    38.8998    28.4876 0.0000e+00
     39.000    17.0228     0.1977    96.7240 1.0000e-12 2.1943e+00    231.441    17.0162    38.8945    28.5030 0.0000e+00
     40.000    17.0358     0.2012    96.6921 1.0000e-12 2.4735e+00    231.626    17.0291    38.9285    28.5260 0.0000e+00
     41.000    17.0710     0.1967    96.7335 1.0000e-12 2.3184e+00    231.010    17.0641    38.9663    28.5465 0.0000e+00
     42.000    17.1037     0.1971    96.7744 1.0000e-12 3.0460e+00    230.974    17.0966    38.9995    28.5641 0.0000e+00
     43.000    17.1106     0.2002    96.8652 1.0000e-12 3.0188e+00    229.704    17.1033    39.0327    28.5880 0.0000e+00
     44.000    17.0527     0.2027    96.8720 1.0000e-12 2.2151e+00    229.066    17.0453    39.0386    28.6068 0.0000e+00
     45.000    16.9967     0.1971    96.9071 1.0000e-12 2.4380e+00    229.400    16.9891    39.0385    28.6204 0.0000e+00
     46.000    16.9356     0.1985    96.8758 1.0000e-12 2.5071e+00    230.191    16.9278    39.0373    28.6345 0.0000e+00
     47.000    16.9189     0.2073    96.8618 1.0000e-12 2.4903e+00    230.951    16.9110    39.0373    28.6386 0.0000e+00
     48.000    16.8968     0.2061    96.8913 1.0000e-12 2.7080e+00    231.866    16.8887    39.0366    28.6435 0.0000e+00
     49.000    16.8796     0.2033    96.8821 1.0000e-12 2.2809e+00    231.497    16.8713    39.0376    28.6484 0.0000e+00
     50.000    16.8539     0.2078    96.8797 1.0000e-12 2.5295e+00    231.507    16.8454    39.0411    28.6575 0.0000e+00
     51.000    16.8477     0.2011    96.8691 1.0000e-12 2.5212e+00    231.700    16.8392    39.0462    28.6630 0.0000e+00
     52.000    16.8398     0.2039    96.8262 1.0000e-12 3.0444e+00    231.982    16.8311    39.0467    28.6653 0.0000e+00
     53.000    16.8179     0.2047    96.8224 1.0000e-12 2.7347e+00    231.507    16.8090    39.0458    28.6699 0.0000e+00
     54.000    16.7959     0.2116    96.8468 1.0000e-12 2.1690e+00    230.925    16.7868    39.0442    28.6741 0.0000e+00
     55.000    16.7569     0.2106    96.8564 1.0000e-12 2.8388e+00    230.560    16.7476    39.0405    28.6807 0.0000e+00
     56.000    16.7098     0.2093    96.8797 1.0000e-12 2.7700e+00    230.499    16.7004    39.0368    28.6893 0.0000e+00
     57.000    16.6737     0.2053    96.8456 1.0000e-12 1.7871e+00    230.252    16.6642    39.0344    28.6962 0.0000e+00
     58.000    16.6077     0.2078    96.8570 1.0000e-12 2.4019e+00    229.323    16.5980    39.0269    28.7065 0.0000e+00
     59.000    16.5245     0.2152    96.8032 1.0000e-12 3.2431e+00    229.741    16.5147    39.0203    28.7214 0.0000e+00
     60.000    16.5123     0.2204    96.7461 1.0000e-12 2.4509e+00    230.106    16.5023    39.0192    28.7235 0.0000e+00
     61.000    16.4927     0.2177    96.7645 1.0000e-12 2.7204e+00    229.373    16.4826    39.0174    28.7269 0.0000e+00
     62.000    16.4829     0.2188    96.8189 1.0000e-12 3.5768e+00    228.754    16.4726    39.0204    28.7316 0.0000e+00
     63.000    16.4061     0.2260    96.8165 1.0000e-12 2.1668e+00    228.509    16.3957    39.0137    28.7449 0.0000e+00
     64.000    16.3661     0.2206    96.7772 1.0000e-12 3.0372e+00    229.276    16.3555    39.0105    28.7521 0.0000e+00
     65.000    16.3407     0.2197    96.8103 1.0000e-12 2.5488e+00    229.189    16.3299    39.0090    28.7570 0.0000e+00
     66.000    16.3181     0.2186    96.8236 1.0000e-12 2.6731e+00    228.958    16.3072    39.0079    28.7616 0.0000e+00
     67.000    16.2805     0.2227    96.8817 1.0000e-12 2.6505e+00    228.553    16.2695    39.0090    28.7714 0.0000e+00
     68.000    16.2697     0.2232    96.8907 1.0000e-12 1.9939e+00    228.515    16.2585    39.0096    28.7744 0.0000e+00
     69.000    16.2610     0.2269    96.8992 1.0000e-12 3.6270e+00    228.308    16.2497    39.0105    28.7773 0.0000e+00
     70.000    16.2550     0.2301    96.8497 1.0000e-12 3.1372e+00    227.403    16.2435    39.0210    28.7868 0.0000e+00
     71.000    16.2533     0.2316    96.8536 1.0000e-12 2.1679e+00    227.003    16.2416    39.0251    28.7904 0.0000e+00
     72.000    16.2504     0.2357    96.8931 1.0000e-12 2.9562e+00    226.612    16.2386    39.0290    28.7942 0.0000e+00
     73.000    16.2340     0.2313    96.8166 1.0000e-12 2.9555e+00    226.166    16.2220    39.0317    28.8002 0.0000e+00
     74.000    16.2016     0.2371    96.8458 1.0000e-12 2.8009e+00    225.704    16.1895    39.0312    28.8075 0.0000e+00
     75.000    16.1615     0.2382    96.8473 1.0000e-12 1.7984e+00    226.015    16.1493    39.0274    28.8141 0.0000e+00
     76.000    16.1388     0.2379    96.9037 1.0000e-12 2.1010e+00    226.399    16.1264    39.0250    28.8177 0.0000e+00
     77.000    16.1230     0.2341    96.8657 -9.990e-29 2.2476e+00    225.927    16.1104    39.0239    28.8206 0.0000e+00
     78.000    16.1144     0.2372    96.8976 1.0000e-12 2.6035e+00    226.042    16.1016    39.0247    28.8234 0.0000e+00
     79.000    16.1050     0.2467    96.8096 1.0000e-12 2.6076e+00    225.431    16.0921    39.0266    28.8270 0.0000e+00
     80.000    16.0901     0.2556    96.8086 1.0000e-12 3.1037e+00    224.829    16.0771    39.0285    28.8321 0.0000e+00
     81.000    16.0748     0.2880    96.8312 1.0000e-12 2.8362e+00    224.007    16.0616    39.0273    28.8348 0.0000e+00
     82.000    16.0578     0.2870    96.6275 1.0000e-12 2.3487e+00    223.324    16.0445    39.0247    28.8369 0.0000e+00
     83.000    16.0477     0.3021    96.5603 1.0000e-12 2.1902e+00    223.289    16.0341    39.0230    28.8380 0.0000e+00
     84.000    16.0365     0.3064    96.5305 1.0000e-12 1.7349e+00    222.741    16.0229    39.0215    28.8395 0.0000e+00
     85.000    16.0194     0.3196    96.5085 1.0000e-12 2.3865e+00    221.710    16.0055    39.0200    28.8425 0.0000e+00
     86.000    16.0014     0.3255    96.4466 1.0000e-12 2.2819e+00    221.075    15.9874    39.0203    28.8469 0.0000e+00
     87.000    16.0147     0.3576    96.5272 1.0000e-12 3.0765e+00    220.410    16.0005    39.0264    28.8486 0.0000e+00
     88.000    16.0174     0.3403    96.5831 1.0000e-12 2.9099e+00    220.293    16.0031    39.0295    28.8503 0.0000e+00
     89.000    16.0149     0.3320    96.6238 1.0000e-12 2.5499e+00    219.276    16.0004    39.0295    28.8510 0.0000e+00
     90.000    16.0041     0.3328    96.6179 1.0000e-12 3.2966e+00    218.880    15.9895    39.0279    28.8523 0.0000e+00
     91.000    15.9790     0.3192    96.6478 1.0000e-12 2.8461e+00    217.441    15.9643    39.0238    28.8552 0.0000e+00
     92.000    15.9535     0.3491    96.8242 1.0000e-12 2.1051e+00    217.846    15.9386    39.0198    28.8581 0.0000e+00
     93.000    15.9479     0.3105    97.0296 1.0000e-12 2.2499e+00    217.438    15.9328    39.0189    28.8588 0.0000e+00
     94.000    15.9445     0.2857    97.0793 1.0000e-12 2.8063e+00    217.133    15.9293    39.0183    28.8591 0.0000e+00
     95.000    15.9334     0.2818    97.0714 1.0000e-12 2.9947e+00    216.556    15.9180    39.0165    28.8604 0.0000e+00
     96.000    15.9293     0.2797    97.1704 1.0000e-12 2.8338e+00    216.219    15.9137    39.0160    28.8610 0.0000e+00
     97.000    15.9290     0.2854    97.1728 1.0000e-12 2.0499e+00    216.459    15.9133    39.0163    28.8613 0.0000e+00
     98.000    15.9253     0.2868    97.2509 1.0000e-12 2.0319e+00    216.271    15.9094    39.0160    28.8620 0.0000e+00
     99.000    15.9278     0.3013    97.1991 1.0000e-12 1.5856e+00    216.460    15.9117    39.0178    28.8628 0.0000e+00
    100.000    15.9283     0.2852    97.3073 1.0000e-12 2.3880e+00    215.923    15.9120    39.0182    28.8631 0.0000e+00
    101.000    15.9179     0.2797    97.3564 1.0000e-12 2.7061e+00    215.290    15.9015    39.0156    28.8636 0.0000e+00
    102.000    15.9048     0.2749    97.3694 1.0000e-12 2.4204e+00    215.253    15.8882    39.0124    28.8642 0.0000e+00
    103.000    15.8865     0.2663    97.4705 1.0000e-12 3.4570e+00    214.787    15.8698    39.0082    28.8653 0.0000e+00
    104.000    15.8761     0.2624    97.5267 1.0000e-12 2.9477e+00    214.615    15.8593    39.0059    28.8660 0.0000e+00
    105.000    15.8741     0.2669    97.5065 1.0000e-12 3.1692e+00    215.074    15.8571    39.0058    28.8664 0.0000e+00
    106.000    15.8756     0.2611    97.5744 1.0000e-12 2.8675e+00    214.838    15.8585    39.0062    28.8664 0.0000e+00
    107.000    15.8755     0.2541    97.5876 1.0000e-12 1.9722e+00    214.459    15.8582    39.0066    28.8668 0.0000e+00
    108.000    15.8706     0.2563    97.6054 1.0000e-12 1.9252e+00    214.720    15.8531    39.0053    28.8670 0.0000e+00
    109.000    15.8499     0.2569    97.5857 1.0000e-12 4.6501e+00    213.948    15.8322    39.0005    28.8681 0.0000e+00
    110.000    15.8116     0.2567    97.6360 -9.990e-29 2.7234e+00    214.105    15.7938    38.9927    28.8712 0.0000e+00
    111.000    15.8029     0.2506    97.6604 -9.990e-29 2.4367e+00    214.562    15.7850    38.9917    28.8724 0.0000e+00
    112.000    15.8058     0.2562    97.6479 1.0000e-12 2.8314e+00    214.038    15.7877    38.9937    28.8734 0.0000e+00
    113.000    15.8093     0.2497    97.6712 1.0000e-12 2.0962e+00    213.912    15.7910    38.9964    28.8746 0.0000e+00
    114.000    15.8113     0.2432    97.7586 1.0000e-12 2.0101e+00    213.467    15.7929    38.9975    28.8750 0.0000e+00
    115.000    15.8187     0.2426    97.7761 1.0000e-12 3.1285e+00    213.000    15.8001    39.0012    28.8762 0.0000e+00
    116.000    15.8350     0.2401    97.8061 1.0000e-12 4.1479e+00    212.247    15.8162    39.0086    28.8782 0.0000e+00
    117.000    15.8421     0.2435    97.7814 1.0000e-12 1.9209e+00    211.810    15.8232    39.0128    28.8798 0.0000e+00
    118.000    15.8252     0.2349    97.7662 1.0000e-12 2.3573e+00    210.901    15.8061    39.0092    28.8810 0.0000e+00
    119.000    15.8159     0.2382    97.7465 1.0000e-12 1.1977e+00    210.948    15.7967    39.0082    28.8824 0.0000e+00
    120.000    15.8072     0.2385    97.7848 1.0000e-12 1.9924e+00    210.574    15.7878    39.0070    28.8836 0.0000e+00
    121.000    15.8051     0.2405    97.7845 1.0000e-12 2.7279e+00    210.724    15.7855    39.0084    28.8852 0.0000e+00
    122.000    15.8035     0.2387    97.8656 1.0000e-12 2.9494e+00    210.445    15.7838    39.0100    28.8868 0.0000e+00
    123.000    15.7961     0.2315    97.8613 1.0000e-12 3.4160e+00    210.061    15.7763    39.0091    28.8879 0.0000e+00
    124.000    15.7922     0.2305    97.8992 1.0000e-12 1.8020e+00    210.084    15.7722    39.0086    28.8885 0.0000e+00
    125.000    15.7891     0.2257    97.9260 1.0000e-12 1.8757e+00    210.307    15.7690    39.0083    28.8890 0.0000e+00
    126.000    15.7834     0.2237    97.9195 1.0000e-12 2.2459e+00    209.398    15.7631    39.0077    28.8899 0.0000e+00
    127.000    15.7722     0.2186    97.9399 1.0000e-12 3.3338e+00    208.646    15.7517    39.0069    28.8920 0.0000e+00
    128.000    15.7662     0.2105    97.9586 1.0000e-12 2.2299e+00    208.117    15.7455    39.0074    28.8938 0.0000e+00
    129.000    15.7645     0.2131    97.9779 1.0000e-12 2.0646e+00    208.522    15.7437    39.0077    28.8944 0.0000e+00
    130.000    15.7636     0.2153    97.9751 1.0000e-12 2.9806e+00    208.635    15.7426    39.0079    28.8949 0.0000e+00
    131.000    15.7656     0.2139    97.9700 1.0000e-12 2.2933e+00    209.022    15.7445    39.0093    28.8955 0.0000e+00
