Data/ruptures/PEACETIME/ION/PEACETIME_ION_CTD_051.cnv
* Sea-Bird SBE 9 Data File:
* FileName = C:\CTD\rawCTD\PEACETIME_ION_CTD_051.hdr
* Software Version Seasave V 7.23.2
* Temperature SN = 1378
* Conductivity SN = 2929
* Number of Bytes Per Scan = 38
* Number of Voltage Words = 5
* Number of Scans Averaged by the Deck Unit = 1
* NMEA Latitude = 35 29.35 N
* NMEA Longitude = 019 46.58 E
* NMEA UTC (Time) = May 28 2017  18:32:43
* NMEA baud rate = 4800
** Cruise:   PEACETIME
** Station:   ION_CTD_051
# nquan = 11
# nvalues = 202                         
# units = specified
# name 0 = prDM: Pressure, Digiquartz [db]
# name 1 = t090C: Temperature [ITS-90, deg C]
# name 2 = flC: Fluorescence, Chelsea Aqua 3 Chl Con [ug/l]
# name 3 = CStarTr0: Beam Transmission, WET Labs C-Star [%]
# name 4 = par: PAR/Irradiance, Biospherical/Licor
# name 5 = spar: SPAR/Surface Irradiance
# name 6 = sbeox0Mm/Kg: Oxygen, SBE 43 [umol/kg]
# name 7 = potemp090C: Potential Temperature [ITS-90, deg C]
# name 8 = sal00: Salinity, Practical [PSU]
# name 9 = sigma-é00: Density [sigma-theta, kg/m^3]
# name 10 = flag:
# span 0 =      1.000,    202.000       
# span 1 =    15.4329,    20.8192       
# span 2 =     0.1809,     0.3664       
# span 3 =    96.4826,    98.3265       
# span 4 = -1.026e-04, 2.0482e-02       
# span 5 = 1.6262e+00, 7.4814e+00       
# span 6 =    184.500,    231.249       
# span 7 =    15.4058,    20.8183       
# span 8 =    38.9535,    39.0722       
# span 9 =    27.6089,    28.9689       
# span 10 = 0.0000e+00, 0.0000e+00      
# interval = decibars: 1                
# start_time = May 28 2017 18:33:45 [NMEA time, first data scan]
# bad_flag = -9.990e-29
*END*
      1.000    20.8123     0.2323    96.8893 2.0482e-02 7.4814e+00    184.500    20.8121    39.0185    27.6089 0.0000e+00
      2.000    20.8122     0.2234    96.9943 4.3391e-03 3.0880e+00    210.704    20.8119    39.0425    27.6272 0.0000e+00
      3.000    20.8171     0.2268    97.0166 -1.026e-04 1.7126e+00    211.430    20.8165    39.0422    27.6257 0.0000e+00
      4.000    20.8174     0.2238    97.0046 1.5029e-08 4.2941e+00    211.733    20.8166    39.0430    27.6263 0.0000e+00
      5.000    20.8192     0.2224    97.0295 1.0000e-12 2.3557e+00    211.524    20.8183    39.0430    27.6258 0.0000e+00
      6.000    20.8191     0.2244    97.0219 1.0000e-12 2.1417e+00    211.310    20.8179    39.0429    27.6259 0.0000e+00
      7.000    20.8183     0.2213    96.9981 1.0000e-12 3.1901e+00    211.719    20.8170    39.0430    27.6261 0.0000e+00
      8.000    20.8189     0.2155    97.0101 1.0000e-12 2.9876e+00    211.422    20.8174    39.0430    27.6261 0.0000e+00
      9.000    20.8163     0.2239    97.0084 1.0000e-12 3.8619e+00    211.132    20.8146    39.0429    27.6268 0.0000e+00
     10.000    20.8146     0.2192    97.0190 1.0000e-12 3.4957e+00    211.586    20.8127    39.0430    27.6274 0.0000e+00
     11.000    20.8038     0.2198    97.0329 1.0000e-12 4.1248e+00    211.390    20.8017    39.0423    27.6299 0.0000e+00
     12.000    20.7872     0.2153    97.0049 1.0000e-12 4.1098e+00    211.308    20.7849    39.0421    27.6343 0.0000e+00
     13.000    20.7732     0.2168    97.0097 1.0000e-12 2.7171e+00    211.122    20.7707    39.0420    27.6382 0.0000e+00
     14.000    20.7432     0.2168    96.9796 1.0000e-12 2.9642e+00    211.234    20.7405    39.0409    27.6457 0.0000e+00
     15.000    20.6996     0.2151    96.9810 1.0000e-12 3.0386e+00    210.862    20.6967    39.0393    27.6566 0.0000e+00
     16.000    20.5995     0.2147    96.9452 1.0000e-12 3.1297e+00    211.034    20.5964    39.0400    27.6847 0.0000e+00
     17.000    20.5115     0.2151    96.8817 1.0000e-12 4.0829e+00    211.169    20.5082    39.0394    27.7084 0.0000e+00
     18.000    20.5008     0.2197    96.8742 1.0000e-12 2.7368e+00    211.553    20.4974    39.0402    27.7120 0.0000e+00
     19.000    20.4932     0.2186    96.8522 1.0000e-12 2.3543e+00    212.629    20.4896    39.0405    27.7143 0.0000e+00
     20.000    20.4820     0.2163    96.8437 1.0000e-12 3.3697e+00    212.047    20.4782    39.0404    27.7174 0.0000e+00
     21.000    20.4540     0.2216    96.8041 1.0000e-12 4.5247e+00    212.130    20.4500    39.0385    27.7237 0.0000e+00
     22.000    20.3081     0.2209    96.8303 1.0000e-12 3.7825e+00    212.695    20.3039    39.0301    27.7570 0.0000e+00
     23.000    20.0326     0.2105    96.8103 1.0000e-12 3.7933e+00    213.743    20.0282    39.0052    27.8128 0.0000e+00
     24.000    19.7758     0.2121    96.7926 1.0000e-12 3.3299e+00    215.605    19.7713    38.9780    27.8611 0.0000e+00
     25.000    19.4620     0.2174    96.7547 1.0000e-12 3.1492e+00    217.020    19.4574    38.9647    27.9345 0.0000e+00
     26.000    19.1308     0.2088    96.7264 1.0000e-12 2.8559e+00    219.259    19.1261    38.9535    28.0133 0.0000e+00
     27.000    18.7858     0.2125    96.7587 1.0000e-12 3.3906e+00    222.280    18.7809    39.0017    28.1404 0.0000e+00
     28.000    18.6229     0.2111    96.8201 1.0000e-12 3.7668e+00    223.799    18.6178    39.0235    28.1994 0.0000e+00
     29.000    18.4367     0.2138    96.8709 1.0000e-12 3.4377e+00    225.404    18.4316    39.0397    28.2598 0.0000e+00
     30.000    18.2621     0.2185    96.8651 1.0000e-12 4.1012e+00    225.041    18.2568    39.0428    28.3069 0.0000e+00
     31.000    18.0766     0.2116    96.9895 1.0000e-12 2.8040e+00    226.169    18.0712    39.0313    28.3453 0.0000e+00
     32.000    17.9895     0.2116    96.9762 1.0000e-12 5.0928e+00    227.182    17.9839    39.0291    28.3658 0.0000e+00
     33.000    17.9106     0.2124    96.9825 1.0000e-12 3.2038e+00    227.767    17.9048    39.0289    28.3856 0.0000e+00
     34.000    17.8428     0.2136    96.9345 1.0000e-12 3.7248e+00    228.565    17.8369    39.0238    28.3988 0.0000e+00
     35.000    17.7907     0.2136    96.9542 1.0000e-12 4.3513e+00    228.609    17.7846    39.0275    28.4147 0.0000e+00
     36.000    17.7176     0.2118    96.9373 1.0000e-12 3.5531e+00    228.262    17.7113    39.0240    28.4305 0.0000e+00
     37.000    17.6543     0.2073    96.9107 1.0000e-12 4.4289e+00    229.429    17.6479    39.0191    28.4426 0.0000e+00
     38.000    17.5899     0.2125    96.8964 1.0000e-12 3.6714e+00    229.472    17.5833    39.0151    28.4557 0.0000e+00
     39.000    17.5022     0.2162    96.8930 1.0000e-12 4.4670e+00    229.318    17.4955    39.0083    28.4723 0.0000e+00
     40.000    17.4665     0.2147    96.9243 1.0000e-12 2.4094e+00    229.738    17.4596    39.0099    28.4825 0.0000e+00
     41.000    17.4523     0.2139    96.9071 1.0000e-12 4.5001e+00    229.965    17.4452    39.0254    28.4979 0.0000e+00
     42.000    17.4039     0.2161    96.9794 1.0000e-12 4.7105e+00    229.000    17.3967    39.0268    28.5111 0.0000e+00
     43.000    17.2757     0.2151    96.9611 1.0000e-12 4.6729e+00    229.163    17.2684    39.0028    28.5244 0.0000e+00
     44.000    17.2333     0.2193    96.9444 1.0000e-12 2.7844e+00    230.340    17.2258    39.0239    28.5511 0.0000e+00
     45.000    17.1887     0.2172    96.9493 1.0000e-12 3.8325e+00    230.247    17.1810    39.0236    28.5619 0.0000e+00
     46.000    17.1204     0.2235    96.9361 1.0000e-12 2.7801e+00    229.388    17.1126    39.0247    28.5795 0.0000e+00
     47.000    17.0491     0.2202    96.8876 1.0000e-12 4.1586e+00    229.865    17.0412    39.0262    28.5982 0.0000e+00
     48.000    17.0112     0.2180    96.9228 1.0000e-12 1.9861e+00    230.300    17.0031    39.0236    28.6056 0.0000e+00
     49.000    16.9874     0.2162    96.8949 1.0000e-12 3.6650e+00    230.635    16.9791    39.0274    28.6143 0.0000e+00
     50.000    16.9868     0.2240    96.8943 1.0000e-12 2.2258e+00    231.249    16.9783    39.0367    28.6216 0.0000e+00
     51.000    16.9722     0.2255    96.9402 1.0000e-12 3.0089e+00    231.175    16.9636    39.0370    28.6255 0.0000e+00
     52.000    16.9407     0.2229    96.9184 1.0000e-12 2.8921e+00    229.752    16.9319    39.0345    28.6313 0.0000e+00
     53.000    16.8724     0.2272    96.9277 1.0000e-12 2.8435e+00    229.692    16.8634    39.0285    28.6434 0.0000e+00
     54.000    16.8116     0.2241    96.9117 1.0000e-12 3.4586e+00    230.085    16.8026    39.0232    28.6541 0.0000e+00
     55.000    16.7875     0.2281    96.8927 1.0000e-12 3.1824e+00    230.584    16.7782    39.0221    28.6592 0.0000e+00
     56.000    16.7537     0.2222    96.8884 1.0000e-12 4.5028e+00    230.448    16.7444    39.0198    28.6656 0.0000e+00
     57.000    16.7128     0.2214    96.8945 1.0000e-12 4.3819e+00    230.988    16.7032    39.0170    28.6734 0.0000e+00
     58.000    16.6860     0.2250    96.8930 1.0000e-12 3.1901e+00    230.255    16.6763    39.0157    28.6789 0.0000e+00
     59.000    16.6492     0.2250    96.8434 1.0000e-12 3.0464e+00    230.757    16.6394    39.0131    28.6859 0.0000e+00
     60.000    16.5925     0.2301    96.9118 1.0000e-12 3.1375e+00    230.244    16.5825    39.0108    28.6978 0.0000e+00
     61.000    16.5605     0.2326    96.8460 1.0000e-12 3.0611e+00    230.274    16.5503    39.0110    28.7057 0.0000e+00
     62.000    16.5358     0.2340    96.8663 1.0000e-12 3.0924e+00    230.155    16.5255    39.0091    28.7102 0.0000e+00
     63.000    16.5179     0.2310    96.8354 1.0000e-12 2.3427e+00    230.550    16.5075    39.0074    28.7132 0.0000e+00
     64.000    16.5031     0.2320    96.8644 1.0000e-12 2.7309e+00    230.548    16.4924    39.0067    28.7163 0.0000e+00
     65.000    16.4605     0.2337    96.8203 1.0000e-12 4.2696e+00    229.470    16.4498    39.0056    28.7257 0.0000e+00
     66.000    16.4186     0.2317    96.9115 1.0000e-12 2.4980e+00    229.237    16.4077    39.0006    28.7319 0.0000e+00
     67.000    16.3902     0.2304    96.9798 1.0000e-12 3.0506e+00    228.851    16.3791    38.9948    28.7343 0.0000e+00
     68.000    16.3201     0.2331    97.0288 1.0000e-12 2.0160e+00    227.179    16.3089    38.9888    28.7464 0.0000e+00
     69.000    16.2846     0.2355    97.0715 1.0000e-12 3.8578e+00    227.451    16.2733    38.9928    28.7580 0.0000e+00
     70.000    16.2777     0.2380    97.0093 1.0000e-12 4.4108e+00    227.664    16.2662    38.9945    28.7611 0.0000e+00
     71.000    16.2612     0.2388    97.0610 1.0000e-12 4.4438e+00    227.106    16.2495    38.9941    28.7647 0.0000e+00
     72.000    16.2313     0.2323    97.1051 1.0000e-12 3.7451e+00    226.542    16.2194    38.9955    28.7729 0.0000e+00
     73.000    16.2142     0.2351    97.0985 1.0000e-12 3.1272e+00    225.733    16.2023    38.9959    28.7773 0.0000e+00
     74.000    16.2018     0.2377    97.1436 1.0000e-12 3.6333e+00    225.390    16.1896    38.9958    28.7802 0.0000e+00
     75.000    16.1978     0.2303    96.9963 1.0000e-12 1.8739e+00    225.505    16.1855    38.9961    28.7815 0.0000e+00
     76.000    16.1875     0.2365    97.2010 1.0000e-12 2.3397e+00    225.400    16.1750    38.9990    28.7862 0.0000e+00
     77.000    16.1655     0.2391    97.1994 1.0000e-12 3.2564e+00    224.829    16.1529    39.0005    28.7926 0.0000e+00
     78.000    16.1406     0.2356    97.1274 1.0000e-12 2.4771e+00    224.409    16.1279    38.9996    28.7978 0.0000e+00
     79.000    16.1295     0.2364    97.1784 1.0000e-12 2.5466e+00    224.170    16.1166    39.0004    28.8011 0.0000e+00
     80.000    16.1244     0.2500    97.0832 1.0000e-12 1.8336e+00    223.809    16.1113    39.0025    28.8039 0.0000e+00
     81.000    16.1118     0.2605    97.0386 1.0000e-12 2.6582e+00    223.630    16.0986    39.0039    28.8080 0.0000e+00
     82.000    16.0993     0.2696    96.9643 1.0000e-12 2.7094e+00    223.253    16.0859    39.0057    28.8125 0.0000e+00
     83.000    16.0784     0.2749    96.8953 1.0000e-12 2.3277e+00    222.699    16.0649    39.0039    28.8160 0.0000e+00
     84.000    16.0617     0.2816    96.8586 1.0000e-12 4.1385e+00    222.497    16.0481    39.0024    28.8188 0.0000e+00
     85.000    16.0464     0.3202    96.7325 1.0000e-12 2.5550e+00    221.762    16.0325    39.0003    28.8209 0.0000e+00
     86.000    16.0337     0.3219    96.6717 1.0000e-12 2.8774e+00    221.483    16.0197    38.9986    28.8226 0.0000e+00
     87.000    16.0146     0.3152    96.6069 -9.990e-29 2.8451e+00    221.353    16.0004    38.9966    28.8256 0.0000e+00
     88.000    16.0049     0.3201    96.5288 1.0000e-12 3.2812e+00    220.127    15.9905    38.9959    28.8274 0.0000e+00
     89.000    15.9811     0.3239    96.6049 1.0000e-12 2.8622e+00    219.460    15.9666    38.9943    28.8318 0.0000e+00
     90.000    15.9798     0.3568    96.5952 1.0000e-12 3.5392e+00    219.429    15.9652    38.9974    28.8345 0.0000e+00
     91.000    15.9579     0.3489    96.6131 1.0000e-12 3.9274e+00    218.752    15.9432    38.9940    28.8371 0.0000e+00
     92.000    15.9476     0.3337    96.4826 1.0000e-12 3.4234e+00    219.266    15.9326    38.9940    28.8396 0.0000e+00
     93.000    15.9877     0.3313    96.5956 1.0000e-12 4.7095e+00    218.963    15.9725    39.0142    28.8458 0.0000e+00
     94.000    15.9891     0.3212    96.7133 1.0000e-12 4.8757e+00    218.227    15.9738    39.0160    28.8469 0.0000e+00
     95.000    15.9806     0.3439    96.7437 1.0000e-12 3.0281e+00    217.295    15.9652    39.0154    28.8484 0.0000e+00
     96.000    15.9608     0.3664    96.7923 1.0000e-12 2.0743e+00    216.351    15.9452    39.0120    28.8505 0.0000e+00
     97.000    15.9330     0.3419    96.8564 1.0000e-12 3.5154e+00    216.032    15.9172    39.0084    28.8543 0.0000e+00
     98.000    15.9194     0.3213    96.9896 1.0000e-12 3.7427e+00    215.394    15.9035    39.0062    28.8558 0.0000e+00
     99.000    15.9082     0.3101    97.1102 1.0000e-12 2.2971e+00    215.287    15.8922    39.0038    28.8566 0.0000e+00
    100.000    15.8973     0.3148    97.1387 1.0000e-12 4.6329e+00    214.865    15.8811    39.0018    28.8577 0.0000e+00
    101.000    15.8856     0.3098    97.2121 1.0000e-12 2.3082e+00    213.211    15.8692    38.9991    28.8584 0.0000e+00
    102.000    15.8630     0.3077    97.3409 1.0000e-12 2.4603e+00    212.801    15.8465    38.9949    28.8605 0.0000e+00
    103.000    15.8459     0.2988    97.4212 1.0000e-12 5.2158e+00    212.869    15.8293    38.9912    28.8617 0.0000e+00
    104.000    15.8412     0.2815    97.4364 1.0000e-12 2.2371e+00    213.476    15.8244    38.9922    28.8636 0.0000e+00
    105.000    15.8525     0.2809    97.4641 1.0000e-12 3.7037e+00    212.249    15.8355    39.0012    28.8679 0.0000e+00
    106.000    15.8422     0.2749    97.5999 1.0000e-12 3.5878e+00    212.031    15.8250    39.0002    28.8696 0.0000e+00
    107.000    15.8428     0.2683    97.6357 1.0000e-12 4.2969e+00    211.794    15.8255    39.0010    28.8701 0.0000e+00
    108.000    15.8420     0.2604    97.6509 1.0000e-12 4.4131e+00    212.114    15.8245    39.0009    28.8703 0.0000e+00
    109.000    15.8399     0.2662    97.6828 1.0000e-12 3.3706e+00    211.924    15.8223    39.0003    28.8703 0.0000e+00
    110.000    15.8297     0.2804    97.6638 1.0000e-12 2.9652e+00    211.199    15.8119    38.9980    28.8710 0.0000e+00
    111.000    15.7922     0.2785    97.7436 1.0000e-12 2.7049e+00    210.664    15.7742    38.9911    28.8745 0.0000e+00
    112.000    15.7918     0.2628    97.7623 1.0000e-12 3.2022e+00    210.026    15.7737    38.9967    28.8789 0.0000e+00
    113.000    15.7938     0.2487    97.7814 1.0000e-12 3.9417e+00    210.075    15.7756    38.9973    28.8789 0.0000e+00
    114.000    15.7955     0.2454    97.8312 1.0000e-12 2.9048e+00    210.201    15.7771    38.9977    28.8789 0.0000e+00
    115.000    15.7977     0.2458    97.8491 1.0000e-12 2.5917e+00    210.356    15.7791    38.9989    28.8793 0.0000e+00
    116.000    15.7999     0.2608    97.8452 1.0000e-12 2.3377e+00    210.648    15.7812    39.0000    28.8797 0.0000e+00
    117.000    15.8219     0.2578    97.7926 1.0000e-12 4.3097e+00    210.641    15.8030    39.0096    28.8820 0.0000e+00
    118.000    15.8291     0.2473    97.8129 1.0000e-12 3.5710e+00    210.421    15.8100    39.0124    28.8825 0.0000e+00
    119.000    15.8537     0.2494    97.7537 1.0000e-12 4.0269e+00    210.508    15.8345    39.0283    28.8891 0.0000e+00
    120.000    15.8706     0.2462    97.8677 1.0000e-12 3.1988e+00    210.475    15.8511    39.0354    28.8907 0.0000e+00
    121.000    15.8693     0.2485    97.8807 1.0000e-12 3.4455e+00    210.144    15.8497    39.0351    28.8908 0.0000e+00
    122.000    15.8680     0.2442    97.9176 1.0000e-12 4.4137e+00    209.069    15.8482    39.0355    28.8914 0.0000e+00
    123.000    15.8611     0.2382    97.9385 1.0000e-12 2.0798e+00    208.261    15.8412    39.0349    28.8926 0.0000e+00
    124.000    15.8598     0.2315    97.9431 1.0000e-12 3.8056e+00    208.470    15.8397    39.0351    28.8931 0.0000e+00
    125.000    15.8583     0.2293    97.9460 1.0000e-12 3.6137e+00    208.340    15.8381    39.0369    28.8949 0.0000e+00
    126.000    15.8532     0.2377    97.9873 1.0000e-12 4.0900e+00    208.772    15.8328    39.0413    28.8995 0.0000e+00
    127.000    15.8499     0.2327    98.0320 1.0000e-12 2.8278e+00    209.109    15.8294    39.0427    28.9014 0.0000e+00
    128.000    15.8502     0.2273    98.0457 1.0000e-12 2.4086e+00    208.573    15.8295    39.0456    28.9036 0.0000e+00
    129.000    15.8513     0.2299    98.0708 1.0000e-12 3.9930e+00    208.774    15.8304    39.0461    28.9038 0.0000e+00
    130.000    15.8667     0.2314    98.0791 1.0000e-12 2.6452e+00    208.654    15.8456    39.0538    28.9061 0.0000e+00
    131.000    15.8965     0.2294    98.0798 1.0000e-12 3.7975e+00    208.578    15.8752    39.0670    28.9093 0.0000e+00
