Data/ruptures/PEACETIME/ION/PEACETIME_ION_CTD_040.cnv
* Sea-Bird SBE 9 Data File:
* FileName = C:\CTD\rawCTD\PEACETIME_ION_CTD_040.hdr
* Software Version Seasave V 7.23.2
* Temperature SN = 1378
* Conductivity SN = 2929
* Number of Bytes Per Scan = 38
* Number of Voltage Words = 5
* Number of Scans Averaged by the Deck Unit = 1
* NMEA Latitude = 35 29.35 N
* NMEA Longitude = 019 46.59 E
* NMEA UTC (Time) = May 26 2017  02:25:31
* NMEA baud rate = 4800
** Cruise:   PEACETIME
** Station:   ION_CTD_040
# nquan = 11
# nvalues = 501                         
# units = specified
# name 0 = prDM: Pressure, Digiquartz [db]
# name 1 = t090C: Temperature [ITS-90, deg C]
# name 2 = flC: Fluorescence, Chelsea Aqua 3 Chl Con [ug/l]
# name 3 = CStarTr0: Beam Transmission, WET Labs C-Star [%]
# name 4 = par: PAR/Irradiance, Biospherical/Licor
# name 5 = spar: SPAR/Surface Irradiance
# name 6 = sbeox0Mm/Kg: Oxygen, SBE 43 [umol/kg]
# name 7 = potemp090C: Potential Temperature [ITS-90, deg C]
# name 8 = sal00: Salinity, Practical [PSU]
# name 9 = sigma-é00: Density [sigma-theta, kg/m^3]
# name 10 = flag:
# span 0 =      1.000,    501.000       
# span 1 =    14.3960,    20.6564       
# span 2 =     0.1747,     0.3746       
# span 3 =    96.4965,    98.3994       
# span 4 = -1.611e-06, 3.0198e-01       
# span 5 = 1.2584e+00, 5.5518e+00       
# span 6 =    171.971,    233.210       
# span 7 =    14.3191,    20.6562       
# span 8 =    38.8671,    39.0508       
# span 9 =    27.6596,    29.1422       
# span 10 = 0.0000e+00, 0.0000e+00      
# interval = decibars: 1                
# start_time = May 26 2017 02:25:32 [NMEA time, first data scan]
# bad_flag = -9.990e-29
*END*
[from data line 132]
    133.000    15.8474     0.2289    98.0287 1.0000e-12 2.8105e+00    211.367    15.8258    39.0203    28.8849 0.0000e+00
    134.000    15.8449     0.2218    98.0570 1.0000e-12 2.5966e+00    211.641    15.8232    39.0206    28.8858 0.0000e+00
    135.000    15.8366     0.2194    98.0211 1.0000e-12 2.6283e+00    211.485    15.8148    39.0197    28.8870 0.0000e+00
    136.000    15.8325     0.2199    98.0518 1.0000e-12 3.9208e+00    211.272    15.8105    39.0187    28.8873 0.0000e+00
    137.000    15.8219     0.2157    98.0687 1.0000e-12 1.8670e+00    210.748    15.7997    39.0162    28.8879 0.0000e+00
    138.000    15.8083     0.2134    98.0563 1.0000e-12 3.3213e+00    210.167    15.7860    39.0135    28.8890 0.0000e+00
    139.000    15.8005     0.2137    98.1138 1.0000e-12 2.9277e+00    209.900    15.7781    39.0121    28.8898 0.0000e+00
    140.000    15.7851     0.2150    98.1315 1.0000e-12 2.8264e+00    209.384    15.7625    39.0089    28.8910 0.0000e+00
    141.000    15.7636     0.2142    98.1251 1.0000e-12 1.6666e+00    207.922    15.7408    39.0057    28.8935 0.0000e+00
    142.000    15.7610     0.2175    98.1227 1.0000e-12 2.6293e+00    207.905    15.7381    39.0057    28.8942 0.0000e+00
    143.000    15.7634     0.2122    98.1424 1.0000e-12 3.5179e+00    207.861    15.7403    39.0070    28.8947 0.0000e+00
    144.000    15.7783     0.2097    98.1565 1.0000e-12 2.6754e+00    208.572    15.7551    39.0152    28.8976 0.0000e+00
    145.000    15.7846     0.2115    98.1614 1.0000e-12 3.4204e+00    208.258    15.7612    39.0179    28.8982 0.0000e+00
    146.000    15.7825     0.2114    98.1614 1.0000e-12 2.9495e+00    208.268    15.7590    39.0172    28.8982 0.0000e+00
    147.000    15.7652     0.2096    98.1500 1.0000e-12 3.5690e+00    208.021    15.7414    39.0137    28.8996 0.0000e+00
    148.000    15.7430     0.2097    98.1365 1.0000e-12 2.9819e+00    207.699    15.7192    39.0103    28.9021 0.0000e+00
    149.000    15.7356     0.2231    98.1625 1.0000e-12 3.4580e+00    207.374    15.7116    39.0091    28.9030 0.0000e+00
    150.000    15.7271     0.2054    98.1636 1.0000e-12 3.4586e+00    207.914    15.7030    39.0074    28.9037 0.0000e+00
    151.000    15.7259     0.2054    98.1620 1.0000e-12 1.9599e+00    207.488    15.7016    39.0077    28.9043 0.0000e+00
    152.000    15.7203     0.2047    98.1823 1.0000e-12 2.0740e+00    207.743    15.6958    39.0070    28.9051 0.0000e+00
    153.000    15.7072     0.1981    98.1773 1.0000e-12 2.5447e+00    207.728    15.6826    39.0048    28.9065 0.0000e+00
    154.000    15.7014     0.2048    98.1747 1.0000e-12 3.3529e+00    207.442    15.6766    39.0053    28.9082 0.0000e+00
    155.000    15.7005     0.1982    98.1795 1.0000e-12 3.1507e+00    207.242    15.6756    39.0056    28.9087 0.0000e+00
    156.000    15.6999     0.2004    98.1642 1.0000e-12 3.4998e+00    207.358    15.6748    39.0069    28.9099 0.0000e+00
    157.000    15.7090     0.2056    98.1587 1.0000e-12 2.2172e+00    207.448    15.6837    39.0129    28.9125 0.0000e+00
    158.000    15.7127     0.2042    98.1756 1.0000e-12 2.8790e+00    207.291    15.6872    39.0147    28.9130 0.0000e+00
    159.000    15.7206     0.2003    98.1825 1.0000e-12 1.7343e+00    207.537    15.6950    39.0176    28.9135 0.0000e+00
    160.000    15.7279     0.2038    98.1808 1.0000e-12 2.0039e+00    208.000    15.7021    39.0211    28.9145 0.0000e+00
    161.000    15.7512     0.2048    98.1604 1.0000e-12 4.1276e+00    208.254    15.7252    39.0318    28.9173 0.0000e+00
    162.000    15.7612     0.2101    98.1673 1.0000e-12 3.2270e+00    208.172    15.7351    39.0365    28.9187 0.0000e+00
    163.000    15.7714     0.2091    98.1766 1.0000e-12 3.9947e+00    207.763    15.7451    39.0407    28.9195 0.0000e+00
    164.000    15.7775     0.2151    98.1817 1.0000e-12 3.1051e+00    207.613    15.7511    39.0433    28.9202 0.0000e+00
    165.000    15.7781     0.2180    98.1933 1.0000e-12 1.9908e+00    207.915    15.7515    39.0443    28.9208 0.0000e+00
    166.000    15.7783     0.2103    98.1988 1.0000e-12 3.9220e+00    207.914    15.7515    39.0451    28.9214 0.0000e+00
    167.000    15.7728     0.2080    98.2069 1.0000e-12 3.1227e+00    207.884    15.7458    39.0469    28.9242 0.0000e+00
    168.000    15.7695     0.2111    98.2255 1.0000e-12 2.3607e+00    207.779    15.7424    39.0475    28.9255 0.0000e+00
    169.000    15.7689     0.2033    98.2057 1.0000e-12 2.6632e+00    207.069    15.7416    39.0475    28.9256 0.0000e+00
    170.000    15.7676     0.2019    98.2108 1.0000e-12 4.0745e+00    207.296    15.7402    39.0474    28.9259 0.0000e+00
    171.000    15.7662     0.2097    98.2283 -9.990e-29 2.1471e+00    207.577    15.7386    39.0475    28.9263 0.0000e+00
    172.000    15.7604     0.2050    98.2157 1.0000e-12 3.2080e+00    207.345    15.7326    39.0474    28.9277 0.0000e+00
    173.000    15.7499     0.2038    98.2469 1.0000e-12 3.7822e+00    207.271    15.7219    39.0474    28.9301 0.0000e+00
    174.000    15.7453     0.2010    98.2516 1.0000e-12 3.3605e+00    207.292    15.7172    39.0473    28.9312 0.0000e+00
    175.000    15.7429     0.2011    98.2601 1.0000e-12 3.3526e+00    207.459    15.7147    39.0473    28.9318 0.0000e+00
    176.000    15.7337     0.2003    98.2475 1.0000e-12 4.0944e+00    207.057    15.7053    39.0470    28.9337 0.0000e+00
    177.000    15.7297     0.1979    98.2428 1.0000e-12 2.8113e+00    207.470    15.7012    39.0470    28.9347 0.0000e+00
    178.000    15.7226     0.1998    98.2522 1.0000e-12 4.4497e+00    206.478    15.6939    39.0461    28.9357 0.0000e+00
    179.000    15.7087     0.2014    98.2672 1.0000e-12 2.3307e+00    205.900    15.6798    39.0437    28.9371 0.0000e+00
    180.000    15.6862     0.2024    98.2574 1.0000e-12 3.5886e+00    205.371    15.6572    39.0383    28.9382 0.0000e+00
    181.000    15.6646     0.2039    98.2785 1.0000e-12 3.1866e+00    205.000    15.6355    39.0336    28.9397 0.0000e+00
    182.000    15.6620     0.2027    98.2804 1.0000e-12 4.4599e+00    205.218    15.6328    39.0328    28.9397 0.0000e+00
    183.000    15.6561     0.2025    98.2859 1.0000e-12 2.7875e+00    205.275    15.6267    39.0318    28.9403 0.0000e+00
    184.000    15.6455     0.1999    98.2944 1.0000e-12 3.1488e+00    204.768    15.6159    39.0299    28.9414 0.0000e+00
    185.000    15.6383     0.1949    98.2875 1.0000e-12 4.9921e+00    204.937    15.6086    39.0292    28.9425 0.0000e+00
    186.000    15.6336     0.1923    98.2965 1.0000e-12 3.6107e+00    204.257    15.6037    39.0280    28.9427 0.0000e+00
    187.000    15.6160     0.1971    98.3029 1.0000e-12 2.4395e+00    203.993    15.5859    39.0237    28.9436 0.0000e+00
    188.000    15.6112     0.1910    98.3028 1.0000e-12 2.2273e+00    203.511    15.5810    39.0226    28.9439 0.0000e+00
    189.000    15.6038     0.1972    98.3024 1.0000e-12 2.2351e+00    203.890    15.5735    39.0211    28.9444 0.0000e+00
    190.000    15.5817     0.1938    98.3148 1.0000e-12 3.9784e+00    203.424    15.5512    39.0167    28.9462 0.0000e+00
    191.000    15.5729     0.1958    98.3170 1.0000e-12 3.3976e+00    203.381    15.5423    39.0157    28.9475 0.0000e+00
    192.000    15.5713     0.1901    98.3154 1.0000e-12 3.6615e+00    203.138    15.5405    39.0161    28.9482 0.0000e+00
    193.000    15.5677     0.1890    98.2852 1.0000e-12 3.2878e+00    202.870    15.5368    39.0157    28.9487 0.0000e+00
    194.000    15.5627     0.1959    98.3114 1.0000e-12 4.0522e+00    202.945    15.5316    39.0148    28.9492 0.0000e+00
    195.000    15.5597     0.1899    98.2740 1.0000e-12 2.7930e+00    202.909    15.5284    39.0144    28.9497 0.0000e+00
    196.000    15.5577     0.1853    98.3146 1.0000e-12 3.3496e+00    202.844    15.5263    39.0148    28.9505 0.0000e+00
    197.000    15.5534     0.1956    98.3131 -9.990e-29 4.3283e+00    202.493    15.5219    39.0150    28.9517 0.0000e+00
    198.000    15.5480     0.1903    98.3104 1.0000e-12 3.0886e+00    202.746    15.5163    39.0154    28.9533 0.0000e+00
    199.000    15.5291     0.1909    98.3029 1.0000e-12 2.7422e+00    202.321    15.4973    39.0128    28.9557 0.0000e+00
    200.000    15.5183     0.1841    98.3029 1.0000e-12 3.1077e+00    202.092    15.4863    39.0118    28.9575 0.0000e+00
    201.000    15.5134     0.1855    98.3198 1.0000e-12 2.5383e+00    201.663    15.4812    39.0111    28.9581 0.0000e+00
    202.000    15.5091     0.1878    98.2983 1.0000e-12 2.8980e+00    201.710    15.4768    39.0104    28.9586 0.0000e+00
    203.000    15.5081     0.1909    98.2932 1.0000e-12 2.8446e+00    201.392    15.4756    39.0102    28.9587 0.0000e+00
    204.000    15.5088     0.1843    98.3209 1.0000e-12 3.3207e+00    201.753    15.4762    39.0107    28.9589 0.0000e+00
    205.000    15.5228     0.1875    98.3031 1.0000e-12 2.7817e+00    201.744    15.4900    39.0168    28.9605 0.0000e+00
    206.000    15.5282     0.1845    98.3032 1.0000e-12 1.7914e+00    201.513    15.4953    39.0194    28.9613 0.0000e+00
    207.000    15.5347     0.1832    98.3222 1.0000e-12 2.0503e+00    201.787    15.5016    39.0226    28.9622 0.0000e+00
    208.000    15.5466     0.1898    98.3138 1.0000e-12 3.1223e+00    201.381    15.5133    39.0281    28.9638 0.0000e+00
    209.000    15.5525     0.1875    98.3227 1.0000e-12 4.0607e+00    200.937    15.5190    39.0302    28.9641 0.0000e+00
    210.000    15.5517     0.1868    98.3165 1.0000e-12 2.0329e+00    200.646    15.5181    39.0301    28.9642 0.0000e+00
    211.000    15.5486     0.1866    98.3137 1.0000e-12 2.6967e+00    200.910    15.5148    39.0296    28.9646 0.0000e+00
    212.000    15.5375     0.1834    98.3073 1.0000e-12 2.7765e+00    200.906    15.5035    39.0275    28.9656 0.0000e+00
    213.000    15.5335     0.1835    98.3028 1.0000e-12 3.1775e+00    200.874    15.4993    39.0281    28.9670 0.0000e+00
    214.000    15.5357     0.1830    98.2739 1.0000e-12 3.1498e+00    201.134    15.5014    39.0299    28.9679 0.0000e+00
    215.000    15.5295     0.1882    98.3114 1.0000e-12 2.4722e+00    201.047    15.4951    39.0288    28.9685 0.0000e+00
    216.000    15.5160     0.1828    98.3111 1.0000e-12 3.2479e+00    200.491    15.4814    39.0254    28.9691 0.0000e+00
    217.000    15.5199     0.1817    98.2987 1.0000e-12 4.0487e+00    200.681    15.4852    39.0278    28.9700 0.0000e+00
    218.000    15.5260     0.1840    98.3170 1.0000e-12 2.3920e+00    201.165    15.4911    39.0301    28.9705 0.0000e+00
    219.000    15.5266     0.1862    98.2856 1.0000e-12 2.3864e+00    200.588    15.4916    39.0312    28.9712 0.0000e+00
    220.000    15.5260     0.1896    98.2916 1.0000e-12 3.7973e+00    200.644    15.4907    39.0315    28.9716 0.0000e+00
    221.000    15.5236     0.1810    98.3261 1.0000e-12 1.5080e+00    200.793    15.4882    39.0316    28.9723 0.0000e+00
    222.000    15.5216     0.1836    98.3139 1.0000e-12 2.5330e+00    200.759    15.4861    39.0317    28.9728 0.0000e+00
    223.000    15.5202     0.1817    98.3136 1.0000e-12 3.7409e+00    200.359    15.4845    39.0317    28.9732 0.0000e+00
    224.000    15.5182     0.1782    98.3181 -9.990e-29 3.2526e+00    200.386    15.4824    39.0315    28.9736 0.0000e+00
    225.000    15.5020     0.1805    98.3159 1.0000e-12 3.4582e+00    199.274    15.4660    39.0287    28.9752 0.0000e+00
    226.000    15.4860     0.1860    98.3170 1.0000e-12 3.5277e+00    199.034    15.4499    39.0252    28.9762 0.0000e+00
    227.000    15.4514     0.1832    98.3182 1.0000e-12 2.8986e+00    197.637    15.4152    39.0184    28.9789 0.0000e+00
    228.000    15.4266     0.1770    98.3234 -9.990e-29 3.1192e+00    197.477    15.3902    39.0140    28.9813 0.0000e+00
    229.000    15.4195     0.1820    98.3248 1.0000e-12 4.9227e+00    198.002    15.3830    39.0127    28.9820 0.0000e+00
    230.000    15.4153     0.1828    98.3219 1.0000e-12 3.4519e+00    197.363    15.3786    39.0117    28.9822 0.0000e+00
    231.000    15.3984     0.1860    98.3219 1.0000e-12 3.1159e+00    196.637    15.3616    39.0081    28.9834 0.0000e+00
    232.000    15.3866     0.1851    98.3259 1.0000e-12 3.4227e+00    196.809    15.3497    39.0058    28.9843 0.0000e+00
    233.000    15.3852     0.1853    98.3192 1.0000e-12 1.5885e+00    196.532    15.3481    39.0055    28.9845 0.0000e+00
    234.000    15.3838     0.1849    98.3087 1.0000e-12 3.4659e+00    196.532    15.3466    39.0057    28.9850 0.0000e+00
    235.000    15.3818     0.1912    98.3292 1.0000e-12 2.7669e+00    196.373    15.3443    39.0076    28.9869 0.0000e+00
    236.000    15.3765     0.1858    98.3282 1.0000e-12 3.0865e+00    196.075    15.3390    39.0074    28.9880 0.0000e+00
    237.000    15.3720     0.1884    98.3231 1.0000e-12 3.5276e+00    195.993    15.3343    39.0066    28.9885 0.0000e+00
    238.000    15.3664     0.1838    98.3203 1.0000e-12 3.2540e+00    195.920    15.3286    39.0056    28.9890 0.0000e+00
    239.000    15.3596     0.1872    98.3387 1.0000e-12 2.4878e+00    196.361    15.3216    39.0044    28.9897 0.0000e+00
    240.000    15.3512     0.1856    98.3319 1.0000e-12 2.5947e+00    196.127    15.3131    39.0028    28.9905 0.0000e+00
    241.000    15.3484     0.1816    98.3371 1.0000e-12 2.6755e+00    197.059    15.3101    39.0027    28.9910 0.0000e+00
    242.000    15.3668     0.1821    98.3253 1.0000e-12 2.4892e+00    197.713    15.3282    39.0101    28.9926 0.0000e+00
    243.000    15.3836     0.1828    98.3441 1.0000e-12 2.0062e+00    198.448    15.3449    39.0158    28.9932 0.0000e+00
    244.000    15.3969     0.1875    98.3239 1.0000e-12 2.2230e+00    198.848    15.3581    39.0213    28.9944 0.0000e+00
    245.000    15.4188     0.1840    98.3220 1.0000e-12 3.2734e+00    199.560    15.3798    39.0299    28.9960 0.0000e+00
    246.000    15.4206     0.1836    98.3316 1.0000e-12 2.6774e+00    199.174    15.3813    39.0307    28.9963 0.0000e+00
    247.000    15.4307     0.1848    98.3136 1.0000e-12 2.2798e+00    199.883    15.3912    39.0353    28.9975 0.0000e+00
    248.000    15.4268     0.1806    98.3333 1.0000e-12 3.2864e+00    199.392    15.3872    39.0349    28.9981 0.0000e+00
    249.000    15.4187     0.1840    98.3375 1.0000e-12 3.4932e+00    198.829    15.3789    39.0327    28.9983 0.0000e+00
    250.000    15.4157     0.1837    98.3030 1.0000e-12 3.3193e+00    198.799    15.3758    39.0320    28.9986 0.0000e+00
    251.000    15.4250     0.1840    98.3300 1.0000e-12 3.5218e+00    199.313    15.3850    39.0366    29.0000 0.0000e+00
    252.000    15.4320     0.1831    98.3273 1.0000e-12 2.7347e+00    199.049    15.3917    39.0415    29.0022 0.0000e+00
    253.000    15.4266     0.1860    98.3336 1.0000e-12 3.0075e+00    199.020    15.3862    39.0417    29.0036 0.0000e+00
    254.000    15.4225     0.1769    98.3218 -9.990e-29 2.8862e+00    198.883    15.3820    39.0412    29.0042 0.0000e+00
    255.000    15.4201     0.1806    98.3231 1.0000e-12 2.0721e+00    198.815    15.3794    39.0409    29.0046 0.0000e+00
    256.000    15.4119     0.1839    98.3242 1.0000e-12 2.3181e+00    198.014    15.3711    39.0393    29.0053 0.0000e+00
    257.000    15.4022     0.1818    98.3234 1.0000e-12 2.5535e+00    198.203    15.3613    39.0376    29.0062 0.0000e+00
    258.000    15.3948     0.1881    98.3385 1.0000e-12 3.3909e+00    198.256    15.3536    39.0365    29.0071 0.0000e+00
    259.000    15.3920     0.1793    98.3173 1.0000e-12 2.0822e+00    198.593    15.3508    39.0362    29.0076 0.0000e+00
    260.000    15.3911     0.1801    98.3165 -9.990e-29 2.4737e+00    198.314    15.3496    39.0362    29.0078 0.0000e+00
    261.000    15.3897     0.1841    98.3181 1.0000e-12 3.5852e+00    198.178    15.3481    39.0360    29.0080 0.0000e+00
    262.000    15.3885     0.1797    98.3263 1.0000e-12 4.7467e+00    197.981    15.3468    39.0359    29.0083 0.0000e+00
