Data/ruptures/PEACETIME/ION/PEACETIME_ION_CTD_042.cnv
* Sea-Bird SBE 9 Data File:
* FileName = C:\CTD\rawCTD\PEACETIME_ION_CTD_042.hdr
* Software Version Seasave V 7.23.2
* Temperature SN = 1378
* Conductivity SN = 2929
* Number of Bytes Per Scan = 38
* Number of Voltage Words = 5
* Number of Scans Averaged by the Deck Unit = 1
* NMEA Latitude = 35 29.35 N
* NMEA Longitude = 019 46.59 E
* NMEA UTC (Time) = May 26 2017  12:29:32
* NMEA baud rate = 4800
** Cruise:   PEACETIME
** Station:   ION_CTD_042
# nquan = 11
# nvalues = 501                         
# units = specified
# name 0 = prDM: Pressure, Digiquartz [db]
# name 1 = t090C: Temperature [ITS-90, deg C]
# name 2 = flC: Fluorescence, Chelsea Aqua 3 Chl Con [ug/l]
# name 3 = CStarTr0: Beam Transmission, WET Labs C-Star [%]
# name 4 = par: PAR/Irradiance, Biospherical/Licor
# name 5 = spar: SPAR/Surface Irradiance
# name 6 = sbeox0Mm/Kg: Oxygen, SBE 43 [umol/kg]
# name 7 = potemp090C: Potential Temperature [ITS-90, deg C]
# name 8 = sal00: Salinity, Practical [PSU]
# name 9 = sigma-é00: Density [sigma-theta, kg/m^3]
# name 10 = flag:
# span 0 =      2.000,    502.000       
# span 1 =    14.3666,    20.9377       
# span 2 =     0.1637,     0.3709       
# span 3 =    95.9231,    98.4360       
# span 4 = -4.460e-05, 4.0673e+02       
# span 5 = 1.3676e+03, 2.9056e+03       
# span 6 =    171.878,    231.239       
# span 7 =    14.2896,    20.9373       
# span 8 =    38.9044,    39.0526       
# span 9 =    27.5507,    29.1447       
# span 10 = 0.0000e+00, 0.0000e+00      
# interval = decibars: 1                
# start_time = May 26 2017 12:32:08 [NMEA time, first data scan]
# bad_flag = -9.990e-29
*END*
[from data line 263]
    265.000    15.3221     0.1748    98.3678 2.0527e-02 2.7358e+03    195.513    15.2800    39.0110    29.0044 0.0000e+00
    266.000    15.3227     0.1715    98.3540 1.7546e-02 2.7127e+03    195.819    15.2804    39.0111    29.0044 0.0000e+00
    267.000    15.3234     0.1662    98.3667 1.6793e-02 2.7190e+03    196.123    15.2810    39.0116    29.0046 0.0000e+00
    268.000    15.3424     0.1710    98.3594 1.9428e-02 2.7212e+03    196.540    15.2998    39.0216    29.0080 0.0000e+00
    269.000    15.3737     0.1692    98.3566 1.8846e-02 2.6987e+03    196.771    15.3308    39.0354    29.0115 0.0000e+00
    270.000    15.3751     0.1670    98.3651 1.7734e-02 2.6483e+03    197.305    15.3320    39.0357    29.0115 0.0000e+00
    271.000    15.3784     0.1638    98.3621 1.6068e-02 2.6656e+03    197.420    15.3352    39.0370    29.0118 0.0000e+00
    272.000    15.3842     0.1672    98.3570 1.5802e-02 2.7401e+03    197.286    15.3409    39.0393    29.0122 0.0000e+00
    273.000    15.3862     0.1720    98.3464 1.5661e-02 2.7939e+03    197.405    15.3427    39.0404    29.0126 0.0000e+00
    274.000    15.3877     0.1798    98.3482 1.3341e-02 2.8347e+03    197.381    15.3440    39.0414    29.0131 0.0000e+00
    275.000    15.3871     0.1711    98.3548 1.1367e-02 2.8422e+03    196.778    15.3433    39.0419    29.0137 0.0000e+00
    276.000    15.3807     0.1698    98.3570 1.3712e-02 2.8553e+03    196.397    15.3367    39.0411    29.0145 0.0000e+00
    277.000    15.3747     0.1732    98.3547 1.2654e-02 2.8455e+03    196.329    15.3305    39.0402    29.0153 0.0000e+00
    278.000    15.3694     0.1749    98.3589 1.3537e-02 2.8156e+03    195.161    15.3251    39.0391    29.0157 0.0000e+00
    279.000    15.3631     0.1731    98.3650 1.1726e-02 2.8050e+03    195.837    15.3186    39.0381    29.0164 0.0000e+00
    280.000    15.3595     0.1766    98.3584 1.0526e-02 2.8130e+03    196.476    15.3149    39.0376    29.0169 0.0000e+00
    281.000    15.3545     0.1777    98.3669 1.0048e-02 2.8220e+03    196.044    15.3098    39.0366    29.0173 0.0000e+00
    282.000    15.3509     0.1777    98.3514 8.8823e-03 2.8298e+03    195.569    15.3060    39.0362    29.0178 0.0000e+00
    283.000    15.3479     0.1764    98.3520 1.0313e-02 2.8343e+03    195.327    15.3029    39.0359    29.0184 0.0000e+00
    284.000    15.3447     0.1761    98.3409 9.6684e-03 2.8346e+03    194.895    15.2995    39.0353    29.0187 0.0000e+00
    285.000    15.3358     0.1763    98.3582 1.2651e-02 2.8405e+03    194.805    15.2904    39.0334    29.0193 0.0000e+00
    286.000    15.3264     0.1761    98.3566 1.1132e-02 2.8385e+03    195.197    15.2809    39.0322    29.0205 0.0000e+00
    287.000    15.3203     0.1715    98.3528 9.8835e-03 2.8403e+03    194.843    15.2747    39.0313    29.0213 0.0000e+00
    288.000    15.3193     0.1718    98.3453 8.0235e-03 2.8448e+03    195.440    15.2735    39.0312    29.0215 0.0000e+00
    289.000    15.3181     0.1751    98.3499 7.8086e-03 2.8435e+03    195.511    15.2722    39.0310    29.0216 0.0000e+00
    290.000    15.3097     0.1721    98.3581 8.0459e-03 2.8413e+03    195.244    15.2636    39.0296    29.0225 0.0000e+00
    291.000    15.3032     0.1700    98.3588 5.5829e-03 2.8392e+03    195.266    15.2570    39.0290    29.0236 0.0000e+00
    292.000    15.3006     0.1738    98.3508 6.9953e-03 2.8415e+03    195.542    15.2542    39.0287    29.0239 0.0000e+00
    293.000    15.2938     0.1777    98.3585 6.5396e-03 2.8379e+03    194.986    15.2473    39.0286    29.0254 0.0000e+00
    294.000    15.2887     0.1781    98.3482 5.1923e-03 2.8101e+03    194.656    15.2420    39.0281    29.0263 0.0000e+00
    295.000    15.2807     0.1697    98.3501 2.0974e-03 2.7622e+03    194.855    15.2339    39.0278    29.0279 0.0000e+00
    296.000    15.2773     0.1683    98.3481 3.7871e-03 2.7390e+03    194.604    15.2303    39.0274    29.0284 0.0000e+00
    297.000    15.2734     0.1729    98.3334 4.4944e-03 2.7552e+03    194.659    15.2262    39.0276    29.0295 0.0000e+00
    298.000    15.2694     0.1714    98.3527 3.9147e-03 2.7645e+03    194.623    15.2221    39.0274    29.0303 0.0000e+00
    299.000    15.2655     0.1729    98.3535 4.2814e-03 2.7493e+03    194.060    15.2180    39.0270    29.0309 0.0000e+00
    300.000    15.2607     0.1746    98.3491 3.0970e-03 2.7173e+03    193.875    15.2131    39.0262    29.0315 0.0000e+00
    301.000    15.2554     0.1748    98.3464 2.8391e-03 2.6700e+03    193.430    15.2077    39.0260    29.0325 0.0000e+00
    302.000    15.2522     0.1735    98.3481 3.5563e-03 2.6510e+03    192.722    15.2043    39.0254    29.0328 0.0000e+00
    303.000    15.2385     0.1744    98.3472 3.5427e-03 2.6683e+03    192.836    15.1904    39.0236    29.0346 0.0000e+00
    304.000    15.2327     0.1747    98.3529 2.7801e-03 2.6381e+03    192.753    15.1845    39.0235    29.0359 0.0000e+00
    305.000    15.2210     0.1752    98.3542 7.9858e-04 2.5533e+03    191.889    15.1726    39.0223    29.0377 0.0000e+00
    306.000    15.2119     0.1673    98.3580 2.4904e-03 2.5322e+03    191.140    15.1634    39.0228    29.0401 0.0000e+00
    307.000    15.2133     0.1666    98.3499 3.4751e-03 2.5567e+03    190.941    15.1647    39.0243    29.0410 0.0000e+00
    308.000    15.2136     0.1705    98.3373 2.3004e-03 2.5292e+03    191.445    15.1649    39.0249    29.0415 0.0000e+00
    309.000    15.2123     0.1730    98.3097 1.3107e-03 2.5389e+03    191.244    15.1634    39.0250    29.0419 0.0000e+00
    310.000    15.2074     0.1745    98.3346 1.2675e-03 2.5833e+03    191.352    15.1584    39.0241    29.0423 0.0000e+00
    311.000    15.2032     0.1724    98.3541 5.9794e-04 2.5665e+03    190.778    15.1540    39.0233    29.0427 0.0000e+00
    312.000    15.1982     0.1706    98.3473 1.3828e-03 2.4907e+03    190.374    15.1488    39.0223    29.0431 0.0000e+00
    313.000    15.1910     0.1728    98.3418 2.5749e-03 2.4632e+03    190.344    15.1414    39.0216    29.0442 0.0000e+00
    314.000    15.1849     0.1699    98.3536 3.8736e-04 2.4793e+03    190.329    15.1353    39.0211    29.0453 0.0000e+00
    315.000    15.1789     0.1702    98.3311 4.8312e-04 2.4614e+03    189.654    15.1291    39.0204    29.0462 0.0000e+00
    316.000    15.1743     0.1762    98.3535 5.4122e-04 2.4806e+03    189.630    15.1243    39.0200    29.0469 0.0000e+00
    317.000    15.1691     0.1733    98.3067 2.5327e-04 2.5709e+03    189.240    15.1190    39.0193    29.0476 0.0000e+00
    318.000    15.1641     0.1668    98.3421 2.8762e-04 2.6826e+03    189.048    15.1138    39.0185    29.0482 0.0000e+00
    319.000    15.1493     0.1702    98.3473 4.3341e-04 2.7506e+03    189.148    15.0989    39.0166    29.0501 0.0000e+00
    320.000    15.1440     0.1681    98.3454 3.9587e-04 2.7650e+03    188.866    15.0935    39.0161    29.0510 0.0000e+00
    321.000    15.1400     0.1740    98.3390 2.2898e-05 2.7722e+03    188.486    15.0893    39.0153    29.0513 0.0000e+00
    322.000    15.1351     0.1695    98.3445 9.2060e-05 2.7887e+03    187.935    15.0843    39.0149    29.0521 0.0000e+00
    323.000    15.1241     0.1706    98.3327 -7.479e-07 2.7953e+03    187.821    15.0731    39.0134    29.0535 0.0000e+00
    324.000    15.1203     0.1731    98.3500 1.0000e-12 2.7929e+03    188.068    15.0692    39.0130    29.0541 0.0000e+00
    325.000    15.1192     0.1730    98.3522 9.7755e-04 2.7835e+03    188.676    15.0679    39.0129    29.0543 0.0000e+00
    326.000    15.1143     0.1731    98.3492 8.0962e-04 2.7592e+03    187.946    15.0629    39.0123    29.0550 0.0000e+00
    327.000    15.1080     0.1751    98.3479 1.5788e-03 2.7274e+03    187.019    15.0564    39.0114    29.0557 0.0000e+00
    328.000    15.0977     0.1768    98.3473 1.5598e-03 2.7216e+03    187.201    15.0459    39.0101    29.0572 0.0000e+00
    329.000    15.0959     0.1775    98.3389 4.2774e-04 2.6947e+03    187.731    15.0440    39.0099    29.0575 0.0000e+00
    330.000    15.0935     0.1772    98.3463 4.2137e-06 2.6363e+03    187.300    15.0414    39.0095    29.0577 0.0000e+00
    331.000    15.0876     0.1730    98.3394 1.1949e-04 2.6037e+03    186.997    15.0354    39.0088    29.0585 0.0000e+00
    332.000    15.0804     0.1720    98.3473 7.9899e-04 2.4636e+03    187.068    15.0280    39.0078    29.0594 0.0000e+00
    333.000    15.0747     0.1753    98.3493 5.3031e-04 2.2232e+03    186.847    15.0223    39.0071    29.0602 0.0000e+00
    334.000    15.0678     0.1778    98.3510 1.7753e-04 2.0280e+03    186.334    15.0152    39.0059    29.0609 0.0000e+00
    335.000    15.0603     0.1763    98.3526 7.7817e-04 1.9423e+03    186.166    15.0075    39.0048    29.0618 0.0000e+00
    336.000    15.0548     0.1731    98.3603 9.2701e-04 1.9090e+03    186.195    15.0019    39.0040    29.0625 0.0000e+00
    337.000    15.0519     0.1738    98.3594 1.2429e-05 1.8907e+03    185.384    14.9989    39.0037    29.0629 0.0000e+00
    338.000    15.0450     0.1784    98.3456 5.7241e-06 1.9114e+03    184.859    14.9918    39.0025    29.0636 0.0000e+00
    339.000    15.0418     0.1867    98.3352 2.1449e-06 1.9197e+03    185.339    14.9884    39.0023    29.0642 0.0000e+00
    340.000    15.0388     0.1778    98.3624 -1.954e-08 1.9077e+03    185.207    14.9853    39.0019    29.0646 0.0000e+00
    341.000    15.0359     0.1762    98.3624 -9.990e-29 1.9082e+03    184.844    14.9822    39.0016    29.0650 0.0000e+00
    342.000    15.0317     0.1741    98.3588 -9.990e-29 1.8914e+03    184.918    14.9779    39.0011    29.0656 0.0000e+00
    343.000    15.0276     0.1751    98.3612 1.0000e-12 1.8298e+03    185.241    14.9737    39.0007    29.0663 0.0000e+00
    344.000    15.0212     0.1801    98.3474 1.0000e-12 1.7561e+03    185.467    14.9671    38.9997    29.0670 0.0000e+00
    345.000    15.0147     0.1803    98.3264 4.2473e-06 1.7291e+03    185.088    14.9604    38.9983    29.0675 0.0000e+00
    346.000    15.0038     0.1792    98.3577 3.4083e-08 1.7463e+03    184.352    14.9494    38.9961    29.0682 0.0000e+00
    347.000    14.9821     0.1765    98.3676 1.0000e-12 1.7721e+03    183.930    14.9276    38.9926    29.0704 0.0000e+00
    348.000    14.9721     0.1717    98.3668 -9.990e-29 1.8155e+03    184.013    14.9175    38.9907    29.0713 0.0000e+00
    349.000    14.9614     0.1754    98.3787 -9.990e-29 1.8020e+03    183.737    14.9067    38.9882    29.0718 0.0000e+00
    350.000    14.9451     0.1768    98.3887 5.5849e-05 1.7686e+03    183.234    14.8902    38.9855    29.0735 0.0000e+00
    351.000    14.9371     0.1768    98.3928 3.7536e-07 1.7949e+03    182.979    14.8821    38.9842    29.0743 0.0000e+00
    352.000    14.9312     0.1744    98.3983 1.0000e-12 1.8007e+03    183.351    14.8760    38.9836    29.0752 0.0000e+00
    353.000    14.9269     0.1694    98.3822 2.3258e-06 1.7171e+03    182.809    14.8716    38.9828    29.0756 0.0000e+00
    354.000    14.9178     0.1667    98.3973 9.5166e-06 1.6489e+03    182.797    14.8623    38.9814    29.0766 0.0000e+00
    355.000    14.9123     0.1679    98.3956 2.5379e-05 1.6304e+03    182.680    14.8567    38.9804    29.0771 0.0000e+00
    356.000    14.9103     0.1677    98.4129 9.3943e-08 1.6044e+03    182.521    14.8545    38.9801    29.0773 0.0000e+00
    357.000    14.9064     0.1705    98.4132 1.0000e-12 1.5883e+03    182.603    14.8505    38.9794    29.0777 0.0000e+00
    358.000    14.9000     0.1717    98.4142 -9.990e-29 1.5771e+03    182.852    14.8440    38.9787    29.0786 0.0000e+00
    359.000    14.8930     0.1707    98.4120 -9.990e-29 1.5780e+03    182.564    14.8369    38.9778    29.0795 0.0000e+00
    360.000    14.8875     0.1719    98.4086 -9.990e-29 1.5774e+03    182.009    14.8312    38.9770    29.0802 0.0000e+00
    361.000    14.8806     0.1698    98.3985 1.7299e-04 1.5807e+03    182.049    14.8241    38.9760    29.0810 0.0000e+00
    362.000    14.8741     0.1747    98.4140 2.2721e-06 1.5853e+03    182.491    14.8176    38.9750    29.0817 0.0000e+00
    363.000    14.8680     0.1769    98.4126 2.1030e-04 1.6025e+03    181.892    14.8113    38.9742    29.0825 0.0000e+00
    364.000    14.8619     0.1694    98.4129 6.8332e-04 1.6379e+03    181.413    14.8051    38.9730    29.0830 0.0000e+00
    365.000    14.8508     0.1665    98.3977 4.2796e-05 1.6629e+03    181.226    14.7938    38.9714    29.0843 0.0000e+00
    366.000    14.8413     0.1738    98.4093 6.4134e-07 1.6583e+03    181.587    14.7841    38.9701    29.0854 0.0000e+00
    367.000    14.8375     0.1762    98.4172 2.0264e-05 1.6435e+03    181.683    14.7803    38.9695    29.0859 0.0000e+00
    368.000    14.8342     0.1734    98.3999 -2.295e-07 1.6831e+03    181.149    14.7768    38.9692    29.0864 0.0000e+00
    369.000    14.8297     0.1744    98.4172 6.0996e-04 1.8092e+03    181.465    14.7722    38.9685    29.0869 0.0000e+00
    370.000    14.8260     0.1698    98.4197 2.2948e-04 1.9674e+03    181.291    14.7683    38.9679    29.0873 0.0000e+00
    371.000    14.8188     0.1690    98.4184 9.5462e-04 2.1361e+03    181.246    14.7609    38.9669    29.0881 0.0000e+00
    372.000    14.8102     0.1699    98.4216 3.3645e-04 2.2936e+03    180.979    14.7522    38.9658    29.0893 0.0000e+00
    373.000    14.7931     0.1717    98.4216 1.1708e-04 2.3582e+03    180.266    14.7350    38.9632    29.0911 0.0000e+00
    374.000    14.7834     0.1742    98.4216 4.7167e-04 2.2801e+03    180.686    14.7251    38.9616    29.0922 0.0000e+00
    375.000    14.7793     0.1759    98.4242 2.6142e-04 2.2300e+03    180.473    14.7210    38.9611    29.0927 0.0000e+00
    376.000    14.7740     0.1731    98.4091 2.6570e-04 2.2898e+03    180.312    14.7155    38.9606    29.0936 0.0000e+00
    377.000    14.7724     0.1715    98.4226 7.3459e-04 2.2884e+03    180.489    14.7137    38.9604    29.0938 0.0000e+00
    378.000    14.7715     0.1725    98.4235 3.0291e-04 2.1344e+03    180.633    14.7126    38.9605    29.0941 0.0000e+00
    379.000    14.7702     0.1762    98.4060 -9.990e-29 1.9614e+03    180.561    14.7112    38.9603    29.0943 0.0000e+00
    380.000    14.7658     0.1726    98.4166 -9.990e-29 1.9914e+03    179.717    14.7066    38.9598    29.0949 0.0000e+00
    381.000    14.7611     0.1695    98.3945 -9.990e-29 2.0718e+03    180.041    14.7018    38.9593    29.0956 0.0000e+00
    382.000    14.7498     0.1687    98.4023 -9.990e-29 2.1016e+03    179.906    14.6904    38.9579    29.0971 0.0000e+00
    383.000    14.7403     0.1705    98.4148 -9.990e-29 2.0709e+03    179.731    14.6807    38.9575    29.0989 0.0000e+00
    384.000    14.7388     0.1706    98.4207 -9.990e-29 2.0226e+03    179.765    14.6791    38.9574    29.0992 0.0000e+00
    385.000    14.7383     0.1743    98.4123 4.5849e-05 1.9371e+03    179.614    14.6785    38.9576    29.0995 0.0000e+00
    386.000    14.7387     0.1713    98.4262 2.0524e-04 1.7755e+03    180.089    14.6787    38.9579    29.0997 0.0000e+00
    387.000    14.7374     0.1717    98.4165 1.1552e-04 1.6743e+03    179.864    14.6772    38.9582    29.1002 0.0000e+00
    388.000    14.7335     0.1744    98.4056 1.9026e-04 1.6508e+03    179.496    14.6731    38.9582    29.1011 0.0000e+00
    389.000    14.7296     0.1782    98.4235 1.8466e-06 1.6347e+03    179.134    14.6691    38.9581    29.1020 0.0000e+00
    390.000    14.7249     0.1715    98.4159 1.8663e-05 1.6402e+03    178.714    14.6643    38.9576    29.1027 0.0000e+00
    391.000    14.7226     0.1682    98.4199 7.2173e-06 1.6517e+03    179.062    14.6618    38.9574    29.1031 0.0000e+00
    392.000    14.7225     0.1678    98.4234 1.3513e-04 1.6744e+03    178.943    14.6616    38.9573    29.1030 0.0000e+00
    393.000    14.7203     0.1690    98.4235 1.6355e-05 1.7116e+03    178.585    14.6592    38.9571    29.1035 0.0000e+00
    394.000    14.7194     0.1689    98.4252 1.1868e-07 1.7196e+03    178.588    14.6581    38.9570    29.1036 0.0000e+00
