Data/ruptures/PEACETIME/ION/PEACETIME_ION_CTD_035.cnv
* Sea-Bird SBE 9 Data File:
* FileName = C:\CTD\rawCTD\PEACETIME_ION_CTD_035.hdr
* Software Version Seasave V 7.23.2
* Temperature SN = 1378
* Conductivity SN = 2929
* Number of Bytes Per Scan = 34
* Number of Voltage Words = 5
* Number of Scans Averaged by the Deck Unit = 1
* NMEA Latitude = 35 29.35 N
* NMEA Longitude = 019 46.57 E
* NMEA UTC (Time) = May 25 2017  02:20:25
* NMEA baud rate = 4800
** Cruise:   PEACETIME
** Station:   ION_CTD_035
# nquan = 11
# nvalues = 169                         
# units = specified
# name 0 = prDM: Pressure, Digiquartz [db]
# name 1 = t090C: Temperature [ITS-90, deg C]
# name 2 = flC: Fluorescence, Chelsea Aqua 3 Chl Con [ug/l]
# name 3 = CStarTr0: Beam Transmission, WET Labs C-Star [%]
# name 4 = par: PAR/Irradiance, Biospherical/Licor
# name 5 = spar: SPAR/Surface Irradiance
# name 6 = sbeox0Mm/Kg: Oxygen, SBE 43 [umol/kg]
# name 7 = potemp090C: Potential Temperature [ITS-90, deg C]
# name 8 = sal00: Salinity, Practical [PSU]
# name 9 = sigma-é00: Density [sigma-theta, kg/m^3]
# name 10 = flag:
# span 0 =      3.000,    171.000       
# span 1 =    15.6663,    20.6078       
# span 2 =     0.1899,     0.3540       
# span 3 =    96.5542,    98.2165       
# span 4 = -7.640e-07, 1.1537e-01       
# span 5 = 1.3358e+00, 5.0490e+00       
# span 6 =    204.724,    229.611       
# span 7 =    15.6415,    20.6070       
# span 8 =    38.9807,    39.0596       
# span 9 =    27.6652,    28.9328       
# span 10 = 0.0000e+00, 0.0000e+00      
# interval = decibars: 1                
# start_time = May 25 2017 02:20:25 [NMEA time, header]
# bad_flag = -9.990e-29
*END*
[from data line 132]
    135.000    15.9244     0.2200    97.9946 1.0000e-12 2.5751e+00    208.807    15.9025    39.0596    28.8973 0.0000e+00
    136.000    15.9150     0.2177    98.0362 1.0000e-12 2.0802e+00    208.222    15.8929    39.0590    28.8990 0.0000e+00
    137.000    15.9041     0.2103    98.0523 1.0000e-12 2.3469e+00    208.109    15.8819    39.0571    28.9002 0.0000e+00
    138.000    15.8943     0.2158    98.0768 1.0000e-12 2.4380e+00    208.062    15.8719    39.0564    28.9019 0.0000e+00
    139.000    15.8901     0.2205    98.0785 1.0000e-12 3.7746e+00    208.324    15.8675    39.0553    28.9022 0.0000e+00
    140.000    15.8661     0.2155    98.1050 1.0000e-12 3.2517e+00    208.428    15.8434    39.0483    28.9024 0.0000e+00
    141.000    15.8292     0.2094    98.1363 1.0000e-12 3.8859e+00    209.244    15.8064    39.0408    28.9053 0.0000e+00
    142.000    15.8202     0.2124    98.1318 1.0000e-12 1.5359e+00    209.150    15.7973    39.0390    28.9061 0.0000e+00
    143.000    15.7999     0.2042    98.1376 1.0000e-12 4.1704e+00    208.721    15.7768    39.0342    28.9072 0.0000e+00
    144.000    15.7879     0.2019    98.1566 1.0000e-12 3.3799e+00    207.905    15.7647    39.0312    28.9077 0.0000e+00
    145.000    15.7728     0.2034    98.1457 1.0000e-12 3.0287e+00    207.598    15.7494    39.0279    28.9087 0.0000e+00
    146.000    15.7487     0.1957    98.1327 1.0000e-12 2.6686e+00    206.749    15.7251    39.0227    28.9103 0.0000e+00
    147.000    15.7170     0.2022    98.2165 1.0000e-12 2.2466e+00    206.386    15.6934    39.0166    28.9131 0.0000e+00
    148.000    15.7140     0.1978    98.1860 1.0000e-12 4.5942e+00    206.617    15.6901    39.0183    28.9151 0.0000e+00
    149.000    15.7205     0.1964    98.2014 1.0000e-12 3.4201e+00    206.940    15.6965    39.0226    28.9169 0.0000e+00
    150.000    15.7177     0.2044    98.1865 1.0000e-12 3.4317e+00    206.579    15.6936    39.0217    28.9170 0.0000e+00
    151.000    15.7029     0.1956    98.1904 1.0000e-12 3.4317e+00    206.702    15.6786    39.0177    28.9173 0.0000e+00
    152.000    15.6779     0.1917    98.1702 1.0000e-12 3.6117e+00    206.620    15.6534    39.0116    28.9185 0.0000e+00
    153.000    15.6664     0.1977    98.1600 1.0000e-12 4.0414e+00    205.994    15.6418    39.0093    28.9194 0.0000e+00
    154.000    15.6663     0.2008    98.1204 1.0000e-12 2.8879e+00    206.515    15.6415    39.0096    28.9197 0.0000e+00
    155.000    15.6727     0.2004    98.1318 1.0000e-12 3.0711e+00    206.532    15.6477    39.0139    28.9216 0.0000e+00
    156.000    15.6785     0.1988    98.1289 1.0000e-12 2.4395e+00    206.389    15.6534    39.0169    28.9226 0.0000e+00
    157.000    15.6804     0.1967    98.1491 1.0000e-12 2.7538e+00    206.176    15.6551    39.0179    28.9230 0.0000e+00
    158.000    15.6811     0.1924    98.1636 1.0000e-12 3.0772e+00    206.061    15.6556    39.0188    28.9235 0.0000e+00
    159.000    15.6829     0.1901    98.1744 1.0000e-12 4.0588e+00    205.815    15.6573    39.0199    28.9240 0.0000e+00
    160.000    15.6836     0.1931    98.1741 1.0000e-12 2.5151e+00    205.890    15.6578    39.0205    28.9243 0.0000e+00
    161.000    15.6843     0.1968    98.1440 1.0000e-12 2.8911e+00    206.028    15.6584    39.0211    28.9247 0.0000e+00
    162.000    15.6861     0.2010    98.1417 1.0000e-12 2.4571e+00    206.127    15.6600    39.0223    28.9252 0.0000e+00
    163.000    15.6861     0.1993    98.1660 1.0000e-12 3.6672e+00    205.580    15.6599    39.0234    28.9261 0.0000e+00
    164.000    15.6854     0.1940    98.1696 1.0000e-12 2.3150e+00    205.634    15.6590    39.0237    28.9266 0.0000e+00
    165.000    15.6851     0.1901    98.1759 1.0000e-12 2.9807e+00    205.510    15.6586    39.0238    28.9267 0.0000e+00
    166.000    15.6849     0.1899    98.1766 1.0000e-12 2.6623e+00    205.223    15.6582    39.0240    28.9269 0.0000e+00
    167.000    15.6847     0.1926    98.1485 1.0000e-12 3.4213e+00    205.305    15.6578    39.0243    28.9273 0.0000e+00
    168.000    15.6848     0.1933    98.1756 1.0000e-12 2.8318e+00    205.147    15.6578    39.0245    28.9275 0.0000e+00
    169.000    15.6853     0.1947    98.1613 1.0000e-12 3.3021e+00    205.095    15.6581    39.0275    28.9296 0.0000e+00
    170.000    15.6849     0.1932    98.1753 1.0000e-12 4.2064e+00    204.724    15.6576    39.0308    28.9323 0.0000e+00
    171.000    15.6853     0.1931    98.2033 1.0000e-12 1.9446e+00    204.832    15.6577    39.0314    28.9328 0.0000e+00
