Data/ruptures/PEACETIME/ION/PEACETIME_ION_CTD_046.cnv
* Sea-Bird SBE 9 Data File:
* FileName = C:\CTD\rawCTD\PEACETIME_ION_CTD_046.hdr
* Software Version Seasave V 7.23.2
* Temperature SN = 1378
* Conductivity SN = 2929
* Number of Bytes Per Scan = 38
* Number of Voltage Words = 5
* Number of Scans Averaged by the Deck Unit = 1
* NMEA Latitude = 35 29.35 N
* NMEA Longitude = 019 46.59 E
* NMEA UTC (Time) = May 27 2017  08:19:19
* NMEA baud rate = 4800
** Cruise:   PEACETIME
** Station:   ION_CTD_046
# nquan = 11
# nvalues = 3001                        
# units = specified
# name 0 = prDM: Pressure, Digiquartz [db]
# name 1 = t090C: Temperature [ITS-90, deg C]
# name 2 = flC: Fluorescence, Chelsea Aqua 3 Chl Con [ug/l]
# name 3 = CStarTr0: Beam Transmission, WET Labs C-Star [%]
# name 4 = par: PAR/Irradiance, Biospherical/Licor
# name 5 = spar: SPAR/Surface Irradiance
# name 6 = sbeox0Mm/Kg: Oxygen, SBE 43 [umol/kg]
# name 7 = potemp090C: Potential Temperature [ITS-90, deg C]
# name 8 = sal00: Salinity, Practical [PSU]
# name 9 = sigma-é00: Density [sigma-theta, kg/m^3]
# name 10 = flag:
# span 0 =      2.000,   3002.000       
# span 1 =    13.7810,    20.3500       
# span 2 =     0.1694,     0.3059       
# span 3 =    96.6426,    98.5628       
# span 4 = -2.424e-06, 1.3991e+03       
# span 5 = 8.3956e+02, 2.9729e+03       
# span 6 =    167.569,    229.788       
# span 7 =    13.4287,    20.3488       
# span 8 =    38.7332,    39.0653       
# span 9 =    27.7238,    29.1986       
# span 10 = 0.0000e+00, 0.0000e+00      
# interval = decibars: 1                
# start_time = May 27 2017 08:26:11 [NMEA time, first data scan]
# bad_flag = -9.990e-29
*END*
[from data line 2623]
   2625.000    13.8644     0.1791    98.5517 1.0000e-12 2.9293e+03    177.566    13.4458    38.7350    29.1961 0.0000e+00
   2626.000    13.8643     0.1825    98.5517 1.0000e-12 2.9363e+03    177.577    13.4456    38.7350    29.1962 0.0000e+00
   2627.000    13.8645     0.1795    98.5517 1.0000e-12 2.9485e+03    177.657    13.4457    38.7350    29.1961 0.0000e+00
   2628.000    13.8647     0.1789    98.5517 1.0000e-12 2.9558e+03    177.951    13.4456    38.7349    29.1961 0.0000e+00
   2629.000    13.8648     0.1854    98.5517 1.0000e-12 2.9488e+03    178.179    13.4456    38.7349    29.1961 0.0000e+00
   2630.000    13.8650     0.1877    98.5517 1.0000e-12 2.9126e+03    177.771    13.4456    38.7350    29.1961 0.0000e+00
   2631.000    13.8651     0.1867    98.5517 1.0000e-12 2.8603e+03    177.869    13.4456    38.7350    29.1962 0.0000e+00
   2632.000    13.8652     0.1813    98.5517 1.0000e-12 2.9389e+03    177.963    13.4454    38.7349    29.1962 0.0000e+00
   2633.000    13.8652     0.1776    98.5517 1.0000e-12 2.9525e+03    178.071    13.4453    38.7349    29.1962 0.0000e+00
   2634.000    13.8653     0.1817    98.5517 -9.990e-29 2.9651e+03    177.963    13.4452    38.7350    29.1963 0.0000e+00
   2635.000    13.8655     0.1802    98.5517 -9.990e-29 2.9620e+03    178.104    13.4452    38.7350    29.1963 0.0000e+00
   2636.000    13.8656     0.1795    98.5517 -9.990e-29 2.9196e+03    177.861    13.4452    38.7350    29.1963 0.0000e+00
   2637.000    13.8657     0.1822    98.5517 1.0000e-12 2.8583e+03    177.795    13.4451    38.7349    29.1962 0.0000e+00
   2638.000    13.8660     0.1823    98.5517 1.0000e-12 2.8283e+03    177.504    13.4453    38.7349    29.1962 0.0000e+00
   2639.000    13.8659     0.1804    98.5517 1.0000e-12 2.8099e+03    177.340    13.4450    38.7349    29.1963 0.0000e+00
   2640.000    13.8657     0.1822    98.5517 1.0000e-12 2.8417e+03    177.285    13.4446    38.7349    29.1963 0.0000e+00
   2641.000    13.8659     0.1821    98.5517 1.0000e-12 2.9438e+03    177.607    13.4446    38.7348    29.1962 0.0000e+00
   2642.000    13.8660     0.1815    98.5517 1.0000e-12 2.9461e+03    177.828    13.4446    38.7348    29.1962 0.0000e+00
   2643.000    13.8661     0.1808    98.5517 1.0000e-12 2.9563e+03    177.553    13.4444    38.7349    29.1963 0.0000e+00
   2644.000    13.8663     0.1855    98.5517 1.0000e-12 2.9729e+03    177.503    13.4445    38.7347    29.1962 0.0000e+00
   2645.000    13.8663     0.1864    98.5517 1.0000e-12 2.9712e+03    177.756    13.4444    38.7348    29.1963 0.0000e+00
   2646.000    13.8665     0.1825    98.5517 1.0000e-12 2.9499e+03    177.589    13.4444    38.7348    29.1962 0.0000e+00
   2647.000    13.8666     0.1798    98.5517 1.0000e-12 2.9475e+03    177.381    13.4443    38.7349    29.1964 0.0000e+00
   2648.000    13.8668     0.1821    98.5517 1.0000e-12 2.9352e+03    177.441    13.4443    38.7349    29.1964 0.0000e+00
   2649.000    13.8670     0.1785    98.5517 1.0000e-12 2.9117e+03    177.732    13.4443    38.7349    29.1964 0.0000e+00
   2650.000    13.8671     0.1795    98.5517 1.0000e-12 2.8370e+03    177.884    13.4443    38.7348    29.1963 0.0000e+00
   2651.000    13.8672     0.1814    98.5517 1.0000e-12 2.5644e+03    177.931    13.4442    38.7348    29.1963 0.0000e+00
   2652.000    13.8673     0.1790    98.5517 -9.990e-29 2.4173e+03    177.994    13.4441    38.7348    29.1963 0.0000e+00
   2653.000    13.8674     0.1844    98.5517 -9.990e-29 2.4307e+03    178.129    13.4440    38.7347    29.1963 0.0000e+00
   2654.000    13.8675     0.1811    98.5517 -9.990e-29 2.5785e+03    177.917    13.4439    38.7348    29.1964 0.0000e+00
   2655.000    13.8677     0.1765    98.5517 1.0000e-12 2.7238e+03    177.800    13.4440    38.7347    29.1963 0.0000e+00
   2656.000    13.8678     0.1745    98.5517 1.0000e-12 2.7702e+03    177.996    13.4440    38.7348    29.1964 0.0000e+00
   2657.000    13.8679     0.1793    98.5517 1.0000e-12 2.8287e+03    178.010    13.4439    38.7348    29.1964 0.0000e+00
   2658.000    13.8681     0.1792    98.5517 1.0000e-12 2.8804e+03    177.837    13.4439    38.7348    29.1964 0.0000e+00
   2659.000    13.8684     0.1734    98.5517 1.0000e-12 2.9179e+03    177.445    13.4440    38.7348    29.1964 0.0000e+00
   2660.000    13.8683     0.1745 -9.990e-29 1.0000e-12 2.9330e+03    177.738    13.4438    38.7348    29.1964 0.0000e+00
   2661.000    13.8684     0.1771 -9.990e-29 1.0000e-12 2.8620e+03    177.841    13.4437    38.7347    29.1964 0.0000e+00
   2662.000    13.8686     0.1801 -9.990e-29 1.0000e-12 2.5457e+03    177.740    13.4437    38.7348    29.1964 0.0000e+00
   2663.000    13.8687     0.1824    98.5517 1.0000e-12 2.2261e+03    177.651    13.4436    38.7347    29.1964 0.0000e+00
   2664.000    13.8688     0.1849    98.5517 1.0000e-12 2.0455e+03    177.702    13.4436    38.7347    29.1964 0.0000e+00
   2665.000    13.8689     0.1803    98.5517 1.0000e-12 1.7939e+03    177.668    13.4435    38.7349    29.1965 0.0000e+00
   2666.000    13.8691     0.1824    98.5517 1.0000e-12 1.5733e+03    177.698    13.4435    38.7348    29.1965 0.0000e+00
   2667.000    13.8693     0.1811 -9.990e-29 1.0000e-12 1.4586e+03    177.702    13.4435    38.7347    29.1963 0.0000e+00
   2668.000    13.8695     0.1842 -9.990e-29 1.0000e-12 1.4377e+03    177.808    13.4435    38.7348    29.1964 0.0000e+00
   2669.000    13.8696     0.1834 -9.990e-29 1.0000e-12 1.3618e+03    177.919    13.4435    38.7347    29.1964 0.0000e+00
   2670.000    13.8697     0.1818    98.5517 1.0000e-12 1.3015e+03    177.547    13.4434    38.7347    29.1964 0.0000e+00
   2671.000    13.8699     0.1815    98.5517 1.0000e-12 1.2629e+03    177.755    13.4434    38.7347    29.1964 0.0000e+00
   2672.000    13.8699     0.1776    98.5517 1.0000e-12 1.2344e+03    177.624    13.4432    38.7348    29.1965 0.0000e+00
   2673.000    13.8700     0.1820    98.5517 1.0000e-12 1.2230e+03    177.524    13.4432    38.7347    29.1965 0.0000e+00
   2674.000    13.8702     0.1822    98.5517 1.0000e-12 1.2168e+03    177.811    13.4432    38.7347    29.1965 0.0000e+00
   2675.000    13.8702     0.1831    98.5517 1.0000e-12 1.2057e+03    178.058    13.4431    38.7347    29.1965 0.0000e+00
   2676.000    13.8703     0.1818    98.5517 1.0000e-12 1.1979e+03    177.942    13.4430    38.7348    29.1966 0.0000e+00
   2677.000    13.8705     0.1869    98.5517 1.0000e-12 1.1875e+03    178.144    13.4430    38.7347    29.1965 0.0000e+00
   2678.000    13.8707     0.1863    98.5517 -9.990e-29 1.1816e+03    178.012    13.4430    38.7348    29.1966 0.0000e+00
   2679.000    13.8708     0.1838    98.5517 -9.990e-29 1.1770e+03    178.053    13.4429    38.7347    29.1965 0.0000e+00
   2680.000    13.8710     0.1843    98.5517 -9.990e-29 1.1699e+03    177.974    13.4429    38.7347    29.1965 0.0000e+00
   2681.000    13.8710     0.1801    98.5517 1.0000e-12 1.1614e+03    177.935    13.4428    38.7347    29.1965 0.0000e+00
   2682.000    13.8711     0.1869    98.5517 1.0000e-12 1.1618e+03    177.941    13.4427    38.7346    29.1964 0.0000e+00
   2683.000    13.8712     0.1843    98.5517 1.0000e-12 1.1562e+03    177.826    13.4426    38.7347    29.1966 0.0000e+00
   2684.000    13.8713     0.1856    98.5517 1.0000e-12 1.1492e+03    177.740    13.4426    38.7348    29.1966 0.0000e+00
   2685.000    13.8713     0.1807    98.5517 1.0000e-12 1.1484e+03    177.818    13.4424    38.7348    29.1967 0.0000e+00
   2686.000    13.8714     0.1790    98.5517 1.0000e-12 1.1418e+03    178.063    13.4424    38.7348    29.1967 0.0000e+00
   2687.000    13.8716     0.1766    98.5517 1.0000e-12 1.1374e+03    177.903    13.4424    38.7346    29.1966 0.0000e+00
   2688.000    13.8717     0.1773    98.5517 1.0000e-12 1.1341e+03    177.849    13.4423    38.7346    29.1965 0.0000e+00
   2689.000    13.8718     0.1816    98.5517 1.0000e-12 1.1355e+03    177.865    13.4422    38.7346    29.1966 0.0000e+00
   2690.000    13.8719     0.1826    98.5517 1.0000e-12 1.1336e+03    178.134    13.4422    38.7346    29.1966 0.0000e+00
   2691.000    13.8720     0.1844    98.5517 1.0000e-12 1.1290e+03    178.105    13.4421    38.7346    29.1966 0.0000e+00
   2692.000    13.8722     0.1840    98.5517 1.0000e-12 1.1256e+03    177.598    13.4421    38.7346    29.1966 0.0000e+00
   2693.000    13.8723     0.1787    98.5517 1.0000e-12 1.1202e+03    177.627    13.4420    38.7346    29.1966 0.0000e+00
   2694.000    13.8724     0.1822    98.5517 1.0000e-12 1.1160e+03    177.571    13.4420    38.7346    29.1967 0.0000e+00
   2695.000    13.8727     0.1796    98.5517 1.0000e-12 1.1195e+03    177.474    13.4420    38.7346    29.1966 0.0000e+00
   2696.000    13.8727     0.1791    98.5517 -9.990e-29 1.1138e+03    177.593    13.4419    38.7346    29.1967 0.0000e+00
   2697.000    13.8725     0.1833    98.5517 -9.990e-29 1.1143e+03    177.995    13.4415    38.7346    29.1967 0.0000e+00
   2698.000    13.8724     0.1819    98.5517 -9.990e-29 1.1109e+03    178.179    13.4413    38.7345    29.1967 0.0000e+00
   2699.000    13.8725     0.1768    98.5517 1.0000e-12 1.1058e+03    178.215    13.4412    38.7345    29.1967 0.0000e+00
   2700.000    13.8727     0.1742    98.5517 1.0000e-12 1.1071e+03    178.249    13.4412    38.7346    29.1968 0.0000e+00
   2701.000    13.8728     0.1780    98.5517 1.0000e-12 1.1028e+03    177.866    13.4412    38.7345    29.1967 0.0000e+00
   2702.000    13.8729     0.1854    98.5517 1.0000e-12 1.1005e+03    177.957    13.4411    38.7345    29.1967 0.0000e+00
   2703.000    13.8732     0.1851    98.5517 1.0000e-12 1.0951e+03    177.966    13.4412    38.7344    29.1966 0.0000e+00
   2704.000    13.8734     0.1824    98.5517 1.0000e-12 1.0930e+03    178.002    13.4412    38.7345    29.1967 0.0000e+00
   2705.000    13.8735     0.1782    98.5517 1.0000e-12 1.0872e+03    178.185    13.4412    38.7344    29.1967 0.0000e+00
   2706.000    13.8737     0.1771    98.5517 1.0000e-12 1.0847e+03    178.111    13.4411    38.7345    29.1967 0.0000e+00
   2707.000    13.8737     0.1757    98.5517 -9.990e-29 1.0803e+03    177.894    13.4410    38.7344    29.1967 0.0000e+00
   2708.000    13.8737     0.1763    98.5517 -9.990e-29 1.0759e+03    177.500    13.4408    38.7344    29.1967 0.0000e+00
   2709.000    13.8738     0.1813    98.5517 -9.990e-29 1.0747e+03    177.537    13.4408    38.7344    29.1967 0.0000e+00
   2710.000    13.8740     0.1864    98.5517 1.0000e-12 1.0731e+03    177.719    13.4407    38.7344    29.1968 0.0000e+00
   2711.000    13.8741     0.1835    98.5517 1.0000e-12 1.0735e+03    177.798    13.4407    38.7344    29.1967 0.0000e+00
   2712.000    13.8742     0.1820    98.5517 1.0000e-12 1.0678e+03    177.922    13.4407    38.7344    29.1968 0.0000e+00
   2713.000    13.8744     0.1828    98.5517 1.0000e-12 1.0673e+03    178.015    13.4407    38.7344    29.1968 0.0000e+00
   2714.000    13.8745     0.1804    98.5517 1.0000e-12 1.0676e+03    177.989    13.4405    38.7344    29.1968 0.0000e+00
   2715.000    13.8745     0.1811    98.5517 -9.990e-29 1.0640e+03    177.975    13.4404    38.7344    29.1968 0.0000e+00
   2716.000    13.8746     0.1874    98.5517 -9.990e-29 1.0610e+03    177.643    13.4404    38.7344    29.1968 0.0000e+00
   2717.000    13.8749     0.1866    98.5517 1.0000e-12 1.0616e+03    177.670    13.4404    38.7343    29.1967 0.0000e+00
   2718.000    13.8751     0.1839    98.5517 1.0000e-12 1.0575e+03    177.684    13.4404    38.7343    29.1967 0.0000e+00
   2719.000    13.8752     0.1842    98.5517 1.0000e-12 1.0577e+03    177.808    13.4404    38.7344    29.1968 0.0000e+00
   2720.000    13.8753     0.1822    98.5517 1.0000e-12 1.0486e+03    177.947    13.4404    38.7345    29.1969 0.0000e+00
   2721.000    13.8755     0.1853    98.5517 1.0000e-12 1.0520e+03    177.992    13.4404    38.7344    29.1968 0.0000e+00
   2722.000    13.8757     0.1855    98.5517 1.0000e-12 1.0505e+03    178.005    13.4404    38.7344    29.1968 0.0000e+00
   2723.000    13.8758     0.1803    98.5517 1.0000e-12 1.0462e+03    177.884    13.4404    38.7344    29.1968 0.0000e+00
   2724.000    13.8761     0.1848    98.5517 1.0000e-12 1.0434e+03    177.805    13.4404    38.7343    29.1968 0.0000e+00
   2725.000    13.8763     0.1835    98.5517 1.0000e-12 1.0421e+03    177.822    13.4404    38.7344    29.1968 0.0000e+00
   2726.000    13.8765     0.1835    98.5517 1.0000e-12 1.0421e+03    178.039    13.4405    38.7343    29.1967 0.0000e+00
   2727.000    13.8766     0.1827    98.5517 1.0000e-12 1.0376e+03    177.908    13.4404    38.7345    29.1969 0.0000e+00
   2728.000    13.8768     0.1748    98.5517 1.0000e-12 1.0397e+03    177.856    13.4404    38.7344    29.1968 0.0000e+00
   2729.000    13.8769     0.1766    98.5517 1.0000e-12 1.0339e+03    177.728    13.4404    38.7343    29.1968 0.0000e+00
   2730.000    13.8771     0.1741    98.5517 1.0000e-12 1.0322e+03    177.941    13.4404    38.7344    29.1968 0.0000e+00
   2731.000    13.8773     0.1767    98.5517 1.0000e-12 1.0304e+03    177.887    13.4404    38.7344    29.1968 0.0000e+00
   2732.000    13.8771     0.1735    98.5517 1.0000e-12 1.0299e+03    178.023    13.4401    38.7344    29.1968 0.0000e+00
   2733.000    13.8771     0.1751    98.5517 -9.990e-29 1.0293e+03    178.155    13.4399    38.7343    29.1968 0.0000e+00
   2734.000    13.8773     0.1773    98.5517 -9.990e-29 1.0325e+03    178.118    13.4399    38.7343    29.1968 0.0000e+00
   2735.000    13.8775     0.1763    98.5517 1.0000e-12 1.0288e+03    177.591    13.4399    38.7343    29.1969 0.0000e+00
   2736.000    13.8777     0.1802    98.5517 1.0000e-12 1.0305e+03    177.533    13.4400    38.7343    29.1968 0.0000e+00
   2737.000    13.8779     0.1843    98.5517 1.0000e-12 1.0278e+03    177.565    13.4399    38.7344    29.1969 0.0000e+00
   2738.000    13.8781     0.1815    98.5517 1.0000e-12 1.0255e+03    177.678    13.4400    38.7343    29.1968 0.0000e+00
   2739.000    13.8782     0.1788    98.5517 1.0000e-12 1.0244e+03    178.017    13.4399    38.7343    29.1968 0.0000e+00
   2740.000    13.8783     0.1761    98.5517 1.0000e-12 1.0217e+03    177.664    13.4399    38.7343    29.1969 0.0000e+00
   2741.000    13.8784     0.1770    98.5517 1.0000e-12 1.0182e+03    177.711    13.4397    38.7343    29.1969 0.0000e+00
   2742.000    13.8784     0.1757    98.5517 1.0000e-12 1.0157e+03    177.843    13.4396    38.7343    29.1969 0.0000e+00
   2743.000    13.8785     0.1749    98.5517 1.0000e-12 1.0132e+03    177.787    13.4396    38.7344    29.1970 0.0000e+00
   2744.000    13.8787     0.1777    98.5517 1.0000e-12 1.0122e+03    177.723    13.4395    38.7343    29.1969 0.0000e+00
   2745.000    13.8789     0.1792    98.5517 1.0000e-12 1.0120e+03    177.951    13.4396    38.7343    29.1969 0.0000e+00
   2746.000    13.8790     0.1832    98.5517 1.0000e-12 1.0115e+03    177.849    13.4395    38.7343    29.1969 0.0000e+00
   2747.000    13.8793     0.1778    98.5517 1.0000e-12 1.0055e+03    178.085    13.4396    38.7343    29.1969 0.0000e+00
   2748.000    13.8794     0.1818    98.5517 1.0000e-12 1.0060e+03    177.807    13.4396    38.7343    29.1969 0.0000e+00
   2749.000    13.8796     0.1893    98.5517 1.0000e-12 1.0081e+03    177.560    13.4396    38.7342    29.1969 0.0000e+00
   2750.000    13.8796     0.1874    98.5517 1.0000e-12 1.0051e+03    177.636    13.4394    38.7342    29.1968 0.0000e+00
   2751.000    13.8797     0.1897    98.5517 1.0000e-12 1.0033e+03    177.527    13.4393    38.7342    29.1969 0.0000e+00
   2752.000    13.8798     0.1926    98.5517 1.0000e-12 1.0018e+03    177.882    13.4393    38.7343    29.1969 0.0000e+00
   2753.000    13.8798     0.1950    98.5517 1.0000e-12 1.0007e+03    177.930    13.4390    38.7343    29.1970 0.0000e+00
   2754.000    13.8799     0.1865    98.5517 1.0000e-12 9.9832e+02    177.806    13.4390    38.7343    29.1970 0.0000e+00
   2755.000    13.8801     0.1801    98.5517 1.0000e-12 9.9648e+02    177.951    13.4390    38.7343    29.1970 0.0000e+00
