Data/ruptures/PEACETIME/ION/PEACETIME_ION_CTD_047.cnv
* Sea-Bird SBE 9 Data File:
* FileName = C:\CTD\rawCTD\PEACETIME_ION_CTD_047.hdr
* Software Version Seasave V 7.23.2
* Temperature SN = 1378
* Conductivity SN = 2929
* Number of Bytes Per Scan = 38
* Number of Voltage Words = 5
* Number of Scans Averaged by the Deck Unit = 1
* NMEA Latitude = 35 29.35 N
* NMEA Longitude = 019 46.59 E
* NMEA UTC (Time) = May 27 2017  18:44:40
* NMEA baud rate = 4800
** Cruise:   PEACETIME
** Station:   ION_CTD_047
# nquan = 11
# nvalues = 203                         
# units = specified
# name 0 = prDM: Pressure, Digiquartz [db]
# name 1 = t090C: Temperature [ITS-90, deg C]
# name 2 = flC: Fluorescence, Chelsea Aqua 3 Chl Con [ug/l]
# name 3 = CStarTr0: Beam Transmission, WET Labs C-Star [%]
# name 4 = par: PAR/Irradiance, Biospherical/Licor
# name 5 = spar: SPAR/Surface Irradiance
# name 6 = sbeox0Mm/Kg: Oxygen, SBE 43 [umol/kg]
# name 7 = potemp090C: Potential Temperature [ITS-90, deg C]
# name 8 = sal00: Salinity, Practical [PSU]
# name 9 = sigma-é00: Density [sigma-theta, kg/m^3]
# name 10 = flag:
# span 0 =      2.000,    204.000       
# span 1 =    15.5926,    20.5438       
# span 2 =     0.1802,     0.3209       
# span 3 =    99.6282,   101.4131       
# span 4 = 1.0000e-12, 1.9523e-01       
# span 5 = 1.4457e+00, 4.8728e+00       
# span 6 =    202.589,    230.723       
# span 7 =    15.5600,    20.5420       
# span 8 =    38.9442,    39.0747       
# span 9 =    27.6755,    28.9612       
# span 10 = 0.0000e+00, 0.0000e+00      
# interval = decibars: 1                
# start_time = May 27 2017 18:46:23 [NMEA time, first data scan]
# bad_flag = -9.990e-29
*END*
      2.000    20.5382     0.2313    99.9089 1.9523e-01 3.7241e+00    211.069    20.5378    39.0079    27.6762 0.0000e+00
      3.000    20.5373     0.2263    99.9022 1.7108e-01 2.1398e+00    211.127    20.5367    39.0088    27.6772 0.0000e+00
      4.000    20.5353     0.2238    99.9280 1.0863e-01 1.9184e+00    211.572    20.5345    39.0089    27.6779 0.0000e+00
      5.000    20.5351     0.2241    99.9179 8.3704e-02 2.3606e+00    211.979    20.5342    39.0090    27.6781 0.0000e+00
      6.000    20.5400     0.2239    99.9351 6.1577e-02 2.5325e+00    212.291    20.5388    39.0089    27.6767 0.0000e+00
      7.000    20.5416     0.2208    99.9448 3.7390e-02 2.6464e+00    211.920    20.5402    39.0086    27.6761 0.0000e+00
      8.000    20.5435     0.2190    99.9511 2.6925e-02 3.9395e+00    211.978    20.5420    39.0085    27.6755 0.0000e+00
      9.000    20.5429     0.2190    99.9514 1.7233e-02 3.0216e+00    211.932    20.5411    39.0085    27.6757 0.0000e+00
     10.000    20.5431     0.2249    99.9490 1.4087e-02 3.0710e+00    211.856    20.5412    39.0088    27.6760 0.0000e+00
     11.000    20.5431     0.2223    99.9521 5.4090e-03 4.2513e+00    212.075    20.5410    39.0088    27.6761 0.0000e+00
     12.000    20.5438     0.2180    99.9539 4.6141e-03 4.1897e+00    212.116    20.5415    39.0086    27.6758 0.0000e+00
     13.000    20.5425     0.2172    99.9574 3.2887e-03 3.0607e+00    212.430    20.5400    39.0087    27.6762 0.0000e+00
     14.000    20.5431     0.2227    99.9565 1.3089e-03 3.8148e+00    212.734    20.5404    39.0087    27.6761 0.0000e+00
     15.000    20.5350     0.2251    99.9417 -9.990e-29 4.7271e+00    212.678    20.5321    39.0067    27.6769 0.0000e+00
     16.000    20.4812     0.2177    99.9444 -9.990e-29 2.4434e+00    212.368    20.4782    39.0045    27.6900 0.0000e+00
     17.000    20.4296     0.2230    99.9169 -9.990e-29 3.3825e+00    211.790    20.4264    39.0003    27.7009 0.0000e+00
     18.000    20.3090     0.2215    99.8570 -9.990e-29 3.5631e+00    212.024    20.3056    38.9943    27.7293 0.0000e+00
     19.000    20.2292     0.2225    99.8391 1.0000e-12 3.0267e+00    213.387    20.2256    38.9943    27.7510 0.0000e+00
     20.000    20.1711     0.2167    99.8140 1.0000e-12 3.0876e+00    213.842    20.1674    38.9916    27.7647 0.0000e+00
     21.000    20.0772     0.2179    99.7280 1.0000e-12 3.5010e+00    213.833    20.0732    38.9876    27.7872 0.0000e+00
     22.000    19.8811     0.2164    99.6282 1.0000e-12 3.7114e+00    214.086    19.8770    38.9841    27.8374 0.0000e+00
     23.000    19.6015     0.2177    99.6291 1.0000e-12 2.6332e+00    214.733    19.5972    38.9871    27.9145 0.0000e+00
     24.000    19.1683     0.2188    99.7076 1.0000e-12 3.9025e+00    218.846    19.1639    39.0112    28.0476 0.0000e+00
     25.000    18.9976     0.2181    99.7263 1.0000e-12 3.4984e+00    220.727    18.9931    39.0135    28.0942 0.0000e+00
     26.000    18.8156     0.2192    99.7569 1.0000e-12 4.5406e+00    221.262    18.8109    39.0168    28.1442 0.0000e+00
     27.000    18.6309     0.2142    99.7712 1.0000e-12 3.3544e+00    221.743    18.6261    39.0119    28.1884 0.0000e+00
     28.000    18.3630     0.2174    99.8714 1.0000e-12 2.4849e+00    223.600    18.3581    39.0205    28.2639 0.0000e+00
     29.000    18.1558     0.2148    99.9790 1.0000e-12 3.2924e+00    224.848    18.1507    39.0236    28.3192 0.0000e+00
     30.000    18.0692     0.2129    99.9720 1.0000e-12 4.8397e+00    225.654    18.0639    39.0347    28.3498 0.0000e+00
     31.000    18.0069     0.2147   100.0083 1.0000e-12 4.1760e+00    226.651    18.0015    39.0338    28.3649 0.0000e+00
     32.000    17.9658     0.2167   100.0211 1.0000e-12 2.3174e+00    227.239    17.9602    39.0340    28.3755 0.0000e+00
     33.000    17.9245     0.2150   100.0227 1.0000e-12 3.2900e+00    227.932    17.9187    39.0333    28.3855 0.0000e+00
     34.000    17.8754     0.2128   100.0576 1.0000e-12 2.3169e+00    228.280    17.8694    39.0393    28.4025 0.0000e+00
     35.000    17.8149     0.2094   100.0649 1.0000e-12 3.9685e+00    228.026    17.8088    39.0399    28.4182 0.0000e+00
     36.000    17.7262     0.2152   100.0736 1.0000e-12 3.2106e+00    228.426    17.7200    39.0461    28.4453 0.0000e+00
     37.000    17.6519     0.2229    99.9563 1.0000e-12 3.6153e+00    228.862    17.6454    39.0468    28.4645 0.0000e+00
     38.000    17.6026     0.2202   100.0019 1.0000e-12 3.1108e+00    228.476    17.5961    39.0442    28.4748 0.0000e+00
     39.000    17.5584     0.2129   100.0063 1.0000e-12 4.2733e+00    229.493    17.5516    39.0436    28.4855 0.0000e+00
     40.000    17.5158     0.2142   100.0067 1.0000e-12 3.5771e+00    229.987    17.5089    39.0441    28.4964 0.0000e+00
     41.000    17.4558     0.2151   100.0049 1.0000e-12 3.0527e+00    229.300    17.4488    39.0387    28.5073 0.0000e+00
     42.000    17.3499     0.2151    99.9692 1.0000e-12 3.2168e+00    229.573    17.3427    39.0283    28.5256 0.0000e+00
     43.000    17.2867     0.2190    99.9432 1.0000e-12 1.7392e+00    229.601    17.2794    39.0210    28.5357 0.0000e+00
     44.000    17.2426     0.2179    99.9492 1.0000e-12 2.6727e+00    229.873    17.2351    39.0165    28.5431 0.0000e+00
     45.000    17.2164     0.2150    99.9308 1.0000e-12 1.5960e+00    229.924    17.2087    39.0119    28.5461 0.0000e+00
     46.000    17.1682     0.2172    99.9433 1.0000e-12 3.0512e+00    229.658    17.1604    39.0009    28.5495 0.0000e+00
     47.000    17.0592     0.2171    99.9026 1.0000e-12 3.1832e+00    229.806    17.0512    38.9856    28.5646 0.0000e+00
     48.000    16.9502     0.2145    99.9129 1.0000e-12 3.7478e+00    229.529    16.9421    38.9704    28.5795 0.0000e+00
     49.000    16.8382     0.2224    99.9182 1.0000e-12 3.1337e+00    228.898    16.8300    38.9553    28.5952 0.0000e+00
     50.000    16.7613     0.2172    99.8853 1.0000e-12 3.2811e+00    229.493    16.7530    38.9442    28.6054 0.0000e+00
     51.000    16.7560     0.2189    99.8839 1.0000e-12 3.2507e+00    230.723    16.7474    38.9555    28.6154 0.0000e+00
     52.000    16.8597     0.2216    99.8498 1.0000e-12 3.4176e+00    230.005    16.8509    39.0060    28.6291 0.0000e+00
     53.000    16.7910     0.2223    99.8762 1.0000e-12 3.6029e+00    229.361    16.7821    38.9939    28.6366 0.0000e+00
     54.000    16.7141     0.2200    99.8424 1.0000e-12 2.8470e+00    229.698    16.7050    38.9821    28.6461 0.0000e+00
     55.000    16.6528     0.2320    99.8300 1.0000e-12 4.0802e+00    229.663    16.6436    38.9755    28.6559 0.0000e+00
     56.000    16.6080     0.2270    99.8390 1.0000e-12 3.8405e+00    229.206    16.5987    38.9732    28.6650 0.0000e+00
     57.000    16.5549     0.2245    99.8494 1.0000e-12 3.8646e+00    228.853    16.5455    38.9746    28.6789 0.0000e+00
     58.000    16.4978     0.2334    99.8302 1.0000e-12 3.6916e+00    229.324    16.4882    38.9758    28.6935 0.0000e+00
     59.000    16.4664     0.2353    99.7866 1.0000e-12 3.1866e+00    229.207    16.4566    38.9779    28.7027 0.0000e+00
     60.000    16.4402     0.2424    99.7387 1.0000e-12 3.6160e+00    229.195    16.4303    38.9748    28.7067 0.0000e+00
     61.000    16.3968     0.2327    99.8598 1.0000e-12 3.8140e+00    229.169    16.3867    38.9712    28.7143 0.0000e+00
     62.000    16.3872     0.2288    99.8380 1.0000e-12 2.3426e+00    228.944    16.3769    38.9788    28.7225 0.0000e+00
     63.000    16.3200     0.2290    99.8424 1.0000e-12 2.4199e+00    227.953    16.3097    38.9733    28.7344 0.0000e+00
     64.000    16.2815     0.2443    99.8834 1.0000e-12 3.5225e+00    227.573    16.2710    38.9729    28.7432 0.0000e+00
     65.000    16.2686     0.2415    99.9093 1.0000e-12 2.7930e+00    227.568    16.2579    38.9751    28.7480 0.0000e+00
     66.000    16.2357     0.2391    99.9154 1.0000e-12 2.9769e+00    226.552    16.2248    38.9703    28.7522 0.0000e+00
     67.000    16.2197     0.2417    99.9475 1.0000e-12 3.8008e+00    226.881    16.2087    38.9709    28.7565 0.0000e+00
     68.000    16.2133     0.2507    99.9447 1.0000e-12 4.2698e+00    226.543    16.2022    38.9737    28.7602 0.0000e+00
     69.000    16.2113     0.2463    99.9671 1.0000e-12 3.2030e+00    226.831    16.1999    38.9765    28.7629 0.0000e+00
     70.000    16.2138     0.2468    99.9924 1.0000e-12 2.7947e+00    226.690    16.2023    38.9830    28.7673 0.0000e+00
     71.000    16.1996     0.2435    99.9876 1.0000e-12 2.4974e+00    226.452    16.1880    38.9837    28.7713 0.0000e+00
     72.000    16.1893     0.2418   100.0060 1.0000e-12 3.5377e+00    226.590    16.1775    38.9845    28.7744 0.0000e+00
     73.000    16.1797     0.2483   100.0606 1.0000e-12 2.8054e+00    225.687    16.1678    38.9850    28.7771 0.0000e+00
     74.000    16.1670     0.2539   100.0257 1.0000e-12 3.1786e+00    225.172    16.1549    38.9860    28.7810 0.0000e+00
     75.000    16.1590     0.2520   100.0693 1.0000e-12 2.9247e+00    224.923    16.1467    38.9876    28.7841 0.0000e+00
     76.000    16.1258     0.2554   100.0124 1.0000e-12 2.6096e+00    224.421    16.1133    38.9839    28.7891 0.0000e+00
     77.000    16.1135     0.2545   100.0791 1.0000e-12 3.3727e+00    224.051    16.1009    38.9867    28.7943 0.0000e+00
     78.000    16.1019     0.2604   100.0649 1.0000e-12 3.0067e+00    224.834    16.0891    38.9941    28.8027 0.0000e+00
     79.000    16.1201     0.2628    99.9220 1.0000e-12 3.5576e+00    224.747    16.1071    39.0051    28.8070 0.0000e+00
     80.000    16.1294     0.2632    99.9201 1.0000e-12 2.5697e+00    225.102    16.1164    39.0094    28.8081 0.0000e+00
     81.000    16.1500     0.2638   100.0303 1.0000e-12 2.8126e+00    225.585    16.1368    39.0203    28.8116 0.0000e+00
     82.000    16.1866     0.2623    99.9609 1.0000e-12 2.7385e+00    223.905    16.1732    39.0385    28.8170 0.0000e+00
     83.000    16.2019     0.2697   100.0409 1.0000e-12 3.5221e+00    222.408    16.1883    39.0456    28.8189 0.0000e+00
     84.000    16.2109     0.2732   100.0359 -9.990e-29 3.1968e+00    220.873    16.1971    39.0506    28.8206 0.0000e+00
     85.000    16.2064     0.2716    99.9682 1.0000e-12 3.6426e+00    220.727    16.1924    39.0519    28.8228 0.0000e+00
     86.000    16.2008     0.2747    99.9270 1.0000e-12 2.2093e+00    219.361    16.1866    39.0517    28.8240 0.0000e+00
     87.000    16.1861     0.2894    99.8170 1.0000e-12 2.5319e+00    218.667    16.1718    39.0518    28.8276 0.0000e+00
     88.000    16.1686     0.3036    99.8127 1.0000e-12 3.8280e+00    219.237    16.1542    39.0491    28.8297 0.0000e+00
     89.000    16.1513     0.2969    99.8304 1.0000e-12 3.7050e+00    220.719    16.1368    39.0466    28.8319 0.0000e+00
     90.000    16.1371     0.2965    99.9713 1.0000e-12 2.6554e+00    219.832    16.1224    39.0461    28.8350 0.0000e+00
     91.000    16.1324     0.3049    99.8521 1.0000e-12 2.5290e+00    218.092    16.1175    39.0500    28.8391 0.0000e+00
     92.000    16.1212     0.3142    99.8131 1.0000e-12 2.8377e+00    217.567    16.1062    39.0493    28.8413 0.0000e+00
     93.000    16.1163     0.3209    99.8587 1.0000e-12 2.4860e+00    217.437    16.1011    39.0493    28.8424 0.0000e+00
     94.000    16.1134     0.3154    99.7928 1.0000e-12 1.7184e+00    216.708    16.0981    39.0500    28.8437 0.0000e+00
     95.000    16.1089     0.3180    99.8763 1.0000e-12 2.1093e+00    216.254    16.0933    39.0507    28.8454 0.0000e+00
     96.000    16.1052     0.3203    99.8954 1.0000e-12 3.1489e+00    215.756    16.0895    39.0507    28.8463 0.0000e+00
     97.000    16.0946     0.3150   100.0713 1.0000e-12 2.8298e+00    215.299    16.0788    39.0508    28.8489 0.0000e+00
     98.000    16.0887     0.3111   100.0817 1.0000e-12 1.6630e+00    215.610    16.0727    39.0506    28.8502 0.0000e+00
     99.000    16.0795     0.3061   100.1074 1.0000e-12 3.6786e+00    215.428    16.0634    39.0497    28.8517 0.0000e+00
    100.000    16.0723     0.3159   100.0715 1.0000e-12 1.8998e+00    214.609    16.0560    39.0491    28.8529 0.0000e+00
    101.000    16.0650     0.3136   100.2164 1.0000e-12 4.3204e+00    213.649    16.0485    39.0485    28.8543 0.0000e+00
    102.000    16.0514     0.3002   100.2282 1.0000e-12 3.0382e+00    213.860    16.0347    39.0453    28.8551 0.0000e+00
    103.000    16.0210     0.2932   100.2750 1.0000e-12 2.7709e+00    214.737    16.0042    39.0397    28.8580 0.0000e+00
    104.000    16.0072     0.3001   100.2696 1.0000e-12 1.6349e+00    213.147    15.9902    39.0413    28.8625 0.0000e+00
    105.000    16.0347     0.3023   100.4623 1.0000e-12 2.6380e+00    209.530    16.0175    39.0576    28.8686 0.0000e+00
    106.000    16.0397     0.2900   100.5702 1.0000e-12 2.5801e+00    208.748    16.0224    39.0597    28.8691 0.0000e+00
    107.000    16.0221     0.2764   100.6563 1.0000e-12 4.3133e+00    209.375    16.0047    39.0549    28.8696 0.0000e+00
    108.000    16.0022     0.2691   100.6730 1.0000e-12 2.9590e+00    210.202    15.9847    39.0513    28.8715 0.0000e+00
    109.000    15.9887     0.2642   100.7035 1.0000e-12 1.9842e+00    210.128    15.9709    39.0499    28.8736 0.0000e+00
    110.000    15.9814     0.2652   100.6485 1.0000e-12 2.9400e+00    209.921    15.9635    39.0530    28.8778 0.0000e+00
    111.000    15.9887     0.2683   100.7586 1.0000e-12 3.5629e+00    209.179    15.9706    39.0588    28.8806 0.0000e+00
    112.000    15.9749     0.2630   100.7738 1.0000e-12 2.5932e+00    208.953    15.9567    39.0579    28.8832 0.0000e+00
    113.000    15.9615     0.2542   100.8708 1.0000e-12 3.3121e+00    208.927    15.9431    39.0581    28.8865 0.0000e+00
    114.000    15.9566     0.2537   100.9237 1.0000e-12 3.4535e+00    208.754    15.9381    39.0579    28.8876 0.0000e+00
    115.000    15.9537     0.2507   100.9581 1.0000e-12 2.9360e+00    208.901    15.9350    39.0574    28.8879 0.0000e+00
    116.000    15.9471     0.2496   100.9680 1.0000e-12 4.8728e+00    209.495    15.9283    39.0561    28.8885 0.0000e+00
    117.000    15.9357     0.2481   100.9723 1.0000e-12 3.5500e+00    210.074    15.9167    39.0542    28.8897 0.0000e+00
    118.000    15.9254     0.2488   101.0226 1.0000e-12 3.1740e+00    210.354    15.9062    39.0524    28.8908 0.0000e+00
    119.000    15.9069     0.2421   101.0622 1.0000e-12 3.8308e+00    210.507    15.8875    39.0500    28.8934 0.0000e+00
    120.000    15.8957     0.2399   101.0911 1.0000e-12 3.0212e+00    210.522    15.8762    39.0486    28.8950 0.0000e+00
    121.000    15.8858     0.2351   101.1326 1.0000e-12 2.3455e+00    210.289    15.8662    39.0481    28.8969 0.0000e+00
    122.000    15.8780     0.2295   101.1561 1.0000e-12 3.4028e+00    210.162    15.8582    39.0473    28.8982 0.0000e+00
    123.000    15.8764     0.2311   101.1698 1.0000e-12 3.6028e+00    210.259    15.8565    39.0474    28.8986 0.0000e+00
    124.000    15.8735     0.2307   101.1988 1.0000e-12 2.9450e+00    210.807    15.8534    39.0478    28.8997 0.0000e+00
    125.000    15.8725     0.2225   101.1909 1.0000e-12 3.4001e+00    211.081    15.8523    39.0489    28.9008 0.0000e+00
    126.000    15.8742     0.2169   101.2261 1.0000e-12 2.5636e+00    210.285    15.8538    39.0508    28.9019 0.0000e+00
    127.000    15.8666     0.2163   101.2699 1.0000e-12 3.4305e+00    210.225    15.8460    39.0515    28.9043 0.0000e+00
    128.000    15.8624     0.2135   101.2488 1.0000e-12 2.7332e+00    209.969    15.8416    39.0520    28.9057 0.0000e+00
    129.000    15.8624     0.2049   101.2642 1.0000e-12 2.7339e+00    209.769    15.8415    39.0540    28.9072 0.0000e+00
    130.000    15.8658     0.2035   101.2544 1.0000e-12 2.3724e+00    209.350    15.8448    39.0556    28.9077 0.0000e+00
    131.000    15.8639     0.2138   101.2329 1.0000e-12 2.5417e+00    209.912    15.8427    39.0556    28.9082 0.0000e+00
    132.000    15.8564     0.2129   101.2264 1.0000e-12 1.9254e+00    209.756    15.8350    39.0540    28.9087 0.0000e+00
