Data/ruptures/PEACETIME/ION/PEACETIME_ION_CTD_049.cnv
* Sea-Bird SBE 9 Data File:
* FileName = C:\CTD\rawCTD\PEACETIME_ION_CTD_049.hdr
* Software Version Seasave V 7.23.2
* Temperature SN = 1378
* Conductivity SN = 2929
* Number of Bytes Per Scan = 38
* Number of Voltage Words = 5
* Number of Scans Averaged by the Deck Unit = 1
* NMEA Latitude = 35 29.35 N
* NMEA Longitude = 019 46.59 E
* NMEA UTC (Time) = May 28 2017  03:45:02
* NMEA baud rate = 4800
** Cruise:   PEACETIME
** Station:   ION_CTD_049
# nquan = 11
# nvalues = 3144                        
# units = specified
# name 0 = prDM: Pressure, Digiquartz [db]
# name 1 = t090C: Temperature [ITS-90, deg C]
# name 2 = flC: Fluorescence, Chelsea Aqua 3 Chl Con [ug/l]
# name 3 = CStarTr0: Beam Transmission, WET Labs C-Star [%]
# name 4 = par: PAR/Irradiance, Biospherical/Licor
# name 5 = spar: SPAR/Surface Irradiance
# name 6 = sbeox0Mm/Kg: Oxygen, SBE 43 [umol/kg]
# name 7 = potemp090C: Potential Temperature [ITS-90, deg C]
# name 8 = sal00: Salinity, Practical [PSU]
# name 9 = sigma-é00: Density [sigma-theta, kg/m^3]
# name 10 = flag:
# span 0 =      3.000,   3146.000       
# span 1 =    13.7804,    20.5029       
# span 2 =     0.1702,     0.3350       
# span 3 =    96.4068,    98.5517       
# span 4 = -1.665e-05, 3.0019e+01       
# span 5 = 1.9439e+02, 1.2877e+03       
# span 6 =    167.710,    231.295       
# span 7 =    13.4270,    20.4998       
# span 8 =    38.7332,    39.0760       
# span 9 =    27.7010,    29.1990       
# span 10 = 0.0000e+00, 0.0000e+00      
# interval = decibars: 1                
# start_time = May 28 2017 03:49:07 [NMEA time, first data scan]
# bad_flag = -9.990e-29
*END*
[from data line 132]
    135.000    15.7705     0.2021    98.2404 3.0120e-02 2.7838e+02    207.875    15.7488    39.0375    28.9163 0.0000e+00
    136.000    15.7569     0.2051    98.2105 3.0239e-02 2.7421e+02    207.914    15.7349    39.0351    28.9176 0.0000e+00
    137.000    15.7372     0.2061    98.2456 2.7520e-02 2.7837e+02    208.177    15.7152    39.0310    28.9191 0.0000e+00
    138.000    15.7216     0.2051    98.2416 2.7864e-02 2.7952e+02    207.723    15.6993    39.0278    28.9203 0.0000e+00
    139.000    15.7072     0.1997    98.2520 2.5199e-02 2.7909e+02    208.406    15.6848    39.0253    28.9218 0.0000e+00
    140.000    15.7017     0.2041    98.2481 2.3797e-02 2.8110e+02    208.496    15.6792    39.0261    28.9237 0.0000e+00
    141.000    15.7272     0.2035    98.2364 2.2487e-02 2.8078e+02    207.851    15.7045    39.0370    28.9262 0.0000e+00
    142.000    15.7235     0.2023    98.2453 2.0896e-02 2.7916e+02    208.245    15.7006    39.0362    28.9265 0.0000e+00
    143.000    15.7569     0.2025    98.2502 2.1553e-02 2.7923e+02    208.089    15.7339    39.0527    28.9314 0.0000e+00
    144.000    15.7905     0.1999    98.2495 2.2199e-02 2.7971e+02    207.619    15.7672    39.0649    28.9331 0.0000e+00
    145.000    15.7977     0.2015    98.2396 2.1147e-02 2.8134e+02    207.224    15.7743    39.0669    28.9330 0.0000e+00
    146.000    15.7979     0.2052    98.2135 1.7528e-02 2.7609e+02    206.664    15.7743    39.0670    28.9330 0.0000e+00
    147.000    15.7975     0.2001    98.2500 1.8706e-02 2.8029e+02    207.051    15.7738    39.0670    28.9332 0.0000e+00
    148.000    15.7977     0.2009    98.2547 1.6088e-02 2.8020e+02    207.306    15.7738    39.0670    28.9331 0.0000e+00
    149.000    15.7969     0.2002    98.2603 1.5192e-02 2.8820e+02    207.358    15.7728    39.0667    28.9332 0.0000e+00
    150.000    15.7974     0.1998    98.2407 1.4982e-02 2.7902e+02    207.273    15.7732    39.0674    28.9336 0.0000e+00
    151.000    15.8026     0.1966    98.2484 1.3762e-02 2.8499e+02    206.373    15.7782    39.0702    28.9346 0.0000e+00
    152.000    15.8046     0.1932    98.2275 1.2242e-02 2.8271e+02    205.983    15.7800    39.0710    28.9348 0.0000e+00
    153.000    15.8079     0.1979    98.2654 9.8065e-03 2.7919e+02    205.504    15.7831    39.0726    28.9353 0.0000e+00
    154.000    15.8108     0.1967    98.2590 1.1957e-02 2.8469e+02    204.807    15.7859    39.0742    28.9359 0.0000e+00
    155.000    15.8159     0.1934    98.2527 1.0480e-02 2.7993e+02    204.339    15.7908    39.0760    28.9361 0.0000e+00
    156.000    15.8150     0.1978    98.2519 1.0270e-02 2.8669e+02    204.741    15.7897    39.0759    28.9363 0.0000e+00
    157.000    15.7928     0.2006    98.2689 9.5966e-03 2.8359e+02    205.849    15.7674    39.0717    28.9383 0.0000e+00
    158.000    15.7622     0.1950    98.2768 1.0378e-02 2.8338e+02    206.921    15.7367    39.0655    28.9406 0.0000e+00
    159.000    15.7468     0.1990    98.2564 7.8045e-03 2.7822e+02    207.576    15.7211    39.0629    28.9423 0.0000e+00
    160.000    15.7407     0.2020    98.2596 6.2594e-03 2.8332e+02    207.666    15.7149    39.0614    28.9426 0.0000e+00
    161.000    15.7334     0.1937    98.2693 8.1419e-03 2.8432e+02    207.507    15.7074    39.0599    28.9431 0.0000e+00
    162.000    15.7221     0.1883    98.2418 6.9317e-03 2.8411e+02    207.183    15.6960    39.0580    28.9444 0.0000e+00
    163.000    15.7108     0.1930    98.2436 7.5433e-03 2.8600e+02    207.246    15.6846    39.0556    28.9452 0.0000e+00
    164.000    15.6995     0.1992    98.2753 6.1172e-03 2.7992e+02    207.597    15.6731    39.0536    28.9464 0.0000e+00
    165.000    15.6922     0.1951    98.2813 7.4657e-03 2.8215e+02    208.228    15.6656    39.0526    28.9473 0.0000e+00
    166.000    15.6861     0.1924    98.2955 5.6195e-03 2.8907e+02    208.341    15.6593    39.0526    28.9488 0.0000e+00
    167.000    15.6836     0.1954    98.2995 5.1742e-03 2.8722e+02    208.376    15.6567    39.0527    28.9494 0.0000e+00
    168.000    15.6808     0.1933    98.2903 5.3207e-03 2.8607e+02    208.475    15.6538    39.0524    28.9499 0.0000e+00
    169.000    15.6776     0.1903    98.2673 2.6029e-03 2.8576e+02    208.813    15.6504    39.0523    28.9506 0.0000e+00
    170.000    15.6764     0.1889    98.2874 3.0627e-03 2.9445e+02    209.009    15.6491    39.0524    28.9510 0.0000e+00
    171.000    15.6753     0.1832    98.2863 1.9453e-03 2.8829e+02    209.245    15.6478    39.0523    28.9512 0.0000e+00
    172.000    15.6711     0.1876    98.2405 1.8970e-03 2.9327e+02    209.213    15.6434    39.0521    28.9521 0.0000e+00
    173.000    15.6664     0.1886    98.2644 2.1585e-03 2.9260e+02    209.397    15.6386    39.0520    28.9531 0.0000e+00
    174.000    15.6628     0.1905    98.2815 3.5063e-03 2.8859e+02    209.302    15.6348    39.0520    28.9540 0.0000e+00
    175.000    15.6600     0.1877    98.2749 1.9450e-03 2.8564e+02    209.235    15.6318    39.0518    28.9546 0.0000e+00
    176.000    15.6571     0.1924    98.2847 3.8703e-03 2.9783e+02    209.050    15.6288    39.0518    28.9553 0.0000e+00
    177.000    15.6534     0.1934    98.2530 1.4883e-03 2.9074e+02    208.503    15.6250    39.0516    28.9560 0.0000e+00
    178.000    15.6490     0.1930    98.2907 8.5531e-04 2.9417e+02    208.516    15.6204    39.0514    28.9569 0.0000e+00
    179.000    15.6472     0.1959    98.2817 1.4621e-04 2.9330e+02    208.600    15.6184    39.0510    28.9571 0.0000e+00
    180.000    15.6449     0.1958    98.2707 3.6127e-04 2.9071e+02    207.943    15.6160    39.0505    28.9572 0.0000e+00
    181.000    15.6418     0.1984    98.2937 2.4255e-04 2.9592e+02    207.089    15.6127    39.0501    28.9577 0.0000e+00
    182.000    15.6395     0.1998    98.2765 3.8832e-04 2.8835e+02    206.988    15.6102    39.0499    28.9581 0.0000e+00
    183.000    15.6388     0.1980    98.2895 1.0302e-03 2.9658e+02    206.838    15.6094    39.0504    28.9587 0.0000e+00
    184.000    15.6341     0.1943    98.2573 1.2601e-04 2.9144e+02    206.585    15.6045    39.0501    28.9596 0.0000e+00
    185.000    15.6303     0.1907    98.2603 2.9339e-04 2.9613e+02    206.798    15.6005    39.0496    28.9602 0.0000e+00
    186.000    15.6263     0.1943    98.2725 1.2561e-04 2.9616e+02    206.817    15.5965    39.0494    28.9609 0.0000e+00
    187.000    15.6210     0.1923    98.2834 9.2770e-05 2.8971e+02    206.492    15.5910    39.0489    28.9618 0.0000e+00
    188.000    15.6194     0.1901    98.2822 5.6278e-06 2.9424e+02    206.590    15.5892    39.0491    28.9623 0.0000e+00
    189.000    15.6184     0.1890    98.3003 -1.929e-08 2.8687e+02    206.424    15.5881    39.0491    28.9626 0.0000e+00
    190.000    15.6138     0.1846    98.2980 1.0000e-12 2.8929e+02    206.021    15.5833    39.0490    28.9637 0.0000e+00
    191.000    15.6114     0.1818    98.2957 2.3447e-06 2.8954e+02    205.940    15.5808    39.0490    28.9642 0.0000e+00
    192.000    15.6099     0.1872    98.2569 1.1970e-09 2.9061e+02    206.134    15.5791    39.0488    28.9645 0.0000e+00
    193.000    15.6098     0.1856    98.2788 -9.990e-29 2.9180e+02    205.908    15.5788    39.0489    28.9646 0.0000e+00
    194.000    15.6082     0.1866    98.2915 -9.990e-29 2.9702e+02    205.143    15.5771    39.0482    28.9645 0.0000e+00
    195.000    15.5978     0.1845    98.2721 -9.990e-29 2.9440e+02    204.288    15.5665    39.0465    28.9656 0.0000e+00
    196.000    15.5873     0.1885    98.2472 1.0000e-12 2.9557e+02    203.289    15.5559    39.0441    28.9663 0.0000e+00
    197.000    15.5696     0.1886    98.2841 1.0000e-12 2.9320e+02    202.749    15.5380    39.0413    28.9683 0.0000e+00
    198.000    15.5632     0.1905    98.2816 2.3960e-06 2.9815e+02    202.099    15.5314    39.0406    28.9692 0.0000e+00
    199.000    15.5601     0.1894    98.2888 2.2418e-08 2.9554e+02    202.085    15.5282    39.0401    28.9696 0.0000e+00
    200.000    15.5581     0.1893    98.2887 1.0000e-12 2.9352e+02    201.827    15.5261    39.0399    28.9699 0.0000e+00
    201.000    15.5534     0.1894    98.3001 1.0000e-12 2.9805e+02    201.605    15.5212    39.0394    28.9706 0.0000e+00
    202.000    15.5449     0.1890    98.2903 1.0000e-12 2.9470e+02    201.675    15.5125    39.0385    28.9720 0.0000e+00
    203.000    15.5410     0.1881    98.2939 1.0000e-12 2.9326e+02    201.620    15.5085    39.0379    28.9724 0.0000e+00
    204.000    15.5388     0.1836    98.2702 1.0000e-12 2.9642e+02    201.894    15.5062    39.0378    28.9729 0.0000e+00
    205.000    15.5400     0.1883    98.2887 1.0000e-12 2.9644e+02    202.317    15.5072    39.0390    28.9736 0.0000e+00
    206.000    15.5360     0.1912    98.2730 1.0000e-12 2.9683e+02    202.497    15.5030    39.0392    28.9747 0.0000e+00
    207.000    15.5348     0.1919    98.2873 1.0000e-12 2.9563e+02    203.250    15.5017    39.0411    28.9765 0.0000e+00
    208.000    15.5370     0.1915    98.2853 1.0000e-12 2.9285e+02    203.813    15.5036    39.0421    28.9768 0.0000e+00
    209.000    15.5341     0.1856    98.1966 1.0000e-12 2.9913e+02    203.985    15.5007    39.0420    28.9774 0.0000e+00
    210.000    15.5318     0.1879    98.2687 1.0000e-12 3.0157e+02    203.461    15.4982    39.0419    28.9779 0.0000e+00
    211.000    15.5300     0.1897    98.2588 1.0000e-12 2.9859e+02    203.135    15.4962    39.0420    28.9785 0.0000e+00
    212.000    15.5268     0.1890    98.2816 1.0000e-12 2.9961e+02    202.405    15.4928    39.0417    28.9790 0.0000e+00
    213.000    15.5224     0.1876    98.2894 1.0000e-12 2.9714e+02    201.526    15.4883    39.0415    28.9799 0.0000e+00
    214.000    15.5160     0.1879    98.2791 1.0000e-12 3.0470e+02    200.853    15.4817    39.0406    28.9807 0.0000e+00
    215.000    15.5118     0.1865    98.2581 1.0000e-12 3.0095e+02    200.610    15.4774    39.0398    28.9812 0.0000e+00
    216.000    15.5031     0.1882    98.2725 1.0000e-12 3.0271e+02    200.523    15.4685    39.0380    28.9817 0.0000e+00
    217.000    15.4953     0.1836    98.2627 1.0000e-12 3.0387e+02    199.988    15.4606    39.0359    28.9820 0.0000e+00
    218.000    15.4917     0.1809    98.2919 1.0000e-12 3.0082e+02    199.158    15.4568    39.0352    28.9823 0.0000e+00
    219.000    15.4869     0.1845    98.3005 1.0000e-12 2.9988e+02    199.238    15.4519    39.0342    28.9827 0.0000e+00
    220.000    15.4837     0.1802    98.2850 1.0000e-12 3.0168e+02    199.436    15.4486    39.0338    28.9831 0.0000e+00
    221.000    15.4808     0.1810    98.2815 1.0000e-12 3.0061e+02    199.372    15.4454    39.0332    28.9834 0.0000e+00
    222.000    15.4773     0.1800    98.2973 1.0000e-12 3.0392e+02    198.772    15.4418    39.0328    28.9839 0.0000e+00
    223.000    15.4696     0.1853    98.2975 1.0000e-12 3.0423e+02    197.885    15.4340    39.0311    28.9844 0.0000e+00
    224.000    15.4563     0.1897    98.2832 1.0000e-12 3.0144e+02    197.311    15.4205    39.0296    28.9864 0.0000e+00
    225.000    15.4519     0.1929    98.2814 1.0000e-12 3.0508e+02    196.825    15.4160    39.0291    28.9870 0.0000e+00
    226.000    15.4486     0.1925    98.2894 1.0000e-12 3.0287e+02    196.339    15.4125    39.0287    28.9875 0.0000e+00
    227.000    15.4435     0.1905    98.2975 1.0000e-12 3.0832e+02    196.849    15.4073    39.0281    28.9883 0.0000e+00
    228.000    15.4449     0.1993    98.2647 1.0000e-12 3.0795e+02    197.482    15.4085    39.0297    28.9892 0.0000e+00
    229.000    15.4509     0.1943    98.2945 1.0000e-12 3.0626e+02    197.289    15.4143    39.0328    28.9903 0.0000e+00
    230.000    15.4383     0.1913    98.2813 1.0000e-12 3.0723e+02    196.403    15.4016    39.0307    28.9916 0.0000e+00
    231.000    15.4327     0.1899    98.2382 1.0000e-12 3.1091e+02    195.835    15.3958    39.0298    28.9922 0.0000e+00
    232.000    15.4284     0.1877    98.2768 1.0000e-12 3.0932e+02    195.790    15.3914    39.0287    28.9924 0.0000e+00
    233.000    15.4303     0.1849    98.2896 1.0000e-12 3.1090e+02    196.422    15.3931    39.0305    28.9934 0.0000e+00
    234.000    15.4405     0.1855    98.3001 1.0000e-12 3.0893e+02    197.284    15.4031    39.0354    28.9948 0.0000e+00
    235.000    15.4377     0.1860    98.2980 1.0000e-12 3.0197e+02    197.163    15.4002    39.0353    28.9955 0.0000e+00
    236.000    15.4381     0.1860    98.2940 1.0000e-12 3.0165e+02    197.462    15.4005    39.0358    28.9958 0.0000e+00
    237.000    15.4414     0.1834    98.2891 1.0000e-12 3.0581e+02    198.011    15.4036    39.0376    28.9965 0.0000e+00
    238.000    15.4437     0.1854    98.2856 1.0000e-12 3.0719e+02    198.338    15.4057    39.0390    28.9970 0.0000e+00
    239.000    15.4392     0.1893    98.2599 1.0000e-12 3.0722e+02    198.883    15.4010    39.0389    28.9981 0.0000e+00
    240.000    15.4437     0.1899    98.2853 1.0000e-12 3.1356e+02    199.626    15.4054    39.0435    29.0006 0.0000e+00
    241.000    15.4470     0.1871    98.2742 1.0000e-12 3.0964e+02    200.198    15.4085    39.0444    29.0006 0.0000e+00
    242.000    15.4467     0.1898    98.2966 1.0000e-12 3.0450e+02    200.653    15.4080    39.0447    29.0009 0.0000e+00
    243.000    15.4465     0.1903    98.2800 1.0000e-12 3.1073e+02    200.660    15.4077    39.0445    29.0009 0.0000e+00
    244.000    15.4425     0.1886    98.2768 1.0000e-12 3.1244e+02    199.365    15.4035    39.0433    29.0009 0.0000e+00
    245.000    15.4229     0.1886    98.2891 1.0000e-12 3.1286e+02    196.892    15.3838    39.0391    29.0022 0.0000e+00
    246.000    15.3985     0.1912    98.3016 1.0000e-12 3.1039e+02    195.621    15.3593    39.0332    29.0033 0.0000e+00
    247.000    15.3880     0.1870    98.2804 1.0000e-12 3.1047e+02    195.258    15.3487    39.0318    29.0046 0.0000e+00
    248.000    15.3866     0.1869    98.2924 1.0000e-12 3.1605e+02    195.682    15.3471    39.0318    29.0050 0.0000e+00
    249.000    15.3872     0.1872    98.3074 1.0000e-12 3.1561e+02    196.038    15.3475    39.0324    29.0054 0.0000e+00
    250.000    15.3807     0.1848    98.3064 1.0000e-12 3.0470e+02    195.499    15.3409    39.0304    29.0054 0.0000e+00
    251.000    15.3715     0.1883    98.2834 1.0000e-12 3.1018e+02    194.953    15.3316    39.0286    29.0061 0.0000e+00
    252.000    15.3616     0.1852    98.2957 1.0000e-12 3.1266e+02    194.053    15.3215    39.0254    29.0059 0.0000e+00
    253.000    15.3521     0.1837    98.3063 1.0000e-12 3.1260e+02    193.781    15.3118    39.0228    29.0062 0.0000e+00
    254.000    15.3435     0.1884    98.2952 1.0000e-12 3.1316e+02    194.282    15.3031    39.0206    29.0064 0.0000e+00
    255.000    15.3294     0.1909    98.3022 1.0000e-12 3.0786e+02    194.058    15.2889    39.0166    29.0067 0.0000e+00
    256.000    15.3233     0.1901    98.3040 1.0000e-12 3.1791e+02    193.567    15.2826    39.0159    29.0075 0.0000e+00
    257.000    15.3229     0.1893    98.3045 1.0000e-12 3.1002e+02    193.626    15.2821    39.0157    29.0075 0.0000e+00
    258.000    15.3168     0.1894    98.3072 1.0000e-12 3.1708e+02    194.028    15.2758    39.0144    29.0079 0.0000e+00
    259.000    15.3162     0.1917    98.3029 1.0000e-12 3.1912e+02    194.138    15.2750    39.0143    29.0081 0.0000e+00
    260.000    15.3114     0.1937    98.3095 1.0000e-12 3.1838e+02    194.058    15.2701    39.0134    29.0085 0.0000e+00
    261.000    15.3093     0.1843    98.3124 1.0000e-12 3.1407e+02    194.222    15.2679    39.0131    29.0088 0.0000e+00
    262.000    15.3091     0.1823    98.3096 1.0000e-12 3.1715e+02    194.414    15.2675    39.0130    29.0087 0.0000e+00
    263.000    15.3095     0.1883    98.2968 1.0000e-12 3.2254e+02    194.456    15.2678    39.0134    29.0090 0.0000e+00
    264.000    15.3141     0.1953    98.2992 1.0000e-12 3.1618e+02    194.940    15.2722    39.0157    29.0098 0.0000e+00
