Data/ruptures/PEACETIME/ION/PEACETIME_ION_CTD_036.cnv
* Sea-Bird SBE 9 Data File:
* FileName = C:\CTD\rawCTD\PEACETIME_ION_CTD_036.hdr
* Software Version Seasave V 7.23.2
* Temperature SN = 1378
* Conductivity SN = 2929
* Number of Bytes Per Scan = 34
* Number of Voltage Words = 5
* Number of Scans Averaged by the Deck Unit = 1
* NMEA Latitude = 35 29.35 N
* NMEA Longitude = 019 46.57 E
* NMEA UTC (Time) = May 25 2017  02:34:46
* NMEA baud rate = 4800
** Cruise:   PEACETIME
** Station:   ION_CTD_036
# nquan = 11
# nvalues = 501                         
# units = specified
# name 0 = prDM: Pressure, Digiquartz [db]
# name 1 = t090C: Temperature [ITS-90, deg C]
# name 2 = flC: Fluorescence, Chelsea Aqua 3 Chl Con [ug/l]
# name 3 = CStarTr0: Beam Transmission, WET Labs C-Star [%]
# name 4 = par: PAR/Irradiance, Biospherical/Licor
# name 5 = spar: SPAR/Surface Irradiance
# name 6 = sbeox0Mm/Kg: Oxygen, SBE 43 [umol/kg]
# name 7 = potemp090C: Potential Temperature [ITS-90, deg C]
# name 8 = sal00: Salinity, Practical [PSU]
# name 9 = sigma-é00: Density [sigma-theta, kg/m^3]
# name 10 = flag:
# span 0 =      1.000,    501.000       
# span 1 =    14.3496,    20.5947       
# span 2 =     0.1779,     0.3494       
# span 3 =    96.5012,    98.3049       
# span 4 = -6.969e-07, 3.1815e-01       
# span 5 = 1.3493e+00, 4.8750e+00       
# span 6 =    172.963,    229.554       
# span 7 =    14.2727,    20.5941       
# span 8 =    38.9001,    39.0593       
# span 9 =    27.6693,    29.1452       
# span 10 = 0.0000e+00, 0.0000e+00      
# interval = decibars: 1                
# start_time = May 25 2017 02:34:46 [NMEA time, header]
# bad_flag = -9.990e-29
*END*
[from data line 263]
    264.000    15.4078     0.1908    98.2361 1.0000e-12 2.2618e+00    198.895    15.3657    39.0367    29.0045 0.0000e+00
    265.000    15.4061     0.1877    98.2308 1.0000e-12 2.4569e+00    198.627    15.3639    39.0367    29.0049 0.0000e+00
    266.000    15.4026     0.1886    98.2378 -9.990e-29 1.7660e+00    198.229    15.3601    39.0363    29.0055 0.0000e+00
    267.000    15.3973     0.1955    98.2330 1.0000e-12 2.7962e+00    198.661    15.3547    39.0361    29.0065 0.0000e+00
    268.000    15.3955     0.1846    98.2395 1.0000e-12 2.9339e+00    198.134    15.3527    39.0361    29.0070 0.0000e+00
    269.000    15.3937     0.1779    98.2402 1.0000e-12 2.1846e+00    198.621    15.3508    39.0359    29.0073 0.0000e+00
    270.000    15.3927     0.1825    98.2359 1.0000e-12 3.1663e+00    198.163    15.3496    39.0358    29.0075 0.0000e+00
    271.000    15.3903     0.1854    98.2357 1.0000e-12 2.2563e+00    197.805    15.3471    39.0357    29.0080 0.0000e+00
    272.000    15.3875     0.1883    98.2211 1.0000e-12 3.0499e+00    197.868    15.3441    39.0355    29.0085 0.0000e+00
    273.000    15.3836     0.1939    98.2309 1.0000e-12 2.7563e+00    198.101    15.3401    39.0351    29.0092 0.0000e+00
    274.000    15.3783     0.1909    98.2434 1.0000e-12 2.0976e+00    197.510    15.3346    39.0346    29.0101 0.0000e+00
    275.000    15.3742     0.1849    98.2402 1.0000e-12 2.8828e+00    197.144    15.3304    39.0343    29.0108 0.0000e+00
    276.000    15.3667     0.1883    98.2340 1.0000e-12 2.6112e+00    197.056    15.3227    39.0336    29.0120 0.0000e+00
    277.000    15.3641     0.1846    98.2454 1.0000e-12 2.6470e+00    196.862    15.3200    39.0336    29.0127 0.0000e+00
    278.000    15.3640     0.1873    98.2462 1.0000e-12 2.3693e+00    196.894    15.3197    39.0335    29.0126 0.0000e+00
    279.000    15.3633     0.1870    98.2402 1.7469e-06 3.5439e+00    196.983    15.3188    39.0337    29.0130 0.0000e+00
    280.000    15.3608     0.1844    98.2380 -7.859e-09 3.2978e+00    197.136    15.3162    39.0333    29.0133 0.0000e+00
    281.000    15.3590     0.1863    98.2371 1.0000e-12 3.5938e+00    196.756    15.3142    39.0339    29.0142 0.0000e+00
    282.000    15.3591     0.1884    98.2496 3.3279e-06 2.7584e+00    196.418    15.3142    39.0352    29.0152 0.0000e+00
    283.000    15.3580     0.1836    98.2464 1.0107e-05 2.8690e+00    196.644    15.3130    39.0354    29.0156 0.0000e+00
    284.000    15.3578     0.1790    98.2597 5.2526e-05 1.9401e+00    196.366    15.3125    39.0359    29.0161 0.0000e+00
    285.000    15.3579     0.1914    98.2386 -3.866e-07 3.0268e+00    196.227    15.3125    39.0366    29.0167 0.0000e+00
    286.000    15.3584     0.1888    98.2449 1.0000e-12 2.6763e+00    195.116    15.3128    39.0389    29.0184 0.0000e+00
    287.000    15.3561     0.1913    98.2380 -9.990e-29 3.5874e+00    195.456    15.3104    39.0393    29.0192 0.0000e+00
    288.000    15.3532     0.1982    98.2358 -9.990e-29 2.9650e+00    195.854    15.3074    39.0388    29.0196 0.0000e+00
    289.000    15.3496     0.1964    98.2496 1.0000e-12 2.2126e+00    195.459    15.3036    39.0386    29.0203 0.0000e+00
    290.000    15.3461     0.1900    98.2460 4.1138e-06 3.2506e+00    195.581    15.3000    39.0383    29.0209 0.0000e+00
    291.000    15.3444     0.1807    98.2448 -1.288e-08 2.5796e+00    195.797    15.2980    39.0382    29.0212 0.0000e+00
    292.000    15.3380     0.1782    98.2381 1.0000e-12 2.7543e+00    195.527    15.2915    39.0373    29.0220 0.0000e+00
    293.000    15.3134     0.1799    98.2360 -9.990e-29 3.8792e+00    194.652    15.2668    39.0325    29.0240 0.0000e+00
    294.000    15.2803     0.1836    98.2388 -9.990e-29 3.4280e+00    193.379    15.2336    39.0257    29.0263 0.0000e+00
    295.000    15.2672     0.1834    98.2358 1.0000e-12 2.0440e+00    192.739    15.2203    39.0227    29.0271 0.0000e+00
    296.000    15.2481     0.1835    98.2452 1.0000e-12 2.2110e+00    193.124    15.2011    39.0185    29.0282 0.0000e+00
    297.000    15.2422     0.1867    98.2410 1.0000e-12 3.2936e+00    192.611    15.1951    39.0171    29.0285 0.0000e+00
    298.000    15.2417     0.1857    98.2387 1.0000e-12 2.1534e+00    193.139    15.1944    39.0170    29.0286 0.0000e+00
    299.000    15.2414     0.1831    98.2395 1.0000e-12 2.3921e+00    193.276    15.1940    39.0170    29.0287 0.0000e+00
    300.000    15.2402     0.1801    98.2395 1.0000e-12 2.6909e+00    193.058    15.1926    39.0167    29.0287 0.0000e+00
    301.000    15.2401     0.1849    98.2410 1.0000e-12 2.2322e+00    192.635    15.1923    39.0168    29.0289 0.0000e+00
    302.000    15.2401     0.1891    98.2423 -9.990e-29 2.3726e+00    192.574    15.1922    39.0167    29.0289 0.0000e+00
    303.000    15.2336     0.1873    98.2417 1.0000e-12 2.4381e+00    192.433    15.1856    39.0146    29.0288 0.0000e+00
    304.000    15.1945     0.1844    98.2431 1.0000e-12 2.5281e+00    190.978    15.1464    39.0047    29.0301 0.0000e+00
    305.000    15.1717     0.1848    98.2624 1.0000e-12 1.9551e+00    190.497    15.1235    39.0003    29.0319 0.0000e+00
    306.000    15.1647     0.1842    98.2655 1.0000e-12 2.6635e+00    190.528    15.1163    38.9984    29.0321 0.0000e+00
    307.000    15.1548     0.1859    98.2648 2.5768e-05 2.8121e+00    190.363    15.1063    38.9963    29.0327 0.0000e+00
    308.000    15.1474     0.1878    98.2537 9.7085e-08 3.0643e+00    190.145    15.0987    38.9950    29.0335 0.0000e+00
    309.000    15.1400     0.1823    98.2550 1.0000e-12 3.0316e+00    189.977    15.0913    38.9936    29.0341 0.0000e+00
    310.000    15.1317     0.1847    98.2583 9.6187e-06 1.7654e+00    189.726    15.0827    38.9921    29.0348 0.0000e+00
    311.000    15.1268     0.1884    98.2640 3.5844e-08 3.6620e+00    189.252    15.0777    38.9917    29.0357 0.0000e+00
    312.000    15.1223     0.1894    98.2526 1.0000e-12 3.0734e+00    189.148    15.0731    38.9911    29.0363 0.0000e+00
    313.000    15.1213     0.1896    98.2605 1.0000e-12 1.7145e+00    188.906    15.0719    38.9909    29.0364 0.0000e+00
    314.000    15.1210     0.1868    98.2648 1.0000e-12 2.3487e+00    189.266    15.0715    38.9908    29.0364 0.0000e+00
    315.000    15.1168     0.1857    98.2633 1.0000e-12 2.8797e+00    188.909    15.0671    38.9904    29.0371 0.0000e+00
    316.000    15.1119     0.1847    98.2612 1.0000e-12 2.4829e+00    188.650    15.0621    38.9910    29.0387 0.0000e+00
    317.000    15.1155     0.1852    98.2577 1.0000e-12 1.5281e+00    188.587    15.0655    38.9927    29.0393 0.0000e+00
    318.000    15.1180     0.1912    98.2671 -9.990e-29 2.2204e+00    187.784    15.0678    38.9935    29.0393 0.0000e+00
    319.000    15.1165     0.1944    98.2684 -9.990e-29 3.0224e+00    187.647    15.0662    38.9938    29.0400 0.0000e+00
    320.000    15.1019     0.1924    98.2677 -9.990e-29 2.5571e+00    187.626    15.0515    38.9919    29.0418 0.0000e+00
    321.000    15.0932     0.1932    98.2727 -9.990e-29 1.8043e+00    187.461    15.0426    38.9909    29.0431 0.0000e+00
    322.000    15.0887     0.1913    98.2683 -9.990e-29 3.2055e+00    187.729    15.0380    38.9903    29.0436 0.0000e+00
    323.000    15.0850     0.1939    98.2705 1.0000e-12 3.7881e+00    187.420    15.0341    38.9900    29.0443 0.0000e+00
    324.000    15.0800     0.1964    98.2620 1.0000e-12 3.1653e+00    187.314    15.0290    38.9904    29.0458 0.0000e+00
    325.000    15.0782     0.1864    98.2677 1.0000e-12 3.4348e+00    186.998    15.0271    38.9923    29.0477 0.0000e+00
    326.000    15.0771     0.1851    98.2756 1.0000e-12 2.5738e+00    186.943    15.0258    38.9934    29.0488 0.0000e+00
    327.000    15.0747     0.1855    98.2640 -9.990e-29 2.2818e+00    187.001    15.0232    38.9936    29.0495 0.0000e+00
    328.000    15.0729     0.1892    98.2841 1.0000e-12 2.3689e+00    186.274    15.0213    38.9937    29.0501 0.0000e+00
    329.000    15.0702     0.1868    98.2420 1.0000e-12 2.9852e+00    186.427    15.0184    38.9933    29.0504 0.0000e+00
    330.000    15.0668     0.1866    98.2671 1.0000e-12 2.7664e+00    186.291    15.0149    38.9932    29.0511 0.0000e+00
    331.000    15.0614     0.1862    98.2763 1.0000e-12 4.0187e+00    185.805    15.0092    38.9927    29.0520 0.0000e+00
    332.000    15.0571     0.1897    98.2774 1.0000e-12 2.4559e+00    186.075    15.0048    38.9923    29.0527 0.0000e+00
    333.000    15.0523     0.1941    98.2821 1.0000e-12 3.1198e+00    186.271    14.9998    38.9919    29.0535 0.0000e+00
    334.000    15.0481     0.1932    98.2881 1.0000e-12 3.8861e+00    186.045    14.9955    38.9914    29.0541 0.0000e+00
    335.000    15.0427     0.1876 -9.990e-29 1.0000e-12 2.2747e+00    186.128    14.9900    38.9908    29.0549 0.0000e+00
    336.000    15.0386     0.1886 -9.990e-29 1.0000e-12 2.5760e+00    185.805    14.9857    38.9905    29.0557 0.0000e+00
    337.000    15.0309     0.1854    98.2942 1.0000e-12 3.0189e+00    185.459    14.9779    38.9899    29.0570 0.0000e+00
    338.000    15.0207     0.1869    98.2852 -9.990e-29 2.3333e+00    185.519    14.9675    38.9893    29.0589 0.0000e+00
    339.000    15.0133     0.1852    98.2884 -9.990e-29 2.7538e+00    185.259    14.9600    38.9889    29.0603 0.0000e+00
    340.000    15.0111     0.1806 -9.990e-29 -9.990e-29 2.1624e+00    184.889    14.9577    38.9889    29.0608 0.0000e+00
    341.000    15.0073     0.1900 -9.990e-29 -9.990e-29 2.5526e+00    184.725    14.9537    38.9884    29.0613 0.0000e+00
    342.000    15.0023     0.1946    98.3002 1.0000e-12 2.3483e+00    184.652    14.9486    38.9880    29.0622 0.0000e+00
    343.000    14.9964     0.1878    98.2840 1.0000e-12 2.5236e+00    184.828    14.9425    38.9876    29.0632 0.0000e+00
    344.000    14.9890     0.1892    98.2958 1.0000e-12 3.4715e+00    184.757    14.9350    38.9869    29.0644 0.0000e+00
    345.000    14.9848     0.1897    98.2937 1.0000e-12 3.5214e+00    184.131    14.9306    38.9864    29.0650 0.0000e+00
    346.000    14.9823     0.1869    98.2865 -9.990e-29 2.0356e+00    184.487    14.9280    38.9861    29.0653 0.0000e+00
    347.000    14.9808     0.1910    98.2950 -9.990e-29 2.5256e+00    184.477    14.9263    38.9859    29.0655 0.0000e+00
    348.000    14.9763     0.1848    98.2971 1.0000e-12 2.8530e+00    183.942    14.9217    38.9854    29.0662 0.0000e+00
    349.000    14.9736     0.1848    98.2831 1.0000e-12 2.4617e+00    184.370    14.9189    38.9852    29.0667 0.0000e+00
    350.000    14.9685     0.1903    98.2843 1.0000e-12 1.7152e+00    184.367    14.9136    38.9844    29.0673 0.0000e+00
    351.000    14.9522     0.1876    98.2908 1.0000e-12 1.8885e+00    184.358    14.8971    38.9826    29.0696 0.0000e+00
    352.000    14.9419     0.1885    98.2951 1.0000e-12 2.9716e+00    183.313    14.8867    38.9818    29.0714 0.0000e+00
    353.000    14.9363     0.1866    98.2825 1.0000e-12 2.9093e+00    182.766    14.8810    38.9815    29.0724 0.0000e+00
    354.000    14.9350     0.1840    98.2966 -9.990e-29 1.3493e+00    183.315    14.8796    38.9816    29.0728 0.0000e+00
    355.000    14.9344     0.1889    98.2812 -9.990e-29 3.1340e+00    183.492    14.8787    38.9814    29.0729 0.0000e+00
    356.000    14.9326     0.1920    98.2965 1.0000e-12 2.5444e+00    183.619    14.8769    38.9811    29.0731 0.0000e+00
    357.000    14.9271     0.1904    98.2971 1.0000e-12 2.6811e+00    183.272    14.8712    38.9806    29.0739 0.0000e+00
    358.000    14.9234     0.1893    98.2963 1.4472e-06 2.7806e+00    182.607    14.8673    38.9803    29.0745 0.0000e+00
    359.000    14.9177     0.1864    98.2900 2.8849e-09 2.9257e+00    182.347    14.8615    38.9798    29.0755 0.0000e+00
    360.000    14.9104     0.1879    98.3042 1.0000e-12 2.2834e+00    182.364    14.8540    38.9790    29.0766 0.0000e+00
    361.000    14.9013     0.1857    98.2916 7.9395e-05 3.9038e+00    182.624    14.8448    38.9785    29.0782 0.0000e+00
    362.000    14.8964     0.1902    98.3049 -9.990e-29 3.2053e+00    182.297    14.8397    38.9784    29.0793 0.0000e+00
    363.000    14.8934     0.1904    98.2970 -9.990e-29 2.8215e+00    182.130    14.8366    38.9786    29.0802 0.0000e+00
    364.000    14.8925     0.1931    98.2938 1.0000e-12 2.6478e+00    182.424    14.8356    38.9787    29.0805 0.0000e+00
    365.000    14.8903     0.1901    98.3028 1.0000e-12 3.6944e+00    181.894    14.8332    38.9786    29.0810 0.0000e+00
    366.000    14.8884     0.1939    98.3028 1.0000e-12 1.5809e+00    181.689    14.8311    38.9785    29.0813 0.0000e+00
    367.000    14.8794     0.1933    98.2972 5.6907e-06 1.4946e+00    181.310    14.8221    38.9782    29.0832 0.0000e+00
    368.000    14.8719     0.1837    98.2915 1.7102e-06 2.3758e+00    181.451    14.8144    38.9784    29.0850 0.0000e+00
    369.000    14.8693     0.1844    98.2978 6.2052e-09 2.3724e+00    181.662    14.8116    38.9783    29.0856 0.0000e+00
    370.000    14.8678     0.1886    98.2958 -9.990e-29 2.5037e+00    180.873    14.8100    38.9783    29.0859 0.0000e+00
    371.000    14.8651     0.1939    98.2901 -9.990e-29 2.1221e+00    180.959    14.8072    38.9779    29.0863 0.0000e+00
    372.000    14.8619     0.1890    98.2884 -9.990e-29 2.2829e+00    181.064    14.8038    38.9777    29.0869 0.0000e+00
    373.000    14.8596     0.1844 -9.990e-29 -9.990e-29 2.4159e+00    181.409    14.8013    38.9776    29.0874 0.0000e+00
    374.000    14.8539     0.1922 -9.990e-29 -9.990e-29 2.0746e+00    181.131    14.7955    38.9769    29.0882 0.0000e+00
    375.000    14.8428     0.1872    98.2825 1.0000e-12 2.7365e+00    181.286    14.7842    38.9761    29.0901 0.0000e+00
    376.000    14.8407     0.1836    98.2915 9.5208e-05 2.0771e+00    180.486    14.7820    38.9758    29.0903 0.0000e+00
    377.000    14.8393     0.1825    98.2842 1.7721e-04 3.1732e+00    180.198    14.7804    38.9757    29.0906 0.0000e+00
    378.000    14.8367     0.1811    98.2915 7.5651e-07 2.5898e+00    180.520    14.7777    38.9753    29.0909 0.0000e+00
    379.000    14.8320     0.1782 -9.990e-29 4.6872e-05 2.1528e+00    180.215    14.7728    38.9748    29.0916 0.0000e+00
    380.000    14.8268     0.1835    98.2872 8.6584e-05 2.6813e+00    180.153    14.7674    38.9739    29.0922 0.0000e+00
    381.000    14.8204     0.1862    98.2817 5.0087e-04 2.4615e+00    180.433    14.7610    38.9731    29.0930 0.0000e+00
    382.000    14.8138     0.1885    98.2788 1.1611e-04 3.1212e+00    180.297    14.7542    38.9724    29.0940 0.0000e+00
    383.000    14.8111     0.1877    98.2829 7.1591e-05 1.8824e+00    180.246    14.7513    38.9722    29.0945 0.0000e+00
    384.000    14.8100     0.1884    98.2661 -9.990e-29 2.2613e+00    180.025    14.7501    38.9723    29.0948 0.0000e+00
    385.000    14.8083     0.1855    98.2771 -9.990e-29 3.1190e+00    180.059    14.7482    38.9720    29.0949 0.0000e+00
    386.000    14.8020     0.1916    98.2753 1.6965e-04 2.9002e+00    179.628    14.7418    38.9712    29.0958 0.0000e+00
    387.000    14.7993     0.1921    98.2598 4.6144e-04 2.1508e+00    179.742    14.7390    38.9709    29.0962 0.0000e+00
    388.000    14.7952     0.1893    98.2726 3.2323e-05 3.1522e+00    179.634    14.7348    38.9701    29.0965 0.0000e+00
    389.000    14.7848     0.1892    98.2561 -1.929e-08 3.1607e+00    180.064    14.7241    38.9686    29.0978 0.0000e+00
    390.000    14.7767     0.1879    98.2649 1.2068e-04 3.4737e+00    179.943    14.7160    38.9673    29.0986 0.0000e+00
    391.000    14.7682     0.1853    98.2711 6.8767e-04 1.9771e+00    179.313    14.7073    38.9661    29.0996 0.0000e+00
    392.000    14.7550     0.1881    98.2634 3.1948e-05 2.2858e+00    178.735    14.6940    38.9638    29.1008 0.0000e+00
    393.000    14.7395     0.1925    98.2811 1.6594e-05 2.0184e+00    179.069    14.6783    38.9617    29.1027 0.0000e+00
