Data/ruptures/PEACETIME/ION/PEACETIME_ION_CTD_043.cnv
* Sea-Bird SBE 9 Data File:
* FileName = C:\CTD\rawCTD\PEACETIME_ION_CTD_043.hdr
* Software Version Seasave V 7.23.2
* Temperature SN = 1378
* Conductivity SN = 2929
* Number of Bytes Per Scan = 38
* Number of Voltage Words = 5
* Number of Scans Averaged by the Deck Unit = 1
* NMEA Latitude = 35 29.35 N
* NMEA Longitude = 019 46.58 E
* NMEA UTC (Time) = May 26 2017  18:59:47
* NMEA baud rate = 4800
** Cruise:   PEACETIME
** Station:   ION_CTD_043
# nquan = 11
# nvalues = 203                         
# units = specified
# name 0 = prDM: Pressure, Digiquartz [db]
# name 1 = t090C: Temperature [ITS-90, deg C]
# name 2 = flC: Fluorescence, Chelsea Aqua 3 Chl Con [ug/l]
# name 3 = CStarTr0: Beam Transmission, WET Labs C-Star [%]
# name 4 = par: PAR/Irradiance, Biospherical/Licor
# name 5 = spar: SPAR/Surface Irradiance
# name 6 = sbeox0Mm/Kg: Oxygen, SBE 43 [umol/kg]
# name 7 = potemp090C: Potential Temperature [ITS-90, deg C]
# name 8 = sal00: Salinity, Practical [PSU]
# name 9 = sigma-é00: Density [sigma-theta, kg/m^3]
# name 10 = flag:
# span 0 =      1.000,    203.000       
# span 1 =    15.5543,    20.7349       
# span 2 =     0.1817,     0.3734       
# span 3 =    95.7893,    97.8975       
# span 4 = -2.579e-08, 3.8499e-01       
# span 5 = 1.1954e+00, 5.3746e+00       
# span 6 =    201.508,    230.895       
# span 7 =    15.5232,    20.7347       
# span 8 =    38.9984,    39.0479       
# span 9 =    27.6202,    28.9642       
# span 10 = 0.0000e+00, 0.0000e+00      
# interval = decibars: 1                
# start_time = May 26 2017 18:59:48 [NMEA time, first data scan]
# bad_flag = -9.990e-29
*END*
      1.000    20.7349     0.2247    96.2553 3.8499e-01 2.0746e+00    210.093    20.7347    39.0054    27.6202 0.0000e+00
      2.000    20.7142     0.2210    96.3822 2.3122e-01 2.7051e+00    211.188    20.7139    39.0064    27.6267 0.0000e+00
      3.000    20.7154     0.2197    96.4453 1.6862e-01 3.2684e+00    211.234    20.7148    39.0049    27.6253 0.0000e+00
      4.000    20.6977     0.2175    96.4369 6.4751e-02 3.0210e+00    212.140    20.6969    39.0058    27.6309 0.0000e+00
      5.000    20.7260     0.2147    96.4510 4.7400e-02 2.9276e+00    211.656    20.7250    39.0059    27.6232 0.0000e+00
      6.000    20.7219     0.2193    96.4476 3.9295e-02 2.9968e+00    211.167    20.7208    39.0059    27.6244 0.0000e+00
      7.000    20.7061     0.2176    96.4594 3.5306e-02 2.6227e+00    211.290    20.7048    39.0062    27.6290 0.0000e+00
      8.000    20.6739     0.2165    96.4533 1.2935e-02 3.8280e+00    211.515    20.6724    39.0071    27.6386 0.0000e+00
      9.000    20.6736     0.2179    96.4662 1.6616e-02 3.4640e+00    211.379    20.6719    39.0069    27.6386 0.0000e+00
     10.000    20.5366     0.2172    96.4703 6.5896e-03 1.8791e+00    211.685    20.5347    39.0080    27.6771 0.0000e+00
     11.000    20.4660     0.2154    96.4768 1.2333e-03 3.5720e+00    212.185    20.4639    39.0091    27.6974 0.0000e+00
     12.000    20.3514     0.2165    96.4942 1.0077e-03 3.1201e+00    212.185    20.3491    39.0135    27.7321 0.0000e+00
     13.000    20.2123     0.2096    96.5056 8.1663e-06 3.1674e+00    212.251    20.2099    39.0145    27.7707 0.0000e+00
     14.000    20.0265     0.2109    96.4975 -2.579e-08 4.0966e+00    213.219    20.0239    39.0171    27.8231 0.0000e+00
     15.000    19.9647     0.2129    96.4403 1.0000e-12 2.8747e+00    214.969    19.9619    39.0178    27.8403 0.0000e+00
     16.000    19.9331     0.2118    96.4701 1.0000e-12 3.2489e+00    215.172    19.9301    39.0157    27.8473 0.0000e+00
     17.000    19.8908     0.2068    96.4580 1.0000e-12 3.0587e+00    213.937    19.8876    39.0141    27.8575 0.0000e+00
     18.000    19.5164     0.2128    96.3858 1.0000e-12 2.5601e+00    213.159    19.5131    38.9984    27.9451 0.0000e+00
     19.000    18.6905     0.2129    96.3454 1.0000e-12 2.4801e+00    219.888    18.6871    39.0152    28.1750 0.0000e+00
     20.000    18.4647     0.2125    96.4369 1.0000e-12 3.1035e+00    221.595    18.4611    39.0142    28.2326 0.0000e+00
     21.000    18.2695     0.2020    96.4888 1.0000e-12 3.6907e+00    223.687    18.2658    39.0124    28.2812 0.0000e+00
     22.000    18.1783     0.2032    96.5575 1.0000e-12 3.3689e+00    225.096    18.1744    39.0098    28.3026 0.0000e+00
     23.000    18.1257     0.2023    96.6095 1.0000e-12 3.6452e+00    225.744    18.1217    39.0153    28.3202 0.0000e+00
     24.000    18.0907     0.2075    96.6646 1.0000e-12 3.5755e+00    225.834    18.0865    39.0165    28.3301 0.0000e+00
     25.000    18.0448     0.2063    96.6887 1.0000e-12 3.7214e+00    225.697    18.0404    39.0201    28.3445 0.0000e+00
     26.000    18.0057     0.2073    96.6727 1.0000e-12 1.2933e+00    226.517    18.0012    39.0292    28.3614 0.0000e+00
     27.000    17.9686     0.2056    96.7043 1.0000e-12 5.1588e+00    226.323    17.9639    39.0346    28.3751 0.0000e+00
     28.000    17.9477     0.2087    96.6988 1.0000e-12 4.0066e+00    226.224    17.9427    39.0375    28.3826 0.0000e+00
     29.000    17.9059     0.2065    96.6897 1.0000e-12 2.9486e+00    226.168    17.9009    39.0398    28.3950 0.0000e+00
     30.000    17.8594     0.2033    96.7145 1.0000e-12 2.2156e+00    226.066    17.8541    39.0410    28.4077 0.0000e+00
     31.000    17.8302     0.2042    96.6879 1.0000e-12 2.5636e+00    226.321    17.8248    39.0443    28.4176 0.0000e+00
     32.000    17.8097     0.2049    96.7130 1.0000e-12 3.2691e+00    226.499    17.8041    39.0437    28.4223 0.0000e+00
     33.000    17.7799     0.2010    96.6947 1.0000e-12 2.9664e+00    226.535    17.7741    39.0428    28.4291 0.0000e+00
     34.000    17.7550     0.2061    96.7087 1.0000e-12 1.8124e+00    226.920    17.7491    39.0445    28.4367 0.0000e+00
     35.000    17.7163     0.2150    96.7058 1.0000e-12 4.0975e+00    226.928    17.7102    39.0424    28.4449 0.0000e+00
     36.000    17.6827     0.2117    96.7010 1.0000e-12 2.1657e+00    227.045    17.6765    39.0431    28.4539 0.0000e+00
     37.000    17.6639     0.2077    96.6877 1.0000e-12 2.4362e+00    227.499    17.6575    39.0428    28.4584 0.0000e+00
     38.000    17.6062     0.2106    96.6740 1.0000e-12 2.6400e+00    227.802    17.5996    39.0379    28.4691 0.0000e+00
     39.000    17.4960     0.2069    96.6574 1.0000e-12 3.5576e+00    228.910    17.4893    39.0296    28.4902 0.0000e+00
     40.000    17.4363     0.2096    96.6337 1.0000e-12 3.6263e+00    229.684    17.4294    39.0270    28.5031 0.0000e+00
     41.000    17.3995     0.2147    96.6088 1.0000e-12 2.9943e+00    229.620    17.3924    39.0248    28.5106 0.0000e+00
     42.000    17.3601     0.2127    96.6065 1.0000e-12 3.1231e+00    229.290    17.3529    39.0235    28.5194 0.0000e+00
     43.000    17.3026     0.2172    96.6270 1.0000e-12 2.0439e+00    229.622    17.2952    39.0199    28.5309 0.0000e+00
     44.000    17.2553     0.2183    96.6048 1.0000e-12 2.6452e+00    229.993    17.2478    39.0204    28.5430 0.0000e+00
     45.000    17.2124     0.2112    96.6179 1.0000e-12 2.1159e+00    229.512    17.2047    39.0306    28.5615 0.0000e+00
     46.000    17.1464     0.2176    96.5940 1.0000e-12 2.8271e+00    229.838    17.1385    39.0343    28.5806 0.0000e+00
     47.000    17.1111     0.2189    96.5630 1.0000e-12 2.6806e+00    229.448    17.1031    39.0353    28.5901 0.0000e+00
     48.000    17.0706     0.2128    96.5539 1.0000e-12 2.8128e+00    229.585    17.0625    39.0308    28.5965 0.0000e+00
     49.000    16.9974     0.2100    96.5491 1.0000e-12 2.4612e+00    230.429    16.9892    39.0225    28.6081 0.0000e+00
     50.000    16.9518     0.2103    96.5339 1.0000e-12 5.3746e+00    230.461    16.9434    39.0286    28.6240 0.0000e+00
     51.000    16.8911     0.2177    96.5308 1.0000e-12 2.6679e+00    229.002    16.8826    39.0259    28.6367 0.0000e+00
     52.000    16.7926     0.2193    96.5256 -9.990e-29 2.6174e+00    229.129    16.7839    39.0217    28.6575 0.0000e+00
     53.000    16.7129     0.2211    96.4760 -9.990e-29 3.3758e+00    229.556    16.7040    39.0152    28.6719 0.0000e+00
     54.000    16.6491     0.2229    96.4724 1.0000e-12 3.9955e+00    229.427    16.6401    39.0127    28.6854 0.0000e+00
     55.000    16.6150     0.2203    96.4422 1.0000e-12 2.8724e+00    229.577    16.6058    39.0119    28.6930 0.0000e+00
     56.000    16.5545     0.2233    96.5269 1.0000e-12 3.2983e+00    229.061    16.5452    39.0093    28.7056 0.0000e+00
     57.000    16.5138     0.2267    96.4915 1.0000e-12 3.2962e+00    229.742    16.5043    39.0113    28.7170 0.0000e+00
     58.000    16.5058     0.2282    96.4904 1.0000e-12 3.2194e+00    229.964    16.4962    39.0119    28.7194 0.0000e+00
     59.000    16.4953     0.2215    96.4585 1.0000e-12 3.1687e+00    230.895    16.4855    39.0194    28.7277 0.0000e+00
     60.000    16.5094     0.2203    96.5440 1.0000e-12 3.0777e+00    230.195    16.4994    39.0282    28.7312 0.0000e+00
     61.000    16.5141     0.2186    96.4781 1.0000e-12 2.6216e+00    229.942    16.5039    39.0319    28.7330 0.0000e+00
     62.000    16.5075     0.2250    96.6016 1.0000e-12 3.4392e+00    229.836    16.4973    39.0329    28.7353 0.0000e+00
     63.000    16.4816     0.2332    96.5938 1.0000e-12 2.7911e+00    229.275    16.4712    39.0310    28.7401 0.0000e+00
     64.000    16.4588     0.2341    96.5692 1.0000e-12 4.1971e+00    228.818    16.4482    39.0334    28.7475 0.0000e+00
     65.000    16.4451     0.2336    96.5738 1.0000e-12 2.1766e+00    229.177    16.4343    39.0353    28.7523 0.0000e+00
     66.000    16.4264     0.2278    96.6288 1.0000e-12 2.8557e+00    228.279    16.4155    39.0345    28.7562 0.0000e+00
     67.000    16.4145     0.2283    96.6244 1.0000e-12 2.4028e+00    228.344    16.4034    39.0340    28.7587 0.0000e+00
     68.000    16.4033     0.2305    96.6076 1.0000e-12 3.0632e+00    227.969    16.3920    39.0351    28.7622 0.0000e+00
     69.000    16.3725     0.2328    96.6308 1.0000e-12 2.1022e+00    226.540    16.3611    39.0335    28.7684 0.0000e+00
     70.000    16.3477     0.2334    96.6271 1.0000e-12 2.6934e+00    226.201    16.3362    39.0346    28.7752 0.0000e+00
     71.000    16.3354     0.2343    96.6467 1.0000e-12 2.2097e+00    225.652    16.3237    39.0350    28.7785 0.0000e+00
     72.000    16.3250     0.2362    96.5465 1.0000e-12 3.1401e+00    225.231    16.3132    39.0348    28.7808 0.0000e+00
     73.000    16.3207     0.2431    96.5950 1.0000e-12 3.1633e+00    223.836    16.3086    39.0393    28.7854 0.0000e+00
     74.000    16.2991     0.2449    96.6110 1.0000e-12 2.2442e+00    222.994    16.2869    39.0409    28.7919 0.0000e+00
     75.000    16.2726     0.2412    96.6203 1.0000e-12 1.9677e+00    223.100    16.2602    39.0387    28.7965 0.0000e+00
     76.000    16.2672     0.2422    96.6099 1.0000e-12 2.8763e+00    221.140    16.2547    39.0436    28.8016 0.0000e+00
     77.000    16.2674     0.2497    96.5876 1.0000e-12 2.2182e+00    220.408    16.2548    39.0475    28.8046 0.0000e+00
     78.000    16.2587     0.2472    96.6180 1.0000e-12 3.5704e+00    219.643    16.2459    39.0479    28.8070 0.0000e+00
     79.000    16.2426     0.2598    96.5960 1.0000e-12 2.6397e+00    220.082    16.2297    39.0465    28.8098 0.0000e+00
     80.000    16.2191     0.2577    96.5870 1.0000e-12 1.5371e+00    219.352    16.2060    39.0442    28.8137 0.0000e+00
     81.000    16.1926     0.2601    96.5545 1.0000e-12 3.2173e+00    219.915    16.1794    39.0417    28.8181 0.0000e+00
     82.000    16.1889     0.2652    96.5518 1.0000e-12 3.2093e+00    219.241    16.1754    39.0426    28.8196 0.0000e+00
     83.000    16.1845     0.2691    96.5390 1.0000e-12 2.3384e+00    218.571    16.1709    39.0436    28.8215 0.0000e+00
     84.000    16.1732     0.2704    96.5131 1.0000e-12 2.8216e+00    218.546    16.1594    39.0432    28.8239 0.0000e+00
     85.000    16.1480     0.2750    96.4258 1.0000e-12 3.6291e+00    217.928    16.1341    39.0435    28.8302 0.0000e+00
     86.000    16.1313     0.2971    96.2075 1.0000e-12 2.1001e+00    218.608    16.1173    39.0426    28.8334 0.0000e+00
     87.000    16.1250     0.3002    96.3243 1.0000e-12 3.6125e+00    218.678    16.1107    39.0421    28.8346 0.0000e+00
     88.000    16.1104     0.3038    96.2896 1.0000e-12 3.9713e+00    219.769    16.0960    39.0395    28.8361 0.0000e+00
     89.000    16.0963     0.2983    96.2511 1.0000e-12 2.8859e+00    219.670    16.0818    39.0378    28.8382 0.0000e+00
     90.000    16.0834     0.3031    96.2564 1.0000e-12 3.2059e+00    219.011    16.0687    39.0372    28.8408 0.0000e+00
     91.000    16.0527     0.3156    96.2122 1.0000e-12 3.0430e+00    219.280    16.0378    39.0320    28.8441 0.0000e+00
     92.000    16.0327     0.3246    96.1291 1.0000e-12 3.0479e+00    219.897    16.0177    39.0283    28.8460 0.0000e+00
     93.000    16.0301     0.3304    96.1452 1.0000e-12 3.5541e+00    220.373    16.0150    39.0279    28.8463 0.0000e+00
     94.000    16.0153     0.3337    96.0626 1.0000e-12 2.7364e+00    219.720    16.0000    39.0251    28.8477 0.0000e+00
     95.000    16.0067     0.3660    95.8831 1.0000e-12 4.0503e+00    218.969    15.9913    39.0254    28.8500 0.0000e+00
     96.000    15.9944     0.3703    95.7923 1.0000e-12 2.3535e+00    217.632    15.9788    39.0251    28.8527 0.0000e+00
     97.000    15.9821     0.3734    95.7893 1.0000e-12 2.9911e+00    216.952    15.9663    39.0255    28.8559 0.0000e+00
     98.000    15.9726     0.3677    95.8062 1.0000e-12 3.6381e+00    217.088    15.9567    39.0258    28.8584 0.0000e+00
     99.000    15.9630     0.3586    95.9223 1.0000e-12 2.7239e+00    216.124    15.9469    39.0258    28.8608 0.0000e+00
    100.000    15.9591     0.3563    95.9842 1.0000e-12 2.4614e+00    215.570    15.9428    39.0261    28.8619 0.0000e+00
    101.000    15.9574     0.3450    96.1543 1.0000e-12 3.0937e+00    215.105    15.9410    39.0270    28.8631 0.0000e+00
    102.000    15.9522     0.3410    96.2900 1.0000e-12 2.7176e+00    214.860    15.9356    39.0274    28.8647 0.0000e+00
    103.000    15.9431     0.3418    96.4435 1.0000e-12 2.9173e+00    214.105    15.9263    39.0275    28.8669 0.0000e+00
    104.000    15.9329     0.3270    96.5825 1.0000e-12 2.7539e+00    213.400    15.9160    39.0288    28.8703 0.0000e+00
    105.000    15.9309     0.3576    96.8045 1.0000e-12 2.8178e+00    213.838    15.9138    39.0293    28.8712 0.0000e+00
    106.000    15.9275     0.3161    96.8629 1.0000e-12 2.5029e+00    213.130    15.9103    39.0309    28.8733 0.0000e+00
    107.000    15.9216     0.2881    96.9537 1.0000e-12 2.1110e+00    213.112    15.9042    39.0322    28.8757 0.0000e+00
    108.000    15.9169     0.2718    97.0740 1.0000e-12 2.9957e+00    213.593    15.8994    39.0330    28.8775 0.0000e+00
    109.000    15.9162     0.2673    97.1413 1.0000e-12 3.4884e+00    214.068    15.8985    39.0346    28.8789 0.0000e+00
    110.000    15.9174     0.2695    97.2261 1.0000e-12 3.4833e+00    213.606    15.8995    39.0369    28.8805 0.0000e+00
    111.000    15.9127     0.2689    97.2753 1.0000e-12 2.9100e+00    212.500    15.8947    39.0368    28.8815 0.0000e+00
    112.000    15.9103     0.2554    97.3315 1.0000e-12 3.2900e+00    213.392    15.8921    39.0379    28.8830 0.0000e+00
    113.000    15.9080     0.2533    97.3577 1.0000e-12 2.5808e+00    212.756    15.8897    39.0386    28.8841 0.0000e+00
    114.000    15.8990     0.2453    97.4219 1.0000e-12 2.6356e+00    212.343    15.8806    39.0372    28.8852 0.0000e+00
    115.000    15.8902     0.2369    97.4813 1.0000e-12 3.1234e+00    211.501    15.8715    39.0354    28.8859 0.0000e+00
    116.000    15.8823     0.2352    97.4760 1.0000e-12 2.2494e+00    211.531    15.8635    39.0341    28.8868 0.0000e+00
    117.000    15.8767     0.2318    97.5142 1.0000e-12 3.2174e+00    211.572    15.8577    39.0339    28.8879 0.0000e+00
    118.000    15.8794     0.2390    97.5159 1.0000e-12 3.0755e+00    211.513    15.8603    39.0356    28.8886 0.0000e+00
    119.000    15.8827     0.2369    97.5224 1.0000e-12 2.7741e+00    211.365    15.8634    39.0369    28.8889 0.0000e+00
    120.000    15.8865     0.2381    97.5604 1.0000e-12 2.6796e+00    210.660    15.8670    39.0384    28.8893 0.0000e+00
    121.000    15.8828     0.2351    97.5709 1.0000e-12 2.8744e+00    210.692    15.8632    39.0378    28.8897 0.0000e+00
    122.000    15.8706     0.2371    97.5919 1.0000e-12 1.7343e+00    210.968    15.8508    39.0356    28.8908 0.0000e+00
    123.000    15.8592     0.2261    97.6048 1.0000e-12 1.7965e+00    210.481    15.8393    39.0336    28.8921 0.0000e+00
    124.000    15.8497     0.2216    97.5858 1.0000e-12 3.4935e+00    209.987    15.8296    39.0314    28.8926 0.0000e+00
    125.000    15.8337     0.2167    97.6229 1.0000e-12 3.4589e+00    209.643    15.8135    39.0286    28.8943 0.0000e+00
    126.000    15.8172     0.2120    97.6638 1.0000e-12 1.4493e+00    210.342    15.7968    39.0271    28.8970 0.0000e+00
    127.000    15.8135     0.2077    97.6904 1.0000e-12 2.5554e+00    209.779    15.7930    39.0270    28.8978 0.0000e+00
    128.000    15.8068     0.2056    97.7152 1.0000e-12 2.4807e+00    209.279    15.7861    39.0264    28.8990 0.0000e+00
    129.000    15.7975     0.2098    97.7233 1.0000e-12 2.6102e+00    209.880    15.7767    39.0256    28.9005 0.0000e+00
    130.000    15.7910     0.2055    97.7431 1.0000e-12 3.8053e+00    210.095    15.7700    39.0249    28.9016 0.0000e+00
    131.000    15.7882     0.2058    97.7554 1.0000e-12 2.6151e+00    209.717    15.7670    39.0245    28.9019 0.0000e+00
