Data/ruptures/PEACETIME/ION/PEACETIME_ION_CTD_040.cnv
* Sea-Bird SBE 9 Data File:
* FileName = C:\CTD\rawCTD\PEACETIME_ION_CTD_040.hdr
* Software Version Seasave V 7.23.2
* Temperature SN = 1378
* Conductivity SN = 2929
* Number of Bytes Per Scan = 38
* Number of Voltage Words = 5
* Number of Scans Averaged by the Deck Unit = 1
* NMEA Latitude = 35 29.35 N
* NMEA Longitude = 019 46.59 E
* NMEA UTC (Time) = May 26 2017  02:25:31
* NMEA baud rate = 4800
** Cruise:   PEACETIME
** Station:   ION_CTD_040
# nquan = 11
# nvalues = 501                         
# units = specified
# name 0 = prDM: Pressure, Digiquartz [db]
# name 1 = t090C: Temperature [ITS-90, deg C]
# name 2 = flC: Fluorescence, Chelsea Aqua 3 Chl Con [ug/l]
# name 3 = CStarTr0: Beam Transmission, WET Labs C-Star [%]
# name 4 = par: PAR/Irradiance, Biospherical/Licor
# name 5 = spar: SPAR/Surface Irradiance
# name 6 = sbeox0Mm/Kg: Oxygen, SBE 43 [umol/kg]
# name 7 = potemp090C: Potential Temperature [ITS-90, deg C]
# name 8 = sal00: Salinity, Practical [PSU]
# name 9 = sigma-é00: Density [sigma-theta, kg/m^3]
# name 10 = flag:
# span 0 =      1.000,    501.000       
# span 1 =    14.3960,    20.6564       
# span 2 =     0.1747,     0.3746       
# span 3 =    96.4965,    98.3994       
# span 4 = -1.611e-06, 3.0198e-01       
# span 5 = 1.2584e+00, 5.5518e+00       
# span 6 =    171.971,    233.210       
# span 7 =    14.3191,    20.6562       
# span 8 =    38.8671,    39.0508       
# span 9 =    27.6596,    29.1422       
# span 10 = 0.0000e+00, 0.0000e+00      
# interval = decibars: 1                
# start_time = May 26 2017 02:25:32 [NMEA time, first data scan]
# bad_flag = -9.990e-29
*END*
      1.000    20.6564     0.2237    96.5018 3.0198e-01 2.6288e+00    211.121    20.6562    39.0287    27.6596 0.0000e+00
      2.000    20.6531     0.2200    96.6687 1.9977e-01 3.3249e+00    210.039    20.6527    39.0293    27.6610 0.0000e+00
      3.000    20.4099     0.2170    96.7950 1.2541e-01 4.1715e+00    211.614    20.4094    39.0275    27.7263 0.0000e+00
      4.000    20.3362     0.2154    96.9205 8.5336e-02 4.6792e+00    212.077    20.3354    39.0279    27.7468 0.0000e+00
      5.000    20.3354     0.2155    96.9271 6.4178e-02 4.2199e+00    212.382    20.3344    39.0283    27.7474 0.0000e+00
      6.000    20.3020     0.2127    96.9328 3.0297e-02 3.5146e+00    213.099    20.3008    39.0289    27.7570 0.0000e+00
      7.000    20.2855     0.2126    96.9223 1.7734e-02 4.6511e+00    212.944    20.2841    39.0289    27.7615 0.0000e+00
      8.000    20.2650     0.2077    96.9434 1.4931e-02 1.9537e+00    213.289    20.2635    39.0284    27.7668 0.0000e+00
      9.000    20.2491     0.2107    96.9350 1.1605e-02 2.2092e+00    213.688    20.2474    39.0293    27.7718 0.0000e+00
     10.000    20.1999     0.2096    96.9556 1.2011e-02 3.3847e+00    213.543    20.1980    39.0274    27.7838 0.0000e+00
     11.000    20.1614     0.2098    96.9568 2.7820e-03 3.6079e+00    213.805    20.1594    39.0286    27.7953 0.0000e+00
     12.000    20.1540     0.2089    96.9650 4.1709e-04 2.9524e+00    214.459    20.1518    39.0292    27.7978 0.0000e+00
     13.000    20.1469     0.2067    96.9799 3.9819e-05 1.9173e+00    214.078    20.1444    39.0310    27.8011 0.0000e+00
     14.000    20.1284     0.2096    96.9759 1.2735e-07 2.9289e+00    213.555    20.1257    39.0334    27.8080 0.0000e+00
     15.000    20.0994     0.2090    96.9947 1.0000e-12 4.0443e+00    213.661    20.0965    39.0334    27.8159 0.0000e+00
     16.000    20.0425     0.2014    97.0211 1.0000e-12 4.1112e+00    214.044    20.0395    39.0280    27.8272 0.0000e+00
     17.000    20.0046     0.2078    97.0077 1.0000e-12 3.0740e+00    214.507    20.0014    39.0267    27.8365 0.0000e+00
     18.000    19.9802     0.2166    97.0186 1.0000e-12 3.0565e+00    214.588    19.9768    39.0250    27.8418 0.0000e+00
     19.000    19.9149     0.2121    96.9712 1.0000e-12 2.9126e+00    214.053    19.9113    39.0206    27.8561 0.0000e+00
     20.000    19.7542     0.2056    96.9166 1.0000e-12 3.3194e+00    213.911    19.7505    39.0128    27.8932 0.0000e+00
     21.000    19.3429     0.2069    96.8721 1.0000e-12 2.7822e+00    216.944    19.3390    39.0109    28.0013 0.0000e+00
     22.000    19.2074     0.2061    96.8146 1.0000e-12 3.7615e+00    217.560    19.2034    39.0096    28.0360 0.0000e+00
     23.000    18.8690     0.2075    96.8116 1.0000e-12 3.5708e+00    219.932    18.8649    39.0079    28.1233 0.0000e+00
     24.000    18.6629     0.2065    96.8362 1.0000e-12 3.5164e+00    220.924    18.6585    39.0047    28.1744 0.0000e+00
     25.000    18.4220     0.2096    96.9007 1.0000e-12 4.3639e+00    221.981    18.4175    39.0093    28.2400 0.0000e+00
     26.000    18.2386     0.2040    96.9668 1.0000e-12 3.0115e+00    224.161    18.2340    39.0182    28.2939 0.0000e+00
     27.000    18.1581     0.2025    97.0257 1.0000e-12 3.0558e+00    225.011    18.1533    39.0232    28.3182 0.0000e+00
     28.000    18.1170     0.2043    97.0892 1.0000e-12 3.9302e+00    225.444    18.1120    39.0260    28.3309 0.0000e+00
     29.000    18.0434     0.2055    97.0841 1.0000e-12 3.1542e+00    226.138    18.0383    39.0290    28.3519 0.0000e+00
     30.000    18.0014     0.2110    97.0827 1.0000e-12 3.5467e+00    226.008    17.9962    39.0302    28.3635 0.0000e+00
     31.000    17.9750     0.2129    97.0911 1.0000e-12 3.6740e+00    226.158    17.9695    39.0400    28.3777 0.0000e+00
     32.000    17.9458     0.2076    97.1104 1.0000e-12 3.9350e+00    226.360    17.9402    39.0481    28.3914 0.0000e+00
     33.000    17.9106     0.2078    97.1172 1.0000e-12 3.2159e+00    226.847    17.9049    39.0508    28.4023 0.0000e+00
     34.000    17.8744     0.2058    97.1191 1.0000e-12 3.3525e+00    227.363    17.8685    39.0491    28.4102 0.0000e+00
     35.000    17.8254     0.2064    97.1254 1.0000e-12 2.8292e+00    227.695    17.8193    39.0491    28.4226 0.0000e+00
     36.000    17.7813     0.2071    97.1154 1.0000e-12 3.1126e+00    227.526    17.7750    39.0471    28.4322 0.0000e+00
     37.000    17.7284     0.2056    97.1357 1.0000e-12 3.1210e+00    228.429    17.7219    39.0380    28.4386 0.0000e+00
     38.000    17.6590     0.2054    97.1072 1.0000e-12 3.1156e+00    228.106    17.6524    39.0274    28.4478 0.0000e+00
     39.000    17.5469     0.2086    97.1376 1.0000e-12 4.7676e+00    228.678    17.5402    39.0279    28.4762 0.0000e+00
     40.000    17.4894     0.2085    97.1145 1.0000e-12 4.0632e+00    229.018    17.4825    39.0410    28.5007 0.0000e+00
     41.000    17.4272     0.2118    97.1090 1.0000e-12 2.7469e+00    229.360    17.4202    39.0422    28.5171 0.0000e+00
     42.000    17.3098     0.2119    97.0653 1.0000e-12 3.7278e+00    228.507    17.3026    39.0243    28.5324 0.0000e+00
     43.000    17.0128     0.2137    97.0671 1.0000e-12 4.8135e+00    229.927    17.0056    38.9498    28.5481 0.0000e+00
     44.000    16.8324     0.2208    97.0234 1.0000e-12 2.4188e+00    230.962    16.8251    38.9139    28.5645 0.0000e+00
     45.000    16.7650     0.2162    96.9752 1.0000e-12 2.6427e+00    231.373    16.7575    38.9011    28.5711 0.0000e+00
     46.000    16.6982     0.2089    96.9156 1.0000e-12 2.4392e+00    231.970    16.6905    38.8887    28.5777 0.0000e+00
     47.000    16.6373     0.2164    96.8807 1.0000e-12 4.3175e+00    232.171    16.6294    38.8817    28.5871 0.0000e+00
     48.000    16.5560     0.2217    96.8983 1.0000e-12 3.8034e+00    231.903    16.5481    38.8731    28.6001 0.0000e+00
     49.000    16.5033     0.2219    96.8787 1.0000e-12 2.4896e+00    232.323    16.4952    38.8671    28.6082 0.0000e+00
     50.000    16.4957     0.2259    96.8640 1.0000e-12 2.2150e+00    232.409    16.4875    38.8693    28.6117 0.0000e+00
     51.000    16.5077     0.2196    96.8685 1.0000e-12 2.1568e+00    233.138    16.4993    38.8796    28.6168 0.0000e+00
     52.000    16.5535     0.2194    96.8993 1.0000e-12 5.0471e+00    233.035    16.5449    38.9058    28.6260 0.0000e+00
     53.000    16.6334     0.2228    96.8832 1.0000e-12 2.3770e+00    233.210    16.6245    38.9498    28.6407 0.0000e+00
     54.000    16.7774     0.2241    96.8637 1.0000e-12 3.2208e+00    231.972    16.7684    39.0030    28.6469 0.0000e+00
     55.000    16.7973     0.2225    96.9167 1.0000e-12 3.2165e+00    231.992    16.7881    39.0113    28.6484 0.0000e+00
     56.000    16.8107     0.2231    96.9750 1.0000e-12 3.3844e+00    230.877    16.8013    39.0157    28.6486 0.0000e+00
     57.000    16.7510     0.2182    96.9968 1.0000e-12 3.9893e+00    230.663    16.7414    38.9991    28.6504 0.0000e+00
     58.000    16.7224     0.2205    96.9708 1.0000e-12 1.5625e+00    231.031    16.7127    38.9940    28.6534 0.0000e+00
     59.000    16.7105     0.2167    96.9814 1.0000e-12 2.9229e+00    231.185    16.7006    38.9957    28.6577 0.0000e+00
     60.000    16.7882     0.2192    96.9594 1.0000e-12 4.0696e+00    231.031    16.7782    39.0303    28.6655 0.0000e+00
     61.000    16.8001     0.2158    96.9998 1.0000e-12 3.4324e+00    230.050    16.7898    39.0359    28.6670 0.0000e+00
     62.000    16.7313     0.2219    97.0283 -9.990e-29 3.4634e+00    229.876    16.7209    39.0270    28.6768 0.0000e+00
     63.000    16.7064     0.2240    96.9603 1.0000e-12 2.3431e+00    229.915    16.6958    39.0273    28.6832 0.0000e+00
     64.000    16.6975     0.2170    97.0349 1.0000e-12 3.4289e+00    230.308    16.6868    39.0355    28.6916 0.0000e+00
     65.000    16.6718     0.2207    96.9856 1.0000e-12 3.5093e+00    231.161    16.6610    39.0363    28.6985 0.0000e+00
     66.000    16.6603     0.2242    97.0345 1.0000e-12 3.1432e+00    230.485    16.6493    39.0362    28.7012 0.0000e+00
     67.000    16.6214     0.2285    97.0678 1.0000e-12 2.8878e+00    230.526    16.6102    39.0365    28.7109 0.0000e+00
     68.000    16.5869     0.2274    97.0825 1.0000e-12 5.5518e+00    230.080    16.5755    39.0347    28.7179 0.0000e+00
     69.000    16.5404     0.2215    97.0793 1.0000e-12 3.1992e+00    230.096    16.5289    39.0340    28.7286 0.0000e+00
     70.000    16.5026     0.2254    97.0734 1.0000e-12 3.9165e+00    230.148    16.4910    39.0325    28.7365 0.0000e+00
     71.000    16.4523     0.2254    97.0988 1.0000e-12 3.7567e+00    230.750    16.4406    39.0312    28.7477 0.0000e+00
     72.000    16.4297     0.2251    97.0483 1.0000e-12 2.7127e+00    230.023    16.4178    39.0321    28.7537 0.0000e+00
     73.000    16.4266     0.2281    97.0748 1.0000e-12 3.7764e+00    229.430    16.4146    39.0325    28.7548 0.0000e+00
     74.000    16.4201     0.2273    97.1532 1.0000e-12 2.7087e+00    229.382    16.4079    39.0334    28.7571 0.0000e+00
     75.000    16.4040     0.2321    97.1528 1.0000e-12 3.8471e+00    229.877    16.3916    39.0343    28.7618 0.0000e+00
     76.000    16.3929     0.2303    97.1704 1.0000e-12 1.9992e+00    229.782    16.3803    39.0351    28.7651 0.0000e+00
     77.000    16.3721     0.2287    97.1332 1.0000e-12 3.0597e+00    227.880    16.3594    39.0355    28.7704 0.0000e+00
     78.000    16.3399     0.2343    97.1461 1.0000e-12 3.6253e+00    227.241    16.3270    39.0357    28.7782 0.0000e+00
     79.000    16.3259     0.2316    97.1805 1.0000e-12 3.2153e+00    227.445    16.3129    39.0353    28.7813 0.0000e+00
     80.000    16.3047     0.2293    97.1367 1.0000e-12 3.4488e+00    227.798    16.2915    39.0379    28.7884 0.0000e+00
     81.000    16.2930     0.2342    97.1067 1.0000e-12 4.0855e+00    227.956    16.2797    39.0394    28.7924 0.0000e+00
     82.000    16.2755     0.2506    97.1794 1.0000e-12 2.1399e+00    227.634    16.2620    39.0389    28.7962 0.0000e+00
     83.000    16.2638     0.2380    97.1963 1.0000e-12 2.8629e+00    226.653    16.2502    39.0396    28.7996 0.0000e+00
     84.000    16.2463     0.2339    97.1607 1.0000e-12 3.4417e+00    226.228    16.2324    39.0400    28.8041 0.0000e+00
     85.000    16.2341     0.2353    97.1856 1.0000e-12 2.7729e+00    225.646    16.2202    39.0388    28.8061 0.0000e+00
     86.000    16.2210     0.2435    97.1682 1.0000e-12 2.4155e+00    224.904    16.2068    39.0346    28.8061 0.0000e+00
     87.000    16.1772     0.2615    97.1746 1.0000e-12 2.0917e+00    223.710    16.1630    39.0252    28.8092 0.0000e+00
     88.000    16.1337     0.2686    97.1343 1.0000e-12 3.5250e+00    223.651    16.1193    39.0162    28.8126 0.0000e+00
     89.000    16.1238     0.2598    97.0101 1.0000e-12 3.7657e+00    223.561    16.1093    39.0162    28.8150 0.0000e+00
     90.000    16.1217     0.2579    96.9594 1.0000e-12 2.8699e+00    223.471    16.1070    39.0190    28.8177 0.0000e+00
     91.000    16.0950     0.2640    96.9200 1.0000e-12 2.9342e+00    222.018    16.0802    39.0157    28.8215 0.0000e+00
     92.000    16.0737     0.2721    96.8834 1.0000e-12 4.0444e+00    222.015    16.0587    39.0146    28.8257 0.0000e+00
     93.000    16.0702     0.2784    96.7267 1.0000e-12 2.8004e+00    222.813    16.0550    39.0192    28.8302 0.0000e+00
     94.000    16.0808     0.2789    96.7404 1.0000e-12 3.6397e+00    223.256    16.0654    39.0269    28.8336 0.0000e+00
     95.000    16.0844     0.2760    96.7459 1.0000e-12 2.9123e+00    222.970    16.0689    39.0304    28.8355 0.0000e+00
     96.000    16.0770     0.2877    96.7676 1.0000e-12 3.2119e+00    222.482    16.0614    39.0311    28.8378 0.0000e+00
     97.000    16.0689     0.2924    96.7146 1.0000e-12 3.4075e+00    221.622    16.0531    39.0315    28.8401 0.0000e+00
     98.000    16.0569     0.2959    96.7603 1.0000e-12 2.9673e+00    221.042    16.0409    39.0317    28.8432 0.0000e+00
     99.000    16.0400     0.3200    96.6217 1.0000e-12 3.2478e+00    220.768    16.0239    39.0315    28.8470 0.0000e+00
    100.000    16.0296     0.3473    96.6412 1.0000e-12 2.5971e+00    220.276    16.0133    39.0331    28.8507 0.0000e+00
    101.000    16.0155     0.3590    96.4965 1.0000e-12 4.0620e+00    218.871    15.9991    39.0332    28.8542 0.0000e+00
    102.000    16.0110     0.3746    96.5071 1.0000e-12 2.7340e+00    218.264    15.9944    39.0337    28.8557 0.0000e+00
    103.000    15.9908     0.3361    96.8183 1.0000e-12 2.2990e+00    216.714    15.9741    39.0329    28.8598 0.0000e+00
    104.000    15.9814     0.3224    96.9556 1.0000e-12 3.4889e+00    216.463    15.9645    39.0317    28.8612 0.0000e+00
    105.000    15.9759     0.3227    97.0770 1.0000e-12 3.5986e+00    215.682    15.9588    39.0307    28.8617 0.0000e+00
    106.000    15.9720     0.3174    97.1632 1.0000e-12 3.8242e+00    215.819    15.9548    39.0298    28.8620 0.0000e+00
    107.000    15.9640     0.3008    97.1870 1.0000e-12 2.5077e+00    214.980    15.9466    39.0301    28.8642 0.0000e+00
    108.000    15.9510     0.2834    97.3478 1.0000e-12 3.6638e+00    214.503    15.9334    39.0285    28.8660 0.0000e+00
    109.000    15.9309     0.2749    97.4688 1.0000e-12 2.8053e+00    214.180    15.9132    39.0252    28.8682 0.0000e+00
    110.000    15.9206     0.2657    97.5020 1.0000e-12 2.5381e+00    214.497    15.9027    39.0237    28.8695 0.0000e+00
    111.000    15.9124     0.2725    97.6566 1.0000e-12 3.4082e+00    214.412    15.8944    39.0224    28.8704 0.0000e+00
    112.000    15.9039     0.2619    97.6254 1.0000e-12 3.2499e+00    213.622    15.8857    39.0209    28.8713 0.0000e+00
    113.000    15.8966     0.2564    97.7703 1.0000e-12 4.0648e+00    212.898    15.8783    39.0209    28.8731 0.0000e+00
    114.000    15.8925     0.2489    97.7995 1.0000e-12 2.8317e+00    212.899    15.8741    39.0210    28.8742 0.0000e+00
    115.000    15.8909     0.2666    97.8101 1.0000e-12 3.5509e+00    212.926    15.8722    39.0210    28.8746 0.0000e+00
    116.000    15.8905     0.2579    97.8581 1.0000e-12 2.1270e+00    213.317    15.8717    39.0210    28.8747 0.0000e+00
    117.000    15.8902     0.2483    97.8383 1.0000e-12 3.5527e+00    212.711    15.8712    39.0210    28.8748 0.0000e+00
    118.000    15.8901     0.2400    97.8732 1.0000e-12 2.1627e+00    213.075    15.8710    39.0209    28.8748 0.0000e+00
    119.000    15.8907     0.2391    97.8393 1.0000e-12 3.0216e+00    212.971    15.8714    39.0210    28.8748 0.0000e+00
    120.000    15.8907     0.2431    97.8448 1.0000e-12 2.3205e+00    212.955    15.8713    39.0209    28.8748 0.0000e+00
    121.000    15.8908     0.2434    97.8744 1.0000e-12 3.9470e+00    213.019    15.8712    39.0208    28.8747 0.0000e+00
    122.000    15.8904     0.2460    97.8280 1.0000e-12 3.1768e+00    212.984    15.8706    39.0207    28.8747 0.0000e+00
    123.000    15.8869     0.2414    97.8461 1.0000e-12 3.4562e+00    213.227    15.8669    39.0198    28.8749 0.0000e+00
    124.000    15.8811     0.2409    97.8768 1.0000e-12 3.7060e+00    213.080    15.8610    39.0195    28.8761 0.0000e+00
    125.000    15.8768     0.2431    97.9021 1.0000e-12 1.3220e+00    212.220    15.8566    39.0189    28.8766 0.0000e+00
    126.000    15.8739     0.2381    97.9273 1.0000e-12 3.4195e+00    212.002    15.8535    39.0188    28.8773 0.0000e+00
    127.000    15.8721     0.2342    97.9184 1.0000e-12 2.5709e+00    212.730    15.8516    39.0183    28.8774 0.0000e+00
    128.000    15.8652     0.2354    97.8890 1.0000e-12 3.3176e+00    212.116    15.8444    39.0176    28.8785 0.0000e+00
    129.000    15.8582     0.2302    97.9591 1.0000e-12 3.1813e+00    212.289    15.8374    39.0176    28.8801 0.0000e+00
    130.000    15.8565     0.2247    97.9610 1.0000e-12 2.1206e+00    212.372    15.8354    39.0178    28.8808 0.0000e+00
    131.000    15.8516     0.2327    97.9732 1.0000e-12 2.2819e+00    212.035    15.8304    39.0184    28.8824 0.0000e+00
