Data/ruptures/PEACETIME/ION/PEACETIME_ION_CTD_049.cnv
* Sea-Bird SBE 9 Data File:
* FileName = C:\CTD\rawCTD\PEACETIME_ION_CTD_049.hdr
* Software Version Seasave V 7.23.2
* Temperature SN = 1378
* Conductivity SN = 2929
* Number of Bytes Per Scan = 38
* Number of Voltage Words = 5
* Number of Scans Averaged by the Deck Unit = 1
* NMEA Latitude = 35 29.35 N
* NMEA Longitude = 019 46.59 E
* NMEA UTC (Time) = May 28 2017  03:45:02
* NMEA baud rate = 4800
** Cruise:   PEACETIME
** Station:   ION_CTD_049
# nquan = 11
# nvalues = 3144                        
# units = specified
# name 0 = prDM: Pressure, Digiquartz [db]
# name 1 = t090C: Temperature [ITS-90, deg C]
# name 2 = flC: Fluorescence, Chelsea Aqua 3 Chl Con [ug/l]
# name 3 = CStarTr0: Beam Transmission, WET Labs C-Star [%]
# name 4 = par: PAR/Irradiance, Biospherical/Licor
# name 5 = spar: SPAR/Surface Irradiance
# name 6 = sbeox0Mm/Kg: Oxygen, SBE 43 [umol/kg]
# name 7 = potemp090C: Potential Temperature [ITS-90, deg C]
# name 8 = sal00: Salinity, Practical [PSU]
# name 9 = sigma-é00: Density [sigma-theta, kg/m^3]
# name 10 = flag:
# span 0 =      3.000,   3146.000       
# span 1 =    13.7804,    20.5029       
# span 2 =     0.1702,     0.3350       
# span 3 =    96.4068,    98.5517       
# span 4 = -1.665e-05, 3.0019e+01       
# span 5 = 1.9439e+02, 1.2877e+03       
# span 6 =    167.710,    231.295       
# span 7 =    13.4270,    20.4998       
# span 8 =    38.7332,    39.0760       
# span 9 =    27.7010,    29.1990       
# span 10 = 0.0000e+00, 0.0000e+00      
# interval = decibars: 1                
# start_time = May 28 2017 03:49:07 [NMEA time, first data scan]
# bad_flag = -9.990e-29
*END*
[from data line 2886]
   2889.000    13.8960     0.1837 -9.990e-29 5.2729e-06 1.2049e+03    178.065    13.4316    38.7335    29.1980 0.0000e+00
   2890.000    13.8961     0.1811 -9.990e-29 2.3155e-05 1.2047e+03    177.961    13.4314    38.7336    29.1981 0.0000e+00
   2891.000    13.8961     0.1863 -9.990e-29 1.0261e-04 1.2069e+03    178.262    13.4313    38.7336    29.1981 0.0000e+00
   2892.000    13.8962     0.1891 -9.990e-29 4.2380e-07 1.2037e+03    178.240    13.4312    38.7334    29.1980 0.0000e+00
   2893.000    13.8964     0.1912 -9.990e-29 1.4116e-04 1.2044e+03    178.106    13.4312    38.7334    29.1980 0.0000e+00
   2894.000    13.8965     0.1891 -9.990e-29 1.3834e-04 1.2082e+03    178.130    13.4311    38.7335    29.1981 0.0000e+00
   2895.000    13.8966     0.1866 -9.990e-29 1.9150e-03 1.2040e+03    178.152    13.4311    38.7336    29.1981 0.0000e+00
   2896.000    13.8967     0.1893 -9.990e-29 6.8994e-04 1.2067e+03    177.930    13.4310    38.7335    29.1981 0.0000e+00
   2897.000    13.8969     0.1887 -9.990e-29 3.9142e-03 1.2058e+03    177.770    13.4311    38.7335    29.1981 0.0000e+00
   2898.000    13.8970     0.1880 -9.990e-29 1.6017e-03 1.2099e+03    177.717    13.4310    38.7335    29.1981 0.0000e+00
   2899.000    13.8971     0.1881 -9.990e-29 1.8849e-03 1.2038e+03    177.875    13.4309    38.7336    29.1982 0.0000e+00
   2900.000    13.8973     0.1890 -9.990e-29 1.2758e-03 1.2084e+03    178.101    13.4310    38.7334    29.1980 0.0000e+00
   2901.000    13.8976     0.1853 -9.990e-29 5.5644e-04 1.2106e+03    178.250    13.4310    38.7334    29.1980 0.0000e+00
   2902.000    13.8976     0.1778 -9.990e-29 6.9737e-04 1.2100e+03    178.261    13.4309    38.7335    29.1981 0.0000e+00
   2903.000    13.8977     0.1790 -9.990e-29 6.2493e-04 1.2112e+03    177.928    13.4308    38.7334    29.1981 0.0000e+00
   2904.000    13.8978     0.1877 -9.990e-29 9.2975e-06 1.2071e+03    177.440    13.4308    38.7335    29.1981 0.0000e+00
   2905.000    13.8981     0.1839 -9.990e-29 1.0000e-12 1.2096e+03    177.553    13.4308    38.7335    29.1982 0.0000e+00
   2906.000    13.8982     0.1814 -9.990e-29 4.6597e-06 1.2087e+03    177.856    13.4307    38.7336    29.1982 0.0000e+00
   2907.000    13.8985     0.1858 -9.990e-29 1.8859e-05 1.2096e+03    178.185    13.4309    38.7334    29.1981 0.0000e+00
   2908.000    13.8986     0.1873 -9.990e-29 -9.990e-29 1.2093e+03    177.947    13.4308    38.7335    29.1981 0.0000e+00
   2909.000    13.8988     0.1896 -9.990e-29 -9.990e-29 1.2032e+03    177.922    13.4309    38.7334    29.1981 0.0000e+00
   2910.000    13.8989     0.1886 -9.990e-29 -9.990e-29 1.2085e+03    177.789    13.4308    38.7335    29.1981 0.0000e+00
   2911.000    13.8992     0.1839 -9.990e-29 1.0000e-12 1.2068e+03    177.882    13.4308    38.7334    29.1980 0.0000e+00
   2912.000    13.8992     0.1906 -9.990e-29 1.7187e-04 1.2015e+03    178.026    13.4307    38.7336    29.1982 0.0000e+00
   2913.000    13.8993     0.1905 -9.990e-29 -2.160e-06 1.2095e+03    178.266    13.4306    38.7335    29.1982 0.0000e+00
   2914.000    13.8994     0.1935 -9.990e-29 4.2880e-04 1.2067e+03    178.063    13.4305    38.7335    29.1982 0.0000e+00
   2915.000    13.8995     0.1910 -9.990e-29 7.7831e-04 1.2119e+03    178.076    13.4305    38.7336    29.1983 0.0000e+00
   2916.000    13.8997     0.1899 -9.990e-29 2.0841e-04 1.2070e+03    178.031    13.4305    38.7335    29.1982 0.0000e+00
   2917.000    13.8999     0.1811 -9.990e-29 5.1895e-05 1.2056e+03    178.075    13.4305    38.7334    29.1982 0.0000e+00
   2918.000    13.9001     0.1855 -9.990e-29 1.4701e-04 1.2076e+03    177.993    13.4305    38.7335    29.1982 0.0000e+00
   2919.000    13.9003     0.1851 -9.990e-29 1.1751e-04 1.2119e+03    178.133    13.4305    38.7334    29.1982 0.0000e+00
   2920.000    13.9005     0.1858 -9.990e-29 6.2625e-04 1.2118e+03    178.266    13.4306    38.7335    29.1982 0.0000e+00
   2921.000    13.9005     0.1896 -9.990e-29 6.6501e-04 1.2141e+03    178.175    13.4304    38.7335    29.1982 0.0000e+00
   2922.000    13.9008     0.1887 -9.990e-29 8.9257e-04 1.2108e+03    178.131    13.4305    38.7335    29.1982 0.0000e+00
   2923.000    13.9009     0.1890 -9.990e-29 2.7139e-04 1.2108e+03    178.092    13.4305    38.7335    29.1982 0.0000e+00
   2924.000    13.9011     0.1852 -9.990e-29 4.4821e-04 1.2113e+03    177.985    13.4305    38.7335    29.1983 0.0000e+00
   2925.000    13.9012     0.1840 -9.990e-29 9.7920e-07 1.2100e+03    177.854    13.4304    38.7336    29.1983 0.0000e+00
   2926.000    13.9013     0.1885 -9.990e-29 2.0830e-04 1.2147e+03    177.562    13.4303    38.7334    29.1982 0.0000e+00
   2927.000    13.9016     0.1859 -9.990e-29 3.8363e-04 1.2121e+03    177.730    13.4305    38.7334    29.1981 0.0000e+00
   2928.000    13.9017     0.1862 -9.990e-29 7.1800e-04 1.2094e+03    177.816    13.4304    38.7335    29.1983 0.0000e+00
   2929.000    13.9019     0.1839 -9.990e-29 6.5036e-05 1.2106e+03    177.811    13.4305    38.7335    29.1982 0.0000e+00
   2930.000    13.9020     0.1868 -9.990e-29 1.0983e-04 1.2164e+03    178.123    13.4304    38.7335    29.1982 0.0000e+00
   2931.000    13.9022     0.1801 -9.990e-29 4.9536e-04 1.2205e+03    178.070    13.4303    38.7335    29.1982 0.0000e+00
   2932.000    13.9022     0.1831 -9.990e-29 1.1181e-04 1.2174e+03    178.259    13.4302    38.7335    29.1983 0.0000e+00
   2933.000    13.9024     0.1790 -9.990e-29 7.5711e-05 1.2159e+03    178.114    13.4302    38.7336    29.1983 0.0000e+00
   2934.000    13.9025     0.1857 -9.990e-29 1.9248e-05 1.2201e+03    177.950    13.4301    38.7336    29.1983 0.0000e+00
   2935.000    13.9028     0.1910 -9.990e-29 5.5983e-05 1.2171e+03    178.079    13.4302    38.7335    29.1983 0.0000e+00
   2936.000    13.9030     0.1899 -9.990e-29 4.7833e-06 1.2222e+03    178.262    13.4303    38.7335    29.1982 0.0000e+00
   2937.000    13.9031     0.1907 -9.990e-29 -5.306e-09 1.2189e+03    178.408    13.4302    38.7336    29.1983 0.0000e+00
   2938.000    13.9033     0.1861 -9.990e-29 1.3116e-04 1.2156e+03    178.102    13.4302    38.7335    29.1983 0.0000e+00
   2939.000    13.9034     0.1943 -9.990e-29 1.7458e-04 1.2160e+03    177.866    13.4301    38.7334    29.1982 0.0000e+00
   2940.000    13.9034     0.1949 -9.990e-29 2.7840e-04 1.2197e+03    177.968    13.4300    38.7335    29.1983 0.0000e+00
   2941.000    13.9036     0.1887 -9.990e-29 4.5217e-04 1.2164e+03    177.987    13.4300    38.7334    29.1983 0.0000e+00
   2942.000    13.9038     0.1951 -9.990e-29 7.6629e-04 1.2181e+03    178.307    13.4300    38.7335    29.1983 0.0000e+00
   2943.000    13.9039     0.1913 -9.990e-29 -3.738e-07 1.2172e+03    178.301    13.4300    38.7335    29.1984 0.0000e+00
   2944.000    13.9041     0.1884 -9.990e-29 1.0000e-12 1.2120e+03    178.061    13.4300    38.7335    29.1983 0.0000e+00
   2945.000    13.9043     0.1899 -9.990e-29 2.1905e-04 1.2200e+03    178.094    13.4300    38.7334    29.1983 0.0000e+00
   2946.000    13.9044     0.1933 -9.990e-29 8.2848e-04 1.2170e+03    177.932    13.4300    38.7335    29.1983 0.0000e+00
   2947.000    13.9045     0.1991 -9.990e-29 2.2800e-04 1.2144e+03    177.822    13.4299    38.7335    29.1984 0.0000e+00
   2948.000    13.9047     0.1978 -9.990e-29 1.4025e-06 1.2160e+03    178.027    13.4299    38.7336    29.1984 0.0000e+00
   2949.000    13.9049     0.1882 -9.990e-29 1.7055e-04 1.2152e+03    177.885    13.4299    38.7335    29.1984 0.0000e+00
   2950.000    13.9050     0.1812 -9.990e-29 2.5140e-04 1.2180e+03    177.896    13.4298    38.7335    29.1984 0.0000e+00
   2951.000    13.9051     0.1856 -9.990e-29 9.3090e-04 1.2158e+03    178.135    13.4298    38.7335    29.1984 0.0000e+00
   2952.000    13.9053     0.1853 -9.990e-29 2.1430e-04 1.2169e+03    178.353    13.4298    38.7335    29.1984 0.0000e+00
   2953.000    13.9055     0.1810 -9.990e-29 1.8133e-04 1.2182e+03    178.302    13.4298    38.7335    29.1984 0.0000e+00
   2954.000    13.9058     0.1815 -9.990e-29 3.2472e-06 1.2172e+03    177.973    13.4299    38.7334    29.1983 0.0000e+00
   2955.000    13.9059     0.1829 -9.990e-29 -4.957e-08 1.2174e+03    177.971    13.4299    38.7334    29.1983 0.0000e+00
   2956.000    13.9060     0.1804 -9.990e-29 8.5474e-04 1.2212e+03    177.964    13.4297    38.7336    29.1984 0.0000e+00
   2957.000    13.9061     0.1832 -9.990e-29 1.5584e-03 1.2179e+03    178.075    13.4297    38.7335    29.1984 0.0000e+00
   2958.000    13.9062     0.1836 -9.990e-29 2.1519e-04 1.2181e+03    177.990    13.4296    38.7335    29.1984 0.0000e+00
   2959.000    13.9064     0.1868 -9.990e-29 2.0955e-04 1.2181e+03    177.843    13.4297    38.7335    29.1984 0.0000e+00
   2960.000    13.9066     0.1869 -9.990e-29 5.3697e-04 1.2160e+03    177.838    13.4296    38.7335    29.1984 0.0000e+00
   2961.000    13.9067     0.1812 -9.990e-29 4.3229e-04 1.2163e+03    177.956    13.4296    38.7334    29.1983 0.0000e+00
   2962.000    13.9069     0.1832 -9.990e-29 1.3293e-03 1.2161e+03    178.016    13.4296    38.7334    29.1984 0.0000e+00
   2963.000    13.9070     0.1868 -9.990e-29 1.7478e-03 1.2170e+03    178.295    13.4295    38.7335    29.1984 0.0000e+00
   2964.000    13.9071     0.1830 -9.990e-29 1.1873e-03 1.2164e+03    178.372    13.4295    38.7336    29.1985 0.0000e+00
   2965.000    13.9073     0.1862 -9.990e-29 2.3221e-03 1.2153e+03    178.144    13.4295    38.7335    29.1984 0.0000e+00
   2966.000    13.9075     0.1924    98.5149 2.2405e-03 1.2148e+03    178.058    13.4295    38.7335    29.1984 0.0000e+00
   2967.000    13.9077     0.1918    98.5212 8.0142e-04 1.2151e+03    178.098    13.4295    38.7335    29.1984 0.0000e+00
   2968.000    13.9079     0.1822    98.5223 4.5290e-04 1.2155e+03    178.037    13.4296    38.7335    29.1984 0.0000e+00
   2969.000    13.9080     0.1824    98.5257 2.7675e-04 1.2143e+03    178.004    13.4295    38.7336    29.1985 0.0000e+00
   2970.000    13.9081     0.1923    98.5205 7.6332e-04 1.2193e+03    177.861    13.4294    38.7335    29.1984 0.0000e+00
   2971.000    13.9082     0.1933    98.5203 3.0858e-04 1.2202e+03    178.092    13.4293    38.7336    29.1986 0.0000e+00
   2972.000    13.9084     0.1869    98.5174 8.4086e-04 1.2162e+03    178.190    13.4293    38.7334    29.1984 0.0000e+00
   2973.000    13.9085     0.1852    98.5224 6.4291e-04 1.2140e+03    178.135    13.4292    38.7336    29.1985 0.0000e+00
   2974.000    13.9086     0.1855    98.5228 1.2015e-03 1.2174e+03    177.997    13.4291    38.7336    29.1986 0.0000e+00
   2975.000    13.9088     0.1878 -9.990e-29 6.2516e-04 1.2191e+03    178.021    13.4292    38.7335    29.1985 0.0000e+00
   2976.000    13.9090     0.1881 -9.990e-29 4.8093e-04 1.2127e+03    177.896    13.4292    38.7335    29.1985 0.0000e+00
   2977.000    13.9091     0.1920 -9.990e-29 1.1591e-03 1.2174e+03    177.895    13.4291    38.7335    29.1985 0.0000e+00
   2978.000    13.9092     0.1888    98.5205 2.0066e-03 1.2181e+03    178.131    13.4290    38.7335    29.1985 0.0000e+00
   2979.000    13.9094     0.1802    98.5215 3.2744e-03 1.2184e+03    178.263    13.4291    38.7334    29.1985 0.0000e+00
   2980.000    13.9095     0.1796    98.5189 2.3837e-03 1.2197e+03    177.995    13.4290    38.7335    29.1985 0.0000e+00
   2981.000    13.9097     0.1822    98.5215 5.2554e-04 1.2238e+03    177.608    13.4290    38.7335    29.1985 0.0000e+00
   2982.000    13.9098     0.1801    98.5197 1.0261e-03 1.2242e+03    177.852    13.4290    38.7335    29.1986 0.0000e+00
   2983.000    13.9100     0.1770 -9.990e-29 2.4715e-03 1.2174e+03    178.157    13.4290    38.7334    29.1985 0.0000e+00
   2984.000    13.9101     0.1859 -9.990e-29 1.4625e-03 1.2166e+03    178.279    13.4289    38.7335    29.1985 0.0000e+00
   2985.000    13.9102     0.1833 -9.990e-29 1.3335e-03 1.2197e+03    178.290    13.4289    38.7335    29.1985 0.0000e+00
   2986.000    13.9104     0.1830    98.5214 2.0184e-03 1.2199e+03    178.068    13.4288    38.7335    29.1986 0.0000e+00
   2987.000    13.9106     0.1847    98.5227 7.7841e-04 1.2196e+03    178.045    13.4289    38.7334    29.1985 0.0000e+00
   2988.000    13.9108     0.1835    98.5203 1.4936e-03 1.2270e+03    178.291    13.4289    38.7335    29.1985 0.0000e+00
   2989.000    13.9109     0.1864    98.5091 2.4127e-03 1.2282e+03    178.325    13.4289    38.7335    29.1985 0.0000e+00
   2990.000    13.9110     0.1874    98.5199 1.6767e-03 1.2252e+03    178.120    13.4288    38.7336    29.1986 0.0000e+00
   2991.000    13.9113     0.1866 -9.990e-29 3.4026e-03 1.2276e+03    178.251    13.4288    38.7334    29.1985 0.0000e+00
   2992.000    13.9114     0.1853 -9.990e-29 1.6365e-03 1.2223e+03    178.310    13.4288    38.7335    29.1986 0.0000e+00
   2993.000    13.9116     0.1862 -9.990e-29 2.4362e-03 1.2253e+03    178.200    13.4288    38.7333    29.1984 0.0000e+00
   2994.000    13.9117     0.1876 -9.990e-29 2.4844e-03 1.2279e+03    178.121    13.4288    38.7334    29.1985 0.0000e+00
   2995.000    13.9119     0.1853    98.5207 2.5241e-03 1.2300e+03    177.991    13.4287    38.7334    29.1985 0.0000e+00
   2996.000    13.9119     0.1777    98.5214 3.7512e-03 1.2320e+03    178.001    13.4286    38.7334    29.1986 0.0000e+00
   2997.000    13.9121     0.1805    98.5166 2.6592e-03 1.2286e+03    178.071    13.4286    38.7335    29.1986 0.0000e+00
   2998.000    13.9122     0.1860    98.5198 2.2175e-03 1.2295e+03    177.995    13.4286    38.7335    29.1986 0.0000e+00
   2999.000    13.9123     0.1865    98.5186 1.2290e-03 1.2332e+03    178.023    13.4285    38.7336    29.1987 0.0000e+00
   3000.000    13.9126     0.1836    98.5205 1.1043e-03 1.2278e+03    178.263    13.4285    38.7334    29.1986 0.0000e+00
   3001.000    13.9127     0.1881    98.5192 3.3488e-03 1.2350e+03    178.239    13.4285    38.7334    29.1986 0.0000e+00
   3002.000    13.9129     0.1840    98.5219 3.8624e-03 1.2365e+03    178.012    13.4286    38.7335    29.1986 0.0000e+00
   3003.000    13.9131     0.1827    98.5177 2.1061e-03 1.2318e+03    178.080    13.4286    38.7335    29.1986 0.0000e+00
   3004.000    13.9134     0.1845    98.5170 9.4308e-04 1.2320e+03    177.924    13.4287    38.7334    29.1986 0.0000e+00
   3005.000    13.9135     0.1887    98.5234 9.1902e-04 1.2322e+03    177.984    13.4286    38.7335    29.1986 0.0000e+00
   3006.000    13.9135     0.1903    98.5196 4.2589e-04 1.2339e+03    178.134    13.4285    38.7334    29.1985 0.0000e+00
   3007.000    13.9136     0.1819    98.5210 1.3211e-03 1.2389e+03    178.134    13.4284    38.7335    29.1987 0.0000e+00
   3008.000    13.9139     0.1790 -9.990e-29 2.5917e-03 1.2376e+03    178.165    13.4285    38.7334    29.1986 0.0000e+00
   3009.000    13.9141     0.1848 -9.990e-29 2.4205e-03 1.2347e+03    178.163    13.4284    38.7335    29.1986 0.0000e+00
   3010.000    13.9142     0.1840 -9.990e-29 1.1401e-03 1.2387e+03    178.065    13.4284    38.7335    29.1986 0.0000e+00
   3011.000    13.9143     0.1814    98.5186 3.2020e-04 1.2396e+03    178.101    13.4284    38.7334    29.1986 0.0000e+00
   3012.000    13.9146     0.1818    98.5122 3.7287e-04 1.2426e+03    178.179    13.4284    38.7336    29.1987 0.0000e+00
   3013.000    13.9148     0.1796    98.5189 1.9145e-03 1.2468e+03    178.077    13.4284    38.7334    29.1985 0.0000e+00
   3014.000    13.9148     0.1847    98.5177 1.6352e-03 1.2376e+03    177.879    13.4283    38.7334    29.1986 0.0000e+00
   3015.000    13.9150     0.1901    98.5180 2.5071e-03 1.2407e+03    177.833    13.4283    38.7334    29.1986 0.0000e+00
   3016.000    13.9151     0.1923    98.5127 1.1578e-04 1.2414e+03    178.037    13.4283    38.7335    29.1987 0.0000e+00
   3017.000    13.9152     0.1910    98.5178 8.9891e-04 1.2460e+03    178.449    13.4282    38.7335    29.1987 0.0000e+00
   3018.000    13.9154     0.1864    98.5210 1.1011e-03 1.2474e+03    178.466    13.4282    38.7335    29.1987 0.0000e+00
