Data/ruptures/PEACETIME/ION/PEACETIME_ION_CTD_042.cnv
* Sea-Bird SBE 9 Data File:
* FileName = C:\CTD\rawCTD\PEACETIME_ION_CTD_042.hdr
* Software Version Seasave V 7.23.2
* Temperature SN = 1378
* Conductivity SN = 2929
* Number of Bytes Per Scan = 38
* Number of Voltage Words = 5
* Number of Scans Averaged by the Deck Unit = 1
* NMEA Latitude = 35 29.35 N
* NMEA Longitude = 019 46.59 E
* NMEA UTC (Time) = May 26 2017  12:29:32
* NMEA baud rate = 4800
** Cruise:   PEACETIME
** Station:   ION_CTD_042
# nquan = 11
# nvalues = 501                         
# units = specified
# name 0 = prDM: Pressure, Digiquartz [db]
# name 1 = t090C: Temperature [ITS-90, deg C]
# name 2 = flC: Fluorescence, Chelsea Aqua 3 Chl Con [ug/l]
# name 3 = CStarTr0: Beam Transmission, WET Labs C-Star [%]
# name 4 = par: PAR/Irradiance, Biospherical/Licor
# name 5 = spar: SPAR/Surface Irradiance
# name 6 = sbeox0Mm/Kg: Oxygen, SBE 43 [umol/kg]
# name 7 = potemp090C: Potential Temperature [ITS-90, deg C]
# name 8 = sal00: Salinity, Practical [PSU]
# name 9 = sigma-é00: Density [sigma-theta, kg/m^3]
# name 10 = flag:
# span 0 =      2.000,    502.000       
# span 1 =    14.3666,    20.9377       
# span 2 =     0.1637,     0.3709       
# span 3 =    95.9231,    98.4360       
# span 4 = -4.460e-05, 4.0673e+02       
# span 5 = 1.3676e+03, 2.9056e+03       
# span 6 =    171.878,    231.239       
# span 7 =    14.2896,    20.9373       
# span 8 =    38.9044,    39.0526       
# span 9 =    27.5507,    29.1447       
# span 10 = 0.0000e+00, 0.0000e+00      
# interval = decibars: 1                
# start_time = May 26 2017 12:32:08 [NMEA time, first data scan]
# bad_flag = -9.990e-29
*END*
      2.000    20.9377     0.1952    96.9608 4.0673e+02 2.0666e+03    212.089    20.9373    38.9878    27.5507 0.0000e+00
      3.000    20.9217     0.1905    96.9722 3.3718e+02 2.1690e+03    210.945    20.9212    38.9877    27.5551 0.0000e+00
      4.000    20.8615     0.1879    96.9913 2.8696e+02 2.1733e+03    210.901    20.8607    38.9875    27.5717 0.0000e+00
      5.000    20.8069     0.1833    96.9859 2.5094e+02 2.1327e+03    211.340    20.8059    38.9873    27.5868 0.0000e+00
      6.000    20.7605     0.1852    96.9592 2.2574e+02 2.2255e+03    211.712    20.7593    38.9879    27.6000 0.0000e+00
      7.000    20.6672     0.1873    96.9307 1.9654e+02 2.1678e+03    211.723    20.6659    38.9889    27.6266 0.0000e+00
      8.000    20.6067     0.1853    96.9371 1.8502e+02 2.1101e+03    211.921    20.6051    38.9909    27.6448 0.0000e+00
      9.000    20.5668     0.1869    96.9053 1.6509e+02 1.9519e+03    212.149    20.5651    38.9938    27.6580 0.0000e+00
     10.000    20.5074     0.1917    96.9013 1.5351e+02 1.7942e+03    212.525    20.5055    38.9978    27.6774 0.0000e+00
     11.000    20.4923     0.1867    96.8803 1.4530e+02 1.7509e+03    213.035    20.4902    38.9978    27.6816 0.0000e+00
     12.000    20.4792     0.1868    96.8343 1.3606e+02 1.7485e+03    211.935    20.4769    38.9982    27.6855 0.0000e+00
     13.000    20.4070     0.1838    96.7970 1.2643e+02 1.7737e+03    213.328    20.4045    39.0047    27.7102 0.0000e+00
     14.000    20.3555     0.1849    96.7880 1.2111e+02 1.7593e+03    213.688    20.3528    39.0107    27.7289 0.0000e+00
     15.000    20.3385     0.1901    96.7921 1.1513e+02 1.7142e+03    213.385    20.3356    39.0136    27.7359 0.0000e+00
     16.000    20.3260     0.1883    96.8258 1.0704e+02 1.6644e+03    213.963    20.3230    39.0167    27.7416 0.0000e+00
     17.000    20.3180     0.1904    96.8622 1.0327e+02 1.6477e+03    214.180    20.3147    39.0204    27.7468 0.0000e+00
     18.000    20.2391     0.1837    96.8627 9.8004e+01 1.6254e+03    214.267    20.2356    39.0253    27.7719 0.0000e+00
     19.000    20.1616     0.1932    96.8722 9.3327e+01 1.5891e+03    214.256    20.1580    39.0249    27.7928 0.0000e+00
     20.000    20.1003     0.1902    96.9054 8.9866e+01 1.5749e+03    214.866    20.0965    39.0209    27.8063 0.0000e+00
     21.000    20.0720     0.1908    96.9281 8.6450e+01 1.5568e+03    214.926    20.0680    39.0196    27.8131 0.0000e+00
     22.000    20.0608     0.1892    96.9657 8.2839e+01 1.5356e+03    214.744    20.0566    39.0192    27.8158 0.0000e+00
     23.000    19.9892     0.1903    96.9448 8.0459e+01 1.5235e+03    212.971    19.9848    39.0126    27.8301 0.0000e+00
     24.000    19.4216     0.1906    96.9072 7.8049e+01 1.5172e+03    214.986    19.4172    38.9995    27.9718 0.0000e+00
     25.000    18.9661     0.1876    96.8530 7.5572e+01 1.5211e+03    217.357    18.9615    38.9847    28.0801 0.0000e+00
     26.000    18.5272     0.1889    96.8297 7.3755e+01 1.5132e+03    222.027    18.5226    38.9869    28.1959 0.0000e+00
     27.000    18.4028     0.1869    96.8110 7.2007e+01 1.5111e+03    223.097    18.3980    38.9916    28.2315 0.0000e+00
     28.000    18.2530     0.1880    96.8477 6.9860e+01 1.5112e+03    224.706    18.2481    38.9951    28.2725 0.0000e+00
     29.000    18.1305     0.1882    96.8919 6.8882e+01 1.5130e+03    225.627    18.1254    38.9962    28.3046 0.0000e+00
     30.000    18.0621     0.1872    96.9519 6.7128e+01 1.5300e+03    226.160    18.0568    39.0067    28.3301 0.0000e+00
     31.000    17.9784     0.1897    96.9794 6.5604e+01 1.5534e+03    226.542    17.9729    39.0256    28.3659 0.0000e+00
     32.000    17.9568     0.1885    97.0750 6.4464e+01 1.5626e+03    227.417    17.9511    39.0337    28.3776 0.0000e+00
     33.000    17.9423     0.1818    97.1214 6.2522e+01 1.5639e+03    227.221    17.9365    39.0366    28.3835 0.0000e+00
     34.000    17.9085     0.1875    97.0860 6.1067e+01 1.5590e+03    227.257    17.9026    39.0394    28.3942 0.0000e+00
     35.000    17.8805     0.1919    97.1001 5.9932e+01 1.5649e+03    226.856    17.8744    39.0392    28.4011 0.0000e+00
     36.000    17.8552     0.1947    97.1173 5.8261e+01 1.5398e+03    226.931    17.8489    39.0383    28.4069 0.0000e+00
     37.000    17.8381     0.1905    97.1144 5.6829e+01 1.5262e+03    226.693    17.8317    39.0424    28.4144 0.0000e+00
     38.000    17.8083     0.1852    97.1150 5.5237e+01 1.5136e+03    226.356    17.8017    39.0428    28.4222 0.0000e+00
     39.000    17.7812     0.1890    97.1323 5.3696e+01 1.5043e+03    226.904    17.7744    39.0436    28.4297 0.0000e+00
     40.000    17.7501     0.1953    97.1313 5.2120e+01 1.4997e+03    226.807    17.7432    39.0428    28.4369 0.0000e+00
     41.000    17.7012     0.1945    97.1434 5.1012e+01 1.5012e+03    226.010    17.6940    39.0399    28.4470 0.0000e+00
     42.000    17.5997     0.1959    97.1132 4.9765e+01 1.5094e+03    227.024    17.5925    39.0325    28.4667 0.0000e+00
     43.000    17.5147     0.1920    97.0654 4.8518e+01 1.5114e+03    227.973    17.5073    39.0277    28.4843 0.0000e+00
     44.000    17.4655     0.1881    97.0507 4.7166e+01 1.5069e+03    228.474    17.4580    39.0250    28.4945 0.0000e+00
     45.000    17.4152     0.1882    97.0373 4.5860e+01 1.4977e+03    227.775    17.4075    39.0239    28.5062 0.0000e+00
     46.000    17.3482     0.1882    96.9857 4.4471e+01 1.4876e+03    228.141    17.3403    39.0316    28.5287 0.0000e+00
     47.000    17.3160     0.1950    96.9867 4.3128e+01 1.4848e+03    228.515    17.3080    39.0362    28.5403 0.0000e+00
     48.000    17.2778     0.2015    96.9824 4.1871e+01 1.4836e+03    228.816    17.2696    39.0360    28.5496 0.0000e+00
     49.000    17.2367     0.1990    96.9554 4.0505e+01 1.4781e+03    228.685    17.2283    39.0366    28.5603 0.0000e+00
     50.000    17.1951     0.1962    96.9517 3.9280e+01 1.4764e+03    229.208    17.1866    39.0397    28.5729 0.0000e+00
     51.000    17.1353     0.1933    96.9513 3.8141e+01 1.4710e+03    230.044    17.1267    39.0327    28.5822 0.0000e+00
     52.000    17.0888     0.1926    96.9378 3.6960e+01 1.4722e+03    230.345    17.0800    39.0344    28.5950 0.0000e+00
     53.000    17.0805     0.1948    96.9879 3.5793e+01 1.4694e+03    230.957    17.0715    39.0403    28.6016 0.0000e+00
     54.000    17.0226     0.2002    96.9561 3.4772e+01 1.4737e+03    231.113    17.0135    39.0416    28.6168 0.0000e+00
     55.000    16.9726     0.2006    96.9280 3.3687e+01 1.4747e+03    231.131    16.9633    39.0428    28.6301 0.0000e+00
     56.000    16.9102     0.1966    96.8923 3.2640e+01 1.4813e+03    230.580    16.9008    39.0394    28.6427 0.0000e+00
     57.000    16.8275     0.2010    96.9056 3.1672e+01 1.4828e+03    231.020    16.8179    39.0358    28.6601 0.0000e+00
     58.000    16.7928     0.1995    96.9391 3.0697e+01 1.4847e+03    231.239    16.7830    39.0391    28.6711 0.0000e+00
     59.000    16.7662     0.1954    96.9415 2.9692e+01 1.4908e+03    231.131    16.7563    39.0384    28.6771 0.0000e+00
     60.000    16.7224     0.2004    96.9213 2.8759e+01 1.4949e+03    230.526    16.7123    39.0336    28.6840 0.0000e+00
     61.000    16.6726     0.1998    96.9100 2.7874e+01 1.4992e+03    230.372    16.6624    39.0279    28.6917 0.0000e+00
     62.000    16.6247     0.2053    96.9087 2.7065e+01 1.5062e+03    229.221    16.6144    39.0253    28.7013 0.0000e+00
     63.000    16.5572     0.2077    96.8000 2.6277e+01 1.5114e+03    228.611    16.5467    39.0181    28.7120 0.0000e+00
     64.000    16.5368     0.2101    96.8734 2.5504e+01 1.5225e+03    227.560    16.5262    39.0239    28.7215 0.0000e+00
     65.000    16.4917     0.2113    96.9276 2.4815e+01 1.5259e+03    227.707    16.4809    39.0199    28.7293 0.0000e+00
     66.000    16.4391     0.2128    96.7728 2.4080e+01 1.5356e+03    227.751    16.4281    39.0136    28.7371 0.0000e+00
     67.000    16.3960     0.2149    96.8526 2.3488e+01 1.5480e+03    228.256    16.3849    39.0084    28.7434 0.0000e+00
     68.000    16.3549     0.2149    96.8820 2.3022e+01 1.5549e+03    228.277    16.3437    39.0062    28.7515 0.0000e+00
     69.000    16.3374     0.2129    96.8826 2.2520e+01 1.5693e+03    227.799    16.3260    39.0096    28.7584 0.0000e+00
     70.000    16.2916     0.2185    96.8388 2.1972e+01 1.5823e+03    227.839    16.2800    39.0061    28.7666 0.0000e+00
     71.000    16.2936     0.2183    96.8815 2.1390e+01 1.5969e+03    225.919    16.2819    39.0267    28.7821 0.0000e+00
     72.000    16.3446     0.2136    96.9828 2.0751e+01 1.6071e+03    222.832    16.3327    39.0507    28.7885 0.0000e+00
     73.000    16.3410     0.2173    96.9873 2.0011e+01 1.6219e+03    221.953    16.3290    39.0526    28.7908 0.0000e+00
     74.000    16.3166     0.2262    96.9687 1.9271e+01 1.6355e+03    222.226    16.3044    39.0486    28.7936 0.0000e+00
     75.000    16.2683     0.2331    96.9041 1.8420e+01 1.6536e+03    223.602    16.2559    39.0413    28.7996 0.0000e+00
     76.000    16.2533     0.2318    96.8805 1.7543e+01 1.6747e+03    222.725    16.2408    39.0400    28.8022 0.0000e+00
     77.000    16.2554     0.2327    96.9399 1.6951e+01 1.7249e+03    222.226    16.2427    39.0419    28.8031 0.0000e+00
     78.000    16.2435     0.2323    96.9386 1.6429e+01 1.7798e+03    222.935    16.2306    39.0398    28.8044 0.0000e+00
     79.000    16.2258     0.2359    96.9564 1.5704e+01 1.8208e+03    222.698    16.2128    39.0361    28.8058 0.0000e+00
     80.000    16.1694     0.2325    96.9194 1.4978e+01 1.8085e+03    223.397    16.1563    39.0250    28.8106 0.0000e+00
     81.000    16.1328     0.2395    96.8441 1.4257e+01 1.8026e+03    224.024    16.1195    39.0202    28.8157 0.0000e+00
     82.000    16.1253     0.2439    96.7569 1.3667e+01 1.8214e+03    223.877    16.1119    39.0185    28.8162 0.0000e+00
     83.000    16.1219     0.2483    96.7308 1.3099e+01 2.0190e+03    224.081    16.1083    39.0175    28.8162 0.0000e+00
     84.000    16.2074     0.2446    96.7308 1.4681e+01 2.2678e+03    223.824    16.1936    39.0286    28.8046 0.0000e+00
     85.000    16.2031     0.2495    96.7098 1.5926e+01 2.7339e+03    223.043    16.1892    39.0241    28.8021 0.0000e+00
     86.000    16.0956     0.2536    96.6517 1.5230e+01 2.7497e+03    222.507    16.0815    39.0124    28.8186 0.0000e+00
     87.000    16.0727     0.2561    96.4247 1.4433e+01 2.7663e+03    222.418    16.0585    39.0131    28.8246 0.0000e+00
     88.000    16.0501     0.2699    96.3540 1.3654e+01 2.7570e+03    221.877    16.0358    39.0155    28.8318 0.0000e+00
     89.000    16.0424     0.2887    96.0909 1.3058e+01 2.6881e+03    221.369    16.0279    39.0173    28.8351 0.0000e+00
     90.000    16.0270     0.3095    96.1565 1.2504e+01 2.6614e+03    220.679    16.0124    39.0190    28.8401 0.0000e+00
     91.000    16.0169     0.3171    96.0361 1.1826e+01 2.7420e+03    220.517    16.0020    39.0203    28.8435 0.0000e+00
     92.000    16.0151     0.3519    96.0199 1.1166e+01 2.7789e+03    220.733    16.0001    39.0212    28.8446 0.0000e+00
     93.000    16.0138     0.3642    95.9721 1.0483e+01 2.7853e+03    220.844    15.9986    39.0218    28.8455 0.0000e+00
     94.000    16.0097     0.3629    95.9399 9.6898e+00 2.7898e+03    220.304    15.9944    39.0223    28.8469 0.0000e+00
     95.000    16.0027     0.3632    95.9231 9.0316e+00 2.7630e+03    219.276    15.9872    39.0233    28.8493 0.0000e+00
     96.000    15.9894     0.3709    96.0481 8.4755e+00 2.7302e+03    217.522    15.9738    39.0250    28.8538 0.0000e+00
     97.000    15.9770     0.3575    96.3348 7.8109e+00 2.7117e+03    216.271    15.9612    39.0258    28.8574 0.0000e+00
     98.000    15.9623     0.3540    96.4329 7.0301e+00 2.7225e+03    215.089    15.9463    39.0260    28.8610 0.0000e+00
     99.000    15.9587     0.3515    96.5807 6.2747e+00 2.7209e+03    214.498    15.9426    39.0260    28.8620 0.0000e+00
    100.000    15.9561     0.3542    96.6743 5.6202e+00 2.5977e+03    214.335    15.9398    39.0260    28.8626 0.0000e+00
    101.000    15.9454     0.3396    96.8360 5.1987e+00 2.4463e+03    213.963    15.9290    39.0261    28.8652 0.0000e+00
    102.000    15.9376     0.3164    97.0593 4.9637e+00 2.2859e+03    213.782    15.9210    39.0272    28.8679 0.0000e+00
    103.000    15.9307     0.3051    97.2213 4.8140e+00 2.2213e+03    212.941    15.9140    39.0281    28.8702 0.0000e+00
    104.000    15.9214     0.2883    97.3459 4.6500e+00 2.3179e+03    212.264    15.9045    39.0287    28.8730 0.0000e+00
    105.000    15.9164     0.2762    97.4311 4.4374e+00 2.5024e+03    212.184    15.8994    39.0292    28.8746 0.0000e+00
    106.000    15.9160     0.2751    97.4934 4.2139e+00 2.6835e+03    211.966    15.8988    39.0294    28.8748 0.0000e+00
    107.000    15.9166     0.2657    97.4997 3.9890e+00 2.7191e+03    211.898    15.8993    39.0301    28.8753 0.0000e+00
    108.000    15.9168     0.2609    97.5810 3.8010e+00 2.6379e+03    211.578    15.8992    39.0318    28.8766 0.0000e+00
    109.000    15.9132     0.2487    97.5926 3.6285e+00 2.5817e+03    212.015    15.8956    39.0324    28.8779 0.0000e+00
    110.000    15.9103     0.2491    97.6848 3.4226e+00 2.6322e+03    211.938    15.8925    39.0324    28.8787 0.0000e+00
    111.000    15.9081     0.2447    97.7053 3.2135e+00 2.7352e+03    211.455    15.8901    39.0322    28.8790 0.0000e+00
    112.000    15.9063     0.2436    97.6975 3.0496e+00 2.7073e+03    211.554    15.8881    39.0320    28.8793 0.0000e+00
    113.000    15.9063     0.2487    97.7226 2.9303e+00 2.5214e+03    211.694    15.8879    39.0319    28.8793 0.0000e+00
    114.000    15.9042     0.2463    97.7395 2.8330e+00 2.4406e+03    212.353    15.8857    39.0318    28.8798 0.0000e+00
    115.000    15.8999     0.2453    97.8314 2.7379e+00 2.5281e+03    212.266    15.8812    39.0317    28.8808 0.0000e+00
    116.000    15.8936     0.2364    97.8449 2.6336e+00 2.6165e+03    211.895    15.8748    39.0309    28.8816 0.0000e+00
    117.000    15.8845     0.2302    97.8831 2.5140e+00 2.6905e+03    212.406    15.8655    39.0294    28.8827 0.0000e+00
    118.000    15.8762     0.2242    97.9326 2.3728e+00 2.7741e+03    212.011    15.8571    39.0277    28.8833 0.0000e+00
    119.000    15.8694     0.2165    97.8916 2.2278e+00 2.8060e+03    211.927    15.8501    39.0267    28.8842 0.0000e+00
    120.000    15.8629     0.2138    97.9992 2.0815e+00 2.8170e+03    212.074    15.8435    39.0264    28.8855 0.0000e+00
    121.000    15.8566     0.2182    98.0261 1.9296e+00 2.8325e+03    211.598    15.8370    39.0256    28.8864 0.0000e+00
    122.000    15.8516     0.2135    98.0414 1.7910e+00 2.7721e+03    211.300    15.8318    39.0252    28.8873 0.0000e+00
    123.000    15.8470     0.2080    98.0599 1.7139e+00 2.6089e+03    211.096    15.8271    39.0253    28.8885 0.0000e+00
    124.000    15.8385     0.2046    98.0515 1.6693e+00 2.4445e+03    211.554    15.8185    39.0259    28.8910 0.0000e+00
    125.000    15.8394     0.2028    98.0905 1.6295e+00 2.5528e+03    211.797    15.8192    39.0273    28.8919 0.0000e+00
    126.000    15.8355     0.2080    98.1170 1.5794e+00 2.7982e+03    211.003    15.8151    39.0280    28.8934 0.0000e+00
    127.000    15.8358     0.2026    98.1410 1.5114e+00 2.8970e+03    211.029    15.8152    39.0290    28.8942 0.0000e+00
    128.000    15.8356     0.2018    98.1480 1.4452e+00 2.9056e+03    210.635    15.8149    39.0292    28.8944 0.0000e+00
    129.000    15.8311     0.2038    98.1530 1.3838e+00 2.8620e+03    210.589    15.8103    39.0285    28.8949 0.0000e+00
    130.000    15.8256     0.1994    98.1700 1.3308e+00 2.8090e+03    210.162    15.8046    39.0281    28.8960 0.0000e+00
    131.000    15.8175     0.1945    98.1958 1.2807e+00 2.6751e+03    210.312    15.7963    39.0266    28.8967 0.0000e+00
    132.000    15.8147     0.1934    98.1785 1.2432e+00 2.5532e+03    209.759    15.7934    39.0261    28.8971 0.0000e+00
