Data/ruptures/PEACETIME/ION/PEACETIME_ION_CTD_041.cnv
* Sea-Bird SBE 9 Data File:
* FileName = C:\CTD\rawCTD\PEACETIME_ION_CTD_041.hdr
* Software Version Seasave V 7.23.2
* Temperature SN = 1378
* Conductivity SN = 2929
* Number of Bytes Per Scan = 38
* Number of Voltage Words = 5
* Number of Scans Averaged by the Deck Unit = 1
* NMEA Latitude = 35 29.29 N
* NMEA Longitude = 019 46.79 E
* NMEA UTC (Time) = May 26 2017  03:53:35
* NMEA baud rate = 4800
** Cruise:   PEACETIME
** Station:   ION_CTD_041
# nquan = 11
# nvalues = 3154                        
# units = specified
# name 0 = prDM: Pressure, Digiquartz [db]
# name 1 = t090C: Temperature [ITS-90, deg C]
# name 2 = flC: Fluorescence, Chelsea Aqua 3 Chl Con [ug/l]
# name 3 = CStarTr0: Beam Transmission, WET Labs C-Star [%]
# name 4 = par: PAR/Irradiance, Biospherical/Licor
# name 5 = spar: SPAR/Surface Irradiance
# name 6 = sbeox0Mm/Kg: Oxygen, SBE 43 [umol/kg]
# name 7 = potemp090C: Potential Temperature [ITS-90, deg C]
# name 8 = sal00: Salinity, Practical [PSU]
# name 9 = sigma-é00: Density [sigma-theta, kg/m^3]
# name 10 = flag:
# span 0 =      1.000,   3154.000       
# span 1 =    13.7795,    20.5784       
# span 2 =     0.1680,     0.3538       
# span 3 =    95.2491,    98.5267       
# span 4 = -1.503e-05, 4.3984e+01       
# span 5 = 1.6288e+02, 1.3718e+03       
# span 6 =    168.079,    231.428       
# span 7 =    13.4270,    20.5765       
# span 8 =    38.7334,    39.0497       
# span 9 =    27.6795,    29.1991       
# span 10 = 0.0000e+00, 0.0000e+00      
# interval = decibars: 1                
# start_time = May 26 2017 04:07:59 [NMEA time, first data scan]
# bad_flag = -9.990e-29
*END*
[from data line 1443]
   1444.000    13.7847     0.1772 -9.990e-29 3.5566e-03 8.2803e+02    172.211    13.5627    38.7527    29.1850 0.0000e+00
   1445.000    13.7848     0.1789 -9.990e-29 2.6945e-03 8.2571e+02    172.567    13.5626    38.7527    29.1850 0.0000e+00
   1446.000    13.7849     0.1717 -9.990e-29 1.6372e-03 8.2715e+02    172.713    13.5626    38.7527    29.1850 0.0000e+00
   1447.000    13.7848     0.1682 -9.990e-29 1.6909e-03 8.2703e+02    172.824    13.5623    38.7527    29.1850 0.0000e+00
   1448.000    13.7845     0.1724 -9.990e-29 2.1128e-03 8.2764e+02    172.855    13.5619    38.7525    29.1850 0.0000e+00
   1449.000    13.7846     0.1771 -9.990e-29 3.0017e-03 8.2280e+02    172.967    13.5618    38.7525    29.1850 0.0000e+00
   1450.000    13.7847     0.1800 -9.990e-29 1.4399e-03 8.2863e+02    172.934    13.5618    38.7526    29.1851 0.0000e+00
   1451.000    13.7849     0.1750 -9.990e-29 2.4378e-03 8.2658e+02    172.637    13.5618    38.7526    29.1851 0.0000e+00
   1452.000    13.7849     0.1802 -9.990e-29 3.2865e-03 8.2516e+02    172.643    13.5617    38.7527    29.1852 0.0000e+00
   1453.000    13.7850     0.1789 -9.990e-29 2.5636e-03 8.2595e+02    172.544    13.5615    38.7526    29.1851 0.0000e+00
   1454.000    13.7849     0.1782 -9.990e-29 4.5449e-03 8.2052e+02    172.797    13.5614    38.7525    29.1851 0.0000e+00
   1455.000    13.7850     0.1816 -9.990e-29 3.6840e-03 8.2848e+02    173.039    13.5613    38.7525    29.1851 0.0000e+00
   1456.000    13.7850     0.1833 -9.990e-29 5.9760e-03 8.2618e+02    173.031    13.5611    38.7526    29.1852 0.0000e+00
   1457.000    13.7852     0.1854 -9.990e-29 3.2141e-03 8.2803e+02    172.952    13.5611    38.7525    29.1852 0.0000e+00
   1458.000    13.7849     0.1865 -9.990e-29 2.5033e-03 8.3033e+02    172.849    13.5607    38.7526    29.1853 0.0000e+00
   1459.000    13.7851     0.1836 -9.990e-29 2.2039e-03 8.3064e+02    172.993    13.5607    38.7525    29.1852 0.0000e+00
   1460.000    13.7852     0.1803 -9.990e-29 3.4836e-03 8.2951e+02    172.959    13.5607    38.7526    29.1853 0.0000e+00
   1461.000    13.7854     0.1804 -9.990e-29 3.7124e-03 8.3803e+02    172.709    13.5607    38.7525    29.1852 0.0000e+00
   1462.000    13.7855     0.1735 -9.990e-29 6.7255e-03 8.3246e+02    172.859    13.5606    38.7525    29.1852 0.0000e+00
   1463.000    13.7856     0.1718 -9.990e-29 6.6343e-03 8.3822e+02    173.040    13.5606    38.7525    29.1852 0.0000e+00
   1464.000    13.7858     0.1765 -9.990e-29 5.9157e-03 8.3192e+02    173.201    13.5606    38.7525    29.1853 0.0000e+00
   1465.000    13.7857     0.1779 -9.990e-29 5.8297e-03 8.3070e+02    173.136    13.5604    38.7525    29.1853 0.0000e+00
   1466.000    13.7858     0.1784 -9.990e-29 4.0229e-03 8.3507e+02    172.648    13.5603    38.7525    29.1853 0.0000e+00
   1467.000    13.7859     0.1825 -9.990e-29 4.5328e-03 8.3272e+02    172.572    13.5602    38.7525    29.1853 0.0000e+00
   1468.000    13.7860     0.1837 -9.990e-29 5.4236e-03 8.3179e+02    172.767    13.5602    38.7524    29.1853 0.0000e+00
   1469.000    13.7861     0.1886 -9.990e-29 6.5913e-03 8.3431e+02    172.771    13.5601    38.7524    29.1852 0.0000e+00
   1470.000    13.7862     0.1847 -9.990e-29 4.1560e-03 8.2862e+02    172.843    13.5600    38.7524    29.1853 0.0000e+00
   1471.000    13.7862     0.1830 -9.990e-29 4.1037e-03 8.3226e+02    172.580    13.5599    38.7523    29.1852 0.0000e+00
   1472.000    13.7862     0.1800 -9.990e-29 2.6031e-03 8.3650e+02    172.838    13.5597    38.7523    29.1853 0.0000e+00
   1473.000    13.7863     0.1780 -9.990e-29 2.2236e-03 8.3193e+02    173.113    13.5597    38.7523    29.1853 0.0000e+00
   1474.000    13.7861     0.1791 -9.990e-29 2.3555e-03 8.3214e+02    173.259    13.5593    38.7523    29.1854 0.0000e+00
   1475.000    13.7862     0.1802 -9.990e-29 3.1427e-03 8.3233e+02    173.080    13.5592    38.7522    29.1853 0.0000e+00
   1476.000    13.7862     0.1835 -9.990e-29 3.2733e-03 8.3275e+02    173.006    13.5590    38.7524    29.1855 0.0000e+00
   1477.000    13.7865     0.1865 -9.990e-29 6.8047e-03 8.3483e+02    173.016    13.5592    38.7522    29.1854 0.0000e+00
   1478.000    13.7865     0.1855 -9.990e-29 5.5659e-03 8.3231e+02    173.059    13.5590    38.7522    29.1853 0.0000e+00
   1479.000    13.7862     0.1831 -9.990e-29 6.1512e-03 8.3035e+02    173.389    13.5586    38.7523    29.1855 0.0000e+00
   1480.000    13.7861     0.1845 -9.990e-29 5.3557e-03 8.3239e+02    173.495    13.5583    38.7521    29.1854 0.0000e+00
   1481.000    13.7860     0.1821 -9.990e-29 3.6390e-03 8.2372e+02    173.304    13.5581    38.7520    29.1854 0.0000e+00
   1482.000    13.7861     0.1792 -9.990e-29 4.0656e-03 8.2426e+02    173.125    13.5581    38.7521    29.1855 0.0000e+00
   1483.000    13.7863     0.1783 -9.990e-29 3.6851e-03 8.2863e+02    172.925    13.5580    38.7522    29.1855 0.0000e+00
   1484.000    13.7864     0.1769 -9.990e-29 4.0709e-03 8.2237e+02    173.099    13.5580    38.7521    29.1855 0.0000e+00
   1485.000    13.7865     0.1791 -9.990e-29 5.5460e-03 8.2417e+02    173.094    13.5579    38.7521    29.1855 0.0000e+00
   1486.000    13.7866     0.1839 -9.990e-29 3.6590e-03 8.2348e+02    172.957    13.5579    38.7521    29.1855 0.0000e+00
   1487.000    13.7866     0.1875 -9.990e-29 4.0848e-03 8.1753e+02    172.946    13.5577    38.7521    29.1855 0.0000e+00
   1488.000    13.7866     0.1859 -9.990e-29 5.2412e-03 8.2153e+02    173.074    13.5576    38.7521    29.1856 0.0000e+00
   1489.000    13.7867     0.1861 -9.990e-29 4.2292e-03 8.2545e+02    173.273    13.5575    38.7521    29.1856 0.0000e+00
   1490.000    13.7869     0.1783 -9.990e-29 3.7304e-03 8.2330e+02    173.270    13.5575    38.7521    29.1856 0.0000e+00
   1491.000    13.7869     0.1781 -9.990e-29 2.7011e-03 8.1744e+02    173.182    13.5573    38.7520    29.1856 0.0000e+00
   1492.000    13.7869     0.1808 -9.990e-29 5.1999e-03 8.2234e+02    173.494    13.5572    38.7520    29.1856 0.0000e+00
   1493.000    13.7868     0.1818 -9.990e-29 4.0947e-03 8.1841e+02    173.109    13.5570    38.7519    29.1856 0.0000e+00
   1494.000    13.7871     0.1825 -9.990e-29 4.7706e-03 8.1559e+02    172.896    13.5571    38.7519    29.1856 0.0000e+00
   1495.000    13.7870     0.1809 -9.990e-29 4.1060e-03 8.1840e+02    172.958    13.5568    38.7518    29.1855 0.0000e+00
   1496.000    13.7865     0.1805 -9.990e-29 4.3230e-03 8.1448e+02    173.261    13.5562    38.7520    29.1858 0.0000e+00
   1497.000    13.7864     0.1792 -9.990e-29 5.5391e-03 8.1150e+02    173.435    13.5559    38.7519    29.1858 0.0000e+00
   1498.000    13.7862     0.1848 -9.990e-29 3.4391e-03 8.1512e+02    173.188    13.5555    38.7519    29.1858 0.0000e+00
   1499.000    13.7862     0.1846 -9.990e-29 3.2230e-03 8.1691e+02    173.266    13.5553    38.7519    29.1859 0.0000e+00
   1500.000    13.7862     0.1827 -9.990e-29 3.5212e-03 8.1552e+02    173.317    13.5552    38.7519    29.1859 0.0000e+00
   1501.000    13.7862     0.1806 -9.990e-29 4.0512e-03 8.2062e+02    173.161    13.5551    38.7518    29.1859 0.0000e+00
   1502.000    13.7864     0.1771 -9.990e-29 5.9745e-03 8.1544e+02    173.240    13.5551    38.7518    29.1859 0.0000e+00
   1503.000    13.7864     0.1792 -9.990e-29 3.8250e-03 8.1752e+02    173.515    13.5550    38.7517    29.1859 0.0000e+00
   1504.000    13.7865     0.1806 -9.990e-29 3.1437e-03 8.2189e+02    173.745    13.5549    38.7517    29.1858 0.0000e+00
   1505.000    13.7866     0.1772 -9.990e-29 3.8373e-03 8.2179e+02    173.599    13.5548    38.7518    29.1860 0.0000e+00
   1506.000    13.7867     0.1778 -9.990e-29 3.9566e-03 8.2294e+02    173.324    13.5547    38.7518    29.1860 0.0000e+00
   1507.000    13.7869     0.1794 -9.990e-29 2.6115e-03 8.1844e+02    173.020    13.5548    38.7518    29.1859 0.0000e+00
   1508.000    13.7871     0.1774 -9.990e-29 3.6118e-03 8.2142e+02    173.155    13.5548    38.7517    29.1859 0.0000e+00
   1509.000    13.7872     0.1812 -9.990e-29 4.6977e-03 8.2065e+02    173.503    13.5548    38.7518    29.1859 0.0000e+00
   1510.000    13.7874     0.1834 -9.990e-29 5.6507e-03 8.1820e+02    173.383    13.5548    38.7518    29.1860 0.0000e+00
   1511.000    13.7876     0.1864 -9.990e-29 4.8821e-03 8.1870e+02    173.240    13.5549    38.7517    29.1859 0.0000e+00
   1512.000    13.7878     0.1894 -9.990e-29 5.6621e-03 8.2018e+02    173.213    13.5549    38.7518    29.1859 0.0000e+00
   1513.000    13.7879     0.1902 -9.990e-29 4.7896e-03 8.1902e+02    173.340    13.5548    38.7517    29.1859 0.0000e+00
   1514.000    13.7880     0.1873 -9.990e-29 4.0328e-03 8.1857e+02    173.411    13.5548    38.7519    29.1860 0.0000e+00
   1515.000    13.7881     0.1842 -9.990e-29 3.4918e-03 8.1614e+02    173.303    13.5547    38.7517    29.1859 0.0000e+00
   1516.000    13.7879     0.1789 -9.990e-29 2.9901e-03 8.1829e+02    172.739    13.5543    38.7517    29.1860 0.0000e+00
   1517.000    13.7880     0.1748 -9.990e-29 3.4757e-03 8.1457e+02    172.968    13.5543    38.7516    29.1859 0.0000e+00
   1518.000    13.7882     0.1725 -9.990e-29 4.6667e-03 8.1509e+02    173.406    13.5543    38.7518    29.1861 0.0000e+00
   1519.000    13.7883     0.1736 -9.990e-29 4.1527e-03 8.0905e+02    173.342    13.5543    38.7517    29.1860 0.0000e+00
   1520.000    13.7885     0.1791 -9.990e-29 4.4696e-03 8.1302e+02    173.130    13.5542    38.7518    29.1860 0.0000e+00
   1521.000    13.7887     0.1819 -9.990e-29 5.0568e-03 8.0622e+02    173.062    13.5543    38.7517    29.1860 0.0000e+00
   1522.000    13.7888     0.1830 -9.990e-29 5.1272e-03 8.1156e+02    173.274    13.5543    38.7518    29.1861 0.0000e+00
   1523.000    13.7891     0.1808 -9.990e-29 5.1923e-03 8.0958e+02    173.149    13.5544    38.7517    29.1860 0.0000e+00
   1524.000    13.7895     0.1806 -9.990e-29 6.2982e-03 8.0963e+02    173.393    13.5546    38.7519    29.1861 0.0000e+00
   1525.000    13.7900     0.1773 -9.990e-29 4.8874e-03 8.0734e+02    173.311    13.5550    38.7518    29.1859 0.0000e+00
   1526.000    13.7902     0.1770 -9.990e-29 5.5675e-03 8.0819e+02    173.133    13.5550    38.7518    29.1859 0.0000e+00
   1527.000    13.7903     0.1811 -9.990e-29 6.2515e-03 8.1009e+02    173.102    13.5549    38.7519    29.1860 0.0000e+00
   1528.000    13.7904     0.1854 -9.990e-29 3.9874e-03 8.0195e+02    173.257    13.5549    38.7519    29.1860 0.0000e+00
   1529.000    13.7905     0.1846 -9.990e-29 2.5862e-03 8.0275e+02    173.314    13.5548    38.7518    29.1859 0.0000e+00
   1530.000    13.7905     0.1817 -9.990e-29 2.8633e-03 8.0397e+02    173.362    13.5546    38.7518    29.1860 0.0000e+00
   1531.000    13.7905     0.1827 -9.990e-29 3.8781e-03 8.0931e+02    173.242    13.5545    38.7518    29.1860 0.0000e+00
   1532.000    13.7905     0.1828 -9.990e-29 3.8424e-03 8.0464e+02    173.392    13.5543    38.7518    29.1860 0.0000e+00
   1533.000    13.7906     0.1804 -9.990e-29 3.7058e-03 8.0397e+02    173.309    13.5542    38.7517    29.1860 0.0000e+00
   1534.000    13.7904     0.1810 -9.990e-29 5.3335e-03 7.9881e+02    173.455    13.5540    38.7519    29.1862 0.0000e+00
   1535.000    13.7905     0.1766 -9.990e-29 5.5981e-03 7.9980e+02    173.489    13.5539    38.7516    29.1860 0.0000e+00
   1536.000    13.7903     0.1754 -9.990e-29 5.4991e-03 8.0023e+02    173.461    13.5535    38.7516    29.1861 0.0000e+00
   1537.000    13.7902     0.1782 -9.990e-29 5.1975e-03 7.9975e+02    173.278    13.5532    38.7516    29.1861 0.0000e+00
   1538.000    13.7902     0.1824 -9.990e-29 4.0909e-03 7.9677e+02    173.212    13.5530    38.7516    29.1862 0.0000e+00
   1539.000    13.7904     0.1874 -9.990e-29 4.1020e-03 7.9972e+02    173.117    13.5531    38.7515    29.1861 0.0000e+00
   1540.000    13.7905     0.1887 -9.990e-29 4.0228e-03 8.0012e+02    173.168    13.5530    38.7516    29.1862 0.0000e+00
   1541.000    13.7907     0.1831 -9.990e-29 3.6137e-03 8.0195e+02    173.004    13.5531    38.7517    29.1862 0.0000e+00
   1542.000    13.7909     0.1826 -9.990e-29 4.9118e-03 7.9913e+02    172.758    13.5531    38.7517    29.1862 0.0000e+00
   1543.000    13.7911     0.1805 -9.990e-29 4.6449e-03 8.0340e+02    173.294    13.5531    38.7516    29.1861 0.0000e+00
   1544.000    13.7911     0.1774 -9.990e-29 5.8287e-03 8.0023e+02    173.531    13.5530    38.7516    29.1862 0.0000e+00
   1545.000    13.7913     0.1762 -9.990e-29 5.4494e-03 8.0012e+02    173.550    13.5531    38.7516    29.1862 0.0000e+00
   1546.000    13.7915     0.1832 -9.990e-29 4.4444e-03 8.0119e+02    173.552    13.5530    38.7515    29.1861 0.0000e+00
   1547.000    13.7916     0.1812 -9.990e-29 4.1707e-03 7.9679e+02    173.379    13.5530    38.7517    29.1863 0.0000e+00
   1548.000    13.7917     0.1841 -9.990e-29 5.0629e-03 7.9911e+02    173.223    13.5530    38.7516    29.1862 0.0000e+00
   1549.000    13.7919     0.1799 -9.990e-29 5.1224e-03 7.9775e+02    173.097    13.5530    38.7516    29.1862 0.0000e+00
   1550.000    13.7919     0.1742 -9.990e-29 4.6536e-03 8.0082e+02    173.164    13.5528    38.7516    29.1862 0.0000e+00
   1551.000    13.7921     0.1796 -9.990e-29 3.6160e-03 8.0000e+02    173.099    13.5528    38.7516    29.1862 0.0000e+00
   1552.000    13.7923     0.1782 -9.990e-29 4.2499e-03 7.9601e+02    173.005    13.5528    38.7516    29.1862 0.0000e+00
   1553.000    13.7924     0.1777 -9.990e-29 3.3127e-03 7.8856e+02    173.512    13.5528    38.7515    29.1861 0.0000e+00
   1554.000    13.7926     0.1803 -9.990e-29 5.6681e-03 7.8965e+02    173.523    13.5528    38.7515    29.1861 0.0000e+00
   1555.000    13.7927     0.1766 -9.990e-29 3.8226e-03 7.8572e+02    173.395    13.5528    38.7517    29.1863 0.0000e+00
   1556.000    13.7929     0.1770 -9.990e-29 4.5838e-03 7.8859e+02    173.512    13.5528    38.7516    29.1862 0.0000e+00
   1557.000    13.7930     0.1805 -9.990e-29 6.2208e-03 7.8844e+02    173.562    13.5528    38.7516    29.1862 0.0000e+00
   1558.000    13.7932     0.1807 -9.990e-29 7.0897e-03 7.8763e+02    173.579    13.5528    38.7515    29.1862 0.0000e+00
   1559.000    13.7934     0.1830 -9.990e-29 5.8113e-03 7.8498e+02    173.469    13.5528    38.7516    29.1862 0.0000e+00
   1560.000    13.7934     0.1807 -9.990e-29 6.9243e-03 7.8050e+02    173.469    13.5527    38.7516    29.1862 0.0000e+00
   1561.000    13.7933     0.1767 -9.990e-29 7.1143e-03 7.7848e+02    173.442    13.5524    38.7515    29.1862 0.0000e+00
   1562.000    13.7933     0.1833 -9.990e-29 6.1014e-03 7.7599e+02    173.171    13.5523    38.7515    29.1863 0.0000e+00
   1563.000    13.7935     0.1793 -9.990e-29 7.1535e-03 7.7405e+02    173.333    13.5523    38.7515    29.1863 0.0000e+00
   1564.000    13.7935     0.1830 -9.990e-29 4.9224e-03 7.7066e+02    173.491    13.5522    38.7515    29.1862 0.0000e+00
   1565.000    13.7935     0.1784 -9.990e-29 3.9214e-03 7.6826e+02    173.531    13.5520    38.7514    29.1862 0.0000e+00
   1566.000    13.7935     0.1798 -9.990e-29 2.1689e-03 7.6668e+02    173.477    13.5518    38.7514    29.1863 0.0000e+00
   1567.000    13.7934     0.1822 -9.990e-29 4.6053e-03 7.6827e+02    173.491    13.5515    38.7513    29.1863 0.0000e+00
   1568.000    13.7932     0.1842 -9.990e-29 5.4892e-03 7.7369e+02    173.503    13.5512    38.7514    29.1864 0.0000e+00
   1569.000    13.7934     0.1812 -9.990e-29 5.0616e-03 7.7001e+02    173.488    13.5512    38.7513    29.1863 0.0000e+00
   1570.000    13.7935     0.1774 -9.990e-29 5.1655e-03 7.7451e+02    173.493    13.5512    38.7513    29.1864 0.0000e+00
   1571.000    13.7935     0.1764 -9.990e-29 6.9314e-03 7.8113e+02    173.686    13.5511    38.7513    29.1864 0.0000e+00
   1572.000    13.7938     0.1782 -9.990e-29 5.5348e-03 7.8472e+02    173.436    13.5511    38.7512    29.1863 0.0000e+00
   1573.000    13.7939     0.1807 -9.990e-29 4.8991e-03 7.9164e+02    173.097    13.5511    38.7513    29.1864 0.0000e+00
