Data/ruptures/PEACETIME/ION/PEACETIME_ION_CTD_048.cnv
* Sea-Bird SBE 9 Data File:
* FileName = C:\CTD\rawCTD\PEACETIME_ION_CTD_048.hdr
* Software Version Seasave V 7.23.2
* Temperature SN = 1378
* Conductivity SN = 2929
* Number of Bytes Per Scan = 38
* Number of Voltage Words = 5
* Number of Scans Averaged by the Deck Unit = 1
* NMEA Latitude = 35 29.35 N
* NMEA Longitude = 019 46.59 E
* NMEA UTC (Time) = May 28 2017  02:21:46
* NMEA baud rate = 4800
** Cruise:   PEACETIME
** Station:   ION_CTD_048
# nquan = 11
# nvalues = 498                         
# units = specified
# name 0 = prDM: Pressure, Digiquartz [db]
# name 1 = t090C: Temperature [ITS-90, deg C]
# name 2 = flC: Fluorescence, Chelsea Aqua 3 Chl Con [ug/l]
# name 3 = CStarTr0: Beam Transmission, WET Labs C-Star [%]
# name 4 = par: PAR/Irradiance, Biospherical/Licor
# name 5 = spar: SPAR/Surface Irradiance
# name 6 = sbeox0Mm/Kg: Oxygen, SBE 43 [umol/kg]
# name 7 = potemp090C: Potential Temperature [ITS-90, deg C]
# name 8 = sal00: Salinity, Practical [PSU]
# name 9 = sigma-é00: Density [sigma-theta, kg/m^3]
# name 10 = flag:
# span 0 =      3.000,    500.000       
# span 1 =    14.3556,    20.5200       
# span 2 =     0.1716,     0.3879       
# span 3 =    96.2350,    98.4238       
# span 4 = 1.0000e-12, 1.3110e-01       
# span 5 = 1.4126e+00, 5.5806e+00       
# span 6 =    171.830,    229.588       
# span 7 =    14.2790,    20.5187       
# span 8 =    38.9023,    39.0810       
# span 9 =    27.6898,    29.1455       
# span 10 = 0.0000e+00, 0.0000e+00      
# interval = decibars: 1                
# start_time = May 28 2017 02:21:47 [NMEA time, first data scan]
# bad_flag = -9.990e-29
*END*
      3.000    20.5182     0.2005    96.8617 1.3110e-01 3.2324e+00    211.087    20.5176    39.0198    27.6908 0.0000e+00
      4.000    20.5185     0.1984    96.9328 8.2111e-02 3.0189e+00    210.951    20.5178    39.0194    27.6905 0.0000e+00
      5.000    20.5188     0.1999    96.9079 5.4629e-02 2.4732e+00    211.322    20.5178    39.0192    27.6904 0.0000e+00
      6.000    20.5195     0.2003    96.8914 4.1004e-02 2.5155e+00    211.396    20.5183    39.0193    27.6903 0.0000e+00
      7.000    20.5200     0.2011    96.9472 2.5938e-02 3.2987e+00    211.325    20.5187    39.0189    27.6898 0.0000e+00
      8.000    20.5199     0.1982    96.9581 2.3782e-02 2.6389e+00    210.747    20.5184    39.0196    27.6905 0.0000e+00
      9.000    20.5196     0.2021    96.9466 1.2113e-02 3.0362e+00    210.852    20.5178    39.0196    27.6907 0.0000e+00
     10.000    20.5186     0.1999    96.9492 7.8340e-03 3.8446e+00    211.935    20.5167    39.0195    27.6908 0.0000e+00
     11.000    20.5172     0.2067    96.9600 4.6421e-03 2.4025e+00    212.229    20.5151    39.0193    27.6912 0.0000e+00
     12.000    20.5159     0.2025    96.9378 2.6127e-03 2.4725e+00    211.870    20.5136    39.0196    27.6918 0.0000e+00
     13.000    20.5146     0.1947    96.9498 1.2921e-04 2.6326e+00    212.306    20.5121    39.0193    27.6920 0.0000e+00
     14.000    20.5147     0.1930    96.9539 8.8388e-06 2.8740e+00    212.311    20.5120    39.0195    27.6921 0.0000e+00
     15.000    20.5192     0.2010    96.9387 6.5905e-08 3.7734e+00    212.243    20.5163    39.0194    27.6909 0.0000e+00
     16.000    20.5152     0.2005    96.9404 1.0000e-12 2.1782e+00    212.356    20.5121    39.0188    27.6916 0.0000e+00
     17.000    20.4961     0.1958    96.9359 1.0000e-12 2.2669e+00    212.319    20.4928    39.0169    27.6954 0.0000e+00
     18.000    20.4768     0.1958    96.9410 1.0000e-12 2.9076e+00    212.324    20.4734    39.0160    27.7001 0.0000e+00
     19.000    20.4248     0.2003    96.9325 1.0000e-12 2.3003e+00    211.754    20.4211    39.0119    27.7112 0.0000e+00
     20.000    20.3244     0.2009    96.8914 1.0000e-12 3.5270e+00    212.626    20.3206    39.0064    27.7345 0.0000e+00
     21.000    20.2820     0.1925    96.8998 1.0000e-12 2.8214e+00    213.292    20.2780    39.0049    27.7449 0.0000e+00
     22.000    20.2482     0.1942    96.9012 1.0000e-12 5.5806e+00    212.882    20.2440    39.0037    27.7532 0.0000e+00
     23.000    20.1566     0.1938    96.8835 1.0000e-12 3.4815e+00    210.088    20.1522    39.0034    27.7778 0.0000e+00
     24.000    19.3507     0.1958    96.8184 1.0000e-12 2.9832e+00    213.922    19.3463    39.0121    27.9999 0.0000e+00
     25.000    18.7992     0.1978    96.8051 1.0000e-12 2.7378e+00    219.054    18.7947    39.0190    28.1501 0.0000e+00
     26.000    18.5868     0.1957    96.8299 1.0000e-12 3.6778e+00    220.879    18.5821    39.0245    28.2093 0.0000e+00
     27.000    18.3608     0.1941    96.9002 1.0000e-12 3.2113e+00    222.739    18.3560    39.0288    28.2707 0.0000e+00
     28.000    18.2252     0.1940    96.9840 1.0000e-12 3.5454e+00    224.039    18.2203    39.0287    28.3054 0.0000e+00
     29.000    18.1815     0.1955    97.0006 1.0000e-12 3.1764e+00    224.130    18.1764    39.0309    28.3182 0.0000e+00
     30.000    18.0304     0.1962    97.0094 1.0000e-12 3.4019e+00    224.787    18.0251    39.0286    28.3549 0.0000e+00
     31.000    17.9352     0.1977    97.0551 1.0000e-12 2.5769e+00    226.684    17.9297    39.0318    28.3815 0.0000e+00
     32.000    17.9281     0.1974    97.0725 1.0000e-12 3.8120e+00    226.421    17.9225    39.0468    28.3949 0.0000e+00
     33.000    17.8716     0.1995    97.0699 1.0000e-12 3.3969e+00    226.110    17.8659    39.0490    28.4108 0.0000e+00
     34.000    17.8039     0.1975    97.0868 1.0000e-12 2.5369e+00    226.382    17.7979    39.0508    28.4293 0.0000e+00
     35.000    17.7515     0.1991    97.0752 1.0000e-12 1.8134e+00    226.827    17.7455    39.0521    28.4435 0.0000e+00
     36.000    17.7300     0.1968    97.0706 1.0000e-12 3.5681e+00    227.129    17.7238    39.0535    28.4500 0.0000e+00
     37.000    17.7261     0.1916    97.0623 1.0000e-12 2.8076e+00    226.843    17.7196    39.0557    28.4527 0.0000e+00
     38.000    17.7115     0.1941    97.1096 1.0000e-12 3.3099e+00    226.888    17.7049    39.0557    28.4565 0.0000e+00
     39.000    17.6447     0.1937    97.1013 1.0000e-12 3.4295e+00    227.743    17.6379    39.0499    28.4687 0.0000e+00
     40.000    17.5948     0.1995    97.0830 1.0000e-12 2.8640e+00    227.765    17.5879    39.0475    28.4794 0.0000e+00
     41.000    17.5526     0.2004    97.0725 1.0000e-12 1.7322e+00    227.962    17.5455    39.0455    28.4885 0.0000e+00
     42.000    17.5208     0.1912    97.0477 1.0000e-12 2.5502e+00    227.630    17.5136    39.0459    28.4967 0.0000e+00
     43.000    17.4785     0.1943    97.0469 1.0000e-12 2.2218e+00    228.367    17.4711    39.0492    28.5098 0.0000e+00
     44.000    17.4150     0.1990    97.0275 1.0000e-12 2.5260e+00    228.534    17.4074    39.0473    28.5242 0.0000e+00
     45.000    17.3812     0.2032    97.0291 1.0000e-12 2.9365e+00    228.089    17.3735    39.0451    28.5309 0.0000e+00
     46.000    17.3309     0.2094    96.9982 1.0000e-12 3.6506e+00    227.238    17.3230    39.0395    28.5391 0.0000e+00
     47.000    17.2476     0.2070    97.0010 1.0000e-12 2.7251e+00    227.608    17.2396    39.0296    28.5521 0.0000e+00
     48.000    17.1433     0.1998    96.9757 1.0000e-12 2.5404e+00    228.686    17.1352    39.0131    28.5651 0.0000e+00
     49.000    17.0439     0.2015    96.9787 1.0000e-12 3.0011e+00    228.510    17.0356    38.9970    28.5771 0.0000e+00
     50.000    16.9728     0.2034    96.9843 1.0000e-12 2.6722e+00    227.740    16.9644    38.9811    28.5823 0.0000e+00
     51.000    16.8327     0.2040    96.9975 1.0000e-12 4.4558e+00    228.508    16.8241    38.9530    28.5949 0.0000e+00
     52.000    16.7760     0.2063    97.0175 1.0000e-12 3.7341e+00    228.871    16.7673    38.9463    28.6035 0.0000e+00
     53.000    16.7484     0.2054    97.0023 1.0000e-12 2.7368e+00    228.810    16.7396    38.9450    28.6092 0.0000e+00
     54.000    16.7294     0.2057    96.9896 1.0000e-12 2.1487e+00    229.588    16.7203    38.9443    28.6133 0.0000e+00
     55.000    16.7085     0.2099    96.9669 1.0000e-12 3.2623e+00    229.553    16.6993    38.9432    28.6175 0.0000e+00
     56.000    16.6916     0.2065    96.9941 1.0000e-12 3.0115e+00    228.931    16.6822    38.9523    28.6287 0.0000e+00
     57.000    16.6461     0.2073    97.0412 1.0000e-12 2.4031e+00    228.896    16.6366    38.9550    28.6418 0.0000e+00
     58.000    16.5943     0.2066    96.9531 1.0000e-12 3.9471e+00    229.485    16.5846    38.9473    28.6484 0.0000e+00
     59.000    16.5808     0.2034    96.9643 1.0000e-12 2.9127e+00    229.229    16.5709    38.9551    28.6577 0.0000e+00
     60.000    16.5721     0.2009    96.9879 1.0000e-12 1.9163e+00    228.939    16.5621    38.9634    28.6662 0.0000e+00
     61.000    16.5276     0.2083    96.9216 1.0000e-12 2.4870e+00    228.909    16.5175    38.9733    28.6846 0.0000e+00
     62.000    16.5008     0.2082    96.9208 1.0000e-12 4.0292e+00    228.920    16.4905    38.9751    28.6924 0.0000e+00
     63.000    16.4890     0.2112    96.8970 1.0000e-12 3.1188e+00    229.264    16.4786    38.9769    28.6967 0.0000e+00
     64.000    16.4629     0.2154    96.9429 1.0000e-12 4.2499e+00    228.564    16.4523    38.9765    28.7027 0.0000e+00
     65.000    16.4030     0.2164    96.9662 1.0000e-12 3.2848e+00    228.182    16.3923    38.9741    28.7152 0.0000e+00
     66.000    16.3563     0.2203    96.9264 1.0000e-12 2.4971e+00    228.020    16.3454    38.9717    28.7245 0.0000e+00
     67.000    16.2976     0.2214    96.9646 1.0000e-12 3.6264e+00    226.999    16.2865    38.9649    28.7334 0.0000e+00
     68.000    16.2659     0.2217    97.0117 1.0000e-12 1.8856e+00    227.092    16.2547    38.9629    28.7394 0.0000e+00
     69.000    16.2609     0.2253    97.0054 1.0000e-12 2.7708e+00    226.400    16.2495    38.9731    28.7485 0.0000e+00
     70.000    16.2509     0.2358    97.0243 1.0000e-12 3.2010e+00    227.236    16.2394    38.9764    28.7535 0.0000e+00
     71.000    16.2452     0.2305    97.0264 1.0000e-12 2.2987e+00    226.700    16.2335    38.9784    28.7564 0.0000e+00
     72.000    16.2423     0.2286    97.0095 1.0000e-12 2.8585e+00    226.957    16.2304    38.9812    28.7593 0.0000e+00
     73.000    16.2311     0.2293    97.0475 1.0000e-12 1.5136e+00    226.252    16.2192    38.9840    28.7641 0.0000e+00
     74.000    16.2130     0.2348    97.0694 1.0000e-12 2.8754e+00    226.269    16.2009    38.9844    28.7688 0.0000e+00
     75.000    16.1935     0.2342    97.0700 1.0000e-12 1.6167e+00    226.107    16.1813    38.9850    28.7739 0.0000e+00
     76.000    16.1802     0.2317    97.0836 1.0000e-12 3.5962e+00    225.395    16.1677    38.9864    28.7782 0.0000e+00
     77.000    16.1570     0.2272    97.1094 1.0000e-12 2.9295e+00    225.067    16.1444    38.9864    28.7837 0.0000e+00
     78.000    16.1322     0.2300    97.1224 1.0000e-12 2.9436e+00    224.403    16.1195    38.9839    28.7877 0.0000e+00
     79.000    16.1089     0.2312    97.1002 1.0000e-12 2.6454e+00    224.109    16.0960    38.9844    28.7936 0.0000e+00
     80.000    16.1143     0.2347    97.1045 1.0000e-12 2.6415e+00    224.102    16.1013    38.9922    28.7984 0.0000e+00
     81.000    16.1093     0.2444    97.1022 1.0000e-12 1.6531e+00    223.915    16.0960    38.9969    28.8033 0.0000e+00
     82.000    16.1027     0.2493    97.0532 1.0000e-12 2.4239e+00    223.350    16.0893    38.9991    28.8065 0.0000e+00
     83.000    16.0976     0.2521    97.0277 1.0000e-12 3.7650e+00    223.898    16.0841    39.0007    28.8091 0.0000e+00
     84.000    16.0884     0.2588    96.9253 1.0000e-12 2.1529e+00    222.499    16.0747    39.0002    28.8109 0.0000e+00
     85.000    16.0614     0.2698    96.9313 1.0000e-12 2.8829e+00    222.144    16.0475    38.9964    28.8144 0.0000e+00
     86.000    16.0336     0.2705    96.8819 1.0000e-12 1.7925e+00    222.500    16.0196    38.9938    28.8190 0.0000e+00
     87.000    16.0262     0.2747    96.9051 1.0000e-12 4.1893e+00    222.282    16.0121    38.9933    28.8203 0.0000e+00
     88.000    16.0225     0.2882    96.8275 1.0000e-12 2.9085e+00    222.433    16.0082    38.9934    28.8213 0.0000e+00
     89.000    16.0094     0.2973    96.6238 1.0000e-12 3.9124e+00    221.961    15.9949    38.9955    28.8261 0.0000e+00
     90.000    16.0301     0.3129    96.5763 1.0000e-12 2.7505e+00    222.265    16.0154    39.0115    28.8336 0.0000e+00
     91.000    16.0340     0.3156    96.5817 1.0000e-12 4.6143e+00    221.692    16.0192    39.0161    28.8362 0.0000e+00
     92.000    16.0338     0.3174    96.5851 1.0000e-12 2.5694e+00    220.827    16.0189    39.0182    28.8379 0.0000e+00
     93.000    16.0232     0.3061    96.6687 1.0000e-12 3.6210e+00    220.754    16.0081    39.0162    28.8389 0.0000e+00
     94.000    16.0181     0.3087    96.6957 1.0000e-12 5.1251e+00    220.708    16.0028    39.0168    28.8407 0.0000e+00
     95.000    16.0208     0.3226    96.7238 1.0000e-12 3.2695e+00    220.333    16.0053    39.0207    28.8430 0.0000e+00
     96.000    16.0154     0.3201    96.6486 1.0000e-12 3.4542e+00    218.213    15.9997    39.0236    28.8466 0.0000e+00
     97.000    16.0111     0.3410    96.5075 1.0000e-12 3.0208e+00    217.112    15.9953    39.0245    28.8484 0.0000e+00
     98.000    16.0126     0.3698    96.2350 1.0000e-12 3.0072e+00    217.947    15.9967    39.0277    28.8504 0.0000e+00
     99.000    16.0262     0.3879    96.4740 1.0000e-12 1.9956e+00    217.765    16.0100    39.0335    28.8518 0.0000e+00
    100.000    16.0178     0.3458    96.5430 1.0000e-12 3.1331e+00    217.360    16.0016    39.0330    28.8534 0.0000e+00
    101.000    16.0115     0.3457    96.6279 1.0000e-12 2.5659e+00    216.556    15.9950    39.0327    28.8548 0.0000e+00
    102.000    16.0105     0.3373    96.7338 1.0000e-12 2.3049e+00    217.293    15.9939    39.0328    28.8551 0.0000e+00
    103.000    16.0191     0.3272    96.6481 1.0000e-12 3.4709e+00    217.990    16.0023    39.0284    28.8497 0.0000e+00
    104.000    16.0218     0.3419    96.6960 1.0000e-12 2.1792e+00    217.551    16.0049    39.0304    28.8506 0.0000e+00
    105.000    16.0170     0.3241    96.9006 1.0000e-12 2.8406e+00    214.967    15.9999    39.0398    28.8591 0.0000e+00
    106.000    16.0081     0.2844    97.1582 1.0000e-12 2.8668e+00    214.227    15.9908    39.0411    28.8622 0.0000e+00
    107.000    15.9997     0.3083    97.3530 1.0000e-12 3.5439e+00    213.614    15.9822    39.0406    28.8638 0.0000e+00
    108.000    15.9972     0.2694    97.4248 1.0000e-12 2.5684e+00    212.895    15.9796    39.0426    28.8660 0.0000e+00
    109.000    16.0009     0.2724    97.5247 1.0000e-12 4.0080e+00    211.966    15.9831    39.0471    28.8686 0.0000e+00
    110.000    15.9997     0.2640    97.5572 1.0000e-12 2.4145e+00    211.041    15.9818    39.0494    28.8707 0.0000e+00
    111.000    15.9972     0.2533    97.6160 1.0000e-12 2.6848e+00    210.121    15.9791    39.0515    28.8730 0.0000e+00
    112.000    15.9836     0.2494    97.6886 1.0000e-12 3.0509e+00    210.251    15.9654    39.0496    28.8747 0.0000e+00
    113.000    15.9792     0.2525    97.7412 1.0000e-12 1.6999e+00    210.016    15.9608    39.0502    28.8763 0.0000e+00
    114.000    15.9871     0.2642    97.7569 1.0000e-12 3.0226e+00    210.030    15.9685    39.0566    28.8794 0.0000e+00
    115.000    15.9876     0.2579    97.8065 1.0000e-12 3.0393e+00    209.125    15.9689    39.0588    28.8810 0.0000e+00
    116.000    15.9982     0.2450    97.7627 1.0000e-12 2.6473e+00    208.207    15.9794    39.0664    28.8844 0.0000e+00
    117.000    15.9996     0.2395    97.8139 1.0000e-12 2.1449e+00    207.479    15.9806    39.0690    28.8861 0.0000e+00
    118.000    15.9779     0.2341    97.8469 1.0000e-12 2.5863e+00    207.058    15.9587    39.0649    28.8881 0.0000e+00
    119.000    15.9777     0.2364    97.8661 1.0000e-12 3.5610e+00    207.227    15.9583    39.0680    28.8906 0.0000e+00
    120.000    15.9782     0.2285    97.9108 1.0000e-12 2.2602e+00    206.571    15.9587    39.0699    28.8920 0.0000e+00
    121.000    15.9792     0.2258    97.9419 1.0000e-12 3.3443e+00    206.085    15.9595    39.0720    28.8934 0.0000e+00
    122.000    15.9736     0.2265    97.9602 1.0000e-12 1.8341e+00    206.368    15.9538    39.0716    28.8944 0.0000e+00
    123.000    15.9536     0.2271    97.9709 1.0000e-12 3.9921e+00    206.801    15.9336    39.0696    28.8976 0.0000e+00
    124.000    15.9514     0.2198    97.9709 1.0000e-12 2.3474e+00    206.215    15.9312    39.0698    28.8983 0.0000e+00
    125.000    15.9472     0.2213    98.0225 1.0000e-12 3.4847e+00    206.350    15.9269    39.0706    28.9000 0.0000e+00
    126.000    15.9402     0.2169    97.9915 1.0000e-12 2.3171e+00    206.488    15.9197    39.0693    28.9007 0.0000e+00
    127.000    15.9300     0.2135    98.0511 1.0000e-12 2.6542e+00    206.714    15.9094    39.0675    28.9017 0.0000e+00
    128.000    15.9175     0.2105    98.0463 1.0000e-12 3.7895e+00    206.931    15.8967    39.0654    28.9031 0.0000e+00
    129.000    15.8973     0.2106    98.0993 1.0000e-12 3.4402e+00    207.536    15.8764    39.0616    28.9049 0.0000e+00
    130.000    15.8847     0.2074    98.1179 -9.990e-29 3.2815e+00    208.090    15.8636    39.0591    28.9060 0.0000e+00
    131.000    15.8748     0.2034    98.1225 1.0000e-12 3.6847e+00    208.159    15.8536    39.0567    28.9065 0.0000e+00
    132.000    15.8520     0.1969    98.1749 1.0000e-12 2.8193e+00    209.003    15.8307    39.0522    28.9084 0.0000e+00
    133.000    15.8224     0.1942    98.1862 1.0000e-12 3.3911e+00    209.109    15.8009    39.0466    28.9110 0.0000e+00
