Data/ruptures/PEACETIME/ION/PEACETIME_ION_CTD_038.cnv
* Sea-Bird SBE 9 Data File:
* FileName = C:\CTD\rawCTD\PEACETIME_ION_CTD_038.hdr
* Software Version Seasave V 7.23.2
* Temperature SN = 1378
* Conductivity SN = 2929
* Number of Bytes Per Scan = 34
* Number of Voltage Words = 5
* Number of Scans Averaged by the Deck Unit = 1
* NMEA Latitude = 35 29.35 N
* NMEA Longitude = 019 46.57 E
* NMEA UTC (Time) = May 25 2017  10:19:03
* NMEA baud rate = 4800
** Cruise:   PEACETIME
** Station:   ION_CTD_038
# nquan = 11
# nvalues = 3000                        
# units = specified
# name 0 = prDM: Pressure, Digiquartz [db]
# name 1 = t090C: Temperature [ITS-90, deg C]
# name 2 = flC: Fluorescence, Chelsea Aqua 3 Chl Con [ug/l]
# name 3 = CStarTr0: Beam Transmission, WET Labs C-Star [%]
# name 4 = par: PAR/Irradiance, Biospherical/Licor
# name 5 = spar: SPAR/Surface Irradiance
# name 6 = sbeox0Mm/Kg: Oxygen, SBE 43 [umol/kg]
# name 7 = potemp090C: Potential Temperature [ITS-90, deg C]
# name 8 = sal00: Salinity, Practical [PSU]
# name 9 = sigma-é00: Density [sigma-theta, kg/m^3]
# name 10 = flag:
# span 0 =      2.000,   3001.000       
# span 1 =    13.7758,    20.9217       
# span 2 =     0.1711,     0.3667       
# span 3 =    96.3511,    98.4821       
# span 4 = -4.487e-08, 1.5498e+03       
# span 5 = 2.2114e+03, 2.2469e+03       
# span 6 =    168.364,    231.835       
# span 7 =    13.4293,    20.9213       
# span 8 =    38.7333,    39.0557       
# span 9 =    27.5777,    29.1985       
# span 10 = 0.0000e+00, 0.0000e+00      
# interval = decibars: 1                
# start_time = May 25 2017 10:19:03 [NMEA time, header]
# bad_flag = -9.990e-29
*END*
[from data line 1312]
   1314.000    13.7777     0.1871    98.4445 1.0000e-12 2.2279e+03    171.789    13.5765    38.7545    29.1834 0.0000e+00
   1315.000    13.7778     0.1850    98.4222 1.0000e-12 2.2248e+03    171.842    13.5765    38.7544    29.1833 0.0000e+00
   1316.000    13.7774     0.1802    98.4356 1.0000e-12 2.2243e+03    171.833    13.5760    38.7544    29.1834 0.0000e+00
   1317.000    13.7773     0.1825 -9.990e-29 1.0000e-12 2.2269e+03    171.920    13.5756    38.7544    29.1835 0.0000e+00
   1318.000    13.7769     0.1829 -9.990e-29 1.0000e-12 2.2243e+03    172.175    13.5751    38.7543    29.1835 0.0000e+00
   1319.000    13.7770     0.1862 -9.990e-29 1.0000e-12 2.2239e+03    172.170    13.5750    38.7542    29.1835 0.0000e+00
   1320.000    13.7770     0.1883 -9.990e-29 1.0000e-12 2.2288e+03    172.001    13.5749    38.7543    29.1836 0.0000e+00
   1321.000    13.7773     0.1912 -9.990e-29 1.0000e-12 2.2258e+03    172.120    13.5751    38.7542    29.1835 0.0000e+00
   1322.000    13.7773     0.1858 -9.990e-29 1.0000e-12 2.2238e+03    172.145    13.5749    38.7543    29.1836 0.0000e+00
   1323.000    13.7774     0.1894 -9.990e-29 1.0000e-12 2.2284e+03    172.152    13.5748    38.7542    29.1836 0.0000e+00
   1324.000    13.7774     0.1896 -9.990e-29 1.0000e-12 2.2261e+03    172.103    13.5747    38.7542    29.1835 0.0000e+00
   1325.000    13.7775     0.1899 -9.990e-29 1.0000e-12 2.2245e+03    172.198    13.5746    38.7541    29.1835 0.0000e+00
   1326.000    13.7773     0.1852 -9.990e-29 1.0000e-12 2.2236e+03    172.034    13.5743    38.7541    29.1836 0.0000e+00
   1327.000    13.7770     0.1808 -9.990e-29 1.0000e-12 2.2248e+03    172.001    13.5738    38.7541    29.1836 0.0000e+00
   1328.000    13.7769     0.1797 -9.990e-29 1.0000e-12 2.2233e+03    172.097    13.5736    38.7540    29.1837 0.0000e+00
   1329.000    13.7769     0.1816 -9.990e-29 1.0000e-12 2.2251e+03    171.819    13.5734    38.7539    29.1836 0.0000e+00
   1330.000    13.7768     0.1871 -9.990e-29 1.0000e-12 2.2288e+03    171.957    13.5731    38.7539    29.1837 0.0000e+00
   1331.000    13.7759     0.1875 -9.990e-29 1.0000e-12 2.2256e+03    171.849    13.5721    38.7537    29.1837 0.0000e+00
   1332.000    13.7758     0.1871    98.4491 1.0000e-12 2.2268e+03    172.115    13.5718    38.7538    29.1839 0.0000e+00
   1333.000    13.7760     0.1814    98.4476 1.0000e-12 2.2254e+03    172.234    13.5718    38.7536    29.1838 0.0000e+00
   1334.000    13.7763     0.1825    98.4466 1.0000e-12 2.2217e+03    171.768    13.5720    38.7538    29.1838 0.0000e+00
   1335.000    13.7765     0.1744    98.4371 1.0000e-12 2.2252e+03    172.158    13.5720    38.7539    29.1839 0.0000e+00
   1336.000    13.7766     0.1762    98.4477 1.0000e-12 2.2199e+03    171.998    13.5719    38.7538    29.1838 0.0000e+00
   1337.000    13.7765     0.1840 -9.990e-29 1.0000e-12 2.2202e+03    172.146    13.5717    38.7537    29.1838 0.0000e+00
   1338.000    13.7765     0.1834 -9.990e-29 1.0000e-12 2.2206e+03    172.135    13.5715    38.7538    29.1840 0.0000e+00
   1339.000    13.7766     0.1838 -9.990e-29 1.0000e-12 2.2251e+03    172.220    13.5715    38.7538    29.1839 0.0000e+00
   1340.000    13.7767     0.1849 -9.990e-29 1.0000e-12 2.2220e+03    172.333    13.5714    38.7538    29.1839 0.0000e+00
   1341.000    13.7767     0.1799 -9.990e-29 1.0000e-12 2.2214e+03    172.493    13.5712    38.7538    29.1840 0.0000e+00
   1342.000    13.7767     0.1828 -9.990e-29 1.0000e-12 2.2230e+03    172.403    13.5711    38.7536    29.1839 0.0000e+00
   1343.000    13.7766     0.1887 -9.990e-29 1.0000e-12 2.2265e+03    172.639    13.5708    38.7537    29.1840 0.0000e+00
   1344.000    13.7765     0.1833 -9.990e-29 1.0000e-12 2.2203e+03    172.775    13.5706    38.7536    29.1840 0.0000e+00
   1345.000    13.7765     0.1808 -9.990e-29 1.0000e-12 2.2197e+03    172.644    13.5704    38.7534    29.1839 0.0000e+00
   1346.000    13.7764     0.1792 -9.990e-29 1.0000e-12 2.2245e+03    172.436    13.5701    38.7535    29.1840 0.0000e+00
   1347.000    13.7765     0.1817 -9.990e-29 1.0000e-12 2.2209e+03    172.494    13.5701    38.7535    29.1840 0.0000e+00
   1348.000    13.7767     0.1850 -9.990e-29 1.0000e-12 2.2237e+03    172.581    13.5701    38.7534    29.1839 0.0000e+00
   1349.000    13.7767     0.1882 -9.990e-29 1.0000e-12 2.2171e+03    172.268    13.5700    38.7535    29.1840 0.0000e+00
   1350.000    13.7768     0.1839 -9.990e-29 1.0000e-12 2.2237e+03    172.063    13.5700    38.7535    29.1840 0.0000e+00
   1351.000    13.7770     0.1826 -9.990e-29 1.0000e-12 2.2222e+03    172.216    13.5699    38.7535    29.1841 0.0000e+00
   1352.000    13.7772     0.1863 -9.990e-29 -9.990e-29 2.2223e+03    172.155    13.5699    38.7536    29.1841 0.0000e+00
   1353.000    13.7773     0.1864 -9.990e-29 -9.990e-29 2.2208e+03    172.259    13.5699    38.7536    29.1841 0.0000e+00
   1354.000    13.7774     0.1900 -9.990e-29 -9.990e-29 2.2222e+03    172.289    13.5699    38.7534    29.1840 0.0000e+00
   1355.000    13.7775     0.1883 -9.990e-29 1.0000e-12 2.2224e+03    172.005    13.5698    38.7536    29.1841 0.0000e+00
   1356.000    13.7777     0.1886 -9.990e-29 1.0000e-12 2.2229e+03    172.394    13.5699    38.7534    29.1840 0.0000e+00
   1357.000    13.7779     0.1871 -9.990e-29 1.0000e-12 2.2223e+03    172.128    13.5699    38.7534    29.1840 0.0000e+00
   1358.000    13.7780     0.1855 -9.990e-29 1.0000e-12 2.2189e+03    172.130    13.5698    38.7536    29.1841 0.0000e+00
   1359.000    13.7782     0.1864 -9.990e-29 1.0000e-12 2.2194e+03    172.441    13.5698    38.7534    29.1840 0.0000e+00
   1360.000    13.7783     0.1871 -9.990e-29 1.0000e-12 2.2227e+03    172.359    13.5698    38.7535    29.1840 0.0000e+00
   1361.000    13.7785     0.1887 -9.990e-29 1.0000e-12 2.2223e+03    172.015    13.5698    38.7535    29.1840 0.0000e+00
   1362.000    13.7785     0.1895 -9.990e-29 1.0000e-12 2.2208e+03    172.073    13.5696    38.7535    29.1841 0.0000e+00
   1363.000    13.7785     0.1847 -9.990e-29 1.0000e-12 2.2186e+03    171.837    13.5696    38.7534    29.1841 0.0000e+00
   1364.000    13.7784     0.1834 -9.990e-29 1.0000e-12 2.2194e+03    172.097    13.5693    38.7533    29.1840 0.0000e+00
   1365.000    13.7782     0.1838 -9.990e-29 1.0000e-12 2.2217e+03    172.439    13.5689    38.7532    29.1840 0.0000e+00
   1366.000    13.7776     0.1821 -9.990e-29 1.0000e-12 2.2228e+03    172.637    13.5681    38.7532    29.1842 0.0000e+00
   1367.000    13.7775     0.1850    98.4451 1.0000e-12 2.2226e+03    172.259    13.5679    38.7531    29.1841 0.0000e+00
   1368.000    13.7774     0.1872    98.4476 1.0000e-12 2.2251e+03    172.452    13.5677    38.7531    29.1842 0.0000e+00
   1369.000    13.7771     0.1815    98.4194 1.0000e-12 2.2264e+03    172.662    13.5672    38.7529    29.1841 0.0000e+00
   1370.000    13.7772     0.1886    98.4446 1.0000e-12 2.2237e+03    172.753    13.5672    38.7529    29.1842 0.0000e+00
   1371.000    13.7772     0.1911    98.4605 1.0000e-12 2.2241e+03    172.621    13.5670    38.7529    29.1842 0.0000e+00
   1372.000    13.7773     0.1886 -9.990e-29 1.0000e-12 2.2241e+03    172.290    13.5669    38.7529    29.1842 0.0000e+00
   1373.000    13.7772     0.1854 -9.990e-29 1.0000e-12 2.2223e+03    172.412    13.5666    38.7528    29.1842 0.0000e+00
   1374.000    13.7771     0.1830 -9.990e-29 1.0000e-12 2.2242e+03    172.624    13.5664    38.7527    29.1842 0.0000e+00
   1375.000    13.7767     0.1834 -9.990e-29 1.0000e-12 2.2250e+03    172.688    13.5658    38.7527    29.1843 0.0000e+00
   1376.000    13.7767     0.1832 -9.990e-29 1.0000e-12 2.2282e+03    172.702    13.5657    38.7526    29.1843 0.0000e+00
   1377.000    13.7769     0.1809 -9.990e-29 1.0000e-12 2.2252e+03    172.887    13.5657    38.7528    29.1844 0.0000e+00
   1378.000    13.7774     0.1800 -9.990e-29 1.0000e-12 2.2217e+03    172.829    13.5661    38.7527    29.1843 0.0000e+00
   1379.000    13.7778     0.1877 -9.990e-29 -9.990e-29 2.2252e+03    172.758    13.5662    38.7529    29.1844 0.0000e+00
   1380.000    13.7779     0.1900 -9.990e-29 -9.990e-29 2.2269e+03    172.446    13.5663    38.7529    29.1844 0.0000e+00
   1381.000    13.7781     0.1922 -9.990e-29 -9.990e-29 2.2267e+03    172.161    13.5663    38.7528    29.1843 0.0000e+00
   1382.000    13.7784     0.1845 -9.990e-29 1.0000e-12 2.2221e+03    172.673    13.5664    38.7530    29.1844 0.0000e+00
   1383.000    13.7786     0.1854 -9.990e-29 1.0000e-12 2.2256e+03    172.572    13.5665    38.7530    29.1844 0.0000e+00
   1384.000    13.7788     0.1828 -9.990e-29 1.0000e-12 2.2229e+03    172.354    13.5664    38.7529    29.1843 0.0000e+00
   1385.000    13.7789     0.1847 -9.990e-29 1.0000e-12 2.2265e+03    172.516    13.5665    38.7530    29.1844 0.0000e+00
   1386.000    13.7792     0.1814 -9.990e-29 1.0000e-12 2.2227e+03    172.412    13.5666    38.7530    29.1843 0.0000e+00
   1387.000    13.7795     0.1822 -9.990e-29 1.0000e-12 2.2239e+03    172.631    13.5667    38.7532    29.1845 0.0000e+00
   1388.000    13.7798     0.1877 -9.990e-29 1.0000e-12 2.2250e+03    172.890    13.5669    38.7531    29.1844 0.0000e+00
   1389.000    13.7799     0.1910 -9.990e-29 1.0000e-12 2.2235e+03    172.761    13.5667    38.7531    29.1844 0.0000e+00
   1390.000    13.7798     0.1864 -9.990e-29 1.0000e-12 2.2250e+03    172.458    13.5665    38.7531    29.1844 0.0000e+00
   1391.000    13.7795     0.1765 -9.990e-29 1.0000e-12 2.2265e+03    172.691    13.5660    38.7529    29.1844 0.0000e+00
   1392.000    13.7795     0.1764 -9.990e-29 1.0000e-12 2.2257e+03    172.347    13.5659    38.7530    29.1845 0.0000e+00
   1393.000    13.7795     0.1826 -9.990e-29 1.0000e-12 2.2236e+03    172.152    13.5657    38.7529    29.1845 0.0000e+00
   1394.000    13.7793     0.1855 -9.990e-29 1.0000e-12 2.2272e+03    172.537    13.5654    38.7529    29.1845 0.0000e+00
   1395.000    13.7794     0.1829 -9.990e-29 1.0000e-12 2.2268e+03    172.479    13.5654    38.7530    29.1846 0.0000e+00
   1396.000    13.7795     0.1827 -9.990e-29 1.0000e-12 2.2245e+03    172.525    13.5652    38.7529    29.1846 0.0000e+00
   1397.000    13.7796     0.1771 -9.990e-29 1.0000e-12 2.2271e+03    172.441    13.5652    38.7530    29.1846 0.0000e+00
   1398.000    13.7797     0.1779 -9.990e-29 1.0000e-12 2.2271e+03    172.607    13.5652    38.7529    29.1846 0.0000e+00
   1399.000    13.7799     0.1801 -9.990e-29 1.0000e-12 2.2283e+03    172.962    13.5651    38.7529    29.1846 0.0000e+00
   1400.000    13.7800     0.1807 -9.990e-29 1.0000e-12 2.2245e+03    172.908    13.5651    38.7529    29.1846 0.0000e+00
   1401.000    13.7801     0.1820 -9.990e-29 1.0000e-12 2.2229e+03    172.901    13.5651    38.7528    29.1845 0.0000e+00
   1402.000    13.7802     0.1832 -9.990e-29 1.0000e-12 2.2278e+03    172.659    13.5649    38.7529    29.1846 0.0000e+00
   1403.000    13.7804     0.1814 -9.990e-29 1.0000e-12 2.2273e+03    172.379    13.5650    38.7529    29.1846 0.0000e+00
   1404.000    13.7804     0.1810 -9.990e-29 1.0000e-12 2.2271e+03    172.519    13.5649    38.7530    29.1847 0.0000e+00
   1405.000    13.7805     0.1828 -9.990e-29 1.0000e-12 2.2262e+03    172.465    13.5648    38.7529    29.1847 0.0000e+00
   1406.000    13.7806     0.1873 -9.990e-29 1.0000e-12 2.2270e+03    172.759    13.5647    38.7529    29.1847 0.0000e+00
   1407.000    13.7807     0.1910 -9.990e-29 1.0000e-12 2.2272e+03    173.034    13.5647    38.7529    29.1847 0.0000e+00
   1408.000    13.7808     0.1890 -9.990e-29 1.0000e-12 2.2264e+03    172.802    13.5647    38.7529    29.1847 0.0000e+00
   1409.000    13.7810     0.1805 -9.990e-29 1.0000e-12 2.2282e+03    172.560    13.5647    38.7529    29.1847 0.0000e+00
   1410.000    13.7811     0.1817 -9.990e-29 1.0000e-12 2.2270e+03    172.341    13.5646    38.7529    29.1847 0.0000e+00
   1411.000    13.7813     0.1890 -9.990e-29 1.0000e-12 2.2221e+03    172.542    13.5646    38.7529    29.1847 0.0000e+00
   1412.000    13.7813     0.1898 -9.990e-29 1.0000e-12 2.2229e+03    172.384    13.5645    38.7528    29.1847 0.0000e+00
   1413.000    13.7816     0.1900    98.4500 1.0000e-12 2.2274e+03    172.473    13.5646    38.7528    29.1846 0.0000e+00
   1414.000    13.7817     0.1936    98.4506 -9.990e-29 2.2271e+03    172.515    13.5645    38.7529    29.1847 0.0000e+00
   1415.000    13.7819     0.1915    98.4516 -9.990e-29 2.2239e+03    172.732    13.5646    38.7528    29.1846 0.0000e+00
   1416.000    13.7820     0.1871    98.4365 -9.990e-29 2.2259e+03    172.767    13.5646    38.7527    29.1846 0.0000e+00
   1417.000    13.7823     0.1829    98.4477 1.0000e-12 2.2272e+03    172.786    13.5646    38.7528    29.1846 0.0000e+00
   1418.000    13.7824     0.1784 -9.990e-29 1.0000e-12 2.2262e+03    172.606    13.5646    38.7529    29.1847 0.0000e+00
   1419.000    13.7828     0.1810 -9.990e-29 1.0000e-12 2.2281e+03    172.712    13.5649    38.7528    29.1846 0.0000e+00
   1420.000    13.7829     0.1867 -9.990e-29 1.0000e-12 2.2244e+03    172.756    13.5648    38.7529    29.1847 0.0000e+00
   1421.000    13.7830     0.1850 -9.990e-29 1.0000e-12 2.2265e+03    172.641    13.5647    38.7529    29.1847 0.0000e+00
   1422.000    13.7831     0.1854 -9.990e-29 1.0000e-12 2.2240e+03    172.668    13.5647    38.7528    29.1846 0.0000e+00
   1423.000    13.7834     0.1811 -9.990e-29 1.0000e-12 2.2249e+03    172.763    13.5648    38.7528    29.1846 0.0000e+00
   1424.000    13.7831     0.1844 -9.990e-29 1.0000e-12 2.2262e+03    172.800    13.5643    38.7529    29.1847 0.0000e+00
   1425.000    13.7831     0.1840 -9.990e-29 1.0000e-12 2.2211e+03    172.466    13.5642    38.7528    29.1847 0.0000e+00
   1426.000    13.7832     0.1855 -9.990e-29 1.0000e-12 2.2295e+03    172.512    13.5642    38.7527    29.1847 0.0000e+00
   1427.000    13.7833     0.1812 -9.990e-29 1.0000e-12 2.2215e+03    172.723    13.5641    38.7528    29.1847 0.0000e+00
   1428.000    13.7833     0.1782 -9.990e-29 1.0000e-12 2.2218e+03    172.813    13.5639    38.7528    29.1848 0.0000e+00
   1429.000    13.7832     0.1759    98.4476 1.0000e-12 2.2242e+03    172.955    13.5636    38.7528    29.1848 0.0000e+00
   1430.000    13.7833     0.1826    98.4486 1.0000e-12 2.2251e+03    172.797    13.5636    38.7527    29.1848 0.0000e+00
   1431.000    13.7832     0.1825    98.4357 1.0000e-12 2.2230e+03    172.892    13.5633    38.7526    29.1848 0.0000e+00
   1432.000    13.7833     0.1830    98.4464 1.0000e-12 2.2248e+03    172.975    13.5633    38.7527    29.1848 0.0000e+00
   1433.000    13.7834     0.1896 -9.990e-29 1.0000e-12 2.2208e+03    172.767    13.5632    38.7526    29.1848 0.0000e+00
   1434.000    13.7835     0.1909 -9.990e-29 1.0000e-12 2.2275e+03    172.653    13.5631    38.7525    29.1847 0.0000e+00
   1435.000    13.7834     0.1928 -9.990e-29 1.0000e-12 2.2253e+03    172.855    13.5629    38.7527    29.1849 0.0000e+00
   1436.000    13.7835     0.1947 -9.990e-29 1.0000e-12 2.2252e+03    173.024    13.5628    38.7526    29.1848 0.0000e+00
   1437.000    13.7835     0.1905 -9.990e-29 1.0000e-12 2.2202e+03    172.868    13.5627    38.7526    29.1849 0.0000e+00
   1438.000    13.7837     0.1863 -9.990e-29 1.0000e-12 2.2236e+03    173.098    13.5627    38.7525    29.1848 0.0000e+00
   1439.000    13.7837     0.1865 -9.990e-29 1.0000e-12 2.2249e+03    172.869    13.5626    38.7526    29.1849 0.0000e+00
   1440.000    13.7837     0.1867 -9.990e-29 1.0000e-12 2.2243e+03    172.683    13.5624    38.7526    29.1850 0.0000e+00
   1441.000    13.7836     0.1858 -9.990e-29 1.0000e-12 2.2233e+03    172.661    13.5621    38.7524    29.1849 0.0000e+00
   1442.000    13.7832     0.1851 -9.990e-29 1.0000e-12 2.2229e+03    172.355    13.5615    38.7524    29.1850 0.0000e+00
   1443.000    13.7833     0.1808 -9.990e-29 1.0000e-12 2.2253e+03    172.573    13.5615    38.7524    29.1850 0.0000e+00
