Data/ruptures/PEACETIME/ION/PEACETIME_ION_CTD_037.cnv
* Sea-Bird SBE 9 Data File:
* FileName = C:\CTD\rawCTD\PEACETIME_ION_CTD_037.hdr
* Software Version Seasave V 7.23.2
* Temperature SN = 1378
* Conductivity SN = 2929
* Number of Bytes Per Scan = 34
* Number of Voltage Words = 5
* Number of Scans Averaged by the Deck Unit = 1
* NMEA Latitude = 35 29.35 N
* NMEA Longitude = 019 46.57 E
* NMEA UTC (Time) = May 25 2017  05:37:22
* NMEA baud rate = 4800
** Cruise:   PEACETIME
** Station:   ION_CTD_037
# nquan = 11
# nvalues = 3045                        
# units = specified
# name 0 = prDM: Pressure, Digiquartz [db]
# name 1 = t090C: Temperature [ITS-90, deg C]
# name 2 = flC: Fluorescence, Chelsea Aqua 3 Chl Con [ug/l]
# name 3 = CStarTr0: Beam Transmission, WET Labs C-Star [%]
# name 4 = par: PAR/Irradiance, Biospherical/Licor
# name 5 = spar: SPAR/Surface Irradiance
# name 6 = sbeox0Mm/Kg: Oxygen, SBE 43 [umol/kg]
# name 7 = potemp090C: Potential Temperature [ITS-90, deg C]
# name 8 = sal00: Salinity, Practical [PSU]
# name 9 = sigma-é00: Density [sigma-theta, kg/m^3]
# name 10 = flag:
# span 0 =      3.000,   3047.000       
# span 1 =    13.7775,    20.1897       
# span 2 =     0.1695,     0.3301       
# span 3 =    96.6389,    98.4932       
# span 4 = -6.750e-07, 3.0175e+02       
# span 5 = 1.0632e+03, 2.2301e+03       
# span 6 =    167.977,    229.812       
# span 7 =    13.4287,    20.1889       
# span 8 =    38.7333,    39.0599       
# span 9 =    27.7690,    29.1986       
# span 10 = 0.0000e+00, 0.0000e+00      
# interval = decibars: 1                
# start_time = May 25 2017 05:37:22 [NMEA time, header]
# bad_flag = -9.990e-29
*END*
[from data line 1705]
   1708.000    13.8007     0.1831    98.4683 1.0000e-12 1.9121e+03    174.471    13.5359    38.7497    29.1883 0.0000e+00
   1709.000    13.8009     0.1889    98.4683 1.0000e-12 1.9029e+03    174.506    13.5359    38.7495    29.1882 0.0000e+00
   1710.000    13.8009     0.1870    98.4685 1.0000e-12 1.8998e+03    174.677    13.5358    38.7496    29.1883 0.0000e+00
   1711.000    13.8011     0.1861    98.4685 1.0000e-12 1.8923e+03    174.614    13.5358    38.7496    29.1883 0.0000e+00
   1712.000    13.8012     0.1823    98.4672 1.0000e-12 1.8801e+03    174.433    13.5358    38.7497    29.1883 0.0000e+00
   1713.000    13.8014     0.1783    98.4628 1.0000e-12 1.8714e+03    174.431    13.5358    38.7496    29.1883 0.0000e+00
   1714.000    13.8015     0.1841    98.4628 1.0000e-12 1.8631e+03    174.450    13.5357    38.7498    29.1885 0.0000e+00
   1715.000    13.8017     0.1818    98.4674 1.0000e-12 1.8547e+03    174.443    13.5358    38.7496    29.1883 0.0000e+00
   1716.000    13.8019     0.1900    98.4612 1.0000e-12 1.8489e+03    174.611    13.5358    38.7496    29.1883 0.0000e+00
   1717.000    13.8020     0.1932    98.4601 1.0000e-12 1.8438e+03    174.318    13.5358    38.7495    29.1882 0.0000e+00
   1718.000    13.8021     0.1942    98.4649 1.0000e-12 1.8380e+03    174.240    13.5357    38.7495    29.1882 0.0000e+00
   1719.000    13.8021     0.1866    98.4693 1.0000e-12 1.8307e+03    174.238    13.5355    38.7496    29.1884 0.0000e+00
   1720.000    13.8023     0.1831    98.4618 1.0000e-12 1.8248e+03    174.298    13.5355    38.7495    29.1883 0.0000e+00
   1721.000    13.8023     0.1867    98.4695 1.0000e-12 1.8157e+03    174.441    13.5354    38.7496    29.1884 0.0000e+00
   1722.000    13.8024     0.1850    98.4683 1.0000e-12 1.8046e+03    174.764    13.5353    38.7495    29.1883 0.0000e+00
   1723.000    13.8026     0.1850    98.4674 1.0000e-12 1.7934e+03    174.918    13.5353    38.7495    29.1883 0.0000e+00
   1724.000    13.8026     0.1876    98.4716 1.0000e-12 1.7829e+03    174.632    13.5352    38.7496    29.1884 0.0000e+00
   1725.000    13.8024     0.1902    98.4704 1.0000e-12 1.7686e+03    174.444    13.5348    38.7495    29.1884 0.0000e+00
   1726.000    13.8025     0.1913    98.4606 1.0000e-12 1.7614e+03    174.660    13.5348    38.7496    29.1885 0.0000e+00
   1727.000    13.8026     0.1916    98.4685 1.0000e-12 1.7396e+03    174.619    13.5347    38.7495    29.1884 0.0000e+00
   1728.000    13.8026     0.1840    98.4683 1.0000e-12 1.7183e+03    174.525    13.5346    38.7495    29.1885 0.0000e+00
   1729.000    13.8024     0.1832    98.4706 1.0000e-12 1.6996e+03    174.540    13.5342    38.7494    29.1885 0.0000e+00
   1730.000    13.8024     0.1913    98.4653 1.0000e-12 1.6758e+03    174.666    13.5341    38.7493    29.1884 0.0000e+00
   1731.000    13.8024     0.1886    98.4617 1.0000e-12 1.6630e+03    174.521    13.5339    38.7495    29.1886 0.0000e+00
   1732.000    13.8027     0.1927    98.4622 1.0000e-12 1.6430e+03    174.646    13.5340    38.7494    29.1885 0.0000e+00
   1733.000    13.8027     0.1887    98.4628 1.0000e-12 1.6214e+03    174.880    13.5339    38.7494    29.1886 0.0000e+00
   1734.000    13.8029     0.1850    98.4654 1.0000e-12 1.5968e+03    174.660    13.5339    38.7495    29.1886 0.0000e+00
   1735.000    13.8031     0.1867    98.4632 1.0000e-12 1.5780e+03    174.608    13.5340    38.7496    29.1887 0.0000e+00
   1736.000    13.8033     0.1849    98.4573 1.0000e-12 1.5536e+03    174.708    13.5339    38.7495    29.1886 0.0000e+00
   1737.000    13.8035     0.1839    98.4629 1.0000e-12 1.5415e+03    174.703    13.5339    38.7495    29.1886 0.0000e+00
   1738.000    13.8035     0.1827    98.4716 1.0000e-12 1.5148e+03    174.683    13.5339    38.7495    29.1886 0.0000e+00
   1739.000    13.8037     0.1869    98.4685 1.0000e-12 1.4921e+03    174.668    13.5339    38.7494    29.1885 0.0000e+00
   1740.000    13.8038     0.1873    98.4661 1.0000e-12 1.4810e+03    174.556    13.5338    38.7494    29.1886 0.0000e+00
   1741.000    13.8039     0.1856    98.4674 1.0000e-12 1.4630e+03    174.487    13.5338    38.7495    29.1887 0.0000e+00
   1742.000    13.8041     0.1857    98.4607 1.0000e-12 1.4433e+03    174.456    13.5338    38.7494    29.1885 0.0000e+00
   1743.000    13.8040     0.1862    98.4643 1.0000e-12 1.4363e+03    174.673    13.5335    38.7496    29.1887 0.0000e+00
   1744.000    13.8043     0.1825    98.4672 1.0000e-12 1.4232e+03    174.755    13.5336    38.7495    29.1886 0.0000e+00
   1745.000    13.8044     0.1811    98.4685 1.0000e-12 1.4064e+03    174.642    13.5336    38.7495    29.1887 0.0000e+00
   1746.000    13.8043     0.1880    98.4674 1.0000e-12 1.3915e+03    174.850    13.5333    38.7494    29.1887 0.0000e+00
   1747.000    13.8043     0.1906    98.4694 1.0000e-12 1.3763e+03    174.841    13.5331    38.7495    29.1888 0.0000e+00
   1748.000    13.8044     0.1859    98.4654 1.0000e-12 1.3670e+03    174.890    13.5331    38.7494    29.1887 0.0000e+00
   1749.000    13.8046     0.1872    98.4596 1.0000e-12 1.3465e+03    174.788    13.5331    38.7492    29.1886 0.0000e+00
   1750.000    13.8045     0.1854    98.4622 1.0000e-12 1.3429e+03    174.484    13.5329    38.7494    29.1887 0.0000e+00
   1751.000    13.8044     0.1832    98.4639 1.0000e-12 1.3356e+03    174.690    13.5326    38.7493    29.1888 0.0000e+00
   1752.000    13.8043     0.1850    98.4664 1.0000e-12 1.3225e+03    174.676    13.5323    38.7492    29.1888 0.0000e+00
   1753.000    13.8043     0.1863    98.4685 1.0000e-12 1.3166e+03    174.705    13.5322    38.7493    29.1888 0.0000e+00
   1754.000    13.8046     0.1903    98.4674 1.0000e-12 1.3004e+03    174.596    13.5323    38.7492    29.1887 0.0000e+00
   1755.000    13.8047     0.1884    98.4680 1.0000e-12 1.2865e+03    174.488    13.5322    38.7491    29.1887 0.0000e+00
   1756.000    13.8048     0.1869    98.4694 1.0000e-12 1.2740e+03    174.642    13.5322    38.7492    29.1888 0.0000e+00
   1757.000    13.8049     0.1889    98.4596 1.0000e-12 1.2727e+03    174.772    13.5321    38.7493    29.1888 0.0000e+00
   1758.000    13.8050     0.1945    98.4664 1.0000e-12 1.2632e+03    174.699    13.5320    38.7492    29.1888 0.0000e+00
   1759.000    13.8052     0.1885    98.4717 1.0000e-12 1.2552e+03    174.763    13.5321    38.7491    29.1887 0.0000e+00
   1760.000    13.8054     0.1901    98.4683 1.0000e-12 1.2472e+03    174.986    13.5321    38.7492    29.1887 0.0000e+00
   1761.000    13.8053     0.1878    98.4628 1.0000e-12 1.2328e+03    175.080    13.5318    38.7493    29.1889 0.0000e+00
   1762.000    13.8055     0.1804    98.4624 1.0000e-12 1.2259e+03    174.805    13.5319    38.7492    29.1888 0.0000e+00
   1763.000    13.8056     0.1789    98.4653 1.0000e-12 1.2243e+03    174.597    13.5318    38.7492    29.1888 0.0000e+00
   1764.000    13.8056     0.1810    98.4602 1.0000e-12 1.2172e+03    174.486    13.5316    38.7491    29.1888 0.0000e+00
   1765.000    13.8054     0.1823    98.4596 1.0000e-12 1.2116e+03    174.805    13.5313    38.7491    29.1889 0.0000e+00
   1766.000    13.8054     0.1858    98.4664 1.0000e-12 1.2104e+03    174.841    13.5311    38.7490    29.1888 0.0000e+00
   1767.000    13.8054     0.1900    98.4683 1.0000e-12 1.2095e+03    174.628    13.5309    38.7491    29.1889 0.0000e+00
   1768.000    13.8054     0.1854    98.4727 1.0000e-12 1.1996e+03    174.833    13.5308    38.7490    29.1889 0.0000e+00
   1769.000    13.8054     0.1872    98.4682 1.0000e-12 1.1960e+03    175.228    13.5306    38.7489    29.1888 0.0000e+00
   1770.000    13.8054     0.1902    98.4612 1.0000e-12 1.1886e+03    175.044    13.5304    38.7489    29.1889 0.0000e+00
   1771.000    13.8056     0.1853    98.4703 1.0000e-12 1.1895e+03    174.965    13.5305    38.7490    29.1889 0.0000e+00
   1772.000    13.8059     0.1862    98.4622 1.0000e-12 1.1879e+03    174.746    13.5306    38.7488    29.1888 0.0000e+00
   1773.000    13.8056     0.1790    98.4628 1.0000e-12 1.1782e+03    174.309    13.5301    38.7489    29.1890 0.0000e+00
   1774.000    13.8057     0.1773    98.4643 1.0000e-12 1.1787e+03    174.452    13.5301    38.7489    29.1890 0.0000e+00
   1775.000    13.8058     0.1779    98.4661 1.0000e-12 1.1752e+03    174.789    13.5300    38.7488    29.1889 0.0000e+00
   1776.000    13.8059     0.1826    98.4682 1.0000e-12 1.1777e+03    175.030    13.5300    38.7489    29.1890 0.0000e+00
   1777.000    13.8060     0.1773    98.4639 1.0000e-12 1.1763e+03    174.995    13.5300    38.7488    29.1889 0.0000e+00
   1778.000    13.8062     0.1809    98.4653 1.0000e-12 1.1760e+03    174.805    13.5299    38.7489    29.1890 0.0000e+00
   1779.000    13.8062     0.1798    98.4633 1.0000e-12 1.1776e+03    174.838    13.5298    38.7489    29.1890 0.0000e+00
   1780.000    13.8064     0.1857    98.4596 1.0000e-12 1.1795e+03    174.833    13.5299    38.7487    29.1889 0.0000e+00
   1781.000    13.8064     0.1876    98.4662 1.0000e-12 1.1767e+03    174.767    13.5297    38.7489    29.1891 0.0000e+00
   1782.000    13.8065     0.1862    98.4639 1.0000e-12 1.1773e+03    174.744    13.5296    38.7488    29.1890 0.0000e+00
   1783.000    13.8065     0.1867    98.4653 1.0000e-12 1.1793e+03    175.069    13.5294    38.7489    29.1891 0.0000e+00
   1784.000    13.8065     0.1865    98.4672 1.0000e-12 1.1783e+03    174.895    13.5293    38.7488    29.1890 0.0000e+00
   1785.000    13.8066     0.1894    98.4685 1.0000e-12 1.1764e+03    174.896    13.5292    38.7487    29.1890 0.0000e+00
   1786.000    13.8067     0.1847    98.4726 1.0000e-12 1.1833e+03    175.214    13.5292    38.7488    29.1891 0.0000e+00
   1787.000    13.8067     0.1870    98.4606 1.0000e-12 1.1833e+03    175.195    13.5290    38.7488    29.1891 0.0000e+00
   1788.000    13.8068     0.1837    98.4628 1.0000e-12 1.1832e+03    174.879    13.5289    38.7488    29.1892 0.0000e+00
   1789.000    13.8070     0.1866    98.4695 1.0000e-12 1.1868e+03    174.931    13.5289    38.7489    29.1892 0.0000e+00
   1790.000    13.8071     0.1848    98.4632 1.0000e-12 1.1878e+03    175.116    13.5289    38.7488    29.1891 0.0000e+00
   1791.000    13.8072     0.1861    98.4622 1.0000e-12 1.1906e+03    175.125    13.5288    38.7488    29.1892 0.0000e+00
   1792.000    13.8074     0.1811    98.4650 1.0000e-12 1.1924e+03    174.995    13.5289    38.7488    29.1891 0.0000e+00
   1793.000    13.8076     0.1830    98.4672 1.0000e-12 1.1923e+03    174.754    13.5289    38.7488    29.1891 0.0000e+00
   1794.000    13.8077     0.1877    98.4661 1.0000e-12 1.1912e+03    174.942    13.5289    38.7487    29.1891 0.0000e+00
   1795.000    13.8078     0.1927    98.4675 1.0000e-12 1.1914e+03    174.952    13.5288    38.7488    29.1891 0.0000e+00
   1796.000    13.8078     0.1816    98.4706 1.0000e-12 1.1943e+03    174.910    13.5286    38.7488    29.1892 0.0000e+00
   1797.000    13.8077     0.1834    98.4661 1.0000e-12 1.1991e+03    175.207    13.5284    38.7486    29.1891 0.0000e+00
   1798.000    13.8077     0.1870    98.4674 1.0000e-12 1.1996e+03    175.234    13.5282    38.7487    29.1892 0.0000e+00
   1799.000    13.8078     0.1849    98.4672 1.0000e-12 1.2012e+03    175.059    13.5281    38.7488    29.1893 0.0000e+00
   1800.000    13.8079     0.1899    98.4653 1.0000e-12 1.1983e+03    175.025    13.5280    38.7488    29.1893 0.0000e+00
   1801.000    13.8081     0.1904    98.4695 1.0000e-12 1.2018e+03    174.976    13.5281    38.7486    29.1892 0.0000e+00
   1802.000    13.8083     0.1935    98.4661 1.0000e-12 1.2006e+03    175.075    13.5281    38.7486    29.1892 0.0000e+00
   1803.000    13.8084     0.1904    98.4672 1.0000e-12 1.1979e+03    175.227    13.5280    38.7486    29.1892 0.0000e+00
   1804.000    13.8086     0.1847    98.4633 1.0000e-12 1.1993e+03    175.268    13.5281    38.7486    29.1892 0.0000e+00
   1805.000    13.8086     0.1777    98.4704 1.0000e-12 1.1971e+03    174.892    13.5279    38.7486    29.1892 0.0000e+00
   1806.000    13.8088     0.1836    98.4695 1.0000e-12 1.1962e+03    175.015    13.5280    38.7487    29.1892 0.0000e+00
   1807.000    13.8089     0.1904    98.4628 1.0000e-12 1.1986e+03    175.171    13.5279    38.7487    29.1893 0.0000e+00
   1808.000    13.8091     0.1893    98.4674 1.0000e-12 1.1899e+03    175.223    13.5279    38.7487    29.1892 0.0000e+00
   1809.000    13.8092     0.1834    98.4683 1.0000e-12 1.1929e+03    175.060    13.5279    38.7487    29.1892 0.0000e+00
   1810.000    13.8096     0.1805    98.4632 1.0000e-12 1.1916e+03    174.973    13.5281    38.7486    29.1892 0.0000e+00
   1811.000    13.8098     0.1844    98.4518 1.0000e-12 1.1890e+03    175.090    13.5281    38.7486    29.1892 0.0000e+00
   1812.000    13.8099     0.1860    98.4559 1.0000e-12 1.1888e+03    174.834    13.5280    38.7485    29.1891 0.0000e+00
   1813.000    13.8099     0.1823    98.4662 1.0000e-12 1.1906e+03    174.892    13.5279    38.7485    29.1892 0.0000e+00
   1814.000    13.8101     0.1788    98.4387 1.0000e-12 1.1883e+03    175.024    13.5280    38.7487    29.1892 0.0000e+00
   1815.000    13.8103     0.1795    98.4672 1.0000e-12 1.1905e+03    174.997    13.5280    38.7488    29.1893 0.0000e+00
   1816.000    13.8105     0.1829    98.4693 1.0000e-12 1.1942e+03    175.130    13.5280    38.7487    29.1893 0.0000e+00
   1817.000    13.8107     0.1839    98.4664 1.0000e-12 1.1941e+03    174.932    13.5280    38.7486    29.1892 0.0000e+00
   1818.000    13.8105     0.1821    98.4675 1.0000e-12 1.2027e+03    174.653    13.5277    38.7487    29.1893 0.0000e+00
   1819.000    13.8107     0.1793    98.4736 1.0000e-12 1.2040e+03    174.701    13.5277    38.7487    29.1893 0.0000e+00
   1820.000    13.8110     0.1803    98.4737 1.0000e-12 1.2080e+03    174.519    13.5278    38.7486    29.1892 0.0000e+00
   1821.000    13.8111     0.1838    98.4737 1.0000e-12 1.2081e+03    174.539    13.5277    38.7486    29.1893 0.0000e+00
   1822.000    13.8112     0.1862    98.4726 1.0000e-12 1.2072e+03    174.729    13.5277    38.7486    29.1893 0.0000e+00
   1823.000    13.8113     0.1841    98.4675 1.0000e-12 1.2127e+03    174.480    13.5277    38.7486    29.1893 0.0000e+00
   1824.000    13.8116     0.1838    98.4602 1.0000e-12 1.2126e+03    174.713    13.5278    38.7485    29.1892 0.0000e+00
   1825.000    13.8118     0.1812    98.4612 1.0000e-12 1.2141e+03    174.830    13.5278    38.7487    29.1893 0.0000e+00
   1826.000    13.8119     0.1771    98.4585 1.0000e-12 1.2128e+03    174.649    13.5277    38.7486    29.1893 0.0000e+00
   1827.000    13.8120     0.1814    98.4607 1.0000e-12 1.2139e+03    174.648    13.5277    38.7487    29.1893 0.0000e+00
   1828.000    13.8120     0.1878    98.4650 1.0000e-12 1.2136e+03    174.954    13.5276    38.7486    29.1893 0.0000e+00
   1829.000    13.8123     0.1890    98.4661 1.0000e-12 1.2127e+03    175.056    13.5276    38.7486    29.1892 0.0000e+00
   1830.000    13.8122     0.1878    98.4643 1.0000e-12 1.2154e+03    175.011    13.5274    38.7486    29.1893 0.0000e+00
   1831.000    13.8124     0.1864    98.4622 1.0000e-12 1.2149e+03    175.017    13.5274    38.7486    29.1893 0.0000e+00
   1832.000    13.8124     0.1825    98.4633 1.0000e-12 1.2171e+03    175.210    13.5273    38.7485    29.1893 0.0000e+00
   1833.000    13.8118     0.1845    98.4601 1.0000e-12 1.2172e+03    174.918    13.5265    38.7485    29.1894 0.0000e+00
   1834.000    13.8117     0.1863    98.4639 1.0000e-12 1.2233e+03    175.037    13.5262    38.7485    29.1895 0.0000e+00
   1835.000    13.8118     0.1862    98.4650 1.0000e-12 1.2244e+03    175.121    13.5261    38.7485    29.1895 0.0000e+00
   1836.000    13.8121     0.1814    98.4674 1.0000e-12 1.2235e+03    174.866    13.5263    38.7486    29.1896 0.0000e+00
   1837.000    13.8123     0.1800    98.4672 1.0000e-12 1.2247e+03    174.985    13.5264    38.7487    29.1896 0.0000e+00
   1838.000    13.8125     0.1844    98.4717 1.0000e-12 1.2255e+03    175.007    13.5263    38.7486    29.1895 0.0000e+00
