Data/ruptures/PEACETIME/ION/PEACETIME_ION_CTD_040.cnv
* Sea-Bird SBE 9 Data File:
* FileName = C:\CTD\rawCTD\PEACETIME_ION_CTD_040.hdr
* Software Version Seasave V 7.23.2
* Temperature SN = 1378
* Conductivity SN = 2929
* Number of Bytes Per Scan = 38
* Number of Voltage Words = 5
* Number of Scans Averaged by the Deck Unit = 1
* NMEA Latitude = 35 29.35 N
* NMEA Longitude = 019 46.59 E
* NMEA UTC (Time) = May 26 2017  02:25:31
* NMEA baud rate = 4800
** Cruise:   PEACETIME
** Station:   ION_CTD_040
# nquan = 11
# nvalues = 501                         
# units = specified
# name 0 = prDM: Pressure, Digiquartz [db]
# name 1 = t090C: Temperature [ITS-90, deg C]
# name 2 = flC: Fluorescence, Chelsea Aqua 3 Chl Con [ug/l]
# name 3 = CStarTr0: Beam Transmission, WET Labs C-Star [%]
# name 4 = par: PAR/Irradiance, Biospherical/Licor
# name 5 = spar: SPAR/Surface Irradiance
# name 6 = sbeox0Mm/Kg: Oxygen, SBE 43 [umol/kg]
# name 7 = potemp090C: Potential Temperature [ITS-90, deg C]
# name 8 = sal00: Salinity, Practical [PSU]
# name 9 = sigma-é00: Density [sigma-theta, kg/m^3]
# name 10 = flag:
# span 0 =      1.000,    501.000       
# span 1 =    14.3960,    20.6564       
# span 2 =     0.1747,     0.3746       
# span 3 =    96.4965,    98.3994       
# span 4 = -1.611e-06, 3.0198e-01       
# span 5 = 1.2584e+00, 5.5518e+00       
# span 6 =    171.971,    233.210       
# span 7 =    14.3191,    20.6562       
# span 8 =    38.8671,    39.0508       
# span 9 =    27.6596,    29.1422       
# span 10 = 0.0000e+00, 0.0000e+00      
# interval = decibars: 1                
# start_time = May 26 2017 02:25:32 [NMEA time, first data scan]
# bad_flag = -9.990e-29
*END*
[from data line 263]
    264.000    15.3855     0.1868    98.3252 1.0000e-12 3.1831e+00    197.758    15.3434    39.0355    29.0087 0.0000e+00
    265.000    15.3846     0.1884    98.3165 1.0000e-12 1.6384e+00    197.328    15.3424    39.0355    29.0089 0.0000e+00
    266.000    15.3842     0.1796    98.3361 -9.990e-29 2.8808e+00    197.101    15.3418    39.0355    29.0091 0.0000e+00
    267.000    15.3831     0.1774    98.3114 1.0000e-12 3.3224e+00    198.031    15.3405    39.0352    29.0092 0.0000e+00
    268.000    15.3818     0.1847    98.3171 1.1970e-06 3.3870e+00    197.793    15.3391    39.0352    29.0094 0.0000e+00
    269.000    15.3780     0.1795    98.3241 1.4467e-06 3.3526e+00    197.648    15.3351    39.0348    29.0101 0.0000e+00
    270.000    15.3726     0.1811    98.3187 -9.990e-29 2.0117e+00    197.254    15.3296    39.0343    29.0110 0.0000e+00
    271.000    15.3663     0.1836    98.3262 -9.990e-29 2.9763e+00    196.842    15.3232    39.0340    29.0122 0.0000e+00
    272.000    15.3637     0.1846    98.3187 -9.990e-29 2.0798e+00    197.091    15.3204    39.0340    29.0128 0.0000e+00
    273.000    15.3599     0.1825    98.3287 -9.990e-29 2.5857e+00    196.152    15.3165    39.0347    29.0143 0.0000e+00
    274.000    15.3474     0.1798    98.3187 1.0000e-12 3.1479e+00    195.853    15.3038    39.0338    29.0165 0.0000e+00
    275.000    15.3439     0.1876    98.3328 1.0000e-12 4.4756e+00    196.250    15.3001    39.0335    29.0171 0.0000e+00
    276.000    15.3419     0.1858    98.3300 1.1956e-06 2.9377e+00    196.339    15.2979    39.0333    29.0175 0.0000e+00
    277.000    15.3390     0.1806    98.3083 8.8458e-06 2.1140e+00    196.224    15.2950    39.0330    29.0179 0.0000e+00
    278.000    15.3361     0.1804    98.2746 2.2363e-08 2.7187e+00    195.974    15.2919    39.0328    29.0185 0.0000e+00
    279.000    15.3338     0.1808    98.3146 1.0000e-12 2.2442e+00    196.045    15.2894    39.0328    29.0190 0.0000e+00
    280.000    15.3315     0.1828    98.3246 1.0000e-12 3.5167e+00    196.139    15.2870    39.0327    29.0195 0.0000e+00
    281.000    15.3266     0.1825    98.3408 2.2677e-06 2.8732e+00    195.373    15.2819    39.0325    29.0206 0.0000e+00
    282.000    15.3211     0.1812    98.2933 1.6339e-04 2.5072e+00    195.713    15.2762    39.0317    29.0212 0.0000e+00
    283.000    15.3105     0.1769    98.3088 4.9614e-06 2.6981e+00    196.327    15.2655    39.0304    29.0227 0.0000e+00
    284.000    15.3058     0.1783    98.3013 1.5833e-04 2.7430e+00    196.475    15.2607    39.0301    29.0235 0.0000e+00
    285.000    15.3038     0.1828    98.3215 7.6982e-07 4.0168e+00    196.104    15.2585    39.0298    29.0238 0.0000e+00
    286.000    15.2999     0.1835    98.2922 6.5049e-06 2.5768e+00    196.073    15.2544    39.0296    29.0246 0.0000e+00
    287.000    15.2968     0.1865    98.3274 -9.990e-29 1.6852e+00    195.367    15.2512    39.0296    29.0253 0.0000e+00
    288.000    15.2932     0.1780    98.3159 -9.990e-29 2.9718e+00    195.551    15.2474    39.0293    29.0260 0.0000e+00
    289.000    15.2919     0.1812    98.3242 -9.990e-29 3.6313e+00    195.863    15.2460    39.0292    29.0262 0.0000e+00
    290.000    15.2916     0.1849    98.3333 1.0000e-12 3.1156e+00    195.404    15.2455    39.0291    29.0262 0.0000e+00
    291.000    15.2912     0.1863    98.3246 1.0000e-12 2.8445e+00    195.604    15.2450    39.0290    29.0263 0.0000e+00
    292.000    15.2887     0.1868    98.3311 1.0000e-12 3.1073e+00    195.730    15.2423    39.0286    29.0266 0.0000e+00
    293.000    15.2891     0.1874    98.3275 -9.990e-29 3.7060e+00    195.261    15.2425    39.0292    29.0270 0.0000e+00
    294.000    15.2933     0.1843    98.3204 -9.990e-29 2.1169e+00    194.999    15.2466    39.0317    29.0280 0.0000e+00
    295.000    15.2954     0.1865    98.3148 1.0000e-12 3.6129e+00    195.000    15.2486    39.0341    29.0295 0.0000e+00
    296.000    15.2877     0.1811    98.3257 1.0000e-12 3.2871e+00    194.493    15.2407    39.0344    29.0314 0.0000e+00
    297.000    15.2805     0.1802    98.3264 9.6961e-06 3.4792e+00    194.101    15.2333    39.0334    29.0324 0.0000e+00
    298.000    15.2717     0.1844    98.3243 2.5982e-05 2.3927e+00    193.421    15.2244    39.0317    29.0331 0.0000e+00
    299.000    15.2678     0.1869    98.3175 -1.533e-07 3.3953e+00    193.944    15.2203    39.0311    29.0335 0.0000e+00
    300.000    15.2648     0.1816    98.3208 1.1421e-06 2.5371e+00    193.580    15.2172    39.0306    29.0339 0.0000e+00
    301.000    15.2608     0.1842    98.3378 1.1893e-06 2.3010e+00    193.356    15.2130    39.0298    29.0343 0.0000e+00
    302.000    15.2540     0.1834    98.3085 -1.783e-09 2.9203e+00    193.195    15.2061    39.0287    29.0350 0.0000e+00
    303.000    15.2460     0.1855    98.3193 1.0000e-12 4.1388e+00    192.814    15.1979    39.0274    29.0358 0.0000e+00
    304.000    15.2414     0.1887    98.3137 -9.990e-29 2.7962e+00    192.763    15.1932    39.0267    29.0364 0.0000e+00
    305.000    15.2385     0.1879    98.3062 -9.990e-29 2.4019e+00    192.375    15.1902    39.0263    29.0368 0.0000e+00
    306.000    15.2358     0.1829    98.3297 -9.990e-29 2.9391e+00    192.369    15.1873    39.0258    29.0371 0.0000e+00
    307.000    15.2329     0.1859    98.3159 1.0000e-12 3.3201e+00    192.573    15.1842    39.0254    29.0374 0.0000e+00
    308.000    15.2294     0.1827    98.3279 1.0000e-12 3.1832e+00    192.121    15.1806    39.0248    29.0378 0.0000e+00
    309.000    15.2218     0.1797    98.3074 1.0000e-12 1.4625e+00    191.636    15.1729    39.0239    29.0388 0.0000e+00
    310.000    15.2109     0.1823    98.3291 1.0000e-12 3.2292e+00    191.120    15.1618    39.0228    29.0405 0.0000e+00
    311.000    15.2046     0.1874    98.3298 1.0000e-12 2.9379e+00    190.519    15.1554    39.0222    29.0416 0.0000e+00
    312.000    15.2037     0.1856    98.3280 1.0000e-12 2.9585e+00    190.745    15.1543    39.0223    29.0419 0.0000e+00
    313.000    15.2033     0.1931    98.3198 1.0000e-12 2.6830e+00    190.914    15.1538    39.0226    29.0422 0.0000e+00
    314.000    15.2020     0.1883    98.3265 1.0000e-12 3.3906e+00    191.109    15.1523    39.0231    29.0429 0.0000e+00
    315.000    15.1984     0.1847    98.3045 1.0000e-12 2.3341e+00    191.436    15.1486    39.0230    29.0437 0.0000e+00
    316.000    15.1960     0.1895    98.3226 1.0000e-12 2.6629e+00    191.364    15.1459    39.0231    29.0444 0.0000e+00
    317.000    15.1908     0.1826    98.3255 1.0000e-12 2.8529e+00    190.397    15.1407    39.0221    29.0448 0.0000e+00
    318.000    15.1739     0.1793    98.3328 1.4176e-06 2.8787e+00    190.533    15.1236    39.0197    29.0469 0.0000e+00
    319.000    15.1620     0.1835    98.3279 1.1142e-06 3.1160e+00    189.914    15.1116    39.0179    29.0483 0.0000e+00
    320.000    15.1560     0.1811    98.3281 -1.098e-08 2.6587e+00    189.818    15.1055    39.0170    29.0489 0.0000e+00
    321.000    15.1480     0.1799    98.3229 1.0000e-12 3.1186e+00    189.614    15.0972    39.0155    29.0497 0.0000e+00
    322.000    15.1353     0.1836    98.3104 1.0000e-12 3.8043e+00    188.914    15.0844    39.0133    29.0508 0.0000e+00
    323.000    15.1300     0.1838    98.3281 1.0000e-12 3.3553e+00    189.011    15.0790    39.0125    29.0515 0.0000e+00
    324.000    15.1266     0.1780    98.2971 1.0000e-12 2.7462e+00    188.286    15.0755    39.0119    29.0518 0.0000e+00
    325.000    15.1201     0.1785    98.3411 1.0000e-12 2.8191e+00    188.570    15.0688    39.0106    29.0523 0.0000e+00
    326.000    15.1135     0.1875    98.3121 1.0000e-12 3.9750e+00    187.992    15.0620    39.0096    29.0531 0.0000e+00
    327.000    15.1044     0.1861    98.3239 1.0000e-12 2.3357e+00    187.686    15.0528    39.0080    29.0539 0.0000e+00
    328.000    15.0941     0.1879    98.3355 1.0000e-12 2.5734e+00    187.609    15.0424    39.0061    29.0549 0.0000e+00
    329.000    15.0886     0.1870    98.3329 -9.990e-29 2.4038e+00    187.638    15.0368    39.0050    29.0553 0.0000e+00
    330.000    15.0855     0.1893    98.3006 1.0000e-12 2.6088e+00    187.525    15.0335    39.0044    29.0556 0.0000e+00
    331.000    15.0788     0.1829    98.3205 1.0000e-12 3.0117e+00    187.066    15.0267    39.0029    29.0560 0.0000e+00
    332.000    15.0679     0.1829    98.3430 1.0000e-12 1.4996e+00    186.689    15.0156    39.0005    29.0566 0.0000e+00
    333.000    15.0599     0.1806    98.3398 1.0000e-12 1.6606e+00    186.346    15.0074    38.9989    29.0572 0.0000e+00
    334.000    15.0518     0.1809    98.3414 1.0000e-12 2.5048e+00    185.997    14.9992    38.9970    29.0577 0.0000e+00
    335.000    15.0392     0.1767    98.3565 1.0000e-12 2.1699e+00    185.589    14.9865    38.9944    29.0585 0.0000e+00
    336.000    15.0324     0.1804    98.3582 1.0000e-12 3.9636e+00    184.975    14.9795    38.9935    29.0594 0.0000e+00
    337.000    15.0293     0.1855    98.3583 1.0000e-12 3.5310e+00    185.194    14.9763    38.9931    29.0598 0.0000e+00
    338.000    15.0269     0.1871    98.3622 1.0000e-12 3.1195e+00    185.236    14.9738    38.9929    29.0602 0.0000e+00
    339.000    15.0261     0.1856    98.3555 1.0000e-12 2.4404e+00    185.143    14.9728    38.9939    29.0612 0.0000e+00
    340.000    15.0215     0.1824    98.3536 1.0000e-12 2.1433e+00    184.962    14.9680    38.9941    29.0625 0.0000e+00
    341.000    15.0133     0.1907    98.3479 1.0000e-12 2.2013e+00    184.974    14.9597    38.9931    29.0636 0.0000e+00
    342.000    15.0076     0.1880    98.3537 -9.990e-29 3.4225e+00    185.102    14.9538    38.9921    29.0642 0.0000e+00
    343.000    15.0014     0.1824    98.3652 -9.990e-29 1.8962e+00    184.595    14.9475    38.9907    29.0645 0.0000e+00
    344.000    14.9900     0.1829    98.3527 -9.990e-29 3.1086e+00    184.687    14.9360    38.9888    29.0656 0.0000e+00
    345.000    14.9807     0.1776    98.3553 -9.990e-29 2.8857e+00    184.474    14.9265    38.9871    29.0665 0.0000e+00
    346.000    14.9727     0.1809    98.3754 -9.990e-29 1.8031e+00    184.216    14.9184    38.9862    29.0676 0.0000e+00
    347.000    14.9695     0.1837    98.3669 7.3796e-06 3.4587e+00    184.029    14.9151    38.9859    29.0681 0.0000e+00
    348.000    14.9662     0.1858    98.3573 1.0870e-07 3.7211e+00    184.381    14.9116    38.9855    29.0686 0.0000e+00
    349.000    14.9633     0.1884    98.3671 1.0000e-12 2.9522e+00    184.030    14.9086    38.9854    29.0692 0.0000e+00
    350.000    14.9580     0.1831    98.3761 1.0000e-12 2.3041e+00    183.617    14.9031    38.9849    29.0700 0.0000e+00
    351.000    14.9495     0.1791    98.3538 1.0000e-12 3.2260e+00    183.823    14.8945    38.9843    29.0716 0.0000e+00
    352.000    14.9458     0.1809    98.3692 1.0000e-12 2.2628e+00    183.319    14.8906    38.9846    29.0727 0.0000e+00
    353.000    14.9436     0.1828    98.3825 1.0000e-12 2.8887e+00    183.434    14.8883    38.9847    29.0733 0.0000e+00
    354.000    14.9407     0.1874    98.3837 -9.990e-29 3.5557e+00    182.926    14.8853    38.9847    29.0739 0.0000e+00
    355.000    14.9391     0.1815    98.3824 1.0000e-12 3.3214e+00    182.877    14.8835    38.9844    29.0741 0.0000e+00
    356.000    14.9340     0.1784    98.3831 1.0000e-12 2.4372e+00    182.427    14.8782    38.9834    29.0745 0.0000e+00
    357.000    14.9258     0.1794    98.3685 1.0000e-12 2.3704e+00    182.632    14.8699    38.9819    29.0752 0.0000e+00
    358.000    14.9184     0.1804    98.3326 1.0000e-12 3.2473e+00    182.807    14.8624    38.9805    29.0758 0.0000e+00
    359.000    14.9070     0.1860    98.3651 1.0000e-12 2.1061e+00    182.455    14.8508    38.9789    29.0772 0.0000e+00
    360.000    14.8977     0.1836    98.3756 1.0000e-12 2.2013e+00    182.232    14.8414    38.9779    29.0785 0.0000e+00
    361.000    14.8926     0.1800    98.3744 1.0000e-12 2.6151e+00    182.012    14.8361    38.9771    29.0791 0.0000e+00
    362.000    14.8843     0.1847    98.3727 1.0000e-12 2.8935e+00    182.145    14.8277    38.9756    29.0799 0.0000e+00
    363.000    14.8825     0.1860    98.3652 1.0000e-12 3.0373e+00    182.666    14.8258    38.9754    29.0801 0.0000e+00
    364.000    14.8812     0.1804    98.3913 -9.990e-29 3.6712e+00    182.272    14.8243    38.9751    29.0803 0.0000e+00
    365.000    14.8790     0.1800    98.3565 1.0000e-12 3.1869e+00    182.204    14.8219    38.9747    29.0805 0.0000e+00
    366.000    14.8668     0.1779    98.3888 1.0000e-12 2.8523e+00    182.477    14.8096    38.9723    29.0814 0.0000e+00
    367.000    14.8545     0.1819    98.3896 1.0000e-12 2.9121e+00    182.313    14.7972    38.9707    29.0830 0.0000e+00
    368.000    14.8504     0.1772    98.3826 1.0000e-12 3.0564e+00    181.684    14.7929    38.9699    29.0833 0.0000e+00
    369.000    14.8420     0.1800    98.3796 1.0000e-12 3.4219e+00    181.620    14.7844    38.9682    29.0839 0.0000e+00
    370.000    14.8385     0.1796    98.3894 1.0000e-12 2.5640e+00    182.053    14.7807    38.9678    29.0844 0.0000e+00
    371.000    14.8356     0.1895    98.3707 1.0000e-12 2.4042e+00    181.787    14.7777    38.9673    29.0847 0.0000e+00
    372.000    14.8347     0.1856    98.3629 1.0000e-12 2.4704e+00    182.049    14.7767    38.9673    29.0849 0.0000e+00
    373.000    14.8325     0.1838    98.3854 1.0000e-12 2.8187e+00    181.956    14.7743    38.9669    29.0852 0.0000e+00
    374.000    14.8280     0.1874    98.3839 1.0000e-12 3.6823e+00    181.735    14.7697    38.9662    29.0857 0.0000e+00
    375.000    14.8174     0.1861    98.3755 1.0000e-12 3.7931e+00    181.670    14.7589    38.9653    29.0874 0.0000e+00
    376.000    14.8113     0.1814    98.3919 1.0000e-12 2.9192e+00    181.307    14.7527    38.9652    29.0887 0.0000e+00
    377.000    14.8113     0.1794    98.3675 1.0000e-12 2.5210e+00    180.723    14.7525    38.9652    29.0888 0.0000e+00
    378.000    14.8110     0.1827    98.3842 -9.990e-29 3.2173e+00    181.344    14.7521    38.9653    29.0889 0.0000e+00
    379.000    14.8105     0.1849    98.3931 -9.990e-29 3.5792e+00    181.114    14.7514    38.9652    29.0890 0.0000e+00
    380.000    14.8108     0.1844    98.3882 -9.990e-29 1.8658e+00    181.464    14.7516    38.9652    29.0890 0.0000e+00
    381.000    14.8102     0.1827    98.3909 -9.990e-29 3.1192e+00    181.477    14.7507    38.9653    29.0892 0.0000e+00
    382.000    14.8089     0.1871    98.3864 -9.990e-29 2.8795e+00    181.088    14.7493    38.9659    29.0900 0.0000e+00
    383.000    14.8075     0.1852    98.3888 -9.990e-29 3.6366e+00    180.470    14.7478    38.9678    29.0919 0.0000e+00
    384.000    14.8069     0.1837    98.3805 1.0000e-12 2.5803e+00    180.297    14.7470    38.9680    29.0922 0.0000e+00
    385.000    14.8056     0.1849    98.3881 1.0000e-12 3.5796e+00    179.717    14.7455    38.9681    29.0926 0.0000e+00
    386.000    14.8025     0.1863    98.3940 1.0000e-12 3.0787e+00    180.292    14.7423    38.9679    29.0932 0.0000e+00
    387.000    14.8006     0.1865    98.3899 1.2013e-06 1.9321e+00    180.071    14.7403    38.9680    29.0936 0.0000e+00
    388.000    14.7944     0.1831    98.3946 -1.197e-08 3.7332e+00    180.077    14.7340    38.9671    29.0944 0.0000e+00
    389.000    14.7898     0.1811    98.3897 1.0000e-12 1.8119e+00    179.926    14.7292    38.9668    29.0953 0.0000e+00
    390.000    14.7871     0.1838    98.3921 1.0000e-12 1.9437e+00    179.995    14.7263    38.9666    29.0957 0.0000e+00
    391.000    14.7817     0.1858    98.3956 1.0000e-12 2.8390e+00    179.610    14.7208    38.9660    29.0965 0.0000e+00
    392.000    14.7760     0.1817    98.3945 1.0000e-12 2.5374e+00    179.658    14.7149    38.9654    29.0974 0.0000e+00
    393.000    14.7710     0.1827    98.3912 -9.990e-29 2.7806e+00    179.422    14.7098    38.9648    29.0980 0.0000e+00
