Data/ruptures/PEACETIME/ION/PEACETIME_ION_CTD_041.cnv
* Sea-Bird SBE 9 Data File:
* FileName = C:\CTD\rawCTD\PEACETIME_ION_CTD_041.hdr
* Software Version Seasave V 7.23.2
* Temperature SN = 1378
* Conductivity SN = 2929
* Number of Bytes Per Scan = 38
* Number of Voltage Words = 5
* Number of Scans Averaged by the Deck Unit = 1
* NMEA Latitude = 35 29.29 N
* NMEA Longitude = 019 46.79 E
* NMEA UTC (Time) = May 26 2017  03:53:35
* NMEA baud rate = 4800
** Cruise:   PEACETIME
** Station:   ION_CTD_041
# nquan = 11
# nvalues = 3154                        
# units = specified
# name 0 = prDM: Pressure, Digiquartz [db]
# name 1 = t090C: Temperature [ITS-90, deg C]
# name 2 = flC: Fluorescence, Chelsea Aqua 3 Chl Con [ug/l]
# name 3 = CStarTr0: Beam Transmission, WET Labs C-Star [%]
# name 4 = par: PAR/Irradiance, Biospherical/Licor
# name 5 = spar: SPAR/Surface Irradiance
# name 6 = sbeox0Mm/Kg: Oxygen, SBE 43 [umol/kg]
# name 7 = potemp090C: Potential Temperature [ITS-90, deg C]
# name 8 = sal00: Salinity, Practical [PSU]
# name 9 = sigma-é00: Density [sigma-theta, kg/m^3]
# name 10 = flag:
# span 0 =      1.000,   3154.000       
# span 1 =    13.7795,    20.5784       
# span 2 =     0.1680,     0.3538       
# span 3 =    95.2491,    98.5267       
# span 4 = -1.503e-05, 4.3984e+01       
# span 5 = 1.6288e+02, 1.3718e+03       
# span 6 =    168.079,    231.428       
# span 7 =    13.4270,    20.5765       
# span 8 =    38.7334,    39.0497       
# span 9 =    27.6795,    29.1991       
# span 10 = 0.0000e+00, 0.0000e+00      
# interval = decibars: 1                
# start_time = May 26 2017 04:07:59 [NMEA time, first data scan]
# bad_flag = -9.990e-29
*END*
[from data line 2099]
   2100.000    13.8232     0.1765    98.5210 3.5939e-03 8.8013e+02    176.518    13.4937    38.7429    29.1921 0.0000e+00
   2101.000    13.8232     0.1754    98.5149 2.4714e-03 8.8191e+02    176.508    13.4936    38.7428    29.1920 0.0000e+00
   2102.000    13.8232     0.1778    98.5200 2.3207e-03 8.8258e+02    176.625    13.4934    38.7428    29.1921 0.0000e+00
   2103.000    13.8232     0.1813    98.5133 3.4323e-03 8.8110e+02    176.436    13.4932    38.7427    29.1921 0.0000e+00
   2104.000    13.8231     0.1774    98.5155 3.1206e-03 8.8025e+02    176.426    13.4929    38.7427    29.1921 0.0000e+00
   2105.000    13.8231     0.1761    98.5121 3.2757e-03 8.8118e+02    176.132    13.4928    38.7425    29.1920 0.0000e+00
   2106.000    13.8230     0.1817    98.5226 2.9620e-03 8.8153e+02    176.107    13.4925    38.7426    29.1921 0.0000e+00
   2107.000    13.8226     0.1805 -9.990e-29 2.3639e-03 8.7713e+02    176.593    13.4919    38.7426    29.1922 0.0000e+00
   2108.000    13.8226     0.1808 -9.990e-29 7.8622e-04 8.7736e+02    176.693    13.4918    38.7424    29.1921 0.0000e+00
   2109.000    13.8222     0.1818 -9.990e-29 2.5561e-03 8.7188e+02    176.751    13.4912    38.7424    29.1922 0.0000e+00
   2110.000    13.8222     0.1803    98.5257 3.6157e-03 8.6492e+02    176.692    13.4910    38.7423    29.1922 0.0000e+00
   2111.000    13.8221     0.1817    98.5213 2.6322e-03 8.6297e+02    176.539    13.4908    38.7423    29.1922 0.0000e+00
   2112.000    13.8222     0.1807    98.5133 2.1438e-03 8.5153e+02    176.574    13.4907    38.7423    29.1922 0.0000e+00
   2113.000    13.8221     0.1822    98.5200 4.8031e-03 8.4659e+02    176.468    13.4904    38.7424    29.1924 0.0000e+00
   2114.000    13.8223     0.1746    98.5210 3.5261e-03 8.3068e+02    176.400    13.4905    38.7423    29.1923 0.0000e+00
   2115.000    13.8223     0.1749    98.5167 3.5628e-03 8.1171e+02    176.389    13.4904    38.7423    29.1923 0.0000e+00
   2116.000    13.8225     0.1833    98.5223 3.5865e-03 8.0090e+02    176.268    13.4904    38.7422    29.1922 0.0000e+00
   2117.000    13.8226     0.1861    98.5148 4.0048e-03 7.8222e+02    176.448    13.4903    38.7423    29.1923 0.0000e+00
   2118.000    13.8228     0.1856    98.5111 4.0236e-03 7.5912e+02    176.509    13.4903    38.7422    29.1923 0.0000e+00
   2119.000    13.8228     0.1826    98.5127 3.7130e-03 7.4957e+02    176.374    13.4901    38.7422    29.1923 0.0000e+00
   2120.000    13.8227     0.1825    98.5167 3.9190e-03 7.3818e+02    176.513    13.4899    38.7421    29.1923 0.0000e+00
   2121.000    13.8226     0.1840    98.5225 3.4512e-03 7.1935e+02    176.645    13.4896    38.7421    29.1923 0.0000e+00
   2122.000    13.8225     0.1869    98.5223 2.3755e-03 7.1489e+02    176.914    13.4894    38.7422    29.1925 0.0000e+00
   2123.000    13.8228     0.1856    98.5198 2.9418e-03 7.1374e+02    176.936    13.4895    38.7419    29.1922 0.0000e+00
   2124.000    13.8227     0.1812    98.5166 4.3839e-03 7.1659e+02    176.570    13.4893    38.7420    29.1923 0.0000e+00
   2125.000    13.8229     0.1823    98.5212 2.3956e-03 7.1452e+02    176.157    13.4892    38.7421    29.1924 0.0000e+00
   2126.000    13.8229     0.1751    98.5226 5.5910e-03 7.2363e+02    176.346    13.4891    38.7420    29.1923 0.0000e+00
   2127.000    13.8230     0.1745    98.5122 5.2149e-03 7.3593e+02    176.781    13.4891    38.7420    29.1923 0.0000e+00
   2128.000    13.8232     0.1807    98.5178 4.2009e-03 7.3390e+02    176.993    13.4890    38.7420    29.1923 0.0000e+00
   2129.000    13.8230     0.1815    98.5149 3.8525e-03 7.4182e+02    176.786    13.4887    38.7419    29.1924 0.0000e+00
   2130.000    13.8229     0.1806    98.5227 3.8729e-03 7.4498e+02    176.618    13.4884    38.7418    29.1923 0.0000e+00
   2131.000    13.8227     0.1809    98.5226 4.8269e-03 7.4205e+02    176.699    13.4881    38.7418    29.1924 0.0000e+00
   2132.000    13.8228     0.1843    98.5192 2.6515e-03 7.3570e+02    176.553    13.4880    38.7419    29.1925 0.0000e+00
   2133.000    13.8231     0.1796    98.5170 2.5504e-03 7.3459e+02    176.539    13.4881    38.7417    29.1923 0.0000e+00
   2134.000    13.8231     0.1783    98.5215 3.1628e-03 7.2282e+02    176.623    13.4880    38.7418    29.1924 0.0000e+00
   2135.000    13.8232     0.1800    98.5159 1.6641e-03 7.1264e+02    176.562    13.4879    38.7418    29.1924 0.0000e+00
   2136.000    13.8230     0.1766    98.5216 2.3507e-03 7.0226e+02    176.823    13.4875    38.7417    29.1925 0.0000e+00
   2137.000    13.8229     0.1785    98.5184 4.8649e-03 6.9386e+02    177.073    13.4872    38.7416    29.1924 0.0000e+00
   2138.000    13.8228     0.1838    98.5246 5.1876e-03 6.8582e+02    176.883    13.4870    38.7416    29.1925 0.0000e+00
   2139.000    13.8230     0.1872    98.5147 3.7617e-03 6.8072e+02    176.467    13.4870    38.7416    29.1924 0.0000e+00
   2140.000    13.8228     0.1833    98.5216 1.7838e-03 6.6567e+02    176.682    13.4867    38.7416    29.1926 0.0000e+00
   2141.000    13.8229     0.1796    98.5174 2.6730e-03 6.6814e+02    176.849    13.4866    38.7415    29.1925 0.0000e+00
   2142.000    13.8230     0.1808    98.5170 5.8622e-03 6.6549e+02    177.067    13.4865    38.7415    29.1925 0.0000e+00
   2143.000    13.8231     0.1784    98.5257 1.5511e-03 6.6752e+02    176.946    13.4864    38.7416    29.1926 0.0000e+00
   2144.000    13.8231     0.1752    98.5205 4.0195e-03 6.6483e+02    176.601    13.4863    38.7415    29.1926 0.0000e+00
   2145.000    13.8232     0.1775    98.5154 3.2029e-03 6.6503e+02    176.696    13.4862    38.7415    29.1926 0.0000e+00
   2146.000    13.8233     0.1809    98.5245 3.8822e-03 6.6249e+02    176.704    13.4862    38.7415    29.1925 0.0000e+00
   2147.000    13.8233     0.1811    98.5182 4.0830e-03 6.6287e+02    176.532    13.4860    38.7415    29.1926 0.0000e+00
   2148.000    13.8232     0.1821    98.5118 1.6054e-03 6.6187e+02    176.710    13.4858    38.7415    29.1927 0.0000e+00
   2149.000    13.8234     0.1816 -9.990e-29 4.4788e-03 6.5969e+02    176.956    13.4858    38.7414    29.1926 0.0000e+00
   2150.000    13.8235     0.1827 -9.990e-29 3.5930e-03 6.5892e+02    176.784    13.4857    38.7414    29.1926 0.0000e+00
   2151.000    13.8234     0.1772 -9.990e-29 4.0867e-03 6.5833e+02    176.824    13.4854    38.7414    29.1927 0.0000e+00
   2152.000    13.8235     0.1811 -9.990e-29 2.7825e-03 6.5241e+02    176.804    13.4853    38.7413    29.1926 0.0000e+00
   2153.000    13.8235     0.1810 -9.990e-29 3.8685e-03 6.4540e+02    177.015    13.4852    38.7413    29.1926 0.0000e+00
   2154.000    13.8237     0.1845 -9.990e-29 2.2929e-03 6.4390e+02    176.912    13.4852    38.7413    29.1926 0.0000e+00
   2155.000    13.8237     0.1820 -9.990e-29 2.8093e-03 6.3628e+02    176.654    13.4851    38.7412    29.1926 0.0000e+00
   2156.000    13.8238     0.1831    98.5170 3.7271e-03 6.3577e+02    176.646    13.4850    38.7413    29.1927 0.0000e+00
   2157.000    13.8239     0.1789    98.5116 2.9037e-03 6.3592e+02    176.714    13.4850    38.7412    29.1926 0.0000e+00
   2158.000    13.8241     0.1849    98.5214 2.2920e-03 6.2927e+02    176.544    13.4850    38.7412    29.1926 0.0000e+00
   2159.000    13.8242     0.1888    98.5200 2.7263e-03 6.2405e+02    176.634    13.4849    38.7413    29.1927 0.0000e+00
   2160.000    13.8242     0.1863    98.5166 2.9786e-03 6.2192e+02    176.725    13.4847    38.7412    29.1927 0.0000e+00
   2161.000    13.8242     0.1858 -9.990e-29 3.3514e-03 6.2425e+02    176.768    13.4846    38.7412    29.1927 0.0000e+00
   2162.000    13.8243     0.1844 -9.990e-29 3.5295e-03 6.2886e+02    176.821    13.4845    38.7412    29.1927 0.0000e+00
   2163.000    13.8245     0.1754 -9.990e-29 2.8385e-03 6.2684e+02    177.073    13.4845    38.7412    29.1927 0.0000e+00
   2164.000    13.8246     0.1764 -9.990e-29 4.5242e-03 6.3621e+02    177.040    13.4844    38.7411    29.1927 0.0000e+00
   2165.000    13.8245     0.1815    98.5200 5.8613e-03 6.3483e+02    176.866    13.4842    38.7412    29.1928 0.0000e+00
   2166.000    13.8246     0.1855    98.5205 4.5808e-03 6.3817e+02    176.809    13.4841    38.7412    29.1928 0.0000e+00
   2167.000    13.8245     0.1894    98.5149 5.6973e-03 6.3828e+02    176.854    13.4838    38.7411    29.1927 0.0000e+00
   2168.000    13.8246     0.1856    98.5246 4.8855e-03 6.4181e+02    176.783    13.4838    38.7411    29.1928 0.0000e+00
   2169.000    13.8248     0.1838    98.5257 3.9319e-03 6.4134e+02    176.709    13.4838    38.7409    29.1926 0.0000e+00
   2170.000    13.8248     0.1830 -9.990e-29 4.0566e-03 6.4006e+02    176.965    13.4836    38.7410    29.1927 0.0000e+00
   2171.000    13.8248     0.1807 -9.990e-29 4.8862e-03 6.4065e+02    177.045    13.4834    38.7411    29.1928 0.0000e+00
   2172.000    13.8248     0.1793 -9.990e-29 5.1877e-03 6.4106e+02    177.105    13.4833    38.7410    29.1928 0.0000e+00
   2173.000    13.8250     0.1798 -9.990e-29 4.8220e-03 6.5177e+02    177.166    13.4834    38.7410    29.1928 0.0000e+00
   2174.000    13.8251     0.1833 -9.990e-29 4.5237e-03 6.5446e+02    176.879    13.4833    38.7410    29.1928 0.0000e+00
   2175.000    13.8252     0.1780 -9.990e-29 3.5485e-03 6.6581e+02    176.558    13.4833    38.7410    29.1928 0.0000e+00
   2176.000    13.8254     0.1775 -9.990e-29 5.5919e-03 6.7521e+02    176.809    13.4833    38.7409    29.1928 0.0000e+00
   2177.000    13.8255     0.1782    98.5201 2.8445e-03 6.8610e+02    176.904    13.4832    38.7410    29.1928 0.0000e+00
   2178.000    13.8257     0.1787    98.5184 3.1335e-03 7.0322e+02    176.760    13.4832    38.7410    29.1928 0.0000e+00
   2179.000    13.8259     0.1787    98.5235 4.8731e-03 7.0976e+02    176.732    13.4833    38.7410    29.1928 0.0000e+00
   2180.000    13.8259     0.1740    98.5203 3.3688e-03 7.2259e+02    176.780    13.4831    38.7411    29.1929 0.0000e+00
   2181.000    13.8261     0.1730    98.5197 1.6025e-03 7.3645e+02    176.952    13.4831    38.7410    29.1928 0.0000e+00
   2182.000    13.8263     0.1791 -9.990e-29 3.1047e-03 7.5099e+02    176.916    13.4831    38.7409    29.1928 0.0000e+00
   2183.000    13.8263     0.1801 -9.990e-29 3.2852e-03 7.5602e+02    176.958    13.4829    38.7410    29.1929 0.0000e+00
   2184.000    13.8261     0.1815 -9.990e-29 4.8032e-03 7.5820e+02    176.996    13.4826    38.7409    29.1928 0.0000e+00
   2185.000    13.8260     0.1865 -9.990e-29 2.2622e-03 7.6428e+02    177.003    13.4824    38.7407    29.1928 0.0000e+00
   2186.000    13.8260     0.1834 -9.990e-29 1.0936e-03 7.7130e+02    176.862    13.4821    38.7407    29.1929 0.0000e+00
   2187.000    13.8261     0.1854 -9.990e-29 3.5042e-03 7.6953e+02    176.703    13.4821    38.7408    29.1929 0.0000e+00
   2188.000    13.8263     0.1895 -9.990e-29 4.5072e-03 7.7837e+02    176.501    13.4821    38.7407    29.1929 0.0000e+00
   2189.000    13.8264     0.1849 -9.990e-29 3.1337e-03 7.7749e+02    176.492    13.4821    38.7406    29.1928 0.0000e+00
   2190.000    13.8265     0.1827 -9.990e-29 3.3387e-03 7.7557e+02    176.686    13.4820    38.7407    29.1929 0.0000e+00
   2191.000    13.8267     0.1782 -9.990e-29 2.6597e-03 7.7437e+02    176.758    13.4820    38.7408    29.1929 0.0000e+00
   2192.000    13.8268     0.1781 -9.990e-29 1.9316e-03 7.7161e+02    176.385    13.4819    38.7408    29.1929 0.0000e+00
   2193.000    13.8270     0.1828    98.5257 8.0607e-04 7.7265e+02    176.239    13.4820    38.7408    29.1929 0.0000e+00
   2194.000    13.8271     0.1811    98.5234 2.0657e-03 7.6829e+02    176.607    13.4819    38.7407    29.1929 0.0000e+00
   2195.000    13.8272     0.1820    98.5215 3.2968e-03 7.6619e+02    176.613    13.4819    38.7408    29.1929 0.0000e+00
   2196.000    13.8273     0.1848    98.5215 5.9223e-03 7.6523e+02    176.896    13.4818    38.7407    29.1929 0.0000e+00
   2197.000    13.8273     0.1826    98.5174 5.2462e-03 7.6342e+02    177.291    13.4816    38.7407    29.1929 0.0000e+00
   2198.000    13.8275     0.1848    98.5167 5.9439e-03 7.6201e+02    177.035    13.4817    38.7407    29.1929 0.0000e+00
   2199.000    13.8277     0.1822    98.5247 6.2953e-03 7.5888e+02    176.920    13.4817    38.7408    29.1930 0.0000e+00
   2200.000    13.8277     0.1792    98.5247 3.4749e-03 7.5937e+02    176.785    13.4815    38.7407    29.1930 0.0000e+00
   2201.000    13.8277     0.1760    98.5192 3.3356e-03 7.6034e+02    176.546    13.4813    38.7407    29.1930 0.0000e+00
   2202.000    13.8276     0.1789    98.5257 2.7050e-03 7.6341e+02    176.798    13.4811    38.7405    29.1929 0.0000e+00
   2203.000    13.8277     0.1800 -9.990e-29 4.0846e-03 7.6372e+02    176.769    13.4810    38.7406    29.1930 0.0000e+00
   2204.000    13.8278     0.1827 -9.990e-29 2.9532e-03 7.6814e+02    177.089    13.4809    38.7406    29.1930 0.0000e+00
   2205.000    13.8279     0.1794 -9.990e-29 2.4229e-03 7.6835e+02    176.995    13.4809    38.7406    29.1930 0.0000e+00
   2206.000    13.8281     0.1808 -9.990e-29 2.5118e-03 7.6867e+02    177.093    13.4808    38.7407    29.1931 0.0000e+00
   2207.000    13.8282     0.1820 -9.990e-29 3.4601e-03 7.6770e+02    177.045    13.4808    38.7405    29.1930 0.0000e+00
   2208.000    13.8284     0.1779 -9.990e-29 1.7599e-03 7.6597e+02    176.836    13.4809    38.7405    29.1929 0.0000e+00
   2209.000    13.8284     0.1734 -9.990e-29 1.0969e-03 7.6286e+02    177.124    13.4807    38.7406    29.1930 0.0000e+00
   2210.000    13.8285     0.1777 -9.990e-29 6.7280e-04 7.5867e+02    176.921    13.4807    38.7406    29.1930 0.0000e+00
   2211.000    13.8286     0.1809 -9.990e-29 1.5941e-03 7.5629e+02    176.835    13.4805    38.7406    29.1931 0.0000e+00
   2212.000    13.8286     0.1786 -9.990e-29 4.7796e-03 7.4586e+02    177.029    13.4804    38.7406    29.1931 0.0000e+00
   2213.000    13.8288     0.1825 -9.990e-29 1.3249e-03 7.4195e+02    176.978    13.4804    38.7406    29.1931 0.0000e+00
   2214.000    13.8289     0.1787 -9.990e-29 2.9454e-04 7.3334e+02    176.704    13.4803    38.7404    29.1930 0.0000e+00
   2215.000    13.8290     0.1797 -9.990e-29 1.4123e-03 7.2417e+02    176.877    13.4802    38.7405    29.1931 0.0000e+00
   2216.000    13.8291     0.1763 -9.990e-29 1.7759e-03 7.1433e+02    176.992    13.4802    38.7405    29.1931 0.0000e+00
   2217.000    13.8292     0.1793 -9.990e-29 2.6121e-03 7.1577e+02    176.862    13.4801    38.7406    29.1932 0.0000e+00
   2218.000    13.8294     0.1827 -9.990e-29 8.9066e-04 7.1779e+02    176.930    13.4802    38.7405    29.1931 0.0000e+00
   2219.000    13.8296     0.1806 -9.990e-29 4.9393e-04 7.1705e+02    176.812    13.4802    38.7405    29.1930 0.0000e+00
   2220.000    13.8298     0.1875 -9.990e-29 1.7423e-03 7.1653e+02    176.615    13.4803    38.7404    29.1930 0.0000e+00
   2221.000    13.8299     0.1880 -9.990e-29 2.0731e-03 7.2148e+02    176.691    13.4802    38.7404    29.1930 0.0000e+00
   2222.000    13.8299     0.1849 -9.990e-29 9.6514e-04 7.1942e+02    176.798    13.4800    38.7404    29.1930 0.0000e+00
   2223.000    13.8300     0.1799 -9.990e-29 1.8429e-03 7.3423e+02    177.046    13.4799    38.7404    29.1931 0.0000e+00
   2224.000    13.8301     0.1815 -9.990e-29 1.8510e-03 7.5054e+02    177.038    13.4798    38.7404    29.1931 0.0000e+00
   2225.000    13.8301     0.1771 -9.990e-29 1.3902e-03 7.7449e+02    177.069    13.4797    38.7404    29.1931 0.0000e+00
   2226.000    13.8303     0.1760 -9.990e-29 1.0583e-03 7.9825e+02    176.562    13.4797    38.7404    29.1931 0.0000e+00
   2227.000    13.8305     0.1767 -9.990e-29 2.0448e-03 8.1580e+02    176.486    13.4797    38.7404    29.1931 0.0000e+00
   2228.000    13.8305     0.1762 -9.990e-29 1.1880e-03 8.3007e+02    176.943    13.4796    38.7405    29.1932 0.0000e+00
   2229.000    13.8307     0.1785 -9.990e-29 1.5361e-03 8.4053e+02    177.359    13.4796    38.7405    29.1932 0.0000e+00
