Data/ruptures/PEACETIME/ION/PEACETIME_ION_CTD_042.cnv
* Sea-Bird SBE 9 Data File:
* FileName = C:\CTD\rawCTD\PEACETIME_ION_CTD_042.hdr
* Software Version Seasave V 7.23.2
* Temperature SN = 1378
* Conductivity SN = 2929
* Number of Bytes Per Scan = 38
* Number of Voltage Words = 5
* Number of Scans Averaged by the Deck Unit = 1
* NMEA Latitude = 35 29.35 N
* NMEA Longitude = 019 46.59 E
* NMEA UTC (Time) = May 26 2017  12:29:32
* NMEA baud rate = 4800
** Cruise:   PEACETIME
** Station:   ION_CTD_042
# nquan = 11
# nvalues = 501                         
# units = specified
# name 0 = prDM: Pressure, Digiquartz [db]
# name 1 = t090C: Temperature [ITS-90, deg C]
# name 2 = flC: Fluorescence, Chelsea Aqua 3 Chl Con [ug/l]
# name 3 = CStarTr0: Beam Transmission, WET Labs C-Star [%]
# name 4 = par: PAR/Irradiance, Biospherical/Licor
# name 5 = spar: SPAR/Surface Irradiance
# name 6 = sbeox0Mm/Kg: Oxygen, SBE 43 [umol/kg]
# name 7 = potemp090C: Potential Temperature [ITS-90, deg C]
# name 8 = sal00: Salinity, Practical [PSU]
# name 9 = sigma-é00: Density [sigma-theta, kg/m^3]
# name 10 = flag:
# span 0 =      2.000,    502.000       
# span 1 =    14.3666,    20.9377       
# span 2 =     0.1637,     0.3709       
# span 3 =    95.9231,    98.4360       
# span 4 = -4.460e-05, 4.0673e+02       
# span 5 = 1.3676e+03, 2.9056e+03       
# span 6 =    171.878,    231.239       
# span 7 =    14.2896,    20.9373       
# span 8 =    38.9044,    39.0526       
# span 9 =    27.5507,    29.1447       
# span 10 = 0.0000e+00, 0.0000e+00      
# interval = decibars: 1                
# start_time = May 26 2017 12:32:08 [NMEA time, first data scan]
# bad_flag = -9.990e-29
*END*
[from data line 394]
    396.000    14.7160     0.1704    98.4252 1.0000e-12 1.6290e+03    178.933    14.6545    38.9567    29.1042 0.0000e+00
    397.000    14.7144     0.1699    98.4324 1.0000e-12 1.6610e+03    178.528    14.6527    38.9564    29.1044 0.0000e+00
    398.000    14.7048     0.1792    98.4197 1.0000e-12 1.7012e+03    178.475    14.6430    38.9550    29.1055 0.0000e+00
    399.000    14.7000     0.1741    98.4279 1.0000e-12 1.7206e+03    178.162    14.6381    38.9548    29.1064 0.0000e+00
    400.000    14.6969     0.1747    98.4360 -9.990e-29 1.8043e+03    178.681    14.6348    38.9544    29.1068 0.0000e+00
    401.000    14.6937     0.1732    98.4164 -9.990e-29 1.9825e+03    178.705    14.6314    38.9540    29.1072 0.0000e+00
    402.000    14.6924     0.1708    98.4142 5.9344e-05 2.2260e+03    178.563    14.6300    38.9540    29.1075 0.0000e+00
    403.000    14.6884     0.1765    98.3912 4.3406e-05 2.4864e+03    178.216    14.6258    38.9534    29.1080 0.0000e+00
    404.000    14.6830     0.1788    98.4169 7.9387e-05 2.6552e+03    178.329    14.6203    38.9527    29.1087 0.0000e+00
    405.000    14.6748     0.1737    98.4216 1.3155e-05 2.7149e+03    178.104    14.6119    38.9517    29.1098 0.0000e+00
    406.000    14.6689     0.1705    98.4170 5.9377e-04 2.7292e+03    177.428    14.6060    38.9513    29.1108 0.0000e+00
    407.000    14.6663     0.1717    98.4077 6.1423e-04 2.7334e+03    177.780    14.6032    38.9509    29.1112 0.0000e+00
    408.000    14.6654     0.1733    98.4281 1.3322e-04 2.7346e+03    178.097    14.6021    38.9509    29.1114 0.0000e+00
    409.000    14.6646     0.1779    98.4262 7.3299e-05 2.7181e+03    177.709    14.6012    38.9508    29.1115 0.0000e+00
    410.000    14.6630     0.1792    98.4163 1.7247e-04 2.6926e+03    177.409    14.5994    38.9506    29.1118 0.0000e+00
    411.000    14.6624     0.1819    98.4042 5.2501e-04 2.6409e+03    177.589    14.5986    38.9505    29.1119 0.0000e+00
    412.000    14.6616     0.1750    98.4177 2.2473e-04 2.5463e+03    177.683    14.5977    38.9504    29.1120 0.0000e+00
    413.000    14.6611     0.1703    98.4164 2.8370e-05 2.4605e+03    177.740    14.5971    38.9505    29.1122 0.0000e+00
    414.000    14.6600     0.1762    98.4237 5.6524e-04 2.4476e+03    177.653    14.5958    38.9502    29.1123 0.0000e+00
    415.000    14.6575     0.1801    98.4226 3.2302e-04 2.5018e+03    177.529    14.5931    38.9497    29.1125 0.0000e+00
    416.000    14.6494     0.1787    98.4245 5.3945e-05 2.5628e+03    177.518    14.5849    38.9487    29.1135 0.0000e+00
    417.000    14.6438     0.1738    98.4242 1.7076e-07 2.5735e+03    177.270    14.5792    38.9480    29.1142 0.0000e+00
    418.000    14.6415     0.1724    98.4216 4.6266e-06 2.5823e+03    177.121    14.5768    38.9478    29.1147 0.0000e+00
    419.000    14.6417     0.1737    98.4216 2.0476e-06 2.6165e+03    177.194    14.5767    38.9478    29.1147 0.0000e+00
    420.000    14.6421     0.1777    98.4216 -2.040e-08 2.6318e+03    177.110    14.5770    38.9479    29.1147 0.0000e+00
    421.000    14.6406     0.1733    98.4086 -9.990e-29 2.6406e+03    177.248    14.5753    38.9476    29.1148 0.0000e+00
    422.000    14.6400     0.1755    98.4156 -9.990e-29 2.6471e+03    177.569    14.5746    38.9475    29.1149 0.0000e+00
    423.000    14.6382     0.1806    98.4114 -9.990e-29 2.6582e+03    177.134    14.5726    38.9471    29.1151 0.0000e+00
    424.000    14.6333     0.1786    98.4053 1.8866e-04 2.6642e+03    177.137    14.5676    38.9465    29.1157 0.0000e+00
    425.000    14.6238     0.1790    98.4106 6.0764e-05 2.6571e+03    177.233    14.5580    38.9451    29.1167 0.0000e+00
    426.000    14.6152     0.1722    98.4004 8.4473e-04 2.6581e+03    177.136    14.5493    38.9442    29.1180 0.0000e+00
    427.000    14.6104     0.1703    98.3947 2.7650e-05 2.6646e+03    176.995    14.5443    38.9435    29.1186 0.0000e+00
    428.000    14.6070     0.1718    98.3906 5.2289e-04 2.6750e+03    177.218    14.5407    38.9430    29.1190 0.0000e+00
    429.000    14.6028     0.1717    98.3716 1.0906e-04 2.6833e+03    177.032    14.5364    38.9427    29.1197 0.0000e+00
    430.000    14.6004     0.1699    98.3877 5.2800e-05 2.6884e+03    176.314    14.5338    38.9423    29.1199 0.0000e+00
    431.000    14.5956     0.1691    98.3664 4.4481e-04 2.6952e+03    176.349    14.5289    38.9418    29.1206 0.0000e+00
    432.000    14.5909     0.1729    98.3911 1.0590e-03 2.6975e+03    176.351    14.5241    38.9414    29.1214 0.0000e+00
    433.000    14.5839     0.1711    98.3957 1.1344e-03 2.6888e+03    176.091    14.5170    38.9404    29.1222 0.0000e+00
    434.000    14.5764     0.1710    98.3956 7.4130e-05 2.6796e+03    176.147    14.5093    38.9397    29.1234 0.0000e+00
    435.000    14.5724     0.1679    98.3956 1.0142e-03 2.6761e+03    175.819    14.5051    38.9393    29.1240 0.0000e+00
    436.000    14.5685     0.1742    98.3879 2.3321e-04 2.6708e+03    175.669    14.5011    38.9388    29.1246 0.0000e+00
    437.000    14.5657     0.1730    98.3926 2.1354e-06 2.6662e+03    175.669    14.4981    38.9385    29.1250 0.0000e+00
    438.000    14.5651     0.1686    98.3898 8.3601e-04 2.6643e+03    175.598    14.4974    38.9386    29.1252 0.0000e+00
    439.000    14.5653     0.1686    98.3937 1.2367e-04 2.6138e+03    175.845    14.4975    38.9386    29.1252 0.0000e+00
    440.000    14.5650     0.1712    98.3956 8.4450e-04 2.5368e+03    175.704    14.4970    38.9386    29.1253 0.0000e+00
    441.000    14.5649     0.1742    98.3956 3.4485e-04 2.4896e+03    175.824    14.4967    38.9386    29.1254 0.0000e+00
    442.000    14.5645     0.1709    98.3956 1.8559e-04 2.4584e+03    175.935    14.4962    38.9386    29.1255 0.0000e+00
    443.000    14.5640     0.1763    98.3937 3.7256e-05 2.4479e+03    175.694    14.4956    38.9385    29.1256 0.0000e+00
    444.000    14.5632     0.1752    98.3898 -9.990e-29 2.4855e+03    175.025    14.4946    38.9383    29.1256 0.0000e+00
    445.000    14.5606     0.1768    98.3965 -9.990e-29 2.5108e+03    175.330    14.4919    38.9380    29.1260 0.0000e+00
    446.000    14.5573     0.1766    98.3947 -9.990e-29 2.5306e+03    175.375    14.4883    38.9374    29.1263 0.0000e+00
    447.000    14.5517     0.1738    98.3739 -9.990e-29 2.5190e+03    174.807    14.4827    38.9367    29.1270 0.0000e+00
    448.000    14.5487     0.1754    98.3907 -9.990e-29 2.4241e+03    174.452    14.4795    38.9362    29.1273 0.0000e+00
    449.000    14.5448     0.1683    98.3919 -9.990e-29 2.2678e+03    174.084    14.4754    38.9356    29.1277 0.0000e+00
    450.000    14.5356     0.1695    98.3926 1.0000e-12 2.2243e+03    174.364    14.4661    38.9339    29.1285 0.0000e+00
    451.000    14.5252     0.1724    98.3926 3.1324e-04 2.1801e+03    174.319    14.4556    38.9324    29.1297 0.0000e+00
    452.000    14.5208     0.1709    98.3716 1.3834e-06 2.0070e+03    174.099    14.4510    38.9317    29.1302 0.0000e+00
    453.000    14.5157     0.1689    98.3744 1.2850e-04 1.8838e+03    174.390    14.4458    38.9308    29.1306 0.0000e+00
    454.000    14.5128     0.1688    98.3792 2.0149e-04 1.8552e+03    174.500    14.4428    38.9302    29.1308 0.0000e+00
    455.000    14.5111     0.1703    98.3880 6.6814e-04 1.8660e+03    174.389    14.4409    38.9301    29.1312 0.0000e+00
    456.000    14.5107     0.1787    98.3674 6.7572e-04 1.9435e+03    173.924    14.4403    38.9300    29.1312 0.0000e+00
    457.000    14.5099     0.1768    98.3686 1.1440e-03 2.0778e+03    174.367    14.4394    38.9297    29.1312 0.0000e+00
    458.000    14.5023     0.1777    98.3952 5.3306e-04 2.2143e+03    174.631    14.4316    38.9283    29.1319 0.0000e+00
    459.000    14.4995     0.1783    98.3956 1.0007e-03 2.3014e+03    174.144    14.4287    38.9281    29.1323 0.0000e+00
    460.000    14.4966     0.1710    98.3956 3.8279e-04 2.3605e+03    174.027    14.4257    38.9276    29.1326 0.0000e+00
    461.000    14.4938     0.1686    98.3956 4.5313e-04 2.3506e+03    174.087    14.4227    38.9271    29.1329 0.0000e+00
    462.000    14.4856     0.1752    98.3860 3.3980e-04 2.2783e+03    174.367    14.4144    38.9256    29.1336 0.0000e+00
    463.000    14.4844     0.1687    98.3947 1.1459e-04 2.2193e+03    174.063    14.4131    38.9255    29.1338 0.0000e+00
    464.000    14.4839     0.1685    98.3780 1.6675e-04 2.1534e+03    173.816    14.4124    38.9255    29.1340 0.0000e+00
    465.000    14.4839     0.1661    98.3891 1.8843e-04 1.9872e+03    173.878    14.4123    38.9255    29.1340 0.0000e+00
    466.000    14.4838     0.1676    98.3955 1.3935e-04 1.7849e+03    173.807    14.4120    38.9255    29.1340 0.0000e+00
    467.000    14.4836     0.1724    98.3956 9.3655e-05 1.6637e+03    174.213    14.4116    38.9253    29.1340 0.0000e+00
    468.000    14.4831     0.1708    98.3956 4.3440e-04 1.6457e+03    174.151    14.4109    38.9254    29.1342 0.0000e+00
    469.000    14.4824     0.1666    98.3956 2.1086e-04 1.6241e+03    173.948    14.4101    38.9251    29.1342 0.0000e+00
    470.000    14.4808     0.1670    98.3906 5.3734e-04 1.5577e+03    174.124    14.4084    38.9249    29.1344 0.0000e+00
    471.000    14.4776     0.1742    98.3822 2.2564e-04 1.5133e+03    173.792    14.4051    38.9242    29.1346 0.0000e+00
    472.000    14.4700     0.1763    98.3966 1.2500e-04 1.5009e+03    173.591    14.3973    38.9229    29.1353 0.0000e+00
    473.000    14.4684     0.1753    98.3956 1.2893e-04 1.5214e+03    172.953    14.3956    38.9228    29.1356 0.0000e+00
    474.000    14.4674     0.1751    98.3956 1.2354e-04 1.5474e+03    173.074    14.3944    38.9226    29.1357 0.0000e+00
    475.000    14.4640     0.1707    98.3956 3.8970e-04 1.5555e+03    173.916    14.3909    38.9220    29.1360 0.0000e+00
    476.000    14.4598     0.1767    98.3956 1.2527e-04 1.5313e+03    173.468    14.3865    38.9212    29.1364 0.0000e+00
    477.000    14.4545     0.1765    98.3928 4.3822e-05 1.4835e+03    173.134    14.3810    38.9203    29.1369 0.0000e+00
    478.000    14.4519     0.1726    98.3984 1.4752e-03 1.4654e+03    173.583    14.3783    38.9198    29.1371 0.0000e+00
    479.000    14.4489     0.1724    98.3777 2.2732e-04 1.4802e+03    173.557    14.3751    38.9193    29.1374 0.0000e+00
    480.000    14.4452     0.1726    98.3909 8.9982e-05 1.5056e+03    173.303    14.3713    38.9186    29.1377 0.0000e+00
    481.000    14.4425     0.1767    98.4006 9.4501e-05 1.5349e+03    173.329    14.3685    38.9182    29.1380 0.0000e+00
    482.000    14.4386     0.1762    98.4086 2.8183e-05 1.5750e+03    173.749    14.3645    38.9175    29.1384 0.0000e+00
    483.000    14.4369     0.1753    98.4065 7.2709e-05 1.7578e+03    173.673    14.3626    38.9172    29.1386 0.0000e+00
    484.000    14.4354     0.1757    98.4034 9.1331e-04 2.0068e+03    173.220    14.3609    38.9170    29.1388 0.0000e+00
    485.000    14.4323     0.1774    98.3938 9.1257e-04 2.1454e+03    173.278    14.3577    38.9164    29.1390 0.0000e+00
    486.000    14.4296     0.1748    98.3947 4.8750e-04 2.2326e+03    173.410    14.3548    38.9160    29.1394 0.0000e+00
    487.000    14.4276     0.1729    98.4006 8.3469e-04 2.2691e+03    173.402    14.3527    38.9156    29.1395 0.0000e+00
    488.000    14.4255     0.1730    98.4085 2.6344e-03 2.1880e+03    173.305    14.3505    38.9152    29.1397 0.0000e+00
    489.000    14.4187     0.1746    98.4124 2.4621e-03 2.0822e+03    173.056    14.3435    38.9139    29.1402 0.0000e+00
    490.000    14.4137     0.1734    98.3955 1.1004e-03 2.0304e+03    173.100    14.3383    38.9132    29.1408 0.0000e+00
    491.000    14.4073     0.1743    98.3883 2.4733e-03 1.8800e+03    172.659    14.3318    38.9119    29.1412 0.0000e+00
    492.000    14.4039     0.1715    98.3904 1.1878e-03 1.6592e+03    172.772    14.3283    38.9113    29.1416 0.0000e+00
    493.000    14.4027     0.1646    98.3921 8.1529e-04 1.4809e+03    172.461    14.3269    38.9111    29.1417 0.0000e+00
    494.000    14.3989     0.1716    98.3956 3.4717e-04 1.3987e+03    172.427    14.3230    38.9103    29.1420 0.0000e+00
    495.000    14.3913     0.1703    98.3956 5.7054e-04 1.3834e+03    172.058    14.3152    38.9088    29.1425 0.0000e+00
    496.000    14.3861     0.1688    98.3801 1.7851e-03 1.3807e+03    171.936    14.3099    38.9080    29.1430 0.0000e+00
    497.000    14.3826     0.1688    98.3817 1.5252e-03 1.3730e+03    172.225    14.3062    38.9072    29.1432 0.0000e+00
    498.000    14.3792     0.1731    98.3954 5.3224e-04 1.3676e+03    172.054    14.3027    38.9064    29.1434 0.0000e+00
    499.000    14.3741     0.1738    98.3966 9.9004e-04 1.3772e+03    172.180    14.2975    38.9054    29.1438 0.0000e+00
    500.000    14.3711     0.1715    98.3895 1.8094e-03 1.3984e+03    171.878    14.2944    38.9050    29.1442 0.0000e+00
    501.000    14.3694     0.1708    98.3894 1.0058e-03 1.3880e+03    172.163    14.2926    38.9047    29.1443 0.0000e+00
    502.000    14.3666     0.1780    98.3902 -4.460e-05 1.3698e+03    172.672    14.2896    38.9044    29.1447 0.0000e+00
