Data/ruptures/PEACETIME/ION/PEACETIME_ION_CTD_038.cnv
* Sea-Bird SBE 9 Data File:
* FileName = C:\CTD\rawCTD\PEACETIME_ION_CTD_038.hdr
* Software Version Seasave V 7.23.2
* Temperature SN = 1378
* Conductivity SN = 2929
* Number of Bytes Per Scan = 34
* Number of Voltage Words = 5
* Number of Scans Averaged by the Deck Unit = 1
* NMEA Latitude = 35 29.35 N
* NMEA Longitude = 019 46.57 E
* NMEA UTC (Time) = May 25 2017  10:19:03
* NMEA baud rate = 4800
** Cruise:   PEACETIME
** Station:   ION_CTD_038
# nquan = 11
# nvalues = 3000                        
# units = specified
# name 0 = prDM: Pressure, Digiquartz [db]
# name 1 = t090C: Temperature [ITS-90, deg C]
# name 2 = flC: Fluorescence, Chelsea Aqua 3 Chl Con [ug/l]
# name 3 = CStarTr0: Beam Transmission, WET Labs C-Star [%]
# name 4 = par: PAR/Irradiance, Biospherical/Licor
# name 5 = spar: SPAR/Surface Irradiance
# name 6 = sbeox0Mm/Kg: Oxygen, SBE 43 [umol/kg]
# name 7 = potemp090C: Potential Temperature [ITS-90, deg C]
# name 8 = sal00: Salinity, Practical [PSU]
# name 9 = sigma-é00: Density [sigma-theta, kg/m^3]
# name 10 = flag:
# span 0 =      2.000,   3001.000       
# span 1 =    13.7758,    20.9217       
# span 2 =     0.1711,     0.3667       
# span 3 =    96.3511,    98.4821       
# span 4 = -4.487e-08, 1.5498e+03       
# span 5 = 2.2114e+03, 2.2469e+03       
# span 6 =    168.364,    231.835       
# span 7 =    13.4293,    20.9213       
# span 8 =    38.7333,    39.0557       
# span 9 =    27.5777,    29.1985       
# span 10 = 0.0000e+00, 0.0000e+00      
# interval = decibars: 1                
# start_time = May 25 2017 10:19:03 [NMEA time, header]
# bad_flag = -9.990e-29
*END*
[from data line 1574]
   1576.000    13.7898     0.1881    98.4497 1.0000e-12 2.2205e+03    173.789    13.5466    38.7504    29.1866 0.0000e+00
   1577.000    13.7901     0.1861    98.4585 1.0000e-12 2.2214e+03    173.491    13.5467    38.7504    29.1866 0.0000e+00
   1578.000    13.7902     0.1896    98.4538 1.0000e-12 2.2203e+03    173.686    13.5466    38.7504    29.1866 0.0000e+00
   1579.000    13.7904     0.1899    98.4530 1.0000e-12 2.2217e+03    173.912    13.5466    38.7504    29.1866 0.0000e+00
   1580.000    13.7905     0.1877    98.4528 1.0000e-12 2.2240e+03    174.130    13.5465    38.7505    29.1867 0.0000e+00
   1581.000    13.7901     0.1888    98.4519 1.0000e-12 2.2226e+03    174.268    13.5461    38.7504    29.1867 0.0000e+00
   1582.000    13.7902     0.1887    98.4518 1.0000e-12 2.2192e+03    173.924    13.5460    38.7503    29.1867 0.0000e+00
   1583.000    13.7902     0.1879    98.4530 1.0000e-12 2.2267e+03    173.689    13.5458    38.7504    29.1867 0.0000e+00
   1584.000    13.7904     0.1871    98.4581 1.0000e-12 2.2208e+03    173.944    13.5458    38.7504    29.1868 0.0000e+00
   1585.000    13.7903     0.1887    98.4528 1.0000e-12 2.2247e+03    173.876    13.5455    38.7503    29.1868 0.0000e+00
   1586.000    13.7903     0.1882    98.4549 1.0000e-12 2.2260e+03    174.019    13.5454    38.7503    29.1868 0.0000e+00
   1587.000    13.7903     0.1827    98.4584 1.0000e-12 2.2230e+03    174.103    13.5452    38.7504    29.1869 0.0000e+00
   1588.000    13.7905     0.1808    98.4563 1.0000e-12 2.2259e+03    174.127    13.5453    38.7503    29.1868 0.0000e+00
   1589.000    13.7905     0.1850    98.4580 1.0000e-12 2.2259e+03    174.122    13.5452    38.7503    29.1868 0.0000e+00
   1590.000    13.7907     0.1839    98.4601 1.0000e-12 2.2259e+03    174.147    13.5451    38.7504    29.1869 0.0000e+00
   1591.000    13.7908     0.1852    98.4542 1.0000e-12 2.2241e+03    174.122    13.5451    38.7504    29.1869 0.0000e+00
   1592.000    13.7909     0.1855    98.4497 1.0000e-12 2.2275e+03    174.141    13.5451    38.7503    29.1869 0.0000e+00
   1593.000    13.7910     0.1865    98.4444 1.0000e-12 2.2291e+03    174.171    13.5450    38.7503    29.1869 0.0000e+00
   1594.000    13.7911     0.1872    98.4486 1.0000e-12 2.2275e+03    174.344    13.5450    38.7504    29.1869 0.0000e+00
   1595.000    13.7912     0.1878    98.4498 1.0000e-12 2.2230e+03    174.380    13.5449    38.7504    29.1870 0.0000e+00
   1596.000    13.7914     0.1874    98.4518 1.0000e-12 2.2210e+03    174.258    13.5449    38.7503    29.1869 0.0000e+00
   1597.000    13.7915     0.1841    98.4585 1.0000e-12 2.2233e+03    174.147    13.5448    38.7503    29.1869 0.0000e+00
   1598.000    13.7916     0.1860    98.4570 1.0000e-12 2.2196e+03    174.359    13.5448    38.7503    29.1869 0.0000e+00
   1599.000    13.7917     0.1896    98.4585 1.0000e-12 2.2223e+03    174.123    13.5447    38.7503    29.1869 0.0000e+00
   1600.000    13.7919     0.1905    98.4509 1.0000e-12 2.2218e+03    174.027    13.5447    38.7503    29.1870 0.0000e+00
   1601.000    13.7921     0.1863    98.4555 1.0000e-12 2.2257e+03    174.086    13.5448    38.7503    29.1869 0.0000e+00
   1602.000    13.7922     0.1823    98.4521 1.0000e-12 2.2245e+03    174.159    13.5447    38.7504    29.1870 0.0000e+00
   1603.000    13.7923     0.1862    98.4476 1.0000e-12 2.2238e+03    174.012    13.5447    38.7503    29.1869 0.0000e+00
   1604.000    13.7925     0.1873    98.4553 1.0000e-12 2.2222e+03    173.795    13.5446    38.7503    29.1870 0.0000e+00
   1605.000    13.7924     0.1839    98.4530 1.0000e-12 2.2196e+03    174.015    13.5444    38.7504    29.1871 0.0000e+00
   1606.000    13.7926     0.1822    98.4607 1.0000e-12 2.2214e+03    174.095    13.5444    38.7503    29.1870 0.0000e+00
   1607.000    13.7927     0.1845    98.4552 1.0000e-12 2.2266e+03    174.033    13.5444    38.7503    29.1870 0.0000e+00
   1608.000    13.7924     0.1877    98.4560 1.0000e-12 2.2228e+03    174.145    13.5440    38.7503    29.1871 0.0000e+00
   1609.000    13.7922     0.1871    98.4574 1.0000e-12 2.2215e+03    174.369    13.5436    38.7502    29.1871 0.0000e+00
   1610.000    13.7920     0.1905    98.4596 1.0000e-12 2.2192e+03    174.300    13.5432    38.7501    29.1871 0.0000e+00
   1611.000    13.7919     0.1866    98.4570 1.0000e-12 2.2235e+03    174.340    13.5429    38.7502    29.1872 0.0000e+00
   1612.000    13.7919     0.1837    98.4580 1.0000e-12 2.2208e+03    174.385    13.5428    38.7501    29.1872 0.0000e+00
   1613.000    13.7920     0.1862    98.4580 1.0000e-12 2.2258e+03    174.523    13.5427    38.7500    29.1871 0.0000e+00
   1614.000    13.7922     0.1811    98.4539 1.0000e-12 2.2215e+03    174.342    13.5428    38.7501    29.1872 0.0000e+00
   1615.000    13.7923     0.1797    98.4455 1.0000e-12 2.2240e+03    174.163    13.5428    38.7501    29.1872 0.0000e+00
   1616.000    13.7925     0.1809    98.4560 1.0000e-12 2.2225e+03    174.020    13.5427    38.7501    29.1872 0.0000e+00
   1617.000    13.7927     0.1822    98.4549 1.0000e-12 2.2216e+03    173.908    13.5427    38.7501    29.1872 0.0000e+00
   1618.000    13.7927     0.1845    98.4541 1.0000e-12 2.2208e+03    173.914    13.5426    38.7501    29.1872 0.0000e+00
   1619.000    13.7925     0.1832    98.4574 1.0000e-12 2.2197e+03    173.887    13.5423    38.7500    29.1872 0.0000e+00
   1620.000    13.7926     0.1896    98.4549 1.0000e-12 2.2213e+03    174.073    13.5422    38.7500    29.1872 0.0000e+00
   1621.000    13.7926     0.1967    98.4556 1.0000e-12 2.2172e+03    174.009    13.5421    38.7501    29.1874 0.0000e+00
   1622.000    13.7928     0.1928    98.4563 1.0000e-12 2.2188e+03    174.226    13.5421    38.7500    29.1873 0.0000e+00
   1623.000    13.7928     0.1936    98.4528 1.0000e-12 2.2207e+03    174.424    13.5420    38.7502    29.1874 0.0000e+00
   1624.000    13.7929     0.1925    98.4541 1.0000e-12 2.2203e+03    174.315    13.5418    38.7499    29.1873 0.0000e+00
   1625.000    13.7927     0.1913    98.4539 1.0000e-12 2.2214e+03    174.156    13.5415    38.7500    29.1874 0.0000e+00
   1626.000    13.7927     0.1867    98.4560 1.0000e-12 2.2194e+03    174.081    13.5414    38.7500    29.1874 0.0000e+00
   1627.000    13.7929     0.1889    98.4581 1.0000e-12 2.2219e+03    174.034    13.5413    38.7499    29.1874 0.0000e+00
   1628.000    13.7930     0.1871    98.4549 1.0000e-12 2.2209e+03    174.490    13.5413    38.7500    29.1874 0.0000e+00
   1629.000    13.7931     0.1833    98.4520 1.0000e-12 2.2207e+03    174.387    13.5413    38.7499    29.1874 0.0000e+00
   1630.000    13.7932     0.1797    98.4601 1.0000e-12 2.2222e+03    174.432    13.5412    38.7499    29.1873 0.0000e+00
   1631.000    13.7930     0.1826    98.4574 1.0000e-12 2.2199e+03    174.398    13.5408    38.7499    29.1875 0.0000e+00
   1632.000    13.7931     0.1846    98.4596 1.0000e-12 2.2230e+03    174.494    13.5408    38.7498    29.1874 0.0000e+00
   1633.000    13.7931     0.1872    98.4578 1.0000e-12 2.2260e+03    174.561    13.5406    38.7499    29.1875 0.0000e+00
   1634.000    13.7933     0.1851    98.4520 1.0000e-12 2.2253e+03    174.440    13.5407    38.7498    29.1874 0.0000e+00
   1635.000    13.7934     0.1901    98.4509 1.0000e-12 2.2251e+03    174.396    13.5406    38.7498    29.1875 0.0000e+00
   1636.000    13.7936     0.1926    98.4477 1.0000e-12 2.2219e+03    174.546    13.5406    38.7498    29.1875 0.0000e+00
   1637.000    13.7938     0.1926    98.4528 1.0000e-12 2.2230e+03    174.545    13.5406    38.7499    29.1875 0.0000e+00
   1638.000    13.7939     0.1868    98.4585 1.0000e-12 2.2211e+03    174.387    13.5405    38.7498    29.1875 0.0000e+00
   1639.000    13.7939     0.1849    98.4538 1.0000e-12 2.2241e+03    174.348    13.5404    38.7498    29.1875 0.0000e+00
   1640.000    13.7939     0.1858    98.4584 1.0000e-12 2.2230e+03    174.340    13.5402    38.7500    29.1877 0.0000e+00
   1641.000    13.7939     0.1867    98.4530 1.0000e-12 2.2166e+03    174.442    13.5401    38.7499    29.1876 0.0000e+00
   1642.000    13.7941     0.1868    98.4539 1.0000e-12 2.2200e+03    174.402    13.5401    38.7498    29.1876 0.0000e+00
   1643.000    13.7941     0.1845    98.4541 1.0000e-12 2.2192e+03    174.578    13.5399    38.7498    29.1876 0.0000e+00
   1644.000    13.7940     0.1863    98.4560 1.0000e-12 2.2200e+03    174.616    13.5397    38.7498    29.1877 0.0000e+00
   1645.000    13.7941     0.1832    98.4519 1.0000e-12 2.2193e+03    174.368    13.5397    38.7498    29.1876 0.0000e+00
   1646.000    13.7941     0.1806    98.4531 1.0000e-12 2.2210e+03    174.443    13.5394    38.7498    29.1877 0.0000e+00
   1647.000    13.7940     0.1804    98.4530 1.0000e-12 2.2215e+03    174.279    13.5393    38.7498    29.1877 0.0000e+00
   1648.000    13.7940     0.1867    98.4552 -9.990e-29 2.2198e+03    174.184    13.5391    38.7497    29.1877 0.0000e+00
   1649.000    13.7940     0.1851    98.4517 -9.990e-29 2.2183e+03    174.022    13.5389    38.7497    29.1877 0.0000e+00
   1650.000    13.7942     0.1839    98.4569 -9.990e-29 2.2212e+03    174.196    13.5389    38.7496    29.1877 0.0000e+00
   1651.000    13.7942     0.1819    98.4509 -9.990e-29 2.2218e+03    174.274    13.5387    38.7497    29.1877 0.0000e+00
   1652.000    13.7943     0.1778    98.4580 -9.990e-29 2.2214e+03    174.182    13.5387    38.7497    29.1877 0.0000e+00
   1653.000    13.7945     0.1847    98.4542 -9.990e-29 2.2195e+03    174.473    13.5387    38.7496    29.1877 0.0000e+00
   1654.000    13.7944     0.1867    98.4541 -9.990e-29 2.2203e+03    174.631    13.5385    38.7496    29.1877 0.0000e+00
   1655.000    13.7944     0.1874    98.4612 -9.990e-29 2.2214e+03    174.242    13.5384    38.7497    29.1878 0.0000e+00
   1656.000    13.7945     0.1847    98.4495 1.0000e-12 2.2188e+03    174.004    13.5382    38.7497    29.1878 0.0000e+00
   1657.000    13.7948     0.1824    98.4570 1.0000e-12 2.2190e+03    174.151    13.5384    38.7496    29.1877 0.0000e+00
   1658.000    13.7949     0.1848    98.4436 1.0000e-12 2.2202e+03    174.489    13.5383    38.7496    29.1878 0.0000e+00
   1659.000    13.7949     0.1845    98.4510 1.0000e-12 2.2220e+03    174.694    13.5382    38.7497    29.1878 0.0000e+00
   1660.000    13.7950     0.1868    98.4507 1.0000e-12 2.2250e+03    174.866    13.5381    38.7497    29.1879 0.0000e+00
   1661.000    13.7951     0.1828    98.4556 -9.990e-29 2.2185e+03    174.803    13.5380    38.7497    29.1879 0.0000e+00
   1662.000    13.7952     0.1805    98.4516 -9.990e-29 2.2190e+03    174.566    13.5379    38.7496    29.1878 0.0000e+00
   1663.000    13.7952     0.1830    98.4357 -9.990e-29 2.2189e+03    174.436    13.5378    38.7497    29.1879 0.0000e+00
   1664.000    13.7954     0.1812    98.4566 1.0000e-12 2.2187e+03    174.593    13.5379    38.7495    29.1878 0.0000e+00
   1665.000    13.7953     0.1830    98.4559 1.0000e-12 2.2198e+03    174.525    13.5376    38.7497    29.1880 0.0000e+00
   1666.000    13.7954     0.1841    98.4536 1.0000e-12 2.2209e+03    174.603    13.5376    38.7496    29.1879 0.0000e+00
   1667.000    13.7953     0.1860    98.4613 1.0000e-12 2.2174e+03    174.433    13.5373    38.7497    29.1880 0.0000e+00
   1668.000    13.7955     0.1867    98.4495 1.0000e-12 2.2198e+03    174.286    13.5373    38.7495    29.1879 0.0000e+00
   1669.000    13.7956     0.1827    98.4571 -9.990e-29 2.2171e+03    174.531    13.5372    38.7495    29.1879 0.0000e+00
   1670.000    13.7956     0.1858    98.4485 -9.990e-29 2.2163e+03    174.579    13.5371    38.7496    29.1880 0.0000e+00
   1671.000    13.7959     0.1850    98.4561 -9.990e-29 2.2199e+03    174.707    13.5372    38.7496    29.1880 0.0000e+00
   1672.000    13.7961     0.1867    98.4549 -9.990e-29 2.2199e+03    174.591    13.5373    38.7494    29.1878 0.0000e+00
   1673.000    13.7961     0.1876    98.4549 -9.990e-29 2.2196e+03    174.432    13.5371    38.7497    29.1881 0.0000e+00
   1674.000    13.7963     0.1881    98.4591 -9.990e-29 2.2192e+03    174.556    13.5371    38.7495    29.1880 0.0000e+00
   1675.000    13.7965     0.1876    98.4536 -9.990e-29 2.2197e+03    174.731    13.5371    38.7496    29.1880 0.0000e+00
   1676.000    13.7966     0.1865    98.4559 1.0000e-12 2.2210e+03    174.748    13.5371    38.7496    29.1880 0.0000e+00
   1677.000    13.7967     0.1864    98.4560 1.0000e-12 2.2190e+03    174.838    13.5370    38.7496    29.1880 0.0000e+00
   1678.000    13.7970     0.1824    98.4574 1.0000e-12 2.2182e+03    174.693    13.5371    38.7495    29.1879 0.0000e+00
   1679.000    13.7972     0.1802    98.4560 1.0000e-12 2.2221e+03    174.407    13.5372    38.7496    29.1880 0.0000e+00
   1680.000    13.7974     0.1780    98.4560 1.0000e-12 2.2198e+03    174.444    13.5372    38.7496    29.1880 0.0000e+00
   1681.000    13.7973     0.1796    98.4596 1.0000e-12 2.2207e+03    174.759    13.5370    38.7496    29.1880 0.0000e+00
   1682.000    13.7972     0.1838    98.4519 1.0000e-12 2.2185e+03    174.532    13.5367    38.7496    29.1881 0.0000e+00
   1683.000    13.7972     0.1857    98.4528 1.0000e-12 2.2208e+03    174.405    13.5366    38.7495    29.1881 0.0000e+00
   1684.000    13.7973     0.1845    98.4559 1.0000e-12 2.2174e+03    174.660    13.5365    38.7496    29.1881 0.0000e+00
   1685.000    13.7974     0.1816    98.4560 1.0000e-12 2.2174e+03    174.732    13.5364    38.7497    29.1882 0.0000e+00
   1686.000    13.7975     0.1801    98.4574 1.0000e-12 2.2161e+03    174.779    13.5364    38.7497    29.1882 0.0000e+00
   1687.000    13.7977     0.1786    98.4549 1.0000e-12 2.2195e+03    174.745    13.5364    38.7496    29.1882 0.0000e+00
   1688.000    13.7978     0.1846    98.4526 1.0000e-12 2.2189e+03    174.773    13.5363    38.7498    29.1883 0.0000e+00
   1689.000    13.7979     0.1816    98.4570 1.0000e-12 2.2179e+03    174.913    13.5363    38.7496    29.1882 0.0000e+00
   1690.000    13.7979     0.1835    98.4580 1.0000e-12 2.2188e+03    174.837    13.5361    38.7497    29.1883 0.0000e+00
   1691.000    13.7978     0.1836    98.4519 1.0000e-12 2.2196e+03    174.622    13.5359    38.7497    29.1883 0.0000e+00
   1692.000    13.7980     0.1827    98.4576 1.0000e-12 2.2192e+03    174.595    13.5358    38.7497    29.1883 0.0000e+00
   1693.000    13.7980     0.1839    98.4539 1.0000e-12 2.2194e+03    174.423    13.5357    38.7497    29.1884 0.0000e+00
   1694.000    13.7982     0.1866    98.4528 1.0000e-12 2.2188e+03    174.223    13.5358    38.7496    29.1883 0.0000e+00
   1695.000    13.7984     0.1875    98.4541 1.0000e-12 2.2199e+03    174.324    13.5358    38.7496    29.1883 0.0000e+00
   1696.000    13.7985     0.1870    98.4528 1.0000e-12 2.2186e+03    174.338    13.5357    38.7496    29.1883 0.0000e+00
   1697.000    13.7986     0.1893    98.4560 -9.990e-29 2.2170e+03    174.338    13.5356    38.7496    29.1884 0.0000e+00
   1698.000    13.7987     0.1880    98.4577 -9.990e-29 2.2184e+03    174.605    13.5356    38.7497    29.1884 0.0000e+00
   1699.000    13.7990     0.1840    98.4528 -9.990e-29 2.2185e+03    174.948    13.5357    38.7496    29.1883 0.0000e+00
   1700.000    13.7990     0.1837    98.4421 1.0000e-12 2.2182e+03    174.764    13.5356    38.7496    29.1883 0.0000e+00
   1701.000    13.7991     0.1889    98.4477 1.0000e-12 2.2182e+03    174.613    13.5355    38.7496    29.1883 0.0000e+00
   1702.000    13.7992     0.1856    98.4516 1.0000e-12 2.2197e+03    174.551    13.5354    38.7496    29.1884 0.0000e+00
   1703.000    13.7993     0.1847    98.4538 1.0000e-12 2.2194e+03    174.444    13.5354    38.7495    29.1883 0.0000e+00
   1704.000    13.7995     0.1849    98.4559 1.0000e-12 2.2205e+03    174.275    13.5354    38.7496    29.1884 0.0000e+00
   1705.000    13.7995     0.1857    98.4520 1.0000e-12 2.2179e+03    174.292    13.5352    38.7497    29.1885 0.0000e+00
