Data/ruptures/PEACETIME/ION/PEACETIME_ION_CTD_051.cnv
* Sea-Bird SBE 9 Data File:
* FileName = C:\CTD\rawCTD\PEACETIME_ION_CTD_051.hdr
* Software Version Seasave V 7.23.2
* Temperature SN = 1378
* Conductivity SN = 2929
* Number of Bytes Per Scan = 38
* Number of Voltage Words = 5
* Number of Scans Averaged by the Deck Unit = 1
* NMEA Latitude = 35 29.35 N
* NMEA Longitude = 019 46.58 E
* NMEA UTC (Time) = May 28 2017  18:32:43
* NMEA baud rate = 4800
** Cruise:   PEACETIME
** Station:   ION_CTD_051
# nquan = 11
# nvalues = 202                         
# units = specified
# name 0 = prDM: Pressure, Digiquartz [db]
# name 1 = t090C: Temperature [ITS-90, deg C]
# name 2 = flC: Fluorescence, Chelsea Aqua 3 Chl Con [ug/l]
# name 3 = CStarTr0: Beam Transmission, WET Labs C-Star [%]
# name 4 = par: PAR/Irradiance, Biospherical/Licor
# name 5 = spar: SPAR/Surface Irradiance
# name 6 = sbeox0Mm/Kg: Oxygen, SBE 43 [umol/kg]
# name 7 = potemp090C: Potential Temperature [ITS-90, deg C]
# name 8 = sal00: Salinity, Practical [PSU]
# name 9 = sigma-é00: Density [sigma-theta, kg/m^3]
# name 10 = flag:
# span 0 =      1.000,    202.000       
# span 1 =    15.4329,    20.8192       
# span 2 =     0.1809,     0.3664       
# span 3 =    96.4826,    98.3265       
# span 4 = -1.026e-04, 2.0482e-02       
# span 5 = 1.6262e+00, 7.4814e+00       
# span 6 =    184.500,    231.249       
# span 7 =    15.4058,    20.8183       
# span 8 =    38.9535,    39.0722       
# span 9 =    27.6089,    28.9689       
# span 10 = 0.0000e+00, 0.0000e+00      
# interval = decibars: 1                
# start_time = May 28 2017 18:33:45 [NMEA time, first data scan]
# bad_flag = -9.990e-29
*END*
[from data line 132]
    133.000    15.9071     0.2149    98.1008 1.0000e-12 3.1042e+00    207.906    15.8855    39.0715    28.9104 0.0000e+00
    134.000    15.9043     0.2194    98.1215 1.0000e-12 3.6130e+00    207.560    15.8826    39.0722    28.9117 0.0000e+00
    135.000    15.9015     0.2200    98.1439 1.0000e-12 3.7803e+00    207.130    15.8796    39.0722    28.9123 0.0000e+00
    136.000    15.9012     0.2166    98.1355 1.0000e-12 3.6923e+00    207.273    15.8791    39.0721    28.9124 0.0000e+00
    137.000    15.8962     0.2135    98.1406 1.0000e-12 3.6129e+00    206.585    15.8740    39.0717    28.9133 0.0000e+00
    138.000    15.8901     0.2128    98.1269 1.0000e-12 3.3369e+00    206.328    15.8677    39.0709    28.9141 0.0000e+00
    139.000    15.8827     0.2145    98.1550 1.0000e-12 1.9859e+00    205.480    15.8602    39.0694    28.9148 0.0000e+00
    140.000    15.8719     0.2108    98.1705 1.0000e-12 1.8023e+00    205.444    15.8492    39.0673    28.9157 0.0000e+00
    141.000    15.8558     0.2089    98.1701 1.0000e-12 2.5467e+00    205.972    15.8329    39.0640    28.9170 0.0000e+00
    142.000    15.8480     0.2074    98.1847 1.0000e-12 3.3852e+00    206.315    15.8250    39.0627    28.9179 0.0000e+00
    143.000    15.8395     0.2085    98.1874 1.0000e-12 3.5488e+00    206.624    15.8164    39.0613    28.9188 0.0000e+00
    144.000    15.8230     0.2076    98.2138 1.0000e-12 3.4076e+00    206.804    15.7997    39.0579    28.9200 0.0000e+00
    145.000    15.8050     0.2029    98.2399 1.0000e-12 2.6568e+00    207.334    15.7816    39.0545    28.9217 0.0000e+00
    146.000    15.7907     0.2014    98.2521 1.0000e-12 2.4618e+00    207.451    15.7671    39.0515    28.9228 0.0000e+00
    147.000    15.7710     0.1966    98.2535 1.0000e-12 2.5407e+00    207.713    15.7473    39.0468    28.9237 0.0000e+00
    148.000    15.7552     0.1935    98.2662 1.0000e-12 3.3299e+00    208.550    15.7314    39.0432    28.9247 0.0000e+00
    149.000    15.7368     0.1905    98.2469 1.0000e-12 1.6262e+00    207.951    15.7127    39.0391    28.9259 0.0000e+00
    150.000    15.7307     0.1889    98.2714 1.0000e-12 2.4328e+00    208.114    15.7065    39.0382    28.9267 0.0000e+00
    151.000    15.7300     0.1907    98.2579 1.0000e-12 3.4760e+00    207.626    15.7057    39.0381    28.9268 0.0000e+00
    152.000    15.7293     0.1934    98.2695 1.0000e-12 2.2572e+00    208.138    15.7048    39.0380    28.9268 0.0000e+00
    153.000    15.7299     0.1949    98.2824 1.0000e-12 3.2113e+00    208.026    15.7053    39.0382    28.9270 0.0000e+00
    154.000    15.7282     0.1911    98.2812 1.0000e-12 2.9517e+00    207.679    15.7034    39.0375    28.9268 0.0000e+00
    155.000    15.6996     0.1908    98.2779 1.0000e-12 1.9840e+00    207.300    15.6747    39.0281    28.9263 0.0000e+00
    156.000    15.6432     0.1893    98.2902 1.0000e-12 2.2248e+00    206.964    15.6181    39.0157    28.9299 0.0000e+00
    157.000    15.6226     0.1937    98.2589 1.0000e-12 3.1572e+00    206.147    15.5974    39.0099    28.9302 0.0000e+00
    158.000    15.5663     0.1925    98.2896 1.0000e-12 2.8945e+00    205.311    15.5410    38.9972    28.9335 0.0000e+00
    159.000    15.5300     0.1911    98.2868 1.0000e-12 4.3214e+00    206.114    15.5046    38.9901    28.9365 0.0000e+00
    160.000    15.5300     0.1938    98.3036 1.0000e-12 2.9802e+00    206.461    15.5044    38.9904    28.9368 0.0000e+00
    161.000    15.5302     0.1930    98.2686 1.0000e-12 3.0367e+00    206.596    15.5044    38.9905    28.9368 0.0000e+00
    162.000    15.5297     0.1906    98.2994 1.0000e-12 1.7999e+00    206.224    15.5038    38.9903    28.9368 0.0000e+00
    163.000    15.5139     0.1957    98.3055 1.0000e-12 3.6169e+00    204.960    15.4879    38.9858    28.9370 0.0000e+00
    164.000    15.4654     0.1944    98.2961 1.0000e-12 3.2473e+00    204.867    15.4393    38.9765    28.9410 0.0000e+00
    165.000    15.4508     0.1940    98.3049 1.0000e-12 1.9611e+00    205.454    15.4245    38.9746    28.9430 0.0000e+00
    166.000    15.4490     0.1908    98.2911 1.0000e-12 3.3061e+00    205.339    15.4225    38.9744    28.9433 0.0000e+00
    167.000    15.4490     0.1908    98.2843 1.0000e-12 3.9492e+00    205.458    15.4224    38.9750    28.9438 0.0000e+00
    168.000    15.4460     0.1922    98.2945 1.0000e-12 3.1081e+00    204.915    15.4192    38.9746    28.9442 0.0000e+00
    169.000    15.4370     0.1870    98.3013 1.0000e-12 2.2971e+00    204.420    15.4101    38.9731    28.9452 0.0000e+00
    170.000    15.4329     0.1903    98.2922 1.0000e-12 4.1791e+00    204.332    15.4058    38.9735    28.9464 0.0000e+00
    171.000    15.4347     0.1883    98.2775 1.0000e-12 2.4029e+00    204.565    15.4075    38.9750    28.9473 0.0000e+00
    172.000    15.4406     0.1905    98.2668 1.0000e-12 3.1295e+00    204.665    15.4132    38.9778    28.9481 0.0000e+00
    173.000    15.4971     0.1864    98.2977 1.0000e-12 1.8145e+00    205.309    15.4695    39.0011    28.9530 0.0000e+00
    174.000    15.5478     0.1876    98.2955 1.0000e-12 2.2101e+00    205.864    15.5199    39.0169    28.9535 0.0000e+00
    175.000    15.5825     0.1892    98.2936 1.0000e-12 3.8087e+00    206.059    15.5545    39.0289    28.9549 0.0000e+00
    176.000    15.6016     0.1877    98.2838 1.0000e-12 4.0044e+00    205.984    15.5734    39.0341    28.9544 0.0000e+00
    177.000    15.6031     0.1926    98.2837 1.0000e-12 2.7193e+00    206.091    15.5747    39.0342    28.9542 0.0000e+00
    178.000    15.6004     0.1927    98.2898 1.0000e-12 1.9931e+00    205.856    15.5719    39.0330    28.9540 0.0000e+00
    179.000    15.5981     0.1949    98.2978 1.0000e-12 2.7196e+00    205.784    15.5693    39.0323    28.9540 0.0000e+00
    180.000    15.5965     0.1967    98.2851 1.0000e-12 5.1864e+00    205.613    15.5676    39.0317    28.9540 0.0000e+00
    181.000    15.5970     0.1922    98.3062 1.0000e-12 1.6934e+00    205.507    15.5680    39.0317    28.9539 0.0000e+00
    182.000    15.5968     0.1896    98.2939 1.0000e-12 3.2528e+00    205.780    15.5676    39.0316    28.9538 0.0000e+00
    183.000    15.6202     0.1863    98.2882 1.0000e-12 2.7233e+00    205.740    15.5908    39.0430    28.9573 0.0000e+00
    184.000    15.6330     0.1894    98.2935 1.0000e-12 2.5069e+00    205.895    15.6034    39.0472    28.9576 0.0000e+00
    185.000    15.6357     0.1923    98.2980 1.0000e-12 2.1329e+00    205.938    15.6059    39.0484    28.9579 0.0000e+00
    186.000    15.6355     0.1848    98.2902 1.0000e-12 1.6346e+00    206.173    15.6056    39.0487    28.9582 0.0000e+00
    187.000    15.6311     0.1879    98.3078 -9.990e-29 2.6757e+00    205.913    15.6011    39.0479    28.9587 0.0000e+00
    188.000    15.6209     0.1945    98.2842 -9.990e-29 2.3928e+00    206.190    15.5908    39.0465    28.9600 0.0000e+00
    189.000    15.6218     0.1878    98.3208 1.0000e-12 2.1452e+00    206.189    15.5914    39.0479    28.9609 0.0000e+00
    190.000    15.6252     0.1897    98.3082 1.0000e-12 4.0237e+00    206.163    15.5947    39.0504    28.9621 0.0000e+00
    191.000    15.6243     0.1940    98.3241 1.0000e-12 4.5268e+00    206.119    15.5936    39.0506    28.9625 0.0000e+00
    192.000    15.6207     0.1973    98.3204 1.0000e-12 1.9661e+00    205.994    15.5899    39.0501    28.9630 0.0000e+00
    193.000    15.6152     0.1930    98.3117 1.0000e-12 2.6556e+00    206.506    15.5842    39.0496    28.9639 0.0000e+00
    194.000    15.6107     0.1933    98.2958 1.0000e-12 3.0463e+00    206.277    15.5795    39.0490    28.9645 0.0000e+00
    195.000    15.6046     0.1918    98.3225 1.0000e-12 2.5913e+00    206.033    15.5733    39.0483    28.9654 0.0000e+00
    196.000    15.6020     0.1843    98.3167 1.0000e-12 2.1939e+00    206.039    15.5705    39.0480    28.9659 0.0000e+00
    197.000    15.6009     0.1850    98.3116 1.0000e-12 3.5351e+00    206.614    15.5692    39.0480    28.9661 0.0000e+00
    198.000    15.6005     0.1880    98.2987 1.0000e-12 2.7626e+00    206.454    15.5687    39.0478    28.9662 0.0000e+00
    199.000    15.5999     0.1865    98.3265 1.0000e-12 2.2176e+00    206.589    15.5679    39.0478    28.9663 0.0000e+00
    200.000    15.5993     0.1839    98.3070 1.0000e-12 2.8523e+00    206.160    15.5672    39.0477    28.9665 0.0000e+00
    201.000    15.5937     0.1809    98.3175 1.0000e-12 2.7942e+00    205.199    15.5615    39.0466    28.9669 0.0000e+00
    202.000    15.5835     0.1849    98.3129 1.0000e-12 2.5625e+00    204.796    15.5511    39.0461    28.9689 0.0000e+00
