Data/ruptures/PEACETIME/ION/PEACETIME_ION_CTD_041.cnv
* Sea-Bird SBE 9 Data File:
* FileName = C:\CTD\rawCTD\PEACETIME_ION_CTD_041.hdr
* Software Version Seasave V 7.23.2
* Temperature SN = 1378
* Conductivity SN = 2929
* Number of Bytes Per Scan = 38
* Number of Voltage Words = 5
* Number of Scans Averaged by the Deck Unit = 1
* NMEA Latitude = 35 29.29 N
* NMEA Longitude = 019 46.79 E
* NMEA UTC (Time) = May 26 2017  03:53:35
* NMEA baud rate = 4800
** Cruise:   PEACETIME
** Station:   ION_CTD_041
# nquan = 11
# nvalues = 3154                        
# units = specified
# name 0 = prDM: Pressure, Digiquartz [db]
# name 1 = t090C: Temperature [ITS-90, deg C]
# name 2 = flC: Fluorescence, Chelsea Aqua 3 Chl Con [ug/l]
# name 3 = CStarTr0: Beam Transmission, WET Labs C-Star [%]
# name 4 = par: PAR/Irradiance, Biospherical/Licor
# name 5 = spar: SPAR/Surface Irradiance
# name 6 = sbeox0Mm/Kg: Oxygen, SBE 43 [umol/kg]
# name 7 = potemp090C: Potential Temperature [ITS-90, deg C]
# name 8 = sal00: Salinity, Practical [PSU]
# name 9 = sigma-é00: Density [sigma-theta, kg/m^3]
# name 10 = flag:
# span 0 =      1.000,   3154.000       
# span 1 =    13.7795,    20.5784       
# span 2 =     0.1680,     0.3538       
# span 3 =    95.2491,    98.5267       
# span 4 = -1.503e-05, 4.3984e+01       
# span 5 = 1.6288e+02, 1.3718e+03       
# span 6 =    168.079,    231.428       
# span 7 =    13.4270,    20.5765       
# span 8 =    38.7334,    39.0497       
# span 9 =    27.6795,    29.1991       
# span 10 = 0.0000e+00, 0.0000e+00      
# interval = decibars: 1                
# start_time = May 26 2017 04:07:59 [NMEA time, first data scan]
# bad_flag = -9.990e-29
*END*
[from data line 1837]
   1838.000    13.8125     0.1805 -9.990e-29 1.7251e-03 9.8183e+02    175.142    13.5264    38.7487    29.1896 0.0000e+00
   1839.000    13.8129     0.1782 -9.990e-29 2.0320e-03 9.7909e+02    175.035    13.5266    38.7487    29.1895 0.0000e+00
   1840.000    13.8127     0.1752 -9.990e-29 2.0859e-03 9.8100e+02    175.259    13.5262    38.7487    29.1896 0.0000e+00
   1841.000    13.8127     0.1767 -9.990e-29 8.8784e-04 9.7472e+02    175.208    13.5261    38.7488    29.1897 0.0000e+00
   1842.000    13.8130     0.1746 -9.990e-29 1.3855e-03 9.7085e+02    175.193    13.5262    38.7486    29.1895 0.0000e+00
   1843.000    13.8132     0.1765 -9.990e-29 3.0915e-03 9.6878e+02    175.009    13.5262    38.7484    29.1894 0.0000e+00
   1844.000    13.8132     0.1807 -9.990e-29 1.7622e-03 9.6964e+02    174.847    13.5261    38.7487    29.1897 0.0000e+00
   1845.000    13.8133     0.1748 -9.990e-29 1.7320e-03 9.6561e+02    174.923    13.5260    38.7485    29.1896 0.0000e+00
   1846.000    13.8131     0.1749 -9.990e-29 1.3211e-03 9.6527e+02    174.995    13.5257    38.7486    29.1897 0.0000e+00
   1847.000    13.8129     0.1756 -9.990e-29 3.0634e-03 9.5809e+02    175.102    13.5253    38.7484    29.1896 0.0000e+00
   1848.000    13.8126     0.1778 -9.990e-29 1.6942e-03 9.6066e+02    174.912    13.5248    38.7484    29.1897 0.0000e+00
   1849.000    13.8128     0.1810 -9.990e-29 2.1503e-03 9.6082e+02    174.874    13.5248    38.7483    29.1896 0.0000e+00
   1850.000    13.8129     0.1780 -9.990e-29 1.5769e-03 9.6175e+02    174.754    13.5248    38.7483    29.1896 0.0000e+00
   1851.000    13.8129     0.1807 -9.990e-29 1.7252e-03 9.5852e+02    174.825    13.5246    38.7483    29.1896 0.0000e+00
   1852.000    13.8130     0.1862 -9.990e-29 1.5191e-03 9.5856e+02    175.159    13.5246    38.7483    29.1897 0.0000e+00
   1853.000    13.8127     0.1866 -9.990e-29 2.0902e-03 9.5490e+02    175.446    13.5241    38.7481    29.1896 0.0000e+00
   1854.000    13.8118     0.1838 -9.990e-29 3.6264e-03 9.5496e+02    175.524    13.5230    38.7479    29.1897 0.0000e+00
   1855.000    13.8111     0.1868 -9.990e-29 6.5134e-04 9.5496e+02    175.391    13.5222    38.7477    29.1898 0.0000e+00
   1856.000    13.8107     0.1849 -9.990e-29 1.7265e-04 9.5507e+02    175.168    13.5217    38.7476    29.1898 0.0000e+00
   1857.000    13.8107     0.1839 -9.990e-29 4.3159e-04 9.5779e+02    175.050    13.5215    38.7477    29.1898 0.0000e+00
   1858.000    13.8107     0.1776 -9.990e-29 1.5153e-03 9.6083e+02    175.059    13.5213    38.7474    29.1897 0.0000e+00
   1859.000    13.8108     0.1807 -9.990e-29 4.4560e-04 9.6007e+02    175.242    13.5212    38.7475    29.1898 0.0000e+00
   1860.000    13.8103     0.1813 -9.990e-29 6.7973e-04 9.6186e+02    175.425    13.5206    38.7472    29.1897 0.0000e+00
   1861.000    13.8105     0.1859 -9.990e-29 5.6201e-04 9.6259e+02    175.316    13.5206    38.7473    29.1898 0.0000e+00
   1862.000    13.8111     0.1840 -9.990e-29 6.3085e-04 9.6812e+02    175.259    13.5210    38.7476    29.1899 0.0000e+00
   1863.000    13.8111     0.1819 -9.990e-29 3.1073e-05 9.6803e+02    175.639    13.5209    38.7474    29.1898 0.0000e+00
   1864.000    13.8115     0.1802 -9.990e-29 5.8196e-04 9.6991e+02    175.534    13.5211    38.7474    29.1897 0.0000e+00
   1865.000    13.8117     0.1787 -9.990e-29 1.3276e-03 9.7542e+02    175.502    13.5211    38.7475    29.1898 0.0000e+00
   1866.000    13.8120     0.1766 -9.990e-29 1.6177e-03 9.7524e+02    175.303    13.5213    38.7475    29.1898 0.0000e+00
   1867.000    13.8121     0.1804 -9.990e-29 1.2730e-03 9.8217e+02    175.073    13.5212    38.7476    29.1899 0.0000e+00
   1868.000    13.8123     0.1819 -9.990e-29 1.5874e-03 9.8167e+02    175.030    13.5212    38.7477    29.1899 0.0000e+00
   1869.000    13.8124     0.1801 -9.990e-29 2.6701e-03 9.8494e+02    175.046    13.5212    38.7475    29.1897 0.0000e+00
   1870.000    13.8125     0.1782 -9.990e-29 1.8129e-03 9.8885e+02    174.754    13.5211    38.7476    29.1899 0.0000e+00
   1871.000    13.8128     0.1805 -9.990e-29 2.8000e-03 9.9052e+02    175.064    13.5213    38.7475    29.1898 0.0000e+00
   1872.000    13.8129     0.1833 -9.990e-29 2.0949e-03 9.9085e+02    175.420    13.5212    38.7476    29.1898 0.0000e+00
   1873.000    13.8128     0.1849 -9.990e-29 1.3553e-03 9.9366e+02    175.465    13.5210    38.7476    29.1899 0.0000e+00
   1874.000    13.8129     0.1811 -9.990e-29 2.1865e-03 9.9620e+02    175.343    13.5209    38.7476    29.1899 0.0000e+00
   1875.000    13.8131     0.1818 -9.990e-29 2.5056e-03 9.9971e+02    175.139    13.5209    38.7475    29.1899 0.0000e+00
   1876.000    13.8131     0.1806 -9.990e-29 3.7743e-03 9.9865e+02    175.185    13.5207    38.7475    29.1899 0.0000e+00
   1877.000    13.8131     0.1793 -9.990e-29 4.0921e-03 9.9275e+02    175.277    13.5206    38.7475    29.1899 0.0000e+00
   1878.000    13.8133     0.1828 -9.990e-29 3.2262e-03 1.0007e+03    175.103    13.5206    38.7475    29.1899 0.0000e+00
   1879.000    13.8134     0.1839 -9.990e-29 3.8987e-03 9.9723e+02    175.073    13.5206    38.7474    29.1898 0.0000e+00
   1880.000    13.8133     0.1904 -9.990e-29 4.5947e-03 9.9756e+02    175.394    13.5203    38.7475    29.1899 0.0000e+00
   1881.000    13.8135     0.1917 -9.990e-29 3.0194e-03 9.9421e+02    175.645    13.5204    38.7474    29.1899 0.0000e+00
   1882.000    13.8136     0.1896 -9.990e-29 1.8076e-03 9.9509e+02    175.750    13.5203    38.7475    29.1899 0.0000e+00
   1883.000    13.8137     0.1891 -9.990e-29 3.3863e-03 9.9896e+02    175.559    13.5202    38.7475    29.1900 0.0000e+00
   1884.000    13.8139     0.1880 -9.990e-29 3.1302e-03 9.9494e+02    175.190    13.5202    38.7474    29.1899 0.0000e+00
   1885.000    13.8138     0.1862 -9.990e-29 3.7550e-03 9.9555e+02    175.371    13.5199    38.7475    29.1901 0.0000e+00
   1886.000    13.8139     0.1897 -9.990e-29 4.9236e-03 9.9967e+02    175.462    13.5199    38.7474    29.1900 0.0000e+00
   1887.000    13.8139     0.1845 -9.990e-29 3.1438e-03 9.9983e+02    175.446    13.5197    38.7473    29.1899 0.0000e+00
   1888.000    13.8139     0.1778 -9.990e-29 2.9343e-03 1.0003e+03    175.324    13.5196    38.7475    29.1901 0.0000e+00
   1889.000    13.8141     0.1802 -9.990e-29 2.8990e-03 9.9887e+02    175.284    13.5196    38.7472    29.1899 0.0000e+00
   1890.000    13.8142     0.1841 -9.990e-29 3.1661e-03 1.0005e+03    175.344    13.5195    38.7474    29.1900 0.0000e+00
   1891.000    13.8139     0.1800 -9.990e-29 2.2263e-03 1.0031e+03    175.178    13.5191    38.7472    29.1900 0.0000e+00
   1892.000    13.8139     0.1806 -9.990e-29 2.5149e-03 1.0008e+03    175.217    13.5189    38.7472    29.1900 0.0000e+00
   1893.000    13.8140     0.1793 -9.990e-29 8.9263e-04 1.0028e+03    175.377    13.5188    38.7473    29.1901 0.0000e+00
   1894.000    13.8144     0.1824 -9.990e-29 2.3857e-03 9.9721e+02    175.573    13.5190    38.7474    29.1902 0.0000e+00
   1895.000    13.8147     0.1814 -9.990e-29 6.2208e-04 9.9903e+02    175.548    13.5192    38.7474    29.1901 0.0000e+00
   1896.000    13.8149     0.1788 -9.990e-29 3.1301e-03 1.0032e+03    175.205    13.5192    38.7474    29.1901 0.0000e+00
   1897.000    13.8152     0.1767 -9.990e-29 2.2629e-03 1.0000e+03    175.148    13.5193    38.7476    29.1902 0.0000e+00
   1898.000    13.8153     0.1779 -9.990e-29 1.5828e-03 9.9982e+02    175.238    13.5193    38.7476    29.1902 0.0000e+00
   1899.000    13.8155     0.1812 -9.990e-29 1.2784e-03 1.0008e+03    175.417    13.5193    38.7476    29.1903 0.0000e+00
   1900.000    13.8157     0.1792 -9.990e-29 1.4988e-03 1.0060e+03    175.541    13.5193    38.7476    29.1902 0.0000e+00
   1901.000    13.8159     0.1811 -9.990e-29 1.6951e-03 1.0095e+03    175.502    13.5194    38.7476    29.1902 0.0000e+00
   1902.000    13.8159     0.1863 -9.990e-29 2.7152e-03 1.0072e+03    175.218    13.5193    38.7477    29.1903 0.0000e+00
   1903.000    13.8159     0.1862 -9.990e-29 4.1298e-03 1.0043e+03    175.028    13.5191    38.7477    29.1904 0.0000e+00
   1904.000    13.8160     0.1819 -9.990e-29 2.7697e-03 1.0083e+03    174.986    13.5190    38.7476    29.1903 0.0000e+00
   1905.000    13.8161     0.1804 -9.990e-29 2.8930e-03 1.0036e+03    175.228    13.5189    38.7475    29.1903 0.0000e+00
   1906.000    13.8158     0.1750 -9.990e-29 2.4035e-04 1.0037e+03    175.231    13.5185    38.7474    29.1903 0.0000e+00
   1907.000    13.8158     0.1773 -9.990e-29 7.2170e-04 1.0035e+03    175.243    13.5183    38.7475    29.1904 0.0000e+00
   1908.000    13.8160     0.1773 -9.990e-29 2.4103e-03 1.0068e+03    175.333    13.5183    38.7476    29.1904 0.0000e+00
   1909.000    13.8161     0.1851 -9.990e-29 3.1410e-03 1.0043e+03    175.574    13.5182    38.7475    29.1904 0.0000e+00
   1910.000    13.8161     0.1842 -9.990e-29 1.5132e-03 1.0046e+03    175.499    13.5181    38.7474    29.1904 0.0000e+00
   1911.000    13.8160     0.1828 -9.990e-29 1.5997e-03 1.0052e+03    175.537    13.5179    38.7473    29.1903 0.0000e+00
   1912.000    13.8158     0.1808 -9.990e-29 2.8632e-03 1.0074e+03    175.612    13.5174    38.7473    29.1904 0.0000e+00
   1913.000    13.8158     0.1862 -9.990e-29 1.1656e-03 1.0082e+03    175.488    13.5174    38.7472    29.1904 0.0000e+00
   1914.000    13.8158     0.1857 -9.990e-29 2.4029e-03 1.0048e+03    175.277    13.5172    38.7474    29.1905 0.0000e+00
   1915.000    13.8159     0.1801 -9.990e-29 1.5121e-03 1.0042e+03    175.324    13.5171    38.7473    29.1905 0.0000e+00
   1916.000    13.8160     0.1802 -9.990e-29 9.1299e-04 1.0078e+03    175.270    13.5171    38.7473    29.1905 0.0000e+00
   1917.000    13.8161     0.1834 -9.990e-29 2.2628e-03 1.0045e+03    175.259    13.5169    38.7474    29.1906 0.0000e+00
   1918.000    13.8161     0.1859 -9.990e-29 8.4723e-04 1.0066e+03    175.383    13.5168    38.7472    29.1905 0.0000e+00
   1919.000    13.8164     0.1826 -9.990e-29 1.5022e-03 1.0092e+03    175.373    13.5169    38.7471    29.1904 0.0000e+00
   1920.000    13.8164     0.1758 -9.990e-29 1.3140e-03 1.0061e+03    175.084    13.5168    38.7473    29.1905 0.0000e+00
   1921.000    13.8165     0.1767 -9.990e-29 2.1389e-03 1.0057e+03    174.946    13.5167    38.7471    29.1904 0.0000e+00
   1922.000    13.8159     0.1806 -9.990e-29 3.1992e-03 1.0067e+03    175.183    13.5160    38.7470    29.1905 0.0000e+00
   1923.000    13.8156     0.1825 -9.990e-29 1.6403e-03 1.0058e+03    175.425    13.5155    38.7468    29.1905 0.0000e+00
   1924.000    13.8161     0.1820 -9.990e-29 1.3083e-03 1.0085e+03    175.780    13.5158    38.7469    29.1905 0.0000e+00
   1925.000    13.8160     0.1802 -9.990e-29 1.1033e-03 1.0041e+03    175.791    13.5155    38.7468    29.1904 0.0000e+00
   1926.000    13.8158     0.1824 -9.990e-29 5.4349e-04 9.9841e+02    175.636    13.5152    38.7467    29.1905 0.0000e+00
   1927.000    13.8160     0.1839 -9.990e-29 4.5666e-03 1.0038e+03    175.477    13.5152    38.7467    29.1905 0.0000e+00
   1928.000    13.8162     0.1851 -9.990e-29 3.7577e-03 1.0034e+03    175.642    13.5152    38.7468    29.1905 0.0000e+00
   1929.000    13.8163     0.1823 -9.990e-29 2.1457e-03 9.9845e+02    175.827    13.5151    38.7468    29.1905 0.0000e+00
   1930.000    13.8165     0.1761 -9.990e-29 7.7717e-04 9.9846e+02    175.880    13.5152    38.7468    29.1905 0.0000e+00
   1931.000    13.8166     0.1784 -9.990e-29 2.9369e-04 1.0027e+03    175.671    13.5151    38.7467    29.1904 0.0000e+00
   1932.000    13.8165     0.1801 -9.990e-29 5.5165e-04 9.9799e+02    175.507    13.5149    38.7467    29.1905 0.0000e+00
   1933.000    13.8165     0.1780    98.4997 7.4852e-04 1.0009e+03    175.503    13.5147    38.7469    29.1907 0.0000e+00
   1934.000    13.8165     0.1776    98.5063 9.9568e-04 9.9850e+02    175.233    13.5146    38.7467    29.1906 0.0000e+00
   1935.000    13.8167     0.1811    98.5042 5.8842e-04 9.9635e+02    175.214    13.5146    38.7467    29.1906 0.0000e+00
   1936.000    13.8168     0.1759    98.5042 9.3908e-04 1.0055e+03    175.444    13.5146    38.7468    29.1906 0.0000e+00
   1937.000    13.8168     0.1773    98.4790 1.0571e-03 9.9679e+02    175.681    13.5144    38.7467    29.1906 0.0000e+00
   1938.000    13.8169     0.1797 -9.990e-29 1.5314e-03 9.9270e+02    175.541    13.5143    38.7467    29.1906 0.0000e+00
   1939.000    13.8170     0.1763 -9.990e-29 1.5486e-03 9.9901e+02    175.333    13.5143    38.7467    29.1906 0.0000e+00
   1940.000    13.8171     0.1758 -9.990e-29 1.4892e-03 9.9463e+02    175.489    13.5142    38.7467    29.1906 0.0000e+00
   1941.000    13.8172     0.1823 -9.990e-29 1.5124e-03 9.9951e+02    175.639    13.5141    38.7467    29.1907 0.0000e+00
   1942.000    13.8174     0.1849 -9.990e-29 1.0387e-03 9.9533e+02    175.850    13.5141    38.7467    29.1907 0.0000e+00
   1943.000    13.8174     0.1840 -9.990e-29 -7.800e-07 9.9305e+02    175.625    13.5139    38.7467    29.1907 0.0000e+00
   1944.000    13.8174     0.1830 -9.990e-29 1.6986e-04 9.9402e+02    175.458    13.5138    38.7467    29.1907 0.0000e+00
   1945.000    13.8177     0.1815 -9.990e-29 2.8541e-04 9.9319e+02    175.526    13.5139    38.7465    29.1905 0.0000e+00
   1946.000    13.8177     0.1795 -9.990e-29 1.2203e-04 9.9502e+02    175.678    13.5138    38.7467    29.1907 0.0000e+00
   1947.000    13.8178     0.1768 -9.990e-29 1.7555e-04 9.9229e+02    175.593    13.5137    38.7466    29.1907 0.0000e+00
   1948.000    13.8178     0.1784 -9.990e-29 7.0477e-04 9.8800e+02    175.371    13.5135    38.7466    29.1907 0.0000e+00
   1949.000    13.8180     0.1825 -9.990e-29 6.7739e-04 9.8517e+02    175.279    13.5136    38.7465    29.1906 0.0000e+00
   1950.000    13.8180     0.1826    98.4997 4.0968e-04 9.8601e+02    175.524    13.5134    38.7466    29.1907 0.0000e+00
   1951.000    13.8182     0.1815    98.5087 2.0771e-04 9.8605e+02    175.400    13.5135    38.7466    29.1907 0.0000e+00
   1952.000    13.8184     0.1806    98.5031 1.1766e-06 9.8079e+02    175.102    13.5134    38.7465    29.1906 0.0000e+00
   1953.000    13.8186     0.1841    98.5031 1.4995e-04 9.8510e+02    175.446    13.5135    38.7465    29.1906 0.0000e+00
   1954.000    13.8188     0.1799    98.5068 6.5788e-04 9.8455e+02    175.884    13.5135    38.7465    29.1906 0.0000e+00
   1955.000    13.8188     0.1837    98.5030 2.2580e-03 9.8682e+02    175.862    13.5133    38.7465    29.1907 0.0000e+00
   1956.000    13.8188     0.1866 -9.990e-29 7.7139e-04 9.8879e+02    175.743    13.5132    38.7464    29.1906 0.0000e+00
   1957.000    13.8188     0.1881 -9.990e-29 1.6083e-03 9.8776e+02    175.800    13.5131    38.7464    29.1907 0.0000e+00
   1958.000    13.8190     0.1910 -9.990e-29 4.7526e-04 9.9169e+02    176.019    13.5131    38.7463    29.1906 0.0000e+00
   1959.000    13.8191     0.1848 -9.990e-29 4.8620e-04 9.8396e+02    176.034    13.5130    38.7465    29.1907 0.0000e+00
   1960.000    13.8193     0.1822 -9.990e-29 7.0666e-04 9.8876e+02    175.812    13.5130    38.7464    29.1907 0.0000e+00
   1961.000    13.8194     0.1896 -9.990e-29 9.8740e-04 9.8753e+02    175.520    13.5129    38.7463    29.1906 0.0000e+00
   1962.000    13.8193     0.1888 -9.990e-29 4.3881e-04 9.8036e+02    175.147    13.5127    38.7463    29.1907 0.0000e+00
   1963.000    13.8194     0.1891 -9.990e-29 1.1345e-03 9.8167e+02    175.276    13.5126    38.7464    29.1907 0.0000e+00
   1964.000    13.8195     0.1870 -9.990e-29 -2.168e-07 9.8437e+02    175.664    13.5126    38.7462    29.1906 0.0000e+00
   1965.000    13.8194     0.1866 -9.990e-29 1.0000e-12 9.8102e+02    175.722    13.5123    38.7463    29.1907 0.0000e+00
   1966.000    13.8195     0.1839 -9.990e-29 1.0000e-12 9.7721e+02    175.724    13.5123    38.7462    29.1907 0.0000e+00
   1967.000    13.8196     0.1838 -9.990e-29 2.6565e-06 9.8450e+02    175.822    13.5122    38.7463    29.1907 0.0000e+00
