Data/ruptures/PEACETIME/ION/PEACETIME_ION_CTD_036.cnv
* Sea-Bird SBE 9 Data File:
* FileName = C:\CTD\rawCTD\PEACETIME_ION_CTD_036.hdr
* Software Version Seasave V 7.23.2
* Temperature SN = 1378
* Conductivity SN = 2929
* Number of Bytes Per Scan = 34
* Number of Voltage Words = 5
* Number of Scans Averaged by the Deck Unit = 1
* NMEA Latitude = 35 29.35 N
* NMEA Longitude = 019 46.57 E
* NMEA UTC (Time) = May 25 2017  02:34:46
* NMEA baud rate = 4800
** Cruise:   PEACETIME
** Station:   ION_CTD_036
# nquan = 11
# nvalues = 501                         
# units = specified
# name 0 = prDM: Pressure, Digiquartz [db]
# name 1 = t090C: Temperature [ITS-90, deg C]
# name 2 = flC: Fluorescence, Chelsea Aqua 3 Chl Con [ug/l]
# name 3 = CStarTr0: Beam Transmission, WET Labs C-Star [%]
# name 4 = par: PAR/Irradiance, Biospherical/Licor
# name 5 = spar: SPAR/Surface Irradiance
# name 6 = sbeox0Mm/Kg: Oxygen, SBE 43 [umol/kg]
# name 7 = potemp090C: Potential Temperature [ITS-90, deg C]
# name 8 = sal00: Salinity, Practical [PSU]
# name 9 = sigma-é00: Density [sigma-theta, kg/m^3]
# name 10 = flag:
# span 0 =      1.000,    501.000       
# span 1 =    14.3496,    20.5947       
# span 2 =     0.1779,     0.3494       
# span 3 =    96.5012,    98.3049       
# span 4 = -6.969e-07, 3.1815e-01       
# span 5 = 1.3493e+00, 4.8750e+00       
# span 6 =    172.963,    229.554       
# span 7 =    14.2727,    20.5941       
# span 8 =    38.9001,    39.0593       
# span 9 =    27.6693,    29.1452       
# span 10 = 0.0000e+00, 0.0000e+00      
# interval = decibars: 1                
# start_time = May 25 2017 02:34:46 [NMEA time, header]
# bad_flag = -9.990e-29
*END*
[from data line 394]
    395.000    14.7214     0.1855    98.2708 -9.990e-29 2.6952e+00    178.886    14.6600    38.9593    29.1050 0.0000e+00
    396.000    14.7171     0.1833    98.2777 -9.990e-29 2.4395e+00    178.991    14.6556    38.9588    29.1056 0.0000e+00
    397.000    14.7140     0.1822    98.2730 1.1118e-04 2.1377e+00    178.856    14.6523    38.9584    29.1059 0.0000e+00
    398.000    14.7091     0.1895    98.2804 -4.678e-07 1.4368e+00    178.636    14.6473    38.9577    29.1066 0.0000e+00
    399.000    14.7018     0.1857    98.2821 2.8951e-05 2.2562e+00    178.341    14.6398    38.9568    29.1075 0.0000e+00
    400.000    14.6990     0.1869    98.2785 3.6700e-08 2.1038e+00    178.485    14.6368    38.9566    29.1081 0.0000e+00
    401.000    14.6969     0.1914    98.2814 1.0000e-12 3.5307e+00    178.067    14.6347    38.9565    29.1085 0.0000e+00
    402.000    14.6958     0.1852    98.2915 1.0000e-12 2.2171e+00    178.392    14.6333    38.9564    29.1086 0.0000e+00
    403.000    14.6947     0.1893    98.2834 -9.990e-29 4.0761e+00    178.615    14.6321    38.9563    29.1089 0.0000e+00
    404.000    14.6930     0.1838    98.2811 -9.990e-29 2.2415e+00    178.363    14.6303    38.9561    29.1092 0.0000e+00
    405.000    14.6920     0.1821    98.2833 1.0000e-12 2.2293e+00    178.361    14.6291    38.9560    29.1093 0.0000e+00
    406.000    14.6898     0.1814    98.2778 1.0000e-12 2.3918e+00    178.256    14.6267    38.9558    29.1097 0.0000e+00
    407.000    14.6866     0.1818    98.2767 1.0000e-12 2.5071e+00    178.265    14.6234    38.9556    29.1103 0.0000e+00
    408.000    14.6805     0.1852    98.2850 1.0000e-12 3.3813e+00    178.515    14.6172    38.9549    29.1111 0.0000e+00
    409.000    14.6780     0.1863    98.2613 1.0000e-12 2.8683e+00    177.803    14.6145    38.9549    29.1117 0.0000e+00
    410.000    14.6776     0.1827    98.2856 1.0000e-12 3.2525e+00    178.251    14.6140    38.9549    29.1118 0.0000e+00
    411.000    14.6762     0.1849    98.2872 1.0000e-12 4.3323e+00    178.179    14.6124    38.9547    29.1120 0.0000e+00
    412.000    14.6750     0.1854    98.2829 1.0000e-12 3.0774e+00    178.024    14.6111    38.9546    29.1122 0.0000e+00
    413.000    14.6718     0.1833    98.2878 1.0000e-12 2.5088e+00    177.858    14.6078    38.9544    29.1129 0.0000e+00
    414.000    14.6705     0.1832    98.2818 1.0000e-12 3.8081e+00    177.280    14.6062    38.9545    29.1132 0.0000e+00
    415.000    14.6700     0.1799    98.2760 1.0000e-12 2.3854e+00    177.525    14.6056    38.9544    29.1134 0.0000e+00
    416.000    14.6690     0.1812    98.2842 1.0000e-12 3.7761e+00    177.525    14.6045    38.9542    29.1134 0.0000e+00
    417.000    14.6659     0.1852    98.2759 1.0000e-12 2.1897e+00    177.858    14.6012    38.9538    29.1139 0.0000e+00
    418.000    14.6619     0.1843    98.2855 1.0000e-12 2.4144e+00    177.520    14.5970    38.9535    29.1145 0.0000e+00
    419.000    14.6601     0.1844    98.2789 1.0000e-12 2.0895e+00    177.074    14.5951    38.9533    29.1148 0.0000e+00
    420.000    14.6563     0.1825    98.2756 1.0000e-12 3.3769e+00    177.313    14.5912    38.9528    29.1153 0.0000e+00
    421.000    14.6531     0.1801    98.2742 1.0000e-12 3.3418e+00    176.945    14.5878    38.9523    29.1157 0.0000e+00
    422.000    14.6484     0.1852    98.2486 1.0000e-12 2.0496e+00    176.440    14.5830    38.9516    29.1162 0.0000e+00
    423.000    14.6427     0.1907    98.2640 -9.990e-29 3.3397e+00    176.387    14.5771    38.9507    29.1168 0.0000e+00
    424.000    14.6366     0.1842    98.2648 -9.990e-29 4.1301e+00    176.281    14.5709    38.9499    29.1176 0.0000e+00
    425.000    14.6308     0.1858    98.2754 1.0000e-12 3.5558e+00    176.439    14.5649    38.9489    29.1181 0.0000e+00
    426.000    14.6246     0.1863    98.2737 1.0000e-12 1.9472e+00    176.137    14.5586    38.9480    29.1189 0.0000e+00
    427.000    14.6191     0.1865    98.2677 9.2645e-06 3.3505e+00    176.166    14.5529    38.9469    29.1193 0.0000e+00
    428.000    14.6094     0.1821    98.2625 8.8907e-06 2.0857e+00    175.727    14.5432    38.9456    29.1205 0.0000e+00
    429.000    14.6048     0.1831    98.2714 3.6062e-08 1.9049e+00    175.654    14.5384    38.9451    29.1211 0.0000e+00
    430.000    14.6037     0.1858    98.2714 1.0000e-12 2.3655e+00    175.855    14.5371    38.9449    29.1213 0.0000e+00
    431.000    14.6033     0.1893    98.2770 9.7754e-05 3.0686e+00    175.948    14.5366    38.9449    29.1213 0.0000e+00
    432.000    14.6026     0.1880    98.2752 4.1042e-05 2.1332e+00    175.840    14.5358    38.9448    29.1215 0.0000e+00
    433.000    14.6022     0.1867    98.2737 1.4598e-04 3.0768e+00    175.862    14.5352    38.9447    29.1215 0.0000e+00
    434.000    14.6003     0.1926    98.2752 1.2872e-03 4.0453e+00    175.920    14.5331    38.9443    29.1217 0.0000e+00
    435.000    14.5911     0.1928    98.2722 8.0467e-04 2.8357e+00    175.300    14.5238    38.9427    29.1225 0.0000e+00
    436.000    14.5831     0.1889    98.2757 2.0073e-03 2.0187e+00    175.128    14.5157    38.9416    29.1235 0.0000e+00
    437.000    14.5783     0.1858    98.2756 9.2264e-04 2.8030e+00    175.524    14.5108    38.9409    29.1241 0.0000e+00
    438.000    14.5767     0.1856    98.2759 1.2309e-03 2.0468e+00    175.707    14.5089    38.9407    29.1243 0.0000e+00
    439.000    14.5744     0.1882    98.2774 1.2020e-03 2.5503e+00    175.583    14.5066    38.9402    29.1244 0.0000e+00
    440.000    14.5676     0.1877    98.2756 2.8094e-03 2.9323e+00    175.890    14.4996    38.9391    29.1251 0.0000e+00
    441.000    14.5633     0.1886    98.2770 3.0232e-04 2.3885e+00    175.585    14.4952    38.9385    29.1256 0.0000e+00
    442.000    14.5602     0.1832    98.2849 1.1995e-03 2.9302e+00    175.438    14.4919    38.9381    29.1260 0.0000e+00
    443.000    14.5583     0.1886    98.2743 2.2254e-03 2.9260e+00    175.671    14.4899    38.9380    29.1264 0.0000e+00
    444.000    14.5564     0.1880    98.2756 1.2783e-03 3.7502e+00    175.335    14.4878    38.9377    29.1266 0.0000e+00
    445.000    14.5551     0.1908    98.2799 4.6158e-04 3.7478e+00    175.527    14.4863    38.9375    29.1268 0.0000e+00
    446.000    14.5542     0.1929    98.2826 1.8833e-04 2.9725e+00    175.352    14.4853    38.9373    29.1269 0.0000e+00
    447.000    14.5492     0.1899    98.2846 6.9514e-04 2.7722e+00    175.501    14.4801    38.9365    29.1274 0.0000e+00
    448.000    14.5457     0.1840    98.2843 9.2166e-04 3.2074e+00    175.428    14.4766    38.9364    29.1281 0.0000e+00
    449.000    14.5458     0.1879    98.2700 1.6929e-03 2.9730e+00    175.494    14.4764    38.9363    29.1281 0.0000e+00
    450.000    14.5454     0.1927    98.2513 7.1827e-04 2.1488e+00    175.410    14.4759    38.9363    29.1282 0.0000e+00
    451.000    14.5447     0.1913    98.2779 4.5065e-04 2.7293e+00    175.396    14.4751    38.9362    29.1283 0.0000e+00
    452.000    14.5445     0.1898    98.2789 2.6864e-04 2.2302e+00    175.334    14.4747    38.9362    29.1284 0.0000e+00
    453.000    14.5445     0.1872    98.2826 1.8991e-04 2.2754e+00    175.577    14.4745    38.9361    29.1284 0.0000e+00
    454.000    14.5437     0.1921    98.2729 4.6468e-05 3.2072e+00    175.414    14.4735    38.9360    29.1285 0.0000e+00
    455.000    14.5419     0.1863    98.2837 2.8424e-04 2.3402e+00    175.276    14.4716    38.9356    29.1286 0.0000e+00
    456.000    14.5358     0.1841    98.2706 5.4011e-04 3.0229e+00    175.191    14.4654    38.9344    29.1290 0.0000e+00
    457.000    14.5206     0.1831    98.2648 1.5153e-03 3.2950e+00    174.458    14.4501    38.9323    29.1308 0.0000e+00
    458.000    14.5116     0.1798    98.2724 1.7475e-03 2.7734e+00    174.670    14.4409    38.9309    29.1318 0.0000e+00
    459.000    14.5072     0.1839    98.2526 1.0765e-03 2.1245e+00    174.658    14.4364    38.9303    29.1323 0.0000e+00
    460.000    14.5060     0.1903 -9.990e-29 1.5070e-04 3.3748e+00    174.509    14.4351    38.9302    29.1326 0.0000e+00
    461.000    14.5058     0.1918 -9.990e-29 2.4823e-04 2.8367e+00    174.524    14.4347    38.9302    29.1326 0.0000e+00
    462.000    14.5044     0.1863 -9.990e-29 2.0318e-04 2.8208e+00    174.633    14.4331    38.9299    29.1327 0.0000e+00
    463.000    14.5013     0.1867 -9.990e-29 -6.969e-07 2.3917e+00    174.866    14.4299    38.9292    29.1329 0.0000e+00
    464.000    14.4982     0.1826 -9.990e-29 3.4184e-06 1.9907e+00    174.725    14.4267    38.9286    29.1332 0.0000e+00
    465.000    14.4944     0.1895    98.2687 7.9474e-05 2.7825e+00    174.596    14.4227    38.9279    29.1335 0.0000e+00
    466.000    14.4905     0.1912    98.2670 2.8427e-04 2.6461e+00    174.362    14.4186    38.9273    29.1339 0.0000e+00
    467.000    14.4877     0.1904    98.2647 6.1667e-06 2.9285e+00    174.212    14.4157    38.9267    29.1342 0.0000e+00
    468.000    14.4850     0.1859    98.2670 -4.378e-08 2.6459e+00    174.202    14.4128    38.9262    29.1344 0.0000e+00
    469.000    14.4830     0.1854    98.2539 1.0000e-12 3.5256e+00    174.433    14.4107    38.9258    29.1346 0.0000e+00
    470.000    14.4820     0.1825    98.2671 1.0000e-12 2.3609e+00    174.837    14.4096    38.9257    29.1347 0.0000e+00
    471.000    14.4777     0.1815    98.2662 8.7353e-06 3.3075e+00    174.294    14.4051    38.9247    29.1349 0.0000e+00
    472.000    14.4762     0.1830    98.2587 1.0912e-04 2.3087e+00    174.327    14.4035    38.9246    29.1353 0.0000e+00
    473.000    14.4734     0.1827    98.2620 3.1843e-05 4.0919e+00    174.221    14.4005    38.9238    29.1353 0.0000e+00
    474.000    14.4672     0.1833 -9.990e-29 3.5873e-04 2.4223e+00    173.981    14.3942    38.9227    29.1358 0.0000e+00
    475.000    14.4658     0.1883 -9.990e-29 1.7918e-04 3.3857e+00    173.782    14.3926    38.9225    29.1360 0.0000e+00
    476.000    14.4615     0.1879    98.2720 7.0163e-06 3.0219e+00    173.692    14.3882    38.9215    29.1362 0.0000e+00
    477.000    14.4533     0.1830    98.2700 3.3340e-04 3.2968e+00    173.810    14.3799    38.9201    29.1370 0.0000e+00
    478.000    14.4438     0.1862    98.2707 1.6573e-03 2.8328e+00    173.590    14.3703    38.9185    29.1378 0.0000e+00
    479.000    14.4313     0.1871    98.2691 4.1314e-04 3.4358e+00    173.407    14.3576    38.9160    29.1387 0.0000e+00
    480.000    14.4250     0.1881    98.2789 8.8119e-04 3.0163e+00    173.692    14.3512    38.9150    29.1393 0.0000e+00
    481.000    14.4202     0.1858    98.2833 5.6307e-05 2.7877e+00    173.724    14.3463    38.9142    29.1398 0.0000e+00
    482.000    14.4157     0.1865    98.2767 1.7059e-04 2.1397e+00    173.434    14.3416    38.9134    29.1402 0.0000e+00
    483.000    14.4088     0.1837    98.2806 1.2497e-04 1.9429e+00    173.784    14.3346    38.9124    29.1410 0.0000e+00
    484.000    14.4051     0.1832    98.2833 3.0604e-04 3.3285e+00    173.679    14.3307    38.9119    29.1415 0.0000e+00
    485.000    14.3984     0.1852    98.2745 9.0345e-04 1.4532e+00    173.488    14.3239    38.9104    29.1418 0.0000e+00
    486.000    14.3959     0.1844    98.2952 4.0604e-04 2.7824e+00    173.333    14.3212    38.9102    29.1423 0.0000e+00
    487.000    14.3958     0.1848    98.2937 7.5248e-04 3.2069e+00    173.203    14.3210    38.9102    29.1423 0.0000e+00
    488.000    14.3958     0.1872    98.2922 2.3841e-03 2.0740e+00    173.684    14.3209    38.9102    29.1423 0.0000e+00
    489.000    14.3958     0.1953    98.2900 5.0397e-04 2.6348e+00    173.706    14.3207    38.9102    29.1424 0.0000e+00
    490.000    14.3959     0.1890    98.2828 1.2023e-03 2.7548e+00    173.835    14.3206    38.9103    29.1425 0.0000e+00
    491.000    14.3960     0.1870    98.2922 5.2926e-04 3.3367e+00    173.480    14.3206    38.9102    29.1424 0.0000e+00
    492.000    14.3961     0.1906    98.2671 7.8321e-04 2.4193e+00    173.437    14.3206    38.9103    29.1425 0.0000e+00
    493.000    14.3963     0.1887    98.2935 1.1924e-03 3.4780e+00    173.838    14.3205    38.9102    29.1424 0.0000e+00
    494.000    14.3938     0.1849 -9.990e-29 1.0710e-03 3.0284e+00    173.414    14.3179    38.9095    29.1425 0.0000e+00
    495.000    14.3912     0.1849 -9.990e-29 3.4543e-04 2.8463e+00    173.449    14.3152    38.9091    29.1428 0.0000e+00
    496.000    14.3863     0.1911 -9.990e-29 6.5092e-04 1.9483e+00    173.260    14.3102    38.9080    29.1430 0.0000e+00
    497.000    14.3744     0.1851 -9.990e-29 9.4543e-05 2.4143e+00    172.963    14.2981    38.9056    29.1438 0.0000e+00
    498.000    14.3660     0.1840 -9.990e-29 2.2887e-04 2.7369e+00    173.343    14.2896    38.9039    29.1444 0.0000e+00
    499.000    14.3596     0.1862 -9.990e-29 8.2740e-05 3.2937e+00    173.464    14.2831    38.9026    29.1448 0.0000e+00
    500.000    14.3576     0.1897 -9.990e-29 1.4434e-04 2.5585e+00    173.570    14.2809    38.9022    29.1449 0.0000e+00
    501.000    14.3496     0.1900 -9.990e-29 8.0226e-05 3.0517e+00    173.590    14.2727    38.9001    29.1452 0.0000e+00
