Data/ruptures/PEACETIME/ION/PEACETIME_ION_CTD_038.cnv
* Sea-Bird SBE 9 Data File:
* FileName = C:\CTD\rawCTD\PEACETIME_ION_CTD_038.hdr
* Software Version Seasave V 7.23.2
* Temperature SN = 1378
* Conductivity SN = 2929
* Number of Bytes Per Scan = 34
* Number of Voltage Words = 5
* Number of Scans Averaged by the Deck Unit = 1
* NMEA Latitude = 35 29.35 N
* NMEA Longitude = 019 46.57 E
* NMEA UTC (Time) = May 25 2017  10:19:03
* NMEA baud rate = 4800
** Cruise:   PEACETIME
** Station:   ION_CTD_038
# nquan = 11
# nvalues = 3000                        
# units = specified
# name 0 = prDM: Pressure, Digiquartz [db]
# name 1 = t090C: Temperature [ITS-90, deg C]
# name 2 = flC: Fluorescence, Chelsea Aqua 3 Chl Con [ug/l]
# name 3 = CStarTr0: Beam Transmission, WET Labs C-Star [%]
# name 4 = par: PAR/Irradiance, Biospherical/Licor
# name 5 = spar: SPAR/Surface Irradiance
# name 6 = sbeox0Mm/Kg: Oxygen, SBE 43 [umol/kg]
# name 7 = potemp090C: Potential Temperature [ITS-90, deg C]
# name 8 = sal00: Salinity, Practical [PSU]
# name 9 = sigma-é00: Density [sigma-theta, kg/m^3]
# name 10 = flag:
# span 0 =      2.000,   3001.000       
# span 1 =    13.7758,    20.9217       
# span 2 =     0.1711,     0.3667       
# span 3 =    96.3511,    98.4821       
# span 4 = -4.487e-08, 1.5498e+03       
# span 5 = 2.2114e+03, 2.2469e+03       
# span 6 =    168.364,    231.835       
# span 7 =    13.4293,    20.9213       
# span 8 =    38.7333,    39.0557       
# span 9 =    27.5777,    29.1985       
# span 10 = 0.0000e+00, 0.0000e+00      
# interval = decibars: 1                
# start_time = May 25 2017 10:19:03 [NMEA time, header]
# bad_flag = -9.990e-29
*END*
      2.000    20.9217     0.2016    96.9073 1.5498e+03 2.2439e+03    213.758    20.9213    39.0174    27.5777 0.0000e+00
      3.000    20.8996     0.2117    96.8738 1.1030e+03 2.2426e+03    213.429    20.8990    39.0174    27.5839 0.0000e+00
      4.000    20.8337     0.2083    96.8583 2.9267e+02 2.2449e+03    213.427    20.8330    39.0163    27.6014 0.0000e+00
      5.000    20.7779     0.2085    96.8237 1.1841e+02 2.2448e+03    213.096    20.7769    39.0157    27.6164 0.0000e+00
      6.000    20.7186     0.2055    96.7871 1.0559e+02 2.2434e+03    212.773    20.7175    39.0155    27.6326 0.0000e+00
      7.000    20.6686     0.2027    96.7402 9.9706e+01 2.2426e+03    212.197    20.6673    39.0160    27.6468 0.0000e+00
      8.000    20.6027     0.2014    96.6953 9.5163e+01 2.2409e+03    211.591    20.6011    39.0162    27.6652 0.0000e+00
      9.000    20.5124     0.2021    96.7476 9.3866e+01 2.2416e+03    211.645    20.5107    39.0100    27.6853 0.0000e+00
     10.000    20.3077     0.1994    96.7483 8.8928e+01 2.2420e+03    211.288    20.3058    38.9980    27.7320 0.0000e+00
     11.000    20.1294     0.2026    96.7594 9.1514e+01 2.2409e+03    212.280    20.1273    38.9965    27.7794 0.0000e+00
     12.000    20.0690     0.1985    96.7593 8.5857e+01 2.2400e+03    213.502    20.0668    38.9914    27.7918 0.0000e+00
     13.000    20.0332     0.2042    96.7334 8.1441e+01 2.2404e+03    214.089    20.0308    38.9885    27.7994 0.0000e+00
     14.000    20.0046     0.2106    96.7674 8.1039e+01 2.2393e+03    214.683    20.0020    38.9860    27.8052 0.0000e+00
     15.000    19.9859     0.2114    96.7606 7.8007e+01 2.2405e+03    214.595    19.9831    38.9863    27.8106 0.0000e+00
     16.000    19.9688     0.2095    96.7988 7.4819e+01 2.2424e+03    215.293    19.9658    38.9868    27.8156 0.0000e+00
     17.000    19.9449     0.2014    96.7528 7.2077e+01 2.2394e+03    215.156    19.9417    38.9861    27.8215 0.0000e+00
     18.000    19.8992     0.1988    96.7346 6.9983e+01 2.2444e+03    214.646    19.8959    38.9803    27.8294 0.0000e+00
     19.000    19.7150     0.2038    96.6664 6.8129e+01 2.2424e+03    215.187    19.7115    38.9633    27.8658 0.0000e+00
     20.000    19.3911     0.2094    96.6678 6.6194e+01 2.2425e+03    216.340    19.3875    38.9433    27.9367 0.0000e+00
     21.000    19.0033     0.2083    96.6447 6.4244e+01 2.2419e+03    218.618    18.9995    38.9025    28.0074 0.0000e+00
     22.000    18.6378     0.2076    96.6708 6.3092e+01 2.2424e+03    222.088    18.6339    38.8854    28.0893 0.0000e+00
     23.000    18.4872     0.2117    96.7043 6.0988e+01 2.2438e+03    223.211    18.4831    38.8998    28.1393 0.0000e+00
     24.000    18.3035     0.2125    96.7647 5.9241e+01 2.2427e+03    223.955    18.2992    38.8857    28.1755 0.0000e+00
     25.000    18.0531     0.2077    96.8177 5.7423e+01 2.2420e+03    226.243    18.0487    38.8672    28.2251 0.0000e+00
     26.000    17.9118     0.2023    96.8386 5.5233e+01 2.2413e+03    227.684    17.9073    38.8749    28.2667 0.0000e+00
     27.000    17.8114     0.2042    96.8035 5.4276e+01 2.2441e+03    228.106    17.8067    38.8492    28.2723 0.0000e+00
     28.000    17.7095     0.2103    96.8453 5.1869e+01 2.2440e+03    229.148    17.7046    38.8618    28.3076 0.0000e+00
     29.000    17.7311     0.2075    96.8953 5.0683e+01 2.2452e+03    229.396    17.7261    38.9031    28.3339 0.0000e+00
     30.000    17.7399     0.2071    96.8798 4.8920e+01 2.2434e+03    228.702    17.7347    38.9177    28.3430 0.0000e+00
     31.000    17.7300     0.2085    96.8824 4.8085e+01 2.2436e+03    228.752    17.7246    38.9248    28.3510 0.0000e+00
     32.000    17.7138     0.2106    96.9045 4.6635e+01 2.2435e+03    229.523    17.7083    38.9488    28.3735 0.0000e+00
     33.000    17.7277     0.2095    96.8878 4.5819e+01 2.2456e+03    228.632    17.7219    38.9725    28.3883 0.0000e+00
     34.000    17.6726     0.2108    96.9151 4.5287e+01 2.2469e+03    228.824    17.6667    38.9653    28.3966 0.0000e+00
     35.000    17.6351     0.2135    96.8833 4.4225e+01 2.2431e+03    228.050    17.6290    38.9660    28.4065 0.0000e+00
     36.000    17.5393     0.2127    96.8240 4.3618e+01 2.2432e+03    228.572    17.5331    38.9566    28.4232 0.0000e+00
     37.000    17.4723     0.2091    96.8443 4.2826e+01 2.2426e+03    228.315    17.4659    38.9552    28.4389 0.0000e+00
     38.000    17.3360     0.2116    96.8052 4.1930e+01 2.2432e+03    228.732    17.3295    38.9338    28.4562 0.0000e+00
     39.000    17.1831     0.2161    96.7526 4.1038e+01 2.2412e+03    229.827    17.1765    38.9112    28.4766 0.0000e+00
     40.000    17.1448     0.2161    96.7425 4.0415e+01 2.2440e+03    230.691    17.1380    38.9074    28.4831 0.0000e+00
     41.000    17.1186     0.2199    96.7566 3.9201e+01 2.2448e+03    230.289    17.1116    38.9063    28.4888 0.0000e+00
     42.000    17.0802     0.2176    96.7398 3.8540e+01 2.2445e+03    231.511    17.0730    38.9124    28.5028 0.0000e+00
     43.000    17.1127     0.2146    96.7252 3.7667e+01 2.2428e+03    231.759    17.1054    38.9325    28.5104 0.0000e+00
     44.000    17.1721     0.2122    96.7534 3.6715e+01 2.2442e+03    231.430    17.1646    38.9674    28.5227 0.0000e+00
     45.000    17.1831     0.2080    96.7790 3.5976e+01 2.2432e+03    231.720    17.1754    38.9771    28.5275 0.0000e+00
     46.000    17.1870     0.2141    96.7818 3.5178e+01 2.2411e+03    231.835    17.1792    38.9847    28.5324 0.0000e+00
     47.000    17.2121     0.2136    96.8045 3.4515e+01 2.2420e+03    231.383    17.2041    39.0031    28.5405 0.0000e+00
     48.000    17.2318     0.2213    96.8179 3.3672e+01 2.2457e+03    231.413    17.2237    39.0139    28.5439 0.0000e+00
     49.000    17.2371     0.2254    96.8019 3.3014e+01 2.2436e+03    230.648    17.2288    39.0211    28.5482 0.0000e+00
     50.000    17.2354     0.2244    96.8956 3.2402e+01 2.2439e+03    229.918    17.2268    39.0323    28.5573 0.0000e+00
     51.000    17.2153     0.2203    96.8996 3.1789e+01 2.2410e+03    229.795    17.2066    39.0322    28.5622 0.0000e+00
     52.000    17.1861     0.2156    96.9093 3.1189e+01 2.2420e+03    229.934    17.1773    39.0325    28.5697 0.0000e+00
     53.000    17.1784     0.2159    96.9280 3.0678e+01 2.2429e+03    230.133    17.1693    39.0353    28.5738 0.0000e+00
     54.000    17.1624     0.2103    96.9510 3.0189e+01 2.2434e+03    230.517    17.1533    39.0369    28.5789 0.0000e+00
     55.000    17.1328     0.2117    96.9620 2.9698e+01 2.2439e+03    230.168    17.1235    39.0345    28.5845 0.0000e+00
     56.000    17.0901     0.2131    96.9727 2.9207e+01 2.2411e+03    229.962    17.0806    39.0326    28.5935 0.0000e+00
     57.000    17.0532     0.2162    96.9348 2.8811e+01 2.2427e+03    230.601    17.0435    39.0348    28.6043 0.0000e+00
     58.000    17.0247     0.2218    96.9199 2.8298e+01 2.2418e+03    230.834    17.0149    39.0354    28.6118 0.0000e+00
     59.000    16.9907     0.2128    96.8954 2.7856e+01 2.2404e+03    230.582    16.9807    39.0405    28.6240 0.0000e+00
     60.000    16.9372     0.2171    96.8928 2.7292e+01 2.2427e+03    229.870    16.9271    39.0396    28.6364 0.0000e+00
     61.000    16.8966     0.2222    96.8865 2.6758e+01 2.2444e+03    230.376    16.8863    39.0359    28.6435 0.0000e+00
     62.000    16.8238     0.2223    96.8366 2.6136e+01 2.2399e+03    230.418    16.8133    39.0252    28.6530 0.0000e+00
     63.000    16.7650     0.2227    96.7849 2.5535e+01 2.2377e+03    229.463    16.7544    39.0184    28.6621 0.0000e+00
     64.000    16.6574     0.2263    96.7420 2.4887e+01 2.2399e+03    229.007    16.6468    39.0055    28.6782 0.0000e+00
     65.000    16.6035     0.2214    96.7392 2.4228e+01 2.2396e+03    229.666    16.5927    39.0002    28.6872 0.0000e+00
     66.000    16.5763     0.2235    96.7152 2.3702e+01 2.2382e+03    229.686    16.5653    38.9980    28.6921 0.0000e+00
     67.000    16.5420     0.2336    96.6802 2.2884e+01 2.2322e+03    229.735    16.5309    38.9961    28.6989 0.0000e+00
     68.000    16.5168     0.2349    96.6416 2.2264e+01 2.2320e+03    230.217    16.5055    38.9994    28.7075 0.0000e+00
     69.000    16.4836     0.2336    96.7203 2.1553e+01 2.2312e+03    230.581    16.4722    39.0063    28.7208 0.0000e+00
     70.000    16.4475     0.2357    96.7774 2.0963e+01 2.2272e+03    229.769    16.4359    39.0054    28.7288 0.0000e+00
     71.000    16.4134     0.2379    96.7709 2.0250e+01 2.2306e+03    229.831    16.4017    39.0030    28.7352 0.0000e+00
     72.000    16.3957     0.2286    96.7858 1.9695e+01 2.2351e+03    229.729    16.3838    39.0022    28.7389 0.0000e+00
     73.000    16.3830     0.2357    96.7217 1.9066e+01 2.2313e+03    229.627    16.3709    39.0019    28.7418 0.0000e+00
     74.000    16.3742     0.2377    96.6725 1.8520e+01 2.2280e+03    229.347    16.3619    39.0017    28.7437 0.0000e+00
     75.000    16.3702     0.2413    96.7441 1.7869e+01 2.2338e+03    229.386    16.3578    39.0056    28.7477 0.0000e+00
     76.000    16.3671     0.2411    96.6768 1.7381e+01 2.2326e+03    229.686    16.3546    39.0091    28.7512 0.0000e+00
     77.000    16.3438     0.2389    96.7702 1.6793e+01 2.2306e+03    228.717    16.3311    39.0113    28.7585 0.0000e+00
     78.000    16.3239     0.2402    96.8235 1.6281e+01 2.2313e+03    228.385    16.3111    39.0169    28.7675 0.0000e+00
     79.000    16.3274     0.2363    96.8492 1.5706e+01 2.2341e+03    227.900    16.3144    39.0241    28.7723 0.0000e+00
     80.000    16.3201     0.2347    96.8880 1.5211e+01 2.2348e+03    228.052    16.3069    39.0270    28.7764 0.0000e+00
     81.000    16.3068     0.2398    96.8482 1.4711e+01 2.2374e+03    226.541    16.2935    39.0296    28.7815 0.0000e+00
     82.000    16.2843     0.2456    96.8781 1.4228e+01 2.2369e+03    226.551    16.2708    39.0307    28.7878 0.0000e+00
     83.000    16.2461     0.2459    96.9535 1.3768e+01 2.2364e+03    225.614    16.2324    39.0303    28.7967 0.0000e+00
     84.000    16.2059     0.2482    96.9731 1.3296e+01 2.2345e+03    225.408    16.1922    39.0302    28.8061 0.0000e+00
     85.000    16.1748     0.2560    96.9531 1.2844e+01 2.2321e+03    224.939    16.1608    39.0270    28.8111 0.0000e+00
     86.000    16.1548     0.2580    97.0023 1.2362e+01 2.2356e+03    225.055    16.1407    39.0245    28.8139 0.0000e+00
     87.000    16.1322     0.2497    96.9797 1.1902e+01 2.2358e+03    225.539    16.1179    39.0208    28.8165 0.0000e+00
     88.000    16.1032     0.2521    97.0001 1.1486e+01 2.2356e+03    225.183    16.0888    39.0154    28.8192 0.0000e+00
     89.000    16.0878     0.2677    96.8743 1.1035e+01 2.2343e+03    225.074    16.0733    39.0134    28.8214 0.0000e+00
     90.000    16.0833     0.2656    96.7666 1.0626e+01 2.2376e+03    225.499    16.0687    39.0137    28.8227 0.0000e+00
     91.000    16.0799     0.2643    96.7496 1.0229e+01 2.2381e+03    225.174    16.0651    39.0138    28.8236 0.0000e+00
     92.000    16.0648     0.2685    96.7024 9.8449e+00 2.2393e+03    224.165    16.0497    39.0121    28.8259 0.0000e+00
     93.000    16.0298     0.2733    96.8235 9.4233e+00 2.2417e+03    223.876    16.0146    39.0077    28.8308 0.0000e+00
     94.000    16.0030     0.2830    96.6246 9.0676e+00 2.2402e+03    223.006    15.9877    39.0078    28.8372 0.0000e+00
     95.000    16.0011     0.3134    96.5296 8.6858e+00 2.2398e+03    222.799    15.9856    39.0102    28.8396 0.0000e+00
     96.000    16.0042     0.3152    96.4693 8.2888e+00 2.2420e+03    222.181    15.9885    39.0120    28.8403 0.0000e+00
     97.000    16.0063     0.3306    96.3971 7.9187e+00 2.2397e+03    222.057    15.9905    39.0132    28.8408 0.0000e+00
     98.000    16.0140     0.3393    96.3511 7.5192e+00 2.2379e+03    222.133    15.9981    39.0164    28.8415 0.0000e+00
     99.000    16.0361     0.3553    96.3698 7.1358e+00 2.2397e+03    221.039    16.0200    39.0264    28.8440 0.0000e+00
    100.000    16.0866     0.3667    96.5667 6.7925e+00 2.2391e+03    218.781    16.0702    39.0443    28.8459 0.0000e+00
    101.000    16.1024     0.3534    96.6544 6.4297e+00 2.2396e+03    217.418    16.0859    39.0515    28.8477 0.0000e+00
    102.000    16.1034     0.3461    96.7253 6.0757e+00 2.2408e+03    217.746    16.0867    39.0527    28.8485 0.0000e+00
    103.000    16.0971     0.3395    96.6484 5.7407e+00 2.2389e+03    218.329    16.0803    39.0501    28.8480 0.0000e+00
    104.000    16.0839     0.3486    96.7201 5.4015e+00 2.2372e+03    218.853    16.0669    39.0416    28.8446 0.0000e+00
    105.000    16.0960     0.3581    96.5397 5.0377e+00 2.2399e+03    217.726    16.0789    39.0499    28.8482 0.0000e+00
    106.000    16.0955     0.3529    96.6689 4.7082e+00 2.2411e+03    217.514    16.0782    39.0509    28.8491 0.0000e+00
    107.000    16.0918     0.3520    96.6180 4.4421e+00 2.2420e+03    216.934    16.0743    39.0505    28.8497 0.0000e+00
    108.000    16.0860     0.3611    96.8068 4.2135e+00 2.2424e+03    216.468    16.0683    39.0511    28.8516 0.0000e+00
    109.000    16.0824     0.3367    96.9104 3.9802e+00 2.2427e+03    215.520    16.0646    39.0511    28.8525 0.0000e+00
    110.000    16.0747     0.3209    96.8983 3.7511e+00 2.2410e+03    215.825    16.0568    39.0506    28.8540 0.0000e+00
    111.000    16.0663     0.3183    97.0755 3.5530e+00 2.2392e+03    214.933    16.0481    39.0508    28.8561 0.0000e+00
    112.000    16.0607     0.3188    97.2110 3.3758e+00 2.2426e+03    213.648    16.0424    39.0515    28.8581 0.0000e+00
    113.000    16.0515     0.3036    97.2449 3.2039e+00 2.2427e+03    213.484    16.0331    39.0500    28.8591 0.0000e+00
    114.000    16.0385     0.3114    97.3044 3.0528e+00 2.2422e+03    213.720    16.0199    39.0486    28.8611 0.0000e+00
    115.000    16.0291     0.2961    97.3652 2.8989e+00 2.2414e+03    213.500    16.0103    39.0477    28.8627 0.0000e+00
    116.000    16.0244     0.3179    97.4043 2.7603e+00 2.2411e+03    212.931    16.0055    39.0491    28.8649 0.0000e+00
    117.000    16.0318     0.3079    97.4859 2.6391e+00 2.2414e+03    212.632    16.0127    39.0526    28.8659 0.0000e+00
    118.000    16.0188     0.2827    97.5299 2.5159e+00 2.2390e+03    213.159    15.9995    39.0495    28.8666 0.0000e+00
    119.000    16.0092     0.2777    97.5598 2.4006e+00 2.2431e+03    213.260    15.9898    39.0486    28.8682 0.0000e+00
    120.000    16.0059     0.2778    97.5538 2.2955e+00 2.2413e+03    213.333    15.9864    39.0480    28.8685 0.0000e+00
    121.000    16.0092     0.2726    97.5430 2.1970e+00 2.2432e+03    211.941    15.9895    39.0507    28.8699 0.0000e+00
    122.000    16.0089     0.2654    97.6252 2.1042e+00 2.2378e+03    211.202    15.9890    39.0544    28.8729 0.0000e+00
    123.000    16.0034     0.2564    97.6787 2.0169e+00 2.2436e+03    210.954    15.9834    39.0557    28.8752 0.0000e+00
    124.000    15.9970     0.2581    97.7040 1.9335e+00 2.2416e+03    211.224    15.9768    39.0549    28.8762 0.0000e+00
    125.000    15.9918     0.2490    97.7185 1.8584e+00 2.2425e+03    211.346    15.9714    39.0545    28.8771 0.0000e+00
    126.000    15.9772     0.2516    97.7899 1.7875e+00 2.2415e+03    211.108    15.9567    39.0532    28.8795 0.0000e+00
    127.000    15.9661     0.2529    97.8401 1.7156e+00 2.2424e+03    210.903    15.9455    39.0523    28.8815 0.0000e+00
    128.000    15.9514     0.2473    97.8836 1.6492e+00 2.2407e+03    210.815    15.9305    39.0509    28.8839 0.0000e+00
    129.000    15.9473     0.2391    97.9077 1.5903e+00 2.2409e+03    210.511    15.9264    39.0511    28.8851 0.0000e+00
    130.000    15.9423     0.2369    97.8861 1.5314e+00 2.2434e+03    210.272    15.9211    39.0506    28.8859 0.0000e+00
    131.000    15.9390     0.2388    97.8974 1.4786e+00 2.2413e+03    209.337    15.9177    39.0504    28.8866 0.0000e+00
    132.000    15.9258     0.2324    97.9509 1.4272e+00 2.2441e+03    209.506    15.9044    39.0488    28.8884 0.0000e+00
