Data/ruptures/PEACETIME/ION/PEACETIME_ION_CTD_039.cnv
* Sea-Bird SBE 9 Data File:
* FileName = C:\CTD\rawCTD\PEACETIME_ION_CTD_039.hdr
* Software Version Seasave V 7.23.2
* Temperature SN = 1378
* Conductivity SN = 2929
* Number of Bytes Per Scan = 38
* Number of Voltage Words = 5
* Number of Scans Averaged by the Deck Unit = 1
* NMEA Latitude = 35 29.35 N
* NMEA Longitude = 019 46.59 E
* NMEA UTC (Time) = May 25 2017  18:55:07
* NMEA baud rate = 4800
** Cruise:   PEACETIME
** Station:   ION_CTD_039
# nquan = 11
# nvalues = 203                         
# units = specified
# name 0 = prDM: Pressure, Digiquartz [db]
# name 1 = t090C: Temperature [ITS-90, deg C]
# name 2 = flC: Fluorescence, Chelsea Aqua 3 Chl Con [ug/l]
# name 3 = CStarTr0: Beam Transmission, WET Labs C-Star [%]
# name 4 = par: PAR/Irradiance, Biospherical/Licor
# name 5 = spar: SPAR/Surface Irradiance
# name 6 = sbeox0Mm/Kg: Oxygen, SBE 43 [umol/kg]
# name 7 = potemp090C: Potential Temperature [ITS-90, deg C]
# name 8 = sal00: Salinity, Practical [PSU]
# name 9 = sigma-é00: Density [sigma-theta, kg/m^3]
# name 10 = flag:
# span 0 =      1.000,    203.000       
# span 1 =    15.5463,    20.7489       
# span 2 =     0.1744,     0.3576       
# span 3 =    94.1392,    98.2403       
# span 4 = -1.808e-06, 2.9348e-01       
# span 5 = 1.1977e+00, 4.6501e+00       
# span 6 =    200.992,    231.982       
# span 7 =    15.5138,    20.7475       
# span 8 =    38.8784,    39.0467       
# span 9 =    27.6195,    28.9590       
# span 10 = 0.0000e+00, 0.0000e+00      
# interval = decibars: 1                
# start_time = May 25 2017 18:56:56 [NMEA time, first data scan]
# bad_flag = -9.990e-29
*END*
[from data line 132]
    133.000    15.7674     0.2093    97.9686 1.0000e-12 2.4600e+00    208.907    15.7460    39.0109    28.8964 0.0000e+00
    134.000    15.7664     0.2081    97.9448 1.0000e-12 3.2085e+00    209.030    15.7448    39.0115    28.8971 0.0000e+00
    135.000    15.7576     0.2112    98.0161 1.0000e-12 1.7145e+00    208.571    15.7358    39.0107    28.8986 0.0000e+00
    136.000    15.7449     0.2051    98.0483 1.0000e-12 2.2322e+00    207.597    15.7229    39.0101    28.9011 0.0000e+00
    137.000    15.7334     0.2024    98.0738 1.0000e-12 2.5954e+00    207.966    15.7114    39.0089    28.9029 0.0000e+00
    138.000    15.7295     0.1992    98.0634 1.0000e-12 3.2492e+00    207.930    15.7073    39.0087    28.9037 0.0000e+00
    139.000    15.7253     0.1962    98.0870 1.0000e-12 2.0620e+00    207.726    15.7029    39.0087    28.9047 0.0000e+00
    140.000    15.7212     0.1945    98.1081 1.0000e-12 2.2679e+00    207.459    15.6987    39.0093    28.9062 0.0000e+00
    141.000    15.7206     0.1927    98.0897 1.0000e-12 1.4043e+00    207.582    15.6979    39.0097    28.9067 0.0000e+00
    142.000    15.7197     0.1960    98.1061 1.0000e-12 2.4182e+00    207.469    15.6968    39.0102    28.9073 0.0000e+00
    143.000    15.7178     0.1903    98.0727 1.0000e-12 2.0537e+00    207.405    15.6947    39.0109    28.9083 0.0000e+00
    144.000    15.7098     0.1887    98.0888 1.0000e-12 2.6299e+00    207.161    15.6866    39.0100    28.9096 0.0000e+00
    145.000    15.6942     0.1892    98.1120 1.0000e-12 2.4398e+00    206.718    15.6709    39.0083    28.9119 0.0000e+00
    146.000    15.6831     0.1903    98.1216 1.0000e-12 2.4805e+00    206.747    15.6597    39.0072    28.9136 0.0000e+00
    147.000    15.6750     0.1874    98.1286 -9.990e-29 2.6526e+00    206.474    15.6514    39.0055    28.9143 0.0000e+00
    148.000    15.6663     0.1872    98.1325 -9.990e-29 2.5745e+00    206.690    15.6425    39.0057    28.9165 0.0000e+00
    149.000    15.6637     0.1855    98.1463 1.0000e-12 1.5446e+00    206.671    15.6398    39.0076    28.9186 0.0000e+00
    150.000    15.6626     0.1853    98.1060 1.0000e-12 2.5843e+00    206.335    15.6385    39.0081    28.9192 0.0000e+00
    151.000    15.6614     0.1917    98.1292 1.0000e-12 1.7969e+00    206.526    15.6372    39.0091    28.9203 0.0000e+00
    152.000    15.6609     0.1898    98.1101 -9.990e-29 2.5818e+00    206.208    15.6364    39.0095    28.9208 0.0000e+00
    153.000    15.6607     0.1840    98.1548 -9.990e-29 2.3936e+00    205.580    15.6361    39.0097    28.9211 0.0000e+00
    154.000    15.6602     0.1846    98.1641 1.0000e-12 2.1257e+00    205.779    15.6355    39.0104    28.9218 0.0000e+00
    155.000    15.6608     0.1884    98.1600 1.0000e-12 2.9037e+00    206.032    15.6359    39.0113    28.9223 0.0000e+00
    156.000    15.6613     0.1827    98.1283 1.0000e-12 2.1080e+00    205.986    15.6362    39.0116    28.9225 0.0000e+00
    157.000    15.6657     0.1835    98.1692 1.0000e-12 2.5263e+00    206.129    15.6405    39.0138    28.9232 0.0000e+00
    158.000    15.6723     0.1821    98.1401 1.0000e-12 1.8372e+00    205.749    15.6469    39.0173    28.9244 0.0000e+00
    159.000    15.6782     0.1818    98.1131 1.0000e-12 2.2384e+00    205.572    15.6526    39.0211    28.9260 0.0000e+00
    160.000    15.6774     0.1877    98.1518 1.0000e-12 2.5496e+00    205.142    15.6516    39.0219    28.9269 0.0000e+00
    161.000    15.6740     0.1857    98.1732 1.0000e-12 2.5237e+00    205.071    15.6481    39.0223    28.9280 0.0000e+00
    162.000    15.6755     0.1848    98.1755 1.0000e-12 1.7115e+00    205.277    15.6494    39.0237    28.9288 0.0000e+00
    163.000    15.6743     0.1861    98.1751 1.0000e-12 2.7875e+00    204.993    15.6481    39.0239    28.9292 0.0000e+00
    164.000    15.6720     0.1852    98.1669 1.0000e-12 1.6660e+00    204.831    15.6457    39.0246    28.9303 0.0000e+00
    165.000    15.6709     0.1834    98.1802 1.0000e-12 3.4649e+00    204.575    15.6444    39.0245    28.9306 0.0000e+00
    166.000    15.6715     0.1744    98.1881 1.0000e-12 3.1681e+00    205.158    15.6448    39.0260    28.9316 0.0000e+00
    167.000    15.6723     0.1768    98.1938 1.0000e-12 2.5515e+00    205.290    15.6454    39.0276    28.9327 0.0000e+00
    168.000    15.6724     0.1770    98.2054 1.0000e-12 1.6796e+00    205.144    15.6454    39.0288    28.9336 0.0000e+00
    169.000    15.6638     0.1826    98.2115 1.0000e-12 2.3570e+00    205.070    15.6366    39.0288    28.9357 0.0000e+00
    170.000    15.6647     0.1768    98.2135 1.0000e-12 2.4145e+00    205.392    15.6373    39.0323    28.9382 0.0000e+00
    171.000    15.6649     0.1788    98.2341 1.0000e-12 2.7370e+00    205.503    15.6374    39.0335    28.9391 0.0000e+00
    172.000    15.6628     0.1781    98.2217 1.0000e-12 2.9714e+00    205.654    15.6351    39.0334    28.9396 0.0000e+00
    173.000    15.6615     0.1825    98.2316 1.0000e-12 1.9230e+00    205.402    15.6336    39.0333    28.9399 0.0000e+00
    174.000    15.6598     0.1852    98.2337 1.0000e-12 2.5727e+00    205.819    15.6319    39.0333    28.9403 0.0000e+00
    175.000    15.6620     0.1848    98.2156 1.0000e-12 2.3284e+00    205.929    15.6339    39.0346    28.9408 0.0000e+00
    176.000    15.6580     0.1802    98.2336 1.0000e-12 1.6715e+00    205.846    15.6297    39.0335    28.9409 0.0000e+00
    177.000    15.6488     0.1799    98.2343 1.0000e-12 2.1752e+00    205.260    15.6204    39.0310    28.9412 0.0000e+00
    178.000    15.6528     0.1784    98.2212 1.0000e-12 3.3415e+00    205.336    15.6242    39.0339    28.9425 0.0000e+00
    179.000    15.6529     0.1813    98.2395 1.0000e-12 2.8449e+00    205.706    15.6241    39.0346    28.9430 0.0000e+00
    180.000    15.6525     0.1788    98.2395 1.0000e-12 3.8295e+00    205.476    15.6235    39.0350    28.9435 0.0000e+00
    181.000    15.6519     0.1800    98.2403 1.0000e-12 2.2025e+00    205.508    15.6228    39.0350    28.9437 0.0000e+00
    182.000    15.6506     0.1813    98.2365 1.0000e-12 2.4148e+00    205.122    15.6213    39.0344    28.9436 0.0000e+00
    183.000    15.6382     0.1830    98.2308 1.0000e-12 2.3477e+00    204.197    15.6088    39.0311    28.9440 0.0000e+00
    184.000    15.6332     0.1790    98.2352 1.0000e-12 2.5295e+00    203.454    15.6036    39.0307    28.9448 0.0000e+00
    185.000    15.6286     0.1795    98.2358 -9.990e-29 1.6234e+00    203.141    15.5989    39.0302    28.9455 0.0000e+00
    186.000    15.6243     0.1772    98.2259 -9.990e-29 2.0278e+00    202.463    15.5944    39.0304    28.9467 0.0000e+00
    187.000    15.6200     0.1750    98.2351 1.0000e-12 3.5112e+00    202.899    15.5900    39.0304    28.9478 0.0000e+00
    188.000    15.6157     0.1800    98.2299 1.0000e-12 2.3253e+00    203.036    15.5855    39.0298    28.9483 0.0000e+00
    189.000    15.6141     0.1779    98.2350 1.0000e-12 2.0905e+00    202.845    15.5838    39.0305    28.9493 0.0000e+00
    190.000    15.6140     0.1792    98.2194 1.0000e-12 1.2987e+00    202.866    15.5835    39.0312    28.9499 0.0000e+00
    191.000    15.6126     0.1795    98.2229 1.0000e-12 2.3942e+00    202.463    15.5820    39.0314    28.9504 0.0000e+00
    192.000    15.6022     0.1820    98.2243 1.0000e-12 1.7603e+00    202.048    15.5714    39.0300    28.9518 0.0000e+00
    193.000    15.5960     0.1771    98.2246 1.0000e-12 1.8583e+00    202.460    15.5650    39.0294    28.9528 0.0000e+00
    194.000    15.5932     0.1786    98.2284 1.0000e-12 2.0439e+00    202.501    15.5621    39.0289    28.9531 0.0000e+00
    195.000    15.5867     0.1784    98.2112 1.0000e-12 3.1660e+00    202.081    15.5554    39.0273    28.9533 0.0000e+00
    196.000    15.5726     0.1788    98.2366 1.0000e-12 2.5279e+00    201.054    15.5412    39.0247    28.9547 0.0000e+00
    197.000    15.5619     0.1747    98.2365 1.0000e-12 2.8357e+00    201.758    15.5304    39.0241    28.9567 0.0000e+00
    198.000    15.5604     0.1770    98.2073 1.0000e-12 3.3958e+00    201.641    15.5287    39.0241    28.9571 0.0000e+00
    199.000    15.5576     0.1759    98.2339 1.0000e-12 2.6596e+00    201.241    15.5257    39.0235    28.9574 0.0000e+00
    200.000    15.5524     0.1837    98.2222 1.0000e-12 2.7537e+00    200.992    15.5204    39.0223    28.9577 0.0000e+00
    201.000    15.5487     0.1827    98.2087 1.0000e-12 2.3116e+00    201.003    15.5165    39.0217    28.9581 0.0000e+00
    202.000    15.5472     0.1758    98.2399 1.0000e-12 2.4212e+00    201.011    15.5148    39.0217    28.9585 0.0000e+00
    203.000    15.5463     0.1747    98.2344 1.0000e-12 1.9449e+00    201.588    15.5138    39.0220    28.9590 0.0000e+00
