Data/ruptures/PEACETIME/ION/PEACETIME_ION_CTD_035.cnv
* Sea-Bird SBE 9 Data File:
* FileName = C:\CTD\rawCTD\PEACETIME_ION_CTD_035.hdr
* Software Version Seasave V 7.23.2
* Temperature SN = 1378
* Conductivity SN = 2929
* Number of Bytes Per Scan = 34
* Number of Voltage Words = 5
* Number of Scans Averaged by the Deck Unit = 1
* NMEA Latitude = 35 29.35 N
* NMEA Longitude = 019 46.57 E
* NMEA UTC (Time) = May 25 2017  02:20:25
* NMEA baud rate = 4800
** Cruise:   PEACETIME
** Station:   ION_CTD_035
# nquan = 11
# nvalues = 169                         
# units = specified
# name 0 = prDM: Pressure, Digiquartz [db]
# name 1 = t090C: Temperature [ITS-90, deg C]
# name 2 = flC: Fluorescence, Chelsea Aqua 3 Chl Con [ug/l]
# name 3 = CStarTr0: Beam Transmission, WET Labs C-Star [%]
# name 4 = par: PAR/Irradiance, Biospherical/Licor
# name 5 = spar: SPAR/Surface Irradiance
# name 6 = sbeox0Mm/Kg: Oxygen, SBE 43 [umol/kg]
# name 7 = potemp090C: Potential Temperature [ITS-90, deg C]
# name 8 = sal00: Salinity, Practical [PSU]
# name 9 = sigma-é00: Density [sigma-theta, kg/m^3]
# name 10 = flag:
# span 0 =      3.000,    171.000       
# span 1 =    15.6663,    20.6078       
# span 2 =     0.1899,     0.3540       
# span 3 =    96.5542,    98.2165       
# span 4 = -7.640e-07, 1.1537e-01       
# span 5 = 1.3358e+00, 5.0490e+00       
# span 6 =    204.724,    229.611       
# span 7 =    15.6415,    20.6070       
# span 8 =    38.9807,    39.0596       
# span 9 =    27.6652,    28.9328       
# span 10 = 0.0000e+00, 0.0000e+00      
# interval = decibars: 1                
# start_time = May 25 2017 02:20:25 [NMEA time, header]
# bad_flag = -9.990e-29
*END*
      3.000    20.6059     0.2197    96.8804 1.1537e-01 1.3358e+00    211.712    20.6053    39.0182    27.6656 0.0000e+00
      4.000    20.6078     0.2152    96.8828 9.6389e-02 3.8508e+00    212.165    20.6070    39.0184    27.6652 0.0000e+00
      5.000    20.6074     0.2207    96.8712 8.2128e-02 3.6018e+00    212.455    20.6065    39.0185    27.6655 0.0000e+00
      6.000    20.6061     0.2202    96.8781 5.0964e-02 2.6098e+00    212.579    20.6050    39.0184    27.6659 0.0000e+00
      7.000    20.6058     0.2215    96.8730 3.1029e-02 2.7215e+00    211.833    20.6044    39.0185    27.6660 0.0000e+00
      8.000    20.5980     0.2208    96.8878 2.1774e-02 3.1344e+00    212.258    20.5964    39.0175    27.6674 0.0000e+00
      9.000    20.5854     0.2212    96.8810 1.8117e-02 4.5512e+00    211.269    20.5836    39.0162    27.6700 0.0000e+00
     10.000    20.4567     0.2157    96.8633 6.9494e-03 4.2447e+00    211.269    20.4547    39.0047    27.6965 0.0000e+00
     11.000    20.2425     0.2150    96.7926 6.0695e-03 3.5737e+00    211.884    20.2404    38.9934    27.7463 0.0000e+00
     12.000    20.1037     0.2187    96.7648 2.4755e-03 2.3379e+00    212.967    20.1014    38.9954    27.7855 0.0000e+00
     13.000    20.0487     0.2153    96.7558 2.5064e-04 3.7811e+00    213.611    20.0463    38.9984    27.8027 0.0000e+00
     14.000    20.0316     0.2168    96.7612 -7.640e-07 2.7680e+00    214.199    20.0290    38.9994    27.8082 0.0000e+00
     15.000    20.0148     0.2115    96.7476 1.0000e-12 3.0130e+00    214.077    20.0120    38.9996    27.8129 0.0000e+00
     16.000    20.0029     0.2168    96.7097 1.0000e-12 3.2148e+00    213.900    19.9999    39.0004    27.8168 0.0000e+00
     17.000    19.9903     0.2162    96.7199 1.0000e-12 2.9176e+00    213.998    19.9871    39.0004    27.8202 0.0000e+00
     18.000    19.9828     0.2099    96.7564 1.0000e-12 2.7222e+00    213.355    19.9794    39.0033    27.8245 0.0000e+00
     19.000    19.9702     0.2084    96.8052 1.0000e-12 2.6708e+00    213.665    19.9666    39.0026    27.8275 0.0000e+00
     20.000    19.9473     0.2093    96.7838 1.0000e-12 2.5331e+00    214.028    19.9435    39.0007    27.8322 0.0000e+00
     21.000    19.9077     0.2083    96.8089 1.0000e-12 3.7063e+00    213.306    19.9038    38.9985    27.8412 0.0000e+00
     22.000    19.6791     0.2121    96.8206 1.0000e-12 3.5921e+00    213.708    19.6750    38.9807    27.8887 0.0000e+00
     23.000    19.2161     0.2131    96.7501 1.0000e-12 3.1377e+00    219.819    19.2118    39.0065    28.0314 0.0000e+00
     24.000    19.6093     0.2150    96.7590 1.0000e-12 3.4809e+00    214.037    19.6048    39.0051    27.9263 0.0000e+00
     25.000    18.8594     0.2177    96.7881 1.0000e-12 3.1739e+00    219.291    18.8548    38.9826    28.1064 0.0000e+00
     26.000    18.7094     0.2149    96.7837 1.0000e-12 3.7049e+00    221.201    18.7047    39.0109    28.1672 0.0000e+00
     27.000    18.5411     0.2152    96.8572 1.0000e-12 2.9527e+00    221.574    18.5363    39.0105    28.2105 0.0000e+00
     28.000    18.3524     0.2161    96.9261 1.0000e-12 4.0073e+00    222.213    18.3474    39.0070    28.2562 0.0000e+00
     29.000    18.1638     0.2068    96.9827 1.0000e-12 2.9512e+00    222.989    18.1587    38.9984    28.2978 0.0000e+00
     30.000    18.0045     0.2064    97.0074 -9.990e-29 5.0490e+00    224.946    17.9992    39.0060    28.3441 0.0000e+00
     31.000    17.9461     0.2074    97.0167 -9.990e-29 2.1986e+00    225.542    17.9406    39.0057    28.3587 0.0000e+00
     32.000    17.8691     0.2091    96.9984 1.0000e-12 3.7168e+00    226.491    17.8635    39.0033    28.3763 0.0000e+00
     33.000    17.8078     0.2080    96.9644 1.0000e-12 3.1421e+00    227.094    17.8021    39.0030    28.3916 0.0000e+00
     34.000    17.7862     0.2087    96.9984 1.0000e-12 3.1033e+00    227.530    17.7803    39.0067    28.3999 0.0000e+00
     35.000    17.7656     0.2054    96.9955 1.0000e-12 2.5693e+00    226.857    17.7595    39.0094    28.4072 0.0000e+00
     36.000    17.6921     0.2115    96.9753 1.0000e-12 2.8627e+00    227.622    17.6859    39.0137    28.4289 0.0000e+00
     37.000    17.6544     0.2094    96.9887 1.0000e-12 2.4812e+00    228.101    17.6479    39.0203    28.4435 0.0000e+00
     38.000    17.6258     0.2120    96.9988 1.0000e-12 2.7105e+00    228.178    17.6192    39.0211    28.4513 0.0000e+00
     39.000    17.5872     0.2155    96.9951 1.0000e-12 1.8201e+00    227.871    17.5804    39.0228    28.4623 0.0000e+00
     40.000    17.5681     0.2119    97.0006 1.0000e-12 3.5905e+00    227.349    17.5612    39.0267    28.4701 0.0000e+00
     41.000    17.5077     0.2082    97.0561 1.0000e-12 2.9582e+00    226.923    17.5006    39.0440    28.4985 0.0000e+00
     42.000    17.4730     0.2015    97.0458 1.0000e-12 2.1280e+00    227.683    17.4657    39.0482    28.5104 0.0000e+00
     43.000    17.4593     0.2064    97.0365 1.0000e-12 2.7869e+00    227.333    17.4519    39.0438    28.5104 0.0000e+00
     44.000    17.4272     0.2120    97.0276 1.0000e-12 3.5139e+00    227.129    17.4196    39.0499    28.5231 0.0000e+00
     45.000    17.3631     0.2106    97.0352 1.0000e-12 2.7524e+00    226.858    17.3553    39.0449    28.5352 0.0000e+00
     46.000    17.2748     0.2095    97.0572 1.0000e-12 4.2391e+00    227.501    17.2669    39.0333    28.5482 0.0000e+00
     47.000    17.2275     0.2085    97.0125 1.0000e-12 4.5276e+00    227.810    17.2195    39.0271    28.5551 0.0000e+00
     48.000    17.1946     0.2108    96.9239 1.0000e-12 3.2834e+00    228.629    17.1864    39.0270    28.5632 0.0000e+00
     49.000    17.1591     0.2119    96.9281 1.0000e-12 2.2389e+00    229.175    17.1508    39.0266    28.5716 0.0000e+00
     50.000    17.1067     0.2134    96.9114 1.0000e-12 2.9796e+00    228.732    17.0982    39.0227    28.5815 0.0000e+00
     51.000    17.0644     0.2149    96.8986 1.0000e-12 2.4536e+00    229.429    17.0557    39.0224    28.5918 0.0000e+00
     52.000    17.0178     0.2187    96.8866 1.0000e-12 2.9027e+00    229.118    17.0090    39.0246    28.6049 0.0000e+00
     53.000    16.9797     0.2156    96.8878 1.0000e-12 3.1746e+00    229.009    16.9708    39.0260    28.6153 0.0000e+00
     54.000    16.9334     0.2128    96.8966 1.0000e-12 3.0952e+00    228.589    16.9243    39.0230    28.6243 0.0000e+00
     55.000    16.9099     0.2196    96.9306 1.0000e-12 4.2903e+00    228.639    16.9007    39.0220    28.6293 0.0000e+00
     56.000    16.8767     0.2206    96.8917 1.0000e-12 3.9874e+00    228.708    16.8673    39.0226    28.6379 0.0000e+00
     57.000    16.8316     0.2202    96.8847 1.0000e-12 2.0887e+00    228.471    16.8221    39.0243    28.6503 0.0000e+00
     58.000    16.7732     0.2206    96.8974 1.0000e-12 3.0142e+00    229.155    16.7635    39.0239    28.6641 0.0000e+00
     59.000    16.7334     0.2228    96.8653 1.0000e-12 3.9725e+00    229.611    16.7236    39.0211    28.6717 0.0000e+00
     60.000    16.6904     0.2271    96.9165 1.0000e-12 2.5238e+00    229.592    16.6804    39.0181    28.6798 0.0000e+00
     61.000    16.6362     0.2269    96.9062 1.0000e-12 2.8970e+00    229.383    16.6260    39.0141    28.6899 0.0000e+00
     62.000    16.5844     0.2225    96.9002 1.0000e-12 1.8114e+00    229.447    16.5741    39.0130    28.7015 0.0000e+00
     63.000    16.5569     0.2233    96.8908 1.0000e-12 3.4869e+00    228.984    16.5464    39.0137    28.7088 0.0000e+00
     64.000    16.5031     0.2267    96.9016 1.0000e-12 4.1473e+00    229.491    16.4925    39.0090    28.7181 0.0000e+00
     65.000    16.4610     0.2287    96.8615 1.0000e-12 1.8434e+00    228.585    16.4503    39.0068    28.7265 0.0000e+00
     66.000    16.4387     0.2341    96.8218 1.0000e-12 3.0539e+00    228.993    16.4278    39.0075    28.7324 0.0000e+00
     67.000    16.4173     0.2325    96.8864 1.0000e-12 3.1780e+00    229.445    16.4062    39.0132    28.7420 0.0000e+00
     68.000    16.3921     0.2292    96.8866 -9.990e-29 3.0522e+00    228.929    16.3809    39.0147    28.7492 0.0000e+00
     69.000    16.3789     0.2286    96.9333 -9.990e-29 2.9807e+00    229.481    16.3675    39.0158    28.7533 0.0000e+00
     70.000    16.3612     0.2249    96.9939 1.0000e-12 3.4023e+00    229.137    16.3497    39.0158    28.7575 0.0000e+00
     71.000    16.3092     0.2315    96.9806 1.0000e-12 3.0294e+00    228.084    16.2975    39.0130    28.7678 0.0000e+00
     72.000    16.2878     0.2344    96.9851 1.0000e-12 2.2480e+00    227.807    16.2760    39.0120    28.7721 0.0000e+00
     73.000    16.2704     0.2316    96.9966 1.0000e-12 2.4800e+00    227.599    16.2584    39.0113    28.7758 0.0000e+00
     74.000    16.2500     0.2412    96.9919 1.0000e-12 2.5377e+00    227.357    16.2379    39.0135    28.7824 0.0000e+00
     75.000    16.2423     0.2432    96.9949 1.0000e-12 3.1416e+00    227.106    16.2300    39.0152    28.7856 0.0000e+00
     76.000    16.2236     0.2494    96.9694 1.0000e-12 4.4671e+00    226.537    16.2112    39.0174    28.7918 0.0000e+00
     77.000    16.2096     0.2448    96.9868 1.0000e-12 2.3165e+00    225.784    16.1970    39.0226    28.7992 0.0000e+00
     78.000    16.2301     0.2403    97.0000 1.0000e-12 3.3281e+00    224.204    16.2173    39.0343    28.8033 0.0000e+00
     79.000    16.2383     0.2400    96.9440 1.0000e-12 3.5914e+00    222.628    16.2253    39.0413    28.8068 0.0000e+00
     80.000    16.2314     0.2497    97.0606 1.0000e-12 2.1423e+00    221.949    16.2183    39.0453    28.8116 0.0000e+00
     81.000    16.2244     0.2549    97.0439 1.0000e-12 4.2955e+00    221.824    16.2111    39.0456    28.8135 0.0000e+00
     82.000    16.2179     0.2612    96.9884 1.0000e-12 2.9814e+00    221.741    16.2044    39.0452    28.8148 0.0000e+00
     83.000    16.2100     0.2582    97.0487 1.0000e-12 2.8258e+00    220.959    16.1964    39.0461    28.8174 0.0000e+00
     84.000    16.2016     0.2629    96.9855 1.0000e-12 1.6246e+00    220.868    16.1879    39.0460    28.8194 0.0000e+00
     85.000    16.1845     0.2567    96.9932 1.0000e-12 3.2228e+00    220.338    16.1705    39.0458    28.8233 0.0000e+00
     86.000    16.1655     0.2684    96.9239 1.0000e-12 2.5503e+00    221.148    16.1515    39.0441    28.8265 0.0000e+00
     87.000    16.1519     0.2712    96.8965 1.0000e-12 2.5156e+00    220.897    16.1376    39.0440    28.8297 0.0000e+00
     88.000    16.1429     0.2883    96.7596 1.0000e-12 3.1722e+00    220.720    16.1285    39.0436    28.8316 0.0000e+00
     89.000    16.1361     0.3000    96.7087 1.0000e-12 2.2041e+00    220.693    16.1216    39.0425    28.8323 0.0000e+00
     90.000    16.1099     0.2934    96.7570 1.0000e-12 3.4410e+00    220.553    16.0951    39.0390    28.8359 0.0000e+00
     91.000    16.0829     0.2999    96.7773 1.0000e-12 2.7398e+00    220.763    16.0681    39.0355    28.8397 0.0000e+00
     92.000    16.0661     0.2982    96.7247 1.0000e-12 3.6349e+00    221.123    16.0511    39.0334    28.8420 0.0000e+00
     93.000    16.0628     0.2909    96.6549 1.0000e-12 4.6090e+00    221.942    16.0477    39.0334    28.8429 0.0000e+00
     94.000    16.0615     0.3017    96.7155 1.0000e-12 4.1218e+00    221.622    16.0461    39.0345    28.8440 0.0000e+00
     95.000    16.0642     0.3156    96.6177 1.0000e-12 2.5158e+00    219.815    16.0487    39.0370    28.8454 0.0000e+00
     96.000    16.0771     0.3299    96.6449 1.0000e-12 2.5326e+00    218.454    16.0614    39.0435    28.8473 0.0000e+00
     97.000    16.0727     0.3379    96.6374 1.0000e-12 2.2697e+00    218.069    16.0569    39.0426    28.8478 0.0000e+00
     98.000    16.0565     0.3219    96.7070 1.0000e-12 3.7782e+00    218.565    16.0405    39.0400    28.8496 0.0000e+00
     99.000    16.0440     0.3203    96.7753 1.0000e-12 3.5989e+00    218.801    16.0278    39.0379    28.8510 0.0000e+00
    100.000    16.0376     0.3381    96.7939 1.0000e-12 3.7169e+00    219.513    16.0213    39.0372    28.8520 0.0000e+00
    101.000    16.0360     0.3540    96.6368 1.0000e-12 4.6136e+00    218.730    16.0196    39.0383    28.8533 0.0000e+00
    102.000    16.0369     0.3429    96.5542 1.0000e-12 2.5413e+00    218.747    16.0203    39.0390    28.8536 0.0000e+00
    103.000    16.0353     0.3506    96.5688 1.0000e-12 3.4121e+00    216.578    16.0185    39.0416    28.8561 0.0000e+00
    104.000    16.0251     0.3362    96.8844 1.0000e-12 2.7600e+00    215.826    16.0082    39.0425    28.8592 0.0000e+00
    105.000    16.0062     0.2973    97.2280 1.0000e-12 2.7584e+00    215.022    15.9891    39.0390    28.8609 0.0000e+00
    106.000    15.9909     0.2988    97.3402 1.0000e-12 3.0088e+00    213.833    15.9737    39.0388    28.8645 0.0000e+00
    107.000    15.9864     0.2943    97.3533 1.0000e-12 3.8132e+00    213.928    15.9690    39.0392    28.8659 0.0000e+00
    108.000    15.9844     0.2827    97.4065 1.0000e-12 1.4764e+00    213.773    15.9668    39.0391    28.8663 0.0000e+00
    109.000    15.9827     0.2776    97.4413 -9.990e-29 4.2493e+00    213.951    15.9649    39.0390    28.8667 0.0000e+00
    110.000    15.9843     0.2764    97.4404 -9.990e-29 3.0246e+00    214.048    15.9664    39.0405    28.8675 0.0000e+00
    111.000    15.9919     0.2732    97.3763 1.0000e-12 4.9114e+00    212.752    15.9739    39.0450    28.8692 0.0000e+00
    112.000    15.9953     0.2777    97.4776 1.0000e-12 3.8845e+00    212.554    15.9771    39.0483    28.8710 0.0000e+00
    113.000    15.9965     0.2652    97.6247 1.0000e-12 3.2522e+00    211.269    15.9782    39.0491    28.8713 0.0000e+00
    114.000    15.9886     0.2691    97.6516 1.0000e-12 2.0452e+00    211.874    15.9700    39.0471    28.8717 0.0000e+00
    115.000    15.9663     0.2588    97.7010 1.0000e-12 2.9759e+00    212.886    15.9476    39.0430    28.8738 0.0000e+00
    116.000    15.9808     0.2561    97.7228 1.0000e-12 3.3845e+00    211.933    15.9619    39.0510    28.8766 0.0000e+00
    117.000    15.9980     0.2482    97.7487 1.0000e-12 2.0807e+00    210.661    15.9789    39.0569    28.8772 0.0000e+00
    118.000    15.9980     0.2515    97.7955 1.0000e-12 2.3675e+00    210.294    15.9788    39.0577    28.8778 0.0000e+00
    119.000    15.9921     0.2486    97.8128 1.0000e-12 3.7862e+00    210.169    15.9727    39.0568    28.8786 0.0000e+00
    120.000    15.9877     0.2436    97.8566 1.0000e-12 3.3355e+00    210.522    15.9681    39.0560    28.8791 0.0000e+00
    121.000    15.9623     0.2399    97.8422 1.0000e-12 2.7249e+00    210.380    15.9427    39.0492    28.8798 0.0000e+00
    122.000    15.9319     0.2381    97.8786 1.0000e-12 3.3815e+00    211.105    15.9120    39.0435    28.8826 0.0000e+00
    123.000    15.9256     0.2334    97.9225 1.0000e-12 4.5678e+00    211.548    15.9057    39.0413    28.8824 0.0000e+00
    124.000    15.9181     0.2325    97.9224 1.0000e-12 2.5858e+00    212.026    15.8979    39.0392    28.8826 0.0000e+00
    125.000    15.9093     0.2321    97.9025 1.0000e-12 4.7694e+00    212.034    15.8890    39.0368    28.8828 0.0000e+00
    126.000    15.9023     0.2321    97.9289 1.0000e-12 2.7845e+00    212.407    15.8818    39.0361    28.8840 0.0000e+00
    127.000    15.9049     0.2290    97.9682 1.0000e-12 2.9883e+00    211.742    15.8843    39.0379    28.8848 0.0000e+00
    128.000    15.9046     0.2308    97.9639 1.0000e-12 4.0356e+00    211.724    15.8839    39.0402    28.8867 0.0000e+00
    129.000    15.9113     0.2302    97.9527 1.0000e-12 2.2747e+00    211.553    15.8903    39.0450    28.8889 0.0000e+00
    130.000    15.9182     0.2209    97.9849 1.0000e-12 2.6620e+00    211.329    15.8971    39.0486    28.8900 0.0000e+00
    131.000    15.9287     0.2232    98.0025 1.0000e-12 3.7509e+00    210.278    15.9075    39.0547    28.8923 0.0000e+00
    132.000    15.9317     0.2206    98.0128 1.0000e-12 3.3905e+00    209.316    15.9103    39.0565    28.8930 0.0000e+00
    133.000    15.9281     0.2145    98.0229 1.0000e-12 2.7274e+00    208.808    15.9065    39.0564    28.8939 0.0000e+00
