Data/ruptures/PEACETIME/ION/PEACETIME_ION_CTD_050.cnv
* Sea-Bird SBE 9 Data File:
* FileName = C:\CTD\rawCTD\PEACETIME_ION_CTD_050.hdr
* Software Version Seasave V 7.23.2
* Temperature SN = 1378
* Conductivity SN = 2929
* Number of Bytes Per Scan = 38
* Number of Voltage Words = 5
* Number of Scans Averaged by the Deck Unit = 1
* NMEA Latitude = 35 29.35 N
* NMEA Longitude = 019 46.59 E
* NMEA UTC (Time) = May 28 2017  12:03:06
* NMEA baud rate = 4800
** Cruise:   PEACETIME
** Station:   ION_CTD_050
# nquan = 11
# nvalues = 204                         
# units = specified
# name 0 = prDM: Pressure, Digiquartz [db]
# name 1 = t090C: Temperature [ITS-90, deg C]
# name 2 = flC: Fluorescence, Chelsea Aqua 3 Chl Con [ug/l]
# name 3 = CStarTr0: Beam Transmission, WET Labs C-Star [%]
# name 4 = par: PAR/Irradiance, Biospherical/Licor
# name 5 = spar: SPAR/Surface Irradiance
# name 6 = sbeox0Mm/Kg: Oxygen, SBE 43 [umol/kg]
# name 7 = potemp090C: Potential Temperature [ITS-90, deg C]
# name 8 = sal00: Salinity, Practical [PSU]
# name 9 = sigma-é00: Density [sigma-theta, kg/m^3]
# name 10 = flag:
# span 0 =      2.000,    205.000       
# span 1 =    15.5007,    20.8419       
# span 2 =     0.1776,     0.3561       
# span 3 =    96.3984,    98.3077       
# span 4 = 1.5416e-01, 1.5193e+02       
# span 5 = 2.2237e+03, 2.2548e+03       
# span 6 =    203.638,    230.006       
# span 7 =    15.4719,    20.8415       
# span 8 =    38.9883,    39.0718       
# span 9 =    27.6164,    28.9687       
# span 10 = 0.0000e+00, 0.0000e+00      
# interval = decibars: 1                
# start_time = May 28 2017 12:05:19 [NMEA time, first data scan]
# bad_flag = -9.990e-29
*END*
[from data line 132]
    134.000    15.9005     0.2108    98.0810 1.3857e+00 2.2444e+03    207.381    15.8788    39.0713    28.9119 0.0000e+00
    135.000    15.8953     0.2096    98.1271 1.3428e+00 2.2465e+03    206.504    15.8734    39.0718    28.9135 0.0000e+00
    136.000    15.8894     0.2083    98.0778 1.2886e+00 2.2442e+03    206.082    15.8674    39.0709    28.9142 0.0000e+00
    137.000    15.8828     0.2100    98.1325 1.2379e+00 2.2470e+03    205.229    15.8605    39.0692    28.9145 0.0000e+00
    138.000    15.8688     0.2063    98.1207 1.2081e+00 2.2503e+03    205.659    15.8464    39.0661    28.9154 0.0000e+00
    139.000    15.8513     0.2075    98.1300 1.1725e+00 2.2504e+03    206.613    15.8288    39.0630    28.9172 0.0000e+00
    140.000    15.8365     0.2021    98.1619 1.1232e+00 2.2508e+03    206.974    15.8138    39.0596    28.9180 0.0000e+00
    141.000    15.8145     0.2026    98.1709 1.0849e+00 2.2507e+03    207.144    15.7917    39.0543    28.9192 0.0000e+00
    142.000    15.7967     0.2025    98.2013 1.0590e+00 2.2483e+03    208.181    15.7737    39.0516    28.9213 0.0000e+00
    143.000    15.7933     0.1998    98.2244 1.0258e+00 2.2493e+03    208.017    15.7701    39.0506    28.9213 0.0000e+00
    144.000    15.7617     0.1967    98.2335 9.8502e-01 2.2449e+03    207.990    15.7385    39.0427    28.9226 0.0000e+00
    145.000    15.7568     0.1922    98.2295 9.5908e-01 2.2422e+03    208.390    15.7334    39.0423    28.9235 0.0000e+00
    146.000    15.7372     0.2015    98.2435 9.3011e-01 2.2465e+03    208.501    15.7137    39.0366    28.9237 0.0000e+00
    147.000    15.7200     0.1934    98.2331 9.0167e-01 2.2486e+03    208.065    15.6963    39.0344    28.9261 0.0000e+00
    148.000    15.7199     0.1887    98.2453 8.7787e-01 2.2482e+03    208.514    15.6961    39.0345    28.9262 0.0000e+00
    149.000    15.7201     0.1898    98.2295 8.5171e-01 2.2470e+03    208.302    15.6961    39.0345    28.9262 0.0000e+00
    150.000    15.7188     0.1911    98.2450 8.2394e-01 2.2462e+03    208.092    15.6947    39.0343    28.9264 0.0000e+00
    151.000    15.6846     0.1961    98.2414 8.0319e-01 2.2476e+03    207.407    15.6603    39.0245    28.9268 0.0000e+00
    152.000    15.6356     0.1943    98.2692 7.7472e-01 2.2473e+03    206.824    15.6112    39.0140    28.9302 0.0000e+00
    153.000    15.5935     0.1946    98.2513 7.5210e-01 2.2449e+03    205.789    15.5690    39.0016    28.9304 0.0000e+00
    154.000    15.5440     0.1942    98.2545 7.3287e-01 2.2441e+03    206.573    15.5194    38.9916    28.9342 0.0000e+00
    155.000    15.5424     0.1848    98.2359 7.1056e-01 2.2443e+03    206.279    15.5177    38.9913    28.9344 0.0000e+00
    156.000    15.5427     0.1900    98.2689 6.8597e-01 2.2477e+03    206.492    15.5178    38.9917    28.9346 0.0000e+00
    157.000    15.5408     0.1860    98.2547 6.6466e-01 2.2455e+03    206.320    15.5157    38.9915    28.9350 0.0000e+00
    158.000    15.5403     0.1817    98.2605 6.4697e-01 2.2445e+03    206.286    15.5150    38.9916    28.9352 0.0000e+00
    159.000    15.5438     0.1829    98.2612 6.2958e-01 2.2482e+03    206.706    15.5184    38.9934    28.9358 0.0000e+00
    160.000    15.5435     0.1858    98.2786 6.0917e-01 2.2436e+03    206.827    15.5179    38.9932    28.9357 0.0000e+00
    161.000    15.5408     0.1887    98.2606 5.9200e-01 2.2460e+03    206.760    15.5150    38.9927    28.9360 0.0000e+00
    162.000    15.5413     0.1880    98.2590 5.7749e-01 2.2447e+03    206.280    15.5154    38.9939    28.9369 0.0000e+00
    163.000    15.5540     0.1856    98.2624 5.5953e-01 2.2431e+03    206.351    15.5279    39.0014    28.9397 0.0000e+00
    164.000    15.5577     0.1840    98.2610 5.4140e-01 2.2440e+03    207.010    15.5315    39.0026    28.9399 0.0000e+00
    165.000    15.5865     0.1857    98.2462 5.2356e-01 2.2432e+03    207.432    15.5601    39.0137    28.9418 0.0000e+00
    166.000    15.6092     0.1951    98.2458 5.0963e-01 2.2453e+03    208.803    15.5826    39.0234    28.9441 0.0000e+00
    167.000    15.6729     0.1876    98.2707 4.9485e-01 2.2432e+03    209.162    15.6461    39.0467    28.9473 0.0000e+00
    168.000    15.6848     0.1863    98.2655 4.7787e-01 2.2430e+03    208.693    15.6578    39.0497    28.9469 0.0000e+00
    169.000    15.6835     0.1837    98.2676 4.6188e-01 2.2426e+03    208.069    15.6563    39.0491    28.9468 0.0000e+00
    170.000    15.6711     0.1786    98.2661 4.5184e-01 2.2423e+03    208.057    15.6437    39.0451    28.9466 0.0000e+00
    171.000    15.6624     0.1813    98.2690 4.3912e-01 2.2370e+03    207.822    15.6349    39.0429    28.9470 0.0000e+00
    172.000    15.6616     0.1846    98.2785 4.2311e-01 2.2411e+03    207.827    15.6339    39.0427    28.9470 0.0000e+00
    173.000    15.6589     0.1890    98.2771 4.1189e-01 2.2412e+03    207.387    15.6311    39.0417    28.9469 0.0000e+00
    174.000    15.6485     0.1873    98.2689 4.0056e-01 2.2427e+03    206.624    15.6206    39.0382    28.9467 0.0000e+00
    175.000    15.6017     0.1891    98.2627 3.8773e-01 2.2435e+03    204.982    15.5736    39.0242    28.9468 0.0000e+00
    176.000    15.5239     0.1832    98.2735 3.7895e-01 2.2466e+03    203.638    15.4958    39.0053    28.9502 0.0000e+00
    177.000    15.5065     0.1879    98.2641 3.6673e-01 2.2450e+03    204.203    15.4782    39.0015    28.9514 0.0000e+00
    178.000    15.5040     0.1852    98.2682 3.5572e-01 2.2464e+03    204.449    15.4756    39.0011    28.9516 0.0000e+00
    179.000    15.5012     0.1861    98.2604 3.4732e-01 2.2499e+03    204.311    15.4726    39.0001    28.9516 0.0000e+00
    180.000    15.5007     0.1887    98.2396 3.3870e-01 2.2514e+03    204.463    15.4719    39.0005    28.9520 0.0000e+00
    181.000    15.5238     0.1883    98.2664 3.2635e-01 2.2475e+03    205.131    15.4949    39.0101    28.9542 0.0000e+00
    182.000    15.5583     0.1870    98.2567 3.1982e-01 2.2450e+03    205.169    15.5291    39.0213    28.9549 0.0000e+00
    183.000    15.5685     0.1830    98.2451 3.0891e-01 2.2487e+03    205.235    15.5392    39.0257    28.9559 0.0000e+00
    184.000    15.5851     0.1836    98.2476 2.9505e-01 2.2437e+03    205.442    15.5556    39.0304    28.9558 0.0000e+00
    185.000    15.5626     0.1859    98.2754 2.8564e-01 2.2489e+03    205.222    15.5329    39.0242    28.9562 0.0000e+00
    186.000    15.5589     0.1825    98.2699 2.7950e-01 2.2484e+03    205.143    15.5291    39.0258    28.9583 0.0000e+00
    187.000    15.5729     0.1776    98.2624 2.7301e-01 2.2455e+03    204.955    15.5429    39.0311    28.9592 0.0000e+00
    188.000    15.5740     0.1811    98.2721 2.6400e-01 2.2448e+03    205.271    15.5439    39.0311    28.9590 0.0000e+00
    189.000    15.5829     0.1834    98.2662 2.5506e-01 2.2427e+03    205.457    15.5526    39.0369    28.9614 0.0000e+00
    190.000    15.5845     0.1892    98.2342 2.4669e-01 2.2420e+03    206.065    15.5541    39.0377    28.9617 0.0000e+00
    191.000    15.5883     0.1911    98.2328 2.3725e-01 2.2431e+03    205.807    15.5577    39.0404    28.9630 0.0000e+00
    192.000    15.5897     0.1894    98.2837 2.3047e-01 2.2418e+03    206.027    15.5589    39.0408    28.9630 0.0000e+00
    193.000    15.5868     0.1913    98.2906 2.2441e-01 2.2438e+03    205.392    15.5558    39.0405    28.9635 0.0000e+00
    194.000    15.5857     0.1890    98.2845 2.1501e-01 2.2459e+03    205.038    15.5546    39.0405    28.9638 0.0000e+00
    195.000    15.5851     0.1831    98.2868 2.0816e-01 2.2484e+03    205.504    15.5538    39.0405    28.9640 0.0000e+00
    196.000    15.5908     0.1870    98.2726 2.0415e-01 2.2448e+03    205.769    15.5593    39.0431    28.9647 0.0000e+00
    197.000    15.5986     0.1886    98.2828 1.9612e-01 2.2419e+03    205.963    15.5670    39.0459    28.9650 0.0000e+00
    198.000    15.6043     0.1867    98.2582 1.8920e-01 2.2449e+03    206.079    15.5725    39.0481    28.9655 0.0000e+00
    199.000    15.6062     0.1882    98.2754 1.8283e-01 2.2429e+03    206.440    15.5743    39.0496    28.9662 0.0000e+00
    200.000    15.6010     0.1867    98.2785 1.7783e-01 2.2434e+03    206.408    15.5689    39.0493    28.9672 0.0000e+00
    201.000    15.5969     0.1831    98.2890 1.7249e-01 2.2444e+03    205.808    15.5646    39.0488    28.9679 0.0000e+00
    202.000    15.5954     0.1861    98.2718 1.6781e-01 2.2445e+03    205.631    15.5629    39.0486    28.9681 0.0000e+00
    203.000    15.5950     0.1883    98.2993 1.6124e-01 2.2428e+03    205.255    15.5624    39.0483    28.9680 0.0000e+00
    204.000    15.5894     0.1831    98.2928 1.5630e-01 2.2439e+03    205.098    15.5567    39.0472    28.9685 0.0000e+00
    205.000    15.5873     0.1924    98.3077 1.5416e-01 2.2408e+03    205.484    15.5544    39.0469    28.9687 0.0000e+00
