Data/ruptures/PEACETIME/ION/PEACETIME_ION_CTD_047.cnv
* Sea-Bird SBE 9 Data File:
* FileName = C:\CTD\rawCTD\PEACETIME_ION_CTD_047.hdr
* Software Version Seasave V 7.23.2
* Temperature SN = 1378
* Conductivity SN = 2929
* Number of Bytes Per Scan = 38
* Number of Voltage Words = 5
* Number of Scans Averaged by the Deck Unit = 1
* NMEA Latitude = 35 29.35 N
* NMEA Longitude = 019 46.59 E
* NMEA UTC (Time) = May 27 2017  18:44:40
* NMEA baud rate = 4800
** Cruise:   PEACETIME
** Station:   ION_CTD_047
# nquan = 11
# nvalues = 203                         
# units = specified
# name 0 = prDM: Pressure, Digiquartz [db]
# name 1 = t090C: Temperature [ITS-90, deg C]
# name 2 = flC: Fluorescence, Chelsea Aqua 3 Chl Con [ug/l]
# name 3 = CStarTr0: Beam Transmission, WET Labs C-Star [%]
# name 4 = par: PAR/Irradiance, Biospherical/Licor
# name 5 = spar: SPAR/Surface Irradiance
# name 6 = sbeox0Mm/Kg: Oxygen, SBE 43 [umol/kg]
# name 7 = potemp090C: Potential Temperature [ITS-90, deg C]
# name 8 = sal00: Salinity, Practical [PSU]
# name 9 = sigma-é00: Density [sigma-theta, kg/m^3]
# name 10 = flag:
# span 0 =      2.000,    204.000       
# span 1 =    15.5926,    20.5438       
# span 2 =     0.1802,     0.3209       
# span 3 =    99.6282,   101.4131       
# span 4 = 1.0000e-12, 1.9523e-01       
# span 5 = 1.4457e+00, 4.8728e+00       
# span 6 =    202.589,    230.723       
# span 7 =    15.5600,    20.5420       
# span 8 =    38.9442,    39.0747       
# span 9 =    27.6755,    28.9612       
# span 10 = 0.0000e+00, 0.0000e+00      
# interval = decibars: 1                
# start_time = May 27 2017 18:46:23 [NMEA time, first data scan]
# bad_flag = -9.990e-29
*END*
[from data line 132]
    134.000    15.8518     0.2056   101.2377 1.0000e-12 2.5599e+00    208.697    15.8301    39.0554    28.9110 0.0000e+00
    135.000    15.8700     0.2116   101.2722 1.0000e-12 2.2046e+00    207.701    15.8481    39.0644    28.9137 0.0000e+00
    136.000    15.8656     0.2112   101.2685 1.0000e-12 4.4545e+00    207.171    15.8435    39.0647    28.9150 0.0000e+00
    137.000    15.8670     0.2169   101.2499 1.0000e-12 2.7325e+00    207.610    15.8448    39.0663    28.9160 0.0000e+00
    138.000    15.8670     0.2112   101.2464 1.0000e-12 3.0499e+00    207.417    15.8447    39.0668    28.9164 0.0000e+00
    139.000    15.8656     0.2075   101.2488 1.0000e-12 3.4830e+00    207.216    15.8430    39.0670    28.9169 0.0000e+00
    140.000    15.8636     0.2116   101.2389 1.0000e-12 3.7850e+00    206.914    15.8409    39.0669    28.9173 0.0000e+00
    141.000    15.8639     0.2132   101.2359 1.0000e-12 3.1887e+00    206.676    15.8411    39.0691    28.9190 0.0000e+00
    142.000    15.8722     0.2144   101.1845 1.0000e-12 2.6148e+00    205.980    15.8492    39.0727    28.9199 0.0000e+00
    143.000    15.8762     0.2114   101.2887 1.0000e-12 2.8447e+00    205.485    15.8530    39.0747    28.9205 0.0000e+00
    144.000    15.8672     0.2060   101.2941 1.0000e-12 2.3729e+00    205.208    15.8438    39.0717    28.9203 0.0000e+00
    145.000    15.8394     0.2171   101.2802 1.0000e-12 2.0006e+00    206.071    15.8159    39.0644    28.9213 0.0000e+00
    146.000    15.8173     0.2150   101.2531 1.0000e-12 1.5931e+00    206.995    15.7936    39.0610    28.9239 0.0000e+00
    147.000    15.8140     0.2230   101.3022 1.0000e-12 2.9174e+00    206.264    15.7903    39.0606    28.9243 0.0000e+00
    148.000    15.8099     0.2088   101.2924 1.0000e-12 2.2169e+00    206.667    15.7859    39.0597    28.9247 0.0000e+00
    149.000    15.7954     0.2059   101.2943 1.0000e-12 2.7384e+00    206.174    15.7713    39.0564    28.9256 0.0000e+00
    150.000    15.7748     0.2090   101.2902 1.0000e-12 3.1677e+00    206.279    15.7506    39.0525    28.9274 0.0000e+00
    151.000    15.7688     0.2166   101.2868 1.0000e-12 2.1596e+00    206.660    15.7445    39.0516    28.9281 0.0000e+00
    152.000    15.7681     0.2043   101.2900 1.0000e-12 2.5605e+00    206.453    15.7436    39.0524    28.9290 0.0000e+00
    153.000    15.7679     0.2077   101.2971 1.0000e-12 2.2873e+00    206.584    15.7432    39.0527    28.9293 0.0000e+00
    154.000    15.7635     0.2095   101.3177 1.0000e-12 3.5124e+00    207.084    15.7386    39.0522    28.9300 0.0000e+00
    155.000    15.7635     0.2078   101.3326 1.0000e-12 3.5537e+00    208.555    15.7385    39.0538    28.9313 0.0000e+00
    156.000    15.7615     0.2021   101.3369 -9.990e-29 3.3772e+00    208.607    15.7364    39.0546    28.9324 0.0000e+00
    157.000    15.7602     0.2043   101.3342 1.0000e-12 2.8637e+00    208.571    15.7349    39.0548    28.9329 0.0000e+00
    158.000    15.7597     0.1993   101.3666 1.0000e-12 2.9354e+00    209.623    15.7342    39.0555    28.9335 0.0000e+00
    159.000    15.7593     0.2022   101.3724 1.0000e-12 2.1717e+00    208.812    15.7336    39.0558    28.9339 0.0000e+00
    160.000    15.7594     0.1986   101.3622 1.0000e-12 3.6537e+00    208.989    15.7335    39.0557    28.9338 0.0000e+00
    161.000    15.7590     0.1960   101.3494 1.0000e-12 3.1929e+00    209.266    15.7330    39.0556    28.9339 0.0000e+00
    162.000    15.7580     0.1990   101.3680 1.0000e-12 3.5722e+00    209.071    15.7318    39.0557    28.9343 0.0000e+00
    163.000    15.7573     0.1920   101.3801 1.0000e-12 3.2925e+00    209.197    15.7310    39.0557    28.9344 0.0000e+00
    164.000    15.7554     0.1951   101.3727 1.0000e-12 3.0047e+00    209.148    15.7289    39.0553    28.9346 0.0000e+00
    165.000    15.7508     0.1967   101.3730 1.0000e-12 3.3768e+00    208.942    15.7242    39.0549    28.9354 0.0000e+00
    166.000    15.7481     0.1987   101.3702 1.0000e-12 3.0754e+00    208.799    15.7213    39.0546    28.9358 0.0000e+00
    167.000    15.7461     0.1960   101.3786 -9.990e-29 2.5306e+00    208.500    15.7192    39.0543    28.9361 0.0000e+00
    168.000    15.7408     0.2033   101.3792 1.0000e-12 3.0646e+00    207.608    15.7137    39.0535    28.9368 0.0000e+00
    169.000    15.7306     0.1982   101.3549 1.0000e-12 4.2412e+00    207.944    15.7034    39.0524    28.9383 0.0000e+00
    170.000    15.7253     0.1971   101.3359 1.0000e-12 2.4517e+00    207.859    15.6979    39.0521    28.9394 0.0000e+00
    171.000    15.7219     0.1977   101.3622 1.0000e-12 3.0900e+00    207.574    15.6943    39.0518    28.9400 0.0000e+00
    172.000    15.7136     0.1958   101.3869 1.0000e-12 2.8775e+00    206.985    15.6859    39.0511    28.9414 0.0000e+00
    173.000    15.7097     0.1963   101.3779 1.0000e-12 2.8460e+00    206.890    15.6818    39.0510    28.9423 0.0000e+00
    174.000    15.7012     0.1953   101.3700 1.0000e-12 2.9974e+00    207.400    15.6731    39.0502    28.9437 0.0000e+00
    175.000    15.6939     0.1981   101.4046 1.0000e-12 3.5792e+00    206.815    15.6657    39.0499    28.9452 0.0000e+00
    176.000    15.6916     0.1961   101.3963 1.0000e-12 3.4092e+00    207.040    15.6633    39.0500    28.9458 0.0000e+00
    177.000    15.6859     0.1960   101.4087 1.0000e-12 2.7750e+00    206.934    15.6574    39.0494    28.9467 0.0000e+00
    178.000    15.6808     0.1916   101.4131 1.0000e-12 2.4470e+00    206.588    15.6522    39.0489    28.9476 0.0000e+00
    179.000    15.6802     0.1973   101.3842 1.0000e-12 2.1170e+00    206.741    15.6513    39.0490    28.9478 0.0000e+00
    180.000    15.6781     0.1933   101.3968 1.0000e-12 2.3702e+00    207.098    15.6492    39.0487    28.9481 0.0000e+00
    181.000    15.6745     0.1916   101.4030 1.0000e-12 2.4365e+00    206.507    15.6453    39.0485    28.9489 0.0000e+00
    182.000    15.6731     0.1918   101.4101 1.0000e-12 3.5940e+00    206.701    15.6438    39.0484    28.9491 0.0000e+00
    183.000    15.6700     0.1955   101.4053 1.0000e-12 2.7086e+00    205.840    15.6406    39.0490    28.9503 0.0000e+00
    184.000    15.6652     0.1902   101.4054 1.0000e-12 2.6771e+00    206.740    15.6356    39.0486    28.9512 0.0000e+00
    185.000    15.6641     0.1925   101.4033 1.0000e-12 2.0689e+00    206.902    15.6343    39.0482    28.9512 0.0000e+00
    186.000    15.6476     0.1937   101.3920 1.0000e-12 1.8625e+00    204.933    15.6177    39.0443    28.9520 0.0000e+00
    187.000    15.6330     0.1857   101.3517 1.0000e-12 2.2613e+00    204.342    15.6029    39.0421    28.9538 0.0000e+00
    188.000    15.6322     0.1828   101.3709 1.0000e-12 3.3482e+00    204.177    15.6020    39.0428    28.9545 0.0000e+00
    189.000    15.6302     0.1862   101.3987 1.0000e-12 1.5361e+00    203.802    15.5998    39.0434    28.9555 0.0000e+00
    190.000    15.6246     0.1906   101.3811 1.0000e-12 2.9577e+00    203.481    15.5941    39.0432    28.9567 0.0000e+00
    191.000    15.6226     0.1902   101.3595 1.0000e-12 3.1124e+00    203.903    15.5919    39.0436    28.9575 0.0000e+00
    192.000    15.6173     0.1914   101.4014 1.0000e-12 3.4948e+00    203.726    15.5864    39.0434    28.9586 0.0000e+00
    193.000    15.6165     0.1879   101.3696 1.0000e-12 4.8425e+00    203.588    15.5855    39.0431    28.9586 0.0000e+00
    194.000    15.6156     0.1902   101.3916 1.0000e-12 2.8605e+00    203.081    15.5844    39.0430    28.9588 0.0000e+00
    195.000    15.6148     0.1873   101.3900 1.0000e-12 1.4457e+00    203.099    15.5835    39.0428    28.9588 0.0000e+00
    196.000    15.6145     0.1880   101.4037 1.0000e-12 2.5485e+00    203.135    15.5830    39.0427    28.9589 0.0000e+00
    197.000    15.6130     0.1868   101.4018 1.0000e-12 2.8294e+00    202.750    15.5814    39.0423    28.9589 0.0000e+00
    198.000    15.6087     0.1921   101.3708 1.0000e-12 1.4789e+00    202.976    15.5769    39.0413    28.9592 0.0000e+00
    199.000    15.6034     0.1862   101.3984 1.0000e-12 3.9438e+00    203.442    15.5715    39.0402    28.9597 0.0000e+00
    200.000    15.6005     0.1907   101.3968 1.0000e-12 3.2754e+00    203.389    15.5684    39.0395    28.9598 0.0000e+00
    201.000    15.5992     0.1924   101.3867 1.0000e-12 2.6140e+00    202.916    15.5669    39.0392    28.9599 0.0000e+00
    202.000    15.5963     0.1929   101.3862 1.0000e-12 2.1274e+00    202.869    15.5638    39.0386    28.9602 0.0000e+00
    203.000    15.5926     0.1802   101.3818 1.0000e-12 2.9085e+00    202.788    15.5600    39.0388    28.9612 0.0000e+00
    204.000    15.5963     0.1849   101.3861 1.0000e-12 1.9887e+00    202.589    15.5635    39.0398    28.9611 0.0000e+00
