Data/ruptures/PEACETIME/ION/PEACETIME_ION_CTD_049.cnv
* Sea-Bird SBE 9 Data File:
* FileName = C:\CTD\rawCTD\PEACETIME_ION_CTD_049.hdr
* Software Version Seasave V 7.23.2
* Temperature SN = 1378
* Conductivity SN = 2929
* Number of Bytes Per Scan = 38
* Number of Voltage Words = 5
* Number of Scans Averaged by the Deck Unit = 1
* NMEA Latitude = 35 29.35 N
* NMEA Longitude = 019 46.59 E
* NMEA UTC (Time) = May 28 2017  03:45:02
* NMEA baud rate = 4800
** Cruise:   PEACETIME
** Station:   ION_CTD_049
# nquan = 11
# nvalues = 3144                        
# units = specified
# name 0 = prDM: Pressure, Digiquartz [db]
# name 1 = t090C: Temperature [ITS-90, deg C]
# name 2 = flC: Fluorescence, Chelsea Aqua 3 Chl Con [ug/l]
# name 3 = CStarTr0: Beam Transmission, WET Labs C-Star [%]
# name 4 = par: PAR/Irradiance, Biospherical/Licor
# name 5 = spar: SPAR/Surface Irradiance
# name 6 = sbeox0Mm/Kg: Oxygen, SBE 43 [umol/kg]
# name 7 = potemp090C: Potential Temperature [ITS-90, deg C]
# name 8 = sal00: Salinity, Practical [PSU]
# name 9 = sigma-é00: Density [sigma-theta, kg/m^3]
# name 10 = flag:
# span 0 =      3.000,   3146.000       
# span 1 =    13.7804,    20.5029       
# span 2 =     0.1702,     0.3350       
# span 3 =    96.4068,    98.5517       
# span 4 = -1.665e-05, 3.0019e+01       
# span 5 = 1.9439e+02, 1.2877e+03       
# span 6 =    167.710,    231.295       
# span 7 =    13.4270,    20.4998       
# span 8 =    38.7332,    39.0760       
# span 9 =    27.7010,    29.1990       
# span 10 = 0.0000e+00, 0.0000e+00      
# interval = decibars: 1                
# start_time = May 28 2017 03:49:07 [NMEA time, first data scan]
# bad_flag = -9.990e-29
*END*
[from data line 1443]
   1446.000    13.7851     0.1803    98.5049 6.1142e-04 7.0704e+02    172.598    13.5628    38.7529    29.1850 0.0000e+00
   1447.000    13.7853     0.1842    98.5169 9.1121e-04 7.1025e+02    172.656    13.5629    38.7528    29.1850 0.0000e+00
   1448.000    13.7853     0.1900    98.5144 1.4211e-03 7.1007e+02    172.672    13.5627    38.7528    29.1851 0.0000e+00
   1449.000    13.7853     0.1865    98.5192 9.5460e-04 7.1676e+02    172.571    13.5625    38.7527    29.1850 0.0000e+00
   1450.000    13.7854     0.1874    98.5163 6.4602e-04 7.1576e+02    172.826    13.5624    38.7526    29.1850 0.0000e+00
   1451.000    13.7854     0.1878    98.5162 2.3385e-04 7.1435e+02    172.748    13.5623    38.7528    29.1851 0.0000e+00
   1452.000    13.7855     0.1894    98.5170 1.0094e-04 7.1576e+02    172.431    13.5622    38.7527    29.1851 0.0000e+00
   1453.000    13.7856     0.1906    98.5209 7.4052e-06 7.1343e+02    172.614    13.5621    38.7526    29.1850 0.0000e+00
   1454.000    13.7858     0.1895    98.5081 -1.314e-07 7.1781e+02    172.517    13.5622    38.7527    29.1851 0.0000e+00
   1455.000    13.7859     0.1872    98.5188 2.2555e-05 7.1542e+02    172.187    13.5622    38.7528    29.1851 0.0000e+00
   1456.000    13.7860     0.1861    98.5139 1.6300e-07 7.1890e+02    172.102    13.5621    38.7527    29.1851 0.0000e+00
   1457.000    13.7861     0.1840    98.5177 1.0000e-12 7.1835e+02    172.010    13.5620    38.7527    29.1851 0.0000e+00
   1458.000    13.7863     0.1824    98.5180 8.8710e-06 7.2311e+02    172.315    13.5621    38.7526    29.1851 0.0000e+00
   1459.000    13.7865     0.1843    98.5202 3.0681e-06 7.2477e+02    172.714    13.5621    38.7526    29.1850 0.0000e+00
   1460.000    13.7866     0.1863    98.5192 -9.990e-29 7.2211e+02    172.823    13.5621    38.7526    29.1851 0.0000e+00
   1461.000    13.7866     0.1867    98.5189 -9.990e-29 7.2379e+02    172.825    13.5619    38.7527    29.1851 0.0000e+00
   1462.000    13.7867     0.1836    98.5123 -9.990e-29 7.3003e+02    172.640    13.5618    38.7527    29.1851 0.0000e+00
   1463.000    13.7869     0.1814    98.5180 1.0000e-12 7.2794e+02    172.535    13.5618    38.7526    29.1851 0.0000e+00
   1464.000    13.7869     0.1861    98.5117 1.0000e-12 7.3110e+02    172.580    13.5617    38.7526    29.1851 0.0000e+00
   1465.000    13.7869     0.1952    98.5149 4.8806e-05 7.2870e+02    172.626    13.5615    38.7527    29.1852 0.0000e+00
   1466.000    13.7870     0.1895    98.4986 1.1786e-04 7.3230e+02    172.479    13.5614    38.7526    29.1852 0.0000e+00
   1467.000    13.7871     0.1871    98.5125 6.4471e-05 7.3183e+02    172.742    13.5614    38.7526    29.1852 0.0000e+00
   1468.000    13.7872     0.1900    98.5101 1.3270e-05 7.3693e+02    172.980    13.5613    38.7526    29.1852 0.0000e+00
   1469.000    13.7872     0.1884    98.5112 2.0133e-06 7.3484e+02    172.746    13.5612    38.7526    29.1852 0.0000e+00
   1470.000    13.7872     0.1869    98.5143 4.6462e-09 7.3597e+02    172.746    13.5611    38.7526    29.1853 0.0000e+00
   1471.000    13.7874     0.1867    98.5074 2.2812e-06 7.2294e+02    172.622    13.5610    38.7525    29.1852 0.0000e+00
   1472.000    13.7875     0.1820    98.5073 8.0733e-05 7.2489e+02    172.679    13.5610    38.7525    29.1852 0.0000e+00
   1473.000    13.7877     0.1830    98.5111 2.0040e-04 7.2408e+02    172.881    13.5610    38.7527    29.1853 0.0000e+00
   1474.000    13.7878     0.1790    98.5159 2.0666e-05 7.2073e+02    172.761    13.5610    38.7525    29.1852 0.0000e+00
   1475.000    13.7878     0.1876    98.5149 -2.295e-07 7.2072e+02    172.768    13.5609    38.7526    29.1853 0.0000e+00
   1476.000    13.7880     0.1808    98.5111 8.5579e-06 7.2167e+02    172.756    13.5608    38.7525    29.1852 0.0000e+00
   1477.000    13.7880     0.1829    98.5070 4.7669e-08 7.2419e+02    172.554    13.5607    38.7526    29.1853 0.0000e+00
   1478.000    13.7881     0.1808    98.5127 1.0000e-12 7.2220e+02    172.287    13.5606    38.7526    29.1853 0.0000e+00
   1479.000    13.7881     0.1818    98.5080 1.0000e-12 7.2192e+02    172.598    13.5604    38.7526    29.1854 0.0000e+00
   1480.000    13.7879     0.1796    98.5111 2.4228e-06 7.1616e+02    172.898    13.5601    38.7525    29.1853 0.0000e+00
   1481.000    13.7880     0.1845    98.5149 1.3842e-05 7.1864e+02    172.739    13.5601    38.7525    29.1854 0.0000e+00
   1482.000    13.7881     0.1830    98.5127 6.8822e-05 7.1004e+02    172.816    13.5600    38.7526    29.1855 0.0000e+00
   1483.000    13.7881     0.1815    98.5171 1.1817e-05 7.0658e+02    172.640    13.5599    38.7525    29.1854 0.0000e+00
   1484.000    13.7883     0.1857    98.5093 4.2663e-05 7.0814e+02    172.534    13.5599    38.7525    29.1854 0.0000e+00
   1485.000    13.7883     0.1858    98.5133 1.1850e-05 7.0191e+02    172.644    13.5597    38.7525    29.1854 0.0000e+00
   1486.000    13.7884     0.1801    98.5215 2.1428e-04 7.0242e+02    172.879    13.5597    38.7524    29.1854 0.0000e+00
   1487.000    13.7883     0.1841    98.5039 2.5918e-04 6.9937e+02    173.060    13.5594    38.7524    29.1854 0.0000e+00
   1488.000    13.7884     0.1818    98.5169 8.4460e-06 6.9118e+02    172.749    13.5593    38.7524    29.1854 0.0000e+00
   1489.000    13.7885     0.1779    98.4974 -1.376e-07 6.8966e+02    172.598    13.5593    38.7524    29.1854 0.0000e+00
   1490.000    13.7886     0.1794    98.5135 1.0000e-12 6.9401e+02    172.978    13.5592    38.7524    29.1855 0.0000e+00
   1491.000    13.7888     0.1814    98.5133 1.0000e-12 6.8578e+02    172.991    13.5592    38.7525    29.1855 0.0000e+00
   1492.000    13.7890     0.1877    98.5052 1.0000e-12 6.8698e+02    172.797    13.5593    38.7524    29.1854 0.0000e+00
   1493.000    13.7891     0.1826    98.5180 -9.990e-29 6.8904e+02    172.753    13.5593    38.7523    29.1854 0.0000e+00
   1494.000    13.7892     0.1808    98.5116 -9.990e-29 6.8253e+02    172.744    13.5591    38.7523    29.1854 0.0000e+00
   1495.000    13.7892     0.1805    98.5182 -9.990e-29 6.8907e+02    172.686    13.5590    38.7525    29.1856 0.0000e+00
   1496.000    13.7895     0.1779    98.5189 1.0000e-12 6.9468e+02    172.550    13.5591    38.7524    29.1855 0.0000e+00
   1497.000    13.7897     0.1732    98.5133 1.0000e-12 6.9389e+02    172.433    13.5592    38.7523    29.1854 0.0000e+00
   1498.000    13.7898     0.1781    98.4997 1.0000e-12 6.8845e+02    172.442    13.5591    38.7524    29.1855 0.0000e+00
   1499.000    13.7899     0.1888    98.5117 2.4133e-05 6.8878e+02    172.684    13.5591    38.7524    29.1855 0.0000e+00
   1500.000    13.7901     0.1868    98.5106 2.2252e-05 6.9915e+02    173.054    13.5590    38.7524    29.1855 0.0000e+00
   1501.000    13.7902     0.1819    98.5148 1.4978e-04 6.9984e+02    172.927    13.5590    38.7525    29.1856 0.0000e+00
   1502.000    13.7903     0.1769    98.5214 3.8013e-04 7.1294e+02    172.702    13.5589    38.7525    29.1856 0.0000e+00
   1503.000    13.7905     0.1779    98.5236 4.3000e-04 7.2222e+02    172.741    13.5590    38.7524    29.1855 0.0000e+00
   1504.000    13.7908     0.1813    98.5104 1.6204e-04 7.3138e+02    172.751    13.5591    38.7524    29.1855 0.0000e+00
   1505.000    13.7908     0.1795    98.5132 2.1064e-05 7.3402e+02    172.427    13.5589    38.7524    29.1855 0.0000e+00
   1506.000    13.7910     0.1837    98.5191 2.4404e-05 7.3452e+02    172.570    13.5590    38.7523    29.1855 0.0000e+00
   1507.000    13.7910     0.1870    98.5177 4.3564e-06 7.3788e+02    172.289    13.5588    38.7524    29.1856 0.0000e+00
   1508.000    13.7912     0.1914    98.5122 1.3074e-05 7.3714e+02    172.387    13.5588    38.7524    29.1856 0.0000e+00
   1509.000    13.7913     0.1848    98.5153 -9.990e-29 7.4256e+02    172.599    13.5589    38.7524    29.1856 0.0000e+00
   1510.000    13.7915     0.1830    98.5189 -9.990e-29 7.4111e+02    173.001    13.5589    38.7525    29.1856 0.0000e+00
   1511.000    13.7916     0.1811    98.5149 -9.990e-29 7.3563e+02    173.140    13.5588    38.7524    29.1856 0.0000e+00
   1512.000    13.7917     0.1752    98.5181 1.0000e-12 7.3649e+02    172.895    13.5588    38.7523    29.1855 0.0000e+00
   1513.000    13.7918     0.1738    98.5197 5.6172e-05 7.3317e+02    172.861    13.5587    38.7524    29.1856 0.0000e+00
   1514.000    13.7921     0.1747    98.5174 6.9210e-05 7.2829e+02    173.079    13.5588    38.7523    29.1855 0.0000e+00
   1515.000    13.7922     0.1771    98.5115 1.9172e-04 7.3242e+02    172.670    13.5587    38.7525    29.1856 0.0000e+00
   1516.000    13.7923     0.1835    98.5127 1.5878e-05 7.3484e+02    172.779    13.5587    38.7524    29.1856 0.0000e+00
   1517.000    13.7924     0.1807    98.5194 2.4907e-06 7.4044e+02    172.594    13.5587    38.7523    29.1855 0.0000e+00
   1518.000    13.7925     0.1843    98.5153 2.4647e-08 7.3788e+02    172.631    13.5585    38.7524    29.1856 0.0000e+00
   1519.000    13.7924     0.1852    98.5205 1.0000e-12 7.4441e+02    172.810    13.5583    38.7524    29.1857 0.0000e+00
   1520.000    13.7922     0.1830    98.5174 6.4197e-06 7.4585e+02    172.798    13.5580    38.7523    29.1857 0.0000e+00
   1521.000    13.7923     0.1818    98.5205 5.8882e-04 7.4559e+02    172.713    13.5579    38.7524    29.1857 0.0000e+00
   1522.000    13.7924     0.1811    98.5122 4.7316e-05 7.4618e+02    172.740    13.5579    38.7524    29.1857 0.0000e+00
   1523.000    13.7926     0.1801    98.5127 1.8475e-07 7.4355e+02    172.996    13.5578    38.7523    29.1857 0.0000e+00
   1524.000    13.7925     0.1792    98.5205 1.0000e-12 7.4054e+02    173.425    13.5576    38.7523    29.1857 0.0000e+00
   1525.000    13.7926     0.1796    98.5138 4.4784e-06 7.4104e+02    173.189    13.5576    38.7524    29.1858 0.0000e+00
   1526.000    13.7928     0.1848    98.5184 8.1196e-04 7.4739e+02    172.758    13.5576    38.7523    29.1858 0.0000e+00
   1527.000    13.7930     0.1854    98.5117 1.6609e-03 7.4079e+02    172.745    13.5576    38.7524    29.1858 0.0000e+00
   1528.000    13.7932     0.1840    98.5201 1.1184e-03 7.4362e+02    172.869    13.5577    38.7524    29.1858 0.0000e+00
   1529.000    13.7935     0.1873    98.5217 2.0894e-04 7.4496e+02    173.094    13.5577    38.7524    29.1858 0.0000e+00
   1530.000    13.7934     0.1819    98.5171 1.0077e-03 7.4515e+02    173.101    13.5575    38.7522    29.1857 0.0000e+00
   1531.000    13.7932     0.1820    98.5116 1.5343e-04 7.5153e+02    173.063    13.5572    38.7523    29.1858 0.0000e+00
   1532.000    13.7934     0.1856    98.5110 9.9766e-04 7.4763e+02    173.026    13.5572    38.7523    29.1858 0.0000e+00
   1533.000    13.7934     0.1861    98.5099 8.0260e-04 7.5273e+02    173.012    13.5571    38.7523    29.1858 0.0000e+00
   1534.000    13.7935     0.1803    98.5162 2.6222e-04 7.5003e+02    172.836    13.5570    38.7522    29.1858 0.0000e+00
   1535.000    13.7934     0.1794    98.5167 8.4836e-04 7.5322e+02    172.606    13.5568    38.7523    29.1859 0.0000e+00
   1536.000    13.7936     0.1788    98.5209 2.8812e-04 7.5496e+02    172.608    13.5567    38.7521    29.1858 0.0000e+00
   1537.000    13.7933     0.1758    98.5017 3.7971e-05 7.4934e+02    172.918    13.5563    38.7521    29.1858 0.0000e+00
   1538.000    13.7933     0.1755    98.5085 1.5696e-05 7.4874e+02    173.007    13.5561    38.7521    29.1859 0.0000e+00
   1539.000    13.7934     0.1756    98.5190 -1.339e-07 7.4965e+02    173.206    13.5561    38.7521    29.1859 0.0000e+00
   1540.000    13.7930     0.1758    98.5076 1.0000e-12 7.4723e+02    173.199    13.5556    38.7520    29.1860 0.0000e+00
   1541.000    13.7929     0.1822    98.5164 6.4257e-04 7.5023e+02    173.270    13.5553    38.7521    29.1860 0.0000e+00
   1542.000    13.7929     0.1802    98.5219 1.4232e-03 7.4839e+02    173.370    13.5551    38.7520    29.1860 0.0000e+00
   1543.000    13.7930     0.1750    98.5187 3.8882e-04 7.4805e+02    173.214    13.5551    38.7519    29.1860 0.0000e+00
   1544.000    13.7931     0.1788    98.5181 5.9845e-04 7.4522e+02    172.743    13.5550    38.7519    29.1860 0.0000e+00
   1545.000    13.7933     0.1800    98.5189 3.5721e-06 7.4930e+02    173.018    13.5550    38.7520    29.1861 0.0000e+00
   1546.000    13.7934     0.1807    98.5149 1.5484e-09 7.4070e+02    173.365    13.5549    38.7520    29.1860 0.0000e+00
   1547.000    13.7933     0.1814    98.5180 5.1356e-04 7.4064e+02    173.200    13.5547    38.7520    29.1861 0.0000e+00
   1548.000    13.7934     0.1839    98.5219 5.4321e-04 7.3917e+02    172.870    13.5546    38.7519    29.1861 0.0000e+00
   1549.000    13.7935     0.1796    98.5181 2.1371e-04 7.3988e+02    172.859    13.5545    38.7520    29.1861 0.0000e+00
   1550.000    13.7935     0.1734    98.5146 5.6132e-04 7.4162e+02    172.858    13.5544    38.7520    29.1862 0.0000e+00
   1551.000    13.7937     0.1750    98.5155 2.1337e-04 7.3961e+02    172.637    13.5544    38.7520    29.1862 0.0000e+00
   1552.000    13.7937     0.1761    98.5176 5.1124e-05 7.4137e+02    172.921    13.5542    38.7519    29.1862 0.0000e+00
   1553.000    13.7938     0.1781    98.5194 2.0243e-05 7.4055e+02    173.190    13.5542    38.7518    29.1861 0.0000e+00
   1554.000    13.7936     0.1804    98.5192 -3.077e-07 7.3430e+02    172.980    13.5539    38.7518    29.1862 0.0000e+00
   1555.000    13.7937     0.1845    98.5183 1.0000e-12 7.4401e+02    173.095    13.5538    38.7518    29.1861 0.0000e+00
   1556.000    13.7937     0.1853    98.5134 5.8760e-06 7.3821e+02    173.285    13.5537    38.7519    29.1863 0.0000e+00
   1557.000    13.7939     0.1884    98.5138 3.2876e-04 7.3812e+02    173.456    13.5536    38.7517    29.1861 0.0000e+00
   1558.000    13.7940     0.1867    98.5181 1.0910e-05 7.4649e+02    173.640    13.5536    38.7517    29.1861 0.0000e+00
   1559.000    13.7940     0.1891    98.5231 3.0930e-04 7.5080e+02    173.672    13.5534    38.7518    29.1862 0.0000e+00
   1560.000    13.7941     0.1860    98.5201 2.2472e-04 7.5239e+02    173.153    13.5534    38.7518    29.1863 0.0000e+00
   1561.000    13.7942     0.1870    98.5192 2.6007e-04 7.5343e+02    173.082    13.5533    38.7519    29.1863 0.0000e+00
   1562.000    13.7940     0.1858    98.5133 5.3615e-05 7.5651e+02    173.114    13.5530    38.7518    29.1864 0.0000e+00
   1563.000    13.7940     0.1840    98.5170 3.4385e-05 7.6122e+02    173.033    13.5528    38.7517    29.1863 0.0000e+00
   1564.000    13.7939     0.1842    98.5222 7.9847e-05 7.5941e+02    173.061    13.5526    38.7517    29.1864 0.0000e+00
   1565.000    13.7940     0.1826    98.5173 7.6543e-04 7.6011e+02    173.060    13.5525    38.7517    29.1863 0.0000e+00
   1566.000    13.7941     0.1814    98.5143 4.3361e-04 7.6152e+02    173.113    13.5524    38.7517    29.1864 0.0000e+00
   1567.000    13.7940     0.1818    98.5222 9.0463e-04 7.6005e+02    173.111    13.5521    38.7518    29.1865 0.0000e+00
   1568.000    13.7941     0.1840    98.5121 2.1434e-04 7.6095e+02    173.022    13.5521    38.7517    29.1864 0.0000e+00
   1569.000    13.7940     0.1878    98.5190 2.8955e-04 7.5988e+02    173.112    13.5518    38.7516    29.1864 0.0000e+00
   1570.000    13.7940     0.1824    98.5170 6.0964e-04 7.5684e+02    173.136    13.5517    38.7517    29.1865 0.0000e+00
   1571.000    13.7939     0.1809    98.5215 2.4323e-04 7.5814e+02    173.030    13.5514    38.7517    29.1866 0.0000e+00
   1572.000    13.7938     0.1840    98.5211 2.5794e-04 7.5250e+02    173.070    13.5511    38.7514    29.1865 0.0000e+00
   1573.000    13.7938     0.1823    98.5185 7.2913e-04 7.4669e+02    173.073    13.5510    38.7516    29.1866 0.0000e+00
   1574.000    13.7940     0.1814    98.5148 4.0120e-04 7.4945e+02    172.927    13.5510    38.7515    29.1865 0.0000e+00
   1575.000    13.7940     0.1773    98.5083 2.3923e-03 7.5211e+02    172.929    13.5509    38.7515    29.1866 0.0000e+00
