Data/ruptures/PEACETIME/ION/PEACETIME_ION_CTD_036.cnv
* Sea-Bird SBE 9 Data File:
* FileName = C:\CTD\rawCTD\PEACETIME_ION_CTD_036.hdr
* Software Version Seasave V 7.23.2
* Temperature SN = 1378
* Conductivity SN = 2929
* Number of Bytes Per Scan = 34
* Number of Voltage Words = 5
* Number of Scans Averaged by the Deck Unit = 1
* NMEA Latitude = 35 29.35 N
* NMEA Longitude = 019 46.57 E
* NMEA UTC (Time) = May 25 2017  02:34:46
* NMEA baud rate = 4800
** Cruise:   PEACETIME
** Station:   ION_CTD_036
# nquan = 11
# nvalues = 501                         
# units = specified
# name 0 = prDM: Pressure, Digiquartz [db]
# name 1 = t090C: Temperature [ITS-90, deg C]
# name 2 = flC: Fluorescence, Chelsea Aqua 3 Chl Con [ug/l]
# name 3 = CStarTr0: Beam Transmission, WET Labs C-Star [%]
# name 4 = par: PAR/Irradiance, Biospherical/Licor
# name 5 = spar: SPAR/Surface Irradiance
# name 6 = sbeox0Mm/Kg: Oxygen, SBE 43 [umol/kg]
# name 7 = potemp090C: Potential Temperature [ITS-90, deg C]
# name 8 = sal00: Salinity, Practical [PSU]
# name 9 = sigma-é00: Density [sigma-theta, kg/m^3]
# name 10 = flag:
# span 0 =      1.000,    501.000       
# span 1 =    14.3496,    20.5947       
# span 2 =     0.1779,     0.3494       
# span 3 =    96.5012,    98.3049       
# span 4 = -6.969e-07, 3.1815e-01       
# span 5 = 1.3493e+00, 4.8750e+00       
# span 6 =    172.963,    229.554       
# span 7 =    14.2727,    20.5941       
# span 8 =    38.9001,    39.0593       
# span 9 =    27.6693,    29.1452       
# span 10 = 0.0000e+00, 0.0000e+00      
# interval = decibars: 1                
# start_time = May 25 2017 02:34:46 [NMEA time, header]
# bad_flag = -9.990e-29
*END*
      1.000    20.5920     0.2134    96.8039 3.1815e-01 3.3712e+00    211.354    20.5918    39.0190    27.6699 0.0000e+00
      2.000    20.5930     0.2062    96.8734 2.1877e-01 2.4129e+00    211.737    20.5926    39.0190    27.6697 0.0000e+00
      3.000    20.5946     0.2123    96.8816 1.4000e-01 1.6254e+00    211.693    20.5941    39.0190    27.6693 0.0000e+00
      4.000    20.5947     0.2084    96.8778 9.7834e-02 2.9872e+00    211.764    20.5940    39.0190    27.6693 0.0000e+00
      5.000    20.5946     0.2062    96.8592 8.4000e-02 2.7262e+00    211.154    20.5936    39.0190    27.6694 0.0000e+00
      6.000    20.5933     0.2079    96.8640 5.7825e-02 2.7582e+00    211.543    20.5921    39.0185    27.6694 0.0000e+00
      7.000    20.5934     0.2085    96.8623 4.0573e-02 3.6923e+00    211.445    20.5920    39.0190    27.6698 0.0000e+00
      8.000    20.5821     0.2081    96.8652 2.8657e-02 2.5188e+00    211.458    20.5805    39.0181    27.6723 0.0000e+00
      9.000    20.5802     0.2078    96.8695 1.8539e-02 3.4501e+00    211.991    20.5785    39.0189    27.6735 0.0000e+00
     10.000    20.4534     0.2070    96.8427 1.4619e-02 3.4678e+00    211.105    20.4515    39.0043    27.6971 0.0000e+00
     11.000    20.2381     0.2104    96.8307 1.3100e-02 2.8271e+00    212.360    20.2360    38.9925    27.7468 0.0000e+00
     12.000    20.0956     0.2027    96.8014 5.8178e-03 2.8602e+00    212.925    20.0934    38.9957    27.7880 0.0000e+00
     13.000    20.0563     0.2049    96.7818 2.7596e-03 2.7880e+00    213.852    20.0538    39.0004    27.8022 0.0000e+00
     14.000    20.0364     0.2021    96.7755 2.0618e-03 2.5175e+00    213.681    20.0337    39.0012    27.8083 0.0000e+00
     15.000    20.0261     0.2031    96.7681 1.4762e-03 2.9998e+00    213.552    20.0233    39.0018    27.8116 0.0000e+00
     16.000    20.0176     0.2066    96.7547 1.5248e-03 3.2890e+00    213.796    20.0146    39.0023    27.8143 0.0000e+00
     17.000    20.0062     0.2061    96.7616 2.9961e-04 2.7622e+00    213.649    20.0030    39.0028    27.8177 0.0000e+00
     18.000    19.9938     0.2068    96.7359 1.5765e-05 2.4135e+00    213.932    19.9904    39.0041    27.8222 0.0000e+00
     19.000    19.9895     0.2071    96.7246 -9.990e-29 2.5415e+00    214.218    19.9860    39.0039    27.8232 0.0000e+00
     20.000    19.9701     0.2039    96.7356 1.0000e-12 2.4630e+00    214.189    19.9663    39.0047    27.8291 0.0000e+00
     21.000    19.9363     0.2057    96.7789 1.0000e-12 3.0279e+00    214.082    19.9323    39.0030    27.8370 0.0000e+00
     22.000    19.8847     0.2094    96.8271 1.0000e-12 2.1846e+00    214.324    19.8806    39.0041    27.8518 0.0000e+00
     23.000    19.6954     0.2004    96.8126 1.0000e-12 3.5222e+00    215.091    19.6911    38.9989    27.8985 0.0000e+00
     24.000    19.4025     0.2033    96.7650 1.0000e-12 2.9719e+00    216.773    19.3980    39.0007    27.9778 0.0000e+00
     25.000    18.9770     0.2015    96.7436 1.0000e-12 3.0209e+00    219.507    18.9725    38.9919    28.0830 0.0000e+00
     26.000    18.6490     0.2034    96.8158 1.0000e-12 3.1441e+00    222.868    18.6443    39.0112    28.1831 0.0000e+00
     27.000    18.4178     0.2041    96.8916 1.0000e-12 2.5314e+00    223.332    18.4129    39.0127    28.2438 0.0000e+00
     28.000    18.1734     0.2036    96.9671 1.0000e-12 3.4707e+00    225.068    18.1684    39.0004    28.2969 0.0000e+00
     29.000    17.9847     0.2024    96.9948 1.0000e-12 2.8348e+00    225.308    17.9797    39.0051    28.3484 0.0000e+00
     30.000    17.9230     0.2024    97.0028 1.0000e-12 3.1848e+00    226.270    17.9177    39.0076    28.3660 0.0000e+00
     31.000    17.8528     0.2098    96.9786 1.0000e-12 3.4317e+00    226.897    17.8474    39.0048    28.3815 0.0000e+00
     32.000    17.7976     0.2069    96.9741 1.0000e-12 2.8265e+00    227.414    17.7920    39.0063    28.3966 0.0000e+00
     33.000    17.7757     0.2029    96.9929 1.0000e-12 2.3462e+00    227.362    17.7700    39.0079    28.4034 0.0000e+00
     34.000    17.7562     0.2026    96.9854 1.0000e-12 2.2994e+00    227.221    17.7502    39.0097    28.4097 0.0000e+00
     35.000    17.6937     0.2036    96.9762 1.0000e-12 2.7141e+00    227.263    17.6876    39.0119    28.4271 0.0000e+00
     36.000    17.6591     0.2010    96.9719 1.0000e-12 2.7456e+00    227.561    17.6528    39.0245    28.4455 0.0000e+00
     37.000    17.6288     0.1981    96.9916 1.0000e-12 1.8496e+00    227.582    17.6224    39.0261    28.4543 0.0000e+00
     38.000    17.6067     0.2053    96.9722 1.0000e-12 2.4826e+00    227.566    17.6001    39.0239    28.4583 0.0000e+00
     39.000    17.5861     0.2020    96.9892 1.0000e-12 3.0599e+00    227.319    17.5793    39.0222    28.4621 0.0000e+00
     40.000    17.5186     0.1973    97.0009 1.0000e-12 1.6965e+00    226.970    17.5117    39.0327    28.4870 0.0000e+00
     41.000    17.4762     0.1997    96.9862 1.0000e-12 2.1723e+00    226.920    17.4691    39.0381    28.5017 0.0000e+00
     42.000    17.4589     0.2006    96.9815 1.0000e-12 2.3643e+00    228.060    17.4517    39.0456    28.5119 0.0000e+00
     43.000    17.4446     0.2049    97.0104 1.0000e-12 1.8559e+00    227.033    17.4372    39.0478    28.5171 0.0000e+00
     44.000    17.3889     0.2083    97.0220 1.0000e-12 3.2097e+00    226.494    17.3814    39.0460    28.5296 0.0000e+00
     45.000    17.2884     0.2098    97.0052 1.0000e-12 2.5339e+00    227.379    17.2807    39.0372    28.5478 0.0000e+00
     46.000    17.2341     0.2045    96.9906 1.0000e-12 3.7981e+00    228.186    17.2263    39.0352    28.5597 0.0000e+00
     47.000    17.1819     0.2075    96.9518 1.0000e-12 2.7550e+00    228.309    17.1739    39.0287    28.5676 0.0000e+00
     48.000    17.1358     0.2069    96.9241 1.0000e-12 1.8515e+00    227.941    17.1277    39.0255    28.5765 0.0000e+00
     49.000    17.1099     0.2040    96.8946 1.0000e-12 2.9818e+00    229.372    17.1016    39.0242    28.5819 0.0000e+00
     50.000    17.0785     0.2133    96.8854 1.0000e-12 3.1403e+00    229.396    17.0701    39.0235    28.5891 0.0000e+00
     51.000    17.0447     0.2094    96.8661 1.0000e-12 4.1060e+00    229.554    17.0361    39.0227    28.5968 0.0000e+00
     52.000    17.0174     0.2085    96.8408 1.0000e-12 2.5173e+00    229.237    17.0086    39.0240    28.6045 0.0000e+00
     53.000    16.9774     0.2124    96.8640 1.0000e-12 2.0340e+00    228.705    16.9684    39.0262    28.6160 0.0000e+00
     54.000    16.9346     0.2093    96.8736 1.0000e-12 2.3601e+00    228.836    16.9254    39.0247    28.6253 0.0000e+00
     55.000    16.8962     0.2085    96.8619 1.0000e-12 3.7386e+00    228.973    16.8870    39.0254    28.6353 0.0000e+00
     56.000    16.8647     0.2102    96.8999 1.0000e-12 4.0835e+00    229.495    16.8553    39.0233    28.6413 0.0000e+00
     57.000    16.8259     0.2102    96.8775 1.0000e-12 2.6796e+00    229.435    16.8163    39.0215    28.6495 0.0000e+00
     58.000    16.7876     0.2095    96.8829 1.0000e-12 4.8750e+00    229.004    16.7779    39.0245    28.6611 0.0000e+00
     59.000    16.7485     0.2064    96.8767 -9.990e-29 3.6362e+00    229.082    16.7387    39.0207    28.6677 0.0000e+00
     60.000    16.6997     0.2057    96.8836 -9.990e-29 1.7220e+00    229.284    16.6896    39.0172    28.6769 0.0000e+00
     61.000    16.6528     0.2129    96.8405 1.0000e-12 3.2155e+00    228.396    16.6427    39.0149    28.6864 0.0000e+00
     62.000    16.6013     0.2169    96.8359 1.0000e-12 2.8684e+00    229.482    16.5910    39.0109    28.6958 0.0000e+00
     63.000    16.5593     0.2157    96.8469 1.0000e-12 2.0569e+00    229.189    16.5488    39.0112    28.7062 0.0000e+00
     64.000    16.4923     0.2164    96.8726 1.0000e-12 3.2253e+00    228.821    16.4817    39.0075    28.7195 0.0000e+00
     65.000    16.4706     0.2259    96.8618 1.0000e-12 2.9399e+00    228.679    16.4599    39.0065    28.7240 0.0000e+00
     66.000    16.4450     0.2231    96.8248 1.0000e-12 2.0940e+00    228.380    16.4340    39.0073    28.7308 0.0000e+00
     67.000    16.4192     0.2209    96.8321 1.0000e-12 2.3047e+00    228.679    16.4081    39.0118    28.7404 0.0000e+00
     68.000    16.3959     0.2269    96.8377 1.0000e-12 1.8955e+00    228.941    16.3847    39.0139    28.7477 0.0000e+00
     69.000    16.3715     0.2238    96.9356 1.0000e-12 2.6278e+00    229.119    16.3602    39.0153    28.7546 0.0000e+00
     70.000    16.3503     0.2289    96.9728 1.0000e-12 2.6835e+00    228.518    16.3388    39.0154    28.7599 0.0000e+00
     71.000    16.3027     0.2290    97.0174 1.0000e-12 2.8644e+00    228.161    16.2910    39.0119    28.7686 0.0000e+00
     72.000    16.2864     0.2267    96.9682 1.0000e-12 2.0023e+00    227.766    16.2746    39.0110    28.7717 0.0000e+00
     73.000    16.2662     0.2268    96.9533 1.0000e-12 2.5350e+00    227.627    16.2542    39.0120    28.7773 0.0000e+00
     74.000    16.2489     0.2263    96.9501 1.0000e-12 2.4575e+00    228.109    16.2368    39.0136    28.7827 0.0000e+00
     75.000    16.2419     0.2345    96.9688 1.0000e-12 2.6965e+00    227.544    16.2295    39.0144    28.7851 0.0000e+00
     76.000    16.2103     0.2418    96.9498 1.0000e-12 3.0956e+00    225.872    16.1978    39.0184    28.7957 0.0000e+00
     77.000    16.2002     0.2388    96.9698 1.0000e-12 2.8829e+00    226.241    16.1876    39.0208    28.8000 0.0000e+00
     78.000    16.2081     0.2396    96.9946 1.0000e-12 2.4035e+00    225.673    16.1954    39.0252    28.8016 0.0000e+00
     79.000    16.2294     0.2440    96.9628 1.0000e-12 3.3277e+00    224.097    16.2164    39.0354    28.8044 0.0000e+00
     80.000    16.2325     0.2394    96.9865 1.0000e-12 2.3419e+00    222.628    16.2193    39.0434    28.8098 0.0000e+00
     81.000    16.2239     0.2421    96.9918 1.0000e-12 3.0393e+00    222.007    16.2106    39.0448    28.8130 0.0000e+00
     82.000    16.2169     0.2388    96.9942 1.0000e-12 2.1062e+00    222.109    16.2035    39.0449    28.8148 0.0000e+00
     83.000    16.2065     0.2450    97.0076 -9.990e-29 3.0954e+00    221.470    16.1929    39.0458    28.8180 0.0000e+00
     84.000    16.1942     0.2510    96.9930 1.0000e-12 2.9984e+00    221.351    16.1805    39.0456    28.8208 0.0000e+00
     85.000    16.1833     0.2609    96.9872 1.0000e-12 2.1668e+00    220.685    16.1694    39.0454    28.8233 0.0000e+00
     86.000    16.1724     0.2698    96.8826 1.0000e-12 1.8862e+00    220.428    16.1583    39.0458    28.8262 0.0000e+00
     87.000    16.1630     0.2683    96.9137 1.0000e-12 2.0784e+00    220.079    16.1488    39.0455    28.8282 0.0000e+00
     88.000    16.1457     0.2763    96.8690 1.0000e-12 3.1454e+00    220.466    16.1313    39.0425    28.8301 0.0000e+00
     89.000    16.1070     0.2827    96.8830 1.0000e-12 2.7973e+00    221.945    16.0925    39.0368    28.8349 0.0000e+00
     90.000    16.0904     0.2873    96.8014 1.0000e-12 2.4409e+00    221.635    16.0757    39.0354    28.8377 0.0000e+00
     91.000    16.0796     0.2933    96.7602 1.0000e-12 2.1779e+00    221.092    16.0647    39.0347    28.8398 0.0000e+00
     92.000    16.0697     0.2760    96.7967 1.0000e-12 2.5489e+00    221.607    16.0547    39.0337    28.8414 0.0000e+00
     93.000    16.0620     0.2877    96.7973 1.0000e-12 2.1460e+00    221.831    16.0468    39.0334    28.8431 0.0000e+00
     94.000    16.0600     0.2915    96.7176 1.0000e-12 3.0733e+00    221.418    16.0446    39.0347    28.8446 0.0000e+00
     95.000    16.0570     0.3106    96.6892 1.0000e-12 2.5959e+00    221.752    16.0415    39.0350    28.8456 0.0000e+00
     96.000    16.0499     0.3083    96.7051 1.0000e-12 3.2141e+00    221.008    16.0342    39.0356    28.8477 0.0000e+00
     97.000    16.0570     0.3162    96.6909 1.0000e-12 2.1535e+00    219.579    16.0412    39.0391    28.8488 0.0000e+00
     98.000    16.0530     0.3219    96.6518 1.0000e-12 3.2889e+00    219.362    16.0370    39.0380    28.8489 0.0000e+00
     99.000    16.0465     0.3211    96.6708 1.0000e-12 2.8570e+00    219.476    16.0303    39.0370    28.8497 0.0000e+00
    100.000    16.0482     0.3173    96.6323 1.0000e-12 2.8177e+00    219.180    16.0318    39.0384    28.8504 0.0000e+00
    101.000    16.0454     0.3401    96.6632 1.0000e-12 3.0161e+00    219.252    16.0290    39.0389    28.8515 0.0000e+00
    102.000    16.0435     0.3360    96.6890 1.0000e-12 2.8315e+00    218.461    16.0268    39.0387    28.8519 0.0000e+00
    103.000    16.0345     0.3301    96.7032 1.0000e-12 2.7731e+00    218.959    16.0177    39.0374    28.8530 0.0000e+00
    104.000    16.0352     0.3385    96.5012 1.0000e-12 3.2606e+00    218.310    16.0183    39.0397    28.8547 0.0000e+00
    105.000    16.0335     0.3494    96.6641 1.0000e-12 3.7577e+00    215.497    16.0164    39.0433    28.8578 0.0000e+00
    106.000    16.0170     0.3176    96.9863 1.0000e-12 2.7270e+00    215.356    15.9997    39.0412    28.8602 0.0000e+00
    107.000    15.9979     0.2901    97.1257 1.0000e-12 3.0659e+00    214.995    15.9805    39.0382    28.8623 0.0000e+00
    108.000    15.9873     0.2760    97.2690 1.0000e-12 2.4528e+00    214.691    15.9697    39.0370    28.8640 0.0000e+00
    109.000    15.9855     0.2791    97.2575 1.0000e-12 2.7722e+00    214.090    15.9677    39.0384    28.8656 0.0000e+00
    110.000    15.9832     0.2782    97.3238 1.0000e-12 2.6370e+00    213.722    15.9653    39.0392    28.8667 0.0000e+00
    111.000    15.9800     0.2749    97.4470 1.0000e-12 3.1210e+00    213.958    15.9620    39.0389    28.8673 0.0000e+00
    112.000    15.9776     0.2787    97.4067 1.0000e-12 3.7322e+00    213.142    15.9594    39.0399    28.8687 0.0000e+00
    113.000    15.9848     0.2618    97.4897 1.0000e-12 2.7248e+00    212.518    15.9664    39.0445    28.8706 0.0000e+00
    114.000    16.0001     0.2612    97.5322 1.0000e-12 3.1257e+00    212.457    15.9816    39.0510    28.8720 0.0000e+00
    115.000    16.0034     0.2660    97.5862 1.0000e-12 2.2917e+00    211.723    15.9847    39.0526    28.8725 0.0000e+00
    116.000    16.0034     0.2593    97.6245 1.0000e-12 2.6428e+00    211.061    15.9846    39.0537    28.8734 0.0000e+00
    117.000    16.0104     0.2548    97.6816 1.0000e-12 3.0040e+00    211.047    15.9914    39.0578    28.8749 0.0000e+00
    118.000    16.0108     0.2448    97.6906 1.0000e-12 2.1040e+00    210.699    15.9916    39.0590    28.8758 0.0000e+00
    119.000    16.0088     0.2501    97.7092 1.0000e-12 1.9183e+00    210.451    15.9894    39.0592    28.8765 0.0000e+00
    120.000    16.0051     0.2470    97.7272 1.0000e-12 2.0635e+00    210.730    15.9856    39.0586    28.8769 0.0000e+00
    121.000    16.0021     0.2430    97.7876 1.0000e-12 3.7969e+00    210.816    15.9824    39.0585    28.8776 0.0000e+00
    122.000    15.9994     0.2332    97.8201 1.0000e-12 3.3473e+00    209.900    15.9796    39.0585    28.8783 0.0000e+00
    123.000    15.9888     0.2389    97.7894 1.0000e-12 2.5865e+00    210.471    15.9688    39.0560    28.8789 0.0000e+00
    124.000    15.9621     0.2429    97.8451 1.0000e-12 2.9201e+00    210.913    15.9420    39.0498    28.8804 0.0000e+00
    125.000    15.9330     0.2383    97.8025 1.0000e-12 2.4729e+00    211.349    15.9127    39.0441    28.8829 0.0000e+00
    126.000    15.9216     0.2345    97.8625 1.0000e-12 2.9004e+00    211.390    15.9012    39.0425    28.8844 0.0000e+00
    127.000    15.9149     0.2281    97.8898 1.0000e-12 2.7776e+00    211.041    15.8943    39.0409    28.8847 0.0000e+00
    128.000    15.9082     0.2254    97.9234 1.0000e-12 3.0333e+00    211.797    15.8874    39.0403    28.8859 0.0000e+00
    129.000    15.9080     0.2287    97.9431 1.0000e-12 3.5917e+00    211.657    15.8870    39.0412    28.8867 0.0000e+00
    130.000    15.9150     0.2252    97.9323 1.0000e-12 2.7203e+00    211.361    15.8939    39.0450    28.8880 0.0000e+00
    131.000    15.9203     0.2203    97.9727 1.0000e-12 2.9324e+00    211.492    15.8990    39.0486    28.8895 0.0000e+00
