Data/ruptures/PEACETIME/ION/PEACETIME_ION_CTD_050.cnv
* Sea-Bird SBE 9 Data File:
* FileName = C:\CTD\rawCTD\PEACETIME_ION_CTD_050.hdr
* Software Version Seasave V 7.23.2
* Temperature SN = 1378
* Conductivity SN = 2929
* Number of Bytes Per Scan = 38
* Number of Voltage Words = 5
* Number of Scans Averaged by the Deck Unit = 1
* NMEA Latitude = 35 29.35 N
* NMEA Longitude = 019 46.59 E
* NMEA UTC (Time) = May 28 2017  12:03:06
* NMEA baud rate = 4800
** Cruise:   PEACETIME
** Station:   ION_CTD_050
# nquan = 11
# nvalues = 204                         
# units = specified
# name 0 = prDM: Pressure, Digiquartz [db]
# name 1 = t090C: Temperature [ITS-90, deg C]
# name 2 = flC: Fluorescence, Chelsea Aqua 3 Chl Con [ug/l]
# name 3 = CStarTr0: Beam Transmission, WET Labs C-Star [%]
# name 4 = par: PAR/Irradiance, Biospherical/Licor
# name 5 = spar: SPAR/Surface Irradiance
# name 6 = sbeox0Mm/Kg: Oxygen, SBE 43 [umol/kg]
# name 7 = potemp090C: Potential Temperature [ITS-90, deg C]
# name 8 = sal00: Salinity, Practical [PSU]
# name 9 = sigma-é00: Density [sigma-theta, kg/m^3]
# name 10 = flag:
# span 0 =      2.000,    205.000       
# span 1 =    15.5007,    20.8419       
# span 2 =     0.1776,     0.3561       
# span 3 =    96.3984,    98.3077       
# span 4 = 1.5416e-01, 1.5193e+02       
# span 5 = 2.2237e+03, 2.2548e+03       
# span 6 =    203.638,    230.006       
# span 7 =    15.4719,    20.8415       
# span 8 =    38.9883,    39.0718       
# span 9 =    27.6164,    28.9687       
# span 10 = 0.0000e+00, 0.0000e+00      
# interval = decibars: 1                
# start_time = May 28 2017 12:05:19 [NMEA time, first data scan]
# bad_flag = -9.990e-29
*END*
      2.000    20.8419     0.2238    96.9112 1.5193e+02 2.2417e+03    210.827    20.8415    39.0390    27.6164 0.0000e+00
      3.000    20.8094     0.2084    97.0188 1.2457e+02 2.2280e+03    210.727    20.8088    39.0410    27.6269 0.0000e+00
      4.000    20.8219     0.2019    97.0154 1.1487e+02 2.2260e+03    211.042    20.8211    39.0416    27.6239 0.0000e+00
      5.000    20.8242     0.1979    97.0263 1.0480e+02 2.2257e+03    211.300    20.8232    39.0414    27.6232 0.0000e+00
      6.000    20.8222     0.1969    97.0327 9.9113e+01 2.2300e+03    210.899    20.8210    39.0414    27.6239 0.0000e+00
      7.000    20.8094     0.1979    97.0182 9.1305e+01 2.2334e+03    210.774    20.8080    39.0411    27.6272 0.0000e+00
      8.000    20.7424     0.2021    96.9960 8.6546e+01 2.2294e+03    210.607    20.7408    39.0378    27.6432 0.0000e+00
      9.000    20.7141     0.2032    96.9705 8.3891e+01 2.2380e+03    210.776    20.7123    39.0375    27.6509 0.0000e+00
     10.000    20.7096     0.2074    96.9583 7.8666e+01 2.2343e+03    210.989    20.7076    39.0374    27.6521 0.0000e+00
     11.000    20.6977     0.2091    96.9305 7.5481e+01 2.2320e+03    210.270    20.6955    39.0370    27.6551 0.0000e+00
     12.000    20.6886     0.2066    96.9585 7.3953e+01 2.2384e+03    209.995    20.6863    39.0372    27.6578 0.0000e+00
     13.000    20.6638     0.1985    96.9446 7.0534e+01 2.2389e+03    210.649    20.6613    39.0344    27.6625 0.0000e+00
     14.000    20.6348     0.2066    96.9148 6.7637e+01 2.2402e+03    211.410    20.6321    39.0322    27.6689 0.0000e+00
     15.000    20.5998     0.2071    96.8625 6.5097e+01 2.2389e+03    211.388    20.5969    39.0291    27.6762 0.0000e+00
     16.000    20.5346     0.2077    96.7698 6.3402e+01 2.2418e+03    212.250    20.5315    39.0235    27.6899 0.0000e+00
     17.000    20.4632     0.2052    96.7613 6.1064e+01 2.2432e+03    212.429    20.4599    39.0180    27.7053 0.0000e+00
     18.000    20.4013     0.2104    96.7705 5.8807e+01 2.2384e+03    212.856    20.3978    39.0183    27.7225 0.0000e+00
     19.000    20.3171     0.2130    96.7963 5.6990e+01 2.2319e+03    212.680    20.3135    39.0157    27.7435 0.0000e+00
     20.000    20.0867     0.2091    96.8153 5.5365e+01 2.2348e+03    213.588    20.0829    39.0143    27.8050 0.0000e+00
     21.000    19.8000     0.2114    96.8392 5.3891e+01 2.2368e+03    213.671    19.7961    39.0093    27.8783 0.0000e+00
     22.000    19.3622     0.2067    96.7698 5.1518e+01 2.2422e+03    217.068    19.3581    39.0186    28.0021 0.0000e+00
     23.000    19.0149     0.2069    96.7598 5.0262e+01 2.2401e+03    220.108    19.0107    39.0213    28.0955 0.0000e+00
     24.000    18.7796     0.2068    96.7620 4.9079e+01 2.2338e+03    222.928    18.7753    39.0241    28.1590 0.0000e+00
     25.000    18.6985     0.2057    96.7852 4.7527e+01 2.2295e+03    223.929    18.6940    39.0284    28.1835 0.0000e+00
     26.000    18.6173     0.2066    96.8205 4.6260e+01 2.2304e+03    224.126    18.6126    39.0307    28.2063 0.0000e+00
     27.000    18.4836     0.2088    96.8643 4.5319e+01 2.2326e+03    224.768    18.4787    39.0332    28.2427 0.0000e+00
     28.000    18.3817     0.2057    96.8666 4.4435e+01 2.2299e+03    225.665    18.3767    39.0323    28.2682 0.0000e+00
     29.000    18.3102     0.2064    96.8890 4.3978e+01 2.2313e+03    225.525    18.3050    39.0470    28.2978 0.0000e+00
     30.000    18.1703     0.2045    96.9338 4.3369e+01 2.2321e+03    225.974    18.1650    39.0454    28.3323 0.0000e+00
     31.000    18.0591     0.1984    96.9586 4.2697e+01 2.2302e+03    226.398    18.0536    39.0373    28.3544 0.0000e+00
     32.000    18.0165     0.2021    96.9995 4.2098e+01 2.2255e+03    226.298    18.0109    39.0374    28.3653 0.0000e+00
     33.000    17.9465     0.2010    96.9879 4.2048e+01 2.2237e+03    226.772    17.9407    39.0468    28.3902 0.0000e+00
     34.000    17.8521     0.2027    96.9660 4.1806e+01 2.2242e+03    227.174    17.8462    39.0472    28.4144 0.0000e+00
     35.000    17.8233     0.2024    96.9646 4.1325e+01 2.2249e+03    227.195    17.8172    39.0499    28.4238 0.0000e+00
     36.000    17.7818     0.2050    96.9283 4.0817e+01 2.2250e+03    227.617    17.7756    39.0484    28.4331 0.0000e+00
     37.000    17.7239     0.2087    96.9610 4.1015e+01 2.2294e+03    227.615    17.7174    39.0441    28.4444 0.0000e+00
     38.000    17.6581     0.2107    96.9364 4.0761e+01 2.2332e+03    227.881    17.6515    39.0407    28.4583 0.0000e+00
     39.000    17.6105     0.2083    96.9293 4.0144e+01 2.2319e+03    228.242    17.6038    39.0455    28.4739 0.0000e+00
     40.000    17.5539     0.2083    96.9368 3.9886e+01 2.2306e+03    228.596    17.5469    39.0462    28.4886 0.0000e+00
     41.000    17.5006     0.2087    96.9348 3.9764e+01 2.2373e+03    229.089    17.4936    39.0436    28.4999 0.0000e+00
     42.000    17.4546     0.2094    96.9411 3.9748e+01 2.2393e+03    229.514    17.4473    39.0434    28.5112 0.0000e+00
     43.000    17.4142     0.2065    96.9205 3.8637e+01 2.2417e+03    228.997    17.4069    39.0444    28.5221 0.0000e+00
     44.000    17.3640     0.2125    96.9111 3.8960e+01 2.2410e+03    229.340    17.3565    39.0445    28.5346 0.0000e+00
     45.000    17.2956     0.2101    96.9100 3.8516e+01 2.2419e+03    229.888    17.2879    39.0411    28.5490 0.0000e+00
     46.000    17.2314     0.2073    96.8715 3.8138e+01 2.2420e+03    230.006    17.2235    39.0364    28.5612 0.0000e+00
     47.000    17.2019     0.2088    96.8471 3.7966e+01 2.2446e+03    229.554    17.1938    39.0353    28.5677 0.0000e+00
     48.000    17.1541     0.2100    96.8841 3.7437e+01 2.2465e+03    228.779    17.1460    39.0286    28.5743 0.0000e+00
     49.000    17.0879     0.2134    96.8968 3.7109e+01 2.2472e+03    228.907    17.0796    39.0245    28.5875 0.0000e+00
     50.000    17.0406     0.2126    96.9067 3.6511e+01 2.2479e+03    229.163    17.0321    39.0260    28.6003 0.0000e+00
     51.000    16.9582     0.2144    96.8948 3.6373e+01 2.2514e+03    229.107    16.9496    39.0137    28.6110 0.0000e+00
     52.000    16.8738     0.2251    96.8483 3.5427e+01 2.2485e+03    229.553    16.8650    39.0015    28.6222 0.0000e+00
     53.000    16.8454     0.2224    96.8479 3.5397e+01 2.2486e+03    229.303    16.8365    39.0023    28.6298 0.0000e+00
     54.000    16.7590     0.2183    96.9069 3.5146e+01 2.2498e+03    229.592    16.7500    38.9912    28.6422 0.0000e+00
     55.000    16.6970     0.2130    96.9231 3.3765e+01 2.2469e+03    229.769    16.6878    38.9883    28.6551 0.0000e+00
     56.000    16.6832     0.2169    96.8908 3.3956e+01 2.2487e+03    229.260    16.6738    38.9986    28.6664 0.0000e+00
     57.000    16.6137     0.2151    96.8654 3.3688e+01 2.2499e+03    229.078    16.6042    38.9976    28.6824 0.0000e+00
     58.000    16.5741     0.2156    96.8740 3.2723e+01 2.2505e+03    229.228    16.5644    39.0070    28.6992 0.0000e+00
     59.000    16.5366     0.2294    96.8028 3.2326e+01 2.2521e+03    229.113    16.5268    39.0109    28.7113 0.0000e+00
     60.000    16.5203     0.2287    96.8251 3.2549e+01 2.2546e+03    229.964    16.5103    39.0129    28.7168 0.0000e+00
     61.000    16.4975     0.2341    96.8677 3.1338e+01 2.2520e+03    229.307    16.4874    39.0127    28.7221 0.0000e+00
     62.000    16.4797     0.2308    96.8355 3.1358e+01 2.2521e+03    228.800    16.4694    39.0123    28.7262 0.0000e+00
     63.000    16.4554     0.2286    96.8452 3.0366e+01 2.2527e+03    228.282    16.4450    39.0112    28.7311 0.0000e+00
     64.000    16.4246     0.2292    96.8598 3.0576e+01 2.2509e+03    228.413    16.4140    39.0098    28.7375 0.0000e+00
     65.000    16.3949     0.2272    96.9116 2.9690e+01 2.2513e+03    227.917    16.3842    39.0077    28.7430 0.0000e+00
     66.000    16.3636     0.2261    96.9382 2.9117e+01 2.2474e+03    227.404    16.3527    39.0040    28.7477 0.0000e+00
     67.000    16.3069     0.2293    97.0363 2.9290e+01 2.2512e+03    226.833    16.2958    38.9997    28.7580 0.0000e+00
     68.000    16.2898     0.2317    97.0016 2.7957e+01 2.2519e+03    226.191    16.2786    38.9993    28.7618 0.0000e+00
     69.000    16.2565     0.2295    97.0852 2.7588e+01 2.2534e+03    225.497    16.2451    38.9971    28.7681 0.0000e+00
     70.000    16.2312     0.2295    97.0995 2.7089e+01 2.2486e+03    225.528    16.2197    38.9985    28.7751 0.0000e+00
     71.000    16.2179     0.2331    97.1232 2.5970e+01 2.2548e+03    226.625    16.2063    39.0007    28.7800 0.0000e+00
     72.000    16.2129     0.2316    97.1255 2.5974e+01 2.2481e+03    226.374    16.2010    39.0017    28.7821 0.0000e+00
     73.000    16.2078     0.2308    97.1526 2.4549e+01 2.2457e+03    226.118    16.1958    39.0026    28.7840 0.0000e+00
     74.000    16.2049     0.2298    97.1513 2.4164e+01 2.2452e+03    226.052    16.1928    39.0030    28.7851 0.0000e+00
     75.000    16.1994     0.2271    97.1539 2.3518e+01 2.2454e+03    225.378    16.1871    39.0036    28.7868 0.0000e+00
     76.000    16.1877     0.2350    97.1700 2.2602e+01 2.2445e+03    224.817    16.1752    39.0050    28.7907 0.0000e+00
     77.000    16.1740     0.2341    97.1914 2.2225e+01 2.2423e+03    225.048    16.1614    39.0041    28.7933 0.0000e+00
     78.000    16.1568     0.2357    97.2000 2.1037e+01 2.2473e+03    224.838    16.1440    39.0050    28.7981 0.0000e+00
     79.000    16.1521     0.2362    97.2078 2.0434e+01 2.2470e+03    224.404    16.1392    39.0064    28.8004 0.0000e+00
     80.000    16.1448     0.2341    97.2299 2.0090e+01 2.2494e+03    224.479    16.1318    39.0083    28.8036 0.0000e+00
     81.000    16.1375     0.2432    97.2430 1.8979e+01 2.2458e+03    224.658    16.1242    39.0105    28.8070 0.0000e+00
     82.000    16.1267     0.2430    97.1391 1.8137e+01 2.2495e+03    224.744    16.1133    39.0118    28.8106 0.0000e+00
     83.000    16.1096     0.2433    97.1812 1.7974e+01 2.2478e+03    224.194    16.0961    39.0128    28.8155 0.0000e+00
     84.000    16.0889     0.2461    97.1784 1.7070e+01 2.2446e+03    223.274    16.0751    39.0119    28.8198 0.0000e+00
     85.000    16.0705     0.2553    96.9828 1.6145e+01 2.2483e+03    223.548    16.0567    39.0115    28.8239 0.0000e+00
     86.000    16.0590     0.2619    96.6773 1.5681e+01 2.2457e+03    223.976    16.0450    39.0153    28.8295 0.0000e+00
     87.000    16.0681     0.2824    96.6055 1.4866e+01 2.2482e+03    224.204    16.0539    39.0220    28.8326 0.0000e+00
     88.000    16.0666     0.2946    96.7473 1.4422e+01 2.2438e+03    223.790    16.0522    39.0216    28.8327 0.0000e+00
     89.000    16.0521     0.3052    96.6187 1.3422e+01 2.2447e+03    222.365    16.0376    39.0180    28.8333 0.0000e+00
     90.000    16.0235     0.3147    96.5249 1.2907e+01 2.2493e+03    221.925    16.0088    39.0132    28.8365 0.0000e+00
     91.000    16.0138     0.3443    96.4297 1.2477e+01 2.2474e+03    221.725    15.9990    39.0134    28.8389 0.0000e+00
     92.000    15.9913     0.3444    96.4217 1.1512e+01 2.2440e+03    220.281    15.9763    39.0088    28.8407 0.0000e+00
     93.000    15.9784     0.3561    96.4546 1.0856e+01 2.2445e+03    219.930    15.9632    39.0096    28.8444 0.0000e+00
     94.000    15.9772     0.3520    96.3984 1.0390e+01 2.2445e+03    219.339    15.9620    39.0126    28.8470 0.0000e+00
     95.000    15.9787     0.3529    96.5317 9.6067e+00 2.2445e+03    218.997    15.9633    39.0166    28.8498 0.0000e+00
     96.000    15.9772     0.3487    96.6379 8.9896e+00 2.2437e+03    218.368    15.9616    39.0169    28.8505 0.0000e+00
     97.000    15.9749     0.3398    96.6234 8.5007e+00 2.2439e+03    217.812    15.9591    39.0165    28.8507 0.0000e+00
     98.000    15.9701     0.3381    96.7009 7.9921e+00 2.2437e+03    217.424    15.9542    39.0152    28.8509 0.0000e+00
     99.000    15.9614     0.3292    96.7882 7.5412e+00 2.2455e+03    216.550    15.9453    39.0134    28.8515 0.0000e+00
    100.000    15.9319     0.3269    96.9460 7.0294e+00 2.2430e+03    216.158    15.9157    39.0073    28.8538 0.0000e+00
    101.000    15.9046     0.3133    97.0849 6.5623e+00 2.2435e+03    215.164    15.8882    39.0029    28.8569 0.0000e+00
    102.000    15.8992     0.3089    97.0955 6.2627e+00 2.2428e+03    215.301    15.8827    39.0015    28.8571 0.0000e+00
    103.000    15.8965     0.3040    97.1701 5.9463e+00 2.2422e+03    215.302    15.8798    39.0011    28.8575 0.0000e+00
    104.000    15.8905     0.3026    97.1777 5.5025e+00 2.2432e+03    215.441    15.8737    39.0002    28.8582 0.0000e+00
    105.000    15.8820     0.2962    97.1935 5.2016e+00 2.2420e+03    215.097    15.8650    38.9991    28.8594 0.0000e+00
    106.000    15.8783     0.2942    97.2200 5.0282e+00 2.2439e+03    214.413    15.8612    38.9985    28.8598 0.0000e+00
    107.000    15.8787     0.2937    97.2786 4.6763e+00 2.2437e+03    214.297    15.8613    38.9990    28.8602 0.0000e+00
    108.000    15.8770     0.3008    97.3185 4.4080e+00 2.2404e+03    214.138    15.8595    38.9990    28.8606 0.0000e+00
    109.000    15.8698     0.3065    97.3915 4.2275e+00 2.2399e+03    213.919    15.8521    38.9979    28.8615 0.0000e+00
    110.000    15.8649     0.2938    97.4288 4.0172e+00 2.2379e+03    213.794    15.8471    38.9974    28.8623 0.0000e+00
    111.000    15.8520     0.2922    97.4973 3.7737e+00 2.2405e+03    212.910    15.8340    38.9974    28.8653 0.0000e+00
    112.000    15.8513     0.2784    97.5767 3.5832e+00 2.2401e+03    212.769    15.8331    38.9986    28.8665 0.0000e+00
    113.000    15.8404     0.2728    97.6418 3.4131e+00 2.2430e+03    212.167    15.8222    38.9981    28.8686 0.0000e+00
    114.000    15.8397     0.2625    97.6981 3.2426e+00 2.2389e+03    211.829    15.8212    38.9991    28.8696 0.0000e+00
    115.000    15.8217     0.2649    97.7246 3.0718e+00 2.2386e+03    211.330    15.8031    38.9950    28.8708 0.0000e+00
    116.000    15.7952     0.2558    97.7879 2.9492e+00 2.2392e+03    210.773    15.7765    38.9907    28.8736 0.0000e+00
    117.000    15.7945     0.2507    97.7701 2.8147e+00 2.2356e+03    210.750    15.7757    38.9913    28.8743 0.0000e+00
    118.000    15.8064     0.2625    97.7736 2.6696e+00 2.2381e+03    211.478    15.7874    38.9966    28.8757 0.0000e+00
    119.000    15.8266     0.2560    97.7678 2.5666e+00 2.2372e+03    211.237    15.8073    39.0092    28.8807 0.0000e+00
    120.000    15.8411     0.2470    97.8042 2.4534e+00 2.2395e+03    211.178    15.8217    39.0153    28.8821 0.0000e+00
    121.000    15.8627     0.2457    97.8007 2.3506e+00 2.2389e+03    211.690    15.8431    39.0264    28.8856 0.0000e+00
    122.000    15.8782     0.2448    97.8394 2.2451e+00 2.2409e+03    210.088    15.8584    39.0333    28.8873 0.0000e+00
    123.000    15.8760     0.2444    97.8473 2.1359e+00 2.2412e+03    208.809    15.8561    39.0346    28.8888 0.0000e+00
    124.000    15.8715     0.2422    97.9029 2.0598e+00 2.2414e+03    209.101    15.8514    39.0361    28.8912 0.0000e+00
    125.000    15.8752     0.2402    97.9169 1.9791e+00 2.2428e+03    209.758    15.8549    39.0405    28.8937 0.0000e+00
    126.000    15.8818     0.2329    97.9180 1.8773e+00 2.2410e+03    210.389    15.8613    39.0440    28.8949 0.0000e+00
    127.000    15.8818     0.2301    97.9460 1.8140e+00 2.2434e+03    210.249    15.8613    39.0456    28.8961 0.0000e+00
    128.000    15.8993     0.2301    97.9800 1.7485e+00 2.2465e+03    209.511    15.8785    39.0562    28.9002 0.0000e+00
    129.000    15.9138     0.2286    97.9484 1.6652e+00 2.2443e+03    208.745    15.8929    39.0647    28.9034 0.0000e+00
    130.000    15.9219     0.2269    98.0228 1.6047e+00 2.2466e+03    208.555    15.9007    39.0696    28.9054 0.0000e+00
    131.000    15.9180     0.2238    98.0306 1.5494e+00 2.2452e+03    208.043    15.8967    39.0704    28.9070 0.0000e+00
    132.000    15.9085     0.2187    98.0791 1.4889e+00 2.2461e+03    207.999    15.8870    39.0699    28.9088 0.0000e+00
