Data/ruptures/PEACETIME/ION/PEACETIME_ION_CTD_048.cnv
* Sea-Bird SBE 9 Data File:
* FileName = C:\CTD\rawCTD\PEACETIME_ION_CTD_048.hdr
* Software Version Seasave V 7.23.2
* Temperature SN = 1378
* Conductivity SN = 2929
* Number of Bytes Per Scan = 38
* Number of Voltage Words = 5
* Number of Scans Averaged by the Deck Unit = 1
* NMEA Latitude = 35 29.35 N
* NMEA Longitude = 019 46.59 E
* NMEA UTC (Time) = May 28 2017  02:21:46
* NMEA baud rate = 4800
** Cruise:   PEACETIME
** Station:   ION_CTD_048
# nquan = 11
# nvalues = 498                         
# units = specified
# name 0 = prDM: Pressure, Digiquartz [db]
# name 1 = t090C: Temperature [ITS-90, deg C]
# name 2 = flC: Fluorescence, Chelsea Aqua 3 Chl Con [ug/l]
# name 3 = CStarTr0: Beam Transmission, WET Labs C-Star [%]
# name 4 = par: PAR/Irradiance, Biospherical/Licor
# name 5 = spar: SPAR/Surface Irradiance
# name 6 = sbeox0Mm/Kg: Oxygen, SBE 43 [umol/kg]
# name 7 = potemp090C: Potential Temperature [ITS-90, deg C]
# name 8 = sal00: Salinity, Practical [PSU]
# name 9 = sigma-é00: Density [sigma-theta, kg/m^3]
# name 10 = flag:
# span 0 =      3.000,    500.000       
# span 1 =    14.3556,    20.5200       
# span 2 =     0.1716,     0.3879       
# span 3 =    96.2350,    98.4238       
# span 4 = 1.0000e-12, 1.3110e-01       
# span 5 = 1.4126e+00, 5.5806e+00       
# span 6 =    171.830,    229.588       
# span 7 =    14.2790,    20.5187       
# span 8 =    38.9023,    39.0810       
# span 9 =    27.6898,    29.1455       
# span 10 = 0.0000e+00, 0.0000e+00      
# interval = decibars: 1                
# start_time = May 28 2017 02:21:47 [NMEA time, first data scan]
# bad_flag = -9.990e-29
*END*
[from data line 263]
    266.000    15.3523     0.1835    98.3191 1.0000e-12 3.7412e+00    195.900    15.3100    39.0330    29.0144 0.0000e+00
    267.000    15.3522     0.1814    98.3198 -9.990e-29 3.1140e+00    195.661    15.3097    39.0349    29.0160 0.0000e+00
    268.000    15.3469     0.1769    98.3146 -9.990e-29 2.6573e+00    195.401    15.3043    39.0364    29.0184 0.0000e+00
    269.000    15.3410     0.1726    98.3395 1.0000e-12 2.3583e+00    195.347    15.2982    39.0360    29.0195 0.0000e+00
    270.000    15.3385     0.1854    98.3334 1.0000e-12 2.7208e+00    195.055    15.2956    39.0353    29.0196 0.0000e+00
    271.000    15.3362     0.1809    98.3408 1.0000e-12 3.1479e+00    195.569    15.2931    39.0349    29.0198 0.0000e+00
    272.000    15.3344     0.1802    98.3394 1.0000e-12 3.1753e+00    195.439    15.2911    39.0348    29.0202 0.0000e+00
    273.000    15.3326     0.1826    98.3394 1.0000e-12 3.1375e+00    195.355    15.2892    39.0345    29.0204 0.0000e+00
    274.000    15.3271     0.1847    98.3044 1.0000e-12 2.2631e+00    195.349    15.2835    39.0334    29.0208 0.0000e+00
    275.000    15.3216     0.1829    98.3337 1.0000e-12 3.0111e+00    194.959    15.2779    39.0326    29.0215 0.0000e+00
    276.000    15.3159     0.1813    98.3400 1.0000e-12 2.5065e+00    195.042    15.2720    39.0314    29.0219 0.0000e+00
    277.000    15.3101     0.1794    98.3291 1.0000e-12 3.3167e+00    195.078    15.2661    39.0310    29.0230 0.0000e+00
    278.000    15.3070     0.1829    98.3209 1.0000e-12 3.8040e+00    194.631    15.2629    39.0311    29.0238 0.0000e+00
    279.000    15.3011     0.1822    98.2954 1.0000e-12 3.4435e+00    194.151    15.2568    39.0306    29.0249 0.0000e+00
    280.000    15.2968     0.1807    98.3245 1.0000e-12 3.1411e+00    194.157    15.2523    39.0301    29.0255 0.0000e+00
    281.000    15.2923     0.1810    98.3375 1.0000e-12 2.2510e+00    194.122    15.2477    39.0300    29.0264 0.0000e+00
    282.000    15.2897     0.1739    98.3417 1.0000e-12 2.2448e+00    194.264    15.2449    39.0300    29.0270 0.0000e+00
    283.000    15.2886     0.1763    98.3387 1.0000e-12 2.4364e+00    193.943    15.2437    39.0301    29.0274 0.0000e+00
    284.000    15.2879     0.1779    98.3191 1.0000e-12 2.5095e+00    194.209    15.2428    39.0306    29.0280 0.0000e+00
    285.000    15.2850     0.1744    98.3394 1.0000e-12 3.1389e+00    194.000    15.2397    39.0307    29.0288 0.0000e+00
    286.000    15.2800     0.1798    98.3042 1.0000e-12 3.1126e+00    193.761    15.2346    39.0304    29.0297 0.0000e+00
    287.000    15.2697     0.1826    98.3279 1.0000e-12 3.3373e+00    193.106    15.2241    39.0287    29.0308 0.0000e+00
    288.000    15.2592     0.1794    98.3314 1.0000e-12 2.5216e+00    192.933    15.2135    39.0272    29.0321 0.0000e+00
    289.000    15.2499     0.1809    98.3334 1.0000e-12 2.1296e+00    192.568    15.2041    39.0262    29.0335 0.0000e+00
    290.000    15.2442     0.1756    98.3329 1.0000e-12 3.3830e+00    192.872    15.1982    39.0253    29.0341 0.0000e+00
    291.000    15.2393     0.1783    98.3422 1.0000e-12 2.3661e+00    192.573    15.1932    39.0248    29.0349 0.0000e+00
    292.000    15.2364     0.1832    98.3210 1.0000e-12 3.0431e+00    192.235    15.1902    39.0245    29.0353 0.0000e+00
    293.000    15.2356     0.1811    98.3230 1.0000e-12 2.2712e+00    192.398    15.1892    39.0246    29.0357 0.0000e+00
    294.000    15.2357     0.1775    98.3327 1.0000e-12 1.6719e+00    192.385    15.1891    39.0250    29.0360 0.0000e+00
    295.000    15.2330     0.1769    98.3221 1.0000e-12 2.7924e+00    192.228    15.1863    39.0244    29.0362 0.0000e+00
    296.000    15.2285     0.1813    98.3393 1.0000e-12 2.0485e+00    192.015    15.1816    39.0237    29.0367 0.0000e+00
    297.000    15.2198     0.1809    98.3304 1.0000e-12 3.1936e+00    191.691    15.1728    39.0224    29.0377 0.0000e+00
    298.000    15.2152     0.1811    98.3379 1.0000e-12 2.9360e+00    191.470    15.1680    39.0215    29.0381 0.0000e+00
    299.000    15.2061     0.1793    98.3338 1.0000e-12 2.1318e+00    191.083    15.1588    39.0196    29.0388 0.0000e+00
    300.000    15.1989     0.1811    98.3418 1.0000e-12 1.8139e+00    190.754    15.1514    39.0185    29.0396 0.0000e+00
    301.000    15.1841     0.1774    98.3361 1.0000e-12 4.1288e+00    190.476    15.1364    39.0167    29.0416 0.0000e+00
    302.000    15.1757     0.1757    98.3395 1.0000e-12 3.2808e+00    190.533    15.1280    39.0169    29.0437 0.0000e+00
    303.000    15.1760     0.1794    98.3350 1.0000e-12 2.6795e+00    189.938    15.1280    39.0174    29.0440 0.0000e+00
    304.000    15.1750     0.1850    98.3306 1.0000e-12 2.9762e+00    190.184    15.1269    39.0182    29.0450 0.0000e+00
    305.000    15.1710     0.1820    98.3056 1.0000e-12 3.0688e+00    189.731    15.1228    39.0183    29.0460 0.0000e+00
    306.000    15.1682     0.1818    98.3260 1.0000e-12 2.2758e+00    189.647    15.1199    39.0179    29.0463 0.0000e+00
    307.000    15.1649     0.1807    98.3206 1.0000e-12 2.6529e+00    189.458    15.1164    39.0177    29.0469 0.0000e+00
    308.000    15.1604     0.1826    98.3186 1.0000e-12 3.5598e+00    189.452    15.1117    39.0168    29.0473 0.0000e+00
    309.000    15.1538     0.1793    98.3341 1.0000e-12 2.2213e+00    189.017    15.1050    39.0156    29.0479 0.0000e+00
    310.000    15.1440     0.1787    98.3363 1.0000e-12 2.2302e+00    188.684    15.0950    39.0135    29.0486 0.0000e+00
    311.000    15.1252     0.1823    98.3349 1.0000e-12 2.9496e+00    188.232    15.0761    39.0093    29.0496 0.0000e+00
    312.000    15.1151     0.1794    98.3299 1.0000e-12 2.6661e+00    188.188    15.0658    39.0074    29.0505 0.0000e+00
    313.000    15.1079     0.1876    98.3373 1.0000e-12 2.4048e+00    187.479    15.0586    39.0057    29.0509 0.0000e+00
    314.000    15.0840     0.1845    98.3462 1.0000e-12 2.1733e+00    187.761    15.0345    39.0003    29.0522 0.0000e+00
    315.000    15.0779     0.1821    98.3347 1.0000e-12 1.5843e+00    187.497    15.0283    39.0001    29.0534 0.0000e+00
    316.000    15.0812     0.1819    98.3334 1.0000e-12 1.9713e+00    187.332    15.0314    39.0022    29.0543 0.0000e+00
    317.000    15.0833     0.1799    98.3318 1.0000e-12 2.5270e+00    187.159    15.0334    39.0041    29.0553 0.0000e+00
    318.000    15.0826     0.1794    98.3468 1.0000e-12 2.8833e+00    186.892    15.0325    39.0048    29.0561 0.0000e+00
    319.000    15.0800     0.1813    98.3250 1.0000e-12 1.6642e+00    186.706    15.0298    39.0053    29.0571 0.0000e+00
    320.000    15.0784     0.1828    98.3383 1.0000e-12 2.2914e+00    187.181    15.0280    39.0053    29.0575 0.0000e+00
    321.000    15.0735     0.1885    98.3430 1.0000e-12 2.3061e+00    187.223    15.0230    39.0045    29.0580 0.0000e+00
    322.000    15.0644     0.1846    98.3203 1.0000e-12 4.5003e+00    186.921    15.0137    39.0026    29.0587 0.0000e+00
    323.000    15.0557     0.1811    98.3470 1.0000e-12 2.9988e+00    186.597    15.0048    39.0012    29.0596 0.0000e+00
    324.000    15.0553     0.1795    98.3219 1.0000e-12 3.0350e+00    186.504    15.0043    39.0024    29.0607 0.0000e+00
    325.000    15.0502     0.1801    98.3175 1.0000e-12 1.8003e+00    186.589    14.9991    39.0016    29.0612 0.0000e+00
    326.000    15.0318     0.1752    98.3425 1.0000e-12 2.5834e+00    185.759    14.9805    38.9978    29.0625 0.0000e+00
    327.000    15.0247     0.1754    98.3453 1.0000e-12 3.6669e+00    185.575    14.9733    38.9967    29.0633 0.0000e+00
    328.000    15.0214     0.1795    98.3510 1.0000e-12 3.1409e+00    185.564    14.9699    38.9965    29.0639 0.0000e+00
    329.000    15.0229     0.1800    98.3339 1.0000e-12 2.7546e+00    185.678    14.9711    38.9984    29.0650 0.0000e+00
    330.000    15.0241     0.1783    98.3488 1.0000e-12 2.9349e+00    184.835    14.9722    38.9992    29.0654 0.0000e+00
    331.000    15.0239     0.1753    98.3466 1.0000e-12 3.8858e+00    184.967    14.9719    38.9995    29.0658 0.0000e+00
    332.000    15.0233     0.1758    98.3352 1.0000e-12 2.7957e+00    185.497    14.9711    38.9997    29.0661 0.0000e+00
    333.000    15.0166     0.1776    98.3406 1.0000e-12 3.1419e+00    184.832    14.9643    38.9980    29.0663 0.0000e+00
    334.000    14.9834     0.1794    98.3518 1.0000e-12 1.8500e+00    184.875    14.9310    38.9897    29.0675 0.0000e+00
    335.000    14.9706     0.1751    98.3474 1.0000e-12 3.2844e+00    184.455    14.9180    38.9878    29.0689 0.0000e+00
    336.000    14.9711     0.1778    98.3421 1.0000e-12 3.3871e+00    184.504    14.9184    38.9879    29.0689 0.0000e+00
    337.000    14.9746     0.1789    98.3480 1.0000e-12 3.9934e+00    185.118    14.9217    38.9898    29.0696 0.0000e+00
    338.000    14.9862     0.1800    98.3532 1.0000e-12 2.7733e+00    184.785    14.9332    38.9961    29.0719 0.0000e+00
    339.000    14.9767     0.1786    98.3401 1.0000e-12 2.6996e+00    184.012    14.9235    38.9961    29.0741 0.0000e+00
    340.000    14.9735     0.1780 -9.990e-29 1.0000e-12 2.9638e+00    184.267    14.9202    38.9959    29.0747 0.0000e+00
    341.000    14.9729     0.1798    98.3262 1.0000e-12 3.2504e+00    184.750    14.9194    38.9958    29.0748 0.0000e+00
    342.000    14.9720     0.1788    98.3455 -9.990e-29 2.9272e+00    184.561    14.9184    38.9957    29.0749 0.0000e+00
    343.000    14.9720     0.1770    98.3311 1.0000e-12 2.5782e+00    184.179    14.9182    38.9957    29.0750 0.0000e+00
    344.000    14.9717     0.1813    98.3263 1.0000e-12 2.4232e+00    184.147    14.9177    38.9956    29.0750 0.0000e+00
    345.000    14.9711     0.1822    98.3367 1.0000e-12 2.4386e+00    184.040    14.9170    38.9956    29.0752 0.0000e+00
    346.000    14.9685     0.1762    98.3462 1.0000e-12 2.9972e+00    183.761    14.9142    38.9951    29.0754 0.0000e+00
    347.000    14.9636     0.1735    98.3486 1.0000e-12 3.7644e+00    183.677    14.9092    38.9948    29.0763 0.0000e+00
    348.000    14.9571     0.1788    98.3446 1.0000e-12 1.5789e+00    183.076    14.9025    38.9937    29.0769 0.0000e+00
    349.000    14.9443     0.1738    98.3414 1.0000e-12 2.8013e+00    183.119    14.8896    38.9926    29.0791 0.0000e+00
    350.000    14.9428     0.1786    98.3378 1.0000e-12 2.2921e+00    183.092    14.8880    38.9925    29.0793 0.0000e+00
    351.000    14.9391     0.1776    98.3397 1.0000e-12 2.3484e+00    182.894    14.8841    38.9919    29.0797 0.0000e+00
    352.000    14.9292     0.1864    98.3408 1.0000e-12 2.8125e+00    182.463    14.8741    38.9906    29.0810 0.0000e+00
    353.000    14.9243     0.1868    98.2678 1.0000e-12 3.2711e+00    182.623    14.8690    38.9901    29.0818 0.0000e+00
    354.000    14.9218     0.1846    98.3052 1.0000e-12 4.4583e+00    182.508    14.8664    38.9897    29.0820 0.0000e+00
    355.000    14.9210     0.1745    98.3263 1.0000e-12 2.4328e+00    182.394    14.8654    38.9896    29.0822 0.0000e+00
    356.000    14.9194     0.1828    98.3383 1.0000e-12 3.5339e+00    182.269    14.8637    38.9892    29.0823 0.0000e+00
    357.000    14.9121     0.1815    98.3420 1.0000e-12 3.1541e+00    181.761    14.8562    38.9881    29.0831 0.0000e+00
    358.000    14.8997     0.1802    98.3349 1.0000e-12 3.0573e+00    182.113    14.8437    38.9861    29.0844 0.0000e+00
    359.000    14.8898     0.1787    98.3341 1.0000e-12 2.2698e+00    181.769    14.8336    38.9851    29.0859 0.0000e+00
    360.000    14.8823     0.1787    98.3529 1.0000e-12 2.9838e+00    180.964    14.8260    38.9840    29.0867 0.0000e+00
    361.000    14.8783     0.1716    98.3536 1.0000e-12 3.5487e+00    181.661    14.8219    38.9836    29.0874 0.0000e+00
    362.000    14.8727     0.1797    98.3491 1.0000e-12 1.5463e+00    181.010    14.8162    38.9824    29.0878 0.0000e+00
    363.000    14.8603     0.1794    98.3552 1.0000e-12 2.3609e+00    180.660    14.8036    38.9804    29.0890 0.0000e+00
    364.000    14.8480     0.1815    98.3557 1.0000e-12 2.2689e+00    181.164    14.7911    38.9784    29.0903 0.0000e+00
    365.000    14.8428     0.1808    98.3588 1.0000e-12 2.1789e+00    180.880    14.7858    38.9775    29.0908 0.0000e+00
    366.000    14.8355     0.1800    98.3698 1.0000e-12 3.3571e+00    180.580    14.7783    38.9761    29.0914 0.0000e+00
    367.000    14.8286     0.1830    98.3696 1.0000e-12 1.8247e+00    180.839    14.7714    38.9751    29.0922 0.0000e+00
    368.000    14.8239     0.1811    98.3635 1.0000e-12 2.1227e+00    180.134    14.7665    38.9743    29.0926 0.0000e+00
    369.000    14.8201     0.1826    98.3686 1.0000e-12 2.9185e+00    180.154    14.7626    38.9738    29.0931 0.0000e+00
    370.000    14.8178     0.1828    98.3657 1.0000e-12 2.2777e+00    180.683    14.7601    38.9736    29.0936 0.0000e+00
    371.000    14.8157     0.1791    98.3734 1.0000e-12 2.8300e+00    179.856    14.7578    38.9735    29.0940 0.0000e+00
    372.000    14.8144     0.1845    98.3689 1.0000e-12 2.6322e+00    179.768    14.7564    38.9734    29.0942 0.0000e+00
    373.000    14.8087     0.1791    98.3748 1.0000e-12 2.3499e+00    180.101    14.7505    38.9728    29.0951 0.0000e+00
    374.000    14.8049     0.1773    98.3735 1.0000e-12 3.8439e+00    180.033    14.7466    38.9724    29.0957 0.0000e+00
    375.000    14.8011     0.1756    98.3709 1.0000e-12 4.0814e+00    180.053    14.7427    38.9720    29.0962 0.0000e+00
    376.000    14.7965     0.1777    98.3631 1.0000e-12 2.6445e+00    179.583    14.7379    38.9713    29.0968 0.0000e+00
    377.000    14.7877     0.1805    98.3666 1.0000e-12 2.6322e+00    179.128    14.7289    38.9699    29.0977 0.0000e+00
    378.000    14.7843     0.1802    98.3732 1.0000e-12 3.0433e+00    179.411    14.7254    38.9693    29.0980 0.0000e+00
    379.000    14.7777     0.1820    98.3799 1.0000e-12 2.5476e+00    179.323    14.7187    38.9678    29.0984 0.0000e+00
    380.000    14.7549     0.1761    98.3754 -9.990e-29 3.9643e+00    179.096    14.6958    38.9640    29.1006 0.0000e+00
    381.000    14.7419     0.1717    98.3911 1.0000e-12 2.2681e+00    178.895    14.6827    38.9619    29.1019 0.0000e+00
    382.000    14.7398     0.1778    98.3915 1.0000e-12 2.2401e+00    179.076    14.6804    38.9617    29.1022 0.0000e+00
    383.000    14.7346     0.1779    98.3893 1.0000e-12 2.3073e+00    178.919    14.6750    38.9606    29.1026 0.0000e+00
    384.000    14.7264     0.1807    98.3957 1.0000e-12 2.9658e+00    178.924    14.6667    38.9592    29.1034 0.0000e+00
    385.000    14.7224     0.1812    98.3956 1.0000e-12 2.3987e+00    178.877    14.6626    38.9591    29.1042 0.0000e+00
    386.000    14.7185     0.1761    98.3891 1.0000e-12 2.5440e+00    178.861    14.6586    38.9588    29.1049 0.0000e+00
    387.000    14.7136     0.1768    98.3823 1.0000e-12 2.9079e+00    178.835    14.6535    38.9581    29.1055 0.0000e+00
    388.000    14.7076     0.1736    98.3826 1.0000e-12 1.6859e+00    178.793    14.6473    38.9574    29.1063 0.0000e+00
    389.000    14.7021     0.1768    98.3857 1.0000e-12 2.4403e+00    178.070    14.6417    38.9565    29.1069 0.0000e+00
    390.000    14.6944     0.1776    98.3905 1.0000e-12 2.2283e+00    178.164    14.6339    38.9554    29.1078 0.0000e+00
    391.000    14.6918     0.1786    98.3933 1.0000e-12 2.3123e+00    178.453    14.6311    38.9551    29.1082 0.0000e+00
    392.000    14.6911     0.1788    98.3917 1.0000e-12 2.6445e+00    178.627    14.6302    38.9550    29.1082 0.0000e+00
    393.000    14.6923     0.1848    98.3857 1.0000e-12 2.2690e+00    178.261    14.6313    38.9553    29.1083 0.0000e+00
    394.000    14.6934     0.1793    98.3937 1.0000e-12 3.2571e+00    178.189    14.6323    38.9555    29.1082 0.0000e+00
    395.000    14.6941     0.1799    98.3909 1.0000e-12 2.2406e+00    178.349    14.6328    38.9555    29.1081 0.0000e+00
