Data/ruptures/PEACETIME/ION/PEACETIME_ION_CTD_042.cnv
* Sea-Bird SBE 9 Data File:
* FileName = C:\CTD\rawCTD\PEACETIME_ION_CTD_042.hdr
* Software Version Seasave V 7.23.2
* Temperature SN = 1378
* Conductivity SN = 2929
* Number of Bytes Per Scan = 38
* Number of Voltage Words = 5
* Number of Scans Averaged by the Deck Unit = 1
* NMEA Latitude = 35 29.35 N
* NMEA Longitude = 019 46.59 E
* NMEA UTC (Time) = May 26 2017  12:29:32
* NMEA baud rate = 4800
** Cruise:   PEACETIME
** Station:   ION_CTD_042
# nquan = 11
# nvalues = 501                         
# units = specified
# name 0 = prDM: Pressure, Digiquartz [db]
# name 1 = t090C: Temperature [ITS-90, deg C]
# name 2 = flC: Fluorescence, Chelsea Aqua 3 Chl Con [ug/l]
# name 3 = CStarTr0: Beam Transmission, WET Labs C-Star [%]
# name 4 = par: PAR/Irradiance, Biospherical/Licor
# name 5 = spar: SPAR/Surface Irradiance
# name 6 = sbeox0Mm/Kg: Oxygen, SBE 43 [umol/kg]
# name 7 = potemp090C: Potential Temperature [ITS-90, deg C]
# name 8 = sal00: Salinity, Practical [PSU]
# name 9 = sigma-é00: Density [sigma-theta, kg/m^3]
# name 10 = flag:
# span 0 =      2.000,    502.000       
# span 1 =    14.3666,    20.9377       
# span 2 =     0.1637,     0.3709       
# span 3 =    95.9231,    98.4360       
# span 4 = -4.460e-05, 4.0673e+02       
# span 5 = 1.3676e+03, 2.9056e+03       
# span 6 =    171.878,    231.239       
# span 7 =    14.2896,    20.9373       
# span 8 =    38.9044,    39.0526       
# span 9 =    27.5507,    29.1447       
# span 10 = 0.0000e+00, 0.0000e+00      
# interval = decibars: 1                
# start_time = May 26 2017 12:32:08 [NMEA time, first data scan]
# bad_flag = -9.990e-29
*END*
[from data line 132]
    134.000    15.7841     0.1887    98.1883 1.1749e+00 2.1536e+03    209.009    15.7625    39.0212    28.9005 0.0000e+00
    135.000    15.7784     0.1915    98.2014 1.1431e+00 2.0917e+03    208.773    15.7566    39.0205    28.9013 0.0000e+00
    136.000    15.7763     0.1911    98.1952 1.1074e+00 2.1231e+03    208.739    15.7544    39.0206    28.9019 0.0000e+00
    137.000    15.7751     0.1900    98.1578 1.0748e+00 2.1725e+03    207.973    15.7530    39.0219    28.9032 0.0000e+00
    138.000    15.7768     0.1900    98.1925 1.0481e+00 2.2178e+03    208.005    15.7546    39.0241    28.9045 0.0000e+00
    139.000    15.7883     0.1864    98.2078 1.0250e+00 2.3971e+03    208.123    15.7659    39.0301    28.9065 0.0000e+00
    140.000    15.7911     0.1989    98.2009 9.9846e-01 2.6528e+03    207.439    15.7685    39.0317    28.9072 0.0000e+00
    141.000    15.7779     0.2027    98.1557 9.7399e-01 2.7661e+03    207.319    15.7551    39.0290    28.9082 0.0000e+00
    142.000    15.7690     0.1967    98.2129 9.5972e-01 2.8120e+03    207.289    15.7461    39.0271    28.9088 0.0000e+00
    143.000    15.7546     0.1928    98.1988 9.3873e-01 2.7543e+03    207.280    15.7316    39.0238    28.9097 0.0000e+00
    144.000    15.7269     0.1900    98.2341 9.1299e-01 2.5373e+03    207.378    15.7037    39.0195    28.9129 0.0000e+00
    145.000    15.7102     0.1905    98.2266 8.9277e-01 2.3222e+03    207.216    15.6868    39.0166    28.9145 0.0000e+00
    146.000    15.6961     0.1901    98.2285 8.6704e-01 2.2836e+03    206.622    15.6726    39.0140    28.9158 0.0000e+00
    147.000    15.6902     0.1841    98.2570 8.3406e-01 2.5492e+03    206.576    15.6666    39.0129    28.9165 0.0000e+00
    148.000    15.6822     0.1813    98.2574 7.9482e-01 2.8278e+03    206.890    15.6584    39.0113    28.9171 0.0000e+00
    149.000    15.6806     0.1786    98.2461 7.5472e-01 2.8380e+03    206.825    15.6566    39.0110    28.9173 0.0000e+00
    150.000    15.6793     0.1804    98.2542 7.1106e-01 2.8232e+03    206.887    15.6551    39.0109    28.9176 0.0000e+00
    151.000    15.6755     0.1852    98.2362 6.6588e-01 2.8557e+03    206.566    15.6513    39.0114    28.9188 0.0000e+00
    152.000    15.6759     0.1832    98.2291 6.2626e-01 2.8744e+03    206.104    15.6515    39.0126    28.9198 0.0000e+00
    153.000    15.6782     0.1787    98.2178 5.8827e-01 2.8793e+03    206.455    15.6536    39.0140    28.9203 0.0000e+00
    154.000    15.6824     0.1808    98.2284 5.5107e-01 2.8806e+03    206.402    15.6576    39.0168    28.9215 0.0000e+00
    155.000    15.6840     0.1816    98.2120 5.1665e-01 2.8834e+03    205.881    15.6591    39.0179    28.9220 0.0000e+00
    156.000    15.6869     0.1854    98.2377 4.8453e-01 2.8796e+03    205.739    15.6618    39.0193    28.9225 0.0000e+00
    157.000    15.6896     0.1787    98.2533 4.5754e-01 2.8817e+03    206.376    15.6643    39.0207    28.9230 0.0000e+00
    158.000    15.6949     0.1823    98.2577 4.3240e-01 2.8707e+03    205.355    15.6695    39.0239    28.9242 0.0000e+00
    159.000    15.6966     0.1875    98.2541 4.0816e-01 2.7932e+03    205.706    15.6710    39.0249    28.9247 0.0000e+00
    160.000    15.6987     0.1894    98.2582 3.8516e-01 2.2385e+03    206.047    15.6730    39.0265    28.9255 0.0000e+00
    161.000    15.6998     0.1893    98.2646 3.6778e-01 1.7813e+03    206.168    15.6739    39.0275    28.9260 0.0000e+00
    162.000    15.7012     0.1910    98.2480 3.4750e-01 1.7348e+03    205.830    15.6751    39.0289    28.9268 0.0000e+00
    163.000    15.7020     0.1908    98.2203 3.3168e-01 1.6805e+03    204.978    15.6757    39.0303    28.9278 0.0000e+00
    164.000    15.6989     0.1926    98.2737 3.1476e-01 1.6599e+03    205.386    15.6725    39.0302    28.9284 0.0000e+00
    165.000    15.6928     0.1914    98.2622 2.9800e-01 1.6515e+03    205.571    15.6662    39.0291    28.9290 0.0000e+00
    166.000    15.6923     0.1872    98.2287 2.8264e-01 1.6408e+03    205.389    15.6656    39.0304    28.9302 0.0000e+00
    167.000    15.6937     0.1836    98.2492 2.7182e-01 1.6299e+03    205.485    15.6668    39.0315    28.9307 0.0000e+00
    168.000    15.6925     0.1841    98.2647 2.5873e-01 1.6233e+03    205.266    15.6654    39.0314    28.9310 0.0000e+00
    169.000    15.6927     0.1802    98.2680 2.4845e-01 1.6187e+03    204.813    15.6655    39.0323    28.9317 0.0000e+00
    170.000    15.6861     0.1794    98.2603 2.3689e-01 1.6094e+03    204.898    15.6588    39.0323    28.9332 0.0000e+00
    171.000    15.6770     0.1897    98.2770 2.2495e-01 1.6043e+03    204.903    15.6495    39.0321    28.9352 0.0000e+00
    172.000    15.6805     0.1886    98.2924 2.1540e-01 1.5987e+03    205.744    15.6528    39.0338    28.9358 0.0000e+00
    173.000    15.6833     0.1829    98.2907 2.0632e-01 1.5892e+03    205.605    15.6554    39.0354    28.9364 0.0000e+00
    174.000    15.6840     0.1851    98.2748 1.9999e-01 1.5892e+03    205.438    15.6560    39.0358    28.9366 0.0000e+00
    175.000    15.6835     0.1889    98.2940 1.9412e-01 1.5835e+03    205.054    15.6553    39.0356    28.9366 0.0000e+00
    176.000    15.6832     0.1880    98.2648 1.8710e-01 1.5847e+03    205.182    15.6548    39.0354    28.9365 0.0000e+00
    177.000    15.6814     0.1868    98.2758 1.7837e-01 1.5764e+03    205.346    15.6529    39.0350    28.9367 0.0000e+00
    178.000    15.6800     0.1915    98.2756 1.7513e-01 1.5799e+03    205.046    15.6514    39.0351    28.9372 0.0000e+00
    179.000    15.6774     0.1903    98.2882 1.6651e-01 1.5751e+03    204.671    15.6486    39.0347    28.9375 0.0000e+00
    180.000    15.6713     0.1863    98.2949 1.6122e-01 1.5691e+03    204.524    15.6424    39.0336    28.9381 0.0000e+00
    181.000    15.6673     0.1777    98.2924 1.5431e-01 1.5691e+03    204.497    15.6381    39.0330    28.9386 0.0000e+00
    182.000    15.6686     0.1828    98.3164 1.5011e-01 1.5626e+03    205.234    15.6393    39.0338    28.9389 0.0000e+00
    183.000    15.6737     0.1850    98.3095 1.4393e-01 1.5647e+03    205.381    15.6442    39.0365    28.9399 0.0000e+00
    184.000    15.6738     0.1802    98.2907 1.3900e-01 1.5586e+03    205.247    15.6442    39.0375    28.9406 0.0000e+00
    185.000    15.6730     0.1820    98.3117 1.3614e-01 1.5582e+03    205.484    15.6433    39.0379    28.9411 0.0000e+00
    186.000    15.6703     0.1805    98.2954 1.3099e-01 1.5621e+03    205.455    15.6404    39.0375    28.9415 0.0000e+00
    187.000    15.6673     0.1834    98.3020 1.2889e-01 1.5614e+03    205.049    15.6372    39.0372    28.9420 0.0000e+00
    188.000    15.6659     0.1817    98.3095 1.2565e-01 1.5619e+03    205.651    15.6356    39.0374    28.9425 0.0000e+00
    189.000    15.6719     0.1787    98.3106 1.2238e-01 1.5600e+03    206.018    15.6415    39.0406    28.9437 0.0000e+00
    190.000    15.6881     0.1790    98.3020 1.1942e-01 1.5639e+03    206.627    15.6575    39.0473    28.9451 0.0000e+00
    191.000    15.6892     0.1824    98.3077 1.1678e-01 1.5703e+03    206.452    15.6585    39.0483    28.9456 0.0000e+00
    192.000    15.6811     0.1781    98.3257 1.1189e-01 1.5766e+03    206.055    15.6501    39.0486    28.9478 0.0000e+00
    193.000    15.6740     0.1757    98.3349 1.0999e-01 1.5819e+03    205.968    15.6430    39.0487    28.9495 0.0000e+00
    194.000    15.6680     0.1828    98.3103 1.0863e-01 1.5893e+03    206.358    15.6368    39.0485    28.9508 0.0000e+00
    195.000    15.6643     0.1825    98.3322 1.0774e-01 1.6181e+03    205.775    15.6329    39.0479    28.9513 0.0000e+00
    196.000    15.6624     0.1798    98.3404 1.0347e-01 1.6116e+03    205.321    15.6309    39.0479    28.9518 0.0000e+00
    197.000    15.6578     0.1812    98.3384 1.0218e-01 1.6047e+03    205.592    15.6261    39.0472    28.9523 0.0000e+00
    198.000    15.6527     0.1783    98.3353 1.0168e-01 1.6017e+03    205.351    15.6208    39.0463    28.9529 0.0000e+00
    199.000    15.6488     0.1803    98.3404 1.0175e-01 1.6082e+03    205.458    15.6168    39.0456    28.9532 0.0000e+00
    200.000    15.6460     0.1792    98.3453 9.9253e-02 1.6170e+03    204.985    15.6139    39.0450    28.9535 0.0000e+00
    201.000    15.6393     0.1811    98.3391 1.0022e-01 1.6213e+03    204.656    15.6069    39.0434    28.9539 0.0000e+00
    202.000    15.6285     0.1834    98.3419 9.8610e-02 1.6236e+03    204.687    15.5960    39.0418    28.9552 0.0000e+00
    203.000    15.6177     0.1805    98.3436 9.4572e-02 1.6292e+03    203.970    15.5851    39.0402    28.9564 0.0000e+00
    204.000    15.5981     0.1765    98.3419 9.2840e-02 1.6314e+03    203.210    15.5653    39.0363    28.9580 0.0000e+00
    205.000    15.5905     0.1766    98.3229 9.0747e-02 1.6364e+03    202.704    15.5576    39.0347    28.9586 0.0000e+00
    206.000    15.5759     0.1731    98.3370 8.9057e-02 1.6447e+03    202.386    15.5429    39.0313    28.9594 0.0000e+00
    207.000    15.5689     0.1731    98.3403 8.7160e-02 1.6566e+03    202.917    15.5357    39.0323    28.9618 0.0000e+00
    208.000    15.5697     0.1735    98.3436 8.6633e-02 1.6725e+03    202.888    15.5363    39.0330    28.9622 0.0000e+00
    209.000    15.5774     0.1732    98.3367 8.6674e-02 1.6990e+03    203.017    15.5439    39.0372    28.9637 0.0000e+00
    210.000    15.5819     0.1776    98.3081 8.2810e-02 1.7537e+03    203.322    15.5483    39.0395    28.9645 0.0000e+00
    211.000    15.5798     0.1744    98.3289 7.8859e-02 1.9786e+03    203.086    15.5459    39.0396    28.9651 0.0000e+00
    212.000    15.5807     0.1731    98.3404 7.9023e-02 2.2890e+03    202.978    15.5467    39.0410    28.9660 0.0000e+00
    213.000    15.5864     0.1761    98.3436 7.8729e-02 2.3418e+03    203.673    15.5522    39.0438    28.9669 0.0000e+00
    214.000    15.5862     0.1750    98.3394 7.5396e-02 2.4840e+03    202.913    15.5519    39.0440    28.9671 0.0000e+00
    215.000    15.5860     0.1790    98.3427 7.2201e-02 2.4697e+03    202.510    15.5515    39.0443    28.9675 0.0000e+00
    216.000    15.5859     0.1730    98.3419 7.1484e-02 2.1741e+03    202.340    15.5513    39.0444    28.9675 0.0000e+00
    217.000    15.5846     0.1694    98.3418 6.9050e-02 2.1593e+03    202.272    15.5498    39.0441    28.9677 0.0000e+00
    218.000    15.5792     0.1722    98.3322 6.7516e-02 2.2728e+03    201.891    15.5442    39.0431    28.9682 0.0000e+00
    219.000    15.5736     0.1757    98.3174 6.4644e-02 2.3585e+03    201.900    15.5385    39.0423    28.9689 0.0000e+00
    220.000    15.5709     0.1753    98.3447 6.1480e-02 2.3151e+03    201.824    15.5356    39.0420    28.9693 0.0000e+00
    221.000    15.5691     0.1774    98.3219 5.9036e-02 2.2609e+03    201.379    15.5336    39.0419    28.9697 0.0000e+00
    222.000    15.5662     0.1822    98.3436 5.5937e-02 2.1807e+03    201.392    15.5306    39.0418    28.9703 0.0000e+00
    223.000    15.5590     0.1766    98.3463 5.5537e-02 2.1509e+03    201.126    15.5232    39.0405    28.9711 0.0000e+00
    224.000    15.5553     0.1757    98.3399 5.6101e-02 2.1548e+03    201.106    15.5194    39.0399    28.9715 0.0000e+00
    225.000    15.5536     0.1766    98.3337 5.6514e-02 2.1537e+03    201.497    15.5176    39.0393    28.9715 0.0000e+00
    226.000    15.5518     0.1742    98.3426 5.5505e-02 2.1719e+03    201.330    15.5156    39.0389    28.9716 0.0000e+00
    227.000    15.5481     0.1718    98.3325 5.3060e-02 2.2037e+03    201.165    15.5117    39.0378    28.9717 0.0000e+00
    228.000    15.5299     0.1711 -9.990e-29 5.1430e-02 2.2171e+03    200.992    15.4934    39.0351    28.9738 0.0000e+00
    229.000    15.5299     0.1703 -9.990e-29 5.2310e-02 2.1971e+03    200.955    15.4932    39.0368    28.9751 0.0000e+00
    230.000    15.5350     0.1728 -9.990e-29 5.1811e-02 2.1912e+03    201.362    15.4981    39.0399    28.9764 0.0000e+00
    231.000    15.5346     0.1797    98.3419 4.9680e-02 2.1101e+03    201.846    15.4976    39.0399    28.9765 0.0000e+00
    232.000    15.5332     0.1799    98.3594 4.9500e-02 2.0985e+03    201.789    15.4960    39.0399    28.9768 0.0000e+00
    233.000    15.5328     0.1831    98.3516 4.9757e-02 2.1303e+03    201.409    15.4955    39.0397    28.9769 0.0000e+00
    234.000    15.5298     0.1831    98.3072 4.9376e-02 2.1727e+03    200.922    15.4923    39.0388    28.9769 0.0000e+00
    235.000    15.5038     0.1820    98.3366 4.6806e-02 2.1490e+03    200.362    15.4662    39.0320    28.9777 0.0000e+00
    236.000    15.4821     0.1752    98.3532 4.6891e-02 2.1586e+03    199.974    15.4443    39.0284    28.9800 0.0000e+00
    237.000    15.4709     0.1755    98.3473 4.4839e-02 2.1452e+03    199.872    15.4330    39.0256    28.9804 0.0000e+00
    238.000    15.4606     0.1778    98.3546 4.6250e-02 2.1501e+03    199.683    15.4226    39.0249    28.9823 0.0000e+00
    239.000    15.4640     0.1794    98.3570 4.4925e-02 2.1804e+03    199.679    15.4258    39.0266    28.9828 0.0000e+00
    240.000    15.4631     0.1752    98.3506 4.3399e-02 2.3432e+03    199.533    15.4247    39.0263    28.9828 0.0000e+00
    241.000    15.4538     0.1713    98.3604 3.9186e-02 2.4753e+03    198.365    15.4153    39.0234    28.9828 0.0000e+00
    242.000    15.4291     0.1684    98.3600 3.6970e-02 2.5448e+03    197.856    15.3905    39.0174    28.9839 0.0000e+00
    243.000    15.4120     0.1699    98.3625 3.7551e-02 2.5572e+03    198.014    15.3733    39.0139    28.9851 0.0000e+00
    244.000    15.4080     0.1731    98.3615 3.6451e-02 2.5148e+03    197.560    15.3691    39.0132    28.9856 0.0000e+00
    245.000    15.4053     0.1744    98.3518 3.6233e-02 2.4404e+03    197.149    15.3663    39.0125    28.9857 0.0000e+00
    246.000    15.3985     0.1727    98.3613 3.6226e-02 2.3392e+03    197.414    15.3593    39.0108    28.9860 0.0000e+00
    247.000    15.3731     0.1716    98.3535 3.4808e-02 2.3626e+03    196.889    15.3338    39.0054    28.9877 0.0000e+00
    248.000    15.3677     0.1712    98.3391 3.1708e-02 2.4789e+03    196.983    15.3282    39.0053    28.9889 0.0000e+00
    249.000    15.3720     0.1642    98.3614 3.0896e-02 2.5441e+03    197.428    15.3323    39.0072    28.9894 0.0000e+00
    250.000    15.3773     0.1637    98.3499 3.1854e-02 2.5481e+03    198.347    15.3375    39.0096    28.9901 0.0000e+00
    251.000    15.3958     0.1727    98.3373 3.0128e-02 2.5063e+03    198.679    15.3558    39.0198    28.9938 0.0000e+00
    252.000    15.4008     0.1740    98.3566 2.7759e-02 2.4371e+03    198.198    15.3606    39.0232    28.9953 0.0000e+00
    253.000    15.4089     0.1711    98.3363 2.7174e-02 2.4263e+03    198.581    15.3686    39.0290    28.9979 0.0000e+00
    254.000    15.4196     0.1750    98.3519 2.5950e-02 2.4596e+03    198.289    15.3791    39.0338    28.9992 0.0000e+00
    255.000    15.4156     0.1731    98.3482 2.4928e-02 2.4983e+03    198.246    15.3749    39.0330    28.9995 0.0000e+00
    256.000    15.4144     0.1740    98.3609 2.5929e-02 2.5543e+03    197.786    15.3735    39.0326    28.9995 0.0000e+00
    257.000    15.4144     0.1710    98.3622 2.2853e-02 2.6195e+03    198.111    15.3734    39.0326    28.9996 0.0000e+00
    258.000    15.4151     0.1729    98.3566 2.2324e-02 2.6670e+03    197.882    15.3740    39.0328    28.9996 0.0000e+00
    259.000    15.4031     0.1763    98.3409 2.2495e-02 2.5863e+03    196.762    15.3618    39.0289    28.9993 0.0000e+00
    260.000    15.3734     0.1787    98.3454 2.2863e-02 2.3762e+03    196.217    15.3320    39.0229    29.0016 0.0000e+00
    261.000    15.3418     0.1754    98.3517 2.2263e-02 2.4657e+03    195.687    15.3003    39.0149    29.0027 0.0000e+00
    262.000    15.3240     0.1732    98.3696 2.1626e-02 2.7364e+03    195.269    15.2823    39.0115    29.0042 0.0000e+00
    263.000    15.3223     0.1664    98.3613 2.1513e-02 2.8031e+03    195.075    15.2805    39.0110    29.0043 0.0000e+00
