Data/ruptures/PEACETIME/ION/PEACETIME_ION_CTD_049.cnv
* Sea-Bird SBE 9 Data File:
* FileName = C:\CTD\rawCTD\PEACETIME_ION_CTD_049.hdr
* Software Version Seasave V 7.23.2
* Temperature SN = 1378
* Conductivity SN = 2929
* Number of Bytes Per Scan = 38
* Number of Voltage Words = 5
* Number of Scans Averaged by the Deck Unit = 1
* NMEA Latitude = 35 29.35 N
* NMEA Longitude = 019 46.59 E
* NMEA UTC (Time) = May 28 2017  03:45:02
* NMEA baud rate = 4800
** Cruise:   PEACETIME
** Station:   ION_CTD_049
# nquan = 11
# nvalues = 3144                        
# units = specified
# name 0 = prDM: Pressure, Digiquartz [db]
# name 1 = t090C: Temperature [ITS-90, deg C]
# name 2 = flC: Fluorescence, Chelsea Aqua 3 Chl Con [ug/l]
# name 3 = CStarTr0: Beam Transmission, WET Labs C-Star [%]
# name 4 = par: PAR/Irradiance, Biospherical/Licor
# name 5 = spar: SPAR/Surface Irradiance
# name 6 = sbeox0Mm/Kg: Oxygen, SBE 43 [umol/kg]
# name 7 = potemp090C: Potential Temperature [ITS-90, deg C]
# name 8 = sal00: Salinity, Practical [PSU]
# name 9 = sigma-é00: Density [sigma-theta, kg/m^3]
# name 10 = flag:
# span 0 =      3.000,   3146.000       
# span 1 =    13.7804,    20.5029       
# span 2 =     0.1702,     0.3350       
# span 3 =    96.4068,    98.5517       
# span 4 = -1.665e-05, 3.0019e+01       
# span 5 = 1.9439e+02, 1.2877e+03       
# span 6 =    167.710,    231.295       
# span 7 =    13.4270,    20.4998       
# span 8 =    38.7332,    39.0760       
# span 9 =    27.7010,    29.1990       
# span 10 = 0.0000e+00, 0.0000e+00      
# interval = decibars: 1                
# start_time = May 28 2017 03:49:07 [NMEA time, first data scan]
# bad_flag = -9.990e-29
*END*
[from data line 2755]
   2758.000    13.8809     0.1949    98.5304 3.6257e-05 1.1630e+03    177.780    13.4393    38.7342    29.1969 0.0000e+00
   2759.000    13.8810     0.1907    98.5309 1.6135e-04 1.1593e+03    177.842    13.4392    38.7342    29.1969 0.0000e+00
   2760.000    13.8811     0.1895    98.5257 4.1629e-05 1.1635e+03    177.947    13.4392    38.7342    29.1969 0.0000e+00
   2761.000    13.8812     0.1872 -9.990e-29 4.9124e-04 1.1596e+03    177.738    13.4391    38.7343    29.1970 0.0000e+00
   2762.000    13.8813     0.1860 -9.990e-29 1.3732e-03 1.1569e+03    177.571    13.4390    38.7343    29.1970 0.0000e+00
   2763.000    13.8815     0.1832 -9.990e-29 2.2640e-03 1.1532e+03    177.609    13.4391    38.7341    29.1968 0.0000e+00
   2764.000    13.8816     0.1919    98.5292 1.5924e-03 1.1586e+03    177.748    13.4390    38.7342    29.1969 0.0000e+00
   2765.000    13.8817     0.1901    98.5347 3.1088e-03 1.1512e+03    178.090    13.4389    38.7342    29.1969 0.0000e+00
   2766.000    13.8819     0.1877    98.5309 2.5121e-03 1.1548e+03    178.129    13.4389    38.7342    29.1969 0.0000e+00
   2767.000    13.8818     0.1852    98.5309 1.1837e-03 1.1583e+03    178.103    13.4387    38.7341    29.1970 0.0000e+00
   2768.000    13.8818     0.1842    98.5300 1.2500e-03 1.1576e+03    178.265    13.4385    38.7342    29.1970 0.0000e+00
   2769.000    13.8819     0.1863    98.5325 1.2954e-03 1.1580e+03    178.121    13.4384    38.7341    29.1970 0.0000e+00
   2770.000    13.8819     0.1816    98.5363 2.9563e-03 1.1589e+03    177.692    13.4382    38.7342    29.1971 0.0000e+00
   2771.000    13.8820     0.1819    98.5199 8.5915e-04 1.1647e+03    177.739    13.4382    38.7342    29.1971 0.0000e+00
   2772.000    13.8821     0.1816    98.5313 1.9306e-04 1.1614e+03    177.816    13.4381    38.7341    29.1971 0.0000e+00
   2773.000    13.8822     0.1787    98.5357 5.8692e-04 1.1657e+03    177.901    13.4380    38.7341    29.1970 0.0000e+00
   2774.000    13.8822     0.1847    98.5377 2.3161e-03 1.1643e+03    177.800    13.4378    38.7341    29.1971 0.0000e+00
   2775.000    13.8824     0.1891    98.5310 1.2889e-03 1.1620e+03    177.805    13.4379    38.7340    29.1971 0.0000e+00
   2776.000    13.8824     0.1952    98.5316 1.3434e-03 1.1583e+03    177.680    13.4377    38.7342    29.1972 0.0000e+00
   2777.000    13.8826     0.1934    98.5335 1.1193e-03 1.1606e+03    177.642    13.4377    38.7341    29.1971 0.0000e+00
   2778.000    13.8826     0.1877    98.5281 9.8664e-04 1.1647e+03    177.635    13.4375    38.7340    29.1971 0.0000e+00
   2779.000    13.8825     0.1903    98.5321 4.3022e-04 1.1571e+03    177.648    13.4372    38.7340    29.1972 0.0000e+00
   2780.000    13.8826     0.1915    98.5357 1.2436e-03 1.1574e+03    177.838    13.4372    38.7340    29.1972 0.0000e+00
   2781.000    13.8827     0.1867    98.5319 4.6431e-04 1.1543e+03    177.738    13.4372    38.7340    29.1972 0.0000e+00
   2782.000    13.8828     0.1872    98.5359 6.7735e-04 1.1573e+03    177.619    13.4370    38.7339    29.1972 0.0000e+00
   2783.000    13.8828     0.1903    98.5305 2.1490e-05 1.1560e+03    177.708    13.4369    38.7339    29.1972 0.0000e+00
   2784.000    13.8829     0.1920    98.5302 7.8902e-08 1.1548e+03    177.700    13.4368    38.7339    29.1972 0.0000e+00
   2785.000    13.8830     0.1880    98.5361 2.4767e-04 1.1466e+03    177.697    13.4368    38.7339    29.1972 0.0000e+00
   2786.000    13.8832     0.1848 -9.990e-29 8.7769e-05 1.1423e+03    177.805    13.4367    38.7340    29.1973 0.0000e+00
   2787.000    13.8833     0.1911 -9.990e-29 1.0774e-04 1.1430e+03    177.923    13.4367    38.7339    29.1972 0.0000e+00
   2788.000    13.8835     0.1911 -9.990e-29 1.4642e-04 1.1374e+03    178.156    13.4367    38.7339    29.1972 0.0000e+00
   2789.000    13.8836     0.1884    98.5517 3.2966e-04 1.1331e+03    178.041    13.4366    38.7340    29.1973 0.0000e+00
   2790.000    13.8837     0.1857    98.5352 4.6796e-04 1.1342e+03    177.924    13.4365    38.7339    29.1973 0.0000e+00
   2791.000    13.8836     0.1817    98.5286 3.0678e-04 1.1354e+03    177.973    13.4363    38.7340    29.1974 0.0000e+00
   2792.000    13.8837     0.1827    98.5311 2.8222e-04 1.1409e+03    177.852    13.4363    38.7340    29.1974 0.0000e+00
   2793.000    13.8839     0.1844    98.5369 1.9592e-03 1.1442e+03    177.911    13.4363    38.7340    29.1974 0.0000e+00
   2794.000    13.8842     0.1873    98.5343 1.4518e-03 1.1505e+03    177.854    13.4363    38.7340    29.1973 0.0000e+00
   2795.000    13.8843     0.1845    98.5245 1.8733e-03 1.1543e+03    177.755    13.4363    38.7338    29.1972 0.0000e+00
   2796.000    13.8845     0.1873    98.5310 2.8775e-05 1.1574e+03    177.843    13.4363    38.7338    29.1972 0.0000e+00
   2797.000    13.8844     0.1880    98.5319 6.2119e-04 1.1657e+03    177.919    13.4360    38.7339    29.1973 0.0000e+00
   2798.000    13.8845     0.1898    98.5307 5.6439e-04 1.1558e+03    177.759    13.4359    38.7339    29.1973 0.0000e+00
   2799.000    13.8847     0.1895    98.5361 9.0139e-04 1.1546e+03    177.866    13.4360    38.7338    29.1972 0.0000e+00
   2800.000    13.8849     0.1878    98.5316 4.3019e-04 1.1559e+03    178.132    13.4360    38.7339    29.1974 0.0000e+00
   2801.000    13.8851     0.1811    98.5269 1.2752e-03 1.1509e+03    178.036    13.4360    38.7339    29.1974 0.0000e+00
   2802.000    13.8852     0.1864    98.5327 1.9518e-04 1.1497e+03    177.938    13.4360    38.7339    29.1974 0.0000e+00
   2803.000    13.8854     0.1859    98.5303 1.6398e-03 1.1547e+03    177.814    13.4360    38.7339    29.1974 0.0000e+00
   2804.000    13.8856     0.1857    98.5317 1.8584e-03 1.1539e+03    177.984    13.4360    38.7338    29.1972 0.0000e+00
   2805.000    13.8858     0.1943    98.5319 5.8564e-04 1.1590e+03    178.240    13.4360    38.7338    29.1973 0.0000e+00
   2806.000    13.8859     0.1878    98.5325 5.2909e-04 1.1591e+03    178.245    13.4360    38.7339    29.1973 0.0000e+00
   2807.000    13.8860     0.1843    98.5304 1.9277e-04 1.1642e+03    177.931    13.4358    38.7340    29.1975 0.0000e+00
   2808.000    13.8861     0.1876    98.5316 1.2640e-03 1.1652e+03    177.669    13.4358    38.7339    29.1974 0.0000e+00
   2809.000    13.8863     0.1818    98.5325 1.5501e-04 1.1718e+03    177.813    13.4358    38.7338    29.1973 0.0000e+00
   2810.000    13.8864     0.1820    98.5307 7.2702e-04 1.1717e+03    177.804    13.4358    38.7337    29.1973 0.0000e+00
   2811.000    13.8864     0.1796    98.5344 2.9681e-04 1.1751e+03    177.930    13.4356    38.7338    29.1974 0.0000e+00
   2812.000    13.8866     0.1797 -9.990e-29 4.5549e-04 1.1742e+03    177.889    13.4357    38.7338    29.1973 0.0000e+00
   2813.000    13.8867     0.1810 -9.990e-29 8.7297e-05 1.1733e+03    177.903    13.4356    38.7338    29.1974 0.0000e+00
   2814.000    13.8868     0.1801 -9.990e-29 3.9190e-04 1.1685e+03    177.937    13.4355    38.7338    29.1974 0.0000e+00
   2815.000    13.8870     0.1778    98.5337 1.5491e-04 1.1729e+03    177.983    13.4355    38.7337    29.1973 0.0000e+00
   2816.000    13.8870     0.1799    98.5340 -3.476e-07 1.1734e+03    178.079    13.4353    38.7338    29.1974 0.0000e+00
   2817.000    13.8870     0.1810    98.5322 1.9839e-04 1.1708e+03    177.870    13.4352    38.7338    29.1974 0.0000e+00
   2818.000    13.8870     0.1807    98.5302 8.1995e-04 1.1745e+03    178.264    13.4350    38.7338    29.1975 0.0000e+00
   2819.000    13.8872     0.1812    98.5239 4.7419e-07 1.1745e+03    178.077    13.4350    38.7339    29.1975 0.0000e+00
   2820.000    13.8873     0.1876 -9.990e-29 3.1274e-04 1.1690e+03    177.754    13.4349    38.7337    29.1974 0.0000e+00
   2821.000    13.8874     0.1911 -9.990e-29 4.5574e-04 1.1728e+03    177.840    13.4348    38.7338    29.1975 0.0000e+00
   2822.000    13.8875     0.1862 -9.990e-29 1.3393e-03 1.1735e+03    177.961    13.4348    38.7337    29.1975 0.0000e+00
   2823.000    13.8877     0.1840 -9.990e-29 4.7882e-04 1.1732e+03    178.122    13.4348    38.7336    29.1974 0.0000e+00
   2824.000    13.8879     0.1843 -9.990e-29 1.4396e-03 1.1771e+03    178.224    13.4348    38.7338    29.1975 0.0000e+00
   2825.000    13.8880     0.1827 -9.990e-29 5.8183e-04 1.1750e+03    178.127    13.4348    38.7338    29.1975 0.0000e+00
   2826.000    13.8882     0.1822 -9.990e-29 2.0592e-03 1.1769e+03    177.923    13.4347    38.7338    29.1975 0.0000e+00
   2827.000    13.8885     0.1837 -9.990e-29 2.3373e-03 1.1751e+03    178.137    13.4349    38.7337    29.1974 0.0000e+00
   2828.000    13.8885     0.1866    98.5257 3.3572e-03 1.1738e+03    177.995    13.4348    38.7338    29.1976 0.0000e+00
   2829.000    13.8886     0.1869    98.5312 5.8100e-04 1.1712e+03    177.774    13.4347    38.7338    29.1975 0.0000e+00
   2830.000    13.8888     0.1855    98.5333 6.6680e-04 1.1752e+03    178.049    13.4347    38.7338    29.1975 0.0000e+00
   2831.000    13.8891     0.1849    98.5348 8.1210e-04 1.1733e+03    178.090    13.4348    38.7336    29.1974 0.0000e+00
   2832.000    13.8890     0.1829    98.5255 3.3207e-04 1.1710e+03    177.909    13.4346    38.7338    29.1976 0.0000e+00
   2833.000    13.8893     0.1799 -9.990e-29 1.2293e-03 1.1683e+03    178.195    13.4346    38.7336    29.1974 0.0000e+00
   2834.000    13.8894     0.1820 -9.990e-29 2.1580e-03 1.1715e+03    178.216    13.4346    38.7337    29.1975 0.0000e+00
   2835.000    13.8894     0.1870 -9.990e-29 3.9518e-04 1.1689e+03    178.192    13.4344    38.7338    29.1976 0.0000e+00
   2836.000    13.8897     0.1915 -9.990e-29 8.5528e-04 1.1738e+03    178.214    13.4346    38.7337    29.1975 0.0000e+00
   2837.000    13.8899     0.1900 -9.990e-29 5.3342e-04 1.1741e+03    177.999    13.4345    38.7337    29.1975 0.0000e+00
   2838.000    13.8902     0.1864 -9.990e-29 8.6737e-04 1.1717e+03    177.443    13.4346    38.7336    29.1974 0.0000e+00
   2839.000    13.8899     0.1869 -9.990e-29 1.2539e-03 1.1689e+03    177.419    13.4342    38.7339    29.1977 0.0000e+00
   2840.000    13.8899     0.1898 -9.990e-29 6.0113e-04 1.1697e+03    177.814    13.4341    38.7338    29.1977 0.0000e+00
   2841.000    13.8900     0.1873 -9.990e-29 5.2376e-04 1.1717e+03    177.995    13.4340    38.7337    29.1976 0.0000e+00
   2842.000    13.8901     0.1856 -9.990e-29 2.6272e-04 1.1748e+03    177.774    13.4339    38.7337    29.1976 0.0000e+00
   2843.000    13.8900     0.1866 -9.990e-29 6.6849e-04 1.1719e+03    177.871    13.4336    38.7337    29.1977 0.0000e+00
   2844.000    13.8900     0.1876 -9.990e-29 1.0761e-04 1.1728e+03    177.850    13.4335    38.7337    29.1977 0.0000e+00
   2845.000    13.8903     0.1870 -9.990e-29 9.3815e-04 1.1703e+03    177.722    13.4335    38.7337    29.1977 0.0000e+00
   2846.000    13.8901     0.1862 -9.990e-29 8.7003e-04 1.1723e+03    177.617    13.4332    38.7337    29.1977 0.0000e+00
   2847.000    13.8904     0.1832 -9.990e-29 1.0352e-03 1.1724e+03    177.931    13.4333    38.7336    29.1977 0.0000e+00
   2848.000    13.8904     0.1889 -9.990e-29 9.3899e-04 1.1733e+03    177.923    13.4331    38.7336    29.1978 0.0000e+00
   2849.000    13.8906     0.1907    98.5292 -1.594e-06 1.1713e+03    177.831    13.4332    38.7336    29.1977 0.0000e+00
   2850.000    13.8906     0.1945    98.5323 -9.990e-29 1.1771e+03    178.016    13.4330    38.7337    29.1979 0.0000e+00
   2851.000    13.8906     0.1854    98.5268 -9.990e-29 1.1748e+03    177.963    13.4328    38.7336    29.1978 0.0000e+00
   2852.000    13.8907     0.1850    98.5358 -9.990e-29 1.1780e+03    178.153    13.4328    38.7336    29.1978 0.0000e+00
   2853.000    13.8908     0.1832    98.5310 1.0000e-12 1.1779e+03    178.179    13.4327    38.7337    29.1979 0.0000e+00
   2854.000    13.8910     0.1820 -9.990e-29 1.0000e-12 1.1782e+03    177.910    13.4327    38.7337    29.1979 0.0000e+00
   2855.000    13.8910     0.1823 -9.990e-29 1.0000e-12 1.1784e+03    177.954    13.4326    38.7336    29.1979 0.0000e+00
   2856.000    13.8913     0.1823 -9.990e-29 1.0000e-12 1.1792e+03    178.019    13.4326    38.7337    29.1979 0.0000e+00
   2857.000    13.8914     0.1830 -9.990e-29 1.0000e-12 1.1854e+03    178.019    13.4325    38.7336    29.1979 0.0000e+00
   2858.000    13.8913     0.1841 -9.990e-29 -9.990e-29 1.1810e+03    177.823    13.4323    38.7335    29.1979 0.0000e+00
   2859.000    13.8912     0.1860 -9.990e-29 -9.990e-29 1.1771e+03    178.022    13.4321    38.7335    29.1979 0.0000e+00
   2860.000    13.8915     0.1865 -9.990e-29 -9.990e-29 1.1778e+03    178.018    13.4322    38.7335    29.1979 0.0000e+00
   2861.000    13.8917     0.1824 -9.990e-29 -9.990e-29 1.1852e+03    177.623    13.4321    38.7336    29.1979 0.0000e+00
   2862.000    13.8919     0.1785 -9.990e-29 1.0000e-12 1.1875e+03    177.749    13.4322    38.7336    29.1979 0.0000e+00
   2863.000    13.8920     0.1821 -9.990e-29 1.0000e-12 1.1864e+03    178.084    13.4321    38.7336    29.1979 0.0000e+00
   2864.000    13.8922     0.1858 -9.990e-29 1.0000e-12 1.1860e+03    178.100    13.4321    38.7335    29.1979 0.0000e+00
   2865.000    13.8923     0.1870 -9.990e-29 2.4126e-06 1.1896e+03    177.884    13.4320    38.7334    29.1978 0.0000e+00
   2866.000    13.8923     0.1873 -9.990e-29 -2.937e-08 1.1914e+03    177.824    13.4319    38.7336    29.1980 0.0000e+00
   2867.000    13.8923     0.1891 -9.990e-29 1.0000e-12 1.1951e+03    178.187    13.4317    38.7336    29.1980 0.0000e+00
   2868.000    13.8925     0.1885 -9.990e-29 2.8122e-06 1.1946e+03    178.164    13.4318    38.7335    29.1979 0.0000e+00
   2869.000    13.8927     0.1887 -9.990e-29 2.4346e-06 1.1950e+03    178.109    13.4317    38.7335    29.1980 0.0000e+00
   2870.000    13.8927     0.1917 -9.990e-29 1.1212e-05 1.1956e+03    178.162    13.4316    38.7335    29.1980 0.0000e+00
   2871.000    13.8929     0.1939 -9.990e-29 -2.114e-07 1.2030e+03    178.065    13.4316    38.7336    29.1980 0.0000e+00
   2872.000    13.8931     0.1823 -9.990e-29 1.0000e-12 1.2029e+03    177.871    13.4316    38.7336    29.1980 0.0000e+00
   2873.000    13.8933     0.1843 -9.990e-29 2.9775e-06 1.2100e+03    177.895    13.4316    38.7336    29.1980 0.0000e+00
   2874.000    13.8935     0.1885 -9.990e-29 8.6075e-09 1.2045e+03    177.902    13.4316    38.7335    29.1979 0.0000e+00
   2875.000    13.8936     0.1895 -9.990e-29 1.0765e-04 1.2018e+03    178.029    13.4316    38.7336    29.1980 0.0000e+00
   2876.000    13.8937     0.1866 -9.990e-29 1.8735e-04 1.2040e+03    178.063    13.4316    38.7336    29.1980 0.0000e+00
   2877.000    13.8939     0.1847 -9.990e-29 9.2643e-05 1.2037e+03    178.161    13.4315    38.7335    29.1980 0.0000e+00
   2878.000    13.8941     0.1892 -9.990e-29 2.5783e-05 1.2035e+03    177.775    13.4316    38.7335    29.1980 0.0000e+00
   2879.000    13.8943     0.1865 -9.990e-29 8.8354e-05 1.2059e+03    177.654    13.4316    38.7336    29.1981 0.0000e+00
   2880.000    13.8945     0.1901 -9.990e-29 1.3323e-04 1.2083e+03    178.001    13.4316    38.7336    29.1980 0.0000e+00
   2881.000    13.8946     0.1915 -9.990e-29 1.1847e-04 1.2052e+03    178.351    13.4316    38.7335    29.1980 0.0000e+00
   2882.000    13.8948     0.1950 -9.990e-29 3.4093e-04 1.2022e+03    178.050    13.4316    38.7335    29.1980 0.0000e+00
   2883.000    13.8949     0.1895 -9.990e-29 5.0338e-04 1.2044e+03    178.237    13.4315    38.7335    29.1980 0.0000e+00
   2884.000    13.8951     0.1863 -9.990e-29 7.1243e-04 1.2020e+03    178.229    13.4315    38.7336    29.1981 0.0000e+00
   2885.000    13.8952     0.1851 -9.990e-29 3.3243e-04 1.2033e+03    178.151    13.4315    38.7335    29.1980 0.0000e+00
   2886.000    13.8954     0.1883 -9.990e-29 2.2873e-04 1.2019e+03    178.055    13.4315    38.7336    29.1981 0.0000e+00
   2887.000    13.8956     0.1864 -9.990e-29 3.3428e-05 1.2030e+03    177.858    13.4315    38.7336    29.1981 0.0000e+00
