Data/ruptures/PEACETIME/ION/PEACETIME_ION_CTD_044.cnv
* Sea-Bird SBE 9 Data File:
* FileName = C:\CTD\rawCTD\PEACETIME_ION_CTD_044.hdr
* Software Version Seasave V 7.23.2
* Temperature SN = 1378
* Conductivity SN = 2929
* Number of Bytes Per Scan = 38
* Number of Voltage Words = 5
* Number of Scans Averaged by the Deck Unit = 1
* NMEA Latitude = 35 29.35 N
* NMEA Longitude = 019 46.59 E
* NMEA UTC (Time) = May 27 2017  02:26:08
* NMEA baud rate = 4800
** Cruise:   PEACETIME
** Station:   ION_CTD_044
# nquan = 11
# nvalues = 500                         
# units = specified
# name 0 = prDM: Pressure, Digiquartz [db]
# name 1 = t090C: Temperature [ITS-90, deg C]
# name 2 = flC: Fluorescence, Chelsea Aqua 3 Chl Con [ug/l]
# name 3 = CStarTr0: Beam Transmission, WET Labs C-Star [%]
# name 4 = par: PAR/Irradiance, Biospherical/Licor
# name 5 = spar: SPAR/Surface Irradiance
# name 6 = sbeox0Mm/Kg: Oxygen, SBE 43 [umol/kg]
# name 7 = potemp090C: Potential Temperature [ITS-90, deg C]
# name 8 = sal00: Salinity, Practical [PSU]
# name 9 = sigma-é00: Density [sigma-theta, kg/m^3]
# name 10 = flag:
# span 0 =      2.000,    501.000       
# span 1 =    14.4060,    20.4887       
# span 2 =     0.1715,     0.3585       
# span 3 =    95.2249,    98.2611       
# span 4 = -8.216e-06, 2.2684e-01       
# span 5 = 1.5186e+00, 5.4558e+00       
# span 6 =    172.182,    230.869       
# span 7 =    14.3290,    20.4866       
# span 8 =    38.9111,    39.0514       
# span 9 =    27.6228,    29.1412       
# span 10 = 0.0000e+00, 0.0000e+00      
# interval = decibars: 1                
# start_time = May 27 2017 02:26:08 [NMEA time, first data scan]
# bad_flag = -9.990e-29
*END*
[from data line 394]
    396.000    14.7503     0.1870    98.2430 1.0000e-12 2.2331e+00    179.905    14.6887    38.9596    29.0987 0.0000e+00
    397.000    14.7463     0.1876    98.2508 1.0000e-12 2.7035e+00    179.919    14.6845    38.9587    29.0990 0.0000e+00
    398.000    14.7424     0.1816    98.2490 1.0000e-12 3.2441e+00    179.476    14.6804    38.9581    29.0994 0.0000e+00
    399.000    14.7346     0.1811    98.2407 -9.990e-29 2.2967e+00    178.712    14.6725    38.9570    29.1004 0.0000e+00
    400.000    14.7293     0.1838    98.2427 1.1889e-05 2.6233e+00    179.628    14.6671    38.9561    29.1009 0.0000e+00
    401.000    14.7250     0.1857    98.2402 5.3907e-06 2.8307e+00    179.376    14.6626    38.9555    29.1014 0.0000e+00
    402.000    14.7219     0.1862    98.2517 9.0809e-06 2.4229e+00    179.533    14.6595    38.9550    29.1018 0.0000e+00
    403.000    14.7189     0.1813    98.2419 1.2130e-04 2.7185e+00    179.063    14.6563    38.9546    29.1022 0.0000e+00
    404.000    14.7135     0.1788    98.2417 3.9139e-04 3.5639e+00    179.248    14.6507    38.9539    29.1029 0.0000e+00
    405.000    14.7084     0.1840    98.2485 1.2692e-04 2.7594e+00    178.777    14.6455    38.9534    29.1036 0.0000e+00
    406.000    14.7049     0.1867    98.2535 -1.077e-06 2.2581e+00    178.479    14.6418    38.9530    29.1042 0.0000e+00
    407.000    14.7036     0.1913    98.2503 6.5081e-06 3.3605e+00    178.816    14.6404    38.9530    29.1044 0.0000e+00
    408.000    14.7014     0.1893    98.2427 2.0154e-04 3.2101e+00    178.904    14.6380    38.9528    29.1049 0.0000e+00
    409.000    14.6968     0.1861    98.2511 9.3038e-05 2.8524e+00    178.935    14.6333    38.9523    29.1055 0.0000e+00
    410.000    14.6902     0.1843    98.2572 2.6252e-05 2.6076e+00    178.475    14.6265    38.9519    29.1067 0.0000e+00
    411.000    14.6891     0.1829    98.2226 1.1713e-04 3.2556e+00    178.566    14.6253    38.9520    29.1070 0.0000e+00
    412.000    14.6868     0.1858    98.2429 7.9337e-04 2.5661e+00    178.851    14.6228    38.9516    29.1073 0.0000e+00
    413.000    14.6828     0.1856    98.2349 3.6452e-04 2.8298e+00    178.549    14.6187    38.9512    29.1079 0.0000e+00
    414.000    14.6789     0.1824    98.2549 3.7250e-05 3.6144e+00    178.315    14.6146    38.9508    29.1085 0.0000e+00
    415.000    14.6743     0.1859    98.2433 2.9400e-04 2.8343e+00    178.038    14.6099    38.9503    29.1092 0.0000e+00
    416.000    14.6710     0.1813    98.2353 3.2452e-04 3.2547e+00    178.151    14.6065    38.9502    29.1099 0.0000e+00
    417.000    14.6678     0.1824    98.2440 1.6556e-04 2.6036e+00    178.227    14.6031    38.9499    29.1104 0.0000e+00
    418.000    14.6627     0.1835    98.2535 1.4549e-05 2.2975e+00    178.033    14.5978    38.9494    29.1112 0.0000e+00
    419.000    14.6606     0.1858    98.2549 1.0607e-06 3.4606e+00    177.350    14.5956    38.9493    29.1116 0.0000e+00
    420.000    14.6585     0.1857    98.2521 -9.137e-09 3.3825e+00    177.144    14.5933    38.9489    29.1118 0.0000e+00
    421.000    14.6566     0.1883    98.2498 1.0000e-12 3.2559e+00    177.341    14.5913    38.9486    29.1121 0.0000e+00
    422.000    14.6529     0.1911    98.2611 2.1160e-05 4.0006e+00    177.580    14.5875    38.9479    29.1124 0.0000e+00
    423.000    14.6477     0.1775    98.2434 1.3451e-04 3.8095e+00    177.460    14.5821    38.9472    29.1130 0.0000e+00
    424.000    14.6444     0.1771    98.2407 3.4127e-04 1.6991e+00    177.770    14.5787    38.9468    29.1135 0.0000e+00
    425.000    14.6412     0.1779    98.2466 5.6751e-04 4.5056e+00    177.405    14.5753    38.9465    29.1140 0.0000e+00
    426.000    14.6335     0.1761    98.2478 2.8542e-08 3.8408e+00    177.015    14.5675    38.9457    29.1151 0.0000e+00
    427.000    14.6296     0.1800    98.2546 3.0255e-04 3.2765e+00    176.979    14.5634    38.9453    29.1157 0.0000e+00
    428.000    14.6283     0.1835    98.2253 2.3924e-04 4.2190e+00    177.176    14.5620    38.9452    29.1159 0.0000e+00
    429.000    14.6232     0.1788    98.2454 1.9227e-04 2.6549e+00    177.083    14.5567    38.9444    29.1165 0.0000e+00
    430.000    14.6243     0.1817    98.2406 3.4423e-04 2.6467e+00    177.310    14.5577    38.9447    29.1165 0.0000e+00
    431.000    14.6221     0.1850    98.2269 7.7550e-04 2.6169e+00    177.097    14.5554    38.9442    29.1167 0.0000e+00
    432.000    14.6113     0.1845    98.2408 -9.990e-29 2.5008e+00    176.815    14.5444    38.9431    29.1182 0.0000e+00
    433.000    14.6097     0.1863    98.2365 1.0000e-12 3.0446e+00    176.981    14.5426    38.9429    29.1184 0.0000e+00
    434.000    14.6067     0.1867    98.2213 3.1281e-04 2.9888e+00    177.100    14.5395    38.9422    29.1187 0.0000e+00
    435.000    14.6032     0.1801    98.2262 4.1055e-04 2.2774e+00    176.625    14.5359    38.9421    29.1193 0.0000e+00
    436.000    14.6003     0.1813    98.2328 7.3221e-05 2.9062e+00    176.786    14.5329    38.9416    29.1196 0.0000e+00
    437.000    14.5990     0.1832    98.2339 6.2862e-06 2.8265e+00    176.250    14.5314    38.9414    29.1198 0.0000e+00
    438.000    14.5978     0.1818    98.2365 5.2956e-08 3.5775e+00    176.394    14.5300    38.9411    29.1199 0.0000e+00
    439.000    14.5948     0.1829    98.2281 1.0000e-12 3.4160e+00    176.490    14.5269    38.9407    29.1203 0.0000e+00
    440.000    14.5914     0.1841    98.2457 1.0000e-12 3.1343e+00    176.489    14.5233    38.9403    29.1207 0.0000e+00
    441.000    14.5889     0.1836    98.2383 1.0000e-12 2.2585e+00    176.813    14.5207    38.9399    29.1210 0.0000e+00
    442.000    14.5875     0.1847    98.2301 -9.990e-29 4.0966e+00    176.651    14.5191    38.9400    29.1214 0.0000e+00
    443.000    14.5853     0.1828    98.2381 -9.990e-29 2.1677e+00    176.064    14.5168    38.9395    29.1216 0.0000e+00
    444.000    14.5831     0.1861    98.2346 -9.990e-29 2.9085e+00    176.084    14.5144    38.9392    29.1219 0.0000e+00
    445.000    14.5824     0.1790    98.2215 1.0000e-12 1.5186e+00    176.599    14.5136    38.9391    29.1220 0.0000e+00
    446.000    14.5819     0.1818    98.1887 1.0000e-12 3.0673e+00    175.949    14.5129    38.9392    29.1222 0.0000e+00
    447.000    14.5818     0.1891    98.2225 1.0000e-12 2.6753e+00    176.452    14.5127    38.9391    29.1222 0.0000e+00
    448.000    14.5812     0.1862    98.2289 1.0000e-12 2.0568e+00    176.257    14.5119    38.9391    29.1224 0.0000e+00
    449.000    14.5792     0.1854    98.2175 7.1388e-06 2.7161e+00    176.471    14.5097    38.9388    29.1227 0.0000e+00
    450.000    14.5760     0.1825    98.2171 4.4601e-06 2.6984e+00    176.475    14.5064    38.9383    29.1230 0.0000e+00
    451.000    14.5734     0.1834    98.2251 -9.990e-29 2.9790e+00    175.947    14.5037    38.9381    29.1234 0.0000e+00
    452.000    14.5710     0.1869    98.2189 1.0000e-12 2.7102e+00    175.499    14.5011    38.9377    29.1237 0.0000e+00
    453.000    14.5639     0.1808    98.2198 1.0000e-12 3.0770e+00    175.759    14.4938    38.9369    29.1247 0.0000e+00
    454.000    14.5591     0.1848    98.2166 1.0000e-12 2.9137e+00    175.789    14.4890    38.9363    29.1253 0.0000e+00
    455.000    14.5559     0.1852    98.2045 1.3541e-06 2.7187e+00    175.501    14.4856    38.9359    29.1257 0.0000e+00
    456.000    14.5494     0.1790    98.2136 -1.649e-08 2.1013e+00    175.182    14.4789    38.9347    29.1263 0.0000e+00
    457.000    14.5399     0.1792    98.2135 1.0000e-12 3.0178e+00    175.365    14.4693    38.9336    29.1276 0.0000e+00
    458.000    14.5359     0.1829    98.2135 1.0000e-12 2.8932e+00    175.629    14.4652    38.9328    29.1279 0.0000e+00
    459.000    14.5292     0.1842    98.2135 5.5201e-04 2.3012e+00    175.243    14.4583    38.9319    29.1287 0.0000e+00
    460.000    14.5184     0.1817    98.2054 3.0916e-05 3.2462e+00    174.446    14.4474    38.9303    29.1299 0.0000e+00
    461.000    14.5109     0.1870    98.2068 4.8366e-05 2.3895e+00    174.746    14.4398    38.9292    29.1307 0.0000e+00
    462.000    14.5075     0.1890    98.2092 1.9880e-05 2.6432e+00    174.692    14.4362    38.9287    29.1312 0.0000e+00
    463.000    14.5022     0.1885    98.2154 2.8809e-06 2.8933e+00    174.205    14.4308    38.9277    29.1315 0.0000e+00
    464.000    14.4943     0.1878    98.2248 1.0831e-08 3.6234e+00    174.795    14.4228    38.9268    29.1326 0.0000e+00
    465.000    14.4927     0.1820    98.2179 7.6407e-06 2.4585e+00    174.730    14.4210    38.9265    29.1328 0.0000e+00
    466.000    14.4910     0.1840    98.1970 -9.990e-29 2.3434e+00    174.538    14.4191    38.9261    29.1329 0.0000e+00
    467.000    14.4879     0.1816    98.2136 1.0000e-12 2.4387e+00    174.324    14.4159    38.9255    29.1332 0.0000e+00
    468.000    14.4821     0.1832    98.2260 1.0000e-12 1.7989e+00    173.891    14.4100    38.9247    29.1338 0.0000e+00
    469.000    14.4798     0.1848    98.2262 1.0282e-05 2.7351e+00    174.206    14.4076    38.9243    29.1341 0.0000e+00
    470.000    14.4774     0.1832    98.2234 2.4879e-06 2.3970e+00    174.130    14.4050    38.9240    29.1344 0.0000e+00
    471.000    14.4745     0.1824    98.2255 -4.090e-08 4.1117e+00    174.242    14.4019    38.9232    29.1345 0.0000e+00
    472.000    14.4724     0.1819    98.2157 4.5068e-05 2.4477e+00    174.165    14.3997    38.9232    29.1350 0.0000e+00
    473.000    14.4708     0.1847    98.2212 3.2854e-04 2.2542e+00    174.023    14.3979    38.9228    29.1350 0.0000e+00
    474.000    14.4700     0.1847    98.2309 4.3129e-04 2.6716e+00    173.668    14.3969    38.9227    29.1352 0.0000e+00
    475.000    14.4691     0.1851    98.2168 5.3098e-04 3.8578e+00    173.235    14.3959    38.9224    29.1352 0.0000e+00
    476.000    14.4670     0.1935    98.2207 1.0951e-04 3.0246e+00    173.444    14.3937    38.9221    29.1354 0.0000e+00
    477.000    14.4649     0.1882    98.2074 5.9191e-04 2.4563e+00    174.067    14.3914    38.9218    29.1357 0.0000e+00
    478.000    14.4624     0.1831    98.2212 1.8223e-03 2.6108e+00    174.117    14.3887    38.9213    29.1359 0.0000e+00
    479.000    14.4610     0.1827    98.2130 1.2569e-03 3.1955e+00    173.887    14.3872    38.9211    29.1361 0.0000e+00
    480.000    14.4597     0.1865    98.2261 3.1107e-05 3.8793e+00    173.872    14.3858    38.9210    29.1363 0.0000e+00
    481.000    14.4554     0.1876    98.2180 3.3866e-04 3.6098e+00    173.388    14.3814    38.9200    29.1366 0.0000e+00
    482.000    14.4525     0.1817    98.1925 2.2736e-04 3.6678e+00    173.413    14.3783    38.9196    29.1369 0.0000e+00
    483.000    14.4433     0.1847    98.2148 1.2915e-03 1.7987e+00    172.876    14.3690    38.9178    29.1376 0.0000e+00
    484.000    14.4375     0.1882    98.1957 6.9753e-04 2.0520e+00    173.308    14.3630    38.9171    29.1384 0.0000e+00
    485.000    14.4371     0.1857    98.2137 1.3547e-04 2.8000e+00    173.395    14.3624    38.9171    29.1385 0.0000e+00
    486.000    14.4364     0.1850    98.2135 7.0854e-05 2.4474e+00    173.260    14.3617    38.9170    29.1386 0.0000e+00
    487.000    14.4361     0.1862    98.2152 5.7607e-05 2.7452e+00    172.940    14.3612    38.9170    29.1387 0.0000e+00
    488.000    14.4354     0.1794    98.2051 -1.296e-06 1.9328e+00    173.070    14.3603    38.9166    29.1386 0.0000e+00
    489.000    14.4322     0.1806    98.2051 4.5275e-05 2.2867e+00    172.815    14.3570    38.9162    29.1390 0.0000e+00
    490.000    14.4313     0.1816    98.1435 4.6300e-05 2.6261e+00    173.071    14.3559    38.9160    29.1391 0.0000e+00
    491.000    14.4300     0.1854    98.2125 4.8025e-04 1.9436e+00    172.728    14.3544    38.9155    29.1390 0.0000e+00
    492.000    14.4288     0.1804    98.2089 5.8629e-04 3.6818e+00    172.760    14.3531    38.9156    29.1394 0.0000e+00
    493.000    14.4287     0.1761    98.1951 5.9915e-04 2.6355e+00    172.983    14.3528    38.9154    29.1393 0.0000e+00
    494.000    14.4269     0.1753    98.2162 -8.216e-06 3.5663e+00    173.072    14.3509    38.9149    29.1394 0.0000e+00
    495.000    14.4253     0.1826    98.2095 1.2262e-04 3.0866e+00    172.957    14.3492    38.9147    29.1396 0.0000e+00
    496.000    14.4244     0.1881    98.2108 -1.202e-06 3.3369e+00    172.676    14.3481    38.9146    29.1397 0.0000e+00
    497.000    14.4219     0.1788    98.2135 2.7729e-06 1.7688e+00    172.182    14.3454    38.9139    29.1398 0.0000e+00
    498.000    14.4168     0.1715    98.2135 1.2452e-06 1.9620e+00    172.464    14.3402    38.9132    29.1404 0.0000e+00
    499.000    14.4161     0.1733    98.2135 3.4570e-06 3.4686e+00    172.988    14.3393    38.9130    29.1405 0.0000e+00
    500.000    14.4114     0.1728    98.1834 1.4419e-06 2.2156e+00    172.879    14.3345    38.9120    29.1407 0.0000e+00
    501.000    14.4060     0.1859    98.2249 -3.533e-07 4.2201e+00    172.886    14.3290    38.9111    29.1412 0.0000e+00
