Data/ruptures/PEACETIME/ION/PEACETIME_ION_CTD_034.cnv
* Sea-Bird SBE 9 Data File:
* FileName = C:\CTD\rawCTD\PEACETIME_ION_CTD_034.hdr
* Software Version Seasave V 7.23.2
* Temperature SN = 1378
* Conductivity SN = 2929
* Number of Bytes Per Scan = 34
* Number of Voltage Words = 5
* Number of Scans Averaged by the Deck Unit = 1
* NMEA Latitude = 35 29.38 N
* NMEA Longitude = 019 46.51 E
* NMEA UTC (Time) = May 24 2017  15:05:17
* NMEA baud rate = 4800
** Cruise:   PEACETIME
** Station:   ION_CTD_034
# nquan = 11
# nvalues = 204                         
# units = specified
# name 0 = prDM: Pressure, Digiquartz [db]
# name 1 = t090C: Temperature [ITS-90, deg C]
# name 2 = flC: Fluorescence, Chelsea Aqua 3 Chl Con [ug/l]
# name 3 = CStarTr0: Beam Transmission, WET Labs C-Star [%]
# name 4 = par: PAR/Irradiance, Biospherical/Licor
# name 5 = spar: SPAR/Surface Irradiance
# name 6 = sbeox0Mm/Kg: Oxygen, SBE 43 [umol/kg]
# name 7 = potemp090C: Potential Temperature [ITS-90, deg C]
# name 8 = sal00: Salinity, Practical [PSU]
# name 9 = sigma-é00: Density [sigma-theta, kg/m^3]
# name 10 = flag:
# span 0 =      1.000,    204.000       
# span 1 =    15.5958,    21.2729       
# span 2 =     0.1710,     0.3370       
# span 3 =    95.6321,    98.1073       
# span 4 = 2.5840e-02, 7.7520e+02       
# span 5 = 1.8564e+03, 1.8872e+03       
# span 6 =    203.483,    230.391       
# span 7 =    15.5630,    21.2727       
# span 8 =    39.0040,    39.0520       
# span 9 =    27.4810,    28.9648       
# span 10 = 0.0000e+00, 0.0000e+00      
# interval = decibars: 1                
# start_time = May 24 2017 15:05:17 [NMEA time, header]
# bad_flag = -9.990e-29
*END*
[from data line 132]
    133.000    15.8119     0.2184    97.7794 4.6116e-01 1.8650e+03    212.154    15.7904    39.0057    28.8820 0.0000e+00
    134.000    15.8135     0.2158    97.7774 4.3992e-01 1.8634e+03    211.682    15.7918    39.0071    28.8827 0.0000e+00
    135.000    15.8096     0.2117    97.8218 4.2256e-01 1.8643e+03    210.339    15.7877    39.0074    28.8839 0.0000e+00
    136.000    15.7920     0.2115    97.8225 4.0490e-01 1.8648e+03    209.787    15.7700    39.0061    28.8871 0.0000e+00
    137.000    15.7912     0.2046    97.8560 3.9058e-01 1.8673e+03    209.694    15.7690    39.0076    28.8884 0.0000e+00
    138.000    15.7968     0.2066    97.8630 3.7802e-01 1.8642e+03    210.017    15.7745    39.0108    28.8897 0.0000e+00
    139.000    15.7982     0.2153    97.8499 3.6576e-01 1.8660e+03    209.836    15.7758    39.0115    28.8899 0.0000e+00
    140.000    15.7898     0.2093    97.8622 3.5042e-01 1.8644e+03    209.315    15.7672    39.0116    28.8919 0.0000e+00
    141.000    15.7766     0.2125    97.8977 3.3661e-01 1.8667e+03    209.479    15.7539    39.0088    28.8929 0.0000e+00
    142.000    15.7578     0.2103    97.8714 3.2440e-01 1.8613e+03    209.483    15.7349    39.0058    28.8950 0.0000e+00
    143.000    15.7489     0.2084    97.8781 3.1274e-01 1.8643e+03    209.254    15.7258    39.0054    28.8968 0.0000e+00
    144.000    15.7438     0.2063    97.9084 2.9865e-01 1.8649e+03    209.250    15.7206    39.0066    28.8990 0.0000e+00
    145.000    15.7390     0.1967    97.9327 2.8809e-01 1.8661e+03    209.238    15.7156    39.0087    28.9018 0.0000e+00
    146.000    15.7359     0.1931    97.9208 2.7752e-01 1.8650e+03    208.757    15.7123    39.0085    28.9024 0.0000e+00
    147.000    15.7271     0.1935    97.9308 2.6775e-01 1.8676e+03    208.294    15.7035    39.0068    28.9031 0.0000e+00
    148.000    15.7084     0.1914    97.9490 2.5668e-01 1.8647e+03    208.542    15.6846    39.0043    28.9056 0.0000e+00
    149.000    15.7014     0.1958    97.9409 2.4683e-01 1.8639e+03    208.314    15.6774    39.0052    28.9080 0.0000e+00
    150.000    15.7172     0.1961    97.9343 2.3778e-01 1.8691e+03    207.633    15.6930    39.0141    28.9112 0.0000e+00
    151.000    15.7121     0.1954    97.9403 2.2926e-01 1.8643e+03    207.855    15.6878    39.0145    28.9127 0.0000e+00
    152.000    15.7242     0.1950    97.9420 2.1828e-01 1.8678e+03    208.357    15.6997    39.0201    28.9143 0.0000e+00
    153.000    15.7297     0.1942    97.9629 2.1205e-01 1.8692e+03    208.084    15.7050    39.0223    28.9148 0.0000e+00
    154.000    15.7349     0.1968    97.9560 2.0444e-01 1.8664e+03    208.139    15.7101    39.0255    28.9160 0.0000e+00
    155.000    15.7455     0.1997    97.9602 1.9831e-01 1.8704e+03    207.916    15.7205    39.0302    28.9172 0.0000e+00
    156.000    15.7524     0.2016    97.9562 1.9178e-01 1.8654e+03    208.395    15.7273    39.0331    28.9179 0.0000e+00
    157.000    15.7548     0.2033    97.9834 1.8311e-01 1.8683e+03    208.494    15.7295    39.0345    28.9184 0.0000e+00
    158.000    15.7635     0.2059    97.9652 1.7550e-01 1.8690e+03    209.145    15.7380    39.0385    28.9195 0.0000e+00
    159.000    15.7720     0.2067    97.9742 1.6750e-01 1.8635e+03    209.164    15.7463    39.0419    28.9202 0.0000e+00
    160.000    15.7739     0.2093    97.9616 1.6091e-01 1.8633e+03    208.874    15.7480    39.0436    28.9211 0.0000e+00
    161.000    15.7627     0.2019    97.9931 1.5291e-01 1.8646e+03    208.229    15.7367    39.0419    28.9224 0.0000e+00
    162.000    15.7533     0.2029    98.0011 1.4899e-01 1.8653e+03    208.115    15.7272    39.0414    28.9243 0.0000e+00
    163.000    15.7518     0.2076    97.9978 1.4428e-01 1.8696e+03    208.268    15.7255    39.0431    28.9260 0.0000e+00
    164.000    15.7531     0.2046    98.0019 1.3793e-01 1.8616e+03    208.303    15.7267    39.0443    28.9266 0.0000e+00
    165.000    15.7522     0.2032    97.9861 1.3342e-01 1.8667e+03    208.410    15.7255    39.0450    28.9274 0.0000e+00
    166.000    15.7536     0.2044    98.0224 1.2819e-01 1.8668e+03    208.449    15.7268    39.0473    28.9290 0.0000e+00
    167.000    15.7539     0.2056    98.0105 1.2479e-01 1.8657e+03    208.583    15.7270    39.0491    28.9303 0.0000e+00
    168.000    15.7540     0.2041    98.0140 1.2028e-01 1.8616e+03    208.280    15.7269    39.0505    28.9314 0.0000e+00
    169.000    15.7492     0.2013    98.0250 1.1346e-01 1.8629e+03    208.534    15.7219    39.0510    28.9329 0.0000e+00
    170.000    15.7442     0.1988    98.0363 1.0931e-01 1.8650e+03    208.736    15.7167    39.0514    28.9344 0.0000e+00
    171.000    15.7407     0.1961    98.0280 1.0494e-01 1.8618e+03    208.873    15.7131    39.0518    28.9356 0.0000e+00
    172.000    15.7337     0.1977    98.0314 1.0020e-01 1.8616e+03    208.448    15.7059    39.0519    28.9374 0.0000e+00
    173.000    15.7283     0.1971    98.0191 9.7439e-02 1.8586e+03    208.091    15.7004    39.0520    28.9387 0.0000e+00
    174.000    15.7241     0.1962    98.0231 9.2493e-02 1.8596e+03    208.103    15.6961    39.0519    28.9397 0.0000e+00
    175.000    15.7184     0.1969    98.0359 9.1462e-02 1.8592e+03    207.991    15.6902    39.0511    28.9404 0.0000e+00
    176.000    15.7076     0.1951    98.0135 8.7487e-02 1.8625e+03    207.450    15.6792    39.0503    28.9424 0.0000e+00
    177.000    15.6974     0.1993    98.0370 8.3156e-02 1.8584e+03    207.212    15.6689    39.0496    28.9443 0.0000e+00
    178.000    15.6883     0.1967    98.0403 8.2474e-02 1.8564e+03    207.099    15.6597    39.0490    28.9459 0.0000e+00
    179.000    15.6801     0.1910    98.0427 7.9488e-02 1.8652e+03    207.098    15.6512    39.0485    28.9475 0.0000e+00
    180.000    15.6749     0.1906    98.0153 7.5957e-02 1.8621e+03    206.501    15.6459    39.0481    28.9484 0.0000e+00
    181.000    15.6706     0.1888    98.0339 7.3449e-02 1.8586e+03    206.995    15.6414    39.0478    28.9492 0.0000e+00
    182.000    15.6696     0.1894    98.0427 7.0580e-02 1.8564e+03    207.079    15.6404    39.0481    28.9497 0.0000e+00
    183.000    15.6695     0.1846    98.0461 6.8544e-02 1.8584e+03    207.318    15.6401    39.0480    28.9497 0.0000e+00
    184.000    15.6685     0.1872    98.0342 6.6857e-02 1.8572e+03    207.226    15.6389    39.0483    28.9502 0.0000e+00
    185.000    15.6666     0.1900    98.0455 6.3775e-02 1.8579e+03    207.233    15.6368    39.0484    28.9508 0.0000e+00
    186.000    15.6620     0.1907    98.0567 6.1769e-02 1.8568e+03    206.998    15.6321    39.0484    28.9518 0.0000e+00
    187.000    15.6502     0.1904    98.0728 5.7251e-02 1.8592e+03    206.198    15.6202    39.0477    28.9541 0.0000e+00
    188.000    15.6446     0.1869    98.0422 5.6688e-02 1.8596e+03    206.296    15.6144    39.0477    28.9555 0.0000e+00
    189.000    15.6430     0.1837    98.0451 5.5192e-02 1.8586e+03    206.580    15.6126    39.0475    28.9557 0.0000e+00
    190.000    15.6421     0.1816    98.0804 5.1965e-02 1.8577e+03    206.504    15.6115    39.0475    28.9560 0.0000e+00
    191.000    15.6373     0.1827    98.0621 4.9357e-02 1.8630e+03    206.483    15.6066    39.0475    28.9571 0.0000e+00
    192.000    15.6333     0.1805    98.0712 4.7871e-02 1.8605e+03    206.375    15.6024    39.0479    28.9584 0.0000e+00
    193.000    15.6301     0.1875    98.0833 4.4846e-02 1.8614e+03    206.535    15.5991    39.0479    28.9591 0.0000e+00
    194.000    15.6281     0.1908    98.0645 4.2950e-02 1.8629e+03    206.187    15.5969    39.0478    28.9596 0.0000e+00
    195.000    15.6244     0.1843    98.0924 4.1779e-02 1.8611e+03    206.072    15.5930    39.0474    28.9602 0.0000e+00
    196.000    15.6217     0.1850    98.1014 3.9966e-02 1.8633e+03    206.387    15.5902    39.0470    28.9605 0.0000e+00
    197.000    15.6156     0.1841    98.0953 3.8296e-02 1.8601e+03    204.956    15.5840    39.0460    28.9612 0.0000e+00
    198.000    15.6077     0.1855    98.1045 3.6605e-02 1.8615e+03    204.146    15.5759    39.0448    28.9622 0.0000e+00
    199.000    15.6049     0.1783    98.1073 3.6093e-02 1.8629e+03    204.361    15.5730    39.0447    28.9628 0.0000e+00
    200.000    15.6017     0.1710    98.0984 3.4209e-02 1.8589e+03    204.635    15.5696    39.0446    28.9635 0.0000e+00
    201.000    15.5997     0.1747    98.0981 3.0589e-02 1.8609e+03    204.485    15.5674    39.0446    28.9639 0.0000e+00
    202.000    15.5979     0.1817    98.0978 3.2204e-02 1.8609e+03    203.831    15.5654    39.0444    28.9643 0.0000e+00
    203.000    15.5960     0.1797    98.0977 3.1129e-02 1.8612e+03    203.483    15.5634    39.0445    28.9648 0.0000e+00
    204.000    15.5958     0.1784    98.0900 2.5840e-02 1.8695e+03    204.202    15.5630    39.0444    28.9648 0.0000e+00
