Data/ruptures/PEACETIME/ION/PEACETIME_ION_CTD_044.cnv
* Sea-Bird SBE 9 Data File:
* FileName = C:\CTD\rawCTD\PEACETIME_ION_CTD_044.hdr
* Software Version Seasave V 7.23.2
* Temperature SN = 1378
* Conductivity SN = 2929
* Number of Bytes Per Scan = 38
* Number of Voltage Words = 5
* Number of Scans Averaged by the Deck Unit = 1
* NMEA Latitude = 35 29.35 N
* NMEA Longitude = 019 46.59 E
* NMEA UTC (Time) = May 27 2017  02:26:08
* NMEA baud rate = 4800
** Cruise:   PEACETIME
** Station:   ION_CTD_044
# nquan = 11
# nvalues = 500                         
# units = specified
# name 0 = prDM: Pressure, Digiquartz [db]
# name 1 = t090C: Temperature [ITS-90, deg C]
# name 2 = flC: Fluorescence, Chelsea Aqua 3 Chl Con [ug/l]
# name 3 = CStarTr0: Beam Transmission, WET Labs C-Star [%]
# name 4 = par: PAR/Irradiance, Biospherical/Licor
# name 5 = spar: SPAR/Surface Irradiance
# name 6 = sbeox0Mm/Kg: Oxygen, SBE 43 [umol/kg]
# name 7 = potemp090C: Potential Temperature [ITS-90, deg C]
# name 8 = sal00: Salinity, Practical [PSU]
# name 9 = sigma-é00: Density [sigma-theta, kg/m^3]
# name 10 = flag:
# span 0 =      2.000,    501.000       
# span 1 =    14.4060,    20.4887       
# span 2 =     0.1715,     0.3585       
# span 3 =    95.2249,    98.2611       
# span 4 = -8.216e-06, 2.2684e-01       
# span 5 = 1.5186e+00, 5.4558e+00       
# span 6 =    172.182,    230.869       
# span 7 =    14.3290,    20.4866       
# span 8 =    38.9111,    39.0514       
# span 9 =    27.6228,    29.1412       
# span 10 = 0.0000e+00, 0.0000e+00      
# interval = decibars: 1                
# start_time = May 27 2017 02:26:08 [NMEA time, first data scan]
# bad_flag = -9.990e-29
*END*
      2.000    20.4748     0.2088    95.2249 2.2684e-01 3.5542e+00    209.339    20.4744    38.9153    27.6229 0.0000e+00
      3.000    20.4780     0.2132    96.5768 1.1993e-01 3.1084e+00    209.970    20.4775    38.9163    27.6228 0.0000e+00
      4.000    20.4820     0.2130    96.6935 9.4542e-02 2.5048e+00    210.847    20.4812    38.9188    27.6237 0.0000e+00
      5.000    20.4842     0.2149    96.7414 4.9873e-02 3.3946e+00    211.183    20.4832    38.9221    27.6257 0.0000e+00
      6.000    20.4844     0.2089    96.7674 4.2091e-02 1.7654e+00    211.651    20.4832    38.9219    27.6255 0.0000e+00
      7.000    20.4844     0.2085    96.7608 2.5307e-02 3.4846e+00    211.517    20.4830    38.9222    27.6258 0.0000e+00
      8.000    20.4850     0.2095    96.7737 2.3420e-02 2.9915e+00    211.477    20.4834    38.9255    27.6282 0.0000e+00
      9.000    20.4863     0.2133    96.7728 1.0603e-02 2.9261e+00    211.148    20.4845    38.9310    27.6321 0.0000e+00
     10.000    20.4878     0.2124    96.7784 8.7527e-03 3.9400e+00    211.252    20.4859    38.9355    27.6352 0.0000e+00
     11.000    20.4887     0.2063    96.7592 2.9280e-03 4.5352e+00    211.720    20.4866    38.9393    27.6379 0.0000e+00
     12.000    20.4851     0.2047    96.7623 3.1902e-03 3.8311e+00    211.651    20.4828    38.9457    27.6438 0.0000e+00
     13.000    20.4679     0.2109    96.7721 -9.990e-29 4.1461e+00    212.110    20.4655    38.9625    27.6613 0.0000e+00
     14.000    20.4136     0.2083    96.7372 -9.990e-29 2.9885e+00    211.921    20.4109    38.9785    27.6885 0.0000e+00
     15.000    20.2224     0.2061    96.7728 1.0000e-12 4.5564e+00    213.392    20.2195    38.9854    27.7459 0.0000e+00
     16.000    20.1471     0.2063    96.7835 1.0000e-12 3.3663e+00    214.135    20.1440    38.9818    27.7636 0.0000e+00
     17.000    20.1145     0.2122    96.7693 1.0000e-12 3.9793e+00    214.616    20.1113    38.9820    27.7726 0.0000e+00
     18.000    20.0753     0.2096    96.7962 1.0000e-12 2.8678e+00    214.809    20.0719    38.9836    27.7845 0.0000e+00
     19.000    20.0522     0.2100    96.8108 1.0000e-12 4.0484e+00    214.587    20.0486    38.9849    27.7918 0.0000e+00
     20.000    19.9463     0.2054    96.7989 1.0000e-12 2.5034e+00    214.574    19.9425    38.9870    27.8220 0.0000e+00
     21.000    19.7202     0.2078    96.7336 1.0000e-12 2.7927e+00    211.912    19.7163    39.0069    27.8978 0.0000e+00
     22.000    18.8479     0.2070    96.7264 1.0000e-12 3.1585e+00    216.314    18.8439    39.0167    28.1354 0.0000e+00
     23.000    18.3325     0.2028    96.7725 1.0000e-12 4.3694e+00    221.365    18.3284    39.0241    28.2742 0.0000e+00
     24.000    18.2035     0.2012    96.8570 1.0000e-12 2.9248e+00    223.690    18.1992    39.0241    28.3072 0.0000e+00
     25.000    18.1190     0.2044    96.9314 1.0000e-12 3.9393e+00    225.335    18.1146    39.0289    28.3324 0.0000e+00
     26.000    18.0663     0.2041    96.9280 1.0000e-12 3.3258e+00    226.260    18.0617    39.0328    28.3489 0.0000e+00
     27.000    17.9838     0.2028    96.9884 1.0000e-12 3.1075e+00    226.654    17.9791    39.0327    28.3697 0.0000e+00
     28.000    17.9374     0.2068    97.0117 1.0000e-12 3.3383e+00    226.320    17.9325    39.0333    28.3820 0.0000e+00
     29.000    17.8855     0.2040    97.0033 1.0000e-12 5.0909e+00    226.544    17.8805    39.0342    28.3958 0.0000e+00
     30.000    17.8401     0.2030    97.0265 1.0000e-12 2.4041e+00    227.599    17.8348    39.0358    28.4085 0.0000e+00
     31.000    17.7948     0.2040    96.9844 1.0000e-12 2.7240e+00    227.571    17.7894    39.0367    28.4206 0.0000e+00
     32.000    17.7590     0.2088    96.9898 1.0000e-12 3.8133e+00    227.808    17.7534    39.0371    28.4299 0.0000e+00
     33.000    17.7198     0.2019    97.0192 1.0000e-12 5.1832e+00    227.676    17.7141    39.0369    28.4397 0.0000e+00
     34.000    17.6725     0.2010    97.0251 1.0000e-12 3.2921e+00    227.142    17.6666    39.0429    28.4562 0.0000e+00
     35.000    17.6083     0.1985    97.0087 -9.990e-29 3.2503e+00    226.777    17.6023    39.0418    28.4714 0.0000e+00
     36.000    17.5527     0.2034    97.0010 -9.990e-29 4.1689e+00    227.561    17.5465    39.0373    28.4819 0.0000e+00
     37.000    17.5022     0.2009    97.0059 1.0000e-12 2.7952e+00    227.882    17.4959    39.0336    28.4916 0.0000e+00
     38.000    17.4523     0.2054    96.9730 1.0000e-12 3.7802e+00    228.697    17.4458    39.0316    28.5026 0.0000e+00
     39.000    17.3888     0.2135    96.9356 1.0000e-12 2.7127e+00    228.751    17.3821    39.0286    28.5161 0.0000e+00
     40.000    17.3028     0.2080    96.8557 1.0000e-12 1.9376e+00    229.358    17.2960    39.0281    28.5370 0.0000e+00
     41.000    17.2367     0.2083    96.8949 1.0000e-12 3.0565e+00    229.149    17.2297    39.0260    28.5518 0.0000e+00
     42.000    17.1653     0.2078    96.8540 1.0000e-12 2.9427e+00    230.052    17.1581    39.0233    28.5673 0.0000e+00
     43.000    17.1213     0.2089    96.8433 1.0000e-12 3.5937e+00    230.147    17.1140    39.0228    28.5778 0.0000e+00
     44.000    17.1092     0.2090    96.7901 1.0000e-12 2.5894e+00    229.979    17.1017    39.0258    28.5831 0.0000e+00
     45.000    17.0974     0.2098    96.8171 1.0000e-12 2.7503e+00    229.978    17.0898    39.0300    28.5892 0.0000e+00
     46.000    17.0864     0.2147    96.8158 1.0000e-12 2.7997e+00    230.424    17.0786    39.0306    28.5924 0.0000e+00
     47.000    17.0735     0.2152    96.8126 1.0000e-12 3.1655e+00    230.869    17.0656    39.0307    28.5957 0.0000e+00
     48.000    17.0563     0.2153    96.7804 1.0000e-12 2.6482e+00    230.389    17.0482    39.0327    28.6015 0.0000e+00
     49.000    17.0339     0.2161    96.8057 1.0000e-12 3.9099e+00    230.204    17.0256    39.0352    28.6089 0.0000e+00
     50.000    17.0078     0.2186    96.8117 1.0000e-12 3.7006e+00    230.427    16.9994    39.0356    28.6157 0.0000e+00
     51.000    16.9703     0.2111    96.7979 1.0000e-12 2.3352e+00    230.265    16.9617    39.0343    28.6239 0.0000e+00
     52.000    16.9207     0.2139    96.8224 1.0000e-12 2.3481e+00    230.005    16.9119    39.0334    28.6354 0.0000e+00
     53.000    16.8930     0.2156    96.8483 1.0000e-12 4.2074e+00    230.112    16.8840    39.0329    28.6418 0.0000e+00
     54.000    16.8754     0.2185    96.8583 1.0000e-12 3.1588e+00    229.919    16.8663    39.0339    28.6469 0.0000e+00
     55.000    16.8529     0.2210    96.8543 1.0000e-12 4.2623e+00    229.516    16.8436    39.0324    28.6512 0.0000e+00
     56.000    16.8106     0.2224    96.8630 1.0000e-12 4.8403e+00    229.625    16.8012    39.0277    28.6579 0.0000e+00
     57.000    16.7523     0.2294    96.8736 1.0000e-12 2.7688e+00    229.367    16.7427    39.0281    28.6724 0.0000e+00
     58.000    16.7053     0.2239    96.8525 1.0000e-12 1.8162e+00    229.602    16.6956    39.0315    28.6864 0.0000e+00
     59.000    16.6622     0.2253    96.8793 1.0000e-12 3.5897e+00    229.682    16.6524    39.0292    28.6951 0.0000e+00
     60.000    16.5909     0.2170    96.8191 1.0000e-12 2.1898e+00    228.892    16.5809    39.0262    28.7101 0.0000e+00
     61.000    16.5557     0.2228    96.8394 1.0000e-12 2.5139e+00    228.073    16.5456    39.0309    28.7221 0.0000e+00
     62.000    16.5196     0.2303    96.8517 1.0000e-12 2.7058e+00    227.608    16.5093    39.0314    28.7313 0.0000e+00
     63.000    16.4946     0.2312    96.8875 1.0000e-12 2.5183e+00    227.708    16.4842    39.0282    28.7349 0.0000e+00
     64.000    16.4327     0.2303    96.8624 1.0000e-12 2.6264e+00    227.611    16.4221    39.0212    28.7444 0.0000e+00
     65.000    16.4010     0.2285    96.8652 1.0000e-12 3.7779e+00    227.485    16.3902    39.0265    28.7561 0.0000e+00
     66.000    16.4164     0.2279    96.8895 1.0000e-12 3.4082e+00    226.878    16.4055    39.0350    28.7589 0.0000e+00
     67.000    16.3830     0.2321    96.8819 1.0000e-12 3.9353e+00    226.449    16.3719    39.0271    28.7609 0.0000e+00
     68.000    16.3253     0.2359    96.8726 1.0000e-12 2.9012e+00    225.427    16.3141    39.0185    28.7681 0.0000e+00
     69.000    16.3155     0.2339    96.8607 1.0000e-12 1.7841e+00    225.889    16.3041    39.0234    28.7742 0.0000e+00
     70.000    16.3193     0.2299    96.8750 1.0000e-12 2.7564e+00    226.025    16.3078    39.0288    28.7775 0.0000e+00
     71.000    16.2956     0.2345    96.9009 1.0000e-12 4.2601e+00    225.573    16.2839    39.0255    28.7807 0.0000e+00
     72.000    16.2739     0.2375    96.8831 1.0000e-12 3.0313e+00    225.759    16.2621    39.0233    28.7842 0.0000e+00
     73.000    16.2592     0.2429    96.8493 1.0000e-12 1.9660e+00    225.526    16.2472    39.0213    28.7862 0.0000e+00
     74.000    16.2363     0.2458    96.8512 1.0000e-12 3.9000e+00    225.808    16.2241    39.0213    28.7917 0.0000e+00
     75.000    16.2354     0.2461    96.8444 1.0000e-12 2.0402e+00    225.328    16.2231    39.0254    28.7951 0.0000e+00
     76.000    16.2270     0.2358    96.8205 1.0000e-12 3.2684e+00    225.507    16.2145    39.0239    28.7960 0.0000e+00
     77.000    16.2104     0.2418    96.8843 -9.990e-29 3.5795e+00    224.987    16.1978    39.0213    28.7979 0.0000e+00
     78.000    16.1842     0.2494    96.8483 -9.990e-29 3.3370e+00    225.596    16.1714    39.0172    28.8011 0.0000e+00
     79.000    16.1804     0.2517    96.7906 1.0000e-12 3.4594e+00    224.956    16.1675    39.0219    28.8056 0.0000e+00
     80.000    16.2021     0.2510    96.8408 1.0000e-12 3.0272e+00    223.302    16.1890    39.0373    28.8124 0.0000e+00
     81.000    16.1950     0.2606    96.8815 1.0000e-12 4.1449e+00    223.662    16.1817    39.0371    28.8139 0.0000e+00
     82.000    16.1943     0.2473    96.9051 1.0000e-12 3.1984e+00    222.544    16.1809    39.0411    28.8172 0.0000e+00
     83.000    16.1994     0.2530    96.8861 1.0000e-12 3.5257e+00    221.646    16.1857    39.0455    28.8194 0.0000e+00
     84.000    16.1797     0.2530    96.8710 1.0000e-12 3.3332e+00    221.515    16.1660    39.0433    28.8224 0.0000e+00
     85.000    16.1549     0.2622    96.8480 1.0000e-12 3.4328e+00    220.208    16.1410    39.0434    28.8284 0.0000e+00
     86.000    16.1586     0.2647    96.7777 1.0000e-12 2.0085e+00    217.521    16.1445    39.0506    28.8331 0.0000e+00
     87.000    16.1544     0.2873    96.6894 1.0000e-12 4.9151e+00    216.185    16.1402    39.0514    28.8348 0.0000e+00
     88.000    16.1395     0.2980    96.6685 1.0000e-12 3.4131e+00    215.556    16.1251    39.0500    28.8373 0.0000e+00
     89.000    16.1253     0.2996    96.6973 1.0000e-12 3.1118e+00    215.190    16.1108    39.0491    28.8400 0.0000e+00
     90.000    16.1154     0.2939    96.7950 1.0000e-12 3.0927e+00    214.553    16.1007    39.0489    28.8422 0.0000e+00
     91.000    16.1070     0.2930    96.8346 -9.990e-29 3.7933e+00    213.223    16.0921    39.0488    28.8442 0.0000e+00
     92.000    16.0880     0.2856    96.8877 1.0000e-12 2.8600e+00    213.526    16.0729    39.0475    28.8477 0.0000e+00
     93.000    16.0781     0.2843    96.9517 1.0000e-12 3.1514e+00    213.896    16.0629    39.0470    28.8497 0.0000e+00
     94.000    16.0677     0.2835    96.9219 1.0000e-12 3.6793e+00    215.179    16.0524    39.0440    28.8499 0.0000e+00
     95.000    16.0347     0.3001    96.8203 1.0000e-12 3.0115e+00    217.145    16.0192    39.0369    28.8523 0.0000e+00
     96.000    16.0152     0.3108    96.6596 1.0000e-12 3.1079e+00    217.795    15.9996    39.0330    28.8539 0.0000e+00
     97.000    16.0052     0.3296    96.5591 1.0000e-12 3.2036e+00    218.325    15.9894    39.0311    28.8548 0.0000e+00
     98.000    15.9903     0.3401    96.5144 1.0000e-12 4.5130e+00    217.949    15.9743    39.0296    28.8572 0.0000e+00
     99.000    15.9844     0.3491    96.4319 1.0000e-12 3.9712e+00    216.297    15.9683    39.0327    28.8611 0.0000e+00
    100.000    15.9778     0.3585    96.6474 1.0000e-12 1.9850e+00    216.378    15.9615    39.0340    28.8636 0.0000e+00
    101.000    15.9721     0.3430    96.7410 1.0000e-12 3.2251e+00    215.926    15.9557    39.0338    28.8648 0.0000e+00
    102.000    16.0330     0.3059    96.7297 1.0000e-12 3.7004e+00    216.703    16.0164    39.0378    28.8536 0.0000e+00
    103.000    16.0399     0.3095    96.7132 1.0000e-12 2.4841e+00    216.444    16.0231    39.0366    28.8511 0.0000e+00
    104.000    15.9899     0.3198    96.8069 1.0000e-12 2.6840e+00    215.276    15.9730    39.0316    28.8591 0.0000e+00
    105.000    15.9594     0.3548    96.9080 1.0000e-12 3.4139e+00    213.760    15.9424    39.0343    28.8683 0.0000e+00
    106.000    15.9536     0.3189    97.1351 1.0000e-12 2.4228e+00    213.188    15.9364    39.0372    28.8720 0.0000e+00
    107.000    15.9516     0.2956    97.2405 1.0000e-12 2.3906e+00    212.631    15.9342    39.0374    28.8727 0.0000e+00
    108.000    15.9383     0.2888    97.3304 1.0000e-12 4.9833e+00    212.505    15.9207    39.0367    28.8753 0.0000e+00
    109.000    15.9298     0.2820    97.3732 -9.990e-29 2.4416e+00    212.840    15.9121    39.0370    28.8776 0.0000e+00
    110.000    15.9231     0.2762    97.4663 1.0000e-12 2.6741e+00    212.680    15.9052    39.0378    28.8798 0.0000e+00
    111.000    15.9208     0.2685    97.4596 1.0000e-12 3.4656e+00    212.221    15.9027    39.0395    28.8817 0.0000e+00
    112.000    15.9107     0.2580    97.5316 1.0000e-12 4.6761e+00    211.143    15.8925    39.0387    28.8835 0.0000e+00
    113.000    15.8893     0.2575    97.5598 1.0000e-12 3.5594e+00    210.195    15.8710    39.0347    28.8855 0.0000e+00
    114.000    15.8839     0.2513    97.6144 1.0000e-12 2.1352e+00    210.052    15.8655    39.0359    28.8877 0.0000e+00
    115.000    15.8836     0.2510    97.6547 1.0000e-12 2.8243e+00    210.582    15.8650    39.0385    28.8898 0.0000e+00
    116.000    15.8807     0.2475    97.6520 1.0000e-12 3.6166e+00    210.352    15.8619    39.0393    28.8911 0.0000e+00
    117.000    15.8705     0.2440    97.7438 1.0000e-12 2.3505e+00    210.061    15.8515    39.0382    28.8928 0.0000e+00
    118.000    15.8594     0.2341    97.7753 1.0000e-12 2.6654e+00    209.489    15.8403    39.0369    28.8943 0.0000e+00
    119.000    15.8476     0.2326    97.8162 1.0000e-12 3.0835e+00    209.434    15.8284    39.0352    28.8958 0.0000e+00
    120.000    15.8399     0.2316    97.8560 1.0000e-12 2.2223e+00    209.346    15.8205    39.0340    28.8967 0.0000e+00
    121.000    15.8284     0.2246    97.8904 1.0000e-12 3.6042e+00    209.550    15.8089    39.0328    28.8986 0.0000e+00
    122.000    15.8255     0.2163    97.9363 1.0000e-12 1.7508e+00    209.708    15.8058    39.0333    28.8997 0.0000e+00
    123.000    15.8263     0.2152    97.9324 1.0000e-12 2.6325e+00    209.839    15.8064    39.0337    28.8998 0.0000e+00
    124.000    15.8174     0.2171    97.9626 1.0000e-12 4.2454e+00    209.812    15.7974    39.0327    28.9012 0.0000e+00
    125.000    15.8083     0.2118    97.9856 1.0000e-12 3.4010e+00    210.114    15.7881    39.0317    28.9026 0.0000e+00
    126.000    15.8054     0.2061    97.9957 1.0000e-12 2.6422e+00    209.995    15.7850    39.0327    28.9040 0.0000e+00
    127.000    15.8098     0.2031    98.0154 1.0000e-12 3.2419e+00    210.468    15.7893    39.0359    28.9055 0.0000e+00
    128.000    15.8113     0.1974    98.0262 1.0000e-12 2.9134e+00    210.715    15.7907    39.0366    28.9058 0.0000e+00
    129.000    15.8117     0.2011    98.0225 1.0000e-12 3.2895e+00    210.450    15.7909    39.0367    28.9058 0.0000e+00
    130.000    15.8118     0.2013    98.0461 1.0000e-12 4.2837e+00    210.289    15.7907    39.0368    28.9059 0.0000e+00
    131.000    15.8117     0.2032    98.0249 1.0000e-12 2.5535e+00    209.956    15.7905    39.0368    28.9059 0.0000e+00
    132.000    15.8094     0.2001    98.0642 1.0000e-12 3.3248e+00    210.012    15.7881    39.0367    28.9064 0.0000e+00
