Data/ruptures/TONGA/STATION 8/TONGA_CTD_025.cnv
* Sea-Bird SBE 9 Data File:
* FileName = C:\CTD\raw\TONGA_CTD_025.hdr
* Software Version Seasave V 7.21b
* Temperature SN = 0970
* Conductivity SN = 0606
* Number of Bytes Per Scan = 44
* Number of Voltage Words = 5
* Number of Scans Averaged by the Deck Unit = 1
* NMEA Latitude = 20 23.06 S
* NMEA Longitude = 166 25.72 W
* NMEA UTC (Time) = Nov 19 2019 20:05:49
# nquan = 18
# nvalues = 397                         
# units = specified
# name 0 = prDM: Pressure, Digiquartz [db]
# name 1 = t090C: Temperature [ITS-90, deg C]
# name 2 = c0S/m: Conductivity [S/m]
# name 3 = t190C: Temperature, 2 [ITS-90, deg C]
# name 4 = c1S/m: Conductivity, 2 [S/m]
# name 5 = sbeox0V: Oxygen raw, SBE 43 [V]
# name 6 = flC: Fluorescence, Chelsea Aqua 3 Chl Con [ug/l]
# name 7 = xmiss: Beam Transmission, Chelsea/Seatech [%]
# name 8 = par: PAR/Irradiance, Biospherical/Licor
# name 9 = altM: Altimeter [m]
# name 10 = potemp090C: Potential Temperature [ITS-90, deg C]
# name 11 = sal00: Salinity, Practical [PSU]
# name 12 = sigma-é00: Density [sigma-theta, kg/m^3]
# name 13 = sbox0Mm/Kg: Oxygen, SBE 43 [umol/kg]
# name 14 = potemp190C: Potential Temperature, 2 [ITS-90, deg C]
# name 15 = sal11: Salinity, Practical, 2 [PSU]
# name 16 = sigma-é11: Density, 2 [sigma-theta, kg/m^3]
# name 17 = flag:
# span 0 =      5.000,    401.000       
# span 1 =    12.6671,    25.5708       
# span 2 =   4.065086,   5.424018       
# span 3 =    12.6614,    25.5703       
# span 4 =   4.064404,   5.423770       
# span 5 =     1.7456,     2.2862       
# span 6 =     0.0076,     0.1349       
# span 7 =    88.5114,    89.4916       
# span 8 = 3.9810e-05, 1.8303e+02       
# span 9 =       0.00,       0.00       
# span 10 =    12.6125,    25.5653      
# span 11 =    34.8375,    35.7735      
# span 12 =    23.4711,    26.3440      
# span 13 =    164.655,    195.623      
# span 14 =    12.6069,    25.5648      
# span 15 =    34.8362,    35.7719      
# span 16 =    23.4703,    26.3441      
# span 17 = 0.0000e+00, 0.0000e+00      
# interval = decibars: 1                
# start_time = Jan 01 2000 20:05:49 [NMEA time, first data scan]
# bad_flag = -9.990e-29
*END*
[from data line 242]
    247.000    19.5772   4.837353    19.5783   4.837542     1.8786     0.0165    89.3676 8.1915e-03       0.00    19.5320    35.6423    25.3747    166.914    19.5331    35.6428    25.3748 0.0000e+00
    248.000    19.5274   4.831645    19.5290   4.831994     1.8777     0.0160    89.3696 7.8039e-03       0.00    19.4821    35.6371    25.3837    167.193    19.4837    35.6386    25.3845 0.0000e+00
    249.000    19.4912   4.827810    19.4926   4.827897     1.8775     0.0152    89.3647 5.9106e-03       0.00    19.4457    35.6358    25.3922    167.543    19.4471    35.6353    25.3915 0.0000e+00
    250.000    19.4471   4.822792    19.4491   4.823036     1.8777     0.0145    89.3682 4.4506e-03       0.00    19.4015    35.6314    25.4003    167.598    19.4036    35.6317    25.4000 0.0000e+00
    251.000    19.4433   4.822825    19.4412   4.822303     1.8775     0.0149    89.3747 5.1146e-03       0.00    19.3976    35.6346    25.4038    167.716    19.3954    35.6321    25.4024 0.0000e+00
    252.000    19.4167   4.819460    19.4188   4.819575     1.8776     0.0141    89.3684 2.4011e-03       0.00    19.3708    35.6290    25.4065    167.663    19.3729    35.6281    25.4053 0.0000e+00
    253.000    19.3789   4.814974    19.3803   4.815261     1.8769     0.0144    89.3714 1.6471e-03       0.00    19.3329    35.6236    25.4122    167.759    19.3343    35.6248    25.4127 0.0000e+00
    254.000    19.3545   4.812535    19.3564   4.812572     1.8770     0.0137    89.3689 6.4438e-04       0.00    19.3084    35.6238    25.4186    168.172    19.3103    35.6225    25.4172 0.0000e+00
    255.000    19.3320   4.809847    19.3333   4.810048     1.8783     0.0156    89.3713 8.3924e-05       0.00    19.2858    35.6202    25.4218    168.584    19.2870    35.6208    25.4219 0.0000e+00
    256.000    19.3013   4.806601    19.3030   4.806677     1.8791     0.0183    89.3708 7.1625e-05       0.00    19.2549    35.6192    25.4290    168.518    19.2566    35.6183    25.4279 0.0000e+00
    257.000    19.2752   4.803644    19.2770   4.803821     1.8791     0.0159    89.3755 7.7599e-05       0.00    19.2286    35.6165    25.4337    168.290    19.2305    35.6164    25.4332 0.0000e+00
    258.000    19.2423   4.799712    19.2436   4.799913     1.8777     0.0143    89.3719 7.0121e-05       0.00    19.1957    35.6114    25.4383    167.846    19.1970    35.6120    25.4384 0.0000e+00
    259.000    19.2079   4.795647    19.2094   4.795748     1.8756     0.0151    89.3763 6.0819e-05       0.00    19.1611    35.6066    25.4436    167.872    19.1626    35.6062    25.4429 0.0000e+00
    260.000    19.1889   4.793472    19.1904   4.793530     1.8748     0.0144    89.3827 6.1700e-05       0.00    19.1420    35.6044    25.4467    168.098    19.1435    35.6036    25.4458 0.0000e+00
    261.000    19.1689   4.791199    19.1706   4.791261     1.8741     0.0160    89.3768 8.1498e-05       0.00    19.1218    35.6022    25.4503    168.090    19.1235    35.6013    25.4491 0.0000e+00
    262.000    19.1579   4.790044    19.1598   4.790054     1.8731     0.0145    89.3845 5.6012e-05       0.00    19.1106    35.6016    25.4527    168.035    19.1126    35.6000    25.4510 0.0000e+00
    263.000    19.1540   4.789681    19.1559   4.789657     1.8726     0.0140    89.3829 5.2596e-05       0.00    19.1066    35.6016    25.4537    168.241    19.1085    35.5997    25.4518 0.0000e+00
    264.000    19.1529   4.789777    19.1515   4.789223     1.8727     0.0125    89.3825 6.8345e-05       0.00    19.1053    35.6029    25.4550    168.122    19.1039    35.5995    25.4528 0.0000e+00
    265.000    19.1305   4.786904    19.1318   4.787058     1.8715     0.0147    89.3822 6.8833e-05       0.00    19.0828    35.5977    25.4569    168.250    19.0841    35.5979    25.4567 0.0000e+00
    266.000    19.0758   4.780465    19.0769   4.780796     1.8726     0.0151    89.3784 6.9439e-05       0.00    19.0280    35.5904    25.4654    168.923    19.0291    35.5922    25.4665 0.0000e+00
    267.000    19.0382   4.776647    19.0401   4.776691     1.8739     0.0156    89.3800 6.2458e-05       0.00    18.9902    35.5904    25.4750    169.067    18.9921    35.5891    25.4735 0.0000e+00
    268.000    19.0257   4.775321    19.0274   4.775416     1.8740     0.0150    89.3853 7.4205e-05       0.00    18.9776    35.5896    25.4777    168.750    18.9793    35.5889    25.4767 0.0000e+00
    269.000    18.9924   4.771184    18.9934   4.771461     1.8729     0.0174    89.3884 6.5239e-05       0.00    18.9442    35.5831    25.4813    168.546    18.9452    35.5846    25.4821 0.0000e+00
    270.000    18.9484   4.766171    18.9496   4.766397     1.8718     0.0176    89.3876 7.4806e-05       0.00    18.9000    35.5785    25.4890    168.666    18.9013    35.5794    25.4894 0.0000e+00
    271.000    18.9160   4.762545    18.9173   4.762692     1.8716     0.0140    89.3854 7.0811e-05       0.00    18.8675    35.5756    25.4951    168.995    18.8688    35.5757    25.4948 0.0000e+00
    272.000    18.8947   4.760171    18.8967   4.760357     1.8717     0.0133    89.3854 7.0790e-05       0.00    18.8461    35.5736    25.4989    169.246    18.8481    35.5734    25.4983 0.0000e+00
    273.000    18.8798   4.758635    18.8821   4.758723     1.8722     0.0121    89.3787 7.3431e-05       0.00    18.8311    35.5731    25.5024    169.231    18.8333    35.5718    25.5009 0.0000e+00
    274.000    18.8710   4.757776    18.8721   4.757686     1.8719     0.0122    89.3867 6.4972e-05       0.00    18.8221    35.5731    25.5047    169.354    18.8232    35.5714    25.5031 0.0000e+00
    275.000    18.8506   4.755598    18.8530   4.755718     1.8737     0.0135    89.3881 8.3016e-05       0.00    18.8016    35.5719    25.5090    169.818    18.8040    35.5709    25.5076 0.0000e+00
    276.000    18.8266   4.752893    18.8284   4.752956     1.8742     0.0123    89.3940 7.6861e-05       0.00    18.7774    35.5694    25.5133    169.577    18.7793    35.5684    25.5120 0.0000e+00
    277.000    18.8168   4.751774    18.8192   4.751900     1.8732     0.0113    89.3936 5.5218e-05       0.00    18.7675    35.5681    25.5148    169.301    18.7699    35.5671    25.5134 0.0000e+00
    278.000    18.7818   4.747470    18.7835   4.747816     1.8723     0.0121    89.3856 6.5082e-05       0.00    18.7324    35.5616    25.5188    169.599    18.7340    35.5631    25.5195 0.0000e+00
    279.000    18.7366   4.742720    18.7380   4.742847     1.8728     0.0118    89.3966 6.3517e-05       0.00    18.6871    35.5601    25.5291    170.137    18.6885    35.5600    25.5287 0.0000e+00
    280.000    18.7015   4.738836    18.7031   4.739022     1.8750     0.0114    89.3930 7.1259e-05       0.00    18.6519    35.5573    25.5358    170.701    18.6535    35.5574    25.5356 0.0000e+00
    281.000    18.6445   4.732659    18.6462   4.732971     1.8765     0.0111    89.4005 6.1397e-05       0.00    18.5948    35.5539    25.5476    170.805    18.5965    35.5550    25.5481 0.0000e+00
    282.000    18.6152   4.729619    18.6169   4.729690     1.8762     0.0110    89.3982 6.6952e-05       0.00    18.5654    35.5531    25.5545    170.793    18.5671    35.5522    25.5534 0.0000e+00
    283.000    18.5830   4.725742    18.5835   4.726096     1.8768     0.0122    89.3949 7.3459e-05       0.00    18.5330    35.5477    25.5585    171.239    18.5335    35.5503    25.5604 0.0000e+00
    284.000    18.4991   4.716028    18.4989   4.716728     1.8777     0.0101    89.3990 5.6997e-05       0.00    18.4491    35.5376    25.5719    171.794    18.4489    35.5437    25.5766 0.0000e+00
    285.000    18.4246   4.708138    18.4266   4.708405     1.8790     0.0110    89.3993 7.1094e-05       0.00    18.3746    35.5347    25.5884    172.153    18.3766    35.5353    25.5883 0.0000e+00
    286.000    18.3990   4.705474    18.4009   4.705571     1.8798     0.0131    89.4050 5.3338e-05       0.00    18.3488    35.5339    25.5942    172.168    18.3508    35.5331    25.5931 0.0000e+00
    287.000    18.3801   4.703495    18.3818   4.703525     1.8802     0.0136    89.3982 6.5348e-05       0.00    18.3298    35.5331    25.5984    172.125    18.3315    35.5318    25.5970 0.0000e+00
    288.000    18.3735   4.702858    18.3753   4.702868     1.8801     0.0120    89.3985 6.8928e-05       0.00    18.3231    35.5330    25.6000    172.153    18.3249    35.5315    25.5984 0.0000e+00
    289.000    18.3667   4.702125    18.3684   4.702120     1.8802     0.0130    89.4009 8.1149e-05       0.00    18.3161    35.5323    25.6012    172.210    18.3178    35.5308    25.5996 0.0000e+00
    290.000    18.3596   4.701406    18.3615   4.701437     1.8802     0.0138    89.4000 7.1957e-05       0.00    18.3088    35.5320    25.6028    172.326    18.3107    35.5306    25.6013 0.0000e+00
    291.000    18.3492   4.700380    18.3510   4.700450     1.8812     0.0119    89.4016 6.4374e-05       0.00    18.2983    35.5318    25.6053    172.536    18.3001    35.5309    25.6041 0.0000e+00
    292.000    18.3309   4.698656    18.3330   4.698635     1.8803     0.0120    89.4042 6.3211e-05       0.00    18.2798    35.5327    25.6105    172.226    18.2819    35.5307    25.6085 0.0000e+00
    293.000    18.3061   4.695825    18.3073   4.695824     1.8801     0.0121    89.3996 5.4550e-05       0.00    18.2549    35.5297    25.6145    172.283    18.2562    35.5286    25.6134 0.0000e+00
    294.000    18.2452   4.688425    18.2466   4.689040     1.8782     0.0139    89.4062 5.7244e-05       0.00    18.1939    35.5191    25.6216    171.812    18.1954    35.5231    25.6243 0.0000e+00
    295.000    18.1830   4.681841    18.1846   4.682031     1.8766     0.0145    89.4115 5.6741e-05       0.00    18.1317    35.5165    25.6351    171.949    18.1333    35.5167    25.6349 0.0000e+00
    296.000    18.1617   4.679357    18.1634   4.679610     1.8755     0.0139    89.4062 6.9155e-05       0.00    18.1102    35.5135    25.6381    172.239    18.1120    35.5142    25.6382 0.0000e+00
    297.000    18.0799   4.669972    18.0808   4.670914     1.8758     0.0122    89.4048 6.9188e-05       0.00    18.0285    35.5039    25.6511    172.894    18.0293    35.5113    25.6565 0.0000e+00
    298.000    18.0060   4.662979    18.0078   4.663156     1.8762     0.0106    89.4089 7.2180e-05       0.00    17.9545    35.5080    25.6725    173.075    17.9563    35.5080    25.6720 0.0000e+00
    299.000    17.9840   4.660742    17.9859   4.660816     1.8759     0.0123    89.4100 4.3123e-05       0.00    17.9324    35.5076    25.6776    172.933    17.9343    35.5066    25.6764 0.0000e+00
    300.000    17.9670   4.658890    17.9687   4.658960     1.8754     0.0153    89.4137 5.4740e-05       0.00    17.9152    35.5062    25.6808    173.012    17.9170    35.5052    25.6796 0.0000e+00
    301.000    17.9486   4.656788    17.9499   4.656972     1.8750     0.0143    89.4037 5.8095e-05       0.00    17.8967    35.5038    25.6835    172.830    17.8980    35.5042    25.6835 0.0000e+00
    302.000    17.9019   4.651715    17.9034   4.651864     1.8734     0.0124    89.4108 6.9086e-05       0.00    17.8500    35.5005    25.6925    172.725    17.8514    35.5005    25.6922 0.0000e+00
    303.000    17.8812   4.649466    17.8827   4.649642     1.8728     0.0119    89.4135 6.4138e-05       0.00    17.8291    35.4989    25.6964    173.291    17.8306    35.4991    25.6962 0.0000e+00
    304.000    17.8345   4.644353    17.8357   4.644573     1.8747     0.0113    89.4172 6.6292e-05       0.00    17.7823    35.4953    25.7052    173.791    17.7835    35.4961    25.7055 0.0000e+00
    305.000    17.8455   4.645603    17.8067   4.641565     1.8709     0.0137    89.4128 6.4823e-05       0.00    17.7931    35.4960    25.7030    172.328    17.7544    35.4951    25.7119 0.0000e+00
    306.000    17.6024   4.618279    17.6029   4.618749     1.8683     0.0131    89.4133 6.2269e-05       0.00    17.5503    35.4726    25.7445    173.128    17.5509    35.4761    25.7470 0.0000e+00
    307.000    17.5344   4.610629    17.5358   4.610906     1.8664     0.0146    89.4154 7.1769e-05       0.00    17.4823    35.4655    25.7556    172.931    17.4837    35.4667    25.7561 0.0000e+00
    308.000    17.5027   4.607259    17.5045   4.607311     1.8646     0.0172    89.4135 5.1202e-05       0.00    17.4506    35.4637    25.7619    172.855    17.4523    35.4626    25.7606 0.0000e+00
    309.000    17.4814   4.604456    17.4835   4.604859     1.8634     0.0180    89.4165 7.2644e-05       0.00    17.4291    35.4577    25.7625    173.190    17.4312    35.4594    25.7632 0.0000e+00
    310.000    17.3968   4.593641    17.3973   4.594789     1.8636     0.0163    89.4152 7.2223e-05       0.00    17.3445    35.4378    25.7676    174.109    17.3450    35.4473    25.7748 0.0000e+00
    311.000    17.2807   4.581380    17.2815   4.581618     1.8651     0.0151    89.4229 6.4006e-05       0.00    17.2285    35.4327    25.7917    174.747    17.2293    35.4340    25.7926 0.0000e+00
    312.000    17.2409   4.577078    17.2445   4.577488     1.8654     0.0141    89.4187 6.2154e-05       0.00    17.1886    35.4298    25.7991    174.386    17.1922    35.4302    25.7985 0.0000e+00
    313.000    17.1797   4.569588    17.1797   4.570136     1.8644     0.0123    89.4212 5.6821e-05       0.00    17.1273    35.4180    25.8047    174.456    17.1274    35.4227    25.8083 0.0000e+00
    314.000    17.0830   4.558481    17.0868   4.559177     1.8640     0.0111    89.4241 5.3387e-05       0.00    17.0307    35.4058    25.8184    174.560    17.0345    35.4085    25.8196 0.0000e+00
    315.000    17.0483   4.554748    17.0517   4.555026     1.8629     0.0122    89.4171 7.3894e-05       0.00    16.9959    35.4033    25.8249    174.708    16.9993    35.4027    25.8236 0.0000e+00
    316.000    17.0218   4.551523    17.0242   4.551826     1.8629     0.0127    89.4242 4.9442e-05       0.00    16.9693    35.3980    25.8272    175.245    16.9717    35.3985    25.8270 0.0000e+00
    317.000    16.9563   4.543599    16.9587   4.544356     1.8638     0.0106    89.4247 8.0407e-05       0.00    16.9038    35.3860    25.8335    175.601    16.9062    35.3905    25.8364 0.0000e+00
    318.000    16.9037   4.538368    16.9067   4.538370     1.8634     0.0113    89.4246 7.4620e-05       0.00    16.8511    35.3861    25.8461    175.232    16.8541    35.3835    25.8434 0.0000e+00
    319.000    16.8667   4.533679    16.8684   4.533929     1.8618     0.0120    89.4220 6.7347e-05       0.00    16.8140    35.3773    25.8481    175.530    16.8157    35.3779    25.8482 0.0000e+00
    320.000    16.7556   4.520538    16.7588   4.521161     1.8621     0.0160    89.4311 4.5031e-05       0.00    16.7030    35.3595    25.8607    175.577    16.7062    35.3622    25.8620 0.0000e+00
    321.000    16.7264   4.517561    16.7289   4.517579     1.8608     0.0133    89.4326 5.3140e-05       0.00    16.6738    35.3587    25.8669    175.625    16.6763    35.3566    25.8648 0.0000e+00
    322.000    16.7026   4.514720    16.7037   4.514795     1.8606     0.0118    89.4319 4.6234e-05       0.00    16.6498    35.3544    25.8693    175.820    16.6509    35.3540    25.8687 0.0000e+00
    323.000    16.6602   4.509953    16.6624   4.510117     1.8595     0.0101    89.4362 7.0033e-05       0.00    16.6074    35.3494    25.8754    175.830    16.6095    35.3490    25.8746 0.0000e+00
    324.000    16.6346   4.506815    16.6362   4.506995     1.8596     0.0098    89.4336 5.0717e-05       0.00    16.5816    35.3441    25.8774    176.037    16.5832    35.3443    25.8772 0.0000e+00
    325.000    16.5994   4.502698    16.6011   4.502938     1.8591     0.0120    89.4257 6.3358e-05       0.00    16.5464    35.3385    25.8813    175.713    16.5480    35.3391    25.8814 0.0000e+00
