Data/ruptures/TONGA/STATION 8/TONGA_CTD_023.cnv
* Sea-Bird SBE 9 Data File:
* FileName = C:\CTD\raw\TONGA_CTD_023.hdr
* Software Version Seasave V 7.21b
* Temperature SN = 0970
* Conductivity SN = 0606
* Number of Bytes Per Scan = 44
* Number of Voltage Words = 5
* Number of Scans Averaged by the Deck Unit = 1
* NMEA Latitude = 20 29.92 S
* NMEA Longitude = 171 59.82 W
* NMEA UTC (Time) = Nov 16 2019 23:34:29
# nquan = 18
# nvalues = 1976                        
# units = specified
# name 0 = prDM: Pressure, Digiquartz [db]
# name 1 = t090C: Temperature [ITS-90, deg C]
# name 2 = c0S/m: Conductivity [S/m]
# name 3 = t190C: Temperature, 2 [ITS-90, deg C]
# name 4 = c1S/m: Conductivity, 2 [S/m]
# name 5 = sbeox0V: Oxygen raw, SBE 43 [V]
# name 6 = flC: Fluorescence, Chelsea Aqua 3 Chl Con [ug/l]
# name 7 = xmiss: Beam Transmission, Chelsea/Seatech [%]
# name 8 = par: PAR/Irradiance, Biospherical/Licor
# name 9 = altM: Altimeter [m]
# name 10 = potemp090C: Potential Temperature [ITS-90, deg C]
# name 11 = sal00: Salinity, Practical [PSU]
# name 12 = sigma-é00: Density [sigma-theta, kg/m^3]
# name 13 = sbox0Mm/Kg: Oxygen, SBE 43 [umol/kg]
# name 14 = potemp190C: Potential Temperature, 2 [ITS-90, deg C]
# name 15 = sal11: Salinity, Practical, 2 [PSU]
# name 16 = sigma-é11: Density, 2 [sigma-theta, kg/m^3]
# name 17 = flag:
# span 0 =      4.000,   1979.000       
# span 1 =     2.3359,    26.0409       
# span 2 =   3.162015,   5.459770       
# span 3 =     2.3361,    26.0412       
# span 4 =   3.162010,   5.460025       
# span 5 =     1.0983,     2.3119       
# span 6 =     0.0055,     0.1395       
# span 7 =    88.0418,    89.7859       
# span 8 = 1.3189e-05, 1.6362e+03       
# span 9 =       0.00,       0.00       
# span 10 =     2.1962,    26.0396      
# span 11 =    34.3249,    35.7584      
# span 12 =    23.2593,    27.6517      
# span 13 =    133.580,    206.887      
# span 14 =     2.1964,    26.0399      
# span 15 =    34.3271,    35.7574      
# span 16 =    23.2604,    27.6512      
# span 17 = 0.0000e+00, 0.0000e+00      
# interval = decibars: 1                
# start_time = Jan 01 2000 23:34:29 [NMEA time, first data scan]
# bad_flag = -9.990e-29
*END*
[from data line 81]
     85.000    23.6049   5.220471    23.6065   5.220420     2.2527     0.0415    88.6651 6.3213e+01       0.00    23.5872    35.4187    24.0802    195.214    23.5888    35.4171    24.0786 0.0000e+00
     86.000    23.6193   5.224120    23.6205   5.224010     2.2527     0.0431    88.6724 6.1053e+01       0.00    23.6014    35.4348    24.0882    195.175    23.6026    35.4329    24.0865 0.0000e+00
     87.000    23.6166   5.224133    23.6164   5.224107     2.2524     0.0435    88.6943 5.7390e+01       0.00    23.5985    35.4367    24.0905    195.012    23.5982    35.4367    24.0906 0.0000e+00
     88.000    23.6045   5.222827    23.6051   5.222824     2.2516     0.0428    88.6947 5.6785e+01       0.00    23.5862    35.4360    24.0937    195.083    23.5868    35.4356    24.0931 0.0000e+00
     89.000    23.5999   5.222507    23.6008   5.222518     2.2503     0.0450    88.6991 5.3696e+01       0.00    23.5813    35.4370    24.0958    194.566    23.5822    35.4364    24.0951 0.0000e+00
     90.000    23.5880   5.221109    23.5883   5.221148     2.2478     0.0462    88.6954 5.0850e+01       0.00    23.5693    35.4355    24.0982    194.719    23.5695    35.4356    24.0982 0.0000e+00
     91.000    23.5613   5.217829    23.5604   5.218248     2.2485     0.0452    88.6957 4.9559e+01       0.00    23.5424    35.4315    24.1031    194.908    23.5415    35.4354    24.1063 0.0000e+00
     92.000    23.4817   5.209277    23.4807   5.209605     2.2472     0.0449    88.6878 4.8754e+01       0.00    23.4627    35.4295    24.1249    194.464    23.4616    35.4328    24.1278 0.0000e+00
     93.000    23.4564   5.207259    23.4572   5.207283     2.2444     0.0472    88.7079 4.7437e+01       0.00    23.4371    35.4340    24.1358    193.586    23.4379    35.4335    24.1352 0.0000e+00
     94.000    23.4315   5.204036    23.4312   5.204634     2.2385     0.0484    88.7225 4.5422e+01       0.00    23.4120    35.4290    24.1393    192.811    23.4117    35.4338    24.1431 0.0000e+00
     95.000    23.3288   5.194355    23.3284   5.194585     2.2337     0.0499    88.7499 4.3644e+01       0.00    23.3091    35.4368    24.1753    192.742    23.3088    35.4389    24.1770 0.0000e+00
     96.000    23.2826   5.190162    23.2825   5.190254     2.2268     0.0527    88.7736 4.2919e+01       0.00    23.2628    35.4414    24.1922    192.152    23.2627    35.4422    24.1928 0.0000e+00
     97.000    23.2635   5.188157    23.2643   5.188227     2.2219     0.0537    88.7821 4.1222e+01       0.00    23.2435    35.4411    24.1976    192.187    23.2443    35.4410    24.1973 0.0000e+00
     98.000    23.2432   5.186197    23.2437   5.186478     2.2187     0.0545    88.7922 3.9690e+01       0.00    23.2230    35.4419    24.2042    192.164    23.2236    35.4437    24.2054 0.0000e+00
     99.000    23.2062   5.182384    23.2070   5.182422     2.2174     0.0557    88.7846 3.8963e+01       0.00    23.1858    35.4420    24.2151    192.587    23.1867    35.4417    24.2146 0.0000e+00
    100.000    23.2026   5.182409    23.2035   5.182434     2.2172     0.0581    88.7743 3.7867e+01       0.00    23.1820    35.4448    24.2183    192.872    23.1829    35.4443    24.2176 0.0000e+00
    101.000    23.1989   5.182558    23.2000   5.182451     2.2178     0.0601    88.7673 3.6310e+01       0.00    23.1781    35.4486    24.2223    192.827    23.1793    35.4469    24.2207 0.0000e+00
    102.000    23.2083   5.184755    23.2090   5.184723     2.2166     0.0623    88.7721 3.4347e+01       0.00    23.1873    35.4576    24.2265    192.494    23.1880    35.4568    24.2257 0.0000e+00
    103.000    23.1914   5.183115    23.1908   5.182853     2.2137     0.0625    88.7988 3.2650e+01       0.00    23.1702    35.4583    24.2319    191.764    23.1696    35.4567    24.2309 0.0000e+00
    104.000    23.1532   5.177803    23.1513   5.177962     2.2085     0.0623    88.8113 3.2212e+01       0.00    23.1319    35.4478    24.2351    191.418    23.1299    35.4506    24.2378 0.0000e+00
    105.000    23.1022   5.171750    23.1028   5.171910     2.2059     0.0629    88.8199 3.0260e+01       0.00    23.0807    35.4419    24.2454    191.201    23.0812    35.4427    24.2459 0.0000e+00
    106.000    23.0863   5.169855    23.0871   5.170085     2.2028     0.0641    88.8213 2.8557e+01       0.00    23.0645    35.4398    24.2485    190.861    23.0654    35.4409    24.2491 0.0000e+00
    107.000    23.0596   5.167000    23.0604   5.167220     2.2003     0.0645    88.8077 2.7628e+01       0.00    23.0377    35.4389    24.2557    190.955    23.0385    35.4399    24.2562 0.0000e+00
    108.000    23.0345   5.164562    23.0344   5.164618     2.1988     0.0656    88.7773 2.7071e+01       0.00    23.0124    35.4401    24.2638    190.693    23.0123    35.4405    24.2642 0.0000e+00
    109.000    23.0058   5.161482    23.0058   5.161512     2.1933     0.0690    88.7569 2.5956e+01       0.00    22.9835    35.4390    24.2714    189.604    22.9835    35.4393    24.2716 0.0000e+00
    110.000    22.9961   5.162600    22.9972   5.162457     2.1878     0.0744    88.7001 2.4433e+01       0.00    22.9736    35.4552    24.2865    189.570    22.9747    35.4532    24.2847 0.0000e+00
    111.000    22.9875   5.162539    22.9884   5.162630     2.1869     0.0816    88.6249 2.3527e+01       0.00    22.9648    35.4613    24.2937    190.606    22.9657    35.4613    24.2935 0.0000e+00
    112.000    22.9650   5.160564    22.9660   5.160723     2.1894     0.0924    88.6091 2.2877e+01       0.00    22.9422    35.4639    24.3022    191.781    22.9432    35.4643    24.3022 0.0000e+00
    113.000    22.9416   5.158240    22.9422   5.158581     2.1937     0.0985    88.6191 2.2192e+01       0.00    22.9185    35.4645    24.3095    192.332    22.9191    35.4667    24.3110 0.0000e+00
    114.000    22.9054   5.154942    22.9065   5.155057     2.1958     0.1091    88.6540 2.1354e+01       0.00    22.8821    35.4679    24.3225    192.422    22.8832    35.4680    24.3223 0.0000e+00
    115.000    22.8886   5.153124    22.8897   5.153224     2.1984     0.1183    88.6898 2.0295e+01       0.00    22.8652    35.4671    24.3268    192.444    22.8662    35.4670    24.3264 0.0000e+00
    116.000    22.8802   5.152546    22.8812   5.152538     2.1986     0.1137    88.6875 1.9291e+01       0.00    22.8566    35.4691    24.3308    192.146    22.8576    35.4682    24.3298 0.0000e+00
    117.000    22.8777   5.152392    22.8787   5.152405     2.1989     0.1120    88.6755 1.8452e+01       0.00    22.8538    35.4696    24.3320    192.095    22.8549    35.4689    24.3311 0.0000e+00
    118.000    22.8742   5.152068    22.8751   5.152125     2.1979     0.1134    88.6851 1.7647e+01       0.00    22.8502    35.4695    24.3330    191.321    22.8510    35.4693    24.3325 0.0000e+00
    119.000    22.8741   5.153574    22.8765   5.153331     2.1937     0.1136    88.7099 1.6979e+01       0.00    22.8498    35.4810    24.3418    190.319    22.8522    35.4772    24.3382 0.0000e+00
    120.000    22.9045   5.158940    22.9068   5.158812     2.1890     0.1144    88.7237 1.6391e+01       0.00    22.8800    35.4976    24.3456    189.660    22.8823    35.4948    24.3428 0.0000e+00
    121.000    22.9294   5.163494    22.9309   5.163390     2.1822     0.1170    88.7286 1.5588e+01       0.00    22.9047    35.5123    24.3497    188.531    22.9062    35.5103    24.3477 0.0000e+00
    122.000    22.9489   5.167461    22.9493   5.167563     2.1727     0.1136    88.6892 1.4538e+01       0.00    22.9240    35.5269    24.3552    187.824    22.9243    35.5274    24.3555 0.0000e+00
    123.000    22.9377   5.167186    22.9373   5.167212     2.1668     0.1171    88.6894 1.3939e+01       0.00    22.9125    35.5336    24.3636    188.369    22.9122    35.5340    24.3640 0.0000e+00
    124.000    22.9037   5.162805    22.9042   5.163102     2.1697     0.1318    88.7093 1.3279e+01       0.00    22.8784    35.5268    24.3683    189.416    22.8789    35.5287    24.3696 0.0000e+00
    125.000    22.8412   5.153874    22.8408   5.154542     2.1708     0.1382    88.7339 1.2535e+01       0.00    22.8158    35.5079    24.3720    189.131    22.8153    35.5135    24.3763 0.0000e+00
    126.000    22.8000   5.149365    22.8011   5.149503     2.1696     0.1380    88.7789 1.1888e+01       0.00    22.7744    35.5060    24.3824    188.433    22.7754    35.5062    24.3823 0.0000e+00
    127.000    22.8034   5.151421    22.8046   5.151196     2.1658     0.1362    88.7787 1.1331e+01       0.00    22.7776    35.5189    24.3913    187.533    22.7788    35.5162    24.3889 0.0000e+00
    128.000    22.7975   5.151148    22.7985   5.151237     2.1618     0.1360    88.7825 1.0869e+01       0.00    22.7715    35.5212    24.3948    187.241    22.7724    35.5211    24.3944 0.0000e+00
    129.000    22.7945   5.152316    22.7955   5.152341     2.1588     0.1372    88.7644 1.0392e+01       0.00    22.7683    35.5324    24.4042    186.656    22.7693    35.5317    24.4034 0.0000e+00
    130.000    22.7680   5.150039    22.7688   5.150178     2.1528     0.1385    88.7714 9.9818e+00       0.00    22.7415    35.5359    24.4145    185.067    22.7424    35.5363    24.4146 0.0000e+00
    131.000    22.7634   5.151356    22.7643   5.151116     2.1435     0.1395    88.8077 9.6030e+00       0.00    22.7368    35.5495    24.4262    183.539    22.7377    35.5469    24.4240 0.0000e+00
    132.000    22.7809   5.155835    22.7821   5.155398     2.1345     0.1374    88.7897 9.2110e+00       0.00    22.7540    35.5697    24.4366    182.259    22.7553    35.5653    24.4329 0.0000e+00
    133.000    22.7838   5.157237    22.7844   5.157467     2.1240     0.1387    88.7987 8.8197e+00       0.00    22.7568    35.5779    24.4420    181.047    22.7573    35.5792    24.4429 0.0000e+00
    134.000    22.7431   5.154692    22.7435   5.154817     2.1138     0.1374    88.8170 8.4498e+00       0.00    22.7159    35.5909    24.4637    180.563    22.7163    35.5915    24.4640 0.0000e+00
    135.000    22.7105   5.152600    22.7112   5.152775     2.1057     0.1355    88.8346 8.0632e+00       0.00    22.6831    35.6008    24.4806    180.566    22.6838    35.6016    24.4810 0.0000e+00
    136.000    22.6896   5.151031    22.6904   5.151116     2.1000     0.1304    88.8684 7.6497e+00       0.00    22.6620    35.6053    24.4900    180.522    22.6628    35.6053    24.4898 0.0000e+00
    137.000    22.6790   5.150297    22.6800   5.150339     2.0958     0.1246    88.8879 7.2390e+00       0.00    22.6512    35.6079    24.4951    180.330    22.6522    35.6074    24.4944 0.0000e+00
    138.000    22.6678   5.149666    22.6687   5.149737     2.0925     0.1204    88.8917 6.8489e+00       0.00    22.6398    35.6117    24.5012    180.113    22.6407    35.6116    24.5009 0.0000e+00
    139.000    22.6516   5.148517    22.6522   5.148599     2.0889     0.1178    88.8999 6.4903e+00       0.00    22.6235    35.6157    24.5089    179.854    22.6241    35.6158    24.5089 0.0000e+00
    140.000    22.6356   5.147226    22.6353   5.147106     2.0827     0.1149    88.9100 6.1800e+00       0.00    22.6073    35.6183    24.5156    178.753    22.6069    35.6176    24.5151 0.0000e+00
    141.000    22.6113   5.144952    22.6117   5.145078     2.0735     0.1140    88.9282 5.9169e+00       0.00    22.5828    35.6201    24.5239    177.510    22.5832    35.6207    24.5243 0.0000e+00
    142.000    22.5868   5.143177    22.5877   5.143283     2.0682     0.1107    88.9327 5.6061e+00       0.00    22.5581    35.6259    24.5353    177.205    22.5590    35.6260    24.5352 0.0000e+00
    143.000    22.5670   5.142113    22.5683   5.142244     2.0642     0.1059    88.9477 5.3162e+00       0.00    22.5381    35.6334    24.5468    177.295    22.5394    35.6334    24.5464 0.0000e+00
    144.000    22.5533   5.141741    22.5540   5.141765     2.0638     0.1032    88.9588 5.0666e+00       0.00    22.5242    35.6414    24.5568    177.116    22.5249    35.6410    24.5563 0.0000e+00
    145.000    22.5515   5.141967    22.5528   5.141967     2.0590     0.0997    88.9602 4.8446e+00       0.00    22.5222    35.6442    24.5595    175.733    22.5236    35.6432    24.5583 0.0000e+00
    146.000    22.5515   5.142427    22.5526   5.142361     2.0529     0.0963    88.9665 4.6557e+00       0.00    22.5220    35.6475    24.5621    176.283    22.5231    35.6461    24.5607 0.0000e+00
    147.000    22.5533   5.143268    22.5545   5.143250     2.0562     0.0939    88.9567 4.4941e+00       0.00    22.5236    35.6523    24.5652    176.492    22.5248    35.6511    24.5640 0.0000e+00
    148.000    22.5545   5.143747    22.5556   5.143759     2.0446     0.0921    88.9601 4.3482e+00       0.00    22.5246    35.6547    24.5668    173.856    22.5257    35.6539    24.5659 0.0000e+00
    149.000    22.5558   5.144463    22.5567   5.144467     2.0421     0.0932    88.9637 4.2049e+00       0.00    22.5257    35.6589    24.5697    175.748    22.5266    35.6581    24.5688 0.0000e+00
    150.000    22.5593   5.145866    22.5604   5.145686     2.0432     0.0944    88.9641 4.0537e+00       0.00    22.5290    35.6666    24.5746    175.309    22.5301    35.6643    24.5725 0.0000e+00
    151.000    22.5447   5.145298    22.5450   5.145735     2.0386     0.0972    88.9603 3.8837e+00       0.00    22.5143    35.6737    24.5842    172.012    22.5145    35.6769    24.5866 0.0000e+00
    152.000    22.4738   5.138871    22.4748   5.139220     2.0222     0.0992    88.9712 3.7093e+00       0.00    22.4432    35.6812    24.6101    169.841    22.4441    35.6832    24.6114 0.0000e+00
    153.000    22.4500   5.137743    22.4510   5.137934     2.0142     0.0968    89.0076 3.5339e+00       0.00    22.4192    35.6916    24.6249    171.013    22.4202    35.6923    24.6251 0.0000e+00
    154.000    22.4230   5.134661    22.4237   5.134950     2.0097     0.0914    89.0182 3.3659e+00       0.00    22.3920    35.6892    24.6308    171.579    22.3928    35.6909    24.6319 0.0000e+00
    155.000    22.3710   5.128956    22.3714   5.129391     2.0072     0.0845    89.0328 3.2010e+00       0.00    22.3399    35.6869    24.6438    171.670    22.3402    35.6900    24.6461 0.0000e+00
    156.000    22.2842   5.119364    22.2832   5.119688     2.0025     0.0817    89.0452 3.0585e+00       0.00    22.2529    35.6826    24.6653    170.609    22.2520    35.6859    24.6680 0.0000e+00
    157.000    22.2164   5.114165    22.2172   5.114128     1.9917     0.0791    89.0743 2.9308e+00       0.00    22.1850    35.6972    24.6955    169.071    22.1859    35.6961    24.6945 0.0000e+00
    158.000    22.2271   5.118261    22.2282   5.118284     1.9832     0.0747    89.0880 2.8028e+00       0.00    22.1955    35.7202    24.7100    168.778    22.1966    35.7194    24.7091 0.0000e+00
    159.000    22.2143   5.117245    22.2154   5.117403     1.9796     0.0707    89.0944 2.6899e+00       0.00    22.1826    35.7223    24.7153    169.306    22.1836    35.7227    24.7153 0.0000e+00
    160.000    22.1824   5.113062    22.1833   5.113845     1.9797     0.0671    89.0945 2.5824e+00       0.00    22.1505    35.7154    24.7191    170.215    22.1514    35.7208    24.7230 0.0000e+00
    161.000    22.1179   5.105792    22.1196   5.106221     1.9815     0.0650    89.0894 2.4800e+00       0.00    22.0859    35.7109    24.7340    170.924    22.0875    35.7130    24.7351 0.0000e+00
    162.000    22.0322   5.093962    22.0339   5.095872     1.9834     0.0646    89.0868 2.3844e+00       0.00    22.0000    35.6881    24.7408    171.319    22.0017    35.7017    24.7506 0.0000e+00
    163.000    21.9402   5.085042    21.9421   5.085353     1.9837     0.0655    89.0867 2.2908e+00       0.00    21.9079    35.6932    24.7705    171.426    21.9098    35.6941    24.7707 0.0000e+00
