Data/ruptures/TONGA/STATION 8/TONGA_CTD_026.cnv
* Sea-Bird SBE 9 Data File:
* FileName = C:\CTD\raw\TONGA_CTD_026.hdr
* Software Version Seasave V 7.21b
* Temperature SN = 0970
* Conductivity SN = 0606
* Number of Bytes Per Scan = 44
* Number of Voltage Words = 5
* Number of Scans Averaged by the Deck Unit = 1
* NMEA Latitude = 20 24.23 S
* NMEA Longitude = 166 35.88 W
* NMEA UTC (Time) = Nov 21 2019 05:16:32
# nquan = 18
# nvalues = 5198                        
# units = specified
# name 0 = prDM: Pressure, Digiquartz [db]
# name 1 = t090C: Temperature [ITS-90, deg C]
# name 2 = c0S/m: Conductivity [S/m]
# name 3 = t190C: Temperature, 2 [ITS-90, deg C]
# name 4 = c1S/m: Conductivity, 2 [S/m]
# name 5 = sbeox0V: Oxygen raw, SBE 43 [V]
# name 6 = flC: Fluorescence, Chelsea Aqua 3 Chl Con [ug/l]
# name 7 = xmiss: Beam Transmission, Chelsea/Seatech [%]
# name 8 = par: PAR/Irradiance, Biospherical/Licor
# name 9 = altM: Altimeter [m]
# name 10 = potemp090C: Potential Temperature [ITS-90, deg C]
# name 11 = sal00: Salinity, Practical [PSU]
# name 12 = sigma-é00: Density [sigma-theta, kg/m^3]
# name 13 = sbox0Mm/Kg: Oxygen, SBE 43 [umol/kg]
# name 14 = potemp190C: Potential Temperature, 2 [ITS-90, deg C]
# name 15 = sal11: Salinity, Practical, 2 [PSU]
# name 16 = sigma-é11: Density, 2 [sigma-theta, kg/m^3]
# name 17 = flag:
# span 0 =      3.000,   5200.000       
# span 1 =     1.0555,    26.0665       
# span 2 =   3.147436,   5.467953       
# span 3 =     1.0557,    26.0665       
# span 4 =   3.147405,   5.467811       
# span 5 =     1.0317,     2.2827       
# span 6 =     0.0057,     0.1320       
# span 7 =    88.3489,    89.8491       
# span 8 = 3.8179e-05, 1.6226e+01       
# span 9 =       0.00,       0.00       
# span 10 =     0.6396,    26.0656      
# span 11 =    34.3351,    35.7899      
# span 12 =    23.2815,    27.8330      
# span 13 =    133.882,    197.420      
# span 14 =     0.6399,    26.0656      
# span 15 =    34.3351,    35.7899      
# span 16 =    23.2809,    27.8328      
# span 17 = 0.0000e+00, 0.0000e+00      
# interval = decibars: 1                
# start_time = Jan 01 2000 05:16:32 [NMEA time, first data scan]
# bad_flag = -9.990e-29
*END*
[from data line 4262]
   4265.000     1.2439   3.159474     1.2440   3.159473     1.0892     0.0152    89.8284 1.6888e-02       0.00     0.9031    34.7129    27.8211    184.135     0.9033    34.7127    27.8209 0.0000e+00
   4266.000     1.2436   3.159517     1.2439   3.159500     1.0892     0.0147    89.8263 1.7357e-02       0.00     0.9027    34.7133    27.8214    183.498     0.9030    34.7128    27.8210 0.0000e+00
   4267.000     1.2424   3.159482     1.2427   3.159465     1.0888     0.0152    89.8262 1.8360e-02       0.00     0.9015    34.7137    27.8218    183.668     0.9017    34.7133    27.8214 0.0000e+00
   4268.000     1.2416   3.159445     1.2418   3.159428     1.0889     0.0146    89.8248 1.9428e-02       0.00     0.9006    34.7137    27.8218    184.172     0.9008    34.7133    27.8215 0.0000e+00
   4269.000     1.2388   3.159218     1.2388   3.159207     1.0890     0.0122    89.8263 1.9703e-02       0.00     0.8977    34.7135    27.8219    184.705     0.8978    34.7133    27.8217 0.0000e+00
   4270.000     1.2374   3.159138     1.2375   3.159139     1.0891     0.0126    89.8242 1.9499e-02       0.00     0.8963    34.7136    27.8220    184.686     0.8964    34.7135    27.8220 0.0000e+00
   4271.000     1.2369   3.159129     1.2370   3.159117     1.0893     0.0134    89.8254 1.8758e-02       0.00     0.8957    34.7136    27.8221    184.619     0.8958    34.7133    27.8219 0.0000e+00
   4272.000     1.2367   3.159153     1.2368   3.159144     1.0892     0.0122    89.8262 1.7729e-02       0.00     0.8954    34.7136    27.8221    184.744     0.8954    34.7135    27.8220 0.0000e+00
   4273.000     1.2359   3.159109     1.2359   3.159098     1.0893     0.0128    89.8271 1.7665e-02       0.00     0.8944    34.7136    27.8222    185.061     0.8944    34.7135    27.8221 0.0000e+00
   4274.000     1.2356   3.159123     1.2359   3.159117     1.0895     0.0131    89.8288 1.8710e-02       0.00     0.8941    34.7136    27.8222    185.002     0.8944    34.7133    27.8219 0.0000e+00
   4275.000     1.2349   3.159088     1.2354   3.159122     1.0896     0.0129    89.8289 2.0576e-02       0.00     0.8933    34.7135    27.8222    184.370     0.8938    34.7134    27.8221 0.0000e+00
   4276.000     1.2343   3.159068     1.2349   3.159106     1.0894     0.0135    89.8258 1.8142e-02       0.00     0.8926    34.7135    27.8222    184.201     0.8932    34.7134    27.8221 0.0000e+00
   4277.000     1.2319   3.158871     1.2319   3.158887     1.0895     0.0134    89.8223 1.9754e-02       0.00     0.8902    34.7133    27.8222    184.964     0.8902    34.7134    27.8222 0.0000e+00
   4278.000     1.2301   3.158767     1.2303   3.158750     1.0896     0.0130    89.8223 1.9061e-02       0.00     0.8883    34.7134    27.8224    184.541     0.8885    34.7130    27.8221 0.0000e+00
   4279.000     1.2298   3.158776     1.2301   3.158762     1.0895     0.0124    89.8236 2.0003e-02       0.00     0.8879    34.7135    27.8225    184.795     0.8882    34.7129    27.8220 0.0000e+00
   4280.000     1.2294   3.158779     1.2297   3.158766     1.0896     0.0119    89.8245 2.0015e-02       0.00     0.8874    34.7135    27.8225    185.224     0.8877    34.7130    27.8221 0.0000e+00
   4281.000     1.2293   3.158799     1.2296   3.158795     1.0898     0.0119    89.8277 1.9654e-02       0.00     0.8872    34.7134    27.8225    184.732     0.8875    34.7131    27.8222 0.0000e+00
   4282.000     1.2293   3.158819     1.2294   3.158806     1.0898     0.0156    89.8236 2.1416e-02       0.00     0.8871    34.7133    27.8224    184.903     0.8871    34.7130    27.8222 0.0000e+00
   4283.000     1.2295   3.158868     1.2295   3.158864     1.0897     0.0131    89.8280 2.1481e-02       0.00     0.8871    34.7133    27.8224    184.239     0.8872    34.7132    27.8223 0.0000e+00
   4284.000     1.2293   3.158892     1.2294   3.158883     1.0895     0.0124    89.8190 2.1868e-02       0.00     0.8869    34.7133    27.8224    184.946     0.8869    34.7131    27.8223 0.0000e+00
   4285.000     1.2292   3.158902     1.2292   3.158903     1.0898     0.0126    89.8269 2.1391e-02       0.00     0.8866    34.7132    27.8224    185.428     0.8867    34.7131    27.8223 0.0000e+00
   4286.000     1.2284   3.158881     1.2285   3.158876     1.0898     0.0117    89.8268 2.2734e-02       0.00     0.8858    34.7133    27.8225    184.802     0.8859    34.7131    27.8224 0.0000e+00
   4287.000     1.2278   3.158859     1.2279   3.158853     1.0898     0.0126    89.8277 2.0964e-02       0.00     0.8850    34.7133    27.8226    185.116     0.8852    34.7130    27.8223 0.0000e+00
   4288.000     1.2274   3.158872     1.2274   3.158859     1.0898     0.0109    89.8244 1.9456e-02       0.00     0.8846    34.7134    27.8227    184.610     0.8846    34.7133    27.8226 0.0000e+00
   4289.000     1.2273   3.158905     1.2275   3.158895     1.0896     0.0111    89.8206 2.0986e-02       0.00     0.8844    34.7135    27.8227    184.556     0.8845    34.7132    27.8225 0.0000e+00
   4290.000     1.2272   3.158924     1.2273   3.158928     1.0896     0.0110    89.8241 1.9617e-02       0.00     0.8841    34.7135    27.8227    185.078     0.8843    34.7134    27.8227 0.0000e+00
   4291.000     1.2267   3.158928     1.2269   3.158917     1.0897     0.0108    89.8267 1.8122e-02       0.00     0.8836    34.7136    27.8229    185.051     0.8837    34.7133    27.8226 0.0000e+00
   4292.000     1.2267   3.158970     1.2268   3.158951     1.0896     0.0104    89.8258 2.1076e-02       0.00     0.8834    34.7137    27.8230    184.998     0.8835    34.7134    27.8227 0.0000e+00
   4293.000     1.2261   3.158961     1.2264   3.158960     1.0896     0.0101    89.8212 2.0242e-02       0.00     0.8828    34.7138    27.8231    184.856     0.8830    34.7135    27.8229 0.0000e+00
   4294.000     1.2259   3.158975     1.2261   3.158962     1.0896     0.0105    89.8295 1.8120e-02       0.00     0.8824    34.7138    27.8231    185.202     0.8826    34.7135    27.8228 0.0000e+00
   4295.000     1.2258   3.158996     1.2260   3.158988     1.0896     0.0101    89.8221 1.9989e-02       0.00     0.8822    34.7138    27.8231    184.875     0.8824    34.7134    27.8228 0.0000e+00
   4296.000     1.2254   3.159002     1.2256   3.158991     1.0897     0.0099    89.8211 2.1535e-02       0.00     0.8817    34.7139    27.8232    185.300     0.8819    34.7135    27.8229 0.0000e+00
   4297.000     1.2246   3.158971     1.2249   3.158970     1.0897     0.0114    89.8204 1.9447e-02       0.00     0.8809    34.7138    27.8232    185.565     0.8811    34.7136    27.8230 0.0000e+00
   4298.000     1.2232   3.158876     1.2233   3.158862     1.0897     0.0117    89.8201 1.9511e-02       0.00     0.8794    34.7138    27.8233    185.302     0.8795    34.7135    27.8231 0.0000e+00
   4299.000     1.2227   3.158877     1.2228   3.158877     1.0899     0.0118    89.8257 1.7587e-02       0.00     0.8788    34.7139    27.8234    185.170     0.8789    34.7138    27.8233 0.0000e+00
   4300.000     1.2215   3.158799     1.2217   3.158808     1.0897     0.0120    89.8184 1.8404e-02       0.00     0.8775    34.7138    27.8234    185.255     0.8777    34.7138    27.8234 0.0000e+00
   4301.000     1.2199   3.158677     1.2198   3.158678     1.0898     0.0120    89.8218 2.0406e-02       0.00     0.8758    34.7136    27.8234    185.959     0.8758    34.7137    27.8234 0.0000e+00
   4302.000     1.2184   3.158608     1.2186   3.158598     1.0901     0.0121    89.8223 1.8768e-02       0.00     0.8743    34.7139    27.8237    185.943     0.8745    34.7136    27.8235 0.0000e+00
   4303.000     1.2179   3.158601     1.2181   3.158598     1.0900     0.0122    89.8274 1.8987e-02       0.00     0.8737    34.7139    27.8238    185.299     0.8738    34.7138    27.8236 0.0000e+00
   4304.000     1.2176   3.158614     1.2178   3.158606     1.0899     0.0108    89.8184 1.8337e-02       0.00     0.8733    34.7140    27.8238    185.867     0.8735    34.7137    27.8236 0.0000e+00
   4305.000     1.2174   3.158633     1.2175   3.158613     1.0902     0.0110    89.8244 1.7977e-02       0.00     0.8729    34.7141    27.8240    186.137     0.8730    34.7138    27.8237 0.0000e+00
   4306.000     1.2174   3.158656     1.2173   3.158646     1.0903     0.0114    89.8223 1.7293e-02       0.00     0.8728    34.7139    27.8239    185.775     0.8728    34.7139    27.8238 0.0000e+00
   4307.000     1.2170   3.158674     1.2171   3.158662     1.0902     0.0115    89.8253 1.8441e-02       0.00     0.8723    34.7142    27.8241    184.945     0.8725    34.7139    27.8238 0.0000e+00
   4308.000     1.2165   3.158669     1.2168   3.158670     1.0900     0.0114    89.8223 1.5897e-02       0.00     0.8718    34.7142    27.8241    185.235     0.8720    34.7139    27.8239 0.0000e+00
   4309.000     1.2163   3.158693     1.2167   3.158672     1.0902     0.0115    89.8233 1.5023e-02       0.00     0.8715    34.7143    27.8242    186.151     0.8718    34.7136    27.8237 0.0000e+00
   4310.000     1.2163   3.158715     1.2166   3.158704     1.0903     0.0115    89.8226 1.6825e-02       0.00     0.8714    34.7141    27.8241    186.238     0.8717    34.7137    27.8237 0.0000e+00
   4311.000     1.2162   3.158740     1.2165   3.158730     1.0905     0.0106    89.8227 1.8455e-02       0.00     0.8711    34.7142    27.8242    186.104     0.8714    34.7137    27.8238 0.0000e+00
   4312.000     1.2165   3.158792     1.2166   3.158783     1.0906     0.0100    89.8239 1.9363e-02       0.00     0.8713    34.7140    27.8240    185.314     0.8715    34.7138    27.8238 0.0000e+00
   4313.000     1.2167   3.158853     1.2168   3.158836     1.0902     0.0106    89.8201 2.0479e-02       0.00     0.8714    34.7142    27.8242    185.767     0.8715    34.7139    27.8239 0.0000e+00
   4314.000     1.2168   3.158872     1.2168   3.158866     1.0906     0.0108    89.8180 2.0404e-02       0.00     0.8714    34.7139    27.8239    186.412     0.8714    34.7138    27.8238 0.0000e+00
   4315.000     1.2163   3.158860     1.2162   3.158847     1.0904     0.0115    89.8248 1.8335e-02       0.00     0.8708    34.7139    27.8240    185.661     0.8707    34.7139    27.8239 0.0000e+00
   4316.000     1.2150   3.158786     1.2148   3.158762     1.0904     0.0115    89.8203 1.7322e-02       0.00     0.8694    34.7139    27.8241    185.460     0.8692    34.7138    27.8240 0.0000e+00
   4317.000     1.2126   3.158613     1.2131   3.158647     1.0902     0.0118    89.8243 1.7583e-02       0.00     0.8670    34.7140    27.8243    186.179     0.8675    34.7138    27.8241 0.0000e+00
   4318.000     1.2111   3.158503     1.2113   3.158512     1.0905     0.0115    89.8244 1.9481e-02       0.00     0.8654    34.7138    27.8242    186.044     0.8656    34.7137    27.8241 0.0000e+00
   4319.000     1.2096   3.158417     1.2097   3.158417     1.0904     0.0117    89.8174 1.8426e-02       0.00     0.8638    34.7139    27.8244    185.712     0.8640    34.7137    27.8243 0.0000e+00
   4320.000     1.2083   3.158339     1.2086   3.158352     1.0903     0.0120    89.8211 2.0868e-02       0.00     0.8625    34.7139    27.8245    186.008     0.8628    34.7137    27.8243 0.0000e+00
   4321.000     1.2057   3.158135     1.2061   3.158173     1.0904     0.0128    89.8217 1.7516e-02       0.00     0.8598    34.7137    27.8245    185.648     0.8602    34.7138    27.8245 0.0000e+00
   4322.000     1.2051   3.158136     1.2053   3.158119     1.0901     0.0125    89.8217 1.7932e-02       0.00     0.8591    34.7140    27.8248    186.601     0.8593    34.7136    27.8244 0.0000e+00
   4323.000     1.2050   3.158146     1.2053   3.158140     1.0907     0.0124    89.8228 1.8757e-02       0.00     0.8589    34.7138    27.8246    186.412     0.8592    34.7134    27.8243 0.0000e+00
   4324.000     1.2043   3.158121     1.2044   3.158100     1.0903     0.0125    89.8193 2.1330e-02       0.00     0.8581    34.7138    27.8247    185.940     0.8583    34.7134    27.8243 0.0000e+00
   4325.000     1.2053   3.158251     1.2050   3.158195     1.0903     0.0115    89.8201 2.1168e-02       0.00     0.8590    34.7139    27.8247    186.123     0.8587    34.7135    27.8244 0.0000e+00
   4326.000     1.2051   3.158248     1.2056   3.158284     1.0903     0.0114    89.8258 1.7248e-02       0.00     0.8587    34.7137    27.8246    185.890     0.8592    34.7136    27.8245 0.0000e+00
   4327.000     1.2044   3.158232     1.2046   3.158240     1.0904     0.0140    89.8166 1.7820e-02       0.00     0.8579    34.7138    27.8247    186.882     0.8581    34.7136    27.8246 0.0000e+00
   4328.000     1.2046   3.158285     1.2048   3.158283     1.0904     0.0147    89.8203 1.8025e-02       0.00     0.8580    34.7139    27.8247    186.160     0.8582    34.7136    27.8245 0.0000e+00
   4329.000     1.2035   3.158230     1.2038   3.158249     1.0904     0.0132    89.8279 1.8815e-02       0.00     0.8568    34.7139    27.8249    185.961     0.8571    34.7139    27.8248 0.0000e+00
   4330.000     1.2039   3.158294     1.2040   3.158293     1.0903     0.0116    89.8165 1.9228e-02       0.00     0.8571    34.7139    27.8248    186.025     0.8572    34.7138    27.8247 0.0000e+00
   4331.000     1.2035   3.158309     1.2036   3.158288     1.0901     0.0122    89.8249 2.1283e-02       0.00     0.8566    34.7141    27.8250    185.895     0.8567    34.7136    27.8247 0.0000e+00
   4332.000     1.2033   3.158333     1.2036   3.158315     1.0902     0.0130    89.8163 2.0291e-02       0.00     0.8563    34.7141    27.8250    186.312     0.8566    34.7136    27.8246 0.0000e+00
   4333.000     1.2031   3.158335     1.2035   3.158330     1.0902     0.0146    89.8201 1.9524e-02       0.00     0.8560    34.7140    27.8250    186.182     0.8564    34.7135    27.8245 0.0000e+00
   4334.000     1.2022   3.158279     1.2026   3.158289     1.0901     0.0153    89.8204 1.8834e-02       0.00     0.8550    34.7138    27.8249    186.468     0.8553    34.7136    27.8247 0.0000e+00
   4335.000     1.2020   3.158298     1.2023   3.158282     1.0903     0.0157    89.8208 1.7038e-02       0.00     0.8547    34.7138    27.8249    185.940     0.8550    34.7134    27.8245 0.0000e+00
   4336.000     1.2017   3.158286     1.2023   3.158304     1.0899     0.0137    89.8260 1.9149e-02       0.00     0.8542    34.7137    27.8248    186.287     0.8548    34.7132    27.8244 0.0000e+00
   4337.000     1.2018   3.158334     1.2021   3.158337     1.0902     0.0112    89.8202 1.9204e-02       0.00     0.8543    34.7137    27.8248    186.804     0.8546    34.7134    27.8246 0.0000e+00
   4338.000     1.1988   3.158084     1.1991   3.158105     1.0901     0.0115    89.8183 1.8622e-02       0.00     0.8513    34.7134    27.8248    185.733     0.8516    34.7133    27.8247 0.0000e+00
   4339.000     1.1982   3.158102     1.1989   3.158120     1.0900     0.0114    89.8184 2.1590e-02       0.00     0.8506    34.7138    27.8252    186.421     0.8512    34.7133    27.8247 0.0000e+00
   4340.000     1.1992   3.158179     1.1996   3.158214     1.0899     0.0121    89.8195 2.0157e-02       0.00     0.8514    34.7133    27.8247    186.057     0.8518    34.7133    27.8247 0.0000e+00
   4341.000     1.1954   3.157900     1.1956   3.157900     1.0899     0.0119    89.8211 1.9874e-02       0.00     0.8477    34.7135    27.8251    186.482     0.8478    34.7133    27.8250 0.0000e+00
   4342.000     1.1953   3.157913     1.1957   3.157932     1.0898     0.0103    89.8210 2.1488e-02       0.00     0.8474    34.7133    27.8250    185.994     0.8478    34.7132    27.8248 0.0000e+00
   4343.000     1.1929   3.157736     1.1932   3.157752     1.0897     0.0098    89.8133 2.0334e-02       0.00     0.8450    34.7133    27.8251    186.240     0.8453    34.7132    27.8250 0.0000e+00
