Data/ruptures/TONGA/STATION 8/TONGA_CTD_027.cnv
* Sea-Bird SBE 9 Data File:
* FileName = C:\CTD\raw\TONGA_CTD_027.hdr
* Software Version Seasave V 7.21b
* Temperature SN = 0970
* Conductivity SN = 0606
* Number of Bytes Per Scan = 44
* Number of Voltage Words = 5
* Number of Scans Averaged by the Deck Unit = 1
* NMEA Latitude = 19 15.86 S
* NMEA Longitude = 174 53.63 W
* NMEA UTC (Time) = Nov 25 2019 07:13:33
# nquan = 18
# nvalues = 757                         
# units = specified
# name 0 = prDM: Pressure, Digiquartz [db]
# name 1 = t090C: Temperature [ITS-90, deg C]
# name 2 = c0S/m: Conductivity [S/m]
# name 3 = t190C: Temperature, 2 [ITS-90, deg C]
# name 4 = c1S/m: Conductivity, 2 [S/m]
# name 5 = sbeox0V: Oxygen raw, SBE 43 [V]
# name 6 = flC: Fluorescence, Chelsea Aqua 3 Chl Con [ug/l]
# name 7 = xmiss: Beam Transmission, Chelsea/Seatech [%]
# name 8 = par: PAR/Irradiance, Biospherical/Licor
# name 9 = altM: Altimeter [m]
# name 10 = potemp090C: Potential Temperature [ITS-90, deg C]
# name 11 = sal00: Salinity, Practical [PSU]
# name 12 = sigma-é00: Density [sigma-theta, kg/m^3]
# name 13 = sbox0Mm/Kg: Oxygen, SBE 43 [umol/kg]
# name 14 = potemp190C: Potential Temperature, 2 [ITS-90, deg C]
# name 15 = sal11: Salinity, Practical, 2 [PSU]
# name 16 = sigma-é11: Density, 2 [sigma-theta, kg/m^3]
# name 17 = flag:
# span 0 =      3.000,    759.000       
# span 1 =     5.6253,    27.3771       
# span 2 =   3.379135,   5.576520       
# span 3 =     5.6253,    27.3775       
# span 4 =   3.379028,   5.576408       
# span 5 =     1.5172,     2.3615       
# span 6 =     0.0060,     0.1645       
# span 7 =    87.9909,    89.6214       
# span 8 = 2.8249e-05, 1.6333e-03       
# span 9 =       0.00,       0.00       
# span 10 =     5.5601,    27.3747      
# span 11 =    34.3495,    35.7635      
# span 12 =    22.6976,    27.0946      
# span 13 =    155.605,    195.731      
# span 14 =     5.5601,    27.3757      
# span 15 =    34.3492,    35.7649      
# span 16 =    22.6966,    27.0937      
# span 17 = 0.0000e+00, 0.0000e+00      
# interval = decibars: 1                
# start_time = Jan 01 2000 07:13:33 [NMEA time, first data scan]
# bad_flag = -9.990e-29
*END*
[from data line 644]
    647.000     6.6293   3.466165     6.6289   3.466120     1.6261     0.0084    89.5632 6.0728e-05       0.00     6.5692    34.3677    26.9790    188.969     6.5688    34.3675    26.9790 0.0000e+00
    648.000     6.6119   3.464618     6.6115   3.464561     1.6250     0.0088    89.5558 4.8852e-05       0.00     6.5517    34.3675    26.9812    188.738     6.5514    34.3672    26.9810 0.0000e+00
    649.000     6.5899   3.462373     6.5898   3.462564     1.6238     0.0087    89.5563 2.8409e-05       0.00     6.5298    34.3641    26.9815    188.825     6.5296    34.3664    26.9833 0.0000e+00
    650.000     6.5565   3.459396     6.5559   3.459443     1.6230     0.0078    89.5535 5.2018e-05       0.00     6.4964    34.3642    26.9859    189.259     6.4958    34.3653    26.9869 0.0000e+00
    651.000     6.5395   3.457973     6.5392   3.457877     1.6225     0.0072    89.5610 4.9074e-05       0.00     6.4794    34.3649    26.9888    189.469     6.4791    34.3642    26.9882 0.0000e+00
    652.000     6.5321   3.457287     6.5314   3.457167     1.6220     0.0076    89.5625 3.9486e-05       0.00     6.4720    34.3642    26.9892    189.685     6.4713    34.3636    26.9888 0.0000e+00
    653.000     6.5211   3.456408     6.5230   3.456488     1.6215     0.0080    89.5600 5.2862e-05       0.00     6.4609    34.3650    26.9913    189.531     6.4628    34.3640    26.9902 0.0000e+00
    654.000     6.5118   3.455413     6.5101   3.455268     1.6202     0.0089    89.5658 3.9083e-05       0.00     6.4516    34.3628    26.9908    189.168     6.4499    34.3629    26.9911 0.0000e+00
    655.000     6.5038   3.454752     6.5036   3.454661     1.6195     0.0083    89.5671 4.2644e-05       0.00     6.4435    34.3630    26.9920    189.453     6.4433    34.3622    26.9914 0.0000e+00
    656.000     6.4944   3.453930     6.4945   3.453863     1.6191     0.0085    89.5597 7.4516e-05       0.00     6.4340    34.3629    26.9931    189.185     6.4342    34.3620    26.9925 0.0000e+00
    657.000     6.4902   3.453597     6.4899   3.453464     1.6184     0.0078    89.5675 3.6295e-05       0.00     6.4298    34.3629    26.9937    189.025     6.4295    34.3617    26.9928 0.0000e+00
    658.000     6.4785   3.452517     6.4787   3.452505     1.6171     0.0075    89.5620 3.8058e-05       0.00     6.4180    34.3622    26.9947    188.711     6.4182    34.3618    26.9944 0.0000e+00
    659.000     6.4442   3.449144     6.4446   3.449376     1.6159     0.0086    89.5692 4.7421e-05       0.00     6.3838    34.3586    26.9964    189.259     6.3842    34.3608    26.9980 0.0000e+00
    660.000     6.4069   3.445944     6.4066   3.445818     1.6159     0.0087    89.5630 6.0897e-05       0.00     6.3466    34.3600    27.0023    189.618     6.3463    34.3589    27.0015 0.0000e+00
    661.000     6.4054   3.445842     6.4051   3.445687     1.6157     0.0079    89.5660 5.8809e-05       0.00     6.3450    34.3599    27.0025    189.598     6.3448    34.3584    27.0013 0.0000e+00
    662.000     6.4037   3.445701     6.4033   3.445559     1.6155     0.0084    89.5686 3.7831e-05       0.00     6.3432    34.3596    27.0024    189.195     6.3428    34.3583    27.0015 0.0000e+00
    663.000     6.3991   3.445318     6.3986   3.445164     1.6147     0.0104    89.5665 1.0777e-04       0.00     6.3386    34.3594    27.0029    188.920     6.3381    34.3581    27.0020 0.0000e+00
    664.000     6.3882   3.444230     6.3880   3.444240     1.6136     0.0087    89.5671 1.0098e-04       0.00     6.3276    34.3578    27.0031    188.646     6.3274    34.3580    27.0033 0.0000e+00
    665.000     6.3702   3.442708     6.3698   3.442583     1.6127     0.0076    89.5708 5.2985e-05       0.00     6.3096    34.3584    27.0059    188.770     6.3092    34.3574    27.0052 0.0000e+00
    666.000     6.3661   3.442350     6.3656   3.442238     1.6122     0.0077    89.5643 4.1165e-05       0.00     6.3054    34.3581    27.0062    189.092     6.3050    34.3573    27.0056 0.0000e+00
    667.000     6.3382   3.439662     6.3370   3.439668     1.6119     0.0082    89.5664 6.0636e-05       0.00     6.2776    34.3557    27.0079    189.126     6.2763    34.3570    27.0091 0.0000e+00
    668.000     6.3480   3.440832     6.3411   3.440012     1.6101     0.0081    89.5641 5.5338e-05       0.00     6.2872    34.3584    27.0088    188.262     6.2804    34.3561    27.0079 0.0000e+00
    669.000     6.2883   3.435127     6.2915   3.435665     1.6076     0.0091    89.5617 5.2210e-05       0.00     6.2277    34.3543    27.0133    188.079     6.2309    34.3571    27.0151 0.0000e+00
    670.000     6.2522   3.432048     6.2523   3.431965     1.6059     0.0087    89.5732 4.0123e-05       0.00     6.1918    34.3557    27.0190    187.832     6.1919    34.3547    27.0182 0.0000e+00
    671.000     6.2476   3.431658     6.2473   3.431512     1.6048     0.0086    89.5752 3.3904e-05       0.00     6.1871    34.3556    27.0195    188.348     6.1868    34.3543    27.0185 0.0000e+00
    672.000     6.2451   3.431472     6.2449   3.431335     1.6041     0.0086    89.5753 5.3189e-05       0.00     6.1845    34.3555    27.0198    188.078     6.1843    34.3542    27.0188 0.0000e+00
    673.000     6.2436   3.431382     6.2432   3.431223     1.6033     0.0081    89.5743 4.6665e-05       0.00     6.1829    34.3556    27.0201    188.087     6.1825    34.3542    27.0190 0.0000e+00
    674.000     6.2414   3.431237     6.2411   3.431075     1.6027     0.0081    89.5723 5.5248e-05       0.00     6.1806    34.3557    27.0204    188.286     6.1803    34.3542    27.0193 0.0000e+00
    675.000     6.2401   3.431174     6.2399   3.431014     1.6025     0.0087    89.5705 4.7049e-05       0.00     6.1793    34.3557    27.0206    188.399     6.1790    34.3541    27.0194 0.0000e+00
    676.000     6.2395   3.431167     6.2394   3.431025     1.6017     0.0086    89.5734 5.0580e-05       0.00     6.1785    34.3558    27.0208    187.948     6.1784    34.3544    27.0197 0.0000e+00
    677.000     6.2377   3.431038     6.2374   3.430895     1.6008     0.0082    89.5774 5.5487e-05       0.00     6.1767    34.3557    27.0210    187.831     6.1764    34.3544    27.0200 0.0000e+00
    678.000     6.2362   3.430958     6.2358   3.430799     1.6002     0.0090    89.5743 4.6624e-05       0.00     6.1751    34.3558    27.0212    187.929     6.1747    34.3545    27.0203 0.0000e+00
    679.000     6.2354   3.430931     6.2351   3.430773     1.6000     0.0085    89.5743 6.5174e-05       0.00     6.1741    34.3559    27.0214    188.229     6.1739    34.3544    27.0203 0.0000e+00
    680.000     6.2340   3.430834     6.2337   3.430692     1.6000     0.0082    89.5759 3.9373e-05       0.00     6.1727    34.3557    27.0215    188.199     6.1724    34.3544    27.0205 0.0000e+00
    681.000     6.2318   3.430718     6.2312   3.430535     1.5993     0.0080    89.5784 5.5944e-05       0.00     6.1704    34.3561    27.0221    187.850     6.1699    34.3546    27.0210 0.0000e+00
    682.000     6.2304   3.430565     6.2276   3.430244     1.5982     0.0082    89.5777 5.4268e-05       0.00     6.1689    34.3553    27.0216    187.792     6.1661    34.3546    27.0214 0.0000e+00
    683.000     6.2187   3.429538     6.2186   3.429448     1.5974     0.0084    89.5820 3.4405e-05       0.00     6.1572    34.3551    27.0230    187.545     6.1571    34.3542    27.0223 0.0000e+00
    684.000     6.2172   3.429451     6.2168   3.429323     1.5968     0.0086    89.5802 4.9291e-05       0.00     6.1556    34.3552    27.0233    187.177     6.1552    34.3542    27.0225 0.0000e+00
    685.000     6.2130   3.429077     6.2126   3.428980     1.5959     0.0092    89.5799 4.6144e-05       0.00     6.1513    34.3548    27.0235    186.628     6.1509    34.3541    27.0230 0.0000e+00
    686.000     6.2031   3.428195     6.2028   3.428138     1.5947     0.0095    89.5847 5.5219e-05       0.00     6.1414    34.3544    27.0245    186.334     6.1411    34.3540    27.0242 0.0000e+00
    687.000     6.1947   3.427483     6.1942   3.427398     1.5936     0.0088    89.5769 5.4449e-05       0.00     6.1329    34.3544    27.0256    186.522     6.1324    34.3540    27.0253 0.0000e+00
    688.000     6.1636   3.424515     6.1620   3.424557     1.5927     0.0083    89.5817 4.9180e-05       0.00     6.1019    34.3520    27.0277    186.539     6.1003    34.3541    27.0295 0.0000e+00
    689.000     6.1431   3.422896     6.1427   3.422803     1.5914     0.0078    89.5801 4.7606e-05       0.00     6.0814    34.3541    27.0319    186.751     6.0810    34.3535    27.0315 0.0000e+00
    690.000     6.1256   3.421456     6.1254   3.421219     1.5898     0.0074    89.5789 6.1329e-05       0.00     6.0639    34.3551    27.0349    186.604     6.0637    34.3527    27.0331 0.0000e+00
    691.000     6.1122   3.420089     6.1121   3.420020     1.5884     0.0097    89.5853 5.0047e-05       0.00     6.0505    34.3528    27.0348    186.493     6.0504    34.3522    27.0343 0.0000e+00
    692.000     6.0991   3.418946     6.0990   3.418867     1.5870     0.0101    89.5861 3.6023e-05       0.00     6.0374    34.3527    27.0364    186.214     6.0373    34.3519    27.0358 0.0000e+00
    693.000     6.0875   3.417940     6.0874   3.417844     1.5860     0.0097    89.5880 4.4096e-05       0.00     6.0257    34.3527    27.0379    186.328     6.0256    34.3517    27.0371 0.0000e+00
    694.000     6.0815   3.417443     6.0813   3.417315     1.5850     0.0091    89.5845 5.8845e-05       0.00     6.0197    34.3527    27.0386    186.150     6.0195    34.3514    27.0377 0.0000e+00
    695.000     6.0798   3.417344     6.0794   3.417187     1.5841     0.0087    89.5875 3.5367e-05       0.00     6.0178    34.3528    27.0390    186.159     6.0175    34.3514    27.0379 0.0000e+00
    696.000     6.0792   3.417332     6.0789   3.417180     1.5835     0.0091    89.5810 5.8552e-05       0.00     6.0172    34.3528    27.0391    185.986     6.0169    34.3514    27.0380 0.0000e+00
    697.000     6.0780   3.417258     6.0776   3.417108     1.5826     0.0094    89.5884 3.9417e-05       0.00     6.0159    34.3527    27.0391    185.992     6.0155    34.3514    27.0382 0.0000e+00
    698.000     6.0749   3.417010     6.0745   3.416889     1.5823     0.0096    89.5842 6.9897e-05       0.00     6.0127    34.3525    27.0394    185.955     6.0123    34.3516    27.0387 0.0000e+00
    699.000     6.0714   3.416736     6.0710   3.416596     1.5814     0.0083    89.5878 3.7083e-05       0.00     6.0091    34.3525    27.0399    185.703     6.0087    34.3514    27.0390 0.0000e+00
    700.000     6.0690   3.416557     6.0686   3.416428     1.5808     0.0082    89.5882 5.7925e-05       0.00     6.0066    34.3525    27.0401    185.881     6.0063    34.3514    27.0393 0.0000e+00
    701.000     6.0602   3.415733     6.0600   3.415712     1.5805     0.0083    89.5903 5.4989e-05       0.00     5.9978    34.3516    27.0405    186.013     5.9976    34.3516    27.0406 0.0000e+00
    702.000     6.0417   3.414121     6.0416   3.414065     1.5797     0.0081    89.5954 5.1551e-05       0.00     5.9793    34.3517    27.0430    185.568     5.9792    34.3512    27.0426 0.0000e+00
    703.000     6.0265   3.412757     6.0264   3.412705     1.5781     0.0079    89.5878 5.7086e-05       0.00     5.9641    34.3512    27.0445    185.446     5.9640    34.3507    27.0441 0.0000e+00
    704.000     6.0169   3.411973     6.0166   3.411857     1.5775     0.0081    89.5906 4.5362e-05       0.00     5.9545    34.3516    27.0461    185.462     5.9542    34.3506    27.0453 0.0000e+00
    705.000     6.0147   3.411831     6.0146   3.411703     1.5765     0.0081    89.5911 4.6571e-05       0.00     5.9521    34.3518    27.0465    185.426     5.9521    34.3505    27.0454 0.0000e+00
    706.000     6.0143   3.411832     6.0137   3.411668     1.5754     0.0081    89.5938 5.4908e-05       0.00     5.9517    34.3517    27.0465    185.193     5.9511    34.3505    27.0456 0.0000e+00
    707.000     6.0137   3.411819     6.0132   3.411683     1.5745     0.0083    89.5959 6.4136e-05       0.00     5.9510    34.3517    27.0465    185.058     5.9505    34.3507    27.0458 0.0000e+00
    708.000     6.0123   3.411738     6.0119   3.411613     1.5740     0.0091    89.5913 5.9898e-05       0.00     5.9495    34.3517    27.0467    184.879     5.9491    34.3507    27.0460 0.0000e+00
    709.000     6.0046   3.411051     6.0046   3.411022     1.5732     0.0096    89.5935 3.0318e-05       0.00     5.9418    34.3513    27.0474    184.939     5.9418    34.3509    27.0470 0.0000e+00
    710.000     5.9987   3.410608     5.9983   3.410498     1.5730     0.0095    89.5905 8.0844e-05       0.00     5.9358    34.3517    27.0485    184.915     5.9354    34.3509    27.0479 0.0000e+00
    711.000     5.9945   3.410221     5.9941   3.410139     1.5723     0.0088    89.5924 4.5606e-05       0.00     5.9315    34.3511    27.0486    184.700     5.9312    34.3506    27.0482 0.0000e+00
    712.000     5.9845   3.409393     5.9843   3.409283     1.5718     0.0082    89.5908 5.5068e-05       0.00     5.9215    34.3514    27.0501    185.046     5.9213    34.3505    27.0493 0.0000e+00
    713.000     5.9831   3.409329     5.9826   3.409164     1.5710     0.0078    89.5918 4.5806e-05       0.00     5.9200    34.3516    27.0504    184.769     5.9195    34.3503    27.0494 0.0000e+00
    714.000     5.9812   3.409181     5.9809   3.409056     1.5701     0.0084    89.5927 6.2135e-05       0.00     5.9180    34.3514    27.0505    184.741     5.9177    34.3504    27.0497 0.0000e+00
    715.000     5.9721   3.408375     5.9718   3.408318     1.5695     0.0085    89.5969 6.1262e-05       0.00     5.9089    34.3511    27.0513    184.776     5.9086    34.3507    27.0511 0.0000e+00
    716.000     5.9670   3.407992     5.9668   3.407881     1.5692     0.0095    89.5940 4.5190e-05       0.00     5.9037    34.3515    27.0523    184.809     5.9035    34.3504    27.0515 0.0000e+00
    717.000     5.9643   3.407791     5.9641   3.407669     1.5685     0.0086    89.5992 1.0048e-04       0.00     5.9009    34.3515    27.0527    184.547     5.9007    34.3503    27.0517 0.0000e+00
    718.000     5.9596   3.407389     5.9593   3.407303     1.5674     0.0084    89.5925 6.7850e-05       0.00     5.8962    34.3512    27.0530    184.212     5.8959    34.3505    27.0526 0.0000e+00
    719.000     5.9489   3.406490     5.9486   3.406382     1.5662     0.0087    89.5971 6.0194e-05       0.00     5.8854    34.3514    27.0546    184.206     5.8851    34.3505    27.0539 0.0000e+00
    720.000     5.9466   3.406336     5.9462   3.406201     1.5657     0.0098    89.5934 3.7227e-05       0.00     5.8830    34.3515    27.0550    184.438     5.8826    34.3504    27.0541 0.0000e+00
    721.000     5.9443   3.406174     5.9439   3.406041     1.5654     0.0104    89.5979 4.4132e-05       0.00     5.8807    34.3515    27.0552    184.076     5.8803    34.3504    27.0544 0.0000e+00
    722.000     5.9423   3.406034     5.9420   3.405911     1.5646     0.0096    89.5940 1.0528e-04       0.00     5.8786    34.3514    27.0555    183.961     5.8783    34.3503    27.0546 0.0000e+00
    723.000     5.9355   3.405419     5.9349   3.405333     1.5638     0.0093    89.5947 1.6325e-04       0.00     5.8717    34.3509    27.0559    183.826     5.8711    34.3506    27.0557 0.0000e+00
    724.000     5.9185   3.403937     5.9179   3.403848     1.5625     0.0074    89.5988 5.4061e-05       0.00     5.8547    34.3509    27.0580    183.434     5.8541    34.3506    27.0578 0.0000e+00
    725.000     5.9097   3.403194     5.9093   3.403091     1.5613     0.0081    89.5979 4.4413e-05       0.00     5.8459    34.3510    27.0592    183.097     5.8455    34.3503    27.0587 0.0000e+00
