Data/ruptures/TONGA/STATION 8/TONGA_CTD_022.cnv
* Sea-Bird SBE 9 Data File:
* FileName = C:\CTD\raw\TONGA_CTD_022.hdr
* Software Version Seasave V 7.21b
* Temperature SN = 0970
* Conductivity SN = 0606
* Number of Bytes Per Scan = 44
* Number of Voltage Words = 5
* Number of Scans Averaged by the Deck Unit = 1
* NMEA Latitude = 20 29.90 S
* NMEA Longitude = 171 59.79 W
* NMEA UTC (Time) = Nov 16 2019 22:23:35
# nquan = 18
# nvalues = 302                         
# units = specified
# name 0 = prDM: Pressure, Digiquartz [db]
# name 1 = t090C: Temperature [ITS-90, deg C]
# name 2 = c0S/m: Conductivity [S/m]
# name 3 = t190C: Temperature, 2 [ITS-90, deg C]
# name 4 = c1S/m: Conductivity, 2 [S/m]
# name 5 = sbeox0V: Oxygen raw, SBE 43 [V]
# name 6 = flC: Fluorescence, Chelsea Aqua 3 Chl Con [ug/l]
# name 7 = xmiss: Beam Transmission, Chelsea/Seatech [%]
# name 8 = par: PAR/Irradiance, Biospherical/Licor
# name 9 = altM: Altimeter [m]
# name 10 = potemp090C: Potential Temperature [ITS-90, deg C]
# name 11 = sal00: Salinity, Practical [PSU]
# name 12 = sigma-é00: Density [sigma-theta, kg/m^3]
# name 13 = sbox0Mm/Kg: Oxygen, SBE 43 [umol/kg]
# name 14 = potemp190C: Potential Temperature, 2 [ITS-90, deg C]
# name 15 = sal11: Salinity, Practical, 2 [PSU]
# name 16 = sigma-é11: Density, 2 [sigma-theta, kg/m^3]
# name 17 = flag:
# span 0 =      4.000,    305.000       
# span 1 =    17.2209,    25.9612       
# span 2 =   4.567741,   5.450991       
# span 3 =    17.2107,    25.9623       
# span 4 =   4.566561,   5.451045       
# span 5 =     1.8250,     2.3057       
# span 6 =     0.0092,     0.1453       
# span 7 =    87.9757,    89.4336       
# span 8 = 5.5486e-05, 1.3849e+03       
# span 9 =       0.00,       0.00       
# span 10 =    17.1699,    25.9603      
# span 11 =    35.2828,    35.7470      
# span 12 =    23.2826,    25.7575      
# span 13 =    163.330,    197.574      
# span 14 =    17.1596,    25.9614      
# span 15 =    35.2927,    35.7474      
# span 16 =    23.2820,    25.7583      
# span 17 = 0.0000e+00, 0.0000e+00      
# interval = decibars: 1                
# start_time = Jan 01 2000 22:23:35 [NMEA time, first data scan]
# bad_flag = -9.990e-29
*END*
[from data line 81]
     85.000    23.4905   5.209265    23.4891   5.209312     2.2446     0.0481    88.7572 4.1497e+01       0.00    23.4728    35.4247    24.1183    194.908    23.4715    35.4262    24.1198 0.0000e+00
     86.000    23.4564   5.205671    23.4566   5.205508     2.2432     0.0485    88.7616 4.0217e+01       0.00    23.4386    35.4242    24.1279    194.132    23.4387    35.4228    24.1268 0.0000e+00
     87.000    23.4534   5.206665    23.4544   5.206479     2.2386     0.0492    88.7486 3.9651e+01       0.00    23.4353    35.4339    24.1362    193.492    23.4363    35.4317    24.1343 0.0000e+00
     88.000    23.4580   5.207946    23.4588   5.207774     2.2368     0.0528    88.7615 3.8119e+01       0.00    23.4397    35.4397    24.1393    193.637    23.4405    35.4377    24.1376 0.0000e+00
     89.000    23.4599   5.208411    23.4608   5.208297     2.2356     0.0514    88.7685 3.6465e+01       0.00    23.4414    35.4413    24.1401    193.292    23.4424    35.4397    24.1386 0.0000e+00
     90.000    23.4639   5.209158    23.4648   5.209057     2.2335     0.0502    88.7786 3.4929e+01       0.00    23.4452    35.4435    24.1406    192.924    23.4461    35.4420    24.1392 0.0000e+00
     91.000    23.4643   5.209268    23.4651   5.209182     2.2314     0.0499    88.7873 3.3533e+01       0.00    23.4454    35.4437    24.1408    192.613    23.4462    35.4424    24.1395 0.0000e+00
     92.000    23.4632   5.209283    23.4642   5.209263     2.2289     0.0492    88.7785 3.2619e+01       0.00    23.4442    35.4443    24.1416    192.094    23.4451    35.4434    24.1406 0.0000e+00
     93.000    23.4506   5.208710    23.4503   5.208622     2.2240     0.0502    88.8091 3.1996e+01       0.00    23.4313    35.4498    24.1495    191.651    23.4310    35.4494    24.1492 0.0000e+00
     94.000    23.4173   5.206945    23.4164   5.206880     2.2193     0.0533    88.8126 3.1853e+01       0.00    23.3978    35.4627    24.1690    191.543    23.3970    35.4628    24.1694 0.0000e+00
     95.000    23.3996   5.205613    23.4000   5.205603     2.2170     0.0542    88.8081 3.1572e+01       0.00    23.3799    35.4663    24.1770    191.710    23.3804    35.4659    24.1765 0.0000e+00
     96.000    23.3846   5.204427    23.3853   5.204440     2.2152     0.0556    88.7959 3.0491e+01       0.00    23.3647    35.4689    24.1834    191.299    23.3654    35.4685    24.1829 0.0000e+00
     97.000    23.3773   5.203764    23.3779   5.203827     2.2126     0.0562    88.7949 2.9119e+01       0.00    23.3572    35.4694    24.1860    190.958    23.3578    35.4694    24.1858 0.0000e+00
     98.000    23.3537   5.201036    23.3542   5.201282     2.2105     0.0575    88.8037 2.7898e+01       0.00    23.3334    35.4671    24.1912    191.392    23.3339    35.4686    24.1921 0.0000e+00
     99.000    23.3265   5.198302    23.3271   5.198356     2.2117     0.0599    88.7904 2.6995e+01       0.00    23.3061    35.4676    24.1995    192.221    23.3067    35.4675    24.1993 0.0000e+00
    100.000    23.2925   5.194372    23.2921   5.194740     2.2136     0.0591    88.7738 2.6301e+01       0.00    23.2719    35.4644    24.2071    192.379    23.2715    35.4676    24.2096 0.0000e+00
    101.000    23.2415   5.188294    23.2417   5.188506     2.2135     0.0612    88.7436 2.5607e+01       0.00    23.2207    35.4584    24.2174    192.179    23.2209    35.4599    24.2185 0.0000e+00
    102.000    23.2067   5.183419    23.2067   5.183618     2.2126     0.0659    88.7369 2.4878e+01       0.00    23.1857    35.4486    24.2201    192.053    23.1857    35.4501    24.2212 0.0000e+00
    103.000    23.1626   5.177703    23.1616   5.177310     2.2095     0.0654    88.7575 2.4092e+01       0.00    23.1414    35.4398    24.2263    191.560    23.1404    35.4376    24.2249 0.0000e+00
    104.000    23.1554   5.178035    23.1564   5.177988     2.2067     0.0667    88.7481 2.3308e+01       0.00    23.1341    35.4478    24.2345    191.531    23.1350    35.4467    24.2334 0.0000e+00
    105.000    23.1169   5.173160    23.1162   5.173313     2.2043     0.0720    88.7366 2.2514e+01       0.00    23.0954    35.4409    24.2405    191.110    23.0947    35.4426    24.2420 0.0000e+00
    106.000    23.0969   5.171793    23.0978   5.171552     2.2007     0.0746    88.7261 2.1770e+01       0.00    23.0751    35.4462    24.2503    190.542    23.0760    35.4436    24.2481 0.0000e+00
    107.000    23.0923   5.171827    23.0927   5.171892     2.1976     0.0755    88.6957 2.0949e+01       0.00    23.0703    35.4498    24.2545    190.459    23.0707    35.4500    24.2545 0.0000e+00
    108.000    23.0794   5.171162    23.0803   5.171064     2.1958     0.0819    88.6879 2.0120e+01       0.00    23.0573    35.4547    24.2620    190.636    23.0582    35.4532    24.2606 0.0000e+00
    109.000    23.0720   5.171212    23.0726   5.171289     2.1953     0.0888    88.6693 1.9309e+01       0.00    23.0497    35.4607    24.2687    191.136    23.0503    35.4609    24.2687 0.0000e+00
    110.000    23.0497   5.168949    23.0507   5.169013     2.1969     0.0920    88.6657 1.8474e+01       0.00    23.0272    35.4609    24.2754    191.819    23.0282    35.4606    24.2749 0.0000e+00
    111.000    23.0393   5.168062    23.0399   5.168140     2.1993     0.0929    88.6703 1.7689e+01       0.00    23.0166    35.4621    24.2794    192.435    23.0172    35.4623    24.2793 0.0000e+00
    112.000    22.9994   5.163954    22.9998   5.163962     2.2039     0.0959    88.6918 1.7036e+01       0.00    22.9764    35.4623    24.2911    192.867    22.9768    35.4621    24.2908 0.0000e+00
    113.000    22.9735   5.161206    22.9734   5.161327     2.2039     0.0928    88.7364 1.6544e+01       0.00    22.9504    35.4617    24.2981    191.786    22.9503    35.4627    24.2989 0.0000e+00
    114.000    22.9707   5.163077    22.9732   5.162794     2.2002     0.0926    88.7448 1.6019e+01       0.00    22.9474    35.4780    24.3114    191.096    22.9499    35.4738    24.3075 0.0000e+00
    115.000    22.9951   5.167737    22.9967   5.167608     2.1961     0.0938    88.7422 1.5356e+01       0.00    22.9716    35.4940    24.3165    189.988    22.9732    35.4917    24.3144 0.0000e+00
    116.000    23.0073   5.169992    23.0094   5.169846     2.1893     0.0990    88.7249 1.4627e+01       0.00    22.9836    35.5012    24.3186    188.688    22.9857    35.4984    24.3158 0.0000e+00
    117.000    23.0350   5.175337    23.0366   5.175119     2.1812     0.1038    88.7140 1.3925e+01       0.00    23.0110    35.5198    24.3248    187.583    23.0126    35.5169    24.3220 0.0000e+00
    118.000    23.0414   5.176908    23.0425   5.176861     2.1723     0.1108    88.6482 1.3404e+01       0.00    23.0172    35.5264    24.3280    187.035    23.0183    35.5252    24.3267 0.0000e+00
    119.000    23.0418   5.177426    23.0426   5.177406     2.1668     0.1203    88.6136 1.3018e+01       0.00    23.0175    35.5297    24.3304    187.264    23.0182    35.5290    24.3296 0.0000e+00
    120.000    23.0319   5.176320    23.0326   5.176429     2.1640     0.1339    88.6392 1.2591e+01       0.00    23.0074    35.5289    24.3326    186.639    23.0080    35.5292    24.3327 0.0000e+00
    121.000    23.0121   5.174481    23.0128   5.174580     2.1596     0.1403    88.6940 1.1991e+01       0.00    22.9873    35.5304    24.3396    185.782    22.9880    35.5306    24.3395 0.0000e+00
    122.000    22.9845   5.172710    22.9849   5.172884     2.1546     0.1395    88.7019 1.1370e+01       0.00    22.9595    35.5387    24.3539    185.426    22.9600    35.5397    24.3545 0.0000e+00
    123.000    22.9502   5.169485    22.9510   5.169732     2.1516     0.1402    88.6815 1.0789e+01       0.00    22.9251    35.5412    24.3657    185.446    22.9259    35.5424    24.3665 0.0000e+00
    124.000    22.9326   5.168299    22.9335   5.168322     2.1481     0.1418    88.5983 1.0229e+01       0.00    22.9073    35.5459    24.3745    185.148    22.9082    35.5453    24.3738 0.0000e+00
    125.000    22.9167   5.167265    22.9173   5.167246     2.1439     0.1406    88.6916 9.6820e+00       0.00    22.8912    35.5504    24.3826    185.482    22.8918    35.5498    24.3819 0.0000e+00
    126.000    22.9018   5.166051    22.9021   5.166003     2.1410     0.1391    88.7167 9.2953e+00       0.00    22.8761    35.5528    24.3887    184.870    22.8764    35.5522    24.3881 0.0000e+00
    127.000    22.8876   5.164797    22.8881   5.164832     2.1365     0.1378    88.7394 8.8055e+00       0.00    22.8617    35.5543    24.3940    184.408    22.8622    35.5541    24.3937 0.0000e+00
    128.000    22.8672   5.163605    22.8683   5.163614     2.1330     0.1397    88.7630 8.3640e+00       0.00    22.8411    35.5613    24.4052    183.908    22.8422    35.5604    24.4042 0.0000e+00
    129.000    22.8524   5.161675    22.8530   5.161863     2.1285     0.1399    88.7638 7.9177e+00       0.00    22.8261    35.5580    24.4070    182.849    22.8267    35.5589    24.4076 0.0000e+00
    130.000    22.8277   5.160280    22.8282   5.160294     2.1225     0.1453    88.7804 7.5387e+00       0.00    22.8012    35.5669    24.4209    181.883    22.8017    35.5665    24.4205 0.0000e+00
    131.000    22.8030   5.158917    22.8039   5.158910     2.1160     0.1403    88.7945 7.2136e+00       0.00    22.7763    35.5760    24.4350    181.264    22.7773    35.5752    24.4341 0.0000e+00
    132.000    22.7973   5.158657    22.7983   5.158760     2.1107     0.1352    88.7922 6.8881e+00       0.00    22.7705    35.5783    24.4384    180.989    22.7715    35.5782    24.4381 0.0000e+00
    133.000    22.7649   5.156436    22.7655   5.156534     2.1057     0.1284    88.8184 6.5964e+00       0.00    22.7379    35.5870    24.4544    180.780    22.7384    35.5873    24.4545 0.0000e+00
    134.000    22.7268   5.153533    22.7279   5.153657     2.1007     0.1230    88.8475 6.3162e+00       0.00    22.6996    35.5951    24.4715    180.533    22.7007    35.5952    24.4713 0.0000e+00
    135.000    22.7119   5.152484    22.7128   5.152483     2.0952     0.1221    88.8675 6.0550e+00       0.00    22.6845    35.5988    24.4786    179.895    22.6854    35.5980    24.4778 0.0000e+00
    136.000    22.7012   5.151772    22.7021   5.151775     2.0896     0.1163    88.8832 5.7868e+00       0.00    22.6736    35.6016    24.4839    179.030    22.6745    35.6009    24.4831 0.0000e+00
    137.000    22.6910   5.151106    22.6918   5.151128     2.0827     0.1131    88.9001 5.5364e+00       0.00    22.6632    35.6044    24.4890    178.127    22.6640    35.6039    24.4884 0.0000e+00
    138.000    22.6597   5.148059    22.6591   5.148339     2.0766     0.1100    88.9086 5.3048e+00       0.00    22.6318    35.6058    24.4990    177.882    22.6311    35.6085    24.5013 0.0000e+00
    139.000    22.5935   5.143978    22.5943   5.143995     2.0721     0.1079    88.9364 5.0893e+00       0.00    22.5654    35.6277    24.5347    177.923    22.5662    35.6271    24.5340 0.0000e+00
    140.000    22.5929   5.145124    22.5939   5.144869     2.0688     0.1029    88.9246 4.8683e+00       0.00    22.5646    35.6368    24.5418    177.991    22.5656    35.6339    24.5393 0.0000e+00
    141.000    22.5954   5.145668    22.5967   5.145657     2.0674     0.0968    88.9378 4.6478e+00       0.00    22.5669    35.6387    24.5426    178.007    22.5682    35.6375    24.5413 0.0000e+00
    142.000    22.5979   5.146337    22.5986   5.146163     2.0661     0.0951    88.9343 4.4336e+00       0.00    22.5692    35.6415    24.5440    177.928    22.5699    35.6395    24.5424 0.0000e+00
    143.000    22.5981   5.146396    22.5991   5.146345     2.0645     0.0956    88.9345 4.2382e+00       0.00    22.5692    35.6414    24.5440    177.645    22.5701    35.6402    24.5428 0.0000e+00
    144.000    22.5986   5.146618    22.5997   5.146522     2.0630     0.0983    88.9403 4.0480e+00       0.00    22.5695    35.6424    24.5446    177.751    22.5706    35.6407    24.5431 0.0000e+00
    145.000    22.6011   5.147216    22.6020   5.147104     2.0607     0.1004    88.9349 3.8782e+00       0.00    22.5718    35.6447    24.5457    177.118    22.5727    35.6431    24.5443 0.0000e+00
    146.000    22.6053   5.148133    22.6072   5.148216     2.0582     0.1033    88.9366 3.7161e+00       0.00    22.5757    35.6481    24.5472    177.039    22.5777    35.6472    24.5459 0.0000e+00
    147.000    22.6072   5.148471    22.6087   5.148551     2.0566     0.1033    88.9378 3.5561e+00       0.00    22.5774    35.6488    24.5473    176.953    22.5790    35.6482    24.5464 0.0000e+00
    148.000    22.6057   5.148643    22.6069   5.148673     2.0562     0.1017    88.9206 3.3967e+00       0.00    22.5757    35.6511    24.5495    176.741    22.5769    35.6503    24.5485 0.0000e+00
    149.000    22.5918   5.147527    22.5917   5.147677     2.0523     0.1000    88.9353 3.2638e+00       0.00    22.5617    35.6533    24.5552    175.200    22.5616    35.6546    24.5562 0.0000e+00
    150.000    22.5526   5.145555    22.5537   5.145460     2.0448     0.1004    88.9459 3.1452e+00       0.00    22.5223    35.6696    24.5788    173.867    22.5234    35.6680    24.5773 0.0000e+00
    151.000    22.5427   5.145073    22.5434   5.145250     2.0377     0.1014    88.9577 3.0279e+00       0.00    22.5123    35.6736    24.5847    172.808    22.5129    35.6745    24.5852 0.0000e+00
    152.000    22.4957   5.140128    22.4963   5.140663     2.0295     0.0992    88.9738 2.9010e+00       0.00    22.4651    35.6731    24.5978    171.972    22.4657    35.6768    24.6004 0.0000e+00
    153.000    22.4448   5.136524    22.4466   5.136626     2.0228     0.0975    88.9810 2.7743e+00       0.00    22.4140    35.6863    24.6223    171.432    22.4158    35.6856    24.6213 0.0000e+00
    154.000    22.4419   5.137549    22.4432   5.137502     2.0148     0.0933    89.0078 2.6547e+00       0.00    22.4109    35.6964    24.6309    170.859    22.4122    35.6949    24.6294 0.0000e+00
    155.000    22.4271   5.136211    22.4260   5.136182     2.0090     0.0936    89.0106 2.5303e+00       0.00    22.3959    35.6977    24.6361    171.871    22.3948    35.6984    24.6370 0.0000e+00
    156.000    22.3699   5.129541    22.3687   5.129670     2.0083     0.0895    89.0413 2.4334e+00       0.00    22.3385    35.6920    24.6481    172.129    22.3374    35.6940    24.6499 0.0000e+00
    157.000    22.3267   5.124568    22.3271   5.124728     2.0054     0.0800    89.0475 2.3364e+00       0.00    22.2952    35.6882    24.6575    171.608    22.2956    35.6891    24.6581 0.0000e+00
    158.000    22.2891   5.120954    22.2893   5.121122     2.0015     0.0748    89.0557 2.2303e+00       0.00    22.2574    35.6904    24.6699    170.576    22.2576    35.6916    24.6707 0.0000e+00
    159.000    22.2544   5.117691    22.2554   5.117672     1.9943     0.0739    89.0684 2.1288e+00       0.00    22.2226    35.6929    24.6817    169.636    22.2235    35.6920    24.6807 0.0000e+00
    160.000    22.2584   5.120784    22.2595   5.120583     1.9873     0.0705    89.0793 2.0389e+00       0.00    22.2264    35.7135    24.6962    169.227    22.2274    35.7111    24.6941 0.0000e+00
    161.000    22.2404   5.119574    22.2406   5.119760     1.9836     0.0690    89.0932 1.9593e+00       0.00    22.2082    35.7185    24.7052    169.939    22.2084    35.7198    24.7061 0.0000e+00
    162.000    22.1730   5.111019    22.1729   5.111555     1.9840     0.0675    89.0844 1.8774e+00       0.00    22.1407    35.7064    24.7150    170.499    22.1405    35.7107    24.7184 0.0000e+00
    163.000    22.0965   5.101721    22.0957   5.102024     1.9841     0.0664    89.0533 1.8042e+00       0.00    22.0640    35.6959    24.7287    170.654    22.0633    35.6989    24.7312 0.0000e+00
