Data/ruptures/TONGA/STATION 8/TONGA_CTD_027.cnv
* Sea-Bird SBE 9 Data File:
* FileName = C:\CTD\raw\TONGA_CTD_027.hdr
* Software Version Seasave V 7.21b
* Temperature SN = 0970
* Conductivity SN = 0606
* Number of Bytes Per Scan = 44
* Number of Voltage Words = 5
* Number of Scans Averaged by the Deck Unit = 1
* NMEA Latitude = 19 15.86 S
* NMEA Longitude = 174 53.63 W
* NMEA UTC (Time) = Nov 25 2019 07:13:33
# nquan = 18
# nvalues = 757                         
# units = specified
# name 0 = prDM: Pressure, Digiquartz [db]
# name 1 = t090C: Temperature [ITS-90, deg C]
# name 2 = c0S/m: Conductivity [S/m]
# name 3 = t190C: Temperature, 2 [ITS-90, deg C]
# name 4 = c1S/m: Conductivity, 2 [S/m]
# name 5 = sbeox0V: Oxygen raw, SBE 43 [V]
# name 6 = flC: Fluorescence, Chelsea Aqua 3 Chl Con [ug/l]
# name 7 = xmiss: Beam Transmission, Chelsea/Seatech [%]
# name 8 = par: PAR/Irradiance, Biospherical/Licor
# name 9 = altM: Altimeter [m]
# name 10 = potemp090C: Potential Temperature [ITS-90, deg C]
# name 11 = sal00: Salinity, Practical [PSU]
# name 12 = sigma-é00: Density [sigma-theta, kg/m^3]
# name 13 = sbox0Mm/Kg: Oxygen, SBE 43 [umol/kg]
# name 14 = potemp190C: Potential Temperature, 2 [ITS-90, deg C]
# name 15 = sal11: Salinity, Practical, 2 [PSU]
# name 16 = sigma-é11: Density, 2 [sigma-theta, kg/m^3]
# name 17 = flag:
# span 0 =      3.000,    759.000       
# span 1 =     5.6253,    27.3771       
# span 2 =   3.379135,   5.576520       
# span 3 =     5.6253,    27.3775       
# span 4 =   3.379028,   5.576408       
# span 5 =     1.5172,     2.3615       
# span 6 =     0.0060,     0.1645       
# span 7 =    87.9909,    89.6214       
# span 8 = 2.8249e-05, 1.6333e-03       
# span 9 =       0.00,       0.00       
# span 10 =     5.5601,    27.3747      
# span 11 =    34.3495,    35.7635      
# span 12 =    22.6976,    27.0946      
# span 13 =    155.605,    195.731      
# span 14 =     5.5601,    27.3757      
# span 15 =    34.3492,    35.7649      
# span 16 =    22.6966,    27.0937      
# span 17 = 0.0000e+00, 0.0000e+00      
# interval = decibars: 1                
# start_time = Jan 01 2000 07:13:33 [NMEA time, first data scan]
# bad_flag = -9.990e-29
*END*
      3.000    27.3699   5.574958    27.3659   5.574428     2.2803     0.0359    88.2466 7.0728e-05       0.00    27.3692    35.1329    22.6994    185.085    27.3652    35.1322    22.7001 0.0000e+00
      4.000    27.3756   5.575604    27.3767   5.575583     2.2812     0.0316    88.2970 6.7790e-05       0.00    27.3747    35.1329    22.6976    185.084    27.3757    35.1319    22.6966 0.0000e+00
      5.000    27.3746   5.575549    27.3752   5.575475     2.2790     0.0348    88.2939 5.9345e-05       0.00    27.3734    35.1330    22.6981    185.210    27.3740    35.1320    22.6972 0.0000e+00
      6.000    27.3749   5.575607    27.3757   5.575526     2.2802     0.0335    88.2238 7.4280e-05       0.00    27.3735    35.1328    22.6980    185.322    27.3743    35.1317    22.6968 0.0000e+00
      7.000    27.3720   5.575414    27.3717   5.575234     2.2799     0.0346    88.2663 7.5961e-05       0.00    27.3704    35.1333    22.6993    185.210    27.3701    35.1323    22.6986 0.0000e+00
      8.000    27.3710   5.575386    27.3711   5.575263     2.2791     0.0348    88.3266 8.3821e-05       0.00    27.3691    35.1336    22.7000    185.108    27.3692    35.1327    22.6992 0.0000e+00
      9.000    27.3714   5.575467    27.3715   5.575304     2.2796     0.0380    88.3347 7.8812e-05       0.00    27.3693    35.1336    22.6999    185.507    27.3694    35.1323    22.6989 0.0000e+00
     10.000    27.3714   5.575541    27.3717   5.575423     2.2809     0.0351    88.3017 7.6199e-05       0.00    27.3691    35.1338    22.7001    185.362    27.3694    35.1327    22.6992 0.0000e+00
     11.000    27.3717   5.575622    27.3718   5.575460     2.2785     0.0318    88.2225 6.4239e-05       0.00    27.3692    35.1338    22.7001    184.836    27.3693    35.1326    22.6991 0.0000e+00
     12.000    27.3723   5.575690    27.3724   5.575548     2.2776     0.0325    88.2613 8.4442e-05       0.00    27.3695    35.1336    22.6998    185.247    27.3696    35.1325    22.6990 0.0000e+00
     13.000    27.3723   5.575738    27.3723   5.575601     2.2788     0.0326    88.2486 6.7606e-05       0.00    27.3692    35.1337    22.6999    185.527    27.3693    35.1326    22.6991 0.0000e+00
     14.000    27.3724   5.575801    27.3726   5.575662     2.2800     0.0303    88.2574 6.5326e-05       0.00    27.3692    35.1336    22.7000    185.337    27.3694    35.1325    22.6990 0.0000e+00
     15.000    27.3732   5.575917    27.3732   5.575769     2.2805     0.0426    88.3093 7.6931e-05       0.00    27.3697    35.1336    22.6998    185.801    27.3697    35.1325    22.6989 0.0000e+00
     16.000    27.3732   5.575969    27.3732   5.575833     2.2815     0.0430    88.2952 6.7819e-05       0.00    27.3695    35.1337    22.6999    185.678    27.3695    35.1327    22.6991 0.0000e+00
     17.000    27.3735   5.576037    27.3736   5.575899     2.2824     0.0385    88.3083 7.6111e-05       0.00    27.3695    35.1336    22.6998    185.827    27.3697    35.1326    22.6990 0.0000e+00
     18.000    27.3752   5.576271    27.3750   5.576100     2.2823     0.0350    88.2892 6.9440e-05       0.00    27.3710    35.1337    22.6994    185.819    27.3708    35.1327    22.6987 0.0000e+00
     19.000    27.3771   5.576502    27.3765   5.576268     2.2823     0.0324    88.2816 7.6573e-05       0.00    27.3727    35.1336    22.6988    185.775    27.3721    35.1324    22.6981 0.0000e+00
     20.000    27.3769   5.576520    27.3775   5.576408     2.2837     0.0339    88.3288 6.3445e-05       0.00    27.3722    35.1336    22.6989    185.970    27.3729    35.1324    22.6978 0.0000e+00
     21.000    27.3745   5.576345    27.3750   5.576241     2.2826     0.0339    88.2982 6.8731e-05       0.00    27.3696    35.1339    22.7000    185.759    27.3701    35.1327    22.6989 0.0000e+00
     22.000    27.3746   5.576377    27.3751   5.576263     2.2829     0.0328    88.2961 8.6863e-05       0.00    27.3695    35.1337    22.6999    186.072    27.3700    35.1325    22.6988 0.0000e+00
     23.000    27.3728   5.576246    27.3734   5.576135     2.2842     0.0345    88.2968 6.8208e-05       0.00    27.3675    35.1338    22.7007    186.275    27.3681    35.1326    22.6995 0.0000e+00
     24.000    27.3727   5.576223    27.3710   5.575962     2.2849     0.0366    88.3090 6.8951e-05       0.00    27.3672    35.1334    22.7004    186.121    27.3655    35.1328    22.7005 0.0000e+00
     25.000    27.3643   5.575454    27.3657   5.575332     2.2836     0.0338    88.3315 7.7504e-05       0.00    27.3585    35.1340    22.7036    186.044    27.3599    35.1321    22.7017 0.0000e+00
     26.000    27.3619   5.575298    27.3631   5.575258     2.2853     0.0330    88.3380 6.8540e-05       0.00    27.3559    35.1344    22.7048    186.409    27.3571    35.1332    22.7035 0.0000e+00
     27.000    27.3606   5.575350    27.3620   5.575283     2.2859     0.0325    88.3056 7.4470e-05       0.00    27.3543    35.1354    22.7061    186.690    27.3557    35.1339    22.7045 0.0000e+00
     28.000    27.3591   5.575143    27.3600   5.575138     2.2888     0.0320    88.2989 7.1290e-05       0.00    27.3527    35.1348    22.7061    187.334    27.3535    35.1341    22.7053 0.0000e+00
     29.000    27.3496   5.574549    27.3505   5.574477     2.2937     0.0362    88.2843 7.7544e-05       0.00    27.3428    35.1375    22.7113    188.334    27.3438    35.1362    22.7101 0.0000e+00
     30.000    27.3202   5.572464    27.3209   5.572509     2.3028     0.0404    88.2662 8.1589e-05       0.00    27.3133    35.1444    22.7261    190.000    27.3139    35.1443    22.7257 0.0000e+00
     31.000    27.2501   5.567322    27.2497   5.567428     2.3192     0.0431    88.2603 6.8243e-05       0.00    27.2430    35.1604    22.7607    192.338    27.2425    35.1615    22.7617 0.0000e+00
     32.000    27.1404   5.559290    27.1428   5.559567     2.3355     0.0426    88.2667 7.4272e-05       0.00    27.1331    35.1857    22.8151    193.909    27.1354    35.1860    22.8145 0.0000e+00
     33.000    27.0701   5.553547    27.0738   5.553887     2.3465     0.0479    88.2133 7.4255e-05       0.00    27.0625    35.1976    22.8466    194.651    27.0662    35.1973    22.8452 0.0000e+00
     34.000    27.0336   5.550422    27.0362   5.550387     2.3519     0.0508    88.0850 7.2813e-05       0.00    27.0258    35.2026    22.8622    194.810    27.0284    35.2005    22.8597 0.0000e+00
     35.000    27.0177   5.548848    27.0181   5.548788     2.3559     0.0534    87.9942 7.8393e-05       0.00    27.0097    35.2032    22.8677    195.451    27.0101    35.2024    22.8670 0.0000e+00
     36.000    26.9908   5.546177    26.9930   5.546239     2.3603     0.0657    88.1043 7.3532e-05       0.00    26.9826    35.2041    22.8771    195.731    26.9847    35.2030    22.8755 0.0000e+00
     37.000    26.9792   5.545054    26.9807   5.544958     2.3615     0.0602    88.0345 7.2591e-05       0.00    26.9707    35.2046    22.8812    195.503    26.9722    35.2028    22.8794 0.0000e+00
     38.000    26.9743   5.544411    26.9747   5.544378     2.3600     0.0569    88.0679 5.8084e-05       0.00    26.9656    35.2034    22.8820    195.390    26.9660    35.2029    22.8815 0.0000e+00
     39.000    26.9537   5.542078    26.9531   5.541907     2.3605     0.0546    88.0889 7.3238e-05       0.00    26.9448    35.2021    22.8876    195.485    26.9441    35.2013    22.8873 0.0000e+00
     40.000    26.9342   5.540074    26.9353   5.539992     2.3554     0.0520    87.9909 7.0371e-05       0.00    26.9250    35.2022    22.8940    194.106    26.9261    35.2008    22.8926 0.0000e+00
     41.000    26.8820   5.533287    26.8863   5.534216     2.3483     0.0532    88.0895 7.2658e-05       0.00    26.8726    35.1929    22.9037    194.080    26.8770    35.1963    22.9049 0.0000e+00
     42.000    26.7927   5.523542    26.7963   5.524051     2.3476     0.0611    88.0863 4.4499e-05       0.00    26.7831    35.1905    22.9304    194.706    26.7868    35.1914    22.9299 0.0000e+00
     43.000    26.7547   5.519851    26.7562   5.519823     2.3460     0.0611    88.1221 6.8049e-05       0.00    26.7449    35.1926    22.9441    194.509    26.7464    35.1913    22.9427 0.0000e+00
     44.000    26.7414   5.518414    26.7429   5.518413     2.3447     0.0573    88.0394 6.8186e-05       0.00    26.7314    35.1921    22.9480    194.433    26.7329    35.1910    22.9467 0.0000e+00
     45.000    26.7243   5.516627    26.7255   5.516638     2.3429     0.0558    88.1681 6.2903e-05       0.00    26.7140    35.1919    22.9534    194.378    26.7152    35.1911    22.9524 0.0000e+00
     46.000    26.7100   5.515281    26.7113   5.515220     2.3414     0.0620    88.0809 7.0228e-05       0.00    26.6996    35.1928    22.9587    194.198    26.7008    35.1915    22.9573 0.0000e+00
     47.000    26.6884   5.513026    26.6895   5.512980     2.3382     0.0583    88.1624 8.3979e-05       0.00    26.6777    35.1927    22.9656    193.683    26.6788    35.1916    22.9643 0.0000e+00
     48.000    26.6810   5.512197    26.6818   5.512063     2.3327     0.0562    88.2527 7.1740e-05       0.00    26.6701    35.1921    22.9675    193.250    26.6709    35.1906    22.9661 0.0000e+00
     49.000    26.6694   5.510760    26.6713   5.510910     2.3307     0.0569    88.2821 6.9438e-05       0.00    26.6583    35.1903    22.9699    193.142    26.6602    35.1899    22.9690 0.0000e+00
     50.000    26.6376   5.507583    26.6389   5.507647     2.3280     0.0611    88.2494 7.0013e-05       0.00    26.6262    35.1914    22.9808    192.883    26.6275    35.1908    22.9800 0.0000e+00
     51.000    26.6096   5.505195    26.6105   5.505134     2.3254     0.0623    88.2933 7.4678e-05       0.00    26.5980    35.1952    22.9927    192.821    26.5989    35.1940    22.9915 0.0000e+00
     52.000    26.5967   5.504258    26.5978   5.504164     2.3234     0.0681    88.2421 6.5445e-05       0.00    26.5849    35.1979    22.9989    192.946    26.5860    35.1965    22.9974 0.0000e+00
     53.000    26.5755   5.502289    26.5773   5.502397     2.3243     0.0640    88.0044 6.8159e-05       0.00    26.5635    35.1996    23.0069    193.171    26.5653    35.1990    23.0059 0.0000e+00
     54.000    26.5607   5.501072    26.5616   5.500944     2.3213     0.0654    88.3045 7.4532e-05       0.00    26.5485    35.2018    23.0133    192.211    26.5494    35.2002    23.0118 0.0000e+00
     55.000    26.5577   5.500766    26.5599   5.500809     2.3157     0.0668    88.2392 6.8699e-05       0.00    26.5452    35.2016    23.0142    191.617    26.5474    35.2003    23.0125 0.0000e+00
     56.000    26.4316   5.489604    26.4364   5.490739     2.3109     0.0654    88.3289 7.1222e-05       0.00    26.4189    35.2170    23.0657    191.958    26.4238    35.2215    23.0675 0.0000e+00
     57.000    26.2872   5.475509    26.2915   5.476271     2.3080     0.0646    88.3167 6.8290e-05       0.00    26.2744    35.2251    23.1173    192.044    26.2787    35.2274    23.1176 0.0000e+00
     58.000    26.2244   5.467518    26.2284   5.468130     2.3059     0.0684    88.2734 6.5337e-05       0.00    26.2114    35.2150    23.1294    192.283    26.2154    35.2164    23.1292 0.0000e+00
     59.000    26.1416   5.456527    26.1472   5.457410     2.3051     0.0712    88.2937 5.9695e-05       0.00    26.1284    35.1984    23.1429    192.451    26.1340    35.2005    23.1427 0.0000e+00
     60.000    26.0807   5.448927    26.0831   5.449337     2.3032     0.0754    88.2861 7.1210e-05       0.00    26.0672    35.1896    23.1554    192.472    26.0696    35.1907    23.1555 0.0000e+00
     61.000    26.0432   5.444510    26.0448   5.444567     2.3029     0.0770    88.3170 7.2593e-05       0.00    26.0295    35.1859    23.1644    192.683    26.0312    35.1851    23.1632 0.0000e+00
     62.000    26.0226   5.442178    26.0245   5.442186     2.3015     0.0791    88.2687 6.8429e-05       0.00    26.0087    35.1844    23.1698    192.625    26.0107    35.1830    23.1681 0.0000e+00
     63.000    26.0018   5.439996    26.0052   5.440162     2.2989     0.0786    88.3195 6.5338e-05       0.00    25.9878    35.1842    23.1761    191.913    25.9912    35.1828    23.1740 0.0000e+00
     64.000    25.9613   5.435398    25.9648   5.435715     2.2903     0.0805    88.3219 7.1514e-05       0.00    25.9471    35.1815    23.1868    190.579    25.9505    35.1811    23.1854 0.0000e+00
     65.000    25.8671   5.425231    25.8709   5.425924     2.2826     0.0918    88.3429 5.0440e-05       0.00    25.8527    35.1794    23.2146    190.267    25.8564    35.1816    23.2151 0.0000e+00
     66.000    25.7891   5.418305    25.7918   5.418544     2.2778     0.0934    88.3523 5.9651e-05       0.00    25.7745    35.1885    23.2457    189.801    25.7772    35.1882    23.2447 0.0000e+00
     67.000    25.7581   5.416494    25.7593   5.416363     2.2708     0.0959    88.3677 7.6699e-05       0.00    25.7432    35.1989    23.2633    189.382    25.7444    35.1970    23.2615 0.0000e+00
     68.000    25.7361   5.415239    25.7381   5.415232     2.2680     0.0955    88.4107 6.4395e-05       0.00    25.7210    35.2064    23.2758    189.866    25.7231    35.2047    23.2739 0.0000e+00
     69.000    25.7233   5.414350    25.7251   5.414258     2.2674     0.0970    88.3303 7.0643e-05       0.00    25.7080    35.2094    23.2821    190.140    25.7098    35.2073    23.2800 0.0000e+00
     70.000    25.7184   5.414380    25.7194   5.414176     2.2681     0.0974    88.3576 6.8038e-05       0.00    25.7029    35.2131    23.2865    190.192    25.7039    35.2108    23.2844 0.0000e+00
     71.000    25.7202   5.414899    25.7212   5.414680     2.2659     0.1028    88.3977 8.1193e-05       0.00    25.7045    35.2152    23.2876    189.513    25.7055    35.2128    23.2854 0.0000e+00
     72.000    25.7245   5.415750    25.7255   5.415561     2.2620     0.1001    88.3875 7.2381e-05       0.00    25.7086    35.2178    23.2883    189.141    25.7096    35.2156    23.2863 0.0000e+00
     73.000    25.7250   5.415885    25.7262   5.415725     2.2611     0.1029    88.3235 6.8828e-05       0.00    25.7089    35.2181    23.2884    189.548    25.7100    35.2160    23.2864 0.0000e+00
     74.000    25.7279   5.416253    25.7297   5.416197     2.2610     0.1030    88.3137 7.0048e-05       0.00    25.7115    35.2183    23.2877    189.677    25.7133    35.2164    23.2858 0.0000e+00
     75.000    25.7265   5.416143    25.7286   5.416139     2.2619     0.1050    88.3337 6.9416e-05       0.00    25.7099    35.2182    23.2882    189.445    25.7120    35.2165    23.2862 0.0000e+00
     76.000    25.7276   5.416374    25.7288   5.416237     2.2595     0.1042    88.3410 7.6781e-05       0.00    25.7107    35.2187    23.2883    188.704    25.7120    35.2168    23.2865 0.0000e+00
     77.000    25.7274   5.416414    25.7285   5.416270     2.2541     0.1038    88.2089 5.7862e-05       0.00    25.7104    35.2188    23.2885    187.898    25.7115    35.2169    23.2867 0.0000e+00
     78.000    25.6876   5.412735    25.6920   5.413121     2.2489     0.1056    88.3377 6.6904e-05       0.00    25.6704    35.2223    23.3035    187.990    25.6748    35.2217    23.3017 0.0000e+00
     79.000    25.6248   5.407477    25.6275   5.407518     2.2445     0.1087    88.3797 6.1535e-05       0.00    25.6073    35.2320    23.3303    186.928    25.6101    35.2302    23.3281 0.0000e+00
     80.000    25.5962   5.405693    25.5993   5.405918     2.2325     0.1131    88.3658 5.2244e-05       0.00    25.5786    35.2407    23.3457    185.381    25.5817    35.2399    23.3442 0.0000e+00
     81.000    25.4684   5.396881    25.4736   5.397312     2.2251     0.1121    88.4157 5.5976e-05       0.00    25.4505    35.2746    23.4109    185.666    25.4558    35.2737    23.4086 0.0000e+00
     82.000    25.4280   5.394094    25.4329   5.394349     2.2208     0.1172    88.3857 8.0042e-05       0.00    25.4100    35.2851    23.4312    185.599    25.4149    35.2832    23.4283 0.0000e+00
