Data/ruptures/TONGA/STATION 8/TONGA_CTD_025.cnv
* Sea-Bird SBE 9 Data File:
* FileName = C:\CTD\raw\TONGA_CTD_025.hdr
* Software Version Seasave V 7.21b
* Temperature SN = 0970
* Conductivity SN = 0606
* Number of Bytes Per Scan = 44
* Number of Voltage Words = 5
* Number of Scans Averaged by the Deck Unit = 1
* NMEA Latitude = 20 23.06 S
* NMEA Longitude = 166 25.72 W
* NMEA UTC (Time) = Nov 19 2019 20:05:49
# nquan = 18
# nvalues = 397                         
# units = specified
# name 0 = prDM: Pressure, Digiquartz [db]
# name 1 = t090C: Temperature [ITS-90, deg C]
# name 2 = c0S/m: Conductivity [S/m]
# name 3 = t190C: Temperature, 2 [ITS-90, deg C]
# name 4 = c1S/m: Conductivity, 2 [S/m]
# name 5 = sbeox0V: Oxygen raw, SBE 43 [V]
# name 6 = flC: Fluorescence, Chelsea Aqua 3 Chl Con [ug/l]
# name 7 = xmiss: Beam Transmission, Chelsea/Seatech [%]
# name 8 = par: PAR/Irradiance, Biospherical/Licor
# name 9 = altM: Altimeter [m]
# name 10 = potemp090C: Potential Temperature [ITS-90, deg C]
# name 11 = sal00: Salinity, Practical [PSU]
# name 12 = sigma-é00: Density [sigma-theta, kg/m^3]
# name 13 = sbox0Mm/Kg: Oxygen, SBE 43 [umol/kg]
# name 14 = potemp190C: Potential Temperature, 2 [ITS-90, deg C]
# name 15 = sal11: Salinity, Practical, 2 [PSU]
# name 16 = sigma-é11: Density, 2 [sigma-theta, kg/m^3]
# name 17 = flag:
# span 0 =      5.000,    401.000       
# span 1 =    12.6671,    25.5708       
# span 2 =   4.065086,   5.424018       
# span 3 =    12.6614,    25.5703       
# span 4 =   4.064404,   5.423770       
# span 5 =     1.7456,     2.2862       
# span 6 =     0.0076,     0.1349       
# span 7 =    88.5114,    89.4916       
# span 8 = 3.9810e-05, 1.8303e+02       
# span 9 =       0.00,       0.00       
# span 10 =    12.6125,    25.5653      
# span 11 =    34.8375,    35.7735      
# span 12 =    23.4711,    26.3440      
# span 13 =    164.655,    195.623      
# span 14 =    12.6069,    25.5648      
# span 15 =    34.8362,    35.7719      
# span 16 =    23.4703,    26.3441      
# span 17 = 0.0000e+00, 0.0000e+00      
# interval = decibars: 1                
# start_time = Jan 01 2000 20:05:49 [NMEA time, first data scan]
# bad_flag = -9.990e-29
*END*
[from data line 81]
     86.000    24.6638   5.338265    24.6641   5.338038     2.2716     0.0290    88.7725 1.5372e+01       0.00    24.6453    35.4675    23.8021    193.527    24.6456    35.4655    23.8006 0.0000e+00
     87.000    24.6630   5.338257    24.6631   5.338031     2.2695     0.0318    88.7825 1.4963e+01       0.00    24.6443    35.4677    23.8026    193.365    24.6444    35.4660    23.8013 0.0000e+00
     88.000    24.6614   5.338238    24.6614   5.337984     2.2692     0.0319    88.7819 1.4552e+01       0.00    24.6425    35.4685    23.8038    193.711    24.6425    35.4666    23.8024 0.0000e+00
     89.000    24.6600   5.338291    24.6604   5.338090     2.2699     0.0296    88.7731 1.4153e+01       0.00    24.6409    35.4697    23.8051    193.934    24.6413    35.4679    23.8037 0.0000e+00
     90.000    24.6577   5.338107    24.6579   5.337917     2.2693     0.0277    88.7777 1.3792e+01       0.00    24.6383    35.4698    23.8060    193.550    24.6386    35.4682    23.8048 0.0000e+00
     91.000    24.6555   5.337902    24.6559   5.337710     2.2687     0.0281    88.7720 1.3465e+01       0.00    24.6359    35.4697    23.8067    193.760    24.6363    35.4680    23.8052 0.0000e+00
     92.000    24.6520   5.337603    24.6523   5.337409     2.2679     0.0282    88.7609 1.3139e+01       0.00    24.6322    35.4699    23.8079    193.416    24.6325    35.4682    23.8066 0.0000e+00
     93.000    24.6515   5.337622    24.6517   5.337420     2.2669     0.0292    88.7684 1.2792e+01       0.00    24.6315    35.4701    23.8083    193.466    24.6317    35.4685    23.8070 0.0000e+00
     94.000    24.6512   5.337673    24.6515   5.337487     2.2665     0.0288    88.7825 1.2465e+01       0.00    24.6310    35.4704    23.8087    193.560    24.6313    35.4688    23.8073 0.0000e+00
     95.000    24.6509   5.337669    24.6512   5.337485     2.2671     0.0291    88.7831 1.2125e+01       0.00    24.6305    35.4703    23.8087    193.704    24.6307    35.4687    23.8075 0.0000e+00
     96.000    24.6512   5.337797    24.6515   5.337573     2.2668     0.0307    88.7794 1.1783e+01       0.00    24.6305    35.4707    23.8091    193.570    24.6308    35.4688    23.8075 0.0000e+00
     97.000    24.6513   5.337890    24.6516   5.337683     2.2651     0.0308    88.7753 1.1463e+01       0.00    24.6305    35.4710    23.8093    193.135    24.6307    35.4692    23.8078 0.0000e+00
     98.000    24.6475   5.337588    24.6478   5.337430     2.2639     0.0293    88.7832 1.1182e+01       0.00    24.6264    35.4714    23.8108    193.316    24.6267    35.4700    23.8097 0.0000e+00
     99.000    24.6453   5.337532    24.6459   5.337340     2.2635     0.0300    88.7890 1.0886e+01       0.00    24.6240    35.4724    23.8123    193.371    24.6246    35.4705    23.8107 0.0000e+00
    100.000    24.6417   5.337310    24.6418   5.337128     2.2643     0.0305    88.7823 1.0608e+01       0.00    24.6203    35.4732    23.8141    193.657    24.6203    35.4718    23.8129 0.0000e+00
    101.000    24.6382   5.336965    24.6384   5.336780     2.2648     0.0300    88.7903 1.0343e+01       0.00    24.6165    35.4731    23.8151    193.546    24.6166    35.4716    23.8139 0.0000e+00
    102.000    24.6326   5.336380    24.6329   5.336224     2.2630     0.0291    88.7899 1.0056e+01       0.00    24.6107    35.4728    23.8166    193.078    24.6109    35.4715    23.8155 0.0000e+00
    103.000    24.6159   5.335035    24.6164   5.334918     2.2611     0.0293    88.8054 9.7833e+00       0.00    24.5938    35.4756    23.8238    193.362    24.5942    35.4744    23.8228 0.0000e+00
    104.000    24.6045   5.334415    24.6051   5.334287     2.2633     0.0286    88.8006 9.5217e+00       0.00    24.5822    35.4797    23.8304    193.795    24.5828    35.4782    23.8291 0.0000e+00
    105.000    24.5933   5.333383    24.5938   5.333265     2.2618     0.0301    88.8062 9.2569e+00       0.00    24.5708    35.4805    23.8345    192.902    24.5712    35.4792    23.8334 0.0000e+00
    106.000    24.5830   5.332488    24.5834   5.332327     2.2588     0.0337    88.8119 9.0038e+00       0.00    24.5603    35.4815    23.8384    193.051    24.5606    35.4801    23.8372 0.0000e+00
    107.000    24.5782   5.332069    24.5785   5.331913     2.2590     0.0336    88.7928 8.7730e+00       0.00    24.5552    35.4819    23.8402    193.425    24.5556    35.4805    23.8390 0.0000e+00
    108.000    24.5767   5.331925    24.5770   5.331758     2.2603     0.0321    88.8042 8.5493e+00       0.00    24.5535    35.4817    23.8406    193.704    24.5538    35.4802    23.8394 0.0000e+00
    109.000    24.5692   5.331174    24.5696   5.331078     2.2613     0.0323    88.8131 8.3084e+00       0.00    24.5458    35.4817    23.8429    193.602    24.5462    35.4806    23.8420 0.0000e+00
    110.000    24.5629   5.330612    24.5633   5.330448     2.2603     0.0311    88.8175 8.0757e+00       0.00    24.5394    35.4821    23.8451    193.351    24.5397    35.4806    23.8439 0.0000e+00
    111.000    24.5581   5.330184    24.5582   5.330006     2.2597     0.0295    88.8306 7.8481e+00       0.00    24.5343    35.4824    23.8469    193.464    24.5344    35.4810    23.8458 0.0000e+00
    112.000    24.5496   5.329390    24.5496   5.329249     2.2600     0.0299    88.8334 7.6389e+00       0.00    24.5255    35.4828    23.8499    193.524    24.5256    35.4817    23.8490 0.0000e+00
    113.000    24.5289   5.327606    24.5289   5.327472     2.2581     0.0310    88.8317 7.4322e+00       0.00    24.5047    35.4855    23.8582    193.111    24.5046    35.4845    23.8574 0.0000e+00
    114.000    24.5142   5.327007    24.5143   5.326769     2.2570     0.0303    88.8346 7.2398e+00       0.00    24.4898    35.4923    23.8678    193.239    24.4899    35.4904    23.8663 0.0000e+00
    115.000    24.4934   5.326817    24.4936   5.326738     2.2566     0.0311    88.8433 7.0438e+00       0.00    24.4687    35.5070    23.8853    193.304    24.4690    35.5062    23.8846 0.0000e+00
    116.000    24.4507   5.323714    24.4519   5.323767     2.2556     0.0335    88.8536 6.8473e+00       0.00    24.4259    35.5172    23.9058    193.008    24.4271    35.5167    23.9051 0.0000e+00
    117.000    24.4138   5.320987    24.4131   5.320901     2.2521     0.0343    88.8498 6.6553e+00       0.00    24.3888    35.5256    23.9233    193.012    24.3881    35.5255    23.9234 0.0000e+00
    118.000    24.3466   5.314290    24.3460   5.314512     2.2532     0.0335    88.8577 6.4756e+00       0.00    24.3214    35.5282    23.9455    193.551    24.3208    35.5304    23.9473 0.0000e+00
    119.000    24.2754   5.306614    24.2761   5.306515     2.2523     0.0342    88.8391 6.2927e+00       0.00    24.2501    35.5266    23.9656    193.632    24.2508    35.5253    23.9644 0.0000e+00
    120.000    24.2461   5.302691    24.2460   5.302873     2.2513     0.0374    88.8342 6.1169e+00       0.00    24.2206    35.5200    23.9694    193.424    24.2205    35.5214    23.9705 0.0000e+00
    121.000    24.1372   5.290560    24.1360   5.290895     2.2504     0.0387    88.8539 5.9416e+00       0.00    24.1116    35.5146    23.9979    194.102    24.1104    35.5182    24.0009 0.0000e+00
    122.000    24.0316   5.279219    24.0312   5.279277     2.2524     0.0382    88.8792 5.7767e+00       0.00    24.0058    35.5127    24.0278    194.748    24.0054    35.5134    24.0285 0.0000e+00
    123.000    23.9988   5.276926    23.9992   5.276716     2.2517     0.0389    88.8828 5.6082e+00       0.00    23.9728    35.5211    24.0440    194.468    23.9732    35.5192    24.0424 0.0000e+00
    124.000    23.9930   5.276501    23.9937   5.276352     2.2517     0.0398    88.8802 5.4354e+00       0.00    23.9668    35.5221    24.0466    194.559    23.9675    35.5205    24.0451 0.0000e+00
    125.000    23.9784   5.274921    23.9793   5.274827     2.2508     0.0403    88.8755 5.2733e+00       0.00    23.9521    35.5215    24.0504    194.452    23.9529    35.5201    24.0491 0.0000e+00
    126.000    23.9661   5.273447    23.9666   5.273318     2.2492     0.0405    88.8794 5.1174e+00       0.00    23.9395    35.5198    24.0529    194.272    23.9400    35.5185    24.0517 0.0000e+00
    127.000    23.9460   5.271076    23.9464   5.271029     2.2490     0.0438    88.8759 4.9773e+00       0.00    23.9193    35.5175    24.0571    194.651    23.9196    35.5169    24.0566 0.0000e+00
    128.000    23.9173   5.268316    23.9179   5.268259     2.2490     0.0432    88.8866 4.8356e+00       0.00    23.8903    35.5192    24.0670    194.406    23.8909    35.5183    24.0661 0.0000e+00
    129.000    23.8655   5.262647    23.8655   5.262919     2.2469     0.0428    88.8816 4.6979e+00       0.00    23.8383    35.5172    24.0809    194.363    23.8384    35.5192    24.0824 0.0000e+00
    130.000    23.7924   5.254532    23.7930   5.255037     2.2467     0.0411    88.8862 4.5549e+00       0.00    23.7652    35.5135    24.0997    194.843    23.7657    35.5169    24.1021 0.0000e+00
    131.000    23.7108   5.246628    23.7112   5.246560     2.2462     0.0420    88.8900 4.4203e+00       0.00    23.6834    35.5183    24.1274    195.020    23.6838    35.5175    24.1267 0.0000e+00
    132.000    23.6772   5.243475    23.6783   5.243415     2.2461     0.0444    88.8942 4.2878e+00       0.00    23.6496    35.5209    24.1393    195.102    23.6508    35.5195    24.1380 0.0000e+00
    133.000    23.6608   5.241891    23.6603   5.241608     2.2455     0.0457    88.8999 4.1584e+00       0.00    23.6330    35.5216    24.1448    195.355    23.6325    35.5199    24.1436 0.0000e+00
    134.000    23.6431   5.240063    23.6446   5.240061     2.2467     0.0475    88.8902 4.0316e+00       0.00    23.6151    35.5215    24.1500    195.623    23.6167    35.5203    24.1486 0.0000e+00
    135.000    23.6324   5.239063    23.6334   5.238955     2.2466     0.0493    88.8976 3.9028e+00       0.00    23.6042    35.5221    24.1536    195.235    23.6052    35.5205    24.1521 0.0000e+00
    136.000    23.6189   5.237692    23.6192   5.237515     2.2452     0.0509    88.8955 3.7756e+00       0.00    23.5905    35.5222    24.1577    195.153    23.5908    35.5206    24.1563 0.0000e+00
    137.000    23.5988   5.235433    23.5989   5.235301     2.2430     0.0510    88.8904 3.6486e+00       0.00    23.5702    35.5207    24.1625    194.680    23.5704    35.5196    24.1616 0.0000e+00
    138.000    23.4871   5.223314    23.4829   5.223211     2.2394     0.0492    88.8911 3.5283e+00       0.00    23.4584    35.5174    24.1927    194.754    23.4542    35.5199    24.1959 0.0000e+00
    139.000    23.4074   5.215472    23.4080   5.215392     2.2372     0.0497    88.8977 3.4133e+00       0.00    23.3786    35.5210    24.2188    195.036    23.3792    35.5199    24.2178 0.0000e+00
    140.000    23.3795   5.212509    23.3805   5.212537     2.2358     0.0521    88.9023 3.3089e+00       0.00    23.3505    35.5204    24.2266    194.712    23.3515    35.5198    24.2258 0.0000e+00
    141.000    23.3493   5.209561    23.3504   5.209568     2.2334     0.0531    88.9129 3.1962e+00       0.00    23.3201    35.5217    24.2364    194.546    23.3212    35.5209    24.2355 0.0000e+00
    142.000    23.3282   5.208329    23.3294   5.208117     2.2321     0.0540    88.9348 3.0922e+00       0.00    23.2988    35.5290    24.2481    194.710    23.3000    35.5264    24.2458 0.0000e+00
    143.000    23.3281   5.208871    23.3293   5.208692     2.2306     0.0555    88.9396 2.9888e+00       0.00    23.2986    35.5328    24.2511    194.356    23.2997    35.5305    24.2491 0.0000e+00
    144.000    23.3275   5.209086    23.3284   5.208904     2.2276     0.0593    88.9402 2.8864e+00       0.00    23.2977    35.5347    24.2528    194.329    23.2987    35.5325    24.2509 0.0000e+00
    145.000    23.3268   5.209191    23.3278   5.209057     2.2274     0.0628    88.9419 2.7901e+00       0.00    23.2968    35.5357    24.2538    194.408    23.2978    35.5339    24.2521 0.0000e+00
    146.000    23.3234   5.209188    23.3243   5.208886     2.2260     0.0617    88.9365 2.6940e+00       0.00    23.2932    35.5381    24.2567    193.892    23.2941    35.5351    24.2542 0.0000e+00
    147.000    23.3189   5.209315    23.3200   5.209339     2.2242     0.0615    88.9419 2.6012e+00       0.00    23.2886    35.5423    24.2612    193.588    23.2896    35.5416    24.2604 0.0000e+00
    148.000    23.2890   5.206342    23.2900   5.206408     2.2217     0.0606    88.9406 2.5065e+00       0.00    23.2584    35.5433    24.2708    193.575    23.2595    35.5430    24.2702 0.0000e+00
    149.000    23.2773   5.205307    23.2791   5.205247     2.2215     0.0643    88.9469 2.4151e+00       0.00    23.2466    35.5444    24.2750    194.195    23.2483    35.5425    24.2731 0.0000e+00
    150.000    23.2727   5.205089    23.2738   5.204939     2.2206     0.0621    88.9410 2.3252e+00       0.00    23.2418    35.5461    24.2777    193.622    23.2429    35.5440    24.2759 0.0000e+00
    151.000    23.2672   5.205006    23.2679   5.204858     2.2177     0.0632    88.9444 2.2383e+00       0.00    23.2360    35.5496    24.2821    193.481    23.2368    35.5478    24.2805 0.0000e+00
    152.000    23.2509   5.203353    23.2517   5.203293     2.2159     0.0646    88.9480 2.1602e+00       0.00    23.2195    35.5497    24.2869    193.112    23.2203    35.5486    24.2859 0.0000e+00
    153.000    23.2341   5.201730    23.2350   5.201664     2.2132     0.0656    88.9497 2.0772e+00       0.00    23.2026    35.5504    24.2924    193.018    23.2035    35.5491    24.2912 0.0000e+00
    154.000    23.2005   5.198035    23.2007   5.198057     2.2115     0.0649    88.9558 2.0052e+00       0.00    23.1687    35.5488    24.3010    192.802    23.1690    35.5488    24.3009 0.0000e+00
    155.000    23.1702   5.195470    23.1713   5.195298     2.2087     0.0648    88.9508 1.9377e+00       0.00    23.1383    35.5531    24.3131    192.781    23.1394    35.5509    24.3111 0.0000e+00
    156.000    23.1571   5.194569    23.1579   5.194531     2.2060     0.0661    88.9511 1.8608e+00       0.00    23.1250    35.5565    24.3195    191.699    23.1258    35.5555    24.3185 0.0000e+00
    157.000    23.1383   5.193062    23.1394   5.192972     2.1987     0.0671    88.9541 1.7983e+00       0.00    23.1060    35.5597    24.3274    190.639    23.1072    35.5580    24.3259 0.0000e+00
    158.000    23.1145   5.191569    23.1152   5.191591     2.1937     0.0672    88.9534 1.7332e+00       0.00    23.0820    35.5671    24.3401    190.390    23.0827    35.5667    24.3395 0.0000e+00
    159.000    23.0657   5.187208    23.0662   5.187292     2.1888     0.0699    88.9467 1.6669e+00       0.00    23.0330    35.5726    24.3584    190.048    23.0336    35.5728    24.3584 0.0000e+00
    160.000    23.0501   5.186379    23.0514   5.186242     2.1843     0.0746    88.9459 1.6020e+00       0.00    23.0173    35.5784    24.3674    189.189    23.0186    35.5764    24.3654 0.0000e+00
    161.000    23.0381   5.186591    23.0391   5.186560     2.1738     0.0807    88.9391 1.5401e+00       0.00    23.0051    35.5894    24.3793    187.439    23.0060    35.5885    24.3782 0.0000e+00
    162.000    22.9870   5.183115    22.9872   5.183033     2.1607     0.0874    88.5114 1.4730e+00       0.00    22.9539    35.6036    24.4048    186.089    22.9540    35.6029    24.4042 0.0000e+00
    163.000    22.9346   5.180241    22.9335   5.179915     2.1462     0.0985    88.8460 1.4151e+00       0.00    22.9013    35.6236    24.4352    185.109    22.9002    35.6220    24.4343 0.0000e+00
    164.000    22.8924   5.176127    22.8927   5.176049     2.1363     0.1129    88.8341 1.3522e+00       0.00    22.8589    35.6257    24.4490    184.466    22.8592    35.6248    24.4482 0.0000e+00
