Data/ruptures/TONGA/STATION 8/TONGA_CTD_025.cnv
* Sea-Bird SBE 9 Data File:
* FileName = C:\CTD\raw\TONGA_CTD_025.hdr
* Software Version Seasave V 7.21b
* Temperature SN = 0970
* Conductivity SN = 0606
* Number of Bytes Per Scan = 44
* Number of Voltage Words = 5
* Number of Scans Averaged by the Deck Unit = 1
* NMEA Latitude = 20 23.06 S
* NMEA Longitude = 166 25.72 W
* NMEA UTC (Time) = Nov 19 2019 20:05:49
# nquan = 18
# nvalues = 397                         
# units = specified
# name 0 = prDM: Pressure, Digiquartz [db]
# name 1 = t090C: Temperature [ITS-90, deg C]
# name 2 = c0S/m: Conductivity [S/m]
# name 3 = t190C: Temperature, 2 [ITS-90, deg C]
# name 4 = c1S/m: Conductivity, 2 [S/m]
# name 5 = sbeox0V: Oxygen raw, SBE 43 [V]
# name 6 = flC: Fluorescence, Chelsea Aqua 3 Chl Con [ug/l]
# name 7 = xmiss: Beam Transmission, Chelsea/Seatech [%]
# name 8 = par: PAR/Irradiance, Biospherical/Licor
# name 9 = altM: Altimeter [m]
# name 10 = potemp090C: Potential Temperature [ITS-90, deg C]
# name 11 = sal00: Salinity, Practical [PSU]
# name 12 = sigma-é00: Density [sigma-theta, kg/m^3]
# name 13 = sbox0Mm/Kg: Oxygen, SBE 43 [umol/kg]
# name 14 = potemp190C: Potential Temperature, 2 [ITS-90, deg C]
# name 15 = sal11: Salinity, Practical, 2 [PSU]
# name 16 = sigma-é11: Density, 2 [sigma-theta, kg/m^3]
# name 17 = flag:
# span 0 =      5.000,    401.000       
# span 1 =    12.6671,    25.5708       
# span 2 =   4.065086,   5.424018       
# span 3 =    12.6614,    25.5703       
# span 4 =   4.064404,   5.423770       
# span 5 =     1.7456,     2.2862       
# span 6 =     0.0076,     0.1349       
# span 7 =    88.5114,    89.4916       
# span 8 = 3.9810e-05, 1.8303e+02       
# span 9 =       0.00,       0.00       
# span 10 =    12.6125,    25.5653      
# span 11 =    34.8375,    35.7735      
# span 12 =    23.4711,    26.3440      
# span 13 =    164.655,    195.623      
# span 14 =    12.6069,    25.5648      
# span 15 =    34.8362,    35.7719      
# span 16 =    23.4703,    26.3441      
# span 17 = 0.0000e+00, 0.0000e+00      
# interval = decibars: 1                
# start_time = Jan 01 2000 20:05:49 [NMEA time, first data scan]
# bad_flag = -9.990e-29
*END*
[from data line 161]
    166.000    22.8711   5.176804    22.8721   5.176475     2.1201     0.1227    88.8349 1.2274e+00       0.00    22.8372    35.6476    24.4718    182.563    22.8383    35.6442    24.4689 0.0000e+00
    167.000    22.8827   5.179275    22.8840   5.178973     2.1136     0.1268    88.8400 1.1663e+00       0.00    22.8486    35.6569    24.4756    181.813    22.8499    35.6535    24.4727 0.0000e+00
    168.000    22.8964   5.181701    22.8976   5.181475     2.1080     0.1303    88.8387 1.1064e+00       0.00    22.8621    35.6643    24.4773    180.878    22.8633    35.6615    24.4749 0.0000e+00
    169.000    22.8703   5.179119    22.8737   5.179636     2.0994     0.1330    88.8478 1.0516e+00       0.00    22.8358    35.6651    24.4855    179.146    22.8392    35.6664    24.4855 0.0000e+00
    170.000    22.8283   5.175983    22.8302   5.175842     2.0876     0.1349    88.8609 9.9347e-01       0.00    22.7936    35.6747    24.5049    177.757    22.7956    35.6720    24.5024 0.0000e+00
    171.000    22.8249   5.178993    22.8265   5.178875     2.0747     0.1307    88.8769 9.4141e-01       0.00    22.7901    35.7004    24.5255    176.560    22.7916    35.6983    24.5234 0.0000e+00
    172.000    22.8255   5.180896    22.8262   5.180732     2.0642     0.1298    88.8756 8.9314e-01       0.00    22.7905    35.7143    24.5359    176.075    22.7911    35.7125    24.5344 0.0000e+00
    173.000    22.8198   5.180782    22.8203   5.180650     2.0577     0.1292    88.8884 8.4774e-01       0.00    22.7846    35.7178    24.5402    175.904    22.7851    35.7164    24.5390 0.0000e+00
    174.000    22.8008   5.179705    22.8023   5.179675     2.0524     0.1289    88.8908 8.0261e-01       0.00    22.7653    35.7246    24.5510    175.512    22.7668    35.7232    24.5494 0.0000e+00
    175.000    22.7780   5.177977    22.7775   5.177742     2.0378     0.1286    88.8933 7.5710e-01       0.00    22.7423    35.7295    24.5613    173.045    22.7419    35.7280    24.5603 0.0000e+00
    176.000    22.6391   5.163714    22.6379   5.164206     2.0209     0.1252    88.9029 7.2172e-01       0.00    22.6034    35.7316    24.6027    172.229    22.6022    35.7365    24.6067 0.0000e+00
    177.000    22.5659   5.156111    22.5674   5.156238     2.0175     0.1241    88.9293 6.8189e-01       0.00    22.5302    35.7319    24.6239    172.611    22.5316    35.7317    24.6233 0.0000e+00
    178.000    22.5150   5.149627    22.5153   5.150155     2.0151     0.1198    88.9351 6.4381e-01       0.00    22.4791    35.7227    24.6314    172.595    22.4794    35.7266    24.6343 0.0000e+00
    179.000    22.4465   5.141844    22.4479   5.142301     2.0130     0.1151    88.9584 6.0513e-01       0.00    22.4105    35.7176    24.6471    172.425    22.4118    35.7201    24.6486 0.0000e+00
    180.000    22.3908   5.135618    22.3914   5.136011     2.0097     0.1108    88.9602 5.7278e-01       0.00    22.3547    35.7142    24.6604    171.596    22.3552    35.7169    24.6623 0.0000e+00
    181.000    22.2744   5.123305    22.2733   5.123957     2.0020     0.1056    88.9824 5.4591e-01       0.00    22.2381    35.7130    24.6925    170.890    22.2370    35.7190    24.6974 0.0000e+00
    182.000    22.1592   5.112406    22.1615   5.112571     1.9954     0.0997    88.9856 5.1660e-01       0.00    22.1229    35.7218    24.7318    171.206    22.1252    35.7212    24.7307 0.0000e+00
    183.000    22.1084   5.107730    22.1105   5.107631     1.9869     0.1006    88.9989 4.8936e-01       0.00    22.0720    35.7265    24.7497    169.440    22.0741    35.7240    24.7472 0.0000e+00
    184.000    22.0666   5.103845    22.0686   5.104041     1.9712     0.0981    89.0021 4.6262e-01       0.00    22.0300    35.7300    24.7642    167.167    22.0319    35.7300    24.7636 0.0000e+00
    185.000    21.9633   5.094670    21.9645   5.095240     1.9624     0.0903    89.0240 4.3872e-01       0.00    21.9266    35.7425    24.8028    167.201    21.9278    35.7460    24.8051 0.0000e+00
    186.000    21.8852   5.088610    21.8871   5.088592     1.9562     0.0861    89.0458 4.1482e-01       0.00    21.8484    35.7589    24.8372    167.039    21.8503    35.7572    24.8353 0.0000e+00
    187.000    21.8745   5.087600    21.8760   5.087513     1.9516     0.0820    89.0545 3.9401e-01       0.00    21.8375    35.7594    24.8406    166.722    21.8390    35.7575    24.8387 0.0000e+00
    188.000    21.8561   5.085884    21.8578   5.085852     1.9469     0.0805    89.0590 3.7623e-01       0.00    21.8190    35.7607    24.8467    166.488    21.8206    35.7590    24.8450 0.0000e+00
    189.000    21.8393   5.084477    21.8408   5.084405     1.9412     0.0773    89.0589 3.5804e-01       0.00    21.8020    35.7631    24.8533    165.937    21.8034    35.7614    24.8516 0.0000e+00
    190.000    21.8001   5.080944    21.8022   5.081045     1.9374     0.0722    89.0742 3.3887e-01       0.00    21.7626    35.7673    24.8675    166.042    21.7647    35.7663    24.8662 0.0000e+00
    191.000    21.7735   5.078738    21.7753   5.078728     1.9354     0.0703    89.0795 3.2249e-01       0.00    21.7358    35.7715    24.8782    165.853    21.7376    35.7699    24.8765 0.0000e+00
    192.000    21.7542   5.076836    21.7559   5.076878     1.9323     0.0696    89.0743 3.0770e-01       0.00    21.7164    35.7721    24.8841    165.090    21.7180    35.7710    24.8828 0.0000e+00
    193.000    21.7306   5.074588    21.7321   5.074549     1.9270     0.0679    89.0869 2.9002e-01       0.00    21.6925    35.7735    24.8918    164.655    21.6941    35.7719    24.8901 0.0000e+00
    194.000    21.6787   5.069032    21.6816   5.069228     1.9237     0.0680    89.0950 2.7609e-01       0.00    21.6406    35.7721    24.9052    164.989    21.6435    35.7712    24.9038 0.0000e+00
    195.000    21.6014   5.060253    21.6048   5.060934     1.9213     0.0640    89.1142 2.6344e-01       0.00    21.5632    35.7661    24.9222    165.073    21.5666    35.7688    24.9233 0.0000e+00
    196.000    21.5190   5.050993    21.5210   5.051484     1.9215     0.0599    89.1378 2.5285e-01       0.00    21.4807    35.7606    24.9409    165.893    21.4826    35.7629    24.9421 0.0000e+00
    197.000    21.4524   5.043774    21.4547   5.043942     1.9225     0.0555    89.1508 2.3858e-01       0.00    21.4140    35.7581    24.9574    166.146    21.4162    35.7576    24.9564 0.0000e+00
    198.000    21.4318   5.041680    21.4337   5.041643     1.9224     0.0526    89.1516 2.2745e-01       0.00    21.3932    35.7582    24.9633    165.888    21.3951    35.7563    24.9613 0.0000e+00
    199.000    21.4235   5.040860    21.4251   5.040770     1.9209     0.0509    89.1618 2.1667e-01       0.00    21.3847    35.7583    24.9657    165.708    21.3863    35.7562    24.9636 0.0000e+00
    200.000    21.3961   5.037559    21.3967   5.037773     1.9211     0.0495    89.1644 2.0599e-01       0.00    21.3572    35.7543    24.9702    166.146    21.3578    35.7556    24.9710 0.0000e+00
    201.000    21.3030   5.027182    21.3059   5.027353     1.9203     0.0512    89.1737 1.9726e-01       0.00    21.2639    35.7487    24.9917    165.996    21.2669    35.7476    24.9900 0.0000e+00
    202.000    21.2551   5.021651    21.2576   5.021946     1.9196     0.0512    89.1898 1.9049e-01       0.00    21.2159    35.7440    25.0013    166.315    21.2184    35.7443    25.0009 0.0000e+00
    203.000    21.2028   5.015807    21.2050   5.016097     1.9198     0.0497    89.1862 1.8117e-01       0.00    21.1635    35.7405    25.0130    166.751    21.1657    35.7410    25.0128 0.0000e+00
    204.000    21.1792   5.013475    21.1810   5.013388     1.9207     0.0466    89.1965 1.7084e-01       0.00    21.1397    35.7412    25.0201    166.637    21.1416    35.7389    25.0178 0.0000e+00
    205.000    21.1749   5.013037    21.1767   5.012935     1.9195     0.0442    89.2016 1.6418e-01       0.00    21.1352    35.7409    25.0211    166.472    21.1371    35.7386    25.0188 0.0000e+00
    206.000    21.1714   5.012705    21.1731   5.012603     1.9196     0.0428    89.2046 1.5524e-01       0.00    21.1316    35.7408    25.0220    166.613    21.1333    35.7386    25.0198 0.0000e+00
    207.000    21.1628   5.011827    21.1639   5.011678     1.9194     0.0426    89.1970 1.4804e-01       0.00    21.1228    35.7406    25.0243    166.670    21.1239    35.7384    25.0223 0.0000e+00
    208.000    21.1384   5.008974    21.1390   5.008927     1.9189     0.0428    89.1862 1.4051e-01       0.00    21.0982    35.7378    25.0288    166.619    21.0988    35.7369    25.0280 0.0000e+00
    209.000    21.0445   4.998297    21.0478   4.998718     1.9196     0.0412    89.2156 1.3267e-01       0.00    21.0043    35.7301    25.0487    167.494    21.0076    35.7307    25.0483 0.0000e+00
    210.000    20.9930   4.992945    20.9951   4.992992     1.9209     0.0403    89.2294 1.2914e-01       0.00    20.9526    35.7299    25.0626    167.240    20.9548    35.7284    25.0609 0.0000e+00
    211.000    20.9667   4.990002    20.9687   4.990133     1.9188     0.0385    89.2379 1.2248e-01       0.00    20.9261    35.7278    25.0683    166.559    20.9281    35.7272    25.0673 0.0000e+00
    212.000    20.9218   4.984678    20.9235   4.985157     1.9148     0.0366    89.2459 1.1613e-01       0.00    20.8812    35.7222    25.0762    166.199    20.8828    35.7246    25.0776 0.0000e+00
    213.000    20.8562   4.977679    20.8581   4.978023     1.9141     0.0364    89.2523 1.1105e-01       0.00    20.8155    35.7203    25.0927    167.158    20.8173    35.7215    25.0931 0.0000e+00
    214.000    20.7809   4.968567    20.7799   4.969400     1.9150     0.0353    89.2599 1.0539e-01       0.00    20.7401    35.7096    25.1049    167.540    20.7391    35.7171    25.1109 0.0000e+00
    215.000    20.6803   4.958452    20.6815   4.958536     1.9150     0.0333    89.2713 1.0048e-01       0.00    20.6395    35.7118    25.1338    167.851    20.6407    35.7115    25.1333 0.0000e+00
    216.000    20.6090   4.950383    20.6117   4.950989     1.9145     0.0325    89.2845 9.4410e-02       0.00    20.5680    35.7061    25.1488    167.385    20.5707    35.7087    25.1500 0.0000e+00
    217.000    20.5205   4.941239    20.5227   4.941426     1.9116     0.0321    89.2956 8.9454e-02       0.00    20.4794    35.7060    25.1725    167.419    20.4816    35.7057    25.1717 0.0000e+00
    218.000    20.4045   4.927756    20.4045   4.928631     1.9106     0.0281    89.3027 8.5874e-02       0.00    20.3634    35.6937    25.1943    167.884    20.3634    35.7008    25.1997 0.0000e+00
    219.000    20.3552   4.923407    20.3572   4.923329     1.9099     0.0261    89.3066 8.1661e-02       0.00    20.3140    35.6995    25.2119    167.522    20.3160    35.6972    25.2096 0.0000e+00
    220.000    20.3407   4.921731    20.3423   4.921739     1.9068     0.0281    89.3111 7.8036e-02       0.00    20.2994    35.6977    25.2145    167.620    20.3009    35.6965    25.2131 0.0000e+00
    221.000    20.3067   4.918061    20.3082   4.917983     1.9087     0.0276    89.3104 7.3955e-02       0.00    20.2652    35.6962    25.2224    168.459    20.2667    35.6942    25.2205 0.0000e+00
    222.000    20.2817   4.915467    20.2842   4.915413     1.9091     0.0255    89.3194 6.8581e-02       0.00    20.2400    35.6957    25.2288    168.360    20.2425    35.6932    25.2262 0.0000e+00
    223.000    20.2602   4.913077    20.2617   4.913112     1.9081     0.0231    89.3221 6.5140e-02       0.00    20.2184    35.6940    25.2332    167.899    20.2199    35.6931    25.2321 0.0000e+00
    224.000    20.2247   4.909161    20.2266   4.909340     1.9059     0.0225    89.3208 6.0716e-02       0.00    20.1828    35.6917    25.2409    167.665    20.1847    35.6915    25.2403 0.0000e+00
    225.000    20.1929   4.905821    20.1947   4.905941     1.9038     0.0227    89.3253 5.8403e-02       0.00    20.1508    35.6909    25.2489    167.547    20.1526    35.6904    25.2480 0.0000e+00
    226.000    20.1707   4.903572    20.1725   4.903546     1.9024     0.0219    89.3320 5.6472e-02       0.00    20.1285    35.6909    25.2548    167.530    20.1302    35.6892    25.2531 0.0000e+00
    227.000    20.1599   4.902336    20.1617   4.902408     1.9013     0.0226    89.3105 5.0474e-02       0.00    20.1175    35.6896    25.2567    167.424    20.1193    35.6887    25.2555 0.0000e+00
    228.000    20.1415   4.900382    20.1431   4.900421     1.9000     0.0221    89.3308 4.8760e-02       0.00    20.0989    35.6888    25.2611    167.571    20.1005    35.6878    25.2598 0.0000e+00
    229.000    20.1176   4.897888    20.1196   4.897935     1.8994     0.0197    89.3347 4.5780e-02       0.00    20.0749    35.6883    25.2670    167.543    20.0769    35.6870    25.2655 0.0000e+00
    230.000    20.1075   4.896859    20.1093   4.896790     1.8974     0.0177    89.3339 4.3476e-02       0.00    20.0646    35.6880    25.2696    167.079    20.0664    35.6860    25.2675 0.0000e+00
    231.000    20.0996   4.896020    20.1016   4.896028     1.8949     0.0202    89.3347 4.1190e-02       0.00    20.0565    35.6875    25.2713    167.126    20.0585    35.6859    25.2695 0.0000e+00
    232.000    20.0681   4.892342    20.0692   4.892550     1.8947     0.0206    89.3399 3.8384e-02       0.00    20.0249    35.6837    25.2768    167.366    20.0260    35.6844    25.2770 0.0000e+00
    233.000    20.0297   4.888194    20.0312   4.888333     1.8943     0.0200    89.3381 3.6000e-02       0.00    19.9863    35.6819    25.2856    167.624    19.9878    35.6817    25.2851 0.0000e+00
    234.000    20.0015   4.885090    20.0032   4.885189     1.8953     0.0213    89.3406 3.4571e-02       0.00    19.9580    35.6799    25.2916    167.991    19.9598    35.6792    25.2906 0.0000e+00
    235.000    19.9666   4.881077    19.9681   4.881307     1.8950     0.0201    89.3452 3.1974e-02       0.00    19.9230    35.6761    25.2979    167.480    19.9245    35.6768    25.2981 0.0000e+00
    236.000    19.9129   4.875200    19.9144   4.875373     1.8933     0.0205    89.3475 2.9259e-02       0.00    19.8692    35.6731    25.3098    167.341    19.8707    35.6732    25.3095 0.0000e+00
    237.000    19.8964   4.873469    19.8982   4.873558     1.8907     0.0207    89.3499 2.6904e-02       0.00    19.8525    35.6725    25.3138    167.279    19.8543    35.6717    25.3127 0.0000e+00
    238.000    19.8388   4.866901    19.8399   4.867231     1.8910     0.0174    89.3520 2.4576e-02       0.00    19.7948    35.6670    25.3248    167.805    19.7959    35.6687    25.3258 0.0000e+00
    239.000    19.7762   4.860026    19.7786   4.860107     1.8903     0.0187    89.3587 2.1007e-02       0.00    19.7322    35.6631    25.3383    168.045    19.7346    35.6617    25.3366 0.0000e+00
    240.000    19.7607   4.858300    19.7625   4.858319     1.8915     0.0204    89.3566 2.0063e-02       0.00    19.7165    35.6617    25.3413    168.572    19.7182    35.6604    25.3398 0.0000e+00
    241.000    19.7515   4.857357    19.7532   4.857328     1.8934     0.0193    89.3583 1.9449e-02       0.00    19.7071    35.6614    25.3435    168.779    19.7089    35.6597    25.3417 0.0000e+00
    242.000    19.7412   4.856260    19.7429   4.856249     1.8937     0.0175    89.3608 1.8296e-02       0.00    19.6966    35.6608    25.3458    168.539    19.6984    35.6592    25.3441 0.0000e+00
    243.000    19.7241   4.854185    19.7256   4.854361     1.8936     0.0164    89.3627 1.6365e-02       0.00    19.6794    35.6578    25.3480    168.235    19.6809    35.6580    25.3478 0.0000e+00
    244.000    19.6877   4.850221    19.6896   4.850297     1.8906     0.0168    89.3627 1.3620e-02       0.00    19.6429    35.6557    25.3560    167.161    19.6447    35.6547    25.3548 0.0000e+00
    245.000    19.6658   4.847511    19.6661   4.847613     1.8858     0.0178    89.3686 1.0984e-02       0.00    19.6209    35.6515    25.3586    166.416    19.6211    35.6521    25.3590 0.0000e+00
