Data/ruptures/TONGA/STATION 8/TONGA_CTD_024.cnv
* Sea-Bird SBE 9 Data File:
* FileName = C:\CTD\raw\TONGA_CTD_024.hdr
* Software Version Seasave V 7.21b
* Temperature SN = 0970
* Conductivity SN = 0606
* Number of Bytes Per Scan = 44
* Number of Voltage Words = 5
* Number of Scans Averaged by the Deck Unit = 1
* NMEA Latitude = 20 23.37 S
* NMEA Longitude = 166 25.81 W
* NMEA UTC (Time) = Nov 18 2019 17:32:16
# nquan = 18
# nvalues = 1962                        
# units = specified
# name 0 = prDM: Pressure, Digiquartz [db]
# name 1 = t090C: Temperature [ITS-90, deg C]
# name 2 = c0S/m: Conductivity [S/m]
# name 3 = t190C: Temperature, 2 [ITS-90, deg C]
# name 4 = c1S/m: Conductivity, 2 [S/m]
# name 5 = sbeox0V: Oxygen raw, SBE 43 [V]
# name 6 = flC: Fluorescence, Chelsea Aqua 3 Chl Con [ug/l]
# name 7 = xmiss: Beam Transmission, Chelsea/Seatech [%]
# name 8 = par: PAR/Irradiance, Biospherical/Licor
# name 9 = altM: Altimeter [m]
# name 10 = potemp090C: Potential Temperature [ITS-90, deg C]
# name 11 = sal00: Salinity, Practical [PSU]
# name 12 = sigma-é00: Density [sigma-theta, kg/m^3]
# name 13 = sbox0Mm/Kg: Oxygen, SBE 43 [umol/kg]
# name 14 = potemp190C: Potential Temperature, 2 [ITS-90, deg C]
# name 15 = sal11: Salinity, Practical, 2 [PSU]
# name 16 = sigma-é11: Density, 2 [sigma-theta, kg/m^3]
# name 17 = flag:
# span 0 =      5.000,   1966.000       
# span 1 =     2.1872,    25.4595       
# span 2 =   3.149519,   5.410274       
# span 3 =     2.1880,    25.4598       
# span 4 =   3.149500,   5.410095       
# span 5 =     1.0984,     2.2847       
# span 6 =     0.0063,     0.1280       
# span 7 =    88.7571,    89.8374       
# span 8 = 1.5398e-05, 1.7396e+02       
# span 9 =       0.00,       0.00       
# span 10 =     2.0509,    25.4579      
# span 11 =    34.3373,    35.7688      
# span 12 =    23.5031,    27.6726      
# span 13 =    133.853,    196.851      
# span 14 =     2.0518,    25.4587      
# span 15 =    34.3387,    35.7707      
# span 16 =    23.5020,    27.6716      
# span 17 = 0.0000e+00, 0.0000e+00      
# interval = decibars: 1                
# start_time = Nov 18 2019 17:32:17 [NMEA time, first data scan]
# bad_flag = -9.990e-29
*END*
[from data line 724]
    729.000     5.7698   3.390274     5.7696   3.390197     1.5287     0.0086    89.6796 3.2664e-05       0.00     5.7064    34.3449    27.0717    177.828     5.7062    34.3443    27.0712 0.0000e+00
    730.000     5.7537   3.388959     5.7534   3.388912     1.5267     0.0075    89.6830 5.4878e-05       0.00     5.6903    34.3459    27.0745    177.318     5.6900    34.3457    27.0743 0.0000e+00
    731.000     5.7471   3.388495     5.7468   3.388378     1.5246     0.0078    89.6864 5.7132e-05       0.00     5.6836    34.3469    27.0761    177.192     5.6833    34.3459    27.0753 0.0000e+00
    732.000     5.7401   3.387893     5.7399   3.387843     1.5229     0.0088    89.6798 4.1763e-05       0.00     5.6766    34.3467    27.0768    176.641     5.6764    34.3463    27.0765 0.0000e+00
    733.000     5.7214   3.386401     5.7212   3.386314     1.5196     0.0091    89.6843 1.0337e-04       0.00     5.6579    34.3483    27.0804    175.576     5.6577    34.3475    27.0797 0.0000e+00
    734.000     5.7048   3.385044     5.7046   3.384980     1.5156     0.0092    89.6837 1.8904e-05       0.00     5.6413    34.3492    27.0831    175.112     5.6411    34.3488    27.0828 0.0000e+00
    735.000     5.6972   3.384513     5.6968   3.384400     1.5127     0.0084    89.6834 1.8539e-05       0.00     5.6336    34.3505    27.0851    174.532     5.6333    34.3495    27.0843 0.0000e+00
    736.000     5.6949   3.384372     5.6946   3.384281     1.5106     0.0094    89.6885 3.8117e-05       0.00     5.6313    34.3507    27.0855    174.665     5.6310    34.3500    27.0850 0.0000e+00
    737.000     5.6900   3.384029     5.6898   3.383937     1.5095     0.0094    89.6793 7.2936e-05       0.00     5.6263    34.3513    27.0866    174.669     5.6261    34.3505    27.0860 0.0000e+00
    738.000     5.6879   3.383897     5.6877   3.383794     1.5076     0.0085    89.6771 3.4812e-05       0.00     5.6241    34.3515    27.0870    174.407     5.6239    34.3505    27.0863 0.0000e+00
    739.000     5.6855   3.383739     5.6853   3.383621     1.5063     0.0087    89.6791 5.4017e-05       0.00     5.6216    34.3516    27.0874    174.526     5.6214    34.3505    27.0865 0.0000e+00
    740.000     5.6831   3.383569     5.6828   3.383457     1.5040     0.0088    89.6812 4.8926e-05       0.00     5.6191    34.3517    27.0877    174.298     5.6189    34.3506    27.0870 0.0000e+00
    741.000     5.6790   3.383283     5.6788   3.383186     1.5022     0.0094    89.6859 6.6209e-05       0.00     5.6150    34.3521    27.0886    174.179     5.6148    34.3511    27.0879 0.0000e+00
    742.000     5.6761   3.383070     5.6757   3.382978     1.5010     0.0104    89.6829 7.8341e-05       0.00     5.6120    34.3521    27.0889    173.685     5.6116    34.3514    27.0885 0.0000e+00
    743.000     5.6710   3.382700     5.6707   3.382612     1.4994     0.0098    89.6861 5.2109e-05       0.00     5.6069    34.3526    27.0899    173.490     5.6065    34.3520    27.0895 0.0000e+00
    744.000     5.6670   3.382407     5.6667   3.382307     1.4982     0.0107    89.6911 3.7927e-05       0.00     5.6028    34.3529    27.0907    173.255     5.6025    34.3521    27.0901 0.0000e+00
    745.000     5.6568   3.381599     5.6565   3.381515     1.4961     0.0107    89.6839 6.2309e-05       0.00     5.5925    34.3536    27.0925    172.666     5.5923    34.3529    27.0920 0.0000e+00
    746.000     5.6414   3.380310     5.6412   3.380268     1.4929     0.0107    89.6927 2.9342e-04       0.00     5.5771    34.3542    27.0948    172.018     5.5769    34.3539    27.0946 0.0000e+00
    747.000     5.6267   3.379104     5.6264   3.379066     1.4905     0.0099    89.6823 2.0624e-04       0.00     5.5624    34.3548    27.0972    171.726     5.5621    34.3547    27.0971 0.0000e+00
    748.000     5.6149   3.378176     5.6146   3.378090     1.4884     0.0108    89.6834 4.5548e-05       0.00     5.5506    34.3559    27.0994    171.360     5.5503    34.3552    27.0989 0.0000e+00
    749.000     5.6095   3.377794     5.6093   3.377681     1.4864     0.0098    89.6873 7.9528e-04       0.00     5.5452    34.3565    27.1006    171.361     5.5449    34.3554    27.0998 0.0000e+00
    750.000     5.6073   3.377651     5.6072   3.377547     1.4847     0.0101    89.6885 1.9254e-04       0.00     5.5429    34.3566    27.1010    171.281     5.5427    34.3556    27.1002 0.0000e+00
    751.000     5.6017   3.377225     5.6014   3.377143     1.4831     0.0089    89.6893 3.4505e-05       0.00     5.5372    34.3570    27.1020    171.192     5.5369    34.3564    27.1015 0.0000e+00
    752.000     5.5984   3.377051     5.5981   3.376935     1.4817     0.0076    89.6871 4.8691e-05       0.00     5.5338    34.3579    27.1031    170.928     5.5336    34.3568    27.1023 0.0000e+00
    753.000     5.5952   3.376817     5.5950   3.376708     1.4801     0.0069    89.6843 3.8013e-05       0.00     5.5306    34.3580    27.1036    170.489     5.5303    34.3570    27.1028 0.0000e+00
    754.000     5.5874   3.376169     5.5872   3.376103     1.4777     0.0082    89.6857 5.6085e-05       0.00     5.5227    34.3581    27.1045    169.846     5.5225    34.3576    27.1042 0.0000e+00
    755.000     5.5764   3.375341     5.5762   3.375271     1.4752     0.0081    89.6896 5.3130e-04       0.00     5.5117    34.3594    27.1069    169.343     5.5115    34.3588    27.1065 0.0000e+00
    756.000     5.5645   3.374427     5.5642   3.374365     1.4727     0.0076    89.6885 1.0922e-04       0.00     5.4997    34.3606    27.1094    168.754     5.4995    34.3602    27.1090 0.0000e+00
    757.000     5.5592   3.374077     5.5591   3.373970     1.4704     0.0102    89.6883 5.1928e-05       0.00     5.4944    34.3615    27.1107    168.718     5.4943    34.3604    27.1098 0.0000e+00
    758.000     5.5541   3.373644     5.5539   3.373564     1.4685     0.0102    89.6923 5.1139e-05       0.00     5.4892    34.3613    27.1111    168.620     5.4890    34.3606    27.1106 0.0000e+00
    759.000     5.5468   3.373056     5.5465   3.372969     1.4668     0.0088    89.6871 4.4636e-05       0.00     5.4819    34.3615    27.1122    168.671     5.4816    34.3608    27.1117 0.0000e+00
    760.000     5.5420   3.372677     5.5417   3.372577     1.4655     0.0116    89.6934 5.1228e-05       0.00     5.4771    34.3616    27.1129    168.549     5.4768    34.3608    27.1122 0.0000e+00
    761.000     5.5395   3.372522     5.5394   3.372413     1.4641     0.0117    89.6913 6.7224e-05       0.00     5.4744    34.3619    27.1134    168.350     5.4743    34.3608    27.1125 0.0000e+00
    762.000     5.5346   3.372121     5.5344   3.372050     1.4629     0.0124    89.6904 4.3216e-05       0.00     5.4695    34.3618    27.1140    168.524     5.4693    34.3613    27.1136 0.0000e+00
    763.000     5.5264   3.371561     5.5264   3.371461     1.4615     0.0115    89.6904 4.8577e-05       0.00     5.4612    34.3634    27.1162    168.085     5.4612    34.3622    27.1152 0.0000e+00
    764.000     5.5204   3.371120     5.5197   3.370963     1.4585     0.0117    89.6897 8.1166e-05       0.00     5.4552    34.3639    27.1173    167.191     5.4545    34.3629    27.1166 0.0000e+00
    765.000     5.5104   3.370299     5.5102   3.370251     1.4557     0.0110    89.6884 1.5540e-04       0.00     5.4452    34.3642    27.1188    166.549     5.4450    34.3639    27.1186 0.0000e+00
    766.000     5.4958   3.369053     5.4955   3.369060     1.4540     0.0102    89.6965 3.0466e-05       0.00     5.4306    34.3645    27.1208    166.340     5.4303    34.3648    27.1210 0.0000e+00
    767.000     5.4844   3.368197     5.4840   3.368118     1.4525     0.0110    89.6953 3.0607e-05       0.00     5.4191    34.3659    27.1232    166.258     5.4187    34.3654    27.1229 0.0000e+00
    768.000     5.4798   3.367893     5.4794   3.367781     1.4513     0.0108    89.6983 4.2745e-05       0.00     5.4144    34.3666    27.1244    166.324     5.4140    34.3657    27.1237 0.0000e+00
    769.000     5.4785   3.367844     5.4781   3.367726     1.4503     0.0099    89.6969 4.8830e-05       0.00     5.4131    34.3669    27.1248    166.254     5.4127    34.3659    27.1240 0.0000e+00
    770.000     5.4783   3.367884     5.4781   3.367759     1.4491     0.0096    89.6938 5.1478e-05       0.00     5.4128    34.3670    27.1249    166.102     5.4126    34.3658    27.1239 0.0000e+00
    771.000     5.4784   3.367926     5.4782   3.367795     1.4476     0.0094    89.6973 5.4896e-05       0.00     5.4128    34.3669    27.1248    166.110     5.4126    34.3656    27.1238 0.0000e+00
    772.000     5.4780   3.367941     5.4780   3.367825     1.4459     0.0088    89.6971 4.4002e-05       0.00     5.4123    34.3670    27.1249    166.157     5.4123    34.3657    27.1239 0.0000e+00
    773.000     5.4771   3.367906     5.4769   3.367799     1.4445     0.0090    89.6985 1.9977e-04       0.00     5.4114    34.3670    27.1250    165.691     5.4112    34.3660    27.1242 0.0000e+00
    774.000     5.4730   3.367597     5.4729   3.367526     1.4431     0.0093    89.6967 5.2222e-05       0.00     5.4072    34.3672    27.1257    165.591     5.4071    34.3665    27.1251 0.0000e+00
    775.000     5.4647   3.366908     5.4644   3.366845     1.4423     0.0097    89.7035 2.6022e-05       0.00     5.3988    34.3673    27.1268    165.451     5.3985    34.3669    27.1265 0.0000e+00
    776.000     5.4554   3.366134     5.4551   3.366096     1.4412     0.0099    89.6987 4.5002e-05       0.00     5.3895    34.3675    27.1280    165.105     5.3892    34.3673    27.1280 0.0000e+00
    777.000     5.4456   3.365375     5.4454   3.365308     1.4400     0.0085    89.6993 3.6977e-05       0.00     5.3797    34.3683    27.1298    164.898     5.3794    34.3678    27.1295 0.0000e+00
    778.000     5.4282   3.363984     5.4281   3.363912     1.4382     0.0081    89.6974 7.8981e-05       0.00     5.3623    34.3697    27.1331    164.463     5.3622    34.3690    27.1325 0.0000e+00
    779.000     5.4230   3.363590     5.4228   3.363491     1.4359     0.0105    89.6971 4.1525e-05       0.00     5.3570    34.3700    27.1339    164.124     5.3568    34.3691    27.1333 0.0000e+00
    780.000     5.4170   3.363115     5.4168   3.363043     1.4347     0.0098    89.7012 5.7184e-05       0.00     5.3510    34.3702    27.1348    164.011     5.3507    34.3697    27.1344 0.0000e+00
    781.000     5.4123   3.362759     5.4121   3.362680     1.4334     0.0099    89.6990 4.3554e-05       0.00     5.3462    34.3704    27.1356    163.774     5.3459    34.3699    27.1351 0.0000e+00
    782.000     5.4080   3.362423     5.4076   3.362340     1.4322     0.0098    89.7015 4.3563e-05       0.00     5.3418    34.3705    27.1362    163.786     5.3414    34.3700    27.1357 0.0000e+00
    783.000     5.4030   3.362057     5.4024   3.361925     1.4312     0.0094    89.6966 4.8777e-05       0.00     5.3367    34.3710    27.1371    163.874     5.3362    34.3701    27.1365 0.0000e+00
    784.000     5.3990   3.361763     5.3987   3.361646     1.4297     0.0084    89.6959 4.9009e-05       0.00     5.3327    34.3712    27.1378    163.713     5.3324    34.3702    27.1370 0.0000e+00
    785.000     5.3968   3.361631     5.3967   3.361522     1.4285     0.0091    89.6995 2.1732e-04       0.00     5.3304    34.3715    27.1383    163.687     5.3303    34.3704    27.1374 0.0000e+00
    786.000     5.3960   3.361614     5.3959   3.361503     1.4272     0.0094    89.7037 1.4645e-04       0.00     5.3295    34.3716    27.1384    163.632     5.3294    34.3704    27.1376 0.0000e+00
    787.000     5.3942   3.361508     5.3946   3.361437     1.4266     0.0100    89.7013 3.9122e-04       0.00     5.3276    34.3717    27.1388    163.589     5.3280    34.3705    27.1378 0.0000e+00
    788.000     5.3915   3.361312     5.3918   3.361266     1.4256     0.0104    89.7008 1.4465e-03       0.00     5.3249    34.3717    27.1391    163.533     5.3252    34.3709    27.1384 0.0000e+00
    789.000     5.3858   3.360890     5.3856   3.360783     1.4247     0.0110    89.6988 4.5983e-04       0.00     5.3191    34.3723    27.1402    163.224     5.3189    34.3712    27.1394 0.0000e+00
    790.000     5.3849   3.360866     5.3846   3.360748     1.4242     0.0113    89.7057 2.9702e-04       0.00     5.3181    34.3724    27.1404    163.259     5.3178    34.3714    27.1397 0.0000e+00
    791.000     5.3839   3.360801     5.3837   3.360707     1.4236     0.0104    89.6884 6.5261e-04       0.00     5.3170    34.3722    27.1404    163.225     5.3168    34.3714    27.1398 0.0000e+00
    792.000     5.3806   3.360579     5.3804   3.360486     1.4233     0.0096    89.7045 2.6824e-03       0.00     5.3137    34.3725    27.1411    163.175     5.3135    34.3717    27.1404 0.0000e+00
    793.000     5.3781   3.360409     5.3780   3.360310     1.4225     0.0089    89.6974 9.2249e-04       0.00     5.3111    34.3726    27.1415    163.020     5.3110    34.3716    27.1407 0.0000e+00
    794.000     5.3756   3.360224     5.3753   3.360123     1.4219     0.0088    89.6999 6.9538e-04       0.00     5.3085    34.3726    27.1417    162.970     5.3082    34.3717    27.1411 0.0000e+00
    795.000     5.3700   3.359788     5.3698   3.359692     1.4210     0.0084    89.7015 4.5734e-04       0.00     5.3029    34.3728    27.1426    162.791     5.3027    34.3719    27.1419 0.0000e+00
    796.000     5.3601   3.358952     5.3598   3.358908     1.4199     0.0086    89.7013 5.2080e-04       0.00     5.2929    34.3729    27.1439    162.517     5.2926    34.3727    27.1437 0.0000e+00
    797.000     5.3452   3.357799     5.3450   3.357703     1.4186     0.0093    89.7053 1.1299e-03       0.00     5.2780    34.3745    27.1468    162.106     5.2779    34.3735    27.1461 0.0000e+00
    798.000     5.3391   3.357325     5.3388   3.357220     1.4167     0.0099    89.7038 1.3911e-03       0.00     5.2719    34.3748    27.1478    161.638     5.2716    34.3738    27.1471 0.0000e+00
    799.000     5.3336   3.356894     5.3334   3.356812     1.4151     0.0094    89.7033 2.3013e-03       0.00     5.2663    34.3750    27.1486    161.409     5.2661    34.3743    27.1481 0.0000e+00
    800.000     5.3242   3.356125     5.3240   3.356088     1.4136     0.0098    89.6968 2.0200e-03       0.00     5.2569    34.3753    27.1500    160.915     5.2567    34.3750    27.1498 0.0000e+00
    801.000     5.3158   3.355495     5.3156   3.355405     1.4121     0.0105    89.7024 1.2524e-03       0.00     5.2484    34.3762    27.1517    160.848     5.2482    34.3754    27.1511 0.0000e+00
    802.000     5.3093   3.354966     5.3090   3.354898     1.4110     0.0100    89.7042 1.4035e-03       0.00     5.2419    34.3763    27.1526    161.012     5.2416    34.3758    27.1522 0.0000e+00
    803.000     5.3035   3.354536     5.3034   3.354454     1.4101     0.0089    89.7058 2.1335e-03       0.00     5.2361    34.3768    27.1536    160.971     5.2359    34.3760    27.1530 0.0000e+00
    804.000     5.3012   3.354406     5.3011   3.354305     1.4090     0.0087    89.7088 5.8740e-04       0.00     5.2337    34.3771    27.1542    160.764     5.2335    34.3761    27.1534 0.0000e+00
    805.000     5.3008   3.354421     5.3006   3.354315     1.4079     0.0096    89.7022 7.7235e-05       0.00     5.2332    34.3772    27.1543    160.837     5.2330    34.3762    27.1535 0.0000e+00
    806.000     5.2977   3.354193     5.2974   3.354087     1.4073     0.0117    89.7064 3.9896e-05       0.00     5.2300    34.3773    27.1548    160.890     5.2297    34.3764    27.1540 0.0000e+00
    807.000     5.2940   3.353924     5.2937   3.353815     1.4064     0.0112    89.7062 1.4736e-04       0.00     5.2263    34.3775    27.1554    160.821     5.2260    34.3766    27.1546 0.0000e+00
    808.000     5.2906   3.353693     5.2904   3.353563     1.4055     0.0097    89.7059 1.0300e-03       0.00     5.2228    34.3778    27.1560    160.726     5.2226    34.3766    27.1551 0.0000e+00
