Data/ruptures/TONGA/STATION 8/TONGA_CTD_025.cnv
* Sea-Bird SBE 9 Data File:
* FileName = C:\CTD\raw\TONGA_CTD_025.hdr
* Software Version Seasave V 7.21b
* Temperature SN = 0970
* Conductivity SN = 0606
* Number of Bytes Per Scan = 44
* Number of Voltage Words = 5
* Number of Scans Averaged by the Deck Unit = 1
* NMEA Latitude = 20 23.06 S
* NMEA Longitude = 166 25.72 W
* NMEA UTC (Time) = Nov 19 2019 20:05:49
# nquan = 18
# nvalues = 397                         
# units = specified
# name 0 = prDM: Pressure, Digiquartz [db]
# name 1 = t090C: Temperature [ITS-90, deg C]
# name 2 = c0S/m: Conductivity [S/m]
# name 3 = t190C: Temperature, 2 [ITS-90, deg C]
# name 4 = c1S/m: Conductivity, 2 [S/m]
# name 5 = sbeox0V: Oxygen raw, SBE 43 [V]
# name 6 = flC: Fluorescence, Chelsea Aqua 3 Chl Con [ug/l]
# name 7 = xmiss: Beam Transmission, Chelsea/Seatech [%]
# name 8 = par: PAR/Irradiance, Biospherical/Licor
# name 9 = altM: Altimeter [m]
# name 10 = potemp090C: Potential Temperature [ITS-90, deg C]
# name 11 = sal00: Salinity, Practical [PSU]
# name 12 = sigma-é00: Density [sigma-theta, kg/m^3]
# name 13 = sbox0Mm/Kg: Oxygen, SBE 43 [umol/kg]
# name 14 = potemp190C: Potential Temperature, 2 [ITS-90, deg C]
# name 15 = sal11: Salinity, Practical, 2 [PSU]
# name 16 = sigma-é11: Density, 2 [sigma-theta, kg/m^3]
# name 17 = flag:
# span 0 =      5.000,    401.000       
# span 1 =    12.6671,    25.5708       
# span 2 =   4.065086,   5.424018       
# span 3 =    12.6614,    25.5703       
# span 4 =   4.064404,   5.423770       
# span 5 =     1.7456,     2.2862       
# span 6 =     0.0076,     0.1349       
# span 7 =    88.5114,    89.4916       
# span 8 = 3.9810e-05, 1.8303e+02       
# span 9 =       0.00,       0.00       
# span 10 =    12.6125,    25.5653      
# span 11 =    34.8375,    35.7735      
# span 12 =    23.4711,    26.3440      
# span 13 =    164.655,    195.623      
# span 14 =    12.6069,    25.5648      
# span 15 =    34.8362,    35.7719      
# span 16 =    23.4703,    26.3441      
# span 17 = 0.0000e+00, 0.0000e+00      
# interval = decibars: 1                
# start_time = Jan 01 2000 20:05:49 [NMEA time, first data scan]
# bad_flag = -9.990e-29
*END*
[from data line 322]
    327.000    16.5435   4.495991    16.5440   4.496400     1.8561     0.0133    89.4345 5.9028e-05       0.00    16.4902    35.3279    25.8864    175.230    16.4907    35.3312    25.8887 0.0000e+00
    328.000    16.4612   4.486859    16.4621   4.487344     1.8540     0.0128    89.4372 6.6857e-05       0.00    16.4079    35.3198    25.8993    175.649    16.4089    35.3232    25.9017 0.0000e+00
    329.000    16.3719   4.476395    16.3739   4.476903     1.8529     0.0102    89.4372 6.6372e-05       0.00    16.3187    35.3058    25.9093    175.894    16.3207    35.3085    25.9110 0.0000e+00
    330.000    16.3106   4.469282    16.3115   4.469609     1.8513     0.0121    89.4315 5.7847e-05       0.00    16.2574    35.2967    25.9165    176.091    16.2583    35.2988    25.9180 0.0000e+00
    331.000    16.2646   4.463907    16.2649   4.464174     1.8520     0.0135    89.4387 6.1850e-05       0.00    16.2113    35.2894    25.9216    177.347    16.2116    35.2915    25.9232 0.0000e+00
    332.000    16.2010   4.456374    16.2016   4.456820     1.8543     0.0122    89.4390 6.2354e-05       0.00    16.1477    35.2785    25.9280    177.879    16.1483    35.2820    25.9304 0.0000e+00
    333.000    16.2404   4.461811    16.2052   4.457347     1.8540     0.0104    89.4401 6.3406e-05       0.00    16.1868    35.2915    25.9289    176.721    16.1517    35.2830    25.9305 0.0000e+00
    334.000    16.1553   4.451032    16.1624   4.452698     1.8517     0.0099    89.4413 6.2052e-05       0.00    16.1018    35.2708    25.9325    176.751    16.1089    35.2793    25.9375 0.0000e+00
    335.000    16.0710   4.442394    16.0736   4.442487     1.8508     0.0104    89.4463 5.6471e-05       0.00    16.0175    35.2683    25.9501    176.736    16.0201    35.2669    25.9483 0.0000e+00
    336.000    16.0647   4.441608    16.0665   4.441625     1.8489     0.0124    89.4439 6.0644e-05       0.00    16.0111    35.2666    25.9502    176.457    16.0129    35.2651    25.9486 0.0000e+00
    337.000    16.0319   4.437488    16.0339   4.437869     1.8484     0.0128    89.4420 7.3455e-05       0.00    15.9782    35.2586    25.9516    176.615    15.9802    35.2602    25.9523 0.0000e+00
    338.000    15.9712   4.430521    15.9726   4.430983     1.8467     0.0117    89.4439 8.0972e-05       0.00    15.9174    35.2500    25.9588    176.305    15.9188    35.2529    25.9608 0.0000e+00
    339.000    15.9212   4.425258    15.9223   4.425393     1.8446     0.0111    89.4419 8.7475e-05       0.00    15.8674    35.2471    25.9680    176.555    15.8685    35.2473    25.9680 0.0000e+00
    340.000    15.8718   4.419590    15.8734   4.419829     1.8450     0.0135    89.4459 7.8310e-05       0.00    15.8180    35.2399    25.9738    177.701    15.8196    35.2406    25.9740 0.0000e+00
    341.000    15.8094   4.412345    15.8113   4.412897     1.8459     0.0146    89.4455 3.9810e-05       0.00    15.7555    35.2302    25.9806    177.763    15.7575    35.2335    25.9826 0.0000e+00
    342.000    15.7708   4.408463    15.7728   4.408590     1.8461     0.0139    89.4389 9.2530e-05       0.00    15.7168    35.2295    25.9888    177.814    15.7189    35.2288    25.9878 0.0000e+00
    343.000    15.7561   4.406842    15.7579   4.406918     1.8459     0.0127    89.4478 7.8612e-05       0.00    15.7020    35.2277    25.9907    177.597    15.7039    35.2267    25.9896 0.0000e+00
    344.000    15.7414   4.405226    15.7425   4.405225     1.8451     0.0105    89.4436 7.3660e-05       0.00    15.6872    35.2259    25.9927    177.662    15.6883    35.2248    25.9916 0.0000e+00
    345.000    15.6937   4.399627    15.6935   4.399875     1.8450     0.0101    89.4503 6.5571e-05       0.00    15.6395    35.2177    25.9972    177.953    15.6393    35.2201    25.9991 0.0000e+00
    346.000    15.6248   4.392155    15.6254   4.392206     1.8449     0.0092    89.4466 7.2790e-05       0.00    15.5706    35.2117    26.0081    178.330    15.5712    35.2116    26.0079 0.0000e+00
    347.000    15.6067   4.390158    15.6065   4.390111     1.8456     0.0105    89.4493 6.5338e-05       0.00    15.5524    35.2094    26.0104    178.345    15.5522    35.2093    26.0104 0.0000e+00
    348.000    15.5769   4.386795    15.5785   4.386918     1.8438     0.0105    89.4471 6.9411e-05       0.00    15.5225    35.2055    26.0141    177.990    15.5241    35.2051    26.0135 0.0000e+00
    349.000    15.5510   4.383813    15.5527   4.384021     1.8437     0.0088    89.4544 5.4976e-05       0.00    15.4965    35.2013    26.0168    178.408    15.4982    35.2016    26.0166 0.0000e+00
    350.000    15.5192   4.380374    15.5208   4.380476     1.8435     0.0114    89.4517 5.6017e-05       0.00    15.4646    35.1983    26.0216    178.289    15.4662    35.1978    26.0209 0.0000e+00
    351.000    15.4993   4.377956    15.5005   4.378154     1.8427     0.0100    89.4519 6.2390e-05       0.00    15.4446    35.1939    26.0227    178.300    15.4458    35.1947    26.0230 0.0000e+00
    352.000    15.4507   4.372541    15.4513   4.372563     1.8425     0.0102    89.4562 5.8837e-05       0.00    15.3960    35.1881    26.0292    178.645    15.3966    35.1878    26.0288 0.0000e+00
    353.000    15.4259   4.369738    15.4270   4.369885     1.8422     0.0111    89.4534 6.6599e-05       0.00    15.3711    35.1846    26.0320    178.449    15.3722    35.1850    26.0320 0.0000e+00
    354.000    15.3972   4.366611    15.3991   4.366666     1.8408     0.0097    89.4512 6.9986e-05       0.00    15.3423    35.1817    26.0362    178.221    15.3442    35.1804    26.0348 0.0000e+00
    355.000    15.3873   4.365492    15.3889   4.365552     1.8395     0.0099    89.4527 7.6179e-05       0.00    15.3323    35.1800    26.0371    177.863    15.3338    35.1792    26.0362 0.0000e+00
    356.000    15.3598   4.362196    15.3641   4.362769     1.8367     0.0099    89.4619 6.2712e-05       0.00    15.3047    35.1745    26.0390    177.290    15.3090    35.1757    26.0391 0.0000e+00
    357.000    15.2869   4.353391    15.2891   4.354205     1.8342     0.0101    89.4590 5.4856e-05       0.00    15.2318    35.1596    26.0438    177.622    15.2340    35.1650    26.0475 0.0000e+00
    358.000    15.1974   4.343818    15.1997   4.344067     1.8330     0.0124    89.4562 5.6549e-05       0.00    15.1424    35.1526    26.0583    178.023    15.1447    35.1528    26.0579 0.0000e+00
    359.000    15.1417   4.337427    15.1433   4.337780     1.8319     0.0143    89.4587 6.9917e-05       0.00    15.0866    35.1442    26.0641    178.277    15.0883    35.1459    26.0650 0.0000e+00
    360.000    15.0949   4.332367    15.0954   4.332357     1.8310     0.0115    89.4627 6.4217e-05       0.00    15.0398    35.1398    26.0710    178.164    15.0403    35.1393    26.0705 0.0000e+00
    361.000    15.0655   4.329024    15.0668   4.329315     1.8292     0.0101    89.4597 5.7726e-05       0.00    15.0103    35.1354    26.0741    177.814    15.0116    35.1368    26.0749 0.0000e+00
    362.000    15.0084   4.322418    15.0092   4.322685     1.8262     0.0118    89.4604 6.0568e-05       0.00    14.9532    35.1261    26.0795    177.625    14.9540    35.1279    26.0807 0.0000e+00
    363.000    14.9167   4.311906    14.9191   4.312582     1.8245     0.0139    89.4659 5.8047e-05       0.00    14.8616    35.1123    26.0889    178.040    14.8640    35.1163    26.0915 0.0000e+00
    364.000    14.8370   4.303107    14.8381   4.303441     1.8237     0.0119    89.4611 6.1293e-05       0.00    14.7820    35.1032    26.0993    178.417    14.7830    35.1053    26.1007 0.0000e+00
    365.000    14.7926   4.298367    14.7944   4.298537     1.8230     0.0111    89.4674 6.0682e-05       0.00    14.7375    35.0994    26.1060    178.585    14.7393    35.0994    26.1057 0.0000e+00
    366.000    14.7660   4.295410    14.7673   4.295432     1.8228     0.0112    89.4648 5.7946e-05       0.00    14.7109    35.0959    26.1091    178.468    14.7121    35.0950    26.1082 0.0000e+00
    367.000    14.7477   4.293346    14.7486   4.293367     1.8201     0.0094    89.4664 6.9897e-05       0.00    14.6925    35.0931    26.1109    176.865    14.6934    35.0924    26.1103 0.0000e+00
    368.000    14.6559   4.282622    14.6528   4.283193     1.8113     0.0093    89.4622 6.8374e-05       0.00    14.6007    35.0771    26.1185    175.516    14.5976    35.0851    26.1253 0.0000e+00
    369.000    14.4229   4.256258    14.4256   4.256918     1.8033     0.0113    89.4689 5.7904e-05       0.00    14.3682    35.0445    26.1434    175.878    14.3709    35.0482    26.1456 0.0000e+00
    370.000    14.3068   4.242403    14.3055   4.243143     1.8004     0.0104    89.4726 6.3931e-05       0.00    14.2523    35.0211    26.1501    176.557    14.2509    35.0292    26.1566 0.0000e+00
    371.000    14.2395   4.235806    14.2410   4.235770     1.7979     0.0087    89.4699 6.1927e-05       0.00    14.1849    35.0207    26.1640    176.261    14.1865    35.0190    26.1624 0.0000e+00
    372.000    14.2336   4.235150    14.2353   4.235126     1.7957     0.0086    89.4604 5.1933e-05       0.00    14.1789    35.0196    26.1644    176.089    14.1806    35.0178    26.1627 0.0000e+00
    373.000    14.2044   4.230936    14.2044   4.231674     1.7938     0.0103    89.4667 7.6437e-05       0.00    14.1497    35.0065    26.1605    176.135    14.1496    35.0134    26.1659 0.0000e+00
    374.000    14.1175   4.221963    14.1186   4.222144     1.7920     0.0117    89.4695 6.8290e-05       0.00    14.0628    35.0017    26.1752    176.459    14.0639    35.0024    26.1755 0.0000e+00
    375.000    14.0525   4.214944    14.0524   4.215082     1.7897     0.0123    89.4695 6.5426e-05       0.00    13.9978    34.9951    26.1838    176.315    13.9977    34.9964    26.1848 0.0000e+00
    376.000    13.9984   4.208782    13.9989   4.208973     1.7858     0.0096    89.4753 5.3555e-05       0.00    13.9437    34.9865    26.1885    175.781    13.9443    34.9877    26.1893 0.0000e+00
    377.000    13.9078   4.198930    13.9097   4.199132     1.7817     0.0084    89.4716 4.7271e-05       0.00    13.8532    34.9766    26.1998    175.175    13.8551    34.9767    26.1995 0.0000e+00
    378.000    13.8656   4.193871    13.8672   4.194206     1.7780     0.0086    89.4710 6.1185e-05       0.00    13.8110    34.9673    26.2015    175.121    13.8126    34.9690    26.2024 0.0000e+00
    379.000    13.7816   4.184235    13.7822   4.184823     1.7758     0.0090    89.4755 5.3506e-05       0.00    13.7270    34.9533    26.2081    175.680    13.7277    34.9582    26.2118 0.0000e+00
    380.000    13.6318   4.168075    13.6335   4.168607     1.7748     0.0094    89.4760 5.0985e-05       0.00    13.5775    34.9380    26.2272    176.484    13.5792    34.9415    26.2296 0.0000e+00
    381.000    13.5750   4.162515    13.5765   4.162639     1.7743     0.0119    89.4751 5.2249e-05       0.00    13.5208    34.9372    26.2383    176.850    13.5223    34.9370    26.2378 0.0000e+00
    382.000    13.5438   4.159318    13.5448   4.159227     1.7736     0.0122    89.4751 5.6007e-05       0.00    13.4895    34.9352    26.2432    176.723    13.4905    34.9334    26.2416 0.0000e+00
    383.000    13.5306   4.157853    13.5322   4.157835     1.7725     0.0084    89.4735 6.6576e-05       0.00    13.4762    34.9331    26.2443    176.572    13.4778    34.9315    26.2427 0.0000e+00
    384.000    13.5112   4.155706    13.5129   4.155799     1.7713     0.0085    89.4772 7.5715e-05       0.00    13.4566    34.9302    26.2461    176.387    13.4584    34.9295    26.2452 0.0000e+00
    385.000    13.4818   4.152355    13.4835   4.152607     1.7701     0.0093    89.4751 5.3875e-05       0.00    13.4272    34.9251    26.2481    176.259    13.4289    34.9259    26.2485 0.0000e+00
    386.000    13.4511   4.149152    13.4530   4.149380     1.7691     0.0089    89.4770 7.4831e-05       0.00    13.3965    34.9226    26.2525    176.530    13.3983    34.9230    26.2525 0.0000e+00
    387.000    13.3973   4.143111    13.3972   4.143389     1.7690     0.0087    89.4773 5.1938e-05       0.00    13.3426    34.9145    26.2572    176.818    13.3426    34.9171    26.2593 0.0000e+00
    388.000    13.3643   4.140118    13.3649   4.139976     1.7679     0.0080    89.4752 5.8339e-05       0.00    13.3096    34.9160    26.2652    176.358    13.3102    34.9141    26.2636 0.0000e+00
    389.000    13.3411   4.137382    13.3421   4.137557     1.7656     0.0076    89.4799 5.5611e-05       0.00    13.2863    34.9109    26.2660    176.468    13.2873    34.9117    26.2664 0.0000e+00
    390.000    13.2273   4.124935    13.2293   4.125497     1.7645     0.0093    89.4762 7.1374e-05       0.00    13.1727    34.8970    26.2783    176.607    13.1747    34.9005    26.2806 0.0000e+00
    391.000    13.1632   4.118278    13.1638   4.118266     1.7628     0.0101    89.4861 5.0179e-05       0.00    13.1086    34.8923    26.2876    176.336    13.1092    34.8917    26.2870 0.0000e+00
    392.000    13.1364   4.115206    13.1372   4.115309     1.7594     0.0104    89.4805 7.3932e-05       0.00    13.0818    34.8874    26.2892    175.494    13.0826    34.8876    26.2892 0.0000e+00
    393.000    13.0912   4.109820    13.0915   4.110293     1.7569     0.0097    89.4809 6.2203e-05       0.00    13.0366    34.8773    26.2905    175.670    13.0369    34.8816    26.2937 0.0000e+00
    394.000    12.9416   4.093468    12.9404   4.093997     1.7554     0.0086    89.4843 7.4872e-05       0.00    12.8873    34.8588    26.3061    176.416    12.8861    34.8649    26.3110 0.0000e+00
    395.000    12.9015   4.089885    12.9015   4.089750     1.7545     0.0090    89.4744 6.3099e-05       0.00    12.8471    34.8611    26.3159    176.668    12.8471    34.8599    26.3149 0.0000e+00
    396.000    12.9023   4.090368    12.8940   4.089095     1.7527     0.0094    89.4879 5.9953e-05       0.00    12.8478    34.8645    26.3184    176.441    12.8395    34.8601    26.3166 0.0000e+00
    397.000    12.8721   4.086892    12.8869   4.088670     1.7515     0.0091    89.4871 5.1344e-05       0.00    12.8175    34.8588    26.3200    176.522    12.8323    34.8621    26.3196 0.0000e+00
    398.000    12.8625   4.085745    12.8555   4.085428     1.7496     0.0076    89.4840 6.3521e-05       0.00    12.8078    34.8563    26.3200    175.941    12.8008    34.8596    26.3239 0.0000e+00
    399.000    12.7606   4.074914    12.7411   4.073406     1.7461     0.0102    89.4871 6.3422e-05       0.00    12.7061    34.8462    26.3323    176.374    12.6866    34.8498    26.3389 0.0000e+00
    400.000    12.6796   4.066426    12.6813   4.066543     1.7484     0.0093    89.4875 5.9535e-05       0.00    12.6252    34.8392    26.3428    178.217    12.6268    34.8387    26.3422 0.0000e+00
    401.000    12.6671   4.065086    12.6614   4.064404     1.7456     0.0085    89.4916 6.1547e-05       0.00    12.6125    34.8375    26.3440    176.912    12.6069    34.8362    26.3441 0.0000e+00
