Data/ruptures/TONGA/STATION 8/TONGA_CTD_023.cnv
* Sea-Bird SBE 9 Data File:
* FileName = C:\CTD\raw\TONGA_CTD_023.hdr
* Software Version Seasave V 7.21b
* Temperature SN = 0970
* Conductivity SN = 0606
* Number of Bytes Per Scan = 44
* Number of Voltage Words = 5
* Number of Scans Averaged by the Deck Unit = 1
* NMEA Latitude = 20 29.92 S
* NMEA Longitude = 171 59.82 W
* NMEA UTC (Time) = Nov 16 2019 23:34:29
# nquan = 18
# nvalues = 1976                        
# units = specified
# name 0 = prDM: Pressure, Digiquartz [db]
# name 1 = t090C: Temperature [ITS-90, deg C]
# name 2 = c0S/m: Conductivity [S/m]
# name 3 = t190C: Temperature, 2 [ITS-90, deg C]
# name 4 = c1S/m: Conductivity, 2 [S/m]
# name 5 = sbeox0V: Oxygen raw, SBE 43 [V]
# name 6 = flC: Fluorescence, Chelsea Aqua 3 Chl Con [ug/l]
# name 7 = xmiss: Beam Transmission, Chelsea/Seatech [%]
# name 8 = par: PAR/Irradiance, Biospherical/Licor
# name 9 = altM: Altimeter [m]
# name 10 = potemp090C: Potential Temperature [ITS-90, deg C]
# name 11 = sal00: Salinity, Practical [PSU]
# name 12 = sigma-é00: Density [sigma-theta, kg/m^3]
# name 13 = sbox0Mm/Kg: Oxygen, SBE 43 [umol/kg]
# name 14 = potemp190C: Potential Temperature, 2 [ITS-90, deg C]
# name 15 = sal11: Salinity, Practical, 2 [PSU]
# name 16 = sigma-é11: Density, 2 [sigma-theta, kg/m^3]
# name 17 = flag:
# span 0 =      4.000,   1979.000       
# span 1 =     2.3359,    26.0409       
# span 2 =   3.162015,   5.459770       
# span 3 =     2.3361,    26.0412       
# span 4 =   3.162010,   5.460025       
# span 5 =     1.0983,     2.3119       
# span 6 =     0.0055,     0.1395       
# span 7 =    88.0418,    89.7859       
# span 8 = 1.3189e-05, 1.6362e+03       
# span 9 =       0.00,       0.00       
# span 10 =     2.1962,    26.0396      
# span 11 =    34.3249,    35.7584      
# span 12 =    23.2593,    27.6517      
# span 13 =    133.580,    206.887      
# span 14 =     2.1964,    26.0399      
# span 15 =    34.3271,    35.7574      
# span 16 =    23.2604,    27.6512      
# span 17 = 0.0000e+00, 0.0000e+00      
# interval = decibars: 1                
# start_time = Jan 01 2000 23:34:29 [NMEA time, first data scan]
# bad_flag = -9.990e-29
*END*
[from data line 1850]
   1854.000     2.4233   3.164055     2.4235   3.164026     1.1100     0.0103    89.7798 1.0628e-02       0.00     2.2930    34.6120    27.6371    134.034     2.2932    34.6115    27.6367 0.0000e+00
   1855.000     2.4215   3.163968     2.4220   3.163956     1.1097     0.0114    89.7739 1.0136e-02       0.00     2.2912    34.6124    27.6376    134.356     2.2917    34.6118    27.6370 0.0000e+00
   1856.000     2.4200   3.163868     2.4203   3.163854     1.1098     0.0127    89.7776 1.0975e-02       0.00     2.2896    34.6123    27.6376    134.006     2.2899    34.6119    27.6372 0.0000e+00
   1857.000     2.4173   3.163699     2.4176   3.163687     1.1095     0.0116    89.7799 1.0462e-02       0.00     2.2869    34.6126    27.6381    134.125     2.2872    34.6121    27.6377 0.0000e+00
   1858.000     2.4171   3.163715     2.4174   3.163706     1.1094     0.0122    89.7790 9.1046e-03       0.00     2.2865    34.6126    27.6381    133.744     2.2868    34.6122    27.6377 0.0000e+00
   1859.000     2.4168   3.163756     2.4171   3.163742     1.1090     0.0137    89.7787 1.0190e-02       0.00     2.2861    34.6129    27.6384    133.973     2.2865    34.6123    27.6379 0.0000e+00
   1860.000     2.4167   3.163769     2.4169   3.163761     1.1090     0.0144    89.7790 9.9051e-03       0.00     2.2860    34.6127    27.6382    134.076     2.2862    34.6123    27.6379 0.0000e+00
   1861.000     2.4165   3.163808     2.4168   3.163795     1.1090     0.0136    89.7763 1.1014e-02       0.00     2.2857    34.6129    27.6384    134.258     2.2860    34.6123    27.6379 0.0000e+00
   1862.000     2.4159   3.163799     2.4161   3.163790     1.1089     0.0139    89.7817 1.0228e-02       0.00     2.2850    34.6129    27.6385    134.059     2.2853    34.6125    27.6381 0.0000e+00
   1863.000     2.4158   3.163835     2.4162   3.163826     1.1089     0.0142    89.7810 8.8986e-03       0.00     2.2848    34.6130    27.6386    134.141     2.2853    34.6124    27.6380 0.0000e+00
   1864.000     2.4151   3.163820     2.4156   3.163825     1.1088     0.0130    89.7798 9.2209e-03       0.00     2.2841    34.6130    27.6386    133.793     2.2846    34.6125    27.6382 0.0000e+00
   1865.000     2.4143   3.163799     2.4148   3.163787     1.1083     0.0123    89.7752 1.0896e-02       0.00     2.2832    34.6131    27.6388    133.749     2.2837    34.6124    27.6382 0.0000e+00
   1866.000     2.4139   3.163807     2.4144   3.163799     1.1084     0.0119    89.7792 1.0130e-02       0.00     2.2827    34.6131    27.6388    134.090     2.2832    34.6125    27.6383 0.0000e+00
   1867.000     2.4137   3.163829     2.4141   3.163818     1.1083     0.0122    89.7755 9.5316e-03       0.00     2.2824    34.6131    27.6389    133.955     2.2828    34.6126    27.6384 0.0000e+00
   1868.000     2.4138   3.163881     2.4141   3.163860     1.1079     0.0120    89.7801 1.0869e-02       0.00     2.2824    34.6132    27.6389    134.094     2.2828    34.6125    27.6384 0.0000e+00
   1869.000     2.4135   3.163897     2.4138   3.163883     1.1081     0.0119    89.7794 1.1553e-02       0.00     2.2821    34.6132    27.6390    134.099     2.2824    34.6127    27.6385 0.0000e+00
   1870.000     2.4131   3.163902     2.4133   3.163886     1.1080     0.0120    89.7822 1.0688e-02       0.00     2.2816    34.6132    27.6390    133.843     2.2818    34.6127    27.6386 0.0000e+00
   1871.000     2.4125   3.163896     2.4128   3.163883     1.1078     0.0118    89.7779 1.0210e-02       0.00     2.2809    34.6133    27.6391    133.904     2.2812    34.6128    27.6387 0.0000e+00
   1872.000     2.4117   3.163881     2.4121   3.163862     1.1077     0.0129    89.7815 1.0375e-02       0.00     2.2801    34.6134    27.6393    134.091     2.2805    34.6127    27.6387 0.0000e+00
   1873.000     2.4111   3.163877     2.4117   3.163868     1.1077     0.0119    89.7740 8.1202e-03       0.00     2.2794    34.6135    27.6394    134.361     2.2799    34.6128    27.6388 0.0000e+00
   1874.000     2.4104   3.163854     2.4109   3.163842     1.1078     0.0118    89.7786 1.0743e-02       0.00     2.2786    34.6135    27.6395    134.064     2.2791    34.6128    27.6389 0.0000e+00
   1875.000     2.4102   3.163876     2.4105   3.163861     1.1076     0.0126    89.7776 1.2176e-02       0.00     2.2783    34.6135    27.6395    134.182     2.2786    34.6130    27.6390 0.0000e+00
   1876.000     2.4100   3.163905     2.4104   3.163893     1.1077     0.0134    89.7649 1.1443e-02       0.00     2.2780    34.6135    27.6396    134.214     2.2784    34.6130    27.6391 0.0000e+00
   1877.000     2.4094   3.163904     2.4098   3.163896     1.1076     0.0141    89.7805 9.7619e-03       0.00     2.2774    34.6136    27.6397    134.240     2.2777    34.6132    27.6393 0.0000e+00
   1878.000     2.4089   3.163901     2.4093   3.163898     1.1076     0.0138    89.7750 1.0770e-02       0.00     2.2768    34.6136    27.6398    134.143     2.2772    34.6132    27.6394 0.0000e+00
   1879.000     2.4086   3.163905     2.4088   3.163900     1.1076     0.0132    89.7768 1.0607e-02       0.00     2.2764    34.6136    27.6397    133.900     2.2766    34.6132    27.6394 0.0000e+00
   1880.000     2.4070   3.163824     2.4075   3.163821     1.1072     0.0133    89.7746 9.6000e-03       0.00     2.2747    34.6138    27.6400    134.123     2.2752    34.6132    27.6395 0.0000e+00
   1881.000     2.4058   3.163766     2.4061   3.163760     1.1075     0.0125    89.7781 9.6659e-03       0.00     2.2735    34.6139    27.6402    134.284     2.2738    34.6134    27.6398 0.0000e+00
   1882.000     2.4051   3.163752     2.4054   3.163740     1.1073     0.0132    89.7781 8.3253e-03       0.00     2.2727    34.6140    27.6403    134.211     2.2730    34.6134    27.6399 0.0000e+00
   1883.000     2.4042   3.163720     2.4046   3.163712     1.1073     0.0155    89.7797 9.5848e-03       0.00     2.2717    34.6140    27.6405    133.780     2.2721    34.6135    27.6400 0.0000e+00
   1884.000     2.4025   3.163623     2.4030   3.163627     1.1068     0.0127    89.7793 8.7208e-03       0.00     2.2700    34.6141    27.6407    133.781     2.2704    34.6137    27.6403 0.0000e+00
   1885.000     2.4017   3.163604     2.4022   3.163593     1.1067     0.0121    89.7760 6.7591e-03       0.00     2.2691    34.6143    27.6409    133.995     2.2696    34.6136    27.6403 0.0000e+00
   1886.000     2.4005   3.163551     2.4009   3.163537     1.1066     0.0111    89.7791 5.5032e-03       0.00     2.2678    34.6144    27.6411    134.125     2.2682    34.6138    27.6406 0.0000e+00
   1887.000     2.3998   3.163535     2.4001   3.163528     1.1066     0.0102    89.7837 8.0969e-03       0.00     2.2670    34.6145    27.6412    134.173     2.2673    34.6141    27.6409 0.0000e+00
   1888.000     2.3992   3.163523     2.3995   3.163509     1.1066     0.0103    89.7813 7.6942e-03       0.00     2.2664    34.6144    27.6412    134.090     2.2667    34.6140    27.6408 0.0000e+00
   1889.000     2.3988   3.163544     2.3992   3.163520     1.1065     0.0109    89.7791 8.4971e-03       0.00     2.2659    34.6147    27.6415    134.244     2.2663    34.6139    27.6409 0.0000e+00
   1890.000     2.3988   3.163576     2.3992   3.163563     1.1065     0.0112    89.7841 8.2698e-03       0.00     2.2658    34.6145    27.6414    134.194     2.2662    34.6139    27.6408 0.0000e+00
   1891.000     2.3989   3.163632     2.3993   3.163612     1.1065     0.0126    89.7793 9.1958e-03       0.00     2.2658    34.6146    27.6414    134.273     2.2662    34.6140    27.6409 0.0000e+00
   1892.000     2.3990   3.163685     2.3993   3.163667     1.1064     0.0133    89.7828 9.0295e-03       0.00     2.2659    34.6146    27.6414    133.825     2.2661    34.6141    27.6410 0.0000e+00
   1893.000     2.3988   3.163704     2.3992   3.163691     1.1059     0.0146    89.7780 8.0182e-03       0.00     2.2656    34.6146    27.6414    133.889     2.2659    34.6141    27.6410 0.0000e+00
   1894.000     2.3984   3.163710     2.3987   3.163705     1.1062     0.0138    89.7740 9.0273e-03       0.00     2.2651    34.6146    27.6415    134.168     2.2654    34.6142    27.6412 0.0000e+00
   1895.000     2.3972   3.163665     2.3977   3.163655     1.1058     0.0144    89.7797 7.0786e-03       0.00     2.2638    34.6149    27.6418    133.672     2.2643    34.6142    27.6412 0.0000e+00
   1896.000     2.3967   3.163651     2.3972   3.163636     1.1056     0.0137    89.7805 7.9087e-03       0.00     2.2632    34.6148    27.6418    133.983     2.2637    34.6141    27.6412 0.0000e+00
   1897.000     2.3966   3.163687     2.3970   3.163672     1.1056     0.0143    89.7790 7.4795e-03       0.00     2.2630    34.6148    27.6418    134.241     2.2634    34.6142    27.6413 0.0000e+00
   1898.000     2.3964   3.163716     2.3967   3.163703     1.1056     0.0120    89.7770 6.9488e-03       0.00     2.2627    34.6149    27.6419    134.033     2.2630    34.6144    27.6415 0.0000e+00
   1899.000     2.3962   3.163728     2.3964   3.163718     1.1054     0.0132    89.7763 6.9705e-03       0.00     2.2624    34.6148    27.6418    133.953     2.2627    34.6144    27.6415 0.0000e+00
   1900.000     2.3961   3.163775     2.3963   3.163756     1.1054     0.0143    89.7744 6.9863e-03       0.00     2.2623    34.6149    27.6419    134.199     2.2625    34.6145    27.6416 0.0000e+00
   1901.000     2.3957   3.163789     2.3962   3.163784     1.1054     0.0122    89.7757 7.9098e-03       0.00     2.2618    34.6150    27.6420    134.060     2.2623    34.6144    27.6416 0.0000e+00
   1902.000     2.3956   3.163809     2.3960   3.163795     1.1053     0.0109    89.7798 6.5120e-03       0.00     2.2616    34.6149    27.6420    134.112     2.2620    34.6143    27.6415 0.0000e+00
   1903.000     2.3950   3.163812     2.3955   3.163804     1.1052     0.0119    89.7762 6.9115e-03       0.00     2.2610    34.6150    27.6421    134.212     2.2615    34.6144    27.6416 0.0000e+00
   1904.000     2.3936   3.163731     2.3941   3.163717     1.1054     0.0113    89.7759 7.7166e-03       0.00     2.2595    34.6151    27.6423    134.366     2.2600    34.6144    27.6417 0.0000e+00
   1905.000     2.3924   3.163670     2.3929   3.163668     1.1054     0.0118    89.7794 6.0731e-03       0.00     2.2582    34.6151    27.6425    134.266     2.2587    34.6145    27.6419 0.0000e+00
   1906.000     2.3902   3.163531     2.3906   3.163534     1.1053     0.0118    89.7840 7.6022e-03       0.00     2.2560    34.6152    27.6427    134.200     2.2564    34.6149    27.6424 0.0000e+00
   1907.000     2.3885   3.163439     2.3888   3.163416     1.1053     0.0123    89.7779 5.3614e-03       0.00     2.2542    34.6155    27.6431    134.003     2.2545    34.6149    27.6426 0.0000e+00
   1908.000     2.3879   3.163448     2.3883   3.163433     1.1050     0.0124    89.7770 5.4845e-03       0.00     2.2536    34.6157    27.6433    133.580     2.2539    34.6151    27.6428 0.0000e+00
   1909.000     2.3875   3.163438     2.3878   3.163428     1.1046     0.0117    89.7763 7.2795e-03       0.00     2.2530    34.6156    27.6432    133.954     2.2533    34.6151    27.6428 0.0000e+00
   1910.000     2.3853   3.163297     2.3857   3.163302     1.1047     0.0111    89.7790 7.9289e-03       0.00     2.2508    34.6157    27.6435    134.104     2.2512    34.6153    27.6432 0.0000e+00
   1911.000     2.3831   3.163172     2.3837   3.163156     1.1045     0.0121    89.7778 7.8401e-03       0.00     2.2486    34.6159    27.6439    134.192     2.2491    34.6152    27.6433 0.0000e+00
   1912.000     2.3818   3.163103     2.3822   3.163100     1.1044     0.0085    89.7800 7.4848e-03       0.00     2.2472    34.6160    27.6441    133.925     2.2476    34.6156    27.6437 0.0000e+00
   1913.000     2.3808   3.163061     2.3811   3.163049     1.1042     0.0095    89.7800 8.5607e-03       0.00     2.2461    34.6161    27.6442    134.109     2.2464    34.6156    27.6438 0.0000e+00
   1914.000     2.3799   3.163027     2.3802   3.163030     1.1042     0.0117    89.7782 8.5089e-03       0.00     2.2452    34.6161    27.6443    134.092     2.2454    34.6158    27.6441 0.0000e+00
   1915.000     2.3788   3.162981     2.3790   3.162980     1.1041     0.0127    89.7790 7.7059e-03       0.00     2.2439    34.6163    27.6446    134.082     2.2442    34.6160    27.6443 0.0000e+00
   1916.000     2.3778   3.162955     2.3781   3.162941     1.1040     0.0124    89.7825 5.8609e-03       0.00     2.2429    34.6165    27.6448    134.070     2.2432    34.6160    27.6444 0.0000e+00
   1917.000     2.3776   3.162983     2.3780   3.162974     1.1039     0.0116    89.7739 5.6722e-03       0.00     2.2426    34.6166    27.6449    134.004     2.2430    34.6160    27.6444 0.0000e+00
   1918.000     2.3770   3.162967     2.3774   3.162954     1.1040     0.0116    89.7708 7.0478e-03       0.00     2.2419    34.6166    27.6450    134.007     2.2423    34.6159    27.6444 0.0000e+00
   1919.000     2.3762   3.162936     2.3767   3.162925     1.1036     0.0125    89.7782 6.8187e-03       0.00     2.2411    34.6165    27.6450    133.779     2.2415    34.6159    27.6444 0.0000e+00
   1920.000     2.3749   3.162892     2.3755   3.162886     1.1034     0.0109    89.7806 7.4467e-03       0.00     2.2397    34.6168    27.6453    133.906     2.2403    34.6162    27.6448 0.0000e+00
   1921.000     2.3740   3.162842     2.3744   3.162829     1.1032     0.0109    89.7826 7.0529e-03       0.00     2.2387    34.6167    27.6454    133.820     2.2391    34.6162    27.6449 0.0000e+00
   1922.000     2.3736   3.162857     2.3739   3.162844     1.1030     0.0111    89.7848 8.8137e-03       0.00     2.2383    34.6168    27.6454    134.028     2.2385    34.6164    27.6451 0.0000e+00
   1923.000     2.3729   3.162856     2.3732   3.162848     1.1030     0.0110    89.7807 6.8326e-03       0.00     2.2375    34.6170    27.6457    134.096     2.2378    34.6166    27.6453 0.0000e+00
   1924.000     2.3720   3.162824     2.3723   3.162815     1.1029     0.0109    89.7829 7.8053e-03       0.00     2.2365    34.6171    27.6458    134.099     2.2368    34.6168    27.6455 0.0000e+00
   1925.000     2.3714   3.162811     2.3717   3.162793     1.1030     0.0111    89.7830 9.3248e-03       0.00     2.2358    34.6171    27.6459    134.248     2.2361    34.6166    27.6455 0.0000e+00
   1926.000     2.3698   3.162708     2.3702   3.162717     1.1030     0.0111    89.7816 9.2055e-03       0.00     2.2342    34.6171    27.6460    134.260     2.2345    34.6168    27.6457 0.0000e+00
   1927.000     2.3675   3.162573     2.3680   3.162569     1.1030     0.0109    89.7806 1.0566e-02       0.00     2.2319    34.6174    27.6464    134.038     2.2323    34.6169    27.6460 0.0000e+00
   1928.000     2.3666   3.162543     2.3670   3.162534     1.1028     0.0119    89.7767 1.0057e-02       0.00     2.2308    34.6175    27.6466    134.117     2.2312    34.6170    27.6462 0.0000e+00
   1929.000     2.3657   3.162510     2.3660   3.162503     1.1026     0.0123    89.7831 9.6128e-03       0.00     2.2298    34.6176    27.6468    133.758     2.2302    34.6171    27.6464 0.0000e+00
   1930.000     2.3640   3.162416     2.3644   3.162413     1.1023     0.0122    89.7780 9.7077e-03       0.00     2.2281    34.6178    27.6471    133.825     2.2285    34.6173    27.6466 0.0000e+00
   1931.000     2.3628   3.162354     2.3630   3.162340     1.1022     0.0123    89.7813 8.5869e-03       0.00     2.2268    34.6178    27.6472    134.337     2.2270    34.6174    27.6469 0.0000e+00
   1932.000     2.3617   3.162315     2.3620   3.162310     1.1024     0.0117    89.7834 9.3409e-03       0.00     2.2257    34.6180    27.6474    134.108     2.2260    34.6175    27.6470 0.0000e+00
