Data/ruptures/TONGA/STATION 8/TONGA_CTD_024.cnv
* Sea-Bird SBE 9 Data File:
* FileName = C:\CTD\raw\TONGA_CTD_024.hdr
* Software Version Seasave V 7.21b
* Temperature SN = 0970
* Conductivity SN = 0606
* Number of Bytes Per Scan = 44
* Number of Voltage Words = 5
* Number of Scans Averaged by the Deck Unit = 1
* NMEA Latitude = 20 23.37 S
* NMEA Longitude = 166 25.81 W
* NMEA UTC (Time) = Nov 18 2019 17:32:16
# nquan = 18
# nvalues = 1962                        
# units = specified
# name 0 = prDM: Pressure, Digiquartz [db]
# name 1 = t090C: Temperature [ITS-90, deg C]
# name 2 = c0S/m: Conductivity [S/m]
# name 3 = t190C: Temperature, 2 [ITS-90, deg C]
# name 4 = c1S/m: Conductivity, 2 [S/m]
# name 5 = sbeox0V: Oxygen raw, SBE 43 [V]
# name 6 = flC: Fluorescence, Chelsea Aqua 3 Chl Con [ug/l]
# name 7 = xmiss: Beam Transmission, Chelsea/Seatech [%]
# name 8 = par: PAR/Irradiance, Biospherical/Licor
# name 9 = altM: Altimeter [m]
# name 10 = potemp090C: Potential Temperature [ITS-90, deg C]
# name 11 = sal00: Salinity, Practical [PSU]
# name 12 = sigma-é00: Density [sigma-theta, kg/m^3]
# name 13 = sbox0Mm/Kg: Oxygen, SBE 43 [umol/kg]
# name 14 = potemp190C: Potential Temperature, 2 [ITS-90, deg C]
# name 15 = sal11: Salinity, Practical, 2 [PSU]
# name 16 = sigma-é11: Density, 2 [sigma-theta, kg/m^3]
# name 17 = flag:
# span 0 =      5.000,   1966.000       
# span 1 =     2.1872,    25.4595       
# span 2 =   3.149519,   5.410274       
# span 3 =     2.1880,    25.4598       
# span 4 =   3.149500,   5.410095       
# span 5 =     1.0984,     2.2847       
# span 6 =     0.0063,     0.1280       
# span 7 =    88.7571,    89.8374       
# span 8 = 1.5398e-05, 1.7396e+02       
# span 9 =       0.00,       0.00       
# span 10 =     2.0509,    25.4579      
# span 11 =    34.3373,    35.7688      
# span 12 =    23.5031,    27.6726      
# span 13 =    133.853,    196.851      
# span 14 =     2.0518,    25.4587      
# span 15 =    34.3387,    35.7707      
# span 16 =    23.5020,    27.6716      
# span 17 = 0.0000e+00, 0.0000e+00      
# interval = decibars: 1                
# start_time = Nov 18 2019 17:32:17 [NMEA time, first data scan]
# bad_flag = -9.990e-29
*END*
[from data line 403]
    408.000    12.8829   4.088472    12.8843   4.088464     1.7450     0.0103    89.5294 5.5794e-05       0.00    12.8268    34.8593    26.3185    176.004    12.8281    34.8580    26.3172 0.0000e+00
    409.000    12.8729   4.087473    12.8746   4.087451     1.7449     0.0103    89.5282 6.0706e-05       0.00    12.8166    34.8586    26.3200    176.117    12.8183    34.8568    26.3183 0.0000e+00
    410.000    12.8678   4.086986    12.8696   4.086992     1.7448     0.0098    89.5292 7.1079e-05       0.00    12.8114    34.8582    26.3207    176.069    12.8132    34.8566    26.3191 0.0000e+00
    411.000    12.8566   4.085772    12.8582   4.085801     1.7446     0.0112    89.5306 6.5400e-05       0.00    12.8001    34.8565    26.3216    176.131    12.8017    34.8553    26.3204 0.0000e+00
    412.000    12.8255   4.082443    12.8262   4.082512     1.7441     0.0116    89.5306 6.1633e-05       0.00    12.7690    34.8530    26.3251    175.959    12.7697    34.8529    26.3249 0.0000e+00
    413.000    12.7961   4.079224    12.7990   4.079603     1.7434     0.0105    89.5339 6.0666e-05       0.00    12.7395    34.8488    26.3277    176.094    12.7424    34.8498    26.3279 0.0000e+00
    414.000    12.7501   4.074252    12.7525   4.074645     1.7432     0.0092    89.5327 6.9827e-05       0.00    12.6935    34.8433    26.3325    176.436    12.6959    34.8448    26.3333 0.0000e+00
    415.000    12.7096   4.070282    12.7090   4.070150     1.7431     0.0086    89.5358 6.1467e-05       0.00    12.6530    34.8422    26.3397    176.483    12.6524    34.8414    26.3392 0.0000e+00
    416.000    12.6997   4.069360    12.6999   4.069295     1.7423     0.0086    89.5327 5.5486e-05       0.00    12.6430    34.8421    26.3416    176.395    12.6432    34.8412    26.3409 0.0000e+00
    417.000    12.6916   4.068590    12.6927   4.068502     1.7421     0.0087    89.5322 6.8451e-05       0.00    12.6347    34.8417    26.3430    176.393    12.6359    34.8398    26.3412 0.0000e+00
    418.000    12.6797   4.067263    12.6823   4.067497     1.7412     0.0088    89.5318 5.3826e-05       0.00    12.6228    34.8396    26.3436    176.076    12.6254    34.8394    26.3430 0.0000e+00
    419.000    12.6652   4.065902    12.6675   4.066025     1.7406     0.0081    89.5394 4.6581e-05       0.00    12.6082    34.8395    26.3464    176.500    12.6104    34.8386    26.3453 0.0000e+00
    420.000    12.6558   4.064950    12.6563   4.064920     1.7411     0.0086    89.5366 4.8993e-05       0.00    12.5986    34.8386    26.3477    176.933    12.5992    34.8378    26.3469 0.0000e+00
    421.000    12.6267   4.061962    12.6292   4.062148     1.7413     0.0091    89.5384 5.5360e-05       0.00    12.5695    34.8364    26.3516    176.778    12.5720    34.8359    26.3508 0.0000e+00
    422.000    12.6072   4.059899    12.6108   4.060297     1.7408     0.0090    89.5339 5.4905e-05       0.00    12.5499    34.8342    26.3538    176.410    12.5535    34.8347    26.3535 0.0000e+00
    423.000    12.5446   4.053053    12.5407   4.053218     1.7396     0.0089    89.5349 6.5066e-05       0.00    12.4874    34.8258    26.3595    176.747    12.4835    34.8310    26.3644 0.0000e+00
    424.000    12.4200   4.039970    12.4173   4.040212     1.7395     0.0088    89.5352 6.7677e-05       0.00    12.3630    34.8147    26.3752    177.193    12.3603    34.8195    26.3795 0.0000e+00
    425.000    12.3663   4.034263    12.3674   4.034495     1.7385     0.0095    89.5342 4.3614e-05       0.00    12.3093    34.8090    26.3812    177.181    12.3104    34.8101    26.3819 0.0000e+00
    426.000    12.3310   4.030521    12.3323   4.030636     1.7381     0.0097    89.5390 3.8017e-05       0.00    12.2740    34.8051    26.3851    178.026    12.2753    34.8050    26.3847 0.0000e+00
    427.000    12.3108   4.028547    12.3123   4.028585     1.7398     0.0106    89.5415 2.7355e-05       0.00    12.2537    34.8043    26.3884    179.028    12.2552    34.8033    26.3873 0.0000e+00
    428.000    12.2574   4.022590    12.2570   4.022901     1.7411     0.0100    89.5390 4.3899e-05       0.00    12.2004    34.7958    26.3920    178.629    12.2000    34.7992    26.3947 0.0000e+00
    429.000    12.2452   4.021665    12.2355   4.020842     1.7399     0.0089    89.5395 5.3253e-05       0.00    12.1881    34.7977    26.3959    177.870    12.1784    34.7988    26.3986 0.0000e+00
    430.000    12.1162   4.007981    12.1204   4.009078     1.7375     0.0106    89.5343 6.4768e-05       0.00    12.0594    34.7844    26.4103    177.054    12.0635    34.7912    26.4147 0.0000e+00
    431.000    11.9774   3.992540    11.9811   3.993724     1.7329     0.0096    89.5417 5.0786e-05       0.00    11.9208    34.7630    26.4201    175.609    11.9245    34.7711    26.4257 0.0000e+00
    432.000    11.8943   3.983968    11.8986   3.984541     1.7278     0.0083    89.5362 3.8043e-05       0.00    11.8379    34.7564    26.4307    174.540    11.8422    34.7579    26.4311 0.0000e+00
    433.000    11.8506   3.979077    11.8473   3.978807     1.7228     0.0081    89.5418 6.1249e-05       0.00    11.7942    34.7489    26.4331    173.790    11.7909    34.7494    26.4341 0.0000e+00
    434.000    11.8185   3.975150    11.8215   3.975888     1.7182     0.0078    89.5381 6.5359e-05       0.00    11.7620    34.7401    26.4323    173.427    11.7651    34.7444    26.4352 0.0000e+00
    435.000    11.7699   3.970165    11.7711   3.970321     1.7141     0.0071    89.5403 6.1308e-05       0.00    11.7134    34.7363    26.4385    173.512    11.7147    34.7366    26.4386 0.0000e+00
    436.000    11.7449   3.967544    11.7470   3.967701     1.7105     0.0073    89.5382 5.2071e-05       0.00    11.6884    34.7334    26.4410    173.712    11.6905    34.7330    26.4403 0.0000e+00
    437.000    11.7238   3.965344    11.7246   3.965343     1.7070     0.0081    89.5401 5.7883e-05       0.00    11.6672    34.7312    26.4433    173.795    11.6680    34.7304    26.4425 0.0000e+00
    438.000    11.7111   3.964141    11.7122   3.964086     1.7031     0.0086    89.5400 5.9409e-05       0.00    11.6545    34.7308    26.4453    174.351    11.6555    34.7293    26.4440 0.0000e+00
    439.000    11.6959   3.962621    11.6956   3.962638     1.7027     0.0109    89.5401 5.4068e-05       0.00    11.6392    34.7297    26.4474    175.424    11.6389    34.7301    26.4478 0.0000e+00
    440.000    11.6173   3.954338    11.6130   3.954417     1.7032     0.0115    89.5434 5.4078e-05       0.00    11.5607    34.7214    26.4556    175.966    11.5564    34.7262    26.4601 0.0000e+00
    441.000    11.5313   3.945867    11.5312   3.945834     1.7033     0.0110    89.5397 5.5550e-05       0.00    11.4748    34.7182    26.4691    175.360    11.4747    34.7180    26.4689 0.0000e+00
    442.000    11.4909   3.941095    11.4896   3.941249     1.7005     0.0084    89.5380 7.1783e-05       0.00    11.4344    34.7087    26.4691    174.331    11.4331    34.7114    26.4715 0.0000e+00
    443.000    11.4431   3.936179    11.4441   3.936203     1.6977     0.0104    89.5400 5.3232e-05       0.00    11.3867    34.7045    26.4747    174.197    11.3877    34.7038    26.4740 0.0000e+00
    444.000    11.4223   3.933975    11.4247   3.934104     1.6953     0.0133    89.5443 5.7945e-05       0.00    11.3658    34.7019    26.4765    173.757    11.3682    34.7009    26.4753 0.0000e+00
    445.000    11.4131   3.933129    11.4143   3.933068     1.6923     0.0128    89.5432 4.9104e-05       0.00    11.3565    34.7017    26.4781    173.544    11.3577    34.7000    26.4765 0.0000e+00
    446.000    11.3812   3.929103    11.3803   3.929492     1.6905     0.0099    89.5410 4.9009e-05       0.00    11.3245    34.6915    26.4760    174.189    11.3237    34.6961    26.4798 0.0000e+00
    447.000    11.2830   3.919425    11.2840   3.919545     1.6897     0.0096    89.5389 6.7231e-05       0.00    11.2266    34.6875    26.4909    174.571    11.2275    34.6877    26.4910 0.0000e+00
    448.000    11.2690   3.918201    11.2695   3.918104     1.6885     0.0102    89.5418 6.5321e-05       0.00    11.2124    34.6881    26.4940    174.315    11.2130    34.6866    26.4927 0.0000e+00
    449.000    11.2414   3.915305    11.2407   3.915179     1.6873     0.0099    89.5420 7.7496e-05       0.00    11.1848    34.6848    26.4965    174.389    11.1841    34.6843    26.4962 0.0000e+00
    450.000    11.1956   3.910180    11.1953   3.910399     1.6867     0.0090    89.5448 6.3854e-05       0.00    11.1391    34.6767    26.4985    174.697    11.1388    34.6791    26.5004 0.0000e+00
    451.000    11.1474   3.905469    11.1502   3.905862     1.6860     0.0090    89.5432 4.9513e-05       0.00    11.0909    34.6748    26.5058    174.970    11.0937    34.6760    26.5063 0.0000e+00
    452.000    11.0916   3.899953    11.0925   3.899951     1.6858     0.0093    89.5453 5.3515e-05       0.00    11.0351    34.6721    26.5138    175.500    11.0360    34.6712    26.5130 0.0000e+00
    453.000    11.0734   3.898075    11.0688   3.897743     1.6860     0.0098    89.5422 4.4691e-05       0.00    11.0169    34.6701    26.5156    175.449    11.0123    34.6711    26.5172 0.0000e+00
    454.000    11.0317   3.893558    11.0295   3.893534     1.6843     0.0107    89.5475 5.6384e-05       0.00    10.9751    34.6640    26.5184    174.285    10.9730    34.6658    26.5202 0.0000e+00
    455.000    10.9643   3.886375    10.9638   3.886676     1.6807     0.0115    89.5468 4.8889e-05       0.00    10.9078    34.6556    26.5239    173.325    10.9073    34.6590    26.5267 0.0000e+00
    456.000    10.9013   3.879790    10.9015   3.879944     1.6773     0.0086    89.5496 3.9011e-05       0.00    10.8449    34.6489    26.5300    173.035    10.8452    34.6501    26.5309 0.0000e+00
    457.000    10.8597   3.875603    10.8601   3.875708     1.6746     0.0071    89.5494 4.9084e-05       0.00    10.8034    34.6458    26.5350    172.865    10.8038    34.6465    26.5355 0.0000e+00
    458.000    10.8267   3.872332    10.8277   3.872416     1.6721     0.0065    89.5418 6.1415e-05       0.00    10.7704    34.6438    26.5394    173.318    10.7714    34.6437    26.5391 0.0000e+00
    459.000    10.7955   3.868711    10.7958   3.869088     1.6713     0.0096    89.5373 4.2471e-05       0.00    10.7391    34.6366    26.5394    173.943    10.7394    34.6401    26.5420 0.0000e+00
    460.000    10.7188   3.860780    10.7190   3.861272     1.6706     0.0102    89.5464 6.7809e-05       0.00    10.6626    34.6293    26.5472    174.235    10.6627    34.6340    26.5509 0.0000e+00
    461.000    10.6581   3.855036    10.6593   3.855199     1.6698     0.0105    89.5468 4.9308e-05       0.00    10.6019    34.6286    26.5574    174.694    10.6031    34.6291    26.5576 0.0000e+00
    462.000    10.6150   3.850367    10.6148   3.850613     1.6701     0.0099    89.5474 5.3248e-05       0.00    10.5589    34.6221    26.5599    175.607    10.5587    34.6247    26.5620 0.0000e+00
    463.000    10.5171   3.840559    10.5089   3.840297     1.6711     0.0092    89.5499 6.3141e-05       0.00    10.4612    34.6157    26.5721    176.401    10.4530    34.6208    26.5776 0.0000e+00
    464.000    10.4748   3.836363    10.4690   3.835953     1.6727     0.0093    89.5520 6.4501e-05       0.00    10.4189    34.6131    26.5775    176.735    10.4131    34.6145    26.5796 0.0000e+00
    465.000    10.4289   3.831780    10.4276   3.831682     1.6740     0.0097    89.5464 6.3404e-05       0.00    10.3730    34.6099    26.5830    176.950    10.3717    34.6102    26.5834 0.0000e+00
    466.000    10.3967   3.828576    10.3967   3.828506     1.6739     0.0087    89.5532 6.4225e-05       0.00    10.3408    34.6078    26.5870    176.668    10.3408    34.6070    26.5864 0.0000e+00
    467.000    10.3795   3.826570    10.3798   3.826820     1.6740     0.0090    89.5547 5.7023e-05       0.00    10.3235    34.6034    26.5865    177.156    10.3238    34.6056    26.5882 0.0000e+00
    468.000    10.2801   3.816235    10.2790   3.816556     1.6745     0.0102    89.5575 5.1256e-05       0.00    10.2244    34.5928    26.5955    177.292    10.2233    34.5971    26.5990 0.0000e+00
    469.000    10.2374   3.812302    10.2383   3.812376     1.6738     0.0104    89.5533 5.4461e-05       0.00    10.1817    34.5932    26.6031    177.037    10.1826    34.5931    26.6029 0.0000e+00
    470.000    10.2150   3.810084    10.2152   3.810020     1.6732     0.0114    89.5546 5.4454e-05       0.00    10.1592    34.5916    26.6057    177.250    10.1594    34.5907    26.6050 0.0000e+00
    471.000    10.1585   3.803731    10.1586   3.804150     1.6733     0.0118    89.5554 4.8950e-05       0.00    10.1028    34.5804    26.6067    177.679    10.1029    34.5846    26.6099 0.0000e+00
    472.000    10.0608   3.793865    10.0613   3.794385     1.6730     0.0112    89.5550 5.8032e-05       0.00    10.0054    34.5727    26.6174    178.341    10.0058    34.5776    26.6211 0.0000e+00
    473.000     9.9868   3.786827     9.9873   3.786878     1.6737     0.0118    89.5538 5.5389e-05       0.00     9.9315    34.5712    26.6287    178.856     9.9320    34.5712    26.6287 0.0000e+00
    474.000     9.9569   3.783880     9.9571   3.783789     1.6738     0.0094    89.5552 4.6659e-05       0.00     9.9015    34.5693    26.6323    178.863     9.9018    34.5681    26.6314 0.0000e+00
    475.000     9.9455   3.782811     9.9466   3.782734     1.6740     0.0078    89.5541 6.0797e-05       0.00     9.8901    34.5687    26.6338    178.941     9.8912    34.5670    26.6323 0.0000e+00
    476.000     9.9293   3.781162     9.9294   3.781068     1.6741     0.0082    89.5552 5.6676e-05       0.00     9.8738    34.5669    26.6352    178.865     9.8739    34.5659    26.6344 0.0000e+00
    477.000     9.9164   3.779981     9.9160   3.779750     1.6729     0.0085    89.5546 6.2545e-05       0.00     9.8608    34.5668    26.6373    177.912     9.8604    34.5648    26.6358 0.0000e+00
    478.000     9.8899   3.776877     9.8875   3.776958     1.6703     0.0098    89.5576 5.3576e-05       0.00     9.8343    34.5599    26.6364    177.918     9.8320    34.5630    26.6392 0.0000e+00
    479.000     9.7487   3.762427     9.7461   3.762795     1.6701     0.0091    89.5589 5.2779e-05       0.00     9.6935    34.5466    26.6496    179.211     9.6909    34.5530    26.6550 0.0000e+00
    480.000     9.6648   3.754430     9.6637   3.754411     1.6701     0.0090    89.5570 5.6584e-05       0.00     9.6098    34.5445    26.6619    179.473     9.6087    34.5454    26.6628 0.0000e+00
    481.000     9.6410   3.752117     9.6411   3.752032     1.6696     0.0093    89.5640 3.4891e-05       0.00     9.5859    34.5431    26.6648    178.971     9.5861    34.5421    26.6640 0.0000e+00
    482.000     9.6234   3.750385     9.6240   3.750303     1.6681     0.0098    89.5636 5.8292e-05       0.00     9.5683    34.5417    26.6667    178.203     9.5689    34.5402    26.6654 0.0000e+00
    483.000     9.6072   3.748665     9.6077   3.748676     1.6660     0.0091    89.5598 4.3283e-05       0.00     9.5520    34.5392    26.6674    177.730     9.5525    34.5387    26.6669 0.0000e+00
    484.000     9.5743   3.745203     9.5746   3.745366     1.6644     0.0089    89.5562 4.0276e-05       0.00     9.5191    34.5346    26.6692    177.585     9.5194    34.5360    26.6703 0.0000e+00
    485.000     9.5154   3.738902     9.5153   3.739406     1.6624     0.0084    89.5651 4.8943e-05       0.00     9.4603    34.5258    26.6720    177.937     9.4602    34.5311    26.6762 0.0000e+00
    486.000     9.4269   3.729987     9.4268   3.730428     1.6616     0.0083    89.5595 5.6560e-05       0.00     9.3720    34.5184    26.6808    178.994     9.3719    34.5230    26.6844 0.0000e+00
