Data/ruptures/TONGA/STATION 8/TONGA_CTD_024.cnv
* Sea-Bird SBE 9 Data File:
* FileName = C:\CTD\raw\TONGA_CTD_024.hdr
* Software Version Seasave V 7.21b
* Temperature SN = 0970
* Conductivity SN = 0606
* Number of Bytes Per Scan = 44
* Number of Voltage Words = 5
* Number of Scans Averaged by the Deck Unit = 1
* NMEA Latitude = 20 23.37 S
* NMEA Longitude = 166 25.81 W
* NMEA UTC (Time) = Nov 18 2019 17:32:16
# nquan = 18
# nvalues = 1962                        
# units = specified
# name 0 = prDM: Pressure, Digiquartz [db]
# name 1 = t090C: Temperature [ITS-90, deg C]
# name 2 = c0S/m: Conductivity [S/m]
# name 3 = t190C: Temperature, 2 [ITS-90, deg C]
# name 4 = c1S/m: Conductivity, 2 [S/m]
# name 5 = sbeox0V: Oxygen raw, SBE 43 [V]
# name 6 = flC: Fluorescence, Chelsea Aqua 3 Chl Con [ug/l]
# name 7 = xmiss: Beam Transmission, Chelsea/Seatech [%]
# name 8 = par: PAR/Irradiance, Biospherical/Licor
# name 9 = altM: Altimeter [m]
# name 10 = potemp090C: Potential Temperature [ITS-90, deg C]
# name 11 = sal00: Salinity, Practical [PSU]
# name 12 = sigma-é00: Density [sigma-theta, kg/m^3]
# name 13 = sbox0Mm/Kg: Oxygen, SBE 43 [umol/kg]
# name 14 = potemp190C: Potential Temperature, 2 [ITS-90, deg C]
# name 15 = sal11: Salinity, Practical, 2 [PSU]
# name 16 = sigma-é11: Density, 2 [sigma-theta, kg/m^3]
# name 17 = flag:
# span 0 =      5.000,   1966.000       
# span 1 =     2.1872,    25.4595       
# span 2 =   3.149519,   5.410274       
# span 3 =     2.1880,    25.4598       
# span 4 =   3.149500,   5.410095       
# span 5 =     1.0984,     2.2847       
# span 6 =     0.0063,     0.1280       
# span 7 =    88.7571,    89.8374       
# span 8 = 1.5398e-05, 1.7396e+02       
# span 9 =       0.00,       0.00       
# span 10 =     2.0509,    25.4579      
# span 11 =    34.3373,    35.7688      
# span 12 =    23.5031,    27.6726      
# span 13 =    133.853,    196.851      
# span 14 =     2.0518,    25.4587      
# span 15 =    34.3387,    35.7707      
# span 16 =    23.5020,    27.6716      
# span 17 = 0.0000e+00, 0.0000e+00      
# interval = decibars: 1                
# start_time = Nov 18 2019 17:32:17 [NMEA time, first data scan]
# bad_flag = -9.990e-29
*END*
[from data line 644]
    649.000     6.3728   3.441140     6.3728   3.441091     1.6143     0.0087    89.6481 3.9453e-05       0.00     6.3138    34.3461    26.9956    188.382     6.3138    34.3455    26.9952 0.0000e+00
    650.000     6.3698   3.441109     6.3701   3.440961     1.6115     0.0080    89.6507 4.4156e-05       0.00     6.3107    34.3482    26.9977    186.795     6.3109    34.3464    26.9962 0.0000e+00
    651.000     6.3755   3.441874     6.3753   3.441759     1.6057     0.0075    89.6514 4.3844e-05       0.00     6.3162    34.3506    26.9989    185.394     6.3160    34.3495    26.9981 0.0000e+00
    652.000     6.3601   3.440350     6.3593   3.440300     1.6027     0.0077    89.6524 5.0607e-05       0.00     6.3008    34.3486    26.9993    186.486     6.3000    34.3488    26.9996 0.0000e+00
    653.000     6.3317   3.437722     6.3314   3.437673     1.6015     0.0080    89.6508 3.1053e-05       0.00     6.2725    34.3474    27.0020    186.608     6.2722    34.3471    27.0019 0.0000e+00
    654.000     6.3286   3.437603     6.3282   3.437474     1.6003     0.0074    89.6527 4.1327e-05       0.00     6.2693    34.3487    27.0035    186.201     6.2689    34.3477    27.0027 0.0000e+00
    655.000     6.3285   3.437746     6.3284   3.437604     1.5993     0.0073    89.6493 4.6134e-05       0.00     6.2691    34.3499    27.0044    186.061     6.2690    34.3484    27.0033 0.0000e+00
    656.000     6.3263   3.437516     6.3260   3.437427     1.5983     0.0079    89.6496 4.9007e-05       0.00     6.2668    34.3491    27.0041    186.058     6.2665    34.3484    27.0036 0.0000e+00
    657.000     6.3223   3.437190     6.3222   3.437099     1.5977     0.0082    89.6480 4.0278e-05       0.00     6.2627    34.3489    27.0045    186.155     6.2626    34.3480    27.0038 0.0000e+00
    658.000     6.3174   3.436794     6.3170   3.436668     1.5969     0.0085    89.6497 4.6555e-05       0.00     6.2577    34.3490    27.0052    186.040     6.2574    34.3480    27.0044 0.0000e+00
    659.000     6.3077   3.435906     6.3076   3.435834     1.5956     0.0101    89.6524 4.0724e-05       0.00     6.2480    34.3483    27.0059    185.584     6.2479    34.3477    27.0054 0.0000e+00
    660.000     6.2956   3.434925     6.2956   3.434828     1.5936     0.0119    89.6509 5.0933e-05       0.00     6.2359    34.3491    27.0081    184.806     6.2359    34.3480    27.0073 0.0000e+00
    661.000     6.2937   3.434875     6.2935   3.434745     1.5911     0.0107    89.6480 4.7018e-05       0.00     6.2338    34.3500    27.0091    184.375     6.2337    34.3487    27.0081 0.0000e+00
    662.000     6.2829   3.433754     6.2825   3.433850     1.5894     0.0092    89.6530 5.1331e-05       0.00     6.2230    34.3478    27.0088    184.673     6.2226    34.3493    27.0100 0.0000e+00
    663.000     6.2567   3.431336     6.2559   3.431300     1.5884     0.0098    89.6565 4.6643e-05       0.00     6.1969    34.3467    27.0113    185.423     6.1961    34.3471    27.0117 0.0000e+00
    664.000     6.2405   3.429849     6.2398   3.429762     1.5884     0.0090    89.6537 5.0917e-05       0.00     6.1807    34.3459    27.0127    186.029     6.1800    34.3456    27.0126 0.0000e+00
    665.000     6.2284   3.428740     6.2282   3.428634     1.5887     0.0095    89.6566 3.4776e-05       0.00     6.1686    34.3452    27.0137    186.362     6.1683    34.3442    27.0130 0.0000e+00
    666.000     6.2172   3.427639     6.2172   3.427588     1.5891     0.0083    89.6539 6.2267e-05       0.00     6.1573    34.3437    27.0139    186.466     6.1573    34.3432    27.0135 0.0000e+00
    667.000     6.2090   3.426898     6.2086   3.426794     1.5895     0.0077    89.6581 3.5720e-05       0.00     6.1491    34.3432    27.0146    186.782     6.1487    34.3424    27.0141 0.0000e+00
    668.000     6.1983   3.425870     6.1978   3.425830     1.5899     0.0094    89.6582 3.9148e-05       0.00     6.1383    34.3420    27.0151    187.113     6.1378    34.3420    27.0151 0.0000e+00
    669.000     6.1861   3.424740     6.1853   3.424661     1.5908     0.0093    89.6587 3.7378e-05       0.00     6.1261    34.3412    27.0160    187.938     6.1253    34.3411    27.0161 0.0000e+00
    670.000     6.1670   3.422946     6.1666   3.422859     1.5923     0.0092    89.6600 3.9876e-05       0.00     6.1070    34.3399    27.0174    187.431     6.1066    34.3393    27.0170 0.0000e+00
    671.000     6.1742   3.424014     6.1741   3.423804     1.5911     0.0095    89.6557 5.7711e-05       0.00     6.1140    34.3440    27.0198    185.238     6.1140    34.3418    27.0180 0.0000e+00
    672.000     6.1763   3.424360     6.1760   3.424263     1.5884     0.0097    89.6620 5.3055e-05       0.00     6.1160    34.3453    27.0206    184.478     6.1157    34.3446    27.0200 0.0000e+00
    673.000     6.1647   3.423245     6.1642   3.423218     1.5864     0.0103    89.6510 4.6788e-05       0.00     6.1044    34.3441    27.0211    184.277     6.1039    34.3443    27.0213 0.0000e+00
    674.000     6.1515   3.422162     6.1512   3.422052     1.5843     0.0089    89.6558 4.8902e-05       0.00     6.0912    34.3447    27.0232    184.097     6.0909    34.3438    27.0226 0.0000e+00
    675.000     6.1410   3.421291     6.1407   3.421222     1.5819     0.0096    89.6611 4.9009e-05       0.00     6.0806    34.3451    27.0249    184.022     6.0804    34.3446    27.0245 0.0000e+00
    676.000     6.1283   3.420243     6.1280   3.420128     1.5797     0.0088    89.6564 4.3373e-05       0.00     6.0679    34.3457    27.0270    183.915     6.0677    34.3446    27.0262 0.0000e+00
    677.000     6.1229   3.419793     6.1222   3.419690     1.5779     0.0088    89.6630 4.4113e-05       0.00     6.0625    34.3455    27.0275    182.948     6.0618    34.3450    27.0273 0.0000e+00
    678.000     6.1191   3.419612     6.1189   3.419452     1.5758     0.0088    89.6591 5.1845e-05       0.00     6.0585    34.3469    27.0291    182.212     6.0583    34.3453    27.0279 0.0000e+00
    679.000     6.1216   3.420154     6.1215   3.420024     1.5735     0.0101    89.6570 3.6857e-05       0.00     6.0610    34.3499    27.0312    181.665     6.0609    34.3486    27.0302 0.0000e+00
    680.000     6.1140   3.419472     6.1137   3.419440     1.5714     0.0108    89.6646 3.4606e-05       0.00     6.0533    34.3495    27.0318    181.251     6.0530    34.3494    27.0318 0.0000e+00
    681.000     6.1055   3.418806     6.1055   3.418735     1.5689     0.0091    89.6632 3.1554e-05       0.00     6.0447    34.3501    27.0334    181.089     6.0447    34.3493    27.0328 0.0000e+00
    682.000     6.1101   3.419226     6.1012   3.418362     1.5644     0.0085    89.6610 4.3941e-05       0.00     6.0492    34.3497    27.0325    181.086     6.0404    34.3490    27.0331 0.0000e+00
    683.000     6.0952   3.417957     6.0951   3.417853     1.5615     0.0082    89.6632 4.3123e-05       0.00     6.0343    34.3500    27.0346    181.093     6.0342    34.3489    27.0338 0.0000e+00
    684.000     6.0807   3.416368     6.0801   3.416469     1.5604     0.0084    89.6617 4.9037e-05       0.00     6.0198    34.3463    27.0336    181.738     6.0192    34.3480    27.0350 0.0000e+00
    685.000     6.0532   3.413853     6.0527   3.413855     1.5602     0.0087    89.6646 5.7681e-05       0.00     5.9924    34.3453    27.0363    181.930     5.9919    34.3459    27.0368 0.0000e+00
    686.000     6.0386   3.412547     6.0384   3.412485     1.5594     0.0089    89.6663 5.1582e-05       0.00     5.9778    34.3449    27.0378    182.289     5.9775    34.3445    27.0375 0.0000e+00
    687.000     6.0309   3.411813     6.0305   3.411759     1.5599     0.0085    89.6600 4.6783e-05       0.00     5.9700    34.3440    27.0380    183.512     5.9696    34.3438    27.0380 0.0000e+00
    688.000     6.0106   3.409748     6.0101   3.409809     1.5614     0.0088    89.6570 4.8973e-05       0.00     5.9497    34.3408    27.0381    184.340     5.9492    34.3420    27.0391 0.0000e+00
    689.000     5.9889   3.407835     5.9888   3.407714     1.5626     0.0087    89.6644 4.0227e-05       0.00     5.9280    34.3408    27.0408    184.056     5.9279    34.3395    27.0399 0.0000e+00
    690.000     5.9978   3.408920     5.9978   3.408766     1.5630     0.0091    89.6627 4.6684e-05       0.00     5.9368    34.3434    27.0418    183.488     5.9368    34.3417    27.0404 0.0000e+00
    691.000     5.9894   3.408067     5.9887   3.407974     1.5632     0.0091    89.6719 3.8707e-05       0.00     5.9283    34.3419    27.0416    183.835     5.9276    34.3415    27.0414 0.0000e+00
    692.000     5.9743   3.406645     5.9739   3.406543     1.5641     0.0090    89.6703 4.7541e-05       0.00     5.9132    34.3406    27.0426    184.054     5.9128    34.3399    27.0420 0.0000e+00
    693.000     5.9674   3.406030     5.9668   3.405892     1.5641     0.0090    89.6669 2.6087e-05       0.00     5.9062    34.3403    27.0431    183.883     5.9057    34.3393    27.0425 0.0000e+00
    694.000     5.9625   3.405639     5.9623   3.405513     1.5645     0.0118    89.6721 4.9386e-05       0.00     5.9013    34.3403    27.0438    184.412     5.9011    34.3391    27.0428 0.0000e+00
    695.000     5.9624   3.405678     5.9622   3.405548     1.5652     0.0107    89.6719 3.4068e-05       0.00     5.9011    34.3403    27.0438    184.392     5.9009    34.3391    27.0429 0.0000e+00
    696.000     5.9620   3.405670     5.9617   3.405542     1.5654     0.0096    89.6671 4.8694e-05       0.00     5.9006    34.3402    27.0438    184.167     5.9004    34.3390    27.0429 0.0000e+00
    697.000     5.9605   3.405596     5.9605   3.405485     1.5655     0.0107    89.6688 4.6009e-05       0.00     5.8990    34.3404    27.0441    184.158     5.8991    34.3391    27.0431 0.0000e+00
    698.000     5.9614   3.405754     5.9610   3.405598     1.5653     0.0105    89.6719 4.4213e-05       0.00     5.8998    34.3407    27.0443    183.671     5.8994    34.3394    27.0433 0.0000e+00
    699.000     5.9632   3.406050     5.9629   3.405916     1.5644     0.0117    89.6733 5.6421e-05       0.00     5.9015    34.3418    27.0449    182.642     5.9012    34.3406    27.0441 0.0000e+00
    700.000     5.9606   3.405886     5.9606   3.405800     1.5627     0.0116    89.6767 4.3421e-05       0.00     5.8989    34.3420    27.0455    181.933     5.8988    34.3411    27.0448 0.0000e+00
    701.000     5.9576   3.405734     5.9570   3.405612     1.5613     0.0104    89.6673 5.2191e-05       0.00     5.8958    34.3429    27.0465    181.774     5.8952    34.3421    27.0460 0.0000e+00
    702.000     5.9541   3.405560     5.9535   3.405515     1.5602     0.0106    89.6625 4.5769e-05       0.00     5.8922    34.3439    27.0478    182.087     5.8916    34.3441    27.0480 0.0000e+00
    703.000     5.9347   3.403583     5.9342   3.403676     1.5593     0.0100    89.6813 3.9226e-05       0.00     5.8728    34.3409    27.0478    182.850     5.8723    34.3425    27.0491 0.0000e+00
    704.000     5.9142   3.401762     5.9141   3.401722     1.5596     0.0098    89.6780 3.8136e-05       0.00     5.8523    34.3406    27.0502    183.542     5.8522    34.3403    27.0499 0.0000e+00
    705.000     5.9236   3.402791     5.9201   3.402291     1.5592     0.0090    89.6735 6.8057e-05       0.00     5.8616    34.3422    27.0503    183.015     5.8581    34.3401    27.0490 0.0000e+00
    706.000     5.9117   3.401329     5.9078   3.401172     1.5580     0.0105    89.6746 1.2059e-04       0.00     5.8496    34.3373    27.0479    182.875     5.8458    34.3395    27.0501 0.0000e+00
    707.000     5.8782   3.398489     5.8780   3.398477     1.5573     0.0098    89.6737 5.1512e-05       0.00     5.8162    34.3387    27.0532    182.496     5.8160    34.3387    27.0532 0.0000e+00
    708.000     5.8635   3.397326     5.8633   3.397272     1.5563     0.0076    89.6774 4.4544e-05       0.00     5.8015    34.3399    27.0560    182.071     5.8013    34.3396    27.0557 0.0000e+00
    709.000     5.8563   3.396780     5.8560   3.396682     1.5550     0.0113    89.6759 4.8951e-05       0.00     5.7942    34.3406    27.0574    181.762     5.7940    34.3398    27.0568 0.0000e+00
    710.000     5.8529   3.396534     5.8526   3.396423     1.5538     0.0129    89.6794 5.8702e-05       0.00     5.7908    34.3408    27.0580    181.549     5.7905    34.3398    27.0573 0.0000e+00
    711.000     5.8489   3.396326     5.8486   3.396213     1.5524     0.0134    89.6782 3.4337e-05       0.00     5.7868    34.3419    27.0594    181.154     5.7864    34.3410    27.0587 0.0000e+00
    712.000     5.8439   3.395975     5.8435   3.395860     1.5507     0.0140    89.6709 6.2567e-05       0.00     5.7816    34.3426    27.0606    180.679     5.7813    34.3417    27.0599 0.0000e+00
    713.000     5.8412   3.395831     5.8411   3.395721     1.5488     0.0127    89.6742 5.3325e-05       0.00     5.7789    34.3432    27.0614    180.429     5.7788    34.3421    27.0605 0.0000e+00
    714.000     5.8353   3.395308     5.8349   3.395246     1.5470     0.0108    89.6791 5.1132e-05       0.00     5.7729    34.3428    27.0618    180.304     5.7724    34.3425    27.0616 0.0000e+00
    715.000     5.8217   3.394154     5.8214   3.394088     1.5452     0.0095    89.6740 4.2668e-05       0.00     5.7593    34.3431    27.0637    180.030     5.7590    34.3426    27.0634 0.0000e+00
    716.000     5.8146   3.393567     5.8143   3.393461     1.5436     0.0101    89.6783 3.9197e-05       0.00     5.7521    34.3432    27.0647    180.162     5.7518    34.3423    27.0640 0.0000e+00
    717.000     5.8080   3.392986     5.8077   3.392913     1.5421     0.0100    89.6806 4.9054e-05       0.00     5.7455    34.3428    27.0652    180.110     5.7452    34.3422    27.0648 0.0000e+00
    718.000     5.8017   3.392510     5.8015   3.392405     1.5408     0.0093    89.6783 5.2247e-05       0.00     5.7391    34.3433    27.0664    179.985     5.7389    34.3423    27.0656 0.0000e+00
    719.000     5.7942   3.391881     5.7942   3.391800     1.5390     0.0091    89.6762 4.2814e-05       0.00     5.7316    34.3433    27.0673    179.729     5.7316    34.3423    27.0665 0.0000e+00
    720.000     5.7889   3.391476     5.7889   3.391352     1.5378     0.0084    89.6770 4.1414e-05       0.00     5.7263    34.3436    27.0682    179.929     5.7262    34.3422    27.0671 0.0000e+00
    721.000     5.7883   3.391451     5.7883   3.391352     1.5370     0.0079    89.6755 5.1704e-05       0.00     5.7255    34.3434    27.0682    179.704     5.7255    34.3423    27.0673 0.0000e+00
    722.000     5.7872   3.391428     5.7869   3.391304     1.5362     0.0076    89.6801 5.1594e-05       0.00     5.7244    34.3438    27.0686    179.468     5.7241    34.3427    27.0677 0.0000e+00
    723.000     5.7867   3.391443     5.7865   3.391322     1.5352     0.0074    89.6782 5.3910e-05       0.00     5.7237    34.3440    27.0688    179.377     5.7236    34.3428    27.0679 0.0000e+00
    724.000     5.7849   3.391325     5.7847   3.391218     1.5346     0.0079    89.6822 4.6753e-05       0.00     5.7219    34.3440    27.0690    179.340     5.7217    34.3430    27.0683 0.0000e+00
    725.000     5.7813   3.391065     5.7810   3.390955     1.5333     0.0076    89.6820 4.3095e-05       0.00     5.7182    34.3442    27.0697    179.015     5.7179    34.3432    27.0689 0.0000e+00
    726.000     5.7788   3.390912     5.7786   3.390808     1.5325     0.0069    89.6842 4.1458e-05       0.00     5.7156    34.3445    27.0702    179.149     5.7154    34.3436    27.0695 0.0000e+00
    727.000     5.7763   3.390754     5.7762   3.390653     1.5314     0.0074    89.6771 4.6829e-05       0.00     5.7130    34.3448    27.0708    178.613     5.7129    34.3438    27.0700 0.0000e+00
