Data/ruptures/TONGA/STATION 8/TONGA_CTD_023.cnv
* Sea-Bird SBE 9 Data File:
* FileName = C:\CTD\raw\TONGA_CTD_023.hdr
* Software Version Seasave V 7.21b
* Temperature SN = 0970
* Conductivity SN = 0606
* Number of Bytes Per Scan = 44
* Number of Voltage Words = 5
* Number of Scans Averaged by the Deck Unit = 1
* NMEA Latitude = 20 29.92 S
* NMEA Longitude = 171 59.82 W
* NMEA UTC (Time) = Nov 16 2019 23:34:29
# nquan = 18
# nvalues = 1976                        
# units = specified
# name 0 = prDM: Pressure, Digiquartz [db]
# name 1 = t090C: Temperature [ITS-90, deg C]
# name 2 = c0S/m: Conductivity [S/m]
# name 3 = t190C: Temperature, 2 [ITS-90, deg C]
# name 4 = c1S/m: Conductivity, 2 [S/m]
# name 5 = sbeox0V: Oxygen raw, SBE 43 [V]
# name 6 = flC: Fluorescence, Chelsea Aqua 3 Chl Con [ug/l]
# name 7 = xmiss: Beam Transmission, Chelsea/Seatech [%]
# name 8 = par: PAR/Irradiance, Biospherical/Licor
# name 9 = altM: Altimeter [m]
# name 10 = potemp090C: Potential Temperature [ITS-90, deg C]
# name 11 = sal00: Salinity, Practical [PSU]
# name 12 = sigma-é00: Density [sigma-theta, kg/m^3]
# name 13 = sbox0Mm/Kg: Oxygen, SBE 43 [umol/kg]
# name 14 = potemp190C: Potential Temperature, 2 [ITS-90, deg C]
# name 15 = sal11: Salinity, Practical, 2 [PSU]
# name 16 = sigma-é11: Density, 2 [sigma-theta, kg/m^3]
# name 17 = flag:
# span 0 =      4.000,   1979.000       
# span 1 =     2.3359,    26.0409       
# span 2 =   3.162015,   5.459770       
# span 3 =     2.3361,    26.0412       
# span 4 =   3.162010,   5.460025       
# span 5 =     1.0983,     2.3119       
# span 6 =     0.0055,     0.1395       
# span 7 =    88.0418,    89.7859       
# span 8 = 1.3189e-05, 1.6362e+03       
# span 9 =       0.00,       0.00       
# span 10 =     2.1962,    26.0396      
# span 11 =    34.3249,    35.7584      
# span 12 =    23.2593,    27.6517      
# span 13 =    133.580,    206.887      
# span 14 =     2.1964,    26.0399      
# span 15 =    34.3271,    35.7574      
# span 16 =    23.2604,    27.6512      
# span 17 = 0.0000e+00, 0.0000e+00      
# interval = decibars: 1                
# start_time = Jan 01 2000 23:34:29 [NMEA time, first data scan]
# bad_flag = -9.990e-29
*END*
[from data line 724]
    728.000     6.0324   3.414145     6.0318   3.414031     1.5890     0.0081    89.6225 3.7394e-05       0.00     5.9676    34.3487    27.0421    183.498     5.9671    34.3480    27.0416 0.0000e+00
    729.000     6.0341   3.414480     6.0330   3.414396     1.5840     0.0078    89.6215 4.6644e-05       0.00     5.9693    34.3502    27.0431    184.881     5.9681    34.3504    27.0434 0.0000e+00
    730.000     5.9687   3.407434     5.9661   3.407902     1.5828     0.0073    89.6227 4.5966e-04       0.00     5.9041    34.3367    27.0406    187.874     5.9015    34.3445    27.0471 0.0000e+00
    731.000     5.9155   3.402705     5.9153   3.402757     1.5838     0.0084    89.6305 8.5819e-04       0.00     5.8511    34.3368    27.0473    189.519     5.8509    34.3375    27.0479 0.0000e+00
    732.000     5.9055   3.401740     5.9061   3.401792     1.5853     0.0094    89.6256 2.8354e-04       0.00     5.8411    34.3355    27.0475    190.193     5.8417    34.3355    27.0474 0.0000e+00
    733.000     5.9002   3.401243     5.9002   3.401211     1.5869     0.0083    89.6298 6.1122e-05       0.00     5.8357    34.3348    27.0476    190.305     5.8357    34.3344    27.0474 0.0000e+00
    734.000     5.8970   3.400978     5.8964   3.400863     1.5881     0.0067    89.6274 4.3766e-05       0.00     5.8324    34.3346    27.0479    190.191     5.8318    34.3339    27.0474 0.0000e+00
    735.000     5.8973   3.401053     5.8967   3.400971     1.5887     0.0073    89.6215 4.4932e-04       0.00     5.8326    34.3346    27.0479    190.414     5.8320    34.3343    27.0478 0.0000e+00
    736.000     5.8883   3.400106     5.8879   3.400176     1.5898     0.0073    89.6333 3.6536e-04       0.00     5.8236    34.3325    27.0474    191.125     5.8232    34.3338    27.0484 0.0000e+00
    737.000     5.8677   3.398082     5.8669   3.398127     1.5912     0.0076    89.6284 8.1235e-04       0.00     5.8030    34.3301    27.0480    191.659     5.8022    34.3314    27.0492 0.0000e+00
    738.000     5.8517   3.396644     5.8513   3.396599     1.5926     0.0074    89.6305 1.2847e-04       0.00     5.7870    34.3295    27.0496    191.756     5.7866    34.3295    27.0496 0.0000e+00
    739.000     5.8461   3.396186     5.8456   3.396109     1.5940     0.0066    89.6300 2.1562e-04       0.00     5.7813    34.3296    27.0503    191.537     5.7809    34.3292    27.0501 0.0000e+00
    740.000     5.8428   3.395895     5.8423   3.395827     1.5953     0.0076    89.6270 6.8271e-04       0.00     5.7780    34.3292    27.0504    191.725     5.7775    34.3289    27.0502 0.0000e+00
    741.000     5.8100   3.392616     5.8105   3.392860     1.5962     0.0083    89.6247 5.6412e-04       0.00     5.7453    34.3249    27.0510    191.421     5.7458    34.3271    27.0527 0.0000e+00
    742.000     5.8099   3.393135     5.8092   3.392890     1.5956     0.0087    89.6327 5.8707e-04       0.00     5.7451    34.3304    27.0554    190.092     5.7444    34.3283    27.0539 0.0000e+00
    743.000     5.8192   3.394275     5.8186   3.394135     1.5942     0.0096    89.6317 4.8350e-04       0.00     5.7542    34.3334    27.0566    189.160     5.7536    34.3323    27.0559 0.0000e+00
    744.000     5.8160   3.393995     5.8154   3.393922     1.5921     0.0099    89.6318 1.9944e-04       0.00     5.7510    34.3329    27.0566    188.747     5.7504    34.3326    27.0565 0.0000e+00
    745.000     5.8119   3.393648     5.8115   3.393591     1.5904     0.0094    89.6304 3.3315e-04       0.00     5.7468    34.3326    27.0570    188.847     5.7464    34.3324    27.0568 0.0000e+00
    746.000     5.7935   3.391697     5.7926   3.391826     1.5888     0.0088    89.6294 2.4990e-04       0.00     5.7285    34.3287    27.0562    188.889     5.7275    34.3311    27.0582 0.0000e+00
    747.000     5.7619   3.388907     5.7611   3.388945     1.5877     0.0102    89.6328 1.0234e-04       0.00     5.6969    34.3287    27.0601    188.809     5.6961    34.3300    27.0611 0.0000e+00
    748.000     5.7417   3.387243     5.7411   3.387189     1.5864     0.0102    89.6355 1.2322e-04       0.00     5.6767    34.3300    27.0635    188.480     5.6761    34.3299    27.0636 0.0000e+00
    749.000     5.7394   3.387116     5.7386   3.387011     1.5852     0.0104    89.6378 4.3567e-04       0.00     5.6743    34.3303    27.0641    187.832     5.6736    34.3299    27.0639 0.0000e+00
    750.000     5.7357   3.386984     5.7352   3.386844     1.5832     0.0097    89.6341 6.3838e-04       0.00     5.6706    34.3321    27.0660    187.081     5.6700    34.3311    27.0652 0.0000e+00
    751.000     5.7331   3.387072     5.7326   3.386977     1.5811     0.0080    89.6303 6.6655e-04       0.00     5.6679    34.3353    27.0688    186.474     5.6674    34.3347    27.0684 0.0000e+00
    752.000     5.7303   3.386841     5.7299   3.386765     1.5781     0.0068    89.6328 1.6635e-03       0.00     5.6650    34.3350    27.0689    186.016     5.6646    34.3345    27.0686 0.0000e+00
    753.000     5.7280   3.386688     5.7277   3.386608     1.5747     0.0084    89.6319 1.2150e-03       0.00     5.6626    34.3351    27.0693    185.996     5.6623    34.3345    27.0689 0.0000e+00
    754.000     5.7172   3.385619     5.7163   3.385575     1.5722     0.0095    89.6338 1.0216e-03       0.00     5.6518    34.3334    27.0693    186.668     5.6509    34.3338    27.0697 0.0000e+00
    755.000     5.7057   3.384607     5.7052   3.384529     1.5708     0.0077    89.6362 3.4848e-04       0.00     5.6403    34.3332    27.0705    186.769     5.6398    34.3328    27.0703 0.0000e+00
    756.000     5.7038   3.384497     5.7032   3.384396     1.5696     0.0100    89.6324 1.2355e-03       0.00     5.6383    34.3334    27.0709    186.549     5.6377    34.3329    27.0706 0.0000e+00
    757.000     5.7000   3.384179     5.6995   3.384120     1.5688     0.0126    89.6305 1.2306e-03       0.00     5.6344    34.3331    27.0712    186.593     5.6339    34.3330    27.0712 0.0000e+00
    758.000     5.6944   3.383726     5.6938   3.383653     1.5679     0.0113    89.6387 3.1673e-04       0.00     5.6287    34.3332    27.0720    185.891     5.6282    34.3329    27.0718 0.0000e+00
    759.000     5.6910   3.383483     5.6903   3.383406     1.5666     0.0104    89.6348 4.5707e-04       0.00     5.6253    34.3335    27.0726    185.577     5.6246    34.3332    27.0725 0.0000e+00
    760.000     5.6880   3.383238     5.6874   3.383194     1.5655     0.0089    89.6373 8.7943e-04       0.00     5.6222    34.3332    27.0727    185.462     5.6216    34.3333    27.0729 0.0000e+00
    761.000     5.6752   3.382133     5.6747   3.382155     1.5645     0.0084    89.6248 6.3986e-04       0.00     5.6094    34.3331    27.0743    185.209     5.6089    34.3340    27.0750 0.0000e+00
    762.000     5.6574   3.380565     5.6568   3.380591     1.5633     0.0094    89.6343 3.3292e-04       0.00     5.5916    34.3330    27.0763    185.133     5.5910    34.3339    27.0771 0.0000e+00
    763.000     5.6466   3.379841     5.6460   3.379759     1.5624     0.0087    89.6363 2.3347e-03       0.00     5.5808    34.3352    27.0794    185.124     5.5802    34.3350    27.0793 0.0000e+00
    764.000     5.6440   3.379685     5.6436   3.379571     1.5610     0.0080    89.6383 1.7008e-03       0.00     5.5781    34.3356    27.0800    184.468     5.5777    34.3348    27.0794 0.0000e+00
    765.000     5.6435   3.379708     5.6431   3.379599     1.5578     0.0078    89.6400 1.0930e-03       0.00     5.5775    34.3359    27.0803    183.709     5.5771    34.3351    27.0797 0.0000e+00
    766.000     5.6402   3.379498     5.6398   3.379453     1.5534     0.0075    89.6361 2.2167e-03       0.00     5.5742    34.3364    27.0811    182.759     5.5738    34.3362    27.0811 0.0000e+00
    767.000     5.6254   3.378316     5.6249   3.378274     1.5504     0.0077    89.6391 3.1615e-03       0.00     5.5593    34.3375    27.0839    182.284     5.5588    34.3375    27.0839 0.0000e+00
    768.000     5.6182   3.377783     5.6176   3.377713     1.5483     0.0074    89.6377 2.1638e-03       0.00     5.5521    34.3383    27.0853    182.214     5.5515    34.3381    27.0852 0.0000e+00
    769.000     5.6121   3.377323     5.6117   3.377265     1.5463     0.0084    89.6390 4.3732e-03       0.00     5.5459    34.3388    27.0865    181.597     5.5455    34.3386    27.0863 0.0000e+00
    770.000     5.6061   3.376927     5.6057   3.376857     1.5438     0.0093    89.6404 3.4241e-03       0.00     5.5399    34.3398    27.0880    180.908     5.5395    34.3395    27.0878 0.0000e+00
    771.000     5.6016   3.376677     5.6011   3.376597     1.5410     0.0097    89.6418 2.5172e-03       0.00     5.5353    34.3411    27.0896    180.128     5.5348    34.3407    27.0893 0.0000e+00
    772.000     5.5953   3.376280     5.5947   3.376199     1.5375     0.0094    89.6442 1.0369e-03       0.00     5.5290    34.3425    27.0915    178.878     5.5284    34.3422    27.0913 0.0000e+00
    773.000     5.5996   3.377265     5.5993   3.377004     1.5333     0.0086    89.6380 3.7751e-03       0.00     5.5332    34.3488    27.0959    177.326     5.5328    34.3462    27.0939 0.0000e+00
    774.000     5.6138   3.378906     5.6134   3.378776     1.5290     0.0083    89.6373 2.0139e-03       0.00     5.5472    34.3525    27.0971    176.112     5.5468    34.3514    27.0964 0.0000e+00
    775.000     5.6141   3.378907     5.6137   3.378871     1.5250     0.0078    89.6349 3.5698e-03       0.00     5.5474    34.3517    27.0965    175.266     5.5469    34.3517    27.0966 0.0000e+00
    776.000     5.6067   3.378530     5.6063   3.378388     1.5212     0.0085    89.6325 2.6519e-03       0.00     5.5399    34.3544    27.0996    174.423     5.5395    34.3532    27.0987 0.0000e+00
    777.000     5.6127   3.379419     5.6123   3.379294     1.5172     0.0094    89.6348 3.4444e-03       0.00     5.5457    34.3580    27.1017    173.792     5.5453    34.3570    27.1009 0.0000e+00
    778.000     5.6157   3.379822     5.6151   3.379651     1.5134     0.0091    89.6334 2.5333e-03       0.00     5.5487    34.3590    27.1021    173.570     5.5480    34.3577    27.1012 0.0000e+00
    779.000     5.6172   3.379985     5.6169   3.379906     1.5098     0.0081    89.6315 8.6462e-04       0.00     5.5500    34.3588    27.1018    173.292     5.5498    34.3582    27.1014 0.0000e+00
    780.000     5.5981   3.378322     5.5976   3.378376     1.5051     0.0085    89.6266 9.8258e-04       0.00     5.5310    34.3589    27.1042    172.834     5.5305    34.3600    27.1051 0.0000e+00
    781.000     5.5870   3.377550     5.5866   3.377455     1.4982     0.0087    89.6363 6.7092e-04       0.00     5.5199    34.3609    27.1071    171.992     5.5195    34.3602    27.1066 0.0000e+00
    782.000     5.5846   3.377540     5.5842   3.377478     1.4924     0.0099    89.6350 2.1068e-03       0.00     5.5174    34.3627    27.1089    171.384     5.5170    34.3624    27.1087 0.0000e+00
    783.000     5.5804   3.377304     5.5798   3.377206     1.4883     0.0094    89.6352 7.3749e-04       0.00     5.5131    34.3638    27.1103    171.354     5.5125    34.3633    27.1100 0.0000e+00
    784.000     5.5734   3.376655     5.5727   3.376591     1.4853     0.0086    89.6390 2.2130e-04       0.00     5.5061    34.3631    27.1105    171.396     5.5054    34.3631    27.1106 0.0000e+00
    785.000     5.5694   3.376535     5.5690   3.376388     1.4821     0.0084    89.6263 9.3904e-05       0.00     5.5020    34.3653    27.1128    170.023     5.5016    34.3641    27.1118 0.0000e+00
    786.000     5.5762   3.377548     5.5756   3.377427     1.4782     0.0096    89.6283 6.8163e-04       0.00     5.5086    34.3694    27.1152    168.768     5.5081    34.3686    27.1147 0.0000e+00
    787.000     5.5727   3.377372     5.5721   3.377307     1.4749     0.0104    89.6387 1.1665e-03       0.00     5.5051    34.3704    27.1165    168.361     5.5045    34.3703    27.1165 0.0000e+00
    788.000     5.5667   3.376987     5.5662   3.376911     1.4720     0.0091    89.6260 1.2082e-03       0.00     5.4990    34.3717    27.1182    168.013     5.4985    34.3714    27.1180 0.0000e+00
    789.000     5.5663   3.377065     5.5659   3.376975     1.4698     0.0090    89.6357 1.9624e-03       0.00     5.4985    34.3725    27.1189    167.588     5.4981    34.3719    27.1185 0.0000e+00
    790.000     5.5657   3.377229     5.5654   3.377104     1.4669     0.0097    89.6373 3.4269e-03       0.00     5.4979    34.3744    27.1205    167.224     5.4976    34.3733    27.1197 0.0000e+00
    791.000     5.5659   3.377289     5.5653   3.377214     1.4648     0.0091    89.6373 5.1043e-04       0.00     5.4980    34.3744    27.1205    167.239     5.4973    34.3743    27.1204 0.0000e+00
    792.000     5.5619   3.376971     5.5614   3.376901     1.4628     0.0081    89.6358 1.0647e-04       0.00     5.4939    34.3744    27.1210    167.196     5.4934    34.3741    27.1208 0.0000e+00
    793.000     5.5595   3.376769     5.5590   3.376694     1.4607     0.0085    89.6348 6.9519e-04       0.00     5.4914    34.3740    27.1210    167.425     5.4909    34.3738    27.1208 0.0000e+00
    794.000     5.5543   3.376166     5.5539   3.376216     1.4593     0.0080    89.6333 1.3993e-04       0.00     5.4861    34.3721    27.1201    167.844     5.4857    34.3730    27.1209 0.0000e+00
    795.000     5.5321   3.374099     5.5318   3.374106     1.4580     0.0089    89.6389 7.1452e-04       0.00     5.4640    34.3706    27.1216    167.871     5.4637    34.3711    27.1220 0.0000e+00
    796.000     5.5255   3.373550     5.5249   3.373479     1.4562     0.0093    89.6384 3.4159e-04       0.00     5.4573    34.3707    27.1224    167.910     5.4567    34.3705    27.1223 0.0000e+00
    797.000     5.5030   3.371312     5.5025   3.371414     1.4551     0.0097    89.6397 2.7027e-04       0.00     5.4349    34.3676    27.1227    168.644     5.4344    34.3693    27.1241 0.0000e+00
    798.000     5.4752   3.368732     5.4753   3.368784     1.4549     0.0100    89.6418 1.2848e-04       0.00     5.4072    34.3661    27.1248    169.099     5.4073    34.3665    27.1251 0.0000e+00
    799.000     5.4647   3.367741     5.4644   3.367715     1.4548     0.0104    89.6390 1.0916e-04       0.00     5.3966    34.3650    27.1253    169.149     5.3963    34.3650    27.1253 0.0000e+00
    800.000     5.4515   3.366439     5.4506   3.366443     1.4548     0.0105    89.6398 7.9282e-04       0.00     5.3834    34.3631    27.1253    169.116     5.3826    34.3641    27.1262 0.0000e+00
    801.000     5.4409   3.365693     5.4404   3.365577     1.4543     0.0103    89.6427 1.2531e-04       0.00     5.3728    34.3649    27.1280    168.580     5.3723    34.3641    27.1274 0.0000e+00
    802.000     5.4399   3.365662     5.4394   3.365569     1.4536     0.0114    89.6426 4.7521e-04       0.00     5.3717    34.3651    27.1283    168.468     5.3713    34.3645    27.1279 0.0000e+00
    803.000     5.4364   3.365386     5.4361   3.365355     1.4530     0.0121    89.6427 9.5877e-05       0.00     5.3681    34.3651    27.1287    168.507     5.3678    34.3651    27.1287 0.0000e+00
    804.000     5.4251   3.364289     5.4246   3.364319     1.4526     0.0106    89.6403 3.7413e-05       0.00     5.3568    34.3636    27.1289    168.742     5.3563    34.3645    27.1296 0.0000e+00
    805.000     5.4083   3.362829     5.4079   3.362776     1.4522     0.0100    89.6452 3.2686e-05       0.00     5.3400    34.3636    27.1309    168.498     5.3397    34.3634    27.1307 0.0000e+00
    806.000     5.4082   3.363005     5.4078   3.362866     1.4515     0.0094    89.6416 8.7661e-04       0.00     5.3398    34.3652    27.1322    168.113     5.3395    34.3640    27.1312 0.0000e+00
    807.000     5.4096   3.363209     5.4092   3.363164     1.4507     0.0095    89.6467 2.7188e-04       0.00     5.3411    34.3656    27.1323    168.095     5.3408    34.3655    27.1323 0.0000e+00
