Data/ruptures/TONGA/STATION 8/TONGA_CTD_027.cnv
* Sea-Bird SBE 9 Data File:
* FileName = C:\CTD\raw\TONGA_CTD_027.hdr
* Software Version Seasave V 7.21b
* Temperature SN = 0970
* Conductivity SN = 0606
* Number of Bytes Per Scan = 44
* Number of Voltage Words = 5
* Number of Scans Averaged by the Deck Unit = 1
* NMEA Latitude = 19 15.86 S
* NMEA Longitude = 174 53.63 W
* NMEA UTC (Time) = Nov 25 2019 07:13:33
# nquan = 18
# nvalues = 757                         
# units = specified
# name 0 = prDM: Pressure, Digiquartz [db]
# name 1 = t090C: Temperature [ITS-90, deg C]
# name 2 = c0S/m: Conductivity [S/m]
# name 3 = t190C: Temperature, 2 [ITS-90, deg C]
# name 4 = c1S/m: Conductivity, 2 [S/m]
# name 5 = sbeox0V: Oxygen raw, SBE 43 [V]
# name 6 = flC: Fluorescence, Chelsea Aqua 3 Chl Con [ug/l]
# name 7 = xmiss: Beam Transmission, Chelsea/Seatech [%]
# name 8 = par: PAR/Irradiance, Biospherical/Licor
# name 9 = altM: Altimeter [m]
# name 10 = potemp090C: Potential Temperature [ITS-90, deg C]
# name 11 = sal00: Salinity, Practical [PSU]
# name 12 = sigma-é00: Density [sigma-theta, kg/m^3]
# name 13 = sbox0Mm/Kg: Oxygen, SBE 43 [umol/kg]
# name 14 = potemp190C: Potential Temperature, 2 [ITS-90, deg C]
# name 15 = sal11: Salinity, Practical, 2 [PSU]
# name 16 = sigma-é11: Density, 2 [sigma-theta, kg/m^3]
# name 17 = flag:
# span 0 =      3.000,    759.000       
# span 1 =     5.6253,    27.3771       
# span 2 =   3.379135,   5.576520       
# span 3 =     5.6253,    27.3775       
# span 4 =   3.379028,   5.576408       
# span 5 =     1.5172,     2.3615       
# span 6 =     0.0060,     0.1645       
# span 7 =    87.9909,    89.6214       
# span 8 = 2.8249e-05, 1.6333e-03       
# span 9 =       0.00,       0.00       
# span 10 =     5.5601,    27.3747      
# span 11 =    34.3495,    35.7635      
# span 12 =    22.6976,    27.0946      
# span 13 =    155.605,    195.731      
# span 14 =     5.5601,    27.3757      
# span 15 =    34.3492,    35.7649      
# span 16 =    22.6966,    27.0937      
# span 17 = 0.0000e+00, 0.0000e+00      
# interval = decibars: 1                
# start_time = Jan 01 2000 07:13:33 [NMEA time, first data scan]
# bad_flag = -9.990e-29
*END*
[from data line 724]
    727.000     5.8719   3.399824     5.8714   3.399775     1.5589     0.0069    89.5967 4.6484e-05       0.00     5.8081    34.3503    27.0633    183.003     5.8076    34.3503    27.0634 0.0000e+00
    728.000     5.8547   3.398349     5.8542   3.398275     1.5579     0.0070    89.5979 3.9281e-05       0.00     5.7909    34.3506    27.0657    182.891     5.7904    34.3503    27.0655 0.0000e+00
    729.000     5.8462   3.397669     5.8461   3.397575     1.5568     0.0072    89.5968 5.1299e-05       0.00     5.7824    34.3510    27.0671    182.887     5.7822    34.3501    27.0664 0.0000e+00
    730.000     5.8434   3.397478     5.8431   3.397347     1.5559     0.0066    89.5979 5.7203e-05       0.00     5.7794    34.3513    27.0677    182.947     5.7792    34.3500    27.0667 0.0000e+00
    731.000     5.8413   3.397331     5.8411   3.397209     1.5548     0.0079    89.6001 1.1584e-04       0.00     5.7773    34.3513    27.0679    182.801     5.7771    34.3500    27.0670 0.0000e+00
    732.000     5.8395   3.397229     5.8391   3.397082     1.5534     0.0081    89.5984 4.1926e-05       0.00     5.7754    34.3514    27.0683    182.729     5.7750    34.3501    27.0673 0.0000e+00
    733.000     5.8318   3.396550     5.8315   3.396471     1.5521     0.0075    89.5987 6.5187e-04       0.00     5.7677    34.3510    27.0689    182.248     5.7674    34.3505    27.0686 0.0000e+00
    734.000     5.8181   3.395360     5.8178   3.395304     1.5506     0.0065    89.6023 8.6660e-05       0.00     5.7540    34.3510    27.0706    181.769     5.7537    34.3507    27.0704 0.0000e+00
    735.000     5.7860   3.392418     5.7856   3.392485     1.5487     0.0063    89.5999 9.1556e-04       0.00     5.7220    34.3498    27.0737    181.081     5.7216    34.3510    27.0746 0.0000e+00
    736.000     5.7717   3.391304     5.7712   3.391194     1.5466     0.0079    89.5932 8.6043e-04       0.00     5.7076    34.3513    27.0766    180.501     5.7071    34.3505    27.0760 0.0000e+00
    737.000     5.7645   3.390687     5.7641   3.390553     1.5447     0.0064    89.5967 1.3186e-03       0.00     5.7004    34.3510    27.0773    180.722     5.7000    34.3499    27.0764 0.0000e+00
    738.000     5.7559   3.389831     5.7555   3.389823     1.5436     0.0060    89.6063 1.6333e-03       0.00     5.6917    34.3497    27.0772    180.974     5.6913    34.3499    27.0775 0.0000e+00
    739.000     5.7456   3.389012     5.7453   3.388907     1.5426     0.0066    89.6038 1.0828e-03       0.00     5.6814    34.3503    27.0791    180.943     5.6811    34.3495    27.0784 0.0000e+00
    740.000     5.7422   3.388749     5.7419   3.388625     1.5418     0.0081    89.6023 2.4834e-04       0.00     5.6779    34.3503    27.0795    180.867     5.6776    34.3492    27.0787 0.0000e+00
    741.000     5.7368   3.388292     5.7366   3.388196     1.5409     0.0089    89.5993 4.0145e-04       0.00     5.6725    34.3501    27.0800    180.639     5.6723    34.3493    27.0793 0.0000e+00
    742.000     5.7322   3.387931     5.7320   3.387833     1.5397     0.0092    89.6056 9.8698e-04       0.00     5.6678    34.3502    27.0806    180.530     5.6676    34.3493    27.0799 0.0000e+00
    743.000     5.7240   3.387294     5.7236   3.387176     1.5383     0.0092    89.6017 3.7453e-04       0.00     5.6596    34.3508    27.0821    180.584     5.6591    34.3499    27.0815 0.0000e+00
    744.000     5.7184   3.386850     5.7183   3.386739     1.5367     0.0089    89.6077 5.4688e-05       0.00     5.6539    34.3510    27.0829    180.570     5.6538    34.3499    27.0821 0.0000e+00
    745.000     5.7148   3.386598     5.7145   3.386467     1.5357     0.0070    89.6061 3.4527e-04       0.00     5.6502    34.3513    27.0837    180.474     5.6499    34.3501    27.0827 0.0000e+00
    746.000     5.7114   3.386336     5.7110   3.386211     1.5349     0.0083    89.6076 1.1008e-04       0.00     5.6467    34.3513    27.0841    180.386     5.6464    34.3503    27.0833 0.0000e+00
    747.000     5.6983   3.385169     5.6980   3.385129     1.5333     0.0092    89.6046 5.4032e-05       0.00     5.6337    34.3508    27.0853    179.766     5.6333    34.3508    27.0853 0.0000e+00
    748.000     5.6732   3.382952     5.6734   3.382973     1.5314     0.0099    89.6099 3.2503e-04       0.00     5.6086    34.3508    27.0883    179.216     5.6088    34.3509    27.0884 0.0000e+00
    749.000     5.6580   3.381633     5.6578   3.381571     1.5299     0.0089    89.6091 2.8071e-04       0.00     5.5934    34.3508    27.0902    179.083     5.5932    34.3503    27.0898 0.0000e+00
    750.000     5.6520   3.381195     5.6516   3.381063     1.5288     0.0078    89.6147 6.5875e-04       0.00     5.5873    34.3515    27.0915    179.059     5.5869    34.3504    27.0907 0.0000e+00
    751.000     5.6505   3.381121     5.6501   3.380971     1.5278     0.0080    89.6146 1.2691e-04       0.00     5.5857    34.3516    27.0918    179.054     5.5853    34.3503    27.0908 0.0000e+00
    752.000     5.6499   3.381097     5.6495   3.380958     1.5268     0.0078    89.6097 6.1665e-05       0.00     5.5850    34.3515    27.0918    179.214     5.5846    34.3503    27.0909 0.0000e+00
    753.000     5.6488   3.381048     5.6484   3.380901     1.5264     0.0069    89.6109 4.4321e-05       0.00     5.5838    34.3516    27.0920    179.178     5.5835    34.3503    27.0910 0.0000e+00
    754.000     5.6480   3.381018     5.6477   3.380883     1.5252     0.0075    89.6098 8.8908e-05       0.00     5.5830    34.3515    27.0921    179.064     5.5827    34.3503    27.0911 0.0000e+00
    755.000     5.6463   3.380904     5.6506   3.381176     1.5229     0.0090    89.6095 1.2523e-04       0.00     5.5812    34.3515    27.0922    178.646     5.5855    34.3502    27.0907 0.0000e+00
    756.000     5.6346   3.379869     5.6344   3.379753     1.5209     0.0084    89.6164 1.7941e-04       0.00     5.5695    34.3512    27.0934    178.346     5.5693    34.3500    27.0925 0.0000e+00
    757.000     5.6289   3.379408     5.6288   3.379292     1.5193     0.0082    89.6195 7.6665e-05       0.00     5.5637    34.3512    27.0941    178.471     5.5636    34.3500    27.0932 0.0000e+00
    758.000     5.6253   3.379135     5.6253   3.379028     1.5187     0.0092    89.5960 1.2724e-04       0.00     5.5601    34.3512    27.0946    178.485     5.5601    34.3500    27.0937 0.0000e+00
    759.000     5.6353   3.380082     5.6351   3.379960     1.5172     0.0083    89.6214 8.4151e-04       0.00     5.5699    34.3514    27.0935    178.465     5.5697    34.3502    27.0926 0.0000e+00
