Data/ruptures/TONGA/STATION 8/TONGA_CTD_023.cnv
* Sea-Bird SBE 9 Data File:
* FileName = C:\CTD\raw\TONGA_CTD_023.hdr
* Software Version Seasave V 7.21b
* Temperature SN = 0970
* Conductivity SN = 0606
* Number of Bytes Per Scan = 44
* Number of Voltage Words = 5
* Number of Scans Averaged by the Deck Unit = 1
* NMEA Latitude = 20 29.92 S
* NMEA Longitude = 171 59.82 W
* NMEA UTC (Time) = Nov 16 2019 23:34:29
# nquan = 18
# nvalues = 1976                        
# units = specified
# name 0 = prDM: Pressure, Digiquartz [db]
# name 1 = t090C: Temperature [ITS-90, deg C]
# name 2 = c0S/m: Conductivity [S/m]
# name 3 = t190C: Temperature, 2 [ITS-90, deg C]
# name 4 = c1S/m: Conductivity, 2 [S/m]
# name 5 = sbeox0V: Oxygen raw, SBE 43 [V]
# name 6 = flC: Fluorescence, Chelsea Aqua 3 Chl Con [ug/l]
# name 7 = xmiss: Beam Transmission, Chelsea/Seatech [%]
# name 8 = par: PAR/Irradiance, Biospherical/Licor
# name 9 = altM: Altimeter [m]
# name 10 = potemp090C: Potential Temperature [ITS-90, deg C]
# name 11 = sal00: Salinity, Practical [PSU]
# name 12 = sigma-é00: Density [sigma-theta, kg/m^3]
# name 13 = sbox0Mm/Kg: Oxygen, SBE 43 [umol/kg]
# name 14 = potemp190C: Potential Temperature, 2 [ITS-90, deg C]
# name 15 = sal11: Salinity, Practical, 2 [PSU]
# name 16 = sigma-é11: Density, 2 [sigma-theta, kg/m^3]
# name 17 = flag:
# span 0 =      4.000,   1979.000       
# span 1 =     2.3359,    26.0409       
# span 2 =   3.162015,   5.459770       
# span 3 =     2.3361,    26.0412       
# span 4 =   3.162010,   5.460025       
# span 5 =     1.0983,     2.3119       
# span 6 =     0.0055,     0.1395       
# span 7 =    88.0418,    89.7859       
# span 8 = 1.3189e-05, 1.6362e+03       
# span 9 =       0.00,       0.00       
# span 10 =     2.1962,    26.0396      
# span 11 =    34.3249,    35.7584      
# span 12 =    23.2593,    27.6517      
# span 13 =    133.580,    206.887      
# span 14 =     2.1964,    26.0399      
# span 15 =    34.3271,    35.7574      
# span 16 =    23.2604,    27.6512      
# span 17 = 0.0000e+00, 0.0000e+00      
# interval = decibars: 1                
# start_time = Jan 01 2000 23:34:29 [NMEA time, first data scan]
# bad_flag = -9.990e-29
*END*
[from data line 1046]
   1050.000     3.9808   3.252102     3.9806   3.251997     1.3110     0.0096    89.7032 3.4921e-03       0.00     3.9012    34.4288    27.3420    152.920     3.9011    34.4277    27.3411 0.0000e+00
   1051.000     3.9801   3.252197     3.9799   3.252107     1.3099     0.0105    89.6977 2.9699e-03       0.00     3.9005    34.4302    27.3431    152.548     3.9003    34.4293    27.3424 0.0000e+00
   1052.000     3.9785   3.252170     3.9784   3.252081     1.3085     0.0108    89.7032 2.9803e-03       0.00     3.8988    34.4309    27.3439    152.372     3.8987    34.4300    27.3432 0.0000e+00
   1053.000     3.9770   3.252096     3.9768   3.252025     1.3073     0.0101    89.7029 3.7854e-03       0.00     3.8972    34.4312    27.3442    151.915     3.8970    34.4306    27.3438 0.0000e+00
   1054.000     3.9726   3.251795     3.9724   3.251732     1.3059     0.0102    89.7055 2.4360e-03       0.00     3.8928    34.4317    27.3451    151.754     3.8926    34.4312    27.3447 0.0000e+00
   1055.000     3.9707   3.251738     3.9703   3.251647     1.3052     0.0093    89.7057 2.5132e-03       0.00     3.8908    34.4326    27.3460    152.086     3.8904    34.4319    27.3455 0.0000e+00
   1056.000     3.9708   3.251895     3.9706   3.251796     1.3044     0.0095    89.7035 4.2095e-03       0.00     3.8908    34.4338    27.3470    151.648     3.8906    34.4328    27.3462 0.0000e+00
   1057.000     3.9703   3.251881     3.9701   3.251802     1.3032     0.0099    89.7067 3.6529e-03       0.00     3.8902    34.4336    27.3469    150.514     3.8900    34.4329    27.3464 0.0000e+00
   1058.000     3.9668   3.251622     3.9667   3.251553     1.3011     0.0106    89.7089 2.8976e-03       0.00     3.8867    34.4337    27.3473    150.636     3.8866    34.4330    27.3468 0.0000e+00
   1059.000     3.9625   3.251309     3.9623   3.251227     1.3001     0.0112    89.7043 4.1039e-03       0.00     3.8824    34.4339    27.3479    151.795     3.8821    34.4332    27.3474 0.0000e+00
   1060.000     3.9545   3.250668     3.9542   3.250612     1.2999     0.0116    89.7013 5.3554e-03       0.00     3.8743    34.4343    27.3490    152.101     3.8740    34.4339    27.3487 0.0000e+00
   1061.000     3.9491   3.250268     3.9488   3.250203     1.2994     0.0116    89.7090 3.3089e-03       0.00     3.8689    34.4346    27.3499    151.877     3.8686    34.4342    27.3495 0.0000e+00
   1062.000     3.9458   3.250037     3.9455   3.249955     1.2990     0.0104    89.7098 3.8752e-03       0.00     3.8655    34.4349    27.3504    151.950     3.8652    34.4342    27.3499 0.0000e+00
   1063.000     3.9448   3.249989     3.9444   3.249893     1.2987     0.0095    89.7068 2.4436e-03       0.00     3.8644    34.4349    27.3505    152.114     3.8641    34.4341    27.3500 0.0000e+00
   1064.000     3.9439   3.249964     3.9437   3.249872     1.2985     0.0093    89.7101 2.9197e-03       0.00     3.8634    34.4350    27.3507    152.084     3.8633    34.4341    27.3500 0.0000e+00
   1065.000     3.9428   3.249901     3.9427   3.249809     1.2983     0.0098    89.7069 4.3005e-03       0.00     3.8623    34.4349    27.3508    151.949     3.8622    34.4339    27.3500 0.0000e+00
   1066.000     3.9413   3.249823     3.9411   3.249734     1.2979     0.0081    89.7056 5.7789e-03       0.00     3.8607    34.4350    27.3510    151.831     3.8605    34.4342    27.3503 0.0000e+00
   1067.000     3.9393   3.249703     3.9391   3.249619     1.2975     0.0080    89.7091 5.1621e-03       0.00     3.8586    34.4352    27.3514    151.638     3.8584    34.4344    27.3508 0.0000e+00
   1068.000     3.9371   3.249566     3.9368   3.249484     1.2968     0.0079    89.7113 3.4603e-03       0.00     3.8564    34.4354    27.3517    151.442     3.8561    34.4347    27.3513 0.0000e+00
   1069.000     3.9322   3.249187     3.9320   3.249138     1.2965     0.0081    89.7063 3.6973e-03       0.00     3.8515    34.4355    27.3523    151.527     3.8512    34.4351    27.3521 0.0000e+00
   1070.000     3.9276   3.248852     3.9274   3.248785     1.2960     0.0096    89.7130 5.8126e-03       0.00     3.8468    34.4358    27.3531    151.714     3.8466    34.4352    27.3526 0.0000e+00
   1071.000     3.9201   3.248165     3.9197   3.248178     1.2960     0.0099    89.7082 4.4749e-03       0.00     3.8393    34.4350    27.3532    151.627     3.8389    34.4356    27.3537 0.0000e+00
   1072.000     3.9060   3.247014     3.9058   3.247023     1.2957     0.0104    89.7113 3.3921e-03       0.00     3.8252    34.4357    27.3551    151.521     3.8250    34.4359    27.3554 0.0000e+00
   1073.000     3.8947   3.246141     3.8948   3.246122     1.2952     0.0114    89.7101 3.1486e-03       0.00     3.8139    34.4366    27.3571    151.780     3.8140    34.4363    27.3568 0.0000e+00
   1074.000     3.8912   3.245890     3.8916   3.245863     1.2952     0.0122    89.7110 4.6168e-03       0.00     3.8103    34.4368    27.3576    152.144     3.8107    34.4361    27.3570 0.0000e+00
   1075.000     3.8870   3.245562     3.8871   3.245509     1.2952     0.0113    89.7096 4.5992e-03       0.00     3.8061    34.4368    27.3579    152.121     3.8062    34.4360    27.3573 0.0000e+00
   1076.000     3.8850   3.245446     3.8849   3.245357     1.2951     0.0125    89.7084 4.2907e-03       0.00     3.8041    34.4370    27.3583    152.101     3.8040    34.4360    27.3576 0.0000e+00
   1077.000     3.8818   3.245184     3.8816   3.245134     1.2950     0.0133    89.7113 2.7824e-03       0.00     3.8008    34.4367    27.3584    151.896     3.8006    34.4363    27.3582 0.0000e+00
   1078.000     3.8742   3.244597     3.8740   3.244547     1.2946     0.0115    89.7140 2.9448e-03       0.00     3.7932    34.4372    27.3596    151.741     3.7930    34.4368    27.3593 0.0000e+00
   1079.000     3.8687   3.244196     3.8685   3.244137     1.2942     0.0099    89.7057 3.0440e-03       0.00     3.7876    34.4377    27.3606    151.612     3.7875    34.4372    27.3602 0.0000e+00
   1080.000     3.8616   3.243624     3.8615   3.243589     1.2939     0.0111    89.7073 4.6715e-03       0.00     3.7805    34.4379    27.3614    151.904     3.7804    34.4376    27.3612 0.0000e+00
   1081.000     3.8535   3.242983     3.8534   3.242959     1.2936     0.0109    89.7041 2.4988e-03       0.00     3.7724    34.4382    27.3625    151.695     3.7723    34.4380    27.3623 0.0000e+00
   1082.000     3.8445   3.242278     3.8445   3.242262     1.2935     0.0105    89.7063 3.1562e-03       0.00     3.7634    34.4387    27.3638    151.541     3.7634    34.4386    27.3637 0.0000e+00
   1083.000     3.8337   3.241410     3.8329   3.241344     1.2929     0.0118    89.7115 4.8779e-03       0.00     3.7526    34.4393    27.3654    151.552     3.7518    34.4393    27.3655 0.0000e+00
   1084.000     3.8262   3.240861     3.8260   3.240794     1.2927     0.0114    89.7105 5.3236e-03       0.00     3.7451    34.4401    27.3667    151.831     3.7449    34.4395    27.3663 0.0000e+00
   1085.000     3.8181   3.240140     3.8178   3.240152     1.2925     0.0106    89.7108 5.6048e-03       0.00     3.7369    34.4396    27.3671    151.869     3.7366    34.4400    27.3675 0.0000e+00
   1086.000     3.8015   3.238857     3.8013   3.238819     1.2923     0.0094    89.7060 3.2982e-03       0.00     3.7204    34.4412    27.3701    151.656     3.7202    34.4409    27.3699 0.0000e+00
   1087.000     3.7943   3.238331     3.7941   3.238252     1.2919     0.0092    89.7174 5.3120e-03       0.00     3.7132    34.4420    27.3714    151.656     3.7130    34.4412    27.3708 0.0000e+00
   1088.000     3.7926   3.238237     3.7924   3.238148     1.2915     0.0092    89.7103 5.1450e-03       0.00     3.7114    34.4421    27.3717    151.851     3.7112    34.4413    27.3711 0.0000e+00
   1089.000     3.7911   3.238156     3.7908   3.238065     1.2915     0.0094    89.7119 6.8054e-03       0.00     3.7099    34.4422    27.3719    152.097     3.7096    34.4414    27.3713 0.0000e+00
   1090.000     3.7882   3.237965     3.7880   3.237884     1.2915     0.0101    89.7108 6.2910e-03       0.00     3.7069    34.4425    27.3725    152.002     3.7067    34.4417    27.3719 0.0000e+00
   1091.000     3.7840   3.237678     3.7839   3.237607     1.2913     0.0100    89.7159 4.8404e-03       0.00     3.7026    34.4429    27.3732    151.855     3.7025    34.4422    27.3727 0.0000e+00
   1092.000     3.7788   3.237345     3.7790   3.237271     1.2911     0.0095    89.7095 4.3642e-03       0.00     3.6974    34.4439    27.3746    151.756     3.6976    34.4429    27.3737 0.0000e+00
   1093.000     3.7753   3.237142     3.7754   3.237073     1.2904     0.0095    89.7070 3.0115e-03       0.00     3.6939    34.4446    27.3755    151.497     3.6940    34.4437    27.3748 0.0000e+00
   1094.000     3.7738   3.237064     3.7737   3.236984     1.2899     0.0089    89.7063 5.6732e-03       0.00     3.6923    34.4448    27.3758    151.447     3.6921    34.4440    27.3752 0.0000e+00
   1095.000     3.7722   3.237012     3.7724   3.236959     1.2897     0.0085    89.7123 6.8215e-03       0.00     3.6906    34.4454    27.3764    151.628     3.6908    34.4445    27.3757 0.0000e+00
   1096.000     3.7707   3.236939     3.7703   3.236829     1.2894     0.0095    89.7146 6.1400e-03       0.00     3.6890    34.4456    27.3767    151.569     3.6886    34.4447    27.3760 0.0000e+00
   1097.000     3.7704   3.236957     3.7702   3.236884     1.2891     0.0104    89.7130 5.8736e-03       0.00     3.6886    34.4456    27.3768    151.667     3.6885    34.4449    27.3763 0.0000e+00
   1098.000     3.7697   3.236959     3.7695   3.236859     1.2891     0.0100    89.7116 5.8814e-03       0.00     3.6879    34.4458    27.3770    151.754     3.6877    34.4449    27.3763 0.0000e+00
   1099.000     3.7694   3.236977     3.7692   3.236884     1.2889     0.0096    89.7144 6.3281e-03       0.00     3.6875    34.4459    27.3771    151.578     3.6873    34.4450    27.3764 0.0000e+00
   1100.000     3.7687   3.236949     3.7687   3.236884     1.2886     0.0090    89.7005 6.9540e-03       0.00     3.6867    34.4458    27.3771    151.671     3.6867    34.4450    27.3765 0.0000e+00
   1101.000     3.7656   3.236761     3.7661   3.236725     1.2888     0.0097    89.7159 6.4550e-03       0.00     3.6836    34.4462    27.3778    151.487     3.6840    34.4454    27.3770 0.0000e+00
   1102.000     3.7661   3.236862     3.7663   3.236793     1.2880     0.0090    89.7122 7.4194e-03       0.00     3.6840    34.4464    27.3779    151.208     3.6842    34.4454    27.3771 0.0000e+00
   1103.000     3.7651   3.236779     3.7646   3.236697     1.2877     0.0093    89.7135 7.7320e-03       0.00     3.6829    34.4460    27.3777    151.737     3.6824    34.4456    27.3774 0.0000e+00
   1104.000     3.7628   3.236677     3.7628   3.236595     1.2880     0.0091    89.7148 5.7323e-03       0.00     3.6806    34.4467    27.3784    152.335     3.6805    34.4458    27.3777 0.0000e+00
   1105.000     3.7583   3.236338     3.7578   3.236244     1.2883     0.0089    89.7132 7.5838e-03       0.00     3.6760    34.4468    27.3790    153.253     3.6755    34.4463    27.3786 0.0000e+00
   1106.000     3.7545   3.236090     3.7543   3.236010     1.2895     0.0095    89.7075 8.7138e-03       0.00     3.6721    34.4475    27.3799    153.913     3.6719    34.4467    27.3793 0.0000e+00
   1107.000     3.7520   3.235889     3.7516   3.235839     1.2906     0.0098    89.7105 9.6509e-03       0.00     3.6696    34.4471    27.3799    152.523     3.6692    34.4469    27.3798 0.0000e+00
   1108.000     3.7457   3.235491     3.7456   3.235411     1.2896     0.0099    89.7147 8.1419e-03       0.00     3.6633    34.4485    27.3816    150.354     3.6631    34.4477    27.3810 0.0000e+00
   1109.000     3.7430   3.235278     3.7426   3.235209     1.2878     0.0092    89.7135 7.6851e-03       0.00     3.6605    34.4483    27.3817    149.449     3.6601    34.4479    27.3815 0.0000e+00
   1110.000     3.7372   3.234892     3.7371   3.234825     1.2860     0.0089    89.7215 7.0153e-03       0.00     3.6547    34.4492    27.3830    149.663     3.6546    34.4485    27.3825 0.0000e+00
   1111.000     3.7333   3.234660     3.7332   3.234574     1.2847     0.0085    89.7113 6.4755e-03       0.00     3.6507    34.4501    27.3841    150.006     3.6506    34.4492    27.3834 0.0000e+00
   1112.000     3.7301   3.234437     3.7301   3.234362     1.2834     0.0118    89.7170 6.0238e-03       0.00     3.6474    34.4503    27.3846    150.025     3.6474    34.4494    27.3839 0.0000e+00
   1113.000     3.7265   3.234177     3.7263   3.234114     1.2826     0.0110    89.7148 4.8095e-03       0.00     3.6438    34.4504    27.3851    150.129     3.6436    34.4499    27.3847 0.0000e+00
   1114.000     3.7216   3.233792     3.7212   3.233734     1.2818     0.0117    89.7109 4.9274e-03       0.00     3.6388    34.4506    27.3857    150.374     3.6384    34.4503    27.3854 0.0000e+00
   1115.000     3.7146   3.233293     3.7145   3.233244     1.2816     0.0110    89.7215 4.8793e-03       0.00     3.6318    34.4514    27.3870    150.303     3.6317    34.4509    27.3867 0.0000e+00
   1116.000     3.7103   3.232999     3.7101   3.232945     1.2808     0.0112    89.7219 5.1013e-03       0.00     3.6275    34.4519    27.3878    150.149     3.6273    34.4515    27.3875 0.0000e+00
   1117.000     3.7069   3.232786     3.7068   3.232709     1.2806     0.0103    89.7145 4.3303e-03       0.00     3.6240    34.4524    27.3886    150.476     3.6239    34.4516    27.3880 0.0000e+00
   1118.000     3.7026   3.232454     3.7024   3.232392     1.2804     0.0094    89.7147 3.3065e-03       0.00     3.6197    34.4525    27.3891    150.249     3.6195    34.4520    27.3887 0.0000e+00
   1119.000     3.6975   3.232111     3.6975   3.232044     1.2798     0.0106    89.7121 4.2547e-03       0.00     3.6146    34.4532    27.3902    150.004     3.6145    34.4525    27.3896 0.0000e+00
   1120.000     3.6945   3.231909     3.6944   3.231827     1.2793     0.0099    89.7148 6.7733e-03       0.00     3.6115    34.4535    27.3907    150.428     3.6114    34.4526    27.3900 0.0000e+00
   1121.000     3.6917   3.231720     3.6915   3.231642     1.2792     0.0098    89.7224 6.4708e-03       0.00     3.6086    34.4537    27.3911    150.575     3.6084    34.4530    27.3906 0.0000e+00
   1122.000     3.6889   3.231562     3.6888   3.231481     1.2790     0.0079    89.7160 6.2274e-03       0.00     3.6057    34.4542    27.3919    150.299     3.6056    34.4534    27.3912 0.0000e+00
   1123.000     3.6872   3.231459     3.6871   3.231387     1.2785     0.0076    89.7185 7.2919e-03       0.00     3.6040    34.4543    27.3921    150.140     3.6039    34.4536    27.3915 0.0000e+00
   1124.000     3.6779   3.230667     3.6776   3.230670     1.2782     0.0086    89.7181 6.4625e-03       0.00     3.5947    34.4541    27.3928    150.140     3.5944    34.4544    27.3931 0.0000e+00
   1125.000     3.6663   3.229843     3.6663   3.229761     1.2778     0.0116    89.7150 5.6259e-03       0.00     3.5831    34.4559    27.3954    150.233     3.5831    34.4550    27.3947 0.0000e+00
   1126.000     3.6604   3.229368     3.6603   3.229325     1.2773     0.0114    89.7209 6.1206e-03       0.00     3.5772    34.4560    27.3961    150.167     3.5771    34.4555    27.3957 0.0000e+00
   1127.000     3.6509   3.228610     3.6508   3.228572     1.2770     0.0116    89.7160 4.3679e-03       0.00     3.5677    34.4564    27.3973    150.468     3.5676    34.4560    27.3971 0.0000e+00
   1128.000     3.6433   3.228015     3.6431   3.227941     1.2769     0.0101    89.7141 5.5871e-03       0.00     3.5600    34.4568    27.3984    150.583     3.5598    34.4561    27.3979 0.0000e+00
