Data/ruptures/TONGA/STATION 8/TONGA_CTD_022.cnv
* Sea-Bird SBE 9 Data File:
* FileName = C:\CTD\raw\TONGA_CTD_022.hdr
* Software Version Seasave V 7.21b
* Temperature SN = 0970
* Conductivity SN = 0606
* Number of Bytes Per Scan = 44
* Number of Voltage Words = 5
* Number of Scans Averaged by the Deck Unit = 1
* NMEA Latitude = 20 29.90 S
* NMEA Longitude = 171 59.79 W
* NMEA UTC (Time) = Nov 16 2019 22:23:35
# nquan = 18
# nvalues = 302                         
# units = specified
# name 0 = prDM: Pressure, Digiquartz [db]
# name 1 = t090C: Temperature [ITS-90, deg C]
# name 2 = c0S/m: Conductivity [S/m]
# name 3 = t190C: Temperature, 2 [ITS-90, deg C]
# name 4 = c1S/m: Conductivity, 2 [S/m]
# name 5 = sbeox0V: Oxygen raw, SBE 43 [V]
# name 6 = flC: Fluorescence, Chelsea Aqua 3 Chl Con [ug/l]
# name 7 = xmiss: Beam Transmission, Chelsea/Seatech [%]
# name 8 = par: PAR/Irradiance, Biospherical/Licor
# name 9 = altM: Altimeter [m]
# name 10 = potemp090C: Potential Temperature [ITS-90, deg C]
# name 11 = sal00: Salinity, Practical [PSU]
# name 12 = sigma-é00: Density [sigma-theta, kg/m^3]
# name 13 = sbox0Mm/Kg: Oxygen, SBE 43 [umol/kg]
# name 14 = potemp190C: Potential Temperature, 2 [ITS-90, deg C]
# name 15 = sal11: Salinity, Practical, 2 [PSU]
# name 16 = sigma-é11: Density, 2 [sigma-theta, kg/m^3]
# name 17 = flag:
# span 0 =      4.000,    305.000       
# span 1 =    17.2209,    25.9612       
# span 2 =   4.567741,   5.450991       
# span 3 =    17.2107,    25.9623       
# span 4 =   4.566561,   5.451045       
# span 5 =     1.8250,     2.3057       
# span 6 =     0.0092,     0.1453       
# span 7 =    87.9757,    89.4336       
# span 8 = 5.5486e-05, 1.3849e+03       
# span 9 =       0.00,       0.00       
# span 10 =    17.1699,    25.9603      
# span 11 =    35.2828,    35.7470      
# span 12 =    23.2826,    25.7575      
# span 13 =    163.330,    197.574      
# span 14 =    17.1596,    25.9614      
# span 15 =    35.2927,    35.7474      
# span 16 =    23.2820,    25.7583      
# span 17 = 0.0000e+00, 0.0000e+00      
# interval = decibars: 1                
# start_time = Jan 01 2000 22:23:35 [NMEA time, first data scan]
# bad_flag = -9.990e-29
*END*
[from data line 242]
    246.000    19.3637   4.812907    19.3644   4.813522     1.8554     0.0131    89.3901 9.6505e-02       0.00    19.3190    35.6219    25.4145    164.473    19.3197    35.6264    25.4177 0.0000e+00
    247.000    19.2902   4.804801    19.2916   4.805005     1.8541     0.0120    89.3898 9.2490e-02       0.00    19.2455    35.6169    25.4297    164.990    19.2469    35.6174    25.4297 0.0000e+00
    248.000    19.2518   4.800453    19.2537   4.800685     1.8537     0.0101    89.3951 9.0953e-02       0.00    19.2069    35.6132    25.4367    165.273    19.2088    35.6135    25.4366 0.0000e+00
    249.000    19.2234   4.797448    19.2255   4.797682     1.8540     0.0097    89.3906 8.6233e-02       0.00    19.1784    35.6120    25.4432    165.573    19.1805    35.6122    25.4428 0.0000e+00
    250.000    19.1969   4.794448    19.1992   4.794850     1.8542     0.0104    89.3881 8.0753e-02       0.00    19.1518    35.6093    25.4480    165.857    19.1541    35.6107    25.4485 0.0000e+00
    251.000    19.1612   4.790382    19.1629   4.790756     1.8555     0.0111    89.3938 7.9158e-02       0.00    19.1159    35.6056    25.4544    166.235    19.1176    35.6073    25.4553 0.0000e+00
    252.000    19.1283   4.786759    19.1302   4.786991     1.8563     0.0127    89.3903 7.5873e-02       0.00    19.0829    35.6032    25.4610    166.508    19.0848    35.6035    25.4608 0.0000e+00
    253.000    19.0958   4.783259    19.0968   4.783312     1.8598     0.0146    89.3927 7.1053e-02       0.00    19.0503    35.6014    25.4680    167.601    19.0513    35.6009    25.4674 0.0000e+00
    254.000    19.0459   4.777981    19.0468   4.778167     1.8638     0.0133    89.3877 6.8153e-02       0.00    19.0003    35.5996    25.4795    167.674    19.0012    35.6004    25.4799 0.0000e+00
    255.000    19.0102   4.773923    19.0122   4.774232     1.8644     0.0123    89.3875 6.6762e-02       0.00    18.9645    35.5959    25.4859    167.670    18.9664    35.5968    25.4860 0.0000e+00
    256.000    18.9806   4.770473    18.9831   4.770770     1.8653     0.0146    89.3904 6.3595e-02       0.00    18.9347    35.5921    25.4905    167.876    18.9373    35.5924    25.4901 0.0000e+00
    257.000    18.9668   4.769242    18.9687   4.769302     1.8652     0.0144    89.3923 5.8011e-02       0.00    18.9208    35.5932    25.4949    167.659    18.9227    35.5921    25.4936 0.0000e+00
    258.000    18.9614   4.768677    18.9634   4.768775     1.8648     0.0144    89.3882 5.7438e-02       0.00    18.9152    35.5928    25.4960    167.468    18.9172    35.5919    25.4949 0.0000e+00
    259.000    18.9544   4.767766    18.9555   4.767817     1.8641     0.0144    89.3898 5.3018e-02       0.00    18.9081    35.5908    25.4963    167.248    18.9091    35.5903    25.4957 0.0000e+00
    260.000    18.9415   4.766201    18.9436   4.766391     1.8627     0.0124    89.3938 4.8165e-02       0.00    18.8950    35.5883    25.4978    167.045    18.8971    35.5882    25.4972 0.0000e+00
    261.000    18.9251   4.764124    18.9258   4.764268     1.8615     0.0124    89.3906 4.7306e-02       0.00    18.8784    35.5847    25.4992    166.834    18.8792    35.5852    25.4994 0.0000e+00
    262.000    18.9037   4.761647    18.9056   4.761882     1.8595     0.0123    89.3940 4.5971e-02       0.00    18.8569    35.5819    25.5026    166.545    18.8588    35.5822    25.5023 0.0000e+00
    263.000    18.8734   4.758009    18.8752   4.758281     1.8572     0.0125    89.3946 4.2728e-02       0.00    18.8265    35.5770    25.5066    166.150    18.8283    35.5777    25.5066 0.0000e+00
    264.000    18.8374   4.753450    18.8378   4.753747     1.8527     0.0130    89.3992 4.1692e-02       0.00    18.7904    35.5692    25.5099    165.582    18.7907    35.5714    25.5114 0.0000e+00
    265.000    18.7646   4.744683    18.7655   4.745123     1.8486     0.0148    89.3958 4.0040e-02       0.00    18.7175    35.5577    25.5196    165.781    18.7184    35.5607    25.5216 0.0000e+00
    266.000    18.6825   4.735136    18.6844   4.735671     1.8471     0.0145    89.4039 3.7468e-02       0.00    18.6354    35.5476    25.5326    166.234    18.6373    35.5505    25.5343 0.0000e+00
    267.000    18.6449   4.731140    18.6463   4.731234     1.8463     0.0136    89.4019 3.6189e-02       0.00    18.5977    35.5459    25.5408    166.342    18.5991    35.5454    25.5401 0.0000e+00
    268.000    18.6344   4.729675    18.6362   4.729983     1.8454     0.0122    89.4011 3.3156e-02       0.00    18.5870    35.5422    25.5407    166.194    18.5888    35.5433    25.5410 0.0000e+00
    269.000    18.5941   4.725115    18.5963   4.725320     1.8439     0.0122    89.4088 3.1597e-02       0.00    18.5466    35.5381    25.5477    165.928    18.5488    35.5379    25.5470 0.0000e+00
    270.000    18.5739   4.722621    18.5759   4.722884     1.8404     0.0136    89.4030 2.8755e-02       0.00    18.5263    35.5340    25.5497    165.123    18.5282    35.5346    25.5497 0.0000e+00
    271.000    18.5253   4.717038    18.5275   4.717367     1.8370     0.0124    89.4080 2.6405e-02       0.00    18.4776    35.5284    25.5577    165.269    18.4797    35.5293    25.5579 0.0000e+00
    272.000    18.4971   4.713181    18.4986   4.713965     1.8361     0.0114    89.4037 2.4907e-02       0.00    18.4493    35.5197    25.5581    165.695    18.4507    35.5250    25.5619 0.0000e+00
    273.000    18.3696   4.698301    18.3705   4.699170     1.8356     0.0112    89.4091 2.5232e-02       0.00    18.3218    35.5033    25.5775    166.313    18.3227    35.5099    25.5824 0.0000e+00
    274.000    18.3154   4.692416    18.3171   4.692845     1.8361     0.0106    89.4116 2.2771e-02       0.00    18.2675    35.4998    25.5884    166.579    18.2693    35.5019    25.5896 0.0000e+00
    275.000    18.2821   4.688848    18.2839   4.688961     1.8357     0.0099    89.4149 2.2292e-02       0.00    18.2342    35.4978    25.5953    166.568    18.2359    35.4973    25.5944 0.0000e+00
    276.000    18.2699   4.687529    18.2718   4.687578     1.8358     0.0105    89.4125 2.0740e-02       0.00    18.2217    35.4969    25.5976    166.756    18.2237    35.4956    25.5962 0.0000e+00
    277.000    18.2657   4.687040    18.2675   4.687122     1.8361     0.0106    89.4202 1.8704e-02       0.00    18.2174    35.4959    25.5980    166.800    18.2192    35.4950    25.5969 0.0000e+00
    278.000    18.2548   4.685854    18.2567   4.685928     1.8359     0.0117    89.4169 1.5559e-02       0.00    18.2064    35.4949    25.5999    166.417    18.2082    35.4939    25.5987 0.0000e+00
    279.000    18.2448   4.684636    18.2468   4.684816     1.8343     0.0121    89.4116 1.3910e-02       0.00    18.1962    35.4928    25.6009    165.927    18.1981    35.4927    25.6003 0.0000e+00
    280.000    18.2145   4.680881    18.2163   4.681305     1.8323     0.0121    89.4125 1.2537e-02       0.00    18.1658    35.4867    25.6038    165.746    18.1675    35.4888    25.6049 0.0000e+00
    281.000    18.1550   4.673952    18.1563   4.674410     1.8306     0.0121    89.4148 1.1707e-02       0.00    18.1062    35.4788    25.6125    166.266    18.1075    35.4816    25.6144 0.0000e+00
    282.000    18.0803   4.665196    18.0815   4.665707     1.8307     0.0109    89.4122 1.0637e-02       0.00    18.0315    35.4685    25.6231    166.725    18.0327    35.4718    25.6254 0.0000e+00
    283.000    18.0095   4.657202    18.0112   4.657514     1.8297     0.0117    89.4173 1.0012e-02       0.00    17.9606    35.4612    25.6351    166.656    17.9623    35.4624    25.6356 0.0000e+00
    284.000    17.9685   4.652386    17.9706   4.652832     1.8296     0.0124    89.4123 9.0851e-03       0.00    17.9196    35.4552    25.6406    167.109    17.9217    35.4572    25.6416 0.0000e+00
    285.000    17.8759   4.641489    17.8769   4.642257     1.8295     0.0116    89.4169 5.5901e-03       0.00    17.8269    35.4419    25.6533    167.162    17.8280    35.4476    25.6573 0.0000e+00
    286.000    17.8314   4.636901    17.8337   4.637217     1.8288     0.0124    89.4113 4.8679e-03       0.00    17.7824    35.4408    25.6633    167.068    17.7846    35.4416    25.6634 0.0000e+00
    287.000    17.7888   4.631867    17.7917   4.632357     1.8275     0.0113    89.4171 3.4576e-03       0.00    17.7396    35.4343    25.6689    166.944    17.7426    35.4359    25.6694 0.0000e+00
    288.000    17.7064   4.621978    17.7090   4.623025     1.8263     0.0105    89.4150 2.6615e-03       0.00    17.6572    35.4206    25.6785    167.354    17.6599    35.4273    25.6830 0.0000e+00
    289.000    17.6244   4.613247    17.6268   4.613491     1.8263     0.0102    89.4118 1.0690e-03       0.00    17.5753    35.4164    25.6953    167.868    17.5776    35.4164    25.6947 0.0000e+00
    290.000    17.6044   4.611040    17.6063   4.611130     1.8264     0.0092    89.4190 3.2606e-04       0.00    17.5552    35.4144    25.6987    167.909    17.5571    35.4135    25.6975 0.0000e+00
    291.000    17.5965   4.610271    17.5985   4.610311     1.8263     0.0099    89.4191 1.6817e-04       0.00    17.5471    35.4143    25.7005    167.920    17.5491    35.4129    25.6990 0.0000e+00
    292.000    17.5892   4.609369    17.5909   4.609533     1.8261     0.0108    89.4195 7.7579e-04       0.00    17.5396    35.4126    25.7010    167.883    17.5413    35.4125    25.7006 0.0000e+00
    293.000    17.5607   4.605909    17.5620   4.606299     1.8258     0.0123    89.4215 2.9254e-04       0.00    17.5110    35.4072    25.7038    168.145    17.5123    35.4094    25.7053 0.0000e+00
    294.000    17.5194   4.601529    17.5214   4.601683     1.8265     0.0127    89.4274 5.6595e-05       0.00    17.4696    35.4050    25.7122    168.442    17.4716    35.4045    25.7114 0.0000e+00
    295.000    17.5156   4.601218    17.5176   4.601252     1.8265     0.0120    89.4270 6.5274e-05       0.00    17.4657    35.4052    25.7133    168.385    17.4676    35.4038    25.7118 0.0000e+00
    296.000    17.5119   4.600793    17.5142   4.600899     1.8266     0.0110    89.4254 5.6782e-05       0.00    17.4618    35.4044    25.7137    168.302    17.4640    35.4034    25.7123 0.0000e+00
    297.000    17.4938   4.598667    17.4960   4.598880     1.8258     0.0111    89.4212 7.2559e-05       0.00    17.4436    35.4014    25.7158    168.044    17.4457    35.4014    25.7153 0.0000e+00
    298.000    17.4561   4.594108    17.4533   4.594121     1.8250     0.0100    89.4254 5.6388e-05       0.00    17.4057    35.3946    25.7197    168.323    17.4030    35.3971    25.7223 0.0000e+00
    299.000    17.3831   4.585978    17.3850   4.586403     1.8251     0.0100    89.4203 6.1745e-05       0.00    17.3327    35.3876    25.7320    168.878    17.3346    35.3896    25.7331 0.0000e+00
    300.000    17.2947   4.575877    17.2963   4.576369     1.8260     0.0101    89.4255 5.5557e-05       0.00    17.2443    35.3769    25.7451    169.071    17.2459    35.3798    25.7469 0.0000e+00
    301.000    17.2604   4.572307    17.2623   4.572384     1.8252     0.0101    89.4260 7.0859e-05       0.00    17.2099    35.3756    25.7524    169.088    17.2118    35.3745    25.7511 0.0000e+00
    302.000    17.2497   4.570978    17.2514   4.571143     1.8258     0.0104    89.4088 7.1294e-05       0.00    17.1991    35.3730    25.7529    169.628    17.2008    35.3729    25.7525 0.0000e+00
    303.000    17.2324   4.569110    17.2342   4.569187     1.8271     0.0106    89.4274 5.5486e-05       0.00    17.1816    35.3715    25.7560    169.911    17.1834    35.3707    25.7549 0.0000e+00
    304.000    17.2313   4.569222    17.2334   4.569241     1.8281     0.0109    89.4271 6.0255e-05       0.00    17.1804    35.3730    25.7575    169.788    17.1824    35.3714    25.7558 0.0000e+00
    305.000    17.2209   4.567741    17.2107   4.566561     1.8267     0.0121    89.4336 6.2841e-05       0.00    17.1699    35.3689    25.7568    169.697    17.1596    35.3676    25.7583 0.0000e+00
