Data/ruptures/TONGA/STATION 8/TONGA_CTD_024.cnv
* Sea-Bird SBE 9 Data File:
* FileName = C:\CTD\raw\TONGA_CTD_024.hdr
* Software Version Seasave V 7.21b
* Temperature SN = 0970
* Conductivity SN = 0606
* Number of Bytes Per Scan = 44
* Number of Voltage Words = 5
* Number of Scans Averaged by the Deck Unit = 1
* NMEA Latitude = 20 23.37 S
* NMEA Longitude = 166 25.81 W
* NMEA UTC (Time) = Nov 18 2019 17:32:16
# nquan = 18
# nvalues = 1962                        
# units = specified
# name 0 = prDM: Pressure, Digiquartz [db]
# name 1 = t090C: Temperature [ITS-90, deg C]
# name 2 = c0S/m: Conductivity [S/m]
# name 3 = t190C: Temperature, 2 [ITS-90, deg C]
# name 4 = c1S/m: Conductivity, 2 [S/m]
# name 5 = sbeox0V: Oxygen raw, SBE 43 [V]
# name 6 = flC: Fluorescence, Chelsea Aqua 3 Chl Con [ug/l]
# name 7 = xmiss: Beam Transmission, Chelsea/Seatech [%]
# name 8 = par: PAR/Irradiance, Biospherical/Licor
# name 9 = altM: Altimeter [m]
# name 10 = potemp090C: Potential Temperature [ITS-90, deg C]
# name 11 = sal00: Salinity, Practical [PSU]
# name 12 = sigma-é00: Density [sigma-theta, kg/m^3]
# name 13 = sbox0Mm/Kg: Oxygen, SBE 43 [umol/kg]
# name 14 = potemp190C: Potential Temperature, 2 [ITS-90, deg C]
# name 15 = sal11: Salinity, Practical, 2 [PSU]
# name 16 = sigma-é11: Density, 2 [sigma-theta, kg/m^3]
# name 17 = flag:
# span 0 =      5.000,   1966.000       
# span 1 =     2.1872,    25.4595       
# span 2 =   3.149519,   5.410274       
# span 3 =     2.1880,    25.4598       
# span 4 =   3.149500,   5.410095       
# span 5 =     1.0984,     2.2847       
# span 6 =     0.0063,     0.1280       
# span 7 =    88.7571,    89.8374       
# span 8 = 1.5398e-05, 1.7396e+02       
# span 9 =       0.00,       0.00       
# span 10 =     2.0509,    25.4579      
# span 11 =    34.3373,    35.7688      
# span 12 =    23.5031,    27.6726      
# span 13 =    133.853,    196.851      
# span 14 =     2.0518,    25.4587      
# span 15 =    34.3387,    35.7707      
# span 16 =    23.5020,    27.6716      
# span 17 = 0.0000e+00, 0.0000e+00      
# interval = decibars: 1                
# start_time = Nov 18 2019 17:32:17 [NMEA time, first data scan]
# bad_flag = -9.990e-29
*END*
      5.000    25.4590   5.409617    25.4598   5.409546     2.2758     0.0162    88.8995 1.3209e+02       0.00    25.4579    35.3997    23.5031    190.307    25.4587    35.3986    23.5020 0.0000e+00
      6.000    25.4578   5.409577    25.4583   5.409500     2.2815     0.0140    88.9008 1.7396e+02       0.00    25.4565    35.4001    23.5038    190.889    25.4569    35.3991    23.5029 0.0000e+00
      7.000    25.4558   5.409450    25.4562   5.409304     2.2799     0.0166    88.8614 1.7066e+02       0.00    25.4543    35.4003    23.5047    190.517    25.4546    35.3990    23.5036 0.0000e+00
      8.000    25.4566   5.409538    25.4567   5.409342     2.2806     0.0166    88.8897 1.3276e+02       0.00    25.4548    35.4001    23.5043    191.171    25.4549    35.3986    23.5032 0.0000e+00
      9.000    25.4559   5.409533    25.4566   5.409440     2.2835     0.0149    88.9071 1.4827e+02       0.00    25.4539    35.4003    23.5048    191.456    25.4547    35.3990    23.5035 0.0000e+00
     10.000    25.4557   5.409567    25.4565   5.409478     2.2847     0.0152    88.8966 1.3632e+02       0.00    25.4535    35.4004    23.5050    191.196    25.4543    35.3990    23.5037 0.0000e+00
     11.000    25.4555   5.409611    25.4560   5.409474     2.2820     0.0149    88.8852 1.4339e+02       0.00    25.4531    35.4005    23.5052    190.814    25.4536    35.3991    23.5039 0.0000e+00
     12.000    25.4555   5.409691    25.4554   5.409419     2.2816     0.0145    88.9027 1.1729e+02       0.00    25.4529    35.4008    23.5054    190.929    25.4527    35.3989    23.5041 0.0000e+00
     13.000    25.4568   5.409824    25.4573   5.409643     2.2807     0.0161    88.9151 9.0907e+01       0.00    25.4540    35.4004    23.5048    190.697    25.4544    35.3987    23.5034 0.0000e+00
     14.000    25.4581   5.409954    25.4583   5.409770     2.2806     0.0178    88.9199 9.6907e+01       0.00    25.4550    35.4001    23.5042    190.900    25.4552    35.3986    23.5031 0.0000e+00
     15.000    25.4571   5.409894    25.4573   5.409708     2.2814     0.0173    88.9184 1.2262e+02       0.00    25.4538    35.4001    23.5047    191.083    25.4540    35.3985    23.5034 0.0000e+00
     16.000    25.4566   5.409902    25.4569   5.409719     2.2812     0.0162    88.8903 1.0255e+02       0.00    25.4531    35.4002    23.5049    190.964    25.4533    35.3987    23.5037 0.0000e+00
     17.000    25.4568   5.410004    25.4569   5.409790     2.2812     0.0161    88.9042 9.4141e+01       0.00    25.4530    35.4005    23.5052    190.954    25.4532    35.3988    23.5039 0.0000e+00
     18.000    25.4595   5.410274    25.4588   5.410011     2.2814     0.0156    88.9113 8.7268e+01       0.00    25.4555    35.4001    23.5041    190.977    25.4548    35.3987    23.5033 0.0000e+00
     19.000    25.4588   5.410248    25.4592   5.410095     2.2807     0.0141    88.9086 7.6340e+01       0.00    25.4546    35.4001    23.5044    191.086    25.4550    35.3987    23.5032 0.0000e+00
     20.000    25.4508   5.409758    25.4528   5.409754     2.2820     0.0149    88.9156 8.5566e+01       0.00    25.4464    35.4024    23.5086    191.250    25.4484    35.4008    23.5069 0.0000e+00
     21.000    25.4463   5.409542    25.4475   5.409425     2.2812     0.0149    88.9111 7.9265e+01       0.00    25.4417    35.4040    23.5113    190.910    25.4429    35.4022    23.5096 0.0000e+00
     22.000    25.4435   5.409399    25.4437   5.409222     2.2800     0.0149    88.9021 7.4653e+01       0.00    25.4387    35.4048    23.5129    190.956    25.4388    35.4034    23.5117 0.0000e+00
     23.000    25.4344   5.408765    25.4348   5.408630     2.2783     0.0155    88.9020 6.7355e+01       0.00    25.4294    35.4069    23.5173    190.512    25.4298    35.4056    23.5162 0.0000e+00
     24.000    25.4138   5.407402    25.4135   5.407243     2.2769     0.0143    88.9009 6.6812e+01       0.00    25.4085    35.4126    23.5281    190.753    25.4083    35.4116    23.5274 0.0000e+00
     25.000    25.3985   5.406416    25.4003   5.406327     2.2775     0.0158    88.8934 6.0790e+01       0.00    25.3930    35.4170    23.5361    191.068    25.3948    35.4149    23.5340 0.0000e+00
     26.000    25.3716   5.404476    25.3721   5.404403     2.2783     0.0155    88.8768 5.3604e+01       0.00    25.3659    35.4233    23.5492    190.991    25.3664    35.4224    23.5484 0.0000e+00
     27.000    25.2927   5.398175    25.2950   5.398571     2.2762     0.0154    88.8463 4.8712e+01       0.00    25.2868    35.4380    23.5846    191.045    25.2891    35.4392    23.5848 0.0000e+00
     28.000    25.2225   5.391994    25.2245   5.392575     2.2770     0.0178    88.8141 4.5769e+01       0.00    25.2164    35.4469    23.6129    191.571    25.2184    35.4497    23.6144 0.0000e+00
     29.000    25.1212   5.382969    25.1239   5.383150     2.2771     0.0192    88.7829 4.3765e+01       0.00    25.1149    35.4591    23.6532    191.876    25.1176    35.4583    23.6518 0.0000e+00
     30.000    25.0961   5.380682    25.0979   5.380890     2.2782     0.0194    88.7616 4.1757e+01       0.00    25.0896    35.4615    23.6627    192.070    25.0913    35.4616    23.6623 0.0000e+00
     31.000    25.0478   5.375974    25.0456   5.375709     2.2779     0.0201    88.7845 4.4419e+01       0.00    25.0411    35.4641    23.6795    192.024    25.0389    35.4639    23.6800 0.0000e+00
     32.000    25.0206   5.372980    25.0201   5.372819     2.2769     0.0209    88.8021 4.4384e+01       0.00    25.0137    35.4629    23.6869    192.044    25.0131    35.4621    23.6865 0.0000e+00
     33.000    25.0383   5.374694    25.0260   5.373157     2.2766     0.0195    88.8318 4.4011e+01       0.00    25.0311    35.4614    23.6805    192.040    25.0189    35.4596    23.6829 0.0000e+00
     34.000    25.0141   5.371848    25.0179   5.372391     2.2769     0.0190    88.8324 4.3809e+01       0.00    25.0067    35.4589    23.6861    192.233    25.0105    35.4600    23.6857 0.0000e+00
     35.000    24.9965   5.370184    24.9970   5.370023     2.2760     0.0177    88.8297 3.9640e+01       0.00    24.9889    35.4600    23.6923    191.945    24.9894    35.4585    23.6910 0.0000e+00
     36.000    24.9886   5.369100    24.9888   5.368918     2.2755     0.0189    88.8396 3.8235e+01       0.00    24.9808    35.4579    23.6932    192.095    24.9810    35.4564    23.6920 0.0000e+00
     37.000    24.9722   5.366731    24.9731   5.366814     2.2749     0.0198    88.8463 3.5645e+01       0.00    24.9641    35.4529    23.6945    192.424    24.9650    35.4528    23.6941 0.0000e+00
     38.000    24.9491   5.363587    24.9506   5.363810     2.2769     0.0198    88.8233 3.3870e+01       0.00    24.9408    35.4473    23.6973    193.108    24.9423    35.4478    23.6972 0.0000e+00
     39.000    24.9369   5.362096    24.9377   5.361990     2.2793     0.0194    88.8279 3.4891e+01       0.00    24.9285    35.4454    23.6997    193.106    24.9292    35.4440    23.6984 0.0000e+00
     40.000    24.9500   5.363941    24.9481   5.363447     2.2781     0.0195    88.8319 3.5679e+01       0.00    24.9413    35.4486    23.6982    192.597    24.9394    35.4464    23.6971 0.0000e+00
     41.000    24.9304   5.361309    24.9405   5.362482     2.2778     0.0213    88.8310 3.5266e+01       0.00    24.9215    35.4441    23.7008    192.689    24.9316    35.4449    23.6983 0.0000e+00
     42.000    24.9274   5.361003    24.9279   5.360842     2.2781     0.0218    88.8219 3.5088e+01       0.00    24.9183    35.4438    23.7015    193.043    24.9188    35.4422    23.7001 0.0000e+00
     43.000    24.9279   5.361127    24.9283   5.360924     2.2795     0.0210    88.8165 3.4137e+01       0.00    24.9186    35.4440    23.7016    193.006    24.9190    35.4422    23.7001 0.0000e+00
     44.000    24.9272   5.361130    24.9279   5.360932     2.2782     0.0214    88.8179 3.4562e+01       0.00    24.9177    35.4442    23.7021    192.609    24.9184    35.4422    23.7004 0.0000e+00
     45.000    24.9275   5.361219    24.9280   5.361068     2.2764     0.0224    88.8136 3.5024e+01       0.00    24.9177    35.4444    23.7022    192.628    24.9182    35.4429    23.7009 0.0000e+00
     46.000    24.9277   5.361320    24.9283   5.361141     2.2773     0.0222    88.8113 3.3965e+01       0.00    24.9177    35.4447    23.7024    193.060    24.9183    35.4428    23.7008 0.0000e+00
     47.000    24.9278   5.361424    24.9284   5.361239     2.2783     0.0219    88.8173 3.2447e+01       0.00    24.9176    35.4450    23.7027    192.842    24.9182    35.4431    23.7011 0.0000e+00
     48.000    24.9281   5.361511    24.9286   5.361339     2.2765     0.0220    88.8091 3.1821e+01       0.00    24.9177    35.4451    23.7027    192.481    24.9182    35.4434    23.7013 0.0000e+00
     49.000    24.9285   5.361614    24.9291   5.361421     2.2763     0.0208    88.8055 3.2393e+01       0.00    24.9178    35.4453    23.7028    192.877    24.9184    35.4434    23.7012 0.0000e+00
     50.000    24.9289   5.361739    24.9297   5.361554     2.2763     0.0223    88.8111 3.2263e+01       0.00    24.9181    35.4455    23.7029    192.729    24.9188    35.4436    23.7012 0.0000e+00
     51.000    24.9298   5.361882    24.9304   5.361751     2.2780     0.0224    88.8082 3.1826e+01       0.00    24.9187    35.4456    23.7028    193.288    24.9194    35.4441    23.7014 0.0000e+00
     52.000    24.9298   5.362049    24.9303   5.361892     2.2793     0.0212    88.7976 3.0726e+01       0.00    24.9186    35.4464    23.7035    193.152    24.9190    35.4449    23.7022 0.0000e+00
     53.000    24.9303   5.362192    24.9308   5.362047     2.2790     0.0195    88.8040 2.9634e+01       0.00    24.9188    35.4469    23.7037    193.092    24.9193    35.4454    23.7024 0.0000e+00
     54.000    24.9310   5.362402    24.9315   5.362210     2.2786     0.0196    88.8020 2.8635e+01       0.00    24.9194    35.4475    23.7040    192.826    24.9198    35.4457    23.7025 0.0000e+00
     55.000    24.9314   5.362860    24.9319   5.362668     2.2760     0.0200    88.7931 2.8298e+01       0.00    24.9195    35.4503    23.7061    192.391    24.9200    35.4485    23.7045 0.0000e+00
     56.000    24.9296   5.363276    24.9300   5.363071     2.2748     0.0202    88.7699 2.8363e+01       0.00    24.9175    35.4545    23.7099    192.714    24.9178    35.4527    23.7084 0.0000e+00
     57.000    24.9185   5.363665    24.9188   5.363497     2.2745     0.0207    88.7630 2.7524e+01       0.00    24.9061    35.4658    23.7219    192.663    24.9065    35.4643    23.7206 0.0000e+00
     58.000    24.9094   5.363189    24.9100   5.363058     2.2746     0.0202    88.7611 2.6547e+01       0.00    24.8968    35.4691    23.7272    193.105    24.8974    35.4676    23.7259 0.0000e+00
     59.000    24.9057   5.362857    24.9063   5.362751     2.2762     0.0206    88.7571 2.5479e+01       0.00    24.8929    35.4692    23.7285    193.268    24.8935    35.4680    23.7274 0.0000e+00
     60.000    24.8960   5.361836    24.8965   5.361734     2.2770     0.0218    88.7622 2.4686e+01       0.00    24.8830    35.4689    23.7313    193.223    24.8835    35.4678    23.7302 0.0000e+00
     61.000    24.8823   5.360528    24.8828   5.360426     2.2763     0.0242    88.7808 2.4701e+01       0.00    24.8691    35.4696    23.7360    192.940    24.8697    35.4684    23.7349 0.0000e+00
     62.000    24.8727   5.359624    24.8732   5.359481     2.2739     0.0236    88.7795 2.4641e+01       0.00    24.8593    35.4701    23.7394    192.750    24.8598    35.4686    23.7381 0.0000e+00
     63.000    24.8602   5.358322    24.8608   5.358223     2.2741     0.0235    88.7757 2.3882e+01       0.00    24.8465    35.4699    23.7431    193.211    24.8472    35.4687    23.7420 0.0000e+00
     64.000    24.8395   5.356275    24.8402   5.356177     2.2742     0.0233    88.7811 2.3020e+01       0.00    24.8256    35.4707    23.7500    192.834    24.8264    35.4693    23.7488 0.0000e+00
     65.000    24.8280   5.355100    24.8285   5.354982     2.2720     0.0230    88.7651 2.2315e+01       0.00    24.8140    35.4706    23.7534    192.918    24.8145    35.4693    23.7523 0.0000e+00
     66.000    24.8148   5.353629    24.8154   5.353596     2.2733     0.0228    88.7839 2.1721e+01       0.00    24.8006    35.4697    23.7569    193.597    24.8011    35.4690    23.7562 0.0000e+00
     67.000    24.7993   5.351997    24.7999   5.351879     2.2755     0.0232    88.7817 2.1140e+01       0.00    24.7848    35.4694    23.7614    193.808    24.7855    35.4680    23.7602 0.0000e+00
     68.000    24.7851   5.350268    24.7858   5.350223     2.2760     0.0242    88.7791 2.0444e+01       0.00    24.7704    35.4673    23.7642    193.740    24.7711    35.4665    23.7634 0.0000e+00
     69.000    24.7768   5.349406    24.7773   5.349239     2.2766     0.0245    88.7784 1.9850e+01       0.00    24.7619    35.4672    23.7667    193.657    24.7625    35.4655    23.7652 0.0000e+00
     70.000    24.7741   5.349118    24.7748   5.349004     2.2745     0.0245    88.7710 1.9996e+01       0.00    24.7590    35.4668    23.7673    193.129    24.7597    35.4654    23.7660 0.0000e+00
     71.000    24.7709   5.348729    24.7710   5.348573     2.2730     0.0244    88.7719 1.9869e+01       0.00    24.7556    35.4661    23.7677    193.382    24.7557    35.4648    23.7668 0.0000e+00
     72.000    24.7527   5.346293    24.7532   5.346256     2.2732     0.0235    88.7839 1.9007e+01       0.00    24.7372    35.4619    23.7702    193.660    24.7377    35.4612    23.7695 0.0000e+00
     73.000    24.7455   5.345710    24.7461   5.345517     2.2742     0.0221    88.7724 1.7936e+01       0.00    24.7297    35.4629    23.7732    193.737    24.7304    35.4610    23.7716 0.0000e+00
     74.000    24.7455   5.346112    24.7463   5.345928     2.2742     0.0219    88.7912 1.7179e+01       0.00    24.7296    35.4656    23.7752    193.758    24.7304    35.4636    23.7735 0.0000e+00
     75.000    24.7472   5.346584    24.7480   5.346387     2.2749     0.0245    88.8126 1.7323e+01       0.00    24.7311    35.4674    23.7762    193.664    24.7318    35.4654    23.7744 0.0000e+00
     76.000    24.7481   5.346922    24.7489   5.346715     2.2727     0.0241    88.8133 1.7304e+01       0.00    24.7317    35.4689    23.7771    193.292    24.7325    35.4668    23.7752 0.0000e+00
     77.000    24.7470   5.346869    24.7476   5.346737     2.2717     0.0235    88.8152 1.6688e+01       0.00    24.7304    35.4691    23.7777    193.291    24.7310    35.4676    23.7764 0.0000e+00
     78.000    24.7420   5.346321    24.7427   5.346230     2.2712     0.0251    88.8031 1.6034e+01       0.00    24.7252    35.4686    23.7789    193.573    24.7259    35.4674    23.7778 0.0000e+00
     79.000    24.7389   5.346044    24.7396   5.345893     2.2722     0.0258    88.8035 1.5417e+01       0.00    24.7219    35.4687    23.7799    193.596    24.7226    35.4670    23.7784 0.0000e+00
     80.000    24.7390   5.346087    24.7396   5.345940     2.2716     0.0254    88.8072 1.5057e+01       0.00    24.7217    35.4686    23.7799    193.409    24.7224    35.4670    23.7785 0.0000e+00
     81.000    24.7385   5.346068    24.7392   5.345919     2.2711     0.0264    88.7981 1.4781e+01       0.00    24.7210    35.4685    23.7800    193.443    24.7218    35.4668    23.7786 0.0000e+00
     82.000    24.7368   5.345914    24.7375   5.345787     2.2709     0.0275    88.7979 1.4418e+01       0.00    24.7191    35.4684    23.7805    193.293    24.7199    35.4669    23.7791 0.0000e+00
     83.000    24.7355   5.345805    24.7361   5.345622     2.2695     0.0271    88.7897 1.4089e+01       0.00    24.7176    35.4683    23.7810    193.476    24.7182    35.4665    23.7794 0.0000e+00
     84.000    24.7341   5.345743    24.7349   5.345580     2.2712     0.0262    88.7805 1.3789e+01       0.00    24.7160    35.4686    23.7816    193.735    24.7168    35.4668    23.7800 0.0000e+00
