Data/ruptures/TONGA/STATION 8/TONGA_CTD_026.cnv
* Sea-Bird SBE 9 Data File:
* FileName = C:\CTD\raw\TONGA_CTD_026.hdr
* Software Version Seasave V 7.21b
* Temperature SN = 0970
* Conductivity SN = 0606
* Number of Bytes Per Scan = 44
* Number of Voltage Words = 5
* Number of Scans Averaged by the Deck Unit = 1
* NMEA Latitude = 20 24.23 S
* NMEA Longitude = 166 35.88 W
* NMEA UTC (Time) = Nov 21 2019 05:16:32
# nquan = 18
# nvalues = 5198                        
# units = specified
# name 0 = prDM: Pressure, Digiquartz [db]
# name 1 = t090C: Temperature [ITS-90, deg C]
# name 2 = c0S/m: Conductivity [S/m]
# name 3 = t190C: Temperature, 2 [ITS-90, deg C]
# name 4 = c1S/m: Conductivity, 2 [S/m]
# name 5 = sbeox0V: Oxygen raw, SBE 43 [V]
# name 6 = flC: Fluorescence, Chelsea Aqua 3 Chl Con [ug/l]
# name 7 = xmiss: Beam Transmission, Chelsea/Seatech [%]
# name 8 = par: PAR/Irradiance, Biospherical/Licor
# name 9 = altM: Altimeter [m]
# name 10 = potemp090C: Potential Temperature [ITS-90, deg C]
# name 11 = sal00: Salinity, Practical [PSU]
# name 12 = sigma-é00: Density [sigma-theta, kg/m^3]
# name 13 = sbox0Mm/Kg: Oxygen, SBE 43 [umol/kg]
# name 14 = potemp190C: Potential Temperature, 2 [ITS-90, deg C]
# name 15 = sal11: Salinity, Practical, 2 [PSU]
# name 16 = sigma-é11: Density, 2 [sigma-theta, kg/m^3]
# name 17 = flag:
# span 0 =      3.000,   5200.000       
# span 1 =     1.0555,    26.0665       
# span 2 =   3.147436,   5.467953       
# span 3 =     1.0557,    26.0665       
# span 4 =   3.147405,   5.467811       
# span 5 =     1.0317,     2.2827       
# span 6 =     0.0057,     0.1320       
# span 7 =    88.3489,    89.8491       
# span 8 = 3.8179e-05, 1.6226e+01       
# span 9 =       0.00,       0.00       
# span 10 =     0.6396,    26.0656      
# span 11 =    34.3351,    35.7899      
# span 12 =    23.2815,    27.8330      
# span 13 =    133.882,    197.420      
# span 14 =     0.6399,    26.0656      
# span 15 =    34.3351,    35.7899      
# span 16 =    23.2809,    27.8328      
# span 17 = 0.0000e+00, 0.0000e+00      
# interval = decibars: 1                
# start_time = Jan 01 2000 05:16:32 [NMEA time, first data scan]
# bad_flag = -9.990e-29
*END*
[from data line 2975]
   2978.000     1.7464   3.153614     1.7468   3.153589     1.0435     0.0118    89.8397 2.0869e-02       0.00     1.5263    34.6695    27.7431    141.047     1.5267    34.6688    27.7424 0.0000e+00
   2979.000     1.7460   3.153618     1.7464   3.153603     1.0439     0.0113    89.8423 2.1755e-02       0.00     1.5258    34.6695    27.7431    141.591     1.5262    34.6690    27.7426 0.0000e+00
   2980.000     1.7460   3.153657     1.7463   3.153624     1.0437     0.0108    89.8403 2.2807e-02       0.00     1.5257    34.6696    27.7431    140.989     1.5260    34.6689    27.7425 0.0000e+00
   2981.000     1.7459   3.153688     1.7462   3.153658     1.0437     0.0105    89.8403 2.0866e-02       0.00     1.5256    34.6696    27.7431    141.111     1.5259    34.6689    27.7425 0.0000e+00
   2982.000     1.7458   3.153722     1.7462   3.153694     1.0435     0.0099    89.8424 2.2730e-02       0.00     1.5253    34.6697    27.7432    140.938     1.5258    34.6688    27.7425 0.0000e+00
   2983.000     1.7457   3.153751     1.7461   3.153732     1.0434     0.0109    89.8341 2.0612e-02       0.00     1.5252    34.6696    27.7432    141.623     1.5256    34.6689    27.7426 0.0000e+00
   2984.000     1.7453   3.153755     1.7459   3.153738     1.0437     0.0112    89.8387 2.0747e-02       0.00     1.5247    34.6697    27.7433    141.969     1.5253    34.6688    27.7426 0.0000e+00
   2985.000     1.7452   3.153783     1.7456   3.153751     1.0438     0.0108    89.8404 2.1294e-02       0.00     1.5245    34.6696    27.7433    141.521     1.5249    34.6688    27.7426 0.0000e+00
   2986.000     1.7448   3.153781     1.7454   3.153771     1.0436     0.0101    89.8391 2.1012e-02       0.00     1.5240    34.6696    27.7432    141.441     1.5246    34.6689    27.7426 0.0000e+00
   2987.000     1.7447   3.153808     1.7450   3.153791     1.0438     0.0101    89.8405 1.7776e-02       0.00     1.5238    34.6696    27.7433    141.464     1.5241    34.6690    27.7428 0.0000e+00
   2988.000     1.7447   3.153834     1.7449   3.153823     1.0439     0.0101    89.8373 1.7612e-02       0.00     1.5237    34.6694    27.7432    141.427     1.5239    34.6690    27.7428 0.0000e+00
   2989.000     1.7444   3.153883     1.7449   3.153862     1.0436     0.0103    89.8405 1.8915e-02       0.00     1.5233    34.6699    27.7435    140.929     1.5238    34.6691    27.7429 0.0000e+00
   2990.000     1.7445   3.153924     1.7450   3.153901     1.0434     0.0107    89.8351 2.0458e-02       0.00     1.5233    34.6699    27.7435    141.193     1.5238    34.6690    27.7428 0.0000e+00
   2991.000     1.7446   3.153975     1.7451   3.153950     1.0433     0.0114    89.8395 2.0205e-02       0.00     1.5234    34.6698    27.7435    141.295     1.5238    34.6691    27.7429 0.0000e+00
   2992.000     1.7443   3.153985     1.7448   3.153972     1.0433     0.0110    89.8365 1.9036e-02       0.00     1.5229    34.6699    27.7436    141.366     1.5234    34.6692    27.7430 0.0000e+00
   2993.000     1.7439   3.153983     1.7443   3.153956     1.0433     0.0109    89.8412 2.1499e-02       0.00     1.5224    34.6698    27.7435    141.681     1.5228    34.6690    27.7429 0.0000e+00
   2994.000     1.7435   3.153985     1.7439   3.153965     1.0434     0.0100    89.8420 2.1590e-02       0.00     1.5220    34.6698    27.7436    141.593     1.5223    34.6691    27.7430 0.0000e+00
   2995.000     1.7430   3.153981     1.7435   3.153967     1.0433     0.0106    89.8427 2.4138e-02       0.00     1.5213    34.6699    27.7437    141.118     1.5219    34.6691    27.7431 0.0000e+00
   2996.000     1.7425   3.153984     1.7429   3.153968     1.0433     0.0131    89.8438 2.3636e-02       0.00     1.5208    34.6700    27.7438    141.553     1.5212    34.6693    27.7432 0.0000e+00
   2997.000     1.7422   3.154000     1.7427   3.153987     1.0432     0.0129    89.8398 2.4111e-02       0.00     1.5204    34.6700    27.7438    141.461     1.5209    34.6694    27.7433 0.0000e+00
   2998.000     1.7416   3.153983     1.7422   3.153967     1.0432     0.0131    89.8377 2.5562e-02       0.00     1.5197    34.6699    27.7439    141.396     1.5203    34.6691    27.7432 0.0000e+00
   2999.000     1.7425   3.154088     1.7427   3.154054     1.0431     0.0124    89.8418 2.2813e-02       0.00     1.5205    34.6699    27.7438    141.561     1.5207    34.6692    27.7432 0.0000e+00
   3000.000     1.7408   3.153978     1.7412   3.153974     1.0430     0.0147    89.8369 2.0358e-02       0.00     1.5187    34.6699    27.7439    140.978     1.5192    34.6693    27.7434 0.0000e+00
   3001.000     1.7400   3.153965     1.7403   3.153947     1.0428     0.0160    89.8378 2.0507e-02       0.00     1.5179    34.6701    27.7441    141.658     1.5182    34.6695    27.7437 0.0000e+00
   3002.000     1.7391   3.153910     1.7393   3.153909     1.0430     0.0143    89.8380 2.1849e-02       0.00     1.5169    34.6699    27.7441    141.457     1.5171    34.6697    27.7438 0.0000e+00
   3003.000     1.7374   3.153829     1.7378   3.153816     1.0427     0.0152    89.8380 2.2058e-02       0.00     1.5151    34.6703    27.7445    140.901     1.5155    34.6697    27.7440 0.0000e+00
   3004.000     1.7366   3.153812     1.7371   3.153794     1.0426     0.0166    89.8394 2.1721e-02       0.00     1.5143    34.6704    27.7446    141.845     1.5147    34.6697    27.7440 0.0000e+00
   3005.000     1.7365   3.153829     1.7370   3.153811     1.0429     0.0158    89.8397 2.3600e-02       0.00     1.5141    34.6703    27.7446    141.773     1.5145    34.6696    27.7439 0.0000e+00
   3006.000     1.7366   3.153866     1.7370   3.153847     1.0428     0.0142    89.8402 2.5638e-02       0.00     1.5140    34.6702    27.7445    141.255     1.5145    34.6695    27.7439 0.0000e+00
   3007.000     1.7365   3.153907     1.7370   3.153884     1.0427     0.0155    89.8396 2.3318e-02       0.00     1.5139    34.6704    27.7446    141.702     1.5144    34.6695    27.7439 0.0000e+00
   3008.000     1.7361   3.153914     1.7368   3.153906     1.0426     0.0152    89.8463 2.5058e-02       0.00     1.5134    34.6704    27.7447    141.166     1.5141    34.6696    27.7440 0.0000e+00
   3009.000     1.7359   3.153927     1.7364   3.153905     1.0425     0.0125    89.8416 2.3811e-02       0.00     1.5131    34.6703    27.7446    141.591     1.5136    34.6695    27.7440 0.0000e+00
   3010.000     1.7353   3.153920     1.7358   3.153908     1.0425     0.0107    89.8398 2.3314e-02       0.00     1.5124    34.6704    27.7447    141.718     1.5129    34.6697    27.7441 0.0000e+00
   3011.000     1.7350   3.153930     1.7355   3.153919     1.0426     0.0101    89.8444 2.2761e-02       0.00     1.5120    34.6704    27.7448    141.679     1.5125    34.6697    27.7442 0.0000e+00
   3012.000     1.7348   3.153942     1.7353   3.153925     1.0426     0.0101    89.8425 2.1894e-02       0.00     1.5117    34.6703    27.7447    142.098     1.5122    34.6695    27.7441 0.0000e+00
   3013.000     1.7343   3.153934     1.7348   3.153926     1.0427     0.0102    89.8392 2.1766e-02       0.00     1.5111    34.6703    27.7448    141.342     1.5116    34.6697    27.7443 0.0000e+00
   3014.000     1.7339   3.153945     1.7342   3.153928     1.0424     0.0120    89.8373 2.2779e-02       0.00     1.5107    34.6704    27.7449    141.459     1.5110    34.6698    27.7444 0.0000e+00
   3015.000     1.7338   3.153975     1.7340   3.153959     1.0423     0.0108    89.8437 2.2006e-02       0.00     1.5104    34.6705    27.7449    141.763     1.5106    34.6700    27.7446 0.0000e+00
   3016.000     1.7336   3.154006     1.7339   3.153985     1.0425     0.0108    89.8343 2.2038e-02       0.00     1.5101    34.6705    27.7450    141.892     1.5105    34.6700    27.7445 0.0000e+00
   3017.000     1.7331   3.154007     1.7335   3.153976     1.0425     0.0111    89.8406 2.0337e-02       0.00     1.5096    34.6706    27.7452    141.454     1.5099    34.6699    27.7445 0.0000e+00
   3018.000     1.7324   3.153990     1.7328   3.153954     1.0422     0.0113    89.8378 2.1754e-02       0.00     1.5088    34.6707    27.7453    141.391     1.5092    34.6698    27.7445 0.0000e+00
   3019.000     1.7320   3.154000     1.7325   3.153981     1.0422     0.0109    89.8397 2.2941e-02       0.00     1.5083    34.6708    27.7454    141.680     1.5087    34.6701    27.7448 0.0000e+00
   3020.000     1.7320   3.154037     1.7326   3.154009     1.0422     0.0109    89.8403 2.2273e-02       0.00     1.5082    34.6708    27.7454    141.754     1.5087    34.6699    27.7446 0.0000e+00
   3021.000     1.7319   3.154045     1.7323   3.154028     1.0422     0.0119    89.8395 2.2711e-02       0.00     1.5080    34.6706    27.7452    141.701     1.5084    34.6699    27.7446 0.0000e+00
   3022.000     1.7314   3.154047     1.7319   3.154031     1.0421     0.0123    89.8388 2.2472e-02       0.00     1.5074    34.6706    27.7453    141.649     1.5079    34.6699    27.7447 0.0000e+00
   3023.000     1.7309   3.154040     1.7312   3.154011     1.0421     0.0119    89.8455 2.3045e-02       0.00     1.5068    34.6707    27.7454    141.731     1.5072    34.6699    27.7448 0.0000e+00
   3024.000     1.7306   3.154054     1.7309   3.154040     1.0421     0.0119    89.8422 2.5137e-02       0.00     1.5064    34.6707    27.7454    141.853     1.5068    34.6701    27.7450 0.0000e+00
   3025.000     1.7304   3.154074     1.7307   3.154050     1.0421     0.0118    89.8350 2.5183e-02       0.00     1.5061    34.6707    27.7454    141.857     1.5064    34.6701    27.7449 0.0000e+00
   3026.000     1.7301   3.154095     1.7305   3.154077     1.0422     0.0113    89.8413 2.4313e-02       0.00     1.5058    34.6708    27.7455    142.093     1.5062    34.6701    27.7450 0.0000e+00
   3027.000     1.7300   3.154113     1.7304   3.154097     1.0423     0.0126    89.8411 2.3609e-02       0.00     1.5056    34.6706    27.7454    142.027     1.5059    34.6700    27.7450 0.0000e+00
   3028.000     1.7296   3.154120     1.7300   3.154107     1.0422     0.0135    89.8354 2.2779e-02       0.00     1.5051    34.6707    27.7455    141.647     1.5054    34.6702    27.7451 0.0000e+00
   3029.000     1.7291   3.154117     1.7294   3.154100     1.0421     0.0138    89.8320 2.2020e-02       0.00     1.5045    34.6707    27.7456    142.037     1.5048    34.6702    27.7452 0.0000e+00
   3030.000     1.7287   3.154124     1.7289   3.154116     1.0422     0.0140    89.8441 2.2965e-02       0.00     1.5040    34.6708    27.7457    142.050     1.5042    34.6705    27.7454 0.0000e+00
   3031.000     1.7285   3.154163     1.7287   3.154141     1.0422     0.0138    89.8400 2.0437e-02       0.00     1.5037    34.6711    27.7459    141.976     1.5039    34.6706    27.7455 0.0000e+00
   3032.000     1.7282   3.154169     1.7284   3.154151     1.0422     0.0129    89.8382 2.1780e-02       0.00     1.5033    34.6710    27.7459    141.996     1.5035    34.6705    27.7455 0.0000e+00
   3033.000     1.7279   3.154187     1.7283   3.154172     1.0422     0.0131    89.8423 2.4647e-02       0.00     1.5029    34.6710    27.7459    141.906     1.5033    34.6705    27.7455 0.0000e+00
   3034.000     1.7279   3.154212     1.7283   3.154193     1.0421     0.0134    89.8353 2.1325e-02       0.00     1.5028    34.6709    27.7459    142.056     1.5032    34.6702    27.7453 0.0000e+00
   3035.000     1.7274   3.154212     1.7280   3.154195     1.0422     0.0143    89.8402 2.0361e-02       0.00     1.5022    34.6710    27.7460    142.026     1.5028    34.6702    27.7453 0.0000e+00
   3036.000     1.7272   3.154226     1.7275   3.154205     1.0422     0.0159    89.8383 2.1788e-02       0.00     1.5020    34.6709    27.7459    142.126     1.5023    34.6703    27.7454 0.0000e+00
   3037.000     1.7268   3.154230     1.7271   3.154214     1.0422     0.0157    89.8403 2.1053e-02       0.00     1.5014    34.6710    27.7460    142.092     1.5018    34.6704    27.7455 0.0000e+00
   3038.000     1.7260   3.154203     1.7264   3.154195     1.0422     0.0133    89.8420 2.0413e-02       0.00     1.5005    34.6710    27.7461    142.109     1.5009    34.6705    27.7457 0.0000e+00
   3039.000     1.7260   3.154239     1.7263   3.154224     1.0423     0.0125    89.8381 2.1574e-02       0.00     1.5005    34.6710    27.7461    142.391     1.5008    34.6705    27.7457 0.0000e+00
   3040.000     1.7256   3.154244     1.7259   3.154228     1.0423     0.0112    89.8388 2.1165e-02       0.00     1.5000    34.6710    27.7461    142.054     1.5003    34.6705    27.7457 0.0000e+00
   3041.000     1.7251   3.154243     1.7253   3.154225     1.0423     0.0108    89.8413 2.1002e-02       0.00     1.4994    34.6710    27.7462    142.298     1.4996    34.6706    27.7459 0.0000e+00
   3042.000     1.7250   3.154283     1.7252   3.154254     1.0424     0.0107    89.8431 1.8905e-02       0.00     1.4992    34.6712    27.7463    142.393     1.4994    34.6706    27.7459 0.0000e+00
   3043.000     1.7249   3.154304     1.7251   3.154290     1.0423     0.0104    89.8376 2.0768e-02       0.00     1.4990    34.6711    27.7463    142.417     1.4992    34.6707    27.7460 0.0000e+00
   3044.000     1.7246   3.154318     1.7248   3.154305     1.0425     0.0099    89.8400 2.0344e-02       0.00     1.4986    34.6712    27.7464    142.443     1.4988    34.6708    27.7461 0.0000e+00
   3045.000     1.7242   3.154309     1.7245   3.154300     1.0425     0.0097    89.8447 2.0104e-02       0.00     1.4982    34.6710    27.7463    142.409     1.4984    34.6706    27.7459 0.0000e+00
   3046.000     1.7233   3.154286     1.7238   3.154275     1.0425     0.0102    89.8468 2.1462e-02       0.00     1.4971    34.6713    27.7466    142.435     1.4976    34.6706    27.7460 0.0000e+00
   3047.000     1.7229   3.154287     1.7232   3.154274     1.0424     0.0108    89.8346 2.1161e-02       0.00     1.4967    34.6712    27.7466    142.357     1.4969    34.6708    27.7462 0.0000e+00
   3048.000     1.7226   3.154309     1.7229   3.154296     1.0426     0.0113    89.8420 2.0786e-02       0.00     1.4963    34.6713    27.7467    142.320     1.4966    34.6709    27.7463 0.0000e+00
   3049.000     1.7222   3.154321     1.7224   3.154296     1.0424     0.0119    89.8381 2.0620e-02       0.00     1.4958    34.6714    27.7468    142.421     1.4960    34.6709    27.7464 0.0000e+00
   3050.000     1.7217   3.154313     1.7220   3.154296     1.0426     0.0126    89.8406 1.7875e-02       0.00     1.4952    34.6715    27.7469    142.834     1.4955    34.6709    27.7464 0.0000e+00
   3051.000     1.7214   3.154326     1.7219   3.154309     1.0425     0.0122    89.8434 1.9018e-02       0.00     1.4948    34.6715    27.7469    142.381     1.4953    34.6708    27.7463 0.0000e+00
   3052.000     1.7219   3.154397     1.7223   3.154390     1.0427     0.0101    89.8425 1.8511e-02       0.00     1.4952    34.6714    27.7468    142.779     1.4956    34.6708    27.7463 0.0000e+00
   3053.000     1.7204   3.154303     1.7205   3.154286     1.0428     0.0105    89.8423 1.9666e-02       0.00     1.4936    34.6714    27.7469    142.502     1.4938    34.6710    27.7466 0.0000e+00
   3054.000     1.7192   3.154242     1.7193   3.154229     1.0428     0.0109    89.8471 2.1653e-02       0.00     1.4924    34.6714    27.7470    142.457     1.4925    34.6711    27.7468 0.0000e+00
   3055.000     1.7189   3.154260     1.7190   3.154239     1.0425     0.0123    89.8364 2.0917e-02       0.00     1.4920    34.6715    27.7471    142.139     1.4921    34.6711    27.7468 0.0000e+00
   3056.000     1.7190   3.154312     1.7191   3.154283     1.0426     0.0119    89.8467 2.0477e-02       0.00     1.4920    34.6716    27.7472    142.605     1.4921    34.6711    27.7468 0.0000e+00
   3057.000     1.7189   3.154345     1.7191   3.154338     1.0426     0.0123    89.8386 1.8914e-02       0.00     1.4918    34.6716    27.7472    142.395     1.4920    34.6713    27.7470 0.0000e+00
