Data/ruptures/TONGA/STATION 8/TONGA_CTD_027.cnv
* Sea-Bird SBE 9 Data File:
* FileName = C:\CTD\raw\TONGA_CTD_027.hdr
* Software Version Seasave V 7.21b
* Temperature SN = 0970
* Conductivity SN = 0606
* Number of Bytes Per Scan = 44
* Number of Voltage Words = 5
* Number of Scans Averaged by the Deck Unit = 1
* NMEA Latitude = 19 15.86 S
* NMEA Longitude = 174 53.63 W
* NMEA UTC (Time) = Nov 25 2019 07:13:33
# nquan = 18
# nvalues = 757                         
# units = specified
# name 0 = prDM: Pressure, Digiquartz [db]
# name 1 = t090C: Temperature [ITS-90, deg C]
# name 2 = c0S/m: Conductivity [S/m]
# name 3 = t190C: Temperature, 2 [ITS-90, deg C]
# name 4 = c1S/m: Conductivity, 2 [S/m]
# name 5 = sbeox0V: Oxygen raw, SBE 43 [V]
# name 6 = flC: Fluorescence, Chelsea Aqua 3 Chl Con [ug/l]
# name 7 = xmiss: Beam Transmission, Chelsea/Seatech [%]
# name 8 = par: PAR/Irradiance, Biospherical/Licor
# name 9 = altM: Altimeter [m]
# name 10 = potemp090C: Potential Temperature [ITS-90, deg C]
# name 11 = sal00: Salinity, Practical [PSU]
# name 12 = sigma-é00: Density [sigma-theta, kg/m^3]
# name 13 = sbox0Mm/Kg: Oxygen, SBE 43 [umol/kg]
# name 14 = potemp190C: Potential Temperature, 2 [ITS-90, deg C]
# name 15 = sal11: Salinity, Practical, 2 [PSU]
# name 16 = sigma-é11: Density, 2 [sigma-theta, kg/m^3]
# name 17 = flag:
# span 0 =      3.000,    759.000       
# span 1 =     5.6253,    27.3771       
# span 2 =   3.379135,   5.576520       
# span 3 =     5.6253,    27.3775       
# span 4 =   3.379028,   5.576408       
# span 5 =     1.5172,     2.3615       
# span 6 =     0.0060,     0.1645       
# span 7 =    87.9909,    89.6214       
# span 8 = 2.8249e-05, 1.6333e-03       
# span 9 =       0.00,       0.00       
# span 10 =     5.5601,    27.3747      
# span 11 =    34.3495,    35.7635      
# span 12 =    22.6976,    27.0946      
# span 13 =    155.605,    195.731      
# span 14 =     5.5601,    27.3757      
# span 15 =    34.3492,    35.7649      
# span 16 =    22.6966,    27.0937      
# span 17 = 0.0000e+00, 0.0000e+00      
# interval = decibars: 1                
# start_time = Jan 01 2000 07:13:33 [NMEA time, first data scan]
# bad_flag = -9.990e-29
*END*
[from data line 161]
    164.000    22.4189   5.140640    22.4210   5.140607     1.8892     0.0383    89.1336 7.6600e-05       0.00    22.3859    35.7359    24.6680    158.842    22.3879    35.7340    24.6660 0.0000e+00
    165.000    22.4141   5.140263    22.4166   5.140288     1.8885     0.0393    89.1398 6.6462e-05       0.00    22.3809    35.7366    24.6699    158.695    22.3834    35.7347    24.6678 0.0000e+00
    166.000    22.4068   5.139731    22.4083   5.139731     1.8881     0.0402    89.1265 7.4797e-05       0.00    22.3734    35.7381    24.6732    158.517    22.3749    35.7369    24.6718 0.0000e+00
    167.000    22.4012   5.139372    22.4030   5.139355     1.8862     0.0406    89.1414 7.4680e-05       0.00    22.3676    35.7396    24.6760    158.137    22.3694    35.7379    24.6742 0.0000e+00
    168.000    22.3993   5.139252    22.4015   5.139272     1.8845     0.0403    89.1454 6.6597e-05       0.00    22.3655    35.7398    24.6768    158.224    22.3677    35.7382    24.6749 0.0000e+00
    169.000    22.3883   5.138247    22.3895   5.138289     1.8845     0.0406    89.1450 6.6512e-05       0.00    22.3543    35.7407    24.6806    158.615    22.3555    35.7400    24.6797 0.0000e+00
    170.000    22.3628   5.135850    22.3653   5.135948     1.8856     0.0401    89.1512 8.2744e-05       0.00    22.3287    35.7425    24.6892    158.906    22.3312    35.7412    24.6875 0.0000e+00
    171.000    22.3635   5.135857    22.3662   5.136050     1.8841     0.0416    89.1549 6.2770e-05       0.00    22.3292    35.7416    24.6884    158.292    22.3318    35.7410    24.6872 0.0000e+00
    172.000    22.3206   5.131511    22.3228   5.131605     1.8807     0.0410    89.1549 6.9286e-05       0.00    22.2861    35.7424    24.7013    157.949    22.2883    35.7414    24.6999 0.0000e+00
    173.000    22.3042   5.129944    22.3063   5.130088     1.8783     0.0383    89.1601 6.9434e-05       0.00    22.2695    35.7433    24.7067    157.655    22.2716    35.7427    24.7056 0.0000e+00
    174.000    22.2790   5.127609    22.2812   5.127788     1.8770     0.0382    89.1660 6.5385e-05       0.00    22.2441    35.7454    24.7154    157.306    22.2463    35.7450    24.7145 0.0000e+00
    175.000    22.2532   5.125535    22.2555   5.125726     1.8730     0.0389    89.1674 7.1131e-05       0.00    22.2181    35.7500    24.7263    156.841    22.2204    35.7496    24.7253 0.0000e+00
    176.000    22.2063   5.121156    22.2089   5.121608     1.8711     0.0375    89.1735 7.6844e-05       0.00    22.1711    35.7538    24.7425    157.337    22.1737    35.7552    24.7428 0.0000e+00
    177.000    22.1470   5.114913    22.1490   5.115047     1.8707     0.0355    89.1791 7.5136e-05       0.00    22.1116    35.7533    24.7589    157.506    22.1137    35.7527    24.7578 0.0000e+00
    178.000    22.1269   5.112800    22.1291   5.112867     1.8694     0.0348    89.1905 7.6256e-05       0.00    22.0914    35.7529    24.7643    157.632    22.0936    35.7516    24.7627 0.0000e+00
    179.000    22.1182   5.111967    22.1203   5.111986     1.8702     0.0354    89.1898 7.8446e-05       0.00    22.0825    35.7531    24.7670    157.888    22.0846    35.7516    24.7653 0.0000e+00
    180.000    22.1119   5.111359    22.1140   5.111402     1.8707     0.0358    89.1832 7.0624e-05       0.00    22.0760    35.7533    24.7689    157.901    22.0781    35.7518    24.7672 0.0000e+00
    181.000    22.1049   5.110717    22.1067   5.110705     1.8706     0.0343    89.1938 7.2652e-05       0.00    22.0688    35.7536    24.7712    157.946    22.0706    35.7520    24.7695 0.0000e+00
    182.000    22.1058   5.110868    22.1088   5.111069     1.8697     0.0354    89.1889 6.6178e-05       0.00    22.0695    35.7537    24.7711    157.378    22.0726    35.7528    24.7695 0.0000e+00
    183.000    22.0770   5.107615    22.0815   5.108202     1.8629     0.0355    89.1885 6.9900e-05       0.00    22.0406    35.7515    24.7775    156.492    22.0450    35.7524    24.7770 0.0000e+00
    184.000    21.9443   5.094412    21.9479   5.094913     1.8609     0.0348    89.1997 5.8652e-05       0.00    21.9078    35.7566    24.8187    156.950    21.9115    35.7575    24.8184 0.0000e+00
    185.000    21.9006   5.090064    21.9031   5.090390     1.8590     0.0327    89.2057 6.3953e-05       0.00    21.8640    35.7580    24.8321    156.538    21.8665    35.7585    24.8317 0.0000e+00
    186.000    21.8631   5.086027    21.8656   5.086282     1.8567     0.0308    89.2101 7.7611e-05       0.00    21.8263    35.7567    24.8417    156.531    21.8288    35.7567    24.8410 0.0000e+00
    187.000    21.8290   5.082284    21.8315   5.082737     1.8556     0.0298    89.2095 7.6230e-05       0.00    21.7921    35.7550    24.8499    156.608    21.7945    35.7565    24.8505 0.0000e+00
    188.000    21.7701   5.076276    21.7728   5.076738     1.8545     0.0304    89.2145 6.3410e-05       0.00    21.7330    35.7558    24.8671    156.851    21.7357    35.7573    24.8674 0.0000e+00
    189.000    21.7464   5.074501    21.7484   5.074513     1.8547     0.0299    89.2257 7.3295e-05       0.00    21.7091    35.7611    24.8778    157.390    21.7112    35.7595    24.8759 0.0000e+00
    190.000    21.7424   5.074212    21.7446   5.074195     1.8563     0.0296    89.2211 8.3442e-05       0.00    21.7050    35.7618    24.8794    157.645    21.7072    35.7598    24.8773 0.0000e+00
    191.000    21.7816   5.078250    21.7737   5.077307     1.8546     0.0295    89.2157 7.1589e-05       0.00    21.7440    35.7609    24.8679    156.658    21.7360    35.7600    24.8694 0.0000e+00
    192.000    21.6665   5.066052    21.6683   5.066598     1.8461     0.0298    89.2234 6.6761e-05       0.00    21.6288    35.7593    24.8988    155.605    21.6306    35.7621    24.9004 0.0000e+00
    193.000    21.5859   5.057977    21.5882   5.058263     1.8437     0.0279    89.2420 7.2563e-05       0.00    21.5480    35.7617    24.9230    155.956    21.5503    35.7620    24.9226 0.0000e+00
    194.000    21.5050   5.049247    21.5076   5.049886     1.8427     0.0265    89.2448 6.2032e-05       0.00    21.4671    35.7590    24.9434    156.276    21.4696    35.7620    24.9450 0.0000e+00
    195.000    21.4675   5.045845    21.4694   5.045985     1.8424     0.0238    89.2505 6.8392e-05       0.00    21.4295    35.7628    24.9567    156.526    21.4313    35.7623    24.9558 0.0000e+00
    196.000    21.4484   5.043977    21.4501   5.043997     1.8425     0.0229    89.2536 6.3261e-05       0.00    21.4101    35.7635    24.9626    156.482    21.4118    35.7622    24.9611 0.0000e+00
    197.000    21.4352   5.042616    21.4374   5.042702     1.8413     0.0240    89.2527 7.5096e-05       0.00    21.3968    35.7632    24.9661    156.521    21.3989    35.7621    24.9646 0.0000e+00
    198.000    21.4255   5.041647    21.4275   5.041657     1.8414     0.0240    89.2521 5.2279e-05       0.00    21.3869    35.7632    24.9688    156.308    21.3889    35.7617    24.9671 0.0000e+00
    199.000    21.4192   5.041019    21.4213   5.041054     1.8397     0.0236    89.2521 5.2509e-05       0.00    21.3804    35.7631    24.9705    156.495    21.3825    35.7616    24.9688 0.0000e+00
    200.000    21.4097   5.040025    21.4117   5.040084     1.8416     0.0232    89.2547 6.2064e-05       0.00    21.3708    35.7627    24.9729    157.025    21.3728    35.7615    24.9714 0.0000e+00
    201.000    21.3953   5.038557    21.3970   5.038616     1.8422     0.0241    89.2578 6.4369e-05       0.00    21.3562    35.7626    24.9768    156.671    21.3579    35.7617    24.9757 0.0000e+00
    202.000    21.3801   5.036987    21.3816   5.037084     1.8398     0.0241    89.2570 5.5589e-05       0.00    21.3408    35.7624    24.9809    156.410    21.3423    35.7619    24.9802 0.0000e+00
    203.000    21.3485   5.033588    21.3498   5.033673     1.8398     0.0230    89.2637 6.6584e-05       0.00    21.3090    35.7613    24.9888    156.730    21.3103    35.7609    24.9881 0.0000e+00
    204.000    21.3315   5.031874    21.3337   5.032005     1.8389     0.0231    89.2571 5.5900e-05       0.00    21.2919    35.7614    24.9936    156.180    21.2941    35.7606    24.9924 0.0000e+00
    205.000    21.2970   5.028277    21.2990   5.028533     1.8363     0.0216    89.2684 5.9684e-05       0.00    21.2572    35.7611    25.0030    156.054    21.2592    35.7614    25.0027 0.0000e+00
    206.000    21.2611   5.024666    21.2630   5.024990     1.8353     0.0222    89.2673 6.2722e-05       0.00    21.2211    35.7618    25.0134    156.188    21.2231    35.7627    25.0136 0.0000e+00
    207.000    21.2055   5.019002    21.2073   5.019352     1.8338     0.0199    89.2732 6.6124e-05       0.00    21.1655    35.7624    25.0292    156.153    21.1672    35.7638    25.0297 0.0000e+00
    208.000    21.1159   5.009342    21.1165   5.010082     1.8319     0.0207    89.2766 5.3062e-05       0.00    21.0758    35.7595    25.0515    156.231    21.0764    35.7649    25.0555 0.0000e+00
    209.000    21.0073   4.997116    21.0118   4.997498     1.8299     0.0208    89.2788 5.4112e-05       0.00    20.9671    35.7518    25.0753    156.123    20.9716    35.7511    25.0736 0.0000e+00
    210.000    20.9947   4.995790    20.9969   4.995918     1.8282     0.0207    89.2769 6.2469e-05       0.00    20.9544    35.7513    25.0785    156.325    20.9565    35.7505    25.0773 0.0000e+00
    211.000    20.9335   4.988239    20.9378   4.989224     1.8288     0.0199    89.2760 5.1587e-05       0.00    20.8930    35.7414    25.0876    156.899    20.8973    35.7458    25.0898 0.0000e+00
    212.000    20.8538   4.979281    20.8566   4.980069     1.8293     0.0203    89.2796 4.2216e-05       0.00    20.8133    35.7356    25.1049    157.426    20.8161    35.7396    25.1072 0.0000e+00
    213.000    20.7805   4.971734    20.7802   4.971739     1.8316     0.0206    89.2570 5.1626e-05       0.00    20.7398    35.7359    25.1250    157.888    20.7395    35.7362    25.1253 0.0000e+00
    214.000    20.8377   4.977940    20.8092   4.975293     1.8305     0.0205    89.2802 5.8424e-05       0.00    20.7968    35.7376    25.1109    157.011    20.7683    35.7402    25.1206 0.0000e+00
    215.000    20.6886   4.961218    20.6931   4.961965     1.8291     0.0193    89.2903 7.0769e-05       0.00    20.6477    35.7273    25.1434    157.214    20.6522    35.7296    25.1439 0.0000e+00
    216.000    20.5937   4.950750    20.5974   4.951061     1.8265     0.0180    89.2779 7.1664e-05       0.00    20.5528    35.7219    25.1649    157.175    20.5564    35.7213    25.1635 0.0000e+00
    217.000    20.5615   4.947020    20.5645   4.947405     1.8265     0.0183    89.2813 6.2125e-05       0.00    20.5204    35.7184    25.1709    157.565    20.5234    35.7190    25.1706 0.0000e+00
    218.000    20.5167   4.942076    20.5195   4.942406     1.8263     0.0181    89.2803 6.3720e-05       0.00    20.4754    35.7156    25.1809    157.640    20.4783    35.7159    25.1804 0.0000e+00
    219.000    20.4922   4.939398    20.4943   4.939625     1.8260     0.0176    89.2798 6.9211e-05       0.00    20.4509    35.7141    25.1864    157.809    20.4529    35.7142    25.1859 0.0000e+00
    220.000    20.4591   4.935655    20.4616   4.936029     1.8266     0.0173    89.2778 7.6327e-05       0.00    20.4176    35.7112    25.1931    158.403    20.4200    35.7122    25.1932 0.0000e+00
    221.000    20.4283   4.932397    20.4305   4.932612     1.8286     0.0177    89.2814 6.8702e-05       0.00    20.3867    35.7103    25.2007    158.730    20.3888    35.7103    25.2001 0.0000e+00
    222.000    20.4426   4.934328    20.4328   4.932813     1.8288     0.0177    89.2747 6.4004e-05       0.00    20.4008    35.7136    25.1994    157.976    20.3909    35.7096    25.1990 0.0000e+00
    223.000    20.4533   4.934987    20.4540   4.935359     1.8219     0.0176    89.2798 7.8900e-05       0.00    20.4112    35.7096    25.1935    157.249    20.4120    35.7120    25.1952 0.0000e+00
    224.000    20.3288   4.921382    20.3316   4.921748     1.8240     0.0171    89.2805 7.4472e-05       0.00    20.2867    35.7035    25.2223    158.115    20.2895    35.7041    25.2220 0.0000e+00
    225.000    20.2868   4.916666    20.2884   4.916920     1.8239     0.0168    89.2869 5.9456e-05       0.00    20.2446    35.7001    25.2309    158.208    20.2462    35.7008    25.2311 0.0000e+00
    226.000    20.2572   4.913631    20.2593   4.913700     1.8242     0.0163    89.2875 6.2914e-05       0.00    20.2149    35.7000    25.2387    158.506    20.2169    35.6988    25.2373 0.0000e+00
    227.000    20.2311   4.910536    20.2331   4.910839     1.8250     0.0170    89.2854 6.2067e-05       0.00    20.1886    35.6964    25.2430    158.429    20.1906    35.6972    25.2431 0.0000e+00
    228.000    20.1898   4.905946    20.1889   4.905792     1.8236     0.0173    89.2827 6.8246e-05       0.00    20.1471    35.6935    25.2518    158.071    20.1463    35.6930    25.2516 0.0000e+00
    229.000    20.1521   4.901376    20.1534   4.901609     1.8224     0.0183    89.2896 6.1943e-05       0.00    20.1094    35.6876    25.2574    158.217    20.1107    35.6884    25.2576 0.0000e+00
    230.000    20.1201   4.898069    20.1221   4.898295     1.8220     0.0173    89.2650 5.4564e-05       0.00    20.0771    35.6873    25.2657    158.643    20.0792    35.6874    25.2652 0.0000e+00
    231.000    20.0711   4.891945    20.0721   4.892509     1.8231     0.0166    89.2858 6.6383e-05       0.00    20.0281    35.6783    25.2718    159.359    20.0291    35.6820    25.2744 0.0000e+00
    232.000    20.0003   4.884268    19.9971   4.884454     1.8258     0.0149    89.2931 6.7825e-05       0.00    19.9572    35.6749    25.2880    159.877    19.9540    35.6791    25.2920 0.0000e+00
    233.000    19.9615   4.879416    19.9645   4.879694     1.8280     0.0153    89.2908 6.1918e-05       0.00    19.9183    35.6676    25.2927    159.918    19.9213    35.6673    25.2917 0.0000e+00
    234.000    19.9157   4.873980    19.9192   4.874402     1.8269     0.0161    89.2959 6.1250e-05       0.00    19.8723    35.6614    25.3001    159.454    19.8759    35.6618    25.2995 0.0000e+00
    235.000    19.8887   4.871021    19.8907   4.871139     1.8262     0.0163    89.2959 5.1514e-05       0.00    19.8453    35.6595    25.3058    159.791    19.8473    35.6588    25.3047 0.0000e+00
    236.000    19.8706   4.868748    19.8730   4.869042     1.8268     0.0161    89.2959 6.1996e-05       0.00    19.8270    35.6559    25.3078    160.359    19.8293    35.6563    25.3075 0.0000e+00
    237.000    19.8356   4.864605    19.8376   4.864896     1.8285     0.0158    89.2921 6.9804e-05       0.00    19.7918    35.6511    25.3134    160.687    19.7939    35.6518    25.3134 0.0000e+00
    238.000    19.8019   4.861317    19.7962   4.860624     1.8286     0.0153    89.2899 7.3848e-05       0.00    19.7580    35.6523    25.3232    160.257    19.7523    35.6514    25.3241 0.0000e+00
    239.000    19.7501   4.855210    19.7445   4.854334     1.8271     0.0156    89.2903 7.2825e-05       0.00    19.7061    35.6456    25.3317    160.319    19.7005    35.6431    25.3313 0.0000e+00
    240.000    19.7317   4.852869    19.7340   4.852987     1.8275     0.0162    89.2808 7.5416e-05       0.00    19.6875    35.6416    25.3335    160.542    19.6898    35.6406    25.3321 0.0000e+00
    241.000    19.7155   4.850984    19.7179   4.851155     1.8268     0.0157    89.2853 7.0042e-05       0.00    19.6712    35.6394    25.3361    160.276    19.6735    35.6388    25.3351 0.0000e+00
    242.000    19.6967   4.848896    19.6992   4.849073     1.8264     0.0154    89.2862 5.8826e-05       0.00    19.6523    35.6378    25.3398    160.511    19.6547    35.6372    25.3387 0.0000e+00
    243.000    19.6707   4.845574    19.6739   4.846181     1.8266     0.0151    89.2921 6.8637e-05       0.00    19.6261    35.6321    25.3424    160.664    19.6293    35.6344    25.3433 0.0000e+00
