Data/ruptures/TONGA/STATION 8/TONGA_CTD_026.cnv
* Sea-Bird SBE 9 Data File:
* FileName = C:\CTD\raw\TONGA_CTD_026.hdr
* Software Version Seasave V 7.21b
* Temperature SN = 0970
* Conductivity SN = 0606
* Number of Bytes Per Scan = 44
* Number of Voltage Words = 5
* Number of Scans Averaged by the Deck Unit = 1
* NMEA Latitude = 20 24.23 S
* NMEA Longitude = 166 35.88 W
* NMEA UTC (Time) = Nov 21 2019 05:16:32
# nquan = 18
# nvalues = 5198                        
# units = specified
# name 0 = prDM: Pressure, Digiquartz [db]
# name 1 = t090C: Temperature [ITS-90, deg C]
# name 2 = c0S/m: Conductivity [S/m]
# name 3 = t190C: Temperature, 2 [ITS-90, deg C]
# name 4 = c1S/m: Conductivity, 2 [S/m]
# name 5 = sbeox0V: Oxygen raw, SBE 43 [V]
# name 6 = flC: Fluorescence, Chelsea Aqua 3 Chl Con [ug/l]
# name 7 = xmiss: Beam Transmission, Chelsea/Seatech [%]
# name 8 = par: PAR/Irradiance, Biospherical/Licor
# name 9 = altM: Altimeter [m]
# name 10 = potemp090C: Potential Temperature [ITS-90, deg C]
# name 11 = sal00: Salinity, Practical [PSU]
# name 12 = sigma-é00: Density [sigma-theta, kg/m^3]
# name 13 = sbox0Mm/Kg: Oxygen, SBE 43 [umol/kg]
# name 14 = potemp190C: Potential Temperature, 2 [ITS-90, deg C]
# name 15 = sal11: Salinity, Practical, 2 [PSU]
# name 16 = sigma-é11: Density, 2 [sigma-theta, kg/m^3]
# name 17 = flag:
# span 0 =      3.000,   5200.000       
# span 1 =     1.0555,    26.0665       
# span 2 =   3.147436,   5.467953       
# span 3 =     1.0557,    26.0665       
# span 4 =   3.147405,   5.467811       
# span 5 =     1.0317,     2.2827       
# span 6 =     0.0057,     0.1320       
# span 7 =    88.3489,    89.8491       
# span 8 = 3.8179e-05, 1.6226e+01       
# span 9 =       0.00,       0.00       
# span 10 =     0.6396,    26.0656      
# span 11 =    34.3351,    35.7899      
# span 12 =    23.2815,    27.8330      
# span 13 =    133.882,    197.420      
# span 14 =     0.6399,    26.0656      
# span 15 =    34.3351,    35.7899      
# span 16 =    23.2809,    27.8328      
# span 17 = 0.0000e+00, 0.0000e+00      
# interval = decibars: 1                
# start_time = Jan 01 2000 05:16:32 [NMEA time, first data scan]
# bad_flag = -9.990e-29
*END*
[from data line 3860]
   3863.000     1.4510   3.162711     1.4512   3.162696     1.0700     0.0105    89.8376 1.7988e-02       0.00     1.1481    34.7026    27.7964    168.068     1.1483    34.7022    27.7960 0.0000e+00
   3864.000     1.4503   3.162675     1.4504   3.162669     1.0700     0.0107    89.8318 1.8811e-02       0.00     1.1473    34.7025    27.7964    168.197     1.1475    34.7023    27.7962 0.0000e+00
   3865.000     1.4498   3.162666     1.4499   3.162648     1.0701     0.0115    89.8341 1.8217e-02       0.00     1.1467    34.7025    27.7964    167.886     1.1468    34.7022    27.7961 0.0000e+00
   3866.000     1.4488   3.162625     1.4490   3.162601     1.0700     0.0118    89.8330 1.9807e-02       0.00     1.1457    34.7025    27.7965    168.058     1.1458    34.7021    27.7962 0.0000e+00
   3867.000     1.4485   3.162643     1.4488   3.162627     1.0702     0.0117    89.8352 1.7707e-02       0.00     1.1452    34.7027    27.7967    168.279     1.1455    34.7022    27.7963 0.0000e+00
   3868.000     1.4486   3.162693     1.4488   3.162675     1.0701     0.0116    89.8287 1.8610e-02       0.00     1.1452    34.7028    27.7967    168.011     1.1455    34.7023    27.7963 0.0000e+00
   3869.000     1.4483   3.162725     1.4486   3.162706     1.0701     0.0119    89.8341 2.0722e-02       0.00     1.1448    34.7031    27.7970    168.188     1.1452    34.7025    27.7965 0.0000e+00
   3870.000     1.4484   3.162766     1.4487   3.162738     1.0702     0.0115    89.8329 2.0965e-02       0.00     1.1448    34.7030    27.7970    168.445     1.1451    34.7024    27.7965 0.0000e+00
   3871.000     1.4486   3.162808     1.4488   3.162776     1.0703     0.0121    89.8341 1.8862e-02       0.00     1.1449    34.7029    27.7969    169.020     1.1451    34.7024    27.7964 0.0000e+00
   3872.000     1.4485   3.162858     1.4488   3.162838     1.0707     0.0115    89.8341 1.7529e-02       0.00     1.1448    34.7032    27.7971    168.771     1.1450    34.7026    27.7966 0.0000e+00
   3873.000     1.4468   3.162712     1.4470   3.162705     1.0704     0.0116    89.8352 1.8157e-02       0.00     1.1430    34.7028    27.7969    167.645     1.1432    34.7024    27.7966 0.0000e+00
   3874.000     1.4454   3.162610     1.4457   3.162601     1.0704     0.0127    89.8363 1.7708e-02       0.00     1.1415    34.7026    27.7968    168.518     1.1418    34.7022    27.7965 0.0000e+00
   3875.000     1.4442   3.162546     1.4445   3.162523     1.0707     0.0115    89.8361 1.8249e-02       0.00     1.1402    34.7027    27.7970    168.937     1.1405    34.7021    27.7965 0.0000e+00
   3876.000     1.4446   3.162625     1.4451   3.162617     1.0708     0.0115    89.8341 1.8842e-02       0.00     1.1405    34.7027    27.7970    168.718     1.1410    34.7022    27.7965 0.0000e+00
   3877.000     1.4446   3.162651     1.4446   3.162629     1.0709     0.0130    89.8384 1.9321e-02       0.00     1.1404    34.7027    27.7970    168.217     1.1404    34.7024    27.7967 0.0000e+00
   3878.000     1.4433   3.162591     1.4434   3.162585     1.0707     0.0130    89.8354 2.0227e-02       0.00     1.1390    34.7029    27.7973    168.512     1.1391    34.7027    27.7971 0.0000e+00
   3879.000     1.4421   3.162550     1.4423   3.162535     1.0708     0.0108    89.8311 1.6480e-02       0.00     1.1378    34.7032    27.7976    168.226     1.1380    34.7028    27.7973 0.0000e+00
   3880.000     1.4415   3.162546     1.4417   3.162531     1.0705     0.0096    89.8326 1.6921e-02       0.00     1.1371    34.7034    27.7978    168.359     1.1372    34.7030    27.7975 0.0000e+00
   3881.000     1.4411   3.162552     1.4413   3.162532     1.0707     0.0122    89.8341 1.7713e-02       0.00     1.1366    34.7034    27.7978    169.617     1.1367    34.7030    27.7975 0.0000e+00
   3882.000     1.4406   3.162565     1.4409   3.162552     1.0711     0.0127    89.8436 1.8033e-02       0.00     1.1359    34.7038    27.7982    169.650     1.1363    34.7032    27.7977 0.0000e+00
   3883.000     1.4404   3.162575     1.4407   3.162569     1.0713     0.0127    89.8328 1.9549e-02       0.00     1.1357    34.7036    27.7981    169.427     1.1360    34.7032    27.7977 0.0000e+00
   3884.000     1.4404   3.162618     1.4407   3.162599     1.0713     0.0126    89.8319 1.9092e-02       0.00     1.1355    34.7037    27.7982    169.279     1.1359    34.7031    27.7977 0.0000e+00
   3885.000     1.4406   3.162659     1.4409   3.162640     1.0715     0.0122    89.8372 1.9612e-02       0.00     1.1356    34.7036    27.7980    168.806     1.1360    34.7030    27.7976 0.0000e+00
   3886.000     1.4405   3.162700     1.4410   3.162684     1.0714     0.0136    89.8323 2.1427e-02       0.00     1.1354    34.7038    27.7982    168.738     1.1359    34.7031    27.7976 0.0000e+00
   3887.000     1.4403   3.162699     1.4407   3.162696     1.0714     0.0143    89.8332 2.1064e-02       0.00     1.1352    34.7035    27.7980    169.188     1.1355    34.7031    27.7976 0.0000e+00
   3888.000     1.4402   3.162735     1.4406   3.162725     1.0715     0.0135    89.8314 1.9166e-02       0.00     1.1350    34.7036    27.7981    168.991     1.1354    34.7031    27.7977 0.0000e+00
   3889.000     1.4399   3.162738     1.4402   3.162719     1.0715     0.0120    89.8386 2.0537e-02       0.00     1.1345    34.7036    27.7981    169.426     1.1348    34.7031    27.7977 0.0000e+00
   3890.000     1.4392   3.162710     1.4395   3.162703     1.0717     0.0155    89.8333 1.9315e-02       0.00     1.1337    34.7036    27.7982    169.474     1.1340    34.7032    27.7978 0.0000e+00
   3891.000     1.4381   3.162664     1.4384   3.162654     1.0718     0.0152    89.8366 1.9730e-02       0.00     1.1326    34.7037    27.7984    169.311     1.1328    34.7034    27.7980 0.0000e+00
   3892.000     1.4377   3.162701     1.4379   3.162685     1.0720     0.0145    89.8273 1.8397e-02       0.00     1.1321    34.7041    27.7987    170.108     1.1323    34.7038    27.7984 0.0000e+00
   3893.000     1.4385   3.162829     1.4387   3.162803     1.0722     0.0133    89.8369 1.7661e-02       0.00     1.1328    34.7045    27.7989    169.618     1.1329    34.7040    27.7985 0.0000e+00
   3894.000     1.4390   3.162939     1.4392   3.162915     1.0724     0.0150    89.8322 2.0636e-02       0.00     1.1331    34.7049    27.7992    170.449     1.1333    34.7044    27.7988 0.0000e+00
   3895.000     1.4371   3.162822     1.4372   3.162804     1.0727     0.0144    89.8330 1.8575e-02       0.00     1.1312    34.7050    27.7995    169.982     1.1313    34.7047    27.7992 0.0000e+00
   3896.000     1.4362   3.162815     1.4363   3.162787     1.0728     0.0154    89.8329 2.1750e-02       0.00     1.1302    34.7055    27.7999    169.748     1.1302    34.7051    27.7996 0.0000e+00
   3897.000     1.4360   3.162847     1.4361   3.162835     1.0729     0.0151    89.8365 2.1263e-02       0.00     1.1298    34.7057    27.8001    169.983     1.1300    34.7054    27.7999 0.0000e+00
   3898.000     1.4361   3.162888     1.4363   3.162867     1.0730     0.0153    89.8378 2.1083e-02       0.00     1.1299    34.7056    27.8001    170.265     1.1300    34.7052    27.7997 0.0000e+00
   3899.000     1.4361   3.162938     1.4362   3.162916     1.0732     0.0157    89.8296 2.2646e-02       0.00     1.1298    34.7058    27.8002    170.802     1.1299    34.7054    27.7999 0.0000e+00
   3900.000     1.4361   3.162959     1.4365   3.162948     1.0736     0.0154    89.8340 2.1258e-02       0.00     1.1297    34.7056    27.8001    171.630     1.1300    34.7051    27.7996 0.0000e+00
   3901.000     1.4358   3.162984     1.4363   3.162976     1.0740     0.0129    89.8320 2.0944e-02       0.00     1.1292    34.7058    27.8003    170.497     1.1297    34.7052    27.7998 0.0000e+00
   3902.000     1.4323   3.162803     1.4327   3.162812     1.0741     0.0126    89.8319 1.9867e-02       0.00     1.1257    34.7069    27.8014    170.998     1.1261    34.7065    27.8010 0.0000e+00
   3903.000     1.4306   3.162734     1.4307   3.162715     1.0747     0.0132    89.8301 2.0063e-02       0.00     1.1240    34.7074    27.8019    172.126     1.1240    34.7071    27.8017 0.0000e+00
   3904.000     1.4302   3.162750     1.4304   3.162743     1.0752     0.0111    89.8306 2.1298e-02       0.00     1.1235    34.7076    27.8021    171.874     1.1236    34.7074    27.8019 0.0000e+00
   3905.000     1.4297   3.162757     1.4300   3.162744     1.0754     0.0109    89.8279 2.0393e-02       0.00     1.1229    34.7078    27.8023    171.547     1.1232    34.7073    27.8019 0.0000e+00
   3906.000     1.4293   3.162760     1.4295   3.162749     1.0757     0.0099    89.8270 1.9244e-02       0.00     1.1224    34.7078    27.8024    172.304     1.1226    34.7075    27.8021 0.0000e+00
   3907.000     1.4284   3.162728     1.4287   3.162716     1.0763     0.0097    89.8300 1.9243e-02       0.00     1.1214    34.7080    27.8026    172.701     1.1217    34.7075    27.8021 0.0000e+00
   3908.000     1.4279   3.162730     1.4284   3.162729     1.0769     0.0102    89.8280 2.0555e-02       0.00     1.1208    34.7081    27.8027    173.113     1.1213    34.7075    27.8022 0.0000e+00
   3909.000     1.4278   3.162759     1.4282   3.162750     1.0774     0.0104    89.8263 1.9837e-02       0.00     1.1206    34.7081    27.8027    172.809     1.1210    34.7076    27.8022 0.0000e+00
   3910.000     1.4274   3.162764     1.4276   3.162744     1.0779     0.0107    89.8322 2.1023e-02       0.00     1.1201    34.7082    27.8028    172.425     1.1203    34.7077    27.8024 0.0000e+00
   3911.000     1.4266   3.162754     1.4270   3.162735     1.0782     0.0125    89.8282 2.0260e-02       0.00     1.1192    34.7084    27.8031    172.774     1.1196    34.7078    27.8025 0.0000e+00
   3912.000     1.4261   3.162742     1.4265   3.162737     1.0785     0.0119    89.8282 2.0159e-02       0.00     1.1186    34.7084    27.8031    172.767     1.1190    34.7079    27.8027 0.0000e+00
   3913.000     1.4254   3.162709     1.4256   3.162708     1.0791     0.0119    89.8302 1.9721e-02       0.00     1.1178    34.7084    27.8031    173.393     1.1180    34.7082    27.8029 0.0000e+00
   3914.000     1.4238   3.162629     1.4240   3.162612     1.0793     0.0126    89.8312 2.0738e-02       0.00     1.1162    34.7087    27.8035    172.836     1.1164    34.7082    27.8030 0.0000e+00
   3915.000     1.4233   3.162630     1.4236   3.162613     1.0797     0.0119    89.8228 1.9208e-02       0.00     1.1156    34.7088    27.8036    173.277     1.1159    34.7082    27.8031 0.0000e+00
   3916.000     1.4234   3.162673     1.4237   3.162661     1.0799     0.0112    89.8320 1.9641e-02       0.00     1.1156    34.7088    27.8036    173.384     1.1159    34.7083    27.8032 0.0000e+00
   3917.000     1.4233   3.162703     1.4234   3.162658     1.0803     0.0105    89.8319 1.8535e-02       0.00     1.1154    34.7088    27.8036    173.078     1.1155    34.7082    27.8031 0.0000e+00
   3918.000     1.4236   3.162763     1.4238   3.162752     1.0805     0.0096    89.8341 1.9188e-02       0.00     1.1155    34.7088    27.8036    173.375     1.1157    34.7085    27.8033 0.0000e+00
   3919.000     1.4236   3.162797     1.4239   3.162780     1.0808     0.0097    89.8307 2.0961e-02       0.00     1.1154    34.7088    27.8036    173.320     1.1157    34.7083    27.8032 0.0000e+00
   3920.000     1.4233   3.162804     1.4236   3.162783     1.0809     0.0108    89.8260 2.1292e-02       0.00     1.1151    34.7088    27.8036    172.862     1.1153    34.7082    27.8032 0.0000e+00
   3921.000     1.4232   3.162835     1.4237   3.162827     1.0810     0.0106    89.8277 2.0209e-02       0.00     1.1148    34.7088    27.8037    173.417     1.1153    34.7082    27.8032 0.0000e+00
   3922.000     1.4234   3.162891     1.4238   3.162872     1.0814     0.0098    89.8333 1.9700e-02       0.00     1.1150    34.7089    27.8037    173.910     1.1153    34.7083    27.8032 0.0000e+00
   3923.000     1.4235   3.162918     1.4235   3.162895     1.0818     0.0110    89.8280 1.9728e-02       0.00     1.1149    34.7087    27.8036    173.465     1.1149    34.7084    27.8033 0.0000e+00
   3924.000     1.4236   3.162975     1.4238   3.162956     1.0818     0.0119    89.8311 1.8250e-02       0.00     1.1149    34.7088    27.8037    172.872     1.1151    34.7084    27.8033 0.0000e+00
   3925.000     1.4233   3.162982     1.4236   3.162974     1.0818     0.0125    89.8280 1.8538e-02       0.00     1.1145    34.7088    27.8036    173.160     1.1148    34.7084    27.8034 0.0000e+00
   3926.000     1.4233   3.163015     1.4235   3.163001     1.0819     0.0122    89.8286 1.8789e-02       0.00     1.1144    34.7088    27.8036    173.283     1.1146    34.7084    27.8033 0.0000e+00
   3927.000     1.4233   3.163051     1.4237   3.163042     1.0820     0.0125    89.8367 2.0509e-02       0.00     1.1143    34.7088    27.8037    173.153     1.1146    34.7083    27.8033 0.0000e+00
   3928.000     1.4234   3.163097     1.4236   3.163083     1.0820     0.0127    89.8282 1.8721e-02       0.00     1.1143    34.7088    27.8037    173.250     1.1145    34.7085    27.8034 0.0000e+00
   3929.000     1.4235   3.163146     1.4236   3.163134     1.0821     0.0121    89.8319 2.0741e-02       0.00     1.1143    34.7089    27.8038    173.451     1.1144    34.7086    27.8035 0.0000e+00
   3930.000     1.4236   3.163191     1.4237   3.163170     1.0822     0.0113    89.8316 1.8945e-02       0.00     1.1143    34.7089    27.8038    174.269     1.1143    34.7086    27.8035 0.0000e+00
   3931.000     1.4237   3.163228     1.4238   3.163216     1.0826     0.0121    89.8280 1.8846e-02       0.00     1.1143    34.7088    27.8037    174.115     1.1144    34.7086    27.8035 0.0000e+00
   3932.000     1.4236   3.163265     1.4238   3.163243     1.0827     0.0111    89.8256 2.0755e-02       0.00     1.1140    34.7090    27.8038    173.058     1.1143    34.7085    27.8034 0.0000e+00
   3933.000     1.4234   3.163271     1.4237   3.163251     1.0825     0.0116    89.8284 2.0205e-02       0.00     1.1138    34.7088    27.8037    173.559     1.1140    34.7083    27.8033 0.0000e+00
   3934.000     1.4228   3.163266     1.4231   3.163250     1.0826     0.0123    89.8303 2.1004e-02       0.00     1.1131    34.7089    27.8039    173.395     1.1133    34.7085    27.8035 0.0000e+00
   3935.000     1.4226   3.163283     1.4228   3.163267     1.0826     0.0124    89.8309 1.9012e-02       0.00     1.1127    34.7090    27.8040    174.080     1.1130    34.7086    27.8036 0.0000e+00
   3936.000     1.4224   3.163313     1.4227   3.163292     1.0829     0.0111    89.8258 1.7783e-02       0.00     1.1125    34.7091    27.8041    173.742     1.1128    34.7086    27.8036 0.0000e+00
   3937.000     1.4223   3.163321     1.4225   3.163305     1.0829     0.0103    89.8290 1.9513e-02       0.00     1.1122    34.7090    27.8039    173.959     1.1124    34.7085    27.8036 0.0000e+00
   3938.000     1.4217   3.163311     1.4220   3.163295     1.0830     0.0112    89.8286 1.7800e-02       0.00     1.1116    34.7090    27.8040    173.683     1.1119    34.7084    27.8036 0.0000e+00
   3939.000     1.4215   3.163337     1.4219   3.163328     1.0830     0.0134    89.8262 1.8941e-02       0.00     1.1113    34.7091    27.8041    173.443     1.1116    34.7086    27.8037 0.0000e+00
   3940.000     1.4216   3.163382     1.4219   3.163358     1.0830     0.0120    89.8265 1.7545e-02       0.00     1.1113    34.7091    27.8041    173.779     1.1115    34.7085    27.8037 0.0000e+00
   3941.000     1.4216   3.163420     1.4219   3.163406     1.0830     0.0136    89.8249 1.7544e-02       0.00     1.1112    34.7091    27.8042    174.135     1.1114    34.7087    27.8038 0.0000e+00
