Data/ruptures/TONGA/STATION 8/TONGA_CTD_022.cnv
* Sea-Bird SBE 9 Data File:
* FileName = C:\CTD\raw\TONGA_CTD_022.hdr
* Software Version Seasave V 7.21b
* Temperature SN = 0970
* Conductivity SN = 0606
* Number of Bytes Per Scan = 44
* Number of Voltage Words = 5
* Number of Scans Averaged by the Deck Unit = 1
* NMEA Latitude = 20 29.90 S
* NMEA Longitude = 171 59.79 W
* NMEA UTC (Time) = Nov 16 2019 22:23:35
# nquan = 18
# nvalues = 302                         
# units = specified
# name 0 = prDM: Pressure, Digiquartz [db]
# name 1 = t090C: Temperature [ITS-90, deg C]
# name 2 = c0S/m: Conductivity [S/m]
# name 3 = t190C: Temperature, 2 [ITS-90, deg C]
# name 4 = c1S/m: Conductivity, 2 [S/m]
# name 5 = sbeox0V: Oxygen raw, SBE 43 [V]
# name 6 = flC: Fluorescence, Chelsea Aqua 3 Chl Con [ug/l]
# name 7 = xmiss: Beam Transmission, Chelsea/Seatech [%]
# name 8 = par: PAR/Irradiance, Biospherical/Licor
# name 9 = altM: Altimeter [m]
# name 10 = potemp090C: Potential Temperature [ITS-90, deg C]
# name 11 = sal00: Salinity, Practical [PSU]
# name 12 = sigma-é00: Density [sigma-theta, kg/m^3]
# name 13 = sbox0Mm/Kg: Oxygen, SBE 43 [umol/kg]
# name 14 = potemp190C: Potential Temperature, 2 [ITS-90, deg C]
# name 15 = sal11: Salinity, Practical, 2 [PSU]
# name 16 = sigma-é11: Density, 2 [sigma-theta, kg/m^3]
# name 17 = flag:
# span 0 =      4.000,    305.000       
# span 1 =    17.2209,    25.9612       
# span 2 =   4.567741,   5.450991       
# span 3 =    17.2107,    25.9623       
# span 4 =   4.566561,   5.451045       
# span 5 =     1.8250,     2.3057       
# span 6 =     0.0092,     0.1453       
# span 7 =    87.9757,    89.4336       
# span 8 = 5.5486e-05, 1.3849e+03       
# span 9 =       0.00,       0.00       
# span 10 =    17.1699,    25.9603      
# span 11 =    35.2828,    35.7470      
# span 12 =    23.2826,    25.7575      
# span 13 =    163.330,    197.574      
# span 14 =    17.1596,    25.9614      
# span 15 =    35.2927,    35.7474      
# span 16 =    23.2820,    25.7583      
# span 17 = 0.0000e+00, 0.0000e+00      
# interval = decibars: 1                
# start_time = Jan 01 2000 22:23:35 [NMEA time, first data scan]
# bad_flag = -9.990e-29
*END*
      4.000    25.9612   5.450991    25.9623   5.451045     2.2969     0.0126    88.2958 1.3849e+03       0.00    25.9603    35.3140    23.2826    190.759    25.9614    35.3136    23.2820 0.0000e+00
      5.000    25.9043   5.444843    25.9117   5.445560     2.2954     0.0140    88.2434 1.3228e+03       0.00    25.9032    35.3128    23.2995    190.760    25.9106    35.3123    23.2969 0.0000e+00
      6.000    25.8986   5.444011    25.9059   5.445101     2.2951     0.0144    88.2320 9.9088e+02       0.00    25.8973    35.3107    23.2998    190.963    25.9046    35.3131    23.2993 0.0000e+00
      7.000    25.8131   5.435070    25.8128   5.435095     2.2933     0.0142    88.2200 1.1384e+03       0.00    25.8115    35.3112    23.3268    190.861    25.8112    35.3116    23.3272 0.0000e+00
      8.000    25.7935   5.432970    25.7935   5.432978     2.2941     0.0168    88.2104 9.1775e+02       0.00    25.7917    35.3107    23.3326    191.836    25.7918    35.3107    23.3326 0.0000e+00
      9.000    25.7813   5.431697    25.7815   5.431661     2.2972     0.0166    88.1480 5.5467e+02       0.00    25.7793    35.3104    23.3363    192.145    25.7795    35.3100    23.3359 0.0000e+00
     10.000    25.7741   5.430936    25.7742   5.430881     2.2995     0.0180    88.1724 4.9849e+02       0.00    25.7718    35.3102    23.3384    192.353    25.7719    35.3097    23.3380 0.0000e+00
     11.000    25.7603   5.429442    25.7598   5.429351     2.3012     0.0228    88.2204 5.5166e+02       0.00    25.7579    35.3096    23.3423    192.415    25.7574    35.3093    23.3422 0.0000e+00
     12.000    25.7479   5.428157    25.7479   5.428108     2.3015     0.0254    88.1078 5.4598e+02       0.00    25.7452    35.3094    23.3461    192.243    25.7452    35.3091    23.3458 0.0000e+00
     13.000    25.7386   5.427199    25.7381   5.427124     2.3015     0.0222    88.1168 7.0834e+02       0.00    25.7357    35.3093    23.3489    192.393    25.7352    35.3091    23.3490 0.0000e+00
     14.000    25.7214   5.425246    25.7206   5.425269     2.3020     0.0214    88.0103 6.5323e+02       0.00    25.7183    35.3079    23.3533    192.745    25.7175    35.3087    23.3541 0.0000e+00
     15.000    25.6930   5.422110    25.6917   5.422139     2.3038     0.0206    88.1154 7.0440e+02       0.00    25.6897    35.3066    23.3612    193.179    25.6884    35.3078    23.3625 0.0000e+00
     16.000    25.6657   5.419314    25.6645   5.419201     2.3057     0.0205    87.9757 5.5875e+02       0.00    25.6622    35.3070    23.3700    193.236    25.6609    35.3071    23.3704 0.0000e+00
     17.000    25.6529   5.418042    25.6523   5.417943     2.3051     0.0196    88.1026 4.9959e+02       0.00    25.6491    35.3072    23.3742    192.858    25.6486    35.3070    23.3742 0.0000e+00
     18.000    25.6356   5.416170    25.6343   5.416114     2.3039     0.0207    88.1503 5.7828e+02       0.00    25.6316    35.3066    23.3792    192.834    25.6303    35.3072    23.3800 0.0000e+00
     19.000    25.6152   5.414104    25.6162   5.414197     2.3027     0.0222    88.1299 4.3202e+02       0.00    25.6110    35.3070    23.3858    192.779    25.6120    35.3068    23.3854 0.0000e+00
     20.000    25.5999   5.412411    25.5987   5.412336     2.3021     0.0210    88.1020 3.8475e+02       0.00    25.5955    35.3060    23.3899    192.882    25.5943    35.3064    23.3905 0.0000e+00
     21.000    25.5793   5.410014    25.5787   5.410049     2.3019     0.0191    88.0928 3.1446e+02       0.00    25.5747    35.3041    23.3949    193.197    25.5741    35.3048    23.3955 0.0000e+00
     22.000    25.5597   5.407780    25.5590   5.407761     2.3031     0.0187    88.1321 3.3054e+02       0.00    25.5549    35.3025    23.3998    193.304    25.5541    35.3030    23.4004 0.0000e+00
     23.000    25.5480   5.406462    25.5475   5.406425     2.3022     0.0215    88.1189 3.3318e+02       0.00    25.5429    35.3016    23.4028    192.935    25.5424    35.3018    23.4030 0.0000e+00
     24.000    25.5270   5.404008    25.5251   5.403852     2.3005     0.0203    88.1200 3.3288e+02       0.00    25.5217    35.2996    23.4078    192.862    25.5199    35.2999    23.4086 0.0000e+00
     25.000    25.5125   5.402406    25.5115   5.402265     2.2998     0.0230    88.0974 2.3432e+02       0.00    25.5070    35.2987    23.4117    193.255    25.5060    35.2985    23.4118 0.0000e+00
     26.000    25.5060   5.401736    25.5042   5.401412     2.3021     0.0243    88.1067 2.3900e+02       0.00    25.5003    35.2985    23.4136    193.687    25.4985    35.2975    23.4134 0.0000e+00
     27.000    25.4959   5.400537    25.4949   5.400405     2.3015     0.0237    88.0929 1.9327e+02       0.00    25.4900    35.2972    23.4158    192.998    25.4889    35.2970    23.4160 0.0000e+00
     28.000    25.4836   5.399217    25.4833   5.399135     2.2991     0.0253    88.0976 1.9932e+02       0.00    25.4775    35.2967    23.4192    193.091    25.4772    35.2963    23.4191 0.0000e+00
     29.000    25.4772   5.398553    25.4763   5.398440     2.2998     0.0229    88.1389 2.2305e+02       0.00    25.4708    35.2965    23.4212    193.475    25.4699    35.2963    23.4213 0.0000e+00
     30.000    25.4742   5.398281    25.4740   5.398228     2.3002     0.0224    88.0979 1.9280e+02       0.00    25.4676    35.2965    23.4222    193.572    25.4674    35.2963    23.4220 0.0000e+00
     31.000    25.4720   5.398060    25.4717   5.397995     2.3008     0.0225    88.1081 1.5968e+02       0.00    25.4652    35.2963    23.4227    193.590    25.4648    35.2961    23.4226 0.0000e+00
     32.000    25.4656   5.397379    25.4652   5.397333     2.3009     0.0237    88.1007 1.4579e+02       0.00    25.4585    35.2959    23.4245    193.518    25.4581    35.2959    23.4246 0.0000e+00
     33.000    25.4686   5.397887    25.4612   5.396925     2.3003     0.0259    88.0967 1.4405e+02       0.00    25.4614    35.2970    23.4244    193.421    25.4540    35.2956    23.4257 0.0000e+00
     34.000    25.4605   5.396829    25.4534   5.396108     2.2981     0.0293    88.0954 1.8717e+02       0.00    25.4530    35.2952    23.4256    192.908    25.4459    35.2954    23.4280 0.0000e+00
     35.000    25.4432   5.395006    25.4428   5.394984     2.2966     0.0304    88.1136 1.4707e+02       0.00    25.4355    35.2948    23.4308    192.827    25.4351    35.2950    23.4310 0.0000e+00
     36.000    25.4259   5.393156    25.4254   5.393207     2.2933     0.0314    88.1742 1.4616e+02       0.00    25.4180    35.2943    23.4358    192.214    25.4175    35.2951    23.4365 0.0000e+00
     37.000    25.3949   5.389533    25.3920   5.389583     2.2907     0.0321    88.1913 1.1451e+02       0.00    25.3868    35.2914    23.4432    192.521    25.3838    35.2941    23.4461 0.0000e+00
     38.000    25.2604   5.374234    25.2437   5.373814     2.2912     0.0301    88.2352 1.1412e+02       0.00    25.2521    35.2828    23.4779    193.480    25.2354    35.2927    23.4906 0.0000e+00
     39.000    25.0214   5.350710    25.0164   5.350813     2.2923     0.0277    88.3231 1.1896e+02       0.00    25.0129    35.2946    23.5600    194.198    25.0079    35.2993    23.5650 0.0000e+00
     40.000    24.9620   5.345954    24.9613   5.345973     2.2914     0.0263    88.3442 1.1756e+02       0.00    24.9534    35.3054    23.5862    194.146    24.9526    35.3060    23.5870 0.0000e+00
     41.000    24.9360   5.343853    24.9354   5.343805     2.2917     0.0231    88.3899 1.1266e+02       0.00    24.9271    35.3098    23.5976    194.536    24.9265    35.3099    23.5978 0.0000e+00
     42.000    24.8945   5.339421    24.8919   5.339384     2.2925     0.0209    88.4175 1.0681e+02       0.00    24.8854    35.3090    23.6096    194.870    24.8828    35.3107    23.6117 0.0000e+00
     43.000    24.8468   5.334265    24.8450   5.334169     2.2943     0.0218    88.4448 9.9553e+01       0.00    24.8375    35.3076    23.6231    195.377    24.8357    35.3083    23.6241 0.0000e+00
     44.000    24.8155   5.331428    24.8145   5.331386     2.2961     0.0240    88.3936 9.7567e+01       0.00    24.8060    35.3107    23.6349    195.321    24.8050    35.3111    23.6356 0.0000e+00
     45.000    24.7804   5.328542    24.7800   5.328460     2.2940     0.0244    88.4148 9.9051e+01       0.00    24.7707    35.3163    23.6499    194.828    24.7703    35.3160    23.6498 0.0000e+00
     46.000    24.7697   5.327836    24.7698   5.327752     2.2930     0.0256    88.4232 1.0470e+02       0.00    24.7597    35.3192    23.6554    195.112    24.7598    35.3185    23.6548 0.0000e+00
     47.000    24.7525   5.326359    24.7521   5.326382     2.2932     0.0266    88.4196 9.6486e+01       0.00    24.7424    35.3213    23.6623    195.165    24.7420    35.3217    23.6627 0.0000e+00
     48.000    24.7238   5.324151    24.7230   5.324293     2.2922     0.0322    88.4574 9.3196e+01       0.00    24.7135    35.3270    23.6753    195.132    24.7126    35.3287    23.6769 0.0000e+00
     49.000    24.6665   5.319289    24.6655   5.319516     2.2920     0.0333    88.4782 9.2450e+01       0.00    24.6559    35.3354    23.6990    195.559    24.6549    35.3379    23.7012 0.0000e+00
     50.000    24.6289   5.316308    24.6281   5.316316     2.2932     0.0315    88.4779 8.8879e+01       0.00    24.6182    35.3423    23.7156    196.128    24.6174    35.3430    23.7164 0.0000e+00
     51.000    24.5702   5.311009    24.5618   5.310723     2.2955     0.0315    88.5281 8.7218e+01       0.00    24.5593    35.3485    23.7381    196.417    24.5509    35.3530    23.7440 0.0000e+00
     52.000    24.4078   5.298296    24.4009   5.297855     2.2962     0.0298    88.5723 8.2649e+01       0.00    24.3967    35.3809    23.8114    196.850    24.3898    35.3830    23.8151 0.0000e+00
     53.000    24.3136   5.289962    24.3108   5.289923     2.2982     0.0267    88.5692 7.8314e+01       0.00    24.3023    35.3924    23.8484    197.399    24.2996    35.3942    23.8506 0.0000e+00
     54.000    24.2460   5.283967    24.2451   5.283870     2.2969     0.0279    88.5836 7.6479e+01       0.00    24.2345    35.4004    23.8747    196.970    24.2337    35.4004    23.8749 0.0000e+00
     55.000    24.2251   5.282042    24.2253   5.281986     2.2950     0.0315    88.5844 7.6148e+01       0.00    24.2134    35.4021    23.8823    196.697    24.2137    35.4015    23.8818 0.0000e+00
     56.000    24.2098   5.280758    24.2094   5.280725     2.2922     0.0318    88.5834 7.5670e+01       0.00    24.1979    35.4042    23.8886    196.502    24.1976    35.4042    23.8887 0.0000e+00
     57.000    24.1491   5.273997    24.1463   5.274455     2.2911     0.0344    88.6021 7.4620e+01       0.00    24.1370    35.4010    23.9043    196.831    24.1343    35.4066    23.9093 0.0000e+00
     58.000    24.0523   5.263537    24.0509   5.263932     2.2904     0.0332    88.6229 7.3532e+01       0.00    24.0400    35.3984    23.9312    197.153    24.0387    35.4025    23.9346 0.0000e+00
     59.000    24.0079   5.259672    24.0083   5.259653     2.2896     0.0318    88.6114 7.1188e+01       0.00    23.9954    35.4041    23.9487    197.348    23.9959    35.4036    23.9482 0.0000e+00
     60.000    23.9928   5.258544    23.9928   5.258391     2.2901     0.0342    88.6312 7.0077e+01       0.00    23.9801    35.4072    23.9556    197.574    23.9802    35.4060    23.9547 0.0000e+00
     61.000    23.9807   5.257657    23.9792   5.257329     2.2887     0.0372    88.6432 6.9765e+01       0.00    23.9679    35.4098    23.9612    196.753    23.9663    35.4085    23.9607 0.0000e+00
     62.000    23.9558   5.255319    23.9559   5.255241     2.2827     0.0372    88.6373 6.7085e+01       0.00    23.9428    35.4116    23.9699    195.823    23.9428    35.4109    23.9694 0.0000e+00
     63.000    23.9179   5.251634    23.9163   5.251776     2.2789     0.0358    88.6318 6.6419e+01       0.00    23.9047    35.4134    23.9827    195.967    23.9030    35.4158    23.9850 0.0000e+00
     64.000    23.8451   5.243315    23.8427   5.243583     2.2771     0.0357    88.6675 6.4940e+01       0.00    23.8317    35.4079    24.0000    196.274    23.8292    35.4119    24.0038 0.0000e+00
     65.000    23.7800   5.234469    23.7789   5.234605     2.2760     0.0360    88.6806 6.2772e+01       0.00    23.7664    35.3922    24.0075    196.634    23.7653    35.3942    24.0093 0.0000e+00
     66.000    23.7629   5.233060    23.7637   5.232960     2.2760     0.0367    88.6856 6.1646e+01       0.00    23.7490    35.3948    24.0146    196.592    23.7499    35.3934    24.0132 0.0000e+00
     67.000    23.7621   5.233289    23.7631   5.233180     2.2737     0.0360    88.6854 6.1484e+01       0.00    23.7481    35.3968    24.0163    196.073    23.7491    35.3952    24.0148 0.0000e+00
     68.000    23.7599   5.233327    23.7605   5.233231     2.2719     0.0382    88.6940 6.0437e+01       0.00    23.7457    35.3986    24.0184    196.440    23.7463    35.3974    24.0173 0.0000e+00
     69.000    23.7572   5.233447    23.7581   5.233339     2.2728     0.0400    88.6919 5.8747e+01       0.00    23.7427    35.4013    24.0213    196.523    23.7436    35.3998    24.0199 0.0000e+00
     70.000    23.7548   5.233601    23.7555   5.233502     2.2712     0.0380    88.6864 5.7891e+01       0.00    23.7402    35.4040    24.0241    196.203    23.7409    35.4027    24.0229 0.0000e+00
     71.000    23.7488   5.233281    23.7495   5.233201     2.2708     0.0368    88.6982 5.6353e+01       0.00    23.7339    35.4061    24.0275    196.111    23.7347    35.4049    24.0264 0.0000e+00
     72.000    23.7428   5.233467    23.7434   5.233377     2.2679     0.0375    88.7158 5.4043e+01       0.00    23.7277    35.4120    24.0338    195.419    23.7283    35.4108    24.0328 0.0000e+00
     73.000    23.7111   5.230042    23.7076   5.229739     2.2638     0.0375    88.7209 5.3280e+01       0.00    23.6959    35.4108    24.0423    195.399    23.6924    35.4113    24.0437 0.0000e+00
     74.000    23.6641   5.226066    23.6653   5.225928     2.2616     0.0388    88.7494 5.2895e+01       0.00    23.6487    35.4177    24.0614    195.412    23.6499    35.4157    24.0596 0.0000e+00
     75.000    23.6860   5.231685    23.6875   5.231635     2.2595     0.0404    88.7408 5.1840e+01       0.00    23.6704    35.4427    24.0740    194.748    23.6718    35.4412    24.0724 0.0000e+00
     76.000    23.6660   5.229336    23.6666   5.229371     2.2565     0.0414    88.7178 5.0321e+01       0.00    23.6501    35.4405    24.0783    194.636    23.6507    35.4403    24.0780 0.0000e+00
     77.000    23.6515   5.227463    23.6518   5.227575     2.2554     0.0407    88.7342 4.8358e+01       0.00    23.6355    35.4375    24.0803    194.635    23.6358    35.4381    24.0806 0.0000e+00
     78.000    23.6279   5.224569    23.6286   5.224704     2.2533     0.0406    88.7255 4.6898e+01       0.00    23.6117    35.4339    24.0846    194.320    23.6123    35.4344    24.0848 0.0000e+00
     79.000    23.6063   5.221660    23.6073   5.222133     2.2511     0.0404    88.7427 4.5987e+01       0.00    23.5899    35.4287    24.0870    194.158    23.5908    35.4315    24.0889 0.0000e+00
     80.000    23.5643   5.216864    23.5667   5.217159     2.2488     0.0410    88.7548 4.5400e+01       0.00    23.5476    35.4254    24.0969    194.340    23.5501    35.4256    24.0964 0.0000e+00
     81.000    23.5562   5.215938    23.5571   5.215975     2.2484     0.0431    88.7524 4.5312e+01       0.00    23.5393    35.4245    24.0986    194.509    23.5403    35.4239    24.0980 0.0000e+00
     82.000    23.5303   5.212832    23.5311   5.213060     2.2468     0.0443    88.7551 4.5044e+01       0.00    23.5132    35.4211    24.1037    194.212    23.5141    35.4222    24.1043 0.0000e+00
     83.000    23.5109   5.210734    23.5113   5.210615     2.2443     0.0456    88.7413 4.4207e+01       0.00    23.4936    35.4203    24.1089    193.975    23.4941    35.4190    24.1078 0.0000e+00
