Data/ruptures/TONGA/STATION 8/TONGA_CTD_026.cnv
* Sea-Bird SBE 9 Data File:
* FileName = C:\CTD\raw\TONGA_CTD_026.hdr
* Software Version Seasave V 7.21b
* Temperature SN = 0970
* Conductivity SN = 0606
* Number of Bytes Per Scan = 44
* Number of Voltage Words = 5
* Number of Scans Averaged by the Deck Unit = 1
* NMEA Latitude = 20 24.23 S
* NMEA Longitude = 166 35.88 W
* NMEA UTC (Time) = Nov 21 2019 05:16:32
# nquan = 18
# nvalues = 5198                        
# units = specified
# name 0 = prDM: Pressure, Digiquartz [db]
# name 1 = t090C: Temperature [ITS-90, deg C]
# name 2 = c0S/m: Conductivity [S/m]
# name 3 = t190C: Temperature, 2 [ITS-90, deg C]
# name 4 = c1S/m: Conductivity, 2 [S/m]
# name 5 = sbeox0V: Oxygen raw, SBE 43 [V]
# name 6 = flC: Fluorescence, Chelsea Aqua 3 Chl Con [ug/l]
# name 7 = xmiss: Beam Transmission, Chelsea/Seatech [%]
# name 8 = par: PAR/Irradiance, Biospherical/Licor
# name 9 = altM: Altimeter [m]
# name 10 = potemp090C: Potential Temperature [ITS-90, deg C]
# name 11 = sal00: Salinity, Practical [PSU]
# name 12 = sigma-é00: Density [sigma-theta, kg/m^3]
# name 13 = sbox0Mm/Kg: Oxygen, SBE 43 [umol/kg]
# name 14 = potemp190C: Potential Temperature, 2 [ITS-90, deg C]
# name 15 = sal11: Salinity, Practical, 2 [PSU]
# name 16 = sigma-é11: Density, 2 [sigma-theta, kg/m^3]
# name 17 = flag:
# span 0 =      3.000,   5200.000       
# span 1 =     1.0555,    26.0665       
# span 2 =   3.147436,   5.467953       
# span 3 =     1.0557,    26.0665       
# span 4 =   3.147405,   5.467811       
# span 5 =     1.0317,     2.2827       
# span 6 =     0.0057,     0.1320       
# span 7 =    88.3489,    89.8491       
# span 8 = 3.8179e-05, 1.6226e+01       
# span 9 =       0.00,       0.00       
# span 10 =     0.6396,    26.0656      
# span 11 =    34.3351,    35.7899      
# span 12 =    23.2815,    27.8330      
# span 13 =    133.882,    197.420      
# span 14 =     0.6399,    26.0656      
# span 15 =    34.3351,    35.7899      
# span 16 =    23.2809,    27.8328      
# span 17 = 0.0000e+00, 0.0000e+00      
# interval = decibars: 1                
# start_time = Jan 01 2000 05:16:32 [NMEA time, first data scan]
# bad_flag = -9.990e-29
*END*
[from data line 563]
    566.000     7.5108   3.544932     7.5101   3.544998     1.6442     0.0088    89.5885 4.3215e-05       0.00     7.4548    34.3918    26.8757    187.678     7.4541    34.3932    26.8769 0.0000e+00
    567.000     7.4797   3.541885     7.4787   3.541981     1.6454     0.0078    89.5904 5.7900e-05       0.00     7.4237    34.3890    26.8780    188.413     7.4227    34.3911    26.8798 0.0000e+00
    568.000     7.4369   3.537896     7.4364   3.537894     1.6468     0.0084    89.5907 4.2718e-05       0.00     7.3810    34.3876    26.8830    188.988     7.3804    34.3881    26.8835 0.0000e+00
    569.000     7.4140   3.535816     7.4138   3.535733     1.6486     0.0088    89.5906 6.3685e-05       0.00     7.3580    34.3872    26.8859    189.370     7.3578    34.3866    26.8855 0.0000e+00
    570.000     7.3977   3.534335     7.3978   3.534226     1.6500     0.0083    89.5932 5.8840e-05       0.00     7.3417    34.3868    26.8879    189.335     7.3418    34.3856    26.8870 0.0000e+00
    571.000     7.3853   3.533166     7.3852   3.533066     1.6509     0.0085    89.5927 5.8081e-05       0.00     7.3292    34.3860    26.8890    189.276     7.3292    34.3850    26.8883 0.0000e+00
    572.000     7.3781   3.532569     7.3783   3.532457     1.6516     0.0084    89.5940 5.7165e-05       0.00     7.3220    34.3861    26.8902    189.293     7.3222    34.3847    26.8891 0.0000e+00
    573.000     7.3719   3.532002     7.3713   3.531831     1.6520     0.0076    89.5916 6.4052e-05       0.00     7.3157    34.3855    26.8906    189.289     7.3151    34.3844    26.8898 0.0000e+00
    574.000     7.3603   3.530952     7.3604   3.530861     1.6521     0.0076    89.5979 4.8676e-05       0.00     7.3041    34.3852    26.8920    189.204     7.3042    34.3841    26.8911 0.0000e+00
    575.000     7.3522   3.530230     7.3521   3.530115     1.6521     0.0085    89.5952 6.0398e-05       0.00     7.2959    34.3849    26.8929    188.969     7.2958    34.3837    26.8920 0.0000e+00
    576.000     7.3414   3.529246     7.3413   3.529135     1.6513     0.0086    89.5969 5.3073e-05       0.00     7.2850    34.3844    26.8940    188.863     7.2849    34.3833    26.8932 0.0000e+00
    577.000     7.3337   3.528590     7.3335   3.528443     1.6512     0.0089    89.5941 5.0944e-05       0.00     7.2773    34.3844    26.8952    189.072     7.2771    34.3830    26.8941 0.0000e+00
    578.000     7.3303   3.528320     7.3303   3.528183     1.6509     0.0089    89.5920 4.4852e-05       0.00     7.2738    34.3844    26.8956    189.104     7.2738    34.3829    26.8944 0.0000e+00
    579.000     7.3246   3.527772     7.3245   3.527673     1.6508     0.0093    89.6015 5.6651e-05       0.00     7.2680    34.3837    26.8959    189.273     7.2679    34.3826    26.8951 0.0000e+00
    580.000     7.3169   3.527097     7.3169   3.527007     1.6510     0.0077    89.5939 6.8998e-05       0.00     7.2603    34.3834    26.8967    189.403     7.2602    34.3825    26.8960 0.0000e+00
    581.000     7.3112   3.526621     7.3109   3.526481     1.6509     0.0076    89.5994 6.1278e-05       0.00     7.2545    34.3834    26.8975    189.554     7.2542    34.3822    26.8966 0.0000e+00
    582.000     7.3069   3.526218     7.3066   3.526082     1.6513     0.0080    89.5945 1.1531e-04       0.00     7.2501    34.3829    26.8978    189.885     7.2498    34.3817    26.8969 0.0000e+00
    583.000     7.2995   3.525542     7.2993   3.525429     1.6519     0.0079    89.5977 2.4837e-04       0.00     7.2426    34.3824    26.8984    189.929     7.2424    34.3812    26.8976 0.0000e+00
    584.000     7.2945   3.525160     7.2944   3.525000     1.6521     0.0080    89.6021 9.3825e-05       0.00     7.2375    34.3826    26.8993    189.780     7.2374    34.3810    26.8981 0.0000e+00
    585.000     7.2882   3.524537     7.2882   3.524439     1.6521     0.0084    89.5977 4.6862e-05       0.00     7.2311    34.3817    26.8995    189.841     7.2312    34.3805    26.8986 0.0000e+00
    586.000     7.2736   3.523038     7.2735   3.523059     1.6524     0.0087    89.6014 5.6228e-05       0.00     7.2165    34.3793    26.8997    190.546     7.2164    34.3796    26.8999 0.0000e+00
    587.000     7.2413   3.519777     7.2406   3.519977     1.6534     0.0085    89.5979 4.1182e-05       0.00     7.1843    34.3753    26.9011    191.259     7.1836    34.3782    26.9034 0.0000e+00
    588.000     7.2073   3.516791     7.2074   3.516775     1.6544     0.0087    89.6005 5.4366e-05       0.00     7.1503    34.3760    26.9063    191.618     7.1504    34.3757    26.9061 0.0000e+00
    589.000     7.1898   3.515175     7.1895   3.515136     1.6554     0.0095    89.6038 6.5264e-05       0.00     7.1328    34.3752    26.9082    191.510     7.1325    34.3751    26.9081 0.0000e+00
    590.000     7.1724   3.513627     7.1723   3.513534     1.6559     0.0093    89.6022 5.0628e-05       0.00     7.1154    34.3752    26.9106    191.130     7.1153    34.3743    26.9099 0.0000e+00
    591.000     7.1676   3.513262     7.1675   3.513113     1.6555     0.0097    89.6048 6.5410e-05       0.00     7.1105    34.3755    26.9115    190.834     7.1104    34.3739    26.9103 0.0000e+00
    592.000     7.1651   3.512997     7.1648   3.512931     1.6554     0.0098    89.6073 5.8878e-05       0.00     7.1079    34.3746    26.9111    191.223     7.1076    34.3742    26.9108 0.0000e+00
    593.000     7.1464   3.511226     7.1461   3.511181     1.6557     0.0093    89.6032 5.4482e-05       0.00     7.0892    34.3733    26.9128    191.506     7.0889    34.3732    26.9127 0.0000e+00
    594.000     7.1340   3.510051     7.1336   3.509999     1.6559     0.0084    89.6058 4.9031e-05       0.00     7.0767    34.3723    26.9137    191.843     7.0764    34.3721    26.9136 0.0000e+00
    595.000     7.1191   3.508591     7.1187   3.508593     1.6567     0.0080    89.6085 4.9009e-05       0.00     7.0618    34.3707    26.9145    192.634     7.0614    34.3711    26.9149 0.0000e+00
    596.000     7.0880   3.505639     7.0873   3.505623     1.6583     0.0082    89.6037 5.8575e-05       0.00     7.0308    34.3688    26.9173    193.398     7.0301    34.3693    26.9178 0.0000e+00
    597.000     7.0649   3.503531     7.0647   3.503460     1.6604     0.0069    89.6066 5.8810e-05       0.00     7.0077    34.3683    26.9201    193.624     7.0075    34.3677    26.9196 0.0000e+00
    598.000     7.0512   3.502366     7.0508   3.502161     1.6618     0.0059    89.6024 6.1886e-05       0.00     6.9939    34.3686    26.9223    192.856     6.9935    34.3669    26.9209 0.0000e+00
    599.000     7.0086   3.498240     7.0084   3.498352     1.6609     0.0065    89.6099 5.2062e-05       0.00     6.9514    34.3654    26.9255    192.549     6.9512    34.3668    26.9267 0.0000e+00
    600.000     6.9898   3.496576     6.9895   3.496470     1.6607     0.0071    89.6113 3.8179e-05       0.00     6.9326    34.3654    26.9281    193.130     6.9323    34.3645    26.9275 0.0000e+00
    601.000     6.9725   3.494831     6.9718   3.494793     1.6610     0.0069    89.6133 5.4100e-05       0.00     6.9153    34.3629    26.9285    193.829     6.9146    34.3632    26.9289 0.0000e+00
    602.000     6.9571   3.493453     6.9571   3.493383     1.6621     0.0077    89.6144 5.3909e-05       0.00     6.8999    34.3627    26.9305    194.649     6.8998    34.3620    26.9299 0.0000e+00
    603.000     6.9449   3.492243     6.9446   3.492190     1.6637     0.0072    89.6108 5.7926e-05       0.00     6.8876    34.3611    26.9309    195.114     6.8873    34.3608    26.9307 0.0000e+00
    604.000     6.9256   3.490388     6.9264   3.490466     1.6649     0.0081    89.6125 7.1763e-05       0.00     6.8683    34.3595    26.9323    195.294     6.8691    34.3595    26.9322 0.0000e+00
    605.000     6.9077   3.488731     6.9076   3.488722     1.6664     0.0079    89.6153 3.0868e-04       0.00     6.8504    34.3587    26.9340    195.889     6.8503    34.3586    26.9340 0.0000e+00
    606.000     6.8887   3.486965     6.8885   3.486956     1.6677     0.0080    89.6163 9.0242e-05       0.00     6.8314    34.3576    26.9358    196.161     6.8312    34.3578    26.9360 0.0000e+00
    607.000     6.8745   3.485685     6.8742   3.485625     1.6689     0.0082    89.6043 7.2415e-05       0.00     6.8171    34.3573    26.9375    196.536     6.8168    34.3569    26.9373 0.0000e+00
    608.000     6.8632   3.484720     6.8630   3.484593     1.6708     0.0076    89.6153 1.3245e-04       0.00     6.8058    34.3575    26.9392    196.601     6.8056    34.3562    26.9382 0.0000e+00
    609.000     6.8584   3.484302     6.8582   3.484174     1.6719     0.0084    89.6218 5.7689e-05       0.00     6.8009    34.3571    26.9396    195.954     6.8007    34.3559    26.9386 0.0000e+00
    610.000     6.8531   3.483807     6.8529   3.483714     1.6723     0.0085    89.6236 3.1775e-04       0.00     6.7955    34.3565    26.9398    196.402     6.7954    34.3556    26.9391 0.0000e+00
    611.000     6.8415   3.482706     6.8410   3.482627     1.6731     0.0075    89.6143 1.0034e-04       0.00     6.7839    34.3554    26.9406    196.897     6.7834    34.3551    26.9404 0.0000e+00
    612.000     6.8306   3.481762     6.8303   3.481657     1.6740     0.0071    89.6182 1.0401e-04       0.00     6.7730    34.3554    26.9420    196.899     6.7727    34.3546    26.9414 0.0000e+00
    613.000     6.8265   3.481476     6.8269   3.481418     1.6743     0.0073    89.6209 2.3593e-04       0.00     6.7688    34.3559    26.9430    196.543     6.7691    34.3549    26.9422 0.0000e+00
    614.000     6.8090   3.479769     6.8092   3.479772     1.6744     0.0058    89.6223 2.4333e-04       0.00     6.7513    34.3541    26.9439    196.449     6.7514    34.3539    26.9438 0.0000e+00
    615.000     6.7918   3.478192     6.7915   3.478142     1.6742     0.0063    89.6226 6.2235e-04       0.00     6.7340    34.3535    26.9458    196.508     6.7337    34.3531    26.9455 0.0000e+00
    616.000     6.7839   3.477529     6.7833   3.477402     1.6740     0.0080    89.6272 3.3765e-04       0.00     6.7261    34.3535    26.9468    196.338     6.7255    34.3527    26.9463 0.0000e+00
    617.000     6.7752   3.476753     6.7748   3.476647     1.6735     0.0079    89.6199 7.5892e-04       0.00     6.7173    34.3531    26.9477    196.448     6.7169    34.3524    26.9472 0.0000e+00
    618.000     6.7700   3.476229     6.7696   3.476186     1.6738     0.0080    89.6201 1.9987e-04       0.00     6.7120    34.3522    26.9477    196.772     6.7116    34.3521    26.9477 0.0000e+00
    619.000     6.7405   3.473368     6.7403   3.473425     1.6735     0.0080    89.6239 3.4930e-04       0.00     6.6826    34.3495    26.9495    196.715     6.6823    34.3504    26.9503 0.0000e+00
    620.000     6.7287   3.472499     6.7287   3.472377     1.6734     0.0075    89.6178 2.4307e-04       0.00     6.6708    34.3512    26.9525    196.792     6.6707    34.3499    26.9515 0.0000e+00
    621.000     6.7164   3.471326     6.7162   3.471285     1.6731     0.0064    89.6262 3.2171e-04       0.00     6.6584    34.3502    26.9533    196.805     6.6582    34.3499    26.9531 0.0000e+00
    622.000     6.6983   3.469676     6.6980   3.469615     1.6730     0.0070    89.6300 2.7907e-04       0.00     6.6403    34.3495    26.9552    197.046     6.6400    34.3491    26.9549 0.0000e+00
    623.000     6.6839   3.468382     6.6837   3.468281     1.6727     0.0072    89.6340 3.2164e-04       0.00     6.6259    34.3491    26.9568    196.607     6.6257    34.3482    26.9561 0.0000e+00
    624.000     6.6792   3.467991     6.6790   3.467880     1.6719     0.0073    89.6293 4.2903e-05       0.00     6.6211    34.3490    26.9574    196.720     6.6209    34.3480    26.9566 0.0000e+00
    625.000     6.6744   3.467534     6.6746   3.467495     1.6719     0.0082    89.6305 5.6074e-05       0.00     6.6162    34.3483    26.9574    197.074     6.6164    34.3476    26.9569 0.0000e+00
    626.000     6.6642   3.466609     6.6639   3.466512     1.6719     0.0082    89.6319 7.0486e-05       0.00     6.6059    34.3478    26.9585    197.180     6.6056    34.3470    26.9579 0.0000e+00
    627.000     6.6526   3.465527     6.6521   3.465466     1.6719     0.0077    89.6274 5.8236e-05       0.00     6.5943    34.3469    26.9593    197.253     6.5938    34.3468    26.9593 0.0000e+00
    628.000     6.6171   3.462215     6.6166   3.462217     1.6719     0.0076    89.6286 1.1151e-04       0.00     6.5589    34.3453    26.9627    197.420     6.5584    34.3458    26.9632 0.0000e+00
    629.000     6.5966   3.460307     6.5959   3.460283     1.6717     0.0075    89.6324 1.9897e-04       0.00     6.5384    34.3442    26.9646    196.969     6.5377    34.3446    26.9650 0.0000e+00
    630.000     6.5805   3.458962     6.5802   3.458851     1.6706     0.0080    89.6339 1.1639e-04       0.00     6.5223    34.3450    26.9673    196.486     6.5220    34.3440    26.9666 0.0000e+00
    631.000     6.5736   3.458340     6.5732   3.458249     1.6696     0.0082    89.6320 5.9849e-05       0.00     6.5153    34.3445    26.9679    196.654     6.5149    34.3439    26.9675 0.0000e+00
    632.000     6.5553   3.456550     6.5551   3.456624     1.6693     0.0080    89.6319 1.1027e-04       0.00     6.4970    34.3425    26.9688    197.040     6.4968    34.3436    26.9696 0.0000e+00
    633.000     6.5414   3.455439     6.5410   3.455313     1.6690     0.0078    89.6327 5.9940e-05       0.00     6.4831    34.3436    26.9715    197.091     6.4827    34.3426    26.9708 0.0000e+00
    634.000     6.5355   3.454917     6.5355   3.454824     1.6686     0.0077    89.6299 1.8694e-04       0.00     6.4771    34.3432    26.9719    197.091     6.4771    34.3422    26.9711 0.0000e+00
    635.000     6.5291   3.454360     6.5290   3.454258     1.6682     0.0075    89.6308 1.3476e-04       0.00     6.4706    34.3430    26.9726    196.948     6.4706    34.3420    26.9718 0.0000e+00
    636.000     6.5216   3.453674     6.5217   3.453619     1.6673     0.0085    89.6348 3.9441e-04       0.00     6.4631    34.3424    26.9732    196.833     6.4632    34.3418    26.9726 0.0000e+00
    637.000     6.5097   3.452520     6.5091   3.452492     1.6667     0.0089    89.6327 6.7881e-05       0.00     6.4511    34.3411    26.9737    196.321     6.4505    34.3413    26.9740 0.0000e+00
    638.000     6.4879   3.450631     6.4876   3.450566     1.6652     0.0093    89.6384 8.3172e-04       0.00     6.4294    34.3415    26.9768    195.887     6.4290    34.3411    26.9766 0.0000e+00
    639.000     6.4783   3.449900     6.4781   3.449773     1.6638     0.0103    89.6339 4.6394e-04       0.00     6.4197    34.3424    26.9789    195.466     6.4195    34.3413    26.9780 0.0000e+00
    640.000     6.4776   3.449967     6.4774   3.449831     1.6609     0.0106    89.6350 5.5676e-04       0.00     6.4189    34.3435    26.9798    194.426     6.4187    34.3421    26.9788 0.0000e+00
    641.000     6.4715   3.449445     6.4713   3.449354     1.6581     0.0096    89.6333 6.5830e-04       0.00     6.4127    34.3433    26.9805    194.337     6.4125    34.3425    26.9799 0.0000e+00
    642.000     6.4642   3.448769     6.4635   3.448672     1.6562     0.0098    89.6374 3.0869e-03       0.00     6.4054    34.3426    26.9809    194.729     6.4047    34.3422    26.9807 0.0000e+00
    643.000     6.4522   3.447657     6.4517   3.447574     1.6555     0.0091    89.6377 8.6653e-04       0.00     6.3933    34.3418    26.9819    195.187     6.3928    34.3414    26.9816 0.0000e+00
    644.000     6.4418   3.446689     6.4414   3.446621     1.6549     0.0094    89.6405 3.4986e-04       0.00     6.3829    34.3410    26.9826    195.412     6.3825    34.3407    26.9824 0.0000e+00
    645.000     6.4322   3.445909     6.4320   3.445779     1.6546     0.0088    89.6367 7.5244e-04       0.00     6.3733    34.3415    26.9842    195.553     6.3730    34.3402    26.9833 0.0000e+00
