Data/ruptures/TONGA/STATION 8/TONGA_CTD_022.cnv
* Sea-Bird SBE 9 Data File:
* FileName = C:\CTD\raw\TONGA_CTD_022.hdr
* Software Version Seasave V 7.21b
* Temperature SN = 0970
* Conductivity SN = 0606
* Number of Bytes Per Scan = 44
* Number of Voltage Words = 5
* Number of Scans Averaged by the Deck Unit = 1
* NMEA Latitude = 20 29.90 S
* NMEA Longitude = 171 59.79 W
* NMEA UTC (Time) = Nov 16 2019 22:23:35
# nquan = 18
# nvalues = 302                         
# units = specified
# name 0 = prDM: Pressure, Digiquartz [db]
# name 1 = t090C: Temperature [ITS-90, deg C]
# name 2 = c0S/m: Conductivity [S/m]
# name 3 = t190C: Temperature, 2 [ITS-90, deg C]
# name 4 = c1S/m: Conductivity, 2 [S/m]
# name 5 = sbeox0V: Oxygen raw, SBE 43 [V]
# name 6 = flC: Fluorescence, Chelsea Aqua 3 Chl Con [ug/l]
# name 7 = xmiss: Beam Transmission, Chelsea/Seatech [%]
# name 8 = par: PAR/Irradiance, Biospherical/Licor
# name 9 = altM: Altimeter [m]
# name 10 = potemp090C: Potential Temperature [ITS-90, deg C]
# name 11 = sal00: Salinity, Practical [PSU]
# name 12 = sigma-é00: Density [sigma-theta, kg/m^3]
# name 13 = sbox0Mm/Kg: Oxygen, SBE 43 [umol/kg]
# name 14 = potemp190C: Potential Temperature, 2 [ITS-90, deg C]
# name 15 = sal11: Salinity, Practical, 2 [PSU]
# name 16 = sigma-é11: Density, 2 [sigma-theta, kg/m^3]
# name 17 = flag:
# span 0 =      4.000,    305.000       
# span 1 =    17.2209,    25.9612       
# span 2 =   4.567741,   5.450991       
# span 3 =    17.2107,    25.9623       
# span 4 =   4.566561,   5.451045       
# span 5 =     1.8250,     2.3057       
# span 6 =     0.0092,     0.1453       
# span 7 =    87.9757,    89.4336       
# span 8 = 5.5486e-05, 1.3849e+03       
# span 9 =       0.00,       0.00       
# span 10 =    17.1699,    25.9603      
# span 11 =    35.2828,    35.7470      
# span 12 =    23.2826,    25.7575      
# span 13 =    163.330,    197.574      
# span 14 =    17.1596,    25.9614      
# span 15 =    35.2927,    35.7474      
# span 16 =    23.2820,    25.7583      
# span 17 = 0.0000e+00, 0.0000e+00      
# interval = decibars: 1                
# start_time = Jan 01 2000 22:23:35 [NMEA time, first data scan]
# bad_flag = -9.990e-29
*END*
[from data line 161]
    165.000    21.9649   5.087225    21.9658   5.087705     1.9813     0.0639    89.0738 1.6687e+00       0.00    21.9321    35.6894    24.7608    169.871    21.9330    35.6924    24.7629 0.0000e+00
    166.000    21.9154   5.082947    21.9165   5.083152     1.9782     0.0624    89.0913 1.6037e+00       0.00    21.8826    35.6961    24.7798    169.868    21.8836    35.6968    24.7801 0.0000e+00
    167.000    21.8691   5.079054    21.8699   5.079119     1.9768     0.0624    89.1103 1.5407e+00       0.00    21.8361    35.7032    24.7982    170.235    21.8368    35.7031    24.7979 0.0000e+00
    168.000    21.8619   5.078784    21.8633   5.078726     1.9754     0.0596    89.1173 1.4809e+00       0.00    21.8287    35.7067    24.8030    170.310    21.8301    35.7050    24.8013 0.0000e+00
    169.000    21.8634   5.079217    21.8648   5.079183     1.9757     0.0560    89.1191 1.4309e+00       0.00    21.8300    35.7085    24.8040    170.591    21.8314    35.7071    24.8026 0.0000e+00
    170.000    21.8399   5.076198    21.8411   5.076583     1.9757     0.0558    89.1220 1.3828e+00       0.00    21.8064    35.7037    24.8069    170.403    21.8075    35.7058    24.8082 0.0000e+00
    171.000    21.8054   5.072696    21.8065   5.072839     1.9744     0.0563    89.1307 1.3337e+00       0.00    21.7717    35.7041    24.8170    170.598    21.7728    35.7043    24.8168 0.0000e+00
    172.000    21.7876   5.070912    21.7887   5.071002     1.9757     0.0557    89.1297 1.2798e+00       0.00    21.7537    35.7044    24.8222    171.159    21.7548    35.7042    24.8218 0.0000e+00
    173.000    21.7723   5.069277    21.7739   5.069397     1.9768     0.0560    89.1256 1.2331e+00       0.00    21.7382    35.7038    24.8260    171.141    21.7398    35.7034    24.8253 0.0000e+00
    174.000    21.7596   5.067793    21.7606   5.067840     1.9762     0.0531    89.1349 1.1888e+00       0.00    21.7253    35.7022    24.8285    170.360    21.7264    35.7017    24.8277 0.0000e+00
    175.000    21.7202   5.063717    21.7193   5.063720     1.9710     0.0520    89.1374 1.1463e+00       0.00    21.6858    35.7021    24.8394    169.231    21.6849    35.7029    24.8402 0.0000e+00
    176.000    21.6724   5.059928    21.6726   5.060108     1.9650     0.0512    89.1547 1.1083e+00       0.00    21.6378    35.7113    24.8597    168.803    21.6380    35.7126    24.8606 0.0000e+00
    177.000    21.6348   5.056470    21.6356   5.056716     1.9622     0.0498    89.1664 1.0653e+00       0.00    21.6000    35.7147    24.8728    169.120    21.6008    35.7159    24.8736 0.0000e+00
    178.000    21.5861   5.051271    21.5864   5.051716     1.9609     0.0473    89.1729 1.0244e+00       0.00    21.5513    35.7133    24.8853    169.283    21.5516    35.7166    24.8878 0.0000e+00
    179.000    21.5235   5.045839    21.5244   5.046104     1.9595     0.0442    89.1798 9.8528e-01       0.00    21.4885    35.7217    24.9092    169.222    21.4894    35.7231    24.9100 0.0000e+00
    180.000    21.4766   5.041309    21.4774   5.041541     1.9576     0.0428    89.1951 9.4930e-01       0.00    21.4415    35.7243    24.9241    168.809    21.4423    35.7254    24.9248 0.0000e+00
    181.000    21.4287   5.036291    21.4290   5.036539     1.9538     0.0426    89.2060 9.1443e-01       0.00    21.3935    35.7237    24.9369    168.160    21.3937    35.7255    24.9382 0.0000e+00
    182.000    21.3893   5.033350    21.3906   5.033420     1.9487     0.0414    89.2168 8.7563e-01       0.00    21.3539    35.7327    24.9547    167.659    21.3551    35.7322    24.9540 0.0000e+00
    183.000    21.3657   5.031264    21.3668   5.031438     1.9446     0.0381    89.2258 8.4430e-01       0.00    21.3301    35.7353    24.9632    167.669    21.3312    35.7359    24.9634 0.0000e+00
    184.000    21.3220   5.026760    21.3230   5.027068     1.9424     0.0377    89.2287 8.1627e-01       0.00    21.2863    35.7354    24.9754    167.931    21.2872    35.7371    24.9764 0.0000e+00
    185.000    21.2860   5.023299    21.2875   5.023414     1.9412     0.0376    89.2339 7.8919e-01       0.00    21.2501    35.7373    24.9868    167.991    21.2516    35.7371    24.9862 0.0000e+00
    186.000    21.2743   5.022231    21.2757   5.022288     1.9398     0.0387    89.2384 7.6725e-01       0.00    21.2382    35.7383    24.9908    167.805    21.2397    35.7375    24.9898 0.0000e+00
    187.000    21.2640   5.021211    21.2654   5.021255     1.9382     0.0385    89.2448 7.4228e-01       0.00    21.2277    35.7383    24.9937    167.430    21.2292    35.7375    24.9927 0.0000e+00
    188.000    21.2487   5.019561    21.2499   5.019719     1.9353     0.0365    89.2449 7.1810e-01       0.00    21.2122    35.7376    24.9974    166.784    21.2134    35.7378    24.9973 0.0000e+00
    189.000    21.2211   5.016938    21.2226   5.017018     1.9309     0.0345    89.2447 6.9414e-01       0.00    21.1845    35.7392    25.0063    165.749    21.1860    35.7386    25.0054 0.0000e+00
    190.000    21.2106   5.016545    21.2120   5.016533     1.9240     0.0343    89.2482 6.6835e-01       0.00    21.1738    35.7445    25.0133    165.424    21.1752    35.7432    25.0119 0.0000e+00
    191.000    21.2001   5.015812    21.2014   5.015997     1.9220     0.0342    89.2556 6.4683e-01       0.00    21.1631    35.7470    25.0181    166.184    21.1645    35.7474    25.0180 0.0000e+00
    192.000    21.1321   5.007831    21.1329   5.008490     1.9216     0.0349    89.2554 6.2777e-01       0.00    21.0950    35.7395    25.0310    166.355    21.0959    35.7440    25.0342 0.0000e+00
    193.000    21.0896   5.003292    21.0912   5.003548     1.9199     0.0337    89.2658 6.0755e-01       0.00    21.0524    35.7381    25.0417    165.834    21.0540    35.7389    25.0418 0.0000e+00
    194.000    21.0547   4.998999    21.0559   4.999401     1.9170     0.0319    89.2645 5.8910e-01       0.00    21.0173    35.7325    25.0470    165.196    21.0186    35.7347    25.0483 0.0000e+00
    195.000    21.0347   4.998238    21.0363   4.998104     1.9129     0.0310    89.2685 5.7073e-01       0.00    20.9971    35.7428    25.0603    164.712    20.9988    35.7403    25.0580 0.0000e+00
    196.000    21.0278   4.998069    21.0293   4.998219     1.9093     0.0306    89.2725 5.5029e-01       0.00    20.9901    35.7468    25.0653    164.778    20.9916    35.7468    25.0649 0.0000e+00
    197.000    20.9899   4.993571    20.9910   4.994049     1.9079     0.0314    89.2769 5.3264e-01       0.00    20.9521    35.7420    25.0720    165.494    20.9532    35.7449    25.0739 0.0000e+00
    198.000    20.9329   4.987388    20.9337   4.988041     1.9086     0.0311    89.2717 5.1133e-01       0.00    20.8949    35.7397    25.0858    166.019    20.8958    35.7442    25.0890 0.0000e+00
    199.000    20.8716   4.980446    20.8734   4.980956     1.9089     0.0322    89.2869 4.9468e-01       0.00    20.8335    35.7347    25.0987    165.642    20.8353    35.7373    25.1002 0.0000e+00
    200.000    20.8280   4.975118    20.8296   4.975540     1.9062     0.0311    89.2909 4.7683e-01       0.00    20.7898    35.7279    25.1054    164.696    20.7914    35.7299    25.1065 0.0000e+00
    201.000    20.7867   4.970900    20.7883   4.971303     1.9022     0.0295    89.2909 4.5800e-01       0.00    20.7483    35.7281    25.1168    164.054    20.7499    35.7301    25.1179 0.0000e+00
    202.000    20.7374   4.966184    20.7387   4.966446     1.8977     0.0296    89.2947 4.4294e-01       0.00    20.6989    35.7311    25.1324    163.896    20.7002    35.7321    25.1328 0.0000e+00
    203.000    20.6987   4.962517    20.7000   4.962780     1.8947     0.0289    89.3014 4.2959e-01       0.00    20.6600    35.7336    25.1448    163.985    20.6613    35.7346    25.1453 0.0000e+00
    204.000    20.6503   4.957464    20.6522   4.957683     1.8916     0.0261    89.3111 4.1430e-01       0.00    20.6115    35.7330    25.1575    164.390    20.6135    35.7331    25.1571 0.0000e+00
    205.000    20.6357   4.955929    20.6373   4.955973     1.8920     0.0236    89.3122 4.0316e-01       0.00    20.5968    35.7325    25.1611    165.020    20.5984    35.7314    25.1599 0.0000e+00
    206.000    20.6170   4.953643    20.6192   4.953955     1.8919     0.0233    89.3181 3.8857e-01       0.00    20.5779    35.7293    25.1638    164.545    20.5801    35.7300    25.1637 0.0000e+00
    207.000    20.5832   4.949823    20.5844   4.949993     1.8893     0.0239    89.3201 3.7548e-01       0.00    20.5440    35.7264    25.1707    163.657    20.5451    35.7268    25.1707 0.0000e+00
    208.000    20.5520   4.946839    20.5537   4.947003     1.8849     0.0228    89.3177 3.6359e-01       0.00    20.5126    35.7281    25.1805    163.330    20.5144    35.7280    25.1799 0.0000e+00
    209.000    20.5358   4.945379    20.5373   4.945376     1.8825     0.0224    89.3234 3.5101e-01       0.00    20.4962    35.7296    25.1860    163.921    20.4978    35.7282    25.1845 0.0000e+00
    210.000    20.5141   4.942621    20.5154   4.942977     1.8833     0.0237    89.3201 3.4118e-01       0.00    20.4744    35.7251    25.1884    164.788    20.4757    35.7269    25.1894 0.0000e+00
    211.000    20.4665   4.937334    20.4681   4.937639     1.8850     0.0243    89.3224 3.3279e-01       0.00    20.4267    35.7218    25.1988    165.263    20.4282    35.7230    25.1992 0.0000e+00
    212.000    20.4262   4.932472    20.4277   4.933095     1.8866     0.0241    89.3200 3.2530e-01       0.00    20.3862    35.7160    25.2051    165.487    20.3877    35.7197    25.2076 0.0000e+00
    213.000    20.3636   4.925679    20.3658   4.926068     1.8874     0.0243    89.3224 3.1266e-01       0.00    20.3236    35.7130    25.2197    165.638    20.3257    35.7144    25.2201 0.0000e+00
    214.000    20.3411   4.923416    20.3430   4.923561     1.8879     0.0239    89.3271 3.0245e-01       0.00    20.3009    35.7132    25.2259    165.835    20.3028    35.7128    25.2251 0.0000e+00
    215.000    20.3315   4.922409    20.3332   4.922502     1.8890     0.0244    89.3287 2.9145e-01       0.00    20.2911    35.7128    25.2282    166.060    20.2928    35.7121    25.2272 0.0000e+00
    216.000    20.3096   4.919815    20.3110   4.920034     1.8899     0.0242    89.3334 2.8194e-01       0.00    20.2690    35.7098    25.2318    166.189    20.2704    35.7104    25.2319 0.0000e+00
    217.000    20.2945   4.918151    20.2960   4.918315     1.8906     0.0219    89.3322 2.7287e-01       0.00    20.2537    35.7086    25.2350    166.371    20.2553    35.7087    25.2346 0.0000e+00
    218.000    20.2614   4.914283    20.2629   4.914554     1.8917     0.0203    89.3339 2.6406e-01       0.00    20.2205    35.7047    25.2408    166.756    20.2220    35.7056    25.2411 0.0000e+00
    219.000    20.2432   4.912282    20.2445   4.912463     1.8931     0.0186    89.3408 2.5488e-01       0.00    20.2021    35.7033    25.2447    166.924    20.2035    35.7037    25.2446 0.0000e+00
    220.000    20.2165   4.909269    20.2176   4.909488     1.8940     0.0187    89.3394 2.4970e-01       0.00    20.1753    35.7009    25.2500    166.691    20.1764    35.7018    25.2504 0.0000e+00
    221.000    20.1720   4.904418    20.1719   4.904440     1.8929     0.0185    89.3329 2.3752e-01       0.00    20.1307    35.6986    25.2601    166.436    20.1306    35.6988    25.2603 0.0000e+00
    222.000    20.1488   4.901929    20.1502   4.901997     1.8924     0.0189    89.3414 2.2996e-01       0.00    20.1073    35.6974    25.2654    166.877    20.1088    35.6968    25.2645 0.0000e+00
    223.000    20.1332   4.900311    20.1349   4.900363     1.8936     0.0188    89.3474 2.2103e-01       0.00    20.0915    35.6971    25.2693    167.065    20.0933    35.6960    25.2681 0.0000e+00
    224.000    20.1269   4.899705    20.1287   4.899741     1.8933     0.0192    89.3415 2.1214e-01       0.00    20.0851    35.6970    25.2710    167.017    20.0869    35.6958    25.2696 0.0000e+00
    225.000    20.1214   4.899160    20.1231   4.899179     1.8938     0.0200    89.3461 2.0269e-01       0.00    20.0795    35.6969    25.2724    166.972    20.0811    35.6956    25.2710 0.0000e+00
    226.000    20.1171   4.898726    20.1187   4.898746     1.8928     0.0202    89.3444 1.9663e-01       0.00    20.0749    35.6966    25.2734    166.739    20.0766    35.6954    25.2720 0.0000e+00
    227.000    20.1072   4.897619    20.1087   4.897720     1.8912     0.0191    89.3495 1.8998e-01       0.00    20.0649    35.6955    25.2752    166.132    20.0663    35.6952    25.2746 0.0000e+00
    228.000    20.0998   4.896927    20.1014   4.896964     1.8890     0.0196    89.3478 1.8534e-01       0.00    20.0573    35.6958    25.2774    165.770    20.0589    35.6948    25.2762 0.0000e+00
    229.000    20.0846   4.894955    20.0867   4.895377     1.8868     0.0195    89.3459 1.8131e-01       0.00    20.0419    35.6922    25.2787    165.609    20.0440    35.6939    25.2795 0.0000e+00
    230.000    20.0374   4.889331    20.0400   4.890152     1.8855     0.0200    89.3491 1.7472e-01       0.00    19.9947    35.6857    25.2863    165.629    19.9972    35.6902    25.2891 0.0000e+00
    231.000    19.9913   4.884567    19.9929   4.884892     1.8834     0.0199    89.3482 1.6853e-01       0.00    19.9484    35.6854    25.2983    165.705    19.9500    35.6866    25.2989 0.0000e+00
    232.000    19.9623   4.881251    19.9643   4.881682     1.8826     0.0189    89.3505 1.6220e-01       0.00    19.9193    35.6823    25.3037    166.123    19.9212    35.6842    25.3046 0.0000e+00
    233.000    19.9223   4.876945    19.9235   4.877158     1.8825     0.0176    89.3542 1.5524e-01       0.00    19.8791    35.6805    25.3129    166.148    19.8803    35.6812    25.3131 0.0000e+00
    234.000    19.8796   4.872014    19.8814   4.872370     1.8797     0.0179    89.3586 1.5002e-01       0.00    19.8363    35.6758    25.3206    165.557    19.8381    35.6772    25.3212 0.0000e+00
    235.000    19.8362   4.867292    19.8372   4.867416     1.8773     0.0167    89.3639 1.4443e-01       0.00    19.7928    35.6735    25.3303    165.988    19.7938    35.6737    25.3301 0.0000e+00
    236.000    19.8026   4.863622    19.8025   4.863573     1.8784     0.0163    89.3611 1.4098e-01       0.00    19.7591    35.6714    25.3375    166.360    19.7590    35.6711    25.3373 0.0000e+00
    237.000    19.7734   4.860393    19.7745   4.860531     1.8770     0.0172    89.3676 1.3652e-01       0.00    19.7297    35.6693    25.3436    166.106    19.7308    35.6695    25.3435 0.0000e+00
    238.000    19.7323   4.855645    19.7335   4.856023     1.8758     0.0173    89.3700 1.2981e-01       0.00    19.6885    35.6647    25.3509    165.539    19.6897    35.6668    25.3522 0.0000e+00
    239.000    19.6604   4.847129    19.6613   4.847750     1.8729     0.0157    89.3712 1.2585e-01       0.00    19.6166    35.6551    25.3624    165.473    19.6174    35.6595    25.3656 0.0000e+00
    240.000    19.6100   4.841654    19.6118   4.841948     1.8714     0.0149    89.3855 1.1899e-01       0.00    19.5661    35.6524    25.3736    165.754    19.5678    35.6534    25.3738 0.0000e+00
    241.000    19.5748   4.837842    19.5765   4.838113     1.8705     0.0135    89.3787 1.1366e-01       0.00    19.5307    35.6505    25.3814    165.760    19.5324    35.6513    25.3815 0.0000e+00
    242.000    19.5557   4.835909    19.5574   4.836010     1.8692     0.0140    89.3812 1.1095e-01       0.00    19.5114    35.6505    25.3863    165.224    19.5131    35.6498    25.3854 0.0000e+00
    243.000    19.5251   4.832127    19.5265   4.832606     1.8663     0.0145    89.3826 1.0644e-01       0.00    19.4807    35.6449    25.3900    164.358    19.4821    35.6476    25.3918 0.0000e+00
    244.000    19.4913   4.828326    19.4920   4.828537     1.8617     0.0141    89.3828 1.0320e-01       0.00    19.4468    35.6418    25.3965    163.905    19.4475    35.6429    25.3972 0.0000e+00
