Data/ruptures/KN207-01/QL-2/20701077.cnv
* Sea-Bird SBE 9 Data File:
* FileName = C:\Data\ctd\20701077.hex
* Software Version Seasave V 7.21e
* Temperature SN = 4406
* Conductivity SN = 1474
* Number of Bytes Per Scan = 40
* Number of Voltage Words = 5
* Number of Scans Averaged by the Deck Unit = 1
* NMEA Latitude = 33 06.97 N
* NMEA Longitude = 065 41.20 W
* NMEA UTC (Time) = May 02 2012 18:03:42
** R/V Knorr Cruise # KN207-01 QL 2
** Chief Scientist: Ben Van Mooy
# nquan = 21
# nvalues = 386                         
# units = specified
# name 0 = latitude: Latitude [deg]
# name 1 = longitude: Longitude [deg]
# name 2 = t090C: Temperature [ITS-90, deg C]
# name 3 = c0S/m: Conductivity [S/m]
# name 4 = sal00: Salinity, Practical [PSU]
# name 5 = depSM: Depth [salt water, m]
# name 6 = prDM: Pressure, Digiquartz [db]
# name 7 = t190C: Temperature, 2 [ITS-90, deg C]
# name 8 = c1S/m: Conductivity, 2 [S/m]
# name 9 = sal11: Salinity, Practical, 2 [PSU]
# name 10 = flECO-AFL: Fluorescence, WET Labs ECO-AFL/FL [mg/m^3]
# name 11 = par: PAR/Irradiance, Biospherical/Licor
# name 12 = bat: Beam Attenuation, Chelsea/Seatech [1/m]
# name 13 = xmiss: Beam Transmission, Chelsea/Seatech [%]
# name 14 = altM: Altimeter [m]
# name 15 = sbeox0Mm/Kg: Oxygen, SBE 43 [umol/kg]
# name 16 = sbeox0ML/L: Oxygen, SBE 43 [ml/l]
# name 17 = spar: SPAR/Surface Irradiance
# name 18 = pumps: Pump Status
# name 19 = nbin: number of scans per bin
# name 20 = flag: flag
# span 0 =   33.11628,   33.11746       
# span 1 =  -65.69035,  -65.68701       
# span 2 =    17.8836,    20.5048       
# span 3 =   4.761956,   5.042257       
# span 4 =    36.5006,    36.6190       
# span 5 =      3.264,    199.412       
# span 6 =      3.287,    200.927       
# span 7 =    17.8839,    20.5049       
# span 8 =   4.761991,   5.042348       
# span 9 =    36.4994,    36.6197       
# span 10 =     0.0045,     0.9037      
# span 11 = 1.0000e-12, 1.0000e-12      
# span 12 =    -0.0148,     0.0823      
# span 13 =    97.9645,   100.3723      
# span 14 =       1.04,      98.90      
# span 15 =    186.077,    223.619      
# span 16 =     4.2765,     5.1379      
# span 17 = 1.6166e+03, 3.2140e+03      
# span 18 =          1,          1      
# span 19 =         18,       2697      
# span 20 = 0.0000e+00, 0.0000e+00      
# interval = decibars: 1                
# start_time = May 02 2012 18:03:42 [NMEA time, header]
# bad_flag = -9.990e-29
*END*
[from data line 207]
   33.11680  -65.68932    18.8793   4.872280    36.5493    179.663    181.020    18.8733   4.870457    36.5399     0.0545 1.0000e-12    -0.0078   100.1951      98.75    189.186     4.3473 2.1613e+03          1         24 0.0000e+00
   33.11680  -65.68932    18.9757   4.883494    36.5587    178.664    180.012    18.9819   4.883528    36.5539     0.0401 1.0000e-12    -0.0073   100.1840      98.75    192.199     4.4165 2.1742e+03          1         22 0.0000e+00
   33.11680  -65.68932    19.0202   4.888398    36.5619    177.684    179.025    19.0349   4.889930    36.5620     0.0366 1.0000e-12    -0.0078   100.1948      98.75    196.543     4.5163 2.4529e+03          1         23 0.0000e+00
   33.11680  -65.68934    19.0967   4.897019    36.5674    176.680    178.013    19.0868   4.895482    36.5638     0.0525 1.0000e-12    -0.0077   100.1922      91.75    200.518     4.6075 2.2507e+03          1         22 0.0000e+00
   33.11680  -65.68934    19.1461   4.902359    36.5696    175.688    177.013    19.1488   4.902528    36.5690     0.0498 1.0000e-12    -0.0080   100.1992      28.14    201.860     4.6383 2.0418e+03          1         22 0.0000e+00
   33.11680  -65.68934    19.1893   4.907218    36.5734    174.671    175.988    19.2061   4.908278    36.5675     0.0272 1.0000e-12    -0.0073   100.1828      98.76    203.146     4.6678 1.8983e+03          1         22 0.0000e+00
   33.11680  -65.68934    19.2352   4.912276    36.5764    173.677    174.986    19.2481   4.913209    36.5728     0.0475 1.0000e-12    -0.0076   100.1898      98.76    205.396     4.7195 1.8574e+03          1         22 0.0000e+00
   33.11680  -65.68934    19.2793   4.916829    36.5768    172.687    173.989    19.2914   4.917962    36.5757     0.0277 1.0000e-12    -0.0068   100.1710      98.75    207.092     4.7584 1.8414e+03          1         27 0.0000e+00
   33.11680  -65.68936    19.3066   4.919803    36.5792    171.713    173.006    19.3076   4.919797    36.5786     0.0209 1.0000e-12    -0.0070   100.1749      98.76    208.411     4.7887 1.8298e+03          1         30 0.0000e+00
   33.11680  -65.68936    19.3157   4.920909    36.5822    170.707    171.992    19.3202   4.921340    36.5820     0.0285 1.0000e-12    -0.0070   100.1758      98.75    209.595     4.8159 1.8252e+03          1         24 0.0000e+00
   33.11680  -65.68936    19.3216   4.921618    36.5843    169.738    171.016    19.3272   4.922195    36.5843     0.0412 1.0000e-12    -0.0083   100.2066      98.76    210.427     4.8350 1.8287e+03          1         20 0.0000e+00
   33.11680  -65.68936    19.3429   4.924015    36.5865    168.737    170.007    19.3430   4.923828    36.5850     0.0531 1.0000e-12    -0.0080   100.1991      98.75    210.514     4.8370 1.8190e+03          1         21 0.0000e+00
   33.11680  -65.68936    19.3484   4.924479    36.5867    167.741    169.003    19.3474   4.924444    36.5875     0.0651 1.0000e-12    -0.0042   100.1051      98.75    210.038     4.8260 1.8007e+03          1         20 0.0000e+00
   33.11681  -65.68937    19.3512   4.924674    36.5870    166.728    167.982    19.3510   4.924590    36.5867     0.0645 1.0000e-12    -0.0062   100.1552      98.76    210.585     4.8386 1.7756e+03          1         25 0.0000e+00
   33.11682  -65.68938    19.3545   4.924915    36.5873    165.735    166.981    19.3561   4.925078    36.5874     0.0467 1.0000e-12    -0.0070   100.1767      98.76    211.568     4.8612 1.7595e+03          1         29 0.0000e+00
   33.11682  -65.68938    19.3557   4.924929    36.5876    164.784    166.022    19.3551   4.924863    36.5877     0.0576 1.0000e-12    -0.0070   100.1766      98.76    211.853     4.8678 1.7570e+03          1         31 0.0000e+00
   33.11682  -65.68938    19.3550   4.924777    36.5880    163.790    165.020    19.3545   4.924774    36.5885     0.0605 1.0000e-12    -0.0075   100.1863      98.76    212.322     4.8785 1.7640e+03          1         22 0.0000e+00
   33.11682  -65.68938    19.3560   4.924820    36.5882    162.814    164.037    19.3550   4.924751    36.5886     0.0601 1.0000e-12    -0.0069   100.1729      98.76    212.544     4.8836 1.7676e+03          1         18 0.0000e+00
   33.11682  -65.68940    19.3569   4.924836    36.5883    161.791    163.006    19.3567   4.924839    36.5886     0.0423 1.0000e-12    -0.0070   100.1745      98.76    212.158     4.8748 1.7644e+03          1         20 0.0000e+00
   33.11682  -65.68940    19.3572   4.924810    36.5886    160.766    161.973    19.3564   4.924780    36.5891     0.0517 1.0000e-12    -0.0072   100.1812      98.76    211.871     4.8682 1.7492e+03          1         19 0.0000e+00
   33.11682  -65.68940    19.3579   4.924844    36.5889    159.816    161.016    19.3572   4.924769    36.5889     0.0605 1.0000e-12    -0.0058   100.1443      98.75    211.958     4.8701 1.7363e+03          1         22 0.0000e+00
   33.11682  -65.68940    19.3579   4.924757    36.5889    158.782    159.973    19.3582   4.924801    36.5890     0.0527 1.0000e-12    -0.0062   100.1547      98.76    212.304     4.8781 1.7249e+03          1         28 0.0000e+00
   33.11682  -65.68940    19.3586   4.924771    36.5890    157.806    158.990    19.3596   4.924919    36.5894     0.0576 1.0000e-12    -0.0062   100.1560      98.76    212.683     4.8868 1.7215e+03          1         26 0.0000e+00
   33.11682  -65.68941    19.3589   4.924730    36.5891    156.841    158.017    19.3595   4.924856    36.5896     0.0781 1.0000e-12    -0.0065   100.1620      98.75    212.387     4.8800 1.7211e+03          1         28 0.0000e+00
   33.11682  -65.68942    19.3599   4.924799    36.5893    155.845    157.013    19.3598   4.924863    36.5900     0.0616 1.0000e-12    -0.0063   100.1580      98.77    212.406     4.8804 1.7261e+03          1         26 0.0000e+00
   33.11682  -65.68942    19.3604   4.924822    36.5897    154.849    156.009    19.3601   4.924871    36.5903     0.0454 1.0000e-12    -0.0063   100.1573      98.75    212.384     4.8799 1.7343e+03          1         25 0.0000e+00
   33.11682  -65.68942    19.3604   4.924786    36.5899    153.867    155.019    19.3601   4.924798    36.5903     0.0532 1.0000e-12    -0.0063   100.1568      98.76    212.244     4.8767 1.7416e+03          1         23 0.0000e+00
   33.11682  -65.68942    19.3605   4.924757    36.5900    152.866    154.010    19.3606   4.924832    36.5906     0.0701 1.0000e-12    -0.0061   100.1535      98.76    212.549     4.8837 1.7468e+03          1         23 0.0000e+00
   33.11682  -65.68942    19.3610   4.924777    36.5902    151.845    152.981    19.3606   4.924795    36.5907     0.0499 1.0000e-12    -0.0052   100.1293      98.76    212.669     4.8865 1.7497e+03          1         21 0.0000e+00
   33.11682  -65.68942    19.3612   4.924717    36.5900    150.867    151.996    19.3610   4.924775    36.5907     0.0721 1.0000e-12    -0.0050   100.1257      98.76    212.429     4.8810 1.7520e+03          1         20 0.0000e+00
   33.11682  -65.68942    19.3616   4.924726    36.5902    149.859    150.980    19.3615   4.924774    36.5908     0.0508 1.0000e-12    -0.0040   100.1010      98.76    212.126     4.8740 1.7529e+03          1         22 0.0000e+00
   33.11682  -65.68942    19.3614   4.924686    36.5905    148.865    149.978    19.3612   4.924720    36.5910     0.0628 1.0000e-12    -0.0048   100.1195      98.77    212.135     4.8742 1.7600e+03          1         21 0.0000e+00
   33.11682  -65.68942    19.3617   4.924669    36.5905    147.920    149.026    19.3617   4.924729    36.5911     0.0646 1.0000e-12    -0.0043   100.1083      98.75    212.658     4.8862 1.7690e+03          1         24 0.0000e+00
   33.11683  -65.68943    19.3620   4.924664    36.5907    146.910    148.008    19.3619   4.924708    36.5912     0.0626 1.0000e-12    -0.0042   100.1064      98.75    212.669     4.8865 1.7867e+03          1         30 0.0000e+00
   33.11684  -65.68944    19.3618   4.924599    36.5908    145.903    146.993    19.3622   4.924691    36.5912     0.0768 1.0000e-12    -0.0042   100.1047      98.76    211.846     4.8676 1.8077e+03          1         30 0.0000e+00
   33.11684  -65.68944    19.3618   4.924549    36.5908    144.931    146.013    19.3616   4.924615    36.5915     0.0650 1.0000e-12    -0.0033   100.0831      98.76    212.050     4.8723 1.8284e+03          1         23 0.0000e+00
   33.11684  -65.68944    19.3623   4.924557    36.5908    143.979    145.053    19.3620   4.924612    36.5915     0.0878 1.0000e-12    -0.0039   100.0987      98.76    212.753     4.8884 1.8158e+03          1         22 0.0000e+00
   33.11684  -65.68944    19.3624   4.924539    36.5909    142.994    144.061    19.3622   4.924577    36.5915     0.1022 1.0000e-12    -0.0040   100.1014      98.76    212.610     4.8851 1.8194e+03          1         19 0.0000e+00
   33.11684  -65.68945    19.3625   4.924518    36.5910    141.922    142.980    19.3622   4.924559    36.5917     0.1180 1.0000e-12    -0.0036   100.0901      98.76    212.282     4.8776 1.8310e+03          1         21 0.0000e+00
   33.11684  -65.68946    19.3624   4.924465    36.5911    140.931    141.981    19.3622   4.924503    36.5916     0.1192 1.0000e-12    -0.0032   100.0794      98.76    212.393     4.8802 1.8347e+03          1         20 0.0000e+00
   33.11684  -65.68946    19.3625   4.924427    36.5912    139.943    140.986    19.3625   4.924506    36.5918     0.1050 1.0000e-12    -0.0029   100.0730      98.76    212.682     4.8868 1.7986e+03          1         27 0.0000e+00
   33.11684  -65.68946    19.3625   4.924386    36.5912    138.944    139.980    19.3623   4.924431    36.5918     0.0938 1.0000e-12    -0.0018   100.0448      98.76    212.746     4.8883 1.8060e+03          1         31 0.0000e+00
   33.11684  -65.68946    19.3624   4.924337    36.5913    137.959    138.987    19.3625   4.924426    36.5919     0.1256 1.0000e-12    -0.0024   100.0597      98.76    212.436     4.8811 1.8114e+03          1         27 0.0000e+00
   33.11686  -65.68946    19.3628   4.924347    36.5914    136.971    137.991    19.3626   4.924399    36.5920     0.1102 1.0000e-12    -0.0019   100.0463      98.76    212.295     4.8779 1.8317e+03          1         25 0.0000e+00
   33.11686  -65.68946    19.3627   4.924299    36.5914    136.003    137.015    19.3627   4.924373    36.5921     0.1232 1.0000e-12    -0.0019   100.0466      98.76    212.718     4.8876 1.8864e+03          1         35 0.0000e+00
   33.11686  -65.68946    19.3627   4.924260    36.5915    134.957    135.961    19.3625   4.924326    36.5923     0.1299 1.0000e-12    -0.0016   100.0401      98.76    212.686     4.8869 1.9988e+03          1         57 0.0000e+00
   33.11686  -65.68948    19.3631   4.924271    36.5917    133.994    134.991    19.3631   4.924354    36.5923     0.1343 1.0000e-12    -0.0014   100.0357      98.76    212.342     4.8790 2.5828e+03          1         95 0.0000e+00
   33.11686  -65.68949    19.3631   4.924231    36.5917    133.044    134.033    19.3630   4.924308    36.5924     0.1495 1.0000e-12    -0.0008   100.0194      98.76    212.908     4.8920 3.0010e+03          1        103 0.0000e+00
   33.11687  -65.68951    19.3627   4.924148    36.5918    131.919    132.900    19.3629   4.924238    36.5924     0.1393 1.0000e-12    -0.0001   100.0022      98.78    212.599     4.8849 2.9512e+03          1        131 0.0000e+00
   33.11688  -65.68952    19.3626   4.924102    36.5918    131.075    132.049    19.3628   4.924199    36.5925     0.1331 1.0000e-12    -0.0010   100.0233      98.76    212.626     4.8855 3.0122e+03          1         77 0.0000e+00
   33.11691  -65.68958    19.3633   4.924163    36.5920    130.336    131.304    19.3633   4.924243    36.5927     0.1652 1.0000e-12     0.0002    99.9962      98.77    212.646     4.8860 2.8277e+03          1        646 0.0000e+00
   33.11696  -65.68967    19.3637   4.924162    36.5921    129.205    130.164    19.3635   4.924225    36.5928     0.1977 1.0000e-12     0.0018    99.9558      98.77    212.602     4.8849 2.1813e+03          1         68 0.0000e+00
   33.11696  -65.68968    19.3636   4.924091    36.5920    128.089    129.040    19.3636   4.924185    36.5927     0.1813 1.0000e-12     0.0021    99.9484      98.77    212.491     4.8824 2.1397e+03          1         33 0.0000e+00
   33.11696  -65.68968    19.3638   4.924075    36.5921    127.017    127.960    19.3636   4.924143    36.5928     0.1660 1.0000e-12     0.0021    99.9491      98.77    212.707     4.8874 2.0867e+03          1         33 0.0000e+00
   33.11697  -65.68968    19.3638   4.924034    36.5921    126.041    126.977    19.3636   4.924102    36.5929     0.1936 1.0000e-12     0.0018    99.9566      98.77    212.762     4.8886 1.9627e+03          1         57 0.0000e+00
   33.11698  -65.68968    19.3635   4.923962    36.5921    125.123    126.051    19.3636   4.924048    36.5928     0.1827 1.0000e-12     0.0010    99.9757      98.77    212.647     4.8860 1.9022e+03          1         46 0.0000e+00
   33.11698  -65.68968    19.3639   4.923948    36.5921    124.098    125.018    19.3638   4.924026    36.5928     0.1625 1.0000e-12     0.0003    99.9928      98.77    212.579     4.8844 1.9166e+03          1         33 0.0000e+00
   33.11698  -65.68970    19.3642   4.923937    36.5921    123.069    123.981    19.3639   4.923985    36.5927     0.1483 1.0000e-12    -0.0002   100.0062      98.77    212.789     4.8892 1.9243e+03          1         30 0.0000e+00
   33.11698  -65.68970    19.3645   4.923937    36.5923    121.954    122.858    19.3642   4.923993    36.5930     0.1441 1.0000e-12    -0.0003   100.0066      98.77    213.067     4.8956 1.9175e+03          1         60 0.0000e+00
   33.11698  -65.68970    19.3647   4.923947    36.5924    121.173    122.071    19.3645   4.924005    36.5931     0.1747 1.0000e-12    -0.0006   100.0137      98.77    212.708     4.8874 2.2472e+03          1        152 0.0000e+00
   33.11701  -65.68975    19.3663   4.924103    36.5926    120.350    121.241    19.3663   4.924188    36.5934     0.1524 1.0000e-12    -0.0008   100.0202      98.78    212.823     4.8900 2.3527e+03          1        109 0.0000e+00
   33.11704  -65.68978    19.3665   4.924061    36.5926    119.088    119.970    19.3665   4.924151    36.5934     0.1290 1.0000e-12    -0.0022   100.0553      98.78    212.836     4.8903 2.3539e+03          1         32 0.0000e+00
   33.11704  -65.68978    19.3666   4.924042    36.5927    118.105    118.979    19.3665   4.924111    36.5934     0.1354 1.0000e-12    -0.0017   100.0417      98.78    212.675     4.8866 2.3183e+03          1         32 0.0000e+00
   33.11704  -65.68978    19.3669   4.924039    36.5928    117.131    117.998    19.3668   4.924099    36.5934     0.1251 1.0000e-12    -0.0024   100.0590      98.76    212.840     4.8904 2.4047e+03          1         35 0.0000e+00
   33.11704  -65.68980    19.3672   4.924017    36.5927    116.174    117.033    19.3670   4.924081    36.5934     0.1441 1.0000e-12    -0.0034   100.0849      98.77    212.841     4.8904 2.5544e+03          1         26 0.0000e+00
   33.11704  -65.68980    19.3671   4.923953    36.5926    115.176    116.028    19.3670   4.924017    36.5933     0.1093 1.0000e-12    -0.0024   100.0596      98.77    212.994     4.8940 2.6309e+03          1         23 0.0000e+00
   33.11704  -65.68980    19.3669   4.923863    36.5924    114.163    115.006    19.3668   4.923944    36.5932     0.1314 1.0000e-12    -0.0031   100.0781      98.77    212.782     4.8891 2.6821e+03          1         20 0.0000e+00
   33.11704  -65.68980    19.3657   4.923622    36.5919    113.163    113.999    19.3658   4.923758    36.5929     0.1094 1.0000e-12    -0.0034   100.0859      98.77    212.779     4.8890 2.7540e+03          1         22 0.0000e+00
