Data/ruptures/KN207-01/QL-2/20701066.cnv
* Sea-Bird SBE 9 Data File:
* FileName = C:\Data\ctd\20701066.hex
* Software Version Seasave V 7.21e
* Temperature SN = 4406
* Conductivity SN = 1474
* Number of Bytes Per Scan = 40
* Number of Voltage Words = 5
* Number of Scans Averaged by the Deck Unit = 1
* NMEA Latitude = 32 55.99 N
* NMEA Longitude = 065 46.62 W
* NMEA UTC (Time) = May 01 2012 12:04:50
** R/V Knorr Cruise # KN207-01 QL 2
** Chief Scientist: Ben Van Mooy
# nquan = 21
# nvalues = 398                         
# units = specified
# name 0 = latitude: Latitude [deg]
# name 1 = longitude: Longitude [deg]
# name 2 = t090C: Temperature [ITS-90, deg C]
# name 3 = c0S/m: Conductivity [S/m]
# name 4 = sal00: Salinity, Practical [PSU]
# name 5 = depSM: Depth [salt water, m]
# name 6 = prDM: Pressure, Digiquartz [db]
# name 7 = t190C: Temperature, 2 [ITS-90, deg C]
# name 8 = c1S/m: Conductivity, 2 [S/m]
# name 9 = sal11: Salinity, Practical, 2 [PSU]
# name 10 = flECO-AFL: Fluorescence, WET Labs ECO-AFL/FL [mg/m^3]
# name 11 = par: PAR/Irradiance, Biospherical/Licor
# name 12 = bat: Beam Attenuation, Chelsea/Seatech [1/m]
# name 13 = xmiss: Beam Transmission, Chelsea/Seatech [%]
# name 14 = altM: Altimeter [m]
# name 15 = sbeox0Mm/Kg: Oxygen, SBE 43 [umol/kg]
# name 16 = sbeox0ML/L: Oxygen, SBE 43 [ml/l]
# name 17 = spar: SPAR/Surface Irradiance
# name 18 = pumps: Pump Status
# name 19 = nbin: number of scans per bin
# name 20 = flag: flag
# span 0 =   32.93323,   32.93372       
# span 1 =  -65.77726,  -65.77704       
# span 2 =    18.0679,    20.2467       
# span 3 =   4.783400,   5.014346       
# span 4 =    36.5209,    36.6101       
# span 5 =      3.165,    200.183       
# span 6 =      3.187,    201.701       
# span 7 =    18.0695,    20.2490       
# span 8 =   4.783676,   5.014600       
# span 9 =    36.5164,    36.6118       
# span 10 =     0.0053,     0.8200      
# span 11 = 1.0000e-12, 1.0000e-12      
# span 12 =    -0.0098,     0.0713      
# span 13 =    98.2341,   100.2465      
# span 14 =      11.76,      98.75      
# span 15 =    186.153,    222.129      
# span 16 =     4.2783,     5.1035      
# span 17 = 5.9988e+02, 2.4316e+03      
# span 18 =          1,          1      
# span 19 =         16,       1630      
# span 20 = 0.0000e+00, 0.0000e+00      
# interval = decibars: 1                
# start_time = May 01 2012 12:04:50 [NMEA time, header]
# bad_flag = -9.990e-29
*END*
[from data line 69]
   32.93330  -65.77724    19.4173   4.927365    36.5935     72.488     73.015    19.4173   4.927516    36.5948     0.3440 1.0000e-12     0.0570    98.5851      98.61    218.596     5.0226 8.5832e+02          1         42 0.0000e+00
   32.93330  -65.77723    19.4153   4.927194    36.5935     73.463     73.998    19.4153   4.927354    36.5948     0.3522 1.0000e-12     0.0512    98.7292      98.61    218.661     5.0241 9.1219e+02          1         47 0.0000e+00
   32.93330  -65.77722    19.4126   4.926947    36.5934     74.436     74.978    19.4126   4.927138    36.5949     0.3578 1.0000e-12     0.0516    98.7178      98.62    218.773     5.0267 1.0029e+03          1         39 0.0000e+00
   32.93330  -65.77722    19.4076   4.926470    36.5934     75.486     76.036    19.4076   4.926618    36.5947     0.3842 1.0000e-12     0.0510    98.7343      98.62    218.476     5.0198 1.0857e+03          1         51 0.0000e+00
   32.93330  -65.77724    19.4061   4.926340    36.5933     76.392     76.948    19.4060   4.926495    36.5946     0.3775 1.0000e-12     0.0495    98.7703      98.62    218.146     5.0123 1.0765e+03          1         59 0.0000e+00
   32.93330  -65.77724    19.4025   4.926004    36.5933     77.424     77.988    19.4024   4.926173    36.5948     0.3765 1.0000e-12     0.0445    98.8948      98.61    217.569     4.9990 9.6928e+02          1         36 0.0000e+00
   32.93330  -65.77724    19.3993   4.925710    36.5932     78.443     79.015    19.3993   4.925879    36.5947     0.3763 1.0000e-12     0.0450    98.8821      98.62    218.013     5.0092 8.6430e+02          1         43 0.0000e+00
   32.93330  -65.77724    19.3962   4.925422    36.5932     79.429     80.009    19.3961   4.925570    36.5945     0.4596 1.0000e-12     0.0488    98.7873      98.62    216.932     4.9844 7.9528e+02          1         67 0.0000e+00
   32.93330  -65.77724    19.3930   4.925132    36.5932     80.334     80.920    19.3934   4.925328    36.5945     0.4766 1.0000e-12     0.0467    98.8397      98.62    216.827     4.9820 7.7964e+02          1         43 0.0000e+00
   32.93330  -65.77724    19.3928   4.925158    36.5932     81.396     81.990    19.3929   4.925320    36.5945     0.5110 1.0000e-12     0.0457    98.8648      81.53    216.624     4.9773 7.7665e+02          1         29 0.0000e+00
   32.93330  -65.77724    19.3919   4.925087    36.5930     82.466     83.068    19.3923   4.925310    36.5944     0.5580 1.0000e-12     0.0457    98.8641      85.05    216.125     4.9659 7.6934e+02          1         38 0.0000e+00
   32.93330  -65.77724    19.3912   4.925054    36.5929     83.250     83.857    19.3910   4.925190    36.5942     0.6132 1.0000e-12     0.0469    98.8350      93.30    216.266     4.9691 7.5509e+02          1         75 0.0000e+00
   32.93330  -65.77724    19.3882   4.924793    36.5930     84.372     84.988    19.3881   4.924949    36.5944     0.6492 1.0000e-12     0.0516    98.7182      98.62    215.953     4.9619 7.4504e+02          1         37 0.0000e+00
   32.93330  -65.77724    19.3865   4.924646    36.5928     85.382     86.005    19.3865   4.924819    36.5943     0.6845 1.0000e-12     0.0491    98.7802      98.62    215.485     4.9512 7.4084e+02          1         58 0.0000e+00
   32.93330  -65.77724    19.3849   4.924528    36.5930     86.333     86.964    19.3848   4.924682    36.5943     0.6960 1.0000e-12     0.0457    98.8633      98.62    215.057     4.9413 7.4129e+02          1         34 0.0000e+00
   32.93330  -65.77724    19.3836   4.924457    36.5930     87.415     88.054    19.3836   4.924598    36.5943     0.5937 1.0000e-12     0.0459    98.8603      98.62    214.845     4.9365 7.4024e+02          1         34 0.0000e+00
   32.93330  -65.77724    19.3836   4.924475    36.5928     88.283     88.929    19.3838   4.924653    36.5941     0.6764 1.0000e-12     0.0436    98.9149      98.62    214.474     4.9279 7.3540e+02          1         78 0.0000e+00
   32.93330  -65.77724    19.3823   4.924410    36.5930     89.321     89.974    19.3823   4.924490    36.5937     0.6927 1.0000e-12     0.0392    99.0240      98.62    213.972     4.9164 7.3388e+02          1         31 0.0000e+00
   32.93330  -65.77724    19.3819   4.924398    36.5929     90.368     91.029    19.3819   4.924542    36.5942     0.7064 1.0000e-12     0.0422    98.9505      98.62    213.777     4.9119 7.3268e+02          1         39 0.0000e+00
   32.93331  -65.77724    19.3813   4.924364    36.5928     91.329     91.997    19.3812   4.924517    36.5941     0.7013 1.0000e-12     0.0396    99.0157      98.62    214.293     4.9238 7.3132e+02          1         61 0.0000e+00
   32.93332  -65.77724    19.3801   4.924290    36.5929     92.268     92.943    19.3800   4.924432    36.5941     0.7224 1.0000e-12     0.0385    99.0413      98.62    213.975     4.9165 7.2938e+02          1         53 0.0000e+00
   32.93332  -65.77724    19.3795   4.924286    36.5930     93.294     93.977    19.3795   4.924428    36.5941     0.5962 1.0000e-12     0.0320    99.2030      98.62    213.763     4.9116 7.2817e+02          1         32 0.0000e+00
   32.93332  -65.77724    19.3796   4.924340    36.5929     94.316     95.007    19.3795   4.924484    36.5942     0.5837 1.0000e-12     0.0321    99.2007      98.62    214.123     4.9199 7.2749e+02          1         45 0.0000e+00
   32.93332  -65.77724    19.3795   4.924364    36.5928     95.246     95.944    19.3795   4.924530    36.5942     0.5560 1.0000e-12     0.0300    99.2527      98.62    213.751     4.9113 7.3044e+02          1         57 0.0000e+00
   32.93332  -65.77724    19.3791   4.924378    36.5929     96.304     97.011    19.3791   4.924520    36.5941     0.5139 1.0000e-12     0.0279    99.3055      98.62    213.945     4.9158 7.2894e+02          1         42 0.0000e+00
   32.93332  -65.77724    19.3786   4.924369    36.5928     97.288     98.001    19.3786   4.924518    36.5941     0.5209 1.0000e-12     0.0252    99.3719      98.62    213.361     4.9024 7.2415e+02          1         55 0.0000e+00
   32.93332  -65.77724    19.3786   4.924404    36.5928     98.257     98.978    19.3785   4.924557    36.5941     0.4802 1.0000e-12     0.0240    99.4022      98.62    213.179     4.8982 7.2569e+02          1         43 0.0000e+00
   32.93332  -65.77724    19.3779   4.924385    36.5928     99.255     99.983    19.3779   4.924526    36.5940     0.4981 1.0000e-12     0.0218    99.4565      98.62    212.818     4.8899 7.3051e+02          1         47 0.0000e+00
   32.93332  -65.77724    19.3776   4.924391    36.5928    100.235    100.971    19.3776   4.924529    36.5939     0.4454 1.0000e-12     0.0208    99.4812      98.62    213.101     4.8964 7.3185e+02          1         45 0.0000e+00
   32.93332  -65.77725    19.3773   4.924399    36.5927    101.272    102.016    19.3773   4.924540    36.5939     0.5510 1.0000e-12     0.0216    99.4626      98.62    213.626     4.9085 7.2745e+02          1         51 0.0000e+00
   32.93332  -65.77726    19.3773   4.924440    36.5927    102.210    102.961    19.3773   4.924556    36.5937     0.4486 1.0000e-12     0.0226    99.4370      98.62    213.187     4.8984 7.2738e+02          1         46 0.0000e+00
   32.93332  -65.77726    19.3773   4.924497    36.5928    103.234    103.993    19.3773   4.924645    36.5940     0.4523 1.0000e-12     0.0208    99.4810      98.62    213.396     4.9032 7.3080e+02          1         34 0.0000e+00
   32.93332  -65.77726    19.3772   4.924533    36.5928    104.204    104.970    19.3772   4.924688    36.5941     0.3545 1.0000e-12     0.0160    99.6010      98.62    213.425     4.9038 7.3456e+02          1         33 0.0000e+00
   32.93332  -65.77726    19.3763   4.924474    36.5927    105.240    106.014    19.3763   4.924620    36.5939     0.3357 1.0000e-12     0.0164    99.5906      98.62    213.431     4.9040 7.3585e+02          1         34 0.0000e+00
   32.93332  -65.77726    19.3760   4.924470    36.5926    106.227    107.008    19.3760   4.924612    36.5938     0.3177 1.0000e-12     0.0147    99.6331      98.62    213.082     4.8960 7.3130e+02          1         44 0.0000e+00
   32.93332  -65.77726    19.3755   4.924458    36.5926    107.164    107.952    19.3755   4.924609    36.5938     0.2959 1.0000e-12     0.0146    99.6353      98.63    212.937     4.8926 7.3208e+02          1         36 0.0000e+00
   32.93332  -65.77726    19.3749   4.924455    36.5928    108.161    108.957    19.3749   4.924582    36.5938     0.2843 1.0000e-12     0.0124    99.6897      98.63    212.953     4.8930 7.3804e+02          1         22 0.0000e+00
   32.93332  -65.77726    19.3748   4.924496    36.5927    109.168    109.972    19.3749   4.924650    36.5940     0.2604 1.0000e-12     0.0118    99.7060      98.63    212.927     4.8924 7.4219e+02          1         18 0.0000e+00
   32.93332  -65.77726    19.3746   4.924503    36.5926    110.201    111.013    19.3746   4.924668    36.5940     0.2491 1.0000e-12     0.0110    99.7253      98.63    213.156     4.8977 7.4481e+02          1         19 0.0000e+00
   32.93332  -65.77726    19.3743   4.924532    36.5927    111.247    112.066    19.3744   4.924673    36.5938     0.2463 1.0000e-12     0.0115    99.7131      98.63    213.377     4.9027 7.4514e+02          1         22 0.0000e+00
   32.93333  -65.77726    19.3743   4.924555    36.5925    112.247    113.074    19.3744   4.924696    36.5936     0.2808 1.0000e-12     0.0115    99.7122      98.63    213.068     4.8956 7.3952e+02          1         55 0.0000e+00
   32.93334  -65.77726    19.3741   4.924593    36.5926    113.090    113.924    19.3742   4.924730    36.5938     0.2413 1.0000e-12     0.0187    99.5341      98.62    212.895     4.8917 7.3515e+02          1         28 0.0000e+00
   32.93334  -65.77726    19.3737   4.924588    36.5926    114.133    114.974    19.3737   4.924751    36.5939     0.1909 1.0000e-12     0.0092    99.7686      98.62    212.823     4.8900 7.3775e+02          1         19 0.0000e+00
   32.93334  -65.77726    19.3737   4.924653    36.5928    115.158    116.008    19.3737   4.924795    36.5940     0.1812 1.0000e-12     0.0056    99.8593      98.62    212.788     4.8892 7.4071e+02          1         16 0.0000e+00
   32.93334  -65.77726    19.3738   4.924700    36.5927    116.132    116.989    19.3738   4.924842    36.5939     0.1839 1.0000e-12     0.0043    99.8930      98.63    212.955     4.8931 7.4281e+02          1         16 0.0000e+00
   32.93334  -65.77726    19.3739   4.924762    36.5927    117.138    118.002    19.3739   4.924897    36.5938     0.1910 1.0000e-12     0.0045    99.8883      98.62    213.086     4.8961 7.4413e+02          1         22 0.0000e+00
   32.93334  -65.77726    19.3740   4.924817    36.5927    118.156    119.029    19.3740   4.924963    36.5939     0.2190 1.0000e-12     0.0066    99.8356      98.63    212.823     4.8900 7.4399e+02          1         34 0.0000e+00
   32.93334  -65.77726    19.3738   4.924840    36.5927    119.074    119.953    19.3738   4.924973    36.5938     0.2335 1.0000e-12     0.0086    99.7840      98.62    213.008     4.8943 7.4463e+02          1         33 0.0000e+00
   32.93334  -65.77726    19.3740   4.924920    36.5928    120.084    120.972    19.3740   4.925065    36.5941     0.1987 1.0000e-12     0.0067    99.8327      98.63    213.063     4.8955 7.4727e+02          1         23 0.0000e+00
   32.93334  -65.77726    19.3740   4.924965    36.5928    121.069    121.964    19.3740   4.925104    36.5940     0.1913 1.0000e-12     0.0076    99.8091      98.63    213.527     4.9062 7.4950e+02          1         19 0.0000e+00
   32.93334  -65.77726    19.3738   4.925009    36.5930    122.073    122.976    19.3738   4.925148    36.5941     0.2423 1.0000e-12     0.0072    99.8185      98.63    213.317     4.9014 7.4905e+02          1         20 0.0000e+00
   32.93334  -65.77726    19.3736   4.925032    36.5929    123.116    124.027    19.3737   4.925175    36.5941     0.2366 1.0000e-12     0.0083    99.7914      98.63    213.318     4.9014 7.4727e+02          1         22 0.0000e+00
   32.93334  -65.77726    19.3737   4.925065    36.5928    124.105    125.024    19.3737   4.925214    36.5940     0.2412 1.0000e-12     0.0100    99.7501      98.63    213.437     4.9041 7.4531e+02          1         25 0.0000e+00
   32.93334  -65.77726    19.3739   4.925152    36.5929    125.076    126.002    19.3742   4.925309    36.5941     0.2523 1.0000e-12     0.0098    99.7568      98.62    213.596     4.9078 7.4653e+02          1         30 0.0000e+00
   32.93334  -65.77726    19.3743   4.925245    36.5930    126.046    126.979    19.3744   4.925394    36.5942     0.2123 1.0000e-12     0.0087    99.7823      98.63    213.151     4.8976 7.5113e+02          1         26 0.0000e+00
   32.93334  -65.77726    19.3742   4.925289    36.5931    127.066    128.007    19.3743   4.925430    36.5942     0.2150 1.0000e-12     0.0084    99.7902      98.63    213.083     4.8960 7.5667e+02          1         23 0.0000e+00
   32.93334  -65.77726    19.3744   4.925367    36.5932    128.076    129.025    19.3745   4.925518    36.5944     0.2352 1.0000e-12     0.0093    99.7668      98.63    213.056     4.8954 7.5852e+02          1         22 0.0000e+00
   32.93334  -65.77726    19.3743   4.925387    36.5931    129.009    129.965    19.3743   4.925534    36.5943     0.1989 1.0000e-12     0.0075    99.8122      98.63    213.044     4.8951 7.5757e+02          1         21 0.0000e+00
   32.93334  -65.77726    19.3743   4.925435    36.5931    130.008    130.972    19.3743   4.925574    36.5942     0.1912 1.0000e-12     0.0074    99.8169      98.63    212.967     4.8933 7.5602e+02          1         26 0.0000e+00
   32.93334  -65.77726    19.3738   4.925434    36.5931    131.030    132.002    19.3739   4.925576    36.5942     0.1852 1.0000e-12     0.0098    99.7559      98.63    213.266     4.9002 7.5701e+02          1         30 0.0000e+00
   32.93334  -65.77726    19.3739   4.925511    36.5933    132.059    133.039    19.3739   4.925645    36.5944     0.1913 1.0000e-12     0.0090    99.7750      98.63    213.029     4.8948 7.6271e+02          1         27 0.0000e+00
   32.93334  -65.77726    19.3739   4.925529    36.5930    133.035    134.023    19.3741   4.925706    36.5944     0.1805 1.0000e-12     0.0073    99.8172      98.63    213.237     4.8995 7.6979e+02          1         20 0.0000e+00
   32.93334  -65.77726    19.3737   4.925570    36.5932    134.016    135.011    19.3737   4.925711    36.5944     0.1391 1.0000e-12     0.0063    99.8416      98.63    213.310     4.9012 7.7616e+02          1         20 0.0000e+00
   32.93334  -65.77726    19.3738   4.925613    36.5931    135.025    136.027    19.3738   4.925747    36.5943     0.1612 1.0000e-12     0.0061    99.8470      98.64    213.185     4.8983 7.8190e+02          1         19 0.0000e+00
   32.93334  -65.77726    19.3742   4.925688    36.5930    135.999    137.009    19.3742   4.925848    36.5944     0.1570 1.0000e-12     0.0056    99.8596      98.64    213.137     4.8972 7.8541e+02          1         20 0.0000e+00
   32.93334  -65.77726    19.3747   4.925828    36.5934    137.021    138.040    19.3747   4.925971    36.5945     0.1538 1.0000e-12     0.0055    99.8629      98.63    213.172     4.8980 7.8573e+02          1         29 0.0000e+00
   32.93334  -65.77726    19.3750   4.925912    36.5934    137.982    139.008    19.3751   4.926063    36.5946     0.2105 1.0000e-12     0.0050    99.8750      98.63    212.968     4.8933 7.7922e+02          1         40 0.0000e+00
   32.93334  -65.77726    19.3753   4.926000    36.5936    138.925    139.958    19.3753   4.926132    36.5947     0.1905 1.0000e-12     0.0054    99.8635      98.63    213.433     4.9040 7.7180e+02          1         27 0.0000e+00
