Data/ruptures/KN207-01/QL-2/20701065.cnv
* Sea-Bird SBE 9 Data File:
* FileName = C:\Data\ctd\20701065.hex
* Software Version Seasave V 7.21e
* Temperature SN = 4406
* Conductivity SN = 1474
* Number of Bytes Per Scan = 40
* Number of Voltage Words = 5
* Number of Scans Averaged by the Deck Unit = 1
* NMEA Latitude = 32 55.46 N
* NMEA Longitude = 065 47.13 W
* NMEA UTC (Time) = May 01 2012 10:07:41
** R/V Knorr Cruise # KN207-01 QL 2
** Chief Scientist: Ben Van Mooy
# nquan = 21
# nvalues = 400                         
# units = specified
# name 0 = latitude: Latitude [deg]
# name 1 = longitude: Longitude [deg]
# name 2 = t090C: Temperature [ITS-90, deg C]
# name 3 = c0S/m: Conductivity [S/m]
# name 4 = sal00: Salinity, Practical [PSU]
# name 5 = depSM: Depth [salt water, m]
# name 6 = prDM: Pressure, Digiquartz [db]
# name 7 = t190C: Temperature, 2 [ITS-90, deg C]
# name 8 = c1S/m: Conductivity, 2 [S/m]
# name 9 = sal11: Salinity, Practical, 2 [PSU]
# name 10 = flECO-AFL: Fluorescence, WET Labs ECO-AFL/FL [mg/m^3]
# name 11 = par: PAR/Irradiance, Biospherical/Licor
# name 12 = bat: Beam Attenuation, Chelsea/Seatech [1/m]
# name 13 = xmiss: Beam Transmission, Chelsea/Seatech [%]
# name 14 = altM: Altimeter [m]
# name 15 = sbeox0Mm/Kg: Oxygen, SBE 43 [umol/kg]
# name 16 = sbeox0ML/L: Oxygen, SBE 43 [ml/l]
# name 17 = spar: SPAR/Surface Irradiance
# name 18 = pumps: Pump Status
# name 19 = nbin: number of scans per bin
# name 20 = flag: flag
# span 0 =   32.92434,   32.92648       
# span 1 =  -65.78558,  -65.78398       
# span 2 =    18.5006,    20.2533       
# span 3 =   4.831084,   5.015578       
# span 4 =    36.5463,    36.6106       
# span 5 =      2.458,    200.067       
# span 6 =      2.475,    201.584       
# span 7 =    18.5341,    20.2527       
# span 8 =   4.835036,   5.015715       
# span 9 =    36.5449,    36.6118       
# span 10 =     0.0244,     0.8577      
# span 11 = 1.0000e-12, 1.0000e-12      
# span 12 =    -0.0065,     0.0813      
# span 13 =    97.9917,   100.1638      
# span 14 =       1.03,      98.89      
# span 15 =    190.549,    221.776      
# span 16 =     4.3789,     5.0952      
# span 17 = 1.7176e+02, 1.0700e+03      
# span 18 =          1,          1      
# span 19 =          3,       1878      
# span 20 = 0.0000e+00, 0.0000e+00      
# interval = decibars: 1                
# start_time = May 01 2012 10:07:41 [NMEA time, header]
# bad_flag = -9.990e-29
*END*
   32.92434  -65.78558    20.2456   5.013563    36.6094      3.424      3.448    20.2438   5.013548    36.6109     0.1256 1.0000e-12     0.0509    98.7363      98.56    217.446     4.9951 1.7176e+02          1          3 0.0000e+00
   32.92436  -65.78556    20.2440   5.013371    36.6091      3.857      3.885    20.2436   5.013544    36.6109     0.1232 1.0000e-12     0.0510    98.7326      98.57    217.811     5.0035 1.7347e+02          1        160 0.0000e+00
   32.92436  -65.78556    20.2396   5.012991    36.6095      4.935      4.970    20.2400   5.013259    36.6113     0.1278 1.0000e-12     0.0502    98.7525      98.57    217.902     5.0056 1.7581e+02          1         27 0.0000e+00
   32.92438  -65.78554    20.2411   5.013210    36.6094      6.137      6.181    20.2407   5.013356    36.6110     0.1017 1.0000e-12     0.0506    98.7436      98.57    217.452     4.9953 1.7644e+02          1         70 0.0000e+00
   32.92438  -65.78554    20.2420   5.013331    36.6094      6.862      6.911    20.2418   5.013514    36.6111     0.1229 1.0000e-12     0.0503    98.7513      70.91    217.740     5.0019 1.7325e+02          1         48 0.0000e+00
   32.92440  -65.78554    20.2416   5.013355    36.6095      7.948      8.004    20.2408   5.013451    36.6110     0.1071 1.0000e-12     0.0501    98.7544      91.05    218.132     5.0109 1.7761e+02          1         37 0.0000e+00
   32.92440  -65.78554    20.2433   5.013560    36.6093      8.952      9.016    20.2426   5.013692    36.6110     0.1429 1.0000e-12     0.0507    98.7395      98.57    217.445     4.9951 1.7766e+02          1         48 0.0000e+00
   32.92440  -65.78554    20.2424   5.013511    36.6094      9.919      9.989    20.2430   5.013793    36.6111     0.1362 1.0000e-12     0.0496    98.7678      59.78    217.896     5.0055 1.7495e+02          1         44 0.0000e+00
   32.92440  -65.78552    20.2402   5.013353    36.6096     10.929     11.007    20.2407   5.013600    36.6112     0.1275 1.0000e-12     0.0505    98.7453      98.57    218.195     5.0124 1.7507e+02          1         60 0.0000e+00
   32.92440  -65.78552    20.2369   5.013059    36.6097     11.875     11.960    20.2384   5.013409    36.6113     0.1212 1.0000e-12     0.0498    98.7620      59.60    217.933     5.0064 1.7855e+02          1         44 0.0000e+00
   32.92440  -65.78552    20.2390   5.013354    36.6099     12.971     13.063    20.2365   5.013283    36.6115     0.1362 1.0000e-12     0.0504    98.7477      98.69    217.826     5.0039 1.7508e+02          1         45 0.0000e+00
   32.92440  -65.78552    20.2364   5.013117    36.6099     13.828     13.926    20.2359   5.013279    36.6117     0.1281 1.0000e-12     0.0507    98.7391      41.11    217.888     5.0053 1.7544e+02          1         46 0.0000e+00
   32.92440  -65.78552    20.2367   5.013205    36.6100     14.890     14.996    20.2359   5.013289    36.6114     0.1132 1.0000e-12     0.0498    98.7620      98.57    217.412     4.9944 1.7859e+02          1         32 0.0000e+00
   32.92442  -65.78552    20.2389   5.013485    36.6099     15.929     16.042    20.2387   5.013673    36.6116     0.1037 1.0000e-12     0.0500    98.7573      97.39    217.390     4.9939 1.7792e+02          1         71 0.0000e+00
   32.92442  -65.78552    20.2389   5.013506    36.6098     16.816     16.936    20.2389   5.013754    36.6118     0.1112 1.0000e-12     0.0487    98.7895      97.62    218.112     5.0105 1.7612e+02          1         44 0.0000e+00
   32.92442  -65.78550    20.2471   5.014429    36.6096     17.862     17.990    20.2466   5.014480    36.6105     0.1108 1.0000e-12     0.0513    98.7266      66.70    217.890     5.0053 1.7634e+02          1         37 0.0000e+00
   32.92442  -65.78550    20.2482   5.014554    36.6094     18.861     18.996    20.2478   5.014716    36.6110     0.1165 1.0000e-12     0.0501    98.7559      75.46    217.948     5.0067 1.7756e+02          1         55 0.0000e+00
   32.92442  -65.78550    20.2484   5.014618    36.6094     19.842     19.984    20.2488   5.014852    36.6109     0.1265 1.0000e-12     0.0495    98.7708      98.57    218.164     5.0116 1.7851e+02          1         38 0.0000e+00
   32.92442  -65.78550    20.2496   5.014771    36.6092     20.882     21.031    20.2496   5.014976    36.6109     0.1242 1.0000e-12     0.0502    98.7534      98.57    217.797     5.0032 1.8003e+02          1         48 0.0000e+00
   32.92442  -65.78550    20.2491   5.014779    36.6094     21.811     21.966    20.2486   5.014936    36.6111     0.1051 1.0000e-12     0.0507    98.7408      98.57    217.757     5.0023 1.7884e+02          1         46 0.0000e+00
   32.92443  -65.78549    20.2492   5.014826    36.6094     22.865     23.028    20.2487   5.014991    36.6111     0.1232 1.0000e-12     0.0497    98.7653      98.58    218.092     5.0100 1.7836e+02          1         47 0.0000e+00
   32.92444  -65.78548    20.2489   5.014843    36.6094     23.798     23.969    20.2481   5.014966    36.6111     0.1169 1.0000e-12     0.0493    98.7738      98.57    217.762     5.0024 1.7943e+02          1         59 0.0000e+00
   32.92444  -65.78547    20.2456   5.014557    36.6096     24.800     24.978    20.2445   5.014663    36.6115     0.1351 1.0000e-12     0.0498    98.7620      98.57    217.586     4.9984 1.7840e+02          1         49 0.0000e+00
   32.92444  -65.78546    20.2442   5.014464    36.6097     25.778     25.963    20.2445   5.014701    36.6114     0.1188 1.0000e-12     0.0481    98.8043      98.57    217.498     4.9963 1.7838e+02          1         34 0.0000e+00
   32.92444  -65.78546    20.2475   5.014867    36.6097     26.800     26.991    20.2467   5.014967    36.6112     0.1172 1.0000e-12     0.0502    98.7540      98.57    217.587     4.9984 1.8183e+02          1         29 0.0000e+00
   32.92444  -65.78546    20.2505   5.015190    36.6093     27.950     28.151    20.2496   5.015305    36.6110     0.1133 1.0000e-12     0.0487    98.7908      98.57    217.895     5.0055 1.8310e+02          1         84 0.0000e+00
   32.92444  -65.78546    20.2515   5.015341    36.6094     28.689     28.894    20.2512   5.015514    36.6110     0.1077 1.0000e-12     0.0503    98.7500      60.73    217.629     4.9994 1.7706e+02          1         45 0.0000e+00
   32.92444  -65.78546    20.2533   5.015578    36.6093     29.797     30.011    20.2527   5.015715    36.6110     0.1200 1.0000e-12     0.0487    98.7903      98.58    217.814     5.0036 1.8083e+02          1         30 0.0000e+00
   32.92446  -65.78544    20.2507   5.015311    36.6091     30.818     31.039    20.2486   5.015300    36.6109     0.1134 1.0000e-12     0.0524    98.6993      98.58    218.003     5.0079 1.8403e+02          1         48 0.0000e+00
   32.92446  -65.78544    20.2261   5.012448    36.6071     31.734     31.962    20.2228   5.012449    36.6101     0.1326 1.0000e-12     0.0490    98.7831      98.57    217.561     4.9978 1.7991e+02          1         61 0.0000e+00
   32.92446  -65.78544    20.1997   5.009394    36.6051     32.725     32.960    20.1975   5.009416    36.6072     0.1357 1.0000e-12     0.0492    98.7781      98.58    217.851     5.0045 1.8140e+02          1         40 0.0000e+00
   32.92446  -65.78544    20.1780   5.006822    36.6027     33.739     33.981    20.1799   5.007478    36.6063     0.1285 1.0000e-12     0.0522    98.7038      97.46    218.419     5.0176 1.8671e+02          1         34 0.0000e+00
   32.92446  -65.78544    20.1362   5.002189    36.6012     34.771     35.021    20.1369   5.002606    36.6039     0.1508 1.0000e-12     0.0524    98.6991      93.46    218.716     5.0244 1.8323e+02          1         49 0.0000e+00
   32.92446  -65.78542    20.1027   4.998615    36.6007     35.680     35.936    20.1017   4.998950    36.6043     0.1777 1.0000e-12     0.0560    98.6096      79.33    218.958     5.0300 1.8170e+02          1         68 0.0000e+00
   32.92446  -65.78542    20.0410   4.992076    36.6010     36.735     36.999    20.0414   4.992544    36.6045     0.1926 1.0000e-12     0.0595    98.5234      62.69    219.060     5.0325 1.8542e+02          1         32 0.0000e+00
   32.92447  -65.78542    20.0233   4.990254    36.6005     37.863     38.135    20.0240   4.990590    36.6027     0.1846 1.0000e-12     0.0621    98.4583      95.52    219.475     5.0420 1.8318e+02          1         75 0.0000e+00
   32.92448  -65.78542    19.9663   4.983948    36.5985     38.657     38.935    19.9648   4.985015    36.6086     0.1878 1.0000e-12     0.0609    98.4891      98.58    219.055     5.0324 1.8507e+02          1         31 0.0000e+00
   32.92448  -65.78542    19.8346   4.970276    36.6026     39.682     39.967    19.8341   4.971174    36.6104     0.1849 1.0000e-12     0.0624    98.4514      98.57    219.931     5.0528 1.8800e+02          1         25 0.0000e+00
   32.92448  -65.78541    19.7652   4.962937    36.6027     40.745     41.038    19.7649   4.963509    36.6076     0.2029 1.0000e-12     0.0642    98.4085      98.57    220.511     5.0662 1.8912e+02          1         32 0.0000e+00
   32.92448  -65.78540    19.7983   4.966480    36.6001     41.624     41.924    19.7698   4.963837    36.6037     0.2298 1.0000e-12     0.0655    98.3764      98.58    221.776     5.0952 1.8675e+02          1         97 0.0000e+00
   32.92448  -65.78538    19.6842   4.954400    36.6007     42.698     43.005    19.6837   4.954746    36.6037     0.2233 1.0000e-12     0.0628    98.4407      98.58    221.188     5.0818 1.8681e+02          1         32 0.0000e+00
   32.92448  -65.78538    19.6701   4.952959    36.6000     43.732     44.047    19.6704   4.953248    36.6019     0.2213 1.0000e-12     0.0638    98.4175      98.58    221.438     5.0876 1.8732e+02          1         45 0.0000e+00
   32.92448  -65.78538    19.6582   4.951703    36.5989     44.606     44.927    19.6585   4.952142    36.6020     0.2373 1.0000e-12     0.0645    98.3993      98.58    221.487     5.0887 1.8898e+02          1         46 0.0000e+00
   32.92450  -65.78538    19.6118   4.946757    36.5982     45.606     45.934    19.6119   4.947190    36.6016     0.2357 1.0000e-12     0.0626    98.4465      98.58    221.624     5.0919 1.9245e+02          1         33 0.0000e+00
   32.92450  -65.78538    19.5877   4.944235    36.5978     46.677     47.013    19.5880   4.944605    36.6005     0.2233 1.0000e-12     0.0623    98.4551      98.58    221.165     5.0814 1.9461e+02          1         33 0.0000e+00
   32.92450  -65.78537    19.5916   4.944629    36.5961     47.656     48.000    19.5909   4.944876    36.5986     0.2639 1.0000e-12     0.0604    98.5013      98.58    221.303     5.0846 1.9001e+02          1         93 0.0000e+00
   32.92450  -65.78536    19.5662   4.942082    36.5966     48.654     49.006    19.5657   4.942297    36.5987     0.2554 1.0000e-12     0.0597    98.5198      98.31    221.672     5.0931 1.9134e+02          1         31 0.0000e+00
   32.92450  -65.78536    19.5584   4.941269    36.5961     49.663     50.022    19.5582   4.941533    36.5984     0.2398 1.0000e-12     0.0585    98.5496      79.48    220.632     5.0692 1.9630e+02          1         27 0.0000e+00
   32.92450  -65.78535    19.5448   4.939859    36.5957     50.716     51.082    19.5475   4.940353    36.5973     0.2368 1.0000e-12     0.0643    98.4057      73.01    221.010     5.0779 1.9591e+02          1         63 0.0000e+00
   32.92450  -65.78534    19.5265   4.937926    36.5951     51.512     51.884    19.5238   4.937945    36.5977     0.2804 1.0000e-12     0.0586    98.5450      68.71    221.372     5.0862 1.9337e+02          1         57 0.0000e+00
   32.92451  -65.78534    19.5153   4.936825    36.5952     52.590     52.970    19.5151   4.937029    36.5971     0.2761 1.0000e-12     0.0586    98.5448      98.58    221.565     5.0907 1.9822e+02          1         29 0.0000e+00
   32.92452  -65.78534    19.5083   4.936123    36.5950     53.650     54.038    19.5085   4.936419    36.5973     0.2688 1.0000e-12     0.0636    98.4225      98.58    221.702     5.0938 1.9815e+02          1         29 0.0000e+00
   32.92452  -65.78534    19.5082   4.936160    36.5945     54.785     55.181    19.5031   4.935782    36.5960     0.2881 1.0000e-12     0.0612    98.4804      98.58    221.461     5.0883 1.9425e+02          1         89 0.0000e+00
   32.92452  -65.78532    19.4868   4.933835    36.5938     55.505     55.906    19.4804   4.933578    36.5974     0.2661 1.0000e-12     0.0592    98.5318      98.59    221.699     5.0938 1.9225e+02          1         43 0.0000e+00
   32.92452  -65.78532    19.4593   4.930968    36.5940     56.581     56.990    19.4592   4.931241    36.5963     0.2881 1.0000e-12     0.0592    98.5306      98.59    221.252     5.0836 2.1705e+02          1         33 0.0000e+00
   32.92452  -65.78532    19.4491   4.929937    36.5939     57.593     58.010    19.4489   4.930156    36.5958     0.2978 1.0000e-12     0.0580    98.5591      98.58    220.899     5.0755 1.9841e+02          1         37 0.0000e+00
   32.92452  -65.78532    19.4417   4.929168    36.5935     58.583     59.007    19.4416   4.929395    36.5955     0.2922 1.0000e-12     0.0562    98.6051      98.59    220.481     5.0659 1.9876e+02          1         39 0.0000e+00
   32.92452  -65.78532    19.4390   4.928944    36.5933     59.652     60.084    19.4386   4.929109    36.5950     0.3073 1.0000e-12     0.0543    98.6526      98.59    220.187     5.0591 2.0727e+02          1         74 0.0000e+00
   32.92454  -65.78530    19.4371   4.928842    36.5935     60.497     60.935    19.4370   4.929037    36.5952     0.3037 1.0000e-12     0.0553    98.6273      98.59    220.241     5.0604 1.9704e+02          1         42 0.0000e+00
   32.92454  -65.78530    19.4333   4.928489    36.5934     61.560     62.006    19.4332   4.928698    36.5952     0.2992 1.0000e-12     0.0530    98.6839      98.58    220.258     5.0608 1.9805e+02          1         28 0.0000e+00
   32.92454  -65.78530    19.4288   4.928060    36.5933     62.683     63.138    19.4286   4.928230    36.5949     0.3145 1.0000e-12     0.0525    98.6971      98.58    219.742     5.0489 1.9575e+02          1         61 0.0000e+00
   32.92454  -65.78530    19.4268   4.927884    36.5932     63.449     63.909    19.4286   4.928283    36.5949     0.3501 1.0000e-12     0.0551    98.6325      98.59    219.704     5.0480 2.0002e+02          1         54 0.0000e+00
   32.92454  -65.78530    19.4249   4.927749    36.5932     64.547     65.015    19.4249   4.927934    36.5948     0.3317 1.0000e-12     0.0569    98.5871      98.59    219.495     5.0432 2.6392e+02          1         35 0.0000e+00
   32.92454  -65.78529    19.4245   4.927752    36.5931     65.569     66.045    19.4246   4.927950    36.5947     0.3231 1.0000e-12     0.0550    98.6328      98.59    218.887     5.0293 2.0028e+02          1         42 0.0000e+00
   32.92454  -65.78528    19.4233   4.927653    36.5929     66.548     67.031    19.4232   4.927857    36.5947     0.3345 1.0000e-12     0.0542    98.6550      98.59    218.657     5.0240 1.9612e+02          1         50 0.0000e+00
   32.92454  -65.78528    19.4195   4.927296    36.5930     67.439     67.928    19.4194   4.927493    36.5947     0.3382 1.0000e-12     0.0538    98.6628      98.59    218.529     5.0210 2.2275e+02          1         49 0.0000e+00
   32.92456  -65.78528    19.4148   4.926856    36.5930     68.531     69.029    19.4148   4.927042    36.5946     0.3462 1.0000e-12     0.0533    98.6759      98.59    218.812     5.0275 3.0688e+02          1         40 0.0000e+00
   32.92456  -65.78528    19.4141   4.926819    36.5929     69.380     69.884    19.4138   4.926977    36.5945     0.3811 1.0000e-12     0.0524    98.7000      98.59    218.965     5.0311 1.9453e+02          1         73 0.0000e+00
