Data/ruptures/KN207-01/QL-2/20701064.cnv
* Sea-Bird SBE 9 Data File:
* FileName = C:\Data\ctd\20701064.hex
* Software Version Seasave V 7.21e
* Temperature SN = 4406
* Conductivity SN = 1474
* Number of Bytes Per Scan = 40
* Number of Voltage Words = 5
* Number of Scans Averaged by the Deck Unit = 1
* NMEA Latitude = 32 56.24 N
* NMEA Longitude = 065 50.87 W
* NMEA UTC (Time) = Apr 30 2012 23:59:52
** R/V Knorr Cruise # KN207-01 QL 2
** Chief Scientist: Ben Van Mooy
# nquan = 21
# nvalues = 398                         
# units = specified
# name 0 = latitude: Latitude [deg]
# name 1 = longitude: Longitude [deg]
# name 2 = t090C: Temperature [ITS-90, deg C]
# name 3 = c0S/m: Conductivity [S/m]
# name 4 = sal00: Salinity, Practical [PSU]
# name 5 = depSM: Depth [salt water, m]
# name 6 = prDM: Pressure, Digiquartz [db]
# name 7 = t190C: Temperature, 2 [ITS-90, deg C]
# name 8 = c1S/m: Conductivity, 2 [S/m]
# name 9 = sal11: Salinity, Practical, 2 [PSU]
# name 10 = flECO-AFL: Fluorescence, WET Labs ECO-AFL/FL [mg/m^3]
# name 11 = par: PAR/Irradiance, Biospherical/Licor
# name 12 = bat: Beam Attenuation, Chelsea/Seatech [1/m]
# name 13 = xmiss: Beam Transmission, Chelsea/Seatech [%]
# name 14 = altM: Altimeter [m]
# name 15 = sbeox0Mm/Kg: Oxygen, SBE 43 [umol/kg]
# name 16 = sbeox0ML/L: Oxygen, SBE 43 [ml/l]
# name 17 = spar: SPAR/Surface Irradiance
# name 18 = pumps: Pump Status
# name 19 = nbin: number of scans per bin
# name 20 = flag: flag
# span 0 =   32.93745,   32.93876       
# span 1 =  -65.84793,  -65.84694       
# span 2 =    17.9492,    20.4183       
# span 3 =   4.769745,   5.032101       
# span 4 =    36.5154,    36.6107       
# span 5 =      2.002,    199.390       
# span 6 =      2.016,    200.902       
# span 7 =    17.9567,    20.4185       
# span 8 =   4.770714,   5.032281       
# span 9 =    36.5138,    36.6120       
# span 10 =     0.0078,     0.7247      
# span 11 = 1.0000e-12, 1.0000e-12      
# span 12 =    -0.0113,     0.0951      
# span 13 =    97.6518,   100.2819      
# span 14 =       3.91,      98.72      
# span 15 =    186.859,    222.942      
# span 16 =     4.2944,     5.1222      
# span 17 = 1.3384e+01, 1.4644e+01      
# span 18 =          1,          1      
# span 19 =         14,        813      
# span 20 = 0.0000e+00, 0.0000e+00      
# interval = decibars: 1                
# start_time = Apr 30 2012 23:59:52 [NMEA time, header]
# bad_flag = -9.990e-29
*END*
   32.93745  -65.84793    20.4063   5.030532    36.6093      2.890      2.911    20.4060   5.030746    36.6113     0.1463 1.0000e-12     0.0648    98.3919      35.02    218.748     5.0248 1.3599e+01          1        623 0.0000e+00
   32.93746  -65.84792    20.4069   5.030655    36.6094      3.921      3.949    20.4067   5.030882    36.6114     0.1410 1.0000e-12     0.0637    98.4201      55.02    218.421     5.0173 1.3533e+01          1         60 0.0000e+00
   32.93746  -65.84792    20.4064   5.030655    36.6095      4.922      4.957    20.4066   5.030913    36.6113     0.1374 1.0000e-12     0.0628    98.4417      39.73    218.616     5.0218 1.3652e+01          1         50 0.0000e+00
   32.93746  -65.84792    20.4090   5.031019    36.6097      5.942      5.985    20.4083   5.031166    36.6115     0.1458 1.0000e-12     0.0611    98.4851      98.58    219.137     5.0338 1.3599e+01          1         52 0.0000e+00
   32.93746  -65.84792    20.4021   5.030247    36.6092      6.929      6.979    20.4009   5.030394    36.6115     0.1344 1.0000e-12     0.0626    98.4466      98.58    218.747     5.0248 1.3458e+01          1         30 0.0000e+00
   32.93746  -65.84792    20.4019   5.030271    36.6092      8.006      8.063    20.4059   5.030949    36.6111     0.1400 1.0000e-12     0.0666    98.3485      98.58    219.331     5.0382 1.3639e+01          1         35 0.0000e+00
   32.93746  -65.84790    20.4005   5.030170    36.6092      8.836      8.898    20.4057   5.030959    36.6111     0.1438 1.0000e-12     0.0623    98.4541      33.35    219.402     5.0399 1.3543e+01          1         84 0.0000e+00
   32.93746  -65.84790    20.4086   5.031147    36.6096      9.949     10.020    20.4090   5.031423    36.6115     0.1254 1.0000e-12     0.0643    98.4044      70.98    219.514     5.0424 1.3654e+01          1         33 0.0000e+00
   32.93746  -65.84790    20.4076   5.031057    36.6094     10.945     11.023    20.4057   5.031122    36.6116     0.1264 1.0000e-12     0.0631    98.4349      98.59    219.090     5.0327 1.3570e+01          1         36 0.0000e+00
   32.93746  -65.84790    20.3911   5.029239    36.6088     11.958     12.043    20.3928   5.029771    36.6117     0.1313 1.0000e-12     0.0632    98.4307      98.58    218.848     5.0272 1.3468e+01          1         53 0.0000e+00
   32.93747  -65.84790    20.3740   5.027368    36.6082     12.826     12.917    20.3804   5.028336    36.6105     0.1403 1.0000e-12     0.0644    98.4029      98.58    219.401     5.0399 1.3624e+01          1         65 0.0000e+00
   32.93748  -65.84790    20.3766   5.027772    36.6087     13.887     13.986    20.3824   5.028576    36.6102     0.1610 1.0000e-12     0.0621    98.4583      98.58    219.803     5.0491 1.3454e+01          1         32 0.0000e+00
   32.93748  -65.84790    20.3940   5.029695    36.6085     14.919     15.025    20.3947   5.030003    36.6105     0.1423 1.0000e-12     0.0630    98.4371      98.58    219.865     5.0505 1.3790e+01          1         33 0.0000e+00
   32.93748  -65.84790    20.3682   5.026831    36.6076     15.951     16.064    20.3658   5.026898    36.6104     0.1359 1.0000e-12     0.0643    98.4046      98.59    219.595     5.0443 1.3600e+01          1         62 0.0000e+00
   32.93748  -65.84790    20.3670   5.026752    36.6075     16.815     16.935    20.3724   5.027530    36.6092     0.1520 1.0000e-12     0.0640    98.4114      98.59    219.303     5.0376 1.3587e+01          1         66 0.0000e+00
   32.93748  -65.84789    20.3729   5.027483    36.6078     17.844     17.972    20.3739   5.027824    36.6098     0.1445 1.0000e-12     0.0649    98.3912      98.58    219.684     5.0464 1.3654e+01          1         33 0.0000e+00
   32.93748  -65.84788    20.3535   5.025226    36.6063     18.839     18.974    20.3615   5.026552    36.6100     0.1399 1.0000e-12     0.0631    98.4357      98.58    219.907     5.0515 1.3556e+01          1         26 0.0000e+00
   32.93748  -65.84788    20.3289   5.022599    36.6060     19.962     20.105    20.3330   5.023427    36.6092     0.1536 1.0000e-12     0.0653    98.3794      98.59    219.447     5.0410 1.3556e+01          1         52 0.0000e+00
   32.93748  -65.84788    20.3310   5.022887    36.6059     20.682     20.830    20.3336   5.023445    36.6083     0.1576 1.0000e-12     0.0660    98.3623      98.58    219.635     5.0453 1.3523e+01          1         64 0.0000e+00
   32.93748  -65.84788    20.2963   5.019141    36.6056     21.809     21.964    20.2956   5.019684    36.6107     0.1524 1.0000e-12     0.0661    98.3599      98.58    219.944     5.0524 1.3464e+01          1         28 0.0000e+00
   32.93748  -65.84788    20.2896   5.018574    36.6063     22.870     23.034    20.2898   5.018697    36.6071     0.1527 1.0000e-12     0.0658    98.3678      98.59    219.738     5.0477 1.3703e+01          1         42 0.0000e+00
   32.93748  -65.84788    20.2922   5.018907    36.6059     23.769     23.939    20.2874   5.018656    36.6082     0.1655 1.0000e-12     0.0662    98.3597      98.59    219.797     5.0491 1.3478e+01          1         71 0.0000e+00
   32.93748  -65.84788    20.2721   5.016698    36.6051     24.798     24.976    20.2664   5.016501    36.6086     0.1554 1.0000e-12     0.0685    98.3031      98.59    220.019     5.0542 1.3493e+01          1         41 0.0000e+00
   32.93748  -65.84788    20.2315   5.012350    36.6050     25.835     26.020    20.2335   5.012985    36.6084     0.1340 1.0000e-12     0.0677    98.3216      98.59    220.381     5.0626 1.3443e+01          1         38 0.0000e+00
   32.93748  -65.84788    20.1901   5.007957    36.6050     26.847     27.039    20.1902   5.008374    36.6083     0.1618 1.0000e-12     0.0677    98.3220      98.59    220.652     5.0689 1.3603e+01          1         51 0.0000e+00
   32.93749  -65.84788    20.1705   5.005937    36.6049     27.774     27.973    20.1704   5.006176    36.6069     0.1602 1.0000e-12     0.0670    98.3390      98.59    220.546     5.0664 1.3501e+01          1         57 0.0000e+00
   32.93750  -65.84788    20.1668   5.005606    36.6045     28.780     28.986    20.1667   5.005830    36.6065     0.1779 1.0000e-12     0.0650    98.3889      98.59    220.410     5.0633 1.3710e+01          1         41 0.0000e+00
   32.93750  -65.84788    20.1645   5.005412    36.6042     29.869     30.083    20.1645   5.005651    36.6062     0.1852 1.0000e-12     0.0707    98.2484      98.60    220.428     5.0637 1.3515e+01          1         51 0.0000e+00
   32.93750  -65.84786    20.1630   5.005322    36.6042     30.710     30.931    20.1628   5.005548    36.6062     0.1710 1.0000e-12     0.0700    98.2652      98.59    220.896     5.0745 1.3538e+01          1         58 0.0000e+00
   32.93750  -65.84786    20.1605   5.005134    36.6043     31.766     31.994    20.1604   5.005362    36.6062     0.1704 1.0000e-12     0.0683    98.3066      98.60    220.043     5.0549 1.3575e+01          1         35 0.0000e+00
   32.93750  -65.84786    20.1576   5.004872    36.6041     32.811     33.046    20.1575   5.005104    36.6061     0.1749 1.0000e-12     0.0683    98.3067      98.58    220.543     5.0664 1.3483e+01          1         45 0.0000e+00
   32.93750  -65.84786    20.1544   5.004567    36.6039     33.677     33.919    20.1544   5.004811    36.6060     0.1869 1.0000e-12     0.0682    98.3108      98.59    220.425     5.0637 1.3384e+01          1         58 0.0000e+00
   32.93750  -65.84786    20.1481   5.003946    36.6040     34.746     34.995    20.1480   5.004196    36.6061     0.1793 1.0000e-12     0.0691    98.2868      98.59    220.402     5.0632 1.3384e+01          1         35 0.0000e+00
   32.93750  -65.84786    20.1435   5.003501    36.6038     35.801     36.058    20.1435   5.003737    36.6058     0.1993 1.0000e-12     0.0686    98.2998      98.59    220.010     5.0542 1.3562e+01          1         50 0.0000e+00
   32.93750  -65.84786    20.1381   5.002926    36.6035     36.699     36.963    20.1380   5.003173    36.6056     0.2164 1.0000e-12     0.0694    98.2808      98.59    220.642     5.0687 1.3421e+01          1         61 0.0000e+00
   32.93750  -65.84785    20.1131   5.000135    36.6023     37.681     37.952    20.1123   5.000496    36.6060     0.2023 1.0000e-12     0.0724    98.2064      89.94    221.009     5.0772 1.3521e+01          1         49 0.0000e+00
   32.93750  -65.84784    20.0652   4.994887    36.6012     38.700     38.979    20.0644   4.995355    36.6058     0.2255 1.0000e-12     0.0734    98.1807      85.89    220.470     5.0648 1.3613e+01          1         39 0.0000e+00
   32.93750  -65.84784    20.0050   4.988496    36.6016     39.738     40.024    20.0048   4.988975    36.6057     0.2361 1.0000e-12     0.0775    98.0797      55.37    221.334     5.0848 1.3565e+01          1         37 0.0000e+00
   32.93752  -65.84784    19.9697   4.984842    36.6019     40.736     41.030    19.9698   4.985165    36.6044     0.2466 1.0000e-12     0.0794    98.0355      64.25    221.477     5.0881 1.3786e+01          1         50 0.0000e+00
   32.93752  -65.84784    19.9479   4.982525    36.6011     41.696     41.997    19.9472   4.982855    36.6044     0.2475 1.0000e-12     0.0777    98.0760      98.67    221.715     5.0936 1.3697e+01          1         57 0.0000e+00
   32.93752  -65.84784    19.9093   4.978543    36.6016     42.649     42.956    19.9094   4.978917    36.6045     0.2629 1.0000e-12     0.0729    98.1951      98.60    222.035     5.1010 1.3467e+01          1         54 0.0000e+00
   32.93752  -65.84784    19.8596   4.973315    36.6019     43.649     43.963    19.8599   4.973964    36.6069     0.2473 1.0000e-12     0.0745    98.1543      98.59    221.461     5.0879 1.3441e+01          1         39 0.0000e+00
   32.93752  -65.84784    19.8087   4.968015    36.6025     44.670     44.991    19.8080   4.968349    36.6059     0.2416 1.0000e-12     0.0718    98.2207      98.60    221.522     5.0893 1.3570e+01          1         36 0.0000e+00
   32.93752  -65.84784    19.7779   4.964764    36.6019     45.749     46.079    19.7789   4.965207    36.6046     0.2555 1.0000e-12     0.0702    98.2600      98.59    222.122     5.1032 1.3506e+01          1         55 0.0000e+00
   32.93752  -65.84784    19.7546   4.962302    36.6010     46.522     46.858    19.7666   4.964029    36.6046     0.2877 1.0000e-12     0.0678    98.3192      98.60    222.743     5.1175 1.3538e+01          1         58 0.0000e+00
   32.93753  -65.84784    19.7190   4.958474    36.6002     47.677     48.021    19.7189   4.958929    36.6041     0.2563 1.0000e-12     0.0673    98.3319      86.44    222.588     5.1139 1.3533e+01          1         30 0.0000e+00
   32.93754  -65.84784    19.6867   4.955030    36.5996     48.708     49.059    19.6869   4.955472    36.6031     0.2647 1.0000e-12     0.0707    98.2486      80.64    222.344     5.1084 1.3565e+01          1         37 0.0000e+00
   32.93754  -65.84784    19.6573   4.951936    36.5989     49.626     49.984    19.6594   4.952496    36.6017     0.3190 1.0000e-12     0.0685    98.3018      85.29    222.374     5.1091 1.3572e+01          1         83 0.0000e+00
   32.93754  -65.84782    19.6002   4.945770    36.5976     50.535     50.900    19.6005   4.946282    36.6017     0.3058 1.0000e-12     0.0674    98.3287      98.60    222.942     5.1222 1.3437e+01          1         42 0.0000e+00
   32.93754  -65.84782    19.5759   4.943222    36.5973     51.629     52.002    19.5758   4.943576    36.6003     0.2867 1.0000e-12     0.0664    98.3537      98.59    222.854     5.1202 1.3556e+01          1         26 0.0000e+00
   32.93754  -65.84782    19.5539   4.940807    36.5961     52.688     53.069    19.5541   4.941364    36.6006     0.2939 1.0000e-12     0.0652    98.3840      98.60    222.661     5.1158 1.3467e+01          1         27 0.0000e+00
   32.93754  -65.84784    19.5500   4.940464    36.5954     53.574     53.961    19.5630   4.941788    36.5947     0.3182 1.0000e-12     0.0672    98.3337      98.60    222.617     5.1148 1.3562e+01          1        100 0.0000e+00
   32.93754  -65.84784    19.5160   4.936947    36.5957     54.558     54.953    19.5222   4.938305    36.6016     0.2729 1.0000e-12     0.0658    98.3675      98.60    222.443     5.1109 1.3470e+01          1         26 0.0000e+00
   32.93754  -65.84782    19.4888   4.934035    36.5952     55.617     56.019    19.4887   4.934534    36.5996     0.2808 1.0000e-12     0.0664    98.3527      98.59    222.650     5.1157 1.3556e+01          1         26 0.0000e+00
   32.93754  -65.84782    19.4665   4.931800    36.5954     56.769     57.180    19.4785   4.933151    36.5960     0.3546 1.0000e-12     0.0638    98.4179      98.60    222.456     5.1112 1.3653e+01          1         83 0.0000e+00
   32.93755  -65.84781    19.4649   4.931625    36.5944     57.543     57.959    19.4726   4.932993    36.5990     0.3367 1.0000e-12     0.0647    98.3955      98.60    222.071     5.1024 1.3613e+01          1         39 0.0000e+00
   32.93756  -65.84780    19.4495   4.930100    36.5949     58.581     59.005    19.4494   4.930335    36.5971     0.3051 1.0000e-12     0.0638    98.4182      98.60    222.178     5.1049 1.3663e+01          1         24 0.0000e+00
   32.93756  -65.84780    19.4479   4.930002    36.5946     59.701     60.133    19.4485   4.930257    36.5963     0.3765 1.0000e-12     0.0544    98.6497      98.60    221.778     5.0957 1.3646e+01          1         68 0.0000e+00
   32.93756  -65.84780    19.4467   4.929928    36.5944     60.478     60.916    19.4469   4.930151    36.5962     0.3697 1.0000e-12     0.0585    98.5475      98.60    221.609     5.0918 1.3485e+01          1         44 0.0000e+00
   32.93756  -65.84780    19.4439   4.929686    36.5943     61.572     62.018    19.4438   4.929910    36.5963     0.3649 1.0000e-12     0.0539    98.6624      98.60    221.536     5.0901 1.3496e+01          1         40 0.0000e+00
   32.93756  -65.84780    19.4404   4.929372    36.5942     62.555     63.008    19.4404   4.929584    36.5960     0.3932 1.0000e-12     0.0526    98.6926      98.60    221.914     5.0988 1.3652e+01          1         50 0.0000e+00
   32.93756  -65.84780    19.4359   4.928934    36.5940     63.542     64.002    19.4357   4.929140    36.5960     0.3637 1.0000e-12     0.0535    98.6727      98.60    221.284     5.0843 1.3543e+01          1         42 0.0000e+00
   32.93756  -65.84780    19.4324   4.928614    36.5940     64.491     64.958    19.4324   4.928828    36.5958     0.3980 1.0000e-12     0.0525    98.6967      98.60    220.827     5.0738 1.3455e+01          1         63 0.0000e+00
   32.93758  -65.84780    19.4282   4.928246    36.5942     65.458     65.933    19.4282   4.928473    36.5962     0.3918 1.0000e-12     0.0519    98.7106      98.60    221.273     5.0841 1.3519e+01          1         33 0.0000e+00
   32.93758  -65.84780    19.4237   4.927828    36.5942     66.555     67.039    19.4237   4.928044    36.5961     0.3757 1.0000e-12     0.0489    98.7845      98.60    220.986     5.0775 1.3384e+01          1         40 0.0000e+00
   32.93758  -65.84780    19.4183   4.927276    36.5940     67.492     67.982    19.4184   4.927504    36.5959     0.4355 1.0000e-12     0.0459    98.8585      98.60    220.568     5.0679 1.3750e+01          1         61 0.0000e+00
   32.93758  -65.84778    19.4163   4.927122    36.5940     68.530     69.028    19.4162   4.927320    36.5958     0.4246 1.0000e-12     0.0474    98.8213      98.60    219.930     5.0532 1.3727e+01          1         52 0.0000e+00
   32.93758  -65.84778    19.4154   4.927085    36.5941     69.457     69.961    19.4153   4.927287    36.5958     0.4142 1.0000e-12     0.0465    98.8433      98.60    219.679     5.0475 1.3685e+01          1         37 0.0000e+00
