Data/ruptures/KN207-01/QL-2/20701077.cnv
* Sea-Bird SBE 9 Data File:
* FileName = C:\Data\ctd\20701077.hex
* Software Version Seasave V 7.21e
* Temperature SN = 4406
* Conductivity SN = 1474
* Number of Bytes Per Scan = 40
* Number of Voltage Words = 5
* Number of Scans Averaged by the Deck Unit = 1
* NMEA Latitude = 33 06.97 N
* NMEA Longitude = 065 41.20 W
* NMEA UTC (Time) = May 02 2012 18:03:42
** R/V Knorr Cruise # KN207-01 QL 2
** Chief Scientist: Ben Van Mooy
# nquan = 21
# nvalues = 386                         
# units = specified
# name 0 = latitude: Latitude [deg]
# name 1 = longitude: Longitude [deg]
# name 2 = t090C: Temperature [ITS-90, deg C]
# name 3 = c0S/m: Conductivity [S/m]
# name 4 = sal00: Salinity, Practical [PSU]
# name 5 = depSM: Depth [salt water, m]
# name 6 = prDM: Pressure, Digiquartz [db]
# name 7 = t190C: Temperature, 2 [ITS-90, deg C]
# name 8 = c1S/m: Conductivity, 2 [S/m]
# name 9 = sal11: Salinity, Practical, 2 [PSU]
# name 10 = flECO-AFL: Fluorescence, WET Labs ECO-AFL/FL [mg/m^3]
# name 11 = par: PAR/Irradiance, Biospherical/Licor
# name 12 = bat: Beam Attenuation, Chelsea/Seatech [1/m]
# name 13 = xmiss: Beam Transmission, Chelsea/Seatech [%]
# name 14 = altM: Altimeter [m]
# name 15 = sbeox0Mm/Kg: Oxygen, SBE 43 [umol/kg]
# name 16 = sbeox0ML/L: Oxygen, SBE 43 [ml/l]
# name 17 = spar: SPAR/Surface Irradiance
# name 18 = pumps: Pump Status
# name 19 = nbin: number of scans per bin
# name 20 = flag: flag
# span 0 =   33.11628,   33.11746       
# span 1 =  -65.69035,  -65.68701       
# span 2 =    17.8836,    20.5048       
# span 3 =   4.761956,   5.042257       
# span 4 =    36.5006,    36.6190       
# span 5 =      3.264,    199.412       
# span 6 =      3.287,    200.927       
# span 7 =    17.8839,    20.5049       
# span 8 =   4.761991,   5.042348       
# span 9 =    36.4994,    36.6197       
# span 10 =     0.0045,     0.9037      
# span 11 = 1.0000e-12, 1.0000e-12      
# span 12 =    -0.0148,     0.0823      
# span 13 =    97.9645,   100.3723      
# span 14 =       1.04,      98.90      
# span 15 =    186.077,    223.619      
# span 16 =     4.2765,     5.1379      
# span 17 = 1.6166e+03, 3.2140e+03      
# span 18 =          1,          1      
# span 19 =         18,       2697      
# span 20 = 0.0000e+00, 0.0000e+00      
# interval = decibars: 1                
# start_time = May 02 2012 18:03:42 [NMEA time, header]
# bad_flag = -9.990e-29
*END*
[from data line 69]
   33.11658  -65.68843    19.3799   4.923833    36.5930     82.418     83.021    19.3798   4.923927    36.5938     0.6345 1.0000e-12     0.0342    99.1481      98.72    214.222     4.9221 1.8168e+03          1         49 0.0000e+00
   33.11658  -65.68844    19.3787   4.923724    36.5928     83.394     84.004    19.3787   4.923829    36.5936     0.5801 1.0000e-12     0.0273    99.3200      98.72    213.780     4.9120 1.7949e+03          1         58 0.0000e+00
   33.11658  -65.68845    19.3792   4.923852    36.5930     84.369     84.986    19.3792   4.923935    36.5937     0.5350 1.0000e-12     0.0264    99.3434      98.72    213.632     4.9086 1.7616e+03          1         47 0.0000e+00
   33.11658  -65.68846    19.3792   4.923909    36.5930     85.354     85.979    19.3792   4.924001    36.5938     0.5058 1.0000e-12     0.0226    99.4383      98.72    214.030     4.9177 1.7373e+03          1         42 0.0000e+00
   33.11658  -65.68846    19.3793   4.923969    36.5931     86.352     86.984    19.3793   4.924056    36.5938     0.4824 1.0000e-12     0.0231    99.4242      98.72    213.636     4.9087 1.7280e+03          1         42 0.0000e+00
   33.11658  -65.68847    19.3792   4.924025    36.5932     87.390     88.030    19.3792   4.924109    36.5939     0.5087 1.0000e-12     0.0208    99.4817      98.72    213.846     4.9135 1.7201e+03          1         49 0.0000e+00
   33.11658  -65.68848    19.3792   4.924055    36.5931     88.318     88.965    19.3792   4.924155    36.5939     0.4165 1.0000e-12     0.0207    99.4835      98.72    213.563     4.9070 1.7042e+03          1         59 0.0000e+00
   33.11658  -65.68849    19.3789   4.924085    36.5932     89.344     89.999    19.3789   4.924175    36.5940     0.4419 1.0000e-12     0.0180    99.5508      98.72    213.158     4.8977 1.6966e+03          1         38 0.0000e+00
   33.11660  -65.68852    19.3791   4.924165    36.5933     90.365     91.028    19.3791   4.924253    36.5941     0.3915 1.0000e-12     0.0174    99.5650      98.72    213.223     4.8992 1.6947e+03          1         46 0.0000e+00
   33.11660  -65.68852    19.3789   4.924206    36.5935     91.296     91.966    19.3789   4.924294    36.5942     0.3593 1.0000e-12     0.0158    99.6054      98.71    213.583     4.9075 1.6903e+03          1         52 0.0000e+00
   33.11660  -65.68854    19.3780   4.924110    36.5931     92.329     93.007    19.3780   4.924213    36.5940     0.3575 1.0000e-12     0.0134    99.6646      98.72    213.837     4.9133 1.6813e+03          1         45 0.0000e+00
   33.11660  -65.68854    19.3777   4.924124    36.5931     93.326     94.011    19.3775   4.924199    36.5939     0.3000 1.0000e-12     0.0129    99.6773      98.72    213.344     4.9020 1.6799e+03          1         51 0.0000e+00
   33.11660  -65.68854    19.3768   4.924045    36.5929     94.324     95.016    19.3767   4.924132    36.5937     0.3203 1.0000e-12     0.0107    99.7337      98.72    212.327     4.8786 1.6821e+03          1         45 0.0000e+00
   33.11660  -65.68856    19.3753   4.923889    36.5925     95.322     96.022    19.3753   4.923987    36.5934     0.2708 1.0000e-12     0.0113    99.7192      98.72    213.181     4.8982 1.6799e+03          1         42 0.0000e+00
   33.11660  -65.68856    19.3747   4.923871    36.5925     96.315     97.023    19.3747   4.923953    36.5932     0.2687 1.0000e-12     0.0098    99.7544      98.72    213.470     4.9049 1.6786e+03          1         46 0.0000e+00
   33.11660  -65.68859    19.3745   4.923881    36.5924     97.284     97.998    19.3747   4.923994    36.5932     0.2435 1.0000e-12     0.0080    99.8007      98.72    213.180     4.8982 1.6809e+03          1         61 0.0000e+00
   33.11660  -65.68860    19.3740   4.923855    36.5923     98.255     98.977    19.3740   4.923948    36.5930     0.2406 1.0000e-12     0.0061    99.8471      98.73    213.405     4.9034 1.6728e+03          1         47 0.0000e+00
   33.11660  -65.68860    19.3743   4.923961    36.5925     99.272    100.002    19.3743   4.924041    36.5931     0.2323 1.0000e-12     0.0068    99.8308      98.72    213.481     4.9051 1.6690e+03          1         38 0.0000e+00
   33.11660  -65.68862    19.3745   4.924049    36.5926    100.286    101.024    19.3745   4.924131    36.5933     0.1964 1.0000e-12     0.0047    99.8821      98.73    213.700     4.9102 1.6700e+03          1         40 0.0000e+00
   33.11660  -65.68862    19.3748   4.924124    36.5926    101.226    101.971    19.3747   4.924196    36.5933     0.2004 1.0000e-12     0.0043    99.8930      98.72    213.151     4.8975 1.6630e+03          1         60 0.0000e+00
   33.11660  -65.68863    19.3751   4.924262    36.5931    102.203    102.956    19.3752   4.924353    36.5938     0.2050 1.0000e-12     0.0070    99.8252      98.72    213.209     4.8989 1.6549e+03          1         36 0.0000e+00
   33.11660  -65.68864    19.3747   4.924264    36.5931    103.219    103.979    19.3747   4.924367    36.5940     0.2123 1.0000e-12     0.0029    99.9279      98.72    213.257     4.9000 1.6529e+03          1         28 0.0000e+00
   33.11660  -65.68864    19.3740   4.924231    36.5931    104.197    104.965    19.3740   4.924320    36.5939     0.2219 1.0000e-12     0.0043    99.8940      98.72    212.903     4.8918 1.6530e+03          1         27 0.0000e+00
   33.11660  -65.68864    19.3736   4.924239    36.5931    105.222    105.997    19.3736   4.924332    36.5939     0.2222 1.0000e-12     0.0045    99.8875      98.72    213.618     4.9083 1.6529e+03          1         28 0.0000e+00
   33.11660  -65.68866    19.3728   4.924186    36.5931    106.228    107.011    19.3728   4.924275    36.5938     0.2072 1.0000e-12     0.0034    99.9161      98.72    213.543     4.9066 1.6510e+03          1         30 0.0000e+00
   33.11660  -65.68868    19.3727   4.924226    36.5931    107.214    108.004    19.3727   4.924307    36.5937     0.2076 1.0000e-12     0.0034    99.9169      98.72    213.116     4.8967 1.6466e+03          1         29 0.0000e+00
   33.11660  -65.68868    19.3728   4.924267    36.5930    108.185    108.983    19.3728   4.924368    36.5938     0.1796 1.0000e-12     0.0035    99.9125      98.72    213.297     4.9009 1.6436e+03          1         25 0.0000e+00
   33.11660  -65.68868    19.3726   4.924346    36.5934    109.156    109.961    19.3727   4.924407    36.5939     0.1937 1.0000e-12     0.0025    99.9380      98.72    213.724     4.9107 1.6435e+03          1         24 0.0000e+00
   33.11660  -65.68868    19.3725   4.924378    36.5934    110.152    110.965    19.3725   4.924462    36.5941     0.1843 1.0000e-12     0.0021    99.9468      98.72    213.350     4.9021 1.6441e+03          1         22 0.0000e+00
   33.11662  -65.68870    19.3724   4.924404    36.5933    111.185    112.006    19.3724   4.924498    36.5941     0.1888 1.0000e-12     0.0023    99.9434      98.72    213.224     4.8992 1.6439e+03          1         24 0.0000e+00
   33.11662  -65.68870    19.3725   4.924455    36.5933    112.188    113.017    19.3725   4.924544    36.5940     0.1623 1.0000e-12     0.0035    99.9133      98.73    213.297     4.9009 1.6440e+03          1         24 0.0000e+00
   33.11662  -65.68870    19.3721   4.924436    36.5931    113.154    113.990    19.3721   4.924527    36.5939     0.1612 1.0000e-12     0.0017    99.9568      98.72    212.797     4.8894 1.6436e+03          1         27 0.0000e+00
   33.11662  -65.68870    19.3703   4.924236    36.5927    114.143    114.987    19.3703   4.924340    36.5936     0.1537 1.0000e-12     0.0008    99.9812      98.72    212.757     4.8885 1.6423e+03          1         28 0.0000e+00
   33.11662  -65.68871    19.3680   4.923976    36.5922    115.154    116.005    19.3680   4.924089    36.5931     0.1260 1.0000e-12     0.0002    99.9949      98.73    213.448     4.9044 1.6400e+03          1         25 0.0000e+00
   33.11662  -65.68872    19.3672   4.923939    36.5922    116.144    117.003    19.3672   4.924027    36.5929     0.1169 1.0000e-12    -0.0005   100.0113      98.72    213.544     4.9066 1.6377e+03          1         25 0.0000e+00
   33.11662  -65.68872    19.3670   4.923979    36.5924    117.119    117.986    19.3670   4.924072    36.5931     0.1157 1.0000e-12    -0.0017   100.0426      98.73    213.050     4.8952 1.6386e+03          1         22 0.0000e+00
   33.11662  -65.68872    19.3674   4.924140    36.5930    118.110    118.984    19.3674   4.924223    36.5936     0.0885 1.0000e-12    -0.0024   100.0590      98.72    212.830     4.8902 1.6409e+03          1         22 0.0000e+00
   33.11662  -65.68872    19.3677   4.924237    36.5931    119.110    119.992    19.3677   4.924330    36.5939     0.0600 1.0000e-12    -0.0033   100.0828      98.74    212.809     4.8897 1.6419e+03          1         21 0.0000e+00
   33.11662  -65.68872    19.3674   4.924259    36.5931    120.147    121.037    19.3674   4.924363    36.5939     0.1046 1.0000e-12    -0.0031   100.0771      98.72    212.597     4.8848 1.6403e+03          1         25 0.0000e+00
   33.11662  -65.68876    19.3669   4.924227    36.5929    121.133    122.030    19.3670   4.924329    36.5937     0.1039 1.0000e-12    -0.0035   100.0882      98.73    213.095     4.8963 1.6375e+03          1         27 0.0000e+00
   33.11662  -65.68876    19.3666   4.924238    36.5929    122.103    123.008    19.3667   4.924333    36.5936     0.1068 1.0000e-12    -0.0035   100.0881      98.73    212.830     4.8902 1.6356e+03          1         29 0.0000e+00
   33.11662  -65.68876    19.3663   4.924251    36.5929    123.080    123.993    19.3664   4.924336    36.5935     0.1312 1.0000e-12    -0.0021   100.0532      98.73    212.724     4.8878 1.6351e+03          1         26 0.0000e+00
   33.11662  -65.68876    19.3664   4.924306    36.5929    124.052    124.972    19.3665   4.924401    36.5936     0.1361 1.0000e-12    -0.0015   100.0368      98.72    212.951     4.8930 1.6335e+03          1         22 0.0000e+00
   33.11662  -65.68877    19.3667   4.924386    36.5930    125.074    126.002    19.3667   4.924484    36.5937     0.1319 1.0000e-12    -0.0018   100.0436      98.73    213.230     4.8994 1.6330e+03          1         21 0.0000e+00
   33.11662  -65.68878    19.3668   4.924436    36.5928    126.067    127.002    19.3669   4.924554    36.5938     0.1082 1.0000e-12    -0.0021   100.0522      98.73    213.186     4.8984 1.6331e+03          1         21 0.0000e+00
   33.11662  -65.68878    19.3650   4.924266    36.5927    127.054    127.998    19.3650   4.924364    36.5935     0.0920 1.0000e-12    -0.0023   100.0580      98.73    212.641     4.8858 1.6347e+03          1         24 0.0000e+00
   33.11662  -65.68878    19.3640   4.924161    36.5923    128.038    128.989    19.3640   4.924254    36.5931     0.1319 1.0000e-12    -0.0018   100.0436      98.73    212.711     4.8875 1.6372e+03          1         21 0.0000e+00
   33.11662  -65.68878    19.3638   4.924196    36.5924    129.056    130.015    19.3640   4.924294    36.5930     0.1878 1.0000e-12    -0.0011   100.0265      98.73    212.957     4.8931 1.6353e+03          1         26 0.0000e+00
   33.11662  -65.68879    19.3640   4.924246    36.5923    130.052    131.019    19.3641   4.924343    36.5930     0.1650 1.0000e-12    -0.0002   100.0058      98.73    212.786     4.8892 1.6304e+03          1         26 0.0000e+00
   33.11662  -65.68880    19.3639   4.924276    36.5922    130.998    131.972    19.3640   4.924372    36.5930     0.1503 1.0000e-12     0.0001    99.9976      98.72    212.978     4.8936 1.6263e+03          1         31 0.0000e+00
   33.11662  -65.68880    19.3633   4.924249    36.5922    131.999    132.981    19.3634   4.924362    36.5930     0.1712 1.0000e-12     0.0003    99.9939      98.73    213.265     4.9002 1.6259e+03          1         26 0.0000e+00
   33.11662  -65.68880    19.3629   4.924264    36.5923    132.997    133.986    19.3630   4.924374    36.5931     0.1570 1.0000e-12     0.0007    99.9842      98.73    212.863     4.8909 1.6276e+03          1         22 0.0000e+00
   33.11662  -65.68880    19.3630   4.924332    36.5924    133.983    134.980    19.3630   4.924424    36.5931     0.1456 1.0000e-12     0.0001    99.9985      98.73    212.685     4.8868 1.6284e+03          1         20 0.0000e+00
   33.11662  -65.68881    19.3631   4.924389    36.5924    134.947    135.951    19.3632   4.924481    36.5931     0.1528 1.0000e-12    -0.0007   100.0179      98.73    212.904     4.8919 1.6282e+03          1         21 0.0000e+00
   33.11662  -65.68882    19.3634   4.924460    36.5923    135.963    136.975    19.3634   4.924560    36.5931     0.1650 1.0000e-12    -0.0010   100.0248      98.73    213.281     4.9005 1.6278e+03          1         24 0.0000e+00
   33.11662  -65.68882    19.3635   4.924526    36.5924    136.996    138.016    19.3636   4.924620    36.5931     0.1471 1.0000e-12    -0.0007   100.0165      98.73    213.135     4.8972 1.6265e+03          1         25 0.0000e+00
   33.11662  -65.68882    19.3636   4.924579    36.5924    137.958    138.986    19.3636   4.924653    36.5930     0.1351 1.0000e-12    -0.0007   100.0162      98.73    213.041     4.8950 1.6263e+03          1         24 0.0000e+00
   33.11662  -65.68882    19.3634   4.924600    36.5924    138.930    139.966    19.3634   4.924693    36.5931     0.1320 1.0000e-12    -0.0013   100.0315      98.73    212.835     4.8903 1.6265e+03          1         26 0.0000e+00
   33.11663  -65.68884    19.3631   4.924625    36.5924    139.942    140.985    19.3632   4.924715    36.5931     0.1210 1.0000e-12    -0.0023   100.0580      98.73    212.507     4.8828 1.6276e+03          1         24 0.0000e+00
   33.11664  -65.68886    19.3631   4.924643    36.5922    140.967    142.018    19.3632   4.924753    36.5931     0.1260 1.0000e-12    -0.0021   100.0535      98.73    212.851     4.8907 1.6292e+03          1         25 0.0000e+00
   33.11664  -65.68886    19.3630   4.924681    36.5922    141.987    143.046    19.3631   4.924788    36.5930     0.1173 1.0000e-12    -0.0023   100.0574      98.73    213.395     4.9032 1.6308e+03          1         28 0.0000e+00
   33.11664  -65.68886    19.3632   4.924740    36.5922    142.911    143.977    19.3632   4.924845    36.5930     0.0973 1.0000e-12    -0.0027   100.0679      98.73    212.966     4.8933 1.6340e+03          1         25 0.0000e+00
   33.11664  -65.68886    19.3631   4.924781    36.5922    143.929    145.003    19.3632   4.924888    36.5931     0.0941 1.0000e-12    -0.0025   100.0637      98.74    212.679     4.8867 1.6391e+03          1         25 0.0000e+00
   33.11664  -65.68887    19.3632   4.924833    36.5922    144.965    146.048    19.3632   4.924939    36.5930     0.0911 1.0000e-12    -0.0023   100.0576      98.74    212.691     4.8870 1.6447e+03          1         20 0.0000e+00
   33.11664  -65.68888    19.3633   4.924892    36.5922    145.913    147.003    19.3634   4.924999    36.5930     0.0864 1.0000e-12    -0.0033   100.0838      98.73    212.575     4.8843 1.6467e+03          1         19 0.0000e+00
   33.11664  -65.68888    19.3633   4.924947    36.5923    146.901    147.999    19.3634   4.925044    36.5931     0.1024 1.0000e-12    -0.0036   100.0917      98.73    212.794     4.8894 1.6472e+03          1         22 0.0000e+00
   33.11664  -65.68888    19.3634   4.924988    36.5922    147.910    149.015    19.3635   4.925095    36.5930     0.0991 1.0000e-12    -0.0032   100.0802      98.73    213.112     4.8967 1.6463e+03          1         25 0.0000e+00
   33.11664  -65.68888    19.3636   4.925059    36.5922    148.903    150.017    19.3636   4.925149    36.5929     0.1066 1.0000e-12    -0.0038   100.0969      98.74    212.915     4.8922 1.6463e+03          1         29 0.0000e+00
