Data/ruptures/KN207-01/QL-2/20701067.cnv
* Sea-Bird SBE 9 Data File:
* FileName = C:\Data\ctd\20701067.hex
* Software Version Seasave V 7.21e
* Temperature SN = 4406
* Conductivity SN = 1474
* Number of Bytes Per Scan = 40
* Number of Voltage Words = 5
* Number of Scans Averaged by the Deck Unit = 1
* NMEA Latitude = 32 56.35 N
* NMEA Longitude = 065 46.44 W
* NMEA UTC (Time) = May 01 2012 14:05:20
** R/V Knorr Cruise # KN207-01 QL 2
** Chief Scientist: Ben Van Mooy
# nquan = 21
# nvalues = 390                         
# units = specified
# name 0 = latitude: Latitude [deg]
# name 1 = longitude: Longitude [deg]
# name 2 = t090C: Temperature [ITS-90, deg C]
# name 3 = c0S/m: Conductivity [S/m]
# name 4 = sal00: Salinity, Practical [PSU]
# name 5 = depSM: Depth [salt water, m]
# name 6 = prDM: Pressure, Digiquartz [db]
# name 7 = t190C: Temperature, 2 [ITS-90, deg C]
# name 8 = c1S/m: Conductivity, 2 [S/m]
# name 9 = sal11: Salinity, Practical, 2 [PSU]
# name 10 = flECO-AFL: Fluorescence, WET Labs ECO-AFL/FL [mg/m^3]
# name 11 = par: PAR/Irradiance, Biospherical/Licor
# name 12 = bat: Beam Attenuation, Chelsea/Seatech [1/m]
# name 13 = xmiss: Beam Transmission, Chelsea/Seatech [%]
# name 14 = altM: Altimeter [m]
# name 15 = sbeox0Mm/Kg: Oxygen, SBE 43 [umol/kg]
# name 16 = sbeox0ML/L: Oxygen, SBE 43 [ml/l]
# name 17 = spar: SPAR/Surface Irradiance
# name 18 = pumps: Pump Status
# name 19 = nbin: number of scans per bin
# name 20 = flag: flag
# span 0 =   32.93922,   32.93979       
# span 1 =  -65.77406,  -65.77367       
# span 2 =    18.1493,    20.2767       
# span 3 =   4.792125,   5.017192       
# span 4 =    36.5246,    36.6106       
# span 5 =      2.328,    200.037       
# span 6 =      2.344,    201.554       
# span 7 =    18.1679,    20.2780       
# span 8 =   4.794232,   5.017325       
# span 9 =    36.5243,    36.6113       
# span 10 =     0.0151,     0.8561      
# span 11 = 1.0000e-12, 1.0000e-12      
# span 12 =    -0.0095,     0.0730      
# span 13 =    98.1910,   100.2371      
# span 14 =       1.05,      98.76      
# span 15 =    186.647,    222.444      
# span 16 =     4.2896,     5.1107      
# span 17 = 2.4602e+03, 2.4810e+03      
# span 18 =          1,          1      
# span 19 =         14,        560      
# span 20 = 0.0000e+00, 0.0000e+00      
# interval = decibars: 1                
# start_time = May 01 2012 14:05:20 [NMEA time, header]
# bad_flag = -9.990e-29
*END*
[from data line 345]
   32.93956  -65.77372    19.7563   4.962691    36.5971     45.620     45.949    19.7499   4.961869    36.5961     0.2013 1.0000e-12     0.0687    98.2976      98.73    220.854     5.0740 2.4616e+03          1         30 0.0000e+00
   32.93958  -65.77372    19.7176   4.958523    36.5985     44.817     45.140    19.7172   4.958632    36.5997     0.1909 1.0000e-12     0.0680    98.3152      98.73    221.788     5.0956 2.4642e+03          1        102 0.0000e+00
   32.93958  -65.77372    19.7782   4.964759    36.5966     43.727     44.042    19.7695   4.963265    36.5920     0.2113 1.0000e-12     0.0690    98.2901      98.73    221.351     5.0854 2.4650e+03          1         28 0.0000e+00
   32.93958  -65.77372    19.8601   4.973454    36.5958     42.696     43.004    19.8833   4.975177    36.5893     0.1896 1.0000e-12     0.0686    98.3003      98.73    220.995     5.0772 2.4630e+03          1         25 0.0000e+00
   32.93958  -65.77372    19.9247   4.980407    36.5968     41.594     41.893    19.9277   4.980620    36.5958     0.1873 1.0000e-12     0.0690    98.2892      96.87    221.259     5.0831 2.4619e+03          1         46 0.0000e+00
   32.93958  -65.77372    19.9044   4.978180    36.5981     40.875     41.169    19.9019   4.977942    36.5985     0.1707 1.0000e-12     0.0715    98.2279      96.27    220.491     5.0655 2.4633e+03          1         68 0.0000e+00
   32.93958  -65.77372    19.9360   4.981372    36.5973     39.748     40.034    19.9346   4.981112    36.5965     0.1739 1.0000e-12     0.0714    98.2318      60.05    220.582     5.0676 2.4631e+03          1         32 0.0000e+00
   32.93958  -65.77372    20.0052   4.988597    36.5960     38.693     38.972    19.9959   4.987267    36.5935     0.1882 1.0000e-12     0.0689    98.2919      63.22    220.647     5.0690 2.4624e+03          1         38 0.0000e+00
   32.93960  -65.77372    20.0381   4.992155    36.5975     37.696     37.966    20.0323   4.991412    36.5964     0.1576 1.0000e-12     0.0692    98.2852      98.73    219.854     5.0507 2.4618e+03          1         62 0.0000e+00
   32.93960  -65.77372    20.0376   4.992075    36.5985     36.807     37.072    20.0506   4.993118    36.5955     0.1507 1.0000e-12     0.0683    98.3064      98.74    219.408     5.0405 2.4622e+03          1         47 0.0000e+00
   32.93960  -65.77372    20.0630   4.994696    36.5984     35.747     36.004    20.0972   4.997934    36.5945     0.1407 1.0000e-12     0.0652    98.3834      98.74    219.966     5.0532 2.4636e+03          1         33 0.0000e+00
   32.93960  -65.77372    20.1531   5.004461    36.5993     34.712     34.962    20.1452   5.003501    36.5987     0.1629 1.0000e-12     0.0608    98.4923      98.74    219.377     5.0396 2.4637e+03          1         45 0.0000e+00
   32.93960  -65.77372    20.1756   5.007085    36.6024     33.762     34.004    20.1812   5.007437    36.6003     0.1426 1.0000e-12     0.0561    98.6073      98.74    218.786     5.0260 2.4640e+03          1         62 0.0000e+00
   32.93960  -65.77372    20.1861   5.008097    36.6026     32.772     33.008    20.1788   5.007221    36.6019     0.1125 1.0000e-12     0.0561    98.6077      98.74    218.413     5.0174 2.4649e+03          1         41 0.0000e+00
   32.93960  -65.77372    20.2080   5.010506    36.6038     31.762     31.990    20.2158   5.011501    36.6050     0.1123 1.0000e-12     0.0563    98.6025      98.74    218.310     5.0150 2.4652e+03          1         39 0.0000e+00
   32.93961  -65.77372    20.2232   5.012303    36.6061     30.749     30.969    20.2217   5.012142    36.6061     0.1042 1.0000e-12     0.0541    98.6574      98.74    218.362     5.0162 2.4633e+03          1         58 0.0000e+00
   32.93962  -65.77372    20.2203   5.011868    36.6060     29.860     30.074    20.2249   5.012289    36.6054     0.1074 1.0000e-12     0.0562    98.6054      98.74    218.472     5.0187 2.4643e+03          1         44 0.0000e+00
   32.93962  -65.77372    20.2289   5.012756    36.6064     28.789     28.995    20.2325   5.013213    36.6070     0.0815 1.0000e-12     0.0550    98.6342      98.74    218.063     5.0093 2.4638e+03          1         36 0.0000e+00
   32.93962  -65.77372    20.2493   5.015029    36.6076     27.734     27.933    20.2500   5.015120    36.6078     0.1032 1.0000e-12     0.0537    98.6656      98.74    218.268     5.0140 2.4633e+03          1         56 0.0000e+00
   32.93962  -65.77372    20.2478   5.014907    36.6087     26.867     27.060    20.2549   5.015610    36.6082     0.1052 1.0000e-12     0.0527    98.6916      85.61    217.795     5.0032 2.4627e+03          1         42 0.0000e+00
   32.93962  -65.77372    20.2520   5.015267    36.6085     25.803     25.988    20.2557   5.015704    36.6089     0.0641 1.0000e-12     0.0543    98.6516      83.68    218.310     5.0150 2.4640e+03          1         44 0.0000e+00
   32.93962  -65.77372    20.2580   5.015875    36.6088     24.856     25.034    20.2594   5.015938    36.6082     0.0771 1.0000e-12     0.0526    98.6945      98.74    217.810     5.0035 2.4638e+03          1         51 0.0000e+00
   32.93962  -65.77372    20.2599   5.016048    36.6091     23.854     24.025    20.2609   5.016204    36.6095     0.0784 1.0000e-12     0.0546    98.6442      98.74    217.968     5.0071 2.4609e+03          1         36 0.0000e+00
   32.93963  -65.77372    20.2618   5.016222    36.6093     22.782     22.945    20.2603   5.016127    36.6099     0.0828 1.0000e-12     0.0536    98.6688      98.75    217.946     5.0066 2.4617e+03          1         43 0.0000e+00
   32.93964  -65.77372    20.2563   5.015594    36.6096     21.922     22.079    20.2575   5.015786    36.6101     0.0879 1.0000e-12     0.0531    98.6827      98.74    218.007     5.0080 2.4639e+03          1         71 0.0000e+00
   32.93964  -65.77372    20.2565   5.015528    36.6093     20.870     21.020    20.2607   5.016040    36.6098     0.0585 1.0000e-12     0.0545    98.6455      98.74    218.224     5.0130 2.4623e+03          1         30 0.0000e+00
   32.93964  -65.77372    20.2632   5.016235    36.6096     19.832     19.973    20.2638   5.016343    36.6099     0.0649 1.0000e-12     0.0531    98.6831      98.74    218.007     5.0080 2.4613e+03          1         29 0.0000e+00
   32.93964  -65.77372    20.2661   5.016530    36.6099     18.816     18.951    20.2651   5.016502    36.6106     0.0683 1.0000e-12     0.0537    98.6675      98.74    218.196     5.0123 2.4622e+03          1         77 0.0000e+00
   32.93964  -65.77372    20.2665   5.016506    36.6098     17.908     18.036    20.2657   5.016494    36.6104     0.0804 1.0000e-12     0.0531    98.6808      98.74    217.923     5.0061 2.4644e+03          1         44 0.0000e+00
   32.93964  -65.77372    20.2660   5.016416    36.6099     16.885     17.006    20.2655   5.016438    36.6105     0.0668 1.0000e-12     0.0526    98.6942      98.74    218.147     5.0112 2.4645e+03          1         33 0.0000e+00
   32.93965  -65.77372    20.2652   5.016293    36.6100     15.875     15.989    20.2656   5.016420    36.6107     0.0724 1.0000e-12     0.0528    98.6883      98.74    218.129     5.0108 2.4636e+03          1         98 0.0000e+00
   32.93966  -65.77372    20.2663   5.016382    36.6102     14.990     15.097    20.2684   5.016679    36.6108     0.0724 1.0000e-12     0.0525    98.6967      90.52    218.178     5.0119 2.4638e+03          1        133 0.0000e+00
   32.93966  -65.77372    20.2691   5.016632    36.6102     13.893     13.992    20.2707   5.016855    36.6106     0.0805 1.0000e-12     0.0536    98.6689      98.75    217.834     5.0040 2.4609e+03          1         37 0.0000e+00
   32.93966  -65.77371    20.2694   5.016635    36.6103     13.127     13.221    20.2721   5.017007    36.6109     0.0723 1.0000e-12     0.0539    98.6612      98.75    218.433     5.0178 2.4602e+03          1        125 0.0000e+00
   32.93971  -65.77369    20.2681   5.016468    36.6104     12.162     12.248    20.2710   5.016845    36.6110     0.0845 1.0000e-12     0.0537    98.6658      98.75    218.271     5.0141 2.4624e+03          1        316 0.0000e+00
   32.93974  -65.77368    20.2674   5.016321    36.6104     10.858     10.935    20.2688   5.016531    36.6109     0.0937 1.0000e-12     0.0551    98.6321      86.26    218.051     5.0090 2.4674e+03          1         76 0.0000e+00
   32.93974  -65.77368    20.2696   5.016531    36.6104      9.952     10.023    20.2714   5.016769    36.6109     0.0688 1.0000e-12     0.0527    98.6917      58.14    218.058     5.0092 2.4682e+03          1        102 0.0000e+00
   32.93974  -65.77368    20.2748   5.017037    36.6104      8.951      9.015    20.2760   5.017171    36.6104     0.0857 1.0000e-12     0.0519    98.7109      26.53    218.386     5.0167 2.4680e+03          1         93 0.0000e+00
   32.93976  -65.77368    20.2766   5.017192    36.6105      8.069      8.127    20.2766   5.017247    36.6109     0.0708 1.0000e-12     0.0533    98.6781      72.70    218.238     5.0133 2.4704e+03          1        109 0.0000e+00
   32.93976  -65.77368    20.2767   5.017153    36.6105      6.884      6.932    20.2775   5.017301    36.6110     0.0941 1.0000e-12     0.0545    98.6475      98.76    218.680     5.0235 2.4677e+03          1         64 0.0000e+00
   32.93976  -65.77368    20.2763   5.017080    36.6106      6.140      6.184    20.2780   5.017325    36.6111     0.0845 1.0000e-12     0.0542    98.6547      55.59    217.992     5.0076 2.4717e+03          1         68 0.0000e+00
   32.93976  -65.77368    20.2693   5.016266    36.6106      4.823      4.857    20.2724   5.016663    36.6112     0.0818 1.0000e-12     0.0536    98.6699      17.31    218.213     5.0127 2.4727e+03          1        151 0.0000e+00
   32.93977  -65.77368    20.2673   5.015991    36.6103      3.975      4.003    20.2728   5.016644    36.6109     0.0902 1.0000e-12     0.0545    98.6471      52.18    218.284     5.0144 2.4742e+03          1         47 0.0000e+00
   32.93978  -65.77367    20.2628   5.015462    36.6104      2.880      2.900    20.2656   5.015834    36.6110     0.0835 1.0000e-12     0.0541    98.6582      98.76    218.327     5.0154 2.4730e+03          1        193 0.0000e+00
   32.93979  -65.77367    20.2626   5.015430    36.6104      2.328      2.344    20.2643   5.015650    36.6108     0.0925 1.0000e-12     0.0542    98.6545      98.76    218.598     5.0216 2.4704e+03          1         94 0.0000e+00
