Data/ruptures/KN207-01/QL-2/20701072.cnv
* Sea-Bird SBE 9 Data File:
* FileName = C:\Data\ctd\20701072.hex
* Software Version Seasave V 7.21e
* Temperature SN = 4406
* Conductivity SN = 1474
* Number of Bytes Per Scan = 40
* Number of Voltage Words = 5
* Number of Scans Averaged by the Deck Unit = 1
* NMEA Latitude = 32 59.77 N
* NMEA Longitude = 065 44.47 W
* NMEA UTC (Time) = May 01 2012 23:55:11
** R/V Knorr Cruise # KN207-01 QL 2
** Chief Scientist: Ben Van Mooy
# nquan = 21
# nvalues = 397                         
# units = specified
# name 0 = latitude: Latitude [deg]
# name 1 = longitude: Longitude [deg]
# name 2 = t090C: Temperature [ITS-90, deg C]
# name 3 = c0S/m: Conductivity [S/m]
# name 4 = sal00: Salinity, Practical [PSU]
# name 5 = depSM: Depth [salt water, m]
# name 6 = prDM: Pressure, Digiquartz [db]
# name 7 = t190C: Temperature, 2 [ITS-90, deg C]
# name 8 = c1S/m: Conductivity, 2 [S/m]
# name 9 = sal11: Salinity, Practical, 2 [PSU]
# name 10 = flECO-AFL: Fluorescence, WET Labs ECO-AFL/FL [mg/m^3]
# name 11 = par: PAR/Irradiance, Biospherical/Licor
# name 12 = bat: Beam Attenuation, Chelsea/Seatech [1/m]
# name 13 = xmiss: Beam Transmission, Chelsea/Seatech [%]
# name 14 = altM: Altimeter [m]
# name 15 = sbeox0Mm/Kg: Oxygen, SBE 43 [umol/kg]
# name 16 = sbeox0ML/L: Oxygen, SBE 43 [ml/l]
# name 17 = spar: SPAR/Surface Irradiance
# name 18 = pumps: Pump Status
# name 19 = nbin: number of scans per bin
# name 20 = flag: flag
# span 0 =   32.99620,   32.99710       
# span 1 =  -65.74126,  -65.74120       
# span 2 =    19.3349,    20.4856       
# span 3 =   4.924077,   5.040071       
# span 4 =    36.5899,    36.6166       
# span 5 =      3.031,    199.460       
# span 6 =      3.053,    200.974       
# span 7 =    19.3344,    20.4841       
# span 8 =   4.924162,   5.039898       
# span 9 =    36.5846,    36.6175       
# span 10 =     0.0355,     0.6848      
# span 11 = 1.0000e-12, 1.0000e-12      
# span 12 =    -0.0060,     0.0807      
# span 13 =    98.0024,   100.1510      
# span 14 =      16.44,      98.79      
# span 15 =    211.471,    223.834      
# span 16 =     4.8590,     5.1428      
# span 17 = 1.3885e+01, 1.5615e+01      
# span 18 =          1,          1      
# span 19 =         13,        421      
# span 20 = 0.0000e+00, 0.0000e+00      
# interval = decibars: 1                
# start_time = May 01 2012 23:55:11 [NMEA time, header]
# bad_flag = -9.990e-29
*END*
[from data line 345]
   32.99690  -65.74126    19.5993   4.945704    36.5908     53.594     53.982    19.5879   4.944436    36.5904     0.2567 1.0000e-12     0.0745    98.1551      98.68    222.427     5.1103 1.4839e+01          1         23 0.0000e+00
   32.99690  -65.74126    19.6250   4.948532    36.5920     52.613     52.994    19.6089   4.946873    36.5925     0.2519 1.0000e-12     0.0744    98.1567      98.67    222.760     5.1180 1.4895e+01          1         31 0.0000e+00
   32.99691  -65.74125    19.6241   4.948285    36.5916     51.663     52.037    19.6266   4.948530    36.5912     0.2507 1.0000e-12     0.0763    98.1107      35.41    223.305     5.1305 1.5367e+01          1         27 0.0000e+00
   32.99692  -65.74124    19.6540   4.951573    36.5928     50.660     51.027    19.6325   4.949126    36.5916     0.2483 1.0000e-12     0.0749    98.1450      98.76    223.291     5.1302 1.5429e+01          1         24 0.0000e+00
   32.99692  -65.74124    19.6840   4.954857    36.5938     49.653     50.012    19.6660   4.952501    36.5903     0.2300 1.0000e-12     0.0780    98.0690      98.68    222.969     5.1227 1.5429e+01          1         24 0.0000e+00
   32.99692  -65.74124    19.7247   4.959214    36.5943     48.649     49.000    19.7158   4.957936    36.5914     0.2303 1.0000e-12     0.0790    98.0443      98.68    223.209     5.1282 1.5437e+01          1         25 0.0000e+00
   32.99692  -65.74124    19.7955   4.966632    36.5931     47.669     48.013    19.7528   4.961970    36.5925     0.2449 1.0000e-12     0.0788    98.0492      98.67    222.938     5.1218 1.5615e+01          1         22 0.0000e+00
   32.99692  -65.74124    19.8796   4.975743    36.5940     46.694     47.030    19.8254   4.968767    36.5846     0.2237 1.0000e-12     0.0795    98.0319      98.68    222.614     5.1143 1.5169e+01          1         20 0.0000e+00
   32.99692  -65.74124    19.9212   4.980297    36.5955     45.688     46.018    19.8852   4.975870    36.5907     0.1994 1.0000e-12     0.0751    98.1383      98.68    222.844     5.1195 1.5028e+01          1         19 0.0000e+00
   32.99692  -65.74124    19.9639   4.984855    36.5960     44.677     44.999    19.9598   4.983438    36.5875     0.2256 1.0000e-12     0.0764    98.1088      98.68    222.646     5.1149 1.5108e+01          1         22 0.0000e+00
   32.99692  -65.74124    20.0368   4.992239    36.5931     43.670     43.985    20.0061   4.988709    36.5909     0.2000 1.0000e-12     0.0761    98.1140      98.68    221.762     5.0945 1.5000e+01          1         29 0.0000e+00
   32.99692  -65.74124    20.0594   4.994552    36.5936     42.693     43.001    20.0369   4.992312    36.5947     0.2058 1.0000e-12     0.0762    98.1133      98.68    220.583     5.0674 1.4828e+01          1         34 0.0000e+00
   32.99694  -65.74124    20.0775   4.996672    36.5964     41.686     41.986    20.0576   4.994282    36.5940     0.1900 1.0000e-12     0.0752    98.1371      92.78    220.576     5.0672 1.5100e+01          1         26 0.0000e+00
   32.99694  -65.74124    20.1002   4.999196    36.5981     40.729     41.022    20.0691   4.995476    36.5947     0.1695 1.0000e-12     0.0728    98.1952      98.67    220.773     5.0717 1.5057e+01          1         20 0.0000e+00
   32.99694  -65.74124    20.1347   5.002831    36.5982     39.738     40.024    20.1085   4.999913    36.5970     0.1713 1.0000e-12     0.0696    98.2760      87.15    220.054     5.0552 1.5509e+01          1         21 0.0000e+00
   32.99694  -65.74124    20.1667   5.006393    36.6000     38.703     38.981    20.1628   5.005351    36.5943     0.1830 1.0000e-12     0.0664    98.3546      98.79    219.901     5.0516 1.5057e+01          1         20 0.0000e+00
   32.99694  -65.74124    20.2015   5.010039    36.5999     37.708     37.979    20.1845   5.008074    36.5985     0.1768 1.0000e-12     0.0657    98.3708      86.28    219.832     5.0500 1.5324e+01          1         23 0.0000e+00
   32.99694  -65.74124    20.2118   5.011085    36.6005     36.726     36.990    20.2080   5.010587    36.5994     0.1446 1.0000e-12     0.0653    98.3821      59.44    219.814     5.0496 1.5037e+01          1         27 0.0000e+00
   32.99694  -65.74124    20.2197   5.012134    36.6033     35.741     35.998    20.2208   5.012211    36.6025     0.1213 1.0000e-12     0.0639    98.4149      57.44    219.097     5.0331 1.5243e+01          1         24 0.0000e+00
   32.99694  -65.74124    20.2394   5.014250    36.6041     34.752     35.002    20.2168   5.011863    36.6043     0.1161 1.0000e-12     0.0622    98.4570      77.22    218.998     5.0308 1.5007e+01          1         22 0.0000e+00
   32.99694  -65.74124    20.2495   5.015426    36.6057     33.786     34.028    20.2352   5.013397    36.6013     0.1162 1.0000e-12     0.0610    98.4865      98.68    219.022     5.0313 1.5403e+01          1         21 0.0000e+00
   32.99694  -65.74124    20.2549   5.015978    36.6063     32.747     32.982    20.2495   5.015277    36.6051     0.1140 1.0000e-12     0.0607    98.4950      98.77    218.953     5.0298 1.5014e+01          1         26 0.0000e+00
   32.99694  -65.74124    20.2566   5.016064    36.6064     31.748     31.976    20.2532   5.015723    36.6064     0.1312 1.0000e-12     0.0595    98.5227      96.69    218.477     5.0188 1.5358e+01          1         26 0.0000e+00
   32.99694  -65.74124    20.2595   5.016291    36.6066     30.779     30.999    20.2575   5.016082    36.6064     0.1110 1.0000e-12     0.0608    98.4916      97.72    218.580     5.0212 1.5037e+01          1         27 0.0000e+00
   32.99694  -65.74124    20.2598   5.016291    36.6071     29.816     30.029    20.2566   5.016047    36.6077     0.1168 1.0000e-12     0.0626    98.4476      76.22    219.328     5.0384 1.5100e+01          1         26 0.0000e+00
   32.99694  -65.74124    20.2633   5.016618    36.6074     28.830     29.037    20.2568   5.015962    36.6076     0.1284 1.0000e-12     0.0629    98.4396      75.17    219.248     5.0365 1.5336e+01          1         24 0.0000e+00
   32.99694  -65.74124    20.2676   5.017078    36.6080     27.821     28.021    20.2622   5.016477    36.6077     0.1343 1.0000e-12     0.0613    98.4792      63.68    219.376     5.0395 1.5392e+01          1         20 0.0000e+00
   32.99696  -65.74124    20.2696   5.017236    36.6081     26.813     27.005    20.2664   5.016936    36.6083     0.1165 1.0000e-12     0.0606    98.4976      72.60    219.258     5.0367 1.4978e+01          1         21 0.0000e+00
   32.99696  -65.74124    20.2706   5.017274    36.6081     25.817     26.002    20.2684   5.017066    36.6082     0.1176 1.0000e-12     0.0603    98.5049      98.69    219.322     5.0382 1.5380e+01          1         19 0.0000e+00
   32.99696  -65.74124    20.2712   5.017290    36.6083     24.814     24.992    20.2700   5.017221    36.6086     0.0946 1.0000e-12     0.0610    98.4870      98.68    219.199     5.0354 1.5227e+01          1         23 0.0000e+00
   32.99696  -65.74124    20.2719   5.017318    36.6085     23.823     23.994    20.2722   5.017383    36.6086     0.0956 1.0000e-12     0.0615    98.4737      98.68    218.951     5.0297 1.5057e+01          1         28 0.0000e+00
   32.99696  -65.74124    20.2741   5.017497    36.6086     22.857     23.021    20.2727   5.017450    36.6093     0.1113 1.0000e-12     0.0628    98.4418      98.68    218.775     5.0256 1.5041e+01          1         35 0.0000e+00
   32.99696  -65.74124    20.2794   5.017981    36.6084     21.873     22.030    20.2745   5.017558    36.6092     0.1133 1.0000e-12     0.0608    98.4929      98.68    219.172     5.0348 1.4889e+01          1         43 0.0000e+00
   32.99696  -65.74124    20.2827   5.018323    36.6089     20.833     20.982    20.2773   5.017819    36.6095     0.1278 1.0000e-12     0.0611    98.4826      98.68    218.954     5.0297 1.5094e+01          1         30 0.0000e+00
   32.99696  -65.74124    20.2848   5.018502    36.6090     19.868     20.010    20.2795   5.017970    36.6092     0.1289 1.0000e-12     0.0590    98.5365      98.68    218.767     5.0254 1.5358e+01          1         26 0.0000e+00
   32.99697  -65.74124    20.2899   5.019032    36.6093     18.846     18.980    20.2877   5.018836    36.6096     0.1103 1.0000e-12     0.0596    98.5203      98.68    218.982     5.0304 1.5347e+01          1         50 0.0000e+00
   32.99698  -65.74124    20.2929   5.019300    36.6094     17.912     18.040    20.2908   5.019135    36.6098     0.1028 1.0000e-12     0.0605    98.4987      98.68    219.350     5.0388 1.5408e+01          1         54 0.0000e+00
   32.99698  -65.74124    20.2944   5.019348    36.6090     16.927     17.047    20.2929   5.019107    36.6083     0.1074 1.0000e-12     0.0608    98.4910      98.69    219.085     5.0327 1.5347e+01          1         50 0.0000e+00
   32.99699  -65.74124    20.2898   5.018902    36.6101     15.742     15.855    20.2883   5.018816    36.6107     0.1133 1.0000e-12     0.0604    98.5010      87.34    219.091     5.0329 1.5284e+01          1        384 0.0000e+00
   32.99700  -65.74124    20.2931   5.019191    36.6101     14.747     14.852    20.2907   5.019062    36.6112     0.1176 1.0000e-12     0.0601    98.5096      98.64    219.346     5.0387 1.5187e+01          1        125 0.0000e+00
   32.99702  -65.74122    20.2881   5.018669    36.6105     14.002     14.102    20.2887   5.018828    36.6113     0.1188 1.0000e-12     0.0612    98.4814      85.50    219.117     5.0335 1.5382e+01          1        115 0.0000e+00
   32.99705  -65.74122    20.2935   5.019180    36.6103     12.949     13.042    20.2894   5.018848    36.6112     0.1042 1.0000e-12     0.0599    98.5135      94.91    219.128     5.0337 1.5318e+01          1         60 0.0000e+00
   32.99706  -65.74122    20.2930   5.019092    36.6104     11.947     12.032    20.2881   5.018656    36.6112     0.1187 1.0000e-12     0.0585    98.5486      98.69    219.283     5.0373 1.5095e+01          1         73 0.0000e+00
   32.99706  -65.74122    20.3003   5.019842    36.6105     10.905     10.983    20.2897   5.018777    36.6111     0.1126 1.0000e-12     0.0612    98.4803      98.70    218.946     5.0295 1.5033e+01          1         46 0.0000e+00
   32.99706  -65.74122    20.3137   5.021291    36.6108      9.933     10.004    20.2980   5.019566    36.6106     0.1174 1.0000e-12     0.0590    98.5365      98.70    218.765     5.0254 1.5184e+01          1         57 0.0000e+00
   32.99708  -65.74122    20.3588   5.026095    36.6106      8.979      9.043    20.3599   5.026100    36.6095     0.1198 1.0000e-12     0.0567    98.5927      98.70    219.303     5.0377 1.4964e+01          1         48 0.0000e+00
   32.99708  -65.74122    20.4035   5.030956    36.6115      7.911      7.967    20.3649   5.026748    36.6113     0.1285 1.0000e-12     0.0546    98.6429      98.70    218.723     5.0243 1.5018e+01          1         71 0.0000e+00
   32.99708  -65.74122    20.4526   5.036164    36.6114      7.013      7.063    20.3978   5.030241    36.6113     0.1254 1.0000e-12     0.0518    98.7130      98.70    219.223     5.0357 1.5349e+01          1         42 0.0000e+00
   32.99708  -65.74122    20.4712   5.038511    36.6149      5.963      6.005    20.4590   5.036775    36.6110     0.0935 1.0000e-12     0.0519    98.7114      98.70    218.735     5.0245 1.5127e+01          1         32 0.0000e+00
   32.99708  -65.74121    20.4856   5.040071    36.6161      5.148      5.184    20.4821   5.039784    36.6165     0.1032 1.0000e-12     0.0527    98.6919      98.70    218.772     5.0253 1.5271e+01          1        136 0.0000e+00
   32.99709  -65.74120    20.4854   5.039938    36.6165      3.809      3.836    20.4841   5.039898    36.6172     0.1141 1.0000e-12     0.0531    98.6824      98.70    218.975     5.0300 1.5178e+01          1        102 0.0000e+00
   32.99710  -65.74120    20.4758   5.038819    36.6166      3.031      3.053    20.4769   5.039044    36.6175     0.1147 1.0000e-12     0.0514    98.7231      98.70    218.701     5.0237 1.5167e+01          1        274 0.0000e+00
