Data/ruptures/KN207-01/QL-2/20701075.cnv
* Sea-Bird SBE 9 Data File:
* FileName = C:\Data\ctd\20701075.hex
* Software Version Seasave V 7.21e
* Temperature SN = 4406
* Conductivity SN = 1474
* Number of Bytes Per Scan = 40
* Number of Voltage Words = 5
* Number of Scans Averaged by the Deck Unit = 1
* NMEA Latitude = 33 04.75 N
* NMEA Longitude = 065 41.64 W
* NMEA UTC (Time) = May 02 2012 13:58:35
** R/V Knorr Cruise # KN207-01 QL 2
** Chief Scientist: Ben Van Mooy
# nquan = 21
# nvalues = 399                         
# units = specified
# name 0 = latitude: Latitude [deg]
# name 1 = longitude: Longitude [deg]
# name 2 = t090C: Temperature [ITS-90, deg C]
# name 3 = c0S/m: Conductivity [S/m]
# name 4 = sal00: Salinity, Practical [PSU]
# name 5 = depSM: Depth [salt water, m]
# name 6 = prDM: Pressure, Digiquartz [db]
# name 7 = t190C: Temperature, 2 [ITS-90, deg C]
# name 8 = c1S/m: Conductivity, 2 [S/m]
# name 9 = sal11: Salinity, Practical, 2 [PSU]
# name 10 = flECO-AFL: Fluorescence, WET Labs ECO-AFL/FL [mg/m^3]
# name 11 = par: PAR/Irradiance, Biospherical/Licor
# name 12 = bat: Beam Attenuation, Chelsea/Seatech [1/m]
# name 13 = xmiss: Beam Transmission, Chelsea/Seatech [%]
# name 14 = altM: Altimeter [m]
# name 15 = sbeox0Mm/Kg: Oxygen, SBE 43 [umol/kg]
# name 16 = sbeox0ML/L: Oxygen, SBE 43 [ml/l]
# name 17 = spar: SPAR/Surface Irradiance
# name 18 = pumps: Pump Status
# name 19 = nbin: number of scans per bin
# name 20 = flag: flag
# span 0 =   33.07920,   33.08013       
# span 1 =  -65.69406,  -65.69356       
# span 2 =    18.0159,    20.3706       
# span 3 =   4.776892,   5.027931       
# span 4 =    36.5136,    36.6183       
# span 5 =      3.058,    200.185       
# span 6 =      3.080,    201.707       
# span 7 =    18.0295,    20.3724       
# span 8 =   4.778350,   5.028182       
# span 9 =    36.5117,    36.6192       
# span 10 =     0.0061,     0.9177      
# span 11 = 1.0000e-12, 1.0000e-12      
# span 12 =    -0.0123,     0.0713      
# span 13 =    98.2327,   100.3084      
# span 14 =       1.03,      98.90      
# span 15 =    185.959,    222.940      
# span 16 =     4.2737,     5.1222      
# span 17 = 1.2581e+03, 2.9421e+03      
# span 18 =          1,          1      
# span 19 =         16,        873      
# span 20 = 0.0000e+00, 0.0000e+00      
# interval = decibars: 1                
# start_time = May 02 2012 13:58:35 [NMEA time, header]
# bad_flag = -9.990e-29
*END*
[from data line 276]
   33.07976  -65.69376    19.3821   4.925986    36.5930    124.069    124.989    19.3821   4.926078    36.5938     0.2567 1.0000e-12     0.0063    99.8432      98.73    212.201     4.8757 2.8602e+03          1         32 0.0000e+00
   33.07976  -65.69376    19.3821   4.925946    36.5931    123.118    124.030    19.3820   4.926027    36.5939     0.2204 1.0000e-12     0.0058    99.8544      98.73    213.014     4.8944 2.8607e+03          1         30 0.0000e+00
   33.07976  -65.69376    19.3821   4.925889    36.5930    122.109    123.013    19.3821   4.925986    36.5938     0.2419 1.0000e-12     0.0059    99.8534      98.74    212.945     4.8928 2.8612e+03          1         24 0.0000e+00
   33.07976  -65.69376    19.3821   4.925851    36.5931    121.093    121.990    19.3821   4.925938    36.5938     0.2516 1.0000e-12     0.0059    99.8526      98.73    212.695     4.8871 2.8616e+03          1         21 0.0000e+00
   33.07976  -65.69376    19.3821   4.925811    36.5931    120.108    120.998    19.3822   4.925909    36.5939     0.2414 1.0000e-12     0.0048    99.8795      98.73    212.909     4.8920 2.8621e+03          1         21 0.0000e+00
   33.07976  -65.69376    19.3822   4.925781    36.5932    119.134    120.015    19.3822   4.925878    36.5939     0.2297 1.0000e-12     0.0058    99.8534      98.72    212.839     4.8904 2.8629e+03          1         24 0.0000e+00
   33.07976  -65.69376    19.3822   4.925734    36.5932    118.111    118.984    19.3822   4.925827    36.5939     0.2620 1.0000e-12     0.0066    99.8344      98.74    212.528     4.8832 2.8636e+03          1         25 0.0000e+00
   33.07976  -65.69376    19.3822   4.925677    36.5931    117.108    117.974    19.3820   4.925775    36.5940     0.2874 1.0000e-12     0.0105    99.7378      98.73    213.225     4.8992 2.8643e+03          1         25 0.0000e+00
   33.07976  -65.69376    19.3821   4.925631    36.5931    116.136    116.994    19.3821   4.925726    36.5939     0.2917 1.0000e-12     0.0097    99.7585      98.73    212.940     4.8927 2.8660e+03          1         30 0.0000e+00
   33.07978  -65.69374    19.3821   4.925587    36.5932    115.162    116.013    19.3822   4.925687    36.5939     0.2956 1.0000e-12     0.0078    99.8053      98.73    212.409     4.8805 2.8660e+03          1         29 0.0000e+00
   33.07978  -65.69374    19.3820   4.925526    36.5931    114.150    114.993    19.3820   4.925625    36.5939     0.2841 1.0000e-12     0.0090    99.7752      98.73    213.104     4.8965 2.8638e+03          1         24 0.0000e+00
   33.07978  -65.69374    19.3818   4.925458    36.5931    113.145    113.980    19.3818   4.925552    36.5939     0.2648 1.0000e-12     0.0089    99.7780      98.73    213.267     4.9002 2.8622e+03          1         21 0.0000e+00
   33.07978  -65.69374    19.3817   4.925406    36.5931    112.185    113.013    19.3818   4.925489    36.5937     0.2944 1.0000e-12     0.0087    99.7827      98.74    213.119     4.8968 2.8607e+03          1         24 0.0000e+00
   33.07978  -65.69374    19.3819   4.925380    36.5931    111.184    112.005    19.3821   4.925475    36.5937     0.3341 1.0000e-12     0.0097    99.7565      98.73    212.635     4.8857 2.8609e+03          1         32 0.0000e+00
   33.07978  -65.69374    19.3821   4.925350    36.5930    110.206    111.019    19.3823   4.925459    36.5938     0.3332 1.0000e-12     0.0116    99.7104      98.74    212.777     4.8889 2.8605e+03          1         29 0.0000e+00
   33.07978  -65.69374    19.3824   4.925348    36.5931    109.190    109.996    19.3825   4.925438    36.5938     0.3763 1.0000e-12     0.0109    99.7285      50.65    212.626     4.8855 2.8587e+03          1         25 0.0000e+00
   33.07978  -65.69374    19.3828   4.925356    36.5932    108.198    108.996    19.3828   4.925436    36.5939     0.3530 1.0000e-12     0.0135    99.6628      77.45    212.252     4.8769 2.8573e+03          1         24 0.0000e+00
   33.07978  -65.69374    19.3829   4.925298    36.5930    107.215    108.006    19.3829   4.925400    36.5939     0.3910 1.0000e-12     0.0137    99.6599      98.73    212.793     4.8893 2.8563e+03          1         28 0.0000e+00
   33.07978  -65.69374    19.3830   4.925278    36.5932    106.199    106.981    19.3831   4.925380    36.5939     0.4385 1.0000e-12     0.0154    99.6165      98.73    213.094     4.8962 2.8553e+03          1         29 0.0000e+00
   33.07978  -65.69374    19.3830   4.925252    36.5933    105.215    105.990    19.3831   4.925324    36.5938     0.4498 1.0000e-12     0.0188    99.5321      98.74    212.828     4.8901 2.8552e+03          1         25 0.0000e+00
   33.07978  -65.69374    19.3831   4.925203    36.5931    104.242    105.009    19.3831   4.925281    36.5939     0.4498 1.0000e-12     0.0156    99.6114      98.74    213.162     4.8978 2.8554e+03          1         24 0.0000e+00
   33.07978  -65.69374    19.3832   4.925131    36.5929    103.251    104.011    19.3831   4.925230    36.5938     0.4542 1.0000e-12     0.0183    99.5437      98.73    213.368     4.9025 2.8567e+03          1         27 0.0000e+00
   33.07979  -65.69374    19.3832   4.925093    36.5929    102.253    103.005    19.3833   4.925181    36.5936     0.4052 1.0000e-12     0.0188    99.5314      98.73    213.607     4.9080 2.8573e+03          1         29 0.0000e+00
   33.07980  -65.69374    19.3831   4.925025    36.5929    101.206    101.950    19.3831   4.925106    36.5936     0.4563 1.0000e-12     0.0198    99.5074      98.73    213.162     4.8978 2.8579e+03          1         37 0.0000e+00
   33.07980  -65.69374    19.3828   4.924933    36.5927    100.247    100.985    19.3832   4.925037    36.5932     0.5484 1.0000e-12     0.0231    99.4237      98.73    213.297     4.9009 2.8581e+03          1         39 0.0000e+00
   33.07980  -65.69374    19.3839   4.925011    36.5928     99.258     99.988    19.3837   4.925082    36.5935     0.5793 1.0000e-12     0.0204    99.4914      98.74    213.616     4.9082 2.8563e+03          1         40 0.0000e+00
   33.07980  -65.69374    19.3842   4.925014    36.5929     98.294     99.016    19.3844   4.925117    36.5935     0.9177 1.0000e-12     0.0251    99.3734      98.74    213.546     4.9066 2.8577e+03          1         70 0.0000e+00
   33.07980  -65.69374    19.3856   4.925129    36.5929     97.294     98.008    19.3861   4.925255    36.5936     0.7133 1.0000e-12     0.0304    99.2427      98.74    213.719     4.9106 2.8585e+03          1         87 0.0000e+00
   33.07980  -65.69374    19.3864   4.925153    36.5929     96.212     96.918    19.3868   4.925241    36.5933     0.7666 1.0000e-12     0.0309    99.2312      98.74    213.828     4.9131 2.8527e+03          1        203 0.0000e+00
   33.07983  -65.69373    19.3868   4.925158    36.5928     95.559     96.261    19.3868   4.925242    36.5935     0.8166 1.0000e-12     0.0362    99.0983      98.74    213.938     4.9156 2.8465e+03          1        167 0.0000e+00
   33.07986  -65.69372    19.3871   4.925130    36.5928     94.286     94.978    19.3871   4.925203    36.5934     0.7753 1.0000e-12     0.0373    99.0729      45.10    214.132     4.9201 2.8059e+03          1         32 0.0000e+00
   33.07986  -65.69372    19.3873   4.924992    36.5919     93.256     93.940    19.3874   4.925194    36.5934     0.7455 1.0000e-12     0.0382    99.0494      98.90    214.207     4.9218 2.8134e+03          1         33 0.0000e+00
   33.07986  -65.69372    19.3872   4.925056    36.5928     92.314     92.991    19.3873   4.925146    36.5936     0.8096 1.0000e-12     0.0395    99.0181      98.75    214.448     4.9273 2.6346e+03          1         58 0.0000e+00
   33.07986  -65.69372    19.3872   4.925018    36.5928     91.442     92.112    19.3873   4.925102    36.5935     0.8239 1.0000e-12     0.0408    98.9853      96.77    213.868     4.9140 2.5399e+03          1         61 0.0000e+00
   33.07986  -65.69372    19.3872   4.924955    36.5928     90.364     91.026    19.3872   4.925028    36.5934     0.8418 1.0000e-12     0.0391    99.0260      50.48    213.916     4.9151 2.5873e+03          1         33 0.0000e+00
   33.07986  -65.69372    19.3872   4.924914    36.5929     89.252     89.906    19.3872   4.924996    36.5935     0.8364 1.0000e-12     0.0443    98.8981      67.59    214.433     4.9270 2.8090e+03          1         54 0.0000e+00
   33.07986  -65.69372    19.3873   4.924866    36.5927     88.481     89.129    19.3873   4.924956    36.5934     0.8928 1.0000e-12     0.0422    98.9509      98.24    214.210     4.9218 2.8568e+03          1         63 0.0000e+00
   33.07986  -65.69372    19.3877   4.924830    36.5924     87.365     88.005    19.3876   4.924905    36.5931     0.8633 1.0000e-12     0.0440    98.9076      98.75    213.883     4.9143 2.8616e+03          1         27 0.0000e+00
   33.07986  -65.69372    19.3882   4.924813    36.5922     86.346     86.978    19.3879   4.924878    36.5930     0.7912 1.0000e-12     0.0452    98.8757      98.75    214.659     4.9322 2.8504e+03          1         33 0.0000e+00
   33.07987  -65.69372    19.3884   4.924790    36.5922     85.370     85.994    19.3884   4.924874    36.5929     0.8469 1.0000e-12     0.0472    98.8269      98.75    214.730     4.9338 2.8392e+03          1         93 0.0000e+00
   33.07988  -65.69372    19.3890   4.924803    36.5922     84.408     85.026    19.3892   4.924901    36.5927     0.7965 1.0000e-12     0.0484    98.7981      98.75    214.960     4.9391 2.8300e+03          1         37 0.0000e+00
   33.07988  -65.69372    19.3906   4.924928    36.5922     83.369     83.979    19.3901   4.924954    36.5928     0.7684 1.0000e-12     0.0500    98.7585      98.75    214.667     4.9324 2.8302e+03          1         29 0.0000e+00
   33.07988  -65.69371    19.3921   4.925062    36.5923     82.337     82.939    19.3926   4.925189    36.5929     0.7934 1.0000e-12     0.0532    98.6798      98.74    215.174     4.9440 2.8276e+03          1         55 0.0000e+00
   33.07988  -65.69370    19.3939   4.925196    36.5922     81.464     82.059    19.3942   4.925307    36.5929     0.7623 1.0000e-12     0.0548    98.6393      98.75    215.502     4.9515 2.8269e+03          1         57 0.0000e+00
   33.07988  -65.69370    19.3955   4.925307    36.5921     80.415     81.002    19.3951   4.925353    36.5928     0.6817 1.0000e-12     0.0527    98.6910      98.75    215.827     4.9590 2.8271e+03          1         42 0.0000e+00
   33.07988  -65.69370    19.3961   4.925325    36.5921     79.396     79.976    19.3958   4.925363    36.5927     0.6615 1.0000e-12     0.0531    98.6808      98.75    216.515     4.9748 2.8241e+03          1         44 0.0000e+00
   33.07988  -65.69370    19.3962   4.925299    36.5922     78.392     78.964    19.3961   4.925363    36.5928     0.6692 1.0000e-12     0.0512    98.7289      98.75    216.308     4.9700 2.8214e+03          1         66 0.0000e+00
   33.07990  -65.69370    19.3964   4.925246    36.5920     77.511     78.076    19.3963   4.925322    36.5927     0.6416 1.0000e-12     0.0490    98.7813      98.75    216.022     4.9635 2.8105e+03          1         48 0.0000e+00
   33.07990  -65.69370    19.3974   4.925308    36.5920     76.442     76.999    19.3970   4.925337    36.5926     0.5603 1.0000e-12     0.0493    98.7762      98.76    216.500     4.9745 2.8169e+03          1         29 0.0000e+00
   33.07990  -65.69370    19.3995   4.925483    36.5920     75.416     75.966    19.3996   4.925548    36.5924     0.5537 1.0000e-12     0.0496    98.7681      98.75    216.203     4.9676 2.8205e+03          1         38 0.0000e+00
   33.07990  -65.69370    19.4007   4.925564    36.5920     74.432     74.975    19.4005   4.925619    36.5926     0.5179 1.0000e-12     0.0483    98.7990      98.75    216.670     4.9784 2.8312e+03          1         77 0.0000e+00
   33.07990  -65.69370    19.4014   4.925582    36.5919     73.491     74.027    19.4019   4.925693    36.5924     0.4682 1.0000e-12     0.0498    98.7634      98.75    217.017     4.9863 2.8451e+03          1         54 0.0000e+00
   33.07990  -65.69370    19.4032   4.925720    36.5918     72.476     73.004    19.4022   4.925687    36.5924     0.4444 1.0000e-12     0.0473    98.8247      98.76    216.852     4.9825 2.8380e+03          1         34 0.0000e+00
   33.07990  -65.69370    19.4061   4.925997    36.5919     71.466     71.987    19.4055   4.925999    36.5925     0.4893 1.0000e-12     0.0495    98.7706      98.75    217.233     4.9913 2.8307e+03          1         42 0.0000e+00
   33.07990  -65.69370    19.4090   4.926290    36.5921     70.494     71.008    19.4083   4.926276    36.5927     0.4528 1.0000e-12     0.0489    98.7856      98.76    217.258     4.9919 2.8421e+03          1         49 0.0000e+00
   33.07990  -65.69370    19.4115   4.926535    36.5924     69.447     69.952    19.4117   4.926620    36.5929     0.4408 1.0000e-12     0.0493    98.7746      98.76    217.415     4.9954 2.8438e+03          1         59 0.0000e+00
   33.07990  -65.69370    19.4150   4.926847    36.5922     68.542     69.041    19.4147   4.926878    36.5928     0.4177 1.0000e-12     0.0501    98.7549      98.75    217.680     5.0015 2.8492e+03          1         54 0.0000e+00
   33.07992  -65.69368    19.4174   4.927058    36.5922     67.507     67.998    19.4158   4.926964    36.5929     0.3969 1.0000e-12     0.0553    98.6272      98.76    218.031     5.0096 2.8477e+03          1         37 0.0000e+00
   33.07992  -65.69368    19.4194   4.927212    36.5922     66.481     66.965    19.4194   4.927250    36.5925     0.3866 1.0000e-12     0.0533    98.6765      98.75    217.993     5.0087 2.8463e+03          1         52 0.0000e+00
   33.07992  -65.69368    19.4226   4.927510    36.5922     65.567     66.044    19.4236   4.927658    36.5925     0.3840 1.0000e-12     0.0531    98.6822      98.76    218.233     5.0142 2.8438e+03          1         48 0.0000e+00
   33.07992  -65.69368    19.4296   4.928197    36.5921     64.544     65.013    19.4276   4.928036    36.5926     0.3332 1.0000e-12     0.0521    98.7059      98.75    218.106     5.0113 2.8405e+03          1         38 0.0000e+00
   33.07992  -65.69368    19.4350   4.928759    36.5924     63.490     63.951    19.4353   4.928795    36.5924     0.3373 1.0000e-12     0.0530    98.6833      88.08    219.086     5.0338 2.8390e+03          1         48 0.0000e+00
   33.07992  -65.69368    19.4404   4.929204    36.5916     62.623     63.077    19.4400   4.929243    36.5923     0.3149 1.0000e-12     0.0527    98.6900      98.76    219.717     5.0483 2.8413e+03          1         75 0.0000e+00
   33.07992  -65.69368    19.4439   4.929490    36.5914     61.600     62.047    19.4421   4.929353    36.5919     0.2926 1.0000e-12     0.0535    98.6709      98.77    219.787     5.0499 2.8396e+03          1         35 0.0000e+00
   33.07992  -65.69368    19.4508   4.930131    36.5910     60.562     61.002    19.4477   4.929852    36.5914     0.2837 1.0000e-12     0.0524    98.6987      98.77    219.873     5.0519 2.8368e+03          1         28 0.0000e+00
   33.07992  -65.69368    19.4549   4.930535    36.5912     59.447     59.879    19.4552   4.930600    36.5915     0.2941 1.0000e-12     0.0563    98.6029      98.76    220.285     5.0613 2.8376e+03          1         48 0.0000e+00
   33.07993  -65.69368    19.4560   4.930616    36.5913     58.775     59.201    19.4556   4.930631    36.5918     0.2751 1.0000e-12     0.0562    98.6052      98.76    220.944     5.0765 2.8394e+03          1         81 0.0000e+00
   33.07994  -65.69368    19.4631   4.931282    36.5910     57.579     57.997    19.4624   4.931251    36.5914     0.2575 1.0000e-12     0.0544    98.6489      98.75    220.879     5.0750 2.8418e+03          1         30 0.0000e+00
