Data/ruptures/KN207-01/QL-2/20701065.cnv
* Sea-Bird SBE 9 Data File:
* FileName = C:\Data\ctd\20701065.hex
* Software Version Seasave V 7.21e
* Temperature SN = 4406
* Conductivity SN = 1474
* Number of Bytes Per Scan = 40
* Number of Voltage Words = 5
* Number of Scans Averaged by the Deck Unit = 1
* NMEA Latitude = 32 55.46 N
* NMEA Longitude = 065 47.13 W
* NMEA UTC (Time) = May 01 2012 10:07:41
** R/V Knorr Cruise # KN207-01 QL 2
** Chief Scientist: Ben Van Mooy
# nquan = 21
# nvalues = 400                         
# units = specified
# name 0 = latitude: Latitude [deg]
# name 1 = longitude: Longitude [deg]
# name 2 = t090C: Temperature [ITS-90, deg C]
# name 3 = c0S/m: Conductivity [S/m]
# name 4 = sal00: Salinity, Practical [PSU]
# name 5 = depSM: Depth [salt water, m]
# name 6 = prDM: Pressure, Digiquartz [db]
# name 7 = t190C: Temperature, 2 [ITS-90, deg C]
# name 8 = c1S/m: Conductivity, 2 [S/m]
# name 9 = sal11: Salinity, Practical, 2 [PSU]
# name 10 = flECO-AFL: Fluorescence, WET Labs ECO-AFL/FL [mg/m^3]
# name 11 = par: PAR/Irradiance, Biospherical/Licor
# name 12 = bat: Beam Attenuation, Chelsea/Seatech [1/m]
# name 13 = xmiss: Beam Transmission, Chelsea/Seatech [%]
# name 14 = altM: Altimeter [m]
# name 15 = sbeox0Mm/Kg: Oxygen, SBE 43 [umol/kg]
# name 16 = sbeox0ML/L: Oxygen, SBE 43 [ml/l]
# name 17 = spar: SPAR/Surface Irradiance
# name 18 = pumps: Pump Status
# name 19 = nbin: number of scans per bin
# name 20 = flag: flag
# span 0 =   32.92434,   32.92648       
# span 1 =  -65.78558,  -65.78398       
# span 2 =    18.5006,    20.2533       
# span 3 =   4.831084,   5.015578       
# span 4 =    36.5463,    36.6106       
# span 5 =      2.458,    200.067       
# span 6 =      2.475,    201.584       
# span 7 =    18.5341,    20.2527       
# span 8 =   4.835036,   5.015715       
# span 9 =    36.5449,    36.6118       
# span 10 =     0.0244,     0.8577      
# span 11 = 1.0000e-12, 1.0000e-12      
# span 12 =    -0.0065,     0.0813      
# span 13 =    97.9917,   100.1638      
# span 14 =       1.03,      98.89      
# span 15 =    190.549,    221.776      
# span 16 =     4.3789,     5.0952      
# span 17 = 1.7176e+02, 1.0700e+03      
# span 18 =          1,          1      
# span 19 =          3,       1878      
# span 20 = 0.0000e+00, 0.0000e+00      
# interval = decibars: 1                
# start_time = May 01 2012 10:07:41 [NMEA time, header]
# bad_flag = -9.990e-29
*END*
[from data line 345]
   32.92578  -65.78436    19.4417   4.929149    36.5928     55.572     55.974    19.4393   4.928912    36.5930     0.3170 1.0000e-12     0.0532    98.6795      96.07    219.483     5.0429 3.8451e+02          1         24 0.0000e+00
   32.92578  -65.78436    19.4440   4.929333    36.5927     54.586     54.981    19.4435   4.929363    36.5934     0.3229 1.0000e-12     0.0574    98.5743      96.75    219.355     5.0400 3.9133e+02          1         30 0.0000e+00
   32.92580  -65.78434    19.4460   4.929509    36.5928     53.614     54.001    19.4461   4.929541    36.5930     0.3608 1.0000e-12     0.0571    98.5811      69.75    219.836     5.0510 3.9475e+02          1         30 0.0000e+00
   32.92580  -65.78434    19.4515   4.930018    36.5925     52.643     53.024    19.4524   4.930179    36.5930     0.3622 1.0000e-12     0.0569    98.5871      85.40    219.705     5.0480 3.9652e+02          1         25 0.0000e+00
   32.92580  -65.78434    19.4721   4.932193    36.5925     51.648     52.021    19.4644   4.931344    36.5923     0.2822 1.0000e-12     0.0588    98.5418      41.65    219.735     5.0487 3.9861e+02          1         23 0.0000e+00
   32.92580  -65.78434    19.5029   4.935474    36.5926     50.626     50.992    19.4907   4.933953    36.5908     0.2809 1.0000e-12     0.0608    98.4921      98.39    220.014     5.0551 4.0122e+02          1         22 0.0000e+00
   32.92580  -65.78434    19.5306   4.938313    36.5919     49.610     49.968    19.5174   4.936719    36.5904     0.2923 1.0000e-12     0.0620    98.4614      98.72    220.516     5.0666 4.0152e+02          1         26 0.0000e+00
   32.92580  -65.78434    19.5417   4.939621    36.5934     48.649     49.000    19.5376   4.938779    36.5900     0.2880 1.0000e-12     0.0600    98.5113      98.71    221.305     5.0847 3.9966e+02          1         24 0.0000e+00
   32.92580  -65.78434    19.5506   4.940446    36.5929     47.693     48.037    19.5524   4.940606    36.5925     0.2936 1.0000e-12     0.0590    98.5376      98.72    221.108     5.0801 3.9757e+02          1         22 0.0000e+00
   32.92580  -65.78434    19.5660   4.941958    36.5922     46.674     47.011    19.5654   4.941966    36.5927     0.2885 1.0000e-12     0.0598    98.5171      98.72    220.848     5.0741 3.9535e+02          1         21 0.0000e+00
   32.92580  -65.78434    19.5803   4.943597    36.5936     45.631     45.960    19.5775   4.943337    36.5939     0.2676 1.0000e-12     0.0583    98.5529      98.71    221.032     5.0784 3.9618e+02          1         23 0.0000e+00
   32.92581  -65.78433    19.5950   4.945025    36.5930     44.638     44.959    19.5939   4.944964    36.5933     0.2632 1.0000e-12     0.0602    98.5068      98.72    221.181     5.0818 3.9970e+02          1         27 0.0000e+00
   32.92582  -65.78432    19.6188   4.947497    36.5929     43.701     44.016    19.6132   4.947017    36.5938     0.2884 1.0000e-12     0.0622    98.4574      98.72    220.989     5.0773 4.0334e+02          1         33 0.0000e+00
   32.92582  -65.78432    19.6220   4.947778    36.5930     42.748     43.056    19.6191   4.947639    36.5944     0.2650 1.0000e-12     0.0632    98.4327      98.72    221.001     5.0776 4.0186e+02          1         26 0.0000e+00
   32.92582  -65.78432    19.6586   4.951944    36.5954     41.734     42.034    19.6707   4.952168    36.5862     0.2352 1.0000e-12     0.0636    98.4237      98.72    220.679     5.0701 3.9729e+02          1         19 0.0000e+00
   32.92582  -65.78432    19.7625   4.963165    36.5958     40.723     41.016    19.7637   4.962479    36.5890     0.2048 1.0000e-12     0.0637    98.4210      98.71    220.255     5.0603 3.9106e+02          1         19 0.0000e+00
   32.92582  -65.78432    19.8021   4.967290    36.5954     39.693     39.979    19.7959   4.966602    36.5952     0.2222 1.0000e-12     0.0648    98.3931      98.71    220.589     5.0679 3.8523e+02          1         20 0.0000e+00
   32.92582  -65.78432    19.8280   4.970099    36.5964     38.724     39.002    19.8178   4.968012    36.5882     0.2323 1.0000e-12     0.0653    98.3822      20.74    220.885     5.0747 3.8387e+02          1         22 0.0000e+00
   32.92582  -65.78432    19.8196   4.969110    36.5978     37.801     38.073    19.7959   4.966684    36.5987     0.2128 1.0000e-12     0.0638    98.4180      80.58    220.824     5.0733 3.8799e+02          1         94 0.0000e+00
   32.92584  -65.78432    19.8930   4.976440    36.5943     36.693     36.957    19.8373   4.970849    36.5976     0.2256 1.0000e-12     0.0640    98.4130      98.72    221.169     5.0811 3.6959e+02          1         54 0.0000e+00
   32.92584  -65.78431    19.9835   4.986067    36.5954     35.901     36.159    19.9728   4.985156    36.5970     0.2134 1.0000e-12     0.0813    97.9917      91.03    219.980     5.0537 3.6142e+02          1        166 0.0000e+00
   32.92595  -65.78423    20.0712   4.995476    36.6003     35.080     35.332    20.0733   4.995765    36.6007     0.1965 1.0000e-12     0.0623    98.4558      89.40    219.076     5.0328 4.3920e+02          1       1224 0.0000e+00
   32.92604  -65.78418    20.0585   4.994040    36.6000     33.666     33.908    20.0608   4.994361    36.6006     0.2067 1.0000e-12     0.0634    98.4274      98.74    219.619     5.0453 5.4674e+02          1         58 0.0000e+00
   32.92604  -65.78418    20.0584   4.994003    36.6002     32.720     32.955    20.0576   4.994006    36.6010     0.1829 1.0000e-12     0.0630    98.4362      98.74    219.270     5.0373 5.3894e+02          1         89 0.0000e+00
   32.92606  -65.78416    20.0767   4.995840    36.5993     31.828     32.056    20.0630   4.994454    36.6002     0.2015 1.0000e-12     0.0604    98.5027      98.74    219.394     5.0401 5.4167e+02          1         35 0.0000e+00
   32.92606  -65.78416    20.1344   5.002140    36.6003     30.729     30.949    20.1184   4.999872    36.5958     0.1842 1.0000e-12     0.0591    98.5337      98.74    219.129     5.0339 5.3177e+02          1         33 0.0000e+00
   32.92606  -65.78416    20.1531   5.004129    36.6008     29.745     29.958    20.1421   5.002906    36.6004     0.1549 1.0000e-12     0.0599    98.5146      98.74    218.450     5.0183 5.2234e+02          1         61 0.0000e+00
   32.92606  -65.78416    20.1499   5.003730    36.6012     28.792     28.998    20.1469   5.003522    36.6020     0.1592 1.0000e-12     0.0603    98.5045      98.74    218.527     5.0201 5.2635e+02          1         58 0.0000e+00
   32.92607  -65.78417    20.1556   5.004200    36.6006     27.857     28.057    20.1543   5.004095    36.6008     0.1736 1.0000e-12     0.0534    98.6734      98.74    218.631     5.0225 5.2320e+02          1         49 0.0000e+00
   32.92608  -65.78418    20.1781   5.006825    36.6027     26.824     27.017    20.1811   5.007147    36.6026     0.1563 1.0000e-12     0.0541    98.6563      98.74    219.012     5.0312 5.0980e+02          1         35 0.0000e+00
   32.92608  -65.78418    20.1997   5.009399    36.6054     25.697     25.881    20.1944   5.008743    36.6047     0.1422 1.0000e-12     0.0520    98.7092      78.82    218.367     5.0163 4.9360e+02          1         74 0.0000e+00
   32.92608  -65.78416    20.2096   5.010397    36.6056     24.906     25.084    20.2042   5.009816    36.6055     0.1356 1.0000e-12     0.0516    98.7192      98.29    218.071     5.0096 4.9416e+02          1         45 0.0000e+00
   32.92608  -65.78416    20.2179   5.011321    36.6064     23.836     24.006    20.2183   5.011246    36.6052     0.1152 1.0000e-12     0.0527    98.6922      98.74    218.320     5.0152 4.8158e+02          1         28 0.0000e+00
   32.92608  -65.78416    20.2381   5.013560    36.6073     22.742     22.904    20.2371   5.013459    36.6074     0.1229 1.0000e-12     0.0509    98.7369      98.75    217.664     5.0002 4.6691e+02          1         41 0.0000e+00
   32.92610  -65.78416    20.2359   5.013304    36.6079     22.078     22.236    20.2363   5.013451    36.6087     0.1252 1.0000e-12     0.0504    98.7472      98.74    217.849     5.0044 4.5628e+02          1         85 0.0000e+00
   32.92611  -65.78416    20.2396   5.013652    36.6082     20.829     20.977    20.2390   5.013635    36.6085     0.1301 1.0000e-12     0.0502    98.7524      98.75    218.458     5.0184 4.4495e+02          1         32 0.0000e+00
   32.92612  -65.78416    20.2440   5.014097    36.6085     19.743     19.884    20.2428   5.014007    36.6088     0.1163 1.0000e-12     0.0511    98.7304      98.75    217.121     4.9877 4.3679e+02          1         48 0.0000e+00
   32.92612  -65.78415    20.2454   5.014219    36.6087     19.143     19.280    20.2439   5.014150    36.6095     0.1262 1.0000e-12     0.0506    98.7435      84.76    217.907     5.0057 4.2408e+02          1        157 0.0000e+00
   32.92624  -65.78410    20.2415   5.013738    36.6089     18.162     18.292    20.2412   5.013791    36.6096     0.1274 1.0000e-12     0.0535    98.6714      93.05    217.848     5.0044 7.2998e+02          1        189 0.0000e+00
   32.92628  -65.78408    20.2413   5.013673    36.6091     16.853     16.973    20.2409   5.013714    36.6097     0.1253 1.0000e-12     0.0501    98.7543      98.76    218.165     5.0117 7.9579e+02          1        114 0.0000e+00
   32.92630  -65.78410    20.2422   5.013735    36.6091     15.955     16.069    20.2415   5.013739    36.6097     0.1258 1.0000e-12     0.0510    98.7316      98.76    217.424     4.9947 7.5305e+02          1         66 0.0000e+00
   32.92630  -65.78409    20.2441   5.013957    36.6096     14.895     15.001    20.2432   5.013907    36.6100     0.1266 1.0000e-12     0.0501    98.7542      98.76    218.006     5.0080 7.0994e+02          1        128 0.0000e+00
   32.92630  -65.78408    20.2438   5.013869    36.6096     13.903     14.002    20.2435   5.013908    36.6101     0.1147 1.0000e-12     0.0505    98.7458      98.76    217.819     5.0037 6.7009e+02          1         62 0.0000e+00
   32.92632  -65.78408    20.2437   5.013822    36.6096     13.003     13.096    20.2437   5.013890    36.6102     0.1257 1.0000e-12     0.0513    98.7270      98.76    217.863     5.0047 6.5457e+02          1        113 0.0000e+00
   32.92632  -65.78408    20.2437   5.013759    36.6095     11.838     11.923    20.2437   5.013844    36.6102     0.1228 1.0000e-12     0.0496    98.7675      98.76    217.825     5.0039 6.4132e+02          1        107 0.0000e+00
   32.92632  -65.78408    20.2436   5.013714    36.6096     10.733     10.810    20.2439   5.013814    36.6102     0.1162 1.0000e-12     0.0501    98.7550      98.76    217.886     5.0053 6.3914e+02          1        103 0.0000e+00
   32.92633  -65.78408    20.2430   5.013648    36.6100      9.926      9.996    20.2436   5.013752    36.6102     0.1298 1.0000e-12     0.0495    98.7689      74.72    217.727     5.0016 6.4234e+02          1         71 0.0000e+00
   32.92634  -65.78408    20.2421   5.013531    36.6102      8.963      9.027    20.2432   5.013724    36.6108     0.1193 1.0000e-12     0.0520    98.7081      98.76    217.925     5.0062 6.5379e+02          1        126 0.0000e+00
   32.92634  -65.78408    20.2436   5.013657    36.6103      7.913      7.970    20.2438   5.013753    36.6108     0.1148 1.0000e-12     0.0495    98.7712      98.77    218.034     5.0087 6.6886e+02          1         67 0.0000e+00
   32.92636  -65.78408    20.2429   5.013538    36.6101      7.155      7.205    20.2439   5.013748    36.6110     0.1246 1.0000e-12     0.0497    98.7653      98.76    217.850     5.0044 6.9788e+02          1         86 0.0000e+00
   32.92638  -65.78407    20.2435   5.013566    36.6103      5.970      6.013    20.2437   5.013657    36.6109     0.1221 1.0000e-12     0.0501    98.7547      26.57    217.831     5.0040 8.1449e+02          1        835 0.0000e+00
   32.92645  -65.78401    20.2380   5.012968    36.6105      4.949      4.984    20.2382   5.013050    36.6110     0.1191 1.0000e-12     0.0503    98.7492      98.18    217.901     5.0056 1.0363e+03          1        188 0.0000e+00
   32.92646  -65.78400    20.2373   5.012857    36.6106      3.985      4.014    20.2375   5.012928    36.6110     0.1114 1.0000e-12     0.0505    98.7438      71.06    218.051     5.0091 1.0629e+03          1         58 0.0000e+00
   32.92647  -65.78399    20.2370   5.012774    36.6106      3.011      3.032    20.2371   5.012852    36.6111     0.1234 1.0000e-12     0.0505    98.7447      94.72    217.906     5.0057 1.0692e+03          1        347 0.0000e+00
   32.92648  -65.78398    20.2381   5.012860    36.6105      2.458      2.475    20.2380   5.012917    36.6111     0.1150 1.0000e-12     0.0510    98.7334      98.77    217.751     5.0022 1.0700e+03          1          9 0.0000e+00
