Data/ruptures/KN207-01/QL-2/20701054.cnv
* Sea-Bird SBE 9 Data File:
* FileName = C:\Data\ctd\20701054.hex
* Software Version Seasave V 7.21e
* Temperature SN = 4406
* Conductivity SN = 1474
* Number of Bytes Per Scan = 40
* Number of Voltage Words = 5
* Number of Scans Averaged by the Deck Unit = 1
* NMEA Latitude = 32 58.60 N
* NMEA Longitude = 065 59.68 W
* NMEA UTC (Time) = Apr 29 2012 19:36:00
** R/V Knorr Cruise # KN207-01 QL2
** Chief Scientist: Ben Van Mooy
# nquan = 21
# nvalues = 9982                        
# units = specified
# name 0 = latitude: Latitude [deg]
# name 1 = longitude: Longitude [deg]
# name 2 = t090C: Temperature [ITS-90, deg C]
# name 3 = c0S/m: Conductivity [S/m]
# name 4 = sal00: Salinity, Practical [PSU]
# name 5 = depSM: Depth [salt water, m]
# name 6 = prDM: Pressure, Digiquartz [db]
# name 7 = t190C: Temperature, 2 [ITS-90, deg C]
# name 8 = c1S/m: Conductivity, 2 [S/m]
# name 9 = sal11: Salinity, Practical, 2 [PSU]
# name 10 = flECO-AFL: Fluorescence, WET Labs ECO-AFL/FL [mg/m^3]
# name 11 = par: PAR/Irradiance, Biospherical/Licor
# name 12 = bat: Beam Attenuation, Chelsea/Seatech [1/m]
# name 13 = xmiss: Beam Transmission, Chelsea/Seatech [%]
# name 14 = altM: Altimeter [m]
# name 15 = sbeox0Mm/Kg: Oxygen, SBE 43 [umol/kg]
# name 16 = sbeox0ML/L: Oxygen, SBE 43 [ml/l]
# name 17 = spar: SPAR/Surface Irradiance
# name 18 = pumps: Pump Status
# name 19 = nbin: number of scans per bin
# name 20 = flag: flag
# span 0 =   32.94893,   32.97667       
# span 1 =  -65.99560,  -65.99140       
# span 2 =     2.2334,    20.6047       
# span 3 =   3.249563,   5.043461       
# span 4 =    34.7750,    36.8003       
# span 5 =      2.281,   4900.380       
# span 6 =      2.297,   4992.802       
# span 7 =     2.2332,    20.6031       
# span 8 =   3.249524,   5.046860       
# span 9 =    34.8762,    36.8060       
# span 10 =    -0.0158,     2.4919      
# span 11 = 1.0000e-12, 1.0000e-12      
# span 12 =    -0.0355,     0.0960      
# span 13 =    97.6364,   100.8899      
# span 14 =      14.44,      98.81      
# span 15 =    137.981,    365.121      
# span 16 =     3.1735,     8.3866      
# span 17 = 2.2598e+01, 1.2979e+03      
# span 18 =          1,          1      
# span 19 =         12,       1287      
# span 20 = 0.0000e+00, 0.0000e+00      
# interval = decibars: 1                
# start_time = Apr 29 2012 19:36:00 [NMEA time, header]
# bad_flag = -9.990e-29
*END*
[from data line 2897]
   32.96964  -65.99470     2.9072   3.274530    34.9381   2859.851   2899.988     2.9069   3.274507    34.9382     0.1328 1.0000e-12    -0.0342   100.8585      98.62    244.518     5.6277 7.1854e+02          1         25 0.0000e+00
   32.96964  -65.99470     2.9064   3.274500    34.9381   2860.804   2900.960     2.9061   3.274483    34.9383     0.1318 1.0000e-12    -0.0342   100.8593      98.62    244.215     5.6207 7.2212e+02          1         22 0.0000e+00
   32.96964  -65.99470     2.9041   3.274325    34.9380   2861.807   2901.984     2.9039   3.274337    34.9384     0.1416 1.0000e-12    -0.0342   100.8609      98.62    243.931     5.6142 7.2496e+02          1         20 0.0000e+00
   32.96964  -65.99470     2.9024   3.274203    34.9380   2862.816   2903.014     2.9021   3.274189    34.9381     0.1598 1.0000e-12    -0.0341   100.8570      98.62    244.265     5.6219 7.2719e+02          1         18 0.0000e+00
   32.96964  -65.99470     2.9013   3.274141    34.9379   2863.773   2903.991     2.9010   3.274136    34.9382     0.1533 1.0000e-12    -0.0344   100.8656      98.62    244.100     5.6181 7.2905e+02          1         18 0.0000e+00
   32.96962  -65.99470     2.9003   3.274084    34.9379   2864.738   2904.976     2.9001   3.274065    34.9378     0.1333 1.0000e-12    -0.0343   100.8625      98.62    243.977     5.6152 7.3048e+02          1         21 0.0000e+00
   32.96962  -65.99470     2.8997   3.274052    34.9377   2865.753   2906.013     2.8999   3.274081    34.9378     0.1139 1.0000e-12    -0.0343   100.8630      98.63    244.842     5.6351 7.3143e+02          1         30 0.0000e+00
   32.96962  -65.99470     2.8990   3.274030    34.9377   2866.678   2906.957     2.8989   3.274026    34.9378     0.1098 1.0000e-12    -0.0342   100.8600      98.62    243.701     5.6089 7.3191e+02          1         34 0.0000e+00
   32.96962  -65.99470     2.8990   3.274066    34.9376   2867.704   2908.004     2.8987   3.274034    34.9376     0.1288 1.0000e-12    -0.0343   100.8613      98.62    243.983     5.6154 7.3462e+02          1         27 0.0000e+00
   32.96962  -65.99470     2.8991   3.274119    34.9377   2868.706   2909.027     2.8987   3.274087    34.9377     0.1451 1.0000e-12    -0.0343   100.8625      98.62    244.805     5.6343 7.3792e+02          1         21 0.0000e+00
   32.96962  -65.99470     2.8987   3.274121    34.9376   2869.664   2910.005     2.8984   3.274101    34.9377     0.1470 1.0000e-12    -0.0342   100.8605      98.62    244.526     5.6279 7.3925e+02          1         22 0.0000e+00
   32.96962  -65.99470     2.8978   3.274069    34.9375   2870.634   2910.996     2.8975   3.274064    34.9378     0.1473 1.0000e-12    -0.0342   100.8605      98.62    244.120     5.6185 7.4128e+02          1         22 0.0000e+00
   32.96962  -65.99470     2.8964   3.273976    34.9375   2871.590   2911.971     2.8962   3.273964    34.9376     0.1312 1.0000e-12    -0.0346   100.8687      98.62    243.582     5.6061 7.4366e+02          1         21 0.0000e+00
   32.96962  -65.99470     2.8962   3.274004    34.9376   2872.582   2912.985     2.8959   3.273975    34.9375     0.1291 1.0000e-12    -0.0344   100.8654      98.62    244.464     5.6264 7.4659e+02          1         23 0.0000e+00
   32.96962  -65.99470     2.8961   3.274033    34.9375   2873.606   2914.030     2.8958   3.273999    34.9375     0.1341 1.0000e-12    -0.0344   100.8640      98.62    244.843     5.6352 7.5001e+02          1         22 0.0000e+00
   32.96960  -65.99470     2.8959   3.274027    34.9373   2874.540   2914.984     2.8956   3.274016    34.9375     0.1414 1.0000e-12    -0.0341   100.8582      98.62    244.084     5.6177 7.5143e+02          1         22 0.0000e+00
   32.96960  -65.99470     2.8955   3.274035    34.9374   2875.524   2915.988     2.8952   3.274007    34.9373     0.1383 1.0000e-12    -0.0345   100.8681      98.63    243.793     5.6110 7.5085e+02          1         28 0.0000e+00
   32.96960  -65.99470     2.8942   3.273966    34.9374   2876.533   2917.019     2.8942   3.273959    34.9374     0.1372 1.0000e-12    -0.0345   100.8663      98.62    245.124     5.6416 7.5042e+02          1         29 0.0000e+00
   32.96960  -65.99470     2.8931   3.273876    34.9371   2877.478   2917.983     2.8928   3.273871    34.9374     0.1576 1.0000e-12    -0.0345   100.8681      98.62    244.547     5.6283 7.5258e+02          1         29 0.0000e+00
   32.96959  -65.99470     2.8892   3.273538    34.9368   2878.450   2918.975     2.8889   3.273556    34.9374     0.1450 1.0000e-12    -0.0344   100.8647      98.62    243.207     5.5975 7.5467e+02          1         25 0.0000e+00
   32.96958  -65.99470     2.8867   3.273363    34.9370   2879.450   2919.996     2.8864   3.273347    34.9371     0.1350 1.0000e-12    -0.0343   100.8618      98.62    244.078     5.6176 7.5596e+02          1         19 0.0000e+00
   32.96958  -65.99470     2.8860   3.273340    34.9369   2880.431   2920.998     2.8858   3.273316    34.9368     0.1635 1.0000e-12    -0.0344   100.8642      98.62    244.285     5.6223 7.5619e+02          1         18 0.0000e+00
   32.96958  -65.99470     2.8859   3.273369    34.9368   2881.428   2922.016     2.8858   3.273360    34.9369     0.1453 1.0000e-12    -0.0344   100.8653      98.62    244.153     5.6192 7.5737e+02          1         17 0.0000e+00
   32.96958  -65.99470     2.8860   3.273419    34.9370   2882.397   2923.005     2.8857   3.273379    34.9368     0.1358 1.0000e-12    -0.0346   100.8685      98.62    244.439     5.6259 7.5877e+02          1         19 0.0000e+00
   32.96958  -65.99470     2.8857   3.273414    34.9367   2883.376   2924.005     2.8856   3.273405    34.9367     0.1302 1.0000e-12    -0.0345   100.8678      98.62    244.827     5.6348 7.6074e+02          1         24 0.0000e+00
   32.96958  -65.99470     2.8842   3.273299    34.9365   2884.385   2925.035     2.8837   3.273272    34.9367     0.1385 1.0000e-12    -0.0345   100.8678      98.62    244.581     5.6291 7.5983e+02          1         49 0.0000e+00
   32.96958  -65.99470     2.8823   3.273162    34.9364   2885.254   2925.922     2.8821   3.273156    34.9366     0.1316 1.0000e-12    -0.0343   100.8632      98.62    243.805     5.6112 7.5842e+02          1         31 0.0000e+00
   32.96958  -65.99470     2.8811   3.273092    34.9364   2886.281   2926.970     2.8808   3.273082    34.9366     0.1400 1.0000e-12    -0.0340   100.8536      98.62    244.492     5.6271 7.5713e+02          1         19 0.0000e+00
   32.96958  -65.99470     2.8798   3.273006    34.9363   2887.261   2927.971     2.8794   3.273010    34.9368     0.1520 1.0000e-12    -0.0345   100.8682      98.63    244.325     5.6232 7.5530e+02          1         15 0.0000e+00
   32.96958  -65.99470     2.8780   3.272870    34.9362   2888.287   2929.018     2.8775   3.272839    34.9363     0.1862 1.0000e-12    -0.0341   100.8570      98.62    244.013     5.6161 7.5284e+02          1         14 0.0000e+00
   32.96956  -65.99470     2.8775   3.272881    34.9363   2889.232   2929.984     2.8770   3.272842    34.9364     0.1623 1.0000e-12    -0.0344   100.8647      98.63    243.673     5.6082 7.5143e+02          1         15 0.0000e+00
   32.96956  -65.99470     2.8766   3.272838    34.9363   2890.241   2931.013     2.8763   3.272804    34.9363     0.1331 1.0000e-12    -0.0340   100.8536      98.62    244.187     5.6201 7.5067e+02          1         19 0.0000e+00
   32.96956  -65.99470     2.8766   3.272864    34.9361   2891.331   2932.126     2.8764   3.272834    34.9360     0.1223 1.0000e-12    -0.0337   100.8472      98.62    243.655     5.6078 7.5092e+02          1         33 0.0000e+00
   32.96956  -65.99470     2.8763   3.272854    34.9360   2892.076   2932.887     2.8760   3.272831    34.9360     0.1354 1.0000e-12    -0.0342   100.8604      98.62    242.797     5.5880 7.4535e+02          1         57 0.0000e+00
   32.96956  -65.99472     2.8748   3.272743    34.9357   2893.134   2933.967     2.8745   3.272743    34.9361     0.1204 1.0000e-12    -0.0342   100.8590      98.62    244.304     5.6227 7.3764e+02          1         19 0.0000e+00
   32.96956  -65.99472     2.8741   3.272727    34.9358   2894.100   2934.954     2.8739   3.272720    34.9360     0.1235 1.0000e-12    -0.0344   100.8651      98.62    244.245     5.6214 7.3569e+02          1         16 0.0000e+00
   32.96956  -65.99472     2.8739   3.272755    34.9359   2895.091   2935.966     2.8736   3.272736    34.9360     0.1149 1.0000e-12    -0.0344   100.8647      98.62    244.902     5.6365 7.3418e+02          1         15 0.0000e+00
   32.96956  -65.99472     2.8736   3.272777    34.9360   2896.113   2937.009     2.8732   3.272754    34.9362     0.1432 1.0000e-12    -0.0345   100.8683      98.61    244.186     5.6200 7.3374e+02          1         16 0.0000e+00
   32.96956  -65.99472     2.8732   3.272772    34.9359   2897.092   2938.009     2.8728   3.272742    34.9360     0.1540 1.0000e-12    -0.0343   100.8630      98.64    243.833     5.6119 7.3314e+02          1         15 0.0000e+00
   32.96956  -65.99472     2.8714   3.272632    34.9357   2898.067   2939.005     2.8713   3.272630    34.9358     0.1431 1.0000e-12    -0.0341   100.8583      98.62    244.648     5.6307 7.3299e+02          1         20 0.0000e+00
   32.96955  -65.99471     2.8712   3.272655    34.9356   2899.111   2940.070     2.8709   3.272612    34.9355     0.0837 1.0000e-12    -0.0341   100.8570      98.62    244.064     5.6172 7.3106e+02          1         38 0.0000e+00
   32.96954  -65.99470     2.8706   3.272611    34.9355   2899.862   2940.837     2.8702   3.272598    34.9357     0.1077 1.0000e-12    -0.0345   100.8661      98.61    243.916     5.6138 7.2392e+02          1         47 0.0000e+00
   32.96954  -65.99470     2.8673   3.272343    34.9353   2900.935   2941.933     2.8670   3.272338    34.9355     0.1169 1.0000e-12    -0.0344   100.8650      98.62    244.245     5.6214 7.2018e+02          1         21 0.0000e+00
   32.96954  -65.99470     2.8674   3.272398    34.9353   2901.986   2943.006     2.8670   3.272371    34.9354     0.1127 1.0000e-12    -0.0344   100.8658      98.62    244.017     5.6162 7.2015e+02          1         19 0.0000e+00
   32.96953  -65.99471     2.8667   3.272382    34.9354   2902.997   2944.038     2.8664   3.272353    34.9354     0.1656 1.0000e-12    -0.0342   100.8608      98.62    244.966     5.6380 7.2037e+02          1         17 0.0000e+00
   32.96952  -65.99472     2.8666   3.272412    34.9354   2903.953   2945.014     2.8664   3.272384    34.9353     0.1513 1.0000e-12    -0.0345   100.8684      98.62    244.276     5.6221 7.1958e+02          1         17 0.0000e+00
   32.96952  -65.99472     2.8647   3.272253    34.9352   2904.907   2945.988     2.8644   3.272263    34.9356     0.1493 1.0000e-12    -0.0345   100.8685      98.62    243.842     5.6121 7.1827e+02          1         19 0.0000e+00
   32.96952  -65.99472     2.8632   3.272161    34.9352   2905.907   2947.009     2.8629   3.272126    34.9351     0.1551 1.0000e-12    -0.0346   100.8687      98.62    244.552     5.6285 7.1584e+02          1         22 0.0000e+00
   32.96952  -65.99472     2.8633   3.272201    34.9351   2906.904   2948.027     2.8630   3.272173    34.9350     0.1404 1.0000e-12    -0.0343   100.8627      98.63    244.138     5.6189 7.1354e+02          1         25 0.0000e+00
   32.96952  -65.99472     2.8617   3.272064    34.9347   2907.874   2949.018     2.8616   3.272085    34.9350     0.1425 1.0000e-12    -0.0346   100.8691      98.62    244.210     5.6206 7.1345e+02          1         31 0.0000e+00
   32.96952  -65.99472     2.8605   3.271991    34.9347   2908.800   2949.963     2.8604   3.272000    34.9349     0.1337 1.0000e-12    -0.0344   100.8642      98.62    244.232     5.6211 7.1338e+02          1         36 0.0000e+00
   32.96952  -65.99472     2.8583   3.271832    34.9346   2909.756   2950.940     2.8580   3.271805    34.9347     0.1281 1.0000e-12    -0.0345   100.8679      98.61    244.678     5.6314 7.1012e+02          1         26 0.0000e+00
   32.96952  -65.99472     2.8569   3.271730    34.9345   2910.784   2951.989     2.8565   3.271720    34.9348     0.1437 1.0000e-12    -0.0336   100.8453      98.62    244.861     5.6355 7.0722e+02          1         22 0.0000e+00
   32.96952  -65.99472     2.8557   3.271662    34.9345   2911.808   2953.035     2.8553   3.271640    34.9346     0.1601 1.0000e-12    -0.0342   100.8604      98.62    243.932     5.6142 7.0488e+02          1         19 0.0000e+00
   32.96951  -65.99472     2.8552   3.271664    34.9345   2912.771   2954.018     2.8548   3.271625    34.9345     0.1404 1.0000e-12    -0.0342   100.8604      98.62    243.490     5.6040 7.0312e+02          1         19 0.0000e+00
   32.96950  -65.99472     2.8547   3.271642    34.9344   2913.726   2954.994     2.8543   3.271620    34.9345     0.1316 1.0000e-12    -0.0343   100.8625      98.62    244.370     5.6243 7.0392e+02          1         21 0.0000e+00
   32.96950  -65.99472     2.8544   3.271659    34.9344   2914.680   2955.968     2.8541   3.271635    34.9344     0.1361 1.0000e-12    -0.0345   100.8676      98.62    245.316     5.6461 7.0488e+02          1         22 0.0000e+00
   32.96950  -65.99472     2.8546   3.271705    34.9343   2915.658   2956.966     2.8543   3.271680    34.9343     0.1319 1.0000e-12    -0.0347   100.8721      98.62    243.990     5.6155 7.0440e+02          1         23 0.0000e+00
   32.96950  -65.99472     2.8544   3.271725    34.9343   2916.696   2958.026     2.8540   3.271705    34.9344     0.1225 1.0000e-12    -0.0343   100.8634      98.62    244.042     5.6167 7.0200e+02          1         24 0.0000e+00
   32.96950  -65.99472     2.8544   3.271760    34.9342   2917.679   2959.030     2.8541   3.271746    34.9344     0.1375 1.0000e-12    -0.0341   100.8558      98.62    244.807     5.6343 6.9661e+02          1         31 0.0000e+00
   32.96950  -65.99472     2.8547   3.271821    34.9342   2918.576   2959.946     2.8543   3.271799    34.9343     0.1319 1.0000e-12    -0.0340   100.8541      98.62    244.008     5.6159 6.9354e+02          1         36 0.0000e+00
   32.96950  -65.99472     2.8548   3.271878    34.9343   2919.566   2960.957     2.8545   3.271854    34.9343     0.1373 1.0000e-12    -0.0340   100.8553      98.62    244.062     5.6172 6.9383e+02          1         23 0.0000e+00
   32.96950  -65.99472     2.8548   3.271920    34.9342   2920.589   2962.001     2.8545   3.271899    34.9344     0.1607 1.0000e-12    -0.0342   100.8609      98.62    245.475     5.6497 6.9384e+02          1         20 0.0000e+00
   32.96950  -65.99472     2.8549   3.271971    34.9343   2921.619   2963.054     2.8546   3.271944    34.9343     0.1411 1.0000e-12    -0.0343   100.8627      98.62    244.776     5.6336 6.9286e+02          1         18 0.0000e+00
   32.96950  -65.99472     2.8540   3.271918    34.9342   2922.591   2964.046     2.8537   3.271907    34.9343     0.1390 1.0000e-12    -0.0342   100.8602      98.62    244.135     5.6189 6.9150e+02          1         16 0.0000e+00
   32.96948  -65.99472     2.8526   3.271820    34.9342   2923.521   2964.996     2.8525   3.271823    34.9343     0.1508 1.0000e-12    -0.0342   100.8590      98.62    245.343     5.6467 6.8950e+02          1         19 0.0000e+00
   32.96948  -65.99472     2.8508   3.271672    34.9338   2924.518   2966.014     2.8506   3.271682    34.9341     0.0863 1.0000e-12    -0.0341   100.8564      98.61    244.607     5.6297 6.8772e+02          1         23 0.0000e+00
   32.96948  -65.99472     2.8487   3.271506    34.9337   2925.491   2967.008     2.8483   3.271483    34.9337     0.0946 1.0000e-12    -0.0341   100.8570      98.61    244.142     5.6190 6.8481e+02          1         32 0.0000e+00
