Data/ruptures/KN207-01/QL-2/20701070.cnv
* Sea-Bird SBE 9 Data File:
* FileName = C:\Data\ctd\20701070.hex
* Software Version Seasave V 7.21e
* Temperature SN = 4406
* Conductivity SN = 1474
* Number of Bytes Per Scan = 40
* Number of Voltage Words = 5
* Number of Scans Averaged by the Deck Unit = 1
* NMEA Latitude = 32 58.13 N
* NMEA Longitude = 065 45.11 W
* NMEA UTC (Time) = May 01 2012 19:59:29
** R/V Knorr Cruise # KN207-01 QL 2
** Chief Scientist: Ben Van Mooy
# nquan = 21
# nvalues = 400                         
# units = specified
# name 0 = latitude: Latitude [deg]
# name 1 = longitude: Longitude [deg]
# name 2 = t090C: Temperature [ITS-90, deg C]
# name 3 = c0S/m: Conductivity [S/m]
# name 4 = sal00: Salinity, Practical [PSU]
# name 5 = depSM: Depth [salt water, m]
# name 6 = prDM: Pressure, Digiquartz [db]
# name 7 = t190C: Temperature, 2 [ITS-90, deg C]
# name 8 = c1S/m: Conductivity, 2 [S/m]
# name 9 = sal11: Salinity, Practical, 2 [PSU]
# name 10 = flECO-AFL: Fluorescence, WET Labs ECO-AFL/FL [mg/m^3]
# name 11 = par: PAR/Irradiance, Biospherical/Licor
# name 12 = bat: Beam Attenuation, Chelsea/Seatech [1/m]
# name 13 = xmiss: Beam Transmission, Chelsea/Seatech [%]
# name 14 = altM: Altimeter [m]
# name 15 = sbeox0Mm/Kg: Oxygen, SBE 43 [umol/kg]
# name 16 = sbeox0ML/L: Oxygen, SBE 43 [ml/l]
# name 17 = spar: SPAR/Surface Irradiance
# name 18 = pumps: Pump Status
# name 19 = nbin: number of scans per bin
# name 20 = flag: flag
# span 0 =   32.96895,   32.97112       
# span 1 =  -65.75186,  -65.75018       
# span 2 =    17.8290,    20.5093       
# span 3 =   4.466712,   5.042299       
# span 4 =    31.9975,    37.0387       
# span 5 =      2.443,    200.081       
# span 6 =      2.460,    201.600       
# span 7 =    17.8277,    20.5271       
# span 8 =   4.756422,   5.044471       
# span 9 =    36.5038,    36.6217       
# span 10 =    -0.0109,     0.9680      
# span 11 = 1.0000e-12, 1.0000e-12      
# span 12 =    -0.0145,     0.0816      
# span 13 =    97.9815,   100.3643      
# span 14 =       1.29,      98.93      
# span 15 =    124.867,    388.715      
# span 16 =     2.8694,     8.9286      
# span 17 = 2.4889e+03, 2.6009e+03      
# span 18 =          1,          1      
# span 19 =         11,       1231      
# span 20 = 0.0000e+00, 0.0000e+00      
# interval = decibars: 1                
# start_time = May 01 2012 19:59:29 [NMEA time, header]
# bad_flag = -9.990e-29
*END*
[from data line 138]
   32.96974  -65.75134    19.3787   4.926267    36.5924    139.934    140.975    19.3786   4.926357    36.5932     0.1143 1.0000e-12     0.0024    99.9401      98.69    212.768     4.8888 2.5627e+03          1         24 0.0000e+00
   32.96974  -65.75134    19.3788   4.926342    36.5925    140.953    142.003    19.3788   4.926441    36.5934     0.1142 1.0000e-12    -0.0013   100.0311      98.68    212.225     4.8763 2.5613e+03          1         19 0.0000e+00
   32.96974  -65.75134    19.3788   4.926380    36.5925    141.950    143.007    19.3788   4.926486    36.5934     0.1173 1.0000e-12    -0.0015   100.0367      98.68    212.518     4.8830 2.5680e+03          1         17 0.0000e+00
   32.96974  -65.75134    19.3789   4.926457    36.5927    142.933    143.998    19.3789   4.926557    36.5935     0.0937 1.0000e-12    -0.0013   100.0311      98.69    212.896     4.8917 2.5608e+03          1         19 0.0000e+00
   32.96974  -65.75134    19.3772   4.926267    36.5923    143.977    145.049    19.3771   4.926386    36.5933     0.1031 1.0000e-12    -0.0016   100.0387      98.68    213.174     4.8981 2.5627e+03          1         24 0.0000e+00
   32.96974  -65.75134    19.3763   4.926183    36.5920    144.956    146.037    19.3763   4.926303    36.5929     0.1105 1.0000e-12     0.0001    99.9985      98.69    213.228     4.8993 2.5713e+03          1         30 0.0000e+00
   32.96976  -65.75132    19.3755   4.926117    36.5918    145.905    146.993    19.3754   4.926213    36.5927     0.1073 1.0000e-12    -0.0005   100.0121      98.68    213.337     4.9018 2.5728e+03          1         35 0.0000e+00
   32.96976  -65.75132    19.3748   4.926080    36.5917    146.915    148.011    19.3748   4.926190    36.5926     0.0996 1.0000e-12    -0.0001   100.0018      98.70    213.112     4.8966 2.5755e+03          1         26 0.0000e+00
   32.96976  -65.75132    19.3746   4.926067    36.5914    147.882    148.986    19.3746   4.926201    36.5925     0.1075 1.0000e-12    -0.0008   100.0192      98.69    212.337     4.8788 2.5759e+03          1         21 0.0000e+00
   32.96976  -65.75132    19.3744   4.926110    36.5915    148.877    149.988    19.3745   4.926220    36.5924     0.0970 1.0000e-12    -0.0026   100.0644      98.69    212.239     4.8766 2.5723e+03          1         21 0.0000e+00
   32.96977  -65.75131    19.3740   4.926095    36.5914    149.874    150.993    19.3740   4.926201    36.5923     0.0881 1.0000e-12     0.0029    99.9290      98.69    212.879     4.8913 2.5753e+03          1         20 0.0000e+00
   32.96978  -65.75130    19.3741   4.926161    36.5915    150.807    151.934    19.3741   4.926251    36.5923     0.1061 1.0000e-12     0.0011    99.9725      98.69    212.794     4.8894 2.5756e+03          1         22 0.0000e+00
   32.96978  -65.75130    19.3748   4.926306    36.5917    151.855    152.990    19.3748   4.926416    36.5926     0.0937 1.0000e-12    -0.0025   100.0621      98.69    212.314     4.8783 2.5718e+03          1         26 0.0000e+00
   32.96978  -65.75130    19.3746   4.926328    36.5917    152.859    154.001    19.3747   4.926442    36.5926     0.0935 1.0000e-12    -0.0028   100.0693      98.69    212.723     4.8877 2.5698e+03          1         21 0.0000e+00
   32.96978  -65.75130    19.3741   4.926311    36.5916    153.839    154.989    19.3742   4.926413    36.5924     0.0881 1.0000e-12    -0.0027   100.0679      98.69    213.010     4.8943 2.5684e+03          1         20 0.0000e+00
   32.96978  -65.75130    19.3740   4.926335    36.5915    154.838    155.996    19.3740   4.926428    36.5923     0.0751 1.0000e-12    -0.0029   100.0742      98.68    212.455     4.8816 2.5713e+03          1         21 0.0000e+00
   32.96980  -65.75130    19.3719   4.926060    36.5907    155.854    157.020    19.3721   4.926226    36.5919     0.0912 1.0000e-12    -0.0027   100.0677      98.68    212.434     4.8811 2.5722e+03          1         29 0.0000e+00
   32.96980  -65.75130    19.3678   4.925551    36.5898    156.816    157.990    19.3678   4.925684    36.5909     0.0865 1.0000e-12    -0.0026   100.0662      98.68    212.719     4.8876 2.5733e+03          1         34 0.0000e+00
   32.96980  -65.75130    19.3668   4.925467    36.5896    157.777    158.958    19.3668   4.925571    36.5905     0.0706 1.0000e-12    -0.0040   100.1018      98.69    212.902     4.8918 2.5727e+03          1         25 0.0000e+00
   32.96980  -65.75130    19.3659   4.925413    36.5896    158.772    159.960    19.3658   4.925514    36.5905     0.0468 1.0000e-12    -0.0048   100.1195      98.69    212.428     4.8809 2.5737e+03          1         21 0.0000e+00
   32.96981  -65.75129    19.3654   4.925397    36.5895    159.777    160.974    19.3654   4.925506    36.5904     0.0300 1.0000e-12    -0.0048   100.1201      98.68    211.954     4.8700 2.5702e+03          1         18 0.0000e+00
   32.96982  -65.75128    19.3647   4.925357    36.5894    160.802    162.007    19.3647   4.925485    36.5905     0.0508 1.0000e-12    -0.0057   100.1424      98.69    211.874     4.8682 2.5662e+03          1         20 0.0000e+00
   32.96982  -65.75128    19.3636   4.925277    36.5893    161.835    163.048    19.3635   4.925385    36.5903     0.0631 1.0000e-12    -0.0064   100.1613      98.69    212.375     4.8797 2.5649e+03          1         23 0.0000e+00
   32.96982  -65.75128    19.3625   4.925188    36.5891    162.787    164.008    19.3625   4.925328    36.5903     0.0480 1.0000e-12    -0.0060   100.1511      98.68    212.009     4.8713 2.5674e+03          1         27 0.0000e+00
   32.96982  -65.75128    19.3570   4.924630    36.5891    163.751    164.979    19.3571   4.924768    36.5902     0.0599 1.0000e-12    -0.0055   100.1361      98.70    212.232     4.8764 2.5703e+03          1         33 0.0000e+00
   32.96982  -65.75127    19.3548   4.924424    36.5889    164.754    165.990    19.3547   4.924533    36.5899     0.0463 1.0000e-12    -0.0063   100.1570      98.69    212.338     4.8789 2.5713e+03          1         26 0.0000e+00
   32.96982  -65.75126    19.3530   4.924268    36.5888    165.754    166.998    19.3529   4.924391    36.5899     0.0375 1.0000e-12    -0.0059   100.1466      98.69    212.561     4.8840 2.5659e+03          1         22 0.0000e+00
   32.96982  -65.75126    19.3517   4.924159    36.5887    166.703    167.954    19.3517   4.924301    36.5899     0.0430 1.0000e-12    -0.0075   100.1872      98.69    212.173     4.8751 2.5621e+03          1         18 0.0000e+00
   32.96982  -65.75126    19.3461   4.923565    36.5884    167.730    168.990    19.3460   4.923778    36.5902     0.0436 1.0000e-12    -0.0056   100.1393      98.69    211.708     4.8644 2.5637e+03          1         19 0.0000e+00
   32.96982  -65.75126    19.3367   4.922565    36.5881    168.707    169.975    19.3365   4.922741    36.5898     0.0374 1.0000e-12    -0.0064   100.1597      98.69    211.842     4.8675 2.5565e+03          1         16 0.0000e+00
   32.96982  -65.75126    19.3254   4.921333    36.5876    169.737    171.012    19.3253   4.921593    36.5898     0.0285 1.0000e-12    -0.0070   100.1747      98.68    211.786     4.8662 2.5519e+03          1         24 0.0000e+00
   32.96984  -65.75126    19.2969   4.918225    36.5867    170.784    172.068    19.2971   4.918516    36.5890     0.0362 1.0000e-12    -0.0071   100.1771      98.69    211.273     4.8545 2.5540e+03          1         39 0.0000e+00
   32.96984  -65.75126    19.2615   4.914241    36.5847    171.622    172.912    19.2624   4.914809    36.5887     0.0607 1.0000e-12    -0.0069   100.1726      98.69    210.607     4.8392 2.5531e+03          1         40 0.0000e+00
   32.96984  -65.75126    19.1675   4.903412    36.5782    172.636    173.934    19.1694   4.904968    36.5896     0.0541 1.0000e-12    -0.0063   100.1574      98.69    210.364     4.8337 2.5298e+03          1         21 0.0000e+00
   32.96984  -65.75126    19.0840   4.894389    36.5773    173.712    175.019    19.0836   4.894942    36.5822     0.0604 1.0000e-12    -0.0061   100.1516      98.69    209.928     4.8238 2.5362e+03          1         17 0.0000e+00
   32.96985  -65.75125    19.0498   4.890381    36.5737    174.743    176.058    19.0468   4.891159    36.5829     0.0878 1.0000e-12    -0.0056   100.1409      98.69    208.545     4.7921 2.5375e+03          1         14 0.0000e+00
   32.96986  -65.75124    18.9999   4.885074    36.5734    175.697    177.020    18.9984   4.885311    36.5768     0.0653 1.0000e-12    -0.0041   100.1042      98.69    206.982     4.7562 2.5340e+03          1         14 0.0000e+00
   32.96986  -65.75124    18.9681   4.881434    36.5707    176.649    177.980    18.9669   4.882050    36.5770     0.0519 1.0000e-12    -0.0050   100.1244      98.69    204.840     4.7070 2.5346e+03          1         18 0.0000e+00
   32.96986  -65.75124    18.8669   4.869825    36.5634    177.668    179.007    18.8695   4.871681    36.5767     0.0390 1.0000e-12    -0.0056   100.1392      98.68    202.638     4.6565 2.5349e+03          1         26 0.0000e+00
   32.96986  -65.75124    18.7239   4.854229    36.5595    178.679    180.026    18.7269   4.855258    36.5655     0.0590 1.0000e-12    -0.0058   100.1447      98.69    200.359     4.6043 2.5463e+03          1         38 0.0000e+00
   32.96987  -65.75124    18.6355   4.844297    36.5534    179.606    180.960    18.6370   4.845523    36.5624     0.0644 1.0000e-12    -0.0053   100.1308      98.69    196.263     4.5102 2.5449e+03          1         36 0.0000e+00
   32.96988  -65.75124    18.4795   4.827092    36.5473    180.622    181.985    18.4823   4.828276    36.5549     0.0604 1.0000e-12    -0.0058   100.1439      98.69    194.221     4.4635 2.5515e+03          1         25 0.0000e+00
   32.96988  -65.75124    18.4263   4.821162    36.5435    181.646    183.016    18.4269   4.822059    36.5506     0.0464 1.0000e-12    -0.0057   100.1428      98.69    192.714     4.4289 2.5493e+03          1         21 0.0000e+00
   32.96988  -65.75124    18.3626   4.814110    36.5399    182.658    184.037    18.3629   4.814891    36.5463     0.0374 1.0000e-12    -0.0071   100.1772      98.69    191.215     4.3945 2.5500e+03          1         19 0.0000e+00
   32.96988  -65.75124    18.2789   4.804444    36.5323    183.649    185.035    18.2799   4.806103    36.5456     0.0206 1.0000e-12    -0.0080   100.1986      98.69    189.972     4.3660 2.5506e+03          1         18 0.0000e+00
   32.96988  -65.75124    18.2011   4.795891    36.5286    184.623    186.018    18.2022   4.796855    36.5359     0.0272 1.0000e-12    -0.0088   100.2186      98.69    189.078     4.3455 2.5437e+03          1         21 0.0000e+00
   32.96988  -65.75122    18.1414   4.789412    36.5259    185.626    187.029    18.1422   4.789998    36.5302     0.0328 1.0000e-12    -0.0077   100.1917      98.69    188.233     4.3261 2.5433e+03          1         21 0.0000e+00
   32.96988  -65.75122    18.1310   4.788377    36.5246    186.585    187.995    18.1307   4.788580    36.5267     0.0443 1.0000e-12    -0.0088   100.2186      98.69    187.162     4.3015 2.5448e+03          1         21 0.0000e+00
   32.96988  -65.75122    18.0855   4.783432    36.5221    187.591    189.009    18.0861   4.784269    36.5287     0.0478 1.0000e-12    -0.0091   100.2261      98.69    186.848     4.2943 2.5373e+03          1         24 0.0000e+00
   32.96988  -65.75122    18.0389   4.778528    36.5205    188.628    190.054    18.0387   4.778810    36.5232     0.0299 1.0000e-12    -0.0096   100.2389      98.69    187.618     4.3121 2.5329e+03          1         33 0.0000e+00
   32.96989  -65.75122    18.0316   4.777778    36.5184    189.553    190.987    18.0327   4.778096    36.5201     0.0369 1.0000e-12    -0.0101   100.2529      98.69    187.461     4.3085 2.5403e+03          1         39 0.0000e+00
   32.96990  -65.75122    17.9951   4.773393    36.5123    190.516    191.958    17.9965   4.774162    36.5176     0.0270 1.0000e-12    -0.0096   100.2395      98.69    187.695     4.3139 2.5440e+03          1         25 0.0000e+00
   32.96990  -65.75122    17.9698   4.770892    36.5127    191.532    192.982    17.9700   4.771202    36.5151     0.0186 1.0000e-12    -0.0100   100.2499      98.69    187.798     4.3163 2.5240e+03          1         17 0.0000e+00
   32.96990  -65.75122    17.9524   4.769146    36.5125    192.513    193.971    17.9526   4.769610    36.5163    -0.0038 1.0000e-12    -0.0097   100.2417      98.70    187.468     4.3087 2.5245e+03          1         16 0.0000e+00
   32.96990  -65.75122    17.9313   4.767413    36.5159    193.520    194.986    17.9313   4.767627    36.5177     0.0070 1.0000e-12    -0.0110   100.2741      98.69    187.548     4.3106 2.5219e+03          1         17 0.0000e+00
   32.96990  -65.75122    17.9143   4.765542    36.5143    194.551    196.025    17.9146   4.766123    36.5191     0.0133 1.0000e-12    -0.0117   100.2929      98.70    188.143     4.3243 2.5282e+03          1         18 0.0000e+00
   32.96991  -65.75121    17.8802   4.761902    36.5131    195.528    197.010    17.8802   4.762234    36.5159     0.0136 1.0000e-12    -0.0111   100.2775      98.69    188.370     4.3295 2.5311e+03          1         24 0.0000e+00
   32.96992  -65.75120    17.8716   4.761069    36.5122    196.548    198.038    17.8718   4.761221    36.5134     0.0173 1.0000e-12    -0.0121   100.3020      98.69    188.617     4.3352 2.5287e+03          1         34 0.0000e+00
   32.96992  -65.75120    17.8683   4.760769    36.5106    197.498    198.996    17.8684   4.760952    36.5121     0.0182 1.0000e-12    -0.0125   100.3123      98.69    188.343     4.3289 2.5266e+03          1         84 0.0000e+00
   32.96995  -65.75117    17.8475   4.758603    36.5072    198.521    200.027    17.8486   4.758839    36.5083     0.0232 1.0000e-12    -0.0126   100.3141      98.70    188.188     4.3253 2.5330e+03          1        375 0.0000e+00
   32.96996  -65.75116    17.8326   4.756931    36.5050    199.511    201.025    17.8335   4.757204    36.5065     0.0151 1.0000e-12    -0.0129   100.3231      98.70    188.175     4.3251 2.5477e+03          1         41 0.0000e+00
   32.97001  -65.75112    17.8290   4.756512    36.5041    200.081    201.600    17.8277   4.756422    36.5045     0.0163 1.0000e-12    -0.0142   100.3554      98.70    187.954     4.3200 2.5529e+03          1         96 0.0000e+00
   32.97004  -65.75108    17.8339   4.757048    36.5042    199.492    201.006    17.8401   4.757660    36.5038     0.0095 1.0000e-12    -0.0140   100.3508      98.71    187.778     4.3159 2.5672e+03          1         37 0.0000e+00
   32.97004  -65.75108    17.8430   4.758016    36.5047    198.266    199.770    17.8512   4.758947    36.5053     0.0067 1.0000e-12    -0.0145   100.3637      98.70    188.273     4.3273 2.5673e+03          1         90 0.0000e+00
   32.97006  -65.75106    17.8440   4.758076    36.5046    197.581    199.079    17.8507   4.758854    36.5053     0.0175 1.0000e-12    -0.0136   100.3414      98.70    188.616     4.3352 2.5682e+03          1         45 0.0000e+00
   32.97006  -65.75106    17.8491   4.758616    36.5050    196.524    198.014    17.8516   4.758951    36.5057     0.0153 1.0000e-12    -0.0143   100.3582      98.71    187.999     4.3210 2.5655e+03          1         31 0.0000e+00
   32.97006  -65.75106    17.8666   4.760573    36.5062    195.502    196.984    17.8609   4.759848    36.5053     0.0153 1.0000e-12    -0.0145   100.3643      98.71    188.137     4.3242 2.5607e+03          1         33 0.0000e+00
   32.97008  -65.75106    17.8738   4.761302    36.5064    194.552    196.026    17.8749   4.761388    36.5062    -0.0109 1.0000e-12    -0.0130   100.3238      98.70    188.109     4.3235 2.5580e+03          1         33 0.0000e+00
