Data/ruptures/KN207-01/QL-2/20701078.cnv
* Sea-Bird SBE 9 Data File:
* FileName = C:\Data\ctd\20701078.hex
* Software Version Seasave V 7.21e
* Temperature SN = 4406
* Conductivity SN = 1474
* Number of Bytes Per Scan = 40
* Number of Voltage Words = 5
* Number of Scans Averaged by the Deck Unit = 1
* NMEA Latitude = 33 07.79 N
* NMEA Longitude = 065 41.38 W
* NMEA UTC (Time) = May 02 2012 20:02:09
** R/V Knorr Cruise # KN207-01 QL 2
** Chief Scientist: Ben Van Mooy
# nquan = 21
# nvalues = 396                         
# units = specified
# name 0 = latitude: Latitude [deg]
# name 1 = longitude: Longitude [deg]
# name 2 = t090C: Temperature [ITS-90, deg C]
# name 3 = c0S/m: Conductivity [S/m]
# name 4 = sal00: Salinity, Practical [PSU]
# name 5 = depSM: Depth [salt water, m]
# name 6 = prDM: Pressure, Digiquartz [db]
# name 7 = t190C: Temperature, 2 [ITS-90, deg C]
# name 8 = c1S/m: Conductivity, 2 [S/m]
# name 9 = sal11: Salinity, Practical, 2 [PSU]
# name 10 = flECO-AFL: Fluorescence, WET Labs ECO-AFL/FL [mg/m^3]
# name 11 = par: PAR/Irradiance, Biospherical/Licor
# name 12 = bat: Beam Attenuation, Chelsea/Seatech [1/m]
# name 13 = xmiss: Beam Transmission, Chelsea/Seatech [%]
# name 14 = altM: Altimeter [m]
# name 15 = sbeox0Mm/Kg: Oxygen, SBE 43 [umol/kg]
# name 16 = sbeox0ML/L: Oxygen, SBE 43 [ml/l]
# name 17 = spar: SPAR/Surface Irradiance
# name 18 = pumps: Pump Status
# name 19 = nbin: number of scans per bin
# name 20 = flag: flag
# span 0 =   33.12990,   33.13233       
# span 1 =  -65.68978,  -65.68713       
# span 2 =    17.9469,    20.4795       
# span 3 =   4.769761,   5.039691       
# span 4 =    36.5136,    36.6196       
# span 5 =      2.198,    198.300       
# span 6 =      2.213,    199.807       
# span 7 =    17.9473,    20.4794       
# span 8 =   4.769897,   5.039818       
# span 9 =    36.5143,    36.6206       
# span 10 =     0.0084,     0.8195      
# span 11 = 1.0000e-12, 1.0000e-12      
# span 12 =    -0.0131,     0.0800      
# span 13 =    98.0197,   100.3285      
# span 14 =      15.09,      98.82      
# span 15 =    186.018,    223.436      
# span 16 =     4.2750,     5.1334      
# span 17 = 8.9852e+02, 2.1560e+03      
# span 18 =          1,          1      
# span 19 =         19,       1286      
# span 20 = 0.0000e+00, 0.0000e+00      
# interval = decibars: 1                
# start_time = May 02 2012 20:02:09 [NMEA time, header]
# bad_flag = -9.990e-29
*END*
[from data line 69]
   33.13028  -65.68934    19.4253   4.928237    36.5943     71.471     71.992    19.4253   4.928364    36.5954     0.3371 1.0000e-12     0.0464    98.8474      98.69    220.105     5.0572 9.2650e+02          1         37 0.0000e+00
   33.13029  -65.68933    19.4232   4.928069    36.5943     72.491     73.020    19.4233   4.928187    36.5953     0.3332 1.0000e-12     0.0474    98.8230      98.69    219.613     5.0460 9.2645e+02          1         43 0.0000e+00
   33.13030  -65.68932    19.4212   4.927883    36.5941     73.473     74.009    19.4211   4.927999    36.5952     0.3502 1.0000e-12     0.0495    98.7706      98.69    219.146     5.0352 9.2434e+02          1         63 0.0000e+00
   33.13031  -65.68931    19.4161   4.927394    36.5941     74.421     74.964    19.4158   4.927492    36.5952     0.3751 1.0000e-12     0.0480    98.8068      98.69    219.112     5.0345 9.2771e+02          1         47 0.0000e+00
   33.13032  -65.68930    19.4137   4.927205    36.5942     75.447     75.998    19.4138   4.927322    36.5951     0.3637 1.0000e-12     0.0472    98.8262      98.69    218.417     5.0185 9.2968e+02          1         36 0.0000e+00
   33.13032  -65.68930    19.4120   4.927080    36.5943     76.450     77.008    19.4120   4.927163    36.5950     0.3837 1.0000e-12     0.0439    98.9088      98.69    218.277     5.0153 9.2760e+02          1         38 0.0000e+00
   33.13032  -65.68930    19.4096   4.926863    36.5942     77.489     78.054    19.4097   4.926982    36.5951     0.3828 1.0000e-12     0.0435    98.9172      98.69    218.238     5.0144 9.2827e+02          1         49 0.0000e+00
   33.13032  -65.68930    19.4075   4.926683    36.5942     78.326     78.898    19.4075   4.926804    36.5952     0.4131 1.0000e-12     0.0449    98.8842      98.69    217.528     4.9981 9.2984e+02          1         65 0.0000e+00
   33.13032  -65.68930    19.4033   4.926286    36.5942     79.396     79.976    19.4033   4.926400    36.5952     0.4015 1.0000e-12     0.0425    98.9426      98.69    216.983     4.9856 9.2994e+02          1         37 0.0000e+00
   33.13034  -65.68928    19.3999   4.925950    36.5940     80.456     81.044    19.4000   4.926081    36.5950     0.4336 1.0000e-12     0.0413    98.9723      98.69    217.439     4.9960 9.3048e+02          1         44 0.0000e+00
   33.13034  -65.68928    19.3977   4.925741    36.5938     81.387     81.982    19.3977   4.925852    36.5947     0.5081 1.0000e-12     0.0412    98.9749      98.69    217.021     4.9864 9.3195e+02          1         49 0.0000e+00
   33.13035  -65.68927    19.3962   4.925617    36.5936     82.395     82.997    19.3962   4.925732    36.5946     0.6168 1.0000e-12     0.0452    98.8771      98.70    216.459     4.9735 9.3265e+02          1         46 0.0000e+00
   33.13036  -65.68926    19.3947   4.925499    36.5936     83.346     83.956    19.3947   4.925608    36.5945     0.6807 1.0000e-12     0.0496    98.7678      98.69    215.777     4.9578 9.3363e+02          1         44 0.0000e+00
   33.13036  -65.68926    19.3933   4.925397    36.5936     84.378     84.995    19.3933   4.925520    36.5946     0.7264 1.0000e-12     0.0524    98.6977      98.69    216.289     4.9696 9.3196e+02          1         40 0.0000e+00
   33.13036  -65.68924    19.3925   4.925345    36.5934     85.383     86.008    19.3927   4.925464    36.5943     0.7247 1.0000e-12     0.0528    98.6874      98.69    216.007     4.9632 9.3204e+02          1         72 0.0000e+00
   33.13036  -65.68924    19.3897   4.925100    36.5935     86.319     86.951    19.3896   4.925215    36.5946     0.8195 1.0000e-12     0.0535    98.6720      98.69    215.885     4.9604 9.3464e+02          1         32 0.0000e+00
   33.13037  -65.68924    19.3881   4.924986    36.5936     87.399     88.039    19.3881   4.925094    36.5944     0.7633 1.0000e-12     0.0522    98.7042      98.69    216.408     4.9724 9.3575e+02          1         32 0.0000e+00
   33.13038  -65.68924    19.3875   4.924963    36.5935     88.376     89.024    19.3876   4.925081    36.5944     0.7875 1.0000e-12     0.0497    98.7663      98.70    215.145     4.9433 9.3295e+02          1         66 0.0000e+00
   33.13038  -65.68924    19.3856   4.924802    36.5934     89.303     89.958    19.3856   4.924915    36.5944     0.8075 1.0000e-12     0.0452    98.8752      98.69    215.314     4.9472 9.3246e+02          1         42 0.0000e+00
   33.13040  -65.68922    19.3842   4.924704    36.5935     90.379     91.042    19.3842   4.924813    36.5944     0.7490 1.0000e-12     0.0419    98.9580      98.70    215.108     4.9425 9.3314e+02          1         43 0.0000e+00
   33.13040  -65.68922    19.3829   4.924595    36.5933     91.312     91.982    19.3829   4.924714    36.5943     0.7300 1.0000e-12     0.0382    99.0495      98.70    214.490     4.9283 9.3282e+02          1         54 0.0000e+00
   33.13041  -65.68921    19.3819   4.924551    36.5934     92.339     93.016    19.3819   4.924646    36.5942     0.6398 1.0000e-12     0.0344    99.1431      98.70    214.072     4.9187 9.3425e+02          1         40 0.0000e+00
   33.13042  -65.68920    19.3809   4.924467    36.5933     93.300     93.985    19.3810   4.924587    36.5942     0.5869 1.0000e-12     0.0299    99.2568      98.70    213.851     4.9136 9.3310e+02          1         52 0.0000e+00
   33.13042  -65.68920    19.3796   4.924361    36.5931     94.276     94.968    19.3796   4.924465    36.5940     0.6041 1.0000e-12     0.0254    99.3684      98.70    214.064     4.9185 9.3206e+02          1         44 0.0000e+00
   33.13044  -65.68918    19.3782   4.924188    36.5925     95.321     96.022    19.3783   4.924349    36.5938     0.5881 1.0000e-12     0.0232    99.4212      98.70    213.877     4.9142 9.3370e+02          1         45 0.0000e+00
   33.13044  -65.68918    19.3764   4.924043    36.5925     96.302     97.010    19.3764   4.924150    36.5934     0.5339 1.0000e-12     0.0195    99.5144      98.70    213.316     4.9013 9.3255e+02          1         48 0.0000e+00
   33.13044  -65.68918    19.3752   4.923950    36.5924     97.297     98.013    19.3753   4.924063    36.5933     0.5092 1.0000e-12     0.0177    99.5583      98.70    213.370     4.9026 9.3158e+02          1         43 0.0000e+00
   33.13044  -65.68918    19.3749   4.923949    36.5923     98.248     98.970    19.3749   4.924050    36.5931     0.3461 1.0000e-12     0.0142    99.6463      98.70    212.901     4.8918 9.2997e+02          1         65 0.0000e+00
   33.13044  -65.68918    19.3750   4.924036    36.5925     99.246     99.976    19.3751   4.924147    36.5934     0.3500 1.0000e-12     0.0100    99.7496      98.70    213.396     4.9032 9.3218e+02          1         38 0.0000e+00
   33.13046  -65.68916    19.3740   4.923963    36.5923    100.311    101.049    19.3741   4.924078    36.5932     0.3425 1.0000e-12     0.0107    99.7331      98.70    213.100     4.8964 9.3204e+02          1         36 0.0000e+00
   33.13046  -65.68916    19.3733   4.923898    36.5921    101.281    102.027    19.3734   4.924019    36.5930     0.2886 1.0000e-12     0.0081    99.7984      98.70    213.275     4.9004 9.3099e+02          1         44 0.0000e+00
   33.13046  -65.68916    19.3725   4.923845    36.5920    102.259    103.012    19.3726   4.923955    36.5928     0.2693 1.0000e-12     0.0070    99.8255      98.70    213.364     4.9024 9.3039e+02          1         43 0.0000e+00
   33.13048  -65.68914    19.3733   4.924044    36.5925    103.197    103.957    19.3734   4.924138    36.5933     0.2521 1.0000e-12     0.0061    99.8474      98.70    213.313     4.9013 9.2785e+02          1         44 0.0000e+00
   33.13048  -65.68914    19.3736   4.924147    36.5928    104.220    104.988    19.3736   4.924254    36.5937     0.2712 1.0000e-12     0.0064    99.8407      98.69    213.027     4.8947 9.2747e+02          1         28 0.0000e+00
   33.13048  -65.68914    19.3713   4.923872    36.5921    105.245    106.021    19.3712   4.923997    36.5933     0.2650 1.0000e-12     0.0072    99.8212      98.69    213.292     4.9008 9.2972e+02          1         29 0.0000e+00
   33.13048  -65.68914    19.3701   4.923783    36.5921    106.217    107.000    19.3701   4.923884    36.5930     0.1929 1.0000e-12     0.0041    99.8977      98.70    213.497     4.9055 9.3140e+02          1         33 0.0000e+00
   33.13048  -65.68914    19.3705   4.923888    36.5923    107.205    107.996    19.3706   4.923996    36.5931     0.1500 1.0000e-12     0.0007    99.9840      98.70    212.889     4.8915 9.3147e+02          1         26 0.0000e+00
   33.13048  -65.68914    19.3710   4.924022    36.5925    108.201    109.000    19.3710   4.924133    36.5934     0.1375 1.0000e-12     0.0013    99.9669      98.70    213.029     4.8947 9.3009e+02          1         24 0.0000e+00
   33.13048  -65.68914    19.3713   4.924107    36.5926    109.195    110.001    19.3713   4.924209    36.5934     0.1298 1.0000e-12     0.0005    99.9887      98.70    212.617     4.8853 9.3018e+02          1         25 0.0000e+00
   33.13048  -65.68914    19.3712   4.924147    36.5926    110.185    110.999    19.3713   4.924257    36.5935     0.1270 1.0000e-12    -0.0003   100.0073      98.69    213.413     4.9036 9.2878e+02          1         27 0.0000e+00
   33.13050  -65.68912    19.3709   4.924140    36.5924    111.171    111.992    19.3709   4.924250    36.5934     0.1284 1.0000e-12     0.0000    99.9999      98.69    213.489     4.9053 9.2786e+02          1         26 0.0000e+00
   33.13050  -65.68912    19.3703   4.924110    36.5923    112.187    113.015    19.3703   4.924218    36.5933     0.1196 1.0000e-12    -0.0012   100.0305      98.70    213.005     4.8942 9.2632e+02          1         26 0.0000e+00
   33.13050  -65.68912    19.3700   4.924086    36.5921    113.191    114.028    19.3700   4.924212    36.5930     0.1207 1.0000e-12    -0.0002   100.0042      98.70    212.805     4.8896 9.2532e+02          1         28 0.0000e+00
   33.13050  -65.68912    19.3687   4.923977    36.5919    114.146    114.990    19.3686   4.924067    36.5927     0.1236 1.0000e-12    -0.0013   100.0317      98.70    213.088     4.8961 9.2582e+02          1         23 0.0000e+00
   33.13050  -65.68912    19.3676   4.923873    36.5916    115.151    116.002    19.3675   4.923987    36.5927     0.1125 1.0000e-12    -0.0014   100.0345      98.70    213.494     4.9054 9.2711e+02          1         24 0.0000e+00
   33.13052  -65.68910    19.3668   4.923854    36.5918    116.121    116.980    19.3669   4.923962    36.5926     0.1061 1.0000e-12    -0.0023   100.0576      98.70    213.180     4.8982 9.2762e+02          1         20 0.0000e+00
   33.13052  -65.68910    19.3672   4.924003    36.5923    117.135    118.001    19.3672   4.924125    36.5933     0.0991 1.0000e-12    -0.0027   100.0685      98.70    212.827     4.8901 9.2708e+02          1         23 0.0000e+00
   33.13052  -65.68910    19.3664   4.923966    36.5923    118.126    119.001    19.3664   4.924074    36.5932     0.1075 1.0000e-12    -0.0020   100.0503      98.70    213.037     4.8949 9.2598e+02          1         26 0.0000e+00
   33.13052  -65.68910    19.3666   4.924049    36.5925    119.109    119.990    19.3672   4.924233    36.5935     0.1216 1.0000e-12    -0.0015   100.0380      98.70    212.902     4.8918 9.2420e+02          1         25 0.0000e+00
   33.13052  -65.68910    19.3670   4.924154    36.5925    120.121    121.011    19.3670   4.924242    36.5934     0.1287 1.0000e-12    -0.0007   100.0162      98.70    212.523     4.8831 9.2349e+02          1         24 0.0000e+00
   33.13054  -65.68910    19.3678   4.924317    36.5929    121.107    122.004    19.3676   4.924389    36.5936     0.1217 1.0000e-12     0.0054    99.8662      98.70    212.590     4.8847 9.2368e+02          1         23 0.0000e+00
   33.13054  -65.68910    19.3680   4.924393    36.5930    122.102    123.007    19.3680   4.924520    36.5940     0.1291 1.0000e-12     0.0094    99.7657      98.69    212.746     4.8883 9.2359e+02          1         22 0.0000e+00
   33.13054  -65.68910    19.3662   4.924215    36.5926    123.123    124.036    19.3663   4.924343    36.5937     0.1561 1.0000e-12     0.0001    99.9980      98.72    212.920     4.8923 9.2433e+02          1         24 0.0000e+00
   33.13054  -65.68910    19.3658   4.924200    36.5926    124.092    125.012    19.3657   4.924300    36.5934     0.1857 1.0000e-12     0.0003    99.9927      98.71    213.556     4.9069 9.2349e+02          1         24 0.0000e+00
   33.13054  -65.68910    19.3653   4.924178    36.5924    125.073    126.001    19.3653   4.924299    36.5934     0.2314 1.0000e-12     0.0044    99.8912      98.70    213.274     4.9004 9.2172e+02          1         29 0.0000e+00
   33.13056  -65.68908    19.3646   4.924139    36.5924    126.084    127.019    19.3646   4.924251    36.5933     0.2732 1.0000e-12     0.0067    99.8317      98.70    212.402     4.8804 9.1963e+02          1         26 0.0000e+00
   33.13056  -65.68908    19.3643   4.924156    36.5924    127.090    128.033    19.3644   4.924284    36.5934     0.2577 1.0000e-12     0.0069    99.8271      98.71    212.947     4.8929 9.1903e+02          1         23 0.0000e+00
   33.13056  -65.68908    19.3645   4.924236    36.5925    128.061    129.012    19.3646   4.924347    36.5934     0.2348 1.0000e-12     0.0070    99.8257      98.70    213.240     4.8996 9.1903e+02          1         21 0.0000e+00
   33.13056  -65.68908    19.3646   4.924281    36.5924    129.065    130.023    19.3647   4.924410    36.5934     0.2418 1.0000e-12     0.0056    99.8591      98.70    212.873     4.8912 9.2001e+02          1         25 0.0000e+00
   33.13056  -65.68907    19.3651   4.924406    36.5926    130.043    131.009    19.3653   4.924540    36.5936     0.2410 1.0000e-12     0.0075    99.8138      98.70    212.471     4.8819 9.2135e+02          1         24 0.0000e+00
   33.13056  -65.68906    19.3663   4.924631    36.5930    131.013    131.987    19.3664   4.924746    36.5939     0.2342 1.0000e-12     0.0050    99.8742      98.70    212.805     4.8896 9.2186e+02          1         26 0.0000e+00
   33.13056  -65.68906    19.3671   4.924817    36.5935    132.009    132.991    19.3671   4.924929    36.5944     0.2056 1.0000e-12     0.0045    99.8883      98.70    212.579     4.8844 9.2217e+02          1         22 0.0000e+00
   33.13056  -65.68906    19.3674   4.924944    36.5939    132.997    133.986    19.3674   4.925041    36.5947     0.1949 1.0000e-12     0.0026    99.9358      98.70    213.411     4.9036 9.2061e+02          1         24 0.0000e+00
   33.13056  -65.68906    19.3673   4.924957    36.5938    133.987    134.984    19.3673   4.925074    36.5947     0.1819 1.0000e-12     0.0022    99.9455      98.70    213.592     4.9077 9.1796e+02          1         23 0.0000e+00
   33.13057  -65.68906    19.3658   4.924803    36.5934    134.983    135.988    19.3658   4.924926    36.5945     0.1588 1.0000e-12     0.0001    99.9979      98.71    212.940     4.8927 9.1560e+02          1         26 0.0000e+00
   33.13058  -65.68906    19.3646   4.924683    36.5932    135.971    136.983    19.3646   4.924815    36.5942     0.1593 1.0000e-12     0.0005    99.9870      98.70    213.260     4.9000 9.1423e+02          1         26 0.0000e+00
   33.13058  -65.68906    19.3644   4.924721    36.5933    136.933    137.953    19.3644   4.924818    36.5941     0.1568 1.0000e-12    -0.0006   100.0141      98.71    212.803     4.8896 9.1559e+02          1         24 0.0000e+00
   33.13058  -65.68906    19.3647   4.924803    36.5933    137.935    138.963    19.3647   4.924912    36.5942     0.1593 1.0000e-12    -0.0010   100.0238      98.70    212.668     4.8865 9.1796e+02          1         23 0.0000e+00
