Data/ruptures/KN207-01/QL-2/20701058.cnv
* Sea-Bird SBE 9 Data File:
* FileName = C:\Data\ctd\20701058.hex
* Software Version Seasave V 7.21e
* Temperature SN = 4406
* Conductivity SN = 1474
* Number of Bytes Per Scan = 40
* Number of Voltage Words = 5
* Number of Scans Averaged by the Deck Unit = 1
* NMEA Latitude = 32 55.71 N
* NMEA Longitude = 065 53.74 W
* NMEA UTC (Time) = Apr 30 2012 12:07:11
** R/V Knorr Cruise # KN207-01 QL 2
** Chief Scientist: Ben Van Mooy
# nquan = 21
# nvalues = 398                         
# units = specified
# name 0 = latitude: Latitude [deg]
# name 1 = longitude: Longitude [deg]
# name 2 = t090C: Temperature [ITS-90, deg C]
# name 3 = c0S/m: Conductivity [S/m]
# name 4 = sal00: Salinity, Practical [PSU]
# name 5 = depSM: Depth [salt water, m]
# name 6 = prDM: Pressure, Digiquartz [db]
# name 7 = t190C: Temperature, 2 [ITS-90, deg C]
# name 8 = c1S/m: Conductivity, 2 [S/m]
# name 9 = sal11: Salinity, Practical, 2 [PSU]
# name 10 = flECO-AFL: Fluorescence, WET Labs ECO-AFL/FL [mg/m^3]
# name 11 = par: PAR/Irradiance, Biospherical/Licor
# name 12 = bat: Beam Attenuation, Chelsea/Seatech [1/m]
# name 13 = xmiss: Beam Transmission, Chelsea/Seatech [%]
# name 14 = altM: Altimeter [m]
# name 15 = sbeox0Mm/Kg: Oxygen, SBE 43 [umol/kg]
# name 16 = sbeox0ML/L: Oxygen, SBE 43 [ml/l]
# name 17 = spar: SPAR/Surface Irradiance
# name 18 = pumps: Pump Status
# name 19 = nbin: number of scans per bin
# name 20 = flag: flag
# span 0 =   32.92766,   32.92865       
# span 1 =  -65.89612,  -65.89566       
# span 2 =    18.0213,    20.4403       
# span 3 =   4.575063,   5.031519       
# span 4 =    32.9146,    36.9779       
# span 5 =      3.426,    200.187       
# span 6 =      3.450,    201.706       
# span 7 =    18.0218,    20.4355       
# span 8 =   4.777993,   5.031600       
# span 9 =    34.8624,    36.9667       
# span 10 =     0.0031,     0.9289      
# span 11 = 1.0000e-12, 5.3208e-02      
# span 12 =    -0.0089,     0.0774      
# span 13 =    98.0848,   100.2231      
# span 14 =       0.96,      98.86      
# span 15 =    136.557,    380.996      
# span 16 =     3.1384,     8.7506      
# span 17 = 3.0399e+02, 1.9171e+03      
# span 18 =          1,          1      
# span 19 =         18,       1041      
# span 20 = 0.0000e+00, 0.0000e+00      
# interval = decibars: 1                
# start_time = Apr 30 2012 12:07:11 [NMEA time, header]
# bad_flag = -9.990e-29
*END*
[from data line 345]
   32.92768  -65.89600    19.5147   4.937075    36.5946     54.619     55.013    19.5162   4.937241    36.5947     0.2397 1.0000e-12     0.0636    98.4226      98.75    219.686     5.0475 1.0472e+03          1         54 0.0000e+00
   32.92768  -65.89600    19.5292   4.938549    36.5945     53.638     54.025    19.5320   4.938887    36.5948     0.2430 1.0000e-12     0.0635    98.4244      91.92    219.731     5.0485 1.0427e+03          1         38 0.0000e+00
   32.92768  -65.89600    19.5401   4.939804    36.5958     52.509     52.888    19.5388   4.939683    36.5960     0.2295 1.0000e-12     0.0649    98.3902      88.94    220.444     5.0649 1.0523e+03          1         52 0.0000e+00
   32.92768  -65.89600    19.5489   4.940632    36.5954     51.733     52.106    19.5452   4.940282    36.5958     0.2501 1.0000e-12     0.0636    98.4226      71.99    220.509     5.0664 1.0614e+03          1         59 0.0000e+00
   32.92768  -65.89600    19.5545   4.941202    36.5957     50.616     50.981    19.5573   4.941390    36.5948     0.2375 1.0000e-12     0.0638    98.4169      54.66    220.690     5.0705 1.0627e+03          1         33 0.0000e+00
   32.92768  -65.89600    19.6275   4.948888    36.5946     49.608     49.966    19.6110   4.946924    36.5930     0.2133 1.0000e-12     0.0626    98.4472      94.87    220.370     5.0631 1.0807e+03          1         41 0.0000e+00
   32.92768  -65.89600    19.6640   4.952909    36.5963     48.613     48.964    19.6662   4.953031    36.5953     0.2093 1.0000e-12     0.0623    98.4545      98.75    219.954     5.0535 1.1756e+03          1         74 0.0000e+00
   32.92768  -65.89602    19.6834   4.954975    36.5971     47.708     48.052    19.6853   4.955228    36.5976     0.1918 1.0000e-12     0.0622    98.4570      98.75    219.383     5.0403 1.1622e+03          1         44 0.0000e+00
   32.92768  -65.89602    19.6998   4.956596    36.5967     46.625     46.961    19.6935   4.955870    36.5964     0.2034 1.0000e-12     0.0639    98.4157      98.75    219.527     5.0436 1.0949e+03          1         34 0.0000e+00
   32.92768  -65.89602    19.7289   4.959697    36.5972     45.629     45.958    19.7286   4.959379    36.5947     0.1814 1.0000e-12     0.0653    98.3819      98.75    219.909     5.0524 1.0657e+03          1         47 0.0000e+00
   32.92768  -65.89602    19.8174   4.968551    36.5922     44.715     45.038    19.8243   4.969305    36.5922     0.1987 1.0000e-12     0.0665    98.3512      66.44    219.746     5.0485 1.0576e+03          1         53 0.0000e+00
   32.92768  -65.89602    19.8590   4.973158    36.5945     43.707     44.021    19.8648   4.973654    36.5934     0.1637 1.0000e-12     0.0649    98.3904      83.86    219.792     5.0495 1.0589e+03          1         55 0.0000e+00
   32.92768  -65.89602    19.9129   4.978880    36.5950     42.696     43.003    19.9270   4.980423    36.5952     0.1766 1.0000e-12     0.0668    98.3431      77.62    219.412     5.0407 1.0530e+03          1         51 0.0000e+00
   32.92768  -65.89602    19.9403   4.981779    36.5957     41.685     41.985    19.9456   4.982344    36.5958     0.1841 1.0000e-12     0.0672    98.3341      98.76    218.906     5.0290 1.0530e+03          1         48 0.0000e+00
   32.92768  -65.89602    19.9640   4.984327    36.5967     40.686     40.979    19.9689   4.984773    36.5962     0.1620 1.0000e-12     0.0671    98.3364      98.75    218.709     5.0245 1.0533e+03          1         43 0.0000e+00
   32.92768  -65.89602    20.0503   4.993820    36.5997     39.636     39.921    20.0516   4.993794    36.5985     0.1887 1.0000e-12     0.0661    98.3614      98.75    218.621     5.0224 1.0476e+03          1        115 0.0000e+00
   32.92770  -65.89602    20.1026   4.999269    36.6004     38.609     38.887    20.0979   4.998821    36.6009     0.1681 1.0000e-12     0.0649    98.3895      98.75    217.991     5.0078 1.0468e+03          1        114 0.0000e+00
   32.92770  -65.89603    20.1156   5.000560    36.6020     37.867     38.139    20.1158   5.000644    36.6025     0.1537 1.0000e-12     0.0636    98.4234      94.48    217.793     5.0033 1.0175e+03          1        472 0.0000e+00
   32.92770  -65.89604    20.1259   5.001590    36.6023     36.771     37.035    20.1251   5.001568    36.6028     0.1541 1.0000e-12     0.0637    98.4198      98.78    217.888     5.0054 9.7429e+02          1        148 0.0000e+00
   32.92770  -65.89605    20.1352   5.002563    36.6028     35.875     36.132    20.1352   5.002640    36.6034     0.1418 1.0000e-12     0.0612    98.4820      91.80    217.686     5.0008 8.9473e+02          1       1041 0.0000e+00
   32.92772  -65.89606    20.1376   5.002761    36.6027     34.748     34.997    20.1377   5.002854    36.6034     0.1446 1.0000e-12     0.0608    98.4909      98.60    217.677     5.0006 8.2777e+02          1         55 0.0000e+00
   32.92772  -65.89606    20.1399   5.002963    36.6027     33.853     34.096    20.1394   5.002974    36.6033     0.1327 1.0000e-12     0.0604    98.5005      78.35    217.958     5.0070 8.1874e+02          1         76 0.0000e+00
   32.92772  -65.89606    20.1418   5.003119    36.6027     32.733     32.968    20.1421   5.003207    36.6032     0.1510 1.0000e-12     0.0592    98.5317      87.52    217.998     5.0079 8.1807e+02          1         46 0.0000e+00
   32.92772  -65.89607    20.1446   5.003350    36.6026     31.781     32.009    20.1444   5.003400    36.6031     0.1401 1.0000e-12     0.0621    98.4604      98.77    217.904     5.0058 8.1378e+02          1         60 0.0000e+00
   32.92772  -65.89608    20.1455   5.003402    36.6025     30.787     31.008    20.1462   5.003543    36.6031     0.1322 1.0000e-12     0.0616    98.4717      98.77    217.420     4.9947 8.0730e+02          1         48 0.0000e+00
   32.92772  -65.89608    20.1489   5.003695    36.6023     29.823     30.036    20.1491   5.003776    36.6028     0.1151 1.0000e-12     0.0596    98.5213      98.77    217.722     5.0016 8.0708e+02          1         44 0.0000e+00
   32.92772  -65.89608    20.1531   5.004103    36.6024     28.771     28.977    20.1537   5.004183    36.6025     0.1321 1.0000e-12     0.0578    98.5661      98.77    217.851     5.0046 8.0420e+02          1         42 0.0000e+00
   32.92772  -65.89608    20.1659   5.005446    36.6024     27.837     28.036    20.1633   5.005169    36.6025     0.1152 1.0000e-12     0.0590    98.5370      98.76    217.714     5.0014 8.0058e+02          1         60 0.0000e+00
   32.92772  -65.89608    20.1778   5.006612    36.6019     26.799     26.991    20.1765   5.006478    36.6019     0.1306 1.0000e-12     0.0605    98.4995      98.77    218.197     5.0124 7.9639e+02          1         43 0.0000e+00
   32.92772  -65.89608    20.1953   5.008469    36.6021     25.756     25.940    20.1936   5.008292    36.6022     0.1256 1.0000e-12     0.0597    98.5196      98.77    217.326     4.9924 7.9715e+02          1         63 0.0000e+00
   32.92772  -65.89608    20.2099   5.010021    36.6025     24.944     25.123    20.2061   5.009605    36.6024     0.1130 1.0000e-12     0.0595    98.5251      98.77    217.570     4.9980 7.9634e+02          1         51 0.0000e+00
   32.92772  -65.89608    20.2112   5.010112    36.6027     23.830     24.000    20.2124   5.010198    36.6022     0.1049 1.0000e-12     0.0584    98.5503      98.77    217.633     4.9995 7.8831e+02          1         30 0.0000e+00
   32.92772  -65.89608    20.2253   5.011578    36.6027     22.730     22.893    20.2243   5.011498    36.6029     0.1186 1.0000e-12     0.0572    98.5815      98.77    217.199     4.9895 7.8493e+02          1         51 0.0000e+00
   32.92772  -65.89608    20.2335   5.012440    36.6030     21.919     22.076    20.2317   5.012277    36.6032     0.1121 1.0000e-12     0.0571    98.5820      98.77    217.538     4.9973 7.8486e+02          1         61 0.0000e+00
   32.92772  -65.89608    20.2358   5.012594    36.6028     20.861     21.011    20.2342   5.012451    36.6031     0.1213 1.0000e-12     0.0592    98.5306      98.77    217.048     4.9860 7.8127e+02          1         41 0.0000e+00
   32.92772  -65.89608    20.2778   5.017121    36.6031     19.880     20.022    20.2678   5.015937    36.6023     0.1057 1.0000e-12     0.0585    98.5477      98.77    217.584     4.9983 7.7779e+02          1         63 0.0000e+00
   32.92772  -65.89608    20.3345   5.023223    36.6035     18.918     19.053    20.3135   5.020851    36.6027     0.1186 1.0000e-12     0.0566    98.5954      98.77    217.413     4.9943 7.7561e+02          1         44 0.0000e+00
   32.92772  -65.89608    20.3470   5.024317    36.6023     17.874     18.002    20.3554   5.024796    36.5985     0.1157 1.0000e-12     0.0571    98.5835      98.77    216.543     4.9743 7.7301e+02          1         35 0.0000e+00
   32.92772  -65.89608    20.3910   5.029244    36.6044     16.803     16.923    20.3879   5.028903    36.6043     0.1212 1.0000e-12     0.0557    98.6175      98.77    216.856     4.9814 7.7165e+02          1         58 0.0000e+00
   32.92772  -65.89608    20.4066   5.030939    36.6055     15.978     16.092    20.4037   5.030648    36.6056     0.1098 1.0000e-12     0.0565    98.5972      98.77    216.887     4.9821 7.6881e+02          1         56 0.0000e+00
   32.92772  -65.89610    20.4061   5.030783    36.6059     14.861     14.967    20.4053   5.030767    36.6064     0.1171 1.0000e-12     0.0559    98.6115      98.75    216.577     4.9750 7.6844e+02          1        116 0.0000e+00
   32.92772  -65.89610    20.4087   5.030994    36.6063     13.806     13.904    20.4087   5.031047    36.6067     0.1113 1.0000e-12     0.0557    98.6164      84.03    216.438     4.9718 7.6506e+02          1        146 0.0000e+00
   32.92772  -65.89610    20.4114   5.031222    36.6065     12.788     12.879    20.4119   5.031339    36.6070     0.1027 1.0000e-12     0.0564    98.6005      98.77    216.611     4.9757 7.6234e+02          1         82 0.0000e+00
   32.92772  -65.89610    20.4145   5.031519    36.6067     11.938     12.023    20.4146   5.031600    36.6073     0.1135 1.0000e-12     0.0558    98.6154      98.77    216.816     4.9804 7.6065e+02          1        135 0.0000e+00
   32.92772  -65.89610    20.4136   5.031373    36.6068     10.829     10.907    20.4140   5.031493    36.6074     0.1034 1.0000e-12     0.0596    98.5204      98.77    216.796     4.9800 7.5988e+02          1        133 0.0000e+00
   32.92774  -65.89612    20.4132   5.031267    36.6067      9.826      9.896    20.4133   5.031361    36.6074     0.1107 1.0000e-12     0.0606    98.4975      98.77    216.714     4.9781 7.6065e+02          1         73 0.0000e+00
   32.92772  -65.89610    20.4129   5.031214    36.6068      8.987      9.051    20.4130   5.031288    36.6074     0.1039 1.0000e-12     0.0556    98.6196      98.77    216.661     4.9769 7.6318e+02          1        148 0.0000e+00
   32.92774  -65.89612    20.4131   5.031167    36.6067      7.995      8.052    20.4121   5.031149    36.6074     0.1091 1.0000e-12     0.0569    98.5877      73.78    216.599     4.9755 7.6566e+02          1         81 0.0000e+00
   32.92774  -65.89610    20.4149   5.031336    36.6068      7.123      7.174    20.4134   5.031262    36.6075     0.0954 1.0000e-12     0.0575    98.5738      11.54    216.656     4.9768 7.7017e+02          1        137 0.0000e+00
   32.92774  -65.89611    20.4109   5.030870    36.6068      6.182      6.226    20.4113   5.030974    36.6074     0.1075 1.0000e-12     0.0569    98.5870      31.16    216.660     4.9769 8.0405e+02          1        596 0.0000e+00
   32.92774  -65.89612    20.4124   5.030949    36.6066      5.015      5.051    20.4114   5.030931    36.6073     0.1016 1.0000e-12     0.0559    98.6131      15.85    216.754     4.9790 8.4097e+02          1        135 0.0000e+00
   32.92774  -65.89612    20.4126   5.030940    36.6067      4.037      4.066    20.4124   5.030986    36.6072     0.1087 1.0000e-12     0.0558    98.6134      32.60    216.895     4.9823 8.5609e+02          1        177 0.0000e+00
   32.92774  -65.89612    20.4117   5.030826    36.6068      3.426      3.450    20.4122   5.030941    36.6073     0.1019 1.0000e-12     0.0563    98.6014       5.19    216.364     4.9701 8.6583e+02          1         53 0.0000e+00
