Data/ruptures/KN207-01/QL-2/20701079.cnv
* Sea-Bird SBE 9 Data File:
* FileName = C:\Data\ctd\20701079.hex
* Software Version Seasave V 7.21e
* Temperature SN = 4406
* Conductivity SN = 1474
* Number of Bytes Per Scan = 40
* Number of Voltage Words = 5
* Number of Scans Averaged by the Deck Unit = 1
* NMEA Latitude = 33 08.99 N
* NMEA Longitude = 065 41.12 W
* NMEA UTC (Time) = May 02 2012 22:03:41
** R/V Knorr Cruise # KN207-01 QL 2
** Chief Scientist: Ben Van Mooy
# nquan = 21
# nvalues = 398                         
# units = specified
# name 0 = latitude: Latitude [deg]
# name 1 = longitude: Longitude [deg]
# name 2 = t090C: Temperature [ITS-90, deg C]
# name 3 = c0S/m: Conductivity [S/m]
# name 4 = sal00: Salinity, Practical [PSU]
# name 5 = depSM: Depth [salt water, m]
# name 6 = prDM: Pressure, Digiquartz [db]
# name 7 = t190C: Temperature, 2 [ITS-90, deg C]
# name 8 = c1S/m: Conductivity, 2 [S/m]
# name 9 = sal11: Salinity, Practical, 2 [PSU]
# name 10 = flECO-AFL: Fluorescence, WET Labs ECO-AFL/FL [mg/m^3]
# name 11 = par: PAR/Irradiance, Biospherical/Licor
# name 12 = bat: Beam Attenuation, Chelsea/Seatech [1/m]
# name 13 = xmiss: Beam Transmission, Chelsea/Seatech [%]
# name 14 = altM: Altimeter [m]
# name 15 = sbeox0Mm/Kg: Oxygen, SBE 43 [umol/kg]
# name 16 = sbeox0ML/L: Oxygen, SBE 43 [ml/l]
# name 17 = spar: SPAR/Surface Irradiance
# name 18 = pumps: Pump Status
# name 19 = nbin: number of scans per bin
# name 20 = flag: flag
# span 0 =   33.14991,   33.15100       
# span 1 =  -65.68552,  -65.68542       
# span 2 =    18.3880,    20.4234       
# span 3 =   4.818068,   5.034268       
# span 4 =    36.5340,    36.6192       
# span 5 =      2.161,    199.267       
# span 6 =      2.176,    200.782       
# span 7 =    18.3928,    20.4233       
# span 8 =   4.818594,   5.034180       
# span 9 =    36.5351,    36.6200       
# span 10 =     0.0166,     0.8575      
# span 11 = 1.0000e-12, 1.0000e-12      
# span 12 =    -0.0085,     0.0766      
# span 13 =    98.1018,   100.2130      
# span 14 =       0.97,      98.80      
# span 15 =    187.589,    223.279      
# span 16 =     4.3109,     5.1299      
# span 17 = 1.0252e+02, 1.3207e+02      
# span 18 =          1,          1      
# span 19 =         16,       1421      
# span 20 = 0.0000e+00, 0.0000e+00      
# interval = decibars: 1                
# start_time = May 02 2012 22:03:41 [NMEA time, header]
# bad_flag = -9.990e-29
*END*
   33.14991  -65.68547    20.4152   5.032609    36.6186      2.852      2.872    20.4154   5.032766    36.6197     0.1056 1.0000e-12     0.0550    98.6355      76.61    218.343     5.0156 1.2931e+02          1        354 0.0000e+00
   33.14994  -65.68546    20.4138   5.032525    36.6187      3.929      3.957    20.4137   5.032651    36.6198     0.0981 1.0000e-12     0.0545    98.6460      62.02    217.792     5.0029 1.2938e+02          1         41 0.0000e+00
   33.14994  -65.68546    20.4132   5.032477    36.6185      5.044      5.080    20.4141   5.032721    36.6197     0.1040 1.0000e-12     0.0537    98.6673      98.66    218.410     5.0171 1.2935e+02          1         76 0.0000e+00
   33.14994  -65.68546    20.4119   5.032384    36.6185      5.942      5.984    20.4122   5.032578    36.6198     0.0998 1.0000e-12     0.0553    98.6261      98.65    218.685     5.0234 1.2947e+02          1         49 0.0000e+00
   33.14995  -65.68546    20.4197   5.033318    36.6189      6.913      6.962    20.4178   5.033251    36.6200     0.0979 1.0000e-12     0.0531    98.6818      98.65    217.954     5.0066 1.2938e+02          1         42 0.0000e+00
   33.14996  -65.68546    20.4213   5.033551    36.6189      7.962      8.019    20.4213   5.033676    36.6200     0.1068 1.0000e-12     0.0549    98.6371      98.66    217.757     5.0021 1.2943e+02          1         42 0.0000e+00
   33.14996  -65.68546    20.4210   5.033561    36.6189      8.927      8.991    20.4213   5.033711    36.6200     0.1084 1.0000e-12     0.0554    98.6237      98.65    218.311     5.0148 1.2942e+02          1         58 0.0000e+00
   33.14998  -65.68546    20.4214   5.033643    36.6189      9.913      9.984    20.4210   5.033709    36.6199     0.0969 1.0000e-12     0.0542    98.6534      98.66    217.671     5.0001 1.2943e+02          1         44 0.0000e+00
   33.14998  -65.68546    20.4215   5.033675    36.6187     10.927     11.005    20.4207   5.033718    36.6198     0.1018 1.0000e-12     0.0538    98.6642      98.66    218.353     5.0158 1.2960e+02          1         41 0.0000e+00
   33.14998  -65.68546    20.4218   5.033756    36.6187     11.956     12.042    20.4213   5.033818    36.6198     0.0984 1.0000e-12     0.0539    98.6624      98.66    217.512     4.9965 1.2966e+02          1         40 0.0000e+00
   33.15000  -65.68546    20.4221   5.033827    36.6188     12.851     12.943    20.4219   5.033923    36.6198     0.1090 1.0000e-12     0.0539    98.6606      90.56    218.435     5.0177 1.2941e+02          1         71 0.0000e+00
   33.15000  -65.68546    20.4234   5.034024    36.6189     13.892     13.991    20.4230   5.034116    36.6200     0.0994 1.0000e-12     0.0542    98.6549      98.71    218.237     5.0131 1.2944e+02          1         36 0.0000e+00
   33.15001  -65.68546    20.4232   5.034049    36.6189     14.904     15.011    20.4233   5.034180    36.6199     0.1067 1.0000e-12     0.0527    98.6908      57.33    217.478     4.9957 1.2944e+02          1         39 0.0000e+00
   33.15002  -65.68546    20.4229   5.034042    36.6188     15.853     15.966    20.4228   5.034154    36.6198     0.0986 1.0000e-12     0.0535    98.6723      98.66    218.359     5.0159 1.2957e+02          1         47 0.0000e+00
   33.15002  -65.68546    20.4219   5.033981    36.6187     16.929     17.050    20.4218   5.034094    36.6198     0.0893 1.0000e-12     0.0534    98.6733      98.66    218.229     5.0129 1.2960e+02          1         51 0.0000e+00
   33.15002  -65.68544    20.4181   5.033598    36.6187     17.813     17.941    20.4201   5.033934    36.6197     0.0986 1.0000e-12     0.0538    98.6627      98.66    218.708     5.0239 1.2947e+02          1         51 0.0000e+00
   33.15002  -65.68544    20.4152   5.033314    36.6185     18.832     18.967    20.4166   5.033576    36.6195     0.0998 1.0000e-12     0.0531    98.6828      98.66    218.430     5.0176 1.2969e+02          1         36 0.0000e+00
   33.15003  -65.68544    20.4099   5.032799    36.6186     19.887     20.030    20.4095   5.032849    36.6194     0.1015 1.0000e-12     0.0552    98.6307      98.66    218.116     5.0104 1.2990e+02          1         56 0.0000e+00
   33.15004  -65.68544    20.4119   5.033056    36.6185     20.806     20.956    20.4103   5.032991    36.6195     0.0961 1.0000e-12     0.0546    98.6433      98.66    218.498     5.0191 1.2971e+02          1         47 0.0000e+00
   33.15004  -65.68544    20.4088   5.032797    36.6187     21.807     21.963    20.4138   5.033395    36.6192     0.1077 1.0000e-12     0.0550    98.6335      98.66    218.038     5.0086 1.3014e+02          1         35 0.0000e+00
   33.15006  -65.68544    20.4136   5.033324    36.6184     22.851     23.015    20.4139   5.033494    36.6195     0.0961 1.0000e-12     0.0540    98.6587      98.66    218.246     5.0133 1.3041e+02          1         50 0.0000e+00
   33.15006  -65.68544    20.4140   5.033428    36.6185     23.810     23.980    20.4136   5.033509    36.6195     0.1147 1.0000e-12     0.0553    98.6267      98.66    218.217     5.0127 1.3038e+02          1         38 0.0000e+00
   33.15006  -65.68544    20.4211   5.034268    36.6187     24.886     25.064    20.4176   5.034005    36.6197     0.0959 1.0000e-12     0.0527    98.6915      98.66    218.362     5.0160 1.3049e+02          1         82 0.0000e+00
   33.15006  -65.68544    20.3822   5.029793    36.6165     25.784     25.969    20.3955   5.031334    36.6172     0.1013 1.0000e-12     0.0538    98.6632      98.66    218.188     5.0120 1.3022e+02          1         32 0.0000e+00
   33.15006  -65.68544    20.3341   5.024731    36.6172     26.844     27.036    20.3343   5.024786    36.6175     0.1047 1.0000e-12     0.0702    98.2611      98.66    218.039     5.0087 1.3075e+02          1         31 0.0000e+00
   33.15008  -65.68544    20.3332   5.024654    36.6166     27.846     28.046    20.3324   5.024697    36.6177     0.1044 1.0000e-12     0.0548    98.6400      98.66    217.937     5.0063 1.3133e+02          1         47 0.0000e+00
   33.15008  -65.68544    20.3244   5.023732    36.6161     28.777     28.984    20.3232   5.023691    36.6169     0.0968 1.0000e-12     0.0565    98.5959      98.66    218.876     5.0279 1.3157e+02          1         63 0.0000e+00
   33.15010  -65.68544    20.2925   5.020188    36.6148     29.724     29.938    20.2900   5.020076    36.6160     0.1139 1.0000e-12     0.0554    98.6229      98.66    218.400     5.0170 1.3113e+02          1         51 0.0000e+00
   33.15010  -65.68544    20.2881   5.019861    36.6152     30.788     31.010    20.2879   5.019975    36.6163     0.1108 1.0000e-12     0.0543    98.6515      98.66    218.683     5.0235 1.3144e+02          1         40 0.0000e+00
   33.15010  -65.68544    20.2805   5.018975    36.6140     31.822     32.051    20.2806   5.019106    36.6150     0.1180 1.0000e-12     0.0560    98.6103      98.66    218.265     5.0139 1.3148e+02          1         50 0.0000e+00
   33.15012  -65.68544    20.2748   5.018395    36.6137     32.745     32.981    20.2752   5.018550    36.6147     0.1207 1.0000e-12     0.0568    98.5899      98.66    218.783     5.0258 1.3148e+02          1         52 0.0000e+00
   33.15012  -65.68544    20.2679   5.017620    36.6129     33.751     33.994    20.2679   5.017740    36.6138     0.1037 1.0000e-12     0.0548    98.6390      98.66    218.971     5.0302 1.3143e+02          1         37 0.0000e+00
   33.15013  -65.68544    20.2671   5.017575    36.6126     34.783     35.033    20.2668   5.017657    36.6136     0.1330 1.0000e-12     0.0554    98.6244      98.66    218.954     5.0298 1.3175e+02          1         48 0.0000e+00
   33.15014  -65.68544    20.2610   5.016865    36.6117     35.675     35.932    20.2620   5.017118    36.6129     0.1225 1.0000e-12     0.0559    98.6113      98.67    218.300     5.0148 1.3153e+02          1         58 0.0000e+00
   33.15014  -65.68544    20.2312   5.013317    36.6086     36.752     37.017    20.2338   5.013727    36.6097     0.1344 1.0000e-12     0.0578    98.5646      98.66    218.375     5.0165 1.3161e+02          1         37 0.0000e+00
   33.15014  -65.68544    20.2006   5.009828    36.6065     37.795     38.067    20.2032   5.010232    36.6076     0.1179 1.0000e-12     0.0562    98.6044      98.66    219.008     5.0311 1.3157e+02          1         55 0.0000e+00
   33.15014  -65.68544    20.1579   5.005024    36.6043     38.684     38.963    20.1603   5.005373    36.6051     0.1444 1.0000e-12     0.0581    98.5575      98.66    219.657     5.0460 1.3171e+02          1         44 0.0000e+00
   33.15015  -65.68544    20.1346   5.002538    36.6037     39.747     40.034    20.1359   5.002767    36.6045     0.1442 1.0000e-12     0.0616    98.4710      98.66    220.202     5.0586 1.3186e+02          1         44 0.0000e+00
   33.15016  -65.68544    20.1255   5.001572    36.6030     40.653     40.946    20.1258   5.001737    36.6041     0.1704 1.0000e-12     0.0644    98.4039      98.67    219.917     5.0521 1.3157e+02          1         57 0.0000e+00
   33.15016  -65.68544    20.1005   4.998840    36.6021     41.706     42.007    20.1044   4.999402    36.6032     0.1622 1.0000e-12     0.0660    98.3647      98.67    220.181     5.0581 1.3161e+02          1         35 0.0000e+00
   33.15018  -65.68544    20.0601   4.994544    36.6019     42.717     43.025    20.0616   4.994740    36.6023     0.1479 1.0000e-12     0.0690    98.2895      98.66    220.202     5.0587 1.3188e+02          1         42 0.0000e+00
   33.15018  -65.68544    20.0346   4.991810    36.6012     43.678     43.994    20.0354   4.992063    36.6025     0.1771 1.0000e-12     0.0689    98.2928      98.67    220.642     5.0688 1.3176e+02          1         59 0.0000e+00
   33.15018  -65.68544    19.9310   4.980905    36.6026     44.661     44.983    19.9347   4.981362    36.6031     0.1774 1.0000e-12     0.0686    98.2988      98.67    221.389     5.0861 1.3181e+02          1         57 0.0000e+00
   33.15018  -65.68544    19.8182   4.968696    36.6013     45.592     45.921    19.8287   4.969796    36.6011     0.2038 1.0000e-12     0.0706    98.2501      98.66    221.977     5.0998 1.3174e+02          1         35 0.0000e+00
   33.15018  -65.68544    19.7383   4.960395    36.6028     46.661     46.998    19.7421   4.960812    36.6030     0.1955 1.0000e-12     0.0722    98.2116      98.67    222.007     5.1006 1.3184e+02          1         29 0.0000e+00
   33.15020  -65.68544    19.7259   4.959143    36.6014     47.659     48.003    19.7492   4.961793    36.6026     0.2123 1.0000e-12     0.0737    98.1746      98.66    222.756     5.1178 1.3180e+02          1         81 0.0000e+00
   33.15020  -65.68544    19.6952   4.956015    36.6013     48.641     48.993    19.6979   4.956327    36.6017     0.1980 1.0000e-12     0.0722    98.2107      98.67    223.279     5.1299 1.3207e+02          1         29 0.0000e+00
   33.15021  -65.68544    19.6717   4.953511    36.6002     49.792     50.152    19.6756   4.954046    36.6014     0.2134 1.0000e-12     0.0760    98.1165      86.06    223.179     5.1276 1.3181e+02          1         55 0.0000e+00
   33.15022  -65.68544    19.6370   4.949691    36.5984     50.509     50.875    19.6441   4.950524    36.5992     0.2121 1.0000e-12     0.0731    98.1894      98.66    222.644     5.1153 1.3178e+02          1         51 0.0000e+00
   33.15022  -65.68544    19.5845   4.943975    36.5968     51.612     51.985    19.5856   4.944187    36.5977     0.2361 1.0000e-12     0.0710    98.2415      98.67    222.727     5.1173 1.3182e+02          1         32 0.0000e+00
   33.15022  -65.68544    19.5713   4.942583    36.5958     52.638     53.019    19.5719   4.942770    36.5969     0.2419 1.0000e-12     0.0730    98.1917      98.67    222.938     5.1222 1.3173e+02          1         54 0.0000e+00
   33.15022  -65.68544    19.5635   4.941843    36.5954     53.585     53.973    19.5638   4.941981    36.5964     0.2392 1.0000e-12     0.0725    98.2038      98.66    222.989     5.1234 1.3176e+02          1         46 0.0000e+00
   33.15023  -65.68544    19.5564   4.941130    36.5948     54.669     55.065    19.5570   4.941313    36.5959     0.2319 1.0000e-12     0.0731    98.1882      98.67    223.232     5.1289 1.3201e+02          1         50 0.0000e+00
   33.15024  -65.68544    19.5233   4.937633    36.5945     55.543     55.946    19.5257   4.937982    36.5953     0.2207 1.0000e-12     0.0734    98.1822      98.67    222.889     5.1211 1.3173e+02          1         54 0.0000e+00
   33.15024  -65.68544    19.5008   4.935377    36.5951     56.571     56.981    19.5013   4.935543    36.5960     0.2272 1.0000e-12     0.0695    98.2781      98.67    222.798     5.1190 1.3174e+02          1         34 0.0000e+00
   33.15024  -65.68542    19.4943   4.934691    36.5943     57.588     58.006    19.4946   4.934852    36.5954     0.2403 1.0000e-12     0.0652    98.3838      98.67    221.693     5.0936 1.3170e+02          1         52 0.0000e+00
   33.15024  -65.68542    19.4895   4.934212    36.5937     58.543     58.968    19.4896   4.934340    36.5948     0.2376 1.0000e-12     0.0631    98.4342      98.66    222.266     5.1068 1.3171e+02          1         44 0.0000e+00
   33.15025  -65.68542    19.4861   4.933930    36.5937     59.595     60.028    19.4862   4.934045    36.5947     0.2596 1.0000e-12     0.0623    98.4547      78.79    221.530     5.0899 1.3182e+02          1         42 0.0000e+00
   33.15026  -65.68542    19.4774   4.933143    36.5944     60.528     60.967    19.4777   4.933286    36.5953     0.2512 1.0000e-12     0.0628    98.4417      91.91    222.157     5.1043 1.3176e+02          1         61 0.0000e+00
   33.15026  -65.68542    19.4662   4.932062    36.5947     61.577     62.025    19.4664   4.932201    36.5957     0.2417 1.0000e-12     0.0615    98.4741      98.68    221.475     5.0887 1.3161e+02          1         45 0.0000e+00
   33.15026  -65.68542    19.4624   4.931704    36.5945     62.506     62.960    19.4625   4.931837    36.5956     0.2480 1.0000e-12     0.0624    98.4507      98.74    221.230     5.0831 1.3166e+02          1         46 0.0000e+00
   33.15026  -65.68542    19.4577   4.931273    36.5946     63.524     63.986    19.4581   4.931429    36.5955     0.2851 1.0000e-12     0.0585    98.5475      98.67    221.264     5.0838 1.3174e+02          1         35 0.0000e+00
   33.15026  -65.68542    19.4556   4.931107    36.5945     64.573     65.042    19.4555   4.931203    36.5954     0.2717 1.0000e-12     0.0530    98.6833      98.67    220.928     5.0761 1.3180e+02          1         48 0.0000e+00
   33.15026  -65.68542    19.4537   4.930941    36.5943     65.511     65.987    19.4542   4.931121    36.5953     0.2945 1.0000e-12     0.0527    98.6924      98.67    220.769     5.0725 1.3161e+02          1         65 0.0000e+00
   33.15026  -65.68542    19.4488   4.930474    36.5943     66.495     66.979    19.4492   4.930623    36.5952     0.2643 1.0000e-12     0.0498    98.7620      98.67    220.989     5.0775 1.3156e+02          1         44 0.0000e+00
   33.15028  -65.68542    19.4446   4.930081    36.5943     67.483     67.974    19.4455   4.930281    36.5952     0.2793 1.0000e-12     0.0491    98.7794      98.68    220.784     5.0728 1.3167e+02          1         37 0.0000e+00
   33.15028  -65.68542    19.4425   4.929902    36.5942     68.498     68.996    19.4427   4.930039    36.5952     0.2845 1.0000e-12     0.0530    98.6849      98.67    220.491     5.0661 1.3167e+02          1         37 0.0000e+00
   33.15028  -65.68542    19.4406   4.929756    36.5942     69.554     70.061    19.4407   4.929861    36.5950     0.2971 1.0000e-12     0.0514    98.7230      98.68    220.451     5.0652 1.3157e+02          1         56 0.0000e+00
