Data/ruptures/KN207-01/QL-2/20701082.cnv
* Sea-Bird SBE 9 Data File:
* FileName = C:\Data\ctd\20701082.hex
* Software Version Seasave V 7.21e
* Temperature SN = 4406
* Conductivity SN = 1474
* Number of Bytes Per Scan = 40
* Number of Voltage Words = 5
* Number of Scans Averaged by the Deck Unit = 1
* NMEA Latitude = 33 14.13 N
* NMEA Longitude = 065 40.88 W
* NMEA UTC (Time) = May 03 2012 13:01:33
** R/V Knorr Cruise # KN207-01 QL 2
** Chief Scientist: Ben Van Mooy
# nquan = 21
# nvalues = 400                         
# units = specified
# name 0 = latitude: Latitude [deg]
# name 1 = longitude: Longitude [deg]
# name 2 = t090C: Temperature [ITS-90, deg C]
# name 3 = c0S/m: Conductivity [S/m]
# name 4 = sal00: Salinity, Practical [PSU]
# name 5 = depSM: Depth [salt water, m]
# name 6 = prDM: Pressure, Digiquartz [db]
# name 7 = t190C: Temperature, 2 [ITS-90, deg C]
# name 8 = c1S/m: Conductivity, 2 [S/m]
# name 9 = sal11: Salinity, Practical, 2 [PSU]
# name 10 = flECO-AFL: Fluorescence, WET Labs ECO-AFL/FL [mg/m^3]
# name 11 = par: PAR/Irradiance, Biospherical/Licor
# name 12 = bat: Beam Attenuation, Chelsea/Seatech [1/m]
# name 13 = xmiss: Beam Transmission, Chelsea/Seatech [%]
# name 14 = altM: Altimeter [m]
# name 15 = sbeox0Mm/Kg: Oxygen, SBE 43 [umol/kg]
# name 16 = sbeox0ML/L: Oxygen, SBE 43 [ml/l]
# name 17 = spar: SPAR/Surface Irradiance
# name 18 = pumps: Pump Status
# name 19 = nbin: number of scans per bin
# name 20 = flag: flag
# span 0 =   33.23559,   33.23714       
# span 1 =  -65.68327,  -65.68142       
# span 2 =    19.1023,    20.3192       
# span 3 =   4.901031,   5.022098       
# span 4 =    36.5853,    36.6213       
# span 5 =      3.224,    201.148       
# span 6 =      3.247,    202.680       
# span 7 =    19.1034,    20.3191       
# span 8 =   4.900776,   5.022182       
# span 9 =    36.5841,    36.6226       
# span 10 =     0.0347,     1.0234      
# span 11 = 1.0000e-12, 1.0000e-12      
# span 12 =    -0.0032,     0.0795      
# span 13 =    98.0311,   100.0803      
# span 14 =       1.03,      99.01      
# span 15 =    201.831,    221.902      
# span 16 =     4.6378,     5.0982      
# span 17 = 3.4352e+02, 7.8716e+02      
# span 18 =          1,          1      
# span 19 =         16,        792      
# span 20 = 0.0000e+00, 0.0000e+00      
# interval = decibars: 1                
# start_time = May 03 2012 13:01:33 [NMEA time, header]
# bad_flag = -9.990e-29
*END*
[from data line 138]
   33.23592  -65.68184    19.3757   4.926352    36.5955    140.920    141.973    19.3755   4.926424    36.5962     0.1610 1.0000e-12     0.0078    99.8059      98.70    212.295     4.8779 3.9011e+02          1         18 0.0000e+00
   33.23592  -65.68184    19.3757   4.926367    36.5952    141.960    143.020    19.3755   4.926470    36.5962     0.1532 1.0000e-12     0.0075    99.8122      98.70    212.323     4.8785 3.9036e+02          1         21 0.0000e+00
   33.23592  -65.68184    19.3752   4.926371    36.5952    142.974    144.042    19.3752   4.926460    36.5960     0.1830 1.0000e-12     0.0071    99.8232      98.71    212.422     4.8808 3.9020e+02          1         28 0.0000e+00
   33.23593  -65.68184    19.3749   4.926350    36.5950    143.885    144.961    19.3749   4.926455    36.5959     0.1722 1.0000e-12     0.0064    99.8386      98.70    212.267     4.8772 3.9102e+02          1         34 0.0000e+00
   33.23594  -65.68184    19.3744   4.926331    36.5949    144.893    145.976    19.3744   4.926433    36.5958     0.1644 1.0000e-12     0.0074    99.8149      98.70    212.102     4.8735 3.9216e+02          1         26 0.0000e+00
   33.23594  -65.68184    19.3740   4.926298    36.5946    145.929    147.021    19.3739   4.926399    36.5956     0.1244 1.0000e-12     0.0073    99.8194      98.70    212.173     4.8751 3.9239e+02          1         22 0.0000e+00
   33.23594  -65.68184    19.3731   4.926235    36.5945    146.921    148.020    19.3731   4.926327    36.5953     0.1089 1.0000e-12     0.0073    99.8183      98.69    212.302     4.8780 3.9248e+02          1         21 0.0000e+00
   33.23594  -65.68184    19.3727   4.926216    36.5944    147.886    148.993    19.3726   4.926312    36.5952     0.1262 1.0000e-12     0.0068    99.8287      40.97    212.236     4.8766 3.9250e+02          1         24 0.0000e+00
   33.23594  -65.68186    19.3711   4.926029    36.5938    148.864    149.978    19.3711   4.926153    36.5949     0.1384 1.0000e-12     0.0055    99.8630       1.03    212.441     4.8812 3.9259e+02          1         24 0.0000e+00
   33.23594  -65.68186    19.3702   4.925963    36.5937    149.870    150.992    19.3702   4.926061    36.5945     0.1379 1.0000e-12     0.0054    99.8639      23.47    212.183     4.8753 3.9259e+02          1         23 0.0000e+00
   33.23594  -65.68186    19.3701   4.925990    36.5937    150.904    152.035    19.3700   4.926091    36.5945     0.1307 1.0000e-12     0.0049    99.8778      98.71    212.188     4.8754 3.9279e+02          1         22 0.0000e+00
   33.23594  -65.68186    19.3699   4.926002    36.5935    151.884    153.022    19.3698   4.926101    36.5944     0.1170 1.0000e-12     0.0061    99.8463      98.70    212.483     4.8822 3.9289e+02          1         22 0.0000e+00
   33.23594  -65.68186    19.3700   4.926056    36.5935    152.856    154.002    19.3699   4.926146    36.5944     0.1169 1.0000e-12     0.0051    99.8730      20.03    212.567     4.8841 3.9391e+02          1         27 0.0000e+00
   33.23594  -65.68186    19.3702   4.926125    36.5935    153.845    154.999    19.3701   4.926203    36.5943     0.1169 1.0000e-12     0.0049    99.8785      67.71    211.980     4.8706 3.9405e+02          1         32 0.0000e+00
   33.23594  -65.68186    19.3703   4.926186    36.5935    154.820    155.982    19.3703   4.926277    36.5943     0.1213 1.0000e-12     0.0052    99.8702      98.70    212.316     4.8784 3.9267e+02          1         27 0.0000e+00
   33.23594  -65.68186    19.3705   4.926264    36.5936    155.813    156.982    19.3704   4.926341    36.5944     0.1017 1.0000e-12     0.0050    99.8750      98.70    212.125     4.8740 3.9159e+02          1         20 0.0000e+00
   33.23594  -65.68186    19.3710   4.926382    36.5938    156.808    157.985    19.3710   4.926451    36.5944     0.0922 1.0000e-12     0.0048    99.8795      98.71    211.857     4.8678 3.9224e+02          1         19 0.0000e+00
   33.23594  -65.68186    19.3727   4.926724    36.5947    157.810    158.995    19.3727   4.926792    36.5953     0.1068 1.0000e-12     0.0048    99.8802      98.70    212.175     4.8751 3.9259e+02          1         20 0.0000e+00
   33.23595  -65.68188    19.3735   4.926909    36.5952    158.828    160.021    19.3734   4.927000    36.5960     0.1094 1.0000e-12     0.0042    99.8962      98.70    212.655     4.8862 3.9305e+02          1         24 0.0000e+00
   33.23596  -65.68188    19.3731   4.926928    36.5953    159.810    161.011    19.3731   4.927024    36.5962     0.1158 1.0000e-12     0.0046    99.8855      98.70    212.338     4.8789 3.9352e+02          1         24 0.0000e+00
   33.23596  -65.68188    19.3723   4.926859    36.5951    160.807    162.016    19.3722   4.926949    36.5959     0.1087 1.0000e-12     0.0048    99.8814      98.70    212.045     4.8722 3.9360e+02          1         31 0.0000e+00
   33.23596  -65.68188    19.3716   4.926812    36.5950    161.768    162.984    19.3715   4.926892    36.5957     0.1006 1.0000e-12     0.0039    99.9021      98.70    212.736     4.8880 3.9273e+02          1         31 0.0000e+00
   33.23596  -65.68188    19.3708   4.926744    36.5948    162.732    163.955    19.3707   4.926826    36.5956     0.0908 1.0000e-12     0.0050    99.8740      98.70    212.475     4.8820 3.9240e+02          1         23 0.0000e+00
   33.23596  -65.68188    19.3702   4.926747    36.5949    163.732    164.964    19.3702   4.926826    36.5957     0.0980 1.0000e-12     0.0030    99.9260      98.70    212.276     4.8775 3.9238e+02          1         21 0.0000e+00
   33.23596  -65.68188    19.3694   4.926681    36.5947    164.774    166.014    19.3693   4.926771    36.5956     0.1076 1.0000e-12     0.0032    99.9201      98.70    211.952     4.8700 3.9200e+02          1         19 0.0000e+00
   33.23596  -65.68188    19.3699   4.926792    36.5948    165.768    167.016    19.3696   4.926837    36.5955     0.0930 1.0000e-12     0.0028    99.9309      98.69    211.756     4.8655 3.9282e+02          1         19 0.0000e+00
   33.23596  -65.68188    19.3708   4.926990    36.5953    166.758    168.014    19.3706   4.927033    36.5958     0.0885 1.0000e-12     0.0027    99.9328      98.71    212.215     4.8761 3.9292e+02          1         20 0.0000e+00
   33.23596  -65.68188    19.3715   4.927138    36.5955    167.771    169.035    19.3714   4.927229    36.5964     0.0763 1.0000e-12     0.0024    99.9389      98.70    212.892     4.8916 3.9339e+02          1         28 0.0000e+00
   33.23596  -65.68190    19.3718   4.927246    36.5957    168.715    169.987    19.3717   4.927320    36.5965     0.0978 1.0000e-12     0.0029    99.9283      98.71    212.502     4.8827 3.9290e+02          1         43 0.0000e+00
   33.23596  -65.68190    19.3721   4.927341    36.5959    169.696    170.975    19.3720   4.927420    36.5967     0.0838 1.0000e-12     0.0022    99.9444      85.80    211.074     4.8498 3.9286e+02          1         25 0.0000e+00
   33.23596  -65.68190    19.3719   4.927344    36.5958    170.698    171.985    19.3717   4.927451    36.5969     0.0984 1.0000e-12     0.0019    99.9516      21.47    211.024     4.8487 3.9333e+02          1         18 0.0000e+00
   33.23596  -65.68190    19.3709   4.927350    36.5964    171.684    172.979    19.3707   4.927397    36.5969     0.1026 1.0000e-12     0.0017    99.9581      98.77    211.864     4.8680 3.9377e+02          1         17 0.0000e+00
   33.23596  -65.68190    19.3713   4.927497    36.5968    172.652    173.955    19.3713   4.927596    36.5977     0.0807 1.0000e-12     0.0017    99.9565      98.71    212.557     4.8839 3.9403e+02          1         17 0.0000e+00
   33.23596  -65.68190    19.3710   4.927528    36.5970    173.690    175.001    19.3709   4.927626    36.5979     0.0806 1.0000e-12     0.0008    99.9797      98.71    212.368     4.8796 3.9423e+02          1         19 0.0000e+00
   33.23596  -65.68190    19.3704   4.927513    36.5970    174.686    176.005    19.3704   4.927616    36.5979     0.0793 1.0000e-12     0.0017    99.9568      98.70    212.234     4.8765 3.9472e+02          1         23 0.0000e+00
   33.23596  -65.68190    19.3691   4.927381    36.5967    175.712    177.039    19.3690   4.927478    36.5976     0.0686 1.0000e-12     0.0018    99.9550      98.71    212.583     4.8845 3.9475e+02          1         34 0.0000e+00
   33.23596  -65.68190    19.3684   4.927343    36.5966    176.636    177.970    19.3683   4.927428    36.5974     0.0819 1.0000e-12     0.0015    99.9632      98.70    212.332     4.8788 3.9494e+02          1         37 0.0000e+00
   33.23596  -65.68191    19.3687   4.927481    36.5972    177.594    178.936    19.3686   4.927546    36.5978     0.0872 1.0000e-12     0.0020    99.9504      98.70    212.449     4.8815 3.9482e+02          1         26 0.0000e+00
   33.23596  -65.68192    19.3683   4.927491    36.5972    178.637    179.988    19.3682   4.927603    36.5983     0.0618 1.0000e-12     0.0018    99.9560      98.70    212.453     4.8815 3.9460e+02          1         20 0.0000e+00
   33.23596  -65.68192    19.3615   4.926746    36.5968    179.656    181.015    19.3614   4.926963    36.5986     0.0479 1.0000e-12     0.0017    99.9565      98.70    212.236     4.8766 3.9456e+02          1         17 0.0000e+00
   33.23596  -65.68192    19.3527   4.925964    36.5978    180.616    181.982    19.3526   4.926068    36.5987     0.0574 1.0000e-12     0.0020    99.9490      98.71    211.826     4.8672 3.9482e+02          1         17 0.0000e+00
   33.23596  -65.68192    19.3513   4.926108    36.5998    181.633    183.007    19.3516   4.926233    36.6006     0.0635 1.0000e-12     0.0008    99.9795      98.71    211.496     4.8596 3.9482e+02          1         22 0.0000e+00
   33.23596  -65.68192    19.3497   4.926057    36.6004    182.625    184.007    19.3497   4.926158    36.6013     0.0588 1.0000e-12     0.0009    99.9784      98.70    210.745     4.8423 3.9563e+02          1         22 0.0000e+00
   33.23598  -65.68192    19.3477   4.926039    36.6016    183.625    185.015    19.3475   4.926125    36.6025     0.0692 1.0000e-12     0.0009    99.9785      98.71    209.407     4.8116 3.9634e+02          1         31 0.0000e+00
   33.23598  -65.68192    19.3444   4.925864    36.6027    184.584    185.982    19.3441   4.925956    36.6037     0.0599 1.0000e-12     0.0004    99.9916      41.67    208.555     4.7920 3.9684e+02          1         30 0.0000e+00
   33.23598  -65.68192    19.3395   4.925927    36.6072    185.548    186.954    19.3390   4.925821    36.6068     0.0607 1.0000e-12     0.0018    99.9558      98.71    207.930     4.7777 3.9598e+02          1         25 0.0000e+00
   33.23598  -65.68192    19.3543   4.928546    36.6153    186.556    187.970    19.3524   4.928096    36.6132     0.0628 1.0000e-12     0.0010    99.9757      98.71    207.279     4.7627 3.9511e+02          1         23 0.0000e+00
   33.23598  -65.68192    19.3547   4.929009    36.6184    187.542    188.964    19.3546   4.929123    36.6195     0.0984 1.0000e-12    -0.0010   100.0242      98.71    207.660     4.7715 3.9482e+02          1         20 0.0000e+00
   33.23598  -65.68194    19.3494   4.928710    36.6203    188.562    189.993    19.3498   4.928839    36.6211     0.0588 1.0000e-12    -0.0015   100.0377      98.71    207.865     4.7762 3.9454e+02          1         24 0.0000e+00
   33.23598  -65.68194    19.3471   4.928612    36.6212    189.555    190.992    19.3471   4.928719    36.6222     0.0730 1.0000e-12    -0.0010   100.0245      98.71    208.159     4.7830 3.9457e+02          1         27 0.0000e+00
   33.23598  -65.68194    19.3461   4.928565    36.6213    190.558    192.005    19.3460   4.928680    36.6224     0.0698 1.0000e-12    -0.0010   100.0251      98.70    208.493     4.7907 3.9492e+02          1         22 0.0000e+00
   33.23598  -65.68194    19.3420   4.928132    36.6210    191.536    192.990    19.3421   4.928332    36.6226     0.0642 1.0000e-12    -0.0021   100.0522      98.71    208.430     4.7892 3.9546e+02          1         21 0.0000e+00
   33.23598  -65.68194    19.3256   4.926061    36.6181    192.516    193.978    19.3259   4.926573    36.6221     0.0575 1.0000e-12    -0.0015   100.0378      98.71    208.596     4.7930 3.9671e+02          1         19 0.0000e+00
   33.23600  -65.68194    19.2930   4.922253    36.6153    193.539    195.010    19.2934   4.922644    36.6182     0.0454 1.0000e-12    -0.0013   100.0329      98.71    208.617     4.7936 3.9661e+02          1         25 0.0000e+00
   33.23600  -65.68194    19.2677   4.919352    36.6132    194.551    196.029    19.2680   4.919629    36.6153     0.0523 1.0000e-12    -0.0011   100.0267      98.70    207.798     4.7748 3.9514e+02          1         35 0.0000e+00
   33.23600  -65.68194    19.2516   4.917507    36.6116    195.452    196.937    19.2518   4.917769    36.6137     0.0460 1.0000e-12    -0.0013   100.0327      98.71    205.877     4.7306 3.9393e+02          1         30 0.0000e+00
   33.23600  -65.68194    19.2319   4.915228    36.6097    196.463    197.957    19.2318   4.915532    36.6124     0.0493 1.0000e-12    -0.0007   100.0177      98.71    204.516     4.6994 3.9359e+02          1         20 0.0000e+00
   33.23600  -65.68195    19.1980   4.911228    36.6063    197.476    198.978    19.1981   4.912082    36.6134     0.0522 1.0000e-12    -0.0012   100.0292      98.71    204.731     4.7043 3.9443e+02          1         17 0.0000e+00
   33.23600  -65.68196    19.1564   4.906592    36.6045    198.482    199.993    19.1565   4.906980    36.6076     0.0736 1.0000e-12    -0.0020   100.0487      98.71    205.270     4.7168 3.9470e+02          1         18 0.0000e+00
   33.23600  -65.68196    19.1358   4.904239    36.6025    199.491    201.010    19.1361   4.904551    36.6049     0.0407 1.0000e-12    -0.0021   100.0514      80.79    204.314     4.6948 3.9482e+02          1         25 0.0000e+00
   33.23600  -65.68197    19.1568   4.906812    36.6038    200.374    201.900    19.1571   4.907068    36.6057     0.0355 1.0000e-12    -0.0027   100.0689      90.14    201.831     4.6378 3.9408e+02          1         57 0.0000e+00
   33.23600  -65.68198    19.1023   4.901031    36.6035    201.148    202.680    19.1034   4.900776    36.6004     0.0505 1.0000e-12    -0.0024   100.0599      98.71    202.097     4.6439 3.9301e+02          1         53 0.0000e+00
   33.23603  -65.68200    19.2430   4.916877    36.6101    200.579    202.106    19.1962   4.911629    36.6077     0.0616 1.0000e-12    -0.0022   100.0564      98.71    204.284     4.6940 3.8724e+02          1        562 0.0000e+00
   33.23606  -65.68202    19.2284   4.915131    36.6088    199.441    200.959    19.1840   4.909599    36.6011     0.0604 1.0000e-12    -0.0028   100.0710      98.71    202.058     4.6429 3.7986e+02          1         38 0.0000e+00
   33.23606  -65.68202    19.1841   4.910099    36.6070    198.512    200.022    19.1784   4.909862    36.6089     0.0496 1.0000e-12    -0.0021   100.0528      98.71    204.135     4.6907 3.7921e+02          1         28 0.0000e+00
   33.23606  -65.68202    19.1742   4.908745    36.6048    197.528    199.030    19.1665   4.907926    36.6038     0.0593 1.0000e-12    -0.0026   100.0657      98.71    204.651     4.7025 3.7794e+02          1         21 0.0000e+00
   33.23606  -65.68204    19.1875   4.910261    36.6058    196.479    197.973    19.1922   4.910603    36.6034     0.0559 1.0000e-12    -0.0032   100.0803      98.72    203.577     4.6779 3.7706e+02          1         28 0.0000e+00
   33.23606  -65.68204    19.2134   4.913080    36.6063    195.508    196.994    19.2069   4.912389    36.6055     0.0565 1.0000e-12    -0.0016   100.0390      98.71    202.368     4.6500 3.7718e+02          1         34 0.0000e+00
