Data/ruptures/KN207-01/QL-2/20701066.cnv
* Sea-Bird SBE 9 Data File:
* FileName = C:\Data\ctd\20701066.hex
* Software Version Seasave V 7.21e
* Temperature SN = 4406
* Conductivity SN = 1474
* Number of Bytes Per Scan = 40
* Number of Voltage Words = 5
* Number of Scans Averaged by the Deck Unit = 1
* NMEA Latitude = 32 55.99 N
* NMEA Longitude = 065 46.62 W
* NMEA UTC (Time) = May 01 2012 12:04:50
** R/V Knorr Cruise # KN207-01 QL 2
** Chief Scientist: Ben Van Mooy
# nquan = 21
# nvalues = 398                         
# units = specified
# name 0 = latitude: Latitude [deg]
# name 1 = longitude: Longitude [deg]
# name 2 = t090C: Temperature [ITS-90, deg C]
# name 3 = c0S/m: Conductivity [S/m]
# name 4 = sal00: Salinity, Practical [PSU]
# name 5 = depSM: Depth [salt water, m]
# name 6 = prDM: Pressure, Digiquartz [db]
# name 7 = t190C: Temperature, 2 [ITS-90, deg C]
# name 8 = c1S/m: Conductivity, 2 [S/m]
# name 9 = sal11: Salinity, Practical, 2 [PSU]
# name 10 = flECO-AFL: Fluorescence, WET Labs ECO-AFL/FL [mg/m^3]
# name 11 = par: PAR/Irradiance, Biospherical/Licor
# name 12 = bat: Beam Attenuation, Chelsea/Seatech [1/m]
# name 13 = xmiss: Beam Transmission, Chelsea/Seatech [%]
# name 14 = altM: Altimeter [m]
# name 15 = sbeox0Mm/Kg: Oxygen, SBE 43 [umol/kg]
# name 16 = sbeox0ML/L: Oxygen, SBE 43 [ml/l]
# name 17 = spar: SPAR/Surface Irradiance
# name 18 = pumps: Pump Status
# name 19 = nbin: number of scans per bin
# name 20 = flag: flag
# span 0 =   32.93323,   32.93372       
# span 1 =  -65.77726,  -65.77704       
# span 2 =    18.0679,    20.2467       
# span 3 =   4.783400,   5.014346       
# span 4 =    36.5209,    36.6101       
# span 5 =      3.165,    200.183       
# span 6 =      3.187,    201.701       
# span 7 =    18.0695,    20.2490       
# span 8 =   4.783676,   5.014600       
# span 9 =    36.5164,    36.6118       
# span 10 =     0.0053,     0.8200      
# span 11 = 1.0000e-12, 1.0000e-12      
# span 12 =    -0.0098,     0.0713      
# span 13 =    98.2341,   100.2465      
# span 14 =      11.76,      98.75      
# span 15 =    186.153,    222.129      
# span 16 =     4.2783,     5.1035      
# span 17 = 5.9988e+02, 2.4316e+03      
# span 18 =          1,          1      
# span 19 =         16,       1630      
# span 20 = 0.0000e+00, 0.0000e+00      
# interval = decibars: 1                
# start_time = May 01 2012 12:04:50 [NMEA time, header]
# bad_flag = -9.990e-29
*END*
[from data line 207]
   32.93344  -65.77724    18.2103   4.798418    36.5246    191.494    192.942    18.1881   4.796124    36.5252     0.0320 1.0000e-12    -0.0067   100.1680      98.66    187.028     4.2984 2.3401e+03          1         92 0.0000e+00
   32.93344  -65.77724    18.2466   4.802568    36.5276    190.614    192.056    18.2755   4.804365    36.5164     0.0303 1.0000e-12    -0.0075   100.1870      98.66    186.822     4.2936 2.3782e+03          1         46 0.0000e+00
   32.93344  -65.77724    18.3701   4.816329    36.5332    189.551    190.984    18.3558   4.814069    36.5270     0.0408 1.0000e-12    -0.0070   100.1739      98.66    186.560     4.2875 2.4043e+03          1         41 0.0000e+00
   32.93344  -65.77724    18.4890   4.828718    36.5318    188.580    190.005    18.4752   4.827183    36.5312     0.0326 1.0000e-12    -0.0060   100.1496      98.66    187.792     4.3156 2.4137e+03          1         48 0.0000e+00
   32.93344  -65.77724    18.5552   4.836164    36.5367    187.651    189.069    18.5320   4.832416    36.5258     0.0181 1.0000e-12    -0.0056   100.1398      98.66    189.630     4.3578 2.4161e+03          1         50 0.0000e+00
   32.93344  -65.77724    18.6479   4.846627    36.5430    186.625    188.035    18.6114   4.842369    36.5399     0.0347 1.0000e-12    -0.0058   100.1444      98.66    190.851     4.3858 2.4155e+03          1         36 0.0000e+00
   32.93344  -65.77724    18.7055   4.853089    36.5469    185.586    186.987    18.6589   4.847555    36.5420     0.0409 1.0000e-12    -0.0048   100.1198      98.66    192.678     4.4277 2.4146e+03          1         28 0.0000e+00
   32.93344  -65.77724    18.7457   4.857564    36.5498    184.605    185.998    18.7164   4.853833    36.5443     0.0328 1.0000e-12    -0.0054   100.1354      98.66    193.398     4.4443 2.4112e+03          1         35 0.0000e+00
   32.93344  -65.77724    18.8001   4.863554    36.5526    183.631    185.017    18.7751   4.860197    36.5464     0.0458 1.0000e-12    -0.0042   100.1055      98.66    194.600     4.4718 2.4102e+03          1         34 0.0000e+00
   32.93344  -65.77724    18.8581   4.869865    36.5548    182.634    184.012    18.8522   4.868353    36.5468     0.0504 1.0000e-12    -0.0057   100.1418      98.66    195.710     4.4973 2.4156e+03          1         28 0.0000e+00
   32.93344  -65.77724    19.0018   4.885809    36.5601    181.640    183.010    18.9287   4.877074    36.5524     0.0387 1.0000e-12    -0.0038   100.0957      98.66    195.881     4.5011 2.4202e+03          1         26 0.0000e+00
   32.93344  -65.77724    19.1638   4.904299    36.5707    180.634    181.996    19.1194   4.897563    36.5536     0.0297 1.0000e-12    -0.0038   100.0947      98.66    197.074     4.5283 2.4215e+03          1         26 0.0000e+00
   32.93344  -65.77724    19.2348   4.912181    36.5747    179.645    180.999    19.1812   4.905477    36.5661     0.0501 1.0000e-12    -0.0040   100.1008      98.66    200.820     4.6143 2.4179e+03          1         25 0.0000e+00
   32.93344  -65.77724    19.2755   4.916871    36.5790    178.658    180.004    19.2520   4.913554    36.5717     0.0548 1.0000e-12    -0.0036   100.0898      98.66    205.258     4.7163 2.4140e+03          1         23 0.0000e+00
   32.93344  -65.77724    19.2926   4.918765    36.5811    177.667    179.005    19.2690   4.916087    36.5793     0.0651 1.0000e-12    -0.0029   100.0730      98.66    207.879     4.7765 2.4126e+03          1         20 0.0000e+00
   32.93344  -65.77722    19.3312   4.922953    36.5829    176.675    178.005    19.3148   4.920871    36.5795     0.0651 1.0000e-12    -0.0029   100.0742      98.66    209.228     4.8074 2.4124e+03          1         22 0.0000e+00
   32.93344  -65.77722    19.3460   4.924554    36.5845    175.659    176.981    19.3306   4.922645    36.5818     0.0575 1.0000e-12    -0.0024   100.0602      98.66    210.193     4.8296 2.4134e+03          1         24 0.0000e+00
   32.93344  -65.77722    19.3490   4.924789    36.5855    174.680    175.995    19.3433   4.924193    36.5850     0.0561 1.0000e-12    -0.0030   100.0757      98.66    210.149     4.8286 2.4155e+03          1         29 0.0000e+00
   32.93344  -65.77722    19.3526   4.925078    36.5863    173.682    174.989    19.3491   4.924573    36.5846     0.0754 1.0000e-12    -0.0032   100.0818      98.66    211.546     4.8607 2.4197e+03          1         32 0.0000e+00
   32.93345  -65.77723    19.3544   4.925171    36.5868    172.714    174.013    19.3531   4.924946    36.5857     0.0654 1.0000e-12    -0.0031   100.0771      98.66    211.699     4.8642 2.4185e+03          1         31 0.0000e+00
   32.93346  -65.77724    19.3592   4.925639    36.5876    171.717    173.008    19.3538   4.925001    36.5868     0.0578 1.0000e-12    -0.0032   100.0805      98.66    211.077     4.8499 2.4142e+03          1         24 0.0000e+00
   32.93346  -65.77724    19.3624   4.925949    36.5883    170.688    171.970    19.3547   4.925189    36.5885     0.0588 1.0000e-12    -0.0034   100.0859      98.67    211.039     4.8490 2.4121e+03          1         20 0.0000e+00
   32.93346  -65.77724    19.3651   4.926173    36.5886    169.705    170.980    19.3599   4.925637    36.5884     0.0669 1.0000e-12    -0.0033   100.0846      98.66    211.547     4.8607 2.4146e+03          1         20 0.0000e+00
   32.93346  -65.77724    19.3654   4.926145    36.5889    168.710    169.977    19.3641   4.926059    36.5891     0.0586 1.0000e-12    -0.0028   100.0701      98.66    212.038     4.8720 2.4190e+03          1         27 0.0000e+00
   32.93346  -65.77723    19.3657   4.926095    36.5891    167.746    169.006    19.3666   4.926260    36.5895     0.0596 1.0000e-12    -0.0024   100.0601      98.66    211.764     4.8657 2.4209e+03          1         32 0.0000e+00
   32.93346  -65.77722    19.3669   4.926123    36.5892    166.796    168.048    19.3649   4.925979    36.5895     0.0590 1.0000e-12    -0.0025   100.0621      98.66    211.642     4.8629 2.4185e+03          1         26 0.0000e+00
   32.93346  -65.77722    19.3673   4.926149    36.5897    165.780    167.024    19.3654   4.926013    36.5901     0.0651 1.0000e-12    -0.0021   100.0524      98.66    211.927     4.8694 2.4140e+03          1         20 0.0000e+00
   32.93346  -65.77722    19.3678   4.926175    36.5901    164.749    165.984    19.3668   4.926112    36.5903     0.0643 1.0000e-12    -0.0017   100.0422      98.66    211.718     4.8646 2.4109e+03          1         20 0.0000e+00
   32.93346  -65.77722    19.3681   4.926127    36.5900    163.735    164.963    19.3679   4.926172    36.5904     0.0711 1.0000e-12    -0.0010   100.0251      98.66    211.498     4.8596 2.4113e+03          1         22 0.0000e+00
   32.93346  -65.77722    19.3689   4.926128    36.5899    162.758    163.978    19.3679   4.926136    36.5907     0.0765 1.0000e-12    -0.0012   100.0285      98.66    211.907     4.8690 2.4119e+03          1         26 0.0000e+00
   32.93346  -65.77722    19.3681   4.925981    36.5899    161.776    162.988    19.3677   4.926048    36.5907     0.0700 1.0000e-12    -0.0024   100.0597      98.66    212.521     4.8831 2.4150e+03          1         27 0.0000e+00
   32.93346  -65.77722    19.3684   4.925976    36.5901    160.814    162.019    19.3682   4.926028    36.5906     0.0882 1.0000e-12    -0.0020   100.0494      98.66    212.174     4.8751 2.4177e+03          1         25 0.0000e+00
   32.93346  -65.77722    19.3689   4.925985    36.5903    159.849    161.046    19.3678   4.925972    36.5910     0.1023 1.0000e-12    -0.0014   100.0339      98.66    212.368     4.8796 2.4175e+03          1         25 0.0000e+00
   32.93346  -65.77722    19.3701   4.926092    36.5907    158.717    159.905    19.3700   4.926155    36.5912     0.0784 1.0000e-12    -0.0002   100.0049      98.66    212.336     4.8788 2.4184e+03          1         54 0.0000e+00
   32.93346  -65.77722    19.3702   4.926063    36.5908    157.848    159.029    19.3702   4.926161    36.5916     0.0951 1.0000e-12    -0.0002   100.0058      98.66    212.493     4.8824 2.4182e+03          1         52 0.0000e+00
   32.93346  -65.77722    19.3699   4.925996    36.5912    156.740    157.913    19.3691   4.926002    36.5919     0.1203 1.0000e-12    -0.0012   100.0290      98.66    212.316     4.8784 2.4138e+03          1         87 0.0000e+00
   32.93346  -65.77722    19.3710   4.926076    36.5915    155.745    156.910    19.3703   4.926088    36.5922     0.1015 1.0000e-12    -0.0002   100.0052      98.66    212.427     4.8809 2.4183e+03          1        160 0.0000e+00
   32.93346  -65.77722    19.3714   4.926115    36.5918    154.830    155.988    19.3696   4.926025    36.5927     0.1085 1.0000e-12    -0.0002   100.0062      98.67    212.321     4.8785 2.4185e+03          1         40 0.0000e+00
   32.93347  -65.77722    19.3709   4.926052    36.5922    153.758    154.907    19.3704   4.926086    36.5929     0.1161 1.0000e-12     0.0014    99.9647      98.67    212.555     4.8839 2.4189e+03          1        159 0.0000e+00
   32.93348  -65.77722    19.3716   4.926080    36.5921    152.901    154.043    19.3714   4.926154    36.5929     0.0948 1.0000e-12     0.0015    99.9619      98.67    212.500     4.8826 2.4204e+03          1         50 0.0000e+00
   32.93348  -65.77720    19.3708   4.925986    36.5925    151.969    153.104    19.3705   4.926056    36.5933     0.1174 1.0000e-12     0.0018    99.9557      98.67    212.555     4.8838 2.4223e+03          1        137 0.0000e+00
   32.93348  -65.77720    19.3720   4.926071    36.5926    150.856    151.983    19.3707   4.926031    36.5933     0.1057 1.0000e-12     0.0020    99.9507      98.67    212.338     4.8789 2.4202e+03          1         41 0.0000e+00
   32.93349  -65.77720    19.3714   4.926033    36.5929    150.248    151.369    19.3703   4.925993    36.5937     0.1229 1.0000e-12     0.0014    99.9644      98.67    212.702     4.8872 2.4221e+03          1        170 0.0000e+00
   32.93350  -65.77718    19.3721   4.926047    36.5930    148.881    149.992    19.3711   4.926012    36.5936     0.0939 1.0000e-12     0.0029    99.9273      98.67    212.307     4.8782 2.4252e+03          1         18 0.0000e+00
   32.93350  -65.77718    19.3730   4.926105    36.5930    147.908    149.011    19.3716   4.926036    36.5937     0.1231 1.0000e-12     0.0031    99.9222      98.68    212.193     4.8756 2.4265e+03          1         22 0.0000e+00
   32.93350  -65.77718    19.3737   4.926162    36.5932    146.835    147.930    19.3726   4.926113    36.5938     0.1168 1.0000e-12     0.0031    99.9229      98.68    212.982     4.8937 2.4283e+03          1         37 0.0000e+00
   32.93350  -65.77718    19.3740   4.926148    36.5933    145.970    147.058    19.3735   4.926179    36.5939     0.1307 1.0000e-12     0.0026    99.9358      98.68    212.935     4.8926 2.4297e+03          1         33 0.0000e+00
   32.93350  -65.77718    19.3737   4.926057    36.5931    144.941    146.021    19.3737   4.926156    36.5940     0.1484 1.0000e-12     0.0033    99.9187      98.68    212.212     4.8760 2.4291e+03          1         22 0.0000e+00
   32.93350  -65.77718    19.3746   4.926134    36.5934    143.904    144.976    19.3745   4.926182    36.5938     0.1317 1.0000e-12     0.0036    99.9116      98.68    212.362     4.8794 2.4274e+03          1         18 0.0000e+00
   32.93350  -65.77718    19.3749   4.926123    36.5934    142.952    144.016    19.3749   4.926211    36.5941     0.1311 1.0000e-12     0.0039    99.9021      98.68    212.900     4.8918 2.4254e+03          1         17 0.0000e+00
   32.93350  -65.77718    19.3750   4.926086    36.5934    141.919    142.975    19.3749   4.926181    36.5942     0.1527 1.0000e-12     0.0050    99.8755      98.67    212.812     4.8898 2.4230e+03          1         22 0.0000e+00
   32.93350  -65.77718    19.3750   4.926047    36.5934    140.909    141.958    19.3749   4.926143    36.5943     0.1736 1.0000e-12     0.0055    99.8616      98.68    212.514     4.8829 2.4220e+03          1         27 0.0000e+00
   32.93350  -65.77718    19.3752   4.926036    36.5936    139.948    140.989    19.3746   4.926074    36.5943     0.1925 1.0000e-12     0.0059    99.8522      98.68    213.085     4.8960 2.4252e+03          1         29 0.0000e+00
   32.93350  -65.77718    19.3751   4.925989    36.5935    138.994    140.028    19.3749   4.926056    36.5943     0.2004 1.0000e-12     0.0064    99.8406      98.68    213.286     4.9007 2.4289e+03          1         25 0.0000e+00
   32.93350  -65.77718    19.3751   4.925940    36.5935    138.029    139.055    19.3749   4.926004    36.5942     0.1880 1.0000e-12     0.0077    99.8070      98.68    213.002     4.8941 2.4291e+03          1         23 0.0000e+00
   32.93350  -65.77718    19.3751   4.925895    36.5936    137.015    138.034    19.3750   4.925979    36.5943     0.1720 1.0000e-12     0.0063    99.8416      98.69    213.241     4.8996 2.4260e+03          1         23 0.0000e+00
   32.93350  -65.77718    19.3749   4.925820    36.5935    135.973    136.983    19.3748   4.925908    36.5943     0.1561 1.0000e-12     0.0057    99.8572      98.68    213.377     4.9027 2.4232e+03          1         23 0.0000e+00
   32.93350  -65.77718    19.3745   4.925729    36.5935    134.959    135.961    19.3745   4.925816    36.5942     0.2058 1.0000e-12     0.0046    99.8851      98.68    213.140     4.8973 2.4225e+03          1         26 0.0000e+00
   32.93351  -65.77718    19.3742   4.925623    36.5933    133.994    134.989    19.3742   4.925717    36.5940     0.1840 1.0000e-12     0.0059    99.8510      98.68    212.828     4.8901 2.4265e+03          1         30 0.0000e+00
   32.93352  -65.77718    19.3740   4.925552    36.5932    133.040    134.027    19.3740   4.925650    36.5940     0.1928 1.0000e-12     0.0048    99.8811      98.68    211.720     4.8647 2.4294e+03          1         26 0.0000e+00
   32.93352  -65.77718    19.3741   4.925498    36.5931    132.062    133.041    19.3738   4.925588    36.5940     0.1770 1.0000e-12     0.0047    99.8835      98.68    211.955     4.8701 2.4279e+03          1         19 0.0000e+00
   32.93352  -65.77718    19.3741   4.925468    36.5932    131.039    132.011    19.3740   4.925482    36.5934     0.1815 1.0000e-12     0.0052    99.8686      98.68    212.424     4.8809 2.4261e+03          1         20 0.0000e+00
   32.93352  -65.77718    19.3742   4.925424    36.5932    130.008    130.972    19.3741   4.925509    36.5939     0.1662 1.0000e-12     0.0056    99.8592      98.66    212.536     4.8834 2.4235e+03          1         19 0.0000e+00
   32.93352  -65.77718    19.3741   4.925369    36.5931    129.046    130.002    19.3740   4.925455    36.5939     0.1679 1.0000e-12     0.0066    99.8349      98.67    212.828     4.8901 2.4209e+03          1         23 0.0000e+00
   32.93352  -65.77718    19.3741   4.925309    36.5930    128.043    128.992    19.3738   4.925398    36.5940     0.1988 1.0000e-12     0.0083    99.7929      98.68    212.592     4.8847 2.4189e+03          1         29 0.0000e+00
   32.93352  -65.77718    19.3742   4.925290    36.5931    127.039    127.980    19.3739   4.925354    36.5939     0.2026 1.0000e-12     0.0109    99.7278      98.68    212.505     4.8827 2.4171e+03          1         28 0.0000e+00
   32.93352  -65.77718    19.3742   4.925232    36.5930    126.094    127.028    19.3738   4.925304    36.5939     0.2335 1.0000e-12     0.0072    99.8193      98.68    213.037     4.8949 2.4189e+03          1         23 0.0000e+00
   32.93352  -65.77718    19.3742   4.925191    36.5930    125.118    126.044    19.3737   4.925243    36.5939     0.2125 1.0000e-12     0.0076    99.8092      98.69    213.096     4.8963 2.4250e+03          1         23 0.0000e+00
