Data/ruptures/KN207-01/QL-2/20701073.cnv
* Sea-Bird SBE 9 Data File:
* FileName = C:\Data\ctd\20701073.hex
* Software Version Seasave V 7.21e
* Temperature SN = 4406
* Conductivity SN = 1474
* Number of Bytes Per Scan = 40
* Number of Voltage Words = 5
* Number of Scans Averaged by the Deck Unit = 1
* NMEA Latitude = 33 03.77 N
* NMEA Longitude = 065 41.44 W
* NMEA UTC (Time) = May 02 2012 10:11:26
** R/V Knorr Cruise # KN207-01 QL 2
** Chief Scientist: Ben Van Mooy
# nquan = 21
# nvalues = 399                         
# units = specified
# name 0 = latitude: Latitude [deg]
# name 1 = longitude: Longitude [deg]
# name 2 = t090C: Temperature [ITS-90, deg C]
# name 3 = c0S/m: Conductivity [S/m]
# name 4 = sal00: Salinity, Practical [PSU]
# name 5 = depSM: Depth [salt water, m]
# name 6 = prDM: Pressure, Digiquartz [db]
# name 7 = t190C: Temperature, 2 [ITS-90, deg C]
# name 8 = c1S/m: Conductivity, 2 [S/m]
# name 9 = sal11: Salinity, Practical, 2 [PSU]
# name 10 = flECO-AFL: Fluorescence, WET Labs ECO-AFL/FL [mg/m^3]
# name 11 = par: PAR/Irradiance, Biospherical/Licor
# name 12 = bat: Beam Attenuation, Chelsea/Seatech [1/m]
# name 13 = xmiss: Beam Transmission, Chelsea/Seatech [%]
# name 14 = altM: Altimeter [m]
# name 15 = sbeox0Mm/Kg: Oxygen, SBE 43 [umol/kg]
# name 16 = sbeox0ML/L: Oxygen, SBE 43 [ml/l]
# name 17 = spar: SPAR/Surface Irradiance
# name 18 = pumps: Pump Status
# name 19 = nbin: number of scans per bin
# name 20 = flag: flag
# span 0 =   33.06290,   33.06488       
# span 1 =  -65.69078,  -65.68868       
# span 2 =    18.3932,    20.3088       
# span 3 =   4.818990,   5.022183       
# span 4 =    36.5379,    36.6181       
# span 5 =      2.251,    199.084       
# span 6 =      2.267,    200.596       
# span 7 =    18.3950,    20.3092       
# span 8 =   4.819193,   5.022322       
# span 9 =    36.5347,    36.6192       
# span 10 =     0.0229,     0.6759      
# span 11 = 1.0000e-12, 1.0000e-12      
# span 12 =    -0.0084,     0.0684      
# span 13 =    98.3054,   100.2096      
# span 14 =       5.63,      98.81      
# span 15 =    188.548,    222.862      
# span 16 =     4.3331,     5.1204      
# span 17 = 5.7774e+02, 9.7160e+02      
# span 18 =          1,          1      
# span 19 =         18,       1907      
# span 20 = 0.0000e+00, 0.0000e+00      
# interval = decibars: 1                
# start_time = May 02 2012 10:11:26 [NMEA time, header]
# bad_flag = -9.990e-29
*END*
   33.06290  -65.69078    20.3020   5.020439    36.6173      2.258      2.274    20.3019   5.020568    36.6184     0.0988 1.0000e-12     0.0431    98.9282      98.61    217.764     5.0024 5.8039e+02          1         32 0.0000e+00
   33.06292  -65.69077    20.3024   5.020488    36.6172      2.840      2.860    20.3024   5.020656    36.6185     0.1040 1.0000e-12     0.0456    98.8654      80.76    217.797     5.0032 5.8020e+02          1        277 0.0000e+00
   33.06294  -65.69076    20.3016   5.020470    36.6173      3.911      3.939    20.3019   5.020663    36.6186     0.1015 1.0000e-12     0.0430    98.9305      58.92    217.985     5.0075 5.8059e+02          1         43 0.0000e+00
   33.06294  -65.69076    20.3039   5.020782    36.6174      4.964      4.999    20.3031   5.020836    36.6186     0.1078 1.0000e-12     0.0422    98.9500      98.61    217.628     4.9993 5.7888e+02          1         51 0.0000e+00
   33.06294  -65.69076    20.3052   5.020996    36.6176      5.958      6.001    20.3047   5.021072    36.6187     0.1207 1.0000e-12     0.0428    98.9361      98.61    218.092     5.0099 5.8088e+02          1         49 0.0000e+00
   33.06295  -65.69076    20.3050   5.021027    36.6177      6.912      6.961    20.3042   5.021064    36.6188     0.0985 1.0000e-12     0.0429    98.9326      91.64    217.438     4.9949 5.8372e+02          1         66 0.0000e+00
   33.06296  -65.69076    20.3083   5.021473    36.6181      7.957      8.014    20.3086   5.021617    36.6190     0.1168 1.0000e-12     0.0438    98.9111      41.49    217.244     4.9905 5.8220e+02          1         30 0.0000e+00
   33.06296  -65.69076    20.3045   5.021082    36.6178      9.000      9.064    20.3052   5.021324    36.6192     0.1044 1.0000e-12     0.0423    98.9483      62.41    218.001     5.0079 5.8022e+02          1         44 0.0000e+00
   33.06296  -65.69074    20.2979   5.020366    36.6176      9.850      9.920    20.2979   5.020548    36.6190     0.1079 1.0000e-12     0.0418    98.9607      89.28    217.921     5.0060 5.8113e+02          1         52 0.0000e+00
   33.06296  -65.69074    20.3003   5.020626    36.6171     10.957     11.035    20.3003   5.020779    36.6184     0.1104 1.0000e-12     0.0432    98.9255      76.43    217.942     5.0065 5.8206e+02          1         47 0.0000e+00
   33.06297  -65.69074    20.3011   5.020765    36.6172     11.853     11.937    20.3004   5.020855    36.6186     0.1181 1.0000e-12     0.0429    98.9330      72.20    217.696     5.0008 5.8220e+02          1         55 0.0000e+00
   33.06298  -65.69074    20.3002   5.020712    36.6172     12.921     13.014    20.3016   5.021000    36.6183     0.1033 1.0000e-12     0.0425    98.9426      41.17    218.007     5.0080 5.8214e+02          1         37 0.0000e+00
   33.06298  -65.69074    20.2998   5.020751    36.6174     13.915     14.014    20.3007   5.020962    36.6183     0.0975 1.0000e-12     0.0444    98.8964      72.31    218.231     5.0131 5.8323e+02          1         65 0.0000e+00
   33.06298  -65.69072    20.3059   5.021383    36.6169     14.853     14.959    20.3060   5.021535    36.6180     0.0943 1.0000e-12     0.0437    98.9135      43.47    217.473     4.9957 5.8461e+02          1         38 0.0000e+00
   33.06298  -65.69072    20.3088   5.021760    36.6170     15.906     16.020    20.3092   5.021946    36.6182     0.1143 1.0000e-12     0.0441    98.9022      96.23    218.135     5.0109 5.8389e+02          1         33 0.0000e+00
   33.06298  -65.69072    20.3088   5.021788    36.6169     16.932     17.053    20.3088   5.021937    36.6181     0.1065 1.0000e-12     0.0434    98.9200      98.61    217.274     4.9912 5.8115e+02          1         68 0.0000e+00
   33.06298  -65.69072    20.3071   5.021668    36.6171     17.819     17.946    20.3068   5.021782    36.6183     0.1167 1.0000e-12     0.0448    98.8862      96.51    217.762     5.0024 5.8496e+02          1         42 0.0000e+00
   33.06298  -65.69072    20.3071   5.021737    36.6172     18.862     18.997    20.3070   5.021879    36.6186     0.0913 1.0000e-12     0.0424    98.9460      98.62    217.280     4.9913 5.8534e+02          1         44 0.0000e+00
   33.06300  -65.69072    20.3079   5.021864    36.6172     19.863     20.005    20.3077   5.022006    36.6186     0.0955 1.0000e-12     0.0426    98.9392      98.61    217.927     5.0061 5.8291e+02          1         47 0.0000e+00
   33.06300  -65.69072    20.3073   5.021797    36.6169     20.861     21.011    20.3074   5.021960    36.6181     0.0932 1.0000e-12     0.0428    98.9357      98.61    218.097     5.0101 5.8451e+02          1         54 0.0000e+00
   33.06300  -65.69071    20.3076   5.021876    36.6170     21.774     21.930    20.3073   5.021991    36.6181     0.1145 1.0000e-12     0.0431    98.9278      98.61    218.193     5.0122 5.8262e+02          1         42 0.0000e+00
   33.06300  -65.69070    20.3075   5.021957    36.6173     22.865     23.029    20.3074   5.022104    36.6186     0.1172 1.0000e-12     0.0426    98.9405      98.61    217.987     5.0075 5.8178e+02          1         37 0.0000e+00
   33.06300  -65.69070    20.3062   5.021849    36.6171     23.853     24.024    20.3062   5.022010    36.6185     0.1207 1.0000e-12     0.0429    98.9316      98.62    217.418     4.9945 5.8360e+02          1         70 0.0000e+00
   33.06302  -65.69070    20.3041   5.021591    36.6166     24.794     24.972    20.3039   5.021716    36.6178     0.1129 1.0000e-12     0.0458    98.8622      98.62    218.321     5.0152 5.8294e+02          1         39 0.0000e+00
   33.06302  -65.69070    20.3078   5.022183    36.6178     25.818     26.003    20.3076   5.022290    36.6188     0.1102 1.0000e-12     0.0429    98.9325      98.62    217.984     5.0074 5.8171e+02          1         41 0.0000e+00
   33.06302  -65.69069    20.3073   5.022159    36.6176     26.810     27.002    20.3071   5.022304    36.6190     0.1001 1.0000e-12     0.0428    98.9359      98.62    217.104     4.9872 5.8163e+02          1         51 0.0000e+00
   33.06302  -65.69068    20.3067   5.022115    36.6174     27.747     27.946    20.3067   5.022266    36.6187     0.0959 1.0000e-12     0.0440    98.9048      98.62    217.612     4.9989 5.8286e+02          1         54 0.0000e+00
   33.06302  -65.69068    20.3059   5.022056    36.6173     28.793     29.000    20.3066   5.022322    36.6189     0.1139 1.0000e-12     0.0417    98.9635      98.62    217.665     5.0001 5.7890e+02          1         50 0.0000e+00
   33.06302  -65.69068    20.2774   5.018270    36.6112     29.784     29.998    20.2762   5.018483    36.6141     0.1038 1.0000e-12     0.0431    98.9272      98.61    217.637     4.9995 5.7986e+02          1         42 0.0000e+00
   33.06302  -65.69068    20.2686   5.017256    36.6102     30.807     31.028    20.2684   5.017392    36.6115     0.1089 1.0000e-12     0.0452    98.8753      98.62    217.787     5.0030 5.8423e+02          1         44 0.0000e+00
   33.06303  -65.69068    20.2670   5.017126    36.6100     31.738     31.966    20.2672   5.017293    36.6112     0.1116 1.0000e-12     0.0484    98.7974      92.55    218.227     5.0131 5.8100e+02          1         69 0.0000e+00
   33.06304  -65.69068    20.2658   5.017054    36.6100     32.746     32.981    20.2656   5.017182    36.6112     0.1178 1.0000e-12     0.0487    98.7906      72.77    218.561     5.0207 5.7774e+02          1         35 0.0000e+00
   33.06304  -65.69068    20.2643   5.016924    36.6098     33.775     34.018    20.2644   5.017107    36.6112     0.1101 1.0000e-12     0.0481    98.8048      78.40    218.097     5.0101 5.7943e+02          1         33 0.0000e+00
   33.06304  -65.69066    20.2639   5.016923    36.6096     34.811     35.062    20.2639   5.017065    36.6109     0.1107 1.0000e-12     0.0492    98.7773      98.62    217.842     5.0042 5.8152e+02          1         79 0.0000e+00
   33.06304  -65.69066    20.2620   5.016753    36.6096     35.710     35.967    20.2618   5.016905    36.6110     0.1160 1.0000e-12     0.0473    98.8230      98.62    218.038     5.0087 5.8049e+02          1         43 0.0000e+00
   33.06306  -65.69066    20.2581   5.016350    36.6093     36.729     36.993    20.2582   5.016563    36.6109     0.1047 1.0000e-12     0.0485    98.7949      98.62    217.985     5.0075 5.8143e+02          1         32 0.0000e+00
   33.06306  -65.69066    20.2504   5.015493    36.6087     37.753     38.025    20.2502   5.015655    36.6102     0.1075 1.0000e-12     0.0488    98.7882      62.33    218.268     5.0140 5.8078e+02          1         47 0.0000e+00
   33.06306  -65.69065    20.2448   5.014884    36.6081     38.688     38.966    20.2447   5.015052    36.6097     0.1109 1.0000e-12     0.0488    98.7885      98.62    217.752     5.0022 5.7993e+02          1         63 0.0000e+00
   33.06306  -65.69064    20.2295   5.013150    36.6071     39.686     39.972    20.2292   5.013334    36.6089     0.1177 1.0000e-12     0.0495    98.7693      98.62    218.429     5.0178 5.8036e+02          1         46 0.0000e+00
   33.06306  -65.69064    20.2221   5.012364    36.6067     40.725     41.018    20.2222   5.012565    36.6082     0.1311 1.0000e-12     0.0503    98.7501      98.62    218.399     5.0171 5.8203e+02          1         39 0.0000e+00
   33.06306  -65.69064    20.2068   5.010635    36.6055     41.738     42.039    20.2070   5.010955    36.6081     0.1160 1.0000e-12     0.0533    98.6753      98.62    218.715     5.0243 5.8272e+02          1         51 0.0000e+00
   33.06306  -65.69064    20.1526   5.004563    36.6034     42.649     42.957    20.1527   5.004918    36.6062     0.1309 1.0000e-12     0.0532    98.6788      98.62    218.779     5.0259 5.8259e+02          1         51 0.0000e+00
   33.06307  -65.69063    20.1289   5.001981    36.6024     43.664     43.979    20.1283   5.002171    36.6045     0.1356 1.0000e-12     0.0571    98.5820      98.63    219.199     5.0355 5.8254e+02          1         46 0.0000e+00
   33.06308  -65.69062    20.1148   5.000476    36.6018     44.626     44.948    20.1148   5.000699    36.6037     0.1427 1.0000e-12     0.0566    98.5943      98.63    219.883     5.0513 5.8162e+02          1         42 0.0000e+00
   33.06308  -65.69062    20.0955   4.998453    36.6016     45.670     46.000    20.0955   4.998724    36.6038     0.1548 1.0000e-12     0.0587    98.5443      98.62    220.047     5.0551 5.8194e+02          1         43 0.0000e+00
   33.06308  -65.69062    20.0767   4.996478    36.6013     46.670     47.007    20.0768   4.996700    36.6030     0.1554 1.0000e-12     0.0613    98.4792      89.45    219.717     5.0475 5.8429e+02          1         65 0.0000e+00
   33.06308  -65.69062    20.0517   4.993800    36.6006     47.622     47.966    20.0518   4.994124    36.6032     0.1617 1.0000e-12     0.0610    98.4883      98.62    219.899     5.0517 5.8462e+02          1         48 0.0000e+00
   33.06309  -65.69061    20.0301   4.991569    36.6008     48.637     48.989    20.0301   4.991763    36.6024     0.1510 1.0000e-12     0.0616    98.4723      98.63    220.420     5.0637 5.8607e+02          1         30 0.0000e+00
   33.06310  -65.69060    20.0201   4.990568    36.6007     49.661     50.020    20.0203   4.990799    36.6025     0.1540 1.0000e-12     0.0614    98.4756      98.63    219.860     5.0509 5.8635e+02          1         43 0.0000e+00
   33.06310  -65.69060    19.9800   4.986442    36.6017     50.614     50.980    19.9805   4.986842    36.6045     0.1652 1.0000e-12     0.0605    98.5001      98.62    220.311     5.0613 5.8457e+02          1         64 0.0000e+00
   33.06310  -65.69060    19.9289   4.981189    36.6030     51.600     51.973    19.9289   4.981615    36.6065     0.1687 1.0000e-12     0.0620    98.4602      98.62    221.050     5.0783 5.8576e+02          1         42 0.0000e+00
   33.06310  -65.69060    19.8701   4.974937    36.6029     52.651     53.032    19.8706   4.975414    36.6064     0.1746 1.0000e-12     0.0627    98.4434      98.62    221.292     5.0840 5.8870e+02          1         46 0.0000e+00
   33.06310  -65.69060    19.8401   4.971842    36.6028     53.593     53.981    19.8403   4.972072    36.6045     0.1737 1.0000e-12     0.0625    98.4487      98.62    221.833     5.0965 5.9033e+02          1         59 0.0000e+00
   33.06310  -65.69060    19.8196   4.969618    36.6017     54.600     54.995    19.8199   4.970092    36.6054     0.1720 1.0000e-12     0.0643    98.4058      98.63    221.822     5.0962 5.8972e+02          1         35 0.0000e+00
   33.06310  -65.69060    19.7509   4.962167    36.6006     55.627     56.030    19.7511   4.962656    36.6045     0.1865 1.0000e-12     0.0662    98.3588      98.63    221.848     5.0969 5.9107e+02          1         41 0.0000e+00
   33.06311  -65.69059    19.7119   4.958005    36.5996     56.527     56.936    19.7113   4.958220    36.6019     0.2098 1.0000e-12     0.0660    98.3634      98.63    221.644     5.0923 5.9270e+02          1         69 0.0000e+00
   33.06312  -65.69058    19.6812   4.954680    36.5982     57.560     57.977    19.6814   4.955050    36.6011     0.2034 1.0000e-12     0.0663    98.3555      98.63    222.486     5.1116 5.9447e+02          1         32 0.0000e+00
   33.06312  -65.69058    19.6388   4.950152    36.5975     58.663     59.088    19.6396   4.950566    36.6003     0.2203 1.0000e-12     0.0654    98.3782      98.62    221.991     5.1003 5.9533e+02          1         44 0.0000e+00
   33.06312  -65.69058    19.6177   4.947928    36.5966     59.496     59.927    19.6180   4.948183    36.5985     0.2157 1.0000e-12     0.0646    98.3986      98.63    222.651     5.1155 5.9478e+02          1         67 0.0000e+00
   33.06312  -65.69058    19.5956   4.945578    36.5958     60.523     60.962    19.5957   4.945859    36.5980     0.2018 1.0000e-12     0.0681    98.3134      98.63    222.862     5.1204 5.9781e+02          1         40 0.0000e+00
   33.06314  -65.69058    19.5687   4.942676    36.5949     61.527     61.973    19.5690   4.943084    36.5980     0.2107 1.0000e-12     0.0652    98.3830      98.63    222.596     5.1143 5.9913e+02          1         39 0.0000e+00
   33.06314  -65.69058    19.5145   4.936880    36.5944     62.567     63.021    19.5149   4.937290    36.5975     0.2210 1.0000e-12     0.0634    98.4272      98.63    222.143     5.1040 5.9792e+02          1         41 0.0000e+00
   33.06314  -65.69057    19.5023   4.935702    36.5942     63.551     64.012    19.5025   4.935855    36.5953     0.2522 1.0000e-12     0.0605    98.4996      98.63    221.903     5.0985 5.9851e+02          1         73 0.0000e+00
   33.06314  -65.69056    19.5005   4.935618    36.5940     64.488     64.956    19.5008   4.935809    36.5953     0.2364 1.0000e-12     0.0568    98.5906      98.63    222.088     5.1027 6.0084e+02          1         39 0.0000e+00
   33.06314  -65.69056    19.4895   4.934574    36.5944     65.530     66.006    19.4901   4.934865    36.5963     0.2387 1.0000e-12     0.0578    98.5667      98.63    221.345     5.0857 6.0161e+02          1         37 0.0000e+00
   33.06314  -65.69056    19.4762   4.933266    36.5947     66.558     67.042    19.4764   4.933464    36.5961     0.2248 1.0000e-12     0.0524    98.6977      98.63    221.407     5.0871 6.0163e+02          1         52 0.0000e+00
   33.06314  -65.69056    19.4719   4.932885    36.5945     67.470     67.960    19.4720   4.933051    36.5958     0.2714 1.0000e-12     0.0512    98.7277      98.63    220.926     5.0761 6.0560e+02          1         57 0.0000e+00
   33.06315  -65.69055    19.4683   4.932565    36.5944     68.508     69.006    19.4683   4.932734    36.5958     0.2365 1.0000e-12     0.0495    98.7697      98.63    220.842     5.0741 6.0423e+02          1         40 0.0000e+00
