Data/ruptures/KN207-01/QL-2/20701069.cnv
* Sea-Bird SBE 9 Data File:
* FileName = C:\Data\ctd\20701069.hex
* Software Version Seasave V 7.21e
* Temperature SN = 4406
* Conductivity SN = 1474
* Number of Bytes Per Scan = 40
* Number of Voltage Words = 5
* Number of Scans Averaged by the Deck Unit = 1
* NMEA Latitude = 32 57.32 N
* NMEA Longitude = 065 44.31 W
* NMEA UTC (Time) = May 01 2012 17:59:29
** R/V Knorr Cruise # KN207-01 QL 2
** Chief Scientist: Ben Van Mooy
# nquan = 21
# nvalues = 400                         
# units = specified
# name 0 = latitude: Latitude [deg]
# name 1 = longitude: Longitude [deg]
# name 2 = t090C: Temperature [ITS-90, deg C]
# name 3 = c0S/m: Conductivity [S/m]
# name 4 = sal00: Salinity, Practical [PSU]
# name 5 = depSM: Depth [salt water, m]
# name 6 = prDM: Pressure, Digiquartz [db]
# name 7 = t190C: Temperature, 2 [ITS-90, deg C]
# name 8 = c1S/m: Conductivity, 2 [S/m]
# name 9 = sal11: Salinity, Practical, 2 [PSU]
# name 10 = flECO-AFL: Fluorescence, WET Labs ECO-AFL/FL [mg/m^3]
# name 11 = par: PAR/Irradiance, Biospherical/Licor
# name 12 = bat: Beam Attenuation, Chelsea/Seatech [1/m]
# name 13 = xmiss: Beam Transmission, Chelsea/Seatech [%]
# name 14 = altM: Altimeter [m]
# name 15 = sbeox0Mm/Kg: Oxygen, SBE 43 [umol/kg]
# name 16 = sbeox0ML/L: Oxygen, SBE 43 [ml/l]
# name 17 = spar: SPAR/Surface Irradiance
# name 18 = pumps: Pump Status
# name 19 = nbin: number of scans per bin
# name 20 = flag: flag
# span 0 =   32.95534,   32.95588       
# span 1 =  -65.73928,  -65.73858       
# span 2 =    17.9302,    20.5791       
# span 3 =   4.768454,   5.049965       
# span 4 =    36.5127,    36.6174       
# span 5 =      2.322,    200.003       
# span 6 =      2.338,    201.521       
# span 7 =    17.9311,    20.5675       
# span 8 =   4.768607,   5.048814       
# span 9 =    36.5095,    36.6204       
# span 10 =     0.0095,     0.8280      
# span 11 = 1.0000e-12, 1.0000e-12      
# span 12 =    -0.0138,     0.0873      
# span 13 =    97.8477,   100.3462      
# span 14 =       6.50,      98.93      
# span 15 =    186.032,    222.763      
# span 16 =     4.2756,     5.1180      
# span 17 = 1.4627e+03, 3.2590e+03      
# span 18 =          1,          1      
# span 19 =         15,       1450      
# span 20 = 0.0000e+00, 0.0000e+00      
# interval = decibars: 1                
# start_time = May 01 2012 17:59:29 [NMEA time, header]
# bad_flag = -9.990e-29
*END*
[from data line 138]
   32.95548  -65.73882    19.3711   4.925540    36.5930    139.960    141.002    19.3711   4.925602    36.5936     0.0951 1.0000e-12     0.0003    99.9922      98.70    213.088     4.8961 2.7684e+03          1         28 0.0000e+00
   32.95548  -65.73882    19.3713   4.925599    36.5930    140.970    142.019    19.3713   4.925664    36.5935     0.0841 1.0000e-12     0.0004    99.9904      98.70    212.547     4.8837 2.7711e+03          1         28 0.0000e+00
   32.95548  -65.73882    19.3714   4.925661    36.5930    141.938    142.995    19.3714   4.925736    36.5937     0.1101 1.0000e-12    -0.0010   100.0255      98.71    213.032     4.8948 2.7734e+03          1         20 0.0000e+00
   32.95548  -65.73882    19.3714   4.925732    36.5933    142.922    143.986    19.3714   4.925789    36.5937     0.1227 1.0000e-12    -0.0014   100.0338      98.70    213.230     4.8994 2.7736e+03          1         19 0.0000e+00
   32.95548  -65.73882    19.3711   4.925736    36.5931    143.962    145.034    19.3711   4.925819    36.5938     0.1018 1.0000e-12    -0.0014   100.0352      98.71    212.734     4.8880 2.7767e+03          1         17 0.0000e+00
   32.95548  -65.73882    19.3707   4.925722    36.5930    144.940    146.020    19.3706   4.925792    36.5937     0.0869 1.0000e-12    -0.0010   100.0259      98.70    212.435     4.8811 2.7773e+03          1         18 0.0000e+00
   32.95548  -65.73882    19.3707   4.925745    36.5928    145.958    147.046    19.3707   4.925829    36.5936     0.0799 1.0000e-12    -0.0009   100.0226      98.71    212.987     4.8938 2.7778e+03          1         26 0.0000e+00
   32.95548  -65.73882    19.3710   4.925836    36.5929    146.934    148.030    19.3710   4.925905    36.5935     0.0628 1.0000e-12    -0.0012   100.0287      98.70    213.380     4.9028 2.7803e+03          1         36 0.0000e+00
   32.95550  -65.73882    19.3712   4.925901    36.5930    147.836    148.939    19.3711   4.925973    36.5936     0.0861 1.0000e-12    -0.0023   100.0580      98.72    212.997     4.8940 2.7718e+03          1         36 0.0000e+00
   32.95550  -65.73882    19.3713   4.925974    36.5931    148.868    149.978    19.3712   4.926030    36.5936     0.0918 1.0000e-12    -0.0031   100.0777      98.71    212.939     4.8927 2.7767e+03          1         22 0.0000e+00
   32.95550  -65.73882    19.3715   4.926039    36.5931    149.876    150.995    19.3714   4.926099    36.5936     0.0736 1.0000e-12    -0.0031   100.0773      98.71    212.780     4.8890 2.7924e+03          1         18 0.0000e+00
   32.95550  -65.73882    19.3718   4.926132    36.5932    150.858    151.985    19.3717   4.926188    36.5938     0.0621 1.0000e-12    -0.0015   100.0370      98.71    212.928     4.8924 2.7950e+03          1         15 0.0000e+00
   32.95550  -65.73882    19.3719   4.926206    36.5933    151.835    152.969    19.3719   4.926269    36.5939     0.0647 1.0000e-12    -0.0028   100.0700      98.71    213.243     4.8997 2.7959e+03          1         17 0.0000e+00
   32.95550  -65.73882    19.3722   4.926277    36.5933    152.883    154.025    19.3721   4.926352    36.5940     0.0794 1.0000e-12    -0.0028   100.0717      98.71    213.297     4.9009 2.7845e+03          1         20 0.0000e+00
   32.95550  -65.73882    19.3721   4.926286    36.5931    153.896    155.047    19.3721   4.926379    36.5939     0.0526 1.0000e-12    -0.0026   100.0663      98.71    212.963     4.8932 2.7721e+03          1         27 0.0000e+00
   32.95550  -65.73882    19.3721   4.926339    36.5932    154.813    155.971    19.3721   4.926406    36.5938     0.0652 1.0000e-12    -0.0025   100.0629      98.71    212.669     4.8865 2.7633e+03          1         38 0.0000e+00
   32.95550  -65.73882    19.3722   4.926382    36.5931    155.785    156.950    19.3722   4.926456    36.5938     0.0719 1.0000e-12    -0.0032   100.0816      98.71    212.828     4.8901 2.7737e+03          1         30 0.0000e+00
   32.95550  -65.73882    19.3724   4.926466    36.5933    156.790    157.963    19.3724   4.926543    36.5939     0.0654 1.0000e-12    -0.0038   100.0961      98.71    213.155     4.8976 2.7737e+03          1         20 0.0000e+00
   32.95550  -65.73882    19.3719   4.926444    36.5931    157.783    158.964    19.3719   4.926514    36.5937     0.0660 1.0000e-12    -0.0041   100.1041      98.71    213.279     4.9005 2.7939e+03          1         19 0.0000e+00
   32.95550  -65.73882    19.3715   4.926432    36.5930    158.803    159.992    19.3714   4.926497    36.5936     0.0621 1.0000e-12    -0.0038   100.0944      98.71    213.351     4.9022 2.8104e+03          1         18 0.0000e+00
   32.95550  -65.73882    19.3714   4.926465    36.5930    159.816    161.014    19.3714   4.926535    36.5936     0.0570 1.0000e-12    -0.0031   100.0781      98.72    213.352     4.9022 2.8031e+03          1         20 0.0000e+00
   32.95550  -65.73882    19.3713   4.926488    36.5929    160.809    162.014    19.3713   4.926557    36.5935     0.0539 1.0000e-12    -0.0036   100.0898      98.71    212.616     4.8853 2.7892e+03          1         23 0.0000e+00
   32.95550  -65.73882    19.3712   4.926505    36.5928    161.808    163.021    19.3712   4.926587    36.5935     0.0685 1.0000e-12    -0.0032   100.0813      98.71    211.896     4.8687 2.7712e+03          1         31 0.0000e+00
   32.95550  -65.73884    19.3710   4.926523    36.5927    162.747    163.967    19.3710   4.926593    36.5934     0.0548 1.0000e-12    -0.0040   100.1016      98.71    212.795     4.8894 2.7761e+03          1         27 0.0000e+00
   32.95550  -65.73884    19.3708   4.926550    36.5928    163.747    164.975    19.3707   4.926611    36.5934     0.0628 1.0000e-12    -0.0044   100.1094      98.70    213.193     4.8985 2.7973e+03          1         24 0.0000e+00
   32.95550  -65.73884    19.3704   4.926562    36.5928    164.749    165.985    19.3704   4.926640    36.5935     0.0660 1.0000e-12    -0.0040   100.1021      98.71    213.001     4.8941 2.8003e+03          1         23 0.0000e+00
   32.95550  -65.73884    19.3699   4.926527    36.5926    165.762    167.006    19.3698   4.926606    36.5933     0.0445 1.0000e-12    -0.0034   100.0859      98.71    212.991     4.8939 2.7399e+03          1         22 0.0000e+00
   32.95550  -65.73884    19.3691   4.926451    36.5924    166.736    167.988    19.3688   4.926516    36.5931     0.0339 1.0000e-12    -0.0033   100.0833      98.71    213.324     4.9015 2.6731e+03          1         20 0.0000e+00
   32.95550  -65.73884    19.3671   4.926246    36.5920    167.740    169.000    19.3671   4.926336    36.5928     0.0455 1.0000e-12     0.0019    99.9526      98.71    212.836     4.8903 2.6505e+03          1         22 0.0000e+00
   32.95550  -65.73884    19.3661   4.926178    36.5920    168.746    170.013    19.3661   4.926254    36.5926     0.0478 1.0000e-12    -0.0034   100.0864      98.71    212.514     4.8829 2.6710e+03          1         23 0.0000e+00
   32.95550  -65.73884    19.3664   4.926304    36.5923    169.721    170.996    19.3664   4.926371    36.5929     0.0241 1.0000e-12    -0.0036   100.0901      98.71    212.739     4.8881 2.6867e+03          1         27 0.0000e+00
   32.95550  -65.73884    19.3655   4.926267    36.5925    170.695    171.978    19.3654   4.926330    36.5931     0.0342 1.0000e-12    -0.0048   100.1206      98.71    212.692     4.8870 2.7178e+03          1         27 0.0000e+00
   32.95550  -65.73884    19.3643   4.926159    36.5923    171.686    172.977    19.3643   4.926256    36.5931     0.0267 1.0000e-12    -0.0044   100.1094      98.71    212.541     4.8835 2.7459e+03          1         24 0.0000e+00
   32.95550  -65.73884    19.3594   4.925609    36.5917    172.679    173.978    19.3594   4.925746    36.5928     0.0265 1.0000e-12    -0.0051   100.1279      98.71    212.350     4.8792 2.6839e+03          1         22 0.0000e+00
   32.95550  -65.73884    19.3546   4.925139    36.5917    173.667    174.973    19.3544   4.925227    36.5926     0.0484 1.0000e-12    -0.0051   100.1276      98.71    212.779     4.8890 2.5982e+03          1         24 0.0000e+00
   32.95550  -65.73884    19.3515   4.924829    36.5915    174.658    175.973    19.3514   4.924940    36.5926     0.0604 1.0000e-12    -0.0056   100.1388      98.71    212.498     4.8826 2.5003e+03          1         25 0.0000e+00
   32.95550  -65.73884    19.3476   4.924411    36.5911    175.673    176.996    19.3476   4.924554    36.5923     0.0423 1.0000e-12    -0.0054   100.1351      98.71    211.716     4.8646 2.4747e+03          1         24 0.0000e+00
   32.95550  -65.73884    19.3293   4.922236    36.5890    176.673    178.004    19.3295   4.922767    36.5933     0.0382 1.0000e-12    -0.0051   100.1266      98.72    212.028     4.8718 2.4663e+03          1         23 0.0000e+00
   32.95550  -65.73884    19.2570   4.914009    36.5850    177.656    178.995    19.2574   4.914961    36.5926     0.0445 1.0000e-12    -0.0042   100.1051      98.71    212.393     4.8803 2.4620e+03          1         20 0.0000e+00
   32.95550  -65.73884    19.1424   4.900455    36.5743    178.675    180.022    19.1439   4.903263    36.5965     0.0504 1.0000e-12    -0.0049   100.1222      98.72    212.396     4.8804 2.5345e+03          1         23 0.0000e+00
   32.95550  -65.73884    18.9099   4.875045    36.5701    179.630    180.984    18.9107   4.876205    36.5792     0.0446 1.0000e-12    -0.0048   100.1199      98.71    210.970     4.8479 2.6993e+03          1         23 0.0000e+00
   32.95550  -65.73884    18.8578   4.869257    36.5669    180.610    181.972    18.8600   4.870193    36.5728     0.0700 1.0000e-12    -0.0052   100.1292      98.72    205.627     4.7252 2.7871e+03          1         27 0.0000e+00
   32.95550  -65.73884    18.8132   4.864400    36.5646    181.641    183.012    18.8131   4.864818    36.5682     0.0510 1.0000e-12    -0.0059   100.1472      98.71    200.088     4.5980 2.6545e+03          1         27 0.0000e+00
   32.95552  -65.73884    18.7374   4.855715    36.5583    182.613    183.991    18.7374   4.856912    36.5685     0.0495 1.0000e-12    -0.0061   100.1522      98.72    198.230     4.5553 2.3633e+03          1         25 0.0000e+00
   32.95552  -65.73884    18.6551   4.846796    36.5559    183.589    184.975    18.6552   4.847407    36.5611     0.0391 1.0000e-12    -0.0063   100.1574      98.72    197.652     4.5421 2.1479e+03          1         21 0.0000e+00
   32.95552  -65.73884    18.5990   4.840531    36.5523    184.601    185.995    18.5983   4.841273    36.5592     0.0165 1.0000e-12    -0.0066   100.1665      98.72    196.690     4.5201 2.1298e+03          1         22 0.0000e+00
   32.95552  -65.73884    18.5466   4.834611    36.5482    185.647    187.048    18.5464   4.835720    36.5578     0.0438 1.0000e-12    -0.0055   100.1372      98.72    195.357     4.4895 2.1915e+03          1         20 0.0000e+00
   32.95552  -65.73884    18.4005   4.818303    36.5410    186.621    188.031    18.4010   4.819994    36.5550     0.0609 1.0000e-12    -0.0056   100.1405      98.72    194.154     4.4620 2.2513e+03          1         24 0.0000e+00
   32.95552  -65.73886    18.3001   4.807506    36.5386    187.580    188.997    18.2997   4.808140    36.5443     0.0478 1.0000e-12    -0.0067   100.1689      98.71    192.425     4.4223 2.3168e+03          1         26 0.0000e+00
   32.95552  -65.73886    18.2363   4.800316    36.5333    188.548    189.973    18.2361   4.801256    36.5414     0.0360 1.0000e-12    -0.0056   100.1408      98.71    190.321     4.3740 2.3448e+03          1         25 0.0000e+00
   32.95552  -65.73886    18.1836   4.794731    36.5315    189.569    191.002    18.1836   4.795022    36.5340     0.0363 1.0000e-12    -0.0079   100.1974      98.72    188.621     4.3350 2.3366e+03          1         25 0.0000e+00
   32.95552  -65.73886    18.1638   4.792592    36.5293    190.561    192.003    18.1640   4.793077    36.5333     0.0357 1.0000e-12    -0.0081   100.2026      98.71    187.491     4.3091 2.3746e+03          1         23 0.0000e+00
   32.95552  -65.73886    18.1080   4.786356    36.5252    191.566    193.016    18.1082   4.787116    36.5314     0.0353 1.0000e-12    -0.0089   100.2227      98.71    187.468     4.3086 2.4240e+03          1         23 0.0000e+00
   32.95552  -65.73886    18.0822   4.783650    36.5238    192.517    193.975    18.0819   4.783862    36.5260     0.0095 1.0000e-12    -0.0088   100.2202      98.72    187.619     4.3121 2.4433e+03          1         22 0.0000e+00
   32.95552  -65.73886    18.0804   4.783373    36.5204    193.662    195.129    18.0697   4.782591    36.5234     0.0180 1.0000e-12    -0.0096   100.2394      98.72    187.150     4.3013 2.5305e+03          1         63 0.0000e+00
   32.95552  -65.73886    18.0433   4.779586    36.5193    194.420    195.893    18.0433   4.779796    36.5210     0.0121 1.0000e-12    -0.0100   100.2513      98.72    187.116     4.3005 2.7192e+03          1         47 0.0000e+00
   32.95552  -65.73886    18.0295   4.778204    36.5179    195.597    197.079    18.0297   4.778353    36.5189     0.0216 1.0000e-12    -0.0105   100.2628      98.72    187.088     4.2999 2.6419e+03          1         52 0.0000e+00
   32.95552  -65.73886    18.0171   4.777122    36.5173    196.397    197.886    18.0148   4.777096    36.5190     0.0186 1.0000e-12    -0.0109   100.2727      98.72    186.726     4.2916 2.5811e+03          1         79 0.0000e+00
   32.95552  -65.73888    17.9908   4.774639    36.5180    197.497    198.994    17.9913   4.774847    36.5192     0.0158 1.0000e-12    -0.0119   100.2986      98.72    186.993     4.2978 2.7588e+03          1        126 0.0000e+00
   32.95552  -65.73888    17.9496   4.770344    36.5173    198.518    200.023    17.9502   4.770573    36.5187     0.0112 1.0000e-12    -0.0120   100.3007      98.72    187.279     4.3044 2.7449e+03          1         78 0.0000e+00
   32.95552  -65.73888    17.9390   4.769291    36.5163    199.526    201.040    17.9377   4.769252    36.5172     0.0179 1.0000e-12    -0.0130   100.3248      98.72    187.624     4.3123 2.7427e+03          1        268 0.0000e+00
   32.95552  -65.73888    17.9302   4.768454    36.5165    200.003    201.521    17.9311   4.768607    36.5170     0.0149 1.0000e-12    -0.0135   100.3372      98.73    187.582     4.3113 2.7165e+03          1         25 0.0000e+00
   32.95554  -65.73889    17.9330   4.768703    36.5158    199.726    201.242    17.9322   4.768707    36.5165     0.0214 1.0000e-12    -0.0129   100.3214      98.72    187.759     4.3154 2.7364e+03          1        790 0.0000e+00
   32.95554  -65.73890    17.9405   4.769362    36.5150    198.526    200.032    17.9387   4.769216    36.5153     0.0264 1.0000e-12    -0.0131   100.3275      98.72    188.045     4.3220 2.7402e+03          1         31 0.0000e+00
   32.95555  -65.73890    17.9415   4.769421    36.5150    197.494    198.991    17.9409   4.769400    36.5153     0.0231 1.0000e-12    -0.0138   100.3462      98.73    187.699     4.3140 2.7623e+03          1         27 0.0000e+00
   32.95556  -65.73890    17.9519   4.770471    36.5149    196.452    197.941    17.9529   4.770551    36.5147     0.0118 1.0000e-12    -0.0132   100.3312      98.73    187.185     4.3022 2.7590e+03          1         44 0.0000e+00
   32.95556  -65.73890    17.9674   4.772038    36.5147    195.581    197.063    17.9726   4.772562    36.5143     0.0242 1.0000e-12    -0.0123   100.3082      98.73    187.234     4.3033 2.7323e+03          1         46 0.0000e+00
   32.95556  -65.73890    17.9785   4.773101    36.5141    194.560    196.034    17.9887   4.774036    36.5128     0.0260 1.0000e-12    -0.0123   100.3077      98.72    187.321     4.3053 2.7524e+03          1         30 0.0000e+00
