Data/ruptures/KN207-01/QL-2/20701065.cnv
* Sea-Bird SBE 9 Data File:
* FileName = C:\Data\ctd\20701065.hex
* Software Version Seasave V 7.21e
* Temperature SN = 4406
* Conductivity SN = 1474
* Number of Bytes Per Scan = 40
* Number of Voltage Words = 5
* Number of Scans Averaged by the Deck Unit = 1
* NMEA Latitude = 32 55.46 N
* NMEA Longitude = 065 47.13 W
* NMEA UTC (Time) = May 01 2012 10:07:41
** R/V Knorr Cruise # KN207-01 QL 2
** Chief Scientist: Ben Van Mooy
# nquan = 21
# nvalues = 400                         
# units = specified
# name 0 = latitude: Latitude [deg]
# name 1 = longitude: Longitude [deg]
# name 2 = t090C: Temperature [ITS-90, deg C]
# name 3 = c0S/m: Conductivity [S/m]
# name 4 = sal00: Salinity, Practical [PSU]
# name 5 = depSM: Depth [salt water, m]
# name 6 = prDM: Pressure, Digiquartz [db]
# name 7 = t190C: Temperature, 2 [ITS-90, deg C]
# name 8 = c1S/m: Conductivity, 2 [S/m]
# name 9 = sal11: Salinity, Practical, 2 [PSU]
# name 10 = flECO-AFL: Fluorescence, WET Labs ECO-AFL/FL [mg/m^3]
# name 11 = par: PAR/Irradiance, Biospherical/Licor
# name 12 = bat: Beam Attenuation, Chelsea/Seatech [1/m]
# name 13 = xmiss: Beam Transmission, Chelsea/Seatech [%]
# name 14 = altM: Altimeter [m]
# name 15 = sbeox0Mm/Kg: Oxygen, SBE 43 [umol/kg]
# name 16 = sbeox0ML/L: Oxygen, SBE 43 [ml/l]
# name 17 = spar: SPAR/Surface Irradiance
# name 18 = pumps: Pump Status
# name 19 = nbin: number of scans per bin
# name 20 = flag: flag
# span 0 =   32.92434,   32.92648       
# span 1 =  -65.78558,  -65.78398       
# span 2 =    18.5006,    20.2533       
# span 3 =   4.831084,   5.015578       
# span 4 =    36.5463,    36.6106       
# span 5 =      2.458,    200.067       
# span 6 =      2.475,    201.584       
# span 7 =    18.5341,    20.2527       
# span 8 =   4.835036,   5.015715       
# span 9 =    36.5449,    36.6118       
# span 10 =     0.0244,     0.8577      
# span 11 = 1.0000e-12, 1.0000e-12      
# span 12 =    -0.0065,     0.0813      
# span 13 =    97.9917,   100.1638      
# span 14 =       1.03,      98.89      
# span 15 =    190.549,    221.776      
# span 16 =     4.3789,     5.0952      
# span 17 = 1.7176e+02, 1.0700e+03      
# span 18 =          1,          1      
# span 19 =          3,       1878      
# span 20 = 0.0000e+00, 0.0000e+00      
# interval = decibars: 1                
# start_time = May 01 2012 10:07:41 [NMEA time, header]
# bad_flag = -9.990e-29
*END*
[from data line 69]
   32.92456  -65.78526    19.4088   4.926369    36.5930     71.509     72.029    19.4087   4.926549    36.5946     0.3648 1.0000e-12     0.0544    98.6499      90.11    218.123     5.0117 3.6600e+02          1         25 0.0000e+00
   32.92456  -65.78526    19.4095   4.926467    36.5927     72.612     73.140    19.4092   4.926622    36.5943     0.4032 1.0000e-12     0.0533    98.6780      98.19    218.089     5.0109 2.7739e+02          1         82 0.0000e+00
   32.92458  -65.78526    19.4078   4.926326    36.5928     73.367     73.901    19.4075   4.926508    36.5945     0.3936 1.0000e-12     0.0508    98.7369      98.59    218.185     5.0132 1.9687e+02          1         43 0.0000e+00
   32.92458  -65.78526    19.4047   4.926053    36.5928     74.463     75.004    19.4047   4.926233    36.5943     0.3925 1.0000e-12     0.0505    98.7443      98.59    217.720     5.0025 2.0243e+02          1         32 0.0000e+00
   32.92458  -65.78526    19.4042   4.926027    36.5926     75.477     76.027    19.4041   4.926206    36.5942     0.3670 1.0000e-12     0.0518    98.7127      98.59    218.052     5.0101 2.0739e+02          1         37 0.0000e+00
   32.92458  -65.78524    19.4037   4.926011    36.5926     76.480     77.037    19.4032   4.926156    36.5942     0.4305 1.0000e-12     0.0502    98.7521      98.59    218.078     5.0107 2.0264e+02          1         83 0.0000e+00
   32.92458  -65.78524    19.4011   4.925803    36.5927     77.366     77.930    19.4011   4.925982    36.5943     0.4253 1.0000e-12     0.0513    98.7270      98.59    217.741     5.0030 2.0272e+02          1         33 0.0000e+00
   32.92458  -65.78522    19.4006   4.925793    36.5927     78.418     78.989    19.4006   4.925979    36.5942     0.3908 1.0000e-12     0.0502    98.7537      98.59    216.951     4.9848 2.0729e+02          1         28 0.0000e+00
   32.92458  -65.78522    19.4005   4.925829    36.5926     79.485     80.065    19.4005   4.926014    36.5942     0.4127 1.0000e-12     0.0480    98.8067      98.59    217.611     5.0000 2.0772e+02          1         42 0.0000e+00
   32.92459  -65.78522    19.4004   4.925851    36.5925     80.392     80.978    19.4004   4.926028    36.5940     0.4750 1.0000e-12     0.0510    98.7331      98.59    217.312     4.9931 2.0529e+02          1         65 0.0000e+00
   32.92460  -65.78522    19.3991   4.925761    36.5925     81.353     81.946    19.3991   4.925950    36.5941     0.4493 1.0000e-12     0.0472    98.8263      98.59    216.986     4.9856 2.0436e+02          1         52 0.0000e+00
   32.92460  -65.78522    19.3972   4.925594    36.5924     82.388     82.989    19.3972   4.925784    36.5941     0.4284 1.0000e-12     0.0499    98.7605      98.60    216.981     4.9855 2.0529e+02          1         34 0.0000e+00
   32.92460  -65.78521    19.3961   4.925508    36.5923     83.419     84.028    19.3960   4.925706    36.5940     0.4508 1.0000e-12     0.0472    98.8266      98.60    217.502     4.9975 2.0587e+02          1         41 0.0000e+00
   32.92460  -65.78520    19.3948   4.925439    36.5925     84.387     85.003    19.3948   4.925621    36.5941     0.5292 1.0000e-12     0.0506    98.7437      98.60    217.304     4.9929 2.0756e+02          1         59 0.0000e+00
   32.92461  -65.78520    19.3929   4.925286    36.5925     85.364     85.988    19.3929   4.925469    36.5941     0.5316 1.0000e-12     0.0503    98.7519      91.16    216.688     4.9788 2.0889e+02          1         51 0.0000e+00
   32.92462  -65.78520    19.3914   4.925171    36.5926     86.343     86.974    19.3913   4.925351    36.5941     0.5631 1.0000e-12     0.0519    98.7120      94.51    216.663     4.9782 2.0664e+02          1         36 0.0000e+00
   32.92462  -65.78520    19.3904   4.925125    36.5926     87.387     88.026    19.3905   4.925306    36.5941     0.5686 1.0000e-12     0.0531    98.6816      98.60    216.495     4.9743 2.0680e+02          1         31 0.0000e+00
   32.92462  -65.78520    19.3902   4.925123    36.5924     88.322     88.968    19.3904   4.925327    36.5939     0.6777 1.0000e-12     0.0541    98.6570      98.60    215.755     4.9574 2.0968e+02          1         81 0.0000e+00
   32.92462  -65.78520    19.3889   4.925059    36.5926     89.322     89.975    19.3889   4.925236    36.5941     0.7004 1.0000e-12     0.0561    98.6065      98.59    215.858     4.9597 2.0745e+02          1         40 0.0000e+00
   32.92462  -65.78520    19.3859   4.924785    36.5927     90.327     90.988    19.3859   4.924966    36.5942     0.6589 1.0000e-12     0.0548    98.6390      98.60    216.264     4.9690 2.0612e+02          1         37 0.0000e+00
   32.92464  -65.78518    19.3852   4.924759    36.5927     91.350     92.019    19.3852   4.924931    36.5941     0.7156 1.0000e-12     0.0524    98.6999      98.60    215.950     4.9618 2.1148e+02          1         36 0.0000e+00
   32.92464  -65.78518    19.3846   4.924730    36.5926     92.354     93.030    19.3845   4.924903    36.5941     0.7602 1.0000e-12     0.0511    98.7302      98.59    214.929     4.9384 2.1700e+02          1         46 0.0000e+00
   32.92464  -65.78518    19.3839   4.924694    36.5925     93.329     94.013    19.3839   4.924879    36.5940     0.7726 1.0000e-12     0.0465    98.8431      98.60    214.742     4.9341 2.1121e+02          1         70 0.0000e+00
   32.92464  -65.78518    19.3831   4.924671    36.5926     94.231     94.921    19.3831   4.924845    36.5941     0.7634 1.0000e-12     0.0570    98.5846      98.60    214.435     4.9270 2.0972e+02          1         50 0.0000e+00
   32.92464  -65.78518    19.3818   4.924572    36.5926     95.287     95.986    19.3818   4.924768    36.5942     0.7281 1.0000e-12     0.0435    98.9187      98.60    214.068     4.9186 2.0939e+02          1         31 0.0000e+00
   32.92466  -65.78516    19.3801   4.924456    36.5927     96.322     97.028    19.3801   4.924641    36.5943     0.6853 1.0000e-12     0.0422    98.9492      98.60    214.279     4.9235 2.1263e+02          1         28 0.0000e+00
   32.92466  -65.78516    19.3795   4.924440    36.5927     97.374     98.088    19.3795   4.924609    36.5941     0.6661 1.0000e-12     0.0380    99.0551      98.60    214.228     4.9223 2.2099e+02          1         57 0.0000e+00
   32.92466  -65.78516    19.3794   4.924470    36.5927     98.208     98.928    19.3794   4.924650    36.5941     0.7487 1.0000e-12     0.0384    99.0454      98.60    213.843     4.9134 2.1199e+02          1         80 0.0000e+00
   32.92466  -65.78516    19.3789   4.924483    36.5928     99.196     99.924    19.3790   4.924646    36.5942     0.6207 1.0000e-12     0.0633    98.4309      98.60    213.799     4.9124 2.1211e+02          1         33 0.0000e+00
   32.92466  -65.78516    19.3786   4.924513    36.5929    100.254    100.990    19.3786   4.924677    36.5943     0.5639 1.0000e-12     0.0325    99.1911       7.54    214.122     4.9198 2.1937e+02          1         26 0.0000e+00
   32.92467  -65.78515    19.3782   4.924485    36.5927    101.316    102.060    19.3781   4.924668    36.5943     0.5733 1.0000e-12     0.0303    99.2454      80.63    214.073     4.9187 2.2343e+02          1         36 0.0000e+00
   32.92468  -65.78514    19.3776   4.924454    36.5927    102.164    102.914    19.3776   4.924636    36.5941     0.5991 1.0000e-12     0.0287    99.2861      98.60    213.886     4.9144 2.1847e+02          1         67 0.0000e+00
   32.92468  -65.78514    19.3766   4.924337    36.5921    103.202    103.961    19.3765   4.924570    36.5941     0.5047 1.0000e-12     0.0282    99.2980      98.60    212.838     4.8903 2.1525e+02          1         34 0.0000e+00
   32.92468  -65.78514    19.3761   4.924385    36.5926    104.217    104.983    19.3761   4.924566    36.5941     0.4121 1.0000e-12     0.0229    99.4288      98.60    213.276     4.9004 2.1548e+02          1         35 0.0000e+00
   32.92468  -65.78514    19.3761   4.924433    36.5926    105.225    105.998    19.3761   4.924607    36.5941     0.4082 1.0000e-12     0.0249    99.3812      98.60    213.615     4.9082 2.1772e+02          1         33 0.0000e+00
   32.92468  -65.78514    19.3756   4.924428    36.5926    106.243    107.024    19.3756   4.924600    36.5940     0.4179 1.0000e-12     0.0223    99.4447      98.60    213.450     4.9044 2.2365e+02          1         34 0.0000e+00
   32.92469  -65.78513    19.3751   4.924409    36.5926    107.182    107.971    19.3752   4.924586    36.5940     0.4149 1.0000e-12     0.0178    99.5556      98.60    213.473     4.9049 2.2472e+02          1         31 0.0000e+00
   32.92470  -65.78512    19.3747   4.924404    36.5925    108.164    108.959    19.3748   4.924600    36.5941     0.3830 1.0000e-12     0.0179    99.5527      98.60    213.489     4.9053 2.2154e+02          1         25 0.0000e+00
   32.92470  -65.78512    19.3744   4.924427    36.5925    109.179    109.983    19.3744   4.924601    36.5940     0.3405 1.0000e-12     0.0178    99.5555      98.60    213.578     4.9074 2.1860e+02          1         23 0.0000e+00
   32.92470  -65.78512    19.3746   4.924479    36.5924    110.210    111.022    19.3746   4.924676    36.5940     0.3200 1.0000e-12     0.0151    99.6226      58.73    213.524     4.9061 2.1637e+02          1         25 0.0000e+00
   32.92470  -65.78512    19.3748   4.924542    36.5924    111.200    112.020    19.3748   4.924712    36.5938     0.3126 1.0000e-12     0.0159    99.6044      17.26    213.223     4.8992 2.1654e+02          1         26 0.0000e+00
   32.92470  -65.78512    19.3751   4.924641    36.5926    112.179    113.005    19.3752   4.924825    36.5940     0.3023 1.0000e-12     0.0136    99.6617      98.61    213.049     4.8952 2.1948e+02          1         28 0.0000e+00
   32.92470  -65.78512    19.3749   4.924655    36.5925    113.161    113.995    19.3749   4.924840    36.5940     0.3039 1.0000e-12     0.0119    99.7042      98.61    213.212     4.8989 2.2504e+02          1         26 0.0000e+00
   32.92470  -65.78512    19.3744   4.924640    36.5924    114.165    115.007    19.3743   4.924793    36.5938     0.2651 1.0000e-12     0.0123    99.6928      40.07    213.119     4.8968 2.2753e+02          1         24 0.0000e+00
   32.92470  -65.78512    19.3737   4.924598    36.5923    115.153    116.002    19.3738   4.924783    36.5937     0.2396 1.0000e-12     0.0130    99.6769      84.84    213.233     4.8994 2.2560e+02          1         22 0.0000e+00
   32.92470  -65.78512    19.3738   4.924659    36.5923    116.143    117.000    19.3738   4.924838    36.5938     0.2624 1.0000e-12     0.0096    99.7602      98.60    213.245     4.8997 2.2064e+02          1         24 0.0000e+00
   32.92472  -65.78510    19.3741   4.924756    36.5925    117.149    118.013    19.3742   4.924924    36.5938     0.2619 1.0000e-12     0.0097    99.7576      98.61    213.189     4.8984 2.1682e+02          1         30 0.0000e+00
   32.92472  -65.78510    19.3741   4.924799    36.5925    118.122    118.994    19.3742   4.924964    36.5938     0.2804 1.0000e-12     0.0095    99.7622      98.61    213.080     4.8959 2.1752e+02          1         33 0.0000e+00
   32.92472  -65.78510    19.3739   4.924841    36.5926    119.135    120.015    19.3740   4.925007    36.5939     0.3012 1.0000e-12     0.0103    99.7423      24.26    212.961     4.8932 2.2256e+02          1         22 0.0000e+00
   32.92472  -65.78510    19.3740   4.924916    36.5928    120.139    121.027    19.3740   4.925075    36.5941     0.2431 1.0000e-12     0.0104    99.7403      94.54    213.017     4.8945 2.2674e+02          1         17 0.0000e+00
   32.92472  -65.78510    19.3739   4.924981    36.5930    121.111    122.006    19.3740   4.925132    36.5942     0.2238 1.0000e-12     0.0099    99.7533      98.61    213.070     4.8957 2.2823e+02          1         16 0.0000e+00
   32.92472  -65.78510    19.3741   4.925027    36.5929    122.122    123.025    19.3741   4.925198    36.5943     0.1902 1.0000e-12     0.0094    99.7656      98.61    212.517     4.8830 2.2918e+02          1         23 0.0000e+00
   32.92472  -65.78510    19.3747   4.925155    36.5930    123.134    124.045    19.3748   4.925322    36.5943     0.2223 1.0000e-12     0.0087    99.7816      98.61    212.315     4.8783 2.2746e+02          1         30 0.0000e+00
   32.92472  -65.78510    19.3746   4.925197    36.5931    124.036    124.953    19.3747   4.925374    36.5946     0.2917 1.0000e-12     0.0072    99.8191      98.61    212.748     4.8883 2.2632e+02          1         24 0.0000e+00
   32.92472  -65.78510    19.3740   4.925151    36.5929    125.034    125.960    19.3740   4.925331    36.5944     0.2603 1.0000e-12     0.0094    99.7645      98.61    213.618     4.9083 2.2540e+02          1         22 0.0000e+00
   32.92473  -65.78509    19.3739   4.925201    36.5930    126.058    126.992    19.3738   4.925358    36.5944     0.1986 1.0000e-12     0.0083    99.7937      98.62    213.437     4.9041 2.2377e+02          1         22 0.0000e+00
   32.92474  -65.78508    19.3735   4.925184    36.5928    127.086    128.027    19.3737   4.925392    36.5944     0.1666 1.0000e-12     0.0081    99.7988      98.61    213.196     4.8986 2.2116e+02          1         27 0.0000e+00
   32.92474  -65.78508    19.3721   4.925027    36.5924    128.034    128.982    19.3722   4.925221    36.5940     0.1613 1.0000e-12     0.0060    99.8508      98.61    213.161     4.8978 2.2266e+02          1         28 0.0000e+00
   32.92474  -65.78508    19.3717   4.925026    36.5924    129.005    129.961    19.3718   4.925215    36.5939     0.1484 1.0000e-12     0.0057    99.8581      98.60    213.088     4.8961 2.2912e+02          1         28 0.0000e+00
   32.92474  -65.78508    19.3719   4.925132    36.5927    130.051    131.015    19.3720   4.925293    36.5940     0.1468 1.0000e-12     0.0038    99.9053      98.61    212.965     4.8933 2.3529e+02          1         23 0.0000e+00
   32.92474  -65.78508    19.3722   4.925204    36.5927    131.043    132.015    19.3722   4.925369    36.5940     0.1456 1.0000e-12     0.0029    99.9277      98.61    213.136     4.8972 2.3210e+02          1         20 0.0000e+00
   32.92474  -65.78508    19.3722   4.925231    36.5925    132.026    133.005    19.3722   4.925410    36.5940     0.1419 1.0000e-12     0.0029    99.9268      98.60    212.550     4.8837 2.2765e+02          1         19 0.0000e+00
   32.92474  -65.78508    19.3723   4.925292    36.5926    133.009    133.996    19.3723   4.925453    36.5939     0.1361 1.0000e-12     0.0032    99.9210      98.61    212.320     4.8785 2.2510e+02          1         22 0.0000e+00
   32.92474  -65.78508    19.3721   4.925315    36.5925    134.010    135.005    19.3722   4.925487    36.5939     0.1191 1.0000e-12     0.0019    99.9533      98.61    212.744     4.8882 2.2504e+02          1         26 0.0000e+00
   32.92474  -65.78508    19.3721   4.925354    36.5925    134.999    136.001    19.3722   4.925536    36.5939     0.1150 1.0000e-12     0.0013    99.9684      98.61    213.164     4.8978 2.2753e+02          1         28 0.0000e+00
   32.92475  -65.78507    19.3720   4.925392    36.5925    136.044    137.055    19.3720   4.925554    36.5938     0.1175 1.0000e-12     0.0009    99.9784      98.61    212.745     4.8882 2.3315e+02          1         25 0.0000e+00
   32.92476  -65.78506    19.3718   4.925409    36.5924    136.995    138.013    19.3718   4.925583    36.5939     0.1109 1.0000e-12     0.0000   100.0004      98.61    212.798     4.8894 2.3693e+02          1         23 0.0000e+00
   32.92476  -65.78506    19.3720   4.925475    36.5925    137.951    138.977    19.3720   4.925653    36.5940     0.1058 1.0000e-12    -0.0006   100.0152      98.61    212.698     4.8871 2.3534e+02          1         24 0.0000e+00
