Data/ruptures/KN207-01/QL-2/20701076.cnv
* Sea-Bird SBE 9 Data File:
* FileName = C:\Data\ctd\20701076.hex
* Software Version Seasave V 7.21e
* Temperature SN = 4406
* Conductivity SN = 1474
* Number of Bytes Per Scan = 40
* Number of Voltage Words = 5
* Number of Scans Averaged by the Deck Unit = 1
* NMEA Latitude = 33 05.81 N
* NMEA Longitude = 065 39.86 W
* NMEA UTC (Time) = May 02 2012 16:15:17
** R/V Knorr Cruise # KN207-01 QL 2
** Chief Scientist: Ben Van Mooy
# nquan = 21
# nvalues = 396                         
# units = specified
# name 0 = latitude: Latitude [deg]
# name 1 = longitude: Longitude [deg]
# name 2 = t090C: Temperature [ITS-90, deg C]
# name 3 = c0S/m: Conductivity [S/m]
# name 4 = sal00: Salinity, Practical [PSU]
# name 5 = depSM: Depth [salt water, m]
# name 6 = prDM: Pressure, Digiquartz [db]
# name 7 = t190C: Temperature, 2 [ITS-90, deg C]
# name 8 = c1S/m: Conductivity, 2 [S/m]
# name 9 = sal11: Salinity, Practical, 2 [PSU]
# name 10 = flECO-AFL: Fluorescence, WET Labs ECO-AFL/FL [mg/m^3]
# name 11 = par: PAR/Irradiance, Biospherical/Licor
# name 12 = bat: Beam Attenuation, Chelsea/Seatech [1/m]
# name 13 = xmiss: Beam Transmission, Chelsea/Seatech [%]
# name 14 = altM: Altimeter [m]
# name 15 = sbeox0Mm/Kg: Oxygen, SBE 43 [umol/kg]
# name 16 = sbeox0ML/L: Oxygen, SBE 43 [ml/l]
# name 17 = spar: SPAR/Surface Irradiance
# name 18 = pumps: Pump Status
# name 19 = nbin: number of scans per bin
# name 20 = flag: flag
# span 0 =   33.09691,   33.09987       
# span 1 =  -65.66436,  -65.66055       
# span 2 =    17.9985,    20.4431       
# span 3 =   4.775245,   5.035688       
# span 4 =    36.5142,    36.6191       
# span 5 =      3.243,    199.619       
# span 6 =      3.266,    201.136       
# span 7 =    17.9971,    20.4417       
# span 8 =   4.775251,   5.035560       
# span 9 =    36.5071,    36.6239       
# span 10 =     0.0075,     0.8385      
# span 11 = 1.0000e-12, 1.0000e-12      
# span 12 =    -0.0141,     0.0713      
# span 13 =    98.2347,   100.3531      
# span 14 =       1.03,      98.81      
# span 15 =    186.128,    223.003      
# span 16 =     4.2774,     5.1235      
# span 17 = 1.2298e+03, 2.7378e+03      
# span 18 =          1,          1      
# span 19 =         16,       1151      
# span 20 = 0.0000e+00, 0.0000e+00      
# interval = decibars: 1                
# start_time = May 02 2012 16:15:17 [NMEA time, header]
# bad_flag = -9.990e-29
*END*
[from data line 345]
   33.09904  -65.66170    19.4653   4.931564    36.5935     52.640     53.021    19.4660   4.931669    36.5936     0.2405 1.0000e-12     0.0515    98.7208      98.78    220.530     5.0670 2.5663e+03          1         43 0.0000e+00
   33.09904  -65.66170    19.4666   4.931643    36.5934     51.636     52.010    19.4677   4.931829    36.5939     0.2360 1.0000e-12     0.0498    98.7626      98.77    220.538     5.0672 2.5651e+03          1         46 0.0000e+00
   33.09904  -65.66168    19.4871   4.933691    36.5924     50.620     50.986    19.4836   4.933308    36.5924     0.2329 1.0000e-12     0.0511    98.7292      98.77    220.589     5.0683 2.5608e+03          1         54 0.0000e+00
   33.09904  -65.66168    19.5006   4.935034    36.5920     49.654     50.013    19.5043   4.935528    36.5928     0.2260 1.0000e-12     0.0546    98.6451      98.77    221.294     5.0845 2.5477e+03          1         51 0.0000e+00
   33.09905  -65.66167    19.5099   4.936042    36.5926     48.631     48.982    19.5113   4.936259    36.5931     0.2052 1.0000e-12     0.0565    98.5971      98.77    221.250     5.0835 2.5482e+03          1         41 0.0000e+00
   33.09906  -65.66166    19.5134   4.936410    36.5931     47.679     48.024    19.5168   4.936856    36.5937     0.2019 1.0000e-12     0.0603    98.5038      98.77    221.514     5.0895 2.5541e+03          1         46 0.0000e+00
   33.09906  -65.66166    19.5190   4.936974    36.5933     46.671     47.008    19.5218   4.937304    36.5935     0.1945 1.0000e-12     0.0592    98.5306      98.77    221.599     5.0915 2.5582e+03          1         42 0.0000e+00
   33.09908  -65.66164    19.5422   4.939443    36.5935     45.596     45.925    19.5530   4.940460    36.5924     0.1959 1.0000e-12     0.0602    98.5054      98.78    221.401     5.0869 2.5701e+03          1         56 0.0000e+00
   33.09908  -65.66164    19.6021   4.945570    36.5913     44.720     45.042    19.5991   4.945268    36.5916     0.2149 1.0000e-12     0.0640    98.4113      98.77    221.589     5.0911 2.5776e+03          1         53 0.0000e+00
   33.09908  -65.66163    19.6142   4.946953    36.5929     43.693     44.009    19.6046   4.946099    36.5945     0.1986 1.0000e-12     0.0633    98.4298      98.77    222.024     5.1011 2.5771e+03          1         38 0.0000e+00
   33.09908  -65.66162    19.6499   4.950806    36.5936     42.690     42.998    19.6807   4.953474    36.5881     0.1912 1.0000e-12     0.0656    98.3738      98.77    221.813     5.0962 2.5749e+03          1         40 0.0000e+00
   33.09909  -65.66162    19.7310   4.959834    36.5969     41.612     41.912    19.7342   4.960122    36.5966     0.1776 1.0000e-12     0.0688    98.2941      98.78    221.883     5.0977 2.5738e+03          1         74 0.0000e+00
   33.09911  -65.66161    19.8106   4.968308    36.5981     40.679     40.972    19.8057   4.967798    36.5984     0.1352 1.0000e-12     0.0696    98.2758      90.99    221.903     5.0981 2.5727e+03          1        142 0.0000e+00
   33.09912  -65.66159    19.8665   4.973986    36.5974     39.653     39.938    19.8562   4.972544    36.5947     0.1495 1.0000e-12     0.0706    98.2519      98.77    221.750     5.0945 2.5663e+03          1        102 0.0000e+00
   33.09912  -65.66158    19.9119   4.978548    36.5960     38.672     38.951    19.8959   4.976659    36.5946     0.1408 1.0000e-12     0.0681    98.3119      98.78    221.160     5.0809 2.5681e+03          1         90 0.0000e+00
   33.09914  -65.66156    19.9601   4.983569    36.5958     37.801     38.073    19.9299   4.979943    36.5925     0.1344 1.0000e-12     0.0692    98.2845      98.78    221.091     5.0792 2.5697e+03          1         85 0.0000e+00
   33.09921  -65.66147    20.0571   4.994156    36.6006     36.899     37.165    20.0542   4.993880    36.6007     0.1255 1.0000e-12     0.0662    98.3599      93.17    220.302     5.0610 2.5443e+03          1       1151 0.0000e+00
   33.09928  -65.66138    20.1251   5.001422    36.6011     35.744     36.001    20.1180   5.000763    36.6020     0.1159 1.0000e-12     0.0633    98.4284      98.78    220.146     5.0573 2.5476e+03          1         44 0.0000e+00
   33.09928  -65.66137    20.1287   5.001834    36.6019     34.718     34.967    20.1279   5.001780    36.6021     0.1270 1.0000e-12     0.0627    98.4454      98.78    219.538     5.0433 2.5482e+03          1         41 0.0000e+00
   33.09928  -65.66136    20.1430   5.003314    36.6019     33.822     34.065    20.1413   5.003122    36.6019     0.1143 1.0000e-12     0.0618    98.4675      98.78    219.730     5.0477 2.5538e+03          1         66 0.0000e+00
   33.09928  -65.66136    20.1505   5.004098    36.6024     32.805     33.041    20.1491   5.003926    36.6022     0.1124 1.0000e-12     0.0617    98.4699      87.95    219.627     5.0454 2.5561e+03          1         36 0.0000e+00
   33.09930  -65.66134    20.1685   5.006012    36.6027     31.731     31.959    20.1720   5.006358    36.6024     0.1044 1.0000e-12     0.0602    98.5072      87.74    219.163     5.0347 2.5572e+03          1         44 0.0000e+00
   33.09930  -65.66134    20.1911   5.008510    36.6037     30.765     30.986    20.1900   5.008339    36.6033     0.0901 1.0000e-12     0.0597    98.5178      68.96    218.663     5.0232 2.5569e+03          1         54 0.0000e+00
   33.09931  -65.66133    20.2113   5.010607    36.6036     29.805     30.019    20.2127   5.010870    36.6046     0.1114 1.0000e-12     0.0572    98.5796      98.79    218.592     5.0215 2.5563e+03          1         43 0.0000e+00
   33.09932  -65.66132    20.2201   5.011810    36.6064     28.786     28.993    20.2269   5.012543    36.6064     0.0882 1.0000e-12     0.0569    98.5866      98.78    218.669     5.0233 2.5571e+03          1         45 0.0000e+00
   33.09932  -65.66132    20.2409   5.014170    36.6080     27.773     27.972    20.2431   5.014585    36.6095     0.0895 1.0000e-12     0.0690    98.2898      98.79    218.833     5.0270 2.5583e+03          1         54 0.0000e+00
   33.09932  -65.66130    20.2510   5.015374    36.6096     26.868     27.060    20.2518   5.015534    36.6102     0.0626 1.0000e-12     0.0548    98.6379      98.79    218.884     5.0282 2.5551e+03          1         47 0.0000e+00
   33.09932  -65.66130    20.2569   5.016203    36.6119     25.692     25.876    20.2577   5.016342    36.6124     0.0727 1.0000e-12     0.0524    98.6993      98.79    218.506     5.0195 2.5495e+03          1         66 0.0000e+00
   33.09934  -65.66128    20.2637   5.017016    36.6133     24.849     25.027    20.2635   5.017038    36.6136     0.0727 1.0000e-12     0.0522    98.7048      98.79    218.656     5.0229 2.5530e+03          1         89 0.0000e+00
   33.09935  -65.66127    20.2633   5.016855    36.6131     23.847     24.018    20.2630   5.016881    36.6135     0.0621 1.0000e-12     0.0533    98.6765      98.79    218.337     5.0156 2.5502e+03          1         98 0.0000e+00
   33.09936  -65.66125    20.2651   5.016998    36.6131     22.863     23.027    20.2648   5.017010    36.6135     0.0776 1.0000e-12     0.0530    98.6834      98.79    218.465     5.0185 2.5497e+03          1         87 0.0000e+00
   33.09936  -65.66124    20.2671   5.017176    36.6133     21.781     21.937    20.2656   5.017058    36.6138     0.0676 1.0000e-12     0.0530    98.6834      98.79    218.298     5.0147 2.5472e+03          1         85 0.0000e+00
   33.09947  -65.66111    20.2678   5.017192    36.6134     20.864     21.014    20.2677   5.017258    36.6140     0.0740 1.0000e-12     0.0532    98.6782      98.79    218.485     5.0190 2.5777e+03          1         58 0.0000e+00
   33.09948  -65.66109    20.2695   5.017351    36.6136     19.893     20.035    20.2690   5.017368    36.6141     0.0842 1.0000e-12     0.0527    98.6915      98.79    218.579     5.0212 2.5808e+03          1         82 0.0000e+00
   33.09948  -65.66108    20.2716   5.017547    36.6137     18.874     19.009    20.2707   5.017514    36.6142     0.0594 1.0000e-12     0.0515    98.7219      98.79    218.386     5.0167 2.5763e+03          1         50 0.0000e+00
   33.09950  -65.66106    20.2730   5.017669    36.6139     17.845     17.972    20.2721   5.017631    36.6144     0.0851 1.0000e-12     0.0526    98.6946      98.79    218.693     5.0238 2.5753e+03          1         58 0.0000e+00
   33.09950  -65.66106    20.2746   5.017809    36.6140     16.906     17.027    20.2745   5.017881    36.6146     0.0762 1.0000e-12     0.0543    98.6512      98.79    218.924     5.0291 2.5716e+03          1         55 0.0000e+00
   33.09952  -65.66104    20.2768   5.018003    36.6141     15.824     15.937    20.2767   5.018062    36.6146     0.0560 1.0000e-12     0.0528    98.6897      98.79    218.475     5.0188 2.5704e+03          1        138 0.0000e+00
   33.09952  -65.66102    20.2784   5.018148    36.6142     14.913     15.019    20.2784   5.018216    36.6148     0.0492 1.0000e-12     0.0529    98.6871      98.79    218.668     5.0232 2.5729e+03          1        138 0.0000e+00
   33.09961  -65.66091    20.2810   5.018401    36.6143     14.212     14.313    20.2810   5.018469    36.6149     0.0604 1.0000e-12     0.0538    98.6635      98.80    218.475     5.0188 2.5885e+03          1        217 0.0000e+00
   33.09966  -65.66084    20.2980   5.020153    36.6141     12.901     12.993    20.2940   5.019757    36.6144     0.0623 1.0000e-12     0.0531    98.6818      98.80    217.971     5.0071 2.5997e+03          1         58 0.0000e+00
   33.09966  -65.66083    20.3218   5.022622    36.6136     11.955     12.040    20.3143   5.021565    36.6116     0.0471 1.0000e-12     0.0514    98.7244      98.80    218.277     5.0141 2.6042e+03          1         41 0.0000e+00
   33.09966  -65.66082    20.3453   5.025184    36.6142     10.931     11.009    20.3543   5.026036    36.6131     0.0608 1.0000e-12     0.0510    98.7331      98.80    218.769     5.0254 2.6142e+03          1         40 0.0000e+00
   33.09966  -65.66082    20.3695   5.027848    36.6153      9.937     10.008    20.3677   5.027749    36.6160     0.0639 1.0000e-12     0.0482    98.8013      98.80    218.602     5.0216 2.6213e+03          1         53 0.0000e+00
   33.09968  -65.66080    20.3733   5.028246    36.6158      8.937      9.000    20.3759   5.028507    36.6157     0.0434 1.0000e-12     0.0486    98.7928      98.80    218.068     5.0093 2.6225e+03          1         45 0.0000e+00
   33.09968  -65.66080    20.3932   5.030419    36.6167      7.916      7.972    20.3928   5.030373    36.6167     0.0511 1.0000e-12     0.0491    98.7806      98.80    218.151     5.0112 2.6239e+03          1         90 0.0000e+00
   33.09970  -65.66078    20.4077   5.031940    36.6173      7.100      7.151    20.4065   5.031827    36.6174     0.0477 1.0000e-12     0.0466    98.8423      98.80    218.112     5.0103 2.6362e+03          1        127 0.0000e+00
   33.09977  -65.66069    20.4342   5.034783    36.6184      6.315      6.360    20.4335   5.034767    36.6189     0.0465 1.0000e-12     0.0459    98.8587      98.81    218.254     5.0135 2.4831e+03          1        444 0.0000e+00
   33.09983  -65.66059    20.4431   5.035688    36.6187      5.059      5.095    20.4402   5.035467    36.6194     0.0443 1.0000e-12     0.0452    98.8756      98.81    218.261     5.0136 2.0258e+03          1         86 0.0000e+00
   33.09984  -65.66058    20.4395   5.035256    36.6188      3.922      3.950    20.4417   5.035560    36.6194     0.0517 1.0000e-12     0.0451    98.8787      98.81    218.115     5.0103 2.6730e+03          1         76 0.0000e+00
   33.09987  -65.66055    20.4357   5.034818    36.6188      3.243      3.266    20.4393   5.035251    36.6192     0.0387 1.0000e-12     0.0468    98.8367      98.81    217.983     5.0073 2.7378e+03          1        130 0.0000e+00
