Data/ruptures/KN207-01/QL-2/20701068.cnv
* Sea-Bird SBE 9 Data File:
* FileName = C:\Data\ctd\20701068.hex
* Software Version Seasave V 7.21e
* Temperature SN = 4406
* Conductivity SN = 1474
* Number of Bytes Per Scan = 40
* Number of Voltage Words = 5
* Number of Scans Averaged by the Deck Unit = 1
* NMEA Latitude = 32 57.04 N
* NMEA Longitude = 065 44.98 W
* NMEA UTC (Time) = May 01 2012 16:03:39
** R/V Knorr Cruise # KN207-01 QL 2
** Chief Scientist: Ben Van Mooy
# nquan = 21
# nvalues = 398                         
# units = specified
# name 0 = latitude: Latitude [deg]
# name 1 = longitude: Longitude [deg]
# name 2 = t090C: Temperature [ITS-90, deg C]
# name 3 = c0S/m: Conductivity [S/m]
# name 4 = sal00: Salinity, Practical [PSU]
# name 5 = depSM: Depth [salt water, m]
# name 6 = prDM: Pressure, Digiquartz [db]
# name 7 = t190C: Temperature, 2 [ITS-90, deg C]
# name 8 = c1S/m: Conductivity, 2 [S/m]
# name 9 = sal11: Salinity, Practical, 2 [PSU]
# name 10 = flECO-AFL: Fluorescence, WET Labs ECO-AFL/FL [mg/m^3]
# name 11 = par: PAR/Irradiance, Biospherical/Licor
# name 12 = bat: Beam Attenuation, Chelsea/Seatech [1/m]
# name 13 = xmiss: Beam Transmission, Chelsea/Seatech [%]
# name 14 = altM: Altimeter [m]
# name 15 = sbeox0Mm/Kg: Oxygen, SBE 43 [umol/kg]
# name 16 = sbeox0ML/L: Oxygen, SBE 43 [ml/l]
# name 17 = spar: SPAR/Surface Irradiance
# name 18 = pumps: Pump Status
# name 19 = nbin: number of scans per bin
# name 20 = flag: flag
# span 0 =   32.95068,   32.95233       
# span 1 =  -65.74982,  -65.74877       
# span 2 =    18.0276,    20.3164       
# span 3 =   4.778493,   5.021808       
# span 4 =    36.5154,    36.6117       
# span 5 =      3.091,    200.272       
# span 6 =      3.113,    201.791       
# span 7 =    18.0272,    20.3157       
# span 8 =   4.778553,   5.021732       
# span 9 =    36.5160,    36.6129       
# span 10 =     0.0059,     1.0127      
# span 11 = 1.0000e-12, 1.0000e-12      
# span 12 =    -0.0111,     0.0789      
# span 13 =    98.0469,   100.2776      
# span 14 =      35.66,      98.78      
# span 15 =    186.360,    222.492      
# span 16 =     4.2831,     5.1117      
# span 17 = 2.5247e+03, 2.5416e+03      
# span 18 =          1,          1      
# span 19 =         14,        727      
# span 20 = 0.0000e+00, 0.0000e+00      
# interval = decibars: 1                
# start_time = May 01 2012 16:03:39 [NMEA time, header]
# bad_flag = -9.990e-29
*END*
[from data line 207]
   32.95148  -65.74932    18.1553   4.792359    36.5214    191.570    193.020    18.1376   4.790462    36.5215     0.0156 1.0000e-12    -0.0094   100.2361      98.72    186.855     4.2944 2.5326e+03          1         23 0.0000e+00
   32.95148  -65.74932    18.1780   4.794943    36.5234    190.580    192.021    18.1639   4.792945    36.5193     0.0299 1.0000e-12    -0.0098   100.2462      98.71    186.651     4.2897 2.5323e+03          1         23 0.0000e+00
   32.95148  -65.74932    18.2374   4.801553    36.5262    189.569    191.003    18.2463   4.801332    36.5162     0.0447 1.0000e-12    -0.0075   100.1886      98.72    186.387     4.2836 2.5324e+03          1         24 0.0000e+00
   32.95148  -65.74932    18.3178   4.810263    36.5280    188.561    189.986    18.3022   4.808074    36.5236     0.0447 1.0000e-12    -0.0080   100.1999      98.72    186.815     4.2934 2.5316e+03          1         32 0.0000e+00
   32.95148  -65.74932    18.4047   4.819714    36.5306    187.574    188.992    18.3173   4.810576    36.5324     0.0380 1.0000e-12    -0.0077   100.1912      98.72    187.657     4.3126 2.5314e+03          1         35 0.0000e+00
   32.95148  -65.74932    18.4496   4.824657    36.5331    186.617    188.027    18.3716   4.815252    36.5237     0.0123 1.0000e-12    -0.0079   100.1962      98.72    188.683     4.3362 2.5315e+03          1         29 0.0000e+00
   32.95148  -65.74932    18.5201   4.832832    36.5395    185.609    187.011    18.4486   4.824033    36.5292     0.0217 1.0000e-12    -0.0072   100.1807      98.72    189.291     4.3501 2.5311e+03          1         21 0.0000e+00
   32.95148  -65.74932    18.5806   4.839470    36.5418    184.608    186.001    18.5494   4.834848    36.5302     0.0423 1.0000e-12    -0.0070   100.1758      98.71    189.647     4.3582 2.5315e+03          1         17 0.0000e+00
   32.95148  -65.74932    18.6174   4.843670    36.5450    183.607    184.993    18.6079   4.841842    36.5375     0.0324 1.0000e-12    -0.0068   100.1698      98.71    190.171     4.3702 2.5315e+03          1         17 0.0000e+00
   32.95148  -65.74932    18.6793   4.850349    36.5464    182.589    183.967    18.6689   4.847890    36.5344     0.0219 1.0000e-12    -0.0068   100.1701      98.73    191.103     4.3916 2.5306e+03          1         18 0.0000e+00
   32.95148  -65.74932    18.7650   4.859602    36.5484    181.542    182.911    18.6866   4.851081    36.5468     0.0247 1.0000e-12    -0.0062   100.1563      98.72    192.819     4.4309 2.5319e+03          1         29 0.0000e+00
   32.95148  -65.74932    18.7897   4.862765    36.5550    180.668    182.031    18.7581   4.859094    36.5518     0.0365 1.0000e-12    -0.0064   100.1606      98.72    195.238     4.4865 2.5321e+03          1         49 0.0000e+00
   32.95150  -65.74930    18.8418   4.868234    36.5557    179.704    181.059    18.7766   4.860378    36.5477     0.0469 1.0000e-12    -0.0051   100.1265      98.71    196.612     4.5180 2.5320e+03          1         25 0.0000e+00
   32.95150  -65.74930    18.9484   4.880824    36.5664    178.669    180.016    18.8771   4.871013    36.5474     0.0499 1.0000e-12    -0.0053   100.1315      98.71    196.523     4.5159 2.5312e+03          1         18 0.0000e+00
   32.95150  -65.74930    19.1690   4.905028    36.5714    177.686    179.025    19.0434   4.888881    36.5484     0.0365 1.0000e-12    -0.0052   100.1308      98.72    196.094     4.5058 2.5311e+03          1         16 0.0000e+00
   32.95150  -65.74930    19.2529   4.914229    36.5744    176.675    178.006    19.2114   4.908128    36.5596     0.0456 1.0000e-12    -0.0050   100.1244      98.71    197.870     4.5465 2.5301e+03          1         20 0.0000e+00
   32.95150  -65.74930    19.2942   4.918827    36.5778    175.642    176.964    19.2534   4.913570    36.5694     0.0347 1.0000e-12    -0.0055   100.1383      98.72    202.575     4.6546 2.5308e+03          1         24 0.0000e+00
   32.95150  -65.74930    19.3079   4.920471    36.5815    174.649    175.963    19.3007   4.918890    36.5737     0.0556 1.0000e-12    -0.0051   100.1271      98.72    208.900     4.7999 2.5316e+03          1         29 0.0000e+00
   32.95150  -65.74930    19.3243   4.922057    36.5821    173.690    174.996    19.3143   4.920667    36.5785     0.0658 1.0000e-12    -0.0047   100.1175      98.73    210.872     4.8452 2.5311e+03          1         26 0.0000e+00
   32.95150  -65.74930    19.3268   4.922166    36.5825    172.710    174.009    19.3119   4.920763    36.5834     0.0328 1.0000e-12    -0.0042   100.1054      98.71    210.440     4.8353 2.5307e+03          1         23 0.0000e+00
   32.95150  -65.74930    19.3499   4.924738    36.5846    171.706    172.997    19.3192   4.921227    36.5822     0.0521 1.0000e-12    -0.0050   100.1244      98.72    210.269     4.8313 2.5299e+03          1         22 0.0000e+00
   32.95150  -65.74930    19.3580   4.925659    36.5865    170.682    171.965    19.3488   4.924614    36.5852     0.0443 1.0000e-12    -0.0047   100.1183      98.73    210.765     4.8427 2.5305e+03          1         21 0.0000e+00
   32.95150  -65.74930    19.3623   4.926010    36.5868    169.685    170.960    19.3572   4.925533    36.5866     0.0348 1.0000e-12    -0.0048   100.1197      98.72    211.177     4.8522 2.5311e+03          1         22 0.0000e+00
   32.95152  -65.74928    19.3634   4.926087    36.5877    168.703    169.970    19.3581   4.925542    36.5873     0.0443 1.0000e-12    -0.0045   100.1134      98.72    211.878     4.8683 2.5316e+03          1         28 0.0000e+00
   32.95152  -65.74928    19.3633   4.925908    36.5876    167.747    169.006    19.3595   4.925581    36.5877     0.0614 1.0000e-12    -0.0050   100.1253      98.72    212.347     4.8791 2.5317e+03          1         30 0.0000e+00
   32.95152  -65.74928    19.3618   4.925662    36.5880    166.748    167.999    19.3589   4.925450    36.5883     0.0580 1.0000e-12    -0.0054   100.1356      98.72    212.002     4.8711 2.5321e+03          1         23 0.0000e+00
   32.95152  -65.74928    19.3639   4.925900    36.5889    165.753    166.997    19.3607   4.925586    36.5887     0.0459 1.0000e-12    -0.0059   100.1487      98.72    212.012     4.8714 2.5309e+03          1         19 0.0000e+00
   32.95152  -65.74928    19.3670   4.926164    36.5892    164.757    165.993    19.3628   4.925789    36.5894     0.0590 1.0000e-12    -0.0058   100.1452      98.73    212.146     4.8745 2.5303e+03          1         21 0.0000e+00
   32.95152  -65.74928    19.3684   4.926247    36.5894    163.745    164.973    19.3662   4.926044    36.5893     0.0658 1.0000e-12    -0.0051   100.1272      98.72    212.446     4.8813 2.5299e+03          1         28 0.0000e+00
   32.95152  -65.74928    19.3667   4.926025    36.5899    162.780    164.000    19.3666   4.926040    36.5898     0.0785 1.0000e-12    -0.0043   100.1076      98.72    212.476     4.8820 2.5299e+03          1         29 0.0000e+00
   32.95152  -65.74928    19.3661   4.925863    36.5898    161.797    163.009    19.3652   4.925797    36.5898     0.0516 1.0000e-12    -0.0041   100.1021      98.72    212.448     4.8814 2.5318e+03          1         23 0.0000e+00
   32.95152  -65.74928    19.3682   4.926067    36.5902    160.828    162.032    19.3627   4.925578    36.5908     0.0686 1.0000e-12    -0.0049   100.1215      98.72    212.590     4.8847 2.5323e+03          1         18 0.0000e+00
   32.95152  -65.74928    19.3700   4.926207    36.5904    159.825    161.022    19.3659   4.925792    36.5904     0.0654 1.0000e-12    -0.0049   100.1218      98.72    211.892     4.8686 2.5329e+03          1         20 0.0000e+00
   32.95154  -65.74928    19.3693   4.926082    36.5905    158.783    159.972    19.3674   4.925929    36.5908     0.0434 1.0000e-12    -0.0038   100.0948      98.72    211.713     4.8645 2.5330e+03          1         20 0.0000e+00
   32.95154  -65.74928    19.3703   4.926132    36.5905    157.812    158.993    19.3690   4.926013    36.5905     0.0554 1.0000e-12    -0.0034   100.0858      98.71    212.157     4.8747 2.5320e+03          1         24 0.0000e+00
   32.95154  -65.74928    19.3697   4.926004    36.5907    156.836    158.009    19.3683   4.925918    36.5910     0.0833 1.0000e-12    -0.0023   100.0568      98.72    212.332     4.8787 2.5312e+03          1         27 0.0000e+00
   32.95154  -65.74928    19.3696   4.925988    36.5911    155.855    157.021    19.3694   4.925986    36.5912     0.0939 1.0000e-12    -0.0024   100.0601      98.72    212.405     4.8804 2.5321e+03          1         30 0.0000e+00
   32.95154  -65.74927    19.3700   4.925972    36.5911    154.855    156.013    19.3702   4.926017    36.5913     0.1088 1.0000e-12    -0.0017   100.0422      98.72    211.995     4.8710 2.5319e+03          1         30 0.0000e+00
   32.95154  -65.74926    19.3717   4.926134    36.5915    153.856    155.006    19.3707   4.926097    36.5920     0.1064 1.0000e-12    -0.0006   100.0149      98.72    212.426     4.8809 2.5321e+03          1         27 0.0000e+00
   32.95154  -65.74926    19.3726   4.926214    36.5918    152.857    153.999    19.3716   4.926148    36.5921     0.1211 1.0000e-12     0.0002    99.9959      98.73    212.781     4.8891 2.5334e+03          1         20 0.0000e+00
   32.95154  -65.74926    19.3734   4.926279    36.5921    151.872    153.007    19.3720   4.926190    36.5925     0.1008 1.0000e-12     0.0006    99.9845      98.72    212.633     4.8857 2.5345e+03          1         18 0.0000e+00
   32.95154  -65.74926    19.3741   4.926317    36.5922    150.878    152.005    19.3728   4.926270    36.5929     0.0906 1.0000e-12     0.0007    99.9823      98.72    212.768     4.8888 2.5343e+03          1         17 0.0000e+00
   32.95154  -65.74926    19.3740   4.926276    36.5924    149.873    150.992    19.3733   4.926247    36.5927     0.1039 1.0000e-12     0.0019    99.9521      98.73    212.949     4.8929 2.5336e+03          1         20 0.0000e+00
   32.95154  -65.74926    19.3741   4.926240    36.5924    148.853    149.964    19.3734   4.926227    36.5929     0.1226 1.0000e-12     0.0020    99.9509      98.72    213.019     4.8945 2.5327e+03          1         24 0.0000e+00
   32.95154  -65.74926    19.3741   4.926219    36.5927    147.872    148.975    19.3733   4.926189    36.5932     0.1540 1.0000e-12     0.0017    99.9562      98.72    212.933     4.8925 2.5316e+03          1         35 0.0000e+00
   32.95154  -65.74926    19.3736   4.926113    36.5927    146.933    148.029    19.3733   4.926159    36.5933     0.1885 1.0000e-12     0.0007    99.9830      98.72    213.034     4.8949 2.5319e+03          1         32 0.0000e+00
   32.95154  -65.74926    19.3735   4.926051    36.5927    145.918    147.006    19.3716   4.925911    36.5932     0.1765 1.0000e-12     0.0017    99.9567      98.72    212.769     4.8888 2.5337e+03          1         23 0.0000e+00
   32.95155  -65.74926    19.3738   4.926056    36.5928    144.927    146.007    19.3720   4.925894    36.5931     0.1604 1.0000e-12     0.0037    99.9081      98.73    212.904     4.8919 2.5349e+03          1         17 0.0000e+00
   32.95156  -65.74926    19.3741   4.925975    36.5923    143.932    145.005    19.3734   4.925988    36.5930     0.1549 1.0000e-12     0.0038    99.9059      98.73    213.148     4.8975 2.5345e+03          1         18 0.0000e+00
   32.95156  -65.74926    19.3741   4.925972    36.5927    142.931    143.995    19.3732   4.925948    36.5932     0.1689 1.0000e-12     0.0030    99.9268      98.72    213.278     4.9005 2.5340e+03          1         19 0.0000e+00
   32.95156  -65.74926    19.3742   4.925946    36.5927    141.917    142.974    19.3736   4.925967    36.5935     0.2281 1.0000e-12     0.0036    99.9111      98.72    212.973     4.8935 2.5333e+03          1         27 0.0000e+00
   32.95156  -65.74926    19.3742   4.925921    36.5929    140.961    142.010    19.3739   4.925961    36.5936     0.1754 1.0000e-12     0.0041    99.8973      98.72    212.515     4.8829 2.5333e+03          1         30 0.0000e+00
   32.95156  -65.74926    19.3737   4.925793    36.5928    139.984    141.025    19.3732   4.925861    36.5937     0.1857 1.0000e-12     0.0042    99.8947      98.73    212.564     4.8841 2.5340e+03          1         30 0.0000e+00
   32.95156  -65.74926    19.3735   4.925749    36.5929    138.958    139.992    19.3725   4.925704    36.5935     0.1929 1.0000e-12     0.0028    99.9306      98.72    212.778     4.8890 2.5341e+03          1         26 0.0000e+00
   32.95156  -65.74926    19.3742   4.925782    36.5930    137.978    139.004    19.3722   4.925628    36.5935     0.1832 1.0000e-12     0.0052    99.8697      98.73    212.739     4.8881 2.5342e+03          1         21 0.0000e+00
   32.95156  -65.74926    19.3743   4.925755    36.5930    136.966    137.984    19.3735   4.925721    36.5935     0.1844 1.0000e-12     0.0039    99.9033      98.72    212.662     4.8863 2.5340e+03          1         20 0.0000e+00
   32.95156  -65.74926    19.3746   4.925745    36.5931    135.984    136.994    19.3740   4.925740    36.5936     0.2047 1.0000e-12     0.0061    99.8476      98.73    212.585     4.8846 2.5332e+03          1         17 0.0000e+00
   32.95156  -65.74926    19.3748   4.925714    36.5931    134.975    135.978    19.3739   4.925693    36.5937     0.1981 1.0000e-12     0.0049    99.8774      98.73    212.988     4.8938 2.5329e+03          1         23 0.0000e+00
   32.95158  -65.74924    19.3743   4.925601    36.5930    133.963    134.958    19.3740   4.925647    36.5936     0.2113 1.0000e-12     0.0044    99.8899      98.73    213.274     4.9004 2.5325e+03          1         25 0.0000e+00
   32.95158  -65.74924    19.3737   4.925474    36.5928    133.006    133.993    19.3737   4.925562    36.5936     0.2379 1.0000e-12     0.0040    99.9016      98.72    213.271     4.9003 2.5329e+03          1         27 0.0000e+00
   32.95158  -65.74924    19.3733   4.925371    36.5926    132.018    132.998    19.3729   4.925430    36.5935     0.2529 1.0000e-12     0.0040    99.9003      98.72    213.325     4.9015 2.5353e+03          1         28 0.0000e+00
   32.95158  -65.74924    19.3735   4.925362    36.5928    131.016    131.988    19.3727   4.925346    36.5933     0.2083 1.0000e-12     0.0034    99.9155      98.72    212.585     4.8846 2.5357e+03          1         24 0.0000e+00
   32.95159  -65.74924    19.3738   4.925347    36.5928    130.032    130.996    19.3730   4.925325    36.5933     0.2003 1.0000e-12     0.0029    99.9280      98.72    212.162     4.8748 2.5347e+03          1         22 0.0000e+00
   32.95160  -65.74924    19.3740   4.925335    36.5928    129.071    130.027    19.3735   4.925340    36.5934     0.2104 1.0000e-12     0.0032    99.9211      98.72    212.633     4.8856 2.5341e+03          1         21 0.0000e+00
   32.95160  -65.74924    19.3740   4.925294    36.5929    128.069    129.018    19.3734   4.925303    36.5935     0.1922 1.0000e-12     0.0053    99.8673      98.74    213.295     4.9008 2.5339e+03          1         24 0.0000e+00
   32.95160  -65.74924    19.3741   4.925269    36.5930    127.049    127.990    19.3740   4.925322    36.5935     0.1992 1.0000e-12     0.0064    99.8384      98.72    213.201     4.8987 2.5338e+03          1         24 0.0000e+00
   32.95160  -65.74924    19.3741   4.925221    36.5930    126.040    126.973    19.3736   4.925241    36.5936     0.2646 1.0000e-12     0.0063    99.8416      98.73    212.957     4.8931 2.5354e+03          1         25 0.0000e+00
   32.95160  -65.74924    19.3738   4.925152    36.5930    125.066    125.992    19.3737   4.925212    36.5936     0.2346 1.0000e-12     0.0070    99.8241      98.72    213.008     4.8943 2.5347e+03          1         22 0.0000e+00
