Data/ruptures/KN207-01/QL-2/20701056.cnv
* Sea-Bird SBE 9 Data File:
* FileName = C:\Data\ctd\20701056.hex
* Software Version Seasave V 7.21e
* Temperature SN = 4406
* Conductivity SN = 1474
* Number of Bytes Per Scan = 40
* Number of Voltage Words = 5
* Number of Scans Averaged by the Deck Unit = 1
* NMEA Latitude = 32 56.37 N
* NMEA Longitude = 065 57.17 W
* NMEA UTC (Time) = Apr 30 2012 03:58:14
** R/V Knorr Cruise # KN207-01 QL2
** Chief Scientist: Ben Van Mooy
# nquan = 21
# nvalues = 398                         
# units = specified
# name 0 = latitude: Latitude [deg]
# name 1 = longitude: Longitude [deg]
# name 2 = t090C: Temperature [ITS-90, deg C]
# name 3 = c0S/m: Conductivity [S/m]
# name 4 = sal00: Salinity, Practical [PSU]
# name 5 = depSM: Depth [salt water, m]
# name 6 = prDM: Pressure, Digiquartz [db]
# name 7 = t190C: Temperature, 2 [ITS-90, deg C]
# name 8 = c1S/m: Conductivity, 2 [S/m]
# name 9 = sal11: Salinity, Practical, 2 [PSU]
# name 10 = flECO-AFL: Fluorescence, WET Labs ECO-AFL/FL [mg/m^3]
# name 11 = par: PAR/Irradiance, Biospherical/Licor
# name 12 = bat: Beam Attenuation, Chelsea/Seatech [1/m]
# name 13 = xmiss: Beam Transmission, Chelsea/Seatech [%]
# name 14 = altM: Altimeter [m]
# name 15 = sbeox0Mm/Kg: Oxygen, SBE 43 [umol/kg]
# name 16 = sbeox0ML/L: Oxygen, SBE 43 [ml/l]
# name 17 = spar: SPAR/Surface Irradiance
# name 18 = pumps: Pump Status
# name 19 = nbin: number of scans per bin
# name 20 = flag: flag
# span 0 =   32.93832,   32.93964       
# span 1 =  -65.95298,  -65.95201       
# span 2 =    18.0120,    20.4517       
# span 3 =   4.573303,   5.034911       
# span 4 =    32.8671,    37.0001       
# span 5 =      3.112,    200.207       
# span 6 =      3.134,    201.726       
# span 7 =    18.0117,    20.4516       
# span 8 =   4.776435,   5.034734       
# span 9 =    35.1440,    36.9946       
# span 10 =    -0.0075,     0.8120      
# span 11 = 1.0000e-12, 1.0000e-12      
# span 12 =    -0.0111,     0.1939      
# span 13 =    95.2774,   100.2778      
# span 14 =       1.23,      98.76      
# span 15 =    129.966,    371.011      
# span 16 =     2.9870,     8.5212      
# span 17 = 1.3384e+01, 1.4418e+01      
# span 18 =          1,          1      
# span 19 =         15,        729      
# span 20 = 0.0000e+00, 0.0000e+00      
# interval = decibars: 1                
# start_time = Apr 30 2012 03:58:14 [NMEA time, header]
# bad_flag = -9.990e-29
*END*
[from data line 345]
   32.93856  -65.95222    19.4265   4.927439    36.5924     54.643     55.038    19.4261   4.927450    36.5929     0.3045 1.0000e-12     0.0596    98.5203      15.35    219.053     5.0331 1.3781e+01          1         45 0.0000e+00
   32.93856  -65.95222    19.4302   4.927802    36.5925     53.646     54.034    19.4323   4.928017    36.5924     0.3201 1.0000e-12     0.0595    98.5252      98.74    218.981     5.0314 1.3619e+01          1         38 0.0000e+00
   32.93855  -65.95222    19.4457   4.929435    36.5926     52.637     53.017    19.4463   4.929456    36.5922     0.2957 1.0000e-12     0.0603    98.5041      46.24    218.725     5.0255 1.3663e+01          1         32 0.0000e+00
   32.93854  -65.95222    19.4511   4.930018    36.5931     51.580     51.952    19.4526   4.930208    36.5933     0.2808 1.0000e-12     0.0618    98.4673      18.09    219.352     5.0399 1.4418e+01          1         41 0.0000e+00
   32.93854  -65.95222    19.4551   4.930451    36.5936     50.755     51.121    19.4558   4.930576    36.5941     0.2509 1.0000e-12     0.0562    98.6034      72.84    219.697     5.0478 1.3862e+01          1         84 0.0000e+00
   32.93854  -65.95220    19.4667   4.931665    36.5939     49.683     50.042    19.4666   4.931608    36.5934     0.2123 1.0000e-12     0.0567    98.5934      98.74    219.147     5.0352 1.4314e+01          1         36 0.0000e+00
   32.93854  -65.95220    19.4833   4.933374    36.5936     48.656     49.007    19.4862   4.933601    36.5929     0.2330 1.0000e-12     0.0590    98.5372      98.74    219.376     5.0404 1.3960e+01          1         31 0.0000e+00
   32.93854  -65.95220    19.4992   4.935054    36.5939     47.633     47.977    19.5065   4.935707    36.5928     0.2141 1.0000e-12     0.0582    98.5556      81.51    220.084     5.0567 1.3958e+01          1         35 0.0000e+00
   32.93852  -65.95220    19.5125   4.936505    36.5947     46.674     47.010    19.5096   4.936179    36.5946     0.2205 1.0000e-12     0.0620    98.4631      41.95    219.942     5.0534 1.3870e+01          1         78 0.0000e+00
   32.93852  -65.95220    19.5193   4.937232    36.5953     45.708     46.037    19.5303   4.937992    36.5918     0.2309 1.0000e-12     0.0663    98.3562      62.27    220.237     5.0602 1.4143e+01          1         47 0.0000e+00
   32.93852  -65.95218    19.5477   4.940035    36.5936     44.692     45.014    19.5922   4.944398    36.5901     0.2283 1.0000e-12     0.0687    98.2964      98.74    220.479     5.0657 1.3958e+01          1         35 0.0000e+00
   32.93852  -65.95218    19.6242   4.948322    36.5945     43.672     43.986    19.6329   4.949026    36.5928     0.2119 1.0000e-12     0.0684    98.3050      51.27    219.983     5.0542 1.3880e+01          1         36 0.0000e+00
   32.93852  -65.95218    19.6602   4.952296    36.5963     42.642     42.949    19.6843   4.954607    36.5941     0.2078 1.0000e-12     0.0686    98.2997      86.84    219.901     5.0523 1.3708e+01          1         62 0.0000e+00
   32.93852  -65.95218    19.6860   4.954780    36.5950     41.763     42.064    19.7166   4.958333    36.5974     0.2073 1.0000e-12     0.0706    98.2494      53.28    220.419     5.0641 1.3734e+01          1         51 0.0000e+00
   32.93852  -65.95218    19.7388   4.960494    36.5961     40.677     40.970    19.8121   4.967010    36.5847     0.1804 1.0000e-12     0.0742    98.1630      98.74    220.135     5.0575 1.3992e+01          1         33 0.0000e+00
   32.93851  -65.95217    19.8785   4.975143    36.5934     39.663     39.949    19.9205   4.979376    36.5916     0.2009 1.0000e-12     0.0703    98.2578      98.74    219.407     5.0406 1.3893e+01          1         57 0.0000e+00
   32.93850  -65.95216    19.9476   4.981508    36.5861     38.816     39.095    19.9393   4.981151    36.5913     0.2035 1.0000e-12     0.0700    98.2661      98.74    219.716     5.0476 1.3819e+01          1         41 0.0000e+00
   32.93850  -65.95216    19.9443   4.982292    36.5971     37.690     37.961    19.9848   4.985782    36.5902     0.1867 1.0000e-12     0.0698    98.2698      81.33    219.254     5.0370 1.3547e+01          1         41 0.0000e+00
   32.93848  -65.95216    19.9965   4.987715    36.5967     36.750     37.014    20.0482   4.992520    36.5908     0.1942 1.0000e-12     0.0703    98.2594      57.61    219.319     5.0385 1.3942e+01          1         56 0.0000e+00
   32.93848  -65.95216    20.0569   4.993859    36.5949     35.728     35.985    20.0383   4.991820    36.5955     0.1741 1.0000e-12     0.0716    98.2268      98.75    218.878     5.0283 1.3830e+01          1         45 0.0000e+00
   32.93848  -65.95214    20.0763   4.995989    36.5967     34.782     35.032    20.0660   4.994983    36.5979     0.1725 1.0000e-12     0.0680    98.3154      98.75    218.344     5.0160 1.3953e+01          1         51 0.0000e+00
   32.93848  -65.95214    20.1055   4.999051    36.5970     33.803     34.046    20.1163   5.000491    36.5995     0.1637 1.0000e-12     0.0669    98.3414      98.74    218.327     5.0155 1.3694e+01          1         36 0.0000e+00
   32.93848  -65.95214    20.1220   5.001058    36.6000     32.731     32.966    20.1297   5.001809    36.5996     0.1450 1.0000e-12     0.0670    98.3398      31.65    218.317     5.0153 1.4001e+01          1         47 0.0000e+00
   32.93846  -65.95214    20.1385   5.002706    36.6001     31.842     32.071    20.1377   5.002637    36.6004     0.1540 1.0000e-12     0.0670    98.3376      96.12    218.070     5.0096 1.4010e+01          1         57 0.0000e+00
   32.93846  -65.95214    20.1330   5.001986    36.6001     30.750     30.970    20.1397   5.002826    36.6012     0.1376 1.0000e-12     0.0664    98.3535      39.80    218.093     5.0101 1.4168e+01          1         37 0.0000e+00
   32.93846  -65.95214    20.1422   5.003002    36.6011     29.758     29.971    20.1433   5.003166    36.6016     0.1376 1.0000e-12     0.0690    98.2910      71.23    217.977     5.0074 1.4104e+01          1         62 0.0000e+00
   32.93846  -65.95214    20.1478   5.003390    36.6000     28.820     29.027    20.1460   5.003363    36.6015     0.1499 1.0000e-12     0.0674    98.3278      98.75    217.522     4.9970 1.3746e+01          1         37 0.0000e+00
   32.93846  -65.95214    20.1490   5.003589    36.6013     27.791     27.990    20.1536   5.004088    36.6013     0.1438 1.0000e-12     0.0673    98.3327      98.75    218.121     5.0108 1.3719e+01          1         40 0.0000e+00
   32.93844  -65.95212    20.1647   5.005189    36.6010     26.820     27.012    20.1564   5.004327    36.6014     0.1313 1.0000e-12     0.0666    98.3484      98.75    218.445     5.0182 1.3911e+01          1         55 0.0000e+00
   32.93844  -65.95212    20.1685   5.005361    36.5997     25.820     26.005    20.1657   5.005131    36.6004     0.1465 1.0000e-12     0.0652    98.3824      98.75    218.075     5.0097 1.3954e+01          1         47 0.0000e+00
   32.93844  -65.95212    20.1753   5.005988    36.5994     24.845     25.023    20.1786   5.006492    36.6006     0.1358 1.0000e-12     0.0656    98.3718      97.93    217.637     4.9996 1.4242e+01          1         39 0.0000e+00
   32.93844  -65.95212    20.1902   5.007813    36.6017     23.789     23.959    20.1945   5.008304    36.6020     0.1137 1.0000e-12     0.0658    98.3694      65.78    217.598     4.9987 1.4128e+01          1         48 0.0000e+00
   32.93844  -65.95212    20.2013   5.008907    36.6015     22.864     23.028    20.2023   5.008992    36.6013     0.1191 1.0000e-12     0.0662    98.3580      98.76    217.606     4.9988 1.3931e+01          1         53 0.0000e+00
   32.93842  -65.95210    20.2144   5.010120    36.6004     21.852     22.008    20.2195   5.010823    36.6016     0.1336 1.0000e-12     0.0625    98.4490      98.74    217.900     5.0056 1.4109e+01          1         40 0.0000e+00
   32.93842  -65.95210    20.2443   5.013530    36.6023     20.777     20.926    20.2627   5.015250    36.6002     0.1057 1.0000e-12     0.0622    98.4559      98.75    217.424     4.9946 1.4004e+01          1         54 0.0000e+00
   32.93842  -65.95210    20.3288   5.022412    36.6008     19.899     20.041    20.3239   5.021284    36.5961     0.1261 1.0000e-12     0.0598    98.5172      98.75    218.028     5.0084 1.3942e+01          1         48 0.0000e+00
   32.93842  -65.95210    20.3636   5.026035    36.6005     18.846     18.980    20.3734   5.027131    36.6009     0.1294 1.0000e-12     0.0612    98.4807      98.75    217.140     4.9879 1.4171e+01          1         34 0.0000e+00
   32.93842  -65.95210    20.4127   5.031328    36.6014     17.803     17.930    20.4019   5.030130    36.6013     0.1107 1.0000e-12     0.0608    98.4904      98.75    216.923     4.9829 1.4074e+01          1         55 0.0000e+00
   32.93842  -65.95210    20.4222   5.032497    36.6037     16.945     17.066    20.4196   5.032255    36.6040     0.1176 1.0000e-12     0.0613    98.4802      98.75    217.297     4.9915 1.4171e+01          1         51 0.0000e+00
   32.93842  -65.95210    20.4248   5.032613    36.6034     15.882     15.996    20.4229   5.032369    36.6031     0.1017 1.0000e-12     0.0661    98.3604      98.75    217.364     4.9930 1.3880e+01          1         45 0.0000e+00
   32.93841  -65.95209    20.4392   5.034123    36.6038     14.909     15.015    20.4386   5.033987    36.6032     0.1180 1.0000e-12     0.0593    98.5288      98.75    216.918     4.9827 1.3955e+01          1         43 0.0000e+00
   32.93840  -65.95208    20.4400   5.034222    36.6047     13.901     14.000    20.4400   5.034297    36.6053     0.0999 1.0000e-12     0.0613    98.4799      98.75    216.856     4.9813 1.4089e+01          1         38 0.0000e+00
   32.93840  -65.95208    20.4454   5.034765    36.6052     12.953     13.045    20.4429   5.034557    36.6057     0.1072 1.0000e-12     0.0604    98.5020      98.75    216.889     4.9821 1.4117e+01          1         70 0.0000e+00
   32.93840  -65.95208    20.4454   5.034651    36.6049     11.941     12.026    20.4436   5.034555    36.6056     0.1063 1.0000e-12     0.0613    98.4785      98.75    217.362     4.9929 1.3806e+01          1         37 0.0000e+00
   32.93840  -65.95208    20.4474   5.034849    36.6053     10.892     10.970    20.4457   5.034693    36.6055     0.0992 1.0000e-12     0.0611    98.4843      98.75    216.994     4.9845 1.3894e+01          1         35 0.0000e+00
   32.93840  -65.95208    20.4484   5.034911    36.6055      9.882      9.953    20.4455   5.034691    36.6062     0.1004 1.0000e-12     0.0619    98.4633      98.75    217.052     4.9858 1.4195e+01          1         55 0.0000e+00
   32.93838  -65.95206    20.4484   5.034878    36.6057      8.952      9.016    20.4463   5.034734    36.6063     0.0993 1.0000e-12     0.0643    98.4062      45.28    217.270     4.9908 1.4128e+01          1         57 0.0000e+00
   32.93838  -65.95206    20.4471   5.034668    36.6056      7.984      8.040    20.4458   5.034609    36.6062     0.1054 1.0000e-12     0.0603    98.5040      47.32    216.552     4.9743 1.4140e+01          1         59 0.0000e+00
   32.93836  -65.95205    20.4470   5.034637    36.6060      6.950      6.999    20.4466   5.034653    36.6064     0.1028 1.0000e-12     0.0605    98.4984      60.72    217.250     4.9904 1.3959e+01          1        159 0.0000e+00
   32.93836  -65.95204    20.4462   5.034505    36.6061      5.837      5.878    20.4459   5.034533    36.6066     0.1032 1.0000e-12     0.0614    98.4769      27.88    217.061     4.9860 1.4150e+01          1        169 0.0000e+00
   32.93835  -65.95204    20.4459   5.034435    36.6061      5.012      5.047    20.4446   5.034362    36.6066     0.0979 1.0000e-12     0.0612    98.4811       6.92    217.084     4.9866 1.4040e+01          1         68 0.0000e+00
   32.93834  -65.95203    20.4459   5.034417    36.6063      4.213      4.243    20.4458   5.034474    36.6068     0.1135 1.0000e-12     0.0614    98.4774       5.95    216.882     4.9819 1.3877e+01          1        172 0.0000e+00
   32.93832  -65.95201    20.4466   5.034453    36.6063      3.112      3.134    20.4461   5.034457    36.6068     0.1160 1.0000e-12     0.0612    98.4829      20.77    217.090     4.9867 1.4230e+01          1        182 0.0000e+00
