Data/ruptures/KN207-01/QL-2/20701082.cnv
* Sea-Bird SBE 9 Data File:
* FileName = C:\Data\ctd\20701082.hex
* Software Version Seasave V 7.21e
* Temperature SN = 4406
* Conductivity SN = 1474
* Number of Bytes Per Scan = 40
* Number of Voltage Words = 5
* Number of Scans Averaged by the Deck Unit = 1
* NMEA Latitude = 33 14.13 N
* NMEA Longitude = 065 40.88 W
* NMEA UTC (Time) = May 03 2012 13:01:33
** R/V Knorr Cruise # KN207-01 QL 2
** Chief Scientist: Ben Van Mooy
# nquan = 21
# nvalues = 400                         
# units = specified
# name 0 = latitude: Latitude [deg]
# name 1 = longitude: Longitude [deg]
# name 2 = t090C: Temperature [ITS-90, deg C]
# name 3 = c0S/m: Conductivity [S/m]
# name 4 = sal00: Salinity, Practical [PSU]
# name 5 = depSM: Depth [salt water, m]
# name 6 = prDM: Pressure, Digiquartz [db]
# name 7 = t190C: Temperature, 2 [ITS-90, deg C]
# name 8 = c1S/m: Conductivity, 2 [S/m]
# name 9 = sal11: Salinity, Practical, 2 [PSU]
# name 10 = flECO-AFL: Fluorescence, WET Labs ECO-AFL/FL [mg/m^3]
# name 11 = par: PAR/Irradiance, Biospherical/Licor
# name 12 = bat: Beam Attenuation, Chelsea/Seatech [1/m]
# name 13 = xmiss: Beam Transmission, Chelsea/Seatech [%]
# name 14 = altM: Altimeter [m]
# name 15 = sbeox0Mm/Kg: Oxygen, SBE 43 [umol/kg]
# name 16 = sbeox0ML/L: Oxygen, SBE 43 [ml/l]
# name 17 = spar: SPAR/Surface Irradiance
# name 18 = pumps: Pump Status
# name 19 = nbin: number of scans per bin
# name 20 = flag: flag
# span 0 =   33.23559,   33.23714       
# span 1 =  -65.68327,  -65.68142       
# span 2 =    19.1023,    20.3192       
# span 3 =   4.901031,   5.022098       
# span 4 =    36.5853,    36.6213       
# span 5 =      3.224,    201.148       
# span 6 =      3.247,    202.680       
# span 7 =    19.1034,    20.3191       
# span 8 =   4.900776,   5.022182       
# span 9 =    36.5841,    36.6226       
# span 10 =     0.0347,     1.0234      
# span 11 = 1.0000e-12, 1.0000e-12      
# span 12 =    -0.0032,     0.0795      
# span 13 =    98.0311,   100.0803      
# span 14 =       1.03,      99.01      
# span 15 =    201.831,    221.902      
# span 16 =     4.6378,     5.0982      
# span 17 = 3.4352e+02, 7.8716e+02      
# span 18 =          1,          1      
# span 19 =         16,        792      
# span 20 = 0.0000e+00, 0.0000e+00      
# interval = decibars: 1                
# start_time = May 03 2012 13:01:33 [NMEA time, header]
# bad_flag = -9.990e-29
*END*
[from data line 345]
   33.23660  -65.68271    19.4460   4.929527    36.5921     56.652     57.063    19.4459   4.929550    36.5923     0.4658 1.0000e-12     0.0661    98.3616      98.77    217.719     5.0024 7.2488e+02          1         54 0.0000e+00
   33.23660  -65.68272    19.4461   4.929338    36.5908     55.576     55.979    19.4461   4.929444    36.5917     0.4211 1.0000e-12     0.0654    98.3776      98.77    217.619     5.0001 7.2793e+02          1         42 0.0000e+00
   33.23660  -65.68272    19.4471   4.929343    36.5904     54.598     54.994    19.4475   4.929428    36.5907     0.4286 1.0000e-12     0.0635    98.4248      98.76    217.567     4.9989 7.3233e+02          1         59 0.0000e+00
   33.23662  -65.68272    19.4500   4.929433    36.5888     53.629     54.018    19.4491   4.929412    36.5895     0.4073 1.0000e-12     0.0646    98.3990      98.77    217.495     4.9972 7.3192e+02          1         42 0.0000e+00
   33.23662  -65.68272    19.4583   4.930031    36.5868     52.598     52.979    19.4553   4.929849    36.5879     0.3701 1.0000e-12     0.0646    98.3991      98.77    218.320     5.0162 7.3381e+02          1         34 0.0000e+00
   33.23662  -65.68273    19.4708   4.931366    36.5871     51.583     51.957    19.4694   4.931210    36.5871     0.3903 1.0000e-12     0.0627    98.4436      98.77    218.113     5.0114 7.3802e+02          1         62 0.0000e+00
   33.23662  -65.68274    19.4801   4.932397    36.5878     50.681     51.049    19.4797   4.932311    36.5874     0.3557 1.0000e-12     0.0625    98.4490      98.77    218.757     5.0262 7.4005e+02          1         51 0.0000e+00
   33.23663  -65.68275    19.4850   4.932847    36.5877     49.641     50.000    19.4828   4.932652    36.5881     0.3160 1.0000e-12     0.0627    98.4454      98.77    218.069     5.0104 7.4457e+02          1         57 0.0000e+00
   33.23664  -65.68276    19.4858   4.932889    36.5879     48.678     49.031    19.4869   4.932977    36.5875     0.3226 1.0000e-12     0.0611    98.4830      98.77    218.726     5.0255 7.4667e+02          1         41 0.0000e+00
   33.23664  -65.68276    19.4959   4.933856    36.5872     47.658     48.003    19.4930   4.933574    36.5875     0.3186 1.0000e-12     0.0600    98.5129      98.77    219.375     5.0403 7.4558e+02          1         29 0.0000e+00
   33.23664  -65.68276    19.5011   4.934421    36.5878     46.590     46.928    19.5016   4.934462    36.5877     0.2923 1.0000e-12     0.0597    98.5192      98.77    219.022     5.0323 7.4985e+02          1         45 0.0000e+00
   33.23664  -65.68276    19.5020   4.934482    36.5879     45.856     46.187    19.5027   4.934600    36.5883     0.2919 1.0000e-12     0.0594    98.5266      83.43    219.263     5.0378 7.5533e+02          1         78 0.0000e+00
   33.23664  -65.68276    19.5084   4.935075    36.5877     44.680     45.003    19.5078   4.935059    36.5881     0.2772 1.0000e-12     0.0599    98.5135      98.77    219.137     5.0349 7.5464e+02          1         33 0.0000e+00
   33.23664  -65.68278    19.5169   4.935984    36.5881     43.598     43.913    19.5163   4.935958    36.5885     0.2658 1.0000e-12     0.0589    98.5386      98.77    219.219     5.0367 7.5900e+02          1         58 0.0000e+00
   33.23664  -65.68278    19.5393   4.938283    36.5877     42.723     43.032    19.5332   4.937513    36.5867     0.2624 1.0000e-12     0.0598    98.5156      98.78    219.547     5.0442 7.6386e+02          1         41 0.0000e+00
   33.23665  -65.68278    19.5660   4.941272    36.5891     41.679     41.980    19.5590   4.940359    36.5878     0.2329 1.0000e-12     0.0583    98.5519      98.77    219.749     5.0489 7.6527e+02          1         41 0.0000e+00
   33.23666  -65.68278    19.5962   4.944500    36.5895     40.752     41.047    19.5884   4.943018    36.5841     0.2427 1.0000e-12     0.0586    98.5457      98.77    220.235     5.0600 7.6603e+02          1         51 0.0000e+00
   33.23667  -65.68279    19.6762   4.952977    36.5890     39.701     39.987    19.6561   4.950470    36.5862     0.2259 1.0000e-12     0.0598    98.5180      98.77    220.885     5.0748 7.7033e+02          1         53 0.0000e+00
   33.23668  -65.68280    19.7482   4.960892    36.5913     38.742     39.021    19.7423   4.959914    36.5884     0.2306 1.0000e-12     0.0616    98.4728      98.77    220.986     5.0771 7.7343e+02          1         48 0.0000e+00
   33.23668  -65.68280    19.8114   4.967649    36.5920     37.695     37.967    19.7883   4.964683    36.5880     0.2095 1.0000e-12     0.0623    98.4540      98.77    220.547     5.0669 7.7510e+02          1         48 0.0000e+00
   33.23668  -65.68282    19.8555   4.972343    36.5927     36.770     37.036    19.8492   4.970873    36.5860     0.2033 1.0000e-12     0.0621    98.4588      98.77    220.602     5.0681 7.7759e+02          1         44 0.0000e+00
   33.23668  -65.68282    19.8861   4.975571    36.5934     35.765     36.023    19.8788   4.974664    36.5922     0.1835 1.0000e-12     0.0592    98.5319      98.77    220.655     5.0693 7.7776e+02          1         39 0.0000e+00
   33.23669  -65.68282    19.9199   4.979352    36.5961     34.681     34.931    19.9207   4.979460    36.5959     0.1817 1.0000e-12     0.0595    98.5235      94.79    220.347     5.0622 7.8180e+02          1         83 0.0000e+00
   33.23670  -65.68282    19.9511   4.982565    36.5960     33.827     34.071    19.9581   4.983156    36.5946     0.1946 1.0000e-12     0.0592    98.5299      94.15    220.576     5.0674 7.8495e+02          1         37 0.0000e+00
   33.23670  -65.68282    20.0220   4.990229    36.5970     32.670     32.905    20.0247   4.990045    36.5931     0.1834 1.0000e-12     0.0632    98.4326      98.78    219.520     5.0431 7.8265e+02          1         43 0.0000e+00
   33.23670  -65.68284    19.9587   4.983404    36.5988     32.013     32.243    19.9766   4.985183    36.5975     0.1648 1.0000e-12     0.0618    98.4678      82.27    220.109     5.0567 7.8716e+02          1        122 0.0000e+00
   33.23673  -65.68288    20.0612   4.994245    36.5999     30.826     31.048    20.0233   4.990054    36.5985     0.1647 1.0000e-12     0.0591    98.5331      93.65    219.522     5.0430 7.8254e+02          1        763 0.0000e+00
   33.23678  -65.68291    20.0045   4.988116    36.6008     29.830     30.044    19.9999   4.987589    36.5999     0.1779 1.0000e-12     0.0568    98.5911      98.78    219.663     5.0464 7.6185e+02          1         65 0.0000e+00
   33.23678  -65.68292    20.1286   5.001402    36.5997     28.758     28.965    20.0972   4.997526    36.5953     0.1616 1.0000e-12     0.0576    98.5704      98.78    219.484     5.0421 7.5762e+02          1         64 0.0000e+00
   33.23680  -65.68292    20.1559   5.004526    36.6024     27.932     28.133    20.1887   5.008115    36.6022     0.1430 1.0000e-12     0.0516    98.7184      98.78    218.717     5.0244 7.4935e+02          1        106 0.0000e+00
   33.23680  -65.68292    20.2548   5.015264    36.6039     26.740     26.933    20.2590   5.015728    36.6041     0.1211 1.0000e-12     0.0499    98.7614      98.78    218.226     5.0130 7.4242e+02          1         92 0.0000e+00
   33.23680  -65.68292    20.2517   5.014970    36.6056     25.883     26.068    20.2664   5.016214    36.6029     0.1310 1.0000e-12     0.0488    98.7881      98.78    217.899     5.0055 7.3553e+02          1         62 0.0000e+00
   33.23682  -65.68294    20.2691   5.017051    36.6083     24.825     25.004    20.2886   5.019001    36.6072     0.1201 1.0000e-12     0.0491    98.7795      98.78    217.833     5.0040 7.2805e+02          1        106 0.0000e+00
   33.23682  -65.68296    20.2966   5.019984    36.6089     23.799     23.969    20.2957   5.019824    36.6087     0.5167 1.0000e-12     0.0491    98.7786      98.78    217.684     5.0006 7.2074e+02          1         65 0.0000e+00
   33.23683  -65.68296    20.3040   5.020453    36.6070     22.904     23.068    20.3035   5.020549    36.6084     0.1067 1.0000e-12     0.0489    98.7855      98.78    217.600     4.9986 7.1383e+02          1         93 0.0000e+00
   33.23684  -65.68296    20.3094   5.020674    36.6048     21.884     22.041    20.3094   5.020740    36.6055     0.1041 1.0000e-12     0.0504    98.7474      98.78    217.762     5.0023 7.0626e+02          1         65 0.0000e+00
   33.23686  -65.68299    20.3106   5.020693    36.6047     21.101     21.252    20.3094   5.020659    36.6055     0.1009 1.0000e-12     0.0490    98.7831      92.25    217.486     4.9960 6.7956e+02          1        333 0.0000e+00
   33.23690  -65.68304    20.3122   5.020748    36.6043     19.996     20.139    20.3114   5.020709    36.6047     0.1147 1.0000e-12     0.0499    98.7615      98.79    217.466     4.9955 6.4936e+02          1         55 0.0000e+00
   33.23690  -65.68304    20.3134   5.020841    36.6045     18.806     18.941    20.3134   5.020883    36.6048     0.1038 1.0000e-12     0.0489    98.7834      98.79    217.717     5.0013 6.4317e+02          1         48 0.0000e+00
   33.23692  -65.68304    20.3141   5.020870    36.6044     18.068     18.197    20.3139   5.020905    36.6048     0.0882 1.0000e-12     0.0484    98.7964      98.79    217.550     4.9974 6.3756e+02          1         83 0.0000e+00
   33.23692  -65.68304    20.3140   5.020807    36.6044     16.824     16.944    20.3138   5.020833    36.6048     0.1005 1.0000e-12     0.0493    98.7756      98.79    217.797     5.0031 6.3062e+02          1         55 0.0000e+00
   33.23694  -65.68306    20.3133   5.020745    36.6049     15.973     16.087    20.3131   5.020767    36.6053     0.1169 1.0000e-12     0.0491    98.7796      98.79    217.181     4.9890 6.2468e+02          1         70 0.0000e+00
   33.23695  -65.68306    20.3125   5.020662    36.6053     14.871     14.977    20.3124   5.020719    36.6058     0.1148 1.0000e-12     0.0485    98.7936      98.78    217.457     4.9953 6.1717e+02          1         65 0.0000e+00
   33.23696  -65.68306    20.3128   5.020613    36.6050     13.829     13.927    20.3125   5.020642    36.6055     0.1022 1.0000e-12     0.0491    98.7804      98.79    217.477     4.9958 6.1262e+02          1         91 0.0000e+00
   33.23696  -65.68308    20.3129   5.020569    36.6049     13.005     13.098    20.3129   5.020595    36.6051     0.0986 1.0000e-12     0.0487    98.7901      80.25    217.537     4.9971 6.0455e+02          1         54 0.0000e+00
   33.23697  -65.68308    20.3123   5.020476    36.6052     11.681     11.764    20.3128   5.020483    36.6048     0.1094 1.0000e-12     0.0500    98.7571      98.79    217.449     4.9951 5.9975e+02          1         99 0.0000e+00
   33.23701  -65.68312    20.3123   5.020436    36.6050     11.204     11.284    20.3122   5.020469    36.6054     0.1065 1.0000e-12     0.0491    98.7790      98.79    217.498     4.9962 5.7150e+02          1        792 0.0000e+00
   33.23708  -65.68318    20.3119   5.020374    36.6053      9.906      9.976    20.3120   5.020427    36.6057     0.1043 1.0000e-12     0.0494    98.7733      98.79    217.549     4.9974 5.5341e+02          1         73 0.0000e+00
   33.23708  -65.68320    20.3137   5.020528    36.6053      8.970      9.034    20.3135   5.020568    36.6058     0.0949 1.0000e-12     0.0482    98.8027      98.80    217.472     4.9956 5.5063e+02          1        111 0.0000e+00
   33.23710  -65.68320    20.3136   5.020465    36.6053      8.002      8.059    20.3134   5.020497    36.6057     0.1097 1.0000e-12     0.0491    98.7807      98.80    217.848     5.0043 5.4847e+02          1        106 0.0000e+00
   33.23710  -65.68320    20.3129   5.020302    36.6050      6.796      6.844    20.3128   5.020188    36.6042     0.1126 1.0000e-12     0.0484    98.7959      98.79    217.597     4.9985 5.4417e+02          1        144 0.0000e+00
   33.23712  -65.68322    20.3128   5.020278    36.6052      5.980      6.023    20.3128   5.020318    36.6055     0.1093 1.0000e-12     0.0493    98.7738      59.90    217.411     4.9942 5.4271e+02          1         37 0.0000e+00
   33.23712  -65.68323    20.3127   5.020240    36.6053      5.131      5.168    20.3127   5.020295    36.6057     0.1091 1.0000e-12     0.0511    98.7301      76.59    217.656     4.9999 5.4006e+02          1         92 0.0000e+00
   33.23712  -65.68325    20.3125   5.020176    36.6053      4.085      4.114    20.3125   5.020233    36.6058     0.1137 1.0000e-12     0.0503    98.7499      85.31    217.316     4.9920 5.3778e+02          1        127 0.0000e+00
   33.23714  -65.68327    20.3124   5.020149    36.6055      3.224      3.247    20.3123   5.020193    36.6060     0.1018 1.0000e-12     0.0489    98.7845      89.20    217.645     4.9996 5.3151e+02          1        203 0.0000e+00
