Data/ruptures/KN207-01/QL-2/20701063.cnv
* Sea-Bird SBE 9 Data File:
* FileName = C:\Data\ctd\20701063.hex
* Software Version Seasave V 7.21e
* Temperature SN = 4406
* Conductivity SN = 1474
* Number of Bytes Per Scan = 40
* Number of Voltage Words = 5
* Number of Scans Averaged by the Deck Unit = 1
* NMEA Latitude = 32 54.43 N
* NMEA Longitude = 065 51.49 W
* NMEA UTC (Time) = Apr 30 2012 21:30:47
** R/V Knorr Cruise # KN207-01 QL 2
** Chief Scientist: Ben Van Mooy
# nquan = 21
# nvalues = 399                         
# units = specified
# name 0 = latitude: Latitude [deg]
# name 1 = longitude: Longitude [deg]
# name 2 = t090C: Temperature [ITS-90, deg C]
# name 3 = c0S/m: Conductivity [S/m]
# name 4 = sal00: Salinity, Practical [PSU]
# name 5 = depSM: Depth [salt water, m]
# name 6 = prDM: Pressure, Digiquartz [db]
# name 7 = t190C: Temperature, 2 [ITS-90, deg C]
# name 8 = c1S/m: Conductivity, 2 [S/m]
# name 9 = sal11: Salinity, Practical, 2 [PSU]
# name 10 = flECO-AFL: Fluorescence, WET Labs ECO-AFL/FL [mg/m^3]
# name 11 = par: PAR/Irradiance, Biospherical/Licor
# name 12 = bat: Beam Attenuation, Chelsea/Seatech [1/m]
# name 13 = xmiss: Beam Transmission, Chelsea/Seatech [%]
# name 14 = altM: Altimeter [m]
# name 15 = sbeox0Mm/Kg: Oxygen, SBE 43 [umol/kg]
# name 16 = sbeox0ML/L: Oxygen, SBE 43 [ml/l]
# name 17 = spar: SPAR/Surface Irradiance
# name 18 = pumps: Pump Status
# name 19 = nbin: number of scans per bin
# name 20 = flag: flag
# span 0 =   32.90730,   32.90802       
# span 1 =  -65.85824,  -65.85690       
# span 2 =    18.0433,    20.4305       
# span 3 =   4.780478,   5.028223       
# span 4 =    36.0889,    36.9950       
# span 5 =      2.173,    199.220       
# span 6 =      2.188,    200.730       
# span 7 =    18.0434,    20.4284       
# span 8 =   4.780647,   5.033088       
# span 9 =    36.5204,    36.6101       
# span 10 =     0.0058,     0.8952      
# span 11 = 1.0000e-12, 1.0000e-12      
# span 12 =    -0.0102,     0.0827      
# span 13 =    97.9528,   100.2553      
# span 14 =       1.04,      98.94      
# span 15 =    135.584,    381.984      
# span 16 =     3.1149,     8.7743      
# span 17 = 1.5387e+03, 2.0984e+03      
# span 18 =          1,          1      
# span 19 =         15,       1459      
# span 20 = 0.0000e+00, 0.0000e+00      
# interval = decibars: 1                
# start_time = Apr 30 2012 21:30:47 [NMEA time, header]
# bad_flag = -9.990e-29
*END*
[from data line 276]
   32.90758  -65.85758    19.3726   4.925012    36.5937    123.100    124.010    19.3726   4.925059    36.5941     0.1527 1.0000e-12     0.0044    99.8916      98.70    211.754     4.8655 1.8707e+03          1         19 0.0000e+00
   32.90758  -65.85758    19.3732   4.925045    36.5938    122.110    123.012    19.3734   4.925117    36.5941     0.1398 1.0000e-12     0.0058    99.8557      98.71    211.167     4.8520 1.8722e+03          1         20 0.0000e+00
   32.90758  -65.85758    19.3732   4.924966    36.5935    121.079    121.973    19.3733   4.925059    36.5942     0.1636 1.0000e-12     0.0070    99.8262      98.72    211.235     4.8535 1.8727e+03          1         20 0.0000e+00
   32.90758  -65.85758    19.3729   4.924894    36.5935    120.072    120.959    19.3729   4.924965    36.5942     0.1858 1.0000e-12     0.0062    99.8456      98.70    211.918     4.8692 1.8741e+03          1         26 0.0000e+00
   32.90758  -65.85758    19.3726   4.924819    36.5936    119.124    120.004    19.3726   4.924895    36.5941     0.2068 1.0000e-12     0.0068    99.8284      98.71    212.106     4.8735 1.8696e+03          1         39 0.0000e+00
   32.90758  -65.85758    19.3725   4.924758    36.5935    118.193    119.065    19.3727   4.924830    36.5939     0.2054 1.0000e-12     0.0068    99.8288      98.71    211.903     4.8689 1.8634e+03          1         30 0.0000e+00
   32.90758  -65.85758    19.3725   4.924699    36.5934    117.170    118.035    19.3728   4.924791    36.5939     0.2108 1.0000e-12     0.0074    99.8159      98.71    211.877     4.8683 1.8665e+03          1         20 0.0000e+00
   32.90758  -65.85756    19.3730   4.924717    36.5935    116.146    117.003    19.3730   4.924779    36.5940     0.2224 1.0000e-12     0.0091    99.7725      98.71    211.632     4.8627 1.8760e+03          1         16 0.0000e+00
   32.90758  -65.85756    19.3735   4.924717    36.5934    115.145    115.994    19.3737   4.924802    36.5939     0.1788 1.0000e-12     0.0083    99.7919      98.71    211.683     4.8638 1.8828e+03          1         15 0.0000e+00
   32.90758  -65.85756    19.3738   4.924724    36.5936    114.139    114.981    19.3740   4.924801    36.5940     0.1940 1.0000e-12     0.0092    99.7709      98.70    211.972     4.8705 1.8877e+03          1         16 0.0000e+00
   32.90758  -65.85756    19.3738   4.924702    36.5937    113.115    113.949    19.3739   4.924757    36.5942     0.2296 1.0000e-12     0.0108    99.7306      98.71    212.126     4.8740 1.8891e+03          1         22 0.0000e+00
   32.90758  -65.85756    19.3738   4.924656    36.5938    112.095    112.921    19.3737   4.924702    36.5943     0.2370 1.0000e-12     0.0116    99.7109      98.71    212.232     4.8764 1.8785e+03          1         47 0.0000e+00
   32.90760  -65.85756    19.3736   4.924574    36.5936    111.253    112.072    19.3736   4.924626    36.5941     0.2857 1.0000e-12     0.0117    99.7078      98.71    212.214     4.8760 1.8694e+03          1         29 0.0000e+00
   32.90760  -65.85756    19.3733   4.924486    36.5935    110.215    111.027    19.3733   4.924538    36.5940     0.2981 1.0000e-12     0.0108    99.7307      98.71    212.327     4.8786 1.8712e+03          1         19 0.0000e+00
   32.90760  -65.85756    19.3733   4.924428    36.5934    109.210    110.014    19.3737   4.924496    36.5937     0.2569 1.0000e-12     0.0110    99.7252      98.71    212.096     4.8733 1.8756e+03          1         17 0.0000e+00
   32.90760  -65.85756    19.3736   4.924422    36.5935    108.193    108.989    19.3740   4.924502    36.5938     0.2630 1.0000e-12     0.0122    99.6955      98.71    211.786     4.8662 1.8796e+03          1         19 0.0000e+00
   32.90760  -65.85756    19.3739   4.924409    36.5935    107.194    107.983    19.3743   4.924507    36.5939     0.2849 1.0000e-12     0.0134    99.6664      98.71    212.151     4.8746 1.8821e+03          1         22 0.0000e+00
   32.90760  -65.85755    19.3740   4.924389    36.5936    106.232    107.013    19.3739   4.924424    36.5940     0.3068 1.0000e-12     0.0135    99.6626      98.71    212.036     4.8719 1.8769e+03          1         28 0.0000e+00
   32.90760  -65.85754    19.3739   4.924321    36.5935    105.239    106.012    19.3739   4.924377    36.5940     0.3349 1.0000e-12     0.0155    99.6123      98.71    211.879     4.8683 1.8738e+03          1         26 0.0000e+00
   32.90760  -65.85754    19.3744   4.924311    36.5933    104.232    104.998    19.3742   4.924360    36.5940     0.3367 1.0000e-12     0.0157    99.6093      98.71    212.356     4.8793 1.8759e+03          1         25 0.0000e+00
   32.90760  -65.85754    19.3755   4.924408    36.5936    103.222    103.980    19.3751   4.924408    36.5939     0.3320 1.0000e-12     0.0169    99.5782      98.70    212.176     4.8751 1.8801e+03          1         24 0.0000e+00
   32.90760  -65.85754    19.3751   4.924334    36.5937    102.245    102.996    19.3754   4.924415    36.5941     0.3614 1.0000e-12     0.0176    99.5627      98.71    211.631     4.8626 1.8829e+03          1         27 0.0000e+00
   32.90760  -65.85754    19.3748   4.924213    36.5933    101.273    102.016    19.3746   4.924254    36.5939     0.3617 1.0000e-12     0.0203    99.4946      98.71    212.438     4.8812 1.8837e+03          1         26 0.0000e+00
   32.90760  -65.85754    19.3745   4.924123    36.5932    100.288    101.024    19.3745   4.924169    36.5936     0.4026 1.0000e-12     0.0202    99.4964      98.70    212.525     4.8832 1.8824e+03          1         21 0.0000e+00
   32.90760  -65.85754    19.3743   4.924043    36.5931     99.278    100.006    19.3745   4.924083    36.5933     0.4229 1.0000e-12     0.0204    99.4920      98.71    211.940     4.8697 1.8808e+03          1         20 0.0000e+00
   32.90760  -65.85754    19.3744   4.924020    36.5932     98.275     98.996    19.3746   4.924080    36.5936     0.4048 1.0000e-12     0.0221    99.4489      98.71    212.206     4.8758 1.8767e+03          1         18 0.0000e+00
   32.90760  -65.85754    19.3745   4.923988    36.5932     97.298     98.011    19.3747   4.924061    36.5936     0.4163 1.0000e-12     0.0214    99.4661      98.70    212.267     4.8772 1.8727e+03          1         23 0.0000e+00
   32.90761  -65.85754    19.3746   4.923934    36.5931     96.298     97.004    19.3746   4.924009    36.5937     0.4729 1.0000e-12     0.0210    99.4773      98.71    212.908     4.8920 1.8713e+03          1         29 0.0000e+00
   32.90762  -65.85754    19.3747   4.923911    36.5932     95.322     96.020    19.3747   4.923968    36.5937     0.4550 1.0000e-12     0.0224    99.4427      98.71    212.804     4.8896 1.8741e+03          1         27 0.0000e+00
   32.90762  -65.85754    19.3745   4.923847    36.5932     94.288     94.978    19.3747   4.923926    36.5937     0.4498 1.0000e-12     0.0214    99.4669      98.71    212.093     4.8732 1.8767e+03          1         26 0.0000e+00
   32.90762  -65.85754    19.3746   4.923811    36.5932     93.263     93.946    19.3747   4.923877    36.5937     0.4777 1.0000e-12     0.0257    99.3587      98.71    212.811     4.8897 1.8731e+03          1         47 0.0000e+00
   32.90762  -65.85752    19.3747   4.923764    36.5931     92.334     93.010    19.3747   4.923822    36.5935     0.5516 1.0000e-12     0.0278    99.3065      98.72    212.708     4.8874 1.8777e+03          1         38 0.0000e+00
   32.90762  -65.85752    19.3739   4.923644    36.5932     91.267     91.935    19.3737   4.923700    36.5938     0.5013 1.0000e-12     0.0288    99.2830      91.78    212.987     4.8938 1.8758e+03          1        150 0.0000e+00
   32.90765  -65.85749    19.3787   4.924217    36.5940     90.636     91.299    19.3794   4.924372    36.5946     0.6668 1.0000e-12     0.0348    99.1348      97.09    213.392     4.9031 1.8816e+03          1        615 0.0000e+00
   32.90768  -65.85746    19.3792   4.924211    36.5941     89.194     89.846    19.3802   4.924408    36.5948     0.6770 1.0000e-12     0.0381    99.0508      81.26    213.172     4.8980 1.8760e+03          1         98 0.0000e+00
   32.90768  -65.85746    19.3808   4.924363    36.5942     88.413     89.060    19.3811   4.924445    36.5946     0.7290 1.0000e-12     0.0377    99.0637      98.72    213.325     4.9015 1.8737e+03          1         34 0.0000e+00
   32.90768  -65.85746    19.3822   4.924492    36.5944     87.403     88.041    19.3822   4.924522    36.5947     0.6859 1.0000e-12     0.0380    99.0533      98.72    212.942     4.8927 1.8820e+03          1         21 0.0000e+00
   32.90768  -65.85746    19.3831   4.924575    36.5946     86.426     87.057    19.3832   4.924628    36.5950     0.6795 1.0000e-12     0.0372    99.0747      98.72    212.904     4.8919 1.8892e+03          1         18 0.0000e+00
   32.90768  -65.85746    19.3840   4.924644    36.5948     85.361     85.984    19.3840   4.924700    36.5953     0.6686 1.0000e-12     0.0400    99.0045      98.72    213.106     4.8965 1.8953e+03          1         23 0.0000e+00
   32.90768  -65.85746    19.3851   4.924739    36.5951     84.341     84.956    19.3850   4.924782    36.5955     0.7375 1.0000e-12     0.0438    98.9112      98.72    213.260     4.9000 1.8912e+03          1         31 0.0000e+00
   32.90769  -65.85746    19.3855   4.924759    36.5952     83.454     84.063    19.3861   4.924873    36.5956     0.8017 1.0000e-12     0.0423    98.9469      98.72    214.236     4.9225 1.8758e+03          1         41 0.0000e+00
   32.90770  -65.85746    19.3860   4.924744    36.5950     82.451     83.053    19.3860   4.924805    36.5955     0.8952 1.0000e-12     0.0414    98.9704      98.72    214.392     4.9260 1.8710e+03          1         28 0.0000e+00
   32.90770  -65.85746    19.3891   4.925035    36.5950     81.399     81.992    19.3896   4.925090    36.5951     0.7661 1.0000e-12     0.0433    98.9235      98.72    213.594     4.9077 1.8786e+03          1         21 0.0000e+00
   32.90770  -65.85746    19.3912   4.925224    36.5951     80.376     80.963    19.3914   4.925271    36.5953     0.6926 1.0000e-12     0.0447    98.8879      98.72    213.752     4.9113 1.8858e+03          1         20 0.0000e+00
   32.90770  -65.85746    19.3922   4.925269    36.5950     79.387     79.966    19.3921   4.925303    36.5954     0.6779 1.0000e-12     0.0469    98.8350      98.73    213.654     4.9091 1.8898e+03          1         19 0.0000e+00
   32.90770  -65.85745    19.3928   4.925286    36.5950     78.396     78.967    19.3927   4.925308    36.5953     0.8085 1.0000e-12     0.0492    98.7764      98.72    213.629     4.9085 1.8891e+03          1         25 0.0000e+00
   32.90770  -65.85744    19.3933   4.925271    36.5948     77.390     77.954    19.3933   4.925314    36.5952     0.7464 1.0000e-12     0.0464    98.8477      98.72    214.574     4.9302 1.8827e+03          1         27 0.0000e+00
   32.90770  -65.85744    19.3939   4.925292    36.5949     76.407     76.963    19.3940   4.925360    36.5954     0.7460 1.0000e-12     0.0458    98.8611      98.72    214.977     4.9395 1.8748e+03          1         28 0.0000e+00
   32.90770  -65.85744    19.3947   4.925316    36.5948     75.417     75.966    19.3954   4.925427    36.5951     0.8096 1.0000e-12     0.0444    98.8969      98.72    214.482     4.9281 1.8742e+03          1         28 0.0000e+00
   32.90770  -65.85744    19.3961   4.925423    36.5948     74.457     74.999    19.3967   4.925524    36.5951     0.6538 1.0000e-12     0.0447    98.8884      98.75    215.079     4.9418 1.8814e+03          1         25 0.0000e+00
   32.90770  -65.85744    19.3981   4.925586    36.5947     73.476     74.011    19.3978   4.925616    36.5952     0.5902 1.0000e-12     0.0444    98.8961      98.71    215.383     4.9488 1.8887e+03          1         23 0.0000e+00
   32.90770  -65.85744    19.3997   4.925752    36.5950     72.482     73.009    19.4004   4.925801    36.5949     0.5868 1.0000e-12     0.0446    98.8905      98.72    215.546     4.9525 1.8944e+03          1         21 0.0000e+00
   32.90770  -65.85744    19.4016   4.925886    36.5948     71.505     72.024    19.4011   4.925874    36.5952     0.5610 1.0000e-12     0.0449    98.8844      98.73    215.444     4.9502 1.8943e+03          1         21 0.0000e+00
   32.90770  -65.85744    19.4028   4.925970    36.5949     70.496     71.009    19.4032   4.926043    36.5952     0.5327 1.0000e-12     0.0450    98.8812      98.72    215.255     4.9459 1.8890e+03          1         22 0.0000e+00
   32.90771  -65.85744    19.4028   4.925934    36.5951     69.352     69.856    19.4026   4.925986    36.5957     0.4587 1.0000e-12     0.0447    98.8884      95.04    216.376     4.9716 1.8805e+03          1         98 0.0000e+00
   32.90772  -65.85744    19.3985   4.925421    36.5950     68.511     69.008    19.4010   4.925730    36.5954     0.5039 1.0000e-12     0.0445    98.8942      73.33    215.853     4.9596 1.8895e+03          1         63 0.0000e+00
   32.90772  -65.85744    19.4087   4.926447    36.5949     67.560     68.050    19.4115   4.926803    36.5953     0.4666 1.0000e-12     0.0480    98.8079      98.73    216.735     4.9798 1.8893e+03          1        113 0.0000e+00
   32.90773  -65.85743    19.4122   4.926785    36.5949     66.696     67.180    19.4160   4.927225    36.5953     0.4296 1.0000e-12     0.0502    98.7539      98.72    217.160     4.9896 1.8836e+03          1        179 0.0000e+00
   32.90775  -65.85742    19.4168   4.927236    36.5951     65.835     66.312    19.4186   4.927493    36.5956     0.4111 1.0000e-12     0.0503    98.7502      86.83    217.405     4.9952 1.8831e+03          1        266 0.0000e+00
   32.90780  -65.85740    19.4199   4.927511    36.5952     64.533     65.001    19.4207   4.927641    36.5956     0.4091 1.0000e-12     0.0503    98.7503      98.74    217.693     5.0018 1.8579e+03          1         46 0.0000e+00
   32.90780  -65.85739    19.4212   4.927591    36.5950     63.665     64.126    19.4211   4.927644    36.5956     0.4027 1.0000e-12     0.0507    98.7412      98.73    217.831     5.0050 1.8409e+03          1         47 0.0000e+00
   32.90780  -65.85738    19.4222   4.927673    36.5952     62.566     63.019    19.4222   4.927671    36.5952     0.3915 1.0000e-12     0.0522    98.7044      88.36    218.200     5.0135 1.8453e+03          1         25 0.0000e+00
   32.90780  -65.85738    19.4255   4.927949    36.5950     61.563     62.009    19.4256   4.927995    36.5953     0.3905 1.0000e-12     0.0533    98.6782      35.83    217.600     4.9997 1.8537e+03          1         23 0.0000e+00
   32.90780  -65.85738    19.4284   4.928216    36.5950     60.570     61.008    19.4279   4.928178    36.5951     0.3848 1.0000e-12     0.0540    98.6582      98.74    217.634     5.0005 1.8535e+03          1         25 0.0000e+00
   32.90780  -65.85738    19.4301   4.928355    36.5950     59.572     60.003    19.4297   4.928352    36.5953     0.3853 1.0000e-12     0.0542    98.6537      98.74    218.060     5.0103 1.8468e+03          1         28 0.0000e+00
   32.90780  -65.85738    19.4310   4.928410    36.5950     58.627     59.051    19.4309   4.928430    36.5953     0.4049 1.0000e-12     0.0532    98.6785      98.74    218.148     5.0123 1.8408e+03          1         28 0.0000e+00
   32.90780  -65.85738    19.4323   4.928489    36.5949     57.583     58.000    19.4322   4.928485    36.5950     0.4180 1.0000e-12     0.0557    98.6160      98.74    217.812     5.0046 1.8368e+03          1         31 0.0000e+00
   32.90780  -65.85738    19.4369   4.928908    36.5947     56.617     57.026    19.4391   4.929119    36.5944     0.4257 1.0000e-12     0.0576    98.5708      98.73    217.864     5.0057 1.8287e+03          1         32 0.0000e+00
