Data/ruptures/KN207-01/QL-2/20701078.cnv
* Sea-Bird SBE 9 Data File:
* FileName = C:\Data\ctd\20701078.hex
* Software Version Seasave V 7.21e
* Temperature SN = 4406
* Conductivity SN = 1474
* Number of Bytes Per Scan = 40
* Number of Voltage Words = 5
* Number of Scans Averaged by the Deck Unit = 1
* NMEA Latitude = 33 07.79 N
* NMEA Longitude = 065 41.38 W
* NMEA UTC (Time) = May 02 2012 20:02:09
** R/V Knorr Cruise # KN207-01 QL 2
** Chief Scientist: Ben Van Mooy
# nquan = 21
# nvalues = 396                         
# units = specified
# name 0 = latitude: Latitude [deg]
# name 1 = longitude: Longitude [deg]
# name 2 = t090C: Temperature [ITS-90, deg C]
# name 3 = c0S/m: Conductivity [S/m]
# name 4 = sal00: Salinity, Practical [PSU]
# name 5 = depSM: Depth [salt water, m]
# name 6 = prDM: Pressure, Digiquartz [db]
# name 7 = t190C: Temperature, 2 [ITS-90, deg C]
# name 8 = c1S/m: Conductivity, 2 [S/m]
# name 9 = sal11: Salinity, Practical, 2 [PSU]
# name 10 = flECO-AFL: Fluorescence, WET Labs ECO-AFL/FL [mg/m^3]
# name 11 = par: PAR/Irradiance, Biospherical/Licor
# name 12 = bat: Beam Attenuation, Chelsea/Seatech [1/m]
# name 13 = xmiss: Beam Transmission, Chelsea/Seatech [%]
# name 14 = altM: Altimeter [m]
# name 15 = sbeox0Mm/Kg: Oxygen, SBE 43 [umol/kg]
# name 16 = sbeox0ML/L: Oxygen, SBE 43 [ml/l]
# name 17 = spar: SPAR/Surface Irradiance
# name 18 = pumps: Pump Status
# name 19 = nbin: number of scans per bin
# name 20 = flag: flag
# span 0 =   33.12990,   33.13233       
# span 1 =  -65.68978,  -65.68713       
# span 2 =    17.9469,    20.4795       
# span 3 =   4.769761,   5.039691       
# span 4 =    36.5136,    36.6196       
# span 5 =      2.198,    198.300       
# span 6 =      2.213,    199.807       
# span 7 =    17.9473,    20.4794       
# span 8 =   4.769897,   5.039818       
# span 9 =    36.5143,    36.6206       
# span 10 =     0.0084,     0.8195      
# span 11 = 1.0000e-12, 1.0000e-12      
# span 12 =    -0.0131,     0.0800      
# span 13 =    98.0197,   100.3285      
# span 14 =      15.09,      98.82      
# span 15 =    186.018,    223.436      
# span 16 =     4.2750,     5.1334      
# span 17 = 8.9852e+02, 2.1560e+03      
# span 18 =          1,          1      
# span 19 =         19,       1286      
# span 20 = 0.0000e+00, 0.0000e+00      
# interval = decibars: 1                
# start_time = May 02 2012 20:02:09 [NMEA time, header]
# bad_flag = -9.990e-29
*END*
   33.12990  -65.68978    20.4750   5.038971    36.6188      2.888      2.909    20.4749   5.039081    36.6198     0.0966 1.0000e-12     0.0535    98.6727      98.67    217.732     5.0014 9.1379e+02          1        419 0.0000e+00
   33.12994  -65.68976    20.4743   5.038956    36.6189      3.882      3.910    20.4743   5.039076    36.6199     0.0913 1.0000e-12     0.0542    98.6540      98.66    217.931     5.0060 9.0797e+02          1         64 0.0000e+00
   33.12994  -65.68975    20.4770   5.039307    36.6190      4.978      5.013    20.4768   5.039408    36.6200     0.0870 1.0000e-12     0.0523    98.7005      98.67    217.540     4.9970 9.0611e+02          1         71 0.0000e+00
   33.12994  -65.68974    20.4789   5.039584    36.6192      5.943      5.985    20.4789   5.039701    36.6202     0.0978 1.0000e-12     0.0525    98.6964      98.66    217.581     4.9980 9.0517e+02          1         38 0.0000e+00
   33.12995  -65.68973    20.4795   5.039691    36.6192      6.982      7.031    20.4794   5.039818    36.6203     0.0830 1.0000e-12     0.0525    98.6958      98.67    218.298     5.0144 9.0564e+02          1         47 0.0000e+00
   33.12996  -65.68972    20.4790   5.039686    36.6192      7.920      7.977    20.4790   5.039805    36.6202     0.1005 1.0000e-12     0.0533    98.6772      98.67    217.453     4.9951 9.0322e+02          1         47 0.0000e+00
   33.12996  -65.68972    20.4729   5.039026    36.6189      8.946      9.010    20.4736   5.039263    36.6202     0.0907 1.0000e-12     0.0508    98.7377      98.67    218.123     5.0104 9.0083e+02          1         57 0.0000e+00
   33.12996  -65.68970    20.4711   5.038880    36.6189      9.871      9.941    20.4713   5.039037    36.6200     0.0962 1.0000e-12     0.0513    98.7254      89.43    218.224     5.0128 9.0425e+02          1         40 0.0000e+00
   33.12996  -65.68970    20.4705   5.038860    36.6189     10.911     10.989    20.4697   5.038940    36.6202     0.0977 1.0000e-12     0.0515    98.7219      59.36    218.226     5.0128 9.0531e+02          1         34 0.0000e+00
   33.12996  -65.68970    20.4701   5.038880    36.6190     11.957     12.043    20.4677   5.038687    36.6196     0.0927 1.0000e-12     0.0516    98.7192      54.94    217.446     4.9949 9.0318e+02          1         39 0.0000e+00
   33.12998  -65.68968    20.4684   5.038708    36.6188     12.887     12.979    20.4679   5.038807    36.6200     0.0940 1.0000e-12     0.0516    98.7182      98.67    218.059     5.0090 9.0094e+02          1         85 0.0000e+00
   33.12998  -65.68968    20.4540   5.037205    36.6188     13.869     13.968    20.4530   5.037312    36.6206     0.1139 1.0000e-12     0.0505    98.7449      77.32    218.412     5.0171 9.0059e+02          1         30 0.0000e+00
   33.12999  -65.68968    20.4489   5.036714    36.6189     14.915     15.022    20.4476   5.036649    36.6195     0.0933 1.0000e-12     0.0511    98.7299      65.37    218.042     5.0086 9.0188e+02          1         32 0.0000e+00
   33.13000  -65.68968    20.4471   5.036559    36.6187     15.976     16.090    20.4477   5.036758    36.6198     0.0959 1.0000e-12     0.0518    98.7145      61.74    218.263     5.0137 9.0269e+02          1         59 0.0000e+00
   33.13001  -65.68967    20.4465   5.036516    36.6185     16.809     16.929    20.4456   5.036543    36.6195     0.1073 1.0000e-12     0.0523    98.7009      76.28    218.119     5.0104 8.9937e+02          1         53 0.0000e+00
   33.13002  -65.68966    20.4324   5.035013    36.6183     17.871     17.999    20.4324   5.035210    36.6199     0.1003 1.0000e-12     0.0524    98.6988      69.61    218.456     5.0181 9.0226e+02          1         37 0.0000e+00
   33.13002  -65.68966    20.4217   5.033889    36.6181     18.897     19.032    20.4246   5.034386    36.6196     0.1181 1.0000e-12     0.0526    98.6929      56.87    217.793     5.0029 9.0485e+02          1         45 0.0000e+00
   33.13002  -65.68965    20.4176   5.033471    36.6178     19.822     19.964    20.4152   5.033364    36.6191     0.0989 1.0000e-12     0.0522    98.7038      83.53    218.302     5.0146 9.0059e+02          1         68 0.0000e+00
   33.13002  -65.68964    20.4069   5.032371    36.6178     20.808     20.957    20.4077   5.032578    36.6188     0.1067 1.0000e-12     0.0519    98.7106      98.68    218.484     5.0188 8.9852e+02          1         36 0.0000e+00
   33.13002  -65.68964    20.3987   5.031496    36.6174     21.869     22.026    20.3995   5.031855    36.6196     0.1141 1.0000e-12     0.0541    98.6567      98.67    218.952     5.0296 9.0535e+02          1         31 0.0000e+00
   33.13004  -65.68962    20.3936   5.031030    36.6176     22.863     23.027    20.3931   5.031082    36.6185     0.1018 1.0000e-12     0.0537    98.6671      98.67    218.542     5.0202 9.0840e+02          1         55 0.0000e+00
   33.13004  -65.68962    20.3893   5.030564    36.6170     23.831     24.002    20.3896   5.030876    36.6193     0.0969 1.0000e-12     0.0536    98.6703      98.66    218.814     5.0264 9.0602e+02          1         58 0.0000e+00
   33.13005  -65.68961    20.3631   5.027802    36.6172     24.813     24.991    20.3596   5.027611    36.6187     0.0966 1.0000e-12     0.0553    98.6273      95.08    217.737     5.0017 9.0760e+02          1         50 0.0000e+00
   33.13006  -65.68960    20.3349   5.024665    36.6160     25.828     26.013    20.3327   5.024794    36.6190     0.1083 1.0000e-12     0.0555    98.6230      46.15    217.681     5.0005 9.1082e+02          1         37 0.0000e+00
   33.13006  -65.68960    20.3085   5.021659    36.6140     26.868     27.061    20.3067   5.021589    36.6151     0.1175 1.0000e-12     0.0554    98.6238      35.27    218.526     5.0199 9.1115e+02          1         53 0.0000e+00
   33.13006  -65.68960    20.2919   5.019588    36.6111     27.750     27.949    20.2923   5.019848    36.6128     0.1238 1.0000e-12     0.0539    98.6617      95.68    218.913     5.0288 9.1461e+02          1         52 0.0000e+00
   33.13006  -65.68960    20.2867   5.019080    36.6108     28.808     29.014    20.2866   5.019212    36.6119     0.1187 1.0000e-12     0.0548    98.6399      98.67    218.933     5.0293 9.2026e+02          1         40 0.0000e+00
   33.13007  -65.68959    20.2851   5.018946    36.6105     29.782     29.996    20.2849   5.019071    36.6116     0.1068 1.0000e-12     0.0555    98.6224      15.09    218.738     5.0248 9.2288e+02          1         51 0.0000e+00
   33.13008  -65.68958    20.2830   5.018767    36.6102     30.805     31.026    20.2826   5.018868    36.6114     0.1315 1.0000e-12     0.0546    98.6441      49.59    218.871     5.0279 9.2388e+02          1         51 0.0000e+00
   33.13008  -65.68957    20.2802   5.018504    36.6100     31.767     31.995    20.2791   5.018517    36.6111     0.1143 1.0000e-12     0.0563    98.6028      60.56    219.014     5.0311 9.2505e+02          1         57 0.0000e+00
   33.13008  -65.68956    20.2758   5.018062    36.6097     32.757     32.992    20.2758   5.018210    36.6110     0.1281 1.0000e-12     0.0567    98.5931      98.67    218.818     5.0266 9.3012e+02          1         37 0.0000e+00
   33.13008  -65.68956    20.2718   5.017656    36.6095     33.739     33.982    20.2718   5.017813    36.6107     0.1215 1.0000e-12     0.0569    98.5865      98.68    218.845     5.0273 9.3408e+02          1         40 0.0000e+00
   33.13009  -65.68955    20.2647   5.016873    36.6089     34.754     35.004    20.2626   5.016794    36.6100     0.1174 1.0000e-12     0.0569    98.5863      98.67    218.881     5.0281 9.3757e+02          1         54 0.0000e+00
   33.13010  -65.68954    20.2565   5.015940    36.6079     35.686     35.943    20.2541   5.015841    36.6093     0.1295 1.0000e-12     0.0567    98.5930      98.67    218.803     5.0263 9.4177e+02          1         56 0.0000e+00
   33.13011  -65.68953    20.2448   5.014636    36.6072     36.730     36.994    20.2449   5.014824    36.6086     0.1294 1.0000e-12     0.0581    98.5583      98.67    219.726     5.0475 9.4938e+02          1         38 0.0000e+00
   33.13012  -65.68952    20.2274   5.012620    36.6055     37.762     38.034    20.2236   5.012460    36.6076     0.1491 1.0000e-12     0.0578    98.5651      98.76    219.181     5.0350 9.4703e+02          1         38 0.0000e+00
   33.13012  -65.68952    20.2076   5.010363    36.6041     38.655     38.934    20.2033   5.010063    36.6054     0.1224 1.0000e-12     0.0589    98.5393      97.58    219.151     5.0344 9.3848e+02          1         65 0.0000e+00
   33.13012  -65.68952    20.1756   5.006703    36.6019     39.663     39.949    20.1750   5.006930    36.6041     0.1260 1.0000e-12     0.0593    98.5292      68.01    219.695     5.0469 9.3470e+02          1         36 0.0000e+00
   33.13012  -65.68952    20.1514   5.004124    36.6015     40.728     41.022    20.1475   5.004012    36.6040     0.1210 1.0000e-12     0.0600    98.5129      72.13    219.858     5.0507 9.3484e+02          1         45 0.0000e+00
   33.13012  -65.68952    20.1257   5.001383    36.6010     41.665     41.965    20.1185   5.000836    36.6028     0.1488 1.0000e-12     0.0628    98.4429      98.67    219.730     5.0477 9.3177e+02          1         56 0.0000e+00
   33.13014  -65.68950    20.0997   4.998681    36.6011     42.695     43.003    20.0983   4.998781    36.6031     0.1551 1.0000e-12     0.0665    98.3519      98.67    219.836     5.0502 9.2852e+02          1         43 0.0000e+00
   33.13014  -65.68950    20.0693   4.995513    36.6013     43.714     44.029    20.0701   4.995837    36.6032     0.1662 1.0000e-12     0.0668    98.3453      98.67    220.268     5.0602 9.2795e+02          1         48 0.0000e+00
   33.13014  -65.68949    20.0508   4.993532    36.6006     44.666     44.989    20.0376   4.992527    36.6040     0.1689 1.0000e-12     0.0725    98.2042      98.68    220.854     5.0737 9.2947e+02          1         50 0.0000e+00
   33.13014  -65.68948    20.0013   4.988427    36.6018     45.628     45.958    20.0011   4.988663    36.6038     0.1785 1.0000e-12     0.0692    98.2859      98.68    221.047     5.0782 9.3084e+02          1         44 0.0000e+00
   33.13014  -65.68948    19.9561   4.983570    36.6011     46.650     46.987    19.9556   4.983971    36.6048     0.1832 1.0000e-12     0.0692    98.2846      80.26    221.363     5.0855 9.3023e+02          1         42 0.0000e+00
   33.13016  -65.68946    19.8532   4.972705    36.6023     47.679     48.024    19.8541   4.973490    36.6080     0.1905 1.0000e-12     0.0736    98.1775      92.91    221.429     5.0871 9.3246e+02          1         42 0.0000e+00
   33.13016  -65.68946    19.7799   4.964868    36.6014     48.696     49.049    19.7717   4.964411    36.6049     0.1954 1.0000e-12     0.0748    98.1475      98.68    222.338     5.1081 9.3952e+02          1         63 0.0000e+00
   33.13017  -65.68946    19.7457   4.961334    36.6010     49.610     49.969    19.7457   4.961561    36.6028     0.1947 1.0000e-12     0.0769    98.0967      71.18    223.105     5.1258 9.5090e+02          1         42 0.0000e+00
   33.13018  -65.68946    19.7209   4.958642    36.5997     50.592     50.958    19.7199   4.958910    36.6027     0.2097 1.0000e-12     0.0800    98.0197      98.68    223.436     5.1334 9.5137e+02          1         40 0.0000e+00
   33.13018  -65.68946    19.6516   4.951183    36.5986     51.646     52.020    19.6510   4.951525    36.6019     0.2048 1.0000e-12     0.0752    98.1361      98.68    223.215     5.1284 9.3891e+02          1         46 0.0000e+00
   33.13020  -65.68944    19.6173   4.947605    36.5981     52.578     52.959    19.6173   4.947793    36.5996     0.2138 1.0000e-12     0.0732    98.1862      98.68    222.927     5.1219 9.3200e+02          1         55 0.0000e+00
   33.13020  -65.68944    19.6084   4.946726    36.5973     53.618     54.006    19.6084   4.946925    36.5990     0.2281 1.0000e-12     0.0692    98.2851      98.69    222.662     5.1158 9.3253e+02          1         38 0.0000e+00
   33.13020  -65.68943    19.6037   4.946349    36.5973     54.642     55.038    19.6041   4.946549    36.5986     0.2245 1.0000e-12     0.0688    98.2951      98.68    222.330     5.1081 9.3018e+02          1         43 0.0000e+00
   33.13020  -65.68942    19.5646   4.942157    36.5966     55.573     55.976    19.5639   4.942389    36.5991     0.2081 1.0000e-12     0.0666    98.3486      98.68    222.072     5.1023 9.2590e+02          1         61 0.0000e+00
   33.13020  -65.68942    19.5392   4.939494    36.5960     56.558     56.968    19.5393   4.939681    36.5974     0.2430 1.0000e-12     0.0645    98.3994      97.53    221.945     5.0994 9.2679e+02          1         48 0.0000e+00
   33.13022  -65.68940    19.5303   4.938584    36.5954     57.565     57.983    19.5304   4.938760    36.5968     0.2216 1.0000e-12     0.0614    98.4778      97.15    222.064     5.1021 9.2795e+02          1         38 0.0000e+00
   33.13022  -65.68940    19.5242   4.937981    36.5950     58.597     59.022    19.5242   4.938131    36.5963     0.2372 1.0000e-12     0.0648    98.3937      70.07    222.067     5.1022 9.2773e+02          1         40 0.0000e+00
   33.13023  -65.68940    19.5089   4.936389    36.5948     59.580     60.012    19.5089   4.936651    36.5969     0.2413 1.0000e-12     0.0643    98.4049      98.69    222.773     5.1185 9.2580e+02          1         55 0.0000e+00
   33.13024  -65.68940    19.4760   4.932967    36.5950     60.555     60.994    19.4760   4.933164    36.5966     0.2208 1.0000e-12     0.0630    98.4384      98.68    221.888     5.0982 9.2651e+02          1         51 0.0000e+00
   33.13024  -65.68940    19.4650   4.931905    36.5951     61.523     61.970    19.4650   4.932043    36.5962     0.2733 1.0000e-12     0.0610    98.4876      98.69    221.291     5.0845 9.2558e+02          1         49 0.0000e+00
   33.13024  -65.68938    19.4612   4.931559    36.5949     62.546     63.000    19.4612   4.931705    36.5960     0.2664 1.0000e-12     0.0579    98.5617      98.68    221.144     5.0811 9.2313e+02          1         43 0.0000e+00
   33.13024  -65.68938    19.4570   4.931177    36.5947     63.547     64.008    19.4571   4.931317    36.5958     0.2674 1.0000e-12     0.0563    98.6018      98.68    220.661     5.0700 9.2447e+02          1         48 0.0000e+00
   33.13024  -65.68938    19.4541   4.930937    36.5947     64.529     64.998    19.4541   4.931077    36.5958     0.2810 1.0000e-12     0.0547    98.6407      98.69    220.435     5.0648 9.2663e+02          1         39 0.0000e+00
   33.13026  -65.68936    19.4493   4.930496    36.5947     65.536     66.013    19.4494   4.930632    36.5958     0.2822 1.0000e-12     0.0541    98.6558      98.69    220.856     5.0745 9.2437e+02          1         53 0.0000e+00
   33.13026  -65.68936    19.4464   4.930219    36.5944     66.505     66.989    19.4464   4.930348    36.5955     0.3167 1.0000e-12     0.0532    98.6776      98.68    220.117     5.0575 9.2244e+02          1         53 0.0000e+00
   33.13028  -65.68936    19.4447   4.930088    36.5944     67.487     67.979    19.4447   4.930218    36.5954     0.3081 1.0000e-12     0.0525    98.6959      98.69    220.386     5.0637 9.2545e+02          1         49 0.0000e+00
   33.13028  -65.68936    19.4377   4.929398    36.5944     68.508     69.007    19.4377   4.929573    36.5958     0.3246 1.0000e-12     0.0518    98.7135      98.69    220.558     5.0677 9.2355e+02          1         35 0.0000e+00
   33.13028  -65.68936    19.4317   4.928832    36.5945     69.520     70.026    19.4318   4.928945    36.5954     0.3033 1.0000e-12     0.0501    98.7542      98.68    220.196     5.0593 9.2291e+02          1         46 0.0000e+00
