Data/ruptures/KN207-01/QL-2/20701068.cnv
* Sea-Bird SBE 9 Data File:
* FileName = C:\Data\ctd\20701068.hex
* Software Version Seasave V 7.21e
* Temperature SN = 4406
* Conductivity SN = 1474
* Number of Bytes Per Scan = 40
* Number of Voltage Words = 5
* Number of Scans Averaged by the Deck Unit = 1
* NMEA Latitude = 32 57.04 N
* NMEA Longitude = 065 44.98 W
* NMEA UTC (Time) = May 01 2012 16:03:39
** R/V Knorr Cruise # KN207-01 QL 2
** Chief Scientist: Ben Van Mooy
# nquan = 21
# nvalues = 398                         
# units = specified
# name 0 = latitude: Latitude [deg]
# name 1 = longitude: Longitude [deg]
# name 2 = t090C: Temperature [ITS-90, deg C]
# name 3 = c0S/m: Conductivity [S/m]
# name 4 = sal00: Salinity, Practical [PSU]
# name 5 = depSM: Depth [salt water, m]
# name 6 = prDM: Pressure, Digiquartz [db]
# name 7 = t190C: Temperature, 2 [ITS-90, deg C]
# name 8 = c1S/m: Conductivity, 2 [S/m]
# name 9 = sal11: Salinity, Practical, 2 [PSU]
# name 10 = flECO-AFL: Fluorescence, WET Labs ECO-AFL/FL [mg/m^3]
# name 11 = par: PAR/Irradiance, Biospherical/Licor
# name 12 = bat: Beam Attenuation, Chelsea/Seatech [1/m]
# name 13 = xmiss: Beam Transmission, Chelsea/Seatech [%]
# name 14 = altM: Altimeter [m]
# name 15 = sbeox0Mm/Kg: Oxygen, SBE 43 [umol/kg]
# name 16 = sbeox0ML/L: Oxygen, SBE 43 [ml/l]
# name 17 = spar: SPAR/Surface Irradiance
# name 18 = pumps: Pump Status
# name 19 = nbin: number of scans per bin
# name 20 = flag: flag
# span 0 =   32.95068,   32.95233       
# span 1 =  -65.74982,  -65.74877       
# span 2 =    18.0276,    20.3164       
# span 3 =   4.778493,   5.021808       
# span 4 =    36.5154,    36.6117       
# span 5 =      3.091,    200.272       
# span 6 =      3.113,    201.791       
# span 7 =    18.0272,    20.3157       
# span 8 =   4.778553,   5.021732       
# span 9 =    36.5160,    36.6129       
# span 10 =     0.0059,     1.0127      
# span 11 = 1.0000e-12, 1.0000e-12      
# span 12 =    -0.0111,     0.0789      
# span 13 =    98.0469,   100.2776      
# span 14 =      35.66,      98.78      
# span 15 =    186.360,    222.492      
# span 16 =     4.2831,     5.1117      
# span 17 = 2.5247e+03, 2.5416e+03      
# span 18 =          1,          1      
# span 19 =         14,        727      
# span 20 = 0.0000e+00, 0.0000e+00      
# interval = decibars: 1                
# start_time = May 01 2012 16:03:39 [NMEA time, header]
# bad_flag = -9.990e-29
*END*
[from data line 69]
   32.95100  -65.74960    19.4062   4.926133    36.5930     72.479     73.006    19.4062   4.926262    36.5941     0.4255 1.0000e-12     0.0577    98.5680      98.67    218.753     5.0262 2.5293e+03          1         35 0.0000e+00
   32.95100  -65.74960    19.4031   4.925862    36.5930     73.473     74.008    19.4032   4.925970    36.5939     0.4429 1.0000e-12     0.0586    98.5468      98.67    218.360     5.0172 2.5297e+03          1         70 0.0000e+00
   32.95100  -65.74960    19.4008   4.925679    36.5931     74.452     74.994    19.4008   4.925784    36.5940     0.4418 1.0000e-12     0.0553    98.6256      98.67    218.014     5.0092 2.5297e+03          1         39 0.0000e+00
   32.95100  -65.74960    19.3980   4.925434    36.5932     75.493     76.043    19.3980   4.925550    36.5942     0.4535 1.0000e-12     0.0549    98.6373      98.67    217.947     5.0077 2.5275e+03          1         40 0.0000e+00
   32.95100  -65.74960    19.3953   4.925178    36.5930     76.475     77.032    19.3953   4.925292    36.5940     0.5023 1.0000e-12     0.0550    98.6339      98.68    218.070     5.0105 2.5273e+03          1         63 0.0000e+00
   32.95102  -65.74958    19.3934   4.925021    36.5930     77.401     77.965    19.3934   4.925137    36.5940     0.5561 1.0000e-12     0.0557    98.6165      98.67    217.865     5.0058 2.5295e+03          1         47 0.0000e+00
   32.95102  -65.74958    19.3917   4.924916    36.5932     78.408     78.979    19.3917   4.925025    36.5941     0.5717 1.0000e-12     0.0564    98.6001      98.67    216.931     4.9844 2.5265e+03          1         37 0.0000e+00
   32.95102  -65.74958    19.3896   4.924737    36.5932     79.411     79.990    19.3896   4.924847    36.5941     0.6037 1.0000e-12     0.0590    98.5353      98.68    217.431     4.9959 2.5274e+03          1         38 0.0000e+00
   32.95102  -65.74958    19.3882   4.924624    36.5931     80.446     81.033    19.3882   4.924741    36.5941     0.6884 1.0000e-12     0.0690    98.2897      98.67    216.844     4.9824 2.5279e+03          1         43 0.0000e+00
   32.95102  -65.74958    19.3870   4.924551    36.5931     81.432     82.026    19.3871   4.924656    36.5939     0.7478 1.0000e-12     0.0578    98.5656      98.68    216.832     4.9821 2.5290e+03          1         72 0.0000e+00
   32.95104  -65.74958    19.3851   4.924397    36.5931     82.353     82.954    19.3852   4.924515    36.5941     0.8770 1.0000e-12     0.0605    98.4995      98.68    216.388     4.9719 2.5275e+03          1         43 0.0000e+00
   32.95104  -65.74958    19.3839   4.924322    36.5932     83.396     84.005    19.3839   4.924421    36.5940     0.8411 1.0000e-12     0.0606    98.4977      98.68    216.314     4.9702 2.5272e+03          1         39 0.0000e+00
   32.95104  -65.74958    19.3832   4.924284    36.5931     84.381     84.997    19.3832   4.924389    36.5939     0.8569 1.0000e-12     0.0580    98.5609      98.68    216.006     4.9631 2.5286e+03          1         45 0.0000e+00
   32.95104  -65.74958    19.3830   4.924319    36.5931     85.386     86.009    19.3830   4.924417    36.5939     0.8619 1.0000e-12     0.0575    98.5726      98.68    215.140     4.9432 2.5289e+03          1         41 0.0000e+00
   32.95104  -65.74958    19.3823   4.924286    36.5931     86.418     87.050    19.3823   4.924392    36.5940     0.8379 1.0000e-12     0.0546    98.6444      98.68    214.999     4.9400 2.5274e+03          1         59 0.0000e+00
   32.95106  -65.74956    19.3815   4.924192    36.5927     87.331     87.969    19.3815   4.924295    36.5935     0.8770 1.0000e-12     0.0533    98.6765      98.68    215.071     4.9416 2.5285e+03          1         43 0.0000e+00
   32.95106  -65.74956    19.3813   4.924284    36.5931     88.370     89.016    19.3813   4.924379    36.5940     0.8905 1.0000e-12     0.0482    98.8022      98.68    215.077     4.9418 2.5302e+03          1         39 0.0000e+00
   32.95106  -65.74956    19.3813   4.924310    36.5930     89.402     90.056    19.3813   4.924416    36.5939     0.8777 1.0000e-12     0.0477    98.8129      98.68    214.831     4.9361 2.5300e+03          1         54 0.0000e+00
   32.95108  -65.74956    19.3809   4.924307    36.5930     90.278     90.939    19.3808   4.924411    36.5939     1.0085 1.0000e-12     0.0481    98.8038      98.69    214.749     4.9343 2.5303e+03          1         59 0.0000e+00
   32.95108  -65.74956    19.3806   4.924343    36.5931     91.342     92.010    19.3806   4.924445    36.5940     0.8627 1.0000e-12     0.0474    98.8222      98.69    214.788     4.9352 2.5309e+03          1         32 0.0000e+00
   32.95108  -65.74956    19.3791   4.924213    36.5930     92.345     93.022    19.3790   4.924321    36.5940     0.8078 1.0000e-12     0.0466    98.8405      98.68    214.148     4.9204 2.5298e+03          1         37 0.0000e+00
   32.95108  -65.74956    19.3786   4.924196    36.5930     93.298     93.982    19.3785   4.924292    36.5938     0.7497 1.0000e-12     0.0436    98.9148      98.68    214.664     4.9323 2.5296e+03          1         57 0.0000e+00
   32.95108  -65.74956    19.3785   4.924229    36.5929     94.319     95.010    19.3785   4.924344    36.5939     0.8190 1.0000e-12     0.0428    98.9360      98.69    214.269     4.9232 2.5282e+03          1         52 0.0000e+00
   32.95110  -65.74954    19.3785   4.924282    36.5930     95.299     95.997    19.3784   4.924383    36.5939     0.8561 1.0000e-12     0.0394    99.0201      98.69    213.682     4.9097 2.5272e+03          1         48 0.0000e+00
   32.95110  -65.74954    19.3785   4.924338    36.5930     96.316     97.022    19.3785   4.924448    36.5940     0.7863 1.0000e-12     0.0383    99.0480      98.69    214.221     4.9221 2.5298e+03          1         39 0.0000e+00
   32.95110  -65.74954    19.3786   4.924393    36.5931     97.348     98.062    19.3785   4.924495    36.5939     0.7972 1.0000e-12     0.0386    99.0409      98.68    214.446     4.9273 2.5306e+03          1         47 0.0000e+00
   32.95110  -65.74954    19.3787   4.924445    36.5931     98.184     98.905    19.3786   4.924538    36.5939     0.8505 1.0000e-12     0.0353    99.1223      98.69    214.511     4.9288 2.5302e+03          1         59 0.0000e+00
   32.95110  -65.74954    19.3786   4.924492    36.5931     99.236     99.964    19.3786   4.924602    36.5940     0.8063 1.0000e-12     0.0325    99.1897      98.69    214.372     4.9256 2.5301e+03          1         36 0.0000e+00
   32.95112  -65.74954    19.3786   4.924545    36.5932    100.276    101.012    19.3785   4.924646    36.5940     0.6858 1.0000e-12     0.0334    99.1687      98.69    214.337     4.9248 2.5294e+03          1         39 0.0000e+00
   32.95112  -65.74954    19.3783   4.924562    36.5932    101.271    102.015    19.3783   4.924671    36.5941     0.7367 1.0000e-12     0.0351    99.1263      98.69    214.106     4.9195 2.5293e+03          1         47 0.0000e+00
   32.95112  -65.74953    19.3778   4.924540    36.5932    102.187    102.938    19.3777   4.924638    36.5940     0.6915 1.0000e-12     0.0317    99.2106      98.70    214.017     4.9174 2.5308e+03          1         53 0.0000e+00
   32.95112  -65.74952    19.3773   4.924535    36.5931    103.213    103.972    19.3773   4.924647    36.5941     0.6340 1.0000e-12     0.0298    99.2568      98.68    213.960     4.9161 2.5302e+03          1         32 0.0000e+00
   32.95112  -65.74952    19.3763   4.924483    36.5932    104.251    105.017    19.3763   4.924585    36.5940     0.5537 1.0000e-12     0.0279    99.3046      98.69    213.848     4.9136 2.5267e+03          1         28 0.0000e+00
   32.95112  -65.74952    19.3761   4.924494    36.5931    105.243    106.017    19.3760   4.924595    36.5940     0.4614 1.0000e-12     0.0241    99.3986      98.68    213.157     4.8977 2.5247e+03          1         30 0.0000e+00
   32.95113  -65.74952    19.3757   4.924499    36.5932    106.164    106.945    19.3756   4.924591    36.5940     0.4785 1.0000e-12     0.0216    99.4622      98.69    213.412     4.9035 2.5272e+03          1         25 0.0000e+00
   32.95114  -65.74952    19.3757   4.924582    36.5934    107.171    107.960    19.3756   4.924677    36.5943     0.3859 1.0000e-12     0.0226    99.4364      98.69    213.598     4.9078 2.5300e+03          1         21 0.0000e+00
   32.95114  -65.74952    19.3756   4.924625    36.5935    108.207    109.003    19.3756   4.924730    36.5944     0.3960 1.0000e-12     0.0214    99.4655      98.69    213.592     4.9077 2.5328e+03          1         19 0.0000e+00
   32.95114  -65.74952    19.3753   4.924637    36.5935    109.229    110.033    19.3753   4.924738    36.5943     0.3903 1.0000e-12     0.0184    99.5413      98.70    213.556     4.9068 2.5328e+03          1         19 0.0000e+00
   32.95114  -65.74952    19.3751   4.924645    36.5933    110.248    111.060    19.3752   4.924754    36.5942     0.3862 1.0000e-12     0.0176    99.5610      98.68    213.349     4.9021 2.5307e+03          1         25 0.0000e+00
   32.95115  -65.74952    19.3749   4.924652    36.5932    111.237    112.057    19.3749   4.924771    36.5942     0.3822 1.0000e-12     0.0201    99.4989      98.69    213.414     4.9036 2.5278e+03          1         33 0.0000e+00
   32.95116  -65.74952    19.3749   4.924720    36.5934    112.128    112.955    19.3750   4.924818    36.5942     0.4148 1.0000e-12     0.0170    99.5763      98.69    214.007     4.9172 2.5276e+03          1         37 0.0000e+00
   32.95116  -65.74952    19.3747   4.924744    36.5934    113.129    113.963    19.3747   4.924813    36.5939     0.3985 1.0000e-12     0.0163    99.5939      98.68    213.789     4.9122 2.5300e+03          1         22 0.0000e+00
   32.95116  -65.74952    19.3749   4.924815    36.5935    114.157    114.999    19.3748   4.924912    36.5943     0.3306 1.0000e-12     0.0176    99.5604      98.69    213.739     4.9111 2.5315e+03          1         17 0.0000e+00
   32.95116  -65.74952    19.3749   4.924866    36.5934    115.131    115.981    19.3748   4.924957    36.5943     0.3048 1.0000e-12     0.0150    99.6264      98.68    213.759     4.9115 2.5318e+03          1         16 0.0000e+00
   32.95116  -65.74952    19.3749   4.924920    36.5935    116.142    116.999    19.3749   4.925017    36.5943     0.3141 1.0000e-12     0.0147    99.6331      98.69    213.319     4.9014 2.5308e+03          1         18 0.0000e+00
   32.95116  -65.74952    19.3745   4.924901    36.5933    117.150    118.015    19.3746   4.925008    36.5942     0.3307 1.0000e-12     0.0148    99.6315      98.69    213.347     4.9021 2.5316e+03          1         23 0.0000e+00
   32.95116  -65.74952    19.3745   4.924932    36.5932    118.155    119.028    19.3745   4.925034    36.5940     0.3681 1.0000e-12     0.0185    99.5399      98.69    213.312     4.9012 2.5299e+03          1         38 0.0000e+00
   32.95116  -65.74952    19.3743   4.924946    36.5932    119.079    119.959    19.3743   4.925049    36.5940     0.3325 1.0000e-12     0.0135    99.6642      98.69    213.453     4.9045 2.5297e+03          1         31 0.0000e+00
   32.95116  -65.74952    19.3733   4.924861    36.5930    120.089    120.977    19.3734   4.924967    36.5938     0.2431 1.0000e-12     0.0129    99.6778      98.69    213.769     4.9118 2.5287e+03          1         24 0.0000e+00
   32.95116  -65.74950    19.3739   4.925010    36.5933    121.135    122.030    19.3739   4.925107    36.5941     0.2426 1.0000e-12     0.0116    99.7117      98.68    213.639     4.9088 2.5286e+03          1         19 0.0000e+00
   32.95116  -65.74950    19.3743   4.925111    36.5934    122.136    123.039    19.3743   4.925209    36.5943     0.2416 1.0000e-12     0.0090    99.7745      98.69    213.590     4.9076 2.5296e+03          1         18 0.0000e+00
   32.95116  -65.74950    19.3745   4.925183    36.5935    123.081    123.992    19.3745   4.925289    36.5943     0.2289 1.0000e-12     0.0101    99.7494      98.68    213.378     4.9028 2.5309e+03          1         17 0.0000e+00
   32.95116  -65.74950    19.3747   4.925249    36.5935    124.078    124.997    19.3746   4.925339    36.5943     0.2278 1.0000e-12     0.0083    99.7939      98.70    213.273     4.9004 2.5301e+03          1         21 0.0000e+00
   32.95116  -65.74950    19.3747   4.925289    36.5934    125.063    125.989    19.3747   4.925396    36.5943     0.2664 1.0000e-12     0.0094    99.7645      98.69    213.094     4.8962 2.5304e+03          1         24 0.0000e+00
   32.95117  -65.74950    19.3745   4.925326    36.5935    126.070    127.003    19.3746   4.925424    36.5943     0.2632 1.0000e-12     0.0088    99.7797      98.70    213.398     4.9032 2.5301e+03          1         27 0.0000e+00
   32.95118  -65.74950    19.3744   4.925344    36.5934    127.080    128.022    19.3743   4.925446    36.5943     0.2429 1.0000e-12     0.0082    99.7957      98.69    213.869     4.9141 2.5298e+03          1         28 0.0000e+00
   32.95118  -65.74950    19.3742   4.925367    36.5934    128.002    128.951    19.3743   4.925471    36.5942     0.2256 1.0000e-12     0.0084    99.7892      98.68    213.095     4.8963 2.5293e+03          1         26 0.0000e+00
   32.95118  -65.74950    19.3745   4.925463    36.5935    128.999    129.956    19.3746   4.925566    36.5943     0.2198 1.0000e-12     0.0078    99.8058      98.69    213.049     4.8952 2.5292e+03          1         23 0.0000e+00
   32.95118  -65.74950    19.3746   4.925522    36.5936    130.017    130.982    19.3746   4.925634    36.5945     0.2259 1.0000e-12     0.0078    99.8056      98.69    213.400     4.9033 2.5300e+03          1         20 0.0000e+00
   32.95119  -65.74949    19.3748   4.925595    36.5936    131.028    132.000    19.3748   4.925704    36.5945     0.2142 1.0000e-12     0.0083    99.7939      98.69    213.209     4.8989 2.5305e+03          1         21 0.0000e+00
   32.95120  -65.74948    19.3749   4.925645    36.5936    132.022    133.002    19.3749   4.925764    36.5946     0.1840 1.0000e-12     0.0060    99.8509      98.69    213.641     4.9088 2.5295e+03          1         22 0.0000e+00
   32.95120  -65.74948    19.3749   4.925698    36.5936    132.991    133.978    19.3749   4.925802    36.5945     0.1699 1.0000e-12     0.0044    99.8909      98.69    213.849     4.9136 2.5285e+03          1         24 0.0000e+00
   32.95120  -65.74948    19.3749   4.925743    36.5937    133.995    134.990    19.3749   4.925838    36.5945     0.1807 1.0000e-12     0.0047    99.8820      98.69    213.789     4.9122 2.5288e+03          1         28 0.0000e+00
   32.95120  -65.74948    19.3748   4.925772    36.5936    134.992    135.994    19.3747   4.925871    36.5945     0.1689 1.0000e-12     0.0045    99.8875      98.70    213.795     4.9124 2.5294e+03          1         28 0.0000e+00
   32.95120  -65.74948    19.3748   4.925823    36.5937    135.988    136.998    19.3748   4.925918    36.5944     0.1674 1.0000e-12     0.0039    99.9044      98.70    213.296     4.9009 2.5291e+03          1         27 0.0000e+00
   32.95120  -65.74948    19.3749   4.925898    36.5938    136.982    138.000    19.3749   4.925986    36.5945     0.1744 1.0000e-12     0.0049    99.8766      98.70    213.065     4.8956 2.5294e+03          1         22 0.0000e+00
   32.95120  -65.74948    19.3750   4.925945    36.5937    137.969    138.995    19.3751   4.926040    36.5945     0.1661 1.0000e-12     0.0040    99.8994      98.70    213.856     4.9137 2.5296e+03          1         20 0.0000e+00
   32.95120  -65.74948    19.3752   4.926015    36.5938    138.969    140.003    19.3752   4.926110    36.5945     0.1496 1.0000e-12     0.0034    99.9158      98.69    213.963     4.9162 2.5301e+03          1         18 0.0000e+00
