Data/ruptures/KN207-01/QL-2/20701057.cnv
* Sea-Bird SBE 9 Data File:
* FileName = C:\Data\ctd\20701057.hex
* Software Version Seasave V 7.21e
* Temperature SN = 4406
* Conductivity SN = 1474
* Number of Bytes Per Scan = 40
* Number of Voltage Words = 5
* Number of Scans Averaged by the Deck Unit = 1
* NMEA Latitude = 32 55.66 N
* NMEA Longitude = 065 54.10 W
* NMEA UTC (Time) = Apr 30 2012 10:06:35
** R/V Knorr Cruise # KN207-01 QL 2
** Chief Scientist: Ben Van Mooy
# nquan = 21
# nvalues = 396                         
# units = specified
# name 0 = latitude: Latitude [deg]
# name 1 = longitude: Longitude [deg]
# name 2 = t090C: Temperature [ITS-90, deg C]
# name 3 = c0S/m: Conductivity [S/m]
# name 4 = sal00: Salinity, Practical [PSU]
# name 5 = depSM: Depth [salt water, m]
# name 6 = prDM: Pressure, Digiquartz [db]
# name 7 = t190C: Temperature, 2 [ITS-90, deg C]
# name 8 = c1S/m: Conductivity, 2 [S/m]
# name 9 = sal11: Salinity, Practical, 2 [PSU]
# name 10 = flECO-AFL: Fluorescence, WET Labs ECO-AFL/FL [mg/m^3]
# name 11 = par: PAR/Irradiance, Biospherical/Licor
# name 12 = bat: Beam Attenuation, Chelsea/Seatech [1/m]
# name 13 = xmiss: Beam Transmission, Chelsea/Seatech [%]
# name 14 = altM: Altimeter [m]
# name 15 = sbeox0Mm/Kg: Oxygen, SBE 43 [umol/kg]
# name 16 = sbeox0ML/L: Oxygen, SBE 43 [ml/l]
# name 17 = spar: SPAR/Surface Irradiance
# name 18 = pumps: Pump Status
# name 19 = nbin: number of scans per bin
# name 20 = flag: flag
# span 0 =   32.92425,   32.92764       
# span 1 =  -65.90170,  -65.90038       
# span 2 =    18.2405,    20.4401       
# span 3 =   4.114195,   5.033441       
# span 4 =    29.2212,    36.9033       
# span 5 =      2.202,    198.446       
# span 6 =      2.218,    199.951       
# span 7 =    18.2408,    20.4398       
# span 8 =   4.801884,   5.033507       
# span 9 =    34.8604,    36.7320       
# span 10 =     0.0156,     0.8073      
# span 11 = 1.0000e-12, 1.6830e-01      
# span 12 =    -0.0074,     0.0684      
# span 13 =    98.3034,   100.1849      
# span 14 =       1.04,      98.85      
# span 15 =    127.671,    382.523      
# span 16 =     2.9330,     8.7855      
# span 17 = 5.1751e+01, 1.1395e+02      
# span 18 =          1,          1      
# span 19 =         18,       4085      
# span 20 = 0.0000e+00, 0.0000e+00      
# interval = decibars: 1                
# start_time = Apr 30 2012 10:06:35 [NMEA time, header]
# bad_flag = -9.990e-29
*END*
[from data line 69]
   32.92730  -65.90138    19.4245   4.928279    36.5953     71.501     72.021    19.4245   4.928441    36.5967     0.2771 1.0000e-12     0.0465    98.8432      98.67    215.995     4.9628 9.1862e+01          1         44 0.0000e+00
   32.92730  -65.90136    19.4233   4.928188    36.5952     72.480     73.007    19.4232   4.928319    36.5964     0.2951 1.0000e-12     0.0445    98.8937      98.67    215.824     4.9589 9.1497e+01          1         56 0.0000e+00
   32.92730  -65.90136    19.4223   4.928135    36.5952     73.416     73.950    19.4221   4.928256    36.5963     0.3001 1.0000e-12     0.0441    98.9025      98.67    216.082     4.9648 9.1308e+01          1         45 0.0000e+00
   32.92730  -65.90136    19.4198   4.927913    36.5951     74.463     75.005    19.4198   4.928048    36.5963     0.2678 1.0000e-12     0.0472    98.8284      98.67    216.701     4.9791 9.0804e+01          1         41 0.0000e+00
   32.92728  -65.90136    19.4162   4.927566    36.5950     75.460     76.009    19.4163   4.927725    36.5963     0.3026 1.0000e-12     0.0440    98.9055      98.67    216.326     4.9704 8.9956e+01          1         55 0.0000e+00
   32.92728  -65.90136    19.4118   4.927148    36.5951     76.401     76.957    19.4117   4.927294    36.5964     0.3282 1.0000e-12     0.0427    98.9380      98.67    215.649     4.9549 8.9394e+01          1         53 0.0000e+00
   32.92728  -65.90134    19.4081   4.926820    36.5952     77.416     77.980    19.4080   4.926945    36.5963     0.3006 1.0000e-12     0.0442    98.9000      98.67    216.024     4.9635 8.9226e+01          1         38 0.0000e+00
   32.92728  -65.90134    19.4047   4.926497    36.5951     78.429     79.000    19.4047   4.926646    36.5964     0.3216 1.0000e-12     0.0412    98.9744      98.68    215.830     4.9591 8.9167e+01          1         38 0.0000e+00
   32.92727  -65.90134    19.4012   4.926140    36.5949     79.419     79.998    19.4012   4.926268    36.5960     0.3650 1.0000e-12     0.0430    98.9297      98.67    215.203     4.9447 8.8999e+01          1         59 0.0000e+00
   32.92726  -65.90134    19.3988   4.925933    36.5948     80.408     80.994    19.3987   4.926058    36.5959     0.4022 1.0000e-12     0.0409    98.9830      98.67    215.562     4.9529 8.8110e+01          1         50 0.0000e+00
   32.92726  -65.90134    19.3971   4.925802    36.5948     81.428     82.022    19.3971   4.925912    36.5957     0.4171 1.0000e-12     0.0410    98.9802      98.67    215.547     4.9526 8.7496e+01          1         49 0.0000e+00
   32.92726  -65.90132    19.3961   4.925747    36.5948     82.383     82.984    19.3961   4.925862    36.5958     0.4314 1.0000e-12     0.0421    98.9522      98.67    215.251     4.9458 8.7051e+01          1         40 0.0000e+00
   32.92726  -65.90132    19.3958   4.925782    36.5950     83.407     84.016    19.3957   4.925901    36.5960     0.4722 1.0000e-12     0.0418    98.9617      98.68    215.713     4.9564 8.6995e+01          1         39 0.0000e+00
   32.92725  -65.90132    19.3960   4.925868    36.5950     84.400     85.017    19.3960   4.925977    36.5960     0.4636 1.0000e-12     0.0417    98.9617      98.67    215.625     4.9544 8.6556e+01          1         61 0.0000e+00
   32.92724  -65.90132    19.3953   4.925834    36.5950     85.320     85.943    19.3952   4.925957    36.5961     0.5008 1.0000e-12     0.0407    98.9889      98.67    215.069     4.9416 8.5901e+01          1         53 0.0000e+00
   32.92724  -65.90132    19.3927   4.925618    36.5952     86.385     87.017    19.3927   4.925750    36.5962     0.5241 1.0000e-12     0.0422    98.9517      98.68    214.708     4.9333 8.5027e+01          1         34 0.0000e+00
   32.92723  -65.90131    19.3905   4.925422    36.5951     87.424     88.063    19.3906   4.925540    36.5960     0.6639 1.0000e-12     0.0474    98.8212      98.67    214.652     4.9320 8.4921e+01          1         43 0.0000e+00
   32.92722  -65.90130    19.3892   4.925308    36.5949     88.319     88.965    19.3892   4.925426    36.5959     0.7563 1.0000e-12     0.0486    98.7911      98.68    214.196     4.9215 8.4765e+01          1         61 0.0000e+00
   32.92722  -65.90130    19.3867   4.925058    36.5947     89.312     89.965    19.3867   4.925192    36.5957     0.7130 1.0000e-12     0.0484    98.7959      98.68    214.109     4.9195 8.4575e+01          1         47 0.0000e+00
   32.92722  -65.90130    19.3864   4.925074    36.5946     90.317     90.978    19.3864   4.925203    36.5957     0.6986 1.0000e-12     0.0472    98.8263      98.68    214.199     4.9216 8.3809e+01          1         42 0.0000e+00
   32.92722  -65.90130    19.3867   4.925174    36.5947     91.347     92.015    19.3867   4.925296    36.5958     0.7652 1.0000e-12     0.0520    98.7081      98.68    213.911     4.9150 8.3331e+01          1         42 0.0000e+00
   32.92721  -65.90130    19.3870   4.925257    36.5948     92.373     93.050    19.3869   4.925363    36.5957     0.7539 1.0000e-12     0.0460    98.8571      98.68    213.354     4.9022 8.2720e+01          1         60 0.0000e+00
   32.92720  -65.90130    19.3866   4.925258    36.5948     93.262     93.945    19.3864   4.925359    36.5958     0.8073 1.0000e-12     0.0435    98.9172      98.68    214.121     4.9198 8.2410e+01          1         54 0.0000e+00
   32.92720  -65.90129    19.3861   4.925257    36.5949     94.293     94.984    19.3860   4.925378    36.5959     0.6683 1.0000e-12     0.0417    98.9623      98.67    214.018     4.9175 8.1878e+01          1         34 0.0000e+00
   32.92720  -65.90128    19.3836   4.925003    36.5946     95.323     96.022    19.3834   4.925115    36.5957     0.7323 1.0000e-12     0.0406    98.9896      98.68    213.574     4.9073 8.1323e+01          1         35 0.0000e+00
   32.92720  -65.90128    19.3822   4.924861    36.5942     96.322     97.029    19.3824   4.924997    36.5952     0.6891 1.0000e-12     0.0396    99.0145      98.68    213.413     4.9036 8.0598e+01          1         68 0.0000e+00
   32.92718  -65.90128    19.3806   4.924695    36.5939     97.281     97.994    19.3806   4.924833    36.5950     0.6447 1.0000e-12     0.0399    99.0062      98.68    213.575     4.9073 8.0351e+01          1         46 0.0000e+00
   32.92718  -65.90128    19.3811   4.924831    36.5942     98.277     98.998    19.3807   4.924909    36.5952     0.5868 1.0000e-12     0.0365    99.0910      98.68    213.659     4.9092 8.0303e+01          1         40 0.0000e+00
   32.92717  -65.90127    19.3809   4.924855    36.5942     99.293    100.022    19.3808   4.924960    36.5951     0.5584 1.0000e-12     0.0342    99.1487      98.68    213.432     4.9040 7.9639e+01          1         47 0.0000e+00
   32.92716  -65.90126    19.3795   4.924727    36.5940    100.262    100.998    19.3795   4.924852    36.5950     0.6031 1.0000e-12     0.0319    99.2067      98.68    213.177     4.8981 7.8816e+01          1         57 0.0000e+00
   32.92716  -65.90126    19.3781   4.924592    36.5937    101.234    101.977    19.3783   4.924771    36.5950     0.5514 1.0000e-12     0.0303    99.2449      98.68    213.360     4.9024 7.8551e+01          1         42 0.0000e+00
   32.92716  -65.90126    19.3767   4.924456    36.5934    102.213    102.964    19.3767   4.924595    36.5946     0.4964 1.0000e-12     0.0268    99.3323      98.68    213.516     4.9059 7.8143e+01          1         32 0.0000e+00
   32.92716  -65.90126    19.3762   4.924429    36.5933    103.212    103.970    19.3761   4.924548    36.5944     0.4946 1.0000e-12     0.0239    99.4038      98.67    212.756     4.8885 7.8073e+01          1         32 0.0000e+00
   32.92716  -65.90126    19.3757   4.924401    36.5931    104.269    105.036    19.3756   4.924533    36.5942     0.4508 1.0000e-12     0.0256    99.3628      98.68    212.791     4.8893 7.8003e+01          1         32 0.0000e+00
   32.92716  -65.90126    19.3756   4.924474    36.5933    105.248    106.021    19.3756   4.924594    36.5944     0.4873 1.0000e-12     0.0235    99.4149      98.68    212.894     4.8916 7.7436e+01          1         35 0.0000e+00
   32.92714  -65.90124    19.3763   4.924608    36.5935    106.209    106.990    19.3763   4.924668    36.5940     0.4560 1.0000e-12     0.0227    99.4350      98.68    212.904     4.8919 7.6488e+01          1         38 0.0000e+00
   32.92714  -65.90124    19.3760   4.924613    36.5934    107.186    107.975    19.3759   4.924736    36.5945     0.4140 1.0000e-12     0.0221    99.4487      98.68    213.161     4.8978 7.5969e+01          1         35 0.0000e+00
   32.92714  -65.90124    19.3748   4.924518    36.5933    108.190    108.987    19.3748   4.924626    36.5943     0.4504 1.0000e-12     0.0217    99.4581      40.31    212.737     4.8880 7.5842e+01          1         24 0.0000e+00
   32.92714  -65.90124    19.3739   4.924422    36.5930    109.197    110.001    19.3738   4.924551    36.5941     0.3793 1.0000e-12     0.0202    99.4958      59.84    212.492     4.8824 7.5842e+01          1         20 0.0000e+00
   32.92712  -65.90124    19.3736   4.924451    36.5931    110.178    110.990    19.3736   4.924559    36.5940     0.3293 1.0000e-12     0.0189    99.5291      98.68    212.341     4.8789 7.5842e+01          1         19 0.0000e+00
   32.92712  -65.90124    19.3741   4.924553    36.5931    111.203    112.023    19.3741   4.924670    36.5941     0.3102 1.0000e-12     0.0293    99.2705      98.68    212.197     4.8756 7.5842e+01          1         23 0.0000e+00
   32.92712  -65.90124    19.3750   4.924759    36.5936    112.206    113.033    19.3750   4.924859    36.5944     0.3122 8.9839e-04     0.0159    99.6039      98.69    212.991     4.8939 7.5656e+01          1         24 0.0000e+00
   32.92712  -65.90124    19.3754   4.924876    36.5938    113.169    114.003    19.3754   4.924978    36.5947     0.3536 1.5315e-03     0.0165    99.5893      98.68    212.722     4.8877 7.5346e+01          1         27 0.0000e+00
   32.92712  -65.90124    19.3752   4.924900    36.5938    114.163    115.005    19.3751   4.925010    36.5948     0.3653 2.6361e-03     0.0192    99.5215      98.69    212.547     4.8837 7.4762e+01          1         31 0.0000e+00
   32.92712  -65.90124    19.3735   4.924717    36.5935    115.107    115.956    19.3735   4.924846    36.5946     0.3649 2.4778e-02     0.0187    99.5341      98.69    212.946     4.8928 7.4272e+01          1         27 0.0000e+00
   32.92712  -65.90124    19.3744   4.924926    36.5940    116.141    116.998    19.3745   4.925040    36.5949     0.3137 3.4811e-02     0.0164    99.5910      98.69    212.430     4.8810 7.3797e+01          1         24 0.0000e+00
   32.92712  -65.90124    19.3748   4.925035    36.5942    117.146    118.011    19.3749   4.925155    36.5952     0.3025 3.6483e-02     0.0146    99.6372      98.69    212.810     4.8897 7.3930e+01          1         21 0.0000e+00
   32.92712  -65.90124    19.3746   4.925043    36.5940    118.157    119.030    19.3746   4.925176    36.5951     0.3172 3.0723e-02     0.0163    99.5932      98.69    212.801     4.8895 7.3717e+01          1         21 0.0000e+00
   32.92712  -65.90124    19.3747   4.925106    36.5942    119.117    119.997    19.3746   4.925227    36.5952     0.3219 3.0708e-02     0.0170    99.5776      98.69    212.542     4.8836 7.3611e+01          1         22 0.0000e+00
   32.92710  -65.90122    19.3748   4.925171    36.5942    120.105    120.992    19.3748   4.925287    36.5952     0.3338 3.0531e-02     0.0153    99.6178      98.69    212.519     4.8830 7.3611e+01          1         24 0.0000e+00
   32.92710  -65.90122    19.3750   4.925265    36.5944    121.098    121.993    19.3750   4.925384    36.5954     0.3417 5.6653e-02     0.0171    99.5753      98.69    212.971     4.8934 7.3254e+01          1         25 0.0000e+00
   32.92710  -65.90122    19.3750   4.925295    36.5944    122.100    123.003    19.3750   4.925426    36.5954     0.3326 1.5343e-01     0.0170    99.5757      98.69    213.097     4.8963 7.3011e+01          1         26 0.0000e+00
   32.92710  -65.90122    19.3748   4.925324    36.5944    123.112    124.023    19.3748   4.925444    36.5954     0.3002 1.4182e-01     0.0149    99.6285      98.69    213.006     4.8942 7.2682e+01          1         24 0.0000e+00
   32.92710  -65.90122    19.3749   4.925380    36.5944    124.080    124.998    19.3748   4.925491    36.5954     0.2929 1.3486e-01     0.0153    99.6178      98.69    212.726     4.8878 7.2310e+01          1         24 0.0000e+00
   32.92708  -65.90122    19.3750   4.925436    36.5944    125.074    125.999    19.3750   4.925554    36.5954     0.3167 1.2956e-01     0.0144    99.6411      98.69    212.681     4.8868 7.1649e+01          1         25 0.0000e+00
   32.92708  -65.90122    19.3750   4.925516    36.5947    126.078    127.012    19.3750   4.925606    36.5954     0.2836 1.2416e-01     0.0134    99.6652      98.69    212.884     4.8914 7.1584e+01          1         22 0.0000e+00
   32.92708  -65.90122    19.3751   4.925545    36.5945    127.033    127.974    19.3751   4.925667    36.5955     0.2533 1.2078e-01     0.0131    99.6734      95.80    213.112     4.8967 7.1381e+01          1         22 0.0000e+00
   32.92708  -65.90122    19.3752   4.925615    36.5945    128.054    129.003    19.3753   4.925735    36.5955     0.2760 1.1635e-01     0.0133    99.6676      35.52    212.837     4.8903 7.1381e+01          1         26 0.0000e+00
   32.92708  -65.90122    19.3754   4.925675    36.5945    129.069    130.026    19.3753   4.925795    36.5956     0.2759 1.1238e-01     0.0118    99.7058      98.69    212.124     4.8740 7.1381e+01          1         28 0.0000e+00
   32.92708  -65.90120    19.3751   4.925696    36.5945    130.072    131.037    19.3751   4.925815    36.5955     0.2657 1.1236e-01     0.0115    99.7140      98.70    212.295     4.8779 7.1062e+01          1         28 0.0000e+00
   32.92708  -65.90120    19.3748   4.925703    36.5946    131.012    131.983    19.3748   4.925825    36.5956     0.2794 1.1734e-01     0.0110    99.7254      98.69    212.906     4.8919 7.0993e+01          1         23 0.0000e+00
   32.92708  -65.90120    19.3744   4.925718    36.5946    131.951    132.929    19.3744   4.925755    36.5950     0.2244 1.1637e-01     0.0103    99.7425      98.69    212.976     4.8936 6.9894e+01          1         21 0.0000e+00
   32.92708  -65.90120    19.3743   4.925723    36.5944    132.992    133.979    19.3742   4.925859    36.5956     0.1921 1.1307e-01     0.0097    99.7577      98.69    212.813     4.8898 7.0324e+01          1         19 0.0000e+00
   32.92708  -65.90120    19.3740   4.925742    36.5944    134.024    135.019    19.3740   4.925867    36.5955     0.1828 1.1210e-01     0.0086    99.7865      98.69    212.668     4.8865 6.9894e+01          1         21 0.0000e+00
   32.92706  -65.90120    19.3741   4.925788    36.5944    135.019    136.022    19.3740   4.925911    36.5954     0.1657 1.1148e-01     0.0066    99.8338      98.68    212.595     4.8848 6.9538e+01          1         23 0.0000e+00
   32.92706  -65.90120    19.3737   4.925809    36.5945    135.985    136.995    19.3738   4.925914    36.5953     0.1696 1.1055e-01     0.0071    99.8235      36.99    212.176     4.8752 6.9398e+01          1         27 0.0000e+00
   32.92706  -65.90120    19.3738   4.925866    36.5945    136.981    137.999    19.3738   4.925975    36.5954     0.1473 9.1357e-02     0.0063    99.8416      62.34    212.580     4.8844 6.9233e+01          1         27 0.0000e+00
   32.92706  -65.90120    19.3740   4.925924    36.5944    137.998    139.024    19.3740   4.926051    36.5955     0.1565 1.4642e-03     0.0049    99.8766      98.69    212.965     4.8933 6.9061e+01          1         25 0.0000e+00
