Data/ruptures/KN207-01/QL-2/20701082.cnv
* Sea-Bird SBE 9 Data File:
* FileName = C:\Data\ctd\20701082.hex
* Software Version Seasave V 7.21e
* Temperature SN = 4406
* Conductivity SN = 1474
* Number of Bytes Per Scan = 40
* Number of Voltage Words = 5
* Number of Scans Averaged by the Deck Unit = 1
* NMEA Latitude = 33 14.13 N
* NMEA Longitude = 065 40.88 W
* NMEA UTC (Time) = May 03 2012 13:01:33
** R/V Knorr Cruise # KN207-01 QL 2
** Chief Scientist: Ben Van Mooy
# nquan = 21
# nvalues = 400                         
# units = specified
# name 0 = latitude: Latitude [deg]
# name 1 = longitude: Longitude [deg]
# name 2 = t090C: Temperature [ITS-90, deg C]
# name 3 = c0S/m: Conductivity [S/m]
# name 4 = sal00: Salinity, Practical [PSU]
# name 5 = depSM: Depth [salt water, m]
# name 6 = prDM: Pressure, Digiquartz [db]
# name 7 = t190C: Temperature, 2 [ITS-90, deg C]
# name 8 = c1S/m: Conductivity, 2 [S/m]
# name 9 = sal11: Salinity, Practical, 2 [PSU]
# name 10 = flECO-AFL: Fluorescence, WET Labs ECO-AFL/FL [mg/m^3]
# name 11 = par: PAR/Irradiance, Biospherical/Licor
# name 12 = bat: Beam Attenuation, Chelsea/Seatech [1/m]
# name 13 = xmiss: Beam Transmission, Chelsea/Seatech [%]
# name 14 = altM: Altimeter [m]
# name 15 = sbeox0Mm/Kg: Oxygen, SBE 43 [umol/kg]
# name 16 = sbeox0ML/L: Oxygen, SBE 43 [ml/l]
# name 17 = spar: SPAR/Surface Irradiance
# name 18 = pumps: Pump Status
# name 19 = nbin: number of scans per bin
# name 20 = flag: flag
# span 0 =   33.23559,   33.23714       
# span 1 =  -65.68327,  -65.68142       
# span 2 =    19.1023,    20.3192       
# span 3 =   4.901031,   5.022098       
# span 4 =    36.5853,    36.6213       
# span 5 =      3.224,    201.148       
# span 6 =      3.247,    202.680       
# span 7 =    19.1034,    20.3191       
# span 8 =   4.900776,   5.022182       
# span 9 =    36.5841,    36.6226       
# span 10 =     0.0347,     1.0234      
# span 11 = 1.0000e-12, 1.0000e-12      
# span 12 =    -0.0032,     0.0795      
# span 13 =    98.0311,   100.0803      
# span 14 =       1.03,      99.01      
# span 15 =    201.831,    221.902      
# span 16 =     4.6378,     5.0982      
# span 17 = 3.4352e+02, 7.8716e+02      
# span 18 =          1,          1      
# span 19 =         16,        792      
# span 20 = 0.0000e+00, 0.0000e+00      
# interval = decibars: 1                
# start_time = May 03 2012 13:01:33 [NMEA time, header]
# bad_flag = -9.990e-29
*END*
[from data line 207]
   33.23606  -65.68204    19.2442   4.916676    36.6095    193.528    194.998    19.2345   4.915400    36.6069     0.0568 1.0000e-12    -0.0019   100.0473      98.72    203.619     4.6788 3.7627e+02          1         22 0.0000e+00
   33.23606  -65.68204    19.2750   4.920288    36.6123    192.524    193.986    19.2718   4.919560    36.6085     0.0347 1.0000e-12    -0.0013   100.0324      98.72    204.047     4.6886 3.7545e+02          1         19 0.0000e+00
   33.23606  -65.68204    19.3005   4.923099    36.6134    191.514    192.968    19.3062   4.923742    36.6131     0.0545 1.0000e-12    -0.0016   100.0384      98.72    204.763     4.7050 3.7475e+02          1         29 0.0000e+00
   33.23606  -65.68204    19.3229   4.925779    36.6163    190.568    192.014    19.3188   4.925317    36.6156     0.0665 1.0000e-12    -0.0018   100.0451      98.71    205.912     4.7314 3.7405e+02          1         35 0.0000e+00
   33.23606  -65.68204    19.3193   4.925269    36.6160    189.592    191.031    19.3241   4.925826    36.6160     0.0695 1.0000e-12    -0.0018   100.0447      44.96    206.938     4.7550 3.7386e+02          1         30 0.0000e+00
   33.23607  -65.68205    19.3293   4.926477    36.6176    188.584    190.014    19.3289   4.926482    36.6178     0.0682 1.0000e-12     0.0021    99.9478      28.80    207.345     4.7643 3.7310e+02          1         23 0.0000e+00
   33.23608  -65.68206    19.3371   4.927294    36.6180    187.584    189.006    19.3408   4.927727    36.6180     0.0878 1.0000e-12    -0.0019   100.0461      98.87    207.715     4.7728 3.7252e+02          1         22 0.0000e+00
   33.23608  -65.68206    19.3474   4.928176    36.6167    186.562    187.976    19.3488   4.928409    36.6171     0.0823 1.0000e-12    -0.0020   100.0494      66.69    207.614     4.7705 3.7243e+02          1         24 0.0000e+00
   33.23608  -65.68206    19.3488   4.928045    36.6149    185.569    186.975    19.3464   4.927910    36.6157     0.0649 1.0000e-12    -0.0014   100.0334      50.56    207.353     4.7644 3.7168e+02          1         24 0.0000e+00
   33.23608  -65.68206    19.3437   4.927006    36.6114    184.584    185.982    19.3412   4.926556    36.6097     0.0689 1.0000e-12    -0.0016   100.0390      21.71    207.327     4.7638 3.7053e+02          1         28 0.0000e+00
   33.23609  -65.68207    19.3436   4.926323    36.6064    183.581    184.971    19.3429   4.926399    36.6075     0.0437 1.0000e-12    -0.0006   100.0146      98.72    208.126     4.7822 3.7015e+02          1         33 0.0000e+00
   33.23610  -65.68208    19.3450   4.926203    36.6046    182.643    184.026    19.3449   4.926220    36.6047     0.0681 1.0000e-12    -0.0003   100.0071      98.71    207.742     4.7734 3.7015e+02          1         32 0.0000e+00
   33.23610  -65.68208    19.3458   4.926098    36.6035    181.655    183.030    19.3458   4.926117    36.6035     0.1031 1.0000e-12 4.9282e-20   100.0006      98.72    207.714     4.7727 3.7019e+02          1         22 0.0000e+00
   33.23610  -65.68208    19.3485   4.926001    36.6006    180.660    182.026    19.3486   4.926039    36.6008     0.0724 1.0000e-12    -0.0005   100.0113      98.71    208.030     4.7800 3.7007e+02          1         20 0.0000e+00
   33.23610  -65.68208    19.3538   4.926121    36.5973    179.632    180.991    19.3536   4.926126    36.5975     0.0730 1.0000e-12     0.0013    99.9688      98.72    208.252     4.7850 3.6876e+02          1         19 0.0000e+00
   33.23610  -65.68208    19.3583   4.926509    36.5970    178.622    179.973    19.3586   4.926565    36.5971     0.0646 1.0000e-12     0.0007    99.9835      98.72    208.641     4.7940 3.6781e+02          1         27 0.0000e+00
   33.23610  -65.68208    19.3629   4.926919    36.5968    177.671    179.014    19.3616   4.926865    36.5975     0.0447 1.0000e-12     0.0011    99.9737      55.23    209.302     4.8091 3.6806e+02          1         37 0.0000e+00
   33.23610  -65.68208    19.3631   4.926869    36.5967    176.728    178.063    19.3644   4.927051    36.5970     0.0779 1.0000e-12     0.0008    99.9797      59.25    210.375     4.8338 3.6740e+02          1         27 0.0000e+00
   33.23610  -65.68208    19.3636   4.926872    36.5967    175.699    177.026    19.3642   4.926999    36.5972     0.0614 1.0000e-12     0.0017    99.9573      59.24    211.191     4.8526 3.6728e+02          1         20 0.0000e+00
   33.23610  -65.68209    19.3681   4.927228    36.5961    174.646    175.964    19.3680   4.927265    36.5964     0.0576 1.0000e-12     0.0012    99.9702       5.14    211.367     4.8566 3.6583e+02          1         21 0.0000e+00
   33.23610  -65.68210    19.3692   4.927324    36.5963    173.629    174.940    19.3689   4.927369    36.5970     0.0799 1.0000e-12     0.0006    99.9867       5.79    211.137     4.8513 3.6575e+02          1         28 0.0000e+00
   33.23610  -65.68210    19.3693   4.927276    36.5963    172.746    174.050    19.3693   4.927363    36.5970     0.0793 1.0000e-12     0.0010    99.9763       6.35    211.958     4.8702 3.6589e+02          1         38 0.0000e+00
   33.23610  -65.68210    19.3691   4.927179    36.5961    171.746    173.041    19.3700   4.927338    36.5967     0.0847 1.0000e-12     0.0012    99.9702      52.61    211.800     4.8665 3.6583e+02          1         23 0.0000e+00
   33.23610  -65.68210    19.3698   4.927202    36.5961    170.735    172.022    19.3703   4.927288    36.5964     0.0662 1.0000e-12     0.0013    99.9688      46.22    211.099     4.8504 3.6571e+02          1         18 0.0000e+00
   33.23611  -65.68210    19.3711   4.927233    36.5955    169.753    171.032    19.3710   4.927272    36.5960     0.0833 1.0000e-12     0.0010    99.9745      98.72    211.288     4.8548 3.6422e+02          1         18 0.0000e+00
   33.23612  -65.68210    19.3716   4.927210    36.5954    168.660    169.931    19.3713   4.927266    36.5961     0.0716 1.0000e-12     0.0027    99.9328      98.72    211.563     4.8611 3.6353e+02          1         31 0.0000e+00
   33.23612  -65.68210    19.3716   4.927166    36.5954    167.804    169.068    19.3716   4.927237    36.5960     0.1022 1.0000e-12     0.0041    99.8987      98.72    211.926     4.8694 3.6355e+02          1         45 0.0000e+00
   33.23612  -65.68210    19.3713   4.927071    36.5953    166.779    168.035    19.3711   4.927134    36.5960     0.1216 1.0000e-12     0.0021    99.9466      42.89    212.068     4.8727 3.6360e+02          1         24 0.0000e+00
   33.23612  -65.68211    19.3708   4.926970    36.5953    165.749    166.996    19.3708   4.927020    36.5957     0.1030 1.0000e-12     0.0017    99.9580      84.59    211.970     4.8704 3.6313e+02          1         19 0.0000e+00
   33.23612  -65.68212    19.3702   4.926760    36.5945    164.751    165.991    19.3701   4.926843    36.5953     0.0988 1.0000e-12     0.0022    99.9458      98.74    212.206     4.8758 3.6277e+02          1         19 0.0000e+00
   33.23612  -65.68212    19.3698   4.926647    36.5943    163.769    165.001    19.3697   4.926711    36.5949     0.1049 1.0000e-12     0.0026    99.9358      98.72    212.128     4.8741 3.6164e+02          1         24 0.0000e+00
   33.23612  -65.68212    19.3700   4.926620    36.5943    162.796    164.020    19.3700   4.926693    36.5950     0.0985 1.0000e-12     0.0031    99.9235      98.72    211.950     4.8700 3.6136e+02          1         32 0.0000e+00
   33.23612  -65.68212    19.3699   4.926563    36.5943    161.831    163.048    19.3701   4.926662    36.5950     0.0868 1.0000e-12     0.0031    99.9226      98.72    212.216     4.8761 3.6102e+02          1         33 0.0000e+00
   33.23614  -65.68214    19.3704   4.926589    36.5944    160.793    162.001    19.3703   4.926646    36.5950     0.0801 1.0000e-12     0.0022    99.9444      98.72    211.936     4.8696 3.6075e+02          1         22 0.0000e+00
   33.23614  -65.68214    19.3720   4.926738    36.5946    159.800    161.000    19.3717   4.926742    36.5950     0.1083 1.0000e-12     0.0028    99.9303      98.72    211.991     4.8709 3.6058e+02          1         20 0.0000e+00
   33.23614  -65.68214    19.3724   4.926751    36.5948    158.781    159.974    19.3729   4.926873    36.5953     0.0857 1.0000e-12     0.0039    99.9025      98.72    212.156     4.8747 3.5946e+02          1         27 0.0000e+00
   33.23614  -65.68214    19.3729   4.926755    36.5947    157.846    159.031    19.3728   4.926816    36.5953     0.0953 1.0000e-12     0.0039    99.9021      98.72    211.991     4.8709 3.5928e+02          1         45 0.0000e+00
   33.23614  -65.68214    19.3726   4.926641    36.5945    156.854    158.032    19.3724   4.926690    36.5951     0.1257 1.0000e-12     0.0042    99.8965      98.72    212.214     4.8760 3.5919e+02          1         37 0.0000e+00
   33.23614  -65.68214    19.3718   4.926489    36.5943    155.779    156.948    19.3715   4.926514    36.5948     0.1228 1.0000e-12     0.0037    99.9082      98.71    212.248     4.8768 3.5890e+02          1         39 0.0000e+00
   33.23615  -65.68214    19.3711   4.926382    36.5944    154.803    155.964    19.3712   4.926437    36.5948     0.1331 1.0000e-12     0.0046    99.8853      98.72    212.038     4.8720 3.5810e+02          1        104 0.0000e+00
   33.23616  -65.68214    19.3701   4.926212    36.5942    153.864    155.017    19.3705   4.926281    36.5945     0.1331 1.0000e-12     0.0052    99.8689      98.73    212.548     4.8837 3.5774e+02          1         48 0.0000e+00
   33.23616  -65.68216    19.3705   4.926208    36.5942    153.098    154.246    19.3702   4.926252    36.5949     0.1221 1.0000e-12     0.0048    99.8813      98.73    212.133     4.8742 3.5704e+02          1        125 0.0000e+00
   33.23618  -65.68216    19.3703   4.926079    36.5938    151.669    152.806    19.3702   4.926118    36.5943     0.1272 1.0000e-12     0.0044    99.8895      98.72    212.238     4.8766 3.5699e+02          1        131 0.0000e+00
   33.23621  -65.68220    19.3705   4.926074    36.5938    150.996    152.128    19.3707   4.926159    36.5943     0.1357 1.0000e-12     0.0047    99.8835      94.60    212.145     4.8744 3.5307e+02          1        642 0.0000e+00
   33.23622  -65.68222    19.3707   4.926024    36.5936    149.906    151.029    19.3711   4.926131    36.5942     0.0963 1.0000e-12     0.0045    99.8887      98.73    212.225     4.8763 3.4649e+02          1         30 0.0000e+00
   33.23623  -65.68222    19.3706   4.925969    36.5937    148.900    150.015    19.3707   4.926053    36.5943     0.1296 1.0000e-12     0.0045    99.8881      98.73    211.650     4.8631 3.4570e+02          1         47 0.0000e+00
   33.23624  -65.68222    19.3705   4.925919    36.5937    147.971    149.078    19.3705   4.925989    36.5943     0.1192 1.0000e-12     0.0049    99.8781       5.17    212.431     4.8810 3.4552e+02          1         38 0.0000e+00
   33.23624  -65.68222    19.3704   4.925861    36.5937    146.942    148.041    19.3705   4.925931    36.5942     0.1160 1.0000e-12     0.0035    99.9123      55.16    211.929     4.8695 3.4486e+02          1         20 0.0000e+00
   33.23624  -65.68222    19.3724   4.926072    36.5940    145.934    147.025    19.3719   4.926052    36.5943     0.1162 1.0000e-12     0.0041    99.8973      98.74    211.945     4.8699 3.4364e+02          1         18 0.0000e+00
   33.23624  -65.68222    19.3741   4.926253    36.5944    144.915    145.998    19.3736   4.926245    36.5948     0.1166 1.0000e-12     0.0051    99.8716      98.74    212.405     4.8804 3.4364e+02          1         18 0.0000e+00
   33.23624  -65.68224    19.3743   4.926258    36.5946    143.919    144.995    19.3742   4.926318    36.5952     0.1193 1.0000e-12     0.0059    99.8506      98.73    212.704     4.8873 3.4352e+02          1         20 0.0000e+00
   33.23624  -65.68224    19.3745   4.926244    36.5947    142.921    143.989    19.3743   4.926287    36.5952     0.1478 1.0000e-12     0.0067    99.8313      98.73    212.326     4.8786 3.4352e+02          1         30 0.0000e+00
   33.23624  -65.68224    19.3753   4.926287    36.5948    141.962    143.022    19.3748   4.926318    36.5954     0.1722 1.0000e-12     0.0072    99.8202      98.74    211.905     4.8689 3.4352e+02          1         30 0.0000e+00
   33.23624  -65.68224    19.3757   4.926286    36.5948    140.966    142.019    19.3749   4.926283    36.5954     0.1914 1.0000e-12     0.0067    99.8327      98.74    211.813     4.8668 3.4361e+02          1         26 0.0000e+00
   33.23624  -65.68224    19.3761   4.926313    36.5950    139.952    140.997    19.3759   4.926359    36.5956     0.1732 1.0000e-12     0.0070    99.8245      98.73    211.561     4.8610 3.4352e+02          1         24 0.0000e+00
   33.23624  -65.68224    19.3768   4.926361    36.5952    138.955    139.992    19.3769   4.926454    36.5958     0.1687 1.0000e-12     0.0066    99.8341      98.74    211.994     4.8710 3.4371e+02          1         24 0.0000e+00
   33.23624  -65.68224    19.3771   4.926367    36.5953    137.998    139.028    19.3774   4.926478    36.5960     0.1786 1.0000e-12     0.0074    99.8159      98.74    212.043     4.8721 3.4375e+02          1         19 0.0000e+00
   33.23624  -65.68224    19.3775   4.926363    36.5953    137.019    138.040    19.3775   4.926450    36.5960     0.1836 1.0000e-12     0.0082    99.7943      98.74    211.072     4.8498 3.4387e+02          1         19 0.0000e+00
   33.23624  -65.68224    19.3778   4.926355    36.5954    135.999    137.013    19.3775   4.926413    36.5961     0.1926 1.0000e-12     0.0086    99.7853      98.73    211.014     4.8484 3.4405e+02          1         21 0.0000e+00
   33.23625  -65.68224    19.3778   4.926322    36.5956    134.946    135.951    19.3776   4.926388    36.5962     0.2084 1.0000e-12     0.0092    99.7688      98.74    211.965     4.8703 3.4471e+02          1         30 0.0000e+00
   33.23626  -65.68224    19.3778   4.926268    36.5955    133.984    134.982    19.3774   4.926319    36.5962     0.2108 1.0000e-12     0.0091    99.7715      98.74    212.363     4.8795 3.4541e+02          1         33 0.0000e+00
   33.23626  -65.68224    19.3778   4.926211    36.5954    133.051    134.042    19.3776   4.926288    36.5962     0.2212 1.0000e-12     0.0098    99.7559      98.74    212.533     4.8834 3.4575e+02          1         24 0.0000e+00
   33.23626  -65.68224    19.3777   4.926167    36.5954    132.051    133.034    19.3777   4.926247    36.5961     0.2226 1.0000e-12     0.0100    99.7510      98.74    212.105     4.8735 3.4671e+02          1         21 0.0000e+00
   33.23626  -65.68224    19.3780   4.926168    36.5956    131.012    131.987    19.3780   4.926237    36.5961     0.2467 1.0000e-12     0.0101    99.7491      98.74    212.293     4.8779 3.4742e+02          1         20 0.0000e+00
   33.23626  -65.68225    19.3781   4.926144    36.5956    130.018    130.986    19.3781   4.926210    36.5962     0.2536 1.0000e-12     0.0113    99.7166      98.74    212.595     4.8848 3.4768e+02          1         22 0.0000e+00
   33.23626  -65.68226    19.3786   4.926145    36.5955    129.059    130.019    19.3786   4.926210    36.5961     0.2507 1.0000e-12     0.0128    99.6798      98.73    211.729     4.8649 3.4815e+02          1         27 0.0000e+00
   33.23626  -65.68226    19.3790   4.926140    36.5956    128.064    129.016    19.3790   4.926228    36.5963     0.2561 1.0000e-12     0.0133    99.6689      98.73    211.764     4.8657 3.4941e+02          1         25 0.0000e+00
   33.23626  -65.68226    19.3793   4.926138    36.5957    127.054    127.999    19.3791   4.926191    36.5963     0.2752 1.0000e-12     0.0149    99.6290      98.74    212.106     4.8735 3.5011e+02          1         22 0.0000e+00
