Data/ruptures/KN207-01/QL-2/20701060.cnv
* Sea-Bird SBE 9 Data File:
* FileName = C:\Data\ctd\20701060.hex
* Software Version Seasave V 7.21e
* Temperature SN = 4406
* Conductivity SN = 1474
* Number of Bytes Per Scan = 40
* Number of Voltage Words = 5
* Number of Scans Averaged by the Deck Unit = 1
* NMEA Latitude = 32 54.34 N
* NMEA Longitude = 065 52.83 W
* NMEA UTC (Time) = Apr 30 2012 16:27:24
** R/V Knorr Cruise # KN207-01 QL 2
** Chief Scientist: Ben Van Mooy
# nquan = 21
# nvalues = 398                         
# units = specified
# name 0 = latitude: Latitude [deg]
# name 1 = longitude: Longitude [deg]
# name 2 = t090C: Temperature [ITS-90, deg C]
# name 3 = c0S/m: Conductivity [S/m]
# name 4 = sal00: Salinity, Practical [PSU]
# name 5 = depSM: Depth [salt water, m]
# name 6 = prDM: Pressure, Digiquartz [db]
# name 7 = t190C: Temperature, 2 [ITS-90, deg C]
# name 8 = c1S/m: Conductivity, 2 [S/m]
# name 9 = sal11: Salinity, Practical, 2 [PSU]
# name 10 = flECO-AFL: Fluorescence, WET Labs ECO-AFL/FL [mg/m^3]
# name 11 = par: PAR/Irradiance, Biospherical/Licor
# name 12 = bat: Beam Attenuation, Chelsea/Seatech [1/m]
# name 13 = xmiss: Beam Transmission, Chelsea/Seatech [%]
# name 14 = altM: Altimeter [m]
# name 15 = sbeox0Mm/Kg: Oxygen, SBE 43 [umol/kg]
# name 16 = sbeox0ML/L: Oxygen, SBE 43 [ml/l]
# name 17 = spar: SPAR/Surface Irradiance
# name 18 = pumps: Pump Status
# name 19 = nbin: number of scans per bin
# name 20 = flag: flag
# span 0 =   32.90500,   32.90584       
# span 1 =  -65.88196,  -65.88067       
# span 2 =    18.1416,    20.4056       
# span 3 =   4.434765,   5.030000       
# span 4 =    31.7891,    36.9372       
# span 5 =      3.164,    200.135       
# span 6 =      3.186,    201.652       
# span 7 =    18.1456,    20.4051       
# span 8 =   4.791164,   5.030014       
# span 9 =    35.7283,    36.9319       
# span 10 =     0.0124,     0.7348      
# span 11 = 1.0000e-12, 1.1585e-01      
# span 12 =    -0.0091,     0.0712      
# span 13 =    98.2354,   100.2279      
# span 14 =       3.77,      98.84      
# span 15 =    134.927,    386.388      
# span 16 =     3.1002,     8.8745      
# span 17 = 1.3604e+03, 3.6782e+03      
# span 18 =          1,          1      
# span 19 =         15,       1823      
# span 20 = 0.0000e+00, 0.0000e+00      
# interval = decibars: 1                
# start_time = Apr 30 2012 16:27:24 [NMEA time, header]
# bad_flag = -9.990e-29
*END*
   32.90581  -65.88067    20.4009   4.434765    31.7891      3.773      3.800    20.4005   4.922156    35.7283     0.0985 1.0000e-12     0.0580    98.5613      49.61    297.417     6.8075 1.5737e+03          1        720 0.0000e+00
   32.90582  -65.88068    20.4030   4.917167    35.6853      4.978      5.013    20.4022   5.002521    36.3828     0.1094 1.0000e-12     0.0579    98.5616      46.23    308.473     7.0811 1.5702e+03          1         58 0.0000e+00
   32.90582  -65.88068    20.4028   4.976260    36.1672      5.999      6.041    20.4025   5.016138    36.4935     0.1098 1.0000e-12     0.0616    98.4735      47.94    326.525     7.4981 1.5722e+03          1         45 0.0000e+00
   32.90582  -65.88068    20.4038   4.979157    36.1897      6.871      6.920    20.4035   5.019746    36.5219     0.1156 1.0000e-12     0.0582    98.5559      98.65    349.166     8.0182 1.5679e+03          1         63 0.0000e+00
   32.90582  -65.88068    20.4039   5.001385    36.3709      7.951      8.008    20.4038   5.022417    36.5430     0.1032 1.0000e-12     0.0599    98.5137      98.65    365.085     8.3849 1.5702e+03          1         35 0.0000e+00
   32.90582  -65.88068    20.4037   5.009362    36.4360      8.975      9.038    20.4043   5.023987    36.5552     0.1246 1.0000e-12     0.0592    98.5322      98.66    386.388     8.8745 1.5721e+03          1         47 0.0000e+00
   32.90582  -65.88068    20.4026   5.012826    36.4649      9.930     10.000    20.4035   5.025001    36.5638     0.1188 1.0000e-12     0.0578    98.5667      98.65    297.233     6.8270 1.5666e+03          1         57 0.0000e+00
   32.90584  -65.88068    20.4056   5.014390    36.4747     10.910     10.988    20.4051   5.025602    36.5669     0.1010 1.0000e-12     0.0587    98.5442      98.65    209.674     4.8159 1.5682e+03          1         53 0.0000e+00
   32.90584  -65.88068    20.4049   5.016083    36.4889     11.885     11.970    20.4016   5.026264    36.5751     0.1143 1.0000e-12     0.0588    98.5412      98.65    200.530     4.6059 1.5695e+03          1         34 0.0000e+00
   32.90584  -65.88068    20.4001   5.014258    36.4778     12.893     12.985    20.3982   5.026597    36.5805     0.1267 1.0000e-12     0.0582    98.5563      98.66    187.057     4.2965 1.5709e+03          1         37 0.0000e+00
   32.90584  -65.88068    20.3905   5.012168    36.4688     13.979     14.078    20.3917   5.026392    36.5841     0.1206 1.0000e-12     0.0596    98.5226      98.65    170.616     3.9188 1.5679e+03          1         71 0.0000e+00
   32.90584  -65.88068    20.3830   5.020016    36.5393     14.805     14.910    20.3815   5.026140    36.5907     0.1233 1.0000e-12     0.0586    98.5467      98.66    167.947     3.8577 1.5649e+03          1         48 0.0000e+00
   32.90584  -65.88068    20.3824   5.020118    36.5402     15.880     15.993    20.3814   5.026674    36.5947     0.1121 1.0000e-12     0.0594    98.5268      98.65    166.764     3.8306 1.5712e+03          1         27 0.0000e+00
   32.90584  -65.88068    20.3837   4.992025    36.3087     16.944     17.065    20.3743   5.026417    36.5985     0.1236 1.0000e-12     0.0593    98.5285      98.66    171.930     3.9485 1.5737e+03          1         36 0.0000e+00
   32.90584  -65.88068    20.3714   4.984359    36.2565     17.780     17.907    20.3642   5.021662    36.5681     0.1438 1.0000e-12     0.0593    98.5290      98.66    182.445     4.1899 1.5670e+03          1         82 0.0000e+00
   32.90584  -65.88068    20.3436   5.016707    36.5453     18.839     18.974    20.3538   5.025761    36.6104     0.1253 1.0000e-12     0.0589    98.5394      98.66    162.250     3.7269 1.5664e+03          1         32 0.0000e+00
   32.90584  -65.88068    20.3270   5.010523    36.5089     19.873     20.015    20.3460   5.026464    36.6226     0.1267 1.0000e-12     0.0603    98.5033      98.66    163.102     3.7464 1.5722e+03          1         32 0.0000e+00
   32.90584  -65.88068    20.3437   4.980741    36.2495     20.918     21.067    20.3174   5.026380    36.6468     0.1407 1.0000e-12     0.0603    98.5052      98.66    178.655     4.1028 1.5675e+03          1         77 0.0000e+00
   32.90584  -65.88068    20.3103   4.998165    36.4213     21.788     21.943    20.2962   5.026691    36.6675     0.1243 1.0000e-12     0.0613    98.4798      98.66    159.747     3.6691 1.5660e+03          1         41 0.0000e+00
   32.90584  -65.88068    20.2448   5.009107    36.5686     22.834     22.997    20.2422   5.024529    36.6974     0.1473 1.0000e-12     0.0652    98.3828      98.66    156.200     3.5881 1.5678e+03          1         32 0.0000e+00
   32.90584  -65.88068    20.2284   4.996653    36.4801     23.866     24.037    20.1870   5.020374    36.7116     0.1599 1.0000e-12     0.0616    98.4725      98.66    169.112     3.8844 1.5693e+03          1         46 0.0000e+00
   32.90584  -65.88068    20.2501   4.984636    36.3613     24.793     24.971    20.1615   5.017616    36.7106     0.1527 1.0000e-12     0.0623    98.4535      98.66    166.623     3.8269 1.5683e+03          1         62 0.0000e+00
   32.90584  -65.88068    20.1974   5.003084    36.5588     25.798     25.983    20.1482   5.014873    36.6989     0.1590 1.0000e-12     0.0608    98.4920      98.66    164.051     3.7685 1.5688e+03          1         42 0.0000e+00
   32.90584  -65.88068    20.1623   4.998473    36.5513     26.835     27.027    20.1432   5.012211    36.6804     0.1651 1.0000e-12     0.0610    98.4859      98.65    163.022     3.7448 1.5698e+03          1         50 0.0000e+00
   32.90584  -65.88069    20.1690   4.997730    36.5383     27.732     27.930    20.1395   5.011375    36.6761     0.1652 1.0000e-12     0.0618    98.4673      98.66    158.051     3.6306 1.5634e+03          1         56 0.0000e+00
   32.90584  -65.88070    20.1429   5.006249    36.6308     28.784     28.991    20.1360   5.009763    36.6651     0.1637 1.0000e-12     0.0611    98.4847      98.66    153.707     3.5311 1.5673e+03          1         28 0.0000e+00
   32.90584  -65.88070    20.1365   5.001209    36.5943     29.868     30.082    20.1325   5.009043    36.6617     0.1788 1.0000e-12     0.0666    98.3489      98.66    156.467     3.5944 1.5749e+03          1         42 0.0000e+00
   32.90584  -65.88070    20.1314   5.006787    36.6440     30.652     30.871    20.1306   5.009526    36.6668     0.1866 1.0000e-12     0.0624    98.4532      98.66    168.158     3.8631 1.5668e+03          1         81 0.0000e+00
   32.90584  -65.88070    20.1288   5.006440    36.6428     31.733     31.961    20.1286   5.007933    36.6549     0.1718 1.0000e-12     0.0624    98.4518      98.66    159.480     3.6638 1.5642e+03          1         30 0.0000e+00
   32.90584  -65.88070    20.1267   5.005127    36.6333     32.788     33.023    20.1263   5.007071    36.6494     0.1856 1.0000e-12     0.0608    98.4930      98.66    158.554     3.6425 1.5693e+03          1         28 0.0000e+00
   32.90584  -65.88068    20.1251   5.006486    36.6452     33.926     34.169    20.1249   5.007174    36.6509     0.1761 1.0000e-12     0.0613    98.4789      98.66    159.305     3.6598 1.5713e+03          1         87 0.0000e+00
   32.90584  -65.88069    20.1249   5.006251    36.6430     34.704     34.954    20.1241   5.007293    36.6522     0.2006 1.0000e-12     0.0608    98.4933      98.66    155.511     3.5726 1.5630e+03          1         42 0.0000e+00
   32.90584  -65.88070    20.1209   5.005363    36.6388     35.721     35.977    20.1204   5.006620    36.6495     0.2037 1.0000e-12     0.0614    98.4762      98.66    150.959     3.4680 1.5625e+03          1         34 0.0000e+00
   32.90584  -65.88070    20.1113   5.004922    36.6433     36.732     36.996    20.1110   5.005863    36.6512     0.1871 1.0000e-12     0.0618    98.4675      98.66    147.998     3.4000 1.5680e+03          1         35 0.0000e+00
   32.90584  -65.88070    20.1007   5.005057    36.6534     37.773     38.044    20.0960   5.006074    36.6658     0.2029 1.0000e-12     0.0647    98.3946      98.66    150.341     3.4539 1.5737e+03          1         55 0.0000e+00
   32.90584  -65.88070    20.0805   5.004799    36.6687     38.663     38.941    20.0784   5.005673    36.6777     0.2193 1.0000e-12     0.0647    98.3966      98.66    150.241     3.4516 1.5661e+03          1         65 0.0000e+00
   32.90584  -65.88070    20.0630   5.004071    36.6777     39.722     40.008    20.0628   5.005085    36.6862     0.2176 1.0000e-12     0.0651    98.3843      98.66    145.671     3.3467 1.5604e+03          1         36 0.0000e+00
   32.90584  -65.88070    20.0502   5.003369    36.6829     40.705     40.998    20.0505   5.004444    36.6914     0.2171 1.0000e-12     0.0646    98.3976      98.67    141.970     3.2617 1.5685e+03          1         34 0.0000e+00
   32.90584  -65.88070    20.0270   5.003016    36.7000     41.746     42.047    20.0278   5.003868    36.7063     0.2407 1.0000e-12     0.0641    98.4094      91.73    139.148     3.1969 1.5737e+03          1         63 0.0000e+00
   32.90584  -65.88070    20.0080   5.002533    36.7123     42.622     42.929    20.0073   5.003144    36.7180     0.2323 1.0000e-12     0.0642    98.4066      70.59    135.547     3.1142 1.5641e+03          1         51 0.0000e+00
   32.90584  -65.88070    19.9252   5.000600    36.7700     43.675     43.989    19.9485   5.003057    36.7693     0.2399 1.0000e-12     0.0663    98.3562      97.36    134.927     3.1002 1.5642e+03          1         33 0.0000e+00
   32.90584  -65.88070    19.8201   4.999950    36.8583     44.723     45.045    19.8307   5.001947    36.8654     0.2605 1.0000e-12     0.0712    98.2354      98.66    136.821     3.1440 1.5706e+03          1         41 0.0000e+00
   32.90584  -65.88070    19.7621   4.999496    36.9051     45.636     45.964    19.7499   4.999966    36.9202     0.2665 1.0000e-12     0.0653    98.3805      98.66    140.176     3.2212 1.5703e+03          1         69 0.0000e+00
   32.90584  -65.88070    19.7257   4.997746    36.9218     46.604     46.940    19.7235   4.998729    36.9319     0.2973 1.0000e-12     0.0626    98.4474      98.66    148.608     3.4151 1.5632e+03          1         42 0.0000e+00
   32.90584  -65.88070    19.7003   4.994938    36.9202     47.645     47.989    19.6993   4.995463    36.9255     0.2704 1.0000e-12     0.0651    98.3852      98.66    149.537     3.4364 1.5643e+03          1         35 0.0000e+00
   32.90584  -65.88070    19.6875   4.993076    36.9151     48.672     49.023    19.6810   4.986181    36.8637     0.2666 1.0000e-12     0.0673    98.3313      98.66    149.619     3.4383 1.5702e+03          1         45 0.0000e+00
   32.90584  -65.88070    19.6670   4.991364    36.9182     49.630     49.988    19.6560   4.967144    36.7267     0.2786 1.0000e-12     0.0669    98.3408      98.66    146.216     3.3601 1.5682e+03          1         60 0.0000e+00
   32.90584  -65.88070    19.6416   4.987470    36.9076     50.606     50.972    19.6281   4.957527    36.6706     0.2668 3.8769e-05     0.0663    98.3553      90.00    144.118     3.3119 1.5660e+03          1         45 0.0000e+00
   32.90584  -65.88070    19.6073   4.984613    36.9140     51.616     51.989    19.5802   4.951242    36.6604     0.2859 5.6059e-03     0.0645    98.4007      86.29    142.465     3.2740 1.5659e+03          1         37 0.0000e+00
   32.90584  -65.88070    19.5599   4.982359    36.9372     52.644     53.024    19.5350   4.943567    36.6360     0.2924 5.7542e-03     0.0701    98.2622      68.11    139.646     3.2093 1.5645e+03          1         52 0.0000e+00
   32.90584  -65.88070    19.5221   4.969060    36.8592     53.556     53.943    19.5094   4.938471    36.6152     0.3036 6.1374e-03     0.0701    98.2617      68.66    137.147     3.1517 1.5661e+03          1         54 0.0000e+00
   32.90584  -65.88070    19.5001   4.949354    36.7135     54.598     54.992    19.4972   4.936091    36.6052     0.3039 6.1664e-03     0.0590    98.5360      98.67    149.659     3.4389 1.5685e+03          1         43 0.0000e+00
   32.90584  -65.88070    19.4836   4.941616    36.6629     55.602     56.005    19.4813   4.934155    36.6024     0.3087 5.7099e-02     0.0583    98.5534      98.67    190.065     4.3672 1.5668e+03          1         44 0.0000e+00
   32.90584  -65.88070    19.4714   4.937436    36.6380     56.617     57.026    19.4711   4.933017    36.6012     0.2945 7.6912e-02     0.0556    98.6203      98.67    207.994     4.7791 1.5659e+03          1         43 0.0000e+00
   32.90584  -65.88070    19.4660   4.934952    36.6213     57.578     57.994    19.4657   4.932466    36.6006     0.3022 9.8029e-02     0.0548    98.6383      98.67    208.393     4.7882 1.5645e+03          1         48 0.0000e+00
   32.90584  -65.88070    19.4596   4.933112    36.6109     58.557     58.981    19.4595   4.931875    36.6005     0.3251 9.8693e-02     0.0503    98.7489      98.66    208.974     4.8015 1.5644e+03          1         47 0.0000e+00
   32.90584  -65.88070    19.4495   4.931257    36.6037     59.599     60.031    19.4495   4.930817    36.5999     0.3241 9.7922e-02     0.0504    98.7490      98.66    211.793     4.8663 1.5658e+03          1         65 0.0000e+00
   32.90584  -65.88072    19.4452   4.930341    36.5992     60.512     60.950    19.4451   4.930324    36.5990     0.3358 9.7742e-02     0.0511    98.7317      98.67    215.464     4.9506 1.5636e+03          1         39 0.0000e+00
   32.90584  -65.88072    19.4418   4.929970    36.5985     61.537     61.983    19.4418   4.930004    36.5987     0.3246 9.8755e-02     0.0501    98.7552      98.67    216.010     4.9632 1.5612e+03          1         34 0.0000e+00
   32.90584  -65.88072    19.4347   4.929273    36.5985     62.588     63.041    19.4347   4.929297    36.5987     0.3311 9.9003e-02     0.0475    98.8187      98.67    215.598     4.9537 1.5629e+03          1         39 0.0000e+00
   32.90584  -65.88072    19.4314   4.928820    36.5971     63.513     63.973    19.4314   4.928830    36.5972     0.3312 9.8186e-02     0.0497    98.7656      98.67    214.386     4.9259 1.5694e+03          1         64 0.0000e+00
   32.90584  -65.88072    19.4271   4.928355    36.5966     64.504     64.972    19.4271   4.928351    36.5965     0.3176 9.8112e-02     0.0538    98.6640      88.59    213.674     4.9095 1.5612e+03          1         48 0.0000e+00
   32.90584  -65.88072    19.4249   4.928213    36.5968     65.536     66.011    19.4250   4.928187    36.5965     0.3437 9.7826e-02     0.0511    98.7301      94.85    213.508     4.9057 1.5566e+03          1         50 0.0000e+00
   32.90584  -65.88072    19.4220   4.927949    36.5967     66.475     66.957    19.4221   4.927936    36.5965     0.3377 9.9267e-02     0.0468    98.8355      98.67    212.737     4.8880 1.5666e+03          1         36 0.0000e+00
   32.90584  -65.88072    19.4199   4.927731    36.5963     67.523     68.013    19.4200   4.927765    36.5965     0.3293 1.0095e-01     0.0448    98.8854      98.65    213.569     4.9071 1.5745e+03          1         30 0.0000e+00
   32.90584  -65.88072    19.4206   4.927813    36.5958     68.540     69.038    19.4201   4.927803    36.5962     0.3751 1.0047e-01     0.0491    98.7810      98.67    214.291     4.9237 1.5623e+03          1         84 0.0000e+00
   32.90584  -65.88072    19.4182   4.927579    36.5957     69.430     69.935    19.4184   4.927697    36.5965     0.3790 9.9754e-02     0.0505    98.7454      98.67    213.937     4.9156 1.5627e+03          1         31 0.0000e+00
   32.90584  -65.88072    19.4156   4.927362    36.5957     70.512     71.025    19.4157   4.927465    36.5965     0.3455 1.0315e-01     0.0644    98.4029      98.67    213.721     4.9106 1.5685e+03          1         31 0.0000e+00
