Data/ruptures/KN207-01/QL-2/20701058.cnv
* Sea-Bird SBE 9 Data File:
* FileName = C:\Data\ctd\20701058.hex
* Software Version Seasave V 7.21e
* Temperature SN = 4406
* Conductivity SN = 1474
* Number of Bytes Per Scan = 40
* Number of Voltage Words = 5
* Number of Scans Averaged by the Deck Unit = 1
* NMEA Latitude = 32 55.71 N
* NMEA Longitude = 065 53.74 W
* NMEA UTC (Time) = Apr 30 2012 12:07:11
** R/V Knorr Cruise # KN207-01 QL 2
** Chief Scientist: Ben Van Mooy
# nquan = 21
# nvalues = 398                         
# units = specified
# name 0 = latitude: Latitude [deg]
# name 1 = longitude: Longitude [deg]
# name 2 = t090C: Temperature [ITS-90, deg C]
# name 3 = c0S/m: Conductivity [S/m]
# name 4 = sal00: Salinity, Practical [PSU]
# name 5 = depSM: Depth [salt water, m]
# name 6 = prDM: Pressure, Digiquartz [db]
# name 7 = t190C: Temperature, 2 [ITS-90, deg C]
# name 8 = c1S/m: Conductivity, 2 [S/m]
# name 9 = sal11: Salinity, Practical, 2 [PSU]
# name 10 = flECO-AFL: Fluorescence, WET Labs ECO-AFL/FL [mg/m^3]
# name 11 = par: PAR/Irradiance, Biospherical/Licor
# name 12 = bat: Beam Attenuation, Chelsea/Seatech [1/m]
# name 13 = xmiss: Beam Transmission, Chelsea/Seatech [%]
# name 14 = altM: Altimeter [m]
# name 15 = sbeox0Mm/Kg: Oxygen, SBE 43 [umol/kg]
# name 16 = sbeox0ML/L: Oxygen, SBE 43 [ml/l]
# name 17 = spar: SPAR/Surface Irradiance
# name 18 = pumps: Pump Status
# name 19 = nbin: number of scans per bin
# name 20 = flag: flag
# span 0 =   32.92766,   32.92865       
# span 1 =  -65.89612,  -65.89566       
# span 2 =    18.0213,    20.4403       
# span 3 =   4.575063,   5.031519       
# span 4 =    32.9146,    36.9779       
# span 5 =      3.426,    200.187       
# span 6 =      3.450,    201.706       
# span 7 =    18.0218,    20.4355       
# span 8 =   4.777993,   5.031600       
# span 9 =    34.8624,    36.9667       
# span 10 =     0.0031,     0.9289      
# span 11 = 1.0000e-12, 5.3208e-02      
# span 12 =    -0.0089,     0.0774      
# span 13 =    98.0848,   100.2231      
# span 14 =       0.96,      98.86      
# span 15 =    136.557,    380.996      
# span 16 =     3.1384,     8.7506      
# span 17 = 3.0399e+02, 1.9171e+03      
# span 18 =          1,          1      
# span 19 =         18,       1041      
# span 20 = 0.0000e+00, 0.0000e+00      
# interval = decibars: 1                
# start_time = Apr 30 2012 12:07:11 [NMEA time, header]
# bad_flag = -9.990e-29
*END*
[from data line 276]
   32.92768  -65.89584    19.3753   4.925337    36.5940    123.072    123.982    19.3752   4.925417    36.5948     0.3575 1.0000e-12     0.0150    99.6267      98.72    211.766     4.8657 7.8091e+02          1         25 0.0000e+00
   32.92768  -65.89584    19.3751   4.925255    36.5939    122.077    122.979    19.3751   4.925352    36.5948     0.2806 1.0000e-12     0.0161    99.5991      98.72    212.012     4.8714 7.8092e+02          1         23 0.0000e+00
   32.92768  -65.89584    19.3749   4.925194    36.5939    121.113    122.008    19.3749   4.925280    36.5947     0.2875 1.0000e-12     0.0146    99.6348      98.72    212.386     4.8800 7.8073e+02          1         21 0.0000e+00
   32.92768  -65.89584    19.3749   4.925134    36.5938    120.136    121.024    19.3749   4.925219    36.5945     0.2938 1.0000e-12     0.0140    99.6519      98.72    212.654     4.8861 7.8062e+02          1         21 0.0000e+00
   32.92768  -65.89584    19.3750   4.925117    36.5940    119.134    120.014    19.3748   4.925176    36.5946     0.2992 1.0000e-12     0.0158    99.6056      98.73    212.788     4.8892 7.8073e+02          1         22 0.0000e+00
   32.92768  -65.89584    19.3752   4.925096    36.5939    118.104    118.976    19.3751   4.925157    36.5946     0.2920 1.0000e-12     0.0224    99.4436      98.72    212.868     4.8910 7.8381e+02          1         29 0.0000e+00
   32.92768  -65.89584    19.3752   4.925044    36.5939    117.135    118.000    19.3752   4.925108    36.5945     0.3737 1.0000e-12     0.0170    99.5760      98.72    212.608     4.8851 7.8950e+02          1         30 0.0000e+00
   32.92768  -65.89584    19.3753   4.924998    36.5939    116.167    117.024    19.3752   4.925069    36.5945     0.3513 1.0000e-12     0.0178    99.5560      98.72    212.406     4.8804 7.9403e+02          1         27 0.0000e+00
   32.92768  -65.89584    19.3754   4.924953    36.5937    115.171    116.020    19.3752   4.925018    36.5944     0.3754 1.0000e-12     0.0173    99.5699      98.72    212.521     4.8831 7.9422e+02          1         21 0.0000e+00
   32.92768  -65.89584    19.3754   4.924901    36.5936    114.164    115.005    19.3753   4.924981    36.5944     0.3610 1.0000e-12     0.0181    99.5473      98.72    212.491     4.8824 7.9366e+02          1         20 0.0000e+00
   32.92768  -65.89584    19.3753   4.924850    36.5937    113.175    114.009    19.3753   4.924930    36.5943     0.3552 1.0000e-12     0.0192    99.5217      98.73    212.429     4.8810 7.9238e+02          1         18 0.0000e+00
   32.92768  -65.89584    19.3752   4.924794    36.5937    112.169    112.995    19.3752   4.924876    36.5945     0.3545 1.0000e-12     0.0205    99.4899      98.72    212.192     4.8755 7.9249e+02          1         22 0.0000e+00
   32.92768  -65.89584    19.3752   4.924749    36.5937    111.150    111.969    19.3752   4.924828    36.5944     0.3946 1.0000e-12     0.0199    99.5035      98.72    212.421     4.8808 7.9368e+02          1         26 0.0000e+00
   32.92768  -65.89584    19.3753   4.924717    36.5937    110.198    111.010    19.3752   4.924778    36.5944     0.4232 1.0000e-12     0.0179    99.5548      98.73    212.680     4.8867 7.9440e+02          1         31 0.0000e+00
   32.92768  -65.89584    19.3756   4.924693    36.5936    109.206    110.010    19.3753   4.924742    36.5943     0.4148 1.0000e-12     0.0190    99.5265      98.72    212.271     4.8773 7.9566e+02          1         23 0.0000e+00
   32.92768  -65.89584    19.3760   4.924699    36.5937    108.226    109.023    19.3755   4.924730    36.5944     0.4024 1.0000e-12     0.0214    99.4663      98.72    212.276     4.8774 7.9679e+02          1         20 0.0000e+00
   32.92768  -65.89584    19.3763   4.924686    36.5937    107.190    107.978    19.3760   4.924724    36.5943     0.4163 1.0000e-12     0.0245    99.3892      98.72    212.536     4.8834 7.9957e+02          1         20 0.0000e+00
   32.92768  -65.89586    19.3764   4.924677    36.5939    106.195    106.976    19.3762   4.924736    36.5946     0.4363 1.0000e-12     0.0253    99.3692      98.73    212.858     4.8908 8.0249e+02          1         29 0.0000e+00
   32.92768  -65.89586    19.3763   4.924621    36.5939    105.236    106.010    19.3762   4.924695    36.5946     0.4903 1.0000e-12     0.0262    99.3479      98.71    212.252     4.8769 8.0224e+02          1         34 0.0000e+00
   32.92768  -65.89586    19.3767   4.924599    36.5938    104.224    104.990    19.3765   4.924672    36.5945     0.5874 1.0000e-12     0.0262    99.3476      98.73    212.694     4.8871 8.0032e+02          1         23 0.0000e+00
   32.92768  -65.89586    19.3773   4.924612    36.5937    103.208    103.966    19.3770   4.924665    36.5944     0.5029 1.0000e-12     0.0282    99.2977      98.72    213.053     4.8953 8.0068e+02          1         19 0.0000e+00
   32.92768  -65.89586    19.3773   4.924575    36.5938    102.233    102.984    19.3771   4.924642    36.5945     0.5021 1.0000e-12     0.0320    99.2029      98.73    212.637     4.8857 8.0348e+02          1         20 0.0000e+00
   32.92768  -65.89586    19.3773   4.924537    36.5938    101.211    101.954    19.3772   4.924603    36.5945     0.4924 1.0000e-12     0.0323    99.1961      98.72    212.750     4.8883 8.0732e+02          1         27 0.0000e+00
   32.92768  -65.89586    19.3772   4.924475    36.5938    100.264    101.000    19.3771   4.924551    36.5944     0.5614 1.0000e-12     0.0360    99.1038      98.73    213.079     4.8959 8.0955e+02          1         27 0.0000e+00
   32.92768  -65.89586    19.3774   4.924424    36.5936     99.245     99.973    19.3771   4.924494    36.5944     0.5886 1.0000e-12     0.0374    99.0695      98.72    212.369     4.8796 8.0948e+02          1         28 0.0000e+00
   32.92768  -65.89586    19.3777   4.924415    36.5936     98.234     98.955    19.3774   4.924468    36.5943     0.5917 1.0000e-12     0.0395    99.0172      98.73    212.694     4.8870 8.0845e+02          1         28 0.0000e+00
   32.92768  -65.89586    19.3780   4.924398    36.5935     97.206     97.919    19.3778   4.924464    36.5943     0.6689 1.7427e-03     0.0435    98.9182      98.73    213.142     4.8973 8.1024e+02          1         39 0.0000e+00
   32.92768  -65.89586    19.3795   4.924522    36.5937     96.244     96.949    19.3792   4.924562    36.5943     0.8085 1.3995e-03     0.0435    98.9173      98.73    213.293     4.9008 8.1637e+02          1         96 0.0000e+00
   32.92766  -65.89586    19.3808   4.924629    36.5938     95.331     96.030    19.3806   4.924693    36.5945     0.8514 1.0000e-12     0.0436    98.9166      98.73    213.594     4.9077 8.1953e+02          1         58 0.0000e+00
   32.92766  -65.89586    19.3811   4.924609    36.5938     94.152     94.842    19.3810   4.924671    36.5944     0.8383 1.0000e-12     0.0486    98.7910      98.73    213.990     4.9168 8.2665e+02          1        146 0.0000e+00
   32.92766  -65.89587    19.3814   4.924592    36.5937     93.269     93.952    19.3813   4.924669    36.5944     0.8165 1.0000e-12     0.0485    98.7943      98.72    214.015     4.9174 8.3847e+02          1         70 0.0000e+00
   32.92766  -65.89588    19.3816   4.924579    36.5938     92.402     93.079    19.3815   4.924645    36.5944     0.9289 1.0000e-12     0.0542    98.6549      98.73    213.949     4.9159 8.3977e+02          1         85 0.0000e+00
   32.92766  -65.89590    19.3819   4.924573    36.5937     91.639     92.310    19.3819   4.924654    36.5945     0.8582 1.0000e-12     0.0540    98.6604      97.24    214.073     4.9187 9.2203e+02          1        647 0.0000e+00
   32.92766  -65.89592    19.3822   4.924528    36.5936     90.310     90.971    19.3821   4.924608    36.5943     0.8772 1.0000e-12     0.0547    98.6412      98.74    214.340     4.9249 1.0588e+03          1         43 0.0000e+00
   32.92766  -65.89592    19.3823   4.924493    36.5936     89.352     90.005    19.3821   4.924566    36.5943     0.9077 1.0000e-12     0.0773    98.0905      98.74    214.140     4.9203 1.0800e+03          1         67 0.0000e+00
   32.92766  -65.89592    19.3825   4.924453    36.5935     88.392     89.038    19.3824   4.924519    36.5941     0.8805 1.0000e-12     0.0649    98.3933      98.75    213.672     4.9095 1.1286e+03          1         44 0.0000e+00
   32.92766  -65.89593    19.3841   4.924567    36.5934     87.354     87.992    19.3837   4.924596    36.5940     0.9077 1.0000e-12     0.0563    98.6027      98.75    213.879     4.9143 1.2676e+03          1         41 0.0000e+00
   32.92766  -65.89594    19.3869   4.924842    36.5935     86.337     86.968    19.3861   4.924813    36.5940     0.7426 1.0000e-12     0.0557    98.6163      98.74    214.495     4.9284 1.6222e+03          1         45 0.0000e+00
   32.92766  -65.89594    19.3877   4.924897    36.5937     85.413     86.037    19.3872   4.924932    36.5943     0.6529 1.0000e-12     0.0543    98.6509      98.74    215.271     4.9462 1.9171e+03          1         62 0.0000e+00
   32.92766  -65.89594    19.3878   4.924875    36.5938     84.411     85.028    19.3884   4.924982    36.5941     0.5697 1.0000e-12     0.0507    98.7414      98.74    215.513     4.9518 1.8217e+03          1         35 0.0000e+00
   32.92766  -65.89594    19.3899   4.925071    36.5939     83.342     83.950    19.3895   4.925097    36.5945     0.5230 1.0000e-12     0.0538    98.6647      98.74    215.647     4.9549 1.6579e+03          1         42 0.0000e+00
   32.92767  -65.89594    19.3905   4.925099    36.5940     82.419     83.020    19.3905   4.925165    36.5945     0.4847 1.0000e-12     0.0507    98.7398      98.75    215.703     4.9562 1.4925e+03          1         58 0.0000e+00
   32.92768  -65.89594    19.3927   4.925271    36.5939     81.384     81.978    19.3926   4.925326    36.5944     0.4497 1.0000e-12     0.0512    98.7289      98.75    216.138     4.9662 1.4006e+03          1         52 0.0000e+00
   32.92768  -65.89594    19.3954   4.925499    36.5937     80.477     81.064    19.3962   4.925683    36.5945     0.4469 1.0000e-12     0.0512    98.7293      98.75    215.947     4.9618 1.3431e+03          1         44 0.0000e+00
   32.92766  -65.89596    19.3982   4.925782    36.5940     79.379     79.957    19.3978   4.925799    36.5945     0.3935 1.0000e-12     0.0774    98.0848      87.93    215.953     4.9619 1.2559e+03          1         38 0.0000e+00
   32.92766  -65.89596    19.4004   4.925963    36.5940     78.474     79.046    19.3997   4.925966    36.5946     0.4045 1.0000e-12     0.0508    98.7371      91.09    216.613     4.9771 1.1853e+03          1         65 0.0000e+00
   32.92766  -65.89596    19.4009   4.925950    36.5938     77.438     78.002    19.4009   4.926023    36.5944     0.3809 1.0000e-12     0.0531    98.6810      98.75    216.780     4.9809 1.1385e+03          1         33 0.0000e+00
   32.92766  -65.89596    19.4048   4.926283    36.5935     76.363     76.919    19.4033   4.926220    36.5943     0.3736 1.0000e-12     0.0536    98.6693      98.75    216.738     4.9799 1.1187e+03          1         51 0.0000e+00
   32.92766  -65.89596    19.4077   4.926563    36.5937     75.526     76.076    19.4067   4.926522    36.5942     0.3969 1.0000e-12     0.0534    98.6735      98.74    217.164     4.9897 1.1086e+03          1         54 0.0000e+00
   32.92768  -65.89596    19.4084   4.926581    36.5936     74.465     75.006    19.4095   4.926753    36.5941     0.3582 1.0000e-12     0.0522    98.7043      98.75    216.982     4.9855 1.1102e+03          1         41 0.0000e+00
   32.92768  -65.89596    19.4140   4.927132    36.5936     73.509     74.044    19.4135   4.927156    36.5942     0.3442 1.0000e-12     0.0540    98.6605      98.75    217.843     5.0053 1.1188e+03          1         58 0.0000e+00
   32.92768  -65.89596    19.4152   4.927203    36.5936     72.486     73.013    19.4154   4.927289    36.5940     0.3349 1.0000e-12     0.0525    98.6952      98.75    217.686     5.0017 1.1234e+03          1         35 0.0000e+00
   32.92768  -65.89596    19.4183   4.927498    36.5937     71.436     71.955    19.4176   4.927495    36.5942     0.3155 1.0000e-12     0.0558    98.6145      98.67    217.800     5.0043 1.1195e+03          1         53 0.0000e+00
   32.92768  -65.89596    19.4194   4.927580    36.5937     70.581     71.094    19.4192   4.927613    36.5942     0.3270 1.0000e-12     0.0551    98.6309      98.75    218.251     5.0147 1.0975e+03          1         51 0.0000e+00
   32.92768  -65.89598    19.4210   4.927681    36.5936     69.499     70.004    19.4213   4.927772    36.5941     0.3106 1.0000e-12     0.0631    98.4361      66.62    217.744     5.0030 1.0761e+03          1         37 0.0000e+00
   32.92768  -65.89598    19.4255   4.928109    36.5936     68.438     68.935    19.4246   4.928082    36.5941     0.2988 1.0000e-12     0.0582    98.5563      98.83    217.905     5.0067 1.0628e+03          1         50 0.0000e+00
   32.92768  -65.89598    19.4285   4.928404    36.5937     67.573     68.064    19.4284   4.928437    36.5941     0.3040 1.0000e-12     0.0550    98.6346      98.75    218.578     5.0222 1.0562e+03          1         70 0.0000e+00
   32.92768  -65.89598    19.4286   4.928350    36.5937     66.566     67.049    19.4286   4.928420    36.5942     0.2808 1.0000e-12     0.0589    98.5389      98.75    218.824     5.0278 1.0487e+03          1         34 0.0000e+00
   32.92768  -65.89598    19.4319   4.928632    36.5935     65.532     66.008    19.4306   4.928562    36.5940     0.2658 1.0000e-12     0.0572    98.5798      75.09    218.405     5.0182 1.0408e+03          1         35 0.0000e+00
   32.92768  -65.89598    19.4337   4.928799    36.5937     64.492     64.960    19.4341   4.928897    36.5941     0.2835 1.0000e-12     0.0585    98.5484      57.10    218.704     5.0250 1.0407e+03          1         55 0.0000e+00
   32.92768  -65.89598    19.4381   4.929238    36.5938     63.590     64.051    19.4367   4.929140    36.5942     0.2722 1.0000e-12     0.0554    98.6253      98.75    219.220     5.0369 1.0396e+03          1         60 0.0000e+00
   32.92768  -65.89598    19.4414   4.929515    36.5935     62.551     63.004    19.4417   4.929561    36.5937     0.2900 1.0000e-12     0.0541    98.6579      98.75    218.855     5.0285 1.0333e+03          1         39 0.0000e+00
   32.92768  -65.89598    19.4524   4.930646    36.5935     61.536     61.982    19.4518   4.930612    36.5938     0.2670 1.0000e-12     0.0592    98.5299      98.75    218.908     5.0297 1.0336e+03          1         38 0.0000e+00
   32.92768  -65.89598    19.4562   4.931059    36.5941     60.581     61.019    19.4561   4.931111    36.5945     0.2597 1.0000e-12     0.0585    98.5484      98.75    219.053     5.0331 1.0350e+03          1         68 0.0000e+00
   32.92768  -65.89600    19.4577   4.931162    36.5940     59.612     60.044    19.4577   4.931207    36.5944     0.3002 1.0000e-12     0.0596    98.5216      98.75    219.395     5.0409 1.0364e+03          1         40 0.0000e+00
   32.92768  -65.89600    19.4699   4.932428    36.5941     58.496     58.920    19.4689   4.932333    36.5942     0.2619 1.0000e-12     0.0612    98.4829      98.75    219.147     5.0352 1.0370e+03          1         49 0.0000e+00
   32.92768  -65.89600    19.4773   4.933175    36.5942     57.619     58.036    19.4778   4.933285    36.5946     0.2576 1.0000e-12     0.0633    98.4304      87.95    219.521     5.0438 1.0370e+03          1         50 0.0000e+00
   32.92768  -65.89600    19.4813   4.933586    36.5945     56.560     56.969    19.4858   4.934052    36.5943     0.2466 1.0000e-12     0.0644    98.4039      84.04    219.578     5.0451 1.0407e+03          1         43 0.0000e+00
