Data/ruptures/KN207-01/QL-2/20701078.cnv
* Sea-Bird SBE 9 Data File:
* FileName = C:\Data\ctd\20701078.hex
* Software Version Seasave V 7.21e
* Temperature SN = 4406
* Conductivity SN = 1474
* Number of Bytes Per Scan = 40
* Number of Voltage Words = 5
* Number of Scans Averaged by the Deck Unit = 1
* NMEA Latitude = 33 07.79 N
* NMEA Longitude = 065 41.38 W
* NMEA UTC (Time) = May 02 2012 20:02:09
** R/V Knorr Cruise # KN207-01 QL 2
** Chief Scientist: Ben Van Mooy
# nquan = 21
# nvalues = 396                         
# units = specified
# name 0 = latitude: Latitude [deg]
# name 1 = longitude: Longitude [deg]
# name 2 = t090C: Temperature [ITS-90, deg C]
# name 3 = c0S/m: Conductivity [S/m]
# name 4 = sal00: Salinity, Practical [PSU]
# name 5 = depSM: Depth [salt water, m]
# name 6 = prDM: Pressure, Digiquartz [db]
# name 7 = t190C: Temperature, 2 [ITS-90, deg C]
# name 8 = c1S/m: Conductivity, 2 [S/m]
# name 9 = sal11: Salinity, Practical, 2 [PSU]
# name 10 = flECO-AFL: Fluorescence, WET Labs ECO-AFL/FL [mg/m^3]
# name 11 = par: PAR/Irradiance, Biospherical/Licor
# name 12 = bat: Beam Attenuation, Chelsea/Seatech [1/m]
# name 13 = xmiss: Beam Transmission, Chelsea/Seatech [%]
# name 14 = altM: Altimeter [m]
# name 15 = sbeox0Mm/Kg: Oxygen, SBE 43 [umol/kg]
# name 16 = sbeox0ML/L: Oxygen, SBE 43 [ml/l]
# name 17 = spar: SPAR/Surface Irradiance
# name 18 = pumps: Pump Status
# name 19 = nbin: number of scans per bin
# name 20 = flag: flag
# span 0 =   33.12990,   33.13233       
# span 1 =  -65.68978,  -65.68713       
# span 2 =    17.9469,    20.4795       
# span 3 =   4.769761,   5.039691       
# span 4 =    36.5136,    36.6196       
# span 5 =      2.198,    198.300       
# span 6 =      2.213,    199.807       
# span 7 =    17.9473,    20.4794       
# span 8 =   4.769897,   5.039818       
# span 9 =    36.5143,    36.6206       
# span 10 =     0.0084,     0.8195      
# span 11 = 1.0000e-12, 1.0000e-12      
# span 12 =    -0.0131,     0.0800      
# span 13 =    98.0197,   100.3285      
# span 14 =      15.09,      98.82      
# span 15 =    186.018,    223.436      
# span 16 =     4.2750,     5.1334      
# span 17 = 8.9852e+02, 2.1560e+03      
# span 18 =          1,          1      
# span 19 =         19,       1286      
# span 20 = 0.0000e+00, 0.0000e+00      
# interval = decibars: 1                
# start_time = May 02 2012 20:02:09 [NMEA time, header]
# bad_flag = -9.990e-29
*END*
[from data line 207]
   33.13092  -65.68876    18.0889   4.784929    36.5182    188.603    190.032    18.0852   4.784450    36.5174     0.0154 1.0000e-12    -0.0105   100.2635      98.72    186.556     4.2876 9.2349e+02          1         29 0.0000e+00
   33.13092  -65.68876    18.0979   4.785880    36.5187    187.601    189.022    18.0976   4.785852    36.5187     0.0357 1.0000e-12    -0.0115   100.2879      98.73    186.453     4.2852 9.2518e+02          1         25 0.0000e+00
   33.13092  -65.68876    18.1312   4.789473    36.5196    186.617    188.030    18.1184   4.787841    36.5173     0.0284 1.0000e-12    -0.0117   100.2931      98.72    186.312     4.2820 9.2620e+02          1         23 0.0000e+00
   33.13092  -65.68876    18.1759   4.794597    36.5233    185.618    187.023    18.1733   4.793972    36.5202     0.0161 1.0000e-12    -0.0106   100.2651      98.72    186.208     4.2796 9.2614e+02          1         21 0.0000e+00
   33.13092  -65.68876    18.2293   4.800521    36.5258    184.599    185.996    18.2375   4.800647    36.5193     0.0084 1.0000e-12    -0.0109   100.2737      98.73    186.209     4.2795 9.2476e+02          1         21 0.0000e+00
   33.13094  -65.68874    18.3212   4.810606    36.5287    183.620    185.009    18.3123   4.808675    36.5204     0.0208 1.0000e-12    -0.0104   100.2619      98.72    186.018     4.2750 9.2316e+02          1         20 0.0000e+00
   33.13094  -65.68874    18.4279   4.822195    36.5313    182.619    184.000    18.4224   4.821021    36.5262     0.0495 1.0000e-12    -0.0097   100.2420      98.72    186.557     4.2873 9.2169e+02          1         26 0.0000e+00
   33.13094  -65.68874    18.5113   4.831174    36.5331    181.646    183.018    18.4767   4.827283    36.5315     0.0370 1.0000e-12    -0.0093   100.2323      98.74    187.514     4.3092 9.2334e+02          1         30 0.0000e+00
   33.13094  -65.68874    18.7171   4.853704    36.5385    180.654    182.019    18.5883   4.838219    36.5243     0.0404 1.0000e-12    -0.0084   100.2097      98.73    187.941     4.3188 9.2590e+02          1         25 0.0000e+00
   33.13094  -65.68874    18.7892   4.862435    36.5488    179.663    181.020    18.7850   4.861367    36.5430     0.0161 1.0000e-12    -0.0080   100.1991      98.72    189.701     4.3593 9.2816e+02          1         21 0.0000e+00
   33.13094  -65.68874    18.8352   4.867739    36.5537    178.661    180.010    18.8503   4.868934    36.5495     0.0468 1.0000e-12    -0.0079   100.1968      98.72    193.054     4.4363 9.2866e+02          1         22 0.0000e+00
   33.13094  -65.68874    18.9408   4.879497    36.5589    177.664    179.005    18.9307   4.876912    36.5458     0.0236 1.0000e-12    -0.0080   100.1981      98.73    196.070     4.5055 9.2785e+02          1         23 0.0000e+00
   33.13094  -65.68874    19.0080   4.886550    36.5595    176.668    178.001    19.0163   4.887477    36.5594     0.0422 1.0000e-12    -0.0080   100.1984      98.72    198.121     4.5525 9.2590e+02          1         25 0.0000e+00
   33.13094  -65.68874    19.1009   4.896575    36.5617    175.692    177.017    19.0565   4.891524    36.5592     0.0375 1.0000e-12    -0.0081   100.2005      98.73    199.826     4.5916 9.2376e+02          1         25 0.0000e+00
   33.13094  -65.68874    19.1807   4.906337    36.5737    174.683    176.000    19.1596   4.903758    36.5708     0.0493 1.0000e-12    -0.0084   100.2101      98.72    201.734     4.6354 9.2461e+02          1         24 0.0000e+00
   33.13096  -65.68872    19.2487   4.914190    36.5801    173.690    175.000    19.2309   4.911309    36.5715     0.0440 1.0000e-12    -0.0067   100.1672      98.72    203.762     4.6819 9.2625e+02          1         21 0.0000e+00
   33.13096  -65.68872    19.2925   4.919106    36.5837    172.689    173.990    19.2896   4.918644    36.5820     0.0290 1.0000e-12    -0.0071   100.1770      98.72    205.320     4.7177 9.2827e+02          1         21 0.0000e+00
   33.13096  -65.68872    19.3173   4.921625    36.5843    171.694    172.987    19.3146   4.921421    36.5846     0.0492 1.0000e-12    -0.0084   100.2097      98.72    206.651     4.7483 9.2982e+02          1         25 0.0000e+00
   33.13096  -65.68872    19.3336   4.923285    36.5854    170.712    171.998    19.3258   4.922507    36.5856     0.0570 1.0000e-12    -0.0090   100.2253      98.73    208.470     4.7900 9.2836e+02          1         27 0.0000e+00
   33.13096  -65.68872    19.3422   4.924040    36.5859    169.734    171.012    19.3374   4.923617    36.5863     0.0356 1.0000e-12    -0.0084   100.2104      98.72    210.113     4.8278 9.2735e+02          1         26 0.0000e+00
   33.13098  -65.68870    19.3462   4.924514    36.5878    168.746    170.016    19.3405   4.924027    36.5885     0.0351 1.0000e-12    -0.0084   100.2097      98.73    211.002     4.8482 9.2785e+02          1         22 0.0000e+00
   33.13098  -65.68870    19.3519   4.925093    36.5888    167.740    169.002    19.3460   4.924537    36.5892     0.0357 1.0000e-12    -0.0081   100.2026      98.73    210.860     4.8449 9.2766e+02          1         23 0.0000e+00
   33.13098  -65.68870    19.3558   4.925460    36.5896    166.731    167.985    19.3524   4.924967    36.5883     0.0724 1.0000e-12    -0.0078   100.1937      98.74    210.522     4.8371 9.2795e+02          1         23 0.0000e+00
   33.13098  -65.68870    19.3587   4.925687    36.5901    165.753    166.999    19.3553   4.925421    36.5907     0.0454 1.0000e-12    -0.0081   100.2015      98.73    211.282     4.8546 9.2804e+02          1         25 0.0000e+00
   33.13098  -65.68870    19.3603   4.925776    36.5905    164.756    165.994    19.3561   4.925410    36.5911     0.0578 1.0000e-12    -0.0070   100.1748      98.73    211.990     4.8709 9.2787e+02          1         27 0.0000e+00
   33.13100  -65.68870    19.3605   4.925680    36.5906    163.762    164.993    19.3565   4.925407    36.5916     0.0548 1.0000e-12    -0.0077   100.1922      98.72    212.040     4.8720 9.2768e+02          1         25 0.0000e+00
   33.13100  -65.68870    19.3617   4.925802    36.5914    162.815    164.038    19.3589   4.925578    36.5918     0.0796 1.0000e-12    -0.0076   100.1893      98.73    211.711     4.8645 9.2625e+02          1         21 0.0000e+00
   33.13100  -65.68870    19.3630   4.925888    36.5917    161.834    163.050    19.3605   4.925701    36.5922     0.0442 1.0000e-12    -0.0071   100.1771      98.73    211.653     4.8631 9.2617e+02          1         20 0.0000e+00
   33.13100  -65.68870    19.3635   4.925843    36.5916    160.784    161.991    19.3617   4.925731    36.5921     0.0808 1.0000e-12    -0.0056   100.1398      98.72    211.535     4.8604 9.2583e+02          1         20 0.0000e+00
   33.13100  -65.68870    19.3630   4.925704    36.5916    159.784    160.983    19.3626   4.925713    36.5919     0.0615 1.0000e-12    -0.0054   100.1347      98.73    211.704     4.8643 9.2590e+02          1         25 0.0000e+00
   33.13102  -65.68868    19.3636   4.925703    36.5918    158.802    159.993    19.3627   4.925695    36.5924     0.0690 1.0000e-12    -0.0062   100.1552      98.72    211.831     4.8672 9.2631e+02          1         30 0.0000e+00
   33.13102  -65.68868    19.3652   4.925805    36.5919    157.832    159.015    19.3632   4.925681    36.5926     0.0793 1.0000e-12    -0.0053   100.1321      98.73    211.979     4.8706 9.2617e+02          1         30 0.0000e+00
   33.13102  -65.68868    19.3650   4.925727    36.5921    156.823    157.998    19.3627   4.925597    36.5929     0.1049 1.0000e-12    -0.0052   100.1287      98.72    212.691     4.8870 9.2581e+02          1         24 0.0000e+00
   33.13102  -65.68868    19.3648   4.925662    36.5923    155.836    157.005    19.3632   4.925583    36.5930     0.0885 1.0000e-12    -0.0058   100.1437      98.73    212.370     4.8796 9.2561e+02          1         20 0.0000e+00
   33.13102  -65.68868    19.3650   4.925630    36.5924    154.866    156.026    19.3637   4.925573    36.5929     0.1094 1.0000e-12    -0.0052   100.1283      98.73    212.146     4.8745 9.2516e+02          1         20 0.0000e+00
   33.13104  -65.68866    19.3647   4.925557    36.5925    153.857    155.009    19.3638   4.925545    36.5932     0.1151 1.0000e-12    -0.0049   100.1221      98.73    212.200     4.8757 9.2450e+02          1         22 0.0000e+00
   33.13104  -65.68866    19.3655   4.925568    36.5924    152.864    154.008    19.3642   4.925539    36.5932     0.1000 1.0000e-12    -0.0048   100.1199      98.72    212.103     4.8735 9.2388e+02          1         23 0.0000e+00
   33.13104  -65.68866    19.3658   4.925565    36.5926    151.847    152.984    19.3643   4.925496    36.5934     0.1064 1.0000e-12    -0.0043   100.1073      98.74    211.677     4.8637 9.2349e+02          1         24 0.0000e+00
   33.13104  -65.68866    19.3657   4.925507    36.5927    150.863    151.992    19.3645   4.925489    36.5935     0.1096 1.0000e-12    -0.0038   100.0956      98.73    212.030     4.8718 9.2340e+02          1         25 0.0000e+00
   33.13104  -65.68866    19.3653   4.925398    36.5926    149.856    150.977    19.3643   4.925421    36.5936     0.1154 1.0000e-12    -0.0029   100.0720      98.73    212.539     4.8835 9.2452e+02          1         26 0.0000e+00
   33.13104  -65.68866    19.3652   4.925329    36.5926    148.868    149.981    19.3641   4.925329    36.5935     0.1169 1.0000e-12    -0.0026   100.0648      98.73    212.464     4.8818 9.2545e+02          1         25 0.0000e+00
   33.13104  -65.68866    19.3662   4.925382    36.5926    147.884    148.989    19.3648   4.925351    36.5935     0.1232 1.0000e-12    -0.0026   100.0644      98.72    212.811     4.8897 9.2423e+02          1         27 0.0000e+00
   33.13104  -65.68866    19.3680   4.925586    36.5931    146.905    148.003    19.3664   4.925510    36.5939     0.1384 1.0000e-12    -0.0019   100.0473      98.73    212.859     4.8909 9.2303e+02          1         24 0.0000e+00
   33.13104  -65.68866    19.3686   4.925663    36.5936    145.940    147.031    19.3678   4.925673    36.5944     0.1185 1.0000e-12    -0.0030   100.0764      98.73    212.259     4.8771 9.2174e+02          1         23 0.0000e+00
   33.13104  -65.68866    19.3682   4.925559    36.5935    144.907    145.989    19.3674   4.925590    36.5944     0.1302 1.0000e-12    -0.0021   100.0516      98.73    212.152     4.8746 9.2135e+02          1         24 0.0000e+00
   33.13106  -65.68864    19.3673   4.925359    36.5931    143.895    144.970    19.3664   4.925383    36.5941     0.1249 1.0000e-12    -0.0024   100.0607      98.73    212.638     4.8858 9.2204e+02          1         23 0.0000e+00
   33.13106  -65.68864    19.3667   4.925238    36.5930    142.953    144.020    19.3658   4.925257    36.5939     0.1314 1.0000e-12    -0.0013   100.0321      98.73    213.018     4.8945 9.2339e+02          1         22 0.0000e+00
   33.13106  -65.68864    19.3665   4.925164    36.5929    141.988    143.047    19.3657   4.925171    36.5937     0.1319 1.0000e-12    -0.0011   100.0272      98.73    213.071     4.8957 9.2359e+02          1         23 0.0000e+00
   33.13106  -65.68864    19.3667   4.925138    36.5930    140.955    142.007    19.3657   4.925128    36.5938     0.1666 1.0000e-12    -0.0005   100.0127      98.74    212.678     4.8867 9.2349e+02          1         23 0.0000e+00
   33.13106  -65.68864    19.3669   4.925113    36.5930    139.927    140.971    19.3661   4.925126    36.5938     0.1513 1.0000e-12    -0.0011   100.0261      98.73    212.368     4.8796 9.2136e+02          1         23 0.0000e+00
   33.13108  -65.68862    19.3670   4.925096    36.5932    138.936    139.972    19.3659   4.925067    36.5939     0.1539 1.0000e-12    -0.0008   100.0185      98.72    212.656     4.8862 9.2126e+02          1         25 0.0000e+00
   33.13108  -65.68862    19.3674   4.925091    36.5931    137.971    138.999    19.3660   4.925038    36.5939     0.1582 1.0000e-12     0.0005    99.9873      98.73    212.924     4.8923 9.2184e+02          1         27 0.0000e+00
   33.13108  -65.68862    19.3678   4.925093    36.5932    136.990    138.010    19.3670   4.925098    36.5939     0.1602 1.0000e-12     0.0008    99.9801      98.73    212.850     4.8906 9.2152e+02          1         26 0.0000e+00
   33.13108  -65.68862    19.3675   4.925006    36.5931    135.968    136.981    19.3670   4.925072    36.5941     0.1870 1.0000e-12     0.0013    99.9682      98.74    212.921     4.8923 9.2032e+02          1         26 0.0000e+00
   33.13108  -65.68862    19.3667   4.924826    36.5928    134.978    135.982    19.3658   4.924854    36.5938     0.1720 1.0000e-12     0.0010    99.9747      98.73    212.981     4.8937 9.1951e+02          1         23 0.0000e+00
   33.13110  -65.68860    19.3660   4.924692    36.5926    134.015    135.013    19.3654   4.924736    36.5935     0.1683 1.0000e-12     0.0002    99.9949      98.74    212.426     4.8809 9.2006e+02          1         26 0.0000e+00
   33.13110  -65.68860    19.3659   4.924610    36.5925    133.024    134.014    19.3652   4.924644    36.5933     0.1959 1.0000e-12     0.0007    99.9836      98.73    212.740     4.8881 9.2126e+02          1         23 0.0000e+00
   33.13110  -65.68860    19.3662   4.924630    36.5927    132.044    133.026    19.3658   4.924661    36.5933     0.1852 1.0000e-12     0.0007    99.9830      98.73    213.194     4.8985 9.2126e+02          1         20 0.0000e+00
   33.13110  -65.68860    19.3668   4.924659    36.5928    131.046    132.021    19.3665   4.924730    36.5936     0.1962 1.0000e-12     0.0011    99.9715      98.74    212.697     4.8871 9.2148e+02          1         20 0.0000e+00
   33.13110  -65.68860    19.3674   4.924692    36.5929    130.045    131.012    19.3667   4.924707    36.5937     0.2023 1.0000e-12     0.0017    99.9579      98.73    212.589     4.8846 9.2126e+02          1         23 0.0000e+00
   33.13112  -65.68860    19.3671   4.924616    36.5929    129.044    130.003    19.3668   4.924681    36.5937     0.1978 1.0000e-12     0.0021    99.9463      98.74    212.904     4.8919 9.2027e+02          1         27 0.0000e+00
   33.13112  -65.68860    19.3675   4.924628    36.5931    127.928    128.878    19.3673   4.924706    36.5938     0.2013 1.0000e-12     0.0017    99.9567      98.73    212.756     4.8885 9.1925e+02          1         40 0.0000e+00
   33.13112  -65.68859    19.3676   4.924563    36.5928    126.993    127.935    19.3678   4.924644    36.5933     0.1978 1.0000e-12     0.0025    99.9377      98.73    212.884     4.8914 9.1891e+02          1         76 0.0000e+00
   33.13113  -65.68857    19.3665   4.924366    36.5925    126.105    127.041    19.3668   4.924442    36.5929     0.2630 1.0000e-12     0.0060    99.8494      98.74    213.051     4.8953 9.1902e+02          1        151 0.0000e+00
   33.13120  -65.68850    19.3667   4.924360    36.5925    125.380    126.310    19.3669   4.924465    36.5933     0.2816 1.0000e-12     0.0063    99.8428      98.74    212.896     4.8917 9.1370e+02          1        312 0.0000e+00
   33.13129  -65.68841    19.3678   4.924498    36.5932    124.060    124.980    19.3681   4.924619    36.5940     0.2769 1.0000e-12     0.0028    99.9314      98.74    213.052     4.8953 9.1081e+02          1         75 0.0000e+00
   33.13130  -65.68840    19.3678   4.924451    36.5932    123.122    124.035    19.3676   4.924530    36.5940     0.2779 1.0000e-12     0.0041    99.8981      98.75    212.849     4.8906 9.0999e+02          1         40 0.0000e+00
   33.13130  -65.68840    19.3674   4.924331    36.5929    122.112    123.017    19.3675   4.924452    36.5939     0.2412 1.0000e-12     0.0056    99.8602      98.74    212.710     4.8874 9.1064e+02          1         29 0.0000e+00
