Data/ruptures/KN207-01/QL-2/20701054.cnv
* Sea-Bird SBE 9 Data File:
* FileName = C:\Data\ctd\20701054.hex
* Software Version Seasave V 7.21e
* Temperature SN = 4406
* Conductivity SN = 1474
* Number of Bytes Per Scan = 40
* Number of Voltage Words = 5
* Number of Scans Averaged by the Deck Unit = 1
* NMEA Latitude = 32 58.60 N
* NMEA Longitude = 065 59.68 W
* NMEA UTC (Time) = Apr 29 2012 19:36:00
** R/V Knorr Cruise # KN207-01 QL2
** Chief Scientist: Ben Van Mooy
# nquan = 21
# nvalues = 9982                        
# units = specified
# name 0 = latitude: Latitude [deg]
# name 1 = longitude: Longitude [deg]
# name 2 = t090C: Temperature [ITS-90, deg C]
# name 3 = c0S/m: Conductivity [S/m]
# name 4 = sal00: Salinity, Practical [PSU]
# name 5 = depSM: Depth [salt water, m]
# name 6 = prDM: Pressure, Digiquartz [db]
# name 7 = t190C: Temperature, 2 [ITS-90, deg C]
# name 8 = c1S/m: Conductivity, 2 [S/m]
# name 9 = sal11: Salinity, Practical, 2 [PSU]
# name 10 = flECO-AFL: Fluorescence, WET Labs ECO-AFL/FL [mg/m^3]
# name 11 = par: PAR/Irradiance, Biospherical/Licor
# name 12 = bat: Beam Attenuation, Chelsea/Seatech [1/m]
# name 13 = xmiss: Beam Transmission, Chelsea/Seatech [%]
# name 14 = altM: Altimeter [m]
# name 15 = sbeox0Mm/Kg: Oxygen, SBE 43 [umol/kg]
# name 16 = sbeox0ML/L: Oxygen, SBE 43 [ml/l]
# name 17 = spar: SPAR/Surface Irradiance
# name 18 = pumps: Pump Status
# name 19 = nbin: number of scans per bin
# name 20 = flag: flag
# span 0 =   32.94893,   32.97667       
# span 1 =  -65.99560,  -65.99140       
# span 2 =     2.2334,    20.6047       
# span 3 =   3.249563,   5.043461       
# span 4 =    34.7750,    36.8003       
# span 5 =      2.281,   4900.380       
# span 6 =      2.297,   4992.802       
# span 7 =     2.2332,    20.6031       
# span 8 =   3.249524,   5.046860       
# span 9 =    34.8762,    36.8060       
# span 10 =    -0.0158,     2.4919      
# span 11 = 1.0000e-12, 1.0000e-12      
# span 12 =    -0.0355,     0.0960      
# span 13 =    97.6364,   100.8899      
# span 14 =      14.44,      98.81      
# span 15 =    137.981,    365.121      
# span 16 =     3.1735,     8.3866      
# span 17 = 2.2598e+01, 1.2979e+03      
# span 18 =          1,          1      
# span 19 =         12,       1287      
# span 20 = 0.0000e+00, 0.0000e+00      
# interval = decibars: 1                
# start_time = Apr 29 2012 19:36:00 [NMEA time, header]
# bad_flag = -9.990e-29
*END*
[from data line 4966]
   32.96372  -65.99544     2.2478   3.283499    34.8771   4877.205   4968.926     2.2473   3.283437    34.8768     0.0247 1.0000e-12    -0.0046   100.1144      37.24    233.253     5.3685 6.6673e+02          1         59 0.0000e+00
   32.96372  -65.99544     2.2479   3.283539    34.8771   4878.295   4970.049     2.2474   3.283475    34.8768     0.0153 1.0000e-12    -0.0042   100.1057      36.20    233.326     5.3702 6.7102e+02          1         62 0.0000e+00
   32.96370  -65.99544     2.2478   3.283568    34.8771   4879.174   4970.954     2.2474   3.283503    34.8767     0.0251 1.0000e-12    -0.0027   100.0679      35.21    232.964     5.3619 6.7564e+02          1        100 0.0000e+00
   32.96370  -65.99544     2.2479   3.283606    34.8771   4880.180   4971.991     2.2474   3.283541    34.8768     0.0311 1.0000e-12    -0.0020   100.0515      34.44    234.017     5.3861 6.7776e+02          1         43 0.0000e+00
   32.96369  -65.99544     2.2479   3.283639    34.8770   4881.302   4973.147     2.2475   3.283582    34.8767     0.0254 1.0000e-12    -0.0027   100.0683      33.20    232.941     5.3613 6.7771e+02          1        109 0.0000e+00
   32.96368  -65.99544     2.2479   3.283665    34.8771   4882.074   4973.942     2.2474   3.283606    34.8768     0.0397 1.0000e-12     0.0012    99.9716      32.50    233.454     5.3731 6.7734e+02          1         37 0.0000e+00
   32.96368  -65.99544     2.2478   3.283699    34.8771   4883.260   4975.164     2.2474   3.283634    34.8767     0.0371 1.0000e-12    -0.0014   100.0344      31.33    233.141     5.3660 6.7608e+02          1         84 0.0000e+00
   32.96368  -65.99544     2.2481   3.283745    34.8770   4884.026   4975.953     2.2477   3.283685    34.8767     0.0253 1.0000e-12    -0.0020   100.0500      30.52    233.319     5.3700 6.7244e+02          1         57 0.0000e+00
   32.96367  -65.99544     2.2482   3.283794    34.8770   4885.080   4977.038     2.2479   3.283732    34.8767     0.0278 1.0000e-12    -0.0011   100.0274      29.47    233.152     5.3662 6.6563e+02          1         89 0.0000e+00
   32.96366  -65.99544     2.2483   3.283841    34.8771   4885.960   4977.945     2.2480   3.283780    34.8767     0.0253 1.0000e-12     0.0012    99.9708      28.69    232.743     5.3568 6.6206e+02          1         41 0.0000e+00
   32.96366  -65.99544     2.2484   3.283875    34.8770   4887.210   4979.233     2.2480   3.283816    34.8766     0.0419 1.0000e-12    -0.0017   100.0416      27.37    233.069     5.3643 6.5058e+02          1        122 0.0000e+00
   32.96366  -65.99544     2.2482   3.283889    34.8771   4887.908   4979.952     2.2478   3.283823    34.8767     0.0413 1.0000e-12    -0.0008   100.0196      26.78    233.088     5.3647 6.4129e+02          1         39 0.0000e+00
   32.96366  -65.99544     2.2482   3.283925    34.8771   4888.980   4981.057     2.2479   3.283863    34.8766     0.2451 1.0000e-12    -0.0004   100.0110      25.94    233.326     5.3702 6.3606e+02          1         34 0.0000e+00
   32.96365  -65.99544     2.2484   3.283967    34.8770   4889.756   4981.856     2.2482   3.283908    34.8766     0.1591 1.0000e-12    -0.0015   100.0369      24.86    233.042     5.3637 6.2188e+02          1        138 0.0000e+00
   32.96360  -65.99544     2.2484   3.284001    34.8770   4890.709   4982.838     2.2483   3.283941    34.8765     0.0266 1.0000e-12    -0.0000   100.0007      23.85    233.269     5.3689 5.5507e+02          1        316 0.0000e+00
   32.96356  -65.99546     2.2483   3.284058    34.8774   4891.881   4984.045     2.2480   3.283987    34.8769     0.2489 1.0000e-12     0.0032    99.9215      23.15    233.422     5.3724 5.0325e+02          1         28 0.0000e+00
   32.96354  -65.99545     2.2487   3.284087    34.8771   4892.566   4984.751     2.2484   3.284021    34.8766     0.1278 1.0000e-12    -0.0024   100.0599      22.17    232.590     5.3533 4.9724e+02          1         59 0.0000e+00
   32.96354  -65.99546     2.2487   3.284146    34.8773   4893.754   4985.975     2.2483   3.284091    34.8771     0.0444 1.0000e-12    -0.0014   100.0345      21.36    233.118     5.3654 4.9550e+02          1         22 0.0000e+00
   32.96354  -65.99546     2.2486   3.284161    34.8772   4894.823   4987.077     2.2481   3.284097    34.8769     0.0630 1.0000e-12    -0.0029   100.0730      20.25    232.271     5.3459 4.9336e+02          1         34 0.0000e+00
   32.96354  -65.99546     2.2486   3.284176    34.8770   4895.522   4987.797     2.2483   3.284117    34.8767     0.0328 1.0000e-12    -0.0018   100.0453      19.40    233.416     5.3723 4.8874e+02          1         38 0.0000e+00
   32.96353  -65.99546     2.2481   3.284183    34.8773   4896.707   4989.017     2.2478   3.284129    34.8769     0.0331 1.0000e-12    -0.0004   100.0098      18.47    234.081     5.3876 4.8656e+02          1         24 0.0000e+00
   32.96352  -65.99546     2.2483   3.284230    34.8772   4897.718   4990.059     2.2480   3.284162    34.8767     0.0265 1.0000e-12    -0.0027   100.0674      17.35    232.811     5.3584 4.8387e+02          1         37 0.0000e+00
   32.96352  -65.99546     2.2486   3.284288    34.8772   4898.587   4990.955     2.2482   3.284225    34.8769     0.0242 1.0000e-12    -0.0005   100.0134      16.53    232.935     5.3612 4.7655e+02          1         22 0.0000e+00
   32.96352  -65.99546     2.2485   3.284312    34.8772   4899.636   4992.035     2.2482   3.284264    34.8769     0.0319 1.0000e-12    -0.0018   100.0452      15.64    233.718     5.3792 4.7448e+02          1         24 0.0000e+00
   32.96351  -65.99546     2.2490   3.284353    34.8769   4900.380   4992.802     2.2487   3.284289    34.8765     0.0307 1.0000e-12    -0.0032   100.0804      14.44    232.816     5.3585 4.6946e+02          1         59 0.0000e+00
   32.96350  -65.99546     2.2496   3.284381    34.8768   4899.525   4991.921     2.2494   3.284322    34.8764     0.0092 1.0000e-12    -0.0006   100.0143      14.62    231.939     5.3383 4.6465e+02          1         46 0.0000e+00
   32.96338  -65.99548     2.2486   3.284275    34.8769   4898.938   4991.316     2.2483   3.284209    34.8765     0.0220 1.0000e-12    -0.0008   100.0197      14.90    232.420     5.3493 5.4656e+02          1        575 0.0000e+00
   32.96328  -65.99550     2.2482   3.284181    34.8767   4897.633   4989.972     2.2481   3.284142    34.8764     0.0156 1.0000e-12     0.0006    99.9850      15.35    232.355     5.3479 6.3737e+02          1         26 0.0000e+00
   32.96328  -65.99550     2.2480   3.284137    34.8768   4896.567   4988.874     2.2478   3.284084    34.8764     0.0127 1.0000e-12    -0.0016   100.0404      16.79    232.500     5.3512 6.3996e+02          1        111 0.0000e+00
   32.96326  -65.99550     2.2481   3.284100    34.8766   4895.764   4988.046     2.2479   3.284055    34.8763     0.0144 1.0000e-12    -0.0026   100.0664      17.46    232.282     5.3462 6.4197e+02          1         39 0.0000e+00
   32.96326  -65.99550     2.2478   3.284050    34.8768   4894.730   4986.981     2.2476   3.283992    34.8762     0.0197 1.0000e-12    -0.0031   100.0774      18.25    231.527     5.3288 6.4258e+02          1         29 0.0000e+00
   32.96326  -65.99550     2.2475   3.283993    34.8768   4893.750   4985.971     2.2472   3.283936    34.8764     0.0419 1.0000e-12    -0.0033   100.0827      19.19    232.557     5.3525 6.4309e+02          1         37 0.0000e+00
   32.96326  -65.99550     2.2473   3.283951    34.8768   4892.870   4985.065     2.2471   3.283895    34.8764     0.0116 1.0000e-12    -0.0036   100.0909      20.32    232.644     5.3545 6.4351e+02          1         99 0.0000e+00
   32.96325  -65.99550     2.2473   3.283900    34.8766   4891.837   4984.000     2.2470   3.283844    34.8762     0.0453 1.0000e-12    -0.0048   100.1199      21.13    231.765     5.3343 6.4328e+02          1         34 0.0000e+00
   32.96324  -65.99550     2.2472   3.283867    34.8767   4890.889   4983.024     2.2469   3.283806    34.8762     0.0289 1.0000e-12    -0.0038   100.0955      21.89    232.403     5.3490 6.4222e+02          1         32 0.0000e+00
   32.96324  -65.99550     2.2470   3.283817    34.8767   4889.880   4981.984     2.2468   3.283760    34.8763     0.0235 1.0000e-12    -0.0039   100.0987      22.87    232.841     5.3591 6.4231e+02          1         38 0.0000e+00
   32.96323  -65.99550     2.2468   3.283768    34.8768   4888.870   4980.943     2.2465   3.283720    34.8765     0.0208 1.0000e-12    -0.0043   100.1069      24.12    232.289     5.3463 6.4238e+02          1         85 0.0000e+00
   32.96322  -65.99550     2.2468   3.283733    34.8767   4888.011   4980.058     2.2466   3.283680    34.8762     0.0050 1.0000e-12    -0.0037   100.0940      24.77    232.728     5.3564 6.4020e+02          1         38 0.0000e+00
   32.96322  -65.99550     2.2466   3.283685    34.8767   4886.996   4979.012     2.2465   3.283653    34.8764     0.0175 1.0000e-12    -0.0043   100.1070      25.54    231.808     5.3353 6.3552e+02          1         31 0.0000e+00
   32.96322  -65.99550     2.2464   3.283640    34.8768   4885.998   4977.984     2.2460   3.283560    34.8762     0.0233 1.0000e-12    -0.0036   100.0911      26.16    232.280     5.3461 6.3333e+02          1         27 0.0000e+00
   32.96322  -65.99550     2.2463   3.283592    34.8767   4885.025   4976.982     2.2460   3.283523    34.8762     0.0257 1.0000e-12    -0.0036   100.0901      27.36    232.331     5.3473 6.3454e+02          1         30 0.0000e+00
   32.96322  -65.99550     2.2460   3.283537    34.8767   4884.021   4975.947     2.2457   3.283481    34.8764     0.0135 1.0000e-12    -0.0037   100.0937      28.42    232.128     5.3426 6.3947e+02          1         46 0.0000e+00
   32.96322  -65.99550     2.2459   3.283499    34.8768   4883.132   4975.031     2.2456   3.283441    34.8763     0.0297 1.0000e-12    -0.0032   100.0809      29.32    232.312     5.3469 6.4548e+02          1         49 0.0000e+00
   32.96322  -65.99550     2.2459   3.283457    34.8766   4882.175   4974.046     2.2457   3.283400    34.8762     0.0253 1.0000e-12    -0.0034   100.0862      30.12    232.366     5.3481 6.4090e+02          1         35 0.0000e+00
   32.96322  -65.99550     2.2457   3.283414    34.8767   4881.181   4973.021     2.2456   3.283361    34.8762     0.0142 1.0000e-12    -0.0036   100.0918      31.05    232.757     5.3571 6.3775e+02          1         30 0.0000e+00
   32.96321  -65.99550     2.2457   3.283388    34.8767   4880.193   4972.004     2.2455   3.283338    34.8763     0.0211 1.0000e-12    -0.0039   100.0987      31.75    230.883     5.3140 6.3836e+02          1         23 0.0000e+00
   32.96320  -65.99550     2.2455   3.283338    34.8768   4879.263   4971.045     2.2454   3.283294    34.8763     0.0272 1.0000e-12    -0.0036   100.0914      32.40    232.040     5.3406 6.4137e+02          1         21 0.0000e+00
   32.96320  -65.99550     2.2454   3.283288    34.8767   4878.222   4969.973     2.2452   3.283236    34.8763     0.0255 1.0000e-12    -0.0025   100.0619      33.54    233.459     5.3733 6.4808e+02          1         30 0.0000e+00
   32.96319  -65.99550     2.2451   3.283243    34.8768   4877.271   4968.993     2.2448   3.283182    34.8764     0.0244 1.0000e-12    -0.0032   100.0804      50.84    232.990     5.3625 6.5173e+02          1         83 0.0000e+00
   32.96318  -65.99550     2.2453   3.283216    34.8766   4876.373   4968.069     2.2449   3.283150    34.8762     0.0302 1.0000e-12    -0.0040   100.1018      50.84    233.305     5.3697 6.4680e+02          1         25 0.0000e+00
   32.96318  -65.99550     2.2450   3.283176    34.8768   4875.376   4967.042     2.2449   3.283116    34.8763     0.0171 1.0000e-12    -0.0035   100.0877      36.38    228.023     5.2482 6.4880e+02          1         21 0.0000e+00
   32.96318  -65.99550     2.2448   3.283105    34.8766   4874.339   4965.972     2.2446   3.283059    34.8763     0.0080 1.0000e-12    -0.0033   100.0828      97.62    234.711     5.4021 6.5061e+02          1         21 0.0000e+00
   32.96318  -65.99550     2.2454   3.283136    34.8768   4873.394   4965.000     2.2451   3.283079    34.8764     0.0091 1.0000e-12    -0.0028   100.0700      98.53    235.796     5.4271 6.5118e+02          1         26 0.0000e+00
   32.96318  -65.99550     2.2452   3.283094    34.8769   4872.387   4963.961     2.2449   3.283034    34.8765     0.0101 1.0000e-12    -0.0029   100.0736      98.54    233.180     5.3668 6.5151e+02          1         43 0.0000e+00
   32.96318  -65.99550     2.2452   3.283059    34.8769   4871.448   4962.994     2.2449   3.282993    34.8764     0.0148 1.0000e-12    -0.0033   100.0834      74.70    231.619     5.3309 6.4972e+02          1         37 0.0000e+00
   32.96318  -65.99550     2.2453   3.283042    34.8769   4870.498   4962.016     2.2446   3.282953    34.8765     0.0281 1.0000e-12    -0.0031   100.0786      59.92    230.632     5.3082 6.4689e+02          1         37 0.0000e+00
   32.96316  -65.99550     2.2456   3.283029    34.8767   4869.526   4961.015     2.2449   3.282936    34.8764     0.0299 1.0000e-12    -0.0033   100.0846      98.55    235.235     5.4141 6.5046e+02          1         40 0.0000e+00
   32.96316  -65.99550     2.2457   3.283012    34.8768   4868.565   4960.024     2.2454   3.282947    34.8764     0.0243 1.0000e-12    -0.0038   100.0970      98.55    232.986     5.3624 6.5269e+02          1         30 0.0000e+00
   32.96316  -65.99550     2.2454   3.282950    34.8768   4867.618   4959.048     2.2452   3.282905    34.8765     0.0234 1.0000e-12    -0.0032   100.0805      50.10    229.999     5.2936 6.5070e+02          1         24 0.0000e+00
   32.96316  -65.99550     2.2456   3.282948    34.8770   4866.606   4958.006     2.2452   3.282871    34.8764     0.0271 1.0000e-12    -0.0036   100.0898      77.05    229.960     5.2927 6.4912e+02          1         23 0.0000e+00
   32.96316  -65.99550     2.2461   3.282958    34.8770   4865.602   4956.972     2.2458   3.282900    34.8765     0.0241 1.0000e-12    -0.0032   100.0816      79.54    235.076     5.4105 6.4923e+02          1         21 0.0000e+00
   32.96316  -65.99550     2.2461   3.282941    34.8771   4864.627   4955.967     2.2459   3.282882    34.8766     0.0203 1.0000e-12    -0.0028   100.0711      82.50    231.461     5.3273 6.5061e+02          1         27 0.0000e+00
   32.96316  -65.99550     2.2457   3.282876    34.8771   4863.651   4954.963     2.2454   3.282823    34.8768     0.0327 1.0000e-12    -0.0030   100.0749      97.27    234.209     5.3905 6.5105e+02          1         68 0.0000e+00
   32.96316  -65.99550     2.2458   3.282832    34.8769   4862.746   4954.030     2.2455   3.282774    34.8766     0.0242 1.0000e-12    -0.0037   100.0923      48.73    228.741     5.2647 6.4928e+02          1         28 0.0000e+00
   32.96316  -65.99550     2.2460   3.282827    34.8771   4861.757   4953.011     2.2457   3.282769    34.8766     0.0050 1.0000e-12    -0.0039   100.0987      72.05    231.766     5.3343 6.4982e+02          1         19 0.0000e+00
   32.96316  -65.99550     2.2459   3.282787    34.8770   4860.782   4952.006     2.2456   3.282725    34.8765     0.0335 1.0000e-12    -0.0028   100.0717      98.55    236.646     5.4466 6.5057e+02          1         20 0.0000e+00
   32.96316  -65.99550     2.2457   3.282751    34.8772   4859.822   4951.018     2.2455   3.282694    34.8767     0.0293 1.0000e-12    -0.0018   100.0446      98.54    235.299     5.4156 6.5158e+02          1         19 0.0000e+00
   32.96316  -65.99550     2.2458   3.282716    34.8771   4858.841   4950.007     2.2455   3.282655    34.8766     0.0123 1.0000e-12    -0.0027   100.0689      98.54    232.229     5.3450 6.5206e+02          1         25 0.0000e+00
