Data/ruptures/KN207-01/QL-2/20701067.cnv
* Sea-Bird SBE 9 Data File:
* FileName = C:\Data\ctd\20701067.hex
* Software Version Seasave V 7.21e
* Temperature SN = 4406
* Conductivity SN = 1474
* Number of Bytes Per Scan = 40
* Number of Voltage Words = 5
* Number of Scans Averaged by the Deck Unit = 1
* NMEA Latitude = 32 56.35 N
* NMEA Longitude = 065 46.44 W
* NMEA UTC (Time) = May 01 2012 14:05:20
** R/V Knorr Cruise # KN207-01 QL 2
** Chief Scientist: Ben Van Mooy
# nquan = 21
# nvalues = 390                         
# units = specified
# name 0 = latitude: Latitude [deg]
# name 1 = longitude: Longitude [deg]
# name 2 = t090C: Temperature [ITS-90, deg C]
# name 3 = c0S/m: Conductivity [S/m]
# name 4 = sal00: Salinity, Practical [PSU]
# name 5 = depSM: Depth [salt water, m]
# name 6 = prDM: Pressure, Digiquartz [db]
# name 7 = t190C: Temperature, 2 [ITS-90, deg C]
# name 8 = c1S/m: Conductivity, 2 [S/m]
# name 9 = sal11: Salinity, Practical, 2 [PSU]
# name 10 = flECO-AFL: Fluorescence, WET Labs ECO-AFL/FL [mg/m^3]
# name 11 = par: PAR/Irradiance, Biospherical/Licor
# name 12 = bat: Beam Attenuation, Chelsea/Seatech [1/m]
# name 13 = xmiss: Beam Transmission, Chelsea/Seatech [%]
# name 14 = altM: Altimeter [m]
# name 15 = sbeox0Mm/Kg: Oxygen, SBE 43 [umol/kg]
# name 16 = sbeox0ML/L: Oxygen, SBE 43 [ml/l]
# name 17 = spar: SPAR/Surface Irradiance
# name 18 = pumps: Pump Status
# name 19 = nbin: number of scans per bin
# name 20 = flag: flag
# span 0 =   32.93922,   32.93979       
# span 1 =  -65.77406,  -65.77367       
# span 2 =    18.1493,    20.2767       
# span 3 =   4.792125,   5.017192       
# span 4 =    36.5246,    36.6106       
# span 5 =      2.328,    200.037       
# span 6 =      2.344,    201.554       
# span 7 =    18.1679,    20.2780       
# span 8 =   4.794232,   5.017325       
# span 9 =    36.5243,    36.6113       
# span 10 =     0.0151,     0.8561      
# span 11 = 1.0000e-12, 1.0000e-12      
# span 12 =    -0.0095,     0.0730      
# span 13 =    98.1910,   100.2371      
# span 14 =       1.05,      98.76      
# span 15 =    186.647,    222.444      
# span 16 =     4.2896,     5.1107      
# span 17 = 2.4602e+03, 2.4810e+03      
# span 18 =          1,          1      
# span 19 =         14,        560      
# span 20 = 0.0000e+00, 0.0000e+00      
# interval = decibars: 1                
# start_time = May 01 2012 14:05:20 [NMEA time, header]
# bad_flag = -9.990e-29
*END*
[from data line 138]
   32.93938  -65.77394    19.3754   4.926498    36.5936    149.873    150.991    19.3754   4.926620    36.5946     0.1337 1.0000e-12     0.0029    99.9273      98.67    212.865     4.8910 2.4758e+03          1         27 0.0000e+00
   32.93938  -65.77394    19.3752   4.926533    36.5936    150.877    152.003    19.3753   4.926650    36.5945     0.1369 1.0000e-12     0.0168    99.5813      98.67    213.299     4.9010 2.4791e+03          1         24 0.0000e+00
   32.93938  -65.77394    19.3753   4.926590    36.5937    151.871    153.005    19.3752   4.926694    36.5946     0.1185 1.0000e-12     0.0125    99.6887      98.66    213.878     4.9142 2.4782e+03          1         20 0.0000e+00
   32.93938  -65.77394    19.3758   4.926710    36.5938    152.860    154.002    19.3756   4.926808    36.5947     0.1094 1.0000e-12     0.0019    99.9535      98.67    213.818     4.9129 2.4781e+03          1         20 0.0000e+00
   32.93938  -65.77394    19.3760   4.926764    36.5937    153.888    155.039    19.3758   4.926875    36.5947     0.1046 1.0000e-12     0.0012    99.9712      98.66    213.522     4.9061 2.4775e+03          1         25 0.0000e+00
   32.93938  -65.77394    19.3761   4.926832    36.5937    154.863    156.021    19.3761   4.926954    36.5948     0.0848 1.0000e-12     0.0009    99.9785      98.67    213.444     4.9043 2.4763e+03          1         31 0.0000e+00
   32.93938  -65.77394    19.3763   4.926888    36.5937    155.791    156.956    19.3763   4.927016    36.5948     0.1045 1.0000e-12     0.0010    99.9745      98.67    213.162     4.8978 2.4762e+03          1         24 0.0000e+00
   32.93938  -65.77394    19.3764   4.926964    36.5939    156.794    157.967    19.3763   4.927089    36.5950     0.1221 1.0000e-12     0.0007    99.9824      98.67    213.434     4.9041 2.4774e+03          1         21 0.0000e+00
   32.93938  -65.77394    19.3762   4.926996    36.5939    157.799    158.979    19.3762   4.927118    36.5950     0.1308 1.0000e-12    -0.0004   100.0094      98.67    213.430     4.9040 2.4786e+03          1         19 0.0000e+00
   32.93938  -65.77392    19.3763   4.927030    36.5938    158.852    160.041    19.3762   4.927160    36.5949     0.1102 1.0000e-12    -0.0001   100.0037      98.67    213.351     4.9022 2.4789e+03          1         23 0.0000e+00
   32.93938  -65.77392    19.3763   4.927071    36.5938    159.820    161.016    19.3762   4.927190    36.5948     0.0930 1.0000e-12     0.0001    99.9975      98.67    213.615     4.9082 2.4798e+03          1         32 0.0000e+00
   32.93938  -65.77392    19.3760   4.927097    36.5939    160.765    161.969    19.3760   4.927204    36.5948     0.0799 1.0000e-12     0.0019    99.9536      98.67    212.873     4.8912 2.4774e+03          1         28 0.0000e+00
   32.93938  -65.77392    19.3758   4.927110    36.5938    161.758    162.970    19.3756   4.927228    36.5949     0.0796 1.0000e-12     0.0006    99.9861      98.67    212.925     4.8924 2.4766e+03          1         21 0.0000e+00
   32.93938  -65.77392    19.3757   4.927171    36.5940    162.756    163.976    19.3756   4.927270    36.5949     0.0802 1.0000e-12     0.0000   100.0004      98.67    213.238     4.8996 2.4774e+03          1         17 0.0000e+00
   32.93938  -65.77392    19.3758   4.927201    36.5937    163.766    164.994    19.3757   4.927322    36.5948     0.0503 1.0000e-12    -0.0005   100.0116      98.68    213.481     4.9051 2.4786e+03          1         18 0.0000e+00
   32.93938  -65.77392    19.3759   4.927263    36.5938    164.773    166.008    19.3758   4.927379    36.5948     0.0819 1.0000e-12    -0.0010   100.0250      98.67    213.289     4.9007 2.4793e+03          1         23 0.0000e+00
   32.93938  -65.77392    19.3760   4.927295    36.5937    165.750    166.993    19.3760   4.927421    36.5947     0.0817 1.0000e-12    -0.0018   100.0459      98.67    213.273     4.9004 2.4777e+03          1         37 0.0000e+00
   32.93938  -65.77392    19.3757   4.927307    36.5937    166.699    167.950    19.3756   4.927426    36.5947     0.0722 1.0000e-12    -0.0012   100.0287      98.67    212.884     4.8914 2.4764e+03          1         29 0.0000e+00
   32.93938  -65.77392    19.3752   4.927306    36.5937    167.725    168.984    19.3752   4.927427    36.5947     0.0768 1.0000e-12    -0.0021   100.0522      98.68    213.168     4.8980 2.4761e+03          1         21 0.0000e+00
   32.93938  -65.77392    19.3745   4.927258    36.5935    168.721    169.989    19.3745   4.927390    36.5947     0.0837 1.0000e-12    -0.0008   100.0186      98.67    213.629     4.9086 2.4770e+03          1         17 0.0000e+00
   32.93938  -65.77392    19.3738   4.927237    36.5936    169.720    170.995    19.3738   4.927356    36.5946     0.0524 1.0000e-12    -0.0009   100.0216      98.68    213.572     4.9072 2.4788e+03          1         18 0.0000e+00
   32.93938  -65.77392    19.3736   4.927228    36.5934    170.724    172.007    19.3736   4.927358    36.5945     0.0498 1.0000e-12    -0.0006   100.0148      98.67    213.383     4.9029 2.4801e+03          1         19 0.0000e+00
   32.93938  -65.77392    19.3719   4.927042    36.5930    171.701    172.992    19.3718   4.927184    36.5943     0.0636 1.0000e-12    -0.0019   100.0483      98.67    213.228     4.8993 2.4798e+03          1         25 0.0000e+00
   32.93938  -65.77392    19.3692   4.926749    36.5926    172.696    173.995    19.3692   4.926874    36.5936     0.0617 1.0000e-12    -0.0029   100.0725      98.67    212.743     4.8882 2.4777e+03          1         50 0.0000e+00
   32.93938  -65.77392    19.3684   4.926711    36.5926    173.640    174.946    19.3684   4.926848    36.5937     0.0490 1.0000e-12    -0.0034   100.0848      98.67    213.052     4.8953 2.4755e+03          1         24 0.0000e+00
   32.93938  -65.77392    19.3662   4.926499    36.5923    174.664    175.978    19.3663   4.926663    36.5937     0.0397 1.0000e-12    -0.0037   100.0942      98.68    212.664     4.8864 2.4770e+03          1         17 0.0000e+00
   32.93938  -65.77392    19.3638   4.926285    36.5923    175.665    176.988    19.3639   4.926459    36.5937     0.0380 1.0000e-12    -0.0039   100.0969      98.67    212.765     4.8887 2.4781e+03          1         14 0.0000e+00
   32.93938  -65.77392    19.3578   4.925563    36.5913    176.649    177.979    19.3578   4.925907    36.5943     0.0585 1.0000e-12    -0.0028   100.0693      98.67    212.975     4.8935 2.4782e+03          1         14 0.0000e+00
   32.93938  -65.77392    19.3382   4.923437    36.5909    177.662    179.000    19.3383   4.923770    36.5936     0.0625 1.0000e-12    -0.0031   100.0784      98.67    213.050     4.8953 2.4792e+03          1         19 0.0000e+00
   32.93938  -65.77392    19.3266   4.922242    36.5908    178.698    180.044    19.3267   4.922415    36.5922     0.0572 1.0000e-12    -0.0028   100.0702      98.68    212.556     4.8839 2.4801e+03          1         28 0.0000e+00
   32.93938  -65.77392    19.3232   4.921882    36.5904    179.620    180.973    19.3235   4.922075    36.5917     0.0486 1.0000e-12    -0.0040   100.0998      98.67    211.307     4.8552 2.4788e+03          1         45 0.0000e+00
   32.93938  -65.77392    19.3066   4.920062    36.5896    180.586    181.947    19.3088   4.920622    36.5923     0.0454 1.0000e-12    -0.0046   100.1141      98.67    210.843     4.8446 2.4776e+03          1         25 0.0000e+00
   32.93938  -65.77392    19.2673   4.915420    36.5857    181.611    182.981    19.2681   4.916738    36.5961     0.0506 1.0000e-12    -0.0038   100.0950      98.68    211.409     4.8576 2.4783e+03          1         21 0.0000e+00
   32.93938  -65.77392    19.1495   4.902240    36.5811    182.636    184.014    19.1508   4.903748    36.5927     0.0591 1.0000e-12    -0.0037   100.0942      98.67    211.637     4.8630 2.4786e+03          1         17 0.0000e+00
   32.93938  -65.77390    19.0819   4.894910    36.5800    183.634    185.019    19.0822   4.895487    36.5845     0.0351 1.0000e-12    -0.0040   100.1014      98.67    210.769     4.8431 2.4798e+03          1         19 0.0000e+00
   32.93938  -65.77390    19.0395   4.889892    36.5752    184.630    186.024    19.0404   4.890853    36.5825     0.0530 1.0000e-12    -0.0042   100.1064      98.68    208.349     4.7876 2.4798e+03          1         20 0.0000e+00
   32.93938  -65.77390    18.9733   4.882494    36.5718    185.610    187.011    18.9738   4.883174    36.5770     0.0416 1.0000e-12    -0.0044   100.1093      98.68    204.604     4.7016 2.4797e+03          1         29 0.0000e+00
   32.93938  -65.77390    18.9164   4.876133    36.5683    186.581    187.991    18.9167   4.876748    36.5732     0.0430 1.0000e-12    -0.0046   100.1153      98.67    201.712     4.6352 2.4797e+03          1         31 0.0000e+00
   32.93939  -65.77390    18.8372   4.867158    36.5628    187.584    189.002    18.8384   4.868233    36.5708     0.0467 1.0000e-12    -0.0048   100.1209      98.68    200.086     4.5979 2.4790e+03          1         29 0.0000e+00
   32.93940  -65.77390    18.7476   4.857200    36.5585    188.594    190.019    18.7485   4.858155    36.5658     0.0469 1.0000e-12    -0.0042   100.1049      98.68    199.130     4.5760 2.4789e+03          1         25 0.0000e+00
   32.93940  -65.77390    18.6443   4.845576    36.5526    189.568    191.002    18.6460   4.847097    36.5639     0.0458 1.0000e-12    -0.0024   100.0602      98.69    197.657     4.5423 2.4772e+03          1         22 0.0000e+00
   32.93940  -65.77390    18.5127   4.830719    36.5449    190.562    192.003    18.5135   4.832888    36.5626     0.0498 1.0000e-12    -0.0038   100.0946      98.68    196.160     4.5080 2.4769e+03          1         19 0.0000e+00
   32.93940  -65.77390    18.4165   4.820724    36.5458    191.623    193.073    18.4167   4.821228    36.5500     0.0343 1.0000e-12    -0.0052   100.1283      98.68    194.972     4.4808 2.4771e+03          1         20 0.0000e+00
   32.93940  -65.77390    18.4013   4.819167    36.5440    192.620    194.078    18.4013   4.819369    36.5456     0.0391 1.0000e-12    -0.0067   100.1677      98.67    191.412     4.3990 2.4790e+03          1         41 0.0000e+00
   32.93940  -65.77390    18.5298   4.833583    36.5448    193.445    194.910    18.5230   4.832583    36.5427     0.0447 1.0000e-12    -0.0066   100.1657      98.68    189.491     4.3547 2.4790e+03          1        138 0.0000e+00
   32.93940  -65.77390    18.3592   4.814183    36.5339    194.532    196.006    18.3494   4.814990    36.5495     0.0334 1.0000e-12    -0.0059   100.1465      98.67    194.876     4.4786 2.4766e+03          1         36 0.0000e+00
   32.93940  -65.77389    18.2610   4.804217    36.5354    195.660    197.142    18.2762   4.805836    36.5351     0.0421 1.0000e-12    -0.0062   100.1555      98.67    188.859     4.3404 2.4803e+03          1         95 0.0000e+00
   32.93940  -65.77388    18.2228   4.800054    36.5315    196.644    198.134    18.2205   4.800151    36.5344     0.0327 1.0000e-12    -0.0060   100.1506      98.68    187.753     4.3150 2.4777e+03          1        100 0.0000e+00
   32.93940  -65.77388    18.1893   4.796387    36.5286    197.407    198.903    18.1906   4.796795    36.5310     0.0418 1.0000e-12    -0.0077   100.1910      98.68    186.756     4.2921 2.4796e+03          1         54 0.0000e+00
   32.93941  -65.77388    18.1670   4.793936    36.5265    198.693    200.200    18.1685   4.794232    36.5276     0.0258 1.0000e-12    -0.0088   100.2205      98.68    186.942     4.2964 2.4788e+03          1         73 0.0000e+00
   32.93942  -65.77388    18.1615   4.793363    36.5250    199.456    200.969    18.1679   4.794343    36.5276     0.0206 1.0000e-12    -0.0091   100.2263      98.69    186.957     4.2968 2.4786e+03          1         88 0.0000e+00
   32.93942  -65.77386    18.1493   4.792125    36.5246    200.037    201.554    18.2288   4.801230    36.5310     0.0158 1.0000e-12    -0.0082   100.2052      98.69    187.227     4.3030 2.4800e+03          1         49 0.0000e+00
   32.93942  -65.77386    18.2181   4.799945    36.5286    199.531    201.045    18.3488   4.813863    36.5296     0.0412 1.0000e-12    -0.0089   100.2215      98.69    186.647     4.2896 2.4795e+03          1         99 0.0000e+00
   32.93942  -65.77386    18.2982   4.808617    36.5303    198.519    200.024    18.3719   4.817035    36.5370     0.0399 1.0000e-12    -0.0080   100.1988      98.68    187.860     4.3174 2.4795e+03          1         77 0.0000e+00
   32.93942  -65.77386    18.2732   4.806016    36.5321    197.506    199.003    18.2863   4.807793    36.5369     0.0374 1.0000e-12    -0.0088   100.2207      98.69    188.580     4.3340 2.4786e+03          1         83 0.0000e+00
   32.93942  -65.77386    18.2362   4.801859    36.5309    196.596    198.086    18.2363   4.802083    36.5339     0.0296 1.0000e-12    -0.0088   100.2188      98.69    187.681     4.3134 2.4788e+03          1         52 0.0000e+00
   32.93942  -65.77386    18.2112   4.798803    36.5279    195.530    197.011    18.2206   4.800066    36.5311     0.0319 1.0000e-12    -0.0095   100.2371      98.69    187.491     4.3090 2.4797e+03          1         31 0.0000e+00
   32.93942  -65.77384    18.2193   4.799629    36.5278    194.531    196.004    18.2229   4.800012    36.5286     0.0295 1.0000e-12    -0.0086   100.2140      98.69    187.131     4.3007 2.4781e+03          1         35 0.0000e+00
   32.93942  -65.77384    18.2426   4.802091    36.5278    193.508    194.973    18.2454   4.802285    36.5276     0.0151 1.0000e-12    -0.0084   100.2081      98.69    186.707     4.2910 2.4778e+03          1         31 0.0000e+00
   32.93942  -65.77384    18.2658   4.804600    36.5285    192.499    193.956    18.2602   4.804033    36.5293     0.0360 1.0000e-12    -0.0086   100.2147      98.69    186.789     4.2928 2.4776e+03          1         39 0.0000e+00
   32.93942  -65.77384    18.3245   4.810634    36.5269    191.619    193.069    18.3165   4.809434    36.5243     0.0311 1.0000e-12    -0.0084   100.2104      98.69    187.157     4.3012 2.4792e+03          1         46 0.0000e+00
   32.93942  -65.77384    18.3554   4.814386    36.5315    190.578    192.020    18.3499   4.813586    36.5300     0.0344 1.0000e-12    -0.0071   100.1776      98.69    187.486     4.3088 2.4795e+03          1         28 0.0000e+00
   32.93942  -65.77384    18.4401   4.824006    36.5367    189.573    191.006    18.4017   4.818942    36.5289     0.0204 1.0000e-12    -0.0080   100.2002      98.69    187.441     4.3076 2.4790e+03          1         20 0.0000e+00
   32.93942  -65.77384    18.5443   4.835279    36.5384    188.579    190.004    18.5364   4.833885    36.5339     0.0331 1.0000e-12    -0.0067   100.1676      98.69    187.567     4.3104 2.4787e+03          1         25 0.0000e+00
   32.93942  -65.77384    18.6417   4.846178    36.5437    187.585    189.002    18.5561   4.836963    36.5435     0.0334 1.0000e-12    -0.0064   100.1596      98.69    189.484     4.3544 2.4780e+03          1         35 0.0000e+00
   32.93942  -65.77384    18.6750   4.849694    36.5449    186.612    188.022    18.6542   4.846608    36.5374     0.0409 1.0000e-12    -0.0063   100.1567      98.69    192.544     4.4247 2.4780e+03          1         31 0.0000e+00
   32.93942  -65.77384    18.7259   4.855064    36.5455    185.597    186.999    18.7323   4.854891    36.5378     0.0415 1.0000e-12    -0.0067   100.1688      98.69    193.531     4.4473 2.4777e+03          1         22 0.0000e+00
   32.93942  -65.77384    18.8637   4.870670    36.5534    184.601    185.994    18.8160   4.864556    36.5447     0.0405 1.0000e-12    -0.0067   100.1688      98.69    193.479     4.4460 2.4787e+03          1         22 0.0000e+00
