Data/ruptures/KN207-01/QL-2/20701071.cnv
* Sea-Bird SBE 9 Data File:
* FileName = C:\Data\ctd\20701071.hex
* Software Version Seasave V 7.21e
* Temperature SN = 4406
* Conductivity SN = 1474
* Number of Bytes Per Scan = 40
* Number of Voltage Words = 5
* Number of Scans Averaged by the Deck Unit = 1
* NMEA Latitude = 32 58.93 N
* NMEA Longitude = 065 44.83 W
* NMEA UTC (Time) = May 01 2012 22:06:50
** R/V Knorr Cruise # KN207-01 QL 2
** Chief Scientist: Ben Van Mooy
# nquan = 21
# nvalues = 398                         
# units = specified
# name 0 = latitude: Latitude [deg]
# name 1 = longitude: Longitude [deg]
# name 2 = t090C: Temperature [ITS-90, deg C]
# name 3 = c0S/m: Conductivity [S/m]
# name 4 = sal00: Salinity, Practical [PSU]
# name 5 = depSM: Depth [salt water, m]
# name 6 = prDM: Pressure, Digiquartz [db]
# name 7 = t190C: Temperature, 2 [ITS-90, deg C]
# name 8 = c1S/m: Conductivity, 2 [S/m]
# name 9 = sal11: Salinity, Practical, 2 [PSU]
# name 10 = flECO-AFL: Fluorescence, WET Labs ECO-AFL/FL [mg/m^3]
# name 11 = par: PAR/Irradiance, Biospherical/Licor
# name 12 = bat: Beam Attenuation, Chelsea/Seatech [1/m]
# name 13 = xmiss: Beam Transmission, Chelsea/Seatech [%]
# name 14 = altM: Altimeter [m]
# name 15 = sbeox0Mm/Kg: Oxygen, SBE 43 [umol/kg]
# name 16 = sbeox0ML/L: Oxygen, SBE 43 [ml/l]
# name 17 = spar: SPAR/Surface Irradiance
# name 18 = pumps: Pump Status
# name 19 = nbin: number of scans per bin
# name 20 = flag: flag
# span 0 =   32.98219,   32.98442       
# span 1 =  -65.74723,  -65.74606       
# span 2 =    18.6352,    20.4807       
# span 3 =   4.846269,   5.039081       
# span 4 =    36.5538,    36.6152       
# span 5 =      2.270,    199.183       
# span 6 =      2.286,    200.694       
# span 7 =    18.6446,    20.4787       
# span 8 =   4.847212,   5.039119       
# span 9 =    36.5524,    36.6175       
# span 10 =     0.0288,     0.9117      
# span 11 = 1.0000e-12, 1.0000e-12      
# span 12 =    -0.0061,     0.0863      
# span 13 =    97.8645,   100.1527      
# span 14 =       5.32,      98.79      
# span 15 =    193.779,    224.538      
# span 16 =     4.4531,     5.1589      
# span 17 = 5.1409e+02, 1.0474e+03      
# span 18 =          1,          1      
# span 19 =         17,       1145      
# span 20 = 0.0000e+00, 0.0000e+00      
# interval = decibars: 1                
# start_time = May 01 2012 22:06:50 [NMEA time, header]
# bad_flag = -9.990e-29
*END*
[from data line 276]
   32.98340  -65.74664    19.3807   4.925664    36.5924    122.113    123.017    19.3809   4.925810    36.5935     0.2243 1.0000e-12     0.0071    99.8232      98.68    213.909     4.9150 6.5889e+02          1         21 0.0000e+00
   32.98340  -65.74664    19.3808   4.925654    36.5926    121.095    121.991    19.3808   4.925755    36.5934     0.2371 1.0000e-12     0.0076    99.8118      98.69    213.493     4.9054 6.6825e+02          1         19 0.0000e+00
   32.98342  -65.74664    19.3808   4.925597    36.5925    120.129    121.018    19.3807   4.925707    36.5934     0.2511 1.0000e-12     0.0099    99.7542      98.69    213.624     4.9084 6.6874e+02          1         20 0.0000e+00
   32.98342  -65.74664    19.3805   4.925507    36.5924    119.146    120.027    19.3804   4.925616    36.5934     0.2379 1.0000e-12     0.0102    99.7460      98.68    213.827     4.9131 6.7437e+02          1         25 0.0000e+00
   32.98342  -65.74664    19.3803   4.925427    36.5923    118.131    119.004    19.3803   4.925538    36.5932     0.2811 1.0000e-12     0.0110    99.7259      98.68    213.671     4.9095 6.9309e+02          1         28 0.0000e+00
   32.98342  -65.74664    19.3802   4.925372    36.5923    117.103    117.969    19.3802   4.925486    36.5932     0.2857 1.0000e-12     0.0113    99.7193      98.68    213.476     4.9050 6.8829e+02          1         25 0.0000e+00
   32.98342  -65.74664    19.3800   4.925298    36.5922    116.145    117.003    19.3800   4.925402    36.5931     0.2505 1.0000e-12     0.0110    99.7253      98.69    213.885     4.9144 6.8385e+02          1         21 0.0000e+00
   32.98342  -65.74662    19.3798   4.925208    36.5921    115.153    116.003    19.3798   4.925331    36.5931     0.2782 1.0000e-12     0.0133    99.6696      98.69    214.153     4.9206 6.7846e+02          1         26 0.0000e+00
   32.98342  -65.74662    19.3797   4.925165    36.5921    114.122    114.964    19.3797   4.925284    36.5931     0.2867 1.0000e-12     0.0121    99.6980      98.68    213.753     4.9114 6.8312e+02          1         29 0.0000e+00
   32.98342  -65.74662    19.3797   4.925109    36.5921    113.149    113.984    19.3796   4.925224    36.5931     0.2929 1.0000e-12     0.0118    99.7045      98.69    213.566     4.9071 6.9432e+02          1         30 0.0000e+00
   32.98342  -65.74662    19.3795   4.925059    36.5921    112.199    113.026    19.3795   4.925168    36.5930     0.3195 1.0000e-12     0.0129    99.6773      98.68    213.118     4.8968 6.9043e+02          1         23 0.0000e+00
   32.98343  -65.74662    19.3795   4.925006    36.5921    111.194    112.014    19.3796   4.925118    36.5930     0.3203 1.0000e-12     0.0150    99.6250      98.69    213.896     4.9147 6.9161e+02          1         21 0.0000e+00
   32.98344  -65.74662    19.3797   4.924988    36.5922    110.166    110.978    19.3799   4.925100    36.5930     0.3197 1.0000e-12     0.0130    99.6766      98.69    214.490     4.9283 6.9831e+02          1         19 0.0000e+00
   32.98344  -65.74662    19.3798   4.924979    36.5924    109.154    109.958    19.3801   4.925086    36.5930     0.4635 1.0000e-12     0.0145    99.6374      98.69    214.196     4.9216 7.0860e+02          1         18 0.0000e+00
   32.98344  -65.74662    19.3801   4.924949    36.5922    108.177    108.974    19.3803   4.925071    36.5930     0.3755 1.0000e-12     0.0160    99.6017      98.69    213.802     4.9125 7.1877e+02          1         18 0.0000e+00
   32.98344  -65.74662    19.3801   4.924902    36.5922    107.240    108.030    19.3803   4.925038    36.5931     0.3552 1.0000e-12     0.0150    99.6271      98.68    213.643     4.9088 7.3281e+02          1         23 0.0000e+00
   32.98344  -65.74662    19.3801   4.924877    36.5923    106.245    107.027    19.3805   4.925014    36.5931     0.3636 1.0000e-12     0.0164    99.5908      98.69    213.235     4.8995 7.3233e+02          1         33 0.0000e+00
   32.98344  -65.74662    19.3805   4.924862    36.5923    105.267    106.041    19.3808   4.925016    36.5932     0.3991 1.0000e-12     0.0181    99.5491      98.69    213.072     4.8957 7.2404e+02          1         29 0.0000e+00
   32.98344  -65.74662    19.3809   4.924869    36.5923    104.237    105.004    19.3811   4.925001    36.5933     0.5650 1.0000e-12     0.0209    99.4806      98.69    213.720     4.9106 7.1895e+02          1         23 0.0000e+00
   32.98344  -65.74662    19.3820   4.924982    36.5926    103.238    103.998    19.3820   4.925067    36.5934     0.3831 1.0000e-12     0.0216    99.4621      98.70    214.283     4.9235 7.1519e+02          1         21 0.0000e+00
   32.98344  -65.74662    19.3824   4.924964    36.5925    102.240    102.992    19.3827   4.925109    36.5935     0.4101 1.0000e-12     0.0202    99.4978      98.70    214.434     4.9270 7.0181e+02          1         24 0.0000e+00
   32.98344  -65.74662    19.3827   4.924957    36.5926    101.252    101.995    19.3828   4.925088    36.5935     0.4659 1.0000e-12     0.0217    99.4590      98.69    214.538     4.9294 7.1510e+02          1         26 0.0000e+00
   32.98346  -65.74662    19.3828   4.924919    36.5926    100.267    101.004    19.3827   4.925030    36.5936     0.4748 1.0000e-12     0.0216    99.4627      98.69    213.655     4.9091 7.2942e+02          1         27 0.0000e+00
   32.98346  -65.74662    19.3828   4.924887    36.5927     99.273    100.002    19.3828   4.924992    36.5935     0.4950 1.0000e-12     0.0234    99.4158      98.69    213.747     4.9112 7.3941e+02          1         23 0.0000e+00
   32.98346  -65.74662    19.3829   4.924829    36.5925     98.308     99.030    19.3831   4.924963    36.5934     0.4634 1.0000e-12     0.0233    99.4186      98.69    213.835     4.9133 7.5092e+02          1         22 0.0000e+00
   32.98346  -65.74662    19.3832   4.924825    36.5925     97.293     98.006    19.3832   4.924937    36.5935     0.5141 1.0000e-12     0.0258    99.3588      98.70    213.605     4.9080 7.4969e+02          1         23 0.0000e+00
   32.98346  -65.74662    19.3834   4.924819    36.5927     96.298     97.004    19.3835   4.924923    36.5935     0.5642 1.0000e-12     0.0263    99.3446      98.69    213.906     4.9149 7.5117e+02          1         24 0.0000e+00
   32.98348  -65.74660    19.3836   4.924784    36.5926     95.303     96.001    19.3838   4.924899    36.5934     0.5873 1.0000e-12     0.0294    99.2679      98.69    214.261     4.9230 7.4920e+02          1         22 0.0000e+00
   32.98348  -65.74660    19.3838   4.924725    36.5924     94.247     94.938    19.3837   4.924843    36.5934     0.5727 1.0000e-12     0.0324    99.1945      98.69    214.580     4.9304 7.5115e+02          1         23 0.0000e+00
   32.98348  -65.74660    19.3838   4.924688    36.5925     93.268     93.952    19.3837   4.924775    36.5933     0.6594 1.0000e-12     0.0389    99.0312      98.69    214.454     4.9275 7.6435e+02          1         53 0.0000e+00
   32.98348  -65.74660    19.3836   4.924626    36.5924     92.409     93.086    19.3843   4.924803    36.5932     0.6834 1.0000e-12     0.0459    98.8582      98.69    214.860     4.9368 7.7154e+02          1        167 0.0000e+00
   32.98350  -65.74659    19.3852   4.924736    36.5922     91.483     92.154    19.3855   4.924842    36.5929     0.7610 1.0000e-12     0.0477    98.8144      98.69    215.218     4.9450 8.0636e+02          1         99 0.0000e+00
   32.98357  -65.74655    19.3850   4.924602    36.5917     90.679     91.343    19.3849   4.924697    36.5925     0.8506 1.0000e-12     0.0498    98.7624      98.70    215.549     4.9526 8.7207e+02          1        483 0.0000e+00
   32.98362  -65.74652    19.3851   4.924530    36.5915     89.367     90.021    19.3851   4.924625    36.5922     0.8023 1.0000e-12     0.0528    98.6892      25.25    215.349     4.9480 9.0728e+02          1         30 0.0000e+00
   32.98362  -65.74652    19.3853   4.924510    36.5915     88.357     89.004    19.3853   4.924593    36.5921     0.8185 1.0000e-12     0.0507    98.7400      32.70    215.823     4.9589 9.1823e+02          1         28 0.0000e+00
   32.98364  -65.74650    19.3863   4.924563    36.5914     87.353     87.992    19.3862   4.924645    36.5922     0.8178 1.0000e-12     0.0548    98.6397      98.71    215.505     4.9516 9.2031e+02          1         33 0.0000e+00
   32.98364  -65.74650    19.3867   4.924562    36.5914     86.376     87.008    19.3868   4.924675    36.5922     0.8224 1.0000e-12     0.0527    98.6906      98.70    215.621     4.9543 9.1878e+02          1         36 0.0000e+00
   32.98364  -65.74650    19.3875   4.924613    36.5915     85.414     86.038    19.3874   4.924682    36.5921     0.8272 1.0000e-12     0.0551    98.6318      98.71    216.038     4.9638 9.1880e+02          1         30 0.0000e+00
   32.98364  -65.74650    19.3886   4.924669    36.5914     84.403     85.020    19.3878   4.924685    36.5922     0.7966 1.0000e-12     0.0600    98.5116      98.70    216.146     4.9663 9.1911e+02          1         27 0.0000e+00
   32.98364  -65.74650    19.3898   4.924749    36.5913     83.364     83.973    19.3897   4.924815    36.5920     0.7750 1.0000e-12     0.0620    98.4614      98.71    216.138     4.9661 9.3352e+02          1         26 0.0000e+00
   32.98364  -65.74650    19.3907   4.924806    36.5914     82.376     82.978    19.3907   4.924881    36.5921     0.7377 1.0000e-12     0.0598    98.5150      98.70    215.923     4.9612 9.3532e+02          1         23 0.0000e+00
   32.98364  -65.74650    19.3914   4.924829    36.5913     81.426     82.020    19.3916   4.924914    36.5919     0.7094 1.0000e-12     0.0620    98.4607      98.70    216.797     4.9813 9.3642e+02          1         25 0.0000e+00
   32.98364  -65.74650    19.3924   4.924897    36.5914     80.445     81.032    19.3921   4.924948    36.5921     0.7491 1.0000e-12     0.0610    98.4871      98.70    217.256     4.9918 9.3859e+02          1         26 0.0000e+00
   32.98365  -65.74650    19.3928   4.924891    36.5914     79.446     80.025    19.3924   4.924921    36.5920     0.7285 1.0000e-12     0.0597    98.5187      98.70    217.015     4.9863 9.2701e+02          1         26 0.0000e+00
   32.98366  -65.74650    19.3938   4.924951    36.5914     78.439     79.011    19.3934   4.924978    36.5920     0.7027 1.0000e-12     0.0590    98.5368      98.70    216.613     4.9770 9.2866e+02          1         25 0.0000e+00
   32.98366  -65.74650    19.3950   4.925041    36.5915     77.441     78.006    19.3947   4.925064    36.5919     0.6143 1.0000e-12     0.0567    98.5925      98.71    216.754     4.9803 9.4164e+02          1         22 0.0000e+00
   32.98366  -65.74650    19.3970   4.925180    36.5912     76.439     76.996    19.3961   4.925164    36.5918     0.6639 1.0000e-12     0.0581    98.5575      98.71    217.238     4.9914 9.5398e+02          1         21 0.0000e+00
   32.98366  -65.74650    19.3990   4.925387    36.5915     75.434     75.984    19.3988   4.925404    36.5918     0.6248 1.0000e-12     0.0579    98.5640      98.70    217.429     4.9958 9.7669e+02          1         20 0.0000e+00
   32.98366  -65.74650    19.3999   4.925429    36.5915     74.428     74.970    19.3995   4.925460    36.5920     0.5693 1.0000e-12     0.0575    98.5734      98.70    217.890     5.0064 9.8180e+02          1         21 0.0000e+00
   32.98366  -65.74648    19.4018   4.925594    36.5915     73.423     73.957    19.4017   4.925642    36.5920     0.5417 1.0000e-12     0.0574    98.5751      98.70    218.251     5.0147 9.7891e+02          1         26 0.0000e+00
   32.98366  -65.74648    19.4024   4.925614    36.5916     72.435     72.962    19.4027   4.925737    36.5923     0.5515 1.0000e-12     0.0578    98.5666      98.71    218.316     5.0162 9.5343e+02          1         45 0.0000e+00
   32.98366  -65.74648    19.4036   4.925667    36.5913     71.541     72.062    19.4040   4.925791    36.5919     0.5618 1.0000e-12     0.0576    98.5714      75.45    218.722     5.0255 9.3118e+02          1         29 0.0000e+00
   32.98366  -65.74648    19.4056   4.925827    36.5912     70.476     70.989    19.4053   4.925882    36.5920     0.4776 1.0000e-12     0.0567    98.5933      98.71    218.572     5.0221 9.4017e+02          1         25 0.0000e+00
   32.98368  -65.74650    19.4079   4.926010    36.5911     69.512     70.018    19.4076   4.926036    36.5916     0.4357 1.0000e-12     0.0594    98.5269      98.70    218.439     5.0190 9.5960e+02          1         21 0.0000e+00
   32.98368  -65.74650    19.4100   4.926206    36.5913     68.414     68.911    19.4104   4.926334    36.5920     0.4215 1.0000e-12     0.0611    98.4850      98.71    218.619     5.0231 9.7825e+02          1         40 0.0000e+00
   32.98368  -65.74649    19.4091   4.926071    36.5913     67.766     68.259    19.4086   4.926113    36.5921     0.4609 1.0000e-12     0.0603    98.5047      98.71    218.725     5.0256 9.7124e+02          1        152 0.0000e+00
   32.98371  -65.74647    19.4142   4.926585    36.5916     66.550     67.034    19.4149   4.926750    36.5923     0.4333 1.0000e-12     0.0625    98.4493      98.71    219.265     5.0380 9.8405e+02          1        213 0.0000e+00
   32.98377  -65.74644    19.4172   4.926848    36.5915     65.806     66.284    19.4173   4.926919    36.5920     0.3892 1.0000e-12     0.0624    98.4526      86.07    219.755     5.0492 1.0314e+03          1         86 0.0000e+00
   32.98382  -65.74642    19.4192   4.926990    36.5914     64.517     64.985    19.4189   4.927041    36.5921     0.3935 1.0000e-12     0.0619    98.4638      72.00    219.765     5.0494 1.0474e+03          1         30 0.0000e+00
   32.98383  -65.74641    19.4212   4.927191    36.5916     63.513     63.973    19.4214   4.927294    36.5923     0.3951 1.0000e-12     0.0622    98.4567      98.72    220.016     5.0552 1.0332e+03          1         64 0.0000e+00
   32.98384  -65.74640    19.4232   4.927356    36.5917     62.598     63.052    19.4229   4.927403    36.5923     0.3966 1.0000e-12     0.0638    98.4178      98.72    219.439     5.0420 1.0292e+03          1         36 0.0000e+00
   32.98384  -65.74640    19.4257   4.927568    36.5915     61.565     62.012    19.4247   4.927504    36.5919     0.3768 1.0000e-12     0.0630    98.4364      98.72    219.727     5.0485 1.0188e+03          1         24 0.0000e+00
   32.98384  -65.74640    19.4293   4.927876    36.5913     60.552     60.990    19.4287   4.927848    36.5915     0.3738 1.0000e-12     0.0657    98.3706      98.72    219.674     5.0473 1.0321e+03          1         22 0.0000e+00
   32.98384  -65.74640    19.4332   4.928236    36.5912     59.551     59.983    19.4318   4.928122    36.5915     0.3415 1.0000e-12     0.0685    98.3015      98.72    219.877     5.0520 1.0313e+03          1         23 0.0000e+00
   32.98384  -65.74640    19.4368   4.928553    36.5910     58.578     59.003    19.4367   4.928600    36.5915     0.3652 1.0000e-12     0.0662    98.3593      98.72    220.430     5.0647 1.0355e+03          1         27 0.0000e+00
   32.98384  -65.74640    19.4377   4.928577    36.5908     57.610     58.027    19.4387   4.928752    36.5913     0.3516 1.0000e-12     0.0654    98.3774      98.72    221.346     5.0857 1.0278e+03          1         25 0.0000e+00
   32.98384  -65.74640    19.4410   4.928901    36.5909     56.626     57.036    19.4403   4.928894    36.5915     0.3589 1.0000e-12     0.0657    98.3707      98.72    221.339     5.0856 1.0228e+03          1         27 0.0000e+00
   32.98385  -65.74640    19.4449   4.929259    36.5908     55.600     56.002    19.4449   4.929288    36.5911     0.3366 1.0000e-12     0.0663    98.3550      98.72    221.278     5.0842 1.0262e+03          1         30 0.0000e+00
