Data/ruptures/KN207-01/QL-2/20701083.cnv
* Sea-Bird SBE 9 Data File:
* FileName = C:\Data\ctd\20701083.hex
* Software Version Seasave V 7.21e
* Temperature SN = 4406
* Conductivity SN = 1474
* Number of Bytes Per Scan = 40
* Number of Voltage Words = 5
* Number of Scans Averaged by the Deck Unit = 1
* NMEA Latitude = 33 14.98 N
* NMEA Longitude = 065 42.62 W
* NMEA UTC (Time) = May 03 2012 15:09:45
** R/V Knorr Cruise # KN207-01 QL 2
** Chief Scientist: Ben Van Mooy
# nquan = 21
# nvalues = 398                         
# units = specified
# name 0 = latitude: Latitude [deg]
# name 1 = longitude: Longitude [deg]
# name 2 = t090C: Temperature [ITS-90, deg C]
# name 3 = c0S/m: Conductivity [S/m]
# name 4 = sal00: Salinity, Practical [PSU]
# name 5 = depSM: Depth [salt water, m]
# name 6 = prDM: Pressure, Digiquartz [db]
# name 7 = t190C: Temperature, 2 [ITS-90, deg C]
# name 8 = c1S/m: Conductivity, 2 [S/m]
# name 9 = sal11: Salinity, Practical, 2 [PSU]
# name 10 = flECO-AFL: Fluorescence, WET Labs ECO-AFL/FL [mg/m^3]
# name 11 = par: PAR/Irradiance, Biospherical/Licor
# name 12 = bat: Beam Attenuation, Chelsea/Seatech [1/m]
# name 13 = xmiss: Beam Transmission, Chelsea/Seatech [%]
# name 14 = altM: Altimeter [m]
# name 15 = sbeox0Mm/Kg: Oxygen, SBE 43 [umol/kg]
# name 16 = sbeox0ML/L: Oxygen, SBE 43 [ml/l]
# name 17 = spar: SPAR/Surface Irradiance
# name 18 = pumps: Pump Status
# name 19 = nbin: number of scans per bin
# name 20 = flag: flag
# span 0 =   33.24942,   33.25000       
# span 1 =  -65.71247,  -65.71038       
# span 2 =    19.1861,    20.3503       
# span 3 =   4.910484,   5.023022       
# span 4 =    36.5769,    36.6154       
# span 5 =      2.928,    200.075       
# span 6 =      2.949,    201.599       
# span 7 =    19.1816,    20.3516       
# span 8 =   4.910074,   5.023049       
# span 9 =    36.5775,    36.6162       
# span 10 =     0.0304,     0.8819      
# span 11 = 1.0000e-12, 1.0000e-12      
# span 12 =    -0.0096,     0.0727      
# span 13 =    98.1979,   100.2408      
# span 14 =       1.02,      98.84      
# span 15 =    201.727,    222.703      
# span 16 =     4.6353,     5.1167      
# span 17 = 1.6575e+02, 4.5574e+02      
# span 18 =          1,          1      
# span 19 =         16,       1652      
# span 20 = 0.0000e+00, 0.0000e+00      
# interval = decibars: 1                
# start_time = May 03 2012 15:09:45 [NMEA time, header]
# bad_flag = -9.990e-29
*END*
[from data line 69]
   33.24974  -65.71038    19.4334   4.928974    36.5926     72.654     73.185    19.4318   4.928897    36.5934     0.5066 1.0000e-12     0.0655    98.3764      98.70    216.750     4.9802 2.3830e+02          1        101 0.0000e+00
   33.24974  -65.71039    19.4293   4.928604    36.5929     73.404     73.940    19.4293   4.928687    36.5936     0.5515 1.0000e-12     0.0651    98.3863      98.70    216.645     4.9778 2.3874e+02          1         39 0.0000e+00
   33.24974  -65.71040    19.4271   4.928414    36.5929     74.468     75.012    19.4270   4.928464    36.5934     0.5899 1.0000e-12     0.0689    98.2926      98.69    216.776     4.9808 2.3893e+02          1         27 0.0000e+00
   33.24974  -65.71040    19.4266   4.928421    36.5929     75.472     76.024    19.4265   4.928469    36.5934     0.6447 1.0000e-12     0.0725    98.2040      98.70    215.926     4.9612 2.3911e+02          1         31 0.0000e+00
   33.24974  -65.71040    19.4239   4.928136    36.5926     76.491     77.050    19.4237   4.928214    36.5934     0.6760 1.0000e-12     0.0727    98.1979      98.70    216.385     4.9718 2.3956e+02          1         56 0.0000e+00
   33.24974  -65.71040    19.4225   4.928029    36.5926     77.297     77.862    19.4223   4.928078    36.5932     0.7587 1.0000e-12     0.0725    98.2029      98.70    215.307     4.9470 2.4079e+02          1         76 0.0000e+00
   33.24974  -65.71040    19.4214   4.927974    36.5926     78.437     79.010    19.4214   4.928031    36.5931     0.6968 1.0000e-12     0.0721    98.2153      98.70    215.322     4.9474 2.4098e+02          1         30 0.0000e+00
   33.24976  -65.71040    19.4198   4.927079    36.5862     79.452     80.034    19.4198   4.927942    36.5933     0.6888 1.0000e-12     0.0723    98.2103      98.70    215.580     4.9533 2.4179e+02          1         28 0.0000e+00
   33.24976  -65.71040    19.4180   4.927722    36.5928     80.489     81.078    19.4180   4.927788    36.5933     0.7441 1.0000e-12     0.0697    98.2721      98.70    215.145     4.9433 2.4307e+02          1         67 0.0000e+00
   33.24975  -65.71040    19.4167   4.927639    36.5929     81.298     81.893    19.4166   4.927700    36.5935     0.7571 1.0000e-12     0.0673    98.3321      98.70    214.605     4.9309 2.4336e+02          1         51 0.0000e+00
   33.24974  -65.71040    19.4152   4.927551    36.5930     82.382     82.986    19.4152   4.927613    36.5936     0.7297 1.0000e-12     0.0640    98.4125      98.70    214.277     4.9234 2.4530e+02          1         32 0.0000e+00
   33.24974  -65.71040    19.4145   4.927532    36.5930     83.443     84.054    19.4145   4.927600    36.5936     0.7256 1.0000e-12     0.0626    98.4467      98.70    213.604     4.9079 2.4633e+02          1         49 0.0000e+00
   33.24974  -65.71040    19.4135   4.927448    36.5929     84.301     84.919    19.4134   4.927514    36.5935     0.7635 1.0000e-12     0.0617    98.4696      98.69    214.175     4.9210 2.4756e+02          1         59 0.0000e+00
   33.24974  -65.71040    19.4126   4.927411    36.5930     85.365     85.990    19.4125   4.927470    36.5936     0.6934 1.0000e-12     0.0543    98.6515      98.69    214.063     4.9184 2.4953e+02          1         30 0.0000e+00
   33.24975  -65.71040    19.4120   4.927370    36.5928     86.421     87.055    19.4120   4.927442    36.5934     0.6870 1.0000e-12     0.0510    98.7327      98.70    213.576     4.9073 2.5056e+02          1         64 0.0000e+00
   33.24976  -65.71040    19.4099   4.927131    36.5923     87.289     87.929    19.4099   4.927214    36.5930     0.7066 1.0000e-12     0.0498    98.7614      98.70    213.336     4.9017 2.5238e+02          1         42 0.0000e+00
   33.24976  -65.71040    19.4100   4.927222    36.5925     88.390     89.039    19.4099   4.927271    36.5930     0.6157 1.0000e-12     0.0479    98.8105      98.70    213.486     4.9052 2.5404e+02          1         35 0.0000e+00
   33.24976  -65.71040    19.4112   4.927453    36.5930     89.371     90.028    19.4111   4.927497    36.5934     0.6513 1.0000e-12     0.0454    98.8709      98.70    213.010     4.8943 2.5536e+02          1         67 0.0000e+00
   33.24976  -65.71040    19.4111   4.927532    36.5933     90.288     90.952    19.4111   4.927590    36.5938     0.6276 1.0000e-12     0.0430    98.9315      98.70    212.911     4.8920 2.5755e+02          1         37 0.0000e+00
   33.24976  -65.71040    19.4102   4.927474    36.5933     91.324     91.995    19.4101   4.927536    36.5939     0.5906 1.0000e-12     0.0431    98.9283      98.70    212.983     4.8936 2.5882e+02          1         36 0.0000e+00
   33.24976  -65.71042    19.4089   4.927337    36.5929     92.312     92.990    19.4090   4.927435    36.5936     0.5718 1.0000e-12     0.0385    99.0417      98.70    212.890     4.8915 2.6037e+02          1         68 0.0000e+00
   33.24976  -65.71042    19.4055   4.926943    36.5923     93.315     94.001    19.4053   4.927018    36.5931     0.5194 1.0000e-12     0.0392    99.0265      98.70    212.728     4.8878 2.6205e+02          1         38 0.0000e+00
   33.24976  -65.71042    19.3983   4.926060    36.5910     94.334     95.028    19.3979   4.926094    36.5916     0.5220 1.0000e-12     0.0367    99.0872      98.70    212.980     4.8936 2.6332e+02          1         43 0.0000e+00
   33.24976  -65.71042    19.3954   4.925701    36.5902     95.242     95.943    19.3953   4.925764    36.5909     0.4918 1.0000e-12     0.0330    99.1772      98.70    212.519     4.8830 2.6482e+02          1         46 0.0000e+00
   33.24976  -65.71042    19.3961   4.925877    36.5906     96.307     97.016    19.3958   4.925901    36.5910     0.4663 1.0000e-12     0.0300    99.2522      98.71    212.655     4.8861 2.6592e+02          1         43 0.0000e+00
   33.24976  -65.71042    19.3995   4.926473    36.5921     97.238     97.953    19.3991   4.926448    36.5923     0.4638 1.0000e-12     0.0259    99.3532      98.71    212.044     4.8721 2.6727e+02          1         66 0.0000e+00
   33.24976  -65.71042    19.4003   4.926704    36.5929     98.267     98.991    19.4002   4.926767    36.5935     0.4176 1.0000e-12     0.0240    99.4032      98.70    211.848     4.8676 2.6815e+02          1         38 0.0000e+00
   33.24976  -65.71042    19.3997   4.926662    36.5927     99.287    100.018    19.3997   4.926730    36.5933     0.3932 1.0000e-12     0.0214    99.4667      98.70    212.161     4.8748 2.6879e+02          1         36 0.0000e+00
   33.24976  -65.71042    19.3993   4.926639    36.5924    100.296    101.035    19.3993   4.926699    36.5930     0.4246 1.0000e-12     0.0218    99.4568      98.70    212.215     4.8760 2.6967e+02          1         64 0.0000e+00
   33.24976  -65.71042    19.3994   4.926693    36.5925    101.221    101.967    19.3995   4.926778    36.5931     0.4316 1.0000e-12     0.0214    99.4671      98.71    212.378     4.8797 2.7006e+02          1         44 0.0000e+00
   33.24976  -65.71042    19.3993   4.926730    36.5925    102.213    102.966    19.3991   4.926780    36.5931     0.4279 1.0000e-12     0.0223    99.4449      98.70    212.135     4.8742 2.7065e+02          1         30 0.0000e+00
   33.24976  -65.71042    19.4003   4.926931    36.5929    103.215    103.977    19.4000   4.926956    36.5934     0.4116 1.0000e-12     0.0215    99.4633      98.71    211.916     4.8691 2.7095e+02          1         28 0.0000e+00
   33.24976  -65.71042    19.4015   4.927199    36.5937    104.198    104.967    19.4010   4.927171    36.5939     0.3814 1.0000e-12     0.0215    99.4631      98.71    212.413     4.8806 2.7129e+02          1         29 0.0000e+00
   33.24976  -65.71042    19.4062   4.928000    36.5958    105.204    105.981    19.4060   4.928007    36.5959     0.3669 1.0000e-12     0.0204    99.4917      98.71    212.207     4.8758 2.7041e+02          1         36 0.0000e+00
   33.24976  -65.71042    19.4070   4.928190    36.5963    106.198    106.982    19.4068   4.928253    36.5970     0.3703 1.0000e-12     0.0188    99.5304      98.71    212.229     4.8763 2.7031e+02          1         28 0.0000e+00
   33.24976  -65.71042    19.4055   4.928056    36.5962    107.223    108.015    19.4056   4.928162    36.5969     0.3721 1.0000e-12     0.0213    99.4683      98.71    213.101     4.8964 2.7098e+02          1         23 0.0000e+00
   33.24976  -65.71042    19.4024   4.927713    36.5957    108.218    109.018    19.4024   4.927820    36.5966     0.3575 1.0000e-12     0.0221    99.4490      98.71    213.170     4.8980 2.7082e+02          1         22 0.0000e+00
   33.24976  -65.71042    19.4003   4.927506    36.5955    109.192    109.999    19.4002   4.927561    36.5960     0.3475 1.0000e-12     0.0212    99.4724      98.71    213.338     4.9018 2.7092e+02          1         22 0.0000e+00
   33.24976  -65.71042    19.3998   4.927466    36.5953    110.200    111.015    19.3997   4.927542    36.5959     0.3287 1.0000e-12     0.0185    99.5388      98.71    213.525     4.9061 2.7010e+02          1         23 0.0000e+00
   33.24976  -65.71042    19.3994   4.927465    36.5952    111.216    112.038    19.3993   4.927521    36.5957     0.3118 1.0000e-12     0.0174    99.5667      98.70    213.085     4.8960 2.6991e+02          1         23 0.0000e+00
   33.24976  -65.71042    19.3988   4.927430    36.5951    112.180    113.010    19.3991   4.927545    36.5958     0.3149 1.0000e-12     0.0149    99.6291      98.71    212.395     4.8801 2.6957e+02          1         26 0.0000e+00
   33.24976  -65.71042    19.3978   4.927335    36.5948    113.137    113.974    19.3978   4.927426    36.5955     0.3064 1.0000e-12     0.0150    99.6248      98.71    212.755     4.8884 2.6810e+02          1         32 0.0000e+00
   33.24976  -65.71043    19.3955   4.927080    36.5943    114.138    114.983    19.3956   4.927178    36.5951     0.2646 1.0000e-12     0.0157    99.6094      98.71    212.102     4.8734 2.6776e+02          1         28 0.0000e+00
   33.24976  -65.71044    19.3947   4.927028    36.5942    115.144    115.997    19.3945   4.927090    36.5949     0.2434 1.0000e-12     0.0152    99.6215      98.71    212.444     4.8813 2.6768e+02          1         23 0.0000e+00
   33.24976  -65.71044    19.3939   4.926952    36.5940    116.134    116.994    19.3938   4.927014    36.5946     0.2534 1.0000e-12     0.0150    99.6260      98.71    212.880     4.8913 2.6756e+02          1         18 0.0000e+00
   33.24976  -65.71044    19.3933   4.926925    36.5939    117.107    117.975    19.3926   4.926915    36.5944     0.2621 1.0000e-12     0.0113    99.7176      98.71    212.277     4.8774 2.6716e+02          1         17 0.0000e+00
   33.24976  -65.71044    19.3914   4.926716    36.5935    118.104    118.980    19.3912   4.926798    36.5943     0.2710 1.0000e-12     0.0101    99.7474      98.70    211.859     4.8678 2.6632e+02          1         18 0.0000e+00
   33.24976  -65.71044    19.3902   4.926603    36.5932    119.138    120.021    19.3901   4.926678    36.5939     0.2648 1.0000e-12     0.0095    99.7634      98.71    212.157     4.8747 2.6554e+02          1         24 0.0000e+00
   33.24976  -65.71044    19.3900   4.926644    36.5932    120.152    121.044    19.3900   4.926696    36.5937     0.2505 1.0000e-12     0.0077    99.8071      98.71    212.018     4.8715 2.6416e+02          1         38 0.0000e+00
   33.24976  -65.71044    19.3895   4.926621    36.5931    121.077    121.976    19.3894   4.926676    36.5937     0.2700 1.0000e-12     0.0064    99.8390      98.71    211.675     4.8636 2.6337e+02          1         30 0.0000e+00
   33.24976  -65.71044    19.3874   4.926400    36.5928    122.068    122.974    19.3873   4.926479    36.5936     0.2379 1.0000e-12     0.0066    99.8352      98.70    212.026     4.8717 2.6313e+02          1         24 0.0000e+00
   33.24976  -65.71044    19.3857   4.926267    36.5929    123.063    123.976    19.3855   4.926321    36.5935     0.2230 1.0000e-12     0.0049    99.8774      98.70    212.350     4.8791 2.6225e+02          1         23 0.0000e+00
   33.24976  -65.71044    19.3852   4.926303    36.5932    124.079    125.001    19.3851   4.926353    36.5937     0.2013 1.0000e-12     0.0049    99.8766      98.71    212.277     4.8774 2.6109e+02          1         22 0.0000e+00
   33.24976  -65.71044    19.3829   4.926042    36.5927    125.108    126.037    19.3829   4.926173    36.5937     0.1826 1.0000e-12     0.0034    99.9158      98.72    212.270     4.8773 2.6062e+02          1         18 0.0000e+00
   33.24976  -65.71044    19.3805   4.925766    36.5922    126.082    127.019    19.3802   4.925819    36.5929     0.1781 1.0000e-12     0.0023    99.9415      98.70    212.246     4.8767 2.5938e+02          1         18 0.0000e+00
   33.24976  -65.71044    19.3798   4.925742    36.5921    127.061    128.006    19.3798   4.925815    36.5928     0.1911 1.0000e-12     0.0019    99.9534      98.72    212.246     4.8768 2.5876e+02          1         20 0.0000e+00
   33.24976  -65.71044    19.3801   4.925846    36.5924    128.077    129.030    19.3800   4.925907    36.5929     0.1562 1.0000e-12     0.0016    99.9594      98.70    212.195     4.8756 2.5804e+02          1         31 0.0000e+00
   33.24976  -65.71044    19.3802   4.925916    36.5924    129.043    130.003    19.3802   4.925970    36.5929     0.1915 1.0000e-12     0.0017    99.9564      98.72    211.623     4.8624 2.5652e+02          1         30 0.0000e+00
   33.24976  -65.71044    19.3801   4.925951    36.5925    130.006    130.973    19.3800   4.926017    36.5931     0.1694 1.0000e-12     0.0019    99.9527      98.71    211.249     4.8538 2.5581e+02          1         25 0.0000e+00
   33.24976  -65.71044    19.3798   4.926013    36.5928    131.015    131.990    19.3798   4.926065    36.5933     0.1669 1.0000e-12     0.0013    99.9672      98.71    211.617     4.8623 2.5446e+02          1         26 0.0000e+00
   33.24976  -65.71044    19.3800   4.926069    36.5927    132.015    132.998    19.3799   4.926152    36.5935     0.1644 1.0000e-12     0.0016    99.9601      98.71    211.851     4.8677 2.5332e+02          1         23 0.0000e+00
   33.24976  -65.71044    19.3804   4.926255    36.5936    133.020    134.011    19.3803   4.926311    36.5941     0.1500 1.0000e-12     0.0018    99.9558      98.71    211.753     4.8654 2.5215e+02          1         25 0.0000e+00
   33.24976  -65.71044    19.3808   4.926390    36.5939    134.012    135.011    19.3807   4.926445    36.5944     0.1514 1.0000e-12     0.0014    99.9641      98.70    211.982     4.8707 2.5174e+02          1         21 0.0000e+00
   33.24976  -65.71044    19.3803   4.926399    36.5941    134.945    135.951    19.3802   4.926463    36.5947     0.1530 1.0000e-12     0.0008    99.9818      98.71    211.973     4.8705 2.5028e+02          1         20 0.0000e+00
   33.24976  -65.71044    19.3791   4.926349    36.5944    135.970    136.984    19.3790   4.926393    36.5948     0.1528 1.0000e-12     0.0010    99.9751      98.71    211.934     4.8696 2.4983e+02          1         21 0.0000e+00
   33.24976  -65.71044    19.3801   4.926562    36.5948    136.998    138.020    19.3800   4.926627    36.5954     0.1472 1.0000e-12     0.0015    99.9635      98.72    212.083     4.8730 2.4935e+02          1         23 0.0000e+00
   33.24976  -65.71044    19.3798   4.926577    36.5949    137.989    139.018    19.3797   4.926669    36.5957     0.1714 1.0000e-12     0.0022    99.9455      98.71    211.587     4.8616 2.4778e+02          1         25 0.0000e+00
   33.24976  -65.71044    19.3797   4.926631    36.5950    138.968    140.005    19.3796   4.926606    36.5949     0.1974 1.0000e-12     0.0035    99.9136      98.71    211.824     4.8671 2.4663e+02          1         30 0.0000e+00
