Data/ruptures/KN207-01/QL-2/20701066.cnv
* Sea-Bird SBE 9 Data File:
* FileName = C:\Data\ctd\20701066.hex
* Software Version Seasave V 7.21e
* Temperature SN = 4406
* Conductivity SN = 1474
* Number of Bytes Per Scan = 40
* Number of Voltage Words = 5
* Number of Scans Averaged by the Deck Unit = 1
* NMEA Latitude = 32 55.99 N
* NMEA Longitude = 065 46.62 W
* NMEA UTC (Time) = May 01 2012 12:04:50
** R/V Knorr Cruise # KN207-01 QL 2
** Chief Scientist: Ben Van Mooy
# nquan = 21
# nvalues = 398                         
# units = specified
# name 0 = latitude: Latitude [deg]
# name 1 = longitude: Longitude [deg]
# name 2 = t090C: Temperature [ITS-90, deg C]
# name 3 = c0S/m: Conductivity [S/m]
# name 4 = sal00: Salinity, Practical [PSU]
# name 5 = depSM: Depth [salt water, m]
# name 6 = prDM: Pressure, Digiquartz [db]
# name 7 = t190C: Temperature, 2 [ITS-90, deg C]
# name 8 = c1S/m: Conductivity, 2 [S/m]
# name 9 = sal11: Salinity, Practical, 2 [PSU]
# name 10 = flECO-AFL: Fluorescence, WET Labs ECO-AFL/FL [mg/m^3]
# name 11 = par: PAR/Irradiance, Biospherical/Licor
# name 12 = bat: Beam Attenuation, Chelsea/Seatech [1/m]
# name 13 = xmiss: Beam Transmission, Chelsea/Seatech [%]
# name 14 = altM: Altimeter [m]
# name 15 = sbeox0Mm/Kg: Oxygen, SBE 43 [umol/kg]
# name 16 = sbeox0ML/L: Oxygen, SBE 43 [ml/l]
# name 17 = spar: SPAR/Surface Irradiance
# name 18 = pumps: Pump Status
# name 19 = nbin: number of scans per bin
# name 20 = flag: flag
# span 0 =   32.93323,   32.93372       
# span 1 =  -65.77726,  -65.77704       
# span 2 =    18.0679,    20.2467       
# span 3 =   4.783400,   5.014346       
# span 4 =    36.5209,    36.6101       
# span 5 =      3.165,    200.183       
# span 6 =      3.187,    201.701       
# span 7 =    18.0695,    20.2490       
# span 8 =   4.783676,   5.014600       
# span 9 =    36.5164,    36.6118       
# span 10 =     0.0053,     0.8200      
# span 11 = 1.0000e-12, 1.0000e-12      
# span 12 =    -0.0098,     0.0713      
# span 13 =    98.2341,   100.2465      
# span 14 =      11.76,      98.75      
# span 15 =    186.153,    222.129      
# span 16 =     4.2783,     5.1035      
# span 17 = 5.9988e+02, 2.4316e+03      
# span 18 =          1,          1      
# span 19 =         16,       1630      
# span 20 = 0.0000e+00, 0.0000e+00      
# interval = decibars: 1                
# start_time = May 01 2012 12:04:50 [NMEA time, header]
# bad_flag = -9.990e-29
*END*
[from data line 138]
   32.93335  -65.77726    19.3755   4.926128    36.5937    140.936    141.985    19.3755   4.926271    36.5949     0.1532 1.0000e-12     0.0055    99.8609      98.63    212.777     4.8890 7.6734e+02          1         16 0.0000e+00
   32.93336  -65.77726    19.3755   4.926171    36.5937    141.936    142.993    19.3756   4.926337    36.5950     0.1675 1.0000e-12     0.0070    99.8259      98.62    212.939     4.8927 7.6808e+02          1         18 0.0000e+00
   32.93336  -65.77726    19.3752   4.926193    36.5937    142.972    144.036    19.3753   4.926331    36.5948     0.1570 1.0000e-12     0.0095    99.7633      98.63    213.614     4.9082 7.7068e+02          1         22 0.0000e+00
   32.93336  -65.77726    19.3752   4.926208    36.5935    143.945    145.017    19.3752   4.926369    36.5948     0.1597 1.0000e-12     0.0079    99.8030      98.63    213.539     4.9065 7.7363e+02          1         28 0.0000e+00
   32.93336  -65.77726    19.3750   4.926236    36.5935    144.916    145.996    19.3751   4.926383    36.5947     0.1608 1.0000e-12     0.0070    99.8242      98.63    213.020     4.8945 7.7204e+02          1         28 0.0000e+00
   32.93336  -65.77726    19.3754   4.926324    36.5936    145.905    146.992    19.3754   4.926480    36.5948     0.1538 1.0000e-12     0.0066    99.8344      98.63    213.323     4.9015 7.6805e+02          1         25 0.0000e+00
   32.93336  -65.77726    19.3751   4.926338    36.5935    146.910    148.006    19.3752   4.926471    36.5946     0.1602 1.0000e-12     0.0062    99.8446      98.63    213.446     4.9043 7.6434e+02          1         26 0.0000e+00
   32.93336  -65.77726    19.3752   4.926378    36.5934    147.921    149.024    19.3752   4.926501    36.5945     0.1262 1.0000e-12     0.0055    99.8609      98.63    213.044     4.8951 7.6462e+02          1         32 0.0000e+00
   32.93336  -65.77726    19.3755   4.926472    36.5936    148.874    149.985    19.3755   4.926615    36.5948     0.1444 1.0000e-12     0.0058    99.8535      98.65    212.180     4.8752 7.6854e+02          1         26 0.0000e+00
   32.93336  -65.77726    19.3756   4.926532    36.5936    149.871    150.990    19.3755   4.926672    36.5948     0.1248 1.0000e-12     0.0066    99.8352      98.64    212.776     4.8889 7.7392e+02          1         20 0.0000e+00
   32.93336  -65.77726    19.3750   4.926483    36.5934    150.903    152.030    19.3749   4.926614    36.5945     0.0936 1.0000e-12     0.0056    99.8597      98.63    213.525     4.9062 7.7679e+02          1         17 0.0000e+00
   32.93336  -65.77726    19.3744   4.926331    36.5922    151.891    153.025    19.3745   4.926591    36.5943     0.1525 1.0000e-12     0.0049    99.8773      98.63    213.437     4.9041 7.7838e+02          1         18 0.0000e+00
   32.93336  -65.77726    19.3739   4.926426    36.5931    152.906    154.049    19.3740   4.926573    36.5942     0.1199 1.0000e-12     0.0042    99.8949      98.65    213.024     4.8947 7.7685e+02          1         27 0.0000e+00
   32.93336  -65.77726    19.3742   4.926503    36.5931    153.828    154.978    19.3742   4.926626    36.5941     0.1106 1.0000e-12     0.0031    99.9229      98.64    212.874     4.8912 7.7603e+02          1         37 0.0000e+00
   32.93336  -65.77726    19.3739   4.926495    36.5929    154.781    155.938    19.3740   4.926660    36.5943     0.1027 1.0000e-12     0.0025    99.9380      98.63    212.747     4.8883 7.7980e+02          1         24 0.0000e+00
   32.93336  -65.77726    19.3731   4.926447    36.5929    155.781    156.946    19.3732   4.926603    36.5942     0.1161 1.0000e-12     0.0029    99.9283      98.64    212.656     4.8862 7.8463e+02          1         16 0.0000e+00
   32.93336  -65.77726    19.3725   4.926412    36.5927    156.835    158.008    19.3725   4.926553    36.5939     0.1095 1.0000e-12     0.0027    99.9323      98.64    212.736     4.8880 7.8886e+02          1         17 0.0000e+00
   32.93336  -65.77726    19.3719   4.926365    36.5925    157.828    159.009    19.3718   4.926503    36.5937     0.0899 1.0000e-12     0.0021    99.9458      98.64    212.778     4.8890 7.9223e+02          1         19 0.0000e+00
   32.93336  -65.77726    19.3721   4.926418    36.5924    158.832    160.021    19.3722   4.926565    36.5936     0.0849 1.0000e-12     0.0027    99.9316      98.64    212.985     4.8937 7.9435e+02          1         28 0.0000e+00
   32.93336  -65.77726    19.3723   4.926494    36.5925    159.770    160.966    19.3723   4.926629    36.5937     0.0883 1.0000e-12     0.0005    99.9873      98.64    212.887     4.8915 7.9776e+02          1         33 0.0000e+00
   32.93338  -65.77726    19.3723   4.926548    36.5925    160.752    161.956    19.3724   4.926689    36.5937     0.0912 1.0000e-12     0.0010    99.9761      98.64    212.908     4.8920 8.0149e+02          1         26 0.0000e+00
   32.93338  -65.77726    19.3718   4.926512    36.5923    161.768    162.980    19.3718   4.926684    36.5937     0.0754 1.0000e-12     0.0011    99.9739      98.65    212.689     4.8869 8.0484e+02          1         21 0.0000e+00
   32.93338  -65.77726    19.3709   4.926449    36.5922    162.778    163.998    19.3708   4.926575    36.5934     0.0940 1.0000e-12     0.0002    99.9959      98.64    212.656     4.8862 8.0800e+02          1         26 0.0000e+00
   32.93338  -65.77726    19.3707   4.926479    36.5923    163.778    165.006    19.3707   4.926626    36.5935     0.0891 1.0000e-12    -0.0002   100.0052      98.64    212.959     4.8931 8.1160e+02          1         25 0.0000e+00
   32.93338  -65.77726    19.3708   4.926562    36.5925    164.761    165.997    19.3708   4.926703    36.5937     0.0630 1.0000e-12     0.0002    99.9959      98.64    212.613     4.8852 8.1591e+02          1         26 0.0000e+00
   32.93338  -65.77726    19.3708   4.926620    36.5926    165.757    167.000    19.3707   4.926759    36.5938     0.0593 1.0000e-12     0.0001    99.9983      98.64    212.640     4.8858 8.2438e+02          1         21 0.0000e+00
   32.93338  -65.77726    19.3709   4.926681    36.5926    166.749    168.001    19.3709   4.926822    36.5938     0.0658 1.0000e-12    -0.0007   100.0177      98.64    212.811     4.8898 8.3437e+02          1         20 0.0000e+00
   32.93338  -65.77726    19.3711   4.926750    36.5926    167.740    168.999    19.3711   4.926893    36.5938     0.0796 1.0000e-12    -0.0009   100.0216      98.64    212.640     4.8858 8.4604e+02          1         18 0.0000e+00
   32.93338  -65.77726    19.3710   4.926775    36.5925    168.749    170.017    19.3710   4.926917    36.5937     0.0597 1.0000e-12    -0.0014   100.0355      98.65    212.778     4.8890 8.6475e+02          1         24 0.0000e+00
   32.93338  -65.77726    19.3705   4.926746    36.5924    169.751    171.026    19.3705   4.926895    36.5937     0.0722 1.0000e-12    -0.0011   100.0273      98.64    212.816     4.8899 9.0366e+02          1         27 0.0000e+00
   32.93338  -65.77726    19.3701   4.926744    36.5924    170.704    171.987    19.3701   4.926885    36.5935     0.0589 1.0000e-12    -0.0010   100.0246      98.64    212.497     4.8825 9.6686e+02          1         34 0.0000e+00
   32.93338  -65.77726    19.3698   4.926775    36.5925    171.666    172.956    19.3697   4.926901    36.5937     0.0679 1.0000e-12    -0.0004   100.0104      98.64    212.339     4.8789 1.0414e+03          1         23 0.0000e+00
   32.93338  -65.77726    19.3700   4.926853    36.5926    172.662    173.960    19.3700   4.926990    36.5938     0.0440 1.0000e-12    -0.0018   100.0449      98.64    212.871     4.8911 1.1141e+03          1         21 0.0000e+00
   32.93338  -65.77726    19.3688   4.926720    36.5923    173.688    174.995    19.3689   4.926923    36.5938     0.0665 1.0000e-12    -0.0010   100.0229      98.64    212.547     4.8837 1.1889e+03          1         20 0.0000e+00
   32.93338  -65.77726    19.3669   4.926580    36.5923    174.723    176.038    19.3670   4.926717    36.5935     0.0855 1.0000e-12     0.0005    99.9870      98.65    212.758     4.8885 1.2684e+03          1         26 0.0000e+00
   32.93338  -65.77726    19.3663   4.926543    36.5922    175.660    176.982    19.3664   4.926690    36.5934     0.0690 1.0000e-12    -0.0007   100.0176      98.64    212.829     4.8902 1.3410e+03          1         32 0.0000e+00
   32.93338  -65.77726    19.3650   4.926422    36.5920    176.598    177.927    19.3650   4.926574    36.5933     0.0497 1.0000e-12    -0.0023   100.0587      98.64    212.404     4.8804 1.3996e+03          1         27 0.0000e+00
   32.93338  -65.77726    19.3618   4.926087    36.5917    177.596    178.933    19.3617   4.926292    36.5935     0.0511 1.0000e-12    -0.0022   100.0550      98.64    212.905     4.8919 1.4489e+03          1         20 0.0000e+00
   32.93338  -65.77726    19.3549   4.925356    36.5914    178.608    179.953    19.3550   4.925573    36.5932     0.0488 1.0000e-12    -0.0029   100.0730      98.64    213.163     4.8979 1.4877e+03          1         17 0.0000e+00
   32.93338  -65.77726    19.3443   4.924218    36.5910    179.634    180.988    19.3445   4.924628    36.5943     0.0507 1.0000e-12    -0.0013   100.0316      98.65    212.780     4.8891 1.5188e+03          1         18 0.0000e+00
   32.93338  -65.77726    19.3177   4.921394    36.5910    180.636    181.998    19.3179   4.921775    36.5940     0.0600 1.0000e-12    -0.0028   100.0693      98.64    212.503     4.8827 1.5427e+03          1         21 0.0000e+00
   32.93338  -65.77726    19.2995   4.919426    36.5904    181.636    183.006    19.2998   4.919802    36.5933     0.0509 1.0000e-12    -0.0027   100.0682      98.65    211.745     4.8653 1.5685e+03          1         32 0.0000e+00
   32.93338  -65.77726    19.2091   4.908877    36.5832    182.614    183.992    19.2109   4.910636    36.5963     0.0640 1.0000e-12    -0.0027   100.0684      98.64    210.741     4.8424 1.5874e+03          1         28 0.0000e+00
   32.93338  -65.77726    18.9965   4.884653    36.5713    183.621    185.007    18.9985   4.886819    36.5877     0.0581 1.0000e-12    -0.0035   100.0880      98.64    210.255     4.8314 1.6146e+03          1         24 0.0000e+00
   32.93338  -65.77726    18.8695   4.870532    36.5659    184.622    186.016    18.8705   4.871854    36.5762     0.0650 1.0000e-12    -0.0031   100.0786      98.64    207.731     4.7735 1.6292e+03          1         23 0.0000e+00
   32.93340  -65.77726    18.7819   4.860938    36.5626    185.613    187.015    18.7831   4.861669    36.5677     0.0399 1.0000e-12    -0.0037   100.0931      98.65    201.908     4.6398 1.6514e+03          1         32 0.0000e+00
   32.93340  -65.77726    18.7385   4.856102    36.5591    186.579    187.988    18.7391   4.856792    36.5644     0.0466 1.0000e-12    -0.0032   100.0809      98.64    196.811     4.5227 1.6637e+03          1         26 0.0000e+00
   32.93340  -65.77726    18.6917   4.851004    36.5569    187.544    188.961    18.6917   4.851520    36.5613     0.0357 1.0000e-12    -0.0041   100.1026      98.64    195.447     4.4914 1.6629e+03          1         20 0.0000e+00
   32.93340  -65.77726    18.6480   4.846140    36.5541    188.533    189.958    18.6484   4.846932    36.5605     0.0365 1.0000e-12    -0.0040   100.1016      98.65    195.287     4.4878 1.6612e+03          1         18 0.0000e+00
   32.93340  -65.77726    18.5476   4.834733    36.5473    189.544    190.977    18.5492   4.836501    36.5609     0.0053 1.0000e-12    -0.0048   100.1193      98.64    195.055     4.4826 1.6608e+03          1         20 0.0000e+00
   32.93340  -65.77726    18.4736   4.826900    36.5465    190.558    192.000    18.4742   4.827742    36.5532     0.0123 1.0000e-12    -0.0049   100.1218      98.64    194.367     4.4668 1.6645e+03          1         20 0.0000e+00
   32.93340  -65.77726    18.4126   4.820173    36.5431    191.527    192.976    18.4131   4.821089    36.5506     0.0355 1.0000e-12    -0.0045   100.1131      98.64    192.749     4.4297 1.6822e+03          1         25 0.0000e+00
   32.93340  -65.77726    18.3047   4.807990    36.5360    192.530    193.987    18.3055   4.809532    36.5484     0.0487 1.0000e-12    -0.0046   100.1148      98.65    191.320     4.3969 1.7114e+03          1         24 0.0000e+00
   32.93340  -65.77726    18.2051   4.797171    36.5316    193.625    195.091    18.1928   4.796453    36.5367     0.0381 1.0000e-12    -0.0044   100.1105      98.65    189.105     4.3461 1.7141e+03          1         48 0.0000e+00
   32.93340  -65.77726    18.1698   4.793740    36.5298    194.429    195.902    18.1710   4.794039    36.5313     0.0220 1.0000e-12    -0.0043   100.1084      98.65    187.319     4.3051 1.5574e+03          1         93 0.0000e+00
   32.93340  -65.77726    18.1504   4.791861    36.5279    195.528    197.009    18.1515   4.792232    36.5300     0.0224 1.0000e-12    -0.0049   100.1235      98.65    187.328     4.3053 1.4105e+03          1         55 0.0000e+00
   32.93340  -65.77726    18.1423   4.791157    36.5263    196.292    197.780    18.1438   4.791536    36.5282     0.0253 1.0000e-12    -0.0079   100.1959      98.65    187.208     4.3026 1.5529e+03          1         96 0.0000e+00
   32.93340  -65.77726    18.1184   4.788661    36.5242    197.467    198.964    18.1198   4.788975    36.5257     0.0230 1.0000e-12    -0.0079   100.1959      98.65    186.614     4.2890 1.6404e+03          1        132 0.0000e+00
   32.93340  -65.77726    18.0922   4.785901    36.5232    198.511    200.017    18.0927   4.786126    36.5247     0.0093 1.0000e-12    -0.0086   100.2146      98.65    187.075     4.2996 1.7556e+03          1         53 0.0000e+00
   32.93342  -65.77726    18.0763   4.784258    36.5228    199.457    200.970    18.0767   4.784473    36.5243     0.0281 1.0000e-12    -0.0077   100.1913      98.65    186.976     4.2973 1.7512e+03          1         68 0.0000e+00
   32.93342  -65.77725    18.0679   4.783400    36.5217    200.183    201.701    18.0695   4.783676    36.5227     0.0304 1.0000e-12    -0.0083   100.2059      98.65    186.956     4.2969 1.9814e+03          1        286 0.0000e+00
   32.93342  -65.77724    18.0731   4.783928    36.5213    199.551    201.065    18.0718   4.783867    36.5220     0.0208 1.0000e-12    -0.0088   100.2194      98.65    187.031     4.2986 2.2050e+03          1         59 0.0000e+00
   32.93342  -65.77724    18.0880   4.785473    36.5214    198.450    199.955    18.0992   4.786727    36.5220     0.0329 1.0000e-12    -0.0092   100.2295      98.65    186.911     4.2958 2.2109e+03          1         67 0.0000e+00
   32.93342  -65.77724    18.0906   4.785689    36.5214    197.526    199.024    18.0972   4.786521    36.5225     0.0210 1.0000e-12    -0.0090   100.2237      98.66    186.833     4.2940 2.2454e+03          1         59 0.0000e+00
   32.93342  -65.77724    18.1033   4.786949    36.5209    196.623    198.113    18.1030   4.786977    36.5215     0.0194 1.0000e-12    -0.0098   100.2465      98.66    186.658     4.2900 2.3169e+03          1         60 0.0000e+00
   32.93342  -65.77724    18.1320   4.790065    36.5219    195.536    197.017    18.1214   4.788881    36.5215     0.0114 1.0000e-12    -0.0090   100.2234      98.65    186.153     4.2783 2.3583e+03          1         27 0.0000e+00
   32.93342  -65.77724    18.1472   4.791744    36.5231    194.319    195.790    18.1413   4.791181    36.5237     0.0207 1.0000e-12    -0.0084   100.2107      98.66    186.412     4.2843 2.3780e+03          1         78 0.0000e+00
   32.93342  -65.77724    18.1482   4.791755    36.5229    193.639    195.105    18.1445   4.791368    36.5229     0.0278 1.0000e-12    -0.0080   100.2002      98.66    186.480     4.2858 2.3645e+03          1         41 0.0000e+00
