Data/ruptures/KN207-01/QL-2/20701069.cnv
* Sea-Bird SBE 9 Data File:
* FileName = C:\Data\ctd\20701069.hex
* Software Version Seasave V 7.21e
* Temperature SN = 4406
* Conductivity SN = 1474
* Number of Bytes Per Scan = 40
* Number of Voltage Words = 5
* Number of Scans Averaged by the Deck Unit = 1
* NMEA Latitude = 32 57.32 N
* NMEA Longitude = 065 44.31 W
* NMEA UTC (Time) = May 01 2012 17:59:29
** R/V Knorr Cruise # KN207-01 QL 2
** Chief Scientist: Ben Van Mooy
# nquan = 21
# nvalues = 400                         
# units = specified
# name 0 = latitude: Latitude [deg]
# name 1 = longitude: Longitude [deg]
# name 2 = t090C: Temperature [ITS-90, deg C]
# name 3 = c0S/m: Conductivity [S/m]
# name 4 = sal00: Salinity, Practical [PSU]
# name 5 = depSM: Depth [salt water, m]
# name 6 = prDM: Pressure, Digiquartz [db]
# name 7 = t190C: Temperature, 2 [ITS-90, deg C]
# name 8 = c1S/m: Conductivity, 2 [S/m]
# name 9 = sal11: Salinity, Practical, 2 [PSU]
# name 10 = flECO-AFL: Fluorescence, WET Labs ECO-AFL/FL [mg/m^3]
# name 11 = par: PAR/Irradiance, Biospherical/Licor
# name 12 = bat: Beam Attenuation, Chelsea/Seatech [1/m]
# name 13 = xmiss: Beam Transmission, Chelsea/Seatech [%]
# name 14 = altM: Altimeter [m]
# name 15 = sbeox0Mm/Kg: Oxygen, SBE 43 [umol/kg]
# name 16 = sbeox0ML/L: Oxygen, SBE 43 [ml/l]
# name 17 = spar: SPAR/Surface Irradiance
# name 18 = pumps: Pump Status
# name 19 = nbin: number of scans per bin
# name 20 = flag: flag
# span 0 =   32.95534,   32.95588       
# span 1 =  -65.73928,  -65.73858       
# span 2 =    17.9302,    20.5791       
# span 3 =   4.768454,   5.049965       
# span 4 =    36.5127,    36.6174       
# span 5 =      2.322,    200.003       
# span 6 =      2.338,    201.521       
# span 7 =    17.9311,    20.5675       
# span 8 =   4.768607,   5.048814       
# span 9 =    36.5095,    36.6204       
# span 10 =     0.0095,     0.8280      
# span 11 = 1.0000e-12, 1.0000e-12      
# span 12 =    -0.0138,     0.0873      
# span 13 =    97.8477,   100.3462      
# span 14 =       6.50,      98.93      
# span 15 =    186.032,    222.763      
# span 16 =     4.2756,     5.1180      
# span 17 = 1.4627e+03, 3.2590e+03      
# span 18 =          1,          1      
# span 19 =         15,       1450      
# span 20 = 0.0000e+00, 0.0000e+00      
# interval = decibars: 1                
# start_time = May 01 2012 17:59:29 [NMEA time, header]
# bad_flag = -9.990e-29
*END*
[from data line 276]
   32.95560  -65.73894    19.3726   4.925003    36.5932    124.074    124.993    19.3730   4.925113    36.5938     0.1393 1.0000e-12     0.0024    99.9407      98.75    212.761     4.8886 2.7336e+03          1         28 0.0000e+00
   32.95560  -65.73894    19.3729   4.925006    36.5933    123.100    124.011    19.3730   4.925089    36.5939     0.1551 1.0000e-12     0.0023    99.9422      98.76    213.062     4.8955 2.7428e+03          1         23 0.0000e+00
   32.95560  -65.73894    19.3733   4.925004    36.5934    122.110    123.013    19.3733   4.925068    36.5939     0.1573 1.0000e-12     0.0025    99.9377      98.76    212.856     4.8908 2.7501e+03          1         23 0.0000e+00
   32.95560  -65.73894    19.3737   4.925019    36.5935    121.065    121.960    19.3736   4.925065    36.5939     0.1763 1.0000e-12     0.0036    99.9112      98.75    213.080     4.8959 2.7641e+03          1         24 0.0000e+00
   32.95560  -65.73894    19.3736   4.924946    36.5934    120.063    120.951    19.3736   4.925019    36.5940     0.1838 1.0000e-12     0.0045    99.8871      98.76    212.814     4.8898 2.7633e+03          1         26 0.0000e+00
   32.95560  -65.73894    19.3732   4.924860    36.5933    119.150    120.030    19.3730   4.924881    36.5937     0.1949 1.0000e-12     0.0065    99.8385      98.75    212.598     4.8848 2.7755e+03          1         25 0.0000e+00
   32.95560  -65.73894    19.3728   4.924761    36.5933    118.166    119.039    19.3727   4.924784    36.5935     0.1767 1.0000e-12     0.0038    99.9064      98.76    212.359     4.8793 2.7647e+03          1         25 0.0000e+00
   32.95560  -65.73894    19.3727   4.924656    36.5929    117.114    117.979    19.3725   4.924698    36.5934     0.1622 1.0000e-12     0.0043    99.8942      98.76    212.535     4.8834 2.7679e+03          1         21 0.0000e+00
   32.95560  -65.73894    19.3725   4.924588    36.5929    116.112    116.969    19.3727   4.924664    36.5933     0.1825 1.0000e-12     0.0048    99.8795      98.76    212.634     4.8857 2.7664e+03          1         21 0.0000e+00
   32.95560  -65.73894    19.3733   4.924648    36.5931    115.125    115.974    19.3737   4.924739    36.5934     0.2086 1.0000e-12     0.0067    99.8323      98.76    213.134     4.8971 2.7724e+03          1         25 0.0000e+00
   32.95560  -65.73894    19.3739   4.924687    36.5932    114.162    115.004    19.3741   4.924764    36.5936     0.2190 1.0000e-12     0.0068    99.8292      98.75    213.064     4.8955 2.7728e+03          1         29 0.0000e+00
   32.95560  -65.73894    19.3740   4.924655    36.5932    113.182    114.017    19.3740   4.924723    36.5937     0.2253 1.0000e-12     0.0075    99.8139      98.76    212.817     4.8899 2.7692e+03          1         26 0.0000e+00
   32.95560  -65.73894    19.3745   4.924666    36.5933    112.162    112.988    19.3745   4.924736    36.5938     0.2176 1.0000e-12     0.0094    99.7657      98.76    212.606     4.8850 2.7682e+03          1         22 0.0000e+00
   32.95560  -65.73894    19.3751   4.924720    36.5935    111.179    111.999    19.3752   4.924766    36.5939     0.2225 1.0000e-12     0.0099    99.7537      98.75    212.247     4.8768 2.7676e+03          1         19 0.0000e+00
   32.95560  -65.73894    19.3753   4.924691    36.5935    110.183    110.995    19.3753   4.924742    36.5939     0.2546 1.0000e-12     0.0094    99.7657      98.76    212.531     4.8833 2.7661e+03          1         22 0.0000e+00
   32.95560  -65.73894    19.3754   4.924660    36.5935    109.189    109.993    19.3755   4.924733    36.5941     0.2895 1.0000e-12     0.0109    99.7287      98.76    213.081     4.8959 2.7668e+03          1         23 0.0000e+00
   32.95560  -65.73894    19.3756   4.924636    36.5935    108.189    108.986    19.3756   4.924695    36.5940     0.3039 1.0000e-12     0.0115    99.7140      98.76    212.495     4.8825 2.7643e+03          1         28 0.0000e+00
   32.95560  -65.73894    19.3754   4.924561    36.5935    107.211    108.000    19.3753   4.924618    36.5940     0.2787 1.0000e-12     0.0106    99.7359      98.76    212.759     4.8885 2.7624e+03          1         27 0.0000e+00
   32.95560  -65.73894    19.3752   4.924490    36.5934    106.220    107.002    19.3752   4.924545    36.5939     0.2887 1.0000e-12     0.0107    99.7329      98.76    212.339     4.8789 2.7587e+03          1         26 0.0000e+00
   32.95560  -65.73894    19.3755   4.924466    36.5933    105.234    106.008    19.3756   4.924545    36.5939     0.3007 1.0000e-12     0.0118    99.7042      98.76    212.581     4.8845 2.7561e+03          1         23 0.0000e+00
   32.95560  -65.73894    19.3764   4.924542    36.5936    104.205    104.971    19.3765   4.924620    36.5941     0.3232 1.0000e-12     0.0131    99.6734      98.76    213.368     4.9025 2.7539e+03          1         22 0.0000e+00
   32.95560  -65.73894    19.3773   4.924620    36.5938    103.205    103.964    19.3777   4.924721    36.5942     0.3109 1.0000e-12     0.0134    99.6668      98.76    213.285     4.9006 2.7538e+03          1         20 0.0000e+00
   32.95560  -65.73894    19.3784   4.924726    36.5940    102.250    103.001    19.3788   4.924830    36.5945     0.3677 1.0000e-12     0.0134    99.6660      98.76    213.020     4.8945 2.7559e+03          1         24 0.0000e+00
   32.95560  -65.73894    19.3786   4.924711    36.5941    101.282    102.026    19.3792   4.924841    36.5946     0.3580 1.0000e-12     0.0146    99.6350      98.75    213.151     4.8975 2.7591e+03          1         26 0.0000e+00
   32.95560  -65.73894    19.3793   4.924759    36.5943    100.226    100.962    19.3795   4.924836    36.5947     0.3785 1.0000e-12     0.0159    99.6037      98.76    213.125     4.8969 2.7645e+03          1         31 0.0000e+00
   32.95560  -65.73894    19.3795   4.924736    36.5942     99.249     99.977    19.3797   4.924820    36.5948     0.4090 1.0000e-12     0.0178    99.5572      98.76    212.898     4.8917 2.7700e+03          1         46 0.0000e+00
   32.95560  -65.73894    19.3798   4.924722    36.5942     98.411     99.134    19.3798   4.924785    36.5947     0.4502 1.0000e-12     0.0179    99.5548      98.75    213.498     4.9055 2.7699e+03          1         62 0.0000e+00
   32.95562  -65.73894    19.3800   4.924708    36.5943     97.298     98.011    19.3798   4.924732    36.5948     0.5503 1.0000e-12     0.0191    99.5229      98.76    213.362     4.9024 2.7676e+03          1         30 0.0000e+00
   32.95562  -65.73894    19.3803   4.924653    36.5941     96.104     96.808    19.3802   4.924743    36.5949     0.5597 1.0000e-12     0.0198    99.5058      98.76    213.063     4.8955 2.7737e+03          1         94 0.0000e+00
   32.95562  -65.73896    19.3809   4.924705    36.5943     95.317     96.016    19.3809   4.924759    36.5948     0.5911 1.0000e-12     0.0222    99.4464      98.76    213.274     4.9004 2.7739e+03          1         43 0.0000e+00
   32.95562  -65.73896    19.3809   4.924656    36.5943     94.245     94.936    19.3809   4.924725    36.5949     0.5584 1.0000e-12     0.0230    99.4282      98.76    213.408     4.9034 2.7817e+03          1        121 0.0000e+00
   32.95562  -65.73896    19.3815   4.924679    36.5943     93.331     94.015    19.3816   4.924750    36.5948     0.5994 1.0000e-12     0.0248    99.3816      98.76    213.326     4.9016 2.7840e+03          1         75 0.0000e+00
   32.95562  -65.73896    19.3819   4.924674    36.5943     92.448     93.125    19.3820   4.924759    36.5949     0.6558 1.0000e-12     0.0258    99.3562      93.96    213.692     4.9100 2.7923e+03          1        120 0.0000e+00
   32.95564  -65.73898    19.3827   4.924749    36.5945     91.641     92.312    19.3827   4.924805    36.5950     0.6768 1.0000e-12     0.0300    99.2518      98.77    213.743     4.9111 2.8126e+03          1        647 0.0000e+00
   32.95566  -65.73900    19.3830   4.924712    36.5945     90.322     90.983    19.3829   4.924765    36.5949     0.6829 1.0000e-12     0.0338    99.1588      98.77    214.085     4.9190 2.8531e+03          1         46 0.0000e+00
   32.95566  -65.73901    19.3830   4.924661    36.5944     89.400     90.054    19.3829   4.924718    36.5950     0.7289 1.0000e-12     0.0321    99.1999      98.77    213.947     4.9158 2.8523e+03          1         58 0.0000e+00
   32.95566  -65.73902    19.3837   4.924691    36.5944     88.367     89.013    19.3836   4.924736    36.5948     0.8280 1.0000e-12     0.0364    99.0934      98.77    214.348     4.9250 2.8285e+03          1         37 0.0000e+00
   32.95566  -65.73902    19.3845   4.924734    36.5944     87.306     87.944    19.3845   4.924803    36.5950     0.7347 1.0000e-12     0.0393    99.0233      98.77    213.983     4.9167 2.8478e+03          1         42 0.0000e+00
   32.95566  -65.73902    19.3850   4.924753    36.5945     86.357     86.988    19.3850   4.924817    36.5951     0.8235 1.0000e-12     0.0420    98.9549      98.77    213.740     4.9111 2.8598e+03          1         67 0.0000e+00
   32.95566  -65.73902    19.3859   4.924792    36.5944     85.425     86.049    19.3857   4.924828    36.5949     0.7992 1.0000e-12     0.0462    98.8512      98.77    214.317     4.9243 2.8550e+03          1         36 0.0000e+00
   32.95566  -65.73902    19.3868   4.924851    36.5945     84.348     84.964    19.3867   4.924883    36.5948     0.7977 1.0000e-12     0.0432    98.9268      98.77    214.633     4.9316 2.8576e+03          1         29 0.0000e+00
   32.95566  -65.73902    19.3878   4.924920    36.5946     83.268     83.876    19.3880   4.924996    36.5950     0.7983 1.0000e-12     0.0462    98.8529      98.77    214.728     4.9338 2.8679e+03          1         56 0.0000e+00
   32.95566  -65.73902    19.3886   4.924952    36.5945     82.491     83.093    19.3882   4.924972    36.5950     0.8229 1.0000e-12     0.0492    98.7774      98.77    214.583     4.9304 2.8548e+03          1         60 0.0000e+00
   32.95568  -65.73902    19.3900   4.925045    36.5944     81.421     82.016    19.3893   4.925020    36.5948     0.8105 1.0000e-12     0.0475    98.8181      98.77    214.636     4.9316 2.8554e+03          1         33 0.0000e+00
   32.95568  -65.73902    19.3905   4.924998    36.5940     80.406     80.992    19.3905   4.925052    36.5944     0.8052 1.0000e-12     0.0479    98.8097      98.77    214.930     4.9384 2.8716e+03          1         49 0.0000e+00
   32.95568  -65.73902    19.3910   4.924992    36.5939     79.465     80.045    19.3907   4.925021    36.5944     0.8125 1.0000e-12     0.0473    98.8238      98.77    215.776     4.9578 2.8515e+03          1         42 0.0000e+00
   32.95568  -65.73902    19.3917   4.925026    36.5940     78.328     78.899    19.3914   4.925051    36.5944     0.7238 1.0000e-12     0.0472    98.8258      98.77    215.557     4.9528 2.8386e+03          1         52 0.0000e+00
   32.95568  -65.73902    19.3927   4.925110    36.5940     77.665     78.232    19.3927   4.925161    36.5944     0.7073 1.0000e-12     0.0490    98.7827      98.78    215.893     4.9605 2.9035e+03          1         72 0.0000e+00
   32.95568  -65.73904    19.3949   4.925331    36.5943     76.458     77.015    19.3940   4.925277    36.5947     0.6456 1.0000e-12     0.0480    98.8072      98.78    215.621     4.9543 2.9458e+03          1         25 0.0000e+00
   32.95568  -65.73904    19.3960   4.925401    36.5944     75.358     75.907    19.3959   4.925450    36.5948     0.6539 1.0000e-12     0.0480    98.8079      98.78    216.004     4.9631 2.9566e+03          1         98 0.0000e+00
   32.95568  -65.73904    19.3981   4.925567    36.5943     74.506     75.048    19.3981   4.925616    36.5946     0.5864 1.0000e-12     0.0455    98.8682      98.78    216.443     4.9732 2.9757e+03          1         30 0.0000e+00
   32.95568  -65.73904    19.3998   4.925709    36.5943     73.432     73.967    19.3985   4.925615    36.5947     0.5479 1.0000e-12     0.0473    98.8243      98.77    215.779     4.9579 2.9906e+03          1         26 0.0000e+00
   32.95568  -65.73904    19.4004   4.925742    36.5944     72.704     73.233    19.4007   4.925805    36.5946     0.5282 1.0000e-12     0.0485    98.7946      98.78    216.442     4.9731 2.8037e+03          1         89 0.0000e+00
   32.95568  -65.73904    19.4041   4.926061    36.5942     71.441     71.960    19.4035   4.926050    36.5947     0.4881 1.0000e-12     0.0460    98.8560      98.77    216.031     4.9637 2.4295e+03          1         41 0.0000e+00
   32.95570  -65.73906    19.4086   4.926495    36.5943     70.711     71.225    19.4085   4.926542    36.5948     0.4081 1.0000e-12     0.0479    98.8087      98.78    217.534     4.9982 2.1958e+03          1        520 0.0000e+00
   32.95572  -65.73908    19.4103   4.926634    36.5944     69.555     70.061    19.4099   4.926646    36.5948     0.4030 1.0000e-12     0.0464    98.8466      98.78    217.273     4.9922 2.3845e+03          1         41 0.0000e+00
   32.95572  -65.73908    19.4130   4.926876    36.5944     68.473     68.971    19.4122   4.926825    36.5946     0.3991 1.0000e-12     0.0463    98.8484      98.78    217.128     4.9889 2.5784e+03          1         36 0.0000e+00
   32.95572  -65.73908    19.4156   4.927100    36.5943     67.526     68.016    19.4148   4.927070    36.5948     0.3973 1.0000e-12     0.0488    98.7869      98.79    217.581     4.9993 2.7557e+03          1         63 0.0000e+00
   32.95572  -65.73908    19.4167   4.927142    36.5940     66.577     67.060    19.4164   4.927174    36.5946     0.3918 1.0000e-12     0.0518    98.7129      98.79    217.947     5.0077 2.7194e+03          1         34 0.0000e+00
   32.95572  -65.73908    19.4200   4.927456    36.5941     65.504     65.980    19.4189   4.927388    36.5945     0.3885 1.0000e-12     0.0499    98.7613      98.78    217.753     5.0032 2.5213e+03          1         35 0.0000e+00
   32.95572  -65.73908    19.4218   4.927618    36.5942     64.716     65.185    19.4204   4.927531    36.5947     0.3645 1.0000e-12     0.0522    98.7023      98.79    218.631     5.0234 2.1573e+03          1         90 0.0000e+00
   32.95572  -65.73908    19.4242   4.927827    36.5943     63.552     64.013    19.4235   4.927794    36.5946     0.3525 1.0000e-12     0.0508    98.7374      98.78    218.435     5.0189 2.1658e+03          1         24 0.0000e+00
   32.95572  -65.73908    19.4282   4.928191    36.5941     62.530     62.984    19.4284   4.928193    36.5940     0.3256 1.0000e-12     0.0529    98.6860      98.78    218.476     5.0198 2.1796e+03          1         23 0.0000e+00
   32.95572  -65.73908    19.4293   4.928254    36.5942     61.337     61.781    19.4307   4.928477    36.5947     0.3309 1.0000e-12     0.0565    98.5987      98.79    219.052     5.0331 2.0198e+03          1         85 0.0000e+00
   32.95572  -65.73908    19.4270   4.927980    36.5943     60.640     61.080    19.4299   4.928271    36.5941     0.3545 1.0000e-12     0.0551    98.6323      98.79    218.923     5.0301 1.8944e+03          1         44 0.0000e+00
   32.95572  -65.73908    19.4366   4.928940    36.5940     59.533     59.964    19.4341   4.928702    36.5944     0.3273 1.0000e-12     0.0556    98.6194      98.79    218.845     5.0283 1.9003e+03          1         31 0.0000e+00
   32.95572  -65.73908    19.4450   4.929759    36.5937     58.547     58.971    19.4431   4.929530    36.5936     0.3098 1.0000e-12     0.0569    98.5869      98.78    218.809     5.0275 1.9649e+03          1         42 0.0000e+00
   32.95572  -65.73908    19.4493   4.930170    36.5938     57.611     58.028    19.4482   4.930061    36.5939     0.3132 1.0000e-12     0.0559    98.6119      98.79    219.621     5.0461 2.2325e+03          1         55 0.0000e+00
