Data/ruptures/KN207-01/QL-2/20701083.cnv
* Sea-Bird SBE 9 Data File:
* FileName = C:\Data\ctd\20701083.hex
* Software Version Seasave V 7.21e
* Temperature SN = 4406
* Conductivity SN = 1474
* Number of Bytes Per Scan = 40
* Number of Voltage Words = 5
* Number of Scans Averaged by the Deck Unit = 1
* NMEA Latitude = 33 14.98 N
* NMEA Longitude = 065 42.62 W
* NMEA UTC (Time) = May 03 2012 15:09:45
** R/V Knorr Cruise # KN207-01 QL 2
** Chief Scientist: Ben Van Mooy
# nquan = 21
# nvalues = 398                         
# units = specified
# name 0 = latitude: Latitude [deg]
# name 1 = longitude: Longitude [deg]
# name 2 = t090C: Temperature [ITS-90, deg C]
# name 3 = c0S/m: Conductivity [S/m]
# name 4 = sal00: Salinity, Practical [PSU]
# name 5 = depSM: Depth [salt water, m]
# name 6 = prDM: Pressure, Digiquartz [db]
# name 7 = t190C: Temperature, 2 [ITS-90, deg C]
# name 8 = c1S/m: Conductivity, 2 [S/m]
# name 9 = sal11: Salinity, Practical, 2 [PSU]
# name 10 = flECO-AFL: Fluorescence, WET Labs ECO-AFL/FL [mg/m^3]
# name 11 = par: PAR/Irradiance, Biospherical/Licor
# name 12 = bat: Beam Attenuation, Chelsea/Seatech [1/m]
# name 13 = xmiss: Beam Transmission, Chelsea/Seatech [%]
# name 14 = altM: Altimeter [m]
# name 15 = sbeox0Mm/Kg: Oxygen, SBE 43 [umol/kg]
# name 16 = sbeox0ML/L: Oxygen, SBE 43 [ml/l]
# name 17 = spar: SPAR/Surface Irradiance
# name 18 = pumps: Pump Status
# name 19 = nbin: number of scans per bin
# name 20 = flag: flag
# span 0 =   33.24942,   33.25000       
# span 1 =  -65.71247,  -65.71038       
# span 2 =    19.1861,    20.3503       
# span 3 =   4.910484,   5.023022       
# span 4 =    36.5769,    36.6154       
# span 5 =      2.928,    200.075       
# span 6 =      2.949,    201.599       
# span 7 =    19.1816,    20.3516       
# span 8 =   4.910074,   5.023049       
# span 9 =    36.5775,    36.6162       
# span 10 =     0.0304,     0.8819      
# span 11 = 1.0000e-12, 1.0000e-12      
# span 12 =    -0.0096,     0.0727      
# span 13 =    98.1979,   100.2408      
# span 14 =       1.02,      98.84      
# span 15 =    201.727,    222.703      
# span 16 =     4.6353,     5.1167      
# span 17 = 1.6575e+02, 4.5574e+02      
# span 18 =          1,          1      
# span 19 =         16,       1652      
# span 20 = 0.0000e+00, 0.0000e+00      
# interval = decibars: 1                
# start_time = May 03 2012 15:09:45 [NMEA time, header]
# bad_flag = -9.990e-29
*END*
   33.24968  -65.71042    20.3372   5.021852    36.5977      3.798      3.825    20.3381   5.021942    36.5976     0.1024 1.0000e-12     0.0464    98.8475      85.06    217.783     5.0027 2.5857e+02          1        322 0.0000e+00
   33.24968  -65.71041    20.3447   5.021970    36.5916      4.995      5.031    20.3446   5.022036    36.5923     0.1103 1.0000e-12     0.0458    98.8622      44.21    217.254     4.9905 2.6473e+02          1         40 0.0000e+00
   33.24968  -65.71040    20.3489   5.022132    36.5889      5.841      5.883    20.3478   5.022171    36.5902     0.1048 1.0000e-12     0.0459    98.8605      34.19    217.888     5.0051 2.6545e+02          1         83 0.0000e+00
   33.24969  -65.71040    20.3491   5.022300    36.5898      6.932      6.982    20.3516   5.022457    36.5889     0.1092 1.0000e-12     0.0448    98.8859      41.82    218.111     5.0102 2.6720e+02          1         28 0.0000e+00
   33.24970  -65.71040    20.3385   5.022142    36.5976      7.986      8.043    20.3379   5.022182    36.5985     0.1026 1.0000e-12     0.0455    98.8701      60.18    217.882     5.0050 2.6717e+02          1         44 0.0000e+00
   33.24970  -65.71040    20.3376   5.022136    36.5979      8.923      8.986    20.3355   5.022129    36.5997     0.1114 1.0000e-12     0.0462    98.8527       1.05    217.871     5.0047 2.6733e+02          1         51 0.0000e+00
   33.24970  -65.71040    20.3296   5.022199    36.6051      9.933     10.004    20.3298   5.022237    36.6053     0.1003 1.0000e-12     0.0453    98.8748       1.04    217.860     5.0045 2.6772e+02          1         54 0.0000e+00
   33.24970  -65.71040    20.3271   5.022288    36.6077     10.921     10.999    20.3266   5.022337    36.6085     0.1163 1.0000e-12     0.0471    98.8284       1.05    218.100     5.0101 2.6793e+02          1         36 0.0000e+00
   33.24970  -65.71040    20.3249   5.022390    36.6101     11.948     12.033    20.3235   5.022446    36.6118     0.0995 1.0000e-12     0.0478    98.8128      27.36    218.188     5.0121 2.6810e+02          1         42 0.0000e+00
   33.24970  -65.71040    20.3228   5.022479    36.6123     12.894     12.987    20.3226   5.022537    36.6128     0.1182 1.0000e-12     0.0462    98.8522       1.03    218.316     5.0150 2.6892e+02          1         43 0.0000e+00
   33.24970  -65.71040    20.3228   5.022527    36.6122     13.913     14.012    20.3228   5.022595    36.6128     0.1189 1.0000e-12     0.0463    98.8505       1.03    217.630     4.9993 2.6918e+02          1         52 0.0000e+00
   33.24970  -65.71040    20.3225   5.022544    36.6122     14.821     14.927    20.3224   5.022603    36.6128     0.1001 1.0000e-12     0.0460    98.8566       1.03    217.602     4.9987 2.6813e+02          1         50 0.0000e+00
   33.24970  -65.71040    20.3231   5.022659    36.6122     15.909     16.023    20.3227   5.022691    36.6128     0.1068 1.0000e-12     0.0477    98.8142       1.02    218.249     5.0135 2.6977e+02          1         33 0.0000e+00
   33.24970  -65.71040    20.3227   5.022673    36.6123     16.960     17.081    20.3225   5.022726    36.6128     0.1054 1.0000e-12     0.0472    98.8255      23.56    217.538     4.9972 2.6986e+02          1         49 0.0000e+00
   33.24970  -65.71040    20.3228   5.022722    36.6122     17.785     17.913    20.3227   5.022783    36.6128     0.1142 1.0000e-12     0.0469    98.8342       1.03    217.911     5.0057 2.6841e+02          1         52 0.0000e+00
   33.24970  -65.71040    20.3232   5.022824    36.6122     18.880     19.015    20.3232   5.022886    36.6128     0.1018 1.0000e-12     0.0473    98.8232      68.77    218.202     5.0124 2.6880e+02          1         34 0.0000e+00
   33.24970  -65.71040    20.3233   5.022871    36.6122     19.877     20.019    20.3232   5.022925    36.6127     0.1261 1.0000e-12     0.0469    98.8344      49.40    218.400     5.0170 2.6966e+02          1         44 0.0000e+00
   33.24970  -65.71040    20.3226   5.022838    36.6122     20.853     21.002    20.3222   5.022887    36.6129     0.1169 1.0000e-12     0.0468    98.8371      92.34    217.704     5.0010 2.6905e+02          1         52 0.0000e+00
   33.24970  -65.71040    20.3221   5.022845    36.6123     21.827     21.984    20.3219   5.022891    36.6129     0.1188 1.0000e-12     0.0467    98.8391      49.54    218.150     5.0112 2.6824e+02          1         52 0.0000e+00
   33.24970  -65.71040    20.3224   5.022925    36.6123     22.799     22.963    20.3223   5.022989    36.6129     0.1193 1.0000e-12     0.0489    98.7841       4.61    218.482     5.0189 2.6873e+02          1         36 0.0000e+00
   33.24970  -65.71040    20.3228   5.023022    36.6123     23.857     24.028    20.3225   5.023049    36.6129     0.1063 1.0000e-12     0.0470    98.8319      77.20    218.270     5.0140 2.6907e+02          1         32 0.0000e+00
   33.24970  -65.71040    20.3223   5.023007    36.6123     24.930     25.109    20.3220   5.023038    36.6128     0.1103 1.0000e-12     0.0455    98.8695      84.95    217.949     5.0066 2.6815e+02          1         66 0.0000e+00
   33.24970  -65.71038    20.3204   5.022822    36.6122     25.718     25.903    20.3204   5.022909    36.6129     0.1211 1.0000e-12     0.0461    98.8552      44.21    217.733     5.0016 2.6796e+02          1         40 0.0000e+00
   33.24970  -65.71038    20.3197   5.022792    36.6121     26.831     27.024    20.3196   5.022873    36.6128     0.1323 1.0000e-12     0.0460    98.8578      98.68    218.029     5.0085 2.6782e+02          1         33 0.0000e+00
   33.24970  -65.71038    20.3188   5.022739    36.6121     27.831     28.031    20.3186   5.022797    36.6127     0.1135 1.0000e-12     0.0463    98.8497      56.66    217.971     5.0071 2.6768e+02          1         63 0.0000e+00
   33.24970  -65.71038    20.3169   5.022565    36.6120     28.723     28.930    20.3167   5.022629    36.6127     0.1240 1.0000e-12     0.0468    98.8361      65.03    218.100     5.0101 2.6768e+02          1         43 0.0000e+00
   33.24970  -65.71038    20.3154   5.022452    36.6120     29.756     29.970    20.3153   5.022505    36.6125     0.1172 1.0000e-12     0.0471    98.8290      90.82    217.735     5.0017 2.6761e+02          1         33 0.0000e+00
   33.24970  -65.71038    20.3129   5.022202    36.6118     30.804     31.026    20.3120   5.022207    36.6126     0.1291 1.0000e-12     0.0477    98.8134      98.68    218.282     5.0143 2.6741e+02          1         42 0.0000e+00
   33.24970  -65.71038    20.3054   5.021368    36.6113     31.774     32.002    20.3057   5.021515    36.6121     0.1115 1.0000e-12     0.0472    98.8260      98.68    217.725     5.0015 2.6679e+02          1         45 0.0000e+00
   33.24970  -65.71038    20.2961   5.020354    36.6107     32.763     32.999    20.2966   5.020514    36.6116     0.1228 1.0000e-12     0.0473    98.8252      75.59    218.072     5.0095 2.6560e+02          1         74 0.0000e+00
   33.24970  -65.71038    20.2771   5.018203    36.6095     33.729     33.972    20.2778   5.018480    36.6112     0.1389 1.0000e-12     0.0477    98.8141      98.68    218.683     5.0235 2.6545e+02          1         35 0.0000e+00
   33.24970  -65.71038    20.2600   5.016311    36.6087     34.747     34.998    20.2603   5.016546    36.6104     0.1129 1.0000e-12     0.0474    98.8223      98.69    218.246     5.0135 2.6528e+02          1         26 0.0000e+00
   33.24970  -65.71038    20.2442   5.014553    36.6078     35.802     36.061    20.2444   5.014765    36.6093     0.1465 1.0000e-12     0.0475    98.8178      89.07    218.544     5.0204 2.6414e+02          1         41 0.0000e+00
   33.24970  -65.71038    20.2275   5.012717    36.6069     36.685     36.950    20.2298   5.013117    36.6082     0.1411 1.0000e-12     0.0478    98.8105      23.32    218.089     5.0100 2.6340e+02          1         61 0.0000e+00
   33.24970  -65.71038    20.2086   5.010655    36.6062     37.720     37.992    20.2092   5.010869    36.6073     0.1488 1.0000e-12     0.0500    98.7577      66.67    218.893     5.0284 2.6299e+02          1         48 0.0000e+00
   33.24972  -65.71038    20.1837   5.007892    36.6050     38.708     38.987    20.1864   5.008470    36.6073     0.1488 1.0000e-12     0.0520    98.7088      94.80    218.923     5.0291 2.6182e+02          1         43 0.0000e+00
   33.24972  -65.71038    20.1421   5.003418    36.6045     39.728     40.015    20.1450   5.003975    36.6065     0.1704 1.0000e-12     0.0534    98.6749      94.76    218.949     5.0298 2.6088e+02          1         41 0.0000e+00
   33.24972  -65.71038    20.1303   5.002212    36.6042     40.723     41.018    20.1293   5.002237    36.6053     0.1647 1.0000e-12     0.0549    98.6358      88.60    219.417     5.0406 2.5972e+02          1         44 0.0000e+00
   33.24972  -65.71038    20.1187   5.000940    36.6033     41.689     41.990    20.1201   5.001270    36.6049     0.1582 1.0000e-12     0.0560    98.6111      94.03    219.350     5.0391 2.5891e+02          1         46 0.0000e+00
   33.24972  -65.71038    20.0537   4.994030    36.6035     42.669     42.978    20.0584   4.994826    36.6059     0.1750 1.0000e-12     0.0567    98.5929      53.78    219.843     5.0504 2.5820e+02          1         52 0.0000e+00
   33.24972  -65.71038    20.0229   4.990601    36.6018     43.651     43.967    20.0106   4.989878    36.6069     0.1857 1.0000e-12     0.0556    98.6196      77.37    220.451     5.0645 2.5715e+02          1         39 0.0000e+00
   33.24972  -65.71038    19.9156   4.978978    36.6008     44.696     45.019    19.9161   4.979507    36.6047     0.1841 1.0000e-12     0.0560    98.6097      98.69    220.383     5.0630 2.5652e+02          1         40 0.0000e+00
   33.24972  -65.71038    19.8821   4.975639    36.6017     45.667     45.998    19.8818   4.975726    36.6027     0.1777 1.0000e-12     0.0570    98.5857      98.69    220.351     5.0623 2.5520e+02          1         49 0.0000e+00
   33.24972  -65.71038    19.8749   4.974905    36.6007     46.614     46.951    19.8758   4.975323    36.6033     0.1984 1.0000e-12     0.0577    98.5677      98.69    221.331     5.0849 2.5424e+02          1         43 0.0000e+00
   33.24972  -65.71038    19.7665   4.963337    36.6008     47.636     47.981    19.7661   4.963913    36.6060     0.2006 1.0000e-12     0.0572    98.5808      98.69    221.469     5.0882 2.5393e+02          1         43 0.0000e+00
   33.24972  -65.71038    19.7192   4.958460    36.6013     48.626     48.978    19.7200   4.958736    36.6028     0.1986 1.0000e-12     0.0589    98.5386      98.68    221.776     5.0953 2.5266e+02          1         48 0.0000e+00
   33.24972  -65.71038    19.6825   4.954574    36.6003     49.610     49.969    19.6832   4.954906    36.6024     0.2118 1.0000e-12     0.0583    98.5526      98.69    222.223     5.1056 2.5115e+02          1         49 0.0000e+00
   33.24972  -65.71038    19.6431   4.950404    36.5996     50.628     50.995    19.6433   4.950736    36.6022     0.1999 1.0000e-12     0.0564    98.5992      98.69    222.703     5.1167 2.5010e+02          1         42 0.0000e+00
   33.24972  -65.71038    19.6036   4.946169    36.5984     51.693     52.068    19.6061   4.946756    36.6011     0.2112 1.0000e-12     0.0576    98.5699      98.69    222.393     5.1096 2.4942e+02          1         49 0.0000e+00
   33.24972  -65.71038    19.5585   4.941330    36.5973     52.574     52.955    19.5587   4.941621    36.5996     0.2413 1.0000e-12     0.0588    98.5419      98.69    221.518     5.0895 2.4805e+02          1         50 0.0000e+00
   33.24972  -65.71038    19.5344   4.938583    36.5947     53.603     53.992    19.5346   4.938782    36.5962     0.2438 1.0000e-12     0.0568    98.5897      98.69    221.352     5.0858 2.4727e+02          1         40 0.0000e+00
   33.24972  -65.71038    19.5255   4.937644    36.5937     54.642     55.038    19.5260   4.937816    36.5946     0.2582 1.0000e-12     0.0541    98.6571      98.69    220.912     5.0757 2.4617e+02          1         50 0.0000e+00
   33.24972  -65.71038    19.5185   4.936917    36.5928     55.504     55.907    19.5199   4.937233    36.5941     0.3196 1.0000e-12     0.0561    98.6077      98.69    221.163     5.0814 2.4501e+02          1         62 0.0000e+00
   33.24972  -65.71038    19.5043   4.935490    36.5927     56.572     56.983    19.5039   4.935575    36.5937     0.2744 1.0000e-12     0.0561    98.6077      98.69    221.112     5.0803 2.4508e+02          1         31 0.0000e+00
   33.24972  -65.71038    19.4939   4.934420    36.5924     57.638     58.057    19.4936   4.934581    36.5940     0.2857 1.0000e-12     0.0559    98.6119      98.69    219.967     5.0540 2.4472e+02          1         31 0.0000e+00
   33.24972  -65.71038    19.4823   4.933269    36.5923     58.563     58.988    19.4821   4.933347    36.5932     0.3054 1.0000e-12     0.0563    98.6019      98.69    219.456     5.0423 2.4338e+02          1         75 0.0000e+00
   33.24972  -65.71038    19.4725   4.932250    36.5918     59.558     59.991    19.4721   4.932329    36.5928     0.3029 1.0000e-12     0.0564    98.6009      98.69    218.591     5.0224 2.4197e+02          1         38 0.0000e+00
   33.24972  -65.71038    19.4598   4.930908    36.5913     60.564     61.004    19.4597   4.931007    36.5923     0.3316 1.0000e-12     0.0572    98.5793      98.69    219.191     5.0362 2.4170e+02          1         48 0.0000e+00
   33.24974  -65.71038    19.4563   4.930604    36.5912     61.543     61.990    19.4564   4.930686    36.5919     0.3478 1.0000e-12     0.0587    98.5435      98.69    219.234     5.0372 2.4116e+02          1         44 0.0000e+00
   33.24974  -65.71038    19.4536   4.930365    36.5911     62.542     62.997    19.4535   4.930464    36.5920     0.3504 1.0000e-12     0.0606    98.4957      98.70    218.289     5.0155 2.4096e+02          1         42 0.0000e+00
   33.24974  -65.71038    19.4452   4.929581    36.5915     63.562     64.024    19.4451   4.929667    36.5923     0.3690 1.0000e-12     0.0668    98.3427      98.70    218.580     5.0222 2.4038e+02          1         42 0.0000e+00
   33.24974  -65.71038    19.4430   4.929421    36.5916     64.481     64.950    19.4429   4.929491    36.5922     0.4224 1.0000e-12     0.0639    98.4137      98.69    217.466     4.9966 2.3975e+02          1         71 0.0000e+00
   33.24974  -65.71038    19.4423   4.929433    36.5917     65.497     65.974    19.4422   4.929486    36.5922     0.4076 1.0000e-12     0.0652    98.3832      98.69    217.552     4.9986 2.3956e+02          1         38 0.0000e+00
   33.24974  -65.71038    19.4414   4.929402    36.5918     66.520     67.005    19.4413   4.929461    36.5924     0.4031 1.0000e-12     0.0650    98.3873      98.69    217.945     5.0076 2.3902e+02          1         33 0.0000e+00
   33.24974  -65.71038    19.4398   4.929289    36.5918     67.537     68.030    19.4397   4.929389    36.5927     0.4218 1.0000e-12     0.0639    98.4147      98.69    217.765     5.0035 2.3878e+02          1         43 0.0000e+00
   33.24974  -65.71038    19.4375   4.929166    36.5923     68.544     69.044    19.4376   4.929250    36.5929     0.4446 1.0000e-12     0.0631    98.4336      98.70    217.600     4.9997 2.3871e+02          1         75 0.0000e+00
   33.24974  -65.71038    19.4360   4.929073    36.5925     69.378     69.883    19.4359   4.929136    36.5931     0.4589 1.0000e-12     0.0624    98.4514      98.70    216.594     4.9766 2.3832e+02          1         50 0.0000e+00
   33.24974  -65.71038    19.4341   4.928945    36.5927     70.478     70.993    19.4340   4.929034    36.5935     0.4504 1.0000e-12     0.0619    98.4642      98.70    217.297     4.9927 2.3868e+02          1         24 0.0000e+00
