Data/ruptures/KN207-01/QL-2/20701075.cnv
* Sea-Bird SBE 9 Data File:
* FileName = C:\Data\ctd\20701075.hex
* Software Version Seasave V 7.21e
* Temperature SN = 4406
* Conductivity SN = 1474
* Number of Bytes Per Scan = 40
* Number of Voltage Words = 5
* Number of Scans Averaged by the Deck Unit = 1
* NMEA Latitude = 33 04.75 N
* NMEA Longitude = 065 41.64 W
* NMEA UTC (Time) = May 02 2012 13:58:35
** R/V Knorr Cruise # KN207-01 QL 2
** Chief Scientist: Ben Van Mooy
# nquan = 21
# nvalues = 399                         
# units = specified
# name 0 = latitude: Latitude [deg]
# name 1 = longitude: Longitude [deg]
# name 2 = t090C: Temperature [ITS-90, deg C]
# name 3 = c0S/m: Conductivity [S/m]
# name 4 = sal00: Salinity, Practical [PSU]
# name 5 = depSM: Depth [salt water, m]
# name 6 = prDM: Pressure, Digiquartz [db]
# name 7 = t190C: Temperature, 2 [ITS-90, deg C]
# name 8 = c1S/m: Conductivity, 2 [S/m]
# name 9 = sal11: Salinity, Practical, 2 [PSU]
# name 10 = flECO-AFL: Fluorescence, WET Labs ECO-AFL/FL [mg/m^3]
# name 11 = par: PAR/Irradiance, Biospherical/Licor
# name 12 = bat: Beam Attenuation, Chelsea/Seatech [1/m]
# name 13 = xmiss: Beam Transmission, Chelsea/Seatech [%]
# name 14 = altM: Altimeter [m]
# name 15 = sbeox0Mm/Kg: Oxygen, SBE 43 [umol/kg]
# name 16 = sbeox0ML/L: Oxygen, SBE 43 [ml/l]
# name 17 = spar: SPAR/Surface Irradiance
# name 18 = pumps: Pump Status
# name 19 = nbin: number of scans per bin
# name 20 = flag: flag
# span 0 =   33.07920,   33.08013       
# span 1 =  -65.69406,  -65.69356       
# span 2 =    18.0159,    20.3706       
# span 3 =   4.776892,   5.027931       
# span 4 =    36.5136,    36.6183       
# span 5 =      3.058,    200.185       
# span 6 =      3.080,    201.707       
# span 7 =    18.0295,    20.3724       
# span 8 =   4.778350,   5.028182       
# span 9 =    36.5117,    36.6192       
# span 10 =     0.0061,     0.9177      
# span 11 = 1.0000e-12, 1.0000e-12      
# span 12 =    -0.0123,     0.0713      
# span 13 =    98.2327,   100.3084      
# span 14 =       1.03,      98.90      
# span 15 =    185.959,    222.940      
# span 16 =     4.2737,     5.1222      
# span 17 = 1.2581e+03, 2.9421e+03      
# span 18 =          1,          1      
# span 19 =         16,        873      
# span 20 = 0.0000e+00, 0.0000e+00      
# interval = decibars: 1                
# start_time = May 02 2012 13:58:35 [NMEA time, header]
# bad_flag = -9.990e-29
*END*
   33.07920  -65.69406    20.3462   5.025106    36.6170      3.112      3.135    20.3465   5.025289    36.6181     0.0727 1.0000e-12     0.0467    98.8388      88.25    217.548     4.9974 2.8630e+03          1        329 0.0000e+00
   33.07922  -65.69404    20.3538   5.026011    36.6172      4.031      4.060    20.3543   5.025967    36.6164     0.0538 1.0000e-12     0.0496    98.7678      63.50    218.260     5.0137 2.9276e+03          1         44 0.0000e+00
   33.07922  -65.69404    20.3545   5.026117    36.6172      4.889      4.924    20.3544   5.026230    36.6182     0.0683 1.0000e-12     0.0473    98.8229      96.07    217.727     5.0015 2.8465e+03          1         38 0.0000e+00
   33.07922  -65.69404    20.3495   5.025603    36.6170      6.022      6.064    20.3507   5.025898    36.6184     0.0740 1.0000e-12     0.0488    98.7883      48.01    218.012     5.0080 2.5935e+03          1         44 0.0000e+00
   33.07922  -65.69403    20.3475   5.025429    36.6171      6.853      6.902    20.3494   5.025772    36.6182     0.0821 1.0000e-12     0.0466    98.8433      65.57    218.121     5.0105 2.2304e+03          1         61 0.0000e+00
   33.07922  -65.69402    20.3202   5.022412    36.6163      7.926      7.983    20.3189   5.022578    36.6188     0.0669 1.0000e-12     0.0446    98.8912      23.02    217.807     5.0034 1.9856e+03          1         37 0.0000e+00
   33.07923  -65.69402    20.3104   5.021346    36.6156      8.967      9.031    20.3110   5.021584    36.6170     0.0774 1.0000e-12     0.0463    98.8500      37.20    217.912     5.0058 1.9917e+03          1         47 0.0000e+00
   33.07924  -65.69402    20.3076   5.021092    36.6155      9.902      9.972    20.3085   5.021324    36.6167     0.0695 1.0000e-12     0.0479    98.8094      78.22    218.275     5.0141 2.0837e+03          1         52 0.0000e+00
   33.07924  -65.69402    20.3027   5.020569    36.6150     10.940     11.018    20.3032   5.020762    36.6162     0.0663 1.0000e-12     0.0467    98.8397      62.69    217.350     4.9929 2.7127e+03          1         44 0.0000e+00
   33.07924  -65.69402    20.3029   5.020648    36.6151     11.921     12.006    20.3026   5.020739    36.6161     0.0739 1.0000e-12     0.0493    98.7740      84.80    218.522     5.0198 2.8281e+03          1         43 0.0000e+00
   33.07924  -65.69402    20.3024   5.020643    36.6150     12.891     12.983    20.3023   5.020780    36.6162     0.0771 1.0000e-12     0.0495    98.7700       5.88    217.764     5.0024 2.9316e+03          1         45 0.0000e+00
   33.07924  -65.69402    20.3018   5.020615    36.6149     13.885     13.984    20.3015   5.020722    36.6160     0.0698 1.0000e-12     0.0497    98.7652       1.05    218.478     5.0188 2.9349e+03          1         48 0.0000e+00
   33.07924  -65.69400    20.2994   5.020362    36.6144     14.901     15.008    20.2997   5.020518    36.6155     0.0814 1.0000e-12     0.0515    98.7213      27.90    217.992     5.0076 2.9185e+03          1         41 0.0000e+00
   33.07924  -65.69400    20.2992   5.020380    36.6143     15.933     16.047    20.2996   5.020561    36.6155     0.0799 1.0000e-12     0.0481    98.8058       1.06    218.233     5.0132 2.8968e+03          1         54 0.0000e+00
   33.07924  -65.69400    20.2975   5.020180    36.6138     16.835     16.955    20.2973   5.020294    36.6149     0.0955 1.0000e-12     0.0487    98.7888       1.05    218.244     5.0134 2.8850e+03          1         47 0.0000e+00
   33.07924  -65.69400    20.2950   5.019897    36.6133     17.904     18.032    20.2946   5.019990    36.6144     0.0894 1.0000e-12     0.0533    98.6763       1.04    218.173     5.0118 2.8879e+03          1         33 0.0000e+00
   33.07924  -65.69400    20.2931   5.019717    36.6131     18.923     19.058    20.2938   5.019925    36.6142     0.0913 1.0000e-12     0.0529    98.6864       1.05    218.453     5.0182 2.8757e+03          1         50 0.0000e+00
   33.07924  -65.69400    20.2928   5.019736    36.6131     19.805     19.946    20.2926   5.019823    36.6140     0.0790 1.0000e-12     0.0516    98.7181       1.05    218.182     5.0120 2.8745e+03          1         58 0.0000e+00
   33.07924  -65.69400    20.2928   5.019776    36.6130     20.829     20.979    20.2928   5.019904    36.6141     0.0918 1.0000e-12     0.0512    98.7292       1.05    218.418     5.0174 2.8683e+03          1         36 0.0000e+00
   33.07924  -65.69400    20.2925   5.019787    36.6129     21.851     22.008    20.2923   5.019897    36.6140     0.0939 1.0000e-12     0.0497    98.7649       1.03    217.941     5.0065 2.8686e+03          1         35 0.0000e+00
   33.07926  -65.69400    20.2911   5.019642    36.6126     22.892     23.056    20.2910   5.019763    36.6137     0.1071 1.0000e-12     0.0510    98.7339       8.08    217.761     5.0023 2.8711e+03          1         64 0.0000e+00
   33.07926  -65.69400    20.2896   5.019506    36.6125     23.771     23.941    20.2898   5.019660    36.6136     0.1111 1.0000e-12     0.0506    98.7421      43.38    218.515     5.0197 2.8615e+03          1         44 0.0000e+00
   33.07926  -65.69399    20.2840   5.018848    36.6117     24.808     24.985    20.2839   5.018993    36.6130     0.0906 1.0000e-12     0.0512    98.7295       1.03    218.656     5.0229 2.8507e+03          1         34 0.0000e+00
   33.07926  -65.69398    20.2786   5.018255    36.6112     25.852     26.037    20.2773   5.018267    36.6124     0.0922 1.0000e-12     0.0504    98.7473       1.04    218.674     5.0233 2.8618e+03          1         49 0.0000e+00
   33.07926  -65.69398    20.2734   5.017686    36.6107     26.752     26.943    20.2722   5.017672    36.6116     0.0965 1.0000e-12     0.0530    98.6849       1.05    218.571     5.0210 2.8676e+03          1         54 0.0000e+00
   33.07926  -65.69398    20.2655   5.016792    36.6099     27.815     28.014    20.2659   5.016997    36.6112     0.0935 1.0000e-12     0.0507    98.7392       1.04    218.446     5.0181 2.8701e+03          1         45 0.0000e+00
   33.07926  -65.69398    20.2572   5.015822    36.6089     28.761     28.967    20.2548   5.015785    36.6108     0.1218 1.0000e-12     0.0507    98.7407       1.03    218.625     5.0222 2.8732e+03          1         41 0.0000e+00
   33.07926  -65.69398    20.2373   5.013600    36.6079     29.775     29.989    20.2367   5.013713    36.6093     0.1196 1.0000e-12     0.0517    98.7164       1.04    219.141     5.0341 2.8790e+03          1         44 0.0000e+00
   33.07928  -65.69398    20.2283   5.012629    36.6073     30.779     31.000    20.2279   5.012716    36.6084     0.1046 1.0000e-12     0.0541    98.6573      69.83    219.112     5.0334 2.8785e+03          1         55 0.0000e+00
   33.07928  -65.69398    20.2245   5.012248    36.6071     31.743     31.971    20.2243   5.012378    36.6082     0.1207 1.0000e-12     0.0553    98.6267      34.39    219.078     5.0327 2.8768e+03          1         46 0.0000e+00
   33.07928  -65.69398    20.2125   5.010911    36.6062     32.734     32.970    20.2122   5.011113    36.6081     0.1040 1.0000e-12     0.0557    98.6183       1.03    218.832     5.0270 2.8759e+03          1         39 0.0000e+00
   33.07928  -65.69398    20.1781   5.007051    36.6046     33.772     34.015    20.1786   5.007419    36.6072     0.1290 1.0000e-12     0.0557    98.6161      96.08    219.056     5.0322 2.8754e+03          1         40 0.0000e+00
   33.07928  -65.69397    20.1509   5.004115    36.6039     34.803     35.053    20.1511   5.004333    36.6055     0.1402 1.0000e-12     0.0576    98.5702      44.44    219.210     5.0358 2.8731e+03          1         63 0.0000e+00
   33.07928  -65.69396    20.1345   5.002405    36.6037     35.697     35.954    20.1337   5.002469    36.6049     0.1433 1.0000e-12     0.0591    98.5338      21.00    219.803     5.0494 2.8735e+03          1         40 0.0000e+00
   33.07928  -65.69396    20.1287   5.001814    36.6033     36.709     36.973    20.1286   5.001995    36.6049     0.1417 1.0000e-12     0.0608    98.4921      67.17    220.134     5.0570 2.8759e+03          1         38 0.0000e+00
   33.07928  -65.69396    20.1131   5.000177    36.6030     37.746     38.018    20.1123   5.000277    36.6045     0.1575 1.0000e-12     0.0613    98.4797       4.14    219.692     5.0469 2.8759e+03          1         52 0.0000e+00
   33.07928  -65.69396    20.1008   4.998878    36.6026     38.700     38.978    20.1005   4.999000    36.6038     0.1585 1.0000e-12     0.0607    98.4946      19.71    220.538     5.0664 2.8730e+03          1         45 0.0000e+00
   33.07929  -65.69396    20.0885   4.997553    36.6020     39.743     40.029    20.0885   4.997765    36.6038     0.1393 1.0000e-12     0.0619    98.4635      42.01    220.402     5.0632 2.8714e+03          1         41 0.0000e+00
   33.07930  -65.69396    20.0803   4.996723    36.6018     40.703     40.997    20.0800   4.996824    36.6030     0.1555 1.0000e-12     0.0630    98.4369      24.05    219.795     5.0493 2.8700e+03          1         48 0.0000e+00
   33.07930  -65.69396    20.0776   4.996495    36.6017     41.672     41.972    20.0772   4.996592    36.6029     0.1521 1.0000e-12     0.0660    98.3638      75.75    220.503     5.0656 2.8689e+03          1         43 0.0000e+00
   33.07930  -65.69394    20.0719   4.995945    36.6016     42.688     42.996    20.0715   4.996052    36.6029     0.1549 1.0000e-12     0.0644    98.4021      98.65    220.294     5.0608 2.8658e+03          1         54 0.0000e+00
   33.07930  -65.69394    20.0567   4.994290    36.6010     43.636     43.950    20.0556   4.994482    36.6036     0.1727 1.0000e-12     0.0641    98.4093      98.65    220.362     5.0624 2.8626e+03          1         43 0.0000e+00
   33.07930  -65.69394    19.9274   4.980402    36.6015     44.660     44.983    19.9284   4.981588    36.6104     0.1691 1.0000e-12     0.0643    98.4060      98.65    220.793     5.0724 2.8603e+03          1         33 0.0000e+00
   33.07930  -65.69394    19.7989   4.966696    36.6018     45.729     46.059    19.7998   4.967519    36.6078     0.1941 1.0000e-12     0.0664    98.3528      98.65    221.362     5.0857 2.8591e+03          1         50 0.0000e+00
   33.07930  -65.69394    19.7077   4.956930    36.6007     46.656     46.993    19.7083   4.957314    36.6033     0.1889 1.0000e-12     0.0687    98.2978      98.65    222.391     5.1094 2.8585e+03          1         53 0.0000e+00
   33.07930  -65.69394    19.6719   4.953111    36.5991     47.614     47.958    19.6717   4.953333    36.6010     0.1819 1.0000e-12     0.0695    98.2773      89.50    222.707     5.1167 2.8571e+03          1         48 0.0000e+00
   33.07930  -65.69394    19.6563   4.951506    36.5982     48.628     48.979    19.6560   4.951717    36.6001     0.1760 1.0000e-12     0.0644    98.4021      89.16    222.661     5.1157 2.8539e+03          1         38 0.0000e+00
   33.07930  -65.69394    19.6408   4.949935    36.5977     49.633     49.992    19.6405   4.950079    36.5992     0.2120 1.0000e-12     0.0707    98.2473      60.47    222.680     5.1161 2.8514e+03          1         42 0.0000e+00
   33.07930  -65.69394    19.6294   4.948772    36.5970     50.640     51.006    19.6298   4.949021    36.5987     0.2146 1.0000e-12     0.0666    98.3481      98.65    222.490     5.1118 2.8508e+03          1         49 0.0000e+00
   33.07930  -65.69394    19.6083   4.946543    36.5962     51.618     51.992    19.6085   4.946802    36.5982     0.2269 1.0000e-12     0.0671    98.3367      98.65    222.761     5.1180 2.8518e+03          1         44 0.0000e+00
   33.07930  -65.69394    19.5779   4.943302    36.5955     52.617     52.998    19.5779   4.943548    36.5975     0.2256 1.0000e-12     0.0664    98.3527      98.65    222.808     5.1192 2.8521e+03          1         51 0.0000e+00
   33.07932  -65.69392    19.5385   4.939041    36.5944     53.576     53.963    19.5396   4.939471    36.5969     0.2321 1.0000e-12     0.0713    98.2327      98.65    222.940     5.1222 2.8509e+03          1         51 0.0000e+00
   33.07932  -65.69392    19.5134   4.936425    36.5940     54.586     54.982    19.5135   4.936629    36.5957     0.2180 1.0000e-12     0.0669    98.3428      98.66    222.453     5.1111 2.8527e+03          1         36 0.0000e+00
   33.07932  -65.69392    19.5055   4.935623    36.5936     55.627     56.030    19.5055   4.935802    36.5950     0.2429 1.0000e-12     0.0628    98.4427      98.65    222.739     5.1177 2.8517e+03          1         38 0.0000e+00
   33.07932  -65.69392    19.5008   4.935204    36.5932     56.649     57.060    19.5009   4.935316    36.5941     0.2451 1.0000e-12     0.0595    98.5246      98.65    222.667     5.1160 2.8519e+03          1         68 0.0000e+00
   33.07932  -65.69392    19.4945   4.934589    36.5929     57.521     57.938    19.4946   4.934781    36.5944     0.2211 1.0000e-12     0.0603    98.5042      98.65    222.438     5.1108 2.8464e+03          1         37 0.0000e+00
   33.07932  -65.69392    19.4851   4.933641    36.5928     58.552     58.977    19.4852   4.933834    36.5943     0.2509 1.0000e-12     0.0582    98.5563      98.65    221.814     5.0964 2.8491e+03          1         34 0.0000e+00
   33.07932  -65.69392    19.4766   4.932805    36.5928     59.587     60.019    19.4767   4.932938    36.5938     0.2395 1.0000e-12     0.0604    98.5024      98.65    221.828     5.0968 2.8481e+03          1         52 0.0000e+00
   33.07932  -65.69392    19.4737   4.932563    36.5926     60.523     60.962    19.4737   4.932696    36.5937     0.2557 1.0000e-12     0.0588    98.5404      98.65    221.883     5.0980 2.8485e+03          1         50 0.0000e+00
   33.07932  -65.69392    19.4700   4.932209    36.5924     61.561     62.007    19.4701   4.932371    36.5937     0.2484 1.0000e-12     0.0566    98.5943      98.65    221.249     5.0835 2.8461e+03          1         42 0.0000e+00
   33.07932  -65.69392    19.4607   4.931277    36.5924     62.557     63.012    19.4609   4.931460    36.5938     0.2435 1.0000e-12     0.0587    98.5438      98.66    221.844     5.0971 2.8181e+03          1         41 0.0000e+00
   33.07933  -65.69392    19.4554   4.930789    36.5925     63.563     64.024    19.4554   4.930906    36.5935     0.2674 1.0000e-12     0.0536    98.6695      98.65    221.567     5.0908 2.8331e+03          1         50 0.0000e+00
   33.07934  -65.69392    19.4527   4.930545    36.5924     64.457     64.926    19.4528   4.930683    36.5935     0.2712 1.0000e-12     0.0530    98.6844      98.66    221.113     5.0804 2.8441e+03          1         52 0.0000e+00
   33.07934  -65.69391    19.4464   4.929935    36.5924     65.501     65.978    19.4465   4.930092    36.5937     0.2728 1.0000e-12     0.0576    98.5699      98.65    220.636     5.0694 2.8414e+03          1         34 0.0000e+00
   33.07934  -65.69390    19.4440   4.929782    36.5928     66.562     67.046    19.4440   4.929904    36.5938     0.2742 1.0000e-12     0.0542    98.6533      98.65    220.838     5.0741 2.8055e+03          1         35 0.0000e+00
   33.07934  -65.69390    19.4405   4.929508    36.5931     67.485     67.976    19.4404   4.929623    36.5942     0.3044 1.0000e-12     0.0527    98.6921      98.66    220.191     5.0592 2.6430e+03          1         78 0.0000e+00
   33.07934  -65.69390    19.4299   4.928455    36.5934     68.449     68.947    19.4301   4.928638    36.5948     0.2975 1.0000e-12     0.0534    98.6740      98.66    219.905     5.0526 2.8331e+03          1         33 0.0000e+00
   33.07934  -65.69390    19.4246   4.927913    36.5932     69.478     69.984    19.4246   4.928060    36.5944     0.3288 1.0000e-12     0.0539    98.6620      98.66    219.911     5.0528 2.8257e+03          1         28 0.0000e+00
