Data/ruptures/KN207-01/QL-2/20701070.cnv
* Sea-Bird SBE 9 Data File:
* FileName = C:\Data\ctd\20701070.hex
* Software Version Seasave V 7.21e
* Temperature SN = 4406
* Conductivity SN = 1474
* Number of Bytes Per Scan = 40
* Number of Voltage Words = 5
* Number of Scans Averaged by the Deck Unit = 1
* NMEA Latitude = 32 58.13 N
* NMEA Longitude = 065 45.11 W
* NMEA UTC (Time) = May 01 2012 19:59:29
** R/V Knorr Cruise # KN207-01 QL 2
** Chief Scientist: Ben Van Mooy
# nquan = 21
# nvalues = 400                         
# units = specified
# name 0 = latitude: Latitude [deg]
# name 1 = longitude: Longitude [deg]
# name 2 = t090C: Temperature [ITS-90, deg C]
# name 3 = c0S/m: Conductivity [S/m]
# name 4 = sal00: Salinity, Practical [PSU]
# name 5 = depSM: Depth [salt water, m]
# name 6 = prDM: Pressure, Digiquartz [db]
# name 7 = t190C: Temperature, 2 [ITS-90, deg C]
# name 8 = c1S/m: Conductivity, 2 [S/m]
# name 9 = sal11: Salinity, Practical, 2 [PSU]
# name 10 = flECO-AFL: Fluorescence, WET Labs ECO-AFL/FL [mg/m^3]
# name 11 = par: PAR/Irradiance, Biospherical/Licor
# name 12 = bat: Beam Attenuation, Chelsea/Seatech [1/m]
# name 13 = xmiss: Beam Transmission, Chelsea/Seatech [%]
# name 14 = altM: Altimeter [m]
# name 15 = sbeox0Mm/Kg: Oxygen, SBE 43 [umol/kg]
# name 16 = sbeox0ML/L: Oxygen, SBE 43 [ml/l]
# name 17 = spar: SPAR/Surface Irradiance
# name 18 = pumps: Pump Status
# name 19 = nbin: number of scans per bin
# name 20 = flag: flag
# span 0 =   32.96895,   32.97112       
# span 1 =  -65.75186,  -65.75018       
# span 2 =    17.8290,    20.5093       
# span 3 =   4.466712,   5.042299       
# span 4 =    31.9975,    37.0387       
# span 5 =      2.443,    200.081       
# span 6 =      2.460,    201.600       
# span 7 =    17.8277,    20.5271       
# span 8 =   4.756422,   5.044471       
# span 9 =    36.5038,    36.6217       
# span 10 =    -0.0109,     0.9680      
# span 11 = 1.0000e-12, 1.0000e-12      
# span 12 =    -0.0145,     0.0816      
# span 13 =    97.9815,   100.3643      
# span 14 =       1.29,      98.93      
# span 15 =    124.867,    388.715      
# span 16 =     2.8694,     8.9286      
# span 17 = 2.4889e+03, 2.6009e+03      
# span 18 =          1,          1      
# span 19 =         11,       1231      
# span 20 = 0.0000e+00, 0.0000e+00      
# interval = decibars: 1                
# start_time = May 01 2012 19:59:29 [NMEA time, header]
# bad_flag = -9.990e-29
*END*
[from data line 276]
   32.97028  -65.75090    19.3788   4.925468    36.5916    124.104    125.023    19.3779   4.925447    36.5922     0.2344 1.0000e-12     0.0072    99.8210      98.71    213.028     4.8947 2.5626e+03          1         35 0.0000e+00
   32.97028  -65.75090    19.3783   4.925377    36.5917    123.105    124.016    19.3785   4.925438    36.5920     0.2292 1.0000e-12     0.0062    99.8447      98.72    212.918     4.8922 2.5682e+03          1         25 0.0000e+00
   32.97028  -65.75090    19.3787   4.925365    36.5917    122.107    123.011    19.3778   4.925341    36.5921     0.1936 1.0000e-12     0.0084    99.7902      98.71    212.955     4.8930 2.5707e+03          1         18 0.0000e+00
   32.97028  -65.75090    19.3788   4.925338    36.5916    121.115    122.011    19.3784   4.925332    36.5919     0.2720 1.0000e-12     0.0073    99.8174      98.71    212.841     4.8904 2.5701e+03          1         17 0.0000e+00
   32.97029  -65.75090    19.3786   4.925262    36.5915    120.122    121.010    19.3785   4.925306    36.5920     0.2436 1.0000e-12     0.0075    99.8129      98.72    212.650     4.8860 2.5719e+03          1         17 0.0000e+00
   32.97030  -65.75090    19.3785   4.925201    36.5916    119.089    119.968    19.3783   4.925238    36.5921     0.2174 1.0000e-12     0.0081    99.7975      98.71    212.548     4.8837 2.5717e+03          1         21 0.0000e+00
   32.97030  -65.75090    19.3780   4.925092    36.5914    118.078    118.950    19.3778   4.925150    36.5921     0.2149 1.0000e-12     0.0082    99.7948      98.72    212.802     4.8895 2.5667e+03          1         28 0.0000e+00
   32.97030  -65.75090    19.3780   4.925047    36.5915    117.164    118.029    19.3777   4.925091    36.5920     0.2624 1.0000e-12     0.0080    99.8006      98.72    212.784     4.8891 2.5603e+03          1         42 0.0000e+00
   32.97030  -65.75090    19.3776   4.924954    36.5914    116.189    117.047    19.3776   4.925004    36.5919     0.2673 1.0000e-12     0.0080    99.8020      98.72    212.776     4.8889 2.5657e+03          1         24 0.0000e+00
   32.97030  -65.75088    19.3791   4.925104    36.5917    115.166    116.016    19.3776   4.924999    36.5922     0.2416 1.0000e-12     0.0103    99.7431      98.72    212.759     4.8885 2.5714e+03          1         18 0.0000e+00
   32.97030  -65.75088    19.3793   4.925101    36.5919    114.119    114.960    19.3792   4.925101    36.5920     0.2489 1.0000e-12     0.0101    99.7484      98.72    212.057     4.8724 2.5717e+03          1         16 0.0000e+00
   32.97030  -65.75088    19.3789   4.924996    36.5917    113.162    113.996    19.3790   4.925073    36.5923     0.2557 1.0000e-12     0.0106    99.7370      98.71    211.704     4.8643 2.5700e+03          1         14 0.0000e+00
   32.97030  -65.75088    19.3786   4.924916    36.5917    112.165    112.992    19.3786   4.924960    36.5921     0.2720 1.0000e-12     0.0111    99.7247      98.72    211.668     4.8635 2.5676e+03          1         20 0.0000e+00
   32.97030  -65.75088    19.3784   4.924826    36.5916    111.122    111.941    19.3783   4.924903    36.5923     0.3194 1.0000e-12     0.0128    99.6801      98.72    212.478     4.8821 2.5670e+03          1         35 0.0000e+00
   32.97031  -65.75088    19.3781   4.924738    36.5914    110.224    111.036    19.3781   4.924821    36.5921     0.4024 1.0000e-12     0.0138    99.6553      98.72    213.183     4.8983 2.5657e+03          1         36 0.0000e+00
   32.97032  -65.75088    19.3778   4.924650    36.5914    109.236    110.041    19.3777   4.924701    36.5919     0.3570 1.0000e-12     0.0139    99.6542      98.72    213.248     4.8998 2.5659e+03          1         24 0.0000e+00
   32.97032  -65.75088    19.3778   4.924607    36.5914    108.232    109.029    19.3774   4.924636    36.5920     0.3474 1.0000e-12     0.0141    99.6476      98.71    212.905     4.8919 2.5626e+03          1         20 0.0000e+00
   32.97032  -65.75088    19.3778   4.924575    36.5915    107.199    107.988    19.3780   4.924634    36.5918     0.3578 1.0000e-12     0.0148    99.6315      98.72    212.490     4.8823 2.5578e+03          1         17 0.0000e+00
   32.97032  -65.75088    19.3780   4.924540    36.5914    106.213    106.994    19.3778   4.924593    36.5920     0.3611 1.0000e-12     0.0159    99.6030      98.72    212.732     4.8879 2.5598e+03          1         21 0.0000e+00
   32.97033  -65.75087    19.3782   4.924520    36.5914    105.221    105.995    19.3781   4.924583    36.5920     0.3676 1.0000e-12     0.0179    99.5530      98.72    212.716     4.8875 2.5636e+03          1         26 0.0000e+00
   32.97034  -65.75086    19.3783   4.924486    36.5914    104.248    105.015    19.3779   4.924502    36.5919     0.4152 1.0000e-12     0.0179    99.5549      79.72    213.050     4.8952 2.5618e+03          1         26 0.0000e+00
   32.97034  -65.75086    19.3787   4.924490    36.5915    103.268    104.027    19.3781   4.924470    36.5918     0.4494 1.0000e-12     0.0202    99.4957      98.72    213.386     4.9029 2.5707e+03          1         22 0.0000e+00
   32.97034  -65.75086    19.3801   4.924637    36.5918    102.271    103.023    19.3786   4.924492    36.5919     0.4691 1.0000e-12     0.0206    99.4868      98.71    213.321     4.9014 2.5707e+03          1         20 0.0000e+00
   32.97034  -65.75086    19.3806   4.924646    36.5918    101.241    101.985    19.3802   4.924634    36.5921     0.5130 1.0000e-12     0.0210    99.4753      98.72    212.987     4.8938 2.5679e+03          1         20 0.0000e+00
   32.97035  -65.75085    19.3806   4.924602    36.5918    100.237    100.973    19.3800   4.924591    36.5923     0.5566 1.0000e-12     0.0235    99.4147      98.71    212.725     4.8877 2.5683e+03          1         28 0.0000e+00
   32.97036  -65.75084    19.3806   4.924550    36.5918     99.268     99.997    19.3800   4.924549    36.5923     0.5499 1.0000e-12     0.0248    99.3827      98.72    213.394     4.9031 2.5679e+03          1         34 0.0000e+00
   32.97036  -65.75084    19.3803   4.924475    36.5918     98.299     99.020    19.3801   4.924504    36.5922     0.6732 1.0000e-12     0.0236    99.4122      98.72    213.531     4.9063 2.5669e+03          1         27 0.0000e+00
   32.97036  -65.75084    19.3809   4.924497    36.5918     97.278     97.992    19.3804   4.924473    36.5921     0.5551 1.0000e-12     0.0239    99.4033      98.70    213.682     4.9097 2.5676e+03          1         20 0.0000e+00
   32.97036  -65.75084    19.3812   4.924464    36.5917     96.301     97.008    19.3808   4.924478    36.5922     0.5292 1.0000e-12     0.0240    99.4031      98.72    213.657     4.9092 2.5628e+03          1         17 0.0000e+00
   32.97036  -65.75084    19.3813   4.924450    36.5918     95.282     95.981    19.3812   4.924490    36.5923     0.5479 1.0000e-12     0.0261    99.3518      98.72    213.455     4.9045 2.5543e+03          1         19 0.0000e+00
   32.97036  -65.75084    19.3814   4.924411    36.5918     94.222     94.912    19.3811   4.924448    36.5924     0.5767 1.0000e-12     0.0279    99.3048      98.72    213.767     4.9117 2.5390e+03          1         26 0.0000e+00
   32.97037  -65.75083    19.3813   4.924364    36.5919     93.279     93.962    19.3809   4.924402    36.5926     0.6455 1.0000e-12     0.0325    99.1901      98.72    213.940     4.9156 2.5410e+03          1        125 0.0000e+00
   32.97039  -65.75082    19.3829   4.924486    36.5918     92.526     93.204    19.3825   4.924508    36.5924     0.8189 1.0000e-12     0.0365    99.0912      98.72    213.989     4.9168 2.5605e+03          1        185 0.0000e+00
   32.97047  -65.75075    19.3838   4.924535    36.5919     91.467     92.137    19.3835   4.924582    36.5925     0.9474 1.0000e-12     0.0467    98.8388      96.19    214.494     4.9284 2.5573e+03          1       1231 0.0000e+00
   32.97058  -65.75065    19.3841   4.924543    36.5920     90.608     91.271    19.3841   4.924620    36.5926     0.9045 1.0000e-12     0.0494    98.7735      98.74    214.373     4.9256 2.5412e+03          1        139 0.0000e+00
   32.97062  -65.75062    19.3846   4.924537    36.5920     89.322     89.975    19.3848   4.924609    36.5924     0.8646 1.0000e-12     0.0507    98.7395      47.75    214.199     4.9216 2.5133e+03          1         24 0.0000e+00
   32.97063  -65.75061    19.3849   4.924531    36.5920     88.271     88.917    19.3850   4.924606    36.5926     0.8841 1.0000e-12     0.0518    98.7145      98.74    214.995     4.9399 2.5214e+03          1         80 0.0000e+00
   32.97064  -65.75060    19.3853   4.924528    36.5920     87.430     88.069    19.3857   4.924628    36.5925     0.9363 1.0000e-12     0.0561    98.6068      98.74    214.884     4.9373 2.5205e+03          1         27 0.0000e+00
   32.97064  -65.75060    19.3864   4.924624    36.5921     86.440     87.072    19.3873   4.924773    36.5926     0.8533 1.0000e-12     0.0535    98.6714      98.74    214.805     4.9355 2.5167e+03          1         21 0.0000e+00
   32.97064  -65.75060    19.3887   4.924823    36.5922     85.379     86.003    19.3889   4.924894    36.5926     0.8340 1.0000e-12     0.0564    98.6010      98.73    214.639     4.9317 2.5173e+03          1         19 0.0000e+00
   32.97064  -65.75060    19.3894   4.924848    36.5921     84.371     84.987    19.3896   4.924928    36.5926     0.8332 1.0000e-12     0.0624    98.4509      98.74    214.498     4.9285 2.5250e+03          1         20 0.0000e+00
   32.97065  -65.75060    19.3905   4.924928    36.5922     83.356     83.964    19.3911   4.925035    36.5926     0.7811 1.0000e-12     0.0596    98.5208      98.73    214.485     4.9282 2.5176e+03          1         21 0.0000e+00
   32.97066  -65.75060    19.3914   4.924985    36.5923     82.376     82.978    19.3910   4.925004    36.5928     0.7654 1.0000e-12     0.0617    98.4682      98.74    214.819     4.9358 2.5235e+03          1         21 0.0000e+00
   32.97066  -65.75060    19.3922   4.925007    36.5921     81.400     81.994    19.3922   4.925070    36.5927     0.8592 1.0000e-12     0.0635    98.4257      98.74    215.301     4.9469 2.5282e+03          1         25 0.0000e+00
   32.97066  -65.75060    19.3931   4.925066    36.5921     80.389     80.976    19.3928   4.925107    36.5928     0.8668 1.0000e-12     0.0634    98.4286      98.73    215.703     4.9562 2.5277e+03          1         31 0.0000e+00
   32.97066  -65.75060    19.3935   4.925055    36.5921     79.418     79.997    19.3935   4.925100    36.5925     0.9145 1.0000e-12     0.0731    98.1898      98.74    215.813     4.9587 2.5359e+03          1         31 0.0000e+00
   32.97066  -65.75058    19.3943   4.925076    36.5919     78.430     79.002    19.3944   4.925151    36.5925     0.7976 1.0000e-12     0.0618    98.4654      98.73    215.468     4.9508 2.5397e+03          1         26 0.0000e+00
   32.97066  -65.75058    19.3969   4.925304    36.5919     77.443     78.008    19.3961   4.925249    36.5922     0.7164 1.0000e-12     0.0585    98.5486      98.73    215.569     4.9531 2.5467e+03          1         20 0.0000e+00
   32.97066  -65.75058    19.3988   4.925461    36.5919     76.464     77.022    19.3988   4.925476    36.5921     0.6490 1.0000e-12     0.0568    98.5897      98.74    215.706     4.9562 2.5572e+03          1         20 0.0000e+00
   32.97066  -65.75058    19.4007   4.925637    36.5921     75.473     76.023    19.4007   4.925649    36.5922     0.6038 1.0000e-12     0.0557    98.6180      98.74    216.350     4.9710 2.5557e+03          1         20 0.0000e+00
   32.97066  -65.75058    19.4023   4.925757    36.5920     74.469     75.012    19.4014   4.925715    36.5925     0.5755 1.0000e-12     0.0571    98.5831      98.73    217.000     4.9859 2.5528e+03          1         23 0.0000e+00
   32.97067  -65.75057    19.4035   4.925857    36.5922     73.471     74.006    19.4032   4.925867    36.5925     0.5331 1.0000e-12     0.0565    98.5970      98.74    217.096     4.9881 2.5536e+03          1         24 0.0000e+00
   32.97068  -65.75056    19.4064   4.926125    36.5922     72.463     72.990    19.4048   4.925959    36.5923     0.5294 1.0000e-12     0.0587    98.5439      98.73    216.945     4.9847 2.5492e+03          1         27 0.0000e+00
   32.97068  -65.75056    19.4080   4.926246    36.5922     71.476     71.996    19.4088   4.926337    36.5922     0.5006 1.0000e-12     0.0606    98.4980      98.74    216.981     4.9855 2.5440e+03          1         26 0.0000e+00
   32.97068  -65.75056    19.4106   4.926457    36.5920     70.506     71.019    19.4114   4.926563    36.5922     0.4850 1.0000e-12     0.0622    98.4555      98.74    217.839     5.0052 2.5463e+03          1         26 0.0000e+00
   32.97068  -65.75056    19.4142   4.926777    36.5919     69.495     70.000    19.4142   4.926817    36.5922     0.4683 1.0000e-12     0.0619    98.4636      87.85    217.900     5.0066 2.5463e+03          1         23 0.0000e+00
   32.97068  -65.75056    19.4186   4.927159    36.5916     68.497     68.995    19.4194   4.927278    36.5918     0.4484 1.0000e-12     0.0627    98.4430      84.29    217.665     5.0012 2.5469e+03          1         22 0.0000e+00
   32.97068  -65.75056    19.4220   4.927483    36.5915     67.509     68.000    19.4221   4.927511    36.5917     0.4217 1.0000e-12     0.0634    98.4289      81.43    218.197     5.0134 2.5512e+03          1         24 0.0000e+00
   32.97068  -65.75056    19.4243   4.927654    36.5914     66.516     66.999    19.4242   4.927653    36.5915     0.4318 1.0000e-12     0.0633    98.4308      89.18    218.838     5.0281 2.5465e+03          1         26 0.0000e+00
   32.97068  -65.75056    19.4263   4.927834    36.5915     65.527     66.003    19.4271   4.927971    36.5920     0.4061 1.0000e-12     0.0642    98.4075      98.74    219.218     5.0369 2.5449e+03          1         24 0.0000e+00
   32.97068  -65.75056    19.4280   4.927959    36.5915     64.554     65.022    19.4278   4.928007    36.5920     0.4064 1.0000e-12     0.0636    98.4229      49.63    219.042     5.0328 2.5478e+03          1         21 0.0000e+00
   32.97069  -65.75055    19.4304   4.928183    36.5915     63.533     63.994    19.4303   4.928176    36.5916     0.3771 1.0000e-12     0.0643    98.4044      68.00    219.054     5.0331 2.5525e+03          1         22 0.0000e+00
   32.97070  -65.75054    19.4339   4.928497    36.5915     62.527     62.980    19.4322   4.928356    36.5918     0.3761 1.0000e-12     0.0657    98.3703      98.74    219.183     5.0361 2.5478e+03          1         21 0.0000e+00
   32.97070  -65.75054    19.4359   4.928639    36.5913     61.557     62.003    19.4352   4.928631    36.5919     0.3596 1.0000e-12     0.0630    98.4360      98.74    218.769     5.0265 2.5503e+03          1         25 0.0000e+00
   32.97070  -65.75054    19.4368   4.928683    36.5912     60.552     60.991    19.4379   4.928800    36.5913     0.3663 1.0000e-12     0.0658    98.3684      98.74    219.119     5.0346 2.5529e+03          1         29 0.0000e+00
   32.97070  -65.75054    19.4399   4.928931    36.5909     59.581     60.012    19.4392   4.928910    36.5914     0.3508 1.0000e-12     0.0656    98.3730      98.73    220.205     5.0595 2.5525e+03          1         30 0.0000e+00
   32.97072  -65.75054    19.4428   4.929174    36.5908     58.596     59.020    19.4437   4.929314    36.5912     0.3317 1.0000e-12     0.0676    98.3239      98.74    219.941     5.0534 2.5577e+03          1         24 0.0000e+00
   32.97072  -65.75054    19.4476   4.929663    36.5910     57.631     58.048    19.4503   4.929930    36.5908     0.3328 1.0000e-12     0.0665    98.3507      98.74    220.198     5.0593 2.5566e+03          1         19 0.0000e+00
