Data/ruptures/KN207-01/QL-2/20701079.cnv
* Sea-Bird SBE 9 Data File:
* FileName = C:\Data\ctd\20701079.hex
* Software Version Seasave V 7.21e
* Temperature SN = 4406
* Conductivity SN = 1474
* Number of Bytes Per Scan = 40
* Number of Voltage Words = 5
* Number of Scans Averaged by the Deck Unit = 1
* NMEA Latitude = 33 08.99 N
* NMEA Longitude = 065 41.12 W
* NMEA UTC (Time) = May 02 2012 22:03:41
** R/V Knorr Cruise # KN207-01 QL 2
** Chief Scientist: Ben Van Mooy
# nquan = 21
# nvalues = 398                         
# units = specified
# name 0 = latitude: Latitude [deg]
# name 1 = longitude: Longitude [deg]
# name 2 = t090C: Temperature [ITS-90, deg C]
# name 3 = c0S/m: Conductivity [S/m]
# name 4 = sal00: Salinity, Practical [PSU]
# name 5 = depSM: Depth [salt water, m]
# name 6 = prDM: Pressure, Digiquartz [db]
# name 7 = t190C: Temperature, 2 [ITS-90, deg C]
# name 8 = c1S/m: Conductivity, 2 [S/m]
# name 9 = sal11: Salinity, Practical, 2 [PSU]
# name 10 = flECO-AFL: Fluorescence, WET Labs ECO-AFL/FL [mg/m^3]
# name 11 = par: PAR/Irradiance, Biospherical/Licor
# name 12 = bat: Beam Attenuation, Chelsea/Seatech [1/m]
# name 13 = xmiss: Beam Transmission, Chelsea/Seatech [%]
# name 14 = altM: Altimeter [m]
# name 15 = sbeox0Mm/Kg: Oxygen, SBE 43 [umol/kg]
# name 16 = sbeox0ML/L: Oxygen, SBE 43 [ml/l]
# name 17 = spar: SPAR/Surface Irradiance
# name 18 = pumps: Pump Status
# name 19 = nbin: number of scans per bin
# name 20 = flag: flag
# span 0 =   33.14991,   33.15100       
# span 1 =  -65.68552,  -65.68542       
# span 2 =    18.3880,    20.4234       
# span 3 =   4.818068,   5.034268       
# span 4 =    36.5340,    36.6192       
# span 5 =      2.161,    199.267       
# span 6 =      2.176,    200.782       
# span 7 =    18.3928,    20.4233       
# span 8 =   4.818594,   5.034180       
# span 9 =    36.5351,    36.6200       
# span 10 =     0.0166,     0.8575      
# span 11 = 1.0000e-12, 1.0000e-12      
# span 12 =    -0.0085,     0.0766      
# span 13 =    98.1018,   100.2130      
# span 14 =       0.97,      98.80      
# span 15 =    187.589,    223.279      
# span 16 =     4.3109,     5.1299      
# span 17 = 1.0252e+02, 1.3207e+02      
# span 18 =          1,          1      
# span 19 =         16,       1421      
# span 20 = 0.0000e+00, 0.0000e+00      
# interval = decibars: 1                
# start_time = May 02 2012 22:03:41 [NMEA time, header]
# bad_flag = -9.990e-29
*END*
[from data line 138]
   33.15044  -65.68548    19.3716   4.925742    36.5943    139.966    141.010    19.3716   4.925860    36.5953     0.1967 1.0000e-12     0.0032    99.9201      98.70    213.176     4.8981 1.2269e+02          1         19 0.0000e+00
   33.15044  -65.68548    19.3718   4.925843    36.5946    140.946    141.997    19.3718   4.925937    36.5954     0.1809 1.0000e-12     0.0014    99.9657      98.69    212.904     4.8919 1.2279e+02          1         23 0.0000e+00
   33.15044  -65.68548    19.3719   4.925908    36.5946    141.943    143.002    19.3719   4.926028    36.5956     0.1610 1.0000e-12     0.0021    99.9491      98.69    213.033     4.8948 1.2269e+02          1         22 0.0000e+00
   33.15044  -65.68548    19.3721   4.925996    36.5949    142.934    144.001    19.3721   4.926103    36.5957     0.1433 1.0000e-12     0.0028    99.9299      98.70    212.998     4.8940 1.2269e+02          1         23 0.0000e+00
   33.15044  -65.68548    19.3720   4.926026    36.5948    143.920    144.995    19.3719   4.926129    36.5957     0.1361 1.0000e-12     0.0019    99.9530      98.69    212.940     4.8927 1.2290e+02          1         21 0.0000e+00
   33.15045  -65.68548    19.3718   4.926043    36.5948    144.906    145.989    19.3718   4.926164    36.5957     0.1284 1.0000e-12    -0.0004   100.0098      98.70    212.529     4.8833 1.2288e+02          1         24 0.0000e+00
   33.15046  -65.68548    19.3713   4.926030    36.5947    145.892    146.982    19.3714   4.926142    36.5956     0.1688 1.0000e-12     0.0010    99.9743      98.70    212.407     4.8805 1.2305e+02          1         25 0.0000e+00
   33.15046  -65.68548    19.3708   4.925997    36.5945    146.909    148.007    19.3713   4.926170    36.5955     0.1637 1.0000e-12    -0.0010   100.0250      98.70    212.725     4.8878 1.2291e+02          1         30 0.0000e+00
   33.15046  -65.68548    19.3695   4.925860    36.5941    147.900    149.006    19.3698   4.925988    36.5950     0.1379 1.0000e-12    -0.0016   100.0384      98.70    212.527     4.8832 1.2269e+02          1         29 0.0000e+00
   33.15046  -65.68548    19.3684   4.925721    36.5936    148.883    149.997    19.3686   4.925862    36.5946     0.1238 1.0000e-12     0.0003    99.9916      98.69    212.952     4.8930 1.2278e+02          1         24 0.0000e+00
   33.15046  -65.68548    19.3679   4.925703    36.5935    149.869    150.990    19.3682   4.925858    36.5945     0.1322 1.0000e-12    -0.0013   100.0326      98.70    213.315     4.9013 1.2269e+02          1         21 0.0000e+00
   33.15046  -65.68548    19.3683   4.925811    36.5937    150.860    151.989    19.3682   4.925916    36.5946     0.1255 1.0000e-12    -0.0011   100.0280      98.70    213.039     4.8950 1.2269e+02          1         20 0.0000e+00
   33.15046  -65.68548    19.3683   4.925906    36.5940    151.889    153.026    19.3683   4.926010    36.5949     0.0984 1.0000e-12    -0.0020   100.0508      98.70    212.785     4.8892 1.2279e+02          1         22 0.0000e+00
   33.15046  -65.68548    19.3686   4.926012    36.5943    152.874    154.019    19.3686   4.926117    36.5952     0.0841 1.0000e-12    -0.0022   100.0540      98.70    212.645     4.8859 1.2279e+02          1         23 0.0000e+00
   33.15046  -65.68548    19.3689   4.926078    36.5942    153.816    154.968    19.3688   4.926190    36.5952     0.0993 1.0000e-12    -0.0025   100.0621      98.70    212.770     4.8888 1.2269e+02          1         26 0.0000e+00
   33.15046  -65.68548    19.3690   4.926141    36.5943    154.836    155.996    19.3689   4.926256    36.5953     0.0814 1.0000e-12    -0.0032   100.0812      98.70    212.524     4.8831 1.2279e+02          1         22 0.0000e+00
   33.15046  -65.68548    19.3690   4.926205    36.5945    155.837    157.006    19.3689   4.926285    36.5952     0.0860 1.0000e-12    -0.0025   100.0635      98.69    212.345     4.8790 1.2269e+02          1         19 0.0000e+00
   33.15046  -65.68548    19.3691   4.926245    36.5943    156.814    157.991    19.3690   4.926343    36.5952     0.0745 1.0000e-12    -0.0029   100.0730      98.69    213.149     4.8975 1.2278e+02          1         25 0.0000e+00
   33.15046  -65.68548    19.3675   4.926042    36.5937    157.847    159.032    19.3677   4.926187    36.5947     0.1090 1.0000e-12    -0.0032   100.0811      98.70    213.023     4.8946 1.2263e+02          1         35 0.0000e+00
   33.15047  -65.68548    19.3673   4.926086    36.5939    158.775    159.967    19.3672   4.926185    36.5947     0.1173 1.0000e-12    -0.0028   100.0704      98.70    212.418     4.8807 1.2269e+02          1         30 0.0000e+00
   33.15048  -65.68548    19.3672   4.926122    36.5939    159.784    160.984    19.3672   4.926224    36.5947     0.1295 1.0000e-12    -0.0024   100.0595      98.70    212.495     4.8825 1.2258e+02          1         21 0.0000e+00
   33.15048  -65.68548    19.3665   4.926065    36.5936    160.797    162.005    19.3665   4.926185    36.5946     0.1220 1.0000e-12    -0.0024   100.0601      98.70    212.947     4.8929 1.2269e+02          1         18 0.0000e+00
   33.15048  -65.68548    19.3667   4.926156    36.5938    161.796    163.012    19.3666   4.926240    36.5946     0.0939 1.0000e-12    -0.0021   100.0516      98.70    213.121     4.8969 1.2257e+02          1         18 0.0000e+00
   33.15048  -65.68548    19.3663   4.926138    36.5936    162.773    163.996    19.3663   4.926248    36.5946     0.0874 1.0000e-12    -0.0022   100.0555      88.16    213.065     4.8956 1.2259e+02          1         22 0.0000e+00
   33.15048  -65.68548    19.3659   4.926136    36.5936    163.751    164.982    19.3660   4.926242    36.5945     0.0944 1.0000e-12    -0.0032   100.0812      39.56    212.486     4.8823 1.2269e+02          1         25 0.0000e+00
   33.15048  -65.68548    19.3665   4.926249    36.5936    164.736    165.974    19.3665   4.926377    36.5948     0.0951 1.0000e-12    -0.0037   100.0944      98.70    212.511     4.8829 1.2269e+02          1         24 0.0000e+00
   33.15048  -65.68548    19.3668   4.926361    36.5939    165.761    167.007    19.3668   4.926457    36.5947     0.0653 1.0000e-12    -0.0045   100.1121      24.74    212.343     4.8790 1.2269e+02          1         23 0.0000e+00
   33.15048  -65.68548    19.3683   4.926637    36.5945    166.753    168.007    19.3682   4.926706    36.5952     0.0929 1.0000e-12    -0.0040   100.1008      43.87    212.466     4.8818 1.2269e+02          1         25 0.0000e+00
   33.15048  -65.68548    19.3690   4.926754    36.5945    167.746    169.009    19.3688   4.926840    36.5953     0.0917 1.0000e-12    -0.0037   100.0927      37.95    212.562     4.8840 1.2276e+02          1         30 0.0000e+00
   33.15048  -65.68548    19.3671   4.926529    36.5939    168.724    169.994    19.3674   4.926672    36.5949     0.0883 1.0000e-12    -0.0037   100.0941       0.97    212.612     4.8852 1.2261e+02          1         28 0.0000e+00
   33.15048  -65.68548    19.3643   4.926217    36.5935    169.704    170.982    19.3643   4.926318    36.5943     0.0918 1.0000e-12    -0.0045   100.1132      24.23    212.402     4.8804 1.2269e+02          1         23 0.0000e+00
   33.15048  -65.68548    19.3665   4.926632    36.5946    170.708    171.994    19.3663   4.926707    36.5954     0.0608 1.0000e-12    -0.0041   100.1034      98.71    212.666     4.8864 1.2259e+02          1         22 0.0000e+00
   33.15048  -65.68548    19.3666   4.926685    36.5945    171.681    172.974    19.3667   4.926777    36.5953     0.0449 1.0000e-12    -0.0053   100.1308      98.70    212.451     4.8815 1.2247e+02          1         20 0.0000e+00
   33.15048  -65.68548    19.3669   4.926755    36.5945    172.717    174.019    19.3669   4.926849    36.5953     0.0640 1.0000e-12    -0.0057   100.1423      98.70    212.244     4.8767 1.2259e+02          1         23 0.0000e+00
   33.15048  -65.68548    19.3667   4.926780    36.5945    173.667    174.976    19.3668   4.926911    36.5955     0.0444 1.0000e-12    -0.0051   100.1258      98.70    212.486     4.8823 1.2234e+02          1         19 0.0000e+00
   33.15048  -65.68548    19.3664   4.926804    36.5946    174.656    175.974    19.3665   4.926941    36.5956     0.0785 1.0000e-12    -0.0050   100.1254      98.70    212.338     4.8789 1.2269e+02          1         25 0.0000e+00
   33.15048  -65.68548    19.3663   4.926846    36.5946    175.691    177.017    19.3663   4.926974    36.5957     0.0698 1.0000e-12    -0.0032   100.0802      98.70    212.511     4.8829 1.2242e+02          1         25 0.0000e+00
   33.15048  -65.68548    19.3635   4.926530    36.5942    176.643    177.976    19.3646   4.926786    36.5954     0.0477 1.0000e-12    -0.0061   100.1538      98.70    212.462     4.8818 1.2261e+02          1         28 0.0000e+00
   33.15048  -65.68548    19.3598   4.926083    36.5934    177.619    178.960    19.3598   4.926185    36.5943     0.0619 1.0000e-12    -0.0068   100.1694      98.70    212.452     4.8815 1.2237e+02          1         28 0.0000e+00
   33.15048  -65.68548    19.3589   4.926020    36.5933    178.624    179.973    19.3589   4.926128    36.5942     0.0472 1.0000e-12    -0.0067   100.1691      98.70    212.397     4.8802 1.2269e+02          1         23 0.0000e+00
   33.15050  -65.68548    19.3591   4.926205    36.5943    179.635    180.992    19.3591   4.926294    36.5950     0.0278 1.0000e-12    -0.0064   100.1609      98.70    211.897     4.8688 1.2257e+02          1         19 0.0000e+00
   33.15050  -65.68548    19.3587   4.926386    36.5957    180.639    182.004    19.3589   4.926509    36.5966     0.0352 1.0000e-12    -0.0068   100.1697      98.70    212.160     4.8748 1.2248e+02          1         21 0.0000e+00
   33.15050  -65.68548    19.3540   4.925869    36.5953    181.649    183.022    19.3545   4.926023    36.5961     0.0478 1.0000e-12    -0.0073   100.1836      98.71    212.332     4.8788 1.2230e+02          1         23 0.0000e+00
   33.15050  -65.68548    19.3516   4.925657    36.5953    182.608    183.989    19.3516   4.925766    36.5962     0.0461 1.0000e-12    -0.0078   100.1948      98.70    211.712     4.8645 1.2219e+02          1         27 0.0000e+00
   33.15050  -65.68548    19.3504   4.925575    36.5953    183.601    184.990    19.3504   4.925677    36.5961     0.0570 1.0000e-12    -0.0069   100.1728      98.70    211.240     4.8537 1.2191e+02          1         26 0.0000e+00
   33.15050  -65.68548    19.3474   4.925261    36.5949    184.610    186.007    19.3478   4.925436    36.5960     0.0312 1.0000e-12    -0.0067   100.1691      88.14    211.427     4.8580 1.2201e+02          1         23 0.0000e+00
   33.15050  -65.68548    19.3369   4.924218    36.5953    185.589    186.993    19.3380   4.924445    36.5961     0.0290 1.0000e-12    -0.0074   100.1851      40.11    211.449     4.8585 1.2269e+02          1         25 0.0000e+00
   33.15050  -65.68548    19.3251   4.922940    36.5948    186.607    188.020    19.3260   4.923138    36.5957     0.0435 1.0000e-12    -0.0074   100.1850      98.70    211.336     4.8559 1.2253e+02          1         28 0.0000e+00
   33.15050  -65.68548    19.3094   4.921214    36.5940    187.587    189.007    19.3113   4.921538    36.5950     0.0374 1.0000e-12    -0.0082   100.2036      98.71    210.932     4.8467 1.2204e+02          1         24 0.0000e+00
   33.15050  -65.68548    19.2409   4.912893    36.5858    188.569    189.998    19.2500   4.914144    36.5881     0.0583 1.0000e-12    -0.0076   100.1905      98.70    210.576     4.8386 1.2173e+02          1         21 0.0000e+00
   33.15050  -65.68548    19.1538   4.903318    36.5835    189.552    190.989    19.1603   4.904033    36.5838     0.0363 1.0000e-12    -0.0071   100.1770      98.70    209.806     4.8209 1.2130e+02          1         21 0.0000e+00
   33.15050  -65.68548    19.0780   4.894589    36.5780    190.585    192.030    19.0870   4.895712    36.5793     0.0426 1.0000e-12    -0.0069   100.1734      98.70    208.796     4.7978 1.2162e+02          1         21 0.0000e+00
   33.15050  -65.68548    19.0050   4.886608    36.5760    191.578    193.031    19.0098   4.887119    36.5760     0.0343 1.0000e-12    -0.0067   100.1681      98.70    207.061     4.7580 1.2168e+02          1         20 0.0000e+00
   33.15050  -65.68548    18.9063   4.875206    36.5682    192.555    194.016    18.9191   4.876784    36.5700     0.0372 1.0000e-12    -0.0069   100.1737      98.71    204.831     4.7069 1.2170e+02          1         25 0.0000e+00
   33.15050  -65.68548    18.7929   4.862841    36.5650    193.521    194.990    18.7987   4.863501    36.5655     0.0379 1.0000e-12    -0.0070   100.1758      98.70    202.008     4.6421 1.2133e+02          1         33 0.0000e+00
   33.15052  -65.68548    18.7604   4.859125    36.5611    194.502    195.979    18.7625   4.859640    36.5637     0.0268 1.0000e-12    -0.0068   100.1696      98.70    198.322     4.5574 1.2138e+02          1         29 0.0000e+00
   33.15052  -65.68548    18.6544   4.847160    36.5547    195.483    196.967    18.6625   4.847913    36.5539     0.0506 1.0000e-12    -0.0070   100.1758      98.70    196.710     4.5205 1.2092e+02          1         19 0.0000e+00
   33.15052  -65.68548    18.5922   4.840181    36.5509    196.454    197.946    18.6015   4.841530    36.5539     0.0371 1.0000e-12    -0.0066   100.1652      98.70    196.075     4.5059 1.2203e+02          1         17 0.0000e+00
   33.15052  -65.68548    18.5217   4.832660    36.5471    197.728    199.231    18.5465   4.835475    36.5486     0.0291 1.0000e-12    -0.0075   100.1874      98.70    192.226     4.4176 1.2159e+02          1        104 0.0000e+00
   33.15052  -65.68548    18.5007   4.829854    36.5392    198.505    200.014    18.5272   4.833120    36.5432     0.0509 1.0000e-12    -0.0068   100.1687      98.71    192.460     4.4229 1.2103e+02          1         54 0.0000e+00
   33.15053  -65.68548    18.4072   4.820212    36.5376    199.267    200.782    18.4486   4.825152    36.5423     0.0363 1.0000e-12    -0.0071   100.1774      98.70    189.799     4.3619 1.2121e+02          1        265 0.0000e+00
   33.15054  -65.68548    18.3880   4.818068    36.5340    198.756    200.267    18.3928   4.818594    36.5351     0.0290 1.0000e-12    -0.0082   100.2035      98.70    188.463     4.3312 1.2078e+02          1         89 0.0000e+00
   33.15054  -65.68550    18.5579   4.836839    36.5390    197.473    198.974    18.5983   4.841464    36.5420     0.0326 1.0000e-12    -0.0085   100.2130      98.71    187.589     4.3109 1.2057e+02          1         38 0.0000e+00
   33.15054  -65.68550    18.5123   4.832131    36.5416    196.536    198.029    18.5166   4.832842    36.5444     0.0335 1.0000e-12    -0.0081   100.2035      98.71    191.246     4.3950 1.2063e+02          1         63 0.0000e+00
   33.15054  -65.68550    18.5226   4.833369    36.5435    195.560    197.045    18.5394   4.835110    36.5434     0.0436 1.0000e-12    -0.0082   100.2041      98.71    190.937     4.3879 1.2060e+02          1         30 0.0000e+00
   33.15054  -65.68550    18.6206   4.844117    36.5460    194.503    195.980    18.5741   4.839101    36.5463     0.0166 1.0000e-12    -0.0084   100.2093      98.71    190.109     4.3688 1.2064e+02          1         23 0.0000e+00
   33.15054  -65.68550    18.6890   4.851875    36.5503    193.511    194.980    18.6998   4.852467    36.5458     0.0244 1.0000e-12    -0.0084   100.2105      98.71    190.433     4.3762 1.2045e+02          1         20 0.0000e+00
   33.15054  -65.68550    18.7307   4.856441    36.5519    192.560    194.021    18.7419   4.857623    36.5521     0.0356 1.0000e-12    -0.0074   100.1856      98.71    192.105     4.4145 1.2045e+02          1         21 0.0000e+00
