Data/ruptures/KN207-01/QL-2/20701055.cnv
* Sea-Bird SBE 9 Data File:
* FileName = C:\Data\ctd\20701055.hex
* Software Version Seasave V 7.21e
* Temperature SN = 4406
* Conductivity SN = 1474
* Number of Bytes Per Scan = 40
* Number of Voltage Words = 5
* Number of Scans Averaged by the Deck Unit = 1
* NMEA Latitude = 32 57.18 N
* NMEA Longitude = 065 58.44 W
* NMEA UTC (Time) = Apr 30 2012 01:06:00
** R/V Knorr Cruise # KN207-01 QL2
** Chief Scientist: Ben Van Mooy
# nquan = 21
# nvalues = 401                         
# units = specified
# name 0 = latitude: Latitude [deg]
# name 1 = longitude: Longitude [deg]
# name 2 = t090C: Temperature [ITS-90, deg C]
# name 3 = c0S/m: Conductivity [S/m]
# name 4 = sal00: Salinity, Practical [PSU]
# name 5 = depSM: Depth [salt water, m]
# name 6 = prDM: Pressure, Digiquartz [db]
# name 7 = t190C: Temperature, 2 [ITS-90, deg C]
# name 8 = c1S/m: Conductivity, 2 [S/m]
# name 9 = sal11: Salinity, Practical, 2 [PSU]
# name 10 = flECO-AFL: Fluorescence, WET Labs ECO-AFL/FL [mg/m^3]
# name 11 = par: PAR/Irradiance, Biospherical/Licor
# name 12 = bat: Beam Attenuation, Chelsea/Seatech [1/m]
# name 13 = xmiss: Beam Transmission, Chelsea/Seatech [%]
# name 14 = altM: Altimeter [m]
# name 15 = sbeox0Mm/Kg: Oxygen, SBE 43 [umol/kg]
# name 16 = sbeox0ML/L: Oxygen, SBE 43 [ml/l]
# name 17 = spar: SPAR/Surface Irradiance
# name 18 = pumps: Pump Status
# name 19 = nbin: number of scans per bin
# name 20 = flag: flag
# span 0 =   32.95094,   32.95312       
# span 1 =  -65.97446,  -65.97405       
# span 2 =    18.2487,    20.4611       
# span 3 =   4.517586,   5.035476       
# span 4 =    32.4124,    36.9996       
# span 5 =      2.384,    200.992       
# span 6 =      2.401,    202.518       
# span 7 =    18.2488,    20.4611       
# span 8 =   4.738933,   5.035461       
# span 9 =    34.1934,    36.9660       
# span 10 =     0.0108,     1.0254      
# span 11 = 1.0000e-12, 1.0000e-12      
# span 12 =    -0.0070,     0.1261      
# span 13 =    96.8960,   100.1758      
# span 14 =       1.04,      98.85      
# span 15 =    136.501,    364.411      
# span 16 =     3.1360,     8.3699      
# span 17 = 1.3384e+01, 1.4995e+01      
# span 18 =          1,          1      
# span 19 =          1,       1082      
# span 20 = 0.0000e+00, 0.0000e+00      
# interval = decibars: 1                
# start_time = Apr 30 2012 01:06:00 [NMEA time, header]
# bad_flag = -9.990e-29
*END*
[from data line 345]
   32.95148  -65.97446    19.4252   4.927521    36.5935     56.592     57.001    19.4232   4.927366    36.5940     0.2999 1.0000e-12     0.0666    98.3492      98.77    219.431     5.0418 1.4659e+01          1         35 0.0000e+00
   32.95146  -65.97446    19.4263   4.927607    36.5937     55.519     55.921    19.4225   4.927289    36.5945     0.3271 1.0000e-12     0.0658    98.3690      97.08    218.883     5.0292 1.4565e+01          1        136 0.0000e+00
   32.95144  -65.97446    19.4278   4.927714    36.5936     54.601     54.995    19.4254   4.927495    36.5939     0.3195 1.0000e-12     0.0669    98.3419      98.76    219.078     5.0336 1.4500e+01          1         38 0.0000e+00
   32.95144  -65.97446    19.4305   4.927975    36.5938     53.601     53.988    19.4323   4.928183    36.5938     0.3487 1.0000e-12     0.0676    98.3233      98.76    219.616     5.0460 1.4594e+01          1         59 0.0000e+00
   32.95144  -65.97446    19.4383   4.928696    36.5932     52.624     53.004    19.4389   4.928844    36.5938     0.2998 1.0000e-12     0.0671    98.3364      98.76    219.557     5.0446 1.4422e+01          1         43 0.0000e+00
   32.95144  -65.97446    19.4458   4.929487    36.5935     51.644     52.017    19.4432   4.929266    36.5940     0.2745 1.0000e-12     0.0661    98.3601      81.81    219.692     5.0477 1.4665e+01          1        101 0.0000e+00
   32.95142  -65.97444    19.4549   4.930376    36.5932     50.635     51.000    19.4501   4.929888    36.5935     0.2686 1.0000e-12     0.0663    98.3558      98.76    219.829     5.0509 1.4723e+01          1         45 0.0000e+00
   32.95142  -65.97444    19.4689   4.931778    36.5928     49.625     49.983    19.4643   4.931207    36.5921     0.2701 1.0000e-12     0.0686    98.3007      98.77    219.907     5.0526 1.4747e+01          1         36 0.0000e+00
   32.95142  -65.97444    19.4867   4.933703    36.5934     48.562     48.912    19.4892   4.933919    36.5929     0.2453 1.0000e-12     0.0683    98.3066      98.76    219.918     5.0529 1.4773e+01          1         53 0.0000e+00
   32.95142  -65.97446    19.4807   4.933030    36.5938     47.893     48.238    19.4814   4.933157    36.5942     0.2372 1.0000e-12     0.0682    98.3100      98.77    220.479     5.0658 1.4380e+01          1        103 0.0000e+00
   32.95140  -65.97444    19.5045   4.935550    36.5939     46.640     46.977    19.5089   4.935913    36.5931     0.2284 1.0000e-12     0.0675    98.3256      98.76    220.242     5.0603 1.4474e+01          1         43 0.0000e+00
   32.95140  -65.97444    19.5533   4.940658    36.5936     45.570     45.898    19.5215   4.937392    36.5948     0.2580 1.0000e-12     0.0743    98.1596      96.98    220.582     5.0680 1.4406e+01          1        131 0.0000e+00
   32.95140  -65.97444    19.5678   4.942009    36.5927     44.792     45.115    19.5547   4.940385    36.5906     0.2827 1.0000e-12     0.0719    98.2185      93.99    220.233     5.0600 1.4436e+01          1         70 0.0000e+00
   32.95138  -65.97444    19.6429   4.950263    36.5946     43.703     44.017    19.6084   4.946441    36.5935     0.2255 1.0000e-12     0.0748    98.1470      63.28    220.256     5.0604 1.4611e+01          1         40 0.0000e+00
   32.95138  -65.97444    19.6611   4.952258    36.5964     42.805     43.113    19.6212   4.948032    36.5965     0.2284 1.0000e-12     0.0762    98.1121      60.62    220.743     5.0716 1.4416e+01          1        147 0.0000e+00
   32.95138  -65.97444    19.7461   4.961286    36.5961     41.773     42.074    19.7460   4.960705    36.5905     0.2244 1.0000e-12     0.0780    98.0687      61.87    220.456     5.0649 1.4848e+01          1         32 0.0000e+00
   32.95134  -65.97443    19.8572   4.973238    36.5993     40.943     41.237    19.8478   4.972451    36.6008     0.1991 1.0000e-12     0.0789    98.0461      86.41    220.433     5.0642 1.4563e+01          1        140 0.0000e+00
   32.95132  -65.97442    19.9204   4.979724    36.5996     39.605     39.890    19.9235   4.979943    36.5985     0.2170 1.0000e-12     0.0791    98.0408      51.66    219.741     5.0483 1.4698e+01          1         90 0.0000e+00
   32.95130  -65.97442    19.9423   4.981845    36.5980     38.828     39.107    19.9492   4.982478    36.5971     0.2170 1.0000e-12     0.0796    98.0309      98.77    219.766     5.0488 1.4481e+01          1         59 0.0000e+00
   32.95130  -65.97442    19.9791   4.985751    36.5980     37.702     37.973    19.9599   4.983726    36.5986     0.1885 1.0000e-12     0.0780    98.0691      98.77    219.281     5.0376 1.4550e+01          1         44 0.0000e+00
   32.95130  -65.97442    20.0114   4.989351    36.6000     36.734     36.998    20.0003   4.988123    36.5996     0.1989 1.0000e-12     0.0786    98.0531      83.98    219.080     5.0330 1.4653e+01          1        116 0.0000e+00
   32.95128  -65.97442    20.0437   4.992501    36.5980     35.751     36.008    20.0350   4.991760    36.5995     0.1658 1.0000e-12     0.0771    98.0916      95.98    218.889     5.0285 1.4585e+01          1         39 0.0000e+00
   32.95128  -65.97442    20.0701   4.995450    36.5995     34.740     34.990    20.0679   4.995147    36.5987     0.1810 1.0000e-12     0.0741    98.1635      98.29    218.850     5.0276 1.4757e+01          1         39 0.0000e+00
   32.95128  -65.97442    20.0802   4.996595    36.6009     33.838     34.081    20.0723   4.995818    36.6015     0.1781 1.0000e-12     0.0742    98.1619      77.95    218.629     5.0225 1.4621e+01          1        119 0.0000e+00
   32.95128  -65.97442    20.0919   4.997670    36.6003     32.787     33.023    20.0807   4.996571    36.6011     0.1528 1.0000e-12     0.0740    98.1680      98.77    218.154     5.0116 1.4558e+01          1         38 0.0000e+00
   32.95126  -65.97440    20.1065   4.999260    36.6009     31.748     31.976    20.1096   4.999519    36.6002     0.1851 1.0000e-12     0.0728    98.1965      98.77    217.907     5.0059 1.4744e+01          1         41 0.0000e+00
   32.95126  -65.97440    20.1313   5.001848    36.6009     30.682     30.902    20.1266   5.001408    36.6013     0.1503 1.0000e-12     0.0720    98.2152      98.78    218.578     5.0213 1.4679e+01          1         62 0.0000e+00
   32.95126  -65.97440    20.1241   5.001084    36.6018     29.989     30.204    20.1175   5.000430    36.6022     0.1588 1.0000e-12     0.0721    98.2129      98.77    218.423     5.0177 1.4769e+01          1         58 0.0000e+00
   32.95126  -65.97440    20.1359   5.002345    36.6023     28.837     29.044    20.1393   5.002602    36.6012     0.1669 1.0000e-12     0.0706    98.2499      98.77    218.366     5.0164 1.4585e+01          1         26 0.0000e+00
   32.95125  -65.97440    20.1460   5.003365    36.6021     27.759     27.958    20.1471   5.003530    36.6025     0.1433 1.0000e-12     0.0701    98.2626      98.78    217.812     5.0037 1.4595e+01          1         35 0.0000e+00
   32.95124  -65.97440    20.1455   5.003297    36.6026     26.961     27.154    20.1432   5.003142    36.6034     0.1442 1.0000e-12     0.0708    98.2466      98.77    218.417     5.0176 1.4653e+01          1        116 0.0000e+00
   32.95124  -65.97440    20.1476   5.003454    36.6027     25.826     26.011    20.1456   5.003272    36.6029     0.1321 1.0000e-12     0.0703    98.2588      98.77    218.227     5.0132 1.4330e+01          1         33 0.0000e+00
   32.95124  -65.97440    20.1505   5.003744    36.6030     24.772     24.949    20.1523   5.003944    36.6030     0.1465 1.0000e-12     0.0705    98.2529      57.54    217.571     4.9981 1.4744e+01          1         41 0.0000e+00
   32.95124  -65.97440    20.1515   5.003801    36.6031     23.794     23.964    20.1527   5.004013    36.6037     0.1359 1.0000e-12     0.0732    98.1871      98.77    218.045     5.0090 1.4623e+01          1        126 0.0000e+00
   32.95122  -65.97440    20.1478   5.003371    36.6034     22.756     22.919    20.1539   5.004066    36.6037     0.1392 1.0000e-12     0.0702    98.2600      98.78    218.196     5.0125 1.4562e+01          1        125 0.0000e+00
   32.95120  -65.97438    20.1475   5.003276    36.6033     21.811     21.967    20.1648   5.005157    36.6034     0.1543 1.0000e-12     0.0718    98.2210      98.78    218.308     5.0151 1.4659e+01          1        133 0.0000e+00
   32.95117  -65.97438    20.2435   5.013710    36.6052     20.914     21.063    20.2721   5.016545    36.6036     0.1235 1.0000e-12     0.0695    98.2788      96.13    217.930     5.0063 1.4649e+01          1        806 0.0000e+00
   32.95111  -65.97436    20.2831   5.017716    36.6049     19.888     20.030    20.3071   5.020190    36.6036     0.1308 1.0000e-12     0.0678    98.3202      98.78    217.969     5.0071 1.4627e+01          1         70 0.0000e+00
   32.95110  -65.97436    20.2814   5.017480    36.6048     18.923     19.058    20.3251   5.022272    36.6053     0.1200 1.0000e-12     0.0674    98.3288      98.78    217.896     5.0054 1.4769e+01          1        116 0.0000e+00
   32.95110  -65.97436    20.2954   5.018882    36.6042     17.846     17.973    20.3268   5.022249    36.6044     0.1330 1.0000e-12     0.0671    98.3377      98.78    217.957     5.0068 1.4644e+01          1         85 0.0000e+00
   32.95110  -65.97436    20.3493   5.024348    36.6015     16.888     17.009    20.3738   5.026978    36.6019     0.1287 1.0000e-12     0.0681    98.3130      98.78    217.274     4.9910 1.4772e+01          1         45 0.0000e+00
   32.95109  -65.97436    20.3505   5.024775    36.6048     16.136     16.251    20.3620   5.026098    36.6058     0.1065 1.0000e-12     0.0677    98.3213      98.77    217.614     4.9988 1.4677e+01          1        126 0.0000e+00
   32.95108  -65.97436    20.3910   5.028933    36.6037     14.799     14.905    20.3713   5.026857    36.6046     0.1193 1.0000e-12     0.0709    98.2423      98.79    217.370     4.9932 1.4303e+01          1         51 0.0000e+00
   32.95108  -65.97436    20.3683   5.026552    36.6051     14.062     14.162    20.3644   5.026233    36.6060     0.0993 1.0000e-12     0.0672    98.3350      98.79    217.922     5.0059 1.4410e+01          1         87 0.0000e+00
   32.95107  -65.97435    20.3850   5.028323    36.6054     12.849     12.940    20.3873   5.028534    36.6051     0.1131 1.0000e-12     0.0666    98.3492      98.79    217.574     4.9979 1.4692e+01          1         87 0.0000e+00
   32.95106  -65.97435    20.3968   5.029424    36.6046     11.913     11.998    20.3848   5.028303    36.6060     0.1141 1.0000e-12     0.0668    98.3434      98.79    217.614     4.9988 1.4836e+01          1        106 0.0000e+00
   32.95104  -65.97434    20.4106   5.030934    36.6056     10.968     11.046    20.4008   5.029937    36.6060     0.1076 1.0000e-12     0.0664    98.3547      65.47    217.422     4.9944 1.4769e+01          1        422 0.0000e+00
   32.95100  -65.97434    20.4450   5.034566    36.6058     10.113     10.185    20.4364   5.033681    36.6061     0.1007 1.0000e-12     0.0697    98.2719      89.71    217.309     4.9917 1.4599e+01          1        123 0.0000e+00
   32.95098  -65.97432    20.4291   5.032825    36.6064      8.901      8.965    20.4278   5.032795    36.6071     0.0896 1.0000e-12     0.0651    98.3848      98.79    217.444     4.9949 1.4500e+01          1         40 0.0000e+00
   32.95099  -65.97433    20.4442   5.034363    36.6059      8.090      8.148    20.4349   5.033428    36.6063     0.1093 1.0000e-12     0.0668    98.3436      96.86    217.661     4.9998 1.4463e+01          1         91 0.0000e+00
   32.95098  -65.97434    20.4397   5.033796    36.6057      6.898      6.947    20.4339   5.033308    36.6066     0.1163 1.0000e-12     0.0662    98.3577      98.79    217.237     4.9901 1.4751e+01          1        124 0.0000e+00
   32.95096  -65.97434    20.4486   5.034652    36.6052      5.925      5.967    20.4514   5.034884    36.6044     0.1214 1.0000e-12     0.0646    98.3972      98.79    217.474     4.9955 1.4542e+01          1        104 0.0000e+00
   32.95096  -65.97434    20.4540   5.035217    36.6054      4.878      4.913    20.4482   5.034638    36.6057     0.1085 1.0000e-12     0.0646    98.3975      98.79    216.883     4.9819 1.4486e+01          1         83 0.0000e+00
   32.95095  -65.97433    20.4561   5.035414    36.6055      4.106      4.135    20.4555   5.035405    36.6059     0.1065 1.0000e-12     0.0674    98.3285      98.79    217.215     4.9896 1.4613e+01          1        118 0.0000e+00
   32.95094  -65.97432    20.4570   5.035445    36.6054      3.022      3.044    20.4553   5.035307    36.6057     0.1083 1.0000e-12     0.0660    98.3643      98.79    217.296     4.9914 1.4995e+01          1         36 0.0000e+00
   32.95094  -65.97432    20.4573   5.035476    36.6056      2.384      2.401    20.4566   5.035461    36.6061     0.1297 1.0000e-12     0.0639    98.4150      98.79    216.896     4.9822 1.4871e+01          1         18 0.0000e+00
