Data/ruptures/KN207-01/QL-2/20701058.cnv
* Sea-Bird SBE 9 Data File:
* FileName = C:\Data\ctd\20701058.hex
* Software Version Seasave V 7.21e
* Temperature SN = 4406
* Conductivity SN = 1474
* Number of Bytes Per Scan = 40
* Number of Voltage Words = 5
* Number of Scans Averaged by the Deck Unit = 1
* NMEA Latitude = 32 55.71 N
* NMEA Longitude = 065 53.74 W
* NMEA UTC (Time) = Apr 30 2012 12:07:11
** R/V Knorr Cruise # KN207-01 QL 2
** Chief Scientist: Ben Van Mooy
# nquan = 21
# nvalues = 398                         
# units = specified
# name 0 = latitude: Latitude [deg]
# name 1 = longitude: Longitude [deg]
# name 2 = t090C: Temperature [ITS-90, deg C]
# name 3 = c0S/m: Conductivity [S/m]
# name 4 = sal00: Salinity, Practical [PSU]
# name 5 = depSM: Depth [salt water, m]
# name 6 = prDM: Pressure, Digiquartz [db]
# name 7 = t190C: Temperature, 2 [ITS-90, deg C]
# name 8 = c1S/m: Conductivity, 2 [S/m]
# name 9 = sal11: Salinity, Practical, 2 [PSU]
# name 10 = flECO-AFL: Fluorescence, WET Labs ECO-AFL/FL [mg/m^3]
# name 11 = par: PAR/Irradiance, Biospherical/Licor
# name 12 = bat: Beam Attenuation, Chelsea/Seatech [1/m]
# name 13 = xmiss: Beam Transmission, Chelsea/Seatech [%]
# name 14 = altM: Altimeter [m]
# name 15 = sbeox0Mm/Kg: Oxygen, SBE 43 [umol/kg]
# name 16 = sbeox0ML/L: Oxygen, SBE 43 [ml/l]
# name 17 = spar: SPAR/Surface Irradiance
# name 18 = pumps: Pump Status
# name 19 = nbin: number of scans per bin
# name 20 = flag: flag
# span 0 =   32.92766,   32.92865       
# span 1 =  -65.89612,  -65.89566       
# span 2 =    18.0213,    20.4403       
# span 3 =   4.575063,   5.031519       
# span 4 =    32.9146,    36.9779       
# span 5 =      3.426,    200.187       
# span 6 =      3.450,    201.706       
# span 7 =    18.0218,    20.4355       
# span 8 =   4.777993,   5.031600       
# span 9 =    34.8624,    36.9667       
# span 10 =     0.0031,     0.9289      
# span 11 = 1.0000e-12, 5.3208e-02      
# span 12 =    -0.0089,     0.0774      
# span 13 =    98.0848,   100.2231      
# span 14 =       0.96,      98.86      
# span 15 =    136.557,    380.996      
# span 16 =     3.1384,     8.7506      
# span 17 = 3.0399e+02, 1.9171e+03      
# span 18 =          1,          1      
# span 19 =         18,       1041      
# span 20 = 0.0000e+00, 0.0000e+00      
# interval = decibars: 1                
# start_time = Apr 30 2012 12:07:11 [NMEA time, header]
# bad_flag = -9.990e-29
*END*
[from data line 207]
   32.92800  -65.89572    18.2212   4.799456    36.5223    191.443    192.891    18.2215   4.799606    36.5233     0.0299 5.2900e-02    -0.0059   100.1464      98.69    186.163     4.2785 5.3653e+02          1         55 0.0000e+00
   32.92800  -65.89572    18.3278   4.811332    36.5276    190.631    192.072    18.3269   4.810783    36.5237     0.0257 5.2712e-02    -0.0061   100.1520      98.69    185.687     4.2674 5.4254e+02          1         55 0.0000e+00
   32.92800  -65.89572    18.3384   4.812309    36.5278    189.569    191.002    18.3464   4.813353    36.5293     0.0285 5.2659e-02    -0.0060   100.1501      98.69    187.011     4.2979 5.4323e+02          1         36 0.0000e+00
   32.92800  -65.89572    18.4696   4.826925    36.5336    188.564    189.989    18.4565   4.824714    36.5267     0.0247 5.2627e-02    -0.0059   100.1464      98.69    186.904     4.2953 5.4356e+02          1         28 0.0000e+00
   32.92798  -65.89572    18.5526   4.836257    36.5388    187.563    188.980    18.5392   4.834321    36.5344     0.0377 5.2663e-02    -0.0052   100.1291      46.82    187.295     4.3042 5.4516e+02          1         33 0.0000e+00
   32.92798  -65.89572    18.6250   4.844487    36.5447    186.615    188.024    18.5852   4.839537    36.5387     0.0543 5.2563e-02    -0.0040   100.1018      98.69    190.071     4.3679 5.4847e+02          1         49 0.0000e+00
   32.92798  -65.89572    18.7309   4.855951    36.5474    185.591    186.992    18.6891   4.850661    36.5403     0.0479 5.2498e-02    -0.0046   100.1151      98.70    191.501     4.4007 5.5016e+02          1         33 0.0000e+00
   32.92797  -65.89572    18.8848   4.873128    36.5547    184.581    185.974    18.8461   4.868048    36.5464     0.0222 5.2588e-02    -0.0035   100.0888      98.69    192.387     4.4209 5.5126e+02          1         31 0.0000e+00
   32.92796  -65.89572    18.9643   4.882047    36.5602    183.589    184.974    18.9686   4.882003    36.5555     0.0597 5.2513e-02    -0.0027   100.0690      98.69    195.935     4.5023 5.5375e+02          1         45 0.0000e+00
   32.92796  -65.89572    19.0125   4.887502    36.5653    182.650    184.028    18.9861   4.884425    36.5629     0.0574 5.2471e-02    -0.0031   100.0786      98.69    199.764     4.5903 5.5718e+02          1         46 0.0000e+00
   32.92796  -65.89572    19.1557   4.902847    36.5670    181.628    182.997    19.1017   4.896123    36.5588     0.0479 5.2419e-02    -0.0025   100.0624      98.70    200.165     4.5993 5.5792e+02          1         34 0.0000e+00
   32.92796  -65.89572    19.2442   4.913216    36.5761    180.609    181.970    19.2278   4.911416    36.5753     0.0452 5.2281e-02    -0.0019   100.0473      98.69    201.575     4.6317 5.5933e+02          1         32 0.0000e+00
   32.92796  -65.89572    19.2781   4.917092    36.5805    179.664    181.018    19.2748   4.916661    36.5793     0.0521 5.2076e-02    -0.0020   100.0500      98.70    206.148     4.7367 5.6333e+02          1         48 0.0000e+00
   32.92796  -65.89572    19.2994   4.919318    36.5821    178.699    180.045    19.2829   4.917691    36.5829     0.0662 5.1838e-02    -0.0022   100.0539      98.69    207.975     4.7787 5.6442e+02          1         31 0.0000e+00
   32.92796  -65.89572    19.3323   4.923043    36.5851    177.694    179.033    19.3207   4.921329    36.5808     0.0595 5.1612e-02    -0.0019   100.0473      98.70    208.326     4.7867 5.6444e+02          1         25 0.0000e+00
   32.92796  -65.89572    19.3460   4.924510    36.5866    176.606    177.936    19.3478   4.924754    36.5868     0.0523 5.1180e-02    -0.0015   100.0366      98.69    208.945     4.8009 5.6702e+02          1         41 0.0000e+00
   32.92795  -65.89572    19.3547   4.925416    36.5883    175.765    177.088    19.3563   4.925661    36.5886     0.0719 5.0444e-02    -0.0015   100.0363      98.70    210.787     4.8432 5.7061e+02          1         61 0.0000e+00
   32.92794  -65.89572    19.3553   4.925301    36.5883    174.682    175.996    19.3537   4.925288    36.5895     0.0350 4.9814e-02    -0.0010   100.0246      98.69    210.631     4.8397 5.7269e+02          1         34 0.0000e+00
   32.92794  -65.89572    19.3621   4.926010    36.5891    173.694    175.001    19.3602   4.925852    36.5893     0.0569 4.9442e-02    -0.0008   100.0199      98.70    210.481     4.8362 5.7515e+02          1         31 0.0000e+00
   32.92794  -65.89573    19.3651   4.926285    36.5896    172.715    174.014    19.3644   4.926278    36.5900     0.0653 4.9211e-02    -0.0011   100.0271      98.70    210.903     4.8459 5.7605e+02          1         33 0.0000e+00
   32.92794  -65.89574    19.3661   4.926353    36.5902    171.699    172.990    19.3652   4.926337    36.5907     0.0376 4.8859e-02    -0.0013   100.0311      98.70    211.618     4.8624 5.7774e+02          1         35 0.0000e+00
   32.92794  -65.89574    19.3680   4.926516    36.5906    170.677    171.960    19.3677   4.926557    36.5911     0.0700 4.8651e-02    -0.0006   100.0148      98.70    211.513     4.8599 5.8009e+02          1         38 0.0000e+00
   32.92793  -65.89574    19.3696   4.926691    36.5913    169.738    171.013    19.3695   4.926765    36.5920     0.0640 4.8436e-02     0.0003    99.9931      98.70    211.224     4.8533 5.8232e+02          1         56 0.0000e+00
   32.92792  -65.89574    19.3693   4.926565    36.5913    168.772    170.040    19.3693   4.926655    36.5920     0.0711 4.8229e-02     0.0002    99.9959      98.70    211.396     4.8572 5.8443e+02          1         35 0.0000e+00
   32.92792  -65.89574    19.3706   4.926694    36.5918    167.726    168.986    19.3694   4.926655    36.5924     0.0791 4.8058e-02     0.0002    99.9950      98.70    211.791     4.8663 5.8626e+02          1         28 0.0000e+00
   32.92792  -65.89574    19.3717   4.926812    36.5923    166.734    167.985    19.3720   4.926903    36.5927     0.0810 4.7538e-02     0.0006    99.9851      98.70    211.518     4.8600 5.8889e+02          1         43 0.0000e+00
   32.92792  -65.89574    19.3723   4.926809    36.5922    165.806    167.049    19.3722   4.926910    36.5931     0.0682 4.6041e-02     0.0011    99.9735      98.70    211.921     4.8693 5.9009e+02          1         39 0.0000e+00
   32.92792  -65.89574    19.3723   4.926772    36.5924    164.768    166.004    19.3715   4.926778    36.5931     0.0848 4.5936e-02     0.0007    99.9842      98.71    212.004     4.8712 5.9119e+02          1         33 0.0000e+00
   32.92792  -65.89574    19.3731   4.926824    36.5926    163.774    165.002    19.3729   4.926899    36.5934     0.0941 3.9029e-02     0.0016    99.9600      98.69    211.540     4.8605 5.9423e+02          1         38 0.0000e+00
   32.92790  -65.89574    19.3733   4.926815    36.5928    162.780    164.000    19.3730   4.926885    36.5936     0.0871 3.6721e-02     0.0015    99.9629      98.70    211.723     4.8648 5.9672e+02          1         39 0.0000e+00
   32.92790  -65.89574    19.3736   4.926827    36.5930    161.792    163.004    19.3734   4.926891    36.5938     0.0734 3.6345e-02     0.0021    99.9463      98.70    211.543     4.8606 5.9819e+02          1         41 0.0000e+00
   32.92790  -65.89574    19.3737   4.926803    36.5932    160.782    161.986    19.3733   4.926841    36.5939     0.0766 3.6741e-02     0.0020    99.9509      98.70    211.865     4.8680 6.0037e+02          1         40 0.0000e+00
   32.92790  -65.89574    19.3739   4.926771    36.5932    159.800    160.997    19.3737   4.926867    36.5941     0.0894 3.6164e-02     0.0023    99.9425      98.70    211.977     4.8706 6.0328e+02          1         40 0.0000e+00
   32.92790  -65.89574    19.3742   4.926786    36.5935    158.833    160.022    19.3740   4.926846    36.5941     0.0884 1.1396e-02     0.0028    99.9309      98.70    212.101     4.8734 6.0639e+02          1         38 0.0000e+00
   32.92790  -65.89574    19.3742   4.926740    36.5935    157.847    159.028    19.3740   4.926816    36.5942     0.1097 6.6839e-04     0.0024    99.9393      98.70    212.472     4.8820 6.0674e+02          1         30 0.0000e+00
   32.92789  -65.89574    19.3742   4.926699    36.5935    156.804    157.977    19.3741   4.926782    36.5943     0.1129 3.6282e-04     0.0033    99.9178      98.70    212.297     4.8779 6.0682e+02          1         29 0.0000e+00
   32.92788  -65.89574    19.3741   4.926661    36.5937    155.792    156.957    19.3744   4.926788    36.5945     0.1053 1.2496e-04     0.0029    99.9276      98.70    211.715     4.8646 6.1092e+02          1         55 0.0000e+00
   32.92788  -65.89574    19.3742   4.926621    36.5936    154.912    156.070    19.3743   4.926734    36.5945     0.1120 1.3077e-05     0.0031    99.9231      98.70    211.998     4.8711 6.1343e+02          1         35 0.0000e+00
   32.92788  -65.89575    19.3742   4.926588    36.5937    153.851    155.001    19.3740   4.926661    36.5945     0.1283 9.3426e-05     0.0025    99.9380      98.70    212.487     4.8823 6.1462e+02          1         28 0.0000e+00
   32.92788  -65.89576    19.3746   4.926625    36.5940    153.081    154.224    19.3746   4.926726    36.5948     0.1086 3.2222e-05     0.0033    99.9187      98.70    212.108     4.8736 6.1871e+02          1        103 0.0000e+00
   32.92787  -65.89576    19.3749   4.926623    36.5942    152.004    153.139    19.3750   4.926722    36.5949     0.1288 1.0000e-12     0.0038    99.9060      98.70    212.192     4.8755 6.2497e+02          1        144 0.0000e+00
   32.92786  -65.89576    19.3746   4.926538    36.5941    151.039    152.167    19.3746   4.926634    36.5949     0.1228 1.0000e-12     0.0041    99.8969      98.70    212.096     4.8733 6.3307e+02          1        230 0.0000e+00
   32.92772  -65.89581    19.3753   4.926611    36.5944    150.136    151.257    19.3752   4.926699    36.5953     0.1431 1.0000e-12     0.0045    99.8877      98.71    212.323     4.8785 7.3506e+02          1         87 0.0000e+00
   32.92768  -65.89582    19.3754   4.926556    36.5944    148.899    150.010    19.3754   4.926657    36.5952     0.1498 1.0000e-12     0.0045    99.8870      98.71    212.126     4.8740 7.4950e+02          1         30 0.0000e+00
   32.92768  -65.89582    19.3753   4.926522    36.5945    147.868    148.971    19.3753   4.926604    36.5952     0.1447 1.0000e-12     0.0045    99.8875      98.72    211.960     4.8702 7.5193e+02          1         33 0.0000e+00
   32.92768  -65.89582    19.3753   4.926468    36.5945    146.904    148.000    19.3752   4.926559    36.5953     0.1416 1.0000e-12     0.0062    99.8444      98.71    212.313     4.8783 7.5609e+02          1         46 0.0000e+00
   32.92768  -65.89582    19.3753   4.926440    36.5946    145.960    147.048    19.3753   4.926511    36.5952     0.1568 1.0000e-12     0.0053    99.8687      98.72    211.981     4.8707 7.5836e+02          1         37 0.0000e+00
   32.92768  -65.89582    19.3754   4.926392    36.5945    144.948    146.028    19.3754   4.926458    36.5951     0.1484 1.0000e-12     0.0078    99.8058      98.72    212.044     4.8721 7.5764e+02          1         23 0.0000e+00
   32.92768  -65.89582    19.3754   4.926357    36.5946    143.938    145.010    19.3753   4.926413    36.5951     0.1698 1.0000e-12     0.0068    99.8313      98.72    212.271     4.8773 7.5675e+02          1         20 0.0000e+00
   32.92768  -65.89582    19.3753   4.926282    36.5945    142.903    143.967    19.3752   4.926369    36.5952     0.1424 1.0000e-12     0.0067    99.8323      98.72    212.400     4.8803 7.5842e+02          1         22 0.0000e+00
   32.92768  -65.89582    19.3752   4.926235    36.5945    141.931    142.988    19.3752   4.926319    36.5952     0.1396 1.0000e-12     0.0070    99.8258      98.71    212.665     4.8864 7.6091e+02          1         26 0.0000e+00
   32.92768  -65.89582    19.3753   4.926190    36.5944    140.948    141.997    19.3751   4.926261    36.5952     0.1803 1.0000e-12     0.0081    99.7988      98.72    212.537     4.8834 7.6273e+02          1         30 0.0000e+00
   32.92768  -65.89582    19.3753   4.926134    36.5943    139.987    141.028    19.3752   4.926222    36.5952     0.1835 1.0000e-12     0.0078    99.8058      98.72    212.449     4.8814 7.6278e+02          1         23 0.0000e+00
   32.92768  -65.89582    19.3755   4.926133    36.5945    138.961    139.994    19.3753   4.926181    36.5951     0.1763 1.0000e-12     0.0071    99.8217      98.72    212.522     4.8831 7.6288e+02          1         22 0.0000e+00
   32.92768  -65.89582    19.3756   4.926098    36.5945    137.950    138.975    19.3754   4.926168    36.5952     0.1757 1.0000e-12     0.0077    99.8089      98.72    212.188     4.8754 7.6430e+02          1         22 0.0000e+00
   32.92768  -65.89582    19.3756   4.926052    36.5945    136.970    137.988    19.3754   4.926127    36.5953     0.2078 1.0000e-12     0.0083    99.7925      98.72    212.274     4.8774 7.6563e+02          1         34 0.0000e+00
   32.92768  -65.89582    19.3756   4.926001    36.5944    136.035    137.046    19.3755   4.926086    36.5952     0.2254 1.0000e-12     0.0084    99.7902      98.72    212.702     4.8872 7.6721e+02          1         34 0.0000e+00
   32.92768  -65.89582    19.3755   4.925956    36.5945    135.027    136.030    19.3754   4.926036    36.5953     0.1978 1.0000e-12     0.0079    99.8037      98.71    212.226     4.8763 7.6808e+02          1         21 0.0000e+00
   32.92768  -65.89582    19.3757   4.925927    36.5945    134.041    135.036    19.3755   4.925985    36.5951     0.2042 1.0000e-12     0.0103    99.7431      98.72    211.984     4.8708 7.6920e+02          1         18 0.0000e+00
   32.92768  -65.89582    19.3756   4.925863    36.5944    133.000    133.987    19.3755   4.925947    36.5952     0.2253 1.0000e-12     0.0180    99.5503      98.71    212.113     4.8737 7.6957e+02          1         18 0.0000e+00
   32.92768  -65.89582    19.3751   4.925744    36.5943    131.985    132.964    19.3751   4.925856    36.5951     0.2062 1.0000e-12     0.0118    99.7060      98.72    212.147     4.8745 7.6957e+02          1         18 0.0000e+00
   32.92768  -65.89584    19.3747   4.925641    36.5941    130.999    131.971    19.3747   4.925730    36.5949     0.2066 1.0000e-12     0.0105    99.7388      98.72    212.143     4.8744 7.6967e+02          1         22 0.0000e+00
   32.92768  -65.89584    19.3748   4.925616    36.5942    129.999    130.963    19.3745   4.925690    36.5951     0.2230 1.0000e-12     0.0128    99.6819      98.72    212.709     4.8874 7.6997e+02          1         28 0.0000e+00
   32.92768  -65.89584    19.3748   4.925575    36.5942    129.029    129.986    19.3746   4.925652    36.5950     0.2471 1.0000e-12     0.0121    99.6970      98.72    212.397     4.8802 7.7110e+02          1         32 0.0000e+00
   32.92768  -65.89584    19.3749   4.925527    36.5941    128.053    129.002    19.3746   4.925598    36.5949     0.2900 1.0000e-12     0.0119    99.7039      98.72    212.266     4.8772 7.7276e+02          1         28 0.0000e+00
   32.92768  -65.89584    19.3752   4.925548    36.5944    127.041    127.982    19.3750   4.925582    36.5949     0.2959 1.0000e-12     0.0127    99.6839      98.71    212.311     4.8783 7.7464e+02          1         22 0.0000e+00
   32.92768  -65.89584    19.3754   4.925511    36.5943    126.064    126.998    19.3753   4.925589    36.5950     0.2602 1.0000e-12     0.0130    99.6757      98.72    212.006     4.8712 7.7596e+02          1         22 0.0000e+00
   32.92768  -65.89584    19.3753   4.925445    36.5941    125.079    126.005    19.3754   4.925535    36.5949     0.2656 1.0000e-12     0.0140    99.6524      98.72    211.959     4.8702 7.7718e+02          1         22 0.0000e+00
