Data/ruptures/KN207-01/QL-2/20701073.cnv
* Sea-Bird SBE 9 Data File:
* FileName = C:\Data\ctd\20701073.hex
* Software Version Seasave V 7.21e
* Temperature SN = 4406
* Conductivity SN = 1474
* Number of Bytes Per Scan = 40
* Number of Voltage Words = 5
* Number of Scans Averaged by the Deck Unit = 1
* NMEA Latitude = 33 03.77 N
* NMEA Longitude = 065 41.44 W
* NMEA UTC (Time) = May 02 2012 10:11:26
** R/V Knorr Cruise # KN207-01 QL 2
** Chief Scientist: Ben Van Mooy
# nquan = 21
# nvalues = 399                         
# units = specified
# name 0 = latitude: Latitude [deg]
# name 1 = longitude: Longitude [deg]
# name 2 = t090C: Temperature [ITS-90, deg C]
# name 3 = c0S/m: Conductivity [S/m]
# name 4 = sal00: Salinity, Practical [PSU]
# name 5 = depSM: Depth [salt water, m]
# name 6 = prDM: Pressure, Digiquartz [db]
# name 7 = t190C: Temperature, 2 [ITS-90, deg C]
# name 8 = c1S/m: Conductivity, 2 [S/m]
# name 9 = sal11: Salinity, Practical, 2 [PSU]
# name 10 = flECO-AFL: Fluorescence, WET Labs ECO-AFL/FL [mg/m^3]
# name 11 = par: PAR/Irradiance, Biospherical/Licor
# name 12 = bat: Beam Attenuation, Chelsea/Seatech [1/m]
# name 13 = xmiss: Beam Transmission, Chelsea/Seatech [%]
# name 14 = altM: Altimeter [m]
# name 15 = sbeox0Mm/Kg: Oxygen, SBE 43 [umol/kg]
# name 16 = sbeox0ML/L: Oxygen, SBE 43 [ml/l]
# name 17 = spar: SPAR/Surface Irradiance
# name 18 = pumps: Pump Status
# name 19 = nbin: number of scans per bin
# name 20 = flag: flag
# span 0 =   33.06290,   33.06488       
# span 1 =  -65.69078,  -65.68868       
# span 2 =    18.3932,    20.3088       
# span 3 =   4.818990,   5.022183       
# span 4 =    36.5379,    36.6181       
# span 5 =      2.251,    199.084       
# span 6 =      2.267,    200.596       
# span 7 =    18.3950,    20.3092       
# span 8 =   4.819193,   5.022322       
# span 9 =    36.5347,    36.6192       
# span 10 =     0.0229,     0.6759      
# span 11 = 1.0000e-12, 1.0000e-12      
# span 12 =    -0.0084,     0.0684      
# span 13 =    98.3054,   100.2096      
# span 14 =       5.63,      98.81      
# span 15 =    188.548,    222.862      
# span 16 =     4.3331,     5.1204      
# span 17 = 5.7774e+02, 9.7160e+02      
# span 18 =          1,          1      
# span 19 =         18,       1907      
# span 20 = 0.0000e+00, 0.0000e+00      
# interval = decibars: 1                
# start_time = May 02 2012 10:11:26 [NMEA time, header]
# bad_flag = -9.990e-29
*END*
[from data line 138]
   33.06334  -65.69038    19.3725   4.925740    36.5938    138.989    140.024    19.3726   4.925880    36.5950     0.2230 1.0000e-12     0.0056    99.8587      98.65    213.232     4.8994 6.4879e+02          1         27 0.0000e+00
   33.06334  -65.69038    19.3720   4.925715    36.5937    139.959    141.001    19.3720   4.925845    36.5948     0.2380 1.0000e-12     0.0051    99.8733      98.66    212.950     4.8929 6.4942e+02          1         30 0.0000e+00
   33.06334  -65.69038    19.3712   4.925648    36.5935    140.929    141.979    19.3713   4.925796    36.5947     0.2648 1.0000e-12     0.0041    99.8973      98.65    213.039     4.8950 6.5274e+02          1         24 0.0000e+00
   33.06334  -65.69038    19.3695   4.925475    36.5932    141.912    142.970    19.3696   4.925612    36.5943     0.2264 1.0000e-12     0.0040    99.9005      98.65    213.149     4.8975 6.5525e+02          1         24 0.0000e+00
   33.06334  -65.69037    19.3692   4.925479    36.5932    142.947    144.013    19.3693   4.925619    36.5942     0.2070 1.0000e-12     0.0032    99.9209      98.67    212.623     4.8854 6.5571e+02          1         23 0.0000e+00
   33.06334  -65.69036    19.3694   4.925562    36.5933    143.941    145.015    19.3694   4.925692    36.5943     0.1943 1.0000e-12     0.0040    99.9012      98.66    212.843     4.8905 6.5540e+02          1         22 0.0000e+00
   33.06334  -65.69036    19.3694   4.925611    36.5933    144.963    146.045    19.3694   4.925753    36.5945     0.1908 1.0000e-12     0.0035    99.9120      98.65    212.734     4.8880 6.5542e+02          1         23 0.0000e+00
   33.06334  -65.69036    19.3690   4.925605    36.5932    145.944    147.033    19.3690   4.925753    36.5944     0.1815 1.0000e-12     0.0033    99.9187      98.65    212.421     4.8808 6.5380e+02          1         20 0.0000e+00
   33.06334  -65.69036    19.3689   4.925667    36.5934    146.895    147.992    19.3690   4.925786    36.5944     0.1570 1.0000e-12     0.0034    99.9153      98.66    212.308     4.8782 6.5368e+02          1         23 0.0000e+00
   33.06334  -65.69036    19.3685   4.925637    36.5932    147.911    149.016    19.3686   4.925794    36.5944     0.1351 1.0000e-12     0.0025    99.9365      98.66    212.168     4.8750 6.5401e+02          1         26 0.0000e+00
   33.06334  -65.69036    19.3677   4.925585    36.5931    148.921    150.034    19.3676   4.925703    36.5941     0.1323 1.0000e-12     0.0020    99.9500      98.66    212.643     4.8859 6.5398e+02          1         28 0.0000e+00
   33.06334  -65.69036    19.3671   4.925565    36.5930    149.898    151.019    19.3672   4.925693    36.5940     0.1255 1.0000e-12     0.0020    99.9494      98.65    212.856     4.8908 6.5418e+02          1         26 0.0000e+00
   33.06334  -65.69036    19.3670   4.925595    36.5930    150.858    151.986    19.3671   4.925720    36.5940     0.1316 1.0000e-12    -0.0008   100.0205      98.66    212.972     4.8935 6.5503e+02          1         23 0.0000e+00
   33.06334  -65.69036    19.3664   4.925538    36.5927    151.860    152.995    19.3667   4.925717    36.5939     0.1268 1.0000e-12     0.0003    99.9937      98.66    213.291     4.9008 6.5562e+02          1         23 0.0000e+00
   33.06334  -65.69036    19.3654   4.925435    36.5924    152.869    154.012    19.3657   4.925624    36.5937     0.1378 1.0000e-12    -0.0004   100.0094      98.65    212.815     4.8899 6.5634e+02          1         21 0.0000e+00
   33.06336  -65.69034    19.3655   4.925514    36.5925    153.847    154.998    19.3656   4.925660    36.5937     0.1357 1.0000e-12    -0.0012   100.0291      98.66    212.768     4.8888 6.5720e+02          1         24 0.0000e+00
   33.06336  -65.69034    19.3659   4.925617    36.5926    154.850    156.010    19.3660   4.925767    36.5938     0.1236 1.0000e-12    -0.0014   100.0335      98.66    212.784     4.8891 6.5724e+02          1         28 0.0000e+00
   33.06336  -65.69034    19.3662   4.925711    36.5928    155.867    157.035    19.3663   4.925849    36.5938     0.1241 1.0000e-12    -0.0016   100.0404      98.66    212.976     4.8935 6.5795e+02          1         26 0.0000e+00
   33.06336  -65.69034    19.3666   4.925814    36.5929    156.828    158.003    19.3667   4.925942    36.5939     0.1447 1.0000e-12    -0.0024   100.0602      98.66    213.172     4.8981 6.5804e+02          1         22 0.0000e+00
   33.06336  -65.69034    19.3669   4.925883    36.5929    157.826    159.008    19.3668   4.926027    36.5941     0.1357 1.0000e-12    -0.0004   100.0094      98.67    212.611     4.8851 6.5762e+02          1         21 0.0000e+00
   33.06336  -65.69034    19.3671   4.925973    36.5930    158.852    160.043    19.3671   4.926100    36.5941     0.1238 1.0000e-12    -0.0027   100.0689      98.66    212.131     4.8741 6.5781e+02          1         19 0.0000e+00
   33.06336  -65.69034    19.3678   4.926117    36.5932    159.816    161.014    19.3679   4.926252    36.5943     0.1232 1.0000e-12    -0.0016   100.0387      98.66    212.587     4.8846 6.5804e+02          1         21 0.0000e+00
   33.06336  -65.69034    19.3686   4.926273    36.5934    160.838    162.045    19.3686   4.926399    36.5945     0.1184 1.0000e-12    -0.0019   100.0464      98.66    212.833     4.8903 6.5916e+02          1         28 0.0000e+00
   33.06336  -65.69034    19.3691   4.926384    36.5935    161.797    163.011    19.3691   4.926514    36.5946     0.1177 1.0000e-12    -0.0023   100.0569      98.66    212.551     4.8838 6.5936e+02          1         32 0.0000e+00
   33.06337  -65.69034    19.3688   4.926394    36.5935    162.778    164.000    19.3689   4.926541    36.5947     0.1072 1.0000e-12    -0.0020   100.0511      98.65    212.776     4.8889 6.5804e+02          1         27 0.0000e+00
   33.06338  -65.69034    19.3696   4.926574    36.5940    163.797    165.027    19.3696   4.926669    36.5947     0.0921 1.0000e-12    -0.0025   100.0625      98.67    212.285     4.8776 6.5692e+02          1         22 0.0000e+00
   33.06338  -65.69034    19.3724   4.927039    36.5950    164.793    166.031    19.3725   4.927169    36.5959     0.0999 1.0000e-12    -0.0028   100.0716      98.66    212.460     4.8817 6.5628e+02          1         19 0.0000e+00
   33.06338  -65.69034    19.3725   4.927088    36.5949    165.777    167.022    19.3725   4.927235    36.5961     0.1073 1.0000e-12    -0.0022   100.0544      98.66    212.541     4.8836 6.5692e+02          1         18 0.0000e+00
   33.06338  -65.69034    19.3725   4.927141    36.5950    166.727    167.980    19.3726   4.927285    36.5961     0.1009 1.0000e-12    -0.0028   100.0706      98.66    212.476     4.8821 6.5900e+02          1         21 0.0000e+00
   33.06338  -65.69034    19.3722   4.927148    36.5949    167.742    169.003    19.3722   4.927285    36.5961     0.0846 1.0000e-12    -0.0040   100.1014      98.66    212.964     4.8933 6.6212e+02          1         29 0.0000e+00
   33.06338  -65.69032    19.3713   4.927075    36.5947    168.715    169.983    19.3714   4.927226    36.5959     0.1116 1.0000e-12    -0.0038   100.0969      98.66    212.538     4.8835 6.6250e+02          1         28 0.0000e+00
   33.06338  -65.69032    19.3709   4.927051    36.5946    169.713    170.990    19.3709   4.927195    36.5957     0.0972 1.0000e-12    -0.0044   100.1094      98.66    212.831     4.8902 6.6073e+02          1         24 0.0000e+00
   33.06338  -65.69032    19.3701   4.926985    36.5943    170.690    171.974    19.3702   4.927139    36.5956     0.0854 1.0000e-12    -0.0037   100.0929      98.66    213.065     4.8956 6.5855e+02          1         22 0.0000e+00
   33.06338  -65.69032    19.3699   4.926999    36.5943    171.685    172.978    19.3699   4.927132    36.5954     0.0755 1.0000e-12    -0.0043   100.1076      98.66    212.614     4.8852 6.5949e+02          1         23 0.0000e+00
   33.06338  -65.69032    19.3696   4.927015    36.5943    172.703    174.004    19.3696   4.927137    36.5953     0.0820 1.0000e-12    -0.0049   100.1223      98.66    212.658     4.8862 6.6018e+02          1         24 0.0000e+00
   33.06340  -65.69032    19.3697   4.927062    36.5943    173.699    175.007    19.3697   4.927182    36.5953     0.0976 1.0000e-12    -0.0040   100.1019      98.66    212.753     4.8884 6.6064e+02          1         24 0.0000e+00
   33.06340  -65.69032    19.3699   4.927149    36.5944    174.691    176.008    19.3700   4.927280    36.5954     0.0724 1.0000e-12    -0.0042   100.1064      98.66    212.679     4.8867 6.6027e+02          1         20 0.0000e+00
   33.06340  -65.69032    19.3699   4.927188    36.5944    175.689    177.014    19.3700   4.927325    36.5954     0.0641 1.0000e-12    -0.0049   100.1221      98.66    212.544     4.8836 6.5976e+02          1         22 0.0000e+00
   33.06340  -65.69032    19.3700   4.927256    36.5944    176.691    178.023    19.3701   4.927387    36.5955     0.0658 1.0000e-12    -0.0051   100.1279      98.66    212.711     4.8875 6.5804e+02          1         22 0.0000e+00
   33.06340  -65.69032    19.3703   4.927353    36.5946    177.675    179.015    19.3704   4.927488    36.5957     0.0734 1.0000e-12    -0.0047   100.1171      98.66    212.546     4.8837 6.5916e+02          1         28 0.0000e+00
   33.06340  -65.69030    19.3701   4.927370    36.5946    178.643    179.991    19.3702   4.927521    36.5958     0.0753 1.0000e-12    -0.0055   100.1377      98.66    212.431     4.8810 6.6165e+02          1         29 0.0000e+00
   33.06340  -65.69030    19.3702   4.927441    36.5947    179.618    180.974    19.3703   4.927563    36.5957     0.0721 1.0000e-12    -0.0049   100.1226      98.67    212.717     4.8876 6.6449e+02          1         28 0.0000e+00
   33.06340  -65.69030    19.3704   4.927513    36.5947    180.625    181.988    19.3705   4.927636    36.5957     0.0615 1.0000e-12    -0.0058   100.1443      98.66    212.664     4.8864 6.6351e+02          1         22 0.0000e+00
   33.06340  -65.69030    19.3699   4.927485    36.5946    181.640    183.012    19.3699   4.927646    36.5959     0.0621 1.0000e-12    -0.0061   100.1525      98.66    212.401     4.8803 6.6154e+02          1         21 0.0000e+00
   33.06340  -65.69030    19.3679   4.927289    36.5944    182.650    184.029    19.3679   4.927431    36.5956     0.0607 1.0000e-12    -0.0063   100.1587      98.66    212.377     4.8798 6.6027e+02          1         21 0.0000e+00
   33.06340  -65.69030    19.3676   4.927311    36.5944    183.589    184.976    19.3677   4.927439    36.5955     0.0809 1.0000e-12    -0.0069   100.1724      98.66    212.812     4.8898 6.6008e+02          1         23 0.0000e+00
   33.06340  -65.69030    19.3669   4.927254    36.5942    184.585    185.981    19.3669   4.927393    36.5954     0.0737 1.0000e-12    -0.0067   100.1669      98.67    212.789     4.8893 6.6061e+02          1         26 0.0000e+00
   33.06340  -65.69030    19.3664   4.927225    36.5941    185.579    186.982    19.3663   4.927358    36.5953     0.0449 1.0000e-12    -0.0065   100.1613      98.67    212.624     4.8855 6.6308e+02          1         23 0.0000e+00
   33.06340  -65.69030    19.3637   4.926890    36.5933    186.576    187.987    19.3635   4.927085    36.5951     0.0433 1.0000e-12     0.0007    99.9824      98.66    212.455     4.8816 6.6462e+02          1         21 0.0000e+00
   33.06340  -65.69030    19.3471   4.924830    36.5906    187.579    188.998    19.3471   4.925261    36.5943     0.0502 1.0000e-12    -0.0073   100.1816      98.66    212.548     4.8837 6.6351e+02          1         22 0.0000e+00
   33.06342  -65.69030    19.3153   4.921268    36.5891    188.577    190.004    19.3151   4.921586    36.5920     0.0498 1.0000e-12    -0.0061   100.1522      98.67    212.287     4.8778 6.6223e+02          1         25 0.0000e+00
   33.06342  -65.69030    19.2855   4.917896    36.5873    189.561    190.997    19.2861   4.918432    36.5913     0.0561 1.0000e-12    -0.0066   100.1657      98.66    211.934     4.8697 6.6043e+02          1         28 0.0000e+00
   33.06342  -65.69030    19.2385   4.912695    36.5856    190.553    191.996    19.2387   4.913144    36.5891     0.0395 1.0000e-12    -0.0066   100.1645      98.67    210.938     4.8468 6.6196e+02          1         25 0.0000e+00
   33.06342  -65.69030    19.1871   4.906895    36.5827    191.529    192.981    19.1877   4.907718    36.5891     0.0584 1.0000e-12    -0.0064   100.1597      98.67    209.987     4.8251 6.6380e+02          1         24 0.0000e+00
   33.06342  -65.69030    19.1270   4.900246    36.5804    192.583    194.042    19.1275   4.900984    36.5861     0.0557 1.0000e-12    -0.0065   100.1624      98.67    208.705     4.7957 6.6473e+02          1         23 0.0000e+00
   33.06342  -65.69028    19.0533   4.891877    36.5759    193.571    195.039    19.0534   4.892992    36.5852     0.0356 1.0000e-12    -0.0061   100.1525      98.66    207.604     4.7704 6.6494e+02          1         21 0.0000e+00
   33.06342  -65.69028    18.9193   4.876582    36.5675    194.530    196.006    18.9212   4.878495    36.5819     0.0351 1.0000e-12    -0.0060   100.1501      98.67    206.115     4.7364 6.6446e+02          1         25 0.0000e+00
   33.06342  -65.69028    18.7792   4.861139    36.5628    195.511    196.994    18.7807   4.862279    36.5711     0.0427 1.0000e-12    -0.0070   100.1748      98.67    203.293     4.6716 6.6430e+02          1         26 0.0000e+00
   33.06343  -65.69028    18.6477   4.846532    36.5558    196.539    198.030    18.6464   4.847127    36.5620     0.0397 1.0000e-12    -0.0070   100.1741      98.67    197.081     4.5290 6.6517e+02          1         61 0.0000e+00
   33.06344  -65.69027    18.7533   4.858597    36.5567    197.484    198.983    18.7653   4.860527    36.5619     0.0475 1.0000e-12    -0.0064   100.1608      98.67    196.814     4.5228 6.6679e+02          1        233 0.0000e+00
   33.06344  -65.69026    18.4451   4.824487    36.5429    198.423    199.929    18.4451   4.824814    36.5462     0.0366 1.0000e-12    -0.0077   100.1924      98.67    190.230     4.3718 6.7039e+02          1        110 0.0000e+00
   33.06347  -65.69025    18.3932   4.818990    36.5389    199.084    200.596    18.3950   4.819193    36.5392     0.0293 1.0000e-12    -0.0080   100.1984      98.67    189.491     4.3548 6.6988e+02          1        148 0.0000e+00
   33.06348  -65.69023    18.4075   4.820629    36.5379    198.568    200.076    18.4721   4.827454    36.5375     0.0385 1.0000e-12    -0.0082   100.2055      98.67    188.548     4.3331 6.7165e+02          1         58 0.0000e+00
   33.06348  -65.69022    18.4933   4.829934    36.5391    197.561    199.061    18.5629   4.837329    36.5393     0.0611 1.0000e-12    -0.0084   100.2085      98.67    188.970     4.3427 6.7447e+02          1         44 0.0000e+00
   33.06348  -65.69022    18.5207   4.833085    36.5418    196.513    198.004    18.5709   4.839046    36.5476     0.0438 1.0000e-12    -0.0076   100.1894      98.67    189.331     4.3510 6.7471e+02          1         34 0.0000e+00
   33.06349  -65.69022    18.5675   4.838229    36.5436    195.479    196.962    18.5779   4.838826    36.5401     0.0469 1.0000e-12    -0.0084   100.2096      98.67    191.029     4.3900 6.7391e+02          1         35 0.0000e+00
   33.06350  -65.69022    18.6430   4.846592    36.5467    194.525    196.000    18.6569   4.846783    36.5364     0.0383 1.0000e-12    -0.0080   100.1993      98.67    191.461     4.3999 6.7353e+02          1         35 0.0000e+00
   33.06350  -65.69022    18.7244   4.855108    36.5458    193.579    195.046    18.6812   4.850128    36.5436     0.0458 1.0000e-12    -0.0071   100.1787      98.68    191.950     4.4110 6.7506e+02          1         27 0.0000e+00
