Data/ruptures/KN207-01/QL-2/20701059.cnv
* Sea-Bird SBE 9 Data File:
* FileName = C:\Data\ctd\20701059.hex
* Software Version Seasave V 7.21e
* Temperature SN = 4406
* Conductivity SN = 1474
* Number of Bytes Per Scan = 40
* Number of Voltage Words = 5
* Number of Scans Averaged by the Deck Unit = 1
* NMEA Latitude = 32 54.99 N
* NMEA Longitude = 065 52.88 W
* NMEA UTC (Time) = Apr 30 2012 15:00:07
** R/V Knorr Cruise # KN207-01 QL 2
** Chief Scientist: Ben Van Mooy
# nquan = 21
# nvalues = 400                         
# units = specified
# name 0 = latitude: Latitude [deg]
# name 1 = longitude: Longitude [deg]
# name 2 = t090C: Temperature [ITS-90, deg C]
# name 3 = c0S/m: Conductivity [S/m]
# name 4 = sal00: Salinity, Practical [PSU]
# name 5 = depSM: Depth [salt water, m]
# name 6 = prDM: Pressure, Digiquartz [db]
# name 7 = t190C: Temperature, 2 [ITS-90, deg C]
# name 8 = c1S/m: Conductivity, 2 [S/m]
# name 9 = sal11: Salinity, Practical, 2 [PSU]
# name 10 = flECO-AFL: Fluorescence, WET Labs ECO-AFL/FL [mg/m^3]
# name 11 = par: PAR/Irradiance, Biospherical/Licor
# name 12 = bat: Beam Attenuation, Chelsea/Seatech [1/m]
# name 13 = xmiss: Beam Transmission, Chelsea/Seatech [%]
# name 14 = altM: Altimeter [m]
# name 15 = sbeox0Mm/Kg: Oxygen, SBE 43 [umol/kg]
# name 16 = sbeox0ML/L: Oxygen, SBE 43 [ml/l]
# name 17 = spar: SPAR/Surface Irradiance
# name 18 = pumps: Pump Status
# name 19 = nbin: number of scans per bin
# name 20 = flag: flag
# span 0 =   32.91620,   32.91660       
# span 1 =  -65.88148,  -65.88024       
# span 2 =    18.6004,    20.3952       
# span 3 =   4.534174,   5.029139       
# span 4 =    32.5990,    37.0042       
# span 5 =      2.434,    200.065       
# span 6 =      2.451,    201.582       
# span 7 =    18.5871,    20.3950       
# span 8 =   4.840211,   5.029124       
# span 9 =    35.3693,    37.0043       
# span 10 =     0.0220,     0.8060      
# span 11 = 1.0000e-12, 8.9830e-02      
# span 12 =    -0.0064,     0.0716      
# span 13 =    98.2274,   100.1602      
# span 14 =       1.02,      98.82      
# span 15 =    136.981,    390.057      
# span 16 =     3.1480,     8.9593      
# span 17 = 8.7236e+02, 1.0285e+03      
# span 18 =          0,          1      
# span 19 =         15,       3203      
# span 20 = 0.0000e+00, 0.0000e+00      
# interval = decibars: 1                
# start_time = Apr 30 2012 15:00:07 [NMEA time, header]
# bad_flag = -9.990e-29
*END*
[from data line 207]
   32.91650  -65.88124    19.0166   4.887831    36.5657    192.566    194.023    19.0006   4.885929    36.5654     0.0473 7.1047e-02    -0.0050   100.1250      98.66    200.400     4.6049 1.0046e+03          1         43 0.0000e+00
   32.91650  -65.88124    19.0783   4.894958    36.5709    191.571    193.020    19.0389   4.890580    36.5706     0.0546 1.0000e-12    -0.0046   100.1145      98.66    200.316     4.6029 1.0079e+03          1         31 0.0000e+00
   32.91650  -65.88125    19.1881   4.907212    36.5757    190.485    191.926    19.1257   4.899352    36.5667     0.0621 1.0000e-12    -0.0034   100.0855      98.66    201.563     4.6315 1.0062e+03          1         39 0.0000e+00
   32.91650  -65.88126    19.2615   4.915697    36.5825    189.720    191.154    19.2018   4.909223    36.5823     0.0621 1.0000e-12    -0.0044   100.1099      98.66    205.908     4.7312 1.0028e+03          1         62 0.0000e+00
   32.91650  -65.88126    19.2753   4.917081    36.5835    188.582    190.007    19.2247   4.911102    36.5787     0.0576 1.0000e-12    -0.0048   100.1195      98.66    208.127     4.7822 1.0024e+03          1         26 0.0000e+00
   32.91650  -65.88125    19.3183   4.921719    36.5846    187.515    188.931    19.2769   4.916954    36.5817     0.0582 1.0000e-12    -0.0045   100.1116      98.66    208.028     4.7799 1.0018e+03          1         34 0.0000e+00
   32.91650  -65.88124    19.3332   4.923468    36.5873    186.598    188.007    19.3201   4.921949    36.5859     0.0408 1.0000e-12    -0.0042   100.1065      98.66    209.296     4.8090 1.0026e+03          1         53 0.0000e+00
   32.91650  -65.88124    19.3349   4.923493    36.5874    185.625    187.026    19.3271   4.922756    36.5879     0.0790 1.0000e-12    -0.0047   100.1183      98.66    210.074     4.8269 1.0016e+03          1         46 0.0000e+00
   32.91650  -65.88124    19.3388   4.923810    36.5877    184.616    186.009    19.3332   4.923467    36.5895     0.0534 1.0000e-12    -0.0047   100.1177      98.66    210.615     4.8393 1.0010e+03          1         42 0.0000e+00
   32.91650  -65.88124    19.3591   4.926073    36.5892    183.608    184.993    19.3413   4.924114    36.5885     0.0498 1.0000e-12    -0.0045   100.1127      98.66    210.101     4.8275 9.9895e+02          1         35 0.0000e+00
   32.91650  -65.88124    19.3629   4.926494    36.5901    182.613    183.990    19.3608   4.926312    36.5901     0.0571 1.0000e-12    -0.0036   100.0899      98.66    210.462     4.8358 9.9998e+02          1         35 0.0000e+00
   32.91650  -65.88124    19.3660   4.926779    36.5905    181.601    182.970    19.3650   4.926778    36.5912     0.0786 1.0000e-12    -0.0043   100.1089      98.66    211.138     4.8513 9.9832e+02          1         53 0.0000e+00
   32.91650  -65.88124    19.3649   4.926571    36.5905    180.686    182.048    19.3641   4.926666    36.5919     0.0643 1.0000e-12    -0.0042   100.1058      98.66    211.366     4.8566 9.9620e+02          1         47 0.0000e+00
   32.91650  -65.88123    19.3661   4.926722    36.5913    179.664    181.018    19.3629   4.926452    36.5918     0.0533 1.0000e-12    -0.0046   100.1153      98.66    210.858     4.8449 9.9841e+02          1         34 0.0000e+00
   32.91650  -65.88122    19.3703   4.927137    36.5916    178.663    180.009    19.3652   4.926674    36.5922     0.0621 1.0000e-12    -0.0033   100.0833      98.66    211.078     4.8499 9.9769e+02          1         30 0.0000e+00
   32.91650  -65.88122    19.3702   4.927103    36.5920    177.654    178.991    19.3688   4.927060    36.5928     0.0672 1.0000e-12    -0.0038   100.0967      98.66    211.724     4.8648 9.9508e+02          1         52 0.0000e+00
   32.91650  -65.88122    19.3703   4.927053    36.5920    176.713    178.043    19.3690   4.927030    36.5928     0.0776 2.2693e-02    -0.0030   100.0745      98.64    211.212     4.8530 9.9391e+02          1         35 0.0000e+00
   32.91650  -65.88122    19.3716   4.927147    36.5921    175.690    177.013    19.3694   4.927035    36.5930     0.0580 8.2789e-02    -0.0039   100.0987      98.66    211.924     4.8694 9.9439e+02          1         28 0.0000e+00
   32.91650  -65.88122    19.3723   4.927201    36.5923    174.691    176.005    19.3705   4.927081    36.5928     0.0578 6.6071e-02    -0.0042   100.1062      98.67    211.761     4.8656 9.9487e+02          1         24 0.0000e+00
   32.91650  -65.88122    19.3724   4.927161    36.5923    173.694    175.001    19.3723   4.927244    36.5930     0.0589 6.7373e-02    -0.0036   100.0915      98.67    211.864     4.8680 9.9451e+02          1         25 0.0000e+00
   32.91650  -65.88122    19.3726   4.927155    36.5925    172.712    174.010    19.3720   4.927207    36.5934     0.0647 7.9526e-02    -0.0038   100.0960      98.67    211.673     4.8636 9.9249e+02          1         29 0.0000e+00
   32.91650  -65.88122    19.3724   4.927079    36.5925    171.727    173.017    19.3722   4.927176    36.5934     0.0582 8.1184e-02    -0.0033   100.0836      98.67    211.694     4.8641 9.9034e+02          1         34 0.0000e+00
   32.91650  -65.88122    19.3722   4.927008    36.5925    170.754    172.037    19.3718   4.927078    36.5934     0.0741 8.0730e-02    -0.0034   100.0864      98.67    211.304     4.8551 9.9014e+02          1         25 0.0000e+00
   32.91650  -65.88122    19.3724   4.927021    36.5928    169.753    171.028    19.3717   4.927039    36.5935     0.0765 8.0418e-02    -0.0029   100.0719      98.67    211.453     4.8585 9.9080e+02          1         23 0.0000e+00
   32.91650  -65.88122    19.3726   4.926995    36.5928    168.732    169.999    19.3724   4.927056    36.5935     0.0721 7.9855e-02    -0.0021   100.0520      98.67    211.732     4.8650 9.9061e+02          1         22 0.0000e+00
   32.91650  -65.88122    19.3727   4.926965    36.5928    167.754    169.013    19.3723   4.927035    36.5938     0.0854 7.9012e-02    -0.0025   100.0637      98.67    211.818     4.8669 9.9092e+02          1         22 0.0000e+00
   32.91650  -65.88122    19.3728   4.926932    36.5929    166.760    168.011    19.3725   4.927000    36.5937     0.0919 7.7751e-02    -0.0031   100.0776      98.67    212.015     4.8715 9.8977e+02          1         28 0.0000e+00
   32.91650  -65.88122    19.3731   4.926918    36.5929    165.744    166.987    19.3724   4.926961    36.5939     0.0912 7.4439e-02    -0.0029   100.0730      98.67    211.361     4.8564 9.8793e+02          1         27 0.0000e+00
   32.91650  -65.88122    19.3730   4.926864    36.5930    164.734    165.970    19.3723   4.926904    36.5939     0.0799 6.3531e-02    -0.0023   100.0565      98.67    211.293     4.8549 9.8699e+02          1         28 0.0000e+00
   32.91650  -65.88122    19.3730   4.926829    36.5931    163.777    165.004    19.3726   4.926880    36.5938     0.0607 5.9378e-02    -0.0022   100.0542      98.67    212.014     4.8714 9.8892e+02          1         30 0.0000e+00
   32.91650  -65.88122    19.3730   4.926802    36.5932    162.827    164.047    19.3727   4.926869    36.5940     0.0884 5.8037e-02    -0.0028   100.0695      98.67    211.696     4.8641 9.9011e+02          1         22 0.0000e+00
   32.91650  -65.88122    19.3735   4.926835    36.5934    161.814    163.026    19.3729   4.926840    36.5939     0.0617 5.8295e-02    -0.0015   100.0383      98.67    211.520     4.8601 9.8985e+02          1         20 0.0000e+00
   32.91650  -65.88122    19.3736   4.926801    36.5934    160.791    161.995    19.3732   4.926880    36.5944     0.0741 5.8250e-02    -0.0025   100.0635      98.68    211.372     4.8567 9.8795e+02          1         19 0.0000e+00
   32.91650  -65.88122    19.3736   4.926765    36.5935    159.782    160.978    19.3734   4.926844    36.5943     0.0847 5.8466e-02    -0.0020   100.0493      98.67    211.489     4.8594 9.8544e+02          1         26 0.0000e+00
   32.91650  -65.88122    19.3735   4.926699    36.5934    158.836    160.025    19.3733   4.926806    36.5945     0.0827 5.9156e-02    -0.0020   100.0494      98.67    211.662     4.8633 9.8166e+02          1         37 0.0000e+00
   32.91650  -65.88120    19.3732   4.926620    36.5935    157.851    159.032    19.3730   4.926705    36.5943     0.0914 5.9556e-02    -0.0017   100.0424      98.67    211.953     4.8700 9.8062e+02          1         26 0.0000e+00
   32.91650  -65.88120    19.3730   4.926548    36.5934    156.835    158.008    19.3726   4.926604    36.5942     0.0970 6.0128e-02    -0.0014   100.0338      98.67    211.822     4.8670 9.8276e+02          1         21 0.0000e+00
   32.91650  -65.88120    19.3728   4.926477    36.5934    155.776    156.940    19.3726   4.926571    36.5943     0.0574 6.0754e-02    -0.0004   100.0100      98.67    211.644     4.8629 9.8739e+02          1         31 0.0000e+00
   32.91650  -65.88120    19.3727   4.926418    36.5933    154.860    156.017    19.3726   4.926520    36.5942     0.0825 4.8429e-02    -0.0015   100.0376      98.67    211.840     4.8674 9.8713e+02          1         53 0.0000e+00
   32.91650  -65.88120    19.3725   4.926356    36.5934    153.808    154.958    19.3724   4.926463    36.5944     0.1393 5.7563e-02    -0.0014   100.0356      98.68    211.682     4.8638 9.7604e+02          1         57 0.0000e+00
   32.91650  -65.88120    19.3723   4.926300    36.5934    152.981    154.123    19.3723   4.926416    36.5944     0.0909 7.5352e-02    -0.0018   100.0439      98.68    211.502     4.8597 9.8039e+02          1         45 0.0000e+00
   32.91650  -65.88120    19.3722   4.926233    36.5934    151.764    152.897    19.3719   4.926313    36.5943     0.1050 7.1894e-02    -0.0013   100.0310      98.68    211.338     4.8559 9.7659e+02          1         52 0.0000e+00
   32.91650  -65.88118    19.3720   4.926198    36.5936    150.998    152.125    19.3718   4.926297    36.5945     0.0956 7.0971e-02     0.0001    99.9979      98.67    211.859     4.8679 9.7556e+02          1        141 0.0000e+00
   32.91650  -65.88120    19.3718   4.926121    36.5935    149.852    150.970    19.3716   4.926203    36.5944     0.0976 6.8762e-02    -0.0009   100.0208      98.67    211.594     4.8618 9.7256e+02          1         64 0.0000e+00
   32.91648  -65.88115    19.3723   4.926130    36.5935    149.015    150.126    19.3723   4.926229    36.5943     0.0985 6.3436e-02    -0.0010   100.0242      98.68    211.760     4.8656 9.5390e+02          1         30 0.0000e+00
   32.91647  -65.88113    19.3719   4.926042    36.5936    147.827    148.929    19.3719   4.926153    36.5945     0.1035 6.2665e-02    -0.0012   100.0291      98.69    211.452     4.8585 9.4983e+02          1         31 0.0000e+00
   32.91646  -65.88112    19.3718   4.925989    36.5935    147.008    148.104    19.3717   4.926102    36.5945     0.1031 6.0973e-02     0.0000    99.9997      98.69    212.029     4.8718 9.4774e+02          1         47 0.0000e+00
   32.91646  -65.88112    19.3719   4.925941    36.5934    145.976    147.064    19.3718   4.926038    36.5943     0.1094 5.8135e-02    -0.0004   100.0111      98.69    211.788     4.8662 9.4559e+02          1         22 0.0000e+00
   32.91646  -65.88112    19.3722   4.925912    36.5933    144.911    145.991    19.3720   4.926013    36.5943     0.0896 5.8557e-02    -0.0007   100.0165      98.68    211.968     4.8704 9.4568e+02          1         20 0.0000e+00
   32.91646  -65.88112    19.3724   4.925926    36.5936    143.893    144.965    19.3721   4.925978    36.5943     0.0881 5.3778e-02    -0.0002   100.0049      98.69    211.874     4.8682 9.4680e+02          1         20 0.0000e+00
   32.91646  -65.88112    19.3726   4.925875    36.5934    142.934    143.998    19.3726   4.925967    36.5942     0.0914 4.0245e-02     0.0003    99.9938      98.68    211.319     4.8555 9.4794e+02          1         24 0.0000e+00
   32.91646  -65.88112    19.3727   4.925838    36.5934    141.979    143.036    19.3727   4.925951    36.5943     0.1014 4.1072e-02     0.0051    99.8731      98.69    211.690     4.8640 9.4709e+02          1         31 0.0000e+00
   32.91646  -65.88112    19.3728   4.925814    36.5934    140.992    142.041    19.3728   4.925928    36.5944     0.1094 4.3529e-02     0.0056    99.8598      98.68    212.141     4.8743 9.4449e+02          1         24 0.0000e+00
   32.91646  -65.88112    19.3729   4.925782    36.5935    139.950    140.991    19.3728   4.925867    36.5943     0.1161 4.3507e-02     0.0014    99.9659      98.69    211.646     4.8630 9.4198e+02          1         24 0.0000e+00
   32.91646  -65.88111    19.3735   4.925810    36.5936    138.973    140.006    19.3734   4.925894    36.5943     0.1167 5.0238e-02     0.0021    99.9467      98.68    211.505     4.8597 9.4234e+02          1         22 0.0000e+00
   32.91646  -65.88110    19.3737   4.925782    36.5935    137.996    139.021    19.3735   4.925859    36.5943     0.1110 5.7004e-02     0.0030    99.9254      98.69    211.778     4.8660 9.4348e+02          1         27 0.0000e+00
   32.91646  -65.88110    19.3737   4.925739    36.5935    137.001    138.019    19.3736   4.925827    36.5943     0.1435 5.7318e-02     0.0034    99.9147      98.69    211.786     4.8662 9.4296e+02          1         26 0.0000e+00
   32.91646  -65.88110    19.3737   4.925702    36.5935    136.000    137.010    19.3737   4.925789    36.5943     0.1061 5.7047e-02     0.0036    99.9108      98.69    212.153     4.8746 9.4133e+02          1         26 0.0000e+00
   32.91646  -65.88110    19.3735   4.925607    36.5933    134.999    136.002    19.3735   4.925714    36.5943     0.1194 5.5873e-02     0.0035    99.9131      98.69    211.735     4.8650 9.4133e+02          1         23 0.0000e+00
   32.91646  -65.88110    19.3735   4.925566    36.5933    133.983    134.978    19.3736   4.925660    36.5941     0.1392 5.4424e-02     0.0034    99.9165      98.69    211.652     4.8631 9.4143e+02          1         23 0.0000e+00
   32.91646  -65.88110    19.3737   4.925533    36.5932    133.007    133.994    19.3739   4.925656    36.5941     0.1336 5.1015e-02     0.0038    99.9064      98.69    211.846     4.8676 9.4133e+02          1         25 0.0000e+00
   32.91646  -65.88110    19.3735   4.925448    36.5932    132.041    133.020    19.3735   4.925560    36.5941     0.1259 4.9483e-02     0.0063    99.8437      98.69    212.077     4.8729 9.3901e+02          1         24 0.0000e+00
   32.91646  -65.88110    19.3730   4.925340    36.5930    131.049    132.021    19.3732   4.925461    36.5939     0.1387 5.7315e-02     0.0060    99.8509      98.69    211.784     4.8661 9.3687e+02          1         22 0.0000e+00
   32.91646  -65.88110    19.3737   4.925374    36.5931    130.046    131.010    19.3737   4.925465    36.5939     0.1669 5.5092e-02     0.0054    99.8634      98.69    211.514     4.8599 9.3676e+02          1         20 0.0000e+00
   32.91646  -65.88109    19.3738   4.925347    36.5931    129.033    129.989    19.3738   4.925446    36.5940     0.1571 5.3052e-02     0.0062    99.8437      98.69    211.612     4.8622 9.3696e+02          1         24 0.0000e+00
   32.91646  -65.88108    19.3735   4.925277    36.5932    127.998    128.946    19.3735   4.925364    36.5940     0.1863 5.0572e-02     0.0055    99.8616      98.69    212.210     4.8759 9.3860e+02          1         36 0.0000e+00
   32.91646  -65.88108    19.3736   4.925230    36.5931    127.079    128.020    19.3736   4.925331    36.5940     0.2203 4.9216e-02     0.0059    99.8529      98.69    212.144     4.8744 9.3877e+02          1         34 0.0000e+00
   32.91646  -65.88108    19.3736   4.925179    36.5930    126.096    127.030    19.3736   4.925280    36.5939     0.2225 5.6067e-02     0.0054    99.8659      98.68    212.105     4.8735 9.3687e+02          1         19 0.0000e+00
