Data/ruptures/KN207-01/QL-2/20701074.cnv
* Sea-Bird SBE 9 Data File:
* FileName = C:\Data\ctd\20701074.hex
* Software Version Seasave V 7.21e
* Temperature SN = 4406
* Conductivity SN = 1474
* Number of Bytes Per Scan = 40
* Number of Voltage Words = 5
* Number of Scans Averaged by the Deck Unit = 1
* NMEA Latitude = 33 04.70 N
* NMEA Longitude = 065 40.37 W
* NMEA UTC (Time) = May 02 2012 12:04:37
** R/V Knorr Cruise # KN207-01 QL 2
** Chief Scientist: Ben Van Mooy
# nquan = 21
# nvalues = 398                         
# units = specified
# name 0 = latitude: Latitude [deg]
# name 1 = longitude: Longitude [deg]
# name 2 = t090C: Temperature [ITS-90, deg C]
# name 3 = c0S/m: Conductivity [S/m]
# name 4 = sal00: Salinity, Practical [PSU]
# name 5 = depSM: Depth [salt water, m]
# name 6 = prDM: Pressure, Digiquartz [db]
# name 7 = t190C: Temperature, 2 [ITS-90, deg C]
# name 8 = c1S/m: Conductivity, 2 [S/m]
# name 9 = sal11: Salinity, Practical, 2 [PSU]
# name 10 = flECO-AFL: Fluorescence, WET Labs ECO-AFL/FL [mg/m^3]
# name 11 = par: PAR/Irradiance, Biospherical/Licor
# name 12 = bat: Beam Attenuation, Chelsea/Seatech [1/m]
# name 13 = xmiss: Beam Transmission, Chelsea/Seatech [%]
# name 14 = altM: Altimeter [m]
# name 15 = sbeox0Mm/Kg: Oxygen, SBE 43 [umol/kg]
# name 16 = sbeox0ML/L: Oxygen, SBE 43 [ml/l]
# name 17 = spar: SPAR/Surface Irradiance
# name 18 = pumps: Pump Status
# name 19 = nbin: number of scans per bin
# name 20 = flag: flag
# span 0 =   33.07841,   33.07940       
# span 1 =  -65.67296,  -65.67276       
# span 2 =    18.0484,    20.2892       
# span 3 =   4.780658,   5.019721       
# span 4 =    36.5153,    36.6168       
# span 5 =      2.438,    199.475       
# span 6 =      2.456,    200.991       
# span 7 =    18.0476,    20.2893       
# span 8 =   4.780679,   5.019761       
# span 9 =    36.5154,    36.6175       
# span 10 =     0.0089,     0.7881      
# span 11 = 1.0000e-12, 1.0000e-12      
# span 12 =    -0.0135,     0.0857      
# span 13 =    97.8838,   100.3381      
# span 14 =       0.95,      98.78      
# span 15 =    186.425,    221.988      
# span 16 =     4.2845,     5.1003      
# span 17 = 2.2862e+03, 2.4566e+03      
# span 18 =          1,          1      
# span 19 =          2,       1313      
# span 20 = 0.0000e+00, 0.0000e+00      
# interval = decibars: 1                
# start_time = May 02 2012 12:04:37 [NMEA time, header]
# bad_flag = -9.990e-29
*END*
[from data line 138]
   33.07870  -65.67276    19.3728   4.925641    36.5924    139.933    140.976    19.3729   4.925837    36.5940     0.0959 1.0000e-12    -0.0013   100.0316      98.65    213.081     4.8959 2.3403e+03          1         18 0.0000e+00
   33.07870  -65.67276    19.3717   4.925525    36.5921    140.944    141.995    19.3716   4.925683    36.5935     0.0825 1.0000e-12    -0.0011   100.0263      98.65    212.922     4.8923 2.3371e+03          1         22 0.0000e+00
   33.07870  -65.67276    19.3720   4.925654    36.5924    141.939    142.997    19.3721   4.925792    36.5936     0.1055 1.0000e-12    -0.0019   100.0473      32.72    212.340     4.8789 2.3351e+03          1         25 0.0000e+00
   33.07870  -65.67276    19.3721   4.925718    36.5925    142.944    144.010    19.3721   4.925867    36.5938     0.0680 1.0000e-12    -0.0029   100.0739      37.90    212.340     4.8789 2.3389e+03          1         30 0.0000e+00
   33.07870  -65.67276    19.3725   4.925832    36.5927    143.904    144.978    19.3725   4.925973    36.5939     0.0841 1.0000e-12    -0.0039   100.0977      43.60    212.800     4.8895 2.3453e+03          1         26 0.0000e+00
   33.07870  -65.67276    19.3731   4.925975    36.5930    144.857    145.938    19.3731   4.926108    36.5942     0.0934 1.0000e-12    -0.0035   100.0878       0.95    212.265     4.8772 2.3504e+03          1         26 0.0000e+00
   33.07870  -65.67276    19.3735   4.926059    36.5930    145.912    147.002    19.3734   4.926201    36.5942     0.0931 1.0000e-12    -0.0036   100.0908      18.88    212.579     4.8844 2.3486e+03          1         26 0.0000e+00
   33.07872  -65.67276    19.3736   4.926134    36.5931    146.892    147.989    19.3736   4.926277    36.5943     0.1019 1.0000e-12     0.0006    99.9861      98.66    212.946     4.8928 2.3428e+03          1         21 0.0000e+00
   33.07872  -65.67276    19.3737   4.926186    36.5931    147.898    149.003    19.3738   4.926343    36.5944     0.0947 1.0000e-12    -0.0031   100.0773      98.65    213.170     4.8980 2.3389e+03          1         18 0.0000e+00
   33.07872  -65.67276    19.3739   4.926261    36.5932    148.900    150.013    19.3739   4.926398    36.5944     0.0901 1.0000e-12    -0.0021   100.0518      98.66    213.152     4.8976 2.3385e+03          1         17 0.0000e+00
   33.07872  -65.67276    19.3740   4.926310    36.5932    149.928    151.048    19.3739   4.926462    36.5944     0.1092 1.0000e-12    -0.0021   100.0534      98.64    213.184     4.8983 2.3415e+03          1         21 0.0000e+00
   33.07872  -65.67276    19.3737   4.926328    36.5932    150.956    152.085    19.3737   4.926480    36.5944     0.0928 1.0000e-12    -0.0018   100.0440      96.66    213.090     4.8962 2.3468e+03          1         31 0.0000e+00
   33.07872  -65.67276    19.3735   4.926337    36.5931    151.824    152.960    19.3736   4.926502    36.5944     0.0886 1.0000e-12    -0.0021   100.0518      50.31    212.949     4.8929 2.3492e+03          1         34 0.0000e+00
   33.07872  -65.67276    19.3734   4.926377    36.5932    152.805    153.948    19.3734   4.926519    36.5943     0.0752 1.0000e-12    -0.0019   100.0462      98.65    213.127     4.8970 2.3469e+03          1         23 0.0000e+00
   33.07872  -65.67276    19.3732   4.926394    36.5931    153.818    154.970    19.3732   4.926539    36.5943     0.0691 1.0000e-12    -0.0020   100.0500      98.65    213.063     4.8956 2.3444e+03          1         19 0.0000e+00
   33.07872  -65.67276    19.3723   4.926322    36.5929    154.854    156.014    19.3723   4.926485    36.5943     0.0747 1.0000e-12    -0.0032   100.0816      98.65    213.219     4.8991 2.3435e+03          1         21 0.0000e+00
   33.07872  -65.67276    19.3722   4.926351    36.5929    155.823    156.990    19.3722   4.926494    36.5941     0.0988 1.0000e-12    -0.0030   100.0769      98.65    213.334     4.9018 2.3442e+03          1         20 0.0000e+00
   33.07872  -65.67276    19.3720   4.926363    36.5928    156.812    157.987    19.3721   4.926535    36.5942     0.0649 1.0000e-12    -0.0035   100.0888      98.65    213.017     4.8945 2.3465e+03          1         26 0.0000e+00
   33.07872  -65.67276    19.3719   4.926403    36.5928    157.820    159.003    19.3718   4.926539    36.5940     0.0700 1.0000e-12    -0.0043   100.1090      54.73    212.816     4.8899 2.3479e+03          1         25 0.0000e+00
   33.07872  -65.67276    19.3723   4.926493    36.5928    158.820    160.010    19.3722   4.926618    36.5940     0.0881 1.0000e-12    -0.0043   100.1073      73.10    212.118     4.8738 2.3477e+03          1         24 0.0000e+00
   33.07872  -65.67276    19.3708   4.926334    36.5924    159.774    160.972    19.3708   4.926493    36.5938     0.0841 1.0000e-12    -0.0039   100.0976      96.07    212.101     4.8734 2.3455e+03          1         23 0.0000e+00
   33.07872  -65.67276    19.3702   4.926307    36.5924    160.792    161.999    19.3700   4.926440    36.5937     0.0684 1.0000e-12    -0.0035   100.0877       1.05    212.668     4.8865 2.3415e+03          1         28 0.0000e+00
   33.07872  -65.67276    19.3691   4.926218    36.5922    161.805    163.019    19.3691   4.926361    36.5934     0.0794 1.0000e-12    -0.0033   100.0823       1.03    212.791     4.8893 2.3396e+03          1         25 0.0000e+00
   33.07872  -65.67276    19.3688   4.926239    36.5923    162.801    164.024    19.3687   4.926373    36.5935     0.0741 1.0000e-12    -0.0039   100.0987      92.91    212.820     4.8900 2.3425e+03          1         22 0.0000e+00
   33.07872  -65.67276    19.3680   4.926160    36.5920    163.776    165.006    19.3679   4.926328    36.5935     0.0724 1.0000e-12    -0.0040   100.1000      98.65    212.775     4.8889 2.3461e+03          1         20 0.0000e+00
   33.07872  -65.67276    19.3661   4.925975    36.5918    164.760    165.998    19.3659   4.926117    36.5931     0.0578 1.0000e-12    -0.0044   100.1104      98.66    212.316     4.8784 2.3490e+03          1         22 0.0000e+00
   33.07872  -65.67276    19.3659   4.925994    36.5918    165.743    166.988    19.3657   4.926133    36.5931     0.0513 1.0000e-12    -0.0047   100.1166      27.34    211.749     4.8653 2.3489e+03          1         23 0.0000e+00
   33.07873  -65.67276    19.3655   4.925984    36.5916    166.748    168.002    19.3655   4.926136    36.5929     0.0585 1.0000e-12    -0.0042   100.1056       1.03    211.708     4.8644 2.3455e+03          1         26 0.0000e+00
   33.07874  -65.67276    19.3657   4.926066    36.5917    167.745    169.007    19.3656   4.926197    36.5929     0.0809 1.0000e-12    -0.0044   100.1111       1.04    211.727     4.8649 2.3426e+03          1         27 0.0000e+00
   33.07874  -65.67276    19.3648   4.926007    36.5916    168.715    169.984    19.3648   4.926164    36.5930     0.0813 1.0000e-12    -0.0040   100.1008       1.04    212.198     4.8757 2.3427e+03          1         24 0.0000e+00
   33.07874  -65.67276    19.3643   4.925988    36.5916    169.705    170.982    19.3639   4.926098    36.5928     0.0532 1.0000e-12    -0.0042   100.1054      60.02    212.307     4.8782 2.3429e+03          1         23 0.0000e+00
   33.07874  -65.67276    19.3633   4.925920    36.5915    170.727    172.012    19.3630   4.926028    36.5927     0.0656 1.0000e-12    -0.0046   100.1158      98.65    212.304     4.8781 2.3427e+03          1         21 0.0000e+00
   33.07874  -65.67276    19.3622   4.925824    36.5913    171.734    173.028    19.3620   4.925956    36.5926     0.0732 1.0000e-12    -0.0049   100.1209      98.65    212.487     4.8823 2.3426e+03          1         22 0.0000e+00
   33.07874  -65.67276    19.3601   4.925605    36.5910    172.726    174.027    19.3600   4.925739    36.5922     0.0664 1.0000e-12    -0.0046   100.1155      46.12    211.989     4.8709 2.3450e+03          1         26 0.0000e+00
   33.07874  -65.67276    19.3598   4.925625    36.5910    173.707    175.016    19.3600   4.925784    36.5922     0.0448 1.0000e-12    -0.0054   100.1347       1.03    211.618     4.8624 2.3463e+03          1         30 0.0000e+00
   33.07874  -65.67276    19.3595   4.925624    36.5909    174.689    176.005    19.3592   4.925748    36.5923     0.0777 1.0000e-12    -0.0058   100.1458      30.72    210.735     4.8420 2.3459e+03          1         24 0.0000e+00
   33.07874  -65.67276    19.3585   4.925552    36.5908    175.671    176.995    19.3584   4.925694    36.5921     0.0461 1.0000e-12    -0.0060   100.1501      98.66    210.645     4.8400 2.3445e+03          1         21 0.0000e+00
   33.07874  -65.67276    19.3535   4.924998    36.5903    176.666    177.999    19.3537   4.925290    36.5926     0.0513 1.0000e-12    -0.0058   100.1440      98.65    211.417     4.8577 2.3444e+03          1         21 0.0000e+00
   33.07874  -65.67276    19.3440   4.923974    36.5899    177.670    179.010    19.3440   4.924172    36.5915     0.0371 1.0000e-12    -0.0054   100.1349      98.66    211.906     4.8690 2.3440e+03          1         22 0.0000e+00
   33.07874  -65.67276    19.3400   4.923558    36.5896    178.669    180.017    19.3399   4.923741    36.5912     0.0348 1.0000e-12    -0.0060   100.1511      98.63    211.999     4.8711 2.3445e+03          1         26 0.0000e+00
   33.07874  -65.67276    19.3358   4.923123    36.5893    179.658    181.014    19.3358   4.923309    36.5909     0.0162 1.0000e-12    -0.0061   100.1521      33.04    210.871     4.8452 2.3435e+03          1         26 0.0000e+00
   33.07874  -65.67276    19.3288   4.922352    36.5887    180.622    181.986    19.3290   4.922595    36.5907     0.0436 1.0000e-12    -0.0066   100.1657      98.66    210.315     4.8324 2.3430e+03          1         23 0.0000e+00
   33.07874  -65.67276    19.3192   4.921365    36.5887    181.610    182.982    19.3195   4.921651    36.5909     0.0638 1.0000e-12    -0.0063   100.1583      98.65    210.843     4.8446 2.3440e+03          1         22 0.0000e+00
   33.07874  -65.67276    19.3008   4.919353    36.5880    182.613    183.993    19.3008   4.919700    36.5909     0.0348 1.0000e-12    -0.0065   100.1629      98.65    211.019     4.8487 2.3453e+03          1         22 0.0000e+00
   33.07874  -65.67276    19.2806   4.917411    36.5895    183.622    185.010    19.2808   4.917888    36.5933     0.0499 1.0000e-12    -0.0063   100.1587      98.66    210.619     4.8395 2.3472e+03          1         24 0.0000e+00
   33.07874  -65.67276    19.2173   4.910076    36.5847    184.620    186.016    19.2185   4.911236    36.5934     0.0252 1.0000e-12    -0.0057   100.1432      50.03    210.000     4.8253 2.3451e+03          1         26 0.0000e+00
   33.07874  -65.67276    19.1250   4.899590    36.5793    185.593    186.996    19.1261   4.900230    36.5837     0.0323 1.0000e-12    -0.0063   100.1567       1.03    208.589     4.7930 2.3399e+03          1         31 0.0000e+00
   33.07874  -65.67276    19.0849   4.894999    36.5760    186.583    187.995    19.0863   4.895952    36.5828     0.0495 1.0000e-12    -0.0062   100.1542      33.28    206.262     4.7396 2.3386e+03          1         25 0.0000e+00
   33.07874  -65.67276    18.9703   4.881816    36.5679    187.576    188.996    18.9731   4.884184    36.5854     0.0359 1.0000e-12    -0.0056   100.1403      98.66    205.078     4.7125 2.3435e+03          1         21 0.0000e+00
   33.07874  -65.67276    18.7501   4.857154    36.5586    188.566    189.994    18.7525   4.859744    36.5783     0.0351 1.0000e-12    -0.0054   100.1339      98.66    205.368     4.7194 2.3489e+03          1         19 0.0000e+00
   33.07874  -65.67276    18.6238   4.843345    36.5549    189.552    190.988    18.6267   4.844836    36.5650     0.0299 1.0000e-12    -0.0063   100.1578      98.68    203.910     4.6860 2.3499e+03          1         20 0.0000e+00
   33.07874  -65.67276    18.5711   4.837600    36.5522    190.576    192.020    18.5728   4.838612    36.5592     0.0377 1.0000e-12    -0.0071   100.1779      98.65    198.761     4.5677 2.3465e+03          1         24 0.0000e+00
   33.07874  -65.67276    18.4891   4.828750    36.5495    191.639    193.091    18.4903   4.829453    36.5544     0.0381 1.0000e-12    -0.0076   100.1891      98.66    193.817     4.4542 2.3392e+03          1         29 0.0000e+00
   33.07874  -65.67276    18.4356   4.822821    36.5442    192.577    194.037    18.4417   4.823877    36.5476     0.0304 1.0000e-12    -0.0081   100.2019      98.66    191.395     4.3986 2.3387e+03          1         66 0.0000e+00
   33.07875  -65.67276    18.3541   4.813399    36.5345    193.555    195.023    18.3580   4.814537    36.5407     0.0356 1.0000e-12    -0.0082   100.2043      98.66    190.541     4.3790 2.3434e+03          1         56 0.0000e+00
   33.07876  -65.67276    18.2407   4.800718    36.5256    194.570    196.046    18.2446   4.801462    36.5285     0.0322 1.0000e-12    -0.0095   100.2386      98.66    186.468     4.2855 2.3398e+03          1         97 0.0000e+00
   33.07876  -65.67276    18.2125   4.798285    36.5271    195.440    196.923    18.2130   4.798528    36.5288     0.0431 1.0000e-12    -0.0104   100.2618      98.66    186.425     4.2845 2.3415e+03          1         55 0.0000e+00
   33.07876  -65.67276    18.1721   4.794797    36.5313    196.671    198.164    18.1619   4.794018    36.5339     0.0142 1.0000e-12    -0.0106   100.2656      98.66    187.825     4.3167 2.3372e+03          1        125 0.0000e+00
   33.07876  -65.67276    18.1118   4.788127    36.5273    197.472    198.971    18.1176   4.789419    36.5331     0.0149 1.0000e-12    -0.0104   100.2598      98.66    187.921     4.3190 2.3458e+03          1         45 0.0000e+00
   33.07876  -65.67276    18.0762   4.783842    36.5212    198.611    200.120    18.0731   4.783619    36.5221     0.0192 1.0000e-12    -0.0120   100.3009      98.66    187.985     4.3205 2.3387e+03          1        113 0.0000e+00
   33.07878  -65.67276    18.0484   4.780658    36.5158    199.475    200.991    18.0476   4.780679    36.5167     0.0249 1.0000e-12    -0.0126   100.3155      98.67    188.189     4.3252 2.3544e+03          1       1055 0.0000e+00
   33.07880  -65.67276    18.0662   4.782514    36.5153    198.504    200.012    18.0591   4.781764    36.5154     0.0330 1.0000e-12    -0.0135   100.3381      98.66    188.211     4.3257 2.3593e+03          1         38 0.0000e+00
   33.07880  -65.67276    18.0715   4.783142    36.5164    197.406    198.905    18.0697   4.783008    36.5169     0.0251 1.0000e-12    -0.0128   100.3205      98.67    188.112     4.3234 2.3597e+03          1        124 0.0000e+00
   33.07880  -65.67276    18.0754   4.783615    36.5175    196.408    197.899    18.0762   4.783730    36.5177     0.0089 1.0000e-12    -0.0128   100.3194      98.66    187.869     4.3178 2.3624e+03          1         63 0.0000e+00
   33.07880  -65.67277    18.0802   4.784207    36.5186    195.631    197.116    18.1040   4.786782    36.5189     0.0308 1.0000e-12    -0.0127   100.3175      98.67    188.088     4.3228 2.3574e+03          1        101 0.0000e+00
   33.07880  -65.67278    18.1110   4.787699    36.5209    194.564    196.040    18.1453   4.791524    36.5226     0.0187 1.0000e-12    -0.0124   100.3099      98.67    187.773     4.3156 2.3612e+03          1         64 0.0000e+00
   33.07882  -65.67278    18.1702   4.793954    36.5215    193.548    195.015    18.1735   4.794279    36.5215     0.0223 1.0000e-12    -0.0120   100.3000      98.67    187.353     4.3059 2.3587e+03          1        137 0.0000e+00
   33.07882  -65.67276    18.1978   4.796651    36.5203    192.551    194.011    18.2536   4.802468    36.5193     0.0262 1.0000e-12    -0.0118   100.2941      98.67    187.560     4.3106 2.3612e+03          1         48 0.0000e+00
