Data/ruptures/KN207-01/QL-2/20701059.cnv
* Sea-Bird SBE 9 Data File:
* FileName = C:\Data\ctd\20701059.hex
* Software Version Seasave V 7.21e
* Temperature SN = 4406
* Conductivity SN = 1474
* Number of Bytes Per Scan = 40
* Number of Voltage Words = 5
* Number of Scans Averaged by the Deck Unit = 1
* NMEA Latitude = 32 54.99 N
* NMEA Longitude = 065 52.88 W
* NMEA UTC (Time) = Apr 30 2012 15:00:07
** R/V Knorr Cruise # KN207-01 QL 2
** Chief Scientist: Ben Van Mooy
# nquan = 21
# nvalues = 400                         
# units = specified
# name 0 = latitude: Latitude [deg]
# name 1 = longitude: Longitude [deg]
# name 2 = t090C: Temperature [ITS-90, deg C]
# name 3 = c0S/m: Conductivity [S/m]
# name 4 = sal00: Salinity, Practical [PSU]
# name 5 = depSM: Depth [salt water, m]
# name 6 = prDM: Pressure, Digiquartz [db]
# name 7 = t190C: Temperature, 2 [ITS-90, deg C]
# name 8 = c1S/m: Conductivity, 2 [S/m]
# name 9 = sal11: Salinity, Practical, 2 [PSU]
# name 10 = flECO-AFL: Fluorescence, WET Labs ECO-AFL/FL [mg/m^3]
# name 11 = par: PAR/Irradiance, Biospherical/Licor
# name 12 = bat: Beam Attenuation, Chelsea/Seatech [1/m]
# name 13 = xmiss: Beam Transmission, Chelsea/Seatech [%]
# name 14 = altM: Altimeter [m]
# name 15 = sbeox0Mm/Kg: Oxygen, SBE 43 [umol/kg]
# name 16 = sbeox0ML/L: Oxygen, SBE 43 [ml/l]
# name 17 = spar: SPAR/Surface Irradiance
# name 18 = pumps: Pump Status
# name 19 = nbin: number of scans per bin
# name 20 = flag: flag
# span 0 =   32.91620,   32.91660       
# span 1 =  -65.88148,  -65.88024       
# span 2 =    18.6004,    20.3952       
# span 3 =   4.534174,   5.029139       
# span 4 =    32.5990,    37.0042       
# span 5 =      2.434,    200.065       
# span 6 =      2.451,    201.582       
# span 7 =    18.5871,    20.3950       
# span 8 =   4.840211,   5.029124       
# span 9 =    35.3693,    37.0043       
# span 10 =     0.0220,     0.8060      
# span 11 = 1.0000e-12, 8.9830e-02      
# span 12 =    -0.0064,     0.0716      
# span 13 =    98.2274,   100.1602      
# span 14 =       1.02,      98.82      
# span 15 =    136.981,    390.057      
# span 16 =     3.1480,     8.9593      
# span 17 = 8.7236e+02, 1.0285e+03      
# span 18 =          0,          1      
# span 19 =         15,       3203      
# span 20 = 0.0000e+00, 0.0000e+00      
# interval = decibars: 1                
# start_time = Apr 30 2012 15:00:07 [NMEA time, header]
# bad_flag = -9.990e-29
*END*
[from data line 276]
   32.91646  -65.88108    19.3725   4.924927    36.5927    124.060    124.978    19.3726   4.925013    36.5934     0.1700 5.3704e-02     0.0074    99.8159      98.69    212.018     4.8715 9.3402e+02          1         18 0.0000e+00
   32.91646  -65.88108    19.3728   4.924909    36.5927    123.072    123.982    19.3728   4.925006    36.5935     0.2202 5.1729e-02     0.0077    99.8091      98.69    211.941     4.8697 9.3288e+02          1         19 0.0000e+00
   32.91646  -65.88108    19.3736   4.924980    36.5929    122.074    122.976    19.3732   4.925025    36.5936     0.2101 4.2439e-02     0.0078    99.8052      98.69    211.955     4.8701 9.3297e+02          1         24 0.0000e+00
   32.91646  -65.88108    19.3740   4.925008    36.5931    121.077    121.972    19.3741   4.925119    36.5940     0.2439 5.1808e-02     0.0093    99.7672      98.69    211.640     4.8628 9.3423e+02          1         38 0.0000e+00
   32.91646  -65.88108    19.3745   4.925027    36.5932    120.167    121.054    19.3745   4.925126    36.5940     0.2503 5.6537e-02     0.0083    99.7915      98.69    211.541     4.8606 9.3435e+02          1         39 0.0000e+00
   32.91646  -65.88108    19.3747   4.924993    36.5931    119.134    120.014    19.3743   4.925041    36.5939     0.2768 5.6809e-02     0.0112    99.7208      98.69    212.209     4.8759 9.3274e+02          1         20 0.0000e+00
   32.91646  -65.88108    19.3755   4.925095    36.5936    118.152    119.025    19.3752   4.925090    36.5939     0.2631 5.7141e-02     0.0116    99.7099      98.69    212.014     4.8714 9.3102e+02          1         16 0.0000e+00
   32.91646  -65.88108    19.3761   4.925122    36.5937    117.152    118.017    19.3761   4.925178    36.5942     0.2516 5.7783e-02     0.0122    99.6943      98.70    212.084     4.8730 9.3003e+02          1         15 0.0000e+00
   32.91646  -65.88108    19.3764   4.925105    36.5937    116.120    116.977    19.3763   4.925203    36.5946     0.2510 5.7612e-02     0.0117    99.7074      98.69    212.416     4.8806 9.2869e+02          1         18 0.0000e+00
   32.91646  -65.88108    19.3764   4.925072    36.5938    115.089    115.938    19.3761   4.925134    36.5947     0.2398 5.6741e-02     0.0111    99.7232      98.69    212.285     4.8776 9.2853e+02          1         23 0.0000e+00
   32.91646  -65.88106    19.3763   4.925019    36.5938    114.143    114.985    19.3762   4.925118    36.5948     0.2692 5.2893e-02     0.0113    99.7179      98.69    212.558     4.8839 9.3064e+02          1         48 0.0000e+00
   32.91646  -65.88106    19.3765   4.924981    36.5937    113.221    114.056    19.3762   4.925063    36.5946     0.3155 5.1826e-02     0.0115    99.7131      98.69    212.293     4.8778 9.3041e+02          1         29 0.0000e+00
   32.91646  -65.88106    19.3764   4.924930    36.5938    112.190    113.017    19.3762   4.925009    36.5946     0.3247 5.2378e-02     0.0127    99.6833      98.68    211.864     4.8680 9.2830e+02          1         19 0.0000e+00
   32.91646  -65.88106    19.3763   4.924887    36.5939    111.172    111.991    19.3763   4.924964    36.5946     0.3005 5.2080e-02     0.0119    99.7025      98.69    211.808     4.8667 9.2677e+02          1         17 0.0000e+00
   32.91646  -65.88106    19.3762   4.924832    36.5939    110.185    110.997    19.3763   4.924927    36.5946     0.2833 5.0379e-02     0.0133    99.6697      98.69    212.179     4.8752 9.2572e+02          1         16 0.0000e+00
   32.91646  -65.88106    19.3761   4.924761    36.5937    109.188    109.991    19.3761   4.924867    36.5947     0.3109 4.2466e-02     0.0135    99.6641      98.69    212.492     4.8824 9.2572e+02          1         21 0.0000e+00
   32.91646  -65.88106    19.3758   4.924674    36.5937    108.147    108.943    19.3756   4.924384    36.5914     0.3105 4.1002e-02     0.0152    99.6207      98.69    212.439     4.8812 9.2670e+02          1         32 0.0000e+00
   32.91646  -65.88106    19.3758   4.924628    36.5936    107.234    108.023    19.3757   4.924720    36.5945     0.3743 4.2038e-02     0.0198    99.5055      98.69    212.146     4.8744 9.2629e+02          1         39 0.0000e+00
   32.91646  -65.88106    19.3759   4.924586    36.5936    106.239    107.020    19.3756   4.924658    36.5944     0.5356 4.3002e-02     0.0147    99.6328      98.70    212.382     4.8799 9.2414e+02          1         24 0.0000e+00
   32.91644  -65.88106    19.3763   4.924589    36.5936    105.241    106.015    19.3760   4.924663    36.5945     0.4026 4.3639e-02     0.0148    99.6299      98.69    212.559     4.8839 9.2338e+02          1         21 0.0000e+00
   32.91644  -65.88106    19.3765   4.924557    36.5935    104.247    105.013    19.3765   4.924647    36.5943     0.5082 4.4065e-02     0.0177    99.5589      98.69    212.343     4.8790 9.2349e+02          1         19 0.0000e+00
   32.91644  -65.88106    19.3767   4.924519    36.5934    103.262    104.020    19.3767   4.924615    36.5943     0.5035 4.4307e-02     0.0209    99.4779      98.69    212.172     4.8751 9.2338e+02          1         20 0.0000e+00
   32.91644  -65.88106    19.3769   4.924488    36.5934    102.230    102.981    19.3767   4.924568    36.5943     0.3951 4.4515e-02     0.0217    99.4595      98.69    212.601     4.8849 9.2248e+02          1         22 0.0000e+00
   32.91644  -65.88106    19.3769   4.924417    36.5932    101.230    101.973    19.3767   4.924515    36.5942     0.3852 4.4898e-02     0.0214    99.4653      98.70    213.026     4.8947 9.2177e+02          1         22 0.0000e+00
   32.91644  -65.88105    19.3766   4.924346    36.5932    100.259    100.994    19.3765   4.924433    36.5940     0.4189 4.5710e-02     0.0228    99.4319      98.69    212.941     4.8927 9.2214e+02          1         33 0.0000e+00
   32.91644  -65.88104    19.3766   4.924291    36.5931     99.298    100.026    19.3766   4.924390    36.5940     0.4641 4.6466e-02     0.0229    99.4294      98.70    212.102     4.8734 9.2223e+02          1         30 0.0000e+00
   32.91644  -65.88104    19.3779   4.924437    36.5936     98.253     98.973    19.3771   4.924406    36.5940     0.4691 4.7039e-02     0.0247    99.3843      98.69    212.728     4.8878 9.2070e+02          1         24 0.0000e+00
   32.91644  -65.88104    19.3800   4.924676    36.5941     97.247     97.960    19.3787   4.924576    36.5944     0.4541 4.7508e-02     0.0233    99.4202      98.72    212.677     4.8866 9.1871e+02          1         28 0.0000e+00
   32.91644  -65.88104    19.3805   4.924697    36.5942     96.251     96.957    19.3800   4.924731    36.5950     0.5090 5.1743e-02     0.0231    99.4240      98.69    212.906     4.8919 9.1807e+02          1         37 0.0000e+00
   32.91644  -65.88104    19.3806   4.924654    36.5941     95.336     96.035    19.3803   4.924716    36.5949     0.5237 6.0733e-02     0.0254    99.3674      98.69    213.047     4.8952 9.1911e+02          1         29 0.0000e+00
   32.91644  -65.88104    19.3808   4.924638    36.5942     94.334     95.025    19.3804   4.924684    36.5949     0.4815 6.1950e-02     0.0264    99.3439      98.70    212.752     4.8884 9.1921e+02          1         25 0.0000e+00
   32.91644  -65.88104    19.3807   4.924542    36.5939     93.207     93.890    19.3804   4.924615    36.5948     0.5121 6.8411e-02     0.0282    99.2972      98.69    212.805     4.8896 9.1684e+02          1         61 0.0000e+00
   32.91644  -65.88102    19.3805   4.924458    36.5937     92.373     93.049    19.3804   4.924557    36.5946     0.5934 6.7628e-02     0.0267    99.3345      98.70    212.946     4.8928 9.1301e+02          1         33 0.0000e+00
   32.91644  -65.88102    19.3804   4.924397    36.5937     91.349     92.018    19.3807   4.924501    36.5943     0.6585 6.8497e-02     0.0296    99.2628      98.69    212.991     4.8939 9.1299e+02          1         27 0.0000e+00
   32.91644  -65.88102    19.3820   4.924525    36.5937     90.281     90.942    19.3820   4.924602    36.5944     0.5774 7.5199e-02     0.0295    99.2649      98.70    213.055     4.8953 9.1583e+02          1         39 0.0000e+00
   32.91644  -65.88102    19.3818   4.924478    36.5938     89.470     90.124    19.3814   4.924526    36.5946     0.6159 5.6605e-02     0.0350    99.1291      98.70    212.938     4.8927 9.1323e+02          1         82 0.0000e+00
   32.91644  -65.88102    19.3826   4.924473    36.5934     88.404     89.050    19.3824   4.924549    36.5943     0.6030 6.5713e-02     0.0341    99.1512      98.70    213.478     4.9051 9.1221e+02          1         36 0.0000e+00
   32.91644  -65.88102    19.3852   4.924758    36.5939     87.381     88.019    19.3837   4.924658    36.5945     0.6157 5.4582e-02     0.0351    99.1267      19.37    213.126     4.8970 9.1038e+02          1         32 0.0000e+00
   32.91644  -65.88102    19.3863   4.924800    36.5937     86.348     86.979    19.3855   4.924808    36.5945     0.6352 5.0484e-02     0.0382    99.0484      82.22    212.879     4.8913 9.0793e+02          1         35 0.0000e+00
   32.91644  -65.88102    19.3864   4.924770    36.5938     85.288     85.911    19.3860   4.924825    36.5946     0.6898 1.7372e-02     0.0404    98.9940      67.63    213.701     4.9102 9.0927e+02          1         75 0.0000e+00
   32.91644  -65.88100    19.3864   4.924727    36.5938     84.420     85.037    19.3862   4.924778    36.5944     0.7994 2.0049e-02     0.0433    98.9237      72.28    214.059     4.9184 9.0609e+02          1         55 0.0000e+00
   32.91644  -65.88100    19.3878   4.924823    36.5937     83.402     84.011    19.3877   4.924889    36.5944     0.7027 2.2960e-02     0.0408    98.9853      59.88    214.286     4.9236 9.0766e+02          1         32 0.0000e+00
   32.91643  -65.88100    19.3933   4.925432    36.5943     82.394     82.995    19.3900   4.925110    36.5945     0.6726 2.8449e-02     0.0424    98.9436      98.70    213.952     4.9159 9.0631e+02          1         30 0.0000e+00
   32.91642  -65.88100    19.3941   4.925502    36.5945     81.352     81.945    19.3930   4.925462    36.5952     0.7280 6.0827e-02     0.0424    98.9444      98.70    214.640     4.9317 9.0363e+02          1         81 0.0000e+00
   32.91642  -65.88099    19.3948   4.925512    36.5944     80.466     81.052    19.3950   4.925597    36.5949     0.6534 8.5901e-02     0.0435    98.9170      98.70    215.187     4.9443 9.0146e+02          1         32 0.0000e+00
   32.91642  -65.88098    19.3967   4.925693    36.5946     79.397     79.976    19.3953   4.925621    36.5952     0.6248 8.9830e-02     0.0410    98.9805      98.70    214.668     4.9324 9.0049e+02          1         26 0.0000e+00
   32.91642  -65.88098    19.3979   4.925774    36.5946     78.379     78.950    19.3959   4.925658    36.5954     0.5983 5.3020e-02     0.0389    99.0328      98.70    214.973     4.9394 9.0025e+02          1         84 0.0000e+00
   32.91642  -65.88098    19.3974   4.925672    36.5946     77.480     78.045    19.3986   4.925832    36.5949     0.5482 3.2438e-02     0.0391    99.0258      98.70    215.586     4.9535 8.9803e+02          1         34 0.0000e+00
   32.91642  -65.88098    19.4018   4.926086    36.5946     76.415     76.972    19.4009   4.926077    36.5952     0.4835 4.9204e-02     0.0388    99.0333      73.01    215.302     4.9469 8.9796e+02          1         27 0.0000e+00
   32.91642  -65.88098    19.4040   4.926290    36.5947     75.337     75.885    19.4030   4.926263    36.5954     0.4443 5.1896e-02     0.0366    99.0902      35.51    215.229     4.9453 8.9745e+02          1         73 0.0000e+00
   32.91642  -65.88096    19.4038   4.926210    36.5946     74.526     75.068    19.4042   4.926325    36.5952     0.4340 5.5494e-02     0.0358    99.1090      78.22    215.615     4.9541 8.9527e+02          1         46 0.0000e+00
   32.91642  -65.88096    19.4060   4.926404    36.5946     73.464     73.998    19.4057   4.926425    36.5950     0.4095 5.2249e-02     0.0389    99.0305      90.53    215.538     4.9524 8.9418e+02          1         29 0.0000e+00
   32.91642  -65.88096    19.4080   4.926579    36.5947     72.412     72.939    19.4074   4.926582    36.5953     0.3947 2.9027e-02     0.0373    99.0726      46.32    215.915     4.9610 8.9492e+02          1         36 0.0000e+00
   32.91640  -65.88094    19.4083   4.926572    36.5948     71.585     72.106    19.4083   4.926656    36.5954     0.3877 4.5826e-02     0.0386    99.0388      90.71    216.147     4.9663 8.9511e+02          1         83 0.0000e+00
   32.91640  -65.88094    19.4087   4.926557    36.5947     70.545     71.057    19.4094   4.926702    36.5953     0.3847 4.8364e-02     0.0379    99.0576      98.70    216.602     4.9768 8.9293e+02          1         30 0.0000e+00
   32.91640  -65.88094    19.4118   4.926828    36.5946     69.475     69.979    19.4108   4.926798    36.5952     0.3856 2.9463e-02     0.0390    99.0306      98.70    216.603     4.9768 8.9104e+02          1         31 0.0000e+00
   32.91640  -65.88094    19.4128   4.926901    36.5948     68.328     68.824    19.4127   4.926974    36.5955     0.3857 3.4092e-02     0.0397    99.0117      78.36    216.671     4.9784 8.9207e+02          1         84 0.0000e+00
   32.91640  -65.88094    19.4128   4.926864    36.5948     67.637     68.128    19.4111   4.926710    36.5950     0.3781 2.5870e-02     0.0441    98.9043      57.03    216.474     4.9738 8.9226e+02          1         41 0.0000e+00
   32.91640  -65.88094    19.4184   4.927380    36.5945     66.548     67.031    19.4170   4.927313    36.5952     0.3377 1.7870e-02     0.0415    98.9687      98.71    216.872     4.9830 8.9051e+02          1         23 0.0000e+00
   32.91640  -65.88094    19.4232   4.927827    36.5943     65.491     65.966    19.4211   4.927636    36.5946     0.3499 1.7985e-02     0.0446    98.8923      98.70    217.156     4.9895 8.9011e+02          1         28 0.0000e+00
   32.91640  -65.88093    19.4204   4.927524    36.5948     64.531     64.999    19.4189   4.927463    36.5956     0.3523 1.7111e-02     0.0427    98.9370      78.05    217.182     4.9901 8.8899e+02          1        105 0.0000e+00
   32.91640  -65.88092    19.4213   4.927550    36.5946     63.577     64.038    19.4215   4.927560    36.5945     0.3902 2.0097e-02     0.0422    98.9511      97.98    217.478     4.9969 8.9202e+02          1         28 0.0000e+00
   32.91640  -65.88092    19.4283   4.928240    36.5944     62.538     62.992    19.4264   4.928098    36.5949     0.3313 2.8039e-02     0.0444    98.8961      25.23    216.536     4.9753 8.8925e+02          1         23 0.0000e+00
   32.91640  -65.88092    19.4329   4.928674    36.5943     61.465     61.910    19.4308   4.928539    36.5951     0.3446 3.1766e-02     0.0470    98.8310      98.71    217.368     4.9944 8.8610e+02          1         38 0.0000e+00
   32.91640  -65.88092    19.4277   4.928126    36.5947     60.789     61.230    19.4280   4.928223    36.5953     0.3318 4.2290e-02     0.0442    98.8998      67.92    218.148     5.0123 8.8715e+02          1         86 0.0000e+00
   32.91640  -65.88090    19.4339   4.928680    36.5943     59.584     60.015    19.4346   4.928798    36.5946     0.3206 3.6177e-02     0.0474    98.8206      98.71    217.864     5.0057 8.8668e+02          1         32 0.0000e+00
   32.91640  -65.88090    19.4403   4.929307    36.5942     58.564     58.988    19.4378   4.929094    36.5947     0.3323 1.8555e-02     0.0457    98.8625      98.70    217.759     5.0033 8.8483e+02          1         33 0.0000e+00
   32.91640  -65.88090    19.4435   4.929619    36.5944     57.532     57.948    19.4430   4.929627    36.5949     0.3403 2.6680e-02     0.0479    98.8105      98.71    218.316     5.0161 8.8334e+02          1         45 0.0000e+00
