Data/ruptures/KN207-01/QL-2/20701072.cnv
* Sea-Bird SBE 9 Data File:
* FileName = C:\Data\ctd\20701072.hex
* Software Version Seasave V 7.21e
* Temperature SN = 4406
* Conductivity SN = 1474
* Number of Bytes Per Scan = 40
* Number of Voltage Words = 5
* Number of Scans Averaged by the Deck Unit = 1
* NMEA Latitude = 32 59.77 N
* NMEA Longitude = 065 44.47 W
* NMEA UTC (Time) = May 01 2012 23:55:11
** R/V Knorr Cruise # KN207-01 QL 2
** Chief Scientist: Ben Van Mooy
# nquan = 21
# nvalues = 397                         
# units = specified
# name 0 = latitude: Latitude [deg]
# name 1 = longitude: Longitude [deg]
# name 2 = t090C: Temperature [ITS-90, deg C]
# name 3 = c0S/m: Conductivity [S/m]
# name 4 = sal00: Salinity, Practical [PSU]
# name 5 = depSM: Depth [salt water, m]
# name 6 = prDM: Pressure, Digiquartz [db]
# name 7 = t190C: Temperature, 2 [ITS-90, deg C]
# name 8 = c1S/m: Conductivity, 2 [S/m]
# name 9 = sal11: Salinity, Practical, 2 [PSU]
# name 10 = flECO-AFL: Fluorescence, WET Labs ECO-AFL/FL [mg/m^3]
# name 11 = par: PAR/Irradiance, Biospherical/Licor
# name 12 = bat: Beam Attenuation, Chelsea/Seatech [1/m]
# name 13 = xmiss: Beam Transmission, Chelsea/Seatech [%]
# name 14 = altM: Altimeter [m]
# name 15 = sbeox0Mm/Kg: Oxygen, SBE 43 [umol/kg]
# name 16 = sbeox0ML/L: Oxygen, SBE 43 [ml/l]
# name 17 = spar: SPAR/Surface Irradiance
# name 18 = pumps: Pump Status
# name 19 = nbin: number of scans per bin
# name 20 = flag: flag
# span 0 =   32.99620,   32.99710       
# span 1 =  -65.74126,  -65.74120       
# span 2 =    19.3349,    20.4856       
# span 3 =   4.924077,   5.040071       
# span 4 =    36.5899,    36.6166       
# span 5 =      3.031,    199.460       
# span 6 =      3.053,    200.974       
# span 7 =    19.3344,    20.4841       
# span 8 =   4.924162,   5.039898       
# span 9 =    36.5846,    36.6175       
# span 10 =     0.0355,     0.6848      
# span 11 = 1.0000e-12, 1.0000e-12      
# span 12 =    -0.0060,     0.0807      
# span 13 =    98.0024,   100.1510      
# span 14 =      16.44,      98.79      
# span 15 =    211.471,    223.834      
# span 16 =     4.8590,     5.1428      
# span 17 = 1.3885e+01, 1.5615e+01      
# span 18 =          1,          1      
# span 19 =         13,        421      
# span 20 = 0.0000e+00, 0.0000e+00      
# interval = decibars: 1                
# start_time = May 01 2012 23:55:11 [NMEA time, header]
# bad_flag = -9.990e-29
*END*
[from data line 69]
   32.99638  -65.74124    19.4346   4.929018    36.5926     71.439     71.959    19.4343   4.929174    36.5941     0.3208 1.0000e-12     0.0646    98.3984      95.63    220.198     5.0594 1.4479e+01          1         55 0.0000e+00
   32.99638  -65.74124    19.4311   4.928686    36.5925     72.491     73.019    19.4306   4.928865    36.5944     0.3507 1.0000e-12     0.0620    98.4607      98.61    219.766     5.0495 1.4585e+01          1         39 0.0000e+00
   32.99638  -65.74124    19.4273   4.928342    36.5926     73.467     74.002    19.4272   4.928528    36.5942     0.3464 1.0000e-12     0.0658    98.3681      98.61    219.573     5.0450 1.4469e+01          1         37 0.0000e+00
   32.99640  -65.74124    19.4272   4.928387    36.5927     74.442     74.984    19.4271   4.928559    36.5942     0.3476 1.0000e-12     0.0626    98.4471      98.61    220.008     5.0550 1.4438e+01          1         36 0.0000e+00
   32.99640  -65.74124    19.4270   4.928407    36.5925     75.534     76.084    19.4268   4.928566    36.5940     0.3755 1.0000e-12     0.0641    98.4104      98.61    219.790     5.0500 1.4547e+01          1         71 0.0000e+00
   32.99640  -65.74124    19.4244   4.928158    36.5924     76.347     76.904    19.4243   4.928360    36.5941     0.4056 1.0000e-12     0.0606    98.4972      98.61    219.296     5.0387 1.4321e+01          1         50 0.0000e+00
   32.99640  -65.74124    19.4206   4.927821    36.5925     77.431     77.995    19.4206   4.927997    36.5940     0.3649 1.0000e-12     0.0618    98.4676      98.61    220.028     5.0555 1.4555e+01          1         40 0.0000e+00
   32.99640  -65.74124    19.4190   4.927696    36.5925     78.422     78.994    19.4190   4.927871    36.5940     0.3676 1.0000e-12     0.0593    98.5280      98.61    219.183     5.0361 1.4332e+01          1         40 0.0000e+00
   32.99640  -65.74124    19.4175   4.927585    36.5925     79.392     79.971    19.4175   4.927764    36.5940     0.3724 1.0000e-12     0.0614    98.4777      98.61    219.478     5.0428 1.4500e+01          1         34 0.0000e+00
   32.99640  -65.74124    19.4168   4.927535    36.5923     80.486     81.073    19.4168   4.927715    36.5938     0.3925 1.0000e-12     0.0609    98.4895      98.61    219.212     5.0367 1.4633e+01          1         50 0.0000e+00
   32.99641  -65.74124    19.4166   4.927560    36.5923     81.270     81.863    19.4164   4.927720    36.5938     0.4373 1.0000e-12     0.0604    98.5023      98.61    218.708     5.0252 1.4613e+01          1         69 0.0000e+00
   32.99642  -65.74124    19.4148   4.927432    36.5923     82.387     82.989    19.4148   4.927613    36.5939     0.4227 1.0000e-12     0.0625    98.4498      98.61    218.794     5.0271 1.4579e+01          1         28 0.0000e+00
   32.99642  -65.74124    19.4127   4.927256    36.5923     83.462     84.072    19.4127   4.927437    36.5938     0.4248 1.0000e-12     0.0620    98.4613      98.61    219.314     5.0391 1.4474e+01          1         43 0.0000e+00
   32.99642  -65.74124    19.4110   4.927104    36.5923     84.307     84.923    19.4104   4.927223    36.5938     0.4770 1.0000e-12     0.0626    98.4480      80.07    218.712     5.0253 1.4601e+01          1         66 0.0000e+00
   32.99642  -65.74124    19.4072   4.926784    36.5926     85.343     85.966    19.4072   4.926948    36.5940     0.4635 1.0000e-12     0.0610    98.4870      98.61    218.767     5.0265 1.4466e+01          1         33 0.0000e+00
   32.99642  -65.74124    19.4062   4.926683    36.5922     86.411     87.043    19.4062   4.926887    36.5939     0.4871 1.0000e-12     0.0605    98.5006      98.62    218.053     5.0101 1.4190e+01          1         36 0.0000e+00
   32.99642  -65.74124    19.4059   4.926712    36.5923     87.347     87.986    19.4058   4.926886    36.5938     0.5300 1.0000e-12     0.0604    98.5005      98.62    217.944     5.0076 1.4500e+01          1         58 0.0000e+00
   32.99642  -65.74124    19.4054   4.926717    36.5924     88.373     89.019    19.4054   4.926890    36.5938     0.5246 1.0000e-12     0.0615    98.4742      98.61    218.381     5.0177 1.4257e+01          1         46 0.0000e+00
   32.99644  -65.74124    19.4048   4.926696    36.5923     89.363     90.017    19.4048   4.926866    36.5938     0.5345 1.0000e-12     0.0597    98.5186      98.61    217.760     5.0034 1.4395e+01          1         64 0.0000e+00
   32.99644  -65.74124    19.4042   4.926676    36.5923     90.301     90.963    19.4041   4.926842    36.5938     0.5381 1.0000e-12     0.0590    98.5362      98.61    218.193     5.0133 1.4288e+01          1         37 0.0000e+00
   32.99644  -65.74124    19.4028   4.926534    36.5920     91.350     92.019    19.4030   4.926746    36.5936     0.5195 1.0000e-12     0.0590    98.5357      98.61    217.608     4.9999 1.4574e+01          1         30 0.0000e+00
   32.99644  -65.74124    19.4008   4.926374    36.5920     92.410     93.087    19.4009   4.926568    36.5936     0.5537 1.0000e-12     0.0591    98.5343      98.61    217.519     4.9979 1.4340e+01          1         42 0.0000e+00
   32.99644  -65.74124    19.3998   4.926306    36.5920     93.215     93.898    19.4013   4.926628    36.5934     0.6744 1.0000e-12     0.0606    98.4964      98.62    217.062     4.9874 1.4588e+01          1         76 0.0000e+00
   32.99646  -65.74124    19.3992   4.926390    36.5928     94.257     94.948    19.3992   4.926560    36.5943     0.5910 1.0000e-12     0.0611    98.4835      98.61    216.856     4.9826 1.4685e+01          1         36 0.0000e+00
   32.99646  -65.74124    19.3994   4.926464    36.5929     95.313     96.012    19.3993   4.926620    36.5942     0.5322 1.0000e-12     0.0515    98.7209      98.61    217.728     5.0027 1.4468e+01          1         35 0.0000e+00
   32.99646  -65.74124    19.3993   4.926514    36.5930     96.290     96.996    19.3994   4.926681    36.5943     0.5740 1.0000e-12     0.0482    98.8031      98.61    217.648     5.0008 1.4053e+01          1         50 0.0000e+00
   32.99646  -65.74124    19.3981   4.926429    36.5930     97.315     98.029    19.3982   4.926605    36.5944     0.5651 1.0000e-12     0.0434    98.9204      98.62    218.159     5.0126 1.3885e+01          1         49 0.0000e+00
   32.99646  -65.74124    19.3960   4.926263    36.5930     98.304     99.026    19.3960   4.926428    36.5944     0.5887 1.0000e-12     0.0408    98.9841      98.62    217.377     4.9946 1.4450e+01          1         67 0.0000e+00
   32.99646  -65.74124    19.3951   4.926210    36.5931     99.188     99.917    19.3950   4.926373    36.5945     0.5700 1.0000e-12     0.0390    99.0299      98.61    217.321     4.9933 1.4500e+01          1         40 0.0000e+00
   32.99646  -65.74124    19.3941   4.926162    36.5931    100.260    100.997    19.3941   4.926327    36.5945     0.5244 1.0000e-12     0.0376    99.0642      98.62    217.396     4.9950 1.4461e+01          1         29 0.0000e+00
   32.99646  -65.74124    19.3931   4.926078    36.5929    101.327    102.072    19.3931   4.926263    36.5945     0.5035 1.0000e-12     0.0351    99.1263      98.62    217.148     4.9893 1.4363e+01          1         41 0.0000e+00
   32.99648  -65.74124    19.3925   4.926067    36.5930    102.189    102.940    19.3926   4.926239    36.5944     0.6094 1.0000e-12     0.0339    99.1558      98.62    216.834     4.9821 1.4871e+01          1         66 0.0000e+00
   32.99648  -65.74124    19.3915   4.926019    36.5931    103.226    103.985    19.3915   4.926174    36.5945     0.5133 1.0000e-12     0.0363    99.0969      98.62    217.143     4.9892 1.4696e+01          1         34 0.0000e+00
   32.99648  -65.74124    19.3914   4.926036    36.5929    104.232    104.999    19.3914   4.926205    36.5944     0.5002 1.0000e-12     0.0319    99.2065      98.62    217.151     4.9894 1.4320e+01          1         31 0.0000e+00
   32.99648  -65.74124    19.3910   4.926055    36.5931    105.233    106.007    19.3910   4.926215    36.5944     0.4930 1.0000e-12     0.0315    99.2156      98.62    217.155     4.9895 1.4303e+01          1         34 0.0000e+00
   32.99648  -65.74124    19.3910   4.926091    36.5930    106.197    106.979    19.3909   4.926254    36.5945     0.5343 1.0000e-12     0.0320    99.2040      98.62    216.455     4.9734 1.4176e+01          1         31 0.0000e+00
   32.99648  -65.74124    19.3899   4.926034    36.5931    107.168    107.957    19.3899   4.926203    36.5945     0.4904 1.0000e-12     0.0303    99.2458      98.61    216.080     4.9648 1.4500e+01          1         28 0.0000e+00
   32.99648  -65.74124    19.3895   4.926039    36.5931    108.208    109.005    19.3895   4.926204    36.5945     0.4809 1.0000e-12     0.0351    99.1260      98.62    216.449     4.9733 1.4187e+01          1         25 0.0000e+00
   32.99650  -65.74124    19.3887   4.925997    36.5931    109.211    110.016    19.3886   4.926169    36.5946     0.5148 1.0000e-12     0.0295    99.2643      98.62    215.703     4.9562 1.4221e+01          1         24 0.0000e+00
   32.99650  -65.74124    19.3878   4.925953    36.5931    110.181    110.993    19.3878   4.926115    36.5945     0.5060 1.0000e-12     0.0302    99.2472      98.62    215.992     4.9628 1.4314e+01          1         24 0.0000e+00
   32.99650  -65.74124    19.3877   4.925972    36.5931    111.170    111.989    19.3877   4.926148    36.5945     0.4950 1.0000e-12     0.0285    99.2906      98.62    216.593     4.9766 1.4645e+01          1         23 0.0000e+00
   32.99650  -65.74124    19.3878   4.926032    36.5931    112.126    112.953    19.3877   4.926197    36.5945     0.4956 1.0000e-12     0.0271    99.3254      98.62    216.602     4.9768 1.4407e+01          1         24 0.0000e+00
   32.99650  -65.74124    19.3877   4.926074    36.5931    113.171    114.006    19.3876   4.926234    36.5945     0.5085 1.0000e-12     0.0268    99.3323      98.62    216.216     4.9680 1.4376e+01          1         27 0.0000e+00
   32.99650  -65.74124    19.3871   4.926050    36.5931    114.176    115.019    19.3870   4.926207    36.5945     0.5058 1.0000e-12     0.0260    99.3541      98.61    215.852     4.9596 1.4500e+01          1         30 0.0000e+00
   32.99650  -65.74124    19.3860   4.925964    36.5930    115.110    115.960    19.3858   4.926126    36.5945     0.5405 1.0000e-12     0.0273    99.3199      98.63    215.580     4.9533 1.4293e+01          1         27 0.0000e+00
   32.99650  -65.74124    19.3849   4.925909    36.5931    116.094    116.951    19.3849   4.926077    36.5945     0.4814 1.0000e-12     0.0250    99.3777      98.62    215.766     4.9576 1.4234e+01          1         21 0.0000e+00
   32.99650  -65.74124    19.3849   4.925934    36.5930    117.126    117.991    19.3848   4.926111    36.5945     0.4811 1.0000e-12     0.0269    99.3299      98.62    215.854     4.9596 1.4340e+01          1         21 0.0000e+00
   32.99650  -65.74124    19.3840   4.925889    36.5930    118.135    119.008    19.3839   4.926062    36.5945     0.4911 1.0000e-12     0.0292    99.2732      98.62    215.533     4.9523 1.5119e+01          1         18 0.0000e+00
   32.99652  -65.74122    19.3830   4.925824    36.5929    119.111    119.992    19.3829   4.925994    36.5944     0.4954 1.0000e-12     0.0277    99.3096      98.63    215.297     4.9469 1.4354e+01          1         23 0.0000e+00
   32.99652  -65.74122    19.3824   4.925783    36.5928    120.104    120.992    19.3824   4.925967    36.5943     0.5105 1.0000e-12     0.0267    99.3357      98.62    214.769     4.9347 1.4276e+01          1         25 0.0000e+00
   32.99652  -65.74122    19.3823   4.925837    36.5929    121.100    121.996    19.3824   4.926006    36.5942     0.5245 1.0000e-12     0.0254    99.3680      98.62    214.555     4.9298 1.4328e+01          1         26 0.0000e+00
   32.99652  -65.74122    19.3817   4.925817    36.5929    122.100    123.004    19.3817   4.925986    36.5943     0.5284 1.0000e-12     0.0245    99.3892      98.62    214.599     4.9308 1.4455e+01          1         25 0.0000e+00
   32.99652  -65.74122    19.3813   4.925808    36.5928    123.099    124.010    19.3813   4.925984    36.5943     0.5055 1.0000e-12     0.0252    99.3709      98.62    214.890     4.9375 1.4461e+01          1         29 0.0000e+00
   32.99652  -65.74124    19.3811   4.925836    36.5928    124.061    124.980    19.3811   4.926003    36.5942     0.5002 1.0000e-12     0.0244    99.3922      98.62    214.663     4.9323 1.4384e+01          1         29 0.0000e+00
   32.99652  -65.74124    19.3811   4.925874    36.5928    125.014    125.940    19.3810   4.926033    36.5941     0.4625 1.0000e-12     0.0235    99.4158      98.62    214.258     4.9230 1.4548e+01          1         23 0.0000e+00
   32.99652  -65.74124    19.3809   4.925907    36.5928    126.028    126.961    19.3808   4.926068    36.5942     0.4291 1.0000e-12     0.0251    99.3752      98.62    214.514     4.9289 1.4128e+01          1         21 0.0000e+00
   32.99652  -65.74124    19.3810   4.925965    36.5929    127.089    128.031    19.3809   4.926141    36.5943     0.4048 1.0000e-12     0.0200    99.5017      98.62    214.878     4.9372 1.4995e+01          1         18 0.0000e+00
   32.99652  -65.74124    19.3804   4.925929    36.5927    128.098    129.048    19.3803   4.926117    36.5944     0.4121 1.0000e-12     0.0175    99.5646      98.62    214.759     4.9345 1.4747e+01          1         18 0.0000e+00
   32.99653  -65.74124    19.3798   4.925923    36.5928    129.068    130.025    19.3797   4.926095    36.5943     0.4197 1.0000e-12     0.0180    99.5516      98.62    214.176     4.9211 1.4128e+01          1         21 0.0000e+00
   32.99654  -65.74124    19.3798   4.925967    36.5927    130.066    131.031    19.3798   4.926126    36.5941     0.3839 1.0000e-12     0.0192    99.5210      98.62    213.912     4.9150 1.4206e+01          1         38 0.0000e+00
   32.99654  -65.74124    19.3797   4.926001    36.5928    130.981    131.954    19.3797   4.926158    36.5941     0.4087 1.0000e-12     0.0189    99.5280      98.62    213.899     4.9147 1.4531e+01          1         35 0.0000e+00
   32.99654  -65.74124    19.3797   4.926065    36.5929    132.000    132.981    19.3797   4.926221    36.5942     0.3900 1.0000e-12     0.0172    99.5717      98.62    213.017     4.8945 1.4276e+01          1         20 0.0000e+00
   32.99654  -65.74124    19.3797   4.926080    36.5927    132.975    133.963    19.3797   4.926266    36.5942     0.3762 1.0000e-12     0.0170    99.5766      98.62    213.287     4.9007 1.4778e+01          1         16 0.0000e+00
   32.99654  -65.74122    19.3792   4.926076    36.5927    133.997    134.992    19.3790   4.926250    36.5943     0.4047 1.0000e-12     0.0176    99.5604      98.63    214.155     4.9206 1.4171e+01          1         17 0.0000e+00
   32.99654  -65.74122    19.3788   4.926085    36.5927    135.008    136.012    19.3787   4.926249    36.5942     0.4199 1.0000e-12     0.0146    99.6360      98.62    214.585     4.9305 1.4441e+01          1         19 0.0000e+00
   32.99654  -65.74122    19.3786   4.926096    36.5927    136.025    137.036    19.3785   4.926260    36.5940     0.3973 1.0000e-12     0.0165    99.5901      98.62    214.216     4.9220 1.4659e+01          1         28 0.0000e+00
   32.99654  -65.74122    19.3785   4.926122    36.5926    136.967    137.985    19.3785   4.926293    36.5940     0.4029 1.0000e-12     0.0156    99.6120      98.62    214.223     4.9222 1.4535e+01          1         31 0.0000e+00
   32.99655  -65.74123    19.3784   4.926169    36.5927    137.937    138.963    19.3785   4.926335    36.5940     0.4174 1.0000e-12     0.0144    99.6420      98.61    214.149     4.9205 1.4500e+01          1         30 0.0000e+00
