Data/ruptures/KN207-01/QL-2/20701058.cnv
* Sea-Bird SBE 9 Data File:
* FileName = C:\Data\ctd\20701058.hex
* Software Version Seasave V 7.21e
* Temperature SN = 4406
* Conductivity SN = 1474
* Number of Bytes Per Scan = 40
* Number of Voltage Words = 5
* Number of Scans Averaged by the Deck Unit = 1
* NMEA Latitude = 32 55.71 N
* NMEA Longitude = 065 53.74 W
* NMEA UTC (Time) = Apr 30 2012 12:07:11
** R/V Knorr Cruise # KN207-01 QL 2
** Chief Scientist: Ben Van Mooy
# nquan = 21
# nvalues = 398                         
# units = specified
# name 0 = latitude: Latitude [deg]
# name 1 = longitude: Longitude [deg]
# name 2 = t090C: Temperature [ITS-90, deg C]
# name 3 = c0S/m: Conductivity [S/m]
# name 4 = sal00: Salinity, Practical [PSU]
# name 5 = depSM: Depth [salt water, m]
# name 6 = prDM: Pressure, Digiquartz [db]
# name 7 = t190C: Temperature, 2 [ITS-90, deg C]
# name 8 = c1S/m: Conductivity, 2 [S/m]
# name 9 = sal11: Salinity, Practical, 2 [PSU]
# name 10 = flECO-AFL: Fluorescence, WET Labs ECO-AFL/FL [mg/m^3]
# name 11 = par: PAR/Irradiance, Biospherical/Licor
# name 12 = bat: Beam Attenuation, Chelsea/Seatech [1/m]
# name 13 = xmiss: Beam Transmission, Chelsea/Seatech [%]
# name 14 = altM: Altimeter [m]
# name 15 = sbeox0Mm/Kg: Oxygen, SBE 43 [umol/kg]
# name 16 = sbeox0ML/L: Oxygen, SBE 43 [ml/l]
# name 17 = spar: SPAR/Surface Irradiance
# name 18 = pumps: Pump Status
# name 19 = nbin: number of scans per bin
# name 20 = flag: flag
# span 0 =   32.92766,   32.92865       
# span 1 =  -65.89612,  -65.89566       
# span 2 =    18.0213,    20.4403       
# span 3 =   4.575063,   5.031519       
# span 4 =    32.9146,    36.9779       
# span 5 =      3.426,    200.187       
# span 6 =      3.450,    201.706       
# span 7 =    18.0218,    20.4355       
# span 8 =   4.777993,   5.031600       
# span 9 =    34.8624,    36.9667       
# span 10 =     0.0031,     0.9289      
# span 11 = 1.0000e-12, 5.3208e-02      
# span 12 =    -0.0089,     0.0774      
# span 13 =    98.0848,   100.2231      
# span 14 =       0.96,      98.86      
# span 15 =    136.557,    380.996      
# span 16 =     3.1384,     8.7506      
# span 17 = 3.0399e+02, 1.9171e+03      
# span 18 =          1,          1      
# span 19 =         18,       1041      
# span 20 = 0.0000e+00, 0.0000e+00      
# interval = decibars: 1                
# start_time = Apr 30 2012 12:07:11 [NMEA time, header]
# bad_flag = -9.990e-29
*END*
   32.92865  -65.89573    20.4016   4.575063    32.9146      4.084      4.113    20.4059   4.816346    34.8624     0.1177 1.0000e-12     0.0556    98.6192      36.15    302.801     6.9365 3.0399e+02          1        529 0.0000e+00
   32.92862  -65.89572    20.4129   4.873623    35.3225      4.872      4.907    20.4134   4.948098    35.9286     0.1120 1.0000e-12     0.0562    98.6050      98.64    308.015     7.0686 3.1490e+02          1         93 0.0000e+00
   32.92862  -65.89570    20.4160   4.969666    36.1019      5.941      5.984    20.4156   5.001565    36.3630     0.1262 1.0000e-12     0.0570    98.5847      36.04    325.546     7.4753 3.1699e+02          1         66 0.0000e+00
   32.92862  -65.89570    20.4309   4.982202    36.1910      6.938      6.988    20.4238   5.012885    36.4480     0.1130 1.0000e-12     0.0567    98.5923      48.74    344.879     7.9197 3.1955e+02          1         55 0.0000e+00
   32.92860  -65.89570    20.4356   4.999377    36.3269      7.950      8.007    20.4253   5.017573    36.4847     0.1172 1.0000e-12     0.0565    98.5957      77.32    365.730     8.3993 3.2117e+02          1         60 0.0000e+00
   32.92860  -65.89570    20.4211   5.010687    36.4319      8.920      8.984    20.4174   5.021455    36.5231     0.1266 1.0000e-12     0.0558    98.6148      98.65    380.996     8.7506 3.2182e+02          1         51 0.0000e+00
   32.92860  -65.89570    20.4244   5.013649    36.4528      9.922      9.993    20.4229   5.021710    36.5200     0.1114 1.0000e-12     0.0563    98.6034      98.65    270.259     6.2073 3.2429e+02          1         47 0.0000e+00
   32.92860  -65.89570    20.4402   5.011963    36.4247     10.942     11.020    20.4355   5.024463    36.5310     0.1193 1.0000e-12     0.0568    98.5891      98.65    210.683     4.8389 3.2586e+02          1         47 0.0000e+00
   32.92859  -65.89570    20.4403   5.012169    36.4260     11.917     12.002    20.4316   5.024038    36.5307     0.2380 1.0000e-12     0.0570    98.5857      98.64    197.982     4.5472 3.2655e+02          1         56 0.0000e+00
   32.92858  -65.89570    20.4284   5.014867    36.4584     12.902     12.994    20.4237   5.027406    36.5649     0.1690 1.0000e-12     0.0562    98.6040      98.65    181.804     4.1757 3.2780e+02          1         41 0.0000e+00
   32.92858  -65.89570    20.4278   5.019819    36.4990     13.920     14.019    20.4280   5.027208    36.5591     0.1230 1.0000e-12     0.0587    98.5440      98.65    176.038     4.0434 3.2991e+02          1         48 0.0000e+00
   32.92858  -65.89568    20.4285   5.020914    36.5070     14.854     14.959    20.4269   5.027887    36.5653     0.1140 1.0000e-12     0.0558    98.6136      98.65    185.693     4.2652 3.3064e+02          1         53 0.0000e+00
   32.92858  -65.89568    20.4144   5.021204    36.5214     15.895     16.008    20.4098   5.028697    36.5867     0.1119 1.0000e-12     0.0555    98.6223      98.65    186.781     4.2902 3.3214e+02          1         39 0.0000e+00
   32.92858  -65.89568    20.4120   5.022525    36.5339     16.907     17.028    20.4102   5.027170    36.5734     0.1167 1.0000e-12     0.0563    98.6028      98.65    175.685     4.0354 3.3308e+02          1         47 0.0000e+00
   32.92858  -65.89568    20.4026   5.022612    36.5425     17.868     17.995    20.3971   5.028015    36.5915     0.1121 1.0000e-12     0.0566    98.5951      98.65    159.930     3.6736 3.3464e+02          1         59 0.0000e+00
   32.92858  -65.89568    20.3795   5.021843    36.5563     18.819     18.954    20.3671   5.028533    36.6219     0.1095 1.0000e-12     0.0563    98.6035      98.65    151.637     3.4831 3.3584e+02          1         43 0.0000e+00
   32.92856  -65.89568    20.3613   5.021966    36.5728     19.883     20.025    20.3325   5.027218    36.6414     0.1249 1.0000e-12     0.0572    98.5800      98.65    148.545     3.4122 3.3694e+02          1         39 0.0000e+00
   32.92856  -65.89568    20.3241   5.022202    36.6072     20.872     21.021    20.3278   5.021493    36.5979     0.1149 1.0000e-12     0.0596    98.5222      98.65    146.671     3.3692 3.3810e+02          1         49 0.0000e+00
   32.92856  -65.89568    20.2786   5.021914    36.6446     21.820     21.976    20.2987   5.022335    36.6300     0.1176 1.0000e-12     0.0585    98.5477      98.64    148.185     3.4041 3.3915e+02          1         51 0.0000e+00
   32.92856  -65.89568    20.2601   5.021391    36.6558     22.834     22.998    20.2560   5.024960    36.6888     0.1217 1.0000e-12     0.0571    98.5831      81.67    147.004     3.3771 3.4084e+02          1         45 0.0000e+00
   32.92856  -65.89568    20.2473   5.020885    36.6622     23.848     24.018    20.2389   5.025769    36.7098     0.1191 1.0000e-12     0.0577    98.5675      89.78    145.831     3.3501 3.4134e+02          1         46 0.0000e+00
   32.92854  -65.89568    20.2317   5.020331    36.6708     24.764     24.941    20.2293   5.024778    36.7094     0.1268 1.0000e-12     0.0578    98.5659      98.65    147.405     3.3863 3.4272e+02          1         56 0.0000e+00
   32.92854  -65.89568    20.2260   5.019696    36.6699     25.812     25.997    20.2176   5.020213    36.6815     0.1273 1.0000e-12     0.0578    98.5656      98.65    150.554     3.4587 3.4377e+02          1         36 0.0000e+00
   32.92854  -65.89568    20.2009   5.016571    36.6657     26.951     27.144    20.1953   5.018211    36.6842     0.1251 1.0000e-12     0.0581    98.5575      98.65    142.065     3.2637 3.4462e+02          1         67 0.0000e+00
   32.92854  -65.89568    20.1906   5.013748    36.6510     27.686     27.884    20.1921   5.016823    36.6748     0.1187 1.0000e-12     0.0584    98.5515      98.65    139.955     3.2152 3.4601e+02          1         43 0.0000e+00
   32.92854  -65.89568    20.1743   5.011395    36.6455     28.793     28.999    20.1787   5.014123    36.6640     0.1335 1.0000e-12     0.0592    98.5296      98.65    150.409     3.4553 3.4724e+02          1         27 0.0000e+00
   32.92853  -65.89568    20.1540   5.010468    36.6553     29.889     30.103    20.1560   5.013288    36.6767     0.1169 1.0000e-12     0.0589    98.5392      98.65    158.460     3.6403 3.4750e+02          1         42 0.0000e+00
   32.92852  -65.89568    20.1535   5.010862    36.6583     30.557     30.776    20.1571   5.013919    36.6802     0.1307 1.0000e-12     0.0581    98.5573      98.65    158.759     3.6472 3.4792e+02          1         78 0.0000e+00
   32.92852  -65.89567    20.1501   5.009267    36.6474     31.800     32.028    20.1504   5.011894    36.6688     0.1289 1.0000e-12     0.0581    98.5578      98.65    155.967     3.5830 3.4925e+02          1         35 0.0000e+00
   32.92852  -65.89566    20.1456   5.008431    36.6440     32.802     33.037    20.1457   5.011399    36.6684     0.1275 1.0000e-12     0.0612    98.4825      83.09    153.605     3.5288 3.5029e+02          1         54 0.0000e+00
   32.92852  -65.89566    20.1427   5.007843    36.6412     33.762     34.005    20.1425   5.010499    36.6632     0.1372 1.0000e-12     0.0609    98.4888      81.79    148.412     3.4095 3.5099e+02          1         40 0.0000e+00
   32.92852  -65.89566    20.1385   5.007296    36.6399     34.747     34.997    20.1382   5.009977    36.6623     0.1313 1.0000e-12     0.0634    98.4273      98.65    149.172     3.4269 3.5235e+02          1         50 0.0000e+00
   32.92852  -65.89566    20.1342   5.006794    36.6391     35.754     36.011    20.1345   5.009090    36.6578     0.1527 1.0000e-12     0.0769    98.0971      98.65    147.478     3.3880 3.5269e+02          1         44 0.0000e+00
   32.92851  -65.89566    20.1290   5.006242    36.6387     36.749     37.013    20.1290   5.008968    36.6611     0.1595 1.0000e-12     0.0602    98.5075      98.65    145.653     3.3461 3.5308e+02          1         59 0.0000e+00
   32.92850  -65.89566    20.1220   5.005259    36.6364     37.718     37.989    20.1232   5.008308    36.6604     0.1631 1.0000e-12     0.0623    98.4546      98.65    142.860     3.2819 3.5408e+02          1         45 0.0000e+00
   32.92850  -65.89566    20.1093   5.004946    36.6446     38.734     39.013    20.1125   5.007889    36.6660     0.1582 1.0000e-12     0.0638    98.4179      98.45    140.919     3.2374 3.5477e+02          1         44 0.0000e+00
   32.92850  -65.89566    20.0895   5.004603    36.6589     39.671     39.957    20.0887   5.007491    36.6835     0.1526 1.0000e-12     0.0647    98.3941      95.76    141.369     3.2478 3.5502e+02          1         45 0.0000e+00
   32.92850  -65.89566    20.0108   5.003621    36.7206     40.742     41.035    20.0183   5.006980    36.7417     0.1915 1.0000e-12     0.0669    98.3425      73.79    145.143     3.3347 3.5533e+02          1         47 0.0000e+00
   32.92850  -65.89566    19.9677   5.002860    36.7520     41.632     41.932    19.9639   5.006575    36.7861     0.1946 1.0000e-12     0.0673    98.3326      77.95    146.097     3.3567 3.5668e+02          1         61 0.0000e+00
   32.92850  -65.89566    19.9323   5.001856    36.7744     42.685     42.993    19.9358   5.004909    36.7965     0.1869 1.0000e-12     0.0669    98.3401      98.65    144.891     3.3291 3.5697e+02          1         34 0.0000e+00
   32.92850  -65.89566    19.9090   5.000328    36.7816     43.771     44.086    19.9127   5.004007    36.8088     0.1992 1.0000e-12     0.0678    98.3208      98.65    145.501     3.3432 3.5690e+02          1         49 0.0000e+00
   32.92848  -65.89566    19.8860   4.998732    36.7881     44.626     44.947    19.8888   5.002385    36.8158     0.2899 1.0000e-12     0.0669    98.3406      98.65    143.050     3.2869 3.5734e+02          1         56 0.0000e+00
   32.92848  -65.89566    19.7889   4.996379    36.8551     45.633     45.962    19.7928   5.000211    36.8835     0.2060 1.0000e-12     0.0664    98.3532      98.65    141.521     3.2520 3.5842e+02          1         41 0.0000e+00
   32.92848  -65.89566    19.7011   4.994366    36.9164     46.672     47.009    19.6981   4.998086    36.9502     0.2104 1.0000e-12     0.0665    98.3526      98.65    141.934     3.2617 3.5869e+02          1         41 0.0000e+00
   32.92848  -65.89566    19.6602   4.992486    36.9361     47.720     48.064    19.6716   4.996532    36.9596     0.2153 1.0000e-12     0.0619    98.4648      98.65    143.161     3.2900 3.5870e+02          1         57 0.0000e+00
   32.92848  -65.89566    19.6346   4.990720    36.9430     48.616     48.967    19.6406   4.994213    36.9667     0.2217 1.0000e-12     0.0626    98.4478      98.65    143.103     3.2887 3.5944e+02          1         50 0.0000e+00
   32.92846  -65.89566    19.5850   4.988748    36.9703     49.675     50.034    19.5846   4.986897    36.9553     0.2149 1.0000e-12     0.0623    98.4548      98.65    142.078     3.2652 3.5935e+02          1         40 0.0000e+00
   32.92846  -65.89566    19.5545   4.986515    36.9779     50.654     51.019    19.5501   4.965208    36.8043     0.2414 1.0000e-12     0.0646    98.3972      98.65    139.528     3.2067 3.5917e+02          1         58 0.0000e+00
   32.92846  -65.89566    19.5420   4.982943    36.9581     51.587     51.960    19.5344   4.949782    36.6885     0.2499 1.0000e-12     0.0641    98.4109      98.65    136.557     3.1384 3.6013e+02          1         38 0.0000e+00
   32.92846  -65.89566    19.5330   4.978437    36.9277     52.650     53.030    19.5303   4.944969    36.6510     0.2507 1.0000e-12     0.0669    98.3426      94.77    136.694     3.1414 3.6098e+02          1         35 0.0000e+00
   32.92846  -65.89566    19.5296   4.958610    36.7643     53.585     53.972    19.5302   4.941976    36.6250     0.2573 1.0000e-12     0.0650    98.3883      96.30    147.130     3.3809 3.6058e+02          1         80 0.0000e+00
   32.92846  -65.89566    19.5211   4.946204    36.6676     54.601     54.996    19.5196   4.939597    36.6139     0.2471 1.0000e-12     0.0656    98.3736      46.70    172.647     3.9670 3.6112e+02          1         28 0.0000e+00
   32.92846  -65.89566    19.5059   4.942986    36.6538     55.611     56.013    19.5048   4.937639    36.6103     0.2260 1.0000e-12     0.0604    98.5020      94.46    189.749     4.3599 3.6136e+02          1         27 0.0000e+00
   32.92845  -65.89566    19.4920   4.938666    36.6295     56.682     57.092    19.4988   4.936016    36.6012     0.2639 1.0000e-12     0.0629    98.4389      77.32    205.534     4.7225 3.6139e+02          1         74 0.0000e+00
   32.92844  -65.89566    19.4844   4.936363    36.6164     57.485     57.901    19.4878   4.935230    36.6039     0.2572 1.0000e-12     0.0618    98.4656      98.66    207.734     4.7730 3.6149e+02          1         51 0.0000e+00
   32.92844  -65.89566    19.4633   4.933256    36.6087     58.579     59.003    19.4633   4.932366    36.6014     0.2515 1.0000e-12     0.0652    98.3820      98.65    207.584     4.7696 3.6150e+02          1         32 0.0000e+00
   32.92844  -65.89566    19.4576   4.931914    36.6020     59.648     60.080    19.4574   4.931632    36.5998     0.2527 1.0000e-12     0.0635    98.4247      98.65    212.558     4.8838 3.6149e+02          1         50 0.0000e+00
   32.92844  -65.89566    19.4560   4.931391    36.5984     60.456     60.894    19.4565   4.931503    36.5988     0.3075 1.0000e-12     0.0632    98.4314      98.66    216.500     4.9744 3.6262e+02          1         57 0.0000e+00
   32.92844  -65.89566    19.4520   4.930903    36.5973     61.555     62.001    19.4519   4.931064    36.5987     0.2630 1.0000e-12     0.0653    98.3814      98.65    215.649     4.9548 3.6295e+02          1         31 0.0000e+00
   32.92844  -65.89566    19.4448   4.930126    36.5967     62.616     63.070    19.4453   4.930343    36.5980     0.2557 1.0000e-12     0.0630    98.4365      98.65    216.364     4.9713 3.6254e+02          1         53 0.0000e+00
   32.92844  -65.89566    19.4371   4.929365    36.5967     63.447     63.907    19.4373   4.929571    36.5983     0.2812 1.0000e-12     0.0602    98.5075      98.66    215.139     4.9431 3.6282e+02          1         49 0.0000e+00
   32.92842  -65.89566    19.4307   4.928690    36.5963     64.567     65.036    19.4306   4.928761    36.5969     0.2647 1.0000e-12     0.0560    98.6091      98.65    215.466     4.9507 3.6366e+02          1         38 0.0000e+00
   32.92842  -65.89566    19.4285   4.928431    36.5955     65.539     66.014    19.4294   4.928570    36.5959     0.3000 1.0000e-12     0.0562    98.6058      98.65    215.194     4.9444 3.6360e+02          1         67 0.0000e+00
   32.92842  -65.89566    19.4256   4.928159    36.5954     66.460     66.943    19.4256   4.928209    36.5958     0.2965 1.0000e-12     0.0581    98.5584      98.65    214.907     4.9378 3.6348e+02          1         36 0.0000e+00
   32.92842  -65.89566    19.4244   4.928009    36.5947     67.516     68.007    19.4244   4.928109    36.5956     0.3006 1.0000e-12     0.0583    98.5522      98.65    214.993     4.9398 3.6366e+02          1         38 0.0000e+00
   32.92842  -65.89566    19.4243   4.927981    36.5941     68.476     68.974    19.4242   4.928103    36.5952     0.3357 1.0000e-12     0.0586    98.5448      98.65    216.072     4.9646 3.6521e+02          1         58 0.0000e+00
   32.92840  -65.89566    19.4228   4.927856    36.5939     69.493     69.998    19.4228   4.928010    36.5952     0.3256 1.0000e-12     0.0582    98.5557      98.66    216.117     4.9656 3.6491e+02          1         46 0.0000e+00
   32.92840  -65.89566    19.4196   4.927567    36.5939     70.499     71.012    19.4195   4.927707    36.5952     0.3205 1.0000e-12     0.0617    98.4696      98.65    217.262     4.9920 3.6399e+02          1         51 0.0000e+00
