Data/ruptures/KN207-01/QL-2/20701075.cnv
* Sea-Bird SBE 9 Data File:
* FileName = C:\Data\ctd\20701075.hex
* Software Version Seasave V 7.21e
* Temperature SN = 4406
* Conductivity SN = 1474
* Number of Bytes Per Scan = 40
* Number of Voltage Words = 5
* Number of Scans Averaged by the Deck Unit = 1
* NMEA Latitude = 33 04.75 N
* NMEA Longitude = 065 41.64 W
* NMEA UTC (Time) = May 02 2012 13:58:35
** R/V Knorr Cruise # KN207-01 QL 2
** Chief Scientist: Ben Van Mooy
# nquan = 21
# nvalues = 399                         
# units = specified
# name 0 = latitude: Latitude [deg]
# name 1 = longitude: Longitude [deg]
# name 2 = t090C: Temperature [ITS-90, deg C]
# name 3 = c0S/m: Conductivity [S/m]
# name 4 = sal00: Salinity, Practical [PSU]
# name 5 = depSM: Depth [salt water, m]
# name 6 = prDM: Pressure, Digiquartz [db]
# name 7 = t190C: Temperature, 2 [ITS-90, deg C]
# name 8 = c1S/m: Conductivity, 2 [S/m]
# name 9 = sal11: Salinity, Practical, 2 [PSU]
# name 10 = flECO-AFL: Fluorescence, WET Labs ECO-AFL/FL [mg/m^3]
# name 11 = par: PAR/Irradiance, Biospherical/Licor
# name 12 = bat: Beam Attenuation, Chelsea/Seatech [1/m]
# name 13 = xmiss: Beam Transmission, Chelsea/Seatech [%]
# name 14 = altM: Altimeter [m]
# name 15 = sbeox0Mm/Kg: Oxygen, SBE 43 [umol/kg]
# name 16 = sbeox0ML/L: Oxygen, SBE 43 [ml/l]
# name 17 = spar: SPAR/Surface Irradiance
# name 18 = pumps: Pump Status
# name 19 = nbin: number of scans per bin
# name 20 = flag: flag
# span 0 =   33.07920,   33.08013       
# span 1 =  -65.69406,  -65.69356       
# span 2 =    18.0159,    20.3706       
# span 3 =   4.776892,   5.027931       
# span 4 =    36.5136,    36.6183       
# span 5 =      3.058,    200.185       
# span 6 =      3.080,    201.707       
# span 7 =    18.0295,    20.3724       
# span 8 =   4.778350,   5.028182       
# span 9 =    36.5117,    36.6192       
# span 10 =     0.0061,     0.9177      
# span 11 = 1.0000e-12, 1.0000e-12      
# span 12 =    -0.0123,     0.0713      
# span 13 =    98.2327,   100.3084      
# span 14 =       1.03,      98.90      
# span 15 =    185.959,    222.940      
# span 16 =     4.2737,     5.1222      
# span 17 = 1.2581e+03, 2.9421e+03      
# span 18 =          1,          1      
# span 19 =         16,        873      
# span 20 = 0.0000e+00, 0.0000e+00      
# interval = decibars: 1                
# start_time = May 02 2012 13:58:35 [NMEA time, header]
# bad_flag = -9.990e-29
*END*
[from data line 207]
   33.07956  -65.69380    18.1355   4.789726    36.5166    192.560    194.019    18.1147   4.787305    36.5151     0.0360 1.0000e-12    -0.0117   100.2932      98.70    186.686     4.2906 2.9094e+03          1         30 0.0000e+00
   33.07956  -65.69380    18.2150   4.798667    36.5209    191.565    193.017    18.1717   4.792939    36.5117     0.0258 1.0000e-12    -0.0115   100.2879      98.70    186.334     4.2824 2.9086e+03          1         22 0.0000e+00
   33.07956  -65.69380    18.2860   4.806643    36.5249    190.550    191.993    18.2633   4.802993    36.5145     0.0120 1.0000e-12    -0.0105   100.2622      98.70    185.959     4.2737 2.9094e+03          1         25 0.0000e+00
   33.07956  -65.69381    18.3612   4.815072    36.5292    189.568    191.004    18.3628   4.814151    36.5198     0.0326 1.0000e-12    -0.0107   100.2691      98.70    186.179     4.2787 2.9113e+03          1         27 0.0000e+00
   33.07956  -65.69382    18.3914   4.818673    36.5335    188.610    190.038    18.3922   4.818372    36.5302     0.0393 1.0000e-12    -0.0094   100.2355      98.70    187.014     4.2979 2.9123e+03          1         28 0.0000e+00
   33.07956  -65.69382    18.4710   4.827030    36.5332    187.600    189.020    18.4389   4.822544    36.5243     0.0297 1.0000e-12    -0.0087   100.2163      98.69    188.208     4.3252 2.9125e+03          1         26 0.0000e+00
   33.07956  -65.69382    18.5947   4.840455    36.5359    186.601    188.013    18.5950   4.838311    36.5173     0.0334 1.0000e-12    -0.0082   100.2055      98.70    188.372     4.3289 2.9139e+03          1         26 0.0000e+00
   33.07956  -65.69382    18.7081   4.853270    36.5430    185.613    187.017    18.6414   4.845307    36.5361     0.0344 1.0000e-12    -0.0081   100.2015      98.70    189.495     4.3546 2.9135e+03          1         27 0.0000e+00
   33.07956  -65.69380    18.8096   4.864325    36.5461    184.599    185.995    18.7828   4.859325    36.5279     0.0208 1.0000e-12    -0.0085   100.2107      98.70    191.802     4.4075 2.9136e+03          1         28 0.0000e+00
   33.07956  -65.69380    18.8537   4.869488    36.5517    183.572    184.959    18.8291   4.866192    36.5457     0.0188 1.0000e-12    -0.0071   100.1790      98.70    194.616     4.4721 2.9137e+03          1         24 0.0000e+00
   33.07956  -65.69380    18.9697   4.882517    36.5581    182.586    183.966    18.9167   4.876033    36.5511     0.0376 1.0000e-12    -0.0074   100.1857      98.69    196.576     4.5171 2.9117e+03          1         26 0.0000e+00
   33.07956  -65.69380    19.0888   4.895984    36.5656    181.609    182.981    19.0186   4.886646    36.5501     0.0410 1.0000e-12    -0.0070   100.1758      98.70    198.347     4.5576 2.9039e+03          1         27 0.0000e+00
   33.07957  -65.69380    19.1336   4.900799    36.5677    180.655    182.019    19.0943   4.896248    36.5643     0.0206 1.0000e-12    -0.0067   100.1683      98.70    200.475     4.6065 2.8707e+03          1         24 0.0000e+00
   33.07958  -65.69380    19.1978   4.907938    36.5715    179.642    180.998    19.1285   4.900073    36.5675     0.0395 1.0000e-12    -0.0066   100.1657      98.70    202.849     4.6610 2.8817e+03          1         23 0.0000e+00
   33.07958  -65.69380    19.2291   4.911858    36.5779    178.649    179.997    19.2212   4.910058    36.5691     0.0534 1.0000e-12    -0.0047   100.1171      98.69    205.034     4.7112 2.9057e+03          1         21 0.0000e+00
   33.07958  -65.69380    19.2672   4.915879    36.5789    177.659    179.000    19.2399   4.912628    36.5755     0.0640 1.0000e-12    -0.0061   100.1535      98.70    206.843     4.7527 2.9060e+03          1         23 0.0000e+00
   33.07958  -65.69380    19.2780   4.916975    36.5801    176.656    177.988    19.2743   4.916201    36.5762     0.0514 1.0000e-12    -0.0066   100.1649      98.70    208.352     4.7874 2.9177e+03          1         26 0.0000e+00
   33.07958  -65.69381    19.2940   4.918710    36.5823    175.570    176.894    19.2834   4.917564    36.5816     0.0548 1.0000e-12    -0.0062   100.1559      98.69    208.523     4.7913 2.9421e+03          1         44 0.0000e+00
   33.07958  -65.69382    19.2926   4.918447    36.5842    174.688    176.005    19.2869   4.917829    36.5836     0.0411 1.0000e-12    -0.0066   100.1656      98.70    209.722     4.8188 2.6339e+03          1         81 0.0000e+00
   33.07958  -65.69380    19.2960   4.918442    36.5832    173.667    174.976    19.2900   4.917965    36.5842     0.0405 1.0000e-12    -0.0044   100.1095      98.70    209.347     4.8102 1.7904e+03          1         43 0.0000e+00
   33.07959  -65.69380    19.3179   4.920907    36.5858    172.739    174.041    19.2931   4.918132    36.5847     0.0648 1.0000e-12    -0.0070   100.1753      98.70    209.849     4.8217 1.5705e+03          1        113 0.0000e+00
   33.07960  -65.69380    19.3208   4.921221    36.5876    171.666    172.959    19.3060   4.919418    36.5853     0.0418 1.0000e-12    -0.0063   100.1564      98.70    210.384     4.8340 1.4195e+03          1         86 0.0000e+00
   33.07960  -65.69380    19.3339   4.922456    36.5871    170.728    172.013    19.3286   4.921939    36.5871     0.0718 1.0000e-12    -0.0071   100.1770      98.70    210.790     4.8433 1.3667e+03          1         66 0.0000e+00
   33.07962  -65.69380    19.3519   4.924533    36.5898    170.029    171.309    19.3526   4.924637    36.5901     0.0618 1.0000e-12    -0.0065   100.1621      98.70    211.575     4.8614 1.2816e+03          1        873 0.0000e+00
   33.07964  -65.69380    19.3516   4.924454    36.5903    168.731    170.001    19.3540   4.924801    36.5911     0.0564 1.0000e-12    -0.0072   100.1807      98.71    212.065     4.8726 1.2581e+03          1         42 0.0000e+00
   33.07964  -65.69380    19.3553   4.924742    36.5898    167.722    168.983    19.3557   4.924909    36.5908     0.0700 1.0000e-12    -0.0062   100.1553      98.71    211.726     4.8648 1.2608e+03          1         74 0.0000e+00
   33.07966  -65.69380    19.3585   4.925031    36.5897    166.790    168.044    19.3587   4.925164    36.5906     0.0609 1.0000e-12    -0.0069   100.1741      98.71    211.162     4.8519 1.2627e+03          1         46 0.0000e+00
   33.07966  -65.69380    19.3600   4.925175    36.5899    165.752    166.998    19.3600   4.925256    36.5906     0.0639 1.0000e-12    -0.0072   100.1797      98.71    211.808     4.8667 1.2646e+03          1         33 0.0000e+00
   33.07966  -65.69380    19.3653   4.925789    36.5907    164.763    166.000    19.3647   4.925781    36.5912     0.0664 1.0000e-12    -0.0059   100.1485      98.71    211.677     4.8637 1.2659e+03          1         33 0.0000e+00
   33.07966  -65.69380    19.3676   4.926055    36.5912    163.763    164.993    19.3668   4.926015    36.5916     0.0589 1.0000e-12    -0.0051   100.1290      98.71    212.114     4.8737 1.2700e+03          1         62 0.0000e+00
   33.07966  -65.69380    19.3668   4.925908    36.5911    162.811    164.033    19.3676   4.926083    36.5918     0.0638 1.0000e-12    -0.0052   100.1288      98.71    212.401     4.8803 1.2764e+03          1         35 0.0000e+00
   33.07966  -65.69379    19.3662   4.925798    36.5911    161.822    163.036    19.3683   4.926111    36.5918     0.0545 1.0000e-12    -0.0047   100.1165      98.72    212.684     4.8868 1.2805e+03          1         26 0.0000e+00
   33.07966  -65.69378    19.3702   4.926233    36.5916    160.777    161.983    19.3700   4.926283    36.5921     0.0543 1.0000e-12    -0.0054   100.1335      98.71    212.231     4.8764 1.2849e+03          1         31 0.0000e+00
   33.07966  -65.69378    19.3706   4.926247    36.5917    159.810    161.009    19.3704   4.926303    36.5924     0.0638 1.0000e-12    -0.0048   100.1207      98.71    212.464     4.8818 1.2920e+03          1         35 0.0000e+00
   33.07966  -65.69379    19.3706   4.926192    36.5916    158.834    160.024    19.3702   4.926230    36.5923     0.0848 1.0000e-12    -0.0057   100.1413      98.71    212.508     4.8828 1.3040e+03          1         32 0.0000e+00
   33.07966  -65.69380    19.3699   4.926052    36.5915    157.829    159.012    19.3697   4.926102    36.5921     0.0950 1.0000e-12    -0.0055   100.1368      98.71    212.603     4.8850 1.3178e+03          1         31 0.0000e+00
   33.07966  -65.69380    19.3703   4.926000    36.5911    156.805    157.980    19.3700   4.926059    36.5919     0.0807 1.0000e-12    -0.0055   100.1380      48.33    212.013     4.8714 1.3333e+03          1         34 0.0000e+00
   33.07966  -65.69380    19.3705   4.926003    36.5913    155.827    156.994    19.3709   4.926129    36.5920     0.0832 1.0000e-12    -0.0052   100.1299      98.76    211.852     4.8677 1.3555e+03          1         33 0.0000e+00
   33.07966  -65.69379    19.3712   4.926056    36.5916    154.765    155.923    19.3711   4.926143    36.5924     0.0877 1.0000e-12    -0.0037   100.0928      98.71    212.190     4.8755 1.5845e+03          1         70 0.0000e+00
   33.07966  -65.69378    19.3706   4.925963    36.5917    153.881    155.033    19.3719   4.926186    36.5924     0.1171 1.0000e-12    -0.0031   100.0792      98.71    212.156     4.8747 2.2316e+03          1         58 0.0000e+00
   33.07968  -65.69378    19.3718   4.926077    36.5920    152.776    153.920    19.3726   4.926235    36.5926     0.1018 1.0000e-12    -0.0025   100.0619      98.72    212.273     4.8774 2.2474e+03          1         81 0.0000e+00
   33.07968  -65.69378    19.3718   4.926031    36.5919    152.019    153.157    19.3728   4.926237    36.5928     0.1178 1.0000e-12    -0.0016   100.0405      98.72    212.662     4.8863 2.7994e+03          1         95 0.0000e+00
   33.07968  -65.69378    19.3721   4.926029    36.5921    150.782    151.910    19.3736   4.926276    36.5929     0.1260 1.0000e-12    -0.0006   100.0147      98.72    212.489     4.8823 2.8576e+03          1         75 0.0000e+00
   33.07968  -65.69378    19.3736   4.926169    36.5922    149.904    151.025    19.3738   4.926267    36.5929     0.1613 1.0000e-12     0.0015    99.9617      98.72    212.178     4.8752 2.8466e+03          1         91 0.0000e+00
   33.07968  -65.69378    19.3748   4.926269    36.5924    148.898    150.011    19.3747   4.926325    36.5930     0.1719 1.0000e-12     0.0008    99.9802      98.72    212.876     4.8912 2.8403e+03          1         72 0.0000e+00
   33.07971  -65.69378    19.3757   4.926303    36.5923    148.195    149.302    19.3758   4.926408    36.5931     0.2324 1.0000e-12     0.0047    99.8837      98.72    212.665     4.8864 2.8566e+03          1        846 0.0000e+00
   33.07974  -65.69376    19.3756   4.926204    36.5920    146.941    148.038    19.3754   4.926259    36.5927     0.2366 1.0000e-12     0.0058    99.8538      98.73    213.105     4.8965 2.8629e+03          1         38 0.0000e+00
   33.07974  -65.69376    19.3758   4.926182    36.5920    145.924    147.014    19.3756   4.926239    36.5926     0.2403 1.0000e-12     0.0051    99.8731      98.72    212.925     4.8923 2.8615e+03          1         31 0.0000e+00
   33.07974  -65.69376    19.3766   4.926227    36.5920    144.843    145.924    19.3764   4.926298    36.5928     0.2200 1.0000e-12     0.0035    99.9129      98.73    212.915     4.8921 2.8600e+03          1         40 0.0000e+00
   33.07974  -65.69376    19.3765   4.926171    36.5920    143.930    145.004    19.3762   4.926237    36.5929     0.2297 1.0000e-12     0.0029    99.9292      98.73    212.829     4.8901 2.8623e+03          1         54 0.0000e+00
   33.07974  -65.69376    19.3758   4.926018    36.5918    143.008    144.075    19.3758   4.926121    36.5926     0.2097 1.0000e-12     0.0016    99.9596      98.72    212.671     4.8865 2.8639e+03          1         34 0.0000e+00
   33.07974  -65.69376    19.3753   4.925901    36.5916    141.958    143.016    19.3754   4.926021    36.5925     0.1886 1.0000e-12     0.0005    99.9873      98.72    212.746     4.8882 2.8640e+03          1         27 0.0000e+00
   33.07974  -65.69376    19.3748   4.925795    36.5915    140.917    141.967    19.3750   4.925885    36.5921     0.1710 1.0000e-12     0.0001    99.9982      98.73    212.834     4.8903 2.8654e+03          1         22 0.0000e+00
   33.07974  -65.69376    19.3753   4.925797    36.5915    139.944    140.987    19.3755   4.925908    36.5922     0.1790 1.0000e-12     0.0006    99.9854      98.72    212.809     4.8897 2.8671e+03          1         22 0.0000e+00
   33.07975  -65.69376    19.3758   4.925819    36.5916    138.968    140.003    19.3759   4.925916    36.5923     0.1835 1.0000e-12     0.0004    99.9918      98.72    212.454     4.8815 2.8675e+03          1         25 0.0000e+00
   33.07976  -65.69376    19.3759   4.925785    36.5916    137.940    138.967    19.3760   4.925888    36.5924     0.1525 1.0000e-12     0.0011    99.9730      98.72    212.146     4.8744 2.8666e+03          1         27 0.0000e+00
   33.07976  -65.69376    19.3766   4.925810    36.5916    136.968    137.988    19.3766   4.925919    36.5925     0.1742 1.0000e-12     0.0004    99.9892      98.73    212.100     4.8734 2.8661e+03          1         27 0.0000e+00
   33.07976  -65.69376    19.3773   4.925875    36.5918    135.997    137.009    19.3779   4.926012    36.5925     0.1796 1.0000e-12     0.0027    99.9320      98.73    212.437     4.8811 2.8655e+03          1         31 0.0000e+00
   33.07976  -65.69376    19.3789   4.926013    36.5920    135.028    136.033    19.3789   4.926124    36.5928     0.2045 1.0000e-12     0.0024    99.9396      98.73    212.659     4.8862 2.8632e+03          1         32 0.0000e+00
   33.07976  -65.69376    19.3796   4.926065    36.5921    134.026    135.023    19.3797   4.926172    36.5930     0.1661 1.0000e-12     0.0029    99.9286      98.73    212.933     4.8925 2.8619e+03          1         26 0.0000e+00
   33.07976  -65.69376    19.3811   4.926212    36.5924    133.005    133.993    19.3803   4.926204    36.5930     0.1542 1.0000e-12     0.0038    99.9064      98.73    212.467     4.8818 2.8598e+03          1         23 0.0000e+00
   33.07976  -65.69376    19.3818   4.926275    36.5927    132.027    133.008    19.3816   4.926344    36.5934     0.1764 1.0000e-12     0.0067    99.8326      98.73    212.782     4.8891 2.8589e+03          1         20 0.0000e+00
   33.07976  -65.69376    19.3820   4.926273    36.5928    131.044    132.018    19.3821   4.926368    36.5936     0.1752 1.0000e-12     0.0049    99.8785      98.72    213.055     4.8953 2.8585e+03          1         23 0.0000e+00
   33.07976  -65.69376    19.3823   4.926266    36.5930    130.010    130.975    19.3821   4.926328    36.5936     0.1567 1.0000e-12     0.0039    99.9026      98.73    212.451     4.8814 2.8575e+03          1         24 0.0000e+00
   33.07976  -65.69376    19.3822   4.926222    36.5930    129.001    129.958    19.3823   4.926293    36.5936     0.1731 1.0000e-12     0.0037    99.9092      98.73    212.729     4.8878 2.8563e+03          1         27 0.0000e+00
   33.07976  -65.69376    19.3821   4.926158    36.5929    128.023    128.973    19.3825   4.926279    36.5937     0.2103 1.0000e-12     0.0045    99.8873      98.73    213.083     4.8960 2.8556e+03          1         27 0.0000e+00
   33.07976  -65.69376    19.3823   4.926150    36.5931    127.049    127.991    19.3823   4.926227    36.5937     0.2268 1.0000e-12     0.0041    99.8981      98.73    213.175     4.8981 2.8561e+03          1         25 0.0000e+00
   33.07976  -65.69376    19.3822   4.926082    36.5931    126.053    126.988    19.3822   4.926182    36.5939     0.2137 1.0000e-12     0.0045    99.8874      98.72    212.987     4.8938 2.8572e+03          1         23 0.0000e+00
