Data/ruptures/KN207-01/QL-2/20701072.cnv
* Sea-Bird SBE 9 Data File:
* FileName = C:\Data\ctd\20701072.hex
* Software Version Seasave V 7.21e
* Temperature SN = 4406
* Conductivity SN = 1474
* Number of Bytes Per Scan = 40
* Number of Voltage Words = 5
* Number of Scans Averaged by the Deck Unit = 1
* NMEA Latitude = 32 59.77 N
* NMEA Longitude = 065 44.47 W
* NMEA UTC (Time) = May 01 2012 23:55:11
** R/V Knorr Cruise # KN207-01 QL 2
** Chief Scientist: Ben Van Mooy
# nquan = 21
# nvalues = 397                         
# units = specified
# name 0 = latitude: Latitude [deg]
# name 1 = longitude: Longitude [deg]
# name 2 = t090C: Temperature [ITS-90, deg C]
# name 3 = c0S/m: Conductivity [S/m]
# name 4 = sal00: Salinity, Practical [PSU]
# name 5 = depSM: Depth [salt water, m]
# name 6 = prDM: Pressure, Digiquartz [db]
# name 7 = t190C: Temperature, 2 [ITS-90, deg C]
# name 8 = c1S/m: Conductivity, 2 [S/m]
# name 9 = sal11: Salinity, Practical, 2 [PSU]
# name 10 = flECO-AFL: Fluorescence, WET Labs ECO-AFL/FL [mg/m^3]
# name 11 = par: PAR/Irradiance, Biospherical/Licor
# name 12 = bat: Beam Attenuation, Chelsea/Seatech [1/m]
# name 13 = xmiss: Beam Transmission, Chelsea/Seatech [%]
# name 14 = altM: Altimeter [m]
# name 15 = sbeox0Mm/Kg: Oxygen, SBE 43 [umol/kg]
# name 16 = sbeox0ML/L: Oxygen, SBE 43 [ml/l]
# name 17 = spar: SPAR/Surface Irradiance
# name 18 = pumps: Pump Status
# name 19 = nbin: number of scans per bin
# name 20 = flag: flag
# span 0 =   32.99620,   32.99710       
# span 1 =  -65.74126,  -65.74120       
# span 2 =    19.3349,    20.4856       
# span 3 =   4.924077,   5.040071       
# span 4 =    36.5899,    36.6166       
# span 5 =      3.031,    199.460       
# span 6 =      3.053,    200.974       
# span 7 =    19.3344,    20.4841       
# span 8 =   4.924162,   5.039898       
# span 9 =    36.5846,    36.6175       
# span 10 =     0.0355,     0.6848      
# span 11 = 1.0000e-12, 1.0000e-12      
# span 12 =    -0.0060,     0.0807      
# span 13 =    98.0024,   100.1510      
# span 14 =      16.44,      98.79      
# span 15 =    211.471,    223.834      
# span 16 =     4.8590,     5.1428      
# span 17 = 1.3885e+01, 1.5615e+01      
# span 18 =          1,          1      
# span 19 =         13,        421      
# span 20 = 0.0000e+00, 0.0000e+00      
# interval = decibars: 1                
# start_time = May 01 2012 23:55:11 [NMEA time, header]
# bad_flag = -9.990e-29
*END*
[from data line 276]
   32.99682  -65.74124    19.3811   4.925749    36.5927    122.072    122.976    19.3810   4.925855    36.5936     0.4806 1.0000e-12     0.0210    99.4772      98.65    213.950     4.9159 1.4959e+01          1         17 0.0000e+00
   32.99682  -65.74125    19.3817   4.925759    36.5926    121.069    121.964    19.3816   4.925864    36.5936     0.4801 1.0000e-12     0.0237    99.4089      98.66    213.754     4.9114 1.4995e+01          1         18 0.0000e+00
   32.99682  -65.74126    19.3823   4.925790    36.5928    120.092    120.980    19.3822   4.925903    36.5937     0.4711 1.0000e-12     0.0242    99.3964      98.66    213.807     4.9126 1.4804e+01          1         22 0.0000e+00
   32.99682  -65.74126    19.3825   4.925759    36.5926    119.107    119.987    19.3820   4.925837    36.5938     0.5335 1.0000e-12     0.0240    99.4019      98.67    214.352     4.9251 1.5000e+01          1         29 0.0000e+00
   32.99682  -65.74126    19.3830   4.925754    36.5926    118.116    118.989    19.3823   4.925830    36.5938     0.6116 1.0000e-12     0.0261    99.3508      98.66    214.489     4.9283 1.4709e+01          1         32 0.0000e+00
   32.99682  -65.74126    19.3832   4.925753    36.5927    117.140    118.006    19.3826   4.925801    36.5937     0.6040 1.0000e-12     0.0256    99.3621      98.66    214.070     4.9187 1.4846e+01          1         29 0.0000e+00
   32.99682  -65.74126    19.3839   4.925771    36.5926    116.165    117.023    19.3826   4.925750    36.5936     0.5777 1.0000e-12     0.0284    99.2939      98.66    214.551     4.9297 1.4585e+01          1         26 0.0000e+00
   32.99682  -65.74126    19.3844   4.925789    36.5928    115.172    116.023    19.3839   4.925840    36.5936     0.5857 1.0000e-12     0.0259    99.3544      98.66    214.497     4.9285 1.4765e+01          1         21 0.0000e+00
   32.99682  -65.74126    19.3844   4.925753    36.5928    114.188    115.031    19.3842   4.925854    36.5938     0.5672 1.0000e-12     0.0254    99.3667      98.66    214.389     4.9260 1.5028e+01          1         19 0.0000e+00
   32.99682  -65.74126    19.3847   4.925732    36.5928    113.153    113.988    19.3845   4.925829    36.5938     0.5546 1.0000e-12     0.0246    99.3875      98.66    214.656     4.9321 1.5243e+01          1         18 0.0000e+00
   32.99682  -65.74126    19.3849   4.925726    36.5929    112.170    112.997    19.3849   4.925834    36.5938     0.5756 1.0000e-12     0.0268    99.3326      98.66    214.845     4.9365 1.5169e+01          1         20 0.0000e+00
   32.99683  -65.74126    19.3852   4.925703    36.5929    111.171    111.991    19.3851   4.925810    36.5938     0.5830 1.0000e-12     0.0270    99.3275      98.67    215.043     4.9410 1.4978e+01          1         21 0.0000e+00
   32.99684  -65.74126    19.3858   4.925736    36.5929    110.155    110.967    19.3857   4.925830    36.5939     0.5888 1.0000e-12     0.0284    99.2929      98.66    215.102     4.9423 1.5100e+01          1         26 0.0000e+00
   32.99684  -65.74126    19.3872   4.925840    36.5930    109.167    109.971    19.3867   4.925901    36.5939     0.5669 1.0000e-12     0.0301    99.2504      98.66    215.234     4.9454 1.4823e+01          1         31 0.0000e+00
   32.99684  -65.74126    19.3880   4.925862    36.5928    108.234    109.032    19.3876   4.925941    36.5938     0.5925 1.0000e-12     0.0302    99.2475      98.66    214.786     4.9351 1.4850e+01          1         35 0.0000e+00
   32.99684  -65.74126    19.3894   4.925973    36.5928    107.240    108.030    19.3883   4.925994    36.5940     0.5516 1.0000e-12     0.0257    99.3590      98.67    215.666     4.9553 1.4905e+01          1         22 0.0000e+00
   32.99684  -65.74126    19.3909   4.926089    36.5929    106.227    107.009    19.3893   4.926000    36.5935     0.5375 1.0000e-12     0.0272    99.3234      98.67    215.546     4.9526 1.4910e+01          1         19 0.0000e+00
   32.99684  -65.74126    19.3919   4.926150    36.5928    105.226    106.001    19.3916   4.926222    36.5937     0.5200 1.0000e-12     0.0307    99.2347      98.65    215.285     4.9466 1.4623e+01          1         18 0.0000e+00
   32.99684  -65.74126    19.3922   4.926144    36.5929    104.237    105.004    19.3923   4.926253    36.5938     0.4944 1.0000e-12     0.0318    99.2076      98.66    215.856     4.9597 1.4978e+01          1         21 0.0000e+00
   32.99684  -65.74126    19.3929   4.926174    36.5930    103.226    103.986    19.3926   4.926243    36.5938     0.5301 1.0000e-12     0.0298    99.2586      98.67    216.393     4.9720 1.5169e+01          1         25 0.0000e+00
   32.99684  -65.74126    19.3936   4.926192    36.5929    102.232    102.984    19.3931   4.926267    36.5939     0.5168 1.0000e-12     0.0317    99.2104      98.66    217.000     4.9859 1.5037e+01          1         27 0.0000e+00
   32.99684  -65.74124    19.3945   4.926238    36.5929    101.243    101.987    19.3933   4.926230    36.5938     0.5090 1.0000e-12     0.0330    99.1781      98.66    217.124     4.9888 1.5119e+01          1         27 0.0000e+00
   32.99684  -65.74124    19.3953   4.926279    36.5928    100.273    101.010    19.3941   4.926282    36.5939     0.4908 1.0000e-12     0.0335    99.1644      98.67    217.336     4.9937 1.4936e+01          1         23 0.0000e+00
   32.99684  -65.74124    19.3964   4.926366    36.5930     99.285    100.014    19.3958   4.926393    36.5937     0.4999 1.0000e-12     0.0354    99.1198      98.67    217.431     4.9959 1.4633e+01          1         25 0.0000e+00
   32.99684  -65.74124    19.3972   4.926404    36.5930     98.301     99.023    19.3966   4.926437    36.5938     0.4937 1.0000e-12     0.0373    99.0727      98.67    217.274     4.9923 1.4936e+01          1         23 0.0000e+00
   32.99684  -65.74124    19.3979   4.926430    36.5929     97.304     98.019    19.3975   4.926484    36.5937     0.4907 1.0000e-12     0.0369    99.0821      98.66    217.314     4.9931 1.5169e+01          1         20 0.0000e+00
   32.99685  -65.74125    19.3986   4.926463    36.5930     96.305     97.012    19.3985   4.926550    36.5938     0.5030 1.0000e-12     0.0371    99.0781      98.67    217.571     4.9991 1.4959e+01          1         17 0.0000e+00
   32.99686  -65.74126    19.3986   4.926435    36.5931     95.338     96.038    19.3985   4.926526    36.5939     0.5077 1.0000e-12     0.0365    99.0901      98.67    217.497     4.9974 1.4828e+01          1         17 0.0000e+00
   32.99686  -65.74126    19.3988   4.926382    36.5929     94.321     95.012    19.3988   4.926510    36.5940     0.5100 1.0000e-12     0.0410    98.9805      98.67    217.252     4.9917 1.5108e+01          1         22 0.0000e+00
   32.99686  -65.74126    19.3985   4.926280    36.5928     93.264     93.948    19.3983   4.926391    36.5938     0.5276 1.0000e-12     0.0470    98.8324      98.66    217.440     4.9961 1.5130e+01          1         46 0.0000e+00
   32.99686  -65.74125    19.3983   4.926196    36.5926     92.369     93.045    19.3983   4.926315    36.5935     0.6584 1.0000e-12     0.0500    98.7589      98.66    217.251     4.9917 1.5074e+01          1         33 0.0000e+00
   32.99686  -65.74124    19.3987   4.926141    36.5921     91.318     91.987    19.3983   4.926224    36.5932     0.6629 1.0000e-12     0.0505    98.7448      98.67    216.982     4.9855 1.5190e+01          1         21 0.0000e+00
   32.99686  -65.74124    19.3996   4.926183    36.5921     90.321     90.982    19.3993   4.926241    36.5928     0.6432 1.0000e-12     0.0606    98.4985      98.67    217.373     4.9945 1.4778e+01          1         16 0.0000e+00
   32.99686  -65.74124    19.4008   4.926260    36.5920     89.337     89.991    19.4004   4.926313    36.5928     0.6340 1.0000e-12     0.0619    98.4641      98.67    217.337     4.9937 1.4959e+01          1         17 0.0000e+00
   32.99686  -65.74124    19.4017   4.926315    36.5921     88.319     88.965    19.4017   4.926404    36.5929     0.6201 1.0000e-12     0.0611    98.4849      98.66    217.053     4.9872 1.4871e+01          1         18 0.0000e+00
   32.99686  -65.74124    19.4026   4.926378    36.5922     87.344     87.983    19.4024   4.926460    36.5930     0.5794 1.0000e-12     0.0608    98.4920      98.66    216.705     4.9792 1.4946e+01          1         20 0.0000e+00
   32.99686  -65.74124    19.4042   4.926501    36.5921     86.359     86.991    19.4030   4.926489    36.5932     0.5842 1.0000e-12     0.0619    98.4630      98.67    216.485     4.9741 1.5119e+01          1         27 0.0000e+00
   32.99686  -65.74124    19.4059   4.926631    36.5921     85.380     86.005    19.4038   4.926528    36.5931     0.6500 1.0000e-12     0.0600    98.5120      98.67    217.673     5.0014 1.4923e+01          1         29 0.0000e+00
   32.99686  -65.74124    19.4083   4.926856    36.5922     84.410     85.027    19.4052   4.926612    36.5929     0.6848 1.0000e-12     0.0613    98.4792      98.67    217.915     5.0069 1.4843e+01          1         26 0.0000e+00
   32.99686  -65.74124    19.4112   4.927089    36.5919     83.393     84.003    19.4085   4.926871    36.5925     0.5345 1.0000e-12     0.0615    98.4751      98.67    217.544     4.9984 1.5080e+01          1         25 0.0000e+00
   32.99686  -65.74124    19.4134   4.927309    36.5922     82.389     82.991    19.4115   4.927199    36.5929     0.4870 1.0000e-12     0.0610    98.4871      98.67    218.188     5.0132 1.4757e+01          1         26 0.0000e+00
   32.99688  -65.74126    19.4144   4.927350    36.5921     81.411     82.005    19.4136   4.927365    36.5929     0.4690 1.0000e-12     0.0625    98.4486      98.67    218.173     5.0129 1.4929e+01          1         26 0.0000e+00
   32.99688  -65.74126    19.4150   4.927384    36.5922     80.448     81.035    19.4145   4.927403    36.5928     0.4411 1.0000e-12     0.0630    98.4383      98.68    218.351     5.0170 1.4905e+01          1         22 0.0000e+00
   32.99688  -65.74126    19.4163   4.927468    36.5921     79.456     80.035    19.4152   4.927454    36.5929     0.4138 1.0000e-12     0.0625    98.4494      98.69    218.587     5.0224 1.5145e+01          1         19 0.0000e+00
   32.99688  -65.74126    19.4178   4.927586    36.5922     78.441     79.014    19.4170   4.927564    36.5927     0.4313 1.0000e-12     0.0619    98.4649      98.68    218.510     5.0206 1.4747e+01          1         18 0.0000e+00
   32.99688  -65.74126    19.4189   4.927646    36.5921     77.433     77.997    19.4186   4.927716    36.5929     0.4317 1.0000e-12     0.0631    98.4349      98.66    218.603     5.0228 1.5367e+01          1         18 0.0000e+00
   32.99688  -65.74126    19.4202   4.927732    36.5921     76.408     76.965    19.4195   4.927768    36.5929     0.4223 1.0000e-12     0.0631    98.4353      98.67    218.266     5.0150 1.5150e+01          1         24 0.0000e+00
   32.99688  -65.74124    19.4214   4.927840    36.5923     75.435     75.985    19.4210   4.927910    36.5932     0.4367 1.0000e-12     0.0630    98.4367      98.67    218.679     5.0245 1.4985e+01          1         46 0.0000e+00
   32.99688  -65.74124    19.4227   4.927929    36.5922     74.505     75.047    19.4217   4.927904    36.5929     0.4085 1.0000e-12     0.0620    98.4624      70.47    218.552     5.0216 1.5000e+01          1         29 0.0000e+00
   32.99688  -65.74124    19.4250   4.928108    36.5921     73.497     74.032    19.4230   4.927977    36.5928     0.3905 1.0000e-12     0.0614    98.4762      98.67    218.730     5.0256 1.4959e+01          1         17 0.0000e+00
   32.99688  -65.74124    19.4256   4.928136    36.5921     72.496     73.023    19.4256   4.928182    36.5925     0.3543 1.0000e-12     0.0636    98.4230      53.75    219.015     5.0322 1.4639e+01          1         16 0.0000e+00
   32.99688  -65.74125    19.4262   4.928159    36.5922     71.481     72.001    19.4265   4.928239    36.5926     0.3742 1.0000e-12     0.0637    98.4209      85.86    218.925     5.0301 1.4871e+01          1         15 0.0000e+00
   32.99688  -65.74126    19.4281   4.928303    36.5921     70.469     70.982    19.4274   4.928331    36.5930     0.3784 1.0000e-12     0.0643    98.4050      98.67    219.210     5.0367 1.4871e+01          1         18 0.0000e+00
   32.99688  -65.74126    19.4304   4.928498    36.5921     69.451     69.956    19.4288   4.928428    36.5930     0.3664 1.0000e-12     0.0644    98.4021      98.67    219.702     5.0480 1.5014e+01          1         26 0.0000e+00
   32.99688  -65.74126    19.4320   4.928640    36.5923     68.521     69.019    19.4321   4.928743    36.5930     0.3751 1.0000e-12     0.0651    98.3848      98.67    219.406     5.0412 1.5096e+01          1         43 0.0000e+00
   32.99688  -65.74126    19.4341   4.928772    36.5918     67.551     68.042    19.4333   4.928738    36.5923     0.3774 1.0000e-12     0.0658    98.3675      98.67    219.699     5.0479 1.4671e+01          1         26 0.0000e+00
   32.99690  -65.74124    19.4378   4.929129    36.5919     66.551     67.034    19.4334   4.928771    36.5929     0.3170 1.0000e-12     0.0666    98.3481      98.67    219.788     5.0500 1.5057e+01          1         20 0.0000e+00
   32.99690  -65.74124    19.4416   4.929483    36.5918     65.537     66.013    19.4389   4.929204    36.5919     0.3440 1.0000e-12     0.0663    98.3561      98.67    219.874     5.0519 1.5145e+01          1         19 0.0000e+00
   32.99690  -65.74124    19.4457   4.929853    36.5917     64.537     65.005    19.4447   4.929762    36.5918     0.3308 1.0000e-12     0.0663    98.3568      98.67    219.931     5.0532 1.5190e+01          1         21 0.0000e+00
   32.99690  -65.74124    19.4499   4.930239    36.5916     63.541     64.002    19.4505   4.930355    36.5919     0.3341 1.0000e-12     0.0657    98.3702      98.67    220.163     5.0586 1.5080e+01          1         25 0.0000e+00
   32.99690  -65.74124    19.4552   4.930776    36.5917     62.560     63.014    19.4536   4.930617    36.5917     0.3265 1.0000e-12     0.0640    98.4133      98.67    220.838     5.0741 1.5324e+01          1         23 0.0000e+00
   32.99690  -65.74124    19.4641   4.931732    36.5920     61.563     62.010    19.4606   4.931308    36.5917     0.3109 1.0000e-12     0.0628    98.4413      98.67    221.299     5.0846 1.4978e+01          1         21 0.0000e+00
   32.99690  -65.74124    19.4738   4.932667    36.5916     60.568     61.007    19.4652   4.931857    36.5925     0.3025 1.0000e-12     0.0640    98.4119      98.67    220.860     5.0745 1.4871e+01          1         21 0.0000e+00
   32.99690  -65.74124    19.4802   4.933292    36.5915     59.537     59.968    19.4743   4.932651    36.5915     0.2991 1.0000e-12     0.0641    98.4110      98.68    221.194     5.0822 1.5076e+01          1         29 0.0000e+00
   32.99690  -65.74124    19.4861   4.933842    36.5913     58.593     59.018    19.4831   4.933612    36.5921     0.2805 1.0000e-12     0.0671    98.3375      98.66    222.410     5.1101 1.5041e+01          1         35 0.0000e+00
   32.99690  -65.74124    19.4895   4.934163    36.5914     57.624     58.042    19.4848   4.933783    36.5924     0.3010 1.0000e-12     0.0650    98.3877      98.67    222.941     5.1223 1.4633e+01          1         25 0.0000e+00
   32.99690  -65.74126    19.4984   4.935097    36.5916     56.627     57.037    19.4891   4.934044    36.5912     0.2538 1.0000e-12     0.0688    98.2939      98.67    222.816     5.1194 1.5028e+01          1         19 0.0000e+00
   32.99690  -65.74126    19.5253   4.937979    36.5919     55.632     56.035    19.5206   4.937151    36.5892     0.2379 1.0000e-12     0.0701    98.2630      98.68    222.275     5.1070 1.4696e+01          1         17 0.0000e+00
