Data/ruptures/KN207-01/QL-2/20701062.cnv
* Sea-Bird SBE 9 Data File:
* FileName = C:\Data\ctd\20701062.hex
* Software Version Seasave V 7.21e
* Temperature SN = 4406
* Conductivity SN = 1474
* Number of Bytes Per Scan = 40
* Number of Voltage Words = 5
* Number of Scans Averaged by the Deck Unit = 1
* NMEA Latitude = 32 54.11 N
* NMEA Longitude = 065 51.93 W
* NMEA UTC (Time) = Apr 30 2012 20:00:25
** R/V Knorr Cruise # KN207-01 QL 2
** Chief Scientist: Ben Van Mooy
# nquan = 21
# nvalues = 398                         
# units = specified
# name 0 = latitude: Latitude [deg]
# name 1 = longitude: Longitude [deg]
# name 2 = t090C: Temperature [ITS-90, deg C]
# name 3 = c0S/m: Conductivity [S/m]
# name 4 = sal00: Salinity, Practical [PSU]
# name 5 = depSM: Depth [salt water, m]
# name 6 = prDM: Pressure, Digiquartz [db]
# name 7 = t190C: Temperature, 2 [ITS-90, deg C]
# name 8 = c1S/m: Conductivity, 2 [S/m]
# name 9 = sal11: Salinity, Practical, 2 [PSU]
# name 10 = flECO-AFL: Fluorescence, WET Labs ECO-AFL/FL [mg/m^3]
# name 11 = par: PAR/Irradiance, Biospherical/Licor
# name 12 = bat: Beam Attenuation, Chelsea/Seatech [1/m]
# name 13 = xmiss: Beam Transmission, Chelsea/Seatech [%]
# name 14 = altM: Altimeter [m]
# name 15 = sbeox0Mm/Kg: Oxygen, SBE 43 [umol/kg]
# name 16 = sbeox0ML/L: Oxygen, SBE 43 [ml/l]
# name 17 = spar: SPAR/Surface Irradiance
# name 18 = pumps: Pump Status
# name 19 = nbin: number of scans per bin
# name 20 = flag: flag
# span 0 =   32.90138,   32.90198       
# span 1 =  -65.86561,  -65.86436       
# span 2 =    17.9504,    20.4776       
# span 3 =   4.656011,   5.038094       
# span 4 =    33.5136,    36.9275       
# span 5 =      2.398,    199.504       
# span 6 =      2.415,    201.017       
# span 7 =    17.9506,    20.4777       
# span 8 =   4.770985,   5.038228       
# span 9 =    36.5116,    36.6103       
# span 10 =     0.0046,     0.7566      
# span 11 = 1.0000e-12, 1.0000e-12      
# span 12 =    -0.0116,     0.1209      
# span 13 =    97.0232,   100.2914      
# span 14 =       1.03,      98.91      
# span 15 =    136.145,    362.026      
# span 16 =     3.1288,     8.3153      
# span 17 = 1.2997e+03, 3.1069e+03      
# span 18 =          1,          1      
# span 19 =         14,        447      
# span 20 = 0.0000e+00, 0.0000e+00      
# interval = decibars: 1                
# start_time = Apr 30 2012 20:00:25 [NMEA time, header]
# bad_flag = -9.990e-29
*END*
   32.90198  -65.86561    20.4703   4.656011    33.5136      2.949      2.970    20.4777   5.038228    36.6103     0.0997 1.0000e-12     0.0617    98.4697      93.71    269.985     6.1874 2.5740e+03          1        447 0.0000e+00
   32.90196  -65.86558    20.4741   4.953880    35.9247      4.038      4.066    20.4730   5.037726    36.6100     0.1006 1.0000e-12     0.0611    98.4841      98.64    283.640     6.5121 3.0726e+03          1         84 0.0000e+00
   32.90196  -65.86557    20.4715   5.004924    36.3429      4.825      4.859    20.4726   5.037677    36.6096     0.0961 1.0000e-12     0.0620    98.4629      98.64    302.341     6.9436 3.0000e+03          1         74 0.0000e+00
   32.90196  -65.86556    20.4729   5.014638    36.4206      5.976      6.018    20.4718   5.037659    36.6098     0.1012 1.0000e-12     0.0612    98.4823      98.64    316.518     7.2696 2.7988e+03          1         42 0.0000e+00
   32.90196  -65.86556    20.4707   5.016195    36.4349      6.910      6.959    20.4700   5.037477    36.6095     0.0954 1.0000e-12     0.0616    98.4709      98.65    342.739     7.8719 2.3500e+03          1         71 0.0000e+00
   32.90196  -65.86556    20.4696   5.024243    36.5012      7.928      7.984    20.4709   5.037634    36.6096     0.1167 1.0000e-12     0.0618    98.4658      98.65    362.026     8.3153 2.0169e+03          1         50 0.0000e+00
   32.90195  -65.86555    20.4682   5.026248    36.5185      8.939      9.002    20.4611   5.036598    36.6094     0.1039 1.0000e-12     0.0612    98.4802      98.65    322.742     7.4131 1.8592e+03          1         54 0.0000e+00
   32.90194  -65.86554    20.4696   5.026469    36.5187      9.903      9.973    20.4694   5.037587    36.6098     0.1211 1.0000e-12     0.0611    98.4832      98.64    213.370     4.9009 1.6280e+03          1         45 0.0000e+00
   32.90194  -65.86554    20.4665   5.026412    36.5205     10.925     11.003    20.4431   5.034795    36.6098     0.1033 1.0000e-12     0.0601    98.5080      56.91    202.958     4.6618 1.5426e+03          1         41 0.0000e+00
   32.90194  -65.86554    20.4469   5.027805    36.5489     11.929     12.014    20.4326   5.033599    36.6089     0.1041 1.0000e-12     0.0627    98.4455      98.68    187.588     4.3088 1.5750e+03          1         58 0.0000e+00
   32.90194  -65.86554    20.4361   5.028611    36.5646     12.863     12.955    20.4238   5.032682    36.6087     0.1045 1.0000e-12     0.0652    98.3831      98.65    173.869     3.9938 1.5900e+03          1         46 0.0000e+00
   32.90193  -65.86553    20.4229   5.028255    36.5729     13.919     14.018    20.4155   5.031835    36.6085     0.1114 1.0000e-12     0.0638    98.4162      98.65    167.890     3.8565 1.6658e+03          1         40 0.0000e+00
   32.90192  -65.86552    20.4156   5.027894    36.5759     14.925     15.031    20.4106   5.031310    36.6081     0.1290 1.0000e-12     0.0647    98.3952      98.65    184.025     4.2271 1.7708e+03          1         52 0.0000e+00
   32.90192  -65.86552    20.4131   5.027115    36.5712     15.861     15.974    20.4048   5.030749    36.6081     0.1216 1.0000e-12     0.0643    98.4047      98.64    186.878     4.2926 1.7936e+03          1         49 0.0000e+00
   32.90192  -65.86552    20.4071   5.028070    36.5838     16.859     16.979    20.3933   5.029569    36.6082     0.1406 1.0000e-12     0.0631    98.4352      98.64    170.404     3.9143 1.9144e+03          1         45 0.0000e+00
   32.90192  -65.86552    20.3931   5.028007    36.5952     17.880     18.007    20.3649   5.026522    36.6079     0.1188 1.0000e-12     0.0639    98.4144      98.65    163.569     3.7573 2.1110e+03          1         50 0.0000e+00
   32.90192  -65.86551    20.3768   5.027744    36.6070     18.813     18.947    20.3418   5.024019    36.6072     0.1264 1.0000e-12     0.0646    98.3992      98.65    159.258     3.6583 2.1938e+03          1         44 0.0000e+00
   32.90192  -65.86550    20.3449   5.026503    36.6247     19.877     20.019    20.3268   5.022390    36.6066     0.1326 1.0000e-12     0.0641    98.4111      98.64    154.154     3.5412 2.1757e+03          1         40 0.0000e+00
   32.90192  -65.86550    20.3456   5.021401    36.5814     20.905     21.055    20.2918   5.018681    36.6065     0.1348 1.0000e-12     0.0665    98.3515      98.65    150.992     3.4684 2.1109e+03          1         63 0.0000e+00
   32.90190  -65.86548    20.3256   5.023458    36.6155     21.788     21.944    20.2666   5.015909    36.6054     0.1527 1.0000e-12     0.0658    98.3694      56.12    151.845     3.4881 2.0136e+03          1         44 0.0000e+00
   32.90190  -65.86548    20.2739   5.022299    36.6514     22.841     23.004    20.2540   5.014623    36.6052     0.1500 1.0000e-12     0.0664    98.3536      72.90    148.902     3.4206 2.1091e+03          1         36 0.0000e+00
   32.90190  -65.86548    20.2808   5.015953    36.5923     23.875     24.045    20.2275   5.011834    36.6052     0.1493 1.0000e-12     0.0669    98.3418      98.64    152.555     3.5044 2.1809e+03          1         52 0.0000e+00
   32.90190  -65.86548    20.2739   5.017593    36.6112     24.779     24.956    20.2075   5.009653    36.6042     0.1512 1.0000e-12     0.0661    98.3603      82.98    164.966     3.7896 2.4574e+03          1         56 0.0000e+00
   32.90190  -65.86548    20.2246   5.018072    36.6584     25.795     25.980    20.1821   5.006963    36.6039     0.1529 1.0000e-12     0.0671    98.3358      81.94    168.424     3.8692 2.7112e+03          1         38 0.0000e+00
   32.90190  -65.86547    20.1910   5.016361    36.6735     26.820     27.012    20.1679   5.005498    36.6037     0.1531 1.0000e-12     0.0673    98.3314      98.65    168.345     3.8675 2.9262e+03          1         40 0.0000e+00
   32.90190  -65.86546    20.1688   5.014933    36.6805     27.797     27.996    20.1593   5.004590    36.6030     0.1601 1.0000e-12     0.0673    98.3325      74.96    170.415     3.9150 3.0865e+03          1         72 0.0000e+00
   32.90190  -65.86546    20.1612   5.012464    36.6660     28.751     28.957    20.1541   5.004114    36.6030     0.1599 1.0000e-12     0.0647    98.3944      98.65    159.938     3.6743 3.0611e+03          1         40 0.0000e+00
   32.90190  -65.86546    20.1543   5.010678    36.6567     29.789     30.002    20.1476   5.003482    36.6030     0.1679 1.0000e-12     0.0657    98.3711      98.65    157.312     3.6140 2.9908e+03          1         34 0.0000e+00
   32.90190  -65.86546    20.1464   5.009978    36.6573     30.814     31.035    20.1425   5.002982    36.6028     0.1884 1.0000e-12     0.0680    98.3157      93.14    157.635     3.6214 2.9276e+03          1         47 0.0000e+00
   32.90190  -65.86544    20.1415   5.010191    36.6627     31.715     31.942    20.1395   5.002699    36.6024     0.1988 1.0000e-12     0.0690    98.2897      94.34    157.971     3.6291 2.9533e+03          1         78 0.0000e+00
   32.90190  -65.86544    20.1384   5.008400    36.6500     32.730     32.965    20.1339   5.002204    36.6028     0.1707 1.0000e-12     0.0718    98.2206      98.66    154.117     3.5406 2.9177e+03          1         34 0.0000e+00
   32.90190  -65.86544    20.1327   5.006891    36.6422     33.746     33.988    20.1252   5.001334    36.6029     0.1898 1.0000e-12     0.0690    98.2901      43.66    153.989     3.5376 2.9165e+03          1         28 0.0000e+00
   32.90188  -65.86544    20.1226   5.007550    36.6560     34.838     35.088    20.1156   5.000338    36.6027     0.2126 1.0000e-12     0.0715    98.2281      98.58    155.476     3.5718 2.9636e+03          1         65 0.0000e+00
   32.90188  -65.86544    20.1045   5.007474    36.6710     35.723     35.980    20.0874   4.997442    36.6035     0.2021 1.0000e-12     0.0710    98.2403      98.65    156.750     3.6011 3.0251e+03          1         54 0.0000e+00
   32.90188  -65.86542    20.0710   5.006445    36.6918     36.724     36.988    20.0550   4.994049    36.6038     0.2169 1.0000e-12     0.0733    98.1827      70.69    151.484     3.4802 3.0320e+03          1         41 0.0000e+00
   32.90188  -65.86542    20.0388   5.005664    36.7136     37.715     37.986    20.0209   4.990444    36.6038     0.2310 1.0000e-12     0.0740    98.1656      98.65    147.634     3.3919 3.0202e+03          1         40 0.0000e+00
   32.90188  -65.86542    20.0102   5.005132    36.7340     38.710     38.988    20.0004   4.988256    36.6031     0.2348 1.0000e-12     0.0750    98.1426      98.66    145.946     3.3532 2.9974e+03          1         63 0.0000e+00
   32.90188  -65.86542    19.9704   5.002817    36.7496     39.673     39.958    19.9470   4.982726    36.6043     0.2529 1.0000e-12     0.0760    98.1181      98.65    149.701     3.4395 3.0142e+03          1         42 0.0000e+00
   32.90188  -65.86542    19.9413   5.001757    36.7662     40.720     41.013    19.9299   4.980873    36.6034     0.2599 1.0000e-12     0.0767    98.0994      98.65    152.529     3.5046 3.0301e+03          1         31 0.0000e+00
   32.90188  -65.86542    19.9229   5.001305    36.7780     41.810     42.111    19.9053   4.978533    36.6051     0.2683 1.0000e-12     0.0761    98.1150      98.65    149.714     3.4399 3.0329e+03          1         59 0.0000e+00
   32.90188  -65.86542    19.9081   5.000660    36.7848     42.537     42.843    19.8828   4.976263    36.6054     0.2628 1.0000e-12     0.0767    98.0993      98.65    147.305     3.3846 3.0232e+03          1         63 0.0000e+00
   32.90187  -65.86541    19.8515   4.995995    36.7963     43.612     43.926    19.7976   4.967450    36.6078     0.2809 1.0000e-12     0.0790    98.0449      98.65    146.709     3.3710 3.0164e+03          1         29 0.0000e+00
   32.90186  -65.86540    19.7888   4.995674    36.8494     44.678     45.000    19.7512   4.962301    36.6058     0.2512 1.0000e-12     0.0797    98.0261      98.66    148.501     3.4124 3.0134e+03          1         32 0.0000e+00
   32.90186  -65.86540    19.7369   4.995189    36.8909     45.751     46.081    19.7089   4.957646    36.6037     0.2809 1.0000e-12     0.0776    98.0790      98.66    147.214     3.3829 3.0228e+03          1         60 0.0000e+00
   32.90186  -65.86538    19.7093   4.994138    36.9055     46.574     46.910    19.6866   4.955327    36.6029     0.2752 1.0000e-12     0.0793    98.0360      98.65    146.053     3.3563 3.0151e+03          1         62 0.0000e+00
   32.90186  -65.86538    19.6772   4.990588    36.9038     47.648     47.991    19.6383   4.950258    36.6030     0.2952 1.0000e-12     0.0749    98.1434      60.19    142.076     3.2650 3.0027e+03          1         32 0.0000e+00
   32.90186  -65.86538    19.6355   4.989013    36.9275     48.657     49.008    19.5844   4.944415    36.6017     0.2706 1.0000e-12     0.0763    98.1110      85.89    140.398     3.2265 2.9920e+03          1         37 0.0000e+00
   32.90186  -65.86538    19.5875   4.983722    36.9257     49.662     50.020    19.5666   4.942487    36.6003     0.2943 1.0000e-12     0.0724    98.2069      98.65    136.145     3.1288 2.9818e+03          1         69 0.0000e+00
   32.90186  -65.86538    19.5258   4.961698    36.7965     50.592     50.957    19.5159   4.937148    36.6001     0.3146 1.0000e-12     0.0732    98.1854      98.65    137.506     3.1598 3.0038e+03          1         37 0.0000e+00
   32.90186  -65.86536    19.4918   4.946568    36.6998     51.687     52.060    19.4909   4.934432    36.5988     0.3087 1.0000e-12     0.0688    98.2946      98.65    159.451     3.6639 3.0108e+03          1         38 0.0000e+00
   32.90186  -65.86536    19.4833   4.940027    36.6516     52.626     53.006    19.4819   4.933508    36.5980     0.3157 1.0000e-12     0.0672    98.3354      98.65    200.616     4.6096 2.9951e+03          1         62 0.0000e+00
   32.90185  -65.86536    19.4714   4.936312    36.6300     53.616     54.003    19.4721   4.932560    36.5978     0.3197 1.0000e-12     0.0656    98.3722      98.65    208.510     4.7909 2.8208e+03          1         55 0.0000e+00
   32.90184  -65.86536    19.4571   4.933270    36.6166     54.524     54.918    19.4571   4.931036    36.5976     0.3238 1.0000e-12     0.0612    98.4806      98.65    207.714     4.7726 2.2889e+03          1         36 0.0000e+00
   32.90184  -65.86536    19.4512   4.931729    36.6083     55.599     56.001    19.4514   4.930460    36.5973     0.3421 1.0000e-12     0.0609    98.4875      98.66    209.034     4.8029 2.0473e+03          1         28 0.0000e+00
   32.90184  -65.86535    19.4516   4.931040    36.6011     56.660     57.070    19.4512   4.930463    36.5966     0.3397 1.0000e-12     0.0565    98.5967      98.65    213.913     4.9150 2.4730e+03          1         91 0.0000e+00
   32.90184  -65.86534    19.4454   4.930157    36.5986     57.578     57.994    19.4447   4.929914    36.5971     0.3720 1.0000e-12     0.0588    98.5400      98.65    215.136     4.9431 2.7345e+03          1         30 0.0000e+00
   32.90184  -65.86534    19.4421   4.929786    36.5979     58.571     58.995    19.4424   4.929690    36.5968     0.3514 1.0000e-12     0.0597    98.5191      98.65    216.435     4.9729 2.8149e+03          1         29 0.0000e+00
   32.90184  -65.86532    19.4375   4.929354    36.5979     59.573     60.005    19.4376   4.929229    36.5967     0.3497 1.0000e-12     0.0551    98.6323      98.65    216.174     4.9669 2.8663e+03          1         42 0.0000e+00
   32.90184  -65.86532    19.4367   4.929237    36.5970     60.527     60.965    19.4347   4.928946    36.5963     0.3692 1.0000e-12     0.0562    98.6047      98.65    213.482     4.9051 2.8927e+03          1         94 0.0000e+00
   32.90182  -65.86532    19.4323   4.928836    36.5970     61.523     61.969    19.4325   4.928796    36.5964     0.3757 1.0000e-12     0.0822    97.9670      98.66    213.780     4.9119 2.9347e+03          1         27 0.0000e+00
   32.90182  -65.86532    19.4319   4.928779    36.5965     62.596     63.049    19.4322   4.928826    36.5965     0.3685 1.0000e-12     0.0687    98.2992      98.65    214.038     4.9179 2.9477e+03          1         23 0.0000e+00
   32.90182  -65.86532    19.4310   4.928718    36.5963     63.647     64.108    19.4313   4.928763    36.5964     0.3606 1.0000e-12     0.0540    98.6585      98.66    214.065     4.9185 2.9988e+03          1         35 0.0000e+00
   32.90182  -65.86532    19.4327   4.928863    36.5955     64.380     64.847    19.4328   4.928938    36.5960     0.3838 1.0000e-12     0.0564    98.6012      77.52    214.580     4.9303 3.0164e+03          1        103 0.0000e+00
   32.90182  -65.86532    19.4281   4.928404    36.5954     65.477     65.952    19.4283   4.928555    36.5964     0.3858 1.0000e-12     0.0674    98.3305      98.65    215.537     4.9523 2.9665e+03          1         28 0.0000e+00
   32.90182  -65.86528    19.4251   4.928112    36.5952     66.518     67.000    19.4249   4.928228    36.5963     0.3660 1.0000e-12     0.1209    97.0232      98.65    215.262     4.9460 2.9542e+03          1         25 0.0000e+00
   32.90182  -65.86528    19.4231   4.927937    36.5950     67.598     68.089    19.4234   4.928109    36.5962     0.3539 1.0000e-12     0.0750    98.1431      89.40    215.424     4.9497 2.9755e+03          1         39 0.0000e+00
   32.90182  -65.86528    19.4250   4.928137    36.5947     68.404     68.901    19.4245   4.928238    36.5959     0.3933 1.0000e-12     0.0711    98.2387      84.94    215.473     4.9508 2.9840e+03          1         98 0.0000e+00
   32.90182  -65.86528    19.4180   4.927475    36.5950     69.427     69.931    19.4182   4.927681    36.5965     0.3915 1.0000e-12     0.0880    97.8270      98.66    215.876     4.9601 2.9775e+03          1         27 0.0000e+00
