Data/ruptures/KN207-01/QL-2/20701057.cnv
* Sea-Bird SBE 9 Data File:
* FileName = C:\Data\ctd\20701057.hex
* Software Version Seasave V 7.21e
* Temperature SN = 4406
* Conductivity SN = 1474
* Number of Bytes Per Scan = 40
* Number of Voltage Words = 5
* Number of Scans Averaged by the Deck Unit = 1
* NMEA Latitude = 32 55.66 N
* NMEA Longitude = 065 54.10 W
* NMEA UTC (Time) = Apr 30 2012 10:06:35
** R/V Knorr Cruise # KN207-01 QL 2
** Chief Scientist: Ben Van Mooy
# nquan = 21
# nvalues = 396                         
# units = specified
# name 0 = latitude: Latitude [deg]
# name 1 = longitude: Longitude [deg]
# name 2 = t090C: Temperature [ITS-90, deg C]
# name 3 = c0S/m: Conductivity [S/m]
# name 4 = sal00: Salinity, Practical [PSU]
# name 5 = depSM: Depth [salt water, m]
# name 6 = prDM: Pressure, Digiquartz [db]
# name 7 = t190C: Temperature, 2 [ITS-90, deg C]
# name 8 = c1S/m: Conductivity, 2 [S/m]
# name 9 = sal11: Salinity, Practical, 2 [PSU]
# name 10 = flECO-AFL: Fluorescence, WET Labs ECO-AFL/FL [mg/m^3]
# name 11 = par: PAR/Irradiance, Biospherical/Licor
# name 12 = bat: Beam Attenuation, Chelsea/Seatech [1/m]
# name 13 = xmiss: Beam Transmission, Chelsea/Seatech [%]
# name 14 = altM: Altimeter [m]
# name 15 = sbeox0Mm/Kg: Oxygen, SBE 43 [umol/kg]
# name 16 = sbeox0ML/L: Oxygen, SBE 43 [ml/l]
# name 17 = spar: SPAR/Surface Irradiance
# name 18 = pumps: Pump Status
# name 19 = nbin: number of scans per bin
# name 20 = flag: flag
# span 0 =   32.92425,   32.92764       
# span 1 =  -65.90170,  -65.90038       
# span 2 =    18.2405,    20.4401       
# span 3 =   4.114195,   5.033441       
# span 4 =    29.2212,    36.9033       
# span 5 =      2.202,    198.446       
# span 6 =      2.218,    199.951       
# span 7 =    18.2408,    20.4398       
# span 8 =   4.801884,   5.033507       
# span 9 =    34.8604,    36.7320       
# span 10 =     0.0156,     0.8073      
# span 11 = 1.0000e-12, 1.6830e-01      
# span 12 =    -0.0074,     0.0684      
# span 13 =    98.3034,   100.1849      
# span 14 =       1.04,      98.85      
# span 15 =    127.671,    382.523      
# span 16 =     2.9330,     8.7855      
# span 17 = 5.1751e+01, 1.1395e+02      
# span 18 =          1,          1      
# span 19 =         18,       4085      
# span 20 = 0.0000e+00, 0.0000e+00      
# interval = decibars: 1                
# start_time = Apr 30 2012 10:06:35 [NMEA time, header]
# bad_flag = -9.990e-29
*END*
[from data line 207]
   32.92680  -65.90108    18.6442   4.846638    36.5459    188.592    190.018    18.6746   4.849676    36.5440     0.0322 6.8847e-02    -0.0059   100.1467      98.70    189.682     4.3590 5.3633e+01          1         23 0.0000e+00
   32.92680  -65.90108    18.7809   4.862010    36.5528    187.613    189.030    18.7924   4.861420    36.5375     0.0373 7.4617e-02    -0.0052   100.1300      98.71    190.364     4.3745 5.3730e+01          1         23 0.0000e+00
   32.92678  -65.90106    18.9289   4.878202    36.5569    186.587    187.996    18.9335   4.877830    36.5497     0.0156 7.6374e-02    -0.0039   100.0987      98.71    191.458     4.3995 5.3622e+01          1         26 0.0000e+00
   32.92678  -65.90106    18.9997   4.886259    36.5625    185.606    187.007    19.0094   4.886895    36.5592     0.0463 8.2548e-02    -0.0036   100.0915      98.72    193.937     4.4564 5.3536e+01          1         25 0.0000e+00
   32.92678  -65.90106    19.0664   4.893900    36.5681    184.613    186.007    19.0652   4.892874    36.5607     0.0479 1.0455e-01    -0.0036   100.0923      98.71    197.976     4.5492 5.3536e+01          1         20 0.0000e+00
   32.92678  -65.90106    19.1658   4.904864    36.5718    183.620    185.006    19.1780   4.905066    36.5625     0.0278 1.7506e-03    -0.0031   100.0771      98.71    200.186     4.5998 5.3536e+01          1         19 0.0000e+00
   32.92678  -65.90106    19.2271   4.911640    36.5750    182.594    183.972    19.2419   4.912667    36.5703     0.0431 7.8966e-04    -0.0030   100.0753      98.70    201.854     4.6381 5.3536e+01          1         22 0.0000e+00
   32.92677  -65.90106    19.2667   4.916094    36.5785    181.607    182.976    19.2830   4.917547    36.5761     0.0319 1.0000e-12    -0.0030   100.0761      98.71    204.151     4.6908 5.3358e+01          1         25 0.0000e+00
   32.92676  -65.90106    19.2968   4.919407    36.5812    180.622    181.983    19.3164   4.921320    36.5797     0.0616 1.0000e-12    -0.0028   100.0702      98.71    206.819     4.7521 5.3536e+01          1         28 0.0000e+00
   32.92676  -65.90106    19.3140   4.921144    36.5822    179.628    180.982    19.3208   4.922038    36.5837     0.0586 1.0000e-12    -0.0035   100.0873      98.70    207.875     4.7764 5.3453e+01          1         27 0.0000e+00
   32.92676  -65.90106    19.3263   4.922555    36.5847    178.640    179.985    19.3338   4.923257    36.5839     0.0512 1.5806e-03    -0.0039   100.0987      98.71    209.208     4.8070 5.3456e+01          1         28 0.0000e+00
   32.92676  -65.90106    19.3355   4.923486    36.5856    177.673    179.011    19.3385   4.923794    36.5857     0.0521 1.3302e-03    -0.0033   100.0835      98.71    209.807     4.8208 5.3536e+01          1         22 0.0000e+00
   32.92676  -65.90106    19.3479   4.924831    36.5869    176.686    178.016    19.3499   4.925005    36.5868     0.0583 1.0000e-12    -0.0030   100.0744      98.70    209.299     4.8091 5.3301e+01          1         19 0.0000e+00
   32.92676  -65.90106    19.3569   4.925791    36.5879    175.699    177.021    19.3572   4.925826    36.5881     0.0662 1.0000e-12    -0.0029   100.0730      98.71    209.387     4.8111 5.3164e+01          1         18 0.0000e+00
   32.92676  -65.90106    19.3628   4.926386    36.5885    174.715    176.029    19.3610   4.926197    36.5887     0.0698 1.0000e-12    -0.0020   100.0497      98.70    210.349     4.8332 5.3430e+01          1         21 0.0000e+00
   32.92676  -65.90106    19.3641   4.926434    36.5891    173.692    174.999    19.3656   4.926630    36.5895     0.0453 1.0000e-12     0.0024    99.9395      98.70    210.423     4.8349 5.2960e+01          1         31 0.0000e+00
   32.92676  -65.90106    19.3670   4.926658    36.5895    172.738    174.037    19.3672   4.926731    36.5900     0.0849 4.4174e-06    -0.0005   100.0115      98.71    210.813     4.8438 5.3297e+01          1         28 0.0000e+00
   32.92674  -65.90106    19.3671   4.926611    36.5899    171.735    173.025    19.3674   4.926728    36.5907     0.0730 1.0000e-12    -0.0011   100.0265      98.70    211.389     4.8571 5.2899e+01          1         21 0.0000e+00
   32.92674  -65.90106    19.3694   4.926860    36.5907    170.718    172.001    19.3692   4.926910    36.5914     0.0513 1.0000e-12    -0.0014   100.0338      98.71    211.194     4.8526 5.3217e+01          1         21 0.0000e+00
   32.92674  -65.90106    19.3714   4.927025    36.5911    169.682    170.957    19.3706   4.926961    36.5914     0.0853 1.0000e-12    -0.0008   100.0185      98.71    211.450     4.8585 5.3001e+01          1         25 0.0000e+00
   32.92674  -65.90106    19.3720   4.927013    36.5912    168.738    170.005    19.3719   4.927081    36.5919     0.0592 1.0000e-12     0.0012    99.9702      98.70    211.774     4.8659 5.2822e+01          1         25 0.0000e+00
   32.92674  -65.90106    19.3719   4.926924    36.5913    167.757    169.017    19.3717   4.927001    36.5921     0.0889 1.0000e-12     0.0002    99.9948      98.70    211.641     4.8629 5.2663e+01          1         23 0.0000e+00
   32.92674  -65.90106    19.3719   4.926908    36.5918    166.748    168.000    19.3721   4.926987    36.5923     0.0526 1.0000e-12     0.0003    99.9933      98.70    211.431     4.8580 5.2644e+01          1         20 0.0000e+00
   32.92674  -65.90106    19.3724   4.926897    36.5919    165.758    167.001    19.3723   4.926952    36.5924     0.0967 1.0000e-12     0.0010    99.9753      98.71    211.647     4.8630 5.2465e+01          1         25 0.0000e+00
   32.92674  -65.90106    19.3730   4.926903    36.5920    164.776    166.012    19.3729   4.926962    36.5926     0.0788 1.0000e-12     0.0013    99.9672      98.71    211.573     4.8613 5.2163e+01          1         26 0.0000e+00
   32.92674  -65.90106    19.3730   4.926863    36.5922    163.786    165.014    19.3730   4.926925    36.5928     0.0659 1.0000e-12     0.0012    99.9712      98.71    211.477     4.8591 5.2287e+01          1         25 0.0000e+00
   32.92674  -65.90106    19.3730   4.926823    36.5924    162.769    163.989    19.3734   4.926939    36.5931     0.0804 1.0000e-12     0.0012    99.9702      98.70    211.746     4.8653 5.2328e+01          1         24 0.0000e+00
   32.92672  -65.90104    19.3736   4.926843    36.5925    161.782    162.994    19.3735   4.926907    36.5932     0.0930 1.0000e-12     0.0018    99.9541      98.71    211.831     4.8672 5.2049e+01          1         24 0.0000e+00
   32.92672  -65.90104    19.3737   4.926805    36.5926    160.823    162.027    19.3737   4.926889    36.5933     0.1083 1.0000e-12     0.0014    99.9646      98.71    211.262     4.8541 5.2081e+01          1         23 0.0000e+00
   32.92672  -65.90104    19.3736   4.926744    36.5927    159.795    160.991    19.3737   4.926852    36.5935     0.1036 1.0000e-12     0.0016    99.9590      98.71    211.333     4.8558 5.1887e+01          1         23 0.0000e+00
   32.92672  -65.90104    19.3737   4.926720    36.5929    158.791    159.980    19.3737   4.926793    36.5935     0.1137 1.0000e-12     0.0016    99.9612      98.70    211.837     4.8674 5.2372e+01          1         23 0.0000e+00
   32.92672  -65.90104    19.3738   4.926702    36.5930    157.797    158.978    19.3733   4.926721    36.5937     0.1292 1.0000e-12     0.0013    99.9681      98.71    212.100     4.8734 5.2197e+01          1         25 0.0000e+00
   32.92672  -65.90104    19.3736   4.926638    36.5931    156.821    157.994    19.3738   4.926723    36.5937     0.1007 1.0000e-12     0.0020    99.9484      98.70    211.995     4.8710 5.1991e+01          1         26 0.0000e+00
   32.92672  -65.90104    19.3736   4.926576    36.5931    155.840    157.005    19.3736   4.926680    36.5940     0.1020 1.0000e-12     0.0020    99.9496      98.71    211.958     4.8701 5.1751e+01          1         25 0.0000e+00
   32.92672  -65.90104    19.3736   4.926548    36.5933    154.856    156.014    19.3737   4.926635    36.5939     0.1214 1.0000e-12     0.0038    99.9040      98.70    212.174     4.8751 5.1836e+01          1         21 0.0000e+00
   32.92672  -65.90104    19.3739   4.926548    36.5935    153.837    154.986    19.3738   4.926613    36.5940     0.1187 1.0000e-12     0.0041    99.8988      98.71    212.035     4.8719 5.2319e+01          1         22 0.0000e+00
   32.92672  -65.90104    19.3740   4.926488    36.5933    152.830    153.972    19.3740   4.926591    36.5942     0.1121 1.0000e-12     0.0031    99.9234      98.71    211.652     4.8631 5.2015e+01          1         22 0.0000e+00
   32.92670  -65.90104    19.3735   4.926407    36.5934    151.868    153.002    19.3739   4.926534    36.5942     0.1213 1.1852e-02     0.0035    99.9141      98.71    211.855     4.8678 5.1934e+01          1         39 0.0000e+00
   32.92670  -65.90104    19.3742   4.926458    36.5937    150.822    151.948    19.3742   4.926551    36.5945     0.1442 1.2618e-02     0.0031    99.9225      98.71    212.281     4.8776 5.2149e+01          1         74 0.0000e+00
   32.92668  -65.90104    19.3743   4.926439    36.5939    149.954    151.073    19.3744   4.926541    36.5946     0.1313 1.0000e-12     0.0042    99.8958      98.71    212.147     4.8745 5.2107e+01          1         64 0.0000e+00
   32.92664  -65.90102    19.3743   4.926441    36.5942    149.200    150.313    19.3742   4.926525    36.5950     0.1424 3.1374e-04     0.0045    99.8876      98.71    212.220     4.8762 5.4227e+01          1        258 0.0000e+00
   32.92650  -65.90098    19.3742   4.926414    36.5946    147.966    149.070    19.3742   4.926492    36.5953     0.1512 1.0000e-12     0.0032    99.9204      98.72    212.153     4.8746 6.0177e+01          1         45 0.0000e+00
   32.92650  -65.90098    19.3742   4.926349    36.5945    146.927    148.022    19.3741   4.926429    36.5952     0.1696 1.0000e-12     0.0041    99.8985      98.72    212.329     4.8787 6.0466e+01          1         28 0.0000e+00
   32.92650  -65.90098    19.3742   4.926313    36.5945    145.931    147.019    19.3741   4.926388    36.5952     0.1424 4.3515e-03     0.0051    99.8721      98.72    212.608     4.8851 6.0392e+01          1         27 0.0000e+00
   32.92650  -65.90098    19.3741   4.926259    36.5945    144.929    146.009    19.3741   4.926342    36.5952     0.1523 7.9713e-03     0.0045    99.8866      98.72    212.454     4.8815 6.0297e+01          1         32 0.0000e+00
   32.92650  -65.90098    19.3740   4.926198    36.5945    143.938    145.010    19.3740   4.926292    36.5952     0.1591 8.0510e-03     0.0039    99.9027      98.73    211.937     4.8697 6.0612e+01          1         29 0.0000e+00
   32.92650  -65.90098    19.3740   4.926154    36.5945    142.935    143.999    19.3740   4.926233    36.5952     0.1207 4.4548e-03     0.0045    99.8890      98.72    211.979     4.8706 6.0570e+01          1         26 0.0000e+00
   32.92650  -65.90098    19.3741   4.926127    36.5945    141.951    143.007    19.3741   4.926207    36.5952     0.1452 2.9111e-03     0.0053    99.8663      98.71    212.237     4.8766 6.0742e+01          1         26 0.0000e+00
   32.92649  -65.90098    19.3741   4.926088    36.5946    140.960    142.009    19.3741   4.926165    36.5952     0.1623 3.3251e-03     0.0046    99.8855      98.72    212.258     4.8770 6.0692e+01          1         24 0.0000e+00
   32.92648  -65.90098    19.3742   4.926044    36.5945    139.973    141.014    19.3740   4.926120    36.5953     0.1623 3.1233e-03     0.0053    99.8685      98.74    212.390     4.8801 6.0758e+01          1         21 0.0000e+00
   32.92648  -65.90098    19.3742   4.926005    36.5945    138.970    140.004    19.3742   4.926079    36.5952     0.1617 2.7943e-03     0.0066    99.8346      98.73    212.547     4.8837 6.0835e+01          1         22 0.0000e+00
   32.92648  -65.90098    19.3742   4.925960    36.5946    137.958    138.984    19.3742   4.926044    36.5953     0.1669 4.7877e-03     0.0069    99.8282      98.72    212.676     4.8866 6.1197e+01          1         23 0.0000e+00
   32.92648  -65.90098    19.3742   4.925922    36.5947    137.006    138.024    19.3741   4.925993    36.5953     0.1680 8.8465e-03     0.0069    99.8266      98.73    212.280     4.8776 6.1250e+01          1         24 0.0000e+00
   32.92648  -65.90098    19.3742   4.925869    36.5945    136.017    137.027    19.3741   4.925945    36.5953     0.1852 8.6712e-03     0.0074    99.8170      98.73    212.116     4.8738 6.1250e+01          1         24 0.0000e+00
   32.92648  -65.90096    19.3740   4.925795    36.5945    135.004    136.006    19.3740   4.925886    36.5952     0.1800 7.3842e-03     0.0066    99.8349      98.73    212.055     4.8724 6.1391e+01          1         23 0.0000e+00
   32.92648  -65.90096    19.3739   4.925736    36.5945    133.990    134.985    19.3739   4.925818    36.5952     0.1810 7.5952e-03     0.0059    99.8515      98.73    212.450     4.8814 6.1514e+01          1         26 0.0000e+00
   32.92648  -65.90096    19.3738   4.925666    36.5944    133.011    133.998    19.3738   4.925762    36.5952     0.1823 7.7170e-03     0.0077    99.8077      98.73    212.600     4.8849 6.1833e+01          1         25 0.0000e+00
   32.92648  -65.90096    19.3737   4.925614    36.5944    132.020    133.000    19.3737   4.925706    36.5952     0.2032 8.1008e-03     0.0079    99.8016      98.73    212.084     4.8730 6.2293e+01          1         27 0.0000e+00
   32.92647  -65.90096    19.3736   4.925559    36.5944    131.016    131.987    19.3736   4.925651    36.5952     0.2215 6.9746e-03     0.0065    99.8373      98.72    212.035     4.8719 6.2086e+01          1         24 0.0000e+00
   32.92646  -65.90096    19.3736   4.925496    36.5942    130.068    131.033    19.3736   4.925589    36.5950     0.1914 2.6107e-03     0.0057    99.8570      98.73    212.014     4.8714 6.2235e+01          1         20 0.0000e+00
   32.92646  -65.90096    19.3735   4.925470    36.5944    129.077    130.033    19.3735   4.925537    36.5950     0.1916 2.5952e-03     0.0053    99.8685      98.73    211.891     4.8686 6.2139e+01          1         21 0.0000e+00
   32.92646  -65.90096    19.3736   4.925414    36.5943    128.049    128.998    19.3736   4.925494    36.5950     0.1969 6.5268e-04     0.0058    99.8532      98.73    211.930     4.8695 6.1900e+01          1         20 0.0000e+00
   32.92646  -65.90096    19.3734   4.925361    36.5944    127.065    128.007    19.3735   4.925444    36.5950     0.1841 1.0000e-12     0.0063    99.8416      98.73    212.144     4.8744 6.2361e+01          1         23 0.0000e+00
   32.92646  -65.90096    19.3736   4.925341    36.5945    126.024    126.957    19.3737   4.925429    36.5951     0.1956 1.0000e-12     0.0068    99.8308      98.73    212.546     4.8837 6.2170e+01          1         31 0.0000e+00
   32.92646  -65.90096    19.3740   4.925331    36.5944    125.073    125.998    19.3741   4.925430    36.5951     0.2359 1.0000e-12     0.0085    99.7884      98.73    212.130     4.8741 6.2458e+01          1         29 0.0000e+00
   32.92646  -65.90096    19.3741   4.925298    36.5944    124.115    125.034    19.3741   4.925383    36.5951     0.2071 1.0000e-12     0.0085    99.7881      98.73    212.490     4.8824 6.2365e+01          1         24 0.0000e+00
   32.92646  -65.90096    19.3741   4.925252    36.5944    123.074    123.984    19.3740   4.925333    36.5952     0.2139 1.0000e-12     0.0091    99.7734      98.73    212.562     4.8840 6.2304e+01          1         29 0.0000e+00
   32.92645  -65.90096    19.3737   4.925164    36.5944    122.006    122.908    19.3736   4.925238    36.5951     0.2392 1.0000e-12     0.0089    99.7785      98.72    212.149     4.8745 6.2410e+01          1         46 0.0000e+00
