Data/ruptures/KN207-01/QL-2/20701064.cnv
* Sea-Bird SBE 9 Data File:
* FileName = C:\Data\ctd\20701064.hex
* Software Version Seasave V 7.21e
* Temperature SN = 4406
* Conductivity SN = 1474
* Number of Bytes Per Scan = 40
* Number of Voltage Words = 5
* Number of Scans Averaged by the Deck Unit = 1
* NMEA Latitude = 32 56.24 N
* NMEA Longitude = 065 50.87 W
* NMEA UTC (Time) = Apr 30 2012 23:59:52
** R/V Knorr Cruise # KN207-01 QL 2
** Chief Scientist: Ben Van Mooy
# nquan = 21
# nvalues = 398                         
# units = specified
# name 0 = latitude: Latitude [deg]
# name 1 = longitude: Longitude [deg]
# name 2 = t090C: Temperature [ITS-90, deg C]
# name 3 = c0S/m: Conductivity [S/m]
# name 4 = sal00: Salinity, Practical [PSU]
# name 5 = depSM: Depth [salt water, m]
# name 6 = prDM: Pressure, Digiquartz [db]
# name 7 = t190C: Temperature, 2 [ITS-90, deg C]
# name 8 = c1S/m: Conductivity, 2 [S/m]
# name 9 = sal11: Salinity, Practical, 2 [PSU]
# name 10 = flECO-AFL: Fluorescence, WET Labs ECO-AFL/FL [mg/m^3]
# name 11 = par: PAR/Irradiance, Biospherical/Licor
# name 12 = bat: Beam Attenuation, Chelsea/Seatech [1/m]
# name 13 = xmiss: Beam Transmission, Chelsea/Seatech [%]
# name 14 = altM: Altimeter [m]
# name 15 = sbeox0Mm/Kg: Oxygen, SBE 43 [umol/kg]
# name 16 = sbeox0ML/L: Oxygen, SBE 43 [ml/l]
# name 17 = spar: SPAR/Surface Irradiance
# name 18 = pumps: Pump Status
# name 19 = nbin: number of scans per bin
# name 20 = flag: flag
# span 0 =   32.93745,   32.93876       
# span 1 =  -65.84793,  -65.84694       
# span 2 =    17.9492,    20.4183       
# span 3 =   4.769745,   5.032101       
# span 4 =    36.5154,    36.6107       
# span 5 =      2.002,    199.390       
# span 6 =      2.016,    200.902       
# span 7 =    17.9567,    20.4185       
# span 8 =   4.770714,   5.032281       
# span 9 =    36.5138,    36.6120       
# span 10 =     0.0078,     0.7247      
# span 11 = 1.0000e-12, 1.0000e-12      
# span 12 =    -0.0113,     0.0951      
# span 13 =    97.6518,   100.2819      
# span 14 =       3.91,      98.72      
# span 15 =    186.859,    222.942      
# span 16 =     4.2944,     5.1222      
# span 17 = 1.3384e+01, 1.4644e+01      
# span 18 =          1,          1      
# span 19 =         14,        813      
# span 20 = 0.0000e+00, 0.0000e+00      
# interval = decibars: 1                
# start_time = Apr 30 2012 23:59:52 [NMEA time, header]
# bad_flag = -9.990e-29
*END*
[from data line 276]
   32.93794  -65.84726    19.3724   4.925019    36.5942    122.123    123.026    19.3715   4.925041    36.5952     0.2514 1.0000e-12     0.0089    99.7788      98.66    213.989     4.9168 1.4500e+01          1         18 0.0000e+00
   32.93794  -65.84726    19.3728   4.925036    36.5944    121.110    122.006    19.3729   4.925173    36.5954     0.2933 1.0000e-12     0.0144    99.6399      98.66    213.871     4.9141 1.3942e+01          1         20 0.0000e+00
   32.93794  -65.84726    19.3736   4.925071    36.5943    120.109    120.997    19.3731   4.925145    36.5954     0.3262 1.0000e-12     0.0127    99.6839      98.65    213.826     4.9131 1.4195e+01          1         22 0.0000e+00
   32.93794  -65.84726    19.3738   4.925049    36.5943    119.130    120.011    19.3737   4.925169    36.5955     0.3762 1.0000e-12     0.0146    99.6360      98.65    214.294     4.9238 1.3869e+01          1         23 0.0000e+00
   32.93794  -65.84726    19.3739   4.925010    36.5944    118.127    119.000    19.3736   4.925117    36.5955     0.3938 1.0000e-12     0.0178    99.5569      98.65    214.432     4.9270 1.3727e+01          1         26 0.0000e+00
   32.93794  -65.84725    19.3739   4.924950    36.5942    117.114    117.979    19.3735   4.925068    36.5956     0.3738 1.0000e-12     0.0179    99.5547      98.66    214.357     4.9253 1.4248e+01          1         31 0.0000e+00
   32.93794  -65.84724    19.3741   4.924921    36.5942    116.137    116.994    19.3736   4.925023    36.5955     0.4161 1.0000e-12     0.0173    99.5697      98.66    213.609     4.9081 1.3960e+01          1         31 0.0000e+00
   32.93794  -65.84724    19.3746   4.924948    36.5943    115.136    115.986    19.3735   4.924956    36.5954     0.4271 1.0000e-12     0.0201    99.4993      98.66    213.849     4.9136 1.3992e+01          1         22 0.0000e+00
   32.93794  -65.84724    19.3750   4.924955    36.5944    114.148    114.990    19.3743   4.924989    36.5953     0.4134 1.0000e-12     0.0207    99.4831      98.66    214.386     4.9259 1.3880e+01          1         18 0.0000e+00
   32.93794  -65.84724    19.3751   4.924912    36.5943    113.181    114.016    19.3749   4.925020    36.5954     0.4190 1.0000e-12     0.0213    99.4696      98.67    214.493     4.9284 1.3646e+01          1         17 0.0000e+00
   32.93795  -65.84724    19.3753   4.924881    36.5943    112.174    113.000    19.3752   4.925006    36.5954     0.4428 1.0000e-12     0.0213    99.4688      98.66    214.274     4.9233 1.3891e+01          1         22 0.0000e+00
   32.93796  -65.84724    19.3758   4.924899    36.5944    111.161    111.981    19.3750   4.924899    36.5951     0.4613 1.0000e-12     0.0218    99.4579      98.66    214.031     4.9178 1.3962e+01          1         27 0.0000e+00
   32.93796  -65.84724    19.3764   4.924905    36.5943    110.206    111.018    19.3751   4.924943    36.5957     0.4646 1.0000e-12     0.0235    99.4134      98.66    213.883     4.9144 1.4081e+01          1         32 0.0000e+00
   32.93796  -65.84724    19.3762   4.924853    36.5944    109.217    110.021    19.3755   4.924942    36.5957     0.5266 1.0000e-12     0.0243    99.3942      98.66    214.471     4.9279 1.4228e+01          1         37 0.0000e+00
   32.93796  -65.84724    19.3766   4.924862    36.5945    108.212    109.009    19.3757   4.924901    36.5956     0.5304 1.0000e-12     0.0221    99.4496      98.66    214.746     4.9342 1.3703e+01          1         28 0.0000e+00
   32.93796  -65.84724    19.3772   4.924818    36.5940    107.210    107.999    19.3764   4.924903    36.5954     0.4717 1.0000e-12     0.0259    99.3553      98.65    214.542     4.9295 1.3570e+01          1         24 0.0000e+00
   32.93796  -65.84724    19.3774   4.924828    36.5943    106.228    107.010    19.3772   4.924944    36.5954     0.4644 1.0000e-12     0.0223    99.4431      98.66    214.168     4.9209 1.3756e+01          1         24 0.0000e+00
   32.93796  -65.84724    19.3774   4.924789    36.5943    105.228    106.002    19.3771   4.924908    36.5955     0.4944 1.0000e-12     0.0241    99.4002      98.66    214.495     4.9284 1.4153e+01          1         29 0.0000e+00
   32.93796  -65.84724    19.3771   4.924687    36.5941    104.213    104.979    19.3769   4.924812    36.5953     0.5442 1.0000e-12     0.0264    99.3421      98.66    214.893     4.9376 1.3756e+01          1         30 0.0000e+00
   32.93798  -65.84722    19.3772   4.924635    36.5940    103.191    103.949    19.3770   4.924757    36.5952     0.5603 1.0000e-12     0.0267    99.3363      98.66    214.786     4.9351 1.3872e+01          1         32 0.0000e+00
   32.93798  -65.84722    19.3775   4.924626    36.5940    102.195    102.945    19.3769   4.924730    36.5954     0.5335 1.0000e-12     0.0272    99.3234      98.66    214.669     4.9324 1.3790e+01          1         44 0.0000e+00
   32.93798  -65.84722    19.3779   4.924615    36.5939    101.343    102.087    19.3775   4.924730    36.5952     0.5937 1.0000e-12     0.0265    99.3385      98.66    215.296     4.9468 1.4295e+01          1         49 0.0000e+00
   32.93798  -65.84722    19.3785   4.924643    36.5940    100.273    101.009    19.3770   4.924638    36.5953     0.6104 1.0000e-12     0.0292    99.2720      98.67    215.031     4.9407 1.3919e+01          1         25 0.0000e+00
   32.93798  -65.84722    19.3796   4.924736    36.5942     99.237     99.965    19.3788   4.924758    36.5951     0.4979 1.0000e-12     0.0297    99.2597      98.66    214.861     4.9368 1.4187e+01          1         25 0.0000e+00
   32.93798  -65.84722    19.3811   4.924861    36.5943     98.207     98.927    19.3801   4.924885    36.5954     0.5358 1.0000e-12     0.0309    99.2313      98.67    215.005     4.9401 1.3830e+01          1         35 0.0000e+00
   32.93799  -65.84721    19.3807   4.923924    36.5872     97.401     98.116    19.3809   4.924952    36.5956     0.5954 1.0000e-12     0.0330    99.1778      98.66    215.409     4.9494 1.3860e+01          1         75 0.0000e+00
   32.93800  -65.84720    19.3818   4.924844    36.5943     96.327     97.034    19.3813   4.924913    36.5953     0.6013 1.0000e-12     0.0338    99.1590      98.67    215.220     4.9451 1.3962e+01          1         27 0.0000e+00
   32.93800  -65.84720    19.3830   4.924916    36.5942     95.271     95.969    19.3825   4.924987    36.5952     0.5834 1.0000e-12     0.0366    99.0895      98.66    215.647     4.9549 1.3715e+01          1         27 0.0000e+00
   32.93801  -65.84720    19.3833   4.924917    36.5944     94.175     94.865    19.3833   4.925052    36.5956     0.6128 1.0000e-12     0.0348    99.1337      98.66    215.435     4.9500 1.4115e+01          1         61 0.0000e+00
   32.93802  -65.84720    19.3832   4.924858    36.5943     93.474     94.158    19.3826   4.924950    36.5955     0.5862 1.0000e-12     0.0360    99.1042      98.67    215.863     4.9599 1.4080e+01          1         93 0.0000e+00
   32.93803  -65.84719    19.3846   4.924985    36.5945     92.328     93.004    19.3839   4.925052    36.5957     0.6254 1.0000e-12     0.0358    99.1085      98.67    216.053     4.9642 1.4276e+01          1        215 0.0000e+00
   32.93805  -65.84718    19.3856   4.925057    36.5946     91.341     92.009    19.3855   4.925188    36.5958     0.6558 1.0000e-12     0.0367    99.0856      90.71    216.217     4.9680 1.4205e+01          1        201 0.0000e+00
   32.93815  -65.84715    19.3865   4.925145    36.5948     90.655     91.319    19.3864   4.925269    36.5960     0.6407 1.0000e-12     0.0377    99.0623      96.78    216.666     4.9783 1.4136e+01          1        439 0.0000e+00
   32.93823  -65.84713    19.3870   4.925142    36.5949     89.363     90.016    19.3872   4.925275    36.5959     0.5725 1.0000e-12     0.0384    99.0438      98.68    217.007     4.9861 1.4128e+01          1         27 0.0000e+00
   32.93824  -65.84714    19.3874   4.925131    36.5948     88.305     88.951    19.3873   4.925261    36.5960     0.5722 1.0000e-12     0.0381    99.0515      98.68    217.118     4.9887 1.4089e+01          1         38 0.0000e+00
   32.93824  -65.84714    19.3875   4.925108    36.5949     87.401     88.040    19.3874   4.925222    36.5960     0.6024 1.0000e-12     0.0383    99.0473      98.68    216.898     4.9836 1.4062e+01          1         79 0.0000e+00
   32.93826  -65.84712    19.3878   4.925065    36.5947     86.421     87.053    19.3880   4.925219    36.5957     0.5911 1.0000e-12     0.0375    99.0677      98.68    216.824     4.9819 1.4101e+01          1         28 0.0000e+00
   32.93826  -65.84712    19.3887   4.925078    36.5944     85.388     86.011    19.3888   4.925201    36.5953     0.5554 1.0000e-12     0.0375    99.0668      98.68    216.847     4.9825 1.3596e+01          1         21 0.0000e+00
   32.93826  -65.84712    19.3892   4.925043    36.5940     84.371     84.987    19.3895   4.925201    36.5950     0.5329 1.0000e-12     0.0388    99.0339      98.68    216.761     4.9805 1.3854e+01          1         19 0.0000e+00
   32.93826  -65.84712    19.3898   4.925060    36.5939     83.343     83.952    19.3898   4.925195    36.5951     0.5469 1.0000e-12     0.0376    99.0638      98.68    217.150     4.9894 1.3966e+01          1         23 0.0000e+00
   32.93826  -65.84712    19.3903   4.925074    36.5940     82.341     82.942    19.3903   4.925188    36.5950     0.5955 1.0000e-12     0.0395    99.0173      98.68    217.556     4.9987 1.3960e+01          1         31 0.0000e+00
   32.93826  -65.84712    19.3906   4.925061    36.5940     81.416     82.009    19.3910   4.925220    36.5950     0.5542 1.0000e-12     0.0376    99.0658      98.69    217.602     4.9998 1.3911e+01          1         55 0.0000e+00
   32.93826  -65.84712    19.3909   4.925022    36.5938     80.457     81.044    19.3914   4.925193    36.5948     0.5237 1.0000e-12     0.0382    99.0507      98.68    217.236     4.9914 1.3985e+01          1         26 0.0000e+00
   32.93826  -65.84712    19.3922   4.925118    36.5938     79.463     80.042    19.3934   4.925331    36.5946     0.5143 1.0000e-12     0.0398    99.0104      98.69    216.992     4.9858 1.3880e+01          1         18 0.0000e+00
   32.93828  -65.84712    19.3941   4.925270    36.5938     78.440     79.012    19.3944   4.925413    36.5947     0.5012 1.0000e-12     0.0408    98.9837      98.67    216.906     4.9838 1.3802e+01          1         16 0.0000e+00
   32.93828  -65.84712    19.3949   4.925294    36.5937     77.411     77.975    19.3952   4.925460    36.5947     0.4944 1.0000e-12     0.0381    99.0519      98.68    216.887     4.9833 1.4004e+01          1         18 0.0000e+00
   32.93828  -65.84712    19.3962   4.925412    36.5938     76.447     77.004    19.3959   4.925469    36.5946     0.5009 1.0000e-12     0.0384    99.0447      98.15    217.385     4.9948 1.4128e+01          1         18 0.0000e+00
   32.93828  -65.84712    19.3973   4.925489    36.5939     75.424     75.973    19.3976   4.925645    36.5949     0.5021 1.0000e-12     0.0389    99.0323      84.94    218.253     5.0147 1.3790e+01          1         33 0.0000e+00
   32.93828  -65.84712    19.3981   4.925522    36.5939     74.503     75.046    19.3980   4.925635    36.5949     0.4378 1.0000e-12     0.0376    99.0634      98.68    218.286     5.0155 1.4109e+01          1         40 0.0000e+00
   32.93830  -65.84710    19.3984   4.925492    36.5937     73.493     74.027    19.3989   4.925663    36.5947     0.4425 1.0000e-12     0.0394    99.0190      89.77    217.990     5.0087 1.3549e+01          1         27 0.0000e+00
   32.93830  -65.84710    19.4023   4.925866    36.5937     72.474     73.002    19.4035   4.926048    36.5942     0.4085 1.0000e-12     0.0391    99.0276      28.87    218.030     5.0096 1.4234e+01          1         21 0.0000e+00
   32.93830  -65.84710    19.4066   4.926291    36.5937     71.478     71.997    19.4074   4.926446    36.5944     0.4174 1.0000e-12     0.0451    98.8777      98.70    217.670     5.0013 1.4376e+01          1         18 0.0000e+00
   32.93830  -65.84710    19.4094   4.926503    36.5935     70.508     71.020    19.4097   4.926637    36.5943     0.4474 1.0000e-12     0.0436    98.9162      98.69    217.238     4.9914 1.4040e+01          1         17 0.0000e+00
   32.93830  -65.84710    19.4120   4.926736    36.5934     69.511     70.016    19.4124   4.926901    36.5944     0.4052 1.0000e-12     0.0437    98.9148      98.68    217.711     5.0023 1.3971e+01          1         19 0.0000e+00
   32.93831  -65.84710    19.4130   4.926804    36.5935     68.480     68.978    19.4128   4.926864    36.5942     0.4058 1.0000e-12     0.0444    98.8948      98.69    218.650     5.0238 1.3663e+01          1         24 0.0000e+00
   32.93832  -65.84710    19.4126   4.926744    36.5938     67.473     67.963    19.4149   4.927021    36.5941     0.4604 1.0000e-12     0.0466    98.8417      98.69    219.056     5.0332 1.4500e+01          1         30 0.0000e+00
   32.93832  -65.84710    19.4159   4.927040    36.5937     66.524     67.007    19.4161   4.927137    36.5944     0.4428 1.0000e-12     0.0464    98.8458      98.69    219.656     5.0470 1.4128e+01          1         27 0.0000e+00
   32.93832  -65.84710    19.4166   4.927052    36.5936     65.556     66.031    19.4189   4.927367    36.5942     0.4246 1.0000e-12     0.0485    98.7959      98.68    219.759     5.0493 1.3652e+01          1         25 0.0000e+00
   32.93832  -65.84710    19.4232   4.927683    36.5934     64.555     65.024    19.4251   4.927967    36.5940     0.3646 1.0000e-12     0.0507    98.7406      98.69    219.788     5.0500 1.3849e+01          1         24 0.0000e+00
   32.93832  -65.84710    19.4289   4.928222    36.5931     63.595     64.056    19.4289   4.928309    36.5939     0.3775 1.0000e-12     0.0483    98.7987      98.68    219.813     5.0505 1.4021e+01          1         21 0.0000e+00
   32.93832  -65.84710    19.4336   4.928672    36.5931     62.535     62.988    19.4343   4.928868    36.5941     0.3915 1.0000e-12     0.0517    98.7167      98.69    220.054     5.0561 1.3915e+01          1         21 0.0000e+00
   32.93832  -65.84710    19.4375   4.929031    36.5930     61.524     61.970    19.4372   4.929098    36.5939     0.4061 1.0000e-12     0.0509    98.7363      98.69    220.140     5.0581 1.4234e+01          1         21 0.0000e+00
   32.93832  -65.84710    19.4404   4.929283    36.5930     60.541     60.979    19.4394   4.929256    36.5937     0.4058 1.0000e-12     0.0516    98.7192      98.68    220.569     5.0679 1.4221e+01          1         24 0.0000e+00
   32.93832  -65.84710    19.4417   4.929396    36.5931     59.593     60.025    19.4425   4.929563    36.5939     0.3745 1.0000e-12     0.0540    98.6601      98.69    220.897     5.0754 1.3942e+01          1         28 0.0000e+00
   32.93834  -65.84710    19.4439   4.929536    36.5928     58.575     58.998    19.4448   4.929729    36.5936     0.4225 1.0000e-12     0.0533    98.6767      98.69    220.893     5.0753 1.3830e+01          1         25 0.0000e+00
   32.93834  -65.84710    19.4485   4.930020    36.5931     57.565     57.981    19.4502   4.930296    36.5940     0.3405 1.0000e-12     0.0558    98.6159      98.69    220.961     5.0769 1.3992e+01          1         22 0.0000e+00
   32.93834  -65.84710    19.4535   4.930503    36.5931     56.571     56.980    19.4548   4.930650    36.5932     0.3526 1.0000e-12     0.0558    98.6132      98.69    221.140     5.0810 1.3782e+01          1         28 0.0000e+00
   32.93834  -65.84710    19.4575   4.930874    36.5931     55.622     56.024    19.4602   4.931164    36.5931     0.3446 1.0000e-12     0.0581    98.5573      98.68    221.438     5.0878 1.4045e+01          1         27 0.0000e+00
