Data/ruptures/KN207-01/QL-2/20701062.cnv
* Sea-Bird SBE 9 Data File:
* FileName = C:\Data\ctd\20701062.hex
* Software Version Seasave V 7.21e
* Temperature SN = 4406
* Conductivity SN = 1474
* Number of Bytes Per Scan = 40
* Number of Voltage Words = 5
* Number of Scans Averaged by the Deck Unit = 1
* NMEA Latitude = 32 54.11 N
* NMEA Longitude = 065 51.93 W
* NMEA UTC (Time) = Apr 30 2012 20:00:25
** R/V Knorr Cruise # KN207-01 QL 2
** Chief Scientist: Ben Van Mooy
# nquan = 21
# nvalues = 398                         
# units = specified
# name 0 = latitude: Latitude [deg]
# name 1 = longitude: Longitude [deg]
# name 2 = t090C: Temperature [ITS-90, deg C]
# name 3 = c0S/m: Conductivity [S/m]
# name 4 = sal00: Salinity, Practical [PSU]
# name 5 = depSM: Depth [salt water, m]
# name 6 = prDM: Pressure, Digiquartz [db]
# name 7 = t190C: Temperature, 2 [ITS-90, deg C]
# name 8 = c1S/m: Conductivity, 2 [S/m]
# name 9 = sal11: Salinity, Practical, 2 [PSU]
# name 10 = flECO-AFL: Fluorescence, WET Labs ECO-AFL/FL [mg/m^3]
# name 11 = par: PAR/Irradiance, Biospherical/Licor
# name 12 = bat: Beam Attenuation, Chelsea/Seatech [1/m]
# name 13 = xmiss: Beam Transmission, Chelsea/Seatech [%]
# name 14 = altM: Altimeter [m]
# name 15 = sbeox0Mm/Kg: Oxygen, SBE 43 [umol/kg]
# name 16 = sbeox0ML/L: Oxygen, SBE 43 [ml/l]
# name 17 = spar: SPAR/Surface Irradiance
# name 18 = pumps: Pump Status
# name 19 = nbin: number of scans per bin
# name 20 = flag: flag
# span 0 =   32.90138,   32.90198       
# span 1 =  -65.86561,  -65.86436       
# span 2 =    17.9504,    20.4776       
# span 3 =   4.656011,   5.038094       
# span 4 =    33.5136,    36.9275       
# span 5 =      2.398,    199.504       
# span 6 =      2.415,    201.017       
# span 7 =    17.9506,    20.4777       
# span 8 =   4.770985,   5.038228       
# span 9 =    36.5116,    36.6103       
# span 10 =     0.0046,     0.7566      
# span 11 = 1.0000e-12, 1.0000e-12      
# span 12 =    -0.0116,     0.1209      
# span 13 =    97.0232,   100.2914      
# span 14 =       1.03,      98.91      
# span 15 =    136.145,    362.026      
# span 16 =     3.1288,     8.3153      
# span 17 = 1.2997e+03, 3.1069e+03      
# span 18 =          1,          1      
# span 19 =         14,        447      
# span 20 = 0.0000e+00, 0.0000e+00      
# interval = decibars: 1                
# start_time = Apr 30 2012 20:00:25 [NMEA time, header]
# bad_flag = -9.990e-29
*END*
[from data line 207]
   32.90164  -65.86490    17.9910   4.774303    36.5153    190.576    192.017    17.9909   4.774413    36.5164     0.0261 1.0000e-12    -0.0116   100.2914      98.69    186.048     4.2760 3.0264e+03          1         24 0.0000e+00
   32.90164  -65.86490    18.0055   4.775604    36.5136    189.553    190.985    18.0048   4.775387    36.5124     0.0270 1.0000e-12    -0.0109   100.2724      98.69    185.731     4.2687 3.0290e+03          1         25 0.0000e+00
   32.90164  -65.86490    18.0257   4.777619    36.5129    188.553    189.977    18.0234   4.777338    36.5126     0.0348 1.0000e-12    -0.0108   100.2697      98.68    185.428     4.2618 3.0329e+03          1         26 0.0000e+00
   32.90164  -65.86490    18.0425   4.779439    36.5136    187.630    189.047    18.0383   4.778831    36.5122     0.0293 1.0000e-12    -0.0105   100.2630      98.69    185.713     4.2683 3.0362e+03          1         23 0.0000e+00
   32.90164  -65.86490    18.0542   4.780686    36.5141    186.620    188.029    18.0483   4.779980    36.5134     0.0284 1.0000e-12    -0.0106   100.2652      98.69    185.653     4.2669 3.0374e+03          1         23 0.0000e+00
   32.90164  -65.86490    18.0737   4.782931    36.5160    185.601    187.002    18.0664   4.781945    36.5142     0.0105 1.0000e-12    -0.0101   100.2529      98.69    185.280     4.2583 3.0376e+03          1         21 0.0000e+00
   32.90164  -65.86490    18.0925   4.784926    36.5165    184.577    185.969    18.0956   4.784694    36.5116     0.0281 1.0000e-12    -0.0092   100.2309      98.69    185.087     4.2538 3.0392e+03          1         28 0.0000e+00
   32.90164  -65.86490    18.1233   4.788108    36.5162    183.594    184.979    18.1169   4.787187    36.5142     0.0103 1.0000e-12    -0.0090   100.2242      98.69    185.377     4.2605 3.0416e+03          1         26 0.0000e+00
   32.90162  -65.86490    18.1510   4.791006    36.5163    182.637    184.014    18.1590   4.791860    36.5163     0.0407 1.0000e-12    -0.0081   100.2015      98.69    184.793     4.2470 3.0447e+03          1         25 0.0000e+00
   32.90162  -65.86490    18.1983   4.796329    36.5193    181.622    182.991    18.2037   4.795998    36.5116     0.0227 1.0000e-12    -0.0079   100.1978      98.69    184.354     4.2369 3.0462e+03          1         21 0.0000e+00
   32.90162  -65.86490    18.2854   4.806247    36.5252    180.619    181.980    18.2861   4.804767    36.5119     0.0147 1.0000e-12    -0.0078   100.1942      98.69    184.251     4.2345 3.0478e+03          1         21 0.0000e+00
   32.90162  -65.86490    18.3803   4.816431    36.5264    179.639    180.992    18.3972   4.816827    36.5143     0.0086 1.0000e-12    -0.0072   100.1814      98.69    184.418     4.2382 3.0482e+03          1         23 0.0000e+00
   32.90162  -65.86490    18.4273   4.821664    36.5294    178.659    180.004    18.4116   4.820165    36.5310     0.0246 1.0000e-12    -0.0072   100.1812      98.70    185.640     4.2662 3.0476e+03          1         24 0.0000e+00
   32.90162  -65.86489    18.4550   4.824636    36.5307    177.653    178.991    18.4569   4.824180    36.5251     0.0314 1.0000e-12    -0.0067   100.1672      98.69    187.605     4.3114 3.0471e+03          1         27 0.0000e+00
   32.90162  -65.86488    18.5030   4.830432    36.5375    176.683    178.013    18.5026   4.829244    36.5278     0.0389 1.0000e-12    -0.0060   100.1512      98.69    188.609     4.3344 3.0498e+03          1         23 0.0000e+00
   32.90162  -65.86488    18.5431   4.834668    36.5384    175.697    177.019    18.5334   4.833473    36.5370     0.0382 1.0000e-12    -0.0064   100.1615      98.69    189.057     4.3447 3.0483e+03          1         27 0.0000e+00
   32.90162  -65.86488    18.5925   4.840154    36.5412    174.688    176.002    18.5697   4.837475    36.5392     0.0535 1.0000e-12    -0.0070   100.1747      98.68    190.120     4.3691 3.0468e+03          1         23 0.0000e+00
   32.90162  -65.86488    18.6563   4.847274    36.5448    173.718    175.024    18.6283   4.843483    36.5380     0.0384 1.0000e-12    -0.0067   100.1672      98.70    190.901     4.3870 3.0470e+03          1         21 0.0000e+00
   32.90162  -65.86488    18.7694   4.859894    36.5500    172.723    174.022    18.7451   4.855512    36.5348     0.0145 1.0000e-12    -0.0055   100.1372      98.69    191.340     4.3969 3.0461e+03          1         20 0.0000e+00
   32.90162  -65.86488    18.9422   4.878785    36.5542    171.700    172.991    18.9285   4.876084    36.5436     0.0191 1.0000e-12    -0.0050   100.1244      98.69    192.262     4.4179 3.0456e+03          1         23 0.0000e+00
   32.90162  -65.86488    19.0659   4.892489    36.5596    170.702    171.984    19.0715   4.890706    36.5393     0.0386 1.0000e-12    -0.0028   100.0703      98.69    195.221     4.4858 3.0431e+03          1         29 0.0000e+00
   32.90162  -65.86488    19.0888   4.895196    36.5645    169.739    171.013    19.1315   4.899704    36.5635     0.0373 1.0000e-12    -0.0040   100.1001      98.69    201.197     4.6231 3.0398e+03          1         37 0.0000e+00
   32.90162  -65.86488    19.1595   4.902655    36.5654    168.749    170.016    19.1312   4.899438    36.5640     0.0565 1.0000e-12    -0.0055   100.1361      98.70    204.077     4.6892 3.0404e+03          1         22 0.0000e+00
   32.90162  -65.86488    19.2089   4.909060    36.5760    167.768    169.027    19.2194   4.908589    36.5626     0.0452 1.0000e-12    -0.0056   100.1406      98.70    203.378     4.6731 3.0405e+03          1         19 0.0000e+00
   32.90162  -65.86488    19.2982   4.919006    36.5802    166.758    168.009    19.2711   4.915519    36.5755     0.0484 1.0000e-12    -0.0054   100.1356      98.68    203.702     4.6805 3.0408e+03          1         16 0.0000e+00
   32.90162  -65.86488    19.3109   4.920403    36.5819    165.753    166.996    19.3094   4.919847    36.5785     0.0475 1.0000e-12    -0.0050   100.1244      98.69    205.248     4.7160 3.0385e+03          1         17 0.0000e+00
   32.90162  -65.86488    19.3294   4.922371    36.5833    164.769    166.004    19.3231   4.921454    36.5813     0.0370 1.0000e-12    -0.0051   100.1281      98.69    206.898     4.7539 3.0355e+03          1         21 0.0000e+00
   32.90162  -65.86488    19.3352   4.922964    36.5851    163.766    164.994    19.3322   4.922442    36.5834     0.0494 1.0000e-12    -0.0046   100.1143      98.69    209.521     4.8142 3.0351e+03          1         38 0.0000e+00
   32.90162  -65.86486    19.3387   4.923089    36.5850    162.837    164.057    19.3363   4.922925    36.5857     0.0468 1.0000e-12    -0.0036   100.0896      98.70    210.546     4.8377 3.0321e+03          1         31 0.0000e+00
   32.90162  -65.86486    19.3271   4.921849    36.5866    161.787    162.999    19.3283   4.921965    36.5863     0.0498 1.0000e-12    -0.0029   100.0730      98.70    209.785     4.8202 3.0286e+03          1         19 0.0000e+00
   32.90162  -65.86486    19.3469   4.923981    36.5875    160.822    162.026    19.3466   4.923655    36.5850     0.0470 1.0000e-12    -0.0049   100.1228      98.70    209.527     4.8143 3.0275e+03          1         16 0.0000e+00
   32.90162  -65.86486    19.3564   4.924881    36.5874    159.823    161.019    19.3525   4.924512    36.5878     0.0434 1.0000e-12    -0.0044   100.1101      98.70    210.100     4.8275 3.0261e+03          1         18 0.0000e+00
   32.90162  -65.86486    19.3581   4.924965    36.5877    158.786    159.974    19.3564   4.924745    36.5873     0.0493 1.0000e-12    -0.0038   100.0959      98.71    210.723     4.8418 3.0234e+03          1         28 0.0000e+00
   32.90162  -65.86486    19.3578   4.924866    36.5883    157.830    159.011    19.3575   4.924867    36.5886     0.0564 1.0000e-12    -0.0045   100.1116      98.70    211.253     4.8539 3.0137e+03          1         36 0.0000e+00
   32.90162  -65.86486    19.3546   4.924391    36.5883    156.857    158.030    19.3544   4.924478    36.5891     0.0627 1.0000e-12    -0.0042   100.1051      98.70    210.858     4.8449 3.0076e+03          1         24 0.0000e+00
   32.90162  -65.86486    19.3544   4.924313    36.5886    155.848    157.013    19.3543   4.924281    36.5884     0.0408 1.0000e-12    -0.0038   100.0963      98.69    211.094     4.8503 3.0083e+03          1         21 0.0000e+00
   32.90162  -65.86486    19.3588   4.924764    36.5891    154.823    155.980    19.3600   4.924889    36.5890     0.0455 1.0000e-12    -0.0041   100.1028      98.70    211.218     4.8531 3.0086e+03          1         19 0.0000e+00
   32.90162  -65.86486    19.3611   4.924940    36.5891    153.847    154.996    19.3607   4.924906    36.5892     0.0503 1.0000e-12    -0.0037   100.0938      98.69    211.253     4.8540 3.0094e+03          1         21 0.0000e+00
   32.90161  -65.86486    19.3616   4.924933    36.5893    152.873    154.015    19.3598   4.924811    36.5899     0.0571 1.0000e-12    -0.0031   100.0788      98.70    211.346     4.8561 3.0104e+03          1         22 0.0000e+00
   32.90160  -65.86486    19.3613   4.924891    36.5899    151.879    153.013    19.3617   4.924910    36.5897     0.0785 1.0000e-12    -0.0025   100.0632      98.69    211.661     4.8633 3.0121e+03          1         21 0.0000e+00
   32.90160  -65.86486    19.3632   4.925073    36.5903    150.873    151.999    19.3627   4.925062    36.5906     0.0728 1.0000e-12    -0.0034   100.0870      98.70    211.014     4.8484 3.0163e+03          1         22 0.0000e+00
   32.90160  -65.86486    19.3638   4.925113    36.5907    149.845    150.963    19.3607   4.924844    36.5912     0.0855 1.0000e-12    -0.0034   100.0849      98.69    210.720     4.8417 3.0176e+03          1         26 0.0000e+00
   32.90160  -65.86486    19.3652   4.925277    36.5914    148.896    150.006    19.3652   4.925286    36.5914     0.0690 1.0000e-12    -0.0032   100.0806      98.69    211.429     4.8580 3.0085e+03          1         44 0.0000e+00
   32.90160  -65.86484    19.3649   4.925171    36.5913    147.978    149.082    19.3650   4.925245    36.5919     0.0598 1.0000e-12    -0.0025   100.0637      98.69    211.872     4.8682 3.0005e+03          1         25 0.0000e+00
   32.90160  -65.86484    19.3635   4.924993    36.5916    146.942    148.037    19.3648   4.925143    36.5917     0.0454 1.0000e-12    -0.0031   100.0773      98.69    211.804     4.8666 3.0025e+03          1         18 0.0000e+00
   32.90160  -65.86484    19.3674   4.925367    36.5917    145.924    147.011    19.3673   4.925400    36.5921     0.0459 1.0000e-12    -0.0028   100.0712      98.69    211.900     4.8688 3.0056e+03          1         14 0.0000e+00
   32.90160  -65.86484    19.3680   4.925387    36.5918    144.922    146.001    19.3673   4.925384    36.5924     0.0499 1.0000e-12    -0.0022   100.0542      98.69    211.704     4.8643 3.0085e+03          1         15 0.0000e+00
   32.90160  -65.86484    19.3680   4.925370    36.5921    143.907    144.978    19.3678   4.925385    36.5924     0.0752 1.0000e-12    -0.0026   100.0644      98.70    211.306     4.8552 3.0092e+03          1         18 0.0000e+00
   32.90160  -65.86483    19.3678   4.925289    36.5922    142.854    143.917    19.3675   4.925330    36.5927     0.0645 1.0000e-12    -0.0020   100.0502      98.69    211.430     4.8580 3.0087e+03          1         44 0.0000e+00
   32.90160  -65.86482    19.3674   4.925201    36.5922    142.051    143.108    19.3670   4.925250    36.5929     0.0703 1.0000e-12    -0.0026   100.0651      98.70    210.605     4.8391 3.0043e+03          1         36 0.0000e+00
   32.90160  -65.86482    19.3656   4.924959    36.5923    140.967    142.016    19.3658   4.925014    36.5926     0.0462 1.0000e-12    -0.0030   100.0744      98.70    211.002     4.8482 3.0042e+03          1         18 0.0000e+00
   32.90160  -65.86482    19.3669   4.925061    36.5923    139.946    140.987    19.3672   4.925132    36.5926     0.0475 1.0000e-12    -0.0026   100.0644      98.70    211.704     4.8643 3.0057e+03          1         15 0.0000e+00
   32.90160  -65.86482    19.3678   4.925116    36.5924    138.971    140.004    19.3679   4.925156    36.5927     0.0501 1.0000e-12    -0.0023   100.0583      98.70    211.962     4.8702 3.0074e+03          1         14 0.0000e+00
   32.90160  -65.86482    19.3683   4.925110    36.5924    137.959    138.984    19.3678   4.925139    36.5930     0.0445 1.0000e-12    -0.0019   100.0473      98.69    211.771     4.8659 3.0072e+03          1         20 0.0000e+00
   32.90160  -65.86484    19.3679   4.925042    36.5926    136.904    137.921    19.3676   4.925085    36.5932     0.0686 1.0000e-12    -0.0020   100.0489      98.70    211.753     4.8654 3.0054e+03          1         33 0.0000e+00
   32.90160  -65.86484    19.3681   4.925021    36.5926    136.015    137.026    19.3679   4.925080    36.5933     0.0784 1.0000e-12    -0.0014   100.0334      98.70    211.606     4.8621 3.0002e+03          1         37 0.0000e+00
   32.90160  -65.86484    19.3668   4.924828    36.5926    135.012    136.014    19.3667   4.924921    36.5934     0.0649 1.0000e-12    -0.0016   100.0387      98.70    211.623     4.8624 2.9970e+03          1         24 0.0000e+00
   32.90160  -65.86484    19.3666   4.924770    36.5927    134.010    135.005    19.3670   4.924851    36.5930     0.0728 1.0000e-12    -0.0011   100.0267      98.70    211.286     4.8547 2.9982e+03          1         20 0.0000e+00
   32.90158  -65.86482    19.3680   4.924886    36.5928    132.992    133.979    19.3679   4.924924    36.5932     0.0707 1.0000e-12    -0.0013   100.0316      98.69    211.504     4.8597 3.0011e+03          1         18 0.0000e+00
   32.90158  -65.86482    19.3678   4.924823    36.5928    132.019    132.999    19.3677   4.924859    36.5932     0.0511 1.0000e-12    -0.0007   100.0168      98.70    211.720     4.8647 3.0036e+03          1         16 0.0000e+00
   32.90158  -65.86482    19.3678   4.924771    36.5928    131.040    132.011    19.3674   4.924809    36.5934     0.0743 1.0000e-12    -0.0008   100.0192      98.70    211.609     4.8621 3.0053e+03          1         21 0.0000e+00
   32.90158  -65.86482    19.3679   4.924748    36.5929    130.012    130.975    19.3677   4.924798    36.5935     0.0775 1.0000e-12    -0.0007   100.0178      98.70    211.656     4.8632 3.0037e+03          1         34 0.0000e+00
   32.90158  -65.86482    19.3676   4.924669    36.5929    129.088    130.045    19.3676   4.924766    36.5936     0.1098 1.0000e-12    -0.0007   100.0163      98.70    212.085     4.8731 3.0018e+03          1         34 0.0000e+00
   32.90158  -65.86482    19.3665   4.924515    36.5929    128.069    129.018    19.3668   4.924611    36.5935     0.0997 1.0000e-12    -0.0009   100.0216      98.70    211.662     4.8634 3.0045e+03          1         22 0.0000e+00
   32.90158  -65.86482    19.3671   4.924546    36.5931    127.076    128.017    19.3671   4.924577    36.5934     0.0854 1.0000e-12    -0.0002   100.0050      98.70    211.505     4.8597 3.0083e+03          1         17 0.0000e+00
   32.90158  -65.86482    19.3677   4.924547    36.5929    126.082    127.015    19.3675   4.924591    36.5934     0.0795 1.0000e-12     0.0003    99.9932      98.70    211.091     4.8502 3.0123e+03          1         19 0.0000e+00
   32.90158  -65.86482    19.3679   4.924520    36.5929    125.021    125.946    19.3679   4.924578    36.5934     0.0781 1.0000e-12     0.0011    99.9724      98.70    210.788     4.8433 3.0156e+03          1         23 0.0000e+00
   32.90158  -65.86482    19.3674   4.924425    36.5930    124.029    124.946    19.3675   4.924517    36.5936     0.0932 1.0000e-12     0.0016    99.9593      98.70    211.807     4.8667 3.0141e+03          1         33 0.0000e+00
