Data/ruptures/KN207-01/QL-2/20701076.cnv
* Sea-Bird SBE 9 Data File:
* FileName = C:\Data\ctd\20701076.hex
* Software Version Seasave V 7.21e
* Temperature SN = 4406
* Conductivity SN = 1474
* Number of Bytes Per Scan = 40
* Number of Voltage Words = 5
* Number of Scans Averaged by the Deck Unit = 1
* NMEA Latitude = 33 05.81 N
* NMEA Longitude = 065 39.86 W
* NMEA UTC (Time) = May 02 2012 16:15:17
** R/V Knorr Cruise # KN207-01 QL 2
** Chief Scientist: Ben Van Mooy
# nquan = 21
# nvalues = 396                         
# units = specified
# name 0 = latitude: Latitude [deg]
# name 1 = longitude: Longitude [deg]
# name 2 = t090C: Temperature [ITS-90, deg C]
# name 3 = c0S/m: Conductivity [S/m]
# name 4 = sal00: Salinity, Practical [PSU]
# name 5 = depSM: Depth [salt water, m]
# name 6 = prDM: Pressure, Digiquartz [db]
# name 7 = t190C: Temperature, 2 [ITS-90, deg C]
# name 8 = c1S/m: Conductivity, 2 [S/m]
# name 9 = sal11: Salinity, Practical, 2 [PSU]
# name 10 = flECO-AFL: Fluorescence, WET Labs ECO-AFL/FL [mg/m^3]
# name 11 = par: PAR/Irradiance, Biospherical/Licor
# name 12 = bat: Beam Attenuation, Chelsea/Seatech [1/m]
# name 13 = xmiss: Beam Transmission, Chelsea/Seatech [%]
# name 14 = altM: Altimeter [m]
# name 15 = sbeox0Mm/Kg: Oxygen, SBE 43 [umol/kg]
# name 16 = sbeox0ML/L: Oxygen, SBE 43 [ml/l]
# name 17 = spar: SPAR/Surface Irradiance
# name 18 = pumps: Pump Status
# name 19 = nbin: number of scans per bin
# name 20 = flag: flag
# span 0 =   33.09691,   33.09987       
# span 1 =  -65.66436,  -65.66055       
# span 2 =    17.9985,    20.4431       
# span 3 =   4.775245,   5.035688       
# span 4 =    36.5142,    36.6191       
# span 5 =      3.243,    199.619       
# span 6 =      3.266,    201.136       
# span 7 =    17.9971,    20.4417       
# span 8 =   4.775251,   5.035560       
# span 9 =    36.5071,    36.6239       
# span 10 =     0.0075,     0.8385      
# span 11 = 1.0000e-12, 1.0000e-12      
# span 12 =    -0.0141,     0.0713      
# span 13 =    98.2347,   100.3531      
# span 14 =       1.03,      98.81      
# span 15 =    186.128,    223.003      
# span 16 =     4.2774,     5.1235      
# span 17 = 1.2298e+03, 2.7378e+03      
# span 18 =          1,          1      
# span 19 =         16,       1151      
# span 20 = 0.0000e+00, 0.0000e+00      
# interval = decibars: 1                
# start_time = May 02 2012 16:15:17 [NMEA time, header]
# bad_flag = -9.990e-29
*END*
[from data line 207]
   33.09780  -65.66316    18.0817   4.784296    36.5192    189.590    191.026    18.0929   4.785234    36.5171     0.0125 1.0000e-12    -0.0127   100.3183      98.70    188.747     4.3380 1.8584e+03          1         22 0.0000e+00
   33.09782  -65.66314    18.1138   4.787331    36.5164    188.580    190.009    18.1253   4.787912    36.5110     0.0149 1.0000e-12    -0.0121   100.3022      98.70    188.399     4.3299 2.0924e+03          1         25 0.0000e+00
   33.09782  -65.66314    18.1397   4.790300    36.5188    187.581    189.001    18.1710   4.792884    36.5124     0.0208 1.0000e-12    -0.0117   100.2919      98.70    188.238     4.3262 2.4752e+03          1         31 0.0000e+00
   33.09782  -65.66314    18.1623   4.792357    36.5165    186.612    188.024    18.2189   4.797280    36.5071     0.0265 1.0000e-12    -0.0108   100.2700      98.70    187.500     4.3092 2.2407e+03          1         30 0.0000e+00
   33.09782  -65.66314    18.2323   4.800248    36.5207    185.577    186.981    18.3033   4.807146    36.5152     0.0223 1.0000e-12    -0.0100   100.2498      98.70    187.070     4.2993 1.6471e+03          1         25 0.0000e+00
   33.09782  -65.66312    18.3368   4.811790    36.5245    184.595    185.991    18.3968   4.817645    36.5203     0.0288 1.0000e-12    -0.0102   100.2555      98.70    186.739     4.2916 1.7012e+03          1         20 0.0000e+00
   33.09782  -65.66312    18.4362   4.822647    36.5273    183.619    185.007    18.4648   4.825499    36.5263     0.0075 1.0000e-12    -0.0100   100.2506      98.70    186.128     4.2774 1.6516e+03          1         22 0.0000e+00
   33.09782  -65.66312    18.5246   4.832535    36.5321    182.622    184.003    18.5600   4.834674    36.5188     0.0293 1.0000e-12    -0.0094   100.2345      98.69    186.270     4.2806 1.6082e+03          1         21 0.0000e+00
   33.09782  -65.66312    18.6588   4.846810    36.5326    181.625    182.997    18.6292   4.843733    36.5341     0.0363 1.0000e-12    -0.0083   100.2071      98.70    188.040     4.3211 1.7118e+03          1         23 0.0000e+00
   33.09782  -65.66312    18.7427   4.856224    36.5378    180.668    182.033    18.7390   4.853242    36.5165     0.0422 1.0000e-12    -0.0084   100.2087      98.70    190.262     4.3722 1.9677e+03          1         25 0.0000e+00
   33.09783  -65.66311    18.8119   4.864970    36.5509    179.671    181.028    18.8184   4.864245    36.5393     0.0438 1.0000e-12    -0.0080   100.2005      98.70    192.908     4.4329 2.4911e+03          1         26 0.0000e+00
   33.09784  -65.66310    18.9250   4.877161    36.5530    178.677    180.026    18.9648   4.880525    36.5457     0.0488 1.0000e-12    -0.0078   100.1948      98.70    195.235     4.4863 2.6604e+03          1         23 0.0000e+00
   33.09784  -65.66310    19.0259   4.888507    36.5593    177.682    179.022    19.0325   4.888939    36.5574     0.0516 1.0000e-12    -0.0085   100.2128      98.69    197.680     4.5424 2.6571e+03          1         25 0.0000e+00
   33.09784  -65.66310    19.0684   4.893282    36.5632    176.680    178.012    19.0910   4.895558    36.5622     0.0444 1.0000e-12    -0.0081   100.2015      98.70    200.519     4.6076 2.5894e+03          1         24 0.0000e+00
   33.09784  -65.66310    19.1030   4.897271    36.5674    175.698    177.023    19.1322   4.900179    36.5658     0.0302 1.0000e-12    -0.0052   100.1295      98.70    202.891     4.6621 2.5094e+03          1         25 0.0000e+00
   33.09785  -65.66310    19.1657   4.904080    36.5697    174.702    176.018    19.1949   4.907163    36.5697     0.0488 1.0000e-12    -0.0080   100.1981      98.70    203.931     4.6859 2.4833e+03          1         23 0.0000e+00
   33.09786  -65.66310    19.2139   4.909615    36.5742    173.717    175.026    19.2463   4.913137    36.5750     0.0453 1.0000e-12    -0.0078   100.1938      98.69    204.485     4.6986 2.6036e+03          1         20 0.0000e+00
   33.09786  -65.66310    19.2679   4.915717    36.5782    172.731    174.032    19.2804   4.916759    36.5762     0.0570 1.0000e-12    -0.0070   100.1745      98.70    205.481     4.7214 2.6376e+03          1         20 0.0000e+00
   33.09786  -65.66310    19.2957   4.918702    36.5798    171.702    172.995    19.2932   4.918183    36.5782     0.0653 1.0000e-12    -0.0072   100.1803      98.71    207.159     4.7599 2.6264e+03          1         23 0.0000e+00
   33.09786  -65.66310    19.3027   4.919435    36.5815    170.689    171.974    19.2948   4.918436    36.5807     0.0429 1.0000e-12    -0.0076   100.1901      98.71    208.712     4.7956 2.6142e+03          1         27 0.0000e+00
   33.09786  -65.66309    19.3044   4.919603    36.5830    169.752    171.029    19.3058   4.919728    36.5831     0.0297 1.0000e-12    -0.0065   100.1639      98.70    210.065     4.8267 2.6068e+03          1         28 0.0000e+00
   33.09786  -65.66308    19.3119   4.920228    36.5830    168.760    170.029    19.3140   4.920484    36.5835     0.0138 1.0000e-12    -0.0081   100.2015      98.70    210.132     4.8282 2.6019e+03          1         27 0.0000e+00
   33.09786  -65.66308    19.3213   4.921179    36.5839    167.755    169.016    19.3372   4.922745    36.5829     0.0321 1.0000e-12    -0.0076   100.1895      98.71    210.288     4.8318 2.5983e+03          1         30 0.0000e+00
   33.09786  -65.66308    19.3417   4.923400    36.5855    166.717    167.971    19.3473   4.923945    36.5852     0.0328 1.0000e-12    -0.0070   100.1750      98.70    210.593     4.8388 2.5964e+03          1         31 0.0000e+00
   33.09787  -65.66307    19.3491   4.924263    36.5873    165.759    167.005    19.3478   4.924074    36.5872     0.0296 1.0000e-12    -0.0072   100.1814      98.70    210.943     4.8468 2.5958e+03          1         32 0.0000e+00
   33.09788  -65.66306    19.3500   4.924349    36.5885    164.709    165.947    19.3494   4.924188    36.5879     0.0508 1.0000e-12    -0.0082   100.2029      98.70    211.324     4.8556 2.5964e+03          1         37 0.0000e+00
   33.09788  -65.66306    19.3588   4.925234    36.5892    163.732    164.962    19.3555   4.924849    36.5890     0.0578 1.0000e-12    -0.0073   100.1836      98.70    211.715     4.8646 2.5957e+03          1         46 0.0000e+00
   33.09790  -65.66304    19.3645   4.925734    36.5896    162.791    164.013    19.3667   4.925977    36.5898     0.0421 1.0000e-12    -0.0069   100.1712      98.71    211.996     4.8710 2.5928e+03          1        106 0.0000e+00
   33.09790  -65.66303    19.3599   4.925115    36.5900    161.834    163.049    19.3661   4.925877    36.5908     0.0552 1.0000e-12    -0.0070   100.1739      98.71    212.471     4.8819 2.5898e+03          1         93 0.0000e+00
   33.09797  -65.66295    19.3690   4.926164    36.5920    161.050    162.259    19.3700   4.926352    36.5926     0.0583 1.0000e-12    -0.0063   100.1576      98.71    212.482     4.8822 2.5609e+03          1       1081 0.0000e+00
   33.09804  -65.66284    19.3692   4.926153    36.5924    159.818    161.017    19.3698   4.926320    36.5932     0.0790 1.0000e-12    -0.0058   100.1437      98.72    212.277     4.8775 2.5432e+03          1         40 0.0000e+00
   33.09804  -65.66284    19.3697   4.926179    36.5925    158.815    160.006    19.3695   4.926252    36.5932     0.0730 1.0000e-12    -0.0060   100.1495      98.71    212.823     4.8900 2.5418e+03          1         41 0.0000e+00
   33.09805  -65.66284    19.3699   4.926152    36.5925    157.867    159.051    19.3696   4.926224    36.5933     0.0584 1.0000e-12    -0.0058   100.1446      98.71    212.529     4.8833 2.5469e+03          1         47 0.0000e+00
   33.09806  -65.66284    19.3703   4.926151    36.5924    156.854    158.029    19.3701   4.926224    36.5933     0.0609 1.0000e-12    -0.0057   100.1435      98.72    212.602     4.8849 2.5483e+03          1         35 0.0000e+00
   33.09806  -65.66284    19.3704   4.926117    36.5925    155.865    157.033    19.3701   4.926198    36.5934     0.0602 1.0000e-12    -0.0056   100.1406      98.72    212.421     4.8808 2.5469e+03          1         38 0.0000e+00
   33.09806  -65.66283    19.3706   4.926096    36.5925    154.870    156.030    19.3702   4.926156    36.5933     0.0560 1.0000e-12    -0.0054   100.1345      98.72    212.385     4.8800 2.5432e+03          1         38 0.0000e+00
   33.09806  -65.66282    19.3706   4.926060    36.5926    153.860    155.012    19.3704   4.926147    36.5934     0.0626 1.0000e-12    -0.0059   100.1478      98.72    213.068     4.8956 2.5432e+03          1         33 0.0000e+00
   33.09807  -65.66281    19.3701   4.925964    36.5926    152.901    154.046    19.3700   4.926030    36.5932     0.0732 1.0000e-12    -0.0048   100.1203      98.72    212.868     4.8911 2.5433e+03          1        113 0.0000e+00
   33.09808  -65.66280    19.3694   4.925813    36.5923    151.862    152.998    19.3693   4.925870    36.5929     0.0785 1.0000e-12    -0.0045   100.1135      98.72    212.372     4.8797 2.5439e+03          1         78 0.0000e+00
   33.09815  -65.66272    19.3700   4.925861    36.5924    151.209    152.340    19.3701   4.925962    36.5932     0.0914 1.0000e-12    -0.0040   100.1014      98.72    212.696     4.8871 2.5392e+03          1        735 0.0000e+00
   33.09822  -65.66262    19.3703   4.925845    36.5925    149.877    150.998    19.3704   4.925956    36.5934     0.0946 1.0000e-12    -0.0043   100.1076      98.73    212.831     4.8902 2.5456e+03          1         49 0.0000e+00
   33.09822  -65.66262    19.3703   4.925810    36.5925    148.927    150.040    19.3703   4.925896    36.5933     0.0897 1.0000e-12    -0.0038   100.0954      98.72    212.589     4.8846 2.5469e+03          1         39 0.0000e+00
   33.09822  -65.66262    19.3703   4.925760    36.5925    147.904    149.009    19.3703   4.925851    36.5933     0.0753 1.0000e-12    -0.0041   100.1021      98.73    212.438     4.8812 2.5461e+03          1         30 0.0000e+00
   33.09823  -65.66262    19.3702   4.925718    36.5926    146.872    147.969    19.3703   4.925796    36.5933     0.0898 1.0000e-12    -0.0040   100.1011      98.72    212.826     4.8901 2.5451e+03          1         32 0.0000e+00
   33.09824  -65.66262    19.3702   4.925652    36.5925    145.895    146.985    19.3701   4.925747    36.5934     0.0918 1.0000e-12    -0.0037   100.0926      98.72    212.946     4.8928 2.5472e+03          1         42 0.0000e+00
   33.09824  -65.66262    19.3701   4.925608    36.5926    144.918    145.999    19.3701   4.925701    36.5934     0.1096 1.0000e-12    -0.0031   100.0780      98.73    212.727     4.8878 2.5478e+03          1         46 0.0000e+00
   33.09826  -65.66260    19.3700   4.925567    36.5927    143.958    145.032    19.3702   4.925670    36.5935     0.0912 1.0000e-12    -0.0033   100.0826      98.73    212.514     4.8829 2.5476e+03          1         56 0.0000e+00
   33.09826  -65.66259    19.3703   4.925552    36.5927    142.890    143.956    19.3704   4.925659    36.5935     0.0980 1.0000e-12    -0.0031   100.0786      98.73    212.519     4.8830 2.5482e+03          1        164 0.0000e+00
   33.09828  -65.66256    19.3705   4.925527    36.5928    141.725    142.782    19.3705   4.925624    36.5936     0.1067 1.0000e-12    -0.0037   100.0930      98.73    212.527     4.8832 2.5467e+03          1        167 0.0000e+00
   33.09837  -65.66248    19.3705   4.925516    36.5928    141.293    142.346    19.3705   4.925607    36.5936     0.0915 1.0000e-12    -0.0034   100.0848      98.39    212.624     4.8854 2.5589e+03          1       1062 0.0000e+00
   33.09846  -65.66238    19.3704   4.925434    36.5927    139.973    141.017    19.3705   4.925539    36.5936     0.1000 1.0000e-12    -0.0035   100.0889      66.84    212.403     4.8804 2.5725e+03          1         42 0.0000e+00
   33.09846  -65.66238    19.3703   4.925364    36.5926    138.989    140.024    19.3704   4.925463    36.5934     0.1041 1.0000e-12    -0.0026   100.0650      98.74    212.730     4.8879 2.5743e+03          1         29 0.0000e+00
   33.09846  -65.66238    19.3700   4.925285    36.5926    137.992    139.020    19.3701   4.925395    36.5935     0.0930 1.0000e-12    -0.0032   100.0800      98.75    212.647     4.8860 2.5757e+03          1         33 0.0000e+00
   33.09848  -65.66236    19.3697   4.925183    36.5924    136.953    137.973    19.3697   4.925297    36.5934     0.0938 1.0000e-12    -0.0035   100.0873      98.74    213.104     4.8965 2.5752e+03          1         43 0.0000e+00
   33.09848  -65.66236    19.3694   4.925100    36.5924    136.006    137.018    19.3694   4.925200    36.5932     0.1032 1.0000e-12    -0.0031   100.0792      98.74    212.362     4.8794 2.5741e+03          1         33 0.0000e+00
   33.09848  -65.66236    19.3695   4.925061    36.5923    135.020    136.025    19.3694   4.925138    36.5930     0.0940 1.0000e-12    -0.0032   100.0797      98.74    212.493     4.8825 2.5741e+03          1         23 0.0000e+00
   33.09848  -65.66236    19.3697   4.925050    36.5924    134.022    135.019    19.3697   4.925134    36.5931     0.0881 1.0000e-12    -0.0034   100.0848      98.74    212.835     4.8903 2.5737e+03          1         24 0.0000e+00
   33.09848  -65.66236    19.3696   4.924982    36.5924    133.006    133.995    19.3695   4.925074    36.5932     0.0800 1.0000e-12    -0.0020   100.0504      98.75    212.947     4.8929 2.5736e+03          1         25 0.0000e+00
   33.09848  -65.66236    19.3692   4.924895    36.5923    132.010    132.992    19.3693   4.924984    36.5930     0.0980 1.0000e-12    -0.0013   100.0313      98.74    212.510     4.8828 2.5736e+03          1         29 0.0000e+00
   33.09848  -65.66236    19.3695   4.924874    36.5922    131.034    132.008    19.3695   4.924960    36.5930     0.0874 1.0000e-12     0.0022    99.9444      98.75    212.274     4.8774 2.5741e+03          1         31 0.0000e+00
   33.09848  -65.66236    19.3694   4.924807    36.5921    130.065    131.031    19.3695   4.924905    36.5929     0.1422 1.0000e-12    -0.0000   100.0014      98.75    211.987     4.8708 2.5742e+03          1         28 0.0000e+00
   33.09849  -65.66235    19.3693   4.924749    36.5921    129.048    130.006    19.3693   4.924836    36.5928     0.1150 1.0000e-12    -0.0016   100.0384      98.74    212.458     4.8816 2.5738e+03          1         23 0.0000e+00
   33.09850  -65.66234    19.3696   4.924740    36.5922    128.028    128.979    19.3696   4.924833    36.5930     0.1039 1.0000e-12    -0.0005   100.0115      98.74    212.685     4.8868 2.5730e+03          1         23 0.0000e+00
   33.09850  -65.66234    19.3700   4.924739    36.5922    127.050    127.993    19.3701   4.924829    36.5929     0.1322 1.0000e-12     0.0004    99.9914      98.74    212.866     4.8910 2.5736e+03          1         23 0.0000e+00
   33.09850  -65.66234    19.3705   4.924763    36.5923    126.085    127.020    19.3705   4.924835    36.5929     0.1459 1.0000e-12     0.0007    99.9836      98.75    212.943     4.8928 2.5741e+03          1         25 0.0000e+00
   33.09850  -65.66234    19.3707   4.924730    36.5922    125.071    125.998    19.3707   4.924821    36.5930     0.1708 1.0000e-12     0.0017    99.9573      98.75    213.139     4.8973 2.5740e+03          1         30 0.0000e+00
   33.09851  -65.66233    19.3710   4.924719    36.5923    124.069    124.989    19.3708   4.924778    36.5929     0.1776 1.0000e-12     0.0042    99.8950      98.75    212.404     4.8804 2.5743e+03          1         26 0.0000e+00
   33.09852  -65.66232    19.3716   4.924748    36.5923    123.083    123.995    19.3713   4.924797    36.5930     0.1758 1.0000e-12     0.0066    99.8355      98.75    212.365     4.8795 2.5735e+03          1         25 0.0000e+00
