Data/ruptures/KN207-01/QL-2/20701055.cnv
* Sea-Bird SBE 9 Data File:
* FileName = C:\Data\ctd\20701055.hex
* Software Version Seasave V 7.21e
* Temperature SN = 4406
* Conductivity SN = 1474
* Number of Bytes Per Scan = 40
* Number of Voltage Words = 5
* Number of Scans Averaged by the Deck Unit = 1
* NMEA Latitude = 32 57.18 N
* NMEA Longitude = 065 58.44 W
* NMEA UTC (Time) = Apr 30 2012 01:06:00
** R/V Knorr Cruise # KN207-01 QL2
** Chief Scientist: Ben Van Mooy
# nquan = 21
# nvalues = 401                         
# units = specified
# name 0 = latitude: Latitude [deg]
# name 1 = longitude: Longitude [deg]
# name 2 = t090C: Temperature [ITS-90, deg C]
# name 3 = c0S/m: Conductivity [S/m]
# name 4 = sal00: Salinity, Practical [PSU]
# name 5 = depSM: Depth [salt water, m]
# name 6 = prDM: Pressure, Digiquartz [db]
# name 7 = t190C: Temperature, 2 [ITS-90, deg C]
# name 8 = c1S/m: Conductivity, 2 [S/m]
# name 9 = sal11: Salinity, Practical, 2 [PSU]
# name 10 = flECO-AFL: Fluorescence, WET Labs ECO-AFL/FL [mg/m^3]
# name 11 = par: PAR/Irradiance, Biospherical/Licor
# name 12 = bat: Beam Attenuation, Chelsea/Seatech [1/m]
# name 13 = xmiss: Beam Transmission, Chelsea/Seatech [%]
# name 14 = altM: Altimeter [m]
# name 15 = sbeox0Mm/Kg: Oxygen, SBE 43 [umol/kg]
# name 16 = sbeox0ML/L: Oxygen, SBE 43 [ml/l]
# name 17 = spar: SPAR/Surface Irradiance
# name 18 = pumps: Pump Status
# name 19 = nbin: number of scans per bin
# name 20 = flag: flag
# span 0 =   32.95094,   32.95312       
# span 1 =  -65.97446,  -65.97405       
# span 2 =    18.2487,    20.4611       
# span 3 =   4.517586,   5.035476       
# span 4 =    32.4124,    36.9996       
# span 5 =      2.384,    200.992       
# span 6 =      2.401,    202.518       
# span 7 =    18.2488,    20.4611       
# span 8 =   4.738933,   5.035461       
# span 9 =    34.1934,    36.9660       
# span 10 =     0.0108,     1.0254      
# span 11 = 1.0000e-12, 1.0000e-12      
# span 12 =    -0.0070,     0.1261      
# span 13 =    96.8960,   100.1758      
# span 14 =       1.04,      98.85      
# span 15 =    136.501,    364.411      
# span 16 =     3.1360,     8.3699      
# span 17 = 1.3384e+01, 1.4995e+01      
# span 18 =          1,          1      
# span 19 =          1,       1082      
# span 20 = 0.0000e+00, 0.0000e+00      
# interval = decibars: 1                
# start_time = Apr 30 2012 01:06:00 [NMEA time, header]
# bad_flag = -9.990e-29
*END*
   32.95312  -65.97405    20.4559   4.517586    32.4124      3.796      3.823    20.4571   4.738933    34.1934     0.1162 1.0000e-12     0.0676    98.3252      98.67    284.384     6.5121 1.3725e+01          1        386 0.0000e+00
   32.95310  -65.97406    20.4573   4.910013    35.5811      4.782      4.816    20.4576   4.947302    35.8847     0.1098 1.0000e-12     0.0645    98.3995      98.67    297.433     6.8270 1.3632e+01          1         99 0.0000e+00
   32.95309  -65.97406    20.4598   4.986750    36.2041      6.000      6.042    20.4594   4.995261    36.2739     0.1085 1.0000e-12     0.0648    98.3938      98.67    305.502     7.0154 1.3806e+01          1         37 0.0000e+00
   32.95308  -65.97406    20.4602   4.965214    36.0279      6.769      6.817    20.4597   5.002491    36.3324     0.1148 1.0000e-12     0.0663    98.3574      98.67    334.973     7.6912 1.3609e+01          1         99 0.0000e+00
   32.95306  -65.97406    20.4607   5.016953    36.4493      7.927      7.983    20.4605   5.019527    36.4705     0.1276 1.0000e-12     0.0658    98.3686      98.66    346.810     7.9655 1.3519e+01          1         33 0.0000e+00
   32.95306  -65.97406    20.4608   5.020999    36.4819      8.901      8.964    20.4606   5.022032    36.4905     0.1132 1.0000e-12     0.0673    98.3326      98.67    364.411     8.3699 1.3685e+01          1         37 0.0000e+00
   32.95306  -65.97406    20.4609   5.024181    36.5075      9.912      9.983    20.4608   5.024936    36.5137     0.1136 1.0000e-12     0.0650    98.3890      98.67    282.206     6.4820 1.3483e+01          1         45 0.0000e+00
   32.95306  -65.97406    20.4611   5.022757    36.4953     10.922     11.000    20.4609   5.026612    36.5269     0.1049 1.0000e-12     0.0630    98.4380      98.67    215.239     4.9438 1.3769e+01          1         58 0.0000e+00
   32.95306  -65.97406    20.4609   5.025928    36.5210     11.848     11.932    20.4611   5.027636    36.5348     0.1100 1.0000e-12     0.0654    98.3778      98.68    190.946     4.3859 1.3549e+01          1         54 0.0000e+00
   32.95304  -65.97406    20.4606   5.028179    36.5393     12.880     12.971    20.4609   5.028426    36.5410     0.1263 1.0000e-12     0.0649    98.3915      98.67    185.777     4.2672 1.3769e+01          1         29 0.0000e+00
   32.95304  -65.97406    20.4611   5.028724    36.5429     13.929     14.029    20.4610   5.029146    36.5465     0.1102 1.0000e-12     0.0667    98.3466      98.67    187.337     4.3030 1.3741e+01          1         25 0.0000e+00
   32.95304  -65.97406    20.4609   5.021594    36.4844     15.012     15.119    20.4609   5.029551    36.5495     0.1124 1.0000e-12     0.0655    98.3770      81.98    192.739     4.4269 1.3772e+01          1         46 0.0000e+00
   32.95303  -65.97406    20.4574   5.026913    36.5307     15.719     15.831    20.4600   5.030136    36.5548     0.1130 1.0000e-12     0.0670    98.3398      98.67    181.255     4.1633 1.3598e+01          1         73 0.0000e+00
   32.95302  -65.97406    20.4161   5.030419    36.5956     16.842     16.962    20.4176   5.031512    36.6033     0.1210 1.0000e-12     0.0650    98.3875      98.68    164.535     3.7795 1.3533e+01          1         30 0.0000e+00
   32.95302  -65.97406    20.4092   5.017744    36.4975     17.908     18.036    20.4040   5.030066    36.6030     0.1170 1.0000e-12     0.0683    98.3066      98.67    163.717     3.7604 1.3448e+01          1         35 0.0000e+00
   32.95302  -65.97406    20.4125   5.009194    36.4241     18.854     18.989    20.3996   5.028665    36.5948     0.1077 1.0000e-12     0.0671    98.3375      98.67    181.318     4.1645 1.3710e+01          1         41 0.0000e+00
   32.95302  -65.97406    20.3683   5.026065    36.6009     19.867     20.009    20.3626   5.030541    36.6426     0.1059 1.0000e-12     0.0661    98.3611      98.67    181.577     4.1710 1.3505e+01          1         37 0.0000e+00
   32.95301  -65.97406    20.3795   5.006615    36.4309     20.882     21.031    20.3544   5.025515    36.6078     0.1164 1.0000e-12     0.0672    98.3345      98.67    172.260     3.9565 1.3607e+01          1         70 0.0000e+00
   32.95300  -65.97406    20.3608   5.012408    36.4944     21.772     21.927    20.3485   5.026584    36.6211     0.1161 1.0000e-12     0.0676    98.3237      98.67    168.993     3.8816 1.3602e+01          1         41 0.0000e+00
   32.95300  -65.97406    20.2757   5.018345    36.6180     22.836     23.000    20.2883   5.029579    36.6988     0.1212 1.0000e-12     0.0675    98.3275      98.68    169.786     3.9003 1.3744e+01          1         31 0.0000e+00
   32.95300  -65.97406    20.2563   5.012408    36.5857     23.838     24.009    20.2547   5.027409    36.7102     0.1082 1.0000e-12     0.0698    98.2707      98.67    174.965     4.0192 1.3639e+01          1         35 0.0000e+00
   32.95300  -65.97406    20.3134   5.003049    36.4572     24.886     25.064    20.2280   5.024682    36.7105     0.1303 1.0000e-12     0.0718    98.2218      98.67    179.694     4.1274 1.3456e+01          1         62 0.0000e+00
   32.95299  -65.97407    20.3270   5.006607    36.4738     25.729     25.913    20.2227   5.022616    36.6972     0.1271 1.0000e-12     0.0700    98.2652      98.68    162.051     3.7222 1.3668e+01          1         55 0.0000e+00
   32.95298  -65.97408    20.2376   5.011028    36.5891     26.779     26.971    20.1995   5.019420    36.6909     0.1194 1.0000e-12     0.0705    98.2541      98.09    155.998     3.5835 1.3452e+01          1         33 0.0000e+00
   32.95298  -65.97408    20.1953   5.008604    36.6060     27.802     28.001    20.1714   5.017064    36.6958     0.1347 1.0000e-12     0.0710    98.2415      96.46    166.319     3.8207 1.3663e+01          1         40 0.0000e+00
   32.95297  -65.97408    20.1761   5.011575    36.6464     28.832     29.039    20.1623   5.016428    36.6977     0.1425 1.0000e-12     0.0714    98.2310      89.15    177.068     4.0678 1.3767e+01          1         64 0.0000e+00
   32.95296  -65.97408    20.1616   5.012220    36.6637     29.747     29.961    20.1588   5.014699    36.6858     0.1316 1.0000e-12     0.0730    98.1917      68.60    162.727     3.7384 1.3488e+01          1         43 0.0000e+00
   32.95296  -65.97408    20.1567   5.011655    36.6625     30.769     30.989    20.1548   5.013182    36.6762     0.1376 1.0000e-12     0.0734    98.1827      84.02    157.267     3.6129 1.3695e+01          1         43 0.0000e+00
   32.95296  -65.97408    20.1534   5.011287    36.6617     31.762     31.990    20.1526   5.012281    36.6701     0.1215 1.0000e-12     0.0745    98.1546      98.67    157.627     3.6212 1.3675e+01          1         46 0.0000e+00
   32.95296  -65.97408    20.1512   5.011272    36.6628     32.804     33.039    20.1508   5.011623    36.6656     0.1544 1.0000e-12     0.0720    98.2164      98.67    153.920     3.5361 1.3637e+01          1         53 0.0000e+00
   32.95295  -65.97408    20.1488   5.010895    36.6612     33.684     33.926    20.1489   5.011483    36.6657     0.1461 1.0000e-12     0.0707    98.2479      98.67    145.704     3.3473 1.3641e+01          1         52 0.0000e+00
   32.95294  -65.97408    20.1451   5.009323    36.6510     34.720     34.969    20.1440   5.010473    36.6612     0.1340 1.0000e-12     0.0709    98.2439      98.68    141.572     3.2524 1.3733e+01          1         32 0.0000e+00
   32.95294  -65.97408    20.1354   5.009576    36.6612     35.775     36.032    20.1315   5.009972    36.6678     0.1295 1.0000e-12     0.0711    98.2399      98.67    141.446     3.2495 1.3781e+01          1         45 0.0000e+00
   32.95294  -65.97408    20.1181   5.009325    36.6740     36.721     36.985    20.1152   5.009749    36.6800     0.1486 1.0000e-12     0.0712    98.2358      98.67    141.812     3.2580 1.3627e+01          1         55 0.0000e+00
   32.95294  -65.97408    20.1097   5.008674    36.6755     37.771     38.042    20.1073   5.009736    36.6863     0.1741 1.0000e-12     0.0749    98.1460      98.67    144.049     3.3094 1.3770e+01          1         52 0.0000e+00
   32.95293  -65.97408    20.1022   5.007929    36.6755     38.673     38.951    20.1002   5.009241    36.6880     0.1557 1.0000e-12     0.0734    98.1819      98.68    139.817     3.2121 1.3721e+01          1         53 0.0000e+00
   32.95292  -65.97408    20.0738   5.006197    36.6861     39.716     40.002    20.0697   5.007915    36.7039     0.1584 1.0000e-12     0.0732    98.1864      98.67    136.501     3.1360 1.3623e+01          1         28 0.0000e+00
   32.95292  -65.97408    20.0254   5.005549    36.7236     40.726     41.019    20.0231   5.006602    36.7342     0.1874 1.0000e-12     0.0769    98.0953      98.68    138.411     3.1800 1.3600e+01          1         31 0.0000e+00
   32.95292  -65.97408    19.9902   5.005883    36.7568     41.706     42.006    19.9870   5.006757    36.7668     0.1842 1.0000e-12     0.0794    98.0334      98.68    141.036     3.2405 1.3856e+01          1         85 0.0000e+00
   32.95292  -65.97408    19.9545   5.004507    36.7764     42.654     42.961    19.9561   5.006028    36.7875     0.1690 1.0000e-12     0.0777    98.0758      98.68    148.524     3.4126 1.3727e+01          1         39 0.0000e+00
   32.95291  -65.97408    19.9231   5.002292    36.7855     43.681     43.995    19.9217   5.004383    36.8040     0.1654 1.0000e-12     0.0789    98.0454      98.68    150.760     3.4640 1.3802e+01          1         32 0.0000e+00
   32.95290  -65.97410    19.9107   5.001602    36.7900     44.713     45.035    19.9091   5.002545    36.7992     0.1703 1.0000e-12     0.0790    98.0434      98.68    150.142     3.4498 1.3915e+01          1         42 0.0000e+00
   32.95290  -65.97410    19.8370   5.000406    36.8454     45.729     46.059    19.8337   5.001452    36.8571     0.1935 1.0000e-12     0.0808    97.9996      95.67    152.152     3.4962 1.3872e+01          1         64 0.0000e+00
   32.95290  -65.97410    19.7883   4.998775    36.8745     46.609     46.945    19.7850   4.999842    36.8863     0.1978 1.0000e-12     0.0808    97.9997      98.70    150.590     3.4604 1.3675e+01          1         46 0.0000e+00
   32.95290  -65.97410    19.7471   4.996647    36.8931     47.622     47.965    19.7532   4.998331    36.9015     0.1780 1.0000e-12     0.0808    97.9994      98.68    146.819     3.3739 1.3857e+01          1         33 0.0000e+00
   32.95290  -65.97410    19.6832   4.994483    36.9317     48.708     49.059    19.6810   4.996699    36.9520     0.1929 1.0000e-12     0.0786    98.0539      65.14    145.768     3.3499 1.3627e+01          1         46 0.0000e+00
   32.95288  -65.97410    19.6449   4.993454    36.9563     49.585     49.943    19.6402   4.994119    36.9660     0.2241 1.0000e-12     0.0769    98.0963      79.80    142.418     3.2730 1.3692e+01          1         58 0.0000e+00
   32.95288  -65.97410    19.5660   4.990223    36.9996     50.639     51.004    19.5492   4.979599    36.9261     0.2124 1.0000e-12     0.0752    98.1367      98.68    144.556     3.3223 1.3747e+01          1         43 0.0000e+00
   32.95288  -65.97410    19.5245   4.985011    36.9924     51.613     51.986    19.5124   4.956255    36.7632     0.2126 1.0000e-12     0.0743    98.1582      98.67    144.253     3.3153 1.3656e+01          1         41 0.0000e+00
   32.95288  -65.97410    19.4974   4.964504    36.8444     52.614     52.994    19.4910   4.945120    36.6882     0.2254 1.0000e-12     0.0728    98.1959      75.59    145.200     3.3368 1.3533e+01          1         45 0.0000e+00
   32.95288  -65.97410    19.4766   4.945245    36.7010     53.615     54.003    19.4751   4.938774    36.6483     0.2176 1.0000e-12     0.0685    98.3035      78.16    167.779     3.8552 1.3839e+01          1         49 0.0000e+00
   32.95286  -65.97410    19.4653   4.938406    36.6528     54.611     55.006    19.4646   4.934535    36.6211     0.2357 1.0000e-12     0.0704    98.2556      98.68    203.049     4.6655 1.3775e+01          1         57 0.0000e+00
   32.95286  -65.97410    19.4560   4.935011    36.6318     55.558     55.960    19.4547   4.932361    36.6107     0.2406 1.0000e-12     0.0706    98.2502      98.68    205.418     4.7199 1.3840e+01          1         44 0.0000e+00
   32.95286  -65.97410    19.4443   4.932213    36.6181     56.613     57.023    19.4442   4.930534    36.6041     0.2479 1.0000e-12     0.0704    98.2562      98.67    206.529     4.7454 1.3685e+01          1         37 0.0000e+00
   32.95286  -65.97410    19.4389   4.930478    36.6076     57.597     58.014    19.4389   4.929631    36.6005     0.2535 1.0000e-12     0.0689    98.2932      98.68    208.494     4.7905 1.3703e+01          1         42 0.0000e+00
   32.95286  -65.97410    19.4352   4.929520    36.6022     58.561     58.985    19.4353   4.929274    36.6001     0.2711 1.0000e-12     0.0683    98.3077      98.67    214.981     4.9395 1.3612e+01          1         49 0.0000e+00
   32.95284  -65.97410    19.4312   4.928719    36.5983     59.561     59.993    19.4311   4.928789    36.5990     0.2671 1.0000e-12     0.0678    98.3200      98.68    215.971     4.9623 1.3902e+01          1         56 0.0000e+00
   32.95284  -65.97410    19.4300   4.928479    36.5968     60.529     60.967    19.4299   4.928632    36.5981     0.2673 1.0000e-12     0.0771    98.0907      98.68    216.965     4.9851 1.3739e+01          1         44 0.0000e+00
   32.95283  -65.97411    19.4285   4.928373    36.5966     61.568     62.014    19.4285   4.928488    36.5976     0.2909 1.0000e-12     0.0781    98.0652      98.67    216.061     4.9643 1.3669e+01          1         47 0.0000e+00
   32.95282  -65.97412    19.4253   4.928064    36.5965     62.524     62.977    19.4252   4.928190    36.5976     0.2702 1.0000e-12     0.0729    98.1953      98.68    215.091     4.9421 1.3851e+01          1         43 0.0000e+00
   32.95282  -65.97412    19.4221   4.927717    36.5960     63.541     64.002    19.4220   4.927855    36.5972     0.2916 1.0000e-12     0.0727    98.1989      98.67    214.821     4.9358 1.3528e+01          1         31 0.0000e+00
   32.95282  -65.97412    19.4178   4.927271    36.5955     64.642     65.111    19.4176   4.927386    36.5966     0.2801 1.0000e-12     0.0750    98.1433      97.41    214.567     4.9300 1.3961e+01          1         58 0.0000e+00
   32.95282  -65.97412    19.4148   4.926923    36.5949     65.359     65.833    19.4155   4.927129    36.5959     0.3047 1.0000e-12     0.0795    98.0334      96.92    215.399     4.9492 1.3942e+01          1         64 0.0000e+00
   32.95282  -65.97412    19.4131   4.926787    36.5947     66.501     66.984    19.4130   4.926871    36.5955     0.2950 1.0000e-12     0.0761    98.1155      98.67    215.817     4.9587 1.4045e+01          1         27 0.0000e+00
   32.95280  -65.97412    19.4121   4.926705    36.5945     67.537     68.028    19.4121   4.926831    36.5956     0.2996 1.0000e-12     0.0700    98.2664      98.68    215.705     4.9562 1.4011e+01          1         32 0.0000e+00
   32.95280  -65.97412    19.4097   4.926449    36.5940     68.585     69.083    19.4098   4.926592    36.5951     0.3005 1.0000e-12     0.0780    98.0689      98.67    216.443     4.9731 1.3692e+01          1         58 0.0000e+00
   32.95280  -65.97412    19.4087   4.926354    36.5938     69.385     69.890    19.4089   4.926509    36.5949     0.3446 1.0000e-12     0.1261    96.8960      98.68    216.340     4.9708 1.3790e+01          1         66 0.0000e+00
   32.95280  -65.97412    19.4071   4.926227    36.5937     70.448     70.961    19.4070   4.926371    36.5950     0.3299 1.0000e-12     0.1099    97.2901      98.68    216.313     4.9702 1.3816e+01          1         31 0.0000e+00
