Data/ruptures/KN207-01/QL-2/20701062.cnv
* Sea-Bird SBE 9 Data File:
* FileName = C:\Data\ctd\20701062.hex
* Software Version Seasave V 7.21e
* Temperature SN = 4406
* Conductivity SN = 1474
* Number of Bytes Per Scan = 40
* Number of Voltage Words = 5
* Number of Scans Averaged by the Deck Unit = 1
* NMEA Latitude = 32 54.11 N
* NMEA Longitude = 065 51.93 W
* NMEA UTC (Time) = Apr 30 2012 20:00:25
** R/V Knorr Cruise # KN207-01 QL 2
** Chief Scientist: Ben Van Mooy
# nquan = 21
# nvalues = 398                         
# units = specified
# name 0 = latitude: Latitude [deg]
# name 1 = longitude: Longitude [deg]
# name 2 = t090C: Temperature [ITS-90, deg C]
# name 3 = c0S/m: Conductivity [S/m]
# name 4 = sal00: Salinity, Practical [PSU]
# name 5 = depSM: Depth [salt water, m]
# name 6 = prDM: Pressure, Digiquartz [db]
# name 7 = t190C: Temperature, 2 [ITS-90, deg C]
# name 8 = c1S/m: Conductivity, 2 [S/m]
# name 9 = sal11: Salinity, Practical, 2 [PSU]
# name 10 = flECO-AFL: Fluorescence, WET Labs ECO-AFL/FL [mg/m^3]
# name 11 = par: PAR/Irradiance, Biospherical/Licor
# name 12 = bat: Beam Attenuation, Chelsea/Seatech [1/m]
# name 13 = xmiss: Beam Transmission, Chelsea/Seatech [%]
# name 14 = altM: Altimeter [m]
# name 15 = sbeox0Mm/Kg: Oxygen, SBE 43 [umol/kg]
# name 16 = sbeox0ML/L: Oxygen, SBE 43 [ml/l]
# name 17 = spar: SPAR/Surface Irradiance
# name 18 = pumps: Pump Status
# name 19 = nbin: number of scans per bin
# name 20 = flag: flag
# span 0 =   32.90138,   32.90198       
# span 1 =  -65.86561,  -65.86436       
# span 2 =    17.9504,    20.4776       
# span 3 =   4.656011,   5.038094       
# span 4 =    33.5136,    36.9275       
# span 5 =      2.398,    199.504       
# span 6 =      2.415,    201.017       
# span 7 =    17.9506,    20.4777       
# span 8 =   4.770985,   5.038228       
# span 9 =    36.5116,    36.6103       
# span 10 =     0.0046,     0.7566      
# span 11 = 1.0000e-12, 1.0000e-12      
# span 12 =    -0.0116,     0.1209      
# span 13 =    97.0232,   100.2914      
# span 14 =       1.03,      98.91      
# span 15 =    136.145,    362.026      
# span 16 =     3.1288,     8.3153      
# span 17 = 1.2997e+03, 3.1069e+03      
# span 18 =          1,          1      
# span 19 =         14,        447      
# span 20 = 0.0000e+00, 0.0000e+00      
# interval = decibars: 1                
# start_time = Apr 30 2012 20:00:25 [NMEA time, header]
# bad_flag = -9.990e-29
*END*
[from data line 345]
   32.90148  -65.86458    19.4479   4.929861    36.5939     53.594     53.981    19.4476   4.929888    36.5944     0.3554 1.0000e-12     0.0536    98.6691      98.72    219.078     5.0336 1.8530e+03          1         26 0.0000e+00
   32.90148  -65.86458    19.4527   4.930309    36.5938     52.621     53.001    19.4507   4.930190    36.5946     0.3676 1.0000e-12     0.0529    98.6875      98.72    218.971     5.0312 1.8987e+03          1         30 0.0000e+00
   32.90148  -65.86456    19.4556   4.930589    36.5939     51.662     52.035    19.4492   4.929985    36.5947     0.3899 1.0000e-12     0.0562    98.6041      98.72    218.855     5.0285 1.9714e+03          1         28 0.0000e+00
   32.90148  -65.86456    19.4623   4.931223    36.5937     50.643     51.008    19.4574   4.930615    36.5929     0.3326 1.0000e-12     0.0582    98.5563      98.72    219.214     5.0367 2.0717e+03          1         23 0.0000e+00
   32.90148  -65.86456    19.4752   4.932566    36.5937     49.630     49.988    19.4724   4.932178    36.5930     0.3402 1.0000e-12     0.0595    98.5248      98.72    219.130     5.0348 2.1848e+03          1         22 0.0000e+00
   32.90148  -65.86456    19.4884   4.933932    36.5937     48.642     48.993    19.4841   4.933292    36.5921     0.3545 1.0000e-12     0.0633    98.4302      98.71    218.419     5.0184 2.2089e+03          1         21 0.0000e+00
   32.90148  -65.86456    19.5119   4.936324    36.5929     47.671     48.015    19.4973   4.934689    36.5923     0.3351 1.0000e-12     0.0657    98.3708      93.21    218.870     5.0288 2.1577e+03          1         23 0.0000e+00
   32.90146  -65.86456    19.5423   4.939634    36.5937     46.675     47.012    19.5189   4.936825    36.5912     0.3314 1.0000e-12     0.0682    98.3111      98.75    219.930     5.0531 2.0579e+03          1         24 0.0000e+00
   32.90146  -65.86456    19.5611   4.941572    36.5935     45.692     46.021    19.5556   4.940359    36.5882     0.3386 1.0000e-12     0.0708    98.2468      98.72    220.214     5.0596 1.9215e+03          1         23 0.0000e+00
   32.90146  -65.86456    19.6106   4.946914    36.5941     44.673     44.995    19.5903   4.944230    36.5899     0.3213 1.0000e-12     0.0697    98.2725      98.73    220.073     5.0563 1.8421e+03          1         24 0.0000e+00
   32.90146  -65.86456    19.6625   4.952278    36.5928     43.654     43.969    19.6505   4.950464    36.5884     0.3115 1.0000e-12     0.0723    98.2094      98.72    220.190     5.0589 1.8152e+03          1         26 0.0000e+00
   32.90146  -65.86456    19.6812   4.954712    36.5972     42.666     42.973    19.6675   4.952863    36.5940     0.3022 1.0000e-12     0.0731    98.1896      98.72    220.213     5.0594 1.8139e+03          1         26 0.0000e+00
   32.90146  -65.86454    19.7328   4.959835    36.5943     41.705     42.005    19.6922   4.955545    36.5949     0.2890 1.0000e-12     0.0741    98.1646      98.72    220.241     5.0600 1.8301e+03          1         29 0.0000e+00
   32.90146  -65.86454    19.7852   4.965616    36.5962     40.734     41.027    19.7180   4.958273    36.5953     0.2952 1.0000e-12     0.0736    98.1756      98.72    220.636     5.0690 1.8606e+03          1         27 0.0000e+00
   32.90146  -65.86454    19.8554   4.972923    36.5948     39.738     40.024    19.7888   4.964678    36.5857     0.2926 1.0000e-12     0.0748    98.1462      98.52    220.009     5.0545 1.8926e+03          1         22 0.0000e+00
   32.90146  -65.86454    19.8787   4.975487    36.5962     38.725     39.003    19.8366   4.970895    36.5953     0.2800 1.0000e-12     0.0762    98.1112      98.72    219.927     5.0526 1.9272e+03          1         19 0.0000e+00
   32.90146  -65.86454    19.9273   4.980466    36.5948     37.753     38.024    19.9061   4.977430    36.5879     0.2738 1.0000e-12     0.0756    98.1279      92.33    219.680     5.0468 1.9688e+03          1         18 0.0000e+00
   32.90146  -65.86454    19.9554   4.983431    36.5952     36.735     36.998    19.9495   4.982558    36.5927     0.2590 1.0000e-12     0.0768    98.0992      98.57    219.652     5.0461 2.0199e+03          1         23 0.0000e+00
   32.90146  -65.86454    19.9739   4.985372    36.5960     35.701     35.957    19.9664   4.984583    36.5956     0.2650 1.0000e-12     0.0742    98.1610      60.33    219.278     5.0375 2.0653e+03          1         29 0.0000e+00
   32.90146  -65.86454    20.0065   4.988404    36.5931     34.745     34.994    19.9733   4.985073    36.5948     0.2902 1.0000e-12     0.0747    98.1502      78.83    219.014     5.0314 2.1054e+03          1         30 0.0000e+00
   32.90146  -65.86454    20.0203   4.990139    36.5963     33.793     34.036    19.9929   4.987211    36.5961     0.2588 1.0000e-12     0.0731    98.1886      59.44    217.597     4.9989 2.0786e+03          1         26 0.0000e+00
   32.90146  -65.86453    20.0625   4.994481    36.5954     32.760     32.995    20.0365   4.990792    36.5877     0.2144 1.0000e-12     0.0750    98.1406      98.73    217.646     4.9999 1.9886e+03          1         23 0.0000e+00
   32.90146  -65.86452    20.0873   4.997127    36.5961     31.780     32.008    20.0716   4.995251    36.5941     0.2330 1.0000e-12     0.0734    98.1815      98.73    218.819     5.0269 1.9015e+03          1         24 0.0000e+00
   32.90146  -65.86452    20.1137   4.999932    36.5967     30.777     30.997    20.1117   4.999439    36.5940     0.2005 1.0000e-12     0.0697    98.2726      98.73    218.804     5.0265 1.8508e+03          1         27 0.0000e+00
   32.90146  -65.86452    20.1221   5.000764    36.5975     29.692     29.905    20.1224   5.000812    36.5972     0.2055 1.0000e-12     0.0702    98.2611      98.72    217.794     5.0033 1.8161e+03          1         39 0.0000e+00
   32.90146  -65.86451    20.1324   5.001797    36.5982     28.824     29.030    20.1296   5.001575    36.5985     0.1904 1.0000e-12     0.0696    98.2770      98.72    217.254     4.9908 1.7832e+03          1         61 0.0000e+00
   32.90146  -65.86450    20.1369   5.002103    36.5979     27.803     28.002    20.1217   5.000655    36.5993     0.1812 1.0000e-12     0.0706    98.2520      98.72    217.651     5.0000 1.8109e+03          1         31 0.0000e+00
   32.90146  -65.86450    20.1413   5.002601    36.5989     26.803     26.994    20.1234   5.000513    36.5974     0.1957 1.0000e-12     0.0690    98.2890      98.72    218.519     5.0199 1.8867e+03          1         30 0.0000e+00
   32.90146  -65.86450    20.1516   5.003635    36.5991     25.781     25.965    20.1459   5.002974    36.5984     0.1688 1.0000e-12     0.0708    98.2468      98.72    218.354     5.0161 2.0699e+03          1         46 0.0000e+00
   32.90146  -65.86450    20.1520   5.003551    36.5989     24.840     25.018    20.1506   5.003386    36.5985     0.1493 1.0000e-12     0.0699    98.2688      98.72    218.114     5.0106 2.2711e+03          1         48 0.0000e+00
   32.90146  -65.86450    20.1554   5.003882    36.5994     23.817     23.987    20.1507   5.003398    36.5993     0.1567 1.0000e-12     0.0684    98.3048      98.73    218.402     5.0172 2.4448e+03          1         42 0.0000e+00
   32.90144  -65.86448    20.1694   5.005230    36.5986     22.854     23.017    20.1546   5.003622    36.5984     0.1527 1.0000e-12     0.0671    98.3365      85.54    217.645     4.9998 2.5624e+03          1         38 0.0000e+00
   32.90144  -65.86448    20.1811   5.006528    36.5994     21.829     21.985    20.1817   5.006351    36.5973     0.1557 1.0000e-12     0.0663    98.3551       1.26    218.140     5.0111 2.5656e+03          1         35 0.0000e+00
   32.90144  -65.86448    20.2240   5.011009    36.5988     20.851     21.000    20.1952   5.008096    36.6003     0.1523 1.0000e-12     0.0656    98.3741      71.78    218.334     5.0156 2.5617e+03          1         57 0.0000e+00
   32.90144  -65.86448    20.2458   5.013309    36.5991     19.919     20.061    20.2172   5.010034    36.5974     0.1372 1.0000e-12     0.0666    98.3491      98.73    217.605     4.9988 2.5055e+03          1         33 0.0000e+00
   32.90144  -65.86448    20.2742   5.016515    36.6008     18.821     18.955    20.2549   5.014020    36.5971     0.1516 1.0000e-12     0.0673    98.3314      72.94    217.504     4.9964 2.4759e+03          1         32 0.0000e+00
   32.90144  -65.86448    20.3245   5.021926    36.6013     17.829     17.957    20.2991   5.019112    36.6005     0.1320 1.0000e-12     0.0649    98.3895      74.38    217.303     4.9917 2.4754e+03          1         55 0.0000e+00
   32.90144  -65.86448    20.3290   5.022132    36.6001     16.933     17.053    20.3193   5.021427    36.6025     0.1350 1.0000e-12     0.0655    98.3764      98.73    217.804     5.0032 2.4053e+03          1         41 0.0000e+00
   32.90144  -65.86448    20.3623   5.025923    36.6023     15.876     15.989    20.3222   5.021605    36.6023     0.1330 1.0000e-12     0.0667    98.3460      98.72    217.212     4.9896 2.2679e+03          1         33 0.0000e+00
   32.90144  -65.86448    20.3750   5.027279    36.6030     14.885     14.991    20.3582   5.025201    36.6005     0.1372 1.0000e-12     0.0640    98.4126      98.73    217.098     4.9869 2.1743e+03          1         39 0.0000e+00
   32.90144  -65.86446    20.3930   5.029203    36.6037     13.884     13.983    20.3676   5.026612    36.6046     0.1222 1.0000e-12     0.0647    98.3962      98.72    217.057     4.9860 2.0909e+03          1         57 0.0000e+00
   32.90144  -65.86446    20.3944   5.029310    36.6043     12.919     13.011    20.3897   5.028608    36.6022     0.1081 1.0000e-12     0.0635    98.4249      98.73    217.115     4.9873 1.9074e+03          1         36 0.0000e+00
   32.90143  -65.86445    20.4195   5.032040    36.6050     11.846     11.930    20.4088   5.030908    36.6048     0.1001 1.0000e-12     0.0655    98.3756      98.74    216.614     4.9758 1.7942e+03          1         33 0.0000e+00
   32.90142  -65.86444    20.4216   5.032323    36.6063     10.906     10.984    20.4239   5.032579    36.6060     0.0988 1.0000e-12     0.0626    98.4467      98.61    217.033     4.9854 1.6897e+03          1         91 0.0000e+00
   32.90142  -65.86444    20.4398   5.034182    36.6063      9.962     10.033    20.4351   5.033712    36.6064     0.0907 1.0000e-12     0.0617    98.4695      96.24    216.473     4.9725 1.5753e+03          1         53 0.0000e+00
   32.90142  -65.86443    20.4413   5.034334    36.6070      9.060      9.124    20.4367   5.033864    36.6071     0.1065 1.0000e-12     0.0621    98.4592      98.74    216.831     4.9808 1.4900e+03          1        127 0.0000e+00
   32.90141  -65.86442    20.4448   5.034640    36.6074      7.689      7.743    20.4431   5.034518    36.6078     0.0987 1.0000e-12     0.0624    98.4523      85.18    216.919     4.9828 1.4403e+03          1        126 0.0000e+00
   32.90140  -65.86442    20.4493   5.035053    36.6072      6.997      7.047    20.4431   5.034457    36.6077     0.0999 1.0000e-12     0.0623    98.4543      98.73    216.612     4.9757 1.4096e+03          1         66 0.0000e+00
   32.90140  -65.86442    20.4543   5.035638    36.6080      6.009      6.052    20.4486   5.035056    36.6082     0.0942 1.0000e-12     0.0622    98.4576      76.98    216.444     4.9718 1.3857e+03          1        143 0.0000e+00
   32.90140  -65.86439    20.4575   5.035943    36.6083      4.796      4.831    20.4558   5.035804    36.6086     0.0986 1.0000e-12     0.0621    98.4600      78.03    217.112     4.9872 1.3558e+03          1        173 0.0000e+00
   32.90139  -65.86438    20.4682   5.037117    36.6088      3.999      4.027    20.4645   5.036674    36.6084     0.0894 1.0000e-12     0.0615    98.4752      98.73    217.196     4.9891 1.3388e+03          1         51 0.0000e+00
   32.90138  -65.86438    20.4656   5.036776    36.6088      3.119      3.141    20.4618   5.036401    36.6090     0.0963 1.0000e-12     0.0617    98.4700      87.62    216.469     4.9724 1.3227e+03          1        117 0.0000e+00
   32.90138  -65.86436    20.4776   5.038094    36.6093      2.398      2.415    20.4727   5.037612    36.6097     0.0836 1.0000e-12     0.0613    98.4779      81.91    216.817     4.9804 1.2997e+03          1        141 0.0000e+00
