Data/ruptures/KN207-01/QL-2/20701081.cnv
* Sea-Bird SBE 9 Data File:
* FileName = C:\Data\ctd\20701081.hex
* Software Version Seasave V 7.21e
* Temperature SN = 4406
* Conductivity SN = 1474
* Number of Bytes Per Scan = 40
* Number of Voltage Words = 5
* Number of Scans Averaged by the Deck Unit = 1
* NMEA Latitude = 33 13.21 N
* NMEA Longitude = 065 41.49 W
* NMEA UTC (Time) = May 03 2012 11:10:02
** R/V Knorr Cruise # KN207-01 QL 2
** Chief Scientist: Ben Van Mooy
# nquan = 21
# nvalues = 398                         
# units = specified
# name 0 = latitude: Latitude [deg]
# name 1 = longitude: Longitude [deg]
# name 2 = t090C: Temperature [ITS-90, deg C]
# name 3 = c0S/m: Conductivity [S/m]
# name 4 = sal00: Salinity, Practical [PSU]
# name 5 = depSM: Depth [salt water, m]
# name 6 = prDM: Pressure, Digiquartz [db]
# name 7 = t190C: Temperature, 2 [ITS-90, deg C]
# name 8 = c1S/m: Conductivity, 2 [S/m]
# name 9 = sal11: Salinity, Practical, 2 [PSU]
# name 10 = flECO-AFL: Fluorescence, WET Labs ECO-AFL/FL [mg/m^3]
# name 11 = par: PAR/Irradiance, Biospherical/Licor
# name 12 = bat: Beam Attenuation, Chelsea/Seatech [1/m]
# name 13 = xmiss: Beam Transmission, Chelsea/Seatech [%]
# name 14 = altM: Altimeter [m]
# name 15 = sbeox0Mm/Kg: Oxygen, SBE 43 [umol/kg]
# name 16 = sbeox0ML/L: Oxygen, SBE 43 [ml/l]
# name 17 = spar: SPAR/Surface Irradiance
# name 18 = pumps: Pump Status
# name 19 = nbin: number of scans per bin
# name 20 = flag: flag
# span 0 =   33.21998,   33.22023       
# span 1 =  -65.69165,  -65.69100       
# span 2 =    18.1499,    20.3168       
# span 3 =   4.792699,   5.022445       
# span 4 =    36.5286,    36.6208       
# span 5 =      3.062,    200.268       
# span 6 =      3.084,    201.792       
# span 7 =    18.1470,    20.3166       
# span 8 =   4.792483,   5.022534       
# span 9 =    36.5275,    36.6225       
# span 10 =     0.0177,     0.8470      
# span 11 = 1.0000e-12, 1.0000e-12      
# span 12 =    -0.0119,     0.0744      
# span 13 =    98.1565,   100.2979      
# span 14 =       1.03,      98.81      
# span 15 =    185.880,    222.118      
# span 16 =     4.2720,     5.1033      
# span 17 = 1.8283e+02, 2.8743e+02      
# span 18 =          1,          1      
# span 19 =         16,        643      
# span 20 = 0.0000e+00, 0.0000e+00      
# interval = decibars: 1                
# start_time = May 03 2012 11:10:02 [NMEA time, header]
# bad_flag = -9.990e-29
*END*
[from data line 207]
   33.22012  -65.69150    18.4742   4.828555    36.5426    191.522    192.975    18.4670   4.827512    36.5404     0.0258 1.0000e-12    -0.0096   100.2394      98.71    187.001     4.2975 2.4834e+02          1         21 0.0000e+00
   33.22012  -65.69150    18.5485   4.836633    36.5446    190.514    191.959    18.5448   4.835618    36.5395     0.0313 1.0000e-12    -0.0086   100.2138      98.72    187.915     4.3184 2.4894e+02          1         25 0.0000e+00
   33.22012  -65.69150    18.6712   4.850591    36.5531    189.547    190.985    18.6648   4.848686    36.5426     0.0371 1.0000e-12    -0.0085   100.2126      98.71    189.935     4.3648 2.4953e+02          1         44 0.0000e+00
   33.22012  -65.69150    18.7657   4.861244    36.5594    188.627    190.057    18.8127   4.865266    36.5508     0.0317 1.0000e-12    -0.0086   100.2160      98.71    192.778     4.4300 2.4983e+02          1         32 0.0000e+00
   33.22012  -65.69150    18.8295   4.868369    36.5633    187.614    189.036    18.9101   4.877332    36.5659     0.0436 1.0000e-12    -0.0076   100.1894      98.72    193.329     4.4426 2.4983e+02          1         17 0.0000e+00
   33.22012  -65.69150    18.9673   4.884316    36.5739    186.621    188.035    18.9726   4.883874    36.5658     0.0414 1.0000e-12    -0.0085   100.2115      98.71    193.557     4.4478 2.4995e+02          1         18 0.0000e+00
   33.22012  -65.69150    19.0499   4.893625    36.5789    185.580    186.986    19.0385   4.891432    36.5712     0.0302 1.0000e-12    -0.0088   100.2196      98.72    194.859     4.4776 2.5022e+02          1         17 0.0000e+00
   33.22012  -65.69150    19.0813   4.897421    36.5841    184.560    185.957    19.0725   4.895732    36.5782     0.0331 1.0000e-12    -0.0098   100.2447      98.71    196.950     4.5256 2.5105e+02          1         22 0.0000e+00
   33.22012  -65.69150    19.1335   4.903446    36.5895    183.587    184.977    19.1270   4.901456    36.5788     0.0522 1.0000e-12    -0.0100   100.2492      38.53    200.180     4.5998 2.5206e+02          1         28 0.0000e+00
   33.22012  -65.69150    19.1394   4.904195    36.5926    182.646    184.028    19.1679   4.906935    36.5900     0.0351 1.0000e-12    -0.0104   100.2601      97.87    202.766     4.6592 2.5206e+02          1         32 0.0000e+00
   33.22012  -65.69150    19.1564   4.906023    36.5944    181.633    183.007    19.1939   4.910351    36.5970     0.0604 1.0000e-12    -0.0103   100.2570      98.72    203.354     4.6727 2.5215e+02          1         25 0.0000e+00
   33.22012  -65.69149    19.2080   4.912374    36.6024    180.605    181.970    19.2156   4.913021    36.6014     0.0681 1.0000e-12    -0.0093   100.2321      98.72    202.662     4.6568 2.5195e+02          1         21 0.0000e+00
   33.22012  -65.69148    19.2608   4.918624    36.6084    179.601    180.959    19.2553   4.917675    36.6058     0.0278 1.0000e-12    -0.0105   100.2624      98.72    202.112     4.6441 2.5288e+02          1         19 0.0000e+00
   33.22012  -65.69148    19.2754   4.920410    36.6116    178.591    179.941    19.2742   4.920074    36.6102     0.0545 1.0000e-12    -0.0096   100.2411      98.72    202.228     4.6468 2.5345e+02          1         24 0.0000e+00
   33.22012  -65.69148    19.2809   4.920959    36.6127    177.644    178.986    19.2849   4.921112    36.6106     0.0582 1.0000e-12    -0.0095   100.2381      22.48    203.285     4.6710 2.5420e+02          1         26 0.0000e+00
   33.22012  -65.69148    19.2887   4.921625    36.6126    176.672    178.006    19.2734   4.919546    36.6093     0.0497 1.0000e-12    -0.0092   100.2310      21.87    204.234     4.6929 2.5446e+02          1         27 0.0000e+00
   33.22012  -65.69148    19.2793   4.919751    36.6067    175.658    176.985    19.2754   4.918944    36.6037     0.0357 1.0000e-12    -0.0091   100.2262      78.87    204.716     4.7039 2.5420e+02          1         25 0.0000e+00
   33.22012  -65.69148    19.2767   4.918527    36.5999    174.691    176.009    19.2790   4.918741    36.5998     0.0504 1.0000e-12    -0.0080   100.1997       1.03    205.068     4.7120 2.5477e+02          1         28 0.0000e+00
   33.22012  -65.69148    19.2846   4.918837    36.5964    173.703    175.014    19.2917   4.919365    36.5945     0.0548 1.0000e-12    -0.0085   100.2128      32.18    205.722     4.7270 2.5572e+02          1         25 0.0000e+00
   33.22012  -65.69148    19.2983   4.919958    36.5943    172.704    174.007    19.2996   4.919946    36.5931     0.0461 1.0000e-12    -0.0090   100.2248      98.72    206.770     4.7510 2.5620e+02          1         21 0.0000e+00
   33.22012  -65.69148    19.3134   4.921362    36.5931    171.722    173.017    19.3113   4.921189    36.5937     0.0289 1.0000e-12    -0.0083   100.2075      98.71    207.049     4.7574 2.5652e+02          1         17 0.0000e+00
   33.22011  -65.69148    19.3196   4.921805    36.5920    170.735    172.022    19.3172   4.921635    36.5929     0.0649 1.0000e-12    -0.0092   100.2299      98.72    207.223     4.7614 2.5664e+02          1         19 0.0000e+00
   33.22010  -65.69148    19.3198   4.921640    36.5912    169.709    170.988    19.3192   4.921562    36.5912     0.0688 1.0000e-12    -0.0097   100.2424      98.72    207.937     4.7778 2.5662e+02          1         22 0.0000e+00
   33.22010  -65.69148    19.3195   4.921460    36.5908    168.702    169.973    19.3184   4.921326    36.5908     0.0833 1.0000e-12    -0.0088   100.2183      98.72    207.536     4.7686 2.5667e+02          1         29 0.0000e+00
   33.22010  -65.69148    19.3201   4.921393    36.5905    167.738    169.001    19.3226   4.921648    36.5904     0.0690 1.0000e-12    -0.0089   100.2221      70.65    207.189     4.7606 2.5684e+02          1         35 0.0000e+00
   33.22010  -65.69148    19.3256   4.921916    36.5907    166.779    168.034    19.3283   4.922202    36.5906     0.0616 1.0000e-12    -0.0093   100.2312      38.40    207.164     4.7600 2.5833e+02          1         26 0.0000e+00
   33.22010  -65.69148    19.3260   4.921948    36.5912    165.788    167.035    19.3310   4.922500    36.5913     0.0588 1.0000e-12    -0.0092   100.2311      98.72    207.457     4.7668 2.5854e+02          1         20 0.0000e+00
   33.22010  -65.69148    19.3419   4.923696    36.5921    164.759    165.998    19.3411   4.923595    36.5919     0.0584 1.0000e-12    -0.0073   100.1829      98.72    207.233     4.7616 2.5876e+02          1         18 0.0000e+00
   33.22010  -65.69148    19.3501   4.924625    36.5930    163.779    165.011    19.3493   4.924526    36.5928     0.0821 1.0000e-12    -0.0032   100.0816      98.72    207.086     4.7582 2.5876e+02          1         18 0.0000e+00
   33.22010  -65.69148    19.3527   4.924875    36.5933    162.789    164.013    19.3531   4.924976    36.5938     0.0795 1.0000e-12    -0.0060   100.1489      98.72    207.260     4.7622 2.5896e+02          1         22 0.0000e+00
   33.22010  -65.69148    19.3550   4.925143    36.5941    161.751    162.967    19.3526   4.924878    36.5941     0.0779 1.0000e-12    -0.0057   100.1413      98.72    208.602     4.7931 2.5911e+02          1         32 0.0000e+00
   33.22010  -65.69148    19.3562   4.925193    36.5941    160.831    162.040    19.3579   4.925408    36.5943     0.0701 1.0000e-12    -0.0057   100.1415      60.15    209.920     4.8233 2.5998e+02          1         33 0.0000e+00
   33.22010  -65.69148    19.3560   4.925098    36.5941    159.835    161.035    19.3574   4.925307    36.5945     0.0793 1.0000e-12    -0.0057   100.1423      79.69    210.176     4.8292 2.6099e+02          1         23 0.0000e+00
   33.22010  -65.69148    19.3586   4.925339    36.5942    158.827    160.020    19.3604   4.925581    36.5946     0.0511 1.0000e-12    -0.0057   100.1415      98.73    210.780     4.8431 2.6062e+02          1         18 0.0000e+00
   33.22010  -65.69148    19.3624   4.925695    36.5942    157.767    158.951    19.3617   4.925643    36.5945     0.0771 1.0000e-12    -0.0054   100.1349      98.72    211.086     4.8501 2.6069e+02          1         22 0.0000e+00
   33.22010  -65.69148    19.3636   4.925742    36.5941    156.708    157.884    19.3639   4.925819    36.5946     0.0895 1.0000e-12    -0.0041   100.1020      98.71    211.385     4.8570 2.6085e+02          1         47 0.0000e+00
   33.22010  -65.69148    19.3647   4.925778    36.5940    155.818    156.987    19.3662   4.925958    36.5942     0.0592 1.0000e-12    -0.0043   100.1073      98.72    211.552     4.8608 2.6297e+02          1         72 0.0000e+00
   33.22010  -65.69148    19.3661   4.925830    36.5937    154.995    156.157    19.3677   4.926042    36.5941     0.0768 1.0000e-12    -0.0039   100.0991      98.72    211.837     4.8674 2.6319e+02          1         73 0.0000e+00
   33.22010  -65.69148    19.3649   4.925651    36.5939    153.784    154.937    19.3659   4.925834    36.5946     0.1586 1.0000e-12    -0.0036   100.0901      98.72    211.663     4.8634 2.6406e+02          1         48 0.0000e+00
   33.22010  -65.69148    19.3672   4.925871    36.5941    152.988    154.135    19.3684   4.926060    36.5946     0.0894 1.0000e-12    -0.0034   100.0862      98.72    212.071     4.8727 2.6594e+02          1        113 0.0000e+00
   33.22009  -65.69148    19.3669   4.925792    36.5942    151.828    152.966    19.3683   4.925987    36.5946     0.0866 1.0000e-12    -0.0030   100.0754      98.72    212.040     4.8720 2.6614e+02          1         65 0.0000e+00
   33.22008  -65.69148    19.3675   4.925812    36.5942    150.979    152.110    19.3687   4.925986    36.5946     0.0955 1.0000e-12    -0.0022   100.0556      98.72    212.032     4.8718 2.6784e+02          1         56 0.0000e+00
   33.22007  -65.69145    19.3694   4.926033    36.5947    150.146    151.271    19.3697   4.926144    36.5954     0.1079 1.0000e-12    -0.0030   100.0744      74.72    212.209     4.8759 2.7573e+02          1        169 0.0000e+00
   33.22005  -65.69142    19.3706   4.926129    36.5950    148.903    150.018    19.3706   4.926190    36.5955     0.1141 1.0000e-12    -0.0033   100.0838      98.73    212.497     4.8825 2.8113e+02          1         31 0.0000e+00
   33.22004  -65.69142    19.3708   4.926099    36.5949    147.881    148.987    19.3708   4.926179    36.5956     0.1077 1.0000e-12    -0.0018   100.0444      98.74    211.973     4.8705 2.8175e+02          1         45 0.0000e+00
   33.22004  -65.69142    19.3711   4.926089    36.5950    146.904    148.003    19.3712   4.926169    36.5956     0.1138 1.0000e-12    -0.0019   100.0481      21.02    211.939     4.8697 2.8349e+02          1         34 0.0000e+00
   33.22004  -65.69141    19.3715   4.926092    36.5950    145.942    147.033    19.3717   4.926205    36.5957     0.1075 1.0000e-12    -0.0018   100.0453      98.53    212.335     4.8788 2.8363e+02          1         26 0.0000e+00
   33.22004  -65.69140    19.3719   4.926122    36.5952    144.940    146.024    19.3719   4.926185    36.5958     0.1034 1.0000e-12    -0.0020   100.0508      98.74    211.728     4.8649 2.8339e+02          1         22 0.0000e+00
   33.22004  -65.69140    19.3728   4.926165    36.5952    143.932    145.008    19.3727   4.926207    36.5956     0.1025 1.0000e-12    -0.0021   100.0520      98.73    211.156     4.8517 2.8329e+02          1         22 0.0000e+00
   33.22004  -65.69140    19.3733   4.926196    36.5954    142.927    143.995    19.3735   4.926279    36.5959     0.1061 1.0000e-12    -0.0021   100.0524      98.73    211.657     4.8632 2.8329e+02          1         20 0.0000e+00
   33.22004  -65.69140    19.3738   4.926174    36.5952    141.932    142.992    19.3739   4.926274    36.5959     0.1256 1.0000e-12    -0.0020   100.0497      98.74    212.483     4.8822 2.8340e+02          1         21 0.0000e+00
   33.22004  -65.69140    19.3745   4.926226    36.5953    140.949    142.002    19.3746   4.926308    36.5959     0.1627 1.0000e-12    -0.0019   100.0485      98.74    212.539     4.8835 2.8359e+02          1         22 0.0000e+00
   33.22004  -65.69140    19.3748   4.926213    36.5953    139.960    141.005    19.3748   4.926275    36.5959     0.1332 1.0000e-12    -0.0020   100.0511      98.73    212.759     4.8885 2.8337e+02          1         27 0.0000e+00
   33.22004  -65.69140    19.3752   4.926213    36.5953    138.974    140.011    19.3752   4.926261    36.5958     0.1391 1.0000e-12    -0.0014   100.0336      98.73    212.058     4.8725 2.8385e+02          1         32 0.0000e+00
   33.22004  -65.69140    19.3751   4.926145    36.5953    137.981    139.010    19.3753   4.926235    36.5958     0.1302 1.0000e-12    -0.0018   100.0435      98.74    211.898     4.8688 2.8486e+02          1         27 0.0000e+00
   33.22004  -65.69140    19.3761   4.926199    36.5952    137.000    138.022    19.3763   4.926292    36.5958     0.1006 1.0000e-12    -0.0022   100.0537      98.73    211.329     4.8557 2.8530e+02          1         20 0.0000e+00
   33.22004  -65.69140    19.3766   4.926229    36.5953    135.993    137.007    19.3766   4.926287    36.5959     0.1224 1.0000e-12    -0.0026   100.0659      98.74    211.190     4.8525 2.8552e+02          1         18 0.0000e+00
   33.22004  -65.69140    19.3767   4.926183    36.5952    135.015    136.021    19.3769   4.926280    36.5959     0.1567 1.0000e-12    -0.0022   100.0543      98.74    212.187     4.8754 2.8552e+02          1         22 0.0000e+00
   33.22004  -65.69140    19.3771   4.926190    36.5954    133.997    134.995    19.3773   4.926281    36.5959     0.1415 1.0000e-12    -0.0022   100.0555      98.73    212.196     4.8756 2.8552e+02          1         25 0.0000e+00
   33.22004  -65.69140    19.3774   4.926159    36.5952    133.034    134.025    19.3777   4.926299    36.5961     0.1536 1.0000e-12    -0.0028   100.0699      98.74    211.922     4.8693 2.8552e+02          1         25 0.0000e+00
   33.22004  -65.69140    19.3775   4.926143    36.5954    132.054    133.037    19.3776   4.926235    36.5961     0.1459 1.0000e-12    -0.0020   100.0494      98.74    212.159     4.8748 2.8534e+02          1         25 0.0000e+00
   33.22004  -65.69140    19.3776   4.926107    36.5954    131.017    131.992    19.3776   4.926194    36.5961     0.1290 1.0000e-12    -0.0021   100.0514      98.74    211.780     4.8661 2.8525e+02          1         25 0.0000e+00
   33.22004  -65.69138    19.3776   4.926062    36.5954    129.993    130.960    19.3774   4.926126    36.5961     0.1222 1.0000e-12    -0.0023   100.0569      98.73    211.179     4.8523 2.8552e+02          1         24 0.0000e+00
   33.22004  -65.69138    19.3777   4.926014    36.5953    129.040    130.000    19.3775   4.926091    36.5961     0.1286 1.0000e-12    -0.0019   100.0483      98.74    211.644     4.8629 2.8561e+02          1         25 0.0000e+00
   33.22004  -65.69138    19.3779   4.926008    36.5954    128.092    129.045    19.3779   4.926087    36.5961     0.1367 1.0000e-12    -0.0012   100.0305      98.74    211.648     4.8630 2.8581e+02          1         23 0.0000e+00
   33.22004  -65.69138    19.3780   4.925985    36.5955    127.103    128.048    19.3783   4.926101    36.5962     0.1376 1.0000e-12    -0.0013   100.0319      98.74    211.441     4.8583 2.8563e+02          1         20 0.0000e+00
   33.22004  -65.69138    19.3782   4.925947    36.5954    126.089    127.026    19.3782   4.926028    36.5961     0.1624 1.0000e-12    -0.0004   100.0094      98.73    211.817     4.8669 2.8552e+02          1         19 0.0000e+00
   33.22004  -65.69138    19.3782   4.925891    36.5954    125.055    125.984    19.3781   4.925968    36.5961     0.1401 1.0000e-12    -0.0009   100.0228      98.74    211.847     4.8676 2.8522e+02          1         22 0.0000e+00
