Data/ruptures/KN207-01/QL-2/20701069.cnv
* Sea-Bird SBE 9 Data File:
* FileName = C:\Data\ctd\20701069.hex
* Software Version Seasave V 7.21e
* Temperature SN = 4406
* Conductivity SN = 1474
* Number of Bytes Per Scan = 40
* Number of Voltage Words = 5
* Number of Scans Averaged by the Deck Unit = 1
* NMEA Latitude = 32 57.32 N
* NMEA Longitude = 065 44.31 W
* NMEA UTC (Time) = May 01 2012 17:59:29
** R/V Knorr Cruise # KN207-01 QL 2
** Chief Scientist: Ben Van Mooy
# nquan = 21
# nvalues = 400                         
# units = specified
# name 0 = latitude: Latitude [deg]
# name 1 = longitude: Longitude [deg]
# name 2 = t090C: Temperature [ITS-90, deg C]
# name 3 = c0S/m: Conductivity [S/m]
# name 4 = sal00: Salinity, Practical [PSU]
# name 5 = depSM: Depth [salt water, m]
# name 6 = prDM: Pressure, Digiquartz [db]
# name 7 = t190C: Temperature, 2 [ITS-90, deg C]
# name 8 = c1S/m: Conductivity, 2 [S/m]
# name 9 = sal11: Salinity, Practical, 2 [PSU]
# name 10 = flECO-AFL: Fluorescence, WET Labs ECO-AFL/FL [mg/m^3]
# name 11 = par: PAR/Irradiance, Biospherical/Licor
# name 12 = bat: Beam Attenuation, Chelsea/Seatech [1/m]
# name 13 = xmiss: Beam Transmission, Chelsea/Seatech [%]
# name 14 = altM: Altimeter [m]
# name 15 = sbeox0Mm/Kg: Oxygen, SBE 43 [umol/kg]
# name 16 = sbeox0ML/L: Oxygen, SBE 43 [ml/l]
# name 17 = spar: SPAR/Surface Irradiance
# name 18 = pumps: Pump Status
# name 19 = nbin: number of scans per bin
# name 20 = flag: flag
# span 0 =   32.95534,   32.95588       
# span 1 =  -65.73928,  -65.73858       
# span 2 =    17.9302,    20.5791       
# span 3 =   4.768454,   5.049965       
# span 4 =    36.5127,    36.6174       
# span 5 =      2.322,    200.003       
# span 6 =      2.338,    201.521       
# span 7 =    17.9311,    20.5675       
# span 8 =   4.768607,   5.048814       
# span 9 =    36.5095,    36.6204       
# span 10 =     0.0095,     0.8280      
# span 11 = 1.0000e-12, 1.0000e-12      
# span 12 =    -0.0138,     0.0873      
# span 13 =    97.8477,   100.3462      
# span 14 =       6.50,      98.93      
# span 15 =    186.032,    222.763      
# span 16 =     4.2756,     5.1180      
# span 17 = 1.4627e+03, 3.2590e+03      
# span 18 =          1,          1      
# span 19 =         15,       1450      
# span 20 = 0.0000e+00, 0.0000e+00      
# interval = decibars: 1                
# start_time = May 01 2012 17:59:29 [NMEA time, header]
# bad_flag = -9.990e-29
*END*
[from data line 207]
   32.95556  -65.73890    18.0236   4.777643    36.5127    192.527    193.985    18.0210   4.777330    36.5125     0.0237 1.0000e-12    -0.0118   100.2953      98.74    187.063     4.2993 2.7466e+03          1         20 0.0000e+00
   32.95556  -65.73890    18.0378   4.779217    36.5139    191.523    192.973    18.0467   4.779661    36.5095     0.0134 1.0000e-12    -0.0118   100.2953      98.72    186.708     4.2911 2.7624e+03          1         20 0.0000e+00
   32.95556  -65.73890    18.0625   4.781827    36.5142    190.511    191.952    18.0634   4.781918    36.5142     0.0141 1.0000e-12    -0.0115   100.2879      98.73    186.070     4.2765 2.7584e+03          1         25 0.0000e+00
   32.95555  -65.73890    18.0640   4.782050    36.5155    189.521    190.954    18.0792   4.783501    36.5140     0.0177 1.0000e-12    -0.0110   100.2763      98.72    186.118     4.2776 2.7589e+03          1         33 0.0000e+00
   32.95554  -65.73890    18.0816   4.784054    36.5172    188.636    190.062    18.1123   4.786922    36.5138     0.0116 1.0000e-12    -0.0109   100.2722      98.73    186.032     4.2756 2.7436e+03          1         36 0.0000e+00
   32.95554  -65.73890    18.0883   4.784669    36.5171    187.616    189.034    18.1299   4.788734    36.5140     0.0219 1.0000e-12    -0.0096   100.2391      98.73    186.292     4.2816 2.7353e+03          1         26 0.0000e+00
   32.95554  -65.73890    18.1572   4.792430    36.5210    186.564    187.974    18.1902   4.795469    36.5172     0.0199 1.0000e-12    -0.0094   100.2345      98.73    186.579     4.2881 2.7273e+03          1         21 0.0000e+00
   32.95554  -65.73890    18.2277   4.800181    36.5235    185.570    186.971    18.2382   4.800866    36.5202     0.0247 1.0000e-12    -0.0100   100.2500      98.73    186.418     4.2843 2.7262e+03          1         18 0.0000e+00
   32.95556  -65.73890    18.2766   4.805463    36.5247    184.612    186.006    18.3050   4.807719    36.5184     0.0456 1.0000e-12    -0.0070   100.1758      98.72    186.331     4.2823 2.7293e+03          1         20 0.0000e+00
   32.95556  -65.73890    18.3632   4.814527    36.5240    183.603    184.989    18.3615   4.814502    36.5257     0.0237 1.0000e-12    -0.0068   100.1686      98.73    186.486     4.2857 2.7405e+03          1         25 0.0000e+00
   32.95556  -65.73890    18.4214   4.820962    36.5270    182.615    183.993    18.4065   4.819214    36.5260     0.0290 1.0000e-12    -0.0082   100.2046      98.73    187.324     4.3049 2.7476e+03          1         25 0.0000e+00
   32.95556  -65.73890    18.4324   4.822693    36.5331    181.653    183.023    18.4703   4.826208    36.5287     0.0304 1.0000e-12    -0.0069   100.1739      98.73    188.590     4.3340 2.7400e+03          1         27 0.0000e+00
   32.95556  -65.73890    18.5203   4.832301    36.5360    180.646    182.008    18.5761   4.836254    36.5191     0.0320 1.0000e-12    -0.0080   100.1996      98.74    189.296     4.3502 2.7415e+03          1         27 0.0000e+00
   32.95556  -65.73890    18.6585   4.847719    36.5425    179.658    181.012    18.6633   4.847785    36.5392     0.0202 1.0000e-12    -0.0076   100.1902      98.73    189.609     4.3573 2.7348e+03          1         25 0.0000e+00
   32.95556  -65.73890    18.7090   4.853301    36.5455    178.679    180.025    18.7355   4.855274    36.5385     0.0395 1.0000e-12    -0.0073   100.1836      98.73    191.102     4.3915 2.7233e+03          1         23 0.0000e+00
   32.95556  -65.73890    18.7802   4.861160    36.5488    177.669    179.008    18.7958   4.862165    36.5435     0.0511 1.0000e-12    -0.0068   100.1694      98.73    193.066     4.4366 2.7150e+03          1         20 0.0000e+00
   32.95556  -65.73890    18.9220   4.877157    36.5565    176.653    177.983    18.9506   4.878507    36.5424     0.0297 1.0000e-12    -0.0070   100.1758      98.73    194.589     4.4715 2.7455e+03          1         19 0.0000e+00
   32.95556  -65.73890    19.0378   4.890275    36.5637    175.649    176.971    19.0897   4.894076    36.5491     0.0344 1.0000e-12    -0.0064   100.1601      98.74    195.613     4.4949 2.7406e+03          1         18 0.0000e+00
   32.95555  -65.73890    19.1765   4.905079    36.5645    174.648    175.962    19.1717   4.903646    36.5574     0.0444 1.0000e-12    -0.0053   100.1330      98.73    197.378     4.5353 2.7197e+03          1         24 0.0000e+00
   32.95554  -65.73890    19.2272   4.911430    36.5750    173.662    174.968    19.2730   4.915808    36.5708     0.0369 1.0000e-12    -0.0054   100.1360      55.90    203.054     4.6657 2.7123e+03          1         40 0.0000e+00
   32.95554  -65.73890    19.2614   4.914706    36.5745    172.753    174.052    19.2861   4.917397    36.5753     0.0396 1.0000e-12    -0.0057   100.1418      98.93    208.381     4.7880 2.7282e+03          1         28 0.0000e+00
   32.95554  -65.73890    19.2610   4.915065    36.5798    171.731    173.022    19.2972   4.918727    36.5784     0.0324 1.0000e-12    -0.0058   100.1437      98.73    209.094     4.8044 2.7184e+03          1         20 0.0000e+00
   32.95554  -65.73890    19.3328   4.922968    36.5825    170.705    171.988    19.3177   4.920972    36.5801     0.0507 1.0000e-12    -0.0056   100.1389      98.73    208.938     4.8008 2.7086e+03          1         16 0.0000e+00
   32.95556  -65.73890    19.3416   4.923873    36.5836    169.740    171.016    19.3414   4.923704    36.5828     0.0502 1.0000e-12    -0.0056   100.1389      98.73    209.228     4.8074 2.7320e+03          1         16 0.0000e+00
   32.95556  -65.73890    19.3474   4.924454    36.5845    168.745    170.012    19.3430   4.923951    36.5848     0.0467 1.0000e-12    -0.0059   100.1474      98.73    209.634     4.8168 2.7323e+03          1         19 0.0000e+00
   32.95556  -65.73890    19.3522   4.924923    36.5858    167.698    168.957    19.3507   4.924594    36.5848     0.0502 1.0000e-12    -0.0066   100.1662      98.73    210.939     4.8467 2.7149e+03          1         32 0.0000e+00
   32.95556  -65.73890    19.3548   4.925078    36.5868    166.789    168.041    19.3574   4.925363    36.5872     0.0661 1.0000e-12    -0.0066   100.1656      98.74    211.727     4.8649 2.6961e+03          1         48 0.0000e+00
   32.95556  -65.73892    19.3496   4.924337    36.5869    165.790    167.034    19.3522   4.924637    36.5874     0.0694 1.0000e-12    -0.0051   100.1279      98.73    211.849     4.8676 2.7311e+03          1         22 0.0000e+00
   32.95556  -65.73892    19.3528   4.924674    36.5878    164.808    166.044    19.3572   4.925039    36.5871     0.0531 1.0000e-12    -0.0058   100.1456      98.75    211.726     4.8648 2.7221e+03          1         17 0.0000e+00
   32.95556  -65.73892    19.3631   4.925721    36.5881    163.763    164.991    19.3625   4.925639    36.5882     0.0577 1.0000e-12    -0.0052   100.1295      98.72    211.642     4.8629 2.7245e+03          1         15 0.0000e+00
   32.95556  -65.73892    19.3643   4.925799    36.5884    162.736    163.956    19.3637   4.925756    36.5888     0.0484 1.0000e-12    -0.0051   100.1261      53.10    211.648     4.8630 2.7134e+03          1         15 0.0000e+00
   32.95556  -65.73892    19.3653   4.925855    36.5887    161.737    162.949    19.3649   4.925775    36.5886     0.0450 1.0000e-12    -0.0056   100.1398       6.50    211.501     4.8596 2.7150e+03          1         15 0.0000e+00
   32.95556  -65.73892    19.3661   4.925893    36.5891    160.757    161.962    19.3661   4.925869    36.5890     0.0219 1.0000e-12    -0.0046   100.1151       6.60    211.765     4.8657 2.7049e+03          1         22 0.0000e+00
   32.95556  -65.73892    19.3674   4.925974    36.5896    159.736    160.933    19.3679   4.926049    36.5899     0.0473 1.0000e-12    -0.0053   100.1308      74.99    211.540     4.8605 2.6869e+03          1         44 0.0000e+00
   32.95556  -65.73892    19.3664   4.925771    36.5898    158.901    160.091    19.3679   4.925986    36.5904     0.0473 1.0000e-12    -0.0050   100.1239      98.74    212.402     4.8803 2.7346e+03          1         51 0.0000e+00
   32.95556  -65.73892    19.3641   4.925435    36.5899    157.835    159.016    19.3641   4.925541    36.5909     0.0366 1.0000e-12    -0.0053   100.1311      98.73    212.786     4.8892 2.7191e+03          1         23 0.0000e+00
   32.95556  -65.73892    19.3665   4.925686    36.5905    156.840    158.013    19.3692   4.925979    36.5906     0.0689 1.0000e-12    -0.0038   100.0966      98.73    212.530     4.8833 2.7279e+03          1         24 0.0000e+00
   32.95556  -65.73892    19.3701   4.926037    36.5907    155.797    156.962    19.3694   4.926023    36.5913     0.0489 1.0000e-12    -0.0041   100.1030      98.74    212.365     4.8795 2.6892e+03          1         30 0.0000e+00
   32.95556  -65.73892    19.3705   4.926060    36.5913    154.761    155.919    19.3703   4.926074    36.5916     0.0732 1.0000e-12    -0.0044   100.1101      98.74    212.484     4.8822 2.7142e+03          1         61 0.0000e+00
   32.95556  -65.73892    19.3696   4.925913    36.5915    153.877    155.027    19.3705   4.926037    36.5917     0.0493 1.0000e-12    -0.0045   100.1132      98.74    212.244     4.8767 2.7206e+03          1         39 0.0000e+00
   32.95556  -65.73892    19.3701   4.925936    36.5919    152.878    154.021    19.3706   4.926043    36.5923     0.0618 1.0000e-12    -0.0046   100.1152      98.74    212.629     4.8856 2.7116e+03          1        123 0.0000e+00
   32.95556  -65.73892    19.3694   4.925836    36.5923    151.826    152.960    19.3714   4.926064    36.5924     0.0746 1.0000e-12    -0.0041   100.1021      98.74    212.671     4.8865 2.7206e+03          1        112 0.0000e+00
   32.95558  -65.73892    19.3718   4.926116    36.5930    150.946    152.073    19.3723   4.926220    36.5935     0.0793 1.0000e-12    -0.0036   100.0917      98.74    212.616     4.8853 2.7293e+03          1       1260 0.0000e+00
   32.95560  -65.73892    19.3717   4.926086    36.5933    149.949    151.069    19.3720   4.926186    36.5939     0.0652 1.0000e-12    -0.0028   100.0707      98.75    212.596     4.8848 2.7107e+03          1         33 0.0000e+00
   32.95560  -65.73892    19.3718   4.926041    36.5933    148.844    149.955    19.3719   4.926121    36.5938     0.0720 1.0000e-12    -0.0034   100.0854      98.75    212.608     4.8851 2.7041e+03          1         29 0.0000e+00
   32.95560  -65.73892    19.3719   4.926031    36.5935    147.856    148.959    19.3718   4.926077    36.5939     0.0729 1.0000e-12    -0.0038   100.0950      98.75    212.937     4.8926 2.7326e+03          1         42 0.0000e+00
   32.95560  -65.73892    19.3718   4.925952    36.5932    146.977    148.073    19.3717   4.926008    36.5938     0.0593 1.0000e-12    -0.0035   100.0894      98.75    212.686     4.8869 2.7449e+03          1         36 0.0000e+00
   32.95560  -65.73892    19.3716   4.925894    36.5933    145.923    147.011    19.3717   4.925944    36.5937     0.0640 1.0000e-12    -0.0037   100.0931      98.75    212.578     4.8844 2.7307e+03          1         23 0.0000e+00
   32.95560  -65.73892    19.3714   4.925814    36.5932    144.929    146.009    19.3714   4.925881    36.5937     0.0716 1.0000e-12    -0.0028   100.0704      98.74    212.271     4.8773 2.7078e+03          1         20 0.0000e+00
   32.95559  -65.73893    19.3713   4.925745    36.5931    143.922    144.995    19.3712   4.925813    36.5937     0.0934 1.0000e-12    -0.0025   100.0625      98.76    212.052     4.8723 2.7300e+03          1         22 0.0000e+00
   32.95558  -65.73894    19.3710   4.925673    36.5931    142.929    143.994    19.3710   4.925738    36.5936     0.0921 1.0000e-12    -0.0016   100.0387      98.75    212.464     4.8818 2.7194e+03          1         33 0.0000e+00
   32.95558  -65.73894    19.3709   4.925595    36.5930    141.964    143.021    19.3708   4.925662    36.5936     0.0664 1.0000e-12    -0.0025   100.0631      98.75    212.297     4.8779 2.7094e+03          1         31 0.0000e+00
   32.95558  -65.73894    19.3707   4.925519    36.5928    140.954    142.003    19.3706   4.925589    36.5935     0.1010 1.0000e-12    -0.0027   100.0685      98.75    212.422     4.8808 2.7037e+03          1         23 0.0000e+00
   32.95558  -65.73894    19.3705   4.925455    36.5929    139.950    140.992    19.3705   4.925525    36.5934     0.0897 1.0000e-12    -0.0027   100.0670      98.76    212.799     4.8895 2.6823e+03          1         17 0.0000e+00
   32.95560  -65.73892    19.3704   4.925392    36.5928    138.974    140.007    19.3704   4.925459    36.5933     0.0703 1.0000e-12    -0.0027   100.0687      98.76    212.990     4.8938 2.6581e+03          1         18 0.0000e+00
   32.95560  -65.73892    19.3703   4.925339    36.5928    137.939    138.965    19.3703   4.925401    36.5934     0.0608 1.0000e-12    -0.0023   100.0578      98.75    212.628     4.8855 2.6408e+03          1         22 0.0000e+00
   32.95560  -65.73892    19.3702   4.925272    36.5928    136.923    137.941    19.3703   4.925345    36.5933     0.0939 1.0000e-12    -0.0007   100.0176      98.75    212.314     4.8783 2.6946e+03          1         39 0.0000e+00
   32.95560  -65.73892    19.3702   4.925245    36.5929    136.030    137.041    19.3702   4.925296    36.5933     0.1024 1.0000e-12    -0.0000   100.0014      98.76    212.113     4.8737 2.7206e+03          1         28 0.0000e+00
   32.95560  -65.73892    19.3701   4.925180    36.5928    135.063    136.066    19.3701   4.925239    36.5932     0.1317 1.0000e-12     0.0008    99.9805      98.75    212.631     4.8856 2.7295e+03          1         20 0.0000e+00
   32.95560  -65.73892    19.3703   4.925165    36.5928    134.057    135.053    19.3703   4.925215    36.5932     0.1157 1.0000e-12     0.0003    99.9927      98.75    212.505     4.8827 2.7298e+03          1         16 0.0000e+00
   32.95560  -65.73892    19.3705   4.925133    36.5928    133.031    134.019    19.3705   4.925186    36.5932     0.1035 1.0000e-12     0.0003    99.9944      98.76    212.122     4.8739 2.7323e+03          1         17 0.0000e+00
   32.95560  -65.73892    19.3706   4.925099    36.5928    132.010    132.990    19.3706   4.925163    36.5933     0.0880 1.0000e-12     0.0006    99.9868      98.75    211.792     4.8663 2.7269e+03          1         17 0.0000e+00
   32.95560  -65.73892    19.3707   4.925071    36.5929    130.971    131.942    19.3708   4.925144    36.5934     0.1094 1.0000e-12     0.0001    99.9984      98.75    212.615     4.8852 2.7099e+03          1         31 0.0000e+00
   32.95560  -65.73893    19.3709   4.925039    36.5928    130.078    131.043    19.3710   4.925140    36.5935     0.1173 1.0000e-12     0.0007    99.9822      98.75    212.895     4.8917 2.6877e+03          1         43 0.0000e+00
   32.95560  -65.73894    19.3714   4.925068    36.5929    129.046    130.002    19.3713   4.925113    36.5934     0.1229 1.0000e-12     0.0006    99.9852      98.75    212.293     4.8778 2.7118e+03          1         24 0.0000e+00
   32.95560  -65.73894    19.3719   4.925097    36.5931    128.029    128.978    19.3718   4.925136    36.5935     0.1244 1.0000e-12     0.0011    99.9731      98.76    212.662     4.8863 2.7451e+03          1         18 0.0000e+00
   32.95560  -65.73894    19.3722   4.925074    36.5931    127.041    127.982    19.3722   4.925145    36.5936     0.1212 1.0000e-12     0.0010    99.9762      98.75    212.822     4.8900 2.7594e+03          1         17 0.0000e+00
   32.95560  -65.73894    19.3722   4.925031    36.5931    126.042    126.975    19.3723   4.925121    36.5937     0.1218 1.0000e-12     0.0019    99.9530      98.75    212.870     4.8911 2.7454e+03          1         21 0.0000e+00
