Data/ruptures/KN207-01/QL-2/20701063.cnv
* Sea-Bird SBE 9 Data File:
* FileName = C:\Data\ctd\20701063.hex
* Software Version Seasave V 7.21e
* Temperature SN = 4406
* Conductivity SN = 1474
* Number of Bytes Per Scan = 40
* Number of Voltage Words = 5
* Number of Scans Averaged by the Deck Unit = 1
* NMEA Latitude = 32 54.43 N
* NMEA Longitude = 065 51.49 W
* NMEA UTC (Time) = Apr 30 2012 21:30:47
** R/V Knorr Cruise # KN207-01 QL 2
** Chief Scientist: Ben Van Mooy
# nquan = 21
# nvalues = 399                         
# units = specified
# name 0 = latitude: Latitude [deg]
# name 1 = longitude: Longitude [deg]
# name 2 = t090C: Temperature [ITS-90, deg C]
# name 3 = c0S/m: Conductivity [S/m]
# name 4 = sal00: Salinity, Practical [PSU]
# name 5 = depSM: Depth [salt water, m]
# name 6 = prDM: Pressure, Digiquartz [db]
# name 7 = t190C: Temperature, 2 [ITS-90, deg C]
# name 8 = c1S/m: Conductivity, 2 [S/m]
# name 9 = sal11: Salinity, Practical, 2 [PSU]
# name 10 = flECO-AFL: Fluorescence, WET Labs ECO-AFL/FL [mg/m^3]
# name 11 = par: PAR/Irradiance, Biospherical/Licor
# name 12 = bat: Beam Attenuation, Chelsea/Seatech [1/m]
# name 13 = xmiss: Beam Transmission, Chelsea/Seatech [%]
# name 14 = altM: Altimeter [m]
# name 15 = sbeox0Mm/Kg: Oxygen, SBE 43 [umol/kg]
# name 16 = sbeox0ML/L: Oxygen, SBE 43 [ml/l]
# name 17 = spar: SPAR/Surface Irradiance
# name 18 = pumps: Pump Status
# name 19 = nbin: number of scans per bin
# name 20 = flag: flag
# span 0 =   32.90730,   32.90802       
# span 1 =  -65.85824,  -65.85690       
# span 2 =    18.0433,    20.4305       
# span 3 =   4.780478,   5.028223       
# span 4 =    36.0889,    36.9950       
# span 5 =      2.173,    199.220       
# span 6 =      2.188,    200.730       
# span 7 =    18.0434,    20.4284       
# span 8 =   4.780647,   5.033088       
# span 9 =    36.5204,    36.6101       
# span 10 =     0.0058,     0.8952      
# span 11 = 1.0000e-12, 1.0000e-12      
# span 12 =    -0.0102,     0.0827      
# span 13 =    97.9528,   100.2553      
# span 14 =       1.04,      98.94      
# span 15 =    135.584,    381.984      
# span 16 =     3.1149,     8.7743      
# span 17 = 1.5387e+03, 2.0984e+03      
# span 18 =          1,          1      
# span 19 =         15,       1459      
# span 20 = 0.0000e+00, 0.0000e+00      
# interval = decibars: 1                
# start_time = Apr 30 2012 21:30:47 [NMEA time, header]
# bad_flag = -9.990e-29
*END*
[from data line 138]
   32.90738  -65.85790    19.3713   4.925582    36.5936    138.946    139.979    19.3713   4.925703    36.5946     0.1162 1.0000e-12     0.0028    99.9306      98.68    211.972     4.8705 1.9295e+03          1         26 0.0000e+00
   32.90738  -65.85790    19.3713   4.925635    36.5937    139.960    141.001    19.3713   4.925738    36.5945     0.1190 1.0000e-12     0.0031    99.9236      98.67    212.137     4.8743 1.9316e+03          1         26 0.0000e+00
   32.90738  -65.85790    19.3715   4.925702    36.5937    140.940    141.988    19.3715   4.925795    36.5944     0.1237 1.0000e-12     0.0032    99.9208      98.67    212.180     4.8752 1.9330e+03          1         25 0.0000e+00
   32.90738  -65.85790    19.3717   4.925759    36.5936    141.924    142.980    19.3717   4.925866    36.5945     0.1204 1.0000e-12     0.0021    99.9467      98.67    212.152     4.8746 1.9305e+03          1         23 0.0000e+00
   32.90738  -65.85790    19.3716   4.925811    36.5937    142.909    143.973    19.3717   4.925909    36.5945     0.1170 1.0000e-12     0.0013    99.9667      34.06    212.127     4.8740 1.9295e+03          1         22 0.0000e+00
   32.90738  -65.85790    19.3716   4.925832    36.5936    143.926    144.997    19.3716   4.925938    36.5945     0.1146 1.0000e-12     0.0014    99.9640      49.76    212.320     4.8785 1.9270e+03          1         25 0.0000e+00
   32.90738  -65.85788    19.3714   4.925852    36.5935    144.947    146.026    19.3714   4.925973    36.5945     0.1093 1.0000e-12     0.0021    99.9465      98.67    211.754     4.8655 1.9209e+03          1         25 0.0000e+00
   32.90738  -65.85788    19.3713   4.925898    36.5936    145.903    146.991    19.3713   4.926001    36.5944     0.1061 1.0000e-12     0.0024    99.9393      98.67    211.762     4.8656 1.9168e+03          1         20 0.0000e+00
   32.90738  -65.85788    19.3715   4.925945    36.5935    146.862    147.957    19.3715   4.926056    36.5944     0.1047 1.0000e-12     0.0028    99.9297      98.67    211.996     4.8710 1.9155e+03          1         21 0.0000e+00
   32.90738  -65.85788    19.3716   4.926020    36.5936    147.886    148.989    19.3716   4.926133    36.5946     0.1052 1.0000e-12     0.0014    99.9648      98.67    212.268     4.8773 1.9169e+03          1         24 0.0000e+00
   32.90738  -65.85788    19.3715   4.926055    36.5936    148.905    150.015    19.3715   4.926167    36.5946     0.0815 1.0000e-12     0.0003    99.9922      98.68    212.466     4.8818 1.9227e+03          1         28 0.0000e+00
   32.90740  -65.85788    19.3712   4.926061    36.5935    149.854    150.972    19.3713   4.926169    36.5944     0.1011 1.0000e-12    -0.0001   100.0021      98.67    212.651     4.8861 1.9255e+03          1         25 0.0000e+00
   32.90740  -65.85788    19.3713   4.926107    36.5935    150.833    151.959    19.3713   4.926218    36.5944     0.0900 1.0000e-12     0.0012    99.9702      98.67    212.193     4.8756 1.9227e+03          1         25 0.0000e+00
   32.90740  -65.85788    19.3713   4.926159    36.5935    151.847    152.981    19.3713   4.926255    36.5943     0.0826 1.0000e-12    -0.0006   100.0152      98.67    211.697     4.8642 1.9182e+03          1         24 0.0000e+00
   32.90740  -65.85788    19.3713   4.926208    36.5935    152.827    153.969    19.3713   4.926295    36.5943     0.0841 1.0000e-12    -0.0014   100.0339      98.67    211.553     4.8609 1.9145e+03          1         23 0.0000e+00
   32.90740  -65.85788    19.3715   4.926281    36.5936    153.823    154.973    19.3715   4.926383    36.5945     0.0704 1.0000e-12    -0.0008   100.0194      98.67    211.542     4.8606 1.9163e+03          1         23 0.0000e+00
   32.90740  -65.85788    19.3715   4.926327    36.5936    154.831    155.988    19.3715   4.926432    36.5945     0.0664 1.0000e-12    -0.0014   100.0335      98.67    212.066     4.8726 1.9212e+03          1         26 0.0000e+00
   32.90740  -65.85788    19.3711   4.926309    36.5935    155.818    156.982    19.3710   4.926420    36.5944     0.0806 1.0000e-12    -0.0005   100.0123      98.67    212.068     4.8727 1.9281e+03          1         25 0.0000e+00
   32.90740  -65.85788    19.3706   4.926302    36.5934    156.817    157.990    19.3706   4.926390    36.5943     0.0768 1.0000e-12    -0.0008   100.0184      98.67    211.551     4.8608 1.9307e+03          1         24 0.0000e+00
   32.90740  -65.85788    19.3704   4.926323    36.5934    157.832    159.013    19.3704   4.926430    36.5943     0.0660 1.0000e-12    -0.0018   100.0446      98.68    211.575     4.8614 1.9248e+03          1         19 0.0000e+00
   32.90740  -65.85788    19.3704   4.926380    36.5935    158.832    160.021    19.3704   4.926456    36.5942     0.0440 1.0000e-12    -0.0017   100.0412      98.67    211.970     4.8704 1.9129e+03          1         21 0.0000e+00
   32.90740  -65.85787    19.3703   4.926388    36.5933    159.828    161.024    19.3704   4.926522    36.5944     0.0515 1.0000e-12    -0.0019   100.0473      98.67    212.014     4.8714 1.9007e+03          1         20 0.0000e+00
   32.90740  -65.85786    19.3691   4.926275    36.5931    160.807    162.011    19.3691   4.926384    36.5940     0.0642 1.0000e-12    -0.0017   100.0411      98.67    212.108     4.8736 1.8969e+03          1         25 0.0000e+00
   32.90740  -65.85786    19.3683   4.926210    36.5928    161.827    163.039    19.3683   4.926327    36.5938     0.0510 1.0000e-12    -0.0021   100.0514      98.68    211.834     4.8673 1.9067e+03          1         31 0.0000e+00
   32.90740  -65.85786    19.3679   4.926205    36.5928    162.762    163.981    19.3678   4.926310    36.5937     0.0617 1.0000e-12    -0.0019   100.0473      98.67    211.577     4.8614 1.9204e+03          1         32 0.0000e+00
   32.90740  -65.85786    19.3675   4.926218    36.5929    163.779    165.006    19.3674   4.926311    36.5937     0.0706 1.0000e-12    -0.0024   100.0592      98.66    211.810     4.8667 1.9224e+03          1         26 0.0000e+00
   32.90740  -65.85786    19.3673   4.926247    36.5930    164.815    166.051    19.3672   4.926348    36.5938     0.0463 1.0000e-12    -0.0025   100.0616      98.67    211.935     4.8696 1.9175e+03          1         18 0.0000e+00
   32.90740  -65.85786    19.3672   4.926303    36.5931    165.763    167.006    19.3672   4.926406    36.5940     0.0225 1.0000e-12    -0.0024   100.0609      98.67    211.812     4.8668 1.9105e+03          1         17 0.0000e+00
   32.90740  -65.85786    19.3671   4.926360    36.5933    166.746    167.997    19.3670   4.926482    36.5944     0.0351 1.0000e-12     0.0008    99.9810      98.67    211.701     4.8642 1.9039e+03          1         19 0.0000e+00
   32.90740  -65.85786    19.3652   4.926179    36.5931    167.750    169.009    19.3652   4.926281    36.5940     0.0353 1.0000e-12     0.0002    99.9959      98.67    211.955     4.8701 1.8987e+03          1         23 0.0000e+00
   32.90740  -65.85786    19.3622   4.925879    36.5929    168.739    170.006    19.3623   4.925999    36.5939     0.0583 1.0000e-12    -0.0034   100.0846      98.67    211.806     4.8667 1.8955e+03          1         31 0.0000e+00
   32.90740  -65.85786    19.3577   4.925383    36.5925    169.703    170.977    19.3578   4.925535    36.5937     0.0372 1.0000e-12    -0.0028   100.0712      98.67    211.639     4.8628 1.8943e+03          1         28 0.0000e+00
   32.90740  -65.85786    19.3527   4.924842    36.5921    170.701    171.983    19.3528   4.925027    36.5935     0.0401 1.0000e-12    -0.0031   100.0775      98.67    211.578     4.8614 1.8959e+03          1         23 0.0000e+00
   32.90740  -65.85786    19.3445   4.923931    36.5915    171.701    172.991    19.3447   4.924175    36.5932     0.0224 1.0000e-12    -0.0026   100.0644      98.67    211.473     4.8590 1.8986e+03          1         21 0.0000e+00
   32.90740  -65.85786    19.3346   4.922860    36.5910    172.703    174.002    19.3348   4.923095    36.5928     0.0516 1.0000e-12    -0.0029   100.0719      25.48    210.909     4.8461 1.8975e+03          1         23 0.0000e+00
   32.90740  -65.85786    19.3125   4.920372    36.5896    173.718    175.024    19.3129   4.920760    36.5925     0.0504 1.0000e-12    -0.0038   100.0966      97.56    210.754     4.8426 1.8931e+03          1         25 0.0000e+00
   32.90740  -65.85785    19.2830   4.917038    36.5878    174.700    176.014    19.2834   4.917536    36.5917     0.0198 1.0000e-12    -0.0042   100.1054      98.67    210.414     4.8348 1.8885e+03          1         23 0.0000e+00
   32.90740  -65.85784    19.2246   4.910349    36.5841    175.682    177.004    19.2261   4.911309    36.5907     0.0156 1.0000e-12    -0.0033   100.0829      98.68    210.320     4.8327 1.8881e+03          1         26 0.0000e+00
   32.90740  -65.85784    19.1486   4.901901    36.5811    176.642    177.972    19.1485   4.902458    36.5858     0.0509 1.0000e-12    -0.0039   100.0987      98.67    209.245     4.8081 1.8926e+03          1         26 0.0000e+00
   32.90740  -65.85784    19.0920   4.895379    36.5765    177.631    178.968    19.0929   4.896559    36.5857     0.0505 1.0000e-12    -0.0032   100.0805      98.68    206.949     4.7553 1.8969e+03          1         24 0.0000e+00
   32.90740  -65.85784    18.9649   4.880958    36.5693    178.679    180.025    18.9575   4.881900    36.5840     0.0469 1.0000e-12    -0.0035   100.0875      98.67    205.307     4.7177 1.8935e+03          1         23 0.0000e+00
   32.90740  -65.85784    18.8130   4.864264    36.5651    179.669    181.022    18.8096   4.864788    36.5726     0.0283 1.0000e-12    -0.0040   100.1011      97.64    204.513     4.6997 1.8878e+03          1         21 0.0000e+00
   32.90740  -65.85784    18.7552   4.857836    36.5617    180.653    182.015    18.7557   4.858736    36.5688     0.0363 1.0000e-12    -0.0041   100.1032      25.25    201.887     4.6394 1.8845e+03          1         23 0.0000e+00
   32.90740  -65.85784    18.6492   4.845921    36.5555    181.658    183.028    18.6506   4.847348    36.5664     0.0205 1.0000e-12    -0.0042   100.1057      98.68    198.418     4.5597 1.8836e+03          1         22 0.0000e+00
   32.90740  -65.85784    18.5516   4.835177    36.5516    182.619    183.996    18.5527   4.836342    36.5604     0.0454 1.0000e-12    -0.0047   100.1183      98.68    196.141     4.5075 1.8833e+03          1         21 0.0000e+00
   32.90740  -65.85784    18.4916   4.828681    36.5491    183.608    184.993    18.4922   4.829327    36.5540     0.0557 1.0000e-12    -0.0050   100.1244      98.68    194.258     4.4643 1.8818e+03          1         24 0.0000e+00
   32.90741  -65.85783    18.4469   4.823837    36.5465    184.611    186.004    18.4475   4.824376    36.5505     0.0362 1.0000e-12    -0.0050   100.1253      98.68    191.782     4.4074 1.8810e+03          1         30 0.0000e+00
   32.90742  -65.85782    18.3987   4.818563    36.5432    185.586    186.987    18.3988   4.819027    36.5471     0.0452 1.0000e-12    -0.0049   100.1228      98.68    190.231     4.3718 1.8851e+03          1         32 0.0000e+00
   32.90742  -65.85782    18.2930   4.806301    36.5333    186.581    187.989    18.2944   4.808225    36.5485     0.0275 1.0000e-12    -0.0053   100.1326      98.68    189.735     4.3605 1.8859e+03          1         22 0.0000e+00
   32.90742  -65.85782    18.2158   4.798221    36.5332    187.547    188.964    18.2155   4.798537    36.5362     0.0220 1.0000e-12    -0.0058   100.1460      98.68    189.329     4.3513 1.8824e+03          1         19 0.0000e+00
   32.90742  -65.85782    18.1980   4.796352    36.5318    188.560    189.984    18.1980   4.796748    36.5352     0.0066 1.0000e-12    -0.0054   100.1339      98.68    188.230     4.3260 1.8773e+03          1         19 0.0000e+00
   32.90741  -65.85782    18.1779   4.794444    36.5322    189.579    191.011    18.1783   4.794766    36.5346     0.0122 1.0000e-12    -0.0064   100.1611      98.68    187.176     4.3018 1.8739e+03          1         21 0.0000e+00
   32.90740  -65.85782    18.1628   4.792958    36.5316    190.562    192.003    18.1630   4.793211    36.5336     0.0099 1.0000e-12    -0.0070   100.1758      98.68    186.901     4.2955 1.8741e+03          1         25 0.0000e+00
   32.90740  -65.85782    18.1518   4.791830    36.5302    191.557    193.006    18.1521   4.792098    36.5322     0.0330 1.0000e-12    -0.0075   100.1874      98.68    186.977     4.2973 1.8736e+03          1         31 0.0000e+00
   32.90740  -65.85782    18.1363   4.790210    36.5288    192.555    194.012    18.1367   4.790587    36.5317     0.0111 1.0000e-12    -0.0073   100.1831      98.68    187.286     4.3044 1.8756e+03          1         28 0.0000e+00
   32.90740  -65.85782    18.1033   4.786861    36.5290    193.520    194.984    18.1037   4.787241    36.5319     0.0518 1.0000e-12    -0.0074   100.1840      98.68    187.444     4.3080 1.8773e+03          1         22 0.0000e+00
   32.90742  -65.85780    18.0901   4.785501    36.5282    194.483    195.956    18.0904   4.785892    36.5313     0.0220 1.0000e-12    -0.0085   100.2110      98.67    187.052     4.2991 1.8767e+03          1         19 0.0000e+00
   32.90742  -65.85780    18.0688   4.783182    36.5267    195.531    197.012    18.0709   4.783883    36.5308     0.0331 1.0000e-12    -0.0083   100.2076      98.69    186.801     4.2933 1.8736e+03          1         21 0.0000e+00
   32.90742  -65.85780    18.0433   4.780478    36.5256    196.532    198.020    18.0434   4.780647    36.5270     0.0221 1.0000e-12    -0.0091   100.2283      98.68    187.169     4.3018 1.8731e+03          1         24 0.0000e+00
   32.90742  -65.85780    18.0643   4.782934    36.5253    197.539    199.036    18.0512   4.781495    36.5250     0.0206 1.0000e-12    -0.0088   100.2196      98.68    186.463     4.2855 1.8768e+03          1         95 0.0000e+00
   32.90742  -65.85780    18.0628   4.782835    36.5239    198.565    200.070    18.0595   4.782723    36.5258     0.0148 1.0000e-12    -0.0089   100.2232      98.68    187.043     4.2989 1.8673e+03          1         84 0.0000e+00
   32.90743  -65.85779    18.1460   4.792042    36.5257    199.220    200.730    18.1549   4.793077    36.5264     0.0242 1.0000e-12    -0.0089   100.2214      98.68    186.680     4.2904 1.8609e+03          1        208 0.0000e+00
   32.90744  -65.85778    18.1228   4.789445    36.5251    198.466    199.971    18.1641   4.793864    36.5254     0.0202 1.0000e-12    -0.0097   100.2433      98.68    186.629     4.2893 1.8550e+03          1         94 0.0000e+00
   32.90744  -65.85778    18.0961   4.786503    36.5245    197.542    199.039    18.1456   4.792057    36.5273     0.0375 1.0000e-12    -0.0088   100.2185      98.68    186.478     4.2858 1.8367e+03          1         47 0.0000e+00
   32.90744  -65.85778    18.0926   4.786023    36.5237    196.552    198.041    18.1219   4.789375    36.5263     0.0330 1.0000e-12    -0.0102   100.2553      98.68    186.670     4.2903 1.8383e+03          1         43 0.0000e+00
   32.90744  -65.85778    18.0912   4.785824    36.5236    195.530    197.011    18.1032   4.787516    36.5278     0.0120 1.0000e-12    -0.0087   100.2192      98.68    186.323     4.2823 1.8569e+03          1         32 0.0000e+00
   32.90744  -65.85778    18.0695   4.783506    36.5238    194.526    195.999    18.0750   4.784206    36.5254     0.0058 1.0000e-12    -0.0075   100.1873      98.69    186.060     4.2763 1.8606e+03          1         29 0.0000e+00
   32.90744  -65.85778    18.0791   4.784463    36.5235    193.541    195.006    18.0827   4.784808    36.5237     0.0215 1.0000e-12    -0.0096   100.2396      98.69    186.386     4.2837 1.8524e+03          1         31 0.0000e+00
