Data/ruptures/KN207-01/QL-2/20701074.cnv
* Sea-Bird SBE 9 Data File:
* FileName = C:\Data\ctd\20701074.hex
* Software Version Seasave V 7.21e
* Temperature SN = 4406
* Conductivity SN = 1474
* Number of Bytes Per Scan = 40
* Number of Voltage Words = 5
* Number of Scans Averaged by the Deck Unit = 1
* NMEA Latitude = 33 04.70 N
* NMEA Longitude = 065 40.37 W
* NMEA UTC (Time) = May 02 2012 12:04:37
** R/V Knorr Cruise # KN207-01 QL 2
** Chief Scientist: Ben Van Mooy
# nquan = 21
# nvalues = 398                         
# units = specified
# name 0 = latitude: Latitude [deg]
# name 1 = longitude: Longitude [deg]
# name 2 = t090C: Temperature [ITS-90, deg C]
# name 3 = c0S/m: Conductivity [S/m]
# name 4 = sal00: Salinity, Practical [PSU]
# name 5 = depSM: Depth [salt water, m]
# name 6 = prDM: Pressure, Digiquartz [db]
# name 7 = t190C: Temperature, 2 [ITS-90, deg C]
# name 8 = c1S/m: Conductivity, 2 [S/m]
# name 9 = sal11: Salinity, Practical, 2 [PSU]
# name 10 = flECO-AFL: Fluorescence, WET Labs ECO-AFL/FL [mg/m^3]
# name 11 = par: PAR/Irradiance, Biospherical/Licor
# name 12 = bat: Beam Attenuation, Chelsea/Seatech [1/m]
# name 13 = xmiss: Beam Transmission, Chelsea/Seatech [%]
# name 14 = altM: Altimeter [m]
# name 15 = sbeox0Mm/Kg: Oxygen, SBE 43 [umol/kg]
# name 16 = sbeox0ML/L: Oxygen, SBE 43 [ml/l]
# name 17 = spar: SPAR/Surface Irradiance
# name 18 = pumps: Pump Status
# name 19 = nbin: number of scans per bin
# name 20 = flag: flag
# span 0 =   33.07841,   33.07940       
# span 1 =  -65.67296,  -65.67276       
# span 2 =    18.0484,    20.2892       
# span 3 =   4.780658,   5.019721       
# span 4 =    36.5153,    36.6168       
# span 5 =      2.438,    199.475       
# span 6 =      2.456,    200.991       
# span 7 =    18.0476,    20.2893       
# span 8 =   4.780679,   5.019761       
# span 9 =    36.5154,    36.6175       
# span 10 =     0.0089,     0.7881      
# span 11 = 1.0000e-12, 1.0000e-12      
# span 12 =    -0.0135,     0.0857      
# span 13 =    97.8838,   100.3381      
# span 14 =       0.95,      98.78      
# span 15 =    186.425,    221.988      
# span 16 =     4.2845,     5.1003      
# span 17 = 2.2862e+03, 2.4566e+03      
# span 18 =          1,          1      
# span 19 =          2,       1313      
# span 20 = 0.0000e+00, 0.0000e+00      
# interval = decibars: 1                
# start_time = May 02 2012 12:04:37 [NMEA time, header]
# bad_flag = -9.990e-29
*END*
[from data line 69]
   33.07862  -65.67280    19.4294   4.928538    36.5932     71.466     71.986    19.4294   4.928705    36.5946     0.3083 1.0000e-12     0.0492    98.7766      98.62    219.292     5.0386 2.3244e+03          1         51 0.0000e+00
   33.07862  -65.67280    19.4274   4.928381    36.5932     72.480     73.008    19.4274   4.928555    36.5947     0.3204 1.0000e-12     0.0512    98.7277      98.62    219.353     5.0400 2.3221e+03          1         39 0.0000e+00
   33.07862  -65.67278    19.4249   4.928164    36.5932     73.500     74.036    19.4249   4.928339    36.5946     0.3194 1.0000e-12     0.0473    98.8252      98.63    219.491     5.0431 2.3266e+03          1         61 0.0000e+00
   33.07862  -65.67278    19.4223   4.927912    36.5930     74.425     74.968    19.4224   4.928097    36.5945     0.3325 1.0000e-12     0.0462    98.8522      98.62    219.403     5.0411 2.3293e+03          1         43 0.0000e+00
   33.07862  -65.67278    19.4212   4.927823    36.5927     75.480     76.030    19.4211   4.927962    36.5940     0.3268 1.0000e-12     0.0481    98.8050      98.63    219.144     5.0352 2.3244e+03          1         40 0.0000e+00
   33.07862  -65.67278    19.4198   4.927709    36.5927     76.434     76.991    19.4198   4.927875    36.5940     0.3223 1.0000e-12     0.0503    98.7502      98.63    218.899     5.0296 2.3255e+03          1         59 0.0000e+00
   33.07862  -65.67278    19.4150   4.927208    36.5923     77.406     77.971    19.4151   4.927406    36.5939     0.3268 1.0000e-12     0.0481    98.8040      98.62    218.266     5.0150 2.3323e+03          1         41 0.0000e+00
   33.07862  -65.67278    19.4117   4.926886    36.5922     78.425     78.998    19.4117   4.927079    36.5938     0.3387 1.0000e-12     0.0479    98.8089      98.63    218.145     5.0122 2.3300e+03          1         40 0.0000e+00
   33.07862  -65.67278    19.4089   4.926609    36.5920     79.440     80.020    19.4087   4.926755    36.5933     0.3700 1.0000e-12     0.0462    98.8515      98.62    217.949     5.0077 2.3261e+03          1         56 0.0000e+00
   33.07863  -65.67278    19.4085   4.926666    36.5924     80.397     80.984    19.4085   4.926837    36.5938     0.3579 1.0000e-12     0.0474    98.8229      98.63    217.361     4.9942 2.3333e+03          1         57 0.0000e+00
   33.07864  -65.67278    19.4054   4.926345    36.5921     81.371     81.965    19.4054   4.926510    36.5935     0.3571 1.0000e-12     0.0459    98.8584      98.63    217.176     4.9900 2.3316e+03          1         44 0.0000e+00
   33.07864  -65.67278    19.4037   4.926206    36.5920     82.382     82.984    19.4037   4.926368    36.5934     0.3545 1.0000e-12     0.0450    98.8804      98.63    217.333     4.9936 2.3306e+03          1         33 0.0000e+00
   33.07864  -65.67278    19.4018   4.926029    36.5918     83.393     84.003    19.4018   4.926202    36.5932     0.3860 1.0000e-12     0.0468    98.8371      98.63    217.420     4.9956 2.3354e+03          1         38 0.0000e+00
   33.07864  -65.67278    19.3984   4.925725    36.5919     84.434     85.051    19.3986   4.925912    36.5932     0.4217 1.0000e-12     0.0466    98.8427      98.63    216.944     4.9847 2.3315e+03          1         72 0.0000e+00
   33.07864  -65.67278    19.3962   4.925551    36.5920     85.275     85.899    19.3962   4.925728    36.5935     0.4782 1.0000e-12     0.0441    98.9031      98.63    216.662     4.9782 2.3328e+03          1         53 0.0000e+00
   33.07864  -65.67278    19.3941   4.925472    36.5927     86.372     87.005    19.3942   4.925642    36.5941     0.4905 1.0000e-12     0.0452    98.8758      98.63    216.590     4.9765 2.3370e+03          1         28 0.0000e+00
   33.07864  -65.67278    19.3923   4.925377    36.5931     87.387     88.027    19.3924   4.925526    36.5944     0.5540 1.0000e-12     0.0470    98.8302      98.63    216.215     4.9679 2.3364e+03          1         29 0.0000e+00
   33.07864  -65.67278    19.3923   4.925399    36.5929     88.348     88.995    19.3926   4.925590    36.5943     0.5877 1.0000e-12     0.0449    98.8847      98.63    216.261     4.9690 2.3330e+03          1         88 0.0000e+00
   33.07864  -65.67278    19.3895   4.925170    36.5931     89.307     89.961    19.3895   4.925350    36.5946     0.5761 1.0000e-12     0.0444    98.8969      98.63    216.068     4.9646 2.3349e+03          1         32 0.0000e+00
   33.07865  -65.67278    19.3873   4.924968    36.5930     90.341     91.003    19.3873   4.925123    36.5943     0.5983 1.0000e-12     0.0424    98.9454      98.63    216.035     4.9638 2.3353e+03          1         37 0.0000e+00
   33.07866  -65.67278    19.3856   4.924817    36.5929     91.308     91.978    19.3855   4.924976    36.5943     0.6265 1.0000e-12     0.0433    98.9231      98.63    215.129     4.9430 2.3380e+03          1         60 0.0000e+00
   33.07866  -65.67278    19.3833   4.924601    36.5927     92.313     92.990    19.3833   4.924782    36.5942     0.6343 1.0000e-12     0.0383    99.0475      98.65    214.661     4.9322 2.3362e+03          1         37 0.0000e+00
   33.07866  -65.67278    19.3815   4.924437    36.5925     93.353     94.037    19.3814   4.924579    36.5938     0.6667 1.0000e-12     0.0360    99.1037      98.64    214.599     4.9308 2.3312e+03          1         48 0.0000e+00
   33.07866  -65.67278    19.3816   4.924498    36.5926     94.231     94.922    19.3815   4.924636    36.5938     0.6792 1.0000e-12     0.0303    99.2457      98.64    213.926     4.9153 2.3351e+03          1         65 0.0000e+00
   33.07866  -65.67278    19.3807   4.924433    36.5924     95.288     95.987    19.3807   4.924590    36.5937     0.5490 1.0000e-12     0.0293    99.2699      98.64    213.960     4.9161 2.3415e+03          1         33 0.0000e+00
   33.07866  -65.67278    19.3803   4.924457    36.5925     96.356     97.064    19.3802   4.924599    36.5938     0.5668 1.0000e-12     0.0296    99.2627      98.64    214.020     4.9175 2.3371e+03          1         46 0.0000e+00
   33.07866  -65.67278    19.3805   4.924532    36.5926     97.202     97.916    19.3805   4.924694    36.5940     0.5639 1.0000e-12     0.0264    99.3415      98.64    213.799     4.9124 2.3329e+03          1         57 0.0000e+00
   33.07866  -65.67278    19.3798   4.924537    36.5928     98.268     98.990    19.3798   4.924672    36.5940     0.5706 1.0000e-12     0.0263    99.3460      98.64    214.123     4.9199 2.3321e+03          1         32 0.0000e+00
   33.07866  -65.67278    19.3797   4.924556    36.5927     99.338    100.068    19.3796   4.924701    36.5940     0.4921 1.0000e-12     0.0261    99.3489      98.64    213.220     4.8991 2.3328e+03          1         42 0.0000e+00
   33.07867  -65.67278    19.3795   4.924564    36.5926    100.190    100.927    19.3796   4.924718    36.5938     0.5338 1.0000e-12     0.0245    99.3895      98.64    213.047     4.8951 2.3379e+03          1         73 0.0000e+00
   33.07868  -65.67278    19.3791   4.924583    36.5927    101.239    101.984    19.3792   4.924734    36.5939     0.5234 1.0000e-12     0.0226    99.4369      98.64    212.826     4.8901 2.3346e+03          1         35 0.0000e+00
   33.07868  -65.67278    19.3786   4.924561    36.5925    102.255    103.008    19.3786   4.924722    36.5939     0.4607 1.0000e-12     0.0241    99.4003      98.64    212.892     4.8916 2.3339e+03          1         30 0.0000e+00
   33.07868  -65.67277    19.3781   4.924565    36.5927    103.203    103.963    19.3781   4.924707    36.5939     0.4399 1.0000e-12     0.0226    99.4375      98.65    213.200     4.8987 2.3373e+03          1         32 0.0000e+00
   33.07868  -65.67276    19.3783   4.924639    36.5928    104.201    104.968    19.3782   4.924781    36.5940     0.4386 1.0000e-12     0.0255    99.3638      98.64    213.852     4.9137 2.3391e+03          1         29 0.0000e+00
   33.07868  -65.67276    19.3778   4.924638    36.5928    105.256    106.032    19.3777   4.924785    36.5941     0.4096 1.0000e-12     0.0207    99.4845      98.64    213.865     4.9139 2.3375e+03          1         28 0.0000e+00
   33.07868  -65.67276    19.3773   4.924621    36.5927    106.214    106.996    19.3772   4.924776    36.5941     0.3870 1.0000e-12     0.0180    99.5523      98.64    213.521     4.9060 2.3326e+03          1         35 0.0000e+00
   33.07868  -65.67277    19.3770   4.924637    36.5928    107.161    107.951    19.3770   4.924779    36.5940     0.3617 1.0000e-12     0.0155    99.6136      98.64    213.340     4.9019 2.3321e+03          1         39 0.0000e+00
   33.07868  -65.67278    19.3767   4.924649    36.5928    108.186    108.983    19.3767   4.924805    36.5941     0.3329 1.0000e-12     0.0168    99.5809      98.64    213.153     4.8976 2.3319e+03          1         21 0.0000e+00
   33.07868  -65.67278    19.3764   4.924647    36.5927    109.185    109.990    19.3763   4.924819    36.5941     0.3401 1.0000e-12     0.0150    99.6260      98.66    213.371     4.9026 2.3306e+03          1         18 0.0000e+00
   33.07868  -65.67278    19.3762   4.924700    36.5928    110.212    111.026    19.3762   4.924841    36.5941     0.2982 1.0000e-12     0.0133    99.6674      98.64    213.494     4.9054 2.3287e+03          1         18 0.0000e+00
   33.07868  -65.67278    19.3760   4.924696    36.5926    111.195    112.016    19.3759   4.924852    36.5940     0.2896 1.0000e-12     0.0131    99.6739      98.64    213.534     4.9063 2.3288e+03          1         19 0.0000e+00
   33.07868  -65.67277    19.3758   4.924716    36.5926    112.194    113.022    19.3757   4.924877    36.5940     0.2698 1.0000e-12     0.0126    99.6849      98.65    213.437     4.9041 2.3333e+03          1         31 0.0000e+00
   33.07868  -65.67276    19.3754   4.924716    36.5925    113.164    113.999    19.3754   4.924861    36.5937     0.2433 1.0000e-12     0.0118    99.7062      98.65    213.279     4.9005 2.3406e+03          1         37 0.0000e+00
   33.07868  -65.67276    19.3757   4.924794    36.5926    114.178    115.022    19.3756   4.924944    36.5939     0.2275 1.0000e-12     0.0073    99.8180      98.64    213.071     4.8957 2.3419e+03          1         24 0.0000e+00
   33.07868  -65.67276    19.3754   4.924808    36.5926    115.171    116.023    19.3754   4.924967    36.5939     0.2133 1.0000e-12     0.0058    99.8538      98.64    213.235     4.8995 2.3371e+03          1         19 0.0000e+00
   33.07868  -65.67276    19.3751   4.924835    36.5927    116.156    117.015    19.3752   4.924992    36.5939     0.2128 1.0000e-12     0.0059    99.8514      98.64    213.394     4.9031 2.3316e+03          1         21 0.0000e+00
   33.07870  -65.67276    19.3750   4.924862    36.5926    117.167    118.033    19.3750   4.925009    36.5938     0.1589 1.0000e-12     0.0043    99.8919      98.64    213.380     4.9028 2.3282e+03          1         23 0.0000e+00
   33.07870  -65.67276    19.3749   4.924901    36.5926    118.159    119.033    19.3750   4.925048    36.5938     0.1852 1.0000e-12     0.0042    99.8962      98.64    213.201     4.8987 2.3321e+03          1         24 0.0000e+00
   33.07870  -65.67276    19.3745   4.924873    36.5924    119.084    119.965    19.3746   4.925039    36.5937     0.1845 1.0000e-12     0.0036    99.9110      98.64    213.109     4.8966 2.3399e+03          1         20 0.0000e+00
   33.07870  -65.67276    19.3732   4.924733    36.5920    120.079    120.968    19.3732   4.924893    36.5934     0.1819 1.0000e-12     0.0027    99.9332      98.64    213.069     4.8957 2.3466e+03          1         23 0.0000e+00
   33.07870  -65.67276    19.3734   4.924820    36.5922    121.104    122.001    19.3734   4.924966    36.5934     0.1568 1.0000e-12     0.0021    99.9465      98.65    213.340     4.9019 2.3457e+03          1         25 0.0000e+00
   33.07870  -65.67277    19.3736   4.924922    36.5925    122.116    123.020    19.3736   4.925055    36.5936     0.1579 1.0000e-12     0.0005    99.9888      98.63    213.056     4.8954 2.3400e+03          1         29 0.0000e+00
   33.07870  -65.67278    19.3740   4.925008    36.5925    123.079    123.991    19.3739   4.925150    36.5937     0.1349 1.0000e-12     0.0009    99.9782      98.65    213.075     4.8958 2.3347e+03          1         29 0.0000e+00
   33.07870  -65.67278    19.3743   4.925092    36.5925    124.056    124.976    19.3742   4.925239    36.5938     0.1512 1.0000e-12     0.0021    99.9465      98.64    213.489     4.9053 2.3339e+03          1         25 0.0000e+00
   33.07870  -65.67278    19.3737   4.925076    36.5925    125.071    125.999    19.3738   4.925235    36.5938     0.1468 1.0000e-12    -0.0009   100.0216      98.64    213.248     4.8998 2.3367e+03          1         18 0.0000e+00
   33.07870  -65.67278    19.3737   4.925114    36.5925    126.054    126.989    19.3736   4.925258    36.5937     0.1397 1.0000e-12     0.0001    99.9989      98.65    212.890     4.8915 2.3391e+03          1         17 0.0000e+00
   33.07870  -65.67277    19.3736   4.925142    36.5923    127.067    128.010    19.3736   4.925305    36.5938     0.1293 1.0000e-12     0.0001    99.9988      98.64    212.850     4.8906 2.3414e+03          1         18 0.0000e+00
   33.07870  -65.67276    19.3735   4.925176    36.5924    128.083    129.033    19.3735   4.925332    36.5937     0.1140 1.0000e-12    -0.0004   100.0087      98.64    212.909     4.8920 2.3423e+03          1         26 0.0000e+00
   33.07870  -65.67276    19.3733   4.925176    36.5922    129.033    129.991    19.3733   4.925334    36.5935     0.1096 1.0000e-12    -0.0009   100.0216      98.65    213.108     4.8966 2.3387e+03          1         40 0.0000e+00
   33.07870  -65.67276    19.3731   4.925220    36.5924    129.988    130.954    19.3731   4.925370    36.5936     0.1326 1.0000e-12    -0.0010   100.0246      32.91    212.953     4.8930 2.3395e+03          1         26 0.0000e+00
   33.07870  -65.67276    19.3731   4.925304    36.5927    130.995    131.968    19.3731   4.925437    36.5938     0.0876 1.0000e-12    -0.0024   100.0608      98.77    213.338     4.9018 2.3409e+03          1         19 0.0000e+00
   33.07870  -65.67276    19.3737   4.925438    36.5929    132.002    132.983    19.3737   4.925580    36.5941     0.1122 1.0000e-12    -0.0018   100.0459      98.65    213.437     4.9041 2.3418e+03          1         18 0.0000e+00
   33.07870  -65.67276    19.3737   4.925497    36.5930    133.023    134.012    19.3737   4.925629    36.5942     0.1002 1.0000e-12    -0.0019   100.0486      98.65    212.826     4.8901 2.3398e+03          1         20 0.0000e+00
   33.07870  -65.67276    19.3738   4.925545    36.5929    134.062    135.059    19.3738   4.925683    36.5941     0.0928 1.0000e-12    -0.0018   100.0438      98.64    212.567     4.8841 2.3381e+03          1         22 0.0000e+00
   33.07870  -65.67276    19.3740   4.925605    36.5929    135.062    136.067    19.3740   4.925743    36.5940     0.0990 1.0000e-12    -0.0017   100.0418      98.64    213.096     4.8963 2.3379e+03          1         28 0.0000e+00
   33.07870  -65.67276    19.3740   4.925659    36.5930    136.007    137.019    19.3739   4.925784    36.5941     0.1183 1.0000e-12     0.0016    99.9600      98.64    213.432     4.9040 2.3397e+03          1         33 0.0000e+00
   33.07870  -65.67276    19.3741   4.925702    36.5929    136.960    137.980    19.3741   4.925858    36.5942     0.0922 1.0000e-12    -0.0015   100.0368      98.65    213.175     4.8981 2.3431e+03          1         27 0.0000e+00
   33.07870  -65.67276    19.3740   4.925757    36.5930    137.995    139.023    19.3740   4.925892    36.5941     0.0733 1.0000e-12    -0.0017   100.0412      98.65    212.841     4.8904 2.3437e+03          1         21 0.0000e+00
