Data/ruptures/KN207-01/QL-2/20701063.cnv
* Sea-Bird SBE 9 Data File:
* FileName = C:\Data\ctd\20701063.hex
* Software Version Seasave V 7.21e
* Temperature SN = 4406
* Conductivity SN = 1474
* Number of Bytes Per Scan = 40
* Number of Voltage Words = 5
* Number of Scans Averaged by the Deck Unit = 1
* NMEA Latitude = 32 54.43 N
* NMEA Longitude = 065 51.49 W
* NMEA UTC (Time) = Apr 30 2012 21:30:47
** R/V Knorr Cruise # KN207-01 QL 2
** Chief Scientist: Ben Van Mooy
# nquan = 21
# nvalues = 399                         
# units = specified
# name 0 = latitude: Latitude [deg]
# name 1 = longitude: Longitude [deg]
# name 2 = t090C: Temperature [ITS-90, deg C]
# name 3 = c0S/m: Conductivity [S/m]
# name 4 = sal00: Salinity, Practical [PSU]
# name 5 = depSM: Depth [salt water, m]
# name 6 = prDM: Pressure, Digiquartz [db]
# name 7 = t190C: Temperature, 2 [ITS-90, deg C]
# name 8 = c1S/m: Conductivity, 2 [S/m]
# name 9 = sal11: Salinity, Practical, 2 [PSU]
# name 10 = flECO-AFL: Fluorescence, WET Labs ECO-AFL/FL [mg/m^3]
# name 11 = par: PAR/Irradiance, Biospherical/Licor
# name 12 = bat: Beam Attenuation, Chelsea/Seatech [1/m]
# name 13 = xmiss: Beam Transmission, Chelsea/Seatech [%]
# name 14 = altM: Altimeter [m]
# name 15 = sbeox0Mm/Kg: Oxygen, SBE 43 [umol/kg]
# name 16 = sbeox0ML/L: Oxygen, SBE 43 [ml/l]
# name 17 = spar: SPAR/Surface Irradiance
# name 18 = pumps: Pump Status
# name 19 = nbin: number of scans per bin
# name 20 = flag: flag
# span 0 =   32.90730,   32.90802       
# span 1 =  -65.85824,  -65.85690       
# span 2 =    18.0433,    20.4305       
# span 3 =   4.780478,   5.028223       
# span 4 =    36.0889,    36.9950       
# span 5 =      2.173,    199.220       
# span 6 =      2.188,    200.730       
# span 7 =    18.0434,    20.4284       
# span 8 =   4.780647,   5.033088       
# span 9 =    36.5204,    36.6101       
# span 10 =     0.0058,     0.8952      
# span 11 = 1.0000e-12, 1.0000e-12      
# span 12 =    -0.0102,     0.0827      
# span 13 =    97.9528,   100.2553      
# span 14 =       1.04,      98.94      
# span 15 =    135.584,    381.984      
# span 16 =     3.1149,     8.7743      
# span 17 = 1.5387e+03, 2.0984e+03      
# span 18 =          1,          1      
# span 19 =         15,       1459      
# span 20 = 0.0000e+00, 0.0000e+00      
# interval = decibars: 1                
# start_time = Apr 30 2012 21:30:47 [NMEA time, header]
# bad_flag = -9.990e-29
*END*
[from data line 207]
   32.90744  -65.85776    18.1050   4.787091    36.5229    191.550    192.999    18.1051   4.787127    36.5236     0.0165 1.0000e-12    -0.0092   100.2305      98.69    186.185     4.2791 1.8555e+03          1         31 0.0000e+00
   32.90744  -65.85776    18.1176   4.788409    36.5231    190.560    192.001    18.1182   4.788267    36.5216     0.0325 1.0000e-12    -0.0095   100.2377      98.70    186.155     4.2784 1.8594e+03          1         22 0.0000e+00
   32.90744  -65.85776    18.1408   4.790924    36.5238    189.587    191.020    18.1358   4.790370    36.5239     0.0290 1.0000e-12    -0.0092   100.2296      98.68    186.020     4.2753 1.8600e+03          1         21 0.0000e+00
   32.90744  -65.85776    18.1588   4.792880    36.5246    188.543    189.968    18.1595   4.792760    36.5231     0.0245 1.0000e-12    -0.0085   100.2116      98.69    186.282     4.2813 1.8562e+03          1         28 0.0000e+00
   32.90746  -65.85776    18.1734   4.794257    36.5235    187.588    189.004    18.1605   4.792835    36.5234     0.0249 1.0000e-12    -0.0089   100.2232      98.68    185.996     4.2747 1.8527e+03          1         26 0.0000e+00
   32.90746  -65.85776    18.1839   4.795356    36.5240    186.616    188.025    18.1773   4.794634    36.5239     0.0355 1.0000e-12    -0.0089   100.2225      98.69    185.567     4.2648 1.8534e+03          1         22 0.0000e+00
   32.90746  -65.85776    18.2085   4.797875    36.5235    185.627    187.028    18.2060   4.797258    36.5206     0.0279 1.0000e-12    -0.0079   100.1961      98.69    186.031     4.2754 1.8581e+03          1         24 0.0000e+00
   32.90746  -65.85776    18.2757   4.805613    36.5288    184.599    185.991    18.2901   4.806160    36.5204     0.0176 1.0000e-12    -0.0061   100.1532      98.68    185.939     4.2733 1.8645e+03          1         25 0.0000e+00
   32.90746  -65.85776    18.3461   4.813189    36.5300    183.629    185.014    18.3408   4.811834    36.5234     0.0264 1.0000e-12    -0.0068   100.1717      98.69    186.143     4.2779 1.8672e+03          1         25 0.0000e+00
   32.90746  -65.85774    18.3916   4.818182    36.5320    182.665    184.043    18.3668   4.815404    36.5310     0.0235 1.0000e-12    -0.0066   100.1659      32.84    186.504     4.2862 1.8646e+03          1         26 0.0000e+00
   32.90746  -65.85774    18.4512   4.824563    36.5330    181.640    183.010    18.4181   4.820470    36.5283     0.0389 1.0000e-12    -0.0064   100.1597      27.26    187.028     4.2981 1.8583e+03          1         24 0.0000e+00
   32.90746  -65.85774    18.5258   4.832916    36.5371    180.610    181.971    18.4997   4.829215    36.5293     0.0337 1.0000e-12    -0.0060   100.1512      98.94    187.734     4.3143 1.8568e+03          1         24 0.0000e+00
   32.90746  -65.85774    18.6057   4.841719    36.5403    179.651    181.004    18.6039   4.840393    36.5306     0.0277 1.0000e-12    -0.0059   100.1479      98.68    188.089     4.3224 1.8602e+03          1         23 0.0000e+00
   32.90746  -65.85774    18.6914   4.850905    36.5416    178.675    180.021    18.6593   4.846549    36.5337     0.0331 1.0000e-12    -0.0063   100.1568      76.77    189.972     4.3656 1.8640e+03          1         27 0.0000e+00
   32.90746  -65.85774    18.7632   4.858890    36.5456    177.661    178.998    18.7226   4.853093    36.5331     0.0311 1.0000e-12    -0.0060   100.1501      47.85    191.925     4.4104 1.8644e+03          1         22 0.0000e+00
   32.90746  -65.85774    18.8846   4.872797    36.5542    176.662    177.992    18.8792   4.870928    36.5431     0.0388 1.0000e-12    -0.0053   100.1314      68.31    193.403     4.4442 1.8610e+03          1         22 0.0000e+00
   32.90746  -65.85774    19.0207   4.887622    36.5576    175.647    176.968    19.0274   4.886899    36.5451     0.0453 1.0000e-12    -0.0055   100.1372      55.39    194.475     4.4687 1.8568e+03          1         24 0.0000e+00
   32.90746  -65.85774    19.0911   4.895784    36.5647    174.671    175.985    19.0857   4.894476    36.5583     0.0482 1.0000e-12    -0.0037   100.0934      98.70    196.924     4.5250 1.8534e+03          1         29 0.0000e+00
   32.90746  -65.85774    19.1219   4.898852    36.5647    173.698    175.004    19.1228   4.898060    36.5571     0.0507 1.0000e-12    -0.0044   100.1088      98.69    201.290     4.6252 1.8531e+03          1         23 0.0000e+00
   32.90746  -65.85774    19.1672   4.904343    36.5716    172.691    173.989    19.1477   4.901102    36.5619     0.0494 1.0000e-12    -0.0048   100.1199      98.69    203.682     4.6802 1.8554e+03          1         23 0.0000e+00
   32.90746  -65.85774    19.2718   4.916042    36.5770    171.679    172.969    19.2338   4.911257    36.5710     0.0462 1.0000e-12    -0.0046   100.1155      98.69    204.040     4.6883 1.8584e+03          1         23 0.0000e+00
   32.90746  -65.85774    19.2968   4.918992    36.5813    170.720    172.002    19.2946   4.918124    36.5757     0.0588 1.0000e-12    -0.0045   100.1120      94.27    205.472     4.7212 1.8583e+03          1         31 0.0000e+00
   32.90746  -65.85774    19.3012   4.919074    36.5801    169.771    171.046    19.2869   4.916921    36.5747     0.0458 1.0000e-12    -0.0054   100.1358      11.00    208.397     4.7884 1.8537e+03          1         27 0.0000e+00
   32.90746  -65.85774    19.3103   4.920172    36.5827    168.765    170.032    19.2947   4.918215    36.5801     0.0286 1.0000e-12    -0.0054   100.1354      42.68    209.101     4.8045 1.8509e+03          1         21 0.0000e+00
   32.90746  -65.85774    19.3311   4.922602    36.5855    167.743    169.002    19.3209   4.920863    36.5799     0.0234 1.0000e-12    -0.0011   100.0261       6.55    208.831     4.7983 1.8500e+03          1         17 0.0000e+00
   32.90746  -65.85774    19.3485   4.924487    36.5867    166.722    167.973    19.3435   4.923729    36.5846     0.0419 1.0000e-12    -0.0044   100.1093      62.56    208.846     4.7987 1.8493e+03          1         17 0.0000e+00
   32.90746  -65.85774    19.3542   4.925047    36.5873    165.727    166.970    19.3498   4.924502    36.5864     0.0649 1.0000e-12    -0.0049   100.1228      98.70    208.925     4.8005 1.8513e+03          1         16 0.0000e+00
   32.90746  -65.85774    19.3561   4.925201    36.5880    164.728    165.963    19.3493   4.924479    36.5878     0.0613 1.0000e-12    -0.0042   100.1060      98.63    210.011     4.8254 1.8543e+03          1         28 0.0000e+00
   32.90747  -65.85773    19.3631   4.925892    36.5890    163.813    165.041    19.3602   4.925535    36.5884     0.0491 1.0000e-12    -0.0038   100.0948      63.62    211.343     4.8560 1.8534e+03          1         46 0.0000e+00
   32.90748  -65.85772    19.3577   4.925133    36.5889    162.838    164.058    19.3559   4.925032    36.5895     0.0662 1.0000e-12    -0.0046   100.1151      98.70    211.541     4.8606 1.8513e+03          1         25 0.0000e+00
   32.90748  -65.85772    19.3564   4.924958    36.5895    161.773    162.985    19.3510   4.924367    36.5893     0.0592 1.0000e-12    -0.0027   100.0679      67.85    211.274     4.8544 1.8473e+03          1         20 0.0000e+00
   32.90748  -65.85772    19.3629   4.925601    36.5897    160.784    161.988    19.3595   4.925104    36.5885     0.0594 1.0000e-12    -0.0027   100.0689      42.28    210.762     4.8427 1.8426e+03          1         19 0.0000e+00
   32.90748  -65.85772    19.3647   4.925689    36.5896    159.795    160.991    19.3636   4.925551    36.5892     0.0428 1.0000e-12    -0.0034   100.0852      98.69    210.349     4.8332 1.8393e+03          1         19 0.0000e+00
   32.90748  -65.85772    19.3653   4.925728    36.5900    158.817    160.005    19.3650   4.925676    36.5897     0.0463 1.0000e-12    -0.0029   100.0730      98.69    210.716     4.8416 1.8387e+03          1         19 0.0000e+00
   32.90748  -65.85772    19.3652   4.925460    36.5886    157.779    158.959    19.3642   4.925562    36.5903     0.0648 1.0000e-12    -0.0028   100.0712      31.44    211.140     4.8513 1.8435e+03          1         28 0.0000e+00
   32.90748  -65.85772    19.3663   4.925724    36.5906    156.850    158.023    19.3657   4.925714    36.5909     0.0636 1.0000e-12    -0.0031   100.0783       5.94    211.293     4.8549 1.8502e+03          1         34 0.0000e+00
   32.90748  -65.85772    19.3639   4.925410    36.5908    155.841    157.006    19.3636   4.925445    36.5912     0.0586 1.0000e-12    -0.0030   100.0764       6.09    211.535     4.8604 1.8512e+03          1         23 0.0000e+00
   32.90748  -65.85772    19.3665   4.925659    36.5910    154.837    155.994    19.3645   4.925427    36.5909     0.0505 1.0000e-12    -0.0028   100.0715      68.37    211.524     4.8602 1.8521e+03          1         17 0.0000e+00
   32.90748  -65.85772    19.3684   4.925820    36.5912    153.866    155.015    19.3664   4.925611    36.5912     0.0397 1.0000e-12    -0.0020   100.0502       6.09    210.768     4.8428 1.8532e+03          1         18 0.0000e+00
   32.90748  -65.85770    19.3692   4.925879    36.5916    152.772    153.912    19.3688   4.925879    36.5919     0.0509 1.0000e-12    -0.0016   100.0387       5.98    210.571     4.8383 1.8499e+03          1         30 0.0000e+00
   32.90748  -65.85770    19.3698   4.925894    36.5917    151.920    153.055    19.3691   4.925886    36.5922     0.0830 1.0000e-12    -0.0019   100.0473      23.98    211.367     4.8566 1.8425e+03          1         59 0.0000e+00
   32.90748  -65.85770    19.3680   4.925640    36.5920    150.694    151.818    19.3682   4.925735    36.5925     0.0922 1.0000e-12    -0.0012   100.0306       6.69    211.715     4.8646 1.8516e+03          1         74 0.0000e+00
   32.90750  -65.85769    19.3692   4.925786    36.5928    149.936    151.055    19.3689   4.925816    36.5934     0.0961 1.0000e-12    -0.0010   100.0253      95.69    211.745     4.8653 1.8477e+03          1        618 0.0000e+00
   32.90753  -65.85764    19.3685   4.925720    36.5934    149.138    150.250    19.3691   4.925853    36.5940     0.1072 1.0000e-12    -0.0006   100.0140      98.70    211.562     4.8611 1.8593e+03          1        165 0.0000e+00
   32.90754  -65.85762    19.3691   4.925742    36.5935    147.896    148.999    19.3697   4.925852    36.5938     0.1047 1.0000e-12    -0.0013   100.0307      98.70    211.645     4.8630 1.8839e+03          1         31 0.0000e+00
   32.90754  -65.85762    19.3705   4.925829    36.5933    146.879    147.974    19.3708   4.925934    36.5939     0.1082 1.0000e-12    -0.0007   100.0169      98.70    211.595     4.8618 1.8784e+03          1         38 0.0000e+00
   32.90754  -65.85762    19.3709   4.925837    36.5934    145.895    146.982    19.3706   4.925883    36.5941     0.1131 1.0000e-12     0.0003    99.9915      98.70    211.055     4.8494 1.8627e+03          1         53 0.0000e+00
   32.90756  -65.85762    19.3708   4.925764    36.5933    144.961    146.041    19.3708   4.925835    36.5938     0.1175 1.0000e-12     0.0011    99.9736      98.70    211.691     4.8640 1.8625e+03          1         30 0.0000e+00
   32.90756  -65.85762    19.3710   4.925764    36.5935    143.953    145.025    19.3711   4.925811    36.5937     0.0995 1.0000e-12    -0.0003   100.0075      98.69    212.013     4.8714 1.8692e+03          1         20 0.0000e+00
   32.90756  -65.85762    19.3712   4.925738    36.5934    142.980    144.045    19.3713   4.925811    36.5940     0.0919 1.0000e-12     0.0011    99.9717      98.69    212.164     4.8749 1.8762e+03          1         17 0.0000e+00
   32.90756  -65.85762    19.3712   4.925696    36.5935    141.945    143.001    19.3713   4.925771    36.5940     0.0936 1.0000e-12     0.0013    99.9676      98.70    211.919     4.8693 1.8793e+03          1         20 0.0000e+00
   32.90756  -65.85762    19.3712   4.925657    36.5935    140.886    141.934    19.3711   4.925708    36.5940     0.1126 1.0000e-12     0.0001    99.9978      98.70    211.433     4.8581 1.8787e+03          1         27 0.0000e+00
   32.90756  -65.85760    19.3713   4.925619    36.5935    139.929    140.970    19.3712   4.925683    36.5941     0.1115 1.0000e-12     0.0022    99.9444      98.70    211.641     4.8629 1.8657e+03          1         46 0.0000e+00
   32.90756  -65.85760    19.3712   4.925571    36.5935    139.028    140.061    19.3712   4.925633    36.5941     0.1390 1.0000e-12     0.0026    99.9352      98.70    212.132     4.8742 1.8640e+03          1         28 0.0000e+00
   32.90756  -65.85760    19.3709   4.925504    36.5936    137.986    139.011    19.3713   4.925589    36.5940     0.1219 1.0000e-12     0.0014    99.9648      98.71    211.680     4.8637 1.8705e+03          1         19 0.0000e+00
   32.90756  -65.85760    19.3714   4.925494    36.5935    136.958    137.975    19.3714   4.925549    36.5940     0.1173 1.0000e-12     0.0017    99.9581      98.70    211.468     4.8589 1.8762e+03          1         17 0.0000e+00
   32.90756  -65.85760    19.3713   4.925442    36.5935    135.961    136.971    19.3715   4.925516    36.5940     0.1173 1.0000e-12     0.0031    99.9232      98.70    211.261     4.8541 1.8766e+03          1         17 0.0000e+00
   32.90756  -65.85760    19.3713   4.925404    36.5936    134.978    135.980    19.3712   4.925463    36.5941     0.1277 1.0000e-12     0.0028    99.9298      98.70    211.201     4.8527 1.8761e+03          1         21 0.0000e+00
   32.90756  -65.85760    19.3711   4.925335    36.5935    133.994    134.989    19.3711   4.925401    36.5941     0.1400 1.0000e-12     0.0015    99.9632      98.71    211.655     4.8632 1.8733e+03          1         33 0.0000e+00
   32.90756  -65.85760    19.3710   4.925274    36.5935    133.020    134.007    19.3711   4.925358    36.5941     0.1238 1.0000e-12     0.0024    99.9410      98.71    211.910     4.8690 1.8699e+03          1         38 0.0000e+00
   32.90756  -65.85760    19.3710   4.925226    36.5935    132.031    133.010    19.3710   4.925305    36.5941     0.1380 1.0000e-12     0.0025    99.9382      98.71    211.775     4.8659 1.8662e+03          1         25 0.0000e+00
   32.90756  -65.85758    19.3711   4.925197    36.5936    131.061    132.033    19.3713   4.925289    36.5941     0.1416 1.0000e-12     0.0027    99.9315      98.71    211.035     4.8489 1.8683e+03          1         20 0.0000e+00
   32.90756  -65.85758    19.3714   4.925183    36.5935    130.040    131.004    19.3716   4.925264    36.5940     0.1339 1.0000e-12     0.0033    99.9173      98.71    211.199     4.8527 1.8693e+03          1         19 0.0000e+00
   32.90756  -65.85758    19.3716   4.925172    36.5937    129.034    129.990    19.3717   4.925249    36.5942     0.1459 1.0000e-12     0.0032    99.9216      98.70    211.872     4.8681 1.8705e+03          1         18 0.0000e+00
   32.90756  -65.85758    19.3718   4.925153    36.5936    128.056    129.005    19.3718   4.925219    36.5942     0.1639 1.0000e-12     0.0027    99.9316      98.70    211.890     4.8686 1.8735e+03          1         18 0.0000e+00
   32.90756  -65.85758    19.3720   4.925129    36.5937    127.061    128.002    19.3721   4.925192    36.5941     0.1595 1.0000e-12     0.0041    99.8973      98.70    211.263     4.8542 1.8795e+03          1         24 0.0000e+00
   32.90757  -65.85758    19.3719   4.925085    36.5937    126.063    126.996    19.3718   4.925152    36.5944     0.1529 1.0000e-12     0.0033    99.9195      98.70    211.305     4.8551 1.8802e+03          1         33 0.0000e+00
   32.90758  -65.85758    19.3720   4.925037    36.5936    125.096    126.021    19.3721   4.925127    36.5943     0.1864 1.0000e-12     0.0048    99.8789      98.71    211.815     4.8669 1.8729e+03          1         31 0.0000e+00
