Data/ruptures/KN207-01/QL-2/20701055.cnv
* Sea-Bird SBE 9 Data File:
* FileName = C:\Data\ctd\20701055.hex
* Software Version Seasave V 7.21e
* Temperature SN = 4406
* Conductivity SN = 1474
* Number of Bytes Per Scan = 40
* Number of Voltage Words = 5
* Number of Scans Averaged by the Deck Unit = 1
* NMEA Latitude = 32 57.18 N
* NMEA Longitude = 065 58.44 W
* NMEA UTC (Time) = Apr 30 2012 01:06:00
** R/V Knorr Cruise # KN207-01 QL2
** Chief Scientist: Ben Van Mooy
# nquan = 21
# nvalues = 401                         
# units = specified
# name 0 = latitude: Latitude [deg]
# name 1 = longitude: Longitude [deg]
# name 2 = t090C: Temperature [ITS-90, deg C]
# name 3 = c0S/m: Conductivity [S/m]
# name 4 = sal00: Salinity, Practical [PSU]
# name 5 = depSM: Depth [salt water, m]
# name 6 = prDM: Pressure, Digiquartz [db]
# name 7 = t190C: Temperature, 2 [ITS-90, deg C]
# name 8 = c1S/m: Conductivity, 2 [S/m]
# name 9 = sal11: Salinity, Practical, 2 [PSU]
# name 10 = flECO-AFL: Fluorescence, WET Labs ECO-AFL/FL [mg/m^3]
# name 11 = par: PAR/Irradiance, Biospherical/Licor
# name 12 = bat: Beam Attenuation, Chelsea/Seatech [1/m]
# name 13 = xmiss: Beam Transmission, Chelsea/Seatech [%]
# name 14 = altM: Altimeter [m]
# name 15 = sbeox0Mm/Kg: Oxygen, SBE 43 [umol/kg]
# name 16 = sbeox0ML/L: Oxygen, SBE 43 [ml/l]
# name 17 = spar: SPAR/Surface Irradiance
# name 18 = pumps: Pump Status
# name 19 = nbin: number of scans per bin
# name 20 = flag: flag
# span 0 =   32.95094,   32.95312       
# span 1 =  -65.97446,  -65.97405       
# span 2 =    18.2487,    20.4611       
# span 3 =   4.517586,   5.035476       
# span 4 =    32.4124,    36.9996       
# span 5 =      2.384,    200.992       
# span 6 =      2.401,    202.518       
# span 7 =    18.2488,    20.4611       
# span 8 =   4.738933,   5.035461       
# span 9 =    34.1934,    36.9660       
# span 10 =     0.0108,     1.0254      
# span 11 = 1.0000e-12, 1.0000e-12      
# span 12 =    -0.0070,     0.1261      
# span 13 =    96.8960,   100.1758      
# span 14 =       1.04,      98.85      
# span 15 =    136.501,    364.411      
# span 16 =     3.1360,     8.3699      
# span 17 = 1.3384e+01, 1.4995e+01      
# span 18 =          1,          1      
# span 19 =          1,       1082      
# span 20 = 0.0000e+00, 0.0000e+00      
# interval = decibars: 1                
# start_time = Apr 30 2012 01:06:00 [NMEA time, header]
# bad_flag = -9.990e-29
*END*
[from data line 138]
   32.95254  -65.97420    19.3745   4.926083    36.5942    140.931    141.979    19.3744   4.926196    36.5953     0.1160 1.0000e-12     0.0057    99.8582      98.69    212.790     4.8893 1.4171e+01          1         17 0.0000e+00
   32.95254  -65.97420    19.3746   4.926162    36.5943    141.938    142.995    19.3745   4.926278    36.5954     0.1166 1.0000e-12     0.0044    99.8898      98.69    212.566     4.8841 1.4221e+01          1         16 0.0000e+00
   32.95254  -65.97420    19.3747   4.926194    36.5942    142.959    144.024    19.3743   4.926290    36.5953     0.1377 1.0000e-12     0.0039    99.9042      98.69    212.597     4.8848 1.3942e+01          1         16 0.0000e+00
   32.95254  -65.97420    19.3731   4.926019    36.5938    143.964    145.036    19.3728   4.926124    36.5949     0.1464 1.0000e-12     0.0049    99.8776      98.69    212.875     4.8912 1.3719e+01          1         20 0.0000e+00
   32.95254  -65.97420    19.3703   4.925658    36.5929    144.960    146.041    19.3703   4.925802    36.5941     0.1249 1.0000e-12     0.0076    99.8108      98.69    212.649     4.8860 1.3756e+01          1         30 0.0000e+00
   32.95254  -65.97420    19.3703   4.925704    36.5929    145.877    146.965    19.3703   4.925814    36.5939     0.1152 1.0000e-12     0.0096    99.7617      98.70    212.422     4.8808 1.4108e+01          1         37 0.0000e+00
   32.95252  -65.97420    19.3708   4.925827    36.5931    146.865    147.960    19.3709   4.925946    36.5940     0.1148 1.0000e-12     0.0030    99.9263      98.70    212.054     4.8723 1.3880e+01          1         27 0.0000e+00
   32.95252  -65.97420    19.3711   4.925917    36.5932    147.866    148.969    19.3712   4.926084    36.5945     0.0903 1.0000e-12     0.0037    99.9084      98.69    212.438     4.8812 1.4053e+01          1         20 0.0000e+00
   32.95252  -65.97420    19.3718   4.926089    36.5936    148.860    149.970    19.3717   4.926202    36.5946     0.0803 1.0000e-12     0.0024    99.9390      98.69    212.616     4.8853 1.3854e+01          1         19 0.0000e+00
   32.95252  -65.97420    19.3722   4.926193    36.5937    149.871    150.990    19.3720   4.926274    36.5946     0.0961 1.0000e-12     0.0023    99.9417      98.69    212.400     4.8803 1.3619e+01          1         19 0.0000e+00
   32.95252  -65.97420    19.3728   4.926317    36.5939    150.873    152.000    19.3727   4.926422    36.5949     0.0786 1.0000e-12     0.0021    99.9483      98.69    212.373     4.8797 1.4053e+01          1         20 0.0000e+00
   32.95252  -65.97420    19.3730   4.926397    36.5940    151.868    153.002    19.3729   4.926494    36.5949     0.0819 1.0000e-12     0.0000    99.9992      98.69    212.299     4.8780 1.3869e+01          1         23 0.0000e+00
   32.95252  -65.97422    19.3729   4.926404    36.5938    152.898    154.040    19.3728   4.926516    36.5948     0.0740 1.0000e-12    -0.0000   100.0012      26.19    211.808     4.8667 1.4076e+01          1         29 0.0000e+00
   32.95252  -65.97422    19.3725   4.926402    36.5937    153.850    155.000    19.3724   4.926513    36.5947     0.0760 1.0000e-12    -0.0005   100.0113      96.59    211.963     4.8703 1.4149e+01          1         35 0.0000e+00
   32.95252  -65.97422    19.3721   4.926377    36.5935    154.792    155.950    19.3721   4.926504    36.5946     0.0723 1.0000e-12    -0.0002   100.0039      98.70    211.875     4.8682 1.3999e+01          1         29 0.0000e+00
   32.95252  -65.97422    19.3724   4.926488    36.5938    155.830    156.995    19.3722   4.926579    36.5947     0.0775 1.0000e-12    -0.0004   100.0094      98.69    211.872     4.8682 1.3809e+01          1         21 0.0000e+00
   32.95250  -65.97422    19.3719   4.926459    36.5936    156.833    158.006    19.3720   4.926596    36.5947     0.0881 1.0000e-12    -0.0002   100.0049      98.68    211.797     4.8665 1.4053e+01          1         20 0.0000e+00
   32.95250  -65.97422    19.3717   4.926474    36.5936    157.831    159.013    19.3717   4.926596    36.5946     0.0932 1.0000e-12    -0.0008   100.0203      98.69    212.038     4.8720 1.3719e+01          1         20 0.0000e+00
   32.95250  -65.97422    19.3719   4.926530    36.5935    158.795    159.984    19.3718   4.926652    36.5945     0.0758 1.0000e-12    -0.0014   100.0333      98.70    212.164     4.8749 1.3891e+01          1         22 0.0000e+00
   32.95250  -65.97422    19.3715   4.926524    36.5934    159.800    160.997    19.3714   4.926635    36.5944     0.0596 1.0000e-12    -0.0004   100.0104      98.69    211.913     4.8691 1.3869e+01          1         23 0.0000e+00
   32.95250  -65.97422    19.3715   4.926578    36.5934    160.831    162.036    19.3714   4.926669    36.5943     0.0691 1.0000e-12    -0.0012   100.0302      98.70    211.907     4.8690 1.4021e+01          1         21 0.0000e+00
   32.95249  -65.97422    19.3717   4.926649    36.5935    161.797    163.009    19.3716   4.926750    36.5944     0.0614 1.0000e-12    -0.0015   100.0383      98.69    211.919     4.8692 1.3830e+01          1         20 0.0000e+00
   32.95248  -65.97422    19.3719   4.926710    36.5935    162.803    164.023    19.3718   4.926821    36.5945     0.0592 1.0000e-12    -0.0015   100.0361      98.70    211.564     4.8611 1.4081e+01          1         32 0.0000e+00
   32.95248  -65.97422    19.3720   4.926778    36.5936    163.737    164.965    19.3719   4.926884    36.5945     0.0564 1.0000e-12    -0.0012   100.0283      98.70    212.223     4.8762 1.4340e+01          1         42 0.0000e+00
   32.95248  -65.97422    19.3718   4.926807    36.5936    164.720    165.956    19.3717   4.926910    36.5946     0.0770 1.0000e-12    -0.0025   100.0621      98.69    212.235     4.8765 1.3899e+01          1         26 0.0000e+00
   32.95248  -65.97422    19.3715   4.926812    36.5935    165.761    167.005    19.3715   4.926940    36.5946     0.0776 1.0000e-12    -0.0025   100.0639      98.69    212.013     4.8714 1.4171e+01          1         17 0.0000e+00
   32.95248  -65.97422    19.3715   4.926865    36.5936    166.748    168.000    19.3714   4.926966    36.5945     0.0649 1.0000e-12    -0.0028   100.0714      98.70    212.226     4.8763 1.3942e+01          1         16 0.0000e+00
   32.95248  -65.97422    19.3715   4.926892    36.5935    167.749    169.009    19.3714   4.927011    36.5946     0.0584 1.0000e-12    -0.0029   100.0730      98.69    212.012     4.8714 1.4360e+01          1         16 0.0000e+00
   32.95248  -65.97422    19.3712   4.926894    36.5934    168.748    170.016    19.3711   4.927009    36.5944     0.0500 1.0000e-12    -0.0023   100.0589      98.69    211.932     4.8696 1.3607e+01          1         20 0.0000e+00
   32.95248  -65.97422    19.3711   4.926926    36.5933    169.759    171.035    19.3711   4.927039    36.5943     0.0449 1.0000e-12    -0.0019   100.0473      98.69    212.075     4.8728 1.4248e+01          1         31 0.0000e+00
   32.95248  -65.97422    19.3711   4.926965    36.5933    170.691    171.974    19.3711   4.927078    36.5943     0.0427 1.0000e-12    -0.0030   100.0765      98.69    211.899     4.8688 1.4047e+01          1         37 0.0000e+00
   32.95246  -65.97422    19.3707   4.926964    36.5933    171.697    172.988    19.3706   4.927083    36.5944     0.0624 1.0000e-12    -0.0021   100.0522      98.70    212.173     4.8751 1.4242e+01          1         26 0.0000e+00
   32.95246  -65.97422    19.3705   4.926986    36.5932    172.701    174.000    19.3704   4.927095    36.5943     0.0405 1.0000e-12    -0.0030   100.0754      98.70    211.847     4.8676 1.4021e+01          1         21 0.0000e+00
   32.95246  -65.97422    19.3700   4.926943    36.5930    173.683    174.990    19.3697   4.927064    36.5942     0.0585 1.0000e-12    -0.0037   100.0944      98.70    211.827     4.8671 1.3632e+01          1         18 0.0000e+00
   32.95246  -65.97422    19.3675   4.926717    36.5930    174.678    175.993    19.3674   4.926857    36.5942     0.0632 1.0000e-12    -0.0032   100.0794      98.69    212.009     4.8713 1.3942e+01          1         20 0.0000e+00
   32.95246  -65.97422    19.3670   4.926710    36.5930    175.666    176.988    19.3669   4.926826    36.5941     0.0598 1.0000e-12    -0.0027   100.0672      98.70    212.355     4.8793 1.4094e+01          1         22 0.0000e+00
   32.95245  -65.97423    19.3665   4.926682    36.5929    176.664    177.994    19.3664   4.926806    36.5939     0.0724 1.0000e-12    -0.0029   100.0720      98.70    212.299     4.8780 1.3715e+01          1         27 0.0000e+00
   32.95244  -65.97424    19.3655   4.926602    36.5927    177.676    179.015    19.3654   4.926731    36.5939     0.0568 1.0000e-12    -0.0019   100.0483      98.70    211.739     4.8651 1.4242e+01          1         26 0.0000e+00
   32.95244  -65.97424    19.3638   4.926465    36.5927    178.658    180.004    19.3637   4.926581    36.5937     0.0822 1.0000e-12    -0.0020   100.0492      98.70    211.676     4.8637 1.3962e+01          1         27 0.0000e+00
   32.95244  -65.97424    19.3624   4.926353    36.5926    179.634    180.988    19.3622   4.926479    36.5938     0.0590 1.0000e-12    -0.0025   100.0620      88.82    211.835     4.8674 1.3703e+01          1         28 0.0000e+00
   32.95244  -65.97424    19.3590   4.926009    36.5924    180.618    181.980    19.3587   4.926125    36.5936     0.0499 1.0000e-12    -0.0021   100.0516       1.13    211.528     4.8603 1.4128e+01          1         24 0.0000e+00
   32.95244  -65.97424    19.3567   4.925801    36.5923    181.617    182.987    19.3566   4.925938    36.5936     0.0358 1.0000e-12    -0.0025   100.0637      97.32    211.607     4.8621 1.4297e+01          1         22 0.0000e+00
   32.95244  -65.97424    19.3509   4.925148    36.5917    182.638    184.017    19.3511   4.925428    36.5938     0.0660 1.0000e-12    -0.0027   100.0685      98.70    211.088     4.8502 1.3966e+01          1         23 0.0000e+00
   32.95244  -65.97424    19.3322   4.923081    36.5909    183.635    185.021    19.3326   4.923453    36.5937     0.0789 1.0000e-12    -0.0017   100.0430      98.70    210.842     4.8446 1.4035e+01          1         24 0.0000e+00
   32.95244  -65.97424    19.3131   4.921194    36.5918    184.605    185.999    19.3132   4.921437    36.5938     0.0594 1.0000e-12    -0.0025   100.0623      98.70    211.016     4.8486 1.3942e+01          1         24 0.0000e+00
   32.95244  -65.97424    19.3009   4.919980    36.5922    185.597    186.999    19.3013   4.920353    36.5949     0.0455 1.0000e-12    -0.0027   100.0672      98.69    210.596     4.8389 1.3891e+01          1         22 0.0000e+00
   32.95242  -65.97424    19.2440   4.913485    36.5888    186.597    188.006    19.2443   4.914545    36.5973     0.0438 1.0000e-12    -0.0021   100.0531      98.70    210.402     4.8345 1.4094e+01          1         22 0.0000e+00
   32.95242  -65.97424    19.1791   4.906251    36.5860    187.598    189.016    19.1795   4.906733    36.5897     0.0375 1.0000e-12    -0.0022   100.0555      98.69    209.640     4.8171 1.4195e+01          1         22 0.0000e+00
   32.95242  -65.97424    19.1529   4.903191    36.5833    188.597    190.023    19.1537   4.903762    36.5873     0.0608 1.0000e-12    -0.0022   100.0556      98.70    207.644     4.7713 1.3862e+01          1         28 0.0000e+00
   32.95242  -65.97424    19.0886   4.895903    36.5792    189.586    191.020    19.0897   4.896658    36.5845     0.0663 1.0000e-12    -0.0030   100.0767      98.70    205.262     4.7166 1.4149e+01          1         35 0.0000e+00
   32.95241  -65.97424    18.9957   4.885390    36.5736    190.571    192.013    18.9969   4.886390    36.5810     0.0621 1.0000e-12    -0.0036   100.0904      98.70    203.861     4.6845 1.3862e+01          1         28 0.0000e+00
   32.95240  -65.97424    18.9473   4.880021    36.5710    191.529    192.979    18.9477   4.880458    36.5743     0.0669 1.0000e-12    -0.0022   100.0562      98.70    202.297     4.6486 1.3985e+01          1         26 0.0000e+00
   32.95240  -65.97424    18.9240   4.877453    36.5692    192.571    194.029    18.9247   4.877836    36.5719     0.0532 1.0000e-12    -0.0029   100.0730      98.70    200.596     4.6095 1.3962e+01          1         27 0.0000e+00
   32.95240  -65.97424    18.9115   4.876158    36.5681    193.603    195.069    18.9110   4.876260    36.5694     0.0420 1.0000e-12    -0.0033   100.0834      98.70    199.101     4.5752 1.3906e+01          1         47 0.0000e+00
   32.95240  -65.97424    18.9198   4.877146    36.5669    194.325    195.797    18.9265   4.878059    36.5685     0.0374 1.0000e-12    -0.0027   100.0680      98.70    198.924     4.5711 1.4024e+01          1        108 0.0000e+00
   32.95239  -65.97424    18.8036   4.864013    36.5599    195.542    197.023    18.8115   4.866348    36.5726     0.0477 1.0000e-12    -0.0038   100.0970      98.70    199.467     4.5837 1.4176e+01          1         31 0.0000e+00
   32.95238  -65.97424    18.6657   4.849105    36.5561    196.633    198.123    18.6887   4.851717    36.5575     0.0368 1.0000e-12    -0.0039   100.0985      98.70    194.937     4.4797 1.4210e+01          1        135 0.0000e+00
   32.95236  -65.97424    18.4414   4.823923    36.5436    197.534    199.032    18.4537   4.826535    36.5550     0.0267 1.0000e-12    -0.0048   100.1188      98.70    193.491     4.4467 1.4033e+01          1         55 0.0000e+00
   32.95236  -65.97424    18.3244   4.811155    36.5381    198.552    200.058    18.3253   4.811509    36.5407     0.0412 1.0000e-12    -0.0051   100.1280      98.70    188.332     4.3282 1.4175e+01          1         79 0.0000e+00
   32.95236  -65.97425    18.3081   4.809550    36.5357    199.294    200.806    18.3121   4.810118    36.5370     0.0339 1.0000e-12    -0.0057   100.1436      98.70    187.170     4.3016 1.4121e+01          1        118 0.0000e+00
   32.95234  -65.97426    18.2634   4.804770    36.5322    200.546    202.068    18.2655   4.805021    36.5326     0.0212 1.0000e-12    -0.0063   100.1570      98.70    186.735     4.2916 1.4060e+01          1        165 0.0000e+00
   32.95232  -65.97426    18.2487   4.803321    36.5318    200.992    202.518    18.2488   4.803327    36.5322     0.0108 1.0000e-12    -0.0070   100.1758      98.72    186.735     4.2916 1.3384e+01          1          1 0.0000e+00
   32.95232  -65.97426    18.2696   4.805494    36.5312    200.533    202.054    18.2736   4.805789    36.5303     0.0259 1.0000e-12    -0.0067   100.1686      98.70    186.534     4.2870 1.4225e+01          1         61 0.0000e+00
   32.95230  -65.97426    18.2768   4.806280    36.5314    199.435    200.948    18.2982   4.808745    36.5332     0.0200 1.0000e-12    -0.0063   100.1585      98.71    186.547     4.2873 1.4055e+01          1        143 0.0000e+00
   32.95230  -65.97426    18.2895   4.807592    36.5311    198.570    200.076    18.2884   4.807477    36.5314     0.0214 1.0000e-12    -0.0069   100.1732      98.70    186.181     4.2788 1.4053e+01          1         30 0.0000e+00
   32.95230  -65.97426    18.3030   4.809072    36.5318    197.503    199.000    18.3069   4.809391    36.5313     0.0246 1.0000e-12    -0.0066   100.1662      98.70    186.534     4.2869 1.4035e+01          1         24 0.0000e+00
   32.95230  -65.97426    18.3521   4.814609    36.5347    196.471    197.960    18.3567   4.814276    36.5279     0.0369 1.0000e-12    -0.0069   100.1720      98.71    186.677     4.2902 1.4128e+01          1         27 0.0000e+00
   32.95228  -65.97426    18.3856   4.818160    36.5353    195.638    197.121    18.3739   4.817070    36.5369     0.0325 1.0000e-12    -0.0057   100.1433      98.71    187.749     4.3148 1.4193e+01          1        113 0.0000e+00
