Data/ruptures/KN207-01/QL-2/20701057.cnv
* Sea-Bird SBE 9 Data File:
* FileName = C:\Data\ctd\20701057.hex
* Software Version Seasave V 7.21e
* Temperature SN = 4406
* Conductivity SN = 1474
* Number of Bytes Per Scan = 40
* Number of Voltage Words = 5
* Number of Scans Averaged by the Deck Unit = 1
* NMEA Latitude = 32 55.66 N
* NMEA Longitude = 065 54.10 W
* NMEA UTC (Time) = Apr 30 2012 10:06:35
** R/V Knorr Cruise # KN207-01 QL 2
** Chief Scientist: Ben Van Mooy
# nquan = 21
# nvalues = 396                         
# units = specified
# name 0 = latitude: Latitude [deg]
# name 1 = longitude: Longitude [deg]
# name 2 = t090C: Temperature [ITS-90, deg C]
# name 3 = c0S/m: Conductivity [S/m]
# name 4 = sal00: Salinity, Practical [PSU]
# name 5 = depSM: Depth [salt water, m]
# name 6 = prDM: Pressure, Digiquartz [db]
# name 7 = t190C: Temperature, 2 [ITS-90, deg C]
# name 8 = c1S/m: Conductivity, 2 [S/m]
# name 9 = sal11: Salinity, Practical, 2 [PSU]
# name 10 = flECO-AFL: Fluorescence, WET Labs ECO-AFL/FL [mg/m^3]
# name 11 = par: PAR/Irradiance, Biospherical/Licor
# name 12 = bat: Beam Attenuation, Chelsea/Seatech [1/m]
# name 13 = xmiss: Beam Transmission, Chelsea/Seatech [%]
# name 14 = altM: Altimeter [m]
# name 15 = sbeox0Mm/Kg: Oxygen, SBE 43 [umol/kg]
# name 16 = sbeox0ML/L: Oxygen, SBE 43 [ml/l]
# name 17 = spar: SPAR/Surface Irradiance
# name 18 = pumps: Pump Status
# name 19 = nbin: number of scans per bin
# name 20 = flag: flag
# span 0 =   32.92425,   32.92764       
# span 1 =  -65.90170,  -65.90038       
# span 2 =    18.2405,    20.4401       
# span 3 =   4.114195,   5.033441       
# span 4 =    29.2212,    36.9033       
# span 5 =      2.202,    198.446       
# span 6 =      2.218,    199.951       
# span 7 =    18.2408,    20.4398       
# span 8 =   4.801884,   5.033507       
# span 9 =    34.8604,    36.7320       
# span 10 =     0.0156,     0.8073      
# span 11 = 1.0000e-12, 1.6830e-01      
# span 12 =    -0.0074,     0.0684      
# span 13 =    98.3034,   100.1849      
# span 14 =       1.04,      98.85      
# span 15 =    127.671,    382.523      
# span 16 =     2.9330,     8.7855      
# span 17 = 5.1751e+01, 1.1395e+02      
# span 18 =          1,          1      
# span 19 =         18,       4085      
# span 20 = 0.0000e+00, 0.0000e+00      
# interval = decibars: 1                
# start_time = Apr 30 2012 10:06:35 [NMEA time, header]
# bad_flag = -9.990e-29
*END*
   32.92764  -65.90170    20.4284   4.114195    29.2212      2.860      2.880    20.4311   4.818591    34.8604     0.1220 1.0000e-12     0.0551    98.6325      98.66    279.690     6.3895 1.0744e+02          1        582 0.0000e+00
   32.92760  -65.90166    20.4355   4.798382    34.6933      3.964      3.992    20.4351   4.968655    36.0783     0.1103 1.0000e-12     0.0530    98.6833      98.66    286.399     6.5695 1.0789e+02          1         65 0.0000e+00
   32.92760  -65.90166    20.4352   4.949331    35.9201      4.966      5.001    20.4353   5.005947    36.3823     0.1234 1.0000e-12     0.0540    98.6603      98.66    305.513     7.0143 1.0736e+02          1         70 0.0000e+00
   32.92758  -65.90166    20.4372   4.985828    36.2159      5.951      5.994    20.4360   5.015913    36.4627     0.1065 1.0000e-12     0.0537    98.6667      98.66    322.492     7.4057 1.0805e+02          1         41 0.0000e+00
   32.92758  -65.90166    20.4381   4.991211    36.2587      6.974      7.024    20.4377   5.020417    36.4978     0.1071 1.0000e-12     0.0542    98.6543      98.66    340.408     7.8174 1.0813e+02          1         42 0.0000e+00
   32.92758  -65.90165    20.4390   5.000327    36.3321      7.882      7.938    20.4390   5.022310    36.5118     0.1165 1.0000e-12     0.0535    98.6713      98.67    365.243     8.3882 1.0719e+02          1         55 0.0000e+00
   32.92758  -65.90164    20.4398   5.009051    36.4023      8.928      8.991    20.4396   5.025418    36.5363     0.1110 1.0000e-12     0.0536    98.6691      98.66    382.523     8.7855 1.0736e+02          1         39 0.0000e+00
   32.92758  -65.90164    20.4398   5.011298    36.4203      9.974     10.045    20.4398   5.026622    36.5457     0.1157 1.0000e-12     0.0531    98.6812      98.30    313.274     7.1951 1.0763e+02          1         48 0.0000e+00
   32.92756  -65.90162    20.4399   5.003986    36.3601     10.894     10.972    20.4398   5.026887    36.5474     0.1224 1.0000e-12     0.0535    98.6716      97.07    210.275     4.8293 1.0729e+02          1         62 0.0000e+00
   32.92756  -65.90162    20.4401   5.014846    36.4484     11.904     11.989    20.4398   5.027304    36.5505     0.1136 1.0000e-12     0.0538    98.6653      98.66    202.056     4.6408 1.0719e+02          1         38 0.0000e+00
   32.92756  -65.90162    20.4400   5.019249    36.4841     12.949     13.041    20.4397   5.028345    36.5587     0.1084 1.0000e-12     0.0523    98.7005      98.67    189.609     4.3550 1.0736e+02          1         38 0.0000e+00
   32.92756  -65.90162    20.4397   5.019270    36.4841     13.894     13.993    20.4398   5.028651    36.5608     0.1171 1.0000e-12     0.0528    98.6887      98.67    183.736     4.2201 1.0718e+02          1         61 0.0000e+00
   32.92756  -65.90162    20.4399   5.022021    36.5061     14.872     14.978    20.4395   5.028815    36.5620     0.1029 1.0000e-12     0.0535    98.6709      98.66    194.476     4.4669 1.0712e+02          1         46 0.0000e+00
   32.92754  -65.90162    20.4391   5.023677    36.5199     15.896     16.009    20.4389   5.029377    36.5668     0.1026 1.0000e-12     0.0550    98.6345      98.66    180.445     4.1447 1.0707e+02          1         48 0.0000e+00
   32.92754  -65.90162    20.4376   5.020983    36.4990     16.864     16.985    20.4373   5.029786    36.5712     0.1064 1.0000e-12     0.0535    98.6711      98.66    173.129     3.9766 1.0707e+02          1         41 0.0000e+00
   32.92753  -65.90161    20.4363   5.024440    36.5279     17.930     18.058    20.4364   5.030037    36.5736     0.0958 1.0000e-12     0.0532    98.6801      98.66    175.410     4.0291 1.0711e+02          1         59 0.0000e+00
   32.92752  -65.90160    20.4327   5.023324    36.5217     18.824     18.959    20.4340   5.030142    36.5763     0.1055 1.0000e-12     0.0534    98.6731      98.67    167.571     3.8490 1.0703e+02          1         50 0.0000e+00
   32.92752  -65.90160    20.4280   5.022507    36.5187     19.850     19.992    20.4285   5.030135    36.5806     0.1243 1.0000e-12     0.0539    98.6606      98.67    161.959     3.7201 1.0707e+02          1         37 0.0000e+00
   32.92752  -65.90158    20.4123   5.025882    36.5598     20.869     21.018    20.4110   5.030369    36.5977     0.1043 1.0000e-12     0.0526    98.6940      98.66    156.331     3.5909 1.0693e+02          1         48 0.0000e+00
   32.92752  -65.90158    20.3241   5.026079    36.6393     21.829     21.985    20.3491   5.030242    36.6512     0.1088 1.0000e-12     0.0555    98.6226      98.67    152.314     3.4989 1.0698e+02          1         52 0.0000e+00
   32.92751  -65.90158    20.2880   5.018106    36.6050     22.836     23.000    20.2828   5.029294    36.7017     0.1160 1.0000e-12     0.0561    98.6066      98.67    148.610     3.4138 1.0683e+02          1         47 0.0000e+00
   32.92750  -65.90158    20.2851   5.023802    36.6534     23.834     24.005    20.2501   5.024669    36.6918     0.1089 1.0000e-12     0.0543    98.6513      98.67    140.863     3.2360 1.0671e+02          1         49 0.0000e+00
   32.92750  -65.90158    20.2543   5.024710    36.6875     24.791     24.968    20.2405   5.021382    36.6723     0.1002 1.0000e-12     0.0563    98.6032      98.67    137.463     3.1580 1.0610e+02          1         46 0.0000e+00
   32.92750  -65.90156    20.2637   5.019618    36.6365     25.816     26.001    20.2322   5.019195    36.6609     0.1033 1.0000e-12     0.0558    98.6132      98.67    134.507     3.0899 1.0633e+02          1         42 0.0000e+00
   32.92750  -65.90156    20.2423   5.024114    36.6917     26.849     27.041    20.2245   5.018131    36.6581     0.1278 1.0000e-12     0.0567    98.5917      98.67    137.818     3.1661 1.0619e+02          1         61 0.0000e+00
   32.92748  -65.90154    20.2221   5.020842    36.6820     27.765     27.964    20.2186   5.017631    36.6584     0.1041 1.0000e-12     0.0584    98.5504      98.66    136.282     3.1309 1.0544e+02          1         48 0.0000e+00
   32.92748  -65.90154    20.2147   5.017446    36.6600     28.791     28.997    20.2134   5.016411    36.6524     0.1255 1.0000e-12     0.0581    98.5581      98.67    135.981     3.1239 1.0530e+02          1         44 0.0000e+00
   32.92748  -65.90154    20.2085   5.015648    36.6501     29.795     30.008    20.2090   5.015759    36.6503     0.1131 1.0000e-12     0.0592    98.5306      98.67    141.303     3.2461 1.0504e+02          1         45 0.0000e+00
   32.92748  -65.90154    20.2021   5.014215    36.6433     30.757     30.978    20.2019   5.015178    36.6513     0.1170 1.0000e-12     0.0593    98.5282      98.67    146.708     3.3703 1.0488e+02          1         53 0.0000e+00
   32.92748  -65.90154    20.1941   5.013744    36.6460     31.759     31.987    20.1920   5.014892    36.6572     0.1172 1.0000e-12     0.0605    98.4985      98.73    151.519     3.4808 1.0493e+02          1         48 0.0000e+00
   32.92746  -65.90152    20.1831   5.013179    36.6506     32.798     33.033    20.1827   5.014351    36.6604     0.1239 1.0000e-12     0.0591    98.5325      98.67    152.924     3.5131 1.0488e+02          1         55 0.0000e+00
   32.92746  -65.90152    20.1742   5.012214    36.6499     33.764     34.006    20.1738   5.013736    36.6627     0.1432 1.0000e-12     0.0600    98.5123      98.67    146.681     3.3697 1.0479e+02          1         45 0.0000e+00
   32.92746  -65.90152    20.1628   5.011673    36.6551     34.769     35.018    20.1619   5.013154    36.6680     0.1341 1.0000e-12     0.0575    98.5731      98.67    141.464     3.2499 1.0469e+02          1         46 0.0000e+00
   32.92746  -65.90152    20.1523   5.011130    36.6594     35.704     35.961    20.1511   5.012597    36.6725     0.1200 1.0000e-12     0.0578    98.5649      98.67    137.086     3.1493 1.0428e+02          1         48 0.0000e+00
   32.92746  -65.90152    20.1423   5.010414    36.6618     36.731     36.995    20.1435   5.011720    36.6714     0.1270 1.0000e-12     0.0590    98.5364      98.67    133.925     3.0767 1.0373e+02          1         40 0.0000e+00
   32.92744  -65.90150    20.1386   5.009600    36.6579     37.797     38.068    20.1388   5.010942    36.6687     0.1234 1.0000e-12     0.0578    98.5649      98.67    132.042     3.0335 1.0395e+02          1         60 0.0000e+00
   32.92744  -65.90150    20.1365   5.008887    36.6532     38.682     38.960    20.1355   5.010752    36.6695     0.1367 1.0000e-12     0.0584    98.5511      98.67    128.813     2.9593 1.0331e+02          1         54 0.0000e+00
   32.92744  -65.90150    20.1325   5.007624    36.6459     39.735     40.021    20.1324   5.009928    36.6649     0.1132 1.0000e-12     0.0602    98.5061      98.67    127.904     2.9384 1.0272e+02          1         42 0.0000e+00
   32.92744  -65.90150    20.1295   5.007157    36.6442     40.696     40.989    20.1296   5.009230    36.6613     0.1260 1.0000e-12     0.0593    98.5286      98.67    128.764     2.9581 1.0261e+02          1         39 0.0000e+00
   32.92744  -65.90150    20.1255   5.006292    36.6403     41.696     41.996    20.1261   5.008566    36.6585     0.1285 1.0000e-12     0.0670    98.3403      98.67    128.720     2.9571 1.0256e+02          1         47 0.0000e+00
   32.92742  -65.90148    20.1226   5.006143    36.6411     42.683     42.990    20.1221   5.008345    36.6597     0.1350 1.0000e-12     0.0607    98.4943      98.67    129.639     2.9782 1.0269e+02          1         56 0.0000e+00
   32.92742  -65.90148    20.1191   5.005703    36.6401     43.662     43.976    20.1185   5.008155    36.6608     0.1526 1.0000e-12     0.0613    98.4783      98.67    127.671     2.9330 1.0201e+02          1         56 0.0000e+00
   32.92742  -65.90148    20.1140   5.005178    36.6399     44.685     45.007    20.1137   5.007557    36.6597     0.1427 1.0000e-12     0.0630    98.4364      98.67    128.457     2.9511 1.0199e+02          1         36 0.0000e+00
   32.92742  -65.90148    20.1087   5.003876    36.6334     45.695     46.024    20.1086   5.007067    36.6598     0.1483 1.0000e-12     0.0626    98.4481      95.20    129.938     2.9851 1.0196e+02          1         38 0.0000e+00
   32.92742  -65.90148    20.1001   5.003908    36.6409     46.669     47.005    20.1001   5.007007    36.6664     0.1632 1.0000e-12     0.0631    98.4348      91.45    133.952     3.0773 1.0085e+02          1         66 0.0000e+00
   32.92740  -65.90146    20.0770   5.003508    36.6578     47.607     47.950    20.0718   5.006447    36.6866     0.1683 1.0000e-12     0.0637    98.4205      63.63    136.408     3.1338 1.0054e+02          1         42 0.0000e+00
   32.92740  -65.90146    20.0240   5.003061    36.7009     48.650     49.001    20.0221   5.005885    36.7259     0.1613 1.0000e-12     0.0647    98.3962      66.36    146.382     3.3631 1.0055e+02          1         39 0.0000e+00
   32.92740  -65.90146    19.9765   5.002954    36.7417     49.665     50.023    19.9664   5.000679    36.7320     0.1775 1.0000e-12     0.0649    98.3901      94.99    149.477     3.4344 1.0019e+02          1         60 0.0000e+00
   32.92740  -65.90146    19.9239   5.002710    36.7859     50.621     50.986    19.8941   4.988423    36.6945     0.1948 1.0000e-12     0.0656    98.3746      96.23    145.489     3.3429 1.0007e+02          1         43 0.0000e+00
   32.92740  -65.90146    19.8370   5.001669    36.8546     51.616     51.989    19.8059   4.976189    36.6711     0.1922 1.0000e-12     0.0651    98.3844      85.31    143.629     3.3004 9.9735e+01          1         45 0.0000e+00
   32.92738  -65.90144    19.7489   4.998137    36.9033     52.624     53.005    19.7160   4.964542    36.6537     0.1867 1.0000e-12     0.0670    98.3386      65.65    144.224     3.3143 9.8786e+01          1         49 0.0000e+00
   32.92738  -65.90144    19.7050   4.981358    36.8020     53.608     53.995    19.6931   4.958711    36.6241     0.2021 1.0000e-12     0.0655    98.3753      95.06    148.353     3.4089 9.8446e+01          1         45 0.0000e+00
   32.92737  -65.90144    19.6771   4.963762    36.6792     54.635     55.030    19.6710   4.955457    36.6153     0.1992 1.0000e-12     0.0636    98.4214      98.67    172.128     3.9549 9.8234e+01          1         52 0.0000e+00
   32.92736  -65.90144    19.6534   4.956900    36.6421     55.605     56.008    19.6511   4.952560    36.6078     0.2288 1.0000e-12     0.0612    98.4807      98.67    204.167     4.6909 9.8148e+01          1         51 0.0000e+00
   32.92736  -65.90144    19.6208   4.952772    36.6358     56.586     56.995    19.6179   4.949069    36.6074     0.2144 1.0000e-12     0.0641    98.4101      98.67    205.701     4.7262 9.7776e+01          1         42 0.0000e+00
   32.92736  -65.90142    19.5545   4.944743    36.6274     57.596     58.013    19.5542   4.942084    36.6053     0.2122 1.0000e-12     0.0617    98.4682      98.67    205.223     4.7153 9.7647e+01          1         49 0.0000e+00
   32.92736  -65.90142    19.5341   4.940594    36.6098     58.547     58.971    19.5342   4.939656    36.6017     0.2024 1.0000e-12     0.0602    98.5069      98.67    211.246     4.8536 9.7205e+01          1         52 0.0000e+00
   32.92735  -65.90142    19.5034   4.936926    36.6056     59.538     59.969    19.5036   4.936579    36.6023     0.2094 1.0000e-12     0.0555    98.6212      98.67    216.032     4.9636 9.6451e+01          1         46 0.0000e+00
   32.92734  -65.90142    19.4740   4.933560    36.6029     60.574     61.012    19.4740   4.933292    36.6005     0.2062 1.0000e-12     0.0537    98.6663      98.67    216.474     4.9738 9.6166e+01          1         36 0.0000e+00
   32.92734  -65.90142    19.4669   4.932537    36.5996     61.638     62.085    19.4673   4.932488    36.5988     0.2211 1.0000e-12     0.0536    98.6696      98.67    215.544     4.9524 9.5965e+01          1         47 0.0000e+00
   32.92734  -65.90140    19.4626   4.932097    36.5987     62.455     62.908    19.4644   4.932190    36.5978     0.2371 1.0000e-12     0.0627    98.4450      98.67    215.976     4.9624 9.5715e+01          1         66 0.0000e+00
   32.92734  -65.90140    19.4551   4.931408    36.5988     63.536     63.997    19.4552   4.931313    36.5979     0.2229 1.0000e-12     0.0518    98.7126      98.67    215.289     4.9466 9.5096e+01          1         38 0.0000e+00
   32.92733  -65.90140    19.4495   4.930796    36.5980     64.558     65.026    19.4497   4.930731    36.5972     0.2384 1.0000e-12     0.0477    98.8128      98.67    214.013     4.9173 9.4381e+01          1         45 0.0000e+00
   32.92732  -65.90140    19.4435   4.930200    36.5977     65.548     66.023    19.4437   4.930223    36.5977     0.2605 1.0000e-12     0.0488    98.7872      98.67    214.635     4.9316 9.3940e+01          1         53 0.0000e+00
   32.92732  -65.90140    19.4367   4.929478    36.5972     66.500     66.982    19.4368   4.929620    36.5982     0.2725 1.0000e-12     0.0486    98.7926      98.68    214.477     4.9280 9.3740e+01          1         42 0.0000e+00
   32.92732  -65.90138    19.4334   4.929103    36.5964     67.488     67.978    19.4333   4.929254    36.5977     0.2647 1.0000e-12     0.0464    98.8465      98.67    213.672     4.9095 9.3687e+01          1         38 0.0000e+00
   32.92732  -65.90138    19.4316   4.928920    36.5958     68.534     69.032    19.4316   4.929121    36.5976     0.2733 1.0000e-12     0.0457    98.8648      98.73    214.856     4.9367 9.3484e+01          1         55 0.0000e+00
   32.92731  -65.90138    19.4291   4.928682    36.5956     69.400     69.904    19.4290   4.928905    36.5975     0.3033 1.0000e-12     0.0458    98.8622      98.67    216.179     4.9671 9.2742e+01          1         59 0.0000e+00
