Data/ruptures/KN207-01/QL-2/20701076.cnv
* Sea-Bird SBE 9 Data File:
* FileName = C:\Data\ctd\20701076.hex
* Software Version Seasave V 7.21e
* Temperature SN = 4406
* Conductivity SN = 1474
* Number of Bytes Per Scan = 40
* Number of Voltage Words = 5
* Number of Scans Averaged by the Deck Unit = 1
* NMEA Latitude = 33 05.81 N
* NMEA Longitude = 065 39.86 W
* NMEA UTC (Time) = May 02 2012 16:15:17
** R/V Knorr Cruise # KN207-01 QL 2
** Chief Scientist: Ben Van Mooy
# nquan = 21
# nvalues = 396                         
# units = specified
# name 0 = latitude: Latitude [deg]
# name 1 = longitude: Longitude [deg]
# name 2 = t090C: Temperature [ITS-90, deg C]
# name 3 = c0S/m: Conductivity [S/m]
# name 4 = sal00: Salinity, Practical [PSU]
# name 5 = depSM: Depth [salt water, m]
# name 6 = prDM: Pressure, Digiquartz [db]
# name 7 = t190C: Temperature, 2 [ITS-90, deg C]
# name 8 = c1S/m: Conductivity, 2 [S/m]
# name 9 = sal11: Salinity, Practical, 2 [PSU]
# name 10 = flECO-AFL: Fluorescence, WET Labs ECO-AFL/FL [mg/m^3]
# name 11 = par: PAR/Irradiance, Biospherical/Licor
# name 12 = bat: Beam Attenuation, Chelsea/Seatech [1/m]
# name 13 = xmiss: Beam Transmission, Chelsea/Seatech [%]
# name 14 = altM: Altimeter [m]
# name 15 = sbeox0Mm/Kg: Oxygen, SBE 43 [umol/kg]
# name 16 = sbeox0ML/L: Oxygen, SBE 43 [ml/l]
# name 17 = spar: SPAR/Surface Irradiance
# name 18 = pumps: Pump Status
# name 19 = nbin: number of scans per bin
# name 20 = flag: flag
# span 0 =   33.09691,   33.09987       
# span 1 =  -65.66436,  -65.66055       
# span 2 =    17.9985,    20.4431       
# span 3 =   4.775245,   5.035688       
# span 4 =    36.5142,    36.6191       
# span 5 =      3.243,    199.619       
# span 6 =      3.266,    201.136       
# span 7 =    17.9971,    20.4417       
# span 8 =   4.775251,   5.035560       
# span 9 =    36.5071,    36.6239       
# span 10 =     0.0075,     0.8385      
# span 11 = 1.0000e-12, 1.0000e-12      
# span 12 =    -0.0141,     0.0713      
# span 13 =    98.2347,   100.3531      
# span 14 =       1.03,      98.81      
# span 15 =    186.128,    223.003      
# span 16 =     4.2774,     5.1235      
# span 17 = 1.2298e+03, 2.7378e+03      
# span 18 =          1,          1      
# span 19 =         16,       1151      
# span 20 = 0.0000e+00, 0.0000e+00      
# interval = decibars: 1                
# start_time = May 02 2012 16:15:17 [NMEA time, header]
# bad_flag = -9.990e-29
*END*
[from data line 138]
   33.09756  -65.66354    19.3701   4.925403    36.5924    140.944    141.994    19.3700   4.925516    36.5934     0.1128 1.0000e-12    -0.0019   100.0473      98.68    212.344     4.8790 2.5751e+03          1         25 0.0000e+00
   33.09756  -65.66354    19.3691   4.925306    36.5921    141.930    142.989    19.3690   4.925422    36.5932     0.1157 1.0000e-12    -0.0016   100.0391      98.67    212.959     4.8932 2.5801e+03          1         25 0.0000e+00
   33.09756  -65.66354    19.3691   4.925366    36.5922    142.892    143.958    19.3691   4.925474    36.5932     0.1125 1.0000e-12    -0.0016   100.0391      98.68    213.227     4.8993 2.5847e+03          1         25 0.0000e+00
   33.09756  -65.66354    19.3701   4.925577    36.5927    143.907    144.981    19.3701   4.925671    36.5935     0.1013 1.0000e-12    -0.0017   100.0433      98.67    212.846     4.8906 2.5902e+03          1         26 0.0000e+00
   33.09756  -65.66354    19.3704   4.925657    36.5927    144.922    146.004    19.3703   4.925767    36.5937     0.0819 1.0000e-12    -0.0028   100.0710      98.68    212.780     4.8890 2.5985e+03          1         26 0.0000e+00
   33.09756  -65.66352    19.3703   4.925687    36.5926    145.936    147.026    19.3703   4.925798    36.5936     0.0727 1.0000e-12    -0.0036   100.0915      98.68    213.047     4.8952 2.6120e+03          1         25 0.0000e+00
   33.09756  -65.66352    19.3702   4.925718    36.5926    146.915    148.012    19.3702   4.925834    36.5937     0.0735 1.0000e-12    -0.0045   100.1137      98.68    212.583     4.8845 2.5772e+03          1         24 0.0000e+00
   33.09756  -65.66352    19.3701   4.925754    36.5927    147.874    148.979    19.3701   4.925862    36.5936     0.0785 1.0000e-12    -0.0041   100.1022      98.68    212.842     4.8905 2.3921e+03          1         22 0.0000e+00
   33.09756  -65.66352    19.3702   4.925795    36.5926    148.866    149.979    19.3701   4.925907    36.5936     0.0681 1.0000e-12    -0.0036   100.0905      98.67    212.683     4.8868 2.5720e+03          1         22 0.0000e+00
   33.09756  -65.66352    19.3703   4.925855    36.5926    149.885    151.005    19.3702   4.925971    36.5937     0.0511 1.0000e-12    -0.0042   100.1045      98.68    213.034     4.8949 2.6691e+03          1         22 0.0000e+00
   33.09758  -65.66350    19.3703   4.925897    36.5926    150.896    152.025    19.3702   4.926011    36.5936     0.0548 1.0000e-12    -0.0052   100.1298      98.68    213.526     4.9062 2.4195e+03          1         24 0.0000e+00
   33.09758  -65.66350    19.3703   4.925967    36.5928    151.889    153.025    19.3703   4.926052    36.5935     0.0753 1.0000e-12    -0.0053   100.1319      98.68    213.139     4.8973 2.1096e+03          1         24 0.0000e+00
   33.09758  -65.66350    19.3705   4.926024    36.5927    152.874    154.018    19.3705   4.926139    36.5936     0.0708 1.0000e-12    -0.0052   100.1308      98.70    212.689     4.8869 1.9692e+03          1         28 0.0000e+00
   33.09758  -65.66350    19.3705   4.926075    36.5927    153.835    154.986    19.3705   4.926171    36.5936     0.0519 1.0000e-12    -0.0055   100.1378      98.68    212.831     4.8902 1.7455e+03          1         23 0.0000e+00
   33.09758  -65.66350    19.3704   4.926115    36.5928    154.790    155.950    19.3704   4.926216    36.5937     0.0491 1.0000e-12    -0.0056   100.1408      98.68    212.945     4.8928 1.7975e+03          1         22 0.0000e+00
   33.09758  -65.66348    19.3704   4.926134    36.5926    155.819    156.987    19.3703   4.926241    36.5936     0.0545 1.0000e-12    -0.0064   100.1606      98.68    212.974     4.8935 1.8585e+03          1         22 0.0000e+00
   33.09758  -65.66348    19.3703   4.926184    36.5927    156.843    158.018    19.3703   4.926284    36.5936     0.0507 1.0000e-12    -0.0045   100.1141      98.68    212.410     4.8805 1.7678e+03          1         25 0.0000e+00
   33.09758  -65.66348    19.3703   4.926202    36.5925    157.814    158.997    19.3702   4.926315    36.5935     0.0537 1.0000e-12    -0.0054   100.1358      98.68    212.427     4.8809 1.6376e+03          1         27 0.0000e+00
   33.09758  -65.66348    19.3701   4.926215    36.5925    158.796    159.987    19.3700   4.926340    36.5935     0.0619 1.0000e-12    -0.0059   100.1483      98.68    212.898     4.8917 1.4412e+03          1         29 0.0000e+00
   33.09759  -65.66347    19.3695   4.926199    36.5925    159.781    160.980    19.3694   4.926301    36.5934     0.0508 1.0000e-12    -0.0058   100.1458      98.68    212.017     4.8715 1.4259e+03          1         24 0.0000e+00
   33.09760  -65.66346    19.3697   4.926267    36.5925    160.770    161.977    19.3696   4.926379    36.5935     0.0391 1.0000e-12    -0.0060   100.1501      98.68    212.393     4.8801 1.3532e+03          1         21 0.0000e+00
   33.09760  -65.66346    19.3698   4.926336    36.5926    161.753    162.968    19.3697   4.926446    36.5936     0.0390 1.0000e-12    -0.0049   100.1217      98.68    213.034     4.8949 1.2633e+03          1         19 0.0000e+00
   33.09760  -65.66346    19.3695   4.926345    36.5926    162.778    164.000    19.3693   4.926449    36.5936     0.0449 1.0000e-12    -0.0056   100.1385      98.68    212.932     4.8925 1.2342e+03          1         20 0.0000e+00
   33.09760  -65.66346    19.3688   4.926314    36.5925    163.780    165.011    19.3688   4.926415    36.5934     0.0456 1.0000e-12    -0.0060   100.1512      98.68    212.480     4.8821 1.2298e+03          1         23 0.0000e+00
   33.09760  -65.66346    19.3684   4.926313    36.5925    164.784    166.022    19.3683   4.926428    36.5935     0.0449 1.0000e-12    -0.0059   100.1467      98.68    212.738     4.8881 1.2360e+03          1         23 0.0000e+00
   33.09762  -65.66344    19.3675   4.926263    36.5925    165.772    167.018    19.3675   4.926400    36.5937     0.0583 1.0000e-12    -0.0057   100.1415      98.67    213.196     4.8986 1.2531e+03          1         27 0.0000e+00
   33.09762  -65.66344    19.3661   4.926122    36.5923    166.734    167.988    19.3660   4.926240    36.5933     0.0363 1.0000e-12    -0.0065   100.1638      98.68    212.998     4.8940 1.3967e+03          1         30 0.0000e+00
   33.09762  -65.66344    19.3647   4.926022    36.5923    167.724    168.985    19.3647   4.926144    36.5933     0.0543 1.0000e-12    -0.0062   100.1556      98.69    212.885     4.8915 1.9003e+03          1         28 0.0000e+00
   33.09762  -65.66344    19.3628   4.925853    36.5922    168.735    170.005    19.3628   4.925991    36.5934     0.0381 1.0000e-12    -0.0070   100.1748      98.68    213.082     4.8960 2.4287e+03          1         25 0.0000e+00
   33.09762  -65.66343    19.3588   4.925398    36.5916    169.737    171.014    19.3587   4.925583    36.5932     0.0236 1.0000e-12    -0.0075   100.1874      98.68    212.639     4.8858 2.5601e+03          1         20 0.0000e+00
   33.09762  -65.66342    19.3486   4.924193    36.5903    170.695    171.980    19.3487   4.924590    36.5936     0.0190 1.0000e-12    -0.0063   100.1587      98.68    212.734     4.8880 2.5617e+03          1         18 0.0000e+00
   33.09762  -65.66342    19.3338   4.922680    36.5906    171.693    172.986    19.3339   4.922822    36.5918     0.0357 1.0000e-12    -0.0069   100.1719      98.69    212.826     4.8901 2.3589e+03          1         20 0.0000e+00
   33.09762  -65.66342    19.3277   4.921935    36.5895    172.681    173.982    19.3275   4.922229    36.5921     0.0288 1.0000e-12    -0.0064   100.1604      98.68    212.273     4.8774 2.2611e+03          1         20 0.0000e+00
   33.09762  -65.66342    19.3068   4.919657    36.5888    173.699    175.008    19.3067   4.919852    36.5905     0.0216 1.0000e-12    -0.0069   100.1738      98.69    211.715     4.8646 2.3400e+03          1         26 0.0000e+00
   33.09762  -65.66342    19.2976   4.918648    36.5880    174.679    175.996    19.2977   4.918957    36.5906     0.0321 1.0000e-12    -0.0054   100.1337      98.67    211.056     4.8495 2.4659e+03          1         33 0.0000e+00
   33.09764  -65.66340    19.2494   4.913153    36.5850    175.639    176.963    19.2487   4.913708    36.5903     0.0315 1.0000e-12    -0.0066   100.1657      98.68    210.363     4.8336 2.6095e+03          1         28 0.0000e+00
   33.09764  -65.66340    19.1881   4.906253    36.5819    176.636    177.968    19.1922   4.907335    36.5873     0.0371 1.0000e-12    -0.0061   100.1536      98.69    210.548     4.8379 2.5527e+03          1         22 0.0000e+00
   33.09764  -65.66340    19.1517   4.902215    36.5802    177.659    178.999    19.1509   4.902605    36.5842     0.0408 1.0000e-12    -0.0067   100.1685      98.68    209.409     4.8118 2.6262e+03          1         21 0.0000e+00
   33.09764  -65.66340    19.1156   4.898113    36.5776    178.672    180.021    19.1151   4.898763    36.5835     0.0366 1.0000e-12    -0.0070   100.1758      98.69    207.572     4.7696 2.6351e+03          1         21 0.0000e+00
   33.09764  -65.66340    19.0712   4.893282    36.5763    179.668    181.025    19.0711   4.893725    36.5801     0.0495 1.0000e-12    -0.0068   100.1711      98.68    205.852     4.7301 2.6286e+03          1         22 0.0000e+00
   33.09764  -65.66338    19.0387   4.889663    36.5743    180.648    182.012    19.0393   4.890209    36.5784     0.0501 1.0000e-12    -0.0068   100.1696      98.68    204.972     4.7100 2.6281e+03          1         25 0.0000e+00
   33.09764  -65.66338    18.9747   4.882360    36.5698    181.600    182.972    18.9747   4.883343    36.5781     0.0401 1.0000e-12    -0.0076   100.1891      98.68    204.588     4.7012 2.6256e+03          1         27 0.0000e+00
   33.09764  -65.66338    18.8368   4.866613    36.5609    182.631    184.011    18.8385   4.868881    36.5785     0.0221 1.0000e-12    -0.0076   100.1906      98.69    203.546     4.6774 2.6311e+03          1         26 0.0000e+00
   33.09764  -65.66338    18.6237   4.843012    36.5534    183.638    185.027    18.6246   4.844658    36.5665     0.0475 1.0000e-12    -0.0073   100.1825      98.67    202.484     4.6532 2.6338e+03          1         23 0.0000e+00
   33.09764  -65.66338    18.5194   4.831216    36.5464    184.606    186.002    18.5222   4.833041    36.5593     0.0628 1.0000e-12    -0.0074   100.1851      98.68    199.476     4.5842 2.6414e+03          1         22 0.0000e+00
   33.09766  -65.66336    18.4213   4.820253    36.5407    185.580    186.984    18.4236   4.821327    36.5477     0.0511 1.0000e-12    -0.0076   100.1898      98.69    195.131     4.4844 2.6452e+03          1         22 0.0000e+00
   33.09766  -65.66336    18.3733   4.814910    36.5368    186.583    187.995    18.3740   4.815553    36.5417     0.0631 1.0000e-12    -0.0084   100.2104      98.69    191.365     4.3979 2.5945e+03          1         23 0.0000e+00
   33.09766  -65.66336    18.2828   4.804573    36.5293    187.562    188.982    18.2832   4.805963    36.5409     0.0350 1.0000e-12    -0.0098   100.2462      98.68    188.901     4.3414 2.6182e+03          1         23 0.0000e+00
   33.09766  -65.66336    18.2098   4.796788    36.5273    188.564    189.992    18.2106   4.797562    36.5331     0.0292 1.0000e-12    -0.0092   100.2292      98.69    187.430     4.3076 2.5993e+03          1         26 0.0000e+00
   33.09766  -65.66336    18.1507   4.790470    36.5250    189.569    191.005    18.1507   4.791163    36.5310     0.0486 1.0000e-12    -0.0093   100.2321      98.69    186.617     4.2890 2.4182e+03          1         26 0.0000e+00
   33.09768  -65.66334    18.1014   4.785917    36.5289    190.579    192.023    18.1018   4.786405    36.5327     0.0287 1.0000e-12    -0.0108   100.2714      98.69    186.500     4.2864 2.1882e+03          1         25 0.0000e+00
   33.09768  -65.66334    18.0739   4.783117    36.5268    191.533    192.985    18.0751   4.783515    36.5291     0.0185 1.0000e-12    -0.0111   100.2774      98.69    188.642     4.3356 1.5342e+03          1         64 0.0000e+00
   33.09768  -65.66334    18.0531   4.780828    36.5229    192.494    193.954    18.0541   4.781200    36.5252     0.0215 1.0000e-12    -0.0118   100.2941      98.70    189.405     4.3531 1.4946e+03          1         48 0.0000e+00
   33.09768  -65.66334    18.0363   4.778948    36.5201    193.524    194.991    18.0366   4.779224    36.5223     0.0297 1.0000e-12    -0.0116   100.2903      98.69    188.934     4.3424 1.5286e+03          1         35 0.0000e+00
   33.09768  -65.66334    18.0212   4.777341    36.5183    194.581    196.057    18.0227   4.777704    36.5201     0.0176 1.0000e-12    -0.0130   100.3242      98.69    188.980     4.3434 1.7025e+03          1         49 0.0000e+00
   33.09770  -65.66332    18.0137   4.776719    36.5175    195.464    196.947    18.0136   4.776861    36.5189     0.0202 1.0000e-12    -0.0125   100.3116      98.69    189.295     4.3506 2.5108e+03          1        109 0.0000e+00
   33.09770  -65.66331    18.0018   4.775529    36.5164    196.546    198.039    18.0024   4.775765    36.5180     0.0154 1.0000e-12    -0.0134   100.3346      98.69    189.280     4.3503 2.6171e+03          1         56 0.0000e+00
   33.09771  -65.66329    17.9985   4.775245    36.5157    197.351    198.849    17.9971   4.775251    36.5170     0.0271 1.0000e-12    -0.0137   100.3431      98.69    189.034     4.3447 2.5931e+03          1        129 0.0000e+00
   33.09772  -65.66328    18.0073   4.777152    36.5229    198.535    200.043    18.0072   4.777184    36.5233     0.0103 1.0000e-12    -0.0133   100.3332      98.69    188.870     4.3409 2.5660e+03          1         87 0.0000e+00
   33.09775  -65.66323    17.9990   4.776302    36.5222    199.619    201.136    17.9994   4.776465    36.5233     0.0183 1.0000e-12    -0.0140   100.3511      98.69    187.940     4.3195 2.5273e+03          1        502 0.0000e+00
   33.09778  -65.66320    18.0123   4.777559    36.5212    198.468    199.976    18.0120   4.777636    36.5221     0.0103 1.0000e-12    -0.0141   100.3531      98.70    187.695     4.3139 2.6043e+03          1         40 0.0000e+00
   33.09778  -65.66320    18.0110   4.777381    36.5213    197.516    199.016    18.0116   4.777573    36.5223     0.0282 1.0000e-12    -0.0140   100.3509      98.70    188.211     4.3258 2.4955e+03          1         43 0.0000e+00
   33.09780  -65.66318    18.0065   4.776691    36.5199    196.495    197.987    18.0061   4.776726    36.5206     0.0151 1.0000e-12    -0.0137   100.3431      98.70    188.188     4.3252 2.5811e+03          1         45 0.0000e+00
   33.09780  -65.66318    18.0051   4.776175    36.5171    195.511    196.995    18.0054   4.776215    36.5172     0.0339 1.0000e-12    -0.0130   100.3240      98.70    188.362     4.3292 2.6429e+03          1         43 0.0000e+00
   33.09780  -65.66318    18.0060   4.775995    36.5151    194.506    195.982    18.0109   4.776440    36.5145     0.0287 1.0000e-12    -0.0138   100.3445      98.70    188.691     4.3368 2.6283e+03          1         32 0.0000e+00
   33.09780  -65.66316    18.0140   4.776700    36.5142    193.575    195.043    18.0259   4.777957    36.5141     0.0533 1.0000e-12    -0.0130   100.3257      98.70    188.866     4.3408 2.2815e+03          1         30 0.0000e+00
   33.09780  -65.66316    18.0271   4.778094    36.5146    192.529    193.989    18.0418   4.779770    36.5155     0.0236 1.0000e-12    -0.0132   100.3300      98.70    188.197     4.3254 2.3121e+03          1         28 0.0000e+00
   33.09780  -65.66316    18.0385   4.779384    36.5156    191.552    193.004    18.0523   4.781057    36.5175     0.0212 1.0000e-12    -0.0136   100.3405      98.70    188.388     4.3297 2.3128e+03          1         22 0.0000e+00
