Data/ruptures/KN207-01/QL-2/20701061.cnv
* Sea-Bird SBE 9 Data File:
* FileName = C:\Data\ctd\20701061.hex
* Software Version Seasave V 7.21e
* Temperature SN = 4406
* Conductivity SN = 1474
* Number of Bytes Per Scan = 40
* Number of Voltage Words = 5
* Number of Scans Averaged by the Deck Unit = 1
* NMEA Latitude = 32 54.30 N
* NMEA Longitude = 065 52.63 W
* NMEA UTC (Time) = Apr 30 2012 18:18:43
** R/V Knorr Cruise # KN207-01 QL 2
** Chief Scientist: Ben Van Mooy
# nquan = 21
# nvalues = 398                         
# units = specified
# name 0 = latitude: Latitude [deg]
# name 1 = longitude: Longitude [deg]
# name 2 = t090C: Temperature [ITS-90, deg C]
# name 3 = c0S/m: Conductivity [S/m]
# name 4 = sal00: Salinity, Practical [PSU]
# name 5 = depSM: Depth [salt water, m]
# name 6 = prDM: Pressure, Digiquartz [db]
# name 7 = t190C: Temperature, 2 [ITS-90, deg C]
# name 8 = c1S/m: Conductivity, 2 [S/m]
# name 9 = sal11: Salinity, Practical, 2 [PSU]
# name 10 = flECO-AFL: Fluorescence, WET Labs ECO-AFL/FL [mg/m^3]
# name 11 = par: PAR/Irradiance, Biospherical/Licor
# name 12 = bat: Beam Attenuation, Chelsea/Seatech [1/m]
# name 13 = xmiss: Beam Transmission, Chelsea/Seatech [%]
# name 14 = altM: Altimeter [m]
# name 15 = sbeox0Mm/Kg: Oxygen, SBE 43 [umol/kg]
# name 16 = sbeox0ML/L: Oxygen, SBE 43 [ml/l]
# name 17 = spar: SPAR/Surface Irradiance
# name 18 = pumps: Pump Status
# name 19 = nbin: number of scans per bin
# name 20 = flag: flag
# span 0 =   32.90505,   32.90586       
# span 1 =  -65.87721,  -65.87628       
# span 2 =    18.0187,    20.4398       
# span 3 =   4.657427,   5.034105       
# span 4 =    33.5673,    36.9590       
# span 5 =      3.184,    200.447       
# span 6 =      3.206,    201.967       
# span 7 =    18.0187,    20.4413       
# span 8 =   4.778329,   5.034290       
# span 9 =    35.4643,    36.9542       
# span 10 =     0.0025,     0.7560      
# span 11 = 1.0000e-12, 1.0000e-12      
# span 12 =    -0.0118,     0.0783      
# span 13 =    98.0621,   100.2957      
# span 14 =       1.03,      98.97      
# span 15 =    134.362,    352.195      
# span 16 =     3.0878,     8.0896      
# span 17 = 2.6536e+03, 2.6795e+03      
# span 18 =          1,          1      
# span 19 =         15,        945      
# span 20 = 0.0000e+00, 0.0000e+00      
# interval = decibars: 1                
# start_time = Apr 30 2012 18:18:43 [NMEA time, header]
# bad_flag = -9.990e-29
*END*
[from data line 138]
   32.90542  -65.87686    19.3704   4.925589    36.5937    140.930    141.978    19.3704   4.925702    36.5947     0.0613 1.0000e-12     0.0009    99.9788      98.69    212.009     4.8713 2.6588e+03          1         18 0.0000e+00
   32.90542  -65.87686    19.3703   4.925639    36.5938    141.956    143.013    19.3704   4.925743    36.5946     0.0775 1.0000e-12    -0.0001   100.0023      72.26    212.021     4.8716 2.6585e+03          1         20 0.0000e+00
   32.90542  -65.87686    19.3702   4.925659    36.5937    142.952    144.016    19.3702   4.925759    36.5945     0.0715 1.0000e-12    -0.0001   100.0021       1.03    211.927     4.8694 2.6586e+03          1         25 0.0000e+00
   32.90542  -65.87686    19.3701   4.925681    36.5936    143.886    144.957    19.3702   4.925784    36.5944     0.1067 1.0000e-12    -0.0005   100.0127      92.32    211.916     4.8692 2.6598e+03          1         23 0.0000e+00
   32.90542  -65.87686    19.3701   4.925726    36.5936    144.859    145.939    19.3701   4.925828    36.5945     0.0876 1.0000e-12    -0.0002   100.0054      98.69    211.914     4.8691 2.6619e+03          1         19 0.0000e+00
   32.90542  -65.87685    19.3697   4.925729    36.5936    145.899    146.986    19.3697   4.925821    36.5944     0.1022 1.0000e-12    -0.0006   100.0148      73.02    212.012     4.8714 2.6633e+03          1         19 0.0000e+00
   32.90542  -65.87684    19.3696   4.925744    36.5935    146.944    148.039    19.3695   4.925848    36.5944     0.0938 1.0000e-12    -0.0007   100.0181      43.19    212.379     4.8798 2.6628e+03          1         22 0.0000e+00
   32.90542  -65.87684    19.3697   4.925809    36.5935    147.954    149.057    19.3697   4.925909    36.5943     0.0879 1.0000e-12    -0.0011   100.0261      98.69    212.035     4.8719 2.6609e+03          1         40 0.0000e+00
   32.90542  -65.87684    19.3699   4.925869    36.5935    148.798    149.908    19.3699   4.925974    36.5944     0.0772 1.0000e-12    -0.0021   100.0512      98.69    212.304     4.8781 2.6580e+03          1         33 0.0000e+00
   32.90543  -65.87684    19.3701   4.925960    36.5937    149.852    150.970    19.3700   4.926042    36.5944     0.0579 1.0000e-12    -0.0025   100.0635      98.69    212.497     4.8825 2.6569e+03          1         19 0.0000e+00
   32.90544  -65.87684    19.3702   4.926013    36.5936    150.905    152.031    19.3702   4.926116    36.5945     0.0521 1.0000e-12    -0.0020   100.0489      98.69    212.378     4.8798 2.6567e+03          1         16 0.0000e+00
   32.90544  -65.87684    19.3704   4.926108    36.5939    151.910    153.044    19.3704   4.926192    36.5946     0.0797 1.0000e-12    -0.0020   100.0490      98.68    212.218     4.8761 2.6586e+03          1         15 0.0000e+00
   32.90544  -65.87684    19.3705   4.926144    36.5937    152.889    154.031    19.3705   4.926252    36.5946     0.0679 1.0000e-12    -0.0023   100.0581      98.68    211.927     4.8694 2.6604e+03          1         19 0.0000e+00
   32.90544  -65.87684    19.3707   4.926213    36.5937    153.892    155.041    19.3707   4.926314    36.5946     0.0753 1.0000e-12    -0.0027   100.0687      98.69    211.980     4.8706 2.6601e+03          1         30 0.0000e+00
   32.90544  -65.87684    19.3706   4.926220    36.5935    154.819    155.976    19.3706   4.926321    36.5944     0.0816 1.0000e-12    -0.0031   100.0770      98.68    211.906     4.8690 2.6575e+03          1         32 0.0000e+00
   32.90544  -65.87684    19.3702   4.926225    36.5935    155.794    156.959    19.3702   4.926330    36.5944     0.0854 1.0000e-12    -0.0029   100.0742      98.69    212.087     4.8731 2.6558e+03          1         22 0.0000e+00
   32.90544  -65.87684    19.3698   4.926206    36.5934    156.815    157.988    19.3698   4.926307    36.5943     0.0527 1.0000e-12    -0.0035   100.0891      98.69    212.274     4.8774 2.6545e+03          1         24 0.0000e+00
   32.90544  -65.87684    19.3695   4.926223    36.5934    157.832    159.013    19.3695   4.926317    36.5942     0.0366 1.0000e-12    -0.0031   100.0781      98.68    212.226     4.8763 2.6556e+03          1         25 0.0000e+00
   32.90544  -65.87684    19.3693   4.926225    36.5933    158.804    159.992    19.3692   4.926320    36.5942     0.0662 1.0000e-12    -0.0027   100.0679      98.68    211.765     4.8657 2.6586e+03          1         25 0.0000e+00
   32.90544  -65.87684    19.3687   4.926204    36.5932    159.801    160.997    19.3687   4.926297    36.5940     0.0672 1.0000e-12    -0.0024   100.0595      98.68    210.831     4.8443 2.6606e+03          1         19 0.0000e+00
   32.90544  -65.87683    19.3689   4.926282    36.5933    160.772    161.976    19.3689   4.926377    36.5941     0.0544 1.0000e-12    -0.0024   100.0609      98.67    211.212     4.8530 2.6622e+03          1         17 0.0000e+00
   32.90544  -65.87682    19.3687   4.926291    36.5932    161.788    162.999    19.3685   4.926398    36.5943     0.0501 1.0000e-12    -0.0025   100.0639      98.69    212.177     4.8752 2.6622e+03          1         17 0.0000e+00
   32.90544  -65.87682    19.3677   4.926211    36.5931    162.793    164.013    19.3679   4.926336    36.5939     0.0487 1.0000e-12    -0.0037   100.0933      98.68    212.113     4.8737 2.6618e+03          1         24 0.0000e+00
   32.90544  -65.87682    19.3671   4.926180    36.5929    163.799    165.026    19.3671   4.926290    36.5938     0.0562 1.0000e-12    -0.0038   100.0957      98.69    211.764     4.8657 2.6585e+03          1         43 0.0000e+00
   32.90544  -65.87682    19.3670   4.926229    36.5931    164.719    165.954    19.3670   4.926338    36.5940     0.0519 1.0000e-12    -0.0046   100.1152      98.69    211.991     4.8709 2.6573e+03          1         28 0.0000e+00
   32.90544  -65.87682    19.3662   4.926203    36.5932    165.758    167.001    19.3662   4.926299    36.5940     0.0571 1.0000e-12    -0.0044   100.1095      98.68    212.368     4.8796 2.6586e+03          1         19 0.0000e+00
   32.90544  -65.87682    19.3648   4.926063    36.5929    166.766    168.017    19.3647   4.926217    36.5943     0.0433 1.0000e-12    -0.0046   100.1148      98.69    212.531     4.8833 2.6575e+03          1         16 0.0000e+00
   32.90544  -65.87682    19.3596   4.925535    36.5928    167.751    169.010    19.3595   4.925685    36.5941     0.0509 1.0000e-12    -0.0040   100.1017      98.68    212.370     4.8796 2.6592e+03          1         17 0.0000e+00
   32.90544  -65.87682    19.3552   4.925076    36.5925    168.767    170.034    19.3551   4.925231    36.5939     0.0603 1.0000e-12    -0.0035   100.0884      98.68    212.107     4.8736 2.6599e+03          1         20 0.0000e+00
   32.90544  -65.87682    19.3455   4.923993    36.5918    169.769    171.044    19.3455   4.924225    36.5937     0.0602 1.0000e-12    -0.0040   100.1009      98.69    212.148     4.8745 2.6597e+03          1         23 0.0000e+00
   32.90545  -65.87682    19.3373   4.923130    36.5915    170.772    172.055    19.3374   4.923319    36.5930     0.0330 1.0000e-12    -0.0041   100.1043      98.69    211.651     4.8631 2.6608e+03          1         32 0.0000e+00
   32.90546  -65.87682    19.3132   4.920412    36.5901    171.721    173.011    19.3130   4.920673    36.5924     0.0480 1.0000e-12    -0.0046   100.1145      98.68    211.356     4.8564 2.6601e+03          1         31 0.0000e+00
   32.90546  -65.87682    19.2596   4.914245    36.5864    172.690    173.988    19.2588   4.914891    36.5925     0.0342 1.0000e-12    -0.0049   100.1224      98.68    211.116     4.8509 2.6590e+03          1         26 0.0000e+00
   32.90546  -65.87682    19.1885   4.906209    36.5826    173.678    174.984    19.1877   4.906896    36.5891     0.0347 1.0000e-12    -0.0044   100.1110      98.68    210.485     4.8365 2.6587e+03          1         23 0.0000e+00
   32.90546  -65.87682    19.1421   4.901018    36.5802    174.665    175.979    19.1417   4.901794    36.5870     0.0394 1.0000e-12    -0.0043   100.1085      98.69    209.192     4.8068 2.6587e+03          1         21 0.0000e+00
   32.90546  -65.87681    19.0934   4.895744    36.5791    175.686    177.008    19.0916   4.895773    36.5809     0.0471 1.0000e-12    -0.0044   100.1104      98.68    206.915     4.7546 2.6591e+03          1         22 0.0000e+00
   32.90546  -65.87680    19.0862   4.894928    36.5777    176.680    178.009    19.0876   4.895338    36.5799     0.0342 1.0000e-12    -0.0035   100.0870      98.69    204.908     4.7084 2.6591e+03          1         22 0.0000e+00
   32.90546  -65.87680    19.0292   4.888537    36.5747    177.667    179.005    19.0301   4.889407    36.5812     0.0236 1.0000e-12    -0.0042   100.1054      98.69    203.950     4.6865 2.6576e+03          1         23 0.0000e+00
   32.90546  -65.87680    18.9571   4.880204    36.5689    178.660    180.006    18.9524   4.881237    36.5819     0.0372 1.0000e-12    -0.0039   100.0987      98.68    203.584     4.6781 2.6589e+03          1         20 0.0000e+00
   32.90546  -65.87680    18.8442   4.867858    36.5662    179.622    180.975    18.8416   4.868312    36.5724     0.0350 1.0000e-12    -0.0042   100.1064      98.68    203.425     4.6746 2.6590e+03          1         20 0.0000e+00
   32.90546  -65.87680    18.7905   4.861975    36.5638    180.664    182.025    18.7925   4.862762    36.5686     0.0513 1.0000e-12    -0.0047   100.1177      35.18    201.551     4.6316 2.6602e+03          1         27 0.0000e+00
   32.90546  -65.87680    18.7172   4.853762    36.5593    181.664    183.034    18.7181   4.854698    36.5663     0.0557 1.0000e-12    -0.0049   100.1219      98.80    197.999     4.5501 2.6619e+03          1         31 0.0000e+00
   32.90546  -65.87680    18.6177   4.842727    36.5545    182.607    183.984    18.6190   4.843664    36.5612     0.0444 1.0000e-12    -0.0049   100.1224      98.69    196.010     4.5044 2.6615e+03          1         26 0.0000e+00
   32.90546  -65.87680    18.5677   4.837278    36.5520    183.605    184.990    18.5676   4.837798    36.5566     0.0348 1.0000e-12    -0.0053   100.1314      42.52    195.079     4.4831 2.6607e+03          1         22 0.0000e+00
   32.90546  -65.87680    18.5110   4.830836    36.5475    184.646    186.040    18.5110   4.831957    36.5571     0.0376 1.0000e-12    -0.0062   100.1540      28.17    193.394     4.4444 2.6606e+03          1         20 0.0000e+00
   32.90546  -65.87679    18.4000   4.818344    36.5410    185.610    187.011    18.4010   4.819807    36.5526     0.0438 1.0000e-12    -0.0061   100.1514      98.69    192.643     4.4273 2.6621e+03          1         20 0.0000e+00
   32.90546  -65.87678    18.3251   4.810088    36.5374    186.565    187.974    18.3259   4.810897    36.5435     0.0513 1.0000e-12    -0.0063   100.1579      98.69    191.838     4.4088 2.6646e+03          1         23 0.0000e+00
   32.90546  -65.87678    18.2818   4.805414    36.5350    187.564    188.981    18.2821   4.805840    36.5384     0.0221 1.0000e-12    -0.0040   100.1017      98.69    189.468     4.3544 2.6665e+03          1         26 0.0000e+00
   32.90546  -65.87678    18.2497   4.801920    36.5326    188.553    189.978    18.2500   4.802390    36.5363     0.0475 1.0000e-12    -0.0069   100.1727      98.69    186.956     4.2967 2.6667e+03          1         25 0.0000e+00
   32.90546  -65.87678    18.2159   4.798271    36.5303    189.531    190.963    18.2157   4.798636    36.5336     0.0161 1.0000e-12    -0.0070   100.1758      98.70    186.284     4.2813 2.6640e+03          1         28 0.0000e+00
   32.90546  -65.87678    18.1789   4.794171    36.5272    190.515    191.956    18.1787   4.794604    36.5312     0.0182 1.0000e-12    -0.0064   100.1604      98.68    186.489     4.2860 2.6631e+03          1         25 0.0000e+00
   32.90546  -65.87678    18.1499   4.791071    36.5256    191.592    193.041    18.1501   4.791413    36.5284     0.0218 1.0000e-12    -0.0083   100.2058      98.69    186.385     4.2837 2.6651e+03          1         24 0.0000e+00
   32.90546  -65.87678    18.1276   4.788840    36.5248    192.592    194.049    18.1285   4.789102    36.5263     0.0320 1.0000e-12    -0.0087   100.2181      98.69    185.430     4.2617 2.6694e+03          1         51 0.0000e+00
   32.90547  -65.87678    18.1200   4.788183    36.5235    193.509    194.973    18.1327   4.789724    36.5252     0.0379 1.0000e-12    -0.0079   100.1977      98.69    185.967     4.2741 2.6691e+03          1         74 0.0000e+00
   32.90548  -65.87678    18.0868   4.784530    36.5202    194.492    195.964    18.0863   4.784580    36.5212     0.0147 1.0000e-12    -0.0094   100.2360      98.69    185.649     4.2668 2.6684e+03          1         76 0.0000e+00
   32.90548  -65.87676    18.0821   4.784176    36.5197    195.585    197.066    18.0823   4.784316    36.5207     0.0254 1.0000e-12    -0.0089   100.2224      98.69    185.749     4.2691 2.6696e+03          1         59 0.0000e+00
   32.90548  -65.87676    18.0766   4.783658    36.5190    196.424    197.912    18.0766   4.783785    36.5202     0.0389 1.0000e-12    -0.0094   100.2340      98.69    185.645     4.2667 2.6670e+03          1         76 0.0000e+00
   32.90548  -65.87676    18.0686   4.782914    36.5187    197.568    199.065    18.0699   4.783136    36.5195     0.0200 1.0000e-12    -0.0100   100.2500      98.70    185.854     4.2715 2.6637e+03          1         89 0.0000e+00
   32.90548  -65.87676    18.0492   4.780978    36.5190    198.538    200.043    18.0497   4.781187    36.5203     0.0358 1.0000e-12    -0.0100   100.2495      98.69    185.699     4.2680 2.6640e+03          1         91 0.0000e+00
   32.90549  -65.87675    18.0268   4.778742    36.5192    199.441    200.953    18.0282   4.778957    36.5198     0.0254 1.0000e-12    -0.0103   100.2576      98.69    186.365     4.2833 2.6670e+03          1        126 0.0000e+00
   32.90551  -65.87672    18.0187   4.778258    36.5211    200.447    201.967    18.0187   4.778329    36.5217     0.0203 1.0000e-12    -0.0111   100.2771      98.70    186.624     4.2893 2.6647e+03          1        894 0.0000e+00
   32.90554  -65.87670    18.0241   4.778677    36.5199    199.508    201.021    18.0223   4.778526    36.5203     0.0264 1.0000e-12    -0.0114   100.2861      98.70    186.380     4.2836 2.6642e+03          1         31 0.0000e+00
   32.90554  -65.87670    18.0293   4.779063    36.5189    198.433    199.937    18.0278   4.778983    36.5196     0.0211 1.0000e-12    -0.0107   100.2677      98.70    186.453     4.2853 2.6648e+03          1         40 0.0000e+00
   32.90554  -65.87669    18.0342   4.779412    36.5178    197.617    199.115    18.0336   4.779335    36.5177     0.0218 1.0000e-12    -0.0118   100.2957      98.70    186.399     4.2841 2.6676e+03          1         63 0.0000e+00
   32.90554  -65.87668    18.0510   4.781034    36.5168    196.514    198.002    18.0503   4.780862    36.5160     0.0103 1.0000e-12    -0.0079   100.1986      98.71    186.210     4.2797 2.6676e+03          1         27 0.0000e+00
   32.90554  -65.87668    18.0630   4.782217    36.5164    195.508    196.988    18.0624   4.782130    36.5162     0.0239 1.0000e-12    -0.0082   100.2071      98.70    186.293     4.2816 2.6676e+03          1         23 0.0000e+00
   32.90554  -65.87668    18.0717   4.783058    36.5161    194.497    195.969    18.0734   4.783143    36.5153     0.0237 1.0000e-12    -0.0111   100.2775      98.70    186.019     4.2753 2.6669e+03          1         24 0.0000e+00
   32.90555  -65.87668    18.0816   4.784055    36.5162    193.488    194.952    18.0798   4.783911    36.5166     0.0262 1.0000e-12    -0.0098   100.2459      98.70    185.703     4.2680 2.6651e+03          1         33 0.0000e+00
