Data/ruptures/KN207-01/QL-2/20701071.cnv
* Sea-Bird SBE 9 Data File:
* FileName = C:\Data\ctd\20701071.hex
* Software Version Seasave V 7.21e
* Temperature SN = 4406
* Conductivity SN = 1474
* Number of Bytes Per Scan = 40
* Number of Voltage Words = 5
* Number of Scans Averaged by the Deck Unit = 1
* NMEA Latitude = 32 58.93 N
* NMEA Longitude = 065 44.83 W
* NMEA UTC (Time) = May 01 2012 22:06:50
** R/V Knorr Cruise # KN207-01 QL 2
** Chief Scientist: Ben Van Mooy
# nquan = 21
# nvalues = 398                         
# units = specified
# name 0 = latitude: Latitude [deg]
# name 1 = longitude: Longitude [deg]
# name 2 = t090C: Temperature [ITS-90, deg C]
# name 3 = c0S/m: Conductivity [S/m]
# name 4 = sal00: Salinity, Practical [PSU]
# name 5 = depSM: Depth [salt water, m]
# name 6 = prDM: Pressure, Digiquartz [db]
# name 7 = t190C: Temperature, 2 [ITS-90, deg C]
# name 8 = c1S/m: Conductivity, 2 [S/m]
# name 9 = sal11: Salinity, Practical, 2 [PSU]
# name 10 = flECO-AFL: Fluorescence, WET Labs ECO-AFL/FL [mg/m^3]
# name 11 = par: PAR/Irradiance, Biospherical/Licor
# name 12 = bat: Beam Attenuation, Chelsea/Seatech [1/m]
# name 13 = xmiss: Beam Transmission, Chelsea/Seatech [%]
# name 14 = altM: Altimeter [m]
# name 15 = sbeox0Mm/Kg: Oxygen, SBE 43 [umol/kg]
# name 16 = sbeox0ML/L: Oxygen, SBE 43 [ml/l]
# name 17 = spar: SPAR/Surface Irradiance
# name 18 = pumps: Pump Status
# name 19 = nbin: number of scans per bin
# name 20 = flag: flag
# span 0 =   32.98219,   32.98442       
# span 1 =  -65.74723,  -65.74606       
# span 2 =    18.6352,    20.4807       
# span 3 =   4.846269,   5.039081       
# span 4 =    36.5538,    36.6152       
# span 5 =      2.270,    199.183       
# span 6 =      2.286,    200.694       
# span 7 =    18.6446,    20.4787       
# span 8 =   4.847212,   5.039119       
# span 9 =    36.5524,    36.6175       
# span 10 =     0.0288,     0.9117      
# span 11 = 1.0000e-12, 1.0000e-12      
# span 12 =    -0.0061,     0.0863      
# span 13 =    97.8645,   100.1527      
# span 14 =       5.32,      98.79      
# span 15 =    193.779,    224.538      
# span 16 =     4.4531,     5.1589      
# span 17 = 5.1409e+02, 1.0474e+03      
# span 18 =          1,          1      
# span 19 =         17,       1145      
# span 20 = 0.0000e+00, 0.0000e+00      
# interval = decibars: 1                
# start_time = May 01 2012 22:06:50 [NMEA time, header]
# bad_flag = -9.990e-29
*END*
   32.98219  -65.74723    20.4807   5.039081    36.6147      2.959      2.980    20.4787   5.039119    36.6168     0.1230 1.0000e-12     0.0572    98.5810      57.84    219.139     5.0337 6.0497e+02          1        345 0.0000e+00
   32.98221  -65.74722    20.4314   5.033761    36.6146      3.934      3.962    20.4528   5.036434    36.6175     0.1191 1.0000e-12     0.0557    98.6170      98.60    219.187     5.0349 5.8676e+02          1         64 0.0000e+00
   32.98222  -65.74722    20.4281   5.033329    36.6132      4.867      4.902    20.4401   5.034943    36.6159     0.1142 1.0000e-12     0.0563    98.6028      73.17    218.830     5.0267 5.9112e+02          1         98 0.0000e+00
   32.98222  -65.74722    20.4494   5.035954    36.6152      5.967      6.010    20.4658   5.037675    36.6148     0.1148 1.0000e-12     0.0582    98.5555      36.35    219.569     5.0437 5.9702e+02          1         31 0.0000e+00
   32.98222  -65.74722    20.4574   5.036744    36.6141      6.982      7.031    20.4581   5.037150    36.6170     0.1149 1.0000e-12     0.0596    98.5205       6.06    219.294     5.0373 5.7483e+02          1         33 0.0000e+00
   32.98222  -65.74722    20.4398   5.034880    36.6141      7.978      8.035    20.4599   5.037158    36.6151     0.1199 1.0000e-12     0.0579    98.5641      31.07    219.235     5.0360 5.6331e+02          1         43 0.0000e+00
   32.98224  -65.74722    20.4454   5.035635    36.6150      8.867      8.931    20.4355   5.034707    36.6164     0.1066 1.0000e-12     0.0561    98.6071      50.11    219.137     5.0337 5.8172e+02          1         79 0.0000e+00
   32.98224  -65.74722    20.4292   5.033792    36.6139      9.918      9.989    20.4320   5.034306    36.6157     0.1347 1.0000e-12     0.0571    98.5828      78.71    219.465     5.0413 5.8774e+02          1         33 0.0000e+00
   32.98224  -65.74721    20.4561   5.036860    36.6146     10.943     11.021    20.4600   5.037259    36.6145     0.1203 1.0000e-12     0.0571    98.5828      98.60    219.567     5.0436 5.7605e+02          1         33 0.0000e+00
   32.98224  -65.74720    20.4578   5.037004    36.6140     11.995     12.080    20.4574   5.037234    36.6163     0.1179 1.0000e-12     0.0566    98.5956      98.60    219.343     5.0385 5.7162e+02          1         70 0.0000e+00
   32.98224  -65.74720    20.4557   5.036685    36.6130     12.829     12.921    20.4559   5.037121    36.6164     0.1143 1.0000e-12     0.0562    98.6035      98.59    219.235     5.0360 5.7961e+02          1         43 0.0000e+00
   32.98226  -65.74720    20.4010   5.030868    36.6136     13.918     14.017    20.3971   5.030748    36.6161     0.1237 1.0000e-12     0.0567    98.5915      98.59    219.012     5.0309 5.8118e+02          1         35 0.0000e+00
   32.98226  -65.74720    20.3874   5.029378    36.6129     14.906     15.012    20.3842   5.029311    36.6153     0.1324 1.0000e-12     0.0582    98.5570      85.16    219.095     5.0329 5.6441e+02          1         39 0.0000e+00
   32.98226  -65.74720    20.3352   5.023595    36.6113     15.858     15.971    20.3338   5.024020    36.6160     0.1204 1.0000e-12     0.0583    98.5528      98.60    219.544     5.0432 5.6289e+02          1         58 0.0000e+00
   32.98226  -65.74720    20.2923   5.019006    36.6108     16.888     17.009    20.2900   5.019128    36.6138     0.1186 1.0000e-12     0.0596    98.5225      98.60    219.960     5.0529 5.7878e+02          1         60 0.0000e+00
   32.98226  -65.74720    20.2884   5.018687    36.6107     17.825     17.952    20.2840   5.018489    36.6129     0.1291 1.0000e-12     0.0640    98.4123      98.60    219.712     5.0472 5.7971e+02          1         43 0.0000e+00
   32.98228  -65.74718    20.2890   5.018810    36.6104     18.854     18.988    20.2827   5.018352    36.6122     0.1336 1.0000e-12     0.0655    98.3764      98.60    219.883     5.0511 5.7429e+02          1         33 0.0000e+00
   32.98228  -65.74718    20.3115   5.021289    36.6101     19.901     20.043    20.3041   5.020653    36.6113     0.1165 1.0000e-12     0.0628    98.4410      98.60    219.995     5.0536 5.5524e+02          1         35 0.0000e+00
   32.98228  -65.74719    20.2728   5.017146    36.6098     20.954     21.103    20.2818   5.018374    36.6119     0.1254 1.0000e-12     0.0621    98.4585      98.60    219.809     5.0494 5.6139e+02          1         82 0.0000e+00
   32.98228  -65.74720    20.2640   5.016196    36.6092     21.781     21.937    20.2650   5.016621    36.6118     0.1169 1.0000e-12     0.0616    98.4711      98.60    220.065     5.0553 5.7539e+02          1         38 0.0000e+00
   32.98228  -65.74720    20.2584   5.015660    36.6092     22.888     23.052    20.2580   5.015860    36.6112     0.1178 1.0000e-12     0.0628    98.4425      98.60    219.840     5.0501 5.7309e+02          1         35 0.0000e+00
   32.98230  -65.74718    20.2572   5.015572    36.6089     23.841     24.012    20.2570   5.015768    36.6107     0.1314 1.0000e-12     0.0634    98.4261      98.60    219.876     5.0510 5.6314e+02          1         59 0.0000e+00
   32.98230  -65.74718    20.2579   5.015722    36.6090     24.784     24.961    20.2576   5.015893    36.6107     0.1262 1.0000e-12     0.0638    98.4162      98.60    220.136     5.0569 5.6262e+02          1         40 0.0000e+00
   32.98230  -65.74718    20.2550   5.015432    36.6087     25.848     26.033    20.2568   5.015896    36.6110     0.1199 1.0000e-12     0.0631    98.4356      98.60    219.895     5.0514 5.6191e+02          1         43 0.0000e+00
   32.98230  -65.74718    20.2454   5.014396    36.6082     26.830     27.022    20.2451   5.014600    36.6102     0.1239 1.0000e-12     0.0667    98.3464      98.60    219.271     5.0371 5.6482e+02          1         72 0.0000e+00
   32.98231  -65.74717    20.2318   5.012840    36.6071     27.741     27.940    20.2314   5.013124    36.6098     0.1315 1.0000e-12     0.0652    98.3824      71.58    219.757     5.0482 5.7038e+02          1         47 0.0000e+00
   32.98232  -65.74716    20.1924   5.008373    36.6049     28.808     29.014    20.1936   5.008974    36.6088     0.1391 1.0000e-12     0.0668    98.3429      98.61    220.024     5.0544 5.6882e+02          1         33 0.0000e+00
   32.98232  -65.74716    20.1736   5.006302    36.6040     29.808     30.022    20.1728   5.006521    36.6065     0.1509 1.0000e-12     0.0675    98.3263      98.60    220.571     5.0670 5.5877e+02          1         40 0.0000e+00
   32.98232  -65.74717    20.1330   5.001792    36.6023     30.761     30.981    20.1343   5.002330    36.6055     0.1697 1.0000e-12     0.0692    98.2865      76.43    221.027     5.0775 5.6359e+02          1         64 0.0000e+00
   32.98232  -65.74718    20.0944   4.997621    36.6014     31.768     31.996    20.0964   4.998158    36.6040     0.1589 1.0000e-12     0.0702    98.2605      98.60    221.480     5.0880 5.7241e+02          1         51 0.0000e+00
   32.98232  -65.74718    20.0821   4.996361    36.6010     32.735     32.970    20.0821   4.996571    36.6028     0.1694 1.0000e-12     0.0731    98.1885      98.60    221.452     5.0874 5.6085e+02          1         42 0.0000e+00
   32.98234  -65.74716    20.0702   4.995062    36.6002     33.762     34.005    20.0739   4.995852    36.6034     0.1799 1.0000e-12     0.0794    98.0346      98.60    222.096     5.1022 5.5651e+02          1         37 0.0000e+00
   32.98234  -65.74716    20.0440   4.992369    36.6004     34.772     35.022    20.0431   4.992505    36.6024     0.1762 1.0000e-12     0.0786    98.0534      78.26    221.754     5.0944 5.6779e+02          1         76 0.0000e+00
   32.98234  -65.74716    20.0034   4.987931    36.5993     35.671     35.928    20.0035   4.988482    36.6037     0.1821 1.0000e-12     0.0842    97.9169      98.60    221.435     5.0871 5.6700e+02          1         32 0.0000e+00
   32.98234  -65.74716    19.9174   4.978929    36.6011     36.715     36.979    19.9184   4.979810    36.6075     0.2049 1.0000e-12     0.0800    98.0189      98.60    222.276     5.1065 5.5745e+02          1         32 0.0000e+00
   32.98234  -65.74716    19.8651   4.973801    36.6040     37.833     38.105    19.8692   4.974482    36.6060     0.1989 1.0000e-12     0.0821    97.9693      98.61    223.053     5.1244 5.5164e+02          1         67 0.0000e+00
   32.98236  -65.74716    19.7967   4.966240    36.6012     38.640     38.918    19.7974   4.967056    36.6074     0.2200 1.0000e-12     0.0823    97.9626      98.60    223.856     5.1430 5.6798e+02          1         51 0.0000e+00
   32.98236  -65.74716    19.7106   4.956979    36.6001     39.741     40.027    19.7106   4.957335    36.6031     0.1936 1.0000e-12     0.0840    97.9221      98.60    223.131     5.1264 5.7055e+02          1         40 0.0000e+00
   32.98236  -65.74716    19.6927   4.955095    36.5990     40.724     41.017    19.6922   4.955334    36.6015     0.2051 1.0000e-12     0.0816    97.9797      98.60    224.223     5.1515 5.6171e+02          1         44 0.0000e+00
   32.98236  -65.74716    19.6750   4.953257    36.5984     41.701     42.001    19.6753   4.953586    36.6009     0.2373 1.0000e-12     0.0846    97.9078      98.60    224.402     5.1557 5.5186e+02          1         35 0.0000e+00
   32.98237  -65.74716    19.6652   4.952286    36.5977     42.716     43.024    19.6636   4.952363    36.5997     0.2423 1.0000e-12     0.0857    97.8799      98.60    223.840     5.1428 5.5989e+02          1         73 0.0000e+00
   32.98238  -65.74716    19.6531   4.951033    36.5968     43.635     43.950    19.6538   4.951426    36.5995     0.2494 1.0000e-12     0.0836    97.9312      98.60    224.517     5.1583 5.6953e+02          1         44 0.0000e+00
   32.98238  -65.74716    19.6177   4.947177    36.5957     44.692     45.014    19.6181   4.947690    36.5996     0.2414 1.0000e-12     0.0823    97.9630      98.60    224.538     5.1589 5.6045e+02          1         36 0.0000e+00
   32.98238  -65.74716    19.5774   4.942865    36.5951     45.682     46.011    19.5777   4.943281    36.5983     0.2348 1.0000e-12     0.0810    97.9954      93.37    223.883     5.1439 5.5498e+02          1         45 0.0000e+00
   32.98238  -65.74716    19.5356   4.938325    36.5937     46.662     46.999    19.5358   4.938781    36.5974     0.2503 1.0000e-12     0.0797    98.0261      73.24    224.084     5.1485 5.5552e+02          1         48 0.0000e+00
   32.98239  -65.74715    19.4971   4.934265    36.5933     47.617     47.960    19.4970   4.934518    36.5955     0.2568 1.0000e-12     0.0797    98.0275      92.56    224.460     5.1572 5.6080e+02          1         61 0.0000e+00
   32.98240  -65.74714    19.4850   4.933025    36.5926     48.616     48.967    19.4849   4.933297    36.5950     0.2609 1.0000e-12     0.0754    98.1326      98.60    223.925     5.1449 5.6098e+02          1         39 0.0000e+00
   32.98240  -65.74714    19.4711   4.931614    36.5925     49.652     50.011    19.4701   4.931781    36.5947     0.2547 1.0000e-12     0.0749    98.1450      98.61    223.210     5.1285 5.5308e+02          1         38 0.0000e+00
   32.98240  -65.74714    19.4644   4.930982    36.5921     50.710     51.076    19.4638   4.931123    36.5939     0.2727 1.0000e-12     0.0726    98.2006      98.60    223.363     5.1320 5.5588e+02          1         74 0.0000e+00
   32.98240  -65.74714    19.4617   4.930765    36.5919     51.603     51.976    19.4616   4.930966    36.5937     0.2892 1.0000e-12     0.0671    98.3363      98.60    223.347     5.1317 5.6844e+02          1         41 0.0000e+00
   32.98240  -65.74714    19.4570   4.930335    36.5919     52.637     53.017    19.4569   4.930559    36.5938     0.2652 1.0000e-12     0.0671    98.3358      98.60    222.470     5.1115 5.5996e+02          1         31 0.0000e+00
   32.98242  -65.74714    19.4529   4.929955    36.5918     53.651     54.039    19.4528   4.930146    36.5934     0.2946 1.0000e-12     0.0674    98.3285      98.61    222.562     5.1137 5.5263e+02          1         51 0.0000e+00
   32.98242  -65.74714    19.4501   4.929661    36.5912     54.543     54.937    19.4503   4.929933    36.5933     0.3175 1.0000e-12     0.0710    98.2417      89.46    222.013     5.1011 5.5811e+02          1         54 0.0000e+00
   32.98242  -65.74714    19.4461   4.929339    36.5915     55.596     55.999    19.4461   4.929546    36.5932     0.2979 1.0000e-12     0.0704    98.2556      91.58    221.972     5.1001 5.5621e+02          1         40 0.0000e+00
   32.98242  -65.74714    19.4433   4.929094    36.5915     56.634     57.044    19.4431   4.929264    36.5931     0.2911 1.0000e-12     0.0685    98.3019      75.83    222.042     5.1017 5.6629e+02          1         69 0.0000e+00
   32.98243  -65.74714    19.4403   4.928838    36.5915     57.530     57.946    19.4402   4.928987    36.5928     0.3118 1.0000e-12     0.0660    98.3629      98.60    222.060     5.1021 5.6619e+02          1         40 0.0000e+00
   32.98244  -65.74714    19.4393   4.928787    36.5914     58.560     58.985    19.4393   4.928986    36.5931     0.3236 1.0000e-12     0.0690    98.2890      98.61    221.877     5.0979 5.5283e+02          1         30 0.0000e+00
   32.98244  -65.74714    19.4362   4.928510    36.5914     59.641     60.073    19.4363   4.928692    36.5929     0.3492 1.0000e-12     0.0676    98.3250      98.60    221.952     5.0997 5.5133e+02          1         49 0.0000e+00
   32.98244  -65.74714    19.4334   4.928235    36.5913     60.497     60.935    19.4333   4.928422    36.5929     0.3396 1.0000e-12     0.0671    98.3357      98.61    221.188     5.0821 5.6017e+02          1         55 0.0000e+00
   32.98244  -65.74714    19.4300   4.927959    36.5915     61.617     62.063    19.4300   4.928143    36.5931     0.3234 1.0000e-12     0.0652    98.3835      98.61    221.183     5.0820 5.6402e+02          1         54 0.0000e+00
   32.98244  -65.74713    19.4278   4.927766    36.5915     62.504     62.957    19.4278   4.927943    36.5929     0.3605 1.0000e-12     0.0673    98.3302      98.61    220.234     5.0602 5.6549e+02          1         49 0.0000e+00
   32.98244  -65.74712    19.4255   4.927617    36.5918     63.524     63.985    19.4255   4.927801    36.5934     0.3380 1.0000e-12     0.0683    98.3069      98.61    220.575     5.0680 5.6296e+02          1         37 0.0000e+00
   32.98244  -65.74712    19.4231   4.927432    36.5920     64.550     65.019    19.4231   4.927617    36.5935     0.3637 1.0000e-12     0.0662    98.3591      98.61    220.489     5.0661 5.5980e+02          1         49 0.0000e+00
   32.98245  -65.74712    19.4215   4.927305    36.5920     65.502     65.978    19.4214   4.927478    36.5934     0.4032 1.0000e-12     0.0671    98.3365      98.60    220.432     5.0647 5.6379e+02          1         56 0.0000e+00
   32.98246  -65.74712    19.4208   4.927277    36.5919     66.524     67.008    19.4208   4.927466    36.5935     0.3674 1.0000e-12     0.0640    98.4133      98.61    219.899     5.0525 5.6664e+02          1         39 0.0000e+00
   32.98246  -65.74712    19.4200   4.927268    36.5921     67.536     68.027    19.4201   4.927438    36.5935     0.3659 1.0000e-12     0.0690    98.2902      98.61    219.909     5.0527 5.6619e+02          1         45 0.0000e+00
   32.98246  -65.74712    19.4178   4.927074    36.5920     68.487     68.985    19.4178   4.927229    36.5934     0.3916 1.0000e-12     0.0655    98.3759      98.62    219.732     5.0487 5.5837e+02          1         47 0.0000e+00
   32.98246  -65.74712    19.4152   4.926820    36.5918     69.521     70.027    19.4152   4.926994    36.5933     0.4397 1.0000e-12     0.0623    98.4548      85.92    219.885     5.0522 5.6260e+02          1         60 0.0000e+00
