Data/ruptures/KN207-01/QL-2/20701068.cnv
* Sea-Bird SBE 9 Data File:
* FileName = C:\Data\ctd\20701068.hex
* Software Version Seasave V 7.21e
* Temperature SN = 4406
* Conductivity SN = 1474
* Number of Bytes Per Scan = 40
* Number of Voltage Words = 5
* Number of Scans Averaged by the Deck Unit = 1
* NMEA Latitude = 32 57.04 N
* NMEA Longitude = 065 44.98 W
* NMEA UTC (Time) = May 01 2012 16:03:39
** R/V Knorr Cruise # KN207-01 QL 2
** Chief Scientist: Ben Van Mooy
# nquan = 21
# nvalues = 398                         
# units = specified
# name 0 = latitude: Latitude [deg]
# name 1 = longitude: Longitude [deg]
# name 2 = t090C: Temperature [ITS-90, deg C]
# name 3 = c0S/m: Conductivity [S/m]
# name 4 = sal00: Salinity, Practical [PSU]
# name 5 = depSM: Depth [salt water, m]
# name 6 = prDM: Pressure, Digiquartz [db]
# name 7 = t190C: Temperature, 2 [ITS-90, deg C]
# name 8 = c1S/m: Conductivity, 2 [S/m]
# name 9 = sal11: Salinity, Practical, 2 [PSU]
# name 10 = flECO-AFL: Fluorescence, WET Labs ECO-AFL/FL [mg/m^3]
# name 11 = par: PAR/Irradiance, Biospherical/Licor
# name 12 = bat: Beam Attenuation, Chelsea/Seatech [1/m]
# name 13 = xmiss: Beam Transmission, Chelsea/Seatech [%]
# name 14 = altM: Altimeter [m]
# name 15 = sbeox0Mm/Kg: Oxygen, SBE 43 [umol/kg]
# name 16 = sbeox0ML/L: Oxygen, SBE 43 [ml/l]
# name 17 = spar: SPAR/Surface Irradiance
# name 18 = pumps: Pump Status
# name 19 = nbin: number of scans per bin
# name 20 = flag: flag
# span 0 =   32.95068,   32.95233       
# span 1 =  -65.74982,  -65.74877       
# span 2 =    18.0276,    20.3164       
# span 3 =   4.778493,   5.021808       
# span 4 =    36.5154,    36.6117       
# span 5 =      3.091,    200.272       
# span 6 =      3.113,    201.791       
# span 7 =    18.0272,    20.3157       
# span 8 =   4.778553,   5.021732       
# span 9 =    36.5160,    36.6129       
# span 10 =     0.0059,     1.0127      
# span 11 = 1.0000e-12, 1.0000e-12      
# span 12 =    -0.0111,     0.0789      
# span 13 =    98.0469,   100.2776      
# span 14 =      35.66,      98.78      
# span 15 =    186.360,    222.492      
# span 16 =     4.2831,     5.1117      
# span 17 = 2.5247e+03, 2.5416e+03      
# span 18 =          1,          1      
# span 19 =         14,        727      
# span 20 = 0.0000e+00, 0.0000e+00      
# interval = decibars: 1                
# start_time = May 01 2012 16:03:39 [NMEA time, header]
# bad_flag = -9.990e-29
*END*
[from data line 276]
   32.95160  -65.74924    19.3737   4.925041    36.5930    123.093    124.003    19.3735   4.925081    36.5935     0.2233 1.0000e-12     0.0061    99.8459      98.73    213.135     4.8972 2.5339e+03          1         24 0.0000e+00
   32.95160  -65.74924    19.3735   4.924967    36.5929    122.089    122.992    19.3733   4.925020    36.5935     0.2225 1.0000e-12     0.0056    99.8606      98.73    213.074     4.8958 2.5348e+03          1         27 0.0000e+00
   32.95160  -65.74924    19.3734   4.924905    36.5928    121.132    122.028    19.3731   4.924956    36.5935     0.2220 1.0000e-12     0.0062    99.8451      98.73    213.219     4.8991 2.5342e+03          1         22 0.0000e+00
   32.95160  -65.74924    19.3735   4.924864    36.5928    120.131    121.019    19.3729   4.924890    36.5935     0.2056 1.0000e-12     0.0046    99.8855      98.72    213.249     4.8998 2.5339e+03          1         24 0.0000e+00
   32.95160  -65.74924    19.3735   4.924822    36.5928    119.082    119.962    19.3729   4.924837    36.5935     0.2419 1.0000e-12     0.0053    99.8661      98.72    213.437     4.9041 2.5333e+03          1         22 0.0000e+00
   32.95160  -65.74924    19.3734   4.924767    36.5929    118.092    118.964    19.3730   4.924795    36.5934     0.2361 1.0000e-12     0.0065    99.8362      98.73    213.387     4.9030 2.5332e+03          1         24 0.0000e+00
   32.95160  -65.74924    19.3735   4.924738    36.5928    117.118    117.983    19.3731   4.924746    36.5933     0.2419 1.0000e-12     0.0072    99.8208      98.73    212.887     4.8915 2.5358e+03          1         26 0.0000e+00
   32.95160  -65.74924    19.3738   4.924734    36.5929    116.150    117.008    19.3736   4.924767    36.5934     0.2233 1.0000e-12     0.0076    99.8095      98.73    212.819     4.8899 2.5359e+03          1         24 0.0000e+00
   32.95160  -65.74924    19.3736   4.924651    36.5928    115.150    116.000    19.3735   4.924710    36.5934     0.2630 1.0000e-12     0.0090    99.7750      98.73    213.188     4.8984 2.5351e+03          1         22 0.0000e+00
   32.95162  -65.74922    19.3733   4.924550    36.5926    114.149    114.991    19.3731   4.924592    36.5932     0.2541 1.0000e-12     0.0090    99.7753      98.73    213.335     4.9018 2.5341e+03          1         19 0.0000e+00
   32.95162  -65.74922    19.3731   4.924486    36.5926    113.128    113.962    19.3731   4.924568    36.5933     0.2643 1.0000e-12     0.0106    99.7353      98.72    213.133     4.8971 2.5336e+03          1         22 0.0000e+00
   32.95162  -65.74922    19.3728   4.924397    36.5925    112.143    112.969    19.3728   4.924485    36.5933     0.2621 1.0000e-12     0.0095    99.7636      98.73    213.066     4.8956 2.5328e+03          1         30 0.0000e+00
   32.95162  -65.74922    19.3729   4.924367    36.5926    111.212    112.031    19.3725   4.924422    36.5933     0.2761 1.0000e-12     0.0117    99.7072      98.73    212.956     4.8931 2.5353e+03          1         35 0.0000e+00
   32.95162  -65.74922    19.3726   4.924290    36.5925    110.228    111.040    19.3724   4.924338    36.5931     0.2963 1.0000e-12     0.0099    99.7533      98.73    213.079     4.8959 2.5358e+03          1         23 0.0000e+00
   32.95162  -65.74922    19.3728   4.924258    36.5924    109.218    110.022    19.3725   4.924302    36.5931     0.2734 1.0000e-12     0.0105    99.7388      35.66    213.203     4.8987 2.5363e+03          1         19 0.0000e+00
   32.95162  -65.74922    19.3737   4.924359    36.5929    108.215    109.012    19.3735   4.924371    36.5932     0.2582 1.0000e-12     0.0118    99.7055      68.46    213.349     4.9021 2.5354e+03          1         17 0.0000e+00
   32.95162  -65.74922    19.3743   4.924378    36.5928    107.218    108.007    19.3742   4.924421    36.5934     0.3151 1.0000e-12     0.0155    99.6130      98.73    213.253     4.8999 2.5346e+03          1         19 0.0000e+00
   32.95162  -65.74922    19.3750   4.924428    36.5931    106.211    106.993    19.3749   4.924474    36.5935     0.3509 1.0000e-12     0.0152    99.6221      98.72    213.261     4.9001 2.5341e+03          1         24 0.0000e+00
   32.95162  -65.74922    19.3750   4.924378    36.5930    105.224    105.997    19.3747   4.924411    36.5936     0.3731 1.0000e-12     0.0171    99.5741      98.73    213.177     4.8981 2.5338e+03          1         27 0.0000e+00
   32.95164  -65.74922    19.3749   4.924315    36.5930    104.222    104.989    19.3744   4.924339    36.5936     0.4158 1.0000e-12     0.0195    99.5136      98.73    213.308     4.9012 2.5344e+03          1         25 0.0000e+00
   32.95164  -65.74922    19.3749   4.924263    36.5929    103.236    103.995    19.3746   4.924310    36.5936     0.3997 1.0000e-12     0.0195    99.5134      98.73    213.677     4.9096 2.5361e+03          1         26 0.0000e+00
   32.95164  -65.74922    19.3748   4.924200    36.5928    102.253    103.005    19.3746   4.924258    36.5935     0.4374 1.0000e-12     0.0212    99.4715      98.73    213.609     4.9081 2.5360e+03          1         30 0.0000e+00
   32.95164  -65.74922    19.3756   4.924239    36.5929    101.270    102.014    19.3751   4.924245    36.5933     0.5251 1.0000e-12     0.0222    99.4461      98.73    213.665     4.9094 2.5355e+03          1         26 0.0000e+00
   32.95164  -65.74922    19.3759   4.924226    36.5928    100.262    100.998    19.3758   4.924293    36.5935     0.4372 1.0000e-12     0.0223    99.4439      98.73    213.521     4.9060 2.5352e+03          1         36 0.0000e+00
   32.95164  -65.74922    19.3761   4.924202    36.5928     99.277    100.006    19.3757   4.924224    36.5934     0.5022 1.0000e-12     0.0235    99.4145      98.73    213.563     4.9070 2.5354e+03          1         31 0.0000e+00
   32.95164  -65.74922    19.3766   4.924227    36.5929     98.272     98.993    19.3762   4.924254    36.5935     0.5267 1.0000e-12     0.0266    99.3380      98.73    213.243     4.8997 2.5349e+03          1         39 0.0000e+00
   32.95165  -65.74921    19.3771   4.924229    36.5930     97.219     97.932    19.3763   4.924225    36.5936     0.5884 1.0000e-12     0.0268    99.3323      98.73    213.655     4.9091 2.5345e+03          1         69 0.0000e+00
   32.95166  -65.74920    19.3772   4.924208    36.5930     96.392     97.099    19.3771   4.924278    36.5937     0.7166 1.0000e-12     0.0317    99.2116      98.73    213.909     4.9150 2.5374e+03          1         63 0.0000e+00
   32.95166  -65.74920    19.3777   4.924212    36.5930     95.229     95.927    19.3769   4.924198    36.5936     0.5762 1.0000e-12     0.0298    99.2588      98.73    213.669     4.9094 2.5347e+03          1         52 0.0000e+00
   32.95167  -65.74920    19.3775   4.924140    36.5930     94.442     95.134    19.3766   4.924141    36.5937     0.7126 1.0000e-12     0.0317    99.2108      98.73    213.561     4.9070 2.5356e+03          1        107 0.0000e+00
   32.95168  -65.74919    19.3781   4.924173    36.5930     93.417     94.101    19.3772   4.924164    36.5938     0.7880 1.0000e-12     0.0330    99.1780      98.74    214.000     4.9170 2.5363e+03          1        120 0.0000e+00
   32.95169  -65.74918    19.3781   4.924129    36.5931     92.301     92.977    19.3773   4.924125    36.5938     0.8284 1.0000e-12     0.0344    99.1428      98.74    214.123     4.9199 2.5361e+03          1        186 0.0000e+00
   32.95178  -65.74912    19.3788   4.924157    36.5931     91.476     92.145    19.3781   4.924172    36.5938     0.8308 1.0000e-12     0.0380    99.0532      98.75    214.194     4.9215 2.5363e+03          1         94 0.0000e+00
   32.95178  -65.74912    19.3789   4.924113    36.5930     90.310     90.971    19.3782   4.924114    36.5936     0.7425 1.0000e-12     0.0392    99.0234      98.75    214.290     4.9237 2.5375e+03          1         29 0.0000e+00
   32.95180  -65.74912    19.3790   4.924072    36.5930     89.257     89.910    19.3788   4.924130    36.5937     0.7779 1.0000e-12     0.0402    98.9991      98.74    214.494     4.9284 2.5387e+03          1         40 0.0000e+00
   32.95180  -65.74912    19.3788   4.924015    36.5930     88.398     89.044    19.3787   4.924089    36.5937     0.8113 1.0000e-12     0.0511    98.7309      98.75    213.754     4.9114 2.5382e+03          1         58 0.0000e+00
   32.95180  -65.74912    19.3787   4.923941    36.5929     87.371     88.010    19.3786   4.924018    36.5936     0.8452 1.0000e-12     0.0422    98.9498      98.75    214.087     4.9190 2.5365e+03          1         36 0.0000e+00
   32.95180  -65.74910    19.3788   4.923910    36.5930     86.332     86.963    19.3786   4.923975    36.5937     0.8629 1.0000e-12     0.0432    98.9253      98.75    214.041     4.9180 2.5390e+03          1         79 0.0000e+00
   32.95180  -65.74910    19.3796   4.923951    36.5929     85.425     86.049    19.3793   4.923987    36.5935     0.8106 1.0000e-12     0.0448    98.8855      98.74    214.409     4.9264 2.5377e+03          1         36 0.0000e+00
   32.95182  -65.74910    19.3799   4.923946    36.5930     84.397     85.014    19.3796   4.923983    36.5936     0.7989 1.0000e-12     0.0491    98.7797      98.74    214.104     4.9194 2.5360e+03          1         32 0.0000e+00
   32.95182  -65.74910    19.3801   4.923921    36.5930     83.372     83.980    19.3800   4.923976    36.5936     0.8757 1.0000e-12     0.0467    98.8385      98.75    213.940     4.9157 2.5360e+03          1         43 0.0000e+00
   32.95182  -65.74910    19.3801   4.923880    36.5931     82.406     83.007    19.3802   4.923968    36.5937     0.8972 1.0000e-12     0.0478    98.8111      98.75    214.676     4.9326 2.5380e+03          1         57 0.0000e+00
   32.95182  -65.74910    19.3806   4.923880    36.5930     81.400     81.994    19.3801   4.923913    36.5937     0.9365 1.0000e-12     0.0496    98.7664      98.75    215.039     4.9409 2.5386e+03          1         64 0.0000e+00
   32.95182  -65.74910    19.3818   4.923946    36.5928     80.453     81.040    19.3805   4.923897    36.5936     1.0127 1.0000e-12     0.0512    98.7292      98.75    215.145     4.9434 2.5378e+03          1         40 0.0000e+00
   32.95184  -65.74908    19.3826   4.924003    36.5929     79.421     80.000    19.3816   4.923936    36.5933     0.9199 1.0000e-12     0.0522    98.7040      98.75    214.657     4.9321 2.5369e+03          1         31 0.0000e+00
   32.95184  -65.74908    19.3832   4.924013    36.5929     78.345     78.916    19.3829   4.924055    36.5935     0.9403 1.0000e-12     0.0555    98.6211      98.76    215.075     4.9417 2.5382e+03          1         54 0.0000e+00
   32.95184  -65.74908    19.3835   4.924008    36.5929     77.580     78.145    19.3828   4.924001    36.5935     0.8958 1.0000e-12     0.0581    98.5586      98.75    215.023     4.9405 2.5378e+03          1         66 0.0000e+00
   32.95184  -65.74908    19.3841   4.924000    36.5928     76.429     76.986    19.3839   4.924054    36.5934     0.8701 1.0000e-12     0.0584    98.5508      98.75    215.208     4.9448 2.5371e+03          1         28 0.0000e+00
   32.95184  -65.74908    19.3871   4.924267    36.5927     75.370     75.919    19.3850   4.924118    36.5934     0.9472 1.0000e-12     0.0598    98.5161      98.75    215.834     4.9592 2.5357e+03          1         32 0.0000e+00
   32.95185  -65.74908    19.3866   4.924212    36.5930     74.628     75.171    19.3860   4.924219    36.5936     0.8570 1.0000e-12     0.0579    98.5639      98.75    216.515     4.9748 2.5388e+03          1         95 0.0000e+00
   32.95186  -65.74908    19.3888   4.924375    36.5928     73.483     74.018    19.3887   4.924409    36.5931     0.7947 1.0000e-12     0.0609    98.4902      98.75    216.444     4.9732 2.5355e+03          1         21 0.0000e+00
   32.95186  -65.74908    19.3914   4.924598    36.5927     72.470     72.997    19.3896   4.924469    36.5933     0.7402 1.0000e-12     0.0575    98.5728      98.75    216.086     4.9650 2.5341e+03          1         25 0.0000e+00
   32.95186  -65.74906    19.3908   4.924502    36.5929     71.428     71.947    19.3900   4.924487    36.5936     0.6328 1.0000e-12     0.0564    98.6009      98.75    217.070     4.9876 2.5376e+03          1        105 0.0000e+00
   32.95186  -65.74906    19.3909   4.924463    36.5929     70.499     71.012    19.3916   4.924546    36.5929     0.6469 1.0000e-12     0.0556    98.6206      98.75    216.690     4.9788 2.5359e+03          1         28 0.0000e+00
   32.95186  -65.74906    19.3963   4.924971    36.5926     69.478     69.983    19.3955   4.924951    36.5932     0.5941 1.0000e-12     0.0565    98.5980      98.75    215.717     4.9565 2.5340e+03          1         21 0.0000e+00
   32.95186  -65.74906    19.4000   4.925320    36.5926     68.445     68.942    19.3986   4.925209    36.5929     0.5465 1.0000e-12     0.0602    98.5064      87.64    216.761     4.9805 2.5347e+03          1         34 0.0000e+00
   32.95187  -65.74906    19.3977   4.925047    36.5929     67.703     68.194    19.3954   4.924881    36.5935     0.4957 1.0000e-12     0.0557    98.6168      76.65    217.949     5.0077 2.5370e+03          1         94 0.0000e+00
   32.95188  -65.74906    19.3986   4.925083    36.5927     66.517     67.000    19.4002   4.925289    36.5931     0.4932 1.0000e-12     0.0554    98.6244      98.76    217.681     5.0016 2.5360e+03          1         37 0.0000e+00
   32.95188  -65.74906    19.4053   4.925736    36.5926     65.503     65.979    19.4033   4.925584    36.5931     0.4848 1.0000e-12     0.0566    98.5960      98.75    217.723     5.0025 2.5356e+03          1         35 0.0000e+00
   32.95188  -65.74905    19.4079   4.925961    36.5926     64.520     64.988    19.4068   4.925910    36.5931     0.4511 1.0000e-12     0.0594    98.5268      98.75    218.237     5.0144 2.5357e+03          1         41 0.0000e+00
   32.95188  -65.74904    19.4100   4.926156    36.5927     63.493     63.953    19.4095   4.926156    36.5932     0.4593 1.0000e-12     0.0607    98.4928      98.75    219.034     5.0327 2.5372e+03          1         72 0.0000e+00
   32.95189  -65.74904    19.4116   4.926241    36.5924     62.610     63.063    19.4098   4.926155    36.5933     0.4477 1.0000e-12     0.0590    98.5358      98.75    218.002     5.0089 2.5365e+03          1         49 0.0000e+00
   32.95190  -65.74904    19.4129   4.926346    36.5926     61.542     61.988    19.4097   4.926067    36.5931     0.4051 1.0000e-12     0.0634    98.4270      98.76    218.159     5.0126 2.5368e+03          1         32 0.0000e+00
   32.95190  -65.74904    19.4161   4.926638    36.5926     60.499     60.938    19.4134   4.926422    36.5931     0.4237 1.0000e-12     0.0593    98.5294      98.42    218.891     5.0294 2.5362e+03          1         42 0.0000e+00
   32.95190  -65.74904    19.4178   4.926782    36.5927     59.573     60.004    19.4175   4.926822    36.5932     0.4047 1.0000e-12     0.0598    98.5160      97.60    219.263     5.0379 2.5362e+03          1         67 0.0000e+00
   32.95190  -65.74904    19.4180   4.926763    36.5927     58.587     59.012    19.4172   4.926738    36.5932     0.3761 1.0000e-12     0.0580    98.5609      72.92    219.427     5.0417 2.5369e+03          1         45 0.0000e+00
   32.95191  -65.74904    19.4199   4.926904    36.5926     57.617     58.034    19.4181   4.926782    36.5932     0.3826 1.0000e-12     0.0604    98.5010      96.68    219.743     5.0489 2.5366e+03          1         40 0.0000e+00
   32.95192  -65.74904    19.4232   4.927193    36.5924     56.576     56.985    19.4238   4.927285    36.5927     0.3763 1.0000e-12     0.0612    98.4822      98.75    219.444     5.0421 2.5372e+03          1         43 0.0000e+00
