Data/ruptures/KN207-01/QL-2/20701076.cnv
* Sea-Bird SBE 9 Data File:
* FileName = C:\Data\ctd\20701076.hex
* Software Version Seasave V 7.21e
* Temperature SN = 4406
* Conductivity SN = 1474
* Number of Bytes Per Scan = 40
* Number of Voltage Words = 5
* Number of Scans Averaged by the Deck Unit = 1
* NMEA Latitude = 33 05.81 N
* NMEA Longitude = 065 39.86 W
* NMEA UTC (Time) = May 02 2012 16:15:17
** R/V Knorr Cruise # KN207-01 QL 2
** Chief Scientist: Ben Van Mooy
# nquan = 21
# nvalues = 396                         
# units = specified
# name 0 = latitude: Latitude [deg]
# name 1 = longitude: Longitude [deg]
# name 2 = t090C: Temperature [ITS-90, deg C]
# name 3 = c0S/m: Conductivity [S/m]
# name 4 = sal00: Salinity, Practical [PSU]
# name 5 = depSM: Depth [salt water, m]
# name 6 = prDM: Pressure, Digiquartz [db]
# name 7 = t190C: Temperature, 2 [ITS-90, deg C]
# name 8 = c1S/m: Conductivity, 2 [S/m]
# name 9 = sal11: Salinity, Practical, 2 [PSU]
# name 10 = flECO-AFL: Fluorescence, WET Labs ECO-AFL/FL [mg/m^3]
# name 11 = par: PAR/Irradiance, Biospherical/Licor
# name 12 = bat: Beam Attenuation, Chelsea/Seatech [1/m]
# name 13 = xmiss: Beam Transmission, Chelsea/Seatech [%]
# name 14 = altM: Altimeter [m]
# name 15 = sbeox0Mm/Kg: Oxygen, SBE 43 [umol/kg]
# name 16 = sbeox0ML/L: Oxygen, SBE 43 [ml/l]
# name 17 = spar: SPAR/Surface Irradiance
# name 18 = pumps: Pump Status
# name 19 = nbin: number of scans per bin
# name 20 = flag: flag
# span 0 =   33.09691,   33.09987       
# span 1 =  -65.66436,  -65.66055       
# span 2 =    17.9985,    20.4431       
# span 3 =   4.775245,   5.035688       
# span 4 =    36.5142,    36.6191       
# span 5 =      3.243,    199.619       
# span 6 =      3.266,    201.136       
# span 7 =    17.9971,    20.4417       
# span 8 =   4.775251,   5.035560       
# span 9 =    36.5071,    36.6239       
# span 10 =     0.0075,     0.8385      
# span 11 = 1.0000e-12, 1.0000e-12      
# span 12 =    -0.0141,     0.0713      
# span 13 =    98.2347,   100.3531      
# span 14 =       1.03,      98.81      
# span 15 =    186.128,    223.003      
# span 16 =     4.2774,     5.1235      
# span 17 = 1.2298e+03, 2.7378e+03      
# span 18 =          1,          1      
# span 19 =         16,       1151      
# span 20 = 0.0000e+00, 0.0000e+00      
# interval = decibars: 1                
# start_time = May 02 2012 16:15:17 [NMEA time, header]
# bad_flag = -9.990e-29
*END*
   33.09691  -65.66436    20.4328   5.034543    36.6188      3.816      3.843    20.4325   5.034658    36.6199     0.0581 1.0000e-12     0.0461    98.8529      74.59    217.884     5.0050 2.5124e+03          1        401 0.0000e+00
   33.09694  -65.66432    20.4359   5.034955    36.6189      5.002      5.038    20.4347   5.034964    36.6201     0.0521 1.0000e-12     0.0461    98.8556      98.64    218.036     5.0085 2.5091e+03          1         70 0.0000e+00
   33.09694  -65.66432    20.4367   5.035089    36.6191      5.891      5.933    20.4346   5.035001    36.6202     0.0889 1.0000e-12     0.0466    98.8407      82.67    217.455     4.9951 2.5070e+03          1         49 0.0000e+00
   33.09694  -65.66432    20.4301   5.034414    36.6190      6.984      7.033    20.4311   5.034719    36.6206     0.0450 1.0000e-12     0.0473    98.8248      72.94    217.655     4.9997 2.5063e+03          1         36 0.0000e+00
   33.09694  -65.66432    20.4267   5.034089    36.6190      7.933      7.990    20.4268   5.034235    36.6200     0.0565 1.0000e-12     0.0446    98.8905      72.37    218.023     5.0082 2.5051e+03          1         65 0.0000e+00
   33.09696  -65.66430    20.4272   5.034192    36.6190      8.893      8.957    20.4254   5.034133    36.6201     0.0452 1.0000e-12     0.0449    98.8833      88.63    217.593     4.9983 2.5059e+03          1         39 0.0000e+00
   33.09696  -65.66430    20.4329   5.034882    36.6191      9.938     10.009    20.4329   5.034954    36.6198     0.0415 1.0000e-12     0.0458    98.8612      28.14    217.869     5.0047 2.5044e+03          1         43 0.0000e+00
   33.09697  -65.66429    20.4363   5.035279    36.6191     10.886     10.963    20.4340   5.035197    36.6204     0.0571 1.0000e-12     0.0460    98.8566      98.70    217.993     5.0075 2.4983e+03          1         63 0.0000e+00
   33.09698  -65.66428    20.3859   5.029567    36.6169     11.879     11.964    20.3841   5.030230    36.6239     0.0505 1.0000e-12     0.0446    98.8913      57.35    218.438     5.0178 2.4962e+03          1         34 0.0000e+00
   33.09698  -65.66428    20.2993   5.020167    36.6162     12.900     12.992    20.3046   5.021183    36.6198     0.0648 1.0000e-12     0.0475    98.8200      72.79    218.452     5.0182 2.4962e+03          1         35 0.0000e+00
   33.09699  -65.66427    20.2831   5.018433    36.6152     13.970     14.070    20.2836   5.018641    36.6165     0.0688 1.0000e-12     0.0533    98.6770      36.21    218.329     5.0154 2.4903e+03          1         72 0.0000e+00
   33.09700  -65.66426    20.2801   5.018206    36.6150     14.865     14.972    20.2802   5.018373    36.6163     0.0589 1.0000e-12     0.0525    98.6963      91.47    218.669     5.0232 2.4890e+03          1         43 0.0000e+00
   33.09700  -65.66426    20.2781   5.018045    36.6147     15.890     16.004    20.2780   5.018144    36.6156     0.0741 1.0000e-12     0.0530    98.6857       1.03    218.298     5.0147 2.4896e+03          1         33 0.0000e+00
   33.09700  -65.66424    20.2765   5.017936    36.6145     16.921     17.042    20.2764   5.018063    36.6157     0.0729 1.0000e-12     0.0530    98.6849       1.06    218.177     5.0119 2.4883e+03          1         47 0.0000e+00
   33.09700  -65.66424    20.2752   5.017787    36.6138     17.823     17.951    20.2752   5.017994    36.6156     0.0572 1.0000e-12     0.0524    98.6978      20.07    218.827     5.0268 2.4874e+03          1         58 0.0000e+00
   33.09702  -65.66424    20.2737   5.017725    36.6141     18.867     19.002    20.2737   5.017913    36.6156     0.0825 1.0000e-12     0.0521    98.7063      27.38    218.837     5.0271 2.4857e+03          1         42 0.0000e+00
   33.09702  -65.66424    20.2706   5.017473    36.6142     19.882     20.024    20.2706   5.017630    36.6155     0.0650 1.0000e-12     0.0525    98.6974       1.06    218.535     5.0201 2.4852e+03          1         41 0.0000e+00
   33.09702  -65.66424    20.2684   5.017274    36.6140     20.864     21.014    20.2681   5.017392    36.6153     0.0779 1.0000e-12     0.0527    98.6915       1.05    218.479     5.0189 2.4859e+03          1         47 0.0000e+00
   33.09704  -65.66422    20.2667   5.017127    36.6139     21.815     21.971    20.2666   5.017260    36.6150     0.0873 1.0000e-12     0.0524    98.6999       1.05    218.288     5.0145 2.4809e+03          1         60 0.0000e+00
   33.09704  -65.66422    20.2644   5.016876    36.6134     22.777     22.940    20.2645   5.017054    36.6148     0.0839 1.0000e-12     0.0530    98.6849      15.90    218.698     5.0239 2.4855e+03          1         33 0.0000e+00
   33.09704  -65.66421    20.2618   5.016616    36.6131     23.859     24.030    20.2619   5.016792    36.6145     0.0851 1.0000e-12     0.0534    98.6743      57.95    218.499     5.0193 2.4909e+03          1         39 0.0000e+00
   33.09704  -65.66420    20.2558   5.015881    36.6119     24.830     25.008    20.2561   5.016080    36.6133     0.0952 1.0000e-12     0.0534    98.6745      18.36    218.737     5.0248 2.4856e+03          1         64 0.0000e+00
   33.09704  -65.66420    20.2491   5.015052    36.6106     25.762     25.947    20.2494   5.015273    36.6122     0.0906 1.0000e-12     0.0534    98.6744       1.03    218.291     5.0146 2.4825e+03          1         44 0.0000e+00
   33.09706  -65.66418    20.2382   5.013842    36.6100     26.807     26.999    20.2379   5.013988    36.6114     0.1048 1.0000e-12     0.0539    98.6617       1.03    218.423     5.0176 2.4952e+03          1         41 0.0000e+00
   33.09706  -65.66418    20.2287   5.012724    36.6087     27.799     27.999    20.2283   5.012878    36.6103     0.1039 1.0000e-12     0.0531    98.6817       1.05    219.103     5.0332 2.4966e+03          1         48 0.0000e+00
   33.09707  -65.66417    20.2022   5.009666    36.6067     28.799     29.006    20.2031   5.010053    36.6090     0.1002 1.0000e-12     0.0543    98.6509       1.05    219.006     5.0311 2.4999e+03          1         56 0.0000e+00
   33.09708  -65.66416    20.1669   5.005656    36.6045     29.787     30.001    20.1672   5.006017    36.6072     0.1185 1.0000e-12     0.0565    98.5975       1.05    218.990     5.0307 2.5054e+03          1         45 0.0000e+00
   33.09708  -65.66416    20.1423   5.002921    36.6032     30.784     31.005    20.1428   5.003184    36.6049     0.1140 1.0000e-12     0.0600    98.5117      30.09    218.704     5.0242 2.5106e+03          1         38 0.0000e+00
   33.09708  -65.66416    20.1348   5.002179    36.6030     31.784     32.012    20.1347   5.002324    36.6043     0.1205 1.0000e-12     0.0625    98.4494       1.04    219.078     5.0328 2.5123e+03          1         50 0.0000e+00
   33.09708  -65.66416    20.1279   5.001489    36.6027     32.737     32.972    20.1282   5.001738    36.6045     0.1296 1.0000e-12     0.0631    98.4342      20.76    219.916     5.0520 2.5115e+03          1         56 0.0000e+00
   33.09709  -65.66415    20.0731   4.995488    36.6016     33.762     34.005    20.0758   4.996393    36.6066     0.1384 1.0000e-12     0.0627    98.4430       1.07    219.899     5.0517 2.5096e+03          1         44 0.0000e+00
   33.09710  -65.66414    19.9896   4.986658    36.6023     34.757     35.008    19.9935   4.987444    36.6053     0.1426 1.0000e-12     0.0662    98.3596       1.08    220.443     5.0643 2.5125e+03          1         52 0.0000e+00
   33.09710  -65.66414    19.9325   4.980486    36.6012     35.734     35.992    19.9355   4.981669    36.6084     0.1575 1.0000e-12     0.0687    98.2980       1.07    220.617     5.0684 2.5158e+03          1         39 0.0000e+00
   33.09712  -65.66412    19.8105   4.967794    36.6043     36.736     37.000    19.8109   4.968194    36.6073     0.1661 1.0000e-12     0.0694    98.2800      71.11    221.486     5.0885 2.5173e+03          1         32 0.0000e+00
   33.09712  -65.66412    19.7909   4.965728    36.6029     37.806     38.078    19.7927   4.966108    36.6044     0.1739 1.0000e-12     0.0713    98.2347      77.01    222.408     5.1097 2.5147e+03          1         72 0.0000e+00
   33.09712  -65.66411    19.7498   4.961224    36.6005     38.650     38.929    19.7547   4.962338    36.6054     0.1745 1.0000e-12     0.0707    98.2495      65.56    222.350     5.1084 2.5170e+03          1         48 0.0000e+00
   33.09712  -65.66410    19.6657   4.952202    36.5998     39.716     40.002    19.6668   4.952839    36.6042     0.1683 1.0000e-12     0.0703    98.2590      98.65    223.003     5.1235 2.5185e+03          1         30 0.0000e+00
   33.09712  -65.66410    19.6336   4.948807    36.5990     40.758     41.051    19.6346   4.949219    36.6017     0.1833 1.0000e-12     0.0686    98.3012      98.65    222.741     5.1176 2.5175e+03          1         41 0.0000e+00
   33.09714  -65.66408    19.5680   4.941728    36.5974     41.686     41.986    19.5744   4.942752    36.6002     0.1880 1.0000e-12     0.0664    98.3543      98.65    222.183     5.1048 2.5121e+03          1         64 0.0000e+00
   33.09714  -65.66408    19.5352   4.938333    36.5968     42.638     42.945    19.5354   4.938575    36.5987     0.1938 1.0000e-12     0.0663    98.3557      98.65    222.440     5.1108 2.5101e+03          1         41 0.0000e+00
   33.09715  -65.66408    19.5226   4.937070    36.5963     43.671     43.986    19.5229   4.937311    36.5982     0.1915 1.0000e-12     0.0640    98.4131      98.65    221.651     5.0927 2.5125e+03          1         35 0.0000e+00
   33.09716  -65.66408    19.5154   4.936405    36.5961     44.707     45.029    19.5161   4.936657    36.5977     0.2114 1.0000e-12     0.0628    98.4425      98.65    221.887     5.0981 2.5159e+03          1         42 0.0000e+00
   33.09716  -65.66408    19.5073   4.935629    36.5957     45.674     46.003    19.5078   4.935849    36.5971     0.2154 1.0000e-12     0.0602    98.5060      98.65    222.072     5.1023 2.5193e+03          1         70 0.0000e+00
   33.09716  -65.66406    19.5023   4.935182    36.5954     46.648     46.985    19.5024   4.935357    36.5968     0.2015 1.0000e-12     0.0578    98.5649      98.66    221.530     5.0899 2.5183e+03          1         42 0.0000e+00
   33.09716  -65.66406    19.4954   4.934480    36.5951     47.675     48.019    19.4957   4.934783    36.5973     0.2231 1.0000e-12     0.0579    98.5618      98.65    222.051     5.1019 2.5175e+03          1         33 0.0000e+00
   33.09716  -65.66406    19.4749   4.932404    36.5954     48.686     49.038    19.4751   4.932601    36.5969     0.2249 1.0000e-12     0.0563    98.6020      98.65    221.538     5.0901 2.5173e+03          1         49 0.0000e+00
   33.09718  -65.66404    19.4677   4.931685    36.5951     49.632     49.991    19.4679   4.931865    36.5965     0.2296 1.0000e-12     0.0545    98.6478      98.65    221.080     5.0796 2.5165e+03          1         52 0.0000e+00
   33.09718  -65.66404    19.4617   4.931117    36.5951     50.652     51.018    19.4617   4.931277    36.5964     0.2543 1.0000e-12     0.0522    98.7050      84.97    220.886     5.0752 2.5118e+03          1         46 0.0000e+00
   33.09719  -65.66403    19.4586   4.930849    36.5949     51.634     52.007    19.4586   4.931004    36.5962     0.2473 1.0000e-12     0.0520    98.7091      84.33    220.551     5.0674 2.5125e+03          1         50 0.0000e+00
   33.09720  -65.66402    19.4551   4.930536    36.5949     52.608     52.989    19.4552   4.930694    36.5961     0.2480 1.0000e-12     0.0528    98.6884      98.65    220.712     5.0712 2.5164e+03          1         37 0.0000e+00
   33.09720  -65.66402    19.4526   4.930311    36.5947     53.622     54.010    19.4526   4.930458    36.5959     0.2723 1.0000e-12     0.0525    98.6972      98.65    220.759     5.0722 2.5103e+03          1         48 0.0000e+00
   33.09722  -65.66400    19.4499   4.930076    36.5946     54.608     55.004    19.4499   4.930222    36.5958     0.2498 1.0000e-12     0.0534    98.6732      91.86    220.428     5.0646 2.5037e+03          1         55 0.0000e+00
   33.09722  -65.66400    19.4459   4.929704    36.5945     55.569     55.971    19.4459   4.929853    36.5958     0.2769 1.0000e-12     0.0511    98.7299      88.41    219.802     5.0503 2.5051e+03          1         44 0.0000e+00
   33.09722  -65.66400    19.4438   4.929532    36.5946     56.614     57.024    19.4436   4.929653    36.5957     0.2910 1.0000e-12     0.0517    98.7156      60.20    219.738     5.0488 2.5091e+03          1         41 0.0000e+00
   33.09722  -65.66400    19.4413   4.929315    36.5945     57.596     58.014    19.4412   4.929439    36.5957     0.3001 1.0000e-12     0.0510    98.7332      60.31    220.188     5.0591 2.5101e+03          1         42 0.0000e+00
   33.09722  -65.66400    19.4391   4.929129    36.5944     58.579     59.004    19.4391   4.929260    36.5955     0.3038 1.0000e-12     0.0475    98.8196      98.72    219.847     5.0513 2.5071e+03          1         50 0.0000e+00
   33.09724  -65.66398    19.4378   4.929026    36.5943     59.515     59.947    19.4378   4.929165    36.5954     0.3057 1.0000e-12     0.0472    98.8269      98.65    219.631     5.0464 2.5060e+03          1         57 0.0000e+00
   33.09724  -65.66398    19.4355   4.928837    36.5944     60.544     60.984    19.4354   4.928980    36.5956     0.3123 1.0000e-12     0.0494    98.7716      98.66    219.246     5.0375 2.5052e+03          1         40 0.0000e+00
   33.09724  -65.66398    19.4312   4.928445    36.5946     61.557     62.003    19.4311   4.928597    36.5958     0.3126 1.0000e-12     0.0455    98.8698      98.66    218.845     5.0283 2.5049e+03          1         36 0.0000e+00
   33.09724  -65.66396    19.4249   4.927773    36.5941     62.626     63.081    19.4251   4.927922    36.5952     0.3205 1.0000e-12     0.0465    98.8437      98.65    219.494     5.0432 2.5073e+03          1         56 0.0000e+00
   33.09724  -65.66396    19.4239   4.927690    36.5939     63.497     63.958    19.4239   4.927817    36.5949     0.3438 1.0000e-12     0.0490    98.7813      98.66    218.990     5.0317 2.5061e+03          1         56 0.0000e+00
   33.09726  -65.66394    19.4199   4.927229    36.5931     64.517     64.986    19.4205   4.927464    36.5946     0.3394 1.0000e-12     0.0508    98.7370      98.66    218.750     5.0261 2.5095e+03          1         38 0.0000e+00
   33.09726  -65.66394    19.4161   4.926882    36.5933     65.515     65.991    19.4161   4.927024    36.5944     0.3685 1.0000e-12     0.0513    98.7271      98.66    218.898     5.0295 2.5097e+03          1         39 0.0000e+00
   33.09726  -65.66393    19.4134   4.926640    36.5932     66.538     67.022    19.4133   4.926763    36.5943     0.3819 1.0000e-12     0.0513    98.7267      98.66    219.241     5.0374 2.5072e+03          1         56 0.0000e+00
   33.09728  -65.66392    19.4108   4.926380    36.5929     67.486     67.977    19.4109   4.926518    36.5940     0.3773 1.0000e-12     0.0533    98.6763      98.66    219.020     5.0323 2.5094e+03          1         42 0.0000e+00
   33.09728  -65.66392    19.4087   4.926200    36.5928     68.523     69.022    19.4087   4.926317    36.5939     0.3879 1.0000e-12     0.0545    98.6460      98.66    218.865     5.0288 2.5080e+03          1         45 0.0000e+00
   33.09729  -65.66390    19.4075   4.926087    36.5925     69.462     69.968    19.4076   4.926233    36.5937     0.4151 1.0000e-12     0.0586    98.5465      98.66    218.389     5.0178 2.5060e+03          1         60 0.0000e+00
   33.09730  -65.66390    19.4072   4.926162    36.5930     70.453     70.966    19.4072   4.926261    36.5939     0.4190 1.0000e-12     0.0567    98.5913      98.66    218.639     5.0236 2.5050e+03          1         36 0.0000e+00
