Data/ruptures/KN207-01/QL-2/20701071.cnv
* Sea-Bird SBE 9 Data File:
* FileName = C:\Data\ctd\20701071.hex
* Software Version Seasave V 7.21e
* Temperature SN = 4406
* Conductivity SN = 1474
* Number of Bytes Per Scan = 40
* Number of Voltage Words = 5
* Number of Scans Averaged by the Deck Unit = 1
* NMEA Latitude = 32 58.93 N
* NMEA Longitude = 065 44.83 W
* NMEA UTC (Time) = May 01 2012 22:06:50
** R/V Knorr Cruise # KN207-01 QL 2
** Chief Scientist: Ben Van Mooy
# nquan = 21
# nvalues = 398                         
# units = specified
# name 0 = latitude: Latitude [deg]
# name 1 = longitude: Longitude [deg]
# name 2 = t090C: Temperature [ITS-90, deg C]
# name 3 = c0S/m: Conductivity [S/m]
# name 4 = sal00: Salinity, Practical [PSU]
# name 5 = depSM: Depth [salt water, m]
# name 6 = prDM: Pressure, Digiquartz [db]
# name 7 = t190C: Temperature, 2 [ITS-90, deg C]
# name 8 = c1S/m: Conductivity, 2 [S/m]
# name 9 = sal11: Salinity, Practical, 2 [PSU]
# name 10 = flECO-AFL: Fluorescence, WET Labs ECO-AFL/FL [mg/m^3]
# name 11 = par: PAR/Irradiance, Biospherical/Licor
# name 12 = bat: Beam Attenuation, Chelsea/Seatech [1/m]
# name 13 = xmiss: Beam Transmission, Chelsea/Seatech [%]
# name 14 = altM: Altimeter [m]
# name 15 = sbeox0Mm/Kg: Oxygen, SBE 43 [umol/kg]
# name 16 = sbeox0ML/L: Oxygen, SBE 43 [ml/l]
# name 17 = spar: SPAR/Surface Irradiance
# name 18 = pumps: Pump Status
# name 19 = nbin: number of scans per bin
# name 20 = flag: flag
# span 0 =   32.98219,   32.98442       
# span 1 =  -65.74723,  -65.74606       
# span 2 =    18.6352,    20.4807       
# span 3 =   4.846269,   5.039081       
# span 4 =    36.5538,    36.6152       
# span 5 =      2.270,    199.183       
# span 6 =      2.286,    200.694       
# span 7 =    18.6446,    20.4787       
# span 8 =   4.847212,   5.039119       
# span 9 =    36.5524,    36.6175       
# span 10 =     0.0288,     0.9117      
# span 11 = 1.0000e-12, 1.0000e-12      
# span 12 =    -0.0061,     0.0863      
# span 13 =    97.8645,   100.1527      
# span 14 =       5.32,      98.79      
# span 15 =    193.779,    224.538      
# span 16 =     4.4531,     5.1589      
# span 17 = 5.1409e+02, 1.0474e+03      
# span 18 =          1,          1      
# span 19 =         17,       1145      
# span 20 = 0.0000e+00, 0.0000e+00      
# interval = decibars: 1                
# start_time = May 01 2012 22:06:50 [NMEA time, header]
# bad_flag = -9.990e-29
*END*
[from data line 345]
   32.98386  -65.74640    19.4524   4.929947    36.5908     53.613     54.001    19.4519   4.929956    36.5913     0.3087 1.0000e-12     0.0719    98.2182      98.72    221.592     5.0914 1.0143e+03          1         26 0.0000e+00
   32.98386  -65.74640    19.4565   4.930362    36.5910     52.603     52.983    19.4545   4.930181    36.5912     0.2813 1.0000e-12     0.0698    98.2714      98.72    221.838     5.0970 1.0168e+03          1         23 0.0000e+00
   32.98386  -65.74640    19.4600   4.930682    36.5908     51.626     51.999    19.4582   4.930514    36.5910     0.3101 1.0000e-12     0.0701    98.2633      98.72    222.153     5.1042 1.0140e+03          1         20 0.0000e+00
   32.98386  -65.74640    19.4670   4.931377    36.5908     50.657     51.023    19.4658   4.931197    36.5903     0.2874 1.0000e-12     0.0710    98.2415      48.50    222.160     5.1044 1.0204e+03          1         20 0.0000e+00
   32.98386  -65.74640    19.4835   4.933083    36.5906     49.635     49.994    19.4795   4.932583    36.5900     0.2609 1.0000e-12     0.0738    98.1707      98.79    221.939     5.0993 1.0273e+03          1         23 0.0000e+00
   32.98386  -65.74640    19.4938   4.934167    36.5909     48.588     48.939    19.4920   4.933907    36.5903     0.2817 1.0000e-12     0.0746    98.1511      65.74    222.069     5.1023 1.0150e+03          1         34 0.0000e+00
   32.98386  -65.74640    19.5312   4.938104    36.5905     47.681     48.025    19.5228   4.936999    36.5889     0.2855 1.0000e-12     0.0753    98.1346      98.72    223.682     5.1393 1.0137e+03          1         37 0.0000e+00
   32.98388  -65.74640    19.5555   4.940815    36.5920     46.678     47.015    19.5395   4.938728    36.5889     0.2406 1.0000e-12     0.0752    98.1368      98.72    223.568     5.1366 1.0081e+03          1         22 0.0000e+00
   32.98388  -65.74640    19.6071   4.946460    36.5930     45.671     46.000    19.5900   4.944153    36.5892     0.2172 1.0000e-12     0.0767    98.0993      98.72    223.411     5.1330 1.0099e+03          1         18 0.0000e+00
   32.98388  -65.74640    19.6291   4.948681    36.5924     44.674     44.996    19.6324   4.948730    36.5898     0.2352 1.0000e-12     0.0773    98.0855      98.72    223.487     5.1347 1.0092e+03          1         19 0.0000e+00
   32.98388  -65.74640    19.6563   4.951645    36.5933     43.681     43.996    19.6490   4.950762    36.5925     0.2071 1.0000e-12     0.0792    98.0381      98.72    223.570     5.1366 1.0083e+03          1         25 0.0000e+00
   32.98388  -65.74640    19.6716   4.953177    36.5933     42.683     42.991    19.6753   4.953498    36.5925     0.2302 1.0000e-12     0.0796    98.0294      98.72    223.745     5.1406 1.0032e+03          1         34 0.0000e+00
   32.98388  -65.74638    19.6931   4.955508    36.5943     41.702     42.003    19.6850   4.954622    36.5941     0.2330 1.0000e-12     0.0826    97.9565      98.72    223.931     5.1448 1.0139e+03          1         27 0.0000e+00
   32.98388  -65.74638    19.7667   4.963432    36.5947     40.712     41.006    19.7133   4.957202    36.5909     0.2316 1.0000e-12     0.0846    97.9070      98.72    223.051     5.1245 1.0220e+03          1         23 0.0000e+00
   32.98388  -65.74638    19.8501   4.972430    36.5954     39.708     39.994    19.8216   4.968391    36.5872     0.2389 1.0000e-12     0.0863    97.8645      98.72    222.473     5.1111 1.0076e+03          1         23 0.0000e+00
   32.98388  -65.74638    19.9058   4.978314    36.5954     38.651     38.929    19.8952   4.976406    36.5888     0.2267 1.0000e-12     0.0818    97.9762      98.72    223.438     5.1332 9.9145e+02          1         30 0.0000e+00
   32.98390  -65.74638    19.9126   4.978985    36.5973     37.735     38.007    19.8920   4.976980    36.5989     0.1994 1.0000e-12     0.0808    98.0007      98.72    222.404     5.1094 9.9834e+02          1        106 0.0000e+00
   32.98390  -65.74638    20.0715   4.995665    36.5969     36.703     36.967    20.0582   4.994096    36.5954     0.1789 1.0000e-12     0.0815    97.9835      98.72    221.607     5.0909 9.8425e+02          1        187 0.0000e+00
   32.98396  -65.74635    20.0813   4.996572    36.6000     35.835     36.093    20.0644   4.994842    36.6005     0.1795 1.0000e-12     0.0784    98.0580      96.74    221.252     5.0828 9.6553e+02          1       1145 0.0000e+00
   32.98402  -65.74632    20.0731   4.995726    36.6013     34.859     35.109    20.0535   4.993691    36.6015     0.1607 1.0000e-12     0.0776    98.0778      98.74    221.122     5.0798 9.6587e+02          1         65 0.0000e+00
   32.98402  -65.74632    20.0883   4.997223    36.6003     33.758     34.000    20.0751   4.995460    36.5971     0.1647 1.0000e-12     0.0779    98.0709      93.82    220.852     5.0736 9.9651e+02          1         34 0.0000e+00
   32.98403  -65.74631    20.1691   5.006074    36.6016     32.725     32.960    20.1378   5.002597    36.6004     0.1640 1.0000e-12     0.0723    98.2091      92.93    221.313     5.0840 9.8870e+02          1         43 0.0000e+00
   32.98404  -65.74630    20.1787   5.007223    36.6034     31.838     32.067    20.1481   5.003916    36.6029     0.1622 1.0000e-12     0.0700    98.2647      80.75    220.761     5.0714 9.7389e+02          1         84 0.0000e+00
   32.98404  -65.74630    20.1706   5.006257    36.6035     30.786     31.007    20.1449   5.003471    36.6029     0.1409 1.0000e-12     0.0709    98.2440      64.97    219.727     5.0476 9.5161e+02          1         33 0.0000e+00
   32.98404  -65.74630    20.1928   5.008659    36.6040     29.751     29.964    20.1786   5.006948    36.6020     0.1537 1.0000e-12     0.0690    98.2897      98.74    220.201     5.0585 9.6760e+02          1         40 0.0000e+00
   32.98404  -65.74630    20.2220   5.011949    36.6057     28.762     28.969    20.2134   5.010915    36.6044     0.1500 1.0000e-12     0.0670    98.3392      98.73    220.591     5.0674 9.8175e+02          1         58 0.0000e+00
   32.98406  -65.74630    20.2346   5.013256    36.6061     27.827     28.027    20.2239   5.012242    36.6068     0.1551 1.0000e-12     0.0660    98.3629      98.74    220.106     5.0563 9.5603e+02          1         61 0.0000e+00
   32.98406  -65.74630    20.2349   5.013335    36.6072     26.811     27.003    20.2266   5.012413    36.6066     0.1458 1.0000e-12     0.0648    98.3920      98.75    219.575     5.0441 9.5067e+02          1         33 0.0000e+00
   32.98406  -65.74630    20.2545   5.015467    36.6077     25.814     25.999    20.2455   5.014406    36.6067     0.1083 1.0000e-12     0.0651    98.3857      98.74    219.361     5.0391 9.7215e+02          1         33 0.0000e+00
   32.98406  -65.74630    20.2575   5.015828    36.6087     24.782     24.960    20.2559   5.015711    36.6090     0.1240 1.0000e-12     0.0644    98.4027      98.74    219.486     5.0420 9.6953e+02          1         81 0.0000e+00
   32.98406  -65.74630    20.2551   5.015501    36.6089     23.857     24.028    20.2538   5.015434    36.6092     0.1248 1.0000e-12     0.0634    98.4258      98.74    219.438     5.0409 9.4521e+02          1         38 0.0000e+00
   32.98408  -65.74630    20.2580   5.015753    36.6088     22.809     22.972    20.2546   5.015452    36.6093     0.0956 1.0000e-12     0.0652    98.3819      98.74    219.506     5.0424 9.4992e+02          1         33 0.0000e+00
   32.98408  -65.74630    20.2738   5.017453    36.6093     21.747     21.902    20.2926   5.019304    36.6076     0.1180 1.0000e-12     0.0626    98.4453      98.74    219.496     5.0422 9.6178e+02          1         72 0.0000e+00
   32.98408  -65.74628    20.2700   5.017013    36.6097     20.902     21.051    20.2795   5.018254    36.6116     0.1139 1.0000e-12     0.0622    98.4564      92.66    219.425     5.0406 9.4860e+02          1        140 0.0000e+00
   32.98409  -65.74628    20.2575   5.015567    36.6093     20.059     20.202    20.2707   5.017194    36.6111     0.1116 1.0000e-12     0.0632    98.4312      98.74    219.642     5.0456 9.4547e+02          1        144 0.0000e+00
   32.98415  -65.74624    20.2892   5.019027    36.6104     19.152     19.288    20.2929   5.019516    36.6112     0.1173 1.0000e-12     0.0634    98.4286      96.33    219.604     5.0447 9.2493e+02          1        939 0.0000e+00
   32.98420  -65.74620    20.2883   5.018895    36.6106     18.146     18.276    20.2908   5.019235    36.6113     0.1068 1.0000e-12     0.0621    98.4602      85.96    219.677     5.0463 9.0401e+02          1        126 0.0000e+00
   32.98420  -65.74620    20.2924   5.019252    36.6104     16.767     16.887    20.2941   5.019559    36.6114     0.1107 1.0000e-12     0.0623    98.4547      82.64    219.445     5.0410 9.3278e+02          1         67 0.0000e+00
   32.98421  -65.74619    20.2980   5.019846    36.6106     16.016     16.130    20.3010   5.020149    36.6105     0.1178 1.0000e-12     0.0619    98.4632      96.23    219.572     5.0439 9.1205e+02          1        109 0.0000e+00
   32.98422  -65.74618    20.3082   5.020912    36.6108     14.980     15.087    20.3213   5.022451    36.6118     0.1178 1.0000e-12     0.0602    98.5075      98.75    219.333     5.0384 9.2128e+02          1         98 0.0000e+00
   32.98423  -65.74618    20.3173   5.021895    36.6114     13.845     13.944    20.3292   5.023232    36.6119     0.1105 1.0000e-12     0.0613    98.4804      98.75    219.664     5.0460 9.3116e+02          1        107 0.0000e+00
   32.98424  -65.74618    20.3103   5.021071    36.6113     12.761     12.852    20.3125   5.021416    36.6123     0.1040 1.0000e-12     0.0614    98.4766      98.75    219.540     5.0432 9.2669e+02          1        119 0.0000e+00
   32.98424  -65.74618    20.3220   5.022347    36.6116     12.017     12.103    20.3170   5.021722    36.6111     0.1083 1.0000e-12     0.0605    98.4998      98.76    219.661     5.0460 9.2947e+02          1         66 0.0000e+00
   32.98425  -65.74617    20.4018   5.030922    36.6116     10.825     10.902    20.3976   5.030405    36.6111     0.0996 1.0000e-12     0.0561    98.6060      98.76    219.264     5.0367 9.6463e+02          1         61 0.0000e+00
   32.98426  -65.74616    20.4027   5.031001    36.6125      9.937     10.008    20.4043   5.031146    36.6125     0.1059 1.0000e-12     0.0580    98.5619      98.75    218.928     5.0290 9.3518e+02          1         46 0.0000e+00
   32.98427  -65.74615    20.4186   5.032770    36.6138      8.923      8.987    20.4161   5.032537    36.6142     0.1111 1.0000e-12     0.0575    98.5730      98.76    219.619     5.0449 9.4665e+02          1        125 0.0000e+00
   32.98428  -65.74614    20.4241   5.033265    36.6138      7.826      7.882    20.4228   5.033116    36.6137     0.0940 1.0000e-12     0.0591    98.5333      98.76    219.201     5.0353 9.5426e+02          1         87 0.0000e+00
   32.98428  -65.74614    20.4247   5.033290    36.6141      6.923      6.972    20.4218   5.033048    36.6147     0.1005 1.0000e-12     0.0577    98.5677      97.50    219.378     5.0393 9.4504e+02          1        113 0.0000e+00
   32.98430  -65.74614    20.4209   5.032817    36.6140      6.048      6.091    20.4188   5.032660    36.6146     0.0983 1.0000e-12     0.0580    98.5615       5.73    219.388     5.0395 9.5650e+02          1        114 0.0000e+00
   32.98434  -65.74611    20.4174   5.032404    36.6141      5.233      5.270    20.4174   5.032450    36.6145     0.1092 1.0000e-12     0.0579    98.5627      69.08    219.396     5.0397 9.6634e+02          1        786 0.0000e+00
   32.98440  -65.74608    20.4153   5.032117    36.6140      4.012      4.041    20.4146   5.032096    36.6145     0.1056 1.0000e-12     0.0581    98.5576      41.49    219.248     5.0363 9.5611e+02          1        143 0.0000e+00
   32.98441  -65.74607    20.4157   5.032102    36.6140      2.991      3.012    20.4146   5.032052    36.6145     0.1081 1.0000e-12     0.0585    98.5480      12.82    219.124     5.0335 9.6238e+02          1        140 0.0000e+00
   32.98442  -65.74606    20.4156   5.032043    36.6138      2.270      2.286    20.4150   5.032059    36.6145     0.1042 1.0000e-12     0.0587    98.5431      52.53    219.170     5.0345 9.6384e+02          1         99 0.0000e+00
