Data/ruptures/KN207-01/QL-2/20701059.cnv
* Sea-Bird SBE 9 Data File:
* FileName = C:\Data\ctd\20701059.hex
* Software Version Seasave V 7.21e
* Temperature SN = 4406
* Conductivity SN = 1474
* Number of Bytes Per Scan = 40
* Number of Voltage Words = 5
* Number of Scans Averaged by the Deck Unit = 1
* NMEA Latitude = 32 54.99 N
* NMEA Longitude = 065 52.88 W
* NMEA UTC (Time) = Apr 30 2012 15:00:07
** R/V Knorr Cruise # KN207-01 QL 2
** Chief Scientist: Ben Van Mooy
# nquan = 21
# nvalues = 400                         
# units = specified
# name 0 = latitude: Latitude [deg]
# name 1 = longitude: Longitude [deg]
# name 2 = t090C: Temperature [ITS-90, deg C]
# name 3 = c0S/m: Conductivity [S/m]
# name 4 = sal00: Salinity, Practical [PSU]
# name 5 = depSM: Depth [salt water, m]
# name 6 = prDM: Pressure, Digiquartz [db]
# name 7 = t190C: Temperature, 2 [ITS-90, deg C]
# name 8 = c1S/m: Conductivity, 2 [S/m]
# name 9 = sal11: Salinity, Practical, 2 [PSU]
# name 10 = flECO-AFL: Fluorescence, WET Labs ECO-AFL/FL [mg/m^3]
# name 11 = par: PAR/Irradiance, Biospherical/Licor
# name 12 = bat: Beam Attenuation, Chelsea/Seatech [1/m]
# name 13 = xmiss: Beam Transmission, Chelsea/Seatech [%]
# name 14 = altM: Altimeter [m]
# name 15 = sbeox0Mm/Kg: Oxygen, SBE 43 [umol/kg]
# name 16 = sbeox0ML/L: Oxygen, SBE 43 [ml/l]
# name 17 = spar: SPAR/Surface Irradiance
# name 18 = pumps: Pump Status
# name 19 = nbin: number of scans per bin
# name 20 = flag: flag
# span 0 =   32.91620,   32.91660       
# span 1 =  -65.88148,  -65.88024       
# span 2 =    18.6004,    20.3952       
# span 3 =   4.534174,   5.029139       
# span 4 =    32.5990,    37.0042       
# span 5 =      2.434,    200.065       
# span 6 =      2.451,    201.582       
# span 7 =    18.5871,    20.3950       
# span 8 =   4.840211,   5.029124       
# span 9 =    35.3693,    37.0043       
# span 10 =     0.0220,     0.8060      
# span 11 = 1.0000e-12, 8.9830e-02      
# span 12 =    -0.0064,     0.0716      
# span 13 =    98.2274,   100.1602      
# span 14 =       1.02,      98.82      
# span 15 =    136.981,    390.057      
# span 16 =     3.1480,     8.9593      
# span 17 = 8.7236e+02, 1.0285e+03      
# span 18 =          0,          1      
# span 19 =         15,       3203      
# span 20 = 0.0000e+00, 0.0000e+00      
# interval = decibars: 1                
# start_time = Apr 30 2012 15:00:07 [NMEA time, header]
# bad_flag = -9.990e-29
*END*
[from data line 69]
   32.91654  -65.88136    19.4125   4.926965    36.5948     71.525     72.044    19.4124   4.927146    36.5964     0.3324 4.2453e-02     0.0477    98.8134      98.63    214.743     4.9341 9.9495e+02          1         28 0.0000e+00
   32.91654  -65.88136    19.4115   4.926874    36.5944     72.497     73.024    19.4115   4.927065    36.5960     0.3533 4.8029e-02     0.0455    98.8697      98.63    215.549     4.9526 9.9422e+02          1         89 0.0000e+00
   32.91654  -65.88136    19.4092   4.926699    36.5947     73.422     73.956    19.4092   4.926877    36.5962     0.3556 4.5396e-02     0.0452    98.8752      98.63    215.376     4.9486 9.9451e+02          1         37 0.0000e+00
   32.91654  -65.88136    19.4090   4.926715    36.5946     74.450     74.992    19.4089   4.926882    36.5960     0.3541 4.7060e-02     0.0444    98.8958      98.63    215.018     4.9404 9.9602e+02          1         29 0.0000e+00
   32.91654  -65.88136    19.4083   4.926703    36.5946     75.491     76.040    19.4084   4.926885    36.5961     0.3424 4.8512e-02     0.0474    98.8225      98.62    215.271     4.9462 9.9874e+02          1         34 0.0000e+00
   32.91654  -65.88136    19.4081   4.926681    36.5943     76.334     76.889    19.4084   4.926898    36.5958     0.3935 4.9877e-02     0.0382    99.0482      98.63    215.591     4.9536 9.9712e+02          1         90 0.0000e+00
   32.91654  -65.88136    19.4049   4.926437    36.5946     77.426     77.990    19.4049   4.926617    36.5962     0.3511 4.8139e-02     0.0391    99.0270      98.62    215.572     4.9531 9.9887e+02          1         29 0.0000e+00
   32.91654  -65.88136    19.4033   4.926297    36.5945     78.476     79.048    19.4032   4.926469    36.5960     0.3783 4.9395e-02     0.0356    99.1131      98.63    215.497     4.9514 9.9963e+02          1         38 0.0000e+00
   32.91654  -65.88136    19.4020   4.926200    36.5945     79.400     79.978    19.4020   4.926370    36.5959     0.4065 5.5793e-02     0.0353    99.1214      98.63    215.195     4.9445 1.0002e+03          1         47 0.0000e+00
   32.91654  -65.88136    19.3996   4.925982    36.5944     80.483     81.070    19.3996   4.926167    36.5959     0.4428 5.3660e-02     0.0362    99.0998      98.63    215.048     4.9411 9.9997e+02          1         71 0.0000e+00
   32.91654  -65.88136    19.3977   4.925829    36.5944     81.300     81.893    19.3977   4.926017    36.5960     0.4991 5.3722e-02     0.0359    99.1066      98.63    215.232     4.9453 1.0013e+03          1         42 0.0000e+00
   32.91654  -65.88136    19.3964   4.925738    36.5944     82.399     83.000    19.3964   4.925917    36.5959     0.5257 5.6561e-02     0.0394    99.0199      98.63    214.717     4.9335 1.0018e+03          1         28 0.0000e+00
   32.91653  -65.88136    19.3959   4.925732    36.5944     83.472     84.081    19.3958   4.925896    36.5958     0.5692 5.6382e-02     0.0407    98.9884      98.63    214.796     4.9353 1.0032e+03          1         42 0.0000e+00
   32.91652  -65.88136    19.3950   4.925657    36.5942     84.332     84.948    19.3949   4.925829    36.5957     0.6340 5.2808e-02     0.0429    98.9325      98.63    214.617     4.9312 1.0036e+03          1         71 0.0000e+00
   32.91652  -65.88135    19.3915   4.925295    36.5939     85.347     85.970    19.3917   4.925514    36.5956     0.6941 5.5861e-02     0.0419    98.9564      98.63    214.923     4.9382 1.0043e+03          1         46 0.0000e+00
   32.91652  -65.88134    19.3873   4.924806    36.5932     86.333     86.964    19.3873   4.925009    36.5949     0.7364 5.5880e-02     0.0451    98.8789      98.63    214.300     4.9239 1.0056e+03          1         42 0.0000e+00
   32.91652  -65.88134    19.3872   4.924887    36.5935     87.351     87.990    19.3871   4.925054    36.5950     0.7585 5.6037e-02     0.0439    98.9090      98.63    213.948     4.9158 1.0052e+03          1         32 0.0000e+00
   32.91652  -65.88134    19.3868   4.924889    36.5935     88.393     89.039    19.3866   4.925034    36.5948     0.6224 5.5821e-02     0.0411    98.9775      98.63    214.054     4.9183 1.0053e+03          1         39 0.0000e+00
   32.91654  -65.88136    19.3873   4.925016    36.5937     89.203     89.856    19.3873   4.925172    36.5950     0.8060 5.5882e-02     0.0410    98.9800      98.63    213.279     4.9005 1.0076e+03          1         87 0.0000e+00
   32.91654  -65.88136    19.3858   4.924909    36.5938     90.320     90.981    19.3857   4.925090    36.5953     0.7434 5.5876e-02     0.0394    99.0198      98.64    213.708     4.9103 1.0052e+03          1         35 0.0000e+00
   32.91652  -65.88134    19.3840   4.924751    36.5937     91.342     92.010    19.3839   4.924910    36.5950     0.7247 5.5609e-02     0.0375    99.0674      98.63    213.934     4.9155 1.0079e+03          1         34 0.0000e+00
   32.91652  -65.88134    19.3829   4.924655    36.5934     92.374     93.050    19.3829   4.924827    36.5948     0.6717 5.4186e-02     0.0398    99.0103      98.63    213.163     4.8978 1.0105e+03          1         65 0.0000e+00
   32.91652  -65.88134    19.3819   4.924579    36.5933     93.276     93.959    19.3818   4.924754    36.5948     0.6325 4.5570e-02     0.0521    98.7060      98.64    213.336     4.9018 1.0096e+03          1         34 0.0000e+00
   32.91652  -65.88134    19.3810   4.924519    36.5932     94.349     95.040    19.3810   4.924696    36.5947     0.5467 5.4382e-02     0.0311    99.2272      98.64    212.967     4.8933 1.0100e+03          1         41 0.0000e+00
   32.91652  -65.88134    19.3796   4.924380    36.5929     95.237     95.935    19.3796   4.924547    36.5943     0.6319 5.3484e-02     0.0290    99.2779      98.63    213.111     4.8966 1.0104e+03          1         70 0.0000e+00
   32.91652  -65.88134    19.3805   4.924630    36.5937     96.288     96.994    19.3804   4.924765    36.5950     0.5310 4.9743e-02     0.0293    99.2711      98.64    212.834     4.8902 1.0122e+03          1         36 0.0000e+00
   32.91652  -65.88134    19.3813   4.924797    36.5941     97.352     98.066    19.3811   4.924948    36.5954     0.4961 4.8699e-02     0.0284    99.2917      98.64    212.929     4.8924 1.0119e+03          1         38 0.0000e+00
   32.91652  -65.88134    19.3807   4.924768    36.5939     98.343     99.064    19.3807   4.924940    36.5954     0.5324 5.1968e-02     0.0256    99.3618      98.64    212.577     4.8843 1.0113e+03          1         75 0.0000e+00
   32.91652  -65.88134    19.3805   4.924813    36.5942     99.186     99.914    19.3804   4.924970    36.5956     0.4806 4.5587e-02     0.0251    99.3758      98.64    212.778     4.8890 1.0129e+03          1         41 0.0000e+00
   32.91652  -65.88134    19.3806   4.924900    36.5943    100.262    100.998    19.3806   4.925059    36.5958     0.4536 5.0750e-02     0.0241    99.3991      98.64    212.947     4.8929 1.0148e+03          1         28 0.0000e+00
   32.91652  -65.88134    19.3807   4.924934    36.5942    101.297    102.040    19.3806   4.925105    36.5957     0.3963 4.7295e-02     0.0242    99.3957      98.64    212.951     4.8930 1.0155e+03          1         26 0.0000e+00
   32.91652  -65.88134    19.3812   4.925023    36.5942    102.210    102.960    19.3812   4.925189    36.5955     0.5128 5.2873e-02     0.0225    99.4392      71.65    212.791     4.8893 1.0137e+03          1         98 0.0000e+00
   32.91652  -65.88132    19.3791   4.924798    36.5938    103.243    104.002    19.3789   4.924967    36.5954     0.4481 5.5585e-02     0.0236    99.4117      98.64    211.882     4.8684 1.0172e+03          1         29 0.0000e+00
   32.91652  -65.88132    19.3779   4.924693    36.5936    104.279    105.046    19.3780   4.924882    36.5951     0.4343 5.5665e-02     0.0217    99.4583      98.64    212.473     4.8820 1.0163e+03          1         34 0.0000e+00
   32.91652  -65.88132    19.3775   4.924679    36.5934    105.260    106.034    19.3777   4.924876    36.5948     0.4922 5.4897e-02     0.0211    99.4736      98.64    213.389     4.9030 1.0139e+03          1         60 0.0000e+00
   32.91652  -65.88132    19.3774   4.924725    36.5935    106.222    107.003    19.3774   4.924885    36.5948     0.4658 5.4960e-02     0.0211    99.4728      98.64    212.348     4.8791 1.0189e+03          1         52 0.0000e+00
   32.91652  -65.88132    19.3783   4.924900    36.5938    107.229    108.018    19.3782   4.925051    36.5951     0.4459 5.3023e-02     0.0205    99.4900      98.64    212.970     4.8934 1.0164e+03          1         37 0.0000e+00
   32.91652  -65.88132    19.3767   4.924756    36.5936    108.161    108.957    19.3766   4.924915    36.5950     0.3888 4.7290e-02     0.0212    99.4718      98.65    212.647     4.8860 1.0148e+03          1         39 0.0000e+00
   32.91652  -65.88132    19.3759   4.924705    36.5935    109.201    110.005    19.3759   4.924852    36.5948     0.3793 5.4771e-02     0.0188    99.5316      98.64    213.105     4.8965 1.0170e+03          1         33 0.0000e+00
   32.91652  -65.88132    19.3760   4.924756    36.5934    110.249    111.061    19.3759   4.924904    36.5948     0.3287 5.1654e-02     0.0166    99.5858      98.64    212.873     4.8912 1.0193e+03          1         43 0.0000e+00
   32.91652  -65.88131    19.3764   4.924853    36.5935    111.149    111.967    19.3764   4.925003    36.5948     0.3671 5.1725e-02     0.0158    99.6064      98.64    212.452     4.8815 1.0185e+03          1         46 0.0000e+00
   32.91652  -65.88130    19.3766   4.924940    36.5937    112.179    113.005    19.3765   4.925084    36.5950     0.3383 5.3880e-02     0.0161    99.5996      98.64    212.453     4.8815 1.0185e+03          1         36 0.0000e+00
   32.91652  -65.88130    19.3765   4.924967    36.5936    113.177    114.011    19.3765   4.925103    36.5948     0.3391 5.3499e-02     0.0147    99.6339      98.64    212.466     4.8818 1.0198e+03          1         36 0.0000e+00
   32.91652  -65.88130    19.3766   4.925020    36.5936    114.161    115.003    19.3764   4.925151    36.5949     0.3316 5.3049e-02     0.0140    99.6527      98.64    212.479     4.8821 1.0195e+03          1         37 0.0000e+00
   32.91652  -65.88130    19.3764   4.925035    36.5936    115.140    115.990    19.3763   4.925188    36.5949     0.4282 5.2810e-02     0.0129    99.6782      98.65    212.032     4.8718 1.0181e+03          1         28 0.0000e+00
   32.91652  -65.88130    19.3764   4.925070    36.5935    116.132    116.989    19.3762   4.925230    36.5949     0.3473 5.2019e-02     0.0115    99.7141      98.64    212.421     4.8808 1.0195e+03          1         25 0.0000e+00
   32.91652  -65.88130    19.3764   4.925135    36.5936    117.141    118.006    19.3763   4.925292    36.5950     0.2711 5.1778e-02     0.0113    99.7193      98.64    212.927     4.8924 1.0213e+03          1         29 0.0000e+00
   32.91652  -65.88130    19.3764   4.925194    36.5938    118.167    119.040    19.3763   4.925340    36.5951     0.3063 5.2752e-02     0.0103    99.7437      98.64    212.420     4.8807 1.0217e+03          1         37 0.0000e+00
   32.91652  -65.88130    19.3762   4.925217    36.5937    119.126    120.006    19.3761   4.925360    36.5950     0.2789 4.6327e-02     0.0106    99.7363      98.64    212.609     4.8851 1.0210e+03          1         31 0.0000e+00
   32.91652  -65.88130    19.3763   4.925258    36.5936    120.057    120.944    19.3762   4.925403    36.5949     0.2815 5.6650e-02     0.0119    99.7028      98.64    212.743     4.8882 1.0197e+03          1         20 0.0000e+00
   32.91652  -65.88130    19.3759   4.925272    36.5937    121.068    121.963    19.3758   4.925410    36.5950     0.2944 5.7280e-02     0.0110    99.7260      98.65    212.658     4.8862 1.0190e+03          1         20 0.0000e+00
   32.91652  -65.88130    19.3760   4.925313    36.5936    122.107    123.010    19.3759   4.925456    36.5949     0.2336 5.8089e-02     0.0097    99.7581      61.86    212.262     4.8771 1.0190e+03          1         20 0.0000e+00
   32.91652  -65.88130    19.3755   4.925263    36.5933    123.141    124.052    19.3754   4.925423    36.5947     0.2200 5.4385e-02     0.0094    99.7654      16.62    211.801     4.8665 1.0211e+03          1         29 0.0000e+00
   32.91652  -65.88130    19.3747   4.925203    36.5931    124.061    124.979    19.3746   4.925340    36.5943     0.2691 6.1224e-02     0.0108    99.7300      98.65    212.341     4.8790 1.0231e+03          1         44 0.0000e+00
   32.91652  -65.88130    19.3726   4.924949    36.5925    124.992    125.917    19.3726   4.925130    36.5940     0.2312 6.1256e-02     0.0128    99.6820      98.64    212.668     4.8864 1.0219e+03          1         24 0.0000e+00
   32.91652  -65.88130    19.3721   4.924937    36.5925    126.039    126.972    19.3720   4.925081    36.5938     0.1984 5.1190e-02     0.0128    99.6797      43.30    212.552     4.8838 1.0211e+03          1         20 0.0000e+00
   32.91652  -65.88130    19.3718   4.924944    36.5924    127.076    128.017    19.3717   4.925088    36.5937     0.2067 5.5481e-02     0.0089    99.7780       1.04    211.988     4.8708 1.0210e+03          1         19 0.0000e+00
   32.91652  -65.88129    19.3720   4.925044    36.5927    128.067    129.016    19.3719   4.925150    36.5937     0.2391 6.0915e-02     0.0071    99.8227      90.62    212.141     4.8744 1.0215e+03          1         19 0.0000e+00
   32.91652  -65.88128    19.3734   4.925281    36.5930    129.018    129.974    19.3733   4.925420    36.5943     0.2060 6.0893e-02     0.0068    99.8300      98.65    212.585     4.8846 1.0229e+03          1         20 0.0000e+00
   32.91652  -65.88128    19.3737   4.925381    36.5932    129.999    130.963    19.3736   4.925514    36.5944     0.1790 6.0798e-02     0.0065    99.8367      98.64    212.179     4.8752 1.0239e+03          1         21 0.0000e+00
   32.91652  -65.88128    19.3733   4.925363    36.5930    131.036    132.008    19.3732   4.925515    36.5944     0.1711 6.1464e-02     0.0059    99.8512      98.65    212.327     4.8786 1.0240e+03          1         24 0.0000e+00
   32.91652  -65.88128    19.3734   4.925443    36.5932    132.040    133.019    19.3733   4.925556    36.5943     0.1629 6.9582e-02     0.0053    99.8664      98.64    212.139     4.8743 1.0237e+03          1         28 0.0000e+00
   32.91652  -65.88128    19.3740   4.925559    36.5933    132.995    133.982    19.3740   4.925709    36.5945     0.1609 7.5237e-02     0.0049    99.8773      98.65    212.413     4.8806 1.0222e+03          1         41 0.0000e+00
   32.91652  -65.88128    19.3736   4.925547    36.5932    133.950    134.944    19.3736   4.925709    36.5945     0.1414 7.6678e-02     0.0038    99.9049      98.65    212.010     4.8713 1.0216e+03          1         28 0.0000e+00
   32.91652  -65.88128    19.3731   4.925536    36.5931    134.988    135.990    19.3730   4.925678    36.5944     0.1462 7.6734e-02     0.0044    99.8906      98.64    212.391     4.8801 1.0216e+03          1         21 0.0000e+00
   32.91652  -65.88128    19.3733   4.925633    36.5934    136.005    137.015    19.3732   4.925755    36.5945     0.1322 7.5046e-02     0.0048    99.8801      98.64    212.848     4.8906 1.0216e+03          1         16 0.0000e+00
   32.91652  -65.88128    19.3736   4.925725    36.5935    136.958    137.975    19.3736   4.925859    36.5947     0.1198 7.6335e-02     0.0047    99.8839      98.65    212.788     4.8892 1.0235e+03          1         17 0.0000e+00
   32.91652  -65.88128    19.3738   4.925792    36.5935    137.989    139.015    19.3737   4.925944    36.5948     0.1469 7.5423e-02     0.0042    99.8954      98.64    212.372     4.8797 1.0249e+03          1         21 0.0000e+00
