Data/ruptures/KN207-01/QL-2/20701063.cnv
* Sea-Bird SBE 9 Data File:
* FileName = C:\Data\ctd\20701063.hex
* Software Version Seasave V 7.21e
* Temperature SN = 4406
* Conductivity SN = 1474
* Number of Bytes Per Scan = 40
* Number of Voltage Words = 5
* Number of Scans Averaged by the Deck Unit = 1
* NMEA Latitude = 32 54.43 N
* NMEA Longitude = 065 51.49 W
* NMEA UTC (Time) = Apr 30 2012 21:30:47
** R/V Knorr Cruise # KN207-01 QL 2
** Chief Scientist: Ben Van Mooy
# nquan = 21
# nvalues = 399                         
# units = specified
# name 0 = latitude: Latitude [deg]
# name 1 = longitude: Longitude [deg]
# name 2 = t090C: Temperature [ITS-90, deg C]
# name 3 = c0S/m: Conductivity [S/m]
# name 4 = sal00: Salinity, Practical [PSU]
# name 5 = depSM: Depth [salt water, m]
# name 6 = prDM: Pressure, Digiquartz [db]
# name 7 = t190C: Temperature, 2 [ITS-90, deg C]
# name 8 = c1S/m: Conductivity, 2 [S/m]
# name 9 = sal11: Salinity, Practical, 2 [PSU]
# name 10 = flECO-AFL: Fluorescence, WET Labs ECO-AFL/FL [mg/m^3]
# name 11 = par: PAR/Irradiance, Biospherical/Licor
# name 12 = bat: Beam Attenuation, Chelsea/Seatech [1/m]
# name 13 = xmiss: Beam Transmission, Chelsea/Seatech [%]
# name 14 = altM: Altimeter [m]
# name 15 = sbeox0Mm/Kg: Oxygen, SBE 43 [umol/kg]
# name 16 = sbeox0ML/L: Oxygen, SBE 43 [ml/l]
# name 17 = spar: SPAR/Surface Irradiance
# name 18 = pumps: Pump Status
# name 19 = nbin: number of scans per bin
# name 20 = flag: flag
# span 0 =   32.90730,   32.90802       
# span 1 =  -65.85824,  -65.85690       
# span 2 =    18.0433,    20.4305       
# span 3 =   4.780478,   5.028223       
# span 4 =    36.0889,    36.9950       
# span 5 =      2.173,    199.220       
# span 6 =      2.188,    200.730       
# span 7 =    18.0434,    20.4284       
# span 8 =   4.780647,   5.033088       
# span 9 =    36.5204,    36.6101       
# span 10 =     0.0058,     0.8952      
# span 11 = 1.0000e-12, 1.0000e-12      
# span 12 =    -0.0102,     0.0827      
# span 13 =    97.9528,   100.2553      
# span 14 =       1.04,      98.94      
# span 15 =    135.584,    381.984      
# span 16 =     3.1149,     8.7743      
# span 17 = 1.5387e+03, 2.0984e+03      
# span 18 =          1,          1      
# span 19 =         15,       1459      
# span 20 = 0.0000e+00, 0.0000e+00      
# interval = decibars: 1                
# start_time = Apr 30 2012 21:30:47 [NMEA time, header]
# bad_flag = -9.990e-29
*END*
   32.90730  -65.85824    20.4080   4.967038    36.0889      2.298      2.314    20.4145   5.031342    36.6091     0.1488 1.0000e-12     0.0631    98.4356      98.64    266.238     6.1134 2.0984e+03          1         53 0.0000e+00
   32.90730  -65.85823    20.4097   4.979634    36.1901      2.751      2.771    20.4157   5.031472    36.6089     0.1363 1.0000e-12     0.0637    98.4201      89.01    270.669     6.2156 2.0906e+03          1        263 0.0000e+00
   32.90730  -65.85822    20.4171   5.014924    36.4717      3.880      3.908    20.4184   5.031834    36.6090     0.1308 1.0000e-12     0.0640    98.4115      72.43    289.816     6.6567 2.0842e+03          1         63 0.0000e+00
   32.90730  -65.85822    20.4305   5.025090    36.5427      4.934      4.969    20.4284   5.033088    36.6101     0.1302 1.0000e-12     0.0639    98.4158      98.64    306.504     7.0403 2.0830e+03          1         45 0.0000e+00
   32.90730  -65.85822    20.3912   5.027962    36.6008      5.922      5.964    20.3791   5.027774    36.6100     0.1403 1.0000e-12     0.0632    98.4317      98.64    332.376     7.6350 2.0878e+03          1         72 0.0000e+00
   32.90730  -65.85822    20.3457   5.027391    36.6360      6.915      6.964    20.3453   5.023797    36.6068     0.1383 1.0000e-12     0.0646    98.3982      98.64    348.356     8.0023 2.0851e+03          1         33 0.0000e+00
   32.90732  -65.85820    20.3751   5.024919    36.5889      7.955      8.012    20.3711   5.026585    36.6060     0.1370 1.0000e-12     0.0657    98.3708      98.64    364.356     8.3695 2.0805e+03          1         37 0.0000e+00
   32.90732  -65.85820    20.3978   5.026392    36.5804      8.969      9.033    20.3958   5.029583    36.6082     0.1313 1.0000e-12     0.0655    98.3764      34.23    381.984     8.7743 2.0808e+03          1         52 0.0000e+00
   32.90732  -65.85820    20.3716   5.027541    36.6128      9.839      9.909    20.3653   5.026282    36.6080     0.1502 1.0000e-12     0.0652    98.3836       1.04    233.746     5.3694 2.0880e+03          1         64 0.0000e+00
   32.90732  -65.85820    20.3466   5.026863    36.6289     10.900     10.978    20.3503   5.024612    36.6071     0.1323 1.0000e-12     0.0647    98.3959      62.50    201.134     4.6204 2.0782e+03          1         33 0.0000e+00
   32.90732  -65.85820    20.3402   5.025708    36.6246     11.927     12.012    20.3367   5.023194    36.6070     0.1271 1.0000e-12     0.0652    98.3823      98.65    197.086     4.5274 2.0714e+03          1         39 0.0000e+00
   32.90732  -65.85820    20.3269   5.025305    36.6325     12.909     13.001    20.3349   5.023022    36.6067     0.1232 1.0000e-12     0.0661    98.3618      98.66    192.388     4.4195 2.0645e+03          1         51 0.0000e+00
   32.90732  -65.85820    20.3301   5.024822    36.6251     13.902     14.001    20.3279   5.022304    36.6064     0.1364 1.0000e-12     0.0655    98.3748      98.64    180.626     4.1493 2.0724e+03          1         64 0.0000e+00
   32.90732  -65.85820    20.3192   5.023978    36.6273     14.807     14.913    20.3361   5.023185    36.6058     0.1398 1.0000e-12     0.0670    98.3390      98.65    180.639     4.1496 2.0738e+03          1         33 0.0000e+00
   32.90732  -65.85820    20.3128   5.023194    36.6262     15.891     16.004    20.3095   5.020785    36.6094     0.1397 1.0000e-12     0.0660    98.3626      98.65    179.297     4.1188 2.0647e+03          1         41 0.0000e+00
   32.90732  -65.85820    20.2472   5.023313    36.6851     16.861     16.981    20.2084   5.009513    36.6062     0.1620 1.0000e-12     0.0675    98.3270      98.64    184.344     4.2350 2.0606e+03          1         51 0.0000e+00
   32.90734  -65.85820    20.1885   5.023326    36.7366     17.842     17.969    20.1872   5.007201    36.6050     0.1812 1.0000e-12     0.0681    98.3117      98.65    176.977     4.0659 2.0634e+03          1         54 0.0000e+00
   32.90734  -65.85820    20.1791   5.022289    36.7355     18.801     18.935    20.1783   5.006283    36.6044     0.1769 1.0000e-12     0.0700    98.2664      98.65    165.839     3.8101 2.0640e+03          1         39 0.0000e+00
   32.90734  -65.85820    20.1725   5.020018    36.7218     19.898     20.041    20.1678   5.005236    36.6043     0.1628 1.0000e-12     0.0711    98.2395      98.64    162.871     3.7419 2.0523e+03          1         43 0.0000e+00
   32.90734  -65.85820    20.1914   5.021405    36.7155     20.788     20.937    20.1634   5.004800    36.6037     0.1718 1.0000e-12     0.0696    98.2765      98.64    158.030     3.6306 2.0595e+03          1         62 0.0000e+00
   32.90734  -65.85820    20.1625   5.020367    36.7321     21.821     21.977    20.1600   5.004541    36.6039     0.1901 1.0000e-12     0.0677    98.3224      98.65    149.886     3.4436 2.0577e+03          1         39 0.0000e+00
   32.90732  -65.85818    20.1577   5.019482    36.7285     22.872     23.036    20.1559   5.004130    36.6035     0.1838 1.0000e-12     0.0698    98.2705      98.65    150.623     3.4605 2.0473e+03          1         41 0.0000e+00
   32.90732  -65.85818    20.1667   5.020887    36.7314     23.828     23.999    20.1546   5.004036    36.6033     0.1773 1.0000e-12     0.0674    98.3291      98.65    146.110     3.3568 2.0464e+03          1         57 0.0000e+00
   32.90733  -65.85818    20.1580   5.020324    36.7340     24.801     24.979    20.1518   5.003797    36.6033     0.1841 1.0000e-12     0.0702    98.2608      98.65    137.623     3.1618 2.0519e+03          1         52 0.0000e+00
   32.90734  -65.85818    20.1488   5.016199    36.7077     25.787     25.971    20.1482   5.003477    36.6034     0.1736 1.0000e-12     0.0712    98.2365      98.65    135.584     3.1149 2.0475e+03          1         43 0.0000e+00
   32.90734  -65.85818    20.1450   5.012128    36.6770     26.810     27.002    20.1445   5.003131    36.6033     0.1843 1.0000e-12     0.0704    98.2555      98.64    141.550     3.2519 2.0483e+03          1         37 0.0000e+00
   32.90734  -65.85818    20.1425   5.010940    36.6690     27.791     27.990    20.1422   5.002932    36.6032     0.2023 1.0000e-12     0.0701    98.2627      98.65    156.829     3.6029 2.0472e+03          1         66 0.0000e+00
   32.90734  -65.85818    20.1374   5.009332    36.6598     28.724     28.930    20.1353   5.002312    36.6038     0.1996 1.0000e-12     0.0694    98.2795      98.65    167.852     3.8561 2.0465e+03          1         39 0.0000e+00
   32.90734  -65.85818    20.1270   5.007951    36.6572     29.842     30.056    20.1249   5.001287    36.6042     0.1923 1.0000e-12     0.0713    98.2323      98.65    167.477     3.8475 2.0453e+03          1         38 0.0000e+00
   32.90734  -65.85818    20.1190   5.007891    36.6634     30.745     30.966    20.1176   5.000526    36.6038     0.2111 1.0000e-12     0.0738    98.1718      98.65    166.525     3.8257 2.0470e+03          1         74 0.0000e+00
   32.90734  -65.85818    20.1096   5.006890    36.6629     31.756     31.983    20.1052   4.999343    36.6046     0.2241 1.0000e-12     0.0725    98.2041      98.65    164.324     3.7751 2.0421e+03          1         37 0.0000e+00
   32.90734  -65.85818    20.0937   5.005844    36.6680     32.793     33.029    20.0913   4.997923    36.6049     0.2088 1.0000e-12     0.0775    98.0818      98.65    161.138     3.7019 2.0462e+03          1         37 0.0000e+00
   32.90734  -65.85818    20.0864   5.005963    36.6749     33.786     34.029    20.0852   4.997301    36.6046     0.2179 1.0000e-12     0.0750    98.1419      98.64    159.908     3.6737 2.0446e+03          1         49 0.0000e+00
   32.90734  -65.85817    20.0779   5.005613    36.6791     34.659     34.908    20.0710   4.995902    36.6052     0.2420 1.0000e-12     0.0764    98.1084      98.65    162.915     3.7428 2.0473e+03          1         59 0.0000e+00
   32.90734  -65.85816    20.0528   5.004093    36.6884     35.737     35.993    20.0469   4.993386    36.6053     0.2420 1.0000e-12     0.0759    98.1207      98.65    160.642     3.6907 2.0494e+03          1         38 0.0000e+00
   32.90734  -65.85816    20.0303   5.003463    36.7027     36.798     37.062    20.0248   4.991081    36.6053     0.2409 1.0000e-12     0.0791    98.0408      98.65    159.699     3.6691 2.0429e+03          1         54 0.0000e+00
   32.90734  -65.85816    19.9998   5.002626    36.7224     37.739     38.010    19.9785   4.986232    36.6061     0.2546 1.0000e-12     0.0827    97.9528      98.65    158.752     3.6474 2.0355e+03          1         48 0.0000e+00
   32.90734  -65.85816    19.9494   5.001588    36.7583     38.712     38.990    19.9374   4.981804    36.6053     0.2468 1.0000e-12     0.0825    97.9579      98.65    158.403     3.6395 2.0434e+03          1         43 0.0000e+00
   32.90734  -65.85816    19.9131   5.000932    36.7845     39.702     39.987    19.9033   4.978159    36.6047     0.2429 1.0000e-12     0.0799    98.0217      85.25    156.256     3.5903 2.0441e+03          1         49 0.0000e+00
   32.90734  -65.85816    19.8882   4.999995    36.7981     40.654     40.947    19.8787   4.975677    36.6052     0.2602 1.0000e-12     0.0789    98.0461      98.63    153.649     3.5304 2.0341e+03          1         46 0.0000e+00
   32.90734  -65.85816    19.8473   4.998660    36.8229     41.732     42.032    19.8272   4.970343    36.6061     0.2608 1.0000e-12     0.0792    98.0399      98.65    155.336     3.5693 2.0281e+03          1         44 0.0000e+00
   32.90734  -65.85816    19.7866   4.996421    36.8580     42.702     43.009    19.7560   4.962725    36.6057     0.2695 1.0000e-12     0.0787    98.0511      78.56    153.868     3.5357 2.0334e+03          1         49 0.0000e+00
   32.90734  -65.85816    19.7307   4.996615    36.9088     43.723     44.038    19.7092   4.957483    36.6027     0.2826 1.0000e-12     0.0811    97.9927      85.50    150.620     3.4613 2.0325e+03          1         55 0.0000e+00
   32.90734  -65.85815    19.7246   4.996088    36.9086     44.652     44.974    19.6971   4.956296    36.6023     0.2637 1.0000e-12     0.0749    98.1444      98.65    148.724     3.4177 2.0295e+03          1         43 0.0000e+00
   32.90734  -65.85814    19.6834   4.993040    36.9195     45.643     45.972    19.6742   4.953924    36.6022     0.2613 1.0000e-12     0.0783    98.0621      98.65    148.892     3.4216 2.0244e+03          1         44 0.0000e+00
   32.90734  -65.85814    19.6477   4.989639    36.9225     46.647     46.983    19.6248   4.948785    36.6029     0.2722 1.0000e-12     0.0744    98.1560      98.65    150.357     3.4553 2.0245e+03          1         40 0.0000e+00
   32.90734  -65.85814    19.6113   4.990081    36.9580     47.716     48.060    19.5688   4.942682    36.6012     0.2970 1.0000e-12     0.0722    98.2107      98.65    154.618     3.5534 2.0282e+03          1         47 0.0000e+00
   32.90734  -65.85814    19.5551   4.988515    36.9946     48.561     48.911    19.5358   4.939117    36.5997     0.3196 1.0000e-12     0.0724    98.2056      93.39    151.466     3.4811 2.0256e+03          1         73 0.0000e+00
   32.90734  -65.85813    19.5197   4.984865    36.9950     49.642     50.000    19.5089   4.936314    36.5992     0.3027 1.0000e-12     0.0708    98.2470      98.65    147.675     3.3940 2.0252e+03          1         30 0.0000e+00
   32.90734  -65.85812    19.4949   4.981459    36.9882     50.666     51.032    19.4805   4.933382    36.5994     0.3089 1.0000e-12     0.0695    98.2777      64.54    148.453     3.4119 2.0286e+03          1         38 0.0000e+00
   32.90734  -65.85812    19.4747   4.979538    36.9892     51.630     52.003    19.4640   4.931579    36.5980     0.3356 1.0000e-12     0.0656    98.3743      75.36    149.067     3.4260 2.0221e+03          1         60 0.0000e+00
   32.90734  -65.85812    19.4616   4.975734    36.9682     52.621     53.001    19.4593   4.931165    36.5977     0.3363 1.0000e-12     0.0626    98.4457      98.65    152.075     3.4951 2.0152e+03          1         43 0.0000e+00
   32.90734  -65.85812    19.4565   4.959102    36.8328     53.662     54.050    19.4567   4.930952    36.5973     0.3580 1.0000e-12     0.0607    98.4928      98.65    152.919     3.5141 2.0179e+03          1         55 0.0000e+00
   32.90734  -65.85812    19.4556   4.942830    36.6969     54.572     54.966    19.4560   4.930934    36.5971     0.3569 1.0000e-12     0.0608    98.4917      98.65    163.910     3.7663 2.0198e+03          1         39 0.0000e+00
   32.90734  -65.85810    19.4490   4.937441    36.6572     55.624     56.027    19.4487   4.930273    36.5975     0.3493 1.0000e-12     0.0600    98.5121      98.65    188.874     4.3399 2.0162e+03          1         39 0.0000e+00
   32.90734  -65.85810    19.4410   4.933533    36.6310     56.571     56.980    19.4416   4.929520    36.5969     0.3834 1.0000e-12     0.0592    98.5302      98.65    205.852     4.7299 2.0159e+03          1         68 0.0000e+00
   32.90734  -65.85810    19.4387   4.931364    36.6143     57.558     57.975    19.4392   4.929321    36.5968     0.3749 1.0000e-12     0.0566    98.5946      98.65    209.896     4.8227 2.0124e+03          1         43 0.0000e+00
   32.90734  -65.85810    19.4373   4.930304    36.6062     58.588     59.012    19.4377   4.929237    36.5969     0.3711 1.0000e-12     0.0587    98.5431      98.65    207.253     4.7620 2.0111e+03          1         33 0.0000e+00
   32.90734  -65.85810    19.4345   4.929541    36.6019     59.586     60.017    19.4349   4.928986    36.5968     0.3882 1.0000e-12     0.0570    98.5841      98.65    210.532     4.8373 2.0087e+03          1         37 0.0000e+00
   32.90734  -65.85810    19.4315   4.928849    36.5982     60.519     60.957    19.4334   4.928840    36.5964     0.4182 1.0000e-12     0.0554    98.6244      79.88    215.450     4.9503 2.0114e+03          1         91 0.0000e+00
   32.90734  -65.85810    19.4286   4.928563    36.5979     61.492     61.937    19.4289   4.928460    36.5967     0.4059 1.0000e-12     0.0541    98.6574      98.66    215.619     4.9542 2.0123e+03          1         28 0.0000e+00
   32.90734  -65.85809    19.4263   4.928350    36.5977     62.563     63.016    19.4267   4.928261    36.5967     0.3679 1.0000e-12     0.0540    98.6603      93.77    214.106     4.9194 2.0110e+03          1         23 0.0000e+00
   32.90734  -65.85808    19.4233   4.928051    36.5975     63.635     64.097    19.4237   4.928002    36.5967     0.3513 1.0000e-12     0.0529    98.6863      89.66    213.276     4.9003 2.0066e+03          1         38 0.0000e+00
   32.90734  -65.85808    19.4249   4.928175    36.5967     64.324     64.791    19.4265   4.928303    36.5963     0.3992 1.0000e-12     0.0560    98.6098      79.43    213.436     4.9040 2.0038e+03          1         89 0.0000e+00
   32.90734  -65.85808    19.4179   4.927491    36.5967     65.534     66.010    19.4182   4.927522    36.5967     0.3728 1.0000e-12     0.0554    98.6246      98.65    214.070     4.9186 2.0133e+03          1         29 0.0000e+00
   32.90734  -65.85808    19.4145   4.927157    36.5965     66.581     67.064    19.4150   4.927210    36.5966     0.3612 1.0000e-12     0.0512    98.7275      98.66    214.497     4.9284 2.0162e+03          1         44 0.0000e+00
   32.90734  -65.85807    19.4131   4.926977    36.5959     67.433     67.923    19.4135   4.927078    36.5964     0.4493 1.0000e-12     0.0473    98.8230      98.65    214.564     4.9300 2.0066e+03          1         59 0.0000e+00
   32.90734  -65.85806    19.4100   4.926686    36.5957     68.515     69.013    19.4103   4.926796    36.5964     0.3835 1.0000e-12     0.0486    98.7910      98.65    215.442     4.9501 1.9953e+03          1         31 0.0000e+00
