Data/ruptures/KN207-01/QL-2/20701061.cnv
* Sea-Bird SBE 9 Data File:
* FileName = C:\Data\ctd\20701061.hex
* Software Version Seasave V 7.21e
* Temperature SN = 4406
* Conductivity SN = 1474
* Number of Bytes Per Scan = 40
* Number of Voltage Words = 5
* Number of Scans Averaged by the Deck Unit = 1
* NMEA Latitude = 32 54.30 N
* NMEA Longitude = 065 52.63 W
* NMEA UTC (Time) = Apr 30 2012 18:18:43
** R/V Knorr Cruise # KN207-01 QL 2
** Chief Scientist: Ben Van Mooy
# nquan = 21
# nvalues = 398                         
# units = specified
# name 0 = latitude: Latitude [deg]
# name 1 = longitude: Longitude [deg]
# name 2 = t090C: Temperature [ITS-90, deg C]
# name 3 = c0S/m: Conductivity [S/m]
# name 4 = sal00: Salinity, Practical [PSU]
# name 5 = depSM: Depth [salt water, m]
# name 6 = prDM: Pressure, Digiquartz [db]
# name 7 = t190C: Temperature, 2 [ITS-90, deg C]
# name 8 = c1S/m: Conductivity, 2 [S/m]
# name 9 = sal11: Salinity, Practical, 2 [PSU]
# name 10 = flECO-AFL: Fluorescence, WET Labs ECO-AFL/FL [mg/m^3]
# name 11 = par: PAR/Irradiance, Biospherical/Licor
# name 12 = bat: Beam Attenuation, Chelsea/Seatech [1/m]
# name 13 = xmiss: Beam Transmission, Chelsea/Seatech [%]
# name 14 = altM: Altimeter [m]
# name 15 = sbeox0Mm/Kg: Oxygen, SBE 43 [umol/kg]
# name 16 = sbeox0ML/L: Oxygen, SBE 43 [ml/l]
# name 17 = spar: SPAR/Surface Irradiance
# name 18 = pumps: Pump Status
# name 19 = nbin: number of scans per bin
# name 20 = flag: flag
# span 0 =   32.90505,   32.90586       
# span 1 =  -65.87721,  -65.87628       
# span 2 =    18.0187,    20.4398       
# span 3 =   4.657427,   5.034105       
# span 4 =    33.5673,    36.9590       
# span 5 =      3.184,    200.447       
# span 6 =      3.206,    201.967       
# span 7 =    18.0187,    20.4413       
# span 8 =   4.778329,   5.034290       
# span 9 =    35.4643,    36.9542       
# span 10 =     0.0025,     0.7560      
# span 11 = 1.0000e-12, 1.0000e-12      
# span 12 =    -0.0118,     0.0783      
# span 13 =    98.0621,   100.2957      
# span 14 =       1.03,      98.97      
# span 15 =    134.362,    352.195      
# span 16 =     3.0878,     8.0896      
# span 17 = 2.6536e+03, 2.6795e+03      
# span 18 =          1,          1      
# span 19 =         15,        945      
# span 20 = 0.0000e+00, 0.0000e+00      
# interval = decibars: 1                
# start_time = Apr 30 2012 18:18:43 [NMEA time, header]
# bad_flag = -9.990e-29
*END*
[from data line 276]
   32.90562  -65.87656    19.3710   4.924806    36.5934    123.075    123.985    19.3707   4.924837    36.5939     0.1409 1.0000e-12     0.0025    99.9380      98.71    211.266     4.8542 2.6629e+03          1         24 0.0000e+00
   32.90562  -65.87656    19.3713   4.924805    36.5934    122.129    123.032    19.3710   4.924810    36.5937     0.1334 1.0000e-12     0.0035    99.9140      98.71    211.150     4.8516 2.6627e+03          1         22 0.0000e+00
   32.90562  -65.87656    19.3716   4.924792    36.5935    121.123    122.018    19.3715   4.924827    36.5938     0.1414 1.0000e-12     0.0042    99.8964      98.72    210.984     4.8478 2.6628e+03          1         23 0.0000e+00
   32.90564  -65.87656    19.3717   4.924769    36.5935    120.104    120.991    19.3718   4.924824    36.5939     0.1487 1.0000e-12     0.0060    99.8509      98.71    211.925     4.8694 2.6624e+03          1         22 0.0000e+00
   32.90564  -65.87656    19.3724   4.924809    36.5936    119.102    119.981    19.3723   4.924844    36.5940     0.1570 1.0000e-12     0.0064    99.8392      98.71    212.080     4.8729 2.6611e+03          1         21 0.0000e+00
   32.90564  -65.87656    19.3727   4.924797    36.5937    118.114    118.986    19.3725   4.924829    36.5941     0.2278 1.0000e-12     0.0065    99.8367      98.71    211.971     4.8705 2.6607e+03          1         21 0.0000e+00
   32.90564  -65.87656    19.3730   4.924782    36.5937    117.135    118.000    19.3728   4.924834    36.5942     0.1861 1.0000e-12     0.0067    99.8334      98.71    211.084     4.8501 2.6610e+03          1         25 0.0000e+00
   32.90564  -65.87656    19.3732   4.924773    36.5937    116.157    117.014    19.3729   4.924796    36.5942     0.2212 1.0000e-12     0.0070    99.8260      98.71    210.890     4.8456 2.6596e+03          1         28 0.0000e+00
   32.90564  -65.87656    19.3734   4.924770    36.5939    115.145    115.994    19.3734   4.924795    36.5941     0.2241 1.0000e-12     0.0081    99.7988      98.71    211.855     4.8678 2.6581e+03          1         27 0.0000e+00
   32.90564  -65.87656    19.3732   4.924704    36.5939    114.133    114.974    19.3733   4.924756    36.5943     0.2296 1.0000e-12     0.0098    99.7552      98.71    212.211     4.8759 2.6570e+03          1         22 0.0000e+00
   32.90564  -65.87656    19.3736   4.924684    36.5938    113.164    113.999    19.3735   4.924729    36.5943     0.2443 1.0000e-12     0.0097    99.7567      98.72    211.884     4.8684 2.6566e+03          1         23 0.0000e+00
   32.90564  -65.87656    19.3743   4.924727    36.5939    112.172    112.998    19.3742   4.924762    36.5943     0.2597 1.0000e-12     0.0089    99.7765      98.71    211.932     4.8695 2.6568e+03          1         30 0.0000e+00
   32.90564  -65.87655    19.3748   4.924758    36.5941    111.210    112.029    19.3746   4.924788    36.5945     0.2860 1.0000e-12     0.0100    99.7502      98.71    211.549     4.8607 2.6556e+03          1         27 0.0000e+00
   32.90564  -65.87654    19.3748   4.924716    36.5941    110.216    111.027    19.3747   4.924751    36.5945     0.2950 1.0000e-12     0.0098    99.7550      98.71    211.591     4.8617 2.6561e+03          1         19 0.0000e+00
   32.90564  -65.87654    19.3751   4.924716    36.5942    109.221    110.025    19.3748   4.924716    36.5945     0.2431 1.0000e-12     0.0110    99.7252      98.72    212.019     4.8715 2.6567e+03          1         17 0.0000e+00
   32.90564  -65.87654    19.3752   4.924664    36.5941    108.208    109.004    19.3750   4.924702    36.5945     0.2766 1.0000e-12     0.0126    99.6860      98.70    212.028     4.8718 2.6572e+03          1         18 0.0000e+00
   32.90564  -65.87654    19.3756   4.924657    36.5941    107.183    107.971    19.3752   4.924670    36.5946     0.3008 1.0000e-12     0.0134    99.6671      98.71    211.618     4.8623 2.6591e+03          1         24 0.0000e+00
   32.90564  -65.87654    19.3760   4.924663    36.5941    106.234    107.015    19.3761   4.924736    36.5946     0.3120 1.0000e-12     0.0136    99.6617      98.72    211.585     4.8616 2.6611e+03          1         35 0.0000e+00
   32.90566  -65.87654    19.3765   4.924650    36.5939    105.287    106.061    19.3766   4.924734    36.5945     0.3451 1.0000e-12     0.0147    99.6331      98.72    212.037     4.8720 2.6630e+03          1         27 0.0000e+00
   32.90566  -65.87654    19.3764   4.924614    36.5941    104.260    105.026    19.3767   4.924705    36.5946     0.3687 1.0000e-12     0.0175    99.5640      98.72    212.329     4.8787 2.6632e+03          1         20 0.0000e+00
   32.90566  -65.87654    19.3775   4.924703    36.5942    103.263    104.021    19.3776   4.924721    36.5943     0.3617 1.0000e-12     0.0174    99.5675      98.71    212.187     4.8754 2.6641e+03          1         18 0.0000e+00
   32.90566  -65.87654    19.3781   4.924695    36.5940    102.223    102.974    19.3779   4.924747    36.5946     0.3779 1.0000e-12     0.0160    99.6005      98.72    212.005     4.8712 2.6655e+03          1         21 0.0000e+00
   32.90566  -65.87654    19.3781   4.924666    36.5942    101.199    101.942    19.3782   4.924737    36.5947     0.3783 1.0000e-12     0.0190    99.5257      98.72    212.023     4.8716 2.6655e+03          1         31 0.0000e+00
   32.90566  -65.87654    19.3792   4.924750    36.5943    100.308    101.045    19.3793   4.924824    36.5948     0.4276 1.0000e-12     0.0200    99.5024      25.81    212.541     4.8835 2.6654e+03          1         51 0.0000e+00
   32.90566  -65.87654    19.3796   4.924751    36.5943     99.270     99.999    19.3799   4.924849    36.5949     0.4702 1.0000e-12     0.0205    99.4900      98.86    212.508     4.8828 2.6663e+03          1         37 0.0000e+00
   32.90566  -65.87653    19.3806   4.924808    36.5943     98.264     98.985    19.3805   4.924864    36.5948     0.4951 1.0000e-12     0.0217    99.4597      28.29    212.349     4.8791 2.6665e+03          1         48 0.0000e+00
   32.90566  -65.87652    19.3809   4.924802    36.5944     97.305     98.018    19.3806   4.924835    36.5949     0.5103 1.0000e-12     0.0241    99.4000      73.66    212.714     4.8875 2.6650e+03          1         39 0.0000e+00
   32.90566  -65.87652    19.3812   4.924790    36.5944     96.246     96.951    19.3810   4.924829    36.5949     0.5412 1.0000e-12     0.0255    99.3652      98.72    212.692     4.8870 2.6631e+03          1         45 0.0000e+00
   32.90568  -65.87652    19.3813   4.924689    36.5938     95.335     96.033    19.3815   4.924838    36.5949     0.5756 1.0000e-12     0.0251    99.3755      98.72    212.905     4.8919 2.6643e+03          1         69 0.0000e+00
   32.90568  -65.87652    19.3814   4.924722    36.5944     94.343     95.034    19.3814   4.924779    36.5949     0.6036 1.0000e-12     0.0281    99.3018      98.72    212.440     4.8812 2.6653e+03          1         34 0.0000e+00
   32.90568  -65.87652    19.3824   4.924766    36.5943     93.289     93.972    19.3823   4.924824    36.5948     0.5977 1.0000e-12     0.0325    99.1900      98.72    212.903     4.8919 2.6633e+03          1         37 0.0000e+00
   32.90568  -65.87650    19.3838   4.924870    36.5942     92.361     93.037    19.3841   4.924968    36.5948     0.6386 1.0000e-12     0.0388    99.0345      98.72    212.587     4.8846 2.6630e+03          1         55 0.0000e+00
   32.90568  -65.87650    19.3842   4.924871    36.5942     91.358     92.026    19.3845   4.924966    36.5948     0.6860 1.0000e-12     0.0349    99.1309      98.72    213.470     4.9048 2.6626e+03          1         43 0.0000e+00
   32.90568  -65.87650    19.3856   4.924960    36.5941     90.326     90.987    19.3855   4.925023    36.5948     0.7009 1.0000e-12     0.0374    99.0705      98.72    213.546     4.9066 2.6626e+03          1         55 0.0000e+00
   32.90568  -65.87650    19.3868   4.925063    36.5943     89.360     90.013    19.3871   4.925155    36.5948     0.7315 1.0000e-12     0.0394    99.0203      98.72    213.418     4.9037 2.6621e+03          1         40 0.0000e+00
   32.90568  -65.87650    19.3901   4.925389    36.5945     88.311     88.957    19.3893   4.925320    36.5947     0.7407 1.0000e-12     0.0401    99.0029      98.72    213.981     4.9166 2.6618e+03          1         43 0.0000e+00
   32.90570  -65.87648    19.3903   4.925391    36.5947     87.405     88.044    19.3907   4.925471    36.5951     0.6967 1.0000e-12     0.0395    99.0170      98.72    213.799     4.9124 2.6620e+03          1         64 0.0000e+00
   32.90570  -65.87648    19.3909   4.925388    36.5946     86.400     87.031    19.3913   4.925494    36.5951     0.6844 1.0000e-12     0.0422    98.9509      98.72    214.071     4.9187 2.6633e+03          1         37 0.0000e+00
   32.90570  -65.87648    19.3931   4.925623    36.5950     85.364     85.988    19.3928   4.925622    36.5953     0.6936 1.0000e-12     0.0426    98.9406      98.72    214.152     4.9205 2.6636e+03          1         41 0.0000e+00
   32.90570  -65.87648    19.3939   4.925683    36.5951     84.343     84.959    19.3942   4.925752    36.5954     0.7305 1.0000e-12     0.0485    98.7947      98.72    214.255     4.9229 2.6606e+03          1         48 0.0000e+00
   32.90570  -65.87648    19.3946   4.925693    36.5950     83.440     84.049    19.3949   4.925794    36.5955     0.7140 1.0000e-12     0.0468    98.8369      98.72    214.327     4.9245 2.6601e+03          1         47 0.0000e+00
   32.90572  -65.87648    19.3951   4.925675    36.5948     82.381     82.982    19.3950   4.925746    36.5955     0.7349 1.0000e-12     0.0476    98.8165      98.72    215.597     4.9537 2.6628e+03          1         42 0.0000e+00
   32.90572  -65.87648    19.3950   4.925619    36.5948     81.480     82.075    19.3952   4.925715    36.5954     0.7560 1.0000e-12     0.0467    98.8383      76.97    215.198     4.9446 2.6619e+03          1         66 0.0000e+00
   32.90572  -65.87646    19.3953   4.925604    36.5948     80.422     81.008    19.3951   4.925647    36.5953     0.7255 1.0000e-12     0.0456    98.8679      98.87    214.472     4.9279 2.6592e+03          1         33 0.0000e+00
   32.90572  -65.87646    19.3969   4.925754    36.5950     79.395     79.973    19.3964   4.925749    36.5954     0.6871 1.0000e-12     0.0449    98.8851      98.72    214.989     4.9398 2.6588e+03          1         38 0.0000e+00
   32.90572  -65.87646    19.3971   4.925720    36.5950     78.414     78.985    19.3975   4.925815    36.5954     0.6272 1.0000e-12     0.0436    98.9152      98.72    215.346     4.9480 2.6588e+03          1         52 0.0000e+00
   32.90572  -65.87646    19.3975   4.925732    36.5951     77.455     78.019    19.3979   4.925822    36.5955     0.5332 1.0000e-12     0.0437    98.9138      98.72    215.176     4.9440 2.6578e+03          1         53 0.0000e+00
   32.90572  -65.87646    19.3991   4.925846    36.5949     76.474     77.030    19.3991   4.925890    36.5953     0.5428 1.0000e-12     0.0412    98.9754      98.72    215.500     4.9515 2.6559e+03          1         46 0.0000e+00
   32.90572  -65.87645    19.4006   4.925958    36.5950     75.451     76.001    19.4006   4.926007    36.5954     0.5284 1.0000e-12     0.0396    99.0134      98.72    215.602     4.9538 2.6556e+03          1         37 0.0000e+00
   32.90572  -65.87644    19.4017   4.926018    36.5949     74.414     74.956    19.4018   4.926094    36.5954     0.4880 1.0000e-12     0.0402    99.0006      98.72    216.031     4.9637 2.6539e+03          1         53 0.0000e+00
   32.90572  -65.87644    19.4026   4.926076    36.5950     73.505     74.039    19.4031   4.926184    36.5954     0.4867 1.0000e-12     0.0417    98.9620      98.72    215.764     4.9575 2.6536e+03          1         60 0.0000e+00
   32.90574  -65.87644    19.4044   4.926211    36.5948     72.488     73.015    19.4045   4.926265    36.5952     0.4628 1.0000e-12     0.0431    98.9283      98.72    216.343     4.9708 2.6572e+03          1         36 0.0000e+00
   32.90574  -65.87644    19.4066   4.926400    36.5948     71.477     71.997    19.4065   4.926435    36.5952     0.4144 1.0000e-12     0.0497    98.7663      98.72    216.313     4.9702 2.6565e+03          1         36 0.0000e+00
   32.90574  -65.87644    19.4070   4.926399    36.5949     70.476     70.988    19.4073   4.926474    36.5953     0.4230 1.0000e-12     0.0449    98.8833      98.72    216.604     4.9769 2.6560e+03          1         43 0.0000e+00
   32.90574  -65.87644    19.4070   4.926358    36.5950     69.450     69.955    19.4073   4.926443    36.5954     0.4136 1.0000e-12     0.0430    98.9299      98.72    216.489     4.9742 2.6597e+03          1         77 0.0000e+00
   32.90574  -65.87644    19.4080   4.926395    36.5948     68.543     69.041    19.4090   4.926543    36.5951     0.4096 1.0000e-12     0.0438    98.9113      98.72    216.623     4.9773 2.6622e+03          1         42 0.0000e+00
   32.90576  -65.87644    19.4125   4.926822    36.5947     67.535     68.025    19.4111   4.926712    36.5950     0.3991 1.0000e-12     0.0444    98.8955      70.91    216.544     4.9755 2.6623e+03          1         31 0.0000e+00
   32.90576  -65.87644    19.4137   4.926913    36.5947     66.499     66.982    19.4137   4.926964    36.5951     0.4241 1.0000e-12     0.0468    98.8362      98.72    216.675     4.9785 2.6618e+03          1         36 0.0000e+00
   32.90576  -65.87643    19.4146   4.926962    36.5947     65.485     65.960    19.4147   4.927034    36.5953     0.4436 1.0000e-12     0.0482    98.8030      98.73    216.965     4.9851 2.6635e+03          1         69 0.0000e+00
   32.90576  -65.87642    19.4149   4.926933    36.5947     64.545     65.013    19.4156   4.927071    36.5952     0.4197 1.0000e-12     0.0472    98.8277      98.73    216.734     4.9798 2.6641e+03          1         43 0.0000e+00
   32.90576  -65.87642    19.4184   4.927271    36.5947     63.514     63.974    19.4184   4.927282    36.5948     0.4064 1.0000e-12     0.0484    98.7965      98.73    216.915     4.9840 2.6641e+03          1         35 0.0000e+00
   32.90576  -65.87642    19.4223   4.927643    36.5947     62.553     63.006    19.4232   4.927776    36.5951     0.4251 1.0000e-12     0.0501    98.7552      98.72    217.056     4.9872 2.6634e+03          1         57 0.0000e+00
   32.90576  -65.87642    19.4245   4.927823    36.5947     61.581     62.027    19.4260   4.928031    36.5951     0.4008 1.0000e-12     0.0484    98.7959      98.73    217.647     5.0008 2.6642e+03          1         47 0.0000e+00
   32.90577  -65.87642    19.4303   4.928368    36.5944     60.548     60.986    19.4294   4.928308    36.5948     0.3940 1.0000e-12     0.0531    98.6810      55.94    217.854     5.0055 2.6653e+03          1         40 0.0000e+00
   32.90578  -65.87642    19.4354   4.928860    36.5944     59.546     59.977    19.4357   4.928922    36.5946     0.3709 1.0000e-12     0.0534    98.6737      98.73    218.092     5.0110 2.6672e+03          1         48 0.0000e+00
   32.90578  -65.87642    19.4381   4.929114    36.5946     58.596     59.020    19.4382   4.929188    36.5951     0.3648 1.0000e-12     0.0531    98.6820      98.73    218.542     5.0213 2.6684e+03          1         54 0.0000e+00
   32.90578  -65.87640    19.4407   4.929332    36.5944     57.633     58.050    19.4401   4.929313    36.5949     0.3770 1.0000e-12     0.0552    98.6287      98.73    218.065     5.0104 2.6681e+03          1         38 0.0000e+00
   32.90578  -65.87640    19.4435   4.929595    36.5946     56.556     56.965    19.4430   4.929590    36.5950     0.3738 1.0000e-12     0.0549    98.6358      98.73    218.662     5.0241 2.6701e+03          1         44 0.0000e+00
