Data/ruptures/KN207-01/QL-2/20701067.cnv
* Sea-Bird SBE 9 Data File:
* FileName = C:\Data\ctd\20701067.hex
* Software Version Seasave V 7.21e
* Temperature SN = 4406
* Conductivity SN = 1474
* Number of Bytes Per Scan = 40
* Number of Voltage Words = 5
* Number of Scans Averaged by the Deck Unit = 1
* NMEA Latitude = 32 56.35 N
* NMEA Longitude = 065 46.44 W
* NMEA UTC (Time) = May 01 2012 14:05:20
** R/V Knorr Cruise # KN207-01 QL 2
** Chief Scientist: Ben Van Mooy
# nquan = 21
# nvalues = 390                         
# units = specified
# name 0 = latitude: Latitude [deg]
# name 1 = longitude: Longitude [deg]
# name 2 = t090C: Temperature [ITS-90, deg C]
# name 3 = c0S/m: Conductivity [S/m]
# name 4 = sal00: Salinity, Practical [PSU]
# name 5 = depSM: Depth [salt water, m]
# name 6 = prDM: Pressure, Digiquartz [db]
# name 7 = t190C: Temperature, 2 [ITS-90, deg C]
# name 8 = c1S/m: Conductivity, 2 [S/m]
# name 9 = sal11: Salinity, Practical, 2 [PSU]
# name 10 = flECO-AFL: Fluorescence, WET Labs ECO-AFL/FL [mg/m^3]
# name 11 = par: PAR/Irradiance, Biospherical/Licor
# name 12 = bat: Beam Attenuation, Chelsea/Seatech [1/m]
# name 13 = xmiss: Beam Transmission, Chelsea/Seatech [%]
# name 14 = altM: Altimeter [m]
# name 15 = sbeox0Mm/Kg: Oxygen, SBE 43 [umol/kg]
# name 16 = sbeox0ML/L: Oxygen, SBE 43 [ml/l]
# name 17 = spar: SPAR/Surface Irradiance
# name 18 = pumps: Pump Status
# name 19 = nbin: number of scans per bin
# name 20 = flag: flag
# span 0 =   32.93922,   32.93979       
# span 1 =  -65.77406,  -65.77367       
# span 2 =    18.1493,    20.2767       
# span 3 =   4.792125,   5.017192       
# span 4 =    36.5246,    36.6106       
# span 5 =      2.328,    200.037       
# span 6 =      2.344,    201.554       
# span 7 =    18.1679,    20.2780       
# span 8 =   4.794232,   5.017325       
# span 9 =    36.5243,    36.6113       
# span 10 =     0.0151,     0.8561      
# span 11 = 1.0000e-12, 1.0000e-12      
# span 12 =    -0.0095,     0.0730      
# span 13 =    98.1910,   100.2371      
# span 14 =       1.05,      98.76      
# span 15 =    186.647,    222.444      
# span 16 =     4.2896,     5.1107      
# span 17 = 2.4602e+03, 2.4810e+03      
# span 18 =          1,          1      
# span 19 =         14,        560      
# span 20 = 0.0000e+00, 0.0000e+00      
# interval = decibars: 1                
# start_time = May 01 2012 14:05:20 [NMEA time, header]
# bad_flag = -9.990e-29
*END*
   32.93922  -65.77406    20.2506   5.014552    36.6097     13.108     13.201    20.2525   5.014953    36.6113     0.0544 1.0000e-12     0.0556    98.6203      57.19    218.419     5.0175 2.4714e+03          1         41 0.0000e+00
   32.93923  -65.77406    20.2500   5.014532    36.6098     13.795     13.893    20.2497   5.014585    36.6105     0.0713 1.0000e-12     0.0546    98.6438       1.05    218.131     5.0109 2.4721e+03          1         52 0.0000e+00
   32.93924  -65.77406    20.2521   5.014804    36.6097     14.929     15.035    20.2508   5.014759    36.6105     0.0849 1.0000e-12     0.0533    98.6766      81.49    218.055     5.0091 2.4713e+03          1         37 0.0000e+00
   32.93924  -65.77406    20.2511   5.014712    36.6095     15.871     15.984    20.2540   5.015158    36.6106     0.0793 1.0000e-12     0.0555    98.6216      54.02    218.535     5.0202 2.4698e+03          1         65 0.0000e+00
   32.93922  -65.77406    20.2487   5.014524    36.6097     16.858     16.978    20.2461   5.014379    36.6109     0.0920 1.0000e-12     0.0534    98.6742      21.82    218.680     5.0235 2.4716e+03          1         36 0.0000e+00
   32.93922  -65.77406    20.2567   5.015441    36.6097     17.915     18.042    20.2542   5.015242    36.6103     0.0910 1.0000e-12     0.0514    98.7228      98.63    218.413     5.0173 2.4714e+03          1         38 0.0000e+00
   32.93923  -65.77406    20.2608   5.015921    36.6097     18.885     19.020    20.2586   5.015799    36.6106     0.0833 1.0000e-12     0.0540    98.6601      88.59    218.273     5.0141 2.4704e+03          1         58 0.0000e+00
   32.93924  -65.77406    20.2641   5.016336    36.6098     19.823     19.965    20.2630   5.016338    36.6108     0.0576 1.0000e-12     0.0536    98.6700      20.45    218.726     5.0245 2.4693e+03          1         57 0.0000e+00
   32.93924  -65.77406    20.2641   5.016384    36.6099     20.829     20.978    20.2635   5.016444    36.6109     0.0794 1.0000e-12     0.0516    98.7185      58.70    217.947     5.0066 2.4704e+03          1         39 0.0000e+00
   32.93924  -65.77406    20.2640   5.016419    36.6099     21.867     22.023    20.2638   5.016535    36.6110     0.0733 1.0000e-12     0.0534    98.6751      98.63    218.317     5.0151 2.4714e+03          1         34 0.0000e+00
   32.93924  -65.77406    20.2628   5.016321    36.6098     22.885     23.048    20.2624   5.016418    36.6109     0.1107 1.0000e-12     0.0519    98.7100      98.63    218.440     5.0180 2.4712e+03          1         44 0.0000e+00
   32.93924  -65.77405    20.2592   5.015942    36.6096     23.758     23.928    20.2575   5.015946    36.6111     0.0882 1.0000e-12     0.0520    98.7079      46.25    218.144     5.0112 2.4696e+03          1         75 0.0000e+00
   32.93924  -65.77404    20.2431   5.014208    36.6093     24.811     24.989    20.2424   5.014275    36.6104     0.0944 1.0000e-12     0.0526    98.6940      58.57    218.095     5.0101 2.4692e+03          1         34 0.0000e+00
   32.93924  -65.77404    20.2419   5.014104    36.6090     25.840     26.025    20.2416   5.014221    36.6102     0.0916 1.0000e-12     0.0522    98.7027      98.63    218.374     5.0165 2.4703e+03          1         36 0.0000e+00
   32.93925  -65.77404    20.2418   5.014136    36.6089     26.802     26.994    20.2414   5.014203    36.6098     0.0979 1.0000e-12     0.0541    98.6566      40.22    218.610     5.0219 2.4706e+03          1         68 0.0000e+00
   32.93926  -65.77404    20.2407   5.014054    36.6088     27.781     27.981    20.2405   5.014186    36.6100     0.1156 1.0000e-12     0.0522    98.7040      63.10    217.974     5.0073 2.4676e+03          1         39 0.0000e+00
   32.93926  -65.77404    20.2394   5.013950    36.6086     28.827     29.033    20.2391   5.014042    36.6097     0.1087 1.0000e-12     0.0532    98.6792      98.64    218.426     5.0177 2.4692e+03          1         45 0.0000e+00
   32.93926  -65.77404    20.2383   5.013855    36.6085     29.740     29.953    20.2388   5.014062    36.6097     0.1069 1.0000e-12     0.0534    98.6737      98.64    218.092     5.0100 2.4699e+03          1         53 0.0000e+00
   32.93926  -65.77404    20.2378   5.013840    36.6084     30.756     30.976    20.2379   5.014010    36.6097     0.1115 1.0000e-12     0.0542    98.6531      98.64    218.572     5.0210 2.4692e+03          1         38 0.0000e+00
   32.93926  -65.77404    20.2341   5.013441    36.6080     31.846     32.074    20.2335   5.013532    36.6092     0.1319 1.0000e-12     0.0535    98.6720      98.64    218.740     5.0249 2.4671e+03          1         62 0.0000e+00
   32.93926  -65.77404    20.2273   5.012670    36.6074     32.634     32.868    20.2273   5.012879    36.6091     0.1013 1.0000e-12     0.0542    98.6549      43.53    218.429     5.0177 2.4659e+03          1         48 0.0000e+00
   32.93926  -65.77404    20.2040   5.010094    36.6065     33.750     33.992    20.2034   5.010330    36.6089     0.1044 1.0000e-12     0.0534    98.6740      98.64    218.706     5.0241 2.4680e+03          1         26 0.0000e+00
   32.93926  -65.77404    20.1798   5.007326    36.6047     34.851     35.101    20.1791   5.007539    36.6071     0.1094 1.0000e-12     0.0544    98.6481      98.63    218.398     5.0171 2.4683e+03          1         44 0.0000e+00
   32.93926  -65.77404    20.1557   5.004609    36.6033     35.563     35.818    20.1591   5.005361    36.6064     0.1209 1.0000e-12     0.0554    98.6241      98.63    219.119     5.0337 2.4654e+03          1         69 0.0000e+00
   32.93926  -65.77404    20.0991   4.998408    36.6019     36.733     36.997    20.0990   4.998666    36.6041     0.1311 1.0000e-12     0.0591    98.5339      98.64    219.494     5.0424 2.4629e+03          1         31 0.0000e+00
   32.93926  -65.77404    20.0805   4.996453    36.6015     37.795     38.067    20.0804   4.996710    36.6037     0.1548 1.0000e-12     0.0637    98.4209      97.03    219.692     5.0469 2.4645e+03          1         52 0.0000e+00
   32.93927  -65.77404    20.0291   4.991065    36.6020     38.661     38.939    20.0298   4.991461    36.6046     0.1663 1.0000e-12     0.0627    98.4451      96.91    220.122     5.0569 2.4638e+03          1         61 0.0000e+00
   32.93928  -65.77404    19.9801   4.985865    36.6018     39.717     40.003    19.9807   4.986306    36.6050     0.1734 1.0000e-12     0.0637    98.4202      84.88    220.574     5.0673 2.4621e+03          1         37 0.0000e+00
   32.93928  -65.77404    19.9533   4.983019    36.6013     40.733     41.026    19.9531   4.983354    36.6043     0.1714 1.0000e-12     0.0663    98.3567      73.44    221.089     5.0792 2.4639e+03          1         34 0.0000e+00
   32.93928  -65.77404    19.9218   4.979727    36.6012     41.744     42.044    19.9217   4.979990    36.6035     0.1760 1.0000e-12     0.0655    98.3748      67.49    220.624     5.0685 2.4652e+03          1         47 0.0000e+00
   32.93928  -65.77404    19.8968   4.977091    36.6005     42.675     42.982    19.8975   4.977444    36.6028     0.1883 1.0000e-12     0.0666    98.3486      14.21    221.006     5.0774 2.4632e+03          1         74 0.0000e+00
   32.93928  -65.77403    19.8085   4.967729    36.6009     43.604     43.918    19.8101   4.968573    36.6065     0.1743 1.0000e-12     0.0665    98.3519      10.60    220.794     5.0726 2.4621e+03          1         42 0.0000e+00
   32.93928  -65.77402    19.7391   4.960445    36.6017     44.683     45.005    19.7401   4.961147    36.6066     0.1821 1.0000e-12     0.0664    98.3527      98.65    221.694     5.0934 2.4638e+03          1         26 0.0000e+00
   32.93928  -65.77402    19.7014   4.956571    36.6023     45.726     46.055    19.7018   4.956954    36.6051     0.2154 1.0000e-12     0.0699    98.2669      98.64    221.973     5.0999 2.4640e+03          1         27 0.0000e+00
   32.93929  -65.77403    19.7005   4.956565    36.6012     46.684     47.021    19.7062   4.957323    36.6024     0.2263 1.0000e-12     0.0697    98.2739      41.31    221.719     5.0940 2.4633e+03          1         96 0.0000e+00
   32.93930  -65.77404    19.6575   4.951966    36.6002     47.627     47.971    19.6579   4.952401    36.6035     0.2341 1.0000e-12     0.0682    98.3098      65.71    222.444     5.1107 2.4628e+03          1         27 0.0000e+00
   32.93930  -65.77404    19.6341   4.949514    36.5999     48.685     49.036    19.6344   4.949792    36.6020     0.2292 1.0000e-12     0.0687    98.2964      76.58    222.060     5.1019 2.4638e+03          1         36 0.0000e+00
   32.93928  -65.77402    19.6207   4.948127    36.5992     49.645     50.003    19.6212   4.948376    36.6009     0.2424 1.0000e-12     0.0730    98.1910      85.41    222.416     5.1101 2.4627e+03          1         66 0.0000e+00
   32.93928  -65.77402    19.6002   4.945941    36.5984     50.593     50.958    19.6004   4.946220    36.6005     0.2315 1.0000e-12     0.0678    98.3197      98.64    222.150     5.1040 2.4634e+03          1         34 0.0000e+00
   32.93929  -65.77402    19.5760   4.943361    36.5978     51.647     52.020    19.5759   4.943684    36.6006     0.2636 1.0000e-12     0.0679    98.3178      98.64    222.182     5.1048 2.4641e+03          1         32 0.0000e+00
   32.93930  -65.77402    19.5435   4.939927    36.5972     52.743     53.124    19.5430   4.940095    36.5991     0.2478 1.0000e-12     0.0670    98.3389      98.64    221.910     5.0986 2.4629e+03          1         76 0.0000e+00
   32.93930  -65.77402    19.5187   4.937256    36.5962     53.476     53.862    19.5193   4.937623    36.5987     0.2394 1.0000e-12     0.0664    98.3547      98.64    222.086     5.1027 2.4623e+03          1         51 0.0000e+00
   32.93930  -65.77402    19.4814   4.933253    36.5955     54.587     54.982    19.4814   4.933607    36.5985     0.2602 1.0000e-12     0.0624    98.4525      98.65    221.871     5.0978 2.4627e+03          1         25 0.0000e+00
   32.93930  -65.77402    19.4690   4.932013    36.5955     55.623     56.026    19.4689   4.932194    36.5971     0.2719 1.0000e-12     0.0622    98.4573      98.64    221.792     5.0960 2.4653e+03          1         27 0.0000e+00
   32.93930  -65.77402    19.4645   4.931593    36.5949     56.656     57.066    19.4657   4.931841    36.5960     0.2968 1.0000e-12     0.0605    98.5002      98.64    220.831     5.0739 2.4634e+03          1         92 0.0000e+00
   32.93930  -65.77402    19.4487   4.929922    36.5943     57.556     57.973    19.4489   4.930174    36.5963     0.2912 1.0000e-12     0.0599    98.5150      98.64    221.448     5.0881 2.4625e+03          1         33 0.0000e+00
   32.93930  -65.77402    19.4405   4.929116    36.5944     58.564     58.988    19.4405   4.929290    36.5958     0.2991 1.0000e-12     0.0599    98.5153      98.64    221.396     5.0869 2.4632e+03          1         32 0.0000e+00
   32.93930  -65.77402    19.4373   4.928851    36.5942     59.583     60.014    19.4373   4.928999    36.5955     0.3126 1.0000e-12     0.0571    98.5830      98.65    220.454     5.0652 2.4642e+03          1         53 0.0000e+00
   32.93930  -65.77402    19.4357   4.928749    36.5941     60.542     60.981    19.4358   4.928896    36.5953     0.3056 1.0000e-12     0.0557    98.6178      98.64    220.514     5.0666 2.4640e+03          1         51 0.0000e+00
   32.93930  -65.77402    19.4335   4.928581    36.5940     61.569     62.015    19.4336   4.928738    36.5952     0.3171 1.0000e-12     0.0537    98.6668      96.67    220.213     5.0597 2.4639e+03          1         51 0.0000e+00
   32.93930  -65.77402    19.4294   4.928193    36.5940     62.529     62.983    19.4296   4.928355    36.5951     0.3003 1.0000e-12     0.0529    98.6872      80.44    219.566     5.0449 2.4628e+03          1         45 0.0000e+00
   32.93930  -65.77402    19.4271   4.928007    36.5939     63.524     63.985    19.4272   4.928153    36.5952     0.3320 1.0000e-12     0.0535    98.6721      89.93    219.430     5.0417 2.4624e+03          1         36 0.0000e+00
   32.93932  -65.77400    19.4247   4.927793    36.5939     64.526     64.994    19.4248   4.927944    36.5950     0.3431 1.0000e-12     0.0538    98.6632      98.65    219.645     5.0467 2.4634e+03          1         45 0.0000e+00
   32.93932  -65.77400    19.4225   4.927609    36.5937     65.522     65.997    19.4226   4.927749    36.5948     0.3532 1.0000e-12     0.0509    98.7351      98.65    219.729     5.0486 2.4628e+03          1         66 0.0000e+00
   32.93932  -65.77400    19.4205   4.927440    36.5936     66.454     66.936    19.4206   4.927588    36.5948     0.3503 1.0000e-12     0.0506    98.7433      98.65    219.358     5.0401 2.4609e+03          1         44 0.0000e+00
   32.93932  -65.77400    19.4184   4.927284    36.5938     67.515     68.005    19.4185   4.927433    36.5950     0.3485 1.0000e-12     0.0540    98.6584      98.64    219.241     5.0374 2.4632e+03          1         32 0.0000e+00
   32.93932  -65.77400    19.4163   4.927088    36.5936     68.554     69.052    19.4164   4.927239    36.5948     0.3600 1.0000e-12     0.0508    98.7370      98.65    219.218     5.0369 2.4629e+03          1         36 0.0000e+00
   32.93932  -65.77400    19.4141   4.926880    36.5934     69.400     69.904    19.4136   4.926973    36.5946     0.3869 1.0000e-12     0.0523    98.7007      98.65    218.378     5.0176 2.4631e+03          1         78 0.0000e+00
   32.93932  -65.77400    19.4118   4.926716    36.5937     70.454     70.966    19.4118   4.926834    36.5947     0.3904 1.0000e-12     0.0518    98.7146      98.64    218.369     5.0174 2.4618e+03          1         32 0.0000e+00
   32.93932  -65.77400    19.4103   4.926599    36.5936     71.512     72.032    19.4102   4.926730    36.5948     0.4025 1.0000e-12     0.0502    98.7534      98.65    218.262     5.0149 2.4629e+03          1         36 0.0000e+00
   32.93932  -65.77400    19.4078   4.926364    36.5934     72.509     73.036    19.4079   4.926503    36.5946     0.3758 1.0000e-12     0.0499    98.7589      98.65    218.136     5.0120 2.4618e+03          1         66 0.0000e+00
   32.93932  -65.77400    19.4068   4.926307    36.5935     73.404     73.938    19.4069   4.926438    36.5945     0.3942 1.0000e-12     0.0498    98.7636      98.65    217.509     4.9976 2.4631e+03          1         49 0.0000e+00
   32.93932  -65.77400    19.4051   4.926190    36.5936     74.403     74.945    19.4051   4.926326    36.5947     0.4278 1.0000e-12     0.0436    98.9146      98.65    217.489     4.9972 2.4630e+03          1         33 0.0000e+00
   32.93932  -65.77400    19.4031   4.926005    36.5934     75.464     76.014    19.4032   4.926144    36.5945     0.4254 1.0000e-12     0.0442    98.9020      98.65    217.837     5.0052 2.4626e+03          1         38 0.0000e+00
   32.93932  -65.77400    19.4012   4.925841    36.5933     76.503     77.060    19.4013   4.925981    36.5944     0.4324 1.0000e-12     0.0453    98.8740      98.65    217.574     4.9991 2.4625e+03          1         53 0.0000e+00
   32.93932  -65.77400    19.4005   4.925796    36.5932     77.345     77.909    19.4006   4.925929    36.5942     0.4814 1.0000e-12     0.0455    98.8687      98.65    217.207     4.9907 2.4625e+03          1         72 0.0000e+00
   32.93932  -65.77400    19.3998   4.925785    36.5933     78.416     78.988    19.3997   4.925905    36.5943     0.4531 1.0000e-12     0.0473    98.8243      98.65    217.173     4.9899 2.4621e+03          1         33 0.0000e+00
   32.93932  -65.77400    19.3978   4.925630    36.5934     79.422     80.001    19.3979   4.925761    36.5944     0.4462 1.0000e-12     0.0468    98.8360      98.66    217.258     4.9919 2.4630e+03          1         33 0.0000e+00
