Data/ruptures/KN207-01/QL-2/20701079.cnv
* Sea-Bird SBE 9 Data File:
* FileName = C:\Data\ctd\20701079.hex
* Software Version Seasave V 7.21e
* Temperature SN = 4406
* Conductivity SN = 1474
* Number of Bytes Per Scan = 40
* Number of Voltage Words = 5
* Number of Scans Averaged by the Deck Unit = 1
* NMEA Latitude = 33 08.99 N
* NMEA Longitude = 065 41.12 W
* NMEA UTC (Time) = May 02 2012 22:03:41
** R/V Knorr Cruise # KN207-01 QL 2
** Chief Scientist: Ben Van Mooy
# nquan = 21
# nvalues = 398                         
# units = specified
# name 0 = latitude: Latitude [deg]
# name 1 = longitude: Longitude [deg]
# name 2 = t090C: Temperature [ITS-90, deg C]
# name 3 = c0S/m: Conductivity [S/m]
# name 4 = sal00: Salinity, Practical [PSU]
# name 5 = depSM: Depth [salt water, m]
# name 6 = prDM: Pressure, Digiquartz [db]
# name 7 = t190C: Temperature, 2 [ITS-90, deg C]
# name 8 = c1S/m: Conductivity, 2 [S/m]
# name 9 = sal11: Salinity, Practical, 2 [PSU]
# name 10 = flECO-AFL: Fluorescence, WET Labs ECO-AFL/FL [mg/m^3]
# name 11 = par: PAR/Irradiance, Biospherical/Licor
# name 12 = bat: Beam Attenuation, Chelsea/Seatech [1/m]
# name 13 = xmiss: Beam Transmission, Chelsea/Seatech [%]
# name 14 = altM: Altimeter [m]
# name 15 = sbeox0Mm/Kg: Oxygen, SBE 43 [umol/kg]
# name 16 = sbeox0ML/L: Oxygen, SBE 43 [ml/l]
# name 17 = spar: SPAR/Surface Irradiance
# name 18 = pumps: Pump Status
# name 19 = nbin: number of scans per bin
# name 20 = flag: flag
# span 0 =   33.14991,   33.15100       
# span 1 =  -65.68552,  -65.68542       
# span 2 =    18.3880,    20.4234       
# span 3 =   4.818068,   5.034268       
# span 4 =    36.5340,    36.6192       
# span 5 =      2.161,    199.267       
# span 6 =      2.176,    200.782       
# span 7 =    18.3928,    20.4233       
# span 8 =   4.818594,   5.034180       
# span 9 =    36.5351,    36.6200       
# span 10 =     0.0166,     0.8575      
# span 11 = 1.0000e-12, 1.0000e-12      
# span 12 =    -0.0085,     0.0766      
# span 13 =    98.1018,   100.2130      
# span 14 =       0.97,      98.80      
# span 15 =    187.589,    223.279      
# span 16 =     4.3109,     5.1299      
# span 17 = 1.0252e+02, 1.3207e+02      
# span 18 =          1,          1      
# span 19 =         16,       1421      
# span 20 = 0.0000e+00, 0.0000e+00      
# interval = decibars: 1                
# start_time = May 02 2012 22:03:41 [NMEA time, header]
# bad_flag = -9.990e-29
*END*
[from data line 345]
   33.15082  -65.68548    19.5553   4.941041    36.5918     53.640     54.028    19.5447   4.939737    36.5904     0.2555 1.0000e-12     0.0694    98.2800      98.77    222.042     5.1016 1.0261e+02          1         20 0.0000e+00
   33.15082  -65.68548    19.5715   4.942688    36.5914     52.650     53.031    19.5686   4.942384    36.5915     0.2468 1.0000e-12     0.0707    98.2479      98.77    222.072     5.1023 1.0261e+02          1         24 0.0000e+00
   33.15082  -65.68548    19.5914   4.944837    36.5921     51.629     52.003    19.5852   4.943749    36.5885     0.2628 1.0000e-12     0.0722    98.2123      98.77    222.325     5.1080 1.0287e+02          1         26 0.0000e+00
   33.15082  -65.68548    19.6061   4.946321    36.5918     50.643     51.009    19.6023   4.945227    36.5861     0.2542 1.0000e-12     0.0722    98.2127      98.37    222.455     5.1110 1.0261e+02          1         27 0.0000e+00
   33.15082  -65.68548    19.6244   4.948486    36.5940     49.648     50.007    19.6386   4.949869    36.5927     0.2330 1.0000e-12     0.0722    98.2117      98.78    222.835     5.1197 1.0261e+02          1         22 0.0000e+00
   33.15082  -65.68548    19.6732   4.953895    36.5957     48.666     49.018    19.6813   4.954592    36.5942     0.2218 1.0000e-12     0.0754    98.1309      72.32    222.641     5.1152 1.0272e+02          1         20 0.0000e+00
   33.15082  -65.68548    19.7243   4.959306    36.5954     47.668     48.012    19.7205   4.958422    36.5915     0.2407 1.0000e-12     0.0755    98.1291      70.98    222.052     5.1016 1.0261e+02          1         21 0.0000e+00
   33.15082  -65.68548    19.8158   4.968697    36.5920     46.659     46.996    19.7992   4.966089    36.5853     0.2265 1.0000e-12     0.0766    98.1018      66.94    221.646     5.0921 1.0270e+02          1         25 0.0000e+00
   33.15082  -65.68548    19.8634   4.974243    36.5966     45.668     45.998    19.8464   4.971216    36.5867     0.2271 1.0000e-12     0.0732    98.1865      84.87    221.510     5.0890 1.0261e+02          1         31 0.0000e+00
   33.15082  -65.68548    19.8978   4.977341    36.5927     44.668     44.990    19.9032   4.977021    36.5851     0.2295 1.0000e-12     0.0704    98.2548      98.77    222.143     5.1035 1.0270e+02          1         26 0.0000e+00
   33.15082  -65.68548    19.9665   4.984732    36.5933     43.687     44.002    19.9833   4.986614    36.5938     0.2070 1.0000e-12     0.0698    98.2701      98.77    221.366     5.0855 1.0271e+02          1         22 0.0000e+00
   33.15084  -65.68548    20.0584   4.994634    36.5940     42.688     42.996    20.0617   4.994752    36.5921     0.1959 1.0000e-12     0.0697    98.2747      98.77    220.534     5.0663 1.0280e+02          1         23 0.0000e+00
   33.15084  -65.68548    20.0751   4.996454    36.5956     41.687     41.988    20.0716   4.996133    36.5960     0.1909 1.0000e-12     0.0693    98.2822      98.77    220.557     5.0668 1.0252e+02          1         24 0.0000e+00
   33.15084  -65.68548    20.0886   4.997835    36.5962     40.706     41.000    20.0765   4.996706    36.5977     0.1790 1.0000e-12     0.0675    98.3271      98.77    219.507     5.0427 1.0261e+02          1         25 0.0000e+00
   33.15084  -65.68548    20.0967   4.998775    36.5980     39.625     39.911    20.0820   4.997160    36.5978     0.1747 1.0000e-12     0.0685    98.3036      98.77    219.642     5.0458 1.0254e+02          1         30 0.0000e+00
   33.15084  -65.68548    20.1124   5.000354    36.5985     38.646     38.924    20.1165   5.000756    36.5981     0.1469 1.0000e-12     0.0666    98.3496      98.77    219.517     5.0429 1.0271e+02          1         45 0.0000e+00
   33.15084  -65.68548    20.1281   5.002033    36.6001     37.782     38.054    20.1410   5.003395    36.5997     0.1413 1.0000e-12     0.0637    98.4200      98.77    219.191     5.0354 1.0268e+02          1         66 0.0000e+00
   33.15084  -65.68548    20.1721   5.006784    36.6025     36.784     37.049    20.1739   5.007073    36.6034     0.1484 1.0000e-12     0.0609    98.4893      98.77    219.579     5.0442 1.0269e+02          1        184 0.0000e+00
   33.15084  -65.68548    20.1852   5.008012    36.6027     35.804     36.062    20.1911   5.008897    36.6049     0.1530 1.0000e-12     0.0574    98.5755      98.78    219.307     5.0380 1.0280e+02          1         59 0.0000e+00
   33.15086  -65.68551    20.2351   5.013852    36.6088     34.746     34.996    20.2365   5.014047    36.6092     0.1081 1.0000e-12     0.0567    98.5931      97.12    219.187     5.0352 1.0349e+02          1         81 0.0000e+00
   33.15086  -65.68552    20.2408   5.014493    36.6098     33.763     34.006    20.2429   5.014802    36.6105     0.1342 1.0000e-12     0.0574    98.5764      98.78    219.115     5.0335 1.0432e+02          1         69 0.0000e+00
   33.15086  -65.68552    20.2463   5.015057    36.6099     32.758     32.994    20.2474   5.015239    36.6105     0.1057 1.0000e-12     0.0566    98.5948      98.78    218.620     5.0221 1.0428e+02          1         40 0.0000e+00
   33.15086  -65.68552    20.2598   5.016502    36.6102     31.747     31.975    20.2544   5.016013    36.6110     0.1341 1.0000e-12     0.0561    98.6082      98.74    218.305     5.0149 1.0460e+02          1         56 0.0000e+00
   33.15086  -65.68552    20.2632   5.017060    36.6122     30.808     31.029    20.2648   5.017193    36.6119     0.1347 1.0000e-12     0.0554    98.6253      98.78    219.153     5.0344 1.0464e+02          1         44 0.0000e+00
   33.15086  -65.68552    20.2684   5.017562    36.6122     29.757     29.971    20.2673   5.017551    36.6131     0.1271 1.0000e-12     0.0562    98.6050      98.78    218.996     5.0307 1.0441e+02          1         47 0.0000e+00
   33.15086  -65.68552    20.2714   5.017856    36.6124     28.840     29.048    20.2697   5.017775    36.6132     0.1182 1.0000e-12     0.0569    98.5880      98.78    218.383     5.0166 1.0474e+02          1         43 0.0000e+00
   33.15087  -65.68552    20.2710   5.017822    36.6129     27.778     27.978    20.2736   5.018199    36.6137     0.1107 1.0000e-12     0.0563    98.6011      98.78    218.557     5.0207 1.0488e+02          1         54 0.0000e+00
   33.15088  -65.68552    20.2798   5.018699    36.6128     26.852     27.045    20.2764   5.018438    36.6136     0.1129 1.0000e-12     0.0572    98.5804      98.78    217.997     5.0078 1.0489e+02          1         48 0.0000e+00
   33.15088  -65.68552    20.2959   5.020530    36.6139     25.805     25.990    20.2838   5.019156    36.6134     0.1063 1.0000e-12     0.0563    98.6014      98.78    218.776     5.0257 1.0479e+02          1         41 0.0000e+00
   33.15088  -65.68552    20.3110   5.022156    36.6143     24.857     25.035    20.2975   5.020608    36.6135     0.1096 1.0000e-12     0.0553    98.6267      98.78    218.601     5.0216 1.0490e+02          1         38 0.0000e+00
   33.15088  -65.68552    20.3215   5.023312    36.6150     23.822     23.992    20.3129   5.022353    36.6147     0.0988 1.0000e-12     0.0548    98.6391      98.78    218.510     5.0195 1.0500e+02          1         41 0.0000e+00
   33.15088  -65.68552    20.3350   5.024726    36.6152     22.884     23.048    20.3267   5.023954    36.6161     0.1077 1.0000e-12     0.0541    98.6561      98.78    218.926     5.0290 1.0540e+02          1         75 0.0000e+00
   33.15088  -65.68552    20.3416   5.025385    36.6154     21.886     22.043    20.3334   5.024548    36.6157     0.0969 1.0000e-12     0.0561    98.6061      98.78    218.487     5.0190 1.0519e+02          1         32 0.0000e+00
   33.15088  -65.68552    20.3658   5.027990    36.6158     20.817     20.966    20.3531   5.026530    36.6149     0.1161 1.0000e-12     0.0538    98.6654      98.78    218.423     5.0175 1.0572e+02          1         33 0.0000e+00
   33.15088  -65.68552    20.3653   5.027980    36.6169     19.912     20.055    20.3511   5.026483    36.6171     0.1073 1.0000e-12     0.0542    98.6534      98.79    218.271     5.0140 1.0634e+02          1        163 0.0000e+00
   33.15090  -65.68552    20.3806   5.029564    36.6176     18.978     19.114    20.3795   5.029538    36.6183     0.1029 1.0000e-12     0.0537    98.6660      94.34    218.278     5.0141 1.0909e+02          1       1421 0.0000e+00
   33.15092  -65.68552    20.3792   5.029399    36.6178     17.951     18.080    20.3733   5.028785    36.6180     0.1002 1.0000e-12     0.0546    98.6452      97.39    218.257     5.0136 1.1145e+02          1         81 0.0000e+00
   33.15092  -65.68552    20.3815   5.029581    36.6177     16.819     16.939    20.3832   5.029818    36.6180     0.0970 1.0000e-12     0.0558    98.6160      75.93    218.370     5.0162 1.1153e+02          1        106 0.0000e+00
   33.15092  -65.68552    20.3797   5.029347    36.6177     15.944     16.059    20.3833   5.029803    36.6183     0.1073 1.0000e-12     0.0539    98.6611      98.79    218.459     5.0183 1.1149e+02          1         55 0.0000e+00
   33.15094  -65.68552    20.3857   5.029958    36.6179     14.799     14.904    20.3844   5.029880    36.6184     0.1052 1.0000e-12     0.0539    98.6618      98.79    217.994     5.0076 1.1153e+02          1        118 0.0000e+00
   33.15094  -65.68550    20.3939   5.030811    36.6180     13.929     14.029    20.3861   5.030027    36.6185     0.1103 1.0000e-12     0.0525    98.6961      98.79    218.326     5.0152 1.1161e+02          1         55 0.0000e+00
   33.15094  -65.68550    20.4079   5.032343    36.6186     12.823     12.915    20.4001   5.031492    36.6185     0.1049 1.0000e-12     0.0535    98.6708      98.79    218.212     5.0126 1.1160e+02          1         95 0.0000e+00
   33.15094  -65.68550    20.4111   5.032577    36.6182     11.921     12.006    20.4086   5.032427    36.6191     0.0958 1.0000e-12     0.0538    98.6654      98.79    218.528     5.0198 1.1178e+02          1         79 0.0000e+00
   33.15094  -65.68550    20.4132   5.032800    36.6186     10.961     11.039    20.4114   5.032673    36.6191     0.1152 1.0000e-12     0.0534    98.6747      98.79    217.705     5.0009 1.1173e+02          1         68 0.0000e+00
   33.15094  -65.68550    20.4166   5.033144    36.6188     10.061     10.133    20.4131   5.032841    36.6194     0.1001 1.0000e-12     0.0541    98.6571      98.79    217.847     5.0042 1.1210e+02          1        101 0.0000e+00
   33.15094  -65.68550    20.4170   5.033154    36.6191      8.854      8.917    20.4160   5.033085    36.6194     0.1095 1.0000e-12     0.0570    98.5852      98.79    218.366     5.0161 1.1196e+02          1         57 0.0000e+00
   33.15096  -65.68550    20.4153   5.032923    36.6191      8.102      8.160    20.4161   5.033083    36.6196     0.1003 1.0000e-12     0.0544    98.6495      98.79    218.363     5.0160 1.1221e+02          1        111 0.0000e+00
   33.15094  -65.68550    20.4157   5.032910    36.6191      6.948      6.998    20.4152   5.032937    36.6197     0.1095 1.0000e-12     0.0539    98.6607      98.80    218.017     5.0081 1.1194e+02          1         66 0.0000e+00
   33.15095  -65.68550    20.4130   5.032585    36.6192      5.935      5.977    20.4135   5.032710    36.6198     0.0947 1.0000e-12     0.0538    98.6633      98.80    218.345     5.0156 1.1245e+02          1        167 0.0000e+00
   33.15097  -65.68551    20.4131   5.032556    36.6191      5.103      5.140    20.4130   5.032611    36.6197     0.1053 1.0000e-12     0.0553    98.6277      84.83    218.265     5.0138 1.1356e+02          1       1026 0.0000e+00
   33.15098  -65.68552    20.4119   5.032373    36.6191      4.056      4.085    20.4114   5.032396    36.6197     0.1108 1.0000e-12     0.0549    98.6359      81.18    218.163     5.0115 1.1456e+02          1         97 0.0000e+00
   33.15100  -65.68552    20.4108   5.032219    36.6191      3.224      3.247    20.4105   5.032251    36.6196     0.1036 1.0000e-12     0.0541    98.6581      85.56    218.187     5.0120 1.1539e+02          1        122 0.0000e+00
   33.15100  -65.68552    20.4081   5.031869    36.6190      2.161      2.176    20.4073   5.031853    36.6195     0.1039 1.0000e-12     0.0535    98.6706      91.65    218.105     5.0101 1.1576e+02          1        225 0.0000e+00
