Data/ruptures/KN207-01/QL-2/20701056.cnv
* Sea-Bird SBE 9 Data File:
* FileName = C:\Data\ctd\20701056.hex
* Software Version Seasave V 7.21e
* Temperature SN = 4406
* Conductivity SN = 1474
* Number of Bytes Per Scan = 40
* Number of Voltage Words = 5
* Number of Scans Averaged by the Deck Unit = 1
* NMEA Latitude = 32 56.37 N
* NMEA Longitude = 065 57.17 W
* NMEA UTC (Time) = Apr 30 2012 03:58:14
** R/V Knorr Cruise # KN207-01 QL2
** Chief Scientist: Ben Van Mooy
# nquan = 21
# nvalues = 398                         
# units = specified
# name 0 = latitude: Latitude [deg]
# name 1 = longitude: Longitude [deg]
# name 2 = t090C: Temperature [ITS-90, deg C]
# name 3 = c0S/m: Conductivity [S/m]
# name 4 = sal00: Salinity, Practical [PSU]
# name 5 = depSM: Depth [salt water, m]
# name 6 = prDM: Pressure, Digiquartz [db]
# name 7 = t190C: Temperature, 2 [ITS-90, deg C]
# name 8 = c1S/m: Conductivity, 2 [S/m]
# name 9 = sal11: Salinity, Practical, 2 [PSU]
# name 10 = flECO-AFL: Fluorescence, WET Labs ECO-AFL/FL [mg/m^3]
# name 11 = par: PAR/Irradiance, Biospherical/Licor
# name 12 = bat: Beam Attenuation, Chelsea/Seatech [1/m]
# name 13 = xmiss: Beam Transmission, Chelsea/Seatech [%]
# name 14 = altM: Altimeter [m]
# name 15 = sbeox0Mm/Kg: Oxygen, SBE 43 [umol/kg]
# name 16 = sbeox0ML/L: Oxygen, SBE 43 [ml/l]
# name 17 = spar: SPAR/Surface Irradiance
# name 18 = pumps: Pump Status
# name 19 = nbin: number of scans per bin
# name 20 = flag: flag
# span 0 =   32.93832,   32.93964       
# span 1 =  -65.95298,  -65.95201       
# span 2 =    18.0120,    20.4517       
# span 3 =   4.573303,   5.034911       
# span 4 =    32.8671,    37.0001       
# span 5 =      3.112,    200.207       
# span 6 =      3.134,    201.726       
# span 7 =    18.0117,    20.4516       
# span 8 =   4.776435,   5.034734       
# span 9 =    35.1440,    36.9946       
# span 10 =    -0.0075,     0.8120      
# span 11 = 1.0000e-12, 1.0000e-12      
# span 12 =    -0.0111,     0.1939      
# span 13 =    95.2774,   100.2778      
# span 14 =       1.23,      98.76      
# span 15 =    129.966,    371.011      
# span 16 =     2.9870,     8.5212      
# span 17 = 1.3384e+01, 1.4418e+01      
# span 18 =          1,          1      
# span 19 =         15,        729      
# span 20 = 0.0000e+00, 0.0000e+00      
# interval = decibars: 1                
# start_time = Apr 30 2012 03:58:14 [NMEA time, header]
# bad_flag = -9.990e-29
*END*
   32.93964  -65.95298    20.4461   4.573303    32.8671      3.733      3.759    20.4477   4.855231    35.1440     0.1185 1.0000e-12     0.0616    98.4723      43.71    294.293     6.7413 1.3491e+01          1        543 0.0000e+00
   32.93960  -65.95296    20.4487   4.952277    35.9326      4.977      5.012    20.4486   4.995516    36.2856     0.1183 1.0000e-12     0.0605    98.4985       5.28    307.560     7.0613 1.3533e+01          1         60 0.0000e+00
   32.93960  -65.95296    20.4489   4.990790    36.2464      5.899      5.941    20.4488   5.013516    36.4322     0.1280 1.0000e-12     0.0607    98.4948      24.83    330.628     7.5927 1.3424e+01          1         56 0.0000e+00
   32.93960  -65.95296    20.4495   4.998768    36.3107      6.982      7.031    20.4494   5.019962    36.4840     0.1197 1.0000e-12     0.0613    98.4782      66.62    349.630     8.0294 1.3513e+01          1         52 0.0000e+00
   32.93960  -65.95294    20.4498   5.012097    36.4190      7.919      7.975    20.4502   5.023123    36.5088     0.0978 1.0000e-12     0.0632    98.4325      98.67    371.011     8.5212 1.3587e+01          1         44 0.0000e+00
   32.93960  -65.95294    20.4488   5.016438    36.4549      8.959      9.023    20.4486   5.025339    36.5279     0.1136 1.0000e-12     0.0610    98.4872      98.67    346.569     7.9600 1.3570e+01          1         48 0.0000e+00
   32.93959  -65.95294    20.4489   5.019406    36.4788      9.837      9.907    20.4486   5.025667    36.5302     0.1102 1.0000e-12     0.0607    98.4931      98.66    210.518     4.8353 1.3430e+01          1         48 0.0000e+00
   32.93958  -65.95294    20.4497   5.022831    36.5057     10.948     11.026    20.4492   5.028998    36.5565     0.1065 1.0000e-12     0.0628    98.4419      98.66    190.884     4.3844 1.3607e+01          1         40 0.0000e+00
   32.93958  -65.95294    20.4498   5.024256    36.5169     11.914     11.998    20.4502   5.029681    36.5609     0.1083 1.0000e-12     0.0615    98.4728      98.67    190.038     4.3650 1.3663e+01          1         56 0.0000e+00
   32.93958  -65.95294    20.4507   5.026896    36.5373     12.881     12.973    20.4507   5.029867    36.5616     0.1153 1.0000e-12     0.0601    98.5079      98.67    186.353     4.2804 1.3573e+01          1         59 0.0000e+00
   32.93958  -65.95294    20.4517   5.028353    36.5480     13.856     13.955    20.4515   5.031180    36.5713     0.1061 1.0000e-12     0.0607    98.4952      98.67    176.446     4.0529 1.3565e+01          1         37 0.0000e+00
   32.93958  -65.95293    20.4514   5.027492    36.5408     14.931     15.037    20.4516   5.031735    36.5754     0.1245 1.0000e-12     0.0624    98.4513      98.67    184.203     4.2310 1.3511e+01          1         35 0.0000e+00
   32.93958  -65.95292    20.4514   5.010322    36.4001     15.943     16.057    20.4512   5.031220    36.5711     0.1129 1.0000e-12     0.0664    98.3543      98.66    196.928     4.5229 1.3541e+01          1         71 0.0000e+00
   32.93957  -65.95292    20.4496   5.025699    36.5271     16.820     16.941    20.4503   5.032030    36.5782     0.1024 1.0000e-12     0.0594    98.5258      98.67    168.622     3.8731 1.3384e+01          1         48 0.0000e+00
   32.93956  -65.95292    20.4443   5.028976    36.5583     17.832     17.959    20.4482   5.032435    36.5831     0.1037 1.0000e-12     0.0620    98.4612      98.66    165.270     3.7962 1.3496e+01          1         40 0.0000e+00
   32.93956  -65.95292    20.4418   5.029266    36.5625     18.827     18.962    20.4451   5.032499    36.5859     0.1148 1.0000e-12     0.0621    98.4593      98.66    176.498     4.0541 1.3600e+01          1         31 0.0000e+00
   32.93956  -65.95291    20.4351   5.016246    36.4614     19.970     20.113    20.4183   5.032478    36.6091     0.1179 1.0000e-12     0.0620    98.4619      98.67    173.330     3.9811 1.3419e+01          1         64 0.0000e+00
   32.93956  -65.95290    20.4123   5.012673    36.4521     20.777     20.925    20.3620   5.032447    36.6584     0.1171 1.0000e-12     0.0636    98.4220      98.67    160.959     3.6970 1.3422e+01          1         58 0.0000e+00
   32.93955  -65.95290    20.3060   5.022675    36.6277     21.847     22.003    20.3152   5.032454    36.6993     0.1078 1.0000e-12     0.0624    98.4512      98.66    163.924     3.7656 1.3435e+01          1         44 0.0000e+00
   32.93954  -65.95290    20.2732   5.021456    36.6459     22.814     22.977    20.2838   5.032139    36.7239     0.1065 1.0000e-12     0.0631    98.4351      98.67    172.029     3.9519 1.3575e+01          1         35 0.0000e+00
   32.93954  -65.95290    20.2493   5.015935    36.6210     23.857     24.027    20.2499   5.026579    36.7077     0.1205 1.0000e-12     0.0639    98.4153      98.67    175.223     4.0252 1.3384e+01          1         33 0.0000e+00
   32.93953  -65.95290    20.3091   4.998789    36.4262     24.754     24.931    20.2313   5.023309    36.6962     0.1117 1.0000e-12     0.0643    98.4041      98.66    161.288     3.7045 1.3505e+01          1         92 0.0000e+00
   32.93952  -65.95290    20.2304   5.008396    36.5742     25.805     25.989    20.2203   5.021209    36.6876     0.1054 1.0000e-12     0.0648    98.3935      98.67    160.988     3.6981 1.3452e+01          1         33 0.0000e+00
   32.93952  -65.95290    20.2113   5.010562    36.6082     26.782     26.973    20.2084   5.018927    36.6788     0.1166 1.0000e-12     0.0646    98.3979      98.67    162.721     3.7380 1.3444e+01          1         37 0.0000e+00
   32.93952  -65.95290    20.2012   5.011580    36.6247     27.800     27.999    20.1962   5.017323    36.6758     0.1200 1.0000e-12     0.0656    98.3740      98.67    173.349     3.9823 1.3490e+01          1         42 0.0000e+00
   32.93952  -65.95290    20.1804   5.011806    36.6441     28.868     29.074    20.1750   5.016671    36.6885     0.1203 1.0000e-12     0.0663    98.3565      98.67    160.288     3.6823 1.3384e+01          1         75 0.0000e+00
   32.93952  -65.95288    20.1675   5.012692    36.6619     29.716     29.929    20.1659   5.016477    36.6942     0.1383 1.0000e-12     0.0659    98.3652      98.67    146.268     3.3603 1.3468e+01          1         53 0.0000e+00
   32.93952  -65.95288    20.1637   5.011440    36.6542     30.746     30.967    20.1612   5.014435    36.6809     0.1221 1.0000e-12     0.0698    98.2696      98.67    142.419     3.2718 1.3663e+01          1         32 0.0000e+00
   32.93952  -65.95288    20.1596   5.010423    36.6489     31.772     32.000    20.1586   5.012929    36.6702     0.1292 1.0000e-12     0.0697    98.2744      98.67    142.243     3.2678 1.3384e+01          1         32 0.0000e+00
   32.93950  -65.95288    20.1553   5.010562    36.6533     32.832     33.068    20.1552   5.011917    36.6643     0.1202 1.0000e-12     0.0687    98.2964      98.67    145.480     3.3421 1.3632e+01          1         45 0.0000e+00
   32.93950  -65.95288    20.1529   5.010995    36.6583     33.611     33.853    20.1535   5.012562    36.6706     0.1401 1.0000e-12     0.0674    98.3285      94.16    147.667     3.3924 1.3494e+01          1         81 0.0000e+00
   32.93950  -65.95288    20.1512   5.009151    36.6441     34.755     35.005    20.1514   5.011462    36.6629     0.1429 1.0000e-12     0.0667    98.3463      61.15    142.916     3.2832 1.3511e+01          1         35 0.0000e+00
   32.93950  -65.95288    20.1479   5.008779    36.6435     35.766     36.023    20.1483   5.010706    36.6589     0.1360 1.0000e-12     0.0702    98.2600      69.61    142.499     3.2736 1.3570e+01          1         36 0.0000e+00
   32.93950  -65.95288    20.1391   5.008210    36.6462     36.766     37.030    20.1409   5.010236    36.6612     0.1452 1.0000e-12     0.0670    98.3403      90.31    145.379     3.3398 1.3543e+01          1         42 0.0000e+00
   32.93948  -65.95286    20.1162   5.008696    36.6701     37.676     37.946    20.1142   5.010274    36.6849     0.1537 1.0000e-12     0.0694    98.2795      98.72    150.834     3.4652 1.3469e+01          1         79 0.0000e+00
   32.93948  -65.95286    20.0863   5.007423    36.6857     38.682     38.960    20.0876   5.009769    36.7038     0.1477 1.0000e-12     0.0686    98.3007      71.69    144.248     3.3140 1.3443e+01          1         38 0.0000e+00
   32.93948  -65.95286    20.0569   5.006527    36.7040     39.718     40.004    20.0620   5.008744    36.7177     0.1613 1.0000e-12     0.0714    98.2308      88.95    143.708     3.3016 1.3533e+01          1         30 0.0000e+00
   32.93948  -65.95286    20.0089   5.006230    36.7439     40.783     41.076    20.0103   5.007913    36.7565     0.1486 1.0000e-12     0.0719    98.2191      79.06    143.185     3.2898 1.3765e+01          1         41 0.0000e+00
   32.93946  -65.95286    19.9737   5.006060    36.7729     41.585     41.885    19.9763   5.007705    36.7841     0.1696 1.0000e-12     0.0701    98.2639      98.67    140.204     3.2214 1.3409e+01          1         90 0.0000e+00
   32.93946  -65.95286    19.9197   5.003653    36.8004     42.675     42.982    19.9206   5.006305    36.8215     0.1875 1.0000e-12     0.0709    98.2424      98.67    138.509     3.1826 1.3703e+01          1         28 0.0000e+00
   32.93946  -65.95286    19.8651   5.002181    36.8365     43.692     44.007    19.8459   5.004024    36.8692     0.1669 1.0000e-12     0.0715    98.2291      98.67    139.565     3.2069 1.3458e+01          1         30 0.0000e+00
   32.93946  -65.95286    19.7521   5.000644    36.9248     44.720     45.042    19.7497   5.002436    36.9419     0.1687 1.0000e-12     0.0715    98.2293      98.67    139.237     3.1997 1.3607e+01          1         40 0.0000e+00
   32.93946  -65.95285    19.7087   5.000198    36.9581     45.569     45.897    19.7021   5.002026    36.9792     0.2023 1.0000e-12     0.0687    98.2975      98.67    137.983     3.1710 1.3519e+01          1         99 0.0000e+00
   32.93946  -65.95284    19.6646   4.995504    36.9572     46.674     47.010    19.6814   4.998665    36.9682     0.1983 1.0000e-12     0.0685    98.3014      98.67    133.861     3.0763 1.3477e+01          1         24 0.0000e+00
   32.93946  -65.95284    19.6458   4.992689    36.9499     47.713     48.057    19.6500   4.995642    36.9706     0.1949 1.0000e-12     0.0685    98.3014      98.67    134.957     3.1015 1.3384e+01          1         25 0.0000e+00
   32.93945  -65.95284    19.6014   4.991032    36.9751     48.763     49.115    19.5986   4.993066    36.9946     0.2014 1.0000e-12     0.0689    98.2932      98.67    135.311     3.1097 1.3422e+01          1         59 0.0000e+00
   32.93944  -65.95284    19.5621   4.989945    37.0001     49.537     49.895    19.5506   4.987475    36.9900     0.2233 1.0000e-12     0.0657    98.3717      98.66    131.786     3.0288 1.3384e+01          1         65 0.0000e+00
   32.93944  -65.95284    19.5143   4.982732    36.9820     50.610     50.975    19.5076   4.965297    36.8425     0.2022 1.0000e-12     0.0615    98.4754      98.67    129.966     2.9870 1.3515e+01          1         34 0.0000e+00
   32.93944  -65.95284    19.4960   4.969851    36.8900     51.658     52.031    19.4899   4.948956    36.7209     0.1990 1.0000e-12     0.0626    98.4474      98.67    133.977     3.0789 1.3560e+01          1         38 0.0000e+00
   32.93944  -65.95284    19.4724   4.948606    36.7327     52.687     53.068    19.4700   4.940290    36.6652     0.2191 1.0000e-12     0.0607    98.4938      98.67    157.359     3.6159 1.3487e+01          1         65 0.0000e+00
   32.93943  -65.95283    19.4599   4.939079    36.6632     53.556     53.943    19.4596   4.935505    36.6336     0.2287 1.0000e-12     0.0579    98.5626      98.67    197.654     4.5416 1.3434e+01          1         45 0.0000e+00
   32.93942  -65.95282    19.4524   4.935390    36.6383     54.599     54.994    19.4523   4.932673    36.6156     0.2330 1.0000e-12     0.0575    98.5724      98.67    205.804     4.7288 1.3551e+01          1         40 0.0000e+00
   32.93942  -65.95282    19.4440   4.932610    36.6217     55.555     55.957    19.4439   4.930844    36.6070     0.2400 1.0000e-12     0.0602    98.5072      98.67    205.614     4.7244 1.3504e+01          1         56 0.0000e+00
   32.93942  -65.95282    19.4337   4.930085    36.6091     56.569     56.978    19.4337   4.929070    36.6006     0.2352 1.0000e-12     0.0569    98.5883      98.57    209.044     4.8031 1.3384e+01          1         33 0.0000e+00
   32.93942  -65.95282    19.4322   4.929252    36.6028     57.664     58.081    19.4323   4.928748    36.5985     0.2469 1.0000e-12     0.0648    98.3932      98.67    211.712     4.8644 1.3627e+01          1         46 0.0000e+00
   32.93941  -65.95282    19.4297   4.928482    36.5980     58.467     58.891    19.4301   4.928417    36.5970     0.2737 1.0000e-12     0.0702    98.2615      98.67    215.991     4.9627 1.3539e+01          1         72 0.0000e+00
   32.93940  -65.95282    19.4234   4.927666    36.5961     59.525     59.956    19.4233   4.927674    36.5963     0.2885 1.0000e-12     0.0737    98.1752      98.67    215.851     4.9595 1.3461e+01          1         29 0.0000e+00
   32.93940  -65.95282    19.4204   4.927296    36.5953     60.583     61.022    19.4204   4.927352    36.5956     0.2684 1.0000e-12     0.0654    98.3779      98.66    216.131     4.9659 1.3515e+01          1         34 0.0000e+00
   32.93940  -65.95281    19.4187   4.927200    36.5954     61.494     61.940    19.4194   4.927261    36.5953     0.2800 1.0000e-12     0.0696    98.2760      76.16    214.976     4.9394 1.3589e+01          1         76 0.0000e+00
   32.93940  -65.95280    19.4156   4.926991    36.5959     62.545     62.998    19.4157   4.926972    36.5957     0.2802 1.0000e-12     0.0756    98.1274      98.73    213.678     4.9096 1.3575e+01          1         35 0.0000e+00
   32.93940  -65.95280    19.4135   4.926780    36.5955     63.603     64.064    19.4134   4.926861    36.5962     0.2955 1.0000e-12     0.0682    98.3097      98.67    214.383     4.9258 1.3384e+01          1         42 0.0000e+00
   32.93940  -65.95280    19.4135   4.926819    36.5954     64.471     64.938    19.4133   4.926890    36.5961     0.3134 1.0000e-12     0.0553    98.6280      98.67    214.064     4.9185 1.3384e+01          1         57 0.0000e+00
   32.93940  -65.95280    19.4136   4.926912    36.5956     65.476     65.951    19.4135   4.927021    36.5966     0.3133 1.0000e-12     0.0539    98.6613      98.67    213.139     4.8972 1.3570e+01          1         36 0.0000e+00
   32.93939  -65.95280    19.4122   4.926792    36.5954     66.560     67.043    19.4121   4.926952    36.5969     0.2862 1.0000e-12     0.0557    98.6174      98.66    214.347     4.9250 1.3594e+01          1         53 0.0000e+00
   32.93938  -65.95280    19.4092   4.926498    36.5952     67.449     67.938    19.4091   4.926680    36.5969     0.3164 1.0000e-12     0.0561    98.6082      98.67    215.086     4.9420 1.3687e+01          1         59 0.0000e+00
   32.93938  -65.95280    19.4062   4.926238    36.5953     68.485     68.983    19.4061   4.926412    36.5969     0.2861 1.0000e-12     0.0561    98.6077      98.67    214.947     4.9388 1.3654e+01          1         33 0.0000e+00
   32.93938  -65.95280    19.4047   4.926149    36.5955     69.478     69.983    19.4046   4.926244    36.5964     0.2919 1.0000e-12     0.0514    98.7242      98.67    215.387     4.9489 1.3694e+01          1         36 0.0000e+00
   32.93938  -65.95280    19.4033   4.926010    36.5952     70.445     70.957    19.4031   4.926136    36.5964     0.3148 1.0000e-12     0.0492    98.7764      89.85    215.759     4.9574 1.3621e+01          1         66 0.0000e+00
