Data/ruptures/KN207-01/QL-2/20701080.cnv
* Sea-Bird SBE 9 Data File:
* FileName = C:\Data\ctd\20701080.hex
* Software Version Seasave V 7.21e
* Temperature SN = 4406
* Conductivity SN = 1474
* Number of Bytes Per Scan = 40
* Number of Voltage Words = 5
* Number of Scans Averaged by the Deck Unit = 1
* NMEA Latitude = 33 09.93 N
* NMEA Longitude = 065 41.19 W
* NMEA UTC (Time) = May 03 2012 00:04:30
** R/V Knorr Cruise # KN207-01 QL 2
** Chief Scientist: Ben Van Mooy
# nquan = 21
# nvalues = 398                         
# units = specified
# name 0 = latitude: Latitude [deg]
# name 1 = longitude: Longitude [deg]
# name 2 = t090C: Temperature [ITS-90, deg C]
# name 3 = c0S/m: Conductivity [S/m]
# name 4 = sal00: Salinity, Practical [PSU]
# name 5 = depSM: Depth [salt water, m]
# name 6 = prDM: Pressure, Digiquartz [db]
# name 7 = t190C: Temperature, 2 [ITS-90, deg C]
# name 8 = c1S/m: Conductivity, 2 [S/m]
# name 9 = sal11: Salinity, Practical, 2 [PSU]
# name 10 = flECO-AFL: Fluorescence, WET Labs ECO-AFL/FL [mg/m^3]
# name 11 = par: PAR/Irradiance, Biospherical/Licor
# name 12 = bat: Beam Attenuation, Chelsea/Seatech [1/m]
# name 13 = xmiss: Beam Transmission, Chelsea/Seatech [%]
# name 14 = altM: Altimeter [m]
# name 15 = sbeox0Mm/Kg: Oxygen, SBE 43 [umol/kg]
# name 16 = sbeox0ML/L: Oxygen, SBE 43 [ml/l]
# name 17 = spar: SPAR/Surface Irradiance
# name 18 = pumps: Pump Status
# name 19 = nbin: number of scans per bin
# name 20 = flag: flag
# span 0 =   33.16564,   33.16628       
# span 1 =  -65.68660,  -65.68650       
# span 2 =    18.2087,    20.3858       
# span 3 =   4.799119,   5.029925       
# span 4 =    36.5295,    36.6185       
# span 5 =      3.363,    200.223       
# span 6 =      3.387,    201.746       
# span 7 =    18.2083,    20.3855       
# span 8 =   4.799172,   5.030161       
# span 9 =    36.5275,    36.6191       
# span 10 =     0.0156,     0.7732      
# span 11 = 1.0000e-12, 1.0000e-12      
# span 12 =    -0.0120,     0.0735      
# span 13 =    98.1796,   100.2989      
# span 14 =       0.92,      98.98      
# span 15 =    188.067,    223.438      
# span 16 =     4.3223,     5.1337      
# span 17 = 1.4409e+01, 1.5663e+01      
# span 18 =          1,          1      
# span 19 =         17,       1039      
# span 20 = 0.0000e+00, 0.0000e+00      
# interval = decibars: 1                
# start_time = May 03 2012 00:04:30 [NMEA time, header]
# bad_flag = -9.990e-29
*END*
   33.16564  -65.68654    20.3809   5.028918    36.6177      3.953      3.982    20.3804   5.029008    36.6188     0.1157 1.0000e-12     0.0527    98.6911      66.60    217.946     5.0065 1.4896e+01          1        797 0.0000e+00
   33.16564  -65.68652    20.3807   5.028979    36.6179      5.125      5.161    20.3810   5.029127    36.6189     0.1135 1.0000e-12     0.0543    98.6509      10.87    218.101     5.0101 1.4918e+01          1        112 0.0000e+00
   33.16564  -65.68652    20.3821   5.029171    36.6179      6.004      6.047    20.3824   5.029316    36.6189     0.1203 1.0000e-12     0.0533    98.6760       1.04    217.644     4.9995 1.4659e+01          1         49 0.0000e+00
   33.16564  -65.68652    20.3837   5.029360    36.6177      6.874      6.923    20.3832   5.029428    36.6188     0.1162 1.0000e-12     0.0514    98.7228       1.04    218.156     5.0113 1.4967e+01          1         93 0.0000e+00
   33.16566  -65.68652    20.3849   5.029530    36.6177      7.938      7.995    20.3846   5.029633    36.6188     0.1137 1.0000e-12     0.0528    98.6890       1.04    217.932     5.0062 1.4989e+01          1         57 0.0000e+00
   33.16566  -65.68652    20.3858   5.029674    36.6177      8.943      9.007    20.3855   5.029768    36.6187     0.1170 1.0000e-12     0.0516    98.7178       1.03    218.210     5.0125 1.4901e+01          1         75 0.0000e+00
   33.16566  -65.68652    20.3828   5.029376    36.6176      9.940     10.011    20.3813   5.029334    36.6186     0.1130 1.0000e-12     0.0509    98.7371       1.04    218.155     5.0113 1.4774e+01          1         61 0.0000e+00
   33.16566  -65.68652    20.3837   5.029521    36.6176     10.829     10.907    20.3827   5.029540    36.6187     0.1304 1.0000e-12     0.0506    98.7437       1.03    218.307     5.0148 1.4862e+01          1         80 0.0000e+00
   33.16566  -65.68652    20.3809   5.029251    36.6175     11.925     12.010    20.3801   5.029272    36.6184     0.1114 1.0000e-12     0.0524    98.6986       1.04    218.359     5.0160 1.4973e+01          1         73 0.0000e+00
   33.16566  -65.68652    20.3810   5.029320    36.6176     12.898     12.990    20.3808   5.029441    36.6187     0.1083 1.0000e-12     0.0513    98.7264       1.05    217.773     5.0025 1.4950e+01          1         47 0.0000e+00
   33.16567  -65.68652    20.3806   5.029319    36.6176     13.850     13.949    20.3800   5.029376    36.6185     0.1253 1.0000e-12     0.0527    98.6920       1.04    218.404     5.0170 1.4997e+01          1        101 0.0000e+00
   33.16568  -65.68652    20.3796   5.029264    36.6176     14.860     14.966    20.3800   5.029417    36.6186     0.1013 1.0000e-12     0.0536    98.6688      53.55    218.160     5.0114 1.5057e+01          1         32 0.0000e+00
   33.16568  -65.68652    20.3830   5.029695    36.6177     16.009     16.123    20.3829   5.029808    36.6187     0.1038 1.0000e-12     0.0515    98.7220      44.78    217.669     5.0001 1.4706e+01          1         54 0.0000e+00
   33.16568  -65.68652    20.3840   5.029840    36.6177     16.818     16.938    20.3825   5.029799    36.6188     0.1143 1.0000e-12     0.0505    98.7452       1.06    218.027     5.0083 1.4804e+01          1         55 0.0000e+00
   33.16568  -65.68652    20.3844   5.029925    36.6177     17.879     18.007    20.3829   5.029906    36.6188     0.0976 1.0000e-12     0.0525    98.6963       1.05    218.454     5.0182 1.4941e+01          1         43 0.0000e+00
   33.16568  -65.68652    20.3798   5.029469    36.6177     18.853     18.987    20.3796   5.029569    36.6186     0.1088 1.0000e-12     0.0546    98.6454      28.79    217.389     4.9937 1.4629e+01          1         43 0.0000e+00
   33.16568  -65.68652    20.3793   5.029435    36.6175     19.833     19.975    20.3790   5.029540    36.6186     0.1049 1.0000e-12     0.0515    98.7205      73.13    218.532     5.0200 1.4757e+01          1         39 0.0000e+00
   33.16568  -65.68652    20.3821   5.029805    36.6176     20.869     21.018    20.3824   5.029956    36.6185     0.1044 1.0000e-12     0.0509    98.7354      69.97    218.117     5.0104 1.4685e+01          1         60 0.0000e+00
   33.16568  -65.68652    20.3827   5.029753    36.6163     21.776     21.933    20.3838   5.030161    36.6187     0.1088 1.0000e-12     0.0499    98.7603       1.06    217.808     5.0033 1.4451e+01          1         46 0.0000e+00
   33.16568  -65.68652    20.3817   5.029849    36.6176     22.839     23.002    20.3811   5.029928    36.6188     0.1203 1.0000e-12     0.0497    98.7652      96.09    217.854     5.0044 1.5197e+01          1         32 0.0000e+00
   33.16570  -65.68652    20.3771   5.029343    36.6172     23.881     24.052    20.3748   5.029325    36.6191     0.1028 1.0000e-12     0.0500    98.7568      98.66    218.504     5.0193 1.5160e+01          1         49 0.0000e+00
   33.16570  -65.68652    20.3692   5.028530    36.6172     24.720     24.897    20.3716   5.028887    36.6179     0.1309 1.0000e-12     0.0515    98.7215       4.17    218.156     5.0113 1.5161e+01          1         59 0.0000e+00
   33.16570  -65.68652    20.3364   5.024816    36.6155     25.820     26.005    20.3343   5.025005    36.6189     0.1184 1.0000e-12     0.0503    98.7502      93.75    218.303     5.0147 1.4650e+01          1         37 0.0000e+00
   33.16570  -65.68652    20.3199   5.023110    36.6155     26.814     27.006    20.3222   5.023520    36.6168     0.1142 1.0000e-12     0.0512    98.7274      72.71    218.028     5.0084 1.4791e+01          1         46 0.0000e+00
   33.16570  -65.68652    20.3164   5.022754    36.6151     27.844     28.044    20.3170   5.022977    36.6164     0.1201 1.0000e-12     0.0519    98.7121      51.79    218.775     5.0256 1.4959e+01          1         51 0.0000e+00
   33.16570  -65.68652    20.3118   5.022268    36.6147     28.746     28.953    20.3116   5.022409    36.6160     0.1129 1.0000e-12     0.0514    98.7225      88.89    218.767     5.0254 1.4978e+01          1         56 0.0000e+00
   33.16570  -65.68652    20.2805   5.018681    36.6125     29.761     29.975    20.2794   5.018944    36.6157     0.1088 1.0000e-12     0.0516    98.7186      78.23    218.422     5.0175 1.5057e+01          1         32 0.0000e+00
   33.16570  -65.68652    20.2528   5.015623    36.6114     30.802     31.023    20.2540   5.015976    36.6132     0.1097 1.0000e-12     0.0530    98.6849      27.64    218.596     5.0216 1.5252e+01          1         43 0.0000e+00
   33.16570  -65.68650    20.2433   5.014533    36.6101     31.780     32.008    20.2414   5.014511    36.6117     0.1338 1.0000e-12     0.0532    98.6799      61.16    218.544     5.0204 1.5028e+01          1         57 0.0000e+00
   33.16570  -65.68650    20.2296   5.012991    36.6090     32.668     32.903    20.2301   5.013185    36.6101     0.1346 1.0000e-12     0.0542    98.6542      98.66    219.329     5.0384 1.4715e+01          1         57 0.0000e+00
   33.16572  -65.68650    20.2160   5.011394    36.6072     33.781     34.024    20.2162   5.011827    36.6106     0.1324 1.0000e-12     0.0559    98.6134      66.19    219.341     5.0387 1.4789e+01          1         27 0.0000e+00
   33.16572  -65.68650    20.1815   5.007497    36.6054     34.828     35.079    20.1807   5.007773    36.6084     0.1281 1.0000e-12     0.0556    98.6202      26.49    219.090     5.0330 1.5039e+01          1         31 0.0000e+00
   33.16571  -65.68651    20.1720   5.006507    36.6048     35.743     36.000    20.1748   5.007001    36.6064     0.1451 1.0000e-12     0.0568    98.5896      73.15    219.564     5.0439 1.4899e+01          1         81 0.0000e+00
   33.16570  -65.68652    20.1500   5.004135    36.6041     36.701     36.965    20.1496   5.004302    36.6058     0.1482 1.0000e-12     0.0574    98.5764      62.72    219.606     5.0449 1.5071e+01          1         41 0.0000e+00
   33.16570  -65.68652    20.1419   5.003288    36.6037     37.702     37.974    20.1431   5.003607    36.6052     0.1510 1.0000e-12     0.0613    98.4785      98.38    219.967     5.0532 1.4852e+01          1         38 0.0000e+00
   33.16570  -65.68652    20.1045   4.999246    36.6031     38.723     39.002    20.1090   5.000094    36.6061     0.1546 1.0000e-12     0.0597    98.5181      69.53    219.904     5.0518 1.4409e+01          1         37 0.0000e+00
   33.16570  -65.68652    20.0773   4.996344    36.6026     39.779     40.065    20.0822   4.997118    36.6047     0.1595 1.0000e-12     0.0641    98.4114      32.72    220.360     5.0623 1.4618e+01          1         47 0.0000e+00
   33.16570  -65.68652    20.0676   4.995359    36.6023     40.666     40.960    20.0664   4.995394    36.6036     0.1956 1.0000e-12     0.0651    98.3848      71.63    220.457     5.0645 1.5016e+01          1         67 0.0000e+00
   33.16572  -65.68652    20.0559   4.994146    36.6018     41.705     42.006    20.0569   4.994446    36.6034     0.1739 1.0000e-12     0.0656    98.3742      98.65    220.116     5.0567 1.4850e+01          1         35 0.0000e+00
   33.16572  -65.68652    20.0503   4.993607    36.6017     42.740     43.048    20.0503   4.993738    36.6028     0.1746 1.0000e-12     0.0680    98.3151      53.48    220.261     5.0601 1.5043e+01          1         39 0.0000e+00
   33.16572  -65.68652    20.0480   4.993404    36.6014     43.626     43.941    20.0476   4.993500    36.6026     0.1572 1.0000e-12     0.0669    98.3402      47.52    220.441     5.0642 1.4954e+01          1         54 0.0000e+00
   33.16572  -65.68652    20.0428   4.992912    36.6014     44.637     44.960    20.0426   4.993029    36.6026     0.1763 1.0000e-12     0.0693    98.2819      52.72    220.630     5.0685 1.5039e+01          1         31 0.0000e+00
   33.16572  -65.68652    20.0391   4.992568    36.6012     45.849     46.180    20.0397   4.992741    36.6021     0.1773 1.0000e-12     0.0716    98.2247      62.96    220.495     5.0654 1.4993e+01          1         61 0.0000e+00
   33.16572  -65.68652    20.0344   4.992068    36.6008     46.518     46.854    20.0346   4.992315    36.6026     0.1876 1.0000e-12     0.0667    98.3453      61.34    220.596     5.0678 1.4800e+01          1         52 0.0000e+00
   33.16572  -65.68652    19.9330   4.981222    36.6013     47.656     48.001    19.9359   4.982378    36.6083     0.1819 1.0000e-12     0.0672    98.3346      84.04    220.970     5.0765 1.5127e+01          1         32 0.0000e+00
   33.16572  -65.68652    19.8569   4.973205    36.6022     48.637     48.989    19.8589   4.973948    36.6066     0.1822 1.0000e-12     0.0676    98.3238      98.66    221.337     5.0850 1.4941e+01          1         43 0.0000e+00
   33.16572  -65.68654    19.7900   4.966077    36.6017     49.638     49.997    19.7910   4.966461    36.6040     0.2002 1.0000e-12     0.0724    98.2072       7.55    222.249     5.1061 1.5068e+01          1         53 0.0000e+00
   33.16572  -65.68654    19.7649   4.963455    36.6008     50.619     50.986    19.7655   4.963776    36.6030     0.2052 1.0000e-12     0.0733    98.1851       1.08    222.353     5.1085 1.5243e+01          1         54 0.0000e+00
   33.16574  -65.68654    19.7394   4.960862    36.6008     51.633     52.007    19.7404   4.961162    36.6024     0.1836 1.0000e-12     0.0716    98.2268       1.04    222.116     5.1031 1.5177e+01          1         56 0.0000e+00
   33.16574  -65.68654    19.7295   4.959884    36.6004     52.582     52.963    19.7297   4.960059    36.6017     0.2062 1.0000e-12     0.0696    98.2749       4.68    222.082     5.1023 1.5215e+01          1         39 0.0000e+00
   33.16573  -65.68654    19.7046   4.957211    36.5996     53.562     53.950    19.7077   4.957801    36.6017     0.1986 1.0000e-12     0.0680    98.3143      66.07    222.763     5.1180 1.4853e+01          1         41 0.0000e+00
   33.16572  -65.68654    19.6934   4.956048    36.5990     54.571     54.967    19.6946   4.956374    36.6006     0.1923 1.0000e-12     0.0700    98.2654      89.57    222.258     5.1064 1.5007e+01          1         44 0.0000e+00
   33.16572  -65.68654    19.6522   4.951610    36.5982     55.610     56.014    19.6540   4.952169    36.6013     0.2169 1.0000e-12     0.0668    98.3425      51.98    222.267     5.1067 1.4903e+01          1         47 0.0000e+00
   33.16574  -65.68654    19.6180   4.948035    36.5980     56.542     56.952    19.6192   4.948362    36.5996     0.2388 1.0000e-12     0.0664    98.3536      80.15    221.854     5.0972 1.5105e+01          1         70 0.0000e+00
   33.16574  -65.68654    19.5983   4.945950    36.5972     57.584     58.002    19.5985   4.946190    36.5991     0.2570 1.0000e-12     0.0653    98.3808      98.67    222.573     5.1137 1.4659e+01          1         35 0.0000e+00
   33.16574  -65.68655    19.5733   4.943137    36.5955     58.614     59.040    19.5740   4.943490    36.5978     0.2476 1.0000e-12     0.0697    98.2722      98.66    222.918     5.1217 1.4891e+01          1         37 0.0000e+00
   33.16574  -65.68656    19.5635   4.942114    36.5948     59.524     59.956    19.5643   4.942340    36.5960     0.2610 1.0000e-12     0.0711    98.2386      98.66    222.427     5.1104 1.4885e+01          1         55 0.0000e+00
   33.16574  -65.68656    19.5491   4.940579    36.5942     60.526     60.966    19.5495   4.940866    36.5962     0.2453 1.0000e-12     0.0683    98.3081      98.66    223.438     5.1337 1.5028e+01          1         38 0.0000e+00
   33.16574  -65.68656    19.5132   4.936765    36.5937     61.676     62.124    19.5192   4.937562    36.5949     0.2585 1.0000e-12     0.0675    98.3266      98.67    223.010     5.1239 1.4871e+01          1         63 0.0000e+00
   33.16574  -65.68656    19.5008   4.935464    36.5931     62.442     62.896    19.5018   4.935805    36.5951     0.2824 1.0000e-12     0.0662    98.3580      98.67    221.774     5.0955 1.4932e+01          1         49 0.0000e+00
   33.16574  -65.68656    19.4860   4.934016    36.5936     63.535     63.997    19.4862   4.934200    36.5950     0.2695 1.0000e-12     0.0625    98.4492      98.67    221.877     5.0979 1.4648e+01          1         30 0.0000e+00
   33.16574  -65.68656    19.4802   4.933464    36.5935     64.576     65.046    19.4802   4.933593    36.5945     0.2796 1.0000e-12     0.0609    98.4897      98.66    222.151     5.1042 1.5057e+01          1         44 0.0000e+00
   33.16574  -65.68656    19.4741   4.932853    36.5931     65.473     65.950    19.4743   4.933027    36.5944     0.2876 1.0000e-12     0.0600    98.5110      90.66    221.717     5.0942 1.4849e+01          1         67 0.0000e+00
   33.16576  -65.68656    19.4661   4.932144    36.5936     66.500     66.984    19.4661   4.932270    36.5947     0.3023 1.0000e-12     0.0597    98.5181      98.67    221.466     5.0885 1.5133e+01          1         37 0.0000e+00
   33.16576  -65.68656    19.4642   4.932026    36.5937     67.566     68.058    19.4642   4.932157    36.5948     0.2801 1.0000e-12     0.0572    98.5799      98.67    220.921     5.0759 1.4546e+01          1         48 0.0000e+00
   33.16576  -65.68656    19.4571   4.931331    36.5937     68.468     68.966    19.4571   4.931475    36.5949     0.3072 1.0000e-12     0.0559    98.6114      98.66    221.044     5.0788 1.4659e+01          1         49 0.0000e+00
   33.16576  -65.68656    19.4511   4.930812    36.5942     69.518     70.024    19.4511   4.930937    36.5953     0.3216 1.0000e-12     0.0561    98.6064      98.67    220.978     5.0773 1.4793e+01          1         38 0.0000e+00
   33.16576  -65.68656    19.4484   4.930587    36.5942     70.525     71.039    19.4484   4.930695    36.5951     0.2943 1.0000e-12     0.0528    98.6880      98.67    220.132     5.0578 1.4849e+01          1         67 0.0000e+00
