Data/ruptures/KN207-01/QL-2/20701054.cnv
* Sea-Bird SBE 9 Data File:
* FileName = C:\Data\ctd\20701054.hex
* Software Version Seasave V 7.21e
* Temperature SN = 4406
* Conductivity SN = 1474
* Number of Bytes Per Scan = 40
* Number of Voltage Words = 5
* Number of Scans Averaged by the Deck Unit = 1
* NMEA Latitude = 32 58.60 N
* NMEA Longitude = 065 59.68 W
* NMEA UTC (Time) = Apr 29 2012 19:36:00
** R/V Knorr Cruise # KN207-01 QL2
** Chief Scientist: Ben Van Mooy
# nquan = 21
# nvalues = 9982                        
# units = specified
# name 0 = latitude: Latitude [deg]
# name 1 = longitude: Longitude [deg]
# name 2 = t090C: Temperature [ITS-90, deg C]
# name 3 = c0S/m: Conductivity [S/m]
# name 4 = sal00: Salinity, Practical [PSU]
# name 5 = depSM: Depth [salt water, m]
# name 6 = prDM: Pressure, Digiquartz [db]
# name 7 = t190C: Temperature, 2 [ITS-90, deg C]
# name 8 = c1S/m: Conductivity, 2 [S/m]
# name 9 = sal11: Salinity, Practical, 2 [PSU]
# name 10 = flECO-AFL: Fluorescence, WET Labs ECO-AFL/FL [mg/m^3]
# name 11 = par: PAR/Irradiance, Biospherical/Licor
# name 12 = bat: Beam Attenuation, Chelsea/Seatech [1/m]
# name 13 = xmiss: Beam Transmission, Chelsea/Seatech [%]
# name 14 = altM: Altimeter [m]
# name 15 = sbeox0Mm/Kg: Oxygen, SBE 43 [umol/kg]
# name 16 = sbeox0ML/L: Oxygen, SBE 43 [ml/l]
# name 17 = spar: SPAR/Surface Irradiance
# name 18 = pumps: Pump Status
# name 19 = nbin: number of scans per bin
# name 20 = flag: flag
# span 0 =   32.94893,   32.97667       
# span 1 =  -65.99560,  -65.99140       
# span 2 =     2.2334,    20.6047       
# span 3 =   3.249563,   5.043461       
# span 4 =    34.7750,    36.8003       
# span 5 =      2.281,   4900.380       
# span 6 =      2.297,   4992.802       
# span 7 =     2.2332,    20.6031       
# span 8 =   3.249524,   5.046860       
# span 9 =    34.8762,    36.8060       
# span 10 =    -0.0158,     2.4919      
# span 11 = 1.0000e-12, 1.0000e-12      
# span 12 =    -0.0355,     0.0960      
# span 13 =    97.6364,   100.8899      
# span 14 =      14.44,      98.81      
# span 15 =    137.981,    365.121      
# span 16 =     3.1735,     8.3866      
# span 17 = 2.2598e+01, 1.2979e+03      
# span 18 =          1,          1      
# span 19 =         12,       1287      
# span 20 = 0.0000e+00, 0.0000e+00      
# interval = decibars: 1                
# start_time = Apr 29 2012 19:36:00 [NMEA time, header]
# bad_flag = -9.990e-29
*END*
[from data line 5656]
   32.96234  -65.99531     2.2356   3.261937    34.8844   4253.269   4327.024     2.2355   3.261891    34.8839     0.0348 1.0000e-12    -0.0230   100.5771      98.54    235.081     5.4106 6.4615e+02          1         18 0.0000e+00
   32.96234  -65.99530     2.2358   3.261928    34.8844   4252.265   4325.992     2.2356   3.261869    34.8840     0.0209 1.0000e-12    -0.0232   100.5823      98.54    235.371     5.4173 6.3308e+02          1         16 0.0000e+00
   32.96234  -65.99530     2.2359   3.261907    34.8845   4251.330   4325.031     2.2358   3.261849    34.8839     0.0160 1.0000e-12    -0.0236   100.5916      98.54    234.388     5.3947 6.3193e+02          1         17 0.0000e+00
   32.96234  -65.99530     2.2357   3.261849    34.8845   4250.191   4323.861     2.2353   3.261782    34.8841     0.0139 1.0000e-12    -0.0238   100.5965      98.54    235.848     5.4282 6.4395e+02          1         41 0.0000e+00
   32.96231  -65.99526     2.2353   3.261785    34.8845   4249.478   4323.129     2.2350   3.261723    34.8840     0.0318 1.0000e-12    -0.0238   100.5979      98.54    235.494     5.4201 7.4275e+02          1         43 0.0000e+00
   32.96230  -65.99524     2.2353   3.261739    34.8843   4248.367   4321.987     2.2351   3.261687    34.8839     0.0341 1.0000e-12    -0.0241   100.6039      98.54    235.584     5.4222 7.6180e+02          1         29 0.0000e+00
   32.96230  -65.99524     2.2353   3.261712    34.8844   4247.413   4321.008     2.2350   3.261646    34.8839     0.0408 1.0000e-12    -0.0242   100.6083      98.54    235.515     5.4206 7.5612e+02          1         34 0.0000e+00
   32.96230  -65.99524     2.2353   3.261677    34.8844   4246.402   4319.969     2.2349   3.261611    34.8840     0.0426 1.0000e-12    -0.0242   100.6069      98.54    235.722     5.4254 7.3675e+02          1         35 0.0000e+00
   32.96230  -65.99524     2.2353   3.261650    34.8845   4245.461   4319.002     2.2351   3.261586    34.8840     0.0408 1.0000e-12    -0.0239   100.6008      98.54    236.123     5.4346 7.3381e+02          1         32 0.0000e+00
   32.96230  -65.99524     2.2353   3.261624    34.8845   4244.511   4318.026     2.2350   3.261549    34.8840     0.0225 1.0000e-12    -0.0242   100.6088      98.54    234.780     5.4037 7.4085e+02          1         32 0.0000e+00
   32.96230  -65.99524     2.2353   3.261575    34.8845   4243.516   4317.003     2.2350   3.261515    34.8841     0.0308 1.0000e-12    -0.0244   100.6118      98.54    236.217     5.4367 7.3745e+02          1         25 0.0000e+00
   32.96230  -65.99524     2.2352   3.261544    34.8846   4242.544   4316.005     2.2349   3.261476    34.8840     0.0248 1.0000e-12    -0.0243   100.6105      98.54    235.394     5.4178 7.2516e+02          1         22 0.0000e+00
   32.96230  -65.99524     2.2351   3.261500    34.8846   4241.556   4314.990     2.2351   3.261457    34.8840     0.0490 1.0000e-12    -0.0242   100.6077      98.54    235.656     5.4238 7.1325e+02          1         20 0.0000e+00
   32.96230  -65.99524     2.2356   3.261519    34.8847   4240.615   4314.024     2.2354   3.261455    34.8841     0.0285 1.0000e-12    -0.0244   100.6128      98.54    235.289     5.4154 7.0686e+02          1         17 0.0000e+00
   32.96230  -65.99524     2.2357   3.261485    34.8845   4239.661   4313.044     2.2355   3.261436    34.8841     0.0270 1.0000e-12    -0.0245   100.6155      98.54    234.920     5.4069 7.0665e+02          1         19 0.0000e+00
   32.96230  -65.99523     2.2356   3.261449    34.8846   4238.660   4312.015     2.2355   3.261401    34.8841     0.0324 1.0000e-12    -0.0245   100.6154      98.53    235.606     5.4227 7.0846e+02          1         20 0.0000e+00
   32.96230  -65.99522     2.2356   3.261412    34.8846   4237.650   4310.978     2.2354   3.261357    34.8840     0.0398 1.0000e-12    -0.0244   100.6116      98.54    235.515     5.4206 7.0854e+02          1         22 0.0000e+00
   32.96230  -65.99522     2.2355   3.261379    34.8847   4236.660   4309.960     2.2355   3.261333    34.8842     0.0376 1.0000e-12    -0.0246   100.6168      98.54    235.812     5.4274 7.0432e+02          1         32 0.0000e+00
   32.96230  -65.99522     2.2356   3.261356    34.8847   4235.756   4309.032     2.2354   3.261292    34.8842     0.0355 1.0000e-12    -0.0245   100.6157      98.54    235.726     5.4254 7.0507e+02          1         35 0.0000e+00
   32.96230  -65.99522     2.2357   3.261320    34.8846   4234.771   4308.020     2.2353   3.261259    34.8842     0.0177 1.0000e-12    -0.0246   100.6172      98.54    235.966     5.4310 7.1873e+02          1         29 0.0000e+00
   32.96230  -65.99522     2.2356   3.261277    34.8846   4233.767   4306.989     2.2353   3.261219    34.8842     0.0135 1.0000e-12    -0.0244   100.6128      98.54    235.334     5.4164 7.1928e+02          1         22 0.0000e+00
   32.96230  -65.99522     2.2355   3.261245    34.8847   4232.818   4306.014     2.2354   3.261184    34.8841     0.0194 1.0000e-12    -0.0248   100.6223      98.54    235.080     5.4106 7.1217e+02          1         19 0.0000e+00
   32.96230  -65.99522     2.2359   3.261252    34.8848   4231.849   4305.019     2.2359   3.261196    34.8841     0.0401 1.0000e-12    -0.0249   100.6250      98.54    235.593     5.4224 7.0441e+02          1         19 0.0000e+00
   32.96230  -65.99522     2.2360   3.261228    34.8847   4230.869   4304.012     2.2359   3.261183    34.8843     0.0267 1.0000e-12    -0.0249   100.6250      98.54    235.722     5.4254 6.9772e+02          1         19 0.0000e+00
   32.96230  -65.99522     2.2361   3.261214    34.8849   4229.865   4302.980     2.2360   3.261154    34.8843     0.0232 1.0000e-12    -0.0247   100.6209      98.54    235.539     5.4211 6.9267e+02          1         19 0.0000e+00
   32.96229  -65.99522     2.2359   3.261159    34.8848   4228.890   4301.978     2.2358   3.261106    34.8843     0.0242 1.0000e-12    -0.0247   100.6195      98.54    235.562     5.4217 6.9043e+02          1         23 0.0000e+00
   32.96228  -65.99522     2.2359   3.261116    34.8847   4227.933   4300.996     2.2359   3.261077    34.8843     0.0179 1.0000e-12    -0.0249   100.6256      98.54    235.778     5.4266 6.9141e+02          1         24 0.0000e+00
   32.96228  -65.99522     2.2362   3.261107    34.8847   4226.965   4300.002     2.2359   3.261053    34.8843     0.0207 1.0000e-12    -0.0254   100.6355      98.54    236.108     5.4342 6.8868e+02          1         34 0.0000e+00
   32.96228  -65.99522     2.2363   3.261092    34.8849   4226.004   4299.014     2.2359   3.261026    34.8844     0.0215 1.0000e-12    -0.0255   100.6393      98.54    234.988     5.4085 6.8589e+02          1         31 0.0000e+00
   32.96228  -65.99522     2.2363   3.261052    34.8848   4225.044   4298.028     2.2360   3.260994    34.8843     0.0123 1.0000e-12    -0.0255   100.6385      98.54    236.368     5.4402 6.8081e+02          1         24 0.0000e+00
   32.96228  -65.99520     2.2361   3.260998    34.8847   4224.049   4297.006     2.2359   3.260956    34.8844     0.0202 1.0000e-12    -0.0254   100.6362      98.54    235.622     5.4231 6.7579e+02          1         22 0.0000e+00
   32.96228  -65.99520     2.2361   3.260973    34.8848   4223.084   4296.014     2.2360   3.260919    34.8843     0.0147 1.0000e-12    -0.0254   100.6358      98.55    235.801     5.4272 6.7260e+02          1         19 0.0000e+00
   32.96228  -65.99520     2.2360   3.260941    34.8849   4222.062   4294.965     2.2359   3.260877    34.8843     0.0276 1.0000e-12    -0.0255   100.6385      98.54    234.759     5.4032 6.7046e+02          1         21 0.0000e+00
   32.96228  -65.99520     2.2359   3.260891    34.8848   4221.123   4294.000     2.2359   3.260841    34.8843     0.0118 1.0000e-12    -0.0254   100.6351      98.54    235.703     5.4249 6.6812e+02          1         23 0.0000e+00
   32.96228  -65.99520     2.2359   3.260865    34.8850   4220.165   4293.016     2.2357   3.260803    34.8845     0.0112 1.0000e-12    -0.0254   100.6361      98.54    235.963     5.4309 6.6377e+02          1         21 0.0000e+00
   32.96228  -65.99520     2.2358   3.260817    34.8849   4219.169   4291.993     2.2357   3.260756    34.8843     0.0239 1.0000e-12    -0.0255   100.6374      98.54    236.296     5.4386 6.5814e+02          1         23 0.0000e+00
   32.96228  -65.99520     2.2359   3.260786    34.8849   4218.191   4290.988     2.2357   3.260728    34.8844     0.0227 1.0000e-12    -0.0254   100.6361      98.54    235.702     5.4249 6.5475e+02          1         21 0.0000e+00
   32.96228  -65.99520     2.2359   3.260754    34.8849   4217.203   4289.973     2.2358   3.260703    34.8844     0.0302 1.0000e-12    -0.0255   100.6385      98.54    235.303     5.4157 6.5572e+02          1         25 0.0000e+00
   32.96228  -65.99520     2.2359   3.260720    34.8849   4216.234   4288.978     2.2357   3.260661    34.8844     0.0264 1.0000e-12    -0.0255   100.6385      98.54    235.858     5.4285 6.6439e+02          1         33 0.0000e+00
   32.96228  -65.99520     2.2359   3.260684    34.8849   4215.290   4288.008     2.2356   3.260624    34.8845     0.0199 1.0000e-12    -0.0257   100.6428      98.54    235.710     5.4251 6.7448e+02          1         30 0.0000e+00
   32.96228  -65.99518     2.2358   3.260657    34.8850   4214.320   4287.012     2.2357   3.260600    34.8845     0.0328 1.0000e-12    -0.0256   100.6411      98.54    234.923     5.4070 6.8113e+02          1         20 0.0000e+00
   32.96228  -65.99518     2.2358   3.260621    34.8850   4213.382   4286.049     2.2357   3.260562    34.8844     0.0344 1.0000e-12    -0.0253   100.6342      98.54    235.249     5.4145 6.8171e+02          1         18 0.0000e+00
   32.96228  -65.99518     2.2361   3.260612    34.8850   4212.370   4285.009     2.2361   3.260572    34.8845     0.0247 1.0000e-12    -0.0256   100.6399      98.54    235.743     5.4258 6.7663e+02          1         18 0.0000e+00
   32.96228  -65.99518     2.2364   3.260611    34.8851   4211.396   4284.009     2.2362   3.260555    34.8846     0.0200 1.0000e-12    -0.0258   100.6449      98.54    235.478     5.4197 6.6685e+02          1         20 0.0000e+00
   32.96228  -65.99518     2.2362   3.260558    34.8850   4210.425   4283.011     2.2361   3.260511    34.8845     0.0472 1.0000e-12    -0.0260   100.6519      98.54    235.940     5.4304 6.5979e+02          1         23 0.0000e+00
   32.96228  -65.99518     2.2361   3.260526    34.8851   4209.450   4282.010     2.2360   3.260470    34.8846     0.0276 1.0000e-12    -0.0259   100.6495      98.54    235.094     5.4109 6.6194e+02          1         28 0.0000e+00
   32.96228  -65.99518     2.2362   3.260485    34.8850   4208.485   4281.018     2.2359   3.260431    34.8846     0.0234 1.0000e-12    -0.0262   100.6562      98.54    236.098     5.4340 6.7582e+02          1         32 0.0000e+00
   32.96228  -65.99518     2.2364   3.260477    34.8850   4207.506   4280.013     2.2360   3.260397    34.8845     0.0195 1.0000e-12    -0.0264   100.6615      98.54    235.213     5.4137 6.8965e+02          1         29 0.0000e+00
   32.96228  -65.99518     2.2364   3.260449    34.8851   4206.558   4279.039     2.2362   3.260390    34.8846     0.0142 1.0000e-12    -0.0264   100.6621      98.54    236.603     5.4456 7.0061e+02          1         24 0.0000e+00
   32.96228  -65.99518     2.2365   3.260427    34.8852   4205.604   4278.059     2.2364   3.260371    34.8846     0.0226 1.0000e-12    -0.0266   100.6668      98.54    235.967     5.4310 7.1158e+02          1         20 0.0000e+00
   32.96226  -65.99518     2.2367   3.260419    34.8853   4204.587   4277.015     2.2368   3.260370    34.8845     0.0305 1.0000e-12    -0.0266   100.6669      98.54    235.518     5.4207 6.8786e+02          1         19 0.0000e+00
   32.96226  -65.99518     2.2370   3.260403    34.8851   4203.608   4276.009     2.2369   3.260352    34.8847     0.0301 1.0000e-12    -0.0267   100.6683      98.54    235.058     5.4101 6.7636e+02          1         19 0.0000e+00
   32.96226  -65.99518     2.2369   3.260369    34.8853   4202.618   4274.992     2.2368   3.260317    34.8847     0.0193 1.0000e-12    -0.0266   100.6668      98.54    235.337     5.4165 6.7533e+02          1         20 0.0000e+00
   32.96226  -65.99518     2.2368   3.260338    34.8854   4201.647   4273.995     2.2369   3.260290    34.8848     0.0196 1.0000e-12    -0.0269   100.6752      98.54    235.502     5.4203 6.8290e+02          1         21 0.0000e+00
   32.96226  -65.99518     2.2371   3.260316    34.8852   4200.655   4272.976     2.2370   3.260266    34.8848     0.0475 1.0000e-12    -0.0267   100.6701      98.54    235.893     5.4293 6.9759e+02          1         26 0.0000e+00
   32.96226  -65.99518     2.2372   3.260294    34.8853   4199.644   4271.937     2.2370   3.260236    34.8848     0.0112 1.0000e-12    -0.0269   100.6732      98.54    235.751     5.4260 7.1086e+02          1         37 0.0000e+00
   32.96226  -65.99518     2.2372   3.260263    34.8853   4198.777   4271.047     2.2369   3.260197    34.8848     0.0153 1.0000e-12    -0.0272   100.6820      98.54    236.478     5.4428 7.2302e+02          1         39 0.0000e+00
   32.96226  -65.99518     2.2371   3.260231    34.8854   4197.800   4270.044     2.2369   3.260156    34.8847     0.0558 1.0000e-12    -0.0271   100.6801      98.55    235.319     5.4161 7.8636e+02          1         21 0.0000e+00
   32.96226  -65.99518     2.2371   3.260196    34.8854   4196.845   4269.062     2.2369   3.260133    34.8848     0.0138 1.0000e-12    -0.0267   100.6702      98.54    234.748     5.4029 8.0894e+02          1         17 0.0000e+00
   32.96226  -65.99518     2.2370   3.260144    34.8853   4195.831   4268.021     2.2368   3.260089    34.8848     0.0206 1.0000e-12    -0.0267   100.6693      98.55    235.830     5.4278 8.0467e+02          1         15 0.0000e+00
   32.96226  -65.99516     2.2370   3.260110    34.8854   4194.834   4266.997     2.2368   3.260052    34.8848     0.0259 1.0000e-12    -0.0271   100.6793      98.54    235.560     5.4216 7.3834e+02          1         17 0.0000e+00
   32.96226  -65.99516     2.2369   3.260062    34.8853   4193.833   4265.968     2.2367   3.260006    34.8848     0.0138 1.0000e-12    -0.0270   100.6778      98.54    235.440     5.4189 7.4084e+02          1         17 0.0000e+00
   32.96226  -65.99516     2.2367   3.260019    34.8854   4192.884   4264.994     2.2365   3.259956    34.8849     0.0230 1.0000e-12    -0.0271   100.6789      98.54    235.848     5.4282 7.6405e+02          1         21 0.0000e+00
   32.96226  -65.99516     2.2365   3.259958    34.8853   4191.878   4263.962     2.2362   3.259907    34.8850     0.0217 1.0000e-12    -0.0268   100.6715      98.54    236.340     5.4396 7.6142e+02          1         35 0.0000e+00
   32.96226  -65.99516     2.2365   3.259928    34.8854   4190.986   4263.045     2.2362   3.259864    34.8848     0.0276 1.0000e-12    -0.0272   100.6818      98.54    235.855     5.4284 7.2523e+02          1         41 0.0000e+00
   32.96224  -65.99516     2.2364   3.259889    34.8853   4190.012   4262.044     2.2362   3.259819    34.8847     0.0215 1.0000e-12    -0.0276   100.6931      98.54    236.151     5.4352 7.2013e+02          1         24 0.0000e+00
   32.96224  -65.99516     2.2363   3.259855    34.8855   4188.999   4261.005     2.2360   3.259783    34.8848     0.0267 1.0000e-12    -0.0273   100.6858      98.54    235.104     5.4111 7.2179e+02          1         19 0.0000e+00
   32.96224  -65.99516     2.2362   3.259812    34.8854   4188.043   4260.022     2.2360   3.259751    34.8849     0.0308 1.0000e-12    -0.0272   100.6828      98.53    235.397     5.4178 7.1939e+02          1         18 0.0000e+00
