Data/ruptures/KN207-01/QL-2/20701083.cnv
* Sea-Bird SBE 9 Data File:
* FileName = C:\Data\ctd\20701083.hex
* Software Version Seasave V 7.21e
* Temperature SN = 4406
* Conductivity SN = 1474
* Number of Bytes Per Scan = 40
* Number of Voltage Words = 5
* Number of Scans Averaged by the Deck Unit = 1
* NMEA Latitude = 33 14.98 N
* NMEA Longitude = 065 42.62 W
* NMEA UTC (Time) = May 03 2012 15:09:45
** R/V Knorr Cruise # KN207-01 QL 2
** Chief Scientist: Ben Van Mooy
# nquan = 21
# nvalues = 398                         
# units = specified
# name 0 = latitude: Latitude [deg]
# name 1 = longitude: Longitude [deg]
# name 2 = t090C: Temperature [ITS-90, deg C]
# name 3 = c0S/m: Conductivity [S/m]
# name 4 = sal00: Salinity, Practical [PSU]
# name 5 = depSM: Depth [salt water, m]
# name 6 = prDM: Pressure, Digiquartz [db]
# name 7 = t190C: Temperature, 2 [ITS-90, deg C]
# name 8 = c1S/m: Conductivity, 2 [S/m]
# name 9 = sal11: Salinity, Practical, 2 [PSU]
# name 10 = flECO-AFL: Fluorescence, WET Labs ECO-AFL/FL [mg/m^3]
# name 11 = par: PAR/Irradiance, Biospherical/Licor
# name 12 = bat: Beam Attenuation, Chelsea/Seatech [1/m]
# name 13 = xmiss: Beam Transmission, Chelsea/Seatech [%]
# name 14 = altM: Altimeter [m]
# name 15 = sbeox0Mm/Kg: Oxygen, SBE 43 [umol/kg]
# name 16 = sbeox0ML/L: Oxygen, SBE 43 [ml/l]
# name 17 = spar: SPAR/Surface Irradiance
# name 18 = pumps: Pump Status
# name 19 = nbin: number of scans per bin
# name 20 = flag: flag
# span 0 =   33.24942,   33.25000       
# span 1 =  -65.71247,  -65.71038       
# span 2 =    19.1861,    20.3503       
# span 3 =   4.910484,   5.023022       
# span 4 =    36.5769,    36.6154       
# span 5 =      2.928,    200.075       
# span 6 =      2.949,    201.599       
# span 7 =    19.1816,    20.3516       
# span 8 =   4.910074,   5.023049       
# span 9 =    36.5775,    36.6162       
# span 10 =     0.0304,     0.8819      
# span 11 = 1.0000e-12, 1.0000e-12      
# span 12 =    -0.0096,     0.0727      
# span 13 =    98.1979,   100.2408      
# span 14 =       1.02,      98.84      
# span 15 =    201.727,    222.703      
# span 16 =     4.6353,     5.1167      
# span 17 = 1.6575e+02, 4.5574e+02      
# span 18 =          1,          1      
# span 19 =         16,       1652      
# span 20 = 0.0000e+00, 0.0000e+00      
# interval = decibars: 1                
# start_time = May 03 2012 15:09:45 [NMEA time, header]
# bad_flag = -9.990e-29
*END*
[from data line 345]
   33.24992  -65.71140    19.5178   4.936790    36.5897     54.615     55.011    19.5205   4.937062    36.5896     0.2751 1.0000e-12     0.0561    98.6068      98.80    219.335     5.0394 2.9730e+02          1         29 0.0000e+00
   33.24992  -65.71140    19.5430   4.939481    36.5899     53.594     53.982    19.5388   4.939005    36.5898     0.2780 1.0000e-12     0.0554    98.6238      48.74    219.506     5.0433 2.9842e+02          1         32 0.0000e+00
   33.24992  -65.71140    19.5489   4.940165    36.5910     52.650     53.032    19.5586   4.941138    36.5904     0.2696 1.0000e-12     0.0555    98.6231      74.72    220.565     5.0676 2.9894e+02          1         67 0.0000e+00
   33.24992  -65.71142    19.5692   4.942344    36.5916     51.656     52.030    19.5905   4.944415    36.5898     0.2594 1.0000e-12     0.0553    98.6260      98.80    220.930     5.0760 2.9891e+02          1         38 0.0000e+00
   33.24992  -65.71142    19.6198   4.947936    36.5934     50.544     50.911    19.6136   4.946918    36.5906     0.2650 1.0000e-12     0.0559    98.6128      98.80    220.939     5.0762 3.0165e+02          1         61 0.0000e+00
   33.24992  -65.71143    19.6487   4.951014    36.5939     49.704     50.065    19.6713   4.953060    36.5907     0.2578 1.0000e-12     0.0572    98.5804      98.79    221.116     5.0802 3.0346e+02          1         48 0.0000e+00
   33.24992  -65.71144    19.6692   4.953177    36.5943     48.652     49.004    19.6694   4.953362    36.5958     0.2041 1.0000e-12     0.0564    98.5997      98.80    221.044     5.0785 3.0316e+02          1         32 0.0000e+00
   33.24992  -65.71144    19.6743   4.953818    36.5959     47.651     47.996    19.6744   4.953829    36.5961     0.2412 1.0000e-12     0.0563    98.6018      98.84    220.835     5.0737 3.0469e+02          1         61 0.0000e+00
   33.24992  -65.71144    19.6762   4.953904    36.5957     46.725     47.063    19.6789   4.954167    36.5956     0.2233 1.0000e-12     0.0558    98.6133      96.81    221.199     5.0821 3.0650e+02          1         42 0.0000e+00
   33.24992  -65.71144    19.6917   4.955510    36.5957     45.649     45.980    19.6866   4.954877    36.5953     0.2047 1.0000e-12     0.0572    98.5794      61.84    221.852     5.0971 3.0597e+02          1         30 0.0000e+00
   33.24991  -65.71145    19.7598   4.962714    36.5954     44.603     44.926    19.7692   4.963410    36.5927     0.2167 1.0000e-12     0.0572    98.5814      83.65    221.700     5.0935 3.0857e+02          1         84 0.0000e+00
   33.24990  -65.71146    19.8737   4.974263    36.5901     43.701     44.017    19.8751   4.974919    36.5945     0.2088 1.0000e-12     0.0571    98.5813      98.80    221.078     5.0790 3.1044e+02          1         35 0.0000e+00
   33.24990  -65.71146    19.8927   4.976843    36.5955     42.669     42.978    19.8899   4.976265    36.5934     0.2006 1.0000e-12     0.0580    98.5598      98.79    220.783     5.0722 3.1095e+02          1         30 0.0000e+00
   33.24990  -65.71146    19.9520   4.983218    36.5964     41.685     41.986    19.9549   4.983161    36.5934     0.2119 1.0000e-12     0.0564    98.6004      98.80    220.452     5.0645 3.1170e+02          1         49 0.0000e+00
   33.24990  -65.71146    19.9912   4.987356    36.5969     40.724     41.018    20.0611   4.994366    36.5925     0.1936 1.0000e-12     0.0560    98.6093      98.80    219.914     5.0521 3.1238e+02          1         49 0.0000e+00
   33.24990  -65.71147    20.1266   5.001890    36.5983     39.586     39.872    20.1517   5.004403    36.5970     0.1682 1.0000e-12     0.0546    98.6447      98.80    219.461     5.0415 3.1474e+02          1        110 0.0000e+00
   33.24990  -65.71148    20.1828   5.007939    36.6011     38.637     38.916    20.2044   5.010318    36.6019     0.1599 1.0000e-12     0.0528    98.6885      98.79    218.811     5.0266 3.1801e+02          1        113 0.0000e+00
   33.24989  -65.71149    20.1791   5.007496    36.6028     37.695     37.966    20.2161   5.011488    36.6032     0.1395 1.0000e-12     0.0505    98.7453      98.80    218.726     5.0246 3.2036e+02          1         97 0.0000e+00
   33.24988  -65.71151    20.2166   5.011588    36.6043     36.815     37.080    20.2324   5.013260    36.6046     0.1341 1.0000e-12     0.0485    98.7951      98.80    218.495     5.0193 3.2433e+02          1        118 0.0000e+00
   33.24983  -65.71159    20.2558   5.015930    36.6077     35.738     35.995    20.2570   5.016120    36.6083     0.1295 1.0000e-12     0.0475    98.8195      96.76    218.352     5.0160 3.5357e+02          1       1652 0.0000e+00
   33.24978  -65.71166    20.2701   5.017512    36.6086     34.791     35.042    20.2679   5.017307    36.6089     0.1307 1.0000e-12     0.0470    98.8329      98.81    218.085     5.0098 3.8217e+02          1         58 0.0000e+00
   33.24977  -65.71167    20.2759   5.018108    36.6088     33.772     34.016    20.2723   5.017790    36.6093     0.1214 1.0000e-12     0.0476    98.8176      98.81    217.727     5.0016 3.8434e+02          1         43 0.0000e+00
   33.24976  -65.71168    20.2816   5.018750    36.6094     32.805     33.041    20.2768   5.018245    36.6095     0.1364 1.0000e-12     0.0457    98.8641      98.81    218.395     5.0169 3.8397e+02          1         37 0.0000e+00
   33.24976  -65.71168    20.2870   5.019340    36.6100     31.750     31.978    20.2951   5.020171    36.6095     0.1360 1.0000e-12     0.0462    98.8509      98.81    218.114     5.0104 3.8474e+02          1         50 0.0000e+00
   33.24976  -65.71169    20.2980   5.020577    36.6107     30.805     31.027    20.3068   5.021474    36.6103     0.1403 1.0000e-12     0.0468    98.8381      98.81    218.168     5.0117 3.8626e+02          1         49 0.0000e+00
   33.24976  -65.71170    20.3039   5.021232    36.6113     29.762     29.976    20.3018   5.021038    36.6117     0.1162 1.0000e-12     0.0465    98.8444      98.81    218.174     5.0118 3.8899e+02          1         44 0.0000e+00
   33.24976  -65.71170    20.3126   5.022160    36.6118     28.771     28.978    20.3131   5.022165    36.6114     0.1174 1.0000e-12     0.0458    98.8632      98.81    217.982     5.0074 3.9041e+02          1         48 0.0000e+00
   33.24976  -65.71170    20.3160   5.022513    36.6121     27.797     27.997    20.3161   5.022523    36.6122     0.1171 1.0000e-12     0.0457    98.8639      98.81    217.962     5.0069 3.8958e+02          1         57 0.0000e+00
   33.24976  -65.71170    20.3171   5.022548    36.6119     26.862     27.055    20.3157   5.022449    36.6123     0.1323 1.0000e-12     0.0472    98.8260      98.81    217.964     5.0070 3.9269e+02          1         43 0.0000e+00
   33.24975  -65.71171    20.3191   5.022738    36.6121     25.821     26.006    20.3185   5.022724    36.6126     0.1084 1.0000e-12     0.0453    98.8736      98.81    217.502     4.9964 3.9431e+02          1         35 0.0000e+00
   33.24974  -65.71172    20.3203   5.022828    36.6123     24.789     24.968    20.3201   5.022865    36.6128     0.1141 1.0000e-12     0.0463    98.8500      98.81    217.988     5.0075 3.9396e+02          1         52 0.0000e+00
   33.24974  -65.71172    20.3210   5.022862    36.6124     23.856     24.027    20.3209   5.022906    36.6129     0.1185 1.0000e-12     0.0476    98.8152      98.81    217.770     5.0025 3.9490e+02          1         58 0.0000e+00
   33.24974  -65.71174    20.3205   5.022744    36.6123     22.883     23.047    20.3203   5.022792    36.6129     0.1118 1.0000e-12     0.0464    98.8470      98.81    217.722     5.0014 3.9731e+02          1         62 0.0000e+00
   33.24974  -65.71174    20.3208   5.022739    36.6124     21.829     21.986    20.3209   5.022814    36.6129     0.1059 1.0000e-12     0.0470    98.8307      98.81    217.744     5.0019 3.9852e+02          1         67 0.0000e+00
   33.24974  -65.71174    20.3220   5.022819    36.6124     20.843     20.993    20.3221   5.022892    36.6129     0.1145 1.0000e-12     0.0469    98.8346      98.81    218.008     5.0080 4.0036e+02          1        115 0.0000e+00
   33.24972  -65.71176    20.3217   5.022725    36.6123     19.849     19.991    20.3216   5.022790    36.6129     0.1087 1.0000e-12     0.0462    98.8512      98.82    217.785     5.0028 4.0148e+02          1         53 0.0000e+00
   33.24967  -65.71185    20.3232   5.022848    36.6124     19.043     19.179    20.3230   5.022896    36.6130     0.1127 1.0000e-12     0.0473    98.8252      97.64    217.869     5.0048 4.1625e+02          1       1501 0.0000e+00
   33.24962  -65.71194    20.3228   5.022763    36.6124     17.985     18.114    20.3227   5.022817    36.6130     0.1058 1.0000e-12     0.0472    98.8254      75.44    218.217     5.0128 4.2904e+02          1         73 0.0000e+00
   33.24962  -65.71194    20.3229   5.022710    36.6123     16.887     17.008    20.3228   5.022774    36.6129     0.1161 1.0000e-12     0.0466    98.8417      98.82    217.765     5.0024 4.2932e+02          1         30 0.0000e+00
   33.24962  -65.71196    20.3231   5.022692    36.6125     15.726     15.838    20.3229   5.022728    36.6129     0.1102 1.0000e-12     0.0467    98.8379      98.83    217.851     5.0044 4.2649e+02          1         66 0.0000e+00
   33.24961  -65.71197    20.3236   5.022699    36.6123     14.981     15.088    20.3236   5.022759    36.6128     0.1148 1.0000e-12     0.0468    98.8372      98.82    218.162     5.0115 4.3016e+02          1         69 0.0000e+00
   33.24957  -65.71208    20.3276   5.022675    36.6090     14.091     14.192    20.3274   5.022719    36.6095     0.1091 1.0000e-12     0.0477    98.8151      97.25    217.876     5.0049 4.3874e+02          1       1639 0.0000e+00
   33.24952  -65.71220    20.3324   5.022534    36.6040     13.137     13.231    20.3326   5.022527    36.6037     0.1023 1.0000e-12     0.0471    98.8288      86.41    217.747     5.0019 4.5297e+02          1         90 0.0000e+00
   33.24952  -65.71222    20.3331   5.022382    36.6026     11.940     12.025    20.3334   5.022433    36.6028     0.1093 1.0000e-12     0.0467    98.8383      98.83    217.772     5.0025 4.5512e+02          1         34 0.0000e+00
   33.24952  -65.71222    20.3363   5.022053    36.5974     10.969     11.047    20.3366   5.022084    36.5974     0.1174 1.0000e-12     0.0472    98.8273      98.83    218.159     5.0114 4.5333e+02          1         83 0.0000e+00
   33.24952  -65.71224    20.3386   5.021854    36.5941      9.944     10.015    20.3396   5.021832    36.5931     0.1121 1.0000e-12     0.0460    98.8560      98.83    217.565     4.9977 4.5517e+02          1         38 0.0000e+00
   33.24952  -65.71224    20.3429   5.021539    36.5882      8.884      8.947    20.3416   5.021636    36.5901     0.1162 1.0000e-12     0.0464    98.8473      98.83    217.489     4.9959 4.5536e+02          1         50 0.0000e+00
   33.24950  -65.71224    20.3479   5.020823    36.5783      8.039      8.096    20.3477   5.020912    36.5792     0.1034 1.0000e-12     0.0454    98.8712      61.22    217.830     5.0037 4.5373e+02          1         76 0.0000e+00
   33.24950  -65.71224    20.3480   5.020698    36.5776      7.001      7.051    20.3474   5.020870    36.5796     0.1086 1.0000e-12     0.0455    98.8697      48.32    217.294     4.9914 4.5574e+02          1         26 0.0000e+00
   33.24950  -65.71226    20.3484   5.020687    36.5775      6.026      6.069    20.3485   5.020729    36.5778     0.1053 1.0000e-12     0.0465    98.8443       6.86    217.604     4.9985 4.5464e+02          1        114 0.0000e+00
   33.24944  -65.71242    20.3503   5.020803    36.5773      5.182      5.219    20.3500   5.020824    36.5777     0.1160 1.0000e-12     0.0459    98.8604      14.13    217.901     5.0053 4.1106e+02          1        123 0.0000e+00
   33.24944  -65.71244    20.3500   5.020679    36.5769      4.157      4.186    20.3500   5.020754    36.5775     0.1150 1.0000e-12     0.0454    98.8707      12.93    217.523     4.9967 4.0146e+02          1        139 0.0000e+00
   33.24942  -65.71247    20.3500   5.020630    36.5770      2.928      2.949    20.3499   5.020691    36.5776     0.1084 1.0000e-12     0.0458    98.8618      87.21    217.765     5.0022 3.8665e+02          1        352 0.0000e+00
