Data/ruptures/KN207-01/QL-2/20701074.cnv
* Sea-Bird SBE 9 Data File:
* FileName = C:\Data\ctd\20701074.hex
* Software Version Seasave V 7.21e
* Temperature SN = 4406
* Conductivity SN = 1474
* Number of Bytes Per Scan = 40
* Number of Voltage Words = 5
* Number of Scans Averaged by the Deck Unit = 1
* NMEA Latitude = 33 04.70 N
* NMEA Longitude = 065 40.37 W
* NMEA UTC (Time) = May 02 2012 12:04:37
** R/V Knorr Cruise # KN207-01 QL 2
** Chief Scientist: Ben Van Mooy
# nquan = 21
# nvalues = 398                         
# units = specified
# name 0 = latitude: Latitude [deg]
# name 1 = longitude: Longitude [deg]
# name 2 = t090C: Temperature [ITS-90, deg C]
# name 3 = c0S/m: Conductivity [S/m]
# name 4 = sal00: Salinity, Practical [PSU]
# name 5 = depSM: Depth [salt water, m]
# name 6 = prDM: Pressure, Digiquartz [db]
# name 7 = t190C: Temperature, 2 [ITS-90, deg C]
# name 8 = c1S/m: Conductivity, 2 [S/m]
# name 9 = sal11: Salinity, Practical, 2 [PSU]
# name 10 = flECO-AFL: Fluorescence, WET Labs ECO-AFL/FL [mg/m^3]
# name 11 = par: PAR/Irradiance, Biospherical/Licor
# name 12 = bat: Beam Attenuation, Chelsea/Seatech [1/m]
# name 13 = xmiss: Beam Transmission, Chelsea/Seatech [%]
# name 14 = altM: Altimeter [m]
# name 15 = sbeox0Mm/Kg: Oxygen, SBE 43 [umol/kg]
# name 16 = sbeox0ML/L: Oxygen, SBE 43 [ml/l]
# name 17 = spar: SPAR/Surface Irradiance
# name 18 = pumps: Pump Status
# name 19 = nbin: number of scans per bin
# name 20 = flag: flag
# span 0 =   33.07841,   33.07940       
# span 1 =  -65.67296,  -65.67276       
# span 2 =    18.0484,    20.2892       
# span 3 =   4.780658,   5.019721       
# span 4 =    36.5153,    36.6168       
# span 5 =      2.438,    199.475       
# span 6 =      2.456,    200.991       
# span 7 =    18.0476,    20.2893       
# span 8 =   4.780679,   5.019761       
# span 9 =    36.5154,    36.6175       
# span 10 =     0.0089,     0.7881      
# span 11 = 1.0000e-12, 1.0000e-12      
# span 12 =    -0.0135,     0.0857      
# span 13 =    97.8838,   100.3381      
# span 14 =       0.95,      98.78      
# span 15 =    186.425,    221.988      
# span 16 =     4.2845,     5.1003      
# span 17 = 2.2862e+03, 2.4566e+03      
# span 18 =          1,          1      
# span 19 =          2,       1313      
# span 20 = 0.0000e+00, 0.0000e+00      
# interval = decibars: 1                
# start_time = May 02 2012 12:04:37 [NMEA time, header]
# bad_flag = -9.990e-29
*END*
[from data line 276]
   33.07904  -65.67288    19.3743   4.925003    36.5925    122.087    122.991    19.3742   4.925127    36.5936     0.1774 1.0000e-12    -0.0002   100.0042      98.72    212.711     4.8874 2.4317e+03          1         31 0.0000e+00
   33.07904  -65.67288    19.3742   4.924946    36.5925    121.122    122.019    19.3741   4.925064    36.5936     0.1674 1.0000e-12    -0.0001   100.0029      98.72    212.825     4.8901 2.4321e+03          1         22 0.0000e+00
   33.07904  -65.67288    19.3736   4.924831    36.5924    120.138    121.027    19.3738   4.924971    36.5934     0.1457 1.0000e-12     0.0012    99.9714      98.73    212.252     4.8769 2.4326e+03          1         22 0.0000e+00
   33.07904  -65.67288    19.3730   4.924668    36.5920    119.102    119.984    19.3732   4.924831    36.5932     0.1607 1.0000e-12     0.0020    99.9496      98.73    211.935     4.8696 2.4316e+03          1         20 0.0000e+00
   33.07904  -65.67288    19.3734   4.924677    36.5921    118.115    118.988    19.3735   4.924798    36.5930     0.1470 1.0000e-12     0.0016    99.9607      98.72    212.283     4.8776 2.4311e+03          1         19 0.0000e+00
   33.07904  -65.67288    19.3741   4.924730    36.5923    117.144    118.010    19.3741   4.924842    36.5932     0.1450 1.0000e-12     0.0013    99.9667      98.72    212.983     4.8937 2.4318e+03          1         22 0.0000e+00
   33.07904  -65.67288    19.3747   4.924743    36.5922    116.147    117.005    19.3746   4.924858    36.5933     0.1635 1.0000e-12     0.0024    99.9405      98.73    212.745     4.8882 2.4329e+03          1         26 0.0000e+00
   33.07904  -65.67290    19.3749   4.924740    36.5924    115.131    115.982    19.3747   4.924832    36.5934     0.1850 1.0000e-12     0.0023    99.9418      98.73    212.306     4.8781 2.4314e+03          1         30 0.0000e+00
   33.07904  -65.67290    19.3750   4.924719    36.5924    114.149    114.993    19.3745   4.924661    36.5925     0.2306 1.0000e-12     0.0038    99.9045      98.73    212.501     4.8826 2.4325e+03          1         29 0.0000e+00
   33.07904  -65.67290    19.3754   4.924705    36.5924    113.186    114.022    19.3748   4.924766    36.5934     0.1943 1.0000e-12     0.0032    99.9208      98.73    212.980     4.8936 2.4330e+03          1         25 0.0000e+00
   33.07904  -65.67290    19.3756   4.924706    36.5926    112.213    113.042    19.3752   4.924747    36.5933     0.1985 1.0000e-12     0.0035    99.9138      98.73    212.806     4.8896 2.4352e+03          1         21 0.0000e+00
   33.07904  -65.67290    19.3759   4.924670    36.5924    111.185    112.005    19.3758   4.924777    36.5934     0.2180 1.0000e-12     0.0047    99.8825      98.73    212.407     4.8804 2.4356e+03          1         22 0.0000e+00
   33.07904  -65.67290    19.3761   4.924662    36.5925    110.142    110.955    19.3761   4.924778    36.5935     0.2264 1.0000e-12     0.0071    99.8232      98.73    212.482     4.8822 2.4340e+03          1         21 0.0000e+00
   33.07904  -65.67290    19.3765   4.924655    36.5925    109.173    109.978    19.3763   4.924759    36.5935     0.2453 1.0000e-12     0.0101    99.7489      98.73    212.468     4.8818 2.4326e+03          1         23 0.0000e+00
   33.07904  -65.67290    19.3766   4.924623    36.5925    108.206    109.004    19.3763   4.924718    36.5936     0.2625 1.0000e-12     0.0132    99.6706      95.16    212.830     4.8902 2.4319e+03          1         29 0.0000e+00
   33.07904  -65.67290    19.3766   4.924583    36.5925    107.238    108.029    19.3764   4.924676    36.5935     0.2890 1.0000e-12     0.0127    99.6839       5.87    212.622     4.8854 2.4329e+03          1         29 0.0000e+00
   33.07906  -65.67290    19.3771   4.924593    36.5926    106.255    107.038    19.3765   4.924638    36.5935     0.3096 1.0000e-12     0.0141    99.6472      72.86    212.788     4.8892 2.4328e+03          1         23 0.0000e+00
   33.07906  -65.67290    19.3777   4.924608    36.5926    105.164    105.939    19.3774   4.924694    36.5936     0.3557 1.0000e-12     0.0162    99.5956      98.72    213.161     4.8978 2.4338e+03          1         28 0.0000e+00
   33.07906  -65.67290    19.3779   4.924596    36.5927    104.213    104.980    19.3777   4.924690    36.5936     0.3604 1.0000e-12     0.0182    99.5474      98.72    213.498     4.9055 2.4334e+03          1         29 0.0000e+00
   33.07906  -65.67290    19.3780   4.924568    36.5927    103.134    103.893    19.3779   4.924689    36.5938     0.4296 1.0000e-12     0.0184    99.5412      98.73    213.028     4.8947 2.4326e+03          1         61 0.0000e+00
   33.07906  -65.67290    19.3785   4.924562    36.5925    102.329    103.082    19.3778   4.924626    36.5938     0.5260 1.0000e-12     0.0193    99.5205      98.73    213.277     4.9004 2.4278e+03          1         59 0.0000e+00
   33.07906  -65.67290    19.3785   4.924522    36.5926    101.232    101.976    19.3781   4.924596    36.5936     0.4736 1.0000e-12     0.0199    99.5032      98.73    213.359     4.9023 2.4306e+03          1         61 0.0000e+00
   33.07906  -65.67290    19.3791   4.924540    36.5926    100.274    101.011    19.3790   4.924630    36.5935     0.5303 1.0000e-12     0.0228    99.4333      98.73    213.519     4.9060 2.4302e+03          1         52 0.0000e+00
   33.07907  -65.67290    19.3798   4.924576    36.5928     99.183     99.912    19.3795   4.924654    36.5937     0.5886 1.0000e-12     0.0235    99.4157      98.73    213.473     4.9049 2.4262e+03          1        116 0.0000e+00
   33.07908  -65.67290    19.3809   4.924654    36.5928     98.301     99.023    19.3803   4.924692    36.5936     0.6172 1.0000e-12     0.0266    99.3365      98.73    213.540     4.9065 2.4260e+03          1        117 0.0000e+00
   33.07908  -65.67290    19.3818   4.924714    36.5928     97.372     98.087    19.3802   4.924644    36.5937     0.7087 1.0000e-12     0.0269    99.3295      98.74    213.698     4.9101 2.4262e+03          1        105 0.0000e+00
   33.07909  -65.67292    19.3830   4.924808    36.5930     96.225     96.931    19.3826   4.924868    36.5938     0.6455 1.0000e-12     0.0305    99.2400      98.74    214.045     4.9181 2.4267e+03          1        488 0.0000e+00
   33.07914  -65.67293    19.3838   4.924876    36.5931     95.611     96.313    19.3835   4.924917    36.5938     0.7140 1.0000e-12     0.0331    99.1761      98.75    214.230     4.9223 2.4335e+03          1        110 0.0000e+00
   33.07916  -65.67294    19.3838   4.924800    36.5930     94.222     94.914    19.3838   4.924890    36.5938     0.6558 1.0000e-12     0.0356    99.1149      98.74    214.036     4.9179 2.4333e+03          1         44 0.0000e+00
   33.07916  -65.67294    19.3838   4.924725    36.5927     93.387     94.072    19.3837   4.924803    36.5934     0.7639 1.0000e-12     0.0419    98.9572      98.75    214.067     4.9186 2.4300e+03          1         62 0.0000e+00
   33.07916  -65.67294    19.3840   4.924676    36.5925     92.303     92.980    19.3840   4.924778    36.5933     0.7068 1.0000e-12     0.0399    99.0061      98.75    214.151     4.9205 2.4241e+03          1         36 0.0000e+00
   33.07918  -65.67294    19.3864   4.924865    36.5923     91.294     91.963    19.3866   4.924968    36.5930     0.7307 1.0000e-12     0.0451    98.8789      98.75    213.972     4.9164 2.4299e+03          1         42 0.0000e+00
   33.07918  -65.67294    19.3879   4.924999    36.5925     90.310     90.972    19.3886   4.925150    36.5931     0.7641 1.0000e-12     0.0492    98.7778      98.75    214.595     4.9307 2.4322e+03          1         70 0.0000e+00
   33.07918  -65.67294    19.3886   4.925027    36.5924     89.414     90.069    19.3884   4.925094    36.5932     0.7840 1.0000e-12     0.0493    98.7746      98.75    215.097     4.9422 2.4310e+03          1         49 0.0000e+00
   33.07918  -65.67294    19.3890   4.924998    36.5923     88.349     88.996    19.3898   4.925143    36.5928     0.7266 1.0000e-12     0.0483    98.8002      98.75    214.473     4.9279 2.4304e+03          1         37 0.0000e+00
   33.07918  -65.67294    19.3932   4.925392    36.5921     87.329     87.969    19.3928   4.925456    36.5931     0.7331 1.0000e-12     0.0500    98.7580      98.75    215.063     4.9414 2.4275e+03          1         39 0.0000e+00
   33.07918  -65.67294    19.3934   4.925374    36.5922     86.355     86.987    19.3939   4.925496    36.5928     0.7497 1.0000e-12     0.0465    98.8431      98.75    215.620     4.9542 2.4298e+03          1         58 0.0000e+00
   33.07918  -65.67294    19.3945   4.925432    36.5921     85.411     86.036    19.3945   4.925500    36.5927     0.7881 1.0000e-12     0.0462    98.8507      98.75    216.030     4.9637 2.4239e+03          1         51 0.0000e+00
   33.07919  -65.67294    19.3947   4.925404    36.5921     84.408     85.025    19.3962   4.925633    36.5927     0.6555 1.0000e-12     0.0449    98.8832      98.75    216.238     4.9684 2.4200e+03          1         42 0.0000e+00
   33.07920  -65.67294    19.4003   4.925930    36.5919     83.352     83.962    19.4009   4.926068    36.5925     0.5982 1.0000e-12     0.0459    98.8599      98.75    216.163     4.9667 2.4261e+03          1         52 0.0000e+00
   33.07920  -65.67294    19.4022   4.926071    36.5917     82.448     83.050    19.4015   4.926080    36.5925     0.5907 1.0000e-12     0.0465    98.8436      98.75    216.801     4.9814 2.4246e+03          1         51 0.0000e+00
   33.07920  -65.67294    19.4027   4.926065    36.5917     81.461     82.056    19.4034   4.926198    36.5921     0.5117 1.0000e-12     0.0508    98.7385      98.75    216.997     4.9859 2.4229e+03          1         35 0.0000e+00
   33.07920  -65.67294    19.4084   4.926595    36.5914     80.406     80.993    19.4084   4.926687    36.5922     0.4399 1.0000e-12     0.0468    98.8357      98.75    216.808     4.9815 2.4276e+03          1         53 0.0000e+00
   33.07920  -65.67294    19.4097   4.926721    36.5917     79.411     79.991    19.4089   4.926693    36.5922     0.4339 1.0000e-12     0.0486    98.7923      98.76    217.822     5.0048 2.4299e+03          1         45 0.0000e+00
   33.07920  -65.67294    19.4092   4.926624    36.5918     78.368     78.940    19.4101   4.926783    36.5923     0.4423 1.0000e-12     0.0512    98.7294      98.75    217.585     4.9994 2.4316e+03          1         52 0.0000e+00
   33.07920  -65.67294    19.4119   4.926855    36.5917     77.479     78.045    19.4138   4.927112    36.5921     0.4447 1.0000e-12     0.0501    98.7547      98.75    217.480     4.9970 2.4325e+03          1         56 0.0000e+00
   33.07920  -65.67294    19.4140   4.927041    36.5918     76.443     77.000    19.4168   4.927394    36.5922     0.3954 1.0000e-12     0.0513    98.7264      98.74    217.752     5.0032 2.4301e+03          1         44 0.0000e+00
   33.07920  -65.67294    19.4191   4.927503    36.5914     75.479     76.029    19.4209   4.927760    36.5920     0.3856 1.0000e-12     0.0479    98.8094      98.75    218.285     5.0154 2.4262e+03          1         45 0.0000e+00
   33.07922  -65.67294    19.4216   4.927714    36.5914     74.464     75.007    19.4215   4.927803    36.5922     0.3694 1.0000e-12     0.0471    98.8287      98.75    218.122     5.0117 2.4328e+03          1         37 0.0000e+00
   33.07922  -65.67294    19.4230   4.927818    36.5914     73.414     73.949    19.4235   4.927951    36.5922     0.3535 1.0000e-12     0.0480    98.8076      98.76    218.419     5.0185 2.4400e+03          1         40 0.0000e+00
   33.07922  -65.67294    19.4243   4.927935    36.5917     72.509     73.037    19.4265   4.928260    36.5925     0.3334 1.0000e-12     0.0502    98.7528      98.75    218.844     5.0283 2.4340e+03          1         81 0.0000e+00
   33.07922  -65.67294    19.4261   4.928099    36.5918     71.495     72.016    19.4279   4.928356    36.5924     0.3261 1.0000e-12     0.0857    97.8838      98.76    218.996     5.0318 2.4324e+03          1         37 0.0000e+00
   33.07922  -65.67294    19.4354   4.929088    36.5922     70.450     70.963    19.4362   4.929221    36.5926     0.3346 1.0000e-12     0.0494    98.7710      98.76    218.139     5.0121 2.4348e+03          1         37 0.0000e+00
   33.07922  -65.67294    19.4404   4.929628    36.5926     69.466     69.971    19.4412   4.929766    36.5931     0.3207 1.0000e-12     0.0508    98.7372      98.75    219.345     5.0398 2.4343e+03          1         55 0.0000e+00
   33.07922  -65.67294    19.4427   4.929759    36.5922     68.505     69.003    19.4423   4.929829    36.5931     0.3589 1.0000e-12     0.0525    98.6958      98.75    220.553     5.0675 2.4363e+03          1         47 0.0000e+00
   33.07923  -65.67294    19.4435   4.929856    36.5927     67.535     68.026    19.4452   4.929989    36.5923     0.3345 1.0000e-12     0.0528    98.6901      81.79    220.135     5.0579 2.4377e+03          1         49 0.0000e+00
   33.07924  -65.67294    19.4505   4.930535    36.5924     66.522     67.006    19.4537   4.930947    36.5930     0.3305 1.0000e-12     0.0548    98.6396      98.75    219.785     5.0499 2.4357e+03          1         38 0.0000e+00
   33.07924  -65.67294    19.4580   4.931284    36.5924     65.472     65.948    19.4588   4.931400    36.5927     0.3125 1.0000e-12     0.0568    98.5916      98.74    220.475     5.0657 2.4387e+03          1         59 0.0000e+00
   33.07924  -65.67294    19.4624   4.931719    36.5926     64.556     65.025    19.4653   4.931995    36.5923     0.3300 1.0000e-12     0.0518    98.7124      98.75    220.480     5.0658 2.4370e+03          1         58 0.0000e+00
   33.07924  -65.67294    19.4655   4.932011    36.5927     63.550     64.012    19.4728   4.932828    36.5930     0.3033 1.0000e-12     0.0587    98.5428      98.76    220.864     5.0746 2.4345e+03          1         38 0.0000e+00
   33.07924  -65.67294    19.4935   4.934963    36.5926     62.508     62.962    19.4961   4.935283    36.5930     0.2517 1.0000e-12     0.0554    98.6249      98.76    220.987     5.0774 2.4355e+03          1         39 0.0000e+00
   33.07924  -65.67294    19.5168   4.937454    36.5930     61.541     61.987    19.5101   4.936770    36.5934     0.2730 1.0000e-12     0.0564    98.5997      98.76    221.172     5.0816 2.4372e+03          1         51 0.0000e+00
   33.07924  -65.67294    19.5199   4.937770    36.5935     60.576     61.016    19.5156   4.937279    36.5933     0.2978 1.0000e-12     0.0557    98.6168      98.75    221.374     5.0863 2.4359e+03          1         48 0.0000e+00
   33.07924  -65.67294    19.5287   4.938653    36.5936     59.580     60.012    19.5320   4.938890    36.5926     0.2668 1.0000e-12     0.0582    98.5544      98.76    221.258     5.0836 2.4363e+03          1         66 0.0000e+00
   33.07924  -65.67294    19.5462   4.940428    36.5933     58.587     59.012    19.5624   4.942286    36.5942     0.2566 1.0000e-12     0.0603    98.5036      98.76    221.495     5.0890 2.4352e+03          1         40 0.0000e+00
   33.07925  -65.67294    19.5792   4.943965    36.5936     57.574     57.991    19.5816   4.944300    36.5944     0.2323 1.0000e-12     0.0611    98.4843      98.76    221.488     5.0888 2.4332e+03          1         35 0.0000e+00
   33.07926  -65.67294    19.6100   4.947402    36.5953     56.562     56.972    19.6131   4.947524    36.5936     0.2358 1.0000e-12     0.0618    98.4661      98.75    221.537     5.0899 2.4367e+03          1         51 0.0000e+00
   33.07926  -65.67294    19.6264   4.949124    36.5958     55.675     56.078    19.6344   4.949917    36.5953     0.2365 1.0000e-12     0.0589    98.5390      98.76    221.229     5.0828 2.4387e+03          1         58 0.0000e+00
