Data/ruptures/KN207-01/QL-2/20701077.cnv
* Sea-Bird SBE 9 Data File:
* FileName = C:\Data\ctd\20701077.hex
* Software Version Seasave V 7.21e
* Temperature SN = 4406
* Conductivity SN = 1474
* Number of Bytes Per Scan = 40
* Number of Voltage Words = 5
* Number of Scans Averaged by the Deck Unit = 1
* NMEA Latitude = 33 06.97 N
* NMEA Longitude = 065 41.20 W
* NMEA UTC (Time) = May 02 2012 18:03:42
** R/V Knorr Cruise # KN207-01 QL 2
** Chief Scientist: Ben Van Mooy
# nquan = 21
# nvalues = 386                         
# units = specified
# name 0 = latitude: Latitude [deg]
# name 1 = longitude: Longitude [deg]
# name 2 = t090C: Temperature [ITS-90, deg C]
# name 3 = c0S/m: Conductivity [S/m]
# name 4 = sal00: Salinity, Practical [PSU]
# name 5 = depSM: Depth [salt water, m]
# name 6 = prDM: Pressure, Digiquartz [db]
# name 7 = t190C: Temperature, 2 [ITS-90, deg C]
# name 8 = c1S/m: Conductivity, 2 [S/m]
# name 9 = sal11: Salinity, Practical, 2 [PSU]
# name 10 = flECO-AFL: Fluorescence, WET Labs ECO-AFL/FL [mg/m^3]
# name 11 = par: PAR/Irradiance, Biospherical/Licor
# name 12 = bat: Beam Attenuation, Chelsea/Seatech [1/m]
# name 13 = xmiss: Beam Transmission, Chelsea/Seatech [%]
# name 14 = altM: Altimeter [m]
# name 15 = sbeox0Mm/Kg: Oxygen, SBE 43 [umol/kg]
# name 16 = sbeox0ML/L: Oxygen, SBE 43 [ml/l]
# name 17 = spar: SPAR/Surface Irradiance
# name 18 = pumps: Pump Status
# name 19 = nbin: number of scans per bin
# name 20 = flag: flag
# span 0 =   33.11628,   33.11746       
# span 1 =  -65.69035,  -65.68701       
# span 2 =    17.8836,    20.5048       
# span 3 =   4.761956,   5.042257       
# span 4 =    36.5006,    36.6190       
# span 5 =      3.264,    199.412       
# span 6 =      3.287,    200.927       
# span 7 =    17.8839,    20.5049       
# span 8 =   4.761991,   5.042348       
# span 9 =    36.4994,    36.6197       
# span 10 =     0.0045,     0.9037      
# span 11 = 1.0000e-12, 1.0000e-12      
# span 12 =    -0.0148,     0.0823      
# span 13 =    97.9645,   100.3723      
# span 14 =       1.04,      98.90      
# span 15 =    186.077,    223.619      
# span 16 =     4.2765,     5.1379      
# span 17 = 1.6166e+03, 3.2140e+03      
# span 18 =          1,          1      
# span 19 =         18,       2697      
# span 20 = 0.0000e+00, 0.0000e+00      
# interval = decibars: 1                
# start_time = May 02 2012 18:03:42 [NMEA time, header]
# bad_flag = -9.990e-29
*END*
[from data line 276]
   33.11704  -65.68980    19.3653   4.923447    36.5916    111.164    111.985    19.3652   4.923557    36.5925     0.1112 1.0000e-12    -0.0031   100.0790      98.78    212.715     4.8875 2.8143e+03          1         30 0.0000e+00
   33.11704  -65.68980    19.3660   4.923469    36.5915    110.178    110.992    19.3655   4.923526    36.5924     0.1056 1.0000e-12    -0.0030   100.0757      98.78    212.279     4.8775 2.8199e+03          1         29 0.0000e+00
   33.11704  -65.68980    19.3667   4.923541    36.5918    109.175    109.981    19.3663   4.923552    36.5923     0.0847 1.0000e-12    -0.0016   100.0404      98.77    212.364     4.8795 2.8209e+03          1         26 0.0000e+00
   33.11704  -65.68980    19.3689   4.923772    36.5921    108.212    109.010    19.3674   4.923651    36.5925     0.1197 1.0000e-12    -0.0016   100.0403      98.78    212.313     4.8783 2.8124e+03          1         22 0.0000e+00
   33.11705  -65.68981    19.3695   4.923812    36.5923    107.220    108.011    19.3690   4.923810    36.5927     0.1039 1.0000e-12    -0.0001   100.0026      98.78    212.596     4.8848 2.8077e+03          1         23 0.0000e+00
   33.11706  -65.68982    19.3706   4.923913    36.5926    106.189    106.972    19.3705   4.923956    36.5930     0.1099 1.0000e-12     0.0005    99.9873      98.78    212.686     4.8869 2.8209e+03          1         21 0.0000e+00
   33.11706  -65.68982    19.3714   4.923963    36.5927    105.217    105.992    19.3706   4.923948    36.5932     0.1105 1.0000e-12     0.0021    99.9470      98.78    212.426     4.8809 2.8357e+03          1         20 0.0000e+00
   33.11706  -65.68982    19.3716   4.923954    36.5928    104.223    104.991    19.3712   4.923970    36.5933     0.1367 1.0000e-12     0.0043    99.8942      98.78    212.632     4.8856 2.8400e+03          1         22 0.0000e+00
   33.11706  -65.68982    19.3720   4.923955    36.5928    103.205    103.965    19.3715   4.923972    36.5934     0.1708 1.0000e-12     0.0042    99.8961      98.77    212.812     4.8897 2.8415e+03          1         25 0.0000e+00
   33.11706  -65.68982    19.3722   4.923918    36.5928    102.211    102.963    19.3721   4.923988    36.5934     0.1940 1.0000e-12     0.0033    99.9170      98.78    212.955     4.8930 2.8407e+03          1         31 0.0000e+00
   33.11706  -65.68982    19.3727   4.923923    36.5928    101.156    101.900    19.3726   4.924004    36.5935     0.2003 1.0000e-12     0.0038    99.9051      98.79    213.105     4.8965 2.8357e+03          1         36 0.0000e+00
   33.11706  -65.68982    19.3734   4.923979    36.5929    100.215    100.953    19.3726   4.923963    36.5935     0.2192 1.0000e-12     0.0044    99.8891      98.78    213.180     4.8982 2.8534e+03          1         46 0.0000e+00
   33.11706  -65.68983    19.3733   4.923918    36.5929     99.236     99.966    19.3733   4.923995    36.5936     0.2453 1.0000e-12     0.0047    99.8832      98.78    213.198     4.8986 2.8516e+03          1         47 0.0000e+00
   33.11706  -65.68984    19.3736   4.923901    36.5928     98.309     99.032    19.3734   4.923974    36.5936     0.2461 1.0000e-12     0.0034    99.9147      98.78    212.877     4.8913 2.8403e+03          1         52 0.0000e+00
   33.11706  -65.68984    19.3740   4.923896    36.5928     97.305     98.020    19.3734   4.923909    36.5935     0.2352 1.0000e-12     0.0046    99.8857      98.78    213.105     4.8965 2.8320e+03          1         42 0.0000e+00
   33.11706  -65.68984    19.3745   4.923900    36.5928     96.299     97.007    19.3741   4.923942    36.5935     0.2218 1.0000e-12     0.0057    99.8574      98.79    212.484     4.8822 2.8810e+03          1         44 0.0000e+00
   33.11706  -65.68984    19.3745   4.923859    36.5929     95.292     95.992    19.3743   4.923923    36.5936     0.2378 1.0000e-12     0.0045    99.8886      98.78    212.929     4.8924 2.8626e+03          1         58 0.0000e+00
   33.11707  -65.68985    19.3740   4.923705    36.5924     94.348     95.041    19.3742   4.923842    36.5934     0.2848 1.0000e-12     0.0061    99.8484      98.78    212.932     4.8925 2.8728e+03          1         49 0.0000e+00
   33.11708  -65.68986    19.3740   4.923638    36.5923     93.294     93.979    19.3741   4.923751    36.5931     0.2682 1.0000e-12     0.0097    99.7574      98.78    213.007     4.8942 2.2090e+03          1         40 0.0000e+00
   33.11708  -65.68986    19.3744   4.923647    36.5923     92.308     92.986    19.3740   4.923694    36.5931     0.3142 1.0000e-12     0.0090    99.7745      98.78    213.236     4.8995 2.1068e+03          1         41 0.0000e+00
   33.11708  -65.68986    19.3747   4.923639    36.5924     91.366     92.036    19.3746   4.923700    36.5930     0.3117 1.0000e-12     0.0101    99.7468      98.78    212.990     4.8938 2.5040e+03          1         45 0.0000e+00
   33.11708  -65.68986    19.3757   4.923706    36.5924     90.344     91.006    19.3749   4.923707    36.5932     0.3196 1.0000e-12     0.0111    99.7227      98.78    212.850     4.8906 2.6159e+03          1         59 0.0000e+00
   33.11708  -65.68987    19.3772   4.923869    36.5928     89.382     90.037    19.3755   4.923734    36.5932     0.3546 1.0000e-12     0.0128    99.6803      98.78    213.402     4.9033 2.7224e+03          1         40 0.0000e+00
   33.11708  -65.68988    19.3781   4.923931    36.5929     88.321     88.969    19.3761   4.923760    36.5933     0.3678 1.0000e-12     0.0142    99.6463      98.78    213.533     4.9063 2.8392e+03          1         40 0.0000e+00
   33.11708  -65.68988    19.3784   4.923917    36.5930     87.384     88.024    19.3774   4.923898    36.5937     0.3758 1.0000e-12     0.0209    99.4799      98.78    212.984     4.8937 2.8578e+03          1         56 0.0000e+00
   33.11710  -65.68988    19.3784   4.923876    36.5929     86.376     87.009    19.3781   4.923925    36.5936     0.4331 1.0000e-12     0.0221    99.4489      98.78    213.576     4.9073 2.8769e+03          1         36 0.0000e+00
   33.11710  -65.68988    19.3788   4.923861    36.5929     85.323     85.948    19.3782   4.923894    36.5937     0.4050 1.0000e-12     0.0209    99.4781      98.78    213.475     4.9050 2.8319e+03          1         42 0.0000e+00
   33.11710  -65.68989    19.3788   4.923826    36.5929     84.421     85.039    19.3783   4.923871    36.5938     0.4626 1.0000e-12     0.0220    99.4502      98.78    212.948     4.8929 2.8258e+03          1         67 0.0000e+00
   33.11710  -65.68990    19.3789   4.923769    36.5928     83.417     84.027    19.3785   4.923828    36.5936     0.5593 1.0000e-12     0.0253    99.3710      98.78    212.971     4.8934 2.8531e+03          1         36 0.0000e+00
   33.11710  -65.68990    19.3794   4.923774    36.5928     82.396     82.999    19.3790   4.923812    36.5934     0.4951 1.0000e-12     0.0253    99.3688      98.79    213.480     4.9051 2.8275e+03          1         33 0.0000e+00
   33.11711  -65.68990    19.3802   4.923817    36.5928     81.347     81.942    19.3800   4.923879    36.5935     0.6063 1.0000e-12     0.0314    99.2181      98.78    213.823     4.9130 2.7064e+03          1         51 0.0000e+00
   33.11712  -65.68990    19.3805   4.923810    36.5928     80.481     81.069    19.3800   4.923834    36.5934     0.7325 1.0000e-12     0.0330    99.1781      98.78    213.800     4.9124 2.7505e+03          1         64 0.0000e+00
   33.11712  -65.68990    19.3813   4.923836    36.5927     79.434     80.014    19.3801   4.923788    36.5934     0.7814 1.0000e-12     0.0369    99.0821      98.79    213.842     4.9134 2.7094e+03          1         33 0.0000e+00
   33.11712  -65.68992    19.3836   4.924056    36.5929     78.400     78.973    19.3828   4.924011    36.5933     0.7308 1.0000e-12     0.0421    98.9531      98.78    213.735     4.9110 2.6532e+03          1         32 0.0000e+00
   33.11712  -65.68992    19.3846   4.924133    36.5930     77.399     77.964    19.3840   4.924146    36.5937     0.7644 1.0000e-12     0.0453    98.8739      98.79    213.908     4.9149 2.6823e+03          1         65 0.0000e+00
   33.11712  -65.68992    19.3847   4.924088    36.5929     76.483     77.041    19.3842   4.924133    36.5937     0.8945 1.0000e-12     0.0488    98.7861      98.78    213.814     4.9128 2.6777e+03          1         48 0.0000e+00
   33.11716  -65.68997    19.3898   4.924585    36.5931     75.302     75.852    19.3898   4.924660    36.5937     0.9037 1.0000e-12     0.0641    98.4098      98.69    215.342     4.9479 2.6567e+03          1       1374 0.0000e+00
   33.11720  -65.69002    19.3910   4.924666    36.5930     74.511     75.055    19.3916   4.924810    36.5937     0.8438 1.0000e-12     0.0682    98.3081      98.79    215.407     4.9493 2.1386e+03          1         41 0.0000e+00
   33.11720  -65.69004    19.3920   4.924701    36.5929     73.476     74.012    19.3920   4.924770    36.5934     0.8567 1.0000e-12     0.0686    98.3000      98.80    214.996     4.9399 2.0384e+03          1         35 0.0000e+00
   33.11720  -65.69004    19.3952   4.925010    36.5929     72.425     72.953    19.3949   4.925024    36.5934     0.8129 1.0000e-12     0.0626    98.4468      98.79    215.738     4.9569 1.9592e+03          1         50 0.0000e+00
   33.11720  -65.69004    19.3965   4.925092    36.5929     71.529     72.050    19.3968   4.925195    36.5934     0.7931 1.0000e-12     0.0580    98.5591      98.79    216.977     4.9854 1.7034e+03          1         65 0.0000e+00
   33.11720  -65.69004    19.3977   4.925163    36.5928     70.496     71.010    19.3977   4.925267    36.5936     0.7096 1.0000e-12     0.0562    98.6051      98.79    216.851     4.9825 1.6590e+03          1         39 0.0000e+00
   33.11720  -65.69004    19.4013   4.925510    36.5928     69.491     69.997    19.4009   4.925543    36.5935     0.6545 1.0000e-12     0.0525    98.6956      98.80    216.462     4.9736 1.7175e+03          1         36 0.0000e+00
   33.11720  -65.69006    19.4042   4.925787    36.5929     68.486     68.984    19.4045   4.925868    36.5933     0.5589 1.0000e-12     0.0507    98.7415      98.80    216.993     4.9858 1.9485e+03          1         54 0.0000e+00
   33.11720  -65.69006    19.4048   4.925800    36.5929     67.565     68.056    19.4059   4.925960    36.5932     0.5744 1.0000e-12     0.0512    98.7297      98.79    217.189     4.9903 2.3703e+03          1         51 0.0000e+00
   33.11721  -65.69006    19.4064   4.925914    36.5929     66.532     67.016    19.4074   4.926073    36.5933     0.4588 1.0000e-12     0.0516    98.7182      98.80    216.851     4.9825 2.5948e+03          1         34 0.0000e+00
   33.11722  -65.69006    19.4117   4.926435    36.5928     65.483     65.959    19.4104   4.926374    36.5935     0.4578 1.0000e-12     0.0518    98.7130      98.79    217.107     4.9884 2.5663e+03          1         42 0.0000e+00
   33.11722  -65.69006    19.4154   4.926792    36.5929     64.596     65.066    19.4159   4.926918    36.5935     0.4120 1.0000e-12     0.0574    98.5749      98.80    217.775     5.0037 2.6087e+03          1         69 0.0000e+00
   33.11722  -65.69008    19.4174   4.926903    36.5924     63.564     64.026    19.4176   4.927010    36.5932     0.3870 1.0000e-12     0.0650    98.3880      98.79    217.736     5.0028 2.5419e+03          1         40 0.0000e+00
   33.11722  -65.69008    19.4196   4.927083    36.5924     62.570     63.025    19.4208   4.927281    36.5930     0.3646 1.0000e-12     0.0544    98.6484      98.79    218.011     5.0091 2.3585e+03          1         38 0.0000e+00
   33.11722  -65.69008    19.4244   4.927571    36.5926     61.572     62.019    19.4253   4.927732    36.5931     0.3683 1.0000e-12     0.0570    98.5862      98.79    218.274     5.0152 2.2688e+03          1         43 0.0000e+00
   33.11724  -65.69008    19.4268   4.927797    36.5928     60.539     60.978    19.4292   4.928132    36.5934     0.3715 1.0000e-12     0.0562    98.6058      98.79    218.711     5.0252 2.2596e+03          1         53 0.0000e+00
   33.11724  -65.69008    19.4327   4.928395    36.5929     59.574     60.006    19.4336   4.928570    36.5935     0.3707 1.0000e-12     0.0564    98.6008      98.74    219.174     5.0359 1.9846e+03          1         56 0.0000e+00
   33.11724  -65.69010    19.4342   4.928514    36.5930     58.608     59.033    19.4378   4.928917    36.5931     0.3407 1.0000e-12     0.0596    98.5225      90.71    219.258     5.0378 2.2870e+03          1         41 0.0000e+00
   33.11724  -65.69010    19.4425   4.929242    36.5921     57.583     58.001    19.4427   4.929367    36.5929     0.3219 1.0000e-12     0.0614    98.4767      98.80    218.820     5.0277 2.2420e+03          1         41 0.0000e+00
   33.11724  -65.69010    19.4491   4.929897    36.5921     56.592     57.002    19.4489   4.929920    36.5925     0.3263 1.0000e-12     0.0620    98.4619      98.80    219.881     5.0521 2.4198e+03          1         55 0.0000e+00
   33.11726  -65.69010    19.4562   4.930597    36.5920     55.590     55.993    19.4542   4.930436    36.5924     0.2945 1.0000e-12     0.0634    98.4267      98.80    220.000     5.0548 2.4343e+03          1         47 0.0000e+00
   33.11726  -65.69010    19.4587   4.930830    36.5922     54.600     54.996    19.4602   4.931054    36.5927     0.2894 1.0000e-12     0.0626    98.4476      98.80    220.378     5.0635 2.4295e+03          1         39 0.0000e+00
   33.11726  -65.69011    19.4656   4.931514    36.5921     53.587     53.975    19.4681   4.931738    36.5918     0.2944 1.0000e-12     0.0611    98.4832      98.80    220.731     5.0716 2.7845e+03          1         45 0.0000e+00
   33.11726  -65.69012    19.4761   4.932572    36.5920     52.634     53.015    19.4783   4.932778    36.5918     0.2749 1.0000e-12     0.0622    98.4586      98.80    221.499     5.0892 2.8015e+03          1         66 0.0000e+00
   33.11726  -65.69012    19.4945   4.934387    36.5911     51.674     52.048    19.4854   4.933488    36.5919     0.2552 1.0000e-12     0.0659    98.3650      98.80    221.513     5.0895 2.8128e+03          1         43 0.0000e+00
   33.11726  -65.69012    19.5030   4.935327    36.5919     50.622     50.989    19.4996   4.935000    36.5922     0.2377 1.0000e-12     0.0651    98.3861      98.80    222.227     5.1059 2.8020e+03          1         37 0.0000e+00
   33.11726  -65.69012    19.5132   4.936347    36.5918     49.611     49.970    19.5134   4.936347    36.5915     0.2360 1.0000e-12     0.0666    98.3495      98.80    222.405     5.1100 2.8044e+03          1         42 0.0000e+00
   33.11727  -65.69013    19.5178   4.936778    36.5918     48.644     48.995    19.5164   4.936640    36.5918     0.2205 1.0000e-12     0.0659    98.3660      98.79    222.765     5.1182 2.8120e+03          1         42 0.0000e+00
   33.11728  -65.69014    19.5322   4.938263    36.5919     47.692     48.036    19.5323   4.938236    36.5915     0.2222 1.0000e-12     0.0691    98.2875      98.80    222.870     5.1206 2.8122e+03          1         76 0.0000e+00
   33.11728  -65.69014    19.5705   4.942275    36.5914     46.692     47.029    19.5531   4.940404    36.5915     0.2023 1.0000e-12     0.0700    98.2646      98.80    223.023     5.1241 2.7978e+03          1         37 0.0000e+00
   33.11728  -65.69014    19.5890   4.944355    36.5928     45.671     46.001    19.5829   4.943524    36.5912     0.1935 1.0000e-12     0.0712    98.2363      98.79    223.242     5.1291 2.7943e+03          1         31 0.0000e+00
   33.11728  -65.69014    19.6037   4.945951    36.5936     44.644     44.966    19.6066   4.946229    36.5933     0.2127 1.0000e-12     0.0696    98.2749      98.80    223.048     5.1246 2.7875e+03          1         58 0.0000e+00
