Data/ruptures/KN207-01/QL-2/20701080.cnv
* Sea-Bird SBE 9 Data File:
* FileName = C:\Data\ctd\20701080.hex
* Software Version Seasave V 7.21e
* Temperature SN = 4406
* Conductivity SN = 1474
* Number of Bytes Per Scan = 40
* Number of Voltage Words = 5
* Number of Scans Averaged by the Deck Unit = 1
* NMEA Latitude = 33 09.93 N
* NMEA Longitude = 065 41.19 W
* NMEA UTC (Time) = May 03 2012 00:04:30
** R/V Knorr Cruise # KN207-01 QL 2
** Chief Scientist: Ben Van Mooy
# nquan = 21
# nvalues = 398                         
# units = specified
# name 0 = latitude: Latitude [deg]
# name 1 = longitude: Longitude [deg]
# name 2 = t090C: Temperature [ITS-90, deg C]
# name 3 = c0S/m: Conductivity [S/m]
# name 4 = sal00: Salinity, Practical [PSU]
# name 5 = depSM: Depth [salt water, m]
# name 6 = prDM: Pressure, Digiquartz [db]
# name 7 = t190C: Temperature, 2 [ITS-90, deg C]
# name 8 = c1S/m: Conductivity, 2 [S/m]
# name 9 = sal11: Salinity, Practical, 2 [PSU]
# name 10 = flECO-AFL: Fluorescence, WET Labs ECO-AFL/FL [mg/m^3]
# name 11 = par: PAR/Irradiance, Biospherical/Licor
# name 12 = bat: Beam Attenuation, Chelsea/Seatech [1/m]
# name 13 = xmiss: Beam Transmission, Chelsea/Seatech [%]
# name 14 = altM: Altimeter [m]
# name 15 = sbeox0Mm/Kg: Oxygen, SBE 43 [umol/kg]
# name 16 = sbeox0ML/L: Oxygen, SBE 43 [ml/l]
# name 17 = spar: SPAR/Surface Irradiance
# name 18 = pumps: Pump Status
# name 19 = nbin: number of scans per bin
# name 20 = flag: flag
# span 0 =   33.16564,   33.16628       
# span 1 =  -65.68660,  -65.68650       
# span 2 =    18.2087,    20.3858       
# span 3 =   4.799119,   5.029925       
# span 4 =    36.5295,    36.6185       
# span 5 =      3.363,    200.223       
# span 6 =      3.387,    201.746       
# span 7 =    18.2083,    20.3855       
# span 8 =   4.799172,   5.030161       
# span 9 =    36.5275,    36.6191       
# span 10 =     0.0156,     0.7732      
# span 11 = 1.0000e-12, 1.0000e-12      
# span 12 =    -0.0120,     0.0735      
# span 13 =    98.1796,   100.2989      
# span 14 =       0.92,      98.98      
# span 15 =    188.067,    223.438      
# span 16 =     4.3223,     5.1337      
# span 17 = 1.4409e+01, 1.5663e+01      
# span 18 =          1,          1      
# span 19 =         17,       1039      
# span 20 = 0.0000e+00, 0.0000e+00      
# interval = decibars: 1                
# start_time = May 03 2012 00:04:30 [NMEA time, header]
# bad_flag = -9.990e-29
*END*
[from data line 345]
   33.16604  -65.68658    19.5931   4.945280    36.5937     54.502     54.897    19.5905   4.945056    36.5942     0.2622 1.0000e-12     0.0708    98.2444      98.76    222.545     5.1131 1.5414e+01          1         89 0.0000e+00
   33.16604  -65.68658    19.6188   4.948063    36.5945     53.655     54.044    19.6113   4.947153    36.5937     0.2364 1.0000e-12     0.0709    98.2426      98.77    222.304     5.1075 1.5443e+01          1         39 0.0000e+00
   33.16604  -65.68658    19.6334   4.949529    36.5943     52.599     52.980    19.6344   4.949469    36.5929     0.2356 1.0000e-12     0.0664    98.3529      98.77    222.299     5.1074 1.5551e+01          1         35 0.0000e+00
   33.16604  -65.68658    19.6909   4.955664    36.5944     51.590     51.964    19.6870   4.955183    36.5939     0.2297 1.0000e-12     0.0686    98.3006      98.77    221.810     5.0961 1.5448e+01          1         40 0.0000e+00
   33.16604  -65.68659    19.7115   4.957914    36.5955     50.584     50.950    19.7100   4.957690    36.5950     0.2282 1.0000e-12     0.0685    98.3014      98.77    221.896     5.0980 1.5383e+01          1         48 0.0000e+00
   33.16604  -65.68660    19.7333   4.960214    36.5962     49.717     50.077    19.7258   4.959377    36.5959     0.2214 1.0000e-12     0.0678    98.3188      98.76    222.273     5.1067 1.5361e+01          1         79 0.0000e+00
   33.16604  -65.68660    19.7478   4.961872    36.5979     48.691     49.043    19.7457   4.961341    36.5953     0.2127 1.0000e-12     0.0693    98.2827      98.77    222.347     5.1084 1.5327e+01          1         31 0.0000e+00
   33.16604  -65.68660    19.9201   4.979798    36.5926     47.632     47.976    19.8815   4.974861    36.5862     0.2028 1.0000e-12     0.0695    98.2771      90.40    221.306     5.0842 1.5461e+01          1         29 0.0000e+00
   33.16604  -65.68660    19.9768   4.986150    36.5964     46.590     46.926    19.9806   4.986329    36.5943     0.1882 1.0000e-12     0.0676    98.3250      88.88    221.055     5.0784 1.5441e+01          1         77 0.0000e+00
   33.16606  -65.68660    20.0137   4.989656    36.5943     45.673     46.003    19.9981   4.988109    36.5953     0.1818 1.0000e-12     0.0682    98.3098      57.45    219.906     5.0519 1.5615e+01          1         39 0.0000e+00
   33.16606  -65.68660    20.0336   4.992076    36.5977     44.601     44.923    20.0226   4.990925    36.5979     0.1744 1.0000e-12     0.0677    98.3226      98.77    220.511     5.0658 1.5563e+01          1         43 0.0000e+00
   33.16606  -65.68660    20.0557   4.994306    36.5978     43.782     44.098    20.0572   4.994250    36.5958     0.1871 1.0000e-12     0.0653    98.3815      98.77    220.018     5.0544 1.5432e+01          1         61 0.0000e+00
   33.16606  -65.68660    20.0653   4.995310    36.5987     42.714     43.023    20.0664   4.995317    36.5976     0.1816 1.0000e-12     0.0680    98.3140      98.77    220.273     5.0603 1.5360e+01          1         35 0.0000e+00
   33.16606  -65.68660    20.1059   4.999623    36.5991     41.617     41.917    20.0999   4.998929    36.5985     0.1862 1.0000e-12     0.0637    98.4189      98.77    219.952     5.0529 1.5443e+01          1         52 0.0000e+00
   33.16606  -65.68660    20.1131   5.000316    36.5995     40.761     41.055    20.1115   4.999787    36.5965     0.1733 1.0000e-12     0.0628    98.4414      98.77    219.828     5.0500 1.5493e+01          1         55 0.0000e+00
   33.16606  -65.68660    20.1279   5.001847    36.5997     39.722     40.008    20.1296   5.001913    36.5987     0.1693 1.0000e-12     0.0735    98.1796      96.48    219.532     5.0432 1.5551e+01          1         35 0.0000e+00
   33.16607  -65.68660    20.1643   5.005860    36.6012     38.702     38.981    20.1641   5.005728    36.6003     0.1552 1.0000e-12     0.0611    98.4855      95.65    219.495     5.0423 1.5405e+01          1         53 0.0000e+00
   33.16608  -65.68660    20.1975   5.009635    36.6037     37.765     38.037    20.2052   5.010321    36.6025     0.1445 1.0000e-12     0.0565    98.5973      80.89    219.538     5.0433 1.5486e+01          1         69 0.0000e+00
   33.16608  -65.68660    20.2234   5.012646    36.6064     36.784     37.049    20.2330   5.013573    36.6055     0.1233 1.0000e-12     0.0574    98.5752      59.76    219.271     5.0371 1.5549e+01          1         34 0.0000e+00
   33.16608  -65.68660    20.2544   5.016199    36.6088     35.724     35.981    20.2493   5.015562    36.6081     0.1168 1.0000e-12     0.0545    98.6463      98.76    219.450     5.0412 1.5392e+01          1         30 0.0000e+00
   33.16608  -65.68660    20.2642   5.017275    36.6099     34.640     34.890    20.2660   5.017398    36.6093     0.1311 1.0000e-12     0.0537    98.6669      98.77    218.308     5.0149 1.5503e+01          1         60 0.0000e+00
   33.16608  -65.68660    20.2712   5.017976    36.6105     33.821     34.064    20.2742   5.018303    36.6105     0.1225 1.0000e-12     0.0538    98.6637      98.77    218.191     5.0122 1.5498e+01          1         57 0.0000e+00
   33.16608  -65.68660    20.2765   5.018463    36.6105     32.765     33.001    20.2790   5.018742    36.6107     0.1151 1.0000e-12     0.0523    98.7017      98.77    218.350     5.0159 1.5443e+01          1         52 0.0000e+00
   33.16608  -65.68660    20.2953   5.020509    36.6112     31.780     32.009    20.3001   5.020957    36.6107     0.1015 1.0000e-12     0.0521    98.7059      98.77    218.327     5.0153 1.5556e+01          1         38 0.0000e+00
   33.16608  -65.68660    20.3212   5.023374    36.6124     30.763     30.984    20.3205   5.023339    36.6128     0.1113 1.0000e-12     0.0548    98.6382      98.77    218.575     5.0210 1.5556e+01          1         38 0.0000e+00
   33.16608  -65.68660    20.3336   5.024801    36.6139     29.751     29.965    20.3327   5.024699    36.6138     0.1110 1.0000e-12     0.0532    98.6779      98.77    218.019     5.0082 1.5539e+01          1         59 0.0000e+00
   33.16610  -65.68660    20.3382   5.025231    36.6141     28.830     29.038    20.3369   5.025142    36.6145     0.1052 1.0000e-12     0.0520    98.7087      98.77    218.500     5.0193 1.5489e+01          1         53 0.0000e+00
   33.16610  -65.68660    20.3405   5.025428    36.6143     27.813     28.013    20.3365   5.025118    36.6154     0.1123 1.0000e-12     0.0521    98.7061      98.77    217.968     5.0070 1.5373e+01          1         46 0.0000e+00
   33.16610  -65.68660    20.3520   5.026642    36.6146     26.843     27.036    20.3515   5.026501    36.6139     0.1121 1.0000e-12     0.0522    98.7048      85.13    217.785     5.0028 1.5392e+01          1         40 0.0000e+00
   33.16610  -65.68658    20.3658   5.028186    36.6157     25.741     25.926    20.3664   5.028300    36.6161     0.1125 1.0000e-12     0.0518    98.7130      81.87    218.036     5.0086 1.5544e+01          1         63 0.0000e+00
   33.16610  -65.68658    20.3635   5.027878    36.6158     24.905     25.084    20.3627   5.027903    36.6167     0.1371 1.0000e-12     0.0511    98.7314      62.54    217.917     5.0058 1.5378e+01          1         47 0.0000e+00
   33.16610  -65.68658    20.3605   5.027550    36.6163     23.859     24.031    20.3612   5.027675    36.6167     0.0822 1.0000e-12     0.0513    98.7249      98.57    217.720     5.0013 1.5532e+01          1         27 0.0000e+00
   33.16610  -65.68658    20.3646   5.027957    36.6165     22.743     22.906    20.3628   5.027823    36.6170     0.1031 1.0000e-12     0.0528    98.6881      98.77    218.112     5.0103 1.5569e+01          1         48 0.0000e+00
   33.16611  -65.68658    20.3691   5.028389    36.6165     21.983     22.141    20.3678   5.028273    36.6167     0.1110 1.0000e-12     0.0513    98.7260      92.03    218.118     5.0105 1.5519e+01          1         70 0.0000e+00
   33.16612  -65.68658    20.3749   5.029022    36.6171     20.834     20.983    20.3748   5.029072    36.6175     0.1037 1.0000e-12     0.0524    98.6988      98.77    218.313     5.0149 1.5615e+01          1         37 0.0000e+00
   33.16612  -65.68658    20.3775   5.029278    36.6173     19.821     19.963    20.3765   5.029228    36.6177     0.1143 1.0000e-12     0.0513    98.7251      98.78    218.074     5.0094 1.5476e+01          1         48 0.0000e+00
   33.16612  -65.68658    20.3789   5.029340    36.6170     18.918     19.053    20.3788   5.029427    36.6178     0.1123 1.0000e-12     0.0681    98.3147      98.77    218.208     5.0125 1.5466e+01          1         45 0.0000e+00
   33.16613  -65.68658    20.3820   5.029685    36.6176     17.767     17.895    20.3813   5.029697    36.6183     0.1087 1.0000e-12     0.0533    98.6772      98.78    217.999     5.0077 1.5462e+01          1        117 0.0000e+00
   33.16614  -65.68658    20.3808   5.029518    36.6177     16.916     17.037    20.3815   5.029642    36.6181     0.1259 1.0000e-12     0.0503    98.7508      61.63    217.600     4.9985 1.5470e+01          1         46 0.0000e+00
   33.16614  -65.68658    20.3818   5.029602    36.6179     16.014     16.128    20.3820   5.029690    36.6185     0.1087 1.0000e-12     0.0505    98.7461      67.62    217.893     5.0053 1.5576e+01          1        115 0.0000e+00
   33.16616  -65.68658    20.3823   5.029610    36.6180     14.847     14.953    20.3826   5.029707    36.6185     0.1057 1.0000e-12     0.0517    98.7149      27.96    217.868     5.0047 1.5440e+01          1        102 0.0000e+00
   33.16617  -65.68658    20.3807   5.029411    36.6181     14.156     14.257    20.3805   5.029462    36.6187     0.1172 1.0000e-12     0.0510    98.7325      80.50    218.132     5.0108 1.5524e+01          1        665 0.0000e+00
   33.16620  -65.68658    20.3817   5.029469    36.6182     12.741     12.832    20.3811   5.029465    36.6188     0.1210 1.0000e-12     0.0513    98.7251      34.82    218.000     5.0077 1.5507e+01          1        145 0.0000e+00
   33.16620  -65.68658    20.3821   5.029473    36.6182     11.963     12.048    20.3814   5.029460    36.6187     0.1094 1.0000e-12     0.0510    98.7337      36.40    218.008     5.0079 1.5615e+01          1         40 0.0000e+00
   33.16622  -65.68658    20.3834   5.029590    36.6184     10.959     11.037    20.3823   5.029532    36.6189     0.1067 1.0000e-12     0.0512    98.7289      65.36    217.957     5.0067 1.5490e+01          1        125 0.0000e+00
   33.16622  -65.68658    20.3841   5.029620    36.6184      9.967     10.039    20.3834   5.029613    36.6189     0.1168 1.0000e-12     0.0508    98.7372       7.75    217.919     5.0059 1.5515e+01          1        111 0.0000e+00
   33.16623  -65.68658    20.3844   5.029607    36.6184      8.875      8.938    20.3839   5.029617    36.6190     0.1126 1.0000e-12     0.0517    98.7173      56.80    217.979     5.0072 1.5596e+01          1        119 0.0000e+00
   33.16624  -65.68658    20.3847   5.029588    36.6185      7.916      7.972    20.3843   5.029605    36.6189     0.1246 1.0000e-12     0.0503    98.7492      98.78    218.258     5.0137 1.5663e+01          1         46 0.0000e+00
   33.16624  -65.68658    20.3845   5.029533    36.6185      6.968      7.018    20.3842   5.029553    36.6189     0.1186 1.0000e-12     0.0515    98.7202      63.57    217.621     4.9990 1.5507e+01          1         83 0.0000e+00
   33.16624  -65.68658    20.3843   5.029467    36.6185      6.096      6.139    20.3842   5.029525    36.6190     0.1231 1.0000e-12     0.0498    98.7615       1.37    218.254     5.0136 1.5534e+01          1        110 0.0000e+00
   33.16626  -65.68658    20.3844   5.029428    36.6184      4.973      5.008    20.3841   5.029460    36.6189     0.1073 1.0000e-12     0.0497    98.7642      95.62    217.872     5.0048 1.5615e+01          1         47 0.0000e+00
   33.16626  -65.68658    20.3843   5.029364    36.6184      3.935      3.963    20.3843   5.029432    36.6189     0.1092 1.0000e-12     0.0563    98.6015      85.93    218.400     5.0169 1.5524e+01          1         49 0.0000e+00
   33.16628  -65.68658    20.3841   5.029314    36.6184      3.363      3.387    20.3840   5.029391    36.6191     0.1125 1.0000e-12     0.0514    98.7247      20.52    217.872     5.0048 1.5578e+01          1         60 0.0000e+00
