Data/ruptures/KN207-01/QL-2/20701078.cnv
* Sea-Bird SBE 9 Data File:
* FileName = C:\Data\ctd\20701078.hex
* Software Version Seasave V 7.21e
* Temperature SN = 4406
* Conductivity SN = 1474
* Number of Bytes Per Scan = 40
* Number of Voltage Words = 5
* Number of Scans Averaged by the Deck Unit = 1
* NMEA Latitude = 33 07.79 N
* NMEA Longitude = 065 41.38 W
* NMEA UTC (Time) = May 02 2012 20:02:09
** R/V Knorr Cruise # KN207-01 QL 2
** Chief Scientist: Ben Van Mooy
# nquan = 21
# nvalues = 396                         
# units = specified
# name 0 = latitude: Latitude [deg]
# name 1 = longitude: Longitude [deg]
# name 2 = t090C: Temperature [ITS-90, deg C]
# name 3 = c0S/m: Conductivity [S/m]
# name 4 = sal00: Salinity, Practical [PSU]
# name 5 = depSM: Depth [salt water, m]
# name 6 = prDM: Pressure, Digiquartz [db]
# name 7 = t190C: Temperature, 2 [ITS-90, deg C]
# name 8 = c1S/m: Conductivity, 2 [S/m]
# name 9 = sal11: Salinity, Practical, 2 [PSU]
# name 10 = flECO-AFL: Fluorescence, WET Labs ECO-AFL/FL [mg/m^3]
# name 11 = par: PAR/Irradiance, Biospherical/Licor
# name 12 = bat: Beam Attenuation, Chelsea/Seatech [1/m]
# name 13 = xmiss: Beam Transmission, Chelsea/Seatech [%]
# name 14 = altM: Altimeter [m]
# name 15 = sbeox0Mm/Kg: Oxygen, SBE 43 [umol/kg]
# name 16 = sbeox0ML/L: Oxygen, SBE 43 [ml/l]
# name 17 = spar: SPAR/Surface Irradiance
# name 18 = pumps: Pump Status
# name 19 = nbin: number of scans per bin
# name 20 = flag: flag
# span 0 =   33.12990,   33.13233       
# span 1 =  -65.68978,  -65.68713       
# span 2 =    17.9469,    20.4795       
# span 3 =   4.769761,   5.039691       
# span 4 =    36.5136,    36.6196       
# span 5 =      2.198,    198.300       
# span 6 =      2.213,    199.807       
# span 7 =    17.9473,    20.4794       
# span 8 =   4.769897,   5.039818       
# span 9 =    36.5143,    36.6206       
# span 10 =     0.0084,     0.8195      
# span 11 = 1.0000e-12, 1.0000e-12      
# span 12 =    -0.0131,     0.0800      
# span 13 =    98.0197,   100.3285      
# span 14 =      15.09,      98.82      
# span 15 =    186.018,    223.436      
# span 16 =     4.2750,     5.1334      
# span 17 = 8.9852e+02, 2.1560e+03      
# span 18 =          1,          1      
# span 19 =         19,       1286      
# span 20 = 0.0000e+00, 0.0000e+00      
# interval = decibars: 1                
# start_time = May 02 2012 20:02:09 [NMEA time, header]
# bad_flag = -9.990e-29
*END*
[from data line 276]
   33.13132  -65.68838    19.3663   4.924067    36.5925    120.027    120.916    19.3663   4.924157    36.5932     0.2853 1.0000e-12     0.0086    99.7860      98.74    212.780     4.8890 9.0917e+02          1         55 0.0000e+00
   33.13132  -65.68838    19.3663   4.924036    36.5925    119.168    120.051    19.3671   4.924183    36.5931     0.3047 1.0000e-12     0.0087    99.7836      98.75    212.694     4.8871 9.0806e+02          1         47 0.0000e+00
   33.13134  -65.68836    19.3672   4.924078    36.5925    118.141    119.016    19.3669   4.924125    36.5932     0.3150 1.0000e-12     0.0080    99.8001      98.75    213.023     4.8946 9.0996e+02          1         31 0.0000e+00
   33.13134  -65.68836    19.3681   4.924135    36.5926    117.103    117.969    19.3678   4.924208    36.5934     0.3300 1.0000e-12     0.0130    99.6756      98.73    213.122     4.8969 9.1010e+02          1         46 0.0000e+00
   33.13135  -65.68836    19.3683   4.924136    36.5927    116.138    116.997    19.3685   4.924237    36.5934     0.3164 1.0000e-12     0.0047    99.8816      98.75    212.759     4.8886 9.0790e+02          1         72 0.0000e+00
   33.13144  -65.68827    19.3691   4.924157    36.5926    115.198    116.050    19.3690   4.924243    36.5934     0.2374 1.0000e-12     0.0034    99.9144      98.75    212.925     4.8924 9.1031e+02          1       1286 0.0000e+00
   33.13154  -65.68816    19.3692   4.924119    36.5926    114.189    115.033    19.3690   4.924194    36.5934     0.2332 1.0000e-12     0.0059    99.8534      98.76    212.739     4.8881 9.0815e+02          1         63 0.0000e+00
   33.13154  -65.68816    19.3689   4.924032    36.5926    113.200    114.036    19.3685   4.924100    36.5934     0.2510 1.0000e-12     0.0031    99.9234      98.76    212.867     4.8910 9.1032e+02          1         60 0.0000e+00
   33.13154  -65.68814    19.3687   4.923936    36.5923    112.209    113.038    19.3680   4.923972    36.5931     0.2386 1.0000e-12     0.0019    99.9527      98.77    212.980     4.8936 9.1010e+02          1         34 0.0000e+00
   33.13154  -65.68814    19.3673   4.923669    36.5916    111.175    111.996    19.3669   4.923707    36.5923     0.2028 1.0000e-12    -0.0003   100.0083      98.75    213.085     4.8960 9.0972e+02          1         29 0.0000e+00
   33.13154  -65.68814    19.3669   4.923545    36.5913    110.171    110.984    19.3672   4.923677    36.5922     0.2135 1.0000e-12    -0.0003   100.0060      98.75    212.757     4.8885 9.0814e+02          1         33 0.0000e+00
   33.13155  -65.68813    19.3672   4.923545    36.5914    109.210    110.016    19.3679   4.923725    36.5923     0.1773 1.0000e-12     0.0012    99.9710      98.75    212.941     4.8927 9.0814e+02          1         33 0.0000e+00
   33.13156  -65.68812    19.3680   4.923587    36.5915    108.207    109.005    19.3695   4.923866    36.5924     0.1557 1.0000e-12     0.0032    99.9187      98.76    212.492     4.8824 9.0993e+02          1         27 0.0000e+00
   33.13156  -65.68812    19.3702   4.923830    36.5919    107.213    108.003    19.3715   4.924079    36.5928     0.1919 1.0000e-12     0.0057    99.8563      98.76    212.210     4.8759 9.1010e+02          1         21 0.0000e+00
   33.13156  -65.68812    19.3716   4.923981    36.5923    106.215    106.998    19.3720   4.924117    36.5930     0.1979 1.0000e-12     0.0071    99.8238      98.75    212.147     4.8745 9.1010e+02          1         26 0.0000e+00
   33.13157  -65.68811    19.3723   4.924030    36.5925    105.232    106.008    19.3731   4.924213    36.5933     0.2174 1.0000e-12     0.0094    99.7664      98.76    213.074     4.8958 9.1038e+02          1         40 0.0000e+00
   33.13158  -65.68810    19.3732   4.924094    36.5926    104.274    105.042    19.3738   4.924253    36.5934     0.3459 1.0000e-12     0.0138    99.6566      98.76    213.220     4.8991 9.1025e+02          1         30 0.0000e+00
   33.13158  -65.68810    19.3747   4.924231    36.5927    103.275    104.035    19.3761   4.924480    36.5935     0.3210 1.0000e-12     0.0178    99.5564      98.76    212.890     4.8915 9.0872e+02          1         21 0.0000e+00
   33.13158  -65.68810    19.3764   4.924399    36.5930    102.287    103.040    19.3767   4.924522    36.5938     0.3705 1.0000e-12     0.0202    99.4971      98.76    213.153     4.8976 9.0754e+02          1         20 0.0000e+00
   33.13158  -65.68810    19.3774   4.924473    36.5931    101.284    102.029    19.3775   4.924557    36.5937     0.4226 1.0000e-12     0.0221    99.4483      98.77    213.492     4.9054 9.0698e+02          1         20 0.0000e+00
   33.13158  -65.68809    19.3775   4.924433    36.5930    100.259    100.997    19.3779   4.924574    36.5939     0.4712 1.0000e-12     0.0243    99.3943      98.76    213.434     4.9040 9.0885e+02          1         25 0.0000e+00
   33.13158  -65.68808    19.3781   4.924463    36.5931     99.234     99.963    19.3783   4.924567    36.5939     0.4946 1.0000e-12     0.0238    99.4073      98.76    213.139     4.8973 9.1148e+02          1         29 0.0000e+00
   33.13158  -65.68808    19.3785   4.924449    36.5931     98.266     98.989    19.3784   4.924535    36.5939     0.5184 1.0000e-12     0.0236    99.4118      98.76    213.828     4.9131 9.1163e+02          1         32 0.0000e+00
   33.13158  -65.68808    19.3784   4.924395    36.5931     97.308     98.024    19.3789   4.924523    36.5938     0.6721 1.0000e-12     0.0217    99.4589      98.76    214.066     4.9186 9.0870e+02          1         27 0.0000e+00
   33.13158  -65.68808    19.3791   4.924404    36.5929     96.320     97.028    19.3800   4.924595    36.5938     0.5587 1.0000e-12     0.0261    99.3500      98.76    213.792     4.9123 9.0583e+02          1         24 0.0000e+00
   33.13160  -65.68806    19.3802   4.924483    36.5930     95.300     96.000    19.3810   4.924681    36.5939     0.7099 1.0000e-12     0.0315    99.2158      98.76    213.729     4.9108 9.0530e+02          1         26 0.0000e+00
   33.13160  -65.68806    19.3811   4.924546    36.5931     94.294     94.986    19.3815   4.924687    36.5940     0.5899 1.0000e-12     0.0333    99.1712      98.76    213.621     4.9083 9.0629e+02          1         24 0.0000e+00
   33.13160  -65.68806    19.3816   4.924560    36.5932     93.322     94.007    19.3825   4.924722    36.5938     0.6293 1.0000e-12     0.0352    99.1240      98.77    213.906     4.9149 9.0889e+02          1         24 0.0000e+00
   33.13160  -65.68806    19.3824   4.924608    36.5933     92.269     92.947    19.3837   4.924824    36.5939     0.6575 1.0000e-12     0.0372    99.0750      98.77    214.506     4.9287 9.1135e+02          1         34 0.0000e+00
   33.13162  -65.68804    19.3861   4.924967    36.5934     91.334     92.004    19.3869   4.925137    36.5941     0.6795 1.0000e-12     0.0380    99.0537      96.60    215.044     4.9410 9.0716e+02          1        147 0.0000e+00
   33.13164  -65.68803    19.3886   4.925189    36.5934     90.457     91.120    19.3887   4.925296    36.5942     0.7321 1.0000e-12     0.0433    98.9223      98.76    215.883     4.9603 9.0829e+02          1        161 0.0000e+00
   33.13171  -65.68794    19.3895   4.925244    36.5935     89.582     90.239    19.3895   4.925336    36.5943     0.7348 1.0000e-12     0.0446    98.8914      98.65    215.932     4.9614 9.2021e+02          1       1065 0.0000e+00
   33.13178  -65.68786    19.3901   4.925267    36.5935     88.485     89.134    19.3899   4.925335    36.5942     0.7748 1.0000e-12     0.0428    98.9362      98.77    215.397     4.9491 9.4250e+02          1         59 0.0000e+00
   33.13180  -65.68784    19.3898   4.925190    36.5936     87.342     87.982    19.3898   4.925279    36.5943     0.7612 1.0000e-12     0.0442    98.9000      98.77    216.202     4.9676 9.5104e+02          1         54 0.0000e+00
   33.13181  -65.68783    19.3897   4.925133    36.5936     86.368     87.000    19.3898   4.925218    36.5942     0.7982 1.0000e-12     0.0434    98.9197      98.77    215.941     4.9616 9.5270e+02          1         73 0.0000e+00
   33.13182  -65.68782    19.3908   4.925204    36.5935     85.488     86.114    19.3911   4.925310    36.5941     0.7637 1.0000e-12     0.0429    98.9322      98.77    216.224     4.9681 9.5962e+02          1        116 0.0000e+00
   33.13182  -65.68780    19.3914   4.925219    36.5936     84.338     84.955    19.3915   4.925295    36.5941     0.6527 1.0000e-12     0.0473    98.8251      98.77    216.224     4.9681 9.6369e+02          1         44 0.0000e+00
   33.13182  -65.68780    19.3928   4.925316    36.5935     83.463     84.073    19.3924   4.925336    36.5940     0.6570 1.0000e-12     0.0425    98.9432      98.77    216.159     4.9666 9.7262e+02          1         40 0.0000e+00
   33.13183  -65.68779    19.3945   4.925451    36.5935     82.402     83.005    19.3954   4.925595    36.5938     0.6169 1.0000e-12     0.0477    98.8151      98.77    216.279     4.9694 9.7301e+02          1         30 0.0000e+00
   33.13184  -65.68778    19.3970   4.925663    36.5934     81.374     81.969    19.3975   4.925780    36.5939     0.5529 1.0000e-12     0.0421    98.9522      98.77    216.864     4.9828 9.7211e+02          1         30 0.0000e+00
   33.13184  -65.68778    19.3987   4.925828    36.5936     80.420     81.008    19.3993   4.925950    36.5941     0.5284 1.0000e-12     0.0403    98.9977      98.77    217.191     4.9903 9.7778e+02          1         47 0.0000e+00
   33.13184  -65.68778    19.4001   4.925901    36.5933     79.503     80.084    19.4004   4.925997    36.5939     0.5567 1.0000e-12     0.0397    99.0124      98.78    217.040     4.9869 9.8868e+02          1         31 0.0000e+00
   33.13184  -65.68776    19.4019   4.926074    36.5936     78.459     79.032    19.4036   4.926273    36.5937     0.4673 1.0000e-12     0.0392    99.0246      98.77    217.147     4.9893 9.9254e+02          1         23 0.0000e+00
   33.13184  -65.68776    19.4048   4.926313    36.5934     77.431     77.996    19.4047   4.926376    36.5940     0.4484 1.0000e-12     0.0400    99.0061      98.78    217.158     4.9896 9.9264e+02          1         22 0.0000e+00
   33.13184  -65.68776    19.4055   4.926345    36.5934     76.423     76.980    19.4060   4.926461    36.5939     0.4151 1.0000e-12     0.0395    99.0161      98.77    217.686     5.0017 9.9520e+02          1         27 0.0000e+00
   33.13184  -65.68776    19.4071   4.926478    36.5935     75.462     76.013    19.4078   4.926592    36.5938     0.4368 1.0000e-12     0.0414    98.9714      98.77    217.920     5.0071 1.0093e+03          1         34 0.0000e+00
   33.13186  -65.68774    19.4080   4.926525    36.5935     74.482     75.025    19.4078   4.926544    36.5938     0.4575 1.0000e-12     0.0465    98.8435      98.77    217.171     4.9899 1.0328e+03          1         29 0.0000e+00
   33.13186  -65.68774    19.4092   4.926599    36.5934     73.492     74.027    19.4123   4.926952    36.5936     0.3994 1.0000e-12     0.0467    98.8401      98.77    217.273     4.9922 1.0482e+03          1         26 0.0000e+00
   33.13186  -65.68774    19.4148   4.927107    36.5930     72.468     72.996    19.4171   4.927405    36.5935     0.4100 1.0000e-12     0.0466    98.8420      98.77    217.819     5.0047 1.0532e+03          1         27 0.0000e+00
   33.13186  -65.68774    19.4180   4.927425    36.5932     71.455     71.975    19.4202   4.927710    36.5936     0.4138 1.0000e-12     0.0482    98.8033      98.76    218.370     5.0174 1.0552e+03          1         23 0.0000e+00
   33.13186  -65.68774    19.4192   4.927509    36.5932     70.512     71.026    19.4220   4.927863    36.5937     0.3728 1.0000e-12     0.0470    98.8321      98.77    219.036     5.0327 1.0608e+03          1         22 0.0000e+00
   33.13188  -65.68772    19.4231   4.927865    36.5931     69.480     69.986    19.4243   4.928020    36.5934     0.3944 1.0000e-12     0.0494    98.7723      98.77    218.883     5.0292 1.0779e+03          1         25 0.0000e+00
   33.13188  -65.68772    19.4258   4.928129    36.5934     68.460     68.958    19.4286   4.928453    36.5936     0.3781 1.0000e-12     0.0491    98.7794      98.77    219.128     5.0348 1.1086e+03          1         31 0.0000e+00
   33.13188  -65.68772    19.4290   4.928423    36.5933     67.502     67.994    19.4298   4.928540    36.5936     0.3947 1.0000e-12     0.0498    98.7627      98.77    219.232     5.0372 1.1522e+03          1         35 0.0000e+00
   33.13188  -65.68772    19.4314   4.928604    36.5931     66.518     67.002    19.4340   4.928885    36.5931     0.3813 1.0000e-12     0.0497    98.7648      98.77    219.362     5.0402 1.2042e+03          1         28 0.0000e+00
   33.13188  -65.68770    19.4358   4.929037    36.5932     65.532     66.008    19.4443   4.929946    36.5931     0.3720 1.0000e-12     0.0510    98.7329      98.78    219.135     5.0350 1.2531e+03          1         23 0.0000e+00
   33.13188  -65.68770    19.4439   4.929819    36.5928     64.536     65.005    19.4480   4.930306    36.5933     0.3387 1.0000e-12     0.0520    98.7074      98.78    219.724     5.0485 1.2802e+03          1         24 0.0000e+00
   33.13188  -65.68770    19.4491   4.930329    36.5929     63.533     63.994    19.4516   4.930618    36.5930     0.3294 1.0000e-12     0.0534    98.6746      98.77    219.725     5.0485 1.2853e+03          1         25 0.0000e+00
   33.13188  -65.68770    19.4533   4.930714    36.5928     62.520     62.974    19.4570   4.931039    36.5922     0.3265 1.0000e-12     0.0535    98.6705      98.77    219.660     5.0470 1.3445e+03          1         25 0.0000e+00
   33.13188  -65.68770    19.4566   4.931058    36.5931     61.522     61.969    19.4602   4.931354    36.5923     0.3185 1.0000e-12     0.0555    98.6223      98.77    219.788     5.0499 1.4989e+03          1         23 0.0000e+00
   33.13190  -65.68770    19.4652   4.931886    36.5927     60.549     60.988    19.4781   4.933029    36.5907     0.2950 1.0000e-12     0.0559    98.6131      98.77    220.200     5.0594 1.6774e+03          1         24 0.0000e+00
   33.13190  -65.68770    19.4782   4.933147    36.5920     59.550     59.982    19.4930   4.934685    36.5916     0.2769 1.0000e-12     0.0576    98.5705      98.77    220.416     5.0643 1.8131e+03          1         29 0.0000e+00
   33.13190  -65.68770    19.5050   4.936085    36.5929     58.567     58.992    19.4940   4.934998    36.5938     0.2664 1.0000e-12     0.0598    98.5162      98.77    219.457     5.0423 1.9019e+03          1         34 0.0000e+00
   33.13190  -65.68770    19.5093   4.936457    36.5927     57.592     58.010    19.5149   4.936890    36.5913     0.2348 1.0000e-12     0.0629    98.4407      98.77    220.491     5.0660 1.9876e+03          1         28 0.0000e+00
   33.13192  -65.68767    19.5297   4.938575    36.5926     56.565     56.975    19.5443   4.940076    36.5920     0.2370 1.0000e-12     0.0646    98.3987      98.77    221.182     5.0819 2.0272e+03          1         23 0.0000e+00
   33.13192  -65.68766    19.5551   4.941283    36.5928     55.590     55.993    19.5599   4.941784    36.5928     0.2614 1.0000e-12     0.0666    98.3494      98.78    221.692     5.0936 2.0385e+03          1         20 0.0000e+00
   33.13192  -65.68766    19.5637   4.942154    36.5929     54.597     54.993    19.5649   4.942095    36.5915     0.2620 1.0000e-12     0.0685    98.3034      98.78    221.435     5.0876 2.0500e+03          1         25 0.0000e+00
   33.13192  -65.68766    19.5690   4.942700    36.5934     53.601     53.989    19.5645   4.942222    36.5935     0.2417 1.0000e-12     0.0687    98.2985      98.77    220.893     5.0752 2.0802e+03          1         31 0.0000e+00
