Data/ruptures/KN207-01/QL-2/20701073.cnv
* Sea-Bird SBE 9 Data File:
* FileName = C:\Data\ctd\20701073.hex
* Software Version Seasave V 7.21e
* Temperature SN = 4406
* Conductivity SN = 1474
* Number of Bytes Per Scan = 40
* Number of Voltage Words = 5
* Number of Scans Averaged by the Deck Unit = 1
* NMEA Latitude = 33 03.77 N
* NMEA Longitude = 065 41.44 W
* NMEA UTC (Time) = May 02 2012 10:11:26
** R/V Knorr Cruise # KN207-01 QL 2
** Chief Scientist: Ben Van Mooy
# nquan = 21
# nvalues = 399                         
# units = specified
# name 0 = latitude: Latitude [deg]
# name 1 = longitude: Longitude [deg]
# name 2 = t090C: Temperature [ITS-90, deg C]
# name 3 = c0S/m: Conductivity [S/m]
# name 4 = sal00: Salinity, Practical [PSU]
# name 5 = depSM: Depth [salt water, m]
# name 6 = prDM: Pressure, Digiquartz [db]
# name 7 = t190C: Temperature, 2 [ITS-90, deg C]
# name 8 = c1S/m: Conductivity, 2 [S/m]
# name 9 = sal11: Salinity, Practical, 2 [PSU]
# name 10 = flECO-AFL: Fluorescence, WET Labs ECO-AFL/FL [mg/m^3]
# name 11 = par: PAR/Irradiance, Biospherical/Licor
# name 12 = bat: Beam Attenuation, Chelsea/Seatech [1/m]
# name 13 = xmiss: Beam Transmission, Chelsea/Seatech [%]
# name 14 = altM: Altimeter [m]
# name 15 = sbeox0Mm/Kg: Oxygen, SBE 43 [umol/kg]
# name 16 = sbeox0ML/L: Oxygen, SBE 43 [ml/l]
# name 17 = spar: SPAR/Surface Irradiance
# name 18 = pumps: Pump Status
# name 19 = nbin: number of scans per bin
# name 20 = flag: flag
# span 0 =   33.06290,   33.06488       
# span 1 =  -65.69078,  -65.68868       
# span 2 =    18.3932,    20.3088       
# span 3 =   4.818990,   5.022183       
# span 4 =    36.5379,    36.6181       
# span 5 =      2.251,    199.084       
# span 6 =      2.267,    200.596       
# span 7 =    18.3950,    20.3092       
# span 8 =   4.819193,   5.022322       
# span 9 =    36.5347,    36.6192       
# span 10 =     0.0229,     0.6759      
# span 11 = 1.0000e-12, 1.0000e-12      
# span 12 =    -0.0084,     0.0684      
# span 13 =    98.3054,   100.2096      
# span 14 =       5.63,      98.81      
# span 15 =    188.548,    222.862      
# span 16 =     4.3331,     5.1204      
# span 17 = 5.7774e+02, 9.7160e+02      
# span 18 =          1,          1      
# span 19 =         18,       1907      
# span 20 = 0.0000e+00, 0.0000e+00      
# interval = decibars: 1                
# start_time = May 02 2012 10:11:26 [NMEA time, header]
# bad_flag = -9.990e-29
*END*
[from data line 345]
   33.06426  -65.68940    19.7707   4.964553    36.5957     54.635     55.031    19.7379   4.960149    36.5884     0.2079 1.0000e-12     0.0647    98.3944      98.75    222.226     5.1055 8.0481e+02          1         20 0.0000e+00
   33.06426  -65.68940    19.8100   4.968834    36.5967     53.656     54.044    19.7682   4.964041    36.5942     0.2156 1.0000e-12     0.0684    98.3054      98.75    222.103     5.1027 8.0505e+02          1         21 0.0000e+00
   33.06426  -65.68940    19.8859   4.976855    36.5960     52.607     52.987    19.8749   4.974639    36.5872     0.2123 1.0000e-12     0.0650    98.3893      98.75    221.404     5.0865 8.0354e+02          1         22 0.0000e+00
   33.06426  -65.68940    19.9407   4.982476    36.5945     51.594     51.967    19.9015   4.978125    36.5933     0.1881 1.0000e-12     0.0650    98.3877      98.75    221.128     5.0801 8.0330e+02          1         25 0.0000e+00
   33.06428  -65.68938    19.9701   4.985591    36.5953     50.614     50.980    19.9442   4.982172    36.5898     0.1761 1.0000e-12     0.0638    98.4166      98.75    221.123     5.0799 8.0073e+02          1         32 0.0000e+00
   33.06428  -65.68938    19.9958   4.988229    36.5953     49.647     50.006    19.9745   4.985501    36.5915     0.2047 1.0000e-12     0.0639    98.4149      98.75    220.630     5.0686 7.9574e+02          1         26 0.0000e+00
   33.06428  -65.68938    20.0293   4.991735    36.5954     48.653     49.004    19.9887   4.987447    36.5959     0.1959 1.0000e-12     0.0623    98.4535      98.75    219.607     5.0450 7.9275e+02          1         23 0.0000e+00
   33.06428  -65.68938    20.0577   4.994732    36.5958     47.643     47.987    20.0497   4.993438    36.5918     0.1588 1.0000e-12     0.0614    98.4766      98.75    219.695     5.0470 7.9155e+02          1         20 0.0000e+00
   33.06428  -65.68938    20.0753   4.996631    36.5968     46.651     46.988    20.0830   4.997297    36.5949     0.1465 1.0000e-12     0.0616    98.4706      98.75    220.046     5.0550 7.9114e+02          1         21 0.0000e+00
   33.06428  -65.68938    20.0944   4.998574    36.5967     45.651     45.981    20.0903   4.998080    36.5959     0.1551 1.0000e-12     0.0601    98.5083      98.75    219.779     5.0489 7.9304e+02          1         23 0.0000e+00
   33.06428  -65.68938    20.1096   5.000194    36.5975     44.683     45.005    20.1028   4.999300    36.5958     0.1623 1.0000e-12     0.0591    98.5327      98.75    219.290     5.0376 7.9438e+02          1         25 0.0000e+00
   33.06428  -65.68938    20.1205   5.001282    36.5977     43.731     44.046    20.1198   5.001086    36.5964     0.1464 1.0000e-12     0.0589    98.5385      98.75    218.725     5.0247 7.9394e+02          1         26 0.0000e+00
   33.06428  -65.68938    20.1485   5.004270    36.5983     42.721     43.029    20.1421   5.003272    36.5956     0.1480 1.0000e-12     0.0601    98.5090      98.76    218.995     5.0308 7.9117e+02          1         25 0.0000e+00
   33.06428  -65.68937    20.1958   5.009580    36.6007     41.699     42.000    20.1839   5.008035    36.5984     0.1500 1.0000e-12     0.0566    98.5943      98.75    219.040     5.0318 7.8848e+02          1         21 0.0000e+00
   33.06428  -65.68936    20.2088   5.011084    36.6025     40.676     40.969    20.2079   5.010823    36.6009     0.1437 1.0000e-12     0.0576    98.5709      98.75    218.947     5.0297 7.8645e+02          1         23 0.0000e+00
   33.06428  -65.68936    20.2208   5.012336    36.6030     39.699     39.985    20.2172   5.011816    36.6017     0.1328 1.0000e-12     0.0570    98.5859      98.75    218.683     5.0236 7.8675e+02          1         20 0.0000e+00
   33.06428  -65.68936    20.2366   5.014138    36.6049     38.670     38.948    20.2391   5.014433    36.6049     0.1034 1.0000e-12     0.0512    98.7285      98.75    218.247     5.0135 7.8917e+02          1         46 0.0000e+00
   33.06430  -65.68934    20.2524   5.015860    36.6066     37.782     38.054    20.2534   5.016001    36.6068     0.1154 1.0000e-12     0.0514    98.7238      98.75    218.144     5.0112 7.8680e+02          1         97 0.0000e+00
   33.06431  -65.68934    20.2664   5.017344    36.6082     36.767     37.031    20.2670   5.017434    36.6084     0.1081 1.0000e-12     0.0483    98.7991      98.75    218.139     5.0110 7.8437e+02          1        120 0.0000e+00
   33.06432  -65.68933    20.2679   5.017407    36.6086     35.772     36.030    20.2681   5.017498    36.6091     0.1044 1.0000e-12     0.0489    98.7846      98.75    217.561     4.9978 7.8857e+02          1         66 0.0000e+00
   33.06446  -65.68914    20.2641   5.016994    36.6097     34.872     35.123    20.2642   5.017086    36.6104     0.1030 1.0000e-12     0.0488    98.7877      98.69    217.980     5.0074 8.5257e+02          1         82 0.0000e+00
   33.06448  -65.68912    20.2636   5.016902    36.6098     33.745     33.987    20.2636   5.016981    36.6105     0.1046 1.0000e-12     0.0494    98.7725      98.77    218.512     5.0196 8.6098e+02          1         44 0.0000e+00
   33.06448  -65.68912    20.2644   5.016931    36.6098     32.770     33.006    20.2634   5.016910    36.6105     0.1055 1.0000e-12     0.0474    98.8208      98.77    218.246     5.0135 8.6144e+02          1         38 0.0000e+00
   33.06450  -65.68910    20.2648   5.016934    36.6098     31.786     32.014    20.2652   5.017054    36.6104     0.1207 1.0000e-12     0.0477    98.8147      98.77    217.595     4.9985 8.6451e+02          1         41 0.0000e+00
   33.06450  -65.68910    20.2654   5.016967    36.6099     30.753     30.974    20.2655   5.017059    36.6106     0.0902 1.0000e-12     0.0512    98.7281      98.77    217.995     5.0077 8.6599e+02          1         53 0.0000e+00
   33.06450  -65.68910    20.2667   5.017057    36.6098     29.847     30.061    20.2675   5.017218    36.6105     0.1082 1.0000e-12     0.0486    98.7912      98.76    218.062     5.0093 8.6789e+02          1         52 0.0000e+00
   33.06450  -65.68910    20.2682   5.017180    36.6099     28.797     29.004    20.2684   5.017275    36.6106     0.0906 1.0000e-12     0.0487    98.7892      98.76    218.319     5.0152 8.6759e+02          1         34 0.0000e+00
   33.06450  -65.68910    20.2697   5.017305    36.6100     27.762     27.961    20.2695   5.017358    36.6106     0.0975 1.0000e-12     0.0492    98.7785      98.77    217.864     5.0047 8.6886e+02          1         39 0.0000e+00
   33.06452  -65.68908    20.2709   5.017412    36.6102     26.765     26.957    20.2706   5.017447    36.6108     0.0993 1.0000e-12     0.0472    98.8258      98.77    217.953     5.0068 8.7037e+02          1         64 0.0000e+00
   33.06452  -65.68908    20.2728   5.017553    36.6101     25.872     26.057    20.2727   5.017623    36.6107     0.1119 1.0000e-12     0.0483    98.8008      98.77    218.488     5.0191 8.6720e+02          1         43 0.0000e+00
   33.06452  -65.68908    20.2762   5.017930    36.6105     24.832     25.010    20.2746   5.017763    36.6106     0.0939 1.0000e-12     0.0458    98.8626      98.77    217.806     5.0034 8.6664e+02          1         35 0.0000e+00
   33.06452  -65.68908    20.2910   5.019811    36.6132     23.806     23.977    20.2866   5.019219    36.6122     0.1146 1.0000e-12     0.0470    98.8316      98.77    218.272     5.0141 8.7180e+02          1         41 0.0000e+00
   33.06452  -65.68908    20.2922   5.020005    36.6142     22.859     23.022    20.2918   5.020015    36.6146     0.0963 1.0000e-12     0.0471    98.8284      98.77    217.602     4.9987 8.7243e+02          1         53 0.0000e+00
   33.06452  -65.68906    20.2932   5.020095    36.6145     21.869     22.026    20.2941   5.020243    36.6149     0.1096 1.0000e-12     0.0454    98.8722      98.77    217.523     4.9969 8.6811e+02          1         52 0.0000e+00
   33.06452  -65.68906    20.3003   5.020974    36.6158     20.838     20.987    20.3011   5.021100    36.6162     0.0991 1.0000e-12     0.0445    98.8949      98.77    217.604     4.9987 8.6677e+02          1         47 0.0000e+00
   33.06454  -65.68906    20.3050   5.021584    36.6173     19.771     19.913    20.3050   5.021660    36.6179     0.0904 1.0000e-12     0.0460    98.8567      91.68    217.699     5.0009 8.7121e+02          1        134 0.0000e+00
   33.06460  -65.68898    20.3059   5.021645    36.6175     19.040     19.176    20.3057   5.021704    36.6182     0.0998 1.0000e-12     0.0443    98.8972      91.95    217.846     5.0043 9.0613e+02          1       1640 0.0000e+00
   33.06467  -65.68891    20.3030   5.021182    36.6166     17.915     18.043    20.3031   5.021269    36.6173     0.1021 1.0000e-12     0.0437    98.9134      98.78    218.036     5.0087 9.3430e+02          1         73 0.0000e+00
   33.06468  -65.68890    20.3044   5.021309    36.6168     16.866     16.986    20.3049   5.021442    36.6175     0.1049 1.0000e-12     0.0439    98.9088      98.04    217.734     5.0017 9.3680e+02          1        122 0.0000e+00
   33.06468  -65.68890    20.3062   5.021492    36.6172     15.876     15.990    20.3054   5.021483    36.6179     0.1008 1.0000e-12     0.0449    98.8848      78.75    217.568     4.9979 9.3483e+02          1         59 0.0000e+00
   33.06470  -65.68888    20.3032   5.021082    36.6169     14.880     14.986    20.3027   5.021103    36.6174     0.1031 1.0000e-12     0.0451    98.8774      98.78    217.915     5.0059 9.4148e+02          1        106 0.0000e+00
   33.06470  -65.68888    20.3009   5.020765    36.6166     13.899     13.998    20.3008   5.020804    36.6171     0.0989 1.0000e-12     0.0431    98.9281      98.78    218.199     5.0124 9.3803e+02          1         67 0.0000e+00
   33.06470  -65.68888    20.3018   5.020803    36.6164     13.087     13.181    20.3022   5.020901    36.6169     0.0918 1.0000e-12     0.0432    98.9255      90.48    217.840     5.0041 9.4389e+02          1        100 0.0000e+00
   33.06470  -65.68886    20.3021   5.020747    36.6162     11.790     11.874    20.3021   5.020836    36.6169     0.1024 1.0000e-12     0.0439    98.9090      98.78    218.154     5.0114 9.4209e+02          1        100 0.0000e+00
   33.06472  -65.68886    20.3025   5.020717    36.6159     10.921     10.999    20.3026   5.020800    36.6165     0.1000 1.0000e-12     0.0417    98.9614      98.78    218.136     5.0110 9.5180e+02          1         71 0.0000e+00
   33.06472  -65.68885    20.3017   5.020626    36.6163      9.862      9.933    20.3016   5.020691    36.6169     0.1051 1.0000e-12     0.0460    98.8576      98.78    217.767     5.0025 9.4429e+02          1        110 0.0000e+00
   33.06472  -65.68884    20.3003   5.020495    36.6167      9.078      9.143    20.3001   5.020546    36.6174     0.0830 1.0000e-12     0.0440    98.9070      98.78    217.909     5.0057 9.5009e+02          1         67 0.0000e+00
   33.06472  -65.68884    20.3001   5.020413    36.6167      7.733      7.788    20.2999   5.020469    36.6174     0.0946 1.0000e-12     0.0447    98.8883      85.39    218.255     5.0137 9.5039e+02          1        117 0.0000e+00
   33.06474  -65.68882    20.2994   5.020322    36.6169      6.959      7.009    20.2995   5.020402    36.6174     0.1095 1.0000e-12     0.0436    98.9150      98.78    217.607     4.9988 9.4976e+02          1         67 0.0000e+00
   33.06479  -65.68877    20.2992   5.020254    36.6168      6.081      6.124    20.2992   5.020328    36.6174     0.1162 1.0000e-12     0.0437    98.9134      59.45    217.960     5.0069 9.5818e+02          1       1249 0.0000e+00
   33.06484  -65.68872    20.2995   5.020242    36.6168      5.094      5.130    20.2986   5.020217    36.6173     0.0918 1.0000e-12     0.0446    98.8921      74.52    217.784     5.0029 9.6668e+02          1         66 0.0000e+00
   33.06485  -65.68871    20.2982   5.020055    36.6168      3.994      4.022    20.2970   5.019979    36.6172     0.1056 1.0000e-12     0.0438    98.9099      87.93    218.039     5.0087 9.6910e+02          1        131 0.0000e+00
   33.06486  -65.68870    20.2985   5.020046    36.6168      2.976      2.997    20.2978   5.020047    36.6174     0.1108 1.0000e-12     0.0440    98.9069      98.79    217.845     5.0043 9.7160e+02          1        105 0.0000e+00
   33.06488  -65.68868    20.2965   5.019740    36.6164      2.251      2.267    20.2963   5.019797    36.6170     0.0968 1.0000e-12     0.0446    98.8910      98.15    218.041     5.0088 9.7107e+02          1        303 0.0000e+00
