Data/ruptures/KN207-01/QL-2/20701072.cnv
* Sea-Bird SBE 9 Data File:
* FileName = C:\Data\ctd\20701072.hex
* Software Version Seasave V 7.21e
* Temperature SN = 4406
* Conductivity SN = 1474
* Number of Bytes Per Scan = 40
* Number of Voltage Words = 5
* Number of Scans Averaged by the Deck Unit = 1
* NMEA Latitude = 32 59.77 N
* NMEA Longitude = 065 44.47 W
* NMEA UTC (Time) = May 01 2012 23:55:11
** R/V Knorr Cruise # KN207-01 QL 2
** Chief Scientist: Ben Van Mooy
# nquan = 21
# nvalues = 397                         
# units = specified
# name 0 = latitude: Latitude [deg]
# name 1 = longitude: Longitude [deg]
# name 2 = t090C: Temperature [ITS-90, deg C]
# name 3 = c0S/m: Conductivity [S/m]
# name 4 = sal00: Salinity, Practical [PSU]
# name 5 = depSM: Depth [salt water, m]
# name 6 = prDM: Pressure, Digiquartz [db]
# name 7 = t190C: Temperature, 2 [ITS-90, deg C]
# name 8 = c1S/m: Conductivity, 2 [S/m]
# name 9 = sal11: Salinity, Practical, 2 [PSU]
# name 10 = flECO-AFL: Fluorescence, WET Labs ECO-AFL/FL [mg/m^3]
# name 11 = par: PAR/Irradiance, Biospherical/Licor
# name 12 = bat: Beam Attenuation, Chelsea/Seatech [1/m]
# name 13 = xmiss: Beam Transmission, Chelsea/Seatech [%]
# name 14 = altM: Altimeter [m]
# name 15 = sbeox0Mm/Kg: Oxygen, SBE 43 [umol/kg]
# name 16 = sbeox0ML/L: Oxygen, SBE 43 [ml/l]
# name 17 = spar: SPAR/Surface Irradiance
# name 18 = pumps: Pump Status
# name 19 = nbin: number of scans per bin
# name 20 = flag: flag
# span 0 =   32.99620,   32.99710       
# span 1 =  -65.74126,  -65.74120       
# span 2 =    19.3349,    20.4856       
# span 3 =   4.924077,   5.040071       
# span 4 =    36.5899,    36.6166       
# span 5 =      3.031,    199.460       
# span 6 =      3.053,    200.974       
# span 7 =    19.3344,    20.4841       
# span 8 =   4.924162,   5.039898       
# span 9 =    36.5846,    36.6175       
# span 10 =     0.0355,     0.6848      
# span 11 = 1.0000e-12, 1.0000e-12      
# span 12 =    -0.0060,     0.0807      
# span 13 =    98.0024,   100.1510      
# span 14 =      16.44,      98.79      
# span 15 =    211.471,    223.834      
# span 16 =     4.8590,     5.1428      
# span 17 = 1.3885e+01, 1.5615e+01      
# span 18 =          1,          1      
# span 19 =         13,        421      
# span 20 = 0.0000e+00, 0.0000e+00      
# interval = decibars: 1                
# start_time = May 01 2012 23:55:11 [NMEA time, header]
# bad_flag = -9.990e-29
*END*
[from data line 207]
   32.99672  -65.74124    19.3691   4.927549    36.5922    190.577    192.019    19.3693   4.927699    36.5933     0.0807 1.0000e-12    -0.0046   100.1153      98.65    212.890     4.8916 1.4828e+01          1         34 0.0000e+00
   32.99673  -65.74124    19.3705   4.927676    36.5924    189.583    191.018    19.3695   4.927701    36.5935     0.0645 1.0000e-12    -0.0045   100.1127      98.65    213.413     4.9036 1.5209e+01          1         22 0.0000e+00
   32.99674  -65.74124    19.3724   4.927931    36.5933    188.582    190.009    19.3713   4.927867    36.5937     0.0727 1.0000e-12    -0.0041   100.1028      98.65    213.266     4.9002 1.4544e+01          1         25 0.0000e+00
   32.99674  -65.74124    19.3734   4.928020    36.5935    187.556    188.974    19.3730   4.928079    36.5943     0.0792 1.0000e-12    -0.0038   100.0968      98.64    212.942     4.8928 1.4789e+01          1         27 0.0000e+00
   32.99674  -65.74124    19.3736   4.928010    36.5936    186.578    187.989    19.3735   4.928129    36.5947     0.0839 1.0000e-12    -0.0040   100.1005      98.65    213.066     4.8956 1.5137e+01          1         28 0.0000e+00
   32.99674  -65.74124    19.3738   4.927984    36.5936    185.617    187.020    19.3734   4.928070    36.5947     0.1078 1.0000e-12    -0.0050   100.1254      98.65    212.485     4.8823 1.4671e+01          1         26 0.0000e+00
   32.99674  -65.74124    19.3739   4.927955    36.5936    184.646    186.040    19.3736   4.928032    36.5946     0.1039 1.0000e-12    -0.0041   100.1036      98.65    212.608     4.8851 1.4929e+01          1         26 0.0000e+00
   32.99674  -65.74124    19.3742   4.927932    36.5937    183.602    184.988    19.3740   4.928042    36.5947     0.0954 1.0000e-12    -0.0040   100.1008      98.65    212.672     4.8866 1.4500e+01          1         24 0.0000e+00
   32.99674  -65.74124    19.3743   4.927902    36.5937    182.584    183.962    19.3741   4.928023    36.5949     0.0904 1.0000e-12    -0.0034   100.0849      98.65    213.227     4.8993 1.4978e+01          1         28 0.0000e+00
   32.99674  -65.74124    19.3742   4.927850    36.5938    181.628    182.999    19.3741   4.927977    36.5949     0.1097 1.0000e-12    -0.0029   100.0721      98.65    213.135     4.8972 1.5217e+01          1         28 0.0000e+00
   32.99675  -65.74124    19.3738   4.927751    36.5936    180.672    182.035    19.3738   4.927903    36.5949     0.1104 1.0000e-12    -0.0030   100.0768      98.65    212.837     4.8903 1.4789e+01          1         27 0.0000e+00
   32.99676  -65.74124    19.3733   4.927632    36.5935    179.668    181.024    19.3735   4.927817    36.5949     0.1089 1.0000e-12    -0.0033   100.0840      98.65    212.800     4.8895 1.4978e+01          1         21 0.0000e+00
   32.99676  -65.74124    19.3714   4.927308    36.5929    178.648    179.995    19.3725   4.927639    36.5947     0.1200 1.0000e-12    -0.0030   100.0744      98.65    212.855     4.8908 1.5145e+01          1         19 0.0000e+00
   32.99676  -65.74124    19.3697   4.926993    36.5922    177.648    178.987    19.3698   4.927196    36.5938     0.1196 1.0000e-12    -0.0028   100.0716      98.64    212.520     4.8831 1.4793e+01          1         19 0.0000e+00
   32.99676  -65.74124    19.3683   4.926763    36.5919    176.643    177.974    19.3686   4.926976    36.5934     0.0988 1.0000e-12    -0.0032   100.0812      98.65    212.802     4.8895 1.4812e+01          1         25 0.0000e+00
   32.99676  -65.74124    19.3677   4.926635    36.5918    175.640    176.963    19.3678   4.926787    36.5930     0.1016 1.0000e-12    -0.0025   100.0635      98.65    213.341     4.9019 1.4645e+01          1         46 0.0000e+00
   32.99676  -65.74124    19.3677   4.926581    36.5916    174.759    176.074    19.3678   4.926738    36.5929     0.1141 1.0000e-12    -0.0031   100.0770      98.65    213.333     4.9017 1.4848e+01          1         32 0.0000e+00
   32.99676  -65.74124    19.3677   4.926512    36.5915    173.735    175.042    19.3679   4.926698    36.5928     0.1040 1.0000e-12    -0.0007   100.0192      98.65    212.932     4.8925 1.5296e+01          1         21 0.0000e+00
   32.99676  -65.74124    19.3678   4.926498    36.5916    172.719    174.018    19.3677   4.926619    36.5926     0.0979 1.0000e-12    -0.0011   100.0276      98.64    212.743     4.8882 1.4959e+01          1         17 0.0000e+00
   32.99676  -65.74124    19.3682   4.926495    36.5916    171.715    173.007    19.3681   4.926617    36.5927     0.1047 1.0000e-12    -0.0032   100.0794      98.65    212.600     4.8849 1.5197e+01          1         16 0.0000e+00
   32.99676  -65.74125    19.3680   4.926424    36.5915    170.722    172.006    19.3681   4.926574    36.5927     0.0906 1.0000e-12    -0.0024   100.0601      98.66    212.598     4.8849 1.4623e+01          1         18 0.0000e+00
   32.99676  -65.74126    19.3680   4.926377    36.5915    169.718    170.994    19.3680   4.926519    36.5927     0.0888 1.0000e-12    -0.0023   100.0576      98.65    212.888     4.8915 1.5057e+01          1         20 0.0000e+00
   32.99676  -65.74126    19.3679   4.926317    36.5915    168.711    169.979    19.3678   4.926469    36.5928     0.1037 1.0000e-12    -0.0026   100.0657      98.65    213.051     4.8953 1.4978e+01          1         28 0.0000e+00
   32.99676  -65.74126    19.3676   4.926244    36.5915    167.726    168.986    19.3676   4.926394    36.5927     0.0960 1.0000e-12    -0.0018   100.0453      98.65    213.560     4.9070 1.4910e+01          1         38 0.0000e+00
   32.99676  -65.74125    19.3677   4.926201    36.5914    166.764    168.016    19.3676   4.926342    36.5927     0.1034 1.0000e-12    -0.0013   100.0325      98.65    212.929     4.8925 1.4871e+01          1         33 0.0000e+00
   32.99676  -65.74124    19.3678   4.926164    36.5914    165.776    167.021    19.3676   4.926296    36.5926     0.1149 1.0000e-12    -0.0024   100.0612      98.65    212.962     4.8932 1.4964e+01          1         24 0.0000e+00
   32.99676  -65.74124    19.3676   4.926115    36.5915    164.788    166.025    19.3677   4.926248    36.5925     0.1197 1.0000e-12    -0.0023   100.0583      98.65    213.042     4.8950 1.4978e+01          1         21 0.0000e+00
   32.99676  -65.74124    19.3676   4.926041    36.5913    163.769    164.998    19.3675   4.926185    36.5925     0.1130 1.0000e-12    -0.0010   100.0230      98.65    213.149     4.8975 1.4793e+01          1         19 0.0000e+00
   32.99676  -65.74124    19.3676   4.926009    36.5914    162.783    164.004    19.3675   4.926137    36.5925     0.1081 1.0000e-12    -0.0011   100.0273      98.65    212.936     4.8926 1.4995e+01          1         18 0.0000e+00
   32.99676  -65.74124    19.3672   4.925900    36.5912    161.822    163.035    19.3673   4.926064    36.5924     0.1305 1.0000e-12    -0.0008   100.0187      98.65    212.808     4.8897 1.4871e+01          1         18 0.0000e+00
   32.99677  -65.74124    19.3666   4.925762    36.5910    160.797    162.002    19.3669   4.925931    36.5922     0.1324 1.0000e-12    -0.0003   100.0076      98.65    213.151     4.8976 1.4398e+01          1         22 0.0000e+00
   32.99678  -65.74124    19.3668   4.925743    36.5910    159.788    160.985    19.3667   4.925864    36.5922     0.1321 1.0000e-12     0.0014    99.9648      98.65    213.314     4.9013 1.4500e+01          1         24 0.0000e+00
   32.99678  -65.74124    19.3670   4.925731    36.5911    158.789    159.978    19.3669   4.925833    36.5921     0.1371 1.0000e-12     0.0025    99.9385      98.66    213.001     4.8941 1.4929e+01          1         26 0.0000e+00
   32.99678  -65.74124    19.3673   4.925725    36.5912    157.779    158.961    19.3669   4.925824    36.5923     0.1589 1.0000e-12     0.0026    99.9343      98.65    213.103     4.8964 1.4793e+01          1         38 0.0000e+00
   32.99678  -65.74124    19.3677   4.925714    36.5911    156.860    158.034    19.3676   4.925854    36.5923     0.2084 1.0000e-12     0.0048    99.8797      98.65    213.209     4.8989 1.5000e+01          1         29 0.0000e+00
   32.99678  -65.74124    19.3681   4.925732    36.5913    155.871    157.038    19.3675   4.925792    36.5923     0.2090 1.0000e-12     0.0030    99.9268      98.66    212.953     4.8930 1.4910e+01          1         19 0.0000e+00
   32.99678  -65.74124    19.3683   4.925698    36.5911    154.872    156.030    19.3681   4.925816    36.5923     0.1836 1.0000e-12     0.0039    99.9021      98.65    212.872     4.8911 1.4828e+01          1         17 0.0000e+00
   32.99678  -65.74124    19.3683   4.925669    36.5913    153.879    155.030    19.3684   4.925813    36.5924     0.2265 1.0000e-12     0.0065    99.8384      98.66    213.177     4.8982 1.4639e+01          1         16 0.0000e+00
   32.99678  -65.74124    19.3691   4.925717    36.5914    152.806    153.948    19.3690   4.925822    36.5924     0.2054 1.0000e-12     0.0073    99.8188      98.65    212.985     4.8937 1.4623e+01          1         18 0.0000e+00
   32.99678  -65.74124    19.3695   4.925713    36.5914    151.822    152.957    19.3695   4.925854    36.5926     0.2206 1.0000e-12     0.0083    99.7923      98.65    212.826     4.8901 1.5169e+01          1         25 0.0000e+00
   32.99678  -65.74124    19.3698   4.925723    36.5915    150.878    152.005    19.3695   4.925827    36.5927     0.2803 1.0000e-12     0.0073    99.8184      98.65    212.992     4.8939 1.5039e+01          1         31 0.0000e+00
   32.99678  -65.74124    19.3702   4.925722    36.5915    149.936    151.056    19.3696   4.925780    36.5925     0.2726 1.0000e-12     0.0084    99.7911      98.65    212.975     4.8935 1.5230e+01          1         29 0.0000e+00
   32.99678  -65.74124    19.3705   4.925694    36.5914    148.919    150.031    19.3702   4.925784    36.5925     0.3233 1.0000e-12     0.0096    99.7605      98.65    213.251     4.8998 1.4585e+01          1         26 0.0000e+00
   32.99678  -65.74124    19.3707   4.925665    36.5914    147.906    149.010    19.3703   4.925755    36.5925     0.3185 1.0000e-12     0.0095    99.7611      98.66    213.152     4.8976 1.4548e+01          1         23 0.0000e+00
   32.99678  -65.74124    19.3708   4.925652    36.5916    146.890    147.986    19.3706   4.925740    36.5924     0.3238 1.0000e-12     0.0105    99.7364      98.66    213.274     4.9004 1.4553e+01          1         21 0.0000e+00
   32.99680  -65.74126    19.3712   4.925638    36.5915    145.899    146.988    19.3710   4.925742    36.5926     0.3100 1.0000e-12     0.0121    99.6969      98.65    212.948     4.8929 1.5028e+01          1         19 0.0000e+00
   32.99680  -65.74126    19.3718   4.925674    36.5916    144.916    145.996    19.3714   4.925751    36.5926     0.2949 1.0000e-12     0.0113    99.7188      98.65    212.777     4.8889 1.4500e+01          1         18 0.0000e+00
   32.99680  -65.74126    19.3727   4.925768    36.5920    143.932    145.005    19.3722   4.925803    36.5927     0.3039 1.0000e-12     0.0130    99.6745      98.66    212.980     4.8936 1.4388e+01          1         20 0.0000e+00
   32.99680  -65.74126    19.3733   4.925761    36.5918    142.886    143.950    19.3731   4.925872    36.5929     0.3354 1.0000e-12     0.0170    99.5767      98.65    213.387     4.9030 1.4757e+01          1         26 0.0000e+00
   32.99680  -65.74126    19.3735   4.925751    36.5919    141.909    142.966    19.3733   4.925870    36.5931     0.3619 1.0000e-12     0.0126    99.6860      98.66    213.354     4.9022 1.5012e+01          1         37 0.0000e+00
   32.99680  -65.74124    19.3751   4.925873    36.5918    141.032    142.083    19.3744   4.925910    36.5928     0.4646 1.0000e-12     0.0141    99.6473      98.65    213.652     4.9091 1.4696e+01          1         34 0.0000e+00
   32.99680  -65.74124    19.3765   4.926000    36.5920    140.000    141.042    19.3753   4.925988    36.5930     0.4285 1.0000e-12     0.0141    99.6489      98.65    213.313     4.9013 1.4611e+01          1         20 0.0000e+00
   32.99680  -65.74124    19.3775   4.926085    36.5922    139.006    140.040    19.3764   4.926049    36.5928     0.3991 1.0000e-12     0.0176    99.5604      98.65    212.895     4.8917 1.4696e+01          1         17 0.0000e+00
   32.99680  -65.74124    19.3781   4.926109    36.5923    137.992    139.019    19.3780   4.926220    36.5932     0.4271 1.0000e-12     0.0171    99.5750      98.66    212.857     4.8908 1.5057e+01          1         16 0.0000e+00
   32.99680  -65.74124    19.3783   4.926093    36.5924    136.986    138.004    19.3783   4.926219    36.5934     0.4401 1.0000e-12     0.0181    99.5498      98.65    213.139     4.8973 1.4565e+01          1         17 0.0000e+00
   32.99680  -65.74124    19.3785   4.926055    36.5923    135.963    136.974    19.3782   4.926184    36.5935     0.4472 1.0000e-12     0.0194    99.5164      98.66    213.677     4.9096 1.5033e+01          1         23 0.0000e+00
   32.99680  -65.74124    19.3784   4.926025    36.5925    134.970    135.973    19.3781   4.926135    36.5936     0.4623 1.0000e-12     0.0195    99.5139      98.66    213.870     4.9141 1.5197e+01          1         32 0.0000e+00
   32.99680  -65.74124    19.3786   4.925989    36.5924    134.024    135.019    19.3783   4.925754    36.5906     0.5090 1.0000e-12     0.0180    99.5511      98.65    213.877     4.9142 1.4871e+01          1         33 0.0000e+00
   32.99680  -65.74124    19.3785   4.925930    36.5923    133.057    134.045    19.3784   4.926050    36.5934     0.5584 1.0000e-12     0.0194    99.5157      98.66    214.119     4.9198 1.4978e+01          1         28 0.0000e+00
   32.99680  -65.74125    19.3786   4.925900    36.5924    132.035    133.016    19.3781   4.925988    36.5935     0.4631 1.0000e-12     0.0186    99.5378      98.66    213.829     4.9131 1.5108e+01          1         22 0.0000e+00
   32.99680  -65.74126    19.3789   4.925893    36.5925    131.029    132.002    19.3786   4.925987    36.5935     0.4701 1.0000e-12     0.0186    99.5358      98.66    213.450     4.9044 1.4793e+01          1         19 0.0000e+00
   32.99680  -65.74126    19.3790   4.925833    36.5923    130.030    130.995    19.3789   4.925975    36.5935     0.4655 1.0000e-12     0.0166    99.5862      98.67    213.636     4.9087 1.5197e+01          1         16 0.0000e+00
   32.99680  -65.74126    19.3791   4.925848    36.5926    129.062    130.019    19.3791   4.925959    36.5936     0.4651 1.0000e-12     0.0183    99.5428      98.66    213.595     4.9077 1.4500e+01          1         16 0.0000e+00
   32.99680  -65.74126    19.3792   4.925805    36.5925    128.058    129.007    19.3792   4.925921    36.5935     0.4732 1.0000e-12     0.0180    99.5508      98.67    213.060     4.8955 1.4793e+01          1         19 0.0000e+00
   32.99680  -65.74126    19.3792   4.925754    36.5926    127.029    127.970    19.3792   4.925884    36.5937     0.4390 1.0000e-12     0.0188    99.5301      98.66    213.393     4.9031 1.4633e+01          1         25 0.0000e+00
   32.99681  -65.74125    19.3793   4.925733    36.5926    126.024    126.958    19.3793   4.925856    36.5937     0.4647 1.0000e-12     0.0223    99.4453      98.66    213.952     4.9159 1.4941e+01          1         43 0.0000e+00
   32.99682  -65.74124    19.3797   4.925718    36.5926    125.135    126.061    19.3797   4.925840    36.5936     0.4563 1.0000e-12     0.0185    99.5396      98.66    214.160     4.9207 1.4988e+01          1         32 0.0000e+00
   32.99682  -65.74124    19.3805   4.925778    36.5927    124.125    125.044    19.3801   4.925833    36.5936     0.5024 1.0000e-12     0.0212    99.4719      98.66    214.006     4.9172 1.4765e+01          1         21 0.0000e+00
