Data/ruptures/KN207-01/QL-2/20701080.cnv
* Sea-Bird SBE 9 Data File:
* FileName = C:\Data\ctd\20701080.hex
* Software Version Seasave V 7.21e
* Temperature SN = 4406
* Conductivity SN = 1474
* Number of Bytes Per Scan = 40
* Number of Voltage Words = 5
* Number of Scans Averaged by the Deck Unit = 1
* NMEA Latitude = 33 09.93 N
* NMEA Longitude = 065 41.19 W
* NMEA UTC (Time) = May 03 2012 00:04:30
** R/V Knorr Cruise # KN207-01 QL 2
** Chief Scientist: Ben Van Mooy
# nquan = 21
# nvalues = 398                         
# units = specified
# name 0 = latitude: Latitude [deg]
# name 1 = longitude: Longitude [deg]
# name 2 = t090C: Temperature [ITS-90, deg C]
# name 3 = c0S/m: Conductivity [S/m]
# name 4 = sal00: Salinity, Practical [PSU]
# name 5 = depSM: Depth [salt water, m]
# name 6 = prDM: Pressure, Digiquartz [db]
# name 7 = t190C: Temperature, 2 [ITS-90, deg C]
# name 8 = c1S/m: Conductivity, 2 [S/m]
# name 9 = sal11: Salinity, Practical, 2 [PSU]
# name 10 = flECO-AFL: Fluorescence, WET Labs ECO-AFL/FL [mg/m^3]
# name 11 = par: PAR/Irradiance, Biospherical/Licor
# name 12 = bat: Beam Attenuation, Chelsea/Seatech [1/m]
# name 13 = xmiss: Beam Transmission, Chelsea/Seatech [%]
# name 14 = altM: Altimeter [m]
# name 15 = sbeox0Mm/Kg: Oxygen, SBE 43 [umol/kg]
# name 16 = sbeox0ML/L: Oxygen, SBE 43 [ml/l]
# name 17 = spar: SPAR/Surface Irradiance
# name 18 = pumps: Pump Status
# name 19 = nbin: number of scans per bin
# name 20 = flag: flag
# span 0 =   33.16564,   33.16628       
# span 1 =  -65.68660,  -65.68650       
# span 2 =    18.2087,    20.3858       
# span 3 =   4.799119,   5.029925       
# span 4 =    36.5295,    36.6185       
# span 5 =      3.363,    200.223       
# span 6 =      3.387,    201.746       
# span 7 =    18.2083,    20.3855       
# span 8 =   4.799172,   5.030161       
# span 9 =    36.5275,    36.6191       
# span 10 =     0.0156,     0.7732      
# span 11 = 1.0000e-12, 1.0000e-12      
# span 12 =    -0.0120,     0.0735      
# span 13 =    98.1796,   100.2989      
# span 14 =       0.92,      98.98      
# span 15 =    188.067,    223.438      
# span 16 =     4.3223,     5.1337      
# span 17 = 1.4409e+01, 1.5663e+01      
# span 18 =          1,          1      
# span 19 =         17,       1039      
# span 20 = 0.0000e+00, 0.0000e+00      
# interval = decibars: 1                
# start_time = May 03 2012 00:04:30 [NMEA time, header]
# bad_flag = -9.990e-29
*END*
[from data line 207]
   33.16586  -65.68656    18.6955   4.852331    36.5468    191.541    192.994    18.7518   4.857597    36.5401     0.0464 1.0000e-12    -0.0087   100.2176      98.71    191.390     4.3982 1.5448e+01          1         40 0.0000e+00
   33.16586  -65.68656    18.7946   4.862889    36.5478    190.625    192.071    18.8063   4.864251    36.5489     0.0352 1.0000e-12    -0.0088   100.2194      98.71    194.156     4.4616 1.5345e+01          1         33 0.0000e+00
   33.16586  -65.68656    18.8556   4.870159    36.5555    189.603    191.040    18.8706   4.871120    36.5502     0.0328 1.0000e-12    -0.0067   100.1689      98.71    195.766     4.4986 1.5186e+01          1         26 0.0000e+00
   33.16586  -65.68656    18.9877   4.884890    36.5614    188.560    189.989    18.9785   4.882622    36.5508     0.0379 1.0000e-12    -0.0072   100.1792      98.71    196.617     4.5180 1.5033e+01          1         23 0.0000e+00
   33.16586  -65.68656    19.0333   4.889901    36.5640    187.594    189.016    19.0531   4.891634    36.5608     0.0429 1.0000e-12    -0.0079   100.1958      98.71    198.572     4.5629 1.5202e+01          1         27 0.0000e+00
   33.16586  -65.68656    19.1126   4.898551    36.5668    186.624    188.037    19.1303   4.899925    36.5625     0.0631 1.0000e-12    -0.0082   100.2050      98.71    201.078     4.6204 1.5384e+01          1         29 0.0000e+00
   33.16586  -65.68656    19.1870   4.907080    36.5729    185.614    187.019    19.1798   4.906482    36.5747     0.0695 1.0000e-12    -0.0080   100.1992      98.70    201.882     4.6388 1.5514e+01          1         22 0.0000e+00
   33.16586  -65.68656    19.2299   4.912068    36.5776    184.590    185.987    19.2153   4.909142    36.5665     0.0653 1.0000e-12    -0.0072   100.1807      98.71    202.859     4.6612 1.5403e+01          1         21 0.0000e+00
   33.16586  -65.68656    19.2916   4.919097    36.5823    183.575    184.964    19.3006   4.919478    36.5775     0.0494 1.0000e-12    -0.0068   100.1702      98.72    204.999     4.7103 1.5130e+01          1         23 0.0000e+00
   33.16586  -65.68656    19.3207   4.922414    36.5858    182.600    183.981    19.3224   4.922378    36.5841     0.0412 1.0000e-12    -0.0086   100.2140      98.71    207.927     4.7776 1.5360e+01          1         35 0.0000e+00
   33.16586  -65.68656    19.3294   4.923269    36.5871    181.658    183.032    19.3345   4.923703    36.5863     0.0525 1.0000e-12    -0.0090   100.2256      98.71    210.165     4.8290 1.5266e+01          1         32 0.0000e+00
   33.16586  -65.68656    19.3270   4.922917    36.5880    180.683    182.048    19.3289   4.923182    36.5885     0.0350 1.0000e-12    -0.0092   100.2304      98.71    210.115     4.8279 1.5336e+01          1         24 0.0000e+00
   33.16586  -65.68656    19.3490   4.925288    36.5891    179.688    181.046    19.3413   4.924404    36.5888     0.0596 1.0000e-12    -0.0086   100.2149      98.71    209.930     4.8236 1.5324e+01          1         23 0.0000e+00
   33.16586  -65.68656    19.3539   4.925761    36.5899    178.629    179.978    19.3491   4.925285    36.5903     0.0580 1.0000e-12    -0.0089   100.2210      98.72    210.211     4.8300 1.5526e+01          1         25 0.0000e+00
   33.16588  -65.68656    19.3576   4.926038    36.5900    177.634    178.975    19.3556   4.925889    36.5906     0.0337 1.0000e-12    -0.0092   100.2302      98.72    210.633     4.8397 1.5272e+01          1         26 0.0000e+00
   33.16588  -65.68656    19.3594   4.926208    36.5909    176.667    178.001    19.3605   4.926213    36.5900     0.0486 1.0000e-12    -0.0089   100.2213      98.71    211.244     4.8537 1.5529e+01          1         26 0.0000e+00
   33.16588  -65.68656    19.3611   4.926304    36.5911    175.656    176.982    19.3609   4.926322    36.5915     0.0580 1.0000e-12    -0.0085   100.2128      98.71    211.141     4.8514 1.5347e+01          1         25 0.0000e+00
   33.16588  -65.68656    19.3626   4.926426    36.5916    174.659    175.977    19.3620   4.926373    36.5917     0.0583 1.0000e-12    -0.0086   100.2138      83.99    211.328     4.8557 1.5347e+01          1         25 0.0000e+00
   33.16588  -65.68656    19.3642   4.926510    36.5918    173.696    175.006    19.3640   4.926545    36.5922     0.0606 1.0000e-12    -0.0082   100.2033      52.53    211.768     4.8658 1.5461e+01          1         29 0.0000e+00
   33.16588  -65.68656    19.3648   4.926544    36.5922    172.718    174.020    19.3654   4.926630    36.5924     0.0613 1.0000e-12    -0.0087   100.2162      98.71    211.725     4.8648 1.5057e+01          1         28 0.0000e+00
   33.16588  -65.68656    19.3655   4.926549    36.5924    171.699    172.993    19.3646   4.926545    36.5932     0.0686 1.0000e-12    -0.0075   100.1865      98.71    211.155     4.8517 1.5243e+01          1         24 0.0000e+00
   33.16588  -65.68656    19.3658   4.926509    36.5924    170.715    172.001    19.3650   4.926508    36.5931     0.0742 1.0000e-12    -0.0073   100.1822      98.71    211.778     4.8660 1.5169e+01          1         20 0.0000e+00
   33.16588  -65.68656    19.3659   4.926470    36.5925    169.738    171.016    19.3653   4.926448    36.5930     0.0684 1.0000e-12    -0.0079   100.1966      98.71    212.333     4.8788 1.5296e+01          1         21 0.0000e+00
   33.16588  -65.68656    19.3662   4.926436    36.5926    168.723    169.994    19.3649   4.926360    36.5931     0.0580 1.0000e-12    -0.0077   100.1926      98.72    212.467     4.8819 1.5227e+01          1         23 0.0000e+00
   33.16588  -65.68656    19.3662   4.926375    36.5926    167.722    168.985    19.3671   4.926514    36.5930     0.0586 1.0000e-12    -0.0071   100.1783      98.71    211.930     4.8695 1.5471e+01          1         31 0.0000e+00
   33.16588  -65.68656    19.3668   4.926397    36.5928    166.759    168.014    19.3673   4.926455    36.5929     0.0651 1.0000e-12    -0.0061   100.1524      98.71    212.253     4.8769 1.5353e+01          1         34 0.0000e+00
   33.16588  -65.68656    19.3663   4.926242    36.5926    165.780    167.027    19.3664   4.926324    36.5932     0.0811 1.0000e-12    -0.0069   100.1729      98.71    212.178     4.8752 1.5202e+01          1         27 0.0000e+00
   33.16588  -65.68656    19.3665   4.926234    36.5928    164.790    166.029    19.3658   4.926225    36.5933     0.0856 1.0000e-12    -0.0064   100.1591      98.72    211.938     4.8697 1.5280e+01          1         20 0.0000e+00
   33.16588  -65.68656    19.3669   4.926215    36.5927    163.786    165.017    19.3663   4.926227    36.5934     0.0506 1.0000e-12    -0.0066   100.1650      98.71    212.158     4.8747 1.5498e+01          1         19 0.0000e+00
   33.16588  -65.68656    19.3672   4.926204    36.5928    162.782    164.005    19.3662   4.926161    36.5933     0.0560 1.0000e-12    -0.0056   100.1401      98.72    212.280     4.8776 1.5243e+01          1         18 0.0000e+00
   33.16588  -65.68656    19.3671   4.926136    36.5928    161.792    163.007    19.3671   4.926175    36.5931     0.0811 1.0000e-12    -0.0053   100.1326      81.23    212.277     4.8775 1.5311e+01          1         22 0.0000e+00
   33.16588  -65.68656    19.3669   4.926062    36.5927    160.798    162.005    19.3671   4.926140    36.5932     0.0954 1.0000e-12    -0.0036   100.0898      47.76    211.990     4.8709 1.5272e+01          1         26 0.0000e+00
   33.16588  -65.68656    19.3669   4.926010    36.5927    159.837    161.037    19.3672   4.926097    36.5932     0.0903 1.0000e-12    -0.0043   100.1073      98.71    212.326     4.8786 1.5532e+01          1         27 0.0000e+00
   33.16588  -65.68656    19.3672   4.925990    36.5927    158.826    160.018    19.3669   4.926041    36.5935     0.0945 1.0000e-12    -0.0045   100.1137      98.72    212.304     4.8781 1.5150e+01          1         24 0.0000e+00
   33.16588  -65.68656    19.3674   4.925948    36.5927    157.839    159.023    19.3672   4.926029    36.5935     0.1097 1.0000e-12    -0.0045   100.1126      27.36    211.974     4.8705 1.5522e+01          1         24 0.0000e+00
   33.16588  -65.68656    19.3674   4.925937    36.5930    156.786    157.962    19.3670   4.925974    36.5936     0.1283 1.0000e-12    -0.0044   100.1106      98.79    212.351     4.8792 1.4978e+01          1         28 0.0000e+00
   33.16588  -65.68656    19.3673   4.925866    36.5929    155.817    156.985    19.3668   4.925898    36.5936     0.1323 1.0000e-12    -0.0046   100.1161      98.72    212.651     4.8861 1.5376e+01          1         28 0.0000e+00
   33.16588  -65.68656    19.3673   4.925836    36.5931    154.858    156.019    19.3674   4.925910    36.5935     0.1240 1.0000e-12    -0.0041   100.1028      98.71    212.745     4.8882 1.5080e+01          1         25 0.0000e+00
   33.16588  -65.68656    19.3673   4.925777    36.5929    153.875    155.028    19.3671   4.925843    36.5936     0.1234 1.0000e-12    -0.0035   100.0892      98.72    212.593     4.8847 1.5380e+01          1         19 0.0000e+00
   33.16588  -65.68656    19.3681   4.925817    36.5930    152.845    153.989    19.3676   4.925842    36.5936     0.1065 1.0000e-12    -0.0043   100.1082      98.72    212.496     4.8825 1.5615e+01          1         19 0.0000e+00
   33.16588  -65.68656    19.3684   4.925828    36.5932    151.814    152.950    19.3684   4.925862    36.5935     0.1126 1.0000e-12    -0.0044   100.1108      26.87    212.131     4.8741 1.5221e+01          1         17 0.0000e+00
   33.16588  -65.68656    19.3683   4.925745    36.5930    150.835    151.964    19.3681   4.925815    36.5937     0.1309 1.0000e-12    -0.0029   100.0741      49.12    212.359     4.8794 1.5615e+01          1         23 0.0000e+00
   33.16588  -65.68656    19.3680   4.925656    36.5929    149.861    150.982    19.3679   4.925722    36.5935     0.1354 1.0000e-12    -0.0036   100.0896       1.03    212.158     4.8748 1.5353e+01          1         34 0.0000e+00
   33.16589  -65.68656    19.3677   4.925571    36.5928    148.899    150.013    19.3677   4.925632    36.5934     0.1299 1.0000e-12    -0.0028   100.0714       1.03    211.917     4.8692 1.5336e+01          1         32 0.0000e+00
   33.16590  -65.68656    19.3670   4.925445    36.5927    147.904    149.010    19.3671   4.925507    36.5932     0.1161 1.0000e-12    -0.0021   100.0520      45.42    212.561     4.8840 1.5514e+01          1         22 0.0000e+00
   33.16590  -65.68656    19.3671   4.925399    36.5926    146.933    148.031    19.3670   4.925460    36.5932     0.1230 1.0000e-12    -0.0034   100.0853       6.67    212.531     4.8833 1.5518e+01          1         23 0.0000e+00
   33.16590  -65.68656    19.3677   4.925413    36.5927    145.937    147.027    19.3674   4.925460    36.5933     0.1114 1.0000e-12    -0.0019   100.0485      96.06    212.184     4.8753 1.5615e+01          1         22 0.0000e+00
   33.16590  -65.68656    19.3677   4.925381    36.5927    144.929    146.012    19.3676   4.925434    36.5933     0.1281 1.0000e-12    -0.0026   100.0660      98.72    212.234     4.8765 1.5209e+01          1         22 0.0000e+00
   33.16590  -65.68656    19.3681   4.925384    36.5928    143.945    145.020    19.3678   4.925435    36.5935     0.1360 1.0000e-12    -0.0021   100.0518      98.72    212.609     4.8851 1.5033e+01          1         23 0.0000e+00
   33.16590  -65.68656    19.3686   4.925406    36.5929    142.944    144.011    19.3690   4.925522    36.5935     0.1470 1.0000e-12    -0.0018   100.0450      98.71    212.928     4.8924 1.5108e+01          1         22 0.0000e+00
   33.16590  -65.68656    19.3691   4.925437    36.5931    141.918    142.978    19.3689   4.925505    36.5938     0.1585 1.0000e-12    -0.0011   100.0265      98.72    212.859     4.8908 1.5100e+01          1         26 0.0000e+00
   33.16590  -65.68656    19.3694   4.925422    36.5931    140.916    141.968    19.3692   4.925483    36.5938     0.1616 1.0000e-12    -0.0013   100.0315      42.84    212.322     4.8785 1.5358e+01          1         26 0.0000e+00
   33.16590  -65.68656    19.3695   4.925388    36.5932    139.969    141.013    19.3695   4.925476    36.5938     0.1762 1.0000e-12    -0.0012   100.0305       1.03    211.888     4.8685 1.5615e+01          1         26 0.0000e+00
   33.16590  -65.68656    19.3696   4.925351    36.5931    138.969    140.005    19.3695   4.925433    36.5939     0.1678 1.0000e-12    -0.0005   100.0109      37.53    212.385     4.8800 1.5522e+01          1         24 0.0000e+00
   33.16590  -65.68656    19.3697   4.925319    36.5932    137.955    138.983    19.3696   4.925385    36.5938     0.1703 1.0000e-12     0.0006    99.9849      98.72    213.118     4.8968 1.5190e+01          1         21 0.0000e+00
   33.16590  -65.68656    19.3697   4.925251    36.5930    136.958    137.979    19.3697   4.925339    36.5937     0.1605 1.0000e-12    -0.0003   100.0071      98.72    212.644     4.8859 1.5130e+01          1         23 0.0000e+00
   33.16590  -65.68656    19.3699   4.925238    36.5930    135.977    136.990    19.3698   4.925287    36.5935     0.1618 1.0000e-12     0.0000   100.0000       7.05    212.237     4.8766 1.5258e+01          1         25 0.0000e+00
   33.16590  -65.68656    19.3702   4.925219    36.5930    134.991    135.996    19.3703   4.925298    36.5936     0.1680 1.0000e-12    -0.0007   100.0172       5.45    212.734     4.8880 1.5538e+01          1         29 0.0000e+00
   33.16590  -65.68656    19.3704   4.925212    36.5931    133.997    134.994    19.3705   4.925290    36.5937     0.1739 1.0000e-12     0.0006    99.9847      98.96    212.479     4.8821 1.5324e+01          1         23 0.0000e+00
   33.16590  -65.68656    19.3707   4.925187    36.5930    133.005    133.995    19.3706   4.925245    36.5936     0.1583 1.0000e-12     0.0004    99.9901      98.72    212.329     4.8787 1.5412e+01          1         22 0.0000e+00
   33.16590  -65.68656    19.3712   4.925217    36.5932    131.991    132.973    19.3712   4.925276    36.5938     0.1606 1.0000e-12     0.0015    99.9612      98.72    212.423     4.8808 1.5280e+01          1         20 0.0000e+00
   33.16590  -65.68656    19.3714   4.925209    36.5933    131.027    132.001    19.3716   4.925288    36.5939     0.1927 1.0000e-12     0.0031    99.9221      98.74    212.539     4.8835 1.5324e+01          1         23 0.0000e+00
   33.16590  -65.68656    19.3719   4.925196    36.5932    130.038    131.005    19.3719   4.925273    36.5938     0.2218 1.0000e-12     0.0045    99.8891      98.72    212.452     4.8815 1.5412e+01          1         33 0.0000e+00
   33.16590  -65.68656    19.3726   4.925244    36.5934    128.984    129.942    19.3725   4.925308    36.5939     0.2433 1.0000e-12     0.0059    99.8529      95.82    212.563     4.8841 1.5156e+01          1         34 0.0000e+00
   33.16590  -65.68656    19.3728   4.925213    36.5933    128.034    128.986    19.3726   4.925273    36.5940     0.2363 1.0000e-12     0.0058    99.8557      31.54    212.564     4.8841 1.5615e+01          1         31 0.0000e+00
   33.16590  -65.68656    19.3742   4.925337    36.5934    127.036    127.979    19.3731   4.925301    36.5941     0.2673 1.0000e-12     0.0076    99.8106      41.03    212.626     4.8855 1.5215e+01          1         39 0.0000e+00
   33.16590  -65.68656    19.3749   4.925403    36.5938    125.942    126.877    19.3748   4.925458    36.5943     0.3454 1.0000e-12     0.0098    99.7540      24.84    212.423     4.8808 1.5386e+01          1         78 0.0000e+00
   33.16590  -65.68656    19.3761   4.925521    36.5940    125.124    126.052    19.3761   4.925595    36.5947     0.3713 1.0000e-12     0.0099    99.7530      14.53    213.290     4.9008 1.5378e+01          1         94 0.0000e+00
