Data/ruptures/KN207-01/QL-2/20701059.cnv
* Sea-Bird SBE 9 Data File:
* FileName = C:\Data\ctd\20701059.hex
* Software Version Seasave V 7.21e
* Temperature SN = 4406
* Conductivity SN = 1474
* Number of Bytes Per Scan = 40
* Number of Voltage Words = 5
* Number of Scans Averaged by the Deck Unit = 1
* NMEA Latitude = 32 54.99 N
* NMEA Longitude = 065 52.88 W
* NMEA UTC (Time) = Apr 30 2012 15:00:07
** R/V Knorr Cruise # KN207-01 QL 2
** Chief Scientist: Ben Van Mooy
# nquan = 21
# nvalues = 400                         
# units = specified
# name 0 = latitude: Latitude [deg]
# name 1 = longitude: Longitude [deg]
# name 2 = t090C: Temperature [ITS-90, deg C]
# name 3 = c0S/m: Conductivity [S/m]
# name 4 = sal00: Salinity, Practical [PSU]
# name 5 = depSM: Depth [salt water, m]
# name 6 = prDM: Pressure, Digiquartz [db]
# name 7 = t190C: Temperature, 2 [ITS-90, deg C]
# name 8 = c1S/m: Conductivity, 2 [S/m]
# name 9 = sal11: Salinity, Practical, 2 [PSU]
# name 10 = flECO-AFL: Fluorescence, WET Labs ECO-AFL/FL [mg/m^3]
# name 11 = par: PAR/Irradiance, Biospherical/Licor
# name 12 = bat: Beam Attenuation, Chelsea/Seatech [1/m]
# name 13 = xmiss: Beam Transmission, Chelsea/Seatech [%]
# name 14 = altM: Altimeter [m]
# name 15 = sbeox0Mm/Kg: Oxygen, SBE 43 [umol/kg]
# name 16 = sbeox0ML/L: Oxygen, SBE 43 [ml/l]
# name 17 = spar: SPAR/Surface Irradiance
# name 18 = pumps: Pump Status
# name 19 = nbin: number of scans per bin
# name 20 = flag: flag
# span 0 =   32.91620,   32.91660       
# span 1 =  -65.88148,  -65.88024       
# span 2 =    18.6004,    20.3952       
# span 3 =   4.534174,   5.029139       
# span 4 =    32.5990,    37.0042       
# span 5 =      2.434,    200.065       
# span 6 =      2.451,    201.582       
# span 7 =    18.5871,    20.3950       
# span 8 =   4.840211,   5.029124       
# span 9 =    35.3693,    37.0043       
# span 10 =     0.0220,     0.8060      
# span 11 = 1.0000e-12, 8.9830e-02      
# span 12 =    -0.0064,     0.0716      
# span 13 =    98.2274,   100.1602      
# span 14 =       1.02,      98.82      
# span 15 =    136.981,    390.057      
# span 16 =     3.1480,     8.9593      
# span 17 = 8.7236e+02, 1.0285e+03      
# span 18 =          0,          1      
# span 19 =         15,       3203      
# span 20 = 0.0000e+00, 0.0000e+00      
# interval = decibars: 1                
# start_time = Apr 30 2012 15:00:07 [NMEA time, header]
# bad_flag = -9.990e-29
*END*
   32.91660  -65.88148    20.3848   4.534174    32.5990      3.141      3.163    20.3900   4.877000    35.3693     0.1156 1.0000e-12     0.0561    98.6086      98.61    274.560     6.2881 9.5650e+02          0         30 0.0000e+00
   32.91658  -65.88146    20.3914   4.775679    34.5444      3.847      3.874    20.3934   4.942795    35.9025     0.1272 1.0000e-12     0.0574    98.5754      98.62    288.592     6.6190 9.5636e+02          0        163 0.0000e+00
   32.91658  -65.88146    20.3952   4.978456    36.1917      5.018      5.054    20.3950   5.007801    36.4320     0.1299 1.0000e-12     0.0561    98.6071      98.61    301.982     6.9347 9.5477e+02          0         43 0.0000e+00
   32.91658  -65.88146    20.3946   5.005133    36.4100      5.936      5.978    20.3939   5.017289    36.5103     0.1406 1.0000e-12     0.0556    98.6200      98.62    324.869     7.4615 9.5477e+02          0         42 0.0000e+00
   32.91658  -65.88146    20.3945   5.011211    36.4595      6.983      7.033    20.3940   5.020169    36.5335     0.1305 1.0000e-12     0.0562    98.6039      98.62    348.351     8.0011 9.5637e+02          0         54 0.0000e+00
   32.91658  -65.88146    20.3944   5.012445    36.4694      7.927      7.983    20.3941   5.021825    36.5466     0.1552 1.0000e-12     0.0572    98.5808      98.61    369.244     8.4810 9.5695e+02          0         41 0.0000e+00
   32.91658  -65.88146    20.3944   5.016964    36.5061      8.887      8.950    20.3941   5.023175    36.5573     0.1481 1.0000e-12     0.0561    98.6059      98.62    390.057     8.9593 9.5542e+02          0         57 0.0000e+00
   32.91658  -65.88146    20.3944   5.018652    36.5196      9.879      9.949    20.3941   5.023803    36.5621     0.2531 1.0000e-12     0.0572    98.5801      98.62    381.973     8.7737 9.5477e+02          0         41 0.0000e+00
   32.91658  -65.88146    20.3940   5.019041    36.5228     10.916     10.994    20.3941   5.024623    36.5685     0.1387 1.0000e-12     0.0555    98.6231      98.61    241.976     5.5581 9.5764e+02          0         42 0.0000e+00
   32.91658  -65.88146    20.3942   5.018138    36.5148     11.908     11.993    20.3936   5.024774    36.5698     0.1394 1.0000e-12     0.0560    98.6098      98.62    206.949     4.7535 9.5895e+02          0         49 0.0000e+00
   32.91658  -65.88146    20.3940   5.020349    36.5327     12.940     13.032    20.3938   5.025714    36.5769     0.1221 1.0000e-12     0.0561    98.6063      98.62    187.630     4.3098 9.5592e+02          0         54 0.0000e+00
   32.91658  -65.88145    20.3943   5.022027    36.5459     13.879     13.978    20.3941   5.025944    36.5782     0.1301 1.0000e-12     0.0560    98.6106      98.62    174.942     4.0184 9.5666e+02          0         53 0.0000e+00
   32.91658  -65.88144    20.3946   5.023527    36.5575     14.867     14.973    20.3944   5.025857    36.5768     0.1327 1.0000e-12     0.0559    98.6130      98.62    166.574     3.8262 9.5981e+02          0         39 0.0000e+00
   32.91658  -65.88144    20.3946   5.023813    36.5596     15.913     16.027    20.3940   5.026349    36.5809     0.1579 1.0000e-12     0.0560    98.6084      95.58    166.375     3.8217 9.5913e+02          0         41 0.0000e+00
   32.91658  -65.88146    20.3920   5.022973    36.5546     16.919     17.039    20.3919   5.026908    36.5869     0.1266 1.0000e-12     0.0559    98.6111      83.87    185.106     4.2519 9.5721e+02          0         60 0.0000e+00
   32.91658  -65.88146    20.3921   5.022067    36.5467     17.837     17.964    20.3925   5.027469    36.5907     0.1332 1.0000e-12     0.0567    98.5918      98.62    174.309     4.0039 9.6150e+02          0         47 0.0000e+00
   32.91657  -65.88145    20.3805   5.024923    36.5801     18.855     18.989    20.3828   5.027480    36.5989     0.1313 1.0000e-12     0.0557    98.6168      98.62    164.488     3.7784 9.6272e+02          0         34 0.0000e+00
   32.91656  -65.88144    20.3822   5.014672    36.4941     19.909     20.051    20.3813   5.025415    36.5829     0.1353 1.0000e-12     0.0561    98.6068      98.62    173.808     3.9922 9.5811e+02          0         54 0.0000e+00
   32.91656  -65.88144    20.3766   5.013781    36.4915     20.832     20.981    20.3776   5.025513    36.5866     0.1343 1.0000e-12     0.0571    98.5834      98.62    174.574     4.0098 9.6113e+02          0         56 0.0000e+00
   32.91656  -65.88144    20.3622   5.019255    36.5486     21.813     21.969    20.3665   5.024585    36.5885     0.1339 1.0000e-12     0.0567    98.5915      61.55    167.861     3.8558 9.6209e+02          0         46 0.0000e+00
   32.91656  -65.88144    20.3104   5.022594    36.6216     22.833     22.997    20.3145   5.027470    36.6580     0.1460 1.0000e-12     0.0578    98.5656      94.22    163.043     3.7454 9.6067e+02          0         33 0.0000e+00
   32.91657  -65.88144    20.3191   5.011781    36.5244     23.905     24.076    20.2835   5.024214    36.6581     0.1457 1.0000e-12     0.0568    98.5898      94.24    172.210     3.9557 9.6193e+02          0         56 0.0000e+00
   32.91658  -65.88144    20.3146   5.008280    36.4994     24.728     24.904    20.2886   5.017136    36.5947     0.1719 1.0000e-12     0.0572    98.5800      72.70    174.577     4.0100 9.6521e+02          1         51 0.0000e+00
   32.91658  -65.88144    20.2143   5.012844    36.6252     25.810     25.995    20.2191   5.018264    36.6651     0.1462 1.0000e-12     0.0580    98.5606      98.62    170.253     3.9111 9.6308e+02          1         36 0.0000e+00
   32.91656  -65.88144    20.2440   5.005224    36.5350     26.826     27.018    20.2063   5.018083    36.6741     0.1576 1.0000e-12     0.0567    98.5915      98.62    170.808     3.9236 9.6096e+02          1         70 0.0000e+00
   32.91656  -65.88144    20.1986   5.007475    36.5932     27.747     27.946    20.1842   5.016745    36.6818     0.1660 1.0000e-12     0.0572    98.5798      98.70    175.807     4.0386 9.6703e+02          1         46 0.0000e+00
   32.91656  -65.88143    20.1599   5.008968    36.6391     28.818     29.024    20.1579   5.015098    36.6910     0.1578 1.0000e-12     0.0567    98.5918      70.89    167.285     3.8430 9.6683e+02          1         37 0.0000e+00
   32.91656  -65.88142    20.1542   5.009916    36.6511     29.803     30.017    20.1442   5.014198    36.6950     0.1587 1.0000e-12     0.0570    98.5854      74.53    169.854     3.9021 9.6364e+02          1         46 0.0000e+00
   32.91656  -65.88142    20.1427   5.010676    36.6667     30.795     31.016    20.1426   5.013189    36.6872     0.1601 1.0000e-12     0.0608    98.4905      98.65    170.040     3.9064 9.6552e+02          1         57 0.0000e+00
   32.91656  -65.88142    20.1411   5.009820    36.6603     31.739     31.966    20.1408   5.012020    36.6784     0.1730 1.0000e-12     0.0613    98.4792      98.62    163.787     3.7627 9.6849e+02          1         51 0.0000e+00
   32.91656  -65.88142    20.1387   5.009065    36.6554     32.775     33.011    20.1387   5.011267    36.6734     0.1825 1.0000e-12     0.0587    98.5444      98.62    163.399     3.7538 9.6643e+02          1         52 0.0000e+00
   32.91656  -65.88142    20.1359   5.008097    36.6494     33.728     33.970    20.1353   5.010174    36.6669     0.1981 1.0000e-12     0.0575    98.5733      98.62    160.363     3.6841 9.6622e+02          1         44 0.0000e+00
   32.91656  -65.88142    20.1325   5.007084    36.6435     34.772     35.022    20.1322   5.009135    36.6606     0.1702 1.0000e-12     0.0584    98.5500      98.61    159.905     3.6735 9.6949e+02          1         37 0.0000e+00
   32.91656  -65.88142    20.1260   5.007413    36.6514     35.768     36.025    20.1248   5.009090    36.6663     0.1691 1.0000e-12     0.0606    98.4967      98.62    156.895     3.6044 9.7047e+02          1         63 0.0000e+00
   32.91656  -65.88142    20.1174   5.006667    36.6525     36.670     36.933    20.1152   5.008369    36.6684     0.1889 1.0000e-12     0.0585    98.5490      98.62    153.817     3.5337 9.6842e+02          1         42 0.0000e+00
   32.91656  -65.88142    20.1008   5.006406    36.6646     37.734     38.005    20.0989   5.007554    36.6757     0.1896 1.0000e-12     0.0603    98.5056      98.62    151.754     3.4863 9.7033e+02          1         37 0.0000e+00
   32.91656  -65.88141    20.0837   5.006173    36.6773     38.769     39.048    20.0815   5.007811    36.6927     0.2058 1.0000e-12     0.0612    98.4823      98.62    150.984     3.4687 9.7181e+02          1         74 0.0000e+00
   32.91656  -65.88140    20.0635   5.005101    36.6859     39.628     39.913    20.0610   5.006953    36.7034     0.2178 1.0000e-12     0.0630    98.4371      98.62    155.858     3.5807 9.6992e+02          1         44 0.0000e+00
   32.91656  -65.88140    19.9998   5.003314    36.7277     40.711     41.004    19.9881   5.005277    36.7543     0.2139 1.0000e-12     0.0636    98.4223      98.62    158.305     3.6371 9.7208e+02          1         28 0.0000e+00
   32.91656  -65.88140    19.9387   5.003447    36.7828     41.767     42.068    19.9333   5.005152    36.8017     0.2229 1.0000e-12     0.0632    98.4310      98.62    158.210     3.6351 9.7390e+02          1         40 0.0000e+00
   32.91656  -65.88140    19.8955   5.003386    36.8199     42.575     42.881    19.8926   5.004973    36.8355     0.2489 1.0000e-12     0.0637    98.4205      98.62    156.474     3.5954 9.7492e+02          1         67 0.0000e+00
   32.91656  -65.88140    19.8533   5.002037    36.8453     43.721     44.036    19.8525   5.004344    36.8650     0.2504 1.0000e-12     0.0635    98.4247      98.62    154.487     3.5499 9.7189e+02          1         50 0.0000e+00
   32.91656  -65.88140    19.7990   4.999924    36.8757     44.630     44.951    19.7964   5.002121    36.8962     0.2388 1.0000e-12     0.0666    98.3483      98.67    148.662     3.4161 9.7489e+02          1         43 0.0000e+00
   32.91656  -65.88140    19.7394   4.996636    36.9010     45.697     46.027    19.7376   4.999848    36.9293     0.2457 1.0000e-12     0.0650    98.3881      98.66    144.464     3.3198 9.7716e+02          1         33 0.0000e+00
   32.91656  -65.88140    19.7109   4.995841    36.9188     46.751     47.088    19.7069   4.998408    36.9437     0.2551 1.0000e-12     0.0664    98.3530      98.55    143.739     3.3032 9.7670e+02          1         56 0.0000e+00
   32.91656  -65.88140    19.6733   4.994127    36.9371     47.508     47.850    19.6782   4.996376    36.9513     0.2565 1.0000e-12     0.0659    98.3653      83.33    138.383     3.1802 9.7479e+02          1         58 0.0000e+00
   32.91656  -65.88138    19.6214   4.990490    36.9527     48.646     48.997    19.6099   4.992237    36.9777     0.2651 1.0000e-12     0.0634    98.4278      98.63    136.981     3.1480 9.7760e+02          1         31 0.0000e+00
   32.91656  -65.88138    19.5705   4.989375    36.9885     49.721     50.080    19.5627   4.990432    37.0043     0.2492 1.0000e-12     0.0617    98.4687      98.62    138.321     3.1789 9.8091e+02          1         39 0.0000e+00
   32.91655  -65.88138    19.5385   4.987966    37.0042     50.530     50.895    19.5334   4.985227    36.9859     0.2874 1.0000e-12     0.0604    98.5010      98.62    141.533     3.2528 9.7826e+02          1         79 0.0000e+00
   32.91654  -65.88138    19.5050   4.982964    36.9915     51.589     51.962    19.4968   4.960606    36.8122     0.2628 1.0000e-12     0.0567    98.5921      98.62    145.834     3.3517 9.7782e+02          1         28 0.0000e+00
   32.91654  -65.88138    19.4928   4.979703    36.9743     52.629     53.009    19.4910   4.946961    36.7026     0.2668 1.0000e-12     0.0536    98.6698      98.62    145.768     3.3501 9.8096e+02          1         34 0.0000e+00
   32.91654  -65.88138    19.4894   4.973139    36.9215     53.685     54.073    19.4867   4.940966    36.6553     0.2640 1.0000e-12     0.0517    98.7172      98.62    143.669     3.3018 9.8330e+02          1         58 0.0000e+00
   32.91654  -65.88138    19.4815   4.951611    36.7478     54.526     54.920    19.4800   4.936982    36.6270     0.3024 1.0000e-12     0.0537    98.6672      98.62    156.262     3.5907 9.7992e+02          1         70 0.0000e+00
   32.91654  -65.88138    19.4645   4.940181    36.6669     55.591     55.992    19.4634   4.933759    36.6142     0.2731 1.0000e-12     0.0502    98.7539      98.62    182.377     4.1906 9.8180e+02          1         35 0.0000e+00
   32.91654  -65.88138    19.4546   4.936147    36.6415     56.631     57.040    19.4544   4.931871    36.6058     0.2705 1.0000e-12     0.0485    98.7934      98.62    199.215     4.5774 9.8477e+02          1         36 0.0000e+00
   32.91654  -65.88138    19.4535   4.933956    36.6234     57.599     58.016    19.4537   4.931334    36.6013     0.2920 1.0000e-12     0.0526    98.6945      98.62    208.220     4.7842 9.8595e+02          1         51 0.0000e+00
   32.91654  -65.88138    19.4497   4.932158    36.6111     58.524     58.947    19.4496   4.930811    36.5999     0.3042 1.0000e-12     0.0496    98.7678      98.62    207.527     4.7683 9.8334e+02          1         53 0.0000e+00
   32.91654  -65.88138    19.4459   4.930970    36.6039     59.562     59.993    19.4456   4.930419    36.5996     0.3123 1.0000e-12     0.0477    98.8134      92.11    208.302     4.7861 9.8377e+02          1         41 0.0000e+00
   32.91654  -65.88138    19.4435   4.930259    36.5996     60.560     60.999    19.4433   4.930185    36.5992     0.3077 3.0648e-04     0.0462    98.8503      98.62    213.271     4.9002 9.8843e+02          1         62 0.0000e+00
   32.91654  -65.88138    19.4378   4.929504    36.5979     61.541     61.986    19.4376   4.929632    36.5991     0.2906 2.1462e-02     0.0461    98.8536      98.62    215.427     4.9498 9.8664e+02          1         39 0.0000e+00
   32.91654  -65.88138    19.4341   4.929071    36.5970     62.568     63.021    19.4341   4.929266    36.5987     0.3023 4.1821e-02     0.0502    98.7530      98.62    215.294     4.9467 9.8499e+02          1         37 0.0000e+00
   32.91654  -65.88137    19.4305   4.928702    36.5967     63.561     64.022    19.4304   4.928852    36.5980     0.3077 4.3779e-02     0.0565    98.5988      98.54    214.859     4.9367 9.8875e+02          1         66 0.0000e+00
   32.91654  -65.88136    19.4290   4.928553    36.5963     64.472     64.940    19.4288   4.928683    36.5975     0.3242 4.2395e-02     0.0451    98.8796      98.62    213.935     4.9155 9.9091e+02          1         40 0.0000e+00
   32.91654  -65.88136    19.4283   4.928502    36.5961     65.548     66.023    19.4282   4.928621    36.5971     0.3019 4.3835e-02     0.0427    98.9364      77.79    213.748     4.9112 9.8987e+02          1         33 0.0000e+00
   32.91654  -65.88136    19.4267   4.928353    36.5958     66.601     67.084    19.4267   4.928444    36.5965     0.3283 4.7549e-02     0.0444    98.8966      77.07    214.092     4.9191 9.8877e+02          1         80 0.0000e+00
   32.91654  -65.88136    19.4250   4.928226    36.5958     67.473     67.963    19.4250   4.928325    36.5966     0.3171 5.0395e-02     0.0458    98.8616      98.63    214.158     4.9206 9.9348e+02          1         32 0.0000e+00
   32.91654  -65.88136    19.4207   4.927792    36.5956     68.555     69.053    19.4207   4.927918    36.5967     0.3183 4.8496e-02     0.0475    98.8194      98.62    214.426     4.9268 9.9413e+02          1         30 0.0000e+00
   32.91654  -65.88136    19.4182   4.927508    36.5950     69.485     69.990    19.4183   4.927666    36.5963     0.3486 4.9650e-02     0.0716    98.2274      98.63    214.267     4.9231 9.9100e+02          1         79 0.0000e+00
