Data/ruptures/KN207-01/QL-2/20701062.cnv
* Sea-Bird SBE 9 Data File:
* FileName = C:\Data\ctd\20701062.hex
* Software Version Seasave V 7.21e
* Temperature SN = 4406
* Conductivity SN = 1474
* Number of Bytes Per Scan = 40
* Number of Voltage Words = 5
* Number of Scans Averaged by the Deck Unit = 1
* NMEA Latitude = 32 54.11 N
* NMEA Longitude = 065 51.93 W
* NMEA UTC (Time) = Apr 30 2012 20:00:25
** R/V Knorr Cruise # KN207-01 QL 2
** Chief Scientist: Ben Van Mooy
# nquan = 21
# nvalues = 398                         
# units = specified
# name 0 = latitude: Latitude [deg]
# name 1 = longitude: Longitude [deg]
# name 2 = t090C: Temperature [ITS-90, deg C]
# name 3 = c0S/m: Conductivity [S/m]
# name 4 = sal00: Salinity, Practical [PSU]
# name 5 = depSM: Depth [salt water, m]
# name 6 = prDM: Pressure, Digiquartz [db]
# name 7 = t190C: Temperature, 2 [ITS-90, deg C]
# name 8 = c1S/m: Conductivity, 2 [S/m]
# name 9 = sal11: Salinity, Practical, 2 [PSU]
# name 10 = flECO-AFL: Fluorescence, WET Labs ECO-AFL/FL [mg/m^3]
# name 11 = par: PAR/Irradiance, Biospherical/Licor
# name 12 = bat: Beam Attenuation, Chelsea/Seatech [1/m]
# name 13 = xmiss: Beam Transmission, Chelsea/Seatech [%]
# name 14 = altM: Altimeter [m]
# name 15 = sbeox0Mm/Kg: Oxygen, SBE 43 [umol/kg]
# name 16 = sbeox0ML/L: Oxygen, SBE 43 [ml/l]
# name 17 = spar: SPAR/Surface Irradiance
# name 18 = pumps: Pump Status
# name 19 = nbin: number of scans per bin
# name 20 = flag: flag
# span 0 =   32.90138,   32.90198       
# span 1 =  -65.86561,  -65.86436       
# span 2 =    17.9504,    20.4776       
# span 3 =   4.656011,   5.038094       
# span 4 =    33.5136,    36.9275       
# span 5 =      2.398,    199.504       
# span 6 =      2.415,    201.017       
# span 7 =    17.9506,    20.4777       
# span 8 =   4.770985,   5.038228       
# span 9 =    36.5116,    36.6103       
# span 10 =     0.0046,     0.7566      
# span 11 = 1.0000e-12, 1.0000e-12      
# span 12 =    -0.0116,     0.1209      
# span 13 =    97.0232,   100.2914      
# span 14 =       1.03,      98.91      
# span 15 =    136.145,    362.026      
# span 16 =     3.1288,     8.3153      
# span 17 = 1.2997e+03, 3.1069e+03      
# span 18 =          1,          1      
# span 19 =         14,        447      
# span 20 = 0.0000e+00, 0.0000e+00      
# interval = decibars: 1                
# start_time = Apr 30 2012 20:00:25 [NMEA time, header]
# bad_flag = -9.990e-29
*END*
[from data line 138]
   32.90170  -65.86506    19.3689   4.925368    36.5935    139.987    141.028    19.3688   4.925488    36.5946     0.0588 1.0000e-12    -0.0006   100.0154      25.55    212.237     4.8766 2.6682e+03          1         33 0.0000e+00
   32.90170  -65.86506    19.3690   4.925404    36.5934    140.944    141.993    19.3689   4.925528    36.5945     0.0695 1.0000e-12    -0.0006   100.0156      98.67    211.855     4.8678 2.7545e+03          1         34 0.0000e+00
   32.90170  -65.86506    19.3691   4.925475    36.5935    141.925    142.981    19.3690   4.925593    36.5946     0.0695 1.0000e-12    -0.0016   100.0384      53.05    211.981     4.8707 2.8273e+03          1         23 0.0000e+00
   32.90170  -65.86506    19.3692   4.925523    36.5934    142.901    143.964    19.3691   4.925650    36.5946     0.0711 1.0000e-12    -0.0017   100.0416      36.13    211.987     4.8708 2.8754e+03          1         18 0.0000e+00
   32.90170  -65.86506    19.3693   4.925574    36.5934    143.911    144.982    19.3693   4.925712    36.5946     0.0640 1.0000e-12    -0.0019   100.0473      98.67    211.923     4.8693 2.9117e+03          1         19 0.0000e+00
   32.90170  -65.86506    19.3694   4.925662    36.5936    144.945    146.024    19.3693   4.925776    36.5947     0.0640 1.0000e-12    -0.0027   100.0691      98.67    211.951     4.8700 2.9459e+03          1         20 0.0000e+00
   32.90170  -65.86506    19.3696   4.925725    36.5937    145.917    147.004    19.3696   4.925837    36.5946     0.0647 1.0000e-12    -0.0021   100.0518      98.64    211.702     4.8643 2.9745e+03          1         23 0.0000e+00
   32.90170  -65.86506    19.3697   4.925784    36.5937    146.882    147.977    19.3696   4.925906    36.5947     0.0647 1.0000e-12    -0.0024   100.0611       2.78    211.674     4.8636 2.9818e+03          1         26 0.0000e+00
   32.90170  -65.86504    19.3698   4.925825    36.5936    147.880    148.982    19.3697   4.925948    36.5947     0.0855 1.0000e-12    -0.0022   100.0552       1.05    211.330     4.8557 2.9663e+03          1         26 0.0000e+00
   32.90170  -65.86504    19.3698   4.925877    36.5936    148.887    149.997    19.3697   4.926001    36.5947     0.0458 1.0000e-12    -0.0030   100.0750       1.05    211.673     4.8636 2.9403e+03          1         26 0.0000e+00
   32.90170  -65.86504    19.3695   4.925888    36.5936    149.878    150.996    19.3695   4.926016    36.5947     0.0305 1.0000e-12    -0.0012   100.0298       1.04    211.529     4.8603 2.9059e+03          1         25 0.0000e+00
   32.90170  -65.86504    19.3691   4.925869    36.5935    150.872    151.998    19.3690   4.926013    36.5947     0.0501 1.0000e-12    -0.0018   100.0452      55.88    211.954     4.8700 2.8676e+03          1         25 0.0000e+00
   32.90170  -65.86504    19.3677   4.925719    36.5931    151.862    152.996    19.3678   4.925892    36.5944     0.0358 1.0000e-12    -0.0024   100.0602      98.68    212.257     4.8770 2.8530e+03          1         22 0.0000e+00
   32.90168  -65.86504    19.3664   4.925586    36.5927    152.806    153.947    19.3664   4.925707    36.5938     0.0581 1.0000e-12    -0.0020   100.0496      21.09    211.802     4.8666 2.8638e+03          1         22 0.0000e+00
   32.90168  -65.86504    19.3661   4.925574    36.5925    153.840    154.989    19.3660   4.925706    36.5937     0.0798 1.0000e-12    -0.0019   100.0484      98.54    211.904     4.8689 2.8964e+03          1         24 0.0000e+00
   32.90168  -65.86504    19.3660   4.925617    36.5926    154.836    155.993    19.3660   4.925738    36.5936     0.0583 1.0000e-12    -0.0027   100.0668      58.31    211.976     4.8706 2.9503e+03          1         25 0.0000e+00
   32.90168  -65.86504    19.3653   4.925572    36.5924    155.818    156.983    19.3653   4.925717    36.5936     0.0636 1.0000e-12    -0.0025   100.0637       1.04    211.968     4.8704 2.9963e+03          1         25 0.0000e+00
   32.90168  -65.86504    19.3651   4.925588    36.5924    156.800    157.973    19.3651   4.925723    36.5935     0.0495 1.0000e-12    -0.0031   100.0788      28.69    212.021     4.8716 3.0228e+03          1         22 0.0000e+00
   32.90168  -65.86502    19.3647   4.925587    36.5923    157.813    158.994    19.3646   4.925712    36.5935     0.0501 1.0000e-12    -0.0036   100.0897      98.68    212.237     4.8765 3.0455e+03          1         20 0.0000e+00
   32.90168  -65.86502    19.3636   4.925487    36.5921    158.836    160.024    19.3633   4.925583    36.5932     0.0464 1.0000e-12    -0.0035   100.0871      98.68    212.243     4.8767 3.0580e+03          1         20 0.0000e+00
   32.90168  -65.86502    19.3632   4.925466    36.5919    159.828    161.024    19.3631   4.925589    36.5930     0.0389 1.0000e-12    -0.0031   100.0784      34.84    212.061     4.8725 3.0584e+03          1         24 0.0000e+00
   32.90168  -65.86502    19.3633   4.925522    36.5919    160.824    162.029    19.3632   4.925638    36.5929     0.0429 1.0000e-12    -0.0033   100.0841      58.55    212.004     4.8712 3.0562e+03          1         37 0.0000e+00
   32.90168  -65.86502    19.3636   4.925701    36.5928    161.750    162.961    19.3635   4.925811    36.5938     0.0654 1.0000e-12    -0.0029   100.0730      72.57    211.976     4.8706 3.0439e+03          1         25 0.0000e+00
   32.90168  -65.86502    19.3612   4.925462    36.5925    162.772    163.992    19.3612   4.925631    36.5939     0.0643 1.0000e-12    -0.0035   100.0871      46.02    211.769     4.8658 3.0337e+03          1         20 0.0000e+00
   32.90168  -65.86502    19.3581   4.925171    36.5925    163.810    165.037    19.3580   4.925315    36.5938     0.0597 1.0000e-12    -0.0032   100.0801      98.67    211.773     4.8659 3.0288e+03          1         18 0.0000e+00
   32.90168  -65.86502    19.3549   4.924858    36.5924    164.799    166.035    19.3549   4.925030    36.5938     0.0420 1.0000e-12    -0.0028   100.0717      98.67    211.335     4.8559 3.0181e+03          1         20 0.0000e+00
   32.90168  -65.86502    19.3500   4.924318    36.5919    165.763    167.006    19.3503   4.924530    36.5934     0.0445 1.0000e-12    -0.0032   100.0797      27.54    211.180     4.8523 2.9744e+03          1         27 0.0000e+00
   32.90168  -65.86502    19.3457   4.923863    36.5916    166.748    167.999    19.3456   4.924009    36.5928     0.0510 1.0000e-12    -0.0037   100.0946      78.45    211.848     4.8676 2.8230e+03          1         31 0.0000e+00
   32.90168  -65.86502    19.3386   4.923071    36.5909    167.731    168.990    19.3388   4.923336    36.5930     0.0643 1.0000e-12    -0.0032   100.0805       5.60    211.086     4.8501 2.5535e+03          1         24 0.0000e+00
   32.90168  -65.86502    19.3242   4.921487    36.5902    168.736    170.002    19.3243   4.921796    36.5927     0.0588 1.0000e-12    -0.0037   100.0936      78.03    210.437     4.8352 2.3301e+03          1         20 0.0000e+00
   32.90168  -65.86502    19.3139   4.920371    36.5897    169.731    171.006    19.3140   4.920644    36.5920     0.0633 1.0000e-12    -0.0027   100.0676      98.67    210.844     4.8446 2.1671e+03          1         19 0.0000e+00
   32.90168  -65.86502    19.2814   4.916630    36.5873    170.723    172.006    19.2818   4.917302    36.5926     0.0691 1.0000e-12    -0.0026   100.0657      98.68    210.979     4.8477 2.0452e+03          1         21 0.0000e+00
   32.90168  -65.86502    19.2249   4.910253    36.5843    171.736    173.027    19.2265   4.911156    36.5904     0.0577 1.0000e-12    -0.0033   100.0840      43.34    210.456     4.8358 1.9031e+03          1         28 0.0000e+00
   32.90168  -65.86500    19.1351   4.900107    36.5797    172.688    173.986    19.1374   4.901351    36.5880     0.0483 1.0000e-12    -0.0026   100.0657      40.38    209.422     4.8121 1.8514e+03          1         28 0.0000e+00
   32.90168  -65.86500    18.9854   4.882953    36.5701    173.674    174.980    18.9878   4.885253    36.5873     0.0391 1.0000e-12    -0.0039   100.0975      64.98    207.935     4.7781 1.8603e+03          1         21 0.0000e+00
   32.90168  -65.86500    18.8093   4.863282    36.5627    174.704    176.018    18.8094   4.865365    36.5802     0.0273 1.0000e-12    -0.0040   100.1013      98.67    206.062     4.7352 1.8606e+03          1         20 0.0000e+00
   32.90168  -65.86500    18.7012   4.851481    36.5596    175.714    177.035    18.7020   4.852697    36.5692     0.0298 1.0000e-12    -0.0039   100.0973      98.67    203.058     4.6663 1.8527e+03          1         19 0.0000e+00
   32.90168  -65.86500    18.6145   4.841987    36.5560    176.709    178.039    18.6153   4.842774    36.5620     0.0510 1.0000e-12    -0.0038   100.0969      55.40    198.494     4.5615 1.8726e+03          1         29 0.0000e+00
   32.90166  -65.86500    18.5722   4.837427    36.5532    177.636    178.973    18.5728   4.837846    36.5563     0.0473 1.0000e-12    -0.0044   100.1105      86.45    193.699     4.4514 1.9763e+03          1         37 0.0000e+00
   32.90166  -65.86500    18.5441   4.834363    36.5505    178.623    179.969    18.5444   4.834850    36.5545     0.0298 1.0000e-12    -0.0057   100.1415      32.53    192.189     4.4167 2.0061e+03          1         24 0.0000e+00
   32.90166  -65.86500    18.5094   4.830561    36.5483    179.644    180.997    18.5089   4.831044    36.5528     0.0363 1.0000e-12    -0.0052   100.1298      92.16    191.814     4.4081 1.9283e+03          1         19 0.0000e+00
   32.90166  -65.86500    18.4762   4.826928    36.5463    180.633    181.995    18.4757   4.827385    36.5507     0.0251 1.0000e-12    -0.0056   100.1393      98.68    192.323     4.4198 1.8465e+03          1         19 0.0000e+00
   32.90166  -65.86500    18.4074   4.818775    36.5382    181.644    183.013    18.4088   4.820703    36.5534     0.0130 1.0000e-12    -0.0054   100.1334      98.68    192.481     4.4235 1.8151e+03          1         20 0.0000e+00
   32.90166  -65.86499    18.2898   4.805897    36.5344    182.640    184.017    18.2903   4.806701    36.5408     0.0046 1.0000e-12    -0.0049   100.1231      98.67    191.596     4.4033 1.8553e+03          1         20 0.0000e+00
   32.90166  -65.86498    18.2588   4.802555    36.5325    183.619    185.004    18.2593   4.803192    36.5374     0.0152 1.0000e-12    -0.0052   100.1302      98.68    189.905     4.3644 1.9566e+03          1         22 0.0000e+00
   32.90166  -65.86498    18.1893   4.794725    36.5273    184.589    185.982    18.1900   4.795692    36.5349     0.0275 1.0000e-12    -0.0057   100.1429      98.68    187.980     4.3203 2.1072e+03          1         25 0.0000e+00
   32.90166  -65.86498    18.1415   4.789648    36.5253    185.614    187.015    18.1419   4.790022    36.5281     0.0244 1.0000e-12    -0.0055   100.1380      98.67    185.944     4.2735 2.3632e+03          1         34 0.0000e+00
   32.90166  -65.86498    18.1000   4.785431    36.5249    186.573    187.982    18.0992   4.785771    36.5286     0.0276 1.0000e-12    -0.0069   100.1733      98.67    185.250     4.2576 2.6498e+03          1         31 0.0000e+00
   32.90166  -65.86498    18.0771   4.782926    36.5225    187.547    188.964    18.0771   4.783226    36.5251     0.0231 1.0000e-12    -0.0063   100.1576      98.68    185.044     4.2529 2.8509e+03          1         24 0.0000e+00
   32.90166  -65.86498    18.0625   4.781325    36.5208    188.557    189.982    18.0618   4.781527    36.5232     0.0170 1.0000e-12    -0.0076   100.1907      98.68    185.413     4.2614 2.9648e+03          1         19 0.0000e+00
   32.90166  -65.86498    18.0538   4.780440    36.5200    189.520    190.952    18.0543   4.780767    36.5223     0.0168 1.0000e-12    -0.0082   100.2031      98.68    185.997     4.2748 3.0227e+03          1         16 0.0000e+00
   32.90166  -65.86498    18.0265   4.777323    36.5172    190.533    191.974    18.0273   4.777981    36.5220     0.0236 1.0000e-12    -0.0081   100.2029      98.68    186.356     4.2831 3.0446e+03          1         19 0.0000e+00
   32.90166  -65.86498    18.0071   4.775672    36.5196    191.601    193.050    18.0073   4.775911    36.5214     0.0354 1.0000e-12    -0.0087   100.2169      98.68    186.594     4.2886 3.0485e+03          1         20 0.0000e+00
   32.90166  -65.86498    17.9989   4.775090    36.5209    192.552    194.008    17.9993   4.775364    36.5229     0.0096 1.0000e-12    -0.0093   100.2336      98.68    186.348     4.2829 3.0486e+03          1         24 0.0000e+00
   32.90166  -65.86498    17.9882   4.774064    36.5204    193.537    195.002    17.9884   4.774260    36.5219     0.0067 1.0000e-12    -0.0094   100.2341      98.68    186.329     4.2825 3.0415e+03          1         37 0.0000e+00
   32.90166  -65.86498    17.9769   4.772804    36.5185    194.468    195.940    17.9773   4.773113    36.5208     0.0237 1.0000e-12    -0.0093   100.2319      98.68    186.576     4.2882 3.0104e+03          1         33 0.0000e+00
   32.90166  -65.86498    17.9623   4.771248    36.5174    195.493    196.974    17.9626   4.771479    36.5191     0.0218 1.0000e-12    -0.0101   100.2518      98.68    186.655     4.2900 2.9973e+03          1         24 0.0000e+00
   32.90166  -65.86498    17.9654   4.772085    36.5207    196.567    198.057    17.9656   4.772186    36.5215     0.0270 1.0000e-12    -0.0109   100.2722      98.68    186.960     4.2971 3.0009e+03          1         20 0.0000e+00
   32.90166  -65.86496    17.9504   4.770675    36.5216    197.518    199.015    17.9506   4.770985    36.5241     0.0203 1.0000e-12    -0.0103   100.2590      98.67    187.360     4.3063 3.0046e+03          1         21 0.0000e+00
   32.90166  -65.86496    17.9599   4.771529    36.5186    198.501    200.006    17.9631   4.771889    36.5188     0.0221 1.0000e-12    -0.0100   100.2492      98.68    187.491     4.3092 3.0223e+03          1        105 0.0000e+00
   32.90166  -65.86496    17.9660   4.772121    36.5165    199.504    201.017    17.9700   4.772569    36.5168     0.0054 1.0000e-12    -0.0102   100.2557      98.68    186.807     4.2935 2.9932e+03          1        110 0.0000e+00
   32.90165  -65.86494    18.0156   4.777353    36.5162    198.651    200.156    18.0085   4.776624    36.5165     0.0190 1.0000e-12    -0.0105   100.2627      98.69    186.422     4.2846 3.0006e+03          1        188 0.0000e+00
   32.90164  -65.86492    17.9994   4.775592    36.5165    197.514    199.011    18.0054   4.776348    36.5173     0.0246 1.0000e-12    -0.0115   100.2884      98.68    186.289     4.2816 3.0197e+03          1         34 0.0000e+00
   32.90164  -65.86492    17.9695   4.772622    36.5187    196.458    197.946    17.9787   4.773785    36.5203     0.0088 1.0000e-12    -0.0114   100.2844      98.69    186.434     4.2849 3.0212e+03          1         49 0.0000e+00
   32.90164  -65.86492    17.9646   4.772093    36.5188    195.594    197.076    17.9653   4.772254    36.5196     0.0154 1.0000e-12    -0.0113   100.2841      98.69    186.663     4.2902 3.0260e+03          1         51 0.0000e+00
   32.90164  -65.86492    17.9660   4.771994    36.5169    194.516    195.988    17.9670   4.772205    36.5179     0.0127 1.0000e-12    -0.0114   100.2853      98.68    187.156     4.3015 3.0302e+03          1         27 0.0000e+00
   32.90164  -65.86492    17.9700   4.772204    36.5154    193.526    194.991    17.9693   4.772210    36.5162     0.0149 1.0000e-12    -0.0111   100.2786      98.68    187.211     4.3028 3.0310e+03          1         27 0.0000e+00
   32.90164  -65.86492    17.9783   4.773032    36.5153    192.534    193.990    17.9783   4.773051    36.5155     0.0211 1.0000e-12    -0.0106   100.2669      98.70    186.204     4.2796 3.0297e+03          1         33 0.0000e+00
