Data/ruptures/KN207-01/QL-2/20701081.cnv
* Sea-Bird SBE 9 Data File:
* FileName = C:\Data\ctd\20701081.hex
* Software Version Seasave V 7.21e
* Temperature SN = 4406
* Conductivity SN = 1474
* Number of Bytes Per Scan = 40
* Number of Voltage Words = 5
* Number of Scans Averaged by the Deck Unit = 1
* NMEA Latitude = 33 13.21 N
* NMEA Longitude = 065 41.49 W
* NMEA UTC (Time) = May 03 2012 11:10:02
** R/V Knorr Cruise # KN207-01 QL 2
** Chief Scientist: Ben Van Mooy
# nquan = 21
# nvalues = 398                         
# units = specified
# name 0 = latitude: Latitude [deg]
# name 1 = longitude: Longitude [deg]
# name 2 = t090C: Temperature [ITS-90, deg C]
# name 3 = c0S/m: Conductivity [S/m]
# name 4 = sal00: Salinity, Practical [PSU]
# name 5 = depSM: Depth [salt water, m]
# name 6 = prDM: Pressure, Digiquartz [db]
# name 7 = t190C: Temperature, 2 [ITS-90, deg C]
# name 8 = c1S/m: Conductivity, 2 [S/m]
# name 9 = sal11: Salinity, Practical, 2 [PSU]
# name 10 = flECO-AFL: Fluorescence, WET Labs ECO-AFL/FL [mg/m^3]
# name 11 = par: PAR/Irradiance, Biospherical/Licor
# name 12 = bat: Beam Attenuation, Chelsea/Seatech [1/m]
# name 13 = xmiss: Beam Transmission, Chelsea/Seatech [%]
# name 14 = altM: Altimeter [m]
# name 15 = sbeox0Mm/Kg: Oxygen, SBE 43 [umol/kg]
# name 16 = sbeox0ML/L: Oxygen, SBE 43 [ml/l]
# name 17 = spar: SPAR/Surface Irradiance
# name 18 = pumps: Pump Status
# name 19 = nbin: number of scans per bin
# name 20 = flag: flag
# span 0 =   33.21998,   33.22023       
# span 1 =  -65.69165,  -65.69100       
# span 2 =    18.1499,    20.3168       
# span 3 =   4.792699,   5.022445       
# span 4 =    36.5286,    36.6208       
# span 5 =      3.062,    200.268       
# span 6 =      3.084,    201.792       
# span 7 =    18.1470,    20.3166       
# span 8 =   4.792483,   5.022534       
# span 9 =    36.5275,    36.6225       
# span 10 =     0.0177,     0.8470      
# span 11 = 1.0000e-12, 1.0000e-12      
# span 12 =    -0.0119,     0.0744      
# span 13 =    98.1565,   100.2979      
# span 14 =       1.03,      98.81      
# span 15 =    185.880,    222.118      
# span 16 =     4.2720,     5.1033      
# span 17 = 1.8283e+02, 2.8743e+02      
# span 18 =          1,          1      
# span 19 =         16,        643      
# span 20 = 0.0000e+00, 0.0000e+00      
# interval = decibars: 1                
# start_time = May 03 2012 11:10:02 [NMEA time, header]
# bad_flag = -9.990e-29
*END*
[from data line 276]
   33.22004  -65.69138    19.3785   4.925843    36.5954    123.151    124.065    19.3788   4.925960    36.5961     0.1620 1.0000e-12     0.0001    99.9981      98.74    212.031     4.8718 2.8654e+02          1         35 0.0000e+00
   33.22004  -65.69138    19.3789   4.925827    36.5953    122.149    123.055    19.3790   4.925928    36.5960     0.1570 1.0000e-12     0.0000    99.9996      98.74    211.458     4.8587 2.8743e+02          1         21 0.0000e+00
   33.22004  -65.69138    19.3792   4.925809    36.5953    121.101    122.000    19.3793   4.925896    36.5959     0.1740 1.0000e-12    -0.0004   100.0102      98.74    211.256     4.8540 2.8651e+02          1         18 0.0000e+00
   33.22002  -65.69136    19.3794   4.925812    36.5954    120.079    120.969    19.3799   4.925884    36.5957     0.1986 1.0000e-12    -0.0002   100.0055      98.74    211.581     4.8615 2.8608e+02          1         16 0.0000e+00
   33.22002  -65.69136    19.3805   4.925862    36.5953    119.076    119.958    19.3809   4.925987    36.5960     0.1632 1.0000e-12     0.0004    99.9918      98.74    211.928     4.8694 2.8564e+02          1         19 0.0000e+00
   33.22002  -65.69136    19.3806   4.925846    36.5954    118.082    118.957    19.3808   4.925936    36.5961     0.1682 1.0000e-12     0.0039    99.9035      98.73    211.792     4.8663 2.8577e+02          1         27 0.0000e+00
   33.22002  -65.69136    19.3810   4.925834    36.5953    117.145    118.012    19.3812   4.925896    36.5957     0.1864 1.0000e-12     0.0024    99.9405      98.74    211.725     4.8648 2.8606e+02          1         33 0.0000e+00
   33.22002  -65.69136    19.3812   4.925772    36.5951    116.166    117.026    19.3810   4.925835    36.5957     0.2042 1.0000e-12     0.0040    99.9002      98.74    211.693     4.8641 2.8623e+02          1         25 0.0000e+00
   33.22004  -65.69136    19.3810   4.925697    36.5950    115.165    116.017    19.3812   4.925759    36.5954     0.2026 1.0000e-12     0.0032    99.9210      98.74    211.381     4.8569 2.8664e+02          1         22 0.0000e+00
   33.22004  -65.69136    19.3808   4.925550    36.5943    114.146    114.990    19.3806   4.925577    36.5947     0.2261 1.0000e-12     0.0029    99.9283      98.74    212.171     4.8750 2.8598e+02          1         24 0.0000e+00
   33.22004  -65.69136    19.3802   4.925375    36.5938    113.176    114.014    19.3797   4.925417    36.5946     0.2418 1.0000e-12     0.0034    99.9165      98.74    212.412     4.8806 2.8610e+02          1         23 0.0000e+00
   33.22004  -65.69136    19.3795   4.925198    36.5933    112.185    113.014    19.3784   4.925126    36.5937     0.2294 1.0000e-12     0.0018    99.9541      98.73    212.114     4.8737 2.8636e+02          1         24 0.0000e+00
   33.22004  -65.69136    19.3785   4.924968    36.5927    111.162    111.983    19.3780   4.924974    36.5931     0.2129 1.0000e-12     0.0017    99.9573      98.75    211.673     4.8636 2.8654e+02          1         24 0.0000e+00
   33.22002  -65.69136    19.3780   4.924811    36.5922    110.191    111.006    19.3777   4.924846    36.5927     0.2398 1.0000e-12     0.0022    99.9455      98.74    211.777     4.8660 2.8636e+02          1         24 0.0000e+00
   33.22002  -65.69136    19.3781   4.924739    36.5919    109.182    109.989    19.3786   4.924843    36.5923     0.2277 1.0000e-12     0.0035    99.9146      98.75    211.469     4.8589 2.8632e+02          1         25 0.0000e+00
   33.22002  -65.69136    19.3790   4.924770    36.5917    108.190    108.989    19.3805   4.925004    36.5923     0.2268 1.0000e-12     0.0039    99.9042      98.74    211.120     4.8509 2.8630e+02          1         23 0.0000e+00
   33.22002  -65.69136    19.3810   4.924952    36.5918    107.204    107.995    19.3829   4.925269    36.5927     0.2141 1.0000e-12     0.0040    99.8994      98.74    210.680     4.8408 2.8682e+02          1         24 0.0000e+00
   33.22002  -65.69136    19.3849   4.925390    36.5923    106.228    107.012    19.3860   4.925579    36.5929     0.2279 1.0000e-12     0.0081    99.7966      98.74    211.000     4.8481 2.8580e+02          1         24 0.0000e+00
   33.22002  -65.69134    19.3856   4.925457    36.5927    105.214    105.990    19.3878   4.925801    36.5935     0.2516 1.0000e-12     0.0053    99.8685      98.74    211.648     4.8630 2.8573e+02          1         21 0.0000e+00
   33.22002  -65.69134    19.3885   4.925777    36.5931    104.192    104.960    19.3892   4.925930    36.5938     0.2506 1.0000e-12     0.0058    99.8533      98.74    211.911     4.8690 2.8562e+02          1         22 0.0000e+00
   33.22002  -65.69134    19.3891   4.925798    36.5931    103.197    103.958    19.3895   4.925922    36.5938     0.2510 1.0000e-12     0.0064    99.8382      98.74    211.349     4.8561 2.8581e+02          1         23 0.0000e+00
   33.22002  -65.69134    19.3897   4.925857    36.5934    102.240    102.993    19.3895   4.925889    36.5939     0.2445 1.0000e-12     0.0064    99.8389      98.74    210.933     4.8466 2.8590e+02          1         29 0.0000e+00
   33.22002  -65.69134    19.3898   4.925815    36.5934    101.278    102.024    19.3897   4.925864    36.5939     0.2629 1.0000e-12     0.0064    99.8398      98.75    211.924     4.8693 2.8614e+02          1         29 0.0000e+00
   33.22002  -65.69134    19.3899   4.925777    36.5934    100.294    101.033    19.3906   4.925905    36.5938     0.2742 1.0000e-12     0.0075    99.8122      98.74    211.995     4.8710 2.8584e+02          1         21 0.0000e+00
   33.22002  -65.69134    19.3908   4.925828    36.5934     99.292    100.023    19.3909   4.925903    36.5939     0.2553 1.0000e-12     0.0068    99.8311      98.75    211.670     4.8635 2.8572e+02          1         22 0.0000e+00
   33.22002  -65.69134    19.3910   4.925796    36.5934     98.274     98.998    19.3908   4.925855    36.5941     0.2824 1.0000e-12     0.0059    99.8510      98.74    211.584     4.8615 2.8574e+02          1         30 0.0000e+00
   33.22002  -65.69134    19.3912   4.925781    36.5934     97.448     98.165    19.3914   4.925873    36.5940     0.2516 1.0000e-12     0.0058    99.8541      98.74    211.619     4.8623 2.8596e+02          1         66 0.0000e+00
   33.22002  -65.69134    19.3918   4.925780    36.5933     96.278     96.987    19.3919   4.925839    36.5937     0.2581 1.0000e-12     0.0061    99.8460      98.75    212.013     4.8714 2.8544e+02          1         29 0.0000e+00
   33.22002  -65.69133    19.3921   4.925759    36.5933     95.177     95.877    19.3920   4.925820    36.5939     0.2570 1.0000e-12     0.0063    99.8426      98.74    211.462     4.8587 2.8546e+02          1        104 0.0000e+00
   33.22002  -65.69132    19.3920   4.925692    36.5931     94.333     95.027    19.3925   4.925787    36.5936     0.2512 1.0000e-12     0.0069    99.8263      98.75    211.656     4.8632 2.8552e+02          1         37 0.0000e+00
   33.22002  -65.69132    19.3933   4.925775    36.5931     93.318     94.004    19.3930   4.925794    36.5935     0.2695 1.0000e-12     0.0061    99.8463      98.75    211.505     4.8597 2.8484e+02          1         33 0.0000e+00
   33.22002  -65.69132    19.3941   4.925819    36.5931     92.294     92.972    19.3935   4.925820    36.5937     0.2741 1.0000e-12     0.0073    99.8184      98.75    211.402     4.8573 2.8356e+02          1         41 0.0000e+00
   33.22002  -65.69132    19.3970   4.926123    36.5935     91.218     91.887    19.3977   4.926262    36.5940     0.2768 1.0000e-12     0.0091    99.7735      98.75    211.760     4.8656 2.8362e+02          1         94 0.0000e+00
   33.22002  -65.69132    19.3991   4.926336    36.5937     90.465     91.129    19.3993   4.926420    36.5943     0.3300 1.0000e-12     0.0103    99.7423      98.75    211.395     4.8572 2.8368e+02          1         52 0.0000e+00
   33.22002  -65.69132    19.3994   4.926320    36.5938     89.391     90.047    19.3997   4.926396    36.5941     0.2981 1.0000e-12     0.0105    99.7377      98.76    211.523     4.8601 2.8329e+02          1         24 0.0000e+00
   33.22002  -65.69132    19.4001   4.926363    36.5939     88.349     88.997    19.3998   4.926396    36.5944     0.2805 1.0000e-12     0.0107    99.7329      98.75    212.114     4.8737 2.8243e+02          1         26 0.0000e+00
   33.22002  -65.69130    19.3999   4.926303    36.5939     87.575     88.217    19.3998   4.926366    36.5945     0.2905 1.0000e-12     0.0116    99.7110      98.75    212.021     4.8716 2.8205e+02          1         97 0.0000e+00
   33.22000  -65.69127    19.4014   4.926437    36.5941     86.537     87.171    19.4014   4.926499    36.5946     0.3677 1.0000e-12     0.0127    99.6826      98.75    211.987     4.8708 2.7726e+02          1        316 0.0000e+00
   33.22000  -65.69126    19.4021   4.926450    36.5940     85.442     86.069    19.4020   4.926499    36.5945     0.3529 1.0000e-12     0.0132    99.6716      98.75    211.990     4.8708 2.7225e+02          1         39 0.0000e+00
   33.22000  -65.69124    19.4020   4.926414    36.5942     84.565     85.185    19.4019   4.926469    36.5947     0.3579 1.0000e-12     0.0130    99.6747      98.75    212.117     4.8738 2.7151e+02          1        127 0.0000e+00
   33.22000  -65.69124    19.4028   4.926460    36.5942     83.360     83.971    19.4027   4.926492    36.5946     0.3603 1.0000e-12     0.0142    99.6451      98.75    211.942     4.8697 2.6991e+02          1         34 0.0000e+00
   33.22000  -65.69124    19.4031   4.926457    36.5943     82.535     83.139    19.4033   4.926543    36.5949     0.3598 1.0000e-12     0.0170    99.5762      98.75    212.242     4.8766 2.6822e+02          1        123 0.0000e+00
   33.21999  -65.69124    19.4040   4.926466    36.5940     81.363     81.958    19.4040   4.926534    36.5946     0.4000 1.0000e-12     0.0203    99.4954      98.75    212.460     4.8816 2.6683e+02          1         34 0.0000e+00
   33.21999  -65.69123    19.4038   4.926388    36.5939     80.602     81.192    19.4036   4.926440    36.5945     0.4105 1.0000e-12     0.0200    99.5011      98.75    212.078     4.8729 2.6520e+02          1        105 0.0000e+00
   33.22000  -65.69122    19.4041   4.926338    36.5937     79.347     79.927    19.4040   4.926391    36.5942     0.4427 1.0000e-12     0.0211    99.4747      98.76    212.108     4.8735 2.6355e+02          1         48 0.0000e+00
   33.22000  -65.69122    19.4048   4.926396    36.5938     78.700     79.276    19.4049   4.926484    36.5944     0.4634 1.0000e-12     0.0235    99.4154      98.76    212.174     4.8751 2.6259e+02          1         95 0.0000e+00
   33.21999  -65.69121    19.4064   4.926542    36.5941     77.281     77.846    19.4066   4.926629    36.5947     0.4742 1.0000e-12     0.0291    99.2763      98.76    212.440     4.8812 2.6033e+02          1        165 0.0000e+00
   33.21999  -65.69119    19.4116   4.927140    36.5948     76.724     77.284    19.4115   4.927209    36.5953     0.5815 1.0000e-12     0.0356    99.1138      98.76    212.519     4.8830 2.5552e+02          1        193 0.0000e+00
   33.21998  -65.69118    19.4128   4.927230    36.5949     75.421     75.972    19.4127   4.927276    36.5954     0.5836 1.0000e-12     0.0397    99.0120      98.77    213.065     4.8955 2.5172e+02          1         33 0.0000e+00
   33.21998  -65.69118    19.4128   4.927180    36.5950     74.341     74.884    19.4126   4.927232    36.5956     0.5976 1.0000e-12     0.0409    98.9828      98.76    213.095     4.8962 2.5120e+02          1         88 0.0000e+00
   33.21998  -65.69118    19.4128   4.927108    36.5946     73.513     74.049    19.4129   4.927182    36.5952     0.6043 1.0000e-12     0.0415    98.9668      98.77    213.035     4.8948 2.5011e+02          1         32 0.0000e+00
   33.21998  -65.69116    19.4146   4.927224    36.5944     72.468     72.996    19.4148   4.927267    36.5946     0.6037 1.0000e-12     0.0480    98.8062      98.76    212.837     4.8903 2.5001e+02          1         25 0.0000e+00
   33.21998  -65.69116    19.4169   4.927408    36.5942     71.447     71.968    19.4168   4.927444    36.5946     0.6428 1.0000e-12     0.0531    98.6805      98.77    213.143     4.8973 2.4983e+02          1         35 0.0000e+00
   33.21998  -65.69116    19.4180   4.927493    36.5943     70.522     71.037    19.4180   4.927555    36.5949     0.7097 1.0000e-12     0.0579    98.5619      98.76    214.049     4.9181 2.4910e+02          1         73 0.0000e+00
   33.21998  -65.69116    19.4185   4.927472    36.5941     69.542     70.049    19.4178   4.927475    36.5948     0.7480 1.0000e-12     0.0611    98.4841      98.76    214.487     4.9282 2.4812e+02          1         47 0.0000e+00
   33.21998  -65.69116    19.4173   4.927148    36.5929     68.518     69.017    19.4171   4.927174    36.5933     0.7363 1.0000e-12     0.0645    98.4002      98.76    214.246     4.9226 2.4809e+02          1         41 0.0000e+00
   33.21998  -65.69116    19.4146   4.926587    36.5911     67.483     67.974    19.4148   4.926738    36.5921     0.8029 1.0000e-12     0.0695    98.2766      98.76    214.125     4.9199 2.4765e+02          1         43 0.0000e+00
   33.21998  -65.69116    19.4146   4.926479    36.5905     66.506     66.991    19.4144   4.926540    36.5912     0.8470 1.0000e-12     0.0734    98.1825      98.77    214.341     4.9248 2.4679e+02          1         66 0.0000e+00
   33.21998  -65.69116    19.4178   4.926750    36.5902     65.566     66.043    19.4172   4.926741    36.5908     0.8210 1.0000e-12     0.0725    98.2041      98.77    214.101     4.9193 2.4603e+02          1         37 0.0000e+00
   33.21998  -65.69116    19.4220   4.927151    36.5902     64.528     64.998    19.4231   4.927274    36.5902     0.7354 1.0000e-12     0.0709    98.2431      98.77    214.499     4.9284 2.4593e+02          1         32 0.0000e+00
   33.21998  -65.69116    19.4273   4.927657    36.5901     63.402     63.864    19.4265   4.927644    36.5907     0.7418 1.0000e-12     0.0693    98.2834      98.77    215.913     4.9609 2.4553e+02          1         71 0.0000e+00
   33.21998  -65.69114    19.4279   4.927629    36.5897     62.619     63.074    19.4276   4.927662    36.5902     0.5943 1.0000e-12     0.0649    98.3915      98.77    215.696     4.9559 2.4493e+02          1         51 0.0000e+00
   33.21998  -65.69114    19.4311   4.927848    36.5892     61.520     61.967    19.4314   4.927913    36.5894     0.5458 1.0000e-12     0.0656    98.3734      98.77    216.440     4.9730 2.4524e+02          1         34 0.0000e+00
   33.21998  -65.69114    19.4353   4.928217    36.5888     60.526     60.966    19.4355   4.928279    36.5891     0.5493 1.0000e-12     0.0642    98.4070      98.77    216.441     4.9730 2.4479e+02          1         42 0.0000e+00
   33.21998  -65.69114    19.4348   4.928027    36.5881     59.580     60.013    19.4347   4.928113    36.5889     0.5370 1.0000e-12     0.0638    98.4166      98.77    216.914     4.9839 2.4339e+02          1         62 0.0000e+00
   33.21998  -65.69114    19.4368   4.928086    36.5873     58.585     59.010    19.4365   4.928141    36.5880     0.5246 1.0000e-12     0.0616    98.4726      98.77    217.432     4.9958 2.4328e+02          1         47 0.0000e+00
   33.21998  -65.69114    19.4425   4.928686    36.5876     57.598     58.016    19.4419   4.928649    36.5878     0.4528 1.0000e-12     0.0633    98.4290      98.77    217.672     5.0013 2.4304e+02          1         43 0.0000e+00
   33.21998  -65.69114    19.4487   4.929394    36.5884     56.543     56.954    19.4466   4.929191    36.5885     0.4639 1.0000e-12     0.0612    98.4822      98.77    217.679     5.0014 2.4190e+02          1         43 0.0000e+00
