Data/ruptures/KN207-01/QL-2/20701060.cnv
* Sea-Bird SBE 9 Data File:
* FileName = C:\Data\ctd\20701060.hex
* Software Version Seasave V 7.21e
* Temperature SN = 4406
* Conductivity SN = 1474
* Number of Bytes Per Scan = 40
* Number of Voltage Words = 5
* Number of Scans Averaged by the Deck Unit = 1
* NMEA Latitude = 32 54.34 N
* NMEA Longitude = 065 52.83 W
* NMEA UTC (Time) = Apr 30 2012 16:27:24
** R/V Knorr Cruise # KN207-01 QL 2
** Chief Scientist: Ben Van Mooy
# nquan = 21
# nvalues = 398                         
# units = specified
# name 0 = latitude: Latitude [deg]
# name 1 = longitude: Longitude [deg]
# name 2 = t090C: Temperature [ITS-90, deg C]
# name 3 = c0S/m: Conductivity [S/m]
# name 4 = sal00: Salinity, Practical [PSU]
# name 5 = depSM: Depth [salt water, m]
# name 6 = prDM: Pressure, Digiquartz [db]
# name 7 = t190C: Temperature, 2 [ITS-90, deg C]
# name 8 = c1S/m: Conductivity, 2 [S/m]
# name 9 = sal11: Salinity, Practical, 2 [PSU]
# name 10 = flECO-AFL: Fluorescence, WET Labs ECO-AFL/FL [mg/m^3]
# name 11 = par: PAR/Irradiance, Biospherical/Licor
# name 12 = bat: Beam Attenuation, Chelsea/Seatech [1/m]
# name 13 = xmiss: Beam Transmission, Chelsea/Seatech [%]
# name 14 = altM: Altimeter [m]
# name 15 = sbeox0Mm/Kg: Oxygen, SBE 43 [umol/kg]
# name 16 = sbeox0ML/L: Oxygen, SBE 43 [ml/l]
# name 17 = spar: SPAR/Surface Irradiance
# name 18 = pumps: Pump Status
# name 19 = nbin: number of scans per bin
# name 20 = flag: flag
# span 0 =   32.90500,   32.90584       
# span 1 =  -65.88196,  -65.88067       
# span 2 =    18.1416,    20.4056       
# span 3 =   4.434765,   5.030000       
# span 4 =    31.7891,    36.9372       
# span 5 =      3.164,    200.135       
# span 6 =      3.186,    201.652       
# span 7 =    18.1456,    20.4051       
# span 8 =   4.791164,   5.030014       
# span 9 =    35.7283,    36.9319       
# span 10 =     0.0124,     0.7348      
# span 11 = 1.0000e-12, 1.1585e-01      
# span 12 =    -0.0091,     0.0712      
# span 13 =    98.2354,   100.2279      
# span 14 =       3.77,      98.84      
# span 15 =    134.927,    386.388      
# span 16 =     3.1002,     8.8745      
# span 17 = 1.3604e+03, 3.6782e+03      
# span 18 =          1,          1      
# span 19 =         15,       1823      
# span 20 = 0.0000e+00, 0.0000e+00      
# interval = decibars: 1                
# start_time = Apr 30 2012 16:27:24 [NMEA time, header]
# bad_flag = -9.990e-29
*END*
[from data line 276]
   32.90554  -65.88134    19.3717   4.924898    36.5935    123.054    123.964    19.3718   4.924982    36.5941     0.1530 4.0528e-02     0.0063    99.8426      98.73    212.359     4.8794 1.7882e+03          1         25 0.0000e+00
   32.90554  -65.88134    19.3719   4.924874    36.5935    122.092    122.995    19.3717   4.924924    36.5941     0.1704 3.9689e-02     0.0072    99.8197      98.73    212.376     4.8797 1.7913e+03          1         27 0.0000e+00
   32.90554  -65.88134    19.3719   4.924822    36.5935    121.131    122.026    19.3717   4.924875    36.5941     0.2107 3.6727e-02     0.0088    99.7809      98.73    211.739     4.8651 1.7901e+03          1         25 0.0000e+00
   32.90554  -65.88134    19.3721   4.924801    36.5935    120.111    120.999    19.3719   4.924848    36.5940     0.2060 3.6546e-02     0.0072    99.8206      98.74    212.006     4.8712 1.7929e+03          1         22 0.0000e+00
   32.90554  -65.88134    19.3724   4.924806    36.5936    119.094    119.974    19.3724   4.924866    36.5941     0.1827 3.6468e-02     0.0084    99.7890      98.73    212.304     4.8781 1.8027e+03          1         22 0.0000e+00
   32.90554  -65.88134    19.3728   4.924799    36.5936    118.138    119.010    19.3728   4.924859    36.5941     0.1933 3.6306e-02     0.0090    99.7755      98.74    212.054     4.8724 1.8146e+03          1         21 0.0000e+00
   32.90554  -65.88134    19.3729   4.924775    36.5937    117.131    117.995    19.3726   4.924817    36.5942     0.2225 3.6746e-02     0.0090    99.7750      98.73    212.087     4.8731 1.8243e+03          1         27 0.0000e+00
   32.90554  -65.88134    19.3732   4.924756    36.5936    116.130    116.987    19.3726   4.924773    36.5943     0.2439 3.6775e-02     0.0096    99.7597      98.74    212.365     4.8795 1.8268e+03          1         27 0.0000e+00
   32.90554  -65.88134    19.3735   4.924752    36.5937    115.146    115.995    19.3734   4.924804    36.5942     0.2843 3.6847e-02     0.0084    99.7912      98.73    212.134     4.8742 1.8289e+03          1         25 0.0000e+00
   32.90554  -65.88134    19.3742   4.924800    36.5939    114.143    114.984    19.3736   4.924789    36.5943     0.2883 3.6869e-02     0.0084    99.7891      98.73    212.251     4.8769 1.8346e+03          1         23 0.0000e+00
   32.90554  -65.88134    19.3745   4.924822    36.5941    113.168    114.002    19.3742   4.924817    36.5944     0.2770 3.6708e-02     0.0096    99.7608      98.73    212.502     4.8826 1.8436e+03          1         21 0.0000e+00
   32.90552  -65.88134    19.3750   4.924839    36.5942    112.171    112.997    19.3745   4.924831    36.5946     0.2828 3.5731e-02     0.0092    99.7704      98.73    212.027     4.8717 1.8548e+03          1         26 0.0000e+00
   32.90552  -65.88134    19.3752   4.924818    36.5942    111.158    111.976    19.3749   4.924848    36.5948     0.2563 3.5086e-02     0.0092    99.7700      98.73    212.121     4.8739 1.8646e+03          1         28 0.0000e+00
   32.90552  -65.88134    19.3756   4.924807    36.5942    110.189    111.000    19.3754   4.924862    36.5948     0.2561 3.5033e-02     0.0103    99.7444      98.73    212.259     4.8770 1.8680e+03          1         23 0.0000e+00
   32.90552  -65.88134    19.3761   4.924847    36.5945    109.210    110.014    19.3756   4.924861    36.5950     0.2819 3.4977e-02     0.0112    99.7201      98.73    211.869     4.8681 1.8695e+03          1         22 0.0000e+00
   32.90552  -65.88134    19.3766   4.924859    36.5945    108.183    108.979    19.3760   4.924862    36.5951     0.2523 3.4815e-02     0.0113    99.7187      98.73    212.110     4.8736 1.8744e+03          1         23 0.0000e+00
   32.90552  -65.88136    19.3771   4.924884    36.5946    107.177    107.965    19.3768   4.924914    36.5951     0.2596 3.4478e-02     0.0120    99.7008      98.73    212.310     4.8782 1.8853e+03          1         25 0.0000e+00
   32.90552  -65.88136    19.3774   4.924867    36.5946    106.143    106.924    19.3770   4.924893    36.5952     0.3279 3.4480e-02     0.0173    99.5698      98.73    212.396     4.8802 1.8998e+03          1         33 0.0000e+00
   32.90552  -65.88136    19.3788   4.924974    36.5947    105.256    106.029    19.3781   4.924991    36.5953     0.3218 3.4563e-02     0.0231    99.4236      98.73    212.348     4.8791 1.9097e+03          1         34 0.0000e+00
   32.90552  -65.88136    19.3786   4.924915    36.5947    104.211    104.977    19.3782   4.924963    36.5954     0.3394 3.4711e-02     0.0155    99.6143      98.73    212.539     4.8835 1.9165e+03          1         32 0.0000e+00
   32.90550  -65.88136    19.3794   4.924988    36.5950    103.210    103.968    19.3791   4.925028    36.5955     0.3956 3.4786e-02     0.0177    99.5592      98.73    212.301     4.8780 1.9357e+03          1         78 0.0000e+00
   32.90549  -65.88136    19.3796   4.924951    36.5949    102.244    102.995    19.3794   4.925007    36.5955     0.4104 3.4893e-02     0.0184    99.5406      98.73    212.533     4.8833 1.9631e+03          1         59 0.0000e+00
   32.90548  -65.88136    19.3801   4.924968    36.5949    101.326    102.070    19.3805   4.925084    36.5955     0.5021 3.5168e-02     0.0212    99.4729      98.73    212.782     4.8891 2.0041e+03          1        114 0.0000e+00
   32.90548  -65.88138    19.3808   4.924990    36.5949    100.334    101.070    19.3809   4.925078    36.5955     0.5088 3.5347e-02     0.0219    99.4545      98.73    212.699     4.8872 2.0465e+03          1         83 0.0000e+00
   32.90548  -65.88138    19.3816   4.925050    36.5950     99.402    100.132    19.3817   4.925135    36.5957     0.5187 4.7547e-02     0.0236    99.4122      98.73    212.496     4.8825 2.0665e+03          1         91 0.0000e+00
   32.90547  -65.88138    19.3822   4.925073    36.5951     98.287     99.008    19.3821   4.925130    36.5957     0.4990 5.1406e-02     0.0262    99.3480      98.73    213.107     4.8965 2.0949e+03          1        104 0.0000e+00
   32.90541  -65.88142    19.3843   4.925267    36.5953     97.336     98.049    19.3842   4.925329    36.5959     0.6050 2.8529e-02     0.0290    99.2765      98.21    213.159     4.8977 2.3781e+03          1       1823 0.0000e+00
   32.90536  -65.88146    19.3852   4.925284    36.5951     96.274     96.980    19.3852   4.925367    36.5958     0.5739 2.8240e-02     0.0327    99.1870      98.74    213.085     4.8960 2.6202e+03          1         30 0.0000e+00
   32.90536  -65.88146    19.3850   4.925234    36.5952     95.149     95.846    19.3851   4.925324    36.5959     0.5863 2.8138e-02     0.0335    99.1669      98.75    213.134     4.8971 2.6534e+03          1         68 0.0000e+00
   32.90536  -65.88146    19.3850   4.925213    36.5953     94.401     95.093    19.3850   4.925272    36.5959     0.7348 2.8032e-02     0.0331    99.1742      98.75    213.329     4.9016 2.6496e+03          1         54 0.0000e+00
   32.90534  -65.88148    19.3855   4.925204    36.5952     93.306     93.989    19.3856   4.925281    36.5957     0.5974 2.7869e-02     0.0400    99.0062      98.75    213.577     4.9073 2.6145e+03          1         30 0.0000e+00
   32.90534  -65.88148    19.3875   4.925368    36.5952     92.261     92.936    19.3870   4.925391    36.5958     0.6026 2.6556e-02     0.0342    99.1488      98.75    213.136     4.8972 2.6288e+03          1         44 0.0000e+00
   32.90534  -65.88148    19.3878   4.925378    36.5954     91.424     92.093    19.3875   4.925414    36.5959     0.6439 2.5293e-02     0.0381    99.0524      98.75    213.844     4.9135 2.6806e+03          1         71 0.0000e+00
   32.90534  -65.88148    19.3881   4.925351    36.5952     90.359     91.020    19.3887   4.925465    36.5956     0.6744 2.3808e-02     0.0381    99.0530      98.75    213.744     4.9112 2.7104e+03          1         31 0.0000e+00
   32.90534  -65.88148    19.3903   4.925523    36.5951     89.311     89.964    19.3909   4.925635    36.5955     0.6421 2.1271e-02     0.0391    99.0269      98.74    213.293     4.9008 2.7042e+03          1         36 0.0000e+00
   32.90534  -65.88148    19.3914   4.925607    36.5952     88.392     89.039    19.3917   4.925699    36.5957     0.6454 1.2536e-02     0.0378    99.0593      98.74    214.029     4.9177 2.7839e+03          1         62 0.0000e+00
   32.90534  -65.88148    19.3917   4.925575    36.5951     87.374     88.013    19.3916   4.925619    36.5956     0.6627 7.3421e-03     0.0402    99.0009      98.75    214.104     4.9194 3.0062e+03          1         44 0.0000e+00
   32.90533  -65.88149    19.3924   4.925609    36.5952     86.354     86.985    19.3930   4.925715    36.5955     0.6535 5.5337e-03     0.0377    99.0632      98.75    213.960     4.9161 3.0488e+03          1         67 0.0000e+00
   32.90532  -65.88150    19.3933   4.925660    36.5951     85.427     86.051    19.3938   4.925741    36.5954     0.6796 1.1573e-04     0.0403    98.9983      98.74    214.260     4.9230 3.0331e+03          1         36 0.0000e+00
   32.90532  -65.88150    19.3947   4.925735    36.5949     84.379     84.995    19.3952   4.925837    36.5953     0.5935 1.0000e-12     0.0388    99.0348      98.75    214.714     4.9334 3.0382e+03          1         26 0.0000e+00
   32.90532  -65.88150    19.3953   4.925763    36.5950     83.276     83.884    19.3954   4.925839    36.5955     0.5788 1.0000e-12     0.0408    98.9854      98.74    215.123     4.9428 3.0713e+03          1         55 0.0000e+00
   32.90532  -65.88150    19.3954   4.925738    36.5950     82.536     83.139    19.3953   4.925796    36.5956     0.5743 1.0000e-12     0.0403    98.9976      98.74    215.504     4.9516 3.0276e+03          1         71 0.0000e+00
   32.90532  -65.88150    19.3955   4.925695    36.5950     81.430     82.024    19.3956   4.925743    36.5953     0.5664 1.0000e-12     0.0421    98.9535      98.74    215.088     4.9420 3.0325e+03          1         31 0.0000e+00
   32.90532  -65.88150    19.3959   4.925640    36.5946     80.371     80.957    19.3958   4.925699    36.5952     0.5796 1.0000e-12     0.0404    98.9946      65.96    214.988     4.9397 3.0315e+03          1         39 0.0000e+00
   32.90532  -65.88150    19.3960   4.925609    36.5947     79.421     80.000    19.3960   4.925681    36.5952     0.6226 1.0000e-12     0.0393    99.0212      98.74    215.416     4.9496 3.0384e+03          1         69 0.0000e+00
   32.90530  -65.88150    19.3963   4.925600    36.5947     78.480     79.052    19.3964   4.925674    36.5952     0.6336 1.0000e-12     0.0394    99.0209      98.75    215.493     4.9513 3.0607e+03          1         40 0.0000e+00
   32.90530  -65.88150    19.3978   4.925724    36.5948     77.429     77.993    19.3982   4.925813    36.5951     0.5967 1.0000e-12     0.0412    98.9767      98.75    215.298     4.9468 3.0841e+03          1         34 0.0000e+00
   32.90530  -65.88150    19.3992   4.925840    36.5948     76.358     76.914    19.3989   4.925875    36.5954     0.5771 1.0000e-12     0.0459    98.8594      98.75    214.721     4.9336 3.0475e+03          1         57 0.0000e+00
   32.90530  -65.88152    19.4002   4.925919    36.5950     75.526     76.076    19.3993   4.925880    36.5954     0.5291 1.0000e-12     0.0392    99.0231      98.75    215.512     4.9518 3.0619e+03          1         50 0.0000e+00
   32.90530  -65.88152    19.4009   4.925930    36.5949     74.445     74.987    19.4010   4.926003    36.5953     0.4980 1.0000e-12     0.0388    99.0342      98.76    215.960     4.9621 3.1010e+03          1         54 0.0000e+00
   32.90530  -65.88152    19.4028   4.926088    36.5948     73.578     74.114    19.4031   4.926159    36.5952     0.4871 1.0000e-12     0.0390    99.0302      98.75    216.516     4.9748 3.0908e+03          1         46 0.0000e+00
   32.90530  -65.88152    19.4055   4.926313    36.5947     72.480     73.007    19.4066   4.926458    36.5949     0.4433 1.0000e-12     0.0396    99.0157      98.75    216.585     4.9764 3.0531e+03          1         31 0.0000e+00
   32.90530  -65.88152    19.4084   4.926558    36.5945     71.403     71.922    19.4089   4.926646    36.5949     0.4138 1.0000e-12     0.0402    99.0001      98.74    216.231     4.9683 3.0284e+03          1         38 0.0000e+00
   32.90528  -65.88152    19.4091   4.926585    36.5945     70.539     71.051    19.4090   4.926636    36.5950     0.4155 1.0000e-12     0.0394    99.0190      98.75    216.696     4.9789 3.0851e+03          1         72 0.0000e+00
   32.90528  -65.88152    19.4096   4.926575    36.5945     69.504     70.009    19.4093   4.926615    36.5950     0.4214 1.0000e-12     0.0385    99.0419      98.75    216.152     4.9664 3.2104e+03          1         46 0.0000e+00
   32.90528  -65.88154    19.4105   4.926622    36.5944     68.570     69.068    19.4107   4.926686    36.5948     0.4200 1.0000e-12     0.0406    98.9911      85.50    216.440     4.9731 3.3327e+03          1         47 0.0000e+00
   32.90528  -65.88154    19.4126   4.926767    36.5942     67.509     67.999    19.4119   4.926745    36.5946     0.4019 1.0000e-12     0.0420    98.9562      34.97    216.493     4.9743 3.4325e+03          1         36 0.0000e+00
   32.90528  -65.88153    19.4152   4.927008    36.5943     66.453     66.935    19.4145   4.926984    36.5947     0.4121 1.8751e-02     0.0437    98.9131      69.41    216.448     4.9733 3.4856e+03          1         58 0.0000e+00
   32.90528  -65.88152    19.4164   4.927091    36.5942     65.562     66.037    19.4165   4.927150    36.5947     0.3954 4.2504e-02     0.0412    98.9744      98.75    216.570     4.9760 3.4996e+03          1         49 0.0000e+00
   32.90528  -65.88152    19.4177   4.927172    36.5942     64.550     65.018    19.4185   4.927315    36.5946     0.3878 3.9199e-02     0.0426    98.9390      98.76    216.774     4.9807 3.3988e+03          1         35 0.0000e+00
   32.90527  -65.88153    19.4215   4.927513    36.5940     63.489     63.949    19.4209   4.927506    36.5945     0.4029 4.1575e-02     0.0442    98.9009      98.76    216.543     4.9754 3.4308e+03          1         47 0.0000e+00
   32.90526  -65.88154    19.4223   4.927558    36.5941     62.662     63.116    19.4218   4.927564    36.5946     0.3709 4.2674e-02     0.0447    98.8898      98.76    217.017     4.9863 3.3991e+03          1         75 0.0000e+00
   32.90526  -65.88154    19.4231   4.927580    36.5940     61.543     61.989    19.4237   4.927681    36.5943     0.3590 4.2315e-02     0.0448    98.8861      98.76    217.423     4.9956 3.3093e+03          1         29 0.0000e+00
   32.90526  -65.88154    19.4270   4.927951    36.5939     60.543     60.981    19.4270   4.927969    36.5941     0.3478 4.2209e-02     0.0446    98.8914      96.32    217.222     4.9910 3.2684e+03          1         28 0.0000e+00
   32.90526  -65.88154    19.4301   4.928231    36.5940     59.469     59.899    19.4291   4.928172    36.5944     0.3566 4.4321e-02     0.0454    98.8722      92.79    217.172     4.9899 3.3236e+03          1         80 0.0000e+00
   32.90526  -65.88154    19.4311   4.928285    36.5939     58.675     59.099    19.4313   4.928363    36.5943     0.3548 4.3282e-02     0.0446    98.8926      58.85    217.421     4.9956 3.4162e+03          1         36 0.0000e+00
   32.90526  -65.88154    19.4373   4.928917    36.5940     57.571     57.987    19.4380   4.928942    36.5936     0.3183 4.1704e-02     0.0449    98.8828      70.39    217.403     4.9952 3.4425e+03          1         30 0.0000e+00
   32.90526  -65.88155    19.4453   4.929717    36.5940     56.477     56.885    19.4440   4.929614    36.5943     0.3442 3.9682e-02     0.0477    98.8134      90.06    218.066     5.0104 3.3966e+03          1         81 0.0000e+00
