Data/ruptures/KN207-01/QL-2/20701071.cnv
* Sea-Bird SBE 9 Data File:
* FileName = C:\Data\ctd\20701071.hex
* Software Version Seasave V 7.21e
* Temperature SN = 4406
* Conductivity SN = 1474
* Number of Bytes Per Scan = 40
* Number of Voltage Words = 5
* Number of Scans Averaged by the Deck Unit = 1
* NMEA Latitude = 32 58.93 N
* NMEA Longitude = 065 44.83 W
* NMEA UTC (Time) = May 01 2012 22:06:50
** R/V Knorr Cruise # KN207-01 QL 2
** Chief Scientist: Ben Van Mooy
# nquan = 21
# nvalues = 398                         
# units = specified
# name 0 = latitude: Latitude [deg]
# name 1 = longitude: Longitude [deg]
# name 2 = t090C: Temperature [ITS-90, deg C]
# name 3 = c0S/m: Conductivity [S/m]
# name 4 = sal00: Salinity, Practical [PSU]
# name 5 = depSM: Depth [salt water, m]
# name 6 = prDM: Pressure, Digiquartz [db]
# name 7 = t190C: Temperature, 2 [ITS-90, deg C]
# name 8 = c1S/m: Conductivity, 2 [S/m]
# name 9 = sal11: Salinity, Practical, 2 [PSU]
# name 10 = flECO-AFL: Fluorescence, WET Labs ECO-AFL/FL [mg/m^3]
# name 11 = par: PAR/Irradiance, Biospherical/Licor
# name 12 = bat: Beam Attenuation, Chelsea/Seatech [1/m]
# name 13 = xmiss: Beam Transmission, Chelsea/Seatech [%]
# name 14 = altM: Altimeter [m]
# name 15 = sbeox0Mm/Kg: Oxygen, SBE 43 [umol/kg]
# name 16 = sbeox0ML/L: Oxygen, SBE 43 [ml/l]
# name 17 = spar: SPAR/Surface Irradiance
# name 18 = pumps: Pump Status
# name 19 = nbin: number of scans per bin
# name 20 = flag: flag
# span 0 =   32.98219,   32.98442       
# span 1 =  -65.74723,  -65.74606       
# span 2 =    18.6352,    20.4807       
# span 3 =   4.846269,   5.039081       
# span 4 =    36.5538,    36.6152       
# span 5 =      2.270,    199.183       
# span 6 =      2.286,    200.694       
# span 7 =    18.6446,    20.4787       
# span 8 =   4.847212,   5.039119       
# span 9 =    36.5524,    36.6175       
# span 10 =     0.0288,     0.9117      
# span 11 = 1.0000e-12, 1.0000e-12      
# span 12 =    -0.0061,     0.0863      
# span 13 =    97.8645,   100.1527      
# span 14 =       5.32,      98.79      
# span 15 =    193.779,    224.538      
# span 16 =     4.4531,     5.1589      
# span 17 = 5.1409e+02, 1.0474e+03      
# span 18 =          1,          1      
# span 19 =         17,       1145      
# span 20 = 0.0000e+00, 0.0000e+00      
# interval = decibars: 1                
# start_time = May 01 2012 22:06:50 [NMEA time, header]
# bad_flag = -9.990e-29
*END*
[from data line 207]
   32.98298  -65.74684    19.1184   4.899738    36.5729    190.551    191.993    19.1104   4.897690    36.5627     0.0464 1.0000e-12    -0.0043   100.1090      98.67    200.437     4.6057 5.2810e+02          1         20 0.0000e+00
   32.98300  -65.74684    19.1784   4.906319    36.5751    189.531    190.964    19.1474   4.902299    36.5691     0.0457 1.0000e-12    -0.0046   100.1158      74.63    202.256     4.6474 5.3663e+02          1         21 0.0000e+00
   32.98300  -65.74684    19.2285   4.911541    36.5751    188.547    189.973    19.2014   4.908101    36.5703     0.0498 1.0000e-12    -0.0053   100.1327       5.71    204.862     4.7072 5.3472e+02          1         28 0.0000e+00
   32.98300  -65.74684    19.2724   4.915664    36.5716    187.607    189.025    19.2433   4.913168    36.5765     0.0444 1.0000e-12    -0.0049   100.1217       5.72    207.406     4.7656 5.2620e+02          1         29 0.0000e+00
   32.98300  -65.74684    19.2687   4.915888    36.5783    186.626    188.036    19.2379   4.912489    36.5773     0.0499 1.0000e-12    -0.0050   100.1234       5.32    208.944     4.8010 5.2180e+02          1         27 0.0000e+00
   32.98301  -65.74684    19.2959   4.919131    36.5822    185.598    187.000    19.2632   4.915019    36.5768     0.0357 1.0000e-12    -0.0061   100.1527       6.05    209.545     4.8148 5.2197e+02          1         20 0.0000e+00
   32.98302  -65.74684    19.3204   4.921807    36.5835    184.590    185.984    19.3079   4.920157    36.5804     0.0561 1.0000e-12    -0.0055   100.1365       6.92    209.322     4.8096 5.2761e+02          1         17 0.0000e+00
   32.98302  -65.74684    19.3242   4.922190    36.5842    183.622    185.009    19.3206   4.921675    36.5826     0.0475 1.0000e-12    -0.0059   100.1472       7.69    209.128     4.8051 5.3399e+02          1         18 0.0000e+00
   32.98302  -65.74684    19.3301   4.922779    36.5847    182.617    183.996    19.3315   4.922816    36.5833     0.0401 1.0000e-12    -0.0060   100.1513       8.81    209.794     4.8205 5.3780e+02          1         21 0.0000e+00
   32.98302  -65.74684    19.3364   4.923397    36.5853    181.596    182.966    19.3344   4.923313    36.5861     0.0579 1.0000e-12    -0.0049   100.1219      44.13    211.085     4.8501 5.3456e+02          1         31 0.0000e+00
   32.98302  -65.74684    19.3411   4.923806    36.5857    180.676    182.039    19.3394   4.923788    36.5867     0.0467 1.0000e-12    -0.0049   100.1236      98.66    211.340     4.8560 5.2542e+02          1         31 0.0000e+00
   32.98304  -65.74682    19.3429   4.923933    36.5861    179.672    181.027    19.3371   4.923456    36.5871     0.0435 1.0000e-12    -0.0054   100.1353      98.66    211.247     4.8538 5.2454e+02          1         26 0.0000e+00
   32.98304  -65.74682    19.3513   4.924847    36.5870    178.659    180.006    19.3407   4.923671    36.5864     0.0518 1.0000e-12    -0.0055   100.1372      98.66    211.312     4.8553 5.2075e+02          1         22 0.0000e+00
   32.98304  -65.74682    19.3561   4.925317    36.5873    177.681    179.020    19.3526   4.924926    36.5869     0.0457 1.0000e-12    -0.0059   100.1477      98.66    211.591     4.8617 5.1517e+02          1         21 0.0000e+00
   32.98304  -65.74682    19.3597   4.925655    36.5876    176.714    178.045    19.3575   4.925482    36.5879     0.0681 1.0000e-12    -0.0041   100.1036      98.66    211.984     4.8707 5.1762e+02          1         21 0.0000e+00
   32.98304  -65.74682    19.3620   4.925856    36.5879    175.680    177.004    19.3582   4.925548    36.5885     0.0711 1.0000e-12    -0.0042   100.1043      98.66    212.254     4.8769 5.2304e+02          1         23 0.0000e+00
   32.98306  -65.74682    19.3622   4.925846    36.5883    174.674    175.989    19.3599   4.925642    36.5885     0.0615 1.0000e-12    -0.0049   100.1232      98.65    212.108     4.8736 5.3272e+02          1         22 0.0000e+00
   32.98306  -65.74682    19.3661   4.926190    36.5883    173.690    174.997    19.3628   4.925870    36.5884     0.0568 1.0000e-12    -0.0032   100.0812      98.65    211.983     4.8707 5.3475e+02          1         22 0.0000e+00
   32.98306  -65.74682    19.3667   4.926230    36.5887    172.711    174.010    19.3664   4.926239    36.5888     0.0585 1.0000e-12    -0.0032   100.0800      98.66    212.567     4.8841 5.3617e+02          1         22 0.0000e+00
   32.98306  -65.74682    19.3691   4.926463    36.5890    171.718    173.010    19.3664   4.926240    36.5895     0.0633 1.0000e-12    -0.0032   100.0809      98.65    212.736     4.8880 5.3364e+02          1         26 0.0000e+00
   32.98306  -65.74682    19.3712   4.926616    36.5890    170.701    171.985    19.3690   4.926475    36.5897     0.0692 1.0000e-12    -0.0030   100.0764      98.66    212.739     4.8881 5.2554e+02          1         30 0.0000e+00
   32.98306  -65.74680    19.3711   4.926567    36.5893    169.736    171.012    19.3692   4.926461    36.5900     0.0705 1.0000e-12    -0.0019   100.0482      98.65    212.968     4.8933 5.2479e+02          1         30 0.0000e+00
   32.98306  -65.74680    19.3746   4.926984    36.5902    168.712    169.979    19.3729   4.926837    36.5903     0.1031 1.0000e-12    -0.0024   100.0602      98.66    212.914     4.8921 5.2197e+02          1         22 0.0000e+00
   32.98306  -65.74680    19.3768   4.927226    36.5906    167.733    168.993    19.3728   4.926803    36.5907     0.0752 1.0000e-12    -0.0009   100.0216      98.66    213.005     4.8942 5.1857e+02          1         19 0.0000e+00
   32.98306  -65.74680    19.3778   4.927289    36.5908    166.742    167.994    19.3765   4.927221    36.5913     0.0647 1.0000e-12    -0.0004   100.0087      98.66    212.768     4.8887 5.2253e+02          1         20 0.0000e+00
   32.98306  -65.74680    19.3780   4.927266    36.5909    165.729    166.973    19.3777   4.927355    36.5918     0.0771 1.0000e-12     0.0001    99.9982      98.66    212.974     4.8935 5.3231e+02          1         22 0.0000e+00
   32.98308  -65.74680    19.3778   4.927198    36.5910    164.762    165.999    19.3773   4.927282    36.5921     0.0920 1.0000e-12     0.0005    99.9884      98.66    213.026     4.8947 5.3154e+02          1         24 0.0000e+00
   32.98308  -65.74680    19.3776   4.927125    36.5910    163.783    165.012    19.3765   4.927139    36.5920     0.1019 1.0000e-12     0.0015    99.9637      98.65    213.386     4.9030 5.2707e+02          1         28 0.0000e+00
   32.98308  -65.74680    19.3779   4.927118    36.5912    162.797    164.018    19.3773   4.927175    36.5921     0.1042 1.0000e-12     0.0008    99.9797      98.66    213.919     4.9152 5.2651e+02          1         27 0.0000e+00
   32.98308  -65.74680    19.3781   4.927094    36.5912    161.800    163.013    19.3772   4.927120    36.5921     0.0954 1.0000e-12     0.0006    99.9866      98.66    213.506     4.9057 5.2481e+02          1         22 0.0000e+00
   32.98308  -65.74680    19.3783   4.927090    36.5914    160.800    162.005    19.3771   4.927082    36.5924     0.0820 1.0000e-12     0.0006    99.9861      98.66    213.158     4.8977 5.2176e+02          1         21 0.0000e+00
   32.98310  -65.74680    19.3786   4.927089    36.5915    159.801    160.998    19.3781   4.927128    36.5922     0.0908 1.0000e-12    -0.0005   100.0120      98.65    213.514     4.9059 5.2383e+02          1         24 0.0000e+00
   32.98310  -65.74680    19.3784   4.927005    36.5915    158.803    159.993    19.3784   4.927114    36.5923     0.1007 1.0000e-12    -0.0001   100.0029      76.47    213.109     4.8966 5.2886e+02          1         22 0.0000e+00
   32.98310  -65.74680    19.3786   4.926984    36.5915    157.832    159.014    19.3784   4.927083    36.5925     0.1144 1.0000e-12    -0.0005   100.0115       6.48    213.112     4.8966 5.3041e+02          1         23 0.0000e+00
   32.98310  -65.74680    19.3784   4.926913    36.5915    156.818    157.992    19.3779   4.926996    36.5926     0.1008 1.0000e-12     0.0003    99.9928      32.73    213.862     4.9139 5.2777e+02          1         25 0.0000e+00
   32.98310  -65.74680    19.3779   4.926789    36.5914    155.831    156.997    19.3776   4.926919    36.5926     0.1004 1.0000e-12    -0.0007   100.0178      98.66    213.541     4.9065 5.2114e+02          1         27 0.0000e+00
   32.98312  -65.74678    19.3776   4.926695    36.5912    154.852    156.010    19.3773   4.926820    36.5925     0.1285 1.0000e-12    -0.0006   100.0147      98.66    213.635     4.9087 5.1409e+02          1         30 0.0000e+00
   32.98312  -65.74678    19.3776   4.926638    36.5911    153.882    155.033    19.3774   4.926757    36.5923     0.1328 1.0000e-12    -0.0004   100.0100      98.66    213.710     4.9104 5.1584e+02          1         20 0.0000e+00
   32.98312  -65.74678    19.3780   4.926672    36.5914    152.900    154.042    19.3776   4.926724    36.5922     0.1001 1.0000e-12     0.0016    99.9593      98.66    213.107     4.8965 5.2082e+02          1         33 0.0000e+00
   32.98313  -65.74677    19.3797   4.926840    36.5917    151.808    152.942    19.3794   4.926933    36.5928     0.1460 1.0000e-12     0.0054    99.8650      98.66    213.474     4.9050 5.2356e+02          1        232 0.0000e+00
   32.98315  -65.74676    19.3805   4.926910    36.5921    150.703    151.829    19.3800   4.926979    36.5931     0.2012 1.0000e-12     0.0053    99.8666      98.66    213.930     4.9154 5.2801e+02          1        158 0.0000e+00
   32.98318  -65.74675    19.3807   4.926911    36.5923    149.915    151.034    19.3806   4.927026    36.5933     0.2247 1.0000e-12     0.0068    99.8297      98.66    213.646     4.9089 5.4176e+02          1        280 0.0000e+00
   32.98327  -65.74670    19.3809   4.926907    36.5924    149.139    150.252    19.3809   4.927023    36.5934     0.1865 1.0000e-12     0.0052    99.8704      98.67    213.623     4.9084 6.2020e+02          1        167 0.0000e+00
   32.98334  -65.74666    19.3808   4.926832    36.5923    147.935    149.039    19.3808   4.926960    36.5933     0.1829 1.0000e-12     0.0055    99.8617      98.68    213.971     4.9164 6.3236e+02          1         37 0.0000e+00
   32.98334  -65.74666    19.3806   4.926770    36.5923    146.849    147.945    19.3806   4.926893    36.5934     0.1870 1.0000e-12     0.0048    99.8793      98.67    213.666     4.9094 6.3034e+02          1         62 0.0000e+00
   32.98334  -65.74666    19.3807   4.926726    36.5922    146.000    147.088    19.3807   4.926846    36.5932     0.1841 1.0000e-12     0.0053    99.8667      98.68    213.661     4.9093 6.1348e+02          1         42 0.0000e+00
   32.98336  -65.74666    19.3806   4.926676    36.5923    144.965    146.046    19.3806   4.926768    36.5930     0.1705 1.0000e-12     0.0046    99.8840      98.68    214.179     4.9211 6.1711e+02          1         20 0.0000e+00
   32.98336  -65.74666    19.3801   4.926553    36.5921    143.942    145.015    19.3801   4.926668    36.5930     0.1793 1.0000e-12     0.0040    99.8998      98.67    213.946     4.9158 6.1989e+02          1         19 0.0000e+00
   32.98336  -65.74666    19.3802   4.926507    36.5920    142.898    143.963    19.3803   4.926622    36.5929     0.1810 1.0000e-12     0.0034    99.9158      98.68    213.693     4.9100 6.2842e+02          1         18 0.0000e+00
   32.98336  -65.74666    19.3806   4.926521    36.5922    141.882    142.938    19.3807   4.926630    36.5930     0.1531 1.0000e-12     0.0047    99.8822      98.68    213.625     4.9084 6.3632e+02          1         19 0.0000e+00
   32.98336  -65.74666    19.3807   4.926509    36.5923    140.925    141.974    19.3807   4.926607    36.5932     0.1598 1.0000e-12     0.0061    99.8465      98.68    213.643     4.9089 6.3818e+02          1         21 0.0000e+00
   32.98336  -65.74665    19.3805   4.926448    36.5924    139.959    141.001    19.3805   4.926551    36.5932     0.1731 1.0000e-12     0.0052    99.8689      98.68    213.766     4.9117 6.3741e+02          1         32 0.0000e+00
   32.98336  -65.74664    19.3805   4.926393    36.5922    138.965    139.999    19.3806   4.926517    36.5932     0.2129 1.0000e-12     0.0057    99.8578      53.79    213.723     4.9107 6.2364e+02          1         38 0.0000e+00
   32.98336  -65.74664    19.3805   4.926343    36.5922    137.991    139.018    19.3807   4.926493    36.5933     0.2225 1.0000e-12     0.0056    99.8584      98.69    213.763     4.9116 6.0859e+02          1         29 0.0000e+00
   32.98336  -65.74664    19.3806   4.926312    36.5922    136.995    138.013    19.3809   4.926451    36.5932     0.1625 1.0000e-12     0.0052    99.8699      98.68    213.671     4.9095 6.1198e+02          1         20 0.0000e+00
   32.98337  -65.74665    19.3811   4.926355    36.5925    136.024    137.035    19.3812   4.926445    36.5932     0.1581 1.0000e-12     0.0059    99.8519      98.68    213.430     4.9040 6.0797e+02          1         20 0.0000e+00
   32.98338  -65.74666    19.3812   4.926290    36.5923    135.007    136.010    19.3813   4.926433    36.5934     0.1837 1.0000e-12     0.0069    99.8275      98.68    213.666     4.9094 6.1611e+02          1         20 0.0000e+00
   32.98338  -65.74666    19.3812   4.926273    36.5925    133.970    134.965    19.3814   4.926381    36.5933     0.2174 1.0000e-12     0.0077    99.8073      98.68    213.785     4.9121 6.3202e+02          1         21 0.0000e+00
   32.98338  -65.74666    19.3812   4.926214    36.5924    133.015    134.002    19.3813   4.926347    36.5935     0.2350 1.0000e-12     0.0079    99.8018      98.68    213.937     4.9156 6.3663e+02          1         20 0.0000e+00
   32.98338  -65.74666    19.3811   4.926161    36.5924    132.015    132.995    19.3811   4.926273    36.5933     0.2143 1.0000e-12     0.0069    99.8288      98.68    213.994     4.9169 6.4226e+02          1         26 0.0000e+00
   32.98338  -65.74666    19.3811   4.926111    36.5924    131.016    131.988    19.3811   4.926223    36.5933     0.2306 1.0000e-12     0.0073    99.8179      98.68    213.550     4.9067 6.3840e+02          1         26 0.0000e+00
   32.98340  -65.74664    19.3810   4.926057    36.5924    130.033    130.998    19.3810   4.926166    36.5934     0.2408 1.0000e-12     0.0073    99.8179      98.68    213.439     4.9042 6.3668e+02          1         26 0.0000e+00
   32.98340  -65.74664    19.3809   4.926002    36.5924    129.059    130.017    19.3809   4.926111    36.5933     0.2335 1.0000e-12     0.0059    99.8517      98.68    213.298     4.9009 6.2739e+02          1         23 0.0000e+00
   32.98340  -65.74664    19.3808   4.925948    36.5925    128.054    129.003    19.3808   4.926064    36.5934     0.2596 1.0000e-12     0.0067    99.8315      98.67    213.184     4.8983 6.3311e+02          1         23 0.0000e+00
   32.98340  -65.74664    19.3807   4.925889    36.5924    127.091    128.032    19.3807   4.925994    36.5933     0.2603 1.0000e-12     0.0072    99.8215      98.68    213.176     4.8981 6.4088e+02          1         23 0.0000e+00
   32.98340  -65.74664    19.3807   4.925833    36.5923    126.072    127.006    19.3807   4.925961    36.5934     0.2271 1.0000e-12     0.0067    99.8327      98.68    213.192     4.8985 6.4786e+02          1         23 0.0000e+00
   32.98340  -65.74664    19.3806   4.925792    36.5924    125.068    125.994    19.3807   4.925918    36.5934     0.2602 1.0000e-12     0.0109    99.7274      98.69    213.241     4.8996 6.5498e+02          1         27 0.0000e+00
   32.98340  -65.74664    19.3807   4.925760    36.5924    124.093    125.011    19.3808   4.925880    36.5934     0.2382 1.0000e-12     0.0139    99.6525      98.68    213.593     4.9077 6.4952e+02          1         28 0.0000e+00
