Data/ruptures/KN207-01/QL-2/20701054.cnv
* Sea-Bird SBE 9 Data File:
* FileName = C:\Data\ctd\20701054.hex
* Software Version Seasave V 7.21e
* Temperature SN = 4406
* Conductivity SN = 1474
* Number of Bytes Per Scan = 40
* Number of Voltage Words = 5
* Number of Scans Averaged by the Deck Unit = 1
* NMEA Latitude = 32 58.60 N
* NMEA Longitude = 065 59.68 W
* NMEA UTC (Time) = Apr 29 2012 19:36:00
** R/V Knorr Cruise # KN207-01 QL2
** Chief Scientist: Ben Van Mooy
# nquan = 21
# nvalues = 9982                        
# units = specified
# name 0 = latitude: Latitude [deg]
# name 1 = longitude: Longitude [deg]
# name 2 = t090C: Temperature [ITS-90, deg C]
# name 3 = c0S/m: Conductivity [S/m]
# name 4 = sal00: Salinity, Practical [PSU]
# name 5 = depSM: Depth [salt water, m]
# name 6 = prDM: Pressure, Digiquartz [db]
# name 7 = t190C: Temperature, 2 [ITS-90, deg C]
# name 8 = c1S/m: Conductivity, 2 [S/m]
# name 9 = sal11: Salinity, Practical, 2 [PSU]
# name 10 = flECO-AFL: Fluorescence, WET Labs ECO-AFL/FL [mg/m^3]
# name 11 = par: PAR/Irradiance, Biospherical/Licor
# name 12 = bat: Beam Attenuation, Chelsea/Seatech [1/m]
# name 13 = xmiss: Beam Transmission, Chelsea/Seatech [%]
# name 14 = altM: Altimeter [m]
# name 15 = sbeox0Mm/Kg: Oxygen, SBE 43 [umol/kg]
# name 16 = sbeox0ML/L: Oxygen, SBE 43 [ml/l]
# name 17 = spar: SPAR/Surface Irradiance
# name 18 = pumps: Pump Status
# name 19 = nbin: number of scans per bin
# name 20 = flag: flag
# span 0 =   32.94893,   32.97667       
# span 1 =  -65.99560,  -65.99140       
# span 2 =     2.2334,    20.6047       
# span 3 =   3.249563,   5.043461       
# span 4 =    34.7750,    36.8003       
# span 5 =      2.281,   4900.380       
# span 6 =      2.297,   4992.802       
# span 7 =     2.2332,    20.6031       
# span 8 =   3.249524,   5.046860       
# span 9 =    34.8762,    36.8060       
# span 10 =    -0.0158,     2.4919      
# span 11 = 1.0000e-12, 1.0000e-12      
# span 12 =    -0.0355,     0.0960      
# span 13 =    97.6364,   100.8899      
# span 14 =      14.44,      98.81      
# span 15 =    137.981,    365.121      
# span 16 =     3.1735,     8.3866      
# span 17 = 2.2598e+01, 1.2979e+03      
# span 18 =          1,          1      
# span 19 =         12,       1287      
# span 20 = 0.0000e+00, 0.0000e+00      
# interval = decibars: 1                
# start_time = Apr 29 2012 19:36:00 [NMEA time, header]
# bad_flag = -9.990e-29
*END*
[from data line 3794]
   32.96754  -65.99490     2.3062   3.250731    34.8950   3736.763   3797.003     2.3059   3.250690    34.8948     0.2538 1.0000e-12    -0.0336   100.8441      98.58    245.968     5.6612 6.4516e+02          1         18 0.0000e+00
   32.96754  -65.99490     2.3060   3.250745    34.8949   3737.720   3797.983     2.3057   3.250703    34.8947     0.1705 1.0000e-12    -0.0337   100.8463      98.59    244.908     5.6368 6.4420e+02          1         24 0.0000e+00
   32.96754  -65.99490     2.3060   3.250773    34.8948   3738.734   3799.023     2.3057   3.250734    34.8947     0.1160 1.0000e-12    -0.0339   100.8527      98.58    245.077     5.6407 6.4512e+02          1         48 0.0000e+00
   32.96752  -65.99490     2.3061   3.250817    34.8948   3739.645   3799.957     2.3057   3.250780    34.8947     0.1661 1.0000e-12    -0.0338   100.8499      98.58    244.958     5.6379 6.5085e+02          1         31 0.0000e+00
   32.96752  -65.99490     2.3060   3.250845    34.8948   3740.653   3800.990     2.3057   3.250811    34.8947     0.2383 1.0000e-12    -0.0340   100.8541      98.58    245.234     5.6443 6.5482e+02          1         18 0.0000e+00
   32.96752  -65.99490     2.3059   3.250878    34.8949   3741.626   3801.987     2.3056   3.250833    34.8947     0.2776 1.0000e-12    -0.0338   100.8487      98.58    245.281     5.6454 6.5752e+02          1         17 0.0000e+00
   32.96752  -65.99490     2.3060   3.250927    34.8949   3742.612   3802.998     2.3056   3.250882    34.8948     0.2772 1.0000e-12    -0.0341   100.8578      98.58    245.429     5.6488 6.6001e+02          1         17 0.0000e+00
   32.96752  -65.99490     2.3059   3.250950    34.8949   3743.572   3803.982     2.3056   3.250906    34.8947     0.2858 1.0000e-12    -0.0340   100.8532      98.58    244.802     5.6343 6.6198e+02          1         17 0.0000e+00
   32.96752  -65.99490     2.3056   3.250953    34.8948   3744.557   3804.991     2.3053   3.250906    34.8946     0.2533 1.0000e-12    -0.0337   100.8466      98.58    244.674     5.6314 6.6388e+02          1         21 0.0000e+00
   32.96750  -65.99490     2.3056   3.250984    34.8948   3745.546   3806.005     2.3053   3.250948    34.8947     0.1742 1.0000e-12    -0.0341   100.8576      98.58    244.988     5.6386 6.6395e+02          1         23 0.0000e+00
   32.96750  -65.99490     2.3053   3.250982    34.8947   3746.527   3807.011     2.3048   3.250931    34.8946     0.1901 1.0000e-12    -0.0339   100.8510      98.59    245.591     5.6525 6.6213e+02          1         30 0.0000e+00
   32.96750  -65.99490     2.3046   3.250944    34.8946   3747.486   3807.993     2.3044   3.250928    34.8945     0.1736 1.0000e-12    -0.0337   100.8460      98.58    244.623     5.6302 6.6321e+02          1         41 0.0000e+00
   32.96750  -65.99490     2.3044   3.250963    34.8946   3748.429   3808.961     2.3040   3.250915    34.8944     0.2040 1.0000e-12    -0.0333   100.8355      98.58    244.781     5.6338 6.6852e+02          1         30 0.0000e+00
   32.96750  -65.99490     2.3042   3.250980    34.8945   3749.419   3809.975     2.3039   3.250949    34.8945     0.2463 1.0000e-12    -0.0336   100.8454      98.58    246.119     5.6646 6.7332e+02          1         20 0.0000e+00
   32.96750  -65.99490     2.3040   3.251012    34.8947   3750.417   3810.998     2.3036   3.250957    34.8945     0.2665 1.0000e-12    -0.0339   100.8509      98.59    245.830     5.6580 6.7648e+02          1         19 0.0000e+00
   32.96750  -65.99490     2.3042   3.251063    34.8948   3751.389   3811.995     2.3037   3.251007    34.8946     0.3135 1.0000e-12    -0.0336   100.8441      98.58    244.941     5.6375 6.7812e+02          1         16 0.0000e+00
   32.96750  -65.99490     2.3041   3.251088    34.8947   3752.401   3813.032     2.3037   3.251045    34.8946     0.3055 1.0000e-12    -0.0338   100.8484      98.58    244.686     5.6317 6.7862e+02          1         18 0.0000e+00
   32.96750  -65.99490     2.3042   3.251138    34.8948   3753.385   3814.040     2.3038   3.251081    34.8944     0.2515 1.0000e-12    -0.0339   100.8522      98.58    244.305     5.6229 6.8000e+02          1         19 0.0000e+00
   32.96750  -65.99490     2.3042   3.251159    34.8946   3754.326   3815.006     2.3039   3.251118    34.8944     0.1591 1.0000e-12    -0.0337   100.8478      98.58    245.266     5.6450 6.8046e+02          1         21 0.0000e+00
   32.96748  -65.99490     2.3037   3.251149    34.8946   3755.302   3816.005     2.3034   3.251119    34.8945     0.1291 1.0000e-12    -0.0340   100.8552      98.58    244.735     5.6328 6.8393e+02          1         28 0.0000e+00
   32.96748  -65.99490     2.3032   3.251131    34.8945   3756.309   3817.037     2.3029   3.251086    34.8943     0.1188 1.0000e-12    -0.0337   100.8455      98.58    244.695     5.6319 6.8821e+02          1         38 0.0000e+00
   32.96748  -65.99490     2.3033   3.251176    34.8945   3757.257   3818.010     2.3030   3.251136    34.8944     0.1688 1.0000e-12    -0.0338   100.8484      98.58    244.841     5.6352 6.9125e+02          1         36 0.0000e+00
   32.96748  -65.99490     2.3033   3.251216    34.8946   3758.218   3818.995     2.3030   3.251168    34.8943     0.2213 1.0000e-12    -0.0336   100.8429      98.58    244.911     5.6369 6.9272e+02          1         22 0.0000e+00
   32.96748  -65.99490     2.3016   3.251089    34.8944   3759.182   3819.982     2.3015   3.251088    34.8946     0.2781 1.0000e-12    -0.0337   100.8468      98.58    245.089     5.6409 6.9408e+02          1         19 0.0000e+00
   32.96748  -65.99490     2.3001   3.250997    34.8945   3760.215   3821.042     2.2999   3.250952    34.8942     0.2774 1.0000e-12    -0.0337   100.8470      98.58    245.601     5.6527 6.9534e+02          1         18 0.0000e+00
   32.96748  -65.99490     2.3001   3.251030    34.8945   3761.182   3822.033     2.2998   3.250989    34.8943     0.2648 1.0000e-12    -0.0337   100.8455      98.58    245.130     5.6419 6.9769e+02          1         18 0.0000e+00
   32.96748  -65.99490     2.3003   3.251086    34.8945   3762.138   3823.013     2.3000   3.251029    34.8941     0.2658 1.0000e-12    -0.0338   100.8493      98.58    244.848     5.6354 7.0187e+02          1         20 0.0000e+00
   32.96748  -65.99490     2.3004   3.251118    34.8944   3763.086   3823.985     2.3002   3.251080    34.8941     0.2357 1.0000e-12    -0.0337   100.8475      98.58    245.330     5.6465 7.0692e+02          1         23 0.0000e+00
   32.96747  -65.99490     2.3007   3.251176    34.8943   3764.085   3825.009     2.3003   3.251138    34.8942     0.1606 1.0000e-12    -0.0336   100.8450      98.58    244.768     5.6335 7.1210e+02          1         30 0.0000e+00
   32.96746  -65.99490     2.3011   3.251246    34.8943   3765.067   3826.016     2.3007   3.251196    34.8941     0.1608 1.0000e-12    -0.0337   100.8467      98.58    244.940     5.6375 7.1411e+02          1         30 0.0000e+00
   32.96746  -65.99490     2.3011   3.251283    34.8943   3766.037   3827.010     2.3008   3.251249    34.8942     0.2341 1.0000e-12    -0.0337   100.8472      98.58    244.598     5.6296 7.1363e+02          1         25 0.0000e+00
   32.96746  -65.99490     2.3003   3.251233    34.8942   3766.997   3827.994     2.2999   3.251199    34.8941     0.2740 1.0000e-12    -0.0336   100.8441      98.58    245.182     5.6431 7.1297e+02          1         24 0.0000e+00
   32.96746  -65.99490     2.3001   3.251264    34.8943   3767.944   3828.965     2.2997   3.251202    34.8940     0.2700 1.0000e-12    -0.0338   100.8488      98.59    245.093     5.6410 7.1503e+02          1         22 0.0000e+00
   32.96744  -65.99490     2.3002   3.251301    34.8942   3768.970   3830.016     2.2999   3.251265    34.8941     0.2755 1.0000e-12    -0.0338   100.8484      98.58    244.511     5.6276 7.1920e+02          1         24 0.0000e+00
   32.96744  -65.99490     2.2999   3.251310    34.8942   3769.974   3831.046     2.2995   3.251260    34.8940     0.2513 1.0000e-12    -0.0336   100.8441      98.58    245.124     5.6417 7.2496e+02          1         23 0.0000e+00
   32.96744  -65.99490     2.2999   3.251338    34.8941   3770.918   3832.013     2.2995   3.251296    34.8941     0.2327 1.0000e-12    -0.0338   100.8495      98.57    244.980     5.6384 7.3016e+02          1         24 0.0000e+00
   32.96744  -65.99490     2.2991   3.251295    34.8940   3771.875   3832.994     2.2988   3.251267    34.8940     0.2027 1.0000e-12    -0.0336   100.8451      98.58    244.935     5.6374 7.3251e+02          1         26 0.0000e+00
   32.96744  -65.99490     2.2992   3.251343    34.8941   3772.834   3833.978     2.2988   3.251300    34.8939     0.2113 1.0000e-12    -0.0336   100.8429      98.58    244.781     5.6339 7.3429e+02          1         22 0.0000e+00
   32.96744  -65.99490     2.2992   3.251388    34.8942   3773.838   3835.006     2.2989   3.251349    34.8941     0.2367 1.0000e-12    -0.0339   100.8531      98.59    244.413     5.6254 7.3592e+02          1         23 0.0000e+00
   32.96744  -65.99490     2.2987   3.251377    34.8941   3774.856   3836.050     2.2984   3.251338    34.8940     0.2512 1.0000e-12    -0.0340   100.8539      98.57    244.912     5.6369 7.3717e+02          1         21 0.0000e+00
   32.96744  -65.99490     2.2986   3.251397    34.8941   3775.803   3837.021     2.2982   3.251345    34.8938     0.2376 1.0000e-12    -0.0336   100.8452      98.59    245.269     5.6451 7.3747e+02          1         23 0.0000e+00
   32.96744  -65.99490     2.2978   3.251352    34.8939   3776.778   3838.020     2.2973   3.251295    34.8938     0.1846 1.0000e-12    -0.0337   100.8478      98.59    244.438     5.6260 7.3777e+02          1         35 0.0000e+00
   32.96743  -65.99490     2.2972   3.251326    34.8939   3777.717   3838.984     2.2968   3.251284    34.8938     0.1634 1.0000e-12    -0.0337   100.8463      98.57    244.866     5.6358 7.4300e+02          1         35 0.0000e+00
   32.96742  -65.99490     2.2970   3.251334    34.8938   3778.708   3840.000     2.2967   3.251304    34.8938     0.2296 1.0000e-12    -0.0336   100.8429      98.57    244.752     5.6332 7.4897e+02          1         21 0.0000e+00
   32.96742  -65.99490     2.2973   3.251418    34.8940   3779.690   3841.006     2.2969   3.251362    34.8937     0.2697 1.0000e-12    -0.0335   100.8427      98.59    244.635     5.6305 7.5161e+02          1         18 0.0000e+00
   32.96742  -65.99490     2.2976   3.251483    34.8940   3780.663   3842.003     2.2973   3.251431    34.8938     0.2989 1.0000e-12    -0.0335   100.8409      98.58    244.913     5.6369 7.5131e+02          1         16 0.0000e+00
   32.96742  -65.99490     2.2976   3.251515    34.8939   3781.670   3843.036     2.2973   3.251465    34.8937     0.2858 1.0000e-12    -0.0337   100.8468      98.58    245.035     5.6397 7.4985e+02          1         19 0.0000e+00
   32.96742  -65.99490     2.2983   3.251609    34.8939   3782.662   3844.052     2.2979   3.251559    34.8937     0.2407 1.0000e-12    -0.0337   100.8455      98.57    245.252     5.6447 7.5044e+02          1         19 0.0000e+00
   32.96741  -65.99490     2.2985   3.251666    34.8940   3783.633   3845.048     2.2983   3.251618    34.8936     0.1167 1.0000e-12    -0.0335   100.8406      98.58    244.520     5.6279 7.5342e+02          1         29 0.0000e+00
   32.96740  -65.99490     2.2987   3.251702    34.8938   3784.515   3845.952     2.2984   3.251671    34.8938     0.0941 1.0000e-12    -0.0336   100.8436      98.58    244.565     5.6289 7.5748e+02          1         52 0.0000e+00
   32.96740  -65.99490     2.2986   3.251730    34.8938   3785.507   3846.970     2.2983   3.251696    34.8938     0.1915 1.0000e-12    -0.0336   100.8441      98.58    245.213     5.6438 7.5602e+02          1         27 0.0000e+00
   32.96740  -65.99490     2.2985   3.251755    34.8938   3786.518   3848.006     2.2981   3.251717    34.8938     0.2691 1.0000e-12    -0.0334   100.8393      98.58    245.425     5.6487 7.5577e+02          1         16 0.0000e+00
   32.96740  -65.99490     2.2982   3.251771    34.8939   3787.430   3848.941     2.2979   3.251726    34.8937     0.3080 1.0000e-12    -0.0334   100.8377      98.59    244.826     5.6349 7.5731e+02          1         16 0.0000e+00
   32.96740  -65.99490     2.2980   3.251799    34.8941   3788.430   3849.966     2.2977   3.251756    34.8939     0.3224 1.0000e-12    -0.0330   100.8290      98.58    244.478     5.6269 7.6183e+02          1         17 0.0000e+00
   32.96740  -65.99490     2.2981   3.251849    34.8941   3789.471   3851.034     2.2978   3.251799    34.8938     0.3206 1.0000e-12    -0.0334   100.8398      98.58    244.540     5.6283 7.6622e+02          1         18 0.0000e+00
   32.96740  -65.99490     2.2972   3.251793    34.8939   3790.415   3852.002     2.2970   3.251765    34.8939     0.2970 1.0000e-12    -0.0334   100.8396      98.58    245.215     5.6438 7.6931e+02          1         17 0.0000e+00
   32.96740  -65.99490     2.2963   3.251730    34.8938   3791.379   3852.989     2.2959   3.251682    34.8936     0.1855 1.0000e-12    -0.0332   100.8342      98.58    244.395     5.6250 7.6880e+02          1         26 0.0000e+00
   32.96739  -65.99490     2.2960   3.251731    34.8937   3792.368   3854.003     2.2958   3.251697    34.8935     0.1427 1.0000e-12    -0.0333   100.8373      98.58    244.678     5.6315 7.6262e+02          1         68 0.0000e+00
   32.96738  -65.99490     2.2960   3.251757    34.8936   3793.297   3854.956     2.2955   3.251709    34.8935     0.1738 1.0000e-12    -0.0331   100.8312      98.58    244.538     5.6283 7.6780e+02          1         24 0.0000e+00
   32.96738  -65.99490     2.2956   3.251767    34.8937   3794.275   3855.959     2.2955   3.251753    34.8936     0.2613 1.0000e-12    -0.0334   100.8393      98.58    245.039     5.6398 7.7166e+02          1         16 0.0000e+00
   32.96738  -65.99490     2.2955   3.251793    34.8937   3795.255   3856.963     2.2953   3.251742    34.8933     0.2448 1.0000e-12    -0.0336   100.8441      98.58    245.297     5.6457 7.7269e+02          1         15 0.0000e+00
   32.96738  -65.99490     2.2949   3.251782    34.8938   3796.228   3857.961     2.2946   3.251752    34.8937     0.2316 1.0000e-12    -0.0336   100.8441      98.57    244.486     5.6271 7.7355e+02          1         14 0.0000e+00
   32.96738  -65.99490     2.2946   3.251794    34.8938   3797.242   3859.000     2.2942   3.251734    34.8935     0.2306 1.0000e-12    -0.0331   100.8305      98.58    243.494     5.6042 7.7377e+02          1         17 0.0000e+00
   32.96736  -65.99490     2.2947   3.251816    34.8936   3798.256   3860.040     2.2943   3.251772    34.8934     0.1871 1.0000e-12    -0.0332   100.8335      98.57    244.005     5.6160 7.7403e+02          1         17 0.0000e+00
   32.96736  -65.99490     2.2948   3.251868    34.8937   3799.245   3861.054     2.2945   3.251817    34.8933     0.1312 1.0000e-12    -0.0333   100.8374      98.58    244.798     5.6342 7.7277e+02          1         23 0.0000e+00
   32.96736  -65.99490     2.2949   3.251910    34.8936   3800.248   3862.083     2.2946   3.251863    34.8933     0.1280 1.0000e-12    -0.0334   100.8379      98.58    244.302     5.6228 7.7237e+02          1         70 0.0000e+00
   32.96736  -65.99490     2.2950   3.251934    34.8935   3801.062   3862.917     2.2945   3.251900    34.8935     0.0382 1.0000e-12    -0.0333   100.8372      98.58    244.195     5.6204 7.7455e+02          1         26 0.0000e+00
   32.96736  -65.99490     2.2949   3.251976    34.8936   3802.134   3864.016     2.2945   3.251933    34.8935     0.0979 1.0000e-12    -0.0333   100.8365      98.58    244.909     5.6368 7.7364e+02          1         17 0.0000e+00
