Data/ruptures/KN207-01/QL-2/20701067.cnv
* Sea-Bird SBE 9 Data File:
* FileName = C:\Data\ctd\20701067.hex
* Software Version Seasave V 7.21e
* Temperature SN = 4406
* Conductivity SN = 1474
* Number of Bytes Per Scan = 40
* Number of Voltage Words = 5
* Number of Scans Averaged by the Deck Unit = 1
* NMEA Latitude = 32 56.35 N
* NMEA Longitude = 065 46.44 W
* NMEA UTC (Time) = May 01 2012 14:05:20
** R/V Knorr Cruise # KN207-01 QL 2
** Chief Scientist: Ben Van Mooy
# nquan = 21
# nvalues = 390                         
# units = specified
# name 0 = latitude: Latitude [deg]
# name 1 = longitude: Longitude [deg]
# name 2 = t090C: Temperature [ITS-90, deg C]
# name 3 = c0S/m: Conductivity [S/m]
# name 4 = sal00: Salinity, Practical [PSU]
# name 5 = depSM: Depth [salt water, m]
# name 6 = prDM: Pressure, Digiquartz [db]
# name 7 = t190C: Temperature, 2 [ITS-90, deg C]
# name 8 = c1S/m: Conductivity, 2 [S/m]
# name 9 = sal11: Salinity, Practical, 2 [PSU]
# name 10 = flECO-AFL: Fluorescence, WET Labs ECO-AFL/FL [mg/m^3]
# name 11 = par: PAR/Irradiance, Biospherical/Licor
# name 12 = bat: Beam Attenuation, Chelsea/Seatech [1/m]
# name 13 = xmiss: Beam Transmission, Chelsea/Seatech [%]
# name 14 = altM: Altimeter [m]
# name 15 = sbeox0Mm/Kg: Oxygen, SBE 43 [umol/kg]
# name 16 = sbeox0ML/L: Oxygen, SBE 43 [ml/l]
# name 17 = spar: SPAR/Surface Irradiance
# name 18 = pumps: Pump Status
# name 19 = nbin: number of scans per bin
# name 20 = flag: flag
# span 0 =   32.93922,   32.93979       
# span 1 =  -65.77406,  -65.77367       
# span 2 =    18.1493,    20.2767       
# span 3 =   4.792125,   5.017192       
# span 4 =    36.5246,    36.6106       
# span 5 =      2.328,    200.037       
# span 6 =      2.344,    201.554       
# span 7 =    18.1679,    20.2780       
# span 8 =   4.794232,   5.017325       
# span 9 =    36.5243,    36.6113       
# span 10 =     0.0151,     0.8561      
# span 11 = 1.0000e-12, 1.0000e-12      
# span 12 =    -0.0095,     0.0730      
# span 13 =    98.1910,   100.2371      
# span 14 =       1.05,      98.76      
# span 15 =    186.647,    222.444      
# span 16 =     4.2896,     5.1107      
# span 17 = 2.4602e+03, 2.4810e+03      
# span 18 =          1,          1      
# span 19 =         14,        560      
# span 20 = 0.0000e+00, 0.0000e+00      
# interval = decibars: 1                
# start_time = May 01 2012 14:05:20 [NMEA time, header]
# bad_flag = -9.990e-29
*END*
[from data line 207]
   32.93944  -65.77384    19.0061   4.886691    36.5626    182.633    184.011    18.9667   4.881906    36.5575     0.0601 1.0000e-12    -0.0051   100.1274      98.70    196.288     4.5104 2.4785e+03          1         26 0.0000e+00
   32.93944  -65.77384    19.0382   4.890349    36.5661    181.624    182.994    19.0311   4.888709    36.5581     0.0742 1.0000e-12    -0.0050   100.1255      98.69    199.478     4.5837 2.4773e+03          1         23 0.0000e+00
   32.93944  -65.77384    19.1257   4.900045    36.5699    180.651    182.012    19.1050   4.896251    36.5563     0.0663 1.0000e-12    -0.0050   100.1255      98.70    201.490     4.6298 2.4781e+03          1         23 0.0000e+00
   32.93944  -65.77384    19.2003   4.908304    36.5736    179.609    180.962    19.1969   4.907372    36.5684     0.0492 1.0000e-12    -0.0050   100.1244      98.56    202.233     4.6468 2.4773e+03          1         25 0.0000e+00
   32.93944  -65.77383    19.2612   4.915448    36.5806    178.617    179.963    19.2397   4.912918    36.5784     0.0524 1.0000e-12    -0.0041   100.1015      33.39    204.487     4.6986 2.4775e+03          1         37 0.0000e+00
   32.93944  -65.77382    19.2667   4.915681    36.5797    177.720    179.059    19.2722   4.916227    36.5789     0.0318 1.0000e-12    -0.0046   100.1143      67.13    207.721     4.7729 2.4793e+03          1         28 0.0000e+00
   32.93944  -65.77382    19.2865   4.918018    36.5828    176.710    178.041    19.2638   4.915358    36.5807     0.0505 1.0000e-12    -0.0049   100.1214      98.70    209.018     4.8027 2.4791e+03          1         17 0.0000e+00
   32.93944  -65.77382    19.3199   4.921759    36.5851    175.703    177.025    19.3075   4.919621    36.5779     0.0309 1.0000e-12    -0.0051   100.1278      98.70    208.847     4.7987 2.4773e+03          1         15 0.0000e+00
   32.93944  -65.77382    19.3416   4.924042    36.5856    174.660    175.974    19.3378   4.923489    36.5840     0.0292 1.0000e-12    -0.0049   100.1226      98.69    208.972     4.8016 2.4754e+03          1         14 0.0000e+00
   32.93944  -65.77382    19.3471   4.924651    36.5867    173.653    174.960    19.3426   4.923976    36.5849     0.0282 1.0000e-12    -0.0042   100.1051      98.69    209.458     4.8127 2.4748e+03          1         16 0.0000e+00
   32.93944  -65.77382    19.3560   4.925517    36.5873    172.594    173.892    19.3515   4.925021    36.5869     0.0470 1.0000e-12    -0.0007   100.0176      14.87    210.176     4.8292 2.4737e+03          1         32 0.0000e+00
   32.93944  -65.77382    19.3425   4.923867    36.5875    171.895    173.187    19.3429   4.924110    36.5889     0.0578 1.0000e-12    -0.0036   100.0913      59.73    211.612     4.8622 2.4779e+03          1         59 0.0000e+00
   32.93944  -65.77382    19.3486   4.924464    36.5883    170.724    172.007    19.3482   4.924331    36.5874     0.0552 1.0000e-12    -0.0043   100.1082      98.70    211.157     4.8518 2.4804e+03          1         19 0.0000e+00
   32.93944  -65.77382    19.3567   4.925341    36.5891    169.716    170.992    19.3559   4.925182    36.5883     0.0653 1.0000e-12    -0.0041   100.1042      98.69    210.990     4.8479 2.4782e+03          1         14 0.0000e+00
   32.93944  -65.77382    19.3666   4.926397    36.5897    168.751    170.018    19.3643   4.926088    36.5890     0.0494 1.0000e-12    -0.0043   100.1073      98.68    211.177     4.8522 2.4775e+03          1         15 0.0000e+00
   32.93944  -65.77382    19.3690   4.926614    36.5901    167.734    168.994    19.3686   4.926548    36.5897     0.0539 1.0000e-12    -0.0029   100.0730      98.70    211.303     4.8551 2.4763e+03          1         17 0.0000e+00
   32.93944  -65.77382    19.3697   4.926604    36.5901    166.735    167.987    19.3694   4.926657    36.5907     0.0551 1.0000e-12    -0.0015   100.0380      98.69    211.389     4.8571 2.4754e+03          1         22 0.0000e+00
   32.93944  -65.77382    19.3711   4.926730    36.5906    165.759    167.002    19.3694   4.926587    36.5909     0.0533 1.0000e-12    -0.0032   100.0799      98.69    212.478     4.8821 2.4756e+03          1         30 0.0000e+00
   32.93944  -65.77382    19.3717   4.926698    36.5907    164.769    166.005    19.3704   4.926632    36.5912     0.0677 1.0000e-12    -0.0026   100.0644      98.69    212.507     4.8828 2.4753e+03          1         33 0.0000e+00
   32.93944  -65.77380    19.3698   4.926440    36.5909    163.751    164.979    19.3709   4.926672    36.5919     0.0640 1.0000e-12    -0.0035   100.0896      98.69    212.569     4.8842 2.4761e+03          1         31 0.0000e+00
   32.93944  -65.77380    19.3709   4.926504    36.5912    162.788    164.008    19.3689   4.926404    36.5920     0.0568 1.0000e-12    -0.0030   100.0756      98.69    212.285     4.8776 2.4785e+03          1         30 0.0000e+00
   32.93944  -65.77380    19.3727   4.926638    36.5913    161.788    163.000    19.3707   4.926462    36.5915     0.0716 1.0000e-12    -0.0028   100.0693      98.69    212.267     4.8772 2.4810e+03          1         21 0.0000e+00
   32.93944  -65.77380    19.3727   4.926643    36.5918    160.781    161.986    19.3715   4.926571    36.5922     0.0663 1.0000e-12    -0.0021   100.0537      98.70    212.769     4.8888 2.4794e+03          1         16 0.0000e+00
   32.93944  -65.77380    19.3737   4.926714    36.5920    159.837    161.034    19.3729   4.926666    36.5922     0.0988 1.0000e-12    -0.0020   100.0510      98.70    212.739     4.8881 2.4771e+03          1         14 0.0000e+00
   32.93945  -65.77381    19.3742   4.926720    36.5921    158.803    159.992    19.3732   4.926678    36.5925     0.1084 1.0000e-12    -0.0013   100.0328      98.69    212.575     4.8843 2.4735e+03          1         16 0.0000e+00
   32.93946  -65.77382    19.3744   4.926698    36.5921    157.774    158.955    19.3737   4.926688    36.5927     0.0948 1.0000e-12    -0.0008   100.0195      64.13    212.428     4.8809 2.4717e+03          1         24 0.0000e+00
   32.93946  -65.77382    19.3740   4.926614    36.5925    156.893    158.067    19.3740   4.926701    36.5931     0.0970 1.0000e-12    -0.0009   100.0219       5.66    212.560     4.8840 2.4769e+03          1         87 0.0000e+00
   32.93946  -65.77380    19.3728   4.926427    36.5925    155.848    157.013    19.3725   4.926479    36.5932     0.0942 1.0000e-12    -0.0016   100.0402       5.76    212.624     4.8854 2.4803e+03          1         29 0.0000e+00
   32.93945  -65.77380    19.3740   4.926529    36.5929    154.573    155.728    19.3738   4.926583    36.5936     0.0912 1.0000e-12    -0.0004   100.0098      13.19    212.836     4.8903 2.4737e+03          1        128 0.0000e+00
   32.93944  -65.77380    19.3746   4.926547    36.5929    153.956    155.106    19.3739   4.926583    36.5938     0.0931 1.0000e-12    -0.0014   100.0353      98.69    212.963     4.8932 2.4774e+03          1         64 0.0000e+00
   32.93945  -65.77380    19.3725   4.926283    36.5930    152.844    153.986    19.3724   4.926358    36.5937     0.1030 1.0000e-12    -0.0003   100.0073      98.70    212.756     4.8885 2.4740e+03          1         45 0.0000e+00
   32.93946  -65.77380    19.3735   4.926365    36.5932    152.080    153.216    19.3728   4.926388    36.5940     0.1100 1.0000e-12     0.0004    99.9908      98.70    212.981     4.8936 2.4734e+03          1        136 0.0000e+00
   32.93946  -65.77380    19.3742   4.926401    36.5933    150.793    151.919    19.3739   4.926438    36.5939     0.1126 1.0000e-12    -0.0010   100.0256      98.70    212.857     4.8908 2.4763e+03          1         52 0.0000e+00
   32.93946  -65.77377    19.3740   4.926366    36.5935    150.095    151.216    19.3737   4.926426    36.5943     0.1264 1.0000e-12     0.0001    99.9982      98.70    212.941     4.8927 2.4795e+03          1        560 0.0000e+00
   32.93948  -65.77376    19.3735   4.926264    36.5935    149.016    150.128    19.3739   4.926403    36.5943     0.1390 1.0000e-12     0.0005    99.9871      98.70    213.148     4.8975 2.4790e+03          1         73 0.0000e+00
   32.93948  -65.77376    19.3737   4.926230    36.5935    147.891    148.994    19.3738   4.926332    36.5942     0.1030 1.0000e-12     0.0018    99.9545      98.71    213.084     4.8960 2.4775e+03          1         41 0.0000e+00
   32.93948  -65.77376    19.3747   4.926282    36.5934    146.903    147.998    19.3747   4.926357    36.5941     0.1340 1.0000e-12     0.0015    99.9626      98.71    213.069     4.8957 2.4764e+03          1         41 0.0000e+00
   32.93948  -65.77376    19.3751   4.926263    36.5932    145.916    147.004    19.3751   4.926357    36.5941     0.1401 1.0000e-12     0.0016    99.9609      98.71    212.875     4.8912 2.4763e+03          1         36 0.0000e+00
   32.93948  -65.77376    19.3754   4.926254    36.5934    144.908    145.987    19.3753   4.926325    36.5941     0.1434 1.0000e-12     0.0010    99.9743      98.71    212.932     4.8925 2.4757e+03          1         31 0.0000e+00
   32.93948  -65.77376    19.3754   4.926218    36.5934    143.948    145.021    19.3752   4.926286    36.5941     0.1585 1.0000e-12     0.0016    99.9597      98.71    213.063     4.8955 2.4759e+03          1         32 0.0000e+00
   32.93948  -65.77376    19.3753   4.926163    36.5934    142.943    144.007    19.3752   4.926240    36.5941     0.1640 1.0000e-12     0.0021    99.9469      98.70    212.677     4.8867 2.4754e+03          1         31 0.0000e+00
   32.93948  -65.77374    19.3756   4.926145    36.5934    141.960    143.017    19.3756   4.926239    36.5942     0.1644 1.0000e-12     0.0019    99.9536      98.71    212.555     4.8839 2.4752e+03          1         28 0.0000e+00
   32.93948  -65.77374    19.3757   4.926122    36.5934    140.953    142.002    19.3756   4.926214    36.5943     0.1668 1.0000e-12     0.0033    99.9176      98.70    213.124     4.8969 2.4747e+03          1         24 0.0000e+00
   32.93948  -65.77374    19.3757   4.926075    36.5934    139.952    140.993    19.3756   4.926155    36.5942     0.1440 1.0000e-12     0.0083    99.7924      98.71    213.183     4.8983 2.4749e+03          1         23 0.0000e+00
   32.93948  -65.77374    19.3756   4.926010    36.5934    138.977    140.011    19.3755   4.926092    36.5942     0.1776 1.0000e-12     0.0050    99.8755      98.71    213.257     4.9000 2.4748e+03          1         25 0.0000e+00
   32.93948  -65.77374    19.3754   4.925953    36.5935    138.002    139.028    19.3752   4.926013    36.5941     0.2123 1.0000e-12     0.0050    99.8742      98.71    213.121     4.8969 2.4737e+03          1         26 0.0000e+00
   32.93948  -65.77374    19.3753   4.925890    36.5934    136.965    137.983    19.3752   4.925959    36.5941     0.2071 1.0000e-12     0.0044    99.8893      98.71    212.652     4.8861 2.4743e+03          1         28 0.0000e+00
   32.93948  -65.77374    19.3750   4.925816    36.5934    136.002    137.012    19.3750   4.925912    36.5942     0.2013 1.0000e-12     0.0035    99.9133      98.71    213.071     4.8957 2.4747e+03          1         24 0.0000e+00
   32.93948  -65.77374    19.3750   4.925769    36.5934    134.995    135.998    19.3749   4.925845    36.5941     0.2157 1.0000e-12     0.0050    99.8766      98.70    213.104     4.8965 2.4749e+03          1         25 0.0000e+00
   32.93948  -65.77374    19.3752   4.925745    36.5934    134.060    135.055    19.3750   4.925821    36.5942     0.2160 1.0000e-12     0.0050    99.8752      98.71    212.966     4.8933 2.4759e+03          1         26 0.0000e+00
   32.93948  -65.77374    19.3755   4.925732    36.5934    133.037    134.024    19.3756   4.925823    36.5940     0.2209 1.0000e-12     0.0065    99.8384      98.71    212.528     4.8832 2.4751e+03          1         24 0.0000e+00
   32.93948  -65.77374    19.3758   4.925718    36.5934    132.058    133.038    19.3759   4.925821    36.5941     0.2266 1.0000e-12     0.0062    99.8451      98.71    212.244     4.8767 2.4755e+03          1         22 0.0000e+00
   32.93948  -65.77374    19.3761   4.925717    36.5935    131.059    132.031    19.3763   4.925828    36.5942     0.2523 1.0000e-12     0.0070    99.8262      98.70    212.574     4.8843 2.4756e+03          1         25 0.0000e+00
   32.93948  -65.77374    19.3765   4.925705    36.5934    130.005    130.969    19.3763   4.925789    36.5942     0.2543 1.0000e-12     0.0083    99.7919      98.71    213.151     4.8975 2.4754e+03          1         31 0.0000e+00
   32.93948  -65.77374    19.3764   4.925661    36.5935    129.044    130.001    19.3762   4.925724    36.5942     0.2455 1.0000e-12     0.0082    99.7957      98.71    213.633     4.9086 2.4758e+03          1         28 0.0000e+00
   32.93948  -65.77374    19.3766   4.925610    36.5933    128.056    129.005    19.3765   4.925696    36.5941     0.2711 1.0000e-12     0.0081    99.7984      98.71    213.395     4.9032 2.4759e+03          1         25 0.0000e+00
   32.93948  -65.77374    19.3767   4.925592    36.5934    127.047    127.988    19.3767   4.925682    36.5941     0.2793 1.0000e-12     0.0085    99.7881      98.71    213.051     4.8953 2.4756e+03          1         25 0.0000e+00
   32.93948  -65.77374    19.3767   4.925531    36.5932    126.064    126.998    19.3766   4.925632    36.5942     0.3277 1.0000e-12     0.0083    99.7930      98.71    213.252     4.8999 2.4759e+03          1         28 0.0000e+00
   32.93948  -65.77374    19.3767   4.925491    36.5933    125.081    126.007    19.3765   4.925563    36.5941     0.3126 1.0000e-12     0.0098    99.7550      98.71    213.152     4.8976 2.4759e+03          1         27 0.0000e+00
   32.93948  -65.77374    19.3766   4.925429    36.5933    124.109    125.027    19.3764   4.925511    36.5941     0.3279 1.0000e-12     0.0095    99.7622      98.71    213.187     4.8984 2.4759e+03          1         22 0.0000e+00
   32.93948  -65.77374    19.3765   4.925386    36.5933    123.093    124.004    19.3764   4.925456    36.5941     0.3213 1.0000e-12     0.0097    99.7572      98.72    213.333     4.9017 2.4759e+03          1         21 0.0000e+00
   32.93948  -65.77374    19.3765   4.925328    36.5932    122.132    123.035    19.3765   4.925422    36.5940     0.3062 1.0000e-12     0.0084    99.7902      98.71    213.260     4.9001 2.4765e+03          1         22 0.0000e+00
   32.93948  -65.77374    19.3766   4.925280    36.5932    121.073    121.968    19.3764   4.925355    36.5939     0.3194 1.0000e-12     0.0088    99.7806      98.71    213.307     4.9011 2.4761e+03          1         24 0.0000e+00
   32.93948  -65.77374    19.3764   4.925231    36.5933    120.075    120.962    19.3763   4.925323    36.5941     0.3160 1.0000e-12     0.0092    99.7704      98.71    212.781     4.8891 2.4759e+03          1         26 0.0000e+00
   32.93949  -65.77374    19.3762   4.925163    36.5932    119.133    120.013    19.3762   4.925255    36.5941     0.3227 1.0000e-12     0.0093    99.7673      98.71    212.928     4.8924 2.4751e+03          1         28 0.0000e+00
   32.93950  -65.77374    19.3763   4.925119    36.5932    118.147    119.020    19.3763   4.925209    36.5939     0.3606 1.0000e-12     0.0098    99.7556      98.71    213.114     4.8967 2.4744e+03          1         23 0.0000e+00
   32.93950  -65.77374    19.3763   4.925075    36.5932    117.141    118.005    19.3763   4.925165    36.5940     0.3585 1.0000e-12     0.0113    99.7189      98.71    213.255     4.8999 2.4744e+03          1         22 0.0000e+00
   32.93950  -65.77374    19.3761   4.925005    36.5931    116.146    117.003    19.3761   4.925081    36.5938     0.3515 1.0000e-12     0.0110    99.7259      98.72    213.324     4.9015 2.4758e+03          1         24 0.0000e+00
