Data/ruptures/KN207-01/QL-2/20701070.cnv
* Sea-Bird SBE 9 Data File:
* FileName = C:\Data\ctd\20701070.hex
* Software Version Seasave V 7.21e
* Temperature SN = 4406
* Conductivity SN = 1474
* Number of Bytes Per Scan = 40
* Number of Voltage Words = 5
* Number of Scans Averaged by the Deck Unit = 1
* NMEA Latitude = 32 58.13 N
* NMEA Longitude = 065 45.11 W
* NMEA UTC (Time) = May 01 2012 19:59:29
** R/V Knorr Cruise # KN207-01 QL 2
** Chief Scientist: Ben Van Mooy
# nquan = 21
# nvalues = 400                         
# units = specified
# name 0 = latitude: Latitude [deg]
# name 1 = longitude: Longitude [deg]
# name 2 = t090C: Temperature [ITS-90, deg C]
# name 3 = c0S/m: Conductivity [S/m]
# name 4 = sal00: Salinity, Practical [PSU]
# name 5 = depSM: Depth [salt water, m]
# name 6 = prDM: Pressure, Digiquartz [db]
# name 7 = t190C: Temperature, 2 [ITS-90, deg C]
# name 8 = c1S/m: Conductivity, 2 [S/m]
# name 9 = sal11: Salinity, Practical, 2 [PSU]
# name 10 = flECO-AFL: Fluorescence, WET Labs ECO-AFL/FL [mg/m^3]
# name 11 = par: PAR/Irradiance, Biospherical/Licor
# name 12 = bat: Beam Attenuation, Chelsea/Seatech [1/m]
# name 13 = xmiss: Beam Transmission, Chelsea/Seatech [%]
# name 14 = altM: Altimeter [m]
# name 15 = sbeox0Mm/Kg: Oxygen, SBE 43 [umol/kg]
# name 16 = sbeox0ML/L: Oxygen, SBE 43 [ml/l]
# name 17 = spar: SPAR/Surface Irradiance
# name 18 = pumps: Pump Status
# name 19 = nbin: number of scans per bin
# name 20 = flag: flag
# span 0 =   32.96895,   32.97112       
# span 1 =  -65.75186,  -65.75018       
# span 2 =    17.8290,    20.5093       
# span 3 =   4.466712,   5.042299       
# span 4 =    31.9975,    37.0387       
# span 5 =      2.443,    200.081       
# span 6 =      2.460,    201.600       
# span 7 =    17.8277,    20.5271       
# span 8 =   4.756422,   5.044471       
# span 9 =    36.5038,    36.6217       
# span 10 =    -0.0109,     0.9680      
# span 11 = 1.0000e-12, 1.0000e-12      
# span 12 =    -0.0145,     0.0816      
# span 13 =    97.9815,   100.3643      
# span 14 =       1.29,      98.93      
# span 15 =    124.867,    388.715      
# span 16 =     2.8694,     8.9286      
# span 17 = 2.4889e+03, 2.6009e+03      
# span 18 =          1,          1      
# span 19 =         11,       1231      
# span 20 = 0.0000e+00, 0.0000e+00      
# interval = decibars: 1                
# start_time = May 01 2012 19:59:29 [NMEA time, header]
# bad_flag = -9.990e-29
*END*
[from data line 207]
   32.97008  -65.75106    17.9149   4.765822    36.5085    192.550    194.007    17.8979   4.763589    36.5049     0.0152 1.0000e-12    -0.0128   100.3197      98.71    187.488     4.3092 2.5642e+03          1         20 0.0000e+00
   32.97008  -65.75106    17.9348   4.767743    36.5074    191.540    192.989    17.9254   4.766565    36.5058     0.0205 1.0000e-12    -0.0126   100.3138      98.70    187.646     4.3128 2.5650e+03          1         19 0.0000e+00
   32.97008  -65.75106    17.9587   4.770080    36.5060    190.565    192.007    17.9480   4.768827    36.5050     0.0379 1.0000e-12    -0.0126   100.3146      98.70    187.772     4.3157 2.5567e+03          1         20 0.0000e+00
   32.97008  -65.75104    17.9796   4.772186    36.5056    189.567    191.001    17.9706   4.771051    36.5041     0.0340 1.0000e-12    -0.0122   100.3033      98.70    187.530     4.3101 2.5519e+03          1         25 0.0000e+00
   32.97008  -65.75104    18.0066   4.775122    36.5067    188.562    189.988    17.9853   4.772840    36.5066     0.0379 1.0000e-12    -0.0107   100.2667      98.70    187.181     4.3020 2.5457e+03          1         26 0.0000e+00
   32.97008  -65.75104    18.0168   4.776439    36.5095    187.588    189.006    18.0065   4.774893    36.5055     0.0334 1.0000e-12    -0.0116   100.2899      98.70    187.230     4.3031 2.5366e+03          1         25 0.0000e+00
   32.97008  -65.75104    18.0496   4.780080    36.5114    186.587    187.996    18.0344   4.778157    36.5087     0.0226 1.0000e-12    -0.0103   100.2570      98.71    186.731     4.2917 2.5436e+03          1         25 0.0000e+00
   32.97008  -65.75104    18.0961   4.784942    36.5113    185.598    187.000    18.0577   4.780339    36.5068     0.0164 1.0000e-12    -0.0106   100.2652      98.71    186.611     4.2889 2.5403e+03          1         25 0.0000e+00
   32.97010  -65.75104    18.1258   4.788240    36.5132    184.595    185.989    18.0970   4.784864    36.5104     0.0138 1.0000e-12    -0.0111   100.2776      98.71    186.608     4.2888 2.5494e+03          1         25 0.0000e+00
   32.97010  -65.75104    18.1652   4.792535    36.5149    183.613    185.000    18.1527   4.790748    36.5107    -0.0023 1.0000e-12    -0.0116   100.2899      98.71    186.613     4.2888 2.5495e+03          1         25 0.0000e+00
   32.97010  -65.75104    18.2371   4.800452    36.5177    182.638    184.017    18.2130   4.797118    36.5109     0.0270 1.0000e-12    -0.0080   100.2005      98.70    186.525     4.2868 2.5492e+03          1         25 0.0000e+00
   32.97010  -65.75104    18.2942   4.807069    36.5231    181.674    183.044    18.2642   4.802988    36.5153     0.0203 1.0000e-12    -0.0087   100.2174      98.71    186.314     4.2819 2.5460e+03          1         21 0.0000e+00
   32.97010  -65.75104    18.3583   4.814258    36.5270    180.662    182.024    18.3043   4.807242    36.5160     0.0332 1.0000e-12    -0.0095   100.2367      98.71    186.392     4.2836 2.5458e+03          1         19 0.0000e+00
   32.97012  -65.75102    18.4329   4.822862    36.5333    179.655    181.010    18.4099   4.818898    36.5200     0.0478 1.0000e-12    -0.0099   100.2475      98.70    186.587     4.2880 2.5356e+03          1         19 0.0000e+00
   32.97012  -65.75102    18.5361   4.834253    36.5373    178.642    179.988    18.5240   4.831112    36.5211     0.0457 1.0000e-12    -0.0087   100.2162      98.70    186.904     4.2952 2.5361e+03          1         21 0.0000e+00
   32.97012  -65.75102    18.6552   4.846782    36.5368    177.636    178.975    18.5995   4.840104    36.5304     0.0241 1.0000e-12    -0.0037   100.0928      98.70    188.217     4.3253 2.5423e+03          1         26 0.0000e+00
   32.97012  -65.75102    18.7195   4.853788    36.5397    176.660    177.991    18.7108   4.851457    36.5272     0.0362 1.0000e-12    -0.0072   100.1804      98.71    190.548     4.3788 2.5414e+03          1         28 0.0000e+00
   32.97012  -65.75102    18.8549   4.868571    36.5437    175.698    177.021    18.7448   4.855852    36.5357     0.0307 1.0000e-12    -0.0069   100.1739      98.70    192.728     4.4287 2.5435e+03          1         27 0.0000e+00
   32.97012  -65.75102    18.9156   4.876337    36.5563    174.711    176.026    18.8514   4.867898    36.5426     0.0213 1.0000e-12    -0.0068   100.1718      98.71    195.005     4.4810 2.5368e+03          1         26 0.0000e+00
   32.97012  -65.75102    18.9762   4.882875    36.5586    173.697    175.005    18.8833   4.871496    36.5459     0.0531 1.0000e-12    -0.0073   100.1830      98.71    197.018     4.5272 2.5342e+03          1         25 0.0000e+00
   32.97012  -65.75102    19.0379   4.889549    36.5607    172.688    173.987    18.9876   4.883556    36.5548     0.0663 1.0000e-12    -0.0068   100.1709      98.71    199.124     4.5756 2.5310e+03          1         21 0.0000e+00
   32.97012  -65.75102    19.1128   4.898189    36.5673    171.694    172.986    19.0503   4.889834    36.5525     0.0570 1.0000e-12    -0.0062   100.1546      98.71    200.193     4.6000 2.5380e+03          1         23 0.0000e+00
   32.97012  -65.75102    19.1672   4.903490    36.5646    170.726    172.009    19.1786   4.903468    36.5530     0.0509 1.0000e-12    -0.0036   100.0908      98.71    201.568     4.6316 2.5436e+03          1         26 0.0000e+00
   32.97014  -65.75100    19.2225   4.909945    36.5708    169.757    171.033    19.2260   4.910091    36.5680     0.0597 1.0000e-12    -0.0061   100.1522      98.71    204.150     4.6908 2.5478e+03          1         24 0.0000e+00
   32.97014  -65.75100    19.2547   4.913661    36.5746    168.754    170.022    19.2098   4.908867    36.5742     0.0471 1.0000e-12    -0.0071   100.1770      42.57    205.914     4.7313 2.5494e+03          1         22 0.0000e+00
   32.97014  -65.75100    19.2935   4.918109    36.5784    167.738    168.998    19.2341   4.910596    36.5683     0.0423 1.0000e-12    -0.0078   100.1951       6.07    206.809     4.7519 2.5447e+03          1         20 0.0000e+00
   32.97014  -65.75100    19.3174   4.920604    36.5794    166.718    167.970    19.3032   4.918540    36.5741     0.0530 1.0000e-12    -0.0074   100.1851       6.49    208.249     4.7850 2.5450e+03          1         25 0.0000e+00
   32.97014  -65.75100    19.3321   4.922083    36.5802    165.735    166.979    19.3235   4.920840    36.5767     0.0490 1.0000e-12    -0.0073   100.1822      34.96    209.035     4.8030 2.5496e+03          1         24 0.0000e+00
   32.97016  -65.75100    19.3305   4.921834    36.5811    164.765    166.001    19.3307   4.921644    36.5785     0.0410 1.0000e-12    -0.0076   100.1908      98.71    210.326     4.8327 2.5496e+03          1         24 0.0000e+00
   32.97016  -65.75100    19.3372   4.922544    36.5822    163.809    165.037    19.3249   4.921221    36.5816     0.0544 1.0000e-12    -0.0078   100.1947      98.71    210.811     4.8438 2.5542e+03          1         19 0.0000e+00
   32.97016  -65.75100    19.3422   4.923101    36.5834    162.825    164.046    19.3349   4.922192    36.5818     0.0643 1.0000e-12    -0.0068   100.1694      98.70    210.690     4.8410 2.5579e+03          1         20 0.0000e+00
   32.97016  -65.75100    19.3502   4.923871    36.5838    161.801    163.013    19.3456   4.923265    36.5823     0.0466 1.0000e-12    -0.0065   100.1619      98.71    211.132     4.8511 2.5576e+03          1         24 0.0000e+00
   32.97016  -65.75100    19.3549   4.924281    36.5843    160.770    161.974    19.3491   4.923653    36.5837     0.0624 1.0000e-12    -0.0076   100.1886      98.70    211.245     4.8538 2.5447e+03          1         32 0.0000e+00
   32.97018  -65.75098    19.3546   4.924114    36.5843    159.787    160.984    19.3516   4.923874    36.5846     0.0621 1.0000e-12    -0.0071   100.1775      98.71    211.084     4.8501 2.5251e+03          1         31 0.0000e+00
   32.97018  -65.75098    19.3557   4.924232    36.5853    158.851    160.040    19.3506   4.923665    36.5847     0.0599 1.0000e-12    -0.0067   100.1669      98.71    211.197     4.8527 2.5233e+03          1         23 0.0000e+00
   32.97018  -65.75098    19.3584   4.924504    36.5858    157.865    159.047    19.3543   4.923993    36.5850     0.0482 1.0000e-12    -0.0060   100.1501      98.71    211.635     4.8627 2.5322e+03          1         21 0.0000e+00
   32.97018  -65.75098    19.3628   4.924917    36.5861    156.867    158.041    19.3563   4.924239    36.5859     0.0463 1.0000e-12    -0.0059   100.1487      98.71    211.704     4.8643 2.5372e+03          1         19 0.0000e+00
   32.97018  -65.75098    19.3662   4.925348    36.5872    155.830    156.996    19.3609   4.924709    36.5864     0.0567 1.0000e-12    -0.0053   100.1339      98.72    211.734     4.8650 2.5284e+03          1         19 0.0000e+00
   32.97018  -65.75098    19.3684   4.925577    36.5879    154.821    155.979    19.3641   4.925080    36.5873     0.0809 1.0000e-12    -0.0037   100.0930      98.71    211.556     4.8609 2.5231e+03          1         18 0.0000e+00
   32.97018  -65.75098    19.3699   4.925733    36.5884    153.837    154.987    19.3677   4.925458    36.5879     0.0748 1.0000e-12    -0.0030   100.0765      98.71    211.629     4.8626 2.5403e+03          1         22 0.0000e+00
   32.97018  -65.75098    19.3719   4.925918    36.5888    152.862    154.005    19.3693   4.925619    36.5884     0.0670 1.0000e-12    -0.0037   100.0944      98.71    211.973     4.8705 2.5512e+03          1         24 0.0000e+00
   32.97018  -65.75098    19.3724   4.925926    36.5890    151.878    153.013    19.3682   4.925546    36.5894     0.0788 1.0000e-12    -0.0030   100.0765      98.71    212.097     4.8733 2.5643e+03          1         29 0.0000e+00
   32.97018  -65.75098    19.3717   4.925778    36.5891    150.887    152.014    19.3701   4.925604    36.5889     0.0876 1.0000e-12    -0.0015   100.0395      98.71    212.457     4.8816 2.5655e+03          1         33 0.0000e+00
   32.97020  -65.75096    19.3706   4.925631    36.5894    149.930    151.049    19.3693   4.925511    36.5894     0.1003 1.0000e-12    -0.0031   100.0774      98.71    212.019     4.8715 2.5660e+03          1         29 0.0000e+00
   32.97020  -65.75096    19.3707   4.925574    36.5893    148.922    150.034    19.3683   4.925305    36.5892     0.1057 1.0000e-12    -0.0043   100.1077      98.71    211.608     4.8621 2.5654e+03          1         20 0.0000e+00
   32.97020  -65.75096    19.3722   4.925691    36.5894    147.922    149.026    19.3708   4.925565    36.5896     0.0958 1.0000e-12    -0.0038   100.0972      98.71    212.137     4.8742 2.5651e+03          1         17 0.0000e+00
   32.97020  -65.75096    19.3721   4.925634    36.5895    146.906    148.002    19.3711   4.925547    36.5896     0.0807 1.0000e-12    -0.0032   100.0806      98.71    212.579     4.8844 2.5655e+03          1         17 0.0000e+00
   32.97020  -65.75096    19.3727   4.925673    36.5898    145.899    146.987    19.3723   4.925639    36.5897     0.0747 1.0000e-12    -0.0023   100.0579      98.71    212.604     4.8850 2.5601e+03          1         17 0.0000e+00
   32.97021  -65.75095    19.3731   4.925663    36.5898    144.909    145.990    19.3720   4.925574    36.5899     0.0860 1.0000e-12    -0.0032   100.0797      98.71    212.533     4.8833 2.5606e+03          1         23 0.0000e+00
   32.97022  -65.75094    19.3739   4.925721    36.5901    143.899    144.971    19.3731   4.925660    36.5902     0.0901 1.0000e-12    -0.0033   100.0821      98.71    212.427     4.8809 2.5704e+03          1         34 0.0000e+00
   32.97022  -65.75094    19.3747   4.925784    36.5903    142.951    144.016    19.3736   4.925729    36.5907     0.1143 1.0000e-12    -0.0024   100.0605      98.71    212.296     4.8779 2.5676e+03          1         33 0.0000e+00
   32.97022  -65.75094    19.3754   4.925863    36.5908    141.984    143.042    19.3740   4.925693    36.5905     0.1230 1.0000e-12    -0.0011   100.0265      98.71    211.916     4.8692 2.5651e+03          1         26 0.0000e+00
   32.97022  -65.75094    19.3763   4.925922    36.5909    140.986    142.035    19.3735   4.925648    36.5911     0.1081 1.0000e-12    -0.0012   100.0286      98.71    212.242     4.8766 2.5648e+03          1         22 0.0000e+00
   32.97024  -65.75094    19.3767   4.925919    36.5909    139.975    141.016    19.3759   4.925824    36.5908     0.1126 1.0000e-12    -0.0014   100.0338      98.71    212.744     4.8882 2.5663e+03          1         19 0.0000e+00
   32.97024  -65.75094    19.3763   4.925844    36.5910    138.957    139.991    19.3761   4.925839    36.5912     0.1238 1.0000e-12    -0.0016   100.0405      98.70    212.544     4.8836 2.5659e+03          1         19 0.0000e+00
   32.97024  -65.75094    19.3762   4.925768    36.5909    137.954    138.979    19.3761   4.925777    36.5911     0.1170 1.0000e-12    -0.0005   100.0116      98.72    212.139     4.8743 2.5667e+03          1         18 0.0000e+00
   32.97024  -65.75094    19.3768   4.925772    36.5908    136.951    137.969    19.3765   4.925763    36.5910     0.1257 1.0000e-12     0.0011    99.9713      98.71    212.261     4.8771 2.5666e+03          1         22 0.0000e+00
   32.97024  -65.75094    19.3763   4.925682    36.5909    135.947    136.958    19.3765   4.925753    36.5913     0.1433 1.0000e-12     0.0049    99.8776      98.71    211.866     4.8680 2.5674e+03          1         25 0.0000e+00
   32.97024  -65.75093    19.3765   4.925646    36.5909    134.984    135.987    19.3761   4.925686    36.5915     0.1277 1.0000e-12     0.0019    99.9532      98.71    212.067     4.8726 2.5681e+03          1         38 0.0000e+00
   32.97024  -65.75092    19.3761   4.925557    36.5909    134.047    135.043    19.3757   4.925578    36.5914     0.1862 1.0000e-12     0.0009    99.9776      98.71    212.980     4.8936 2.5660e+03          1         31 0.0000e+00
   32.97024  -65.75092    19.3761   4.925524    36.5909    133.049    134.036    19.3747   4.925406    36.5913     0.1863 1.0000e-12     0.0007    99.9824      98.72    212.392     4.8801 2.5646e+03          1         19 0.0000e+00
   32.97024  -65.75092    19.3773   4.925611    36.5910    132.054    133.035    19.3761   4.925501    36.5912     0.1748 1.0000e-12     0.0016    99.9602      98.71    212.566     4.8841 2.5648e+03          1         18 0.0000e+00
   32.97024  -65.75092    19.3775   4.925602    36.5912    131.036    132.009    19.3775   4.925644    36.5915     0.1748 1.0000e-12     0.0020    99.9501      98.71    212.309     4.8782 2.5663e+03          1         18 0.0000e+00
   32.97025  -65.75092    19.3779   4.925609    36.5913    130.059    131.024    19.3773   4.925598    36.5916     0.1762 1.0000e-12     0.0022    99.9456      98.71    212.228     4.8763 2.5688e+03          1         21 0.0000e+00
   32.97026  -65.75092    19.3779   4.925548    36.5912    129.046    130.003    19.3776   4.925576    36.5917     0.1861 1.0000e-12     0.0047    99.8825      98.71    212.717     4.8876 2.5701e+03          1         27 0.0000e+00
   32.97026  -65.75092    19.3780   4.925514    36.5912    128.031    128.980    19.3775   4.925524    36.5917     0.1916 1.0000e-12     0.0033    99.9187      98.71    212.493     4.8824 2.5649e+03          1         24 0.0000e+00
   32.97026  -65.75092    19.3777   4.925461    36.5914    127.045    127.987    19.3776   4.925505    36.5918     0.1860 1.0000e-12     0.0041    99.8979      98.71    212.491     4.8824 2.5603e+03          1         21 0.0000e+00
   32.97026  -65.75092    19.3781   4.925453    36.5913    126.064    126.997    19.3772   4.925410    36.5918     0.1800 1.0000e-12     0.0038    99.9059      98.72    212.183     4.8753 2.5590e+03          1         22 0.0000e+00
