Data/ruptures/KN207-01/QL-2/20701056.cnv
* Sea-Bird SBE 9 Data File:
* FileName = C:\Data\ctd\20701056.hex
* Software Version Seasave V 7.21e
* Temperature SN = 4406
* Conductivity SN = 1474
* Number of Bytes Per Scan = 40
* Number of Voltage Words = 5
* Number of Scans Averaged by the Deck Unit = 1
* NMEA Latitude = 32 56.37 N
* NMEA Longitude = 065 57.17 W
* NMEA UTC (Time) = Apr 30 2012 03:58:14
** R/V Knorr Cruise # KN207-01 QL2
** Chief Scientist: Ben Van Mooy
# nquan = 21
# nvalues = 398                         
# units = specified
# name 0 = latitude: Latitude [deg]
# name 1 = longitude: Longitude [deg]
# name 2 = t090C: Temperature [ITS-90, deg C]
# name 3 = c0S/m: Conductivity [S/m]
# name 4 = sal00: Salinity, Practical [PSU]
# name 5 = depSM: Depth [salt water, m]
# name 6 = prDM: Pressure, Digiquartz [db]
# name 7 = t190C: Temperature, 2 [ITS-90, deg C]
# name 8 = c1S/m: Conductivity, 2 [S/m]
# name 9 = sal11: Salinity, Practical, 2 [PSU]
# name 10 = flECO-AFL: Fluorescence, WET Labs ECO-AFL/FL [mg/m^3]
# name 11 = par: PAR/Irradiance, Biospherical/Licor
# name 12 = bat: Beam Attenuation, Chelsea/Seatech [1/m]
# name 13 = xmiss: Beam Transmission, Chelsea/Seatech [%]
# name 14 = altM: Altimeter [m]
# name 15 = sbeox0Mm/Kg: Oxygen, SBE 43 [umol/kg]
# name 16 = sbeox0ML/L: Oxygen, SBE 43 [ml/l]
# name 17 = spar: SPAR/Surface Irradiance
# name 18 = pumps: Pump Status
# name 19 = nbin: number of scans per bin
# name 20 = flag: flag
# span 0 =   32.93832,   32.93964       
# span 1 =  -65.95298,  -65.95201       
# span 2 =    18.0120,    20.4517       
# span 3 =   4.573303,   5.034911       
# span 4 =    32.8671,    37.0001       
# span 5 =      3.112,    200.207       
# span 6 =      3.134,    201.726       
# span 7 =    18.0117,    20.4516       
# span 8 =   4.776435,   5.034734       
# span 9 =    35.1440,    36.9946       
# span 10 =    -0.0075,     0.8120      
# span 11 = 1.0000e-12, 1.0000e-12      
# span 12 =    -0.0111,     0.1939      
# span 13 =    95.2774,   100.2778      
# span 14 =       1.23,      98.76      
# span 15 =    129.966,    371.011      
# span 16 =     2.9870,     8.5212      
# span 17 = 1.3384e+01, 1.4418e+01      
# span 18 =          1,          1      
# span 19 =         15,        729      
# span 20 = 0.0000e+00, 0.0000e+00      
# interval = decibars: 1                
# start_time = Apr 30 2012 03:58:14 [NMEA time, header]
# bad_flag = -9.990e-29
*END*
[from data line 276]
   32.93886  -65.95246    19.3710   4.924794    36.5932    123.140    124.051    19.3710   4.924871    36.5938     0.1235 1.0000e-12     0.0027    99.9329      98.71    211.955     4.8701 1.3999e+01          1         29 0.0000e+00
   32.93886  -65.95246    19.3710   4.924737    36.5932    122.098    123.001    19.3707   4.924767    36.5937     0.1351 1.0000e-12     0.0036    99.9117      98.71    212.337     4.8789 1.3688e+01          1         22 0.0000e+00
   32.93884  -65.95246    19.3717   4.924771    36.5932    121.069    121.964    19.3712   4.924796    36.5938     0.1358 1.0000e-12     0.0047    99.8822      98.71    212.356     4.8793 1.3971e+01          1         19 0.0000e+00
   32.93884  -65.95246    19.3721   4.924772    36.5932    120.081    120.969    19.3718   4.924813    36.5938     0.1252 1.0000e-12     0.0041    99.8987      98.71    212.371     4.8796 1.3756e+01          1         18 0.0000e+00
   32.93884  -65.95246    19.3723   4.924755    36.5933    119.137    120.017    19.3720   4.924787    36.5938     0.1500 1.0000e-12     0.0044    99.8916      98.71    212.274     4.8774 1.3501e+01          1         19 0.0000e+00
   32.93884  -65.95246    19.3723   4.924715    36.5933    118.156    119.028    19.3718   4.924741    36.5940     0.1518 1.0000e-12     0.0054    99.8649      98.72    212.187     4.8754 1.3915e+01          1         21 0.0000e+00
   32.93884  -65.95246    19.3722   4.924669    36.5934    117.106    117.970    19.3721   4.924730    36.5940     0.1456 1.0000e-12     0.0058    99.8550      98.72    211.822     4.8670 1.3869e+01          1         23 0.0000e+00
   32.93884  -65.95246    19.3721   4.924611    36.5934    116.119    116.976    19.3721   4.924680    36.5940     0.1568 1.0000e-12     0.0056    99.8600      98.71    212.004     4.8712 1.3703e+01          1         28 0.0000e+00
   32.93884  -65.95246    19.3721   4.924566    36.5934    115.161    116.010    19.3719   4.924630    36.5941     0.1642 1.0000e-12     0.0058    99.8544      98.72    212.707     4.8873 1.3663e+01          1         32 0.0000e+00
   32.93884  -65.95246    19.3718   4.924481    36.5933    114.179    115.022    19.3716   4.924541    36.5940     0.1856 1.0000e-12     0.0043    99.8940      98.71    212.505     4.8827 1.3715e+01          1         27 0.0000e+00
   32.93884  -65.95246    19.3714   4.924399    36.5934    113.159    113.994    19.3713   4.924466    36.5940     0.2120 1.0000e-12     0.0048    99.8790      98.71    212.091     4.8732 1.3790e+01          1         22 0.0000e+00
   32.93884  -65.95246    19.3717   4.924386    36.5934    112.162    112.989    19.3713   4.924414    36.5940     0.1691 1.0000e-12     0.0072    99.8210      98.71    211.659     4.8633 1.3830e+01          1         20 0.0000e+00
   32.93883  -65.95245    19.3721   4.924392    36.5934    111.192    112.011    19.3716   4.924412    36.5941     0.1749 1.0000e-12     0.0076    99.8095      98.71    211.646     4.8630 1.3719e+01          1         20 0.0000e+00
   32.93882  -65.95244    19.3723   4.924387    36.5936    110.189    111.000    19.3721   4.924432    36.5942     0.2112 1.0000e-12     0.0076    99.8103      98.71    212.245     4.8767 1.3578e+01          1         23 0.0000e+00
   32.93882  -65.95244    19.3725   4.924386    36.5937    109.182    109.986    19.3723   4.924420    36.5943     0.2092 1.0000e-12     0.0068    99.8298      98.71    212.731     4.8879 1.3477e+01          1         24 0.0000e+00
   32.93882  -65.95244    19.3727   4.924352    36.5937    108.187    108.984    19.3724   4.924398    36.5944     0.2179 1.0000e-12     0.0093    99.7693      98.72    212.777     4.8889 1.3962e+01          1         27 0.0000e+00
   32.93882  -65.95244    19.3727   4.924308    36.5937    107.202    107.991    19.3724   4.924358    36.5944     0.2244 1.0000e-12     0.0114    99.7151      98.72    212.462     4.8817 1.3899e+01          1         26 0.0000e+00
   32.93882  -65.95244    19.3726   4.924254    36.5937    106.253    107.035    19.3724   4.924316    36.5944     0.2328 1.0000e-12     0.0101    99.7477      98.71    212.164     4.8749 1.3966e+01          1         23 0.0000e+00
   32.93882  -65.95244    19.3726   4.924205    36.5937    105.262    106.036    19.3723   4.924247    36.5943     0.2361 1.0000e-12     0.0115    99.7120      98.70    212.219     4.8761 1.3849e+01          1         24 0.0000e+00
   32.93882  -65.95244    19.3723   4.924118    36.5936    104.231    104.997    19.3721   4.924175    36.5943     0.2688 1.0000e-12     0.0124    99.6895      98.71    212.419     4.8807 1.3663e+01          1         24 0.0000e+00
   32.93882  -65.95244    19.3714   4.923941    36.5933    103.212    103.971    19.3715   4.924057    36.5942     0.2413 1.0000e-12     0.0128    99.6815      98.72    212.260     4.8771 1.3813e+01          1         26 0.0000e+00
   32.93882  -65.95244    19.3701   4.923684    36.5928    102.245    102.996    19.3700   4.923768    36.5935     0.2721 1.0000e-12     0.0128    99.6813      98.71    212.542     4.8836 1.4128e+01          1         21 0.0000e+00
   32.93882  -65.95244    19.3693   4.923503    36.5923    101.201    101.944    19.3693   4.923599    36.5932     0.2828 1.0000e-12     0.0126    99.6853      98.72    212.666     4.8864 1.3830e+01          1         25 0.0000e+00
   32.93882  -65.95244    19.3690   4.923431    36.5924    100.199    100.934    19.3688   4.923494    36.5931     0.2998 1.0000e-12     0.0127    99.6831      98.72    211.807     4.8667 1.3694e+01          1         36 0.0000e+00
   32.93882  -65.95244    19.3690   4.923401    36.5925     99.298    100.027    19.3690   4.923482    36.5931     0.3460 1.0000e-12     0.0143    99.6432      98.71    212.653     4.8861 1.4091e+01          1         82 0.0000e+00
   32.93880  -65.95244    19.3692   4.923351    36.5922     98.310     99.031    19.3689   4.923397    36.5929     0.3193 1.0000e-12     0.0147    99.6342      98.71    212.845     4.8905 1.3769e+01          1         29 0.0000e+00
   32.93880  -65.95244    19.3696   4.923360    36.5923     97.315     98.028    19.3694   4.923404    36.5928     0.3413 1.0000e-12     0.0140    99.6503      98.72    212.464     4.8818 1.3632e+01          1         27 0.0000e+00
   32.93880  -65.95244    19.3718   4.923598    36.5927     96.181     96.886    19.3713   4.923611    36.5933     0.3425 1.0000e-12     0.0171    99.5725      98.72    212.108     4.8736 1.3475e+01          1         49 0.0000e+00
   32.93880  -65.95244    19.3694   4.923278    36.5925     95.491     96.191    19.3706   4.923483    36.5932     0.3691 1.0000e-12     0.0205    99.4893      98.72    212.610     4.8851 1.3933e+01          1         61 0.0000e+00
   32.93880  -65.95244    19.3726   4.923610    36.5928     94.288     94.979    19.3722   4.923619    36.5933     0.3906 1.0000e-12     0.0196    99.5108      98.71    212.637     4.8857 1.3888e+01          1         31 0.0000e+00
   32.93879  -65.95243    19.3729   4.923598    36.5928     93.287     93.971    19.3728   4.923665    36.5935     0.4178 1.0000e-12     0.0228    99.4325      98.72    212.719     4.8876 1.3724e+01          1         46 0.0000e+00
   32.93878  -65.95242    19.3730   4.923569    36.5929     92.354     93.031    19.3730   4.923647    36.5935     0.4669 1.0000e-12     0.0218    99.4574      98.72    212.887     4.8915 1.3871e+01          1         55 0.0000e+00
   32.93878  -65.95242    19.3735   4.923575    36.5929     91.345     92.014    19.3731   4.923599    36.5935     0.5007 1.0000e-12     0.0224    99.4426      98.72    212.569     4.8842 1.3992e+01          1         44 0.0000e+00
   32.93878  -65.95242    19.3734   4.923537    36.5930     90.303     90.964    19.3730   4.923570    36.5937     0.5247 1.0000e-12     0.0246    99.3862      98.72    212.899     4.8918 1.3793e+01          1         60 0.0000e+00
   32.93878  -65.95242    19.3735   4.923481    36.5928     89.411     90.065    19.3733   4.923540    36.5935     0.5738 1.0000e-12     0.0263    99.3460      98.72    213.341     4.9019 1.3955e+01          1         43 0.0000e+00
   32.93878  -65.95242    19.3744   4.923568    36.5932     88.326     88.972    19.3740   4.923590    36.5937     0.5475 1.0000e-12     0.0279    99.3047      98.72    212.489     4.8823 1.3894e+01          1         35 0.0000e+00
   32.93878  -65.95242    19.3755   4.923689    36.5935     87.320     87.959    19.3752   4.923725    36.5942     0.5841 1.0000e-12     0.0298    99.2574      98.72    213.408     4.9034 1.4021e+01          1         84 0.0000e+00
   32.93876  -65.95240    19.3759   4.923693    36.5936     86.481     87.113    19.3755   4.923719    36.5942     0.5767 1.0000e-12     0.0318    99.2078      98.72    213.483     4.9052 1.4150e+01          1         67 0.0000e+00
   32.93876  -65.95240    19.3770   4.923796    36.5939     85.350     85.974    19.3767   4.923842    36.5946     0.6200 1.0000e-12     0.0314    99.2195      98.72    213.198     4.8986 1.3838e+01          1         54 0.0000e+00
   32.93876  -65.95240    19.3770   4.923769    36.5940     84.489     85.106    19.3768   4.923824    36.5947     0.6405 1.0000e-12     0.0358    99.1086      98.72    213.627     4.9085 1.3834e+01          1        124 0.0000e+00
   32.93872  -65.95237    19.3781   4.923840    36.5941     83.466     84.075    19.3800   4.924128    36.5948     0.6614 1.0000e-12     0.0392    99.0250      87.82    213.635     4.9087 1.3987e+01          1        729 0.0000e+00
   32.93868  -65.95234    19.3818   4.924208    36.5943     82.428     83.030    19.3827   4.924364    36.5949     0.6658 1.0000e-12     0.0428    98.9345      96.81    214.255     4.9229 1.3912e+01          1         38 0.0000e+00
   32.93866  -65.95232    19.3824   4.924216    36.5943     81.339     81.932    19.3828   4.924341    36.5949     0.6612 1.0000e-12     0.0463    98.8484      98.73    214.063     4.9185 1.3749e+01          1         55 0.0000e+00
   32.93866  -65.95231    19.3831   4.924260    36.5943     80.594     81.182    19.3830   4.924324    36.5950     0.7305 1.0000e-12     0.0468    98.8375      77.38    214.315     4.9243 1.3747e+01          1         80 0.0000e+00
   32.93866  -65.95230    19.3837   4.924273    36.5943     79.429     80.008    19.3839   4.924354    36.5948     0.6675 1.0000e-12     0.0461    98.8531      98.74    214.777     4.9349 1.4021e+01          1         35 0.0000e+00
   32.93866  -65.95230    19.3853   4.924389    36.5942     78.418     78.990    19.3860   4.924537    36.5948     0.7677 1.0000e-12     0.0489    98.7837      98.73    215.034     4.9408 1.3670e+01          1         39 0.0000e+00
   32.93865  -65.95230    19.3873   4.924584    36.5944     77.329     77.892    19.3874   4.924678    36.5951     0.7406 1.0000e-12     0.0520    98.7093      98.73    214.801     4.9354 1.3859e+01          1         61 0.0000e+00
   32.93864  -65.95230    19.3879   4.924624    36.5946     76.583     77.140    19.3879   4.924689    36.5951     0.8120 1.0000e-12     0.0514    98.7240      98.73    215.056     4.9413 1.3899e+01          1         65 0.0000e+00
   32.93863  -65.95229    19.3887   4.924672    36.5947     75.456     76.005    19.3902   4.924898    36.5952     0.6508 1.0000e-12     0.0490    98.7822      98.72    215.040     4.9409 1.3862e+01          1         28 0.0000e+00
   32.93862  -65.95228    19.3919   4.925009    36.5950     74.432     74.974    19.3933   4.925210    36.5954     0.6555 1.0000e-12     0.0471    98.8286      98.73    215.087     4.9420 1.3797e+01          1         27 0.0000e+00
   32.93862  -65.95228    19.3941   4.925199    36.5951     73.389     73.923    19.3944   4.925302    36.5957     0.5985 1.0000e-12     0.0453    98.8732      98.73    215.544     4.9525 1.3612e+01          1         49 0.0000e+00
   32.93863  -65.95228    19.3927   4.925015    36.5951     72.613     73.141    19.3931   4.925122    36.5957     0.5505 1.0000e-12     0.0443    98.8976      86.42    215.662     4.9552 1.3948e+01          1         91 0.0000e+00
   32.93864  -65.95228    19.3956   4.925252    36.5949     71.501     72.020    19.3960   4.925362    36.5955     0.4978 1.0000e-12     0.0438    98.9107      98.73    215.321     4.9474 1.3862e+01          1         28 0.0000e+00
   32.93864  -65.95228    19.3974   4.925418    36.5950     70.504     71.017    19.3978   4.925503    36.5955     0.4572 1.0000e-12     0.0411    98.9787      98.73    215.536     4.9523 1.3681e+01          1         30 0.0000e+00
   32.93860  -65.95228    19.3990   4.925545    36.5951     69.479     69.984    19.3991   4.925630    36.5957     0.4118 1.0000e-12     0.0423    98.9489      98.73    215.789     4.9581 1.4043e+01          1         44 0.0000e+00
   32.93860  -65.95228    19.3991   4.925509    36.5951     68.558     69.056    19.3997   4.925622    36.5956     0.3901 1.0000e-12     0.0428    98.9343      98.73    216.159     4.9666 1.3942e+01          1         68 0.0000e+00
   32.93860  -65.95226    19.4001   4.925549    36.5950     67.516     68.006    19.4005   4.925642    36.5954     0.3689 1.0000e-12     0.0445    98.8939      98.73    216.426     4.9728 1.3854e+01          1         38 0.0000e+00
   32.93860  -65.95226    19.4019   4.925717    36.5952     66.477     66.960    19.4039   4.925970    36.5955     0.3695 1.0000e-12     0.0469    98.8333      83.47    215.856     4.9597 1.4067e+01          1         49 0.0000e+00
   32.93860  -65.95226    19.4056   4.926036    36.5949     65.599     66.075    19.4047   4.926024    36.5956     0.3787 1.0000e-12     0.0474    98.8223      82.14    216.133     4.9660 1.3869e+01          1         46 0.0000e+00
   32.93860  -65.95226    19.4063   4.926053    36.5948     64.563     65.032    19.4074   4.926228    36.5953     0.3685 1.0000e-12     0.0483    98.8002      98.74    217.154     4.9895 1.3790e+01          1         33 0.0000e+00
   32.93860  -65.95226    19.4118   4.926594    36.5949     63.470     63.930    19.4114   4.926613    36.5953     0.3485 1.0000e-12     0.0484    98.7964      98.74    216.403     4.9722 1.3996e+01          1         62 0.0000e+00
   32.93859  -65.95225    19.4135   4.926715    36.5947     62.608     63.062    19.4133   4.926772    36.5954     0.3572 1.0000e-12     0.0487    98.7906      98.73    217.328     4.9935 1.3715e+01          1         54 0.0000e+00
   32.93858  -65.95224    19.4144   4.926793    36.5950     61.544     61.990    19.4166   4.927055    36.5952     0.3075 1.0000e-12     0.0497    98.7658      91.93    217.184     4.9901 1.4368e+01          1         34 0.0000e+00
   32.93858  -65.95224    19.4180   4.927067    36.5945     60.559     60.998    19.4189   4.927222    36.5949     0.3218 1.0000e-12     0.0537    98.6664      93.71    217.070     4.9875 1.4081e+01          1         32 0.0000e+00
   32.93858  -65.95224    19.4189   4.927100    36.5944     59.463     59.894    19.4186   4.927143    36.5950     0.3131 1.0000e-12     0.0572    98.5810      78.61    217.699     5.0020 1.3914e+01          1         80 0.0000e+00
   32.93858  -65.95224    19.4182   4.926971    36.5943     58.669     59.093    19.4186   4.927057    36.5947     0.3500 1.0000e-12     0.0561    98.6066      66.91    217.939     5.0075 1.3891e+01          1         44 0.0000e+00
   32.93857  -65.95224    19.4187   4.926877    36.5935     57.579     57.996    19.4191   4.926925    36.5936     0.3044 1.0000e-12     0.0570    98.5849      69.74    217.932     5.0073 1.4128e+01          1         27 0.0000e+00
   32.93856  -65.95224    19.4236   4.927220    36.5924     56.537     56.947    19.4237   4.927265    36.5927     0.2899 1.0000e-12     0.0582    98.5547       1.23    217.223     4.9910 1.4011e+01          1         32 0.0000e+00
