Data/ruptures/KN207-01/QL-2/20701060.cnv
* Sea-Bird SBE 9 Data File:
* FileName = C:\Data\ctd\20701060.hex
* Software Version Seasave V 7.21e
* Temperature SN = 4406
* Conductivity SN = 1474
* Number of Bytes Per Scan = 40
* Number of Voltage Words = 5
* Number of Scans Averaged by the Deck Unit = 1
* NMEA Latitude = 32 54.34 N
* NMEA Longitude = 065 52.83 W
* NMEA UTC (Time) = Apr 30 2012 16:27:24
** R/V Knorr Cruise # KN207-01 QL 2
** Chief Scientist: Ben Van Mooy
# nquan = 21
# nvalues = 398                         
# units = specified
# name 0 = latitude: Latitude [deg]
# name 1 = longitude: Longitude [deg]
# name 2 = t090C: Temperature [ITS-90, deg C]
# name 3 = c0S/m: Conductivity [S/m]
# name 4 = sal00: Salinity, Practical [PSU]
# name 5 = depSM: Depth [salt water, m]
# name 6 = prDM: Pressure, Digiquartz [db]
# name 7 = t190C: Temperature, 2 [ITS-90, deg C]
# name 8 = c1S/m: Conductivity, 2 [S/m]
# name 9 = sal11: Salinity, Practical, 2 [PSU]
# name 10 = flECO-AFL: Fluorescence, WET Labs ECO-AFL/FL [mg/m^3]
# name 11 = par: PAR/Irradiance, Biospherical/Licor
# name 12 = bat: Beam Attenuation, Chelsea/Seatech [1/m]
# name 13 = xmiss: Beam Transmission, Chelsea/Seatech [%]
# name 14 = altM: Altimeter [m]
# name 15 = sbeox0Mm/Kg: Oxygen, SBE 43 [umol/kg]
# name 16 = sbeox0ML/L: Oxygen, SBE 43 [ml/l]
# name 17 = spar: SPAR/Surface Irradiance
# name 18 = pumps: Pump Status
# name 19 = nbin: number of scans per bin
# name 20 = flag: flag
# span 0 =   32.90500,   32.90584       
# span 1 =  -65.88196,  -65.88067       
# span 2 =    18.1416,    20.4056       
# span 3 =   4.434765,   5.030000       
# span 4 =    31.7891,    36.9372       
# span 5 =      3.164,    200.135       
# span 6 =      3.186,    201.652       
# span 7 =    18.1456,    20.4051       
# span 8 =   4.791164,   5.030014       
# span 9 =    35.7283,    36.9319       
# span 10 =     0.0124,     0.7348      
# span 11 = 1.0000e-12, 1.1585e-01      
# span 12 =    -0.0091,     0.0712      
# span 13 =    98.2354,   100.2279      
# span 14 =       3.77,      98.84      
# span 15 =    134.927,    386.388      
# span 16 =     3.1002,     8.8745      
# span 17 = 1.3604e+03, 3.6782e+03      
# span 18 =          1,          1      
# span 19 =         15,       1823      
# span 20 = 0.0000e+00, 0.0000e+00      
# interval = decibars: 1                
# start_time = Apr 30 2012 16:27:24 [NMEA time, header]
# bad_flag = -9.990e-29
*END*
[from data line 207]
   32.90574  -65.88104    18.7024   4.853558    36.5498    191.551    193.000    18.6406   4.845657    36.5388     0.0211 9.1202e-02    -0.0065   100.1635      98.70    192.130     4.4152 1.4952e+03          1         23 0.0000e+00
   32.90574  -65.88104    18.7460   4.858279    36.5515    190.571    192.012    18.7099   4.853169    36.5407     0.0273 9.1200e-02    -0.0065   100.1640      98.70    193.125     4.4380 1.4978e+03          1         24 0.0000e+00
   32.90574  -65.88104    18.7860   4.862489    36.5524    189.567    191.000    18.7615   4.859352    36.5476     0.0360 9.1055e-02    -0.0053   100.1330      98.70    194.282     4.4645 1.5000e+03          1         30 0.0000e+00
   32.90574  -65.88106    18.8458   4.869084    36.5554    188.629    190.054    18.8483   4.867906    36.5427     0.0385 9.1034e-02    -0.0041   100.1035      98.70    195.246     4.4866 1.4987e+03          1         27 0.0000e+00
   32.90574  -65.88106    18.9575   4.881700    36.5620    187.617    189.034    18.8911   4.873158    36.5499     0.0382 9.1162e-02    -0.0041   100.1032      98.69    196.058     4.5052 1.4941e+03          1         23 0.0000e+00
   32.90574  -65.88106    19.0471   4.891817    36.5674    186.576    187.985    18.9715   4.881906    36.5520     0.0214 9.1666e-02    -0.0055   100.1372      98.71    196.828     4.5228 1.4923e+03          1         18 0.0000e+00
   32.90574  -65.88106    19.1397   4.901982    36.5704    185.573    186.973    19.1089   4.896511    36.5517     0.0438 9.1303e-02    -0.0051   100.1276      98.69    198.169     4.5535 1.4922e+03          1         16 0.0000e+00
   32.90574  -65.88106    19.2007   4.908734    36.5733    184.597    185.990    19.1639   4.903921    36.5656     0.0483 9.0685e-02    -0.0050   100.1244      98.70    200.296     4.6023 1.4940e+03          1         18 0.0000e+00
   32.90573  -65.88106    19.2366   4.912750    36.5766    183.562    184.946    19.2038   4.908698    36.5716     0.0354 8.9558e-02    -0.0050   100.1244      98.70    203.147     4.6678 1.4964e+03          1         29 0.0000e+00
   32.90572  -65.88106    19.2748   4.916957    36.5797    182.642    184.019    19.2482   4.914070    36.5788     0.0392 8.8333e-02    -0.0050   100.1237      98.70    206.445     4.7436 1.4995e+03          1         38 0.0000e+00
   32.90572  -65.88106    19.2914   4.918766    36.5820    181.655    183.025    19.2795   4.916948    36.5768     0.0484 8.7143e-02    -0.0041   100.1030      98.70    208.511     4.7910 1.5024e+03          1         24 0.0000e+00
   32.90572  -65.88106    19.3268   4.923166    36.5882    180.661    182.023    19.2722   4.917047    36.5857     0.0343 8.6566e-02    -0.0048   100.1203      98.70    208.568     4.7923 1.5035e+03          1         19 0.0000e+00
   32.90572  -65.88106    19.3307   4.923391    36.5879    179.618    180.971    19.3209   4.921846    36.5831     0.0570 8.6138e-02    -0.0025   100.0627      98.70    208.773     4.7970 1.5017e+03          1         20 0.0000e+00
   32.90572  -65.88107    19.3308   4.923142    36.5870    178.630    179.975    19.3294   4.923004    36.5865     0.0590 8.5276e-02    -0.0040   100.0999      98.70    209.310     4.8093 1.4988e+03          1         21 0.0000e+00
   32.90572  -65.88108    19.3374   4.923741    36.5873    177.657    178.995    19.3341   4.923419    36.5870     0.0632 8.3553e-02    -0.0040   100.1006      98.71    209.751     4.8194 1.4955e+03          1         27 0.0000e+00
   32.90572  -65.88108    19.3404   4.924102    36.5888    176.682    178.012    19.3298   4.922926    36.5880     0.0609 8.1115e-02    -0.0043   100.1073      98.71    210.145     4.8285 1.4960e+03          1         24 0.0000e+00
   32.90572  -65.88108    19.3475   4.925062    36.5914    175.716    177.038    19.3409   4.924059    36.5886     0.0691 7.8862e-02    -0.0041   100.1036      98.72    209.675     4.8177 1.4984e+03          1         21 0.0000e+00
   32.90572  -65.88108    19.3570   4.926251    36.5938    174.703    176.018    19.3519   4.925328    36.5903     0.0768 7.6585e-02    -0.0039   100.0976      98.71    209.817     4.8210 1.5023e+03          1         24 0.0000e+00
   32.90572  -65.88108    19.3651   4.927183    36.5953    173.688    174.994    19.3611   4.926619    36.5938     0.0859 7.5643e-02    -0.0011   100.0269      98.70    210.811     4.8438 1.5064e+03          1         29 0.0000e+00
   32.90572  -65.88108    19.3655   4.927118    36.5955    172.702    174.001    19.3668   4.927340    36.5958     0.1027 6.9008e-02    -0.0011   100.0267      98.70    210.926     4.8464 1.5056e+03          1         30 0.0000e+00
   32.90572  -65.88108    19.3661   4.927161    36.5962    171.702    172.992    19.3664   4.927210    36.5960     0.1166 5.2705e-02     0.0003    99.9914      98.71    211.217     4.8531 1.5013e+03          1         23 0.0000e+00
   32.90572  -65.88108    19.3639   4.926642    36.5945    170.718    172.001    19.3639   4.926830    36.5959     0.1230 5.3818e-02     0.0000   100.0000      98.71    211.522     4.8602 1.4992e+03          1         19 0.0000e+00
   32.90572  -65.88108    19.3602   4.925916    36.5924    169.748    171.023    19.3623   4.926391    36.5943     0.1018 5.3036e-02    -0.0014   100.0338      98.72    211.732     4.8650 1.5011e+03          1         19 0.0000e+00
   32.90572  -65.88108    19.3595   4.925660    36.5915    168.735    170.002    19.3610   4.925961    36.5925     0.0941 5.1847e-02    -0.0024   100.0613      98.70    211.807     4.8667 1.5040e+03          1         22 0.0000e+00
   32.90572  -65.88108    19.3592   4.925513    36.5911    167.778    169.037    19.3593   4.925631    36.5918     0.1029 5.0516e-02    -0.0012   100.0283      98.71    211.466     4.8588 1.5057e+03          1         23 0.0000e+00
   32.90572  -65.88108    19.3588   4.925330    36.5906    166.750    168.001    19.3593   4.925484    36.5913     0.0914 4.2627e-02    -0.0019   100.0484      98.70    210.952     4.8470 1.5060e+03          1         23 0.0000e+00
   32.90572  -65.88108    19.3597   4.925378    36.5907    165.768    167.011    19.3594   4.925386    36.5909     0.0730 4.2039e-02    -0.0031   100.0779      98.70    211.218     4.8532 1.5060e+03          1         21 0.0000e+00
   32.90572  -65.88108    19.3627   4.925668    36.5910    164.743    165.979    19.3608   4.925504    36.5912     0.0618 4.2199e-02    -0.0036   100.0915      98.71    211.474     4.8590 1.5059e+03          1         25 0.0000e+00
   32.90571  -65.88109    19.3638   4.925773    36.5914    163.716    164.943    19.3628   4.925672    36.5914     0.0595 4.2431e-02    -0.0037   100.0923      98.70    211.322     4.8556 1.5055e+03          1         28 0.0000e+00
   32.90570  -65.88110    19.3649   4.925819    36.5913    162.791    164.011    19.3626   4.925675    36.5921     0.0784 4.2440e-02    -0.0034   100.0855      98.71    211.376     4.8568 1.5076e+03          1         37 0.0000e+00
   32.90570  -65.88110    19.3649   4.925823    36.5919    161.808    163.020    19.3653   4.925868    36.5918     0.0369 4.2441e-02    -0.0037   100.0936      98.71    211.606     4.8621 1.5106e+03          1         25 0.0000e+00
   32.90570  -65.88110    19.3669   4.925998    36.5920    160.814    162.018    19.3657   4.925883    36.5920     0.0502 4.2560e-02    -0.0014   100.0351      98.70    211.544     4.8607 1.5123e+03          1         19 0.0000e+00
   32.90570  -65.88110    19.3677   4.926030    36.5920    159.797    160.994    19.3673   4.925985    36.5919     0.0686 4.2616e-02    -0.0010   100.0231      98.71    211.416     4.8577 1.5115e+03          1         17 0.0000e+00
   32.90570  -65.88111    19.3681   4.926055    36.5923    158.767    159.955    19.3678   4.926094    36.5928     0.0826 4.2515e-02    -0.0011   100.0270      98.71    211.560     4.8610 1.5095e+03          1         19 0.0000e+00
   32.90570  -65.88112    19.3687   4.926093    36.5925    157.777    158.958    19.3683   4.926087    36.5928     0.0798 4.2061e-02    -0.0008   100.0184      98.71    211.592     4.8617 1.5071e+03          1         32 0.0000e+00
   32.90570  -65.88112    19.3694   4.926133    36.5927    156.981    158.155    19.3690   4.926156    36.5931     0.0840 4.2305e-02    -0.0001   100.0028      98.70    211.645     4.8629 1.5089e+03          1         82 0.0000e+00
   32.90570  -65.88112    19.3691   4.926053    36.5928    155.859    157.024    19.3675   4.925947    36.5933     0.0838 4.2885e-02     0.0005    99.9895      98.70    211.980     4.8707 1.5160e+03          1         24 0.0000e+00
   32.90570  -65.88112    19.3691   4.925996    36.5928    154.823    155.981    19.3682   4.925953    36.5931     0.1080 4.2894e-02    -0.0001   100.0037      98.71    212.042     4.8721 1.5172e+03          1         23 0.0000e+00
   32.90570  -65.88112    19.3689   4.925906    36.5926    153.826    154.975    19.3687   4.925952    36.5931     0.0794 4.2822e-02    -0.0008   100.0195      98.71    211.580     4.8615 1.5151e+03          1         25 0.0000e+00
   32.90570  -65.88112    19.3693   4.925942    36.5928    153.093    154.237    19.3687   4.925947    36.5934     0.0839 4.2907e-02    -0.0012   100.0304      98.71    211.871     4.8682 1.5154e+03          1         88 0.0000e+00
   32.90568  -65.88114    19.3697   4.925944    36.5931    151.647    152.780    19.3689   4.925920    36.5936     0.0880 4.3254e-02    -0.0011   100.0272      98.71    211.869     4.8681 1.5140e+03          1        105 0.0000e+00
   32.90565  -65.88121    19.3701   4.925992    36.5935    151.046    152.174    19.3700   4.926052    36.5941     0.0898 4.3607e-02    -0.0007   100.0179      98.71    211.858     4.8678 1.5632e+03          1       1545 0.0000e+00
   32.90558  -65.88130    19.3701   4.925942    36.5936    149.822    150.940    19.3700   4.926011    36.5942     0.0922 4.3602e-02     0.0002    99.9938      98.72    212.114     4.8737 1.6677e+03          1         75 0.0000e+00
   32.90558  -65.88130    19.3700   4.925895    36.5935    148.966    150.077    19.3700   4.925950    36.5940     0.1072 4.3626e-02     0.0009    99.9766      98.72    212.024     4.8717 1.6685e+03          1         32 0.0000e+00
   32.90558  -65.88130    19.3701   4.925839    36.5934    147.896    148.999    19.3701   4.925901    36.5940     0.0799 4.3776e-02    -0.0005   100.0121      98.72    211.859     4.8679 1.6718e+03          1         19 0.0000e+00
   32.90558  -65.88130    19.3698   4.925764    36.5934    146.905    148.000    19.3700   4.925853    36.5940     0.0872 4.3785e-02     0.0003    99.9932      98.72    211.906     4.8690 1.6759e+03          1         19 0.0000e+00
   32.90558  -65.88130    19.3697   4.925709    36.5934    145.883    146.970    19.3697   4.925777    36.5940     0.0827 4.3925e-02     0.0003    99.9929      98.72    211.585     4.8616 1.6816e+03          1         26 0.0000e+00
   32.90558  -65.88130    19.3696   4.925666    36.5935    144.928    146.008    19.3696   4.925730    36.5941     0.1021 4.3957e-02     0.0002    99.9959      98.72    211.800     4.8665 1.6884e+03          1         33 0.0000e+00
   32.90558  -65.88130    19.3697   4.925606    36.5934    143.957    145.029    19.3696   4.925681    36.5940     0.0781 4.4041e-02     0.0021    99.9471      98.72    212.287     4.8777 1.6952e+03          1         29 0.0000e+00
   32.90558  -65.88131    19.3698   4.925563    36.5933    142.957    144.021    19.3697   4.925638    36.5939     0.0768 4.4248e-02     0.0021    99.9479      98.73    211.894     4.8687 1.6977e+03          1         22 0.0000e+00
   32.90558  -65.88132    19.3698   4.925555    36.5935    141.986    143.043    19.3698   4.925606    36.5939     0.0888 4.5096e-02     0.0014    99.9650      98.72    211.996     4.8710 1.6978e+03          1         20 0.0000e+00
   32.90558  -65.88132    19.3698   4.925489    36.5934    140.977    142.026    19.3698   4.925574    36.5940     0.1035 4.5285e-02     0.0009    99.9766      98.72    212.219     4.8761 1.6980e+03          1         20 0.0000e+00
   32.90558  -65.88132    19.3697   4.925441    36.5935    139.947    140.988    19.3696   4.925515    36.5941     0.0951 4.5109e-02     0.0009    99.9777      98.73    211.954     4.8701 1.7025e+03          1         24 0.0000e+00
   32.90558  -65.88132    19.3695   4.925381    36.5935    138.978    140.011    19.3695   4.925448    36.5941     0.0894 4.4735e-02     0.0012    99.9710      98.72    211.533     4.8604 1.7129e+03          1         33 0.0000e+00
   32.90556  -65.88132    19.3696   4.925336    36.5934    138.049    139.075    19.3695   4.925403    36.5940     0.1038 4.4612e-02     0.0019    99.9515      98.72    211.809     4.8667 1.7187e+03          1         29 0.0000e+00
   32.90556  -65.88132    19.3697   4.925294    36.5934    137.019    138.037    19.3697   4.925368    36.5939     0.1002 4.4521e-02     0.0013    99.9663      98.72    212.020     4.8716 1.7205e+03          1         20 0.0000e+00
   32.90556  -65.88132    19.3701   4.925302    36.5934    135.973    136.982    19.3702   4.925364    36.5939     0.0745 4.4637e-02     0.0024    99.9412      98.72    212.099     4.8734 1.7195e+03          1         16 0.0000e+00
   32.90556  -65.88132    19.3700   4.925261    36.5935    134.969    135.971    19.3703   4.925339    36.5940     0.1027 4.4292e-02     0.0029    99.9290      98.72    212.052     4.8723 1.7206e+03          1         15 0.0000e+00
   32.90556  -65.88132    19.3700   4.925201    36.5934    133.996    134.990    19.3701   4.925276    36.5939     0.1134 4.3265e-02     0.0020    99.9509      98.73    211.862     4.8680 1.7239e+03          1         16 0.0000e+00
   32.90556  -65.88132    19.3700   4.925156    36.5935    132.979    133.966    19.3698   4.925220    36.5941     0.1255 4.2591e-02     0.0021    99.9464      98.72    211.445     4.8583 1.7305e+03          1         26 0.0000e+00
   32.90556  -65.88132    19.3700   4.925091    36.5933    132.042    133.022    19.3698   4.925163    36.5940     0.1147 4.2534e-02     0.0045    99.8879      98.72    211.707     4.8644 1.7400e+03          1         35 0.0000e+00
   32.90556  -65.88132    19.3700   4.925050    36.5932    131.076    132.048    19.3700   4.925116    36.5938     0.1389 4.2540e-02     0.0043    99.8930      98.73    212.313     4.8783 1.7439e+03          1         21 0.0000e+00
   32.90556  -65.88132    19.3702   4.925045    36.5934    130.080    131.044    19.3705   4.925116    36.5937     0.1458 4.2260e-02     0.0036    99.9106      98.72    211.846     4.8676 1.7467e+03          1         19 0.0000e+00
   32.90556  -65.88132    19.3711   4.925087    36.5934    129.033    129.989    19.3712   4.925165    36.5940     0.1441 4.2211e-02     0.0049    99.8783      98.73    211.292     4.8548 1.7517e+03          1         21 0.0000e+00
   32.90556  -65.88132    19.3712   4.925062    36.5934    127.992    128.941    19.3711   4.925117    36.5940     0.1455 4.2018e-02     0.0068    99.8312      98.72    211.970     4.8704 1.7600e+03          1         32 0.0000e+00
   32.90554  -65.88134    19.3713   4.925027    36.5934    127.070    128.011    19.3711   4.925076    36.5940     0.1391 4.1760e-02     0.0055    99.8617      98.73    212.008     4.8713 1.7649e+03          1         32 0.0000e+00
   32.90554  -65.88134    19.3714   4.924984    36.5934    126.067    127.001    19.3713   4.925039    36.5939     0.1863 4.1664e-02     0.0053    99.8660      98.73    212.207     4.8758 1.7675e+03          1         20 0.0000e+00
   32.90554  -65.88134    19.3716   4.924984    36.5936    125.063    125.988    19.3717   4.925047    36.5941     0.1709 4.1718e-02     0.0048    99.8808      98.72    212.279     4.8775 1.7729e+03          1         19 0.0000e+00
