Data/ruptures/KN207-01/QL-2/20701056.cnv
* Sea-Bird SBE 9 Data File:
* FileName = C:\Data\ctd\20701056.hex
* Software Version Seasave V 7.21e
* Temperature SN = 4406
* Conductivity SN = 1474
* Number of Bytes Per Scan = 40
* Number of Voltage Words = 5
* Number of Scans Averaged by the Deck Unit = 1
* NMEA Latitude = 32 56.37 N
* NMEA Longitude = 065 57.17 W
* NMEA UTC (Time) = Apr 30 2012 03:58:14
** R/V Knorr Cruise # KN207-01 QL2
** Chief Scientist: Ben Van Mooy
# nquan = 21
# nvalues = 398                         
# units = specified
# name 0 = latitude: Latitude [deg]
# name 1 = longitude: Longitude [deg]
# name 2 = t090C: Temperature [ITS-90, deg C]
# name 3 = c0S/m: Conductivity [S/m]
# name 4 = sal00: Salinity, Practical [PSU]
# name 5 = depSM: Depth [salt water, m]
# name 6 = prDM: Pressure, Digiquartz [db]
# name 7 = t190C: Temperature, 2 [ITS-90, deg C]
# name 8 = c1S/m: Conductivity, 2 [S/m]
# name 9 = sal11: Salinity, Practical, 2 [PSU]
# name 10 = flECO-AFL: Fluorescence, WET Labs ECO-AFL/FL [mg/m^3]
# name 11 = par: PAR/Irradiance, Biospherical/Licor
# name 12 = bat: Beam Attenuation, Chelsea/Seatech [1/m]
# name 13 = xmiss: Beam Transmission, Chelsea/Seatech [%]
# name 14 = altM: Altimeter [m]
# name 15 = sbeox0Mm/Kg: Oxygen, SBE 43 [umol/kg]
# name 16 = sbeox0ML/L: Oxygen, SBE 43 [ml/l]
# name 17 = spar: SPAR/Surface Irradiance
# name 18 = pumps: Pump Status
# name 19 = nbin: number of scans per bin
# name 20 = flag: flag
# span 0 =   32.93832,   32.93964       
# span 1 =  -65.95298,  -65.95201       
# span 2 =    18.0120,    20.4517       
# span 3 =   4.573303,   5.034911       
# span 4 =    32.8671,    37.0001       
# span 5 =      3.112,    200.207       
# span 6 =      3.134,    201.726       
# span 7 =    18.0117,    20.4516       
# span 8 =   4.776435,   5.034734       
# span 9 =    35.1440,    36.9946       
# span 10 =    -0.0075,     0.8120      
# span 11 = 1.0000e-12, 1.0000e-12      
# span 12 =    -0.0111,     0.1939      
# span 13 =    95.2774,   100.2778      
# span 14 =       1.23,      98.76      
# span 15 =    129.966,    371.011      
# span 16 =     2.9870,     8.5212      
# span 17 = 1.3384e+01, 1.4418e+01      
# span 18 =          1,          1      
# span 19 =         15,        729      
# span 20 = 0.0000e+00, 0.0000e+00      
# interval = decibars: 1                
# start_time = Apr 30 2012 03:58:14 [NMEA time, header]
# bad_flag = -9.990e-29
*END*
[from data line 69]
   32.93936  -65.95278    19.3992   4.925672    36.5952     72.438     72.965    19.3991   4.925801    36.5964     0.3341 1.0000e-12     0.1623    96.0347      98.67    214.773     4.9348 1.3543e+01          1         42 0.0000e+00
   32.93936  -65.95278    19.3978   4.925557    36.5951     73.450     73.984    19.3976   4.925670    36.5962     0.3444 1.0000e-12     0.1939    95.2774      98.67    215.726     4.9567 1.3508e+01          1         36 0.0000e+00
   32.93936  -65.95278    19.3974   4.925561    36.5951     74.532     75.075    19.3973   4.925680    36.5961     0.3549 1.0000e-12     0.0813    97.9876      98.64    214.864     4.9369 1.3506e+01          1         55 0.0000e+00
   32.93936  -65.95278    19.3952   4.925366    36.5950     75.397     75.946    19.3951   4.925497    36.5962     0.3778 1.0000e-12     0.0834    97.9376      98.67    215.698     4.9560 1.3576e+01          1         58 0.0000e+00
   32.93934  -65.95278    19.3928   4.925162    36.5951     76.400     76.956    19.3927   4.925285    36.5962     0.4321 1.0000e-12     0.0739    98.1707      98.67    215.348     4.9480 1.3607e+01          1         40 0.0000e+00
   32.93934  -65.95278    19.3915   4.925081    36.5951     77.450     78.014    19.3915   4.925204    36.5962     0.5046 1.0000e-12     0.0618    98.4674      98.67    214.569     4.9301 1.3575e+01          1         35 0.0000e+00
   32.93934  -65.95278    19.3905   4.925001    36.5949     78.540     79.113    19.3908   4.925154    36.5959     0.6117 1.0000e-12     0.0539    98.6625      98.67    214.918     4.9381 1.3564e+01          1         62 0.0000e+00
   32.93934  -65.95278    19.3885   4.924719    36.5940     79.342     79.921    19.3885   4.924930    36.5957     0.6735 1.0000e-12     0.0614    98.4779      98.67    214.136     4.9202 1.3697e+01          1         57 0.0000e+00
   32.93934  -65.95278    19.3873   4.924709    36.5946     80.415     81.001    19.3871   4.924817    36.5956     0.6407 1.0000e-12     0.1241    96.9516      98.67    214.865     4.9369 1.3575e+01          1         35 0.0000e+00
   32.93933  -65.95278    19.3853   4.924528    36.5944     81.393     81.986    19.3852   4.924648    36.5955     0.6492 1.0000e-12     0.0587    98.5438      98.67    214.643     4.9318 1.3511e+01          1         35 0.0000e+00
   32.93932  -65.95278    19.3843   4.924449    36.5943     82.463     83.065    19.3842   4.924570    36.5954     0.6554 1.0000e-12     0.0513    98.7263      98.68    214.486     4.9282 1.3475e+01          1         49 0.0000e+00
   32.93931  -65.95277    19.3832   4.924089    36.5918     83.322     83.930    19.3832   4.924482    36.5952     0.7273 1.0000e-12     0.0619    98.4640      98.67    213.841     4.9134 1.3416e+01          1         69 0.0000e+00
   32.93930  -65.95276    19.3824   4.924322    36.5941     84.397     85.013    19.3823   4.924436    36.5951     0.6744 1.0000e-12     0.0495    98.7705      98.67    214.440     4.9272 1.3650e+01          1         42 0.0000e+00
   32.93930  -65.95276    19.3805   4.924131    36.5938     85.351     85.974    19.3805   4.924266    36.5950     0.6166 1.0000e-12     0.0474    98.8229      98.67    213.997     4.9170 1.3703e+01          1         35 0.0000e+00
   32.93930  -65.95276    19.3799   4.924142    36.5940     86.374     87.005    19.3798   4.924267    36.5952     0.6081 1.0000e-12     0.0462    98.8507      98.67    214.481     4.9281 1.3650e+01          1         42 0.0000e+00
   32.93930  -65.95276    19.3794   4.924152    36.5941     87.382     88.021    19.3793   4.924245    36.5950     0.6300 1.0000e-12     0.0466    98.8430      98.67    213.639     4.9087 1.3621e+01          1         66 0.0000e+00
   32.93930  -65.95276    19.3799   4.924271    36.5943     88.311     88.957    19.3797   4.924372    36.5953     0.6426 1.0000e-12     0.0460    98.8581      98.68    213.664     4.9093 1.3562e+01          1         50 0.0000e+00
   32.93930  -65.95276    19.3796   4.924306    36.5945     89.351     90.005    19.3795   4.924413    36.5954     0.5901 1.0000e-12     0.0385    99.0421      98.67    213.094     4.8962 1.3670e+01          1         39 0.0000e+00
   32.93930  -65.95276    19.3794   4.924326    36.5944     90.342     91.003    19.3793   4.924435    36.5955     0.5471 1.0000e-12     0.0338    99.1586      98.67    213.344     4.9020 1.3511e+01          1         35 0.0000e+00
   32.93929  -65.95275    19.3784   4.924227    36.5941     91.401     92.071    19.3784   4.924348    36.5951     0.5274 1.0000e-12     0.0332    99.1728      98.67    213.584     4.9075 1.3607e+01          1         60 0.0000e+00
   32.93928  -65.95274    19.3777   4.924168    36.5939     92.249     92.925    19.3776   4.924277    36.5949     0.5709 1.0000e-12     0.0321    99.2014      98.67    213.564     4.9070 1.3549e+01          1         54 0.0000e+00
   32.93928  -65.95274    19.3761   4.924003    36.5935     93.366     94.050    19.3757   4.924086    36.5946     0.4732 1.0000e-12     0.0313    99.2217      98.67    213.716     4.9105 1.3540e+01          1         43 0.0000e+00
   32.93928  -65.95274    19.3751   4.923916    36.5934     94.283     94.974    19.3748   4.923992    36.5942     0.4642 1.0000e-12     0.0270    99.3275      98.67    213.419     4.9037 1.3483e+01          1         45 0.0000e+00
   32.93928  -65.95274    19.3742   4.923843    36.5931     95.336     96.035    19.3742   4.923955    36.5941     0.4461 1.0000e-12     0.0268    99.3325      98.68    213.286     4.9007 1.3508e+01          1         36 0.0000e+00
   32.93927  -65.95274    19.3743   4.923879    36.5930     96.336     97.043    19.3742   4.923984    36.5939     0.4256 1.0000e-12     0.0248    99.3830      98.68    212.420     4.8807 1.3541e+01          1         57 0.0000e+00
   32.93926  -65.95274    19.3748   4.924005    36.5932     97.255     97.969    19.3747   4.924105    36.5941     0.4272 1.0000e-12     0.0237    99.4090      98.67    213.471     4.9049 1.3649e+01          1         59 0.0000e+00
   32.93926  -65.95274    19.3751   4.924106    36.5933     98.270     98.991    19.3751   4.924211    36.5942     0.4153 1.0000e-12     0.0234    99.4160      98.68    212.918     4.8922 1.3488e+01          1         43 0.0000e+00
   32.93926  -65.95274    19.3750   4.924121    36.5932     99.280    100.008    19.3749   4.924253    36.5943     0.3868 1.0000e-12     0.0231    99.4254      98.68    212.747     4.8883 1.3625e+01          1         37 0.0000e+00
   32.93926  -65.95274    19.3712   4.923684    36.5926    100.267    101.003    19.3711   4.923801    36.5936     0.3719 1.0000e-12     0.0230    99.4281      98.68    213.062     4.8955 1.3433e+01          1         46 0.0000e+00
   32.93925  -65.95273    19.3699   4.923563    36.5923    101.249    101.993    19.3698   4.923672    36.5933     0.3384 1.0000e-12     0.0192    99.5205      98.67    212.672     4.8865 1.3594e+01          1         53 0.0000e+00
   32.93924  -65.95272    19.3694   4.923541    36.5922    102.196    102.947    19.3693   4.923645    36.5932     0.2811 1.0000e-12     0.0165    99.5892      98.68    212.561     4.8840 1.3781e+01          1         45 0.0000e+00
   32.93924  -65.95272    19.3692   4.923579    36.5923    103.222    103.980    19.3692   4.923694    36.5933     0.2737 1.0000e-12     0.0152    99.6220      98.67    212.716     4.8875 1.3790e+01          1         33 0.0000e+00
   32.93924  -65.95272    19.3690   4.923603    36.5923    104.240    105.007    19.3689   4.923711    36.5933     0.2869 1.0000e-12     0.0146    99.6351      98.68    212.632     4.8856 1.3543e+01          1         28 0.0000e+00
   32.93924  -65.95272    19.3693   4.923686    36.5924    105.211    105.984    19.3692   4.923801    36.5934     0.2657 1.0000e-12     0.0144    99.6404      98.68    212.500     4.8826 1.3615e+01          1         29 0.0000e+00
   32.93924  -65.95272    19.3703   4.923899    36.5928    106.226    107.008    19.3700   4.923965    36.5936     0.2502 1.0000e-12     0.0131    99.6722      98.68    212.618     4.8853 1.3441e+01          1         39 0.0000e+00
   32.93924  -65.95272    19.3721   4.924246    36.5937    107.218    108.007    19.3720   4.924334    36.5946     0.2604 1.0000e-12     0.0129    99.6791      98.68    212.700     4.8872 1.3464e+01          1         28 0.0000e+00
   32.93923  -65.95272    19.3728   4.924391    36.5939    108.197    108.993    19.3727   4.924480    36.5948     0.2533 1.0000e-12     0.0146    99.6360      98.68    212.208     4.8759 1.3485e+01          1         22 0.0000e+00
   32.93922  -65.95272    19.3730   4.924459    36.5939    109.180    109.984    19.3730   4.924583    36.5950     0.2262 1.0000e-12     0.0148    99.6296      98.68    212.513     4.8829 1.3496e+01          1         20 0.0000e+00
   32.93922  -65.95272    19.3728   4.924490    36.5940    110.172    110.984    19.3728   4.924599    36.5949     0.2125 1.0000e-12     0.0131    99.6727      98.68    212.878     4.8913 1.3596e+01          1         21 0.0000e+00
   32.93922  -65.95272    19.3727   4.924522    36.5940    111.200    112.019    19.3727   4.924627    36.5949     0.1757 1.0000e-12     0.0101    99.7477      98.68    212.846     4.8905 1.3556e+01          1         26 0.0000e+00
   32.93922  -65.95272    19.3728   4.924558    36.5939    112.198    113.026    19.3727   4.924659    36.5948     0.1675 1.0000e-12     0.0096    99.7616      98.69    212.804     4.8896 1.3570e+01          1         36 0.0000e+00
   32.93922  -65.95270    19.3719   4.924467    36.5936    113.110    113.944    19.3718   4.924581    36.5946     0.2206 1.0000e-12     0.0087    99.7823      98.68    212.612     4.8852 1.3508e+01          1         36 0.0000e+00
   32.93922  -65.95270    19.3716   4.924482    36.5936    114.112    114.954    19.3715   4.924590    36.5945     0.2514 1.0000e-12     0.0080    99.7998      98.68    212.821     4.8900 1.3384e+01          1         24 0.0000e+00
   32.93922  -65.95270    19.3713   4.924486    36.5934    115.151    116.001    19.3712   4.924600    36.5945     0.1660 1.0000e-12     0.0082    99.7947      98.67    213.135     4.8972 1.3646e+01          1         17 0.0000e+00
   32.93922  -65.95270    19.3713   4.924561    36.5937    116.148    117.006    19.3712   4.924643    36.5945     0.1632 1.0000e-12     0.0087    99.7816      98.67    213.357     4.9023 1.3830e+01          1         15 0.0000e+00
   32.93922  -65.95270    19.3717   4.924646    36.5937    117.128    117.993    19.3717   4.924756    36.5946     0.1618 1.0000e-12     0.0089    99.7765      98.69    213.317     4.9014 1.3681e+01          1         15 0.0000e+00
   32.93921  -65.95270    19.3720   4.924714    36.5936    118.112    118.984    19.3719   4.924831    36.5947     0.1312 1.0000e-12     0.0056    99.8605      98.68    213.113     4.8967 1.3619e+01          1         19 0.0000e+00
   32.93920  -65.95270    19.3718   4.924732    36.5935    119.182    120.063    19.3718   4.924844    36.5945     0.1511 1.0000e-12     0.0053    99.8665      98.68    213.089     4.8961 1.3654e+01          1         33 0.0000e+00
   32.93920  -65.95270    19.3719   4.924770    36.5934    120.091    120.978    19.3718   4.924883    36.5944     0.1694 1.0000e-12     0.0047    99.8827      98.68    212.741     4.8881 1.3681e+01          1         45 0.0000e+00
   32.93920  -65.95270    19.3718   4.924813    36.5935    121.099    121.994    19.3717   4.924932    36.5945     0.1597 1.0000e-12     0.0045    99.8879      98.68    211.891     4.8686 1.3741e+01          1         25 0.0000e+00
   32.93920  -65.95270    19.3717   4.924878    36.5937    122.094    122.997    19.3717   4.924969    36.5945     0.1458 1.0000e-12     0.0050    99.8741      98.68    211.814     4.8668 1.3501e+01          1         19 0.0000e+00
   32.93920  -65.95270    19.3717   4.924898    36.5935    123.083    123.993    19.3717   4.925010    36.5945     0.1114 1.0000e-12     0.0050    99.8744      98.68    212.442     4.8813 1.3508e+01          1         18 0.0000e+00
   32.93920  -65.95270    19.3720   4.924999    36.5937    124.112    125.031    19.3719   4.925105    36.5947     0.1065 1.0000e-12     0.0037    99.9073      98.67    212.907     4.8919 1.3508e+01          1         18 0.0000e+00
   32.93920  -65.95270    19.3723   4.925087    36.5938    125.109    126.035    19.3722   4.925179    36.5947     0.1122 1.0000e-12     0.0041    99.8971      98.69    213.042     4.8950 1.3619e+01          1         19 0.0000e+00
   32.93920  -65.95270    19.3724   4.925151    36.5938    126.105    127.039    19.3724   4.925254    36.5947     0.1128 1.0000e-12     0.0050    99.8755      98.69    212.739     4.8881 1.3919e+01          1         25 0.0000e+00
   32.93920  -65.95270    19.3725   4.925183    36.5937    127.100    128.042    19.3724   4.925297    36.5947     0.0948 1.0000e-12     0.0036    99.9117      98.68    212.291     4.8778 1.3452e+01          1         33 0.0000e+00
   32.93918  -65.95270    19.3724   4.925232    36.5938    128.008    128.956    19.3724   4.925343    36.5947     0.1168 1.0000e-12     0.0036    99.9118      98.68    212.297     4.8779 1.3830e+01          1         30 0.0000e+00
   32.93918  -65.95270    19.3722   4.925247    36.5938    129.037    129.993    19.3721   4.925352    36.5947     0.1078 1.0000e-12     0.0027    99.9316      98.68    212.541     4.8835 1.3790e+01          1         22 0.0000e+00
   32.93918  -65.95270    19.3720   4.925260    36.5937    130.028    130.992    19.3720   4.925364    36.5945     0.1027 1.0000e-12     0.0028    99.9308      98.68    212.655     4.8862 1.3646e+01          1         17 0.0000e+00
   32.93918  -65.95270    19.3716   4.925231    36.5934    131.024    131.996    19.3715   4.925364    36.5946     0.1068 1.0000e-12     0.0019    99.9522      98.69    212.567     4.8841 1.3384e+01          1         20 0.0000e+00
   32.93918  -65.95270    19.3703   4.925094    36.5931    132.051    133.031    19.3702   4.925228    36.5943     0.1134 1.0000e-12     0.0032    99.9210      98.68    212.645     4.8859 1.3485e+01          1         22 0.0000e+00
   32.93918  -65.95269    19.3697   4.925052    36.5929    133.049    134.037    19.3696   4.925175    36.5940     0.0990 1.0000e-12     0.0020    99.9490      98.68    212.610     4.8851 1.3384e+01          1         28 0.0000e+00
   32.93918  -65.95268    19.3696   4.925090    36.5929    133.992    134.987    19.3695   4.925197    36.5938     0.1087 1.0000e-12     0.0065    99.8379      98.68    212.264     4.8772 1.3464e+01          1         28 0.0000e+00
   32.93918  -65.95268    19.3698   4.925164    36.5930    134.959    135.961    19.3697   4.925263    36.5939     0.1064 1.0000e-12     0.0020    99.9491      98.69    212.482     4.8822 1.3587e+01          1         22 0.0000e+00
   32.93918  -65.95268    19.3703   4.925279    36.5931    135.962    136.972    19.3701   4.925379    36.5941     0.1211 1.0000e-12     0.0009    99.9783      98.68    212.481     4.8822 1.3501e+01          1         19 0.0000e+00
   32.93918  -65.95268    19.3709   4.925422    36.5933    137.013    138.031    19.3708   4.925525    36.5943     0.1037 1.0000e-12     0.0010    99.9751      98.68    212.449     4.8814 1.3596e+01          1         21 0.0000e+00
   32.93918  -65.95268    19.3713   4.925530    36.5935    138.019    139.046    19.3712   4.925631    36.5944     0.0884 1.0000e-12     0.0014    99.9648      98.68    212.467     4.8819 1.3570e+01          1         24 0.0000e+00
   32.93918  -65.95268    19.3715   4.925587    36.5935    138.941    139.974    19.3714   4.925693    36.5944     0.0706 1.0000e-12     0.0012    99.9709      98.68    212.522     4.8831 1.3685e+01          1         37 0.0000e+00
