Data/ruptures/KN207-01/QL-2/20701066.cnv
* Sea-Bird SBE 9 Data File:
* FileName = C:\Data\ctd\20701066.hex
* Software Version Seasave V 7.21e
* Temperature SN = 4406
* Conductivity SN = 1474
* Number of Bytes Per Scan = 40
* Number of Voltage Words = 5
* Number of Scans Averaged by the Deck Unit = 1
* NMEA Latitude = 32 55.99 N
* NMEA Longitude = 065 46.62 W
* NMEA UTC (Time) = May 01 2012 12:04:50
** R/V Knorr Cruise # KN207-01 QL 2
** Chief Scientist: Ben Van Mooy
# nquan = 21
# nvalues = 398                         
# units = specified
# name 0 = latitude: Latitude [deg]
# name 1 = longitude: Longitude [deg]
# name 2 = t090C: Temperature [ITS-90, deg C]
# name 3 = c0S/m: Conductivity [S/m]
# name 4 = sal00: Salinity, Practical [PSU]
# name 5 = depSM: Depth [salt water, m]
# name 6 = prDM: Pressure, Digiquartz [db]
# name 7 = t190C: Temperature, 2 [ITS-90, deg C]
# name 8 = c1S/m: Conductivity, 2 [S/m]
# name 9 = sal11: Salinity, Practical, 2 [PSU]
# name 10 = flECO-AFL: Fluorescence, WET Labs ECO-AFL/FL [mg/m^3]
# name 11 = par: PAR/Irradiance, Biospherical/Licor
# name 12 = bat: Beam Attenuation, Chelsea/Seatech [1/m]
# name 13 = xmiss: Beam Transmission, Chelsea/Seatech [%]
# name 14 = altM: Altimeter [m]
# name 15 = sbeox0Mm/Kg: Oxygen, SBE 43 [umol/kg]
# name 16 = sbeox0ML/L: Oxygen, SBE 43 [ml/l]
# name 17 = spar: SPAR/Surface Irradiance
# name 18 = pumps: Pump Status
# name 19 = nbin: number of scans per bin
# name 20 = flag: flag
# span 0 =   32.93323,   32.93372       
# span 1 =  -65.77726,  -65.77704       
# span 2 =    18.0679,    20.2467       
# span 3 =   4.783400,   5.014346       
# span 4 =    36.5209,    36.6101       
# span 5 =      3.165,    200.183       
# span 6 =      3.187,    201.701       
# span 7 =    18.0695,    20.2490       
# span 8 =   4.783676,   5.014600       
# span 9 =    36.5164,    36.6118       
# span 10 =     0.0053,     0.8200      
# span 11 = 1.0000e-12, 1.0000e-12      
# span 12 =    -0.0098,     0.0713      
# span 13 =    98.2341,   100.2465      
# span 14 =      11.76,      98.75      
# span 15 =    186.153,    222.129      
# span 16 =     4.2783,     5.1035      
# span 17 = 5.9988e+02, 2.4316e+03      
# span 18 =          1,          1      
# span 19 =         16,       1630      
# span 20 = 0.0000e+00, 0.0000e+00      
# interval = decibars: 1                
# start_time = May 01 2012 12:04:50 [NMEA time, header]
# bad_flag = -9.990e-29
*END*
[from data line 276]
   32.93352  -65.77718    19.3739   4.925055    36.5929    123.055    123.966    19.3738   4.925138    36.5937     0.2239 1.0000e-12     0.0091    99.7714      98.69    212.727     4.8878 2.4272e+03          1         26 0.0000e+00
   32.93352  -65.77718    19.3737   4.924999    36.5930    122.098    123.001    19.3737   4.925096    36.5938     0.2523 1.0000e-12     0.0089    99.7778      98.68    212.238     4.8766 2.4250e+03          1         27 0.0000e+00
   32.93352  -65.77718    19.3737   4.924931    36.5928    121.140    122.035    19.3737   4.925030    36.5936     0.2594 1.0000e-12     0.0092    99.7704      98.68    212.642     4.8859 2.4216e+03          1         26 0.0000e+00
   32.93352  -65.77718    19.3739   4.924925    36.5929    120.151    121.039    19.3739   4.925005    36.5936     0.2636 1.0000e-12     0.0083    99.7925      98.68    212.834     4.8903 2.4171e+03          1         22 0.0000e+00
   32.93352  -65.77718    19.3740   4.924880    36.5928    119.112    119.992    19.3738   4.924945    36.5936     0.2572 1.0000e-12     0.0102    99.7458      98.69    212.966     4.8933 2.4172e+03          1         22 0.0000e+00
   32.93352  -65.77716    19.3741   4.924840    36.5928    118.145    119.017    19.3740   4.924919    36.5935     0.2500 1.0000e-12     0.0086    99.7838      98.69    213.107     4.8965 2.4194e+03          1         20 0.0000e+00
   32.93352  -65.77716    19.3740   4.924781    36.5928    117.154    118.020    19.3739   4.924865    36.5935     0.2289 1.0000e-12     0.0076    99.8110      98.69    212.806     4.8896 2.4241e+03          1         21 0.0000e+00
   32.93352  -65.77716    19.3740   4.924740    36.5928    116.164    117.021    19.3738   4.924808    36.5935     0.2269 1.0000e-12     0.0086    99.7848      98.69    212.817     4.8899 2.4283e+03          1         24 0.0000e+00
   32.93352  -65.77716    19.3739   4.924668    36.5927    115.140    115.990    19.3738   4.924758    36.5935     0.2398 1.0000e-12     0.0088    99.7807      98.69    213.084     4.8960 2.4245e+03          1         27 0.0000e+00
   32.93352  -65.77716    19.3737   4.924611    36.5927    114.136    114.977    19.3736   4.924688    36.5935     0.2438 1.0000e-12     0.0093    99.7676      98.68    212.868     4.8910 2.4163e+03          1         25 0.0000e+00
   32.93352  -65.77716    19.3736   4.924559    36.5927    113.154    113.988    19.3736   4.924639    36.5935     0.2359 1.0000e-12     0.0058    99.8554      98.69    212.895     4.8917 2.4132e+03          1         26 0.0000e+00
   32.93352  -65.77716    19.3736   4.924483    36.5925    112.173    113.000    19.3735   4.924576    36.5934     0.2341 1.0000e-12     0.0058    99.8549      98.68    212.211     4.8760 2.4175e+03          1         27 0.0000e+00
   32.93352  -65.77716    19.3739   4.924466    36.5925    111.180    111.999    19.3735   4.924538    36.5935     0.2219 1.0000e-12     0.0050    99.8762      98.69    212.527     4.8832 2.4281e+03          1         26 0.0000e+00
   32.93352  -65.77716    19.3740   4.924454    36.5927    110.192    111.004    19.3737   4.924499    36.5933     0.1988 1.0000e-12     0.0060    99.8494      98.69    212.586     4.8846 2.4316e+03          1         23 0.0000e+00
   32.93352  -65.77716    19.3742   4.924432    36.5926    109.215    110.020    19.3740   4.924491    36.5933     0.2150 1.0000e-12     0.0080    99.8014      98.68    212.514     4.8829 2.4289e+03          1         23 0.0000e+00
   32.93352  -65.77716    19.3747   4.924436    36.5926    108.199    108.996    19.3744   4.924491    36.5934     0.2341 1.0000e-12     0.0076    99.8098      98.68    212.431     4.8810 2.4193e+03          1         21 0.0000e+00
   32.93352  -65.77716    19.3750   4.924415    36.5926    107.195    107.984    19.3748   4.924477    36.5933     0.2216 1.0000e-12     0.0099    99.7528      98.69    212.340     4.8789 2.4117e+03          1         22 0.0000e+00
   32.93352  -65.77716    19.3754   4.924424    36.5927    106.203    106.985    19.3752   4.924483    36.5933     0.2406 1.0000e-12     0.0122    99.6955      98.68    212.196     4.8756 2.4091e+03          1         19 0.0000e+00
   32.93352  -65.77716    19.3755   4.924401    36.5928    105.230    106.004    19.3753   4.924447    36.5933     0.2276 1.0000e-12     0.0136    99.6605      98.70    212.573     4.8843 2.4114e+03          1         22 0.0000e+00
   32.93352  -65.77716    19.3757   4.924366    36.5927    104.218    104.984    19.3755   4.924447    36.5935     0.2396 1.0000e-12     0.0128    99.6805      98.69    213.151     4.8976 2.4170e+03          1         26 0.0000e+00
   32.93352  -65.77716    19.3763   4.924397    36.5928    103.267    104.026    19.3758   4.924439    36.5936     0.2843 1.0000e-12     0.0142    99.6458      98.68    213.061     4.8955 2.4244e+03          1         34 0.0000e+00
   32.93352  -65.77716    19.3768   4.924410    36.5928    102.258    103.009    19.3760   4.924395    36.5934     0.3483 1.0000e-12     0.0160    99.6006      98.69    213.096     4.8963 2.4235e+03          1         29 0.0000e+00
   32.93352  -65.77716    19.3769   4.924368    36.5928    101.261    102.005    19.3764   4.924397    36.5934     0.3134 1.0000e-12     0.0139    99.6553      98.69    212.529     4.8832 2.4186e+03          1         20 0.0000e+00
   32.93352  -65.77716    19.3772   4.924355    36.5927    100.309    101.046    19.3771   4.924429    36.5934     0.3023 1.0000e-12     0.0170    99.5760      98.69    212.257     4.8770 2.4147e+03          1         18 0.0000e+00
   32.93352  -65.77716    19.3775   4.924347    36.5928     99.288    100.016    19.3774   4.924433    36.5936     0.3576 1.0000e-12     0.0184    99.5408      98.68    212.596     4.8848 2.4145e+03          1         27 0.0000e+00
   32.93352  -65.77716    19.3777   4.924336    36.5930     98.111     98.831    19.3774   4.924400    36.5938     0.4131 1.0000e-12     0.0207    99.4837      98.69    213.035     4.8949 2.4172e+03          1         64 0.0000e+00
   32.93352  -65.77716    19.3766   4.924182    36.5930     97.402     98.116    19.3763   4.924252    36.5938     0.4972 1.0000e-12     0.0206    99.4854      98.69    213.519     4.9060 2.4159e+03          1         63 0.0000e+00
   32.93352  -65.77716    19.3770   4.924176    36.5930     96.279     96.985    19.3770   4.924287    36.5939     0.4295 1.0000e-12     0.0206    99.4853      98.69    213.135     4.8972 2.4140e+03          1        164 0.0000e+00
   32.93353  -65.77715    19.3771   4.924141    36.5929     95.331     96.030    19.3772   4.924238    36.5937     0.4528 1.0000e-12     0.0199    99.5036      98.69    213.311     4.9012 2.4108e+03          1         80 0.0000e+00
   32.93354  -65.77714    19.3783   4.924229    36.5930     94.341     95.033    19.3779   4.924287    36.5939     0.5151 1.0000e-12     0.0236    99.4114      98.69    213.242     4.8996 2.4091e+03          1        132 0.0000e+00
   32.93354  -65.77714    19.3788   4.924250    36.5931     93.404     94.088    19.3788   4.924334    36.5938     0.5897 1.0000e-12     0.0252    99.3720      98.70    213.635     4.9087 2.4089e+03          1         89 0.0000e+00
   32.93354  -65.77714    19.3794   4.924262    36.5931     92.302     92.978    19.3790   4.924305    36.5938     0.5758 1.0000e-12     0.0308    99.2344      98.70    213.666     4.9094 2.4052e+03          1         82 0.0000e+00
   32.93357  -65.77711    19.3802   4.924314    36.5931     91.572     92.242    19.3797   4.924361    36.5939     0.6725 1.0000e-12     0.0339    99.1564      96.07    213.636     4.9087 2.3760e+03          1       1630 0.0000e+00
   32.93362  -65.77706    19.3818   4.924415    36.5931     90.401     91.062    19.3816   4.924472    36.5937     0.7586 1.0000e-12     0.0336    99.1639      81.55    213.882     4.9143 2.3563e+03          1         41 0.0000e+00
   32.93361  -65.77706    19.3816   4.924340    36.5930     89.324     89.978    19.3815   4.924420    36.5937     0.7303 1.0000e-12     0.0360    99.1043      72.19    213.506     4.9057 2.3540e+03          1         35 0.0000e+00
   32.93360  -65.77706    19.3816   4.924300    36.5930     88.333     88.979    19.3816   4.924386    36.5937     0.7241 1.0000e-12     0.0357    99.1114      60.25    213.686     4.9098 2.3477e+03          1         44 0.0000e+00
   32.93360  -65.77706    19.3817   4.924273    36.5931     87.346     87.984    19.3815   4.924345    36.5938     0.8200 1.0000e-12     0.0368    99.0842      98.71    213.673     4.9095 2.3456e+03          1         47 0.0000e+00
   32.93360  -65.77706    19.3821   4.924269    36.5930     86.472     87.104    19.3817   4.924321    36.5938     0.7975 1.0000e-12     0.0400    99.0045      98.71    214.026     4.9176 2.3535e+03          1         62 0.0000e+00
   32.93360  -65.77706    19.3828   4.924303    36.5930     85.403     86.026    19.3820   4.924293    36.5937     0.7337 1.0000e-12     0.0427    98.9381      51.51    213.867     4.9140 2.3567e+03          1         34 0.0000e+00
   32.93360  -65.77706    19.3854   4.924536    36.5931     84.368     84.984    19.3845   4.924491    36.5935     0.7143 1.0000e-12     0.0428    98.9343      98.72    213.922     4.9152 2.3592e+03          1         37 0.0000e+00
   32.93362  -65.77706    19.3867   4.924635    36.5931     83.292     83.900    19.3862   4.924666    36.5938     0.7265 1.0000e-12     0.0470    98.8324      98.72    214.366     4.9254 2.3679e+03          1         65 0.0000e+00
   32.93362  -65.77706    19.3868   4.924608    36.5932     82.492     83.093    19.3867   4.924684    36.5939     0.7389 1.0000e-12     0.0489    98.7859      98.71    215.129     4.9430 2.3795e+03          1         58 0.0000e+00
   32.93362  -65.77706    19.3878   4.924658    36.5931     81.389     81.983    19.3861   4.924567    36.5938     0.6891 1.0000e-12     0.0463    98.8499      98.72    214.757     4.9344 2.3833e+03          1         31 0.0000e+00
   32.93362  -65.77706    19.3923   4.925102    36.5931     80.348     80.934    19.3914   4.925029    36.5934     0.7033 1.0000e-12     0.0464    98.8462      98.72    215.074     4.9417 2.3829e+03          1         40 0.0000e+00
   32.93362  -65.77706    19.3924   4.925073    36.5932     79.485     80.065    19.3922   4.925122    36.5938     0.6916 1.0000e-12     0.0468    98.8368      98.72    216.196     4.9675 2.3856e+03          1         68 0.0000e+00
   32.93362  -65.77706    19.3936   4.925144    36.5931     78.425     78.996    19.3925   4.925095    36.5938     0.6636 1.0000e-12     0.0456    98.8667      98.72    215.430     4.9499 2.3908e+03          1         41 0.0000e+00
   32.93362  -65.77706    19.3975   4.925495    36.5929     77.423     77.987    19.3947   4.925231    36.5933     0.6192 1.0000e-12     0.0459    98.8579      98.72    216.176     4.9670 2.3927e+03          1         41 0.0000e+00
   32.93362  -65.77706    19.4006   4.925802    36.5931     76.459     77.016    19.3997   4.925751    36.5935     0.5601 1.0000e-12     0.0461    98.8543      98.72    216.621     4.9772 2.3921e+03          1         44 0.0000e+00
   32.93362  -65.77706    19.4028   4.925989    36.5932     75.422     75.971    19.4019   4.925971    36.5938     0.5454 1.0000e-12     0.0445    98.8941      98.72    217.425     4.9957 2.3704e+03          1         65 0.0000e+00
   32.93362  -65.77706    19.4056   4.926185    36.5927     74.512     75.055    19.4024   4.925979    36.5939     0.5221 1.0000e-12     0.0486    98.7926      98.72    217.332     4.9936 2.2783e+03          1         42 0.0000e+00
   32.93362  -65.77706    19.4105   4.926709    36.5931     73.428     73.962    19.4065   4.926272    36.5931     0.4567 1.0000e-12     0.0471    98.8294      98.72    217.260     4.9919 2.2418e+03          1         37 0.0000e+00
   32.93362  -65.77706    19.4154   4.927216    36.5934     72.434     72.961    19.4133   4.927060    36.5939     0.4562 1.0000e-12     0.0494    98.7722      98.72    218.398     5.0180 2.2199e+03          1         63 0.0000e+00
   32.93362  -65.77706    19.4169   4.927309    36.5932     71.577     72.098    19.4162   4.927263    36.5934     0.4255 1.0000e-12     0.0479    98.8092      98.72    218.637     5.0235 2.1034e+03          1         37 0.0000e+00
   32.93362  -65.77706    19.4172   4.927294    36.5933     70.484     70.996    19.4172   4.927336    36.5936     0.4093 1.0000e-12     0.0488    98.7884      98.72    218.127     5.0118 1.9272e+03          1         36 0.0000e+00
   32.93363  -65.77705    19.4196   4.927507    36.5933     69.538     70.044    19.4191   4.927529    36.5939     0.3797 1.0000e-12     0.0508    98.7373      98.72    218.649     5.0238 1.6595e+03          1         77 0.0000e+00
   32.93364  -65.77704    19.4210   4.927579    36.5931     68.514     69.012    19.4204   4.927581    36.5936     0.4090 1.0000e-12     0.0542    98.6532      98.72    218.857     5.0286 1.3417e+03          1         34 0.0000e+00
   32.93364  -65.77704    19.4259   4.928048    36.5930     67.502     67.992    19.4230   4.927780    36.5934     0.3706 1.0000e-12     0.0540    98.6601      98.72    218.585     5.0223 1.1581e+03          1         28 0.0000e+00
   32.93364  -65.77704    19.4326   4.928712    36.5930     66.433     66.915    19.4309   4.928597    36.5935     0.3567 1.0000e-12     0.0510    98.7330      98.72    218.792     5.0271 1.0017e+03          1         55 0.0000e+00
   32.93364  -65.77704    19.4331   4.928706    36.5929     65.595     66.071    19.4317   4.928669    36.5939     0.3655 1.0000e-12     0.0529    98.6867      98.72    220.005     5.0549 9.2120e+02          1         69 0.0000e+00
   32.93364  -65.77704    19.4374   4.929112    36.5929     64.554     65.022    19.4326   4.928679    36.5936     0.3504 1.0000e-12     0.0529    98.6861      98.72    219.633     5.0464 9.3241e+02          1         43 0.0000e+00
   32.93364  -65.77704    19.4462   4.929966    36.5926     63.544     64.005    19.4424   4.929597    36.5928     0.3296 1.0000e-12     0.0551    98.6314      98.72    219.834     5.0510 9.5213e+02          1         37 0.0000e+00
   32.93364  -65.77704    19.4530   4.930662    36.5927     62.524     62.977    19.4510   4.930456    36.5927     0.3195 1.0000e-12     0.0549    98.6375      98.72    220.248     5.0605 9.9059e+02          1         38 0.0000e+00
   32.93364  -65.77704    19.4596   4.931327    36.5928     61.543     61.989    19.4582   4.931271    36.5936     0.3368 1.0000e-12     0.0574    98.5759      98.72    220.334     5.0625 1.0866e+03          1         63 0.0000e+00
   32.93364  -65.77704    19.4673   4.932079    36.5927     60.621     61.060    19.4626   4.931585    36.5928     0.3237 1.0000e-12     0.0558    98.6134      98.72    220.531     5.0670 1.1590e+03          1         50 0.0000e+00
   32.93364  -65.77704    19.4833   4.933716    36.5924     59.572     60.004    19.4715   4.932435    36.5923     0.3212 1.0000e-12     0.0567    98.5932      98.73    220.724     5.0714 1.1327e+03          1         39 0.0000e+00
   32.93364  -65.77704    19.5131   4.936943    36.5931     58.543     58.967    19.4983   4.935283    36.5925     0.3105 1.0000e-12     0.0597    98.5195      98.72    220.572     5.0679 1.0448e+03          1         44 0.0000e+00
   32.93364  -65.77704    19.5179   4.937383    36.5931     57.635     58.052    19.5142   4.937125    36.5941     0.3116 1.0000e-12     0.0623    98.4544      98.72    220.847     5.0742 9.5612e+02          1         59 0.0000e+00
   32.93364  -65.77704    19.5181   4.937446    36.5941     56.618     57.027    19.5130   4.937034    36.5951     0.3030 1.0000e-12     0.0662    98.3593      98.73    221.236     5.0831 9.4362e+02          1         42 0.0000e+00
