Data/ruptures/KN207-01/QL-2/20701061.cnv
* Sea-Bird SBE 9 Data File:
* FileName = C:\Data\ctd\20701061.hex
* Software Version Seasave V 7.21e
* Temperature SN = 4406
* Conductivity SN = 1474
* Number of Bytes Per Scan = 40
* Number of Voltage Words = 5
* Number of Scans Averaged by the Deck Unit = 1
* NMEA Latitude = 32 54.30 N
* NMEA Longitude = 065 52.63 W
* NMEA UTC (Time) = Apr 30 2012 18:18:43
** R/V Knorr Cruise # KN207-01 QL 2
** Chief Scientist: Ben Van Mooy
# nquan = 21
# nvalues = 398                         
# units = specified
# name 0 = latitude: Latitude [deg]
# name 1 = longitude: Longitude [deg]
# name 2 = t090C: Temperature [ITS-90, deg C]
# name 3 = c0S/m: Conductivity [S/m]
# name 4 = sal00: Salinity, Practical [PSU]
# name 5 = depSM: Depth [salt water, m]
# name 6 = prDM: Pressure, Digiquartz [db]
# name 7 = t190C: Temperature, 2 [ITS-90, deg C]
# name 8 = c1S/m: Conductivity, 2 [S/m]
# name 9 = sal11: Salinity, Practical, 2 [PSU]
# name 10 = flECO-AFL: Fluorescence, WET Labs ECO-AFL/FL [mg/m^3]
# name 11 = par: PAR/Irradiance, Biospherical/Licor
# name 12 = bat: Beam Attenuation, Chelsea/Seatech [1/m]
# name 13 = xmiss: Beam Transmission, Chelsea/Seatech [%]
# name 14 = altM: Altimeter [m]
# name 15 = sbeox0Mm/Kg: Oxygen, SBE 43 [umol/kg]
# name 16 = sbeox0ML/L: Oxygen, SBE 43 [ml/l]
# name 17 = spar: SPAR/Surface Irradiance
# name 18 = pumps: Pump Status
# name 19 = nbin: number of scans per bin
# name 20 = flag: flag
# span 0 =   32.90505,   32.90586       
# span 1 =  -65.87721,  -65.87628       
# span 2 =    18.0187,    20.4398       
# span 3 =   4.657427,   5.034105       
# span 4 =    33.5673,    36.9590       
# span 5 =      3.184,    200.447       
# span 6 =      3.206,    201.967       
# span 7 =    18.0187,    20.4413       
# span 8 =   4.778329,   5.034290       
# span 9 =    35.4643,    36.9542       
# span 10 =     0.0025,     0.7560      
# span 11 = 1.0000e-12, 1.0000e-12      
# span 12 =    -0.0118,     0.0783      
# span 13 =    98.0621,   100.2957      
# span 14 =       1.03,      98.97      
# span 15 =    134.362,    352.195      
# span 16 =     3.0878,     8.0896      
# span 17 = 2.6536e+03, 2.6795e+03      
# span 18 =          1,          1      
# span 19 =         15,        945      
# span 20 = 0.0000e+00, 0.0000e+00      
# interval = decibars: 1                
# start_time = Apr 30 2012 18:18:43 [NMEA time, header]
# bad_flag = -9.990e-29
*END*
[from data line 69]
   32.90526  -65.87700    19.4003   4.925796    36.5953     72.483     73.010    19.4001   4.925905    36.5963     0.4158 1.0000e-12     0.0419    98.9569      98.67    215.942     4.9617 2.6656e+03          1         36 0.0000e+00
   32.90526  -65.87700    19.3992   4.925702    36.5950     73.519     74.054    19.3990   4.925813    36.5961     0.4444 1.0000e-12     0.0423    98.9477      98.67    215.477     4.9510 2.6647e+03          1         49 0.0000e+00
   32.90527  -65.87699    19.3989   4.925724    36.5950     74.436     74.978    19.3988   4.925817    36.5960     0.4791 1.0000e-12     0.0415    98.9680      98.67    215.034     4.9408 2.6631e+03          1         68 0.0000e+00
   32.90528  -65.87698    19.3987   4.925746    36.5950     75.436     75.985    19.3986   4.925842    36.5959     0.4698 1.0000e-12     0.0418    98.9596      98.67    215.311     4.9471 2.6598e+03          1         45 0.0000e+00
   32.90528  -65.87698    19.3986   4.925779    36.5950     76.421     76.977    19.3985   4.925876    36.5959     0.4597 1.0000e-12     0.0416    98.9642      98.67    215.270     4.9462 2.6605e+03          1         38 0.0000e+00
   32.90528  -65.87698    19.3987   4.925833    36.5950     77.458     78.022    19.3986   4.925925    36.5958     0.4562 1.0000e-12     0.0422    98.9502      98.67    214.945     4.9387 2.6624e+03          1         37 0.0000e+00
   32.90528  -65.87698    19.3987   4.925868    36.5949     78.459     79.031    19.3986   4.925976    36.5958     0.4683 1.0000e-12     0.0449    98.8842      98.67    215.616     4.9542 2.6606e+03          1         57 0.0000e+00
   32.90529  -65.87697    19.3974   4.925796    36.5951     79.405     79.984    19.3973   4.925894    36.5959     0.4726 1.0000e-12     0.0409    98.9817      98.67    215.752     4.9573 2.6594e+03          1         42 0.0000e+00
   32.90530  -65.87696    19.3969   4.925775    36.5949     80.444     81.030    19.3968   4.925879    36.5958     0.5135 1.0000e-12     0.0411    98.9781      98.67    215.564     4.9530 2.6610e+03          1         44 0.0000e+00
   32.90530  -65.87696    19.3960   4.925713    36.5949     81.395     81.988    19.3959   4.925824    36.5958     0.5504 1.0000e-12     0.0432    98.9258      98.67    214.847     4.9365 2.6607e+03          1         51 0.0000e+00
   32.90530  -65.87696    19.3946   4.925610    36.5948     82.368     82.969    19.3945   4.925716    36.5958     0.5962 1.0000e-12     0.0450    98.8804      98.67    215.135     4.9431 2.6628e+03          1         38 0.0000e+00
   32.90530  -65.87696    19.3940   4.925590    36.5948     83.451     84.060    19.3940   4.925702    36.5958     0.6457 1.0000e-12     0.0442    98.9004      98.67    214.677     4.9326 2.6617e+03          1         60 0.0000e+00
   32.90530  -65.87696    19.3937   4.925616    36.5949     84.308     84.923    19.3936   4.925713    36.5958     0.6817 1.0000e-12     0.0459    98.8581      98.67    214.352     4.9251 2.6592e+03          1         46 0.0000e+00
   32.90530  -65.87696    19.3925   4.925516    36.5948     85.391     86.014    19.3925   4.925634    36.5958     0.6485 1.0000e-12     0.0423    98.9474      98.67    214.887     4.9374 2.6596e+03          1         28 0.0000e+00
   32.90530  -65.87696    19.3913   4.925433    36.5947     86.465     87.096    19.3913   4.925526    36.5955     0.6451 1.0000e-12     0.0429    98.9333      98.67    215.206     4.9447 2.6610e+03          1         42 0.0000e+00
   32.90531  -65.87696    19.3912   4.925430    36.5945     87.158     87.795    19.3911   4.925538    36.5955     0.6588 1.0000e-12     0.0434    98.9218      98.67    214.206     4.9218 2.6611e+03          1         73 0.0000e+00
   32.90532  -65.87696    19.3889   4.925245    36.5946     88.349     88.995    19.3888   4.925358    36.5956     0.6277 1.0000e-12     0.0386    99.0398      98.67    214.372     4.9256 2.6583e+03          1         31 0.0000e+00
   32.90532  -65.87696    19.3869   4.925064    36.5945     89.363     90.016    19.3869   4.925198    36.5956     0.6604 1.0000e-12     0.0395    99.0173      98.67    213.943     4.9157 2.6606e+03          1         44 0.0000e+00
   32.90532  -65.87694    19.3852   4.924911    36.5943     90.375     91.036    19.3851   4.925013    36.5952     0.6979 1.0000e-12     0.0391    99.0276      98.67    213.651     4.9090 2.6621e+03          1         63 0.0000e+00
   32.90532  -65.87694    19.3845   4.924889    36.5944     91.275     91.942    19.3845   4.924985    36.5952     0.6730 1.0000e-12     0.0374    99.0681      98.66    213.338     4.9018 2.6612e+03          1         44 0.0000e+00
   32.90532  -65.87694    19.3835   4.924831    36.5943     92.324     93.000    19.3835   4.924933    36.5952     0.6623 1.0000e-12     0.0342    99.1497      98.67    213.284     4.9006 2.6597e+03          1         37 0.0000e+00
   32.90532  -65.87694    19.3829   4.924804    36.5943     93.340     94.024    19.3829   4.924909    36.5952     0.6473 1.0000e-12     0.0345    99.1408      98.67    212.915     4.8921 2.6619e+03          1         53 0.0000e+00
   32.90532  -65.87694    19.3819   4.924745    36.5943     94.277     94.968    19.3819   4.924855    36.5952     0.6116 1.0000e-12     0.0322    99.1984      98.68    213.451     4.9044 2.6626e+03          1         43 0.0000e+00
   32.90534  -65.87694    19.3811   4.924711    36.5943     95.324     96.023    19.3811   4.924818    36.5952     0.5577 1.0000e-12     0.0312    99.2219      98.67    213.510     4.9058 2.6619e+03          1         37 0.0000e+00
   32.90534  -65.87694    19.3807   4.924715    36.5943     96.263     96.969    19.3807   4.924812    36.5952     0.5174 1.0000e-12     0.0274    99.3181      98.68    213.103     4.8964 2.6619e+03          1         68 0.0000e+00
   32.90534  -65.87693    19.3806   4.924758    36.5944     97.254     97.967    19.3805   4.924864    36.5953     0.5033 1.0000e-12     0.0256    99.3628      98.67    212.238     4.8766 2.6620e+03          1         32 0.0000e+00
   32.90534  -65.87692    19.3804   4.924797    36.5944     98.353     99.075    19.3804   4.924894    36.5953     0.4858 1.0000e-12     0.0242    99.3976      98.67    212.854     4.8907 2.6614e+03          1         48 0.0000e+00
   32.90534  -65.87692    19.3800   4.924792    36.5944     99.180     99.908    19.3800   4.924902    36.5953     0.5074 1.0000e-12     0.0248    99.3818      98.68    213.169     4.8980 2.6624e+03          1         54 0.0000e+00
   32.90536  -65.87692    19.3788   4.924711    36.5945    100.275    101.011    19.3788   4.924814    36.5953     0.4377 1.0000e-12     0.0205    99.4893      98.68    212.786     4.8892 2.6635e+03          1         34 0.0000e+00
   32.90536  -65.87692    19.3785   4.924727    36.5944    101.313    102.057    19.3785   4.924821    36.5952     0.4058 1.0000e-12     0.0207    99.4845      98.67    212.790     4.8892 2.6624e+03          1         56 0.0000e+00
   32.90536  -65.87692    19.3785   4.924762    36.5944    102.177    102.928    19.3785   4.924863    36.5952     0.4076 1.0000e-12     0.0187    99.5338      98.67    212.402     4.8803 2.6614e+03          1         39 0.0000e+00
   32.90536  -65.87692    19.3783   4.924794    36.5944    103.244    104.002    19.3782   4.924899    36.5953     0.3850 1.0000e-12     0.0180    99.5506      98.68    212.332     4.8787 2.6617e+03          1         28 0.0000e+00
   32.90536  -65.87692    19.3781   4.924801    36.5943    104.278    105.044    19.3781   4.924907    36.5952     0.3965 1.0000e-12     0.0172    99.5714      98.67    212.671     4.8865 2.6613e+03          1         43 0.0000e+00
   32.90536  -65.87692    19.3779   4.924843    36.5944    105.196    105.970    19.3779   4.924939    36.5952     0.3616 1.0000e-12     0.0168    99.5815      98.67    212.362     4.8794 2.6595e+03          1         33 0.0000e+00
   32.90536  -65.87692    19.3771   4.924787    36.5943    106.213    106.994    19.3770   4.924903    36.5953     0.3313 1.0000e-12     0.0152    99.6215      98.68    212.699     4.8872 2.6590e+03          1         23 0.0000e+00
   32.90536  -65.87692    19.3761   4.924722    36.5942    107.220    108.009    19.3761   4.924830    36.5952     0.3241 1.0000e-12     0.0149    99.6287      98.67    212.555     4.8839 2.6591e+03          1         21 0.0000e+00
   32.90536  -65.87692    19.3758   4.924732    36.5943    108.177    108.973    19.3757   4.924833    36.5952     0.3219 1.0000e-12     0.0168    99.5820      98.67    212.358     4.8793 2.6604e+03          1         20 0.0000e+00
   32.90536  -65.87692    19.3756   4.924754    36.5942    109.237    110.041    19.3755   4.924857    36.5952     0.3075 1.0000e-12     0.0159    99.6034      98.67    212.688     4.8869 2.6610e+03          1         26 0.0000e+00
   32.90536  -65.87692    19.3751   4.924758    36.5943    110.257    111.069    19.3751   4.924853    36.5951     0.2988 1.0000e-12     0.0136    99.6610      98.68    212.953     4.8930 2.6604e+03          1         36 0.0000e+00
   32.90538  -65.87690    19.3748   4.924771    36.5943    111.149    111.967    19.3748   4.924868    36.5952     0.2703 1.0000e-12     0.0130    99.6768      98.68    211.820     4.8670 2.6596e+03          1         29 0.0000e+00
   32.90538  -65.87690    19.3745   4.924784    36.5943    112.146    112.972    19.3745   4.924887    36.5952     0.2654 1.0000e-12     0.0128    99.6810      98.68    211.827     4.8671 2.6598e+03          1         20 0.0000e+00
   32.90538  -65.87690    19.3741   4.924806    36.5944    113.172    114.006    19.3742   4.924889    36.5951     0.2422 1.0000e-12     0.0123    99.6915      98.68    212.258     4.8770 2.6602e+03          1         19 0.0000e+00
   32.90538  -65.87690    19.3739   4.924811    36.5942    114.201    115.044    19.3740   4.924920    36.5951     0.2282 1.0000e-12     0.0108    99.7315      98.66    212.355     4.8793 2.6599e+03          1         21 0.0000e+00
   32.90538  -65.87690    19.3738   4.924838    36.5942    115.172    116.022    19.3738   4.924940    36.5950     0.2192 1.0000e-12     0.0095    99.7614      98.66    212.030     4.8718 2.6591e+03          1         25 0.0000e+00
   32.90538  -65.87690    19.3731   4.924771    36.5939    116.151    117.008    19.3731   4.924877    36.5948     0.2230 1.0000e-12     0.0090    99.7761      98.68    212.203     4.8758 2.6588e+03          1         31 0.0000e+00
   32.90538  -65.87690    19.3728   4.924778    36.5939    117.142    118.007    19.3727   4.924880    36.5948     0.2344 1.0000e-12     0.0088    99.7807      98.68    211.942     4.8698 2.6607e+03          1         27 0.0000e+00
   32.90538  -65.87690    19.3728   4.924827    36.5939    118.115    118.987    19.3727   4.924918    36.5947     0.2296 1.0000e-12     0.0090    99.7743      98.68    212.118     4.8738 2.6618e+03          1         21 0.0000e+00
   32.90538  -65.87690    19.3732   4.924961    36.5943    119.097    119.977    19.3732   4.925046    36.5950     0.2241 1.0000e-12     0.0093    99.7659      98.68    212.059     4.8725 2.6617e+03          1         19 0.0000e+00
   32.90538  -65.87690    19.3731   4.924990    36.5943    120.113    121.001    19.3731   4.925080    36.5950     0.2136 1.0000e-12     0.0082    99.7960      39.70    212.018     4.8715 2.6610e+03          1         22 0.0000e+00
   32.90540  -65.87690    19.3730   4.925013    36.5941    121.147    122.042    19.3730   4.925122    36.5950     0.2054 1.0000e-12     0.0072    99.8193      48.97    212.187     4.8754 2.6604e+03          1         23 0.0000e+00
   32.90540  -65.87690    19.3729   4.925020    36.5939    122.128    123.031    19.3728   4.925140    36.5949     0.1908 1.0000e-12     0.0078    99.8049      63.71    212.088     4.8731 2.6578e+03          1         28 0.0000e+00
   32.90540  -65.87690    19.3723   4.925020    36.5940    123.059    123.969    19.3723   4.925127    36.5949     0.1762 1.0000e-12     0.0069    99.8278      98.67    212.038     4.8720 2.6586e+03          1         26 0.0000e+00
   32.90540  -65.87690    19.3714   4.924947    36.5939    124.053    124.971    19.3713   4.925052    36.5948     0.1694 1.0000e-12     0.0075    99.8138      98.68    212.081     4.8730 2.6596e+03          1         25 0.0000e+00
   32.90540  -65.87690    19.3707   4.924928    36.5939    125.077    126.002    19.3707   4.925014    36.5947     0.1541 1.0000e-12     0.0060    99.8506      71.15    212.306     4.8782 2.6617e+03          1         20 0.0000e+00
   32.90540  -65.87688    19.3710   4.925017    36.5940    126.072    127.005    19.3710   4.925112    36.5948     0.1364 1.0000e-12     0.0040    99.9012      46.16    211.815     4.8669 2.6622e+03          1         22 0.0000e+00
   32.90540  -65.87688    19.3711   4.925065    36.5939    127.093    128.034    19.3711   4.925167    36.5948     0.1210 1.0000e-12     0.0040    99.9016      64.29    211.930     4.8695 2.6610e+03          1         24 0.0000e+00
   32.90540  -65.87688    19.3709   4.925081    36.5939    128.066    129.015    19.3709   4.925193    36.5948     0.1134 1.0000e-12     0.0024    99.9414      63.34    211.918     4.8692 2.6596e+03          1         25 0.0000e+00
   32.90540  -65.87688    19.3704   4.925048    36.5937    129.016    129.972    19.3704   4.925149    36.5946     0.1140 1.0000e-12     0.0021    99.9484      98.68    211.882     4.8684 2.6586e+03          1         26 0.0000e+00
   32.90540  -65.87688    19.3704   4.925091    36.5937    130.006    130.969    19.3704   4.925208    36.5947     0.1140 1.0000e-12     0.0021    99.9466      98.69    212.236     4.8765 2.6589e+03          1         24 0.0000e+00
   32.90542  -65.87688    19.3703   4.925111    36.5936    131.005    131.976    19.3703   4.925222    36.5946     0.1114 1.0000e-12     0.0030    99.9245      98.68    212.497     4.8825 2.6591e+03          1         22 0.0000e+00
   32.90542  -65.87688    19.3700   4.925145    36.5938    131.988    132.967    19.3700   4.925249    36.5946     0.1102 1.0000e-12     0.0020    99.9489      42.43    212.572     4.8843 2.6596e+03          1         23 0.0000e+00
   32.90542  -65.87688    19.3699   4.925181    36.5938    132.983    133.969    19.3698   4.925270    36.5945     0.1061 1.0000e-12     0.0023    99.9425      65.90    212.088     4.8732 2.6603e+03          1         27 0.0000e+00
   32.90542  -65.87688    19.3700   4.925226    36.5937    133.976    134.971    19.3700   4.925336    36.5946     0.1039 1.0000e-12     0.0013    99.9682      98.68    212.301     4.8780 2.6608e+03          1         26 0.0000e+00
   32.90542  -65.87688    19.3701   4.925312    36.5939    135.005    136.007    19.3701   4.925399    36.5946     0.1000 1.0000e-12     0.0010    99.9759      98.68    211.971     4.8704 2.6602e+03          1         18 0.0000e+00
   32.90542  -65.87688    19.3702   4.925351    36.5938    136.008    137.018    19.3702   4.925465    36.5947     0.0932 1.0000e-12     0.0014    99.9637      98.68    211.896     4.8687 2.6602e+03          1         16 0.0000e+00
   32.90542  -65.87688    19.3701   4.925374    36.5937    137.007    138.025    19.3700   4.925491    36.5947     0.0869 1.0000e-12     0.0015    99.9616      98.67    211.811     4.8668 2.6602e+03          1         18 0.0000e+00
   32.90542  -65.87688    19.3702   4.925443    36.5937    138.023    139.049    19.3702   4.925537    36.5945     0.0922 1.0000e-12     0.0013    99.9675      98.69    211.638     4.8628 2.6599e+03          1         29 0.0000e+00
   32.90542  -65.87688    19.3704   4.925484    36.5936    138.913    139.946    19.3703   4.925591    36.5945     0.1219 1.0000e-12     0.0032    99.9211      36.98    211.917     4.8692 2.6611e+03          1         43 0.0000e+00
