Data/ruptures/KN207-01/QL-2/20701081.cnv
* Sea-Bird SBE 9 Data File:
* FileName = C:\Data\ctd\20701081.hex
* Software Version Seasave V 7.21e
* Temperature SN = 4406
* Conductivity SN = 1474
* Number of Bytes Per Scan = 40
* Number of Voltage Words = 5
* Number of Scans Averaged by the Deck Unit = 1
* NMEA Latitude = 33 13.21 N
* NMEA Longitude = 065 41.49 W
* NMEA UTC (Time) = May 03 2012 11:10:02
** R/V Knorr Cruise # KN207-01 QL 2
** Chief Scientist: Ben Van Mooy
# nquan = 21
# nvalues = 398                         
# units = specified
# name 0 = latitude: Latitude [deg]
# name 1 = longitude: Longitude [deg]
# name 2 = t090C: Temperature [ITS-90, deg C]
# name 3 = c0S/m: Conductivity [S/m]
# name 4 = sal00: Salinity, Practical [PSU]
# name 5 = depSM: Depth [salt water, m]
# name 6 = prDM: Pressure, Digiquartz [db]
# name 7 = t190C: Temperature, 2 [ITS-90, deg C]
# name 8 = c1S/m: Conductivity, 2 [S/m]
# name 9 = sal11: Salinity, Practical, 2 [PSU]
# name 10 = flECO-AFL: Fluorescence, WET Labs ECO-AFL/FL [mg/m^3]
# name 11 = par: PAR/Irradiance, Biospherical/Licor
# name 12 = bat: Beam Attenuation, Chelsea/Seatech [1/m]
# name 13 = xmiss: Beam Transmission, Chelsea/Seatech [%]
# name 14 = altM: Altimeter [m]
# name 15 = sbeox0Mm/Kg: Oxygen, SBE 43 [umol/kg]
# name 16 = sbeox0ML/L: Oxygen, SBE 43 [ml/l]
# name 17 = spar: SPAR/Surface Irradiance
# name 18 = pumps: Pump Status
# name 19 = nbin: number of scans per bin
# name 20 = flag: flag
# span 0 =   33.21998,   33.22023       
# span 1 =  -65.69165,  -65.69100       
# span 2 =    18.1499,    20.3168       
# span 3 =   4.792699,   5.022445       
# span 4 =    36.5286,    36.6208       
# span 5 =      3.062,    200.268       
# span 6 =      3.084,    201.792       
# span 7 =    18.1470,    20.3166       
# span 8 =   4.792483,   5.022534       
# span 9 =    36.5275,    36.6225       
# span 10 =     0.0177,     0.8470      
# span 11 = 1.0000e-12, 1.0000e-12      
# span 12 =    -0.0119,     0.0744      
# span 13 =    98.1565,   100.2979      
# span 14 =       1.03,      98.81      
# span 15 =    185.880,    222.118      
# span 16 =     4.2720,     5.1033      
# span 17 = 1.8283e+02, 2.8743e+02      
# span 18 =          1,          1      
# span 19 =         16,        643      
# span 20 = 0.0000e+00, 0.0000e+00      
# interval = decibars: 1                
# start_time = May 03 2012 11:10:02 [NMEA time, header]
# bad_flag = -9.990e-29
*END*
[from data line 69]
   33.22018  -65.69158    19.4087   4.926004    36.5897     72.473     73.002    19.4087   4.926088    36.5904     0.7367 1.0000e-12     0.0702    98.2615      98.67    214.688     4.9328 1.9617e+02          1         34 0.0000e+00
   33.22018  -65.69158    19.4067   4.925819    36.5896     73.519     74.056    19.4067   4.925933    36.5905     0.7715 1.0000e-12     0.0662    98.3591      98.68    213.747     4.9112 1.9630e+02          1         43 0.0000e+00
   33.22018  -65.69158    19.4065   4.925854    36.5896     74.341     74.884    19.4062   4.925931    36.5905     0.8006 1.0000e-12     0.0612    98.4814      98.68    213.774     4.9118 1.9625e+02          1         83 0.0000e+00
   33.22020  -65.69158    19.4044   4.925725    36.5900     75.432     75.983    19.4043   4.925766    36.5904     0.7333 1.0000e-12     0.0601    98.5076      98.68    213.581     4.9074 1.9668e+02          1         29 0.0000e+00
   33.22020  -65.69158    19.4096   4.926608    36.5922     76.482     77.040    19.4093   4.926597    36.5924     0.7189 1.0000e-12     0.0550    98.6350      98.67    213.491     4.9053 1.9755e+02          1         34 0.0000e+00
   33.22020  -65.69158    19.4136   4.927278    36.5939     77.407     77.973    19.4134   4.927354    36.5946     0.6964 1.0000e-12     0.0538    98.6650      98.68    213.062     4.8954 1.9799e+02          1         62 0.0000e+00
   33.22018  -65.69158    19.4137   4.927438    36.5948     78.436     79.009    19.4136   4.927542    36.5957     0.6540 1.0000e-12     0.0482    98.8014      98.68    213.899     4.9147 1.9837e+02          1         43 0.0000e+00
   33.22018  -65.69158    19.4134   4.927471    36.5949     79.397     79.978    19.4133   4.927567    36.5958     0.5526 1.0000e-12     0.0405    98.9921      98.68    213.589     4.9076 1.9843e+02          1         44 0.0000e+00
   33.22018  -65.69158    19.4116   4.927296    36.5947     80.395     80.983    19.4115   4.927403    36.5956     0.5499 1.0000e-12     0.0363    99.0962      98.68    213.066     4.8955 1.9893e+02          1         39 0.0000e+00
   33.22018  -65.69158    19.4101   4.927146    36.5943     81.438     82.034    19.4102   4.927261    36.5953     0.5246 1.0000e-12     0.0308    99.2336      98.68    212.411     4.8805 1.9943e+02          1         69 0.0000e+00
   33.22018  -65.69158    19.4092   4.927082    36.5943     82.362     82.965    19.4091   4.927176    36.5952     0.4975 1.0000e-12     0.0299    99.2557      98.69    212.740     4.8881 1.9910e+02          1         39 0.0000e+00
   33.22018  -65.69158    19.4058   4.926655    36.5934     83.402     84.013    19.4055   4.926745    36.5944     0.4621 1.0000e-12     0.0269    99.3299      98.68    212.797     4.8894 2.0013e+02          1         32 0.0000e+00
   33.22018  -65.69158    19.4014   4.926115    36.5925     84.401     85.019    19.4012   4.926211    36.5934     0.4581 1.0000e-12     0.0243    99.3954      98.68    212.643     4.8858 2.0087e+02          1         39 0.0000e+00
   33.22018  -65.69158    19.4001   4.926015    36.5923     85.379     86.004    19.4001   4.926109    36.5931     0.4275 1.0000e-12     0.0216    99.4610      98.68    212.303     4.8780 2.0068e+02          1         83 0.0000e+00
   33.22018  -65.69158    19.4011   4.926256    36.5930     86.323     86.956    19.4008   4.926295    36.5936     0.3835 1.0000e-12     0.0192    99.5203      98.68    212.056     4.8724 2.0061e+02          1         30 0.0000e+00
   33.22018  -65.69158    19.4032   4.926639    36.5939     87.352     87.993    19.4030   4.926673    36.5945     0.5298 1.0000e-12     0.0178    99.5578      98.68    212.058     4.8724 2.0132e+02          1         24 0.0000e+00
   33.22018  -65.69158    19.4036   4.926730    36.5939     88.428     89.077    19.4036   4.926836    36.5948     0.4137 1.0000e-12     0.0162    99.5973      98.68    212.063     4.8725 2.0240e+02          1         79 0.0000e+00
   33.22018  -65.69158    19.4023   4.926631    36.5939     89.328     89.983    19.4023   4.926729    36.5948     0.3472 1.0000e-12     0.0145    99.6398      98.68    211.896     4.8687 2.0188e+02          1         34 0.0000e+00
   33.22018  -65.69158    19.4017   4.926608    36.5939     90.343     91.006    19.4017   4.926693    36.5946     0.3391 1.0000e-12     0.0127    99.6831      98.69    212.248     4.8768 2.0237e+02          1         36 0.0000e+00
   33.22018  -65.69158    19.4009   4.926552    36.5938     91.322     91.993    19.4007   4.926635    36.5946     0.3069 1.0000e-12     0.0127    99.6824      98.69    212.045     4.8721 2.0289e+02          1         46 0.0000e+00
   33.22018  -65.69158    19.3978   4.926250    36.5936     92.380     93.058    19.3977   4.926353    36.5945     0.2911 1.0000e-12     0.0114    99.7154      98.68    212.142     4.8743 2.0339e+02          1         56 0.0000e+00
   33.22018  -65.69158    19.3974   4.926254    36.5937     93.214     93.899    19.3974   4.926349    36.5945     0.2833 1.0000e-12     0.0093    99.7681      98.69    211.653     4.8631 2.0296e+02          1         65 0.0000e+00
   33.22018  -65.69158    19.3945   4.925943    36.5933     94.235     94.928    19.3945   4.926060    36.5943     0.2694 1.0000e-12     0.0084    99.7902      98.68    211.212     4.8530 2.0382e+02          1         27 0.0000e+00
   33.22018  -65.69158    19.3917   4.925602    36.5925     95.302     96.003    19.3917   4.925724    36.5936     0.2280 1.0000e-12     0.0082    99.7964      98.69    212.150     4.8745 2.0477e+02          1         25 0.0000e+00
   33.22018  -65.69158    19.3900   4.925414    36.5920     96.494     97.204    19.3890   4.925381    36.5926     0.2595 1.0000e-12     0.0070    99.8264      92.32    211.741     4.8651 2.0469e+02          1         93 0.0000e+00
   33.22018  -65.69158    19.3859   4.924899    36.5911     97.231     97.947    19.3855   4.924989    36.5921     0.2765 1.0000e-12     0.0066    99.8335      98.68    212.230     4.8764 2.0509e+02          1         35 0.0000e+00
   33.22018  -65.69158    19.3851   4.924904    36.5914     98.279     99.002    19.3849   4.924955    36.5920     0.2752 1.0000e-12     0.0081    99.7974      98.69    211.972     4.8704 2.0522e+02          1         25 0.0000e+00
   33.22018  -65.69158    19.3874   4.925304    36.5922     99.345    100.076    19.3874   4.925396    36.5929     0.2430 1.0000e-12     0.0086    99.7847      98.69    211.577     4.8614 2.0522e+02          1         51 0.0000e+00
   33.22018  -65.69158    19.3883   4.925499    36.5927    100.131    100.869    19.3882   4.925584    36.5935     0.2671 1.0000e-12     0.0095    99.7621      98.69    211.716     4.8645 2.0534e+02          1         54 0.0000e+00
   33.22018  -65.69158    19.3886   4.925615    36.5930    101.277    102.023    19.3885   4.925689    36.5937     0.2469 1.0000e-12     0.0113    99.7176      98.69    211.871     4.8681 2.0638e+02          1         23 0.0000e+00
   33.22018  -65.69158    19.3889   4.925689    36.5929    102.326    103.080    19.3888   4.925772    36.5937     0.2295 1.0000e-12     0.0056    99.8592      98.68    212.182     4.8753 2.0739e+02          1         38 0.0000e+00
   33.22018  -65.69158    19.3890   4.925734    36.5929    103.103    103.863    19.3889   4.925820    36.5937     0.2602 1.0000e-12     0.0064    99.8402      98.69    211.739     4.8651 2.0688e+02          1         55 0.0000e+00
   33.22018  -65.69158    19.3895   4.925902    36.5934    104.185    104.953    19.3896   4.925987    36.5940     0.2430 1.0000e-12     0.0062    99.8434      98.69    212.122     4.8739 2.0560e+02          1         29 0.0000e+00
   33.22018  -65.69158    19.3900   4.926036    36.5937    105.223    106.000    19.3899   4.926114    36.5944     0.2357 1.0000e-12     0.0077    99.8073      98.69    212.338     4.8789 2.0679e+02          1         27 0.0000e+00
   33.22018  -65.69158    19.3903   4.926130    36.5939    106.221    107.005    19.3902   4.926208    36.5946     0.2366 1.0000e-12     0.0070    99.8250      98.69    212.025     4.8716 2.0745e+02          1         34 0.0000e+00
   33.22018  -65.69158    19.3891   4.926034    36.5938    107.191    107.983    19.3890   4.926135    36.5947     0.2394 1.0000e-12     0.0060    99.8497      98.69    212.010     4.8713 2.0796e+02          1         35 0.0000e+00
   33.22018  -65.69158    19.3855   4.925645    36.5934    108.163    108.962    19.3854   4.925742    36.5943     0.2104 1.0000e-12     0.0060    99.8499      98.69    211.782     4.8661 2.0761e+02          1         28 0.0000e+00
   33.22018  -65.69158    19.3833   4.925391    36.5929    109.200    110.007    19.3832   4.925498    36.5938     0.2259 1.0000e-12     0.0052    99.8704      98.69    211.805     4.8666 2.0745e+02          1         25 0.0000e+00
   33.22018  -65.69158    19.3794   4.924941    36.5922    110.183    110.997    19.3793   4.925059    36.5932     0.1925 1.0000e-12     0.0052    99.8694      98.69    211.776     4.8660 2.0772e+02          1         25 0.0000e+00
   33.22018  -65.69158    19.3785   4.924909    36.5924    111.193    112.015    19.3784   4.924986    36.5931     0.1902 1.0000e-12     0.0039    99.9027      98.69    211.367     4.8566 2.0868e+02          1         29 0.0000e+00
   33.22016  -65.69158    19.3786   4.924966    36.5924    112.155    112.985    19.3784   4.925048    36.5932     0.1831 1.0000e-12     0.0034    99.9154      98.69    211.309     4.8552 2.0903e+02          1         31 0.0000e+00
   33.22016  -65.69158    19.3794   4.925182    36.5931    113.093    113.929    19.3793   4.925250    36.5937     0.1875 1.0000e-12     0.0031    99.9233      98.70    211.074     4.8498 2.0912e+02          1         28 0.0000e+00
   33.22016  -65.69158    19.3809   4.925546    36.5943    114.137    114.982    19.3808   4.925592    36.5948     0.1916 1.0000e-12     0.0030    99.9262      98.69    211.127     4.8510 2.0894e+02          1         24 0.0000e+00
   33.22016  -65.69158    19.3818   4.925742    36.5947    115.148    116.000    19.3817   4.925820    36.5955     0.1968 1.0000e-12     0.0031    99.9227      98.69    211.426     4.8579 2.0856e+02          1         26 0.0000e+00
   33.22016  -65.69158    19.3825   4.925900    36.5950    116.166    117.026    19.3821   4.925926    36.5956     0.2213 1.0000e-12     0.0037    99.9076      98.69    212.128     4.8740 2.0946e+02          1         30 0.0000e+00
   33.22016  -65.69158    19.3831   4.926017    36.5951    117.102    117.969    19.3828   4.926067    36.5958     0.2464 1.0000e-12     0.0047    99.8837      98.70    212.582     4.8845 2.0968e+02          1         33 0.0000e+00
   33.22016  -65.69158    19.3831   4.926070    36.5952    118.058    118.932    19.3830   4.926155    36.5959     0.2317 1.0000e-12     0.0052    99.8703      98.69    212.713     4.8875 2.0985e+02          1         26 0.0000e+00
   33.22016  -65.69158    19.3833   4.926154    36.5953    119.093    119.976    19.3832   4.926218    36.5959     0.2222 1.0000e-12     0.0051    99.8724      98.70    212.213     4.8760 2.0968e+02          1         20 0.0000e+00
   33.22016  -65.69158    19.3834   4.926212    36.5953    120.116    121.006    19.3834   4.926285    36.5960     0.2221 1.0000e-12     0.0052    99.8700      98.69    211.818     4.8669 2.0980e+02          1         19 0.0000e+00
   33.22016  -65.69156    19.3822   4.926102    36.5951    121.113    122.011    19.3821   4.926216    36.5961     0.2127 1.0000e-12     0.0053    99.8673      98.69    211.841     4.8674 2.0968e+02          1         20 0.0000e+00
   33.22016  -65.69156    19.3807   4.925973    36.5950    122.093    122.999    19.3808   4.926068    36.5957     0.2071 1.0000e-12     0.0057    99.8577      98.69    211.997     4.8710 2.1089e+02          1         24 0.0000e+00
   33.22016  -65.69156    19.3797   4.925902    36.5949    123.098    124.012    19.3796   4.925985    36.5957     0.2400 1.0000e-12     0.0051    99.8735      98.70    212.524     4.8831 2.1130e+02          1         33 0.0000e+00
   33.22016  -65.69156    19.3794   4.925934    36.5951    124.060    124.981    19.3794   4.926018    36.5958     0.2094 1.0000e-12     0.0040    99.9018      98.69    212.792     4.8893 2.1109e+02          1         38 0.0000e+00
   33.22016  -65.69158    19.3790   4.925929    36.5951    125.022    125.951    19.3789   4.926022    36.5959     0.1861 1.0000e-12     0.0047    99.8817      98.69    212.318     4.8784 2.1155e+02          1         25 0.0000e+00
   33.22016  -65.69158    19.3781   4.925866    36.5949    126.049    126.985    19.3781   4.925975    36.5959     0.1968 1.0000e-12     0.0032    99.9212      98.69    211.905     4.8689 2.1149e+02          1         21 0.0000e+00
   33.22016  -65.69158    19.3759   4.925609    36.5944    127.083    128.027    19.3756   4.925683    36.5952     0.1751 1.0000e-12     0.0015    99.9634      98.70    212.168     4.8750 2.1144e+02          1         19 0.0000e+00
   33.22016  -65.69158    19.3751   4.925558    36.5942    128.076    129.028    19.3751   4.925628    36.5949     0.1755 1.0000e-12     0.0020    99.9485      98.70    212.393     4.8801 2.1109e+02          1         19 0.0000e+00
   33.22016  -65.69158    19.3744   4.925504    36.5941    129.033    129.993    19.3744   4.925603    36.5949     0.1880 1.0000e-12     0.0023    99.9433      98.70    212.559     4.8840 2.1110e+02          1         22 0.0000e+00
   33.22016  -65.69157    19.3742   4.925507    36.5939    130.038    131.005    19.3742   4.924194    36.5830     0.1720 1.0000e-12     0.0025    99.9382      83.60    212.595     4.8848 2.1191e+02          1         29 0.0000e+00
   33.22016  -65.69156    19.3743   4.925583    36.5941    131.036    132.011    19.3742   4.925652    36.5947     0.1864 1.0000e-12     0.0019    99.9520       1.03    212.345     4.8790 2.1315e+02          1         27 0.0000e+00
   33.22016  -65.69156    19.3744   4.925655    36.5941    132.011    132.994    19.3744   4.925726    36.5948     0.1752 1.0000e-12     0.0026    99.9344      96.86    212.567     4.8841 2.1414e+02          1         23 0.0000e+00
   33.22016  -65.69156    19.3751   4.925797    36.5944    132.976    133.966    19.3750   4.925850    36.5949     0.1631 1.0000e-12     0.0015    99.9621      98.69    212.184     4.8753 2.1414e+02          1         19 0.0000e+00
   33.22016  -65.69156    19.3749   4.925860    36.5946    133.966    134.963    19.3749   4.925937    36.5954     0.1518 1.0000e-12     0.0023    99.9433      98.70    212.176     4.8752 2.1368e+02          1         24 0.0000e+00
   33.22016  -65.69156    19.3750   4.925935    36.5948    135.008    136.014    19.3750   4.926028    36.5956     0.1535 1.0000e-12     0.0011    99.9719       5.49    212.380     4.8798 2.1258e+02          1         30 0.0000e+00
   33.22016  -65.69156    19.3751   4.925997    36.5949    135.985    136.999    19.3751   4.926092    36.5957     0.1592 1.0000e-12     0.0003    99.9928      89.09    212.040     4.8720 2.1245e+02          1         33 0.0000e+00
   33.22016  -65.69156    19.3750   4.926075    36.5952    136.962    137.983    19.3750   4.926147    36.5958     0.1758 1.0000e-12     0.0005    99.9892      45.02    211.788     4.8662 2.1307e+02          1         23 0.0000e+00
   33.22016  -65.69156    19.3751   4.926148    36.5953    137.940    138.969    19.3751   4.926202    36.5958     0.1080 1.0000e-12    -0.0007   100.0162      73.87    212.457     4.8816 2.1414e+02          1         19 0.0000e+00
   33.22016  -65.69156    19.3752   4.926198    36.5954    138.940    139.976    19.3752   4.926280    36.5961     0.1061 1.0000e-12    -0.0004   100.0110      98.70    212.709     4.8874 2.1414e+02          1         17 0.0000e+00
