Data/ruptures/KN207-01/QL-2/20701083.cnv
* Sea-Bird SBE 9 Data File:
* FileName = C:\Data\ctd\20701083.hex
* Software Version Seasave V 7.21e
* Temperature SN = 4406
* Conductivity SN = 1474
* Number of Bytes Per Scan = 40
* Number of Voltage Words = 5
* Number of Scans Averaged by the Deck Unit = 1
* NMEA Latitude = 33 14.98 N
* NMEA Longitude = 065 42.62 W
* NMEA UTC (Time) = May 03 2012 15:09:45
** R/V Knorr Cruise # KN207-01 QL 2
** Chief Scientist: Ben Van Mooy
# nquan = 21
# nvalues = 398                         
# units = specified
# name 0 = latitude: Latitude [deg]
# name 1 = longitude: Longitude [deg]
# name 2 = t090C: Temperature [ITS-90, deg C]
# name 3 = c0S/m: Conductivity [S/m]
# name 4 = sal00: Salinity, Practical [PSU]
# name 5 = depSM: Depth [salt water, m]
# name 6 = prDM: Pressure, Digiquartz [db]
# name 7 = t190C: Temperature, 2 [ITS-90, deg C]
# name 8 = c1S/m: Conductivity, 2 [S/m]
# name 9 = sal11: Salinity, Practical, 2 [PSU]
# name 10 = flECO-AFL: Fluorescence, WET Labs ECO-AFL/FL [mg/m^3]
# name 11 = par: PAR/Irradiance, Biospherical/Licor
# name 12 = bat: Beam Attenuation, Chelsea/Seatech [1/m]
# name 13 = xmiss: Beam Transmission, Chelsea/Seatech [%]
# name 14 = altM: Altimeter [m]
# name 15 = sbeox0Mm/Kg: Oxygen, SBE 43 [umol/kg]
# name 16 = sbeox0ML/L: Oxygen, SBE 43 [ml/l]
# name 17 = spar: SPAR/Surface Irradiance
# name 18 = pumps: Pump Status
# name 19 = nbin: number of scans per bin
# name 20 = flag: flag
# span 0 =   33.24942,   33.25000       
# span 1 =  -65.71247,  -65.71038       
# span 2 =    19.1861,    20.3503       
# span 3 =   4.910484,   5.023022       
# span 4 =    36.5769,    36.6154       
# span 5 =      2.928,    200.075       
# span 6 =      2.949,    201.599       
# span 7 =    19.1816,    20.3516       
# span 8 =   4.910074,   5.023049       
# span 9 =    36.5775,    36.6162       
# span 10 =     0.0304,     0.8819      
# span 11 = 1.0000e-12, 1.0000e-12      
# span 12 =    -0.0096,     0.0727      
# span 13 =    98.1979,   100.2408      
# span 14 =       1.02,      98.84      
# span 15 =    201.727,    222.703      
# span 16 =     4.6353,     5.1167      
# span 17 = 1.6575e+02, 4.5574e+02      
# span 18 =          1,          1      
# span 19 =         16,       1652      
# span 20 = 0.0000e+00, 0.0000e+00      
# interval = decibars: 1                
# start_time = May 03 2012 15:09:45 [NMEA time, header]
# bad_flag = -9.990e-29
*END*
[from data line 207]
   33.24984  -65.71058    19.3082   4.922385    36.6014    191.555    193.010    19.3017   4.921589    36.6005     0.0569 1.0000e-12    -0.0066   100.1651      98.73    206.961     4.7554 2.5206e+02          1         24 0.0000e+00
   33.24984  -65.71058    19.3314   4.924966    36.6025    190.555    192.001    19.3275   4.924410    36.6013     0.0695 1.0000e-12    -0.0070   100.1746      98.73    206.755     4.7507 2.5206e+02          1         21 0.0000e+00
   33.24984  -65.71058    19.3409   4.926184    36.6046    189.572    191.010    19.3381   4.925763    36.6036     0.0560 1.0000e-12    -0.0066   100.1651      75.72    206.716     4.7498 2.5169e+02          1         24 0.0000e+00
   33.24984  -65.71058    19.3473   4.926799    36.6046    188.576    190.007    19.3427   4.926305    36.6046     0.0698 1.0000e-12    -0.0063   100.1576      50.61    207.209     4.7611 2.5169e+02          1         24 0.0000e+00
   33.24984  -65.71060    19.3481   4.926772    36.6042    187.593    189.015    19.3457   4.926562    36.6045     0.0523 1.0000e-12    -0.0062   100.1541      48.12    207.950     4.7781 2.5189e+02          1         26 0.0000e+00
   33.24984  -65.71060    19.3497   4.926842    36.6039    186.604    188.019    19.3481   4.926730    36.6044     0.0501 1.0000e-12    -0.0055   100.1372      17.92    208.328     4.7868 2.5230e+02          1         28 0.0000e+00
   33.24984  -65.71060    19.3516   4.926730    36.6018    185.610    187.016    19.3502   4.926713    36.6029     0.0771 1.0000e-12    -0.0047   100.1180      23.85    207.982     4.7789 2.5230e+02          1         28 0.0000e+00
   33.24984  -65.71060    19.3536   4.926646    36.5998    184.633    186.032    19.3533   4.926693    36.6005     0.0768 1.0000e-12    -0.0065   100.1619       2.35    207.652     4.7713 2.5252e+02          1         24 0.0000e+00
   33.24984  -65.71060    19.3549   4.926497    36.5980    183.635    185.026    19.3529   4.926536    36.6000     0.1036 1.0000e-12    -0.0066   100.1657       4.46    207.741     4.7733 2.5284e+02          1         23 0.0000e+00
   33.24984  -65.71060    19.3576   4.926540    36.5964    182.613    183.995    19.3564   4.926522    36.5973     0.1166 1.0000e-12    -0.0051   100.1266       5.01    208.287     4.7858 2.5293e+02          1         23 0.0000e+00
   33.24984  -65.71060    19.3613   4.926890    36.5964    181.615    182.989    19.3607   4.926899    36.5970     0.0795 1.0000e-12    -0.0051   100.1265       5.59    209.013     4.8025 2.5373e+02          1         24 0.0000e+00
   33.24984  -65.71060    19.3626   4.927016    36.5968    180.651    182.018    19.3632   4.927100    36.5969     0.0732 1.0000e-12    -0.0047   100.1174       4.86    209.672     4.8176 2.5399e+02          1         22 0.0000e+00
   33.24984  -65.71060    19.3651   4.927225    36.5967    179.658    181.017    19.3642   4.927184    36.5972     0.0905 1.0000e-12    -0.0049   100.1223      41.87    210.094     4.8273 2.5429e+02          1         24 0.0000e+00
   33.24984  -65.71060    19.3668   4.927364    36.5968    178.616    179.967    19.3666   4.927352    36.5969     0.0633 1.0000e-12    -0.0042   100.1051      98.73    210.377     4.8338 2.5429e+02          1         24 0.0000e+00
   33.24984  -65.71062    19.3676   4.927383    36.5967    177.655    178.997    19.3672   4.927379    36.5970     0.0586 1.0000e-12    -0.0044   100.1109      97.76    211.105     4.8506 2.5440e+02          1         21 0.0000e+00
   33.24984  -65.71062    19.3685   4.927357    36.5961    176.693    178.029    19.3680   4.927381    36.5967     0.0472 1.0000e-12    -0.0029   100.0740      33.70    211.006     4.8483 2.5498e+02          1         26 0.0000e+00
   33.24984  -65.71062    19.3687   4.927258    36.5955    175.703    177.030    19.3685   4.927330    36.5963     0.0688 1.0000e-12    -0.0039   100.0971       9.44    210.849     4.8447 2.5568e+02          1         32 0.0000e+00
   33.24984  -65.71062    19.3692   4.927223    36.5952    174.703    176.022    19.3692   4.927281    36.5957     0.0669 1.0000e-12    -0.0043   100.1076       1.03    211.727     4.8649 2.5618e+02          1         26 0.0000e+00
   33.24984  -65.71062    19.3699   4.927223    36.5951    173.674    174.985    19.3693   4.927238    36.5957     0.0730 1.0000e-12    -0.0048   100.1190      70.55    211.882     4.8684 2.5593e+02          1         19 0.0000e+00
   33.24984  -65.71062    19.3703   4.927195    36.5949    172.671    173.974    19.3699   4.927234    36.5955     0.0723 1.0000e-12    -0.0037   100.0944      98.74    211.816     4.8669 2.5565e+02          1         18 0.0000e+00
   33.24984  -65.71062    19.3704   4.927150    36.5948    171.650    172.945    19.3704   4.927222    36.5954     0.0654 1.0000e-12    -0.0028   100.0716      98.74    211.663     4.8634 2.5578e+02          1         18 0.0000e+00
   33.24984  -65.71062    19.3701   4.927062    36.5948    170.673    171.960    19.3701   4.927123    36.5953     0.0635 1.0000e-12    -0.0028   100.0695      98.73    211.627     4.8625 2.5612e+02          1         22 0.0000e+00
   33.24984  -65.71062    19.3697   4.926970    36.5948    169.714    170.993    19.3696   4.927015    36.5953     0.0764 1.0000e-12    -0.0018   100.0443      76.32    211.815     4.8669 2.5659e+02          1         34 0.0000e+00
   33.24984  -65.71063    19.3689   4.926788    36.5944    168.759    170.031    19.3689   4.926863    36.5949     0.0750 1.0000e-12    -0.0014   100.0361      28.22    212.104     4.8735 2.5687e+02          1         32 0.0000e+00
   33.24984  -65.71064    19.3683   4.926647    36.5941    167.750    169.014    19.3683   4.926692    36.5944     0.0791 1.0000e-12    -0.0031   100.0788      98.74    212.300     4.8780 2.5693e+02          1         22 0.0000e+00
   33.24984  -65.71064    19.3693   4.926692    36.5940    166.753    168.009    19.3689   4.926701    36.5944     0.0876 1.0000e-12    -0.0020   100.0500      98.74    212.182     4.8753 2.5652e+02          1         19 0.0000e+00
   33.24984  -65.71064    19.3696   4.926653    36.5938    165.744    166.992    19.3696   4.926717    36.5944     0.0818 1.0000e-12    -0.0020   100.0500      98.74    211.975     4.8706 2.5652e+02          1         19 0.0000e+00
   33.24984  -65.71064    19.3698   4.926612    36.5937    164.721    165.961    19.3696   4.926660    36.5942     0.0707 1.0000e-12    -0.0016   100.0395      98.75    211.997     4.8711 2.5633e+02          1         23 0.0000e+00
   33.24984  -65.71064    19.3702   4.926623    36.5938    163.757    164.990    19.3701   4.926657    36.5942     0.0855 1.0000e-12    -0.0004   100.0097      98.74    212.465     4.8818 2.5643e+02          1         26 0.0000e+00
   33.24984  -65.71064    19.3703   4.926566    36.5936    162.805    164.030    19.3701   4.926631    36.5943     0.1023 1.0000e-12    -0.0014   100.0350      98.73    212.543     4.8836 2.5643e+02          1         25 0.0000e+00
   33.24984  -65.71064    19.3703   4.926549    36.5938    161.799    163.015    19.3702   4.926590    36.5942     0.0988 1.0000e-12    -0.0011   100.0263      98.74    212.363     4.8795 2.5662e+02          1         22 0.0000e+00
   33.24984  -65.71064    19.3711   4.926591    36.5938    160.782    161.990    19.3706   4.926570    36.5941     0.1016 1.0000e-12    -0.0011   100.0261      98.74    211.954     4.8701 2.5623e+02          1         23 0.0000e+00
   33.24984  -65.71064    19.3726   4.926739    36.5941    159.795    160.996    19.3728   4.926795    36.5944     0.0905 1.0000e-12    -0.0019   100.0473      98.73    212.098     4.8734 2.5594e+02          1         23 0.0000e+00
   33.24984  -65.71064    19.3744   4.926974    36.5948    158.876    160.069    19.3740   4.926985    36.5953     0.1028 1.0000e-12    -0.0013   100.0308      98.74    212.364     4.8795 2.5537e+02          1         64 0.0000e+00
   33.24984  -65.71064    19.3745   4.926926    36.5948    157.792    158.977    19.3743   4.926957    36.5952     0.1165 1.0000e-12    -0.0013   100.0319      26.24    212.075     4.8728 2.5505e+02          1         35 0.0000e+00
   33.24984  -65.71065    19.3750   4.926941    36.5949    156.841    158.018    19.3748   4.926980    36.5953     0.1402 1.0000e-12    -0.0007   100.0180      47.10    211.903     4.8689 2.5424e+02          1         85 0.0000e+00
   33.24984  -65.71066    19.3760   4.926994    36.5947    155.854    157.024    19.3757   4.927023    36.5953     0.1371 1.0000e-12    -0.0008   100.0216      54.30    212.165     4.8749 2.5251e+02          1         35 0.0000e+00
   33.24984  -65.71066    19.3765   4.927014    36.5949    154.752    155.913    19.3760   4.927031    36.5955     0.1517 1.0000e-12    -0.0011   100.0280      20.68    212.430     4.8810 2.5206e+02          1         52 0.0000e+00
   33.24985  -65.71067    19.3771   4.927055    36.5951    153.801    154.954    19.3771   4.927120    36.5957     0.1543 1.0000e-12    -0.0001   100.0013      98.75    212.288     4.8777 2.4937e+02          1        170 0.0000e+00
   33.24986  -65.71068    19.3780   4.927106    36.5951    152.933    154.079    19.3778   4.927164    36.5957     0.1562 1.0000e-12    -0.0008   100.0198      12.02    212.451     4.8815 2.4688e+02          1         56 0.0000e+00
   33.24986  -65.71068    19.3777   4.927045    36.5952    151.926    153.065    19.3774   4.927083    36.5958     0.1566 1.0000e-12    -0.0017   100.0421      78.34    212.335     4.8788 2.4379e+02          1        158 0.0000e+00
   33.24989  -65.71075    19.3791   4.927173    36.5954    151.113    152.245    19.3791   4.927236    36.5960     0.1537 1.0000e-12    -0.0016   100.0403      92.81    212.280     4.8775 2.3366e+02          1       1606 0.0000e+00
   33.24992  -65.71084    19.3793   4.927133    36.5953    149.950    151.073    19.3793   4.927202    36.5959     0.1642 1.0000e-12    -0.0024   100.0594      80.70    212.259     4.8771 2.3234e+02          1         51 0.0000e+00
   33.24992  -65.71084    19.3792   4.927065    36.5953    148.916    150.032    19.3792   4.927138    36.5959     0.1487 1.0000e-12    -0.0008   100.0216       1.02    212.199     4.8757 2.3206e+02          1         33 0.0000e+00
   33.24992  -65.71084    19.3791   4.927014    36.5953    147.915    149.022    19.3791   4.927073    36.5958     0.1257 1.0000e-12    -0.0026   100.0648       1.03    212.519     4.8830 2.3190e+02          1         25 0.0000e+00
   33.24992  -65.71084    19.3790   4.926984    36.5955    146.922    148.022    19.3790   4.927032    36.5960     0.0971 1.0000e-12    -0.0029   100.0720      88.32    212.429     4.8810 2.3199e+02          1         27 0.0000e+00
   33.24992  -65.71084    19.3794   4.926979    36.5955    145.897    146.988    19.3793   4.927016    36.5959     0.1340 1.0000e-12    -0.0027   100.0680      98.76    212.300     4.8780 2.3206e+02          1         31 0.0000e+00
   33.24992  -65.71084    19.3799   4.926982    36.5954    144.921    146.005    19.3797   4.927034    36.5961     0.1195 1.0000e-12    -0.0032   100.0796      44.49    212.242     4.8767 2.3185e+02          1         31 0.0000e+00
   33.24992  -65.71084    19.3801   4.926978    36.5956    143.931    145.007    19.3800   4.927016    36.5961     0.1238 1.0000e-12    -0.0037   100.0938      43.53    211.725     4.8648 2.3182e+02          1         26 0.0000e+00
   33.24992  -65.71085    19.3806   4.926971    36.5955    142.936    144.004    19.3803   4.927011    36.5961     0.1186 1.0000e-12    -0.0034   100.0848      98.76    211.601     4.8620 2.3106e+02          1         24 0.0000e+00
   33.24992  -65.71086    19.3808   4.926955    36.5955    141.931    142.991    19.3806   4.926997    36.5960     0.1010 1.0000e-12    -0.0020   100.0503      98.76    212.153     4.8746 2.3088e+02          1         26 0.0000e+00
   33.24992  -65.71086    19.3807   4.926903    36.5955    140.944    141.997    19.3807   4.926972    36.5962     0.1147 1.0000e-12    -0.0021   100.0537      98.76    212.287     4.8777 2.3048e+02          1         28 0.0000e+00
   33.24992  -65.71086    19.3808   4.926864    36.5955    139.969    141.014    19.3807   4.926920    36.5961     0.1184 1.0000e-12    -0.0032   100.0803      98.76    212.059     4.8724 2.3056e+02          1         28 0.0000e+00
   33.24992  -65.71086    19.3806   4.926781    36.5954    138.959    139.995    19.3805   4.926839    36.5960     0.1397 1.0000e-12    -0.0011   100.0274      98.77    211.856     4.8678 2.2966e+02          1         22 0.0000e+00
   33.24992  -65.71086    19.3804   4.926680    36.5951    137.967    138.996    19.3803   4.926751    36.5958     0.1305 1.0000e-12    -0.0012   100.0287      98.75    212.179     4.8752 2.2951e+02          1         18 0.0000e+00
   33.24992  -65.71086    19.3807   4.926663    36.5951    136.982    138.003    19.3805   4.926716    36.5957     0.1354 1.0000e-12    -0.0005   100.0121      98.75    212.241     4.8766 2.2906e+02          1         19 0.0000e+00
   33.24992  -65.71086    19.3810   4.926649    36.5951    135.955    136.969    19.3807   4.926695    36.5957     0.1406 1.0000e-12     0.0029    99.9273      37.40    211.237     4.8536 2.2859e+02          1         21 0.0000e+00
   33.24992  -65.71086    19.3812   4.926642    36.5952    134.956    135.962    19.3813   4.926706    36.5957     0.1343 1.0000e-12     0.0013    99.9673      30.99    211.251     4.8539 2.2902e+02          1         27 0.0000e+00
   33.24992  -65.71086    19.3812   4.926592    36.5952    134.004    135.003    19.3811   4.926654    36.5958     0.1326 1.0000e-12     0.0011    99.9737      98.76    212.290     4.8778 2.2845e+02          1         29 0.0000e+00
   33.24992  -65.71087    19.3809   4.926469    36.5948    133.031    134.022    19.3808   4.926558    36.5956     0.1805 1.0000e-12     0.0016    99.9593      98.76    211.584     4.8615 2.2762e+02          1         26 0.0000e+00
   33.24992  -65.71088    19.3814   4.926424    36.5944    132.027    133.010    19.3809   4.926486    36.5953     0.1828 1.0000e-12     0.0031    99.9243      98.75    211.588     4.8616 2.2753e+02          1         23 0.0000e+00
   33.24992  -65.71088    19.3813   4.926341    36.5941    131.001    131.976    19.3812   4.926408    36.5948     0.1807 1.0000e-12     0.0050    99.8752      98.76    211.781     4.8661 2.2684e+02          1         26 0.0000e+00
   33.24992  -65.71088    19.3808   4.926180    36.5936    130.046    131.014    19.3807   4.926226    36.5941     0.1774 1.0000e-12     0.0021    99.9463      98.76    212.084     4.8730 2.2629e+02          1         27 0.0000e+00
   33.24992  -65.71088    19.3805   4.926023    36.5929    129.102    130.063    19.3805   4.926102    36.5936     0.2003 1.0000e-12     0.0022    99.9455      98.77    212.018     4.8715 2.2569e+02          1         23 0.0000e+00
   33.24992  -65.71088    19.3802   4.925878    36.5924    128.064    129.017    19.3804   4.926045    36.5936     0.1779 1.0000e-12     0.0020    99.9496      98.76    212.010     4.8713 2.2530e+02          1         20 0.0000e+00
   33.24992  -65.71088    19.3802   4.925822    36.5923    127.028    127.973    19.3801   4.925883    36.5928     0.1625 1.0000e-12     0.0021    99.9474      98.76    211.764     4.8657 2.2517e+02          1         17 0.0000e+00
   33.24992  -65.71088    19.3805   4.925791    36.5921    126.068    127.005    19.3804   4.925839    36.5926     0.1550 1.0000e-12     0.0020    99.9485      98.76    211.447     4.8584 2.2447e+02          1         19 0.0000e+00
   33.24992  -65.71088    19.3813   4.925816    36.5920    125.080    126.009    19.3811   4.925868    36.5926     0.1757 1.0000e-12     0.0036    99.9088      98.76    211.122     4.8509 2.2315e+02          1         26 0.0000e+00
