Data/ruptures/KN207-01/QL-2/20701080.cnv
* Sea-Bird SBE 9 Data File:
* FileName = C:\Data\ctd\20701080.hex
* Software Version Seasave V 7.21e
* Temperature SN = 4406
* Conductivity SN = 1474
* Number of Bytes Per Scan = 40
* Number of Voltage Words = 5
* Number of Scans Averaged by the Deck Unit = 1
* NMEA Latitude = 33 09.93 N
* NMEA Longitude = 065 41.19 W
* NMEA UTC (Time) = May 03 2012 00:04:30
** R/V Knorr Cruise # KN207-01 QL 2
** Chief Scientist: Ben Van Mooy
# nquan = 21
# nvalues = 398                         
# units = specified
# name 0 = latitude: Latitude [deg]
# name 1 = longitude: Longitude [deg]
# name 2 = t090C: Temperature [ITS-90, deg C]
# name 3 = c0S/m: Conductivity [S/m]
# name 4 = sal00: Salinity, Practical [PSU]
# name 5 = depSM: Depth [salt water, m]
# name 6 = prDM: Pressure, Digiquartz [db]
# name 7 = t190C: Temperature, 2 [ITS-90, deg C]
# name 8 = c1S/m: Conductivity, 2 [S/m]
# name 9 = sal11: Salinity, Practical, 2 [PSU]
# name 10 = flECO-AFL: Fluorescence, WET Labs ECO-AFL/FL [mg/m^3]
# name 11 = par: PAR/Irradiance, Biospherical/Licor
# name 12 = bat: Beam Attenuation, Chelsea/Seatech [1/m]
# name 13 = xmiss: Beam Transmission, Chelsea/Seatech [%]
# name 14 = altM: Altimeter [m]
# name 15 = sbeox0Mm/Kg: Oxygen, SBE 43 [umol/kg]
# name 16 = sbeox0ML/L: Oxygen, SBE 43 [ml/l]
# name 17 = spar: SPAR/Surface Irradiance
# name 18 = pumps: Pump Status
# name 19 = nbin: number of scans per bin
# name 20 = flag: flag
# span 0 =   33.16564,   33.16628       
# span 1 =  -65.68660,  -65.68650       
# span 2 =    18.2087,    20.3858       
# span 3 =   4.799119,   5.029925       
# span 4 =    36.5295,    36.6185       
# span 5 =      3.363,    200.223       
# span 6 =      3.387,    201.746       
# span 7 =    18.2083,    20.3855       
# span 8 =   4.799172,   5.030161       
# span 9 =    36.5275,    36.6191       
# span 10 =     0.0156,     0.7732      
# span 11 = 1.0000e-12, 1.0000e-12      
# span 12 =    -0.0120,     0.0735      
# span 13 =    98.1796,   100.2989      
# span 14 =       0.92,      98.98      
# span 15 =    188.067,    223.438      
# span 16 =     4.3223,     5.1337      
# span 17 = 1.4409e+01, 1.5663e+01      
# span 18 =          1,          1      
# span 19 =         17,       1039      
# span 20 = 0.0000e+00, 0.0000e+00      
# interval = decibars: 1                
# start_time = May 03 2012 00:04:30 [NMEA time, header]
# bad_flag = -9.990e-29
*END*
[from data line 138]
   33.16580  -65.68654    19.3706   4.925604    36.5937    140.940    141.991    19.3706   4.925707    36.5946     0.1999 1.0000e-12     0.0000    99.9997       1.06    212.536     4.8834 1.5037e+01          1         27 0.0000e+00
   33.16580  -65.68654    19.3707   4.925672    36.5938    141.945    143.005    19.3707   4.925786    36.5947     0.1629 1.0000e-12    -0.0007   100.0162       1.05    212.359     4.8794 1.5243e+01          1         24 0.0000e+00
   33.16580  -65.68654    19.3704   4.925721    36.5940    142.938    144.005    19.3704   4.925816    36.5948     0.1842 1.0000e-12    -0.0002   100.0057      15.37    213.152     4.8976 1.5296e+01          1         21 0.0000e+00
   33.16580  -65.68654    19.3704   4.925759    36.5940    143.942    145.017    19.3704   4.925866    36.5949     0.1644 1.0000e-12     0.0003    99.9924      98.78    213.453     4.9045 1.5311e+01          1         22 0.0000e+00
   33.16580  -65.68654    19.3704   4.925792    36.5939    144.951    146.033    19.3704   4.925917    36.5950     0.1550 1.0000e-12    -0.0010   100.0247      59.66    212.626     4.8855 1.4990e+01          1         25 0.0000e+00
   33.16580  -65.68654    19.3695   4.925726    36.5938    145.957    147.047    19.3695   4.925836    36.5947     0.1427 1.0000e-12    -0.0012   100.0298       1.03    212.346     4.8790 1.5615e+01          1         25 0.0000e+00
   33.16580  -65.68654    19.3686   4.925632    36.5935    146.901    147.999    19.3686   4.925755    36.5945     0.1456 1.0000e-12     0.0001    99.9993       1.04    212.192     4.8755 1.5324e+01          1         23 0.0000e+00
   33.16580  -65.68654    19.3683   4.925651    36.5935    147.877    148.983    19.3684   4.925763    36.5944     0.1284 1.0000e-12    -0.0007   100.0162       1.04    212.167     4.8750 1.5057e+01          1         24 0.0000e+00
   33.16580  -65.68654    19.3676   4.925605    36.5933    148.874    149.988    19.3676   4.925709    36.5942     0.1187 1.0000e-12    -0.0009   100.0228       1.04    212.218     4.8761 1.5209e+01          1         22 0.0000e+00
   33.16580  -65.68654    19.3679   4.925716    36.5936    149.893    151.015    19.3679   4.925816    36.5944     0.1273 1.0000e-12    -0.0024   100.0606       1.04    212.001     4.8711 1.5367e+01          1         27 0.0000e+00
   33.16580  -65.68654    19.3683   4.925808    36.5937    150.868    151.997    19.3683   4.925916    36.5945     0.1183 1.0000e-12    -0.0024   100.0602       1.05    211.887     4.8685 1.5522e+01          1         24 0.0000e+00
   33.16580  -65.68654    19.3689   4.925955    36.5940    151.823    152.960    19.3688   4.926037    36.5947     0.1293 1.0000e-12    -0.0032   100.0819       1.05    211.706     4.8644 1.5324e+01          1         23 0.0000e+00
   33.16580  -65.68654    19.3688   4.925979    36.5939    152.858    154.003    19.3688   4.926112    36.5950     0.1317 1.0000e-12    -0.0033   100.0833       1.06    212.514     4.8829 1.5057e+01          1         20 0.0000e+00
   33.16580  -65.68654    19.3682   4.925970    36.5939    153.842    154.994    19.3682   4.926081    36.5949     0.1321 1.0000e-12    -0.0028   100.0695      73.28    212.679     4.8867 1.5007e+01          1         22 0.0000e+00
   33.16582  -65.68654    19.3684   4.926031    36.5939    154.868    156.029    19.3683   4.926132    36.5948     0.1117 1.0000e-12    -0.0042   100.1066      90.63    212.563     4.8841 1.5186e+01          1         26 0.0000e+00
   33.16582  -65.68654    19.3685   4.926105    36.5940    155.819    156.987    19.3686   4.926215    36.5949     0.1141 1.0000e-12    -0.0040   100.1020       0.99    212.738     4.8881 1.5399e+01          1         31 0.0000e+00
   33.16582  -65.68654    19.3687   4.926186    36.5942    156.804    157.980    19.3687   4.926284    36.5950     0.1050 1.0000e-12    -0.0038   100.0958       1.05    213.084     4.8960 1.5450e+01          1         27 0.0000e+00
   33.16582  -65.68654    19.3681   4.926160    36.5941    157.817    159.001    19.3681   4.926273    36.5950     0.1312 1.0000e-12    -0.0039   100.0987      11.38    212.262     4.8771 1.5403e+01          1         21 0.0000e+00
   33.16582  -65.68654    19.3680   4.926207    36.5942    158.798    159.990    19.3680   4.926303    36.5950     0.1076 1.0000e-12    -0.0034   100.0859      98.89    212.222     4.8762 1.5057e+01          1         20 0.0000e+00
   33.16582  -65.68654    19.3688   4.926345    36.5943    159.792    160.991    19.3687   4.926451    36.5952     0.1131 1.0000e-12    -0.0040   100.1010      80.28    212.706     4.8873 1.4905e+01          1         22 0.0000e+00
   33.16582  -65.68654    19.3684   4.926357    36.5944    160.794    162.002    19.3684   4.926460    36.5952     0.1033 1.0000e-12    -0.0037   100.0923       1.03    213.098     4.8964 1.5150e+01          1         24 0.0000e+00
   33.16582  -65.68654    19.3685   4.926428    36.5945    161.785    163.000    19.3685   4.926521    36.5953     0.0816 1.0000e-12    -0.0033   100.0829       1.04    212.955     4.8931 1.5358e+01          1         26 0.0000e+00
   33.16582  -65.68654    19.3686   4.926489    36.5945    162.779    164.003    19.3686   4.926605    36.5955     0.0866 1.0000e-12    -0.0039   100.0987       1.06    212.700     4.8872 1.5403e+01          1         21 0.0000e+00
   33.16582  -65.68654    19.3683   4.926502    36.5945    163.795    165.026    19.3683   4.926624    36.5955     0.0918 1.0000e-12    -0.0037   100.0940      51.33    212.638     4.8858 1.5412e+01          1         22 0.0000e+00
   33.16582  -65.68654    19.3682   4.926520    36.5944    164.827    166.067    19.3681   4.926628    36.5953     0.0908 1.0000e-12    -0.0038   100.0965       0.92    212.423     4.8808 1.5227e+01          1         23 0.0000e+00
   33.16582  -65.68654    19.3683   4.926567    36.5943    165.775    167.022    19.3682   4.926673    36.5953     0.0983 1.0000e-12    -0.0031   100.0792       1.05    212.671     4.8865 1.5307e+01          1         29 0.0000e+00
   33.16582  -65.68654    19.3684   4.926646    36.5945    166.725    167.979    19.3684   4.926749    36.5954     0.0822 1.0000e-12    -0.0027   100.0672       1.05    212.921     4.8923 1.5255e+01          1         31 0.0000e+00
   33.16582  -65.68654    19.3687   4.926743    36.5947    167.720    168.983    19.3686   4.926841    36.5956     0.4992 1.0000e-12    -0.0051   100.1266       1.05    212.500     4.8826 1.5130e+01          1         23 0.0000e+00
   33.16582  -65.68654    19.3684   4.926768    36.5947    168.718    169.988    19.3684   4.926881    36.5958     0.1431 1.0000e-12    -0.0051   100.1279       1.05    212.358     4.8794 1.5412e+01          1         22 0.0000e+00
   33.16582  -65.68654    19.3685   4.926850    36.5950    169.749    171.027    19.3685   4.926946    36.5958     0.0827 1.0000e-12    -0.0056   100.1398      90.98    212.716     4.8876 1.5280e+01          1         20 0.0000e+00
   33.16582  -65.68654    19.3685   4.926888    36.5950    170.721    172.008    19.3685   4.926991    36.5958     0.0761 1.0000e-12    -0.0061   100.1514      98.70    212.897     4.8917 1.5280e+01          1         20 0.0000e+00
   33.16582  -65.68654    19.3693   4.927063    36.5953    171.733    173.027    19.3693   4.927151    36.5961     0.0755 1.0000e-12    -0.0066   100.1646      98.69    212.629     4.8856 1.5324e+01          1         23 0.0000e+00
   33.16582  -65.68654    19.3696   4.927154    36.5955    172.719    174.021    19.3694   4.927246    36.5964     0.0774 1.0000e-12    -0.0067   100.1691      32.89    212.234     4.8765 1.5227e+01          1         23 0.0000e+00
   33.16582  -65.68654    19.3688   4.927089    36.5952    173.665    174.975    19.3688   4.927200    36.5962     0.0701 1.0000e-12    -0.0061   100.1532       1.03    212.399     4.8803 1.5258e+01          1         25 0.0000e+00
   33.16582  -65.68654    19.3682   4.927052    36.5951    174.692    176.010    19.3682   4.927180    36.5962     0.0576 1.0000e-12    -0.0068   100.1708       1.03    212.705     4.8873 1.5183e+01          1         31 0.0000e+00
   33.16582  -65.68654    19.3678   4.927063    36.5951    175.704    177.030    19.3679   4.927174    36.5960     0.0610 1.0000e-12    -0.0072   100.1815       1.03    212.127     4.8740 1.5367e+01          1         27 0.0000e+00
   33.16582  -65.68654    19.3679   4.927112    36.5952    176.646    177.980    19.3678   4.927229    36.5962     0.0435 1.0000e-12    -0.0073   100.1816       1.04    212.174     4.8751 1.5311e+01          1         22 0.0000e+00
   33.16582  -65.68654    19.3660   4.926914    36.5948    177.621    178.962    19.3658   4.927020    36.5959     0.0628 1.0000e-12    -0.0081   100.2015      19.54    212.481     4.8822 1.5296e+01          1         21 0.0000e+00
   33.16582  -65.68654    19.3640   4.926718    36.5946    178.655    180.004    19.3642   4.926847    36.5955     0.0764 1.0000e-12    -0.0078   100.1947      98.72    212.761     4.8886 1.5380e+01          1         19 0.0000e+00
   33.16582  -65.68654    19.3639   4.926824    36.5951    179.663    181.020    19.3639   4.926930    36.5961     0.0691 1.0000e-12    -0.0080   100.2001      98.70    212.623     4.8854 1.5263e+01          1         19 0.0000e+00
   33.16582  -65.68654    19.3638   4.926886    36.5954    180.662    182.028    19.3638   4.927002    36.5964     0.0480 1.0000e-12    -0.0081   100.2025      98.70    212.216     4.8761 1.4843e+01          1         26 0.0000e+00
   33.16582  -65.68654    19.3581   4.926289    36.5951    181.632    183.006    19.3581   4.926423    36.5963     0.0269 1.0000e-12    -0.0079   100.1979       3.52    211.988     4.8709 1.5429e+01          1         36 0.0000e+00
   33.16582  -65.68655    19.3540   4.925928    36.5954    182.616    183.997    19.3540   4.926043    36.5964     0.0472 1.0000e-12    -0.0082   100.2033       1.03    211.783     4.8662 1.5376e+01          1         28 0.0000e+00
   33.16582  -65.68656    19.3503   4.925678    36.5962    183.607    184.996    19.3502   4.925846    36.5977     0.0517 1.0000e-12    -0.0087   100.2162       2.92    210.987     4.8479 1.5296e+01          1         21 0.0000e+00
   33.16582  -65.68656    19.3350   4.923826    36.5942    184.601    185.998    19.3352   4.924256    36.5976     0.0560 1.0000e-12    -0.0088   100.2191      98.53    211.080     4.8500 1.5145e+01          1         19 0.0000e+00
   33.16582  -65.68656    19.2923   4.918600    36.5886    185.634    187.039    19.2919   4.919165    36.5937     0.0478 1.0000e-12    -0.0090   100.2248      98.70    211.367     4.8566 1.5190e+01          1         21 0.0000e+00
   33.16582  -65.68656    19.2595   4.914934    36.5869    186.648    188.062    19.2596   4.915363    36.5905     0.0377 1.0000e-12    -0.0088   100.2199      98.70    210.972     4.8476 1.5084e+01          1         21 0.0000e+00
   33.16582  -65.68656    19.1993   4.908042    36.5830    187.565    188.986    19.1991   4.908986    36.5911     0.0458 1.0000e-12    -0.0082   100.2050      98.70    210.425     4.8351 1.4905e+01          1         22 0.0000e+00
   33.16584  -65.68656    19.1219   4.899386    36.5796    188.528    189.957    19.1217   4.900122    36.5859     0.0457 1.0000e-12    -0.0077   100.1912      98.70    209.864     4.8223 1.5258e+01          1         25 0.0000e+00
   33.16584  -65.68656    19.0521   4.891533    36.5757    189.571    191.008    19.0520   4.892119    36.5807     0.0293 1.0000e-12    -0.0069   100.1737      98.70    207.387     4.7655 1.5169e+01          1         25 0.0000e+00
   33.16584  -65.68656    18.9642   4.881550    36.5702    190.558    192.003    18.9638   4.882615    36.5795     0.0498 1.0000e-12    -0.0071   100.1779      98.70    204.764     4.7053 1.5258e+01          1         25 0.0000e+00
   33.16584  -65.68656    18.8804   4.872387    36.5675    191.529    192.981    18.8805   4.872948    36.5721     0.0245 1.0000e-12    -0.0071   100.1775      98.70    202.914     4.6629 1.5094e+01          1         30 0.0000e+00
   33.16584  -65.68656    18.8092   4.864253    36.5618    192.529    193.990    18.8085   4.865302    36.5713     0.0407 1.0000e-12    -0.0077   100.1914      37.86    200.285     4.6025 1.5456e+01          1         28 0.0000e+00
   33.16584  -65.68656    18.6288   4.844052    36.5531    193.522    194.991    18.6282   4.845473    36.5657     0.0556 1.0000e-12    -0.0072   100.1811      98.56    199.095     4.5753 1.5384e+01          1         29 0.0000e+00
   33.16584  -65.68656    18.5189   4.832129    36.5498    194.542    196.019    18.5189   4.832591    36.5537     0.0384 1.0000e-12    -0.0081   100.2015      85.86    197.035     4.5281 1.5307e+01          1         29 0.0000e+00
   33.16584  -65.68656    18.4691   4.826607    36.5450    195.601    197.087    18.4670   4.826663    36.5473     0.0378 1.0000e-12    -0.0087   100.2179      61.40    191.893     4.4100 1.5432e+01          1         61 0.0000e+00
   33.16584  -65.68656    18.4310   4.822640    36.5422    196.504    197.997    18.4294   4.822757    36.5446     0.0403 1.0000e-12    -0.0081   100.2022      98.70    190.619     4.3807 1.5324e+01          1         69 0.0000e+00
   33.16584  -65.68656    18.3900   4.818271    36.5382    197.573    199.075    18.3934   4.818813    36.5397     0.0411 1.0000e-12    -0.0104   100.2610      98.70    190.417     4.3761 1.5381e+01          1        143 0.0000e+00
   33.16584  -65.68656    18.2867   4.807130    36.5348    198.433    199.942    18.2876   4.807713    36.5389     0.0174 1.0000e-12    -0.0106   100.2652      98.70    189.853     4.3632 1.5243e+01          1         48 0.0000e+00
   33.16584  -65.68656    18.2542   4.803739    36.5328    199.514    201.031    18.2555   4.804084    36.5347     0.0306 1.0000e-12    -0.0109   100.2739      98.70    189.252     4.3495 1.5387e+01          1        137 0.0000e+00
   33.16585  -65.68656    18.2087   4.799119    36.5311    200.223    201.746    18.2083   4.799172    36.5320     0.0156 1.0000e-12    -0.0115   100.2872      98.71    188.067     4.3223 1.5352e+01          1        288 0.0000e+00
   33.16586  -65.68656    18.2443   4.802792    36.5296    199.562    201.080    18.2401   4.802378    36.5298     0.0297 1.0000e-12    -0.0120   100.2989      98.71    188.219     4.3257 1.5345e+01          1        124 0.0000e+00
   33.16586  -65.68656    18.2634   4.804803    36.5300    198.513    200.022    18.2627   4.804812    36.5306     0.0181 1.0000e-12    -0.0114   100.2857      98.71    188.530     4.3328 1.5057e+01          1         40 0.0000e+00
   33.16586  -65.68656    18.2861   4.807107    36.5295    197.514    199.015    18.2831   4.806558    36.5275     0.0356 1.0000e-12    -0.0111   100.2777      98.71    188.534     4.3329 1.5493e+01          1         55 0.0000e+00
   33.16586  -65.68656    18.3575   4.814707    36.5298    196.546    198.039    18.3589   4.814674    36.5282     0.0385 1.0000e-12    -0.0063   100.1571      98.71    188.931     4.3420 1.5463e+01          1         44 0.0000e+00
   33.16586  -65.68656    18.4094   4.820457    36.5324    195.514    196.999    18.4106   4.820367    36.5305     0.0278 1.0000e-12    -0.0100   100.2514      98.71    188.179     4.3246 1.5488e+01          1         35 0.0000e+00
   33.16586  -65.68656    18.4514   4.825221    36.5355    194.528    196.005    18.4444   4.824349    36.5345     0.0320 1.0000e-12    -0.0097   100.2420      98.71    188.580     4.3338 1.5443e+01          1         26 0.0000e+00
   33.16586  -65.68656    18.5007   4.830664    36.5378    193.529    194.998    18.4878   4.828998    36.5353     0.0211 1.0000e-12    -0.0107   100.2683      98.71    189.617     4.3576 1.5347e+01          1         25 0.0000e+00
