Data/ruptures/KN207-01/QL-2/20701065.cnv
* Sea-Bird SBE 9 Data File:
* FileName = C:\Data\ctd\20701065.hex
* Software Version Seasave V 7.21e
* Temperature SN = 4406
* Conductivity SN = 1474
* Number of Bytes Per Scan = 40
* Number of Voltage Words = 5
* Number of Scans Averaged by the Deck Unit = 1
* NMEA Latitude = 32 55.46 N
* NMEA Longitude = 065 47.13 W
* NMEA UTC (Time) = May 01 2012 10:07:41
** R/V Knorr Cruise # KN207-01 QL 2
** Chief Scientist: Ben Van Mooy
# nquan = 21
# nvalues = 400                         
# units = specified
# name 0 = latitude: Latitude [deg]
# name 1 = longitude: Longitude [deg]
# name 2 = t090C: Temperature [ITS-90, deg C]
# name 3 = c0S/m: Conductivity [S/m]
# name 4 = sal00: Salinity, Practical [PSU]
# name 5 = depSM: Depth [salt water, m]
# name 6 = prDM: Pressure, Digiquartz [db]
# name 7 = t190C: Temperature, 2 [ITS-90, deg C]
# name 8 = c1S/m: Conductivity, 2 [S/m]
# name 9 = sal11: Salinity, Practical, 2 [PSU]
# name 10 = flECO-AFL: Fluorescence, WET Labs ECO-AFL/FL [mg/m^3]
# name 11 = par: PAR/Irradiance, Biospherical/Licor
# name 12 = bat: Beam Attenuation, Chelsea/Seatech [1/m]
# name 13 = xmiss: Beam Transmission, Chelsea/Seatech [%]
# name 14 = altM: Altimeter [m]
# name 15 = sbeox0Mm/Kg: Oxygen, SBE 43 [umol/kg]
# name 16 = sbeox0ML/L: Oxygen, SBE 43 [ml/l]
# name 17 = spar: SPAR/Surface Irradiance
# name 18 = pumps: Pump Status
# name 19 = nbin: number of scans per bin
# name 20 = flag: flag
# span 0 =   32.92434,   32.92648       
# span 1 =  -65.78558,  -65.78398       
# span 2 =    18.5006,    20.2533       
# span 3 =   4.831084,   5.015578       
# span 4 =    36.5463,    36.6106       
# span 5 =      2.458,    200.067       
# span 6 =      2.475,    201.584       
# span 7 =    18.5341,    20.2527       
# span 8 =   4.835036,   5.015715       
# span 9 =    36.5449,    36.6118       
# span 10 =     0.0244,     0.8577      
# span 11 = 1.0000e-12, 1.0000e-12      
# span 12 =    -0.0065,     0.0813      
# span 13 =    97.9917,   100.1638      
# span 14 =       1.03,      98.89      
# span 15 =    190.549,    221.776      
# span 16 =     4.3789,     5.0952      
# span 17 = 1.7176e+02, 1.0700e+03      
# span 18 =          1,          1      
# span 19 =          3,       1878      
# span 20 = 0.0000e+00, 0.0000e+00      
# interval = decibars: 1                
# start_time = May 01 2012 10:07:41 [NMEA time, header]
# bad_flag = -9.990e-29
*END*
[from data line 138]
   32.92476  -65.78506    19.3724   4.925621    36.5925    139.973    141.014    19.3724   4.925799    36.5940     0.0865 1.0000e-12    -0.0005   100.0130      98.61    213.299     4.9010 2.2859e+02          1         21 0.0000e+00
   32.92476  -65.78506    19.3726   4.925693    36.5926    140.959    142.008    19.3726   4.925853    36.5939     0.0960 1.0000e-12     0.0002    99.9970      98.60    212.895     4.8917 2.2651e+02          1         24 0.0000e+00
   32.92476  -65.78506    19.3728   4.925763    36.5926    141.929    142.986    19.3728   4.925931    36.5940     0.1040 1.0000e-12    -0.0002   100.0050      92.03    212.813     4.8898 2.2602e+02          1         31 0.0000e+00
   32.92476  -65.78506    19.3730   4.925827    36.5927    142.919    143.983    19.3730   4.925993    36.5940     0.0847 1.0000e-12    -0.0009   100.0206       4.50    212.722     4.8877 2.3079e+02          1         26 0.0000e+00
   32.92476  -65.78506    19.3731   4.925873    36.5925    143.922    144.994    19.3731   4.926055    36.5941     0.1004 1.0000e-12    -0.0006   100.0146      98.89    212.776     4.8889 2.9100e+02          1         22 0.0000e+00
   32.92476  -65.78506    19.3728   4.925894    36.5926    144.903    145.983    19.3728   4.926068    36.5941     0.0907 1.0000e-12    -0.0002   100.0049      98.61    213.176     4.8981 5.3268e+02          1         20 0.0000e+00
   32.92477  -65.78506    19.3728   4.925925    36.5926    145.853    146.940    19.3728   4.926094    36.5939     0.0911 1.0000e-12    -0.0012   100.0302      98.61    212.549     4.8837 4.0258e+02          1         21 0.0000e+00
   32.92478  -65.78506    19.3725   4.925945    36.5925    146.871    147.966    19.3726   4.926136    36.5941     0.0835 1.0000e-12    -0.0010   100.0237      98.61    212.007     4.8713 2.3368e+02          1         25 0.0000e+00
   32.92478  -65.78506    19.3722   4.925933    36.5924    147.917    149.020    19.3722   4.926123    36.5939     0.0741 1.0000e-12    -0.0007   100.0168      98.61    212.870     4.8911 2.2670e+02          1         27 0.0000e+00
   32.92478  -65.78506    19.3719   4.925954    36.5924    148.899    150.010    19.3719   4.926131    36.5939     0.0686 1.0000e-12    -0.0008   100.0195      98.61    212.883     4.8914 2.2651e+02          1         24 0.0000e+00
   32.92478  -65.78506    19.3719   4.925988    36.5923    149.869    150.987    19.3719   4.926168    36.5938     0.0783 1.0000e-12    -0.0010   100.0248      98.61    212.541     4.8835 2.3245e+02          1         24 0.0000e+00
   32.92479  -65.78505    19.3714   4.925983    36.5923    150.873    151.999    19.3715   4.926164    36.5937     0.0918 1.0000e-12     0.0000    99.9996      98.61    212.667     4.8864 2.6523e+02          1         21 0.0000e+00
   32.92480  -65.78504    19.3717   4.926069    36.5924    151.895    153.030    19.3719   4.926268    36.5939     0.0816 1.0000e-12     0.0000   100.0004      98.61    213.125     4.8970 4.4089e+02          1         23 0.0000e+00
   32.92480  -65.78504    19.3728   4.926279    36.5928    152.878    154.020    19.3729   4.926441    36.5941     0.0743 1.0000e-12    -0.0011   100.0277      98.61    213.178     4.8982 3.1792e+02          1         21 0.0000e+00
   32.92480  -65.78504    19.3727   4.926291    36.5926    153.848    154.998    19.3728   4.926477    36.5941     0.0880 1.0000e-12    -0.0016   100.0393      98.61    212.551     4.8838 2.3443e+02          1         32 0.0000e+00
   32.92480  -65.78504    19.3730   4.926373    36.5927    154.816    155.973    19.3731   4.926542    36.5941     0.0964 1.0000e-12    -0.0015   100.0367      98.62    212.386     4.8800 2.2851e+02          1         34 0.0000e+00
   32.92480  -65.78502    19.3730   4.926427    36.5928    155.805    156.970    19.3729   4.926587    36.5942     0.0877 1.0000e-12    -0.0011   100.0259      98.61    212.443     4.8813 2.3004e+02          1         24 0.0000e+00
   32.92480  -65.78502    19.3730   4.926480    36.5929    156.813    157.986    19.3730   4.926645    36.5942     0.0814 1.0000e-12    -0.0011   100.0257      98.62    212.665     4.8864 2.3387e+02          1         19 0.0000e+00
   32.92480  -65.78502    19.3728   4.926483    36.5927    157.826    159.007    19.3729   4.926697    36.5944     0.0893 1.0000e-12    -0.0013   100.0322      98.61    212.315     4.8783 2.3789e+02          1         17 0.0000e+00
   32.92480  -65.78502    19.3724   4.926468    36.5925    158.839    160.028    19.3724   4.926662    36.5941     0.0914 1.0000e-12    -0.0018   100.0457      98.61    212.354     4.8792 2.4509e+02          1         16 0.0000e+00
   32.92480  -65.78502    19.3720   4.926452    36.5924    159.786    160.982    19.3722   4.926674    36.5940     0.0744 1.0000e-12    -0.0015   100.0373      98.61    212.770     4.8888 2.8366e+02          1         18 0.0000e+00
   32.92480  -65.78502    19.3710   4.926373    36.5922    160.839    162.044    19.3712   4.926559    36.5936     0.0807 1.0000e-12    -0.0009   100.0242      98.61    212.496     4.8825 2.4864e+02          1         30 0.0000e+00
   32.92480  -65.78502    19.3706   4.926332    36.5919    161.810    163.022    19.3707   4.926520    36.5934     0.0898 1.0000e-12    -0.0023   100.0576      98.61    212.617     4.8853 2.3843e+02          1         35 0.0000e+00
   32.92480  -65.78502    19.3706   4.926368    36.5918    162.754    163.973    19.3705   4.926545    36.5933     0.0709 1.0000e-12    -0.0026   100.0653      98.61    212.608     4.8851 2.3883e+02          1         30 0.0000e+00
   32.92480  -65.78502    19.3710   4.926490    36.5921    163.762    164.989    19.3710   4.926660    36.5935     0.0599 1.0000e-12    -0.0022   100.0551      98.62    212.941     4.8927 2.3878e+02          1         23 0.0000e+00
   32.92480  -65.78502    19.3703   4.926433    36.5918    164.755    165.990    19.3704   4.926628    36.5934     0.0625 1.0000e-12    -0.0021   100.0522      98.61    213.232     4.8994 2.3730e+02          1         21 0.0000e+00
   32.92481  -65.78502    19.3701   4.926472    36.5920    165.749    166.992    19.3699   4.926603    36.5932     0.0556 1.0000e-12    -0.0023   100.0568      98.61    212.996     4.8940 2.3657e+02          1         19 0.0000e+00
   32.92482  -65.78502    19.3701   4.926501    36.5918    166.752    168.003    19.3701   4.926684    36.5934     0.0475 1.0000e-12    -0.0025   100.0632      98.61    212.388     4.8800 2.3677e+02          1         21 0.0000e+00
   32.92482  -65.78502    19.3697   4.926505    36.5919    167.781    169.041    19.3696   4.926666    36.5933     0.0481 1.0000e-12    -0.0024   100.0613      98.61    212.334     4.8788 2.3827e+02          1         22 0.0000e+00
   32.92482  -65.78502    19.3689   4.926446    36.5917    168.773    170.040    19.3689   4.926614    36.5931     0.0409 1.0000e-12    -0.0021   100.0521      98.61    212.704     4.8873 2.3860e+02          1         27 0.0000e+00
   32.92482  -65.78502    19.3688   4.926458    36.5915    169.746    171.021    19.3688   4.926646    36.5931     0.0469 1.0000e-12    -0.0020   100.0491      98.61    212.166     4.8749 2.3956e+02          1         28 0.0000e+00
   32.92482  -65.78501    19.3684   4.926455    36.5915    170.697    171.979    19.3684   4.926637    36.5930     0.0469 1.0000e-12    -0.0021   100.0537      98.61    212.073     4.8728 2.4444e+02          1         24 0.0000e+00
   32.92482  -65.78500    19.3683   4.926489    36.5915    171.646    172.936    19.3682   4.926659    36.5930     0.0692 1.0000e-12    -0.0033   100.0826      98.62    212.799     4.8895 2.4788e+02          1         24 0.0000e+00
   32.92482  -65.78500    19.3677   4.926479    36.5915    172.643    173.941    19.3677   4.926651    36.5930     0.0685 1.0000e-12    -0.0041   100.1022      98.61    212.466     4.8818 2.4334e+02          1         22 0.0000e+00
   32.92482  -65.78500    19.3672   4.926468    36.5915    173.690    174.996    19.3672   4.926644    36.5930     0.0714 1.0000e-12    -0.0038   100.0965      98.61    211.686     4.8639 2.3723e+02          1         23 0.0000e+00
   32.92482  -65.78500    19.3668   4.926487    36.5916    174.696    176.010    19.3669   4.926663    36.5930     0.0611 1.0000e-12    -0.0042   100.1057      98.61    211.991     4.8709 2.3392e+02          1         22 0.0000e+00
   32.92483  -65.78500    19.3666   4.926494    36.5915    175.679    177.001    19.3665   4.926681    36.5931     0.0510 1.0000e-12    -0.0042   100.1059      98.61    211.839     4.8674 2.3645e+02          1         25 0.0000e+00
   32.92484  -65.78500    19.3646   4.926322    36.5915    176.651    177.981    19.3646   4.926487    36.5929     0.0437 1.0000e-12    -0.0041   100.1038      98.61    212.417     4.8807 2.5429e+02          1         25 0.0000e+00
   32.92484  -65.78500    19.3636   4.926296    36.5918    177.657    178.995    19.3637   4.926491    36.5934     0.0315 1.0000e-12    -0.0038   100.0958      98.61    212.872     4.8912 4.8992e+02          1         27 0.0000e+00
   32.92484  -65.78500    19.3634   4.926319    36.5918    178.669    180.015    19.3633   4.926485    36.5932     0.0411 1.0000e-12    -0.0042   100.1065      98.62    212.939     4.8927 5.1858e+02          1         23 0.0000e+00
   32.92484  -65.78500    19.3632   4.926322    36.5916    179.637    180.991    19.3633   4.926522    36.5932     0.0295 1.0000e-12    -0.0044   100.1104      98.61    212.356     4.8793 2.7488e+02          1         22 0.0000e+00
   32.92484  -65.78500    19.3597   4.925978    36.5914    180.626    181.988    19.3598   4.926217    36.5934     0.0497 1.0000e-12    -0.0042   100.1054      98.62    212.069     4.8727 2.3887e+02          1         23 0.0000e+00
   32.92484  -65.78500    19.3512   4.925050    36.5910    181.658    183.028    19.3513   4.925322    36.5932     0.0423 1.0000e-12    -0.0043   100.1073      98.62    212.215     4.8761 2.3589e+02          1         24 0.0000e+00
   32.92484  -65.78500    19.3433   4.924211    36.5907    182.651    184.029    19.3431   4.924430    36.5927     0.0297 1.0000e-12    -0.0030   100.0754      98.62    212.067     4.8727 2.3772e+02          1         21 0.0000e+00
   32.92484  -65.78500    19.3347   4.923280    36.5903    183.619    185.005    19.3351   4.923575    36.5924     0.0514 1.0000e-12    -0.0032   100.0794      98.62    211.371     4.8567 2.4444e+02          1         24 0.0000e+00
   32.92484  -65.78500    19.3319   4.923033    36.5903    184.627    186.021    19.3321   4.923249    36.5918     0.0282 1.0000e-12    -0.0037   100.0923      98.61    211.373     4.8567 4.9651e+02          1         24 0.0000e+00
   32.92485  -65.78499    19.3253   4.922325    36.5899    185.619    187.021    19.3260   4.922630    36.5918     0.0425 1.0000e-12    -0.0037   100.0932      98.62    211.219     4.8532 6.7979e+02          1         28 0.0000e+00
   32.92486  -65.78498    19.3245   4.922323    36.5900    186.571    187.980    19.3247   4.922500    36.5914     0.0353 1.0000e-12    -0.0039   100.0987      98.62    211.452     4.8586 3.9613e+02          1         29 0.0000e+00
   32.92486  -65.78498    19.3249   4.922408    36.5899    187.535    188.952    19.3252   4.922608    36.5914     0.0422 1.0000e-12    -0.0043   100.1084      98.62    210.936     4.8467 2.3899e+02          1         29 0.0000e+00
   32.92486  -65.78498    19.3237   4.922332    36.5900    188.535    189.960    19.3234   4.922497    36.5916     0.0442 1.0000e-12    -0.0039   100.0987      98.62    210.418     4.8348 2.3712e+02          1         20 0.0000e+00
   32.92486  -65.78498    19.3176   4.921746    36.5901    189.558    190.992    19.3178   4.922033    36.5923     0.0381 1.0000e-12    -0.0031   100.0787      98.61    210.753     4.8425 2.4079e+02          1         18 0.0000e+00
   32.92486  -65.78498    19.3100   4.921015    36.5905    190.579    192.020    19.3099   4.921277    36.5927     0.0440 1.0000e-12    -0.0025   100.0639      98.62    210.760     4.8427 2.5127e+02          1         17 0.0000e+00
   32.92488  -65.78496    19.2723   4.916363    36.5851    191.564    193.013    19.2715   4.917951    36.5992     0.0456 1.0000e-12    -0.0029   100.0730      98.62    210.411     4.8347 4.5482e+02          1         19 0.0000e+00
   32.92488  -65.78496    19.0930   4.896225    36.5777    192.581    194.038    19.0916   4.897232    36.5875     0.0383 1.0000e-12    -0.0034   100.0868      98.62    210.722     4.8420 3.6272e+02          1         28 0.0000e+00
   32.92488  -65.78496    19.0322   4.889360    36.5737    193.547    195.012    19.0369   4.890776    36.5814     0.0635 1.0000e-12    -0.0032   100.0808      98.62    207.996     4.7795 2.4713e+02          1         33 0.0000e+00
   32.92488  -65.78496    18.8965   4.874008    36.5662    194.513    195.986    18.8979   4.875383    36.5765     0.0357 1.0000e-12    -0.0033   100.0823      98.62    203.709     4.6811 2.4492e+02          1         25 0.0000e+00
   32.92488  -65.78496    18.8503   4.869205    36.5660    195.513    196.994    18.8503   4.869498    36.5685     0.0365 1.0000e-12    -0.0039   100.0975      98.62    201.876     4.6390 2.4547e+02          1         22 0.0000e+00
   32.92488  -65.78496    18.8436   4.868489    36.5647    196.547    198.037    18.8437   4.868772    36.5670     0.0344 1.0000e-12    -0.0046   100.1155      98.62    199.750     4.5902 2.4585e+02          1         23 0.0000e+00
   32.92488  -65.78496    18.8415   4.868401    36.5632    197.467    198.964    18.8428   4.868792    36.5654     0.0418 1.0000e-12    -0.0040   100.1001      98.62    197.818     4.5458 2.4539e+02          1        108 0.0000e+00
   32.92490  -65.78496    18.7674   4.860136    36.5576    198.283    199.787    18.7585   4.859853    36.5633     0.0680 1.0000e-12    -0.0047   100.1186      98.62    198.254     4.5559 2.4820e+02          1         93 0.0000e+00
   32.92492  -65.78495    18.6038   4.842226    36.5496    199.359    200.871    18.6041   4.842495    36.5514     0.0436 1.0000e-12    -0.0055   100.1384      98.62    193.628     4.4497 2.5155e+02          1        294 0.0000e+00
   32.92494  -65.78494    18.5006   4.831084    36.5463    200.067    201.584    18.5341   4.835036    36.5493     0.0292 1.0000e-12    -0.0051   100.1276      98.62    192.761     4.4299 2.5464e+02          1         32 0.0000e+00
   32.92494  -65.78494    18.5500   4.836465    36.5465    199.635    201.149    18.5591   4.837221    36.5449     0.0391 1.0000e-12    -0.0055   100.1372      98.62    191.653     4.4044 2.4544e+02          1         30 0.0000e+00
   32.92494  -65.78494    18.6368   4.846110    36.5496    198.439    199.943    18.6526   4.847266    36.5452     0.0360 1.0000e-12    -0.0065   100.1638      98.62    190.549     4.3789 2.4377e+02          1         32 0.0000e+00
   32.92495  -65.78493    18.6599   4.848622    36.5506    197.764    199.263    18.6928   4.852563    36.5543     0.0388 1.0000e-12    -0.0056   100.1395      76.65    193.295     4.4420 2.5562e+02          1         99 0.0000e+00
   32.92496  -65.78492    18.6983   4.852695    36.5509    196.548    198.037    18.6810   4.850664    36.5499     0.0357 1.0000e-12    -0.0062   100.1552      98.62    193.809     4.4537 2.5295e+02          1         25 0.0000e+00
   32.92496  -65.78492    18.7618   4.859690    36.5529    195.499    196.979    18.7563   4.858502    36.5483     0.0407 1.0000e-12    -0.0061   100.1522      63.44    193.712     4.4515 2.5099e+02          1         25 0.0000e+00
   32.92496  -65.78492    18.8261   4.866892    36.5562    194.507    195.980    18.8141   4.865055    36.5518     0.0484 1.0000e-12    -0.0054   100.1351       1.16    194.091     4.4601 2.5150e+02          1         24 0.0000e+00
