Data/ruptures/KN207-01/QL-2/20701069.cnv
* Sea-Bird SBE 9 Data File:
* FileName = C:\Data\ctd\20701069.hex
* Software Version Seasave V 7.21e
* Temperature SN = 4406
* Conductivity SN = 1474
* Number of Bytes Per Scan = 40
* Number of Voltage Words = 5
* Number of Scans Averaged by the Deck Unit = 1
* NMEA Latitude = 32 57.32 N
* NMEA Longitude = 065 44.31 W
* NMEA UTC (Time) = May 01 2012 17:59:29
** R/V Knorr Cruise # KN207-01 QL 2
** Chief Scientist: Ben Van Mooy
# nquan = 21
# nvalues = 400                         
# units = specified
# name 0 = latitude: Latitude [deg]
# name 1 = longitude: Longitude [deg]
# name 2 = t090C: Temperature [ITS-90, deg C]
# name 3 = c0S/m: Conductivity [S/m]
# name 4 = sal00: Salinity, Practical [PSU]
# name 5 = depSM: Depth [salt water, m]
# name 6 = prDM: Pressure, Digiquartz [db]
# name 7 = t190C: Temperature, 2 [ITS-90, deg C]
# name 8 = c1S/m: Conductivity, 2 [S/m]
# name 9 = sal11: Salinity, Practical, 2 [PSU]
# name 10 = flECO-AFL: Fluorescence, WET Labs ECO-AFL/FL [mg/m^3]
# name 11 = par: PAR/Irradiance, Biospherical/Licor
# name 12 = bat: Beam Attenuation, Chelsea/Seatech [1/m]
# name 13 = xmiss: Beam Transmission, Chelsea/Seatech [%]
# name 14 = altM: Altimeter [m]
# name 15 = sbeox0Mm/Kg: Oxygen, SBE 43 [umol/kg]
# name 16 = sbeox0ML/L: Oxygen, SBE 43 [ml/l]
# name 17 = spar: SPAR/Surface Irradiance
# name 18 = pumps: Pump Status
# name 19 = nbin: number of scans per bin
# name 20 = flag: flag
# span 0 =   32.95534,   32.95588       
# span 1 =  -65.73928,  -65.73858       
# span 2 =    17.9302,    20.5791       
# span 3 =   4.768454,   5.049965       
# span 4 =    36.5127,    36.6174       
# span 5 =      2.322,    200.003       
# span 6 =      2.338,    201.521       
# span 7 =    17.9311,    20.5675       
# span 8 =   4.768607,   5.048814       
# span 9 =    36.5095,    36.6204       
# span 10 =     0.0095,     0.8280      
# span 11 = 1.0000e-12, 1.0000e-12      
# span 12 =    -0.0138,     0.0873      
# span 13 =    97.8477,   100.3462      
# span 14 =       6.50,      98.93      
# span 15 =    186.032,    222.763      
# span 16 =     4.2756,     5.1180      
# span 17 = 1.4627e+03, 3.2590e+03      
# span 18 =          1,          1      
# span 19 =         15,       1450      
# span 20 = 0.0000e+00, 0.0000e+00      
# interval = decibars: 1                
# start_time = May 01 2012 17:59:29 [NMEA time, header]
# bad_flag = -9.990e-29
*END*
   32.95534  -65.73858    20.5032   5.041730    36.6168      3.357      3.381    20.5044   5.041961    36.6176     0.0435 1.0000e-12     0.0466    98.8412      98.67    218.214     5.0125 2.7099e+03          1         48 0.0000e+00
   32.95534  -65.73860    20.5074   5.042199    36.6171      3.718      3.745    20.5143   5.043139    36.6186     0.0388 1.0000e-12     0.0453    98.8752      98.67    217.958     5.0066 2.6165e+03          1        124 0.0000e+00
   32.95534  -65.73860    20.4935   5.040754    36.6170      4.815      4.849    20.5073   5.042287    36.6174     0.0529 1.0000e-12     0.0458    98.8616      98.67    217.790     5.0027 2.5636e+03          1        120 0.0000e+00
   32.95534  -65.73860    20.4543   5.036431    36.6160      5.993      6.035    20.4559   5.037117    36.6204     0.0570 1.0000e-12     0.0455    98.8699      98.67    218.758     5.0250 2.5310e+03          1         30 0.0000e+00
   32.95534  -65.73861    20.4120   5.031920    36.6160      7.043      7.093    20.4221   5.033093    36.6168     0.0397 1.0000e-12     0.0489    98.7864      98.67    218.199     5.0122 2.5925e+03          1         59 0.0000e+00
   32.95534  -65.73862    20.4161   5.032406    36.6154      7.866      7.922    20.4116   5.031948    36.6158     0.0468 1.0000e-12     0.0507    98.7407      98.67    218.652     5.0227 2.6668e+03          1         52 0.0000e+00
   32.95534  -65.73862    20.4213   5.033097    36.6158      8.941      9.005    20.4175   5.032696    36.6160     0.0526 1.0000e-12     0.0521    98.7059      98.66    218.132     5.0107 2.6837e+03          1         33 0.0000e+00
   32.95534  -65.73862    20.3733   5.027455    36.6118     10.008     10.080    20.3736   5.028187    36.6176     0.0500 1.0000e-12     0.0509    98.7353      98.66    217.940     5.0064 2.6900e+03          1         52 0.0000e+00
   32.95534  -65.73862    20.3976   5.030580    36.6148     10.873     10.950    20.4035   5.031061    36.6136     0.0547 1.0000e-12     0.0532    98.6798      98.67    218.317     5.0150 2.6875e+03          1         60 0.0000e+00
   32.95534  -65.73862    20.4617   5.037551    36.6145     11.901     11.986    20.4603   5.037674    36.6168     0.0548 1.0000e-12     0.0529    98.6872      98.67    218.247     5.0133 2.6811e+03          1         34 0.0000e+00
   32.95534  -65.73862    20.4535   5.036800    36.6154     12.952     13.045    20.4490   5.036580    36.6177     0.0538 1.0000e-12     0.0496    98.7678      98.56    218.160     5.0113 2.6473e+03          1         44 0.0000e+00
   32.95534  -65.73862    20.4286   5.034095    36.6152     13.844     13.943    20.4375   5.035094    36.6154     0.0641 1.0000e-12     0.0501    98.7540      98.67    218.140     5.0109 2.5675e+03          1         58 0.0000e+00
   32.95534  -65.73862    20.4156   5.032708    36.6149     14.853     14.959    20.4383   5.035301    36.6160     0.0558 1.0000e-12     0.0508    98.7391      67.32    218.395     5.0167 2.4854e+03          1         37 0.0000e+00
   32.95534  -65.73862    20.4567   5.037300    36.6156     15.918     16.031    20.4488   5.036531    36.6165     0.0620 1.0000e-12     0.0504    98.7468      71.89    218.119     5.0104 2.5135e+03          1         44 0.0000e+00
   32.95535  -65.73862    20.4437   5.036016    36.6164     16.859     16.980    20.4552   5.037180    36.6157     0.0554 1.0000e-12     0.0489    98.7850      98.67    218.665     5.0229 2.4675e+03          1         57 0.0000e+00
   32.95536  -65.73862    20.3135   5.021472    36.6127     17.835     17.963    20.3271   5.023847    36.6202     0.0709 1.0000e-12     0.0498    98.7615      98.68    218.503     5.0194 2.1861e+03          1         47 0.0000e+00
   32.95536  -65.73862    20.2774   5.017649    36.6125     18.809     18.943    20.2777   5.017837    36.6139     0.0662 1.0000e-12     0.0564    98.5989      98.67    217.822     5.0038 1.9846e+03          1         38 0.0000e+00
   32.95536  -65.73864    20.2720   5.017095    36.6117     19.838     19.979    20.2722   5.017257    36.6131     0.0721 1.0000e-12     0.0564    98.6011      98.67    218.746     5.0250 1.9398e+03          1         31 0.0000e+00
   32.95536  -65.73864    20.2692   5.016881    36.6114     20.961     21.111    20.2717   5.017231    36.6121     0.0712 1.0000e-12     0.0579    98.5624      98.67    218.723     5.0244 1.9000e+03          1         84 0.0000e+00
   32.95536  -65.73864    20.2667   5.016687    36.6112     21.777     21.932    20.2664   5.016782    36.6123     0.0711 1.0000e-12     0.0590    98.5370      98.67    219.015     5.0312 2.0981e+03          1         32 0.0000e+00
   32.95536  -65.73864    20.2639   5.016446    36.6111     22.846     23.010    20.2637   5.016551    36.6122     0.0650 1.0000e-12     0.0604    98.5008      98.67    218.644     5.0227 2.2068e+03          1         25 0.0000e+00
   32.95536  -65.73864    20.2606   5.016154    36.6108     24.061     24.233    20.2618   5.016363    36.6116     0.0893 1.0000e-12     0.0598    98.5176      98.68    218.577     5.0211 2.3734e+03          1         81 0.0000e+00
   32.95536  -65.73864    20.2605   5.016163    36.6105     24.695     24.871    20.2588   5.016128    36.6117     0.0805 1.0000e-12     0.0586    98.5450      98.68    217.803     5.0033 2.6544e+03          1         41 0.0000e+00
   32.95536  -65.73864    20.2543   5.015541    36.6104     25.821     26.006    20.2542   5.015646    36.6114     0.1027 1.0000e-12     0.0592    98.5306      98.67    218.387     5.0167 2.6811e+03          1         24 0.0000e+00
   32.95536  -65.73864    20.2525   5.015371    36.6101     26.853     27.046    20.2524   5.015494    36.6112     0.1002 1.0000e-12     0.0588    98.5400      98.68    218.359     5.0161 2.6532e+03          1         30 0.0000e+00
   32.95536  -65.73864    20.2517   5.015317    36.6099     27.749     27.948    20.2527   5.015535    36.6108     0.1062 1.0000e-12     0.0594    98.5249      98.67    218.640     5.0226 2.4379e+03          1         94 0.0000e+00
   32.95536  -65.73864    20.2404   5.014042    36.6090     28.760     28.966    20.2404   5.014221    36.6105     0.0928 1.0000e-12     0.0593    98.5296      98.68    217.850     5.0045 2.1371e+03          1         27 0.0000e+00
   32.95536  -65.73866    20.2325   5.013138    36.6081     29.819     30.033    20.2324   5.013284    36.6094     0.0897 1.0000e-12     0.0605    98.4980      98.67    218.452     5.0183 1.9503e+03          1         30 0.0000e+00
   32.95536  -65.73866    20.2281   5.012672    36.6076     30.772     30.993    20.2282   5.012804    36.6087     0.0991 1.0000e-12     0.0602    98.5056      97.34    218.865     5.0278 1.9633e+03          1         76 0.0000e+00
   32.95536  -65.73866    20.2121   5.010823    36.6062     31.746     31.974    20.2124   5.011061    36.6079     0.1061 1.0000e-12     0.0599    98.5128      92.63    218.673     5.0234 1.8281e+03          1         36 0.0000e+00
   32.95536  -65.73866    20.1927   5.008598    36.6047     32.788     33.024    20.1927   5.008885    36.6070     0.1071 1.0000e-12     0.0606    98.4976      98.71    218.887     5.0283 1.6230e+03          1         35 0.0000e+00
   32.95536  -65.73866    20.1394   5.002513    36.6014     33.823     34.066    20.1392   5.002877    36.6046     0.1237 1.0000e-12     0.0633    98.4295      77.93    219.393     5.0400 1.5548e+03          1         62 0.0000e+00
   32.95536  -65.73866    20.0849   4.996690    36.6012     34.664     34.913    20.0859   4.997051    36.6033     0.1253 1.0000e-12     0.0652    98.3832      98.68    219.363     5.0394 1.4782e+03          1         53 0.0000e+00
   32.95536  -65.73866    20.0604   4.994179    36.6014     35.733     35.990    20.0604   4.994365    36.6029     0.1547 1.0000e-12     0.0716    98.2260      98.67    219.990     5.0538 1.4627e+03          1         27 0.0000e+00
   32.95536  -65.73866    20.0531   4.993480    36.6014     36.752     37.016    20.0528   4.993600    36.6027     0.1438 1.0000e-12     0.0719    98.2184      98.69    219.573     5.0442 1.5734e+03          1         34 0.0000e+00
   32.95538  -65.73866    20.0511   4.993345    36.6011     37.618     37.888    20.0510   4.993449    36.6020     0.1454 1.0000e-12     0.0736    98.1771      98.68    220.307     5.0611 2.2165e+03          1         89 0.0000e+00
   32.95538  -65.73866    20.0259   4.990700    36.6009     38.714     38.993    20.0265   4.991126    36.6039     0.1617 1.0000e-12     0.0741    98.1644      98.68    220.779     5.0720 2.5669e+03          1         32 0.0000e+00
   32.95538  -65.73866    19.9948   4.987497    36.6015     39.744     40.030    19.9958   4.987921    36.6041     0.1675 1.0000e-12     0.0753    98.1343      98.68    220.357     5.0623 2.5577e+03          1         31 0.0000e+00
   32.95538  -65.73866    19.9614   4.984029    36.6019     40.735     41.028    19.9625   4.984384    36.6039     0.1745 1.0000e-12     0.0739    98.1690      98.67    220.454     5.0646 2.4920e+03          1         44 0.0000e+00
   32.95538  -65.73867    19.9306   4.980814    36.6019     41.707     42.007    19.9323   4.981193    36.6035     0.1812 1.0000e-12     0.0770    98.0932      88.86    220.965     5.0764 2.3582e+03          1         60 0.0000e+00
   32.95538  -65.73868    19.9000   4.977513    36.6009     42.595     42.902    19.9009   4.977922    36.6035     0.1905 1.0000e-12     0.0777    98.0746      98.68    221.539     5.0896 2.3646e+03          1         61 0.0000e+00
   32.95538  -65.73868    19.7889   4.965541    36.6004     43.669     43.984    19.7899   4.966641    36.6086     0.2048 1.0000e-12     0.0794    98.0347      98.68    221.867     5.0973 2.5927e+03          1         31 0.0000e+00
   32.95539  -65.73868    19.7350   4.960051    36.6020     44.712     45.034    19.7364   4.960450    36.6042     0.1876 1.0000e-12     0.0784    98.0583      98.68    221.701     5.0935 2.6585e+03          1         32 0.0000e+00
   32.95540  -65.73868    19.7133   4.957733    36.6007     45.792     46.122    19.7140   4.957936    36.6017     0.2021 1.0000e-12     0.0760    98.1171      98.68    222.344     5.1083 2.5899e+03          1         69 0.0000e+00
   32.95539  -65.73868    19.7071   4.957156    36.5999     46.574     46.910    19.7069   4.957309    36.6013     0.2025 1.0000e-12     0.0756    98.1266      98.68    222.240     5.1059 2.6459e+03          1         49 0.0000e+00
   32.95538  -65.73868    19.6906   4.955382    36.5990     47.620     47.963    19.6886   4.955445    36.6013     0.2021 1.0000e-12     0.0740    98.1653      98.68    222.477     5.1114 2.6954e+03          1         28 0.0000e+00
   32.95538  -65.73868    19.6624   4.952365    36.5984     48.687     49.038    19.6641   4.952964    36.6018     0.2062 1.0000e-12     0.0738    98.1701      98.68    222.763     5.1180 2.7154e+03          1         36 0.0000e+00
   32.95539  -65.73868    19.6158   4.947416    36.5978     49.623     49.981    19.6156   4.947631    36.5998     0.2438 1.0000e-12     0.0753    98.1337      98.68    222.515     5.1124 2.7286e+03          1         79 0.0000e+00
   32.95540  -65.73868    19.5540   4.940781    36.5969     50.629     50.994    19.5543   4.941193    36.6000     0.2455 1.0000e-12     0.0734    98.1806      92.44    221.918     5.0988 2.7409e+03          1         34 0.0000e+00
   32.95540  -65.73868    19.5354   4.938907    36.5969     51.672     52.045    19.5353   4.939071    36.5984     0.2314 1.0000e-12     0.0737    98.1728      65.15    222.004     5.1008 2.7408e+03          1         38 0.0000e+00
   32.95540  -65.73870    19.5213   4.937453    36.5964     52.565     52.945    19.5213   4.937619    36.5978     0.2394 1.0000e-12     0.0693    98.2820      98.69    222.645     5.1155 2.7512e+03          1         49 0.0000e+00
   32.95540  -65.73870    19.5017   4.935426    36.5961     53.596     53.984    19.5019   4.935639    36.5978     0.2439 1.0000e-12     0.0717    98.2242      98.68    221.553     5.0904 2.7418e+03          1         38 0.0000e+00
   32.95540  -65.73870    19.4864   4.933843    36.5956     54.660     55.055    19.4873   4.934110    36.5970     0.2489 1.0000e-12     0.0643    98.4065      98.68    221.648     5.0926 2.7077e+03          1         64 0.0000e+00
   32.95540  -65.73870    19.4719   4.932406    36.5957     55.580     55.982    19.4720   4.932565    36.5969     0.2727 1.0000e-12     0.0598    98.5172      84.59    221.160     5.0815 2.6564e+03          1         46 0.0000e+00
   32.95540  -65.73870    19.4644   4.931686    36.5955     56.603     57.013    19.4645   4.931812    36.5966     0.2434 1.0000e-12     0.0586    98.5464      88.09    220.984     5.0774 2.6346e+03          1         39 0.0000e+00
   32.95540  -65.73870    19.4605   4.931330    36.5954     57.523     57.939    19.4605   4.931429    36.5963     0.2826 1.0000e-12     0.0571    98.5827      98.68    220.912     5.0757 2.5863e+03          1         39 0.0000e+00
   32.95540  -65.73870    19.4559   4.930898    36.5953     58.569     58.993    19.4558   4.931009    36.5963     0.2851 1.0000e-12     0.0577    98.5688      98.68    220.546     5.0673 2.5293e+03          1         39 0.0000e+00
   32.95540  -65.73870    19.4512   4.930442    36.5950     59.577     60.009    19.4514   4.930589    36.5960     0.2861 1.0000e-12     0.0536    98.6695      98.69    220.321     5.0622 2.5731e+03          1         70 0.0000e+00
   32.95540  -65.73870    19.4419   4.929539    36.5952     60.555     60.994    19.4419   4.929642    36.5960     0.2946 1.0000e-12     0.0547    98.6434      98.68    220.532     5.0670 2.7202e+03          1         44 0.0000e+00
   32.95540  -65.73870    19.4384   4.929219    36.5951     61.579     62.025    19.4386   4.929358    36.5961     0.3018 1.0000e-12     0.0560    98.6102      98.68    220.035     5.0556 2.7461e+03          1         42 0.0000e+00
   32.95542  -65.73872    19.4342   4.928827    36.5951     62.551     63.004    19.4340   4.928904    36.5959     0.3213 1.0000e-12     0.0556    98.6187      98.68    220.047     5.0559 2.7581e+03          1         40 0.0000e+00
   32.95542  -65.73872    19.4327   4.928718    36.5950     63.524     63.984    19.4327   4.928816    36.5958     0.3187 1.0000e-12     0.0560    98.6103      98.68    219.607     5.0458 2.7553e+03          1         41 0.0000e+00
   32.95542  -65.73872    19.4277   4.928236    36.5950     64.554     65.022    19.4278   4.928362    36.5959     0.3383 1.0000e-12     0.0552    98.6292      98.69    219.091     5.0339 2.7356e+03          1         54 0.0000e+00
   32.95542  -65.73872    19.4240   4.927888    36.5949     65.493     65.969    19.4240   4.927995    36.5958     0.3356 1.0000e-12     0.0873    97.8477      98.69    219.277     5.0382 2.7253e+03          1         51 0.0000e+00
   32.95542  -65.73872    19.4224   4.927775    36.5948     66.516     66.999    19.4224   4.927862    36.5956     0.3301 1.0000e-12     0.0521    98.7064      98.68    218.843     5.0283 2.7346e+03          1         43 0.0000e+00
   32.95542  -65.73872    19.4211   4.927682    36.5948     67.540     68.030    19.4212   4.927778    36.5955     0.3613 1.0000e-12     0.0527    98.6916      98.69    219.195     5.0364 2.7334e+03          1         50 0.0000e+00
   32.95542  -65.73872    19.4195   4.927554    36.5947     68.410     68.907    19.4196   4.927654    36.5955     0.3466 1.0000e-12     0.0502    98.7542      98.68    219.146     5.0352 2.7281e+03          1         53 0.0000e+00
   32.95542  -65.73872    19.4167   4.927318    36.5948     69.487     69.992    19.4167   4.927422    36.5957     0.3804 1.0000e-12     0.0508    98.7382      98.68    218.678     5.0245 2.7256e+03          1         27 0.0000e+00
