Data/ruptures/KN207-01/QL-2/20701074.cnv
* Sea-Bird SBE 9 Data File:
* FileName = C:\Data\ctd\20701074.hex
* Software Version Seasave V 7.21e
* Temperature SN = 4406
* Conductivity SN = 1474
* Number of Bytes Per Scan = 40
* Number of Voltage Words = 5
* Number of Scans Averaged by the Deck Unit = 1
* NMEA Latitude = 33 04.70 N
* NMEA Longitude = 065 40.37 W
* NMEA UTC (Time) = May 02 2012 12:04:37
** R/V Knorr Cruise # KN207-01 QL 2
** Chief Scientist: Ben Van Mooy
# nquan = 21
# nvalues = 398                         
# units = specified
# name 0 = latitude: Latitude [deg]
# name 1 = longitude: Longitude [deg]
# name 2 = t090C: Temperature [ITS-90, deg C]
# name 3 = c0S/m: Conductivity [S/m]
# name 4 = sal00: Salinity, Practical [PSU]
# name 5 = depSM: Depth [salt water, m]
# name 6 = prDM: Pressure, Digiquartz [db]
# name 7 = t190C: Temperature, 2 [ITS-90, deg C]
# name 8 = c1S/m: Conductivity, 2 [S/m]
# name 9 = sal11: Salinity, Practical, 2 [PSU]
# name 10 = flECO-AFL: Fluorescence, WET Labs ECO-AFL/FL [mg/m^3]
# name 11 = par: PAR/Irradiance, Biospherical/Licor
# name 12 = bat: Beam Attenuation, Chelsea/Seatech [1/m]
# name 13 = xmiss: Beam Transmission, Chelsea/Seatech [%]
# name 14 = altM: Altimeter [m]
# name 15 = sbeox0Mm/Kg: Oxygen, SBE 43 [umol/kg]
# name 16 = sbeox0ML/L: Oxygen, SBE 43 [ml/l]
# name 17 = spar: SPAR/Surface Irradiance
# name 18 = pumps: Pump Status
# name 19 = nbin: number of scans per bin
# name 20 = flag: flag
# span 0 =   33.07841,   33.07940       
# span 1 =  -65.67296,  -65.67276       
# span 2 =    18.0484,    20.2892       
# span 3 =   4.780658,   5.019721       
# span 4 =    36.5153,    36.6168       
# span 5 =      2.438,    199.475       
# span 6 =      2.456,    200.991       
# span 7 =    18.0476,    20.2893       
# span 8 =   4.780679,   5.019761       
# span 9 =    36.5154,    36.6175       
# span 10 =     0.0089,     0.7881      
# span 11 = 1.0000e-12, 1.0000e-12      
# span 12 =    -0.0135,     0.0857      
# span 13 =    97.8838,   100.3381      
# span 14 =       0.95,      98.78      
# span 15 =    186.425,    221.988      
# span 16 =     4.2845,     5.1003      
# span 17 = 2.2862e+03, 2.4566e+03      
# span 18 =          1,          1      
# span 19 =          2,       1313      
# span 20 = 0.0000e+00, 0.0000e+00      
# interval = decibars: 1                
# start_time = May 02 2012 12:04:37 [NMEA time, header]
# bad_flag = -9.990e-29
*END*
   33.07841  -65.67293    20.2874   5.018682    36.6152      3.150      3.173    20.2872   5.018855    36.6168     0.0963 1.0000e-12     0.0458    98.8625      86.83    217.587     4.9983 2.2862e+03          1        369 0.0000e+00
   33.07843  -65.67291    20.2878   5.018768    36.6152      3.985      4.014    20.2876   5.018941    36.6168     0.0958 1.0000e-12     0.0465    98.8445      97.09    217.744     5.0020 2.2953e+03          1        133 0.0000e+00
   33.07844  -65.67290    20.2883   5.018882    36.6154      4.880      4.914    20.2879   5.019027    36.6169     0.1053 1.0000e-12     0.0461    98.8531      98.60    217.487     4.9961 2.3001e+03          1         44 0.0000e+00
   33.07845  -65.67290    20.2890   5.019019    36.6155      6.025      6.068    20.2890   5.019214    36.6171     0.0916 1.0000e-12     0.0452    98.8771      98.61    217.873     5.0049 2.2970e+03          1         48 0.0000e+00
   33.07846  -65.67290    20.2891   5.019071    36.6155      6.793      6.842    20.2891   5.019259    36.6171     0.1138 1.0000e-12     0.0429    98.9338      98.60    217.591     4.9984 2.3018e+03          1         60 0.0000e+00
   33.07846  -65.67290    20.2876   5.018940    36.6154      7.963      8.020    20.2875   5.019141    36.6171     0.1139 1.0000e-12     0.0446    98.8897      98.61    217.724     5.0015 2.3044e+03          1         32 0.0000e+00
   33.07846  -65.67290    20.2847   5.018620    36.6150      9.016      9.080    20.2826   5.018530    36.6161     0.0967 1.0000e-12     0.0440    98.9060      98.61    218.029     5.0085 2.3028e+03          1         63 0.0000e+00
   33.07846  -65.67290    20.2865   5.018877    36.6151      9.869      9.939    20.2841   5.018747    36.6162     0.1004 1.0000e-12     0.0448    98.8855      98.61    217.069     4.9865 2.3030e+03          1         51 0.0000e+00
   33.07846  -65.67289    20.2846   5.018707    36.6150     10.925     11.003    20.2849   5.018902    36.6163     0.0843 1.0000e-12     0.0448    98.8857      98.61    218.396     5.0169 2.2972e+03          1         32 0.0000e+00
   33.07846  -65.67288    20.2839   5.018621    36.6146     11.941     12.026    20.2835   5.018805    36.6164     0.1126 1.0000e-12     0.0453    98.8741      98.61    218.206     5.0126 2.2953e+03          1         36 0.0000e+00
   33.07846  -65.67288    20.2799   5.018113    36.6136     12.848     12.940    20.2803   5.018346    36.6151     0.0887 1.0000e-12     0.0460    98.8574      98.61    217.801     5.0033 2.3020e+03          1         83 0.0000e+00
   33.07848  -65.67288    20.2813   5.018407    36.6143     13.871     13.970    20.2808   5.018530    36.6157     0.1017 1.0000e-12     0.0458    98.8611      98.61    218.013     5.0081 2.3034e+03          1         35 0.0000e+00
   33.07848  -65.67288    20.2817   5.018553    36.6148     14.905     15.011    20.2814   5.018681    36.6161     0.1078 1.0000e-12     0.0451    98.8794      98.61    217.271     4.9911 2.3007e+03          1         30 0.0000e+00
   33.07848  -65.67287    20.2823   5.018681    36.6149     15.903     16.017    20.2820   5.018816    36.6162     0.1055 1.0000e-12     0.0444    98.8967      86.22    218.085     5.0098 2.2996e+03          1         50 0.0000e+00
   33.07848  -65.67286    20.2820   5.018725    36.6151     16.882     17.003    20.2822   5.018911    36.6165     0.1079 1.0000e-12     0.0458    98.8627      98.61    217.917     5.0059 2.2970e+03          1         61 0.0000e+00
   33.07848  -65.67286    20.2816   5.018754    36.6154     17.818     17.945    20.2816   5.018935    36.6169     0.1078 1.0000e-12     0.0469    98.8357      98.61    218.189     5.0122 2.2996e+03          1         53 0.0000e+00
   33.07848  -65.67286    20.2814   5.018784    36.6155     18.808     18.942    20.2813   5.018965    36.6170     0.1145 1.0000e-12     0.0447    98.8897      98.61    218.533     5.0201 2.2991e+03          1         33 0.0000e+00
   33.07848  -65.67286    20.2810   5.018782    36.6153     19.887     20.029    20.2812   5.018976    36.6168     0.1184 1.0000e-12     0.0451    98.8790      98.61    218.159     5.0115 2.2986e+03          1         38 0.0000e+00
   33.07849  -65.67286    20.2813   5.018854    36.6153     20.899     21.049    20.2813   5.019033    36.6168     0.1121 1.0000e-12     0.0438    98.9107      98.61    217.812     5.0035 2.2981e+03          1         66 0.0000e+00
   33.07850  -65.67286    20.2815   5.018909    36.6153     21.818     21.974    20.2815   5.019092    36.6168     0.0989 1.0000e-12     0.0448    98.8873      98.60    217.960     5.0069 2.2976e+03          1         48 0.0000e+00
   33.07850  -65.67286    20.2788   5.018616    36.6149     22.821     22.985    20.2785   5.018771    36.6164     0.0941 1.0000e-12     0.0457    98.8628      98.61    217.818     5.0037 2.2972e+03          1         39 0.0000e+00
   33.07850  -65.67286    20.2793   5.018716    36.6149     23.856     24.026    20.2775   5.018678    36.6161     0.0995 1.0000e-12     0.0440    98.9046      46.75    217.625     4.9992 2.2983e+03          1         42 0.0000e+00
   33.07850  -65.67286    20.2799   5.018793    36.6146     24.802     24.979    20.2761   5.018497    36.6155     0.1180 1.0000e-12     0.0442    98.9010      98.61    217.999     5.0078 2.3022e+03          1         61 0.0000e+00
   33.07850  -65.67286    20.2766   5.018445    36.6143     25.801     25.985    20.2755   5.018496    36.6157     0.1013 1.0000e-12     0.0447    98.8878      98.61    218.046     5.0089 2.3062e+03          1         48 0.0000e+00
   33.07850  -65.67286    20.2760   5.018427    36.6143     26.831     27.024    20.2737   5.018294    36.6152     0.1105 1.0000e-12     0.0453    98.8744      45.21    217.726     5.0016 2.3005e+03          1         40 0.0000e+00
   33.07850  -65.67286    20.2715   5.017874    36.6133     27.834     28.034    20.2733   5.018297    36.6152     0.1112 1.0000e-12     0.0454    98.8717      22.32    218.288     5.0145 2.2992e+03          1         52 0.0000e+00
   33.07852  -65.67284    20.2693   5.017622    36.6129     28.753     28.959    20.2717   5.018160    36.6151     0.1205 1.0000e-12     0.0444    98.8966      70.95    218.213     5.0128 2.3071e+03          1         55 0.0000e+00
   33.07852  -65.67284    20.2637   5.016966    36.6120     29.771     29.985    20.2635   5.017145    36.6137     0.1144 1.0000e-12     0.0441    98.9033      86.75    218.352     5.0160 2.3080e+03          1         50 0.0000e+00
   33.07852  -65.67284    20.2544   5.015847    36.6107     30.764     30.985    20.2571   5.016457    36.6133     0.1125 1.0000e-12     0.0452    98.8757      70.72    218.361     5.0162 2.3017e+03          1         40 0.0000e+00
   33.07852  -65.67284    20.2347   5.013418    36.6078     31.826     32.055    20.2349   5.013753    36.6104     0.1322 1.0000e-12     0.0458    98.8601      59.83    218.254     5.0137 2.3026e+03          1         44 0.0000e+00
   33.07852  -65.67284    20.2173   5.011337    36.6057     32.758     32.993    20.2174   5.011573    36.6075     0.1188 1.0000e-12     0.0470    98.8320      98.61    218.225     5.0131 2.3045e+03          1         69 0.0000e+00
   33.07852  -65.67284    20.2138   5.010975    36.6052     33.740     33.982    20.2140   5.011234    36.6071     0.1239 1.0000e-12     0.0468    98.8376      75.99    217.790     5.0031 2.3019e+03          1         35 0.0000e+00
   33.07852  -65.67284    20.1930   5.008559    36.6034     34.745     34.995    20.1952   5.009133    36.6061     0.1090 1.0000e-12     0.0503    98.7503      78.99    218.977     5.0304 2.2989e+03          1         35 0.0000e+00
   33.07853  -65.67284    20.1814   5.007290    36.6025     35.774     36.032    20.1815   5.007518    36.6043     0.1422 1.0000e-12     0.0511    98.7304      96.83    218.718     5.0244 2.3015e+03          1         74 0.0000e+00
   33.07854  -65.67284    20.1488   5.003629    36.6009     36.684     36.948    20.1504   5.004185    36.6040     0.1322 1.0000e-12     0.0501    98.7544      98.62    218.863     5.0278 2.3047e+03          1         44 0.0000e+00
   33.07854  -65.67284    20.1178   5.000376    36.6010     37.742     38.014    20.1175   5.000559    36.6029     0.1416 1.0000e-12     0.0528    98.6896      98.62    219.602     5.0448 2.2992e+03          1         33 0.0000e+00
   33.07854  -65.67284    20.1032   4.998831    36.6006     38.771     39.051    20.1033   4.999110    36.6028     0.1541 1.0000e-12     0.0532    98.6795      98.62    219.895     5.0516 2.2982e+03          1         38 0.0000e+00
   33.07854  -65.67284    20.0914   4.997659    36.6006     39.679     39.965    20.0926   4.997977    36.6022     0.1746 1.0000e-12     0.0567    98.5930      98.61    219.475     5.0419 2.3046e+03          1         77 0.0000e+00
   33.07854  -65.67282    20.0861   4.997181    36.6006     40.673     40.966    20.0865   4.997432    36.6024     0.1614 1.0000e-12     0.0567    98.5920      98.62    219.849     5.0505 2.3025e+03          1         36 0.0000e+00
   33.07854  -65.67282    20.0841   4.997027    36.6005     41.746     42.047    20.0838   4.997182    36.6021     0.1690 1.0000e-12     0.0578    98.5656      94.45    219.733     5.0479 2.3051e+03          1         44 0.0000e+00
   33.07855  -65.67282    20.0796   4.996617    36.6005     42.631     42.938    20.0796   4.996829    36.6023     0.1707 1.0000e-12     0.0594    98.5258      91.24    219.497     5.0425 2.3103e+03          1         59 0.0000e+00
   33.07856  -65.67282    20.0647   4.995126    36.6009     43.692     44.008    20.0650   4.995394    36.6029     0.1591 1.0000e-12     0.0604    98.5007      81.60    219.719     5.0476 2.3093e+03          1         37 0.0000e+00
   33.07856  -65.67282    20.0468   4.993199    36.6004     44.720     45.042    20.0472   4.993645    36.6038     0.1684 1.0000e-12     0.0615    98.4741      61.67    219.894     5.0516 2.3068e+03          1         45 0.0000e+00
   33.07856  -65.67282    19.9968   4.987986    36.6014     45.604     45.933    19.9953   4.988118    36.6039     0.1967 1.0000e-12     0.0610    98.4866      88.42    219.880     5.0514 2.3063e+03          1         52 0.0000e+00
   33.07856  -65.67282    19.9549   4.983543    36.6013     46.673     47.010    19.9563   4.984188    36.6054     0.1820 1.0000e-12     0.0614    98.4757      97.00    220.356     5.0624 2.3097e+03          1         44 0.0000e+00
   33.07856  -65.67282    19.8812   4.975817    36.6023     47.649     47.993    19.8827   4.976355    36.6054     0.1924 1.0000e-12     0.0625    98.4497      79.95    221.150     5.0807 2.3131e+03          1         61 0.0000e+00
   33.07856  -65.67282    19.8241   4.969633    36.6011     48.619     48.970    19.8244   4.970113    36.6047     0.1856 1.0000e-12     0.0607    98.4931      77.72    221.193     5.0817 2.3154e+03          1         37 0.0000e+00
   33.07856  -65.67282    19.7790   4.964834    36.6006     49.661     50.020    19.7789   4.965366    36.6052     0.2046 1.0000e-12     0.0641    98.4092      84.86    220.856     5.0741 2.3076e+03          1         36 0.0000e+00
   33.07856  -65.67282    19.7417   4.960965    36.6005     50.618     50.984    19.7416   4.961189    36.6024     0.2152 1.0000e-12     0.0638    98.4177      98.62    221.625     5.0918 2.3056e+03          1         66 0.0000e+00
   33.07856  -65.67282    19.7087   4.957404    36.5992     51.599     51.972    19.7087   4.957885    36.6032     0.2308 1.0000e-12     0.0620    98.4629      98.61    221.214     5.0824 2.3152e+03          1         41 0.0000e+00
   33.07856  -65.67282    19.6704   4.953434    36.5994     52.656     53.037    19.6704   4.953619    36.6009     0.2105 1.0000e-12     0.0598    98.5172      98.61    221.036     5.0783 2.3164e+03          1         44 0.0000e+00
   33.07858  -65.67282    19.6479   4.951046    36.5985     53.619     54.008    19.6478   4.951436    36.6018     0.2112 1.0000e-12     0.0600    98.5123      98.62    221.890     5.0980 2.3084e+03          1         59 0.0000e+00
   33.07858  -65.67282    19.5965   4.945593    36.5981     54.565     54.960    19.5967   4.945886    36.6004     0.2348 1.0000e-12     0.0613    98.4798      98.62    221.305     5.0846 2.3089e+03          1         45 0.0000e+00
   33.07858  -65.67280    19.5798   4.943824    36.5972     55.597     55.999    19.5797   4.944081    36.5994     0.2249 1.0000e-12     0.0598    98.5156      98.62    221.988     5.1003 2.3163e+03          1         36 0.0000e+00
   33.07858  -65.67280    19.5702   4.942844    36.5966     56.617     57.027    19.5704   4.943080    36.5984     0.2313 1.0000e-12     0.0604    98.5021      98.62    221.966     5.0998 2.3143e+03          1         55 0.0000e+00
   33.07858  -65.67280    19.5505   4.940763    36.5960     57.533     57.950    19.5513   4.941263    36.5995     0.2357 1.0000e-12     0.0594    98.5262      98.62    221.516     5.0895 2.3127e+03          1         47 0.0000e+00
   33.07858  -65.67280    19.5047   4.935962    36.5962     58.616     59.041    19.5045   4.936182    36.5982     0.2456 1.0000e-12     0.0603    98.5049      98.63    221.406     5.0870 2.3141e+03          1         45 0.0000e+00
   33.07858  -65.67280    19.4970   4.935173    36.5955     59.549     59.981    19.4971   4.935396    36.5973     0.2526 1.0000e-12     0.0577    98.5677      98.62    221.531     5.0899 2.3159e+03          1         52 0.0000e+00
   33.07860  -65.67280    19.4873   4.934169    36.5949     60.569     61.009    19.4873   4.934375    36.5966     0.2708 1.0000e-12     0.0581    98.5575      91.35    221.182     5.0819 2.3252e+03          1         44 0.0000e+00
   33.07860  -65.67280    19.4826   4.933695    36.5944     61.532     61.978    19.4826   4.933931    36.5963     0.2695 1.0000e-12     0.0582    98.5558      98.62    221.485     5.0889 2.3196e+03          1         49 0.0000e+00
   33.07860  -65.67280    19.4736   4.932810    36.5943     62.535     62.989    19.4736   4.933004    36.5960     0.2582 1.0000e-12     0.0596    98.5226      64.94    221.269     5.0839 2.3154e+03          1         45 0.0000e+00
   33.07860  -65.67280    19.4630   4.931706    36.5939     63.531     63.993    19.4631   4.931945    36.5959     0.2632 1.0000e-12     0.0543    98.6513      98.62    220.935     5.0763 2.3251e+03          1         52 0.0000e+00
   33.07860  -65.67280    19.4544   4.930858    36.5939     64.513     64.982    19.4544   4.931039    36.5955     0.2905 1.0000e-12     0.0523    98.7018      98.62    220.923     5.0760 2.3272e+03          1         41 0.0000e+00
   33.07860  -65.67280    19.4532   4.930799    36.5939     65.537     66.014    19.4532   4.930961    36.5953     0.2546 1.0000e-12     0.0516    98.7192      98.63    221.127     5.0807 2.3226e+03          1         39 0.0000e+00
   33.07860  -65.67280    19.4507   4.930572    36.5936     66.475     66.959    19.4508   4.930758    36.5952     0.2828 1.0000e-12     0.0530    98.6834      98.62    220.391     5.0638 2.3220e+03          1         68 0.0000e+00
   33.07860  -65.67280    19.4428   4.929792    36.5937     67.482     67.972    19.4429   4.929985    36.5953     0.2675 1.0000e-12     0.0541    98.6578      98.62    220.766     5.0724 2.3211e+03          1         38 0.0000e+00
   33.07860  -65.67280    19.4379   4.929309    36.5935     68.540     69.039    19.4379   4.929497    36.5951     0.2836 1.0000e-12     0.0488    98.7883      98.63    220.581     5.0682 2.3227e+03          1         42 0.0000e+00
   33.07860  -65.67280    19.4348   4.928997    36.5932     69.487     69.993    19.4347   4.929202    36.5950     0.3002 1.0000e-12     0.0527    98.6920      98.63    219.960     5.0539 2.3238e+03          1         51 0.0000e+00
