Data/ruptures/KN207-01/QL-2/20701060.cnv
* Sea-Bird SBE 9 Data File:
* FileName = C:\Data\ctd\20701060.hex
* Software Version Seasave V 7.21e
* Temperature SN = 4406
* Conductivity SN = 1474
* Number of Bytes Per Scan = 40
* Number of Voltage Words = 5
* Number of Scans Averaged by the Deck Unit = 1
* NMEA Latitude = 32 54.34 N
* NMEA Longitude = 065 52.83 W
* NMEA UTC (Time) = Apr 30 2012 16:27:24
** R/V Knorr Cruise # KN207-01 QL 2
** Chief Scientist: Ben Van Mooy
# nquan = 21
# nvalues = 398                         
# units = specified
# name 0 = latitude: Latitude [deg]
# name 1 = longitude: Longitude [deg]
# name 2 = t090C: Temperature [ITS-90, deg C]
# name 3 = c0S/m: Conductivity [S/m]
# name 4 = sal00: Salinity, Practical [PSU]
# name 5 = depSM: Depth [salt water, m]
# name 6 = prDM: Pressure, Digiquartz [db]
# name 7 = t190C: Temperature, 2 [ITS-90, deg C]
# name 8 = c1S/m: Conductivity, 2 [S/m]
# name 9 = sal11: Salinity, Practical, 2 [PSU]
# name 10 = flECO-AFL: Fluorescence, WET Labs ECO-AFL/FL [mg/m^3]
# name 11 = par: PAR/Irradiance, Biospherical/Licor
# name 12 = bat: Beam Attenuation, Chelsea/Seatech [1/m]
# name 13 = xmiss: Beam Transmission, Chelsea/Seatech [%]
# name 14 = altM: Altimeter [m]
# name 15 = sbeox0Mm/Kg: Oxygen, SBE 43 [umol/kg]
# name 16 = sbeox0ML/L: Oxygen, SBE 43 [ml/l]
# name 17 = spar: SPAR/Surface Irradiance
# name 18 = pumps: Pump Status
# name 19 = nbin: number of scans per bin
# name 20 = flag: flag
# span 0 =   32.90500,   32.90584       
# span 1 =  -65.88196,  -65.88067       
# span 2 =    18.1416,    20.4056       
# span 3 =   4.434765,   5.030000       
# span 4 =    31.7891,    36.9372       
# span 5 =      3.164,    200.135       
# span 6 =      3.186,    201.652       
# span 7 =    18.1456,    20.4051       
# span 8 =   4.791164,   5.030014       
# span 9 =    35.7283,    36.9319       
# span 10 =     0.0124,     0.7348      
# span 11 = 1.0000e-12, 1.1585e-01      
# span 12 =    -0.0091,     0.0712      
# span 13 =    98.2354,   100.2279      
# span 14 =       3.77,      98.84      
# span 15 =    134.927,    386.388      
# span 16 =     3.1002,     8.8745      
# span 17 = 1.3604e+03, 3.6782e+03      
# span 18 =          1,          1      
# span 19 =         15,       1823      
# span 20 = 0.0000e+00, 0.0000e+00      
# interval = decibars: 1                
# start_time = Apr 30 2012 16:27:24 [NMEA time, header]
# bad_flag = -9.990e-29
*END*
[from data line 138]
   32.90582  -65.88084    19.3700   4.925555    36.5937    140.995    142.044    19.3700   4.925656    36.5946     0.1115 1.1499e-01     0.0025    99.9366      98.69    212.249     4.8768 1.5129e+03          1         23 0.0000e+00
   32.90582  -65.88084    19.3701   4.925582    36.5935    141.961    143.017    19.3701   4.925708    36.5946     0.1267 8.8424e-02     0.0023    99.9416      98.68    212.367     4.8796 1.5103e+03          1         28 0.0000e+00
   32.90582  -65.88086    19.3699   4.925631    36.5937    142.921    143.985    19.3699   4.925720    36.5945     0.1327 8.0426e-02     0.0014    99.9645      98.69    212.060     4.8725 1.5077e+03          1         27 0.0000e+00
   32.90582  -65.88086    19.3698   4.925633    36.5935    143.912    144.983    19.3698   4.925764    36.5946     0.1021 8.3367e-02     0.0015    99.9620      98.68    212.146     4.8745 1.5075e+03          1         22 0.0000e+00
   32.90582  -65.88086    19.3694   4.925649    36.5935    144.944    146.023    19.3694   4.925755    36.5944     0.0882 8.2893e-02     0.0019    99.9511      98.69    212.524     4.8832 1.5074e+03          1         23 0.0000e+00
   32.90582  -65.88086    19.3697   4.925736    36.5936    145.954    147.041    19.3697   4.925834    36.5945     0.0866 7.4091e-02     0.0014    99.9646      98.68    212.532     4.8833 1.5062e+03          1         23 0.0000e+00
   32.90582  -65.88086    19.3701   4.925824    36.5936    146.898    147.993    19.3702   4.925934    36.5945     0.0908 7.1373e-02     0.0011    99.9735      98.67    212.304     4.8781 1.5057e+03          1         23 0.0000e+00
   32.90582  -65.88086    19.3701   4.925862    36.5936    147.895    148.998    19.3701   4.925966    36.5945     0.1024 8.2841e-02     0.0008    99.9798      98.68    212.308     4.8782 1.5063e+03          1         24 0.0000e+00
   32.90582  -65.88086    19.3703   4.925942    36.5937    148.925    150.035    19.3703   4.926049    36.5946     0.1018 8.3040e-02    -0.0005   100.0123      98.68    212.611     4.8852 1.5084e+03          1         22 0.0000e+00
   32.90582  -65.88086    19.3702   4.925968    36.5937    149.882    151.000    19.3701   4.926074    36.5946     0.0897 8.2988e-02     0.0005    99.9889      98.68    212.856     4.8908 1.5078e+03          1         22 0.0000e+00
   32.90582  -65.88086    19.3702   4.926011    36.5936    150.880    152.006    19.3701   4.926106    36.5945     0.1023 8.2598e-02     0.0005    99.9888      98.68    212.397     4.8802 1.5041e+03          1         29 0.0000e+00
   32.90582  -65.88086    19.3702   4.926060    36.5936    151.846    152.980    19.3703   4.926166    36.5945     0.0914 8.2431e-02     0.0008    99.9808      98.69    212.512     4.8829 1.4996e+03          1         29 0.0000e+00
   32.90582  -65.88088    19.3702   4.926108    36.5937    152.847    153.988    19.3702   4.926217    36.5946     0.1014 8.2740e-02     0.0011    99.9737      98.68    212.486     4.8823 1.5005e+03          1         22 0.0000e+00
   32.90582  -65.88088    19.3702   4.926174    36.5939    153.843    154.992    19.3702   4.926262    36.5946     0.0861 8.2282e-02     0.0003    99.9945      98.70    212.538     4.8835 1.5031e+03          1         18 0.0000e+00
   32.90582  -65.88088    19.3705   4.926249    36.5938    154.843    156.000    19.3704   4.926362    36.5949     0.0818 7.7125e-02     0.0006    99.9851      98.69    212.071     4.8728 1.5056e+03          1         19 0.0000e+00
   32.90582  -65.88088    19.3704   4.926285    36.5939    155.828    156.993    19.3704   4.926408    36.5948     0.0744 7.5256e-02     0.0002    99.9947      98.68    211.874     4.8682 1.5065e+03          1         21 0.0000e+00
   32.90582  -65.88088    19.3702   4.926293    36.5937    156.861    158.034    19.3702   4.926409    36.5947     0.1036 8.3467e-02     0.0005    99.9873      98.68    212.062     4.8725 1.5050e+03          1         30 0.0000e+00
   32.90582  -65.88088    19.3702   4.926355    36.5939    157.798    158.978    19.3703   4.926450    36.5947     0.0956 8.3822e-02     0.0013    99.9685      98.69    212.312     4.8783 1.5013e+03          1         30 0.0000e+00
   32.90582  -65.88088    19.3698   4.926351    36.5938    158.796    159.984    19.3698   4.926449    36.5947     0.0640 8.4126e-02     0.0004    99.9916      98.68    211.831     4.8672 1.4971e+03          1         24 0.0000e+00
   32.90582  -65.88088    19.3690   4.926259    36.5935    159.800    160.996    19.3689   4.926382    36.5945     0.0632 8.4206e-02     0.0001    99.9971      98.68    211.626     4.8625 1.4964e+03          1         21 0.0000e+00
   32.90582  -65.88088    19.3681   4.926221    36.5935    160.805    162.009    19.3681   4.926338    36.5945     0.0808 8.3813e-02     0.0001    99.9985      98.69    211.992     4.8709 1.4978e+03          1         20 0.0000e+00
   32.90582  -65.88088    19.3673   4.926166    36.5934    161.797    163.009    19.3673   4.926266    36.5942     0.0520 8.3999e-02    -0.0003   100.0081      98.69    212.473     4.8820 1.5020e+03          1         21 0.0000e+00
   32.90582  -65.88088    19.3672   4.926198    36.5933    162.787    164.007    19.3672   4.926297    36.5942     0.0515 8.4054e-02    -0.0003   100.0088      98.69    212.496     4.8825 1.5038e+03          1         24 0.0000e+00
   32.90582  -65.88088    19.3674   4.926252    36.5932    163.775    165.003    19.3673   4.926359    36.5942     0.0503 8.4102e-02    -0.0012   100.0285      98.69    211.947     4.8699 1.5031e+03          1         26 0.0000e+00
   32.90582  -65.88088    19.3671   4.926244    36.5931    164.749    165.985    19.3670   4.926352    36.5941     0.0708 8.4161e-02    -0.0015   100.0378      98.69    211.444     4.8584 1.4987e+03          1         27 0.0000e+00
   32.90582  -65.88088    19.3648   4.925983    36.5927    165.728    166.971    19.3649   4.926118    36.5937     0.0700 8.4247e-02    -0.0024   100.0601      98.69    211.757     4.8655 1.4947e+03          1         28 0.0000e+00
   32.90582  -65.88088    19.3631   4.925852    36.5926    166.695    167.946    19.3633   4.925987    36.5936     0.0528 8.0601e-02    -0.0028   100.0695      98.69    212.175     4.8752 1.4941e+03          1         22 0.0000e+00
   32.90582  -65.88090    19.3618   4.925750    36.5926    167.738    168.997    19.3618   4.925865    36.5935     0.0599 6.9688e-02    -0.0019   100.0473      98.69    212.352     4.8792 1.4955e+03          1         20 0.0000e+00
   32.90582  -65.88090    19.3615   4.925834    36.5932    168.749    170.016    19.3616   4.925939    36.5940     0.0467 8.4862e-02    -0.0019   100.0473      98.69    212.264     4.8772 1.4983e+03          1         18 0.0000e+00
   32.90582  -65.88090    19.3624   4.926067    36.5940    169.722    170.996    19.3625   4.926186    36.5949     0.0635 8.5150e-02    -0.0033   100.0828      98.68    212.136     4.8743 1.5002e+03          1         21 0.0000e+00
   32.90582  -65.88090    19.3663   4.926810    36.5963    170.698    171.980    19.3663   4.926825    36.5964     0.0700 8.5579e-02    -0.0038   100.0949      98.69    211.806     4.8667 1.5007e+03          1         27 0.0000e+00
   32.90582  -65.88090    19.3728   4.927881    36.5989    171.698    172.989    19.3731   4.927966    36.5994     0.1058 8.5720e-02    -0.0020   100.0500      98.69    210.999     4.8481 1.4975e+03          1         29 0.0000e+00
   32.90580  -65.88090    19.3783   4.928797    36.6013    172.683    173.982    19.3784   4.928889    36.6020     0.1310 8.5759e-02    -0.0012   100.0293      98.69    211.549     4.8608 1.4910e+03          1         30 0.0000e+00
   32.90580  -65.88090    19.3781   4.928822    36.6013    173.695    175.002    19.3782   4.928980    36.6025     0.1376 8.5979e-02     0.0006    99.9847      98.69    212.040     4.8721 1.4864e+03          1         23 0.0000e+00
   32.90580  -65.88090    19.3753   4.928559    36.6013    174.701    176.015    19.3754   4.928664    36.6021     0.1687 8.6020e-02     0.0001    99.9985      98.69    212.428     4.8810 1.4890e+03          1         20 0.0000e+00
   32.90580  -65.88090    19.3730   4.928247    36.6004    175.702    177.024    19.3733   4.928455    36.6019     0.1095 8.6005e-02     0.0001    99.9974      98.70    212.494     4.8825 1.4937e+03          1         17 0.0000e+00
   32.90580  -65.88090    19.3636   4.926991    36.5980    176.655    177.984    19.3653   4.927425    36.6002     0.1040 8.6022e-02     0.0008    99.9793      98.69    212.555     4.8839 1.4987e+03          1         17 0.0000e+00
   32.90580  -65.88090    19.3647   4.927240    36.5987    177.669    179.006    19.3662   4.927560    36.6001     0.0960 8.5780e-02     0.0003    99.9935      98.69    212.504     4.8827 1.5015e+03          1         21 0.0000e+00
   32.90580  -65.88092    19.3618   4.926871    36.5979    178.719    180.065    19.3612   4.926954    36.5991     0.0749 7.8892e-02    -0.0010   100.0241      43.39    211.878     4.8683 1.4998e+03          1         31 0.0000e+00
   32.90580  -65.88092    19.3590   4.926524    36.5971    179.642    180.995    19.3590   4.926635    36.5980     0.0947 8.9021e-02    -0.0004   100.0108      98.74    211.824     4.8671 1.4912e+03          1         43 0.0000e+00
   32.90580  -65.88092    19.3579   4.926455    36.5971    180.606    181.967    19.3580   4.926637    36.5985     0.0733 8.9756e-02    -0.0001   100.0037      98.69    211.738     4.8651 1.4864e+03          1         23 0.0000e+00
   32.90580  -65.88092    19.3530   4.925868    36.5962    181.609    182.978    19.3530   4.926073    36.5980     0.0589 8.9763e-02    -0.0008   100.0216      98.69    211.070     4.8498 1.4876e+03          1         18 0.0000e+00
   32.90580  -65.88092    19.3242   4.922222    36.5913    182.633    184.010    19.3249   4.923034    36.5975     0.0802 8.9875e-02    -0.0026   100.0644      98.69    211.239     4.8537 1.4896e+03          1         15 0.0000e+00
   32.90580  -65.88092    19.3011   4.919719    36.5908    183.607    184.992    19.3015   4.920182    36.5943     0.0592 9.0181e-02    -0.0017   100.0422      98.69    211.672     4.8637 1.4922e+03          1         15 0.0000e+00
   32.90580  -65.88092    19.2749   4.916700    36.5887    184.637    186.030    19.2753   4.917122    36.5919     0.0244 9.0268e-02    -0.0024   100.0614      98.68    211.418     4.8579 1.4945e+03          1         20 0.0000e+00
   32.90580  -65.88092    19.2384   4.912455    36.5854    185.689    187.091    19.2402   4.913266    36.5906     0.0507 9.0241e-02    -0.0033   100.0842      98.69    209.821     4.8212 1.4952e+03          1         32 0.0000e+00
   32.90580  -65.88092    19.1480   4.902254    36.5807    186.562    187.971    19.1514   4.903371    36.5871     0.0471 9.0389e-02    -0.0031   100.0772      98.69    208.360     4.7877 1.4935e+03          1         37 0.0000e+00
   32.90580  -65.88094    19.0482   4.891145    36.5767    187.534    188.951    19.0505   4.892018    36.5820     0.0371 9.0762e-02    -0.0025   100.0634      98.69    206.823     4.7525 1.4919e+03          1         24 0.0000e+00
   32.90580  -65.88094    19.0033   4.886081    36.5736    188.539    189.964    19.0049   4.886951    36.5795     0.0557 9.1095e-02    -0.0032   100.0819      98.69    204.804     4.7061 1.4897e+03          1         23 0.0000e+00
   32.90580  -65.88094    18.8980   4.874094    36.5670    189.569    191.002    18.9009   4.875800    36.5788     0.0592 9.1431e-02    -0.0026   100.0641      98.69    203.284     4.6713 1.4880e+03          1         23 0.0000e+00
   32.90580  -65.88094    18.8116   4.864745    36.5651    190.567    192.008    18.8125   4.865403    36.5699     0.0361 9.1472e-02    -0.0044   100.1092      98.69    202.428     4.6517 1.4886e+03          1         22 0.0000e+00
   32.90580  -65.88094    18.7792   4.861233    36.5630    191.515    192.964    18.7817   4.861812    36.5657     0.0328 9.1770e-02    -0.0049   100.1216      98.69    199.497     4.5844 1.4925e+03          1         37 0.0000e+00
   32.90580  -65.88094    18.7484   4.857868    36.5604    192.612    194.069    18.7485   4.858175    36.5629     0.0248 9.1908e-02    -0.0053   100.1322      98.69    196.324     4.5115 1.4959e+03          1         43 0.0000e+00
   32.90580  -65.88094    18.7230   4.855131    36.5578    193.447    194.911    18.7162   4.854731    36.5605     0.0401 9.1766e-02    -0.0047   100.1163      98.69    195.732     4.4979 1.4884e+03          1         86 0.0000e+00
   32.90578  -65.88094    18.6249   4.844315    36.5532    194.511    195.984    18.6265   4.844933    36.5570     0.0495 9.1799e-02    -0.0050   100.1252      98.69    195.416     4.4908 1.4893e+03          1         32 0.0000e+00
   32.90578  -65.88094    18.5130   4.831794    36.5472    195.550    197.031    18.5164   4.833078    36.5549     0.0412 9.1911e-02    -0.0052   100.1299      98.69    193.658     4.4505 1.4903e+03          1         42 0.0000e+00
   32.90578  -65.88095    18.3586   4.814440    36.5373    196.623    198.112    18.3454   4.813563    36.5419     0.0366 9.1740e-02    -0.0060   100.1501      98.69    190.375     4.3752 1.4922e+03          1         72 0.0000e+00
   32.90578  -65.88096    18.2890   4.806462    36.5292    197.458    198.954    18.2881   4.806582    36.5309     0.0278 9.0907e-02    -0.0057   100.1436      98.70    186.926     4.2959 1.4879e+03          1         83 0.0000e+00
   32.90578  -65.88096    18.2281   4.799640    36.5238    198.497    200.001    18.2294   4.800123    36.5267     0.0124 8.0248e-02    -0.0074   100.1849      98.69    184.861     4.2485 1.4900e+03          1         48 0.0000e+00
   32.90578  -65.88097    18.1856   4.795165    36.5213    199.398    200.910    18.1914   4.795998    36.5231     0.0294 8.3187e-02    -0.0083   100.2078      98.69    184.483     4.2399 1.4893e+03          1        151 0.0000e+00
   32.90577  -65.88098    18.1416   4.790511    36.5192    200.135    201.652    18.1456   4.791164    36.5212     0.0375 8.7945e-02    -0.0082   100.2045      98.69    184.468     4.2396 1.4943e+03          1         69 0.0000e+00
   32.90576  -65.88100    18.1520   4.791651    36.5177    199.742    201.257    18.1555   4.792166    36.5189     0.0267 8.9129e-02    -0.0088   100.2192      98.70    184.732     4.2456 1.4902e+03          1        321 0.0000e+00
   32.90574  -65.88102    18.2006   4.796840    36.5177    198.479    199.983    18.1985   4.796603    36.5176     0.0173 9.1372e-02    -0.0085   100.2114      98.70    184.050     4.2299 1.4919e+03          1         65 0.0000e+00
   32.90574  -65.88104    18.2319   4.800080    36.5173    197.562    199.059    18.2248   4.799103    36.5154     0.0203 9.1770e-02    -0.0091   100.2279      98.70    183.439     4.2158 1.4976e+03          1         38 0.0000e+00
   32.90574  -65.88104    18.2650   4.804095    36.5221    196.526    198.014    18.2521   4.802558    36.5207     0.0165 9.2290e-02    -0.0088   100.2186      98.70    183.738     4.2227 1.4958e+03          1         27 0.0000e+00
   32.90574  -65.88104    18.3695   4.816065    36.5294    195.503    196.984    18.3591   4.812857    36.5114     0.0369 9.2487e-02    -0.0077   100.1920      98.70    183.778     4.2235 1.4924e+03          1         27 0.0000e+00
   32.90574  -65.88104    18.4906   4.829503    36.5343    194.527    196.000    18.4872   4.828511    36.5289     0.0240 9.2532e-02    -0.0075   100.1881      98.70    184.179     4.2326 1.4905e+03          1         25 0.0000e+00
   32.90574  -65.88104    18.5780   4.839422    36.5402    193.551    195.016    18.5506   4.835700    36.5335     0.0221 9.2061e-02    -0.0070   100.1767      98.70    186.516     4.2863 1.4912e+03          1         28 0.0000e+00
