Data/ruptures/KN207-01/QL-2/20701075.cnv
* Sea-Bird SBE 9 Data File:
* FileName = C:\Data\ctd\20701075.hex
* Software Version Seasave V 7.21e
* Temperature SN = 4406
* Conductivity SN = 1474
* Number of Bytes Per Scan = 40
* Number of Voltage Words = 5
* Number of Scans Averaged by the Deck Unit = 1
* NMEA Latitude = 33 04.75 N
* NMEA Longitude = 065 41.64 W
* NMEA UTC (Time) = May 02 2012 13:58:35
** R/V Knorr Cruise # KN207-01 QL 2
** Chief Scientist: Ben Van Mooy
# nquan = 21
# nvalues = 399                         
# units = specified
# name 0 = latitude: Latitude [deg]
# name 1 = longitude: Longitude [deg]
# name 2 = t090C: Temperature [ITS-90, deg C]
# name 3 = c0S/m: Conductivity [S/m]
# name 4 = sal00: Salinity, Practical [PSU]
# name 5 = depSM: Depth [salt water, m]
# name 6 = prDM: Pressure, Digiquartz [db]
# name 7 = t190C: Temperature, 2 [ITS-90, deg C]
# name 8 = c1S/m: Conductivity, 2 [S/m]
# name 9 = sal11: Salinity, Practical, 2 [PSU]
# name 10 = flECO-AFL: Fluorescence, WET Labs ECO-AFL/FL [mg/m^3]
# name 11 = par: PAR/Irradiance, Biospherical/Licor
# name 12 = bat: Beam Attenuation, Chelsea/Seatech [1/m]
# name 13 = xmiss: Beam Transmission, Chelsea/Seatech [%]
# name 14 = altM: Altimeter [m]
# name 15 = sbeox0Mm/Kg: Oxygen, SBE 43 [umol/kg]
# name 16 = sbeox0ML/L: Oxygen, SBE 43 [ml/l]
# name 17 = spar: SPAR/Surface Irradiance
# name 18 = pumps: Pump Status
# name 19 = nbin: number of scans per bin
# name 20 = flag: flag
# span 0 =   33.07920,   33.08013       
# span 1 =  -65.69406,  -65.69356       
# span 2 =    18.0159,    20.3706       
# span 3 =   4.776892,   5.027931       
# span 4 =    36.5136,    36.6183       
# span 5 =      3.058,    200.185       
# span 6 =      3.080,    201.707       
# span 7 =    18.0295,    20.3724       
# span 8 =   4.778350,   5.028182       
# span 9 =    36.5117,    36.6192       
# span 10 =     0.0061,     0.9177      
# span 11 = 1.0000e-12, 1.0000e-12      
# span 12 =    -0.0123,     0.0713      
# span 13 =    98.2327,   100.3084      
# span 14 =       1.03,      98.90      
# span 15 =    185.959,    222.940      
# span 16 =     4.2737,     5.1222      
# span 17 = 1.2581e+03, 2.9421e+03      
# span 18 =          1,          1      
# span 19 =         16,        873      
# span 20 = 0.0000e+00, 0.0000e+00      
# interval = decibars: 1                
# start_time = May 02 2012 13:58:35 [NMEA time, header]
# bad_flag = -9.990e-29
*END*
[from data line 138]
   33.07946  -65.69384    19.3745   4.925712    36.5916    139.936    140.979    19.3745   4.925827    36.5926     0.1109 1.0000e-12     0.0029    99.9286      98.68    212.984     4.8937 2.8530e+03          1         26 0.0000e+00
   33.07946  -65.69384    19.3741   4.925711    36.5915    140.940    141.990    19.3741   4.925821    36.5924     0.1191 1.0000e-12     0.0005    99.9883      98.67    212.579     4.8844 2.8533e+03          1         27 0.0000e+00
   33.07946  -65.69384    19.3739   4.925736    36.5915    141.941    143.000    19.3739   4.925849    36.5924     0.1168 1.0000e-12     0.0024    99.9391      98.67    211.978     4.8706 2.8528e+03          1         24 0.0000e+00
   33.07946  -65.69384    19.3743   4.925845    36.5917    142.946    144.012    19.3743   4.925944    36.5925     0.1110 1.0000e-12     0.0028    99.9305      98.67    212.191     4.8755 2.8510e+03          1         24 0.0000e+00
   33.07946  -65.69384    19.3757   4.926095    36.5921    143.942    145.016    19.3758   4.926219    36.5931     0.1358 1.0000e-12     0.0011    99.9726      98.67    212.386     4.8800 2.8504e+03          1         21 0.0000e+00
   33.07946  -65.69384    19.3759   4.926185    36.5923    144.926    146.007    19.3758   4.926289    36.5933     0.1564 1.0000e-12     0.0006    99.9854      98.67    212.920     4.8922 2.8479e+03          1         22 0.0000e+00
   33.07946  -65.69384    19.3759   4.926228    36.5924    145.912    147.001    19.3758   4.926342    36.5934     0.1926 1.0000e-12     0.0023    99.9444      98.68    212.972     4.8934 2.8467e+03          1         21 0.0000e+00
   33.07948  -65.69384    19.3761   4.926328    36.5926    146.924    148.022    19.3760   4.926426    36.5935     0.2113 1.0000e-12     0.0033    99.9197      98.67    212.838     4.8903 2.8504e+03          1         25 0.0000e+00
   33.07948  -65.69384    19.3772   4.926542    36.5931    147.910    149.015    19.3771   4.926636    36.5939     0.2227 1.0000e-12     0.0047    99.8821      98.68    213.064     4.8956 2.8650e+03          1         26 0.0000e+00
   33.07948  -65.69384    19.3774   4.926613    36.5931    148.853    149.965    19.3773   4.926732    36.5941     0.2238 1.0000e-12     0.0051    99.8721      98.68    213.231     4.8994 2.8701e+03          1         27 0.0000e+00
   33.07948  -65.69384    19.3768   4.926577    36.5930    149.869    150.989    19.3767   4.926695    36.5940     0.1918 1.0000e-12     0.0043    99.8930      98.67    213.300     4.9010 2.8698e+03          1         23 0.0000e+00
   33.07948  -65.69384    19.3755   4.926475    36.5929    150.894    152.022    19.3755   4.926583    36.5938     0.1909 1.0000e-12     0.0050    99.8746      98.67    213.323     4.9015 2.8699e+03          1         21 0.0000e+00
   33.07948  -65.69384    19.3745   4.926374    36.5926    151.875    153.011    19.3745   4.926494    36.5936     0.1692 1.0000e-12     0.0040    99.9016      98.67    213.178     4.8982 2.8700e+03          1         21 0.0000e+00
   33.07948  -65.69384    19.3743   4.926402    36.5925    152.854    153.998    19.3744   4.926510    36.5934     0.1497 1.0000e-12     0.0040    99.9002      98.67    212.825     4.8901 2.8701e+03          1         25 0.0000e+00
   33.07948  -65.69384    19.3740   4.926397    36.5924    153.845    154.997    19.3740   4.926510    36.5934     0.1459 1.0000e-12     0.0026    99.9350      98.67    212.888     4.8915 2.8715e+03          1         30 0.0000e+00
   33.07948  -65.69383    19.3735   4.926390    36.5924    154.848    156.008    19.3735   4.926494    36.5933     0.1393 1.0000e-12     0.0020    99.9509      98.68    212.738     4.8881 2.8736e+03          1         28 0.0000e+00
   33.07948  -65.69382    19.3736   4.926432    36.5923    155.839    157.007    19.3734   4.926525    36.5932     0.1301 1.0000e-12     0.0011    99.9725      98.67    212.666     4.8864 2.8754e+03          1         22 0.0000e+00
   33.07948  -65.69382    19.3726   4.926328    36.5920    156.805    157.980    19.3727   4.926479    36.5931     0.1156 1.0000e-12    -0.0012   100.0306      98.68    212.722     4.8877 2.8766e+03          1         20 0.0000e+00
   33.07948  -65.69382    19.3714   4.926218    36.5918    157.783    158.966    19.3715   4.926370    36.5930     0.0945 1.0000e-12    -0.0019   100.0473      98.67    212.677     4.8867 2.8774e+03          1         19 0.0000e+00
   33.07948  -65.69382    19.3711   4.926248    36.5919    158.760    159.951    19.3712   4.926363    36.5928     0.0731 1.0000e-12    -0.0025   100.0640      98.68    212.075     4.8728 2.8773e+03          1         20 0.0000e+00
   33.07948  -65.69382    19.3713   4.926309    36.5919    159.812    161.010    19.3713   4.926417    36.5927     0.0695 1.0000e-12    -0.0029   100.0718      98.67    212.215     4.8761 2.8772e+03          1         21 0.0000e+00
   33.07948  -65.69382    19.3711   4.926325    36.5917    160.807    162.013    19.3711   4.926443    36.5927     0.0765 1.0000e-12    -0.0046   100.1148      98.68    212.605     4.8850 2.8794e+03          1         24 0.0000e+00
   33.07948  -65.69384    19.3706   4.926308    36.5917    161.810    163.025    19.3706   4.926418    36.5926     0.0706 1.0000e-12    -0.0054   100.1361      98.67    212.611     4.8852 2.8812e+03          1         33 0.0000e+00
   33.07948  -65.69384    19.3705   4.926314    36.5915    162.769    163.991    19.3704   4.926440    36.5925     0.0801 1.0000e-12    -0.0043   100.1091      98.68    212.778     4.8890 2.8822e+03          1         37 0.0000e+00
   33.07948  -65.69384    19.3693   4.926236    36.5916    163.729    164.958    19.3693   4.926357    36.5925     0.0545 1.0000e-12    -0.0052   100.1291      48.81    212.597     4.8848 2.8823e+03          1         22 0.0000e+00
   33.07948  -65.69384    19.3683   4.926170    36.5915    164.739    165.977    19.3683   4.926299    36.5926     0.0644 1.0000e-12    -0.0051   100.1271      66.32    212.479     4.8821 2.8832e+03          1         19 0.0000e+00
   33.07948  -65.69384    19.3676   4.926128    36.5914    165.768    167.013    19.3675   4.926249    36.5924     0.0603 1.0000e-12    -0.0051   100.1260      98.69    212.529     4.8833 2.8838e+03          1         16 0.0000e+00
   33.07950  -65.69382    19.3666   4.926036    36.5911    166.788    168.042    19.3665   4.926159    36.5922     0.0591 1.0000e-12    -0.0049   100.1229      98.68    212.355     4.8793 2.8847e+03          1         17 0.0000e+00
   33.07950  -65.69382    19.3650   4.925880    36.5908    167.774    169.036    19.3650   4.926001    36.5918     0.0559 1.0000e-12    -0.0050   100.1257      98.69    212.013     4.8714 2.8865e+03          1         20 0.0000e+00
   33.07950  -65.69382    19.3645   4.925901    36.5911    168.746    170.015    19.3645   4.926000    36.5919     0.0574 1.0000e-12    -0.0031   100.0771      98.68    211.813     4.8668 2.8871e+03          1         31 0.0000e+00
   33.07950  -65.69382    19.3646   4.925974    36.5912    169.667    170.943    19.3646   4.926092    36.5922     0.0501 1.0000e-12    -0.0045   100.1115      86.58    212.283     4.8776 2.8863e+03          1         34 0.0000e+00
   33.07950  -65.69382    19.3630   4.925844    36.5912    170.667    171.952    19.3634   4.926034    36.5924     0.0581 1.0000e-12    -0.0063   100.1587      44.49    211.924     4.8694 2.8866e+03          1         24 0.0000e+00
   33.07950  -65.69382    19.3589   4.925423    36.5910    171.690    172.983    19.3590   4.925592    36.5923     0.0501 1.0000e-12    -0.0059   100.1462      98.68    211.983     4.8707 2.8888e+03          1         20 0.0000e+00
   33.07950  -65.69382    19.3557   4.925087    36.5906    172.694    173.995    19.3558   4.925230    36.5918     0.0452 1.0000e-12    -0.0058   100.1447      98.69    212.353     4.8792 2.8902e+03          1         19 0.0000e+00
   33.07950  -65.69382    19.3507   4.924500    36.5898    173.696    175.005    19.3508   4.924707    36.5915     0.0527 1.0000e-12    -0.0060   100.1489      98.69    212.372     4.8797 2.8915e+03          1         21 0.0000e+00
   33.07950  -65.69382    19.3458   4.924012    36.5897    174.698    176.015    19.3458   4.924179    36.5911     0.0632 1.0000e-12    -0.0057   100.1425      98.68    211.393     4.8572 2.8923e+03          1         27 0.0000e+00
   33.07950  -65.69382    19.3403   4.923430    36.5894    175.672    176.996    19.3404   4.923594    36.5907     0.0417 1.0000e-12    -0.0070   100.1749      98.68    211.048     4.8493 2.8910e+03          1         28 0.0000e+00
   33.07950  -65.69382    19.3357   4.923033    36.5898    176.639    177.971    19.3358   4.923176    36.5909     0.0428 1.0000e-12    -0.0067   100.1676      98.68    210.953     4.8471 2.8888e+03          1         25 0.0000e+00
   33.07950  -65.69382    19.3244   4.921875    36.5899    177.616    178.956    19.3248   4.922150    36.5919     0.0502 1.0000e-12    -0.0076   100.1886      98.69    210.521     4.8372 2.8881e+03          1         22 0.0000e+00
   33.07950  -65.69382    19.3129   4.920662    36.5897    178.658    180.007    19.3131   4.920889    36.5914     0.0472 1.0000e-12    -0.0066   100.1662      98.68    211.041     4.8492 2.8904e+03          1         24 0.0000e+00
   33.07950  -65.69382    19.3025   4.919586    36.5895    179.659    181.015    19.3027   4.919794    36.5911     0.0533 1.0000e-12    -0.0060   100.1512      98.68    211.001     4.8482 2.8920e+03          1         24 0.0000e+00
   33.07950  -65.69382    19.2872   4.917858    36.5884    180.630    181.994    19.2881   4.918301    36.5913     0.0435 1.0000e-12    -0.0062   100.1544      98.68    210.485     4.8364 2.8952e+03          1         24 0.0000e+00
   33.07950  -65.69382    19.2527   4.913982    36.5866    181.631    183.003    19.2538   4.914563    36.5905     0.0410 1.0000e-12    -0.0059   100.1469      98.67    210.265     4.8314 2.8977e+03          1         24 0.0000e+00
   33.07950  -65.69382    19.2060   4.908673    36.5837    182.634    184.014    19.2073   4.909477    36.5893     0.0409 1.0000e-12    -0.0063   100.1565      98.68    210.205     4.8300 2.8994e+03          1         20 0.0000e+00
   33.07950  -65.69382    19.1365   4.900623    36.5784    183.622    185.010    19.1379   4.901835    36.5873     0.0409 1.0000e-12    -0.0063   100.1565      98.69    209.699     4.8185 2.9000e+03          1         20 0.0000e+00
   33.07950  -65.69382    19.0434   4.890307    36.5751    184.601    185.996    19.0448   4.891357    36.5827     0.0501 1.0000e-12    -0.0058   100.1450      98.69    208.207     4.7843 2.8998e+03          1         20 0.0000e+00
   33.07950  -65.69382    18.9382   4.878319    36.5684    185.614    187.018    18.9409   4.879997    36.5801     0.0505 1.0000e-12    -0.0060   100.1491      98.68    206.204     4.7384 2.9012e+03          1         27 0.0000e+00
   33.07952  -65.69382    18.8044   4.863611    36.5640    186.613    188.025    18.8066   4.864535    36.5698     0.0390 1.0000e-12    -0.0060   100.1501      98.69    202.650     4.6568 2.9019e+03          1         32 0.0000e+00
   33.07952  -65.69382    18.7182   4.853948    36.5586    187.550    188.970    18.7201   4.854862    36.5646     0.0333 1.0000e-12    -0.0060   100.1501      98.68    198.545     4.5626 2.9019e+03          1         31 0.0000e+00
   33.07952  -65.69382    18.6006   4.840737    36.5518    188.543    189.971    18.6033   4.842365    36.5631     0.0258 1.0000e-12    -0.0064   100.1604      98.69    196.153     4.5077 2.9039e+03          1         25 0.0000e+00
   33.07952  -65.69382    18.4745   4.826904    36.5475    189.586    191.022    18.4756   4.827971    36.5556     0.0332 1.0000e-12    -0.0075   100.1872      98.69    195.233     4.4867 2.9057e+03          1         18 0.0000e+00
   33.07952  -65.69382    18.4143   4.820141    36.5431    190.575    192.019    18.4157   4.821313    36.5519     0.0287 1.0000e-12    -0.0072   100.1801      98.68    193.926     4.4567 2.9078e+03          1         18 0.0000e+00
   33.07952  -65.69382    18.3503   4.813153    36.5404    191.537    192.989    18.3511   4.813887    36.5459     0.0236 1.0000e-12    -0.0078   100.1934      98.69    192.006     4.4127 2.9089e+03          1         19 0.0000e+00
   33.07952  -65.69382    18.2864   4.806031    36.5358    192.564    194.024    18.2861   4.806665    36.5415     0.0318 1.0000e-12    -0.0092   100.2300      98.69    189.269     4.3498 2.9097e+03          1         28 0.0000e+00
   33.07952  -65.69382    18.2023   4.796508    36.5288    193.529    194.997    18.2042   4.797577    36.5363     0.0266 1.0000e-12    -0.0093   100.2328      98.68    188.026     4.3213 2.9108e+03          1         32 0.0000e+00
   33.07952  -65.69382    18.1266   4.788249    36.5249    194.527    196.003    18.1272   4.788667    36.5280     0.0250 1.0000e-12    -0.0099   100.2467      98.69    186.911     4.2958 2.9104e+03          1         29 0.0000e+00
   33.07952  -65.69382    18.0940   4.784756    36.5225    195.560    197.043    18.0965   4.785501    36.5265     0.0274 1.0000e-12    -0.0104   100.2606      98.69    187.200     4.3024 2.9104e+03          1         30 0.0000e+00
   33.07952  -65.69382    18.0562   4.780738    36.5201    196.548    198.040    18.0565   4.781006    36.5222     0.0064 1.0000e-12    -0.0114   100.2850      98.69    187.411     4.3073 2.9109e+03          1         40 0.0000e+00
   33.07952  -65.69382    18.0491   4.780158    36.5179    197.623    199.123    18.0784   4.783312    36.5182     0.0180 1.0000e-12    -0.0097   100.2433      98.69    187.545     4.3104 2.9092e+03          1         96 0.0000e+00
   33.07952  -65.69382    18.0560   4.781113    36.5168    198.461    199.968    18.0516   4.780936    36.5196     0.0279 1.0000e-12    -0.0114   100.2855      98.69    187.316     4.3051 2.9059e+03          1         75 0.0000e+00
   33.07954  -65.69382    18.0306   4.778432    36.5154    199.487    201.003    18.0314   4.778734    36.5174     0.0061 1.0000e-12    -0.0122   100.3058      98.69    187.235     4.3033 2.9086e+03          1         50 0.0000e+00
   33.07954  -65.69382    18.0159   4.776892    36.5136    200.185    201.707    18.0295   4.778350    36.5139     0.0157 1.0000e-12    -0.0120   100.2994      98.69    187.189     4.3022 2.9124e+03          1        132 0.0000e+00
   33.07955  -65.69382    18.0517   4.780869    36.5143    199.688    201.205    18.0832   4.784305    36.5153     0.0141 1.0000e-12    -0.0116   100.2899      98.69    187.028     4.2985 2.9160e+03          1        134 0.0000e+00
   33.07956  -65.69382    18.1142   4.787700    36.5160    198.481    199.989    18.1491   4.791106    36.5138     0.0228 1.0000e-12    -0.0119   100.2963      98.70    186.895     4.2954 2.9178e+03          1         32 0.0000e+00
   33.07956  -65.69382    18.0801   4.784098    36.5170    197.495    198.994    18.1018   4.787120    36.5237     0.0290 1.0000e-12    -0.0117   100.2921      98.69    186.898     4.2955 2.9127e+03          1         40 0.0000e+00
   33.07956  -65.69382    18.0626   4.781910    36.5147    196.535    198.026    18.0673   4.782562    36.5165     0.0272 1.0000e-12    -0.0123   100.3084      98.69    187.310     4.3050 2.9116e+03          1         38 0.0000e+00
   33.07956  -65.69382    18.0602   4.781601    36.5146    195.520    197.004    18.0625   4.781908    36.5156     0.0161 1.0000e-12    -0.0121   100.3022      98.69    187.139     4.3010 2.9129e+03          1         36 0.0000e+00
   33.07956  -65.69382    18.0754   4.783158    36.5144    194.510    195.985    18.0682   4.782292    36.5140     0.0275 1.0000e-12    -0.0122   100.3043      98.69    186.706     4.2911 2.9118e+03          1         40 0.0000e+00
