Data/ruptures/KN207-01/QL-2/20701073.cnv
* Sea-Bird SBE 9 Data File:
* FileName = C:\Data\ctd\20701073.hex
* Software Version Seasave V 7.21e
* Temperature SN = 4406
* Conductivity SN = 1474
* Number of Bytes Per Scan = 40
* Number of Voltage Words = 5
* Number of Scans Averaged by the Deck Unit = 1
* NMEA Latitude = 33 03.77 N
* NMEA Longitude = 065 41.44 W
* NMEA UTC (Time) = May 02 2012 10:11:26
** R/V Knorr Cruise # KN207-01 QL 2
** Chief Scientist: Ben Van Mooy
# nquan = 21
# nvalues = 399                         
# units = specified
# name 0 = latitude: Latitude [deg]
# name 1 = longitude: Longitude [deg]
# name 2 = t090C: Temperature [ITS-90, deg C]
# name 3 = c0S/m: Conductivity [S/m]
# name 4 = sal00: Salinity, Practical [PSU]
# name 5 = depSM: Depth [salt water, m]
# name 6 = prDM: Pressure, Digiquartz [db]
# name 7 = t190C: Temperature, 2 [ITS-90, deg C]
# name 8 = c1S/m: Conductivity, 2 [S/m]
# name 9 = sal11: Salinity, Practical, 2 [PSU]
# name 10 = flECO-AFL: Fluorescence, WET Labs ECO-AFL/FL [mg/m^3]
# name 11 = par: PAR/Irradiance, Biospherical/Licor
# name 12 = bat: Beam Attenuation, Chelsea/Seatech [1/m]
# name 13 = xmiss: Beam Transmission, Chelsea/Seatech [%]
# name 14 = altM: Altimeter [m]
# name 15 = sbeox0Mm/Kg: Oxygen, SBE 43 [umol/kg]
# name 16 = sbeox0ML/L: Oxygen, SBE 43 [ml/l]
# name 17 = spar: SPAR/Surface Irradiance
# name 18 = pumps: Pump Status
# name 19 = nbin: number of scans per bin
# name 20 = flag: flag
# span 0 =   33.06290,   33.06488       
# span 1 =  -65.69078,  -65.68868       
# span 2 =    18.3932,    20.3088       
# span 3 =   4.818990,   5.022183       
# span 4 =    36.5379,    36.6181       
# span 5 =      2.251,    199.084       
# span 6 =      2.267,    200.596       
# span 7 =    18.3950,    20.3092       
# span 8 =   4.819193,   5.022322       
# span 9 =    36.5347,    36.6192       
# span 10 =     0.0229,     0.6759      
# span 11 = 1.0000e-12, 1.0000e-12      
# span 12 =    -0.0084,     0.0684      
# span 13 =    98.3054,   100.2096      
# span 14 =       5.63,      98.81      
# span 15 =    188.548,    222.862      
# span 16 =     4.3331,     5.1204      
# span 17 = 5.7774e+02, 9.7160e+02      
# span 18 =          1,          1      
# span 19 =         18,       1907      
# span 20 = 0.0000e+00, 0.0000e+00      
# interval = decibars: 1                
# start_time = May 02 2012 10:11:26 [NMEA time, header]
# bad_flag = -9.990e-29
*END*
[from data line 207]
   33.06350  -65.69022    19.0041   4.887293    36.5658    191.563    193.015    18.9617   4.881337    36.5545     0.0304 1.0000e-12    -0.0066   100.1658       9.99    193.082     4.4368 6.7812e+02          1         18 0.0000e+00
   33.06350  -65.69022    19.0719   4.894540    36.5668    190.606    192.050    19.0313   4.889776    36.5637     0.0229 1.0000e-12    -0.0065   100.1617       5.63    194.901     4.4785 6.7901e+02          1         20 0.0000e+00
   33.06350  -65.69022    19.1309   4.901348    36.5723    189.557    190.992    19.1052   4.897571    36.5639     0.0357 1.0000e-12    -0.0027   100.0674      81.62    198.963     4.5718 6.7793e+02          1         23 0.0000e+00
   33.06350  -65.69022    19.2017   4.908955    36.5740    188.505    189.932    19.1870   4.906847    36.5696     0.0296 1.0000e-12     0.0127    99.6833      98.68    203.399     4.6736 6.7411e+02          1         25 0.0000e+00
   33.06350  -65.69022    19.2196   4.911206    36.5786    187.567    188.986    19.2231   4.910305    36.5678     0.0439 1.0000e-12     0.0266    99.3371      98.68    205.883     4.7307 6.7142e+02          1         27 0.0000e+00
   33.06350  -65.69022    19.2680   4.916104    36.5778    186.616    188.028    19.2489   4.914268    36.5796     0.0516 1.0000e-12    -0.0037   100.0927      98.68    207.384     4.7651 6.7306e+02          1         30 0.0000e+00
   33.06350  -65.69020    19.2904   4.918469    36.5791    185.603    187.007    19.2581   4.915046    36.5795     0.0518 1.0000e-12    -0.0053   100.1326      51.42    208.083     4.7812 6.7741e+02          1         22 0.0000e+00
   33.06350  -65.69020    19.3285   4.923111    36.5849    184.633    186.029    19.2966   4.918962    36.5788     0.0343 1.0000e-12    -0.0067   100.1668      18.32    208.491     4.7905 6.8191e+02          1         20 0.0000e+00
   33.06350  -65.69020    19.3461   4.925113    36.5871    183.652    185.040    19.3393   4.924007    36.5837     0.0489 1.0000e-12    -0.0077   100.1929      98.75    209.044     4.8032 6.8322e+02          1         21 0.0000e+00
   33.06350  -65.69020    19.3512   4.925645    36.5883    182.622    184.002    19.3478   4.925237    36.5877     0.0444 1.0000e-12    -0.0066   100.1640      98.68    210.280     4.8316 6.8249e+02          1         24 0.0000e+00
   33.06350  -65.69020    19.3553   4.925921    36.5883    181.609    182.980    19.3543   4.925839    36.5882     0.0500 1.0000e-12    -0.0070   100.1758      32.79    211.292     4.8548 6.8069e+02          1         26 0.0000e+00
   33.06352  -65.69020    19.3559   4.925866    36.5885    180.652    182.016    19.3564   4.926031    36.5892     0.0578 1.0000e-12    -0.0069   100.1729      98.81    211.248     4.8538 6.7754e+02          1         27 0.0000e+00
   33.06352  -65.69020    19.3606   4.926385    36.5897    179.662    181.018    19.3541   4.925801    36.5906     0.0594 1.0000e-12    -0.0073   100.1825      42.63    210.792     4.8434 6.7606e+02          1         27 0.0000e+00
   33.06352  -65.69020    19.3634   4.926704    36.5909    178.628    179.976    19.3582   4.926148    36.5908     0.0608 1.0000e-12    -0.0062   100.1548       5.98    211.474     4.8590 6.7782e+02          1         22 0.0000e+00
   33.06352  -65.69020    19.3656   4.926883    36.5912    177.679    179.019    19.3577   4.926121    36.5918     0.0522 1.0000e-12    -0.0058   100.1437       6.03    211.520     4.8601 6.7979e+02          1         20 0.0000e+00
   33.06352  -65.69020    19.3663   4.926918    36.5917    176.676    178.008    19.3640   4.926688    36.5917     0.0645 1.0000e-12    -0.0057   100.1431       6.02    211.550     4.8608 6.8147e+02          1         22 0.0000e+00
   33.06352  -65.69020    19.3670   4.926887    36.5916    175.679    177.003    19.3666   4.926890    36.5919     0.0516 1.0000e-12    -0.0063   100.1590       6.27    212.081     4.8730 6.8239e+02          1         23 0.0000e+00
   33.06352  -65.69020    19.3659   4.926451    36.5897    174.690    176.007    19.3658   4.926776    36.5924     0.0791 1.0000e-12    -0.0065   100.1618       7.26    211.907     4.8690 6.8238e+02          1         22 0.0000e+00
   33.06352  -65.69020    19.3660   4.926652    36.5920    173.676    174.984    19.3666   4.926750    36.5921     0.0560 1.0000e-12    -0.0060   100.1512       7.30    211.753     4.8654 6.8258e+02          1         24 0.0000e+00
   33.06352  -65.69020    19.3666   4.926624    36.5918    172.683    173.983    19.3667   4.926699    36.5923     0.0695 1.0000e-12    -0.0065   100.1619       8.01    211.810     4.8668 6.8425e+02          1         24 0.0000e+00
   33.06352  -65.69020    19.3664   4.926521    36.5918    171.693    172.986    19.3663   4.926604    36.5925     0.0860 1.0000e-12    -0.0067   100.1675       7.37    212.275     4.8774 6.8632e+02          1         31 0.0000e+00
   33.06354  -65.69018    19.3661   4.926464    36.5922    170.698    171.982    19.3661   4.926549    36.5929     0.0893 1.0000e-12    -0.0062   100.1558      35.81    212.477     4.8821 6.8531e+02          1         27 0.0000e+00
   33.06354  -65.69018    19.3667   4.926477    36.5923    169.736    171.013    19.3657   4.926442    36.5929     0.0668 1.0000e-12    -0.0059   100.1466      98.66    212.428     4.8810 6.8319e+02          1         22 0.0000e+00
   33.06354  -65.69018    19.3680   4.926402    36.5910    168.757    170.026    19.3655   4.926407    36.5933     0.0735 1.0000e-12    -0.0044   100.1103      98.67    212.119     4.8738 6.8135e+02          1         20 0.0000e+00
   33.06354  -65.69018    19.3687   4.926632    36.5928    167.743    169.004    19.3677   4.926557    36.5930     0.0725 1.0000e-12    -0.0033   100.0823      98.69    212.104     4.8735 6.8187e+02          1         22 0.0000e+00
   33.06354  -65.69018    19.3693   4.926655    36.5930    166.729    167.982    19.3687   4.926647    36.5934     0.0908 1.0000e-12    -0.0047   100.1162      98.68    212.070     4.8727 6.8420e+02          1         22 0.0000e+00
   33.06354  -65.69018    19.3698   4.926675    36.5932    165.752    166.997    19.3688   4.926638    36.5938     0.1026 1.0000e-12    -0.0002   100.0052      98.69    212.338     4.8789 6.8677e+02          1         25 0.0000e+00
   33.06354  -65.69018    19.3703   4.926690    36.5933    164.768    166.005    19.3700   4.926615    36.5930     0.0839 1.0000e-12    -0.0045   100.1120      98.68    212.471     4.8819 6.8719e+02          1         29 0.0000e+00
   33.06354  -65.69018    19.3708   4.926715    36.5935    163.801    165.031    19.3705   4.926748    36.5941     0.1170 1.0000e-12    -0.0051   100.1287      98.68    212.231     4.8764 6.8583e+02          1         24 0.0000e+00
   33.06354  -65.69018    19.3705   4.926601    36.5933    162.791    164.013    19.3693   4.926580    36.5942     0.1094 1.0000e-12    -0.0029   100.0718      98.68    211.970     4.8704 6.8511e+02          1         22 0.0000e+00
   33.06354  -65.69018    19.3689   4.926326    36.5929    161.779    162.993    19.3687   4.926440    36.5939     0.0962 1.0000e-12    -0.0048   100.1193      98.68    211.949     4.8699 6.8481e+02          1         20 0.0000e+00
   33.06354  -65.69017    19.3682   4.926175    36.5927    160.788    161.994    19.3679   4.926281    36.5938     0.1013 1.0000e-12    -0.0041   100.1026      98.68    211.986     4.8708 6.8626e+02          1         20 0.0000e+00
   33.06354  -65.69016    19.3679   4.926097    36.5927    159.798    160.996    19.3679   4.926201    36.5936     0.1042 1.0000e-12    -0.0037   100.0931      98.69    212.144     4.8744 6.8772e+02          1         23 0.0000e+00
   33.06354  -65.69016    19.3674   4.925935    36.5922    158.793    159.983    19.3672   4.926075    36.5935     0.1089 1.0000e-12    -0.0017   100.0420      98.68    211.828     4.8672 6.8981e+02          1         29 0.0000e+00
   33.06354  -65.69016    19.3662   4.925730    36.5920    157.844    159.026    19.3663   4.925865    36.5930     0.1449 1.0000e-12    -0.0032   100.0797      98.69    212.539     4.8835 6.8952e+02          1         27 0.0000e+00
   33.06354  -65.69016    19.3656   4.925624    36.5920    156.831    158.006    19.3660   4.925771    36.5929     0.1079 1.0000e-12    -0.0034   100.0869      51.56    212.905     4.8919 6.8918e+02          1         24 0.0000e+00
   33.06356  -65.69016    19.3656   4.925546    36.5918    155.854    157.022    19.3652   4.925643    36.5929     0.0954 1.0000e-12    -0.0029   100.0718      77.19    212.663     4.8863 6.8795e+02          1         22 0.0000e+00
   33.06356  -65.69016    19.3652   4.925466    36.5919    154.837    155.996    19.3651   4.925541    36.5926     0.0936 1.0000e-12    -0.0020   100.0494      98.68    212.486     4.8823 6.8778e+02          1         24 0.0000e+00
   33.06356  -65.69016    19.3655   4.925428    36.5917    153.848    155.000    19.3651   4.925501    36.5927     0.0886 1.0000e-12    -0.0021   100.0534      98.69    212.628     4.8856 6.8789e+02          1         21 0.0000e+00
   33.06356  -65.69016    19.3652   4.925388    36.5920    152.877    154.021    19.3651   4.925475    36.5928     0.1042 1.0000e-12    -0.0012   100.0288      98.69    212.506     4.8828 6.8847e+02          1         39 0.0000e+00
   33.06356  -65.69016    19.3651   4.925346    36.5921    151.854    152.990    19.3651   4.925454    36.5930     0.1282 1.0000e-12    -0.0014   100.0361      86.46    212.308     4.8782 6.9203e+02          1        140 0.0000e+00
   33.06358  -65.69014    19.3651   4.925266    36.5919    150.880    152.008    19.3645   4.925347    36.5931     0.1329 1.0000e-12    -0.0021   100.0526      98.69    212.395     4.8802 6.9323e+02          1        102 0.0000e+00
   33.06365  -65.69007    19.3658   4.925365    36.5925    149.757    150.877    19.3658   4.925458    36.5933     0.1672 1.0000e-12    -0.0008   100.0201      98.70    212.584     4.8845 7.1302e+02          1       1907 0.0000e+00
   33.06372  -65.68999    19.3659   4.925337    36.5925    148.914    150.026    19.3663   4.925485    36.5934     0.1439 1.0000e-12     0.0010    99.9752      98.70    212.477     4.8821 7.2786e+02          1         77 0.0000e+00
   33.06372  -65.68998    19.3653   4.925214    36.5924    147.959    149.064    19.3659   4.925384    36.5933     0.1833 1.0000e-12    -0.0008   100.0203      98.71    212.382     4.8799 7.3149e+02          1         41 0.0000e+00
   33.06372  -65.68998    19.3658   4.925218    36.5924    146.931    148.028    19.3660   4.925348    36.5933     0.1362 1.0000e-12    -0.0011   100.0271      98.70    212.101     4.8734 7.3101e+02          1         28 0.0000e+00
   33.06374  -65.68998    19.3661   4.925218    36.5925    145.940    147.030    19.3663   4.925329    36.5932     0.1511 1.0000e-12    -0.0013   100.0311      98.70    212.553     4.8838 7.2959e+02          1         27 0.0000e+00
   33.06374  -65.68998    19.3669   4.925275    36.5926    144.913    145.995    19.3671   4.925388    36.5934     0.1469 1.0000e-12    -0.0006   100.0141      98.71    212.504     4.8827 7.2964e+02          1         31 0.0000e+00
   33.06374  -65.68998    19.3678   4.925350    36.5929    143.899    144.973    19.3680   4.925459    36.5936     0.1508 1.0000e-12    -0.0008   100.0206      98.70    212.629     4.8856 7.3025e+02          1         27 0.0000e+00
   33.06374  -65.68998    19.3686   4.925433    36.5932    142.934    144.000    19.3685   4.925488    36.5937     0.1424 1.0000e-12    -0.0018   100.0450      98.71    212.458     4.8817 7.3175e+02          1         22 0.0000e+00
   33.06374  -65.68996    19.3694   4.925465    36.5931    141.933    142.991    19.3695   4.925549    36.5937     0.1607 1.0000e-12     0.0002    99.9948      98.71    212.555     4.8839 7.3276e+02          1         24 0.0000e+00
   33.06374  -65.68996    19.3695   4.925424    36.5930    140.914    141.964    19.3696   4.925525    36.5938     0.1839 1.0000e-12     0.0013    99.9680      98.71    213.067     4.8956 7.3286e+02          1         24 0.0000e+00
   33.06374  -65.68996    19.3698   4.925407    36.5930    139.958    141.000    19.3697   4.925498    36.5938     0.1970 1.0000e-12     0.0023    99.9412      98.70    213.053     4.8953 7.3332e+02          1         24 0.0000e+00
   33.06374  -65.68996    19.3701   4.925402    36.5931    138.979    140.014    19.3698   4.925462    36.5938     0.1934 1.0000e-12     0.0030    99.9243      98.72    212.545     4.8836 7.3340e+02          1         23 0.0000e+00
   33.06374  -65.68996    19.3706   4.925444    36.5933    137.994    139.022    19.3704   4.925507    36.5940     0.1805 1.0000e-12     0.0034    99.9156      98.70    212.054     4.8723 7.3174e+02          1         25 0.0000e+00
   33.06376  -65.68996    19.3710   4.925446    36.5934    136.998    138.018    19.3708   4.925506    36.5941     0.2019 1.0000e-12     0.0025    99.9385      98.71    211.435     4.8581 7.3182e+02          1         26 0.0000e+00
   33.06376  -65.68996    19.3711   4.925406    36.5933    135.990    137.002    19.3713   4.925539    36.5943     0.2242 1.0000e-12     0.0022    99.9455      98.71    212.138     4.8743 7.3165e+02          1         24 0.0000e+00
   33.06376  -65.68996    19.3720   4.925477    36.5935    135.006    136.010    19.3719   4.925554    36.5942     0.2181 1.0000e-12     0.0016    99.9604      98.71    212.788     4.8892 7.3271e+02          1         21 0.0000e+00
   33.06376  -65.68996    19.3724   4.925509    36.5938    134.020    135.016    19.3721   4.925554    36.5944     0.2344 1.0000e-12     0.0030    99.9265      98.71    212.721     4.8877 7.3417e+02          1         23 0.0000e+00
   33.06376  -65.68996    19.3727   4.925484    36.5937    133.023    134.011    19.3726   4.925567    36.5944     0.2342 1.0000e-12     0.0019    99.9521      98.71    212.442     4.8813 7.3528e+02          1         27 0.0000e+00
   33.06376  -65.68996    19.3725   4.925401    36.5935    132.033    133.014    19.3723   4.925482    36.5944     0.2222 1.0000e-12     0.0019    99.9511      98.71    212.622     4.8854 7.3636e+02          1         27 0.0000e+00
   33.06376  -65.68996    19.3719   4.925257    36.5933    131.031    132.004    19.3718   4.925339    36.5941     0.2223 1.0000e-12     0.0023    99.9432      98.71    212.570     4.8842 7.3653e+02          1         21 0.0000e+00
   33.06376  -65.68996    19.3715   4.925124    36.5930    130.074    131.040    19.3714   4.925226    36.5938     0.2233 1.0000e-12     0.0024    99.9407      98.71    212.633     4.8857 7.3600e+02          1         21 0.0000e+00
   33.06376  -65.68996    19.3711   4.925032    36.5929    129.071    130.029    19.3712   4.925145    36.5937     0.2177 1.0000e-12     0.0022    99.9456      98.71    212.879     4.8913 7.3441e+02          1         21 0.0000e+00
   33.06376  -65.68996    19.3710   4.924958    36.5928    128.014    128.964    19.3711   4.925067    36.5936     0.2065 1.0000e-12     0.0019    99.9530      98.71    212.650     4.8860 7.3416e+02          1         24 0.0000e+00
   33.06377  -65.68995    19.3715   4.924968    36.5928    127.051    127.994    19.3714   4.925055    36.5935     0.2022 1.0000e-12     0.0024    99.9393      98.71    212.397     4.8802 7.3495e+02          1         25 0.0000e+00
   33.06378  -65.68994    19.3716   4.924931    36.5927    126.091    127.026    19.3718   4.925050    36.5935     0.2181 1.0000e-12     0.0038    99.9063      98.71    211.904     4.8689 7.3676e+02          1         31 0.0000e+00
   33.06378  -65.68994    19.3719   4.924903    36.5926    125.065    125.992    19.3719   4.925004    36.5935     0.2450 1.0000e-12     0.0035    99.9128      98.71    212.243     4.8767 7.3808e+02          1         26 0.0000e+00
