Data/ruptures/KN207-01/QL-2/20701064.cnv
* Sea-Bird SBE 9 Data File:
* FileName = C:\Data\ctd\20701064.hex
* Software Version Seasave V 7.21e
* Temperature SN = 4406
* Conductivity SN = 1474
* Number of Bytes Per Scan = 40
* Number of Voltage Words = 5
* Number of Scans Averaged by the Deck Unit = 1
* NMEA Latitude = 32 56.24 N
* NMEA Longitude = 065 50.87 W
* NMEA UTC (Time) = Apr 30 2012 23:59:52
** R/V Knorr Cruise # KN207-01 QL 2
** Chief Scientist: Ben Van Mooy
# nquan = 21
# nvalues = 398                         
# units = specified
# name 0 = latitude: Latitude [deg]
# name 1 = longitude: Longitude [deg]
# name 2 = t090C: Temperature [ITS-90, deg C]
# name 3 = c0S/m: Conductivity [S/m]
# name 4 = sal00: Salinity, Practical [PSU]
# name 5 = depSM: Depth [salt water, m]
# name 6 = prDM: Pressure, Digiquartz [db]
# name 7 = t190C: Temperature, 2 [ITS-90, deg C]
# name 8 = c1S/m: Conductivity, 2 [S/m]
# name 9 = sal11: Salinity, Practical, 2 [PSU]
# name 10 = flECO-AFL: Fluorescence, WET Labs ECO-AFL/FL [mg/m^3]
# name 11 = par: PAR/Irradiance, Biospherical/Licor
# name 12 = bat: Beam Attenuation, Chelsea/Seatech [1/m]
# name 13 = xmiss: Beam Transmission, Chelsea/Seatech [%]
# name 14 = altM: Altimeter [m]
# name 15 = sbeox0Mm/Kg: Oxygen, SBE 43 [umol/kg]
# name 16 = sbeox0ML/L: Oxygen, SBE 43 [ml/l]
# name 17 = spar: SPAR/Surface Irradiance
# name 18 = pumps: Pump Status
# name 19 = nbin: number of scans per bin
# name 20 = flag: flag
# span 0 =   32.93745,   32.93876       
# span 1 =  -65.84793,  -65.84694       
# span 2 =    17.9492,    20.4183       
# span 3 =   4.769745,   5.032101       
# span 4 =    36.5154,    36.6107       
# span 5 =      2.002,    199.390       
# span 6 =      2.016,    200.902       
# span 7 =    17.9567,    20.4185       
# span 8 =   4.770714,   5.032281       
# span 9 =    36.5138,    36.6120       
# span 10 =     0.0078,     0.7247      
# span 11 = 1.0000e-12, 1.0000e-12      
# span 12 =    -0.0113,     0.0951      
# span 13 =    97.6518,   100.2819      
# span 14 =       3.91,      98.72      
# span 15 =    186.859,    222.942      
# span 16 =     4.2944,     5.1222      
# span 17 = 1.3384e+01, 1.4644e+01      
# span 18 =          1,          1      
# span 19 =         14,        813      
# span 20 = 0.0000e+00, 0.0000e+00      
# interval = decibars: 1                
# start_time = Apr 30 2012 23:59:52 [NMEA time, header]
# bad_flag = -9.990e-29
*END*
[from data line 138]
   32.93766  -65.84762    19.3705   4.925668    36.5947    139.944    140.985    19.3705   4.925864    36.5963     0.1663 1.0000e-12     0.0038    99.9064      98.62    213.995     4.9170 1.3772e+01          1         23 0.0000e+00
   32.93766  -65.84762    19.3704   4.925724    36.5948    140.973    142.023    19.3704   4.925923    36.5965     0.1651 1.0000e-12     0.0046    99.8844      98.62    213.947     4.9158 1.3880e+01          1         18 0.0000e+00
   32.93766  -65.84762    19.3698   4.925692    36.5947    141.942    142.999    19.3698   4.925879    36.5963     0.1737 1.0000e-12     0.0041    99.8975      98.62    214.272     4.9233 1.3646e+01          1         17 0.0000e+00
   32.93766  -65.84761    19.3698   4.925729    36.5947    142.928    143.992    19.3697   4.925902    36.5962     0.1771 1.0000e-12     0.0035    99.9142      98.62    214.558     4.9299 1.3772e+01          1         23 0.0000e+00
   32.93766  -65.84760    19.3694   4.925726    36.5946    143.930    145.002    19.3694   4.925919    36.5962     0.1482 1.0000e-12     0.0035    99.9131      98.62    214.234     4.9224 1.3663e+01          1         32 0.0000e+00
   32.93766  -65.84760    19.3686   4.925642    36.5943    144.908    145.988    19.3685   4.925845    36.5960     0.1581 1.0000e-12     0.0022    99.9453      98.62    214.278     4.9235 1.3769e+01          1         29 0.0000e+00
   32.93766  -65.84760    19.3671   4.925485    36.5939    145.943    147.031    19.3671   4.925703    36.5957     0.1626 1.0000e-12     0.0030    99.9260      98.62    214.253     4.9229 1.3596e+01          1         21 0.0000e+00
   32.93766  -65.84760    19.3668   4.925507    36.5940    146.911    148.006    19.3668   4.925682    36.5954     0.1590 1.0000e-12     0.0029    99.9287      98.63    213.806     4.9126 1.4128e+01          1         18 0.0000e+00
   32.93766  -65.84760    19.3671   4.925598    36.5940    147.889    148.992    19.3671   4.925787    36.5957     0.1520 1.0000e-12     0.0022    99.9456      98.62    213.514     4.9059 1.3688e+01          1         22 0.0000e+00
   32.93766  -65.84760    19.3668   4.925617    36.5941    148.912    150.023    19.3669   4.925831    36.5958     0.1433 1.0000e-12     0.0014    99.9662      98.62    214.005     4.9172 1.3813e+01          1         26 0.0000e+00
   32.93766  -65.84760    19.3666   4.925650    36.5941    149.916    151.035    19.3666   4.925832    36.5957     0.1303 1.0000e-12     0.0014    99.9652      98.62    214.059     4.9184 1.3556e+01          1         26 0.0000e+00
   32.93766  -65.84760    19.3668   4.925709    36.5941    150.862    151.988    19.3668   4.925903    36.5958     0.1266 1.0000e-12     0.0018    99.9547      98.62    214.377     4.9257 1.3496e+01          1         20 0.0000e+00
   32.93766  -65.84760    19.3658   4.925629    36.5940    151.835    152.969    19.3658   4.925817    36.5956     0.1381 1.0000e-12     0.0018    99.9561      98.61    214.456     4.9275 1.3992e+01          1         22 0.0000e+00
   32.93767  -65.84759    19.3657   4.925658    36.5939    152.869    154.010    19.3658   4.925854    36.5955     0.1314 1.0000e-12     0.0007    99.9820      98.61    213.878     4.9143 1.3477e+01          1         24 0.0000e+00
   32.93768  -65.84758    19.3661   4.925767    36.5941    153.874    155.024    19.3658   4.925911    36.5955     0.1053 1.0000e-12     0.0008    99.9799      98.62    213.754     4.9114 1.3615e+01          1         29 0.0000e+00
   32.93768  -65.84758    19.3662   4.925811    36.5940    154.827    155.984    19.3658   4.925941    36.5954     0.0897 1.0000e-12     0.0003    99.9925      98.62    213.542     4.9066 1.3756e+01          1         30 0.0000e+00
   32.93768  -65.84758    19.3668   4.925951    36.5943    155.815    156.980    19.3668   4.926140    36.5958     0.0907 1.0000e-12     0.0015    99.9640      98.63    214.058     4.9184 1.3809e+01          1         21 0.0000e+00
   32.93768  -65.84758    19.3663   4.925930    36.5941    156.831    158.004    19.3663   4.926126    36.5958     0.1061 1.0000e-12     0.0020    99.9518      98.62    213.993     4.9169 1.3490e+01          1         21 0.0000e+00
   32.93768  -65.84758    19.3664   4.925994    36.5942    157.834    159.015    19.3664   4.926188    36.5958     0.1108 1.0000e-12     0.0002    99.9959      98.63    213.912     4.9151 1.3384e+01          1         17 0.0000e+00
   32.93768  -65.84758    19.3674   4.926205    36.5947    158.805    159.993    19.3674   4.926372    36.5961     0.0475 1.0000e-12    -0.0003   100.0066      98.62    214.034     4.9179 1.3756e+01          1         24 0.0000e+00
   32.93768  -65.84758    19.3686   4.926438    36.5952    159.823    161.020    19.3686   4.926613    36.5967     0.0674 1.0000e-12    -0.0013   100.0308      98.62    214.123     4.9199 1.3703e+01          1         28 0.0000e+00
   32.93768  -65.84758    19.3676   4.926330    36.5948    160.777    161.982    19.3680   4.926604    36.5967     0.0958 1.0000e-12    -0.0015   100.0380      98.62    213.999     4.9171 1.3919e+01          1         25 0.0000e+00
   32.93768  -65.84758    19.3656   4.926089    36.5943    161.769    162.981    19.3656   4.926296    36.5960     0.1071 1.0000e-12    -0.0023   100.0583      98.63    214.016     4.9175 1.3490e+01          1         21 0.0000e+00
   32.93769  -65.84757    19.3659   4.926177    36.5943    162.779    163.999    19.3659   4.926372    36.5959     0.0586 1.0000e-12    -0.0026   100.0652      98.62    214.001     4.9171 1.3675e+01          1         23 0.0000e+00
   32.93770  -65.84756    19.3655   4.926156    36.5941    163.772    165.000    19.3655   4.926360    36.5959     0.0720 1.0000e-12    -0.0030   100.0750      98.62    213.610     4.9081 1.3641e+01          1         26 0.0000e+00
   32.93770  -65.84756    19.3662   4.926326    36.5945    164.740    165.976    19.3665   4.926542    36.5961     0.0768 1.0000e-12    -0.0036   100.0918      98.62    213.539     4.9065 1.3641e+01          1         26 0.0000e+00
   32.93770  -65.84756    19.3657   4.926312    36.5945    165.724    166.967    19.3656   4.926494    36.5962     0.0508 1.0000e-12    -0.0035   100.0894      98.62    214.136     4.9202 1.3688e+01          1         22 0.0000e+00
   32.93770  -65.84756    19.3657   4.926380    36.5948    166.702    167.953    19.3657   4.926563    36.5963     0.0356 1.0000e-12    -0.0034   100.0865      98.62    213.935     4.9156 1.3809e+01          1         21 0.0000e+00
   32.93770  -65.84756    19.3657   4.926444    36.5948    167.758    169.018    19.3657   4.926625    36.5964     0.0638 1.0000e-12    -0.0040   100.1022      98.63    213.245     4.8997 1.3688e+01          1         22 0.0000e+00
   32.93770  -65.84756    19.3642   4.926294    36.5945    168.743    170.011    19.3642   4.926487    36.5961     0.0972 1.0000e-12    -0.0037   100.0942      98.62    213.682     4.9098 1.3481e+01          1         23 0.0000e+00
   32.93770  -65.84756    19.3631   4.926235    36.5947    169.723    170.998    19.3631   4.926428    36.5963     0.0713 1.0000e-12    -0.0038   100.0950      98.62    213.766     4.9117 1.3782e+01          1         28 0.0000e+00
   32.93770  -65.84756    19.3632   4.926339    36.5951    170.685    171.968    19.3632   4.926504    36.5965     0.0472 1.0000e-12    -0.0038   100.0968      98.63    213.372     4.9027 1.3715e+01          1         27 0.0000e+00
   32.93770  -65.84756    19.3629   4.926385    36.5954    171.700    172.990    19.3628   4.926579    36.5971     0.0723 1.0000e-12    -0.0047   100.1183      98.63    213.137     4.8973 1.3490e+01          1         21 0.0000e+00
   32.93770  -65.84756    19.3618   4.926295    36.5952    172.693    173.992    19.3617   4.926490    36.5970     0.0511 1.0000e-12    -0.0049   100.1231      98.63    213.075     4.8958 1.3607e+01          1         20 0.0000e+00
   32.93770  -65.84756    19.3608   4.926222    36.5951    173.689    174.996    19.3609   4.926439    36.5969     0.0451 1.0000e-12    -0.0048   100.1209      98.62    213.370     4.9026 1.3587e+01          1         22 0.0000e+00
   32.93770  -65.84756    19.3569   4.925756    36.5944    174.720    176.035    19.3570   4.926014    36.5964     0.0599 1.0000e-12    -0.0039   100.0996      98.62    213.276     4.9005 1.3458e+01          1         30 0.0000e+00
   32.93770  -65.84756    19.3504   4.925088    36.5942    175.701    177.023    19.3504   4.925305    36.5960     0.0396 1.0000e-12    -0.0046   100.1143      98.63    213.323     4.9015 1.3703e+01          1         28 0.0000e+00
   32.93770  -65.84756    19.3459   4.924663    36.5943    176.635    177.965    19.3459   4.924892    36.5963     0.0575 1.0000e-12    -0.0027   100.0683      98.62    212.895     4.8917 1.3790e+01          1         22 0.0000e+00
   32.93770  -65.84755    19.3406   4.924081    36.5938    177.653    178.991    19.3407   4.924413    36.5965     0.0737 1.0000e-12    -0.0054   100.1354      98.63    212.785     4.8892 1.3596e+01          1         21 0.0000e+00
   32.93770  -65.84754    19.3243   4.922324    36.5934    178.652    179.998    19.3245   4.922707    36.5965     0.0482 1.0000e-12    -0.0055   100.1360      98.63    212.603     4.8850 1.3830e+01          1         20 0.0000e+00
   32.93770  -65.84754    19.2918   4.918861    36.5934    179.608    180.962    19.2923   4.919623    36.5993     0.0324 1.0000e-12    -0.0055   100.1372      98.63    212.451     4.8816 1.3719e+01          1         20 0.0000e+00
   32.93770  -65.84754    19.2475   4.913930    36.5915    180.635    181.997    19.2478   4.914483    36.5959     0.0289 1.0000e-12    -0.0054   100.1353      98.63    212.244     4.8769 1.3641e+01          1         26 0.0000e+00
   32.93770  -65.84754    19.2172   4.910523    36.5896    181.662    183.032    19.2175   4.911021    36.5935     0.0279 1.0000e-12    -0.0053   100.1319      98.63    210.528     4.8375 1.4221e+01          1         24 0.0000e+00
   32.93771  -65.84754    19.1950   4.908055    36.5882    182.650    184.028    19.1953   4.908494    36.5916     0.0429 1.0000e-12    -0.0057   100.1430      98.63    208.695     4.7954 1.3692e+01          1         29 0.0000e+00
   32.93772  -65.84754    19.1507   4.902817    36.5836    183.619    185.004    19.1518   4.903988    36.5924     0.0445 1.0000e-12    -0.0064   100.1615      98.63    207.435     4.7665 1.3549e+01          1         27 0.0000e+00
   32.93772  -65.84754    19.0083   4.886676    36.5759    184.600    185.993    19.0099   4.888193    36.5873     0.0367 1.0000e-12    -0.0060   100.1491      98.63    207.284     4.7631 1.3641e+01          1         26 0.0000e+00
   32.93772  -65.84754    18.9128   4.875867    36.5702    185.624    187.026    18.9138   4.877423    36.5825     0.0583 1.0000e-12    -0.0057   100.1434      98.63    206.450     4.7441 1.3772e+01          1         23 0.0000e+00
   32.93772  -65.84754    18.7577   4.858598    36.5639    186.611    188.021    18.7592   4.860098    36.5753     0.0459 1.0000e-12    -0.0060   100.1501      98.62    204.486     4.6991 1.3384e+01          1         23 0.0000e+00
   32.93772  -65.84753    18.5962   4.840087    36.5523    187.605    189.023    18.5993   4.842836    36.5728     0.0313 1.0000e-12    -0.0065   100.1619      98.62    201.356     4.6273 1.3570e+01          1         24 0.0000e+00
   32.93772  -65.84752    18.4361   4.822701    36.5483    188.585    190.011    18.4375   4.823698    36.5555     0.0548 1.0000e-12    -0.0062   100.1560      98.63    197.975     4.5498 1.3727e+01          1         26 0.0000e+00
   32.93772  -65.84752    18.3824   4.816758    36.5441    189.575    191.009    18.3832   4.817557    36.5502     0.0477 1.0000e-12    -0.0061   100.1529      98.64    193.370     4.4440 1.3862e+01          1         28 0.0000e+00
   32.93772  -65.84752    18.2948   4.806912    36.5376    190.562    192.003    18.2966   4.808297    36.5478     0.0169 1.0000e-12    -0.0069   100.1731      98.63    190.470     4.3774 1.3692e+01          1         29 0.0000e+00
   32.93772  -65.84751    18.1736   4.793522    36.5313    191.547    192.996    18.1746   4.794524    36.5390     0.0216 1.0000e-12    -0.0071   100.1774      98.64    189.885     4.3641 1.3872e+01          1         32 0.0000e+00
   32.93772  -65.84750    18.1190   4.787592    36.5277    192.551    194.008    18.1194   4.788268    36.5331     0.0201 1.0000e-12    -0.0070   100.1767      98.64    189.220     4.3488 1.3756e+01          1         30 0.0000e+00
   32.93772  -65.84750    18.0858   4.784135    36.5257    193.556    195.021    18.0860   4.784505    36.5288     0.0115 1.0000e-12    -0.0079   100.1976      98.63    188.777     4.3387 1.3722e+01          1         33 0.0000e+00
   32.93772  -65.84750    18.0669   4.782223    36.5239    194.576    196.050    18.0671   4.782535    36.5265     0.0145 1.0000e-12    -0.0092   100.2290      98.63    188.570     4.3340 1.3915e+01          1         42 0.0000e+00
   32.93774  -65.84750    18.0467   4.780170    36.5218    195.445    196.925    18.0476   4.780624    36.5250     0.0329 1.0000e-12    -0.0092   100.2292      98.63    188.566     4.3339 1.3872e+01          1         64 0.0000e+00
   32.93774  -65.84750    18.0025   4.775459    36.5196    196.512    198.001    18.0032   4.775990    36.5236     0.0258 1.0000e-12    -0.0093   100.2334      98.63    188.777     4.3388 1.3999e+01          1         29 0.0000e+00
   32.93774  -65.84750    17.9691   4.771738    36.5170    197.564    199.062    17.9694   4.772361    36.5220     0.0222 1.0000e-12    -0.0084   100.2090      98.63    188.470     4.3317 1.3756e+01          1         24 0.0000e+00
   32.93774  -65.84750    17.9492   4.769745    36.5157    198.737    200.244    17.9567   4.770714    36.5172     0.0078 1.0000e-12    -0.0108   100.2698      98.64    189.023     4.3445 1.3714e+01          1         88 0.0000e+00
   32.93774  -65.84748    18.0435   4.780354    36.5179    199.390    200.902    18.0428   4.779975    36.5153     0.0196 1.0000e-12    -0.0086   100.2155      98.63    188.553     4.3336 1.3883e+01          1        134 0.0000e+00
   32.93777  -65.84745    18.0072   4.776491    36.5172    198.466    199.971    18.1944   4.797413    36.5285     0.0284 1.0000e-12    -0.0104   100.2612      98.63    188.586     4.3344 1.3960e+01          1         93 0.0000e+00
   32.93778  -65.84744    18.0469   4.780718    36.5173    197.585    199.083    18.1029   4.787371    36.5266     0.0166 1.0000e-12    -0.0105   100.2640      98.64    188.956     4.3428 1.3821e+01          1         51 0.0000e+00
   32.93778  -65.84744    17.9951   4.775033    36.5166    196.490    197.979    18.0794   4.784281    36.5217     0.0264 1.0000e-12    -0.0113   100.2819      98.64    189.114     4.3465 1.4070e+01          1         39 0.0000e+00
   32.93778  -65.84744    18.0019   4.775612    36.5155    195.543    197.024    18.0207   4.778027    36.5217     0.0369 1.0000e-12    -0.0112   100.2801      98.64    188.455     4.3313 1.3652e+01          1         50 0.0000e+00
   32.93778  -65.84744    18.0255   4.778089    36.5154    194.563    196.036    18.0200   4.777551    36.5181     0.0281 1.0000e-12    -0.0106   100.2667      98.63    188.430     4.3308 1.4260e+01          1         28 0.0000e+00
   32.93778  -65.84743    18.0461   4.780330    36.5162    193.547    195.012    18.0412   4.779526    36.5156     0.0211 1.0000e-12    -0.0107   100.2693      98.64    188.320     4.3282 1.4195e+01          1         22 0.0000e+00
   32.93778  -65.84742    18.0762   4.783655    36.5176    192.539    193.996    18.0706   4.782790    36.5170     0.0132 1.0000e-12    -0.0104   100.2611      98.64    188.150     4.3243 1.3688e+01          1         22 0.0000e+00
