Data/ruptures/KN207-01/QL-2/20701055.cnv
* Sea-Bird SBE 9 Data File:
* FileName = C:\Data\ctd\20701055.hex
* Software Version Seasave V 7.21e
* Temperature SN = 4406
* Conductivity SN = 1474
* Number of Bytes Per Scan = 40
* Number of Voltage Words = 5
* Number of Scans Averaged by the Deck Unit = 1
* NMEA Latitude = 32 57.18 N
* NMEA Longitude = 065 58.44 W
* NMEA UTC (Time) = Apr 30 2012 01:06:00
** R/V Knorr Cruise # KN207-01 QL2
** Chief Scientist: Ben Van Mooy
# nquan = 21
# nvalues = 401                         
# units = specified
# name 0 = latitude: Latitude [deg]
# name 1 = longitude: Longitude [deg]
# name 2 = t090C: Temperature [ITS-90, deg C]
# name 3 = c0S/m: Conductivity [S/m]
# name 4 = sal00: Salinity, Practical [PSU]
# name 5 = depSM: Depth [salt water, m]
# name 6 = prDM: Pressure, Digiquartz [db]
# name 7 = t190C: Temperature, 2 [ITS-90, deg C]
# name 8 = c1S/m: Conductivity, 2 [S/m]
# name 9 = sal11: Salinity, Practical, 2 [PSU]
# name 10 = flECO-AFL: Fluorescence, WET Labs ECO-AFL/FL [mg/m^3]
# name 11 = par: PAR/Irradiance, Biospherical/Licor
# name 12 = bat: Beam Attenuation, Chelsea/Seatech [1/m]
# name 13 = xmiss: Beam Transmission, Chelsea/Seatech [%]
# name 14 = altM: Altimeter [m]
# name 15 = sbeox0Mm/Kg: Oxygen, SBE 43 [umol/kg]
# name 16 = sbeox0ML/L: Oxygen, SBE 43 [ml/l]
# name 17 = spar: SPAR/Surface Irradiance
# name 18 = pumps: Pump Status
# name 19 = nbin: number of scans per bin
# name 20 = flag: flag
# span 0 =   32.95094,   32.95312       
# span 1 =  -65.97446,  -65.97405       
# span 2 =    18.2487,    20.4611       
# span 3 =   4.517586,   5.035476       
# span 4 =    32.4124,    36.9996       
# span 5 =      2.384,    200.992       
# span 6 =      2.401,    202.518       
# span 7 =    18.2488,    20.4611       
# span 8 =   4.738933,   5.035461       
# span 9 =    34.1934,    36.9660       
# span 10 =     0.0108,     1.0254      
# span 11 = 1.0000e-12, 1.0000e-12      
# span 12 =    -0.0070,     0.1261      
# span 13 =    96.8960,   100.1758      
# span 14 =       1.04,      98.85      
# span 15 =    136.501,    364.411      
# span 16 =     3.1360,     8.3699      
# span 17 = 1.3384e+01, 1.4995e+01      
# span 18 =          1,          1      
# span 19 =          1,       1082      
# span 20 = 0.0000e+00, 0.0000e+00      
# interval = decibars: 1                
# start_time = Apr 30 2012 01:06:00 [NMEA time, header]
# bad_flag = -9.990e-29
*END*
[from data line 276]
   32.95208  -65.97430    19.3713   4.924933    36.5934    125.081    126.007    19.3712   4.924993    36.5940     0.1683 1.0000e-12     0.0044    99.8891      98.72    211.735     4.8650 1.4276e+01          1         20 0.0000e+00
   32.95208  -65.97430    19.3716   4.924920    36.5934    124.068    124.986    19.3714   4.924966    36.5939     0.1442 1.0000e-12     0.0078    99.8052      98.72    211.687     4.8639 1.4314e+01          1         24 0.0000e+00
   32.95208  -65.97430    19.3716   4.924887    36.5936    123.066    123.977    19.3713   4.924934    36.5942     0.1559 1.0000e-12     0.0075    99.8124      98.72    212.189     4.8755 1.4615e+01          1         29 0.0000e+00
   32.95208  -65.97430    19.3717   4.924876    36.5937    122.120    123.023    19.3713   4.924888    36.5942     0.1833 1.0000e-12     0.0064    99.8391      98.72    212.317     4.8784 1.4320e+01          1         31 0.0000e+00
   32.95208  -65.97430    19.3720   4.924863    36.5937    121.132    122.027    19.3716   4.924865    36.5941     0.2083 1.0000e-12     0.0067    99.8334      98.72    211.785     4.8662 1.3919e+01          1         25 0.0000e+00
   32.95208  -65.97430    19.3725   4.924874    36.5938    120.101    120.989    19.3716   4.924848    36.5943     0.1893 1.0000e-12     0.0089    99.7762      98.72    212.377     4.8798 1.3891e+01          1         22 0.0000e+00
   32.95208  -65.97430    19.3726   4.924855    36.5938    119.114    119.995    19.3721   4.924857    36.5943     0.1643 1.0000e-12     0.0090    99.7748      98.72    212.305     4.8781 1.4053e+01          1         20 0.0000e+00
   32.95208  -65.97430    19.3727   4.924809    36.5938    118.137    119.010    19.3725   4.924859    36.5944     0.2356 1.0000e-12     0.0084    99.7902      98.72    212.277     4.8775 1.4601e+01          1         22 0.0000e+00
   32.95207  -65.97431    19.3727   4.924781    36.5939    117.113    117.978    19.3725   4.924827    36.5945     0.2140 1.0000e-12     0.0105    99.7388      98.72    212.768     4.8887 1.4601e+01          1         22 0.0000e+00
   32.95206  -65.97432    19.3728   4.924747    36.5939    116.135    116.993    19.3727   4.924793    36.5944     0.2072 1.0000e-12     0.0091    99.7718      98.72    212.864     4.8910 1.3915e+01          1         21 0.0000e+00
   32.95206  -65.97432    19.3727   4.924697    36.5940    115.154    116.004    19.3727   4.924782    36.5947     0.2385 1.0000e-12     0.0100    99.7512      98.72    212.714     4.8875 1.3797e+01          1         27 0.0000e+00
   32.95206  -65.97432    19.3724   4.924610    36.5938    114.157    114.999    19.3724   4.924711    36.5947     0.2602 1.0000e-12     0.0116    99.7099      98.72    212.501     4.8826 1.4290e+01          1         32 0.0000e+00
   32.95206  -65.97432    19.3725   4.924557    36.5938    113.183    114.018    19.3724   4.924633    36.5945     0.2526 1.0000e-12     0.0112    99.7203      98.72    211.936     4.8696 1.4276e+01          1         25 0.0000e+00
   32.95206  -65.97432    19.3726   4.924526    36.5937    112.215    113.043    19.3723   4.924573    36.5944     0.2576 1.0000e-12     0.0127    99.6833      98.72    212.362     4.8794 1.4323e+01          1         19 0.0000e+00
   32.95206  -65.97432    19.3726   4.924484    36.5937    111.229    112.049    19.3725   4.924546    36.5944     0.2426 1.0000e-12     0.0125    99.6874      98.73    212.351     4.8792 1.4089e+01          1         19 0.0000e+00
   32.95206  -65.97432    19.3727   4.924439    36.5937    110.199    111.010    19.3724   4.924507    36.5945     0.2543 1.0000e-12     0.0119    99.7038      98.72    212.277     4.8774 1.4297e+01          1         22 0.0000e+00
   32.95206  -65.97432    19.3727   4.924392    36.5937    109.184    109.988    19.3724   4.924455    36.5944     0.2877 1.0000e-12     0.0133    99.6681      98.72    212.756     4.8885 1.4592e+01          1         24 0.0000e+00
   32.95206  -65.97432    19.3727   4.924346    36.5937    108.218    109.014    19.3723   4.924410    36.5945     0.3240 1.0000e-12     0.0137    99.6588      98.72    212.201     4.8757 1.3880e+01          1         27 0.0000e+00
   32.95205  -65.97432    19.3729   4.924320    36.5936    107.226    108.015    19.3726   4.924368    36.5943     0.3310 1.0000e-12     0.0142    99.6455      98.72    212.190     4.8755 1.4458e+01          1         27 0.0000e+00
   32.95204  -65.97432    19.3731   4.924295    36.5937    106.247    107.028    19.3727   4.924339    36.5943     0.3247 1.0000e-12     0.0151    99.6242      98.72    212.919     4.8922 1.3849e+01          1         24 0.0000e+00
   32.95204  -65.97432    19.3726   4.924181    36.5935    105.219    105.993    19.3727   4.924283    36.5942     0.2944 1.0000e-12     0.0160    99.6013      98.73    212.722     4.8877 1.4276e+01          1         20 0.0000e+00
   32.95204  -65.97432    19.3726   4.924139    36.5936    104.223    104.989    19.3725   4.924193    36.5941     0.2934 1.0000e-12     0.0151    99.6238      98.72    212.160     4.8748 1.4553e+01          1         21 0.0000e+00
   32.95204  -65.97432    19.3725   4.924064    36.5934    103.233    103.991    19.3722   4.924119    36.5941     0.3428 1.0000e-12     0.0149    99.6293      98.72    212.201     4.8757 1.4548e+01          1         23 0.0000e+00
   32.95203  -65.97432    19.3727   4.924028    36.5933    102.237    102.989    19.3722   4.924067    36.5941     0.3230 1.0000e-12     0.0164    99.5929      98.72    212.382     4.8799 1.4021e+01          1         28 0.0000e+00
   32.95202  -65.97432    19.3725   4.923969    36.5933    101.251    101.995    19.3722   4.924033    36.5941     0.3421 1.0000e-12     0.0176    99.5618      98.72    212.042     4.8721 1.4541e+01          1         27 0.0000e+00
   32.95202  -65.97432    19.3726   4.923927    36.5933    100.272    101.008    19.3725   4.923984    36.5939     0.3905 1.0000e-12     0.0169    99.5801      98.72    211.902     4.8688 1.3869e+01          1         23 0.0000e+00
   32.95202  -65.97432    19.3728   4.923894    36.5932     99.233     99.961    19.3724   4.923950    36.5940     0.2937 1.0000e-12     0.0174    99.5668      98.72    212.372     4.8796 1.3985e+01          1         26 0.0000e+00
   32.95202  -65.97432    19.3738   4.923962    36.5932     98.276     98.997    19.3729   4.923964    36.5941     0.3521 1.0000e-12     0.0201    99.4993      98.72    211.838     4.8674 1.4206e+01          1         38 0.0000e+00
   32.95202  -65.97432    19.3749   4.924072    36.5936     97.219     97.933    19.3737   4.924001    36.5941     0.4074 1.0000e-12     0.0221    99.4487      98.72    212.497     4.8825 1.4427e+01          1         77 0.0000e+00
   32.95201  -65.97432    19.3756   4.924123    36.5937     96.424     97.131    19.3753   4.924167    36.5943     0.4746 1.0000e-12     0.0234    99.4172      98.73    212.675     4.8866 1.4169e+01          1        108 0.0000e+00
   32.95200  -65.97433    19.3753   4.924037    36.5937     95.278     95.976    19.3748   4.924058    36.5943     0.5128 1.0000e-12     0.0241    99.3983      98.72    213.230     4.8994 1.4371e+01          1         61 0.0000e+00
   32.95200  -65.97434    19.3757   4.924047    36.5937     94.544     95.237    19.3752   4.924079    36.5944     0.4897 1.0000e-12     0.0261    99.3500      78.14    213.084     4.8960 1.4407e+01          1        120 0.0000e+00
   32.95198  -65.97434    19.3759   4.924008    36.5937     93.379     94.063    19.3752   4.924030    36.5945     0.5574 1.0000e-12     0.0271    99.3242      89.47    212.746     4.8882 1.4390e+01          1        102 0.0000e+00
   32.95198  -65.97434    19.3760   4.923982    36.5937     92.284     92.960    19.3754   4.923993    36.5944     0.5577 1.0000e-12     0.0300    99.2521      60.66    212.880     4.8913 1.4276e+01          1         45 0.0000e+00
   32.95188  -65.97437    19.3775   4.924104    36.5937     91.488     92.158    19.3772   4.924160    36.5945     0.7122 1.0000e-12     0.0365    99.0925      98.73    213.255     4.8999 1.4242e+01          1       1082 0.0000e+00
   32.95180  -65.97442    19.3778   4.924072    36.5937     90.397     91.058    19.3776   4.924151    36.5945     0.7643 1.0000e-12     0.0366    99.0881      98.74    213.444     4.9043 1.4147e+01          1        117 0.0000e+00
   32.95178  -65.97442    19.3777   4.924015    36.5937     89.171     89.823    19.3775   4.924084    36.5944     0.7030 1.0000e-12     0.0413    98.9718      98.74    213.258     4.9000 1.4281e+01          1         92 0.0000e+00
   32.95178  -65.97442    19.3780   4.923998    36.5936     88.354     89.000    19.3778   4.924060    36.5944     0.7071 1.0000e-12     0.0445    98.8925      98.74    213.402     4.9033 1.4255e+01          1         64 0.0000e+00
   32.95178  -65.97442    19.3784   4.923989    36.5936     87.538     88.178    19.3781   4.924056    36.5943     0.7951 1.0000e-12     0.0513    98.7252      98.74    213.082     4.8959 1.4322e+01          1        107 0.0000e+00
   32.95178  -65.97442    19.3790   4.924002    36.5935     86.379     87.010    19.3787   4.924060    36.5942     0.8598 1.0000e-12     0.0518    98.7123      98.75    213.519     4.9060 1.4262e+01          1         61 0.0000e+00
   32.95176  -65.97442    19.3793   4.924018    36.5937     85.647     86.273    19.3791   4.924066    36.5943     0.8334 1.0000e-12     0.0563    98.6029      98.74    213.921     4.9152 1.4280e+01          1        117 0.0000e+00
   32.95175  -65.97443    19.3806   4.924093    36.5937     84.171     84.786    19.3804   4.924145    36.5944     0.8889 1.0000e-12     0.0635    98.4260      98.74    213.618     4.9083 1.4500e+01          1        100 0.0000e+00
   32.95174  -65.97444    19.3811   4.924104    36.5936     83.438     84.047    19.3810   4.924176    36.5943     1.0254 1.0000e-12     0.0651    98.3861      98.75    214.287     4.9236 1.4295e+01          1         98 0.0000e+00
   32.95174  -65.97444    19.3831   4.924265    36.5936     82.354     82.955    19.3823   4.924241    36.5942     0.9180 1.0000e-12     0.0661    98.3617      75.26    214.655     4.9321 1.4221e+01          1         56 0.0000e+00
   32.95173  -65.97444    19.3851   4.924438    36.5936     81.356     81.950    19.3837   4.924363    36.5943     0.8959 1.0000e-12     0.0638    98.4172      98.75    215.070     4.9416 1.4327e+01          1        175 0.0000e+00
   32.95169  -65.97445    19.3882   4.924721    36.5936     80.628     81.216    19.3880   4.924786    36.5943     0.6860 1.0000e-12     0.0624    98.4519      98.75    215.873     4.9601 1.4375e+01          1        626 0.0000e+00
   32.95166  -65.97446    19.3885   4.924675    36.5935     79.408     79.987    19.3884   4.924753    36.5942     0.6057 1.0000e-12     0.0635    98.4259      98.75    216.431     4.9729 1.4276e+01          1         40 0.0000e+00
   32.95164  -65.97446    19.3887   4.924669    36.5936     78.350     78.921    19.3886   4.924731    36.5943     0.6515 1.0000e-12     0.0609    98.4900      98.75    215.915     4.9610 1.4347e+01          1         95 0.0000e+00
   32.95164  -65.97446    19.3890   4.924646    36.5935     77.533     78.098    19.3889   4.924699    36.5940     0.6739 1.0000e-12     0.0621    98.4602      98.75    215.968     4.9622 1.4340e+01          1         77 0.0000e+00
   32.95164  -65.97446    19.3895   4.924665    36.5936     76.416     76.973    19.3895   4.924737    36.5942     0.6566 1.0000e-12     0.0593    98.5287      98.75    216.060     4.9644 1.4348e+01          1         81 0.0000e+00
   32.95162  -65.97446    19.3913   4.924791    36.5935     75.460     76.010    19.3916   4.924865    36.5938     0.6163 1.0000e-12     0.0605    98.4994      98.75    216.174     4.9670 1.4619e+01          1         56 0.0000e+00
   32.95162  -65.97446    19.3927   4.924907    36.5935     74.558     75.101    19.3921   4.924924    36.5942     0.5874 1.0000e-12     0.0600    98.5114      98.75    216.457     4.9735 1.4291e+01          1         91 0.0000e+00
   32.95162  -65.97446    19.3947   4.925066    36.5934     73.451     73.986    19.3933   4.924982    36.5940     0.4966 1.0000e-12     0.0605    98.4982      98.76    216.545     4.9755 1.4321e+01          1         50 0.0000e+00
   32.95161  -65.97446    19.3961   4.925169    36.5935     72.485     73.012    19.3944   4.925062    36.5941     0.5010 1.0000e-12     0.0597    98.5175      98.75    216.786     4.9810 1.4500e+01          1         90 0.0000e+00
   32.95160  -65.97446    19.3978   4.925294    36.5934     71.482     72.002    19.3979   4.925365    36.5939     0.4548 1.0000e-12     0.0579    98.5634      98.75    216.529     4.9751 1.4238e+01          1         47 0.0000e+00
   32.95160  -65.97446    19.3993   4.925418    36.5935     70.437     70.949    19.3982   4.925369    36.5941     0.4527 1.0000e-12     0.0625    98.4487      98.75    216.841     4.9823 1.4366e+01          1         75 0.0000e+00
   32.95160  -65.97446    19.4017   4.925605    36.5932     69.579     70.085    19.4007   4.925591    36.5940     0.4644 1.0000e-12     0.0591    98.5337      71.36    216.946     4.9847 1.4500e+01          1         66 0.0000e+00
   32.95158  -65.97446    19.4056   4.925997    36.5934     68.480     68.978    19.4031   4.925797    36.5940     0.4035 1.0000e-12     0.0623    98.4546      98.85    217.354     4.9941 1.4425e+01          1         45 0.0000e+00
   32.95158  -65.97446    19.4105   4.926488    36.5936     67.501     67.991    19.4080   4.926271    36.5940     0.3899 1.0000e-12     0.0599    98.5150      98.76    217.888     5.0063 1.4523e+01          1         94 0.0000e+00
   32.95158  -65.97446    19.4117   4.926553    36.5935     66.619     67.103    19.4107   4.926523    36.5941     0.4320 1.0000e-12     0.0621    98.4578      98.76    217.654     5.0009 1.4561e+01          1         72 0.0000e+00
   32.95157  -65.97446    19.4141   4.926770    36.5935     65.531     66.006    19.4122   4.926618    36.5940     0.3552 1.0000e-12     0.0627    98.4454      98.76    217.961     5.0080 1.4558e+01          1         38 0.0000e+00
   32.95156  -65.97446    19.4156   4.926884    36.5936     64.616     65.085    19.4145   4.926858    36.5943     0.3495 1.0000e-12     0.0638    98.4188      98.76    218.130     5.0119 1.4307e+01          1        145 0.0000e+00
   32.95156  -65.97446    19.4177   4.927058    36.5936     63.475     63.935    19.4175   4.927090    36.5941     0.3471 1.0000e-12     0.0641    98.4085      87.19    217.997     5.0088 1.4053e+01          1         40 0.0000e+00
   32.95155  -65.97446    19.4165   4.926908    36.5938     62.768     63.224    19.4170   4.927035    36.5944     0.3496 1.0000e-12     0.0637    98.4190      76.17    218.260     5.0149 1.4445e+01          1        122 0.0000e+00
   32.95154  -65.97446    19.4171   4.926906    36.5938     61.445     61.891    19.4171   4.926984    36.5944     0.3376 1.0000e-12     0.0641    98.4098      88.94    218.492     5.0202 1.4512e+01          1        174 0.0000e+00
   32.95150  -65.97446    19.4197   4.927147    36.5938     60.674     61.114    19.4183   4.927075    36.5944     0.3307 1.0000e-12     0.0656    98.3741      77.47    218.629     5.0233 1.4579e+01          1        351 0.0000e+00
   32.95147  -65.97446    19.4214   4.927267    36.5937     59.570     60.002    19.4192   4.927091    36.5942     0.3259 1.0000e-12     0.0644    98.4021      98.77    218.975     5.0313 1.4314e+01          1         24 0.0000e+00
   32.95146  -65.97446    19.4227   4.927338    36.5936     58.515     58.939    19.4194   4.927075    36.5943     0.3175 1.0000e-12     0.0713    98.2327      98.76    218.566     5.0219 1.4623e+01          1         27 0.0000e+00
