Data/ruptures/KN207-01/QL-2/20701081.cnv
* Sea-Bird SBE 9 Data File:
* FileName = C:\Data\ctd\20701081.hex
* Software Version Seasave V 7.21e
* Temperature SN = 4406
* Conductivity SN = 1474
* Number of Bytes Per Scan = 40
* Number of Voltage Words = 5
* Number of Scans Averaged by the Deck Unit = 1
* NMEA Latitude = 33 13.21 N
* NMEA Longitude = 065 41.49 W
* NMEA UTC (Time) = May 03 2012 11:10:02
** R/V Knorr Cruise # KN207-01 QL 2
** Chief Scientist: Ben Van Mooy
# nquan = 21
# nvalues = 398                         
# units = specified
# name 0 = latitude: Latitude [deg]
# name 1 = longitude: Longitude [deg]
# name 2 = t090C: Temperature [ITS-90, deg C]
# name 3 = c0S/m: Conductivity [S/m]
# name 4 = sal00: Salinity, Practical [PSU]
# name 5 = depSM: Depth [salt water, m]
# name 6 = prDM: Pressure, Digiquartz [db]
# name 7 = t190C: Temperature, 2 [ITS-90, deg C]
# name 8 = c1S/m: Conductivity, 2 [S/m]
# name 9 = sal11: Salinity, Practical, 2 [PSU]
# name 10 = flECO-AFL: Fluorescence, WET Labs ECO-AFL/FL [mg/m^3]
# name 11 = par: PAR/Irradiance, Biospherical/Licor
# name 12 = bat: Beam Attenuation, Chelsea/Seatech [1/m]
# name 13 = xmiss: Beam Transmission, Chelsea/Seatech [%]
# name 14 = altM: Altimeter [m]
# name 15 = sbeox0Mm/Kg: Oxygen, SBE 43 [umol/kg]
# name 16 = sbeox0ML/L: Oxygen, SBE 43 [ml/l]
# name 17 = spar: SPAR/Surface Irradiance
# name 18 = pumps: Pump Status
# name 19 = nbin: number of scans per bin
# name 20 = flag: flag
# span 0 =   33.21998,   33.22023       
# span 1 =  -65.69165,  -65.69100       
# span 2 =    18.1499,    20.3168       
# span 3 =   4.792699,   5.022445       
# span 4 =    36.5286,    36.6208       
# span 5 =      3.062,    200.268       
# span 6 =      3.084,    201.792       
# span 7 =    18.1470,    20.3166       
# span 8 =   4.792483,   5.022534       
# span 9 =    36.5275,    36.6225       
# span 10 =     0.0177,     0.8470      
# span 11 = 1.0000e-12, 1.0000e-12      
# span 12 =    -0.0119,     0.0744      
# span 13 =    98.1565,   100.2979      
# span 14 =       1.03,      98.81      
# span 15 =    185.880,    222.118      
# span 16 =     4.2720,     5.1033      
# span 17 = 1.8283e+02, 2.8743e+02      
# span 18 =          1,          1      
# span 19 =         16,        643      
# span 20 = 0.0000e+00, 0.0000e+00      
# interval = decibars: 1                
# start_time = May 03 2012 11:10:02 [NMEA time, header]
# bad_flag = -9.990e-29
*END*
[from data line 138]
   33.22016  -65.69156    19.3747   4.926237    36.5953    140.989    142.042    19.3747   4.926333    36.5961     0.0951 1.0000e-12    -0.0004   100.0100      98.70    212.524     4.8832 2.1525e+02          1         20 0.0000e+00
   33.22016  -65.69156    19.3740   4.926229    36.5955    141.968    143.028    19.3740   4.926316    36.5963     0.1281 1.0000e-12    -0.0002   100.0052      98.70    212.553     4.8838 2.1503e+02          1         25 0.0000e+00
   33.22016  -65.69156    19.3726   4.926113    36.5954    142.931    143.999    19.3726   4.926198    36.5961     0.1205 1.0000e-12    -0.0009   100.0223      98.70    211.884     4.8684 2.1459e+02          1         35 0.0000e+00
   33.22016  -65.69156    19.3728   4.926167    36.5954    143.905    144.981    19.3727   4.926243    36.5961     0.1128 1.0000e-12    -0.0018   100.0435      98.70    212.217     4.8761 2.1453e+02          1         34 0.0000e+00
   33.22014  -65.69156    19.3724   4.926164    36.5953    144.929    146.012    19.3723   4.926249    36.5961     0.1172 1.0000e-12    -0.0019   100.0462      98.69    212.146     4.8745 2.1482e+02          1         23 0.0000e+00
   33.22014  -65.69156    19.3713   4.926074    36.5951    145.907    146.999    19.3713   4.926183    36.5961     0.1158 1.0000e-12    -0.0017   100.0430      98.68    212.511     4.8829 2.1550e+02          1         18 0.0000e+00
   33.22014  -65.69156    19.3714   4.926134    36.5952    146.896    147.995    19.3713   4.926215    36.5959     0.0995 1.0000e-12    -0.0017   100.0422      98.70    212.831     4.8902 2.1615e+02          1         20 0.0000e+00
   33.22014  -65.69156    19.3727   4.926409    36.5959    147.911    149.018    19.3725   4.926453    36.5965     0.0761 1.0000e-12    -0.0020   100.0499      98.70    212.781     4.8891 2.1648e+02          1         20 0.0000e+00
   33.22014  -65.69156    19.3706   4.926157    36.5953    148.879    149.993    19.3705   4.926279    36.5964     0.0942 1.0000e-12    -0.0003   100.0069      98.70    212.446     4.8814 2.1648e+02          1         21 0.0000e+00
   33.22014  -65.69156    19.3692   4.926053    36.5953    149.843    150.965    19.3690   4.926125    36.5961     0.0879 1.0000e-12    -0.0020   100.0510      98.71    212.357     4.8793 2.1669e+02          1         21 0.0000e+00
   33.22014  -65.69156    19.3680   4.925919    36.5949    150.872    152.002    19.3678   4.926015    36.5959     0.0932 1.0000e-12    -0.0030   100.0762      98.69    212.728     4.8878 2.1721e+02          1         24 0.0000e+00
   33.22014  -65.69156    19.3673   4.925863    36.5946    151.882    153.020    19.3672   4.925944    36.5954     0.0627 1.0000e-12    -0.0025   100.0620      49.85    212.154     4.8747 2.1726e+02          1         35 0.0000e+00
   33.22014  -65.69156    19.3660   4.925725    36.5943    152.811    153.957    19.3660   4.925835    36.5952     0.0910 1.0000e-12    -0.0014   100.0349      80.41    212.280     4.8776 2.1651e+02          1         31 0.0000e+00
   33.22014  -65.69156    19.3665   4.925866    36.5946    153.833    154.986    19.3664   4.925929    36.5952     0.0935 1.0000e-12    -0.0028   100.0693      44.40    211.923     4.8694 2.1679e+02          1         21 0.0000e+00
   33.22016  -65.69156    19.3666   4.925910    36.5946    154.848    156.009    19.3663   4.925998    36.5955     0.0815 1.0000e-12    -0.0033   100.0821      98.71    212.668     4.8865 2.1768e+02          1         17 0.0000e+00
   33.22016  -65.69156    19.3645   4.925713    36.5943    155.834    157.003    19.3643   4.925795    36.5953     0.1038 1.0000e-12    -0.0033   100.0825      98.70    213.058     4.8955 2.1848e+02          1         19 0.0000e+00
   33.22016  -65.69156    19.3650   4.925853    36.5948    156.825    158.002    19.3649   4.925925    36.5954     0.0812 1.0000e-12    -0.0018   100.0451      98.70    212.746     4.8883 2.1870e+02          1         23 0.0000e+00
   33.22016  -65.69156    19.3655   4.925997    36.5951    157.804    158.988    19.3652   4.926063    36.5959     0.0664 1.0000e-12    -0.0031   100.0783      98.70    211.977     4.8706 2.1883e+02          1         29 0.0000e+00
   33.22016  -65.69156    19.3642   4.925994    36.5959    158.760    159.952    19.3642   4.926083    36.5966     0.0717 1.0000e-12    -0.0042   100.1046      98.71    212.171     4.8751 2.1911e+02          1         26 0.0000e+00
   33.22015  -65.69156    19.3644   4.926095    36.5961    159.794    160.994    19.3643   4.926196    36.5970     0.0721 1.0000e-12    -0.0040   100.1013      98.70    212.403     4.8804 2.1905e+02          1         20 0.0000e+00
   33.22014  -65.69156    19.3633   4.926055    36.5964    160.810    162.018    19.3633   4.926159    36.5972     0.0579 1.0000e-12    -0.0036   100.0919      98.70    212.311     4.8783 2.1919e+02          1         19 0.0000e+00
   33.22014  -65.69156    19.3629   4.926043    36.5963    161.832    163.049    19.3628   4.926125    36.5970     0.0455 1.0000e-12    -0.0042   100.1046      98.71    211.960     4.8702 2.1911e+02          1         26 0.0000e+00
   33.22014  -65.69156    19.3623   4.926026    36.5963    162.761    163.985    19.3622   4.926121    36.5971     0.0654 1.0000e-12    -0.0041   100.1044      98.70    211.341     4.8560 2.1916e+02          1         36 0.0000e+00
   33.22014  -65.69156    19.3617   4.926016    36.5964    163.726    164.958    19.3616   4.926111    36.5972     0.0481 1.0000e-12    -0.0040   100.1019      98.70    211.298     4.8550 2.1999e+02          1         24 0.0000e+00
   33.22014  -65.69156    19.3611   4.926025    36.5966    164.738    165.978    19.3610   4.926109    36.5974     0.0486 1.0000e-12    -0.0056   100.1393      98.70    211.393     4.8572 2.2083e+02          1         19 0.0000e+00
   33.22014  -65.69156    19.3561   4.925408    36.5956    165.768    167.015    19.3565   4.925707    36.5977     0.0651 1.0000e-12    -0.0059   100.1486      98.70    210.919     4.8463 2.2096e+02          1         17 0.0000e+00
   33.22014  -65.69156    19.3496   4.924643    36.5946    166.782    168.038    19.3491   4.924708    36.5956     0.0603 1.0000e-12    -0.0061   100.1514      98.70    210.297     4.8320 2.2116e+02          1         20 0.0000e+00
   33.22014  -65.69156    19.3475   4.924531    36.5951    167.770    169.033    19.3475   4.924620    36.5959     0.0631 1.0000e-12    -0.0071   100.1780      98.69    209.923     4.8234 2.2093e+02          1         23 0.0000e+00
   33.22014  -65.69156    19.3416   4.923921    36.5950    168.727    169.998    19.3415   4.924047    36.5961     0.0503 1.0000e-12    -0.0078   100.1955      98.70    209.154     4.8058 2.2090e+02          1         34 0.0000e+00
   33.22014  -65.69154    19.3398   4.923818    36.5954    169.687    170.966    19.3396   4.923911    36.5962     0.0713 1.0000e-12    -0.0080   100.1997      98.70    208.208     4.7840 2.2075e+02          1         28 0.0000e+00
   33.22014  -65.69154    19.3298   4.922560    36.5934    170.712    171.999    19.3297   4.922804    36.5955     0.0671 1.0000e-12    -0.0088   100.2190      98.70    207.828     4.7753 2.2103e+02          1         22 0.0000e+00
   33.22014  -65.69154    19.3222   4.921664    36.5923    171.708    173.003    19.3224   4.921841    36.5935     0.0705 1.0000e-12    -0.0082   100.2039      98.70    207.183     4.7605 2.2253e+02          1         21 0.0000e+00
   33.22014  -65.69154    19.3234   4.921952    36.5931    172.709    174.012    19.3238   4.922056    36.5936     0.0498 1.0000e-12    -0.0078   100.1947      98.71    206.777     4.7512 2.2294e+02          1         19 0.0000e+00
   33.22014  -65.69154    19.3271   4.922670    36.5954    173.708    175.019    19.3274   4.922793    36.5962     0.0629 1.0000e-12    -0.0078   100.1951      98.70    206.639     4.7480 2.2306e+02          1         20 0.0000e+00
   33.22014  -65.69154    19.3224   4.922363    36.5966    174.716    176.035    19.3228   4.922587    36.5981     0.0538 1.0000e-12    -0.0077   100.1910      98.70    206.921     4.7545 2.2316e+02          1         22 0.0000e+00
   33.22014  -65.69154    19.3158   4.921660    36.5963    175.698    177.025    19.3157   4.921797    36.5975     0.0510 1.0000e-12    -0.0075   100.1882      98.70    207.662     4.7715 2.2314e+02          1         27 0.0000e+00
   33.22014  -65.69154    19.3022   4.920200    36.5958    176.675    178.009    19.3019   4.920390    36.5977     0.0453 1.0000e-12    -0.0079   100.1970      98.70    208.343     4.7872 2.2326e+02          1         34 0.0000e+00
   33.22014  -65.69154    19.2803   4.917971    36.5965    177.640    178.982    19.2802   4.918247    36.5989     0.0370 1.0000e-12    -0.0074   100.1847      98.71    208.884     4.7996 2.2332e+02          1         26 0.0000e+00
   33.22014  -65.69154    19.2831   4.919846    36.6091    178.633    179.983    19.2847   4.919530    36.6050     0.0431 1.0000e-12    -0.0082   100.2054      98.71    208.477     4.7903 2.2317e+02          1         20 0.0000e+00
   33.22014  -65.69154    19.3078   4.923936    36.6205    179.638    180.996    19.3071   4.923844    36.6204     0.0510 1.0000e-12    -0.0083   100.2056      98.71    208.157     4.7830 2.2365e+02          1         19 0.0000e+00
   33.22014  -65.69154    19.3042   4.923632    36.6208    180.638    182.004    19.3042   4.923835    36.6225     0.0497 1.0000e-12    -0.0078   100.1938      98.70    207.812     4.7751 2.2418e+02          1         20 0.0000e+00
   33.22014  -65.69154    19.2932   4.922321    36.6194    181.640    183.015    19.2947   4.922774    36.6218     0.0665 1.0000e-12    -0.0086   100.2155      98.71    207.051     4.7576 2.2489e+02          1         22 0.0000e+00
   33.22014  -65.69154    19.2696   4.919398    36.6158    182.647    184.030    19.2695   4.919726    36.6187     0.0635 1.0000e-12    -0.0080   100.1985      98.71    205.937     4.7320 2.2581e+02          1         26 0.0000e+00
   33.22014  -65.69154    19.2429   4.916142    36.6121    183.619    185.009    19.2427   4.916474    36.6151     0.0351 1.0000e-12    -0.0033   100.0826      98.70    205.137     4.7136 2.2593e+02          1         32 0.0000e+00
   33.22014  -65.69154    19.2063   4.911532    36.6060    184.570    185.968    19.2086   4.912354    36.6107     0.0472 1.0000e-12    -0.0083   100.2077      98.71    203.968     4.6868 2.2576e+02          1         29 0.0000e+00
   33.22014  -65.69154    19.1562   4.905560    36.6005    185.580    186.986    19.1558   4.906236    36.6066     0.0286 1.0000e-12    -0.0094   100.2358      98.70    204.165     4.6914 2.2583e+02          1         21 0.0000e+00
   33.22014  -65.69154    19.1044   4.899338    36.5945    186.571    187.985    19.1043   4.899941    36.5996     0.0344 1.0000e-12    -0.0094   100.2343      98.70    204.576     4.7009 2.2654e+02          1         18 0.0000e+00
   33.22014  -65.69154    19.0780   4.896138    36.5907    187.565    188.987    19.0778   4.896550    36.5944     0.0401 1.0000e-12    -0.0088   100.2204      98.70    203.748     4.6819 2.2730e+02          1         19 0.0000e+00
   33.22014  -65.69154    19.0400   4.891600    36.5861    188.603    190.033    19.0395   4.892184    36.5915     0.0366 1.0000e-12    -0.0084   100.2101      98.70    203.256     4.6706 2.2753e+02          1         21 0.0000e+00
   33.22014  -65.69154    18.9950   4.886444    36.5825    189.586    191.024    18.9962   4.887104    36.5871     0.0318 1.0000e-12    -0.0089   100.2217      98.71    202.965     4.6639 2.2785e+02          1         28 0.0000e+00
   33.22014  -65.69154    18.8839   4.873677    36.5746    190.517    191.963    18.8826   4.874975    36.5867     0.0406 1.0000e-12    -0.0082   100.2033      98.71    201.755     4.6362 2.2815e+02          1         29 0.0000e+00
   33.22014  -65.69154    18.7280   4.856359    36.5685    191.526    192.980    18.7264   4.857385    36.5786     0.0331 1.0000e-12    -0.0068   100.1713      98.71    200.698     4.6121 2.2792e+02          1         23 0.0000e+00
   33.22014  -65.69154    18.6127   4.843389    36.5620    192.564    194.027    18.6105   4.844557    36.5738     0.0322 1.0000e-12    -0.0077   100.1926      98.71    199.056     4.5745 2.2811e+02          1         23 0.0000e+00
   33.22014  -65.69154    18.5146   4.832556    36.5574    193.573    195.043    18.5137   4.833334    36.5648     0.0302 1.0000e-12    -0.0085   100.2116      98.71    195.128     4.4843 2.2841e+02          1         28 0.0000e+00
   33.22014  -65.69154    18.4427   4.824601    36.5527    194.441    195.918    18.4397   4.824894    36.5579     0.0185 1.0000e-12    -0.0091   100.2284      98.71    190.987     4.3892 2.2976e+02          1         44 0.0000e+00
   33.22014  -65.69154    18.3500   4.814227    36.5462    195.561    197.047    18.3490   4.814789    36.5519     0.0353 1.0000e-12    -0.0085   100.2130      98.71    189.340     4.3514 2.3045e+02          1         29 0.0000e+00
   33.22014  -65.69154    18.2825   4.806905    36.5428    196.611    198.106    18.2811   4.807136    36.5460     0.0279 1.0000e-12    -0.0092   100.2302      98.70    188.645     4.3355 2.3152e+02          1         43 0.0000e+00
   33.22014  -65.69152    18.2546   4.804141    36.5392    197.544    199.047    18.2542   4.804269    36.5404     0.0206 1.0000e-12    -0.0099   100.2468      98.71    189.296     4.3505 2.3241e+02          1         42 0.0000e+00
   33.22014  -65.69152    18.2393   4.802446    36.5358    198.239    199.747    18.2265   4.801344    36.5379     0.0231 1.0000e-12    -0.0096   100.2406      98.71    187.384     4.3066 2.3456e+02          1        159 0.0000e+00
   33.22013  -65.69152    18.1592   4.793657    36.5303    199.685    201.204    18.1551   4.793363    36.5314     0.0238 1.0000e-12    -0.0107   100.2675      98.71    186.785     4.2928 2.3751e+02          1        178 0.0000e+00
   33.22013  -65.69152    18.1499   4.792699    36.5286    200.268    201.792    18.1470   4.792483    36.5293     0.0220 1.0000e-12    -0.0094   100.2357      98.71    186.260     4.2808 2.4062e+02          1        214 0.0000e+00
   33.22012  -65.69151    18.1642   4.794249    36.5286    199.549    201.068    18.1526   4.793031    36.5286     0.0239 1.0000e-12    -0.0112   100.2797      98.71    186.376     4.2834 2.4367e+02          1        117 0.0000e+00
   33.22012  -65.69150    18.1702   4.794880    36.5288    198.519    200.029    18.1562   4.793333    36.5282     0.0347 1.0000e-12    -0.0119   100.2979      98.71    185.880     4.2720 2.4342e+02          1         24 0.0000e+00
   33.22012  -65.69150    18.1896   4.796957    36.5293    197.405    198.907    18.1777   4.795499    36.5275     0.0416 1.0000e-12    -0.0107   100.2669      98.71    185.907     4.2726 2.4365e+02          1         35 0.0000e+00
   33.22012  -65.69150    18.1911   4.797173    36.5302    196.718    198.214    18.1972   4.797660    36.5286     0.0177 1.0000e-12    -0.0097   100.2419      98.71    186.505     4.2864 2.4638e+02          1         82 0.0000e+00
   33.22012  -65.69150    18.2419   4.802739    36.5319    195.533    197.019    18.2496   4.803751    36.5334     0.0252 1.0000e-12    -0.0103   100.2577      98.72    186.459     4.2853 2.4752e+02          1         27 0.0000e+00
   33.22012  -65.69150    18.2804   4.807099    36.5345    194.521    195.999    18.2830   4.807183    36.5328     0.0212 1.0000e-12    -0.0106   100.2647      98.71    186.289     4.2813 2.4714e+02          1         24 0.0000e+00
   33.22012  -65.69150    18.3232   4.811878    36.5369    193.539    195.009    18.3271   4.811982    36.5341     0.0208 1.0000e-12    -0.0093   100.2323      98.71    186.135     4.2778 2.4715e+02          1         25 0.0000e+00
