Data/ruptures/KN207-01/QL-2/20701079.cnv
* Sea-Bird SBE 9 Data File:
* FileName = C:\Data\ctd\20701079.hex
* Software Version Seasave V 7.21e
* Temperature SN = 4406
* Conductivity SN = 1474
* Number of Bytes Per Scan = 40
* Number of Voltage Words = 5
* Number of Scans Averaged by the Deck Unit = 1
* NMEA Latitude = 33 08.99 N
* NMEA Longitude = 065 41.12 W
* NMEA UTC (Time) = May 02 2012 22:03:41
** R/V Knorr Cruise # KN207-01 QL 2
** Chief Scientist: Ben Van Mooy
# nquan = 21
# nvalues = 398                         
# units = specified
# name 0 = latitude: Latitude [deg]
# name 1 = longitude: Longitude [deg]
# name 2 = t090C: Temperature [ITS-90, deg C]
# name 3 = c0S/m: Conductivity [S/m]
# name 4 = sal00: Salinity, Practical [PSU]
# name 5 = depSM: Depth [salt water, m]
# name 6 = prDM: Pressure, Digiquartz [db]
# name 7 = t190C: Temperature, 2 [ITS-90, deg C]
# name 8 = c1S/m: Conductivity, 2 [S/m]
# name 9 = sal11: Salinity, Practical, 2 [PSU]
# name 10 = flECO-AFL: Fluorescence, WET Labs ECO-AFL/FL [mg/m^3]
# name 11 = par: PAR/Irradiance, Biospherical/Licor
# name 12 = bat: Beam Attenuation, Chelsea/Seatech [1/m]
# name 13 = xmiss: Beam Transmission, Chelsea/Seatech [%]
# name 14 = altM: Altimeter [m]
# name 15 = sbeox0Mm/Kg: Oxygen, SBE 43 [umol/kg]
# name 16 = sbeox0ML/L: Oxygen, SBE 43 [ml/l]
# name 17 = spar: SPAR/Surface Irradiance
# name 18 = pumps: Pump Status
# name 19 = nbin: number of scans per bin
# name 20 = flag: flag
# span 0 =   33.14991,   33.15100       
# span 1 =  -65.68552,  -65.68542       
# span 2 =    18.3880,    20.4234       
# span 3 =   4.818068,   5.034268       
# span 4 =    36.5340,    36.6192       
# span 5 =      2.161,    199.267       
# span 6 =      2.176,    200.782       
# span 7 =    18.3928,    20.4233       
# span 8 =   4.818594,   5.034180       
# span 9 =    36.5351,    36.6200       
# span 10 =     0.0166,     0.8575      
# span 11 = 1.0000e-12, 1.0000e-12      
# span 12 =    -0.0085,     0.0766      
# span 13 =    98.1018,   100.2130      
# span 14 =       0.97,      98.80      
# span 15 =    187.589,    223.279      
# span 16 =     4.3109,     5.1299      
# span 17 = 1.0252e+02, 1.3207e+02      
# span 18 =          1,          1      
# span 19 =         16,       1421      
# span 20 = 0.0000e+00, 0.0000e+00      
# interval = decibars: 1                
# start_time = May 02 2012 22:03:41 [NMEA time, header]
# bad_flag = -9.990e-29
*END*
[from data line 276]
   33.15070  -65.68550    19.3753   4.925318    36.5942    122.130    123.035    19.3755   4.925404    36.5948     0.3547 1.0000e-12     0.0136    99.6617      98.74    213.019     4.8945 1.1574e+02          1         18 0.0000e+00
   33.15070  -65.68550    19.3755   4.925276    36.5941    121.127    122.025    19.3754   4.925358    36.5949     0.3636 1.0000e-12     0.0134    99.6655      98.74    213.234     4.8995 1.1582e+02          1         27 0.0000e+00
   33.15070  -65.68550    19.3753   4.925234    36.5942    120.128    121.018    19.3754   4.925307    36.5948     0.3889 1.0000e-12     0.0141    99.6479      98.74    213.050     4.8952 1.1583e+02          1         28 0.0000e+00
   33.15070  -65.68550    19.3752   4.925168    36.5941    119.102    119.984    19.3753   4.925253    36.5948     0.4233 1.0000e-12     0.0124    99.6894      98.74    213.429     4.9039 1.1573e+02          1         26 0.0000e+00
   33.15070  -65.68550    19.3752   4.925117    36.5941    118.116    118.991    19.3750   4.925195    36.5950     0.4413 1.0000e-12     0.0125    99.6874      98.73    213.686     4.9098 1.1583e+02          1         28 0.0000e+00
   33.15070  -65.68550    19.3754   4.925077    36.5940    117.159    118.026    19.3752   4.925146    36.5947     0.4588 1.0000e-12     0.0105    99.7372      98.73    213.911     4.9150 1.1579e+02          1         33 0.0000e+00
   33.15070  -65.68550    19.3754   4.925021    36.5939    116.155    117.014    19.3754   4.925099    36.5946     0.3981 1.0000e-12     0.0102    99.7458      98.74    213.460     4.9047 1.1579e+02          1         22 0.0000e+00
   33.15071  -65.68550    19.3757   4.925008    36.5939    115.134    115.985    19.3755   4.925065    36.5945     0.3424 1.0000e-12     0.0110    99.7253      98.75    213.227     4.8993 1.1599e+02          1         19 0.0000e+00
   33.15072  -65.68550    19.3759   4.924978    36.5939    114.125    114.969    19.3758   4.925052    36.5945     0.3611 1.0000e-12     0.0098    99.7549      98.74    212.961     4.8932 1.1557e+02          1         16 0.0000e+00
   33.15072  -65.68550    19.3759   4.924938    36.5939    113.170    114.007    19.3759   4.925013    36.5946     0.3563 1.0000e-12     0.0105    99.7374      98.73    212.978     4.8936 1.1552e+02          1         19 0.0000e+00
   33.15072  -65.68550    19.3759   4.924891    36.5939    112.155    112.983    19.3758   4.924971    36.5946     0.3417 1.0000e-12     0.0113    99.7180      98.74    213.080     4.8959 1.1530e+02          1         26 0.0000e+00
   33.15072  -65.68550    19.3762   4.924869    36.5938    111.184    112.006    19.3757   4.924923    36.5947     0.3520 1.0000e-12     0.0110    99.7251      98.73    213.190     4.8984 1.1577e+02          1         30 0.0000e+00
   33.15072  -65.68550    19.3764   4.924850    36.5938    110.188    111.002    19.3758   4.924878    36.5946     0.4042 1.0000e-12     0.0116    99.7109      98.74    213.327     4.9016 1.1560e+02          1         23 0.0000e+00
   33.15072  -65.68550    19.3767   4.924828    36.5938    109.183    109.989    19.3762   4.924852    36.5944     0.3968 1.0000e-12     0.0128    99.6792      98.74    212.927     4.8924 1.1558e+02          1         22 0.0000e+00
   33.15072  -65.68550    19.3775   4.924893    36.5940    108.165    108.963    19.3777   4.924979    36.5945     0.3808 1.0000e-12     0.0197    99.5094      98.74    213.300     4.9010 1.1505e+02          1         26 0.0000e+00
   33.15072  -65.68550    19.3783   4.924938    36.5941    107.203    107.994    19.3779   4.924969    36.5946     0.4187 1.0000e-12     0.0218    99.4585      98.74    213.322     4.9015 1.1549e+02          1         31 0.0000e+00
   33.15072  -65.68550    19.3785   4.924888    36.5938    106.219    107.002    19.3782   4.924969    36.5947     0.4284 1.0000e-12     0.0250    99.3779      98.74    213.382     4.9028 1.1533e+02          1         27 0.0000e+00
   33.15072  -65.68550    19.3795   4.924968    36.5939    105.224    106.000    19.3789   4.924989    36.5947     0.4284 1.0000e-12     0.0296    99.2639      98.74    213.608     4.9080 1.1505e+02          1         19 0.0000e+00
   33.15072  -65.68550    19.3817   4.925165    36.5940    104.238    105.007    19.3814   4.925174    36.5944     0.4900 1.0000e-12     0.0296    99.2645      98.74    213.805     4.9126 1.1566e+02          1         20 0.0000e+00
   33.15072  -65.68550    19.3829   4.925241    36.5939    103.213    103.973    19.3833   4.925345    36.5945     0.7728 1.0000e-12     0.0297    99.2620      98.74    213.675     4.9096 1.1521e+02          1         20 0.0000e+00
   33.15072  -65.68550    19.3844   4.925351    36.5939    102.233    102.986    19.3840   4.925379    36.5945     0.6862 1.0000e-12     0.0320    99.2028      98.74    213.282     4.9005 1.1508e+02          1         27 0.0000e+00
   33.15072  -65.68550    19.3839   4.925267    36.5940    101.262    102.007    19.3836   4.925318    36.5947     0.8409 1.0000e-12     0.0335    99.1654      98.73    213.951     4.9159 1.1522e+02          1         26 0.0000e+00
   33.15072  -65.68550    19.3853   4.925343    36.5938    100.325    101.063    19.3840   4.925302    36.5946     0.8575 1.0000e-12     0.0336    99.1623      98.74    215.195     4.9445 1.1525e+02          1         21 0.0000e+00
   33.15072  -65.68550    19.3871   4.925507    36.5939     99.292    100.022    19.3858   4.925429    36.5945     0.7017 1.0000e-12     0.0363    99.0975      98.73    215.216     4.9450 1.1465e+02          1         20 0.0000e+00
   33.15072  -65.68550    19.3898   4.925784    36.5943     98.255     98.977    19.3892   4.925760    36.5946     0.6325 1.0000e-12     0.0362    99.0988      98.73    214.753     4.9343 1.1454e+02          1         20 0.0000e+00
   33.15072  -65.68550    19.3913   4.925929    36.5945     97.236     97.951    19.3906   4.925909    36.5950     0.6296 1.0000e-12     0.0371    99.0754      98.74    215.331     4.9476 1.1419e+02          1         26 0.0000e+00
   33.15072  -65.68550    19.3925   4.926011    36.5945     96.285     96.993    19.3909   4.925940    36.5953     0.6534 1.0000e-12     0.0413    98.9726      98.75    215.972     4.9623 1.1434e+02          1         31 0.0000e+00
   33.15072  -65.68550    19.3928   4.925993    36.5945     95.360     96.061    19.3922   4.926039    36.5953     0.6802 1.0000e-12     0.0416    98.9650      98.75    215.875     4.9601 1.1443e+02          1         30 0.0000e+00
   33.15072  -65.68550    19.3933   4.926035    36.5948     94.285     94.977    19.3922   4.925993    36.5954     0.6581 1.0000e-12     0.0435    98.9170      98.74    216.267     4.9691 1.1527e+02          1         31 0.0000e+00
   33.15072  -65.68550    19.3952   4.926187    36.5948     93.271     93.956    19.3941   4.926161    36.5955     0.6932 1.0000e-12     0.0436    98.9150      98.74    215.986     4.9627 1.1449e+02          1         43 0.0000e+00
   33.15072  -65.68550    19.3974   4.926393    36.5949     92.330     93.008    19.3951   4.926222    36.5955     0.6811 1.0000e-12     0.0415    98.9685      98.74    216.820     4.9818 1.1421e+02          1         59 0.0000e+00
   33.15072  -65.68550    19.3993   4.926512    36.5947     91.258     91.928    19.3992   4.926587    36.5954     0.6254 1.0000e-12     0.0416    98.9643      92.30    217.191     4.9903 1.1412e+02          1        142 0.0000e+00
   33.15073  -65.68550    19.4017   4.926693    36.5945     90.640     91.305    19.4016   4.926769    36.5952     0.5618 1.0000e-12     0.0429    98.9321      98.66    217.500     4.9974 1.1372e+02          1       1069 0.0000e+00
   33.15076  -65.68550    19.4014   4.926587    36.5944     89.388     90.044    19.4016   4.926686    36.5950     0.5255 1.0000e-12     0.0455    98.8685      98.75    217.209     4.9908 1.1262e+02          1         49 0.0000e+00
   33.15076  -65.68550    19.4018   4.926573    36.5942     88.393     89.041    19.4020   4.926667    36.5948     0.5215 1.0000e-12     0.0439    98.9086      98.75    217.611     5.0000 1.1251e+02          1         34 0.0000e+00
   33.15076  -65.68550    19.4033   4.926686    36.5942     87.386     88.027    19.4031   4.926740    36.5948     0.4931 1.0000e-12     0.0412    98.9753      98.76    217.464     4.9966 1.1242e+02          1         30 0.0000e+00
   33.15076  -65.68550    19.4035   4.926645    36.5941     86.343     86.975    19.4034   4.926704    36.5946     0.4691 1.0000e-12     0.0427    98.9381      98.75    217.792     5.0041 1.1219e+02          1         27 0.0000e+00
   33.15076  -65.68550    19.4042   4.926661    36.5939     85.372     85.998    19.4041   4.926727    36.5946     0.4896 1.0000e-12     0.0419    98.9568      98.76    217.381     4.9947 1.1188e+02          1         38 0.0000e+00
   33.15076  -65.68550    19.4047   4.926655    36.5938     84.380     84.997    19.4042   4.926691    36.5946     0.5556 1.0000e-12     0.0423    98.9474      98.76    217.222     4.9910 1.1225e+02          1         28 0.0000e+00
   33.15076  -65.68550    19.4054   4.926687    36.5939     83.371     83.981    19.4054   4.926743    36.5944     0.4577 1.0000e-12     0.0421    98.9536      98.75    217.253     4.9918 1.1163e+02          1         22 0.0000e+00
   33.15076  -65.68550    19.4074   4.926861    36.5938     82.379     82.982    19.4072   4.926886    36.5943     0.4638 1.0000e-12     0.0426    98.9407      98.75    217.499     4.9974 1.1183e+02          1         22 0.0000e+00
   33.15076  -65.68550    19.4079   4.926855    36.5937     81.378     81.973    19.4083   4.926957    36.5943     0.4580 1.0000e-12     0.0444    98.8950      87.41    217.068     4.9875 1.1182e+02          1         23 0.0000e+00
   33.15076  -65.68550    19.4087   4.926899    36.5938     80.407     80.995    19.4086   4.926949    36.5944     0.4700 1.0000e-12     0.0438    98.9098      98.57    217.124     4.9888 1.1169e+02          1         28 0.0000e+00
   33.15076  -65.68550    19.4090   4.926874    36.5937     79.426     80.006    19.4091   4.926957    36.5943     0.5262 1.0000e-12     0.0440    98.9063      98.76    217.475     4.9968 1.1153e+02          1         26 0.0000e+00
   33.15076  -65.68550    19.4101   4.926936    36.5936     78.447     79.020    19.4108   4.927073    36.5941     0.4697 1.0000e-12     0.0449    98.8851      98.76    217.560     4.9988 1.1153e+02          1         24 0.0000e+00
   33.15076  -65.68550    19.4121   4.927107    36.5936     77.452     78.018    19.4115   4.927120    36.5943     0.4428 1.0000e-12     0.0466    98.8409      98.76    217.567     4.9989 1.1168e+02          1         29 0.0000e+00
   33.15076  -65.68550    19.4134   4.927191    36.5936     76.463     77.021    19.4141   4.927329    36.5941     0.4429 1.0000e-12     0.0463    98.8482      65.93    218.207     5.0137 1.1153e+02          1         31 0.0000e+00
   33.15076  -65.68552    19.4160   4.927394    36.5933     75.452     76.003    19.4165   4.927509    36.5938     0.4119 1.0000e-12     0.0484    98.7966      73.15    218.302     5.0158 1.1143e+02          1         23 0.0000e+00
   33.15076  -65.68552    19.4179   4.927567    36.5935     74.472     75.015    19.4180   4.927625    36.5938     0.3857 1.0000e-12     0.0468    98.8377      98.76    218.308     5.0160 1.1153e+02          1         18 0.0000e+00
   33.15076  -65.68552    19.4235   4.928111    36.5933     73.495     74.031    19.4215   4.927946    36.5937     0.3892 1.0000e-12     0.0479    98.8108      98.75    218.295     5.0157 1.1153e+02          1         20 0.0000e+00
   33.15076  -65.68552    19.4284   4.928584    36.5933     72.462     72.991    19.4270   4.928460    36.5935     0.3833 1.0000e-12     0.0473    98.8247      98.76    218.555     5.0216 1.1144e+02          1         25 0.0000e+00
   33.15076  -65.68552    19.4303   4.928747    36.5934     71.456     71.977    19.4293   4.928706    36.5939     0.3792 1.0000e-12     0.0492    98.7785      98.76    219.171     5.0358 1.1145e+02          1         28 0.0000e+00
   33.15078  -65.68552    19.4303   4.928705    36.5935     70.346     70.858    19.4320   4.928929    36.5939     0.4033 1.0000e-12     0.0506    98.7432      98.75    219.085     5.0338 1.1141e+02          1         37 0.0000e+00
   33.15078  -65.68552    19.4343   4.929086    36.5935     69.437     69.943    19.4385   4.929583    36.5939     0.3556 1.0000e-12     0.0501    98.7544      98.76    218.843     5.0282 1.1149e+02          1         54 0.0000e+00
   33.15078  -65.68550    19.4359   4.929207    36.5936     68.432     68.930    19.4369   4.929373    36.5941     0.3325 1.0000e-12     0.0534    98.6749      98.77    219.872     5.0519 1.1076e+02          1        183 0.0000e+00
   33.15078  -65.68550    19.4419   4.929776    36.5936     67.434     67.924    19.4454   4.930229    36.5941     0.3507 1.0000e-12     0.0529    98.6859      98.76    220.032     5.0556 1.0972e+02          1        127 0.0000e+00
   33.15078  -65.68550    19.4466   4.930231    36.5935     66.607     67.091    19.4489   4.930538    36.5940     0.3441 1.0000e-12     0.0505    98.7449      98.76    220.097     5.0571 1.0936e+02          1        104 0.0000e+00
   33.15080  -65.68550    19.4545   4.931038    36.5937     65.867     66.346    19.4545   4.931115    36.5944     0.3199 1.0000e-12     0.0517    98.7156      98.70    220.519     5.0667 1.0582e+02          1        383 0.0000e+00
   33.15082  -65.68548    19.4560   4.931133    36.5937     64.499     64.968    19.4563   4.931230    36.5943     0.3018 1.0000e-12     0.0549    98.6370      98.76    220.597     5.0685 1.0360e+02          1         81 0.0000e+00
   33.15082  -65.68548    19.4592   4.931412    36.5935     63.594     64.056    19.4595   4.931488    36.5938     0.3020 1.0000e-12     0.0631    98.4345      98.77    220.748     5.0720 1.0360e+02          1         27 0.0000e+00
   33.15082  -65.68548    19.4641   4.931882    36.5934     62.586     63.040    19.4656   4.932005    36.5931     0.2888 1.0000e-12     0.0573    98.5766      98.77    220.614     5.0689 1.0296e+02          1         19 0.0000e+00
   33.15082  -65.68548    19.4749   4.932865    36.5923     61.551     61.998    19.4764   4.933034    36.5923     0.2838 1.0000e-12     0.0582    98.5563      98.77    220.493     5.0661 1.0300e+02          1         23 0.0000e+00
   33.15082  -65.68548    19.4797   4.933311    36.5921     60.553     60.993    19.4795   4.933322    36.5924     0.2661 1.0000e-12     0.0602    98.5074      98.40    220.407     5.0641 1.0268e+02          1         31 0.0000e+00
   33.15082  -65.68548    19.4803   4.933327    36.5921     59.601     60.034    19.4804   4.933397    36.5927     0.2843 1.0000e-12     0.0616    98.4715      95.69    221.433     5.0877 1.0313e+02          1         30 0.0000e+00
   33.15082  -65.68548    19.4817   4.933404    36.5919     58.615     59.040    19.4826   4.933521    36.5921     0.3411 1.0000e-12     0.0624    98.4524      90.73    221.228     5.0830 1.0300e+02          1         23 0.0000e+00
   33.15082  -65.68548    19.4904   4.934275    36.5919     57.590     58.008    19.4875   4.934018    36.5923     0.2511 1.0000e-12     0.0616    98.4706      97.42    221.361     5.0860 1.0270e+02          1         24 0.0000e+00
   33.15082  -65.68548    19.5026   4.935515    36.5917     56.561     56.971    19.4968   4.934941    36.5921     0.2643 1.0000e-12     0.0642    98.4090      70.32    221.860     5.0975 1.0254e+02          1         30 0.0000e+00
   33.15082  -65.68548    19.5174   4.937099    36.5920     55.614     56.017    19.5154   4.936647    36.5900     0.2769 1.0000e-12     0.0670    98.3383      84.17    221.537     5.0900 1.0261e+02          1         31 0.0000e+00
