Data/ruptures/KN207-01/QL-2/20701057.cnv
* Sea-Bird SBE 9 Data File:
* FileName = C:\Data\ctd\20701057.hex
* Software Version Seasave V 7.21e
* Temperature SN = 4406
* Conductivity SN = 1474
* Number of Bytes Per Scan = 40
* Number of Voltage Words = 5
* Number of Scans Averaged by the Deck Unit = 1
* NMEA Latitude = 32 55.66 N
* NMEA Longitude = 065 54.10 W
* NMEA UTC (Time) = Apr 30 2012 10:06:35
** R/V Knorr Cruise # KN207-01 QL 2
** Chief Scientist: Ben Van Mooy
# nquan = 21
# nvalues = 396                         
# units = specified
# name 0 = latitude: Latitude [deg]
# name 1 = longitude: Longitude [deg]
# name 2 = t090C: Temperature [ITS-90, deg C]
# name 3 = c0S/m: Conductivity [S/m]
# name 4 = sal00: Salinity, Practical [PSU]
# name 5 = depSM: Depth [salt water, m]
# name 6 = prDM: Pressure, Digiquartz [db]
# name 7 = t190C: Temperature, 2 [ITS-90, deg C]
# name 8 = c1S/m: Conductivity, 2 [S/m]
# name 9 = sal11: Salinity, Practical, 2 [PSU]
# name 10 = flECO-AFL: Fluorescence, WET Labs ECO-AFL/FL [mg/m^3]
# name 11 = par: PAR/Irradiance, Biospherical/Licor
# name 12 = bat: Beam Attenuation, Chelsea/Seatech [1/m]
# name 13 = xmiss: Beam Transmission, Chelsea/Seatech [%]
# name 14 = altM: Altimeter [m]
# name 15 = sbeox0Mm/Kg: Oxygen, SBE 43 [umol/kg]
# name 16 = sbeox0ML/L: Oxygen, SBE 43 [ml/l]
# name 17 = spar: SPAR/Surface Irradiance
# name 18 = pumps: Pump Status
# name 19 = nbin: number of scans per bin
# name 20 = flag: flag
# span 0 =   32.92425,   32.92764       
# span 1 =  -65.90170,  -65.90038       
# span 2 =    18.2405,    20.4401       
# span 3 =   4.114195,   5.033441       
# span 4 =    29.2212,    36.9033       
# span 5 =      2.202,    198.446       
# span 6 =      2.218,    199.951       
# span 7 =    18.2408,    20.4398       
# span 8 =   4.801884,   5.033507       
# span 9 =    34.8604,    36.7320       
# span 10 =     0.0156,     0.8073      
# span 11 = 1.0000e-12, 1.6830e-01      
# span 12 =    -0.0074,     0.0684      
# span 13 =    98.3034,   100.1849      
# span 14 =       1.04,      98.85      
# span 15 =    127.671,    382.523      
# span 16 =     2.9330,     8.7855      
# span 17 = 5.1751e+01, 1.1395e+02      
# span 18 =          1,          1      
# span 19 =         18,       4085      
# span 20 = 0.0000e+00, 0.0000e+00      
# interval = decibars: 1                
# start_time = Apr 30 2012 10:06:35 [NMEA time, header]
# bad_flag = -9.990e-29
*END*
[from data line 345]
   32.92520  -65.90062    19.6471   4.951316    36.5960     51.607     51.979    19.6392   4.950090    36.5929     0.1845 1.0000e-12     0.0580    98.5612      97.69    219.626     5.0460 6.9150e+01          1         21 0.0000e+00
   32.92520  -65.90062    19.6704   4.953777    36.5963     50.608     50.973    19.6632   4.952832    36.5949     0.1955 1.0000e-12     0.0597    98.5199      98.08    219.989     5.0543 6.9150e+01          1         24 0.0000e+00
   32.92520  -65.90062    19.6950   4.956370    36.5966     49.617     49.975    19.6908   4.955649    36.5943     0.1854 1.0000e-12     0.0624    98.4526      59.14    220.083     5.0564 6.9227e+01          1         29 0.0000e+00
   32.92520  -65.90062    19.7625   4.963641    36.5972     48.650     49.001    19.7431   4.960739    36.5904     0.1767 1.0000e-12     0.0630    98.4370      61.01    219.698     5.0475 6.9150e+01          1         28 0.0000e+00
   32.92520  -65.90062    19.8368   4.971612    36.5976     47.640     47.983    19.8172   4.968745    36.5912     0.1758 1.0000e-12     0.0651    98.3853      89.96    219.575     5.0446 6.9247e+01          1         23 0.0000e+00
   32.92520  -65.90062    19.9098   4.979217    36.5961     46.649     46.986    19.8885   4.976091    36.5891     0.1566 1.0000e-12     0.0684    98.3034      98.78    219.175     5.0353 6.9267e+01          1         19 0.0000e+00
   32.92520  -65.90062    19.9835   4.986954    36.5951     45.664     45.993    19.9689   4.984461    36.5874     0.1588 1.0000e-12     0.0666    98.3494      98.78    218.891     5.0286 6.9150e+01          1         20 0.0000e+00
   32.92520  -65.90062    20.0153   4.990273    36.5953     44.647     44.968    20.0010   4.988336    36.5919     0.1630 1.0000e-12     0.0657    98.3703      98.79    218.708     5.0244 6.9256e+01          1         21 0.0000e+00
   32.92519  -65.90062    20.0362   4.992419    36.5955     43.633     43.947    20.0315   4.991582    36.5926     0.1561 1.0000e-12     0.0664    98.3528      98.78    218.347     5.0161 6.9429e+01          1         24 0.0000e+00
   32.92518  -65.90062    20.0587   4.994667    36.5954     42.655     42.962    20.0531   4.993917    36.5940     0.1393 1.0000e-12     0.0646    98.3966      98.78    217.488     4.9963 6.9708e+01          1         28 0.0000e+00
   32.92518  -65.90062    20.0758   4.996454    36.5962     41.720     42.020    20.0721   4.995905    36.5947     0.1447 1.0000e-12     0.0639    98.4154      98.78    217.368     4.9935 6.9765e+01          1         29 0.0000e+00
   32.92518  -65.90062    20.0926   4.998186    36.5966     40.759     41.052    20.0902   4.997716    36.5947     0.1436 1.0000e-12     0.0641    98.4085      98.78    217.754     5.0024 6.9987e+01          1         24 0.0000e+00
   32.92518  -65.90062    20.1121   5.000181    36.5969     39.705     39.990    20.1117   5.000048    36.5960     0.1174 1.0000e-12     0.0657    98.3709      98.78    217.785     5.0031 6.9488e+01          1         33 0.0000e+00
   32.92516  -65.90062    20.1195   5.000916    36.5977     38.709     38.987    20.1179   5.000753    36.5976     0.1325 1.0000e-12     0.0619    98.4649      98.78    217.659     5.0002 6.9956e+01          1         36 0.0000e+00
   32.92516  -65.90062    20.1259   5.001527    36.5985     37.613     37.883    20.1249   5.001416    36.5984     0.1364 1.0000e-12     0.0593    98.5296      98.78    217.330     4.9926 7.0567e+01          1         74 0.0000e+00
   32.92514  -65.90060    20.1297   5.001820    36.5993     36.829     37.093    20.1294   5.001813    36.5995     0.1193 1.0000e-12     0.0598    98.5165      98.79    217.633     4.9996 7.1091e+01          1        100 0.0000e+00
   32.92503  -65.90058    20.1305   5.001817    36.6003     36.052     36.311    20.1305   5.001878    36.6007     0.1227 1.0000e-12     0.0590    98.5360      94.89    217.679     5.0006 7.4303e+01          1        129 0.0000e+00
   32.92492  -65.90056    20.1309   5.001803    36.6007     34.707     34.956    20.1309   5.001857    36.6012     0.1282 1.0000e-12     0.0595    98.5252      98.79    217.800     5.0034 7.8119e+01          1         48 0.0000e+00
   32.92492  -65.90056    20.1329   5.001997    36.6009     33.762     34.004    20.1330   5.002077    36.6014     0.1294 1.0000e-12     0.0593    98.5299      96.92    217.912     5.0060 7.8247e+01          1         77 0.0000e+00
   32.92492  -65.90056    20.1337   5.002032    36.6008     32.777     33.012    20.1346   5.002194    36.6014     0.1305 1.0000e-12     0.0606    98.4970      76.10    217.418     4.9946 7.8630e+01          1         52 0.0000e+00
   32.92490  -65.90056    20.1354   5.002154    36.6007     31.801     32.029    20.1361   5.002298    36.6013     0.1184 1.0000e-12     0.0591    98.5343      71.15    217.683     5.0007 7.9467e+01          1         48 0.0000e+00
   32.92490  -65.90056    20.1370   5.002297    36.6009     30.800     31.021    20.1379   5.002451    36.6014     0.1330 1.0000e-12     0.0595    98.5231      98.79    217.507     4.9967 7.9492e+01          1         55 0.0000e+00
   32.92489  -65.90056    20.1413   5.002710    36.6009     29.798     30.012    20.1423   5.002870    36.6013     0.1149 1.0000e-12     0.0612    98.4824      98.79    217.667     5.0003 7.9676e+01          1         64 0.0000e+00
   32.92488  -65.90056    20.1493   5.003555    36.6010     28.818     29.025    20.1505   5.003708    36.6013     0.1120 1.0000e-12     0.0569    98.5871      98.79    217.714     5.0014 8.0266e+01          1         61 0.0000e+00
   32.92487  -65.90056    20.1648   5.005156    36.6009     27.789     27.988    20.1659   5.005291    36.6010     0.1175 1.0000e-12     0.0584    98.5510      98.79    217.473     4.9958 8.0341e+01          1         58 0.0000e+00
   32.92486  -65.90056    20.1822   5.006962    36.6008     26.837     27.029    20.1889   5.007703    36.6009     0.1171 1.0000e-12     0.0580    98.5600      98.79    217.470     4.9957 8.0257e+01          1         49 0.0000e+00
   32.92486  -65.90056    20.1931   5.008111    36.6011     25.767     25.952    20.1997   5.008876    36.6016     0.1048 1.0000e-12     0.0573    98.5787      98.78    217.866     5.0048 8.0519e+01          1         62 0.0000e+00
   32.92486  -65.90056    20.2165   5.010616    36.6015     24.893     25.071    20.2167   5.010722    36.6022     0.1167 1.0000e-12     0.0580    98.5619      98.79    217.656     5.0000 8.0993e+01          1         55 0.0000e+00
   32.92485  -65.90056    20.2173   5.010649    36.6017     23.807     23.977    20.2214   5.011106    36.6018     0.1103 1.0000e-12     0.0574    98.5762      98.79    217.053     4.9861 8.1059e+01          1         62 0.0000e+00
   32.92484  -65.90056    20.2307   5.012061    36.6020     22.834     22.997    20.2314   5.012177    36.6024     0.0994 1.0000e-12     0.0576    98.5705      91.17    217.584     4.9983 8.2001e+01          1         67 0.0000e+00
   32.92483  -65.90056    20.2344   5.012394    36.6020     21.868     22.024    20.2369   5.012657    36.6020     0.1069 1.0000e-12     0.0570    98.5843      98.71    217.239     4.9904 8.2187e+01          1         45 0.0000e+00
   32.92482  -65.90056    20.2416   5.013082    36.6019     20.793     20.942    20.2457   5.013421    36.6011     0.1155 1.0000e-12     0.0564    98.6007      78.22    217.529     4.9970 8.2162e+01          1         48 0.0000e+00
   32.92481  -65.90056    20.3491   5.024675    36.6020     19.851     19.992    20.3632   5.025923    36.5998     0.1003 1.0000e-12     0.0583    98.5525      91.14    216.912     4.9827 8.2589e+01          1         81 0.0000e+00
   32.92480  -65.90056    20.3929   5.029374    36.6029     18.949     19.085    20.3968   5.029857    36.6036     0.1075 1.0000e-12     0.0558    98.6152      98.79    216.910     4.9826 8.2685e+01          1         59 0.0000e+00
   32.92479  -65.90056    20.4020   5.030158    36.6023     17.877     18.005    20.3971   5.029652    36.6027     0.1063 1.0000e-12     0.0540    98.6599      98.79    216.128     4.9646 8.2769e+01          1         38 0.0000e+00
   32.92478  -65.90056    20.4204   5.032203    36.6036     16.818     16.938    20.4216   5.032218    36.6028     0.1103 1.0000e-12     0.0539    98.6632      98.79    216.341     4.9695 8.2925e+01          1         57 0.0000e+00
   32.92478  -65.90055    20.4319   5.033441    36.6045     16.027     16.141    20.4320   5.033507    36.6050     0.0831 1.0000e-12     0.0550    98.6355      98.80    216.992     4.9845 8.3297e+01          1         76 0.0000e+00
   32.92478  -65.90054    20.4300   5.033114    36.6044     14.893     14.999    20.4292   5.033103    36.6050     0.0964 1.0000e-12     0.0520    98.7087      98.79    216.510     4.9734 8.3894e+01          1         41 0.0000e+00
   32.92477  -65.90054    20.4311   5.033209    36.6048     13.868     13.967    20.4314   5.033283    36.6052     0.1088 1.0000e-12     0.0529    98.6878      74.42    216.579     4.9750 8.4159e+01          1         70 0.0000e+00
   32.92476  -65.90054    20.4329   5.033333    36.6049     12.940     13.032    20.4321   5.033314    36.6054     0.1014 1.0000e-12     0.0529    98.6874      98.80    216.669     4.9770 8.4546e+01          1         61 0.0000e+00
   32.92475  -65.90054    20.4321   5.033181    36.6049     11.888     11.972    20.4313   5.033143    36.6053     0.0954 1.0000e-12     0.0540    98.6581      98.80    216.373     4.9702 8.4474e+01          1         46 0.0000e+00
   32.92474  -65.90054    20.4314   5.033089    36.6052     10.866     10.943    20.4311   5.033109    36.6057     0.1063 1.0000e-12     0.0529    98.6862      98.80    216.874     4.9818 8.4692e+01          1         61 0.0000e+00
   32.92474  -65.90054    20.4279   5.032717    36.6057      9.990     10.061    20.4284   5.032829    36.6062     0.1063 1.0000e-12     0.0532    98.6798      98.80    216.447     4.9720 8.4802e+01          1         61 0.0000e+00
   32.92472  -65.90054    20.4275   5.032630    36.6058      8.988      9.052    20.4277   5.032705    36.6062     0.1026 1.0000e-12     0.0547    98.6421      98.80    216.142     4.9649 8.5007e+01          1         92 0.0000e+00
   32.92472  -65.90054    20.4308   5.032941    36.6058      7.807      7.862    20.4305   5.032959    36.6063     0.0999 1.0000e-12     0.0532    98.6798      98.80    216.619     4.9759 8.5455e+01          1         97 0.0000e+00
   32.92463  -65.90050    20.4250   5.032320    36.6061      7.150      7.201    20.4247   5.032354    36.6067     0.1062 1.0000e-12     0.0536    98.6686      97.43    216.738     4.9786 8.8991e+01          1       1160 0.0000e+00
   32.92454  -65.90046    20.4246   5.032241    36.6063      5.895      5.937    20.4246   5.032294    36.6067     0.1023 1.0000e-12     0.0522    98.7024      81.17    216.797     4.9800 9.3273e+01          1        167 0.0000e+00
   32.92443  -65.90043    20.4270   5.032448    36.6062      5.183      5.219    20.4269   5.032497    36.6067     0.1158 1.0000e-12     0.0528    98.6879      88.82    216.728     4.9784 9.9307e+01          1       1188 0.0000e+00
   32.92432  -65.90038    20.4300   5.032702    36.6060      4.163      4.193    20.4298   5.032750    36.6065     0.1025 1.0000e-12     0.0556    98.6184       6.13    217.011     4.9849 1.0809e+02          1        133 0.0000e+00
   32.92429  -65.90038    20.4297   5.032630    36.6061      3.087      3.109    20.4296   5.032678    36.6066     0.1152 1.0000e-12     0.0531    98.6812      39.36    216.723     4.9783 1.1070e+02          1        182 0.0000e+00
   32.92425  -65.90038    20.4295   5.032569    36.6061      2.202      2.218    20.4295   5.032626    36.6066     0.1091 1.0000e-12     0.0520    98.7094      84.74    216.583     4.9751 1.1395e+02          1        221 0.0000e+00
