Data/ruptures/KN207-01/QL-2/20701070.cnv
* Sea-Bird SBE 9 Data File:
* FileName = C:\Data\ctd\20701070.hex
* Software Version Seasave V 7.21e
* Temperature SN = 4406
* Conductivity SN = 1474
* Number of Bytes Per Scan = 40
* Number of Voltage Words = 5
* Number of Scans Averaged by the Deck Unit = 1
* NMEA Latitude = 32 58.13 N
* NMEA Longitude = 065 45.11 W
* NMEA UTC (Time) = May 01 2012 19:59:29
** R/V Knorr Cruise # KN207-01 QL 2
** Chief Scientist: Ben Van Mooy
# nquan = 21
# nvalues = 400                         
# units = specified
# name 0 = latitude: Latitude [deg]
# name 1 = longitude: Longitude [deg]
# name 2 = t090C: Temperature [ITS-90, deg C]
# name 3 = c0S/m: Conductivity [S/m]
# name 4 = sal00: Salinity, Practical [PSU]
# name 5 = depSM: Depth [salt water, m]
# name 6 = prDM: Pressure, Digiquartz [db]
# name 7 = t190C: Temperature, 2 [ITS-90, deg C]
# name 8 = c1S/m: Conductivity, 2 [S/m]
# name 9 = sal11: Salinity, Practical, 2 [PSU]
# name 10 = flECO-AFL: Fluorescence, WET Labs ECO-AFL/FL [mg/m^3]
# name 11 = par: PAR/Irradiance, Biospherical/Licor
# name 12 = bat: Beam Attenuation, Chelsea/Seatech [1/m]
# name 13 = xmiss: Beam Transmission, Chelsea/Seatech [%]
# name 14 = altM: Altimeter [m]
# name 15 = sbeox0Mm/Kg: Oxygen, SBE 43 [umol/kg]
# name 16 = sbeox0ML/L: Oxygen, SBE 43 [ml/l]
# name 17 = spar: SPAR/Surface Irradiance
# name 18 = pumps: Pump Status
# name 19 = nbin: number of scans per bin
# name 20 = flag: flag
# span 0 =   32.96895,   32.97112       
# span 1 =  -65.75186,  -65.75018       
# span 2 =    17.8290,    20.5093       
# span 3 =   4.466712,   5.042299       
# span 4 =    31.9975,    37.0387       
# span 5 =      2.443,    200.081       
# span 6 =      2.460,    201.600       
# span 7 =    17.8277,    20.5271       
# span 8 =   4.756422,   5.044471       
# span 9 =    36.5038,    36.6217       
# span 10 =    -0.0109,     0.9680      
# span 11 = 1.0000e-12, 1.0000e-12      
# span 12 =    -0.0145,     0.0816      
# span 13 =    97.9815,   100.3643      
# span 14 =       1.29,      98.93      
# span 15 =    124.867,    388.715      
# span 16 =     2.8694,     8.9286      
# span 17 = 2.4889e+03, 2.6009e+03      
# span 18 =          1,          1      
# span 19 =         11,       1231      
# span 20 = 0.0000e+00, 0.0000e+00      
# interval = decibars: 1                
# start_time = May 01 2012 19:59:29 [NMEA time, header]
# bad_flag = -9.990e-29
*END*
[from data line 69]
   32.96944  -65.75156    19.4187   4.927329    36.5924     71.463     71.982    19.4189   4.927464    36.5933     0.3955 1.0000e-12     0.0645    98.3997      98.67    218.106     5.0113 2.5777e+03          1         54 0.0000e+00
   32.96944  -65.75156    19.4154   4.927101    36.5930     72.472     73.000    19.4157   4.927183    36.5934     0.3977 1.0000e-12     0.0625    98.4511      98.67    216.842     4.9823 2.5809e+03          1         42 0.0000e+00
   32.96944  -65.75156    19.4136   4.926931    36.5928     73.455     73.989    19.4139   4.927043    36.5935     0.4133 1.0000e-12     0.0604    98.5020      98.67    215.036     4.9408 2.5796e+03          1         45 0.0000e+00
   32.96944  -65.75156    19.4096   4.926573    36.5930     74.464     75.007    19.4099   4.926672    36.5935     0.4342 1.0000e-12     0.0602    98.5060      98.68    214.066     4.9185 2.5781e+03          1         47 0.0000e+00
   32.96944  -65.75156    19.4067   4.926309    36.5929     75.470     76.020    19.4071   4.926445    36.5937     0.4349 1.0000e-12     0.0605    98.4987      90.19    214.262     4.9230 2.5796e+03          1         54 0.0000e+00
   32.96946  -65.75154    19.4031   4.925934    36.5925     76.422     76.979    19.4034   4.926080    36.5935     0.4704 1.0000e-12     0.0584    98.5499      88.32    214.850     4.9365 2.5789e+03          1         52 0.0000e+00
   32.96946  -65.75154    19.4006   4.925680    36.5922     77.408     77.972    19.4009   4.925846    36.5934     0.4749 1.0000e-12     0.0559    98.6118      98.67    215.500     4.9515 2.5773e+03          1         38 0.0000e+00
   32.96947  -65.75154    19.3974   4.925372    36.5921     78.449     79.021    19.3976   4.925492    36.5929     0.4745 1.0000e-12     0.0565    98.5975      98.67    215.713     4.9564 2.5782e+03          1         35 0.0000e+00
   32.96948  -65.75154    19.3961   4.925248    36.5918     79.469     80.048    19.3971   4.925486    36.5928     0.5495 1.0000e-12     0.0570    98.5859      98.67    215.525     4.9520 2.5803e+03          1         79 0.0000e+00
   32.96948  -65.75154    19.3948   4.925188    36.5921     80.349     80.935    19.3949   4.925323    36.5931     0.5719 1.0000e-12     0.0575    98.5737      98.67    215.106     4.9424 2.5790e+03          1         34 0.0000e+00
   32.96948  -65.75152    19.3943   4.925211    36.5922     81.415     82.009    19.3945   4.925357    36.5933     0.6040 1.0000e-12     0.0582    98.5563      98.66    215.693     4.9559 2.5785e+03          1         31 0.0000e+00
   32.96948  -65.75152    19.3937   4.925182    36.5921     82.485     83.087    19.3942   4.925361    36.5932     0.7118 1.0000e-12     0.0611    98.4854      98.67    215.130     4.9430 2.5791e+03          1         66 0.0000e+00
   32.96949  -65.75152    19.3915   4.924993    36.5921     83.346     83.954    19.3917   4.925154    36.5933     0.7923 1.0000e-12     0.0612    98.4814      98.67    215.225     4.9452 2.5797e+03          1         46 0.0000e+00
   32.96950  -65.75152    19.3904   4.924948    36.5923     84.427     85.044    19.3906   4.925067    36.5931     0.8072 1.0000e-12     0.0637    98.4196      98.67    215.281     4.9465 2.5815e+03          1         47 0.0000e+00
   32.96950  -65.75152    19.3892   4.924838    36.5921     85.292     85.915    19.3894   4.924985    36.5932     0.8008 1.0000e-12     0.0629    98.4388      98.67    213.533     4.9063 2.5795e+03          1         42 0.0000e+00
   32.96952  -65.75150    19.3884   4.924790    36.5920     86.391     87.023    19.3884   4.924925    36.5931     0.8196 1.0000e-12     0.0604    98.5023      98.67    214.300     4.9239 2.5787e+03          1         40 0.0000e+00
   32.96952  -65.75150    19.3875   4.924731    36.5918     87.377     88.016    19.3877   4.924859    36.5928     0.8215 1.0000e-12     0.0601    98.5093      98.67    214.622     4.9313 2.5802e+03          1         64 0.0000e+00
   32.96953  -65.75150    19.3873   4.924771    36.5920     88.345     88.991    19.3874   4.924900    36.5930     0.8737 1.0000e-12     0.0586    98.5453      98.67    214.566     4.9300 2.5826e+03          1         49 0.0000e+00
   32.96954  -65.75150    19.3872   4.924830    36.5922     89.345     89.999    19.3872   4.924959    36.5932     0.8520 1.0000e-12     0.0567    98.5917      93.83    214.672     4.9325 2.5810e+03          1         37 0.0000e+00
   32.96954  -65.75150    19.3854   4.924642    36.5919     90.313     90.974    19.3855   4.924783    36.5930     0.8207 1.0000e-12     0.0548    98.6404      82.65    214.771     4.9347 2.5781e+03          1         37 0.0000e+00
   32.96956  -65.75148    19.3835   4.924449    36.5915     91.404     92.074    19.3836   4.924580    36.5925     0.9680 1.0000e-12     0.0540    98.6595      98.67    214.277     4.9234 2.5808e+03          1         75 0.0000e+00
   32.96956  -65.75148    19.3828   4.924438    36.5917     92.285     92.961    19.3829   4.924557    36.5926     0.9048 1.0000e-12     0.0509    98.7346      98.67    213.985     4.9167 2.5797e+03          1         45 0.0000e+00
   32.96956  -65.75147    19.3825   4.924471    36.5918     93.333     94.017    19.3826   4.924588    36.5928     0.8628 1.0000e-12     0.0460    98.8565      98.68    214.541     4.9295 2.5770e+03          1         31 0.0000e+00
   32.96956  -65.75146    19.3819   4.924437    36.5917     94.360     95.052    19.3819   4.924566    36.5927     0.8046 1.0000e-12     0.0416    98.9652      98.67    213.736     4.9110 2.5792e+03          1         32 0.0000e+00
   32.96956  -65.75146    19.3816   4.924443    36.5916     95.330     96.029    19.3817   4.924556    36.5924     0.9232 1.0000e-12     0.0380    99.0549      98.67    213.990     4.9168 2.5799e+03          1         68 0.0000e+00
   32.96958  -65.75146    19.3813   4.924466    36.5917     96.281     96.987    19.3814   4.924574    36.5925     0.8184 1.0000e-12     0.0376    99.0656      98.68    213.719     4.9106 2.5773e+03          1         53 0.0000e+00
   32.96958  -65.75146    19.3813   4.924528    36.5918     97.295     98.008    19.3814   4.924643    36.5927     0.7777 1.0000e-12     0.0342    99.1496      98.68    213.835     4.9133 2.5785e+03          1         52 0.0000e+00
   32.96959  -65.75145    19.3815   4.924594    36.5918     98.278     98.999    19.3815   4.924708    36.5927     0.9347 1.0000e-12     0.0319    99.2058      98.67    213.655     4.9091 2.5791e+03          1         38 0.0000e+00
   32.96960  -65.75144    19.3814   4.924641    36.5919     99.291    100.020    19.3814   4.924743    36.5928     0.6471 1.0000e-12     0.0307    99.2351      98.68    213.825     4.9130 2.5777e+03          1         32 0.0000e+00
   32.96960  -65.75144    19.3818   4.924750    36.5920    100.302    101.039    19.3818   4.924865    36.5930     0.5991 1.0000e-12     0.0281    99.2996      98.68    214.018     4.9174 2.5773e+03          1         46 0.0000e+00
   32.96962  -65.75144    19.3820   4.924818    36.5921    101.188    101.932    19.3821   4.924917    36.5929     0.6737 1.0000e-12     0.0260    99.3525      98.67    213.493     4.9054 2.5777e+03          1         78 0.0000e+00
   32.96962  -65.75144    19.3824   4.924944    36.5924    102.211    102.962    19.3824   4.925037    36.5932     0.7860 1.0000e-12     0.0261    99.3499      98.68    213.682     4.9097 2.5804e+03          1         31 0.0000e+00
   32.96962  -65.75144    19.3813   4.924848    36.5922    103.233    103.992    19.3813   4.924941    36.5930     0.5343 1.0000e-12     0.0235    99.4155      98.67    213.211     4.8989 2.5778e+03          1         26 0.0000e+00
   32.96962  -65.75142    19.3799   4.924690    36.5917    104.282    105.049    19.3800   4.924808    36.5927     0.5202 1.0000e-12     0.0237    99.4089      98.68    213.430     4.9039 2.5766e+03          1         42 0.0000e+00
   32.96962  -65.75142    19.3798   4.924720    36.5918    105.159    105.933    19.3798   4.924828    36.5926     0.5571 1.0000e-12     0.0230    99.4262      98.68    213.653     4.9091 2.5774e+03          1         44 0.0000e+00
   32.96962  -65.75142    19.3792   4.924724    36.5919    106.204    106.986    19.3792   4.924843    36.5929     0.4932 1.0000e-12     0.0210    99.4769      98.68    213.953     4.9160 2.5621e+03          1         32 0.0000e+00
   32.96964  -65.75142    19.3787   4.924709    36.5918    107.194    107.983    19.3787   4.924809    36.5927     0.4254 1.0000e-12     0.0199    99.5055      98.68    213.344     4.9019 2.5685e+03          1         27 0.0000e+00
   32.96964  -65.75142    19.3787   4.924762    36.5919    108.194    108.991    19.3786   4.924855    36.5928     0.4095 1.0000e-12     0.0182    99.5470      98.68    213.342     4.9019 2.5648e+03          1         26 0.0000e+00
   32.96964  -65.75142    19.3793   4.924903    36.5921    109.181    109.985    19.3794   4.925008    36.5930     0.4080 1.0000e-12     0.0160    99.6011      98.68    213.447     4.9043 2.5672e+03          1         28 0.0000e+00
   32.96964  -65.75142    19.3797   4.925010    36.5923    110.200    111.013    19.3798   4.925112    36.5931     0.3787 1.0000e-12     0.0144    99.6400      98.68    213.816     4.9128 2.5710e+03          1         32 0.0000e+00
   32.96966  -65.75140    19.3797   4.925043    36.5922    111.175    111.994    19.3797   4.925142    36.5930     0.3652 1.0000e-12     0.0148    99.6299      98.69    213.482     4.9051 2.5652e+03          1         38 0.0000e+00
   32.96966  -65.75140    19.3797   4.925076    36.5921    112.127    112.954    19.3797   4.925195    36.5931     0.3830 1.0000e-12     0.0151    99.6249      98.68    213.423     4.9038 2.5550e+03          1         30 0.0000e+00
   32.96966  -65.75140    19.3796   4.925142    36.5924    113.152    113.986    19.3796   4.925245    36.5933     0.3521 1.0000e-12     0.0158    99.6049      98.68    212.827     4.8901 2.5591e+03          1         24 0.0000e+00
   32.96966  -65.75140    19.3794   4.925143    36.5922    114.155    114.997    19.3794   4.925264    36.5932     0.3409 1.0000e-12     0.0116    99.7117      98.68    212.753     4.8884 2.5647e+03          1         18 0.0000e+00
   32.96966  -65.75140    19.3794   4.925205    36.5923    115.146    115.996    19.3794   4.925316    36.5933     0.3701 1.0000e-12     0.0121    99.6975      98.68    213.437     4.9041 2.5673e+03          1         23 0.0000e+00
   32.96968  -65.75138    19.3803   4.925387    36.5927    116.159    117.017    19.3803   4.925480    36.5934     0.3755 1.0000e-12     0.0116    99.7096      98.68    213.611     4.9081 2.5530e+03          1         22 0.0000e+00
   32.96968  -65.75138    19.3807   4.925486    36.5928    117.130    117.995    19.3807   4.925583    36.5936     0.3325 1.0000e-12     0.0133    99.6695      98.68    213.133     4.8971 2.5547e+03          1         23 0.0000e+00
   32.96968  -65.75138    19.3805   4.925495    36.5927    118.107    118.980    19.3805   4.925602    36.5936     0.3026 1.0000e-12     0.0115    99.7131      98.68    213.345     4.9020 2.5566e+03          1         23 0.0000e+00
   32.96968  -65.75138    19.3802   4.925488    36.5925    119.126    120.006    19.3802   4.925597    36.5934     0.2790 1.0000e-12     0.0117    99.7085      98.68    213.664     4.9093 2.5545e+03          1         28 0.0000e+00
   32.96968  -65.75138    19.3797   4.925484    36.5925    120.122    121.010    19.3798   4.925597    36.5934     0.2411 1.0000e-12     0.0094    99.7654      98.68    212.796     4.8894 2.5563e+03          1         30 0.0000e+00
   32.96968  -65.75138    19.3799   4.925554    36.5925    121.092    121.987    19.3799   4.925648    36.5934     0.2268 1.0000e-12     0.0072    99.8216      98.68    212.727     4.8878 2.5623e+03          1         27 0.0000e+00
   32.96968  -65.75138    19.3789   4.925430    36.5921    122.082    122.985    19.3791   4.925592    36.5932     0.1983 1.0000e-12     0.0081    99.7977      98.68    213.201     4.8987 2.5713e+03          1         24 0.0000e+00
   32.96968  -65.75138    19.3785   4.925429    36.5921    123.065    123.975    19.3786   4.925557    36.5930     0.2153 1.0000e-12     0.0084    99.7914      98.68    213.114     4.8967 2.5660e+03          1         22 0.0000e+00
   32.96968  -65.75138    19.3786   4.925488    36.5921    124.064    124.982    19.3786   4.925595    36.5929     0.1950 1.0000e-12     0.0049    99.8778      98.68    212.590     4.8846 2.5593e+03          1         22 0.0000e+00
   32.96969  -65.75137    19.3787   4.925554    36.5921    125.071    125.997    19.3786   4.925662    36.5931     0.1833 1.0000e-12     0.0051    99.8731      98.69    212.587     4.8846 2.5545e+03          1         22 0.0000e+00
   32.96970  -65.75136    19.3786   4.925587    36.5921    126.063    126.997    19.3786   4.925703    36.5930     0.1735 1.0000e-12     0.0065    99.8365      98.68    213.145     4.8974 2.5545e+03          1         20 0.0000e+00
   32.96970  -65.75136    19.3782   4.925582    36.5920    127.074    128.016    19.3782   4.925683    36.5929     0.1595 1.0000e-12     0.0057    99.8577      98.69    213.117     4.8968 2.5619e+03          1         24 0.0000e+00
   32.96970  -65.75136    19.3781   4.925615    36.5920    128.107    129.057    19.3780   4.925712    36.5929     0.1598 1.0000e-12     0.0044    99.8911      98.68    212.862     4.8909 2.5569e+03          1         27 0.0000e+00
   32.96970  -65.75136    19.3780   4.925638    36.5919    129.069    130.026    19.3780   4.925741    36.5928     0.1796 1.0000e-12     0.0040    99.8999      98.68    213.065     4.8956 2.5622e+03          1         26 0.0000e+00
   32.96971  -65.75136    19.3778   4.925658    36.5919    130.013    130.978    19.3777   4.925755    36.5928     0.1863 1.0000e-12     0.0036    99.9105      98.68    213.220     4.8991 2.5595e+03          1         22 0.0000e+00
   32.96972  -65.75136    19.3779   4.925696    36.5918    131.028    132.000    19.3778   4.925810    36.5928     0.1885 1.0000e-12     0.0040    99.9016      98.68    213.319     4.9014 2.5654e+03          1         24 0.0000e+00
   32.96972  -65.75136    19.3780   4.925778    36.5920    132.034    133.014    19.3780   4.925869    36.5927     0.1984 1.0000e-12     0.0041    99.8975      98.68    213.249     4.8998 2.5651e+03          1         23 0.0000e+00
   32.96972  -65.75136    19.3780   4.925820    36.5919    132.980    133.967    19.3781   4.925929    36.5928     0.1923 1.0000e-12     0.0040    99.9009      98.69    213.087     4.8961 2.5568e+03          1         26 0.0000e+00
   32.96972  -65.75136    19.3778   4.925832    36.5918    133.985    134.980    19.3777   4.925943    36.5928     0.1836 1.0000e-12     0.0071    99.8238      98.69    213.132     4.8971 2.5613e+03          1         26 0.0000e+00
   32.96973  -65.75135    19.3774   4.925831    36.5918    135.006    136.009    19.3774   4.925938    36.5927     0.1687 1.0000e-12     0.0043    99.8942      98.68    213.076     4.8958 2.5598e+03          1         22 0.0000e+00
   32.96974  -65.75134    19.3774   4.925879    36.5919    136.009    137.020    19.3774   4.925982    36.5927     0.1720 1.0000e-12     0.0028    99.9297      98.69    212.939     4.8927 2.5626e+03          1         21 0.0000e+00
   32.96974  -65.75134    19.3776   4.925957    36.5920    136.976    137.994    19.3775   4.926062    36.5929     0.1915 1.0000e-12     0.0014    99.9653      98.68    212.904     4.8919 2.5642e+03          1         21 0.0000e+00
   32.96974  -65.75134    19.3779   4.926051    36.5921    137.922    138.948    19.3778   4.926144    36.5929     0.1459 1.0000e-12     0.0025    99.9378      98.69    212.980     4.8936 2.5646e+03          1         27 0.0000e+00
