Data/ruptures/KN207-01/QL-2/20701068.cnv
* Sea-Bird SBE 9 Data File:
* FileName = C:\Data\ctd\20701068.hex
* Software Version Seasave V 7.21e
* Temperature SN = 4406
* Conductivity SN = 1474
* Number of Bytes Per Scan = 40
* Number of Voltage Words = 5
* Number of Scans Averaged by the Deck Unit = 1
* NMEA Latitude = 32 57.04 N
* NMEA Longitude = 065 44.98 W
* NMEA UTC (Time) = May 01 2012 16:03:39
** R/V Knorr Cruise # KN207-01 QL 2
** Chief Scientist: Ben Van Mooy
# nquan = 21
# nvalues = 398                         
# units = specified
# name 0 = latitude: Latitude [deg]
# name 1 = longitude: Longitude [deg]
# name 2 = t090C: Temperature [ITS-90, deg C]
# name 3 = c0S/m: Conductivity [S/m]
# name 4 = sal00: Salinity, Practical [PSU]
# name 5 = depSM: Depth [salt water, m]
# name 6 = prDM: Pressure, Digiquartz [db]
# name 7 = t190C: Temperature, 2 [ITS-90, deg C]
# name 8 = c1S/m: Conductivity, 2 [S/m]
# name 9 = sal11: Salinity, Practical, 2 [PSU]
# name 10 = flECO-AFL: Fluorescence, WET Labs ECO-AFL/FL [mg/m^3]
# name 11 = par: PAR/Irradiance, Biospherical/Licor
# name 12 = bat: Beam Attenuation, Chelsea/Seatech [1/m]
# name 13 = xmiss: Beam Transmission, Chelsea/Seatech [%]
# name 14 = altM: Altimeter [m]
# name 15 = sbeox0Mm/Kg: Oxygen, SBE 43 [umol/kg]
# name 16 = sbeox0ML/L: Oxygen, SBE 43 [ml/l]
# name 17 = spar: SPAR/Surface Irradiance
# name 18 = pumps: Pump Status
# name 19 = nbin: number of scans per bin
# name 20 = flag: flag
# span 0 =   32.95068,   32.95233       
# span 1 =  -65.74982,  -65.74877       
# span 2 =    18.0276,    20.3164       
# span 3 =   4.778493,   5.021808       
# span 4 =    36.5154,    36.6117       
# span 5 =      3.091,    200.272       
# span 6 =      3.113,    201.791       
# span 7 =    18.0272,    20.3157       
# span 8 =   4.778553,   5.021732       
# span 9 =    36.5160,    36.6129       
# span 10 =     0.0059,     1.0127      
# span 11 = 1.0000e-12, 1.0000e-12      
# span 12 =    -0.0111,     0.0789      
# span 13 =    98.0469,   100.2776      
# span 14 =      35.66,      98.78      
# span 15 =    186.360,    222.492      
# span 16 =     4.2831,     5.1117      
# span 17 = 2.5247e+03, 2.5416e+03      
# span 18 =          1,          1      
# span 19 =         14,        727      
# span 20 = 0.0000e+00, 0.0000e+00      
# interval = decibars: 1                
# start_time = May 01 2012 16:03:39 [NMEA time, header]
# bad_flag = -9.990e-29
*END*
   32.95068  -65.74982    20.3058   5.020183    36.6114      3.727      3.754    20.3070   5.020449    36.6125     0.0624 1.0000e-12     0.0576    98.5706      91.60    218.163     5.0115 2.5297e+03          1        269 0.0000e+00
   32.95072  -65.74980    20.3011   5.019712    36.6112      4.932      4.967    20.3020   5.019908    36.6120     0.0575 1.0000e-12     0.0562    98.6055      60.35    218.491     5.0191 2.5281e+03          1         79 0.0000e+00
   32.95072  -65.74980    20.3021   5.019902    36.6115      5.938      5.981    20.3039   5.020147    36.6119     0.0570 1.0000e-12     0.0588    98.5405      87.90    218.393     5.0168 2.5295e+03          1         26 0.0000e+00
   32.95072  -65.74980    20.3026   5.019951    36.6110      7.016      7.066    20.3061   5.020501    36.6124     0.0528 1.0000e-12     0.0575    98.5730      98.65    218.045     5.0088 2.5311e+03          1         37 0.0000e+00
   32.95072  -65.74980    20.3009   5.019740    36.6105      7.747      7.802    20.3043   5.020261    36.6118     0.0685 1.0000e-12     0.0569    98.5884      98.65    218.346     5.0158 2.5287e+03          1         81 0.0000e+00
   32.95073  -65.74979    20.2939   5.019111    36.6111      8.919      8.982    20.2951   5.019323    36.6119     0.0678 1.0000e-12     0.0564    98.5991      98.66    218.766     5.0254 2.5288e+03          1         30 0.0000e+00
   32.95074  -65.74978    20.2955   5.019318    36.6110      9.988     10.059    20.2962   5.019530    36.6122     0.0747 1.0000e-12     0.0568    98.5895      98.65    218.458     5.0183 2.5307e+03          1         41 0.0000e+00
   32.95074  -65.74978    20.2963   5.019449    36.6110     10.850     10.927    20.2968   5.019572    36.6116     0.0484 1.0000e-12     0.0570    98.5852      98.66    218.375     5.0164 2.5301e+03          1         65 0.0000e+00
   32.95076  -65.74978    20.3061   5.020540    36.6108     11.931     12.016    20.3067   5.020770    36.6122     0.0699 1.0000e-12     0.0570    98.5863      98.66    218.318     5.0151 2.5289e+03          1         36 0.0000e+00
   32.95076  -65.74978    20.2987   5.019760    36.6106     12.970     13.063    20.3009   5.020147    36.6119     0.0680 1.0000e-12     0.0570    98.5848      98.66    218.320     5.0152 2.5292e+03          1         64 0.0000e+00
   32.95076  -65.74978    20.2929   5.019207    36.6110     13.832     13.930    20.2905   5.019063    36.6119     0.0770 1.0000e-12     0.0547    98.6411      98.66    218.386     5.0167 2.5294e+03          1         37 0.0000e+00
   32.95076  -65.74978    20.3164   5.021808    36.6109     14.896     15.002    20.3157   5.021732    36.6109     0.0738 1.0000e-12     0.0585    98.5487      98.65    218.358     5.0160 2.5296e+03          1         27 0.0000e+00
   32.95076  -65.74978    20.3109   5.021241    36.6108     15.967     16.081    20.3123   5.021517    36.6119     0.0754 1.0000e-12     0.0572    98.5801      98.66    218.039     5.0087 2.5308e+03          1         54 0.0000e+00
   32.95078  -65.74978    20.2895   5.018979    36.6111     16.770     16.890    20.2855   5.018631    36.6118     0.0705 1.0000e-12     0.0556    98.6195      98.65    218.826     5.0268 2.5294e+03          1         59 0.0000e+00
   32.95078  -65.74978    20.2812   5.018026    36.6102     17.910     18.038    20.2705   5.017206    36.6129     0.0845 1.0000e-12     0.0565    98.5969      98.66    218.106     5.0103 2.5293e+03          1         38 0.0000e+00
   32.95078  -65.74977    20.2544   5.015208    36.6104     18.907     19.042    20.2545   5.015338    36.6113     0.0772 1.0000e-12     0.0574    98.5753      98.66    218.367     5.0163 2.5299e+03          1         50 0.0000e+00
   32.95078  -65.74976    20.2547   5.015289    36.6102     19.845     19.987    20.2545   5.015384    36.6111     0.0644 1.0000e-12     0.0573    98.5774      98.66    218.802     5.0263 2.5311e+03          1         45 0.0000e+00
   32.95078  -65.74976    20.2546   5.015341    36.6101     20.828     20.977    20.2546   5.015450    36.6111     0.0813 1.0000e-12     0.0563    98.6025      98.66    218.706     5.0241 2.5297e+03          1         49 0.0000e+00
   32.95080  -65.74976    20.2539   5.015309    36.6100     21.799     21.954    20.2537   5.015410    36.6110     0.1000 1.0000e-12     0.0566    98.5937      98.66    218.645     5.0227 2.5293e+03          1         42 0.0000e+00
   32.95080  -65.74976    20.2534   5.015314    36.6101     22.853     23.016    20.2533   5.015411    36.6109     0.1078 1.0000e-12     0.0577    98.5688      98.66    218.595     5.0215 2.5314e+03          1         39 0.0000e+00
   32.95080  -65.74976    20.2529   5.015288    36.6098     23.906     24.077    20.2530   5.015416    36.6107     0.0959 1.0000e-12     0.0700    98.2665      98.66    218.383     5.0167 2.5312e+03          1         69 0.0000e+00
   32.95080  -65.74976    20.2501   5.015006    36.6096     24.791     24.968    20.2500   5.015137    36.6108     0.0904 1.0000e-12     0.0579    98.5629      98.66    218.544     5.0204 2.5288e+03          1         43 0.0000e+00
   32.95080  -65.74976    20.2475   5.014778    36.6096     25.846     26.031    20.2469   5.014828    36.6105     0.1032 1.0000e-12     0.0571    98.5835      98.66    218.596     5.0216 2.5293e+03          1         35 0.0000e+00
   32.95081  -65.74975    20.2452   5.014552    36.6094     26.844     27.036    20.2451   5.014660    36.6103     0.0932 1.0000e-12     0.0591    98.5346      98.66    218.165     5.0117 2.5314e+03          1         58 0.0000e+00
   32.95082  -65.74974    20.2426   5.014321    36.6093     27.765     27.964    20.2426   5.014459    36.6105     0.1009 1.0000e-12     0.0579    98.5643      98.66    218.237     5.0133 2.5315e+03          1         42 0.0000e+00
   32.95082  -65.74974    20.2378   5.013784    36.6088     28.837     29.043    20.2377   5.013899    36.6098     0.1098 1.0000e-12     0.0576    98.5706      98.66    218.570     5.0210 2.5302e+03          1         43 0.0000e+00
   32.95082  -65.74974    20.2333   5.013287    36.6083     29.765     29.979    20.2339   5.013499    36.6095     0.1022 1.0000e-12     0.0589    98.5372      98.66    218.572     5.0210 2.5294e+03          1         62 0.0000e+00
   32.95082  -65.74974    20.2269   5.012572    36.6076     30.769     30.990    20.2268   5.012695    36.6087     0.0953 1.0000e-12     0.0581    98.5578      98.66    218.354     5.0160 2.5323e+03          1         34 0.0000e+00
   32.95083  -65.74974    20.2190   5.011676    36.6069     31.824     32.053    20.2195   5.011891    36.6082     0.1004 1.0000e-12     0.0585    98.5487      98.66    219.032     5.0316 2.5297e+03          1         44 0.0000e+00
   32.95084  -65.74974    20.2062   5.010196    36.6056     32.666     32.901    20.2104   5.010926    36.6080     0.1010 1.0000e-12     0.0596    98.5213      98.66    219.033     5.0316 2.5292e+03          1         69 0.0000e+00
   32.95084  -65.74973    20.1675   5.005846    36.6039     33.729     33.971    20.1690   5.006368    36.6069     0.1104 1.0000e-12     0.0589    98.5378      98.66    218.897     5.0286 2.5298e+03          1         32 0.0000e+00
   32.95084  -65.74972    20.1227   5.000794    36.6016     34.759     35.008    20.1227   5.001243    36.6053     0.1125 1.0000e-12     0.0611    98.4850      98.57    219.017     5.0314 2.5312e+03          1         31 0.0000e+00
   32.95084  -65.74972    20.0863   4.997011    36.6021     35.828     36.086    20.0869   4.997359    36.6045     0.1397 1.0000e-12     0.0658    98.3688      98.57    219.593     5.0447 2.5305e+03          1         44 0.0000e+00
   32.95085  -65.74972    20.0846   4.996902    36.6016     36.604     36.867    20.0979   4.998556    36.6035     0.1522 1.0000e-12     0.0657    98.3697      71.11    220.189     5.0583 2.5281e+03          1         81 0.0000e+00
   32.95086  -65.74972    20.0176   4.989776    36.6019     37.704     37.976    20.0175   4.990164    36.6053     0.1347 1.0000e-12     0.0665    98.3507      98.67    220.058     5.0554 2.5271e+03          1         32 0.0000e+00
   32.95086  -65.74972    19.9915   4.987084    36.6021     38.725     39.004    19.9915   4.987297    36.6040     0.1653 1.0000e-12     0.0713    98.2330      98.66    219.599     5.0449 2.5291e+03          1         38 0.0000e+00
   32.95086  -65.74970    19.9808   4.986025    36.6019     39.704     39.990    19.9803   4.986142    36.6034     0.1518 1.0000e-12     0.0729    98.1953      98.67    220.833     5.0733 2.5299e+03          1         45 0.0000e+00
   32.95086  -65.74970    19.9576   4.983616    36.6016     40.727     41.020    19.9582   4.983915    36.6037     0.1765 1.0000e-12     0.0733    98.1851      98.66    221.213     5.0820 2.5297e+03          1         70 0.0000e+00
   32.95088  -65.74970    19.8918   4.976707    36.6025     41.640     41.939    19.8919   4.977166    36.6062     0.1778 1.0000e-12     0.0745    98.1543      98.67    221.379     5.0859 2.5284e+03          1         39 0.0000e+00
   32.95088  -65.74970    19.8660   4.974056    36.6026     42.695     43.002    19.8659   4.974295    36.6047     0.1821 1.0000e-12     0.0749    98.1450      98.67    221.489     5.0885 2.5298e+03          1         29 0.0000e+00
   32.95088  -65.74970    19.8247   4.969495    36.6010     43.708     44.023    19.8262   4.970314    36.6065     0.1926 1.0000e-12     0.0749    98.1436      98.66    221.997     5.1002 2.5300e+03          1         36 0.0000e+00
   32.95088  -65.74970    19.7693   4.963605    36.6003     44.583     44.905    19.8019   4.967340    36.6021     0.1991 1.0000e-12     0.0751    98.1389      98.66    222.076     5.1021 2.5289e+03          1         88 0.0000e+00
   32.95088  -65.74970    19.7003   4.956257    36.5998     45.658     45.987    19.6993   4.956660    36.6043     0.1873 1.0000e-12     0.0725    98.2037      98.66    222.492     5.1117 2.5294e+03          1         32 0.0000e+00
   32.95089  -65.74969    19.6625   4.952260    36.5995     46.709     47.046    19.6625   4.952599    36.6025     0.2022 1.0000e-12     0.0729    98.1941      98.66    222.183     5.1047 2.5293e+03          1         32 0.0000e+00
   32.95090  -65.74968    19.6343   4.949323    36.5990     47.719     48.063    19.6346   4.949564    36.6009     0.2258 1.0000e-12     0.0789    98.0469      98.67    221.999     5.1005 2.5306e+03          1         55 0.0000e+00
   32.95090  -65.74968    19.6163   4.947451    36.5983     48.626     48.977    19.6164   4.947658    36.6001     0.2235 1.0000e-12     0.0710    98.2404      98.67    222.422     5.1102 2.5323e+03          1         48 0.0000e+00
   32.95090  -65.74968    19.5829   4.943857    36.5972     49.628     49.986    19.5828   4.944152    36.5999     0.2237 1.0000e-12     0.0724    98.2062      98.67    221.837     5.0969 2.5279e+03          1         50 0.0000e+00
   32.95090  -65.74968    19.5347   4.938684    36.5963     50.571     50.936    19.5346   4.939035    36.5994     0.2298 1.0000e-12     0.0695    98.2771      98.66    222.284     5.1072 2.5279e+03          1         44 0.0000e+00
   32.95091  -65.74967    19.5051   4.935605    36.5961     51.632     52.005    19.5054   4.935872    36.5982     0.2432 1.0000e-12     0.0668    98.3446      98.67    221.929     5.0991 2.5306e+03          1         38 0.0000e+00
   32.95092  -65.74966    19.4805   4.933028    36.5954     52.690     53.071    19.4821   4.933415    36.5973     0.2482 1.0000e-12     0.0638    98.4168      98.65    221.625     5.0921 2.5290e+03          1         70 0.0000e+00
   32.95092  -65.74966    19.4693   4.931882    36.5948     53.545     53.932    19.4693   4.932072    36.5963     0.2586 1.0000e-12     0.0648    98.3942      98.67    221.773     5.0955 2.5272e+03          1         39 0.0000e+00
   32.95092  -65.74966    19.4606   4.931031    36.5947     54.605     54.999    19.4605   4.931185    36.5961     0.2585 1.0000e-12     0.0615    98.4743      73.82    221.502     5.0893 2.5289e+03          1         21 0.0000e+00
   32.95092  -65.74966    19.4550   4.930457    36.5943     55.590     55.992    19.4549   4.930627    36.5958     0.2791 1.0000e-12     0.0653    98.3813      75.00    221.418     5.0874 2.5293e+03          1         26 0.0000e+00
   32.95093  -65.74966    19.4657   4.931660    36.5938     56.471     56.879    19.4654   4.931762    36.5949     0.2720 1.0000e-12     0.0619    98.4643      87.84    221.654     5.0928 2.5287e+03          1        114 0.0000e+00
   32.95094  -65.74966    19.4431   4.929374    36.5943     57.585     58.002    19.4457   4.929883    36.5962     0.2787 1.0000e-12     0.0611    98.4848      98.67    221.693     5.0937 2.5276e+03          1         23 0.0000e+00
   32.95094  -65.74966    19.4389   4.929000    36.5944     58.640     59.065    19.4388   4.929137    36.5956     0.2810 1.0000e-12     0.0611    98.4856      98.67    221.030     5.0785 2.5297e+03          1         24 0.0000e+00
   32.95094  -65.74965    19.4356   4.928682    36.5941     59.605     60.037    19.4355   4.928820    36.5954     0.3084 1.0000e-12     0.0620    98.4614      98.67    220.636     5.0694 2.5312e+03          1         36 0.0000e+00
   32.95094  -65.74964    19.4316   4.928303    36.5939     60.489     60.927    19.4348   4.928740    36.5947     0.3356 1.0000e-12     0.0631    98.4352      98.67    220.710     5.0711 2.5293e+03          1         80 0.0000e+00
   32.95095  -65.74964    19.4262   4.927781    36.5938     61.523     61.969    19.4261   4.927921    36.5950     0.3339 1.0000e-12     0.0601    98.5094      98.67    220.292     5.0616 2.5285e+03          1         40 0.0000e+00
   32.95096  -65.74964    19.4241   4.927626    36.5938     62.542     62.996    19.4241   4.927734    36.5948     0.3311 1.0000e-12     0.0623    98.4559      98.68    219.971     5.0542 2.5279e+03          1         32 0.0000e+00
   32.95096  -65.74964    19.4229   4.927548    36.5937     63.623     64.084    19.4229   4.927654    36.5946     0.3744 1.0000e-12     0.0621    98.4587      98.67    219.828     5.0509 2.5294e+03          1         54 0.0000e+00
   32.95096  -65.74962    19.4224   4.927537    36.5936     64.422     64.889    19.4224   4.927650    36.5945     0.3754 1.0000e-12     0.0613    98.4780      98.67    219.677     5.0474 2.5294e+03          1         63 0.0000e+00
   32.95096  -65.74962    19.4201   4.927318    36.5934     65.489     65.964    19.4201   4.927469    36.5947     0.3740 1.0000e-12     0.0602    98.5056      98.67    219.824     5.0508 2.5282e+03          1         35 0.0000e+00
   32.95096  -65.74962    19.4171   4.927064    36.5935     66.548     67.032    19.4172   4.927190    36.5945     0.3560 1.0000e-12     0.0568    98.5906      98.67    219.469     5.0427 2.5290e+03          1         42 0.0000e+00
   32.95098  -65.74962    19.4153   4.926896    36.5933     67.470     67.960    19.4154   4.927022    36.5943     0.3661 1.0000e-12     0.0574    98.5752      91.65    219.138     5.0351 2.5306e+03          1         45 0.0000e+00
   32.95098  -65.74962    19.4148   4.926892    36.5932     68.507     69.005    19.4148   4.926997    36.5941     0.4116 1.0000e-12     0.0570    98.5851      98.67    218.978     5.0314 2.5293e+03          1         41 0.0000e+00
   32.95098  -65.74961    19.4143   4.926871    36.5930     69.560     70.066    19.4143   4.926978    36.5939     0.3890 1.0000e-12     0.0568    98.5893      98.67    219.222     5.0370 2.5293e+03          1         70 0.0000e+00
   32.95098  -65.74960    19.4128   4.926750    36.5930     70.405     70.917    19.4128   4.926877    36.5941     0.4092 1.0000e-12     0.0576    98.5705      98.67    219.147     5.0353 2.5310e+03          1         47 0.0000e+00
