Data/ruptures/KN207-01/QL-2/20701061.cnv
* Sea-Bird SBE 9 Data File:
* FileName = C:\Data\ctd\20701061.hex
* Software Version Seasave V 7.21e
* Temperature SN = 4406
* Conductivity SN = 1474
* Number of Bytes Per Scan = 40
* Number of Voltage Words = 5
* Number of Scans Averaged by the Deck Unit = 1
* NMEA Latitude = 32 54.30 N
* NMEA Longitude = 065 52.63 W
* NMEA UTC (Time) = Apr 30 2012 18:18:43
** R/V Knorr Cruise # KN207-01 QL 2
** Chief Scientist: Ben Van Mooy
# nquan = 21
# nvalues = 398                         
# units = specified
# name 0 = latitude: Latitude [deg]
# name 1 = longitude: Longitude [deg]
# name 2 = t090C: Temperature [ITS-90, deg C]
# name 3 = c0S/m: Conductivity [S/m]
# name 4 = sal00: Salinity, Practical [PSU]
# name 5 = depSM: Depth [salt water, m]
# name 6 = prDM: Pressure, Digiquartz [db]
# name 7 = t190C: Temperature, 2 [ITS-90, deg C]
# name 8 = c1S/m: Conductivity, 2 [S/m]
# name 9 = sal11: Salinity, Practical, 2 [PSU]
# name 10 = flECO-AFL: Fluorescence, WET Labs ECO-AFL/FL [mg/m^3]
# name 11 = par: PAR/Irradiance, Biospherical/Licor
# name 12 = bat: Beam Attenuation, Chelsea/Seatech [1/m]
# name 13 = xmiss: Beam Transmission, Chelsea/Seatech [%]
# name 14 = altM: Altimeter [m]
# name 15 = sbeox0Mm/Kg: Oxygen, SBE 43 [umol/kg]
# name 16 = sbeox0ML/L: Oxygen, SBE 43 [ml/l]
# name 17 = spar: SPAR/Surface Irradiance
# name 18 = pumps: Pump Status
# name 19 = nbin: number of scans per bin
# name 20 = flag: flag
# span 0 =   32.90505,   32.90586       
# span 1 =  -65.87721,  -65.87628       
# span 2 =    18.0187,    20.4398       
# span 3 =   4.657427,   5.034105       
# span 4 =    33.5673,    36.9590       
# span 5 =      3.184,    200.447       
# span 6 =      3.206,    201.967       
# span 7 =    18.0187,    20.4413       
# span 8 =   4.778329,   5.034290       
# span 9 =    35.4643,    36.9542       
# span 10 =     0.0025,     0.7560      
# span 11 = 1.0000e-12, 1.0000e-12      
# span 12 =    -0.0118,     0.0783      
# span 13 =    98.0621,   100.2957      
# span 14 =       1.03,      98.97      
# span 15 =    134.362,    352.195      
# span 16 =     3.0878,     8.0896      
# span 17 = 2.6536e+03, 2.6795e+03      
# span 18 =          1,          1      
# span 19 =         15,        945      
# span 20 = 0.0000e+00, 0.0000e+00      
# interval = decibars: 1                
# start_time = Apr 30 2012 18:18:43 [NMEA time, header]
# bad_flag = -9.990e-29
*END*
   32.90505  -65.87721    20.4183   4.657427    33.5673      3.848      3.875    20.4162   4.891405    35.4643     0.0698 1.0000e-12     0.0600    98.5111      76.42    292.248     6.6980 2.6615e+03          1        945 0.0000e+00
   32.90508  -65.87718    20.4290   4.980774    36.1818      5.003      5.038    20.4293   4.994561    36.2942     0.0637 1.0000e-12     0.0600    98.5122      61.55    298.142     6.8464 2.6612e+03          1         46 0.0000e+00
   32.90508  -65.87717    20.4300   4.967350    36.0713      5.818      5.860    20.4300   5.015113    36.4614     0.0843 1.0000e-12     0.0607    98.4935      98.66    328.786     7.5495 2.6592e+03          1         90 0.0000e+00
   32.90508  -65.87716    20.4309   5.016965    36.4754      6.889      6.938    20.4294   5.022342    36.5207     0.1000 1.0000e-12     0.0594    98.5271      39.86    338.007     7.7635 2.6581e+03          1         29 0.0000e+00
   32.90508  -65.87716    20.4327   5.021796    36.5128      7.986      8.043    20.4315   5.024980    36.5400     0.0844 1.0000e-12     0.0599    98.5140      98.67    352.195     8.0896 2.6600e+03          1         31 0.0000e+00
   32.90509  -65.87716    20.4330   4.995895    36.3007      8.939      9.002    20.4323   5.026969    36.5553     0.0958 1.0000e-12     0.0599    98.5138      98.66    240.824     5.5306 2.6613e+03          1         78 0.0000e+00
   32.90510  -65.87716    20.4307   5.025764    36.5465      9.889      9.959    20.4318   5.028608    36.5688     0.0921 1.0000e-12     0.0601    98.5103      82.97    188.567     4.3313 2.6591e+03          1         43 0.0000e+00
   32.90510  -65.87716    20.4274   5.025151    36.5440     10.928     11.005    20.4278   5.029226    36.5770     0.0807 1.0000e-12     0.0602    98.5075      72.18    191.889     4.4076 2.6580e+03          1         39 0.0000e+00
   32.90510  -65.87716    20.4206   5.027071    36.5654     11.912     11.997    20.4173   5.029725    36.5901     0.0941 1.0000e-12     0.0604    98.5006      32.73    198.460     4.5587 2.6621e+03          1         36 0.0000e+00
   32.90510  -65.87716    20.4118   5.027237    36.5741     12.922     13.014    20.4079   5.029394    36.5952     0.0971 1.0000e-12     0.0623    98.4541      28.57    191.613     4.4014 2.6634e+03          1         44 0.0000e+00
   32.90510  -65.87716    20.4015   5.025765    36.5708     13.912     14.011    20.4015   5.028884    36.5963     0.0905 1.0000e-12     0.0608    98.4909      98.66    191.289     4.3940 2.6605e+03          1         66 0.0000e+00
   32.90510  -65.87716    20.3897   5.026750    36.5888     14.847     14.953    20.3900   5.028790    36.6052     0.1176 1.0000e-12     0.0612    98.4813      98.66    171.511     3.9397 2.6590e+03          1         37 0.0000e+00
   32.90510  -65.87716    20.3784   5.025119    36.5850     15.902     16.015    20.3875   5.028704    36.6063     0.1255 1.0000e-12     0.0618    98.4676      98.66    166.070     3.8147 2.6591e+03          1         31 0.0000e+00
   32.90511  -65.87715    20.3804   5.011927    36.4747     16.906     17.026    20.3737   5.028238    36.6142     0.1283 1.0000e-12     0.0630    98.4367      35.21    176.023     4.0430 2.6592e+03          1         52 0.0000e+00
   32.90512  -65.87714    20.3687   5.020256    36.5528     17.811     17.939    20.3652   5.027933    36.6188     0.1282 1.0000e-12     0.0627    98.4449      44.63    183.782     4.2215 2.6613e+03          1         42 0.0000e+00
   32.90512  -65.87714    20.3522   5.019134    36.5577     18.883     19.017    20.3527   5.027756    36.6279     0.1269 1.0000e-12     0.0625    98.4491      95.23    179.546     4.1242 2.6600e+03          1         52 0.0000e+00
   32.90512  -65.87714    20.3438   5.016184    36.5405     19.802     19.944    20.3300   5.027700    36.6471     0.1252 1.0000e-12     0.0638    98.4173      14.05    174.733     4.0136 2.6597e+03          1         49 0.0000e+00
   32.90512  -65.87714    20.2944   5.022670    36.6370     20.840     20.989    20.3004   5.027740    36.6731     0.1433 1.0000e-12     0.0646    98.3967      98.67    168.111     3.8619 2.6629e+03          1         38 0.0000e+00
   32.90512  -65.87713    20.2829   5.016708    36.5975     21.887     22.044    20.2705   5.027283    36.6953     0.1429 1.0000e-12     0.0666    98.3491      98.66    168.062     3.8606 2.6636e+03          1         47 0.0000e+00
   32.90512  -65.87712    20.2963   5.014304    36.5652     22.798     22.961    20.2131   5.024562    36.7234     0.1393 1.0000e-12     0.0639    98.4158      31.24    161.206     3.7030 2.6636e+03          1         60 0.0000e+00
   32.90512  -65.87712    20.2204   5.018826    36.6693     23.813     23.983    20.1748   5.020148    36.7202     0.1384 1.0000e-12     0.0633    98.4286      43.28    154.171     3.5418 2.6637e+03          1         34 0.0000e+00
   32.90514  -65.87712    20.1678   5.015372    36.6870     24.887     25.065    20.1588   5.016529    36.7039     0.1350 1.0000e-12     0.0643    98.4063      98.67    158.756     3.6472 2.6638e+03          1         37 0.0000e+00
   32.90514  -65.87712    20.1822   5.013092    36.6543     25.767     25.951    20.1519   5.014370    36.6912     0.1450 1.0000e-12     0.0631    98.4349      18.75    171.665     3.9437 2.6650e+03          1         72 0.0000e+00
   32.90514  -65.87712    20.1551   5.013341    36.6796     26.796     26.988    20.1495   5.012233    36.6748     0.1380 1.0000e-12     0.0650    98.3870      18.60    175.316     4.0276 2.6656e+03          1         34 0.0000e+00
   32.90514  -65.87712    20.1482   5.012387    36.6771     27.854     28.053    20.1455   5.010861    36.6664     0.1525 1.0000e-12     0.0630    98.4379      98.67    168.292     3.8663 2.6653e+03          1         38 0.0000e+00
   32.90514  -65.87711    20.1434   5.011725    36.6751     28.703     28.908    20.1425   5.010916    36.6689     0.1692 1.0000e-12     0.0647    98.3965      48.75    168.129     3.8625 2.6651e+03          1         74 0.0000e+00
   32.90514  -65.87710    20.1420   5.009615    36.6582     29.774     29.987    20.1410   5.009560    36.6584     0.1414 1.0000e-12     0.0677    98.3220      93.22    156.793     3.6021 2.6680e+03          1         34 0.0000e+00
   32.90514  -65.87710    20.1390   5.009230    36.6572     30.815     31.036    20.1378   5.008877    36.6551     0.1563 1.0000e-12     0.0659    98.3654      98.66    152.959     3.5140 2.6682e+03          1         42 0.0000e+00
   32.90515  -65.87710    20.1350   5.009082    36.6589     31.807     32.035    20.1342   5.008899    36.6580     0.1735 1.0000e-12     0.0661    98.3604      98.67    151.175     3.4730 2.6665e+03          1         66 0.0000e+00
   32.90516  -65.87710    20.1270   5.008118    36.6576     32.713     32.947    20.1273   5.008630    36.6614     0.2878 1.0000e-12     0.0670    98.3395      98.66    147.934     3.3985 2.6642e+03          1         46 0.0000e+00
   32.90516  -65.87710    20.1155   5.006889    36.6572     33.740     33.982    20.1143   5.007610    36.6641     0.1911 1.0000e-12     0.0694    98.2805      98.66    144.217     3.3132 2.6680e+03          1         30 0.0000e+00
   32.90516  -65.87710    20.1012   5.006667    36.6676     34.797     35.047    20.1000   5.006836    36.6700     0.1880 1.0000e-12     0.0699    98.2689      98.66    142.673     3.2777 2.6683e+03          1         38 0.0000e+00
   32.90516  -65.87710    20.0863   5.006890    36.6821     35.598     35.854    20.0855   5.007001    36.6837     0.1917 1.0000e-12     0.0707    98.2479      98.67    145.879     3.3514 2.6651e+03          1         85 0.0000e+00
   32.90516  -65.87708    20.0694   5.004924    36.6803     36.730     36.994    20.0686   5.006034    36.6901     0.2123 1.0000e-12     0.0706    98.2522      98.66    144.849     3.3278 2.6667e+03          1         30 0.0000e+00
   32.90516  -65.87708    20.0416   5.004417    36.7005     37.765     38.037    20.0393   5.004889    36.7064     0.2154 1.0000e-12     0.0734    98.1801      98.67    143.583     3.2988 2.6673e+03          1         36 0.0000e+00
   32.90516  -65.87708    19.9612   5.003614    36.7652     38.738     39.016    19.9531   5.004363    36.7787     0.2210 1.0000e-12     0.0743    98.1582      98.67    144.148     3.3120 2.6686e+03          1         49 0.0000e+00
   32.90518  -65.87708    19.8956   5.003260    36.8200     39.662     39.947    19.8826   5.003504    36.8336     0.2434 1.0000e-12     0.0750    98.1416      98.59    149.941     3.4453 2.6674e+03          1         67 0.0000e+00
   32.90518  -65.87708    19.8610   5.000603    36.8279     40.672     40.965    19.8617   5.001937    36.8381     0.2182 1.0000e-12     0.0767    98.0998      98.67    148.581     3.4141 2.6659e+03          1         33 0.0000e+00
   32.90518  -65.87707    19.8172   4.999868    36.8602     41.770     42.070    19.8168   4.999830    36.8601     0.2326 1.0000e-12     0.0783    98.0621      72.35    148.396     3.4100 2.6660e+03          1         44 0.0000e+00
   32.90518  -65.87706    19.7607   4.997603    36.8911     42.652     42.959    19.7580   4.997727    36.8945     0.2567 1.0000e-12     0.0707    98.2475      98.67    145.071     3.3337 2.6685e+03          1         59 0.0000e+00
   32.90518  -65.87706    19.7125   4.994484    36.9073     43.723     44.037    19.7093   4.995886    36.9218     0.2658 1.0000e-12     0.0698    98.2707      98.67    146.100     3.3574 2.6673e+03          1         44 0.0000e+00
   32.90518  -65.87706    19.6818   4.992569    36.9179     44.644     44.965    19.6834   4.994148    36.9295     0.2664 1.0000e-12     0.0727    98.1988      98.67    143.682     3.3019 2.6663e+03          1         44 0.0000e+00
   32.90518  -65.87706    19.6578   4.989912    36.9163     45.683     46.012    19.6576   4.991078    36.9261     0.2761 1.0000e-12     0.0709    98.2419      98.67    139.977     3.2168 2.6678e+03          1         43 0.0000e+00
   32.90519  -65.87706    19.6246   4.987155    36.9223     46.599     46.935    19.6186   4.989272    36.9453     0.2829 1.0000e-12     0.0679    98.3168      98.67    136.462     3.1360 2.6655e+03          1         50 0.0000e+00
   32.90520  -65.87706    19.5954   4.984298    36.9237     47.647     47.991    19.5951   4.985454    36.9336     0.2677 1.0000e-12     0.0659    98.3654      98.67    134.362     3.0878 2.6659e+03          1         35 0.0000e+00
   32.90520  -65.87706    19.5443   4.983115    36.9590     48.741     49.093    19.5443   4.982542    36.9542     0.2813 1.0000e-12     0.0669    98.3416      98.67    135.057     3.1039 2.6658e+03          1         59 0.0000e+00
   32.90520  -65.87704    19.5103   4.977805    36.9442     49.522     49.879    19.5056   4.966544    36.8544     0.2776 1.0000e-12     0.0648    98.3923      98.67    134.946     3.1013 2.6635e+03          1         63 0.0000e+00
   32.90520  -65.87704    19.4962   4.954799    36.7638     50.584     50.949    19.4932   4.948494    36.7139     0.3042 1.0000e-12     0.0698    98.2706      98.67    139.955     3.2160 2.6651e+03          1         26 0.0000e+00
   32.90520  -65.87704    19.4857   4.943951    36.6820     51.642     52.015    19.4844   4.942750    36.6731     0.2937 1.0000e-12     0.0599    98.5141      98.67    152.148     3.4960 2.6670e+03          1         28 0.0000e+00
   32.90522  -65.87704    19.4782   4.938569    36.6428     52.682     53.063    19.4784   4.937579    36.6342     0.3167 1.0000e-12     0.0589    98.5396      98.67    195.686     4.4963 2.6677e+03          1         80 0.0000e+00
   32.90522  -65.87704    19.4661   4.935282    36.6252     53.591     53.978    19.4656   4.934207    36.6167     0.3247 1.0000e-12     0.0588    98.5398      98.67    206.782     4.7512 2.6664e+03          1         39 0.0000e+00
   32.90522  -65.87704    19.4537   4.932574    36.6131     54.588     54.983    19.4536   4.931951    36.6080     0.3118 1.0000e-12     0.0550    98.6342      98.67    207.262     4.7622 2.6674e+03          1         35 0.0000e+00
   32.90522  -65.87704    19.4498   4.931122    36.6038     55.631     56.033    19.4500   4.930901    36.6017     0.3368 1.0000e-12     0.0547    98.6422      98.66    210.362     4.8334 2.6670e+03          1         56 0.0000e+00
   32.90522  -65.87703    19.4458   4.930253    36.5994     56.528     56.937    19.4459   4.930255    36.5993     0.3501 1.0000e-12     0.0539    98.6629      98.67    215.424     4.9497 2.6638e+03          1         56 0.0000e+00
   32.90522  -65.87702    19.4404   4.929619    36.5984     57.558     57.975    19.4406   4.929692    36.5988     0.3468 1.0000e-12     0.0545    98.6474      98.66    215.908     4.9608 2.6658e+03          1         37 0.0000e+00
   32.90522  -65.87702    19.4344   4.929052    36.5985     58.569     58.993    19.4344   4.929023    36.5982     0.3428 1.0000e-12     0.0572    98.5812      95.49    216.373     4.9715 2.6684e+03          1         32 0.0000e+00
   32.90523  -65.87702    19.4289   4.928449    36.5977     59.665     60.097    19.4290   4.928444    36.5976     0.3556 1.0000e-12     0.0533    98.6763      95.77    214.931     4.9384 2.6674e+03          1         57 0.0000e+00
   32.90524  -65.87702    19.4252   4.928061    36.5973     60.495     60.933    19.4254   4.928070    36.5972     0.3674 1.0000e-12     0.0533    98.6749      98.67    214.704     4.9332 2.6661e+03          1         54 0.0000e+00
   32.90524  -65.87702    19.4223   4.927755    36.5968     61.576     62.022    19.4224   4.927784    36.5969     0.3628 1.0000e-12     0.0536    98.6697      98.67    214.089     4.9190 2.6641e+03          1         54 0.0000e+00
   32.90524  -65.87702    19.4200   4.927537    36.5965     62.479     62.932    19.4202   4.927585    36.5968     0.3809 1.0000e-12     0.0497    98.7641      98.67    214.285     4.9235 2.6645e+03          1         37 0.0000e+00
   32.90524  -65.87702    19.4180   4.927360    36.5964     63.563     64.024    19.4181   4.927401    36.5966     0.3761 1.0000e-12     0.0492    98.7767      98.67    214.813     4.9357 2.6659e+03          1         28 0.0000e+00
   32.90525  -65.87702    19.4164   4.927180    36.5958     64.601     65.070    19.4166   4.927266    36.5964     0.3781 1.0000e-12     0.0476    98.8162      98.67    213.376     4.9027 2.6666e+03          1         55 0.0000e+00
   32.90526  -65.87702    19.4143   4.926968    36.5955     65.480     65.955    19.4144   4.927095    36.5965     0.3931 1.0000e-12     0.0466    98.8431      69.24    214.273     4.9233 2.6673e+03          1         58 0.0000e+00
   32.90526  -65.87701    19.4115   4.926681    36.5952     66.443     66.926    19.4113   4.926880    36.5970     0.3983 1.0000e-12     0.0470    98.8309      98.67    215.207     4.9447 2.6625e+03          1         47 0.0000e+00
   32.90526  -65.87700    19.4086   4.926424    36.5952     67.491     67.981    19.4084   4.926610    36.5969     0.3806 1.0000e-12     0.0456    98.8672      98.67    216.325     4.9704 2.6647e+03          1         32 0.0000e+00
   32.90526  -65.87700    19.4062   4.926224    36.5952     68.596     69.094    19.4060   4.926390    36.5968     0.3810 1.0000e-12     0.0432    98.9265      98.67    215.644     4.9548 2.6673e+03          1         40 0.0000e+00
   32.90526  -65.87700    19.4052   4.926137    36.5950     69.406     69.910    19.4050   4.926281    36.5964     0.4066 1.0000e-12     0.0409    98.9813      98.67    215.522     4.9520 2.6622e+03          1         77 0.0000e+00
   32.90526  -65.87700    19.4029   4.925940    36.5949     70.507     71.019    19.4026   4.926081    36.5964     0.4093 1.0000e-12     0.0425    98.9412      98.67    215.605     4.9539 2.6646e+03          1         39 0.0000e+00
