Data/ruptures/KN207-01/QL-2/20701077.cnv
* Sea-Bird SBE 9 Data File:
* FileName = C:\Data\ctd\20701077.hex
* Software Version Seasave V 7.21e
* Temperature SN = 4406
* Conductivity SN = 1474
* Number of Bytes Per Scan = 40
* Number of Voltage Words = 5
* Number of Scans Averaged by the Deck Unit = 1
* NMEA Latitude = 33 06.97 N
* NMEA Longitude = 065 41.20 W
* NMEA UTC (Time) = May 02 2012 18:03:42
** R/V Knorr Cruise # KN207-01 QL 2
** Chief Scientist: Ben Van Mooy
# nquan = 21
# nvalues = 386                         
# units = specified
# name 0 = latitude: Latitude [deg]
# name 1 = longitude: Longitude [deg]
# name 2 = t090C: Temperature [ITS-90, deg C]
# name 3 = c0S/m: Conductivity [S/m]
# name 4 = sal00: Salinity, Practical [PSU]
# name 5 = depSM: Depth [salt water, m]
# name 6 = prDM: Pressure, Digiquartz [db]
# name 7 = t190C: Temperature, 2 [ITS-90, deg C]
# name 8 = c1S/m: Conductivity, 2 [S/m]
# name 9 = sal11: Salinity, Practical, 2 [PSU]
# name 10 = flECO-AFL: Fluorescence, WET Labs ECO-AFL/FL [mg/m^3]
# name 11 = par: PAR/Irradiance, Biospherical/Licor
# name 12 = bat: Beam Attenuation, Chelsea/Seatech [1/m]
# name 13 = xmiss: Beam Transmission, Chelsea/Seatech [%]
# name 14 = altM: Altimeter [m]
# name 15 = sbeox0Mm/Kg: Oxygen, SBE 43 [umol/kg]
# name 16 = sbeox0ML/L: Oxygen, SBE 43 [ml/l]
# name 17 = spar: SPAR/Surface Irradiance
# name 18 = pumps: Pump Status
# name 19 = nbin: number of scans per bin
# name 20 = flag: flag
# span 0 =   33.11628,   33.11746       
# span 1 =  -65.69035,  -65.68701       
# span 2 =    17.8836,    20.5048       
# span 3 =   4.761956,   5.042257       
# span 4 =    36.5006,    36.6190       
# span 5 =      3.264,    199.412       
# span 6 =      3.287,    200.927       
# span 7 =    17.8839,    20.5049       
# span 8 =   4.761991,   5.042348       
# span 9 =    36.4994,    36.6197       
# span 10 =     0.0045,     0.9037      
# span 11 = 1.0000e-12, 1.0000e-12      
# span 12 =    -0.0148,     0.0823      
# span 13 =    97.9645,   100.3723      
# span 14 =       1.04,      98.90      
# span 15 =    186.077,    223.619      
# span 16 =     4.2765,     5.1379      
# span 17 = 1.6166e+03, 3.2140e+03      
# span 18 =          1,          1      
# span 19 =         18,       2697      
# span 20 = 0.0000e+00, 0.0000e+00      
# interval = decibars: 1                
# start_time = May 02 2012 18:03:42 [NMEA time, header]
# bad_flag = -9.990e-29
*END*
[from data line 138]
   33.11664  -65.68890    19.3637   4.925152    36.5922    150.846    151.975    19.3637   4.925260    36.5931     0.0731 1.0000e-12    -0.0039   100.0976      98.73    213.031     4.8948 1.6648e+03          1         24 0.0000e+00
   33.11664  -65.68890    19.3636   4.925186    36.5922    151.863    152.999    19.3636   4.925289    36.5930     0.0734 1.0000e-12    -0.0038   100.0964      98.74    213.022     4.8946 1.6687e+03          1         22 0.0000e+00
   33.11664  -65.68890    19.3635   4.925216    36.5921    152.845    153.989    19.3636   4.925332    36.5930     0.0907 1.0000e-12    -0.0039   100.0975      98.73    212.960     4.8932 1.6738e+03          1         21 0.0000e+00
   33.11664  -65.68890    19.3634   4.925263    36.5922    153.864    155.016    19.3634   4.925360    36.5930     0.1024 1.0000e-12    -0.0048   100.1190      98.74    213.133     4.8972 1.6865e+03          1         24 0.0000e+00
   33.11664  -65.68891    19.3631   4.925272    36.5921    154.847    156.007    19.3632   4.925377    36.5930     0.0869 1.0000e-12    -0.0046   100.1148      98.75    212.822     4.8900 1.6925e+03          1         24 0.0000e+00
   33.11664  -65.68892    19.3628   4.925280    36.5921    155.798    156.966    19.3629   4.925376    36.5929     0.0579 1.0000e-12    -0.0051   100.1264      67.20    212.142     4.8744 1.7028e+03          1         26 0.0000e+00
   33.11664  -65.68892    19.3627   4.925306    36.5921    156.801    157.976    19.3628   4.925422    36.5930     0.0533 1.0000e-12    -0.0060   100.1511      63.09    212.738     4.8881 1.7013e+03          1         25 0.0000e+00
   33.11664  -65.68892    19.3629   4.925356    36.5920    157.816    158.999    19.3629   4.925465    36.5928     0.0554 1.0000e-12    -0.0055   100.1383      98.74    212.977     4.8936 1.6881e+03          1         24 0.0000e+00
   33.11664  -65.68892    19.3624   4.925353    36.5920    158.812    160.003    19.3625   4.925459    36.5928     0.0803 1.0000e-12    -0.0054   100.1345      98.74    212.443     4.8813 1.6921e+03          1         23 0.0000e+00
   33.11665  -65.68893    19.3617   4.925316    36.5920    159.801    161.000    19.3617   4.925428    36.5928     0.0771 1.0000e-12    -0.0056   100.1405      98.74    212.931     4.8925 1.6902e+03          1         24 0.0000e+00
   33.11666  -65.68894    19.3608   4.925269    36.5920    160.792    161.998    19.3609   4.925374    36.5928     0.0639 1.0000e-12    -0.0063   100.1573      98.74    213.070     4.8957 1.6891e+03          1         25 0.0000e+00
   33.11666  -65.68894    19.3608   4.925301    36.5919    161.785    162.999    19.3608   4.925402    36.5927     0.0598 1.0000e-12    -0.0062   100.1563      98.73    212.853     4.8907 1.6887e+03          1         25 0.0000e+00
   33.11666  -65.68894    19.3605   4.925319    36.5919    162.754    163.977    19.3605   4.925431    36.5928     0.0589 1.0000e-12    -0.0059   100.1467      24.15    212.947     4.8929 1.6874e+03          1         23 0.0000e+00
   33.11666  -65.68894    19.3601   4.925336    36.5920    163.738    164.968    19.3601   4.925437    36.5929     0.0391 1.0000e-12    -0.0064   100.1599      98.90    212.616     4.8853 1.6863e+03          1         21 0.0000e+00
   33.11666  -65.68895    19.3595   4.925301    36.5919    164.761    166.000    19.3596   4.925411    36.5928     0.0273 1.0000e-12    -0.0059   100.1480      98.74    212.350     4.8792 1.6858e+03          1         24 0.0000e+00
   33.11666  -65.68896    19.3594   4.925333    36.5919    165.754    167.000    19.3595   4.925444    36.5927     0.0528 1.0000e-12    -0.0058   100.1461      98.74    212.919     4.8922 1.6871e+03          1         26 0.0000e+00
   33.11666  -65.68896    19.3597   4.925403    36.5918    166.723    167.977    19.3597   4.925514    36.5927     0.0513 1.0000e-12    -0.0034   100.0864      98.74    213.076     4.8958 1.6928e+03          1         25 0.0000e+00
   33.11666  -65.68896    19.3597   4.925506    36.5922    167.710    168.971    19.3598   4.925603    36.5930     0.0338 1.0000e-12    -0.0058   100.1445      98.73    212.636     4.8857 1.7014e+03          1         23 0.0000e+00
   33.11666  -65.68896    19.3595   4.925540    36.5924    168.731    170.001    19.3596   4.925634    36.5931     0.0315 1.0000e-12    -0.0057   100.1431      98.74    212.325     4.8786 1.7088e+03          1         22 0.0000e+00
   33.11666  -65.68897    19.3587   4.925525    36.5926    169.725    171.003    19.3587   4.925634    36.5935     0.0448 1.0000e-12    -0.0063   100.1582      98.74    212.390     4.8801 1.7129e+03          1         19 0.0000e+00
   33.11666  -65.68898    19.3551   4.925146    36.5923    170.690    171.975    19.3547   4.925303    36.5940     0.0354 1.0000e-12    -0.0058   100.1450      98.74    212.857     4.8908 1.7153e+03          1         20 0.0000e+00
   33.11666  -65.68898    19.3486   4.924426    36.5917    171.692    172.985    19.3487   4.924568    36.5929     0.0295 1.0000e-12    -0.0058   100.1437      98.74    212.977     4.8936 1.7166e+03          1         24 0.0000e+00
   33.11666  -65.68898    19.3459   4.924129    36.5912    172.685    173.986    19.3459   4.924248    36.5923     0.0463 1.0000e-12    -0.0063   100.1589      98.74    212.817     4.8899 1.7183e+03          1         32 0.0000e+00
   33.11666  -65.68898    19.3363   4.923050    36.5905    173.649    174.958    19.3360   4.923239    36.5923     0.0575 1.0000e-12    -0.0066   100.1647      98.74    212.459     4.8817 1.7227e+03          1         30 0.0000e+00
   33.11668  -65.68900    19.3067   4.919709    36.5889    174.673    175.990    19.3056   4.920073    36.5929     0.0493 1.0000e-12    -0.0059   100.1469      98.74    212.439     4.8813 1.7294e+03          1         24 0.0000e+00
   33.11668  -65.68900    19.2660   4.915233    36.5877    175.673    176.998    19.2653   4.915606    36.5914     0.0489 1.0000e-12    -0.0063   100.1578      98.74    212.158     4.8749 1.7374e+03          1         20 0.0000e+00
   33.11668  -65.68900    19.2236   4.910453    36.5853    176.668    178.001    19.2222   4.910989    36.5910     0.0292 1.0000e-12    -0.0066   100.1642      98.74    211.609     4.8623 1.7456e+03          1         20 0.0000e+00
   33.11668  -65.68900    19.1887   4.906694    36.5847    177.646    178.987    19.1883   4.906955    36.5872     0.0448 1.0000e-12    -0.0069   100.1723      98.74    210.636     4.8400 1.7543e+03          1         22 0.0000e+00
   33.11668  -65.68900    19.1497   4.902190    36.5814    178.630    179.979    19.1483   4.902791    36.5877     0.0298 1.0000e-12    -0.0070   100.1746      98.74    209.176     4.8065 1.7642e+03          1         22 0.0000e+00
   33.11668  -65.68901    19.0890   4.895513    36.5794    179.630    180.987    19.0883   4.895862    36.5829     0.0424 1.0000e-12    -0.0069   100.1736      98.74    207.586     4.7700 1.7760e+03          1         23 0.0000e+00
   33.11668  -65.68902    19.0487   4.890889    36.5760    180.608    181.972    19.0475   4.891392    36.5813     0.0369 1.0000e-12    -0.0063   100.1573      98.74    206.184     4.7378 1.7897e+03          1         25 0.0000e+00
   33.11668  -65.68902    18.9865   4.883873    36.5722    181.613    182.985    18.9855   4.884357    36.5771     0.0444 1.0000e-12    -0.0066   100.1652      98.74    204.372     4.6962 1.8029e+03          1         29 0.0000e+00
   33.11668  -65.68902    18.8795   4.871742    36.5657    182.623    184.003    18.8761   4.872575    36.5757     0.0517 1.0000e-12    -0.0069   100.1740      98.74    203.519     4.6767 1.8132e+03          1         28 0.0000e+00
   33.11668  -65.68902    18.6811   4.849192    36.5539    183.605    184.993    18.6749   4.851198    36.5765     0.0356 1.0000e-12    -0.0068   100.1715      98.74    201.946     4.6408 1.8199e+03          1         24 0.0000e+00
   33.11668  -65.68904    18.4859   4.827991    36.5500    184.590    185.986    18.4835   4.828890    36.5597     0.0595 1.0000e-12    -0.0073   100.1828      98.75    199.875     4.5934 1.8267e+03          1         22 0.0000e+00
   33.11668  -65.68904    18.3993   4.818392    36.5452    185.587    186.991    18.3981   4.819038    36.5517     0.0653 1.0000e-12    -0.0082   100.2039      98.74    196.315     4.5117 1.8386e+03          1         21 0.0000e+00
   33.11668  -65.68904    18.3368   4.811448    36.5410    186.575    187.987    18.3350   4.812156    36.5486     0.0363 1.0000e-12    -0.0084   100.2101      98.74    191.790     4.4077 1.8534e+03          1         21 0.0000e+00
   33.11668  -65.68904    18.2440   4.801167    36.5360    187.552    188.972    18.2424   4.801943    36.5440     0.0431 1.0000e-12    -0.0083   100.2062      98.74    189.016     4.3441 1.8795e+03          1         22 0.0000e+00
   33.11668  -65.68904    18.1842   4.794559    36.5319    188.572    190.000    18.1836   4.795053    36.5365     0.0310 1.0000e-12    -0.0091   100.2283      98.74    188.015     4.3211 1.9270e+03          1         24 0.0000e+00
   33.11668  -65.68905    18.1183   4.787092    36.5259    189.552    190.988    18.1175   4.787707    36.5319     0.0229 1.0000e-12    -0.0099   100.2467      98.74    187.758     4.3152 1.9938e+03          1         25 0.0000e+00
   33.11668  -65.68906    18.0762   4.782423    36.5217    190.662    192.107    18.0798   4.783032    36.5235     0.0255 1.0000e-12    -0.0100   100.2515      98.74    187.423     4.3076 2.0173e+03          1         37 0.0000e+00
   33.11668  -65.68906    18.0127   4.775265    36.5149    191.530    192.981    18.0148   4.776070    36.5199     0.0195 1.0000e-12    -0.0104   100.2597      98.73    187.519     4.3098 2.1671e+03          1         57 0.0000e+00
   33.11670  -65.68908    17.9918   4.773304    36.5138    192.515    193.974    17.9926   4.773521    36.5150     0.0182 1.0000e-12    -0.0114   100.2859      98.73    187.620     4.3122 2.5334e+03          1         46 0.0000e+00
   33.11670  -65.68908    17.9806   4.772346    36.5125    193.611    195.080    17.9800   4.772441    36.5139     0.0268 1.0000e-12    -0.0123   100.3082      98.74    187.794     4.3162 2.3339e+03          1        100 0.0000e+00
   33.11670  -65.68910    17.9534   4.769416    36.5099    194.466    195.942    17.9529   4.769751    36.5132     0.0119 1.0000e-12    -0.0130   100.3250      98.74    187.926     4.3192 1.9073e+03          1         41 0.0000e+00
   33.11670  -65.68910    17.9078   4.764141    36.5048    195.585    197.070    17.9106   4.764603    36.5063     0.0192 1.0000e-12    -0.0125   100.3132      98.74    187.681     4.3136 1.8816e+03          1         49 0.0000e+00
   33.11670  -65.68912    17.8946   4.762750    36.5030    196.316    197.806    17.8950   4.763003    36.5048     0.0138 1.0000e-12    -0.0131   100.3275      98.75    187.486     4.3091 1.8339e+03          1         83 0.0000e+00
   33.11672  -65.68914    17.8855   4.762302    36.5056    197.545    199.046    17.8856   4.762419    36.5065     0.0154 1.0000e-12    -0.0132   100.3298      98.75    187.465     4.3087 1.8096e+03          1        116 0.0000e+00
   33.11672  -65.68916    17.8851   4.762480    36.5064    198.511    200.019    17.8854   4.762610    36.5072     0.0164 1.0000e-12    -0.0140   100.3502      98.75    187.823     4.3169 1.8453e+03          1         66 0.0000e+00
   33.11674  -65.68921    17.8836   4.762604    36.5078    199.412    200.927    17.8839   4.762710    36.5084     0.0165 1.0000e-12    -0.0143   100.3580      98.75    188.142     4.3242 2.5935e+03          1        667 0.0000e+00
   33.11676  -65.68926    17.8877   4.762896    36.5067    198.503    200.011    17.8880   4.762980    36.5071     0.0225 1.0000e-12    -0.0148   100.3723      98.75    188.320     4.3283 2.4213e+03          1         62 0.0000e+00
   33.11676  -65.68926    17.8923   4.763250    36.5059    197.546    199.046    17.8934   4.763419    36.5063     0.0204 1.0000e-12    -0.0139   100.3485      98.75    188.066     4.3225 2.4880e+03          1         39 0.0000e+00
   33.11676  -65.68927    17.8862   4.762224    36.5031    196.520    198.013    17.8888   4.762824    36.5059     0.0190 1.0000e-12    -0.0145   100.3640      98.75    187.971     4.3203 2.6302e+03          1         28 0.0000e+00
   33.11676  -65.68928    17.8868   4.761956    36.5006    195.516    197.000    17.8865   4.761991    36.5012     0.0082 1.0000e-12    -0.0142   100.3567      98.75    187.438     4.3081 2.6983e+03          1         25 0.0000e+00
   33.11676  -65.68928    17.9042   4.763787    36.5008    194.543    196.019    17.9019   4.763373    36.4994     0.0230 1.0000e-12    -0.0143   100.3576      98.75    187.339     4.3057 2.7506e+03          1         27 0.0000e+00
   33.11676  -65.68928    17.9305   4.766806    36.5031    193.534    195.002    17.9288   4.766465    36.5017     0.0060 1.0000e-12    -0.0140   100.3508      98.75    186.768     4.2926 2.9042e+03          1         26 0.0000e+00
   33.11676  -65.68928    17.9543   4.769461    36.5046    192.528    193.988    17.9545   4.769340    36.5034     0.0091 1.0000e-12    -0.0135   100.3382      98.75    186.638     4.2896 3.1392e+03          1         25 0.0000e+00
   33.11677  -65.68929    17.9714   4.771309    36.5053    191.554    193.007    17.9789   4.771973    36.5042     0.0105 1.0000e-12    -0.0133   100.3321      98.75    187.026     4.2985 3.1975e+03          1         25 0.0000e+00
   33.11678  -65.68930    17.9820   4.772463    36.5062    190.564    192.008    17.9831   4.772535    36.5058     0.0045 1.0000e-12    -0.0130   100.3257      98.76    186.519     4.2868 3.2050e+03          1         30 0.0000e+00
   33.11678  -65.68930    17.9983   4.774132    36.5062    189.569    191.005    18.0031   4.774581    36.5057     0.0211 1.0000e-12    -0.0132   100.3308      98.75    186.440     4.2850 3.2078e+03          1         32 0.0000e+00
   33.11678  -65.68930    18.0402   4.778581    36.5066    188.611    190.039    18.0396   4.778469    36.5063     0.0342 1.0000e-12    -0.0129   100.3211      98.75    186.675     4.2904 3.2140e+03          1         26 0.0000e+00
   33.11678  -65.68931    18.0753   4.782894    36.5121    187.633    189.053    18.0839   4.783670    36.5109     0.0217 1.0000e-12    -0.0121   100.3031      98.75    186.853     4.2944 3.2114e+03          1         21 0.0000e+00
   33.11678  -65.68932    18.1379   4.790035    36.5167    186.599    188.011    18.1400   4.789417    36.5095     0.0270 1.0000e-12    -0.0123   100.3070      98.75    186.640     4.2895 3.2099e+03          1         19 0.0000e+00
   33.11678  -65.68932    18.2065   4.797841    36.5216    185.559    186.963    18.2043   4.796828    36.5149     0.0373 1.0000e-12    -0.0105   100.2629      98.75    186.077     4.2765 3.2071e+03          1         18 0.0000e+00
   33.11678  -65.68932    18.2672   4.804387    36.5228    184.580    185.976    18.2545   4.802993    36.5226     0.0390 1.0000e-12    -0.0102   100.2556      98.76    186.170     4.2786 3.1956e+03          1         19 0.0000e+00
   33.11678  -65.68932    18.3228   4.810568    36.5260    183.587    184.975    18.3263   4.809679    36.5152     0.0296 1.0000e-12    -0.0094   100.2348      98.76    186.617     4.2888 3.1800e+03          1         27 0.0000e+00
   33.11678  -65.68932    18.3980   4.818668    36.5278    182.622    184.002    18.4196   4.820705    36.5255     0.0255 1.0000e-12    -0.0098   100.2443      98.76    187.137     4.3007 3.0710e+03          1         30 0.0000e+00
   33.11680  -65.68932    18.5007   4.830386    36.5355    181.648    183.021    18.5763   4.836567    36.5192     0.0266 1.0000e-12    -0.0097   100.2420      98.76    187.774     4.3152 2.8142e+03          1         26 0.0000e+00
