Data/ruptures/KN207-01/QL-2/20701064.cnv
* Sea-Bird SBE 9 Data File:
* FileName = C:\Data\ctd\20701064.hex
* Software Version Seasave V 7.21e
* Temperature SN = 4406
* Conductivity SN = 1474
* Number of Bytes Per Scan = 40
* Number of Voltage Words = 5
* Number of Scans Averaged by the Deck Unit = 1
* NMEA Latitude = 32 56.24 N
* NMEA Longitude = 065 50.87 W
* NMEA UTC (Time) = Apr 30 2012 23:59:52
** R/V Knorr Cruise # KN207-01 QL 2
** Chief Scientist: Ben Van Mooy
# nquan = 21
# nvalues = 398                         
# units = specified
# name 0 = latitude: Latitude [deg]
# name 1 = longitude: Longitude [deg]
# name 2 = t090C: Temperature [ITS-90, deg C]
# name 3 = c0S/m: Conductivity [S/m]
# name 4 = sal00: Salinity, Practical [PSU]
# name 5 = depSM: Depth [salt water, m]
# name 6 = prDM: Pressure, Digiquartz [db]
# name 7 = t190C: Temperature, 2 [ITS-90, deg C]
# name 8 = c1S/m: Conductivity, 2 [S/m]
# name 9 = sal11: Salinity, Practical, 2 [PSU]
# name 10 = flECO-AFL: Fluorescence, WET Labs ECO-AFL/FL [mg/m^3]
# name 11 = par: PAR/Irradiance, Biospherical/Licor
# name 12 = bat: Beam Attenuation, Chelsea/Seatech [1/m]
# name 13 = xmiss: Beam Transmission, Chelsea/Seatech [%]
# name 14 = altM: Altimeter [m]
# name 15 = sbeox0Mm/Kg: Oxygen, SBE 43 [umol/kg]
# name 16 = sbeox0ML/L: Oxygen, SBE 43 [ml/l]
# name 17 = spar: SPAR/Surface Irradiance
# name 18 = pumps: Pump Status
# name 19 = nbin: number of scans per bin
# name 20 = flag: flag
# span 0 =   32.93745,   32.93876       
# span 1 =  -65.84793,  -65.84694       
# span 2 =    17.9492,    20.4183       
# span 3 =   4.769745,   5.032101       
# span 4 =    36.5154,    36.6107       
# span 5 =      2.002,    199.390       
# span 6 =      2.016,    200.902       
# span 7 =    17.9567,    20.4185       
# span 8 =   4.770714,   5.032281       
# span 9 =    36.5138,    36.6120       
# span 10 =     0.0078,     0.7247      
# span 11 = 1.0000e-12, 1.0000e-12      
# span 12 =    -0.0113,     0.0951      
# span 13 =    97.6518,   100.2819      
# span 14 =       3.91,      98.72      
# span 15 =    186.859,    222.942      
# span 16 =     4.2944,     5.1222      
# span 17 = 1.3384e+01, 1.4644e+01      
# span 18 =          1,          1      
# span 19 =         14,        813      
# span 20 = 0.0000e+00, 0.0000e+00      
# interval = decibars: 1                
# start_time = Apr 30 2012 23:59:52 [NMEA time, header]
# bad_flag = -9.990e-29
*END*
[from data line 69]
   32.93758  -65.84778    19.4099   4.926585    36.5940     71.384     71.903    19.4120   4.927022    36.5957     0.4214 1.0000e-12     0.0458    98.8606      98.60    219.974     5.0543 1.3673e+01          1         85 0.0000e+00
   32.93758  -65.84778    19.4055   4.926199    36.5942     72.435     72.962    19.4055   4.926414    36.5960     0.3886 1.0000e-12     0.0446    98.8915      98.61    219.932     5.0533 1.3652e+01          1         25 0.0000e+00
   32.93758  -65.84778    19.4040   4.926087    36.5942     73.495     74.029    19.4040   4.926297    36.5960     0.3718 1.0000e-12     0.0422    98.9508      98.61    219.715     5.0483 1.3470e+01          1         26 0.0000e+00
   32.93758  -65.84778    19.4033   4.926040    36.5939     74.591     75.134    19.4043   4.926340    36.5955     0.4321 1.0000e-12     0.0406    98.9889      98.61    219.336     5.0396 1.3602e+01          1         82 0.0000e+00
   32.93760  -65.84776    19.4014   4.925888    36.5940     75.409     75.958    19.4022   4.926173    36.5957     0.4158 1.0000e-12     0.0404    98.9961      98.60    218.951     5.0308 1.3444e+01          1         37 0.0000e+00
   32.93760  -65.84776    19.3986   4.925649    36.5940     76.463     77.020    19.3986   4.925845    36.5957     0.4272 1.0000e-12     0.0414    98.9712      98.61    219.095     5.0341 1.3851e+01          1         43 0.0000e+00
   32.93760  -65.84776    19.3979   4.925597    36.5939     77.460     78.024    19.3978   4.925799    36.5956     0.4720 1.0000e-12     0.0387    99.0372      98.60    218.674     5.0244 1.3603e+01          1         51 0.0000e+00
   32.93760  -65.84776    19.3967   4.925526    36.5939     78.422     78.993    19.3967   4.925727    36.5956     0.4813 1.0000e-12     0.0399    99.0069      98.61    218.774     5.0267 1.3515e+01          1         51 0.0000e+00
   32.93760  -65.84776    19.3951   4.925402    36.5939     79.385     79.964    19.3951   4.925619    36.5957     0.4638 1.0000e-12     0.0382    99.0492      98.60    218.562     5.0218 1.3496e+01          1         40 0.0000e+00
   32.93760  -65.84776    19.3931   4.925248    36.5940     80.424     81.011    19.3931   4.925443    36.5956     0.5015 1.0000e-12     0.0395    99.0168      98.60    218.679     5.0245 1.3639e+01          1         35 0.0000e+00
   32.93760  -65.84776    19.3921   4.925170    36.5938     81.498     82.093    19.3921   4.925371    36.5955     0.4986 1.0000e-12     0.0390    99.0302      98.60    217.842     5.0053 1.3679e+01          1         53 0.0000e+00
   32.93760  -65.84776    19.3913   4.925127    36.5938     82.310     82.910    19.3913   4.925326    36.5954     0.5925 1.0000e-12     0.0372    99.0739      98.60    217.740     5.0030 1.3530e+01          1         61 0.0000e+00
   32.93762  -65.84774    19.3895   4.924995    36.5938     83.401     84.009    19.3896   4.925194    36.5955     0.5584 1.0000e-12     0.0571    98.5843      98.60    217.630     5.0004 1.3515e+01          1         34 0.0000e+00
   32.93762  -65.84774    19.3882   4.924902    36.5938     84.476     85.093    19.3882   4.925096    36.5954     0.6227 1.0000e-12     0.0402    98.9997      98.61    217.839     5.0053 1.3644e+01          1         60 0.0000e+00
   32.93762  -65.84774    19.3877   4.924884    36.5938     85.304     85.927    19.3876   4.925077    36.5955     0.7247 1.0000e-12     0.0420    98.9547      98.60    217.304     4.9930 1.3607e+01          1         50 0.0000e+00
   32.93762  -65.84774    19.3869   4.924870    36.5939     86.354     86.985    19.3869   4.925066    36.5956     0.6662 1.0000e-12     0.0415    98.9668      98.61    217.242     4.9915 1.3519e+01          1         33 0.0000e+00
   32.93762  -65.84774    19.3865   4.924901    36.5941     87.375     88.014    19.3866   4.925094    36.5957     0.6347 1.0000e-12     0.0397    99.0115      98.61    217.288     4.9926 1.3528e+01          1         31 0.0000e+00
   32.93762  -65.84774    19.3863   4.924917    36.5941     88.393     89.039    19.3862   4.925123    36.5959     0.5869 1.0000e-12     0.0374    99.0691      98.61    216.629     4.9775 1.3678e+01          1         38 0.0000e+00
   32.93762  -65.84774    19.3866   4.925001    36.5942     89.160     89.812    19.3868   4.925198    36.5957     0.6673 1.0000e-12     0.0389    99.0319      98.61    216.858     4.9827 1.3616e+01          1        106 0.0000e+00
   32.93762  -65.84772    19.3862   4.925079    36.5947     90.360     91.021    19.3862   4.925273    36.5964     0.6895 1.0000e-12     0.0384    99.0447      98.61    216.375     4.9716 1.3485e+01          1         22 0.0000e+00
   32.93762  -65.84772    19.3858   4.925068    36.5947     91.338     92.007    19.3857   4.925266    36.5964     0.6342 1.0000e-12     0.0381    99.0533      98.62    216.381     4.9717 1.3849e+01          1         24 0.0000e+00
   32.93762  -65.84772    19.3849   4.924999    36.5944     92.406     93.082    19.3849   4.925192    36.5961     0.5866 1.0000e-12     0.0374    99.0699      98.59    216.976     4.9854 1.3790e+01          1         44 0.0000e+00
   32.93763  -65.84772    19.3848   4.924998    36.5943     93.057     93.739    19.3853   4.925252    36.5960     0.6661 1.0000e-12     0.0366    99.0897      98.61    216.289     4.9696 1.3469e+01          1         79 0.0000e+00
   32.93764  -65.84772    19.3837   4.924948    36.5944     94.295     94.986    19.3836   4.925131    36.5960     0.5624 1.0000e-12     0.0368    99.0833      98.61    215.852     4.9596 1.3756e+01          1         24 0.0000e+00
   32.93764  -65.84772    19.3833   4.924944    36.5943     95.358     96.057    19.3834   4.925138    36.5959     0.5767 1.0000e-12     0.0361    99.1026      98.61    216.432     4.9729 1.3607e+01          1         40 0.0000e+00
   32.93764  -65.84770    19.3830   4.924938    36.5942     96.206     96.912    19.3830   4.925132    36.5958     0.6650 1.0000e-12     0.0352    99.1241      98.61    216.267     4.9691 1.3635e+01          1         71 0.0000e+00
   32.93764  -65.84770    19.3816   4.924818    36.5940     97.280     97.993    19.3816   4.925015    36.5957     0.6140 1.0000e-12     0.0373    99.0724      98.61    215.802     4.9584 1.3513e+01          1         52 0.0000e+00
   32.93764  -65.84770    19.3807   4.924793    36.5942     98.253     98.974    19.3808   4.924994    36.5958     0.6191 1.0000e-12     0.0336    99.1625      98.61    215.874     4.9601 1.3678e+01          1         38 0.0000e+00
   32.93764  -65.84770    19.3805   4.924866    36.5946     99.291    100.020    19.3805   4.925040    36.5960     0.5244 1.0000e-12     0.0315    99.2161      98.61    215.544     4.9525 1.3607e+01          1         30 0.0000e+00
   32.93764  -65.84769    19.3805   4.924881    36.5943    100.294    101.030    19.3805   4.925085    36.5960     0.5677 1.0000e-12     0.0339    99.1568      98.61    215.470     4.9508 1.3717e+01          1         67 0.0000e+00
   32.93764  -65.84768    19.3805   4.924960    36.5947    101.174    101.917    19.3804   4.925146    36.5963     0.6047 1.0000e-12     0.0306    99.2364      98.61    215.397     4.9492 1.3790e+01          1         33 0.0000e+00
   32.93764  -65.84768    19.3798   4.924930    36.5946    102.232    102.983    19.3798   4.925132    36.5963     0.5112 1.0000e-12     0.0313    99.2193      98.61    215.871     4.9600 1.3942e+01          1         24 0.0000e+00
   32.93764  -65.84768    19.3777   4.924700    36.5942    103.308    104.067    19.3776   4.924884    36.5958     0.4875 1.0000e-12     0.0318    99.2081      98.61    215.457     4.9505 1.3581e+01          1         34 0.0000e+00
   32.93764  -65.84768    19.3770   4.924653    36.5940    104.191    104.957    19.3770   4.924807    36.5953     0.5614 1.0000e-12     0.0267    99.3344      98.61    215.265     4.9461 1.3556e+01          1         52 0.0000e+00
   32.93764  -65.84768    19.3768   4.924683    36.5941    105.169    105.942    19.3767   4.924875    36.5958     0.5914 1.0000e-12     0.0265    99.3393      98.62    215.358     4.9483 1.3663e+01          1         24 0.0000e+00
   32.93764  -65.84768    19.3766   4.924747    36.5944    106.236    107.017    19.3765   4.924926    36.5960     0.5017 1.0000e-12     0.0241    99.3995      98.62    215.240     4.9455 1.3830e+01          1         15 0.0000e+00
   32.93764  -65.84768    19.3767   4.924813    36.5945    107.202    107.991    19.3767   4.925000    36.5961     0.4710 1.0000e-12     0.0245    99.3885      98.61    215.333     4.9477 1.3802e+01          1         16 0.0000e+00
   32.93764  -65.84768    19.3765   4.924824    36.5944    108.192    108.989    19.3765   4.925014    36.5960     0.4422 1.0000e-12     0.0240    99.4016      98.61    215.206     4.9447 1.3646e+01          1         17 0.0000e+00
   32.93764  -65.84768    19.3765   4.924886    36.5945    109.248    110.052    19.3764   4.925060    36.5960     0.4285 1.0000e-12     0.0236    99.4124      98.62    214.598     4.9308 1.3857e+01          1         33 0.0000e+00
   32.93764  -65.84768    19.3765   4.924922    36.5945    110.142    110.953    19.3764   4.925102    36.5960     0.4704 1.0000e-12     0.0220    99.4527      98.61    215.236     4.9454 1.3621e+01          1         47 0.0000e+00
   32.93764  -65.84768    19.3759   4.924917    36.5945    111.127    111.946    19.3758   4.925116    36.5963     0.4702 1.0000e-12     0.0206    99.4873      98.61    215.258     4.9460 1.3675e+01          1         23 0.0000e+00
   32.93764  -65.84768    19.3758   4.924937    36.5945    112.159    112.986    19.3756   4.925145    36.5963     0.4133 1.0000e-12     0.0200    99.5026      98.62    215.243     4.9456 1.4081e+01          1         16 0.0000e+00
   32.93765  -65.84765    19.3749   4.924885    36.5944    113.170    114.004    19.3749   4.925097    36.5963     0.4006 1.0000e-12     0.0190    99.5263      98.62    215.232     4.9454 1.3533e+01          1         15 0.0000e+00
   32.93766  -65.84764    19.3743   4.924889    36.5946    114.152    114.994    19.3744   4.925066    36.5960     0.4012 1.0000e-12     0.0186    99.5350      98.62    214.860     4.9368 1.3703e+01          1         14 0.0000e+00
   32.93766  -65.84764    19.3743   4.924942    36.5946    115.157    116.006    19.3743   4.925121    36.5962     0.4049 1.0000e-12     0.0204    99.4920      98.62    214.772     4.9348 1.3496e+01          1         20 0.0000e+00
   32.93766  -65.84764    19.3745   4.925002    36.5946    116.215    117.072    19.3745   4.925186    36.5961     0.3671 1.0000e-12     0.0266    99.3363      98.61    214.683     4.9328 1.3454e+01          1         32 0.0000e+00
   32.93766  -65.84764    19.3745   4.925045    36.5946    117.088    117.953    19.3745   4.925226    36.5961     0.4151 1.0000e-12     0.0221    99.4489      98.61    214.715     4.9335 1.3695e+01          1         43 0.0000e+00
   32.93764  -65.84764    19.3743   4.925072    36.5947    118.075    118.947    19.3743   4.925253    36.5962     0.5747 1.0000e-12     0.0191    99.5253      98.62    214.111     4.9196 1.3675e+01          1         23 0.0000e+00
   32.93764  -65.84764    19.3741   4.925112    36.5948    119.112    119.992    19.3740   4.925288    36.5963     0.3983 1.0000e-12     0.0184    99.5417      98.61    214.496     4.9285 1.3756e+01          1         18 0.0000e+00
   32.93764  -65.84764    19.3742   4.925186    36.5949    120.156    121.044    19.3742   4.925375    36.5965     0.3638 1.0000e-12     0.0157    99.6071      98.62    214.491     4.9284 1.3384e+01          1         16 0.0000e+00
   32.93764  -65.84764    19.3738   4.925193    36.5949    121.145    122.040    19.3739   4.925374    36.5964     0.3388 1.0000e-12     0.0162    99.5967      98.62    214.629     4.9315 1.3646e+01          1         17 0.0000e+00
   32.93764  -65.84764    19.3735   4.925187    36.5947    122.138    123.041    19.3735   4.925372    36.5963     0.3020 1.0000e-12     0.0170    99.5757      98.62    214.947     4.9388 1.4063e+01          1         23 0.0000e+00
   32.93765  -65.84764    19.3731   4.925181    36.5947    123.107    124.018    19.3731   4.925356    36.5962     0.2926 1.0000e-12     0.0131    99.6734      98.62    214.422     4.9268 1.3766e+01          1         35 0.0000e+00
   32.93766  -65.84764    19.3731   4.925209    36.5946    124.047    124.965    19.3730   4.925397    36.5962     0.3152 1.0000e-12     0.0131    99.6725      98.62    214.270     4.9233 1.3456e+01          1         31 0.0000e+00
   32.93766  -65.84764    19.3726   4.925221    36.5947    125.049    125.974    19.3726   4.925402    36.5962     0.3076 1.0000e-12     0.0116    99.7099      98.62    214.520     4.9290 1.3570e+01          1         24 0.0000e+00
   32.93766  -65.84764    19.3724   4.925248    36.5948    126.055    126.988    19.3723   4.925430    36.5963     0.2691 1.0000e-12     0.0115    99.7131      98.61    214.790     4.9352 1.3384e+01          1         20 0.0000e+00
   32.93766  -65.84764    19.3721   4.925266    36.5948    127.067    128.008    19.3721   4.925448    36.5963     0.2540 1.0000e-12     0.0107    99.7327      98.62    214.994     4.9399 1.3703e+01          1         21 0.0000e+00
   32.93766  -65.84763    19.3717   4.925267    36.5947    128.081    129.030    19.3718   4.925466    36.5964     0.2566 1.0000e-12     0.0106    99.7362      98.61    214.973     4.9394 1.3830e+01          1         20 0.0000e+00
   32.93766  -65.84762    19.3710   4.925204    36.5945    129.092    130.049    19.3710   4.925416    36.5962     0.2608 1.0000e-12     0.0098    99.7542      98.62    214.640     4.9318 1.3473e+01          1         25 0.0000e+00
   32.93766  -65.84762    19.3707   4.925215    36.5944    130.078    131.043    19.3707   4.925407    36.5961     0.2544 1.0000e-12     0.0083    99.7937      98.62    214.222     4.9222 1.3461e+01          1         29 0.0000e+00
   32.93766  -65.84762    19.3700   4.925180    36.5944    131.005    131.977    19.3701   4.925378    36.5960     0.2478 1.0000e-12     0.0077    99.8087      98.62    213.939     4.9157 1.3593e+01          1         32 0.0000e+00
   32.93766  -65.84762    19.3699   4.925208    36.5944    131.994    132.973    19.3699   4.925402    36.5960     0.2309 1.0000e-12     0.0068    99.8292      98.62    214.175     4.9211 1.3632e+01          1         27 0.0000e+00
   32.93766  -65.84762    19.3702   4.925309    36.5945    133.025    134.012    19.3702   4.925508    36.5962     0.2352 1.0000e-12     0.0067    99.8311      98.62    214.265     4.9232 1.3688e+01          1         22 0.0000e+00
   32.93766  -65.84762    19.3702   4.925380    36.5947    134.001    134.996    19.3702   4.925552    36.5962     0.2245 1.0000e-12     0.0066    99.8359      98.62    214.237     4.9225 1.4004e+01          1         18 0.0000e+00
   32.93766  -65.84762    19.3702   4.925397    36.5946    134.970    135.972    19.3702   4.925582    36.5961     0.1932 1.0000e-12     0.0061    99.8470      98.62    214.370     4.9256 1.3854e+01          1         19 0.0000e+00
   32.93766  -65.84762    19.3702   4.925428    36.5945    135.985    136.995    19.3702   4.925635    36.5962     0.1728 1.0000e-12     0.0066    99.8345      98.62    214.510     4.9288 1.3508e+01          1         18 0.0000e+00
   32.93766  -65.84762    19.3701   4.925484    36.5946    136.992    138.010    19.3701   4.925659    36.5960     0.1897 1.0000e-12     0.0056    99.8591      98.62    214.370     4.9256 1.4094e+01          1         22 0.0000e+00
   32.93766  -65.84762    19.3702   4.925535    36.5945    138.005    139.031    19.3702   4.925711    36.5961     0.2003 1.0000e-12     0.0065    99.8382      98.61    214.420     4.9267 1.3533e+01          1         30 0.0000e+00
