Data/ruptures/KN207-01/QL-2/20701082.cnv
* Sea-Bird SBE 9 Data File:
* FileName = C:\Data\ctd\20701082.hex
* Software Version Seasave V 7.21e
* Temperature SN = 4406
* Conductivity SN = 1474
* Number of Bytes Per Scan = 40
* Number of Voltage Words = 5
* Number of Scans Averaged by the Deck Unit = 1
* NMEA Latitude = 33 14.13 N
* NMEA Longitude = 065 40.88 W
* NMEA UTC (Time) = May 03 2012 13:01:33
** R/V Knorr Cruise # KN207-01 QL 2
** Chief Scientist: Ben Van Mooy
# nquan = 21
# nvalues = 400                         
# units = specified
# name 0 = latitude: Latitude [deg]
# name 1 = longitude: Longitude [deg]
# name 2 = t090C: Temperature [ITS-90, deg C]
# name 3 = c0S/m: Conductivity [S/m]
# name 4 = sal00: Salinity, Practical [PSU]
# name 5 = depSM: Depth [salt water, m]
# name 6 = prDM: Pressure, Digiquartz [db]
# name 7 = t190C: Temperature, 2 [ITS-90, deg C]
# name 8 = c1S/m: Conductivity, 2 [S/m]
# name 9 = sal11: Salinity, Practical, 2 [PSU]
# name 10 = flECO-AFL: Fluorescence, WET Labs ECO-AFL/FL [mg/m^3]
# name 11 = par: PAR/Irradiance, Biospherical/Licor
# name 12 = bat: Beam Attenuation, Chelsea/Seatech [1/m]
# name 13 = xmiss: Beam Transmission, Chelsea/Seatech [%]
# name 14 = altM: Altimeter [m]
# name 15 = sbeox0Mm/Kg: Oxygen, SBE 43 [umol/kg]
# name 16 = sbeox0ML/L: Oxygen, SBE 43 [ml/l]
# name 17 = spar: SPAR/Surface Irradiance
# name 18 = pumps: Pump Status
# name 19 = nbin: number of scans per bin
# name 20 = flag: flag
# span 0 =   33.23559,   33.23714       
# span 1 =  -65.68327,  -65.68142       
# span 2 =    19.1023,    20.3192       
# span 3 =   4.901031,   5.022098       
# span 4 =    36.5853,    36.6213       
# span 5 =      3.224,    201.148       
# span 6 =      3.247,    202.680       
# span 7 =    19.1034,    20.3191       
# span 8 =   4.900776,   5.022182       
# span 9 =    36.5841,    36.6226       
# span 10 =     0.0347,     1.0234      
# span 11 = 1.0000e-12, 1.0000e-12      
# span 12 =    -0.0032,     0.0795      
# span 13 =    98.0311,   100.0803      
# span 14 =       1.03,      99.01      
# span 15 =    201.831,    221.902      
# span 16 =     4.6378,     5.0982      
# span 17 = 3.4352e+02, 7.8716e+02      
# span 18 =          1,          1      
# span 19 =         16,        792      
# span 20 = 0.0000e+00, 0.0000e+00      
# interval = decibars: 1                
# start_time = May 03 2012 13:01:33 [NMEA time, header]
# bad_flag = -9.990e-29
*END*
[from data line 69]
   33.23580  -65.68168    19.3898   4.923495    36.5856     72.526     73.056    19.3898   4.923633    36.5867     0.8216 1.0000e-12     0.0688    98.2938      98.68    213.696     4.9100 4.3094e+02          1         47 0.0000e+00
   33.23580  -65.68168    19.3878   4.923313    36.5853     73.386     73.921    19.3877   4.923377    36.5860     0.8102 1.0000e-12     0.0632    98.4333      98.68    213.267     4.9001 4.2860e+02          1         56 0.0000e+00
   33.23580  -65.68168    19.3887   4.923518    36.5858     74.472     75.016    19.3886   4.923595    36.5865     0.7496 1.0000e-12     0.0575    98.5730      98.68    212.747     4.8882 4.2551e+02          1         37 0.0000e+00
   33.23580  -65.68168    19.3885   4.923520    36.5855     75.495     76.046    19.3885   4.923617    36.5863     0.7564 1.0000e-12     0.0546    98.6433      98.68    212.894     4.8916 4.2309e+02          1         55 0.0000e+00
   33.23580  -65.68168    19.3916   4.924112    36.5873     76.398     76.956    19.3916   4.924148    36.5876     0.7746 1.0000e-12     0.0543    98.6506      98.68    212.704     4.8872 4.2131e+02          1         48 0.0000e+00
   33.23580  -65.68170    19.3992   4.925450    36.5912     77.436     78.003    19.3991   4.925500    36.5917     0.7011 1.0000e-12     0.0533    98.6759      98.68    212.949     4.8929 4.1966e+02          1         37 0.0000e+00
   33.23580  -65.68170    19.4003   4.925729    36.5921     78.474     79.047    19.4002   4.925793    36.5927     0.6176 1.0000e-12     0.0478    98.8120      98.68    213.369     4.9025 4.1621e+02          1         56 0.0000e+00
   33.23581  -65.68170    19.4010   4.925917    36.5928     79.379     79.960    19.4009   4.925991    36.5935     0.6019 1.0000e-12     0.0441    98.9028      98.69    212.737     4.8880 4.1308e+02          1         44 0.0000e+00
   33.23582  -65.68170    19.4017   4.926121    36.5934     80.447     81.036    19.4017   4.926194    36.5941     0.5436 1.0000e-12     0.0389    99.0316      98.68    212.725     4.8877 4.1210e+02          1         39 0.0000e+00
   33.23582  -65.68170    19.4021   4.926213    36.5935     81.445     82.041    19.4020   4.926294    36.5942     0.5182 1.0000e-12     0.0386    99.0389      98.68    212.381     4.8798 4.1002e+02          1         53 0.0000e+00
   33.23582  -65.68170    19.4024   4.926111    36.5920     82.387     82.990    19.4023   4.926382    36.5944     0.6210 1.0000e-12     0.0351    99.1272      98.69    212.438     4.8811 4.0661e+02          1         53 0.0000e+00
   33.23582  -65.68170    19.4028   4.926404    36.5938     83.364     83.975    19.4027   4.926475    36.5944     0.5097 1.0000e-12     0.0352    99.1254      98.68    212.166     4.8749 4.0421e+02          1         44 0.0000e+00
   33.23582  -65.68170    19.4028   4.926455    36.5938     84.385     85.004    19.4027   4.926538    36.5946     0.4945 1.0000e-12     0.0331    99.1754      98.68    212.902     4.8918 4.0327e+02          1         37 0.0000e+00
   33.23584  -65.68172    19.4028   4.926541    36.5941     85.434     86.060    19.4028   4.926621    36.5948     0.4795 1.0000e-12     0.0364    99.0949      98.68    212.220     4.8761 4.0058e+02          1         59 0.0000e+00
   33.23584  -65.68172    19.4025   4.926569    36.5944     86.293     86.925    19.4024   4.926651    36.5951     0.4653 1.0000e-12     0.0365    99.0899      98.68    211.920     4.8692 3.9838e+02          1         49 0.0000e+00
   33.23584  -65.68174    19.4022   4.926590    36.5944     87.328     87.969    19.4022   4.926675    36.5951     0.4007 1.0000e-12     0.0273    99.3219      98.68    212.418     4.8807 3.9713e+02          1         32 0.0000e+00
   33.23584  -65.68174    19.4020   4.926618    36.5944     88.395     89.044    19.4020   4.926692    36.5950     0.3759 1.0000e-12     0.0258    99.3576      98.68    212.316     4.8783 3.9616e+02          1         35 0.0000e+00
   33.23584  -65.68174    19.4020   4.926640    36.5943     89.336     89.992    19.4021   4.926735    36.5950     0.4238 1.0000e-12     0.0244    99.3914      98.68    212.023     4.8716 3.9365e+02          1         80 0.0000e+00
   33.23584  -65.68174    19.4013   4.926627    36.5944     90.333     90.996    19.4013   4.926714    36.5951     0.4094 1.0000e-12     0.0234    99.4178      98.69    211.759     4.8655 3.9247e+02          1         37 0.0000e+00
   33.23584  -65.68174    19.4007   4.926601    36.5943     91.349     92.020    19.4006   4.926678    36.5950     0.3834 1.0000e-12     0.0231    99.4244      98.69    212.359     4.8793 3.9106e+02          1         35 0.0000e+00
   33.23585  -65.68174    19.4002   4.926565    36.5941     92.299     92.977    19.4002   4.926652    36.5949     0.3958 1.0000e-12     0.0248    99.3824      98.69    212.341     4.8789 3.8889e+02          1         59 0.0000e+00
   33.23586  -65.68174    19.3996   4.926567    36.5943     93.267     93.952    19.3995   4.926649    36.5950     0.4154 1.0000e-12     0.0231    99.4245      98.68    212.482     4.8821 3.8803e+02          1         44 0.0000e+00
   33.23586  -65.68174    19.3986   4.926573    36.5948     94.347     95.041    19.3985   4.926651    36.5956     0.4176 1.0000e-12     0.0240    99.4017      98.69    212.544     4.8836 3.8707e+02          1         44 0.0000e+00
   33.23586  -65.68176    19.3981   4.926571    36.5949     95.317     96.018    19.3980   4.926643    36.5956     0.4268 1.0000e-12     0.0231    99.4254      98.69    212.420     4.8807 3.8547e+02          1         52 0.0000e+00
   33.23586  -65.68176    19.3980   4.926611    36.5950     96.283     96.991    19.3978   4.926690    36.5957     0.3859 1.0000e-12     0.0238    99.4078      98.69    212.601     4.8849 3.8478e+02          1         40 0.0000e+00
   33.23586  -65.68176    19.3976   4.926629    36.5950     97.286     98.002    19.3976   4.926712    36.5957     0.3989 1.0000e-12     0.0245    99.3894      98.69    212.707     4.8873 3.8438e+02          1         44 0.0000e+00
   33.23586  -65.68176    19.3973   4.926643    36.5950     98.314     99.038    19.3973   4.926730    36.5957     0.4332 1.0000e-12     0.0227    99.4357      98.69    212.330     4.8787 3.8317e+02          1         62 0.0000e+00
   33.23587  -65.68177    19.3948   4.926379    36.5947     99.200     99.931    19.3950   4.926507    36.5956     0.4403 1.0000e-12     0.0232    99.4234      98.69    212.350     4.8791 3.8178e+02          1         52 0.0000e+00
   33.23588  -65.68178    19.3926   4.926188    36.5947    100.259    100.998    19.3926   4.926287    36.5955     0.3882 1.0000e-12     0.0222    99.4474      98.69    212.327     4.8786 3.8144e+02          1         27 0.0000e+00
   33.23588  -65.68178    19.3924   4.926234    36.5949    101.267    102.013    19.3923   4.926308    36.5955     0.3588 1.0000e-12     0.0221    99.4487      98.69    212.164     4.8748 3.8168e+02          1         28 0.0000e+00
   33.23588  -65.68178    19.3925   4.926287    36.5948    102.253    103.007    19.3926   4.926371    36.5954     0.4133 1.0000e-12     0.0211    99.4750      98.69    212.534     4.8834 3.8133e+02          1         80 0.0000e+00
   33.23588  -65.68178    19.3923   4.926308    36.5948    103.211    103.972    19.3923   4.926395    36.5956     0.4274 1.0000e-12     0.0199    99.5039      98.69    212.418     4.8807 3.8090e+02          1         29 0.0000e+00
   33.23588  -65.68178    19.3920   4.926320    36.5947    104.211    104.980    19.3920   4.926413    36.5955     0.3586 1.0000e-12     0.0200    99.5019      98.70    211.748     4.8653 3.7993e+02          1         28 0.0000e+00
   33.23588  -65.68178    19.3921   4.926407    36.5950    105.222    105.998    19.3920   4.926490    36.5958     0.3596 1.0000e-12     0.0194    99.5174      98.69    212.551     4.8837 3.7957e+02          1         31 0.0000e+00
   33.23590  -65.68178    19.3913   4.926392    36.5953    106.147    106.931    19.3912   4.926477    36.5961     0.3714 1.0000e-12     0.0200    99.5017      98.69    212.301     4.8780 3.7915e+02          1         36 0.0000e+00
   33.23590  -65.68178    19.3899   4.926290    36.5953    107.152    107.943    19.3898   4.926377    36.5961     0.3620 1.0000e-12     0.0194    99.5160      98.69    212.124     4.8739 3.7938e+02          1         27 0.0000e+00
   33.23590  -65.68178    19.3877   4.926054    36.5949    108.204    109.003    19.3876   4.926163    36.5959     0.3213 1.0000e-12     0.0184    99.5407      98.69    211.869     4.8681 3.7930e+02          1         24 0.0000e+00
   33.23590  -65.68178    19.3842   4.925657    36.5943    109.241    110.048    19.3841   4.925753    36.5952     0.2864 1.0000e-12     0.0165    99.5883      98.70    212.009     4.8713 3.7921e+02          1         28 0.0000e+00
   33.23590  -65.68180    19.3827   4.925520    36.5941    110.182    110.997    19.3827   4.925620    36.5949     0.2910 1.0000e-12     0.0149    99.6280      98.69    212.698     4.8871 3.7921e+02          1         29 0.0000e+00
   33.23590  -65.68180    19.3810   4.925318    36.5936    111.139    111.961    19.3810   4.925436    36.5946     0.2811 1.0000e-12     0.0149    99.6291      98.69    213.025     4.8946 3.7930e+02          1         26 0.0000e+00
   33.23590  -65.68180    19.3801   4.925256    36.5935    112.155    112.985    19.3800   4.925355    36.5943     0.2576 1.0000e-12     0.0136    99.6617      98.69    212.707     4.8873 3.7939e+02          1         25 0.0000e+00
   33.23590  -65.68180    19.3799   4.925279    36.5934    113.174    114.012    19.3799   4.925366    36.5942     0.2542 1.0000e-12     0.0132    99.6700      98.70    212.527     4.8832 3.7935e+02          1         31 0.0000e+00
   33.23590  -65.68180    19.3797   4.925315    36.5935    114.136    114.980    19.3797   4.925403    36.5942     0.2393 1.0000e-12     0.0124    99.6890      98.68    212.484     4.8822 3.7830e+02          1         32 0.0000e+00
   33.23590  -65.68180    19.3800   4.925457    36.5940    115.162    116.015    19.3799   4.925490    36.5944     0.2316 1.0000e-12     0.0122    99.6960      98.69    212.153     4.8746 3.7868e+02          1         21 0.0000e+00
   33.23590  -65.68180    19.3832   4.926080    36.5959    116.136    116.996    19.3831   4.926084    36.5961     0.2371 1.0000e-12     0.0120    99.6995      98.69    211.962     4.8702 3.7921e+02          1         17 0.0000e+00
   33.23590  -65.68180    19.3855   4.926490    36.5969    117.140    118.008    19.3852   4.926524    36.5974     0.2595 1.0000e-12     0.0126    99.6847      98.70    212.218     4.8761 3.7944e+02          1         19 0.0000e+00
   33.23590  -65.68180    19.3857   4.926532    36.5967    118.155    119.030    19.3855   4.926606    36.5975     0.3092 1.0000e-12     0.0138    99.6559      80.60    212.367     4.8795 3.7962e+02          1         22 0.0000e+00
   33.23590  -65.68180    19.3859   4.926597    36.5967    119.143    120.026    19.3858   4.926672    36.5975     0.3266 1.0000e-12     0.0150    99.6249      54.93    212.659     4.8863 3.7943e+02          1         30 0.0000e+00
   33.23590  -65.68180    19.3854   4.926578    36.5967    120.077    120.968    19.3854   4.926695    36.5976     0.3442 1.0000e-12     0.0152    99.6199      98.70    212.565     4.8841 3.7900e+02          1         32 0.0000e+00
   33.23590  -65.68180    19.3825   4.926286    36.5965    121.113    122.012    19.3825   4.926398    36.5974     0.3279 1.0000e-12     0.0149    99.6288      80.58    212.682     4.8868 3.7894e+02          1         25 0.0000e+00
   33.23590  -65.68180    19.3817   4.926242    36.5964    122.146    123.053    19.3815   4.926316    36.5972     0.3251 1.0000e-12     0.0152    99.6198      32.73    212.829     4.8902 3.7944e+02          1         19 0.0000e+00
   33.23590  -65.68180    19.3803   4.926123    36.5963    123.119    124.032    19.3802   4.926202    36.5970     0.3346 1.0000e-12     0.0161    99.5993      98.70    212.864     4.8909 3.7932e+02          1         21 0.0000e+00
   33.23591  -65.68181    19.3799   4.926107    36.5961    124.094    125.016    19.3797   4.926181    36.5969     0.3063 1.0000e-12     0.0164    99.5922      98.70    212.592     4.8847 3.7938e+02          1         27 0.0000e+00
   33.23592  -65.68182    19.3794   4.926098    36.5961    125.061    125.990    19.3793   4.926180    36.5969     0.2918 1.0000e-12     0.0150    99.6263      98.38    212.042     4.8721 3.7944e+02          1         29 0.0000e+00
   33.23592  -65.68182    19.3795   4.926159    36.5961    126.087    127.023    19.3794   4.926253    36.5970     0.2846 1.0000e-12     0.0146    99.6360      21.49    212.471     4.8819 3.8103e+02          1         22 0.0000e+00
   33.23592  -65.68182    19.3793   4.926184    36.5961    127.068    128.013    19.3792   4.926269    36.5970     0.2810 1.0000e-12     0.0146    99.6360      98.70    212.307     4.8782 3.8157e+02          1         17 0.0000e+00
   33.23592  -65.68182    19.3792   4.926233    36.5962    128.019    128.971    19.3790   4.926279    36.5968     0.2690 1.0000e-12     0.0140    99.6507      98.69    211.580     4.8615 3.8293e+02          1         21 0.0000e+00
   33.23592  -65.68183    19.3792   4.926250    36.5960    129.033    129.993    19.3791   4.926323    36.5968     0.2668 1.0000e-12     0.0131    99.6736      93.78    212.196     4.8756 3.8335e+02          1         28 0.0000e+00
   33.23592  -65.68184    19.3785   4.926191    36.5958    129.999    130.966    19.3784   4.926289    36.5967     0.2780 1.0000e-12     0.0130    99.6762      35.51    212.497     4.8825 3.8290e+02          1         32 0.0000e+00
   33.23592  -65.68184    19.3780   4.926189    36.5958    131.000    131.975    19.3779   4.926283    36.5967     0.2511 1.0000e-12     0.0135    99.6638      30.90    212.717     4.8876 3.8293e+02          1         24 0.0000e+00
   33.23592  -65.68184    19.3777   4.926187    36.5957    132.002    132.985    19.3775   4.926282    36.5967     0.2303 1.0000e-12     0.0128    99.6804      98.70    212.835     4.8903 3.8357e+02          1         22 0.0000e+00
   33.23592  -65.68184    19.3777   4.926263    36.5960    133.016    134.007    19.3776   4.926327    36.5966     0.2148 1.0000e-12     0.0121    99.6969      98.70    212.528     4.8832 3.8437e+02          1         19 0.0000e+00
   33.23592  -65.68184    19.3777   4.926305    36.5959    134.015    135.014    19.3776   4.926384    36.5967     0.2278 1.0000e-12     0.0113    99.7180      98.70    212.159     4.8748 3.8569e+02          1         21 0.0000e+00
   33.23592  -65.68184    19.3777   4.926344    36.5958    134.994    136.000    19.3776   4.926437    36.5967     0.2347 1.0000e-12     0.0099    99.7522      60.40    212.075     4.8728 3.8629e+02          1         23 0.0000e+00
   33.23592  -65.68184    19.3777   4.926379    36.5958    135.944    136.957    19.3776   4.926468    36.5967     0.2619 1.0000e-12     0.0103    99.7426      50.59    212.297     4.8779 3.8673e+02          1         27 0.0000e+00
   33.23592  -65.68184    19.3775   4.926412    36.5958    136.973    137.994    19.3774   4.926497    36.5966     0.2029 1.0000e-12     0.0103    99.7443      98.70    212.121     4.8739 3.8658e+02          1         33 0.0000e+00
   33.23592  -65.68184    19.3773   4.926411    36.5957    137.965    138.994    19.3771   4.926505    36.5966     0.1959 1.0000e-12     0.0091    99.7731      21.94    212.163     4.8749 3.8739e+02          1         27 0.0000e+00
   33.23592  -65.68184    19.3765   4.926360    36.5955    138.966    140.003    19.3764   4.926446    36.5964     0.1993 1.0000e-12     0.0091    99.7727       8.27    212.031     4.8718 3.8833e+02          1         22 0.0000e+00
