Data/ruptures/KN207-01/QL-1/20701023.cnv
* Sea-Bird SBE 9 Data File:
* FileName = C:\Data\ctd\20701023.hex
* Software Version Seasave V 7.21e
* Temperature SN = 4406
* Conductivity SN = 1474
* Number of Bytes Per Scan = 40
* Number of Voltage Words = 5
* Number of Scans Averaged by the Deck Unit = 1
* NMEA Latitude = 38 56.51 N
* NMEA Longitude = 068 56.88 W
* NMEA UTC (Time) = Apr 24 2012 17:09:13
** R/V Knorr Cruise # KN207-01 QL1
** Chief Scientist: Ben Van Mooy
# nquan = 21
# nvalues = 399                         
# units = specified
# name 0 = latitude: Latitude [deg]
# name 1 = longitude: Longitude [deg]
# name 2 = t090C: Temperature [ITS-90, deg C]
# name 3 = c0S/m: Conductivity [S/m]
# name 4 = sal00: Salinity, Practical [PSU]
# name 5 = depSM: Depth [salt water, m]
# name 6 = prDM: Pressure, Digiquartz [db]
# name 7 = t190C: Temperature, 2 [ITS-90, deg C]
# name 8 = c1S/m: Conductivity, 2 [S/m]
# name 9 = sal11: Salinity, Practical, 2 [PSU]
# name 10 = flECO-AFL: Fluorescence, WET Labs ECO-AFL/FL [mg/m^3]
# name 11 = par: PAR/Irradiance, Biospherical/Licor
# name 12 = bat: Beam Attenuation, Chelsea/Seatech [1/m]
# name 13 = xmiss: Beam Transmission, Chelsea/Seatech [%]
# name 14 = altM: Altimeter [m]
# name 15 = sbeox0Mm/Kg: Oxygen, SBE 43 [umol/kg]
# name 16 = sbeox0ML/L: Oxygen, SBE 43 [ml/l]
# name 17 = spar: SPAR/Surface Irradiance
# name 18 = pumps: Pump Status
# name 19 = nbin: number of scans per bin
# name 20 = flag: flag
# span 0 =   38.93836,   38.94184       
# span 1 =  -68.94814,  -68.94730       
# span 2 =    11.1042,    14.7547       
# span 3 =   3.846158,   4.359590       
# span 4 =    33.0804,    35.8235       
# span 5 =      1.464,    199.315       
# span 6 =      1.475,    200.932       
# span 7 =    11.1092,    14.7546       
# span 8 =   3.860504,   4.359655       
# span 9 =    33.1112,    35.8274       
# span 10 =    -0.0015,     2.2907      
# span 11 = 2.7089e-04, 7.9082e+01      
# span 12 =    -0.0158,     0.3192      
# span 13 =    92.3311,   100.3953      
# span 14 =       3.24,      98.60      
# span 15 =    145.687,    409.912      
# span 16 =     3.3497,     9.4142      
# span 17 = 1.4240e+03, 2.6878e+03      
# span 18 =          1,          1      
# span 19 =          2,        902      
# span 20 = 0.0000e+00, 0.0000e+00      
# interval = decibars: 1                
# start_time = Apr 24 2012 17:09:13 [NMEA time, header]
# bad_flag = -9.990e-29
*END*
[from data line 207]
   38.94054  -68.94776    13.5525   4.236516    35.7317    190.421    191.963    13.5519   4.236426    35.7314     0.0237 5.9327e-04    -0.0148   100.3702      98.53    146.170     3.3608 1.5875e+03          1         16 0.0000e+00
   38.94054  -68.94776    13.5644   4.237737    35.7324    189.448    190.981    13.5666   4.237833    35.7312     0.0343 5.6953e-04    -0.0153   100.3845      98.54    146.688     3.3727 1.5855e+03          1         25 0.0000e+00
   38.94054  -68.94776    13.5806   4.239481    35.7341    188.480    190.004    13.5926   4.240629    35.7334     0.0375 5.8700e-04    -0.0149   100.3736      98.53    147.222     3.3850 1.5871e+03          1         33 0.0000e+00
   38.94054  -68.94776    13.6115   4.242829    35.7367    187.466    188.981    13.6056   4.242297    35.7375     0.0472 6.0503e-04    -0.0148   100.3709      98.54    146.997     3.3798 1.5906e+03          1         27 0.0000e+00
   38.94053  -68.94777    13.6368   4.245529    35.7387    186.446    187.953    13.6369   4.245285    35.7363     0.0396 6.0708e-04    -0.0152   100.3805      98.54    147.251     3.3857 1.5892e+03          1         28 0.0000e+00
   38.94052  -68.94778    13.7118   4.254045    35.7478    185.528    187.027    13.6979   4.252097    35.7429     0.0657 6.3030e-04    -0.0154   100.3855      98.53    147.350     3.3879 1.5812e+03          1         31 0.0000e+00
   38.94052  -68.94778    13.7531   4.258900    35.7551    184.506    185.996    13.7407   4.257411    35.7529     0.0255 6.4399e-04    -0.0150   100.3747      98.54    147.712     3.3962 1.5685e+03          1         27 0.0000e+00
   38.94052  -68.94778    13.7980   4.264259    35.7634    183.517    184.999    13.7983   4.263369    35.7546     0.0373 6.5630e-04    -0.0153   100.3843      98.53    147.725     3.3965 1.5649e+03          1         18 0.0000e+00
   38.94052  -68.94778    13.8394   4.269039    35.7694    182.553    184.027    13.8575   4.270702    35.7677     0.0356 6.6862e-04    -0.0151   100.3800      98.54    147.812     3.3985 1.5684e+03          1         18 0.0000e+00
   38.94051  -68.94777    13.8716   4.272658    35.7736    181.523    182.988    13.8822   4.273599    35.7722     0.0246 7.0756e-04    -0.0148   100.3702      98.54    147.613     3.3939 1.5758e+03          1         16 0.0000e+00
   38.94050  -68.94776    13.9335   4.279573    35.7801    180.515    181.971    13.9542   4.280622    35.7701     0.0182 7.1470e-04    -0.0128   100.3209      98.53    147.320     3.3871 1.5847e+03          1         17 0.0000e+00
   38.94050  -68.94776    14.0083   4.287899    35.7876    179.518    180.966    14.0176   4.288303    35.7825     0.0360 7.1797e-04    -0.0148   100.3714      98.54    146.850     3.3763 1.5911e+03          1         18 0.0000e+00
   38.94050  -68.94776    14.0248   4.289600    35.7890    178.539    179.979    14.0450   4.291140    35.7843     0.0360 7.2911e-04    -0.0150   100.3773      98.53    146.824     3.3757 1.5898e+03          1         25 0.0000e+00
   38.94050  -68.94776    14.0638   4.293792    35.7926    177.537    178.968    14.0580   4.293066    35.7915     0.0262 7.6468e-04    -0.0156   100.3913      98.54    147.310     3.3868 1.5781e+03          1         31 0.0000e+00
   38.94049  -68.94777    14.0854   4.296006    35.7945    176.577    178.000    14.0694   4.294172    35.7927     0.0398 7.8359e-04    -0.0152   100.3797      98.54    147.929     3.4011 1.5647e+03          1         45 0.0000e+00
   38.94048  -68.94778    14.0915   4.296513    35.7951    175.648    177.063    14.0787   4.295063    35.7938     0.0464 8.2352e-04    -0.0151   100.3786      98.53    148.273     3.4090 1.5662e+03          1         28 0.0000e+00
   38.94048  -68.94778    14.1043   4.297985    35.7978    174.628    176.035    14.1024   4.297588    35.7959     0.0501 8.2950e-04    -0.0153   100.3840      98.54    148.341     3.4105 1.5753e+03          1         20 0.0000e+00
   38.94048  -68.94778    14.1330   4.301121    35.8005    173.613    175.011    14.1392   4.301332    35.7965     0.0362 8.8177e-04    -0.0149   100.3745      98.54    148.105     3.4051 1.5802e+03          1         15 0.0000e+00
   38.94048  -68.94778    14.1685   4.304927    35.8030    172.623    174.012    14.1737   4.305040    35.7990     0.0291 9.8594e-04    -0.0146   100.3667      98.53    147.834     3.3988 1.5830e+03          1         14 0.0000e+00
   38.94048  -68.94778    14.1975   4.308013    35.8049    171.632    173.013    14.2149   4.309418    35.8013     0.0150 1.0666e-03    -0.0151   100.3796      98.53    147.846     3.3991 1.5822e+03          1         14 0.0000e+00
   38.94046  -68.94774    14.2562   4.314675    35.8119    170.625    171.998    14.2641   4.314280    35.8006     0.0200 1.0262e-03    -0.0148   100.3702      98.55    148.056     3.4039 1.5828e+03          1         16 0.0000e+00
   38.94046  -68.94774    14.3214   4.321513    35.8144    169.588    170.952    14.3233   4.321407    35.8117     0.0198 1.0570e-03    -0.0145   100.3627      98.54    148.672     3.4180 1.5794e+03          1         22 0.0000e+00
   38.94046  -68.94774    14.3420   4.323576    35.8157    168.609    169.964    14.3465   4.324182    35.8171     0.0259 1.1034e-03    -0.0145   100.3633      98.54    150.295     3.4554 1.5714e+03          1         37 0.0000e+00
   38.94046  -68.94774    14.3583   4.325140    35.8164    167.679    169.027    14.3486   4.323948    35.8146     0.0304 1.1512e-03    -0.0141   100.3519      98.54    153.008     3.5177 1.5642e+03          1         34 0.0000e+00
   38.94045  -68.94775    14.3661   4.325741    35.8160    166.675    168.014    14.3599   4.325203    35.8170     0.0266 1.1763e-03    -0.0146   100.3652      98.54    154.068     3.5421 1.5665e+03          1         27 0.0000e+00
   38.94044  -68.94776    14.3700   4.326088    35.8167    165.690    167.021    14.3728   4.326367    35.8165     0.0185 1.2302e-03    -0.0150   100.3753      98.54    154.445     3.5507 1.5755e+03          1         21 0.0000e+00
   38.94044  -68.94776    14.3833   4.327294    35.8161    164.674    165.996    14.3810   4.327060    35.8162     0.0090 1.2762e-03    -0.0150   100.3763      98.53    154.750     3.5577 1.5885e+03          1         20 0.0000e+00
   38.94044  -68.94776    14.3909   4.327837    35.8149    163.688    165.002    14.3896   4.327731    35.8151     0.0365 1.3277e-03    -0.0142   100.3570      98.54    155.290     3.5701 1.5940e+03          1         20 0.0000e+00
   38.94044  -68.94776    14.3968   4.328003    35.8118    162.698    164.004    14.3986   4.328206    35.8119     0.0242 1.3782e-03    -0.0143   100.3594      98.54    156.072     3.5881 1.5840e+03          1         28 0.0000e+00
   38.94043  -68.94775    14.4114   4.329060    35.8087    161.756    163.053    14.4080   4.328704    35.8086     0.0274 1.4331e-03    -0.0150   100.3754      98.54    157.151     3.6129 1.5586e+03          1         30 0.0000e+00
   38.94042  -68.94774    14.4264   4.330554    35.8092    160.761    162.050    14.4289   4.330476    35.8060    -0.0015 1.4694e-03    -0.0138   100.3462      98.54    158.533     3.6446 1.5508e+03          1         19 0.0000e+00
   38.94042  -68.94774    14.4447   4.331983    35.8057    159.770    161.051    14.4455   4.332056    35.8056     0.0367 1.5390e-03    -0.0133   100.3334      98.54    159.905     3.6762 1.5540e+03          1         15 0.0000e+00
   38.94042  -68.94774    14.4554   4.332751    35.8035    158.704    159.976    14.4568   4.332675    35.8014     0.0421 1.6203e-03    -0.0139   100.3471      98.54    161.398     3.7105 1.5656e+03          1         15 0.0000e+00
   38.94042  -68.94774    14.4733   4.334448    35.8029    157.683    158.947    14.4756   4.334543    35.8016     0.0410 1.6668e-03    -0.0136   100.3414      98.54    162.245     3.7299 1.5815e+03          1         18 0.0000e+00
   38.94042  -68.94774    14.4994   4.337098    35.8036    156.675    157.930    14.5024   4.337277    35.8025     0.0126 1.7652e-03    -0.0133   100.3335      98.54    164.097     3.7725 1.5967e+03          1         37 0.0000e+00
   38.94040  -68.94774    14.5139   4.338538    35.8043    155.841    157.090    14.5139   4.338535    35.8043     0.0300 1.8637e-03    -0.0123   100.3073      98.54    166.977     3.8387 1.5882e+03          1         34 0.0000e+00
   38.94040  -68.94774    14.5295   4.340220    35.8060    154.811    156.050    14.5230   4.339464    35.8052     0.0361 1.9430e-03    -0.0140   100.3514      98.54    167.991     3.8620 1.5905e+03          1         24 0.0000e+00
   38.94040  -68.94774    14.5691   4.344127    35.8055    153.741    154.971    14.5690   4.343775    35.8022     0.0323 2.0794e-03    -0.0139   100.3484      98.54    168.302     3.8691 1.5913e+03          1         28 0.0000e+00
   38.94040  -68.94774    14.5740   4.343344    35.7946    152.765    153.987    14.5762   4.343787    35.7966     0.0421 2.2000e-03    -0.0134   100.3351      98.54    169.501     3.8966 1.5727e+03          1         30 0.0000e+00
   38.94038  -68.94774    14.5456   4.338335    35.7761    151.789    153.003    14.5524   4.340104    35.7860     0.0340 2.3245e-03    -0.0141   100.3543      98.54    171.800     3.9494 1.5551e+03          1         18 0.0000e+00
   38.94038  -68.94774    14.5560   4.338718    35.7704    150.827    152.033    14.5534   4.338149    35.7676     0.0224 2.4716e-03    -0.0135   100.3373      98.54    173.679     3.9926 1.5540e+03          1         14 0.0000e+00
   38.94038  -68.94774    14.5718   4.340222    35.7699    149.823    151.021    14.5713   4.339887    35.7673     0.0300 2.7303e-03    -0.0133   100.3320      98.54    175.098     4.0252 1.5563e+03          1         13 0.0000e+00
   38.94038  -68.94774    14.5843   4.341583    35.7712    148.785    149.974    14.5856   4.341376    35.7680     0.0358 2.7990e-03    -0.0131   100.3279      98.55    175.618     4.0372 1.5659e+03          1         12 0.0000e+00
   38.94038  -68.94774    14.6264   4.346492    35.7771    147.803    148.984    14.6166   4.344534    35.7684     0.0414 2.8349e-03    -0.0134   100.3364      98.55    175.669     4.0383 1.5873e+03          1         12 0.0000e+00
   38.94038  -68.94774    14.6815   4.352408    35.7802    146.816    147.989    14.6644   4.349899    35.7732     0.0445 2.9371e-03    -0.0133   100.3330      98.55    176.139     4.0491 1.6458e+03          1         17 0.0000e+00
   38.94037  -68.94774    14.6839   4.352495    35.7803    146.017    147.182    14.6790   4.351898    35.7795     0.0380 3.1110e-03    -0.0137   100.3422      98.54    183.895     4.2274 1.6580e+03          1        101 0.0000e+00
   38.94036  -68.94774    14.6805   4.352082    35.7813    144.853    146.009    14.6894   4.352752    35.7790     0.0362 3.1844e-03    -0.0134   100.3351      98.54    185.686     4.2686 1.5885e+03          1         15 0.0000e+00
   38.94036  -68.94774    14.7344   4.357575    35.7814    143.850    144.998    14.7331   4.357052    35.7778     0.0255 3.3856e-03    -0.0127   100.3183      98.55    187.052     4.2999 1.5793e+03          1         11 0.0000e+00
   38.94036  -68.94774    14.7437   4.358405    35.7809    142.869    144.009    14.7453   4.358575    35.7809     0.0155 3.4142e-03    -0.0129   100.3230      98.54    188.825     4.3407 1.5720e+03          1         11 0.0000e+00
   38.94036  -68.94774    14.7454   4.358473    35.7806    141.840    142.970    14.7466   4.358657    35.7811     0.0230 3.6075e-03    -0.0142   100.3557      98.54    189.720     4.3612 1.5698e+03          1         12 0.0000e+00
   38.94035  -68.94774    14.7459   4.358429    35.7803    140.847    141.970    14.7466   4.358496    35.7802     0.0358 3.6871e-03    -0.0138   100.3450      98.54    189.735     4.3616 1.5708e+03          1         12 0.0000e+00
   38.94034  -68.94774    14.7473   4.358323    35.7787    139.865    140.980    14.7457   4.358288    35.7798     0.0365 3.7592e-03    -0.0136   100.3412      98.53    190.641     4.3824 1.5794e+03          1         16 0.0000e+00
   38.94034  -68.94774    14.7483   4.358236    35.7776    138.915    140.022    14.7481   4.358278    35.7782     0.0345 3.8407e-03    -0.0137   100.3435      98.54    194.269     4.4658 1.5970e+03          1         21 0.0000e+00
   38.94034  -68.94774    14.7480   4.358118    35.7776    137.899    138.997    14.7483   4.358156    35.7777     0.0213 3.9282e-03    -0.0136   100.3403      98.54    198.434     4.5615 1.6121e+03          1         30 0.0000e+00
   38.94033  -68.94773    14.7433   4.357263    35.7752    136.915    138.005    14.7424   4.357278    35.7762     0.0212 4.0172e-03    -0.0136   100.3414      98.54    201.245     4.6262 1.6134e+03          1         79 0.0000e+00
   38.94032  -68.94772    14.7372   4.356338    35.7732    135.972    137.054    14.7355   4.356110    35.7727     0.0300 4.0796e-03    -0.0141   100.3528      98.55    201.520     4.6325 1.5858e+03          1         18 0.0000e+00
   38.94032  -68.94772    14.7275   4.354713    35.7680    134.970    136.044    14.7277   4.355109    35.7714     0.0300 4.2010e-03    -0.0140   100.3498      98.55    201.685     4.6363 1.5819e+03          1         13 0.0000e+00
   38.94032  -68.94772    14.7139   4.352516    35.7611    133.947    135.012    14.7133   4.352836    35.7646     0.0035 4.4402e-03    -0.0134   100.3343      98.55    201.934     4.6420 1.5808e+03          1         12 0.0000e+00
   38.94032  -68.94772    14.6998   4.350275    35.7543    132.917    133.973    14.6978   4.350414    35.7574     0.0052 4.5914e-03    -0.0134   100.3340      98.54    202.156     4.6471 1.5824e+03          1         13 0.0000e+00
   38.94032  -68.94772    14.6765   4.346531    35.7422    131.867    132.915    14.6722   4.346610    35.7470     0.0214 4.7171e-03    -0.0135   100.3380      98.54    202.267     4.6496 1.5857e+03          1         16 0.0000e+00
   38.94032  -68.94772    14.6553   4.343247    35.7324    130.900    131.940    14.6546   4.343289    35.7333     0.0228 4.8600e-03    -0.0135   100.3381      98.54    202.562     4.6564 1.5920e+03          1         19 0.0000e+00
   38.94030  -68.94772    14.6457   4.341620    35.7267    129.974    131.006    14.6432   4.341426    35.7272     0.0281 4.9899e-03    -0.0133   100.3330      98.54    204.105     4.6918 1.6002e+03          1         34 0.0000e+00
   38.94030  -68.94772    14.6372   4.340171    35.7215    129.013    130.037    14.6355   4.340036    35.7218     0.0191 5.1407e-03    -0.0133   100.3316      98.55    206.261     4.7414 1.6090e+03          1         32 0.0000e+00
   38.94030  -68.94772    14.6310   4.339082    35.7175    127.993    129.010    14.6316   4.339338    35.7193     0.0123 5.3379e-03    -0.0133   100.3321      98.54    207.112     4.7609 1.6117e+03          1         24 0.0000e+00
   38.94030  -68.94772    14.6182   4.337017    35.7108    126.970    127.978    14.6195   4.337455    35.7136     0.0272 5.5702e-03    -0.0133   100.3320      98.54    207.677     4.7739 1.6108e+03          1         26 0.0000e+00
   38.94028  -68.94774    14.5981   4.333859    35.7009    126.054    127.055    14.6025   4.335033    35.7076     0.0280 5.7842e-03    -0.0136   100.3399      98.55    208.257     4.7872 1.5995e+03          1         26 0.0000e+00
   38.94028  -68.94774    14.5802   4.331160    35.6931    125.027    126.018    14.5815   4.331646    35.6964     0.0411 6.0282e-03    -0.0138   100.3452      98.54    208.986     4.8040 1.5843e+03          1         22 0.0000e+00
   38.94028  -68.94774    14.5612   4.328166    35.6837    124.038    125.022    14.5581   4.328300    35.6878     0.0450 6.2500e-03    -0.0134   100.3357      98.55    209.492     4.8156 1.5770e+03          1         18 0.0000e+00
