Data/ruptures/KN207-01/QL-1/20701042.cnv
* Sea-Bird SBE 9 Data File:
* FileName = C:\Data\ctd\20701042.hex
* Software Version Seasave V 7.21e
* Temperature SN = 4406
* Conductivity SN = 1474
* Number of Bytes Per Scan = 40
* Number of Voltage Words = 5
* Number of Scans Averaged by the Deck Unit = 1
* NMEA Latitude = 38 47.24 N
* NMEA Longitude = 069 11.68 W
* NMEA UTC (Time) = Apr 26 2012 22:04:26
** R/V Knorr Cruise # KN207-01 QL1
** Chief Scientist: Ben Van Mooy
# nquan = 21
# nvalues = 392                         
# units = specified
# name 0 = latitude: Latitude [deg]
# name 1 = longitude: Longitude [deg]
# name 2 = t090C: Temperature [ITS-90, deg C]
# name 3 = c0S/m: Conductivity [S/m]
# name 4 = sal00: Salinity, Practical [PSU]
# name 5 = depSM: Depth [salt water, m]
# name 6 = prDM: Pressure, Digiquartz [db]
# name 7 = t190C: Temperature, 2 [ITS-90, deg C]
# name 8 = c1S/m: Conductivity, 2 [S/m]
# name 9 = sal11: Salinity, Practical, 2 [PSU]
# name 10 = flECO-AFL: Fluorescence, WET Labs ECO-AFL/FL [mg/m^3]
# name 11 = par: PAR/Irradiance, Biospherical/Licor
# name 12 = bat: Beam Attenuation, Chelsea/Seatech [1/m]
# name 13 = xmiss: Beam Transmission, Chelsea/Seatech [%]
# name 14 = altM: Altimeter [m]
# name 15 = sbeox0Mm/Kg: Oxygen, SBE 43 [umol/kg]
# name 16 = sbeox0ML/L: Oxygen, SBE 43 [ml/l]
# name 17 = spar: SPAR/Surface Irradiance
# name 18 = pumps: Pump Status
# name 19 = nbin: number of scans per bin
# name 20 = flag: flag
# span 0 =   38.78736,   38.78818       
# span 1 =  -69.19467,  -69.19300       
# span 2 =    10.6722,    14.6896       
# span 3 =   3.783501,   4.354508       
# span 4 =    33.5911,    35.8315       
# span 5 =      1.379,    197.904       
# span 6 =      1.390,    199.506       
# span 7 =    10.6745,    14.6895       
# span 8 =   3.782569,   4.354608       
# span 9 =    33.6740,    35.8337       
# span 10 =     0.0067,     3.4797      
# span 11 = 1.0000e-12, 4.9044e-01      
# span 12 =    -0.0111,     0.3797      
# span 13 =    90.9434,   100.2786      
# span 14 =       1.88,      98.72      
# span 15 =    140.893,    443.571      
# span 16 =     3.2395,    10.1845      
# span 17 = 1.5883e+01, 1.9208e+01      
# span 18 =          1,          1      
# span 19 =          1,        461      
# span 20 = 0.0000e+00, 0.0000e+00      
# interval = decibars: 1                
# start_time = Apr 26 2012 22:04:26 [NMEA time, header]
# bad_flag = -9.990e-29
*END*
[from data line 138]
   38.78772  -69.19392    14.5788   4.331242    35.6836    144.819    145.973    14.5783   4.331076    35.6824     0.0260 1.0000e-12    -0.0059   100.1485      98.56    216.793     4.9834 1.8403e+01          1         32 0.0000e+00
   38.78772  -69.19392    14.5887   4.332686    35.6874    145.818    146.980    14.5869   4.332475    35.6870     0.0217 1.0000e-12    -0.0060   100.1489      98.56    216.435     4.9752 1.8270e+01          1         21 0.0000e+00
   38.78772  -69.19392    14.5918   4.333170    35.6886    146.835    148.005    14.5909   4.333112    35.6889     0.0214 1.0000e-12    -0.0061   100.1515      98.56    216.404     4.9745 1.8465e+01          1         18 0.0000e+00
   38.78772  -69.19392    14.6037   4.335076    35.6947    147.811    148.990    14.6047   4.334874    35.6918     0.0227 1.0000e-12    -0.0062   100.1558      98.56    215.859     4.9619 1.8341e+01          1         18 0.0000e+00
   38.78772  -69.19392    14.6391   4.340503    35.7110    148.807    149.994    14.6398   4.340296    35.7084     0.0347 1.0000e-12    -0.0061   100.1535      98.56    215.039     4.9431 1.8330e+01          1         23 0.0000e+00
   38.78772  -69.19392    14.6570   4.343181    35.7187    149.818    151.014    14.6573   4.343185    35.7184     0.0359 1.0000e-12    -0.0070   100.1758      98.56    214.989     4.9420 1.8562e+01          1         28 0.0000e+00
   38.78772  -69.19392    14.6654   4.344488    35.7228    150.789    151.993    14.6654   4.344553    35.7235     0.0364 1.0000e-12    -0.0067   100.1679      98.55    212.493     4.8846 1.8417e+01          1         39 0.0000e+00
   38.78772  -69.19390    14.6706   4.345468    35.7270    151.729    152.941    14.6706   4.345441    35.7267     0.0325 1.0000e-12    -0.0066   100.1657      98.56    210.671     4.8427 1.8482e+01          1         28 0.0000e+00
   38.78772  -69.19390    14.6759   4.346560    35.7318    152.787    154.007    14.6758   4.346604    35.7323     0.0349 1.0000e-12    -0.0075   100.1864      98.56    210.378     4.8360 1.8501e+01          1         17 0.0000e+00
   38.78772  -69.19390    14.6761   4.346924    35.7347    153.775    155.003    14.6759   4.346913    35.7348     0.0328 1.0000e-12    -0.0081   100.2015      98.55    210.303     4.8343 1.8323e+01          1         14 0.0000e+00
   38.78772  -69.19390    14.6815   4.348159    35.7407    154.755    155.992    14.6816   4.348234    35.7413     0.0161 1.0000e-12    -0.0073   100.1831      98.55    210.008     4.8275 1.8323e+01          1         14 0.0000e+00
   38.78772  -69.19390    14.6749   4.348487    35.7497    155.789    157.034    14.6746   4.348559    35.7506     0.0226 1.0000e-12    -0.0066   100.1644      98.55    209.369     4.8129 1.8341e+01          1         18 0.0000e+00
   38.78772  -69.19390    14.6601   4.347643    35.7557    156.815    158.069    14.6598   4.347833    35.7576     0.0338 1.0000e-12    -0.0063   100.1583      98.56    208.288     4.7881 1.8352e+01          1         22 0.0000e+00
   38.78772  -69.19390    14.6550   4.347010    35.7544    157.802    159.064    14.6606   4.347553    35.7541     0.0317 1.0000e-12    -0.0077   100.1923      98.56    203.067     4.6681 1.8476e+01          1         53 0.0000e+00
   38.78772  -69.19390    14.6702   4.350924    35.7758    158.677    159.947    14.6716   4.351044    35.7756     0.0255 1.0000e-12    -0.0077   100.1929      98.57    198.237     4.5571 1.8589e+01          1         27 0.0000e+00
   38.78772  -69.19390    14.6854   4.353411    35.7840    159.720    160.998    14.6855   4.353368    35.7835     0.0177 1.0000e-12    -0.0079   100.1972      98.55    198.785     4.5697 1.8217e+01          1         18 0.0000e+00
   38.78772  -69.19390    14.6896   4.354362    35.7885    160.693    161.980    14.6895   4.354435    35.7893     0.0067 1.0000e-12    -0.0088   100.2192      98.55    198.517     4.5635 1.8263e+01          1         16 0.0000e+00
   38.78772  -69.19390    14.6870   4.354453    35.7915    161.703    162.998    14.6869   4.354560    35.7925     0.0347 1.0000e-12    -0.0088   100.2191      98.56    196.050     4.5069 1.8667e+01          1         19 0.0000e+00
   38.78772  -69.19390    14.6853   4.354406    35.7923    162.705    164.008    14.6851   4.354479    35.7932     0.0312 1.0000e-12    -0.0088   100.2194      98.56    193.066     4.4383 1.8427e+01          1         23 0.0000e+00
   38.78772  -69.19390    14.6836   4.354508    35.7945    163.703    165.014    14.6834   4.354608    35.7957     0.0357 1.0000e-12    -0.0089   100.2216      98.56    191.352     4.3988 1.8912e+01          1         23 0.0000e+00
   38.78772  -69.19390    14.6708   4.353844    35.8002    164.692    166.012    14.6705   4.354046    35.8023     0.0350 1.0000e-12    -0.0085   100.2131      98.56    190.406     4.3771 1.8737e+01          1         20 0.0000e+00
   38.78772  -69.19390    14.6577   4.352680    35.8015    165.682    167.010    14.6576   4.352844    35.8031     0.0235 1.0000e-12    -0.0086   100.2153      98.56    190.125     4.3707 1.8531e+01          1         26 0.0000e+00
   38.78772  -69.19389    14.6482   4.351861    35.8024    166.677    168.014    14.6484   4.352020    35.8037     0.0245 1.0000e-12    -0.0087   100.2172      98.56    187.440     4.3090 1.8341e+01          1         36 0.0000e+00
   38.78772  -69.19388    14.6425   4.351405    35.8032    167.609    168.954    14.6426   4.351600    35.8050     0.0125 1.0000e-12    -0.0086   100.2148      98.56    184.262     4.2359 1.8349e+01          1         31 0.0000e+00
   38.78772  -69.19388    14.5986   4.346200    35.7963    168.633    169.986    14.5965   4.347264    35.8081     0.0155 1.0000e-12    -0.0081   100.2015      98.56    183.503     4.2185 1.9019e+01          1         19 0.0000e+00
   38.78772  -69.19388    14.4941   4.334383    35.7857    169.657    171.019    14.4909   4.335111    35.7956     0.0452 1.0000e-12    -0.0088   100.2192      98.57    183.522     4.2190 1.8263e+01          1         16 0.0000e+00
   38.78772  -69.19388    14.4561   4.330428    35.7844    170.652    172.022    14.4542   4.330546    35.7873     0.0140 1.0000e-12    -0.0087   100.2160      98.56    182.824     4.2030 1.8821e+01          1         16 0.0000e+00
   38.78772  -69.19388    14.4402   4.328812    35.7836    171.653    173.032    14.4395   4.328981    35.7859     0.0089 1.0000e-12    -0.0084   100.2083      98.56    180.219     4.1431 1.8667e+01          1         19 0.0000e+00
   38.78773  -69.19388    14.4257   4.328255    35.7913    172.655    174.043    14.4256   4.328497    35.7936     0.0201 1.0000e-12    -0.0084   100.2082      98.56    174.206     4.0049 1.8589e+01          1         27 0.0000e+00
   38.78774  -69.19388    14.3814   4.325007    35.8022    173.615    175.010    14.3810   4.325308    35.8054     0.0404 1.0000e-12    -0.0083   100.2077      98.56    168.407     3.8717 1.8230e+01          1         29 0.0000e+00
   38.78774  -69.19388    14.3559   4.322965    35.8064    174.569    175.973    14.3559   4.323107    35.8077     0.0271 1.0000e-12    -0.0085   100.2125      98.56    165.281     3.7998 1.8482e+01          1         28 0.0000e+00
   38.78774  -69.19388    14.3564   4.324092    35.8151    175.591    177.003    14.3562   4.324179    35.8162     0.0315 1.0000e-12    -0.0090   100.2237      98.56    161.453     3.7118 1.8537e+01          1         29 0.0000e+00
   38.78774  -69.19387    14.3372   4.323859    35.8303    176.536    177.956    14.3369   4.324011    35.8320     0.0290 1.0000e-12    -0.0089   100.2216      98.56    158.997     3.6554 1.8621e+01          1         23 0.0000e+00
   38.78774  -69.19386    14.3311   4.323451    35.8315    177.532    178.961    14.3309   4.323595    35.8330     0.0365 1.0000e-12    -0.0092   100.2298      98.56    157.577     3.6228 1.8626e+01          1         20 0.0000e+00
   38.78774  -69.19386    14.3222   4.322417    35.8295    178.581    180.019    14.3221   4.322823    35.8333     0.0316 1.0000e-12    -0.0093   100.2329      98.56    155.652     3.5785 1.8713e+01          1         18 0.0000e+00
   38.78774  -69.19386    14.2412   4.312848    35.8170    179.592    181.038    14.2380   4.314317    35.8337     0.0255 1.0000e-12    -0.0090   100.2258      98.56    153.503     3.5292 1.8589e+01          1         18 0.0000e+00
   38.78774  -69.19386    14.1562   4.303722    35.8122    180.578    182.032    14.1559   4.304128    35.8162     0.0238 1.0000e-12    -0.0095   100.2365      98.56    151.920     3.4928 1.8555e+01          1         22 0.0000e+00
   38.78774  -69.19386    14.1248   4.300144    35.8072    181.560    183.023    14.1262   4.300746    35.8115     0.0429 1.0000e-12    -0.0100   100.2501      98.57    150.469     3.4595 1.8388e+01          1         37 0.0000e+00
   38.78774  -69.19386    14.0167   4.287405    35.7901    182.474    183.945    14.0160   4.288768    35.8034     0.0154 1.0000e-12    -0.0100   100.2510      98.56    149.745     3.4429 1.8423e+01          1         27 0.0000e+00
   38.78774  -69.19386    13.8763   4.271055    35.7698    183.520    184.999    13.8746   4.272548    35.7854     0.0376 1.0000e-12    -0.0097   100.2423      98.56    149.722     3.4424 1.8370e+01          1         17 0.0000e+00
   38.78774  -69.19386    13.7703   4.259277    35.7594    184.498    185.986    13.7693   4.260169    35.7687     0.0409 1.0000e-12    -0.0094   100.2358      98.56    149.425     3.4356 1.8589e+01          1         18 0.0000e+00
   38.78774  -69.19386    13.7257   4.254389    35.7545    185.520    187.016    13.7247   4.255043    35.7616     0.0355 1.0000e-12    -0.0096   100.2394      98.56    148.626     3.4173 1.8667e+01          1         19 0.0000e+00
   38.78774  -69.19386    13.6692   4.248083    35.7476    186.511    188.017    13.6681   4.248821    35.7556     0.0363 1.0000e-12    -0.0074   100.1856      98.56    147.842     3.3992 1.8801e+01          1         21 0.0000e+00
   38.78774  -69.19386    13.6106   4.241641    35.7411    187.512    189.026    13.6104   4.242208    35.7466     0.0370 1.0000e-12    -0.0091   100.2262      98.57    146.676     3.3725 1.8875e+01          1         26 0.0000e+00
   38.78774  -69.19386    13.5670   4.236895    35.7355    188.533    190.055    13.5674   4.237321    35.7391     0.0355 1.0000e-12    -0.0095   100.2375      98.56    145.226     3.3391 1.8459e+01          1         40 0.0000e+00
   38.78774  -69.19386    13.5302   4.232863    35.7301    189.431    190.961    13.5297   4.233132    35.7331     0.0312 1.0000e-12    -0.0093   100.2336      98.56    144.872     3.3310 1.8465e+01          1         36 0.0000e+00
   38.78774  -69.19386    13.5029   4.229764    35.7252    190.401    191.939    13.5019   4.230075    35.7291     0.0300 1.0330e-03    -0.0093   100.2315      98.56    144.672     3.3264 1.8713e+01          1         18 0.0000e+00
   38.78774  -69.19386    13.4753   4.226628    35.7208    191.396    192.943    13.4742   4.227138    35.7268     0.0279 1.0000e-12    -0.0087   100.2169      98.56    144.517     3.3228 1.8440e+01          1         15 0.0000e+00
   38.78774  -69.19386    13.4453   4.223345    35.7175    192.391    193.946    13.4449   4.223824    35.7225     0.0316 1.0000e-12    -0.0090   100.2251      98.57    144.545     3.3235 1.7845e+01          1         12 0.0000e+00
   38.78774  -69.19386    13.4204   4.220578    35.7142    193.442    195.006    13.4204   4.221188    35.7200     0.0501 1.0000e-12    -0.0090   100.2254      98.56    144.672     3.3264 1.8004e+01          1         14 0.0000e+00
   38.78774  -69.19386    13.3979   4.218198    35.7121    194.453    196.026    13.3980   4.218573    35.7156     0.0469 1.0000e-12    -0.0092   100.2309      98.57    144.579     3.3243 1.8323e+01          1         14 0.0000e+00
   38.78775  -69.19385    13.4269   4.221602    35.7133    195.393    196.974    13.4171   4.220691    35.7141     0.0284 1.0000e-12    -0.0090   100.2250      98.57    143.176     3.2920 1.8257e+01          1        130 0.0000e+00
   38.78776  -69.19384    13.3627   4.214550    35.7055    196.443    198.033    13.3621   4.214712    35.7075     0.0284 6.8625e-05    -0.0097   100.2437      98.56    142.953     3.2869 1.8182e+01          1         53 0.0000e+00
   38.78776  -69.19383    13.3279   4.210736    35.6988    197.358    198.956    13.3279   4.210896    35.7003     0.0319 1.0000e-12    -0.0096   100.2407      98.56    141.579     3.2553 1.8146e+01          1        341 0.0000e+00
   38.78776  -69.19382    13.2987   4.207461    35.6942    197.904    199.506    13.3041   4.208592    35.6998     0.0182 1.0000e-12    -0.0111   100.2786      98.57    141.117     3.2447 1.7845e+01          1          1 0.0000e+00
   38.78777  -69.19382    13.3205   4.209926    35.6965    197.329    198.927    13.3206   4.209998    35.6972     0.0296 1.0000e-12    -0.0100   100.2492      98.57    141.057     3.2433 1.7992e+01          1        182 0.0000e+00
   38.78778  -69.19382    13.3497   4.213189    35.6997    196.462    198.052    13.3492   4.213146    35.6998     0.0333 1.0000e-12    -0.0097   100.2435      98.57    140.893     3.2395 1.7899e+01          1         41 0.0000e+00
   38.78778  -69.19380    13.3588   4.214191    35.7010    195.401    196.982    13.3592   4.214305    35.7016     0.0287 1.0000e-12    -0.0095   100.2367      98.57    140.966     3.2412 1.7928e+01          1         27 0.0000e+00
   38.78778  -69.19380    13.3749   4.215989    35.7031    194.334    195.906    13.3721   4.215713    35.7033     0.0208 1.0000e-12    -0.0097   100.2438      98.56    141.223     3.2471 1.7845e+01          1         45 0.0000e+00
   38.78778  -69.19380    13.3961   4.218391    35.7061    193.572    195.137    13.3949   4.218257    35.7061     0.0318 1.0000e-12    -0.0101   100.2526      98.57    141.758     3.2594 1.7845e+01          1         79 0.0000e+00
   38.78778  -69.19380    13.4012   4.218892    35.7068    192.486    194.042    13.4103   4.219970    35.7082     0.0287 1.0000e-12    -0.0097   100.2417      98.57    142.071     3.2666 1.7845e+01          1         23 0.0000e+00
   38.78778  -69.19380    13.4288   4.221992    35.7101    191.498    193.045    13.4249   4.221256    35.7070     0.0294 1.0000e-12    -0.0094   100.2358      98.57    142.108     3.2675 1.7845e+01          1         15 0.0000e+00
   38.78778  -69.19380    13.4607   4.225574    35.7139    190.425    191.963    13.4624   4.225304    35.7097     0.0445 1.0000e-12    -0.0097   100.2426      98.57    141.976     3.2644 1.7845e+01          1         15 0.0000e+00
   38.78778  -69.19380    13.4835   4.228038    35.7159    189.445    190.975    13.4877   4.228277    35.7142     0.0357 1.0000e-12    -0.0097   100.2426      98.56    141.846     3.2614 1.7845e+01          1         20 0.0000e+00
   38.78780  -69.19378    13.5038   4.230319    35.7190    188.331    189.851    13.4963   4.229558    35.7191     0.0349 1.0000e-12    -0.0096   100.2412      98.57    142.301     3.2719 1.7845e+01          1         57 0.0000e+00
   38.78780  -69.19378    13.5578   4.236353    35.7251    187.626    189.141    13.5553   4.235670    35.7211     0.0219 1.0000e-12    -0.0096   100.2398      98.57    143.073     3.2896 1.7845e+01          1         45 0.0000e+00
   38.78780  -69.19378    13.5691   4.237697    35.7281    186.549    188.055    13.5727   4.238131    35.7287     0.0167 1.0000e-12    -0.0100   100.2516      98.55    143.050     3.2891 1.7622e+01          1         20 0.0000e+00
   38.78780  -69.19378    13.6294   4.244500    35.7350    185.539    187.036    13.6335   4.244025    35.7266     0.0199 1.0000e-12    -0.0095   100.2378      98.56    142.983     3.2875 1.7714e+01          1         17 0.0000e+00
