Data/ruptures/KN207-01/QL-1/20701024.cnv
* Sea-Bird SBE 9 Data File:
* FileName = C:\Data\ctd\20701024.hex
* Software Version Seasave V 7.21e
* Temperature SN = 4406
* Conductivity SN = 1474
* Number of Bytes Per Scan = 40
* Number of Voltage Words = 5
* Number of Scans Averaged by the Deck Unit = 1
* NMEA Latitude = 38 55.90 N
* NMEA Longitude = 068 57.59 W
* NMEA UTC (Time) = Apr 24 2012 18:56:38
** R/V Knorr Cruise # KN207-01 QL1
** Chief Scientist: Ben Van Mooy
# nquan = 21
# nvalues = 400                         
# units = specified
# name 0 = latitude: Latitude [deg]
# name 1 = longitude: Longitude [deg]
# name 2 = t090C: Temperature [ITS-90, deg C]
# name 3 = c0S/m: Conductivity [S/m]
# name 4 = sal00: Salinity, Practical [PSU]
# name 5 = depSM: Depth [salt water, m]
# name 6 = prDM: Pressure, Digiquartz [db]
# name 7 = t190C: Temperature, 2 [ITS-90, deg C]
# name 8 = c1S/m: Conductivity, 2 [S/m]
# name 9 = sal11: Salinity, Practical, 2 [PSU]
# name 10 = flECO-AFL: Fluorescence, WET Labs ECO-AFL/FL [mg/m^3]
# name 11 = par: PAR/Irradiance, Biospherical/Licor
# name 12 = bat: Beam Attenuation, Chelsea/Seatech [1/m]
# name 13 = xmiss: Beam Transmission, Chelsea/Seatech [%]
# name 14 = altM: Altimeter [m]
# name 15 = sbeox0Mm/Kg: Oxygen, SBE 43 [umol/kg]
# name 16 = sbeox0ML/L: Oxygen, SBE 43 [ml/l]
# name 17 = spar: SPAR/Surface Irradiance
# name 18 = pumps: Pump Status
# name 19 = nbin: number of scans per bin
# name 20 = flag: flag
# span 0 =   38.93116,   38.93172       
# span 1 =  -68.96189,  -68.95997       
# span 2 =    11.3695,    14.7552       
# span 3 =   3.869582,   4.364336       
# span 4 =    33.8370,    35.8294       
# span 5 =      3.193,    200.912       
# span 6 =      3.218,    202.543       
# span 7 =    11.3588,    14.7550       
# span 8 =   3.870154,   4.364368       
# span 9 =    33.9406,    35.8337       
# span 10 =     0.0029,     2.3802      
# span 11 = 5.5913e-04, 1.1917e+02      
# span 12 =    -0.0151,     0.3241      
# span 13 =    92.2167,   100.3791      
# span 14 =       6.76,      98.66      
# span 15 =    146.685,    438.914      
# span 16 =     3.3725,    10.0816      
# span 17 = 5.6892e+02, 2.2801e+03      
# span 18 =          1,          1      
# span 19 =         10,        273      
# span 20 = 0.0000e+00, 0.0000e+00      
# interval = decibars: 1                
# start_time = Apr 24 2012 18:56:38 [NMEA time, header]
# bad_flag = -9.990e-29
*END*
[from data line 138]
   38.93142  -68.96066    14.5333   4.324267    35.6613    140.951    142.074    14.5325   4.323954    35.6592     0.0221 4.8221e-03    -0.0096   100.2409      98.54    218.357     5.0193 5.8963e+02          1         15 0.0000e+00
   38.93140  -68.96064    14.5273   4.323287    35.6583    141.827    142.957    14.5176   4.322124    35.6566     0.0214 4.7020e-03    -0.0104   100.2596      98.53    217.565     5.0011 9.4833e+02          1         80 0.0000e+00
   38.93140  -68.96064    14.5341   4.324432    35.6625    142.829    143.968    14.5392   4.324927    35.6621     0.0362 4.6523e-03    -0.0097   100.2423      98.53    216.722     4.9817 1.3617e+03          1         17 0.0000e+00
   38.93140  -68.96064    14.5465   4.326153    35.6663    143.860    145.008    14.5462   4.326085    35.6659     0.0433 4.4890e-03    -0.0099   100.2474      98.53    216.788     4.9833 6.2490e+02          1         14 0.0000e+00
   38.93141  -68.96067    14.5515   4.326906    35.6683    144.909    146.065    14.5514   4.326842    35.6677     0.0522 4.3382e-03    -0.0097   100.2437      98.53    216.754     4.9825 5.9016e+02          1         14 0.0000e+00
   38.93142  -68.96070    14.5621   4.328453    35.6723    145.890    147.055    14.5614   4.328254    35.6710     0.0464 4.1743e-03    -0.0102   100.2566      98.53    216.857     4.9849 5.9016e+02          1         14 0.0000e+00
   38.93142  -68.96070    14.5826   4.331621    35.6820    146.894    148.066    14.5822   4.331384    35.6800     0.0396 3.9830e-03    -0.0105   100.2644      98.53    216.647     4.9800 5.9120e+02          1         29 0.0000e+00
   38.93142  -68.96070    14.5918   4.332991    35.6861    147.736    148.916    14.5915   4.333003    35.6864     0.0301 3.8187e-03    -0.0103   100.2576      98.54    215.950     4.9640 5.8896e+02          1         60 0.0000e+00
   38.93141  -68.96069    14.5970   4.333887    35.6894    148.773    149.961    14.5968   4.333879    35.6895     0.0448 3.6770e-03    -0.0110   100.2763      98.53    213.714     4.9126 5.9001e+02          1         22 0.0000e+00
   38.93140  -68.96068    14.6022   4.334747    35.6922    149.785    150.982    14.6020   4.334704    35.6919     0.0374 3.5477e-03    -0.0114   100.2866      98.53    213.257     4.9021 5.9265e+02          1         16 0.0000e+00
   38.93140  -68.96068    14.6114   4.336265    35.6972    150.808    152.013    14.6113   4.336143    35.6961     0.0360 3.4091e-03    -0.0118   100.2947      98.54    213.069     4.8978 5.9516e+02          1         16 0.0000e+00
   38.93140  -68.96068    14.6108   4.336426    35.6990    151.845    153.059    14.6114   4.336711    35.7010     0.0358 3.2854e-03    -0.0121   100.3013      98.54    213.172     4.9002 5.9571e+02          1         17 0.0000e+00
   38.93140  -68.96068    14.5998   4.335173    35.6976    152.865    154.087    14.5998   4.335329    35.6989     0.0304 3.1318e-03    -0.0119   100.2968      98.53    213.367     4.9047 5.9428e+02          1         24 0.0000e+00
   38.93140  -68.96068    14.5880   4.333741    35.6953    153.805    155.035    14.5881   4.333904    35.6967     0.0294 3.0386e-03    -0.0125   100.3129      98.53    211.971     4.8726 5.9238e+02          1         39 0.0000e+00
   38.93140  -68.96070    14.5857   4.333905    35.6987    154.746    155.984    14.5856   4.333811    35.6978     0.0444 2.9440e-03    -0.0124   100.3101      98.54    210.414     4.8368 6.6624e+02          1         31 0.0000e+00
   38.93140  -68.96070    14.6012   4.336752    35.7099    155.765    157.012    14.6011   4.336743    35.7099     0.0383 2.8528e-03    -0.0129   100.3225      98.53    210.259     4.8333 1.4849e+03          1         24 0.0000e+00
   38.93140  -68.96070    14.6056   4.337721    35.7143    156.767    158.022    14.6054   4.337654    35.7139     0.0313 2.7693e-03    -0.0136   100.3403      98.53    209.579     4.8177 1.0644e+03          1         20 0.0000e+00
   38.93140  -68.96070    14.6068   4.338266    35.7180    157.686    158.949    14.6067   4.338298    35.7184     0.0243 2.6794e-03    -0.0140   100.3516      98.53    208.243     4.7870 5.9816e+02          1         19 0.0000e+00
   38.93140  -68.96070    14.6074   4.338720    35.7213    158.724    159.996    14.6071   4.338745    35.7217     0.0270 2.5959e-03    -0.0133   100.3314      98.53    207.236     4.7638 5.9652e+02          1         19 0.0000e+00
   38.93138  -68.96072    14.6127   4.339854    35.7263    159.713    160.993    14.6125   4.339740    35.7255     0.0360 2.5157e-03    -0.0126   100.3157      98.53    206.787     4.7535 5.9583e+02          1         18 0.0000e+00
   38.93138  -68.96072    14.6235   4.341819    35.7339    160.724    162.013    14.6232   4.341670    35.7328     0.0447 2.4157e-03    -0.0137   100.3439      98.54    205.709     4.7288 5.9558e+02          1         24 0.0000e+00
   38.93138  -68.96072    14.6351   4.343606    35.7392    161.750    163.048    14.6347   4.343595    35.7394     0.0318 2.3178e-03    -0.0133   100.3321      98.54    203.470     4.6773 5.9347e+02          1         36 0.0000e+00
   38.93138  -68.96072    14.6406   4.344599    35.7429    162.642    163.948    14.6401   4.344461    35.7421     0.0127 2.2411e-03    -0.0129   100.3217      98.54    201.779     4.6384 6.8135e+02          1         31 0.0000e+00
   38.93138  -68.96073    14.6608   4.348324    35.7578    163.671    164.985    14.6604   4.347967    35.7549     0.0387 2.1701e-03    -0.0138   100.3467      98.53    201.080     4.6224 1.0160e+03          1         20 0.0000e+00
   38.93138  -68.96074    14.6791   4.351633    35.7707    164.694    166.016    14.6788   4.351150    35.7665     0.0488 2.1125e-03    -0.0138   100.3466      98.54    201.077     4.6223 1.3026e+03          1         17 0.0000e+00
   38.93138  -68.96074    14.7060   4.356171    35.7868    165.691    167.022    14.7056   4.355773    35.7835     0.0442 2.0424e-03    -0.0132   100.3300      98.54    200.760     4.6151 1.8356e+03          1         18 0.0000e+00
   38.93138  -68.96074    14.7208   4.358452    35.7936    166.681    168.020    14.7205   4.358407    35.7935     0.0302 1.9634e-03    -0.0143   100.3578      98.54    198.759     4.5691 2.2155e+03          1         25 0.0000e+00
   38.93138  -68.96074    14.7390   4.361657    35.8059    167.682    169.029    14.7384   4.361325    35.8034     0.0446 1.8708e-03    -0.0141   100.3541      98.54    194.482     4.4708 1.7429e+03          1         33 0.0000e+00
   38.93138  -68.96074    14.7552   4.364336    35.8153    168.617    169.973    14.7550   4.364368    35.8157     0.0283 1.8275e-03    -0.0136   100.3415      98.54    191.566     4.4038 7.4196e+02          1         29 0.0000e+00
   38.93138  -68.96074    14.7426   4.362693    35.8119    169.589    170.952    14.7413   4.362978    35.8158     0.0277 1.7592e-03    -0.0136   100.3416      98.54    190.333     4.3754 5.9826e+02          1         20 0.0000e+00
   38.93138  -68.96074    14.7156   4.359674    35.8094    170.611    171.983    14.7149   4.359514    35.8086     0.0352 1.7018e-03    -0.0140   100.3506      98.53    188.616     4.3360 5.9186e+02          1         15 0.0000e+00
   38.93138  -68.96074    14.6762   4.354716    35.8008    171.568    172.949    14.6769   4.356282    35.8146     0.0367 1.6552e-03    -0.0136   100.3403      98.54    187.656     4.3139 5.8978e+02          1         15 0.0000e+00
   38.93138  -68.96074    14.6035   4.345981    35.7888    172.570    173.958    14.6025   4.347041    35.7995     0.0319 1.6007e-03    -0.0141   100.3542      98.53    187.746     4.3160 5.8889e+02          1         17 0.0000e+00
   38.93138  -68.96074    14.5460   4.339212    35.7800    173.656    175.054    14.5440   4.339402    35.7836     0.0386 1.5360e-03    -0.0132   100.3309      98.53    186.866     4.2958 5.8851e+02          1         29 0.0000e+00
   38.93136  -68.96076    14.5231   4.336556    35.7760    174.408    175.812    14.5488   4.339697    35.7807     0.0284 1.5019e-03    -0.0137   100.3422      98.54    178.778     4.1099 1.3196e+03          1         63 0.0000e+00
   38.93136  -68.96076    14.4557   4.328329    35.7628    175.533    176.946    14.4566   4.329454    35.7726     0.0289 1.4581e-03    -0.0141   100.3523      98.53    175.385     4.0319 2.2704e+03          1         15 0.0000e+00
   38.93136  -68.96076    14.4319   4.326460    35.7673    176.559    177.981    14.4318   4.326641    35.7692     0.0413 1.4398e-03    -0.0141   100.3536      98.53    175.815     4.0418 2.2674e+03          1         12 0.0000e+00
   38.93136  -68.96076    14.4497   4.330054    35.7830    177.573    179.005    14.4497   4.328755    35.7711     0.0445 1.4427e-03    -0.0133   100.3326      98.54    175.735     4.0400 2.1742e+03          1         10 0.0000e+00
   38.93136  -68.96076    14.4965   4.337357    35.8054    178.524    179.963    14.4962   4.336962    35.8022     0.0341 1.3496e-03    -0.0130   100.3253      98.55    175.030     4.0238 2.2495e+03          1         11 0.0000e+00
   38.93136  -68.96076    14.4579   4.333092    35.8021    179.571    181.019    14.4577   4.334168    35.8124     0.0285 1.2915e-03    -0.0128   100.3193      98.53    173.918     3.9983 1.6064e+03          1         12 0.0000e+00
   38.93136  -68.96077    14.3970   4.326881    35.8017    180.600    182.057    14.3972   4.327502    35.8074     0.0350 1.2419e-03    -0.0129   100.3236      98.53    171.101     3.9336 5.8755e+02          1         20 0.0000e+00
   38.93136  -68.96078    14.4351   4.330197    35.7949    181.281    182.744    14.4413   4.330653    35.7933     0.0379 1.2506e-03    -0.0131   100.3275      98.54    164.602     3.7841 5.8409e+02          1         93 0.0000e+00
   38.93136  -68.96078    14.3689   4.325512    35.8133    182.521    183.995    14.3741   4.326158    35.8145     0.0208 1.1801e-03    -0.0127   100.3171      98.54    165.653     3.8084 5.9813e+02          1         14 0.0000e+00
   38.93134  -68.96078    14.3716   4.327367    35.8273    183.489    184.970    14.3719   4.327323    35.8268     0.0029 1.1679e-03    -0.0128   100.3201      98.54    167.867     3.8593 1.7238e+03          1         13 0.0000e+00
   38.93134  -68.96078    14.3668   4.327166    35.8294    184.478    185.968    14.3660   4.327542    35.8337     0.0053 1.1584e-03    -0.0132   100.3300      98.54    168.896     3.8830 2.2704e+03          1         12 0.0000e+00
   38.93134  -68.96078    14.3561   4.326074    35.8289    185.485    186.984    14.3554   4.326150    35.8303     0.0308 1.0905e-03    -0.0136   100.3393      98.54    168.129     3.8654 2.2714e+03          1         11 0.0000e+00
   38.93134  -68.96078    14.3341   4.323407    35.8244    186.485    187.992    14.3405   4.324777    35.8312     0.0294 1.0414e-03    -0.0137   100.3438      98.54    165.371     3.8020 2.2701e+03          1         13 0.0000e+00
   38.93134  -68.96078    14.2793   4.316903    35.8154    187.553    189.069    14.2816   4.318938    35.8323     0.0276 1.0146e-03    -0.0139   100.3481      98.54    160.213     3.6834 2.2699e+03          1         17 0.0000e+00
   38.93134  -68.96078    14.1557   4.303865    35.8110    188.573    190.098    14.1561   4.304497    35.8166     0.0343 9.7544e-04    -0.0142   100.3557      98.54    154.510     3.5524 1.5007e+03          1         25 0.0000e+00
   38.93134  -68.96079    14.1472   4.303157    35.8103    189.436    190.969    14.1878   4.307618    35.8133     0.0374 9.4322e-04    -0.0139   100.3478      98.54    149.949     3.4475 7.6257e+02          1         72 0.0000e+00
   38.93134  -68.96080    14.1206   4.300274    35.8070    190.450    191.991    14.1337   4.302818    35.8187     0.0340 9.2172e-04    -0.0140   100.3507      98.54    149.133     3.4288 2.2256e+03          1         31 0.0000e+00
   38.93134  -68.96080    14.0859   4.296215    35.8012    191.410    192.960    14.0881   4.297234    35.8090     0.0279 8.8239e-04    -0.0141   100.3543      98.54    149.850     3.4452 1.9961e+03          1         18 0.0000e+00
   38.93134  -68.96080    13.9883   4.285211    35.7908    192.401    193.959    13.9871   4.286483    35.8043     0.0245 8.4443e-04    -0.0147   100.3694      98.54    150.106     3.4512 6.5001e+02          1         15 0.0000e+00
   38.93134  -68.96080    13.9636   4.282976    35.7925    193.401    194.968    13.9639   4.283375    35.7963     0.0238 8.2293e-04    -0.0143   100.3572      98.53    149.564     3.4387 6.0411e+02          1         17 0.0000e+00
   38.93134  -68.96080    13.9112   4.277051    35.7859    194.465    196.040    13.9112   4.277942    35.7946     0.0355 7.7874e-04    -0.0140   100.3499      98.53    148.936     3.4243 6.0146e+02          1         22 0.0000e+00
   38.93134  -68.96080    13.9025   4.276180    35.7834    195.398    196.982    13.9198   4.278171    35.7858     0.0426 7.6115e-04    -0.0135   100.3392      98.54    147.796     3.3981 1.6337e+03          1         89 0.0000e+00
   38.93134  -68.96082    13.8246   4.267426    35.7739    196.409    198.001    13.8345   4.269698    35.7861     0.0305 7.1989e-04    -0.0139   100.3486      98.54    148.080     3.4047 2.0027e+03          1         29 0.0000e+00
   38.93134  -68.96082    13.7572   4.259721    35.7647    197.433    199.034    13.7569   4.260153    35.7694     0.0313 7.1606e-04    -0.0140   100.3513      98.54    148.139     3.4061 2.1576e+03          1         29 0.0000e+00
   38.93133  -68.96081    13.7733   4.261524    35.7637    198.246    199.854    13.7565   4.260025    35.7658     0.0380 6.7620e-04    -0.0143   100.3572      98.54    148.281     3.4093 1.1901e+03          1        105 0.0000e+00
   38.93132  -68.96080    13.6931   4.252452    35.7535    199.409    201.027    13.6930   4.252939    35.7579     0.0360 6.6245e-04    -0.0143   100.3586      98.54    148.983     3.4255 2.2050e+03          1         18 0.0000e+00
   38.93132  -68.96080    13.6534   4.248010    35.7486    200.510    202.138    13.6541   4.248429    35.7516     0.0362 6.3314e-04    -0.0141   100.3534      98.54    148.235     3.4083 2.2629e+03          1         34 0.0000e+00
   38.93132  -68.96086    13.6316   4.245749    35.7460    200.912    202.543    13.6298   4.245642    35.7464     0.0395 5.6885e-04    -0.0134   100.3340      98.54    147.947     3.4017 7.2530e+02          1         13 0.0000e+00
   38.93132  -68.96086    13.6897   4.252470    35.7531    200.488    202.115    13.7014   4.252463    35.7416     0.0390 5.7275e-04    -0.0140   100.3508      98.54    147.594     3.3935 9.3868e+02          1         37 0.0000e+00
   38.93132  -68.96088    13.7990   4.264599    35.7626    199.408    201.026    13.8099   4.265887    35.7642     0.0309 5.7074e-04    -0.0142   100.3553      98.54    147.898     3.4005 1.5170e+03          1        117 0.0000e+00
   38.93132  -68.96090    13.7936   4.264155    35.7641    198.392    200.002    13.8225   4.267262    35.7657     0.0141 5.5913e-04    -0.0147   100.3692      98.55    147.969     3.4021 2.0391e+03          1         38 0.0000e+00
   38.93132  -68.96090    13.7940   4.264000    35.7630    197.510    199.112    13.8191   4.266877    35.7664     0.0290 5.8142e-04    -0.0144   100.3609      98.54    147.952     3.4017 7.7279e+02          1         99 0.0000e+00
   38.93132  -68.96090    13.7951   4.264114    35.7637    196.426    198.018    13.8269   4.267382    35.7644     0.0415 6.1718e-04    -0.0151   100.3791      98.55    148.010     3.4031 2.1936e+03          1         22 0.0000e+00
   38.93132  -68.96092    13.8858   4.274528    35.7751    195.389    196.973    13.8582   4.270757    35.7666     0.0406 7.3190e-04    -0.0149   100.3734      98.55    147.388     3.3887 2.1145e+03          1         16 0.0000e+00
