Data/ruptures/KN207-01/QL-1/20701042.cnv
* Sea-Bird SBE 9 Data File:
* FileName = C:\Data\ctd\20701042.hex
* Software Version Seasave V 7.21e
* Temperature SN = 4406
* Conductivity SN = 1474
* Number of Bytes Per Scan = 40
* Number of Voltage Words = 5
* Number of Scans Averaged by the Deck Unit = 1
* NMEA Latitude = 38 47.24 N
* NMEA Longitude = 069 11.68 W
* NMEA UTC (Time) = Apr 26 2012 22:04:26
** R/V Knorr Cruise # KN207-01 QL1
** Chief Scientist: Ben Van Mooy
# nquan = 21
# nvalues = 392                         
# units = specified
# name 0 = latitude: Latitude [deg]
# name 1 = longitude: Longitude [deg]
# name 2 = t090C: Temperature [ITS-90, deg C]
# name 3 = c0S/m: Conductivity [S/m]
# name 4 = sal00: Salinity, Practical [PSU]
# name 5 = depSM: Depth [salt water, m]
# name 6 = prDM: Pressure, Digiquartz [db]
# name 7 = t190C: Temperature, 2 [ITS-90, deg C]
# name 8 = c1S/m: Conductivity, 2 [S/m]
# name 9 = sal11: Salinity, Practical, 2 [PSU]
# name 10 = flECO-AFL: Fluorescence, WET Labs ECO-AFL/FL [mg/m^3]
# name 11 = par: PAR/Irradiance, Biospherical/Licor
# name 12 = bat: Beam Attenuation, Chelsea/Seatech [1/m]
# name 13 = xmiss: Beam Transmission, Chelsea/Seatech [%]
# name 14 = altM: Altimeter [m]
# name 15 = sbeox0Mm/Kg: Oxygen, SBE 43 [umol/kg]
# name 16 = sbeox0ML/L: Oxygen, SBE 43 [ml/l]
# name 17 = spar: SPAR/Surface Irradiance
# name 18 = pumps: Pump Status
# name 19 = nbin: number of scans per bin
# name 20 = flag: flag
# span 0 =   38.78736,   38.78818       
# span 1 =  -69.19467,  -69.19300       
# span 2 =    10.6722,    14.6896       
# span 3 =   3.783501,   4.354508       
# span 4 =    33.5911,    35.8315       
# span 5 =      1.379,    197.904       
# span 6 =      1.390,    199.506       
# span 7 =    10.6745,    14.6895       
# span 8 =   3.782569,   4.354608       
# span 9 =    33.6740,    35.8337       
# span 10 =     0.0067,     3.4797      
# span 11 = 1.0000e-12, 4.9044e-01      
# span 12 =    -0.0111,     0.3797      
# span 13 =    90.9434,   100.2786      
# span 14 =       1.88,      98.72      
# span 15 =    140.893,    443.571      
# span 16 =     3.2395,    10.1845      
# span 17 = 1.5883e+01, 1.9208e+01      
# span 18 =          1,          1      
# span 19 =          1,        461      
# span 20 = 0.0000e+00, 0.0000e+00      
# interval = decibars: 1                
# start_time = Apr 26 2012 22:04:26 [NMEA time, header]
# bad_flag = -9.990e-29
*END*
[from data line 207]
   38.78780  -69.19378    13.7382   4.256575    35.7461    183.493    184.972    13.7371   4.256164    35.7434     0.0434 1.0000e-12    -0.0098   100.2458      98.57    143.444     3.2981 1.7845e+01          1         18 0.0000e+00
   38.78780  -69.19378    13.8193   4.265523    35.7536    182.508    183.979    13.8357   4.265577    35.7383     0.0328 1.0000e-12    -0.0094   100.2354      98.57    143.713     3.3042 1.7845e+01          1         22 0.0000e+00
   38.78780  -69.19378    13.8970   4.274366    35.7635    181.510    182.972    13.9521   4.279349    35.7574     0.0381 1.0000e-12    -0.0099   100.2471      98.57    144.208     3.3156 1.7744e+01          1         22 0.0000e+00
   38.78780  -69.19378    14.0100   4.287580    35.7809    180.502    181.956    14.0595   4.292646    35.7813     0.0360 1.0000e-12    -0.0102   100.2543      98.57    145.130     3.3367 1.7724e+01          1         37 0.0000e+00
   38.78780  -69.19378    14.1044   4.298301    35.7937    179.771    181.219    14.0924   4.296559    35.7892     0.0315 1.9602e-04    -0.0106   100.2655      98.57    146.888     3.3771 1.7683e+01          1         55 0.0000e+00
   38.78780  -69.19378    14.1376   4.302320    35.8019    178.610    180.048    14.1395   4.301811    35.7956     0.0211 1.0000e-12    -0.0102   100.2563      98.57    147.674     3.3952 1.7845e+01          1         15 0.0000e+00
   38.78780  -69.19378    14.2641   4.316500    35.8143    177.595    179.024    14.2428   4.312864    35.8010     0.0206 1.1638e-04    -0.0101   100.2529      98.57    147.535     3.3919 1.7473e+01          1         12 0.0000e+00
   38.78780  -69.19378    14.2920   4.319587    35.8175    176.558    177.978    14.2947   4.319462    35.8139     0.0215 1.0000e-12    -0.0101   100.2529      98.56    147.644     3.3944 1.7845e+01          1         11 0.0000e+00
   38.78780  -69.19378    14.3133   4.321868    35.8196    175.572    176.984    14.3156   4.321886    35.8177     0.0288 1.0000e-12    -0.0098   100.2459      98.56    147.806     3.3981 1.7845e+01          1         11 0.0000e+00
   38.78781  -69.19377    14.3312   4.322950    35.8138    174.586    175.990    14.3317   4.323040    35.8142     0.0297 1.0000e-12    -0.0097   100.2437      98.56    148.144     3.4059 1.7845e+01          1         14 0.0000e+00
   38.78782  -69.19376    14.3305   4.322562    35.8139    173.436    174.830    14.3296   4.322518    35.8145     0.0312 1.0000e-12    -0.0096   100.2397      98.57    151.698     3.4876 1.7761e+01          1         80 0.0000e+00
   38.78782  -69.19376    14.3483   4.323404    35.8072    172.688    174.075    14.3667   4.324562    35.8005     0.0310 1.0000e-12    -0.0092   100.2304      98.57    154.702     3.5566 1.7752e+01          1         24 0.0000e+00
   38.78782  -69.19376    14.3691   4.324609    35.7998    171.649    173.028    14.3798   4.324851    35.7920     0.0219 1.0000e-12    -0.0094   100.2352      98.57    152.675     3.5100 1.7288e+01          1         16 0.0000e+00
   38.78782  -69.19376    14.4159   4.327406    35.7822    170.654    172.024    14.4245   4.327785    35.7776     0.0277 1.0000e-12    -0.0094   100.2351      98.57    152.490     3.5056 1.7330e+01          1         13 0.0000e+00
   38.78782  -69.19376    14.4374   4.329163    35.7789    169.620    170.982    14.4394   4.328974    35.7755     0.0292 1.0000e-12    -0.0092   100.2290      98.57    153.761     3.5349 1.7686e+01          1         14 0.0000e+00
   38.78782  -69.19376    14.4672   4.332366    35.7813    168.589    169.942    14.4822   4.333256    35.7754     0.0354 3.4039e-03    -0.0092   100.2309      98.57    155.591     3.5769 1.7367e+01          1         14 0.0000e+00
   38.78782  -69.19376    14.5542   4.341920    35.7881    167.588    168.933    14.5505   4.340218    35.7760     0.0283 1.0000e-12    -0.0093   100.2315      98.56    158.661     3.6475 1.7721e+01          1         18 0.0000e+00
   38.78782  -69.19376    14.5979   4.346775    35.7931    166.597    167.933    14.6145   4.348336    35.7919     0.0209 1.0000e-12    -0.0091   100.2272      98.57    165.642     3.8079 1.7696e+01          1         30 0.0000e+00
   38.78782  -69.19376    14.6244   4.349390    35.7947    165.715    167.044    14.6033   4.346760    35.7905     0.0281 8.9598e-03    -0.0091   100.2261      98.57    177.590     4.0825 1.7718e+01          1         70 0.0000e+00
   38.78782  -69.19376    14.6458   4.351503    35.7961    164.708    166.028    14.6488   4.351866    35.7965     0.0248 3.3253e-04    -0.0092   100.2309      98.58    180.641     4.1527 1.7739e+01          1         21 0.0000e+00
   38.78782  -69.19376    14.6587   4.352596    35.7949    163.707    165.019    14.6620   4.352782    35.7934     0.0210 1.0000e-12    -0.0101   100.2529      98.58    181.212     4.1658 1.7845e+01          1         13 0.0000e+00
   38.78782  -69.19376    14.6713   4.353474    35.7918    162.715    164.019    14.6729   4.353651    35.7919     0.0346 1.0000e-12    -0.0096   100.2401      98.57    182.441     4.1940 1.7845e+01          1         12 0.0000e+00
   38.78782  -69.19376    14.6761   4.353723    35.7904    161.709    163.004    14.6770   4.353820    35.7904     0.0358 1.0000e-12    -0.0094   100.2358      98.57    183.478     4.2178 1.7473e+01          1         12 0.0000e+00
   38.78782  -69.19376    14.6807   4.353968    35.7891    160.723    162.010    14.6800   4.353934    35.7894     0.0435 1.0000e-12    -0.0092   100.2292      98.57    184.041     4.2308 1.7159e+01          1         13 0.0000e+00
   38.78784  -69.19374    14.6840   4.354024    35.7874    159.665    160.943    14.6852   4.354056    35.7866     0.0465 1.0000e-12    -0.0082   100.2050      98.57    185.001     4.2528 1.7237e+01          1         22 0.0000e+00
   38.78784  -69.19374    14.6836   4.353545    35.7847    158.746    160.016    14.6833   4.353815    35.7875     0.0218 1.0000e-12    -0.0087   100.2162      98.57    188.875     4.3419 1.7367e+01          1         56 0.0000e+00
   38.78784  -69.19374    14.6736   4.351557    35.7771    157.792    159.054    14.6726   4.351379    35.7763     0.0244 1.0000e-12    -0.0086   100.2153      98.58    191.037     4.3916 1.7759e+01          1         26 0.0000e+00
   38.78784  -69.19374    14.6626   4.349593    35.7701    156.733    157.986    14.6597   4.349381    35.7709     0.0438 1.0000e-12    -0.0085   100.2118      98.57    190.944     4.3894 1.7734e+01          1         20 0.0000e+00
   38.78786  -69.19374    14.6595   4.347864    35.7578    155.716    156.961    14.6586   4.347672    35.7569     0.0367 1.0000e-12    -0.0087   100.2174      98.57    191.613     4.4048 1.7420e+01          1         21 0.0000e+00
   38.78786  -69.19374    14.6725   4.348088    35.7483    154.735    155.971    14.6716   4.348070    35.7490     0.0245 1.0000e-12    -0.0079   100.1963      98.57    194.290     4.4663 1.7526e+01          1         49 0.0000e+00
   38.78786  -69.19374    14.6785   4.347743    35.7402    153.815    155.044    14.6786   4.347681    35.7395     0.0310 1.0000e-12    -0.0081   100.2008      98.57    200.046     4.5985 1.7423e+01          1         37 0.0000e+00
   38.78786  -69.19374    14.6782   4.347286    35.7370    152.768    153.988    14.6770   4.347423    35.7393     0.0271 2.3777e-04    -0.0079   100.1958      98.57    203.477     4.6774 1.7349e+01          1         27 0.0000e+00
   38.78786  -69.19374    14.6774   4.346774    35.7336    151.763    152.975    14.6770   4.346948    35.7356     0.0089 1.0000e-12    -0.0078   100.1946      98.57    205.657     4.7275 1.7588e+01          1         26 0.0000e+00
   38.78786  -69.19374    14.6729   4.345652    35.7283    150.682    151.884    14.6734   4.345969    35.7307     0.0245 1.0000e-12    -0.0073   100.1817      98.57    207.307     4.7654 1.7423e+01          1         74 0.0000e+00
   38.78786  -69.19372    14.6678   4.344701    35.7247    149.907    151.103    14.6660   4.344519    35.7248     0.0336 1.0000e-12    -0.0077   100.1918      98.57    209.078     4.8061 1.7230e+01          1         29 0.0000e+00
   38.78786  -69.19372    14.6636   4.344030    35.7231    148.847    150.034    14.6634   4.344181    35.7246     0.0267 1.0000e-12    -0.0073   100.1839      98.57    208.607     4.7953 1.7610e+01          1         19 0.0000e+00
   38.78786  -69.19372    14.6516   4.342114    35.7172    147.828    149.007    14.6512   4.342453    35.7206     0.0209 1.0000e-12    -0.0061   100.1517      98.57    208.894     4.8019 1.7845e+01          1         16 0.0000e+00
   38.78786  -69.19372    14.6239   4.337851    35.7045    146.795    147.965    14.6230   4.338261    35.7091     0.0420 1.0000e-12    -0.0064   100.1606      98.57    209.136     4.8074 1.7597e+01          1         27 0.0000e+00
   38.78787  -69.19372    14.6178   4.336958    35.7021    146.028    147.192    14.6187   4.337283    35.7042     0.0267 1.0000e-12    -0.0061   100.1516      98.57    211.122     4.8531 1.7554e+01          1         69 0.0000e+00
   38.78788  -69.19372    14.5963   4.333627    35.6920    144.860    146.014    14.5938   4.333430    35.6925     0.0475 1.0000e-12    -0.0070   100.1758      98.58    212.875     4.8934 1.7642e+01          1         22 0.0000e+00
   38.78788  -69.19372    14.5843   4.331774    35.6866    143.824    144.969    14.5832   4.331945    35.6892     0.0260 1.0000e-12    -0.0064   100.1613      98.57    212.386     4.8821 1.7706e+01          1         16 0.0000e+00
   38.78788  -69.19372    14.5771   4.330699    35.6837    142.872    144.009    14.5762   4.330781    35.6854     0.0157 1.0000e-12    -0.0061   100.1535      98.57    213.051     4.8974 1.7696e+01          1         15 0.0000e+00
   38.78788  -69.19372    14.5674   4.329179    35.6792    141.893    143.022    14.5663   4.329274    35.6811     0.0134 1.0000e-12    -0.0063   100.1577      98.58    214.030     4.9199 1.7714e+01          1         17 0.0000e+00
   38.78788  -69.19372    14.5594   4.327977    35.6759    140.884    142.006    14.5581   4.327965    35.6771     0.0139 1.0000e-12    -0.0062   100.1542      98.57    214.671     4.9346 1.7728e+01          1         19 0.0000e+00
   38.78788  -69.19370    14.5533   4.327040    35.6732    139.876    140.988    14.5549   4.327418    35.6752     0.0099 1.0000e-12    -0.0063   100.1583      98.57    215.011     4.9424 1.7756e+01          1         25 0.0000e+00
   38.78788  -69.19370    14.5418   4.325333    35.6685    138.907    140.011    14.5418   4.325538    35.6704     0.0248 1.0000e-12    -0.0059   100.1487      98.57    215.901     4.9629 1.7721e+01          1         54 0.0000e+00
   38.78788  -69.19370    14.5365   4.324538    35.6662    137.946    139.042    14.5364   4.324568    35.6666     0.0228 1.0000e-12    -0.0060   100.1511      98.58    216.356     4.9733 1.7762e+01          1         27 0.0000e+00
   38.78789  -69.19370    14.5310   4.323686    35.6638    136.891    137.978    14.5318   4.323984    35.6658     0.0210 3.7237e-02    -0.0059   100.1487      98.58    216.217     4.9701 1.7721e+01          1         18 0.0000e+00
   38.78790  -69.19370    14.5282   4.323230    35.6626    135.892    136.972    14.5276   4.323301    35.6638     0.0314 2.0845e-04    -0.0058   100.1437      98.57    216.472     4.9760 1.7845e+01          1         16 0.0000e+00
   38.78790  -69.19370    14.5248   4.322716    35.6613    134.908    135.980    14.5243   4.322856    35.6631     0.0430 1.0000e-12    -0.0059   100.1472      98.57    216.610     4.9792 1.7597e+01          1         18 0.0000e+00
   38.78790  -69.19370    14.5188   4.321884    35.6596    133.890    134.953    14.5189   4.322050    35.6611     0.0366 2.8938e-04    -0.0058   100.1447      98.57    216.563     4.9781 1.7728e+01          1         19 0.0000e+00
   38.78790  -69.19370    14.5106   4.320722    35.6569    132.925    133.980    14.5046   4.320209    35.6578     0.0361 2.9483e-03    -0.0057   100.1424      98.58    216.930     4.9865 1.7622e+01          1         20 0.0000e+00
   38.78790  -69.19370    14.4953   4.318539    35.6514    131.890    132.937    14.4980   4.319129    35.6543     0.0104 1.0000e-12    -0.0052   100.1292      98.57    216.919     4.9863 1.7566e+01          1         32 0.0000e+00
   38.78790  -69.19370    14.4834   4.316794    35.6466    130.982    132.021    14.4824   4.316905    35.6486     0.0325 1.0000e-12    -0.0043   100.1077      98.58    216.816     4.9839 1.7741e+01          1         43 0.0000e+00
   38.78790  -69.19370    14.4742   4.315402    35.6426    130.013    131.044    14.4754   4.315750    35.6447     0.0551 1.0000e-12    -0.0054   100.1337      98.57    217.758     5.0056 1.7845e+01          1         22 0.0000e+00
   38.78790  -69.19370    14.4574   4.312891    35.6355    128.988    130.010    14.4594   4.313611    35.6403     0.0385 1.0000e-12    -0.0052   100.1301      98.57    217.834     5.0073 1.7845e+01          1         18 0.0000e+00
   38.78790  -69.19370    14.4395   4.310407    35.6297    127.956    128.970    14.4380   4.310569    35.6326     0.0304 1.0000e-12    -0.0044   100.1107      98.58    217.941     5.0097 1.7845e+01          1         15 0.0000e+00
   38.78790  -69.19370    14.4339   4.309609    35.6278    126.984    127.990    14.4320   4.309457    35.6282     0.0360 1.0000e-12    -0.0031   100.0778      98.58    218.240     5.0166 1.7845e+01          1         16 0.0000e+00
   38.78790  -69.19369    14.4316   4.309258    35.6270    125.957    126.955    14.4302   4.309196    35.6278     0.0184 1.0000e-12    -0.0034   100.0854      98.57    218.449     5.0214 1.7845e+01          1         27 0.0000e+00
   38.78790  -69.19368    14.4279   4.308753    35.6258    125.052    126.042    14.4269   4.308738    35.6266     0.0311 1.0000e-12    -0.0039   100.0987      98.58    219.089     5.0361 1.7750e+01          1         47 0.0000e+00
   38.78790  -69.19368    14.4249   4.308275    35.6244    124.029    125.010    14.4254   4.308483    35.6258     0.0288 1.0000e-12    -0.0039   100.0987      98.58    219.632     5.0486 1.7845e+01          1         20 0.0000e+00
   38.78790  -69.19368    14.4198   4.307535    35.6226    123.059    124.033    14.4198   4.307710    35.6243     0.0360 1.0000e-12    -0.0038   100.0969      98.58    219.663     5.0493 1.7686e+01          1         14 0.0000e+00
   38.78790  -69.19368    14.4173   4.307146    35.6218    122.077    123.043    14.4169   4.307187    35.6225     0.0460 1.0000e-12    -0.0036   100.0901      98.57    219.962     5.0562 1.7994e+01          1         15 0.0000e+00
   38.78791  -69.19368    14.4169   4.307047    35.6215    120.999    121.956    14.4169   4.307142    35.6224     0.0453 1.0000e-12    -0.0036   100.0910      98.58    220.129     5.0600 1.7734e+01          1         20 0.0000e+00
   38.78792  -69.19368    14.4139   4.306570    35.6201    119.996    120.944    14.4072   4.305975    35.6210     0.0367 1.0000e-12    -0.0034   100.0861      98.58    219.629     5.0485 1.7845e+01          1         45 0.0000e+00
   38.78792  -69.19368    14.3781   4.301598    35.6081    119.132    120.074    14.3743   4.301204    35.6080     0.0488 1.0000e-12    -0.0010   100.0253      98.57    220.022     5.0576 1.7845e+01          1         28 0.0000e+00
   38.78792  -69.19368    14.3608   4.299063    35.6012    118.070    119.003    14.3649   4.300302    35.6088     0.0333 1.0000e-12    -0.0033   100.0836      98.58    219.954     5.0560 1.7845e+01          1         17 0.0000e+00
   38.78792  -69.19368    14.3228   4.293517    35.5860    117.038    117.963    14.3240   4.294316    35.5923     0.0273 1.0000e-12    -0.0033   100.0826      98.58    220.384     5.0658 1.7845e+01          1         16 0.0000e+00
