Data/ruptures/KN207-01/QL-1/20701020.cnv
* Sea-Bird SBE 9 Data File:
* FileName = C:\Data\ctd\20701020.hex
* Software Version Seasave V 7.21e
* Temperature SN = 4406
* Conductivity SN = 1474
* Number of Bytes Per Scan = 40
* Number of Voltage Words = 5
* Number of Scans Averaged by the Deck Unit = 1
* NMEA Latitude = 38 58.66 N
* NMEA Longitude = 068 59.01 W
* NMEA UTC (Time) = Apr 24 2012 11:33:29
** R/V Knorr Cruise # KN207-01 QL1
** Chief Scientist: Ben Van Mooy
# nquan = 21
# nvalues = 399                         
# units = specified
# name 0 = latitude: Latitude [deg]
# name 1 = longitude: Longitude [deg]
# name 2 = t090C: Temperature [ITS-90, deg C]
# name 3 = c0S/m: Conductivity [S/m]
# name 4 = sal00: Salinity, Practical [PSU]
# name 5 = depSM: Depth [salt water, m]
# name 6 = prDM: Pressure, Digiquartz [db]
# name 7 = t190C: Temperature, 2 [ITS-90, deg C]
# name 8 = c1S/m: Conductivity, 2 [S/m]
# name 9 = sal11: Salinity, Practical, 2 [PSU]
# name 10 = flECO-AFL: Fluorescence, WET Labs ECO-AFL/FL [mg/m^3]
# name 11 = par: PAR/Irradiance, Biospherical/Licor
# name 12 = bat: Beam Attenuation, Chelsea/Seatech [1/m]
# name 13 = xmiss: Beam Transmission, Chelsea/Seatech [%]
# name 14 = altM: Altimeter [m]
# name 15 = sbeox0Mm/Kg: Oxygen, SBE 43 [umol/kg]
# name 16 = sbeox0ML/L: Oxygen, SBE 43 [ml/l]
# name 17 = spar: SPAR/Surface Irradiance
# name 18 = pumps: Pump Status
# name 19 = nbin: number of scans per bin
# name 20 = flag: flag
# span 0 =   38.97778,   38.97786       
# span 1 =  -68.98354,  -68.97999       
# span 2 =    11.1240,    14.6293       
# span 3 =   3.836790,   4.346080       
# span 4 =    33.8264,    35.8354       
# span 5 =      2.144,    199.404       
# span 6 =      2.160,    201.023       
# span 7 =    11.1263,    14.6299       
# span 8 =   3.837033,   4.346306       
# span 9 =    33.8204,    35.8389       
# span 10 =     0.0049,     2.4216      
# span 11 = 5.7107e-04, 1.3961e+01      
# span 12 =    -0.0151,     0.3175      
# span 13 =    92.3683,   100.3783      
# span 14 =       5.10,      98.73      
# span 15 =    146.958,    448.588      
# span 16 =     3.3787,    10.3025      
# span 17 = 1.8650e+03, 2.2545e+03      
# span 18 =          1,          1      
# span 19 =         10,        241      
# span 20 = 0.0000e+00, 0.0000e+00      
# interval = decibars: 1                
# start_time = Apr 24 2012 11:33:29 [NMEA time, header]
# bad_flag = -9.990e-29
*END*
[from data line 207]
   38.97784  -68.98206    13.8459   4.269247    35.7661    191.444    192.994    13.8655   4.271270    35.7666     0.0300 8.3381e-04    -0.0145   100.3646      98.55    147.219     3.3849 2.0880e+03          1         26 0.0000e+00
   38.97784  -68.98206    13.8652   4.271517    35.7695    190.460    192.002    13.8851   4.273659    35.7709     0.0447 8.2950e-04    -0.0142   100.3548      98.55    147.393     3.3888 2.0906e+03          1         29 0.0000e+00
   38.97784  -68.98205    13.8953   4.274832    35.7729    189.585    191.120    13.9094   4.276373    35.7741     0.0333 8.2815e-04    -0.0139   100.3470      98.55    147.259     3.3857 2.0837e+03          1        124 0.0000e+00
   38.97784  -68.98204    13.9373   4.279668    35.7791    188.496    190.021    13.9588   4.282141    35.7820     0.0458 7.2877e-04    -0.0149   100.3728      98.55    147.185     3.3840 2.0919e+03          1         27 0.0000e+00
   38.97783  -68.98203    13.9694   4.283439    35.7844    187.466    188.983    13.9746   4.283670    35.7819     0.0446 5.7107e-04    -0.0146   100.3658      98.55    147.253     3.3856 2.1081e+03          1         23 0.0000e+00
   38.97782  -68.98202    13.9842   4.285065    35.7862    186.474    187.982    14.0076   4.287430    35.7863     0.0497 6.5427e-04    -0.0142   100.3567      98.55    147.328     3.3873 2.1241e+03          1         27 0.0000e+00
   38.97782  -68.98202    13.9999   4.286801    35.7887    185.603    187.104    14.0434   4.291503    35.7914     0.0354 7.1619e-04    -0.0144   100.3615      98.55    147.857     3.3995 2.1278e+03          1         93 0.0000e+00
   38.97782  -68.98202    14.0822   4.296546    35.8020    184.545    186.037    14.1159   4.300044    35.8032     0.0147 7.7102e-04    -0.0144   100.3618      98.55    147.161     3.3834 2.1031e+03          1         21 0.0000e+00
   38.97782  -68.98202    14.1331   4.302668    35.8113    183.494    184.976    14.1455   4.303516    35.8082     0.0130 7.8357e-04    -0.0145   100.3633      98.54    146.967     3.3790 2.0985e+03          1         17 0.0000e+00
   38.97782  -68.98202    14.1779   4.307687    35.8163    182.472    183.946    14.1799   4.307399    35.8123     0.0189 8.0305e-04    -0.0144   100.3611      98.55    146.958     3.3787 2.0984e+03          1         19 0.0000e+00
   38.97782  -68.98201    14.1806   4.307828    35.8165    181.749    183.217    14.1839   4.308468    35.8198     0.0391 1.0313e-03    -0.0146   100.3666      98.56    147.557     3.3925 2.0873e+03          1         52 0.0000e+00
   38.97782  -68.98198    14.2024   4.310420    35.8216    180.507    181.965    14.2230   4.312177    35.8184     0.0381 2.3823e-03    -0.0144   100.3604      98.55    147.450     3.3901 2.0617e+03          1         11 0.0000e+00
   38.97782  -68.98198    14.2274   4.313210    35.8243    179.543    180.992    14.2475   4.315130    35.8231     0.0350 2.6165e-03    -0.0146   100.3660      98.55    147.643     3.3945 2.0694e+03          1         10 0.0000e+00
   38.97782  -68.98198    14.2443   4.314954    35.8251    178.566    180.007    14.2563   4.316081    35.8243     0.0301 2.7409e-03    -0.0145   100.3627      98.55    147.667     3.3950 2.0790e+03          1         11 0.0000e+00
   38.97782  -68.98198    14.2614   4.316602    35.8248    177.557    178.989    14.2725   4.317483    35.8226     0.0239 2.4248e-03    -0.0143   100.3594      98.56    147.719     3.3962 2.0931e+03          1         14 0.0000e+00
   38.97782  -68.98197    14.2502   4.315262    35.8245    176.722    178.146    14.2628   4.316838    35.8272     0.0302 2.0378e-03    -0.0122   100.3064      98.56    148.337     3.4104 2.0937e+03          1         72 0.0000e+00
   38.97782  -68.98194    14.2607   4.316368    35.8263    175.595    177.011    14.2780   4.317910    35.8242     0.0372 1.8619e-03    -0.0100   100.2503      98.56    148.565     3.4156 2.0693e+03          1         20 0.0000e+00
   38.97782  -68.98194    14.2768   4.317955    35.8263    174.604    176.011    14.2967   4.319855    35.8252     0.0311 1.8591e-03    -0.0141   100.3533      98.55    148.658     3.4178 2.0896e+03          1         21 0.0000e+00
   38.97782  -68.98194    14.2963   4.319889    35.8264    173.604    175.003    14.3129   4.321436    35.8251     0.0396 1.8438e-03    -0.0143   100.3577      98.55    149.137     3.4288 2.1136e+03          1         26 0.0000e+00
   38.97782  -68.98194    14.3061   4.320948    35.8280    172.542    173.931    14.3480   4.325212    35.8280     0.0313 1.7812e-03    -0.0137   100.3432      98.55    149.969     3.4479 2.0345e+03          1         72 0.0000e+00
   38.97782  -68.98194    14.3307   4.323552    35.8297    171.664    173.046    14.3670   4.325835    35.8169     0.0277 1.7446e-03    -0.0135   100.3386      98.55    150.608     3.4626 1.9404e+03          1         33 0.0000e+00
   38.97782  -68.98194    14.3661   4.326129    35.8206    170.633    172.006    14.3753   4.326981    35.8204     0.0150 1.7471e-03    -0.0142   100.3546      98.56    150.598     3.4623 1.9629e+03          1         23 0.0000e+00
   38.97782  -68.98193    14.3939   4.327594    35.8086    169.596    170.960    14.3954   4.327715    35.8089     0.0319 1.7730e-03    -0.0140   100.3516      98.56    151.267     3.4776 1.9837e+03          1         31 0.0000e+00
   38.97782  -68.98190    14.3972   4.327787    35.8084    168.752    170.110    14.4045   4.328246    35.8061     0.0264 1.7936e-03    -0.0131   100.3280      98.56    158.358     3.6407 2.0654e+03          1         79 0.0000e+00
   38.97782  -68.98190    14.4093   4.328405    35.8037    167.710    169.059    14.4228   4.329421    35.8006     0.0245 1.8058e-03    -0.0125   100.3121      98.55    161.598     3.7151 2.1253e+03          1         23 0.0000e+00
   38.97782  -68.98190    14.4381   4.330671    35.7979    166.699    168.039    14.4365   4.330299    35.7964     0.0294 1.8724e-03    -0.0139   100.3481      98.55    160.568     3.6914 2.1358e+03          1         17 0.0000e+00
   38.97782  -68.98192    14.4481   4.331539    35.7971    165.668    166.999    14.4514   4.331746    35.7962     0.0162 2.3833e-03    -0.0134   100.3351      98.55    160.819     3.6972 2.1388e+03          1         15 0.0000e+00
   38.97782  -68.98192    14.4563   4.332193    35.7960    164.664    165.987    14.4559   4.332106    35.7959     0.0171 2.6627e-03    -0.0128   100.3208      98.56    161.468     3.7120 2.1409e+03          1         14 0.0000e+00
   38.97782  -68.98192    14.4625   4.332410    35.7928    163.684    164.999    14.4667   4.332345    35.7885     0.0282 2.7440e-03    -0.0128   100.3204      98.56    162.803     3.7427 2.1388e+03          1         16 0.0000e+00
   38.97782  -68.98192    14.4896   4.335144    35.7930    162.635    163.940    14.5087   4.336879    35.7912     0.0093 2.6994e-03    -0.0096   100.2400      98.56    165.086     3.7952 2.1296e+03          1         24 0.0000e+00
   38.97782  -68.98191    14.4803   4.334314    35.7953    161.982    163.282    14.4891   4.335448    35.7977     0.0298 2.4859e-03    -0.0127   100.3184      98.55    168.258     3.8681 2.0720e+03          1         71 0.0000e+00
   38.97782  -68.98188    14.5204   4.338498    35.7969    160.753    162.043    14.5225   4.338098    35.7915     0.0449 2.8494e-03    -0.0133   100.3318      98.56    166.990     3.8390 2.0772e+03          1         14 0.0000e+00
   38.97782  -68.98188    14.5575   4.342183    35.7964    159.745    161.026    14.5719   4.342814    35.7887     0.0420 3.1087e-03    -0.0123   100.3064      98.56    167.456     3.8496 2.0923e+03          1         12 0.0000e+00
   38.97782  -68.98188    14.5791   4.343807    35.7915    158.729    160.002    14.5883   4.344742    35.7917     0.0368 3.0100e-03    -0.0112   100.2786      98.56    168.230     3.8674 2.1049e+03          1         11 0.0000e+00
   38.97782  -68.98188    14.5813   4.343377    35.7861    157.736    159.000    14.5845   4.343702    35.7863     0.0348 3.0326e-03    -0.0083   100.2062      98.56    169.013     3.8854 2.1159e+03          1         11 0.0000e+00
   38.97782  -68.98188    14.5823   4.342979    35.7821    156.740    157.996    14.5824   4.343110    35.7834     0.0526 3.0625e-03    -0.0104   100.2588      98.55    169.846     3.9045 2.1203e+03          1         13 0.0000e+00
   38.97782  -68.98188    14.5745   4.341465    35.7762    155.715    156.962    14.5734   4.341660    35.7792     0.0438 2.9927e-03    -0.0126   100.3143      98.56    171.828     3.9501 2.1234e+03          1         18 0.0000e+00
   38.97782  -68.98188    14.5729   4.341280    35.7769    154.663    155.901    14.5715   4.340910    35.7749     0.0349 2.8943e-03    -0.0121   100.3021      98.56    178.102     4.0943 2.1036e+03          1         46 0.0000e+00
   38.97782  -68.98188    14.5848   4.343627    35.7881    153.843    155.075    14.5861   4.343650    35.7872     0.0253 2.7006e-03    -0.0121   100.3020      98.56    180.647     4.1528 2.0969e+03          1         45 0.0000e+00
   38.97782  -68.98186    14.5837   4.341925    35.7743    152.780    154.003    14.5906   4.342525    35.7734     0.0417 2.6057e-03    -0.0125   100.3129      98.56    179.570     4.1280 2.0777e+03          1         33 0.0000e+00
   38.97782  -68.98184    14.6150   4.343768    35.7624    151.798    153.013    14.6138   4.343690    35.7629     0.0419 2.5734e-03    -0.0128   100.3192      98.56    178.971     4.1142 2.0590e+03          1         38 0.0000e+00
   38.97782  -68.98184    14.6261   4.344801    35.7622    150.812    152.018    14.6291   4.345048    35.7617     0.0290 2.5798e-03    -0.0126   100.3144      98.55    183.053     4.2080 2.0574e+03          1         23 0.0000e+00
   38.97782  -68.98184    14.6288   4.344771    35.7600    149.845    151.043    14.6299   4.344843    35.7597     0.0090 2.5989e-03    -0.0129   100.3220      98.56    186.667     4.2911 2.0647e+03          1         16 0.0000e+00
   38.97782  -68.98184    14.6293   4.344496    35.7575    148.814    150.004    14.6292   4.344583    35.7586     0.0203 2.5943e-03    -0.0127   100.3179      98.56    188.844     4.3412 2.0760e+03          1         17 0.0000e+00
   38.97782  -68.98184    14.6280   4.344166    35.7564    147.764    148.945    14.6266   4.344124    35.7573     0.0354 2.6801e-03    -0.0125   100.3116      98.55    189.988     4.3674 2.0938e+03          1         14 0.0000e+00
   38.97782  -68.98184    14.6224   4.343267    35.7539    146.819    147.992    14.6193   4.343072    35.7550     0.0352 2.7305e-03    -0.0120   100.3009      98.56    190.112     4.3703 2.1111e+03          1         15 0.0000e+00
   38.97782  -68.98184    14.6104   4.341403    35.7486    145.834    146.999    14.6082   4.341460    35.7512     0.0345 2.7379e-03    -0.0116   100.2892      98.56    190.333     4.3753 2.1313e+03          1         17 0.0000e+00
   38.97782  -68.98184    14.5927   4.338784    35.7416    144.829    145.985    14.5971   4.339710    35.7460     0.0295 2.6744e-03    -0.0122   100.3056      98.56    190.995     4.3906 2.1483e+03          1         20 0.0000e+00
   38.97782  -68.98184    14.5923   4.338520    35.7400    143.790    144.937    14.5866   4.338270    35.7432     0.0211 2.5904e-03    -0.0124   100.3099      98.56    191.227     4.3959 2.1578e+03          1         23 0.0000e+00
   38.97782  -68.98184    14.5899   4.338110    35.7390    142.707    143.845    14.5820   4.337052    35.7366     0.0243 2.6599e-03    -0.0119   100.2972      98.56    191.129     4.3936 2.0958e+03          1         87 0.0000e+00
   38.97782  -68.98184    14.5775   4.336094    35.7325    141.983    143.116    14.5654   4.334204    35.7264     0.0260 2.8337e-03    -0.0122   100.3043      98.56    191.393     4.3997 2.0473e+03          1         27 0.0000e+00
   38.97782  -68.98184    14.5600   4.332815    35.7191    140.917    142.041    14.5573   4.332437    35.7181     0.0255 2.9442e-03    -0.0122   100.3043      98.56    191.691     4.4065 2.0572e+03          1         16 0.0000e+00
   38.97782  -68.98184    14.5566   4.331897    35.7142    139.881    140.996    14.5566   4.331936    35.7146     0.0227 3.5466e-03    -0.0114   100.2845      98.56    191.514     4.4024 2.0724e+03          1         13 0.0000e+00
   38.97782  -68.98184    14.5573   4.331838    35.7134    138.882    139.988    14.5575   4.331856    35.7133     0.0212 3.6127e-03    -0.0113   100.2829      98.56    191.257     4.3965 2.0869e+03          1         12 0.0000e+00
   38.97782  -68.98179    14.5608   4.332075    35.7127    137.886    138.984    14.5608   4.332100    35.7129     0.0212 3.6021e-03    -0.0110   100.2765      98.56    190.758     4.3851 2.1020e+03          1         12 0.0000e+00
   38.97782  -68.98178    14.5624   4.332037    35.7112    136.922    138.012    14.5624   4.332080    35.7115     0.0322 3.6712e-03    -0.0111   100.2786      98.57    190.542     4.3801 2.1162e+03          1         12 0.0000e+00
   38.97782  -68.98178    14.5647   4.332051    35.7095    135.898    136.980    14.5651   4.332089    35.7094     0.0352 3.4957e-03    -0.0111   100.2786      98.56    190.897     4.3882 2.1270e+03          1         15 0.0000e+00
   38.97782  -68.98178    14.5635   4.331650    35.7074    134.919    135.993    14.5615   4.331521    35.7080     0.0351 3.3421e-03    -0.0109   100.2722      98.56    191.528     4.4027 2.1353e+03          1         16 0.0000e+00
   38.97782  -68.98178    14.5609   4.331129    35.7054    133.895    134.961    14.5569   4.330560    35.7039     0.0255 3.3148e-03    -0.0108   100.2716      98.56    192.541     4.4260 2.1432e+03          1         33 0.0000e+00
   38.97782  -68.98179    14.5615   4.331287    35.7066    132.962    134.020    14.5561   4.330385    35.7033     0.0353 3.2003e-03    -0.0111   100.2781      98.56    195.759     4.5000 2.1249e+03          1         56 0.0000e+00
   38.97782  -68.98180    14.5587   4.330772    35.7048    131.965    133.014    14.5480   4.328936    35.6979     0.0248 3.2144e-03    -0.0115   100.2888      98.56    195.535     4.4948 2.0742e+03          1         43 0.0000e+00
   38.97782  -68.98180    14.5455   4.328231    35.6942    130.979    132.020    14.5433   4.328004    35.6941     0.0215 3.3173e-03    -0.0104   100.2604      98.56    194.523     4.4716 2.0529e+03          1         24 0.0000e+00
   38.97782  -68.98180    14.5412   4.327043    35.6877    130.012    131.045    14.5419   4.327301    35.6893     0.0206 3.1761e-03    -0.0095   100.2386      98.55    195.172     4.4865 2.0565e+03          1         18 0.0000e+00
   38.97782  -68.98179    14.5382   4.326391    35.6848    128.970    129.994    14.5379   4.326648    35.6874     0.0211 3.3226e-03    -0.0100   100.2512      98.56    195.673     4.4980 2.0675e+03          1         15 0.0000e+00
   38.97782  -68.98176    14.5226   4.324064    35.6785    127.964    128.981    14.5266   4.325031    35.6836     0.0216 3.3855e-03    -0.0101   100.2529      98.56    196.645     4.5203 2.0833e+03          1         13 0.0000e+00
   38.97782  -68.98176    14.5123   4.322587    35.6749    127.015    128.024    14.5140   4.323044    35.6774     0.0148 3.3321e-03    -0.0102   100.2549      98.56    197.942     4.5501 2.0971e+03          1         13 0.0000e+00
   38.97782  -68.98176    14.5137   4.322639    35.6745    125.988    126.988    14.5140   4.322729    35.6748     0.0247 3.2595e-03    -0.0104   100.2615      98.56    199.659     4.5896 2.1169e+03          1         18 0.0000e+00
   38.97782  -68.98176    14.5160   4.322791    35.6739    124.938    125.929    14.5194   4.323223    35.6747     0.0428 3.2781e-03    -0.0107   100.2691      98.56    201.170     4.6243 2.1344e+03          1         27 0.0000e+00
