Data/ruptures/KN207-01/QL-1/20701017.cnv
* Sea-Bird SBE 9 Data File:
* FileName = C:\Data\ctd\20701017.hex
* Software Version Seasave V 7.21e
* Temperature SN = 4406
* Conductivity SN = 1474
* Number of Bytes Per Scan = 40
* Number of Voltage Words = 5
* Number of Scans Averaged by the Deck Unit = 1
* NMEA Latitude = 38 58.77 N
* NMEA Longitude = 068 59.46 W
* NMEA UTC (Time) = Apr 23 2012 22:08:59
** R/V Knorr Cruise # KN207-01 QL1
** Chief Scientist: Ben Van Mooy
# nquan = 21
# nvalues = 403                         
# units = specified
# name 0 = latitude: Latitude [deg]
# name 1 = longitude: Longitude [deg]
# name 2 = t090C: Temperature [ITS-90, deg C]
# name 3 = c0S/m: Conductivity [S/m]
# name 4 = sal00: Salinity, Practical [PSU]
# name 5 = depSM: Depth [salt water, m]
# name 6 = prDM: Pressure, Digiquartz [db]
# name 7 = t190C: Temperature, 2 [ITS-90, deg C]
# name 8 = c1S/m: Conductivity, 2 [S/m]
# name 9 = sal11: Salinity, Practical, 2 [PSU]
# name 10 = flECO-AFL: Fluorescence, WET Labs ECO-AFL/FL [mg/m^3]
# name 11 = par: PAR/Irradiance, Biospherical/Licor
# name 12 = bat: Beam Attenuation, Chelsea/Seatech [1/m]
# name 13 = xmiss: Beam Transmission, Chelsea/Seatech [%]
# name 14 = altM: Altimeter [m]
# name 15 = sbeox0Mm/Kg: Oxygen, SBE 43 [umol/kg]
# name 16 = sbeox0ML/L: Oxygen, SBE 43 [ml/l]
# name 17 = spar: SPAR/Surface Irradiance
# name 18 = pumps: Pump Status
# name 19 = nbin: number of scans per bin
# name 20 = flag: flag
# span 0 =   38.97689,   38.97962       
# span 1 =  -68.99138,  -68.99054       
# span 2 =    11.1368,    14.6896       
# span 3 =   3.862047,   4.355562       
# span 4 =    33.9177,    35.8292       
# span 5 =      1.307,    201.024       
# span 6 =      1.317,    202.657       
# span 7 =    11.1346,    14.6910       
# span 8 =   3.862018,   4.355886       
# span 9 =    34.0229,    35.8307       
# span 10 =     0.0035,     2.3801      
# span 11 = 1.0000e-12, 8.7907e+00      
# span 12 =    -0.0162,     0.3565      
# span 13 =    91.4737,   100.4054      
# span 14 =       1.85,      98.75      
# span 15 =    144.901,    424.672      
# span 16 =     3.3317,     9.7538      
# span 17 = 1.1372e+02, 3.4189e+02      
# span 18 =          1,          1      
# span 19 =          6,        293      
# span 20 = 0.0000e+00, 0.0000e+00      
# interval = decibars: 1                
# start_time = Apr 23 2012 22:08:59 [NMEA time, header]
# bad_flag = -9.990e-29
*END*
[from data line 345]
   38.97794  -68.99074    11.8412   3.959095    34.7265     57.561     58.008    11.8424   3.959673    34.7311     0.4031 8.6078e-03     0.0392    99.0257      98.64    246.674     5.6692 1.9313e+02          1        111 0.0000e+00
   38.97794  -68.99075    11.7419   3.945479    34.6880     56.596     57.036    11.7552   3.947598    34.6960     0.3909 9.7028e-03     0.0404    98.9965      98.64    247.006     5.6768 1.9165e+02          1         24 0.0000e+00
   38.97794  -68.99076    11.6005   3.926144    34.6341     55.567     55.998    11.6390   3.933399    34.6684     0.4091 1.0093e-02     0.0498    98.7638      98.64    247.872     5.6966 1.9088e+02          1         14 0.0000e+00
   38.97794  -68.99076    11.5299   3.916593    34.6078     54.613     55.037    11.5410   3.919898    34.6298     0.4211 1.0485e-02     0.0559    98.6121      98.64    248.721     5.7161 1.8998e+02          1         12 0.0000e+00
   38.97794  -68.99076    11.4946   3.911910    34.5955     53.606     54.022    11.4995   3.913168    34.6033     0.4681 1.0924e-02     0.0665    98.3507      98.64    249.147     5.7259 1.8942e+02          1         12 0.0000e+00
   38.97794  -68.99076    11.4747   3.909145    34.5872     52.607     53.015    11.4668   3.909488    34.5983     0.5044 1.1442e-02     0.0735    98.1801      98.64    249.566     5.7355 1.8900e+02          1         11 0.0000e+00
   38.97794  -68.99076    11.3914   3.898482    34.5620     51.595     51.995    11.3936   3.900396    34.5789     0.5261 1.2099e-02     0.0791    98.0422      98.64    250.939     5.7670 1.8924e+02          1         12 0.0000e+00
   38.97794  -68.99076    11.3402   3.892081    34.5477     50.569     50.961    11.3486   3.893936    34.5581     0.5558 1.2804e-02     0.0860    97.8742      98.64    252.970     5.8137 1.8944e+02          1         13 0.0000e+00
   38.97794  -68.99076    11.3113   3.888390    34.5385     49.558     49.942    11.3113   3.889072    34.5454     0.6391 1.3737e-02     0.0898    97.7803      98.63    254.979     5.8598 1.8975e+02          1         16 0.0000e+00
   38.97792  -68.99074    11.3191   3.889313    34.5373     48.731     49.109    11.3221   3.889768    34.5391     0.7628 1.7045e-02     0.0936    97.6878      98.64    256.806     5.9018 1.9081e+02          1         80 0.0000e+00
   38.97792  -68.99072    11.2272   3.875984    34.4909     47.648     48.017    11.2399   3.878994    34.5088     0.7884 2.3605e-02     0.0988    97.5593      98.64    257.022     5.9067 1.8737e+02          1         14 0.0000e+00
   38.97792  -68.99072    11.2025   3.872374    34.4787     46.645     47.007    11.2120   3.874048    34.4865     0.9716 2.5297e-02     0.1199    97.0466      98.64    257.123     5.9090 1.8752e+02          1         15 0.0000e+00
   38.97792  -68.99072    11.2013   3.872111    34.4771     45.640     45.993    11.2056   3.872902    34.4811     1.0682 2.6965e-02     0.1441    96.4604      98.64    257.482     5.9172 1.8752e+02          1         15 0.0000e+00
   38.97792  -68.99072    11.2010   3.871865    34.4748     44.667     45.012    11.1982   3.871719    34.4764     1.2846 2.8624e-02     0.1592    96.0988      98.64    258.555     5.9419 1.8782e+02          1         15 0.0000e+00
   38.97792  -68.99072    11.1763   3.868210    34.4623     43.705     44.043    11.1780   3.869290    34.4716     1.3843 3.0582e-02     0.1757    95.7015      98.64    260.171     5.9790 1.8790e+02          1         17 0.0000e+00
   38.97792  -68.99072    11.1368   3.862305    34.4415     42.651     42.980    11.1501   3.864813    34.4538     1.5308 3.3455e-02     0.2020    95.0763      98.64    261.365     6.0063 1.8876e+02          1         21 0.0000e+00
   38.97791  -68.99073    11.1369   3.862047    34.4383     41.610     41.932    11.1346   3.862018    34.4404     1.8509 3.8126e-02     0.2289    94.4390      98.64    261.765     6.0155 1.8763e+02          1         35 0.0000e+00
   38.97789  -68.99073    11.1761   3.863590    34.4142     40.845     41.161    11.1726   3.863490    34.4166     2.1442 4.5524e-02     0.2514    93.9106      98.64    267.926     6.1569 1.8560e+02          1        107 0.0000e+00
   38.97788  -68.99072    11.2559   3.868422    34.3848     39.694     40.001    11.2535   3.868343    34.3863     2.1394 4.8924e-02     0.2767    93.3177      98.64    273.182     6.2775 1.8350e+02          1        192 0.0000e+00
   38.97783  -68.99071    11.3147   3.871363    34.3589     38.859     39.159    11.3127   3.871336    34.3605     2.2240 5.3202e-02     0.2871    93.0732      98.64    275.110     6.3216 1.7750e+02          1         99 0.0000e+00
   38.97781  -68.99069    11.3907   3.875133    34.3253     37.811     38.103    11.3918   3.875162    34.3245     2.2874 6.3825e-02     0.2973    92.8374      98.65    275.600     6.3326 1.7383e+02          1         86 0.0000e+00
   38.97780  -68.99068    11.4266   3.876482    34.3052     36.724     37.007    11.4174   3.875956    34.3089     1.9884 6.4099e-02     0.2972    92.8401      98.65    274.995     6.3186 1.6911e+02          1         16 0.0000e+00
   38.97780  -68.99068    11.4562   3.877825    34.2910     35.697     35.973    11.4707   3.878274    34.2816     2.0629 7.1078e-02     0.2975    92.8330      98.65    275.923     6.3398 1.6830e+02          1         20 0.0000e+00
   38.97778  -68.99066    11.4936   3.879868    34.2768     34.970     35.240    11.4957   3.879985    34.2759     2.1543 8.0536e-02     0.3006    92.7602      98.65    276.802     6.3599 1.6697e+02          1         96 0.0000e+00
   38.97770  -68.99062    11.6405   3.888304    34.2214     33.747     34.007    11.6030   3.885692    34.2313     2.0284 9.3769e-02     0.3021    92.7254      98.66    275.432     6.3280 1.6272e+02          1         18 0.0000e+00
   38.97770  -68.99062    11.6899   3.891535    34.2071     32.759     33.011    11.6585   3.888824    34.2102     1.9557 9.8655e-02     0.3002    92.7710      98.66    275.923     6.3392 1.6245e+02          1         17 0.0000e+00
   38.97766  -68.99064    11.7481   3.895120    34.1884     31.750     31.995    11.7315   3.893719    34.1901     1.9336 1.0633e-01     0.3006    92.7618      98.66    276.621     6.3550 1.6293e+02          1         24 0.0000e+00
   38.97766  -68.99064    11.7455   3.895095    34.1929     30.950     31.189    11.7425   3.895051    34.1952     1.9691 1.3906e-01     0.3021    92.7263      92.73    277.404     6.3730 1.6442e+02          1         69 0.0000e+00
   38.97768  -68.99062    11.9113   3.906987    34.1554     29.771     30.001    11.8982   3.905713    34.1551     1.7837 1.5666e-01     0.3032    92.7005      98.65    276.683     6.3561 1.6083e+02          1         10 0.0000e+00
   38.97768  -68.99062    11.9086   3.906866    34.1576     28.761     28.982    11.9217   3.907389    34.1501     1.7895 1.6595e-01     0.3045    92.6697      98.66    276.946     6.3621 1.6135e+02          1          9 0.0000e+00
   38.97767  -68.99062    11.9688   3.911897    34.1507     27.760     27.974    11.9588   3.910513    34.1463     1.8156 1.7674e-01     0.3058    92.6403      98.66    277.021     6.3638 1.6236e+02          1         14 0.0000e+00
   38.97766  -68.99062    11.9883   3.913954    34.1554     26.754     26.960    12.0059   3.915243    34.1513     1.8398 2.2756e-01     0.3085    92.5786      98.66    276.083     6.3422 1.6420e+02          1        105 0.0000e+00
   38.97766  -68.99062    12.1935   3.932587    34.1483     25.777     25.976    12.1655   3.929024    34.1402     1.7276 2.8406e-01     0.3081    92.5857      98.66    274.169     6.2980 1.6284e+02          1         15 0.0000e+00
   38.97766  -68.99062    12.2875   3.940979    34.1422     24.790     24.980    12.2641   3.937466    34.1303     1.7207 3.1344e-01     0.3082    92.5840      98.65    273.557     6.2838 1.6210e+02          1         18 0.0000e+00
   38.97766  -68.99062    12.3470   3.945859    34.1351     23.764     23.947    12.3288   3.944187    34.1360     1.7240 3.3963e-01     0.3104    92.5333      98.66    274.063     6.2953 1.6130e+02          1         26 0.0000e+00
   38.97766  -68.99062    12.4461   3.953766    34.1228     22.888     23.063    12.4324   3.952467    34.1229     1.7035 3.6046e-01     0.3108    92.5254      98.65    273.068     6.2723 1.6134e+02          1        101 0.0000e+00
   38.97764  -68.99061    12.5228   3.959204    34.1102     21.788     21.955    12.5174   3.958794    34.1112     1.6423 3.9659e-01     0.3133    92.4675      98.66    272.103     6.2499 1.5961e+02          1        150 0.0000e+00
   38.97761  -68.99060    12.5727   3.962007    34.0934     20.958     21.119    12.5664   3.961635    34.0957     1.6325 4.0451e-01     0.3153    92.4205      98.66    271.717     6.2410 1.5431e+02          1         96 0.0000e+00
   38.97758  -68.99060    12.6073   3.963461    34.0767     20.085     20.239    12.6086   3.963558    34.0765     1.5958 4.4456e-01     0.3203    92.3063      98.66    271.476     6.2353 1.4899e+02          1         44 0.0000e+00
   38.97758  -68.99060    12.6363   3.964315    34.0596     18.851     18.996    12.6365   3.964322    34.0595     1.6039 5.0489e-01     0.3240    92.2186      98.66    270.636     6.2159 1.4538e+02          1        126 0.0000e+00
   38.97751  -68.99058    12.6291   3.964053    34.0649     18.017     18.155    12.6290   3.964094    34.0654     1.5822 4.7852e-01     0.3257    92.1795      95.64    270.653     6.2163 1.2825e+02          1        145 0.0000e+00
   38.97744  -68.99058    12.6247   3.963897    34.0681     16.834     16.963    12.6236   3.963923    34.0693     1.5690 4.7995e-01     0.3235    92.2295      98.75    269.443     6.1885 1.1864e+02          1         32 0.0000e+00
   38.97743  -68.99058    12.6282   3.963851    34.0647     16.099     16.222    12.6252   3.963894    34.0679     1.5902 5.3907e-01     0.3237    92.2257      98.66    270.616     6.2154 1.1784e+02          1         70 0.0000e+00
   38.97742  -68.99058    12.6212   3.963638    34.0698     14.793     14.906    12.6208   3.963698    34.0707     1.5404 6.1207e-01     0.3216    92.2737      98.67    270.639     6.2160 1.1653e+02          1         37 0.0000e+00
   38.97741  -68.99057    12.6239   3.963703    34.0682     14.041     14.148    12.6248   3.963753    34.0677     1.5881 6.8608e-01     0.3214    92.2788      98.66    271.205     6.2290 1.1586e+02          1        141 0.0000e+00
   38.97738  -68.99058    12.6293   3.963752    34.0639     13.147     13.248    12.6293   3.963775    34.0642     1.5797 7.3608e-01     0.3215    92.2778      98.67    271.152     6.2278 1.1499e+02          1        151 0.0000e+00
   38.97737  -68.99056    12.6291   3.963611    34.0633     12.082     12.174    12.6289   3.963607    34.0634     1.5406 9.0478e-01     0.3226    92.2503      20.23    270.635     6.2159 1.1372e+02          1         57 0.0000e+00
   38.97724  -68.99056    12.6306   3.963393    34.0604     10.972     11.056    12.6305   3.963430    34.0609     1.5683 1.2348e+00     0.3248    92.2005       6.01    270.924     6.2225 1.2099e+02          1        197 0.0000e+00
   38.97720  -68.99056    12.6310   3.963346    34.0600      9.939     10.016    12.6308   3.963362    34.0603     1.5626 1.3922e+00     0.3258    92.1780       6.24    270.886     6.2216 1.2503e+02          1         63 0.0000e+00
   38.97720  -68.99057    12.6308   3.963290    34.0600      9.132      9.201    12.6310   3.963343    34.0603     1.5694 1.6185e+00     0.3245    92.2076       6.14    270.991     6.2240 1.2497e+02          1         46 0.0000e+00
   38.97720  -68.99058    12.6299   3.963079    34.0593      7.950      8.011    12.6303   3.963152    34.0596     1.5242 1.8262e+00     0.3264    92.1657       6.76    271.125     6.2271 1.2482e+02          1         23 0.0000e+00
   38.97717  -68.99058    12.6276   3.962617    34.0574      6.955      7.008    12.6286   3.962798    34.0582     1.5316 2.1769e+00     0.3273    92.1436       7.36    270.936     6.2228 1.2675e+02          1         94 0.0000e+00
   38.97707  -68.99057    12.6286   3.962490    34.0557      6.031      6.078    12.6285   3.962561    34.0564     1.5238 2.2554e+00     0.3531    91.5556       4.39    270.968     6.2235 1.2757e+02          1        232 0.0000e+00
   38.97697  -68.99055    12.6300   3.962613    34.0560      4.924      4.962    12.6297   3.962616    34.0563     1.5319 3.3082e+00     0.3529    91.5560       2.30    270.937     6.2228 1.2758e+02          1        191 0.0000e+00
   38.97696  -68.99054    12.6313   3.962771    34.0568      3.940      3.970    12.6313   3.962773    34.0568     1.5115 3.6715e+00     0.3565    91.4737       1.91    270.671     6.2167 1.2731e+02          1         57 0.0000e+00
   38.97692  -68.99056    12.6317   3.962896    34.0580      2.989      3.012    12.6317   3.962873    34.0578     1.5500 4.5134e+00     0.3349    91.9691       2.02    271.188     6.2286 1.2725e+02          1         43 0.0000e+00
   38.97691  -68.99055    12.6320   3.962921    34.0583      2.171      2.188    12.6321   3.963006    34.0590     1.5349 5.0070e+00     0.3362    91.9388       1.89    271.060     6.2256 1.2722e+02          1         32 0.0000e+00
   38.97689  -68.99055    12.6318   3.962833    34.0581      1.307      1.317    12.6318   3.962975    34.0594     1.5150 8.7907e+00     0.3365    91.9315       1.85    270.776     6.2191 1.2706e+02          1         25 0.0000e+00
