Data/ruptures/KN207-01/QL-1/20701011.cnv
* Sea-Bird SBE 9 Data File:
* FileName = C:\Data\ctd\20701011.hex
* Software Version Seasave V 7.21e
* Temperature SN = 4406
* Conductivity SN = 1474
* Number of Bytes Per Scan = 40
* Number of Voltage Words = 5
* Number of Scans Averaged by the Deck Unit = 1
* NMEA Latitude = 39 00.12 N
* NMEA Longitude = 069 00.18 W
* NMEA UTC (Time) = Apr 23 2012 04:39:07
** R/V Knorr Cruise # KN207-01 QL1
** Chief Scientist: Ben Van Mooy
# nquan = 21
# nvalues = 3190                        
# units = specified
# name 0 = latitude: Latitude [deg]
# name 1 = longitude: Longitude [deg]
# name 2 = t090C: Temperature [ITS-90, deg C]
# name 3 = c0S/m: Conductivity [S/m]
# name 4 = sal00: Salinity, Practical [PSU]
# name 5 = depSM: Depth [salt water, m]
# name 6 = prDM: Pressure, Digiquartz [db]
# name 7 = t190C: Temperature, 2 [ITS-90, deg C]
# name 8 = c1S/m: Conductivity, 2 [S/m]
# name 9 = sal11: Salinity, Practical, 2 [PSU]
# name 10 = flECO-AFL: Fluorescence, WET Labs ECO-AFL/FL [mg/m^3]
# name 11 = par: PAR/Irradiance, Biospherical/Licor
# name 12 = bat: Beam Attenuation, Chelsea/Seatech [1/m]
# name 13 = xmiss: Beam Transmission, Chelsea/Seatech [%]
# name 14 = altM: Altimeter [m]
# name 15 = sbeox0Mm/Kg: Oxygen, SBE 43 [umol/kg]
# name 16 = sbeox0ML/L: Oxygen, SBE 43 [ml/l]
# name 17 = spar: SPAR/Surface Irradiance
# name 18 = pumps: Pump Status
# name 19 = nbin: number of scans per bin
# name 20 = flag: flag
# span 0 =   39.00202,   39.00414       
# span 1 =  -69.00316,  -69.00106       
# span 2 =     3.7524,    14.7596       
# span 3 =   3.299319,   4.361426       
# span 4 =    33.5262,    35.8111       
# span 5 =      3.441,   1579.543       
# span 6 =      3.467,   1597.692       
# span 7 =     3.7520,    14.7595       
# span 8 =   3.299314,   4.361536       
# span 9 =    33.9446,    35.8267       
# span 10 =    -0.0117,     2.7397      
# span 11 = 1.0000e-12, 1.0000e-12      
# span 12 =    -0.0324,     0.3286      
# span 13 =    92.1138,   100.8124      
# span 14 =       1.42,      98.86      
# span 15 =    131.144,    472.474      
# span 16 =     3.0162,    10.8518      
# span 17 = 1.3105e+01, 1.5615e+01      
# span 18 =          1,          1      
# span 19 =          6,        814      
# span 20 = 0.0000e+00, 0.0000e+00      
# interval = decibars: 1                
# start_time = Apr 23 2012 04:39:07 [NMEA time, header]
# bad_flag = -9.990e-29
*END*
[from data line 1725]
   39.00344  -69.00226     3.8897   3.306696    34.9593   1450.797   1467.013     3.8896   3.306662    34.9590     0.0094 1.0000e-12    -0.0304   100.7619      98.61    248.844     5.7267 1.5169e+01          1         10 0.0000e+00
   39.00344  -69.00226     3.8901   3.306683    34.9592   1449.823   1466.025     3.8902   3.306651    34.9586     0.0279 1.0000e-12    -0.0304   100.7613      98.61    248.855     5.7270 1.4623e+01          1          9 0.0000e+00
   39.00344  -69.00226     3.8916   3.306775    34.9591   1448.833   1465.021     3.8927   3.306815    34.9585     0.0263 1.0000e-12    -0.0306   100.7670      98.60    249.063     5.7318 1.4871e+01          1          9 0.0000e+00
   39.00344  -69.00226     3.8930   3.306854    34.9590   1447.822   1463.995     3.8929   3.306825    34.9588     0.0304 1.0000e-12    -0.0303   100.7613      98.61    249.004     5.7304 1.4623e+01          1          9 0.0000e+00
   39.00344  -69.00226     3.8930   3.306813    34.9591   1446.824   1462.982     3.8933   3.306832    34.9590     0.0336 1.0000e-12    -0.0295   100.7413      98.60    249.184     5.7345 1.5119e+01          1          9 0.0000e+00
   39.00344  -69.00226     3.8933   3.306783    34.9590   1445.825   1461.969     3.8930   3.306763    34.9591     0.0343 1.0000e-12    -0.0295   100.7413      98.61    249.175     5.7344 1.4946e+01          1         10 0.0000e+00
   39.00344  -69.00226     3.8938   3.306776    34.9588   1444.818   1460.947     3.8930   3.306711    34.9590     0.0048 1.0000e-12    -0.0299   100.7506      98.61    249.191     5.7347 1.4601e+01          1         11 0.0000e+00
   39.00344  -69.00228     3.8944   3.306786    34.9589   1443.828   1459.942     3.8940   3.306753    34.9588     0.0064 1.0000e-12    -0.0295   100.7413      98.61    249.316     5.7376 1.4723e+01          1         15 0.0000e+00
   39.00345  -69.00229     3.8947   3.306793    34.9590   1443.151   1459.255     3.8939   3.306714    34.9589     0.0222 1.0000e-12    -0.0297   100.7464      98.60    249.349     5.7384 1.4914e+01          1         35 0.0000e+00
   39.00348  -69.00228     3.8940   3.306659    34.9588   1441.909   1457.995     3.8940   3.306648    34.9587     0.0214 1.0000e-12    -0.0305   100.7641      98.59    248.883     5.7276 1.4623e+01          1          9 0.0000e+00
   39.00348  -69.00228     3.8941   3.306636    34.9590   1440.926   1456.997     3.8942   3.306627    34.9588     0.0190 1.0000e-12    -0.0299   100.7499      98.60    248.781     5.7253 1.5119e+01          1          9 0.0000e+00
   39.00348  -69.00228     3.8942   3.306573    34.9586   1439.923   1455.979     3.8941   3.306568    34.9586     0.0160 1.0000e-12    -0.0295   100.7413      98.60    248.708     5.7236 1.5169e+01          1         10 0.0000e+00
   39.00348  -69.00228     3.8944   3.306513    34.9582   1438.901   1454.943     3.8943   3.306503    34.9583     0.0050 1.0000e-12    -0.0294   100.7387      98.60    248.852     5.7269 1.4500e+01          1         10 0.0000e+00
   39.00348  -69.00228     3.8942   3.306449    34.9581   1437.942   1453.970     3.8942   3.306438    34.9581     0.0048 1.0000e-12    -0.0294   100.7390      98.58    249.047     5.7314 1.3992e+01          1         11 0.0000e+00
   39.00348  -69.00228     3.8940   3.306351    34.9578   1436.984   1452.998     3.8937   3.306322    34.9577     0.0176 1.0000e-12    -0.0296   100.7433      98.59    249.351     5.7384 1.4585e+01          1         13 0.0000e+00
   39.00348  -69.00228     3.8942   3.306329    34.9578   1435.922   1451.921     3.8939   3.306299    34.9578     0.0159 1.0000e-12    -0.0294   100.7379      98.61    249.510     5.7421 1.4548e+01          1         23 0.0000e+00
   39.00346  -69.00232     3.8944   3.306317    34.9578   1435.202   1451.190     3.8943   3.306302    34.9578     0.0197 1.0000e-12    -0.0296   100.7441      98.61    249.604     5.7442 1.4735e+01          1        109 0.0000e+00
   39.00346  -69.00231     3.8945   3.306270    34.9578   1434.073   1450.044     3.8944   3.306267    34.9578     0.0271 1.0000e-12    -0.0294   100.7399      98.61    249.678     5.7459 1.4871e+01          1         18 0.0000e+00
   39.00348  -69.00226     3.8944   3.306232    34.9580   1433.032   1448.988     3.8943   3.306202    34.9576     0.0284 1.0000e-12    -0.0297   100.7447      98.61    249.314     5.7375 1.4723e+01          1         15 0.0000e+00
   39.00348  -69.00226     3.8963   3.306319    34.9575   1432.016   1447.958     3.8958   3.306251    34.9572     0.0279 1.0000e-12    -0.0297   100.7464      98.61    249.239     5.7358 1.4574e+01          1         15 0.0000e+00
   39.00348  -69.00226     3.8978   3.306436    34.9577   1431.020   1446.948     3.8980   3.306424    34.9573     0.0196 1.0000e-12    -0.0297   100.7450      98.60    249.445     5.7406 1.4978e+01          1         21 0.0000e+00
   39.00348  -69.00226     3.8988   3.306493    34.9577   1430.116   1446.029     3.8994   3.306536    34.9575     0.0205 1.0000e-12    -0.0299   100.7496      98.61    249.791     5.7485 1.4434e+01          1         34 0.0000e+00
   39.00348  -69.00226     3.8997   3.306511    34.9574   1429.151   1445.051     3.8994   3.306487    34.9575     0.0572 1.0000e-12    -0.0299   100.7513      98.60    249.905     5.7512 1.4500e+01          1         18 0.0000e+00
   39.00348  -69.00226     3.9000   3.306531    34.9579   1428.166   1444.051     3.9008   3.306540    34.9571     0.0294 1.0000e-12    -0.0305   100.7653      98.61    249.693     5.7462 1.4723e+01          1         15 0.0000e+00
   39.00348  -69.00232     3.9042   3.306861    34.9578   1427.141   1443.011     3.9052   3.306895    34.9571     0.0260 1.0000e-12    -0.0301   100.7541      98.61    249.517     5.7422 1.4360e+01          1         16 0.0000e+00
   39.00348  -69.00232     3.9068   3.307054    34.9577   1426.080   1441.934     3.9060   3.306990    34.9578     0.0185 1.0000e-12    -0.0299   100.7506      98.60    249.730     5.7471 1.4601e+01          1         22 0.0000e+00
   39.00348  -69.00232     3.9070   3.307052    34.9581   1425.189   1441.031     3.9065   3.306989    34.9579     0.0111 1.0000e-12    -0.0299   100.7516      98.61    249.869     5.7503 1.4723e+01          1         50 0.0000e+00
   39.00348  -69.00232     3.9073   3.307020    34.9579   1424.166   1439.993     3.9070   3.306989    34.9578     0.0270 1.0000e-12    -0.0301   100.7560      98.60    249.764     5.7479 1.4739e+01          1         28 0.0000e+00
   39.00348  -69.00228     3.9076   3.307013    34.9580   1423.222   1439.035     3.9075   3.306997    34.9579     0.0270 1.0000e-12    -0.0303   100.7596      98.60    249.464     5.7410 1.4671e+01          1         52 0.0000e+00
   39.00348  -69.00228     3.9085   3.307041    34.9579   1422.293   1438.093     3.9083   3.307008    34.9576     0.0233 1.0000e-12    -0.0298   100.7489      98.61    249.789     5.7485 1.4696e+01          1         17 0.0000e+00
   39.00348  -69.00228     3.9097   3.307113    34.9579   1421.282   1437.067     3.9098   3.307069    34.9573     0.0424 1.0000e-12    -0.0304   100.7630      98.60    249.655     5.7454 1.4585e+01          1         13 0.0000e+00
   39.00348  -69.00228     3.9118   3.307266    34.9580   1420.223   1435.992     3.9119   3.307248    34.9576     0.0242 1.0000e-12    -0.0302   100.7584      98.61    249.457     5.7408 1.4685e+01          1         12 0.0000e+00
   39.00348  -69.00228     3.9127   3.307313    34.9581   1419.211   1434.966     3.9129   3.307292    34.9576     0.0130 1.0000e-12    -0.0299   100.7516      98.61    248.959     5.7294 1.4276e+01          1         10 0.0000e+00
   39.00348  -69.00228     3.9134   3.307329    34.9581   1418.247   1433.988     3.9143   3.307362    34.9574     0.0135 1.0000e-12    -0.0300   100.7530      98.61    249.226     5.7355 1.5007e+01          1         11 0.0000e+00
   39.00349  -69.00230     3.9162   3.307544    34.9580   1417.250   1432.976     3.9154   3.307452    34.9578     0.0131 1.0000e-12    -0.0295   100.7413      98.61    249.052     5.7315 1.4070e+01          1         13 0.0000e+00
   39.00350  -69.00232     3.9157   3.307475    34.9583   1416.150   1431.860     3.9153   3.307429    34.9583     0.0187 1.0000e-12    -0.0295   100.7401      98.61    249.587     5.7438 1.4579e+01          1         84 0.0000e+00
   39.00350  -69.00232     3.9156   3.307400    34.9581   1415.297   1430.995     3.9152   3.307343    34.9579     0.0046 1.0000e-12    -0.0299   100.7516      98.60    249.797     5.7487 1.4500e+01          1         20 0.0000e+00
   39.00350  -69.00231     3.9171   3.307506    34.9583   1414.317   1430.000     3.9165   3.307441    34.9581     0.0122 1.0000e-12    -0.0297   100.7450      98.60    249.515     5.7422 1.4340e+01          1         21 0.0000e+00
   39.00350  -69.00230     3.9179   3.307549    34.9583   1413.340   1429.009     3.9178   3.307500    34.9579     0.0260 1.0000e-12    -0.0293   100.7356      98.61    249.210     5.7351 1.4871e+01          1         27 0.0000e+00
   39.00350  -69.00230     3.9199   3.307675    34.9583   1412.329   1427.984     3.9199   3.307653    34.9580     0.0419 1.0000e-12    -0.0292   100.7340      98.61    249.585     5.7438 1.4659e+01          1         21 0.0000e+00
   39.00350  -69.00230     3.9198   3.307634    34.9583   1411.366   1427.007     3.9201   3.307642    34.9581     0.0365 1.0000e-12    -0.0300   100.7527      98.60    249.310     5.7374 1.4252e+01          1         18 0.0000e+00
   39.00350  -69.00230     3.9209   3.307688    34.9584   1410.381   1426.008     3.9215   3.307727    34.9581     0.0320 1.0000e-12    -0.0302   100.7570      98.61    249.465     5.7410 1.4376e+01          1         18 0.0000e+00
   39.00350  -69.00230     3.9221   3.307745    34.9583   1409.344   1424.955     3.9221   3.307746    34.9582     0.0259 1.0000e-12    -0.0296   100.7427      98.60    249.499     5.7418 1.4623e+01          1         18 0.0000e+00
   39.00351  -69.00231     3.9227   3.307784    34.9585   1408.403   1424.000     3.9224   3.307764    34.9586     0.0044 1.0000e-12    -0.0296   100.7429      98.60    249.464     5.7410 1.4081e+01          1         16 0.0000e+00
   39.00352  -69.00232     3.9231   3.307791    34.9587   1407.416   1423.000     3.9235   3.307794    34.9583     0.0026 1.0000e-12    -0.0299   100.7506      98.60    249.303     5.7373 1.4633e+01          1         25 0.0000e+00
   39.00352  -69.00232     3.9244   3.307883    34.9589   1406.465   1422.034     3.9254   3.307939    34.9585     0.0024 1.0000e-12    -0.0303   100.7594      98.61    249.330     5.7379 1.4623e+01          1         27 0.0000e+00
   39.00352  -69.00232     3.9252   3.307902    34.9588   1405.429   1420.984     3.9255   3.307927    34.9588     0.0296 1.0000e-12    -0.0297   100.7461      98.60    249.992     5.7531 1.4918e+01          1         32 0.0000e+00
   39.00352  -69.00232     3.9264   3.307977    34.9590   1404.459   1420.000     3.9264   3.307957    34.9587     0.0224 1.0000e-12    -0.0298   100.7482      98.60    249.456     5.7408 1.4628e+01          1         52 0.0000e+00
   39.00352  -69.00232     3.9266   3.307933    34.9587   1403.536   1419.063     3.9270   3.307962    34.9586     0.0086 1.0000e-12    -0.0298   100.7492      98.61    249.554     5.7431 1.4500e+01          1         26 0.0000e+00
   39.00352  -69.00232     3.9270   3.307948    34.9590   1402.497   1418.010     3.9275   3.307966    34.9586     0.0164 1.0000e-12    -0.0303   100.7594      98.61    249.242     5.7359 1.4171e+01          1         17 0.0000e+00
   39.00352  -69.00232     3.9277   3.307944    34.9587   1401.509   1417.007     3.9277   3.307960    34.9589     0.0338 1.0000e-12    -0.0293   100.7362      98.61    249.513     5.7421 1.3830e+01          1         15 0.0000e+00
   39.00352  -69.00232     3.9272   3.307838    34.9585   1400.534   1416.017     3.9270   3.307822    34.9585     0.0113 1.0000e-12    -0.0296   100.7430      98.61    249.696     5.7463 1.4574e+01          1         15 0.0000e+00
   39.00352  -69.00232     3.9272   3.307803    34.9586   1399.535   1415.004     3.9270   3.307779    34.9586     0.0104 1.0000e-12    -0.0295   100.7413      98.60    249.350     5.7384 1.4696e+01          1         17 0.0000e+00
   39.00352  -69.00234     3.9277   3.307807    34.9586   1398.517   1413.971     3.9291   3.307915    34.9584     0.0217 1.0000e-12    -0.0295   100.7423      98.61    249.211     5.7352 1.4455e+01          1         25 0.0000e+00
   39.00352  -69.00234     3.9288   3.307875    34.9587   1397.659   1413.101     3.9299   3.307954    34.9585     0.0346 1.0000e-12    -0.0298   100.7483      98.61    249.180     5.7344 1.4601e+01          1         33 0.0000e+00
   39.00352  -69.00234     3.9297   3.307898    34.9585   1396.636   1412.064     3.9306   3.307967    34.9583     0.0278 1.0000e-12    -0.0300   100.7535      98.60    249.255     5.7362 1.4558e+01          1         19 0.0000e+00
   39.00352  -69.00234     3.9320   3.308070    34.9586   1395.553   1410.964     3.9321   3.308028    34.9581     0.0104 1.0000e-12    -0.0300   100.7525      98.60    249.332     5.7380 1.4221e+01          1         16 0.0000e+00
   39.00352  -69.00234     3.9343   3.308238    34.9586   1394.575   1409.973     3.9345   3.308251    34.9585     0.0054 1.0000e-12    -0.0297   100.7467      98.60    249.495     5.7417 1.4089e+01          1         19 0.0000e+00
   39.00354  -69.00234     3.9344   3.308233    34.9589   1393.820   1409.207     3.9339   3.308191    34.9589     0.0245 1.0000e-12    -0.0295   100.7420      98.60    249.712     5.7467 1.4623e+01          1         72 0.0000e+00
   39.00354  -69.00234     3.9348   3.308208    34.9588   1392.608   1407.978     3.9346   3.308174    34.9586     0.0281 1.0000e-12    -0.0297   100.7468      98.60    249.470     5.7411 1.4978e+01          1         14 0.0000e+00
   39.00354  -69.00234     3.9367   3.308364    34.9591   1391.602   1406.957     3.9365   3.308263    34.9581     0.0265 1.0000e-12    -0.0300   100.7541      98.60    249.569     5.7434 1.4500e+01          1         14 0.0000e+00
   39.00354  -69.00234     3.9405   3.308676    34.9592   1390.620   1405.960     3.9415   3.308722    34.9586     0.0273 1.0000e-12    -0.0296   100.7434      98.61    249.216     5.7353 1.4500e+01          1         12 0.0000e+00
   39.00354  -69.00234     3.9429   3.308893    34.9596   1389.664   1404.991     3.9431   3.308865    34.9590     0.0286 1.0000e-12    -0.0297   100.7468      98.61    249.449     5.7406 1.5137e+01          1         14 0.0000e+00
   39.00354  -69.00234     3.9438   3.308939    34.9597   1388.667   1403.980     3.9448   3.308971    34.9590     0.0328 1.0000e-12    -0.0296   100.7447      98.61    249.495     5.7417 1.4425e+01          1         15 0.0000e+00
   39.00354  -69.00234     3.9452   3.309033    34.9598   1387.670   1402.969     3.9452   3.309043    34.9600     0.0124 1.0000e-12    -0.0296   100.7440      98.61    249.512     5.7421 1.4676e+01          1         19 0.0000e+00
   39.00354  -69.00234     3.9469   3.309162    34.9601   1386.599   1401.882     3.9476   3.309210    34.9599     0.0163 1.0000e-12    -0.0298   100.7474      98.60    249.641     5.7450 1.4606e+01          1         42 0.0000e+00
   39.00354  -69.00234     3.9489   3.309306    34.9601   1385.859   1401.131     3.9502   3.309440    34.9603     0.0281 1.0000e-12    -0.0298   100.7473      98.60    249.299     5.7372 1.4808e+01          1         47 0.0000e+00
   39.00356  -69.00236     3.9497   3.309332    34.9601   1384.764   1400.020     3.9505   3.309370    34.9597     0.0249 1.0000e-12    -0.0300   100.7541      98.61    249.260     5.7363 1.4778e+01          1         24 0.0000e+00
