Data/ruptures/KN207-01/QL-1/20701034.cnv
* Sea-Bird SBE 9 Data File:
* FileName = C:\Data\ctd\20701034.hex
* Software Version Seasave V 7.21e
* Temperature SN = 4406
* Conductivity SN = 1474
* Number of Bytes Per Scan = 40
* Number of Voltage Words = 5
* Number of Scans Averaged by the Deck Unit = 1
* NMEA Latitude = 38 52.53 N
* NMEA Longitude = 069 06.53 W
* NMEA UTC (Time) = Apr 25 2012 22:02:17
** R/V Knorr Cruise # KN207-01 QL1
** Chief Scientist: Ben Van Mooy
# nquan = 21
# nvalues = 395                         
# units = specified
# name 0 = latitude: Latitude [deg]
# name 1 = longitude: Longitude [deg]
# name 2 = t090C: Temperature [ITS-90, deg C]
# name 3 = c0S/m: Conductivity [S/m]
# name 4 = sal00: Salinity, Practical [PSU]
# name 5 = depSM: Depth [salt water, m]
# name 6 = prDM: Pressure, Digiquartz [db]
# name 7 = t190C: Temperature, 2 [ITS-90, deg C]
# name 8 = c1S/m: Conductivity, 2 [S/m]
# name 9 = sal11: Salinity, Practical, 2 [PSU]
# name 10 = flECO-AFL: Fluorescence, WET Labs ECO-AFL/FL [mg/m^3]
# name 11 = par: PAR/Irradiance, Biospherical/Licor
# name 12 = bat: Beam Attenuation, Chelsea/Seatech [1/m]
# name 13 = xmiss: Beam Transmission, Chelsea/Seatech [%]
# name 14 = altM: Altimeter [m]
# name 15 = sbeox0Mm/Kg: Oxygen, SBE 43 [umol/kg]
# name 16 = sbeox0ML/L: Oxygen, SBE 43 [ml/l]
# name 17 = spar: SPAR/Surface Irradiance
# name 18 = pumps: Pump Status
# name 19 = nbin: number of scans per bin
# name 20 = flag: flag
# span 0 =   38.87570,   38.87790       
# span 1 =  -69.10892,  -69.10877       
# span 2 =    10.8161,    14.6598       
# span 3 =   3.821876,   4.347023       
# span 4 =    32.6308,    35.8053       
# span 5 =      2.171,    198.108       
# span 6 =      2.187,    199.714       
# span 7 =    10.8151,    14.6594       
# span 8 =   3.822019,   4.347107       
# span 9 =    33.3618,    35.8112       
# span 10 =     0.0029,     3.1524      
# span 11 = 1.0000e-12, 7.0086e+00      
# span 12 =    -0.0129,     0.3558      
# span 13 =    91.4881,   100.3218      
# span 14 =       6.34,      98.62      
# span 15 =    143.804,    458.558      
# span 16 =     3.3064,    10.5314      
# span 17 = 1.3267e+03, 1.6189e+03      
# span 18 =          1,          1      
# span 19 =         12,        949      
# span 20 = 0.0000e+00, 0.0000e+00      
# interval = decibars: 1                
# start_time = Apr 25 2012 22:02:17 [NMEA time, header]
# bad_flag = -9.990e-29
*END*
[from data line 69]
   38.87610  -69.10888    13.6568   4.200683    35.3439     72.418     72.983    13.6592   4.199953    35.3349     0.0746 1.0000e-12     0.0047    99.8816      98.53    226.908     5.2156 1.5450e+03          1         27 0.0000e+00
   38.87610  -69.10888    13.6945   4.206145    35.3608     73.660     74.235    13.7035   4.206930    35.3598     0.0637 1.0000e-12     0.0022    99.9457      98.53    226.868     5.2147 1.5690e+03          1        104 0.0000e+00
   38.87610  -69.10886    13.7427   4.212647    35.3776     74.330     74.910    13.7495   4.213038    35.3750     0.0885 1.0000e-12     0.0030    99.9266      98.52    226.937     5.2163 1.5772e+03          1         43 0.0000e+00
   38.87610  -69.10886    13.7965   4.220166    35.3974     75.430     76.018    13.7962   4.219645    35.3930     0.0730 2.3598e-04     0.0752    98.1420      98.53    227.116     5.2204 1.5642e+03          1         25 0.0000e+00
   38.87610  -69.10886    13.8173   4.223043    35.4048     76.400     76.996    13.8167   4.222837    35.4036     0.0566 9.3774e-03     0.1403    96.5534      98.53    226.966     5.2170 1.5491e+03          1         24 0.0000e+00
   38.87611  -69.10887    13.8152   4.222811    35.4054     77.508     78.114    13.8179   4.223112    35.4058     0.0725 8.6469e-03     0.0528    98.6963      79.64    227.305     5.2248 1.5541e+03          1         79 0.0000e+00
   38.87612  -69.10888    13.8331   4.225257    35.4120     78.327     78.939    13.8324   4.225054    35.4109     0.0728 1.1425e-03     0.0011    99.9735      98.53    227.317     5.2251 1.5705e+03          1         39 0.0000e+00
   38.87612  -69.10887    13.8430   4.226636    35.4156     79.424     80.045    13.8435   4.226615    35.4150     0.0495 1.0000e-12     0.0081    99.7988      98.53    227.835     5.2370 1.5676e+03          1         36 0.0000e+00
   38.87612  -69.10886    13.8485   4.227383    35.4177     80.352     80.980    13.8488   4.227472    35.4182     0.0778 1.0000e-12     0.0018    99.9555      98.53    227.091     5.2199 1.5570e+03          1         65 0.0000e+00
   38.87612  -69.10886    13.8590   4.228840    35.4215     81.352     81.989    13.8598   4.228868    35.4209     0.0633 1.0000e-12     0.0008    99.9803      98.53    227.054     5.2190 1.5641e+03          1         38 0.0000e+00
   38.87614  -69.10886    13.8670   4.229931    35.4240     82.366     83.010    13.8669   4.229951    35.4243     0.0475 1.0000e-12     0.0104    99.7406      98.53    227.106     5.2202 1.5699e+03          1         42 0.0000e+00
   38.87614  -69.10886    13.8924   4.233405    35.4324     83.327     83.979    13.8913   4.233018    35.4298     0.0575 1.0000e-12     0.0134    99.6662      98.53    227.023     5.2183 1.5531e+03          1         46 0.0000e+00
   38.87615  -69.10886    13.9184   4.237002    35.4415     84.419     85.080    13.9160   4.236716    35.4411     0.0588 1.0000e-12     0.0028    99.9314      98.53    226.598     5.2086 1.5594e+03          1         61 0.0000e+00
   38.87616  -69.10886    13.9244   4.237848    35.4439     85.278     85.945    13.9236   4.237797    35.4442     0.0665 1.0000e-12    -0.0007   100.0178      98.53    227.140     5.2210 1.5617e+03          1         54 0.0000e+00
   38.87616  -69.10886    13.9258   4.238066    35.4446     86.348     87.024    13.9257   4.238120    35.4452     0.0510 1.0000e-12     0.0041    99.8977      98.53    226.845     5.2142 1.5529e+03          1         33 0.0000e+00
   38.87616  -69.10886    13.9257   4.238093    35.4446     87.331     88.015    13.9256   4.238143    35.4453     0.0539 1.0000e-12     0.0005    99.9868      98.53    226.969     5.2171 1.5574e+03          1         31 0.0000e+00
   38.87616  -69.10886    13.9256   4.238118    35.4448     88.361     89.054    13.9253   4.238160    35.4455     0.0607 1.0000e-12     0.0012    99.9695      98.53    227.186     5.2221 1.5594e+03          1         77 0.0000e+00
   38.87617  -69.10886    13.9290   4.238657    35.4464     89.240     89.939    13.9272   4.238368    35.4454     0.0571 1.0000e-12     0.0004    99.9893      98.53    226.827     5.2138 1.5516e+03          1         35 0.0000e+00
   38.87618  -69.10886    13.9523   4.241854    35.4539     90.324     91.033    13.9516   4.241674    35.4529     0.0596 1.0000e-12     0.0005    99.9888      98.53    226.660     5.2100 1.5429e+03          1         29 0.0000e+00
   38.87618  -69.10886    13.9574   4.242552    35.4555     91.362     92.079    13.9566   4.242526    35.4560     0.0515 2.7374e-03     0.0080    99.8006      98.53    227.265     5.2239 1.5548e+03          1         87 0.0000e+00
   38.87620  -69.10886    13.9584   4.242715    35.4560     92.217     92.940    13.9582   4.242779    35.4568     0.0579 5.1730e-03    -0.0008   100.0187      98.54    227.085     5.2198 1.5745e+03          1         35 0.0000e+00
   38.87620  -69.10886    13.9627   4.243360    35.4575     93.259     93.991    13.9627   4.243309    35.4571     0.0407 2.0528e-03     0.0014    99.9644      98.53    227.508     5.2295 1.5690e+03          1         27 0.0000e+00
   38.87620  -69.10886    13.9726   4.244716    35.4606     94.295     95.035    13.9724   4.244773    35.4612     0.0381 3.6355e-04     0.0013    99.9680      98.53    226.996     5.2177 1.5447e+03          1         35 0.0000e+00
   38.87620  -69.10886    13.9724   4.244708    35.4605     95.373     96.122    13.9721   4.244779    35.4614     0.0510 1.3759e-04    -0.0003   100.0066      98.53    227.150     5.2213 1.5429e+03          1        103 0.0000e+00
   38.87621  -69.10886    13.9820   4.246110    35.4643     96.180     96.935    13.9816   4.245982    35.4635     0.0514 1.0000e-12    -0.0008   100.0187      98.53    227.484     5.2289 1.5866e+03          1         36 0.0000e+00
   38.87622  -69.10886    13.9932   4.247691    35.4681     97.223     97.986    13.9930   4.247721    35.4685     0.0468 1.4458e-05     0.0003    99.9937      98.53    227.186     5.2221 1.5760e+03          1         23 0.0000e+00
   38.87622  -69.10886    13.9943   4.247881    35.4685     98.242     99.014    13.9958   4.248148    35.4696     0.0551 1.0000e-12     0.0003    99.9935      98.53    227.219     5.2229 1.5536e+03          1         21 0.0000e+00
   38.87622  -69.10886    13.9959   4.248121    35.4688     99.324    100.105    13.9958   4.248191    35.4696     0.0612 6.3598e-04     0.0006    99.9853      98.54    227.018     5.2182 1.5285e+03          1         39 0.0000e+00
   38.87623  -69.10886    13.9959   4.248139    35.4690     99.964    100.750    13.9958   4.248206    35.4697     0.0586 2.7815e-06     0.0004    99.9913      98.53    227.019     5.2183 1.5569e+03          1         61 0.0000e+00
   38.87624  -69.10886    13.9975   4.248400    35.4695    101.183    101.979    13.9971   4.248458    35.4704     0.0446 1.0000e-12    -0.0003   100.0073      98.53    226.975     5.2172 1.5767e+03          1         18 0.0000e+00
   38.87624  -69.10884    14.0031   4.249315    35.4723    102.169    102.973    14.0022   4.249001    35.4703     0.0488 1.0000e-12     0.0005    99.9883      98.54    226.768     5.2125 1.5550e+03          1         17 0.0000e+00
   38.87624  -69.10884    14.0188   4.251299    35.4756    103.193    104.005    14.0163   4.251051    35.4756     0.0541 1.0000e-12     0.0010    99.9753      98.53    226.732     5.2117 1.5330e+03          1         20 0.0000e+00
   38.87625  -69.10885    14.0103   4.250264    35.4737    104.257    105.078    14.0147   4.250893    35.4755     0.0513 1.0000e-12     0.0005    99.9875      98.53    226.995     5.2177 1.5417e+03          1        116 0.0000e+00
   38.87626  -69.10886    14.0384   4.254367    35.4852    105.101    105.929    14.0425   4.254673    35.4842     0.0443 1.0000e-12     0.0002    99.9959      98.53    226.059     5.1962 1.5819e+03          1         21 0.0000e+00
   38.87626  -69.10886    14.0565   4.256804    35.4905    106.135    106.972    14.0565   4.256901    35.4914     0.0583 1.0000e-12    -0.0002   100.0054      98.53    226.562     5.2078 1.5768e+03          1         19 0.0000e+00
   38.87626  -69.10886    14.0568   4.256910    35.4908    107.149    107.993    14.0568   4.256999    35.4917     0.0529 1.0000e-12     0.0003    99.9925      98.53    227.213     5.2228 1.5656e+03          1         15 0.0000e+00
   38.87626  -69.10886    14.0570   4.256981    35.4910    108.138    108.991    14.0568   4.257032    35.4917     0.0503 1.0000e-12     0.0001    99.9973      98.53    227.205     5.2226 1.5499e+03          1         18 0.0000e+00
   38.87626  -69.10886    14.0574   4.257037    35.4908    109.198    110.060    14.0575   4.257168    35.4920     0.0502 1.0000e-12    -0.0007   100.0181      98.53    226.963     5.2170 1.5325e+03          1         22 0.0000e+00
   38.87626  -69.10886    14.0576   4.257109    35.4910    110.179    111.048    14.0571   4.257138    35.4918     0.0500 1.0000e-12    -0.0014   100.0334      98.53    226.762     5.2124 1.5192e+03          1         37 0.0000e+00
   38.87626  -69.10886    14.0622   4.257762    35.4926    111.077    111.954    14.0629   4.257814    35.4924     0.0579 1.0000e-12    -0.0014   100.0336      98.53    226.354     5.2030 1.5310e+03          1         47 0.0000e+00
   38.87626  -69.10886    14.0847   4.260784    35.4992    112.112    112.997    14.0857   4.260963    35.5000     0.0451 1.0000e-12    -0.0012   100.0292      98.53    226.165     5.1986 1.5675e+03          1         37 0.0000e+00
   38.87628  -69.10886    14.0962   4.262493    35.5040    113.091    113.984    14.0953   4.262173    35.5019     0.0582 1.0000e-12    -0.0012   100.0280      98.53    226.595     5.2085 1.5853e+03          1         28 0.0000e+00
   38.87628  -69.10886    14.1152   4.265086    35.5099    114.075    114.976    14.1150   4.265152    35.5108     0.0368 1.0000e-12    -0.0011   100.0267      98.53    226.299     5.2018 1.5764e+03          1         20 0.0000e+00
   38.87628  -69.10886    14.1150   4.265147    35.5105    115.063    115.972    14.1151   4.265231    35.5112     0.0431 1.0000e-12    -0.0010   100.0246      98.53    226.314     5.2021 1.5571e+03          1         17 0.0000e+00
   38.87628  -69.10886    14.1148   4.265161    35.5105    116.047    116.964    14.1147   4.265245    35.5114     0.0191 1.0000e-12    -0.0007   100.0168      98.53    226.258     5.2008 1.5371e+03          1         16 0.0000e+00
   38.87628  -69.10886    14.1155   4.265269    35.5106    117.085    118.011    14.1150   4.265312    35.5114     0.0173 1.0000e-12     0.0003    99.9930      98.54    225.992     5.1947 1.5189e+03          1         18 0.0000e+00
   38.87628  -69.10886    14.1190   4.265851    35.5123    118.101    119.036    14.1198   4.265890    35.5119     0.0586 1.0000e-12    -0.0013   100.0311      98.53    225.918     5.1930 1.5084e+03          1         19 0.0000e+00
   38.87628  -69.10886    14.1445   4.269551    35.5224    119.112    120.055    14.1456   4.269592    35.5218     0.0465 1.0000e-12    -0.0012   100.0304      98.54    225.414     5.1814 1.5168e+03          1         38 0.0000e+00
   38.87628  -69.10886    14.1594   4.271565    35.5270    119.973    120.923    14.1594   4.271630    35.5277     0.0541 1.0000e-12    -0.0013   100.0321      98.53    225.057     5.1732 1.5641e+03          1         54 0.0000e+00
   38.87628  -69.10886    14.1647   4.272324    35.5290    121.027    121.985    14.1646   4.272402    35.5298     0.0325 1.0000e-12    -0.0022   100.0540      98.53    225.781     5.1898 1.5781e+03          1         23 0.0000e+00
   38.87630  -69.10884    14.1639   4.272255    35.5289    122.060    123.026    14.1633   4.272292    35.5298     0.0377 1.0000e-12    -0.0022   100.0559      98.53    225.568     5.1850 1.5686e+03          1         18 0.0000e+00
   38.87630  -69.10884    14.1657   4.272552    35.5296    123.056    124.031    14.1649   4.272504    35.5299     0.0421 1.0000e-12    -0.0022   100.0559      98.53    224.945     5.1707 1.5539e+03          1         15 0.0000e+00
   38.87630  -69.10884    14.1736   4.273695    35.5324    124.051    125.034    14.1738   4.273636    35.5317     0.0287 1.0000e-12    -0.0019   100.0473      98.53    224.893     5.1694 1.5380e+03          1         16 0.0000e+00
   38.87630  -69.10884    14.1785   4.274320    35.5333    125.039    126.030    14.1781   4.274350    35.5339     0.0375 1.0000e-12    -0.0020   100.0488      98.54    225.044     5.1729 1.5268e+03          1         17 0.0000e+00
   38.87630  -69.10884    14.1815   4.274761    35.5342    126.016    127.015    14.1814   4.274775    35.5345     0.0525 1.0000e-12    -0.0025   100.0625      98.53    224.991     5.1717 1.5204e+03          1         22 0.0000e+00
   38.87630  -69.10884    14.1925   4.276320    35.5381    127.020    128.027    14.1920   4.276230    35.5377     0.0612 1.0000e-12    -0.0025   100.0622      98.54    224.789     5.1671 1.5251e+03          1         31 0.0000e+00
   38.87632  -69.10888    14.2028   4.277736    35.5413    127.968    128.983    14.2013   4.277566    35.5412     0.0511 1.0000e-12    -0.0028   100.0717      98.53    224.627     5.1633 1.5476e+03          1         39 0.0000e+00
   38.87632  -69.10888    14.2106   4.278824    35.5440    128.960    129.984    14.2108   4.278863    35.5441     0.0473 1.0000e-12    -0.0021   100.0521      98.54    224.826     5.1679 1.5609e+03          1         32 0.0000e+00
   38.87632  -69.10888    14.2358   4.282524    35.5543    129.975    131.007    14.2362   4.282325    35.5520     0.0433 1.0000e-12     0.0007    99.9824      98.54    224.659     5.1641 1.5642e+03          1         21 0.0000e+00
   38.87632  -69.10888    14.2406   4.283171    35.5555    130.941    131.980    14.2416   4.283347    35.5562     0.0442 1.0000e-12    -0.0030   100.0756      98.53    224.648     5.1638 1.5599e+03          1         20 0.0000e+00
   38.87632  -69.10887    14.2431   4.283531    35.5562    131.948    132.996    14.2430   4.283575    35.5568     0.0390 1.0000e-12    -0.0029   100.0743      98.53    224.309     5.1560 1.5448e+03          1         20 0.0000e+00
   38.87632  -69.10886    14.2481   4.284325    35.5586    132.954    134.011    14.2508   4.284532    35.5580     0.0140 1.0000e-12    -0.0032   100.0803      98.54    224.128     5.1519 1.5347e+03          1         21 0.0000e+00
   38.87632  -69.10886    14.2781   4.288547    35.5691    133.953    135.018    14.2779   4.288138    35.5656     0.0427 1.0000e-12    -0.0038   100.0961      98.53    223.943     5.1477 1.5280e+03          1         20 0.0000e+00
   38.87632  -69.10886    14.2937   4.290619    35.5734    134.922    135.995    14.2928   4.290586    35.5740     0.0314 1.0000e-12    -0.0037   100.0926      98.53    223.853     5.1456 1.5245e+03          1         21 0.0000e+00
   38.87632  -69.10886    14.2940   4.290691    35.5738    135.926    137.007    14.2938   4.290739    35.5744     0.0286 1.0000e-12    -0.0042   100.1051      98.53    223.992     5.1488 1.5266e+03          1         28 0.0000e+00
   38.87633  -69.10886    14.2950   4.290859    35.5743    136.906    137.995    14.2948   4.290902    35.5749     0.0339 1.0000e-12    -0.0043   100.1088      98.54    223.393     5.1350 1.5431e+03          1         33 0.0000e+00
   38.87634  -69.10886    14.2978   4.291300    35.5755    137.874    138.971    14.2977   4.291328    35.5759     0.0305 1.0000e-12    -0.0043   100.1070      98.54    223.257     5.1319 1.5592e+03          1         28 0.0000e+00
   38.87634  -69.10886    14.3278   4.295620    35.5870    138.893    139.999    14.3273   4.295049    35.5822     0.0249 1.0000e-12    -0.0038   100.0944      98.54    223.233     5.1313 1.5583e+03          1         24 0.0000e+00
