Data/ruptures/KN207-01/QL-1/20701015.cnv
* Sea-Bird SBE 9 Data File:
* FileName = C:\Data\ctd\20701015.hex
* Software Version Seasave V 7.21e
* Temperature SN = 4406
* Conductivity SN = 1474
* Number of Bytes Per Scan = 40
* Number of Voltage Words = 5
* Number of Scans Averaged by the Deck Unit = 1
* NMEA Latitude = 38 58.97 N
* NMEA Longitude = 069 00.03 W
* NMEA UTC (Time) = Apr 23 2012 18:06:59
** R/V Knorr Cruise # KN207-01 QL1
** Chief Scientist: Ben Van Mooy
# nquan = 21
# nvalues = 404                         
# units = specified
# name 0 = latitude: Latitude [deg]
# name 1 = longitude: Longitude [deg]
# name 2 = t090C: Temperature [ITS-90, deg C]
# name 3 = c0S/m: Conductivity [S/m]
# name 4 = sal00: Salinity, Practical [PSU]
# name 5 = depSM: Depth [salt water, m]
# name 6 = prDM: Pressure, Digiquartz [db]
# name 7 = t190C: Temperature, 2 [ITS-90, deg C]
# name 8 = c1S/m: Conductivity, 2 [S/m]
# name 9 = sal11: Salinity, Practical, 2 [PSU]
# name 10 = flECO-AFL: Fluorescence, WET Labs ECO-AFL/FL [mg/m^3]
# name 11 = par: PAR/Irradiance, Biospherical/Licor
# name 12 = bat: Beam Attenuation, Chelsea/Seatech [1/m]
# name 13 = xmiss: Beam Transmission, Chelsea/Seatech [%]
# name 14 = altM: Altimeter [m]
# name 15 = sbeox0Mm/Kg: Oxygen, SBE 43 [umol/kg]
# name 16 = sbeox0ML/L: Oxygen, SBE 43 [ml/l]
# name 17 = spar: SPAR/Surface Irradiance
# name 18 = pumps: Pump Status
# name 19 = nbin: number of scans per bin
# name 20 = flag: flag
# span 0 =   38.98264,   38.98364       
# span 1 =  -69.00076,  -69.00042       
# span 2 =    11.2370,    14.7185       
# span 3 =   3.879612,   6.457176       
# span 4 =    33.9064,    83.0864       
# span 5 =      1.068,    201.879       
# span 6 =      1.076,    203.519       
# span 7 =    11.2379,    14.7183       
# span 8 =   3.881491,   6.453982       
# span 9 =    33.9716,    83.0884       
# span 10 =     0.0025,     2.3762      
# span 11 = 3.9496e-04, 1.3689e+02      
# span 12 =    -0.0153,     1.3456      
# span 13 =    92.2602,   100.3846      
# span 14 =       1.75,      98.94      
# span 15 =    138.999,    442.177      
# span 16 =     3.1961,    10.1554      
# span 17 = 9.0778e+02, 2.8214e+03      
# span 18 =          0,          1      
# span 19 =          8,        770      
# span 20 = 0.0000e+00, 0.0000e+00      
# interval = decibars: 1                
# start_time = Apr 23 2012 18:06:59 [NMEA time, header]
# bad_flag = -9.990e-29
*END*
   38.98298  -69.00068    12.6643   3.950129    33.9064      3.734      3.762    12.6639   3.956925    33.9716     0.4861 1.3689e+02     0.3133    92.4679      62.09    326.804     7.5050 2.0647e+03          1        143 0.0000e+00
   38.98298  -69.00070    12.6769   3.960433    33.9927      4.968      5.006    12.6780   3.961496    34.0018     0.4775 1.1130e+02     0.3105    92.5319      17.76    360.598     8.2816 2.1032e+03          1         47 0.0000e+00
   38.98298  -69.00070    12.6797   3.961826    34.0032      5.781      5.825    12.6790   3.962566    34.0108     0.4795 9.2552e+01     0.3108    92.5260      43.01    399.814     9.1823 2.3116e+03          1        137 0.0000e+00
   38.98298  -69.00070    12.6783   3.962534    34.0107      6.998      7.051    12.6788   3.963302    34.0176     0.4919 7.9877e+01     0.3109    92.5226      42.15    416.136     9.5572 2.5140e+03          1         51 0.0000e+00
   38.98298  -69.00070    12.6779   3.962797    34.0132      7.925      7.986    12.6800   3.963475    34.0178     0.5108 7.1798e+01     0.3112    92.5155      72.78    442.177    10.1554 2.5230e+03          1         45 0.0000e+00
   38.98298  -69.00070    12.6780   3.962763    34.0125      8.769      8.836    12.6782   3.963557    34.0199     0.5360 7.0877e+01     0.3101    92.5401      98.57    317.311     7.2876 2.0050e+03          1         90 0.0000e+00
   38.98298  -69.00070    12.6708   3.962387    34.0150      9.923      9.999    12.6708   3.963126    34.0221     0.6019 5.0434e+01     0.3098    92.5474      98.57    247.644     5.6876 2.1982e+03          1        124 0.0000e+00
   38.98298  -69.00072    12.6725   3.962525    34.0142     10.960     11.044    12.6727   3.963387    34.0223     0.6176 4.9839e+01     0.3103    92.5377      98.57    235.499     5.4086 2.5217e+03          1         22 0.0000e+00
   38.98298  -69.00072    12.6145   3.962540    34.0677     11.855     11.946    12.6234   3.963325    34.0669     0.7329 4.7033e+01     0.3093    92.5598      96.58    230.718     5.2991 2.2793e+03          1         98 0.0000e+00
   38.98298  -69.00070    12.5732   3.961338    34.0938     12.894     12.993    12.5634   3.961468    34.1042     0.7727 4.2373e+01     0.3097    92.5498      92.63    231.837     5.3250 2.5014e+03          1         18 0.0000e+00
   38.98298  -69.00070    12.5284   3.958733    34.1100     13.932     14.039    12.5327   3.959131    34.1098     0.9000 3.5458e+01     0.3114    92.5107      98.57    228.167     5.2408 2.4894e+03          1         16 0.0000e+00
   38.98298  -69.00070    12.5064   3.959089    34.1326     14.872     14.986    12.5295   3.959821    34.1182     1.0191 2.5772e+01     0.3142    92.4464      88.50    228.539     5.2494 2.3499e+03          1         80 0.0000e+00
   38.98300  -69.00072    12.3873   3.952944    34.1836     15.835     15.956    12.3870   3.953127    34.1857     1.0853 2.8171e+01     0.3148    92.4315      98.57    224.357     5.1537 2.1779e+03          1         15 0.0000e+00
   38.98300  -69.00072    12.2492   3.951503    34.2988     16.890     17.020    12.2345   3.951536    34.3129     1.1326 2.3602e+01     0.3156    92.4127      98.57    234.972     5.3981 2.4965e+03          1         17 0.0000e+00
   38.98300  -69.00072    12.2084   3.954458    34.3647     17.849     17.986    12.2638   3.955927    34.3265     1.2046 1.9450e+01     0.3171    92.3794      98.57    247.584     5.6882 1.4402e+03          1         17 0.0000e+00
   38.98300  -69.00072    12.3762   3.954063    34.2011     18.868     19.013    12.3275   3.956700    34.2724     1.4448 1.5553e+01     0.3140    92.4507      98.57    239.488     5.5013 2.2061e+03          1         94 0.0000e+00
   38.98300  -69.00072    11.9109   3.942628    34.5253     19.884     20.036    11.8889   3.946473    34.5831     1.5573 1.3872e+01     0.3060    92.6342      98.57    226.336     5.2009 2.1612e+03          1         21 0.0000e+00
   38.98300  -69.00072    11.9136   3.948453    34.5778     20.859     21.019    11.7865   3.940984    34.6257     1.6665 1.3039e+01     0.3045    92.6697      98.57    235.910     5.4212 2.2941e+03          1         23 0.0000e+00
   38.98300  -69.00072    11.9924   3.951032    34.5263     21.846     22.014    11.7003   3.933595    34.6340     1.8075 1.1801e+01     0.3072    92.6060      98.56    231.822     5.3269 2.2548e+03          1         25 0.0000e+00
   38.98300  -69.00072    11.7022   3.941421    34.7091     22.858     23.034    11.7131   3.944394    34.7254     1.9487 1.0794e+01     0.3107    92.5263      98.57    221.571     5.0923 1.3754e+03          1         31 0.0000e+00
   38.98300  -69.00072    11.6196   3.939822    34.7689     23.551     23.732    11.4802   3.934711    34.8505     2.1879 9.1787e+00     0.3184    92.3484      98.57    215.272     4.9479 2.3644e+03          1         52 0.0000e+00
   38.98300  -69.00074    11.2421   3.902267    34.7589     24.778     24.969    11.2379   3.900103    34.7370     2.2081 8.3301e+00     0.3222    92.2602      98.57    210.380     4.8358 2.4419e+03          1         14 0.0000e+00
   38.98300  -69.00074    11.2370   3.888031    34.6205     25.798     25.996    11.2463   3.884613    34.5734     2.3424 7.7163e+00     0.3181    92.3564      98.57    216.748     4.9816 2.4615e+03          1         16 0.0000e+00
   38.98300  -69.00074    11.2878   3.891958    34.6083     26.816     27.022    11.2875   3.890211    34.5876     2.3762 6.8615e+00     0.3076    92.5990      98.57    227.908     5.2380 2.4656e+03          1         16 0.0000e+00
   38.98300  -69.00074    11.4720   3.917312    34.6797     27.888     28.103    11.4343   3.910344    34.6439     2.2187 5.7421e+00     0.2643    93.6084      98.57    238.711     5.4864 2.4621e+03          1         29 0.0000e+00
   38.98302  -69.00074    11.4001   3.916534    34.7378     28.741     28.963    11.3440   3.911010    34.7336     1.7069 4.7168e+00     0.1843    95.4981      98.57    215.126     4.9446 2.5639e+03          1         35 0.0000e+00
   38.98302  -69.00074    11.3489   3.908953    34.7104     29.760     29.990    11.3433   3.907017    34.6935     1.5254 4.2246e+00     0.1658    95.9388      95.53    214.731     4.9355 1.9336e+03          1         23 0.0000e+00
   38.98302  -69.00074    11.3557   3.906658    34.6799     30.773     31.010    11.3559   3.904814    34.6586     1.3925 3.7821e+00     0.1544    96.2145      67.32    219.634     5.0480 2.4871e+03          1         20 0.0000e+00
   38.98302  -69.00073    11.3703   3.907939    34.6774     31.793     32.038    11.3674   3.906789    34.6664     1.2183 3.3866e+00     0.1389    96.5881      96.48    225.802     5.1898 2.5698e+03          1         23 0.0000e+00
   38.98304  -69.00068    11.3695   3.912198    34.7189     32.884     33.137    11.3699   3.911711    34.7118     0.9353 3.0068e+00     0.1127    97.2222      91.69    232.226     5.3376 2.3786e+03          1         81 0.0000e+00
   38.98304  -69.00071    11.3639   3.918306    34.7831     33.630     33.889    11.3634   3.916395    34.7636     0.9730 2.5036e+00     0.0956    97.6393      98.57    212.542     4.8854 2.4529e+03          1        123 0.0000e+00
   38.98304  -69.00072    11.3681   3.912641    34.7218     34.718     34.986    11.3668   3.910872    34.7049     0.7975 2.2705e+00     0.0863    97.8647      98.58    198.740     4.5680 2.5941e+03          1         21 0.0000e+00
   38.98304  -69.00071    11.4045   3.910094    34.6609     35.732     36.008    11.3907   3.908459    34.6574     0.5692 2.2094e+00     0.0744    98.1565      98.57    196.784     4.5228 2.6070e+03          1         18 0.0000e+00
   38.98304  -69.00070    11.4306   3.909235    34.6267     36.743     37.027    11.4229   3.907820    34.6197     0.4654 2.1725e+00     0.0528    98.6888      98.58    197.615     4.5417 2.6110e+03          1         20 0.0000e+00
   38.98304  -69.00070    11.4469   3.909144    34.6098     37.722     38.013    11.4424   3.908496    34.6072     0.4585 2.1341e+00     0.0464    98.8459      98.57    200.295     4.6032 2.6055e+03          1         19 0.0000e+00
   38.98304  -69.00070    11.4871   3.909866    34.5779     38.700     38.998    11.4738   3.909577    34.5874     0.4498 2.0378e+00     0.0439    98.9087      98.58    207.310     4.7643 2.5935e+03          1         24 0.0000e+00
   38.98305  -69.00070    11.5213   3.915346    34.5995     39.684     39.991    11.5259   3.913951    34.5810     0.4411 1.6339e+00     0.0422    98.9507      98.57    216.321     4.9715 2.4024e+03          1        105 0.0000e+00
   38.98306  -69.00072    11.6131   3.915911    34.5171     40.713     41.028    11.6640   3.920804    34.5165     0.4064 1.5960e+00     0.0385    99.0428      98.58    195.264     4.4872 2.6279e+03          1         13 0.0000e+00
   38.98306  -69.00072    11.6989   3.925456    34.5285     41.698     42.020    11.7093   3.932100    34.5839     0.3478 1.5527e+00     0.0371    99.0769      98.58    195.138     4.4843 2.6325e+03          1         12 0.0000e+00
   38.98306  -69.00072    11.7393   3.933935    34.5730     42.690     43.020    11.7456   3.940527    34.6317     0.3405 1.4886e+00     0.0338    99.1583      98.58    196.380     4.5129 2.6374e+03          1         12 0.0000e+00
   38.98306  -69.00072    11.7570   3.931894    34.5360     43.665     44.003    11.7939   3.944135    34.6208     0.3082 1.4089e+00     0.0316    99.2118      98.58    201.008     4.6191 2.6394e+03          1         12 0.0000e+00
   38.98306  -69.00072    11.7154   3.926701    34.5250     44.642     44.987    11.7989   3.938698    34.5629     0.2998 1.3011e+00     0.0279    99.3034      98.58    213.261     4.9007 2.6262e+03          1         16 0.0000e+00
   38.98307  -69.00070    11.8164   3.929317    34.4557     45.620     45.973    11.8709   3.940287    34.5115     0.2853 1.0006e+00     0.0247    99.3855      98.58    236.030     5.4235 2.3278e+03          1         86 0.0000e+00
   38.98308  -69.00072    12.0252   3.946238    34.4241     46.666     47.027    12.0443   3.969584    34.6343     0.2813 7.8165e-01     0.0212    99.4710      98.58    200.192     4.5998 2.2650e+03          1         12 0.0000e+00
   38.98308  -69.00072    12.0429   3.947255    34.4174     47.666     48.035    12.0587   3.979576    34.7181     0.2428 7.3858e-01     0.0200    99.5006      98.58    199.351     4.5804 2.2599e+03          1         15 0.0000e+00
   38.98308  -69.00072    12.0381   3.944116    34.3918     48.686     49.063    12.0868   3.982819    34.7230     0.2078 7.0690e-01     0.0165    99.5889      98.58    202.270     4.6474 1.7260e+03          1         18 0.0000e+00
   38.98309  -69.00069    12.0804   3.951255    34.4226     49.805     50.191    12.0877   3.989548    34.7891     0.2633 6.7982e-01     0.0163    99.5927      98.58    221.464     5.0885 1.9543e+03          1         73 0.0000e+00
   38.98310  -69.00068    12.0941   3.969817    34.5919     50.525     50.917    12.1419   3.996103    34.8027     0.2287 5.9490e-01     0.0157    99.6070      98.58    216.111     4.9661 1.9079e+03          1         54 0.0000e+00
   38.98310  -69.00070    12.1814   3.990114    34.7070     51.667     52.068    12.1908   4.005816    34.8513     0.2096 4.4577e-01     0.0131    99.6740      98.58    215.017     4.9413 1.8194e+03          1         50 0.0000e+00
   38.98310  -69.00069    12.2013   4.001128    34.7967     52.325     52.731    12.1996   4.007814    34.8638     0.1983 3.9071e-01     0.0163    99.5937      98.61    234.171     5.3818 1.6952e+03          1         59 0.0000e+00
   38.98310  -69.00068    12.2295   4.008184    34.8389     53.612     54.028    12.2289   4.011608    34.8732     0.2076 4.3271e-01     0.0277    99.3087      98.58    232.784     5.3501 1.8159e+03          1         15 0.0000e+00
   38.98310  -69.00068    12.2646   4.011002    34.8325     54.586     55.010    12.2715   4.013637    34.8518     0.1893 4.3359e-01     0.0276    99.3110      98.58    230.345     5.2940 1.8287e+03          1         14 0.0000e+00
   38.98310  -69.00068    12.3642   4.023879    34.8618     55.573     56.005    12.3677   4.026953    34.8886     0.1841 4.2719e-01     0.0295    99.2669      98.58    229.350     5.2711 1.8709e+03          1         14 0.0000e+00
   38.98310  -69.00068    12.4853   4.037639    34.8791     56.576     57.015    12.5008   4.040436    34.8916     0.1931 4.1732e-01     0.0221    99.4485      98.57    231.360     5.3173 1.8778e+03          1         17 0.0000e+00
   38.98310  -69.00068    12.6493   4.061832    34.9562     57.615     58.063    12.6512   4.062697    34.9631     0.1709 4.0931e-01     0.0157    99.6082      98.58    234.233     5.3834 1.5441e+03          1         25 0.0000e+00
   38.98312  -69.00066    12.5415   4.054226    34.9889     58.393     58.847    12.5669   4.059222    35.0132     0.1598 3.5870e-01     0.0106    99.7356      84.96    236.052     5.4255 1.8771e+03          1         88 0.0000e+00
   38.98310  -69.00068    12.7579   4.078280    35.0160     59.593     60.057    12.7818   4.083594    35.0447     0.1414 3.7873e-01     0.0083    99.7925      98.94    232.644     5.3470 2.2219e+03          1         11 0.0000e+00
   38.98310  -69.00068    12.8402   4.087762    35.0285     60.526     60.997    12.8497   4.088296    35.0250     0.1485 3.7523e-01     0.0057    99.8570      98.59    232.263     5.3382 2.3076e+03          1         10 0.0000e+00
   38.98310  -69.00068    12.9841   4.106795    35.0735     61.495     61.973    12.9912   4.108584    35.0843     0.1359 3.6871e-01     0.0064    99.8396      98.58    232.361     5.3405 2.3372e+03          1         13 0.0000e+00
   38.98310  -69.00068    13.1047   4.123396    35.1175     62.536     63.023    13.1214   4.126835    35.1348     0.1175 3.6013e-01     0.0082    99.7950      98.58    232.632     5.3468 2.2265e+03          1         16 0.0000e+00
   38.98312  -69.00066    13.1444   4.130883    35.1522     63.563     64.058    13.1474   4.132216    35.1624     0.1131 3.4628e-01     0.0105    99.7376      98.58    232.483     5.3435 1.5157e+03          1         21 0.0000e+00
   38.98312  -69.00066    13.0358   4.119079    35.1468     64.521     65.023    13.0899   4.127002    35.1715     0.0984 2.8851e-01     0.0329    99.1833      62.43    230.721     5.3031 1.9705e+03          1         92 0.0000e+00
   38.98312  -69.00066    13.1392   4.131207    35.1668     65.497     66.007    13.1538   4.133763    35.1790     0.0725 2.4856e-01     0.0620    98.4626      97.81    231.135     5.3126 2.1481e+03          1         17 0.0000e+00
   38.98312  -69.00066    13.1515   4.133268    35.1750     66.449     66.967    13.1527   4.133532    35.1780     0.1057 2.3390e-01     0.0452    98.8769      98.59    232.107     5.3349 2.0757e+03          1         17 0.0000e+00
   38.98312  -69.00066    13.1597   4.134377    35.1780     67.447     67.973    13.1594   4.134289    35.1789     0.1177 2.1971e-01     0.0192    99.5210      98.57    232.102     5.3348 2.0796e+03          1         19 0.0000e+00
   38.98312  -69.00066    13.1777   4.136822    35.1843     68.492     69.026    13.1761   4.136330    35.1824     0.1046 2.1108e-01     0.0071    99.8227      98.58    230.956     5.3085 1.9039e+03          1         19 0.0000e+00
   38.98312  -69.00066    13.2128   4.141614    35.1967     69.506     70.048    13.2120   4.141131    35.1940     0.1093 2.0960e-01     0.0121    99.6975      98.58    229.929     5.2849 1.9157e+03          1         23 0.0000e+00
   38.98312  -69.00066    13.1962   4.139793    35.1966     70.367     70.916    13.2156   4.142434    35.2042     0.0841 2.1728e-01     0.0161    99.6008      98.58    229.739     5.2805 2.2076e+03          1         89 0.0000e+00
