Data/ruptures/KN207-01/QL-1/20701037.cnv
* Sea-Bird SBE 9 Data File:
* FileName = C:\Data\ctd\20701037.hex
* Software Version Seasave V 7.21e
* Temperature SN = 4406
* Conductivity SN = 1474
* Number of Bytes Per Scan = 40
* Number of Voltage Words = 5
* Number of Scans Averaged by the Deck Unit = 1
* NMEA Latitude = 38 48.51 N
* NMEA Longitude = 069 07.19 W
* NMEA UTC (Time) = Apr 26 2012 12:08:14
** R/V Knorr Cruise # KN207-01 QL1
** Chief Scientist: Ben Van Mooy
# nquan = 21
# nvalues = 400                         
# units = specified
# name 0 = latitude: Latitude [deg]
# name 1 = longitude: Longitude [deg]
# name 2 = t090C: Temperature [ITS-90, deg C]
# name 3 = c0S/m: Conductivity [S/m]
# name 4 = sal00: Salinity, Practical [PSU]
# name 5 = depSM: Depth [salt water, m]
# name 6 = prDM: Pressure, Digiquartz [db]
# name 7 = t190C: Temperature, 2 [ITS-90, deg C]
# name 8 = c1S/m: Conductivity, 2 [S/m]
# name 9 = sal11: Salinity, Practical, 2 [PSU]
# name 10 = flECO-AFL: Fluorescence, WET Labs ECO-AFL/FL [mg/m^3]
# name 11 = par: PAR/Irradiance, Biospherical/Licor
# name 12 = bat: Beam Attenuation, Chelsea/Seatech [1/m]
# name 13 = xmiss: Beam Transmission, Chelsea/Seatech [%]
# name 14 = altM: Altimeter [m]
# name 15 = sbeox0Mm/Kg: Oxygen, SBE 43 [umol/kg]
# name 16 = sbeox0ML/L: Oxygen, SBE 43 [ml/l]
# name 17 = spar: SPAR/Surface Irradiance
# name 18 = pumps: Pump Status
# name 19 = nbin: number of scans per bin
# name 20 = flag: flag
# span 0 =   38.80804,   38.80862       
# span 1 =  -69.12182,  -69.11996       
# span 2 =    11.2356,    14.7307       
# span 3 =   3.512450,   4.360906       
# span 4 =    29.9088,    35.8284       
# span 5 =      2.437,    199.956       
# span 6 =      2.455,    201.577       
# span 7 =    11.2475,    14.7306       
# span 8 =   3.727986,   4.361106       
# span 9 =    31.9771,    35.8307       
# span 10 =     0.0017,     2.7699      
# span 11 = 1.0000e-12, 1.4295e+01      
# span 12 =    -0.0140,     0.4312      
# span 13 =    89.8244,   100.3509      
# span 14 =      28.88,      98.70      
# span 15 =    140.054,    462.367      
# span 16 =     3.2202,    10.6176      
# span 17 = 2.2159e+03, 2.3065e+03      
# span 18 =          1,          1      
# span 19 =          1,        971      
# span 20 = 0.0000e+00, 0.0000e+00      
# interval = decibars: 1                
# start_time = Apr 26 2012 12:08:14 [NMEA time, header]
# bad_flag = -9.990e-29
*END*
   38.80862  -69.11996    12.4702   3.512450    29.9088      3.085      3.109    12.4428   3.727986    31.9771     0.8413 1.1311e+01     0.2981    92.8184      98.52    339.314     7.7690 2.2248e+03          1        344 0.0000e+00
   38.80862  -69.11998    12.4408   3.770647    32.3872      3.860      3.889    12.4580   3.840557    33.0402     0.8105 9.7246e+00     0.3007    92.7597      98.52    344.231     7.8965 2.2159e+03          1         70 0.0000e+00
   38.80860  -69.11998    12.4568   3.863152    33.2574      4.869      4.906    12.4633   3.874923    33.3643     0.8171 4.9141e+00     0.2999    92.7762      33.58    368.839     8.4665 2.2262e+03          1         71 0.0000e+00
   38.80861  -69.11998    12.3306   3.893349    33.6629      5.908      5.953    12.3393   3.903433    33.7522     0.9885 7.0323e+00     0.2995    92.7865      98.52    385.149     8.8438 2.2184e+03          1         46 0.0000e+00
   38.80862  -69.11998    12.3653   3.896145    33.6566      7.025      7.078    12.3911   3.905342    33.7214     1.0587 5.9866e+00     0.3030    92.7047      98.52    406.992     9.3453 2.2186e+03          1         36 0.0000e+00
   38.80862  -69.11998    12.3647   3.903161    33.7239      7.949      8.010    12.3768   3.887680    33.5640     0.9676 5.4560e+00     0.2991    92.7952      98.52    441.372    10.1352 2.2306e+03          1         68 0.0000e+00
   38.80860  -69.12000    12.3602   3.906167    33.7564      8.864      8.932    12.3732   3.910500    33.7863     1.0177 4.7496e+00     0.2993    92.7920      98.52    462.367    10.6176 2.2196e+03          1         37 0.0000e+00
   38.80860  -69.12000    12.2407   3.905288    33.8582      9.994     10.070    12.3427   3.909232    33.8017     1.1026 4.0958e+00     0.3010    92.7528      98.52    396.931     9.1159 2.2203e+03          1         39 0.0000e+00
   38.80860  -69.12000    12.1420   3.904224    33.9382     10.878     10.961    12.2766   3.892522    33.7012     1.2706 3.4171e+00     0.3113    92.5135      98.52    283.972     6.5222 2.2275e+03          1         63 0.0000e+00
   38.80860  -69.12000    12.1157   3.907179    33.9896     11.898     11.989    12.1336   3.909456    33.9965     1.4969 3.2112e+00     0.3105    92.5324      98.53    248.293     5.7030 2.2275e+03          1         38 0.0000e+00
   38.80860  -69.12000    12.0955   3.906278    33.9985     12.891     12.990    12.0993   3.907185    34.0050     1.5618 3.1305e+00     0.3177    92.3650      98.52    239.612     5.5036 2.2269e+03          1         41 0.0000e+00
   38.80860  -69.12000    12.0666   3.904480    34.0067     13.869     13.975    12.0755   3.907522    34.0289     1.5771 2.6729e+00     0.3162    92.3982      98.52    233.220     5.3569 2.2248e+03          1         48 0.0000e+00
   38.80860  -69.12000    12.0461   3.903302    34.0130     14.844     14.958    12.0529   3.907339    34.0467     1.6337 1.7158e+00     0.3134    92.4631      98.53    232.533     5.3411 2.2229e+03          1         50 0.0000e+00
   38.80860  -69.12001    12.0449   3.902724    34.0073     15.877     15.998    12.0456   3.905750    34.0367     1.6149 2.1206e+00     0.3112    92.5144      98.52    233.284     5.3584 2.2279e+03          1         46 0.0000e+00
   38.80860  -69.12002    12.0343   3.903165    34.0205     16.885     17.014    12.0386   3.905990    34.0444     1.6410 2.0010e+00     0.3087    92.5738      98.53    238.598     5.4805 2.2294e+03          1         45 0.0000e+00
   38.80860  -69.12002    12.0125   3.903165    34.0399     17.901     18.038    12.0176   3.907785    34.0805     1.6905 8.2378e-01     0.3033    92.6973      98.53    235.502     5.4095 2.2256e+03          1         54 0.0000e+00
   38.80860  -69.12002    11.9854   3.902394    34.0569     18.819     18.963    11.9987   3.907920    34.0985     1.7516 5.1268e-01     0.3030    92.7058      98.52    229.870     5.2802 2.2295e+03          1         42 0.0000e+00
   38.80860  -69.12002    11.9623   3.902808    34.0817     19.857     20.009    11.9699   3.904644    34.0927     1.7393 6.3147e-01     0.2988    92.8031      98.53    226.103     5.1938 2.2288e+03          1         43 0.0000e+00
   38.80859  -69.12003    11.9295   3.903236    34.1157     20.837     20.997    11.9548   3.904771    34.1072     1.7498 4.1668e-01     0.2930    92.9369      98.52    220.666     5.0691 2.2210e+03          1         51 0.0000e+00
   38.80858  -69.12004    11.8771   3.904061    34.1722     21.804     21.971    11.9217   3.906083    34.1501     1.7687 4.8021e-01     0.2854    93.1142      98.53    214.952     4.9381 2.2301e+03          1         41 0.0000e+00
   38.80858  -69.12004    11.7900   3.904182    34.2541     22.928     23.103    11.7852   3.905468    34.2721     1.8796 5.8542e-01     0.2715    93.4396      98.55    208.698     4.7948 2.2347e+03          1         60 0.0000e+00
   38.80858  -69.12004    11.8105   3.904484    34.2362     23.718     23.900    11.6697   3.903187    34.3573     1.9316 2.8309e-01     0.2715    93.4378      98.55    201.967     4.6401 2.2259e+03          1         49 0.0000e+00
   38.80858  -69.12004    11.7141   3.898161    34.2647     24.806     24.996    11.6498   3.895565    34.2995     1.8968 3.8811e-01     0.2703    93.4657      98.53    199.166     4.5759 2.2192e+03          1         30 0.0000e+00
   38.80858  -69.12004    11.5892   3.896346    34.3643     25.826     26.024    11.5293   3.894732    34.4049     2.0647 2.5607e-01     0.2729    93.4048      98.53    206.602     4.7472 2.2268e+03          1         37 0.0000e+00
   38.80858  -69.12004    11.4920   3.897832    34.4693     26.774     26.979    11.4635   3.895126    34.4687     2.2533 2.2759e-01     0.2812    93.2121      98.53    227.471     5.2272 2.2328e+03          1         78 0.0000e+00
   38.80858  -69.12004    11.4066   3.892872    34.4994     27.751     27.964    11.4001   3.890743    34.4838     2.3259 1.5622e-01     0.2832    93.1662      98.53    217.922     5.0080 2.2259e+03          1         38 0.0000e+00
   38.80858  -69.12006    11.3764   3.888342    34.4816     28.799     29.020    11.3767   3.887822    34.4755     2.3746 1.0054e-01     0.2863    93.0928      98.53    214.956     4.9398 2.2228e+03          1         37 0.0000e+00
   38.80858  -69.12006    11.3458   3.887070    34.4966     29.766     29.995    11.3402   3.886863    34.4994     2.4755 1.5328e-01     0.2946    92.8984      98.53    218.270     5.0160 2.2275e+03          1         47 0.0000e+00
   38.80858  -69.12006    11.2615   3.886685    34.5718     30.688     30.924    11.2696   3.886479    34.5615     2.5236 8.4385e-02     0.2952    92.8851      98.53    219.221     5.0382 2.2354e+03          1         58 0.0000e+00
   38.80858  -69.12006    11.2356   3.884941    34.5773     31.755     31.999    11.2475   3.885716    34.5733     2.3237 6.7406e-02     0.2773    93.3036      98.53    213.968     4.9176 2.2237e+03          1         38 0.0000e+00
   38.80858  -69.12006    11.2852   3.884345    34.5220     32.789     33.041    11.2894   3.885458    34.5289     1.9796 5.9243e-02     0.2414    94.1432      98.53    206.080     4.7360 2.2249e+03          1         50 0.0000e+00
   38.80856  -69.12006    11.3031   3.884411    34.5043     33.714     33.973    11.3038   3.885512    34.5145     1.7468 3.6785e-02     0.2165    94.7325      98.53    200.204     4.6009 2.2309e+03          1         53 0.0000e+00
   38.80856  -69.12006    11.3109   3.884917    34.5011     34.722     34.990    11.3114   3.885424    34.5055     1.5465 2.4433e-02     0.1937    95.2742      98.53    197.985     4.5499 2.2331e+03          1         44 0.0000e+00
   38.80856  -69.12007    11.3148   3.886678    34.5140     35.719     35.994    11.3150   3.887263    34.5196     1.4064 3.6986e-02     0.1806    95.5848      98.53    197.188     4.5316 2.2281e+03          1         45 0.0000e+00
   38.80856  -69.12008    11.3207   3.888175    34.5226     36.672     36.955    11.3199   3.889329    34.5348     1.2887 6.5514e-02     0.1663    95.9282      98.53    193.984     4.4580 2.2310e+03          1         50 0.0000e+00
   38.80856  -69.12008    11.3212   3.889593    34.5356     37.731     38.021    11.3215   3.890486    34.5442     1.1965 5.8342e-02     0.1501    96.3160      98.52    192.701     4.4286 2.2349e+03          1         39 0.0000e+00
   38.80856  -69.12008    11.3193   3.890892    34.5498     38.764     39.063    11.3192   3.891767    34.5585     1.1656 9.7342e-03     0.1432    96.4829      98.52    192.700     4.4286 2.2282e+03          1         56 0.0000e+00
   38.80856  -69.12008    11.3211   3.891974    34.5582     39.671     39.977    11.3221   3.892542    34.5629     1.0752 1.3064e-03     0.1321    96.7519      98.53    194.851     4.4781 2.2290e+03          1         46 0.0000e+00
   38.80856  -69.12009    11.3634   3.892384    34.5212     40.654     40.967    11.3659   3.893522    34.5301     0.9007 7.2454e-04     0.1138    97.1955      98.53    195.314     4.4886 2.2354e+03          1         49 0.0000e+00
   38.80856  -69.12010    11.3872   3.892223    34.4966     41.632     41.953    11.3902   3.893292    34.5043     0.8128 1.6207e-03     0.0978    97.5845      98.52    193.201     4.4399 2.2286e+03          1         36 0.0000e+00
   38.80856  -69.12010    11.4016   3.892691    34.4872     42.718     43.048    11.4029   3.894126    34.5002     0.7734 8.8620e-04     0.0922    97.7215      98.53    191.391     4.3982 2.2313e+03          1         44 0.0000e+00
   38.80856  -69.12010    11.4194   3.894099    34.4840     43.617     43.954    11.4119   3.895169    34.5018     0.8041 1.3379e-03     0.0888    97.8043      98.53    189.231     4.3486 2.2356e+03          1         62 0.0000e+00
   38.80856  -69.12010    11.4295   3.895267    34.4857     44.641     44.986    11.4276   3.896239    34.4972     0.7258 2.0211e-03     0.0824    97.9616      98.53    186.427     4.2841 2.2267e+03          1         37 0.0000e+00
   38.80856  -69.12010    11.4729   3.896550    34.4566     45.675     46.028    11.4890   3.897375    34.4493     0.6484 9.6257e-04     0.0801    98.0172      98.53    186.619     4.2884 2.2282e+03          1         39 0.0000e+00
   38.80856  -69.12010    11.6466   3.898013    34.3056     46.649     47.009    11.6654   3.898832    34.2959     0.4994 1.6837e-03     0.0708    98.2451      98.53    187.301     4.3035 2.2359e+03          1         57 0.0000e+00
   38.80856  -69.12010    11.7122   3.899024    34.2546     47.593     47.961    11.7150   3.899788    34.2595     0.4270 1.0864e-03     0.0548    98.6381      98.53    185.820     4.2692 2.2331e+03          1         50 0.0000e+00
   38.80856  -69.12011    11.7614   3.899822    34.2167     48.612     48.988    11.7920   3.903977    34.2285     0.4118 1.8268e-04     0.0465    98.8455      98.53    184.577     4.2405 2.2292e+03          1         44 0.0000e+00
   38.80856  -69.12012    11.8403   3.901705    34.1614     49.633     50.017    11.8468   3.929903    34.4311     0.3553 1.0000e-12     0.0430    98.9300      98.53    184.554     4.2397 2.2304e+03          1         41 0.0000e+00
   38.80856  -69.12012    11.8958   3.905486    34.1469     50.630     51.022    11.9172   3.950892    34.5700     0.3308 6.5812e-03     0.0386    99.0406      98.53    185.723     4.2665 2.2326e+03          1         43 0.0000e+00
   38.80854  -69.12012    11.9735   3.923226    34.2476     51.649     52.049    11.9881   3.966275    34.6537     0.3213 1.5398e-02     0.0362    99.0993      88.25    186.575     4.2863 2.2361e+03          1         50 0.0000e+00
   38.80854  -69.12012    12.0841   3.960419    34.5065     52.528     52.935    12.0858   3.984481    34.7394     0.3113 4.1106e-03     0.0326    99.1876      88.58    203.527     4.6766 2.2325e+03          1         61 0.0000e+00
   38.80854  -69.12013    12.1389   3.981947    34.6651     53.551     53.965    12.1448   3.994719    34.7839     0.2699 1.2447e-03     0.0304    99.2433      53.90    237.793     5.4646 2.2291e+03          1         36 0.0000e+00
   38.80854  -69.12014    12.2106   3.994502    34.7194     54.607     55.030    12.2038   4.004367    34.8219     0.2687 3.2950e-05     0.0274    99.3187      98.53    249.698     5.7383 2.2268e+03          1         32 0.0000e+00
   38.80854  -69.12014    12.3231   4.014302    34.8056     55.644     56.075    12.3234   4.020665    34.8671     0.2662 2.1921e-03     0.0262    99.3469      98.53    241.702     5.5548 2.2360e+03          1         65 0.0000e+00
   38.80854  -69.12014    12.3253   4.020130    34.8620     56.480     56.918    12.3242   4.021896    34.8802     0.2615 4.6169e-03     0.0257    99.3604      98.53    235.740     5.4180 2.2351e+03          1         43 0.0000e+00
   38.80854  -69.12014    12.3841   4.026653    34.8696     57.533     57.979    12.3718   4.026290    34.8780     0.2280 1.5692e-02     0.0684    98.3072      98.53    232.755     5.3494 2.2311e+03          1         36 0.0000e+00
   38.80854  -69.12014    12.5511   4.051048    34.9472     58.553     59.007    12.5497   4.049918    34.9376     0.2129 6.6454e-03     0.0433    98.9231      98.52    234.790     5.3963 2.2325e+03          1         64 0.0000e+00
   38.80854  -69.12014    12.5577   4.052362    34.9553     59.457     59.918    12.5544   4.051891    34.9540     0.2184 2.5949e-04     0.0332    99.1726      98.52    237.595     5.4608 2.2336e+03          1         36 0.0000e+00
   38.80854  -69.12014    12.7218   4.072820    34.9961     60.529     60.999    12.7178   4.070203    34.9748     0.1730 2.9776e-03     0.0307    99.2358      98.53    234.605     5.3921 2.2344e+03          1         30 0.0000e+00
   38.80854  -69.12015    12.7392   4.077226    35.0238     61.655     62.134    12.7419   4.077646    35.0253     0.1601 3.4583e-03     0.0148    99.6317      98.53    233.300     5.3622 2.2332e+03          1         72 0.0000e+00
   38.80854  -69.12016    12.7504   4.078580    35.0281     62.447     62.932    12.7435   4.077804    35.0272     0.1743 1.3823e-03     0.0117    99.7094      98.53    231.200     5.3139 2.2319e+03          1         49 0.0000e+00
   38.80854  -69.12016    12.8716   4.092523    35.0467     63.425     63.918    12.8675   4.091394    35.0398     0.1583 8.1261e-05     0.0217    99.4585      98.52    230.156     5.2899 2.2336e+03          1         31 0.0000e+00
   38.80854  -69.12016    12.9915   4.108646    35.0876     64.493     64.994    12.9940   4.109302    35.0914     0.1525 1.0000e-12     0.0179    99.5549      98.53    230.528     5.2984 2.2348e+03          1         39 0.0000e+00
   38.80854  -69.12016    13.1552   4.131312    35.1497     65.514     66.024    13.1488   4.131119    35.1539     0.1231 1.0000e-12     0.0160    99.6005      98.53    229.906     5.2842 2.2350e+03          1         50 0.0000e+00
   38.80854  -69.12017    13.1905   4.136671    35.1695     66.510     67.027    13.1920   4.137074    35.1719     0.0988 1.0703e-04     0.0691    98.2967      98.53    228.047     5.2416 2.2358e+03          1         59 0.0000e+00
   38.80854  -69.12018    13.2888   4.149173    35.1967     67.436     67.961    13.2888   4.148465    35.1899     0.1050 1.2770e-02     0.4312    89.8244      98.53    227.395     5.2266 2.2283e+03          1         45 0.0000e+00
   38.80854  -69.12018    13.4372   4.168614    35.2413     68.454     68.987    13.4431   4.169030    35.2396     0.1233 2.2716e-03     0.1647    95.9689      98.52    226.883     5.2148 2.2298e+03          1         35 0.0000e+00
   38.80852  -69.12018    13.5946   4.188949    35.2859     69.480     70.020    13.5800   4.186697    35.2785     0.1444 8.9391e-04     0.0793    98.0367      98.53    228.116     5.2432 2.2436e+03          1         51 0.0000e+00
