Data/ruptures/KN207-01/QL-1/20701018.cnv
* Sea-Bird SBE 9 Data File:
* FileName = C:\Data\ctd\20701018.hex
* Software Version Seasave V 7.21e
* Temperature SN = 4406
* Conductivity SN = 1474
* Number of Bytes Per Scan = 40
* Number of Voltage Words = 5
* Number of Scans Averaged by the Deck Unit = 1
* NMEA Latitude = 38 58.10 N
* NMEA Longitude = 068 59.84 W
* NMEA UTC (Time) = Apr 23 2012 23:59:19
** R/V Knorr Cruise # KN207-01 QL1
** Chief Scientist: Ben Van Mooy
# nquan = 21
# nvalues = 403                         
# units = specified
# name 0 = latitude: Latitude [deg]
# name 1 = longitude: Longitude [deg]
# name 2 = t090C: Temperature [ITS-90, deg C]
# name 3 = c0S/m: Conductivity [S/m]
# name 4 = sal00: Salinity, Practical [PSU]
# name 5 = depSM: Depth [salt water, m]
# name 6 = prDM: Pressure, Digiquartz [db]
# name 7 = t190C: Temperature, 2 [ITS-90, deg C]
# name 8 = c1S/m: Conductivity, 2 [S/m]
# name 9 = sal11: Salinity, Practical, 2 [PSU]
# name 10 = flECO-AFL: Fluorescence, WET Labs ECO-AFL/FL [mg/m^3]
# name 11 = par: PAR/Irradiance, Biospherical/Licor
# name 12 = bat: Beam Attenuation, Chelsea/Seatech [1/m]
# name 13 = xmiss: Beam Transmission, Chelsea/Seatech [%]
# name 14 = altM: Altimeter [m]
# name 15 = sbeox0Mm/Kg: Oxygen, SBE 43 [umol/kg]
# name 16 = sbeox0ML/L: Oxygen, SBE 43 [ml/l]
# name 17 = spar: SPAR/Surface Irradiance
# name 18 = pumps: Pump Status
# name 19 = nbin: number of scans per bin
# name 20 = flag: flag
# span 0 =   38.96630,   38.96833       
# span 1 =  -68.99776,  -68.99751       
# span 2 =    10.6590,    14.7834       
# span 3 =   3.791655,   4.367128       
# span 4 =    33.7502,    35.8222       
# span 5 =      2.131,    202.149       
# span 6 =      2.147,    203.791       
# span 7 =    10.6272,    14.7826       
# span 8 =   3.790200,   4.366475       
# span 9 =    33.9641,    35.8278       
# span 10 =    -0.0045,     3.0202      
# span 11 = 1.0000e-12, 1.2545e-01      
# span 12 =    -0.0159,     0.3355      
# span 13 =    91.9560,   100.3989      
# span 14 =       1.94,      98.62      
# span 15 =    144.100,    394.897      
# span 16 =     3.3133,     9.0697      
# span 17 = 1.3384e+01, 1.4804e+01      
# span 18 =          1,          1      
# span 19 =          7,        337      
# span 20 = 0.0000e+00, 0.0000e+00      
# interval = decibars: 1                
# start_time = Apr 23 2012 23:59:19 [NMEA time, header]
# bad_flag = -9.990e-29
*END*
[from data line 345]
   38.96722  -68.99758    12.5432   4.049017    34.9567     58.517     58.972    12.5241   4.047412    34.9591     0.1839 1.0000e-12     0.0132    99.6703      98.60    232.619     5.3464 1.4021e+01          1         21 0.0000e+00
   38.96722  -68.99758    12.5104   4.044969    34.9480     57.563     58.010    12.5005   4.044068    34.9483     0.1925 1.0000e-12     0.0143    99.6428      98.58    234.816     5.3969 1.3971e+01          1         19 0.0000e+00
   38.96722  -68.99758    12.4358   4.035060    34.9226     56.596     57.035    12.4202   4.034380    34.9306     0.2113 1.0000e-12     0.0160    99.5998      98.58    236.324     5.4315 1.4398e+01          1         22 0.0000e+00
   38.96722  -68.99758    12.3743   4.026800    34.9003     55.592     56.024    12.3616   4.025483    34.8993     0.2044 1.0000e-12     0.0203    99.4936      98.59    236.716     5.4406 1.3985e+01          1         26 0.0000e+00
   38.96721  -68.99758    12.3989   4.029086    34.8969     54.579     55.003    12.4167   4.030915    34.8972     0.2530 1.0000e-12     0.0258    99.3585      98.59    237.253     5.4529 1.4185e+01          1         39 0.0000e+00
   38.96720  -68.99758    12.4493   4.034825    34.9025     53.561     53.977    12.4492   4.034859    34.9027     0.3566 1.0000e-12     0.0291    99.2755      98.59    239.135     5.4961 1.4037e+01          1         41 0.0000e+00
   38.96720  -68.99758    12.4553   4.035142    34.8987     52.589     52.996    12.4378   4.033116    34.8958     0.3945 1.0000e-12     0.0345    99.1400      98.59    239.690     5.5088 1.3992e+01          1         44 0.0000e+00
   38.96720  -68.99758    12.4225   4.030478    34.8845     51.667     52.068    12.4108   4.029372    34.8847     0.4165 1.0000e-12     0.0408    98.9862      98.58    239.761     5.5104 1.4384e+01          1         29 0.0000e+00
   38.96720  -68.99758    12.3060   4.015074    34.8465     50.639     51.032    12.3048   4.016842    34.8645     0.4278 1.0000e-12     0.0448    98.8854      98.59    241.306     5.5459 1.4187e+01          1         25 0.0000e+00
   38.96720  -68.99758    12.2338   4.005698    34.8240     49.619     50.003    12.2341   4.006527    34.8316     0.4384 1.0000e-12     0.0467    98.8391      98.59    243.114     5.5874 1.4181e+01          1         28 0.0000e+00
   38.96720  -68.99758    12.1473   3.994457    34.7968     48.604     48.981    12.1522   3.996779    34.8145     0.4815 1.0000e-12     0.0505    98.7460      98.58    244.011     5.6080 1.4076e+01          1         29 0.0000e+00
   38.96719  -68.99758    12.0197   3.978305    34.7608     47.613     47.981    12.0287   3.980845    34.7768     0.5242 1.0000e-12     0.0549    98.6363      98.59    245.239     5.6362 1.4293e+01          1         27 0.0000e+00
   38.96718  -68.99758    11.8647   3.958567    34.7152     46.612     46.973    11.8598   3.959946    34.7333     0.5360 1.0000e-12     0.0574    98.5747      98.59    246.733     5.6705 1.4468e+01          1         35 0.0000e+00
   38.96717  -68.99759    11.6220   3.927925    34.6417     45.430     45.781    11.6039   3.926236    34.6421     0.5563 1.0000e-12     0.0618    98.4666      98.59    250.671     5.7610 1.4345e+01          1        137 0.0000e+00
   38.96716  -68.99760    11.5860   3.923291    34.6253     44.711     45.057    11.5766   3.922347    34.6249     0.5302 1.0000e-12     0.0621    98.4578      98.59    253.184     5.8187 1.4500e+01          1         30 0.0000e+00
   38.96716  -68.99760    11.5507   3.918758    34.6139     43.658     43.996    11.5569   3.920239    34.6223     0.5869 1.0000e-12     0.0645    98.4011      98.58    253.848     5.8339 1.3830e+01          1         25 0.0000e+00
   38.96714  -68.99758    11.4512   3.906197    34.5849     42.641     42.971    11.4506   3.907395    34.5972     0.6194 1.0000e-12     0.0712    98.2364      98.59    254.301     5.8443 1.4230e+01          1         29 0.0000e+00
   38.96714  -68.99758    11.4263   3.902914    34.5752     41.670     41.992    11.4313   3.903761    34.5787     0.7105 1.0000e-12     0.0743    98.1587      98.58    253.938     5.8360 1.4303e+01          1         34 0.0000e+00
   38.96713  -68.99758    11.4185   3.901735    34.5681     40.709     41.023    11.4143   3.901376    34.5685     0.7786 1.0000e-12     0.0796    98.0301      98.59    255.952     5.8822 1.4401e+01          1        125 0.0000e+00
   38.96712  -68.99758    11.4108   3.900696    34.5622     39.944     40.253    11.4106   3.900733    34.5627     0.7258 1.0000e-12     0.0815    97.9817      98.59    256.407     5.8927 1.4532e+01          1         68 0.0000e+00
   38.96709  -68.99759    11.4020   3.898933    34.5527     38.785     39.084    11.4026   3.899155    34.5543     0.8224 1.0000e-12     0.0893    97.7930      98.59    256.531     5.8955 1.4297e+01          1        154 0.0000e+00
   38.96707  -68.99759    11.3694   3.893285    34.5276     37.876     38.169    11.3688   3.893337    34.5288     0.9949 1.0000e-12     0.1043    97.4268      98.60    255.940     5.8818 1.4359e+01          1        135 0.0000e+00
   38.96700  -68.99761    11.3417   3.889522    34.5164     36.840     37.124    11.3381   3.889156    34.5163     1.2012 1.0000e-12     0.1273    96.8679      98.59    256.343     5.8910 1.4324e+01          1        337 0.0000e+00
   38.96690  -68.99764    11.3432   3.889587    34.5160     35.952     36.230    11.3386   3.889097    34.5155     1.1580 1.0000e-12     0.1289    96.8293      98.60    256.835     5.9024 1.4183e+01          1         81 0.0000e+00
   38.96687  -68.99765    11.2498   3.876972    34.4798     34.681     34.949    11.2495   3.876983    34.4803     1.4156 1.0000e-12     0.1518    96.2756      98.60    258.204     5.9337 1.4499e+01          1        240 0.0000e+00
   38.96677  -68.99767    11.2266   3.873871    34.4706     33.885     34.147    11.2256   3.873774    34.4707     1.4627 1.0000e-12     0.1618    96.0365      98.60    257.665     5.9214 1.4485e+01          1         75 0.0000e+00
   38.96670  -68.99769    11.1973   3.869995    34.4606     32.744     32.997    11.2028   3.870815    34.4635     1.4647 1.0000e-12     0.1753    95.7115      98.61    258.978     5.9515 1.4349e+01          1        148 0.0000e+00
   38.96666  -68.99770    11.0998   3.856754    34.4225     31.679     31.923    11.0823   3.855692    34.4290     1.6189 1.0000e-12     0.1896    95.3697      98.61    259.539     5.9643 1.3979e+01          1         30 0.0000e+00
   38.96665  -68.99771    11.0578   3.851066    34.4050     31.017     31.256    11.0821   3.853659    34.4075     1.8571 1.0000e-12     0.2234    94.5687      98.61    262.323     6.0283 1.4061e+01          1         56 0.0000e+00
   38.96664  -68.99772    10.9813   3.840094    34.3686     29.795     30.025    11.0009   3.844981    34.3988     1.9518 1.0000e-12     0.2401    94.1749      98.61    267.064     6.1371 1.4252e+01          1         18 0.0000e+00
   38.96664  -68.99772    10.8072   3.817347    34.3094     28.758     28.979    10.8314   3.823586    34.3489     2.0890 1.0000e-12     0.2508    93.9224      98.62    267.969     6.1578 1.3979e+01          1         15 0.0000e+00
   38.96664  -68.99772    10.7192   3.806173    34.2822     27.767     27.981    10.7238   3.808221    34.2987     2.1444 1.0000e-12     0.2597    93.7138      98.61    267.730     6.1523 1.4070e+01          1         13 0.0000e+00
   38.96664  -68.99772    10.6590   3.796089    34.2386     26.794     27.000    10.6272   3.794604    34.2548     2.3246 1.0000e-12     0.2801    93.2367      98.61    267.806     6.1539 1.4434e+01          1         17 0.0000e+00
   38.96664  -68.99772    10.6691   3.791655    34.1833     25.700     25.898    10.6316   3.790200    34.2052     2.5588 1.0000e-12     0.3355    91.9560      98.61    269.211     6.1859 1.4565e+01          1         34 0.0000e+00
   38.96662  -68.99771    11.1015   3.835053    34.2009     24.944     25.136    10.9257   3.818156    34.1997     2.6789 9.2348e-05     0.3340    91.9905      98.61    278.785     6.4055 1.4330e+01          1         33 0.0000e+00
   38.96662  -68.99770    11.3787   3.861517    34.2002     23.839     24.022    11.2792   3.849812    34.1767     2.4977 5.4544e-05     0.3188    92.3402      98.61    280.991     6.4559 1.4195e+01          1         22 0.0000e+00
   38.96662  -68.99770    11.4331   3.866211    34.1965     22.809     22.984    11.3347   3.856987    34.1965     2.3479 1.3886e-05     0.3152    92.4213      98.62    280.537     6.4454 1.4234e+01          1         21 0.0000e+00
   38.96662  -68.99770    11.5062   3.872429    34.1897     21.816     21.984    11.4038   3.862301    34.1848     2.2892 3.7278e-05     0.3121    92.4937      98.61    279.801     6.4283 1.4165e+01          1         20 0.0000e+00
   38.96660  -68.99774    11.6256   3.881529    34.1674     20.840     21.000    11.5084   3.870640    34.1690     2.2048 6.1852e-05     0.3095    92.5561      98.61    279.344     6.4176 1.4323e+01          1         19 0.0000e+00
   38.96660  -68.99774    11.7442   3.889656    34.1367     19.832     19.984    11.6287   3.879898    34.1478     2.1300 8.9946e-05     0.3080    92.5892      98.62    279.127     6.4124 1.4160e+01          1         23 0.0000e+00
   38.96660  -68.99774    12.0180   3.912593    34.1079     18.913     19.058    11.8780   3.900434    34.1189     1.9608 3.8066e-04     0.3048    92.6625      80.75    276.686     6.3558 1.4173e+01          1         82 0.0000e+00
   38.96658  -68.99774    12.5361   3.957516    34.0662     17.849     17.986    12.3709   3.940151    34.0512     1.6468 8.5105e-04     0.3092    92.5629      89.21    272.555     6.2601 1.4414e+01          1         13 0.0000e+00
   38.96658  -68.99774    12.6092   3.963195    34.0546     16.836     16.966    12.5427   3.956464    34.0496     1.6062 8.0373e-04     0.3110    92.5195      98.61    273.801     6.2886 1.4242e+01          1         13 0.0000e+00
   38.96658  -68.99774    12.6215   3.963970    34.0526     15.849     15.970    12.6005   3.961897    34.0500     1.5718 7.8485e-04     0.3140    92.4504      98.61    274.228     6.2984 1.4128e+01          1         15 0.0000e+00
   38.96658  -68.99774    12.6273   3.964176    34.0522     14.783     14.896    12.6186   3.963353    34.0504     1.5969 8.4600e-04     0.3173    92.3742      98.61    271.794     6.2425 1.4040e+01          1         34 0.0000e+00
   38.96658  -68.99774    12.6219   3.963075    34.0547     14.126     14.235    12.6186   3.962848    34.0545     1.6063 1.0905e-03     0.3182    92.3542      98.61    269.370     6.1868 1.4265e+01          1         76 0.0000e+00
   38.96656  -68.99774    12.6342   3.963179    34.0502     12.928     13.027    12.6276   3.962519    34.0496     1.5830 1.2629e-03     0.3182    92.3543      98.61    269.536     6.1906 1.4330e+01          1         33 0.0000e+00
   38.96656  -68.99774    12.6407   3.964021    34.0536     11.801     11.891    12.6407   3.963957    34.0526     1.6129 1.2472e-03     0.3180    92.3568      23.82    270.138     6.2044 1.4306e+01          1         46 0.0000e+00
   38.96654  -68.99774    12.6472   3.964674    34.0567     10.940     11.024    12.6451   3.964476    34.0566     1.5884 1.8431e-03     0.3195    92.3246       3.55    270.185     6.2055 1.4330e+01          1         33 0.0000e+00
   38.96643  -68.99776    12.6524   3.964967    34.0560      9.995     10.071    12.6523   3.964904    34.0555     1.6175 3.2410e-03     0.3212    92.2845       2.32    270.219     6.2063 1.4236e+01          1        186 0.0000e+00
   38.96638  -68.99776    12.6527   3.964596    34.0528      8.952      9.020    12.6520   3.964497    34.0525     1.5382 4.7347e-03     0.3202    92.3084       2.08    270.258     6.2071 1.4530e+01          1         37 0.0000e+00
   38.96638  -68.99776    12.6540   3.964668    34.0527      7.917      7.977    12.6544   3.964699    34.0527     1.5385 3.5143e-03     0.3206    92.2969       2.35    270.064     6.2027 1.4500e+01          1         38 0.0000e+00
   38.96637  -68.99775    12.6537   3.964629    34.0529      7.198      7.253    12.6534   3.964633    34.0533     1.6097 4.5268e-03     0.3208    92.2932       2.50    269.985     6.2009 1.4428e+01          1         62 0.0000e+00
   38.96636  -68.99772    12.6518   3.964420    34.0532      5.962      6.007    12.6522   3.964456    34.0531     1.4907 5.0405e-03     0.3222    92.2600       4.05    269.991     6.2010 1.4360e+01          1         16 0.0000e+00
   38.96636  -68.99772    12.6510   3.964251    34.0528      4.892      4.929    12.6504   3.964223    34.0530     1.5768 2.1841e-03     0.3192    92.3307       3.83    270.208     6.2060 1.4709e+01          1         32 0.0000e+00
   38.96634  -68.99772    12.6485   3.964008    34.0532      4.014      4.044    12.6491   3.964109    34.0535     1.5748 6.3033e-03     0.3205    92.2995       2.30    270.193     6.2057 1.4202e+01          1         90 0.0000e+00
   38.96632  -68.99774    12.6477   3.963844    34.0526      3.213      3.237    12.6477   3.963868    34.0528     1.5741 6.9434e-02     0.3201    92.3091       2.48    270.407     6.2106 1.4261e+01          1        145 0.0000e+00
   38.96630  -68.99772    12.6468   3.963658    34.0521      2.131      2.147    12.6463   3.963600    34.0520     1.5070 1.2545e-01     0.3204    92.3018       3.36    270.271     6.2074 1.4659e+01          1         42 0.0000e+00
