Data/ruptures/KN207-01/QL-1/20701023.cnv
* Sea-Bird SBE 9 Data File:
* FileName = C:\Data\ctd\20701023.hex
* Software Version Seasave V 7.21e
* Temperature SN = 4406
* Conductivity SN = 1474
* Number of Bytes Per Scan = 40
* Number of Voltage Words = 5
* Number of Scans Averaged by the Deck Unit = 1
* NMEA Latitude = 38 56.51 N
* NMEA Longitude = 068 56.88 W
* NMEA UTC (Time) = Apr 24 2012 17:09:13
** R/V Knorr Cruise # KN207-01 QL1
** Chief Scientist: Ben Van Mooy
# nquan = 21
# nvalues = 399                         
# units = specified
# name 0 = latitude: Latitude [deg]
# name 1 = longitude: Longitude [deg]
# name 2 = t090C: Temperature [ITS-90, deg C]
# name 3 = c0S/m: Conductivity [S/m]
# name 4 = sal00: Salinity, Practical [PSU]
# name 5 = depSM: Depth [salt water, m]
# name 6 = prDM: Pressure, Digiquartz [db]
# name 7 = t190C: Temperature, 2 [ITS-90, deg C]
# name 8 = c1S/m: Conductivity, 2 [S/m]
# name 9 = sal11: Salinity, Practical, 2 [PSU]
# name 10 = flECO-AFL: Fluorescence, WET Labs ECO-AFL/FL [mg/m^3]
# name 11 = par: PAR/Irradiance, Biospherical/Licor
# name 12 = bat: Beam Attenuation, Chelsea/Seatech [1/m]
# name 13 = xmiss: Beam Transmission, Chelsea/Seatech [%]
# name 14 = altM: Altimeter [m]
# name 15 = sbeox0Mm/Kg: Oxygen, SBE 43 [umol/kg]
# name 16 = sbeox0ML/L: Oxygen, SBE 43 [ml/l]
# name 17 = spar: SPAR/Surface Irradiance
# name 18 = pumps: Pump Status
# name 19 = nbin: number of scans per bin
# name 20 = flag: flag
# span 0 =   38.93836,   38.94184       
# span 1 =  -68.94814,  -68.94730       
# span 2 =    11.1042,    14.7547       
# span 3 =   3.846158,   4.359590       
# span 4 =    33.0804,    35.8235       
# span 5 =      1.464,    199.315       
# span 6 =      1.475,    200.932       
# span 7 =    11.1092,    14.7546       
# span 8 =   3.860504,   4.359655       
# span 9 =    33.1112,    35.8274       
# span 10 =    -0.0015,     2.2907      
# span 11 = 2.7089e-04, 7.9082e+01      
# span 12 =    -0.0158,     0.3192      
# span 13 =    92.3311,   100.3953      
# span 14 =       3.24,      98.60      
# span 15 =    145.687,    409.912      
# span 16 =     3.3497,     9.4142      
# span 17 = 1.4240e+03, 2.6878e+03      
# span 18 =          1,          1      
# span 19 =          2,        902      
# span 20 = 0.0000e+00, 0.0000e+00      
# interval = decibars: 1                
# start_time = Apr 24 2012 17:09:13 [NMEA time, header]
# bad_flag = -9.990e-29
*END*
[from data line 276]
   38.94028  -68.94774    14.5386   4.324569    35.6721    122.037    123.004    14.5358   4.324314    35.6724     0.0298 6.7309e-03    -0.0131   100.3279      98.55    209.786     4.8223 1.5911e+03          1         24 0.0000e+00
   38.94026  -68.94772    14.5333   4.323651    35.6688    121.083    122.042    14.5321   4.323588    35.6693     0.0448 7.0008e-03    -0.0136   100.3413      98.55    210.083     4.8291 1.6061e+03          1         25 0.0000e+00
   38.94026  -68.94772    14.5280   4.322713    35.6653    120.066    121.016    14.5238   4.322348    35.6659     0.0222 7.3164e-03    -0.0129   100.3223      98.55    211.722     4.8668 1.6140e+03          1         20 0.0000e+00
   38.94026  -68.94772    14.5167   4.320860    35.6590    119.069    120.012    14.5145   4.320796    35.6606     0.0349 7.6465e-03    -0.0133   100.3330      98.55    212.450     4.8835 1.6132e+03          1         17 0.0000e+00
   38.94026  -68.94772    14.5034   4.318772    35.6526    118.042    118.976    14.5019   4.318841    35.6546     0.0458 8.0211e-03    -0.0134   100.3343      98.55    212.345     4.8811 1.6089e+03          1         18 0.0000e+00
   38.94026  -68.94772    14.4960   4.317650    35.6493    116.901    117.826    14.4960   4.317735    35.6500     0.0394 8.5334e-03    -0.0132   100.3305      98.55    212.658     4.8883 1.6009e+03          1         52 0.0000e+00
   38.94024  -68.94772    14.4902   4.316742    35.6462    116.204    117.123    14.4928   4.317357    35.6494     0.0403 8.7429e-03    -0.0133   100.3328      98.55    214.042     4.9201 1.6068e+03          1         37 0.0000e+00
   38.94024  -68.94772    14.4863   4.316051    35.6437    115.121    116.031    14.4851   4.315991    35.6443     0.0380 9.0234e-03    -0.0129   100.3224      98.55    214.294     4.9259 1.6159e+03          1         17 0.0000e+00
   38.94024  -68.94772    14.4792   4.314922    35.6403    114.109    115.011    14.4794   4.315112    35.6419     0.0449 9.4448e-03    -0.0125   100.3116      98.55    214.253     4.9250 1.6174e+03          1         14 0.0000e+00
   38.94024  -68.94772    14.4763   4.314456    35.6391    113.092    113.986    14.4766   4.314606    35.6402     0.0526 9.8859e-03    -0.0128   100.3201      98.55    214.068     4.9207 1.6164e+03          1         13 0.0000e+00
   38.94024  -68.94772    14.4733   4.313954    35.6376    112.083    112.969    14.4730   4.314152    35.6396     0.0323 1.0321e-02    -0.0132   100.3300      98.55    213.999     4.9191 1.6116e+03          1         13 0.0000e+00
   38.94024  -68.94772    14.4649   4.312687    35.6340    111.112    111.990    14.4635   4.312780    35.6362     0.0289 1.0705e-02    -0.0125   100.3122      98.55    213.996     4.9190 1.6083e+03          1         13 0.0000e+00
   38.94024  -68.94772    14.4569   4.311475    35.6307    110.087    110.956    14.4554   4.311439    35.6318     0.0513 1.1245e-02    -0.0117   100.2931      98.55    214.400     4.9283 1.6070e+03          1         23 0.0000e+00
   38.94024  -68.94772    14.4548   4.311150    35.6297    109.185    110.047    14.4551   4.311331    35.6311     0.0286 1.1860e-02    -0.0116   100.2899      98.55    214.791     4.9373 1.6161e+03          1         59 0.0000e+00
   38.94024  -68.94772    14.4495   4.310334    35.6273    108.165    109.019    14.4481   4.310206    35.6275     0.0310 1.2481e-02    -0.0128   100.3210      98.55    215.218     4.9471 1.6190e+03          1         20 0.0000e+00
   38.94024  -68.94772    14.4466   4.309853    35.6259    107.183    108.029    14.4462   4.309945    35.6271     0.0360 1.3079e-02    -0.0129   100.3220      98.55    215.273     4.9484 1.6193e+03          1         16 0.0000e+00
   38.94021  -68.94771    14.4388   4.308723    35.6232    106.160    106.997    14.4377   4.308811    35.6250     0.0182 1.3722e-02    -0.0124   100.3086      98.55    215.389     4.9510 1.6207e+03          1         18 0.0000e+00
   38.94020  -68.94770    14.4340   4.308044    35.6216    105.071    105.899    14.4318   4.307823    35.6217     0.0379 1.4527e-02    -0.0117   100.2923      98.55    215.413     4.9516 1.6208e+03          1         45 0.0000e+00
   38.94020  -68.94770    14.4237   4.306542    35.6177    104.246    105.067    14.4236   4.306756    35.6196     0.0331 1.4907e-02    -0.0114   100.2859      98.55    215.807     4.9607 1.6148e+03          1         28 0.0000e+00
   38.94020  -68.94770    14.4197   4.305880    35.6156    103.200    104.013    14.4187   4.305977    35.6174     0.0289 1.5424e-02    -0.0109   100.2735      98.55    216.077     4.9668 1.6128e+03          1         15 0.0000e+00
   38.94020  -68.94770    14.4119   4.304804    35.6134    102.209    103.014    14.4130   4.305147    35.6154     0.0450 1.6070e-02    -0.0108   100.2700      98.54    216.110     4.9676 1.6135e+03          1         12 0.0000e+00
   38.94020  -68.94771    14.4062   4.303919    35.6109    101.204    102.000    14.4061   4.304105    35.6126     0.0413 1.6751e-02    -0.0111   100.2786      98.55    216.152     4.9686 1.6164e+03          1         13 0.0000e+00
   38.94020  -68.94772    14.3991   4.302914    35.6086    100.198    100.986    14.3991   4.303209    35.6113     0.0350 1.7407e-02    -0.0110   100.2766      98.55    216.295     4.9719 1.6187e+03          1         13 0.0000e+00
   38.94020  -68.94772    14.3970   4.302564    35.6077     99.157     99.937    14.3966   4.302568    35.6081     0.0438 1.8304e-02    -0.0099   100.2490      98.54    216.471     4.9759 1.6257e+03          1         20 0.0000e+00
   38.94019  -68.94772    14.3983   4.302690    35.6075     98.358     99.131    14.3986   4.302787    35.6081     0.0398 1.9821e-02    -0.0107   100.2681      98.55    216.666     4.9804 1.6369e+03          1         76 0.0000e+00
   38.94018  -68.94772    14.3994   4.302613    35.6059     97.252     98.016    14.3996   4.302717    35.6066     0.0522 2.1867e-02    -0.0109   100.2730      98.55    216.468     4.9758 1.6093e+03          1         23 0.0000e+00
   38.94018  -68.94772    14.3956   4.301945    35.6037     96.214     96.970    14.3961   4.302169    35.6052     0.0348 2.2875e-02    -0.0111   100.2786      98.55    216.620     4.9793 1.6131e+03          1         29 0.0000e+00
   38.94017  -68.94771    14.3853   4.300470    35.6000     95.205     95.953    14.3873   4.300951    35.6026     0.0166 2.3574e-02    -0.0116   100.2898      98.52    216.241     4.9706 1.6384e+03          1         46 0.0000e+00
   38.94016  -68.94770    14.3514   4.295690    35.5879     94.281     95.021    14.3474   4.295460    35.5896     0.0197 2.4868e-02    -0.0112   100.2819      98.55    216.689     4.9809 1.6899e+03          1         54 0.0000e+00
   38.94015  -68.94771    14.3206   4.291360    35.5767     93.329     94.062    14.3153   4.290807    35.5765     0.0385 2.8373e-02    -0.0113   100.2825      98.55    216.778     4.9829 1.6811e+03          1        113 0.0000e+00
   38.94014  -68.94772    14.3026   4.288801    35.5699     92.315     93.040    14.2994   4.288457    35.5696     0.0336 2.9646e-02    -0.0108   100.2700      98.55    217.239     4.9935 1.6313e+03          1         18 0.0000e+00
   38.94014  -68.94772    14.2890   4.286752    35.5640     91.282     91.999    14.2838   4.286536    35.5669     0.0458 3.0785e-02    -0.0106   100.2650      98.55    217.346     4.9960 1.6395e+03          1         17 0.0000e+00
   38.94014  -68.94772    14.2539   4.281797    35.5515     90.252     90.960    14.2577   4.283075    35.5597     0.0320 3.2164e-02    -0.0097   100.2421      98.55    217.548     5.0006 1.6591e+03          1         19 0.0000e+00
   38.94012  -68.94768    14.2225   4.277411    35.5406     89.218     89.918    14.2215   4.277634    35.5436     0.0460 3.4189e-02    -0.0088   100.2201      98.55    217.475     4.9989 1.7020e+03          1         29 0.0000e+00
   38.94011  -68.94768    14.2143   4.276279    35.5372     88.543     89.237    14.2125   4.276232    35.5385     0.0371 3.8243e-02    -0.0089   100.2226      98.55    218.342     5.0188 1.7300e+03          1         56 0.0000e+00
   38.94010  -68.94768    14.1610   4.268798    35.5175     87.286     87.971    14.1595   4.269194    35.5225     0.0311 4.4654e-02    -0.0088   100.2193      98.55    219.069     5.0355 1.6565e+03          1         13 0.0000e+00
   38.94010  -68.94768    14.1310   4.264678    35.5077     86.302     86.978    14.1311   4.265349    35.5139     0.0212 4.7320e-02    -0.0085   100.2106      98.55    219.444     5.0441 1.6949e+03          1         17 0.0000e+00
   38.94009  -68.94769    14.1242   4.263760    35.5053     85.182     85.849    14.1238   4.263893    35.5068     0.0477 5.3290e-02    -0.0076   100.1898      98.55    219.637     5.0486 1.8021e+03          1         90 0.0000e+00
   38.94008  -68.94770    14.0605   4.254940    35.4827     84.259     84.919    14.0549   4.254572    35.4846     0.0352 6.0266e-02    -0.0073   100.1817      98.55    219.998     5.0569 1.7651e+03          1         70 0.0000e+00
   38.94006  -68.94766    14.0492   4.253389    35.4784     83.447     84.101    14.0499   4.253515    35.4789     0.0543 6.5178e-02    -0.0064   100.1601      98.56    221.812     5.0985 1.7341e+03          1         41 0.0000e+00
   38.94006  -68.94766    14.0513   4.253615    35.4786     82.345     82.990    14.0536   4.254060    35.4805     0.0401 6.7650e-02    -0.0056   100.1415      98.56    222.044     5.1039 1.9397e+03          1         27 0.0000e+00
   38.94006  -68.94766    14.0498   4.253410    35.4782     81.226     81.862    14.0511   4.253671    35.4794     0.0488 6.4397e-02    -0.0066   100.1668      98.55    222.205     5.1076 2.1295e+03          1         54 0.0000e+00
   38.94006  -68.94770    14.0436   4.252408    35.4746     80.476     81.106    14.0430   4.252463    35.4758     0.0644 5.7978e-02    -0.0066   100.1667      85.78    221.382     5.0886 1.7061e+03          1         51 0.0000e+00
   38.94006  -68.94770    14.0404   4.251933    35.4735     79.369     79.989    14.0389   4.251909    35.4747     0.0285 5.7030e-02    -0.0053   100.1327      98.55    221.242     5.0854 1.7342e+03          1         34 0.0000e+00
   38.94004  -68.94768    14.0242   4.249646    35.4676     78.337     78.950    14.0191   4.249168    35.4680     0.0453 5.8545e-02    -0.0069   100.1722      98.55    221.377     5.0885 1.7225e+03          1         65 0.0000e+00
   38.94002  -68.94766    14.0135   4.248081    35.4631     77.488     78.094    14.0137   4.248173    35.4637     0.0604 6.3657e-02    -0.0065   100.1627      98.55    221.644     5.0947 1.6806e+03          1         63 0.0000e+00
   38.94002  -68.94767    14.0162   4.248341    35.4632     76.458     77.056    14.0165   4.248499    35.4643     0.0746 7.0799e-02    -0.0073   100.1825      98.56    221.888     5.1003 1.6332e+03          1         23 0.0000e+00
   38.94000  -68.94770    14.0260   4.249413    35.4643     75.420     76.009    14.0242   4.249195    35.4638     0.0485 7.5710e-02    -0.0076   100.1905       3.55    221.258     5.0858 1.6575e+03          1         21 0.0000e+00
   38.94000  -68.94769    14.0216   4.248797    35.4630     74.531     75.113    14.0208   4.248783    35.4635     0.0283 7.8214e-02    -0.0072   100.1813      91.77    221.289     5.0865 1.7164e+03          1         80 0.0000e+00
   38.94000  -68.94766    14.0025   4.245831    35.4537     73.450     74.023    13.9918   4.244862    35.4548     0.0584 8.8191e-02    -0.0077   100.1919      98.55    220.942     5.0785 1.6648e+03          1         16 0.0000e+00
   38.94000  -68.94766    13.9703   4.241202    35.4413     72.428     72.993    13.9737   4.241925    35.4448     0.0392 1.0083e-01    -0.0076   100.1903      98.55    220.796     5.0751 1.6763e+03          1         16 0.0000e+00
   38.94000  -68.94766    13.9604   4.239791    35.4378     71.365     71.922    13.9588   4.239873    35.4400     0.0197 1.1704e-01    -0.0069   100.1724      98.56    220.676     5.0724 1.6612e+03          1         23 0.0000e+00
   38.93999  -68.94768    13.9533   4.238873    35.4357     70.663     71.214    13.9483   4.238114    35.4333     0.0322 1.3995e-01    -0.0066   100.1646      98.55    221.418     5.0894 1.8975e+03          1         76 0.0000e+00
   38.93998  -68.94770    13.9268   4.234974    35.4244     69.474     70.016    13.9302   4.235671    35.4276     0.0618 1.5449e-01    -0.0069   100.1737      98.56    221.960     5.1019 2.0641e+03          1         24 0.0000e+00
   38.93996  -68.94765    13.9118   4.232811    35.4186     68.453     68.986    13.9140   4.233378    35.4217     0.0519 1.5788e-01    -0.0068   100.1707      14.66    221.841     5.0991 2.6878e+03          1         20 0.0000e+00
   38.93996  -68.94764    13.8949   4.230487    35.4131     67.443     67.969    13.8941   4.230703    35.4158     0.0782 1.6303e-01    -0.0069   100.1728      97.46    221.983     5.1024 1.9609e+03          1         26 0.0000e+00
   38.93995  -68.94765    13.8883   4.229553    35.4103     66.693     67.213    13.8816   4.228783    35.4094     0.0584 1.7565e-01    -0.0062   100.1549      98.56    222.525     5.1148 2.0578e+03          1        107 0.0000e+00
   38.93994  -68.94768    13.8657   4.226272    35.4011     65.439     65.948    13.8598   4.225870    35.4028     0.0548 2.0504e-01    -0.0057   100.1419      98.56    222.688     5.1186 1.6452e+03          1         25 0.0000e+00
   38.93993  -68.94767    13.8168   4.219532    35.3841     64.524     65.026    13.8024   4.218028    35.3835     0.0753 2.1130e-01    -0.0015   100.0383      95.14    223.829     5.1448 1.9672e+03          1         91 0.0000e+00
   38.93992  -68.94764    13.7405   4.209007    35.3573     63.534     64.029    13.7223   4.206618    35.3519     0.0801 2.0126e-01    -0.0011   100.0270      74.57    224.263     5.1547 1.7503e+03          1         24 0.0000e+00
   38.93992  -68.94764    13.6780   4.200087    35.3329     62.505     62.991    13.6817   4.201973    35.3468     0.0830 2.0726e-01    -0.0007   100.0175      80.12    224.952     5.1705 1.6425e+03          1         19 0.0000e+00
   38.93992  -68.94764    13.5996   4.190082    35.3129     61.460     61.938    13.6117   4.192498    35.3239     0.1002 2.0552e-01    -0.0002   100.0045      76.62    226.039     5.1955 1.6926e+03          1         30 0.0000e+00
   38.93990  -68.94767    13.5737   4.186599    35.3031     60.669     61.141    13.5588   4.184912    35.3011     0.0810 1.8275e-01    -0.0005   100.0124      98.56    226.389     5.2036 1.6332e+03          1        112 0.0000e+00
   38.93990  -68.94767    13.5203   4.179450    35.2849     59.515     59.978    13.5155   4.178974    35.2848     0.0638 1.5222e-01    -0.0009   100.0216      98.56    226.454     5.2050 1.6040e+03          1         35 0.0000e+00
   38.93988  -68.94764    13.4966   4.176416    35.2784     58.604     59.059    13.4979   4.176993    35.2823     0.0835 1.5207e-01    -0.0004   100.0099      98.56    226.729     5.2114 1.5823e+03          1         44 0.0000e+00
   38.93988  -68.94764    13.4293   4.167238    35.2553     57.582     58.029    13.4418   4.169819    35.2676     0.0888 1.5694e-01     0.0002    99.9959      98.56    227.194     5.2220 1.5735e+03          1         28 0.0000e+00
   38.93988  -68.94764    13.3881   4.161630    35.2411     56.518     56.956    13.3935   4.162875    35.2477     0.0871 1.6628e-01     0.0011    99.9740      98.56    227.231     5.2229 1.5782e+03          1         27 0.0000e+00
   38.93986  -68.94766    13.3860   4.161487    35.2405     55.742     56.175    13.3761   4.160267    35.2384     0.1076 1.7691e-01     0.0016    99.9595      98.56    227.902     5.2383 1.5836e+03          1         99 0.0000e+00
