Data/ruptures/KN207-01/QL-1/20701025.cnv
* Sea-Bird SBE 9 Data File:
* FileName = C:\Data\ctd\20701025.hex
* Software Version Seasave V 7.21e
* Temperature SN = 4406
* Conductivity SN = 1474
* Number of Bytes Per Scan = 40
* Number of Voltage Words = 5
* Number of Scans Averaged by the Deck Unit = 1
* NMEA Latitude = 38 55.14 N
* NMEA Longitude = 068 58.92 W
* NMEA UTC (Time) = Apr 24 2012 20:59:46
** R/V Knorr Cruise # KN207-01 QL1
** Chief Scientist: Ben Van Mooy
# nquan = 21
# nvalues = 400                         
# units = specified
# name 0 = latitude: Latitude [deg]
# name 1 = longitude: Longitude [deg]
# name 2 = t090C: Temperature [ITS-90, deg C]
# name 3 = c0S/m: Conductivity [S/m]
# name 4 = sal00: Salinity, Practical [PSU]
# name 5 = depSM: Depth [salt water, m]
# name 6 = prDM: Pressure, Digiquartz [db]
# name 7 = t190C: Temperature, 2 [ITS-90, deg C]
# name 8 = c1S/m: Conductivity, 2 [S/m]
# name 9 = sal11: Salinity, Practical, 2 [PSU]
# name 10 = flECO-AFL: Fluorescence, WET Labs ECO-AFL/FL [mg/m^3]
# name 11 = par: PAR/Irradiance, Biospherical/Licor
# name 12 = bat: Beam Attenuation, Chelsea/Seatech [1/m]
# name 13 = xmiss: Beam Transmission, Chelsea/Seatech [%]
# name 14 = altM: Altimeter [m]
# name 15 = sbeox0Mm/Kg: Oxygen, SBE 43 [umol/kg]
# name 16 = sbeox0ML/L: Oxygen, SBE 43 [ml/l]
# name 17 = spar: SPAR/Surface Irradiance
# name 18 = pumps: Pump Status
# name 19 = nbin: number of scans per bin
# name 20 = flag: flag
# span 0 =   38.91795,   38.91912       
# span 1 =  -68.98310,  -68.98207       
# span 2 =    10.8969,    14.6854       
# span 3 =   3.819347,   4.352045       
# span 4 =    32.5159,    35.8396       
# span 5 =      2.311,    200.047       
# span 6 =      2.329,    201.670       
# span 7 =    10.9026,    14.6855       
# span 8 =   3.818237,   4.352153       
# span 9 =    33.2626,    35.8415       
# span 10 =     0.0094,     2.7584      
# span 11 = 2.9625e-04, 1.6864e+01      
# span 12 =    -0.0150,     0.3415      
# span 13 =    91.8157,   100.3766      
# span 14 =       4.41,      98.60      
# span 15 =    145.887,    438.500      
# span 16 =     3.3543,    10.0705      
# span 17 = 2.4530e+02, 3.7288e+02      
# span 18 =          1,          1      
# span 19 =         13,        229      
# span 20 = 0.0000e+00, 0.0000e+00      
# interval = decibars: 1                
# start_time = Apr 24 2012 20:59:46 [NMEA time, header]
# bad_flag = -9.990e-29
*END*
   38.91912  -68.98207    12.8679   3.822948    32.5159      3.179      3.204    12.8686   3.901729    33.2626     1.2132 8.1160e+00     0.3127    92.4795      21.57    324.834     7.4516 2.4607e+02          1        152 0.0000e+00
   38.91910  -68.98210    12.8596   3.921658    33.4595      3.837      3.867    12.8640   3.951937    33.7436     1.2018 6.9670e+00     0.3147    92.4342      43.89    319.514     7.3348 2.4839e+02          1        216 0.0000e+00
   38.91908  -68.98211    12.8494   3.964828    33.8793      4.733      4.770    12.8473   3.968573    33.9171     1.2515 6.0848e+00     0.3151    92.4255      93.95    352.089     8.0852 2.4715e+02          1         40 0.0000e+00
   38.91908  -68.98214    12.8552   3.970634    33.9288      5.980      6.025    12.8605   3.972509    33.9419     1.2610 5.2010e+00     0.3146    92.4364      98.51    358.263     8.2273 2.4546e+02          1         26 0.0000e+00
   38.91908  -68.98214    12.7857   3.964120    33.9305      6.895      6.948    12.7601   3.972144    34.0310     1.2223 4.1306e+00     0.3162    92.3976      98.51    401.303     9.2159 2.4916e+02          1         73 0.0000e+00
   38.91907  -68.98213    12.7071   3.967719    34.0369      7.873      7.933    12.7173   3.968314    34.0330     1.2695 3.8367e+00     0.3171    92.3781      98.50    428.225     9.8350 2.4932e+02          1         26 0.0000e+00
   38.91906  -68.98212    12.7290   3.962893    33.9694      9.020      9.089    12.7261   3.965076    33.9929     1.2591 3.2220e+00     0.3196    92.3223      98.51    438.500    10.0705 2.4840e+02          1         39 0.0000e+00
   38.91906  -68.98212    12.7312   3.963988    33.9771      9.775      9.850    12.7262   3.965278    33.9938     1.2633 2.7197e+00     0.3201    92.3098      98.51    319.094     7.3282 2.4894e+02          1         73 0.0000e+00
   38.91906  -68.98214    12.4692   3.963263    34.2132     10.923     11.007    12.4998   3.962971    34.1818     1.2734 2.3330e+00     0.3237    92.2280      98.51    259.862     5.9693 2.4877e+02          1         38 0.0000e+00
   38.91906  -68.98214    12.4025   3.961777    34.2593     11.827     11.918    12.3940   3.955319    34.2050     1.3234 2.2460e+00     0.3318    92.0397      98.50    260.649     5.9877 2.4755e+02          1         43 0.0000e+00
   38.91906  -68.98214    12.3711   3.953229    34.2043     12.888     12.987    12.3486   3.946187    34.1575     1.3692 2.0698e+00     0.3353    91.9596      98.50    251.802     5.7842 2.4753e+02          1         32 0.0000e+00
   38.91906  -68.98214    12.2884   3.949047    34.2389     14.002     14.109    12.2815   3.947025    34.2257     1.5738 1.5931e+00     0.3392    91.8693      98.51    239.266     5.4965 2.4968e+02          1         87 0.0000e+00
   38.91906  -68.98214    12.2544   3.946307    34.2419     14.803     14.916    12.2547   3.945456    34.2333     1.6256 1.3758e+00     0.3411    91.8271      98.51    235.073     5.4002 2.5156e+02          1         36 0.0000e+00
   38.91906  -68.98214    12.1920   3.930998    34.1510     15.929     16.051    12.1893   3.929637    34.1403     1.6758 1.2408e+00     0.3403    91.8444      98.51    227.617     5.2286 2.5089e+02          1         19 0.0000e+00
   38.91906  -68.98214    12.1753   3.925962    34.1168     16.881     17.010    12.1744   3.922901    34.0879     1.6963 1.1359e+00     0.3415    91.8157      98.51    226.182     5.1956 2.4983e+02          1         18 0.0000e+00
   38.91906  -68.98215    12.2392   3.941416    34.2045     17.832     17.969    12.2849   3.938857    34.1371     1.7964 1.0211e+00     0.3405    91.8404      98.51    241.637     5.5508 2.4859e+02          1        119 0.0000e+00
   38.91906  -68.98216    12.1461   3.936902    34.2471     18.861     19.006    12.1284   3.933409    34.2305     1.8025 8.5950e-01     0.3389    91.8762      98.51    226.207     5.1967 2.4983e+02          1         23 0.0000e+00
   38.91906  -68.98216    12.0862   3.934167    34.2760     19.884     20.036    12.0755   3.925724    34.2045     1.9025 7.3461e-01     0.3379    91.8986      98.51    220.738     5.0712 2.5152e+02          1         29 0.0000e+00
   38.91906  -68.98215    12.1446   3.942368    34.2992     20.847     21.007    12.0866   3.937598    34.3079     1.9703 6.6151e-01     0.3367    91.9274      98.52    227.526     5.2272 2.5233e+02          1         41 0.0000e+00
   38.91906  -68.98214    12.0723   3.939279    34.3365     21.840     22.007    12.0733   3.937235    34.3157     2.0392 6.0655e-01     0.3310    92.0569      98.51    231.594     5.3209 2.5163e+02          1         31 0.0000e+00
   38.91906  -68.98216    11.9744   3.939995    34.4338     23.057     23.234    11.8865   3.935468    34.4729     2.1979 5.1435e-01     0.3303    92.0735      98.51    221.955     5.0999 2.5007e+02          1        112 0.0000e+00
   38.91906  -68.98218    11.8073   3.936558    34.5576     23.753     23.935    11.7398   3.924483    34.5026     2.1777 4.7428e-01     0.3317    92.0419      98.51    209.495     4.8142 2.5189e+02          1         26 0.0000e+00
   38.91906  -68.98218    11.4780   3.917054    34.6812     24.784     24.974    11.4395   3.907714    34.6246     2.3943 4.1246e-01     0.3263    92.1672      98.51    210.304     4.8335 2.5295e+02          1         20 0.0000e+00
   38.91906  -68.98218    11.1810   3.886997    34.6681     25.845     26.044    11.1693   3.878166    34.5903     2.6032 3.5314e-01     0.3296    92.0901      98.52    214.251     4.9244 2.5418e+02          1         20 0.0000e+00
   38.91904  -68.98216    11.0725   3.889273    34.7927     26.888     27.095    11.1365   3.891562    34.7519     2.5186 2.9761e-01     0.3125    92.4845      94.46    225.292     5.1788 2.5421e+02          1         29 0.0000e+00
   38.91904  -68.98217    11.3609   3.917045    34.7845     27.551     27.763    11.0940   3.902999    34.9013     2.6243 2.7159e-01     0.3078    92.5937      96.00    241.063     5.5410 2.5172e+02          1         72 0.0000e+00
   38.91904  -68.98218    11.0162   3.891286    34.8581     28.810     29.031    11.0255   3.883107    34.7641     2.3845 2.3583e-01     0.2899    93.0109      98.51    221.160     5.0841 2.5145e+02          1         22 0.0000e+00
   38.91904  -68.98218    11.2638   3.892794    34.6314     29.816     30.045    11.2187   3.877636    34.5205     1.6764 2.0467e-01     0.2252    94.5279      98.52    218.147     5.0138 2.5302e+02          1         28 0.0000e+00
   38.91904  -68.98217    11.5324   3.887099    34.3151     30.953     31.191    11.4730   3.878195    34.2815     1.2069 1.7473e-01     0.1649    95.9612      98.52    227.587     5.2292 2.5400e+02          1         92 0.0000e+00
   38.91904  -68.98216    11.6061   3.889703    34.2709     31.664     31.908    11.5887   3.882686    34.2164     1.2148 1.6075e-01     0.1510    96.2955      98.52    220.284     5.0612 2.5244e+02          1         41 0.0000e+00
   38.91904  -68.98216    11.8439   3.897632    34.1233     32.717     32.969    11.8452   3.892344    34.0686     1.0582 1.4268e-01     0.1266    96.8854      98.52    215.190     4.9434 2.5254e+02          1         23 0.0000e+00
   38.91904  -68.98218    11.9581   3.906322    34.1011     33.769     34.029    11.9477   3.900503    34.0527     0.9749 1.2682e-01     0.1195    97.0568      98.52    213.604     4.9068 2.5355e+02          1         27 0.0000e+00
   38.91904  -68.98218    11.9792   3.915052    34.1689     34.777     35.045    11.9669   3.911516    34.1450     0.9744 1.1862e-01     0.1162    97.1366      98.51    217.009     4.9852 2.5397e+02          1         92 0.0000e+00
   38.91902  -68.98218    12.0043   3.926165    34.2555     35.691     35.967    11.9885   3.922413    34.2330     0.9847 1.1219e-01     0.1181    97.0911      98.52    214.758     4.9338 2.5399e+02          1         30 0.0000e+00
   38.91902  -68.98218    12.0568   3.933483    34.2777     36.685     36.968    12.0590   3.931373    34.2543     0.8303 9.8359e-02     0.0989    97.5583      98.52    210.240     4.8301 2.5442e+02          1         34 0.0000e+00
   38.91902  -68.98218    12.0858   3.939555    34.3102     37.721     38.012    12.0946   3.939263    34.2984     0.8188 8.6782e-02     0.0909    97.7539      98.52    207.207     4.7604 2.5471e+02          1         42 0.0000e+00
   38.91902  -68.98218    12.1538   3.944424    34.2945     38.634     38.932    12.1486   3.943921    34.2941     0.7958 8.2284e-02     0.0835    97.9340      98.51    207.025     4.7562 2.5436e+02          1         62 0.0000e+00
   38.91902  -68.98218    12.1989   3.951719    34.3237     39.704     40.010    12.1985   3.951603    34.3227     0.6853 7.7135e-02     0.0754    98.1326      98.52    204.121     4.6895 2.5415e+02          1         31 0.0000e+00
   38.91902  -68.98218    12.1976   3.954622    34.3539     40.806     41.121    12.1981   3.955455    34.3612     0.5432 7.0890e-02     0.0605    98.4994      98.52    201.855     4.6376 2.5422e+02          1         65 0.0000e+00
   38.91902  -68.98218    12.2279   3.958955    34.3681     41.558     41.880    12.2282   3.960988    34.3874     0.5334 6.5589e-02     0.0544    98.6490      98.52    197.280     4.5325 2.5573e+02          1         48 0.0000e+00
   38.91902  -68.98218    12.3424   3.968228    34.3501     42.683     43.013    12.3319   3.969961    34.3766     0.4355 5.7850e-02     0.0463    98.8490      98.53    195.019     4.4804 2.5652e+02          1         26 0.0000e+00
   38.91902  -68.98218    12.4081   3.970752    34.3130     43.715     44.053    12.4048   3.972811    34.3358     0.4038 5.3068e-02     0.0423    98.9483      98.52    196.088     4.5047 2.5580e+02          1         28 0.0000e+00
   38.91900  -68.98218    12.4095   3.972442    34.3296     44.612     44.957    12.4012   3.971736    34.3305     0.5154 5.3244e-02     0.0419    98.9572      98.52    200.868     4.6146 2.5407e+02          1         91 0.0000e+00
   38.91900  -68.98218    12.3881   3.979909    34.4227     45.653     46.007    12.3850   3.978005    34.4072     0.4242 5.0469e-02     0.0417    98.9633      98.53    202.955     4.6629 2.5550e+02          1         24 0.0000e+00
   38.91900  -68.98220    12.3495   3.982809    34.4872     46.650     47.011    12.3652   3.982207    34.4664     0.3722 4.4796e-02     0.0385    99.0431      98.52    201.981     4.6408 2.5645e+02          1         31 0.0000e+00
   38.91900  -68.98220    12.3401   3.986934    34.5359     47.539     47.907    12.3475   3.986044    34.5203     0.4048 4.0832e-02     0.0366    99.0888      98.52    199.423     4.5822 2.5612e+02          1         73 0.0000e+00
   38.91900  -68.98220    12.2429   3.991357    34.6708     48.633     49.009    12.2307   3.992245    34.6910     0.3946 3.9508e-02     0.0373    99.0713      98.53    198.285     4.5566 2.5436e+02          1         31 0.0000e+00
   38.91900  -68.98220    12.1796   3.993017    34.7464     49.697     50.082    12.1757   4.001911    34.8365     0.3382 3.7677e-02     0.0298    99.2584      98.53    198.290     4.5570 2.5424e+02          1         45 0.0000e+00
   38.91900  -68.98220    12.1971   3.995039    34.7481     50.529     50.920    12.1909   4.001165    34.8135     0.3213 3.5241e-02     0.0286    99.2879      98.52    196.132     4.5074 2.5563e+02          1         50 0.0000e+00
   38.91898  -68.98220    12.2954   3.999524    34.6970     51.581     51.981    12.3781   4.011147    34.7307     0.3435 3.1841e-02     0.0276    99.3111      98.52    193.322     4.4426 2.5832e+02          1         36 0.0000e+00
   38.91898  -68.98220    12.4642   4.005791    34.5975     52.625     53.033    12.4947   4.035152    34.8521     0.2700 2.9522e-02     0.0192    99.5216      98.52    192.521     4.4237 2.5587e+02          1         58 0.0000e+00
   38.91898  -68.98221    12.5193   4.028326    34.7634     53.551     53.966    12.5237   4.044401    34.9146     0.2784 2.8560e-02     0.0197    99.5081      98.53    200.452     4.6065 2.5368e+02          1         40 0.0000e+00
   38.91898  -68.98222    12.5486   4.040691    34.8552     54.658     55.082    12.5508   4.049354    34.9370     0.2298 2.6753e-02     0.0164    99.5924      98.52    227.912     5.2379 2.5528e+02          1         43 0.0000e+00
   38.91898  -68.98222    12.5604   4.047709    34.9125     55.464     55.895    12.5583   4.052005    34.9561     0.2399 2.5121e-02     0.0175    99.5650      77.80    238.105     5.4723 2.5652e+02          1         63 0.0000e+00
   38.91898  -68.98222    12.6232   4.055499    34.9279     56.550     56.989    12.6232   4.060367    34.9750     0.2051 2.3662e-02     0.0173    99.5682      86.69    227.805     5.2356 2.5607e+02          1         25 0.0000e+00
   38.91898  -68.98222    12.6551   4.062637    34.9663     57.592     58.039    12.6524   4.064680    34.9888     0.1957 2.2427e-02     0.0137    99.6588      98.52    228.022     5.2407 2.5493e+02          1         35 0.0000e+00
   38.91898  -68.98222    12.7268   4.073224    35.0005     58.525     58.979    12.7264   4.074356    35.0118     0.2664 2.1182e-02     0.0120    99.7000      98.52    228.261     5.2463 2.5601e+02          1         61 0.0000e+00
   38.91898  -68.98222    12.8298   4.087392    35.0395     59.578     60.041    12.8280   4.087543    35.0427     0.2068 1.9525e-02     0.0130    99.6764      98.52    230.540     5.2987 2.5569e+02          1         70 0.0000e+00
   38.91898  -68.98222    12.9209   4.100419    35.0788     60.496     60.966    12.9159   4.100376    35.0832     0.1846 1.8577e-02     0.0094    99.7645      98.52    229.474     5.2743 2.5318e+02          1         40 0.0000e+00
   38.91898  -68.98223    12.9365   4.102676    35.0862     61.524     62.003    12.9363   4.103259    35.0920     0.1498 1.7755e-02     0.0066    99.8336      98.52    229.457     5.2739 2.5391e+02          1         29 0.0000e+00
   38.91898  -68.98224    13.0304   4.113665    35.1022     62.484     62.970    13.0301   4.114299    35.1085     0.1565 1.6952e-02     0.0047    99.8837      98.52    228.053     5.2416 2.5551e+02          1         33 0.0000e+00
   38.91898  -68.98224    13.0902   4.122256    35.1281     63.509     64.003    13.0949   4.123722    35.1376     0.1209 1.6001e-02     0.0056    99.8615      98.52    227.338     5.2252 2.5809e+02          1         40 0.0000e+00
   38.91897  -68.98223    13.2338   4.141115    35.1724     64.523     65.025    13.2499   4.143924    35.1838     0.1291 1.5008e-02     0.0045    99.8878      98.52    227.432     5.2274 2.5732e+02          1         59 0.0000e+00
   38.91896  -68.98222    13.3165   4.153039    35.2098     65.425     65.935    13.3182   4.153738    35.2150     0.1270 1.4133e-02     0.0034    99.9166      98.52    227.456     5.2280 2.5291e+02          1         84 0.0000e+00
   38.91896  -68.98226    13.4313   4.168809    35.2518     66.469     66.987    13.4369   4.167879    35.2377     0.1047 1.3372e-02     0.0027    99.9336      98.52    226.560     5.2075 2.5479e+02          1         31 0.0000e+00
   38.91896  -68.98226    13.4922   4.177532    35.2772     67.472     67.998    13.4961   4.177395    35.2722     0.0848 1.2771e-02     0.0016    99.9601      98.52    226.887     5.2150 2.5749e+02          1         23 0.0000e+00
   38.91896  -68.98226    13.5103   4.180073    35.2845     68.476     69.009    13.5087   4.179092    35.2768     0.0834 1.2207e-02     0.0011    99.9728      98.52    227.686     5.2333 2.5842e+02          1         20 0.0000e+00
   38.91896  -68.98226    13.5248   4.182043    35.2899     69.524     70.065    13.5284   4.181624    35.2826     0.0947 1.1609e-02     0.0009    99.9773      98.52    227.370     5.2261 2.5806e+02          1         29 0.0000e+00
