Data/ruptures/KN207-01/QL-1/20701042.cnv
* Sea-Bird SBE 9 Data File:
* FileName = C:\Data\ctd\20701042.hex
* Software Version Seasave V 7.21e
* Temperature SN = 4406
* Conductivity SN = 1474
* Number of Bytes Per Scan = 40
* Number of Voltage Words = 5
* Number of Scans Averaged by the Deck Unit = 1
* NMEA Latitude = 38 47.24 N
* NMEA Longitude = 069 11.68 W
* NMEA UTC (Time) = Apr 26 2012 22:04:26
** R/V Knorr Cruise # KN207-01 QL1
** Chief Scientist: Ben Van Mooy
# nquan = 21
# nvalues = 392                         
# units = specified
# name 0 = latitude: Latitude [deg]
# name 1 = longitude: Longitude [deg]
# name 2 = t090C: Temperature [ITS-90, deg C]
# name 3 = c0S/m: Conductivity [S/m]
# name 4 = sal00: Salinity, Practical [PSU]
# name 5 = depSM: Depth [salt water, m]
# name 6 = prDM: Pressure, Digiquartz [db]
# name 7 = t190C: Temperature, 2 [ITS-90, deg C]
# name 8 = c1S/m: Conductivity, 2 [S/m]
# name 9 = sal11: Salinity, Practical, 2 [PSU]
# name 10 = flECO-AFL: Fluorescence, WET Labs ECO-AFL/FL [mg/m^3]
# name 11 = par: PAR/Irradiance, Biospherical/Licor
# name 12 = bat: Beam Attenuation, Chelsea/Seatech [1/m]
# name 13 = xmiss: Beam Transmission, Chelsea/Seatech [%]
# name 14 = altM: Altimeter [m]
# name 15 = sbeox0Mm/Kg: Oxygen, SBE 43 [umol/kg]
# name 16 = sbeox0ML/L: Oxygen, SBE 43 [ml/l]
# name 17 = spar: SPAR/Surface Irradiance
# name 18 = pumps: Pump Status
# name 19 = nbin: number of scans per bin
# name 20 = flag: flag
# span 0 =   38.78736,   38.78818       
# span 1 =  -69.19467,  -69.19300       
# span 2 =    10.6722,    14.6896       
# span 3 =   3.783501,   4.354508       
# span 4 =    33.5911,    35.8315       
# span 5 =      1.379,    197.904       
# span 6 =      1.390,    199.506       
# span 7 =    10.6745,    14.6895       
# span 8 =   3.782569,   4.354608       
# span 9 =    33.6740,    35.8337       
# span 10 =     0.0067,     3.4797      
# span 11 = 1.0000e-12, 4.9044e-01      
# span 12 =    -0.0111,     0.3797      
# span 13 =    90.9434,   100.2786      
# span 14 =       1.88,      98.72      
# span 15 =    140.893,    443.571      
# span 16 =     3.2395,    10.1845      
# span 17 = 1.5883e+01, 1.9208e+01      
# span 18 =          1,          1      
# span 19 =          1,        461      
# span 20 = 0.0000e+00, 0.0000e+00      
# interval = decibars: 1                
# start_time = Apr 26 2012 22:04:26 [NMEA time, header]
# bad_flag = -9.990e-29
*END*
   38.78736  -69.19467    12.6348   3.919379    33.6363      7.845      7.905    12.6351   3.925508    33.6947     1.2880 9.6388e-02     0.3562    91.4795      35.52    443.571    10.1845 1.8214e+01          1        345 0.0000e+00
   38.78738  -69.19464    12.6363   3.924044    33.6791      8.997      9.066    12.6356   3.926268    33.7010     1.2841 8.6730e-02     0.3565    91.4734      62.97    352.862     8.1021 1.8263e+01          1         48 0.0000e+00
   38.78738  -69.19462    12.6306   3.924799    33.6913      9.736      9.811    12.6288   3.926243    33.7068     1.2883 7.0307e-02     0.3557    91.4909      98.54    273.717     6.2849 1.8014e+01          1         79 0.0000e+00
   38.78739  -69.19462    12.6157   3.925191    33.7082     10.941     11.025    12.6088   3.926372    33.7259     1.3113 6.2602e-02     0.3540    91.5297      98.55    255.130     5.8582 1.8001e+01          1         43 0.0000e+00
   38.78740  -69.19461    12.6006   3.924988    33.7195     11.784     11.874    12.6080   3.926166    33.7240     1.2733 5.1128e-02     0.3558    91.4902      98.55    242.054     5.5580 1.7946e+01          1        133 0.0000e+00
   38.78740  -69.19460    12.6006   3.925043    33.7194     12.855     12.954    12.5960   3.925760    33.7306     1.2354 4.7494e-02     0.3548    91.5117      98.55    221.336     5.0823 1.7845e+01          1         20 0.0000e+00
   38.78740  -69.19460    12.5991   3.924602    33.7161     13.929     14.035    12.5837   3.925594    33.7398     1.2360 4.1409e-02     0.3551    91.5061      98.55    221.812     5.0932 1.7845e+01          1         26 0.0000e+00
   38.78742  -69.19458    12.5388   3.924030    33.7655     14.656     14.768    12.5583   3.926045    33.7669     1.3123 3.4445e-02     0.3551    91.5047      98.55    245.841     5.6452 1.7876e+01          1        145 0.0000e+00
   38.78740  -69.19458    12.1428   3.922522    34.1190     15.884     16.005    12.1195   3.923488    34.1502     1.4104 3.0290e-02     0.3565    91.4740      98.55    219.559     5.0434 1.7845e+01          1         29 0.0000e+00
   38.78740  -69.19458    12.0480   3.921914    34.1982     16.974     17.104    11.9534   3.920680    34.2754     1.5152 2.5203e-02     0.3583    91.4321      98.55    224.604     5.1597 1.7904e+01          1         76 0.0000e+00
   38.78741  -69.19457    11.9420   3.917220    34.2489     17.795     17.931    11.9096   3.914900    34.2561     1.5755 2.2538e-02     0.3587    91.4233      98.55    232.794     5.3482 1.7845e+01          1         43 0.0000e+00
   38.78742  -69.19456    11.8702   3.907382    34.2178     18.937     19.082    11.8452   3.903640    34.2040     1.6083 1.9014e-02     0.3616    91.3564      98.55    224.921     5.1673 1.7845e+01          1         56 0.0000e+00
   38.78742  -69.19456    11.8048   3.908586    34.2881     19.756     19.907    11.7509   3.906123    34.3144     1.8506 1.6569e-02     0.3625    91.3353      98.55    215.834     4.9588 1.7845e+01          1         66 0.0000e+00
   38.78742  -69.19456    11.7584   3.898744    34.2334     20.798     20.957    11.7252   3.900052    34.2767     1.9653 1.4721e-02     0.3634    91.3169      98.55    211.060     4.8490 1.7984e+01          1         32 0.0000e+00
   38.78742  -69.19456    11.7096   3.889649    34.1889     21.860     22.028    11.6893   3.889879    34.2094     1.9506 1.2756e-02     0.3689    91.1908      98.55    211.002     4.8475 1.7915e+01          1         32 0.0000e+00
   38.78743  -69.19455    11.7276   3.903893    34.3093     22.877     23.053    11.6442   3.891668    34.2676     2.2155 1.0758e-02     0.3667    91.2411      98.54    210.051     4.8261 1.7879e+01          1         66 0.0000e+00
   38.78744  -69.19454    11.7098   3.903577    34.3212     23.790     23.972    11.5992   3.881628    34.2094     2.4659 8.9597e-03     0.3659    91.2572      98.54    200.182     4.5994 1.7845e+01          1         59 0.0000e+00
   38.78744  -69.19454    11.5989   3.901458    34.4046     24.742     24.932    11.5483   3.872432    34.1654     2.3763 8.0692e-03     0.3627    91.3319      98.54    198.428     4.5595 1.7795e+01          1         45 0.0000e+00
   38.78744  -69.19454    11.5102   3.879622    34.2727     25.803     26.002    11.4808   3.863734    34.1425     2.2776 7.1923e-03     0.3569    91.4637      98.55    197.040     4.5272 1.7659e+01          1         24 0.0000e+00
   38.78744  -69.19454    11.3293   3.874381    34.3916     26.987     27.194    11.2947   3.863970    34.3201     2.4570 5.8210e-03     0.3500    91.6228      98.55    206.791     4.7519 1.7676e+01          1         66 0.0000e+00
   38.78746  -69.19452    11.2135   3.870679    34.4623     27.692     27.905    11.2288   3.864903    34.3893     2.7073 4.8861e-03     0.3494    91.6347      98.55    231.520     5.3205 1.7728e+01          1         57 0.0000e+00
   38.78746  -69.19452    10.9273   3.857886    34.6083     28.756     28.976    10.9232   3.854658    34.5792     3.3270 4.1547e-03     0.3674    91.2249      98.54    227.166     5.2213 1.7642e+01          1         44 0.0000e+00
   38.78746  -69.19451    10.7803   3.849012    34.6589     29.743     29.972    10.7598   3.847189    34.6599     3.4797 3.5901e-03     0.3797    90.9434      98.54    225.203     5.1765 1.7775e+01          1         32 0.0000e+00
   38.78746  -69.19450    10.7375   3.840279    34.6092     30.874     31.111    10.7307   3.838186    34.5943     3.2681 2.9123e-03     0.3609    91.3727      98.55    225.761     5.1892 1.7592e+01          1         44 0.0000e+00
   38.78746  -69.19450    10.7024   3.840956    34.6460     31.517     31.759    10.7149   3.837838    34.6021     3.3249 2.5396e-03     0.3490    91.6454      98.55    227.408     5.2272 1.7662e+01          1         73 0.0000e+00
   38.78746  -69.19448    10.6932   3.829153    34.5331     32.764     33.016    10.7021   3.827304    34.5056     2.8457 1.9665e-03     0.3097    92.5491      98.55    222.707     5.1187 1.7502e+01          1         26 0.0000e+00
   38.78746  -69.19448    10.8726   3.833603    34.4019     33.833     34.093    10.8692   3.829685    34.3659     2.2830 1.6622e-03     0.2555    93.8134      98.55    220.033     5.0566 1.7554e+01          1         92 0.0000e+00
   38.78746  -69.19448    10.9494   3.827814    34.2694     34.656     34.922    10.9844   3.825086    34.2085     2.0130 1.5932e-03     0.2419    94.1349      98.55    217.954     5.0082 1.7622e+01          1         20 0.0000e+00
   38.78746  -69.19448    10.9791   3.826615    34.2285     35.707     35.982    10.9935   3.829693    34.2454     1.6234 1.3191e-03     0.1821    95.5503      98.54    217.325     4.9936 1.7583e+01          1         17 0.0000e+00
   38.78746  -69.19448    10.9561   3.830955    34.2937     36.817     37.100    10.9546   3.832998    34.3155     1.2004 1.0692e-03     0.1355    96.6694      98.54    218.736     5.0263 1.7515e+01          1         27 0.0000e+00
   38.78747  -69.19447    10.9629   3.838356    34.3610     37.494     37.783    10.9574   3.840284    34.3855     1.2046 9.6983e-04     0.1257    96.9058      98.54    218.694     5.0256 1.7376e+01          1         38 0.0000e+00
   38.78748  -69.19446    11.1686   3.841810    34.1975     38.743     39.041    11.2388   3.845323    34.1654     0.8403 8.9802e-04     0.1023    97.4753      98.53    214.492     4.9282 1.7473e+01          1         18 0.0000e+00
   38.78748  -69.19446    11.4953   3.844006    33.9093     39.708     40.014    11.5379   3.846833    33.8972     0.7099 7.0647e-04     0.0819    97.9737      98.54    213.861     4.9124 1.7473e+01          1         24 0.0000e+00
   38.78748  -69.19446    11.7074   3.850829    33.7821     40.613     40.926    11.7463   3.852399    33.7613     0.5835 6.5474e-04     0.0753    98.1348      98.55    217.948     5.0056 1.7399e+01          1        100 0.0000e+00
   38.78748  -69.19444    11.8225   3.860201    33.7698     41.693     42.015    11.8414   3.867169    33.8213     0.4353 6.2438e-04     0.0536    98.6688      98.55    208.927     4.7982 1.7148e+01          1         16 0.0000e+00
   38.78748  -69.19444    11.8656   3.865967    33.7865     42.756     43.086    11.8636   3.870878    33.8374     0.4187 5.2302e-04     0.0461    98.8538      98.55    207.630     4.7685 1.7420e+01          1         21 0.0000e+00
   38.78748  -69.19444    11.9349   3.872942    33.7925     43.700     44.038    11.9421   3.876886    33.8250     0.4217 4.3675e-04     0.0451    98.8787      98.55    209.804     4.8184 1.7001e+01          1         74 0.0000e+00
   38.78750  -69.19440    12.0037   3.882122    33.8203     44.652     44.996    12.0329   3.887838    33.8494     0.3901 4.0443e-04     0.0387    99.0373      98.54    214.327     4.9223 1.7023e+01          1         38 0.0000e+00
   38.78750  -69.19440    12.1370   3.890394    33.7791     45.501     45.852    12.1460   3.895820    33.8239     0.3303 3.5605e-04     0.0326    99.1894      98.55    209.320     4.8070 1.6947e+01          1         72 0.0000e+00
   38.78749  -69.19441    12.2274   3.904402    33.8326     46.601     46.961    12.2524   3.916417    33.9261     0.2872 3.0532e-04     0.0287    99.2840      98.55    203.145     4.6653 1.6902e+01          1         26 0.0000e+00
   38.78748  -69.19442    12.3163   3.912023    33.8244     47.683     48.051    12.3572   3.920996    33.8736     0.2285 2.5096e-04     0.0243    99.3939      98.55    200.391     4.6020 1.6916e+01          1         24 0.0000e+00
   38.78749  -69.19441    12.4660   3.918582    33.7528     48.536     48.912    12.4901   3.921053    33.7548     0.2238 2.2384e-04     0.0214    99.4667      98.55    198.285     4.5532 1.6503e+01          1        113 0.0000e+00
   38.78750  -69.19440    12.6999   3.933982    33.6874     49.582     49.965    12.8089   3.964569    33.8797     0.1765 2.0576e-04     0.0165    99.5874      98.55    192.089     4.4105 1.7226e+01          1         18 0.0000e+00
   38.78750  -69.19440    12.8805   3.941159    33.5911     50.618     51.010    12.9963   4.020661    34.2413     0.1508 1.5546e-04     0.0133    99.6671      98.55    190.688     4.3779 1.6789e+01          1         19 0.0000e+00
   38.78751  -69.19439    13.0079   3.976160    33.8122     51.870     52.271    13.0483   4.092769    34.8844     0.1264 1.1424e-04     0.0107    99.7320      91.21    195.699     4.4936 1.6446e+01          1        110 0.0000e+00
   38.78752  -69.19438    13.0456   4.050284    34.4859     52.521     52.928    13.0782   4.110633    35.0307     0.1404 1.1403e-04     0.0093    99.7693      90.59    204.564     4.6995 1.6591e+01          1         32 0.0000e+00
   38.78752  -69.19438    13.1445   4.082543    34.7007     53.584     53.999    13.1890   4.123127    35.0453     0.1214 1.0589e-04     0.0084    99.7890      98.55    208.371     4.7876 1.6629e+01          1         22 0.0000e+00
   38.78751  -69.19438    13.2848   4.108887    34.8196     54.617     55.040    13.3064   4.144233    35.1352     0.1061 5.5885e-05     0.0084    99.7892      98.55    217.282     4.9927 1.6276e+01          1         27 0.0000e+00
   38.78750  -69.19438    13.3390   4.138023    35.0483     55.441     55.871    13.3522   4.155497    35.2020     0.1043 3.8746e-05     0.0061    99.8485      96.03    232.054     5.3330 1.6498e+01          1        101 0.0000e+00
   38.78752  -69.19434    13.4613   4.164373    35.1847     56.561     57.000    13.4652   4.171945    35.2532     0.0884 4.3332e-05     0.0040    99.9019      87.66    220.742     5.0734 1.6768e+01          1         29 0.0000e+00
   38.78752  -69.19434    13.5147   4.174620    35.2319     57.592     58.038    13.5206   4.178930    35.2676     0.0876 1.7415e-05     0.0040    99.9010      98.55    220.784     5.0745 1.6461e+01          1         29 0.0000e+00
   38.78752  -69.19433    13.5347   4.180866    35.2741     58.727     59.182    13.5379   4.182185    35.2840     0.0819 6.9257e-06     0.0032    99.9217      64.46    223.572     5.1388 1.6263e+01          1         86 0.0000e+00
   38.78752  -69.19432    13.5568   4.184495    35.2894     59.465     59.926    13.5523   4.183948    35.2889     0.0677 7.0206e-06     0.0028    99.9301      98.46    224.596     5.1623 1.6445e+01          1         43 0.0000e+00
   38.78752  -69.19432    13.6093   4.191559    35.3067     60.498     60.967    13.6132   4.191461    35.3023     0.0847 4.7595e-06     0.0024    99.9390      96.61    223.450     5.1360 1.6265e+01          1         24 0.0000e+00
   38.78752  -69.19432    13.6465   4.196833    35.3214     61.522     62.000    13.6337   4.195211    35.3185     0.0744 2.6109e-06     0.0023    99.9423      97.68    223.474     5.1366 1.6239e+01          1         25 0.0000e+00
   38.78752  -69.19432    13.6346   4.195582    35.3223     62.660     63.147    13.6380   4.196085    35.3239     0.0683 4.2202e-07     0.0022    99.9444      78.53    223.039     5.1266 1.6269e+01          1        116 0.0000e+00
   38.78754  -69.19430    13.6949   4.203389    35.3395     63.489     63.983    13.6935   4.203496    35.3419     0.0833 1.0000e-12     0.0014    99.9637      98.54    222.761     5.1202 1.6491e+01          1         28 0.0000e+00
   38.78754  -69.19430    13.7186   4.206913    35.3502     64.518     65.019    13.7156   4.207163    35.3556     0.0695 1.0000e-12     0.0023    99.9418      98.55    222.679     5.1183 1.6061e+01          1         20 0.0000e+00
   38.78754  -69.19430    13.7288   4.208424    35.3548     65.526     66.035    13.7290   4.208601    35.3564     0.0604 1.0000e-12     0.0012    99.9692      98.55    222.280     5.1091 1.6558e+01          1         26 0.0000e+00
   38.78755  -69.19429    13.7453   4.211156    35.3655     66.475     66.992    13.7507   4.211981    35.3682     0.0632 1.0000e-12     0.0016    99.9595      98.55    222.651     5.1177 1.6256e+01          1         87 0.0000e+00
   38.78756  -69.19428    13.7963   4.218220    35.3840     67.492     68.017    13.7975   4.218347    35.3841     0.0584 1.0000e-12     0.0032    99.9187      98.56    222.788     5.1209 1.6218e+01          1         37 0.0000e+00
   38.78756  -69.19428    13.8118   4.220598    35.3921     68.464     68.997    13.8124   4.220733    35.3930     0.0575 1.0000e-12     0.0018    99.9554      98.55    223.220     5.1308 1.6210e+01          1         75 0.0000e+00
   38.78756  -69.19428    13.8289   4.222992    35.3988     69.430     69.970    13.8290   4.223114    35.3998     0.0500 1.1239e-03     0.0010    99.9755      98.55    222.965     5.1250 1.6307e+01          1         29 0.0000e+00
   38.78756  -69.19428    13.8365   4.224258    35.4033     70.452     71.000    13.8362   4.224075    35.4020     0.0541 1.0000e-12     0.0009    99.9792      98.55    223.481     5.1368 1.6284e+01          1         20 0.0000e+00
   38.78756  -69.19428    13.8533   4.226836    35.4114     71.468     72.025    13.8529   4.226831    35.4117     0.0551 1.0000e-12     0.0008    99.9815      98.55    224.048     5.1499 1.5883e+01          1         25 0.0000e+00
   38.78756  -69.19425    13.8544   4.227125    35.4134     72.176     72.738    13.8545   4.227227    35.4143     0.0646 1.0000e-12     0.0014    99.9649      98.55    224.396     5.1579 1.5987e+01          1         54 0.0000e+00
   38.78756  -69.19424    13.9047   4.234234    35.4323     73.422     73.994    13.9058   4.233800    35.4272     0.0529 1.0000e-12     0.0016    99.9599      98.55    224.391     5.1578 1.6358e+01          1         15 0.0000e+00
   38.78756  -69.19424    13.9242   4.236972    35.4392     74.473     75.054    13.9240   4.237004    35.4398     0.0625 1.0000e-12     0.0018    99.9538      97.43    224.569     5.1619 1.6122e+01          1         22 0.0000e+00
