Data/ruptures/KN207-01/QL-1/20701035.cnv
* Sea-Bird SBE 9 Data File:
* FileName = C:\Data\ctd\20701035.hex
* Software Version Seasave V 7.21e
* Temperature SN = 4406
* Conductivity SN = 1474
* Number of Bytes Per Scan = 40
* Number of Voltage Words = 5
* Number of Scans Averaged by the Deck Unit = 1
* NMEA Latitude = 38 52.79 N
* NMEA Longitude = 069 06.32 W
* NMEA UTC (Time) = Apr 25 2012 23:48:43
** R/V Knorr Cruise # KN207-01 QL1
** Chief Scientist: Ben Van Mooy
# nquan = 21
# nvalues = 398                         
# units = specified
# name 0 = latitude: Latitude [deg]
# name 1 = longitude: Longitude [deg]
# name 2 = t090C: Temperature [ITS-90, deg C]
# name 3 = c0S/m: Conductivity [S/m]
# name 4 = sal00: Salinity, Practical [PSU]
# name 5 = depSM: Depth [salt water, m]
# name 6 = prDM: Pressure, Digiquartz [db]
# name 7 = t190C: Temperature, 2 [ITS-90, deg C]
# name 8 = c1S/m: Conductivity, 2 [S/m]
# name 9 = sal11: Salinity, Practical, 2 [PSU]
# name 10 = flECO-AFL: Fluorescence, WET Labs ECO-AFL/FL [mg/m^3]
# name 11 = par: PAR/Irradiance, Biospherical/Licor
# name 12 = bat: Beam Attenuation, Chelsea/Seatech [1/m]
# name 13 = xmiss: Beam Transmission, Chelsea/Seatech [%]
# name 14 = altM: Altimeter [m]
# name 15 = sbeox0Mm/Kg: Oxygen, SBE 43 [umol/kg]
# name 16 = sbeox0ML/L: Oxygen, SBE 43 [ml/l]
# name 17 = spar: SPAR/Surface Irradiance
# name 18 = pumps: Pump Status
# name 19 = nbin: number of scans per bin
# name 20 = flag: flag
# span 0 =   38.87914,   38.87996       
# span 1 =  -69.10536,  -69.10422       
# span 2 =    10.7874,    14.6669       
# span 3 =   3.821011,   4.349607       
# span 4 =    32.6317,    35.8113       
# span 5 =      2.239,    199.361       
# span 6 =      2.256,    200.978       
# span 7 =    10.7889,    14.6668       
# span 8 =   3.820881,   4.349667       
# span 9 =    33.1776,    35.8211       
# span 10 =     0.0059,     2.6431      
# span 11 = 1.0000e-12, 1.4284e-01      
# span 12 =    -0.0147,     0.3423      
# span 13 =    91.7988,   100.3673      
# span 14 =       4.47,      98.62      
# span 15 =    145.982,    430.794      
# span 16 =     3.3565,     9.8915      
# span 17 = 1.3322e+01, 1.5303e+01      
# span 18 =          1,          1      
# span 19 =         18,       1251      
# span 20 = 0.0000e+00, 0.0000e+00      
# interval = decibars: 1                
# start_time = Apr 25 2012 23:48:43 [NMEA time, header]
# bad_flag = -9.990e-29
*END*
[from data line 138]
   38.87992  -69.10482    14.4192   4.308235    35.6190    139.904    141.018    14.4182   4.308169    35.6194     0.0375 1.0000e-12    -0.0068   100.1717      98.54    221.087     5.0820 1.3830e+01          1         25 0.0000e+00
   38.87992  -69.10482    14.4207   4.308483    35.6198    140.887    142.009    14.4206   4.308437    35.6195     0.0361 1.0000e-12    -0.0063   100.1565      98.55    220.755     5.0744 1.3942e+01          1         24 0.0000e+00
   38.87992  -69.10482    14.4557   4.313660    35.6345    141.839    142.969    14.4542   4.313021    35.6300     0.0468 1.0000e-12    -0.0070   100.1758      98.55    220.523     5.0691 1.3869e+01          1         23 0.0000e+00
   38.87992  -69.10482    14.4700   4.315583    35.6387    142.844    143.983    14.4701   4.315666    35.6394     0.0268 1.0000e-12    -0.0071   100.1770      98.55    220.185     5.0613 1.3587e+01          1         22 0.0000e+00
   38.87992  -69.10482    14.4810   4.317249    35.6436    143.872    145.019    14.4816   4.317101    35.6416     0.0248 1.0000e-12    -0.0076   100.1893      98.55    220.120     5.0598 1.3809e+01          1         21 0.0000e+00
   38.87991  -69.10482    14.4961   4.319334    35.6484    144.833    145.988    14.4964   4.319379    35.6486     0.0318 1.0000e-12    -0.0081   100.2027      98.55    219.593     5.0477 1.3809e+01          1         21 0.0000e+00
   38.87990  -69.10482    14.5102   4.321394    35.6541    145.824    146.988    14.5107   4.321336    35.6531     0.0290 1.0000e-12    -0.0089   100.2224      98.55    218.626     5.0255 1.3467e+01          1         27 0.0000e+00
   38.87990  -69.10482    14.5230   4.323207    35.6587    146.834    148.006    14.5231   4.323246    35.6590     0.0438 1.0000e-12    -0.0084   100.2088      98.55    218.090     5.0132 1.3782e+01          1         28 0.0000e+00
   38.87990  -69.10482    14.5295   4.324133    35.6612    147.838    149.018    14.5294   4.324138    35.6613     0.0367 1.0000e-12    -0.0090   100.2255      98.54    217.869     5.0081 1.3756e+01          1         30 0.0000e+00
   38.87990  -69.10482    14.5389   4.325538    35.6652    148.790    149.978    14.5381   4.325371    35.6644     0.0481 1.0000e-12    -0.0086   100.2134      98.55    217.420     4.9978 1.3556e+01          1         26 0.0000e+00
   38.87990  -69.10482    14.5493   4.327061    35.6693    149.765    150.961    14.5487   4.326938    35.6688     0.0297 1.0000e-12    -0.0090   100.2248      98.55    217.356     4.9963 1.3490e+01          1         21 0.0000e+00
   38.87990  -69.10482    14.5613   4.328846    35.6743    150.799    152.004    14.5605   4.328670    35.6734     0.0219 1.0000e-12    -0.0093   100.2323      98.55    217.410     4.9976 1.3719e+01          1         20 0.0000e+00
   38.87990  -69.10482    14.5660   4.329572    35.6764    151.813    153.026    14.5649   4.329430    35.6761     0.0123 1.0000e-12    -0.0096   100.2400      98.54    217.317     4.9954 1.3496e+01          1         20 0.0000e+00
   38.87990  -69.10482    14.5718   4.330538    35.6797    152.752    153.973    14.5717   4.330540    35.6798     0.0066 1.0000e-12    -0.0100   100.2492      98.54    216.769     4.9829 1.4021e+01          1         21 0.0000e+00
   38.87990  -69.10482    14.5746   4.331016    35.6813    153.747    154.976    14.5751   4.331138    35.6819     0.0184 1.0000e-12    -0.0097   100.2421      98.55    216.315     4.9724 1.3744e+01          1         31 0.0000e+00
   38.87990  -69.10480    14.5813   4.332084    35.6847    154.745    155.983    14.5810   4.331996    35.6842     0.0238 1.0000e-12    -0.0099   100.2470      98.55    216.255     4.9711 1.3727e+01          1         26 0.0000e+00
   38.87990  -69.10480    14.5927   4.333779    35.6894    155.758    157.004    14.5918   4.333676    35.6893     0.0379 1.0000e-12    -0.0099   100.2480      98.55    216.112     4.9678 1.3641e+01          1         26 0.0000e+00
   38.87990  -69.10480    14.5960   4.334278    35.6907    156.740    157.995    14.5959   4.334330    35.6913     0.0328 1.0000e-12    -0.0092   100.2295      98.55    215.944     4.9639 1.3790e+01          1         22 0.0000e+00
   38.87990  -69.10480    14.5987   4.334715    35.6919    157.690    158.953    14.5990   4.334811    35.6926     0.0288 1.0000e-12    -0.0094   100.2354      98.55    215.787     4.9603 1.3790e+01          1         22 0.0000e+00
   38.87990  -69.10480    14.6098   4.336533    35.6980    158.711    159.983    14.6097   4.336315    35.6961     0.0282 1.0000e-12    -0.0099   100.2482      98.55    215.452     4.9526 1.3587e+01          1         22 0.0000e+00
   38.87988  -69.10480    14.6309   4.339612    35.7062    159.743    161.023    14.6305   4.339475    35.7053     0.0249 1.0000e-12    -0.0102   100.2563      98.55    214.886     4.9396 1.3481e+01          1         23 0.0000e+00
   38.87988  -69.10480    14.6466   4.342088    35.7140    160.734    162.022    14.6467   4.341942    35.7125     0.0336 1.0000e-12    -0.0105   100.2639      98.55    214.491     4.9305 1.3782e+01          1         28 0.0000e+00
   38.87988  -69.10480    14.6669   4.345956    35.7304    161.680    162.976    14.6668   4.345824    35.7293     0.0439 1.0000e-12    -0.0105   100.2624      98.55    213.042     4.8973 1.3467e+01          1         27 0.0000e+00
   38.87988  -69.10480    14.6666   4.346328    35.7340    162.683    163.987    14.6662   4.346376    35.7348     0.0274 1.0000e-12    -0.0115   100.2891      98.55    212.050     4.8745 1.3632e+01          1         27 0.0000e+00
   38.87988  -69.10479    14.6636   4.346668    35.7398    163.708    165.021    14.6635   4.346688    35.7401     0.0340 1.0000e-12    -0.0106   100.2658      98.55    209.608     4.8184 1.3570e+01          1         24 0.0000e+00
   38.87988  -69.10478    14.6657   4.348040    35.7503    164.685    166.006    14.6656   4.347965    35.7496     0.0361 1.0000e-12    -0.0104   100.2611      98.55    207.229     4.7637 1.3485e+01          1         22 0.0000e+00
   38.87988  -69.10478    14.6643   4.348813    35.7584    165.664    166.994    14.6641   4.348850    35.7590     0.0300 1.0000e-12    -0.0117   100.2933      98.55    206.076     4.7372 1.3809e+01          1         21 0.0000e+00
   38.87988  -69.10478    14.6604   4.348996    35.7635    166.685    168.023    14.6605   4.349085    35.7643     0.0359 1.0000e-12    -0.0124   100.3092      98.55    204.097     4.6918 1.3915e+01          1         21 0.0000e+00
   38.87988  -69.10478    14.6602   4.349215    35.7654    167.669    169.016    14.6601   4.349245    35.7658     0.0415 1.0000e-12    -0.0113   100.2823      98.55    200.993     4.6204 1.3915e+01          1         21 0.0000e+00
   38.87988  -69.10478    14.6601   4.349607    35.7689    168.648    170.003    14.6600   4.349667    35.7696     0.0320 1.0000e-12    -0.0113   100.2839      98.55    197.628     4.5431 1.3692e+01          1         29 0.0000e+00
   38.87988  -69.10478    14.6488   4.349217    35.7757    169.621    170.984    14.6487   4.349355    35.7770     0.0240 1.0000e-12    -0.0122   100.3051      98.55    195.958     4.5047 1.3654e+01          1         33 0.0000e+00
   38.87988  -69.10478    14.6399   4.348702    35.7790    170.633    172.004    14.6400   4.348836    35.7801     0.0218 1.0000e-12    -0.0114   100.2865      98.55    194.744     4.4768 1.3641e+01          1         26 0.0000e+00
   38.87988  -69.10478    14.6354   4.348810    35.7838    171.615    172.995    14.6352   4.348894    35.7848     0.0349 1.0000e-12    -0.0120   100.2994      98.55    192.699     4.4298 1.3596e+01          1         21 0.0000e+00
   38.87988  -69.10478    14.6250   4.348156    35.7872    172.595    173.984    14.6247   4.348295    35.7888     0.0189 1.0000e-12    -0.0131   100.3276      98.55    190.921     4.3890 1.3809e+01          1         21 0.0000e+00
   38.87988  -69.10478    14.6081   4.346945    35.7916    173.583    174.979    14.6078   4.347126    35.7935     0.0236 1.0000e-12    -0.0127   100.3165      98.55    189.513     4.3567 1.3971e+01          1         19 0.0000e+00
   38.87988  -69.10478    14.6050   4.347381    35.7981    174.567    175.972    14.6048   4.347397    35.7984     0.0262 1.0000e-12    -0.0117   100.2921      98.54    188.203     4.3266 1.3703e+01          1         21 0.0000e+00
   38.87988  -69.10478    14.6019   4.347395    35.8007    175.568    176.982    14.6018   4.347491    35.8016     0.0236 1.0000e-12    -0.0130   100.3255      98.55    186.153     4.2795 1.3869e+01          1         23 0.0000e+00
   38.87988  -69.10478    14.5998   4.347322    35.8015    176.575    177.997    14.5996   4.347404    35.8023     0.0290 1.0000e-12    -0.0126   100.3152      98.55    182.965     4.2062 1.3587e+01          1         33 0.0000e+00
   38.87988  -69.10478    14.5945   4.347158    35.8044    177.536    178.966    14.5943   4.347322    35.8061     0.0283 1.0000e-12    -0.0125   100.3126      98.55    180.600     4.1518 1.3600e+01          1         31 0.0000e+00
   38.87988  -69.10478    14.5727   4.345718    35.8113    178.532    179.971    14.5722   4.345996    35.8143     0.0222 1.0000e-12    -0.0132   100.3300      98.56    180.188     4.1424 1.3607e+01          1         20 0.0000e+00
   38.87988  -69.10478    14.5388   4.342102    35.8095    179.536    180.983    14.5383   4.342578    35.8144     0.0382 1.0000e-12    -0.0131   100.3273      98.54    179.827     4.1341 1.3619e+01          1         19 0.0000e+00
   38.87988  -69.10478    14.4909   4.336226    35.8001    180.589    182.045    14.4903   4.336960    35.8073     0.0284 1.0000e-12    -0.0130   100.3249      98.54    179.079     4.1169 1.3830e+01          1         20 0.0000e+00
   38.87988  -69.10478    14.4194   4.327668    35.7879    181.557    183.021    14.4190   4.328631    35.7973     0.0182 1.0000e-12    -0.0126   100.3139      98.55    175.542     4.0356 1.3477e+01          1         24 0.0000e+00
   38.87988  -69.10478    14.3591   4.321244    35.7845    182.483    183.956    14.3585   4.321635    35.7887     0.0261 1.0000e-12    -0.0122   100.3050      98.55    169.884     3.9056 1.3942e+01          1         36 0.0000e+00
   38.87987  -69.10477    14.2821   4.313398    35.7835    183.459    184.940    14.2816   4.313761    35.7874     0.0275 1.0000e-12    -0.0124   100.3096      98.55    165.346     3.8013 1.3692e+01          1         29 0.0000e+00
   38.87986  -69.10476    14.2576   4.313544    35.8069    184.513    186.002    14.2575   4.313503    35.8067     0.0279 1.0000e-12    -0.0129   100.3214      98.55    162.455     3.7349 1.3915e+01          1         21 0.0000e+00
   38.87986  -69.10476    14.1865   4.306737    35.8103    185.544    187.042    14.1866   4.307907    35.8211     0.0059 1.0000e-12    -0.0124   100.3104      98.55    160.632     3.6931 1.3596e+01          1         21 0.0000e+00
   38.87986  -69.10476    14.1410   4.301573    35.8042    186.569    188.076    14.1409   4.301870    35.8071     0.0250 1.0000e-12    -0.0120   100.3006      98.55    157.160     3.6133 1.3623e+01          1         28 0.0000e+00
   38.87986  -69.10476    14.1308   4.300804    35.8049    187.494    189.009    14.1306   4.300959    35.8065     0.0124 1.0000e-12    -0.0127   100.3182      98.55    150.647     3.4636 1.3663e+01          1         48 0.0000e+00
   38.87986  -69.10476    14.0964   4.297335    35.8038    188.461    189.984    14.0969   4.297884    35.8084     0.0135 1.0000e-12    -0.0128   100.3197      98.55    149.910     3.4466 1.3905e+01          1         30 0.0000e+00
   38.87986  -69.10476    14.0380   4.291279    35.8017    189.481    191.013    14.0407   4.291945    35.8053     0.0401 1.0000e-12    -0.0131   100.3278      98.55    150.126     3.4516 1.3675e+01          1         23 0.0000e+00
   38.87986  -69.10476    13.9744   4.284123    35.7943    190.497    192.037    13.9742   4.285068    35.8033     0.0191 1.0000e-12    -0.0139   100.3482      98.55    149.521     3.4377 1.3816e+01          1         31 0.0000e+00
   38.87985  -69.10476    13.8979   4.275797    35.7877    191.464    193.013    13.8974   4.276122    35.7912     0.0186 1.0000e-12    -0.0137   100.3418      98.55    148.330     3.4104 1.3866e+01          1         37 0.0000e+00
   38.87984  -69.10476    13.8704   4.272715    35.7832    192.454    194.012    13.8704   4.272957    35.7855     0.0431 1.0000e-12    -0.0132   100.3307      98.55    147.621     3.3941 1.3806e+01          1         37 0.0000e+00
   38.87984  -69.10476    13.8339   4.268588    35.7777    193.433    194.999    13.8335   4.269089    35.7828     0.0336 1.0000e-12    -0.0137   100.3425      98.55    147.363     3.3882 1.4047e+01          1         37 0.0000e+00
   38.87984  -69.10476    13.7549   4.259906    35.7699    194.409    195.984    13.7544   4.260178    35.7730     0.0403 1.0000e-12    -0.0135   100.3382      98.55    147.571     3.3930 1.3811e+01          1         47 0.0000e+00
   38.87984  -69.10476    13.7436   4.258685    35.7672    195.413    196.995    13.7433   4.258818    35.7688     0.0362 1.0000e-12    -0.0137   100.3432      98.55    147.421     3.3895 1.3765e+01          1         41 0.0000e+00
   38.87984  -69.10476    13.7283   4.256975    35.7642    196.379    197.970    13.7284   4.257184    35.7661     0.0178 1.0000e-12    -0.0129   100.3236      98.55    147.265     3.3860 1.3774e+01          1         40 0.0000e+00
   38.87984  -69.10475    13.7184   4.255921    35.7624    197.393    198.993    13.7179   4.256064    35.7642     0.0335 1.0000e-12    -0.0141   100.3531      98.55    146.918     3.3780 1.3842e+01          1         39 0.0000e+00
   38.87984  -69.10474    13.7007   4.254004    35.7596    198.388    199.996    13.7021   4.254328    35.7613     0.0267 1.0000e-12    -0.0141   100.3524      98.55    147.082     3.3818 1.3740e+01          1         94 0.0000e+00
   38.87980  -69.10472    13.6728   4.250964    35.7541    199.361    200.978    13.6724   4.251034    35.7551     0.0292 1.0000e-12    -0.0141   100.3524      98.55    146.425     3.3667 1.3863e+01          1        895 0.0000e+00
   38.87976  -69.10470    13.6854   4.252313    35.7547    198.260    199.867    13.6837   4.252204    35.7553     0.0335 1.0000e-12    -0.0147   100.3673      98.55    146.189     3.3613 1.3864e+01          1         93 0.0000e+00
   38.87976  -69.10469    13.7110   4.255184    35.7578    197.355    198.954    13.7083   4.254899    35.7576     0.0297 1.0000e-12    -0.0143   100.3589      98.55    146.401     3.3661 1.3913e+01          1         97 0.0000e+00
   38.87976  -69.10468    13.7158   4.255669    35.7584    196.473    198.065    13.7151   4.255696    35.7593     0.0242 1.0000e-12    -0.0144   100.3619      98.55    146.429     3.3668 1.3830e+01          1         50 0.0000e+00
   38.87975  -69.10468    13.7222   4.256357    35.7593    195.349    196.931    13.7198   4.256166    35.7598     0.0240 1.0000e-12    -0.0143   100.3584      98.56    145.982     3.3565 1.3923e+01          1         58 0.0000e+00
   38.87974  -69.10468    13.7358   4.257891    35.7613    194.486    196.060    13.7303   4.257249    35.7605     0.0177 1.0000e-12    -0.0131   100.3289      98.55    146.403     3.3661 1.3895e+01          1         48 0.0000e+00
   38.87974  -69.10468    13.7622   4.260922    35.7651    193.434    194.999    13.7528   4.259600    35.7615     0.0103 1.0000e-12    -0.0145   100.3626      98.56    146.145     3.3602 1.3830e+01          1         30 0.0000e+00
   38.87974  -69.10468    13.8381   4.269206    35.7709    192.434    193.991    13.8240   4.267329    35.7667     0.0267 1.0000e-12    -0.0140   100.3501      98.56    146.320     3.3642 1.3927e+01          1         37 0.0000e+00
