Data/ruptures/KN207-01/QL-1/20701027.cnv
* Sea-Bird SBE 9 Data File:
* FileName = C:\Data\ctd\20701027.hex
* Software Version Seasave V 7.21e
* Temperature SN = 4406
* Conductivity SN = 1474
* Number of Bytes Per Scan = 40
* Number of Voltage Words = 5
* Number of Scans Averaged by the Deck Unit = 1
* NMEA Latitude = 38 55.04 N
* NMEA Longitude = 068 59.94 W
* NMEA UTC (Time) = Apr 24 2012 23:32:42
** R/V Knorr Cruise # KN207-01 QL1
** Chief Scientist: Ben Van Mooy
# nquan = 21
# nvalues = 399                         
# units = specified
# name 0 = latitude: Latitude [deg]
# name 1 = longitude: Longitude [deg]
# name 2 = t090C: Temperature [ITS-90, deg C]
# name 3 = c0S/m: Conductivity [S/m]
# name 4 = sal00: Salinity, Practical [PSU]
# name 5 = depSM: Depth [salt water, m]
# name 6 = prDM: Pressure, Digiquartz [db]
# name 7 = t190C: Temperature, 2 [ITS-90, deg C]
# name 8 = c1S/m: Conductivity, 2 [S/m]
# name 9 = sal11: Salinity, Practical, 2 [PSU]
# name 10 = flECO-AFL: Fluorescence, WET Labs ECO-AFL/FL [mg/m^3]
# name 11 = par: PAR/Irradiance, Biospherical/Licor
# name 12 = bat: Beam Attenuation, Chelsea/Seatech [1/m]
# name 13 = xmiss: Beam Transmission, Chelsea/Seatech [%]
# name 14 = altM: Altimeter [m]
# name 15 = sbeox0Mm/Kg: Oxygen, SBE 43 [umol/kg]
# name 16 = sbeox0ML/L: Oxygen, SBE 43 [ml/l]
# name 17 = spar: SPAR/Surface Irradiance
# name 18 = pumps: Pump Status
# name 19 = nbin: number of scans per bin
# name 20 = flag: flag
# span 0 =   38.91728,   38.91744       
# span 1 =  -69.00008,  -68.99914       
# span 2 =    10.6087,    14.6908       
# span 3 =   3.813429,   4.352887       
# span 4 =    32.8838,    35.8401       
# span 5 =      2.271,    200.290       
# span 6 =      2.288,    201.915       
# span 7 =    10.6204,    14.6926       
# span 8 =   3.813920,   4.353201       
# span 9 =    33.5617,    35.8426       
# span 10 =     0.0044,     3.1248      
# span 11 = 1.0000e-12, 7.8282e-02      
# span 12 =    -0.0150,     0.3453      
# span 13 =    91.7302,   100.3770      
# span 14 =       5.27,      98.73      
# span 15 =    145.394,    437.523      
# span 16 =     3.3430,    10.0477      
# span 17 = 1.4089e+01, 1.7994e+01      
# span 18 =          1,          1      
# span 19 =         11,        564      
# span 20 = 0.0000e+00, 0.0000e+00      
# interval = decibars: 1                
# start_time = Apr 24 2012 23:32:42 [NMEA time, header]
# bad_flag = -9.990e-29
*END*
   38.91742  -68.99914    12.8005   3.855592    32.8838      3.927      3.957    12.7944   3.926301    33.5617     1.2682 2.5157e-02     0.3178    92.3621       5.96    344.236     7.8990 1.7912e+01          1        265 0.0000e+00
   38.91742  -68.99916    12.7946   3.939916    33.6908      4.909      4.947    12.7931   3.957069    33.8558     1.3032 3.8388e-03     0.3128    92.4774       5.87    368.245     8.4551 1.7861e+01          1        137 0.0000e+00
   38.91740  -68.99918    12.7357   3.956130    33.8995      5.878      5.923    12.7220   3.962006    33.9684     1.3198 5.4876e-03     0.3134    92.4630       5.66    391.720     8.9956 1.7845e+01          1         24 0.0000e+00
   38.91740  -68.99918    12.7617   3.955089    33.8649      6.938      6.991    12.7672   3.960739    33.9137     1.2632 1.0000e-12     0.3146    92.4355       5.93    397.184     9.1208 1.7845e+01          1         18 0.0000e+00
   38.91740  -68.99918    12.7555   3.955446    33.8735      7.873      7.933    12.7643   3.961036    33.9188     1.2607 6.3598e-04     0.3150    92.4255       6.09    433.516     9.9552 1.7788e+01          1         78 0.0000e+00
   38.91740  -68.99918    12.7570   3.962425    33.9382      8.935      9.003    12.7467   3.965114    33.9735     1.2577 1.0000e-12     0.3151    92.4247       5.31    437.523    10.0477 1.7994e+01          1         15 0.0000e+00
   38.91740  -68.99918    12.7327   3.960444    33.9413      9.999     10.076    12.6410   3.961037    34.0322     1.2428 1.0000e-12     0.3145    92.4384       5.27    424.978     9.7597 1.7845e+01          1         18 0.0000e+00
   38.91740  -68.99920    12.6723   3.952943    33.9246     10.790     10.873    12.6879   3.960204    33.9795     1.3022 1.0000e-12     0.3167    92.3870       5.81    283.420     6.5088 1.7774e+01          1         94 0.0000e+00
   38.91740  -68.99920    12.6059   3.955121    34.0059     11.919     12.010    12.5849   3.955890    34.0331     1.3119 1.0000e-12     0.3136    92.4596       6.00    244.117     5.6066 1.7845e+01          1         17 0.0000e+00
   38.91742  -68.99922    12.5648   3.951835    34.0118     12.930     13.029    12.5288   3.953389    34.0604     1.2903 1.0000e-12     0.3195    92.3232      50.97    241.808     5.5537 1.7845e+01          1         25 0.0000e+00
   38.91742  -68.99922    12.5733   3.952084    34.0052     13.740     13.845    12.5374   3.956418    34.0800     1.3801 2.5124e-04     0.3232    92.2367      98.50    252.698     5.8037 1.7821e+01          1         91 0.0000e+00
   38.91740  -68.99920    12.6545   3.950569    33.9138     14.902     15.016    12.5848   3.951160    33.9840     1.3495 1.2377e-03     0.3256    92.1836      98.50    238.819     5.4845 1.7845e+01          1         22 0.0000e+00
   38.91740  -68.99920    12.4538   3.953226    34.1257     15.931     16.053    12.3475   3.953206    34.2245     1.2912 1.2878e-03     0.3253    92.1899      98.51    233.679     5.3675 1.7771e+01          1         30 0.0000e+00
   38.91740  -68.99921    12.5135   3.952611    34.0627     16.831     16.959    12.5080   3.955966    34.0993     1.4725 4.7750e-04     0.3272    92.1453      98.50    246.517     5.6621 1.7730e+01          1         97 0.0000e+00
   38.91740  -68.99922    12.2880   3.948944    34.2371     17.803     17.939    12.2781   3.950486    34.2608     1.4863 1.0000e-12     0.3278    92.1330      98.50    234.801     5.3939 1.7756e+01          1         25 0.0000e+00
   38.91740  -68.99922    12.2342   3.933235    34.1343     18.819     18.963    12.2330   3.936770    34.1692     1.4595 1.0000e-12     0.3286    92.1143      98.50    227.176     5.2184 1.7554e+01          1         23 0.0000e+00
   38.91741  -68.99922    12.3478   3.944037    34.1303     19.913     20.066    12.3372   3.949506    34.1924     1.5946 1.0000e-12     0.3287    92.1106      98.50    237.332     5.4515 1.7801e+01          1        101 0.0000e+00
   38.91742  -68.99922    12.1614   3.933551    34.2023     20.833     20.993    12.1708   3.940524    34.2608     1.7408 2.1717e-03     0.3306    92.0656      98.50    232.880     5.3498 1.7845e+01          1         22 0.0000e+00
   38.91742  -68.99922    12.1008   3.915941    34.0873     21.859     22.027    12.0995   3.920578    34.1333     1.6098 6.1835e-04     0.3321    92.0319      98.50    226.245     5.1970 1.7845e+01          1         16 0.0000e+00
   38.91742  -68.99922    12.0664   3.916021    34.1191     22.887     23.063    12.0607   3.916521    34.1291     1.6093 1.0000e-12     0.3336    91.9979      98.50    223.375     5.1312 1.7744e+01          1         22 0.0000e+00
   38.91742  -68.99922    12.2471   3.931773    34.1008     23.690     23.872    12.2184   3.934756    34.1564     1.8058 1.6788e-04     0.3330    92.0125      98.50    238.629     5.4813 1.7755e+01          1         74 0.0000e+00
   38.91740  -68.99924    11.9765   3.907452    34.1180     24.797     24.987    11.9765   3.908057    34.1232     1.6759 1.0000e-12     0.3317    92.0418      98.50    228.197     5.2420 1.7686e+01          1         14 0.0000e+00
   38.91740  -68.99924    11.9055   3.897532    34.0871     25.823     26.022    11.9061   3.898893    34.0991     1.7208 1.0000e-12     0.3327    92.0195      98.50    225.403     5.1778 1.7714e+01          1         17 0.0000e+00
   38.91740  -68.99924    11.8342   3.902803    34.2043     26.838     27.044    11.8562   3.906341    34.2175     1.8803 4.7962e-05     0.3333    92.0049      98.50    233.953     5.3747 1.7744e+01          1         22 0.0000e+00
   38.91741  -68.99923    12.0356   3.918487    34.1647     27.701     27.914    11.8713   3.920660    34.3396     2.1378 1.8905e-03     0.3325    92.0245      98.51    244.567     5.6182 1.7526e+01          1        147 0.0000e+00
   38.91742  -68.99922    11.3308   3.903451    34.6888     28.746     28.967    11.3793   3.907740    34.6823     2.0809 1.6100e-04     0.3327    92.0182      98.50    222.754     5.1198 1.7651e+01          1         23 0.0000e+00
   38.91742  -68.99925    11.1186   3.859639    34.4547     29.765     29.994    11.1212   3.900600    34.8581     2.4665 8.0795e-06     0.3349    91.9683      98.50    218.885     5.0302 1.7526e+01          1         21 0.0000e+00
   38.91742  -68.99926    11.1589   3.879029    34.6052     30.779     31.016    11.1121   3.898744    34.8452     2.7041 6.0005e-05     0.3432    91.7775      98.50    217.270     4.9936 1.7659e+01          1         24 0.0000e+00
   38.91742  -68.99926    11.1784   3.891826    34.7082     32.006     32.252    11.1214   3.891530    34.7586     2.9612 2.3652e-05     0.3452    91.7313      98.50    238.528     5.4826 1.7494e+01          1         89 0.0000e+00
   38.91742  -68.99924    11.1471   3.891432    34.7290     32.690     32.942    11.1458   3.884623    34.6612     3.1248 1.0000e-12     0.3407    91.8345      98.51    227.822     5.2366 1.7480e+01          1         55 0.0000e+00
   38.91742  -68.99924    11.0680   3.877833    34.6676     33.720     33.980    11.0665   3.870164    34.5916     2.9726 1.0000e-12     0.3445    91.7490      98.51    215.271     4.9480 1.7372e+01          1         33 0.0000e+00
   38.91742  -68.99925    10.8318   3.868322    34.8005     34.730     34.997    10.7895   3.862131    34.7789     2.6175 5.1191e-04     0.3453    91.7302      98.51    211.345     4.8584 1.7485e+01          1         31 0.0000e+00
   38.91742  -68.99926    10.6087   3.871768    35.0494     35.687     35.962    10.6204   3.866412    34.9829     2.0501 1.0000e-12     0.3011    92.7488      98.51    211.497     4.8630 1.7330e+01          1         78 0.0000e+00
   38.91742  -68.99926    10.7543   3.851514    34.6978     36.680     36.963    10.7779   3.847869    34.6379     1.5862 1.0000e-12     0.2671    93.5437      98.50    213.757     4.9136 1.7288e+01          1         24 0.0000e+00
   38.91742  -68.99926    10.9647   3.853708    34.5140     37.726     38.017    10.8906   3.843335    34.4816     0.8393 1.0000e-12     0.1486    96.3591      98.51    215.084     4.9432 1.7554e+01          1         23 0.0000e+00
   38.91742  -68.99926    11.1355   3.861631    34.4293     38.772     39.071    11.0909   3.855427    34.4093     0.7349 1.0495e-06     0.1176    97.1088      98.51    221.698     5.0947 1.7335e+01          1        118 0.0000e+00
   38.91742  -68.99926    11.2732   3.846829    34.1502     39.649     39.955    11.3864   3.842606    34.0006     0.9844 1.0000e-12     0.1565    96.1628      98.51    212.788     4.8888 1.7349e+01          1         18 0.0000e+00
   38.91742  -68.99926    11.5269   3.850656    33.9470     40.675     40.989    11.6052   3.858403    33.9489     0.8408 1.0000e-12     0.1065    97.3753      98.51    210.156     4.8274 1.7189e+01          1         17 0.0000e+00
   38.91742  -68.99926    11.5512   3.855371    33.9712     41.719     42.041    11.5199   3.864841    34.0940     0.3901 1.0000e-12     0.0604    98.5025      98.50    211.418     4.8564 1.7102e+01          1         21 0.0000e+00
   38.91742  -68.99927    11.4877   3.861715    34.0975     42.480     42.808    11.4724   3.870391    34.1970     0.5445 4.5911e-06     0.0697    98.2747      98.51    219.691     5.0470 1.7483e+01          1        111 0.0000e+00
   38.91742  -68.99928    11.6168   3.864827    34.0066     43.694     44.032    11.6208   3.874809    34.1006     0.5783 4.7281e-05     0.0832    97.9413      98.50    211.425     4.8567 1.7330e+01          1         26 0.0000e+00
   38.91743  -68.99928    11.6846   3.871093    34.0052     44.687     45.033    11.6870   3.877842    34.0689     0.3856 4.6860e-04     0.0439    98.9091      98.51    208.328     4.7855 1.7513e+01          1         47 0.0000e+00
   38.91744  -68.99928    11.7113   3.878153    34.0506     45.600     45.953    11.7161   3.883074    34.0943     0.3602 1.0000e-12     0.0356    99.1144      98.50    204.535     4.6985 1.7084e+01          1         41 0.0000e+00
   38.91744  -68.99928    11.7496   3.884273    34.0755     46.690     47.051    11.7512   3.887812    34.1086     0.3853 3.2430e-04     0.0351    99.1253      98.50    204.460     4.6968 1.7349e+01          1         45 0.0000e+00
   38.91744  -68.99929    11.8840   3.889593    34.0023     47.577     47.945    11.8824   3.892892    34.0360     0.3618 2.0031e-04     0.0323    99.1957      98.51    201.878     4.6371 1.7060e+01          1         54 0.0000e+00
   38.91744  -68.99930    12.0454   3.896388    33.9192     48.687     49.064    12.0250   3.899054    33.9641     0.3604 1.0000e-12     0.0317    99.2109      98.51    197.766     4.5423 1.7030e+01          1         52 0.0000e+00
   38.91743  -68.99929    12.2455   3.903194    33.8017     49.504     49.888    12.2277   3.912617    33.9090     0.3227 1.9219e-04     0.0274    99.3183      98.51    192.442     4.4194 1.7080e+01          1         70 0.0000e+00
   38.91742  -68.99928    12.3729   3.916607    33.8151     50.555     50.947    12.4433   3.971650    34.2794     0.2815 1.0000e-12     0.0236    99.4123      98.50    189.175     4.3443 1.6730e+01          1         20 0.0000e+00
   38.91742  -68.99928    12.4597   3.937513    33.9365     51.563     51.963    12.5177   4.011492    34.5940     0.2058 1.0000e-12     0.0178    99.5560      98.51    189.213     4.3455 1.6978e+01          1         18 0.0000e+00
   38.91742  -68.99928    12.5528   3.976635    34.2267     52.605     53.013    12.5972   4.029968    34.6976     0.1995 5.9112e-05     0.0154    99.6167      98.51    190.792     4.3827 1.6842e+01          1         20 0.0000e+00
   38.91743  -68.99931    12.5761   4.019550    34.6210     53.454     53.868    12.5436   4.042192    34.8699     0.2046 1.4665e-04     0.0160    99.6003      98.51    217.240     4.9917 1.7121e+01          1         77 0.0000e+00
   38.91744  -68.99932    12.6992   4.040165    34.7050     54.610     55.034    12.7414   4.058719    34.8424     0.2449 1.0000e-12     0.0189    99.5303      98.52    237.882     5.4662 1.6978e+01          1         18 0.0000e+00
   38.91744  -68.99932    12.9223   4.072416    34.8031     55.629     56.061    12.9346   4.094690    35.0040     0.1917 1.0000e-12     0.0158    99.6076      98.51    234.182     5.3814 1.6789e+01          1         19 0.0000e+00
   38.91744  -68.99932    12.9813   4.093808    34.9527     56.585     57.024    12.9908   4.106403    35.0639     0.1570 1.0000e-12     0.0098    99.7552      98.50    232.252     5.3375 1.7440e+01          1         22 0.0000e+00
   38.91744  -68.99933    12.9187   4.097362    35.0509     57.527     57.973    12.8232   4.088857    35.0601     0.1482 1.0000e-12     0.0103    99.7426      98.51    229.147     5.2666 1.6946e+01          1        134 0.0000e+00
   38.91744  -68.99934    13.2021   4.133717    35.1300     58.534     58.988    13.1416   4.121675    35.0712     0.1506 1.0000e-12     0.0120    99.6993      98.50    225.623     5.1857 1.6987e+01          1         26 0.0000e+00
   38.91744  -68.99934    13.2961   4.149072    35.1878     59.561     60.024    13.2975   4.150463    35.1982     0.1175 1.0000e-12     0.0065    99.8387      98.50    229.395     5.2725 1.7019e+01          1         27 0.0000e+00
   38.91744  -68.99932    13.3389   4.155043    35.2055     60.558     61.028    13.3362   4.155922    35.2151     0.0951 1.0000e-12     0.0031    99.9240      98.51    230.912     5.3074 1.6992e+01          1         34 0.0000e+00
   38.91744  -68.99932    13.3494   4.157269    35.2184     61.537     62.015    13.3492   4.158255    35.2270     0.0973 1.0000e-12     0.0024    99.9408      98.51    227.410     5.2269 1.6668e+01          1         36 0.0000e+00
   38.91744  -68.99933    13.3406   4.156306    35.2205     62.502     62.988    13.3216   4.154526    35.2209     0.1068 1.0000e-12     0.0181    99.5496      98.51    226.734     5.2114 1.6596e+01          1        100 0.0000e+00
   38.91744  -68.99934    13.3647   4.159244    35.2271     63.480     63.973    13.3659   4.159160    35.2246     0.1046 1.0000e-12     0.0049    99.8762      98.51    226.507     5.2062 1.6384e+01          1         29 0.0000e+00
   38.91744  -68.99934    13.4433   4.169088    35.2458     64.513     65.015    13.4379   4.167146    35.2321     0.0979 1.0000e-12     0.0068    99.8313      98.51    225.971     5.1939 1.6775e+01          1         25 0.0000e+00
   38.91744  -68.99934    13.5674   4.187059    35.2987     65.638     66.149    13.5573   4.185500    35.2931     0.0886 1.0000e-12     0.0017    99.9573      98.51    225.803     5.1901 1.6854e+01          1         54 0.0000e+00
   38.91744  -68.99934    13.5294   4.182591    35.2945     66.320     66.836    13.5558   4.184860    35.2905     0.0781 1.0000e-12     0.0148    99.6300      98.51    225.645     5.1865 1.6682e+01          1         69 0.0000e+00
   38.91743  -68.99935    13.6916   4.204507    35.3479     67.431     67.956    13.6911   4.204385    35.3472     0.1157 1.0000e-12     0.0422    98.9511      98.51    225.373     5.1803 1.6332e+01          1         28 0.0000e+00
   38.91742  -68.99936    13.7021   4.206305    35.3554     68.464     68.997    13.7019   4.206290    35.3554     0.0979 1.0000e-12     0.0107    99.7324      98.51    226.744     5.2118 1.6730e+01          1         24 0.0000e+00
   38.91742  -68.99936    13.7087   4.207251    35.3586     69.498     70.040    13.7102   4.207420    35.3588     0.0637 1.0000e-12     0.0020    99.9508      98.51    226.670     5.2101 1.6810e+01          1         28 0.0000e+00
   38.91743  -68.99936    13.6830   4.204162    35.3557     70.349     70.898    13.6676   4.202354    35.3531     0.0712 1.0000e-12     0.0186    99.5357      57.47    226.242     5.2003 1.6469e+01          1        141 0.0000e+00
