Data/ruptures/KN207-01/QL-1/20701010.cnv
* Sea-Bird SBE 9 Data File:
* FileName = C:\Data\ctd\20701010.hex
* Software Version Seasave V 7.21e
* Temperature SN = 4406
* Conductivity SN = 1474
* Number of Bytes Per Scan = 40
* Number of Voltage Words = 5
* Number of Scans Averaged by the Deck Unit = 1
* NMEA Latitude = 39 00.01 N
* NMEA Longitude = 069 00.00 W
* NMEA UTC (Time) = Apr 23 2012 00:33:00
** R/V Knorr Cruise # KN207-01 QL1
** Chief Scientist: Ben Van Mooy
# nquan = 21
# nvalues = 6320                        
# units = specified
# name 0 = latitude: Latitude [deg]
# name 1 = longitude: Longitude [deg]
# name 2 = t090C: Temperature [ITS-90, deg C]
# name 3 = c0S/m: Conductivity [S/m]
# name 4 = sal00: Salinity, Practical [PSU]
# name 5 = depSM: Depth [salt water, m]
# name 6 = prDM: Pressure, Digiquartz [db]
# name 7 = t190C: Temperature, 2 [ITS-90, deg C]
# name 8 = c1S/m: Conductivity, 2 [S/m]
# name 9 = sal11: Salinity, Practical, 2 [PSU]
# name 10 = flECO-AFL: Fluorescence, WET Labs ECO-AFL/FL [mg/m^3]
# name 11 = par: PAR/Irradiance, Biospherical/Licor
# name 12 = bat: Beam Attenuation, Chelsea/Seatech [1/m]
# name 13 = xmiss: Beam Transmission, Chelsea/Seatech [%]
# name 14 = altM: Altimeter [m]
# name 15 = sbeox0Mm/Kg: Oxygen, SBE 43 [umol/kg]
# name 16 = sbeox0ML/L: Oxygen, SBE 43 [ml/l]
# name 17 = spar: SPAR/Surface Irradiance
# name 18 = pumps: Pump Status
# name 19 = nbin: number of scans per bin
# name 20 = flag: flag
# span 0 =   38.99986,   39.00084       
# span 1 =  -69.00114,  -68.99736       
# span 2 =     2.3685,    14.7912       
# span 3 =   3.233334,   4.369546       
# span 4 =    33.6978,    35.8426       
# span 5 =      2.948,   3115.218       
# span 6 =      2.970,   3162.519       
# span 7 =     2.3683,    14.7910       
# span 8 =   3.233272,   4.369614       
# span 9 =    34.0594,    35.8538       
# span 10 =    -0.0209,     3.7649      
# span 11 = 1.0000e-12, 1.0000e-12      
# span 12 =    -0.0358,     0.3353      
# span 13 =    91.9590,   100.8979      
# span 14 =       5.23,      98.93      
# span 15 =    129.475,    442.857      
# span 16 =     2.9778,    10.1715      
# span 17 = 1.3384e+01, 1.5615e+01      
# span 18 =          1,          1      
# span 19 =          2,        481      
# span 20 = 0.0000e+00, 0.0000e+00      
# interval = decibars: 1                
# start_time = Apr 23 2012 00:33:00 [NMEA time, header]
# bad_flag = -9.990e-29
*END*
[from data line 5587]
   39.00056  -68.99832     4.8736   3.365909    34.9835    729.163    736.031     4.8744   3.365955    34.9832     0.0255 1.0000e-12    -0.0285   100.7156      98.56    232.612     5.3527 1.4964e+01          1         24 0.0000e+00
   39.00056  -68.99832     4.8776   3.366224    34.9835    728.132    734.989     4.8748   3.365929    34.9831     0.0425 1.0000e-12    -0.0287   100.7197      98.55    232.650     5.3536 1.4676e+01          1         19 0.0000e+00
   39.00056  -68.99832     4.8815   3.366547    34.9836    727.111    733.956     4.8813   3.366444    34.9826     0.0206 1.0000e-12    -0.0288   100.7242      98.56    232.522     5.3506 1.4723e+01          1         15 0.0000e+00
   39.00056  -68.99832     4.8827   3.366631    34.9839    726.165    733.000     4.8829   3.366611    34.9834     0.0268 1.0000e-12    -0.0289   100.7247      98.56    232.485     5.3498 1.4696e+01          1         17 0.0000e+00
   39.00056  -68.99831     4.8841   3.366721    34.9840    725.137    731.960     4.8843   3.366729    34.9839     0.0142 1.0000e-12    -0.0288   100.7245      98.56    232.571     5.3518 1.4414e+01          1         26 0.0000e+00
   39.00056  -68.99830     4.8856   3.366822    34.9842    724.191    731.004     4.8848   3.366723    34.9839     0.0043 1.0000e-12    -0.0282   100.7089      98.56    232.580     5.3520 1.4789e+01          1         27 0.0000e+00
   39.00056  -68.99830     4.8852   3.366729    34.9841    723.198    729.999     4.8854   3.366742    34.9840     0.0167 1.0000e-12    -0.0287   100.7220      98.56    232.380     5.3474 1.4685e+01          1         24 0.0000e+00
   39.00056  -68.99830     4.8867   3.366803    34.9840    722.225    729.015     4.8856   3.366688    34.9838     0.0160 1.0000e-12    -0.0288   100.7220      98.55    232.223     5.3437 1.4723e+01          1         20 0.0000e+00
   39.00056  -68.99830     4.8878   3.366860    34.9840    721.170    727.949     4.8877   3.366827    34.9837     0.0099 1.0000e-12    -0.0287   100.7207      98.56    232.075     5.3403 1.4366e+01          1         25 0.0000e+00
   39.00054  -68.99830     4.8881   3.366837    34.9841    720.261    727.030     4.8884   3.366856    34.9840     0.0049 1.0000e-12    -0.0285   100.7164      98.56    232.641     5.3534 1.4356e+01          1         62 0.0000e+00
   39.00054  -68.99830     4.8883   3.366804    34.9841    719.279    726.037     4.8883   3.366793    34.9839     0.0205 1.0000e-12    -0.0281   100.7060      98.56    232.629     5.3531 1.4918e+01          1         16 0.0000e+00
   39.00054  -68.99830     4.8912   3.367040    34.9842    718.276    725.023     4.8903   3.366866    34.9831     0.0249 1.0000e-12    -0.0285   100.7156      98.56    232.490     5.3499 1.4757e+01          1         13 0.0000e+00
   39.00054  -68.99830     4.8955   3.367395    34.9841    717.307    724.043     4.8959   3.367394    34.9837     0.0285 1.0000e-12    -0.0285   100.7156      98.56    232.156     5.3422 1.4685e+01          1         12 0.0000e+00
   39.00054  -68.99830     4.8973   3.367537    34.9844    716.304    723.029     4.8974   3.367521    34.9841     0.0396 1.0000e-12    -0.0288   100.7235      98.56    232.118     5.3413 1.4757e+01          1         13 0.0000e+00
   39.00054  -68.99830     4.8987   3.367607    34.9843    715.262    721.975     4.8997   3.367689    34.9841     0.0447 1.0000e-12    -0.0286   100.7172      98.56    232.031     5.3393 1.5057e+01          1         16 0.0000e+00
   39.00054  -68.99830     4.9010   3.367815    34.9848    714.214    720.915     4.9010   3.367780    34.9844     0.0470 1.0000e-12    -0.0284   100.7139      98.56    232.244     5.3442 1.4797e+01          1         30 0.0000e+00
   39.00054  -68.99830     4.9021   3.367866    34.9848    713.342    720.034     4.9033   3.367947    34.9845     0.0338 1.0000e-12    -0.0285   100.7165      98.56    232.367     5.3471 1.4307e+01          1         29 0.0000e+00
   39.00054  -68.99830     4.9025   3.367846    34.9847    712.326    719.006     4.9031   3.367888    34.9846     0.0271 1.0000e-12    -0.0284   100.7137      98.56    232.253     5.3444 1.4458e+01          1         27 0.0000e+00
   39.00054  -68.99830     4.9029   3.367834    34.9847    711.312    717.981     4.9030   3.367830    34.9846     0.0256 1.0000e-12    -0.0286   100.7185      98.56    232.143     5.3419 1.4830e+01          1         54 0.0000e+00
   39.00054  -68.99830     4.9035   3.367834    34.9846    710.454    717.113     4.9036   3.367815    34.9843     0.0330 1.0000e-12    -0.0291   100.7302      98.56    232.245     5.3442 1.4648e+01          1         30 0.0000e+00
   39.00054  -68.99830     4.9049   3.367906    34.9846    709.370    716.017     4.9043   3.367823    34.9843     0.0290 1.0000e-12    -0.0284   100.7142      98.56    232.233     5.3440 1.4558e+01          1         19 0.0000e+00
   39.00054  -68.99830     4.9086   3.368218    34.9847    708.326    714.962     4.9087   3.368156    34.9839     0.0219 1.0000e-12    -0.0285   100.7156      98.56    231.842     5.3350 1.4871e+01          1         18 0.0000e+00
   39.00053  -68.99830     4.9097   3.368291    34.9850    707.328    713.953     4.9108   3.368385    34.9849     0.0207 1.0000e-12    -0.0284   100.7131      98.56    232.021     5.3391 1.4799e+01          1         93 0.0000e+00
   39.00054  -68.99828     4.9121   3.368472    34.9851    706.382    712.996     4.9120   3.368427    34.9848     0.0205 1.0000e-12    -0.0281   100.7063      98.55    231.895     5.3362 1.4455e+01          1         25 0.0000e+00
   39.00054  -68.99828     4.9162   3.368838    34.9855    705.258    711.860     4.9162   3.368802    34.9852     0.0249 1.0000e-12    -0.0283   100.7114      98.56    232.025     5.3392 1.4704e+01          1         49 0.0000e+00
   39.00052  -68.99830     4.9204   3.369199    34.9858    704.431    711.023     4.9189   3.369005    34.9851     0.0322 1.0000e-12    -0.0279   100.6998      98.56    231.867     5.3355 1.4585e+01          1         13 0.0000e+00
   39.00052  -68.99830     4.9223   3.369356    34.9862    703.372    709.953     4.9212   3.369190    34.9854     0.0301 1.0000e-12    -0.0278   100.6969      98.56    231.446     5.3258 1.5007e+01          1         11 0.0000e+00
   39.00052  -68.99827     4.9284   3.369925    34.9866    702.399    708.969     4.9245   3.369458    34.9854     0.0267 1.0000e-12    -0.0276   100.6920      98.56    231.578     5.3289 1.4128e+01          1         12 0.0000e+00
   39.00052  -68.99826     4.9397   3.371001    34.9875    701.348    707.907     4.9348   3.370408    34.9859     0.0283 1.0000e-12    -0.0277   100.6948      98.56    231.674     5.3311 1.4765e+01          1         21 0.0000e+00
   39.00052  -68.99827     4.9372   3.370714    34.9875    700.557    707.106     4.9383   3.370777    34.9869     0.0174 1.0000e-12    -0.0282   100.7070      98.56    231.826     5.3346 1.4458e+01          1         27 0.0000e+00
   39.00051  -68.99823     4.9499   3.371938    34.9891    699.577    706.116     4.9483   3.371766    34.9889     0.0250 1.0000e-12    -0.0285   100.7146      97.13    230.816     5.3114 1.4809e+01          1        180 0.0000e+00
   39.00051  -68.99818     4.9562   3.372515    34.9899    698.742    705.272     4.9563   3.372513    34.9898     0.0193 1.0000e-12    -0.0286   100.7181      98.56    230.117     5.2953 1.4967e+01          1         31 0.0000e+00
   39.00050  -68.99818     4.9598   3.372817    34.9901    697.517    704.033     4.9587   3.372676    34.9897     0.0268 1.0000e-12    -0.0280   100.7039      98.56    230.066     5.2941 1.5209e+01          1         11 0.0000e+00
   39.00052  -68.99816     4.9623   3.373019    34.9903    696.517    703.023     4.9607   3.372798    34.9895     0.0395 1.0000e-12    -0.0282   100.7086      98.55    230.091     5.2947 1.4601e+01          1         11 0.0000e+00
   39.00052  -68.99816     4.9673   3.373478    34.9907    695.500    701.994     4.9679   3.373394    34.9891     0.0428 1.0000e-12    -0.0285   100.7156      98.55    229.834     5.2888 1.5615e+01          1         11 0.0000e+00
   39.00052  -68.99816     4.9723   3.373932    34.9911    694.475    700.958     4.9746   3.374026    34.9897     0.0351 1.0000e-12    -0.0280   100.7037      98.56    230.260     5.2986 1.4757e+01          1         13 0.0000e+00
   39.00052  -68.99816     4.9829   3.374917    34.9917    693.471    699.942     4.9800   3.374577    34.9909     0.0287 1.0000e-12    -0.0283   100.7092      98.56    230.091     5.2947 1.5197e+01          1         16 0.0000e+00
   39.00052  -68.99817     4.9785   3.374430    34.9914    692.738    699.201     4.9765   3.374228    34.9911     0.0258 1.0000e-12    -0.0282   100.7089      98.56    229.867     5.2895 1.4513e+01          1         81 0.0000e+00
   39.00052  -68.99818     4.9788   3.374429    34.9918    691.546    697.996     4.9785   3.374245    34.9899     0.0294 1.0000e-12    -0.0285   100.7156      98.57    228.701     5.2627 1.4565e+01          1         17 0.0000e+00
   39.00052  -68.99818     4.9877   3.375207    34.9917    690.590    697.030     4.9864   3.374993    34.9906     0.0283 1.0000e-12    -0.0284   100.7136      98.56    228.543     5.2590 1.4414e+01          1         13 0.0000e+00
   39.00052  -68.99818     4.9966   3.376060    34.9925    689.601    696.029     4.9972   3.375837    34.9893     0.0265 1.0000e-12    -0.0283   100.7101      98.55    228.993     5.2694 1.4659e+01          1         14 0.0000e+00
   39.00052  -68.99818     5.0083   3.377100    34.9925    688.584    695.001     5.0079   3.377001    34.9918     0.0210 1.0000e-12    -0.0281   100.7057      98.56    229.453     5.2800 1.4757e+01          1         13 0.0000e+00
   39.00052  -68.99818     5.0153   3.377759    34.9933    687.557    693.964     5.0134   3.377486    34.9921     0.0307 1.0000e-12    -0.0281   100.7065      98.56    229.177     5.2736 1.4828e+01          1         17 0.0000e+00
   39.00052  -68.99817     5.0142   3.377554    34.9927    686.531    692.926     5.0125   3.377414    34.9930     0.0490 1.0000e-12    -0.0283   100.7100      98.56    229.299     5.2764 1.4742e+01          1         23 0.0000e+00
   39.00052  -68.99816     5.0201   3.378145    34.9939    685.566    691.951     5.0194   3.378048    34.9935     0.0377 1.0000e-12    -0.0282   100.7076      98.56    228.906     5.2674 1.4524e+01          1         45 0.0000e+00
   39.00052  -68.99816     5.0243   3.378488    34.9940    684.666    691.041     5.0216   3.378232    34.9939     0.0285 1.0000e-12    -0.0286   100.7182      98.56    227.973     5.2459 1.4585e+01          1         39 0.0000e+00
   39.00052  -68.99816     5.0268   3.378656    34.9940    683.682    690.046     5.0218   3.378146    34.9933     0.0235 1.0000e-12    -0.0284   100.7121      98.55    227.900     5.2442 1.5007e+01          1         22 0.0000e+00
   39.00054  -68.99814     5.0387   3.379809    34.9951    682.656    689.008     5.0335   3.379074    34.9921     0.0240 1.0000e-12    -0.0284   100.7139      98.56    227.778     5.2414 1.4723e+01          1         15 0.0000e+00
   39.00054  -68.99814     5.0469   3.380568    34.9956    681.676    688.018     5.0465   3.380415    34.9943     0.0271 1.0000e-12    -0.0283   100.7101      98.55    227.526     5.2356 1.4978e+01          1         14 0.0000e+00
   39.00054  -68.99814     5.0506   3.380883    34.9959    680.674    687.005     5.0529   3.381048    34.9953     0.0157 1.0000e-12    -0.0277   100.6950      98.56    227.639     5.2382 1.5020e+01          1         15 0.0000e+00
   39.00054  -68.99814     5.0534   3.381077    34.9957    679.652    685.972     5.0522   3.380984    34.9959     0.0100 1.0000e-12    -0.0279   100.6994      98.56    227.794     5.2418 1.4793e+01          1         19 0.0000e+00
   39.00054  -68.99814     5.0572   3.381450    34.9968    678.640    684.949     5.0573   3.381446    34.9965     0.0278 1.0000e-12    -0.0279   100.7014      98.56    227.450     5.2339 1.4783e+01          1         67 0.0000e+00
   39.00054  -68.99816     5.0606   3.381678    34.9965    677.761    684.059     5.0574   3.381388    34.9966     0.0260 1.0000e-12    -0.0282   100.7089      98.56    226.714     5.2169 1.4954e+01          1         27 0.0000e+00
   39.00054  -68.99816     5.0641   3.381966    34.9967    676.719    683.007     5.0604   3.381506    34.9953     0.0204 1.0000e-12    -0.0285   100.7156      98.56    226.627     5.2149 1.4834e+01          1         20 0.0000e+00
   39.00054  -68.99816     5.0795   3.383416    34.9974    675.706    681.982     5.0788   3.383048    34.9939     0.0208 1.0000e-12    -0.0282   100.7083      98.56    226.086     5.2025 1.4500e+01          1         14 0.0000e+00
   39.00054  -68.99816     5.0891   3.384267    34.9976    674.733    680.999     5.0914   3.384422    34.9969     0.0232 1.0000e-12    -0.0277   100.6947      98.56    226.270     5.2067 1.4360e+01          1         16 0.0000e+00
   39.00054  -68.99816     5.0970   3.385006    34.9983    673.717    679.971     5.0971   3.384934    34.9973     0.0273 1.0000e-12    -0.0279   100.7011      98.56    226.342     5.2083 1.4500e+01          1         16 0.0000e+00
   39.00054  -68.99816     5.1021   3.385449    34.9985    672.712    678.955     5.1013   3.385237    34.9970     0.0279 1.0000e-12    -0.0282   100.7085      98.56    226.309     5.2076 1.4500e+01          1         18 0.0000e+00
   39.00054  -68.99814     5.1046   3.385638    34.9987    671.731    677.964     5.0988   3.385022    34.9978     0.0271 1.0000e-12    -0.0282   100.7070      98.56    226.164     5.2043 1.4623e+01          1         18 0.0000e+00
   39.00054  -68.99814     5.1153   3.386621    34.9992    670.739    676.961     5.1082   3.385931    34.9989     0.0287 1.0000e-12    -0.0279   100.7002      98.56    225.767     5.1951 1.4633e+01          1         25 0.0000e+00
   39.00055  -68.99813     5.1190   3.386968    35.0000    670.054    676.268     5.1162   3.386651    34.9993     0.0249 1.0000e-12    -0.0282   100.7075      98.56    225.320     5.1848 1.4784e+01          1         51 0.0000e+00
   39.00056  -68.99812     5.1233   3.387262    34.9998    668.842    675.044     5.1211   3.386956    34.9985     0.0204 1.0000e-12    -0.0284   100.7130      98.57    224.535     5.1668 1.4500e+01          1         10 0.0000e+00
   39.00056  -68.99812     5.1289   3.387786    35.0003    667.885    674.076     5.1278   3.387458    34.9977     0.0198 1.0000e-12    -0.0282   100.7070      98.55    224.406     5.1638 1.4871e+01          1          9 0.0000e+00
   39.00056  -68.99812     5.1345   3.388256    35.0003    666.868    673.048     5.1346   3.388191    34.9994     0.0149 1.0000e-12    -0.0281   100.7042      98.56    224.397     5.1636 1.4623e+01          1          9 0.0000e+00
   39.00056  -68.99812     5.1391   3.388672    35.0008    665.863    672.031     5.1384   3.388494    34.9994     0.0145 1.0000e-12    -0.0275   100.6899      98.57    224.117     5.1571 1.5057e+01          1          8 0.0000e+00
   39.00056  -68.99812     5.1429   3.388999    35.0011    664.840    670.998     5.1387   3.388585    35.0007     0.0141 1.0000e-12    -0.0275   100.6899      98.56    224.197     5.1589 1.4376e+01          1          9 0.0000e+00
   39.00056  -68.99812     5.1519   3.389820    35.0014    663.833    669.980     5.1472   3.389132    34.9985     0.0141 1.0000e-12    -0.0273   100.6842      98.56    224.106     5.1569 1.5119e+01          1          9 0.0000e+00
   39.00056  -68.99812     5.1544   3.389964    35.0010    662.820    668.956     5.1569   3.390103    34.9998     0.0150 1.0000e-12    -0.0272   100.6826      98.56    224.135     5.1575 1.4659e+01          1         14 0.0000e+00
