Data/ruptures/KN207-01/QL-1/20701030.cnv
* Sea-Bird SBE 9 Data File:
* FileName = C:\Data\ctd\20701030.hex
* Software Version Seasave V 7.21e
* Temperature SN = 4406
* Conductivity SN = 1474
* Number of Bytes Per Scan = 40
* Number of Voltage Words = 5
* Number of Scans Averaged by the Deck Unit = 1
* NMEA Latitude = 38 52.57 N
* NMEA Longitude = 069 02.32 W
* NMEA UTC (Time) = Apr 25 2012 14:04:35
** R/V Knorr Cruise # KN207-01 QL1
** Chief Scientist: Ben Van Mooy
# nquan = 21
# nvalues = 399                         
# units = specified
# name 0 = latitude: Latitude [deg]
# name 1 = longitude: Longitude [deg]
# name 2 = t090C: Temperature [ITS-90, deg C]
# name 3 = c0S/m: Conductivity [S/m]
# name 4 = sal00: Salinity, Practical [PSU]
# name 5 = depSM: Depth [salt water, m]
# name 6 = prDM: Pressure, Digiquartz [db]
# name 7 = t190C: Temperature, 2 [ITS-90, deg C]
# name 8 = c1S/m: Conductivity, 2 [S/m]
# name 9 = sal11: Salinity, Practical, 2 [PSU]
# name 10 = flECO-AFL: Fluorescence, WET Labs ECO-AFL/FL [mg/m^3]
# name 11 = par: PAR/Irradiance, Biospherical/Licor
# name 12 = bat: Beam Attenuation, Chelsea/Seatech [1/m]
# name 13 = xmiss: Beam Transmission, Chelsea/Seatech [%]
# name 14 = altM: Altimeter [m]
# name 15 = sbeox0Mm/Kg: Oxygen, SBE 43 [umol/kg]
# name 16 = sbeox0ML/L: Oxygen, SBE 43 [ml/l]
# name 17 = spar: SPAR/Surface Irradiance
# name 18 = pumps: Pump Status
# name 19 = nbin: number of scans per bin
# name 20 = flag: flag
# span 0 =   38.87532,   38.87633       
# span 1 =  -69.04015,  -69.03884       
# span 2 =    11.3447,    14.6974       
# span 3 =   3.631530,   4.353509       
# span 4 =    31.4667,    35.8329       
# span 5 =      2.932,    200.163       
# span 6 =      2.955,    201.787       
# span 7 =    11.3486,    14.6972       
# span 8 =   3.811320,   4.354341       
# span 9 =    33.2017,    35.8379       
# span 10 =     0.0042,     2.5787      
# span 11 = 1.0000e-12, 6.7533e+01      
# span 12 =    -0.0145,     0.3428      
# span 13 =    91.7868,   100.3637      
# span 14 =       1.00,      98.69      
# span 15 =    140.458,    455.535      
# span 16 =     3.2296,    10.4627      
# span 17 = 1.4582e+03, 2.7892e+03      
# span 18 =          1,          1      
# span 19 =         13,        382      
# span 20 = 0.0000e+00, 0.0000e+00      
# interval = decibars: 1                
# start_time = Apr 25 2012 14:04:35 [NMEA time, header]
# bad_flag = -9.990e-29
*END*
   38.87633  -69.03884    11.9539   3.631530    31.4667      3.197      3.221    11.9575   3.811320    33.2017     1.0601 2.2158e+01     0.3226    92.2513      69.93    349.275     8.0073 2.7119e+03          1        138 0.0000e+00
   38.87628  -69.03887    11.9381   3.734243    32.4726      3.827      3.856    11.9525   3.836803    33.4533     0.9738 6.7533e+01     0.3224    92.2566      45.80    353.497     8.1103 2.6761e+03          1        248 0.0000e+00
   38.87624  -69.03888    11.9167   3.841520    33.5314      4.952      4.990    11.9390   3.864278    33.7323     0.9635 5.7616e+01     0.3223    92.2594      34.94    356.938     8.1959 2.7428e+03          1         26 0.0000e+00
   38.87624  -69.03888    11.8835   3.859654    33.7382      5.977      6.023    11.8939   3.873186    33.8607     0.9697 3.9907e+01     0.3233    92.2356      98.51    377.292     8.6646 2.7392e+03          1         27 0.0000e+00
   38.87622  -69.03891    11.8784   3.858834    33.7340      6.922      6.975    11.8860   3.860194    33.7404     1.0918 5.4388e+01     0.3267    92.1561      52.71    434.496     9.9783 2.7357e+03          1        142 0.0000e+00
   38.87620  -69.03890    11.8757   3.869389    33.8387      7.876      7.936    11.8797   3.874510    33.8851     1.1494 5.5438e+01     0.3245    92.2061      98.51    444.351    10.2054 2.7241e+03          1         29 0.0000e+00
   38.87620  -69.03890    11.8478   3.871039    33.8803      8.940      9.008    11.8557   3.875795    33.9195     1.1622 4.2610e+01     0.3312    92.0528      98.51    455.535    10.4627 2.7378e+03          1         26 0.0000e+00
   38.87620  -69.03890    11.8658   3.873037    33.8822      9.995     10.071    11.8661   3.867626    33.8293     1.2005 3.7595e+01     0.3391    91.8715      98.50    381.769     8.7684 2.7599e+03          1         75 0.0000e+00
   38.87620  -69.03894    11.8531   3.874397    33.9069     10.863     10.946    11.8550   3.873572    33.8972     1.2605 2.0501e+01     0.3344    91.9796      98.51    268.653     6.1705 2.7327e+03          1         33 0.0000e+00
   38.87620  -69.03894    11.8443   3.866389    33.8363     12.045     12.137    11.8646   3.872488    33.8769     1.3255 8.4117e+00     0.3404    91.8430      98.51    261.477     6.0054 2.7134e+03          1         63 0.0000e+00
   38.87617  -69.03893    11.8396   3.868365    33.8594     12.781     12.879    11.8502   3.875033    33.9147     1.4526 7.7002e+00     0.3428    91.7868      98.51    256.138     5.8829 2.7449e+03          1         46 0.0000e+00
   38.87616  -69.03892    11.7937   3.874897    33.9656     13.878     13.984    11.7890   3.876514    33.9861     1.5437 1.3626e+01     0.3408    91.8334      98.50    248.336     5.7042 2.7653e+03          1         30 0.0000e+00
   38.87616  -69.03892    11.7823   3.871960    33.9468     14.967     15.082    11.7867   3.873227    33.9552     1.7489 7.3091e+00     0.3409    91.8304      98.51    253.776     5.8291 2.7606e+03          1         54 0.0000e+00
   38.87616  -69.03896    11.7559   3.871316    33.9645     15.806     15.927    11.7508   3.873351    33.9893     2.0374 3.1620e+00     0.3411    91.8258      98.51    247.579     5.6868 2.7619e+03          1         64 0.0000e+00
   38.87616  -69.03896    11.7019   3.874543    34.0459     16.840     16.968    11.7005   3.875347    34.0552     2.1835 2.1316e+00     0.3413    91.8214      98.51    227.040     5.2154 2.7477e+03          1         39 0.0000e+00
   38.87615  -69.03896    11.6709   3.872705    34.0561     17.848     17.985    11.6706   3.873485    34.0641     2.3163 2.4791e+00     0.3417    91.8121      98.51    220.812     5.0724 2.7213e+03          1         36 0.0000e+00
   38.87614  -69.03896    11.6584   3.870166    34.0420     18.919     19.064    11.6562   3.872294    34.0650     2.4215 9.8141e+00     0.3355    91.9545      92.41    223.679     5.1383 2.7038e+03          1         34 0.0000e+00
   38.87613  -69.03896    11.6806   3.867980    33.9986     19.762     19.914    11.6995   3.872210    34.0223     2.5344 4.1411e+00     0.3343    91.9823      98.51    242.611     5.5729 2.7322e+03          1        102 0.0000e+00
   38.87612  -69.03896    11.6411   3.869874    34.0535     20.800     20.959    11.6267   3.872308    34.0913     2.4818 7.1815e+00     0.3334    92.0038      98.50    229.333     5.2682 2.6745e+03          1         32 0.0000e+00
   38.87612  -69.03896    11.6162   3.868797    34.0657     21.841     22.009    11.6157   3.869790    34.0761     2.4994 7.3929e+00     0.3274    92.1416      98.50    222.156     5.1034 2.5729e+03          1         22 0.0000e+00
   38.87612  -69.03896    11.5898   3.868876    34.0907     22.841     23.016    11.5877   3.870399    34.1078     2.4551 5.9217e+00     0.3237    92.2265      98.51    220.855     5.0736 2.5152e+03          1         25 0.0000e+00
   38.87612  -69.03898    11.7065   3.863163    33.9241     23.861     24.045    11.6398   3.870694    34.0605     2.4825 2.1290e+00     0.3258    92.1778      98.51    240.016     5.5130 2.4347e+03          1        126 0.0000e+00
   38.87608  -69.03898    11.5484   3.866036    34.1014     24.753     24.943    11.5400   3.869715    34.1445     2.4818 1.0899e+00     0.3247    92.2027      98.51    226.638     5.2066 2.5388e+03          1         24 0.0000e+00
   38.87608  -69.03898    11.5069   3.867480    34.1539     25.792     25.990    11.5070   3.868760    34.1655     2.4094 2.1165e+00     0.3188    92.3379      98.51    223.479     5.1342 2.5702e+03          1         22 0.0000e+00
   38.87608  -69.03898    11.5078   3.867009    34.1473     26.822     27.028    11.5108   3.869845    34.1716     2.2807 3.5592e+00     0.3031    92.7029      98.51    221.469     5.0880 2.5868e+03          1         31 0.0000e+00
   38.87608  -69.03899    11.5223   3.865470    34.1173     27.867     28.081    11.4601   3.871459    34.2344     2.3224 2.1648e+00     0.2964    92.8586      98.51    233.382     5.3616 2.6313e+03          1         84 0.0000e+00
   38.87608  -69.03900    11.4432   3.866152    34.1973     28.685     28.905    11.4414   3.872518    34.2609     2.3995 6.6296e-01     0.2952    92.8866      98.52    227.156     5.2189 2.6126e+03          1         69 0.0000e+00
   38.87606  -69.03900    11.4248   3.867826    34.2300     29.744     29.973    11.4226   3.872372    34.2763     2.3248 4.3543e-01     0.2900    93.0058      98.51    216.668     4.9781 2.6044e+03          1         27 0.0000e+00
   38.87606  -69.03900    11.3898   3.869712    34.2812     30.801     31.038    11.3854   3.872466    34.3120     2.2488 1.3516e+00     0.2888    93.0353      98.51    213.400     4.9032 2.6182e+03          1         27 0.0000e+00
   38.87606  -69.03900    11.3513   3.872504    34.3441     31.862     32.107    11.3503   3.874465    34.3639     2.1446 1.8938e+00     0.2812    93.2115      92.31    220.104     5.0576 2.6817e+03          1         77 0.0000e+00
   38.87604  -69.03902    11.3447   3.875051    34.3741     32.657     32.908    11.3486   3.876408    34.3835     2.0172 1.7044e+00     0.2690    93.4967      97.82    222.643     5.1160 2.6883e+03          1         47 0.0000e+00
   38.87604  -69.03902    11.3562   3.876920    34.3806     33.703     33.963    11.3569   3.877670    34.3871     1.7804 8.7117e-01     0.2487    93.9729      98.51    217.053     4.9876 2.7072e+03          1         33 0.0000e+00
   38.87604  -69.03903    11.3935   3.879134    34.3660     34.804     35.073    11.4026   3.879804    34.3638     1.5235 5.2116e-01     0.2259    94.5089      98.52    213.974     4.9167 2.7033e+03          1         42 0.0000e+00
   38.87604  -69.03904    11.4085   3.882097    34.3805     35.575     35.849    11.4084   3.882807    34.3875     1.4894 6.3379e-01     0.2144    94.7804      98.51    213.028     4.8951 2.6884e+03          1         82 0.0000e+00
   38.87604  -69.03904    11.4171   3.886020    34.4106     36.700     36.983    11.4145   3.886003    34.4128     1.3148 8.7933e-01     0.1891    95.3821      98.52    209.218     4.8076 2.7081e+03          1         27 0.0000e+00
   38.87600  -69.03904    11.4411   3.888462    34.4113     37.733     38.024    11.4430   3.888405    34.4089     1.1873 6.6904e-01     0.1618    96.0358      98.51    206.920     4.7548 2.6963e+03          1         36 0.0000e+00
   38.87600  -69.03904    11.4596   3.891606    34.4244     38.642     38.940    11.4508   3.891737    34.4341     1.1904 5.6827e-01     0.1547    96.2076      98.52    206.723     4.7503 2.6427e+03          1         62 0.0000e+00
   38.87600  -69.03905    11.4917   3.894405    34.4213     39.682     39.988    11.4780   3.894506    34.4352     1.0762 5.3771e-01     0.1430    96.4880      98.51    210.655     4.8406 2.6431e+03          1         52 0.0000e+00
   38.87600  -69.03906    11.5231   3.896287    34.4098     40.666     40.980    11.5154   3.896512    34.4191     0.9942 6.6386e-01     0.1317    96.7615      98.51    207.115     4.7592 2.6666e+03          1         45 0.0000e+00
   38.87600  -69.03906    11.7686   3.898432    34.1975     41.650     41.971    11.7008   3.898781    34.2649     0.7962 5.4234e-01     0.1274    96.8649      98.52    201.843     4.6371 2.6768e+03          1         40 0.0000e+00
   38.87598  -69.03906    11.9310   3.900812    34.0693     42.624     42.953    11.9090   3.900873    34.0900     0.5770 2.2735e-01     0.1092    97.3067      98.52    196.661     4.5175 2.7093e+03          1         54 0.0000e+00
   38.87598  -69.03906    12.0262   3.903329    34.0066     43.638     43.975    12.0151   3.902641    34.0099     0.5268 1.5474e-01     0.0838    97.9268      98.52    192.539     4.4225 2.7268e+03          1         49 0.0000e+00
   38.87596  -69.03908    12.1307   3.908378    33.9599     44.633     44.978    12.1264   3.907090    33.9510     0.4492 2.9732e-01     0.0663    98.3564      98.51    189.486     4.3521 2.7351e+03          1         50 0.0000e+00
   38.87596  -69.03908    12.1761   3.916049    33.9935     45.626     45.979    12.1722   3.914101    33.9779     0.4276 3.4179e-01     0.0556    98.6210      98.52    187.352     4.3032 2.7464e+03          1         35 0.0000e+00
   38.87596  -69.03908    12.2882   3.922749    33.9547     46.706     47.067    12.3722   3.921404    33.8633     0.4227 2.2941e-01     0.0519    98.7098      71.48    185.755     4.2663 2.7498e+03          1         33 0.0000e+00
   38.87594  -69.03908    12.4351   3.926857    33.8611     47.370     47.737    12.4232   3.923449    33.8393     0.3926 2.7760e-01     0.0495    98.7709      88.40    182.617     4.1938 2.7398e+03          1         98 0.0000e+00
   38.87594  -69.03908    12.5036   3.940397    33.9301     48.599     48.975    12.5682   3.943941    33.9041     0.3880 2.3879e-01     0.0456    98.8660      98.52    177.047     4.0661 2.7170e+03          1         21 0.0000e+00
   38.87593  -69.03909    12.6663   3.945855    33.8324     49.625     50.009    12.8383   3.965193    33.8584     0.3143 2.1206e-01     0.0364    99.0942      98.52    175.292     4.0253 2.7107e+03          1         26 0.0000e+00
   38.87592  -69.03910    12.8351   3.949665    33.7169     50.571     50.963    12.8565   4.029236    34.4572     0.3199 1.7652e-01     0.0346    99.1384      98.54    174.170     3.9991 2.7203e+03          1         89 0.0000e+00
   38.87591  -69.03910    12.8826   3.959690    33.7718     51.612     52.012    13.0020   4.065076    34.6649     0.3036 1.6404e-01     0.0321    99.1999      98.52    171.891     3.9469 2.7175e+03          1         30 0.0000e+00
   38.87590  -69.03910    13.0102   3.978335    33.8331     52.692     53.100    13.0751   4.093853    34.8719     0.2892 2.1189e-01     0.0305    99.2414      98.52    171.432     3.9364 2.7231e+03          1         40 0.0000e+00
   38.87590  -69.03910    13.0606   4.047220    34.4439     53.440     53.854    13.0697   4.105144    34.9875     0.3263 1.5069e-01     0.0308    99.2329      98.52    182.007     4.1812 2.6965e+03          1         78 0.0000e+00
   38.87590  -69.03912    13.1559   4.090347    34.7663     54.541     54.963    13.1802   4.120099    35.0268     0.3034 1.6650e-01     0.0295    99.2644      98.53    217.137     4.9893 2.6966e+03          1         33 0.0000e+00
   38.87590  -69.03912    13.2929   4.114426    34.8668     55.564     55.995    13.3009   4.137756    35.0810     0.2716 1.8601e-01     0.0282    99.2978      98.52    239.823     5.5108 2.6940e+03          1         32 0.0000e+00
   38.87590  -69.03912    13.3460   4.135500    35.0181     56.602     57.041    13.3457   4.149375    35.1504     0.2661 1.3415e-01     0.0272    99.3225      98.52    239.853     5.5121 2.7043e+03          1         46 0.0000e+00
   38.87588  -69.03914    13.2601   4.136853    35.1147     57.559     58.006    13.2611   4.141847    35.1616     0.2556 1.2985e-01     0.0254    99.3673      98.52    230.478     5.2971 2.7455e+03          1         80 0.0000e+00
   38.87588  -69.03914    13.0224   4.112099    35.1056     58.512     58.967    13.0176   4.112745    35.1167     0.1931 1.4609e-01     0.0232    99.4214      98.52    227.864     5.2373 2.7656e+03          1         49 0.0000e+00
   38.87586  -69.03914    12.9368   4.101967    35.0895     59.504     59.966    12.9395   4.103467    35.1014     0.1464 1.4455e-01     0.0194    99.5169      98.53    228.210     5.2453 2.7767e+03          1         30 0.0000e+00
   38.87586  -69.03914    12.9177   4.099522    35.0832     60.517     60.987    12.9168   4.099962    35.0884     0.1530 1.0038e-01     0.0162    99.5966      98.53    229.380     5.2721 2.7892e+03          1         30 0.0000e+00
   38.87586  -69.03914    13.0001   4.109579    35.0996     61.566     62.044    13.0090   4.109384    35.0894     0.1525 1.4045e-01     0.0111    99.7240      98.52    229.164     5.2671 2.7725e+03          1         45 0.0000e+00
   38.87584  -69.03914    13.0548   4.117500    35.1226     62.279     62.763    13.0612   4.118638    35.1274     0.1382 1.1142e-01     0.0092    99.7699      98.52    228.135     5.2435 2.7275e+03          1         95 0.0000e+00
   38.87584  -69.03914    13.1548   4.130735    35.1532     63.512     64.006    13.1497   4.130331    35.1544     0.1410 7.8166e-02     0.0077    99.8066      98.52    227.156     5.2210 2.7026e+03          1         25 0.0000e+00
   38.87582  -69.03916    13.2254   4.138775    35.1623     64.543     65.045    13.2266   4.138747    35.1610     0.1092 5.7411e-02     0.0063    99.8426      76.17    227.283     5.2239 2.6841e+03          1         26 0.0000e+00
   38.87582  -69.03916    13.4291   4.165430    35.2219     65.514     66.024    13.4317   4.165830    35.2233     0.1137 4.3337e-02     0.0060    99.8484      94.63    226.407     5.2038 2.6692e+03          1         57 0.0000e+00
   38.87582  -69.03916    13.5068   4.178345    35.2731     66.401     66.917    13.5079   4.178984    35.2781     0.1294 1.4987e-02     0.0070    99.8240      98.52    226.063     5.1960 2.7043e+03          1         82 0.0000e+00
   38.87582  -69.03916    13.6067   4.190994    35.2991     67.434     67.959    13.6055   4.190946    35.2998     0.1179 4.1119e-02     0.0057    99.8563      98.52    224.315     5.1558 2.7398e+03          1         28 0.0000e+00
   38.87582  -69.03916    13.6214   4.193948    35.3137     68.500     69.034    13.6221   4.194403    35.3173     0.1037 8.1225e-02     0.0053    99.8683      98.53    225.261     5.1776 2.7562e+03          1         27 0.0000e+00
   38.87580  -69.03918    13.6267   4.194921    35.3193     69.689     70.231    13.6259   4.195025    35.3210     0.1024 5.1451e-02     0.0059    99.8538      98.52    225.524     5.1837 2.7491e+03          1         93 0.0000e+00
