Data/ruptures/KN207-01/QL-1/20701014.cnv
* Sea-Bird SBE 9 Data File:
* FileName = C:\Data\ctd\20701014.hex
* Software Version Seasave V 7.21e
* Temperature SN = 4406
* Conductivity SN = 1474
* Number of Bytes Per Scan = 40
* Number of Voltage Words = 5
* Number of Scans Averaged by the Deck Unit = 1
* NMEA Latitude = 38 59.05 N
* NMEA Longitude = 068 59.76 W
* NMEA UTC (Time) = Apr 23 2012 16:10:16
** R/V Knorr Cruise # KN207-01 QL1
** Chief Scientist: Ben Van Mooy
# nquan = 21
# nvalues = 402                         
# units = specified
# name 0 = latitude: Latitude [deg]
# name 1 = longitude: Longitude [deg]
# name 2 = t090C: Temperature [ITS-90, deg C]
# name 3 = c0S/m: Conductivity [S/m]
# name 4 = sal00: Salinity, Practical [PSU]
# name 5 = depSM: Depth [salt water, m]
# name 6 = prDM: Pressure, Digiquartz [db]
# name 7 = t190C: Temperature, 2 [ITS-90, deg C]
# name 8 = c1S/m: Conductivity, 2 [S/m]
# name 9 = sal11: Salinity, Practical, 2 [PSU]
# name 10 = flECO-AFL: Fluorescence, WET Labs ECO-AFL/FL [mg/m^3]
# name 11 = par: PAR/Irradiance, Biospherical/Licor
# name 12 = bat: Beam Attenuation, Chelsea/Seatech [1/m]
# name 13 = xmiss: Beam Transmission, Chelsea/Seatech [%]
# name 14 = altM: Altimeter [m]
# name 15 = sbeox0Mm/Kg: Oxygen, SBE 43 [umol/kg]
# name 16 = sbeox0ML/L: Oxygen, SBE 43 [ml/l]
# name 17 = spar: SPAR/Surface Irradiance
# name 18 = pumps: Pump Status
# name 19 = nbin: number of scans per bin
# name 20 = flag: flag
# span 0 =   38.98344,   38.98421       
# span 1 =  -68.99605,  -68.99492       
# span 2 =    11.1932,    14.7207       
# span 3 =   3.864461,   4.361023       
# span 4 =    33.7458,    35.8349       
# span 5 =      1.960,    201.122       
# span 6 =      1.974,    202.755       
# span 7 =    11.1920,    14.7204       
# span 8 =   3.864539,   4.361132       
# span 9 =    33.8673,    35.8368       
# span 10 =     0.0023,     2.6878      
# span 11 = 1.2200e-04, 1.4838e+02      
# span 12 =    -0.0153,     0.3163      
# span 13 =    92.3970,   100.3832      
# span 14 =       1.49,      98.81      
# span 15 =    137.720,    407.448      
# span 16 =     3.1667,     9.3580      
# span 17 = 1.4095e+03, 3.2895e+03      
# span 18 =          1,          1      
# span 19 =          8,        806      
# span 20 = 0.0000e+00, 0.0000e+00      
# interval = decibars: 1                
# start_time = Apr 23 2012 16:10:16 [NMEA time, header]
# bad_flag = -9.990e-29
*END*
[from data line 69]
   38.98392  -68.99582    13.1485   4.133665    35.1734     71.489     72.046    13.1471   4.133222    35.1696     0.0884 1.6146e-01     0.0062    99.8437      98.57    233.305     5.3625 2.5061e+03          1         12 0.0000e+00
   38.98392  -68.99582    13.1501   4.133985    35.1755     72.482     73.048    13.1492   4.133779    35.1735     0.0877 1.5422e-01     0.0193    99.5203      98.56    233.193     5.3599 2.5043e+03          1         16 0.0000e+00
   38.98392  -68.99580    13.0839   4.125540    35.1608     73.323     73.895    13.0467   4.121168    35.1538     0.1018 1.3582e-01     0.0040    99.9005      72.97    232.281     5.3389 2.4969e+03          1         72 0.0000e+00
   38.98392  -68.99580    13.0957   4.126852    35.1644     74.440     75.022    13.0145   4.113072    35.1095     0.0988 1.1706e-01     0.0097    99.7578      73.02    231.902     5.3302 2.5109e+03          1         23 0.0000e+00
   38.98392  -68.99580    13.2687   4.149538    35.2157     75.470     76.059    13.2644   4.148175    35.2058     0.0766 1.1973e-01     0.0043    99.8930      98.57    231.576     5.3228 2.1796e+03          1         35 0.0000e+00
   38.98392  -68.99581    13.2895   4.152262    35.2231     76.374     76.970    13.2886   4.152107    35.2217     0.0988 1.1829e-01     0.0018    99.9553      98.57    230.977     5.3090 2.3551e+03          1         45 0.0000e+00
   38.98392  -68.99582    13.2962   4.153151    35.2263     77.391     77.996    13.2964   4.153098    35.2250     0.0879 1.0637e-01     0.0016    99.9607      98.57    228.629     5.2550 2.5176e+03          1         41 0.0000e+00
   38.98392  -68.99580    13.3012   4.153810    35.2292     78.308     78.920    13.3022   4.153892    35.2286     0.0810 9.3886e-02    -0.0034   100.0861      98.58    229.104     5.2660 2.5072e+03          1         94 0.0000e+00
   38.98392  -68.99578    13.3110   4.155154    35.2333     79.360     79.981    13.3112   4.155139    35.2327     0.0762 9.2006e-02    -0.0045   100.1126      98.58    229.457     5.2741 2.5063e+03          1         24 0.0000e+00
   38.98392  -68.99578    13.3281   4.157468    35.2389     80.412     81.041    13.3284   4.157267    35.2365     0.0539 8.9130e-02    -0.0032   100.0816      98.57    229.474     5.2745 2.5023e+03          1         24 0.0000e+00
   38.98392  -68.99581    13.3433   4.159440    35.2437     81.568     82.207    13.3410   4.159227    35.2436     0.0740 8.4986e-02    -0.0045   100.1124      98.57    228.997     5.2635 2.3052e+03          1         96 0.0000e+00
   38.98392  -68.99582    13.4207   4.170291    35.2731     82.279     82.923    13.4189   4.168328    35.2561     0.0923 7.8007e-02    -0.0030   100.0753      98.57    228.885     5.2610 2.5198e+03          1         34 0.0000e+00
   38.98391  -68.99581    13.5345   4.185340    35.3074     83.376     84.029    13.5347   4.185342    35.3071     0.0780 7.1909e-02    -0.0049   100.1226      98.58    229.141     5.2669 2.5301e+03          1         29 0.0000e+00
   38.98390  -68.99580    13.5353   4.185506    35.3091     84.370     85.031    13.5358   4.185580    35.3093     0.0707 6.9942e-02    -0.0060   100.1505      94.56    227.975     5.2401 2.3652e+03          1         64 0.0000e+00
   38.98390  -68.99580    13.5392   4.186097    35.3119     85.271     85.939    13.5395   4.185960    35.3103     0.0770 7.3591e-02    -0.0047   100.1175      40.37    226.666     5.2100 2.4621e+03          1         41 0.0000e+00
   38.98390  -68.99582    13.5755   4.190952    35.3233     86.271     86.947    13.5757   4.190859    35.3222     0.0540 7.3620e-02    -0.0053   100.1333      43.81    226.454     5.2051 2.4933e+03          1         26 0.0000e+00
   38.98390  -68.99582    13.5823   4.191931    35.3262     87.308     87.993    13.5843   4.192135    35.3262     0.0638 7.0809e-02    -0.0064   100.1594      93.37    226.451     5.2051 2.5005e+03          1         22 0.0000e+00
   38.98390  -68.99582    13.5937   4.193454    35.3297     88.372     89.065    13.5938   4.193431    35.3294     0.0742 6.5274e-02    -0.0056   100.1400      98.58    227.124     5.2206 2.4819e+03          1         28 0.0000e+00
   38.98390  -68.99581    13.5894   4.192971    35.3297     89.067     89.766    13.5853   4.192312    35.3273     0.0565 5.8189e-02    -0.0058   100.1445      98.58    226.638     5.2094 2.5107e+03          1         46 0.0000e+00
   38.98390  -68.99580    13.6279   4.198132    35.3418     90.286     90.995    13.6268   4.197615    35.3379     0.0436 5.7204e-02    -0.0057   100.1428      98.58    226.849     5.2142 2.5106e+03          1         21 0.0000e+00
   38.98390  -68.99582    13.6447   4.200438    35.3474     91.276     91.993    13.6421   4.199919    35.3450     0.0369 5.6992e-02    -0.0042   100.1058      98.58    226.995     5.2176 2.5056e+03          1         18 0.0000e+00
   38.98390  -68.99582    13.6779   4.204917    35.3580     92.275     92.999    13.6699   4.203429    35.3514     0.0691 5.5701e-02    -0.0056   100.1408      98.58    226.712     5.2111 2.4651e+03          1         22 0.0000e+00
   38.98390  -68.99582    13.7071   4.208832    35.3670     93.324     94.057    13.7057   4.208351    35.3638     0.0677 5.2858e-02    -0.0065   100.1625      98.58    225.982     5.1943 1.8734e+03          1         29 0.0000e+00
   38.98390  -68.99581    13.6908   4.206614    35.3624     94.090     94.829    13.6868   4.206173    35.3621     0.0657 4.6255e-02    -0.0057   100.1434      80.18    225.040     5.1727 1.7620e+03          1        108 0.0000e+00
   38.98390  -68.99580    13.7520   4.215454    35.3873     95.246     95.995    13.7515   4.213813    35.3723     0.0660 4.2471e-02    -0.0068   100.1717      98.59    225.493     5.1831 2.4793e+03          1         19 0.0000e+00
   38.98390  -68.99580    13.7968   4.221214    35.3988     96.250     97.007    13.7965   4.220841    35.3955     0.0532 4.1015e-02    -0.0069   100.1729      98.57    226.358     5.2030 2.4821e+03          1         18 0.0000e+00
   38.98390  -68.99580    13.8197   4.224287    35.4060     97.281     98.046    13.8173   4.223807    35.4037     0.0411 3.9694e-02    -0.0064   100.1595      98.58    225.948     5.1936 2.4822e+03          1         30 0.0000e+00
   38.98390  -68.99580    13.8237   4.224957    35.4093     97.974     98.745    13.8235   4.224658    35.4066     0.0615 3.9681e-02    -0.0070   100.1752      98.58    223.608     5.1398 2.0519e+03          1         89 0.0000e+00
   38.98390  -68.99580    13.9038   4.235647    35.4340     99.231    100.012    13.9060   4.235722    35.4325     0.0626 3.6948e-02    -0.0068   100.1719      98.58    223.146     5.1292 2.1389e+03          1         33 0.0000e+00
   38.98390  -68.99580    13.9291   4.239059    35.4423    100.249    101.039    13.9312   4.239022    35.4399     0.0616 3.4588e-02    -0.0071   100.1770      98.58    223.206     5.1306 2.3487e+03          1         43 0.0000e+00
   38.98390  -68.99579    13.9708   4.244697    35.4562    101.293    102.091    13.9701   4.244629    35.4562     0.0458 3.2807e-02    -0.0074   100.1846      98.58    222.632     5.1174 2.4850e+03          1         70 0.0000e+00
   38.98390  -68.99578    14.0010   4.248989    35.4684    102.086    102.890    14.0007   4.248407    35.4633     0.0459 3.2075e-02    -0.0054   100.1346      98.58    221.536     5.0922 2.0899e+03          1         43 0.0000e+00
   38.98390  -68.99578    14.0716   4.258453    35.4901    103.148    103.961    14.0709   4.258196    35.4884     0.0328 3.0812e-02    -0.0073   100.1834      98.58    222.208     5.1077 1.9972e+03          1         27 0.0000e+00
   38.98388  -68.99578    14.0753   4.258962    35.4915    104.168    104.990    14.0750   4.258903    35.4913     0.0303 2.9423e-02    -0.0075   100.1881      98.58    222.301     5.1098 2.2869e+03          1         23 0.0000e+00
   38.98388  -68.99578    14.0794   4.259497    35.4927    105.184    106.014    14.0789   4.259445    35.4927     0.0387 2.7954e-02    -0.0070   100.1748      98.58    221.393     5.0889 2.4759e+03          1         26 0.0000e+00
   38.98388  -68.99577    14.0779   4.259276    35.4928    106.222    107.060    14.0808   4.259678    35.4938     0.0373 2.6289e-02    -0.0079   100.1962      98.58    220.962     5.0790 1.9706e+03          1        107 0.0000e+00
   38.98388  -68.99576    14.0834   4.260012    35.4947    107.107    107.952    14.0843   4.260193    35.4956     0.0382 2.5446e-02    -0.0082   100.2042      98.58    220.875     5.0770 2.4842e+03          1         19 0.0000e+00
   38.98388  -68.99576    14.0960   4.261986    35.5009    108.107    108.960    14.0942   4.261213    35.4955     0.0617 2.4628e-02    -0.0083   100.2079      98.58    221.044     5.0809 2.4898e+03          1         16 0.0000e+00
   38.98388  -68.99576    14.1543   4.270307    35.5230    109.153    110.015    14.1528   4.269030    35.5125     0.0518 2.3813e-02    -0.0075   100.1879      98.58    220.657     5.0721 2.4965e+03          1         17 0.0000e+00
   38.98388  -68.99576    14.1928   4.275337    35.5332    110.161    111.031    14.1930   4.275066    35.5305     0.0308 2.3074e-02    -0.0075   100.1872      98.58    220.602     5.0708 2.4981e+03          1         18 0.0000e+00
   38.98388  -68.99576    14.2125   4.277937    35.5390    111.186    112.065    14.2122   4.277869    35.5386     0.0391 2.2489e-02    -0.0080   100.1984      98.58    220.699     5.0730 2.4913e+03          1         41 0.0000e+00
   38.98388  -68.99576    14.2324   4.280796    35.5471    112.028    112.914    14.2305   4.280337    35.5446     0.0411 2.1865e-02    -0.0070   100.1751      98.58    218.964     5.0331 2.0755e+03          1         38 0.0000e+00
   38.98388  -68.99576    14.2671   4.285601    35.5592    113.175    114.070    14.2664   4.285434    35.5583     0.0357 2.0097e-02    -0.0087   100.2177      98.58    218.917     5.0321 2.3762e+03          1         38 0.0000e+00
   38.98386  -68.99576    14.2699   4.286179    35.5628    113.948    114.849    14.2636   4.284778    35.5557     0.0415 1.8668e-02    -0.0081   100.2030      98.58    218.851     5.0306 2.2477e+03          1         17 0.0000e+00
   38.98386  -68.99576    14.3066   4.291583    35.5780    115.035    115.945    14.3048   4.290330    35.5682     0.0463 1.8145e-02    -0.0089   100.2229      98.58    219.124     5.0369 2.4879e+03          1         12 0.0000e+00
   38.98386  -68.99576    14.3606   4.299322    35.5985    116.071    116.989    14.3593   4.297989    35.5874     0.0367 1.7636e-02    -0.0086   100.2153      98.57    219.268     5.0402 2.4952e+03          1         13 0.0000e+00
   38.98386  -68.99576    14.3892   4.303041    35.6057    117.096    118.023    14.3892   4.302907    35.6046     0.0356 1.7124e-02    -0.0083   100.2055      98.57    219.555     5.0468 2.5050e+03          1         13 0.0000e+00
   38.98386  -68.99576    14.4032   4.304998    35.6106    118.124    119.059    14.4030   4.304689    35.6080     0.0219 1.6634e-02    -0.0087   100.2176      98.58    219.774     5.0518 2.5056e+03          1         16 0.0000e+00
   38.98386  -68.99576    14.4119   4.306098    35.6127    119.119    120.063    14.4128   4.306248    35.6132     0.0484 1.6251e-02    -0.0093   100.2336      98.58    219.883     5.0543 2.4901e+03          1         24 0.0000e+00
   38.98386  -68.99575    14.3897   4.303004    35.6062    119.960    120.910    14.3868   4.302694    35.6061     0.0462 1.4953e-02    -0.0096   100.2399      98.58    217.865     5.0079 1.7541e+03          1        148 0.0000e+00
   38.98386  -68.99573    14.4071   4.305448    35.6129    121.177    122.137    14.4060   4.305158    35.6112     0.0227 1.3200e-02    -0.0097   100.2418      98.58    218.405     5.0204 2.1670e+03          1         65 0.0000e+00
   38.98386  -68.99572    14.4153   4.306555    35.6155    121.918    122.885    14.4164   4.306767    35.6164     0.0383 1.3546e-02    -0.0099   100.2472      98.58    217.497     4.9995 2.5084e+03          1         27 0.0000e+00
   38.98386  -68.99572    14.4208   4.307461    35.6183    122.998    123.973    14.4213   4.307389    35.6172     0.0497 1.3471e-02    -0.0102   100.2549      98.59    216.995     4.9880 2.5100e+03          1         13 0.0000e+00
   38.98386  -68.99572    14.4255   4.308057    35.6192    124.017    125.000    14.4250   4.308073    35.6197     0.0356 1.3142e-02    -0.0099   100.2470      98.58    217.341     4.9959 2.5109e+03          1         13 0.0000e+00
   38.98386  -68.99572    14.4259   4.308209    35.6199    124.988    125.980    14.4253   4.308122    35.6196     0.0358 1.2681e-02    -0.0076   100.1908      98.58    217.710     5.0044 2.5022e+03          1         12 0.0000e+00
   38.98386  -68.99572    14.4373   4.309939    35.6247    126.042    127.043    14.4365   4.309487    35.6213     0.0301 1.2194e-02    -0.0089   100.2224      98.58    218.031     5.0118 2.4925e+03          1         16 0.0000e+00
   38.98385  -68.99571    14.4582   4.312763    35.6313    127.000    128.009    14.4528   4.312021    35.6294     0.0299 1.1082e-02    -0.0083   100.2082      98.58    217.660     5.0033 2.3666e+03          1        104 0.0000e+00
   38.98384  -68.99570    14.4796   4.315870    35.6401    127.871    128.887    14.4795   4.315891    35.6403     0.0335 1.0705e-02    -0.0056   100.1411      98.59    217.389     4.9971 2.4762e+03          1         43 0.0000e+00
   38.98384  -68.99570    14.4847   4.316679    35.6425    128.908    129.932    14.4843   4.316574    35.6418     0.0321 1.0626e-02    -0.0088   100.2195      98.58    216.629     4.9796 2.4916e+03          1         20 0.0000e+00
   38.98384  -68.99570    14.4917   4.317721    35.6452    129.962    130.995    14.4917   4.317697    35.6449     0.0369 1.0293e-02    -0.0107   100.2674      98.58    216.355     4.9733 2.4975e+03          1         16 0.0000e+00
   38.98384  -68.99572    14.4990   4.318759    35.6476    130.962    132.003    14.4986   4.318701    35.6474     0.0293 9.8397e-03    -0.0109   100.2732      98.59    216.238     4.9706 2.5020e+03          1         19 0.0000e+00
   38.98384  -68.99571    14.5096   4.320330    35.6522    132.079    133.129    14.5059   4.319789    35.6505     0.0469 8.7836e-03    -0.0104   100.2598      98.58    216.095     4.9673 2.2342e+03          1        120 0.0000e+00
   38.98384  -68.99568    14.5339   4.324073    35.6640    132.767    133.824    14.5342   4.324062    35.6636     0.0333 8.4941e-03    -0.0102   100.2545      98.59    215.814     4.9609 2.4646e+03          1         49 0.0000e+00
   38.98384  -68.99568    14.5594   4.328481    35.6803    133.913    134.979    14.5589   4.327822    35.6746     0.0453 8.5531e-03    -0.0110   100.2747      98.58    215.238     4.9477 2.5025e+03          1         20 0.0000e+00
   38.98384  -68.99568    14.5925   4.333956    35.6993    134.919    135.993    14.5921   4.333427    35.6948     0.0260 8.3877e-03    -0.0112   100.2818      98.58    214.826     4.9382 2.5074e+03          1         16 0.0000e+00
   38.98384  -68.99568    14.6156   4.337632    35.7112    135.902    136.984    14.6151   4.337240    35.7080     0.0255 8.1397e-03    -0.0111   100.2786      98.58    214.365     4.9277 2.5068e+03          1         15 0.0000e+00
   38.98384  -68.99570    14.6293   4.340365    35.7232    136.884    137.975    14.6288   4.339919    35.7195     0.0365 7.8387e-03    -0.0116   100.2915      98.58    212.937     4.8949 2.5250e+03          1         16 0.0000e+00
   38.98384  -68.99570    14.6441   4.342900    35.7324    137.901    139.000    14.6437   4.342716    35.7311     0.0434 7.4764e-03    -0.0119   100.2979      98.59    209.867     4.8243 2.5345e+03          1         20 0.0000e+00
