Data/ruptures/KN207-01/QL-1/20701022.cnv
* Sea-Bird SBE 9 Data File:
* FileName = C:\Data\ctd\20701022.hex
* Software Version Seasave V 7.21e
* Temperature SN = 4406
* Conductivity SN = 1474
* Number of Bytes Per Scan = 40
* Number of Voltage Words = 5
* Number of Scans Averaged by the Deck Unit = 1
* NMEA Latitude = 38 57.42 N
* NMEA Longitude = 068 57.16 W
* NMEA UTC (Time) = Apr 24 2012 15:29:15
** R/V Knorr Cruise # KN207-01 QL1
** Chief Scientist: Ben Van Mooy
# nquan = 21
# nvalues = 403                         
# units = specified
# name 0 = latitude: Latitude [deg]
# name 1 = longitude: Longitude [deg]
# name 2 = t090C: Temperature [ITS-90, deg C]
# name 3 = c0S/m: Conductivity [S/m]
# name 4 = sal00: Salinity, Practical [PSU]
# name 5 = depSM: Depth [salt water, m]
# name 6 = prDM: Pressure, Digiquartz [db]
# name 7 = t190C: Temperature, 2 [ITS-90, deg C]
# name 8 = c1S/m: Conductivity, 2 [S/m]
# name 9 = sal11: Salinity, Practical, 2 [PSU]
# name 10 = flECO-AFL: Fluorescence, WET Labs ECO-AFL/FL [mg/m^3]
# name 11 = par: PAR/Irradiance, Biospherical/Licor
# name 12 = bat: Beam Attenuation, Chelsea/Seatech [1/m]
# name 13 = xmiss: Beam Transmission, Chelsea/Seatech [%]
# name 14 = altM: Altimeter [m]
# name 15 = sbeox0Mm/Kg: Oxygen, SBE 43 [umol/kg]
# name 16 = sbeox0ML/L: Oxygen, SBE 43 [ml/l]
# name 17 = spar: SPAR/Surface Irradiance
# name 18 = pumps: Pump Status
# name 19 = nbin: number of scans per bin
# name 20 = flag: flag
# span 0 =   38.95285,   38.95704       
# span 1 =  -68.95278,  -68.95001       
# span 2 =    11.1174,    14.7463       
# span 3 =   3.815335,   4.358617       
# span 4 =    33.0469,    35.8295       
# span 5 =      3.090,    202.130       
# span 6 =      3.113,    203.771       
# span 7 =    11.1117,    14.7461       
# span 8 =   3.859668,   4.358820       
# span 9 =    33.5974,    35.8366       
# span 10 =    -0.0111,     2.1423      
# span 11 = 7.4581e-04, 8.1098e+01      
# span 12 =    -0.0151,     0.3122      
# span 13 =    92.4916,   100.3782      
# span 14 =       1.11,      98.62      
# span 15 =    143.730,    440.436      
# span 16 =     3.3049,    10.1148      
# span 17 = 1.3480e+03, 2.7858e+03      
# span 18 =          1,          1      
# span 19 =         11,        332      
# span 20 = 0.0000e+00, 0.0000e+00      
# interval = decibars: 1                
# start_time = Apr 24 2012 15:29:15 [NMEA time, header]
# bad_flag = -9.990e-29
*END*
[from data line 345]
   38.95410  -68.95104    13.6025   4.190293    35.3095     59.546     60.008    13.6051   4.190812    35.3122     0.0771 2.8715e-01    -0.0004   100.0094      98.59    225.887     5.1920 2.6224e+03          1         42 0.0000e+00
   38.95409  -68.95102    13.6005   4.189802    35.3066     58.560     59.015    13.6009   4.189855    35.3070     0.0930 2.9037e-01     0.0018    99.9559      98.59    226.214     5.1995 2.6289e+03          1         38 0.0000e+00
   38.95408  -68.95100    13.6189   4.191754    35.3076     57.564     58.011    13.6154   4.191320    35.3071     0.0925 3.0463e-01     0.0032    99.9196      98.59    226.215     5.1995 2.5912e+03          1         28 0.0000e+00
   38.95408  -68.95100    13.6184   4.191387    35.3050     56.505     56.944    13.6183   4.191631    35.3075     0.0936 3.1862e-01     0.0053    99.8673      98.59    226.840     5.2139 2.5611e+03          1         34 0.0000e+00
   38.95407  -68.95101    13.6073   4.189816    35.3007     55.723     56.156    13.6102   4.190304    35.3027     0.1266 3.2762e-01     0.0075    99.8128      98.59    227.641     5.2323 2.2512e+03          1         98 0.0000e+00
   38.95406  -68.95102    13.6062   4.189547    35.2993     54.604     55.028    13.6067   4.189664    35.3001     0.1159 3.4723e-01     0.0077    99.8080      98.59    227.914     5.2386 2.5611e+03          1         39 0.0000e+00
   38.95405  -68.95101    13.5640   4.183880    35.2864     53.567     53.983    13.5846   4.187405    35.3001     0.1476 3.5803e-01     0.0086    99.7842      98.59    228.692     5.2564 2.5390e+03          1         30 0.0000e+00
   38.95404  -68.95098    13.4802   4.172303    35.2560     52.431     52.838    13.4938   4.174106    35.2604     0.1502 4.1546e-01     0.0102    99.7464      89.35    228.755     5.2579 2.5194e+03          1        129 0.0000e+00
   38.95404  -68.95098    13.5982   4.186173    35.2744     51.638     52.039    13.5920   4.185807    35.2770     0.1404 4.5511e-01     0.0112    99.7195      98.59    229.363     5.2718 2.5850e+03          1         32 0.0000e+00
   38.95403  -68.95096    13.5123   4.174563    35.2470     50.645     51.038    13.5164   4.175910    35.2560     0.1565 4.6501e-01     0.0123    99.6934      98.59    229.526     5.2755 2.6104e+03          1        129 0.0000e+00
   38.95402  -68.95094    13.3709   4.154787    35.1936     49.533     49.917    13.3854   4.156458    35.1958     0.1667 5.2714e-01     0.0138    99.6557      98.59    229.971     5.2857 2.6080e+03          1         60 0.0000e+00
   38.95400  -68.95094    13.3169   4.146712    35.1676     48.734     49.111    13.3314   4.149043    35.1761     0.2026 5.4513e-01     0.0158    99.6058      98.60    231.981     5.3318 2.6592e+03          1         69 0.0000e+00
   38.95399  -68.95093    13.2667   4.139882    35.1487     47.806     48.176    13.2773   4.141740    35.1566     0.2418 4.9826e-01     0.0190    99.5261      98.59    233.778     5.3731 2.3379e+03          1        117 0.0000e+00
   38.95392  -68.95087    13.1892   4.129925    35.1252     46.849     47.211    13.1818   4.129466    35.1279     0.2761 5.8132e-01     0.0267    99.3352      97.59    234.858     5.3979 2.5634e+03          1        209 0.0000e+00
   38.95387  -68.95083    12.4979   4.041087    34.9284     45.708     46.062    12.5012   4.043068    34.9442     0.3008 6.1278e-01     0.0275    99.3141      90.64    238.728     5.4868 2.4851e+03          1        132 0.0000e+00
   38.95380  -68.95078    11.9998   3.977938    34.7724     44.928     45.276    12.0138   3.979691    34.7762     0.3672 7.2362e-01     0.0398    99.0108      98.02    244.839     5.6271 2.6125e+03          1        309 0.0000e+00
   38.95370  -68.95070    11.6999   3.939510    34.6762     43.973     44.313    11.7034   3.940135    34.6792     0.4459 8.2680e-01     0.0485    98.7937      98.60    249.193     5.7271 2.6078e+03          1         95 0.0000e+00
   38.95368  -68.95068    11.5879   3.925191    34.6403     42.651     42.981    11.6017   3.928130    34.6562     0.4387 8.7347e-01     0.0516    98.7196      98.60    252.660     5.8067 2.6108e+03          1         20 0.0000e+00
   38.95366  -68.95066    11.4844   3.912494    34.6146     41.694     42.016    11.4930   3.914735    34.6287     0.4518 9.3092e-01     0.0529    98.6873      98.60    252.702     5.8077 2.5970e+03          1         21 0.0000e+00
   38.95366  -68.95066    11.4047   3.902512    34.5904     40.695     41.010    11.4150   3.903994    34.5953     0.5953 1.0547e+00     0.0614    98.4762      90.46    253.320     5.8218 2.6077e+03          1        119 0.0000e+00
   38.95364  -68.95064    11.3853   3.899726    34.5793     39.679     39.985    11.3891   3.900176    34.5803     0.6222 1.2075e+00     0.0658    98.3675      98.60    254.366     5.8459 2.6049e+03          1         29 0.0000e+00
   38.95364  -68.95064    11.3907   3.900063    34.5771     38.703     39.002    11.3905   3.900203    34.5789     0.6321 1.3415e+00     0.0704    98.2550      98.60    254.772     5.8552 2.5974e+03          1         29 0.0000e+00
   38.95364  -68.95064    11.3815   3.898661    34.5720     37.709     38.000    11.3820   3.898833    34.5734     0.6447 1.4640e+00     0.0758    98.1229      98.60    255.246     5.8660 2.5968e+03          1         29 0.0000e+00
   38.95362  -68.95064    11.3897   3.899355    34.5708     36.675     36.958    11.3904   3.899424    34.5709     0.6700 1.5600e+00     0.0813    97.9888      98.60    255.407     5.8697 2.5995e+03          1         39 0.0000e+00
   38.95360  -68.95064    11.4000   3.900409    34.5710     35.748     36.024    11.4005   3.900517    34.5717     0.7118 1.5675e+00     0.0845    97.9098      98.60    256.351     5.8914 2.6047e+03          1         85 0.0000e+00
   38.95360  -68.95060    11.4055   3.900843    34.5697     34.881     35.150    11.4062   3.900994    34.5706     0.7482 1.8846e+00     0.0881    97.8223      98.60    256.616     5.8975 2.5789e+03          1        110 0.0000e+00
   38.95359  -68.95060    11.4020   3.900010    34.5651     33.746     34.006    11.4037   3.900390    34.5673     0.8038 2.0099e+00     0.0938    97.6834      98.60    256.407     5.8927 2.5512e+03          1         25 0.0000e+00
   38.95356  -68.95058    11.3910   3.898216    34.5580     32.833     33.086    11.3911   3.898311    34.5588     0.9970 2.1525e+00     0.1165    97.1306      98.61    257.617     5.9205 2.5837e+03          1        203 0.0000e+00
   38.95356  -68.95056    11.3849   3.897101    34.5530     31.757     32.002    11.3863   3.897380    34.5544     1.0376 2.2575e+00     0.1255    96.9112      98.60    257.330     5.9139 2.4151e+03          1         26 0.0000e+00
   38.95352  -68.95056    11.3772   3.895739    34.5474     30.726     30.962    11.3765   3.895810    34.5488     1.0996 2.3760e+00     0.1394    96.5760      98.60    257.615     5.9204 2.4017e+03          1         26 0.0000e+00
   38.95346  -68.95050    11.2960   3.884216    34.5106     29.849     30.079    11.3051   3.885527    34.5148     1.6301 2.5336e+00     0.1878    95.4142      97.27    261.585     6.0115 2.2958e+03          1        284 0.0000e+00
   38.95335  -68.95040    11.1386   3.863858    34.4587     28.799     29.021    11.1388   3.864272    34.4627     1.7989 2.5487e+00     0.2003    95.1169      98.60    264.266     6.0731 1.9580e+03          1         90 0.0000e+00
   38.95334  -68.95040    11.1200   3.861166    34.4489     27.821     28.035    11.1150   3.860514    34.4473     1.8443 3.2291e+00     0.2008    95.1043      98.37    262.432     6.0309 2.1107e+03          1         38 0.0000e+00
   38.95334  -68.95040    11.1263   3.859672    34.4280     26.764     26.970    11.1281   3.859668    34.4262     1.8666 4.5608e+00     0.2124    94.8290      97.05    261.998     6.0208 2.0892e+03          1         25 0.0000e+00
   38.95333  -68.95039    11.1913   3.861062    34.3794     25.762     25.960    11.1840   3.860807    34.3839     1.9261 5.7455e+00     0.2266    94.4926      94.17    261.830     6.0167 2.4034e+03          1         23 0.0000e+00
   38.95332  -68.95038    11.2743   3.865196    34.3413     24.717     24.907    11.2489   3.863665    34.3505     2.0173 5.8567e+00     0.2479    93.9905      98.61    265.322     6.0967 2.5407e+03          1         50 0.0000e+00
   38.95331  -68.95037    11.5319   3.878483    34.2285     23.924     24.108    11.5341   3.878113    34.2226     2.0292 6.2495e+00     0.2637    93.6214      83.32    273.819     6.2911 2.5440e+03          1         87 0.0000e+00
   38.95330  -68.95034    11.6416   3.882134    34.1634     22.829     23.005    11.6200   3.881315    34.1758     2.1137 7.8903e+00     0.2828    93.1757      98.61    275.898     6.3384 2.5200e+03          1         44 0.0000e+00
   38.95330  -68.95034    11.6954   3.883550    34.1283     21.847     22.014    11.6961   3.883445    34.1265     2.1423 8.8880e+00     0.2960    92.8668      98.61    275.306     6.3246 2.3536e+03          1         36 0.0000e+00
   38.95327  -68.95034    11.7425   3.884394    34.0939     20.840     21.000    11.7534   3.884559    34.0850     2.0995 9.4481e+00     0.2985    92.8091      98.61    275.119     6.3201 2.4755e+03          1         31 0.0000e+00
   38.95326  -68.95034    11.7874   3.884664    34.0559     19.837     19.989    11.7870   3.884760    34.0571     2.0454 9.3919e+00     0.3071    92.6106      98.61    274.641     6.3088 2.3107e+03          1         40 0.0000e+00
   38.95326  -68.95033    11.8407   3.884633    34.0080     18.991     19.137    11.8375   3.884409    34.0088     1.9831 1.1128e+01     0.3106    92.5289      98.61    275.604     6.3307 2.1918e+03          1         90 0.0000e+00
   38.95326  -68.95032    11.9506   3.888184    33.9421     17.877     18.014    11.8957   3.886496    33.9770     1.7730 1.3588e+01     0.3104    92.5336      98.61    276.220     6.3444 2.2371e+03          1         34 0.0000e+00
   38.95326  -68.95032    12.0030   3.889700    33.9095     16.820     16.949    12.0034   3.889286    33.9048     1.6799 1.5335e+01     0.3089    92.5681      98.62    275.390     6.3251 2.3194e+03          1         44 0.0000e+00
   38.95324  -68.95030    12.0571   3.891375    33.8771     15.943     16.065    12.0550   3.891071    33.8759     1.3317 1.6937e+01     0.3085    92.5765      98.62    275.486     6.3271 2.5070e+03          1         40 0.0000e+00
   38.95324  -68.95030    12.0617   3.891349    33.8743     14.901     15.015    12.0614   3.891249    33.8734     1.1615 1.7738e+01     0.3065    92.6226      98.61    275.054     6.3172 2.3672e+03          1         30 0.0000e+00
   38.95323  -68.95029    12.0964   3.893712    33.8670     13.784     13.889    12.0860   3.892799    33.8677     1.0602 1.9677e+01     0.3071    92.6096      98.61    275.223     6.3210 2.1125e+03          1         98 0.0000e+00
   38.95322  -68.95028    12.1115   3.894935    33.8668     12.941     13.040    12.1091   3.894978    33.8693     0.8881 1.7063e+01     0.3070    92.6116      98.61    275.339     6.3236 2.0262e+03          1         46 0.0000e+00
   38.95322  -68.95028    12.0895   3.892974    33.8694     11.929     12.020    12.0846   3.892642    33.8705     0.9209 1.8125e+01     0.3057    92.6411      98.61    274.876     6.3130 2.2706e+03          1         27 0.0000e+00
   38.95321  -68.95027    12.1080   3.894439    33.8670     10.883     10.967    12.1084   3.894336    33.8655     0.9635 2.3143e+01     0.3055    92.6459      98.61    274.384     6.3017 1.9664e+03          1         27 0.0000e+00
   38.95318  -68.95026    12.1366   3.896925    33.8659     10.183     10.261    12.1383   3.897046    33.8654     0.8599 2.2978e+01     0.3031    92.7018      16.10    274.641     6.3075 1.7716e+03          1        182 0.0000e+00
   38.95316  -68.95026    12.1442   3.897517    33.8660      8.968      9.036    12.1537   3.898523    33.8669     0.8477 2.2234e+01     0.3043    92.6735       5.02    274.878     6.3130 1.3480e+03          1         27 0.0000e+00
   38.95316  -68.95024    12.1537   3.898302    33.8655      8.096      8.158    12.1505   3.898059    33.8661     0.8180 3.1493e+01     0.3036    92.6903       4.49    274.343     6.3007 1.5215e+03          1         81 0.0000e+00
   38.95314  -68.95022    12.1697   3.899640    33.8646      7.147      7.201    12.1629   3.899094    33.8655     0.7818 3.2480e+01     0.3029    92.7077      16.75    274.677     6.3083 1.9311e+03          1        102 0.0000e+00
   38.95310  -68.95020    12.1697   3.899606    33.8652      6.066      6.112    12.1697   3.899637    33.8655     0.7806 3.0197e+01     0.3013    92.7437      14.08    274.477     6.3037 1.7691e+03          1        238 0.0000e+00
   38.95305  -68.95017    12.1668   3.899353    33.8659      5.205      5.245    12.1663   3.899381    33.8666     0.7768 4.4513e+01     0.3016    92.7371       9.15    274.296     6.2996 1.9599e+03          1         45 0.0000e+00
   38.95302  -68.95014    12.1679   3.899387    33.8656      3.950      3.980    12.1657   3.899232    33.8662     0.7167 7.9931e+01     0.3020    92.7271       1.11    274.591     6.3063 1.8547e+03          1         17 0.0000e+00
   38.95285  -68.95001    12.2475   3.906683    33.8642      3.130      3.154    12.2480   3.906739    33.8642     0.6025 8.1098e+01     0.2951    92.8881       5.48    273.386     6.2786 2.5107e+03          1        266 0.0000e+00
