Data/ruptures/KN207-01/QL-1/20701036.cnv
* Sea-Bird SBE 9 Data File:
* FileName = C:\Data\ctd\20701036.hex
* Software Version Seasave V 7.21e
* Temperature SN = 4406
* Conductivity SN = 1474
* Number of Bytes Per Scan = 40
* Number of Voltage Words = 5
* Number of Scans Averaged by the Deck Unit = 1
* NMEA Latitude = 38 49.44 N
* NMEA Longitude = 069 07.20 W
* NMEA UTC (Time) = Apr 26 2012 10:01:48
** R/V Knorr Cruise # KN207-01 QL1
** Chief Scientist: Ben Van Mooy
# nquan = 21
# nvalues = 398                         
# units = specified
# name 0 = latitude: Latitude [deg]
# name 1 = longitude: Longitude [deg]
# name 2 = t090C: Temperature [ITS-90, deg C]
# name 3 = c0S/m: Conductivity [S/m]
# name 4 = sal00: Salinity, Practical [PSU]
# name 5 = depSM: Depth [salt water, m]
# name 6 = prDM: Pressure, Digiquartz [db]
# name 7 = t190C: Temperature, 2 [ITS-90, deg C]
# name 8 = c1S/m: Conductivity, 2 [S/m]
# name 9 = sal11: Salinity, Practical, 2 [PSU]
# name 10 = flECO-AFL: Fluorescence, WET Labs ECO-AFL/FL [mg/m^3]
# name 11 = par: PAR/Irradiance, Biospherical/Licor
# name 12 = bat: Beam Attenuation, Chelsea/Seatech [1/m]
# name 13 = xmiss: Beam Transmission, Chelsea/Seatech [%]
# name 14 = altM: Altimeter [m]
# name 15 = sbeox0Mm/Kg: Oxygen, SBE 43 [umol/kg]
# name 16 = sbeox0ML/L: Oxygen, SBE 43 [ml/l]
# name 17 = spar: SPAR/Surface Irradiance
# name 18 = pumps: Pump Status
# name 19 = nbin: number of scans per bin
# name 20 = flag: flag
# span 0 =   38.82339,   38.82401       
# span 1 =  -69.12312,  -69.12007       
# span 2 =    11.2381,    14.6889       
# span 3 =   3.401859,   4.352345       
# span 4 =    28.8272,    35.8318       
# span 5 =      2.171,    199.196       
# span 6 =      2.187,    200.810       
# span 7 =    11.2381,    14.6887       
# span 8 =   3.715300,   4.352445       
# span 9 =    31.7945,    35.8342       
# span 10 =    -0.0065,     2.6452      
# span 11 = 1.0000e-12, 6.4590e+00      
# span 12 =    -0.0141,     0.3188      
# span 13 =    92.3398,   100.3520      
# span 14 =      49.61,      98.68      
# span 15 =    136.344,    464.436      
# span 16 =     3.1351,    10.6650      
# span 17 = 1.3357e+02, 7.8103e+02      
# span 18 =          1,          1      
# span 19 =         16,       3694      
# span 20 = 0.0000e+00, 0.0000e+00      
# interval = decibars: 1                
# start_time = Apr 26 2012 10:01:48 [NMEA time, header]
# bad_flag = -9.990e-29
*END*
[from data line 69]
   38.82398  -69.12034    13.5792   4.188445    35.3029     71.456     72.013    13.5836   4.188872    35.3027     0.1021 1.0000e-12     0.0151    99.6235      98.52    225.646     5.1865 1.5563e+02          1         60 0.0000e+00
   38.82396  -69.12036    13.6111   4.192980    35.3159     72.381     72.945    13.6122   4.193255    35.3174     0.0910 1.0000e-12     0.0089    99.7768      98.52    225.063     5.1731 1.5391e+02          1         46 0.0000e+00
   38.82396  -69.12036    13.6095   4.192829    35.3163     73.430     74.002    13.6095   4.192942    35.3174     0.0726 1.0000e-12     0.0039    99.9040      98.52    224.834     5.1678 1.5444e+02          1         42 0.0000e+00
   38.82396  -69.12036    13.6130   4.193318    35.3177     74.403     74.984    13.6167   4.193837    35.3191     0.0802 1.0000e-12     0.0008    99.9815      98.52    225.501     5.1832 1.5427e+02          1         43 0.0000e+00
   38.82396  -69.12036    13.6473   4.197989    35.3292     75.408     75.996    13.6477   4.197875    35.3278     0.0686 1.0000e-12     0.0005    99.9880      98.52    225.375     5.1803 1.5432e+02          1         49 0.0000e+00
   38.82396  -69.12036    13.6785   4.202307    35.3406     76.384     76.980    13.6784   4.202367    35.3412     0.0713 1.0000e-12    -0.0010   100.0248      98.53    225.054     5.1729 1.5615e+02          1         64 0.0000e+00
   38.82398  -69.12038    13.7032   4.205806    35.3502     77.355     77.959    13.7040   4.205748    35.3489     0.0602 1.0000e-12    -0.0006   100.0142      98.52    224.523     5.1607 1.5580e+02          1         38 0.0000e+00
   38.82398  -69.12038    13.7247   4.208796    35.3579     78.380     78.992    13.7248   4.208938    35.3592     0.0505 1.0000e-12    -0.0012   100.0288      98.53    224.705     5.1649 1.5573e+02          1         32 0.0000e+00
   38.82398  -69.12038    13.7401   4.211025    35.3643     79.432     80.052    13.7452   4.211539    35.3643     0.0414 1.0000e-12    -0.0030   100.0765      98.53    224.156     5.1523 1.5615e+02          1         51 0.0000e+00
   38.82396  -69.12038    13.7851   4.217263    35.3807     80.340     80.967    13.7855   4.217415    35.3818     0.0600 1.0000e-12    -0.0042   100.1041      98.52    224.162     5.1525 1.5650e+02          1         71 0.0000e+00
   38.82396  -69.12038    13.7851   4.217326    35.3816     81.329     81.965    13.7859   4.217508    35.3825     0.0401 1.0000e-12    -0.0036   100.0901      98.53    223.622     5.1400 1.5615e+02          1         33 0.0000e+00
   38.82396  -69.12038    13.8102   4.220908    35.3912     82.357     83.001    13.8082   4.220340    35.3878     0.0426 1.0000e-12    -0.0039   100.0996      98.53    223.267     5.1319 1.5615e+02          1         30 0.0000e+00
   38.82396  -69.12038    13.8303   4.223674    35.3982     83.467     84.120    13.8302   4.223746    35.3990     0.0601 1.0000e-12    -0.0043   100.1074      98.53    223.563     5.1387 1.5763e+02          1         68 0.0000e+00
   38.82396  -69.12039    13.8549   4.227134    35.4076     84.270     84.929    13.8548   4.226995    35.4065     0.0505 1.0000e-12    -0.0031   100.0773      98.53    223.016     5.1262 1.5830e+02          1         54 0.0000e+00
   38.82396  -69.12040    13.9137   4.235439    35.4297     85.309     85.977    13.9123   4.234561    35.4228     0.0567 1.0000e-12    -0.0038   100.0964      98.52    222.936     5.1243 1.5746e+02          1         34 0.0000e+00
   38.82396  -69.12040    13.9975   4.246957    35.4581     86.310     86.985    13.9982   4.246793    35.4559     0.0394 1.0000e-12    -0.0043   100.1081      98.53    222.802     5.1213 1.5697e+02          1         30 0.0000e+00
   38.82396  -69.12040    14.0333   4.251703    35.4694     87.430     88.114    14.0306   4.251393    35.4690     0.0488 1.0000e-12    -0.0049   100.1226      98.52    221.588     5.0934 1.5854e+02          1         70 0.0000e+00
   38.82396  -69.12040    14.0407   4.252750    35.4731     88.185     88.876    14.0240   4.250453    35.4675     0.0600 1.0000e-12    -0.0042   100.1043      98.53    221.412     5.0893 1.5895e+02          1         55 0.0000e+00
   38.82396  -69.12040    14.0627   4.255691    35.4799     89.316     90.016    14.0624   4.255646    35.4797     0.0496 1.0000e-12    -0.0052   100.1292      98.52    221.284     5.0864 1.5863e+02          1         27 0.0000e+00
   38.82396  -69.12042    14.0762   4.257688    35.4858     90.320     91.027    14.0765   4.257697    35.4854     0.0470 1.0000e-12    -0.0057   100.1424      98.53    221.281     5.0863 1.5838e+02          1         30 0.0000e+00
   38.82396  -69.12042    14.0831   4.258645    35.4885     91.360     92.076    14.0841   4.258899    35.4899     0.0287 1.0000e-12    -0.0056   100.1399      98.53    220.761     5.0744 1.5961e+02          1         78 0.0000e+00
   38.82396  -69.12044    14.1014   4.261294    35.4963     92.186     92.909    14.1011   4.261188    35.4955     0.0330 1.0000e-12    -0.0058   100.1460      98.53    220.770     5.0746 1.6025e+02          1         50 0.0000e+00
   38.82396  -69.12044    14.1188   4.263763    35.5028     93.245     93.976    14.1183   4.263678    35.5024     0.0333 1.0000e-12    -0.0061   100.1527      98.53    221.132     5.0829 1.5860e+02          1         30 0.0000e+00
   38.82396  -69.12044    14.1330   4.265796    35.5082     94.267     95.007    14.1330   4.265874    35.5088     0.0359 1.0000e-12    -0.0059   100.1470      98.53    220.520     5.0689 1.5885e+02          1         33 0.0000e+00
   38.82394  -69.12044    14.1371   4.266387    35.5099     95.324     96.072    14.1374   4.266508    35.5107     0.0352 1.0000e-12    -0.0059   100.1462      98.53    220.691     5.0728 1.6094e+02          1         80 0.0000e+00
   38.82394  -69.12044    14.1408   4.266956    35.5118     96.179     96.934    14.1415   4.267062    35.5121     0.0655 1.0000e-12    -0.0060   100.1495      98.53    220.537     5.0693 1.6268e+02          1         41 0.0000e+00
   38.82395  -69.12045    14.1684   4.270897    35.5222     97.235     97.998    14.1678   4.270634    35.5202     0.0412 1.0000e-12    -0.0065   100.1622      98.53    220.485     5.0681 1.6094e+02          1         34 0.0000e+00
   38.82396  -69.12046    14.1951   4.274571    35.5309     98.239     99.010    14.1947   4.274490    35.5306     0.0427 1.0000e-12    -0.0054   100.1348      98.53    220.039     5.0578 1.5940e+02          1         37 0.0000e+00
   38.82396  -69.12046    14.2048   4.275931    35.5345     99.290    100.070    14.2045   4.275983    35.5353     0.0363 1.0000e-12    -0.0055   100.1372      98.53    219.975     5.0564 1.6145e+02          1         64 0.0000e+00
   38.82396  -69.12046    14.2042   4.275890    35.5348    100.134    100.921    14.2010   4.275544    35.5346     0.0435 1.0000e-12    -0.0050   100.1244      98.53    220.024     5.0575 1.6466e+02          1         54 0.0000e+00
   38.82396  -69.12046    14.2128   4.277188    35.5386    101.179    101.974    14.2131   4.277194    35.5383     0.0388 1.0000e-12    -0.0070   100.1750      98.53    219.630     5.0484 1.6135e+02          1         33 0.0000e+00
   38.82396  -69.12046    14.2403   4.281195    35.5495    102.190    102.994    14.2402   4.281002    35.5478     0.0459 1.0000e-12    -0.0064   100.1593      98.53    219.902     5.0547 1.6061e+02          1         28 0.0000e+00
   38.82394  -69.12046    14.2669   4.284866    35.5584    103.219    104.031    14.2662   4.284766    35.5581     0.0383 1.0000e-12    -0.0064   100.1597      98.53    219.641     5.0487 1.6180e+02          1         43 0.0000e+00
   38.82394  -69.12046    14.2720   4.285549    35.5600    104.143    104.962    14.2719   4.285625    35.5608     0.0319 1.0000e-12    -0.0069   100.1733      98.53    218.994     5.0339 1.6425e+02          1         41 0.0000e+00
   38.82394  -69.12046    14.2929   4.288643    35.5688    105.134    105.962    14.2911   4.288176    35.5661     0.0356 1.0000e-12    -0.0074   100.1847      98.53    219.122     5.0368 1.6498e+02          1         26 0.0000e+00
   38.82396  -69.12048    14.3236   4.293071    35.5807    106.146    106.982    14.3231   4.292714    35.5778     0.0347 1.0000e-12    -0.0071   100.1777      98.53    219.253     5.0398 1.6490e+02          1         27 0.0000e+00
   38.82396  -69.12048    14.3637   4.298721    35.5950    107.134    107.978    14.3616   4.298241    35.5925     0.0297 1.0000e-12    -0.0059   100.1483      98.53    218.932     5.0325 1.6332e+02          1         28 0.0000e+00
   38.82396  -69.12048    14.3777   4.300647    35.5997    108.134    108.986    14.3774   4.300615    35.5997     0.0353 1.0000e-12    -0.0076   100.1887      98.53    218.434     5.0210 1.6233e+02          1         26 0.0000e+00
   38.82396  -69.12048    14.3845   4.301571    35.6018    109.148    110.008    14.3844   4.301649    35.6026     0.0374 1.0000e-12    -0.0078   100.1940      98.53    217.665     5.0033 1.6191e+02          1         24 0.0000e+00
   38.82396  -69.12048    14.3974   4.303565    35.6080    110.131    111.000    14.3968   4.303268    35.6058     0.0507 1.0000e-12    -0.0066   100.1657      98.53    217.329     4.9956 1.6245e+02          1         23 0.0000e+00
   38.82394  -69.12048    14.4118   4.305567    35.6129    111.092    111.969    14.4117   4.305685    35.6140     0.0384 1.0000e-12    -0.0077   100.1912      98.53    217.584     5.0015 1.6453e+02          1         25 0.0000e+00
   38.82394  -69.12048    14.4139   4.305933    35.6143    112.114    112.998    14.4130   4.305899    35.6147     0.0568 1.0000e-12    -0.0081   100.2006      98.53    217.716     5.0045 1.6645e+02          1         29 0.0000e+00
   38.82394  -69.12048    14.4360   4.309189    35.6235    113.089    113.982    14.4349   4.308835    35.6212     0.0293 1.0000e-12    -0.0081   100.2015      98.53    217.518     5.0000 1.6615e+02          1         29 0.0000e+00
   38.82394  -69.12048    14.4500   4.311137    35.6282    114.040    114.940    14.4503   4.311237    35.6288     0.0360 1.0000e-12    -0.0061   100.1523      98.53    217.813     5.0068 1.6507e+02          1         23 0.0000e+00
   38.82394  -69.12049    14.4638   4.313306    35.6351    115.046    115.954    14.4632   4.313047    35.6332     0.0412 1.0000e-12    -0.0081   100.2015      98.53    217.527     5.0002 1.6451e+02          1         20 0.0000e+00
   38.82394  -69.12050    14.4800   4.315680    35.6416    116.057    116.973    14.4799   4.315579    35.6408     0.0351 1.0000e-12    -0.0082   100.2029      98.53    216.462     4.9757 1.6378e+02          1         19 0.0000e+00
   38.82394  -69.12050    14.4880   4.316807    35.6443    117.074    117.999    14.4878   4.316844    35.6448     0.0204 1.0000e-12    -0.0093   100.2336      98.53    216.084     4.9670 1.6329e+02          1         20 0.0000e+00
   38.82394  -69.12050    14.5018   4.318939    35.6508    118.100    119.033    14.5008   4.318658    35.6492     0.0344 1.0000e-12    -0.0094   100.2339      98.53    215.716     4.9586 1.6352e+02          1         23 0.0000e+00
   38.82394  -69.12050    14.5125   4.320506    35.6552    119.055    119.996    14.5120   4.320381    35.6545     0.0229 1.0000e-12    -0.0097   100.2426      98.53    215.091     4.9442 1.6489e+02          1         25 0.0000e+00
   38.82394  -69.12050    14.5270   4.322611    35.6608    120.017    120.966    14.5265   4.322578    35.6610     0.0179 1.0000e-12    -0.0091   100.2272      98.53    214.438     4.9292 1.6584e+02          1         29 0.0000e+00
   38.82394  -69.12052    14.5330   4.323538    35.6637    121.017    121.975    14.5327   4.323486    35.6635     0.0366 1.0000e-12    -0.0098   100.2453      98.53    214.280     4.9256 1.6705e+02          1         27 0.0000e+00
   38.82394  -69.12052    14.5505   4.326306    35.6726    122.049    123.015    14.5499   4.326053    35.6709     0.0395 1.0000e-12    -0.0101   100.2539      98.53    214.409     4.9286 1.6730e+02          1         25 0.0000e+00
   38.82394  -69.12052    14.5716   4.329613    35.6832    123.042    124.017    14.5713   4.329296    35.6804     0.0440 1.0000e-12    -0.0101   100.2541      98.53    214.086     4.9212 1.6634e+02          1         21 0.0000e+00
   38.82394  -69.12052    14.6021   4.334295    35.6974    124.004    124.986    14.6019   4.334087    35.6957     0.0057 1.0000e-12    -0.0100   100.2495      98.53    213.529     4.9084 1.6526e+02          1         23 0.0000e+00
   38.82394  -69.12052    14.6135   4.335958    35.7020    125.014    126.005    14.6134   4.335974    35.7022     0.0360 1.0000e-12    -0.0104   100.2607      98.53    212.795     4.8915 1.6507e+02          1         23 0.0000e+00
   38.82394  -69.12052    14.6207   4.337183    35.7064    126.022    127.021    14.6205   4.337114    35.7059     0.0348 1.0000e-12    -0.0104   100.2599      98.53    211.942     4.8719 1.6517e+02          1         22 0.0000e+00
   38.82394  -69.12052    14.6320   4.339207    35.7143    126.984    127.991    14.6321   4.339178    35.7139     0.0361 1.0000e-12    -0.0106   100.2658      98.53    210.825     4.8463 1.6507e+02          1         22 0.0000e+00
   38.82394  -69.12052    14.6365   4.340073    35.7180    127.941    128.955    14.6362   4.340079    35.7183     0.0114 1.0000e-12    -0.0109   100.2724      98.53    209.773     4.8221 1.6543e+02          1         25 0.0000e+00
   38.82394  -69.12052    14.6414   4.341181    35.7235    128.962    129.984    14.6412   4.341201    35.7239     0.0402 1.0000e-12    -0.0104   100.2602      98.53    208.939     4.8029 1.6722e+02          1         28 0.0000e+00
   38.82394  -69.12053    14.6330   4.340355    35.7238    129.961    130.992    14.6330   4.340623    35.7262     0.0029 1.0000e-12    -0.0113   100.2840      98.53    208.188     4.7857 1.6934e+02          1         24 0.0000e+00
   38.82394  -69.12054    14.6239   4.339358    35.7230    130.966    132.005    14.6234   4.339475    35.7245     0.0219 1.0000e-12    -0.0113   100.2840      98.54    207.248     4.7641 1.6944e+02          1         24 0.0000e+00
   38.82394  -69.12054    14.6198   4.339015    35.7234    131.925    132.972    14.6197   4.339107    35.7244     0.0145 1.0000e-12    -0.0113   100.2833      98.53    206.263     4.7415 1.6771e+02          1         22 0.0000e+00
   38.82394  -69.12054    14.6277   4.340420    35.7286    132.956    134.011    14.6280   4.340411    35.7283     0.0143 1.0000e-12    -0.0115   100.2875      98.53    206.035     4.7362 1.6633e+02          1         23 0.0000e+00
   38.82394  -69.12054    14.6396   4.342331    35.7347    133.960    135.025    14.6392   4.342252    35.7344     0.0497 1.0000e-12    -0.0119   100.2976      98.53    205.205     4.7171 1.6526e+02          1         23 0.0000e+00
   38.82394  -69.12054    14.6496   4.344227    35.7424    134.962    136.034    14.6493   4.344136    35.7418     0.0194 1.0000e-12    -0.0116   100.2898      98.54    204.201     4.6941 1.6604e+02          1         23 0.0000e+00
   38.82394  -69.12054    14.6625   4.346644    35.7523    135.929    137.009    14.6620   4.346509    35.7515     0.0328 1.0000e-12    -0.0104   100.2605      98.53    203.391     4.6755 1.6738e+02          1         27 0.0000e+00
   38.82394  -69.12054    14.6744   4.348794    35.7607    136.895    137.983    14.6743   4.348743    35.7602     0.0209 1.0000e-12    -0.0115   100.2880      98.53    202.422     4.6532 1.6894e+02          1         30 0.0000e+00
   38.82394  -69.12054    14.6852   4.351092    35.7714    137.891    138.988    14.6849   4.350981    35.7706     0.0212 1.0000e-12    -0.0117   100.2936      98.53    200.499     4.6091 1.6944e+02          1         24 0.0000e+00
