Data/ruptures/KN207-01/QL-1/20701032.cnv
* Sea-Bird SBE 9 Data File:
* FileName = C:\Data\ctd\20701032.hex
* Software Version Seasave V 7.21e
* Temperature SN = 4406
* Conductivity SN = 1474
* Number of Bytes Per Scan = 40
* Number of Voltage Words = 5
* Number of Scans Averaged by the Deck Unit = 1
* NMEA Latitude = 38 51.83 N
* NMEA Longitude = 069 04.39 W
* NMEA UTC (Time) = Apr 25 2012 18:04:30
** R/V Knorr Cruise # KN207-01 QL1
** Chief Scientist: Ben Van Mooy
# nquan = 21
# nvalues = 396                         
# units = specified
# name 0 = latitude: Latitude [deg]
# name 1 = longitude: Longitude [deg]
# name 2 = t090C: Temperature [ITS-90, deg C]
# name 3 = c0S/m: Conductivity [S/m]
# name 4 = sal00: Salinity, Practical [PSU]
# name 5 = depSM: Depth [salt water, m]
# name 6 = prDM: Pressure, Digiquartz [db]
# name 7 = t190C: Temperature, 2 [ITS-90, deg C]
# name 8 = c1S/m: Conductivity, 2 [S/m]
# name 9 = sal11: Salinity, Practical, 2 [PSU]
# name 10 = flECO-AFL: Fluorescence, WET Labs ECO-AFL/FL [mg/m^3]
# name 11 = par: PAR/Irradiance, Biospherical/Licor
# name 12 = bat: Beam Attenuation, Chelsea/Seatech [1/m]
# name 13 = xmiss: Beam Transmission, Chelsea/Seatech [%]
# name 14 = altM: Altimeter [m]
# name 15 = sbeox0Mm/Kg: Oxygen, SBE 43 [umol/kg]
# name 16 = sbeox0ML/L: Oxygen, SBE 43 [ml/l]
# name 17 = spar: SPAR/Surface Irradiance
# name 18 = pumps: Pump Status
# name 19 = nbin: number of scans per bin
# name 20 = flag: flag
# span 0 =   38.86400,   38.86628       
# span 1 =  -69.07467,  -69.07328       
# span 2 =    11.2058,    14.6704       
# span 3 =   3.815199,   4.350862       
# span 4 =    32.7294,    35.8253       
# span 5 =      2.923,    199.162       
# span 6 =      2.946,    200.777       
# span 7 =    11.1627,    14.6702       
# span 8 =   3.865732,   4.350910       
# span 9 =    33.7136,    35.8293       
# span 10 =     0.0038,     2.6557      
# span 11 = 1.0000e-12, 1.1280e+02      
# span 12 =    -0.0141,     0.3464      
# span 13 =    91.7058,   100.3526      
# span 14 =      39.27,      98.63      
# span 15 =    141.551,    410.459      
# span 16 =     3.2547,     9.4259      
# span 17 = 2.5396e+03, 2.5610e+03      
# span 18 =          1,          1      
# span 19 =         13,        464      
# span 20 = 0.0000e+00, 0.0000e+00      
# interval = decibars: 1                
# start_time = Apr 25 2012 18:04:30 [NMEA time, header]
# bad_flag = -9.990e-29
*END*
[from data line 207]
   38.86486  -69.07396    13.5942   4.241151    35.7344    189.450    190.982    13.6013   4.241484    35.7307     0.0358 7.2676e-04    -0.0138   100.3462      98.57    143.257     3.2939 2.5532e+03          1         27 0.0000e+00
   38.86486  -69.07396    13.6816   4.251200    35.7466    188.458    189.981    13.6612   4.248692    35.7425     0.0417 4.4488e-04    -0.0134   100.3349      98.57    144.197     3.3154 2.5560e+03          1         42 0.0000e+00
   38.86487  -69.07397    13.7351   4.257010    35.7514    187.552    189.067    13.7064   4.253744    35.7482     0.0301 3.3286e-04    -0.0138   100.3446      98.57    145.743     3.3509 2.5595e+03          1         30 0.0000e+00
   38.86488  -69.07398    13.7674   4.261092    35.7602    186.532    188.039    13.7591   4.259352    35.7515     0.0390 1.2670e-03    -0.0139   100.3476      98.57    146.077     3.3586 2.5609e+03          1         19 0.0000e+00
   38.86488  -69.07398    13.8083   4.265715    35.7653    185.520    187.018    13.8112   4.265666    35.7619     0.0285 1.3595e-03    -0.0134   100.3360      98.57    146.138     3.3600 2.5596e+03          1         17 0.0000e+00
   38.86488  -69.07398    13.8555   4.271000    35.7708    184.509    185.998    13.8552   4.270569    35.7668     0.0278 9.8057e-04    -0.0136   100.3396      98.58    146.147     3.3602 2.5589e+03          1         16 0.0000e+00
   38.86488  -69.07398    13.8856   4.274542    35.7762    183.521    185.002    13.8917   4.274682    35.7716     0.0394 6.8517e-04    -0.0131   100.3286      98.57    146.199     3.3614 2.5573e+03          1         19 0.0000e+00
   38.86488  -69.07398    13.9365   4.279815    35.7781    182.526    183.998    13.9375   4.279353    35.7727     0.0394 4.8485e-04    -0.0134   100.3349      98.57    146.103     3.3592 2.5555e+03          1         21 0.0000e+00
   38.86489  -69.07398    14.0086   4.288310    35.7901    181.516    182.980    14.0118   4.288225    35.7862     0.0358 1.0527e-03    -0.0136   100.3414      98.57    146.171     3.3607 2.5541e+03          1         27 0.0000e+00
   38.86490  -69.07398    14.0442   4.292143    35.7935    180.549    182.004    14.0768   4.294880    35.7879     0.0395 1.4009e-03    -0.0141   100.3526      98.56    146.363     3.3651 2.5545e+03          1         25 0.0000e+00
   38.86490  -69.07398    14.1121   4.299774    35.8017    179.542    180.989    14.1637   4.305162    35.8028     0.0445 7.5318e-04    -0.0136   100.3396      98.57    146.199     3.3613 2.5554e+03          1         32 0.0000e+00
   38.86490  -69.07398    14.1946   4.308123    35.8027    178.557    179.995    14.1745   4.306535    35.8074     0.0288 8.4055e-04    -0.0137   100.3425      98.58    146.816     3.3754 2.5571e+03          1         33 0.0000e+00
   38.86490  -69.07399    14.2154   4.310183    35.8039    177.567    178.997    14.2092   4.309988    35.8081     0.0200 1.3339e-03    -0.0132   100.3289      98.57    147.448     3.3900 2.5592e+03          1         24 0.0000e+00
   38.86490  -69.07400    14.2113   4.308955    35.7977    176.588    178.010    14.2143   4.309675    35.8017     0.0141 1.5333e-03    -0.0131   100.3286      98.58    148.463     3.4133 2.5602e+03          1         18 0.0000e+00
   38.86490  -69.07400    14.1990   4.306800    35.7906    175.596    177.009    14.1997   4.306965    35.7914     0.0414 1.8849e-03    -0.0125   100.3129      98.57    149.756     3.4430 2.5602e+03          1         18 0.0000e+00
   38.86490  -69.07400    14.2045   4.306053    35.7793    174.584    175.989    14.2101   4.306380    35.7771     0.0433 2.0133e-03    -0.0124   100.3107      98.57    150.704     3.4648 2.5597e+03          1         16 0.0000e+00
   38.86490  -69.07400    14.2657   4.312261    35.7797    173.619    175.016    14.2621   4.310990    35.7713     0.0423 2.1546e-03    -0.0128   100.3194      98.58    151.137     3.4747 2.5582e+03          1         17 0.0000e+00
   38.86490  -69.07400    14.2945   4.315137    35.7801    172.637    174.025    14.2978   4.315159    35.7773     0.0208 2.2359e-03    -0.0129   100.3236      98.58    152.322     3.5019 2.5568e+03          1         20 0.0000e+00
   38.86490  -69.07400    14.3313   4.319093    35.7832    171.590    172.970    14.3341   4.319252    35.7820     0.0351 1.9836e-03    -0.0124   100.3107      98.57    155.453     3.5739 2.5561e+03          1         28 0.0000e+00
   38.86492  -69.07400    14.3810   4.324717    35.7897    170.597    171.968    14.3658   4.322859    35.7871     0.0360 1.4163e-03    -0.0127   100.3168      98.57    159.786     3.6734 2.5557e+03          1         41 0.0000e+00
   38.86492  -69.07400    14.4472   4.331849    35.7946    169.692    171.055    14.4012   4.326359    35.7875     0.0361 2.5367e-03    -0.0121   100.3026      98.58    161.672     3.7168 2.5566e+03          1         31 0.0000e+00
   38.86492  -69.07400    14.5166   4.339703    35.8029    168.674    170.029    14.4926   4.336106    35.7922     0.0211 2.6134e-03    -0.0117   100.2927      98.58    162.955     3.7462 2.5570e+03          1         20 0.0000e+00
   38.86492  -69.07400    14.5527   4.343595    35.8058    167.657    169.004    14.5578   4.343843    35.8029     0.0392 2.3152e-03    -0.0133   100.3334      98.57    164.538     3.7826 2.5575e+03          1         15 0.0000e+00
   38.86493  -69.07401    14.5681   4.345109    35.8062    166.686    168.025    14.5769   4.345823    35.8042     0.0426 7.4224e-04    -0.0131   100.3266      98.57    166.041     3.8171 2.5569e+03          1         15 0.0000e+00
   38.86494  -69.07402    14.5813   4.346427    35.8069    165.667    166.996    14.5876   4.346923    35.8054     0.0345 7.8500e-04    -0.0124   100.3088      98.57    168.107     3.8646 2.5574e+03          1         17 0.0000e+00
   38.86494  -69.07402    14.5962   4.347874    35.8074    164.667    165.988    14.5972   4.347912    35.8067     0.0356 6.0568e-04    -0.0126   100.3141      98.57    171.056     3.9324 2.5578e+03          1         21 0.0000e+00
   38.86494  -69.07402    14.6011   4.348276    35.8079    163.697    165.010    14.6037   4.348553    35.8078     0.0531 1.9195e-03    -0.0125   100.3126      98.57    174.077     4.0019 2.5582e+03          1         31 0.0000e+00
   38.86494  -69.07402    14.6091   4.348870    35.8071    162.738    164.043    14.6034   4.348332    35.8075     0.0299 2.8922e-03    -0.0111   100.2777      98.58    175.570     4.0362 2.5571e+03          1         30 0.0000e+00
   38.86494  -69.07402    14.6187   4.349504    35.8051    161.753    163.050    14.6062   4.348428    35.8069     0.0296 3.3036e-03    -0.0120   100.2987      98.58    175.786     4.0411 2.5568e+03          1         23 0.0000e+00
   38.86494  -69.07402    14.6245   4.349728    35.8026    160.715    162.002    14.6215   4.349476    35.8031     0.0284 3.5374e-03    -0.0122   100.3056      98.57    176.101     4.0483 2.5569e+03          1         20 0.0000e+00
   38.86494  -69.07402    14.6277   4.349831    35.8014    159.725    161.004    14.6278   4.349825    35.8012     0.0220 3.6819e-03    -0.0120   100.3006      98.57    176.614     4.0601 2.5559e+03          1         21 0.0000e+00
   38.86494  -69.07402    14.6335   4.350084    35.7992    158.721    159.992    14.6319   4.349985    35.7997     0.0072 3.8503e-03    -0.0128   100.3193      98.58    178.272     4.0982 2.5553e+03          1         24 0.0000e+00
   38.86494  -69.07402    14.6385   4.350184    35.7963    157.720    158.983    14.6359   4.350051    35.7974     0.0410 4.0105e-03    -0.0122   100.3053      98.57    180.087     4.1399 2.5557e+03          1         26 0.0000e+00
   38.86494  -69.07402    14.6401   4.349950    35.7934    156.740    157.994    14.6376   4.349972    35.7959     0.0201 2.6903e-03    -0.0124   100.3088      98.57    181.187     4.1652 2.5563e+03          1         23 0.0000e+00
   38.86496  -69.07402    14.6416   4.349755    35.7910    155.740    156.986    14.6401   4.349727    35.7921     0.0415 3.0170e-03    -0.0128   100.3186      98.58    182.749     4.2011 2.5575e+03          1         27 0.0000e+00
   38.86496  -69.07402    14.6417   4.349550    35.7897    154.791    156.029    14.6413   4.349713    35.7915     0.0190 4.4525e-03    -0.0119   100.2976      98.58    184.726     4.2466 2.5588e+03          1         27 0.0000e+00
   38.86496  -69.07402    14.6368   4.348777    35.7880    153.825    155.054    14.6383   4.349220    35.7906     0.0059 4.6197e-03    -0.0125   100.3125      98.58    185.746     4.2700 2.5597e+03          1         25 0.0000e+00
   38.86496  -69.07402    14.6331   4.348147    35.7863    152.825    154.047    14.6333   4.348358    35.7879     0.0141 4.8064e-03    -0.0123   100.3072      98.58    185.691     4.2687 2.5583e+03          1         18 0.0000e+00
   38.86496  -69.07402    14.6332   4.347777    35.7833    151.794    153.007    14.6324   4.347716    35.7835     0.0208 5.0078e-03    -0.0126   100.3134      98.57    185.931     4.2743 2.5571e+03          1         17 0.0000e+00
   38.86498  -69.07404    14.6390   4.348037    35.7808    150.740    151.944    14.6393   4.347993    35.7801     0.0255 2.9036e-03    -0.0123   100.3073      98.57    186.509     4.2875 2.5551e+03          1         17 0.0000e+00
   38.86498  -69.07404    14.6458   4.348551    35.7797    149.736    150.932    14.6477   4.348603    35.7783     0.0270 2.1101e-03    -0.0119   100.2975      98.57    186.966     4.2980 2.5543e+03          1         19 0.0000e+00
   38.86498  -69.07404    14.6581   4.349515    35.7774    148.797    149.985    14.6578   4.349478    35.7774     0.0171 2.1209e-03    -0.0110   100.2757      98.57    188.024     4.3223 2.5542e+03          1         27 0.0000e+00
   38.86498  -69.07404    14.6631   4.349889    35.7768    147.832    149.012    14.6610   4.349764    35.7776     0.0210 5.6494e-03    -0.0111   100.2786      98.58    190.907     4.3886 2.5561e+03          1         39 0.0000e+00
   38.86499  -69.07404    14.6624   4.349543    35.7749    146.845    148.016    14.6612   4.349634    35.7769     0.0292 6.1278e-03    -0.0121   100.3011      98.58    192.341     4.4216 2.5582e+03          1         32 0.0000e+00
   38.86500  -69.07404    14.6476   4.346633    35.7627    145.849    147.012    14.6538   4.348213    35.7714     0.0340 6.3530e-03    -0.0117   100.2936      98.58    192.947     4.4355 2.5589e+03          1         24 0.0000e+00
   38.86500  -69.07404    14.6341   4.344435    35.7557    144.859    146.014    14.6360   4.345029    35.7594     0.0270 4.4481e-03    -0.0109   100.2745      98.58    193.074     4.4384 2.5583e+03          1         19 0.0000e+00
   38.86500  -69.07404    14.6314   4.343246    35.7477    143.860    145.007    14.6308   4.343467    35.7504     0.0205 3.0241e-03    -0.0103   100.2593      98.56    193.882     4.4569 2.5584e+03          1         16 0.0000e+00
   38.86500  -69.07404    14.6411   4.343954    35.7455    142.861    144.000    14.6409   4.343670    35.7430     0.0328 6.7476e-03    -0.0109   100.2738      98.56    195.084     4.4845 2.5567e+03          1         16 0.0000e+00
   38.86500  -69.07404    14.6421   4.343221    35.7382    141.857    142.987    14.6430   4.343815    35.7428     0.0414 2.9699e-03    -0.0110   100.2756      98.57    196.561     4.5185 2.5551e+03          1         17 0.0000e+00
   38.86500  -69.07404    14.6168   4.338581    35.7199    140.850    141.972    14.6175   4.339208    35.7250     0.0277 4.9143e-03    -0.0081   100.2025      98.58    198.885     4.5718 2.5549e+03          1         26 0.0000e+00
   38.86500  -69.07404    14.5971   4.334867    35.7045    139.921    141.035    14.6031   4.336120    35.7104     0.0231 4.5066e-03    -0.0093   100.2335      98.58    203.184     4.6706 2.5556e+03          1         37 0.0000e+00
   38.86500  -69.07404    14.5724   4.330576    35.6885    138.927    140.033    14.5908   4.334187    35.7045     0.0356 7.9786e-03    -0.0096   100.2400      98.58    208.981     4.8038 2.5566e+03          1         26 0.0000e+00
   38.86500  -69.07404    14.5458   4.326153    35.6732    137.870    138.967    14.5518   4.327481    35.6798     0.0324 8.7441e-03    -0.0086   100.2143      98.58    211.975     4.8727 2.5566e+03          1         20 0.0000e+00
   38.86500  -69.07404    14.5388   4.325044    35.6697    136.894    137.982    14.5378   4.324994    35.6703     0.0324 9.1509e-03    -0.0086   100.2150      98.58    212.668     4.8886 2.5570e+03          1         19 0.0000e+00
   38.86502  -69.07406    14.5304   4.323753    35.6659    135.921    137.002    14.5325   4.324235    35.6685     0.0362 9.5620e-03    -0.0083   100.2064      98.58    214.171     4.9231 2.5584e+03          1         26 0.0000e+00
   38.86502  -69.07406    14.5026   4.319591    35.6538    134.922    135.995    14.5236   4.322993    35.6656     0.0238 9.9560e-03    -0.0079   100.1970      98.58    216.778     4.9830 2.5585e+03          1         34 0.0000e+00
   38.86502  -69.07406    14.4784   4.316089    35.6444    133.940    135.004    14.5046   4.320269    35.6584     0.0322 1.0169e-02    -0.0076   100.1896      98.58    217.858     5.0078 2.5575e+03          1         26 0.0000e+00
   38.86502  -69.07406    14.4561   4.312820    35.6353    132.955    134.012    14.4708   4.315358    35.6452     0.0178 1.0656e-02    -0.0077   100.1925      98.59    218.818     5.0299 2.5582e+03          1         20 0.0000e+00
   38.86502  -69.07406    14.4432   4.311026    35.6311    131.975    133.023    14.4461   4.311702    35.6349     0.0304 1.1093e-02    -0.0071   100.1772      98.58    219.012     5.0344 2.5573e+03          1         18 0.0000e+00
   38.86502  -69.07406    14.4345   4.309784    35.6280    130.969    132.009    14.4355   4.310068    35.6299     0.0454 1.1578e-02    -0.0075   100.1872      98.59    219.132     5.0371 2.5583e+03          1         18 0.0000e+00
   38.86502  -69.07406    14.4253   4.308482    35.6248    129.943    130.975    14.4268   4.308856    35.6270     0.0445 1.2133e-02    -0.0074   100.1848      98.58    219.779     5.0520 2.5592e+03          1         20 0.0000e+00
   38.86502  -69.07406    14.4199   4.307680    35.6226    128.945    129.968    14.4198   4.307883    35.6248     0.0443 1.0981e-02    -0.0070   100.1746      98.58    220.194     5.0615 2.5587e+03          1         21 0.0000e+00
   38.86502  -69.07406    14.4117   4.306559    35.6200    127.983    128.998    14.4151   4.307166    35.6226     0.0442 1.0586e-02    -0.0061   100.1520      98.58    220.265     5.0632 2.5579e+03          1         27 0.0000e+00
   38.86502  -69.07406    14.4028   4.305265    35.6165    127.002    128.009    14.4095   4.306361    35.6205     0.0358 1.3981e-02    -0.0065   100.1625      98.59    220.479     5.0681 2.5563e+03          1         29 0.0000e+00
   38.86504  -69.07408    14.3912   4.303582    35.6120    125.984    126.983    14.4019   4.305219    35.6172     0.0399 1.4663e-02    -0.0067   100.1678      98.58    220.603     5.0709 2.5561e+03          1         29 0.0000e+00
   38.86504  -69.07408    14.3782   4.301702    35.6070    124.989    125.980    14.3881   4.303293    35.6124     0.0314 1.5135e-02    -0.0056   100.1392      98.58    220.835     5.0762 2.5571e+03          1         26 0.0000e+00
   38.86504  -69.07408    14.3656   4.299939    35.6026    124.015    124.998    14.3753   4.301476    35.6079     0.0318 1.5801e-02    -0.0057   100.1415      98.58    221.016     5.0804 2.5584e+03          1         30 0.0000e+00
   38.86504  -69.07408    14.3529   4.298139    35.5980    123.049    124.023    14.3600   4.299302    35.6022     0.0230 1.6269e-02    -0.0051   100.1266      98.59    221.322     5.0874 2.5597e+03          1         23 0.0000e+00
