Data/ruptures/KN207-01/QL-1/20701024.cnv
* Sea-Bird SBE 9 Data File:
* FileName = C:\Data\ctd\20701024.hex
* Software Version Seasave V 7.21e
* Temperature SN = 4406
* Conductivity SN = 1474
* Number of Bytes Per Scan = 40
* Number of Voltage Words = 5
* Number of Scans Averaged by the Deck Unit = 1
* NMEA Latitude = 38 55.90 N
* NMEA Longitude = 068 57.59 W
* NMEA UTC (Time) = Apr 24 2012 18:56:38
** R/V Knorr Cruise # KN207-01 QL1
** Chief Scientist: Ben Van Mooy
# nquan = 21
# nvalues = 400                         
# units = specified
# name 0 = latitude: Latitude [deg]
# name 1 = longitude: Longitude [deg]
# name 2 = t090C: Temperature [ITS-90, deg C]
# name 3 = c0S/m: Conductivity [S/m]
# name 4 = sal00: Salinity, Practical [PSU]
# name 5 = depSM: Depth [salt water, m]
# name 6 = prDM: Pressure, Digiquartz [db]
# name 7 = t190C: Temperature, 2 [ITS-90, deg C]
# name 8 = c1S/m: Conductivity, 2 [S/m]
# name 9 = sal11: Salinity, Practical, 2 [PSU]
# name 10 = flECO-AFL: Fluorescence, WET Labs ECO-AFL/FL [mg/m^3]
# name 11 = par: PAR/Irradiance, Biospherical/Licor
# name 12 = bat: Beam Attenuation, Chelsea/Seatech [1/m]
# name 13 = xmiss: Beam Transmission, Chelsea/Seatech [%]
# name 14 = altM: Altimeter [m]
# name 15 = sbeox0Mm/Kg: Oxygen, SBE 43 [umol/kg]
# name 16 = sbeox0ML/L: Oxygen, SBE 43 [ml/l]
# name 17 = spar: SPAR/Surface Irradiance
# name 18 = pumps: Pump Status
# name 19 = nbin: number of scans per bin
# name 20 = flag: flag
# span 0 =   38.93116,   38.93172       
# span 1 =  -68.96189,  -68.95997       
# span 2 =    11.3695,    14.7552       
# span 3 =   3.869582,   4.364336       
# span 4 =    33.8370,    35.8294       
# span 5 =      3.193,    200.912       
# span 6 =      3.218,    202.543       
# span 7 =    11.3588,    14.7550       
# span 8 =   3.870154,   4.364368       
# span 9 =    33.9406,    35.8337       
# span 10 =     0.0029,     2.3802      
# span 11 = 5.5913e-04, 1.1917e+02      
# span 12 =    -0.0151,     0.3241      
# span 13 =    92.2167,   100.3791      
# span 14 =       6.76,      98.66      
# span 15 =    146.685,    438.914      
# span 16 =     3.3725,    10.0816      
# span 17 = 5.6892e+02, 2.2801e+03      
# span 18 =          1,          1      
# span 19 =         10,        273      
# span 20 = 0.0000e+00, 0.0000e+00      
# interval = decibars: 1                
# start_time = Apr 24 2012 18:56:38 [NMEA time, header]
# bad_flag = -9.990e-29
*END*
[from data line 345]
   38.93124  -68.96140    13.2978   4.143958    35.1514     56.551     56.990    13.2988   4.144389    35.1542     0.2519 3.0238e-01     0.0251    99.3738      98.57    232.686     5.3480 5.8733e+02          1         20 0.0000e+00
   38.93124  -68.96142    13.2964   4.143759    35.1515     55.420     55.850    13.2973   4.143903    35.1518     0.2633 3.0760e-01     0.0257    99.3598      98.57    233.863     5.3750 5.9851e+02          1         70 0.0000e+00
   38.93124  -68.96142    13.3000   4.144280    35.1535     54.657     55.081    13.3006   4.144469    35.1546     0.2923 3.0369e-01     0.0274    99.3169      98.57    234.922     5.3994 5.8662e+02          1         51 0.0000e+00
   38.93124  -68.96143    13.2906   4.142676    35.1478     53.572     53.987    13.2928   4.143109    35.1497     0.3083 3.4787e-01     0.0263    99.3437      98.57    234.144     5.3815 1.8830e+03          1         38 0.0000e+00
   38.93124  -68.96144    13.2795   4.141102    35.1438     52.684     53.093    13.2846   4.142019    35.1476     0.3376 3.9195e-01     0.0274    99.3174      74.52    234.991     5.4009 1.4127e+03          1         89 0.0000e+00
   38.93124  -68.96146    13.2150   4.132223    35.1212     51.622     52.023    13.2163   4.134477    35.1414     0.2932 3.9329e-01     0.0282    99.2971      98.57    235.763     5.4187 5.6892e+02          1         22 0.0000e+00
   38.93124  -68.96146    12.9818   4.101529    35.0510     50.642     51.034    12.9652   4.102974    35.0806     0.2881 4.0828e-01     0.0297    99.2620      98.57    236.511     5.4358 5.7105e+02          1         20 0.0000e+00
   38.93124  -68.96146    12.7998   4.078031    34.9988     49.554     49.938    12.8688   4.088486    35.0332     0.3325 4.3682e-01     0.0326    99.1894      98.57    236.041     5.4250 9.7131e+02          1         32 0.0000e+00
   38.93124  -68.96147    12.8973   4.090808    35.0249     48.674     49.051    12.9708   4.099524    35.0387     0.3377 5.0685e-01     0.0334    99.1677      98.57    238.360     5.4783 1.3223e+03          1        134 0.0000e+00
   38.93124  -68.96148    13.0036   4.103731    35.0458     47.676     48.045    12.9607   4.102267    35.0742     0.2958 5.4404e-01     0.0324    99.1922      98.57    236.828     5.4430 5.7797e+02          1         19 0.0000e+00
   38.93124  -68.96148    12.6953   4.063261    34.9526     46.679     47.041    12.7022   4.067704    34.9899     0.3018 5.8004e-01     0.0340    99.1531      98.57    241.294     5.5456 5.7774e+02          1         14 0.0000e+00
   38.93122  -68.96148    12.6346   4.055495    34.9356     45.670     46.024    12.6410   4.057028    34.9453     0.3255 6.2109e-01     0.0357    99.1113      98.57    241.705     5.5551 5.7590e+02          1         17 0.0000e+00
   38.93122  -68.96148    12.7275   4.068234    34.9671     44.717     45.063    12.7140   4.066314    34.9620     0.3323 6.4714e-01     0.0370    99.0784      98.57    240.416     5.5255 5.8418e+02          1        114 0.0000e+00
   38.93122  -68.96150    12.7077   4.065194    34.9563     43.704     44.042    12.6687   4.061402    34.9574     0.3513 7.5438e-01     0.0369    99.0815      98.57    239.941     5.5145 5.9324e+02          1         21 0.0000e+00
   38.93122  -68.96150    12.5126   4.039821    34.8981     42.617     42.947    12.5632   4.047986    34.9288     0.3498 8.5438e-01     0.0384    99.0447      98.57    240.702     5.5320 5.9997e+02          1         29 0.0000e+00
   38.93122  -68.96151    12.5514   4.045011    34.9096     41.901     42.225    12.4986   4.038587    34.8982     0.3642 8.3530e-01     0.0385    99.0420      98.57    241.742     5.5559 5.7840e+02          1         47 0.0000e+00
   38.93122  -68.96152    12.3553   4.018840    34.8438     40.704     41.019    12.3297   4.018246    34.8621     0.3604 8.6370e-01     0.0406    98.9919      98.57    242.711     5.5781 5.7873e+02          1         18 0.0000e+00
   38.93122  -68.96152    12.1723   3.995597    34.7927     39.676     39.983    12.1454   3.993599    34.7986     0.3878 9.7176e-01     0.0418    98.9590      98.57    241.734     5.5556 1.4518e+03          1         24 0.0000e+00
   38.93122  -68.96153    12.3440   4.017927    34.8415     38.577     38.875    12.2588   4.006884    34.8151     0.3876 1.1322e+00     0.0471    98.8305      84.26    244.675     5.6232 1.1387e+03          1        119 0.0000e+00
   38.93122  -68.96154    12.2550   4.006340    34.8137     37.773     38.065    12.1065   3.989920    34.7948     0.4079 1.1490e+00     0.0456    98.8666      98.57    244.351     5.6158 5.7928e+02          1         29 0.0000e+00
   38.93121  -68.96154    12.0061   3.973611    34.7332     36.721     37.004    11.9713   3.972514    34.7541     0.4112 1.2722e+00     0.0475    98.8190      98.57    244.545     5.6202 5.7619e+02          1         23 0.0000e+00
   38.93120  -68.96154    11.8544   3.954443    34.6901     35.686     35.961    11.8718   3.957179    34.6985     0.4295 1.4203e+00     0.0521    98.7069      98.57    244.195     5.6121 5.7272e+02          1         28 0.0000e+00
   38.93120  -68.96154    11.9120   3.961638    34.7016     34.654     34.921    11.9093   3.961240    34.6992     0.5079 1.5414e+00     0.0642    98.4076      98.57    248.397     5.7087 5.8659e+02          1         98 0.0000e+00
   38.93122  -68.96156    11.8958   3.961244    34.7110     33.797     34.057    11.8531   3.955085    34.6909     0.5088 1.7538e+00     0.0686    98.2987      98.57    250.062     5.7470 5.9427e+02          1         41 0.0000e+00
   38.93122  -68.96156    11.8175   3.948756    34.6631     32.752     33.004    11.8077   3.947507    34.6594     0.6016 1.9801e+00     0.0714    98.2316      98.57    248.577     5.7127 8.1575e+02          1         30 0.0000e+00
   38.93122  -68.96156    11.8013   3.946234    34.6532     31.725     31.970    11.8019   3.946479    34.6543     0.6317 2.1866e+00     0.0796    98.0294      83.07    249.093     5.7246 9.0090e+02          1         32 0.0000e+00
   38.93120  -68.96158    11.7383   3.937591    34.6279     30.738     30.975    11.7182   3.935916    34.6301     0.6844 2.3213e+00     0.1046    97.4195      57.46    250.948     5.7671 5.7635e+02          1         53 0.0000e+00
   38.93120  -68.96158    11.6952   3.931424    34.6066     29.665     29.893    11.6826   3.930175    34.6059     0.9849 2.6063e+00     0.1223    96.9890      85.74    251.856     5.7880 1.4711e+03          1        103 0.0000e+00
   38.93120  -68.96158    11.6524   3.924949    34.5828     28.865     29.087    11.6545   3.925530    34.5861     1.0682 3.3878e+00     0.1190    97.0686      98.57    253.870     5.8342 2.2433e+03          1         24 0.0000e+00
   38.93120  -68.96158    11.5695   3.913560    34.5504     27.786     28.000    11.5875   3.917650    34.5729     1.1143 3.9894e+00     0.1284    96.8405      98.58    253.233     5.8195 1.5210e+03          1         16 0.0000e+00
   38.93120  -68.96158    11.5045   3.904742    34.5258     26.728     26.933    11.5001   3.905466    34.5368     1.2082 4.5037e+00     0.1567    96.1572      98.57    252.661     5.8063 5.7576e+02          1         18 0.0000e+00
   38.93120  -68.96159    11.5362   3.909093    34.5365     25.932     26.131    11.4771   3.901151    34.5146     1.4158 4.1853e+00     0.1932    95.2866      98.57    257.220     5.9111 5.7711e+02          1         96 0.0000e+00
   38.93120  -68.96160    11.5622   3.912751    34.5469     24.779     24.969    11.5249   3.907833    34.5333     1.4041 4.6682e+00     0.1980    95.1713      98.57    257.526     5.9181 1.8783e+03          1         35 0.0000e+00
   38.93120  -68.96160    11.5236   3.907178    34.5286     23.820     24.003    11.4941   3.903112    34.5159     1.5586 6.7501e+00     0.2188    94.6776      98.57    256.524     5.8951 2.2102e+03          1         74 0.0000e+00
   38.93120  -68.96160    11.4797   3.899225    34.4921     22.841     23.016    11.4585   3.896940    34.4890     1.6375 7.4865e+00     0.2386    94.2095      98.57    260.377     5.9835 8.0214e+02          1         30 0.0000e+00
   38.93120  -68.96160    11.4043   3.881956    34.3938     21.820     21.988    11.4109   3.882407    34.3912     1.9156 7.7809e+00     0.2590    93.7307      98.57    260.085     5.9764 5.7566e+02          1         29 0.0000e+00
   38.93120  -68.96162    11.4169   3.869582    34.2587     20.654     20.812    11.3987   3.870154    34.2810     2.3647 8.9914e+00     0.2969    92.8459      81.85    270.224     6.2088 9.6217e+02          1        102 0.0000e+00
   38.93120  -68.96163    11.4386   3.870161    34.2430     19.906     20.059    11.4418   3.871449    34.2522     2.3617 9.7418e+00     0.2934    92.9259      98.57    275.679     6.3340 2.1966e+03          1         30 0.0000e+00
   38.93120  -68.96164    11.6602   3.885059    34.1791     18.856     19.001    11.6367   3.882868    34.1795     2.3771 1.1629e+01     0.2967    92.8511      98.57    274.373     6.3034 2.2519e+03          1         18 0.0000e+00
   38.93120  -68.96164    11.7573   3.891179    34.1480     17.837     17.974    11.7573   3.890716    34.1431     2.2889 1.4401e+01     0.3037    92.6873      98.57    274.977     6.3170 2.2498e+03          1         19 0.0000e+00
   38.93120  -68.96165    11.8012   3.893811    34.1352     16.837     16.967    11.7881   3.893099    34.1403     2.1219 1.6962e+01     0.3090    92.5652      98.57    275.672     6.3329 1.0633e+03          1        120 0.0000e+00
   38.93120  -68.96166    11.7522   3.890764    34.1541     15.914     16.036    11.7442   3.890138    34.1552     2.0749 1.4463e+01     0.3094    92.5568      98.57    275.004     6.3177 5.8453e+02          1         23 0.0000e+00
   38.93120  -68.96166    11.7852   3.892838    34.1440     14.870     14.984    11.7871   3.892626    34.1397     2.1052 1.8252e+01     0.3081    92.5864      98.58    273.868     6.2915 1.8079e+03          1         25 0.0000e+00
   38.93120  -68.96167    11.7967   3.893428    34.1398     13.848     13.954    11.8316   3.895729    34.1291     2.0554 2.2902e+01     0.3105    92.5313      98.58    274.479     6.3055 2.0333e+03          1         44 0.0000e+00
   38.93120  -68.96168    11.8343   3.895783    34.1284     12.907     13.005    11.8038   3.894029    34.1399     2.0853 2.9954e+01     0.3113    92.5126      98.58    275.302     6.3243 2.0909e+03          1         45 0.0000e+00
   38.93120  -68.96168    11.9090   3.900730    34.1086     12.088     12.181    11.8844   3.899313    34.1177     1.8474 2.9319e+01     0.3154    92.4193      98.58    275.329     6.3248 1.1811e+03          1         58 0.0000e+00
   38.93120  -68.96168    11.9487   3.903404    34.0993     10.903     10.987    11.9152   3.901003    34.1071     1.7712 3.3844e+01     0.3130    92.4740      98.58    274.272     6.3004 2.2297e+03          1         31 0.0000e+00
   38.93119  -68.96170    11.9986   3.906774    34.0872      9.974     10.050    11.9911   3.906195    34.0883     1.6846 4.1730e+01     0.3171    92.3776      98.58    275.234     6.3224 1.3412e+03          1        124 0.0000e+00
   38.93119  -68.96172    12.1190   3.913596    34.0421      9.031      9.100    12.1087   3.912633    34.0424     1.4799 4.8213e+01     0.3218    92.2709      98.57    275.252     6.3224 2.0853e+03          1         66 0.0000e+00
   38.93118  -68.96178    12.2812   3.924534    34.0017      8.178      8.241    12.3320   3.928623    33.9941     1.1090 5.5529e+01     0.3241    92.2167      96.62    274.623     6.3076 2.0264e+03          1        273 0.0000e+00
   38.93117  -68.96182    12.6655   3.958981    33.9842      7.080      7.134    12.7675   3.968282    33.9809     0.7070 6.4015e+01     0.3101    92.5412      98.58    270.221     6.2060 1.1220e+03          1         41 0.0000e+00
   38.93117  -68.96183    12.7698   3.968554    33.9821      6.196      6.243    12.8036   3.971744    33.9833     0.6306 7.2632e+01     0.3077    92.5952      98.58    269.479     6.1888 1.3732e+03          1         60 0.0000e+00
   38.93116  -68.96185    12.7883   3.970324    33.9846      4.908      4.945    12.8051   3.971770    33.9841     0.5894 8.9704e+01     0.3074    92.6014      85.46    269.674     6.1932 1.0988e+03          1        157 0.0000e+00
   38.93116  -68.96186    12.7678   3.968303    33.9860      3.775      3.803    12.7942   3.970816    33.9865     0.5740 1.0738e+02     0.3080    92.5897      95.55    269.216     6.1828 1.7143e+03          1         72 0.0000e+00
   38.93116  -68.96189    12.8253   3.973416    33.9825      3.193      3.218    12.8403   3.974712    33.9817     0.5464 1.1917e+02     0.3102    92.5395      84.31    269.336     6.1854 7.2438e+02          1        208 0.0000e+00
