Data/ruptures/KN207-01/QL-1/20701036.cnv
* Sea-Bird SBE 9 Data File:
* FileName = C:\Data\ctd\20701036.hex
* Software Version Seasave V 7.21e
* Temperature SN = 4406
* Conductivity SN = 1474
* Number of Bytes Per Scan = 40
* Number of Voltage Words = 5
* Number of Scans Averaged by the Deck Unit = 1
* NMEA Latitude = 38 49.44 N
* NMEA Longitude = 069 07.20 W
* NMEA UTC (Time) = Apr 26 2012 10:01:48
** R/V Knorr Cruise # KN207-01 QL1
** Chief Scientist: Ben Van Mooy
# nquan = 21
# nvalues = 398                         
# units = specified
# name 0 = latitude: Latitude [deg]
# name 1 = longitude: Longitude [deg]
# name 2 = t090C: Temperature [ITS-90, deg C]
# name 3 = c0S/m: Conductivity [S/m]
# name 4 = sal00: Salinity, Practical [PSU]
# name 5 = depSM: Depth [salt water, m]
# name 6 = prDM: Pressure, Digiquartz [db]
# name 7 = t190C: Temperature, 2 [ITS-90, deg C]
# name 8 = c1S/m: Conductivity, 2 [S/m]
# name 9 = sal11: Salinity, Practical, 2 [PSU]
# name 10 = flECO-AFL: Fluorescence, WET Labs ECO-AFL/FL [mg/m^3]
# name 11 = par: PAR/Irradiance, Biospherical/Licor
# name 12 = bat: Beam Attenuation, Chelsea/Seatech [1/m]
# name 13 = xmiss: Beam Transmission, Chelsea/Seatech [%]
# name 14 = altM: Altimeter [m]
# name 15 = sbeox0Mm/Kg: Oxygen, SBE 43 [umol/kg]
# name 16 = sbeox0ML/L: Oxygen, SBE 43 [ml/l]
# name 17 = spar: SPAR/Surface Irradiance
# name 18 = pumps: Pump Status
# name 19 = nbin: number of scans per bin
# name 20 = flag: flag
# span 0 =   38.82339,   38.82401       
# span 1 =  -69.12312,  -69.12007       
# span 2 =    11.2381,    14.6889       
# span 3 =   3.401859,   4.352345       
# span 4 =    28.8272,    35.8318       
# span 5 =      2.171,    199.196       
# span 6 =      2.187,    200.810       
# span 7 =    11.2381,    14.6887       
# span 8 =   3.715300,   4.352445       
# span 9 =    31.7945,    35.8342       
# span 10 =    -0.0065,     2.6452      
# span 11 = 1.0000e-12, 6.4590e+00      
# span 12 =    -0.0141,     0.3188      
# span 13 =    92.3398,   100.3520      
# span 14 =      49.61,      98.68      
# span 15 =    136.344,    464.436      
# span 16 =     3.1351,    10.6650      
# span 17 = 1.3357e+02, 7.8103e+02      
# span 18 =          1,          1      
# span 19 =         16,       3694      
# span 20 = 0.0000e+00, 0.0000e+00      
# interval = decibars: 1                
# start_time = Apr 26 2012 10:01:48 [NMEA time, header]
# bad_flag = -9.990e-29
*END*
[from data line 345]
   38.82366  -69.12184    12.9066   4.097885    35.0813     53.637     54.053    12.9361   4.101923    35.0925     0.1473 1.1467e-02     0.0102    99.7455      86.81    231.568     5.3224 2.5987e+02          1        131 0.0000e+00
   38.82364  -69.12187    12.8329   4.087824    35.0526     52.414     52.820    12.8815   4.094627    35.0725     0.1594 1.0995e-02     0.0120    99.7016      88.48    232.242     5.3379 2.7619e+02          1        168 0.0000e+00
   38.82364  -69.12193    12.8065   4.082978    35.0285     51.559     51.958    12.7941   4.081010    35.0213     0.2273 1.2889e-02     0.0136    99.6602      97.09    233.651     5.3702 2.7486e+02          1       1410 0.0000e+00
   38.82361  -69.12205    12.7331   4.071965    34.9909     50.853     51.246    12.7444   4.073637    34.9961     0.2480 1.2492e-02     0.0188    99.5312      90.79    235.379     5.4098 3.1727e+02          1         78 0.0000e+00
   38.82360  -69.12212    12.7060   4.067867    34.9774     49.608     49.992    12.7077   4.068352    34.9805     0.2762 1.0635e-02     0.0242    99.3960      82.94    236.104     5.4264 2.8180e+02          1         51 0.0000e+00
   38.82360  -69.12212    12.6617   4.062193    34.9655     48.674     49.050    12.6638   4.062599    34.9674     0.2932 1.0360e-02     0.0242    99.3966      98.63    236.166     5.4279 2.8154e+02          1         42 0.0000e+00
   38.82360  -69.12212    12.5454   4.046446    34.9251     47.637     48.005    12.5631   4.051486    34.9568     0.2812 1.7492e-02     0.0261    99.3507      98.63    237.257     5.4529 2.9747e+02          1         31 0.0000e+00
   38.82360  -69.12212    12.3795   4.024603    34.8724     46.647     47.007    12.3845   4.026799    34.8890     0.2963 2.0847e-02     0.0313    99.2207      98.64    237.419     5.4566 3.5853e+02          1         26 0.0000e+00
   38.82360  -69.12212    12.3260   4.017484    34.8541     45.660     46.013    12.3517   4.021856    34.8719     0.3149 2.2620e-02     0.0330    99.1787      98.64    237.569     5.4600 4.0486e+02          1         24 0.0000e+00
   38.82360  -69.12212    12.2041   4.001896    34.8189     44.646     44.991    12.2097   4.005730    34.8510     0.3075 7.6001e-03     0.0354    99.1187      98.63    240.911     5.5368 3.5886e+02          1         24 0.0000e+00
   38.82360  -69.12213    12.0306   3.980335    34.7743     43.640     43.977    12.0571   3.985522    34.7997     0.3462 1.0778e-02     0.0384    99.0448      98.64    243.310     5.5919 2.8576e+02          1         28 0.0000e+00
   38.82360  -69.12214    11.9210   3.966343    34.7411     42.645     42.974    11.9660   3.973523    34.7684     0.3640 2.6591e-02     0.0446    98.8905      98.64    244.162     5.6115 2.7978e+02          1         33 0.0000e+00
   38.82360  -69.12214    11.8035   3.951113    34.7030     41.703     42.024    11.8353   3.955654    34.7173     0.4002 3.0448e-02     0.0506    98.7430      98.64    246.326     5.6612 2.8156e+02          1         27 0.0000e+00
   38.82360  -69.12214    11.7268   3.940625    34.6721     40.731     41.046    11.7614   3.947351    34.7054     0.3994 3.2983e-02     0.0550    98.6345      98.63    247.778     5.6945 3.1693e+02          1         25 0.0000e+00
   38.82360  -69.12214    11.6173   3.925598    34.6283     39.709     40.016    11.6298   3.928540    34.6458     0.4201 3.6167e-02     0.0636    98.4229      98.63    249.386     5.7314 3.9259e+02          1         21 0.0000e+00
   38.82360  -69.12214    11.6149   3.924733    34.6207     38.703     39.001    11.6236   3.926479    34.6300     0.4978 2.7284e-02     0.0684    98.3042      98.64    249.843     5.7418 3.7794e+02          1         21 0.0000e+00
   38.82360  -69.12214    11.5993   3.922614    34.6137     37.688     37.978    11.6075   3.924303    34.6229     0.5896 3.7186e-02     0.0728    98.1965      98.64    250.304     5.7524 3.1590e+02          1         21 0.0000e+00
   38.82360  -69.12214    11.5768   3.919713    34.6056     36.699     36.982    11.5780   3.920523    34.6129     0.6546 2.0398e-02     0.0785    98.0567      98.63    251.686     5.7842 2.8678e+02          1         23 0.0000e+00
   38.82360  -69.12214    11.5625   3.917777    34.5992     35.723     35.998    11.5629   3.918287    34.6042     0.7071 5.0386e-02     0.0862    97.8682      98.64    252.692     5.8073 2.8578e+02          1         26 0.0000e+00
   38.82360  -69.12214    11.5446   3.915554    34.5933     34.748     35.016    11.5476   3.916336    34.5985     0.7872 5.6698e-02     0.0925    97.7140      98.64    253.151     5.8178 2.9028e+02          1         30 0.0000e+00
   38.82360  -69.12214    11.5354   3.914593    34.5917     33.766     34.026    11.5262   3.914433    34.5992     0.8418 2.8611e-02     0.0940    97.6768      98.64    253.079     5.8162 2.8695e+02          1         28 0.0000e+00
   38.82360  -69.12214    11.4731   3.906716    34.5730     32.710     32.962    11.5042   3.911330    34.5888     0.8817 6.8050e-02     0.1027    97.4658      98.64    253.559     5.8272 2.8498e+02          1         33 0.0000e+00
   38.82360  -69.12214    11.4147   3.899477    34.5564     31.708     31.952    11.4159   3.900085    34.5615     0.9221 6.4033e-02     0.1313    96.7710      96.59    254.531     5.8495 2.9365e+02          1         42 0.0000e+00
   38.82360  -69.12216    11.3562   3.891644    34.5330     30.653     30.888    11.3642   3.892522    34.5341     1.3133 8.7318e-02     0.1662    95.9306      97.78    257.134     5.9093 3.3642e+02          1         76 0.0000e+00
   38.82358  -69.12219    11.2857   3.881347    34.4919     29.896     30.126    11.2588   3.877974    34.4837     2.1254 9.4074e-02     0.2381    94.2217      94.27    261.816     6.0168 3.1818e+02          1        913 0.0000e+00
   38.82352  -69.12240    11.2510   3.873051    34.4409     28.788     29.009    11.2491   3.873167    34.4439     2.5923 1.2952e-01     0.2682    93.5151      97.03    267.112     6.1383 3.8154e+02          1         90 0.0000e+00
   38.82352  -69.12240    11.2604   3.870994    34.4120     27.849     28.063    11.2584   3.871996    34.4238     2.5181 1.4679e-01     0.2697    93.4809      71.05    268.164     6.1623 3.1688e+02          1         54 0.0000e+00
   38.82352  -69.12240    11.2632   3.868298    34.3831     26.809     27.015    11.2617   3.870075    34.4022     2.5856 1.2882e-01     0.2694    93.4882      71.41    269.939     6.2030 4.5992e+02          1         38 0.0000e+00
   38.82352  -69.12240    11.2647   3.865509    34.3546     25.781     25.979    11.2639   3.866442    34.3645     2.5464 1.9550e-01     0.2744    93.3712      98.66    271.470     6.2380 5.0201e+02          1         38 0.0000e+00
   38.82352  -69.12242    11.2620   3.859923    34.3023     24.794     24.984    11.2612   3.861456    34.3182     2.6452 1.8866e-01     0.2890    93.0304      98.65    273.960     6.2950 3.2192e+02          1         91 0.0000e+00
   38.82352  -69.12242    11.2777   3.853059    34.2198     23.807     23.989    11.2734   3.855084    34.2440     2.4213 2.2105e-01     0.2879    93.0558      98.65    275.878     6.3386 4.3447e+02          1         48 0.0000e+00
   38.82351  -69.12242    11.3384   3.850582    34.1383     22.967     23.143    11.3158   3.852306    34.1768     2.4265 2.4511e-01     0.2970    92.8434      98.65    276.555     6.3537 3.8222e+02          1        138 0.0000e+00
   38.82350  -69.12250    11.4783   3.854679    34.0507     22.071     22.240    11.4797   3.854884    34.0513     2.2734 3.1931e-01     0.3020    92.7280      97.35    278.918     6.4074 4.5278e+02          1       1529 0.0000e+00
   38.82348  -69.12258    11.6637   3.864910    33.9794     20.798     20.957    11.6617   3.864872    33.9810     2.0885 4.0638e-01     0.3058    92.6383      98.66    279.695     6.4247 4.0831e+02          1        130 0.0000e+00
   38.82348  -69.12260    11.8435   3.876877    33.9298     19.920     20.073    11.8198   3.875535    33.9390     1.9248 3.9355e-01     0.3118    92.5003      89.27    279.684     6.4240 5.2254e+02          1         71 0.0000e+00
   38.82348  -69.12260    11.9188   3.883313    33.9247     18.778     18.922    11.8761   3.879943    33.9313     2.0331 4.7228e-01     0.3106    92.5289      98.66    278.423     6.3949 4.7939e+02          1         92 0.0000e+00
   38.82348  -69.12261    12.0070   3.890913    33.9196     18.015     18.153    12.0104   3.891225    33.9191     1.6516 5.6872e-01     0.3105    92.5320      98.67    277.904     6.3829 4.4776e+02          1         56 0.0000e+00
   38.82348  -69.12262    12.0122   3.891241    33.9203     16.712     16.840    12.0215   3.891924    33.9180     1.6730 6.3147e-01     0.3069    92.6152      98.66    277.885     6.3824 4.7852e+02          1        115 0.0000e+00
   38.82348  -69.12262    12.0898   3.897588    33.9111     15.883     16.005    12.0890   3.897543    33.9114     1.5821 7.3951e-01     0.3060    92.6337      98.66    277.623     6.3763 4.4366e+02          1         85 0.0000e+00
   38.82348  -69.12264    12.1152   3.899198    33.9049     14.779     14.892    12.0996   3.898143    33.9091     1.6505 7.6896e-01     0.3066    92.6205      98.66    277.080     6.3638 5.2322e+02          1        104 0.0000e+00
   38.82348  -69.12264    12.1324   3.900216    33.9002     14.029     14.137    12.1340   3.900240    33.8987     1.4632 9.3609e-01     0.3074    92.6028      98.66    277.018     6.3623 4.9552e+02          1         78 0.0000e+00
   38.82348  -69.12265    12.1380   3.899914    33.8933     12.817     12.915    12.1384   3.899966    33.8933     1.5232 1.0193e+00     0.3075    92.6011      98.66    276.967     6.3611 4.7194e+02          1        163 0.0000e+00
   38.82346  -69.12273    12.1623   3.900959    33.8824     12.220     12.313    12.1625   3.901017    33.8828     1.3461 1.2194e+00     0.3055    92.6464      98.67    276.932     6.3602 5.4389e+02          1       1431 0.0000e+00
   38.82344  -69.12281    12.1816   3.901809    33.8733     11.154     11.239    12.1830   3.901851    33.8723     1.3554 1.3960e+00     0.3018    92.7339      98.66    276.712     6.3551 4.7323e+02          1        133 0.0000e+00
   38.82344  -69.12283    12.2305   3.906559    33.8748      9.708      9.781    12.2334   3.906886    33.8753     1.2955 1.8549e+00     0.2964    92.8588      98.67    276.263     6.3447 6.9631e+02          1        102 0.0000e+00
   38.82344  -69.12284    12.2841   3.911020    33.8691      9.012      9.081    12.2848   3.911069    33.8690     1.1506 1.8226e+00     0.2949    92.8930      98.67    276.166     6.3424 4.3949e+02          1         92 0.0000e+00
   38.82344  -69.12284    12.2912   3.910930    33.8630      7.867      7.927    12.2899   3.910834    33.8633     1.1905 2.4494e+00     0.2914    92.9743      98.67    275.172     6.3195 6.8692e+02          1         92 0.0000e+00
   38.82343  -69.12288    12.2238   3.894684    33.7686      7.190      7.245    12.2252   3.895068    33.7710     1.0760 2.5570e+00     0.2919    92.9622      96.57    274.452     6.3026 5.9863e+02          1        747 0.0000e+00
   38.82342  -69.12292    12.2342   3.893542    33.7480      5.914      5.959    12.2319   3.893233    33.7471     1.0891 3.2658e+00     0.2920    92.9603      98.67    274.157     6.2957 6.3465e+02          1        161 0.0000e+00
   38.82341  -69.12301    12.3505   3.903746    33.7411      5.203      5.243    12.3507   3.903825    33.7416     1.1039 3.6829e+00     0.2892    93.0259      97.82    273.606     6.2829 6.9637e+02          1       1122 0.0000e+00
   38.82340  -69.12310    12.4699   3.914735    33.7389      3.921      3.950    12.4964   3.917074    33.7374     1.1370 4.6333e+00     0.2832    93.1660      98.68    271.471     6.2338 7.3611e+02          1        117 0.0000e+00
   38.82340  -69.12310    12.5234   3.919593    33.7386      2.976      2.999    12.5299   3.920223    33.7390     1.1084 5.7697e+00     0.2812    93.2107      98.68    270.695     6.2158 6.7639e+02          1         44 0.0000e+00
   38.82339  -69.12312    12.5293   3.920084    33.7391      2.171      2.187    12.5295   3.920142    33.7397     1.1195 6.4590e+00     0.2804    93.2309      98.68    269.830     6.1960 7.8103e+02          1        148 0.0000e+00
