Data/ruptures/KN207-01/QL-1/20701040.cnv
* Sea-Bird SBE 9 Data File:
* FileName = C:\Data\ctd\20701040.hex
* Software Version Seasave V 7.21e
* Temperature SN = 4406
* Conductivity SN = 1474
* Number of Bytes Per Scan = 40
* Number of Voltage Words = 5
* Number of Scans Averaged by the Deck Unit = 1
* NMEA Latitude = 38 47.82 N
* NMEA Longitude = 069 08.79 W
* NMEA UTC (Time) = Apr 26 2012 18:04:25
** R/V Knorr Cruise # KN207-01 QL1
** Chief Scientist: Ben Van Mooy
# nquan = 21
# nvalues = 399                         
# units = specified
# name 0 = latitude: Latitude [deg]
# name 1 = longitude: Longitude [deg]
# name 2 = t090C: Temperature [ITS-90, deg C]
# name 3 = c0S/m: Conductivity [S/m]
# name 4 = sal00: Salinity, Practical [PSU]
# name 5 = depSM: Depth [salt water, m]
# name 6 = prDM: Pressure, Digiquartz [db]
# name 7 = t190C: Temperature, 2 [ITS-90, deg C]
# name 8 = c1S/m: Conductivity, 2 [S/m]
# name 9 = sal11: Salinity, Practical, 2 [PSU]
# name 10 = flECO-AFL: Fluorescence, WET Labs ECO-AFL/FL [mg/m^3]
# name 11 = par: PAR/Irradiance, Biospherical/Licor
# name 12 = bat: Beam Attenuation, Chelsea/Seatech [1/m]
# name 13 = xmiss: Beam Transmission, Chelsea/Seatech [%]
# name 14 = altM: Altimeter [m]
# name 15 = sbeox0Mm/Kg: Oxygen, SBE 43 [umol/kg]
# name 16 = sbeox0ML/L: Oxygen, SBE 43 [ml/l]
# name 17 = spar: SPAR/Surface Irradiance
# name 18 = pumps: Pump Status
# name 19 = nbin: number of scans per bin
# name 20 = flag: flag
# span 0 =   38.79700,   38.79774       
# span 1 =  -69.14660,  -69.14466       
# span 2 =    11.1502,    14.6949       
# span 3 =   3.834535,   4.352123       
# span 4 =    33.7194,    35.8273       
# span 5 =      3.104,    199.910       
# span 6 =      3.128,    201.530       
# span 7 =    11.1224,    14.6952       
# span 8 =   3.833079,   4.352544       
# span 9 =    33.7205,    35.8299       
# span 10 =     0.0027,     3.4420      
# span 11 = 1.0000e-12, 5.0613e+01      
# span 12 =    -0.0135,     0.3666      
# span 13 =    91.2423,   100.3382      
# span 14 =       1.18,      98.74      
# span 15 =    141.709,    426.827      
# span 16 =     3.2583,     9.8011      
# span 17 = 1.1337e+03, 1.3508e+03      
# span 18 =          1,          1      
# span 19 =          9,       1357      
# span 20 = 0.0000e+00, 0.0000e+00      
# interval = decibars: 1                
# start_time = Apr 26 2012 18:04:25 [NMEA time, header]
# bad_flag = -9.990e-29
*END*
   38.79700  -69.14660    12.9344   3.964029    33.7970      3.440      3.466    12.8732   3.952683    33.7433     0.7076 5.0613e+01     0.3214    92.2784       3.69    341.593     7.8436 1.3339e+03          1          9 0.0000e+00
   38.79701  -69.14660    12.8782   3.959670    33.8060      3.907      3.937    12.8626   3.951620    33.7425     0.6932 3.9081e+01     0.3197    92.3201       3.43    335.768     7.7100 1.3352e+03          1        284 0.0000e+00
   38.79704  -69.14657    12.8676   3.952408    33.7453      4.889      4.927    12.8690   3.950616    33.7267     0.7161 1.5131e+01     0.3185    92.3473       3.50    344.123     7.9015 1.3362e+03          1         37 0.0000e+00
   38.79704  -69.14656    12.8694   3.951646    33.7357      6.086      6.133    12.8766   3.950749    33.7205     0.7256 2.9220e+01     0.3221    92.2629       3.15    376.938     8.6549 1.3385e+03          1         68 0.0000e+00
   38.79704  -69.14656    12.8423   3.951715    33.7609      6.844      6.896    12.8536   3.950882    33.7426     0.7465 2.9282e+01     0.3208    92.2936       3.75    408.539     9.3807 1.3409e+03          1         46 0.0000e+00
   38.79704  -69.14656    12.7834   3.949849    33.7967      7.930      7.990    12.7899   3.949091    33.7834     0.8075 2.5112e+01     0.3219    92.2682       3.64    420.636     9.6588 1.3401e+03          1         34 0.0000e+00
   38.79706  -69.14656    12.7268   3.945288    33.8041      9.059      9.128    12.7032   3.948006    33.8519     0.8331 2.0905e+01     0.3231    92.2400      25.12    426.827     9.8011 1.3416e+03          1         60 0.0000e+00
   38.79706  -69.14656    12.7414   3.944417    33.7812      9.785      9.860    12.7312   3.947179    33.8168     0.8340 1.9445e+01     0.3216    92.2749      95.13    287.952     6.6121 1.3429e+03          1         56 0.0000e+00
   38.79706  -69.14654    12.7728   3.944167    33.7491     10.903     10.986    12.7757   3.944440    33.7488     0.8353 1.7232e+01     0.3218    92.2703       1.18    255.431     5.8651 1.3430e+03          1         28 0.0000e+00
   38.79706  -69.14654    12.7858   3.945615    33.7504     12.011     12.103    12.7907   3.945999    33.7495     0.8480 1.3937e+01     0.3220    92.2655      58.86    255.456     5.8657 1.3471e+03          1         40 0.0000e+00
   38.79707  -69.14654    12.7656   3.946017    33.7724     12.771     12.869    12.7700   3.946746    33.7752     0.8283 1.1018e+01     0.3205    92.3010      98.55    246.704     5.6649 1.3452e+03          1         82 0.0000e+00
   38.79708  -69.14654    12.6348   3.945164    33.8845     13.906     14.013    12.5771   3.945217    33.9388     0.8756 1.0853e+01     0.3194    92.3267      98.55    231.426     5.3146 1.3436e+03          1         29 0.0000e+00
   38.79708  -69.14654    12.4919   3.942882    33.9940     14.913     15.027    12.4104   3.937466    34.0176     1.0606 7.6612e+00     0.3279    92.1291      98.55    230.468     5.2932 1.3508e+03          1         31 0.0000e+00
   38.79708  -69.14653    12.4101   3.940853    34.0482     16.002     16.125    12.4193   3.939077    34.0220     1.1302 6.4618e+00     0.3287    92.1122      98.55    242.782     5.5763 1.3499e+03          1         77 0.0000e+00
   38.79708  -69.14652    12.3503   3.934327    34.0386     16.821     16.950    12.3526   3.934766    34.0404     1.1374 4.6423e+00     0.3294    92.0943      96.90    232.346     5.3367 1.3430e+03          1         44 0.0000e+00
   38.79708  -69.14652    12.2801   3.930630    34.0667     17.876     18.013    12.2447   3.926658    34.0612     1.2931 2.6336e+00     0.3248    92.2004      98.57    225.548     5.1807 1.3483e+03          1         39 0.0000e+00
   38.79708  -69.14652    12.2094   3.929980    34.1249     18.841     18.985    12.2047   3.933769    34.1656     1.4853 2.4526e+00     0.3241    92.2156      70.15    223.687     5.1383 1.3493e+03          1         39 0.0000e+00
   38.79708  -69.14652    12.1207   3.927145    34.1789     19.889     20.041    12.1365   3.935051    34.2404     1.7495 2.9581e+00     0.3265    92.1632      63.12    226.759     5.2091 1.3451e+03          1         34 0.0000e+00
   38.79708  -69.14651    11.8207   3.933391    34.5209     20.738     20.897    11.8662   3.937454    34.5168     2.2592 4.8867e+00     0.3294    92.0944      98.55    220.924     5.0766 1.3419e+03          1         89 0.0000e+00
   38.79708  -69.14650    11.5936   3.926030    34.6611     21.840     22.007    11.6528   3.925834    34.6030     2.3596 4.2112e+00     0.3443    91.7543      98.56    207.021     4.7579 1.3384e+03          1         31 0.0000e+00
   38.79708  -69.14650    11.4819   3.917339    34.6802     22.853     23.029    11.5798   3.926064    34.6726     2.6560 3.6198e+00     0.3578    91.4425      98.55    207.054     4.7588 1.3383e+03          1         31 0.0000e+00
   38.79710  -69.14650    11.5619   3.930179    34.7259     23.905     24.088    11.4099   3.923760    34.8103     2.8180 3.0614e+00     0.3617    91.3530      98.55    209.871     4.8236 1.3408e+03          1         59 0.0000e+00
   38.79710  -69.14650    11.4523   3.929091    34.8179     24.756     24.946    11.2332   3.900557    34.7466     3.2548 2.7170e+00     0.3609    91.3726      98.56    200.960     4.6193 1.3403e+03          1         59 0.0000e+00
   38.79710  -69.14650    11.2541   3.913625    34.8541     25.792     25.990    11.1224   3.879833    34.6438     3.4420 2.3562e+00     0.3631    91.3226      98.56    197.963     4.5507 1.3359e+03          1         37 0.0000e+00
   38.79710  -69.14650    11.1502   3.890141    34.7186     26.820     27.026    11.1509   3.870037    34.5157     3.2874 1.9735e+00     0.3666    91.2423      98.55    202.109     4.6456 1.3344e+03          1         36 0.0000e+00
   38.79711  -69.14649    11.1796   3.884067    34.6259     27.762     27.975    11.1773   3.871618    34.5027     3.2519 1.4648e+00     0.3482    91.6639      98.55    215.322     4.9489 1.3352e+03          1         78 0.0000e+00
   38.79712  -69.14648    11.2763   3.873956    34.4296     28.748     28.969    11.2807   3.868846    34.3736     2.9987 1.2527e+00     0.3306    92.0670      98.56    222.865     5.1214 1.3314e+03          1         38 0.0000e+00
   38.79712  -69.14648    11.3138   3.871505    34.3683     29.793     30.022    11.3120   3.865495    34.3096     2.5570 1.0853e+00     0.3017    92.7347      98.56    222.755     5.1186 1.3296e+03          1         36 0.0000e+00
   38.79712  -69.14648    11.3051   3.877260    34.4328     30.811     31.048    11.3063   3.870856    34.3675     2.4011 6.9980e-01     0.2687    93.5052      91.83    224.060     5.1489 1.3305e+03          1         44 0.0000e+00
   38.79712  -69.14648    11.3271   3.883063    34.4683     31.710     31.954    11.3279   3.878779    34.4246     2.3494 7.5551e-01     0.2459    94.0372      98.56    224.754     5.1649 1.3333e+03          1         71 0.0000e+00
   38.79712  -69.14648    11.4306   3.884559    34.3835     32.689     32.941    11.4271   3.882027    34.3614     1.8905 8.0951e-01     0.2160    94.7439      64.82    221.499     5.0897 1.3282e+03          1         45 0.0000e+00
   38.79712  -69.14648    11.7726   3.887608    34.0889     33.711     33.970    11.8148   3.883731    34.0109     1.3910 5.6736e-01     0.1727    95.7744      54.88    216.144     4.9652 1.3317e+03          1         36 0.0000e+00
   38.79712  -69.14648    12.0069   3.890844    33.9018     34.746     35.013    12.0253   3.887800    33.8550     1.0434 4.8186e-01     0.1396    96.5717      98.56    213.207     4.8969 1.3339e+03          1         34 0.0000e+00
   38.79713  -69.14647    12.0489   3.898900    33.9440     35.830     36.106    12.0501   3.896494    33.9196     0.7635 2.6181e-01     0.0979    97.5815      98.56    214.790     4.9333 1.3282e+03          1         66 0.0000e+00
   38.79714  -69.14646    12.0310   3.908167    34.0543     36.596     36.878    12.0258   3.907935    34.0569     0.6170 3.0391e-01     0.0746    98.1528      98.56    216.199     4.9661 1.3326e+03          1         66 0.0000e+00
   38.79714  -69.14646    12.0069   3.926230    34.2539     37.700     37.990    12.0028   3.925778    34.2534     0.6406 3.5333e-01     0.0629    98.4402      98.56    210.225     4.8297 1.3323e+03          1         29 0.0000e+00
   38.79714  -69.14646    11.9967   3.934174    34.3413     38.717     39.016    11.9972   3.934234    34.3414     0.5770 2.6177e-01     0.0582    98.5545      98.56    208.668     4.7942 1.3315e+03          1         29 0.0000e+00
   38.79714  -69.14646    11.9987   3.939708    34.3937     39.775     40.081    11.9993   3.939287    34.3890     0.5564 4.1349e-01     0.0559    98.6123      98.56    207.109     4.7586 1.3332e+03          1         57 0.0000e+00
   38.79714  -69.14644    12.0155   3.943733    34.4176     40.547     40.859    12.0154   3.942644    34.4070     0.4804 3.9102e-01     0.0512    98.7295      98.56    206.803     4.7516 1.3312e+03          1         72 0.0000e+00
   38.79714  -69.14644    12.0822   3.951374    34.4288     41.676     41.997    12.1142   3.951435    34.3991     0.4044 3.5655e-01     0.0434    98.9206      98.56    204.250     4.6930 1.3326e+03          1         29 0.0000e+00
   38.79714  -69.14644    12.1597   3.953084    34.3722     42.736     43.066    12.1783   3.953369    34.3575     0.3843 3.2621e-01     0.0382    99.0510      98.56    204.282     4.6934 1.3352e+03          1         33 0.0000e+00
   38.79716  -69.14644    12.3703   3.954030    34.1847     43.607     43.943    12.4127   3.956294    34.1669     0.3927 2.7694e-01     0.0357    99.1119      98.56    201.915     4.6382 1.3337e+03          1         67 0.0000e+00
   38.79716  -69.14644    12.7858   3.959080    33.8488     44.640     44.984    12.7854   3.961165    33.8695     0.3413 1.5875e-01     0.0338    99.1593      87.96    200.569     4.6057 1.3313e+03          1         35 0.0000e+00
   38.79716  -69.14643    12.9019   3.961118    33.7650     45.763     46.117    12.9403   3.963044    33.7484     0.3174 1.6144e-01     0.0283    99.2946      80.98    200.504     4.6039 1.3336e+03          1         57 0.0000e+00
   38.79716  -69.14642    12.9962   3.964951    33.7194     46.534     46.893    13.0029   3.968241    33.7449     0.2676 8.7531e-02     0.0258    99.3577      98.56    196.015     4.5005 1.3340e+03          1         57 0.0000e+00
   38.79716  -69.14641    13.0168   3.977313    33.8203     47.650     48.018    13.0561   3.979321    33.8036     0.2547 2.3101e-02     0.0203    99.4941      98.56    190.961     4.3848 1.3343e+03          1         31 0.0000e+00
   38.79716  -69.14640    13.1198   3.985128    33.8012     48.599     48.974    13.1656   3.985572    33.7640     0.2344 3.3501e-02     0.0188    99.5307      98.56    189.429     4.3495 1.3361e+03          1         31 0.0000e+00
   38.79716  -69.14640    13.2512   3.998248    33.8071     49.618     50.002    13.2817   4.014162    33.9301     0.2689 1.9761e-02     0.0197    99.5105      90.91    189.562     4.3524 1.3344e+03          1         50 0.0000e+00
   38.79717  -69.14640    13.2960   4.003262    33.8173     50.607     50.998    13.3148   4.085130    34.5736     0.2279 2.7982e-02     0.0200    99.5013      76.41    188.327     4.3241 1.3324e+03          1         91 0.0000e+00
   38.79718  -69.14640    13.4070   4.030101    33.9707     51.507     51.906    13.4378   4.132319    34.9064     0.2016 7.2253e-04     0.0178    99.5563      44.29    184.411     4.2346 1.3348e+03          1         30 0.0000e+00
   38.79718  -69.14640    13.4279   4.087151    34.4899     52.587     52.994    13.4336   4.150242    35.0805     0.1839 1.8679e-02     0.0163    99.5919      98.56    183.527     4.2159 1.3359e+03          1         21 0.0000e+00
   38.79718  -69.14640    13.3553   4.121776    34.8852     53.605     54.020    13.3575   4.150023    35.1510     0.1634 1.8580e-02     0.0136    99.6617      98.56    187.199     4.3016 1.3357e+03          1         23 0.0000e+00
   38.79718  -69.14640    13.3540   4.137258    35.0341     54.379     54.800    13.3514   4.147781    35.1367     0.1639 1.3552e-02     0.0119    99.7031      98.56    228.143     5.2431 1.3330e+03          1        105 0.0000e+00
   38.79718  -69.14638    13.3273   4.144593    35.1297     55.554     55.985    13.3263   4.150593    35.1877     0.1539 2.2137e-02     0.0115    99.7131      98.56    230.808     5.3047 1.3308e+03          1         32 0.0000e+00
   38.79718  -69.14638    13.2870   4.143018    35.1528     56.562     57.001    13.2884   4.146506    35.1848     0.1537 9.4773e-03     0.0093    99.7683      98.55    225.336     5.1791 1.3308e+03          1         34 0.0000e+00
   38.79718  -69.14638    13.2295   4.138436    35.1635     57.590     58.036    13.2123   4.137961    35.1756     0.1492 6.5960e-02     0.0093    99.7675      98.56    223.919     5.1466 1.3328e+03          1         51 0.0000e+00
   38.79720  -69.14638    13.1776   4.132490    35.1556     58.574     59.029    13.1776   4.132838    35.1588     0.1379 9.5325e-02     0.0086    99.7856      98.56    226.252     5.2002 1.3299e+03          1         62 0.0000e+00
   38.79720  -69.14638    13.2561   4.143171    35.1815     59.494     59.956    13.2573   4.143062    35.1793     0.1335 1.1316e-01     0.0113    99.7172      98.56    227.658     5.2326 1.3286e+03          1         50 0.0000e+00
   38.79720  -69.14636    13.2851   4.147524    35.1949     60.520     60.989    13.2890   4.148046    35.1962     0.1330 1.0762e-01     0.0051    99.8724      98.57    226.791     5.2127 1.3313e+03          1         30 0.0000e+00
   38.79720  -69.14636    13.2950   4.149103    35.2003     61.540     62.017    13.2949   4.149355    35.2028     0.1279 2.3496e-02     0.0044    99.8916      98.56    225.934     5.1930 1.3330e+03          1         36 0.0000e+00
   38.79720  -69.14636    13.3209   4.152570    35.2083     62.548     63.034    13.3188   4.152238    35.2072     0.1306 3.3655e-04     0.0054    99.8652      98.55    225.926     5.1928 1.3319e+03          1         61 0.0000e+00
   38.79720  -69.14636    13.3634   4.158081    35.2203     63.486     63.980    13.3674   4.158382    35.2194     0.1101 9.3049e-04     0.0052    99.8687      86.72    226.279     5.2009 1.3281e+03          1         57 0.0000e+00
   38.79720  -69.14636    13.5071   4.177221    35.2651     64.505     65.006    13.5070   4.176928    35.2625     0.1189 8.8854e-04     0.0041    99.8988      98.55    225.925     5.1928 1.3313e+03          1         49 0.0000e+00
   38.79722  -69.14634    13.5203   4.179750    35.2771     65.479     65.988    13.5216   4.180260    35.2807     0.1079 3.5369e-03     0.0027    99.9330      98.56    226.479     5.2056 1.3334e+03          1         36 0.0000e+00
   38.79722  -69.14634    13.5403   4.182710    35.2864     66.482     66.999    13.5405   4.182896    35.2880     0.1046 1.3932e-03     0.0038    99.9067      98.56    224.791     5.1668 1.3342e+03          1         30 0.0000e+00
   38.79722  -69.14634    13.5436   4.183444    35.2905     67.594     68.119    13.5423   4.183494    35.2922     0.1158 2.3230e-04     0.0041    99.8978      98.56    225.354     5.1798 1.3342e+03          1         54 0.0000e+00
   38.79722  -69.14634    13.5454   4.183791    35.2928     68.354     68.886    13.5456   4.183914    35.2938     0.1140 5.2882e-04     0.0041    99.8982      98.56    226.085     5.1966 1.3330e+03          1         79 0.0000e+00
   38.79722  -69.14634    13.5464   4.184015    35.2941     69.427     69.967    13.5481   4.184298    35.2951     0.1061 1.0000e-12     0.0050    99.8761      98.56    226.337     5.2024 1.3361e+03          1         35 0.0000e+00
