Data/ruptures/KN207-01/QL-1/20701030.cnv
* Sea-Bird SBE 9 Data File:
* FileName = C:\Data\ctd\20701030.hex
* Software Version Seasave V 7.21e
* Temperature SN = 4406
* Conductivity SN = 1474
* Number of Bytes Per Scan = 40
* Number of Voltage Words = 5
* Number of Scans Averaged by the Deck Unit = 1
* NMEA Latitude = 38 52.57 N
* NMEA Longitude = 069 02.32 W
* NMEA UTC (Time) = Apr 25 2012 14:04:35
** R/V Knorr Cruise # KN207-01 QL1
** Chief Scientist: Ben Van Mooy
# nquan = 21
# nvalues = 399                         
# units = specified
# name 0 = latitude: Latitude [deg]
# name 1 = longitude: Longitude [deg]
# name 2 = t090C: Temperature [ITS-90, deg C]
# name 3 = c0S/m: Conductivity [S/m]
# name 4 = sal00: Salinity, Practical [PSU]
# name 5 = depSM: Depth [salt water, m]
# name 6 = prDM: Pressure, Digiquartz [db]
# name 7 = t190C: Temperature, 2 [ITS-90, deg C]
# name 8 = c1S/m: Conductivity, 2 [S/m]
# name 9 = sal11: Salinity, Practical, 2 [PSU]
# name 10 = flECO-AFL: Fluorescence, WET Labs ECO-AFL/FL [mg/m^3]
# name 11 = par: PAR/Irradiance, Biospherical/Licor
# name 12 = bat: Beam Attenuation, Chelsea/Seatech [1/m]
# name 13 = xmiss: Beam Transmission, Chelsea/Seatech [%]
# name 14 = altM: Altimeter [m]
# name 15 = sbeox0Mm/Kg: Oxygen, SBE 43 [umol/kg]
# name 16 = sbeox0ML/L: Oxygen, SBE 43 [ml/l]
# name 17 = spar: SPAR/Surface Irradiance
# name 18 = pumps: Pump Status
# name 19 = nbin: number of scans per bin
# name 20 = flag: flag
# span 0 =   38.87532,   38.87633       
# span 1 =  -69.04015,  -69.03884       
# span 2 =    11.3447,    14.6974       
# span 3 =   3.631530,   4.353509       
# span 4 =    31.4667,    35.8329       
# span 5 =      2.932,    200.163       
# span 6 =      2.955,    201.787       
# span 7 =    11.3486,    14.6972       
# span 8 =   3.811320,   4.354341       
# span 9 =    33.2017,    35.8379       
# span 10 =     0.0042,     2.5787      
# span 11 = 1.0000e-12, 6.7533e+01      
# span 12 =    -0.0145,     0.3428      
# span 13 =    91.7868,   100.3637      
# span 14 =       1.00,      98.69      
# span 15 =    140.458,    455.535      
# span 16 =     3.2296,    10.4627      
# span 17 = 1.4582e+03, 2.7892e+03      
# span 18 =          1,          1      
# span 19 =         13,        382      
# span 20 = 0.0000e+00, 0.0000e+00      
# interval = decibars: 1                
# start_time = Apr 25 2012 14:04:35 [NMEA time, header]
# bad_flag = -9.990e-29
*END*
[from data line 138]
   38.87554  -69.03936    14.6798   4.352636    35.7907    139.875    140.988    14.6796   4.352494    35.7896     0.0426 1.0000e-12    -0.0115   100.2872      98.53    197.469     4.5395 2.4900e+03          1         18 0.0000e+00
   38.87554  -69.03936    14.6791   4.353509    35.7991    140.878    142.000    14.6791   4.354341    35.8067     0.0358 1.0000e-12    -0.0119   100.2967      98.52    195.024     4.4833 2.4729e+03          1         17 0.0000e+00
   38.87554  -69.03936    14.6036   4.345177    35.7934    141.882    143.013    14.6033   4.345670    35.7982     0.0224 1.0000e-12    -0.0120   100.3006      98.53    193.105     4.4392 2.4429e+03          1         21 0.0000e+00
   38.87554  -69.03936    14.5743   4.341799    35.7894    142.871    144.010    14.5746   4.342121    35.7920     0.0164 8.8139e-05    -0.0115   100.2883      98.53    189.062     4.3463 2.4073e+03          1         29 0.0000e+00
   38.87554  -69.03936    14.5364   4.337220    35.7822    143.818    144.964    14.5361   4.337610    35.7862     0.0298 2.5076e-04    -0.0119   100.2963      98.53    181.002     4.1610 2.3916e+03          1         29 0.0000e+00
   38.87554  -69.03936    14.5212   4.335433    35.7793    144.827    145.982    14.5212   4.335704    35.7819     0.0353 1.0000e-12    -0.0117   100.2920      98.52    176.281     4.0525 2.3822e+03          1         23 0.0000e+00
   38.87554  -69.03936    14.4919   4.332015    35.7748    145.798    146.961    14.4920   4.332412    35.7784     0.0295 1.0000e-12    -0.0111   100.2786      98.53    175.000     4.0231 2.3749e+03          1         24 0.0000e+00
   38.87554  -69.03936    14.4484   4.327042    35.7692    146.821    147.993    14.4486   4.327573    35.7739     0.0354 1.8682e-04    -0.0107   100.2693      98.53    174.362     4.0084 2.3662e+03          1         25 0.0000e+00
   38.87552  -69.03938    14.4314   4.325467    35.7699    147.823    149.003    14.4313   4.325743    35.7725     0.0299 5.7840e-06    -0.0103   100.2580      98.53    173.202     3.9818 2.3509e+03          1         20 0.0000e+00
   38.87552  -69.03938    14.4082   4.323408    35.7720    148.789    149.978    14.4083   4.323649    35.7742     0.0300 1.0000e-12    -0.0080   100.2001      98.53    171.688     3.9470 2.3357e+03          1         18 0.0000e+00
   38.87552  -69.03938    14.4140   4.324966    35.7802    149.789    150.985    14.4136   4.324793    35.7789     0.0052 1.0000e-12    -0.0104   100.2599      98.53    169.493     3.8965 2.3222e+03          1         22 0.0000e+00
   38.87552  -69.03938    14.4287   4.329291    35.8054    150.808    152.013    14.4286   4.329176    35.8044     0.0099 1.0000e-12    -0.0111   100.2794      98.53    167.756     3.8567 2.3181e+03          1         32 0.0000e+00
   38.87552  -69.03938    14.4257   4.329299    35.8074    151.745    152.957    14.4257   4.329450    35.8088     0.0309 1.7670e-06    -0.0113   100.2837      98.53    166.481     3.8274 2.3215e+03          1         35 0.0000e+00
   38.87552  -69.03938    14.4056   4.327387    35.8081    152.760    153.982    14.4057   4.327570    35.8096     0.0154 1.0000e-12    -0.0112   100.2807      98.53    164.893     3.7909 2.3239e+03          1         24 0.0000e+00
   38.87552  -69.03938    14.3932   4.327510    35.8204    153.768    154.998    14.3931   4.327666    35.8219     0.0112 1.0000e-12    -0.0121   100.3016      98.53    164.119     3.7731 2.3314e+03          1         19 0.0000e+00
   38.87552  -69.03938    14.3736   4.326468    35.8287    154.763    156.001    14.3745   4.326756    35.8305     0.0214 1.0000e-12    -0.0121   100.3029      98.53    163.990     3.7702 2.3439e+03          1         18 0.0000e+00
   38.87552  -69.03938    14.3666   4.326115    35.8314    155.767    157.014    14.3666   4.326208    35.8322     0.0578 1.0000e-12    -0.0122   100.3043      98.53    162.685     3.7402 2.3519e+03          1         17 0.0000e+00
   38.87552  -69.03938    14.3614   4.325626    35.8312    156.752    158.007    14.3614   4.325853    35.8332     0.0371 1.0000e-12    -0.0126   100.3134      98.53    159.934     3.6770 2.3554e+03          1         17 0.0000e+00
   38.87552  -69.03938    14.3494   4.324562    35.8320    157.779    159.043    14.3503   4.324876    35.8341     0.0222 1.0000e-12    -0.0119   100.2966      98.53    156.230     3.5918 2.3564e+03          1         20 0.0000e+00
   38.87552  -69.03938    14.3398   4.323699    35.8325    158.779    160.050    14.3417   4.324053    35.8339     0.0205 1.5932e-04    -0.0124   100.3084      98.53    153.193     3.5220 2.3627e+03          1         25 0.0000e+00
   38.87552  -69.03938    14.3343   4.323242    35.8325    159.724    161.003    14.3347   4.323394    35.8336     0.0246 2.8743e-05    -0.0122   100.3053      98.53    151.950     3.4934 2.3727e+03          1         54 0.0000e+00
   38.87552  -69.03938    14.3305   4.322915    35.8323    160.672    161.959    14.3296   4.322968    35.8336     0.0569 1.0000e-12    -0.0128   100.3208      98.52    151.718     3.4881 2.3671e+03          1         28 0.0000e+00
   38.87552  -69.03938    14.3258   4.322560    35.8328    161.707    163.003    14.3258   4.322688    35.8340     0.0402 1.0000e-12    -0.0121   100.3017      98.54    151.904     3.4924 2.3744e+03          1         20 0.0000e+00
   38.87552  -69.03938    14.3234   4.322397    35.8329    162.719    164.023    14.3226   4.322508    35.8348     0.0232 1.0000e-12    -0.0070   100.1758      98.53    152.200     3.4992 2.3935e+03          1         16 0.0000e+00
   38.87552  -69.03938    14.2592   4.314672    35.8218    163.686    164.999    14.2562   4.316087    35.8379     0.0296 4.3971e-04    -0.0127   100.3171      98.53    152.445     3.5049 2.4152e+03          1         16 0.0000e+00
   38.87552  -69.03938    14.1266   4.299359    35.8051    164.696    166.017    14.1276   4.301237    35.8217     0.0272 4.8794e-05    -0.0125   100.3119      98.52    152.399     3.5038 2.4371e+03          1         17 0.0000e+00
   38.87552  -69.03938    14.0366   4.289550    35.7985    165.692    167.022    14.0364   4.290541    35.8080     0.0251 3.5383e-04    -0.0116   100.2900      98.53    151.616     3.4859 2.4572e+03          1         18 0.0000e+00
   38.87552  -69.03938    13.9858   4.284094    35.7948    166.691    168.029    13.9863   4.284679    35.7998     0.0172 3.3294e-04    -0.0119   100.2985      98.53    150.428     3.4586 2.4773e+03          1         22 0.0000e+00
   38.87552  -69.03939    13.9480   4.279914    35.7903    167.717    169.063    13.9481   4.280442    35.7951     0.0228 1.0000e-12    -0.0127   100.3176      98.53    148.931     3.4242 2.4958e+03          1         27 0.0000e+00
   38.87552  -69.03942    13.9038   4.275110    35.7856    168.684    170.039    13.9042   4.275412    35.7880     0.0266 1.5752e-04    -0.0125   100.3123      98.53    147.701     3.3959 2.4993e+03          1         45 0.0000e+00
   38.87552  -69.03942    13.8875   4.273388    35.7831    169.590    170.953    13.8876   4.273622    35.7852     0.0394 1.0074e-03    -0.0125   100.3129      98.53    147.871     3.3998 2.4997e+03          1         30 0.0000e+00
   38.87552  -69.03942    13.8718   4.271621    35.7802    170.610    171.982    13.8719   4.271969    35.7834     0.0452 3.3000e-04    -0.0126   100.3138      98.53    148.110     3.4053 2.5041e+03          1         19 0.0000e+00
   38.87552  -69.03942    13.8550   4.269714    35.7774    171.608    172.988    13.8552   4.270085    35.7807     0.0440 2.1277e-04    -0.0123   100.3057      98.54    147.894     3.4004 2.5042e+03          1         19 0.0000e+00
   38.87552  -69.03940    13.8402   4.268104    35.7755    172.625    174.013    13.8402   4.268295    35.7772     0.0374 8.7967e-04    -0.0126   100.3138      98.53    148.118     3.4055 2.5001e+03          1         19 0.0000e+00
   38.87552  -69.03940    13.8212   4.265845    35.7714    173.584    174.981    13.8213   4.266601    35.7784     0.0418 9.2917e-04    -0.0129   100.3214      98.53    148.141     3.4061 2.4961e+03          1         18 0.0000e+00
   38.87552  -69.03940    13.7740   4.260641    35.7669    174.554    175.959    13.7742   4.261099    35.7709     0.0406 8.4254e-04    -0.0125   100.3129      98.54    148.031     3.4036 2.4936e+03          1         18 0.0000e+00
   38.87552  -69.03940    13.7328   4.255898    35.7606    175.605    177.019    13.7333   4.256756    35.7682     0.0272 1.0000e-12    -0.0123   100.3078      98.53    147.853     3.3995 2.4910e+03          1         22 0.0000e+00
   38.87552  -69.03940    13.6788   4.249942    35.7550    176.640    178.063    13.6792   4.250545    35.7603     0.0125 1.0000e-12    -0.0127   100.3180      98.53    147.551     3.3926 2.4904e+03          1         30 0.0000e+00
   38.87552  -69.03942    13.6349   4.245186    35.7506    177.505    178.935    13.6351   4.245465    35.7530     0.0242 1.0000e-12    -0.0124   100.3094      98.53    147.606     3.3938 2.5047e+03          1         40 0.0000e+00
   38.87552  -69.03942    13.6116   4.242575    35.7467    178.524    179.962    13.6114   4.242898    35.7499     0.0222 1.0000e-12    -0.0127   100.3171      98.53    147.383     3.3887 2.5209e+03          1         24 0.0000e+00
   38.87552  -69.03942    13.5937   4.240633    35.7445    179.509    180.956    13.5931   4.240859    35.7472     0.0147 1.0000e-12    -0.0136   100.3391      98.52    147.334     3.3876 2.5263e+03          1         17 0.0000e+00
   38.87552  -69.03942    13.5769   4.238717    35.7415    180.525    181.981    13.5768   4.239125    35.7455     0.0282 1.0000e-12    -0.0129   100.3232      98.53    147.040     3.3808 2.5355e+03          1         19 0.0000e+00
   38.87552  -69.03942    13.5479   4.235477    35.7377    181.556    183.021    13.5477   4.235858    35.7416     0.0320 1.0000e-12    -0.0129   100.3232      98.53    146.877     3.3771 2.5480e+03          1         19 0.0000e+00
   38.87552  -69.03941    13.5268   4.233114    35.7346    182.535    184.008    13.5271   4.233504    35.7380     0.0219 5.8586e-05    -0.0127   100.3182      98.53    146.825     3.3759 2.5601e+03          1         24 0.0000e+00
   38.87552  -69.03940    13.5016   4.230328    35.7312    183.496    184.977    13.5017   4.230651    35.7341     0.0216 9.8203e-05    -0.0131   100.3283      98.54    146.815     3.3757 2.5589e+03          1         30 0.0000e+00
   38.87552  -69.03940    13.4813   4.228069    35.7282    184.476    185.965    13.4811   4.228305    35.7305     0.0341 4.7315e-04    -0.0132   100.3300      98.54    146.630     3.3715 2.5565e+03          1         23 0.0000e+00
   38.87552  -69.03940    13.4423   4.223430    35.7207    185.459    186.956    13.4468   4.224667    35.7280     0.0334 4.9480e-04    -0.0130   100.3238      98.54    146.424     3.3667 2.5628e+03          1         25 0.0000e+00
   38.87552  -69.03940    13.4012   4.218804    35.7150    186.534    188.041    13.4021   4.219250    35.7183     0.0267 1.4997e-04    -0.0131   100.3286      98.53    146.413     3.3665 2.5732e+03          1         37 0.0000e+00
   38.87552  -69.03940    13.4233   4.221490    35.7172    187.337    188.850    13.4141   4.220431    35.7161     0.0283 3.4396e-04    -0.0132   100.3309      98.53    145.368     3.3424 2.5693e+03          1         85 0.0000e+00
   38.87552  -69.03941    13.3434   4.212177    35.7043    188.493    190.017    13.3428   4.212370    35.7066     0.0310 2.9741e-04    -0.0128   100.3186      98.54    145.983     3.3566 2.5413e+03          1         36 0.0000e+00
   38.87552  -69.03942    13.3196   4.209386    35.6988    189.578    191.111    13.3245   4.210176    35.7015     0.0431 3.7364e-04    -0.0127   100.3169      98.53    144.004     3.3111 2.5205e+03          1         92 0.0000e+00
   38.87552  -69.03942    13.3044   4.207839    35.6973    190.344    191.884    13.3059   4.208274    35.7000     0.0213 4.9235e-04    -0.0132   100.3300      98.53    143.326     3.2955 2.5053e+03          1         37 0.0000e+00
   38.87552  -69.03942    13.3021   4.207720    35.6973    191.485    193.034    13.3027   4.207891    35.6984     0.0253 4.7392e-04    -0.0118   100.2957      98.54    143.527     3.3001 2.5289e+03          1         36 0.0000e+00
   38.87552  -69.03942    13.3097   4.208581    35.6971    192.271    193.827    13.3059   4.208302    35.6981     0.0251 3.5635e-04    -0.0132   100.3291      98.54    144.007     3.3112 2.5268e+03          1        112 0.0000e+00
   38.87552  -69.03942    13.2898   4.206417    35.6948    193.424    194.990    13.2901   4.206744    35.6976     0.0428 9.4830e-05    -0.0130   100.3238      98.54    143.674     3.3035 2.4993e+03          1         33 0.0000e+00
   38.87552  -69.03942    13.2648   4.203627    35.6916    194.449    196.023    13.2649   4.203815    35.6932     0.0143 3.8324e-04    -0.0134   100.3355      98.54    143.872     3.3081 2.5073e+03          1         42 0.0000e+00
   38.87552  -69.03942    13.2623   4.203390    35.6907    195.496    197.079    13.2629   4.203533    35.6914     0.0226 3.2106e-04    -0.0129   100.3239      98.54    143.837     3.3073 2.4662e+03          1        118 0.0000e+00
   38.87552  -69.03942    13.2415   4.200963    35.6869    196.365    197.956    13.2416   4.201359    35.6906     0.0249 1.1562e-04    -0.0127   100.3175      98.54    143.573     3.3012 2.4768e+03          1         35 0.0000e+00
   38.87552  -69.03942    13.2180   4.198340    35.6840    197.385    198.984    13.2183   4.198520    35.6854     0.0079 3.1730e-04    -0.0117   100.2920      98.54    143.638     3.3027 2.4816e+03          1         25 0.0000e+00
   38.87552  -69.03943    13.2298   4.199659    35.6842    198.184    199.791    13.2263   4.199439    35.6855     0.0381 3.3122e-04    -0.0130   100.3259      98.54    141.869     3.2620 2.4496e+03          1        124 0.0000e+00
   38.87552  -69.03944    13.1810   4.194253    35.6788    199.364    200.981    13.1674   4.193099    35.6808     0.0287 9.0531e-05    -0.0127   100.3172      98.54    141.818     3.2609 2.4941e+03          1        141 0.0000e+00
   38.87552  -69.03944    13.1033   4.185334    35.6669    200.163    201.787    13.0739   4.182078    35.6638     0.0346 1.0000e-12    -0.0132   100.3296      98.54    140.860     3.2389 2.4502e+03          1        117 0.0000e+00
   38.87552  -69.03944    13.2177   4.198499    35.6824    199.468    201.086    13.1504   4.190805    35.6730     0.0274 1.0000e-12    -0.0132   100.3293      98.54    141.497     3.2535 2.4825e+03          1        211 0.0000e+00
   38.87552  -69.03946    13.2410   4.200987    35.6844    198.414    200.023    13.1650   4.192420    35.6746     0.0321 1.0000e-12    -0.0134   100.3355      98.54    140.925     3.2403 2.5126e+03          1         42 0.0000e+00
   38.87552  -69.03945    13.2081   4.197328    35.6820    197.296    198.895    13.1763   4.193688    35.6765     0.0351 1.0000e-12    -0.0133   100.3329      98.54    141.779     3.2600 2.5060e+03          1         79 0.0000e+00
   38.87552  -69.03944    13.1983   4.196051    35.6796    196.500    198.092    13.1840   4.194432    35.6768     0.0325 1.0000e-12    -0.0132   100.3300      98.54    141.278     3.2485 2.5085e+03          1         46 0.0000e+00
   38.87552  -69.03944    13.2144   4.197827    35.6814    195.386    196.969    13.2111   4.197434    35.6798     0.0554 1.0000e-12    -0.0130   100.3246      98.54    140.623     3.2334 2.5103e+03          1         24 0.0000e+00
   38.87552  -69.03946    13.2400   4.200685    35.6844    194.367    195.941    13.2368   4.200261    35.6826     0.0425 1.0000e-12    -0.0131   100.3270      98.54    140.458     3.2296 2.5135e+03          1         34 0.0000e+00
