Data/ruptures/KN207-01/QL-1/20701014.cnv
* Sea-Bird SBE 9 Data File:
* FileName = C:\Data\ctd\20701014.hex
* Software Version Seasave V 7.21e
* Temperature SN = 4406
* Conductivity SN = 1474
* Number of Bytes Per Scan = 40
* Number of Voltage Words = 5
* Number of Scans Averaged by the Deck Unit = 1
* NMEA Latitude = 38 59.05 N
* NMEA Longitude = 068 59.76 W
* NMEA UTC (Time) = Apr 23 2012 16:10:16
** R/V Knorr Cruise # KN207-01 QL1
** Chief Scientist: Ben Van Mooy
# nquan = 21
# nvalues = 402                         
# units = specified
# name 0 = latitude: Latitude [deg]
# name 1 = longitude: Longitude [deg]
# name 2 = t090C: Temperature [ITS-90, deg C]
# name 3 = c0S/m: Conductivity [S/m]
# name 4 = sal00: Salinity, Practical [PSU]
# name 5 = depSM: Depth [salt water, m]
# name 6 = prDM: Pressure, Digiquartz [db]
# name 7 = t190C: Temperature, 2 [ITS-90, deg C]
# name 8 = c1S/m: Conductivity, 2 [S/m]
# name 9 = sal11: Salinity, Practical, 2 [PSU]
# name 10 = flECO-AFL: Fluorescence, WET Labs ECO-AFL/FL [mg/m^3]
# name 11 = par: PAR/Irradiance, Biospherical/Licor
# name 12 = bat: Beam Attenuation, Chelsea/Seatech [1/m]
# name 13 = xmiss: Beam Transmission, Chelsea/Seatech [%]
# name 14 = altM: Altimeter [m]
# name 15 = sbeox0Mm/Kg: Oxygen, SBE 43 [umol/kg]
# name 16 = sbeox0ML/L: Oxygen, SBE 43 [ml/l]
# name 17 = spar: SPAR/Surface Irradiance
# name 18 = pumps: Pump Status
# name 19 = nbin: number of scans per bin
# name 20 = flag: flag
# span 0 =   38.98344,   38.98421       
# span 1 =  -68.99605,  -68.99492       
# span 2 =    11.1932,    14.7207       
# span 3 =   3.864461,   4.361023       
# span 4 =    33.7458,    35.8349       
# span 5 =      1.960,    201.122       
# span 6 =      1.974,    202.755       
# span 7 =    11.1920,    14.7204       
# span 8 =   3.864539,   4.361132       
# span 9 =    33.8673,    35.8368       
# span 10 =     0.0023,     2.6878      
# span 11 = 1.2200e-04, 1.4838e+02      
# span 12 =    -0.0153,     0.3163      
# span 13 =    92.3970,   100.3832      
# span 14 =       1.49,      98.81      
# span 15 =    137.720,    407.448      
# span 16 =     3.1667,     9.3580      
# span 17 = 1.4095e+03, 3.2895e+03      
# span 18 =          1,          1      
# span 19 =          8,        806      
# span 20 = 0.0000e+00, 0.0000e+00      
# interval = decibars: 1                
# start_time = Apr 23 2012 16:10:16 [NMEA time, header]
# bad_flag = -9.990e-29
*END*
[from data line 345]
   38.98346  -68.99522    12.1853   4.005773    34.8696     57.547     57.994    12.1840   4.007453    34.8882     0.1523 1.6046e-01     0.0108    99.7309      98.65    238.896     5.4907 1.7945e+03          1         13 0.0000e+00
   38.98346  -68.99522    12.1508   4.001273    34.8585     56.538     56.978    12.1581   4.002661    34.8659     0.1793 1.6447e-01     0.0130    99.6754      98.64    238.864     5.4900 1.7695e+03          1         15 0.0000e+00
   38.98345  -68.99521    12.1510   4.001474    34.8565     55.540     55.972    12.1923   4.006907    34.8706     0.1893 1.7065e-01     0.0134    99.6654      97.82    240.804     5.5345 1.7927e+03          1        124 0.0000e+00
   38.98345  -68.99521    12.1450   4.000588    34.8505     54.625     55.049    12.1758   4.005013    34.8650     0.2292 1.9688e-01     0.0131    99.6728      98.64    241.718     5.5555 1.7435e+03          1         37 0.0000e+00
   38.98346  -68.99522    12.0921   3.993718    34.8341     53.637     54.053    12.1417   4.000327    34.8519     0.2570 1.9384e-01     0.0140    99.6506      98.64    241.728     5.5558 1.6905e+03          1         30 0.0000e+00
   38.98346  -68.99522    12.0466   3.987649    34.8184     52.611     53.019    12.0929   3.994646    34.8433     0.2255 1.9350e-01     0.0145    99.6379      98.64    241.356     5.5472 1.6637e+03          1         27 0.0000e+00
   38.98346  -68.99522    11.9870   3.980186    34.8026     51.604     52.004    12.0158   3.984497    34.8181     0.2463 1.9781e-01     0.0162    99.5952      98.65    241.971     5.5613 1.6520e+03          1         29 0.0000e+00
   38.98344  -68.99520    11.9518   3.975958    34.7946     50.613     51.006    11.9709   3.978452    34.8016     0.2362 2.0523e-01     0.0170    99.5757      98.64    242.549     5.5746 1.6467e+03          1         29 0.0000e+00
   38.98344  -68.99520    11.8832   3.966500    34.7676     49.606     49.991    11.9525   3.976087    34.7958     0.2152 2.1553e-01     0.0188    99.5313      98.64    243.232     5.5902 1.6452e+03          1         27 0.0000e+00
   38.98344  -68.99519    11.8060   3.956600    34.7422     48.579     48.956    11.8431   3.961651    34.7571     0.2593 2.5160e-01     0.0219    99.4531      96.86    244.718     5.6244 1.6623e+03          1        144 0.0000e+00
   38.98344  -68.99519    11.7261   3.946106    34.7136     47.654     48.023    11.8018   3.956694    34.7456     0.2761 3.2040e-01     0.0232    99.4217      98.64    245.839     5.6501 1.7249e+03          1         15 0.0000e+00
   38.98344  -68.99520    11.6660   3.938318    34.6951     46.627     46.989    11.7387   3.949523    34.7362     0.2801 3.2734e-01     0.0259    99.3553      98.64    246.065     5.6553 1.6866e+03          1         12 0.0000e+00
   38.98344  -68.99520    11.6291   3.933525    34.6836     45.653     46.006    11.6733   3.940147    34.7072     0.2825 3.3331e-01     0.0286    99.2868      98.64    246.343     5.6617 1.6570e+03          1         12 0.0000e+00
   38.98344  -68.99520    11.6087   3.930822    34.6766     44.657     45.002    11.6207   3.933428    34.6918     0.2881 3.3703e-01     0.0300    99.2544      98.64    246.467     5.6645 1.6476e+03          1         13 0.0000e+00
   38.98344  -68.99520    11.5956   3.929103    34.6722     43.652     43.990    11.6063   3.931350    34.6851     0.3213 3.3857e-01     0.0339    99.1555      98.64    246.510     5.6655 1.6454e+03          1         13 0.0000e+00
   38.98344  -68.99520    11.5792   3.927059    34.6677     42.631     42.960    11.5900   3.928609    34.6736     0.3493 3.3918e-01     0.0360    99.1039      98.64    246.430     5.6637 1.6586e+03          1         20 0.0000e+00
   38.98344  -68.99520    11.5793   3.927175    34.6673     41.903     42.227    11.5889   3.928232    34.6691     0.3665 3.6145e-01     0.0368    99.0838      98.64    247.850     5.6963 1.6989e+03          1         52 0.0000e+00
   38.98344  -68.99520    11.5609   3.924740    34.6593     40.658     40.972    11.5709   3.926158    34.6639     0.3834 4.0359e-01     0.0384    99.0461      98.64    248.554     5.7124 1.6181e+03          1         20 0.0000e+00
   38.98346  -68.99519    11.5441   3.922528    34.6522     39.891     40.200    11.5457   3.922845    34.6540     0.4357 5.0534e-01     0.0463    98.8498      82.05    249.254     5.7285 1.7265e+03          1        149 0.0000e+00
   38.98348  -68.99516    11.4888   3.915314    34.6339     38.552     38.849    11.4658   3.912487    34.6282     0.4429 8.3396e-01     0.0519    98.7099      98.65    249.292     5.7294 2.1580e+03          1         37 0.0000e+00
   38.98348  -68.99516    11.4149   3.904828    34.6012     37.682     37.973    11.3831   3.901239    34.5959     0.5884 1.0595e+00     0.0735    98.1793      98.65    249.952     5.7445 2.1118e+03          1         30 0.0000e+00
   38.98350  -68.99518    11.3736   3.898917    34.5820     36.750     37.034    11.3514   3.896048    34.5745     0.9214 1.0836e+00     0.1044    97.4235      98.59    252.045     5.7925 2.2642e+03          1         85 0.0000e+00
   38.98351  -68.99517    11.3521   3.896124    34.5743     35.752     36.028    11.3472   3.895374    34.5712     1.1251 1.2744e+00     0.1161    97.1401      96.71    253.789     5.8326 2.1460e+03          1         54 0.0000e+00
   38.98352  -68.99516    11.3444   3.894804    34.5684     34.702     34.970    11.3401   3.894303    34.5673     1.2128 1.5668e+00     0.1295    96.8147      66.89    253.928     5.8358 2.0486e+03          1         69 0.0000e+00
   38.98352  -68.99516    11.3381   3.893687    34.5629     34.003     34.265    11.3376   3.893683    34.5631     1.3449 1.7634e+00     0.1413    96.5289      98.65    254.335     5.8451 2.3480e+03          1         61 0.0000e+00
   38.98353  -68.99516    11.3377   3.893288    34.5594     32.703     32.955    11.3269   3.892199    34.5590     1.4097 1.9415e+00     0.1474    96.3819      98.66    254.387     5.8463 2.2459e+03          1         17 0.0000e+00
   38.98354  -68.99516    11.2997   3.887028    34.5344     31.718     31.962    11.3020   3.888067    34.5424     1.4159 2.2064e+00     0.1776    95.6583      98.65    254.800     5.8557 2.2119e+03          1         19 0.0000e+00
   38.98356  -68.99516    11.2650   3.881421    34.5109     30.957     31.195    11.2610   3.880760    34.5081     2.2665 2.5941e+00     0.2541    93.8469      91.35    259.826     5.9711 2.4027e+03          1        147 0.0000e+00
   38.98360  -68.99514    11.2017   3.871715    34.4746     29.748     29.977    11.2060   3.872532    34.4785     2.6673 2.8103e+00     0.2846    93.1324      98.66    265.743     6.1070 2.2826e+03          1         25 0.0000e+00
   38.98361  -68.99514    11.1980   3.870844    34.4696     28.933     29.155    11.1923   3.870298    34.4696     2.6878 3.2075e+00     0.2853    93.1153      98.65    266.032     6.1137 2.4114e+03          1         78 0.0000e+00
   38.98371  -68.99512    11.1932   3.866800    34.4336     27.765     27.979    11.1989   3.865709    34.4173     2.6133 3.5260e+00     0.2899    93.0079      98.66    267.358     6.1440 2.1015e+03          1        162 0.0000e+00
   38.98376  -68.99512    11.1975   3.866392    34.4258     26.817     27.024    11.2023   3.865857    34.4159     2.6302 4.2809e+00     0.2932    92.9309      98.66    272.355     6.2587 2.3798e+03          1         44 0.0000e+00
   38.98376  -68.99510    11.2178   3.864898    34.3919     25.767     25.966    11.2160   3.864949    34.3943     2.4832 5.4853e+00     0.2936    92.9229      98.66    270.535     6.2168 2.0828e+03          1         40 0.0000e+00
   38.98376  -68.99510    11.2261   3.864461    34.3803     24.853     25.044    11.2277   3.864539    34.3795     2.3697 5.8990e+00     0.3000    92.7743      98.65    272.935     6.2718 1.7129e+03          1         72 0.0000e+00
   38.98376  -68.99510    11.3557   3.867740    34.2895     23.788     23.971    11.3239   3.866115    34.3038     2.2096 5.6956e+00     0.3093    92.5582      98.50    275.199     6.3233 2.0333e+03          1         47 0.0000e+00
   38.98376  -68.99510    11.4159   3.869397    34.2500     23.037     23.214    11.3829   3.868325    34.2708     2.1059 6.3123e+00     0.3163    92.3970      73.01    277.915     6.3854 2.1770e+03          1         90 0.0000e+00
   38.98378  -68.99510    11.6396   3.877963    34.1236     21.843     22.011    11.5783   3.874437    34.1466     1.9694 9.0445e+00     0.3162    92.3993      98.67    277.749     6.3807 1.8361e+03          1         23 0.0000e+00
   38.98378  -68.99511    11.6951   3.880976    34.1049     21.021     21.182    11.6800   3.880145    34.1104     1.7537 1.0722e+01     0.3086    92.5750      98.67    277.950     6.3852 2.0714e+03          1        118 0.0000e+00
   38.98381  -68.99508    11.9106   3.891604    34.0153     19.998     20.151    11.9025   3.891181    34.0186     1.5849 1.2218e+01     0.3037    92.6880      96.48    275.977     6.3392 2.4841e+03          1        325 0.0000e+00
   38.98388  -68.99505    12.0055   3.895738    33.9695     19.049     19.195    12.0013   3.895584    33.9719     1.4807 1.3106e+01     0.3019    92.7308      98.67    274.796     6.3118 2.2741e+03          1        130 0.0000e+00
   38.98388  -68.99504    12.0572   3.897507    33.9398     17.951     18.089    12.0608   3.897616    33.9374     1.3914 1.3979e+01     0.2980    92.8219      98.66    274.141     6.2965 1.7637e+03          1         50 0.0000e+00
   38.98388  -68.99504    12.1064   3.899671    33.9158     16.875     17.005    12.1064   3.899627    33.9154     1.3560 1.5555e+01     0.2926    92.9446      98.49    273.004     6.2702 1.8393e+03          1         26 0.0000e+00
   38.98388  -68.99504    12.1278   3.900795    33.9077     15.805     15.926    12.1237   3.900578    33.9094     1.2535 1.7745e+01     0.2904    92.9979      95.30    273.288     6.2767 1.7310e+03          1         34 0.0000e+00
   38.98389  -68.99503    12.1325   3.900940    33.9064     15.104     15.220    12.1344   3.901057    33.9057     1.0476 1.9576e+01     0.2888    93.0350      98.67    272.931     6.2685 2.1999e+03          1         62 0.0000e+00
   38.98389  -68.99505    12.1248   3.900334    33.9095     14.006     14.113    12.1253   3.900414    33.9098     0.9643 2.5216e+01     0.2895    93.0175      98.67    272.525     6.2592 2.1024e+03          1        219 0.0000e+00
   38.98390  -68.99504    12.1204   3.899990    33.9109     12.778     12.876    12.1191   3.899959    33.9117     0.9902 2.9524e+01     0.2908    92.9868      98.67    272.654     6.2621 1.6534e+03          1         48 0.0000e+00
   38.98397  -68.99504    12.1445   3.902136    33.9101     12.009     12.101    12.1450   3.902199    33.9102     0.7855 3.1654e+01     0.2904    92.9977      96.19    272.777     6.2649 2.1272e+03          1        806 0.0000e+00
   38.98403  -68.99503    12.1439   3.902335    33.9130     11.017     11.102    12.1439   3.902380    33.9134     0.7706 3.4902e+01     0.2924    92.9513      85.14    272.850     6.2666 1.8844e+03          1        275 0.0000e+00
   38.98406  -68.99504    12.1389   3.902100    33.9157      9.978     10.054    12.1381   3.902046    33.9159     0.7883 3.5524e+01     0.2937    92.9207      98.69    272.896     6.2677 1.9966e+03          1         42 0.0000e+00
   38.98406  -68.99504    12.1425   3.902330    33.9151      8.869      8.937    12.1418   3.902290    33.9154     0.7556 4.3440e+01     0.2936    92.9217      98.68    273.367     6.2785 1.8551e+03          1         35 0.0000e+00
   38.98407  -68.99503    12.1389   3.902065    33.9162      8.126      8.188    12.1398   3.902179    33.9164     0.7125 4.8786e+01     0.2931    92.9328      97.46    273.048     6.2712 1.8330e+03          1        183 0.0000e+00
   38.98409  -68.99502    12.1462   3.902594    33.9151      6.975      7.028    12.1478   3.902738    33.9151     0.6584 5.6088e+01     0.2928    92.9419      98.68    272.904     6.2679 1.9412e+03          1        319 0.0000e+00
   38.98415  -68.99498    12.1549   3.903158    33.9132      6.145      6.192    12.1550   3.903195    33.9134     0.6835 5.2687e+01     0.2922    92.9543      95.86    272.738     6.2640 1.6910e+03          1        115 0.0000e+00
   38.98420  -68.99495    12.1612   3.903569    33.9119      4.997      5.036    12.1608   3.903576    33.9123     0.6797 6.6962e+01     0.2925    92.9486      97.44    272.652     6.2621 1.8211e+03          1        184 0.0000e+00
   38.98420  -68.99492    12.1597   3.903348    33.9116      4.028      4.058    12.1602   3.903442    33.9120     0.6204 7.0117e+01     0.2928    92.9412      98.69    273.206     6.2748 1.6710e+03          1         25 0.0000e+00
   38.98420  -68.99494    12.1592   3.903256    33.9117      2.842      2.864    12.1602   3.903396    33.9121     0.6579 8.6706e+01     0.2927    92.9422      78.50    272.749     6.2643 1.6737e+03          1         60 0.0000e+00
   38.98421  -68.99494    12.1616   3.903442    33.9116      1.960      1.974    12.1615   3.903484    33.9121     0.5948 1.1955e+02     0.2936    92.9224      88.95    272.800     6.2654 1.7971e+03          1        175 0.0000e+00
