Data/ruptures/KN207-01/QL-1/20701025.cnv
* Sea-Bird SBE 9 Data File:
* FileName = C:\Data\ctd\20701025.hex
* Software Version Seasave V 7.21e
* Temperature SN = 4406
* Conductivity SN = 1474
* Number of Bytes Per Scan = 40
* Number of Voltage Words = 5
* Number of Scans Averaged by the Deck Unit = 1
* NMEA Latitude = 38 55.14 N
* NMEA Longitude = 068 58.92 W
* NMEA UTC (Time) = Apr 24 2012 20:59:46
** R/V Knorr Cruise # KN207-01 QL1
** Chief Scientist: Ben Van Mooy
# nquan = 21
# nvalues = 400                         
# units = specified
# name 0 = latitude: Latitude [deg]
# name 1 = longitude: Longitude [deg]
# name 2 = t090C: Temperature [ITS-90, deg C]
# name 3 = c0S/m: Conductivity [S/m]
# name 4 = sal00: Salinity, Practical [PSU]
# name 5 = depSM: Depth [salt water, m]
# name 6 = prDM: Pressure, Digiquartz [db]
# name 7 = t190C: Temperature, 2 [ITS-90, deg C]
# name 8 = c1S/m: Conductivity, 2 [S/m]
# name 9 = sal11: Salinity, Practical, 2 [PSU]
# name 10 = flECO-AFL: Fluorescence, WET Labs ECO-AFL/FL [mg/m^3]
# name 11 = par: PAR/Irradiance, Biospherical/Licor
# name 12 = bat: Beam Attenuation, Chelsea/Seatech [1/m]
# name 13 = xmiss: Beam Transmission, Chelsea/Seatech [%]
# name 14 = altM: Altimeter [m]
# name 15 = sbeox0Mm/Kg: Oxygen, SBE 43 [umol/kg]
# name 16 = sbeox0ML/L: Oxygen, SBE 43 [ml/l]
# name 17 = spar: SPAR/Surface Irradiance
# name 18 = pumps: Pump Status
# name 19 = nbin: number of scans per bin
# name 20 = flag: flag
# span 0 =   38.91795,   38.91912       
# span 1 =  -68.98310,  -68.98207       
# span 2 =    10.8969,    14.6854       
# span 3 =   3.819347,   4.352045       
# span 4 =    32.5159,    35.8396       
# span 5 =      2.311,    200.047       
# span 6 =      2.329,    201.670       
# span 7 =    10.9026,    14.6855       
# span 8 =   3.818237,   4.352153       
# span 9 =    33.2626,    35.8415       
# span 10 =     0.0094,     2.7584      
# span 11 = 2.9625e-04, 1.6864e+01      
# span 12 =    -0.0150,     0.3415      
# span 13 =    91.8157,   100.3766      
# span 14 =       4.41,      98.60      
# span 15 =    145.887,    438.500      
# span 16 =     3.3543,    10.0705      
# span 17 = 2.4530e+02, 3.7288e+02      
# span 18 =          1,          1      
# span 19 =         13,        229      
# span 20 = 0.0000e+00, 0.0000e+00      
# interval = decibars: 1                
# start_time = Apr 24 2012 20:59:46 [NMEA time, header]
# bad_flag = -9.990e-29
*END*
[from data line 345]
   38.91831  -68.98278    12.7199   4.074059    35.0278     55.499     55.930    12.7266   4.075406    35.0343     0.1927 2.5951e-02     0.0127    99.6842      98.57    233.161     5.3590 2.8793e+02          1        112 0.0000e+00
   38.91830  -68.98278    12.6050   4.058810    34.9889     54.643     55.067    12.6185   4.061165    34.9988     0.1622 2.7553e-02     0.0127    99.6839      98.58    233.442     5.3654 2.8675e+02          1         29 0.0000e+00
   38.91830  -68.98279    12.5950   4.057299    34.9833     53.595     54.011    12.6017   4.058972    34.9932     0.1928 2.9859e-02     0.0130    99.6751      30.20    233.191     5.3597 2.8561e+02          1         25 0.0000e+00
   38.91830  -68.98280    12.5310   4.048873    34.9627     52.550     52.957    12.5272   4.049291    34.9705     0.2028 3.2124e-02     0.0147    99.6340      98.44    234.751     5.3955 2.8546e+02          1         38 0.0000e+00
   38.91830  -68.98280    12.4769   4.041674    34.9436     51.619     52.019    12.4467   4.038182    34.9389     0.2306 3.3661e-02     0.0169    99.5788      68.55    235.103     5.4035 2.8590e+02          1         53 0.0000e+00
   38.91828  -68.98278    12.3965   4.030877    34.9145     50.497     50.888    12.4021   4.031943    34.9194     0.2809 3.5911e-02     0.0191    99.5250      98.57    236.095     5.4263 2.8660e+02          1         66 0.0000e+00
   38.91828  -68.98278    12.2004   4.004785    34.8472     49.707     50.092    12.2009   4.005561    34.8542     0.2565 3.7717e-02     0.0218    99.4560      98.58    237.038     5.4479 2.8955e+02          1         52 0.0000e+00
   38.91828  -68.98279    12.1745   4.001062    34.8345     48.636     49.013    12.1938   4.004427    34.8486     0.2641 4.1029e-02     0.0246    99.3862      98.58    237.423     5.4567 2.8966e+02          1         28 0.0000e+00
   38.91828  -68.98280    12.1401   3.995955    34.8168     47.590     47.958    12.1443   3.996945    34.8226     0.2877 4.4555e-02     0.0282    99.2965      98.58    238.613     5.4840 2.8749e+02          1         34 0.0000e+00
   38.91828  -68.98280    12.1529   3.997267    34.8160     46.623     46.984    12.1650   3.998261    34.8142     0.3424 4.7886e-02     0.0317    99.2100      83.37    238.533     5.4822 2.8738e+02          1         61 0.0000e+00
   38.91826  -68.98282    12.2143   4.004453    34.8260     45.624     45.976    12.2265   4.005585    34.8256     0.3447 5.1439e-02     0.0334    99.1687      98.58    239.191     5.4973 2.8946e+02          1         56 0.0000e+00
   38.91826  -68.98282    12.2392   4.007142    34.8282     44.702     45.048    12.2507   4.008464    34.8302     0.3683 5.4823e-02     0.0332    99.1733      98.57    240.040     5.5168 2.8844e+02          1         45 0.0000e+00
   38.91825  -68.98282    12.2139   4.003876    34.8210     43.652     43.989    12.2408   4.007375    34.8294     0.3696 5.9052e-02     0.0368    99.0856      98.58    239.842     5.5122 2.8964e+02          1         39 0.0000e+00
   38.91824  -68.98282    12.2142   4.003342    34.8155     42.679     43.009    12.2250   4.004645    34.8181     0.4056 6.3813e-02     0.0381    99.0527      58.04    239.964     5.5150 2.9141e+02          1         42 0.0000e+00
   38.91824  -68.98282    12.2213   4.003901    34.8144     41.672     41.994    12.2171   4.003665    34.8164     0.4341 7.0272e-02     0.0402    98.9999      98.58    241.029     5.5395 2.9064e+02          1         51 0.0000e+00
   38.91824  -68.98282    12.1722   3.996615    34.7908     40.693     41.008    12.1555   3.994182    34.7833     0.4909 7.7142e-02     0.0491    98.7809      98.58    241.244     5.5444 2.8980e+02          1         49 0.0000e+00
   38.91824  -68.98282    12.1442   3.991016    34.7631     39.647     39.953    12.1465   3.991707    34.7677     0.5233 8.4268e-02     0.0569    98.5867      98.58    241.867     5.5586 2.9033e+02          1         44 0.0000e+00
   38.91823  -68.98283    12.1417   3.988850    34.7443     38.796     39.095    12.1442   3.989041    34.7438     0.6402 8.7948e-02     0.0717    98.2244      98.58    245.563     5.6434 2.9241e+02          1         69 0.0000e+00
   38.91822  -68.98284    12.1464   3.988735    34.7388     37.746     38.037    12.1472   3.988931    34.7399     0.7032 9.9887e-02     0.0737    98.1742      98.58    247.263     5.6825 2.9318e+02          1         30 0.0000e+00
   38.91822  -68.98285    12.1330   3.986825    34.7331     36.694     36.977    12.1310   3.986801    34.7348     0.7737 1.1286e-01     0.0854    97.8866      98.57    248.374     5.7080 2.9254e+02          1        109 0.0000e+00
   38.91822  -68.98286    12.0974   3.981950    34.7198     35.721     35.996    12.0910   3.981098    34.7176     0.7860 1.1623e-01     0.0876    97.8342      98.58    248.094     5.7016 2.9347e+02          1         32 0.0000e+00
   38.91821  -68.98286    12.0640   3.977556    34.7087     34.631     34.898    12.0595   3.977210    34.7095     0.8905 1.3612e-01     0.0947    97.6616      98.58    249.015     5.7227 2.9490e+02          1        144 0.0000e+00
   38.91820  -68.98287    11.9797   3.966696    34.6830     33.790     34.050    11.9701   3.966110    34.6863     0.8808 1.5083e-01     0.0993    97.5481      98.59    249.639     5.7371 2.9501e+02          1         36 0.0000e+00
   38.91820  -68.98288    11.9152   3.958640    34.6658     32.725     32.977    11.9066   3.958145    34.6692     0.8891 1.6591e-01     0.1038    97.4369      98.58    249.929     5.7437 2.9445e+02          1         42 0.0000e+00
   38.91819  -68.98288    11.8116   3.945089    34.6309     31.980     32.226    11.7469   3.937666    34.6196     0.9712 1.7601e-01     0.1082    97.3310      98.58    251.421     5.7779 2.9623e+02          1         84 0.0000e+00
   38.91818  -68.98288    11.5541   3.913045    34.5608     30.746     30.983    11.5682   3.916567    34.5813     0.9220 2.1150e-01     0.1177    97.1016      98.59    253.664     5.8295 2.9435e+02          1         22 0.0000e+00
   38.91814  -68.98294    11.0958   3.853818    34.4011     29.864     30.094    11.0692   3.850176    34.3901     1.2879 2.3867e-01     0.1532    96.2448      98.59    256.184     5.8871 3.0177e+02          1        229 0.0000e+00
   38.91809  -68.98301    10.9542   3.835871    34.3523     28.989     29.212    10.9518   3.835654    34.3525     1.3655 2.7303e-01     0.1568    96.1569      98.59    257.994     5.9287 3.1277e+02          1         79 0.0000e+00
   38.91808  -68.98301    10.9330   3.831835    34.3313     27.622     27.834    10.9282   3.830734    34.3249     1.5953 3.4347e-01     0.1857    95.4658      98.59    260.878     5.9949 3.1349e+02          1        136 0.0000e+00
   38.91808  -68.98302    10.8969   3.819347    34.2407     26.838     27.044    10.9026   3.818237    34.2241     1.6842 3.7904e-01     0.1939    95.2695      98.59    262.085     6.0222 3.1452e+02          1         22 0.0000e+00
   38.91808  -68.98302    10.9367   3.820230    34.2115     25.716     25.914    10.9628   3.821441    34.1985     1.9179 4.4622e-01     0.2408    94.1580      98.60    263.216     6.0480 3.1437e+02          1         29 0.0000e+00
   38.91801  -68.98306    11.3508   3.849803    34.1129     24.868     25.059    11.4041   3.853647    34.1009     2.6150 5.6878e-01     0.3230    92.2439      98.60    273.154     6.2754 3.3174e+02          1         39 0.0000e+00
   38.91800  -68.98306    11.4503   3.857833    34.0993     23.792     23.975    11.5407   3.863736    34.0729     2.7584 6.3451e-01     0.3237    92.2258      98.60    275.529     6.3298 3.3040e+02          1         26 0.0000e+00
   38.91798  -68.98304    11.5093   3.862026    34.0888     22.655     22.829    11.5630   3.866268    34.0805     2.6100 7.4800e-01     0.3265    92.1607      98.60    277.793     6.3817 3.3389e+02          1        100 0.0000e+00
   38.91799  -68.98304    11.5819   3.866410    34.0647     21.876     22.044    11.7263   3.876090    34.0248     2.5546 8.5262e-01     0.3269    92.1531      98.60    274.213     6.2993 3.3647e+02          1         31 0.0000e+00
   38.91800  -68.98304    11.7552   3.880413    34.0398     20.803     20.963    11.7625   3.880690    34.0376     2.3246 1.0019e+00     0.3266    92.1610      98.60    274.713     6.3105 3.3460e+02          1         24 0.0000e+00
   38.91800  -68.98304    11.8229   3.885898    34.0337     19.899     20.051    11.8623   3.888725    34.0258     2.2731 1.1928e+00     0.3282    92.1236      98.60    277.941     6.3845 3.3704e+02          1        118 0.0000e+00
   38.91800  -68.98304    11.9121   3.893006    34.0228     18.898     19.043    11.9463   3.895853    34.0197     2.0725 1.2208e+00     0.3296    92.0902      98.60    277.996     6.3856 3.3896e+02          1         22 0.0000e+00
   38.91800  -68.98304    11.9230   3.893921    34.0227     17.838     17.974    11.9716   3.897407    34.0124     2.0621 1.3910e+00     0.3289    92.1054      98.60    277.759     6.3802 3.3997e+02          1         22 0.0000e+00
   38.91799  -68.98305    11.9711   3.897819    34.0184     16.646     16.773    12.0418   3.903489    34.0086     2.0240 1.8815e+00     0.3335    91.9993      98.60    276.529     6.3518 3.4289e+02          1        110 0.0000e+00
   38.91798  -68.98306    12.0833   3.906590    34.0009     15.938     16.060    12.1323   3.910553    33.9951     2.0588 2.0736e+00     0.3356    91.9529      98.60    277.176     6.3665 3.3893e+02          1         35 0.0000e+00
   38.91798  -68.98306    12.1085   3.909157    34.0037     14.899     15.013    12.1395   3.911634    34.0003     1.8826 2.2606e+00     0.3359    91.9451      98.60    277.213     6.3673 3.3949e+02          1         26 0.0000e+00
   38.91798  -68.98306    12.1595   3.913269    33.9974     13.817     13.923    12.1483   3.912314    34.0000     1.8965 2.6075e+00     0.3382    91.8914      98.60    276.617     6.3535 3.4364e+02          1         36 0.0000e+00
   38.91798  -68.98306    12.1767   3.914670    33.9972     13.158     13.259    12.1949   3.915864    33.9927     1.8177 2.9991e+00     0.3383    91.8896      98.60    276.290     6.3460 3.4850e+02          1         60 0.0000e+00
   38.91798  -68.98306    12.2014   3.916190    33.9910     11.895     11.986    12.2327   3.918410    33.9841     1.7297 3.4822e+00     0.3369    91.9211      98.60    276.163     6.3430 3.4575e+02          1         16 0.0000e+00
   38.91798  -68.98306    12.2449   3.919803    33.9859     10.906     10.990    12.2602   3.920354    33.9779     1.6684 3.9280e+00     0.3364    91.9329      98.60    275.508     6.3279 3.4590e+02          1         15 0.0000e+00
   38.91798  -68.98306    12.2601   3.921088    33.9860     10.067     10.144    12.3030   3.924598    33.9809     1.5963 4.6857e+00     0.3336    91.9985      98.60    276.254     6.3450 3.4965e+02          1         96 0.0000e+00
   38.91798  -68.98306    12.3286   3.926618    33.9774      8.998      9.066    12.4238   3.933958    33.9607     1.4857 5.3840e+00     0.3250    92.1957      98.60    275.914     6.3371 3.5681e+02          1         50 0.0000e+00
   38.91796  -68.98306    12.4753   3.939477    33.9659      7.958      8.018    12.5904   3.949057    33.9525     1.4495 6.1062e+00     0.3182    92.3536      98.59    274.764     6.3105 3.5492e+02          1         27 0.0000e+00
   38.91796  -68.98306    12.8048   3.971229    33.9683      6.868      6.920    12.8410   3.974008    33.9629     1.3484 7.4682e+00     0.3120    92.4974      83.22    272.498     6.2580 3.5670e+02          1        111 0.0000e+00
   38.91796  -68.98308    12.8038   3.970907    33.9710      5.970      6.015    12.8723   3.978255    33.9790     1.2940 8.0052e+00     0.3113    92.5141      98.60    270.151     6.2041 3.5913e+02          1         19 0.0000e+00
   38.91796  -68.98308    12.7616   3.967188    33.9758      4.931      4.969    12.8295   3.973111    33.9708     1.3122 9.4313e+00     0.3101    92.5412      98.60    267.964     6.1540 3.5901e+02          1         19 0.0000e+00
   38.91796  -68.98309    12.8496   3.975360    33.9751      4.089      4.120    12.9335   3.983254    33.9743     1.2873 1.1597e+01     0.3117    92.5030      26.99    268.831     6.1738 3.6358e+02          1        142 0.0000e+00
   38.91796  -68.98310    12.8409   3.974269    33.9754      2.905      2.928    12.8884   3.979007    33.9785     1.2950 1.4080e+01     0.3127    92.4806       4.41    268.202     6.1593 3.6537e+02          1         39 0.0000e+00
   38.91795  -68.98309    12.8983   3.979541    33.9751      2.311      2.329    12.9115   3.981059    33.9785     1.2630 1.6864e+01     0.3157    92.4118      93.20    268.685     6.1704 3.7288e+02          1         87 0.0000e+00
