Data/ruptures/KN207-01/QL-1/20701041.cnv
* Sea-Bird SBE 9 Data File:
* FileName = C:\Data\ctd\20701041.hex
* Software Version Seasave V 7.21e
* Temperature SN = 4406
* Conductivity SN = 1474
* Number of Bytes Per Scan = 40
* Number of Voltage Words = 5
* Number of Scans Averaged by the Deck Unit = 1
* NMEA Latitude = 38 47.72 N
* NMEA Longitude = 069 09.38 W
* NMEA UTC (Time) = Apr 26 2012 20:02:11
** R/V Knorr Cruise # KN207-01 QL1
** Chief Scientist: Ben Van Mooy
# nquan = 21
# nvalues = 398                         
# units = specified
# name 0 = latitude: Latitude [deg]
# name 1 = longitude: Longitude [deg]
# name 2 = t090C: Temperature [ITS-90, deg C]
# name 3 = c0S/m: Conductivity [S/m]
# name 4 = sal00: Salinity, Practical [PSU]
# name 5 = depSM: Depth [salt water, m]
# name 6 = prDM: Pressure, Digiquartz [db]
# name 7 = t190C: Temperature, 2 [ITS-90, deg C]
# name 8 = c1S/m: Conductivity, 2 [S/m]
# name 9 = sal11: Salinity, Practical, 2 [PSU]
# name 10 = flECO-AFL: Fluorescence, WET Labs ECO-AFL/FL [mg/m^3]
# name 11 = par: PAR/Irradiance, Biospherical/Licor
# name 12 = bat: Beam Attenuation, Chelsea/Seatech [1/m]
# name 13 = xmiss: Beam Transmission, Chelsea/Seatech [%]
# name 14 = altM: Altimeter [m]
# name 15 = sbeox0Mm/Kg: Oxygen, SBE 43 [umol/kg]
# name 16 = sbeox0ML/L: Oxygen, SBE 43 [ml/l]
# name 17 = spar: SPAR/Surface Irradiance
# name 18 = pumps: Pump Status
# name 19 = nbin: number of scans per bin
# name 20 = flag: flag
# span 0 =   38.79538,   38.79576       
# span 1 =  -69.15770,  -69.15650       
# span 2 =    11.2643,    14.6714       
# span 3 =   3.743382,   4.352156       
# span 4 =    32.0037,    35.8238       
# span 5 =      2.260,    199.130       
# span 6 =      2.277,    200.743       
# span 7 =    11.2449,    14.6711       
# span 8 =   3.832108,   4.352309       
# span 9 =    32.9468,    35.8281       
# span 10 =     0.0059,     3.3016      
# span 11 = 1.0000e-12, 9.1789e+00      
# span 12 =    -0.0135,     0.3649      
# span 13 =    91.2822,   100.3367      
# span 14 =      33.40,      98.78      
# span 15 =    145.278,    417.033      
# span 16 =     3.3402,     9.5754      
# span 17 = 2.5189e+02, 2.9229e+02      
# span 18 =          1,          1      
# span 19 =         16,        509      
# span 20 = 0.0000e+00, 0.0000e+00      
# interval = decibars: 1                
# start_time = Apr 26 2012 20:02:11 [NMEA time, header]
# bad_flag = -9.990e-29
*END*
[from data line 69]
   38.79544  -69.15672    13.6300   4.195290    35.3219     71.436     71.993    13.6301   4.195398    35.3228     0.0814 1.0000e-12    -0.0008   100.0201      97.15    225.208     5.1764 2.5346e+02          1         35 0.0000e+00
   38.79544  -69.15673    13.6446   4.197287    35.3268     72.494     73.059    13.6471   4.197534    35.3267     0.0802 1.0000e-12    -0.0000   100.0007      98.54    225.192     5.1761 2.5346e+02          1         43 0.0000e+00
   38.79544  -69.15674    13.7104   4.206242    35.3487     73.400     73.972    13.7130   4.206264    35.3465     0.0720 1.2251e-04    -0.0006   100.0139      98.54    224.457     5.1592 2.5413e+02          1         57 0.0000e+00
   38.79544  -69.15674    13.7991   4.218411    35.3795     74.384     74.964    13.8032   4.218884    35.3800     0.0684 1.8071e-05    -0.0011   100.0263      98.54    224.090     5.1508 2.5338e+02          1         49 0.0000e+00
   38.79544  -69.15674    13.8592   4.226668    35.4006     75.407     75.995    13.8618   4.226723    35.3986     0.0582 1.0000e-12    -0.0023   100.0580      98.54    223.708     5.1420 2.5257e+02          1         48 0.0000e+00
   38.79544  -69.15674    13.9006   4.232370    35.4155     76.384     76.979    13.9010   4.232553    35.4169     0.0585 1.0000e-12    -0.0029   100.0741      98.54    222.697     5.1188 2.5261e+02          1         45 0.0000e+00
   38.79544  -69.15675    13.9033   4.232818    35.4177     77.380     77.984    13.9069   4.233213    35.4180     0.0632 1.0000e-12    -0.0042   100.1045      98.55    221.445     5.0900 2.5290e+02          1         40 0.0000e+00
   38.79544  -69.15676    13.9546   4.239795    35.4347     78.412     79.024    13.9551   4.239664    35.4331     0.0567 1.0000e-12    -0.0037   100.0937      98.54    220.999     5.0798 2.5284e+02          1         46 0.0000e+00
   38.79544  -69.15676    13.9826   4.243814    35.4466     79.307     79.926    13.9826   4.243919    35.4476     0.0449 1.0000e-12    -0.0041   100.1035      98.55    221.424     5.0896 2.5203e+02          1         64 0.0000e+00
   38.79544  -69.15676    13.9898   4.245063    35.4519     80.381     81.009    13.9889   4.244919    35.4514     0.0617 1.0000e-12    -0.0051   100.1259      98.55    220.905     5.0777 2.5231e+02          1         35 0.0000e+00
   38.79544  -69.15676    14.0125   4.248240    35.4602     81.400     82.036    14.0126   4.248226    35.4600     0.0583 1.0000e-12    -0.0056   100.1390      98.54    221.578     5.0931 2.5282e+02          1         44 0.0000e+00
   38.79545  -69.15676    14.0191   4.249230    35.4635     82.345     82.989    14.0189   4.249342    35.4648     0.0476 1.0000e-12    -0.0057   100.1427      98.54    221.319     5.0872 2.5236e+02          1         59 0.0000e+00
   38.79546  -69.15676    14.0163   4.248965    35.4638     83.350     84.002    14.0159   4.249019    35.4648     0.0489 1.0000e-12    -0.0051   100.1283      98.54    221.617     5.0940 2.5189e+02          1         40 0.0000e+00
   38.79546  -69.15676    14.0167   4.249051    35.4642     84.310     84.969    14.0169   4.249138    35.4648     0.0458 1.0000e-12    -0.0054   100.1346      98.55    221.336     5.0876 2.5206e+02          1         53 0.0000e+00
   38.79546  -69.15678    14.0379   4.251943    35.4709     85.288     85.955    14.0359   4.251641    35.4700     0.0393 1.0000e-12    -0.0052   100.1312      98.55    220.931     5.0783 2.5304e+02          1         34 0.0000e+00
   38.79546  -69.15678    14.0445   4.252883    35.4733     86.363     87.038    14.0444   4.253002    35.4745     0.0306 1.0000e-12    -0.0039   100.0973      98.55    221.135     5.0830 2.5230e+02          1         37 0.0000e+00
   38.79546  -69.15679    14.0430   4.252824    35.4742     87.260     87.943    14.0419   4.252742    35.4744     0.0482 1.0000e-12    -0.0053   100.1333      98.55    221.030     5.0806 2.5203e+02          1         87 0.0000e+00
   38.79546  -69.15680    14.0579   4.255020    35.4805     88.271     88.962    14.0555   4.254605    35.4788     0.0493 1.0000e-12    -0.0056   100.1386      98.55    221.321     5.0873 2.5198e+02          1         29 0.0000e+00
   38.79546  -69.15680    14.0730   4.257151    35.4857     89.306     90.005    14.0729   4.257144    35.4858     0.0459 2.4372e-04    -0.0061   100.1529      98.55    220.896     5.0775 2.5333e+02          1         28 0.0000e+00
   38.79546  -69.15680    14.0937   4.260071    35.4932     90.378     91.086    14.0902   4.259686    35.4928     0.0426 3.5106e-04    -0.0056   100.1389      98.55    220.731     5.0737 2.5299e+02          1         53 0.0000e+00
   38.79546  -69.15680    14.1201   4.263831    35.5033     91.232     91.947    14.1185   4.263578    35.5024     0.0356 4.0304e-06    -0.0055   100.1382      98.54    221.081     5.0818 2.5200e+02          1         69 0.0000e+00
   38.79546  -69.15681    14.1470   4.267587    35.5129     92.240     92.963    14.1463   4.267435    35.5122     0.0534 1.0000e-12    -0.0059   100.1464      98.55    220.764     5.0745 2.5307e+02          1         42 0.0000e+00
   38.79546  -69.15682    14.1654   4.270114    35.5190     93.286     94.018    14.1653   4.270135    35.5193     0.0415 1.0000e-12    -0.0058   100.1453      98.55    220.449     5.0672 2.5408e+02          1         32 0.0000e+00
   38.79546  -69.15682    14.1777   4.271897    35.5239     94.306     95.045    14.1787   4.272079    35.5246     0.0286 9.5821e-05    -0.0066   100.1643      98.55    220.750     5.0742 2.5353e+02          1         47 0.0000e+00
   38.79546  -69.15682    14.1965   4.274515    35.5307     95.200     95.947    14.1954   4.274424    35.5308     0.0351 1.0270e-05    -0.0063   100.1580      98.55    220.118     5.0596 2.5278e+02          1         65 0.0000e+00
   38.79546  -69.15682    14.2084   4.276229    35.5354     96.211     96.966    14.2081   4.276219    35.5356     0.0576 2.4555e-04    -0.0066   100.1649      98.55    220.258     5.0629 2.5258e+02          1         47 0.0000e+00
   38.79546  -69.15683    14.2187   4.277772    35.5399     97.235     97.999    14.2189   4.277840    35.5403     0.0357 1.0000e-12    -0.0057   100.1422      98.55    220.258     5.0629 2.5342e+02          1         36 0.0000e+00
   38.79546  -69.15684    14.2257   4.278818    35.5429     98.241     99.012    14.2247   4.278758    35.5432     0.0558 1.0000e-12    -0.0063   100.1587      98.55    220.079     5.0588 2.5410e+02          1         36 0.0000e+00
   38.79546  -69.15684    14.2274   4.279072    35.5435     99.259    100.039    14.2275   4.279180    35.5444     0.0519 1.0000e-12    -0.0065   100.1635      98.55    219.234     5.0393 2.5402e+02          1         67 0.0000e+00
   38.79546  -69.15684    14.2357   4.280246    35.5465    100.152    100.939    14.2344   4.280151    35.5469     0.0310 5.9170e-06    -0.0071   100.1785      98.55    219.594     5.0476 2.5420e+02          1         47 0.0000e+00
   38.79546  -69.15684    14.2372   4.280465    35.5469    101.209    102.005    14.2367   4.280519    35.5479     0.0462 5.7387e-06    -0.0075   100.1870      98.54    219.529     5.0461 2.5400e+02          1         39 0.0000e+00
   38.79547  -69.15685    14.2393   4.280823    35.5480    102.196    102.999    14.2395   4.280935    35.5488     0.0348 1.0000e-12    -0.0072   100.1811      98.55    219.272     5.0402 2.5388e+02          1         44 0.0000e+00
   38.79548  -69.15686    14.2493   4.282286    35.5518    103.215    104.027    14.2482   4.282173    35.5518     0.0360 1.0000e-12    -0.0075   100.1881      98.55    219.305     5.0410 2.5394e+02          1         44 0.0000e+00
   38.79548  -69.15686    14.2558   4.283215    35.5540    104.157    104.976    14.2560   4.283354    35.5551     0.0535 1.0000e-12    -0.0068   100.1694      98.55    219.252     5.0398 2.5429e+02          1         40 0.0000e+00
   38.79548  -69.15686    14.2558   4.283250    35.5541    105.158    105.986    14.2560   4.283386    35.5551     0.0416 5.6687e-04    -0.0076   100.1910      98.55    219.145     5.0373 2.5423e+02          1         39 0.0000e+00
   38.79548  -69.15686    14.2650   4.284631    35.5580    106.153    106.989    14.2648   4.284535    35.5572     0.0376 1.0000e-12    -0.0072   100.1811      98.55    219.325     5.0415 2.5383e+02          1         34 0.0000e+00
   38.79548  -69.15686    14.2956   4.289064    35.5699    107.159    108.003    14.2927   4.288574    35.5681     0.0587 1.0000e-12    -0.0074   100.1858      98.55    218.908     5.0319 2.5410e+02          1         36 0.0000e+00
   38.79548  -69.15686    14.3096   4.290998    35.5744    108.130    108.982    14.3090   4.291039    35.5754     0.0182 1.0000e-12    -0.0070   100.1749      98.55    218.641     5.0258 2.5421e+02          1         28 0.0000e+00
   38.79548  -69.15688    14.3086   4.290922    35.5744    109.156    110.016    14.3085   4.291015    35.5754     0.0278 1.0000e-12    -0.0080   100.1998      98.55    218.469     5.0218 2.5443e+02          1         31 0.0000e+00
   38.79548  -69.15688    14.3101   4.291143    35.5748    110.173    111.042    14.3100   4.291235    35.5758     0.0193 1.0000e-12    -0.0078   100.1946      98.55    218.267     5.0171 2.5439e+02          1         45 0.0000e+00
   38.79548  -69.15688    14.3122   4.291467    35.5758    111.072    111.947    14.3121   4.291507    35.5762     0.0382 1.0000e-12    -0.0077   100.1922      98.55    218.189     5.0153 2.5429e+02          1         33 0.0000e+00
   38.79548  -69.15688    14.3194   4.292502    35.5782    112.114    112.999    14.3193   4.292488    35.5782     0.0303 1.0000e-12    -0.0077   100.1926      98.55    217.891     5.0085 2.5448e+02          1         23 0.0000e+00
   38.79548  -69.15688    14.3288   4.293853    35.5816    113.106    113.998    14.3283   4.293811    35.5816     0.0469 1.0000e-12    -0.0076   100.1897      98.55    218.201     5.0156 2.5475e+02          1         24 0.0000e+00
   38.79548  -69.15688    14.3307   4.294133    35.5821    114.120    115.021    14.3306   4.294198    35.5828     0.0356 1.0000e-12    -0.0073   100.1818      98.55    218.543     5.0235 2.5442e+02          1         34 0.0000e+00
   38.79548  -69.15688    14.3372   4.295100    35.5846    115.071    115.979    14.3367   4.295040    35.5845     0.0395 1.0000e-12    -0.0075   100.1878      98.55    218.405     5.0204 2.5422e+02          1         32 0.0000e+00
   38.79548  -69.15689    14.3511   4.297114    35.5899    116.096    117.013    14.3513   4.297162    35.5902     0.0385 1.0000e-12    -0.0081   100.2005      98.55    218.281     5.0175 2.5437e+02          1         27 0.0000e+00
   38.79548  -69.15690    14.3625   4.298808    35.5945    117.080    118.005    14.3617   4.298663    35.5940     0.0350 1.0000e-12    -0.0077   100.1929      98.55    217.937     5.0096 2.5462e+02          1         27 0.0000e+00
   38.79548  -69.15690    14.3745   4.300580    35.5994    118.039    118.972    14.3745   4.300592    35.5995     0.0339 1.0000e-12    -0.0075   100.1877      98.55    217.648     5.0030 2.5532e+02          1         26 0.0000e+00
   38.79548  -69.15690    14.3884   4.302573    35.6045    119.025    119.966    14.3869   4.302353    35.6038     0.0352 1.0000e-12    -0.0081   100.2015      98.55    217.687     5.0038 2.5596e+02          1         24 0.0000e+00
   38.79548  -69.15690    14.4006   4.304391    35.6096    120.036    120.986    14.4006   4.304343    35.6091     0.0235 1.0000e-12    -0.0083   100.2066      98.54    217.359     4.9963 2.5545e+02          1         25 0.0000e+00
   38.79548  -69.15690    14.4084   4.305498    35.6123    121.070    122.028    14.4082   4.305554    35.6129     0.0459 1.0000e-12    -0.0084   100.2082      98.54    216.669     4.9805 2.5507e+02          1         23 0.0000e+00
   38.79548  -69.15690    14.4175   4.306853    35.6160    122.061    123.027    14.4168   4.306732    35.6156     0.0324 1.0000e-12    -0.0082   100.2046      98.55    217.019     4.9885 2.5449e+02          1         33 0.0000e+00
   38.79548  -69.15690    14.4314   4.308878    35.6215    122.987    123.960    14.4314   4.308850    35.6213     0.0285 1.0000e-12    -0.0084   100.2087      98.55    216.854     4.9847 2.5429e+02          1         39 0.0000e+00
   38.79548  -69.15690    14.4493   4.311508    35.6288    124.009    124.990    14.4485   4.311324    35.6279     0.0337 1.0000e-12    -0.0075   100.1865      98.55    216.530     4.9773 2.5457e+02          1         24 0.0000e+00
   38.79548  -69.15691    14.4618   4.313370    35.6341    124.997    125.986    14.4610   4.313203    35.6332     0.0471 1.0000e-12    -0.0086   100.2150      98.55    216.456     4.9756 2.5582e+02          1         19 0.0000e+00
   38.79548  -69.15692    14.4776   4.315748    35.6408    126.013    127.011    14.4781   4.315648    35.6394     0.0375 1.0000e-12    -0.0094   100.2353      98.55    216.359     4.9734 2.5629e+02          1         19 0.0000e+00
   38.79548  -69.15692    14.4915   4.317709    35.6456    127.000    128.006    14.4913   4.317740    35.6461     0.0258 1.0000e-12    -0.0092   100.2294      98.55    215.826     4.9611 2.5662e+02          1         23 0.0000e+00
   38.79548  -69.15692    14.4953   4.318291    35.6473    128.020    129.035    14.4947   4.318273    35.6477     0.0266 1.0000e-12    -0.0090   100.2243      98.55    216.031     4.9658 2.5627e+02          1         27 0.0000e+00
   38.79548  -69.15692    14.5284   4.323205    35.6614    129.005    130.028    14.5279   4.322824    35.6582     0.0301 1.0000e-12    -0.0089   100.2225      98.55    215.921     4.9633 2.5510e+02          1         33 0.0000e+00
   38.79548  -69.15692    14.5474   4.325897    35.6683    129.921    130.951    14.5473   4.325933    35.6688     0.0116 1.0000e-12    -0.0098   100.2440      98.55    215.818     4.9610 2.5421e+02          1         29 0.0000e+00
   38.79548  -69.15692    14.5584   4.327577    35.6734    130.915    131.953    14.5585   4.327578    35.6733     0.0363 1.0000e-12    -0.0100   100.2495      98.55    215.051     4.9433 2.5429e+02          1         23 0.0000e+00
   38.79548  -69.15692    14.5640   4.328438    35.6759    131.925    132.972    14.5640   4.328479    35.6763     0.0361 1.0000e-12    -0.0102   100.2555      98.55    214.354     4.9273 2.5596e+02          1         20 0.0000e+00
   38.79548  -69.15692    14.5666   4.328831    35.6770    132.978    134.034    14.5663   4.328913    35.6779     0.0311 1.0000e-12    -0.0095   100.2377      98.55    214.407     4.9286 2.5662e+02          1         22 0.0000e+00
   38.79548  -69.15692    14.5671   4.328951    35.6774    133.974    135.038    14.5667   4.329002    35.6782     0.0341 1.0000e-12    -0.0101   100.2529      98.55    214.348     4.9272 2.5671e+02          1         23 0.0000e+00
   38.79549  -69.15693    14.5679   4.329103    35.6778    134.941    136.013    14.5676   4.329141    35.6785     0.0360 1.0000e-12    -0.0100   100.2500      98.55    214.376     4.9278 2.5660e+02          1         27 0.0000e+00
   38.79550  -69.15694    14.5717   4.329711    35.6797    135.928    137.008    14.5715   4.329734    35.6801     0.0148 1.0000e-12    -0.0101   100.2519      98.55    214.161     4.9229 2.5541e+02          1         26 0.0000e+00
   38.79550  -69.15694    14.5765   4.330492    35.6822    136.924    138.013    14.5764   4.330504    35.6823     0.0360 1.0000e-12    -0.0101   100.2540      98.55    213.645     4.9110 2.5477e+02          1         23 0.0000e+00
   38.79550  -69.15694    14.5848   4.331838    35.6865    137.944    139.040    14.5845   4.331809    35.6865     0.0553 1.0000e-12    -0.0100   100.2511      98.55    213.426     4.9060 2.5572e+02          1         28 0.0000e+00
