Data/ruptures/KN207-01/QL-1/20701010.cnv
* Sea-Bird SBE 9 Data File:
* FileName = C:\Data\ctd\20701010.hex
* Software Version Seasave V 7.21e
* Temperature SN = 4406
* Conductivity SN = 1474
* Number of Bytes Per Scan = 40
* Number of Voltage Words = 5
* Number of Scans Averaged by the Deck Unit = 1
* NMEA Latitude = 39 00.01 N
* NMEA Longitude = 069 00.00 W
* NMEA UTC (Time) = Apr 23 2012 00:33:00
** R/V Knorr Cruise # KN207-01 QL1
** Chief Scientist: Ben Van Mooy
# nquan = 21
# nvalues = 6320                        
# units = specified
# name 0 = latitude: Latitude [deg]
# name 1 = longitude: Longitude [deg]
# name 2 = t090C: Temperature [ITS-90, deg C]
# name 3 = c0S/m: Conductivity [S/m]
# name 4 = sal00: Salinity, Practical [PSU]
# name 5 = depSM: Depth [salt water, m]
# name 6 = prDM: Pressure, Digiquartz [db]
# name 7 = t190C: Temperature, 2 [ITS-90, deg C]
# name 8 = c1S/m: Conductivity, 2 [S/m]
# name 9 = sal11: Salinity, Practical, 2 [PSU]
# name 10 = flECO-AFL: Fluorescence, WET Labs ECO-AFL/FL [mg/m^3]
# name 11 = par: PAR/Irradiance, Biospherical/Licor
# name 12 = bat: Beam Attenuation, Chelsea/Seatech [1/m]
# name 13 = xmiss: Beam Transmission, Chelsea/Seatech [%]
# name 14 = altM: Altimeter [m]
# name 15 = sbeox0Mm/Kg: Oxygen, SBE 43 [umol/kg]
# name 16 = sbeox0ML/L: Oxygen, SBE 43 [ml/l]
# name 17 = spar: SPAR/Surface Irradiance
# name 18 = pumps: Pump Status
# name 19 = nbin: number of scans per bin
# name 20 = flag: flag
# span 0 =   38.99986,   39.00084       
# span 1 =  -69.00114,  -68.99736       
# span 2 =     2.3685,    14.7912       
# span 3 =   3.233334,   4.369546       
# span 4 =    33.6978,    35.8426       
# span 5 =      2.948,   3115.218       
# span 6 =      2.970,   3162.519       
# span 7 =     2.3683,    14.7910       
# span 8 =   3.233272,   4.369614       
# span 9 =    34.0594,    35.8538       
# span 10 =    -0.0209,     3.7649      
# span 11 = 1.0000e-12, 1.0000e-12      
# span 12 =    -0.0358,     0.3353      
# span 13 =    91.9590,   100.8979      
# span 14 =       5.23,      98.93      
# span 15 =    129.475,    442.857      
# span 16 =     2.9778,    10.1715      
# span 17 = 1.3384e+01, 1.5615e+01      
# span 18 =          1,          1      
# span 19 =          2,        481      
# span 20 = 0.0000e+00, 0.0000e+00      
# interval = decibars: 1                
# start_time = Apr 23 2012 00:33:00 [NMEA time, header]
# bad_flag = -9.990e-29
*END*
[from data line 759]
   39.00024  -68.99974     4.7525   3.355692    34.9805    754.869    762.026     4.7525   3.355760    34.9813     0.0251 1.0000e-12    -0.0305   100.7640      98.63    238.230     5.4820 1.4171e+01          1         17 0.0000e+00
   39.00024  -68.99976     4.7530   3.355823    34.9808    755.873    763.042     4.7528   3.355837    34.9812     0.0245 1.0000e-12    -0.0308   100.7719      98.63    238.113     5.4794 1.4021e+01          1         21 0.0000e+00
   39.00024  -68.99976     4.7495   3.355523    34.9805    756.788    763.968     4.7492   3.355567    34.9813     0.0328 1.0000e-12    -0.0303   100.7593      98.64    237.944     5.4755 1.4053e+01          1         30 0.0000e+00
   39.00024  -68.99976     4.7453   3.355129    34.9799    757.767    764.957     4.7452   3.355223    34.9810     0.0359 1.0000e-12    -0.0303   100.7589      98.63    238.525     5.4888 1.3971e+01          1         19 0.0000e+00
   39.00024  -68.99976     4.7405   3.354682    34.9792    758.775    765.977     4.7406   3.354796    34.9804     0.0274 1.0000e-12    -0.0305   100.7656      98.63    238.874     5.4969 1.3971e+01          1         19 0.0000e+00
   39.00024  -68.99976     4.7369   3.354377    34.9788    759.801    767.014     4.7374   3.354454    34.9790     0.0184 1.0000e-12    -0.0307   100.7700      98.63    238.486     5.4879 1.4162e+01          1         86 0.0000e+00
   39.00024  -68.99976     4.7356   3.354321    34.9788    760.689    767.913     4.7362   3.354459    34.9798     0.0232 1.0000e-12    -0.0309   100.7734      98.63    238.856     5.4965 1.3942e+01          1         16 0.0000e+00
   39.00024  -68.99976     4.7360   3.354474    34.9795    761.758    768.994     4.7361   3.354467    34.9794     0.0213 1.0000e-12    -0.0306   100.7670      98.63    239.217     5.5048 1.4021e+01          1         14 0.0000e+00
   39.00024  -68.99976     4.7412   3.355141    34.9811    762.796    770.043     4.7414   3.355034    34.9797     0.0343 1.0000e-12    -0.0306   100.7670      98.63    239.444     5.5100 1.4053e+01          1         10 0.0000e+00
   39.00024  -68.99976     4.7489   3.356027    34.9826    763.734    770.992     4.7485   3.355912    34.9817     0.0341 1.0000e-12    -0.0304   100.7623      98.62    239.426     5.5096 1.4195e+01          1         11 0.0000e+00
   39.00024  -68.99976     4.7525   3.356475    34.9833    764.755    772.025     4.7523   3.356425    34.9830     0.0298 1.0000e-12    -0.0301   100.7563      98.63    239.312     5.5070 1.4685e+01          1         12 0.0000e+00
   39.00024  -68.99976     4.7560   3.356904    34.9840    765.754    773.035     4.7558   3.356852    34.9837     0.0284 1.0000e-12    -0.0310   100.7773      98.63    239.264     5.5059 1.3830e+01          1         15 0.0000e+00
   39.00024  -68.99976     4.7585   3.357199    34.9842    766.801    774.094     4.7584   3.357208    34.9845     0.0450 1.0000e-12    -0.0310   100.7764      98.63    239.212     5.5047 1.4128e+01          1         30 0.0000e+00
   39.00024  -68.99976     4.7603   3.357440    34.9847    767.666    774.969     4.7603   3.357446    34.9848     0.0274 1.0000e-12    -0.0308   100.7723      98.63    238.619     5.4910 1.4171e+01          1         34 0.0000e+00
   39.00024  -68.99976     4.7631   3.357782    34.9852    768.704    776.019     4.7630   3.357791    34.9854     0.0253 1.0000e-12    -0.0311   100.7795      98.63    238.165     5.4805 1.4070e+01          1         39 0.0000e+00
   39.00026  -68.99974     4.7642   3.357931    34.9853    769.575    776.900     4.7641   3.357950    34.9856     0.0334 1.0000e-12    -0.0311   100.7787      98.63    237.566     5.4668 1.4209e+01          1         46 0.0000e+00
   39.00026  -68.99974     4.7660   3.358208    34.9861    770.619    777.955     4.7658   3.358184    34.9860     0.0428 1.0000e-12    -0.0312   100.7819      98.63    237.374     5.4624 1.3971e+01          1         19 0.0000e+00
   39.00026  -68.99974     4.7718   3.358879    34.9871    771.632    778.980     4.7718   3.358852    34.9868     0.0208 1.0000e-12    -0.0314   100.7872      98.63    237.309     5.4609 1.3543e+01          1         14 0.0000e+00
   39.00026  -68.99974     4.7743   3.359194    34.9876    772.631    779.991     4.7741   3.359131    34.9871     0.0218 1.0000e-12    -0.0308   100.7713      98.63    237.720     5.4703 1.4128e+01          1         12 0.0000e+00
   39.00026  -68.99974     4.7769   3.359531    34.9882    773.608    780.978     4.7766   3.359453    34.9876     0.0358 1.0000e-12    -0.0281   100.7049      98.63    237.782     5.4718 1.3570e+01          1         12 0.0000e+00
   39.00026  -68.99974     4.7815   3.360062    34.9890    774.637    782.019     4.7811   3.360019    34.9889     0.0312 1.0000e-12    -0.0169   100.4218      98.63    237.825     5.4727 1.4340e+01          1         14 0.0000e+00
   39.00026  -68.99976     4.7829   3.360265    34.9893    775.643    783.037     4.7829   3.360266    34.9894     0.0133 1.0000e-12    -0.0270   100.6779      98.63    237.410     5.4632 1.4276e+01          1         15 0.0000e+00
   39.00026  -68.99976     4.7849   3.360527    34.9897    776.728    784.135     4.7846   3.360509    34.9898     0.0154 1.0000e-12    -0.0308   100.7726      98.63    236.975     5.4532 1.3866e+01          1         37 0.0000e+00
   39.00026  -68.99976     4.7848   3.360527    34.9896    777.477    784.892     4.7849   3.360575    34.9900     0.0086 1.0000e-12    -0.0305   100.7646      98.63    236.492     5.4421 1.4057e+01          1         63 0.0000e+00
   39.00026  -68.99976     4.7839   3.360492    34.9897    778.541    785.968     4.7844   3.360590    34.9904     0.0336 1.0000e-12    -0.0313   100.7841      98.64    236.589     5.4443 1.3962e+01          1         27 0.0000e+00
   39.00026  -68.99976     4.7844   3.360612    34.9901    779.518    786.956     4.7842   3.360614    34.9904     0.0292 1.0000e-12    -0.0319   100.8013      98.63    236.484     5.4419 1.4128e+01          1         18 0.0000e+00
   39.00026  -68.99976     4.7854   3.360726    34.9899    780.508    787.957     4.7849   3.360773    34.9909     0.0237 1.0000e-12    -0.0314   100.7863      98.63    236.325     5.4382 1.4500e+01          1         16 0.0000e+00
   39.00026  -68.99976     4.7616   3.358297    34.9869    781.525    788.986     4.7625   3.358870    34.9925     0.0210 1.0000e-12    -0.0309   100.7749      98.63    236.439     5.4409 1.3899e+01          1         13 0.0000e+00
   39.00026  -68.99976     4.7531   3.357644    34.9879    782.526    789.999     4.7528   3.357672    34.9886     0.0199 1.0000e-12    -0.0302   100.7571      98.64    236.681     5.4464 1.4242e+01          1         13 0.0000e+00
   39.00026  -68.99976     4.7492   3.357266    34.9871    783.528    791.012     4.7490   3.357355    34.9884     0.0206 1.0000e-12    -0.0307   100.7691      98.63    236.851     5.4504 1.3942e+01          1         12 0.0000e+00
   39.00026  -68.99976     4.7476   3.357154    34.9870    784.508    792.004     4.7474   3.357193    34.9876     0.0061 1.0000e-12    -0.0307   100.7688      98.65    236.903     5.4515 1.4021e+01          1         14 0.0000e+00
   39.00026  -68.99976     4.7468   3.357136    34.9871    785.553    793.061     4.7465   3.357132    34.9873     0.0182 1.0000e-12    -0.0308   100.7721      98.63    236.718     5.4473 1.4053e+01          1         20 0.0000e+00
   39.00026  -68.99976     4.7494   3.357389    34.9866    786.238    793.753     4.7496   3.357464    34.9873     0.0159 1.0000e-12    -0.0307   100.7709      98.63    237.271     5.4600 1.4190e+01          1         72 0.0000e+00
   39.00026  -68.99976     4.7462   3.357171    34.9868    787.448    794.977     4.7464   3.357244    34.9874     0.0240 1.0000e-12    -0.0307   100.7687      98.63    237.985     5.4764 1.4128e+01          1         15 0.0000e+00
   39.00026  -68.99976     4.7437   3.356977    34.9867    788.482    796.023     4.7433   3.357042    34.9879     0.0288 1.0000e-12    -0.0306   100.7670      98.63    237.837     5.4730 1.4398e+01          1         11 0.0000e+00
   39.00026  -68.99976     4.7397   3.356623    34.9863    789.489    797.041     4.7394   3.356724    34.9879     0.0341 1.0000e-12    -0.0305   100.7647      98.63    237.898     5.4744 1.3587e+01          1         11 0.0000e+00
   39.00026  -68.99976     4.7345   3.356151    34.9859    790.507    798.072     4.7346   3.356330    34.9879     0.0445 1.0000e-12    -0.0312   100.7824      98.64    237.748     5.4710 1.3607e+01          1         10 0.0000e+00
   39.00026  -68.99976     4.7310   3.355898    34.9862    791.422    798.997     4.7307   3.355936    34.9870     0.0434 1.0000e-12    -0.0308   100.7727      98.62    238.051     5.4780 1.4376e+01          1          9 0.0000e+00
   39.00026  -68.99976     4.7297   3.355786    34.9857    792.394    799.980     4.7296   3.355853    34.9867     0.0238 1.0000e-12    -0.0305   100.7650      98.63    238.118     5.4795 1.4070e+01          1         13 0.0000e+00
   39.00026  -68.99976     4.7217   3.355023    34.9850    793.426    801.024     4.7214   3.355147    34.9867     0.0186 1.0000e-12    -0.0306   100.7670      98.62    238.064     5.4783 1.4040e+01          1         17 0.0000e+00
   39.00026  -68.99975     4.7235   3.355238    34.9849    794.277    801.885     4.7226   3.355190    34.9852     0.0110 1.0000e-12    -0.0308   100.7719      98.63    238.198     5.4813 1.4143e+01          1         94 0.0000e+00
   39.00026  -68.99974     4.7144   3.354431    34.9845    795.308    802.927     4.7153   3.354642    34.9860     0.0144 1.0000e-12    -0.0308   100.7721      98.63    238.639     5.4915 1.4098e+01          1         25 0.0000e+00
   39.00026  -68.99974     4.7080   3.353913    34.9848    796.359    803.991     4.7078   3.353930    34.9852     0.0208 1.0000e-12    -0.0307   100.7700      98.63    238.793     5.4950 1.4303e+01          1         17 0.0000e+00
   39.00026  -68.99974     4.7063   3.353780    34.9845    797.398    805.042     4.7061   3.353832    34.9854     0.0266 1.0000e-12    -0.0309   100.7749      98.63    238.574     5.4900 1.3727e+01          1         13 0.0000e+00
   39.00026  -68.99974     4.7072   3.353990    34.9854    798.374    806.029     4.7072   3.353991    34.9854     0.0275 1.0000e-12    -0.0310   100.7763      98.64    238.517     5.4887 1.4195e+01          1         11 0.0000e+00
   39.00027  -68.99976     4.7049   3.353804    34.9852    799.304    806.970     4.7046   3.353833    34.9859     0.0215 1.0000e-12    -0.0312   100.7834      98.62    238.660     5.4920 1.3992e+01          1         11 0.0000e+00
   39.00028  -68.99978     4.7024   3.353602    34.9850    800.306    807.983     4.7021   3.353665    34.9861     0.0134 1.0000e-12    -0.0310   100.7762      98.63    238.872     5.4969 1.4340e+01          1         14 0.0000e+00
   39.00028  -68.99978     4.7005   3.353470    34.9849    801.343    809.033     4.7004   3.353511    34.9855     0.0193 1.0000e-12    -0.0305   100.7656      98.64    238.885     5.4972 1.3854e+01          1         19 0.0000e+00
   39.00028  -68.99978     4.6997   3.353420    34.9845    802.233    809.933     4.6990   3.353390    34.9850     0.0156 1.0000e-12    -0.0312   100.7830      98.63    238.794     5.4951 1.3999e+01          1         58 0.0000e+00
   39.00028  -68.99977     4.6975   3.353297    34.9848    803.254    810.966     4.6973   3.353294    34.9850     0.0317 1.0000e-12    -0.0310   100.7780      98.63    238.750     5.4941 1.3942e+01          1         28 0.0000e+00
   39.00026  -68.99974     4.6974   3.353358    34.9850    804.262    811.985     4.6973   3.353388    34.9855     0.0131 1.0000e-12    -0.0299   100.7502      98.63    239.565     5.5128 1.4257e+01          1         23 0.0000e+00
   39.00026  -68.99974     4.6961   3.353267    34.9848    805.272    813.007     4.6958   3.353304    34.9856     0.0102 1.0000e-12    -0.0313   100.7849      98.63    239.150     5.5033 1.4063e+01          1         23 0.0000e+00
   39.00026  -68.99974     4.6947   3.353191    34.9849    806.241    813.988     4.6946   3.353204    34.9851     0.0270 1.0000e-12    -0.0303   100.7608      98.63    239.159     5.5035 1.3919e+01          1         25 0.0000e+00
   39.00026  -68.99974     4.6947   3.353226    34.9847    807.253    815.011     4.6944   3.353244    34.9853     0.0286 1.0000e-12    -0.0305   100.7646      98.63    239.070     5.5014 1.3915e+01          1         21 0.0000e+00
   39.00026  -68.99974     4.6900   3.352795    34.9842    808.249    816.018     4.6900   3.352908    34.9855     0.0358 1.0000e-12    -0.0311   100.7806      98.62    239.481     5.5109 1.4303e+01          1         17 0.0000e+00
   39.00026  -68.99976     4.6856   3.352430    34.9841    809.223    817.004     4.6854   3.352489    34.9851     0.0311 1.0000e-12    -0.0310   100.7776      98.62    239.162     5.5035 1.4171e+01          1         17 0.0000e+00
   39.00026  -68.99976     4.6838   3.352302    34.9840    810.210    818.002     4.6835   3.352327    34.9847     0.0267 1.0000e-12    -0.0307   100.7699      98.63    239.029     5.5005 1.3880e+01          1         18 0.0000e+00
   39.00026  -68.99976     4.6822   3.352220    34.9842    811.246    819.050     4.6820   3.352236    34.9847     0.0212 1.0000e-12    -0.0308   100.7727      98.63    239.010     5.5001 1.4045e+01          1         27 0.0000e+00
   39.00026  -68.99976     4.6809   3.352134    34.9841    812.189    820.004     4.6807   3.352152    34.9845     0.0218 1.0000e-12    -0.0316   100.7917      98.64    239.285     5.5064 1.4067e+01          1         49 0.0000e+00
   39.00027  -68.99976     4.6783   3.351949    34.9841    813.126    820.952     4.6781   3.351984    34.9847     0.0200 1.0000e-12    -0.0317   100.7959      98.64    239.329     5.5074 1.4035e+01          1         24 0.0000e+00
   39.00028  -68.99976     4.6766   3.351842    34.9842    814.142    821.979     4.6764   3.351885    34.9849     0.0043 1.0000e-12    -0.0314   100.7870      98.63    239.293     5.5065 1.4252e+01          1         18 0.0000e+00
   39.00028  -68.99976     4.6726   3.351494    34.9839    815.170    823.020     4.6721   3.351524    34.9848     0.0152 1.0000e-12    -0.0313   100.7858      98.63    239.403     5.5091 1.4574e+01          1         15 0.0000e+00
   39.00028  -68.99976     4.6712   3.351423    34.9840    816.171    824.032     4.6709   3.351426    34.9843     0.0259 1.0000e-12    -0.0310   100.7782      98.63    239.533     5.5121 1.4221e+01          1         16 0.0000e+00
   39.00028  -68.99976     4.6691   3.351264    34.9839    817.191    825.065     4.6688   3.351302    34.9846     0.0328 1.0000e-12    -0.0310   100.7773      98.63    239.450     5.5102 1.4165e+01          1         20 0.0000e+00
   39.00028  -68.99976     4.6658   3.351021    34.9839    818.171    826.055     4.6656   3.351042    34.9844     0.0202 1.0000e-12    -0.0312   100.7818      98.64    239.415     5.5094 1.3925e+01          1         33 0.0000e+00
   39.00028  -68.99974     4.6652   3.351015    34.9840    819.040    826.935     4.6649   3.351030    34.9845     0.0294 1.0000e-12    -0.0310   100.7773      98.63    239.564     5.5128 1.3830e+01          1         30 0.0000e+00
   39.00028  -68.99974     4.6635   3.350930    34.9842    820.081    827.988     4.6633   3.350955    34.9848     0.0297 1.0000e-12    -0.0315   100.7897      98.63    239.782     5.5178 1.3727e+01          1         26 0.0000e+00
   39.00028  -68.99974     4.6622   3.350914    34.9848    821.097    829.016     4.6620   3.350932    34.9853     0.0348 1.0000e-12    -0.0304   100.7635      98.63    239.462     5.5105 1.4094e+01          1         22 0.0000e+00
