Data/ruptures/KN207-01/QL-1/20701044.cnv
* Sea-Bird SBE 9 Data File:
* FileName = C:\Data\ctd\20701044.hex
* Software Version Seasave V 7.21e
* Temperature SN = 4406
* Conductivity SN = 1474
* Number of Bytes Per Scan = 40
* Number of Voltage Words = 5
* Number of Scans Averaged by the Deck Unit = 1
* NMEA Latitude = 38 44.11 N
* NMEA Longitude = 069 12.85 W
* NMEA UTC (Time) = Apr 27 2012 16:05:51
** R/V Knorr Cruise # KN207-01 QL1
** Chief Scientist: Ben Van Mooy
# nquan = 21
# nvalues = 398                         
# units = specified
# name 0 = latitude: Latitude [deg]
# name 1 = longitude: Longitude [deg]
# name 2 = t090C: Temperature [ITS-90, deg C]
# name 3 = c0S/m: Conductivity [S/m]
# name 4 = sal00: Salinity, Practical [PSU]
# name 5 = depSM: Depth [salt water, m]
# name 6 = prDM: Pressure, Digiquartz [db]
# name 7 = t190C: Temperature, 2 [ITS-90, deg C]
# name 8 = c1S/m: Conductivity, 2 [S/m]
# name 9 = sal11: Salinity, Practical, 2 [PSU]
# name 10 = flECO-AFL: Fluorescence, WET Labs ECO-AFL/FL [mg/m^3]
# name 11 = par: PAR/Irradiance, Biospherical/Licor
# name 12 = bat: Beam Attenuation, Chelsea/Seatech [1/m]
# name 13 = xmiss: Beam Transmission, Chelsea/Seatech [%]
# name 14 = altM: Altimeter [m]
# name 15 = sbeox0Mm/Kg: Oxygen, SBE 43 [umol/kg]
# name 16 = sbeox0ML/L: Oxygen, SBE 43 [ml/l]
# name 17 = spar: SPAR/Surface Irradiance
# name 18 = pumps: Pump Status
# name 19 = nbin: number of scans per bin
# name 20 = flag: flag
# span 0 =   38.73254,   38.73523       
# span 1 =  -69.21668,  -69.21422       
# span 2 =    11.3812,    14.7361       
# span 3 =   3.826478,   4.359783       
# span 4 =    32.9300,    35.8197       
# span 5 =      3.468,    200.147       
# span 6 =      3.494,    201.768       
# span 7 =    11.3838,    14.7359       
# span 8 =   3.865532,   4.360011       
# span 9 =    33.5809,    35.8238       
# span 10 =     0.0068,     2.3082      
# span 11 = 1.0000e-12, 6.7608e+01      
# span 12 =    -0.0097,     0.3262      
# span 13 =    92.1685,   100.2416      
# span 14 =       1.85,      98.64      
# span 15 =    139.951,    417.607      
# span 16 =     3.2179,     9.5896      
# span 17 = 2.3388e+03, 2.5284e+03      
# span 18 =          1,          1      
# span 19 =          3,        885      
# span 20 = 0.0000e+00, 0.0000e+00      
# interval = decibars: 1                
# start_time = Apr 27 2012 16:05:51 [NMEA time, header]
# bad_flag = -9.990e-29
*END*
   38.73523  -69.21422    12.4294   3.826478    32.9300      4.027      4.058    12.4282   3.894181    33.5809     0.7819 6.7608e+01     0.3223    92.2580       6.09    327.590     7.5178 2.4612e+03          1        185 0.0000e+00
   38.73518  -69.21422    12.4322   3.889033    33.5277      4.724      4.760    12.4321   3.906888    33.6993     0.7933 2.8123e+01     0.3215    92.2771      54.89    325.576     7.4750 2.4302e+03          1        122 0.0000e+00
   38.73517  -69.21424    12.4353   3.900229    33.6320      5.937      5.983    12.4357   3.909369    33.7194     0.8630 2.3605e+01     0.3207    92.2967      98.52    351.948     8.0811 2.3995e+03          1        106 0.0000e+00
   38.73514  -69.21424    12.4323   3.911721    33.7448      7.023      7.077    12.4325   3.913859    33.7651     0.9054 3.5366e+01     0.3204    92.3034      98.51    373.353     8.5733 2.3992e+03          1         28 0.0000e+00
   38.73514  -69.21424    12.4326   3.911365    33.7407      7.883      7.943    12.4324   3.912318    33.7501     1.0604 2.6971e+01     0.3212    92.2846      98.51    398.460     9.1499 2.3964e+03          1         95 0.0000e+00
   38.73514  -69.21424    12.4321   3.913290    33.7593      8.872      8.939    12.4292   3.914519    33.7738     1.0069 1.2342e+01     0.3194    92.3257      74.95    417.607     9.5896 2.4151e+03          1         21 0.0000e+00
   38.73514  -69.21424    12.4294   3.913520    33.7635      9.939     10.015    12.4243   3.914625    33.7789     1.0058 9.1631e+00     0.3197    92.3184      45.71    395.955     9.0925 2.4288e+03          1         21 0.0000e+00
   38.73513  -69.21424    12.4307   3.909752    33.7256     11.127     11.211    12.4268   3.913351    33.7637     0.9932 6.9942e+00     0.3206    92.2974      98.52    293.303     6.7350 2.4107e+03          1         89 0.0000e+00
   38.73512  -69.21424    12.4305   3.912738    33.7541     11.925     12.016    12.4299   3.913787    33.7647     0.9824 4.6514e+00     0.3202    92.3075      98.52    247.493     5.6832 2.4093e+03          1         34 0.0000e+00
   38.73512  -69.21425    12.4189   3.912378    33.7609     12.985     13.084    12.4185   3.914274    33.7795     1.1005 4.9827e+00     0.3207    92.2963      98.52    242.305     5.5642 2.4309e+03          1         57 0.0000e+00
   38.73512  -69.21426    12.3893   3.913445    33.7982     13.836     13.941    12.3848   3.914702    33.8144     1.2758 4.2445e+00     0.3221    92.2633      98.53    247.989     5.6949 2.4249e+03          1         42 0.0000e+00
   38.73512  -69.21426    12.3838   3.912786    33.7962     14.877     14.991    12.3846   3.913813    33.8053     1.3431 2.4356e+00     0.3219    92.2685      98.52    246.450     5.6595 2.4195e+03          1         33 0.0000e+00
   38.73511  -69.21426    12.3858   3.911829    33.7845     15.932     16.054    12.3870   3.913406    33.7986     1.3493 4.7499e+00     0.3231    92.2409      98.52    250.133     5.7440 2.4078e+03          1         44 0.0000e+00
   38.73508  -69.21426    12.3834   3.911718    33.7851     16.876     17.005    12.3835   3.913750    33.8046     1.3788 5.0226e+00     0.3227    92.2495      98.52    241.700     5.5504 2.3809e+03          1         69 0.0000e+00
   38.73508  -69.21427    12.3559   3.912590    33.8184     17.810     17.946    12.3644   3.913956    33.8237     1.4287 4.1321e+00     0.3229    92.2442      98.52    224.493     5.1554 2.3388e+03          1         49 0.0000e+00
   38.73508  -69.21428    12.3351   3.911482    33.8263     18.879     19.023    12.3459   3.913626    33.8371     1.4616 3.9520e+00     0.3219    92.2685      98.29    217.779     5.0013 2.3454e+03          1         33 0.0000e+00
   38.73508  -69.21428    12.3318   3.911131    33.8253     19.873     20.025    12.3234   3.913251    33.8536     1.5116 1.5569e+00     0.3249    92.1997      98.52    225.829     5.1861 2.3755e+03          1         49 0.0000e+00
   38.73507  -69.21428    12.3266   3.911301    33.8311     20.808     20.967    12.3104   3.913399    33.8663     1.6016 2.1747e+00     0.3243    92.2119      65.93    239.595     5.5023 2.4113e+03          1         37 0.0000e+00
   38.73506  -69.21428    12.2904   3.910541    33.8566     21.930     22.098    12.2782   3.912915    33.8909     1.6601 2.3493e+00     0.3246    92.2047      98.60    235.263     5.4030 2.3737e+03          1         56 0.0000e+00
   38.73506  -69.21429    12.2741   3.910046    33.8664     22.699     22.873    12.2301   3.912399    33.9295     1.7103 1.7862e+00     0.3211    92.2857      98.52    233.729     5.3678 2.3771e+03          1         49 0.0000e+00
   38.73506  -69.21430    12.1969   3.907520    33.9129     23.803     23.985    12.2100   3.910193    33.9260     1.7446 2.6386e+00     0.3157    92.4117      98.52    226.044     5.1916 2.3855e+03          1         26 0.0000e+00
   38.73506  -69.21430    12.1538   3.907640    33.9534     24.858     25.049    12.1724   3.909519    33.9538     1.7452 1.5969e+00     0.3144    92.4417      98.52    221.966     5.0981 2.4031e+03          1         31 0.0000e+00
   38.73504  -69.21430    12.1929   3.908257    33.9221     25.689     25.886    12.0378   3.909961    34.0824     1.9488 1.5797e+00     0.3108    92.5244      98.52    234.074     5.3760 2.4776e+03          1         84 0.0000e+00
   38.73502  -69.21430    11.8498   3.898338    34.1460     26.771     26.976    11.9180   3.906567    34.1603     2.0558 9.4834e-01     0.3068    92.6174      98.53    227.639     5.2295 2.4807e+03          1         28 0.0000e+00
   38.73502  -69.21431    11.6987   3.901913    34.3206     27.868     28.082    11.5945   3.904837    34.4474     2.2411 1.4587e+00     0.3052    92.6542      98.52    227.177     5.2197 2.4922e+03          1         93 0.0000e+00
   38.73502  -69.21432    11.4512   3.898486    34.5193     28.742     28.963    11.3996   3.895846    34.5410     2.3082 9.9763e-01     0.2996    92.7854      98.52    238.280     5.4758 2.5011e+03          1         22 0.0000e+00
   38.73502  -69.21432    11.4045   3.892729    34.5053     29.765     29.993    11.3976   3.886042    34.4439     2.0799 1.7189e+00     0.2723    93.4206      98.52    230.845     5.3050 2.4996e+03          1         19 0.0000e+00
   38.73502  -69.21432    11.4345   3.895997    34.5062     30.880     31.117    11.4288   3.897856    34.5285     1.8220 1.5813e+00     0.2283    94.4520      98.52    224.870     5.1676 2.4949e+03          1         39 0.0000e+00
   38.73500  -69.21434    11.4330   3.900430    34.5472     31.657     31.901    11.4306   3.902211    34.5660     1.8136 1.0594e+00     0.2234    94.5687      98.52    226.427     5.2036 2.4918e+03          1         56 0.0000e+00
   38.73499  -69.21435    11.4232   3.902574    34.5753     32.762     33.014    11.4199   3.902387    34.5759     1.5427 7.9048e-01     0.1796    95.6091      98.52    218.222     5.0151 2.4938e+03          1         46 0.0000e+00
   38.73498  -69.21436    11.4436   3.904314    34.5714     33.665     33.924    11.4457   3.903680    34.5625     1.4269 2.8267e-01     0.1686    95.8739      98.53    214.458     4.9286 2.4945e+03          1         40 0.0000e+00
   38.73498  -69.21436    11.4504   3.903690    34.5577     34.755     35.022    11.4530   3.903113    34.5490     1.3603 1.5968e-01     0.1573    96.1439      98.53    213.855     4.9147 2.4926e+03          1         20 0.0000e+00
   38.73498  -69.21436    11.4383   3.905801    34.5893     35.791     36.066    11.4419   3.906946    34.5968     1.3268 1.7804e-01     0.1535    96.2351      98.53    215.672     4.9566 2.4918e+03          1         30 0.0000e+00
   38.73496  -69.21436    11.4131   3.909637    34.6505     36.462     36.742    11.4145   3.910513    34.6575     1.3776 1.5200e-01     0.1547    96.2056      98.53    215.200     4.9460 2.4926e+03          1         56 0.0000e+00
   38.73496  -69.21436    11.4186   3.906527    34.6131     37.735     38.026    11.4219   3.904226    34.5870     1.3136 2.6189e-01     0.1537    96.2307      98.53    208.128     4.7833 2.4951e+03          1         17 0.0000e+00
   38.73494  -69.21436    11.4176   3.910488    34.6526     38.777     39.076    11.4234   3.909349    34.6356     1.2423 7.1193e-01     0.1465    96.4038      98.53    207.902     4.7782 2.4931e+03          1         23 0.0000e+00
   38.73494  -69.21436    11.4151   3.913875    34.6877     39.570     39.875    11.4170   3.911866    34.6659     1.2840 6.3386e-01     0.1444    96.4533      98.53    218.412     5.0199 2.4819e+03          1        101 0.0000e+00
   38.73496  -69.21438    11.3979   3.912537    34.6903     40.719     41.032    11.4007   3.911923    34.6814     1.2800 1.5243e-01     0.1429    96.4892      98.53    213.438     4.9057 2.4886e+03          1         41 0.0000e+00
   38.73496  -69.21438    11.3821   3.911167    34.6913     41.676     41.997    11.3861   3.911200    34.6876     1.0570 2.2756e-01     0.1185    97.0811      98.52    209.448     4.8140 2.4913e+03          1         41 0.0000e+00
   38.73496  -69.21438    11.4653   3.910530    34.6040     42.663     42.992    11.4232   3.909579    34.6352     0.8785 5.7650e-01     0.1093    97.3044      98.52    207.294     4.7641 2.4869e+03          1         30 0.0000e+00
   38.73493  -69.21436    11.6596   3.911108    34.4234     43.754     44.092    11.5683   3.910548    34.5050     0.6335 3.2268e-01     0.0812    97.9901      98.53    205.561     4.7234 2.4793e+03          1         39 0.0000e+00
   38.73492  -69.21436    11.6496   3.912130    34.4446     44.378     44.720    11.6573   3.912045    34.4357     0.6102 6.4814e-02     0.0737    98.1755      98.53    205.515     4.7224 2.4736e+03          1         87 0.0000e+00
   38.73492  -69.21436    11.7264   3.910987    34.3604     45.679     46.032    11.7287   3.910970    34.3578     0.5317 7.6478e-02     0.0700    98.2646      98.53    204.527     4.6994 2.4806e+03          1         20 0.0000e+00
   38.73492  -69.21436    11.7457   3.912670    34.3588     46.764     47.125    11.7359   3.913287    34.3740     0.4626 6.2343e-02     0.0516    98.7187      98.53    204.575     4.7005 2.4860e+03          1         35 0.0000e+00
   38.73491  -69.21436    11.7361   3.916793    34.4095     47.455     47.822    11.7457   3.918821    34.4201     0.4954 3.5393e-01     0.0621    98.4606      98.53    200.389     4.6045 2.4859e+03          1         29 0.0000e+00
   38.73490  -69.21436    11.7702   3.920548    34.4137     48.581     48.956    11.8177   3.933480    34.4950     0.4716 3.7156e-01     0.0579    98.5620      98.53    199.102     4.5749 2.4844e+03          1         18 0.0000e+00
   38.73490  -69.21436    11.8716   3.922227    34.3338     49.675     50.059    11.9740   3.944634    34.4552     0.4180 2.8752e-01     0.0497    98.7660      98.53    200.586     4.6086 2.4791e+03          1         26 0.0000e+00
   38.73490  -69.21437    11.9911   3.932019    34.3176     50.615     51.006    11.9806   3.965372    34.6531     0.3808 7.8088e-02     0.0454    98.8709      98.53    200.425     4.6048 2.4788e+03          1         84 0.0000e+00
   38.73490  -69.21438    12.0866   3.963971    34.5403     51.440     51.837    12.0828   3.981584    34.7155     0.3758 1.1385e-01     0.0440    98.9069      98.53    214.069     4.9190 2.4883e+03          1         72 0.0000e+00
   38.73490  -69.21438    12.2445   3.987219    34.6170     52.550     52.957    12.2574   4.000320    34.7318     0.3210 8.4326e-03     0.0375    99.0668      98.53    228.388     5.2481 2.4898e+03          1         21 0.0000e+00
   38.73488  -69.21438    12.3445   4.005429    34.6988     53.607     54.022    12.3483   4.017095    34.8082     0.2922 3.8930e-03     0.0353    99.1209      98.52    236.763     5.4408 2.4904e+03          1         25 0.0000e+00
   38.73488  -69.21438    12.4083   4.022836    34.8088     54.626     55.049    12.3951   4.027884    34.8703     0.3070 1.6328e-02     0.0337    99.1613      98.53    242.038     5.5625 2.4809e+03          1         75 0.0000e+00
   38.73488  -69.21438    12.4838   4.035399    34.8601     55.557     55.987    12.4810   4.039276    34.9001     0.2869 2.9898e-02     0.0331    99.1765      98.52    235.988     5.4235 2.4805e+03          1         32 0.0000e+00
   38.73488  -69.21438    12.5865   4.050473    34.9087     56.666     57.105    12.5836   4.051330    34.9197     0.2714 1.9044e-02     0.0352    99.1240      98.52    234.582     5.3913 2.4851e+03          1         48 0.0000e+00
   38.73488  -69.21438    12.5923   4.054972    34.9490     57.461     57.906    12.6012   4.056526    34.9554     0.2488 2.2490e-03     0.0319    99.2055      98.53    236.639     5.4387 2.4972e+03          1         67 0.0000e+00
   38.73486  -69.21438    12.5381   4.049571    34.9499     58.486     58.939    12.5391   4.049879    34.9520     0.2058 2.7483e-03     0.0409    98.9820      98.53    237.447     5.4574 2.5037e+03          1         34 0.0000e+00
   38.73486  -69.21438    12.5886   4.055188    34.9559     59.523     59.985    12.5940   4.054841    34.9474     0.1736 4.8398e-04     0.0310    99.2274      98.52    235.823     5.4200 2.4971e+03          1         28 0.0000e+00
   38.73486  -69.21438    12.7009   4.070072    34.9922     60.602     61.072    12.6997   4.069495    34.9879     0.1694 3.6412e-03     0.0234    99.4171      98.52    233.542     5.3677 2.4854e+03          1         37 0.0000e+00
   38.73486  -69.21438    12.7246   4.074067    35.0097     61.504     61.981    12.7172   4.073100    35.0075     0.1734 6.2342e-03     0.0178    99.5566      98.52    232.961     5.3543 2.4851e+03          1        102 0.0000e+00
   38.73485  -69.21438    12.7621   4.078829    35.0210     62.473     62.957    12.7622   4.079033    35.0228     0.1423 5.1890e-02     0.0185    99.5383      98.53    231.429     5.3191 2.4907e+03          1         40 0.0000e+00
   38.73484  -69.21438    12.7843   4.081981    35.0303     63.465     63.958    12.7860   4.082506    35.0337     0.1851 2.2107e-02     0.0325    99.1907      98.52    231.929     5.3307 2.4952e+03          1         28 0.0000e+00
   38.73484  -69.21438    12.8285   4.087256    35.0388     64.516     65.017    12.8253   4.087180    35.0411     0.1571 1.3091e-02     0.0370    99.0790      98.52    231.714     5.3257 2.4922e+03          1         30 0.0000e+00
   38.73484  -69.21438    12.8712   4.093858    35.0617     65.520     66.029    12.8708   4.094113    35.0644     0.1596 1.4039e-02     0.0479    98.8105      98.52    231.057     5.3106 2.4866e+03          1         36 0.0000e+00
   38.73484  -69.21440    12.9060   4.098978    35.0781     66.570     67.087    12.9033   4.098778    35.0787     0.1372 2.0265e-03     0.2844    93.2738      98.52    231.587     5.3229 2.4822e+03          1         50 0.0000e+00
   38.73483  -69.21440    12.9011   4.098576    35.0799     67.313     67.836    12.8986   4.098354    35.0803     0.1317 1.2109e-03     0.3055    92.9532      95.79    231.722     5.3260 2.4925e+03          1         36 0.0000e+00
   38.73482  -69.21440    12.9129   4.100328    35.0854     68.496     69.028    12.9132   4.100503    35.0871     0.1250 1.0000e-12     0.1565    96.1684      98.53    233.805     5.3738 2.4968e+03          1         19 0.0000e+00
   38.73482  -69.21440    12.9140   4.100542    35.0863     69.467     70.007    12.9143   4.100717    35.0880     0.1241 1.0000e-12     0.0579    98.5633      98.53    234.530     5.3905 2.4958e+03          1         22 0.0000e+00
   38.73482  -69.21440    12.9129   4.100508    35.0870     70.535     71.084    12.9132   4.100663    35.0884     0.1124 4.9285e-03     0.0375    99.0669      98.52    232.038     5.3332 2.4884e+03          1         43 0.0000e+00
