Data/ruptures/KN207-01/QL-1/20701029.cnv
* Sea-Bird SBE 9 Data File:
* FileName = C:\Data\ctd\20701029.hex
* Software Version Seasave V 7.21e
* Temperature SN = 4406
* Conductivity SN = 1474
* Number of Bytes Per Scan = 40
* Number of Voltage Words = 5
* Number of Scans Averaged by the Deck Unit = 1
* NMEA Latitude = 38 52.92 N
* NMEA Longitude = 069 02.03 W
* NMEA UTC (Time) = Apr 25 2012 12:06:32
** R/V Knorr Cruise # KN207-01 QL1
** Chief Scientist: Ben Van Mooy
# nquan = 21
# nvalues = 398                         
# units = specified
# name 0 = latitude: Latitude [deg]
# name 1 = longitude: Longitude [deg]
# name 2 = t090C: Temperature [ITS-90, deg C]
# name 3 = c0S/m: Conductivity [S/m]
# name 4 = sal00: Salinity, Practical [PSU]
# name 5 = depSM: Depth [salt water, m]
# name 6 = prDM: Pressure, Digiquartz [db]
# name 7 = t190C: Temperature, 2 [ITS-90, deg C]
# name 8 = c1S/m: Conductivity, 2 [S/m]
# name 9 = sal11: Salinity, Practical, 2 [PSU]
# name 10 = flECO-AFL: Fluorescence, WET Labs ECO-AFL/FL [mg/m^3]
# name 11 = par: PAR/Irradiance, Biospherical/Licor
# name 12 = bat: Beam Attenuation, Chelsea/Seatech [1/m]
# name 13 = xmiss: Beam Transmission, Chelsea/Seatech [%]
# name 14 = altM: Altimeter [m]
# name 15 = sbeox0Mm/Kg: Oxygen, SBE 43 [umol/kg]
# name 16 = sbeox0ML/L: Oxygen, SBE 43 [ml/l]
# name 17 = spar: SPAR/Surface Irradiance
# name 18 = pumps: Pump Status
# name 19 = nbin: number of scans per bin
# name 20 = flag: flag
# span 0 =   38.88043,   38.88210       
# span 1 =  -69.03505,  -69.03395       
# span 2 =    11.3527,    14.7113       
# span 3 =   3.762219,   4.357642       
# span 4 =    32.7188,    35.8326       
# span 5 =      3.078,    200.227       
# span 6 =      3.102,    201.851       
# span 7 =    11.3324,    14.7114       
# span 8 =   3.807249,   4.357575       
# span 9 =    33.1539,    35.8356       
# span 10 =     0.0070,     2.5609      
# span 11 = 1.0000e-12, 8.2831e+01      
# span 12 =    -0.0122,     0.3442      
# span 13 =    91.7556,   100.3051      
# span 14 =      10.14,      98.71      
# span 15 =    145.536,    470.150      
# span 16 =     3.3462,    10.7966      
# span 17 = 4.8933e+02, 5.3312e+02      
# span 18 =          1,          1      
# span 19 =         11,        616      
# span 20 = 0.0000e+00, 0.0000e+00      
# interval = decibars: 1                
# start_time = Apr 25 2012 12:06:32 [NMEA time, header]
# bad_flag = -9.990e-29
*END*
[from data line 69]
   38.88206  -69.03403    13.6883   4.203428    35.3411     72.488     73.054    13.6883   4.202648    35.3342     0.0937 2.5966e-02     0.0066    99.8347      98.49    226.814     5.2134 5.2111e+02          1         26 0.0000e+00
   38.88205  -69.03403    13.6244   4.195088    35.3245     73.260     73.831    13.6401   4.197208    35.3299     0.0931 2.3457e-02     0.0073    99.8177      98.49    225.744     5.1888 5.0830e+02          1        140 0.0000e+00
   38.88204  -69.03402    13.6846   4.203281    35.3445     74.366     74.946    13.6846   4.202794    35.3402     0.0955 2.2934e-02     0.0451    98.8924      98.49    226.515     5.2065 4.9578e+02          1         27 0.0000e+00
   38.88204  -69.03402    13.7309   4.209978    35.3634     75.390     75.979    13.7300   4.209193    35.3573     0.0854 2.1912e-02     0.1740    95.7432      98.49    227.116     5.2204 5.0432e+02          1         23 0.0000e+00
   38.88204  -69.03402    13.7569   4.213640    35.3732     76.417     77.014    13.7566   4.213251    35.3701     0.0627 2.0598e-02     0.1410    96.5379      98.49    226.823     5.2136 5.1635e+02          1         25 0.0000e+00
   38.88204  -69.03404    13.7726   4.215770    35.3785     77.452     78.057    13.7719   4.215625    35.3781     0.0610 1.9008e-02     0.0698    98.2723      98.49    225.502     5.1833 5.2515e+02          1         40 0.0000e+00
   38.88204  -69.03403    13.7365   4.211031    35.3691     78.283     78.895    13.7356   4.211047    35.3703     0.0635 1.7762e-02     0.0155    99.6132      86.50    224.634     5.1633 5.0378e+02          1        130 0.0000e+00
   38.88204  -69.03402    13.7780   4.216743    35.3833     79.331     79.951    13.7740   4.215310    35.3736     0.0548 1.5140e-02     0.0084    99.7914      98.49    224.818     5.1676 5.0275e+02          1         21 0.0000e+00
   38.88204  -69.03402    13.8039   4.220263    35.3915     80.363     80.991    13.8052   4.220089    35.3887     0.0579 8.7820e-03     0.0125    99.6874      98.49    225.548     5.1844 5.1282e+02          1         19 0.0000e+00
   38.88204  -69.03402    13.8297   4.223786    35.3999     81.397     82.033    13.8294   4.223489    35.3974     0.0652 1.5075e-02     0.0075    99.8132      98.49    225.474     5.1826 5.1962e+02          1         19 0.0000e+00
   38.88204  -69.03405    13.8241   4.223127    35.3994     82.601     83.247    13.8140   4.221945    35.3979     0.0439 1.3916e-02     0.0020    99.9497      98.49    224.371     5.1573 5.1706e+02          1        103 0.0000e+00
   38.88203  -69.03405    13.8149   4.221795    35.3959     83.325     83.977    13.7899   4.218060    35.3844     0.0693 1.3772e-02     0.0041    99.8967      98.50    224.200     5.1534 5.0366e+02          1         62 0.0000e+00
   38.88202  -69.03404    13.9288   4.237537    35.4352     84.312     84.972    13.9064   4.233952    35.4227     0.0558 1.3302e-02     0.0042    99.8948      98.49    224.692     5.1647 5.0928e+02          1         29 0.0000e+00
   38.88202  -69.03404    13.9420   4.239355    35.4398     85.317     85.985    13.9414   4.239239    35.4390     0.0231 1.2608e-02     0.0017    99.9592      98.50    224.691     5.1647 5.1369e+02          1         21 0.0000e+00
   38.88202  -69.03404    13.9693   4.243222    35.4501     86.317     86.993    13.9709   4.243029    35.4465     0.0466 1.1860e-02    -0.0002   100.0041      98.49    223.991     5.1486 5.1653e+02          1         25 0.0000e+00
   38.88202  -69.03406    13.9640   4.242461    35.4488     87.373     88.057    13.9545   4.241517    35.4488     0.0520 1.1059e-02     0.0019    99.9530      98.50    222.796     5.1211 5.1351e+02          1        111 0.0000e+00
   38.88201  -69.03405    14.0075   4.248392    35.4634     88.230     88.921    13.9667   4.242291    35.4447     0.0655 1.0504e-02    -0.0002   100.0054      98.50    223.137     5.1290 5.0827e+02          1         35 0.0000e+00
   38.88200  -69.03404    14.0186   4.250020    35.4681     89.272     89.972    14.0187   4.250009    35.4675     0.0537 4.4021e-03    -0.0002   100.0054      98.49    223.105     5.1283 5.1330e+02          1         27 0.0000e+00
   38.88200  -69.03404    14.0306   4.251762    35.4730     90.335     91.044    14.0291   4.251557    35.4722     0.0387 4.9413e-03    -0.0017   100.0423      98.50    222.492     5.1142 5.1873e+02          1         31 0.0000e+00
   38.88200  -69.03405    14.0428   4.253537    35.4782     91.316     92.033    14.0420   4.253446    35.4779     0.0448 8.9574e-03    -0.0017   100.0420      98.50    223.110     5.1284 5.1246e+02          1         68 0.0000e+00
   38.88200  -69.03406    14.0455   4.253927    35.4795     92.251     92.975    14.0454   4.253996    35.4801     0.0475 8.6035e-03    -0.0003   100.0074      98.49    223.214     5.1308 5.0905e+02          1         49 0.0000e+00
   38.88200  -69.03406    14.0461   4.254044    35.4800     93.279     94.011    14.0462   4.254126    35.4806     0.0529 7.2322e-03    -0.0009   100.0224      98.49    223.450     5.1362 5.2031e+02          1         67 0.0000e+00
   38.88200  -69.03406    14.0635   4.256599    35.4872     94.225     94.965    14.0610   4.255981    35.4837     0.0449 3.7475e-03     0.0004    99.9909      98.50    223.250     5.1316 5.1586e+02          1         31 0.0000e+00
   38.88200  -69.03406    14.0925   4.260458    35.4955     95.251     95.999    14.0927   4.260528    35.4958     0.0350 5.5589e-03    -0.0018   100.0460      98.49    223.469     5.1367 5.0926e+02          1         20 0.0000e+00
   38.88200  -69.03406    14.0946   4.260805    35.4965     96.279     97.036    14.0941   4.260811    35.4970     0.0266 6.7276e-03    -0.0022   100.0552      98.50    223.265     5.1320 5.0610e+02          1         26 0.0000e+00
   38.88198  -69.03406    14.0830   4.259292    35.4936     97.000     97.763    14.0848   4.259593    35.4946     0.0321 6.8079e-03    -0.0020   100.0497      98.50    222.440     5.1130 5.1231e+02          1        109 0.0000e+00
   38.88198  -69.03406    14.1153   4.263872    35.5054     98.217     98.989    14.1149   4.263583    35.5031     0.0377 5.1879e-03    -0.0025   100.0634      98.49    222.634     5.1175 5.1667e+02          1         24 0.0000e+00
   38.88198  -69.03406    14.1236   4.264986    35.5077     99.221    100.001    14.1231   4.264984    35.5082     0.0478 5.8028e-03    -0.0029   100.0719      98.50    222.732     5.1197 5.1416e+02          1         24 0.0000e+00
   38.88198  -69.03406    14.1352   4.266778    35.5132    100.218    101.006    14.1349   4.266591    35.5117     0.0398 5.9641e-03    -0.0034   100.0847      98.50    222.332     5.1105 5.1315e+02          1         22 0.0000e+00
   38.88198  -69.03407    14.1339   4.266553    35.5123    101.402    102.200    14.1329   4.266550    35.5132     0.0464 4.8359e-03    -0.0031   100.0780      98.50    222.776     5.1207 5.1082e+02          1        119 0.0000e+00
   38.88198  -69.03408    14.1376   4.267147    35.5144    102.118    102.922    14.1327   4.266348    35.5115     0.0251 4.6716e-03    -0.0024   100.0612      98.50    222.979     5.1254 5.1757e+02          1         37 0.0000e+00
   38.88198  -69.03408    14.1564   4.269969    35.5225    103.188    104.000    14.1551   4.269507    35.5194     0.0359 3.9166e-03    -0.0018   100.0455      98.50    222.780     5.1208 5.1847e+02          1         28 0.0000e+00
   38.88198  -69.03408    14.2097   4.277409    35.5410    104.233    105.053    14.2062   4.276597    35.5367     0.0317 4.8723e-03    -0.0020   100.0492      98.50    222.723     5.1195 5.1685e+02          1         27 0.0000e+00
   38.88198  -69.03408    14.2193   4.278704    35.5440    105.227    106.056    14.2171   4.278437    35.5436     0.0279 4.6651e-03    -0.0027   100.0687      98.50    222.412     5.1124 5.0776e+02          1         54 0.0000e+00
   38.88198  -69.03408    14.2261   4.279806    35.5479    106.101    106.937    14.2273   4.279983    35.5484     0.0245 4.5203e-03    -0.0032   100.0796      98.50    221.945     5.1017 5.0075e+02          1         35 0.0000e+00
   38.88197  -69.03408    14.2314   4.280590    35.5500    107.142    107.987    14.2312   4.280668    35.5509     0.0159 1.0716e-03    -0.0039   100.0977      98.50    222.401     5.1122 5.0808e+02          1         26 0.0000e+00
   38.88196  -69.03408    14.2313   4.280598    35.5500    108.176    109.029    14.2312   4.280684    35.5509     0.0277 3.4559e-03    -0.0030   100.0749      98.50    222.446     5.1132 5.1718e+02          1         27 0.0000e+00
   38.88196  -69.03408    14.2302   4.280423    35.5492    109.144    110.005    14.2299   4.280514    35.5503     0.0413 3.1810e-03    -0.0025   100.0631      98.50    222.845     5.1224 5.2161e+02          1         31 0.0000e+00
   38.88196  -69.03408    14.2290   4.280280    35.5489    110.097    110.966    14.2292   4.280401    35.5498     0.0394 2.4520e-03    -0.0037   100.0937      98.50    222.749     5.1202 5.1882e+02          1         41 0.0000e+00
   38.88196  -69.03410    14.2283   4.280187    35.5484    111.113    111.991    14.2283   4.280278    35.5492     0.0564 2.6013e-03    -0.0035   100.0888      98.50    222.221     5.1080 5.0492e+02          1         31 0.0000e+00
   38.88196  -69.03410    14.2380   4.281724    35.5531    112.109    112.994    14.2390   4.281832    35.5532     0.0487 2.4973e-03    -0.0038   100.0966      98.49    222.168     5.1068 4.9669e+02          1         24 0.0000e+00
   38.88196  -69.03410    14.2489   4.283357    35.5577    113.107    114.001    14.2494   4.283292    35.5566     0.0499 3.1970e-03    -0.0014   100.0345      98.50    222.376     5.1116 4.9656e+02          1         18 0.0000e+00
   38.88196  -69.03410    14.2607   4.284970    35.5612    114.094    114.995    14.2603   4.284903    35.5609     0.0663 2.9315e-03    -0.0010   100.0248      98.50    222.554     5.1157 5.0120e+02          1         16 0.0000e+00
   38.88196  -69.03410    14.2660   4.285807    35.5637    115.106    116.016    14.2662   4.285710    35.5625     0.0429 1.4928e-04     0.0022    99.9445      98.49    223.020     5.1264 5.0664e+02          1         16 0.0000e+00
   38.88196  -69.03410    14.3014   4.291120    35.5791    116.121    117.039    14.3079   4.291321    35.5748     0.0358 2.3417e-03     0.0031    99.9218      98.50    223.261     5.1320 5.1213e+02          1         17 0.0000e+00
   38.88196  -69.03408    14.3285   4.294607    35.5857    117.124    118.050    14.3275   4.294507    35.5857     0.0356 2.1567e-03    -0.0030   100.0754      98.50    223.321     5.1333 5.1740e+02          1         21 0.0000e+00
   38.88196  -69.03408    14.3403   4.296265    35.5898    118.120    119.054    14.3409   4.296339    35.5900     0.0323 9.9258e-04    -0.0029   100.0730      98.49    222.733     5.1199 5.2149e+02          1         42 0.0000e+00
   38.88196  -69.03408    14.3497   4.297552    35.5930    118.978    119.919    14.3496   4.297569    35.5933     0.0341 2.2825e-03    -0.0038   100.0946      98.50    221.203     5.0847 5.1798e+02          1         38 0.0000e+00
   38.88196  -69.03408    14.3614   4.299244    35.5976    120.013    120.963    14.3613   4.299134    35.5966     0.0356 2.3529e-03    -0.0043   100.1073      98.50    220.405     5.0663 5.0878e+02          1         24 0.0000e+00
   38.88194  -69.03410    14.3712   4.300298    35.5979    121.021    121.979    14.3712   4.300611    35.6008     0.0423 2.2688e-03    -0.0048   100.1205      98.50    219.953     5.0559 5.0268e+02          1         20 0.0000e+00
   38.88194  -69.03410    14.3758   4.301258    35.6022    122.052    123.019    14.3759   4.301302    35.6026     0.0315 2.1799e-03    -0.0051   100.1267      98.50    220.285     5.0636 5.0098e+02          1         22 0.0000e+00
   38.88194  -69.03410    14.3784   4.301647    35.6033    123.039    124.014    14.3790   4.301726    35.6034     0.0154 1.1905e-03    -0.0052   100.1293      98.50    220.505     5.0686 5.0307e+02          1         21 0.0000e+00
   38.88194  -69.03410    14.3917   4.303564    35.6082    124.002    124.984    14.3913   4.303362    35.6067     0.0521 4.4931e-04    -0.0056   100.1406      98.49    220.252     5.0628 5.0730e+02          1         19 0.0000e+00
   38.88194  -69.03410    14.4194   4.307503    35.6183    124.998    125.989    14.4190   4.307162    35.6154     0.0297 8.1731e-04    -0.0057   100.1433      98.49    220.079     5.0589 5.1129e+02          1         19 0.0000e+00
   38.88194  -69.03410    14.4337   4.309471    35.6227    126.025    127.024    14.4337   4.309448    35.6226     0.0385 7.3405e-04    -0.0056   100.1387      98.50    219.971     5.0564 5.1478e+02          1         18 0.0000e+00
   38.88194  -69.03410    14.4469   4.311443    35.6284    127.013    128.021    14.4469   4.311322    35.6273     0.0575 1.4386e-03    -0.0055   100.1366      98.50    220.027     5.0577 5.1857e+02          1         19 0.0000e+00
   38.88194  -69.03410    14.4532   4.312320    35.6305    128.055    129.071    14.4531   4.312287    35.6302     0.0428 8.4279e-05    -0.0052   100.1302      98.50    219.268     5.0402 5.2183e+02          1         31 0.0000e+00
   38.88194  -69.03410    14.4751   4.315407    35.6384    128.978    130.002    14.4755   4.315383    35.6378     0.0428 5.4742e-04    -0.0062   100.1560      98.50    218.479     5.0221 5.1565e+02          1         48 0.0000e+00
   38.88193  -69.03410    14.4968   4.318525    35.6469    129.903    130.934    14.4958   4.318354    35.6462     0.0339 8.0859e-04    -0.0061   100.1531      98.51    218.460     5.0216 5.0567e+02          1         26 0.0000e+00
   38.88192  -69.03410    14.5078   4.320081    35.6507    130.906    131.946    14.5074   4.320011    35.6504     0.0127 5.0170e-04    -0.0065   100.1636      98.50    218.173     5.0151 5.0354e+02          1         19 0.0000e+00
   38.88192  -69.03410    14.5099   4.320399    35.6515    131.936    132.984    14.5099   4.320486    35.6523     0.0289 1.2486e-03    -0.0070   100.1758      98.50    217.959     5.0101 5.0452e+02          1         17 0.0000e+00
   38.88192  -69.03410    14.5126   4.320880    35.6531    132.925    133.982    14.5137   4.321023    35.6534     0.0429 1.2324e-03    -0.0069   100.1742      98.50    217.632     5.0026 5.0678e+02          1         16 0.0000e+00
   38.88192  -69.03410    14.5328   4.324005    35.6627    133.956    135.021    14.5335   4.323688    35.6591     0.0309 9.3085e-04    -0.0070   100.1758      98.50    217.354     4.9963 5.0918e+02          1         19 0.0000e+00
   38.88192  -69.03410    14.5500   4.326310    35.6675    134.974    136.047    14.5502   4.326382    35.6681     0.0178 5.9728e-04    -0.0075   100.1880      98.50    217.367     4.9966 5.1223e+02          1         19 0.0000e+00
   38.88192  -69.03411    14.5682   4.329136    35.6764    135.931    137.013    14.5689   4.328989    35.6744     0.0273 5.3172e-04    -0.0071   100.1776      98.50    217.007     4.9883 5.1528e+02          1         29 0.0000e+00
   38.88192  -69.03412    14.5887   4.332102    35.6844    136.891    137.980    14.5881   4.332018    35.6842     0.0360 7.9243e-04    -0.0068   100.1710      98.50    216.490     4.9764 5.1779e+02          1         32 0.0000e+00
   38.88192  -69.03412    14.5986   4.333651    35.6894    137.895    138.992    14.5986   4.333608    35.6891     0.0511 7.4357e-04    -0.0081   100.2015      98.50    215.867     4.9621 5.1744e+02          1         30 0.0000e+00
   38.88192  -69.03412    14.6147   4.336206    35.6977    138.890    139.995    14.6143   4.336068    35.6969     0.0447 5.3306e-04    -0.0082   100.2042      98.50    214.675     4.9347 5.1297e+02          1         29 0.0000e+00
