Data/ruptures/KN207-01/QL-1/20701041.cnv
* Sea-Bird SBE 9 Data File:
* FileName = C:\Data\ctd\20701041.hex
* Software Version Seasave V 7.21e
* Temperature SN = 4406
* Conductivity SN = 1474
* Number of Bytes Per Scan = 40
* Number of Voltage Words = 5
* Number of Scans Averaged by the Deck Unit = 1
* NMEA Latitude = 38 47.72 N
* NMEA Longitude = 069 09.38 W
* NMEA UTC (Time) = Apr 26 2012 20:02:11
** R/V Knorr Cruise # KN207-01 QL1
** Chief Scientist: Ben Van Mooy
# nquan = 21
# nvalues = 398                         
# units = specified
# name 0 = latitude: Latitude [deg]
# name 1 = longitude: Longitude [deg]
# name 2 = t090C: Temperature [ITS-90, deg C]
# name 3 = c0S/m: Conductivity [S/m]
# name 4 = sal00: Salinity, Practical [PSU]
# name 5 = depSM: Depth [salt water, m]
# name 6 = prDM: Pressure, Digiquartz [db]
# name 7 = t190C: Temperature, 2 [ITS-90, deg C]
# name 8 = c1S/m: Conductivity, 2 [S/m]
# name 9 = sal11: Salinity, Practical, 2 [PSU]
# name 10 = flECO-AFL: Fluorescence, WET Labs ECO-AFL/FL [mg/m^3]
# name 11 = par: PAR/Irradiance, Biospherical/Licor
# name 12 = bat: Beam Attenuation, Chelsea/Seatech [1/m]
# name 13 = xmiss: Beam Transmission, Chelsea/Seatech [%]
# name 14 = altM: Altimeter [m]
# name 15 = sbeox0Mm/Kg: Oxygen, SBE 43 [umol/kg]
# name 16 = sbeox0ML/L: Oxygen, SBE 43 [ml/l]
# name 17 = spar: SPAR/Surface Irradiance
# name 18 = pumps: Pump Status
# name 19 = nbin: number of scans per bin
# name 20 = flag: flag
# span 0 =   38.79538,   38.79576       
# span 1 =  -69.15770,  -69.15650       
# span 2 =    11.2643,    14.6714       
# span 3 =   3.743382,   4.352156       
# span 4 =    32.0037,    35.8238       
# span 5 =      2.260,    199.130       
# span 6 =      2.277,    200.743       
# span 7 =    11.2449,    14.6711       
# span 8 =   3.832108,   4.352309       
# span 9 =    32.9468,    35.8281       
# span 10 =     0.0059,     3.3016      
# span 11 = 1.0000e-12, 9.1789e+00      
# span 12 =    -0.0135,     0.3649      
# span 13 =    91.2822,   100.3367      
# span 14 =      33.40,      98.78      
# span 15 =    145.278,    417.033      
# span 16 =     3.3402,     9.5754      
# span 17 = 2.5189e+02, 2.9229e+02      
# span 18 =          1,          1      
# span 19 =         16,        509      
# span 20 = 0.0000e+00, 0.0000e+00      
# interval = decibars: 1                
# start_time = Apr 26 2012 20:02:11 [NMEA time, header]
# bad_flag = -9.990e-29
*END*
[from data line 207]
   38.79554  -69.15718    14.0448   4.291591    35.7872    190.521    192.061    14.0390   4.290862    35.7860     0.0211 1.0000e-12    -0.0134   100.3343      98.56    147.417     3.3893 2.7214e+02          1         30 0.0000e+00
   38.79554  -69.15718    14.0961   4.297689    35.7963    189.478    191.009    14.0938   4.296915    35.7912     0.0178 1.0000e-12    -0.0135   100.3367      98.56    147.217     3.3847 2.7214e+02          1         23 0.0000e+00
   38.79554  -69.15718    14.1674   4.305556    35.8026    188.471    189.993    14.1557   4.303718    35.7966     0.0357 1.0000e-12    -0.0127   100.3171      98.56    147.214     3.3846 2.7192e+02          1         20 0.0000e+00
   38.79554  -69.15718    14.2168   4.310907    35.8064    187.460    188.973    14.2145   4.310074    35.8008     0.0291 1.0000e-12    -0.0131   100.3274      98.56    147.548     3.3923 2.7192e+02          1         20 0.0000e+00
   38.79556  -69.15718    14.2538   4.314844    35.8091    186.484    187.988    14.2598   4.315289    35.8075     0.0290 1.0000e-12    -0.0131   100.3269      98.56    147.948     3.4014 2.7125e+02          1         25 0.0000e+00
   38.79556  -69.15718    14.2903   4.318764    35.8123    185.521    187.018    14.2888   4.318352    35.8099     0.0340 1.0000e-12    -0.0130   100.3258      98.56    149.166     3.4294 2.7190e+02          1         37 0.0000e+00
   38.79556  -69.15718    14.3277   4.322545    35.8134    184.564    186.053    14.3256   4.321957    35.8099     0.0438 1.0000e-12    -0.0133   100.3337      98.56    150.432     3.4585 2.7238e+02          1         28 0.0000e+00
   38.79556  -69.15718    14.3444   4.324441    35.8164    183.553    185.033    14.3408   4.323742    35.8133     0.0401 1.0000e-12    -0.0131   100.3287      98.56    151.271     3.4778 2.7381e+02          1         20 0.0000e+00
   38.79556  -69.15719    14.3772   4.327750    35.8170    182.531    184.002    14.3692   4.326685    35.8146     0.0495 1.0000e-12    -0.0124   100.3101      98.56    152.124     3.4974 2.7376e+02          1         22 0.0000e+00
   38.79556  -69.15720    14.3999   4.329898    35.8165    181.490    182.952    14.4003   4.329742    35.8147     0.0519 1.0000e-12    -0.0122   100.3053      98.56    153.211     3.5223 2.7339e+02          1         25 0.0000e+00
   38.79556  -69.15720    14.4051   4.330359    35.8171    180.526    181.980    14.4050   4.330302    35.8165     0.0395 1.0000e-12    -0.0131   100.3268      98.56    154.417     3.5501 2.7372e+02          1         24 0.0000e+00
   38.79556  -69.15720    14.4084   4.330536    35.8167    179.555    181.001    14.4087   4.330580    35.8168     0.0468 1.0000e-12    -0.0129   100.3218      98.56    155.881     3.5837 2.7386e+02          1         22 0.0000e+00
   38.79556  -69.15720    14.4190   4.331399    35.8156    178.561    179.999    14.4180   4.331264    35.8152     0.0375 1.0000e-12    -0.0132   100.3310      98.56    156.937     3.6080 2.7401e+02          1         25 0.0000e+00
   38.79556  -69.15720    14.4366   4.332858    35.8134    177.560    178.989    14.4338   4.332607    35.8137     0.0367 1.0000e-12    -0.0126   100.3144      98.56    157.320     3.6168 2.7437e+02          1         28 0.0000e+00
   38.79556  -69.15720    14.4477   4.333788    35.8125    176.589    178.010    14.4472   4.333727    35.8124     0.0345 1.0000e-12    -0.0122   100.3053      98.57    157.852     3.6290 2.7454e+02          1         27 0.0000e+00
   38.79556  -69.15720    14.4685   4.335644    35.8108    175.592    177.005    14.4676   4.335364    35.8090     0.0405 1.0000e-12    -0.0074   100.1847      98.56    159.062     3.6568 2.7466e+02          1         23 0.0000e+00
   38.79556  -69.15720    14.5005   4.338719    35.8098    174.581    175.984    14.5030   4.338450    35.8048     0.0255 1.0000e-12    -0.0074   100.1847      98.56    160.252     3.6841 2.7456e+02          1         23 0.0000e+00
   38.79556  -69.15720    14.5336   4.341576    35.8057    173.581    174.976    14.5334   4.341655    35.8066     0.0343 1.0000e-12    -0.0123   100.3064      98.56    161.683     3.7170 2.7455e+02          1         25 0.0000e+00
   38.79556  -69.15721    14.5390   4.341748    35.8032    172.617    174.004    14.5392   4.341764    35.8032     0.0364 1.0000e-12    -0.0120   100.3005      98.57    164.378     3.7789 2.7520e+02          1         27 0.0000e+00
   38.79556  -69.15722    14.5498   4.342607    35.8019    171.645    173.024    14.5447   4.342153    35.8025     0.0182 1.0000e-12    -0.0116   100.2915      98.56    167.642     3.8539 2.7627e+02          1         20 0.0000e+00
   38.79556  -69.15722    14.5606   4.343773    35.8032    170.651    172.021    14.5485   4.342538    35.8032     0.0169 1.0000e-12    -0.0113   100.2829      98.57    169.383     3.8940 2.7660e+02          1         18 0.0000e+00
   38.79556  -69.15722    14.5854   4.346561    35.8061    169.642    171.004    14.5723   4.344862    35.8029     0.0452 1.0000e-12    -0.0114   100.2867      98.55    170.177     3.9122 2.7660e+02          1         19 0.0000e+00
   38.79556  -69.15722    14.6030   4.348422    35.8076    168.617    169.970    14.6040   4.348360    35.8060     0.0239 1.0000e-12    -0.0114   100.2853      98.57    170.901     3.9288 2.7652e+02          1         27 0.0000e+00
   38.79556  -69.15722    14.6111   4.349027    35.8064    167.671    169.017    14.6062   4.348589    35.8070     0.0206 1.0000e-12    -0.0119   100.2981      98.57    173.117     3.9798 2.7633e+02          1         33 0.0000e+00
   38.79556  -69.15722    14.6195   4.349409    35.8030    166.702    168.039    14.6146   4.349071    35.8045     0.0158 1.0000e-12    -0.0124   100.3105      98.57    175.391     4.0320 2.7624e+02          1         25 0.0000e+00
   38.79556  -69.15722    14.6293   4.349945    35.7995    165.678    167.006    14.6245   4.349560    35.8004     0.0212 1.0000e-12    -0.0120   100.2996      98.56    176.360     4.0543 2.7670e+02          1         22 0.0000e+00
   38.79556  -69.15722    14.6368   4.350173    35.7952    164.686    166.007    14.6335   4.349948    35.7962     0.0214 1.0000e-12    -0.0123   100.3086      98.57    177.385     4.0778 2.7672e+02          1         18 0.0000e+00
   38.79556  -69.15722    14.6386   4.349848    35.7912    163.676    164.988    14.6381   4.350038    35.7934     0.0217 1.0000e-12    -0.0116   100.2908      98.57    178.194     4.0964 2.7713e+02          1         21 0.0000e+00
   38.79556  -69.15723    14.6357   4.348794    35.7850    162.689    163.992    14.6353   4.349280    35.7898     0.0289 1.0000e-12    -0.0119   100.2984      98.56    179.813     4.1336 2.7763e+02          1         26 0.0000e+00
   38.79556  -69.15724    14.6409   4.348800    35.7809    161.715    163.010    14.6443   4.349145    35.7807     0.0352 1.0000e-12    -0.0107   100.2683      98.57    181.247     4.1666 2.7846e+02          1         30 0.0000e+00
   38.79556  -69.15724    14.6499   4.349308    35.7777    160.715    162.002    14.6505   4.349739    35.7810     0.0363 1.0000e-12    -0.0118   100.2940      98.57    182.502     4.1954 2.7829e+02          1         25 0.0000e+00
   38.79556  -69.15724    14.6360   4.346448    35.7651    159.713    160.991    14.6371   4.347358    35.7725     0.0325 1.0000e-12    -0.0117   100.2931      98.57    183.304     4.2138 2.7825e+02          1         23 0.0000e+00
   38.79556  -69.15724    14.6225   4.343899    35.7550    158.722    159.991    14.6234   4.344297    35.7578     0.0213 1.0000e-12    -0.0110   100.2749      98.57    184.239     4.2353 2.7841e+02          1         21 0.0000e+00
   38.79557  -69.15724    14.6259   4.344009    35.7533    157.721    158.983    14.6247   4.344000    35.7544     0.0242 1.0000e-12    -0.0105   100.2618      98.57    185.041     4.2537 2.7864e+02          1         23 0.0000e+00
   38.79558  -69.15724    14.6327   4.344653    35.7533    156.708    157.961    14.6316   4.344620    35.7540     0.0490 1.0000e-12    -0.0119   100.2968      98.56    186.477     4.2867 2.7883e+02          1         24 0.0000e+00
   38.79558  -69.15724    14.6409   4.345551    35.7544    155.753    156.999    14.6405   4.345450    35.7538     0.0220 1.0000e-12    -0.0118   100.2942      98.56    188.591     4.3353 2.7902e+02          1         23 0.0000e+00
   38.79558  -69.15724    14.6528   4.346927    35.7563    154.778    156.016    14.6535   4.346909    35.7555     0.0086 1.0000e-12    -0.0118   100.2954      98.57    190.327     4.3752 2.8003e+02          1         26 0.0000e+00
   38.79558  -69.15724    14.6578   4.346931    35.7522    153.770    154.998    14.6574   4.347119    35.7543     0.0312 1.0000e-12    -0.0118   100.2954      98.57    191.206     4.3954 2.8009e+02          1         23 0.0000e+00
   38.79558  -69.15725    14.6511   4.345490    35.7458    152.779    154.000    14.6524   4.346096    35.7502     0.0288 1.0000e-12    -0.0113   100.2818      98.57    191.662     4.4059 2.7967e+02          1         24 0.0000e+00
   38.79558  -69.15726    14.6450   4.344199    35.7402    151.797    153.009    14.6451   4.344478    35.7427     0.0158 1.0000e-12    -0.0120   100.2992      98.57    194.069     4.4612 2.7928e+02          1         25 0.0000e+00
   38.79558  -69.15726    14.6420   4.343579    35.7378    150.804    152.007    14.6421   4.343777    35.7395     0.0221 1.0000e-12    -0.0120   100.2994      98.56    198.265     4.5576 2.7952e+02          1         26 0.0000e+00
   38.79558  -69.15726    14.6373   4.342641    35.7341    149.773    150.968    14.6388   4.343157    35.7374     0.0300 1.0000e-12    -0.0113   100.2835      98.57    201.283     4.6270 2.8037e+02          1         26 0.0000e+00
   38.79558  -69.15726    14.6327   4.341850    35.7315    148.809    149.996    14.6347   4.342438    35.7351     0.0343 1.0000e-12    -0.0116   100.2899      98.57    202.655     4.6585 2.8097e+02          1         25 0.0000e+00
   38.79558  -69.15727    14.6260   4.340607    35.7269    147.868    149.048    14.6280   4.341169    35.7302     0.0315 1.0000e-12    -0.0119   100.2965      98.57    203.111     4.6690 2.8106e+02          1         23 0.0000e+00
   38.79558  -69.15728    14.6328   4.341026    35.7247    146.844    148.015    14.6318   4.341082    35.7261     0.0453 1.0000e-12    -0.0119   100.2979      98.56    203.124     4.6693 2.8151e+02          1         20 0.0000e+00
   38.79558  -69.15728    14.6520   4.343230    35.7272    145.838    147.001    14.6501   4.342860    35.7257     0.0370 1.0000e-12    -0.0117   100.2935      98.57    203.056     4.6677 2.8141e+02          1         19 0.0000e+00
   38.79558  -69.15728    14.6530   4.342941    35.7242    144.806    145.960    14.6526   4.343087    35.7259     0.0239 1.0000e-12    -0.0114   100.2864      98.57    203.993     4.6892 2.8125e+02          1         23 0.0000e+00
   38.79558  -69.15728    14.6477   4.341917    35.7202    143.849    144.995    14.6476   4.342140    35.7223     0.0228 1.0000e-12    -0.0111   100.2776      98.57    205.518     4.7243 2.8106e+02          1         27 0.0000e+00
   38.79558  -69.15728    14.6381   4.340308    35.7148    142.885    144.023    14.6393   4.340803    35.7183     0.0108 1.0000e-12    -0.0111   100.2786      98.57    207.398     4.7675 2.8114e+02          1         29 0.0000e+00
   38.79558  -69.15728    14.6266   4.338402    35.7087    141.887    143.016    14.6276   4.338830    35.7116     0.0261 1.0000e-12    -0.0112   100.2807      98.57    208.271     4.7876 2.8227e+02          1         24 0.0000e+00
   38.79558  -69.15728    14.6174   4.336909    35.7039    140.867    141.988    14.6201   4.337633    35.7080     0.0059 1.0000e-12    -0.0112   100.2798      98.57    208.887     4.8017 2.8202e+02          1         21 0.0000e+00
   38.79558  -69.15728    14.6100   4.335690    35.7000    139.881    140.994    14.6105   4.336001    35.7024     0.0350 1.0000e-12    -0.0114   100.2863      98.57    209.318     4.8116 2.8218e+02          1         20 0.0000e+00
   38.79558  -69.15728    14.6064   4.335100    35.6983    138.914    140.018    14.6061   4.335264    35.7001     0.0105 1.0000e-12    -0.0110   100.2766      98.57    209.736     4.8212 2.8149e+02          1         26 0.0000e+00
   38.79558  -69.15729    14.5989   4.333880    35.6944    137.908    139.004    14.5998   4.334182    35.6964     0.0333 1.0000e-12    -0.0107   100.2671      98.57    210.687     4.8431 2.8244e+02          1         29 0.0000e+00
   38.79558  -69.15730    14.5925   4.332812    35.6910    136.912    138.000    14.5928   4.333140    35.6937     0.0343 1.0000e-12    -0.0108   100.2704      98.57    210.431     4.8372 2.8302e+02          1         25 0.0000e+00
   38.79558  -69.15730    14.5826   4.331239    35.6861    135.929    137.009    14.5849   4.331832    35.6895     0.0292 1.0000e-12    -0.0101   100.2542      98.58    210.777     4.8451 2.8362e+02          1         20 0.0000e+00
   38.79558  -69.15730    14.5778   4.330416    35.6834    134.934    136.006    14.5792   4.330885    35.6864     0.0295 1.5819e-04    -0.0103   100.2593      98.57    212.006     4.8734 2.8385e+02          1         24 0.0000e+00
   38.79558  -69.15730    14.5732   4.329688    35.6813    133.890    134.953    14.5744   4.330048    35.6835     0.0441 1.0000e-12    -0.0088   100.2183      98.56    212.540     4.8856 2.8338e+02          1         26 0.0000e+00
   38.79559  -69.15731    14.5722   4.329505    35.6809    132.923    133.978    14.5726   4.329693    35.6823     0.0289 1.0000e-12    -0.0096   100.2391      98.58    212.716     4.8897 2.8329e+02          1         26 0.0000e+00
   38.79560  -69.15732    14.5709   4.329277    35.6803    131.984    133.032    14.5721   4.329608    35.6822     0.0288 1.0000e-12    -0.0102   100.2568      98.56    212.612     4.8873 2.8329e+02          1         20 0.0000e+00
   38.79560  -69.15732    14.5656   4.328429    35.6778    130.988    132.027    14.5677   4.328951    35.6806     0.0307 1.0000e-12    -0.0100   100.2505      98.56    212.980     4.8957 2.8329e+02          1         21 0.0000e+00
   38.79560  -69.15732    14.5535   4.326602    35.6727    129.943    130.973    14.5551   4.327149    35.6763     0.0348 1.0000e-12    -0.0101   100.2517      98.57    213.446     4.9065 2.8349e+02          1         22 0.0000e+00
   38.79560  -69.15732    14.5510   4.326221    35.6718    128.951    129.973    14.5504   4.326309    35.6732     0.0423 1.0000e-12    -0.0092   100.2310      98.57    213.427     4.9060 2.8379e+02          1         27 0.0000e+00
   38.79560  -69.15732    14.5459   4.325475    35.6700    127.987    129.001    14.5463   4.325820    35.6729     0.0488 2.1578e-05    -0.0096   100.2396      98.57    213.800     4.9146 2.8490e+02          1         29 0.0000e+00
   38.79560  -69.15732    14.5204   4.321683    35.6594    127.003    128.010    14.5277   4.323067    35.6653     0.0277 1.0000e-12    -0.0095   100.2381      98.56    214.288     4.9258 2.8552e+02          1         26 0.0000e+00
   38.79560  -69.15732    14.5034   4.319173    35.6524    126.018    127.016    14.5115   4.320656    35.6585     0.0152 1.0000e-12    -0.0096   100.2406      98.58    214.191     4.9235 2.8525e+02          1         25 0.0000e+00
   38.79560  -69.15732    14.4976   4.318295    35.6500    125.010    126.000    14.5014   4.319083    35.6538     0.0204 1.0000e-12    -0.0091   100.2272      98.57    214.068     4.9207 2.8436e+02          1         23 0.0000e+00
   38.79560  -69.15732    14.4828   4.316125    35.6441    124.028    125.010    14.4873   4.317113    35.6492     0.0585 1.0000e-12    -0.0091   100.2285      98.58    214.801     4.9376 2.8418e+02          1         20 0.0000e+00
