Data/ruptures/KN207-01/QL-1/20701022.cnv
* Sea-Bird SBE 9 Data File:
* FileName = C:\Data\ctd\20701022.hex
* Software Version Seasave V 7.21e
* Temperature SN = 4406
* Conductivity SN = 1474
* Number of Bytes Per Scan = 40
* Number of Voltage Words = 5
* Number of Scans Averaged by the Deck Unit = 1
* NMEA Latitude = 38 57.42 N
* NMEA Longitude = 068 57.16 W
* NMEA UTC (Time) = Apr 24 2012 15:29:15
** R/V Knorr Cruise # KN207-01 QL1
** Chief Scientist: Ben Van Mooy
# nquan = 21
# nvalues = 403                         
# units = specified
# name 0 = latitude: Latitude [deg]
# name 1 = longitude: Longitude [deg]
# name 2 = t090C: Temperature [ITS-90, deg C]
# name 3 = c0S/m: Conductivity [S/m]
# name 4 = sal00: Salinity, Practical [PSU]
# name 5 = depSM: Depth [salt water, m]
# name 6 = prDM: Pressure, Digiquartz [db]
# name 7 = t190C: Temperature, 2 [ITS-90, deg C]
# name 8 = c1S/m: Conductivity, 2 [S/m]
# name 9 = sal11: Salinity, Practical, 2 [PSU]
# name 10 = flECO-AFL: Fluorescence, WET Labs ECO-AFL/FL [mg/m^3]
# name 11 = par: PAR/Irradiance, Biospherical/Licor
# name 12 = bat: Beam Attenuation, Chelsea/Seatech [1/m]
# name 13 = xmiss: Beam Transmission, Chelsea/Seatech [%]
# name 14 = altM: Altimeter [m]
# name 15 = sbeox0Mm/Kg: Oxygen, SBE 43 [umol/kg]
# name 16 = sbeox0ML/L: Oxygen, SBE 43 [ml/l]
# name 17 = spar: SPAR/Surface Irradiance
# name 18 = pumps: Pump Status
# name 19 = nbin: number of scans per bin
# name 20 = flag: flag
# span 0 =   38.95285,   38.95704       
# span 1 =  -68.95278,  -68.95001       
# span 2 =    11.1174,    14.7463       
# span 3 =   3.815335,   4.358617       
# span 4 =    33.0469,    35.8295       
# span 5 =      3.090,    202.130       
# span 6 =      3.113,    203.771       
# span 7 =    11.1117,    14.7461       
# span 8 =   3.859668,   4.358820       
# span 9 =    33.5974,    35.8366       
# span 10 =    -0.0111,     2.1423      
# span 11 = 7.4581e-04, 8.1098e+01      
# span 12 =    -0.0151,     0.3122      
# span 13 =    92.4916,   100.3782      
# span 14 =       1.11,      98.62      
# span 15 =    143.730,    440.436      
# span 16 =     3.3049,    10.1148      
# span 17 = 1.3480e+03, 2.7858e+03      
# span 18 =          1,          1      
# span 19 =         11,        332      
# span 20 = 0.0000e+00, 0.0000e+00      
# interval = decibars: 1                
# start_time = Apr 24 2012 15:29:15 [NMEA time, header]
# bad_flag = -9.990e-29
*END*
[from data line 276]
   38.95436  -68.95126    14.5892   4.332658    35.6968    128.026    129.042    14.5999   4.335044    35.7087     0.0374 1.2084e-02    -0.0126   100.3139      98.57    207.629     4.7728 2.6408e+03          1         16 0.0000e+00
   38.95436  -68.95126    14.5607   4.328303    35.6838    127.032    128.040    14.5657   4.329728    35.6924     0.0357 1.2581e-02    -0.0123   100.3077      98.56    207.266     4.7644 2.6423e+03          1         15 0.0000e+00
   38.95436  -68.95126    14.5488   4.326390    35.6778    125.991    126.991    14.5527   4.327181    35.6814     0.0354 1.3095e-02    -0.0123   100.3061      98.57    207.072     4.7600 2.6416e+03          1         14 0.0000e+00
   38.95436  -68.95126    14.5449   4.325730    35.6756    124.998    125.990    14.5482   4.326317    35.6780     0.0407 1.3556e-02    -0.0123   100.3063      98.57    207.325     4.7658 2.6411e+03          1         13 0.0000e+00
   38.95436  -68.95126    14.5394   4.324727    35.6718    124.009    124.993    14.5415   4.325421    35.6763     0.0440 1.3994e-02    -0.0118   100.2957      98.57    208.437     4.7913 2.6405e+03          1         15 0.0000e+00
   38.95436  -68.95126    14.5277   4.322891    35.6662    122.974    123.949    14.5321   4.323751    35.6700     0.0371 1.4502e-02    -0.0113   100.2844      98.57    210.413     4.8367 2.6347e+03          1         22 0.0000e+00
   38.95436  -68.95126    14.5326   4.323723    35.6691    122.019    122.986    14.5296   4.323246    35.6676     0.0284 1.4998e-02    -0.0116   100.2893      98.57    211.834     4.8694 2.6298e+03          1         67 0.0000e+00
   38.95436  -68.95126    14.5264   4.322610    35.6648    121.067    122.027    14.5226   4.322379    35.6662     0.0262 1.5567e-02    -0.0120   100.3004      98.57    212.707     4.8895 2.6208e+03          1         20 0.0000e+00
   38.95436  -68.95126    14.5079   4.319670    35.6554    120.082    121.033    14.5142   4.320984    35.6615     0.0154 1.6304e-02    -0.0125   100.3123      98.57    212.336     4.8809 2.5611e+03          1         16 0.0000e+00
   38.95436  -68.95126    14.4980   4.318165    35.6511    119.068    120.011    14.5009   4.318844    35.6546     0.0364 1.7191e-02    -0.0126   100.3153      98.56    211.781     4.8682 2.5053e+03          1         14 0.0000e+00
   38.95434  -68.95126    14.4926   4.317265    35.6482    118.033    118.967    14.4945   4.317775    35.6511     0.0432 1.8106e-02    -0.0126   100.3138      98.58    211.638     4.8649 2.5468e+03          1         19 0.0000e+00
   38.95434  -68.95126    14.4883   4.316597    35.6463    116.952    117.877    14.4904   4.317015    35.6482     0.0369 1.9106e-02    -0.0122   100.3050      98.58    212.693     4.8891 2.5982e+03          1         38 0.0000e+00
   38.95434  -68.95126    14.4859   4.316165    35.6445    116.251    117.171    14.4887   4.316764    35.6474     0.0223 1.9394e-02    -0.0089   100.2236      98.58    213.228     4.9014 2.6201e+03          1         43 0.0000e+00
   38.95434  -68.95126    14.4816   4.315329    35.6410    115.167    116.078    14.4833   4.315719    35.6430     0.0394 1.9830e-02    -0.0121   100.3030      98.56    213.522     4.9081 2.6238e+03          1         20 0.0000e+00
   38.95434  -68.95122    14.4733   4.313884    35.6359    114.133    115.035    14.4762   4.314659    35.6403     0.0379 2.0534e-02    -0.0124   100.3107      98.57    213.986     4.9188 2.6281e+03          1         16 0.0000e+00
   38.95434  -68.95122    14.4558   4.311333    35.6291    113.099    113.993    14.4585   4.312169    35.6344     0.0292 2.1449e-02    -0.0122   100.3043      98.58    214.311     4.9263 2.6294e+03          1         16 0.0000e+00
   38.95434  -68.95122    14.4472   4.310073    35.6259    112.085    112.970    14.4503   4.310752    35.6293     0.0367 2.2339e-02    -0.0121   100.3009      98.57    214.466     4.9298 2.6259e+03          1         15 0.0000e+00
   38.95434  -68.95122    14.4457   4.309834    35.6254    111.094    111.972    14.4453   4.309889    35.6263     0.0314 2.3283e-02    -0.0116   100.2898      98.57    214.458     4.9296 2.6181e+03          1         16 0.0000e+00
   38.95434  -68.95122    14.4429   4.309421    35.6244    110.098    110.967    14.4434   4.309597    35.6256     0.0226 2.4380e-02    -0.0107   100.2670      98.58    214.404     4.9284 2.6053e+03          1         20 0.0000e+00
   38.95433  -68.95123    14.4397   4.308920    35.6230    109.004    109.865    14.4407   4.309159    35.6243     0.0347 2.5953e-02    -0.0110   100.2749      98.58    215.101     4.9444 2.6009e+03          1         55 0.0000e+00
   38.95432  -68.95124    14.4378   4.308630    35.6222    108.245    109.099    14.4390   4.308930    35.6238     0.0299 2.7226e-02    -0.0111   100.2779      98.57    215.711     4.9585 2.6184e+03          1         38 0.0000e+00
   38.95432  -68.95124    14.4355   4.308243    35.6210    107.190    108.035    14.4371   4.308607    35.6229     0.0306 2.8396e-02    -0.0112   100.2820      98.57    215.685     4.9578 2.6226e+03          1         23 0.0000e+00
   38.95432  -68.95124    14.4297   4.307386    35.6189    106.176    107.013    14.4307   4.307657    35.6205     0.0293 2.9441e-02    -0.0121   100.3029      98.57    215.542     4.9545 2.6256e+03          1         19 0.0000e+00
   38.95432  -68.95124    14.4226   4.306297    35.6158    105.161    105.990    14.4246   4.306781    35.6184     0.0247 3.0491e-02    -0.0112   100.2800      98.58    215.542     4.9546 2.6255e+03          1         18 0.0000e+00
   38.95430  -68.95121    14.4195   4.305736    35.6139    104.184    105.006    14.4213   4.306147    35.6160     0.0245 3.1447e-02    -0.0115   100.2889      98.57    215.340     4.9499 2.6238e+03          1         15 0.0000e+00
   38.95430  -68.95120    14.4176   4.305362    35.6126    103.186    103.999    14.4181   4.305571    35.6140     0.0367 3.2546e-02    -0.0116   100.2892      98.58    215.378     4.9508 2.6272e+03          1         17 0.0000e+00
   38.95430  -68.95120    14.4147   4.304878    35.6112    102.160    102.965    14.4154   4.305109    35.6126     0.0311 3.3781e-02    -0.0112   100.2801      98.57    215.689     4.9579 2.6288e+03          1         17 0.0000e+00
   38.95430  -68.95120    14.4081   4.303906    35.6087    101.136    101.932    14.4099   4.304346    35.6111     0.0214 3.5433e-02    -0.0111   100.2794      98.58    216.020     4.9655 2.6373e+03          1         32 0.0000e+00
   38.95430  -68.95120    14.3991   4.302605    35.6053    100.159    100.948    14.4000   4.302840    35.6067     0.0342 3.7896e-02    -0.0115   100.2876      98.58    215.807     4.9606 2.6406e+03          1         57 0.0000e+00
   38.95430  -68.95120    14.3959   4.302117    35.6040     99.154     99.934    14.3963   4.302256    35.6049     0.0308 4.0081e-02    -0.0116   100.2901      98.58    216.075     4.9668 2.6210e+03          1         47 0.0000e+00
   38.95430  -68.95120    14.3926   4.301661    35.6031     98.277     99.050    14.3925   4.301752    35.6041     0.0369 4.1278e-02    -0.0112   100.2816      98.58    216.011     4.9653 2.6102e+03          1         43 0.0000e+00
   38.95429  -68.95120    14.3828   4.300260    35.5997     97.186     97.950    14.3841   4.300623    35.6019     0.0384 4.3012e-02    -0.0109   100.2741      98.58    216.072     4.9667 2.6171e+03          1         34 0.0000e+00
   38.95428  -68.95120    14.3644   4.297547    35.5920     96.161     96.917    14.3684   4.298313    35.5953     0.0321 4.4989e-02    -0.0108   100.2701      98.59    216.105     4.9675 2.5994e+03          1        112 0.0000e+00
   38.95428  -68.95118    14.3392   4.293940    35.5824     95.299     96.048    14.3411   4.294307    35.5840     0.0532 4.5164e-02    -0.0102   100.2548      98.57    216.551     4.9777 2.3068e+03          1         27 0.0000e+00
   38.95428  -68.95118    14.3310   4.292685    35.5788     94.262     95.002    14.3400   4.294174    35.5842     0.0236 4.6914e-02    -0.0111   100.2786      98.58    216.843     4.9844 2.3250e+03          1         23 0.0000e+00
   38.95428  -68.95118    14.2999   4.288355    35.5683     93.233     93.965    14.3011   4.289031    35.5735     0.0362 4.8717e-02    -0.0099   100.2480      98.57    216.931     4.9864 2.3772e+03          1         26 0.0000e+00
   38.95427  -68.95118    14.2726   4.284506    35.5583     92.206     92.930    14.2798   4.285717    35.5628     0.0398 5.0612e-02    -0.0100   100.2495      90.51    217.284     4.9945 2.5681e+03          1         76 0.0000e+00
   38.95425  -68.95117    14.1999   4.274307    35.5316     91.233     91.949    14.2023   4.274902    35.5349     0.0427 5.3778e-02    -0.0099   100.2487      98.58    218.632     5.0255 2.4559e+03          1         99 0.0000e+00
   38.95424  -68.95116    14.1980   4.273999    35.5300     90.347     91.056    14.2044   4.274755    35.5310     0.0404 5.7531e-02    -0.0091   100.2272      98.58    219.510     5.0457 2.5445e+03          1         28 0.0000e+00
   38.95424  -68.95116    14.1886   4.272634    35.5263     89.290     89.990    14.1941   4.273672    35.5310     0.0410 6.1272e-02    -0.0081   100.2004      98.57    219.213     5.0388 2.5817e+03          1         24 0.0000e+00
   38.95424  -68.95116    14.1510   4.267505    35.5141     88.081     88.771    14.1593   4.268756    35.5180     0.0358 6.5234e-02    -0.0080   100.1983      98.58    218.362     5.0193 2.5585e+03          1         73 0.0000e+00
   38.95424  -68.95116    14.1171   4.262854    35.5026     87.420     88.105    14.1331   4.265813    35.5152     0.0406 6.5887e-02    -0.0079   100.1970      98.58    218.913     5.0319 2.5973e+03          1         34 0.0000e+00
   38.95424  -68.95116    14.0928   4.259211    35.4918     86.349     87.026    14.1063   4.261268    35.4983     0.0511 6.9718e-02    -0.0072   100.1815      98.58    219.143     5.0372 2.5951e+03          1         18 0.0000e+00
   38.95424  -68.95116    14.0791   4.257312    35.4872     85.318     85.987    14.0844   4.258268    35.4913     0.0479 7.4468e-02    -0.0063   100.1577      98.59    219.100     5.0362 2.5929e+03          1         17 0.0000e+00
   38.95422  -68.95115    14.0800   4.257523    35.4880     84.341     85.002    14.0840   4.258088    35.4897     0.0434 8.1607e-02    -0.0062   100.1544      98.58    219.645     5.0487 2.6010e+03          1         66 0.0000e+00
   38.95420  -68.95114    14.0708   4.256160    35.4838     83.307     83.959    14.0743   4.256919    35.4877     0.0447 8.3871e-02    -0.0059   100.1481      98.57    219.555     5.0467 2.6016e+03          1         13 0.0000e+00
   38.95420  -68.95114    14.0664   4.255540    35.4824     82.323     82.967    14.0685   4.256023    35.4852     0.0243 8.6500e-02    -0.0060   100.1501      98.59    219.462     5.0445 2.5954e+03          1         12 0.0000e+00
   38.95420  -68.95114    14.0553   4.253931    35.4783     81.347     81.984    14.0607   4.254964    35.4830     0.0241 8.9633e-02    -0.0064   100.1597      98.59    219.473     5.0448 2.5935e+03          1         16 0.0000e+00
   38.95420  -68.95113    14.0561   4.254078    35.4788     80.297     80.925    14.0588   4.254471    35.4800     0.0401 9.6681e-02    -0.0059   100.1465      98.58    220.023     5.0574 2.5951e+03          1        108 0.0000e+00
   38.95420  -68.95112    14.0439   4.252261    35.4731     79.417     80.038    14.0558   4.254152    35.4797     0.0572 1.0609e-01    -0.0061   100.1518      98.59    219.968     5.0561 2.5945e+03          1         15 0.0000e+00
   38.95419  -68.95112    14.0237   4.249506    35.4669     78.388     79.001    14.0287   4.250621    35.4727     0.0586 1.0981e-01    -0.0059   100.1474      98.58    219.849     5.0534 2.5910e+03          1         19 0.0000e+00
   38.95418  -68.95112    14.0005   4.246133    35.4576     77.347     77.952    14.0081   4.247499    35.4634     0.0563 1.1283e-01    -0.0061   100.1522      98.58    220.319     5.0642 2.5973e+03          1         24 0.0000e+00
   38.95418  -68.95111    14.0074   4.247189    35.4608     76.525     77.123    14.0060   4.247119    35.4616     0.0435 1.1600e-01    -0.0056   100.1397      98.59    221.327     5.0874 2.6025e+03          1        126 0.0000e+00
   38.95418  -68.95108    13.9606   4.240566    35.4433     75.434     76.023    13.9670   4.241949    35.4502     0.0574 1.3166e-01    -0.0060   100.1493      98.59    221.035     5.0806 2.5890e+03          1         31 0.0000e+00
   38.95418  -68.95108    13.9284   4.235920    35.4304     74.411     74.993    13.9285   4.236156    35.4326     0.0589 1.3819e-01    -0.0050   100.1259      98.59    221.758     5.0972 2.5964e+03          1         50 0.0000e+00
   38.95414  -68.95112    13.9353   4.236375    35.4280     73.464     74.037    13.9329   4.236016    35.4270     0.0635 1.3745e-01    -0.0049   100.1228      98.59    222.291     5.1095 2.6130e+03          1         33 0.0000e+00
   38.95414  -68.95112    13.9347   4.236086    35.4261     72.423     72.988    13.9361   4.236424    35.4279     0.0352 1.3952e-01    -0.0048   100.1189      98.59    222.599     5.1165 2.6170e+03          1         28 0.0000e+00
   38.95414  -68.95111    13.9211   4.234331    35.4227     71.304     71.860    13.9279   4.235289    35.4253     0.0570 1.4877e-01    -0.0038   100.0963      98.59    221.835     5.0990 2.6124e+03          1         64 0.0000e+00
   38.95414  -68.95106    13.9078   4.232490    35.4178     70.574     71.125    13.9122   4.233437    35.4227     0.0690 1.6754e-01    -0.0036   100.0910      98.59    221.987     5.1025 2.5908e+03          1         47 0.0000e+00
   38.95414  -68.95106    13.8943   4.230433    35.4117     69.472     70.014    13.8965   4.231182    35.4167     0.0540 1.7366e-01    -0.0035   100.0873      98.59    222.003     5.1028 2.5833e+03          1         27 0.0000e+00
   38.95412  -68.95108    13.8566   4.225295    35.3995     68.441     68.974    13.8660   4.226799    35.4048     0.0579 1.7653e-01    -0.0048   100.1198      98.59    222.568     5.1158 2.5951e+03          1         28 0.0000e+00
   38.95412  -68.95108    13.8330   4.221855    35.3898     67.452     67.978    13.8386   4.223103    35.3962     0.0420 1.8113e-01    -0.0042   100.1062      98.59    222.365     5.1111 2.5694e+03          1         31 0.0000e+00
   38.95412  -68.95107    13.8071   4.218296    35.3806     66.441     66.959    13.8162   4.219831    35.3865     0.0665 1.9820e-01    -0.0027   100.0669      98.59    223.752     5.1430 2.6199e+03          1         92 0.0000e+00
   38.95412  -68.95106    13.7780   4.214304    35.3703     65.542     66.053    13.7825   4.215010    35.3729     0.0941 2.1738e-01    -0.0020   100.0493      98.59    224.236     5.1541 2.6257e+03          1         39 0.0000e+00
   38.95412  -68.95106    13.7524   4.210711    35.3610     64.445     64.947    13.7576   4.212242    35.3706     0.0666 2.2132e-01     0.0014    99.9649      98.59    224.644     5.1635 2.6164e+03          1         34 0.0000e+00
   38.95411  -68.95105    13.7028   4.204001    35.3447     63.507     64.001    13.7173   4.206299    35.3528     0.0756 2.2162e-01     0.0018    99.9547      98.59    225.568     5.1847 2.5716e+03          1         50 0.0000e+00
   38.95410  -68.95104    13.6879   4.201759    35.3376     62.517     63.003    13.6928   4.202820    35.3431     0.0826 2.3403e-01     0.0014    99.9642      98.59    225.489     5.1829 2.6024e+03          1         30 0.0000e+00
   38.95410  -68.95104    13.6443   4.195958    35.3241     61.386     61.863    13.6640   4.198843    35.3327     0.0727 2.6496e-01     0.0007    99.9836      98.59    226.128     5.1976 2.5976e+03          1         71 0.0000e+00
