Data/ruptures/KN207-01/QL-1/20701014.cnv
* Sea-Bird SBE 9 Data File:
* FileName = C:\Data\ctd\20701014.hex
* Software Version Seasave V 7.21e
* Temperature SN = 4406
* Conductivity SN = 1474
* Number of Bytes Per Scan = 40
* Number of Voltage Words = 5
* Number of Scans Averaged by the Deck Unit = 1
* NMEA Latitude = 38 59.05 N
* NMEA Longitude = 068 59.76 W
* NMEA UTC (Time) = Apr 23 2012 16:10:16
** R/V Knorr Cruise # KN207-01 QL1
** Chief Scientist: Ben Van Mooy
# nquan = 21
# nvalues = 402                         
# units = specified
# name 0 = latitude: Latitude [deg]
# name 1 = longitude: Longitude [deg]
# name 2 = t090C: Temperature [ITS-90, deg C]
# name 3 = c0S/m: Conductivity [S/m]
# name 4 = sal00: Salinity, Practical [PSU]
# name 5 = depSM: Depth [salt water, m]
# name 6 = prDM: Pressure, Digiquartz [db]
# name 7 = t190C: Temperature, 2 [ITS-90, deg C]
# name 8 = c1S/m: Conductivity, 2 [S/m]
# name 9 = sal11: Salinity, Practical, 2 [PSU]
# name 10 = flECO-AFL: Fluorescence, WET Labs ECO-AFL/FL [mg/m^3]
# name 11 = par: PAR/Irradiance, Biospherical/Licor
# name 12 = bat: Beam Attenuation, Chelsea/Seatech [1/m]
# name 13 = xmiss: Beam Transmission, Chelsea/Seatech [%]
# name 14 = altM: Altimeter [m]
# name 15 = sbeox0Mm/Kg: Oxygen, SBE 43 [umol/kg]
# name 16 = sbeox0ML/L: Oxygen, SBE 43 [ml/l]
# name 17 = spar: SPAR/Surface Irradiance
# name 18 = pumps: Pump Status
# name 19 = nbin: number of scans per bin
# name 20 = flag: flag
# span 0 =   38.98344,   38.98421       
# span 1 =  -68.99605,  -68.99492       
# span 2 =    11.1932,    14.7207       
# span 3 =   3.864461,   4.361023       
# span 4 =    33.7458,    35.8349       
# span 5 =      1.960,    201.122       
# span 6 =      1.974,    202.755       
# span 7 =    11.1920,    14.7204       
# span 8 =   3.864539,   4.361132       
# span 9 =    33.8673,    35.8368       
# span 10 =     0.0023,     2.6878      
# span 11 = 1.2200e-04, 1.4838e+02      
# span 12 =    -0.0153,     0.3163      
# span 13 =    92.3970,   100.3832      
# span 14 =       1.49,      98.81      
# span 15 =    137.720,    407.448      
# span 16 =     3.1667,     9.3580      
# span 17 = 1.4095e+03, 3.2895e+03      
# span 18 =          1,          1      
# span 19 =          8,        806      
# span 20 = 0.0000e+00, 0.0000e+00      
# interval = decibars: 1                
# start_time = Apr 23 2012 16:10:16 [NMEA time, header]
# bad_flag = -9.990e-29
*END*
[from data line 207]
   38.98380  -68.99542    13.0925   4.184138    35.6632    194.370    195.946    13.1088   4.185912    35.6642     0.0353 6.1090e-04    -0.0142   100.3566      98.60    141.257     3.2480 2.7782e+03          1         29 0.0000e+00
   38.98380  -68.99542    13.0974   4.184599    35.6645    193.315    194.882    13.1193   4.186559    35.6619     0.0422 5.6434e-04    -0.0149   100.3737      98.60    143.118     3.2908 2.4842e+03          1        124 0.0000e+00
   38.98380  -68.99542    13.3773   4.214830    35.6834    192.519    194.078    13.3977   4.218309    35.6972     0.0023 5.1456e-04    -0.0152   100.3814      98.61    141.592     3.2556 2.6204e+03          1         31 0.0000e+00
   38.98380  -68.99542    13.3185   4.210153    35.6972    191.468    193.018    13.3619   4.213601    35.6886     0.0122 4.9157e-04    -0.0143   100.3594      98.61    142.943     3.2867 2.5647e+03          1         21 0.0000e+00
   38.98380  -68.99542    13.4782   4.227854    35.7122    190.455    191.997    13.4528   4.224369    35.7042     0.0298 4.6773e-04    -0.0142   100.3557      98.60    143.447     3.2982 2.2757e+03          1         17 0.0000e+00
   38.98380  -68.99542    13.4887   4.229050    35.7147    189.460    190.993    13.4949   4.229609    35.7144     0.0299 4.4555e-04    -0.0151   100.3780      98.60    144.358     3.3192 2.3767e+03          1         15 0.0000e+00
   38.98380  -68.99542    13.5114   4.231644    35.7185    188.491    190.016    13.5044   4.230782    35.7174     0.0192 4.3798e-04    -0.0150   100.3759      98.61    145.238     3.3394 1.9814e+03          1         14 0.0000e+00
   38.98378  -68.99540    13.5204   4.232633    35.7203    187.496    189.013    13.5127   4.231850    35.7206     0.0152 4.3824e-04    -0.0145   100.3643      98.59    145.883     3.3542 1.6303e+03          1         15 0.0000e+00
   38.98378  -68.99540    13.5288   4.233458    35.7211    186.477    187.985    13.5238   4.232750    35.7195     0.0219 4.2136e-04    -0.0148   100.3702      98.60    146.592     3.3705 1.5872e+03          1         16 0.0000e+00
   38.98378  -68.99540    13.5418   4.234898    35.7234    185.459    186.958    13.5440   4.234752    35.7202     0.0390 4.1307e-04    -0.0148   100.3706      98.60    147.020     3.3804 1.5486e+03          1         19 0.0000e+00
   38.98378  -68.99540    13.5381   4.234318    35.7239    184.596    186.088    13.5486   4.235642    35.7266     0.0317 4.4191e-04    -0.0147   100.3697      98.60    147.479     3.3909 1.5718e+03          1         70 0.0000e+00
   38.98378  -68.99538    13.5436   4.234864    35.7264    183.499    184.981    13.5601   4.236371    35.7251     0.0449 5.0860e-04    -0.0147   100.3686      98.60    146.860     3.3767 1.6006e+03          1         14 0.0000e+00
   38.98378  -68.99538    13.5567   4.236246    35.7275    182.526    184.000    13.5748   4.238238    35.7293     0.0150 5.5187e-04    -0.0143   100.3589      98.60    146.463     3.3676 1.6016e+03          1         16 0.0000e+00
   38.98378  -68.99538    13.5772   4.238493    35.7297    181.540    183.006    13.5901   4.239581    35.7280     0.0250 6.1035e-04    -0.0147   100.3678      98.60    146.357     3.3651 1.6021e+03          1         17 0.0000e+00
   38.98378  -68.99538    13.6169   4.243056    35.7353    180.534    181.991    13.6055   4.241537    35.7324     0.0357 6.8096e-04    -0.0147   100.3677      98.61    146.672     3.3724 1.6101e+03          1         15 0.0000e+00
   38.98378  -68.99538    13.6453   4.246306    35.7395    179.548    180.997    13.6472   4.245572    35.7310     0.0292 7.8167e-04    -0.0148   100.3704      98.60    146.838     3.3762 1.6172e+03          1         14 0.0000e+00
   38.98378  -68.99538    13.6710   4.249108    35.7420    178.521    179.961    13.6691   4.248616    35.7395     0.0271 8.5751e-04    -0.0151   100.3796      98.60    146.975     3.3793 1.6685e+03          1         14 0.0000e+00
   38.98378  -68.99538    13.6961   4.251942    35.7453    177.522    178.954    13.6902   4.250866    35.7412     0.0213 9.2160e-04    -0.0153   100.3832      98.60    147.222     3.3850 1.8784e+03          1         14 0.0000e+00
   38.98378  -68.99538    13.7133   4.253731    35.7466    176.543    177.967    13.7112   4.253218    35.7439     0.0300 1.0168e-03    -0.0147   100.3686      98.60    147.293     3.3866 1.9924e+03          1         18 0.0000e+00
   38.98378  -68.99538    13.7433   4.256913    35.7487    175.575    176.990    13.7408   4.256551    35.7479     0.0331 1.1321e-03    -0.0145   100.3624      98.60    147.347     3.3878 2.1408e+03          1         27 0.0000e+00
   38.98376  -68.99538    13.7605   4.258832    35.7526    174.533    175.940    13.7803   4.261021    35.7544     0.0292 1.2282e-03    -0.0145   100.3641      98.60    147.627     3.3943 2.2610e+03          1        134 0.0000e+00
   38.98376  -68.99536    13.8713   4.271351    35.7660    173.677    175.076    13.8783   4.272511    35.7706     0.0226 1.2220e-03    -0.0148   100.3698      98.60    147.650     3.3948 2.0800e+03          1         20 0.0000e+00
   38.98376  -68.99536    13.8638   4.270839    35.7693    172.644    174.034    13.8931   4.273156    35.7633     0.0449 1.2860e-03    -0.0151   100.3777      98.60    147.705     3.3960 1.8833e+03          1         14 0.0000e+00
   38.98376  -68.99536    13.9217   4.277235    35.7746    171.665    173.047    13.9379   4.278094    35.7675     0.0438 1.3823e-03    -0.0148   100.3707      98.61    147.429     3.3896 1.6862e+03          1         12 0.0000e+00
   38.98376  -68.99536    13.9579   4.281041    35.7763    170.676    172.049    13.9806   4.282948    35.7728     0.0368 1.4123e-03    -0.0141   100.3534      98.62    147.369     3.3882 1.6681e+03          1         11 0.0000e+00
   38.98376  -68.99536    13.9924   4.285102    35.7821    169.688    171.053    13.9993   4.285275    35.7775     0.0355 1.4910e-03    -0.0141   100.3534      98.60    147.371     3.3883 1.6920e+03          1         11 0.0000e+00
   38.98376  -68.99536    14.0298   4.289145    35.7850    168.665    170.022    14.0279   4.288445    35.7807     0.0225 1.6232e-03    -0.0146   100.3664      98.60    147.476     3.3907 1.7076e+03          1         12 0.0000e+00
   38.98376  -68.99536    14.0496   4.291422    35.7883    167.634    168.982    14.0693   4.292718    35.7819     0.0216 1.7582e-03    -0.0147   100.3676      98.60    147.776     3.3976 1.6943e+03          1         13 0.0000e+00
   38.98376  -68.99536    14.0858   4.295443    35.7921    166.632    167.972    14.0838   4.295221    35.7924     0.0221 1.8580e-03    -0.0143   100.3574      98.61    148.011     3.4030 1.7014e+03          1         15 0.0000e+00
   38.98376  -68.99537    14.1173   4.298858    35.7953    165.598    166.928    14.1053   4.297177    35.7914     0.0429 2.0788e-03    -0.0146   100.3652      98.60    148.294     3.4094 2.3423e+03          1         27 0.0000e+00
   38.98376  -68.99538    14.0757   4.294031    35.7921    164.927    166.252    14.0889   4.296125    35.7994     0.0345 2.4688e-03    -0.0144   100.3607      98.60    148.732     3.4195 2.8123e+03          1         51 0.0000e+00
   38.98376  -68.99534    14.0790   4.294387    35.7942    163.697    165.012    14.0964   4.296257    35.7954     0.0293 2.8538e-03    -0.0143   100.3584      98.60    148.534     3.4150 2.9062e+03          1         19 0.0000e+00
   38.98376  -68.99532    14.1405   4.301310    35.8007    162.673    163.979    14.1445   4.301049    35.7949     0.0312 3.0272e-03    -0.0144   100.3600      98.60    148.297     3.4095 1.7823e+03          1         18 0.0000e+00
   38.98376  -68.99532    14.2028   4.307684    35.8016    161.673    162.970    14.2221   4.308858    35.7946     0.0395 3.1969e-03    -0.0145   100.3627      98.60    148.529     3.4148 1.6509e+03          1         22 0.0000e+00
   38.98376  -68.99532    14.2600   4.313903    35.8062    160.702    161.991    14.2598   4.313384    35.8019     0.0356 3.3333e-03    -0.0144   100.3601      98.60    149.203     3.4303 2.6213e+03          1         29 0.0000e+00
   38.98376  -68.99532    14.2938   4.317332    35.8073    159.736    161.018    14.3057   4.318018    35.8026     0.0212 3.4542e-03    -0.0144   100.3610      98.60    150.252     3.4544 2.8589e+03          1         34 0.0000e+00
   38.98374  -68.99536    14.3444   4.322407    35.8078    158.705    159.978    14.3400   4.321435    35.8033     0.0154 3.5596e-03    -0.0144   100.3597      98.61    151.241     3.4771 2.7829e+03          1         32 0.0000e+00
   38.98374  -68.99536    14.3495   4.323188    35.8115    157.750    159.015    14.3861   4.326969    35.8119     0.0590 3.6544e-03    -0.0147   100.3679      98.60    152.211     3.4994 2.9817e+03          1         21 0.0000e+00
   38.98374  -68.99536    14.4142   4.329890    35.8131    156.786    158.042    14.4279   4.330865    35.8095     0.0227 3.7245e-03    -0.0144   100.3618      98.60    152.757     3.5119 3.0123e+03          1         21 0.0000e+00
   38.98374  -68.99536    14.4634   4.334645    35.8117    155.758    157.006    14.4753   4.335713    35.8106     0.0339 3.7820e-03    -0.0136   100.3399      98.60    153.376     3.5261 3.0611e+03          1         26 0.0000e+00
   38.98374  -68.99534    14.4890   4.337300    35.8144    154.600    155.838    14.5151   4.339949    35.8145     0.0274 3.2993e-03    -0.0138   100.3455      98.60    157.748     3.6266 2.6909e+03          1         86 0.0000e+00
   38.98374  -68.99534    14.6049   4.349589    35.8200    153.825    155.057    14.6500   4.353935    35.8180     0.0305 2.5399e-03    -0.0143   100.3580      98.60    159.646     3.6701 1.7497e+03          1         44 0.0000e+00
   38.98374  -68.99535    14.6134   4.351074    35.8274    152.806    154.029    14.6314   4.352719    35.8261     0.0475 2.5495e-03    -0.0144   100.3611      98.60    159.017     3.6557 1.5961e+03          1         24 0.0000e+00
   38.98374  -68.99536    14.6877   4.358098    35.8227    151.854    153.069    14.6796   4.356979    35.8207     0.0658 2.7518e-03    -0.0143   100.3589      98.60    162.090     3.7263 1.7155e+03          1         16 0.0000e+00
   38.98374  -68.99536    14.7028   4.359364    35.8211    150.804    152.010    14.7012   4.359119    35.8208     0.0359 2.9879e-03    -0.0146   100.3649      98.61    165.051     3.7943 1.9485e+03          1         14 0.0000e+00
   38.98374  -68.99536    14.7119   4.359985    35.8192    149.725    150.923    14.7097   4.359774    35.8198     0.0317 3.2403e-03    -0.0149   100.3735      98.61    166.321     3.8235 2.1447e+03          1         13 0.0000e+00
   38.98374  -68.99536    14.7140   4.359790    35.8162    148.772    149.961    14.7136   4.359821    35.8173     0.0208 3.4895e-03    -0.0136   100.3410      98.61    166.748     3.8333 2.3199e+03          1         14 0.0000e+00
   38.98373  -68.99535    14.7137   4.359423    35.8159    147.974    149.157    14.7159   4.359673    35.8164     0.0277 4.2124e-03    -0.0139   100.3485      98.61    170.636     3.9227 2.4271e+03          1         75 0.0000e+00
   38.98372  -68.99530    14.7161   4.358709    35.8108    146.759    147.931    14.7149   4.358492    35.8100     0.0222 4.1857e-03    -0.0132   100.3300      98.61    171.873     3.9511 2.4612e+03          1         11 0.0000e+00
   38.98372  -68.99530    14.7122   4.357561    35.8043    145.817    146.982    14.7127   4.357834    35.8064     0.0385 4.1105e-03    -0.0130   100.3241      98.61    172.412     3.9635 2.4410e+03          1         13 0.0000e+00
   38.98370  -68.99528    14.7155   4.358383    35.8092    144.998    146.156    14.7161   4.358516    35.8099     0.0375 3.5816e-03    -0.0135   100.3372      98.61    173.501     3.9885 1.7481e+03          1         50 0.0000e+00
   38.98368  -68.99526    14.7194   4.359212    35.8138    143.813    144.961    14.7188   4.359205    35.8143     0.0186 2.5504e-03    -0.0139   100.3478      98.62    173.689     3.9928 1.5922e+03          1         39 0.0000e+00
   38.98368  -68.99526    14.7181   4.358807    35.8117    142.865    144.005    14.7188   4.359099    35.8138     0.0237 2.7406e-03    -0.0138   100.3462      98.62    174.286     4.0066 1.6611e+03          1         57 0.0000e+00
   38.98368  -68.99527    14.6937   4.353859    35.7895    141.962    143.095    14.6977   4.354769    35.7941     0.0260 2.7077e-03    -0.0141   100.3531      98.62    175.877     4.0431 1.5678e+03          1        138 0.0000e+00
   38.98368  -68.99528    14.6908   4.353227    35.7866    140.892    142.016    14.6972   4.354597    35.7932     0.0055 2.6815e-03    -0.0136   100.3414      98.62    184.923     4.2510 1.5689e+03          1         18 0.0000e+00
   38.98368  -68.99528    14.6751   4.349903    35.7712    139.915    141.030    14.6787   4.351361    35.7813     0.0152 2.7673e-03    -0.0119   100.2974      98.62    187.258     4.3047 1.5778e+03          1         15 0.0000e+00
   38.98368  -68.99525    14.6505   4.345169    35.7512    138.892    139.999    14.6497   4.345773    35.7576     0.0209 2.8747e-03    -0.0116   100.2914      98.62    187.383     4.3075 1.5835e+03          1         16 0.0000e+00
   38.98368  -68.99524    14.6454   4.343989    35.7454    137.865    138.963    14.6455   4.344085    35.7464     0.0069 2.9808e-03    -0.0131   100.3270      98.62    185.198     4.2573 1.5860e+03          1         17 0.0000e+00
   38.98368  -68.99524    14.6441   4.343329    35.7409    136.890    137.981    14.6463   4.343987    35.7449     0.0351 3.1970e-03    -0.0123   100.3078      98.62    184.059     4.2311 1.5845e+03          1         22 0.0000e+00
   38.98368  -68.99524    14.6443   4.343096    35.7388    135.932    137.015    14.6451   4.343566    35.7424     0.0282 3.5399e-03    -0.0115   100.2889      98.62    190.127     4.3706 1.5907e+03          1         30 0.0000e+00
   38.98368  -68.99524    14.6431   4.342797    35.7374    134.885    135.959    14.6438   4.343092    35.7396     0.0220 4.0708e-03    -0.0132   100.3300      98.62    196.774     4.5234 1.6572e+03          1         29 0.0000e+00
   38.98366  -68.99527    14.6401   4.342479    35.7374    133.985    135.051    14.6432   4.343117    35.7405     0.0236 5.5065e-03    -0.0129   100.3221      98.62    197.474     4.5395 2.0677e+03          1         91 0.0000e+00
   38.98366  -68.99524    14.6291   4.340382    35.7287    132.977    134.035    14.6348   4.341758    35.7360     0.0364 7.7029e-03    -0.0131   100.3263      98.62    193.750     4.4538 2.3691e+03          1         14 0.0000e+00
   38.98366  -68.99524    14.6216   4.338828    35.7218    131.998    133.048    14.6206   4.339081    35.7252     0.0367 8.2088e-03    -0.0132   100.3300      98.62    194.569     4.4726 2.0361e+03          1         13 0.0000e+00
   38.98366  -68.99524    14.5941   4.333800    35.7018    130.983    132.025    14.5950   4.334946    35.7116     0.0389 8.5378e-03    -0.0124   100.3086      98.61    195.688     4.4983 2.8787e+03          1         12 0.0000e+00
   38.98366  -68.99524    14.5643   4.328834    35.6845    129.978    131.011    14.5655   4.329839    35.6927     0.0432 8.9285e-03    -0.0123   100.3064      98.60    196.847     4.5249 2.9562e+03          1         12 0.0000e+00
   38.98366  -68.99524    14.5434   4.325276    35.6717    128.986    130.011    14.5462   4.326605    35.6813     0.0450 9.3312e-03    -0.0121   100.3022      98.62    198.049     4.5525 2.8954e+03          1         12 0.0000e+00
   38.98366  -68.99524    14.5319   4.323503    35.6664    127.991    129.007    14.5345   4.324296    35.6713     0.0339 9.6863e-03    -0.0119   100.2970      98.62    199.768     4.5920 2.7846e+03          1         14 0.0000e+00
