Data/ruptures/KN207-01/QL-1/20701027.cnv
* Sea-Bird SBE 9 Data File:
* FileName = C:\Data\ctd\20701027.hex
* Software Version Seasave V 7.21e
* Temperature SN = 4406
* Conductivity SN = 1474
* Number of Bytes Per Scan = 40
* Number of Voltage Words = 5
* Number of Scans Averaged by the Deck Unit = 1
* NMEA Latitude = 38 55.04 N
* NMEA Longitude = 068 59.94 W
* NMEA UTC (Time) = Apr 24 2012 23:32:42
** R/V Knorr Cruise # KN207-01 QL1
** Chief Scientist: Ben Van Mooy
# nquan = 21
# nvalues = 399                         
# units = specified
# name 0 = latitude: Latitude [deg]
# name 1 = longitude: Longitude [deg]
# name 2 = t090C: Temperature [ITS-90, deg C]
# name 3 = c0S/m: Conductivity [S/m]
# name 4 = sal00: Salinity, Practical [PSU]
# name 5 = depSM: Depth [salt water, m]
# name 6 = prDM: Pressure, Digiquartz [db]
# name 7 = t190C: Temperature, 2 [ITS-90, deg C]
# name 8 = c1S/m: Conductivity, 2 [S/m]
# name 9 = sal11: Salinity, Practical, 2 [PSU]
# name 10 = flECO-AFL: Fluorescence, WET Labs ECO-AFL/FL [mg/m^3]
# name 11 = par: PAR/Irradiance, Biospherical/Licor
# name 12 = bat: Beam Attenuation, Chelsea/Seatech [1/m]
# name 13 = xmiss: Beam Transmission, Chelsea/Seatech [%]
# name 14 = altM: Altimeter [m]
# name 15 = sbeox0Mm/Kg: Oxygen, SBE 43 [umol/kg]
# name 16 = sbeox0ML/L: Oxygen, SBE 43 [ml/l]
# name 17 = spar: SPAR/Surface Irradiance
# name 18 = pumps: Pump Status
# name 19 = nbin: number of scans per bin
# name 20 = flag: flag
# span 0 =   38.91728,   38.91744       
# span 1 =  -69.00008,  -68.99914       
# span 2 =    10.6087,    14.6908       
# span 3 =   3.813429,   4.352887       
# span 4 =    32.8838,    35.8401       
# span 5 =      2.271,    200.290       
# span 6 =      2.288,    201.915       
# span 7 =    10.6204,    14.6926       
# span 8 =   3.813920,   4.353201       
# span 9 =    33.5617,    35.8426       
# span 10 =     0.0044,     3.1248      
# span 11 = 1.0000e-12, 7.8282e-02      
# span 12 =    -0.0150,     0.3453      
# span 13 =    91.7302,   100.3770      
# span 14 =       5.27,      98.73      
# span 15 =    145.394,    437.523      
# span 16 =     3.3430,    10.0477      
# span 17 = 1.4089e+01, 1.7994e+01      
# span 18 =          1,          1      
# span 19 =         11,        564      
# span 20 = 0.0000e+00, 0.0000e+00      
# interval = decibars: 1                
# start_time = Apr 24 2012 23:32:42 [NMEA time, header]
# bad_flag = -9.990e-29
*END*
[from data line 276]
   38.91740  -68.99966    14.3838   4.302412    35.6084    123.049    124.024    14.3742   4.301567    35.6096     0.0259 1.0000e-12    -0.0075   100.1886      98.54    221.307     5.0871 1.4723e+01          1         20 0.0000e+00
   38.91740  -68.99966    14.3484   4.297353    35.5952    122.050    123.017    14.3476   4.297687    35.5990     0.0108 1.0000e-12    -0.0067   100.1682      98.55    221.349     5.0881 1.5221e+01          1         17 0.0000e+00
   38.91740  -68.99966    14.3385   4.296018    35.5925    121.075    122.034    14.3397   4.296434    35.5951     0.0069 1.0000e-12    -0.0068   100.1698      98.55    221.509     5.0917 1.5090e+01          1         17 0.0000e+00
   38.91740  -68.99965    14.3317   4.295072    35.5903    120.032    120.983    14.3320   4.295239    35.5915     0.0572 1.0000e-12    -0.0075   100.1868      98.55    221.200     5.0846 1.5296e+01          1         21 0.0000e+00
   38.91740  -68.99964    14.3271   4.294377    35.5884    119.018    119.960    14.3324   4.295207    35.5910     0.0525 1.0000e-12    -0.0070   100.1748      98.54    220.978     5.0795 1.5169e+01          1         25 0.0000e+00
   38.91740  -68.99964    14.3200   4.293368    35.5859    118.047    118.981    14.3202   4.293585    35.5876     0.0372 1.0000e-12    -0.0067   100.1678      98.54    221.646     5.0949 1.5190e+01          1         42 0.0000e+00
   38.91740  -68.99964    14.3183   4.293182    35.5857    117.145    118.072    14.3119   4.292386    35.5843     0.0367 1.0000e-12    -0.0061   100.1516      98.55    221.957     5.1020 1.5024e+01          1         34 0.0000e+00
   38.91740  -68.99965    14.3143   4.292504    35.5834    116.162    117.080    14.3056   4.291672    35.5839     0.0531 1.0000e-12    -0.0062   100.1562      98.54    222.288     5.1096 1.5190e+01          1         21 0.0000e+00
   38.91740  -68.99966    14.2648   4.285398    35.5645    115.111    116.021    14.2612   4.285763    35.5713     0.0405 1.0000e-12    -0.0062   100.1546      98.55    222.237     5.1084 1.5353e+01          1         17 0.0000e+00
   38.91740  -68.99966    14.2341   4.281226    35.5551    114.069    114.970    14.2358   4.282080    35.5614     0.0338 1.0000e-12    -0.0050   100.1244      98.55    221.698     5.0960 1.4978e+01          1         14 0.0000e+00
   38.91740  -68.99966    14.2256   4.280074    35.5526    113.055    113.949    14.2195   4.279652    35.5544     0.0304 1.0000e-12    -0.0055   100.1381      98.54    221.331     5.0876 1.5169e+01          1         15 0.0000e+00
   38.91740  -68.99966    14.2153   4.278577    35.5486    112.056    112.941    14.2156   4.278802    35.5503     0.0328 1.0000e-12    -0.0056   100.1387      98.54    221.850     5.0995 1.5243e+01          1         18 0.0000e+00
   38.91740  -68.99966    14.2044   4.277124    35.5453    111.012    111.889    14.1950   4.275976    35.5435     0.0472 1.0000e-12    -0.0013   100.0338      98.54    223.011     5.1262 1.5227e+01          1         46 0.0000e+00
   38.91740  -68.99966    14.2066   4.277354    35.5452    110.206    111.076    14.2138   4.278419    35.5482     0.0420 1.0000e-12    -0.0045   100.1137      98.55    224.268     5.1551 1.5181e+01          1         36 0.0000e+00
   38.91740  -68.99966    14.1897   4.274996    35.5393    109.147    110.009    14.1795   4.274099    35.5406     0.0491 1.0000e-12    -0.0043   100.1092      98.55    224.057     5.1502 1.5007e+01          1         22 0.0000e+00
   38.91740  -68.99966    14.1449   4.268792    35.5242    108.167    109.020    14.1383   4.268693    35.5295     0.0357 1.0000e-12    -0.0026   100.0659      98.55    223.608     5.1399 1.5243e+01          1         18 0.0000e+00
   38.91740  -68.99966    14.1233   4.265929    35.5181    107.194    108.039    14.1244   4.266222    35.5197     0.0343 1.0000e-12    -0.0028   100.0703      98.54    223.348     5.1339 1.5498e+01          1         19 0.0000e+00
   38.91740  -68.99966    14.1196   4.265353    35.5163    106.162    106.998    14.1200   4.265583    35.5180     0.0456 1.0000e-12    -0.0037   100.0923      98.55    223.751     5.1432 1.5615e+01          1         20 0.0000e+00
   38.91740  -68.99966    14.1149   4.264683    35.5146    105.168    105.997    14.1141   4.264812    35.5165     0.0458 1.0000e-12    -0.0039   100.0975      98.54    224.937     5.1704 1.5311e+01          1         22 0.0000e+00
   38.91740  -68.99966    14.1135   4.264422    35.5135    104.182    105.003    14.1140   4.264534    35.5140     0.0501 1.0000e-12    -0.0033   100.0843      98.55    225.518     5.1838 1.4901e+01          1         25 0.0000e+00
   38.91740  -68.99966    14.1101   4.263943    35.5123    103.200    104.013    14.1152   4.264847    35.5159     0.0298 1.0000e-12    -0.0034   100.0859      98.54    225.605     5.1858 1.5057e+01          1         24 0.0000e+00
   38.91740  -68.99966    14.1039   4.263100    35.5104    102.178    102.982    14.1025   4.263160    35.5124     0.0472 1.0000e-12    -0.0030   100.0759      98.54    225.601     5.1857 1.5202e+01          1         27 0.0000e+00
   38.91740  -68.99967    14.0940   4.261648    35.5065    101.123    101.919    14.0927   4.261657    35.5077     0.0588 1.0000e-12    -0.0006   100.0157      98.55    225.715     5.1883 1.5169e+01          1         35 0.0000e+00
   38.91740  -68.99968    14.0891   4.260900    35.5041    100.233    101.021    14.0932   4.261560    35.5063     0.0588 1.0000e-12    -0.0023   100.0574      98.55    225.705     5.1881 1.5263e+01          1         38 0.0000e+00
   38.91740  -68.99968    14.0933   4.261381    35.5047     99.266    100.047    14.0918   4.261279    35.5052     0.0646 1.0000e-12    -0.0028   100.0706      98.54    225.580     5.1852 1.4871e+01          1         21 0.0000e+00
   38.91740  -68.99968    14.0825   4.259824    35.5008     98.236     99.009    14.0789   4.259719    35.5032     0.0511 1.0000e-12    -0.0029   100.0730      98.56    225.747     5.1890 1.5197e+01          1         16 0.0000e+00
   38.91740  -68.99968    14.0721   4.258454    35.4981     97.202     97.966    14.0718   4.258579    35.4996     0.0454 1.0000e-12    -0.0020   100.0491      98.55    225.883     5.1922 1.5296e+01          1         14 0.0000e+00
   38.91740  -68.99968    14.0704   4.258191    35.4976     96.192     96.948    14.0700   4.258210    35.4981     0.0365 5.0910e-02    -0.0020   100.0510      98.56    225.848     5.1914 1.5456e+01          1         14 0.0000e+00
   38.91740  -68.99966    14.0688   4.257947    35.4971     95.204     95.952    14.0696   4.258151    35.4983     0.0493 8.3693e-03    -0.0019   100.0473      98.56    225.767     5.1895 1.5057e+01          1         16 0.0000e+00
   38.91740  -68.99966    14.0675   4.257757    35.4968     94.238     94.978    14.0695   4.258093    35.4981     0.0454 5.6910e-03    -0.0022   100.0546      98.55    225.602     5.1857 1.5403e+01          1         21 0.0000e+00
   38.91740  -68.99966    14.0674   4.257729    35.4968     93.239     93.971    14.0676   4.257854    35.4978     0.0318 1.0000e-12    -0.0029   100.0725      98.55    225.734     5.1887 1.5194e+01          1         53 0.0000e+00
   38.91740  -68.99966    14.0688   4.257855    35.4968     92.334     93.059    14.0681   4.257881    35.4977     0.0520 2.3997e-07    -0.0036   100.0911      98.55    226.314     5.2021 1.4828e+01          1         34 0.0000e+00
   38.91740  -68.99968    14.0639   4.257127    35.4950     91.299     92.016    14.0618   4.257140    35.4971     0.0504 6.0872e-06    -0.0020   100.0507      98.55    226.307     5.2019 1.5033e+01          1         23 0.0000e+00
   38.91740  -68.99968    14.0387   4.253563    35.4860     90.290     90.998    14.0347   4.253568    35.4898     0.0516 2.6887e-04    -0.0024   100.0602      98.55    226.379     5.2035 1.5119e+01          1         18 0.0000e+00
   38.91740  -68.99968    14.0230   4.251357    35.4806     89.285     89.985    14.0227   4.251637    35.4834     0.0461 3.1369e-05    -0.0026   100.0666      98.55    226.260     5.2008 1.4778e+01          1         16 0.0000e+00
   38.91740  -68.99968    14.0152   4.250258    35.4780     88.249     88.941    14.0175   4.250724    35.4801     0.0454 7.6324e-05    -0.0025   100.0616      98.55    225.960     5.1939 1.5367e+01          1         18 0.0000e+00
   38.91740  -68.99968    14.0118   4.249788    35.4770     87.287     87.971    14.0135   4.250198    35.4792     0.0493 1.0000e-12    -0.0029   100.0730      98.55    225.932     5.1933 1.4778e+01          1         24 0.0000e+00
   38.91740  -68.99968    14.0035   4.248573    35.4737     86.310     86.986    14.0048   4.248925    35.4757     0.0446 1.8975e-07    -0.0019   100.0473      98.55    226.701     5.2110 1.5200e+01          1         43 0.0000e+00
   38.91740  -68.99968    13.9999   4.248064    35.4723     85.365     86.033    14.0091   4.249422    35.4764     0.0408 1.0000e-12    -0.0030   100.0747      98.55    226.883     5.2151 1.5179e+01          1         46 0.0000e+00
   38.91740  -68.99968    13.9970   4.247679    35.4717     84.331     84.991    13.9997   4.248163    35.4737     0.0513 1.0000e-12    -0.0030   100.0761      98.55    226.915     5.2159 1.5296e+01          1         42 0.0000e+00
   38.91740  -68.99966    13.9863   4.246242    35.4685     83.326     83.978    13.9912   4.246920    35.4703     0.0523 1.0000e-12    -0.0024   100.0612      98.55    226.946     5.2166 1.5080e+01          1         50 0.0000e+00
   38.91740  -68.99966    13.9581   4.242387    35.4594     82.383     83.028    13.9648   4.243640    35.4649     0.0639 1.0479e-02    -0.0026   100.0642      98.55    226.357     5.2030 1.5028e+01          1         38 0.0000e+00
   38.91740  -68.99966    13.9540   4.241591    35.4560     81.359     81.995    13.9596   4.242556    35.4598     0.0605 6.0639e-03    -0.0028   100.0700      98.55    226.852     5.2144 1.4843e+01          1         26 0.0000e+00
   38.91740  -68.99967    13.9428   4.240078    35.4527     80.348     80.976    13.9437   4.240363    35.4547     0.0624 2.9221e-02    -0.0021   100.0535      98.54    227.122     5.2206 1.5000e+01          1         29 0.0000e+00
   38.91740  -68.99968    13.9369   4.239253    35.4506     79.277     79.897    13.9400   4.239747    35.4524     0.0651 1.1206e-03    -0.0019   100.0471      98.55    226.929     5.2162 1.5122e+01          1        104 0.0000e+00
   38.91740  -68.99970    13.9344   4.238907    35.4497     78.468     79.082    13.9361   4.239272    35.4516     0.0556 1.0000e-12    -0.0027   100.0682      98.55    226.670     5.2102 1.5304e+01          1         43 0.0000e+00
   38.91740  -68.99970    13.9231   4.237207    35.4448     77.406     78.010    13.9247   4.237649    35.4474     0.0530 1.0000e-12    -0.0025   100.0623      98.55    226.701     5.2109 1.5057e+01          1         24 0.0000e+00
   38.91740  -68.99970    13.9123   4.235685    35.4411     76.403     77.000    13.9122   4.236006    35.4443     0.0570 1.0000e-12    -0.0012   100.0280      98.55    227.187     5.2221 1.4946e+01          1         20 0.0000e+00
   38.91740  -68.99970    13.9042   4.234611    35.4391     75.343     75.931    13.9034   4.234614    35.4399     0.0641 1.0000e-12    -0.0019   100.0461      98.55    227.180     5.2219 1.5108e+01          1         22 0.0000e+00
   38.91740  -68.99968    13.9096   4.235316    35.4406     74.358     74.938    13.9089   4.235294    35.4411     0.0502 1.0000e-12    -0.0019   100.0484      98.55    227.185     5.2221 1.5082e+01          1        113 0.0000e+00
   38.91740  -68.99970    13.9136   4.235761    35.4412     73.488     74.062    13.9125   4.235861    35.4431     0.0563 1.0000e-12    -0.0007   100.0177      98.55    226.963     5.2170 1.4773e+01          1         53 0.0000e+00
   38.91740  -68.99970    13.8906   4.232510    35.4329     72.456     73.021    13.8894   4.232896    35.4377     0.0593 1.0000e-12    -0.0020   100.0503      98.55    226.615     5.2089 1.5014e+01          1         26 0.0000e+00
   38.91740  -68.99970    13.8142   4.221897    35.4062     71.465     72.023    13.8330   4.225634    35.4234     0.0548 1.0000e-12    -0.0017   100.0424      98.55    227.236     5.2232 1.4765e+01          1         21 0.0000e+00
   38.91740  -68.99970    13.7868   4.217975    35.3956     70.456     71.005    13.7860   4.218361    35.3999     0.0481 1.0000e-12    -0.0012   100.0302      98.55    227.139     5.2210 1.5057e+01          1         24 0.0000e+00
   38.91740  -68.99972    13.7694   4.215642    35.3901     69.412     69.952    13.7645   4.215276    35.3914     0.0551 1.0000e-12 -5.982e-20   100.0003      98.55    226.503     5.2063 1.4769e+01          1         29 0.0000e+00
   38.91740  -68.99971    13.7819   4.217320    35.3936     68.702     69.238    13.7813   4.217347    35.3944     0.0579 1.0000e-12    -0.0013   100.0320      98.55    226.825     5.2137 1.5033e+01          1         69 0.0000e+00
   38.91740  -68.99970    13.7618   4.214424    35.3856     67.489     68.015    13.7600   4.214577    35.3886     0.0742 1.0000e-12    -0.0011   100.0280      98.55    227.484     5.2289 1.5057e+01          1         20 0.0000e+00
   38.91740  -68.99970    13.7355   4.210903    35.3776     66.427     66.944    13.7403   4.211790    35.3814     0.0649 1.0000e-12    -0.0012   100.0287       7.45    226.501     5.2063 1.5076e+01          1         29 0.0000e+00
   38.91740  -68.99971    13.7394   4.211368    35.3781     65.505     66.015    13.7393   4.211439    35.3788     0.0740 1.0000e-12    -0.0011   100.0278      98.64    227.054     5.2190 1.5133e+01          1         74 0.0000e+00
   38.91740  -68.99972    13.7278   4.209708    35.3734     64.542     65.044    13.7297   4.210263    35.3769     0.0639 1.0000e-12     0.0005    99.9861      98.55    226.923     5.2159 1.5153e+01          1         29 0.0000e+00
   38.91740  -68.99972    13.7124   4.207723    35.3697     63.499     63.993    13.7234   4.209272    35.3737     0.0844 1.0000e-12    -0.0016   100.0401      98.55    227.150     5.2212 1.5258e+01          1         25 0.0000e+00
   38.91740  -68.99972    13.7156   4.208162    35.3707     62.303     62.787    13.7240   4.209290    35.3733     0.0652 1.0000e-12    -0.0005   100.0111      98.55    227.290     5.2244 1.4905e+01          1        110 0.0000e+00
   38.91740  -68.99972    13.7154   4.208029    35.3696     61.561     62.040    13.7205   4.209139    35.3754     0.0852 1.0000e-12    -0.0003   100.0069      98.55    227.334     5.2254 1.5217e+01          1         28 0.0000e+00
   38.91740  -68.99972    13.7020   4.206244    35.3659     60.527     60.997    13.7048   4.206828    35.3688     0.0675 1.0000e-12    -0.0010   100.0251      98.56    227.425     5.2275 1.4905e+01          1         22 0.0000e+00
   38.91738  -68.99972    13.6818   4.203504    35.3596     59.509     59.971    13.6871   4.204589    35.3649     0.0583 1.0000e-12    -0.0008   100.0187      98.56    227.293     5.2244 1.5119e+01          1         27 0.0000e+00
   38.91738  -68.99972    13.5950   4.191761    35.3316     58.493     58.947    13.6341   4.197581    35.3494     0.0900 1.0000e-12    -0.0001   100.0033      98.55    227.697     5.2337 1.5218e+01          1         45 0.0000e+00
   38.91739  -68.99973    13.6337   4.197073    35.3441     57.405     57.851    13.6499   4.199094    35.3482     0.0809 1.0000e-12     0.0008    99.9808      89.43    227.576     5.2309 1.5003e+01          1        102 0.0000e+00
   38.91740  -68.99974    13.6546   4.199537    35.3477     56.674     57.114    13.6587   4.201559    35.3632     0.0614 1.0000e-12     0.0015    99.9629      98.55    228.405     5.2500 1.4918e+01          1         32 0.0000e+00
