Data/ruptures/KN207-01/QL-1/20701039.cnv
* Sea-Bird SBE 9 Data File:
* FileName = C:\Data\ctd\20701039.hex
* Software Version Seasave V 7.21e
* Temperature SN = 4406
* Conductivity SN = 1474
* Number of Bytes Per Scan = 40
* Number of Voltage Words = 5
* Number of Scans Averaged by the Deck Unit = 1
* NMEA Latitude = 38 48.61 N
* NMEA Longitude = 069 10.00 W
* NMEA UTC (Time) = Apr 26 2012 16:05:23
** R/V Knorr Cruise # KN207-01 QL1
** Chief Scientist: Ben Van Mooy
# nquan = 21
# nvalues = 399                         
# units = specified
# name 0 = latitude: Latitude [deg]
# name 1 = longitude: Longitude [deg]
# name 2 = t090C: Temperature [ITS-90, deg C]
# name 3 = c0S/m: Conductivity [S/m]
# name 4 = sal00: Salinity, Practical [PSU]
# name 5 = depSM: Depth [salt water, m]
# name 6 = prDM: Pressure, Digiquartz [db]
# name 7 = t190C: Temperature, 2 [ITS-90, deg C]
# name 8 = c1S/m: Conductivity, 2 [S/m]
# name 9 = sal11: Salinity, Practical, 2 [PSU]
# name 10 = flECO-AFL: Fluorescence, WET Labs ECO-AFL/FL [mg/m^3]
# name 11 = par: PAR/Irradiance, Biospherical/Licor
# name 12 = bat: Beam Attenuation, Chelsea/Seatech [1/m]
# name 13 = xmiss: Beam Transmission, Chelsea/Seatech [%]
# name 14 = altM: Altimeter [m]
# name 15 = sbeox0Mm/Kg: Oxygen, SBE 43 [umol/kg]
# name 16 = sbeox0ML/L: Oxygen, SBE 43 [ml/l]
# name 17 = spar: SPAR/Surface Irradiance
# name 18 = pumps: Pump Status
# name 19 = nbin: number of scans per bin
# name 20 = flag: flag
# span 0 =   38.81017,   38.81100       
# span 1 =  -69.16774,  -69.16683       
# span 2 =    11.1303,    14.6668       
# span 3 =   3.836886,   4.353217       
# span 4 =    33.8055,    35.8231       
# span 5 =      1.926,    200.088       
# span 6 =      1.941,    201.709       
# span 7 =    11.1159,    14.6665       
# span 8 =   3.838638,   4.353306       
# span 9 =    33.7976,    35.8264       
# span 10 =    -0.0013,     3.0431      
# span 11 = 1.0000e-12, 2.3195e-02      
# span 12 =    -0.0145,     0.3346      
# span 13 =    91.9767,   100.3643      
# span 14 =      15.43,      98.63      
# span 15 =    142.139,    459.347      
# span 16 =     3.2682,    10.5484      
# span 17 = 2.1073e+03, 2.4940e+03      
# span 18 =          1,          1      
# span 19 =         15,        952      
# span 20 = 0.0000e+00, 0.0000e+00      
# interval = decibars: 1                
# start_time = Apr 26 2012 16:05:23 [NMEA time, header]
# bad_flag = -9.990e-29
*END*
[from data line 276]
   38.81062  -69.16732    14.3785   4.301684    35.6073    123.118    124.093    14.3664   4.300436    35.6071     0.0288 1.0000e-12    -0.0050   100.1244      98.58    220.569     5.0701 2.3142e+03          1         24 0.0000e+00
   38.81062  -69.16732    14.3473   4.297230    35.5957    122.056    123.022    14.3486   4.297840    35.5999     0.0292 1.0000e-12    -0.0061   100.1515      98.57    220.499     5.0685 2.2973e+03          1         18 0.0000e+00
   38.81063  -69.16732    14.3378   4.295893    35.5925    121.024    121.981    14.3354   4.295856    35.5943     0.0353 1.0000e-12    -0.0055   100.1364      98.58    220.348     5.0650 2.2916e+03          1         15 0.0000e+00
   38.81064  -69.16732    14.3275   4.294457    35.5891    120.005    120.954    14.3248   4.294400    35.5910     0.0428 1.0000e-12    -0.0055   100.1379      98.58    220.755     5.0744 2.2944e+03          1         19 0.0000e+00
   38.81064  -69.16732    14.3150   4.292727    35.5849    119.010    119.951    14.3143   4.292834    35.5864     0.0197 1.0000e-12    -0.0055   100.1376      98.58    221.336     5.0877 2.2982e+03          1         39 0.0000e+00
   38.81064  -69.16732    14.3132   4.292415    35.5836    118.117    119.051    14.3092   4.292036    35.5838     0.0341 1.0000e-12    -0.0058   100.1446      98.58    221.580     5.0933 2.3038e+03          1         28 0.0000e+00
   38.81064  -69.16732    14.3049   4.291231    35.5806    117.108    118.033    14.3028   4.291112    35.5814     0.0267 1.0000e-12    -0.0056   100.1406      98.58    221.714     5.0964 2.3167e+03          1         19 0.0000e+00
   38.81064  -69.16733    14.2963   4.289951    35.5771    116.103    117.020    14.2934   4.289854    35.5788     0.0246 1.0000e-12    -0.0058   100.1441      98.58    222.082     5.1049 2.3270e+03          1         17 0.0000e+00
   38.81064  -69.16734    14.2861   4.288543    35.5739    115.087    115.996    14.2852   4.288573    35.5749     0.0270 1.0000e-12    -0.0054   100.1351      98.58    221.900     5.1007 2.3274e+03          1         24 0.0000e+00
   38.81064  -69.16734    14.2835   4.288173    35.5729    114.100    115.000    14.2823   4.288144    35.5737     0.0344 1.0000e-12    -0.0052   100.1299      98.58    222.028     5.1036 2.3259e+03          1         33 0.0000e+00
   38.81064  -69.16734    14.2758   4.287017    35.5696    113.114    114.007    14.2606   4.285533    35.5701     0.0518 1.0000e-12    -0.0053   100.1320      98.59    222.681     5.1186 2.3443e+03          1         27 0.0000e+00
   38.81064  -69.16734    14.2443   4.282548    35.5581    112.078    112.962    14.2404   4.282324    35.5596     0.0658 1.0000e-12    -0.0055   100.1372      98.57    222.523     5.1150 2.3542e+03          1         20 0.0000e+00
   38.81064  -69.16734    14.2228   4.279477    35.5501    111.139    112.016    14.2269   4.280341    35.5541     0.0516 1.0000e-12    -0.0040   100.1001      98.59    222.511     5.1147 2.3552e+03          1         18 0.0000e+00
   38.81064  -69.16734    14.2071   4.277346    35.5453    110.131    110.999    14.2072   4.277876    35.5500     0.0265 1.0000e-12    -0.0040   100.1009      98.58    222.668     5.1183 2.3522e+03          1         23 0.0000e+00
   38.81064  -69.16734    14.1814   4.273744    35.5361    109.142    110.003    14.1775   4.273561    35.5381     0.0434 1.0000e-12    -0.0038   100.0958      98.58    222.876     5.1231 2.3496e+03          1         27 0.0000e+00
   38.81064  -69.16734    14.1703   4.272121    35.5315    108.150    109.002    14.1650   4.271713    35.5326     0.0560 1.0000e-12    -0.0044   100.1110      98.59    223.008     5.1261 2.3567e+03          1         25 0.0000e+00
   38.81064  -69.16734    14.1589   4.270578    35.5280    107.201    108.045    14.1567   4.270467    35.5289     0.0426 1.0000e-12    -0.0039   100.0975      98.60    223.152     5.1294 2.3570e+03          1         21 0.0000e+00
   38.81064  -69.16734    14.1536   4.269819    35.5260    106.175    107.011    14.1508   4.269635    35.5268     0.0350 1.0000e-12    -0.0036   100.0901      98.58    223.886     5.1463 2.3517e+03          1         27 0.0000e+00
   38.81064  -69.16734    14.1496   4.269248    35.5246    105.155    105.982    14.1463   4.268985    35.5252     0.0398 1.0000e-12    -0.0034   100.0853      98.58    224.673     5.1644 2.3444e+03          1         25 0.0000e+00
   38.81064  -69.16734    14.1457   4.268716    35.5234    104.169    104.989    14.1445   4.268694    35.5242     0.0444 1.0000e-12    -0.0037   100.0933      98.58    224.445     5.1591 2.3363e+03          1         24 0.0000e+00
   38.81064  -69.16734    14.1426   4.268233    35.5220    103.182    103.994    14.1423   4.268372    35.5235     0.0505 1.0000e-12    -0.0029   100.0742      98.59    223.722     5.1425 2.3218e+03          1         22 0.0000e+00
   38.81064  -69.16734    14.1166   4.264638    35.5133    102.209    103.013    14.1120   4.264758    35.5187     0.0419 1.0000e-12    -0.0028   100.0699      98.58    224.021     5.1494 2.3041e+03          1         25 0.0000e+00
   38.81066  -69.16736    14.0867   4.260465    35.5028    101.227    102.022    14.0792   4.260043    35.5059     0.0264 1.0000e-12    -0.0035   100.0884      98.58    224.678     5.1645 2.2921e+03          1         25 0.0000e+00
   38.81066  -69.16736    14.0429   4.254336    35.4871    100.157    100.944    14.0342   4.253942    35.4917     0.0358 1.0000e-12    -0.0025   100.0619      98.58    224.979     5.1714 2.2930e+03          1         30 0.0000e+00
   38.81066  -69.16736    14.0268   4.252081    35.4811     99.184     99.964    14.0134   4.250499    35.4789     0.0467 1.0000e-12    -0.0022   100.0551      98.59    225.423     5.1816 2.3138e+03          1         46 0.0000e+00
   38.81066  -69.16736    14.0065   4.249354    35.4744     98.329     99.102    13.9971   4.248164    35.4720     0.0492 1.0000e-12    -0.0019   100.0485      98.57    226.200     5.1994 2.3369e+03          1         43 0.0000e+00
   38.81066  -69.16736    13.9923   4.247419    35.4696     97.222     97.986    13.9907   4.247483    35.4716     0.0548 1.0000e-12    -0.0022   100.0549      98.59    226.359     5.2031 2.3442e+03          1         37 0.0000e+00
   38.81066  -69.16736    13.9713   4.244576    35.4626     96.336     97.092    13.9659   4.244017    35.4624     0.0620 1.0000e-12    -0.0020   100.0487      98.59    226.141     5.1981 2.3505e+03          1         76 0.0000e+00
   38.81066  -69.16738    13.9663   4.243821    35.4601     95.264     96.012    13.9649   4.243750    35.4606     0.0624 1.0000e-12    -0.0015   100.0363      98.58    226.769     5.2125 2.3380e+03          1         28 0.0000e+00
   38.81066  -69.16738    13.9608   4.243087    35.4585     94.204     94.942    13.9616   4.243330    35.4600     0.0542 1.0000e-12    -0.0017   100.0420      98.59    225.935     5.1933 2.3224e+03          1         34 0.0000e+00
   38.81066  -69.16738    13.9588   4.242815    35.4579     93.293     94.025    13.9575   4.242758    35.4585     0.0560 1.0000e-12    -0.0023   100.0569      98.59    226.510     5.2065 2.3365e+03          1         83 0.0000e+00
   38.81066  -69.16738    13.9591   4.242798    35.4574     92.313     93.037    13.9595   4.242936    35.4583     0.0585 1.0000e-12    -0.0022   100.0542      98.59    226.347     5.2028 2.3641e+03          1         41 0.0000e+00
   38.81066  -69.16738    13.9598   4.242827    35.4574     91.294     92.009    13.9600   4.242926    35.4580     0.0507 1.0000e-12    -0.0018   100.0441      98.58    225.848     5.1913 2.3541e+03          1         32 0.0000e+00
   38.81068  -69.16738    13.9606   4.242905    35.4576     90.225     90.932    13.9606   4.242991    35.4584     0.0422 1.0000e-12    -0.0019   100.0473      98.58    225.983     5.1944 2.3465e+03          1         56 0.0000e+00
   38.81068  -69.16738    13.9595   4.242726    35.4572     89.390     90.090    13.9591   4.242767    35.4579     0.0487 1.0000e-12    -0.0019   100.0484      98.59    226.209     5.1996 2.3569e+03          1         47 0.0000e+00
   38.81068  -69.16739    13.9580   4.242444    35.4565     88.217     88.908    13.9584   4.242617    35.4576     0.0518 1.0000e-12    -0.0022   100.0553      98.58    226.104     5.1972 2.3544e+03          1         42 0.0000e+00
   38.81068  -69.16740    13.9515   4.241493    35.4539     87.508     88.193    13.9481   4.241139    35.4538     0.0584 1.0000e-12    -0.0024   100.0600      98.59    226.113     5.1974 2.3633e+03          1         73 0.0000e+00
   38.81068  -69.16740    13.9438   4.240332    35.4507     86.303     86.978    13.9431   4.240390    35.4519     0.0618 1.0000e-12    -0.0022   100.0545      98.59    225.797     5.1902 2.3633e+03          1         25 0.0000e+00
   38.81068  -69.16740    13.9098   4.235626    35.4393     85.238     85.905    13.9147   4.236625    35.4439     0.0607 1.0000e-12    -0.0018   100.0459      98.59    226.239     5.2003 2.3383e+03          1         37 0.0000e+00
   38.81068  -69.16740    13.9031   4.234599    35.4360     84.557     85.218    13.9023   4.234715    35.4378     0.0553 1.0000e-12    -0.0010   100.0234      98.59    225.996     5.1947 2.3152e+03          1         70 0.0000e+00
   38.81068  -69.16740    13.8905   4.232785    35.4311     83.354     84.006    13.8883   4.232519    35.4307     0.0639 1.0000e-12    -0.0016   100.0402      98.59    226.314     5.2020 2.3126e+03          1         29 0.0000e+00
   38.81068  -69.16740    13.8661   4.229118    35.4201     82.234     82.876    13.8627   4.228837    35.4206     0.0655 1.0000e-12    -0.0014   100.0356      98.59    226.269     5.2010 2.2218e+03          1         70 0.0000e+00
   38.81068  -69.16741    13.8554   4.227348    35.4135     81.453     82.089    13.8551   4.227352    35.4138     0.0539 1.0000e-12    -0.0018   100.0440      98.59    225.734     5.1886 2.2020e+03          1         47 0.0000e+00
   38.81068  -69.16742    13.8549   4.227169    35.4126     80.387     81.015    13.8563   4.227500    35.4143     0.0788 3.1381e-07    -0.0021   100.0513      98.58    225.569     5.1849 2.2836e+03          1         26 0.0000e+00
   38.81068  -69.16742    13.8461   4.225868    35.4090     79.293     79.912    13.8467   4.226092    35.4105     0.0644 3.9458e-06    -0.0013   100.0324      98.59    225.239     5.1773 2.2929e+03          1         43 0.0000e+00
   38.81069  -69.16742    13.8303   4.223549    35.4023     78.469     79.082    13.8234   4.222814    35.4019     0.0517 1.0000e-12     0.0007    99.9817      98.59    224.812     5.1674 2.2684e+03          1         76 0.0000e+00
   38.81070  -69.16742    13.8100   4.220603    35.3939     77.452     78.056    13.8110   4.220883    35.3955     0.0612 1.0000e-12    -0.0015   100.0383      98.60    224.505     5.1604 2.3149e+03          1         40 0.0000e+00
   38.81070  -69.16742    13.7860   4.217377    35.3866     76.383     76.978    13.7967   4.218993    35.3917     0.0595 1.0000e-12     0.0010    99.9743      98.59    223.906     5.1466 2.3243e+03          1         31 0.0000e+00
   38.81070  -69.16742    13.7490   4.212312    35.3743     75.335     75.923    13.7524   4.213154    35.3790     0.0615 1.0000e-12    -0.0019   100.0479      98.59    224.214     5.1537 2.3185e+03          1         44 0.0000e+00
   38.81070  -69.16742    13.7199   4.208325    35.3642     74.493     75.074    13.6990   4.205712    35.3594     0.0667 1.0000e-12    -0.0016   100.0409      98.59    224.302     5.1557 2.3325e+03          1         68 0.0000e+00
   38.81070  -69.16742    13.6820   4.203179    35.3515     73.432     74.005    13.6762   4.202797    35.3532     0.0756 1.0000e-12     0.0002    99.9964      98.59    224.290     5.1554 2.3686e+03          1         50 0.0000e+00
   38.81070  -69.16742    13.6272   4.195998    35.3358     72.455     73.019    13.6361   4.197627    35.3424     0.0707 1.0000e-12    -0.0024   100.0601      98.59    225.404     5.1810 2.3797e+03          1         36 0.0000e+00
   38.81070  -69.16742    13.5481   4.185243    35.3093     71.371     71.927    13.5550   4.187217    35.3213     0.0641 1.0000e-12    -0.0015   100.0376      98.59    225.526     5.1838 2.3798e+03          1         37 0.0000e+00
   38.81070  -69.16744    13.5277   4.182465    35.3016     70.466     71.015    13.5130   4.180812    35.2999     0.0734 1.0000e-12    -0.0011   100.0270      98.59    226.128     5.1976 2.3753e+03          1         67 0.0000e+00
   38.81070  -69.16744    13.5034   4.179436    35.2954     69.484     70.025    13.5032   4.179377    35.2949     0.0783 1.0000e-12     0.0001    99.9979      98.60    226.567     5.2077 2.3714e+03          1         38 0.0000e+00
   38.81071  -69.16744    13.4666   4.174337    35.2818     68.452     68.984    13.4679   4.174843    35.2853     0.0806 1.0000e-12     0.0002    99.9964      98.59    226.786     5.2127 2.3558e+03          1         57 0.0000e+00
   38.81072  -69.16744    13.4534   4.172460    35.2761     67.543     68.068    13.4514   4.172222    35.2757     0.0933 1.0000e-12     0.0008    99.9801      98.59    227.030     5.2183 2.3604e+03          1         44 0.0000e+00
   38.81072  -69.16744    13.4273   4.168877    35.2669     66.479     66.996    13.4343   4.170043    35.2713     0.0992 1.0000e-12     0.0012    99.9710      98.59    227.783     5.2356 2.3725e+03          1         31 0.0000e+00
   38.81072  -69.16744    13.4077   4.166171    35.2597     65.430     65.939    13.4048   4.166039    35.2611     0.0882 1.0000e-12     0.0020    99.9503      96.94    227.749     5.2348 2.3703e+03          1         61 0.0000e+00
   38.81072  -69.16744    13.4030   4.165576    35.2582     64.562     65.064    13.4020   4.165540    35.2587     0.0921 1.0000e-12     0.0009    99.9771      67.68    228.095     5.2428 2.3871e+03          1         52 0.0000e+00
   38.81072  -69.16744    13.4009   4.165269    35.2572     63.511     64.004    13.4020   4.165491    35.2582     0.0711 1.0000e-12     0.0012    99.9702      98.60    228.152     5.2441 2.4091e+03          1         41 0.0000e+00
   38.81072  -69.16744    13.3901   4.163845    35.2541     62.491     62.976    13.3914   4.164202    35.2562     0.0808 1.0000e-12     0.0014    99.9649      98.59    227.744     5.2347 2.4109e+03          1         44 0.0000e+00
   38.81072  -69.16744    13.3372   4.156330    35.2332     61.517     61.995    13.3323   4.156542    35.2399     0.0823 1.0000e-12     0.0033    99.9182      98.60    227.866     5.2375 2.4077e+03          1         56 0.0000e+00
   38.81072  -69.16746    13.2501   4.144828    35.2066     60.569     61.039    13.2355   4.143003    35.2031     0.1033 1.0000e-12     0.0054    99.8644      98.59    229.070     5.2652 2.4263e+03          1         45 0.0000e+00
   38.81072  -69.16746    13.1787   4.134820    35.1790     59.538     60.000    13.1875   4.136309    35.1846     0.1232 1.0000e-12     0.0056    99.8587      98.60    229.109     5.2660 2.4308e+03          1         45 0.0000e+00
   38.81073  -69.16746    13.1494   4.130853    35.1683     58.587     59.041    13.1454   4.130786    35.1714     0.1416 1.0000e-12     0.0061    99.8480      98.59    230.046     5.2875 2.4106e+03          1         52 0.0000e+00
   38.81074  -69.16746    13.1243   4.127602    35.1608     57.516     57.962    13.1286   4.128176    35.1620     0.1360 1.0000e-12     0.0069    99.8288      98.59    230.379     5.2952 2.3857e+03          1         38 0.0000e+00
   38.81074  -69.16746    13.1021   4.124672    35.1531     56.492     56.930    13.0970   4.124207    35.1535     0.1385 1.0000e-12     0.0072    99.8216      87.03    230.399     5.2956 2.3920e+03          1         90 0.0000e+00
