Data/ruptures/KN207-01/QL-1/20701016.cnv
* Sea-Bird SBE 9 Data File:
* FileName = C:\Data\ctd\20701016.hex
* Software Version Seasave V 7.21e
* Temperature SN = 4406
* Conductivity SN = 1474
* Number of Bytes Per Scan = 40
* Number of Voltage Words = 5
* Number of Scans Averaged by the Deck Unit = 1
* NMEA Latitude = 38 59.05 N
* NMEA Longitude = 068 59.28 W
* NMEA UTC (Time) = Apr 23 2012 20:04:34
** R/V Knorr Cruise # KN207-01 QL1
** Chief Scientist: Ben Van Mooy
# nquan = 21
# nvalues = 405                         
# units = specified
# name 0 = latitude: Latitude [deg]
# name 1 = longitude: Longitude [deg]
# name 2 = t090C: Temperature [ITS-90, deg C]
# name 3 = c0S/m: Conductivity [S/m]
# name 4 = sal00: Salinity, Practical [PSU]
# name 5 = depSM: Depth [salt water, m]
# name 6 = prDM: Pressure, Digiquartz [db]
# name 7 = t190C: Temperature, 2 [ITS-90, deg C]
# name 8 = c1S/m: Conductivity, 2 [S/m]
# name 9 = sal11: Salinity, Practical, 2 [PSU]
# name 10 = flECO-AFL: Fluorescence, WET Labs ECO-AFL/FL [mg/m^3]
# name 11 = par: PAR/Irradiance, Biospherical/Licor
# name 12 = bat: Beam Attenuation, Chelsea/Seatech [1/m]
# name 13 = xmiss: Beam Transmission, Chelsea/Seatech [%]
# name 14 = altM: Altimeter [m]
# name 15 = sbeox0Mm/Kg: Oxygen, SBE 43 [umol/kg]
# name 16 = sbeox0ML/L: Oxygen, SBE 43 [ml/l]
# name 17 = spar: SPAR/Surface Irradiance
# name 18 = pumps: Pump Status
# name 19 = nbin: number of scans per bin
# name 20 = flag: flag
# span 0 =   38.98327,   38.98420       
# span 1 =  -68.98817,  -68.98738       
# span 2 =    11.1480,    14.7728       
# span 3 =   3.871763,   4.367968       
# span 4 =    33.6383,    35.8472       
# span 5 =      2.442,    203.131       
# span 6 =      2.461,    204.782       
# span 7 =    11.1452,    14.7720       
# span 8 =   3.871846,   4.368108       
# span 9 =    33.9196,    35.8500       
# span 10 =    -0.0034,     2.7662      
# span 11 = 1.0000e-12, 3.0132e+01      
# span 12 =    -0.0153,     0.3204      
# span 13 =    92.3037,   100.3846      
# span 14 =       1.62,      98.69      
# span 15 =    145.562,    422.713      
# span 16 =     3.3467,     9.7084      
# span 17 = 5.4297e+02, 8.8328e+02      
# span 18 =          1,          1      
# span 19 =          7,        624      
# span 20 = 0.0000e+00, 0.0000e+00      
# interval = decibars: 1                
# start_time = Apr 23 2012 20:04:34 [NMEA time, header]
# bad_flag = -9.990e-29
*END*
[from data line 138]
   38.98402  -68.98762    14.7048   4.349022    35.7314    140.886    142.010    14.7044   4.348659    35.7283     0.0264 1.0618e-04    -0.0121   100.3013      98.57    213.720     4.9128 6.1225e+02          1         17 0.0000e+00
   38.98402  -68.98758    14.7194   4.351206    35.7377    141.871    143.003    14.7190   4.351126    35.7372     0.0431 8.1421e-05    -0.0075   100.1875      98.57    213.899     4.9169 6.1272e+02          1         22 0.0000e+00
   38.98402  -68.98758    14.7136   4.350782    35.7392    142.887    144.028    14.7136   4.350914    35.7404     0.0325 6.4185e-05    -0.0123   100.3077      98.58    213.640     4.9110 6.1110e+02          1         23 0.0000e+00
   38.98402  -68.98758    14.7077   4.350458    35.7418    143.872    145.021    14.7074   4.350473    35.7421     0.0193 6.1844e-05    -0.0106   100.2643      98.57    212.854     4.8929 6.0748e+02          1         27 0.0000e+00
   38.98402  -68.98758    14.7100   4.350962    35.7441    144.883    146.040    14.7097   4.350930    35.7440     0.0277 5.4842e-05    -0.0133   100.3322      98.57    211.430     4.8602 6.0373e+02          1         23 0.0000e+00
   38.98401  -68.98759    14.7177   4.352192    35.7480    145.932    147.097    14.7177   4.352230    35.7484     0.0240 3.8999e-05    -0.0135   100.3387      98.57    208.888     4.8018 6.0227e+02          1         47 0.0000e+00
   38.98400  -68.98760    14.7082   4.351410    35.7499    146.730    147.902    14.7080   4.351545    35.7513     0.0323 2.8901e-05    -0.0139   100.3487      98.57    207.957     4.7804 6.0380e+02          1         44 0.0000e+00
   38.98400  -68.98760    14.6883   4.349318    35.7493    147.777    148.958    14.6880   4.349602    35.7521     0.0213 8.1591e-06    -0.0138   100.3462      98.58    207.278     4.7648 6.0721e+02          1         19 0.0000e+00
   38.98400  -68.98760    14.6938   4.350926    35.7585    148.782    149.972    14.6928   4.350369    35.7542     0.0371 7.6792e-06    -0.0141   100.3542      98.58    206.089     4.7375 6.0884e+02          1         17 0.0000e+00
   38.98400  -68.98760    14.7058   4.352716    35.7632    149.775    150.973    14.7056   4.352746    35.7637     0.0450 3.2636e-06    -0.0131   100.3283      98.57    204.602     4.7033 6.1075e+02          1         15 0.0000e+00
   38.98400  -68.98758    14.7062   4.352912    35.7643    150.819    152.026    14.7060   4.352925    35.7646     0.0438 3.7087e-07    -0.0138   100.3464      98.57    202.691     4.6594 6.1110e+02          1         22 0.0000e+00
   38.98400  -68.98758    14.7096   4.353737    35.7683    151.873    153.088    14.7093   4.353702    35.7683     0.0148 1.0000e-12    -0.0102   100.2560      98.57    199.825     4.5935 6.0870e+02          1         33 0.0000e+00
   38.98400  -68.98758    14.7103   4.353999    35.7699    152.749    153.971    14.7101   4.354068    35.7707     0.0258 1.0000e-12    -0.0115   100.2873      98.57    198.694     4.5675 6.0124e+02          1         65 0.0000e+00
   38.98398  -68.98756    14.7186   4.356274    35.7827    153.729    154.960    14.7180   4.356026    35.7810     0.0370 1.0000e-12    -0.0140   100.3506      98.57    197.966     4.5508 6.0616e+02          1         35 0.0000e+00
   38.98398  -68.98756    14.7220   4.357453    35.7901    154.745    155.984    14.7221   4.357596    35.7912     0.0377 1.0000e-12    -0.0136   100.3410      98.58    197.934     4.5501 6.1078e+02          1         21 0.0000e+00
   38.98398  -68.98756    14.7037   4.355149    35.7858    155.725    156.973    14.7054   4.355688    35.7892     0.0229 1.0000e-12    -0.0140   100.3512      98.58    196.685     4.5214 6.0949e+02          1         17 0.0000e+00
   38.98398  -68.98756    14.6935   4.353989    35.7844    156.741    157.997    14.6930   4.354239    35.7871     0.0359 1.0000e-12    -0.0141   100.3520      98.57    194.134     4.4628 6.0770e+02          1         14 0.0000e+00
   38.98398  -68.98756    14.6887   4.354085    35.7893    157.737    159.001    14.6884   4.353742    35.7865     0.0401 1.0000e-12    -0.0133   100.3320      98.57    191.998     4.4137 6.0588e+02          1         13 0.0000e+00
   38.98398  -68.98756    14.6996   4.356383    35.7997    158.761    160.034    14.6994   4.356345    35.7996     0.0459 1.0000e-12    -0.0133   100.3337      98.58    190.136     4.3709 6.0323e+02          1         14 0.0000e+00
   38.98399  -68.98756    14.6983   4.356918    35.8054    159.775    161.057    14.6981   4.356836    35.8049     0.0343 1.0000e-12    -0.0135   100.3386      98.58    188.649     4.3367 6.0227e+02          1         15 0.0000e+00
   38.98400  -68.98756    14.7137   4.359964    35.8185    160.740    162.029    14.7131   4.359595    35.8156     0.0293 1.0000e-12    -0.0142   100.3557      98.58    186.260     4.2819 6.0216e+02          1         21 0.0000e+00
   38.98400  -68.98756    14.7300   4.363208    35.8326    161.757    163.055    14.7301   4.363274    35.8331     0.0407 1.0000e-12    -0.0125   100.3140      98.57    181.759     4.1784 6.0644e+02          1         37 0.0000e+00
   38.98399  -68.98755    14.7202   4.361950    35.8302    162.491    163.796    14.7185   4.361970    35.8319     0.0352 1.0000e-12    -0.0144   100.3600      98.58    179.021     4.1155 6.0784e+02          1        107 0.0000e+00
   38.98398  -68.98754    14.7155   4.362113    35.8358    163.642    164.956    14.7157   4.362232    35.8366     0.0361 1.0000e-12    -0.0146   100.3660      98.58    179.309     4.1221 6.0149e+02          1         20 0.0000e+00
   38.98398  -68.98754    14.7142   4.362004    35.8355    164.653    165.976    14.7138   4.362058    35.8364     0.0357 1.0000e-12    -0.0134   100.3351      98.58    179.008     4.1152 6.0212e+02          1         15 0.0000e+00
   38.98398  -68.98754    14.7019   4.361296    35.8403    165.647    166.978    14.7031   4.361541    35.8414     0.0373 1.0000e-12    -0.0122   100.3043      98.59    178.110     4.0946 6.0313e+02          1         13 0.0000e+00
   38.98398  -68.98754    14.6954   4.361077    35.8439    166.639    167.978    14.6952   4.361270    35.8459     0.0364 1.0000e-12    -0.0130   100.3257      98.57    177.071     4.0707 6.0488e+02          1         12 0.0000e+00
   38.98398  -68.98755    14.6768   4.359307    35.8448    167.635    168.982    14.6775   4.359695    35.8477     0.0328 1.0000e-12    -0.0142   100.3557      98.58    176.371     4.0547 6.0693e+02          1         12 0.0000e+00
   38.98398  -68.98756    14.6638   4.358235    35.8469    168.614    169.970    14.6636   4.358533    35.8497     0.0304 1.0000e-12    -0.0133   100.3321      98.57    175.565     4.0361 6.0804e+02          1         12 0.0000e+00
   38.98398  -68.98756    14.6457   4.356383    35.8464    169.619    170.983    14.6457   4.356771    35.8500     0.0221 1.0000e-12    -0.0132   100.3300      98.58    174.101     4.0025 6.0927e+02          1         15 0.0000e+00
   38.98398  -68.98756    14.6215   4.354043    35.8472    170.657    172.031    14.6219   4.354389    35.8500     0.0155 1.0000e-12    -0.0142   100.3545      98.58    171.464     3.9419 6.0927e+02          1         22 0.0000e+00
   38.98398  -68.98756    14.5854   4.350271    35.8458    171.695    173.077    14.5940   4.351437    35.8485     0.0184 1.0000e-12    -0.0133   100.3336      98.58    166.722     3.8329 6.0902e+02          1         43 0.0000e+00
   38.98398  -68.98753    14.5909   4.350811    35.8444    172.450    173.838    14.5921   4.351198    35.8468     0.0246 1.0000e-12    -0.0137   100.3433      98.58    162.853     3.7439 6.0321e+02          1        112 0.0000e+00
   38.98398  -68.98752    14.5439   4.346153    35.8450    173.549    174.947    14.5441   4.346458    35.8477     0.0145 1.0000e-12    -0.0140   100.3514      98.58    164.004     3.7704 6.0339e+02          1         18 0.0000e+00
   38.98398  -68.98752    14.5291   4.344545    35.8436    174.521    175.928    14.5294   4.344947    35.8471     0.0151 1.0000e-12    -0.0142   100.3557      98.57    162.994     3.7472 6.0767e+02          1         12 0.0000e+00
   38.98396  -68.98754    14.5008   4.341369    35.8406    175.533    176.948    14.5016   4.342174    35.8473     0.0268 1.0000e-12    -0.0144   100.3604      98.59    162.235     3.7298 6.1120e+02          1         11 0.0000e+00
   38.98396  -68.98754    14.4771   4.338898    35.8397    176.550    177.973    14.4775   4.339541    35.8453     0.0296 1.0000e-12    -0.0140   100.3500      98.58    161.563     3.7144 6.1293e+02          1          9 0.0000e+00
   38.98396  -68.98754    14.4559   4.336740    35.8392    177.546    178.977    14.4557   4.337091    35.8427     0.0211 1.0000e-12    -0.0135   100.3377      98.56    160.990     3.7012 6.1544e+02          1         10 0.0000e+00
   38.98396  -68.98754    14.4452   4.335606    35.8383    178.587    180.028    14.4454   4.336030    35.8420     0.0030 1.0000e-12    -0.0138   100.3454      98.58    160.213     3.6833 6.1655e+02          1         15 0.0000e+00
   38.98396  -68.98754    14.4059   4.331250    35.8346    179.619    181.069    14.4066   4.331841    35.8394     0.0298 1.0000e-12    -0.0134   100.3360      98.58    159.289     3.6621 6.1763e+02          1         17 0.0000e+00
   38.98396  -68.98754    14.4088   4.331704    35.8343    180.494    181.951    14.4148   4.332296    35.8342     0.0269 1.0000e-12    -0.0138   100.3444      98.58    156.117     3.5892 6.0963e+02          1         77 0.0000e+00
   38.98396  -68.98752    14.3127   4.320979    35.8244    181.520    182.986    14.3191   4.322809    35.8356     0.0449 1.0000e-12    -0.0083   100.2070      98.59    156.213     3.5914 6.1709e+02          1         14 0.0000e+00
   38.98396  -68.98752    14.2702   4.316292    35.8207    182.508    183.982    14.2715   4.317150    35.8276     0.0136 1.0000e-12    -0.0111   100.2786      98.58    155.919     3.5847 6.1703e+02          1         13 0.0000e+00
   38.98396  -68.98752    14.2200   4.310591    35.8147    183.530    185.013    14.2219   4.311744    35.8239     0.0074 1.0000e-12    -0.0140   100.3498      98.58    155.208     3.5684 6.1566e+02          1         13 0.0000e+00
   38.98396  -68.98752    14.1806   4.306163    35.8102    184.517    186.008    14.1820   4.307185    35.8187     0.0346 1.0000e-12    -0.0137   100.3428      98.57    154.321     3.5480 6.1380e+02          1         12 0.0000e+00
   38.98396  -68.98752    14.1269   4.300122    35.8043    185.511    187.011    14.1280   4.301052    35.8121     0.0285 1.0000e-12    -0.0140   100.3497      98.57    153.161     3.5214 6.1212e+02          1         17 0.0000e+00
   38.98396  -68.98752    14.1210   4.299895    35.8053    186.446    187.954    14.1399   4.301661    35.8041     0.0290 1.0000e-12    -0.0139   100.3472      98.58    150.923     3.4699 6.0881e+02          1         82 0.0000e+00
   38.98396  -68.98752    14.0393   4.290724    35.7953    187.497    189.014    14.0398   4.291167    35.7996     0.0294 1.0000e-12    -0.0145   100.3626      98.58    151.782     3.4897 6.2205e+02          1         15 0.0000e+00
   38.98396  -68.98752    14.0194   4.288331    35.7912    188.488    190.013    14.0207   4.289163    35.7982     0.0375 1.0000e-12    -0.0144   100.3612      98.58    150.812     3.4674 6.2315e+02          1         14 0.0000e+00
   38.98396  -68.98752    13.9714   4.282865    35.7851    189.482    191.016    13.9726   4.283738    35.7926     0.0511 1.0000e-12    -0.0145   100.3630      98.58    149.967     3.4480 6.2426e+02          1         14 0.0000e+00
   38.98396  -68.98752    13.9229   4.277356    35.7790    190.469    192.012    13.9239   4.278257    35.7870     0.0334 1.0000e-12    -0.0141   100.3537      98.57    149.308     3.4329 6.2321e+02          1         13 0.0000e+00
   38.98396  -68.98752    13.8729   4.271389    35.7701    191.418    192.969    13.8745   4.272960    35.7837     0.0225 1.0000e-12    -0.0140   100.3514      98.58    149.112     3.4284 6.2216e+02          1         12 0.0000e+00
   38.98396  -68.98752    13.8014   4.263435    35.7631    192.410    193.969    13.8029   4.264789    35.7746     0.0266 1.0000e-12    -0.0140   100.3517      98.58    149.093     3.4279 6.2046e+02          1         13 0.0000e+00
   38.98396  -68.98751    13.7603   4.258992    35.7596    193.435    195.003    13.7608   4.259727    35.7663     0.0299 1.0000e-12    -0.0141   100.3540      98.57    148.929     3.4242 6.1848e+02          1         15 0.0000e+00
   38.98396  -68.98750    13.7908   4.262898    35.7644    194.340    195.916    13.8075   4.264019    35.7594     0.0493 1.0000e-12    -0.0143   100.3592      98.58    148.652     3.4178 6.1420e+02          1         58 0.0000e+00
   38.98394  -68.98752    13.8381   4.267646    35.7613    195.451    197.036    13.8600   4.271496    35.7771     0.0285 1.0000e-12    -0.0137   100.3428      98.59    149.287     3.4324 6.3220e+02          1         12 0.0000e+00
   38.98394  -68.98752    13.6801   4.249112    35.7380    196.421    198.014    13.7114   4.255955    35.7730     0.0298 1.0000e-12    -0.0139   100.3471      98.59    149.807     3.4444 6.3350e+02          1         12 0.0000e+00
   38.98394  -68.98752    13.6138   4.242687    35.7401    197.393    198.994    13.6479   4.247700    35.7554     0.0150 1.0000e-12    -0.0142   100.3557      98.58    149.625     3.4402 6.3318e+02          1         14 0.0000e+00
   38.98396  -68.98748    13.5784   4.238814    35.7365    198.407    200.018    13.5791   4.239328    35.7414     0.0172 1.0000e-12    -0.0144   100.3608      98.58    148.941     3.4246 6.3082e+02          1         15 0.0000e+00
   38.98396  -68.98748    13.5553   4.236231    35.7330    199.424    201.043    13.5559   4.236704    35.7375     0.0233 1.0000e-12    -0.0120   100.3004      98.58    148.107     3.4054 6.2536e+02          1         20 0.0000e+00
   38.98396  -68.98747    13.5237   4.232934    35.7287    200.228    201.854    13.5443   4.234987    35.7285     0.0290 1.0000e-12    -0.0143   100.3584      98.58    147.661     3.3951 6.2201e+02          1         66 0.0000e+00
   38.98394  -68.98747    13.4646   4.226409    35.7179    201.259    202.894    13.4730   4.227325    35.7185     0.0340 1.0000e-12    -0.0150   100.3751      98.59    147.053     3.3812 6.3397e+02          1        115 0.0000e+00
   38.98392  -68.98747    13.4026   4.219464    35.7099    202.435    204.080    13.4110   4.220336    35.7101     0.0282 1.0000e-12    -0.0151   100.3792      98.59    147.056     3.3813 6.4792e+02          1         82 0.0000e+00
   38.98394  -68.98746    13.3806   4.217078    35.7076    203.131    204.782    13.3985   4.218608    35.7049     0.0531 1.0000e-12    -0.0151   100.3782      98.59    146.520     3.3689 6.5163e+02          1         40 0.0000e+00
   38.98394  -68.98746    13.4835   4.228677    35.7183    202.392    204.036    13.4896   4.228920    35.7149     0.0367 1.0000e-12    -0.0148   100.3723      98.59    146.204     3.3616 6.3915e+02          1         17 0.0000e+00
   38.98394  -68.98746    13.5118   4.231685    35.7200    201.372    203.008    13.5084   4.231121    35.7182     0.0368 1.0000e-12    -0.0149   100.3744      98.59    146.374     3.3655 6.3168e+02          1         11 0.0000e+00
   38.98394  -68.98746    13.5117   4.231630    35.7201    200.375    202.002    13.5114   4.231670    35.7209     0.0341 1.0000e-12    -0.0146   100.3650      98.59    146.423     3.3666 6.2782e+02          1         11 0.0000e+00
   38.98394  -68.98746    13.5056   4.230979    35.7203    199.378    200.996    13.5073   4.231368    35.7225     0.0064 1.0000e-12    -0.0145   100.3634      98.59    146.646     3.3718 6.2569e+02          1         10 0.0000e+00
