Data/ruptures/KN207-01/QL-1/20701018.cnv
* Sea-Bird SBE 9 Data File:
* FileName = C:\Data\ctd\20701018.hex
* Software Version Seasave V 7.21e
* Temperature SN = 4406
* Conductivity SN = 1474
* Number of Bytes Per Scan = 40
* Number of Voltage Words = 5
* Number of Scans Averaged by the Deck Unit = 1
* NMEA Latitude = 38 58.10 N
* NMEA Longitude = 068 59.84 W
* NMEA UTC (Time) = Apr 23 2012 23:59:19
** R/V Knorr Cruise # KN207-01 QL1
** Chief Scientist: Ben Van Mooy
# nquan = 21
# nvalues = 403                         
# units = specified
# name 0 = latitude: Latitude [deg]
# name 1 = longitude: Longitude [deg]
# name 2 = t090C: Temperature [ITS-90, deg C]
# name 3 = c0S/m: Conductivity [S/m]
# name 4 = sal00: Salinity, Practical [PSU]
# name 5 = depSM: Depth [salt water, m]
# name 6 = prDM: Pressure, Digiquartz [db]
# name 7 = t190C: Temperature, 2 [ITS-90, deg C]
# name 8 = c1S/m: Conductivity, 2 [S/m]
# name 9 = sal11: Salinity, Practical, 2 [PSU]
# name 10 = flECO-AFL: Fluorescence, WET Labs ECO-AFL/FL [mg/m^3]
# name 11 = par: PAR/Irradiance, Biospherical/Licor
# name 12 = bat: Beam Attenuation, Chelsea/Seatech [1/m]
# name 13 = xmiss: Beam Transmission, Chelsea/Seatech [%]
# name 14 = altM: Altimeter [m]
# name 15 = sbeox0Mm/Kg: Oxygen, SBE 43 [umol/kg]
# name 16 = sbeox0ML/L: Oxygen, SBE 43 [ml/l]
# name 17 = spar: SPAR/Surface Irradiance
# name 18 = pumps: Pump Status
# name 19 = nbin: number of scans per bin
# name 20 = flag: flag
# span 0 =   38.96630,   38.96833       
# span 1 =  -68.99776,  -68.99751       
# span 2 =    10.6590,    14.7834       
# span 3 =   3.791655,   4.367128       
# span 4 =    33.7502,    35.8222       
# span 5 =      2.131,    202.149       
# span 6 =      2.147,    203.791       
# span 7 =    10.6272,    14.7826       
# span 8 =   3.790200,   4.366475       
# span 9 =    33.9641,    35.8278       
# span 10 =    -0.0045,     3.0202      
# span 11 = 1.0000e-12, 1.2545e-01      
# span 12 =    -0.0159,     0.3355      
# span 13 =    91.9560,   100.3989      
# span 14 =       1.94,      98.62      
# span 15 =    144.100,    394.897      
# span 16 =     3.3133,     9.0697      
# span 17 = 1.3384e+01, 1.4804e+01      
# span 18 =          1,          1      
# span 19 =          7,        337      
# span 20 = 0.0000e+00, 0.0000e+00      
# interval = decibars: 1                
# start_time = Apr 23 2012 23:59:19 [NMEA time, header]
# bad_flag = -9.990e-29
*END*
[from data line 69]
   38.96806  -68.99756    13.1163   4.126022    35.1362     72.481     73.046    13.1171   4.126018    35.1354     0.1128 1.0000e-12     0.0054    99.8643      98.54    229.941     5.2850 1.3813e+01          1         26 0.0000e+00
   38.96806  -68.99756    13.1226   4.126847    35.1388     73.469     74.043    13.1279   4.127333    35.1384     0.1071 1.0000e-12     0.0031    99.9215      98.54    229.865     5.2833 1.3625e+01          1         37 0.0000e+00
   38.96806  -68.99756    13.2102   4.138809    35.1700     74.326     74.906    13.2056   4.137121    35.1584     0.1350 1.0000e-12     0.0018    99.9557      98.55    229.505     5.2750 1.3727e+01          1         39 0.0000e+00
   38.96805  -68.99756    13.3361   4.155596    35.2102     75.408     75.997    13.3336   4.153935    35.1969     0.1107 1.0000e-12     0.0016    99.9616      98.54    229.176     5.2675 1.3849e+01          1         24 0.0000e+00
   38.96803  -68.99756    13.3495   4.157482    35.2182     76.398     76.995    13.3469   4.156937    35.2156     0.0960 1.0000e-12     0.0023    99.9435      98.54    228.110     5.2430 1.3781e+01          1        135 0.0000e+00
   38.96802  -68.99756    13.4657   4.172809    35.2546     77.400     78.005    13.4615   4.171871    35.2496     0.1076 1.0000e-12     0.0027    99.9327      98.54    228.807     5.2591 1.4035e+01          1         24 0.0000e+00
   38.96802  -68.99756    13.4919   4.176255    35.2628     78.387     79.000    13.4926   4.176037    35.2599     0.0951 1.0000e-12    -0.0013   100.0315      98.54    228.295     5.2473 1.3727e+01          1         26 0.0000e+00
   38.96802  -68.99756    13.5436   4.183173    35.2794     79.384     80.004    13.5425   4.182393    35.2729     0.0838 1.0000e-12    -0.0016   100.0398      98.55    226.719     5.2111 1.3756e+01          1         24 0.0000e+00
   38.96802  -68.99756    13.5794   4.187852    35.2900     80.389     81.018    13.5769   4.187313    35.2872     0.0856 1.0000e-12    -0.0011   100.0267      98.54    226.292     5.2013 1.3741e+01          1         25 0.0000e+00
   38.96802  -68.99756    13.6186   4.193294    35.3049     81.506     82.144    13.6010   4.190716    35.2973     0.0874 1.0000e-12    -0.0024   100.0597      98.54    226.192     5.1990 1.3556e+01          1         52 0.0000e+00
   38.96800  -68.99758    13.7004   4.204871    35.3388     82.262     82.906    13.7066   4.205231    35.3361     0.0786 1.0000e-12    -0.0025   100.0630      98.55    225.399     5.1808 1.3874e+01          1         41 0.0000e+00
   38.96800  -68.99758    13.7321   4.209193    35.3502     83.357     84.010    13.7317   4.209199    35.3504     0.0670 1.0000e-12    -0.0032   100.0816      98.54    225.246     5.1773 1.3830e+01          1         30 0.0000e+00
   38.96800  -68.99758    13.7414   4.210505    35.3541     84.340     85.001    13.7404   4.210206    35.3522     0.0673 1.0000e-12    -0.0047   100.1181      98.55    224.333     5.1563 1.3438e+01          1         41 0.0000e+00
   38.96798  -68.99758    13.7652   4.213756    35.3627     85.278     85.946    13.7634   4.213484    35.3617     0.0649 1.0000e-12    -0.0056   100.1410      98.54    223.814     5.1444 1.3830e+01          1         45 0.0000e+00
   38.96798  -68.99758    13.7735   4.214947    35.3665     86.317     86.994    13.7711   4.214496    35.3644     0.0412 1.0000e-12    -0.0048   100.1201      98.55    223.771     5.1434 1.3809e+01          1         42 0.0000e+00
   38.96798  -68.99758    13.8019   4.219148    35.3793     87.282     87.966    13.8016   4.218932    35.3775     0.0687 1.0000e-12    -0.0051   100.1270      98.54    224.022     5.1492 1.3784e+01          1         39 0.0000e+00
   38.96798  -68.99758    13.8239   4.222407    35.3892     88.332     89.025    13.8238   4.222416    35.3894     0.0711 1.0000e-12    -0.0067   100.1681      98.55    223.519     5.1377 1.3774e+01          1         40 0.0000e+00
   38.96797  -68.99758    13.8259   4.222729    35.3910     89.212     89.912    13.8257   4.222732    35.3911     0.0564 1.0000e-12    -0.0076   100.1890      98.55    223.696     5.1417 1.3654e+01          1         99 0.0000e+00
   38.96796  -68.99758    13.8304   4.223423    35.3935     90.272     90.981    13.8306   4.223476    35.3938     0.0677 1.0000e-12    -0.0082   100.2034      98.55    224.458     5.1593 1.3874e+01          1         41 0.0000e+00
   38.96796  -68.99758    13.8417   4.225130    35.3986     91.231     91.947    13.8400   4.224766    35.3968     0.0579 1.0000e-12    -0.0073   100.1831      98.54    224.525     5.1608 1.3862e+01          1         28 0.0000e+00
   38.96796  -68.99758    13.8780   4.230524    35.4145     92.262     92.987    13.8774   4.229808    35.4083     0.0436 1.0000e-12    -0.0077   100.1914      98.53    224.126     5.1517 1.3869e+01          1         23 0.0000e+00
   38.96794  -68.99758    13.9104   4.234779    35.4235     93.312     94.045    13.9098   4.234735    35.4236     0.0348 1.0000e-12    -0.0080   100.2001      98.55    223.690     5.1416 1.3854e+01          1         19 0.0000e+00
   38.96794  -68.99758    13.9102   4.234839    35.4241     94.305     95.046    13.9086   4.234631    35.4236     0.0273 1.0000e-12    -0.0071   100.1769      98.54    223.855     5.1455 1.3570e+01          1         24 0.0000e+00
   38.96793  -68.99758    13.9364   4.238313    35.4323     95.047     95.795    13.9339   4.238008    35.4317     0.0479 1.0000e-12    -0.0070   100.1745      98.55    223.867     5.1457 1.3756e+01          1         78 0.0000e+00
   38.96792  -68.99758    13.9704   4.243329    35.4474     96.210     96.966    13.9703   4.242720    35.4416     0.0359 1.0000e-12    -0.0075   100.1880      98.54    224.143     5.1521 1.3619e+01          1         19 0.0000e+00
   38.96792  -68.99758    14.0072   4.248222    35.4580     97.215     97.980    14.0066   4.248146    35.4578     0.0617 1.0000e-12    -0.0087   100.2176      98.54    223.439     5.1359 1.3384e+01          1         16 0.0000e+00
   38.96792  -68.99758    14.0073   4.248270    35.4582     98.237     99.010    14.0072   4.248343    35.4588     0.0587 1.0000e-12    -0.0088   100.2203      98.55    223.053     5.1270 1.4276e+01          1         15 0.0000e+00
   38.96792  -68.99758    14.0072   4.248305    35.4584     99.224    100.005    14.0068   4.248317    35.4588     0.0445 1.0000e-12    -0.0086   100.2152      98.55    223.092     5.1280 1.3533e+01          1         15 0.0000e+00
   38.96792  -68.99758    14.0069   4.248276    35.4582    100.281    101.071    14.0072   4.248348    35.4585     0.0611 1.0000e-12    -0.0093   100.2332      98.55    222.786     5.1209 1.3681e+01          1         30 0.0000e+00
   38.96790  -68.99759    14.0193   4.249985    35.4633    101.053    101.849    14.0174   4.249622    35.4616     0.0440 1.0000e-12    -0.0092   100.2296      98.55    222.582     5.1162 1.3747e+01          1         43 0.0000e+00
   38.96788  -68.99758    14.0391   4.252758    35.4703    102.173    102.978    14.0401   4.252882    35.4705     0.0350 1.0000e-12    -0.0096   100.2395      98.55    222.124     5.1057 1.3578e+01          1         23 0.0000e+00
   38.96788  -68.99758    14.0675   4.256713    35.4800    103.216    104.029    14.0645   4.255863    35.4749     0.0299 1.0000e-12    -0.0080   100.2015      98.54    221.748     5.0971 1.3607e+01          1         20 0.0000e+00
   38.96788  -68.99758    14.0996   4.261271    35.4919    104.188    105.009    14.1009   4.260911    35.4873     0.0212 1.0000e-12    -0.0083   100.2075      98.55    221.876     5.1000 1.3909e+01          1         17 0.0000e+00
   38.96788  -68.99758    14.1323   4.266113    35.5059    105.185    106.015    14.1335   4.265655    35.5004     0.0293 1.0000e-12    -0.0094   100.2345      98.55    221.833     5.0991 1.4340e+01          1         21 0.0000e+00
   38.96788  -68.99758    14.1749   4.271888    35.5193    106.217    107.055    14.1736   4.271687    35.5187     0.0414 1.0000e-12    -0.0093   100.2327      98.55    221.213     5.0848 1.3862e+01          1         28 0.0000e+00
   38.96788  -68.99760    14.1744   4.271786    35.5196    107.199    108.045    14.1754   4.271983    35.5204     0.0477 1.0000e-12    -0.0103   100.2584      98.55    220.523     5.0689 1.3677e+01          1         99 0.0000e+00
   38.96786  -68.99760    14.1915   4.274254    35.5269    108.075    108.928    14.1900   4.273698    35.5231     0.0437 1.0000e-12    -0.0105   100.2623      98.55    219.964     5.0561 1.3983e+01          1         41 0.0000e+00
   38.96784  -68.99760    14.2557   4.283261    35.5499    109.120    109.981    14.2572   4.283250    35.5484     0.0303 1.0000e-12    -0.0108   100.2706      98.55    219.780     5.0519 1.3593e+01          1         32 0.0000e+00
   38.96784  -68.99760    14.3037   4.290076    35.5680    110.124    110.994    14.3060   4.289864    35.5639     0.0380 1.0000e-12    -0.0102   100.2567      98.55    219.629     5.0485 1.3450e+01          1         34 0.0000e+00
   38.96784  -68.99760    14.3500   4.296328    35.5824    111.051    111.929    14.3491   4.295883    35.5791     0.0443 1.0000e-12    -0.0097   100.2431      98.55    218.430     5.0209 1.3703e+01          1         21 0.0000e+00
   38.96784  -68.99760    14.3797   4.300331    35.5915    112.071    112.956    14.3791   4.299944    35.5884     0.0574 1.0000e-12    -0.0111   100.2786      98.54    218.260     5.0170 1.3384e+01          1         14 0.0000e+00
   38.96782  -68.99758    14.3968   4.302935    35.5993    113.091    113.985    14.3955   4.302174    35.5935     0.0643 1.0000e-12    -0.0117   100.2914      98.55    218.351     5.0191 1.3607e+01          1         10 0.0000e+00
   38.96782  -68.99758    14.4185   4.306049    35.6075    114.110    115.012    14.4190   4.305703    35.6038     0.0655 1.0000e-12    -0.0120   100.2996      98.55    218.038     5.0119 1.3384e+01          1         11 0.0000e+00
   38.96782  -68.99758    14.4353   4.308523    35.6143    115.145    116.055    14.4345   4.308091    35.6111     0.0491 1.0000e-12    -0.0111   100.2786      98.56    217.923     5.0093 1.3632e+01          1          9 0.0000e+00
   38.96782  -68.99758    14.4431   4.309546    35.6162    116.096    117.015    14.4427   4.309423    35.6155     0.0434 1.0000e-12    -0.0111   100.2786      98.55    217.893     5.0086 1.3384e+01          1          9 0.0000e+00
   38.96782  -68.99758    14.4474   4.310253    35.6186    117.117    118.044    14.4471   4.310110    35.6176     0.0416 1.0000e-12    -0.0117   100.2914      98.55    217.769     5.0057 1.3607e+01          1         10 0.0000e+00
   38.96782  -68.99758    14.4523   4.310954    35.6205    118.079    119.014    14.4522   4.310945    35.6205     0.0295 1.0000e-12    -0.0123   100.3069      98.55    217.459     4.9986 1.3607e+01          1         20 0.0000e+00
   38.96782  -68.99759    14.4516   4.310835    35.6209    118.781    119.721    14.4506   4.310830    35.6219     0.0362 1.0000e-12    -0.0118   100.2941      98.55    216.493     4.9764 1.3540e+01          1         43 0.0000e+00
   38.96782  -68.99760    14.4572   4.311873    35.6264    120.028    120.979    14.4569   4.311662    35.6246     0.0357 1.0000e-12    -0.0124   100.3094      98.55    215.796     4.9604 1.3384e+01          1         10 0.0000e+00
   38.96782  -68.99760    14.4672   4.313353    35.6302    120.995    121.954    14.4668   4.313185    35.6291     0.0336 1.0000e-12    -0.0126   100.3157      98.54    215.314     4.9493 1.3632e+01          1          9 0.0000e+00
   38.96782  -68.99760    14.4746   4.314612    35.6346    122.005    122.972    14.4747   4.314306    35.6316     0.0284 1.0000e-12    -0.0125   100.3120      98.54    215.374     4.9507 1.4276e+01          1         10 0.0000e+00
   38.96782  -68.99760    14.4916   4.317318    35.6432    123.049    124.025    14.4916   4.316986    35.6402     0.0282 1.0000e-12    -0.0127   100.3160      98.55    215.404     4.9514 1.3790e+01          1         11 0.0000e+00
   38.96782  -68.99760    14.4901   4.317354    35.6447    124.043    125.027    14.4896   4.317555    35.6471     0.0211 1.0000e-12    -0.0131   100.3274      98.55    215.829     4.9612 1.3607e+01          1         10 0.0000e+00
   38.96782  -68.99760    14.4829   4.316699    35.6452    125.051    126.043    14.4826   4.316816    35.6465     0.0197 1.0000e-12    -0.0125   100.3129      98.55    216.253     4.9709 1.4128e+01          1         15 0.0000e+00
   38.96782  -68.99760    14.4879   4.318082    35.6530    126.042    127.042    14.4871   4.317821    35.6513     0.0148 1.0000e-12    -0.0122   100.3043      98.55    216.159     4.9688 1.3899e+01          1         13 0.0000e+00
   38.96782  -68.99760    14.4891   4.318687    35.6573    126.983    127.991    14.4891   4.318562    35.6561     0.0196 1.0000e-12    -0.0116   100.2915      98.55    215.283     4.9487 1.3719e+01          1         20 0.0000e+00
   38.96781  -68.99760    14.5020   4.320852    35.6651    128.224    129.243    14.5043   4.321259    35.6667     0.0274 1.0000e-12    -0.0127   100.3167      98.55    211.520     4.8622 1.3564e+01          1         87 0.0000e+00
   38.96780  -68.99760    14.5145   4.322897    35.6724    128.920    129.944    14.5173   4.323341    35.6738     0.0165 1.0000e-12    -0.0132   100.3307      98.55    210.050     4.8284 1.3899e+01          1         39 0.0000e+00
   38.96780  -68.99760    14.5295   4.325266    35.6799    129.964    130.997    14.5295   4.325251    35.6799     0.0163 1.0000e-12    -0.0133   100.3318      98.55    210.568     4.8403 1.3464e+01          1         28 0.0000e+00
   38.96778  -68.99760    14.5489   4.328738    35.6935    130.932    131.972    14.5490   4.328350    35.6898     0.0237 1.0000e-12    -0.0135   100.3372      98.55    210.438     4.8374 1.3652e+01          1         25 0.0000e+00
   38.96778  -68.99760    14.5684   4.331935    35.7044    131.893    132.942    14.5680   4.331789    35.7034     0.0209 1.0000e-12    -0.0139   100.3489      98.55    209.692     4.8202 1.3854e+01          1         19 0.0000e+00
   38.96778  -68.99760    14.5796   4.333721    35.7101    132.942    133.999    14.5792   4.333551    35.7088     0.0216 1.0000e-12    -0.0137   100.3437      98.55    208.832     4.8005 1.4128e+01          1         15 0.0000e+00
   38.96778  -68.99760    14.5847   4.334682    35.7138    133.921    134.986    14.5844   4.334487    35.7123     0.0188 1.0000e-12    -0.0137   100.3429      98.55    207.715     4.7748 1.3570e+01          1         12 0.0000e+00
   38.96778  -68.99760    14.5977   4.336760    35.7204    134.918    135.991    14.5971   4.336388    35.7176     0.0289 1.0000e-12    -0.0143   100.3577      98.55    206.193     4.7399 1.3556e+01          1         13 0.0000e+00
   38.96778  -68.99760    14.6195   4.340018    35.7295    135.927    137.009    14.6193   4.339529    35.7253     0.0429 1.0000e-12    -0.0138   100.3458      98.55    204.887     4.7098 1.4070e+01          1         13 0.0000e+00
   38.96778  -68.99760    14.6395   4.343088    35.7387    136.953    138.043    14.6386   4.342484    35.7341     0.0296 1.0000e-12    -0.0133   100.3316      98.55    204.164     4.6932 1.3663e+01          1         16 0.0000e+00
   38.96777  -68.99761    14.6622   4.346502    35.7486    137.962    139.061    14.6620   4.346232    35.7463     0.0222 1.0000e-12    -0.0132   100.3313      98.56    203.774     4.6843 1.3607e+01          1         20 0.0000e+00
   38.96776  -68.99762    14.6820   4.349607    35.7585    138.900    140.007    14.6820   4.349461    35.7572     0.0226 1.0000e-12    -0.0136   100.3401      98.55    203.060     4.6679 1.3869e+01          1         23 0.0000e+00
