Data/ruptures/KN207-01/QL-1/20701023.cnv
* Sea-Bird SBE 9 Data File:
* FileName = C:\Data\ctd\20701023.hex
* Software Version Seasave V 7.21e
* Temperature SN = 4406
* Conductivity SN = 1474
* Number of Bytes Per Scan = 40
* Number of Voltage Words = 5
* Number of Scans Averaged by the Deck Unit = 1
* NMEA Latitude = 38 56.51 N
* NMEA Longitude = 068 56.88 W
* NMEA UTC (Time) = Apr 24 2012 17:09:13
** R/V Knorr Cruise # KN207-01 QL1
** Chief Scientist: Ben Van Mooy
# nquan = 21
# nvalues = 399                         
# units = specified
# name 0 = latitude: Latitude [deg]
# name 1 = longitude: Longitude [deg]
# name 2 = t090C: Temperature [ITS-90, deg C]
# name 3 = c0S/m: Conductivity [S/m]
# name 4 = sal00: Salinity, Practical [PSU]
# name 5 = depSM: Depth [salt water, m]
# name 6 = prDM: Pressure, Digiquartz [db]
# name 7 = t190C: Temperature, 2 [ITS-90, deg C]
# name 8 = c1S/m: Conductivity, 2 [S/m]
# name 9 = sal11: Salinity, Practical, 2 [PSU]
# name 10 = flECO-AFL: Fluorescence, WET Labs ECO-AFL/FL [mg/m^3]
# name 11 = par: PAR/Irradiance, Biospherical/Licor
# name 12 = bat: Beam Attenuation, Chelsea/Seatech [1/m]
# name 13 = xmiss: Beam Transmission, Chelsea/Seatech [%]
# name 14 = altM: Altimeter [m]
# name 15 = sbeox0Mm/Kg: Oxygen, SBE 43 [umol/kg]
# name 16 = sbeox0ML/L: Oxygen, SBE 43 [ml/l]
# name 17 = spar: SPAR/Surface Irradiance
# name 18 = pumps: Pump Status
# name 19 = nbin: number of scans per bin
# name 20 = flag: flag
# span 0 =   38.93836,   38.94184       
# span 1 =  -68.94814,  -68.94730       
# span 2 =    11.1042,    14.7547       
# span 3 =   3.846158,   4.359590       
# span 4 =    33.0804,    35.8235       
# span 5 =      1.464,    199.315       
# span 6 =      1.475,    200.932       
# span 7 =    11.1092,    14.7546       
# span 8 =   3.860504,   4.359655       
# span 9 =    33.1112,    35.8274       
# span 10 =    -0.0015,     2.2907      
# span 11 = 2.7089e-04, 7.9082e+01      
# span 12 =    -0.0158,     0.3192      
# span 13 =    92.3311,   100.3953      
# span 14 =       3.24,      98.60      
# span 15 =    145.687,    409.912      
# span 16 =     3.3497,     9.4142      
# span 17 = 1.4240e+03, 2.6878e+03      
# span 18 =          1,          1      
# span 19 =          2,        902      
# span 20 = 0.0000e+00, 0.0000e+00      
# interval = decibars: 1                
# start_time = Apr 24 2012 17:09:13 [NMEA time, header]
# bad_flag = -9.990e-29
*END*
[from data line 69]
   38.94132  -68.94796    13.9082   4.232430    35.4113     71.471     72.029    13.9077   4.232176    35.4096     0.0445 6.1404e-02    -0.0062   100.1543      98.51    222.485     5.1139 1.6763e+03          1         37 0.0000e+00
   38.94132  -68.94796    13.9381   4.236649    35.4229     72.432     72.997    13.9378   4.236459    35.4215     0.0454 5.9804e-02    -0.0071   100.1783      98.52    222.123     5.1056 1.6716e+03          1         31 0.0000e+00
   38.94132  -68.94794    13.9451   4.237669    35.4267     73.503     74.077    13.9456   4.237776    35.4274     0.0682 6.0453e-02    -0.0078   100.1955      98.51    221.574     5.0930 1.6698e+03          1        107 0.0000e+00
   38.94132  -68.94794    13.9513   4.238570    35.4299     74.393     74.974    13.9517   4.238536    35.4293     0.0538 6.0798e-02    -0.0084   100.2104      98.52    221.292     5.0865 1.6881e+03          1         29 0.0000e+00
   38.94130  -68.94794    13.9844   4.243346    35.4431     75.456     76.046    13.9852   4.243159    35.4406     0.0585 5.8575e-02    -0.0082   100.2039      98.52    221.374     5.0884 1.7295e+03          1         32 0.0000e+00
   38.94130  -68.94794    14.0132   4.247478    35.4545     76.395     76.992    14.0132   4.247420    35.4539     0.0463 5.6483e-02    -0.0085   100.2110      98.53    221.036     5.0807 1.7809e+03          1         38 0.0000e+00
   38.94130  -68.94794    14.0218   4.248725    35.4581     77.393     77.998    14.0226   4.248885    35.4589     0.0346 5.4443e-02    -0.0082   100.2029      98.51    220.592     5.0704 1.6931e+03          1         37 0.0000e+00
   38.94128  -68.94794    14.0199   4.248517    35.4583     78.318     78.931    14.0191   4.248515    35.4591     0.0389 5.1359e-02    -0.0085   100.2129      98.52    220.434     5.0668 1.7055e+03          1         81 0.0000e+00
   38.94128  -68.94794    13.9985   4.245922    35.4544     79.359     79.979    13.9985   4.246131    35.4564     0.0504 4.5743e-02    -0.0083   100.2055      98.51    220.866     5.0768 1.6850e+03          1         32 0.0000e+00
   38.94127  -68.94793    13.9976   4.245947    35.4552     80.436     81.065    13.9986   4.246098    35.4556     0.0350 4.0140e-02    -0.0076   100.1897      98.52    221.369     5.0883 1.6929e+03          1         48 0.0000e+00
   38.94126  -68.94792    14.0170   4.248652    35.4618     81.328     81.965    14.0174   4.248651    35.4614     0.0485 3.6680e-02    -0.0071   100.1768      98.52    221.554     5.0926 1.7013e+03          1         50 0.0000e+00
   38.94126  -68.94792    14.0252   4.249845    35.4649     82.313     82.958    14.0247   4.249862    35.4656     0.0566 3.5826e-02    -0.0071   100.1781      98.52    221.135     5.0829 1.6701e+03          1         45 0.0000e+00
   38.94124  -68.94794    14.0280   4.250347    35.4668     83.308     83.960    14.0286   4.250367    35.4663     0.0635 3.5379e-02    -0.0070   100.1765      98.52    220.931     5.0783 1.6387e+03          1         38 0.0000e+00
   38.94124  -68.94794    14.0459   4.252850    35.4728     84.356     85.017    14.0473   4.253099    35.4739     0.0537 3.3526e-02    -0.0071   100.1789      98.51    220.932     5.0783 1.6441e+03          1         33 0.0000e+00
   38.94123  -68.94792    14.0531   4.253900    35.4757     85.398     86.067    14.0533   4.253971    35.4762     0.0411 3.0102e-02    -0.0073   100.1816      98.52    221.374     5.0885 1.6744e+03          1         80 0.0000e+00
   38.94122  -68.94790    14.0533   4.254050    35.4768     86.296     86.972    14.0537   4.254246    35.4783     0.0546 2.8015e-02    -0.0072   100.1798      98.52    221.718     5.0964 1.6492e+03          1         39 0.0000e+00
   38.94122  -68.94791    14.0496   4.253612    35.4759     87.388     88.073    14.0488   4.253590    35.4764     0.0398 2.7116e-02    -0.0064   100.1613      98.52    221.859     5.0996 1.6345e+03          1         53 0.0000e+00
   38.94120  -68.94794    14.0485   4.253530    35.4759     88.242     88.934    14.0479   4.253513    35.4763     0.0565 2.6316e-02    -0.0068   100.1705      98.52    221.885     5.1002 1.6351e+03          1         39 0.0000e+00
   38.94120  -68.94794    14.0502   4.253805    35.4764     89.317     90.017    14.0503   4.253795    35.4763     0.0518 2.4841e-02    -0.0069   100.1734      98.52    222.193     5.1073 1.6292e+03          1         32 0.0000e+00
   38.94119  -68.94792    14.0714   4.256770    35.4838     90.296     91.004    14.0703   4.256542    35.4827     0.0460 2.3274e-02    -0.0067   100.1681      98.52    221.853     5.0995 1.6357e+03          1         73 0.0000e+00
   38.94118  -68.94790    14.0982   4.260549    35.4934     91.222     91.937    14.0972   4.260472    35.4936     0.0417 2.2223e-02    -0.0063   100.1590      98.52    221.367     5.0883 1.6420e+03          1         23 0.0000e+00
   38.94118  -68.94790    14.1449   4.267326    35.5119     92.282     93.007    14.1427   4.266178    35.5034     0.0394 2.1179e-02    -0.0065   100.1636      98.52    220.793     5.0752 1.6320e+03          1         21 0.0000e+00
   38.94117  -68.94790    14.1582   4.268924    35.5148     93.104     93.836    14.1618   4.269442    35.5161     0.0507 1.9943e-02    -0.0074   100.1848      98.52    219.431     5.0438 1.6028e+03          1        120 0.0000e+00
   38.94116  -68.94790    14.1999   4.274710    35.5293     94.185     94.925    14.2015   4.274638    35.5271     0.0355 1.8858e-02    -0.0082   100.2036      98.51    219.970     5.0562 1.6163e+03          1         24 0.0000e+00
   38.94115  -68.94790    14.2430   4.280903    35.5458     95.232     95.981    14.2443   4.280705    35.5429     0.0378 1.8134e-02    -0.0089   100.2214      98.52    219.966     5.0562 1.6199e+03          1         22 0.0000e+00
   38.94114  -68.94790    14.2761   4.285644    35.5586     96.278     97.035    14.2779   4.285572    35.5562     0.0425 1.7376e-02    -0.0094   100.2354      98.52    218.885     5.0313 1.6153e+03          1         22 0.0000e+00
   38.94114  -68.94790    14.2918   4.287696    35.5629     97.363     98.128    14.2905   4.287588    35.5632     0.0361 1.6537e-02    -0.0100   100.2508      98.52    218.409     5.0204 1.5971e+03          1         49 0.0000e+00
   38.94113  -68.94790    14.3018   4.289070    35.5672     98.034     98.805    14.3013   4.288979    35.5669     0.0373 1.5674e-02    -0.0104   100.2603      98.52    217.784     5.0060 1.5842e+03          1        107 0.0000e+00
   38.94112  -68.94790    14.3401   4.294553    35.5822     99.169     99.949    14.3408   4.294429    35.5803     0.0436 1.4721e-02    -0.0087   100.2181      98.52    217.262     4.9941 1.5918e+03          1         34 0.0000e+00
   38.94111  -68.94789    14.3673   4.298369    35.5918    100.212    101.001    14.3665   4.298188    35.5909     0.0381 1.4174e-02    -0.0110   100.2765      98.52    216.639     4.9797 1.5802e+03          1         25 0.0000e+00
   38.94110  -68.94788    14.3929   4.302029    35.6014    101.218    102.015    14.3932   4.301869    35.5997     0.0409 1.3642e-02    -0.0113   100.2824      98.53    217.130     4.9910 1.5690e+03          1         27 0.0000e+00
   38.94110  -68.94788    14.3999   4.302931    35.6033    102.179    102.984    14.3996   4.302968    35.6039     0.0181 1.3057e-02    -0.0116   100.2906      98.52    217.000     4.9880 1.5700e+03          1         32 0.0000e+00
   38.94109  -68.94788    14.3989   4.302854    35.6037    103.251    104.065    14.3990   4.302951    35.6045     0.0393 1.2463e-02    -0.0117   100.2916      98.52    216.699     4.9811 1.5777e+03          1         69 0.0000e+00
   38.94108  -68.94788    14.3908   4.301907    35.6028    104.060    104.880    14.3901   4.301970    35.6040     0.0418 1.1975e-02    -0.0121   100.3024      98.53    216.951     4.9869 1.5524e+03          1         41 0.0000e+00
   38.94108  -68.94788    14.3858   4.301427    35.6028    105.149    105.978    14.3857   4.301450    35.6031     0.0279 1.1734e-02    -0.0125   100.3129      98.53    217.169     4.9920 1.5492e+03          1         21 0.0000e+00
   38.94108  -68.94788    14.3936   4.302635    35.6062    106.169    107.006    14.3929   4.302395    35.6047     0.0453 1.1394e-02    -0.0112   100.2801      98.52    217.211     4.9929 1.5604e+03          1         17 0.0000e+00
   38.94107  -68.94788    14.4040   4.304053    35.6093    107.136    107.981    14.4035   4.304010    35.6093     0.0560 1.0831e-02    -0.0111   100.2786      98.52    217.185     4.9923 1.5731e+03          1         18 0.0000e+00
   38.94106  -68.94788    14.4103   4.304995    35.6117    108.170    109.023    14.4103   4.304910    35.6109     0.0298 1.0340e-02    -0.0106   100.2668      98.52    216.771     4.9828 1.5836e+03          1         24 0.0000e+00
   38.94106  -68.94788    14.4237   4.306834    35.6158    109.160    110.022    14.4241   4.306885    35.6159     0.0313 9.9593e-03    -0.0110   100.2752      98.52    216.701     4.9812 1.5829e+03          1         30 0.0000e+00
   38.94106  -68.94788    14.4323   4.308119    35.6194    110.071    110.940    14.4326   4.308158    35.6195     0.0267 9.7218e-03    -0.0114   100.2850      98.53    216.688     4.9809 1.5633e+03          1         36 0.0000e+00
   38.94105  -68.94788    14.4407   4.309349    35.6227    111.115    111.993    14.4405   4.309309    35.6225     0.0418 9.4793e-03    -0.0117   100.2923      98.52    216.564     4.9780 1.5421e+03          1         30 0.0000e+00
   38.94104  -68.94788    14.4477   4.310348    35.6251    112.113    112.998    14.4475   4.310387    35.6256     0.0376 9.1844e-03    -0.0123   100.3065      98.52    216.310     4.9722 1.5464e+03          1         23 0.0000e+00
   38.94104  -68.94788    14.4489   4.310573    35.6257    113.107    114.001    14.4489   4.310605    35.6261     0.0363 8.8928e-03    -0.0127   100.3165      98.52    216.102     4.9674 1.5621e+03          1         21 0.0000e+00
   38.94104  -68.94788    14.4529   4.311188    35.6273    114.139    115.041    14.4528   4.311201    35.6276     0.0335 8.6119e-03    -0.0127   100.3160      98.53    215.570     4.9552 1.5759e+03          1         22 0.0000e+00
   38.94104  -68.94788    14.4586   4.312058    35.6298    115.105    116.016    14.4583   4.311993    35.6295     0.0462 8.3496e-03    -0.0125   100.3132      98.53    215.648     4.9570 1.5824e+03          1         29 0.0000e+00
   38.94103  -68.94787    14.4701   4.313827    35.6351    116.065    116.983    14.4699   4.313806    35.6350     0.0390 8.2553e-03    -0.0123   100.3059      98.53    215.945     4.9638 1.5803e+03          1         32 0.0000e+00
   38.94102  -68.94786    14.4737   4.314389    35.6367    117.060    117.986    14.4737   4.314473    35.6374     0.0212 8.2901e-03    -0.0125   100.3119      98.53    215.703     4.9583 1.5856e+03          1         27 0.0000e+00
   38.94102  -68.94786    14.4742   4.314542    35.6373    118.078    119.012    14.4738   4.314536    35.6376     0.0258 8.4080e-03    -0.0136   100.3401      98.52    215.638     4.9568 1.6000e+03          1         23 0.0000e+00
   38.94102  -68.94786    14.4801   4.315454    35.6398    119.054    119.996    14.4798   4.315412    35.6397     0.0484 8.5292e-03    -0.0133   100.3322      98.52    215.289     4.9488 1.6241e+03          1         23 0.0000e+00
   38.94102  -68.94786    14.4853   4.316299    35.6424    120.040    120.990    14.4852   4.316321    35.6428     0.0226 8.8005e-03    -0.0133   100.3339      98.53    215.139     4.9453 1.6103e+03          1         20 0.0000e+00
   38.94101  -68.94787    14.4892   4.317004    35.6449    121.017    121.976    14.4890   4.316903    35.6442     0.0087 1.0109e-02    -0.0130   100.3240      98.52    215.294     4.9489 1.6074e+03          1         17 0.0000e+00
   38.94100  -68.94788    14.4962   4.318127    35.6483    122.034    123.001    14.4962   4.318125    35.6484     0.0177 1.0393e-02    -0.0128   100.3188      98.52    215.280     4.9486 1.6147e+03          1         16 0.0000e+00
   38.94100  -68.94788    14.5111   4.320473    35.6557    123.084    124.060    14.5108   4.320260    35.6540     0.0352 9.7055e-03    -0.0128   100.3202      98.53    214.963     4.9413 1.6219e+03          1         21 0.0000e+00
   38.94100  -68.94788    14.5156   4.321171    35.6578    124.083    125.067    14.5111   4.320527    35.6560     0.0412 8.0472e-03    -0.0130   100.3241      98.52    214.050     4.9203 1.6090e+03          1         70 0.0000e+00
   38.94098  -68.94786    14.5287   4.323279    35.6647    124.924    125.915    14.5303   4.323508    35.6654     0.0439 7.4048e-03    -0.0131   100.3281      98.52    213.324     4.9037 1.6175e+03          1         27 0.0000e+00
   38.94098  -68.94786    14.5339   4.324232    35.6683    125.974    126.973    14.5338   4.324252    35.6687     0.0450 7.3566e-03    -0.0131   100.3286      98.52    213.589     4.9097 1.6475e+03          1         18 0.0000e+00
   38.94098  -68.94786    14.5367   4.324776    35.6704    127.009    128.017    14.5366   4.324757    35.6703     0.0249 7.3445e-03    -0.0134   100.3340      98.52    213.757     4.9136 1.6704e+03          1         13 0.0000e+00
   38.94098  -68.94786    14.5523   4.327647    35.6818    128.021    129.037    14.5534   4.327165    35.6763     0.0212 7.1337e-03    -0.0133   100.3321      98.53    213.346     4.9042 1.6843e+03          1         12 0.0000e+00
   38.94098  -68.94786    14.5761   4.331113    35.6910    128.966    129.990    14.5772   4.331088    35.6897     0.0282 6.7403e-03    -0.0132   100.3300      98.53    212.847     4.8927 1.6874e+03          1         11 0.0000e+00
   38.94098  -68.94786    14.5879   4.332923    35.6963    129.951    130.983    14.5882   4.332653    35.6935     0.0294 6.3303e-03    -0.0125   100.3122      98.52    212.464     4.8839 1.6730e+03          1         13 0.0000e+00
   38.94098  -68.94786    14.6083   4.335954    35.7047    131.008    132.049    14.6081   4.335703    35.7026     0.0355 5.9032e-03    -0.0101   100.2529      98.52    212.311     4.8804 1.6526e+03          1         16 0.0000e+00
   38.94097  -68.94785    14.6228   4.338095    35.7105    132.051    133.101    14.6227   4.338061    35.7103     0.0408 5.5300e-03    -0.0092   100.2295      98.53    211.290     4.8570 1.6490e+03          1         22 0.0000e+00
   38.94096  -68.94784    14.6088   4.336053    35.7052    132.996    134.054    14.6055   4.335666    35.7047     0.0435 4.8920e-03    -0.0129   100.3215      98.52    210.038     4.8282 1.6300e+03          1         85 0.0000e+00
   38.94096  -68.94784    14.6074   4.336007    35.7061    133.880    134.945    14.6186   4.337541    35.7097     0.0434 4.3813e-03    -0.0131   100.3269      98.53    209.739     4.8213 1.6355e+03          1         25 0.0000e+00
   38.94094  -68.94786    14.6345   4.340291    35.7197    134.896    135.969    14.6347   4.340294    35.7196     0.0440 4.1902e-03    -0.0120   100.2998      98.53    210.080     4.8292 1.6466e+03          1         17 0.0000e+00
   38.94094  -68.94786    14.6575   4.344357    35.7352    135.916    136.998    14.6574   4.343587    35.7282     0.0255 4.1314e-03    -0.0126   100.3139      98.52    210.194     4.8318 1.6607e+03          1         16 0.0000e+00
   38.94094  -68.94786    14.6928   4.349709    35.7508    136.901    137.990    14.6926   4.349318    35.7475     0.0145 4.0350e-03    -0.0124   100.3098      98.53    209.952     4.8263 1.6738e+03          1         14 0.0000e+00
   38.94094  -68.94786    14.7177   4.353694    35.7637    137.885    138.983    14.7181   4.353189    35.7588     0.0517 3.7307e-03    -0.0112   100.2804      98.52    209.386     4.8133 1.6805e+03          1         14 0.0000e+00
