Data/ruptures/KN207-01/QL-1/20701026.cnv
* Sea-Bird SBE 9 Data File:
* FileName = C:\Data\ctd\20701026.hex
* Software Version Seasave V 7.21e
* Temperature SN = 4406
* Conductivity SN = 1474
* Number of Bytes Per Scan = 40
* Number of Voltage Words = 5
* Number of Scans Averaged by the Deck Unit = 1
* NMEA Latitude = 38 54.93 N
* NMEA Longitude = 068 59.33 W
* NMEA UTC (Time) = Apr 24 2012 22:03:56
** R/V Knorr Cruise # KN207-01 QL1
** Chief Scientist: Ben Van Mooy
# nquan = 21
# nvalues = 400                         
# units = specified
# name 0 = latitude: Latitude [deg]
# name 1 = longitude: Longitude [deg]
# name 2 = t090C: Temperature [ITS-90, deg C]
# name 3 = c0S/m: Conductivity [S/m]
# name 4 = sal00: Salinity, Practical [PSU]
# name 5 = depSM: Depth [salt water, m]
# name 6 = prDM: Pressure, Digiquartz [db]
# name 7 = t190C: Temperature, 2 [ITS-90, deg C]
# name 8 = c1S/m: Conductivity, 2 [S/m]
# name 9 = sal11: Salinity, Practical, 2 [PSU]
# name 10 = flECO-AFL: Fluorescence, WET Labs ECO-AFL/FL [mg/m^3]
# name 11 = par: PAR/Irradiance, Biospherical/Licor
# name 12 = bat: Beam Attenuation, Chelsea/Seatech [1/m]
# name 13 = xmiss: Beam Transmission, Chelsea/Seatech [%]
# name 14 = altM: Altimeter [m]
# name 15 = sbeox0Mm/Kg: Oxygen, SBE 43 [umol/kg]
# name 16 = sbeox0ML/L: Oxygen, SBE 43 [ml/l]
# name 17 = spar: SPAR/Surface Irradiance
# name 18 = pumps: Pump Status
# name 19 = nbin: number of scans per bin
# name 20 = flag: flag
# span 0 =   38.91512,   38.91562       
# span 1 =  -68.99193,  -68.98892       
# span 2 =    10.6160,    14.6830       
# span 3 =   3.791016,   4.352185       
# span 4 =    33.6033,    35.8382       
# span 5 =      2.214,    199.903       
# span 6 =      2.231,    201.525       
# span 7 =    10.6163,    14.6830       
# span 8 =   3.791029,   4.352265       
# span 9 =    33.7180,    35.8399       
# span 10 =     0.0038,     3.0489      
# span 11 = 1.0000e-12, 1.0569e+01      
# span 12 =    -0.0152,     0.3710      
# span 13 =    91.1402,   100.3814      
# span 14 =       2.69,      98.68      
# span 15 =    146.465,    412.639      
# span 16 =     3.3674,     9.4765      
# span 17 = 2.5279e+02, 5.1807e+02      
# span 18 =          0,          1      
# span 19 =          1,        594      
# span 20 = 0.0000e+00, 0.0000e+00      
# interval = decibars: 1                
# start_time = Apr 24 2012 22:03:56 [NMEA time, header]
# bad_flag = -9.990e-29
*END*
[from data line 207]
   38.91538  -68.98990    13.7413   4.258097    35.7592    192.430    193.988    13.7465   4.258549    35.7589     0.0172 1.0671e-04    -0.0145   100.3632      98.55    147.044     3.3809 3.2363e+02          1         24 0.0000e+00
   38.91540  -68.98992    13.7730   4.261666    35.7629    191.463    193.012    13.7672   4.260856    35.7610     0.0387 1.0799e-04    -0.0148   100.3716      98.55    146.928     3.3782 3.2418e+02          1         21 0.0000e+00
   38.91540  -68.98992    13.8019   4.264876    35.7659    190.443    191.984    13.7879   4.263151    35.7633     0.0157 1.1389e-04    -0.0143   100.3591      98.55    146.613     3.3709 3.2560e+02          1         30 0.0000e+00
   38.91540  -68.98992    13.8199   4.266831    35.7679    189.453    190.985    13.8212   4.266745    35.7658     0.0286 1.0576e-04    -0.0145   100.3631      98.55    146.660     3.3720 3.2720e+02          1         38 0.0000e+00
   38.91540  -68.98992    13.8360   4.268757    35.7713    188.496    190.020    13.8311   4.268034    35.7692     0.0292 1.0559e-04    -0.0148   100.3710      98.55    146.984     3.3795 3.2714e+02          1         32 0.0000e+00
   38.91540  -68.98994    13.8783   4.273369    35.7748    187.493    189.009    13.8673   4.271264    35.7656     0.0249 1.0143e-04    -0.0143   100.3595      98.55    146.900     3.3775 3.2357e+02          1         34 0.0000e+00
   38.91540  -68.98994    13.9398   4.280394    35.7826    186.499    188.006    13.9402   4.279704    35.7757     0.0166 1.1568e-04    -0.0149   100.3739      98.55    146.879     3.3770 3.2093e+02          1         24 0.0000e+00
   38.91540  -68.98994    13.9973   4.287167    35.7919    185.482    186.981    13.9640   4.282683    35.7818     0.0361 1.2378e-04    -0.0139   100.3480      98.54    146.611     3.3708 3.2088e+02          1         20 0.0000e+00
   38.91540  -68.98994    14.0547   4.293795    35.7998    184.497    185.987    14.0266   4.289977    35.7910     0.0436 1.7285e-04    -0.0144   100.3602      98.55    146.520     3.3687 3.2187e+02          1         17 0.0000e+00
   38.91540  -68.98994    14.1523   4.304632    35.8087    183.514    184.995    14.1109   4.298554    35.7914     0.0300 1.6453e-04    -0.0147   100.3679      98.55    146.465     3.3674 3.2386e+02          1         21 0.0000e+00
   38.91538  -68.98996    14.2232   4.312244    35.8134    182.506    183.978    14.2084   4.309967    35.8061     0.0320 1.5967e-04    -0.0138   100.3443      98.55    146.478     3.3677 3.2683e+02          1         27 0.0000e+00
   38.91538  -68.98996    14.2495   4.315668    35.8225    181.517    182.982    14.2297   4.313529    35.8212     0.0167 1.6458e-04    -0.0139   100.3475      98.55    147.876     3.3998 3.2812e+02          1         53 0.0000e+00
   38.91538  -68.98996    14.2580   4.316925    35.8281    180.618    182.075    14.2604   4.316563    35.8222     0.0269 1.6967e-04    -0.0147   100.3690      98.55    148.993     3.4255 3.2402e+02          1         31 0.0000e+00
   38.91538  -68.98997    14.2818   4.319274    35.8285    179.585    181.033    14.2612   4.316761    35.8246     0.0357 2.1037e-04    -0.0151   100.3788      98.55    148.911     3.4236 3.2210e+02          1         20 0.0000e+00
   38.91538  -68.98998    14.3065   4.321772    35.8292    178.541    179.980    14.2950   4.320544    35.8284     0.0313 4.3830e-04    -0.0149   100.3745      98.55    148.805     3.4211 3.2270e+02          1         15 0.0000e+00
   38.91538  -68.98998    14.2995   4.320403    35.8239    177.557    178.988    14.2981   4.320787    35.8286     0.0204 3.8215e-05    -0.0152   100.3814      98.54    148.856     3.4223 3.2293e+02          1         13 0.0000e+00
   38.91538  -68.98998    14.2888   4.318429    35.8166    176.576    177.998    14.2881   4.318687    35.8194     0.0244 1.0000e-12    -0.0148   100.3715      98.55    148.904     3.4234 3.2378e+02          1         13 0.0000e+00
   38.91538  -68.98998    14.3029   4.318776    35.8071    175.565    176.979    14.3015   4.318642    35.8070     0.0302 1.0000e-12    -0.0144   100.3612      98.54    149.337     3.4333 3.2440e+02          1         14 0.0000e+00
   38.91538  -68.98998    14.3234   4.319934    35.7992    174.544    175.949    14.3184   4.319563    35.8004     0.0339 1.0000e-12    -0.0140   100.3506      98.55    149.758     3.4430 3.2467e+02          1         20 0.0000e+00
   38.91538  -68.98998    14.3128   4.319692    35.8085    173.713    175.112    14.3102   4.319712    35.8110     0.0186 1.7047e-05    -0.0126   100.3156      89.56    155.801     3.5819 3.2561e+02          1         77 0.0000e+00
   38.91538  -68.98998    14.3037   4.318941    35.8114    172.661    174.050    14.3120   4.319593    35.8094     0.0046 3.0922e-06    -0.0140   100.3506      30.56    157.078     3.6113 3.2522e+02          1         20 0.0000e+00
   38.91538  -68.98998    14.3804   4.325135    35.7965    171.632    173.012    14.3623   4.322625    35.7903     0.0121 1.0000e-12    -0.0140   100.3497      98.56    153.162     3.5212 3.2462e+02          1         17 0.0000e+00
   38.91538  -68.98998    14.5092   4.338109    35.7950    170.620    171.992    14.4199   4.327749    35.7838     0.0211 1.0000e-12    -0.0139   100.3471      98.55    151.231     3.4767 3.2344e+02          1         15 0.0000e+00
   38.91538  -68.98998    14.5555   4.343013    35.7974    169.626    170.990    14.5182   4.337772    35.7841     0.0055 1.0000e-12    -0.0136   100.3400      98.55    151.856     3.4910 3.2294e+02          1         18 0.0000e+00
   38.91538  -68.98999    14.5937   4.346872    35.7981    168.612    169.967    14.5755   4.344208    35.7904     0.0108 1.0000e-12    -0.0138   100.3454      98.55    156.951     3.6081 3.2221e+02          1         20 0.0000e+00
   38.91538  -68.99000    14.6096   4.348100    35.7957    167.620    168.967    14.5963   4.346646    35.7944     0.0252 1.0000e-12    -0.0135   100.3375      93.10    166.772     3.8339 3.2335e+02          1         24 0.0000e+00
   38.91538  -68.99000    14.6183   4.348806    35.7954    166.667    168.006    14.6046   4.347407    35.7950     0.0445 1.0000e-12    -0.0141   100.3538       5.54    175.568     4.0361 3.2551e+02          1         27 0.0000e+00
   38.91538  -68.99000    14.6284   4.349474    35.7932    165.679    167.009    14.6097   4.347733    35.7945     0.0269 1.0000e-12    -0.0140   100.3508       5.73    180.290     4.1446 3.2645e+02          1         26 0.0000e+00
   38.91538  -68.99000    14.6415   4.350351    35.7901    164.654    165.976    14.6334   4.349598    35.7904     0.0246 1.0000e-12    -0.0134   100.3354       5.70    181.733     4.1778 3.2576e+02          1         24 0.0000e+00
   38.91538  -68.99001    14.6540   4.351055    35.7859    163.655    164.968    14.6460   4.350118    35.7844     0.0339 1.0000e-12    -0.0136   100.3399       5.80    182.674     4.1994 3.2387e+02          1         26 0.0000e+00
   38.91538  -68.99002    14.6547   4.350643    35.7826    162.693    163.998    14.6549   4.350796    35.7835     0.0483 1.0000e-12    -0.0135   100.3379       6.27    185.245     4.2585 3.2245e+02          1         36 0.0000e+00
   38.91538  -68.99002    14.6710   4.350862    35.7703    161.745    163.043    14.6546   4.350243    35.7799     0.0404 1.0000e-12    -0.0131   100.3270       7.00    188.248     4.3274 3.2241e+02          1         26 0.0000e+00
   38.91538  -68.99002    14.6633   4.348638    35.7580    160.742    162.031    14.6586   4.349303    35.7683     0.0162 1.0000e-12    -0.0128   100.3205       7.81    189.630     4.3592 3.2379e+02          1         19 0.0000e+00
   38.91538  -68.99002    14.6344   4.342140    35.7262    159.723    161.003    14.6365   4.344169    35.7427     0.0208 1.0000e-12    -0.0124   100.3088       8.34    190.464     4.3783 3.2528e+02          1         17 0.0000e+00
   38.91537  -68.99004    14.6279   4.340647    35.7192    158.719    159.990    14.6297   4.341415    35.7243     0.0214 1.0000e-12    -0.0118   100.2947       9.02    192.644     4.4284 3.2595e+02          1         16 0.0000e+00
   38.91536  -68.99004    14.6245   4.339697    35.7142    157.734    158.997    14.6264   4.340506    35.7197     0.0235 1.0000e-12    -0.0119   100.2986      71.92    196.895     4.5261 3.2617e+02          1         18 0.0000e+00
   38.91536  -68.99004    14.6228   4.339156    35.7114    156.635    157.890    14.6235   4.339568    35.7145     0.0214 1.0000e-12    -0.0117   100.2930      98.55    205.425     4.7222 3.2580e+02          1         34 0.0000e+00
   38.91536  -68.99004    14.6238   4.339342    35.7128    155.816    157.064    14.6218   4.338970    35.7111     0.0471 1.0000e-12    -0.0114   100.2862      98.55    210.242     4.8329 3.2369e+02          1         44 0.0000e+00
   38.91536  -68.99004    14.6169   4.337999    35.7075    154.807    156.046    14.6155   4.338044    35.7091     0.0482 1.0000e-12    -0.0119   100.2982      98.55    210.932     4.8487 3.2153e+02          1         21 0.0000e+00
   38.91536  -68.99004    14.6102   4.336539    35.7009    153.800    155.031    14.6116   4.337243    35.7059     0.0432 1.0000e-12    -0.0116   100.2907      98.54    210.680     4.8429 3.2121e+02          1         17 0.0000e+00
   38.91536  -68.99004    14.6024   4.334986    35.6944    152.746    153.968    14.6043   4.335692    35.6991     0.0140 1.0000e-12    -0.0112   100.2818      98.55    209.855     4.8239 3.2121e+02          1         16 0.0000e+00
   38.91536  -68.99004    14.5984   4.334343    35.6927    151.755    152.968    14.5976   4.334409    35.6940     0.0297 1.0000e-12    -0.0106   100.2657      98.55    209.544     4.8168 3.2121e+02          1         24 0.0000e+00
   38.91536  -68.99006    14.6033   4.335508    35.6993    150.681    151.885    14.5965   4.334131    35.6929     0.0292 1.0000e-12    -0.0105   100.2637      98.55    213.843     4.9156 3.2268e+02          1        193 0.0000e+00
   38.91536  -68.99008    14.6013   4.335333    35.7000    149.878    151.075    14.5965   4.334401    35.6958     0.0228 1.0000e-12    -0.0117   100.2919      98.55    210.637     4.8419 3.2084e+02          1         54 0.0000e+00
   38.91534  -68.99016    14.5624   4.328994    35.6779    148.908    150.098    14.5680   4.329948    35.6814     0.0289 1.0000e-12    -0.0100   100.2506      98.55    215.713     4.9586 3.1605e+02          1        301 0.0000e+00
   38.91534  -68.99024    14.5452   4.326356    35.6698    147.879    149.060    14.5498   4.327136    35.6727     0.0385 1.0000e-12    -0.0087   100.2184      98.56    217.080     4.9900 3.1271e+02          1         32 0.0000e+00
   38.91534  -68.99024    14.5305   4.324165    35.6639    146.785    147.957    14.5347   4.325086    35.6686     0.0241 1.0000e-12    -0.0081   100.2015      98.56    217.220     4.9932 3.1006e+02          1         36 0.0000e+00
   38.91534  -68.99024    14.5246   4.322129    35.6509    145.891    147.056    14.5244   4.323482    35.6637     0.0469 1.0000e-12    -0.0097   100.2420      98.56    217.905     5.0089 3.0906e+02          1         40 0.0000e+00
   38.91534  -68.99026    14.5147   4.321824    35.6578    144.878    146.034    14.5214   4.322877    35.6612     0.0287 1.0000e-12    -0.0100   100.2495      98.56    217.937     5.0097 3.0938e+02          1         23 0.0000e+00
   38.91534  -68.99026    14.4995   4.319585    35.6518    143.829    144.977    14.5062   4.321064    35.6592     0.0217 1.0000e-12    -0.0093   100.2326      98.55    218.422     5.0208 3.0994e+02          1         19 0.0000e+00
   38.91534  -68.99026    14.4755   4.316165    35.6432    142.730    143.868    14.4785   4.316985    35.6480     0.0406 1.0000e-12    -0.0089   100.2210      98.56    218.744     5.0282 3.0999e+02          1         33 0.0000e+00
   38.91534  -68.99026    14.4852   4.317520    35.6464    142.114    143.247    14.4902   4.318393    35.6499     0.0369 1.0000e-12    -0.0086   100.2156      98.56    219.116     5.0368 3.1016e+02          1         64 0.0000e+00
   38.91534  -68.99026    14.4677   4.314843    35.6386    140.893    142.015    14.4633   4.314607    35.6406     0.0501 1.0000e-12    -0.0087   100.2180      98.55    220.188     5.0614 3.0831e+02          1         14 0.0000e+00
   38.91534  -68.99026    14.4407   4.311023    35.6291    139.919    141.034    14.4430   4.311815    35.6343     0.0386 1.0000e-12    -0.0086   100.2143      98.56    220.059     5.0584 3.0799e+02          1         14 0.0000e+00
   38.91534  -68.99026    14.4327   4.309900    35.6266    138.848    139.954    14.4342   4.310284    35.6287     0.0221 1.0000e-12    -0.0080   100.1995      98.55    219.578     5.0473 3.0766e+02          1         13 0.0000e+00
   38.91534  -68.99026    14.4317   4.309727    35.6261    137.858    138.956    14.4329   4.309994    35.6276     0.0133 1.0000e-12    -0.0079   100.1972      98.56    219.308     5.0412 3.0783e+02          1         12 0.0000e+00
   38.91534  -68.99026    14.4305   4.309532    35.6258    136.878    137.967    14.4312   4.309790    35.6276     0.0055 1.0000e-12    -0.0081   100.2015      98.55    219.498     5.0455 3.0783e+02          1         18 0.0000e+00
   38.91534  -68.99027    14.4302   4.309487    35.6258    135.813    136.894    14.4305   4.309607    35.6267     0.0212 1.0000e-12    -0.0082   100.2045      98.56    220.284     5.0636 3.0896e+02          1         59 0.0000e+00
   38.91534  -68.99028    14.4337   4.309891    35.6263    134.960    136.033    14.4321   4.309831    35.6272     0.0368 1.0000e-12    -0.0086   100.2134      98.56    220.461     5.0677 3.0799e+02          1         28 0.0000e+00
   38.91534  -68.99028    14.4283   4.309078    35.6242    133.948    135.013    14.4283   4.309270    35.6260     0.0342 1.0000e-12    -0.0087   100.2162      98.56    220.868     5.0770 3.0592e+02          1         21 0.0000e+00
   38.91534  -68.99028    14.3967   4.304538    35.6123    132.933    133.990    14.4081   4.306832    35.6228     0.0273 1.0000e-12    -0.0079   100.1964      98.56    220.879     5.0773 3.0527e+02          1         20 0.0000e+00
   38.91534  -68.99028    14.3788   4.302069    35.6066    131.995    133.044    14.3774   4.302300    35.6102     0.0332 1.0000e-12    -0.0080   100.1989      98.56    220.525     5.0691 3.0560e+02          1         20 0.0000e+00
   38.91534  -68.99030    14.3699   4.300793    35.6034    130.997    132.038    14.3662   4.300570    35.6048     0.0288 1.0000e-12    -0.0077   100.1912      98.56    220.547     5.0696 3.0627e+02          1         20 0.0000e+00
   38.91534  -68.99030    14.3632   4.299756    35.6004    129.978    131.011    14.3632   4.299917    35.6019     0.0586 1.0000e-12    -0.0074   100.1844      98.56    221.051     5.0812 3.0772e+02          1         21 0.0000e+00
   38.91534  -68.99030    14.3476   4.297566    35.5950    128.979    130.003    14.3523   4.298740    35.6014     0.0544 1.0000e-12    -0.0070   100.1758      98.56    221.712     5.0964 3.0932e+02          1         18 0.0000e+00
   38.91534  -68.99030    14.3310   4.295275    35.5896    127.993    129.009    14.3358   4.296304    35.5947     0.0419 1.0000e-12    -0.0067   100.1672      98.56    222.070     5.1046 3.1017e+02          1         21 0.0000e+00
   38.91534  -68.99030    14.3142   4.292918    35.5837    126.924    127.931    14.3212   4.294268    35.5897     0.0223 1.0000e-12    -0.0061   100.1536      98.56    221.777     5.0979 3.0934e+02          1         37 0.0000e+00
   38.91534  -68.99030    14.3095   4.292267    35.5820    126.090    127.090    14.3134   4.292911    35.5844     0.0292 1.0000e-12    -0.0059   100.1474      98.56    221.993     5.1028 3.0555e+02          1         48 0.0000e+00
