Data/ruptures/KN207-01/QL-1/20701015.cnv
* Sea-Bird SBE 9 Data File:
* FileName = C:\Data\ctd\20701015.hex
* Software Version Seasave V 7.21e
* Temperature SN = 4406
* Conductivity SN = 1474
* Number of Bytes Per Scan = 40
* Number of Voltage Words = 5
* Number of Scans Averaged by the Deck Unit = 1
* NMEA Latitude = 38 58.97 N
* NMEA Longitude = 069 00.03 W
* NMEA UTC (Time) = Apr 23 2012 18:06:59
** R/V Knorr Cruise # KN207-01 QL1
** Chief Scientist: Ben Van Mooy
# nquan = 21
# nvalues = 404                         
# units = specified
# name 0 = latitude: Latitude [deg]
# name 1 = longitude: Longitude [deg]
# name 2 = t090C: Temperature [ITS-90, deg C]
# name 3 = c0S/m: Conductivity [S/m]
# name 4 = sal00: Salinity, Practical [PSU]
# name 5 = depSM: Depth [salt water, m]
# name 6 = prDM: Pressure, Digiquartz [db]
# name 7 = t190C: Temperature, 2 [ITS-90, deg C]
# name 8 = c1S/m: Conductivity, 2 [S/m]
# name 9 = sal11: Salinity, Practical, 2 [PSU]
# name 10 = flECO-AFL: Fluorescence, WET Labs ECO-AFL/FL [mg/m^3]
# name 11 = par: PAR/Irradiance, Biospherical/Licor
# name 12 = bat: Beam Attenuation, Chelsea/Seatech [1/m]
# name 13 = xmiss: Beam Transmission, Chelsea/Seatech [%]
# name 14 = altM: Altimeter [m]
# name 15 = sbeox0Mm/Kg: Oxygen, SBE 43 [umol/kg]
# name 16 = sbeox0ML/L: Oxygen, SBE 43 [ml/l]
# name 17 = spar: SPAR/Surface Irradiance
# name 18 = pumps: Pump Status
# name 19 = nbin: number of scans per bin
# name 20 = flag: flag
# span 0 =   38.98264,   38.98364       
# span 1 =  -69.00076,  -69.00042       
# span 2 =    11.2370,    14.7185       
# span 3 =   3.879612,   6.457176       
# span 4 =    33.9064,    83.0864       
# span 5 =      1.068,    201.879       
# span 6 =      1.076,    203.519       
# span 7 =    11.2379,    14.7183       
# span 8 =   3.881491,   6.453982       
# span 9 =    33.9716,    83.0884       
# span 10 =     0.0025,     2.3762      
# span 11 = 3.9496e-04, 1.3689e+02      
# span 12 =    -0.0153,     1.3456      
# span 13 =    92.2602,   100.3846      
# span 14 =       1.75,      98.94      
# span 15 =    138.999,    442.177      
# span 16 =     3.1961,    10.1554      
# span 17 = 9.0778e+02, 2.8214e+03      
# span 18 =          0,          1      
# span 19 =          8,        770      
# span 20 = 0.0000e+00, 0.0000e+00      
# interval = decibars: 1                
# start_time = Apr 23 2012 18:06:59 [NMEA time, header]
# bad_flag = -9.990e-29
*END*
[from data line 276]
   38.98344  -69.00068    14.6116   4.336866    35.7149    127.049    128.058    14.6154   4.338226    35.7238     0.0506 1.3198e-02    -0.0128   100.3208      98.62    194.888     4.4799 2.5893e+03          1         14 0.0000e+00
   38.98344  -69.00068    14.5972   4.334411    35.7063    126.044    127.044    14.6047   4.336013    35.7139     0.0444 1.3464e-02    -0.0127   100.3172      98.62    195.510     4.4942 2.6805e+03          1         12 0.0000e+00
   38.98344  -69.00068    14.5829   4.331987    35.6977    124.996    125.988    14.5894   4.333610    35.7066     0.0456 1.3801e-02    -0.0123   100.3064      98.61    196.662     4.5207 2.6796e+03          1         12 0.0000e+00
   38.98344  -69.00068    14.5696   4.329067    35.6837    124.024    125.008    14.5782   4.331770    35.7005     0.0248 1.4183e-02    -0.0109   100.2735      98.62    198.306     4.5584 2.6794e+03          1         10 0.0000e+00
   38.98344  -69.00068    14.5600   4.327760    35.6810    123.061    124.037    14.5646   4.329106    35.6892     0.0131 1.4501e-02    -0.0109   100.2746      98.62    200.203     4.6021 2.6279e+03          1         13 0.0000e+00
   38.98344  -69.00068    14.5505   4.326264    35.6765    122.060    123.028    14.5510   4.326728    35.6804     0.0294 1.5094e-02    -0.0111   100.2786      98.62    202.528     4.6555 2.3501e+03          1         13 0.0000e+00
   38.98343  -69.00067    14.5331   4.323401    35.6668    121.084    122.044    14.5408   4.325362    35.6777     0.0369 1.5608e-02     0.0027    99.9332      98.63    204.874     4.7094 2.6981e+03          1         16 0.0000e+00
   38.98342  -69.00066    14.5120   4.320227    35.6576    120.047    120.998    14.5184   4.321766    35.6659     0.0365 1.6390e-02    -0.0039   100.0972      98.62    207.917     4.7793 2.7065e+03          1         18 0.0000e+00
   38.98342  -69.00066    14.4985   4.318273    35.6525    119.010    119.953    14.5065   4.319650    35.6577     0.0246 1.7546e-02    -0.0082   100.2046      98.62    211.298     4.8571 2.7080e+03          1         25 0.0000e+00
   38.98341  -69.00066    14.5109   4.320270    35.6587    118.334    119.271    14.5163   4.320844    35.6591     0.0333 1.8872e-02    -0.0103   100.2587      98.62    214.003     4.9192 2.6393e+03          1         58 0.0000e+00
   38.98340  -69.00066    14.4860   4.316365    35.6461    117.081    118.008    14.5127   4.320977    35.6635     0.0188 1.9647e-02    -0.0106   100.2669      98.62    213.291     4.9029 2.6530e+03          1         11 0.0000e+00
   38.98340  -69.00066    14.4763   4.314971    35.6427    116.064    116.982    14.4902   4.317661    35.6546     0.0206 2.0399e-02    -0.0110   100.2757      98.62    213.781     4.9141 2.6510e+03          1          9 0.0000e+00
   38.98340  -69.00066    14.4679   4.313793    35.6401    115.104    116.014    14.4750   4.315200    35.6466     0.0218 2.1296e-02    -0.0103   100.2593      98.62    213.768     4.9138 2.3815e+03          1          8 0.0000e+00
   38.98340  -69.00066    14.4653   4.313404    35.6392    114.104    115.006    14.4709   4.314343    35.6428     0.0279 2.2048e-02    -0.0094   100.2358      98.62    213.560     4.9090 2.4022e+03          1          9 0.0000e+00
   38.98340  -69.00066    14.4617   4.312780    35.6372    113.055    113.949    14.4648   4.313503    35.6412     0.0296 2.2919e-02    -0.0095   100.2386      98.63    213.251     4.9019 2.5633e+03          1          9 0.0000e+00
   38.98340  -69.00066    14.4577   4.312082    35.6350    112.090    112.976    14.4610   4.312790    35.6386     0.0291 2.3988e-02    -0.0102   100.2561      98.62    213.253     4.9020 2.6545e+03          1          8 0.0000e+00
   38.98340  -69.00066    14.4468   4.310374    35.6297    111.083    111.961    14.4549   4.311915    35.6366     0.0355 2.4166e-02    -0.0100   100.2506      98.62    213.577     4.9094 2.6579e+03          1         11 0.0000e+00
   38.98338  -69.00064    14.4255   4.307302    35.6218    110.049    110.919    14.4393   4.309833    35.6323     0.0354 2.5629e-02    -0.0091   100.2272      98.62    214.279     4.9256 2.6629e+03          1         14 0.0000e+00
   38.98338  -69.00064    14.4106   4.305337    35.6173    109.163    110.025    14.4173   4.306374    35.6208     0.0290 2.7022e-02    -0.0093   100.2333      98.62    216.081     4.9670 2.5397e+03          1        113 0.0000e+00
   38.98338  -69.00062    14.3952   4.303055    35.6104    108.194    109.049    14.4213   4.306736    35.6200     0.0122 2.7694e-02    -0.0102   100.2553      98.62    216.530     4.9773 2.4249e+03          1         21 0.0000e+00
   38.98338  -69.00062    14.3542   4.297246    35.5956    107.143    107.989    14.4113   4.305811    35.6212     0.0108 2.8892e-02    -0.0099   100.2478      98.62    217.332     4.9957 2.4370e+03          1         15 0.0000e+00
   38.98338  -69.00062    14.3313   4.294022    35.5876    106.171    107.008    14.3726   4.300919    35.6127     0.0156 3.0052e-02    -0.0100   100.2511      98.62    217.519     5.0000 1.8326e+03          1         14 0.0000e+00
   38.98338  -69.00062    14.2944   4.288824    35.5745    105.161    105.991    14.3216   4.293848    35.5957     0.0291 3.1513e-02    -0.0097   100.2419      98.62    217.713     5.0044 2.3750e+03          1         14 0.0000e+00
   38.98338  -69.00062    14.2713   4.285570    35.5663    104.138    104.959    14.2925   4.289203    35.5804     0.0362 3.3339e-02    -0.0090   100.2255      98.63    217.824     5.0070 2.4400e+03          1         15 0.0000e+00
   38.98338  -69.00062    14.2372   4.280925    35.5555    103.161    103.974    14.2668   4.285700    35.5722     0.0150 3.4913e-02    -0.0085   100.2127      98.63    217.874     5.0081 2.5166e+03          1         16 0.0000e+00
   38.98338  -69.00062    14.2149   4.277970    35.5491    102.189    102.995    14.2412   4.282213    35.5641     0.0332 3.6740e-02    -0.0083   100.2076      98.62    218.022     5.0115 2.5838e+03          1         21 0.0000e+00
   38.98336  -69.00064    14.1695   4.271697    35.5334    101.169    101.966    14.1901   4.274963    35.5448     0.0299 3.8345e-02    -0.0082   100.2031      98.62    219.138     5.0372 2.4895e+03          1         32 0.0000e+00
   38.98336  -69.00064    14.1523   4.269265    35.5265    100.211    101.000    14.1662   4.271384    35.5336     0.0224 3.9204e-02    -0.0086   100.2135      98.62    220.254     5.0628 2.4153e+03          1         45 0.0000e+00
   38.98336  -69.00064    14.1524   4.269090    35.5242     99.203     99.984    14.1479   4.269038    35.5284     0.0326 4.0158e-02    -0.0087   100.2171      98.63    220.051     5.0581 2.3025e+03          1         33 0.0000e+00
   38.98334  -69.00061    14.1173   4.264250    35.5123     98.241     99.014    14.1121   4.264302    35.5179     0.0369 4.1616e-02    -0.0082   100.2053      98.62    220.557     5.0698 2.1367e+03          1         27 0.0000e+00
   38.98334  -69.00060    14.0867   4.260479    35.5059     97.220     97.985    14.0856   4.260428    35.5067     0.0451 4.3564e-02    -0.0077   100.1911      98.62    221.255     5.0858 2.0161e+03          1         37 0.0000e+00
   38.98334  -69.00060    14.0802   4.259438    35.5020     96.249     97.006    14.0730   4.258571    35.5009     0.0368 4.4177e-02    -0.0079   100.1965      98.62    221.162     5.0837 2.1775e+03          1         31 0.0000e+00
   38.98334  -69.00060    14.0586   4.256123    35.4914     95.266     96.015    14.0403   4.254791    35.4964     0.0265 4.2850e-02    -0.0070   100.1758      98.62    220.632     5.0715 2.1495e+03          1         31 0.0000e+00
   38.98330  -69.00062    14.0174   4.250562    35.4783     94.231     94.971    14.0045   4.249260    35.4784     0.0324 4.1800e-02    -0.0074   100.1856      98.62    220.486     5.0681 1.9032e+03          1         34 0.0000e+00
   38.98330  -69.00061    13.9145   4.236340    35.4411     93.521     94.256    13.9287   4.238668    35.4495     0.0453 4.0397e-02    -0.0072   100.1805      98.62    222.153     5.1064 1.8138e+03          1        142 0.0000e+00
   38.98330  -69.00060    13.8867   4.232497    35.4301     92.300     93.025    13.9039   4.235175    35.4391     0.0555 4.3386e-02    -0.0061   100.1525      98.63    222.834     5.1220 1.8868e+03          1         21 0.0000e+00
   38.98330  -69.00060    13.8688   4.230011    35.4240     91.262     91.978    13.8775   4.231641    35.4313     0.0584 4.6364e-02    -0.0059   100.1464      98.62    222.846     5.1223 2.1370e+03          1         14 0.0000e+00
   38.98330  -69.00060    13.8538   4.227986    35.4195     90.272     90.981    13.8638   4.229528    35.4246     0.0587 4.8838e-02    -0.0061   100.1521      98.63    222.928     5.1242 2.1881e+03          1         13 0.0000e+00
   38.98330  -69.00060    13.8614   4.228811    35.4202     89.297     89.998    13.8621   4.229076    35.4222     0.0566 5.1358e-02    -0.0060   100.1501      98.63    223.023     5.1263 2.0042e+03          1         12 0.0000e+00
   38.98328  -69.00060    13.8443   4.226366    35.4137     88.305     88.998    13.8554   4.228351    35.4220     0.0519 5.4023e-02    -0.0064   100.1604      98.63    223.367     5.1342 2.0213e+03          1         15 0.0000e+00
   38.98328  -69.00060    13.7852   4.218523    35.3963     87.277     87.961    13.7834   4.219732    35.4096     0.0504 5.7343e-02    -0.0062   100.1540      98.62    223.939     5.1474 1.9601e+03          1         20 0.0000e+00
   38.98328  -69.00060    13.7617   4.215357    35.3877     86.508     87.186    13.7703   4.216604    35.3915     0.0514 6.9856e-02    -0.0050   100.1252      98.62    223.484     5.1369 2.2787e+03          1         66 0.0000e+00
   38.98326  -69.00060    13.6828   4.204788    35.3616     85.316     85.985    13.6852   4.205305    35.3644     0.0317 8.8141e-02    -0.0046   100.1145      98.62    223.690     5.1416 2.4496e+03          1         13 0.0000e+00
   38.98324  -69.00058    13.6766   4.203904    35.3594     84.327     84.988    13.6798   4.204734    35.3643     0.0582 8.9965e-02    -0.0050   100.1244      98.62    224.372     5.1573 2.4822e+03          1         13 0.0000e+00
   38.98324  -69.00058    13.6528   4.200676    35.3518     83.361     84.014    13.6633   4.202588    35.3600     0.0570 9.2156e-02    -0.0051   100.1264      98.62    225.128     5.1747 2.5316e+03          1         13 0.0000e+00
   38.98324  -69.00058    13.6191   4.196265    35.3424     82.363     83.008    13.6309   4.198748    35.3548     0.0592 9.4569e-02    -0.0052   100.1295      98.63    225.896     5.1924 2.4794e+03          1         15 0.0000e+00
   38.98324  -69.00058    13.5976   4.193432    35.3363     81.337     81.973    13.5986   4.194207    35.3428     0.0594 9.7321e-02    -0.0055   100.1373      98.63    225.933     5.1932 2.4611e+03          1         16 0.0000e+00
   38.98324  -69.00058    13.5566   4.187952    35.3236     80.288     80.916    13.5616   4.189460    35.3333     0.0674 1.0083e-01    -0.0057   100.1419      98.63    225.921     5.1929 2.4355e+03          1         22 0.0000e+00
   38.98323  -69.00058    13.5259   4.184006    35.3141     79.593     80.216    13.5249   4.183847    35.3137     0.0760 1.1025e-01    -0.0049   100.1230      98.62    226.356     5.2029 2.5216e+03          1         38 0.0000e+00
   38.98322  -69.00058    13.3899   4.165398    35.2661     78.352     78.965    13.4065   4.169035    35.2849     0.0641 1.2127e-01    -0.0039   100.0987      98.63    227.096     5.2199 2.3575e+03          1         15 0.0000e+00
   38.98322  -69.00058    13.3210   4.156326    35.2456     77.355     77.960    13.3354   4.159430    35.2616     0.0586 1.1552e-01    -0.0044   100.1109      98.62    227.255     5.2235 2.1769e+03          1         21 0.0000e+00
   38.98322  -69.00058    13.3261   4.156952    35.2461     76.318     76.915    13.3067   4.154665    35.2430     0.0499 9.9662e-02    -0.0041   100.1023      98.62    227.747     5.2348 1.9702e+03          1         43 0.0000e+00
   38.98322  -69.00056    13.2724   4.149863    35.2278     75.503     76.093    13.2730   4.150086    35.2294     0.0657 8.1326e-02    -0.0031   100.0781      75.85    229.180     5.2677 1.8722e+03          1        117 0.0000e+00
   38.98322  -69.00058    13.2741   4.150084    35.2262     74.402     74.983    13.2742   4.150199    35.2273     0.0734 7.8737e-02    -0.0037   100.0928      98.63    229.866     5.2835 1.3883e+03          1         13 0.0000e+00
   38.98322  -69.00058    13.2710   4.149632    35.2252     73.427     74.000    13.2734   4.150056    35.2269     0.0768 7.3834e-02    -0.0036   100.0917      98.63    229.740     5.2806 1.3053e+03          1         11 0.0000e+00
   38.98322  -69.00058    13.2680   4.149192    35.2242     72.435     73.001    13.2694   4.149647    35.2272     0.0829 7.0015e-02    -0.0024   100.0602      98.63    229.743     5.2806 1.2728e+03          1         12 0.0000e+00
   38.98320  -69.00056    13.2514   4.146950    35.2191     71.407     71.964    13.2617   4.148489    35.2239     0.0804 6.6674e-02    -0.0010   100.0237      98.63    229.808     5.2822 1.1971e+03          1         12 0.0000e+00
   38.98320  -69.00056    13.2396   4.145363    35.2155     70.417     70.966    13.2506   4.147252    35.2230     0.0817 6.4686e-02    -0.0018   100.0452      98.63    229.900     5.2843 1.0579e+03          1         12 0.0000e+00
   38.98320  -69.00056    13.2239   4.143141    35.2096     69.432     69.973    13.2186   4.143253    35.2159     0.0591 6.3932e-02    -0.0020   100.0503      98.63    229.841     5.2829 1.0386e+03          1         17 0.0000e+00
   38.98321  -69.00056    13.1986   4.139878    35.2023     68.675     69.210    13.2094   4.141191    35.2045     0.0695 6.3895e-02    -0.0026   100.0662      98.63    229.542     5.2760 1.1198e+03          1         49 0.0000e+00
   38.98322  -69.00056    13.1556   4.133919    35.1861     67.480     68.006    13.1609   4.134731    35.1890     0.0841 6.2125e-02    -0.0024   100.0602      98.63    229.671     5.2790 1.0055e+03          1         14 0.0000e+00
   38.98322  -69.00056    13.1526   4.133534    35.1856     66.485     67.003    13.1564   4.134113    35.1876     0.0883 6.3043e-02    -0.0019   100.0473      98.64    229.812     5.2822 1.0046e+03          1         14 0.0000e+00
   38.98322  -69.00056    13.1520   4.133389    35.1851     65.484     65.994    13.1538   4.133722    35.1866     0.0812 6.4830e-02    -0.0020   100.0507      98.63    229.909     5.2845 1.0065e+03          1         15 0.0000e+00
   38.98322  -69.00056    13.1465   4.132683    35.1838     64.429     64.931    13.1488   4.133130    35.1860     0.0771 6.8190e-02    -0.0020   100.0494      98.63    230.195     5.2910 1.0014e+03          1         24 0.0000e+00
   38.98322  -69.00055    12.3303   6.457176    83.0864     63.760     64.256    12.0103   6.453982    83.0884     0.0663 6.9022e-02     1.3456    97.6147      96.25    233.529     7.2009 9.6141e+02          1         41 0.0000e+00
   38.98322  -69.00054    13.1820   4.158774    35.1938     62.516     63.003    13.1699   4.152840    35.1926     0.0811 7.2459e-02    -0.0016   100.0397      98.65    184.468     4.2400 9.1641e+02          0         17 0.0000e+00
   38.98322  -69.00054    13.1836   4.156862    35.1931     61.499     61.977    13.1736   4.151338    35.1898     0.0870 7.6381e-02    -0.0004   100.0096      98.65    181.579     4.1736 9.1129e+02          0         15 0.0000e+00
   38.98322  -69.00054    13.1851   4.155069    35.1923     60.493     60.963    13.1752   4.149981    35.1894     0.0658 8.1539e-02     0.0003    99.9916      98.65    178.744     4.1084 9.0799e+02          0         18 0.0000e+00
