Data/ruptures/KN207-01/QL-1/20701020.cnv
* Sea-Bird SBE 9 Data File:
* FileName = C:\Data\ctd\20701020.hex
* Software Version Seasave V 7.21e
* Temperature SN = 4406
* Conductivity SN = 1474
* Number of Bytes Per Scan = 40
* Number of Voltage Words = 5
* Number of Scans Averaged by the Deck Unit = 1
* NMEA Latitude = 38 58.66 N
* NMEA Longitude = 068 59.01 W
* NMEA UTC (Time) = Apr 24 2012 11:33:29
** R/V Knorr Cruise # KN207-01 QL1
** Chief Scientist: Ben Van Mooy
# nquan = 21
# nvalues = 399                         
# units = specified
# name 0 = latitude: Latitude [deg]
# name 1 = longitude: Longitude [deg]
# name 2 = t090C: Temperature [ITS-90, deg C]
# name 3 = c0S/m: Conductivity [S/m]
# name 4 = sal00: Salinity, Practical [PSU]
# name 5 = depSM: Depth [salt water, m]
# name 6 = prDM: Pressure, Digiquartz [db]
# name 7 = t190C: Temperature, 2 [ITS-90, deg C]
# name 8 = c1S/m: Conductivity, 2 [S/m]
# name 9 = sal11: Salinity, Practical, 2 [PSU]
# name 10 = flECO-AFL: Fluorescence, WET Labs ECO-AFL/FL [mg/m^3]
# name 11 = par: PAR/Irradiance, Biospherical/Licor
# name 12 = bat: Beam Attenuation, Chelsea/Seatech [1/m]
# name 13 = xmiss: Beam Transmission, Chelsea/Seatech [%]
# name 14 = altM: Altimeter [m]
# name 15 = sbeox0Mm/Kg: Oxygen, SBE 43 [umol/kg]
# name 16 = sbeox0ML/L: Oxygen, SBE 43 [ml/l]
# name 17 = spar: SPAR/Surface Irradiance
# name 18 = pumps: Pump Status
# name 19 = nbin: number of scans per bin
# name 20 = flag: flag
# span 0 =   38.97778,   38.97786       
# span 1 =  -68.98354,  -68.97999       
# span 2 =    11.1240,    14.6293       
# span 3 =   3.836790,   4.346080       
# span 4 =    33.8264,    35.8354       
# span 5 =      2.144,    199.404       
# span 6 =      2.160,    201.023       
# span 7 =    11.1263,    14.6299       
# span 8 =   3.837033,   4.346306       
# span 9 =    33.8204,    35.8389       
# span 10 =     0.0049,     2.4216      
# span 11 = 5.7107e-04, 1.3961e+01      
# span 12 =    -0.0151,     0.3175      
# span 13 =    92.3683,   100.3783      
# span 14 =       5.10,      98.73      
# span 15 =    146.958,    448.588      
# span 16 =     3.3787,    10.3025      
# span 17 = 1.8650e+03, 2.2545e+03      
# span 18 =          1,          1      
# span 19 =         10,        241      
# span 20 = 0.0000e+00, 0.0000e+00      
# interval = decibars: 1                
# start_time = Apr 24 2012 11:33:29 [NMEA time, header]
# bad_flag = -9.990e-29
*END*
[from data line 276]
   38.97782  -68.98178    14.5212   4.323331    35.6745    123.062    124.038    14.5300   4.324186    35.6741     0.0122 3.4075e-03    -0.0111   100.2786      98.57    203.531     4.6786 2.1087e+03          1         26 0.0000e+00
   38.97782  -68.98178    14.5337   4.324822    35.6769    122.055    123.023    14.5417   4.325719    35.6776     0.0454 3.3525e-03    -0.0102   100.2553      98.56    204.159     4.6930 2.0808e+03          1         21 0.0000e+00
   38.97782  -68.98178    14.5381   4.325067    35.6754    121.057    122.016    14.5368   4.325130    35.6772     0.0616 3.2420e-03    -0.0112   100.2807      98.56    204.280     4.6958 2.0664e+03          1         25 0.0000e+00
   38.97782  -68.98178    14.5308   4.324062    35.6735    120.028    120.978    14.5269   4.323729    35.6741     0.0179 3.1830e-03    -0.0110   100.2757      98.57    205.047     4.7134 2.0688e+03          1         27 0.0000e+00
   38.97782  -68.98178    14.5259   4.323276    35.6712    119.054    119.997    14.5111   4.321396    35.6678     0.0290 3.2487e-03    -0.0102   100.2563      98.56    207.679     4.7739 2.0857e+03          1         23 0.0000e+00
   38.97782  -68.98172    14.5076   4.320339    35.6618    118.076    119.011    14.4766   4.316388    35.6545     0.0315 3.3310e-03    -0.0100   100.2506      98.56    209.631     4.8188 2.1072e+03          1         22 0.0000e+00
   38.97782  -68.98172    14.4698   4.314680    35.6455    117.055    117.982    14.4596   4.313440    35.6436     0.0445 3.3854e-03    -0.0102   100.2564      98.57    209.710     4.8206 2.1164e+03          1         22 0.0000e+00
   38.97782  -68.98172    14.4553   4.312409    35.6384    116.064    116.983    14.4367   4.310146    35.6350     0.0219 3.4391e-03    -0.0098   100.2452      98.57    209.102     4.8066 2.1141e+03          1         20 0.0000e+00
   38.97782  -68.98172    14.4250   4.308059    35.6271    115.072    115.982    14.4086   4.305950    35.6229     0.0174 3.5621e-03    -0.0095   100.2380      98.57    209.056     4.8055 2.1089e+03          1         19 0.0000e+00
   38.97782  -68.98172    14.3979   4.304019    35.6154    114.084    114.987    14.3928   4.303647    35.6166     0.0150 3.8934e-03    -0.0072   100.1807      98.56    210.116     4.8299 2.1004e+03          1         21 0.0000e+00
   38.97781  -68.98172    14.3870   4.302249    35.6094    113.085    113.979    14.3808   4.301657    35.6095     0.0190 3.6221e-03    -0.0092   100.2300      98.57    211.499     4.8616 2.0895e+03          1         37 0.0000e+00
   38.97780  -68.98172    14.3748   4.300415    35.6037    112.161    113.047    14.3660   4.299254    35.6011     0.0265 3.5684e-03    -0.0089   100.2222      98.56    213.153     4.8997 2.0835e+03          1         36 0.0000e+00
   38.97780  -68.98172    14.3699   4.299574    35.6007    111.139    112.017    14.3605   4.298628    35.6006     0.0213 3.6514e-03    -0.0083   100.2076      98.56    214.201     4.9237 2.0903e+03          1         21 0.0000e+00
   38.97780  -68.98172    14.3384   4.295006    35.5883    110.157    111.027    14.3369   4.295175    35.5911     0.0219 3.7138e-03    -0.0086   100.2144      98.57    215.345     4.9500 2.1032e+03          1         18 0.0000e+00
   38.97780  -68.98172    14.3232   4.292889    35.5832    109.163    110.025    14.3303   4.294116    35.5876     0.0227 3.8029e-03    -0.0092   100.2286      98.57    216.034     4.9658 2.1193e+03          1         18 0.0000e+00
   38.97780  -68.98171    14.3114   4.291211    35.5789    108.127    108.980    14.3036   4.290757    35.5820     0.0408 3.8744e-03    -0.0088   100.2199      98.55    216.196     4.9696 2.1258e+03          1         21 0.0000e+00
   38.97780  -68.98170    14.2967   4.289141    35.5737    107.093    107.938    14.2918   4.288444    35.5717     0.0261 4.0228e-03    -0.0086   100.2133      98.56    216.113     4.9677 2.1136e+03          1         24 0.0000e+00
   38.97780  -68.98170    14.2805   4.286735    35.5667    106.148    106.986    14.2776   4.286809    35.5699     0.0228 4.0082e-03    -0.0084   100.2084      98.57    215.607     4.9560 2.0948e+03          1         30 0.0000e+00
   38.97780  -68.98170    14.2563   4.283461    35.5591    105.191    106.021    14.2523   4.283584    35.5639     0.0394 4.1234e-03    -0.0081   100.2024      98.57    215.643     4.9568 2.0805e+03          1         30 0.0000e+00
   38.97780  -68.98170    14.2506   4.282579    35.5563    104.191    105.013    14.2248   4.279634    35.5532     0.0539 3.9498e-03    -0.0062   100.1555      98.57    215.071     4.9437 2.0780e+03          1         24 0.0000e+00
   38.97780  -68.98168    14.2130   4.277272    35.5427    103.181    103.994    14.2079   4.276726    35.5422     0.0352 4.0435e-03    -0.0070   100.1744      98.57    215.444     4.9522 2.0841e+03          1         18 0.0000e+00
   38.97780  -68.98168    14.2015   4.275562    35.5377    102.200    103.006    14.2007   4.275679    35.5394     0.0354 4.1748e-03    -0.0076   100.1894      98.56    215.588     4.9555 2.0889e+03          1         17 0.0000e+00
   38.97780  -68.98168    14.1625   4.270128    35.5242    101.198    101.995    14.1702   4.271703    35.5314     0.0450 4.3889e-03    -0.0074   100.1844      98.56    215.394     4.9511 2.0937e+03          1         18 0.0000e+00
   38.97780  -68.98168    14.1539   4.268956    35.5214    100.172    100.961    14.1475   4.269130    35.5290     0.0389 4.6282e-03    -0.0075   100.1865      98.57    215.565     4.9550 2.0980e+03          1         24 0.0000e+00
   38.97780  -68.98168    14.1142   4.263266    35.5056     99.174     99.955    14.1096   4.262887    35.5063     0.0243 4.9230e-03    -0.0071   100.1779      98.57    216.574     4.9782 2.1076e+03          1         60 0.0000e+00
   38.97780  -68.98168    14.1010   4.261249    35.4987     98.323     99.097    14.0888   4.259727    35.4959     0.0309 5.1254e-03    -0.0069   100.1720      98.57    218.188     5.0153 2.1070e+03          1         27 0.0000e+00
   38.97780  -68.98168    14.0948   4.260002    35.4930     97.304     98.070    14.0879   4.259022    35.4902     0.0594 5.3738e-03    -0.0071   100.1774      98.56    219.057     5.0352 2.1009e+03          1         16 0.0000e+00
   38.97780  -68.98168    14.0869   4.258545    35.4870     96.279     97.036    14.0867   4.258828    35.4897     0.0548 6.0041e-03    -0.0073   100.1838      98.56    219.095     5.0361 2.1006e+03          1         16 0.0000e+00
   38.97780  -68.98168    14.0643   4.255377    35.4791     95.267     96.016    14.0627   4.255996    35.4863     0.0511 6.0368e-03    -0.0073   100.1831      98.57    219.166     5.0377 2.1008e+03          1         14 0.0000e+00
   38.97780  -68.98168    14.0335   4.251032    35.4678     94.216     94.957    14.0238   4.250353    35.4706     0.0292 6.1233e-03    -0.0068   100.1710      98.57    219.226     5.0391 2.1009e+03          1         16 0.0000e+00
   38.97780  -68.98165    13.9931   4.245584    35.4551     93.147     93.879    13.9838   4.244409    35.4528     0.0507 6.1147e-03    -0.0057   100.1427      98.57    219.622     5.0482 2.0997e+03          1         38 0.0000e+00
   38.97782  -68.98162    13.9579   4.240804    35.4420     92.418     93.144    13.9014   4.233594    35.4278     0.0318 6.2212e-03    -0.0043   100.1082      98.57    220.909     5.0777 2.1084e+03          1         35 0.0000e+00
   38.97782  -68.98162    13.8752   4.229248    35.4121     91.303     92.020    13.8448   4.226037    35.4104     0.0317 6.4556e-03    -0.0042   100.1051      98.57    222.429     5.1127 2.1381e+03          1         20 0.0000e+00
   38.97782  -68.98162    13.8254   4.222629    35.3973     90.276     90.985    13.8142   4.221386    35.3957     0.0526 6.6103e-03    -0.0038   100.0961      98.58    222.370     5.1113 2.1492e+03          1         20 0.0000e+00
   38.97782  -68.98162    13.8088   4.220333    35.3911     89.184     89.883    13.8025   4.219785    35.3916     0.0401 6.8543e-03    -0.0040   100.0994      98.57    221.991     5.1026 2.1527e+03          1         35 0.0000e+00
   38.97782  -68.98162    13.8040   4.219720    35.3888     88.530     89.225    13.7997   4.219305    35.3886     0.0498 6.8460e-03    -0.0050   100.1247      98.57    223.454     5.1362 2.0912e+03          1         90 0.0000e+00
   38.97782  -68.98162    13.7857   4.217083    35.3808     87.316     88.001    13.7816   4.216652    35.3804     0.0602 7.1461e-03    -0.0038   100.0962      98.57    223.235     5.1312 2.0916e+03          1         31 0.0000e+00
   38.97780  -68.98157    13.7687   4.214746    35.3747     86.303     86.979    13.7660   4.214553    35.3752     0.0508 7.7764e-03    -0.0040   100.1010      98.57    223.530     5.1379 2.1258e+03          1         66 0.0000e+00
   38.97780  -68.98156    13.7665   4.214378    35.3730     85.364     86.033    13.7571   4.213305    35.3716     0.0365 8.0924e-03    -0.0035   100.0871      98.57    224.329     5.1563 2.1332e+03          1         42 0.0000e+00
   38.97780  -68.98156    13.7393   4.210603    35.3634     84.344     85.005    13.7459   4.211645    35.3667     0.0619 8.4307e-03    -0.0015   100.0375      98.57    224.240     5.1542 2.1144e+03          1         34 0.0000e+00
   38.97780  -68.98156    13.7232   4.208327    35.3573     83.318     83.970    13.7291   4.209317    35.3608     0.0715 8.7068e-03    -0.0026   100.0657      98.57    224.001     5.1487 2.1047e+03          1         46 0.0000e+00
   38.97780  -68.98156    13.7155   4.207214    35.3540     82.420     83.065    13.7190   4.207761    35.3557     0.0431 8.9961e-03    -0.0020   100.0499      98.57    224.330     5.1563 2.1016e+03          1         39 0.0000e+00
   38.97780  -68.98155    13.7061   4.205770    35.3494     81.388     82.025    13.7032   4.205552    35.3501     0.0611 9.5281e-03    -0.0009   100.0207      98.57    224.576     5.1619 2.1122e+03          1         29 0.0000e+00
   38.97780  -68.98154    13.7038   4.205315    35.3472     80.562     81.192    13.7046   4.205508    35.3482     0.0608 1.0418e-02     0.0007    99.9827      98.57    224.981     5.1712 2.1274e+03          1         66 0.0000e+00
   38.97782  -68.98152    13.7217   4.207409    35.3498     79.364     79.984    13.7219   4.207235    35.3481     0.0595 1.1111e-02     0.0012    99.9702      98.57    225.152     5.1752 2.1266e+03          1         14 0.0000e+00
   38.97782  -68.98152    13.7303   4.208431    35.3517     78.358     78.971    13.7321   4.208625    35.3518     0.0747 1.1502e-02     0.0028    99.9316      98.57    225.403     5.1809 2.1283e+03          1         14 0.0000e+00
   38.97782  -68.98152    13.7378   4.209317    35.3534     77.356     77.960    13.7346   4.208939    35.3528     0.0732 1.1529e-02     0.0026    99.9341      98.57    225.507     5.1833 2.1299e+03          1         20 0.0000e+00
   38.97781  -68.98149    13.8563   4.223700    35.3770     76.399     76.996    13.8584   4.224023    35.3780     0.0986 1.2028e-02     0.0069    99.8270      98.57    226.141     5.1979 2.1245e+03          1        185 0.0000e+00
   38.97782  -68.98146    13.9207   4.231839    35.3944     75.473     76.063    13.9311   4.232846    35.3941     0.1183 1.3025e-02     0.0098    99.7559      98.58    226.556     5.2074 2.1539e+03          1         24 0.0000e+00
   38.97782  -68.98146    14.0054   4.242015    35.4101     74.437     75.018    13.9972   4.239769    35.3969     0.1035 1.3380e-02     0.0110    99.7252      98.57    226.058     5.1959 2.1569e+03          1         17 0.0000e+00
   38.97782  -68.98146    14.0568   4.248191    35.4199     73.396     73.969    14.0668   4.248629    35.4145     0.1152 1.3955e-02     0.0108    99.7308      98.57    226.305     5.2016 2.1590e+03          1         16 0.0000e+00
   38.97782  -68.98146    14.0823   4.250890    35.4217     72.413     72.978    14.0771   4.250241    35.4207     0.1261 1.4487e-02     0.0122    99.6960      98.58    226.437     5.2046 2.1616e+03          1         15 0.0000e+00
   38.97782  -68.98146    14.0838   4.250690    35.4196     71.329     71.886    14.0859   4.251000    35.4206     0.1436 1.4971e-02     0.0149    99.6274      98.58    226.926     5.2158 2.1512e+03          1         33 0.0000e+00
   38.97780  -68.98143    14.0640   4.247698    35.4128     70.544     71.094    14.0674   4.248247    35.4148     0.1825 1.7477e-02     0.0168    99.5818      98.57    228.436     5.2505 2.1543e+03          1         28 0.0000e+00
   38.97780  -68.98142    14.0480   4.245384    35.4075     69.424     69.965    14.0481   4.245600    35.4094     0.2086 1.8871e-02     0.0169    99.5793      98.57    228.841     5.2598 2.1778e+03          1         29 0.0000e+00
   38.97780  -68.98142    14.0377   4.243921    35.4041     68.490     69.024    14.0354   4.243751    35.4048     0.1958 1.8744e-02     0.0200    99.5022      98.57    228.882     5.2608 2.1689e+03          1         49 0.0000e+00
   38.97780  -68.98142    14.0314   4.243073    35.4027     67.513     68.039    14.0317   4.243144    35.4031     0.1965 1.9138e-02     0.0170    99.5766      98.57    229.091     5.2656 2.1485e+03          1         29 0.0000e+00
   38.97782  -68.98142    14.0347   4.243393    35.4031     66.409     66.926    14.0330   4.243227    35.4033     0.2025 2.0625e-02     0.0166    99.5860      51.29    228.735     5.2574 2.1347e+03          1         36 0.0000e+00
   38.97782  -68.98139    14.0362   4.243547    35.4035     65.723     66.235    14.0355   4.243532    35.4041     0.1885 2.2971e-02     0.0176    99.5626      98.56    228.687     5.2563 2.1499e+03          1         69 0.0000e+00
   38.97782  -68.98136    14.0315   4.242892    35.4025     64.528     65.031    14.0316   4.243009    35.4035     0.2061 2.4990e-02     0.0179    99.5549      98.58    229.161     5.2672 2.1685e+03          1         26 0.0000e+00
   38.97782  -68.98136    14.0064   4.239681    35.3967     63.540     64.034    14.0039   4.239494    35.3974     0.2058 2.6130e-02     0.0178    99.5562      98.58    229.073     5.2652 2.1642e+03          1         29 0.0000e+00
   38.97781  -68.98136    13.8903   4.225160    35.3711     62.533     63.019    13.9013   4.227236    35.3801     0.1899 2.7200e-02     0.0168    99.5822      98.58    229.820     5.2824 2.1702e+03          1         32 0.0000e+00
   38.97780  -68.98136    13.7294   4.202197    35.3076     61.439     61.917    13.7685   4.207867    35.3241     0.2273 2.8698e-02     0.0170    99.5773      98.58    229.701     5.2795 2.1711e+03          1         46 0.0000e+00
   38.97780  -68.98135    13.5733   4.181200    35.2549     60.686     61.158    13.5930   4.184133    35.2641     0.1910 3.1220e-02     0.0164    99.5925      98.58    230.835     5.3056 2.1668e+03          1         39 0.0000e+00
   38.97780  -68.98134    13.3757   4.154649    35.1902     59.486     59.948    13.3912   4.160543    35.2315     0.1924 3.4124e-02     0.0181    99.5484      63.45    231.595     5.3230 2.1852e+03          1         27 0.0000e+00
   38.97780  -68.98134    13.2430   4.138016    35.1571     58.462     58.917    13.2313   4.137276    35.1615     0.1922 3.5975e-02     0.0197    99.5099      73.14    231.785     5.3274 2.1920e+03          1         41 0.0000e+00
   38.97780  -68.98132    13.1337   4.124243    35.1264     57.528     57.975    13.1262   4.123877    35.1303     0.2383 3.7060e-02     0.0200    99.5020      95.73    234.826     5.3972 2.1662e+03          1         90 0.0000e+00
   38.97780  -68.98132    13.0411   4.112053    35.0955     56.652     57.092    13.1237   4.123133    35.1224     0.2313 3.9368e-02     0.0193    99.5199      98.58    235.238     5.4067 2.1442e+03          1         31 0.0000e+00
