Data/ruptures/KN207-01/QL-1/20701029.cnv
* Sea-Bird SBE 9 Data File:
* FileName = C:\Data\ctd\20701029.hex
* Software Version Seasave V 7.21e
* Temperature SN = 4406
* Conductivity SN = 1474
* Number of Bytes Per Scan = 40
* Number of Voltage Words = 5
* Number of Scans Averaged by the Deck Unit = 1
* NMEA Latitude = 38 52.92 N
* NMEA Longitude = 069 02.03 W
* NMEA UTC (Time) = Apr 25 2012 12:06:32
** R/V Knorr Cruise # KN207-01 QL1
** Chief Scientist: Ben Van Mooy
# nquan = 21
# nvalues = 398                         
# units = specified
# name 0 = latitude: Latitude [deg]
# name 1 = longitude: Longitude [deg]
# name 2 = t090C: Temperature [ITS-90, deg C]
# name 3 = c0S/m: Conductivity [S/m]
# name 4 = sal00: Salinity, Practical [PSU]
# name 5 = depSM: Depth [salt water, m]
# name 6 = prDM: Pressure, Digiquartz [db]
# name 7 = t190C: Temperature, 2 [ITS-90, deg C]
# name 8 = c1S/m: Conductivity, 2 [S/m]
# name 9 = sal11: Salinity, Practical, 2 [PSU]
# name 10 = flECO-AFL: Fluorescence, WET Labs ECO-AFL/FL [mg/m^3]
# name 11 = par: PAR/Irradiance, Biospherical/Licor
# name 12 = bat: Beam Attenuation, Chelsea/Seatech [1/m]
# name 13 = xmiss: Beam Transmission, Chelsea/Seatech [%]
# name 14 = altM: Altimeter [m]
# name 15 = sbeox0Mm/Kg: Oxygen, SBE 43 [umol/kg]
# name 16 = sbeox0ML/L: Oxygen, SBE 43 [ml/l]
# name 17 = spar: SPAR/Surface Irradiance
# name 18 = pumps: Pump Status
# name 19 = nbin: number of scans per bin
# name 20 = flag: flag
# span 0 =   38.88043,   38.88210       
# span 1 =  -69.03505,  -69.03395       
# span 2 =    11.3527,    14.7113       
# span 3 =   3.762219,   4.357642       
# span 4 =    32.7188,    35.8326       
# span 5 =      3.078,    200.227       
# span 6 =      3.102,    201.851       
# span 7 =    11.3324,    14.7114       
# span 8 =   3.807249,   4.357575       
# span 9 =    33.1539,    35.8356       
# span 10 =     0.0070,     2.5609      
# span 11 = 1.0000e-12, 8.2831e+01      
# span 12 =    -0.0122,     0.3442      
# span 13 =    91.7556,   100.3051      
# span 14 =      10.14,      98.71      
# span 15 =    145.536,    470.150      
# span 16 =     3.3462,    10.7966      
# span 17 = 4.8933e+02, 5.3312e+02      
# span 18 =          1,          1      
# span 19 =         11,        616      
# span 20 = 0.0000e+00, 0.0000e+00      
# interval = decibars: 1                
# start_time = Apr 25 2012 12:06:32 [NMEA time, header]
# bad_flag = -9.990e-29
*END*
[from data line 207]
   38.88170  -69.03426    13.8565   4.270959    35.7723    191.429    192.977    13.8363   4.268701    35.7705     0.0226 7.1632e-05    -0.0018   100.0472      98.52    146.434     3.3668 5.1542e+02          1         33 0.0000e+00
   38.88170  -69.03426    13.9106   4.276865    35.7766    190.407    191.947    13.8737   4.272518    35.7710     0.0438 3.2549e-06     0.0072    99.8213      98.51    146.667     3.3721 5.0007e+02          1         38 0.0000e+00
   38.88168  -69.03424    13.9089   4.276683    35.7779    189.454    190.986    13.8794   4.273700    35.7777     0.0265 1.0177e-05    -0.0121   100.3018      98.51    146.776     3.3746 5.1406e+02          1        115 0.0000e+00
   38.88168  -69.03426    13.9111   4.277037    35.7796    188.535    190.058    13.9277   4.278339    35.7756     0.0146 3.7481e-06    -0.0119   100.2981      98.52    146.171     3.3607 5.2744e+02          1         33 0.0000e+00
   38.88168  -69.03426    14.0768   4.295846    35.7978    187.482    188.997    14.0030   4.286884    35.7844     0.0333 1.3083e-05    -0.0116   100.2896      98.52    146.065     3.3582 5.1862e+02          1         28 0.0000e+00
   38.88168  -69.03426    14.1356   4.302868    35.8085    186.469    187.975    14.1170   4.299869    35.7977     0.0386 4.8278e-06    -0.0116   100.2892      98.51    146.521     3.3687 5.0713e+02          1         29 0.0000e+00
   38.88168  -69.03426    14.1783   4.307516    35.8124    185.457    186.955    14.1727   4.306477    35.8076     0.0371 8.3724e-05    -0.0119   100.2971      98.52    147.149     3.3831 5.0001e+02          1         32 0.0000e+00
   38.88166  -69.03424    14.1254   4.301501    35.8090    184.718    186.209    14.1344   4.302491    35.8093     0.0290 5.7029e-05    -0.0098   100.2441      98.52    148.062     3.4042 5.1735e+02          1        114 0.0000e+00
   38.88166  -69.03426    14.1907   4.308746    35.8153    183.543    185.024    14.2150   4.310976    35.8129     0.0286 1.1568e-04    -0.0120   100.2994      98.52    147.004     3.3798 5.2144e+02          1         21 0.0000e+00
   38.88166  -69.03428    14.2723   4.317762    35.8223    182.527    184.000    14.2433   4.314322    35.8179     0.0405 3.9369e-05    -0.0115   100.2879      98.52    146.640     3.3714 5.1315e+02          1         22 0.0000e+00
   38.88166  -69.03428    14.3034   4.321056    35.8250    181.363    182.826    14.2947   4.320133    35.8246     0.0405 8.1809e-05    -0.0118   100.2952      98.52    148.324     3.4101 5.0625e+02          1         62 0.0000e+00
   38.88164  -69.03426    14.2314   4.312970    35.8201    180.700    182.157    14.2349   4.313506    35.8217     0.0260 1.2849e-04    -0.0110   100.2756      98.52    150.300     3.4556 5.1638e+02          1         59 0.0000e+00
   38.88164  -69.03426    14.2967   4.320047    35.8246    179.547    180.994    14.3060   4.320879    35.8234     0.0239 1.4774e-04    -0.0122   100.3051      98.52    148.911     3.4236 5.1653e+02          1         32 0.0000e+00
   38.88164  -69.03426    14.3559   4.326110    35.8255    178.524    179.962    14.3399   4.324481    35.8256     0.0311 1.2884e-04    -0.0120   100.3005      98.52    148.989     3.4253 5.1357e+02          1         34 0.0000e+00
   38.88164  -69.03428    14.3664   4.327131    35.8263    177.528    178.959    14.3644   4.326919    35.8261     0.0322 4.4768e-05    -0.0122   100.3043      98.52    151.105     3.4740 5.1274e+02          1         50 0.0000e+00
   38.88164  -69.03428    14.3821   4.328365    35.8241    176.584    178.006    14.3692   4.327336    35.8268     0.0345 9.0043e-05    -0.0066   100.1638      98.52    152.968     3.5168 5.1543e+02          1         73 0.0000e+00
   38.88164  -69.03428    14.3890   4.328680    35.8217    175.673    177.088    14.3761   4.327831    35.8260     0.0314 4.9951e-05    -0.0111   100.2786      98.52    154.125     3.5434 5.1562e+02          1         53 0.0000e+00
   38.88164  -69.03428    14.4028   4.329668    35.8186    174.617    176.023    14.3785   4.327704    35.8233     0.0523 7.5347e-05    -0.0117   100.2934      98.52    155.136     3.5666 5.1451e+02          1         26 0.0000e+00
   38.88164  -69.03428    14.4225   4.330699    35.8100    173.607    175.003    14.4137   4.330000    35.8117     0.0405 6.2784e-06    -0.0114   100.2847      98.52    155.262     3.5695 5.1432e+02          1         21 0.0000e+00
   38.88163  -69.03428    14.4239   4.330393    35.8067    172.489    173.877    14.4217   4.330412    35.8088     0.0263 3.2291e-05    -0.0113   100.2821      98.52    157.578     3.6227 5.1366e+02          1         44 0.0000e+00
   38.88162  -69.03428    14.4066   4.329472    35.8155    171.750    173.131    14.4108   4.329668    35.8132     0.0304 7.9324e-05    -0.0107   100.2674      98.52    161.530     3.7136 5.1465e+02          1         39 0.0000e+00
   38.88162  -69.03430    14.4199   4.329977    35.8082    170.635    172.007    14.4196   4.329868    35.8074     0.0284 2.0834e-04    -0.0113   100.2823      98.53    157.014     3.6098 5.1767e+02          1         28 0.0000e+00
   38.88162  -69.03430    14.4211   4.328652    35.7954    169.611    170.974    14.4200   4.329071    35.8002     0.0226 2.1762e-04    -0.0111   100.2779      98.53    158.096     3.6346 5.1968e+02          1         35 0.0000e+00
   38.88162  -69.03430    14.4173   4.326693    35.7815    168.600    169.955    14.4156   4.326785    35.7839     0.0238 5.3758e-05    -0.0110   100.2763      98.53    163.356     3.7554 5.1708e+02          1         57 0.0000e+00
   38.88162  -69.03430    14.4215   4.326553    35.7767    167.692    169.038    14.4160   4.326419    35.7806     0.0437 7.2667e-05    -0.0042   100.1064      98.53    165.644     3.8080 5.1063e+02          1         60 0.0000e+00
   38.88162  -69.03430    14.4285   4.327040    35.7751    166.679    168.017    14.4184   4.326522    35.7798     0.0320 4.0096e-05    -0.0093   100.2338      98.53    165.861     3.8130 5.1955e+02          1         47 0.0000e+00
   38.88160  -69.03430    14.4561   4.329322    35.7706    165.728    167.058    14.4325   4.327643    35.7773     0.0380 2.5193e-05    -0.0067   100.1678      98.52    166.126     3.8191 5.2430e+02          1         45 0.0000e+00
   38.88160  -69.03430    14.4822   4.332120    35.7724    164.698    166.019    14.4733   4.331130    35.7714     0.0382 1.0785e-04    -0.0105   100.2627      98.53    167.480     3.8502 5.1685e+02          1         34 0.0000e+00
   38.88160  -69.03430    14.5056   4.334644    35.7742    163.668    164.981    14.4869   4.332653    35.7734     0.0227 1.6058e-04    -0.0111   100.2786      98.52    169.274     3.8914 5.0874e+02          1         29 0.0000e+00
   38.88160  -69.03430    14.5110   4.335320    35.7764    162.689    163.994    14.5028   4.334556    35.7769     0.0237 1.6090e-04    -0.0104   100.2598      98.53    172.823     3.9730 5.1554e+02          1        111 0.0000e+00
   38.88160  -69.03430    14.5128   4.335499    35.7771    161.759    163.056    14.5162   4.335743    35.7760     0.0217 3.2601e-04    -0.0106   100.2663      98.53    172.808     3.9727 5.2152e+02          1         25 0.0000e+00
   38.88158  -69.03432    14.5437   4.338952    35.7803    160.727    162.015    14.5375   4.337974    35.7770     0.0105 3.6114e-04    -0.0103   100.2578      98.53    171.724     3.9477 5.2006e+02          1         21 0.0000e+00
   38.88158  -69.03432    14.6098   4.346449    35.7875    159.679    160.959    14.5988   4.344540    35.7801     0.0269 3.8504e-04    -0.0106   100.2658      98.53    172.008     3.9542 5.1614e+02          1         26 0.0000e+00
   38.88158  -69.03432    14.6501   4.351020    35.7928    158.610    159.881    14.6361   4.349738    35.7941     0.0356 2.7466e-04    -0.0103   100.2589      98.53    177.163     4.0727 5.1167e+02          1         68 0.0000e+00
   38.88158  -69.03432    14.5694   4.341783    35.7852    157.834    159.098    14.5428   4.338932    35.7838     0.0286 2.4230e-04    -0.0103   100.2585      98.52    179.066     4.1165 5.1892e+02          1        123 0.0000e+00
   38.88156  -69.03434    14.6061   4.345858    35.7887    156.784    158.039    14.6010   4.344336    35.7789     0.0343 4.0971e-04    -0.0107   100.2695      98.53    176.400     4.0552 5.2453e+02          1         34 0.0000e+00
   38.88156  -69.03434    14.6811   4.352959    35.7839    155.686    156.932    14.6769   4.352734    35.7854     0.0253 2.9559e-04    -0.0096   100.2400      98.52    178.295     4.0987 5.1235e+02          1         38 0.0000e+00
   38.88156  -69.03434    14.6764   4.352219    35.7827    155.018    156.258    14.6696   4.351811    35.7851     0.0294 2.7080e-04    -0.0105   100.2630      98.53    186.705     4.2920 5.1085e+02          1         79 0.0000e+00
   38.88154  -69.03436    14.6785   4.351934    35.7795    153.695    154.924    14.6763   4.351901    35.7809     0.0282 1.2367e-04    -0.0100   100.2505      98.53    186.867     4.2957 5.1751e+02          1         32 0.0000e+00
   38.88154  -69.03435    14.6760   4.351595    35.7794    152.837    154.059    14.6752   4.351648    35.7805     0.0227 1.8867e-04    -0.0100   100.2491      98.53    189.554     4.3575 5.1777e+02          1        130 0.0000e+00
   38.88152  -69.03436    14.6792   4.351303    35.7744    151.788    153.001    14.6780   4.351456    35.7768     0.0258 5.4962e-04    -0.0103   100.2587      98.53    192.479     4.4247 5.1637e+02          1         49 0.0000e+00
   38.88152  -69.03436    14.6827   4.351110    35.7697    150.938    152.144    14.6813   4.351305    35.7728     0.0290 4.3772e-04    -0.0088   100.2206      98.53    193.950     4.4585 5.1821e+02          1        128 0.0000e+00
   38.88149  -69.03439    14.6849   4.349638    35.7548    149.947    151.145    14.6845   4.349792    35.7566     0.0313 3.7375e-04    -0.0099   100.2489      98.53    200.100     4.5998 5.1077e+02          1        346 0.0000e+00
   38.88146  -69.03442    14.6819   4.348822    35.7506    148.746    149.933    14.6806   4.348714    35.7509     0.0221 7.4159e-05    -0.0098   100.2465      98.53    202.786     4.6616 5.0845e+02          1         32 0.0000e+00
   38.88145  -69.03443    14.6795   4.348363    35.7490    147.857    149.037    14.6755   4.347745    35.7471     0.0240 3.3904e-04    -0.0100   100.2495      98.53    202.428     4.6533 5.2062e+02          1         76 0.0000e+00
   38.88144  -69.03444    14.6713   4.346525    35.7403    146.853    148.025    14.6679   4.346012    35.7387     0.0294 1.5907e-04    -0.0097   100.2438      98.53    202.803     4.6619 5.2755e+02          1         34 0.0000e+00
   38.88144  -69.03444    14.6611   4.344377    35.7305    145.852    147.016    14.6544   4.343484    35.7285     0.0325 3.4235e-04    -0.0094   100.2348      98.54    203.307     4.6735 5.2370e+02          1         27 0.0000e+00
   38.88144  -69.03444    14.6430   4.340910    35.7160    144.848    146.003    14.6415   4.340813    35.7165     0.0321 4.2936e-04    -0.0099   100.2471      98.54    204.790     4.7075 5.1893e+02          1         22 0.0000e+00
   38.88144  -69.03444    14.6380   4.339985    35.7125    143.868    145.015    14.6364   4.339840    35.7126     0.0271 4.9755e-04    -0.0095   100.2386      98.53    205.874     4.7325 5.1590e+02          1         18 0.0000e+00
   38.88144  -69.03444    14.6322   4.338967    35.7090    142.875    144.013    14.6324   4.339142    35.7103     0.0226 1.0000e-12    -0.0091   100.2272      98.53    207.305     4.7653 5.1424e+02          1         15 0.0000e+00
   38.88144  -69.03444    14.6295   4.338449    35.7070    141.854    142.984    14.6297   4.338632    35.7084     0.0154 1.0000e-12    -0.0090   100.2240      98.53    209.069     4.8059 5.1389e+02          1         16 0.0000e+00
   38.88144  -69.03444    14.6260   4.337860    35.7052    140.824    141.946    14.6235   4.337715    35.7062     0.0271 1.0000e-12    -0.0087   100.2172      98.53    210.166     4.8311 5.1317e+02          1         18 0.0000e+00
   38.88144  -69.03444    14.6205   4.336967    35.7025    139.712    140.825    14.6190   4.336789    35.7022     0.0415 1.0000e-12    -0.0084   100.2082      98.53    211.252     4.8561 5.1462e+02          1         54 0.0000e+00
   38.88142  -69.03444    14.6281   4.338195    35.7067    139.042    140.149    14.6291   4.338488    35.7084     0.0240 1.0000e-12    -0.0083   100.2079      98.53    212.422     4.8830 5.1980e+02          1         40 0.0000e+00
   38.88142  -69.03444    14.6148   4.335932    35.6988    137.901    138.999    14.6145   4.336304    35.7025     0.0070 1.0000e-12    -0.0084   100.2083      98.53    211.774     4.8681 5.2655e+02          1         19 0.0000e+00
   38.88142  -69.03444    14.5835   4.331010    35.6834    136.884    137.973    14.5785   4.331070    35.6886     0.0077 1.0000e-12    -0.0086   100.2143      98.54    211.134     4.8533 5.2930e+02          1         14 0.0000e+00
   38.88142  -69.03444    14.5609   4.327750    35.6749    135.911    136.992    14.5620   4.328370    35.6795     0.0113 1.0000e-12    -0.0081   100.2015      98.53    210.854     4.8469 5.3030e+02          1         15 0.0000e+00
   38.88142  -69.03444    14.5548   4.326821    35.6723    134.914    135.987    14.5484   4.326205    35.6727     0.0218 1.0000e-12    -0.0078   100.1951      98.53    211.337     4.8580 5.2894e+02          1         16 0.0000e+00
   38.88142  -69.03444    14.5361   4.324107    35.6652    133.907    134.971    14.5383   4.324703    35.6686     0.0350 1.0000e-12    -0.0079   100.1964      98.53    212.979     4.8957 5.2442e+02          1         20 0.0000e+00
   38.88142  -69.03446    14.5247   4.322378    35.6601    132.897    133.952    14.5323   4.323996    35.6679     0.0306 1.0000e-12    -0.0071   100.1787      98.53    215.349     4.9502 5.1495e+02          1         27 0.0000e+00
   38.88142  -69.03446    14.5198   4.321574    35.6574    131.922    132.970    14.5239   4.322218    35.6595     0.0216 2.6290e-05    -0.0070   100.1738      98.53    216.236     4.9706 5.0753e+02          1         38 0.0000e+00
   38.88142  -69.03446    14.5163   4.321053    35.6559    130.983    132.024    14.5179   4.321513    35.6586     0.0281 1.0000e-12    -0.0063   100.1570      98.53    216.399     4.9743 5.1552e+02          1         37 0.0000e+00
   38.88142  -69.03446    14.5183   4.321283    35.6563    129.974    131.006    14.5152   4.321182    35.6582     0.0429 1.0068e-04    -0.0068   100.1710      98.54    216.750     4.9824 5.2808e+02          1         27 0.0000e+00
   38.88140  -69.03446    14.4889   4.317024    35.6449    128.953    129.976    14.4771   4.316012    35.6467     0.0208 4.0796e-07    -0.0069   100.1719      98.53    217.126     4.9910 5.3301e+02          1         20 0.0000e+00
   38.88140  -69.03446    14.4649   4.313599    35.6362    127.983    128.998    14.4629   4.313628    35.6383     0.0208 1.0000e-12    -0.0071   100.1776      98.53    216.926     4.9864 5.3185e+02          1         14 0.0000e+00
   38.88140  -69.03446    14.4525   4.311773    35.6313    127.016    128.023    14.4506   4.311843    35.6336     0.0231 1.0000e-12    -0.0068   100.1707      98.53    216.758     4.9825 5.2702e+02          1         15 0.0000e+00
   38.88140  -69.03446    14.4296   4.308507    35.6229    125.981    126.980    14.4207   4.308040    35.6270     0.0292 1.0000e-12    -0.0050   100.1244      98.54    216.867     4.9850 5.2101e+02          1         14 0.0000e+00
   38.88140  -69.03446    14.4023   4.304768    35.6143    124.949    125.939    14.4021   4.305075    35.6173     0.0226 1.0000e-12    -0.0057   100.1415      98.54    217.518     5.0000 5.1404e+02          1         18 0.0000e+00
