Data/ruptures/KN207-01/QL-1/20701019.cnv
* Sea-Bird SBE 9 Data File:
* FileName = C:\Data\ctd\20701019.hex
* Software Version Seasave V 7.21e
* Temperature SN = 4406
* Conductivity SN = 1474
* Number of Bytes Per Scan = 40
* Number of Voltage Words = 5
* Number of Scans Averaged by the Deck Unit = 1
* NMEA Latitude = 38 58.66 N
* NMEA Longitude = 068 59.89 W
* NMEA UTC (Time) = Apr 24 2012 10:16:26
** R/V Knorr Cruise # KN207-01 QL1
** Chief Scientist: Ben Van Mooy
# nquan = 21
# nvalues = 399                         
# units = specified
# name 0 = latitude: Latitude [deg]
# name 1 = longitude: Longitude [deg]
# name 2 = t090C: Temperature [ITS-90, deg C]
# name 3 = c0S/m: Conductivity [S/m]
# name 4 = sal00: Salinity, Practical [PSU]
# name 5 = depSM: Depth [salt water, m]
# name 6 = prDM: Pressure, Digiquartz [db]
# name 7 = t190C: Temperature, 2 [ITS-90, deg C]
# name 8 = c1S/m: Conductivity, 2 [S/m]
# name 9 = sal11: Salinity, Practical, 2 [PSU]
# name 10 = flECO-AFL: Fluorescence, WET Labs ECO-AFL/FL [mg/m^3]
# name 11 = par: PAR/Irradiance, Biospherical/Licor
# name 12 = bat: Beam Attenuation, Chelsea/Seatech [1/m]
# name 13 = xmiss: Beam Transmission, Chelsea/Seatech [%]
# name 14 = altM: Altimeter [m]
# name 15 = sbeox0Mm/Kg: Oxygen, SBE 43 [umol/kg]
# name 16 = sbeox0ML/L: Oxygen, SBE 43 [ml/l]
# name 17 = spar: SPAR/Surface Irradiance
# name 18 = pumps: Pump Status
# name 19 = nbin: number of scans per bin
# name 20 = flag: flag
# span 0 =   38.97780,   38.97785       
# span 1 =  -68.99828,  -68.99493       
# span 2 =    11.0760,    14.6681       
# span 3 =   3.775687,   4.355469       
# span 4 =    32.7150,    35.8250       
# span 5 =      3.038,    199.978       
# span 6 =      3.061,    201.602       
# span 7 =    11.0724,    14.6681       
# span 8 =   3.826129,   4.355591       
# span 9 =    33.5435,    35.8267       
# span 10 =     0.0030,     2.6380      
# span 11 = 1.0000e-12, 7.3520e+00      
# span 12 =    -0.0151,     0.3138      
# span 13 =    92.4540,   100.3780      
# span 14 =       6.04,      98.63      
# span 15 =    146.309,    409.217      
# span 16 =     3.3639,     9.3981      
# span 17 = 9.1307e+01, 1.1555e+03      
# span 18 =          1,          1      
# span 19 =         10,        752      
# span 20 = 0.0000e+00, 0.0000e+00      
# interval = decibars: 1                
# start_time = Apr 24 2012 10:16:26 [NMEA time, header]
# bad_flag = -9.990e-29
*END*
[from data line 276]
   38.97782  -68.99662    14.3463   4.297039    35.5942    124.062    125.046    14.3903   4.303567    35.6133     0.0245 6.1189e-04    -0.0092   100.2294      98.57    211.558     4.8630 1.9184e+02          1         23 0.0000e+00
   38.97782  -68.99662    14.3100   4.291712    35.5793    123.035    124.011    14.3361   4.296721    35.6014     0.0069 6.4402e-04    -0.0094   100.2341      98.57    211.337     4.8579 1.9184e+02          1         15 0.0000e+00
   38.97782  -68.99662    14.2666   4.285486    35.5627    122.038    123.005    14.2741   4.287579    35.5755     0.0176 6.4267e-04    -0.0092   100.2290      98.57    211.543     4.8626 1.9200e+02          1         14 0.0000e+00
   38.97782  -68.99662    14.2437   4.282271    35.5546    121.017    121.976    14.2352   4.281967    35.5602     0.0226 6.4768e-04    -0.0090   100.2238      98.57    211.928     4.8714 1.9184e+02          1         15 0.0000e+00
   38.97782  -68.99660    14.2078   4.277326    35.5425    119.929    120.879    14.2110   4.277998    35.5460     0.0367 6.4861e-04    -0.0082   100.2039      98.57    212.885     4.8934 1.9177e+02          1         32 0.0000e+00
   38.97782  -68.99660    14.2386   4.281756    35.5538    119.169    120.113    14.2228   4.279369    35.5468     0.0420 6.0939e-04    -0.0079   100.1961      98.57    213.868     4.9160 1.9272e+02          1         48 0.0000e+00
   38.97782  -68.99660    14.1978   4.275742    35.5365    118.066    119.001    14.2153   4.278518    35.5458     0.0418 5.9481e-04    -0.0077   100.1929      98.55    214.743     4.9361 1.9395e+02          1         18 0.0000e+00
   38.97782  -68.99660    14.1705   4.271954    35.5271    117.075    118.001    14.1837   4.274762    35.5410     0.0359 5.8736e-04    -0.0072   100.1813      98.56    214.319     4.9264 1.9407e+02          1         14 0.0000e+00
   38.97782  -68.99660    14.1584   4.270296    35.5233    116.071    116.989    14.1591   4.270669    35.5263     0.0297 6.5460e-04    -0.0078   100.1942      98.56    213.973     4.9184 1.9407e+02          1         14 0.0000e+00
   38.97782  -68.99660    14.1494   4.268965    35.5195    115.056    115.966    14.1474   4.268994    35.5219     0.0226 6.3292e-04    -0.0070   100.1758      98.57    213.963     4.9182 1.9407e+02          1         15 0.0000e+00
   38.97782  -68.99660    14.1373   4.267262    35.5152    114.006    114.908    14.1390   4.267797    35.5187     0.0405 6.0457e-04    -0.0071   100.1770      98.56    214.635     4.9336 1.9397e+02          1         22 0.0000e+00
   38.97782  -68.99660    14.1039   4.262526    35.5024    113.035    113.929    14.1143   4.264134    35.5077     0.0316 6.0035e-04    -0.0072   100.1796      98.57    216.058     4.9663 1.9418e+02          1         41 0.0000e+00
   38.97782  -68.99660    14.1299   4.266274    35.5123    112.160    113.047    14.1162   4.264334    35.5073     0.0328 5.9446e-04    -0.0071   100.1780      98.57    216.593     4.9786 1.9509e+02          1         35 0.0000e+00
   38.97782  -68.99660    14.0837   4.259529    35.4932    111.119    111.997    14.1103   4.263440    35.5045     0.0233 6.0071e-04    -0.0067   100.1679      98.57    217.295     4.9948 1.9579e+02          1         26 0.0000e+00
   38.97782  -68.99660    14.0203   4.250560    35.4696    110.135    111.005    14.0400   4.255539    35.4976     0.0524 6.0182e-04    -0.0065   100.1623      98.57    217.058     4.9893 1.9577e+02          1         21 0.0000e+00
   38.97782  -68.99660    13.9768   4.244546    35.4545    109.168    110.030    13.9842   4.246303    35.4641     0.0581 6.0432e-04    -0.0067   100.1681      98.57    217.028     4.9886 1.9608e+02          1         20 0.0000e+00
   38.97782  -68.99660    13.9439   4.239811    35.4413    108.165    109.019    13.9635   4.243242    35.4550     0.0332 6.0708e-04    -0.0063   100.1572      98.56    217.844     5.0073 1.9605e+02          1         18 0.0000e+00
   38.97782  -68.99660    13.9206   4.236571    35.4331    107.167    108.013    13.9326   4.238997    35.4446     0.0294 6.1448e-04    -0.0067   100.1689      98.57    218.824     5.0298 1.9585e+02          1         15 0.0000e+00
   38.97782  -68.99660    13.9131   4.235427    35.4294    106.161    106.999    13.9149   4.236223    35.4354     0.0449 6.4665e-04    -0.0071   100.1776      98.57    219.366     5.0423 1.9630e+02          1         14 0.0000e+00
   38.97782  -68.99659    13.8967   4.233093    35.4232    105.167    105.997    13.8926   4.233326    35.4294     0.0276 6.5060e-04    -0.0069   100.1740      98.56    219.061     5.0353 1.9630e+02          1         14 0.0000e+00
   38.97782  -68.99658    13.8668   4.228871    35.4119    104.133    104.954    13.8751   4.230168    35.4164     0.0189 6.5981e-04    -0.0060   100.1501      98.57    218.566     5.0239 1.9662e+02          1         21 0.0000e+00
   38.97782  -68.99658    13.8976   4.233387    35.4239    103.421    104.236    13.8984   4.233554    35.4249     0.0365 6.8241e-04    -0.0047   100.1169      98.57    220.296     5.0636 1.9795e+02          1         89 0.0000e+00
   38.97782  -68.99658    13.8925   4.232425    35.4194    102.209    103.014    13.8802   4.231031    35.4182     0.0377 6.5139e-04    -0.0059   100.1484      98.57    220.726     5.0735 1.9749e+02          1         15 0.0000e+00
   38.97782  -68.99658    13.8605   4.227800    35.4067    101.207    102.005    13.8621   4.228427    35.4111     0.0371 6.8560e-04    -0.0046   100.1158      98.57    220.063     5.0583 1.9723e+02          1         12 0.0000e+00
   38.97782  -68.99658    13.8478   4.225832    35.4006    100.226    101.016    13.8487   4.226268    35.4039     0.0488 7.3316e-04    -0.0037   100.0917      98.57    219.612     5.0479 1.9650e+02          1         11 0.0000e+00
   38.97782  -68.99658    13.8476   4.225603    35.3988     99.206     99.987    13.8483   4.225826    35.4002     0.0512 7.5047e-04    -0.0021   100.0516      98.57    219.316     5.0411 1.9686e+02          1         12 0.0000e+00
   38.97782  -68.99658    13.8332   4.223490    35.3928     98.183     98.955    13.8387   4.224928    35.4011     0.0520 8.3814e-04    -0.0028   100.0710      98.57    219.537     5.0461 1.9664e+02          1         13 0.0000e+00
   38.97782  -68.99658    13.8107   4.220545    35.3867     97.185     97.950    13.8224   4.222383    35.3930     0.0539 8.3612e-04    -0.0028   100.0715      98.57    220.473     5.0677 1.9709e+02          1         17 0.0000e+00
   38.97782  -68.99658    13.7985   4.218852    35.3824     96.207     96.963    13.8106   4.220674    35.3881     0.0594 8.2950e-04    -0.0028   100.0692      98.57    222.177     5.1068 1.9845e+02          1         27 0.0000e+00
   38.97782  -68.99657    13.8270   4.222814    35.3923     95.280     96.029    13.8173   4.221360    35.3879     0.0499 8.2950e-04    -0.0035   100.0891      98.57    223.750     5.1430 1.9997e+02          1         48 0.0000e+00
   38.97782  -68.99656    13.7973   4.218803    35.3828     94.283     95.024    13.8234   4.222683    35.3945     0.0413 8.4477e-04    -0.0039   100.0979      98.57    223.970     5.1480 2.0076e+02          1         33 0.0000e+00
   38.97782  -68.99656    13.7846   4.216795    35.3761     93.259     93.992    13.7974   4.218805    35.3829     0.0455 8.9130e-04    -0.0036   100.0916      98.58    223.724     5.1424 2.0038e+02          1         29 0.0000e+00
   38.97782  -68.99656    13.7730   4.215257    35.3727     92.286     93.011    13.7755   4.216028    35.3777     0.0384 9.5292e-04    -0.0045   100.1131      98.57    223.939     5.1473 1.9933e+02          1         25 0.0000e+00
   38.97782  -68.99656    13.7442   4.211298    35.3630     91.320     92.037    13.7508   4.212743    35.3704     0.0422 9.9796e-04    -0.0037   100.0938      98.57    223.960     5.1478 1.9938e+02          1         21 0.0000e+00
   38.97782  -68.99656    13.7206   4.208009    35.3546     90.330     91.039    13.7269   4.209302    35.3609     0.0446 1.0105e-03    -0.0041   100.1044      98.57    224.348     5.1567 1.9989e+02          1         18 0.0000e+00
   38.97782  -68.99656    13.7120   4.206719    35.3508     89.314     90.015    13.7132   4.207188    35.3542     0.0483 1.0844e-03    -0.0038   100.0957      98.57    224.513     5.1605 2.0037e+02          1         17 0.0000e+00
   38.97782  -68.99656    13.7196   4.207416    35.3503     88.292     88.985    13.7184   4.207344    35.3509     0.0597 1.1332e-03    -0.0032   100.0816      98.57    224.334     5.1564 2.0076e+02          1         18 0.0000e+00
   38.97782  -68.99656    13.7330   4.208895    35.3516     87.290     87.975    13.7287   4.208276    35.3500     0.0589 1.1679e-03    -0.0008   100.0187      98.57    223.824     5.1446 2.0076e+02          1         18 0.0000e+00
   38.97782  -68.99656    13.7467   4.210507    35.3540     86.320     86.997    13.7400   4.209703    35.3529     0.0722 1.1679e-03     0.0012    99.9690      98.57    223.854     5.1453 2.0087e+02          1         21 0.0000e+00
   38.97782  -68.99654    13.7581   4.211834    35.3559     85.311     85.979    13.7469   4.210621    35.3552     0.0728 1.1679e-03     0.0017    99.9584      98.58    224.790     5.1668 2.0113e+02          1         24 0.0000e+00
   38.97782  -68.99654    13.7835   4.214968    35.3615     84.319     84.980    13.7602   4.212170    35.3573     0.0612 1.1875e-03     0.0026    99.9356      98.57    225.607     5.1856 2.0222e+02          1         32 0.0000e+00
   38.97782  -68.99654    13.7962   4.216434    35.3637     83.362     84.015    13.7849   4.215354    35.3642     0.0816 1.2473e-03     0.0037    99.9086      98.57    225.924     5.1929 2.0270e+02          1         38 0.0000e+00
   38.97782  -68.99654    13.7358   4.208609    35.3480     82.383     83.028    13.7826   4.214935    35.3628     0.0779 1.3525e-03     0.0044    99.8910      98.57    226.305     5.2016 2.0299e+02          1         26 0.0000e+00
   38.97782  -68.99654    13.6214   4.193645    35.3160     81.371     82.008    13.7441   4.210360    35.3568     0.1019 1.4718e-03     0.0051    99.8718      98.57    227.101     5.2199 2.0289e+02          1         23 0.0000e+00
   38.97782  -68.99654    13.5573   4.185254    35.2976     80.331     80.960    13.6036   4.192789    35.3251     0.1242 1.5953e-03     0.0067    99.8320      98.57    226.880     5.2149 2.0257e+02          1         32 0.0000e+00
   38.97782  -68.99654    13.5970   4.189760    35.3019     79.445     80.066    13.5967   4.190381    35.3086     0.1379 1.6638e-03     0.0068    99.8297      98.57    227.203     5.2222 2.0205e+02          1         26 0.0000e+00
   38.97782  -68.99654    13.7200   4.205142    35.3299     78.410     79.024    13.6046   4.190497    35.3022     0.1350 1.7998e-03     0.0084    99.7902      98.57    227.468     5.2283 2.0220e+02          1         17 0.0000e+00
   38.97782  -68.99654    13.7701   4.211227    35.3400     77.397     78.002    13.7415   4.204787    35.3068     0.1305 1.8325e-03     0.0111    99.7217      98.56    228.127     5.2434 2.0225e+02          1         12 0.0000e+00
   38.97782  -68.99654    13.8150   4.216923    35.3514     76.411     77.008    13.8163   4.216186    35.3434     0.1256 1.9455e-03     0.0130    99.6745      98.59    228.739     5.2575 2.0243e+02          1         12 0.0000e+00
   38.97782  -68.99652    13.8337   4.219190    35.3555     75.409     75.999    13.8335   4.218844    35.3525     0.1275 2.0391e-03     0.0483    98.8006      98.12    229.156     5.2671 2.0299e+02          1         12 0.0000e+00
   38.97782  -68.99652    13.8438   4.220325    35.3572     74.405     74.986    13.8443   4.220249    35.3562     0.1410 2.1582e-03     0.0358    99.1100      98.55    229.453     5.2739 2.0299e+02          1         13 0.0000e+00
   38.97782  -68.99652    13.8565   4.221948    35.3611     73.375     73.948    13.8513   4.221245    35.3595     0.1530 2.2389e-03     0.0148    99.6296      98.58    229.904     5.2843 2.0410e+02          1         20 0.0000e+00
   38.97782  -68.99652    13.8463   4.220637    35.3596     72.583     73.149    13.8316   4.218907    35.3574     0.1761 2.3125e-03     0.0152    99.6217      98.57    229.548     5.2761 2.0513e+02          1         97 0.0000e+00
   38.97784  -68.99650    13.8447   4.220402    35.3600     71.472     72.029    13.8450   4.220277    35.3583     0.1774 2.5395e-03     0.0149    99.6291      98.57    229.390     5.2725 2.0448e+02          1         15 0.0000e+00
   38.97784  -68.99650    13.8446   4.219887    35.3558     70.469     71.019    13.8429   4.220912    35.3669     0.1776 2.7396e-03     0.0149    99.6281      98.58    229.438     5.2736 2.0419e+02          1         13 0.0000e+00
   38.97784  -68.99650    13.4961   4.172792    35.2440     69.473     70.015    13.5748   4.192646    35.3564     0.1708 2.9997e-03     0.0149    99.6274      98.57    231.374     5.3180 2.0411e+02          1         12 0.0000e+00
   38.97784  -68.99650    13.2106   4.137801    35.1842     68.441     68.974    13.2998   4.155053    35.2630     0.1333 3.2597e-03     0.0116    99.7113      98.57    232.635     5.3471 2.0379e+02          1         14 0.0000e+00
   38.97784  -68.99650    12.9901   4.108450    35.1140     67.415     67.940    13.0266   4.117498    35.1659     0.1359 3.4605e-03     0.0092    99.7709      98.58    232.160     5.3361 2.0397e+02          1         16 0.0000e+00
   38.97784  -68.99650    12.8190   4.085704    35.0581     66.441     66.959    12.8881   4.098272    35.1128     0.1458 3.6636e-03     0.0084    99.7914      98.58    230.552     5.2991 2.0448e+02          1         21 0.0000e+00
   38.97782  -68.99651    12.6286   4.061343    35.0035     65.498     66.008    12.7536   4.079643    35.0604     0.1655 3.8017e-03     0.0092    99.7691      98.58    231.466     5.3201 2.0522e+02          1         28 0.0000e+00
   38.97782  -68.99652    12.5576   4.052489    34.9823     64.509     65.011    12.6103   4.060769    35.0126     0.1625 3.9013e-03     0.0106    99.7352      98.57    234.471     5.3891 2.0633e+02          1         36 0.0000e+00
   38.97782  -68.99652    12.5090   4.045896    34.9617     63.570     64.065    12.5066   4.047143    34.9770     0.1566 3.9714e-03     0.0101    99.7465      98.58    237.060     5.4486 2.0619e+02          1         30 0.0000e+00
   38.97782  -68.99652    12.4410   4.037168    34.9401     62.532     63.019    12.5611   4.052907    34.9778     0.1653 4.1844e-03     0.0117    99.7090      98.57    237.632     5.4617 2.0611e+02          1         25 0.0000e+00
   38.97782  -68.99648    12.3915   4.030877    34.9247     61.522     62.000    12.4123   4.036473    34.9601     0.1776 4.4904e-03     0.0130    99.6757      98.57    237.934     5.4686 2.0613e+02          1         22 0.0000e+00
   38.97782  -68.99646    12.2936   4.018149    34.8935     60.552     61.023    12.3155   4.022401    34.9148     0.1998 4.8543e-03     0.0144    99.6414      98.57    238.783     5.4881 2.0624e+02          1         24 0.0000e+00
   38.97782  -68.99646    12.2346   4.009839    34.8677     59.577     60.040    12.2629   4.014409    34.8859     0.2064 5.3612e-03     0.0149    99.6270      98.57    239.358     5.5013 2.0689e+02          1         20 0.0000e+00
   38.97782  -68.99646    12.1599   3.999992    34.8424     58.561     59.017    12.2288   4.011465    34.8888     0.1832 5.9706e-03     0.0184    99.5407      98.58    239.434     5.5030 2.0719e+02          1         17 0.0000e+00
   38.97782  -68.99646    12.0422   3.984392    34.8024     57.551     57.998    12.0766   3.991432    34.8390     0.1962 6.5883e-03     0.0230    99.4271      98.57    239.963     5.5151 2.0703e+02          1         16 0.0000e+00
