Data/ruptures/KN207-01/QL-1/20701032.cnv
* Sea-Bird SBE 9 Data File:
* FileName = C:\Data\ctd\20701032.hex
* Software Version Seasave V 7.21e
* Temperature SN = 4406
* Conductivity SN = 1474
* Number of Bytes Per Scan = 40
* Number of Voltage Words = 5
* Number of Scans Averaged by the Deck Unit = 1
* NMEA Latitude = 38 51.83 N
* NMEA Longitude = 069 04.39 W
* NMEA UTC (Time) = Apr 25 2012 18:04:30
** R/V Knorr Cruise # KN207-01 QL1
** Chief Scientist: Ben Van Mooy
# nquan = 21
# nvalues = 396                         
# units = specified
# name 0 = latitude: Latitude [deg]
# name 1 = longitude: Longitude [deg]
# name 2 = t090C: Temperature [ITS-90, deg C]
# name 3 = c0S/m: Conductivity [S/m]
# name 4 = sal00: Salinity, Practical [PSU]
# name 5 = depSM: Depth [salt water, m]
# name 6 = prDM: Pressure, Digiquartz [db]
# name 7 = t190C: Temperature, 2 [ITS-90, deg C]
# name 8 = c1S/m: Conductivity, 2 [S/m]
# name 9 = sal11: Salinity, Practical, 2 [PSU]
# name 10 = flECO-AFL: Fluorescence, WET Labs ECO-AFL/FL [mg/m^3]
# name 11 = par: PAR/Irradiance, Biospherical/Licor
# name 12 = bat: Beam Attenuation, Chelsea/Seatech [1/m]
# name 13 = xmiss: Beam Transmission, Chelsea/Seatech [%]
# name 14 = altM: Altimeter [m]
# name 15 = sbeox0Mm/Kg: Oxygen, SBE 43 [umol/kg]
# name 16 = sbeox0ML/L: Oxygen, SBE 43 [ml/l]
# name 17 = spar: SPAR/Surface Irradiance
# name 18 = pumps: Pump Status
# name 19 = nbin: number of scans per bin
# name 20 = flag: flag
# span 0 =   38.86400,   38.86628       
# span 1 =  -69.07467,  -69.07328       
# span 2 =    11.2058,    14.6704       
# span 3 =   3.815199,   4.350862       
# span 4 =    32.7294,    35.8253       
# span 5 =      2.923,    199.162       
# span 6 =      2.946,    200.777       
# span 7 =    11.1627,    14.6702       
# span 8 =   3.865732,   4.350910       
# span 9 =    33.7136,    35.8293       
# span 10 =     0.0038,     2.6557      
# span 11 = 1.0000e-12, 1.1280e+02      
# span 12 =    -0.0141,     0.3464      
# span 13 =    91.7058,   100.3526      
# span 14 =      39.27,      98.63      
# span 15 =    141.551,    410.459      
# span 16 =     3.2547,     9.4259      
# span 17 = 2.5396e+03, 2.5610e+03      
# span 18 =          1,          1      
# span 19 =         13,        464      
# span 20 = 0.0000e+00, 0.0000e+00      
# interval = decibars: 1                
# start_time = Apr 25 2012 18:04:30 [NMEA time, header]
# bad_flag = -9.990e-29
*END*
[from data line 138]
   38.86458  -69.07374    14.5451   4.326242    35.6692    140.843    141.965    14.5471   4.326352    35.6684     0.0109 1.0000e-12    -0.0081   100.2021      98.56    218.422     5.0208 2.5561e+03          1         45 0.0000e+00
   38.86458  -69.07374    14.5854   4.332770    35.6914    141.808    142.938    14.5859   4.332739    35.6907     0.0315 1.0000e-12    -0.0086   100.2158      98.56    217.777     5.0060 2.5537e+03          1         27 0.0000e+00
   38.86458  -69.07376    14.5963   4.334785    35.6997    142.841    143.980    14.5965   4.334546    35.6973     0.0447 1.0000e-12    -0.0095   100.2370      98.56    217.448     4.9985 2.5514e+03          1         21 0.0000e+00
   38.86458  -69.07376    14.6358   4.342143    35.7300    143.868    145.015    14.6368   4.341292    35.7212     0.0352 1.0000e-12    -0.0093   100.2315      98.56    216.320     4.9727 2.5500e+03          1         18 0.0000e+00
   38.86458  -69.07376    14.6645   4.346656    35.7445    144.842    145.997    14.6643   4.346794    35.7459     0.0302 1.0000e-12    -0.0095   100.2363      98.55    214.624     4.9337 2.5499e+03          1         17 0.0000e+00
   38.86458  -69.07376    14.6418   4.344288    35.7440    145.832    146.995    14.6419   4.344648    35.7473     0.0310 1.0000e-12    -0.0103   100.2580      98.55    212.682     4.8891 2.5516e+03          1         20 0.0000e+00
   38.86458  -69.07376    14.6346   4.344436    35.7522    146.851    148.023    14.6349   4.344453    35.7520     0.0325 3.4208e-04    -0.0107   100.2679      98.55    207.653     4.7735 2.5529e+03          1         24 0.0000e+00
   38.86458  -69.07376    14.6456   4.346232    35.7583    147.831    149.011    14.6451   4.345951    35.7561     0.0255 1.0000e-12    -0.0109   100.2724      98.55    201.508     4.6323 2.5549e+03          1         29 0.0000e+00
   38.86460  -69.07376    14.6680   4.350233    35.7739    148.829    150.017    14.6679   4.350187    35.7736     0.0286 1.0000e-12    -0.0108   100.2713      98.55    198.431     4.5616 2.5559e+03          1         28 0.0000e+00
   38.86460  -69.07376    14.6704   4.350862    35.7773    149.795    150.991    14.6702   4.350890    35.7778     0.0242 1.0000e-12    -0.0106   100.2658      98.55    197.365     4.5371 2.5541e+03          1         22 0.0000e+00
   38.86460  -69.07376    14.6696   4.350849    35.7778    150.777    151.981    14.6695   4.350910    35.7785     0.0390 2.2706e-03    -0.0108   100.2714      98.56    195.481     4.4937 2.5537e+03          1         25 0.0000e+00
   38.86460  -69.07376    14.6650   4.350414    35.7780    151.788    153.001    14.6646   4.350576    35.7799     0.0353 1.0000e-12    -0.0111   100.2796      98.56    193.579     4.4500 2.5526e+03          1         27 0.0000e+00
   38.86461  -69.07376    14.6461   4.348821    35.7810    152.822    154.044    14.6458   4.348944    35.7824     0.0460 1.9030e-05    -0.0105   100.2635      98.56    193.363     4.4451 2.5529e+03          1         29 0.0000e+00
   38.86462  -69.07376    14.6328   4.347847    35.7844    153.784    155.014    14.6329   4.347962    35.7853     0.0297 1.0000e-12    -0.0103   100.2588      98.56    193.276     4.4431 2.5538e+03          1         26 0.0000e+00
   38.86462  -69.07376    14.6361   4.348655    35.7883    154.763    156.001    14.6370   4.348776    35.7886     0.0073 1.0000e-12    -0.0120   100.3006      98.56    191.655     4.4058 2.5544e+03          1         21 0.0000e+00
   38.86462  -69.07376    14.6417   4.349536    35.7907    155.762    157.008    14.6415   4.349547    35.7911     0.0393 3.9305e-04    -0.0117   100.2937      98.56    189.767     4.3625 2.5542e+03          1         17 0.0000e+00
   38.86462  -69.07376    14.6435   4.349824    35.7913    156.743    157.997    14.6435   4.349918    35.7922     0.0341 1.0000e-12    -0.0124   100.3103      98.56    188.916     4.3429 2.5527e+03          1         17 0.0000e+00
   38.86462  -69.07376    14.6456   4.350224    35.7927    157.748    159.010    14.6455   4.350244    35.7930     0.0217 1.0000e-12    -0.0089   100.2231      98.56    188.357     4.3301 2.5528e+03          1         19 0.0000e+00
   38.86462  -69.07378    14.6454   4.350539    35.7954    158.747    160.018    14.6452   4.350592    35.7961     0.0200 1.0000e-12    -0.0110   100.2765      98.55    187.986     4.3215 2.5541e+03          1         24 0.0000e+00
   38.86462  -69.07378    14.6444   4.350667    35.7972    159.741    161.020    14.6442   4.350728    35.7979     0.0098 1.0000e-12    -0.0120   100.2992      98.56    187.182     4.3030 2.5551e+03          1         35 0.0000e+00
   38.86462  -69.07378    14.6413   4.350700    35.8001    160.700    161.988    14.6412   4.350785    35.8010     0.0306 1.0000e-12    -0.0122   100.3043      98.56    186.262     4.2819 2.5557e+03          1         33 0.0000e+00
   38.86462  -69.07378    14.6365   4.350497    35.8024    161.676    162.972    14.6363   4.350592    35.8034     0.0292 1.3052e-05    -0.0122   100.3033      98.56    185.438     4.2630 2.5557e+03          1         26 0.0000e+00
   38.86464  -69.07380    14.6314   4.350253    35.8046    162.666    163.970    14.6309   4.350339    35.8058     0.0280 1.2091e-05    -0.0127   100.3166      98.56    184.360     4.2382 2.5545e+03          1         23 0.0000e+00
   38.86464  -69.07380    14.6268   4.350083    35.8069    163.667    164.979    14.6267   4.350157    35.8077     0.0038 1.0000e-12    -0.0122   100.3043      98.56    183.363     4.2153 2.5527e+03          1         24 0.0000e+00
   38.86464  -69.07380    14.6184   4.349721    35.8111    164.651    165.972    14.6183   4.349934    35.8131     0.0342 1.0000e-12    -0.0123   100.3080      98.55    182.423     4.1937 2.5517e+03          1         21 0.0000e+00
   38.86464  -69.07380    14.6073   4.348871    35.8133    165.632    166.962    14.6072   4.348954    35.8142     0.0354 1.0000e-12    -0.0131   100.3274      98.55    181.226     4.1662 2.5515e+03          1         20 0.0000e+00
   38.86464  -69.07380    14.6043   4.348615    35.8133    166.657    167.995    14.6041   4.348696    35.8142     0.0316 1.0000e-12    -0.0126   100.3138      98.56    179.870     4.1350 2.5539e+03          1         19 0.0000e+00
   38.86464  -69.07380    14.6021   4.348424    35.8132    167.655    169.002    14.6038   4.348705    35.8141     0.0273 1.0000e-12    -0.0125   100.3123      98.56    178.268     4.0982 2.5549e+03          1         16 0.0000e+00
   38.86464  -69.07380    14.5928   4.347456    35.8126    168.632    169.987    14.5884   4.347319    35.8155     0.0143 1.0000e-12    -0.0123   100.3057      98.56    176.727     4.0628 2.5563e+03          1         19 0.0000e+00
   38.86464  -69.07380    14.5640   4.344617    35.8132    169.656    171.020    14.5638   4.344967    35.8166     0.0145 1.0000e-12    -0.0118   100.2951      98.56    176.103     4.0485 2.5566e+03          1         28 0.0000e+00
   38.86464  -69.07380    14.4949   4.337017    35.8077    170.615    171.987    14.4927   4.337266    35.8120     0.0142 6.2584e-04    -0.0118   100.2954      98.56    174.918     4.0213 2.5552e+03          1         46 0.0000e+00
   38.86464  -69.07380    14.4448   4.331417    35.8025    171.597    172.977    14.4438   4.331604    35.8051     0.0250 2.0376e-04    -0.0103   100.2572      98.56    171.148     3.9346 2.5524e+03          1         30 0.0000e+00
   38.86466  -69.07380    14.4068   4.327046    35.7971    172.592    173.980    14.4094   4.328050    35.8040     0.0137 5.9604e-04    -0.0123   100.3077      98.56    168.576     3.8755 2.5527e+03          1         23 0.0000e+00
   38.86466  -69.07380    14.3399   4.319532    35.7901    173.573    174.969    14.3416   4.320467    35.7972     0.0515 1.0000e-12    -0.0123   100.3069      98.56    167.380     3.8481 2.5529e+03          1         20 0.0000e+00
   38.86466  -69.07380    14.3072   4.315914    35.7867    174.590    175.995    14.3070   4.316384    35.7912     0.0287 1.0000e-12    -0.0126   100.3143      98.56    166.139     3.8195 2.5543e+03          1         18 0.0000e+00
   38.86466  -69.07380    14.2312   4.307230    35.7775    175.601    177.014    14.2298   4.308397    35.7897     0.0323 1.0000e-12    -0.0120   100.2995      98.56    164.759     3.7878 2.5552e+03          1         16 0.0000e+00
   38.86466  -69.07380    14.1957   4.304834    35.7879    176.602    178.024    14.1966   4.304758    35.7863     0.0316 1.0000e-12    -0.0117   100.2921      98.56    162.680     3.7401 2.5560e+03          1         19 0.0000e+00
   38.86466  -69.07380    14.2251   4.309932    35.8060    177.617    179.047    14.2254   4.309733    35.8039     0.0217 3.5474e-07    -0.0118   100.2942      98.56    160.054     3.6798 2.5567e+03          1         23 0.0000e+00
   38.86468  -69.07382    14.2407   4.312696    35.8156    178.592    180.031    14.2405   4.312680    35.8157     0.0355 6.9377e-05    -0.0117   100.2929      98.56    156.282     3.5931 2.5559e+03          1         36 0.0000e+00
   38.86468  -69.07382    14.2452   4.313918    35.8216    179.550    180.997    14.2451   4.313976    35.8222     0.0376 1.0000e-12    -0.0127   100.3163      98.55    152.783     3.5126 2.5555e+03          1         32 0.0000e+00
   38.86468  -69.07382    14.2342   4.313295    35.8253    180.564    182.019    14.2336   4.313616    35.8288     0.0358 8.0596e-04    -0.0131   100.3265      98.57    151.585     3.4851 2.5533e+03          1         22 0.0000e+00
   38.86468  -69.07382    14.1553   4.304101    35.8143    181.555    183.019    14.1547   4.305661    35.8293     0.0340 1.1383e-03    -0.0131   100.3271      98.56    151.489     3.4829 2.5526e+03          1         18 0.0000e+00
   38.86469  -69.07382    14.0804   4.296152    35.8107    182.522    183.994    14.0804   4.296590    35.8147     0.0393 1.0000e-12    -0.0131   100.3286      98.56    151.029     3.4724 2.5521e+03          1         19 0.0000e+00
   38.86470  -69.07382    14.0212   4.289219    35.8013    183.539    185.020    14.0198   4.289891    35.8088     0.0438 1.0000e-12    -0.0130   100.3245      98.56    149.725     3.4424 2.5534e+03          1         28 0.0000e+00
   38.86470  -69.07382    13.9476   4.280837    35.7917    184.496    185.985    13.9483   4.281528    35.7974     0.0292 9.0051e-05    -0.0128   100.3204      98.57    148.459     3.4133 2.5560e+03          1         32 0.0000e+00
   38.86470  -69.07382    13.8991   4.275349    35.7851    185.511    187.009    13.8984   4.275832    35.7903     0.0265 1.0000e-12    -0.0132   100.3312      98.56    147.889     3.4003 2.5576e+03          1         22 0.0000e+00
   38.86470  -69.07382    13.8654   4.271529    35.7803    186.497    188.004    13.8648   4.272000    35.7853     0.0250 5.9421e-05    -0.0134   100.3348      98.56    147.608     3.3938 2.5582e+03          1         16 0.0000e+00
   38.86470  -69.07383    13.8274   4.267196    35.7749    187.468    188.983    13.8266   4.267685    35.7803     0.0236 1.0000e-12    -0.0135   100.3368      98.58    147.440     3.3900 2.5574e+03          1         19 0.0000e+00
   38.86470  -69.07384    13.7868   4.262589    35.7691    188.514    190.037    13.7859   4.263155    35.7753     0.0294 1.0000e-12    -0.0131   100.3270      98.56    147.634     3.3944 2.5568e+03          1         26 0.0000e+00
   38.86470  -69.07384    13.7255   4.255786    35.7621    189.527    191.059    13.7252   4.256110    35.7654     0.0180 2.8710e-04    -0.0133   100.3328      98.57    147.812     3.3985 2.5530e+03          1         37 0.0000e+00
   38.86470  -69.07384    13.6718   4.249727    35.7543    190.402    191.941    13.6679   4.249923    35.7599     0.0352 3.5800e-04    -0.0128   100.3186      98.56    147.659     3.3951 2.5515e+03          1         45 0.0000e+00
   38.86472  -69.07384    13.5929   4.240758    35.7435    191.442    192.991    13.5918   4.241248    35.7491     0.0427 2.3311e-04    -0.0125   100.3126      98.56    147.674     3.3954 2.5545e+03          1         28 0.0000e+00
   38.86472  -69.07384    13.5122   4.231395    35.7311    192.453    194.010    13.5105   4.231978    35.7382     0.0246 8.7159e-04    -0.0130   100.3246      98.56    147.312     3.3871 2.5571e+03          1         24 0.0000e+00
   38.86472  -69.07384    13.4649   4.226015    35.7236    193.553    195.120    13.4646   4.226266    35.7262     0.0285 5.8278e-04    -0.0129   100.3231      98.56    146.066     3.3585 2.5580e+03          1         41 0.0000e+00
   38.86473  -69.07385    13.4585   4.225461    35.7214    194.221    195.793    13.4691   4.226733    35.7231     0.0343 5.8804e-04    -0.0128   100.3194      98.57    144.613     3.3251 2.5540e+03          1         46 0.0000e+00
   38.86474  -69.07386    13.4476   4.224304    35.7186    195.438    197.021    13.4475   4.224553    35.7209     0.0145 4.6792e-04    -0.0130   100.3261      98.57    144.730     3.3278 2.5521e+03          1         20 0.0000e+00
   38.86474  -69.07386    13.4374   4.223224    35.7163    196.352    197.943    13.4368   4.223246    35.7170     0.0295 4.8956e-04    -0.0124   100.3102      98.56    143.800     3.3064 2.5550e+03          1        109 0.0000e+00
   38.86476  -69.07388    13.3949   4.218438    35.7100    197.451    199.051    13.3919   4.218351    35.7119     0.0219 7.6695e-04    -0.0131   100.3277      98.57    144.016     3.3114 2.5536e+03          1         33 0.0000e+00
   38.86476  -69.07388    13.3853   4.217388    35.7079    198.245    199.851    13.3818   4.217163    35.7091     0.0306 5.8540e-04    -0.0132   100.3309      98.57    142.883     3.2853 2.5552e+03          1        113 0.0000e+00
   38.86480  -69.07391    13.3494   4.213357    35.7016    199.162    200.777    13.3489   4.213404    35.7024     0.0303 6.6505e-04    -0.0134   100.3345      98.57    141.979     3.2645 2.5559e+03          1        464 0.0000e+00
   38.86482  -69.07392    13.3594   4.214433    35.7018    198.375    199.983    13.3567   4.214200    35.7022     0.0400 6.3061e-04    -0.0132   100.3294      98.57    141.573     3.2552 2.5547e+03          1         42 0.0000e+00
   38.86484  -69.07394    13.3655   4.215105    35.7028    197.519    199.119    13.3626   4.214823    35.7029     0.0227 5.0210e-04    -0.0133   100.3328      98.57    141.551     3.2547 2.5565e+03          1        101 0.0000e+00
   38.86484  -69.07394    13.3754   4.216144    35.7037    196.432    198.023    13.3768   4.216491    35.7056     0.0357 8.9151e-04    -0.0140   100.3511      98.57    141.996     3.2649 2.5579e+03          1         28 0.0000e+00
   38.86486  -69.07396    13.3933   4.218260    35.7070    195.422    197.005    13.3843   4.217083    35.7045     0.0328 7.9694e-04    -0.0137   100.3417      98.57    142.147     3.2684 2.5568e+03          1         22 0.0000e+00
   38.86486  -69.07396    13.4204   4.221286    35.7101    194.426    196.000    13.4259   4.221681    35.7086     0.0232 9.6643e-04    -0.0134   100.3362      98.57    141.923     3.2632 2.5564e+03          1         25 0.0000e+00
   38.86486  -69.07396    13.4417   4.223676    35.7129    193.444    195.010    13.4382   4.223277    35.7124     0.0209 6.4718e-04    -0.0141   100.3519      98.58    141.924     3.2633 2.5570e+03          1         27 0.0000e+00
   38.86486  -69.07396    13.4524   4.224861    35.7145    192.461    194.018    13.4521   4.224805    35.7142     0.0162 8.6581e-04    -0.0139   100.3471      98.57    142.363     3.2733 2.5579e+03          1         27 0.0000e+00
   38.86486  -69.07396    13.4717   4.227083    35.7176    191.464    193.012    13.4770   4.227383    35.7153     0.0285 6.2114e-04    -0.0131   100.3279      98.57    142.774     3.2828 2.5561e+03          1         24 0.0000e+00
