Data/ruptures/KN207-01/QL-1/20701031.cnv
* Sea-Bird SBE 9 Data File:
* FileName = C:\Data\ctd\20701031.hex
* Software Version Seasave V 7.21e
* Temperature SN = 4406
* Conductivity SN = 1474
* Number of Bytes Per Scan = 40
* Number of Voltage Words = 5
* Number of Scans Averaged by the Deck Unit = 1
* NMEA Latitude = 38 52.06 N
* NMEA Longitude = 069 02.92 W
* NMEA UTC (Time) = Apr 25 2012 16:06:53
** R/V Knorr Cruise # KN207-01 QL1
** Chief Scientist: Ben Van Mooy
# nquan = 21
# nvalues = 401                         
# units = specified
# name 0 = latitude: Latitude [deg]
# name 1 = longitude: Longitude [deg]
# name 2 = t090C: Temperature [ITS-90, deg C]
# name 3 = c0S/m: Conductivity [S/m]
# name 4 = sal00: Salinity, Practical [PSU]
# name 5 = depSM: Depth [salt water, m]
# name 6 = prDM: Pressure, Digiquartz [db]
# name 7 = t190C: Temperature, 2 [ITS-90, deg C]
# name 8 = c1S/m: Conductivity, 2 [S/m]
# name 9 = sal11: Salinity, Practical, 2 [PSU]
# name 10 = flECO-AFL: Fluorescence, WET Labs ECO-AFL/FL [mg/m^3]
# name 11 = par: PAR/Irradiance, Biospherical/Licor
# name 12 = bat: Beam Attenuation, Chelsea/Seatech [1/m]
# name 13 = xmiss: Beam Transmission, Chelsea/Seatech [%]
# name 14 = altM: Altimeter [m]
# name 15 = sbeox0Mm/Kg: Oxygen, SBE 43 [umol/kg]
# name 16 = sbeox0ML/L: Oxygen, SBE 43 [ml/l]
# name 17 = spar: SPAR/Surface Irradiance
# name 18 = pumps: Pump Status
# name 19 = nbin: number of scans per bin
# name 20 = flag: flag
# span 0 =   38.86669,   38.86780       
# span 1 =  -69.05132,  -69.04882       
# span 2 =    11.2706,    14.7045       
# span 3 =   3.751882,   4.351875       
# span 4 =    32.2343,    35.8332       
# span 5 =      2.966,    200.974       
# span 6 =      2.988,    202.604       
# span 7 =    11.3005,    14.7043       
# span 8 =   3.831773,   4.352002       
# span 9 =    33.0198,    35.8359       
# span 10 =     0.0028,     2.5438      
# span 11 = 1.0000e-12, 9.6963e+01      
# span 12 =    -0.0143,     0.4977      
# span 13 =    88.3844,   100.3571      
# span 14 =       5.63,      98.88      
# span 15 =    137.869,    403.013      
# span 16 =     3.1701,     9.2548      
# span 17 = 1.7198e+03, 3.6678e+03      
# span 18 =          1,          1      
# span 19 =         12,        444      
# span 20 = 0.0000e+00, 0.0000e+00      
# interval = decibars: 1                
# start_time = Apr 25 2012 16:06:53 [NMEA time, header]
# bad_flag = -9.990e-29
*END*
[from data line 69]
   38.86766  -69.04920    13.7535   4.212964    35.3722     71.523     72.081    13.7543   4.212593    35.3680     0.0682 1.2550e-01     0.0019    99.9537      98.53    224.762     5.1662 1.8528e+03          1         47 0.0000e+00
   38.86766  -69.04920    13.7601   4.213906    35.3755     72.372     72.936    13.7611   4.213673    35.3724     0.0672 1.2260e-01    -0.0017   100.0411      98.53    224.496     5.1602 1.8327e+03          1         66 0.0000e+00
   38.86764  -69.04922    13.7838   4.217085    35.3834     73.446     74.019    13.7828   4.216963    35.3832     0.0597 1.1394e-01     0.0081    99.7991      98.53    224.680     5.1644 1.8157e+03          1         75 0.0000e+00
   38.86764  -69.04922    13.7833   4.217088    35.3842     74.342     74.922    13.7840   4.217066    35.3833     0.0707 9.0516e-02     0.0204    99.4920      98.53    223.933     5.1472 1.8136e+03          1         35 0.0000e+00
   38.86764  -69.04922    13.8118   4.221076    35.3944     75.397     75.986    13.8107   4.220532    35.3904     0.0741 7.3289e-02     0.4977    88.3844      98.55    224.105     5.1512 1.8156e+03          1         24 0.0000e+00
   38.86764  -69.04922    13.8773   4.230514    35.4206     76.415     77.011    13.8832   4.230344    35.4133     0.0671 9.5442e-02     0.3186    92.3633      98.54    224.364     5.1572 1.8153e+03          1         25 0.0000e+00
   38.86764  -69.04923    13.8552   4.227550    35.4143     77.518     78.123    13.8611   4.228468    35.4174     0.0501 9.0794e-02     0.0510    98.7426      98.53    224.357     5.1570 1.8050e+03          1        106 0.0000e+00
   38.86764  -69.04924    13.8994   4.233572    35.4289     78.354     78.966    13.8902   4.231678    35.4201     0.0634 4.4954e-02     0.0271    99.3246      98.53    224.086     5.1508 1.8001e+03          1         35 0.0000e+00
   38.86764  -69.04924    13.9312   4.237913    35.4394     79.401     80.021    13.9321   4.237842    35.4380     0.0610 1.5213e-02     0.0462    98.8524      98.53    224.710     5.1651 1.8066e+03          1         27 0.0000e+00
   38.86764  -69.04925    13.9435   4.239550    35.4432     80.437     81.066    13.9427   4.239421    35.4427     0.0463 2.7699e-02     0.0196    99.5114      98.53    224.818     5.1676 1.8113e+03          1         39 0.0000e+00
   38.86764  -69.04926    13.9535   4.240964    35.4473     81.215     81.850    13.9386   4.238911    35.4422     0.0580 2.6489e-02    -0.0020   100.0513      98.53    223.899     5.1465 1.8074e+03          1         71 0.0000e+00
   38.86763  -69.04926    13.9748   4.243945    35.4551     82.350     82.994    13.9745   4.243944    35.4553     0.0530 1.1381e-02    -0.0033   100.0820      98.53    223.984     5.1484 1.8067e+03          1         37 0.0000e+00
   38.86762  -69.04926    13.9743   4.243929    35.4554     83.380     84.033    13.9741   4.243953    35.4557     0.0423 1.5978e-02    -0.0015   100.0370      98.54    224.641     5.1636 1.8155e+03          1         40 0.0000e+00
   38.86762  -69.04926    13.9740   4.243905    35.4555     84.383     85.043    13.9737   4.243924    35.4559     0.0456 2.7201e-02    -0.0022   100.0550      98.53    224.020     5.1493 1.8211e+03          1         60 0.0000e+00
   38.86762  -69.04928    13.9744   4.243995    35.4558     85.302     85.970    13.9743   4.244048    35.4564     0.0686 5.5853e-02    -0.0030   100.0753      98.54    224.693     5.1647 1.8217e+03          1         57 0.0000e+00
   38.86762  -69.04928    13.9744   4.244046    35.4562     86.311     86.987    13.9742   4.244088    35.4567     0.0560 4.9967e-02    -0.0034   100.0858      97.99    224.687     5.1646 1.8223e+03          1         58 0.0000e+00
   38.86762  -69.04928    13.9747   4.244138    35.4565     87.232     87.915    13.9745   4.244184    35.4571     0.0568 3.9871e-02    -0.0041   100.1022      95.68    224.506     5.1605 1.8341e+03          1         29 0.0000e+00
   38.86762  -69.04928    13.9978   4.247498    35.4656     88.294     88.986    13.9962   4.246996    35.4624     0.0354 4.6126e-02    -0.0016   100.0401      98.53    224.393     5.1579 1.8445e+03          1         25 0.0000e+00
   38.86762  -69.04928    14.0051   4.248460    35.4674     89.328     90.028    14.0048   4.248471    35.4678     0.0417 2.2286e-02    -0.0005   100.0133      98.53    224.570     5.1619 1.8533e+03          1         28 0.0000e+00
   38.86762  -69.04929    13.9948   4.247106    35.4645     90.207     90.915    13.9908   4.246676    35.4642     0.0438 3.0820e-02    -0.0001   100.0031      98.53    225.272     5.1781 1.8635e+03          1        136 0.0000e+00
   38.86762  -69.04930    14.0076   4.249050    35.4701     91.251     91.966    14.0038   4.248135    35.4651     0.0571 5.4393e-03    -0.0029   100.0718      98.53    225.233     5.1772 1.8622e+03          1         22 0.0000e+00
   38.86761  -69.04931    14.0370   4.253083    35.4796     92.249     92.973    14.0366   4.252879    35.4780     0.0349 5.9033e-03    -0.0021   100.0516      98.54    224.884     5.1692 1.8698e+03          1         18 0.0000e+00
   38.86760  -69.04932    14.0505   4.254904    35.4835     93.281     94.013    14.0489   4.254624    35.4823     0.0371 1.0375e-02    -0.0023   100.0578      98.53    224.841     5.1682 1.8721e+03          1         22 0.0000e+00
   38.86760  -69.04932    14.0511   4.255041    35.4842     94.524     95.266    14.0519   4.255308    35.4859     0.0444 1.3503e-02    -0.0034   100.0846      98.54    224.970     5.1712 1.8644e+03          1         95 0.0000e+00
   38.86760  -69.04932    14.0496   4.255069    35.4858     95.214     95.962    14.0504   4.254804    35.4825     0.0490 1.6926e-02    -0.0028   100.0693      98.53    224.473     5.1597 1.8582e+03          1         48 0.0000e+00
   38.86760  -69.04932    14.1465   4.268414    35.5183     96.231     96.986    14.1349   4.266369    35.5102     0.0446 8.7654e-03    -0.0033   100.0835      98.53    224.655     5.1639 1.8627e+03          1         44 0.0000e+00
   38.86760  -69.04933    14.1695   4.271555    35.5260     97.212     97.976    14.1667   4.271057    35.5239     0.0397 2.8158e-02    -0.0039   100.0987      98.54    223.904     5.1467 1.8701e+03          1         34 0.0000e+00
   38.86760  -69.04934    14.1928   4.274798    35.5343     98.235     99.007    14.1923   4.274646    35.5333     0.0405 1.8602e-02    -0.0053   100.1319      98.54    222.882     5.1232 1.8759e+03          1         41 0.0000e+00
   38.86760  -69.04934    14.2183   4.278410    35.5440     99.233    100.013    14.2181   4.278209    35.5423     0.0414 4.9978e-03    -0.0055   100.1367      98.53    222.485     5.1141 1.8772e+03          1         46 0.0000e+00
   38.86759  -69.04934    14.2555   4.283644    35.5579    100.263    101.052    14.2580   4.283936    35.5582     0.0406 7.4402e-03    -0.0059   100.1468      98.54    222.346     5.1109 1.8765e+03          1         77 0.0000e+00
   38.86758  -69.04934    14.2810   4.287325    35.5686    101.120    101.915    14.2805   4.287247    35.5683     0.0490 7.2680e-03    -0.0058   100.1448      98.53    222.225     5.1081 1.8876e+03          1         44 0.0000e+00
   38.86758  -69.04935    14.2884   4.288447    35.5720    102.140    102.944    14.2891   4.288621    35.5729     0.0425 1.1318e-02    -0.0063   100.1583      98.54    222.506     5.1146 1.8929e+03          1         22 0.0000e+00
   38.86758  -69.04938    14.2930   4.289157    35.5740    103.166    103.978    14.2926   4.289099    35.5739     0.0324 5.1765e-03    -0.0067   100.1677      98.54    222.282     5.1095 1.8956e+03          1         19 0.0000e+00
   38.86758  -69.04938    14.2956   4.289524    35.5749    104.223    105.043    14.2950   4.289487    35.5751     0.0516 8.2031e-03    -0.0052   100.1289      98.54    222.193     5.1074 1.8973e+03          1         23 0.0000e+00
   38.86758  -69.04938    14.2991   4.289993    35.5759    105.298    106.128    14.2981   4.289916    35.5761     0.0480 1.1338e-02    -0.0057   100.1421      98.54    222.373     5.1116 1.8951e+03          1         71 0.0000e+00
   38.86758  -69.04938    14.3098   4.291588    35.5806    106.066    106.901    14.3063   4.291068    35.5791     0.0524 1.1295e-02    -0.0056   100.1402      98.54    222.504     5.1146 1.8937e+03          1         31 0.0000e+00
   38.86758  -69.04938    14.3223   4.293461    35.5859    107.154    107.999    14.3219   4.293257    35.5843     0.0589 1.2086e-02    -0.0056   100.1387      98.53    222.463     5.1136 1.8938e+03          1         18 0.0000e+00
   38.86758  -69.04938    14.3372   4.295630    35.5916    108.157    109.010    14.3397   4.295826    35.5911     0.0289 1.3367e-02    -0.0062   100.1561      98.53    222.495     5.1144 1.8938e+03          1         17 0.0000e+00
   38.86758  -69.04938    14.3486   4.297223    35.5953    109.186    110.047    14.3487   4.297189    35.5949     0.0289 6.7018e-03    -0.0068   100.1698      98.54    222.445     5.1132 1.8939e+03          1         17 0.0000e+00
   38.86758  -69.04938    14.3515   4.297606    35.5959    110.172    111.042    14.3510   4.297612    35.5964     0.0296 1.4229e-02    -0.0059   100.1469      98.54    222.456     5.1135 1.8938e+03          1         16 0.0000e+00
   38.86758  -69.04938    14.3533   4.297912    35.5969    111.157    112.034    14.3533   4.297950    35.5972     0.0363 7.6438e-03    -0.0062   100.1550      98.53    222.222     5.1081 1.8940e+03          1         21 0.0000e+00
   38.86758  -69.04940    14.3620   4.299163    35.6000    112.138    113.023    14.3628   4.299124    35.5989     0.0231 4.3397e-03    -0.0046   100.1149      98.54    221.514     5.0918 1.8944e+03          1         27 0.0000e+00
   38.86758  -69.04940    14.3787   4.301491    35.6056    113.095    113.988    14.3770   4.301215    35.6047     0.0366 3.6428e-03    -0.0067   100.1674      98.54    221.131     5.0830 1.8921e+03          1         40 0.0000e+00
   38.86758  -69.04940    14.3939   4.303610    35.6109    114.057    114.958    14.3944   4.303623    35.6105     0.0470 1.4586e-02    -0.0067   100.1681      98.54    220.960     5.0791 1.8876e+03          1         30 0.0000e+00
   38.86758  -69.04940    14.4277   4.308312    35.6223    115.028    115.937    14.4263   4.307931    35.6201     0.0351 7.5756e-03    -0.0077   100.1922      98.54    220.491     5.0683 1.8874e+03          1         25 0.0000e+00
   38.86756  -69.04940    14.4597   4.313028    35.6355    116.056    116.973    14.4571   4.312034    35.6288     0.0199 1.7173e-02    -0.0079   100.1978      98.54    220.205     5.0618 1.8932e+03          1         21 0.0000e+00
   38.86756  -69.04940    14.4893   4.317282    35.6468    117.077    118.002    14.4900   4.317266    35.6459     0.0169 3.2163e-03    -0.0081   100.2015      98.54    220.191     5.0615 1.8992e+03          1         17 0.0000e+00
   38.86756  -69.04940    14.5293   4.323180    35.6634    118.082    119.016    14.5305   4.322886    35.6595     0.0224 6.4187e-03    -0.0085   100.2110      98.53    219.667     5.0495 1.9037e+03          1         19 0.0000e+00
   38.86756  -69.04940    14.5454   4.325457    35.6692    119.063    120.005    14.5457   4.325311    35.6675     0.0332 1.0100e-03    -0.0081   100.2015      98.53    219.362     5.0424 1.9058e+03          1         19 0.0000e+00
   38.86756  -69.04940    14.5560   4.326909    35.6726    120.044    120.994    14.5560   4.326952    35.6731     0.0454 1.2294e-02    -0.0087   100.2179      98.54    218.846     5.0306 1.9109e+03          1         25 0.0000e+00
   38.86756  -69.04941    14.5590   4.327355    35.6741    121.039    121.997    14.5576   4.327221    35.6741     0.0224 5.1612e-03    -0.0091   100.2262      98.54    217.479     4.9991 1.9341e+03          1         26 0.0000e+00
   38.86756  -69.04942    14.5651   4.328222    35.6764    122.051    123.018    14.5646   4.328157    35.6762     0.0237 1.2552e-02    -0.0090   100.2244      98.54    216.496     4.9766 1.9710e+03          1         28 0.0000e+00
   38.86756  -69.04942    14.5749   4.329658    35.6803    123.059    124.034    14.5745   4.329568    35.6799     0.0103 3.4223e-03    -0.0094   100.2349      98.54    216.382     4.9740 1.9772e+03          1         30 0.0000e+00
   38.86756  -69.04942    14.5902   4.332035    35.6879    123.980    124.962    14.5908   4.332056    35.6876     0.0395 2.2803e-03    -0.0092   100.2303      98.54    216.290     4.9718 1.9513e+03          1         33 0.0000e+00
   38.86756  -69.04942    14.6026   4.333897    35.6934    124.986    125.977    14.6028   4.333868    35.6929     0.0436 5.3624e-03    -0.0095   100.2373      98.54    216.321     4.9726 1.9341e+03          1         23 0.0000e+00
   38.86754  -69.04942    14.6131   4.335623    35.6992    126.036    127.035    14.6130   4.335185    35.6953     0.0278 1.1408e-02    -0.0097   100.2433      98.54    216.244     4.9708 1.9268e+03          1         16 0.0000e+00
   38.86754  -69.04942    14.6410   4.339832    35.7115    126.995    128.003    14.6402   4.339410    35.7083     0.0286 1.7552e-03    -0.0097   100.2419      98.54    215.719     4.9588 1.9211e+03          1         14 0.0000e+00
   38.86754  -69.04942    14.6496   4.341154    35.7153    127.987    129.002    14.6496   4.341170    35.7155     0.0281 3.6309e-04    -0.0094   100.2348      98.54    215.439     4.9523 1.9173e+03          1         17 0.0000e+00
   38.86754  -69.04942    14.6529   4.341692    35.7170    128.986    130.010    14.6527   4.341690    35.7173     0.0347 1.4299e-03    -0.0090   100.2258      98.54    215.074     4.9439 1.9148e+03          1         19 0.0000e+00
   38.86754  -69.04942    14.6555   4.342102    35.7183    129.972    131.004    14.6553   4.342125    35.7187     0.0563 1.8171e-03    -0.0110   100.2755      98.54    213.412     4.9057 1.9161e+03          1         25 0.0000e+00
   38.86754  -69.04943    14.6590   4.342758    35.7211    131.022    132.062    14.6590   4.342775    35.7212     0.0417 6.3492e-03    -0.0110   100.2765      98.54    211.253     4.8561 1.9204e+03          1         37 0.0000e+00
   38.86754  -69.04944    14.6696   4.344665    35.7287    131.922    132.970    14.6693   4.344522    35.7277     0.0320 2.4262e-03    -0.0110   100.2760      98.54    210.318     4.8346 1.9448e+03          1         49 0.0000e+00
   38.86754  -69.04944    14.6938   4.349148    35.7471    132.887    133.943    14.6936   4.348912    35.7451     0.0212 4.2121e-03    -0.0109   100.2739      98.54    209.533     4.8167 1.9557e+03          1         22 0.0000e+00
   38.86754  -69.04944    14.7045   4.351178    35.7555    133.913    134.978    14.7042   4.351176    35.7558     0.0493 4.5268e-05    -0.0116   100.2898      98.54    209.132     4.8074 1.9481e+03          1         16 0.0000e+00
   38.86754  -69.04944    14.7045   4.351264    35.7560    134.930    136.002    14.7043   4.351348    35.7570     0.0307 4.0179e-03    -0.0125   100.3116      98.54    208.321     4.7888 1.9404e+03          1         14 0.0000e+00
   38.86754  -69.04944    14.7038   4.351674    35.7602    135.938    137.019    14.7035   4.351637    35.7601     0.0213 1.0000e-12    -0.0116   100.2915      98.53    206.903     4.7562 1.9365e+03          1         14 0.0000e+00
   38.86754  -69.04944    14.6995   4.351834    35.7655    136.893    137.982    14.6994   4.351883    35.7661     0.0136 5.1259e-03    -0.0114   100.2866      98.54    204.914     4.7105 1.9370e+03          1         16 0.0000e+00
   38.86754  -69.04944    14.6924   4.351875    35.7723    137.892    138.989    14.6923   4.352002    35.7736     0.0143 7.4459e-03    -0.0115   100.2872      98.54    203.153     4.6701 1.9413e+03          1         21 0.0000e+00
