Data/ruptures/KN207-01/QL-1/20701019.cnv
* Sea-Bird SBE 9 Data File:
* FileName = C:\Data\ctd\20701019.hex
* Software Version Seasave V 7.21e
* Temperature SN = 4406
* Conductivity SN = 1474
* Number of Bytes Per Scan = 40
* Number of Voltage Words = 5
* Number of Scans Averaged by the Deck Unit = 1
* NMEA Latitude = 38 58.66 N
* NMEA Longitude = 068 59.89 W
* NMEA UTC (Time) = Apr 24 2012 10:16:26
** R/V Knorr Cruise # KN207-01 QL1
** Chief Scientist: Ben Van Mooy
# nquan = 21
# nvalues = 399                         
# units = specified
# name 0 = latitude: Latitude [deg]
# name 1 = longitude: Longitude [deg]
# name 2 = t090C: Temperature [ITS-90, deg C]
# name 3 = c0S/m: Conductivity [S/m]
# name 4 = sal00: Salinity, Practical [PSU]
# name 5 = depSM: Depth [salt water, m]
# name 6 = prDM: Pressure, Digiquartz [db]
# name 7 = t190C: Temperature, 2 [ITS-90, deg C]
# name 8 = c1S/m: Conductivity, 2 [S/m]
# name 9 = sal11: Salinity, Practical, 2 [PSU]
# name 10 = flECO-AFL: Fluorescence, WET Labs ECO-AFL/FL [mg/m^3]
# name 11 = par: PAR/Irradiance, Biospherical/Licor
# name 12 = bat: Beam Attenuation, Chelsea/Seatech [1/m]
# name 13 = xmiss: Beam Transmission, Chelsea/Seatech [%]
# name 14 = altM: Altimeter [m]
# name 15 = sbeox0Mm/Kg: Oxygen, SBE 43 [umol/kg]
# name 16 = sbeox0ML/L: Oxygen, SBE 43 [ml/l]
# name 17 = spar: SPAR/Surface Irradiance
# name 18 = pumps: Pump Status
# name 19 = nbin: number of scans per bin
# name 20 = flag: flag
# span 0 =   38.97780,   38.97785       
# span 1 =  -68.99828,  -68.99493       
# span 2 =    11.0760,    14.6681       
# span 3 =   3.775687,   4.355469       
# span 4 =    32.7150,    35.8250       
# span 5 =      3.038,    199.978       
# span 6 =      3.061,    201.602       
# span 7 =    11.0724,    14.6681       
# span 8 =   3.826129,   4.355591       
# span 9 =    33.5435,    35.8267       
# span 10 =     0.0030,     2.6380      
# span 11 = 1.0000e-12, 7.3520e+00      
# span 12 =    -0.0151,     0.3138      
# span 13 =    92.4540,   100.3780      
# span 14 =       6.04,      98.63      
# span 15 =    146.309,    409.217      
# span 16 =     3.3639,     9.3981      
# span 17 = 9.1307e+01, 1.1555e+03      
# span 18 =          1,          1      
# span 19 =         10,        752      
# span 20 = 0.0000e+00, 0.0000e+00      
# interval = decibars: 1                
# start_time = Apr 24 2012 10:16:26 [NMEA time, header]
# bad_flag = -9.990e-29
*END*
[from data line 345]
   38.97782  -68.99649    11.9856   3.977677    34.7862     55.455     55.886    12.0010   3.979736    34.7923     0.2728 7.6687e-03     0.0345    99.1418      98.58    242.614     5.5760 2.0772e+02          1         67 0.0000e+00
   38.97782  -68.99650    11.8405   3.958547    34.7355     54.643     55.067    11.9293   3.972211    34.7847     0.2681 7.6601e-03     0.0406    98.9902      98.58    245.512     5.6426 2.0745e+02          1         25 0.0000e+00
   38.97782  -68.99650    11.6835   3.936475    34.6689     53.581     53.996    11.7392   3.948719    34.7366     0.3353 8.2844e-03     0.0482    98.8005      98.57    245.479     5.6417 2.0745e+02          1         14 0.0000e+00
   38.97782  -68.99650    11.5473   3.919119    34.6282     52.595     53.003    11.5740   3.924240    34.6540     0.3840 8.9065e-03     0.0560    98.6096      98.58    245.551     5.6433 2.0793e+02          1         14 0.0000e+00
   38.97782  -68.99648    11.5136   3.914534    34.6144     51.595     51.996    11.5373   3.918169    34.6285     0.4960 9.8368e-03     0.0667    98.3467      98.58    245.242     5.6362 2.0882e+02          1         13 0.0000e+00
   38.97782  -68.99644    11.4843   3.910397    34.6007     50.600     50.992    11.4988   3.913544    34.6188     0.5232 1.0847e-02     0.0769    98.0952      98.58    245.990     5.6533 2.0926e+02          1         16 0.0000e+00
   38.97782  -68.99644    11.4523   3.905827    34.5851     49.573     49.957    11.4599   3.907709    34.5973     0.5756 1.2077e-02     0.0843    97.9150      98.58    249.084     5.7244 2.0946e+02          1         20 0.0000e+00
   38.97782  -68.99645    11.4284   3.902804    34.5712     48.588     48.964    11.4350   3.903940    34.5766     0.8717 1.3957e-02     0.1112    97.2594      88.56    256.712     5.8997 2.1012e+02          1        176 0.0000e+00
   38.97782  -68.99644    11.4078   3.899654    34.5544     47.637     48.006    11.4256   3.901837    34.5593     1.0470 1.4501e-02     0.1248    96.9283      98.58    259.086     5.9542 2.1005e+02          1         18 0.0000e+00
   38.97782  -68.99644    11.4025   3.898769    34.5507     46.601     46.961    11.4140   3.900900    34.5611     1.0488 1.6171e-02     0.1254    96.9124      98.58    259.432     5.9621 2.1019e+02          1         22 0.0000e+00
   38.97781  -68.99643    11.3970   3.898106    34.5477     45.754     46.108    11.4024   3.898921    34.5508     1.2216 1.8162e-02     0.1459    96.4184      98.58    259.827     5.9712 2.1287e+02          1         77 0.0000e+00
   38.97782  -68.99625    11.3817   3.895802    34.5372     44.686     45.032    11.3818   3.895888    34.5379     1.3985 2.4752e-02     0.1588    96.1079      98.60    261.065     5.9996 2.5383e+02          1         24 0.0000e+00
   38.97782  -68.99624    11.3742   3.894656    34.5334     43.671     44.009    11.3744   3.894897    34.5356     1.3942 2.8948e-02     0.1661    95.9322      98.60    261.490     6.0094 2.5661e+02          1         24 0.0000e+00
   38.97782  -68.99624    11.3648   3.893248    34.5289     42.653     42.983    11.3616   3.892979    34.5294     1.4987 3.2165e-02     0.1724    95.7816      98.60    262.082     6.0230 2.5652e+02          1         53 0.0000e+00
   38.97782  -68.99624    11.3500   3.891145    34.5226     41.741     42.064    11.3485   3.891047    34.5231     1.5842 3.2321e-02     0.1790    95.6252      98.60    262.569     6.0342 2.5888e+02          1         37 0.0000e+00
   38.97782  -68.99623    11.3385   3.889417    34.5169     40.695     41.010    11.3390   3.889572    34.5180     1.6360 3.4633e-02     0.1814    95.5652      98.60    263.181     6.0482 2.6072e+02          1         25 0.0000e+00
   38.97782  -68.99622    11.3330   3.888565    34.5142     39.692     39.999    11.3356   3.888979    34.5158     1.6156 3.8936e-02     0.1861    95.4531      98.59    263.221     6.0491 2.6111e+02          1         18 0.0000e+00
   38.97782  -68.99622    11.3292   3.887943    34.5120     38.734     39.033    11.3277   3.888026    34.5143     1.6511 4.4293e-02     0.1905    95.3485      98.61    263.202     6.0487 2.6087e+02          1         19 0.0000e+00
   38.97782  -68.99622    11.3064   3.884424    34.4994     37.730     38.021    11.3080   3.885021    34.5038     1.6687 5.1069e-02     0.1990    95.1464      80.76    263.552     6.0567 2.6088e+02          1         20 0.0000e+00
   38.97781  -68.99623    11.2838   3.881253    34.4895     36.747     37.031    11.2833   3.881321    34.4907     1.8508 6.1354e-02     0.2163    94.7371      85.84    265.495     6.1013 2.6252e+02          1        134 0.0000e+00
   38.97782  -68.99619    11.2387   3.874754    34.4682     35.712     35.988    11.2389   3.875219    34.4725     1.9909 6.9738e-02     0.2222    94.5967      98.60    267.319     6.1432 2.6313e+02          1         25 0.0000e+00
   38.97781  -68.99617    11.1862   3.867501    34.4453     34.680     34.948    11.1875   3.867725    34.4463     2.3014 7.8327e-02     0.2674    93.5335      93.21    269.306     6.1888 2.7199e+02          1        274 0.0000e+00
   38.97780  -68.99616    11.0925   3.853840    34.3990     33.731     33.991    11.0925   3.855205    34.4127     2.2498 9.1902e-02     0.2797    93.2467      98.60    269.467     6.1924 2.7809e+02          1         18 0.0000e+00
   38.97781  -68.99615    11.0932   3.854020    34.3998     32.822     33.075    11.0801   3.852097    34.3931     2.4223 1.0303e-01     0.2933    92.9292      98.60    269.688     6.1975 2.8040e+02          1         84 0.0000e+00
   38.97782  -68.99612    11.0760   3.849292    34.3691     31.704     31.948    11.0724   3.848392    34.3631     2.4965 1.2790e-01     0.2988    92.8024      98.61    271.098     6.2297 2.8207e+02          1         31 0.0000e+00
   38.97782  -68.99612    11.1062   3.848188    34.3289     30.935     31.173    11.1092   3.847924    34.3232     2.4793 1.3560e-01     0.2967    92.8520      96.74    271.798     6.2456 2.8466e+02          1         88 0.0000e+00
   38.97782  -68.99610    11.1341   3.845667    34.2777     29.778     30.007    11.1364   3.845688    34.2757     2.3995 1.5029e-01     0.2991    92.7949      89.64    275.643     6.3337 2.9071e+02          1        147 0.0000e+00
   38.97784  -68.99592    11.1399   3.840202    34.2189     28.667     28.887    11.1375   3.839708    34.2162     2.4008 1.9454e-01     0.2983    92.8154      98.61    276.933     6.3630 3.2289e+02          1        120 0.0000e+00
   38.97784  -68.99589    11.1326   3.838398    34.2084     27.763     27.977    11.1356   3.838894    34.2104     2.3778 2.1980e-01     0.2974    92.8350      98.61    276.783     6.3595 3.2899e+02          1         35 0.0000e+00
   38.97784  -68.99592    11.1115   3.834788    34.1929     26.823     27.029    11.0967   3.832846    34.1877     2.4807 2.5702e-01     0.2988    92.8029      98.61    276.758     6.3589 3.3011e+02          1         67 0.0000e+00
   38.97784  -68.99592    11.0908   3.831000    34.1753     25.878     26.077    11.0949   3.831729    34.1785     2.6380 2.7903e-01     0.3091    92.5638      98.61    276.362     6.3497 3.2862e+02          1         50 0.0000e+00
   38.97784  -68.99588    11.0964   3.828927    34.1495     24.843     25.034    11.0891   3.826129    34.1286     2.5397 2.9745e-01     0.3082    92.5847      98.61    275.719     6.3348 3.2920e+02          1         26 0.0000e+00
   38.97784  -68.99588    11.1616   3.828303    34.0815     23.809     23.992    11.1397   3.827792    34.0971     2.3981 3.3278e-01     0.3093    92.5598      98.61    275.471     6.3287 3.3175e+02          1         29 0.0000e+00
   38.97784  -68.99588    11.1744   3.828403    34.0710     22.771     22.946    11.1816   3.828624    34.0662     2.3972 3.9445e-01     0.3094    92.5586      98.62    275.641     6.3326 3.3434e+02          1         34 0.0000e+00
   38.97784  -68.99589    11.2015   3.829379    34.0559     21.806     21.974    11.2081   3.829753    34.0534     2.4951 4.5971e-01     0.3090    92.5653      92.76    275.912     6.3387 3.3333e+02          1        161 0.0000e+00
   38.97784  -68.99586    11.1848   3.828979    34.0691     20.790     20.950    11.2807   3.834239    34.0304     2.3155 5.1604e-01     0.3079    92.5926      97.80    276.092     6.3429 3.3476e+02          1         83 0.0000e+00
   38.97785  -68.99581    11.3730   3.840286    34.0066     19.966     20.120    11.3811   3.840734    34.0039     2.1604 5.6597e-01     0.3080    92.5895      98.62    275.431     6.3272 3.4427e+02          1        325 0.0000e+00
   38.97783  -68.99568    11.5077   3.848521    33.9641     19.044     19.190    11.5110   3.848732    33.9632     1.9399 6.1900e-01     0.3082    92.5836      98.61    275.848     6.3365 3.6135e+02          1        111 0.0000e+00
   38.97781  -68.99564    11.5541   3.851629    33.9520     17.893     18.031    11.5758   3.852922    33.9444     2.0897 6.4887e-01     0.3083    92.5830      86.82    276.166     6.3437 3.6883e+02          1        104 0.0000e+00
   38.97780  -68.99564    11.5906   3.854120    33.9434     16.811     16.940    11.5759   3.853223    33.9487     1.9618 8.4048e-01     0.3083    92.5831      98.62    275.822     6.3357 3.8572e+02          1         62 0.0000e+00
   38.97780  -68.99564    11.7656   3.866698    33.9037     15.964     16.087    11.7812   3.867541    33.8974     1.8146 8.1891e-01     0.3034    92.6954      98.62    275.823     6.3353 4.8971e+02          1         28 0.0000e+00
   38.97780  -68.99563    11.8064   3.869845    33.8973     14.860     14.974    11.8388   3.871765    33.8859     1.7263 8.9376e-01     0.3011    92.7482      98.62    275.829     6.3353 5.3759e+02          1         19 0.0000e+00
   38.97780  -68.99560    11.8807   3.874856    33.8778     13.815     13.921    11.8834   3.874823    33.8753     1.6788 1.0458e+00     0.2950    92.8895      98.62    275.639     6.3308 5.8011e+02          1         31 0.0000e+00
   38.97780  -68.99560    11.8838   3.874990    33.8787     13.139     13.240    11.8714   3.874111    33.8818     1.6364 1.2854e+00     0.2937    92.9210      98.62    276.224     6.3442 6.5699e+02          1         93 0.0000e+00
   38.97780  -68.99559    11.9388   3.879172    33.8716     11.929     12.020    11.9437   3.879576    33.8709     1.5319 1.5028e+00     0.2917    92.9672      98.62    275.691     6.3319 8.7739e+02          1        192 0.0000e+00
   38.97780  -68.99556    11.9553   3.880549    33.8714     10.886     10.969    11.9547   3.880529    33.8718     1.4253 1.7457e+00     0.2902    93.0013      98.62    276.345     6.3469 1.0793e+03          1         30 0.0000e+00
   38.97780  -68.99541    12.0550   3.889485    33.8690      9.984     10.061    12.0518   3.889283    33.8701     1.3782 2.0516e+00     0.2811    93.2133      98.63    274.391     6.3019 1.1300e+03          1        752 0.0000e+00
   38.97782  -68.99529    12.0896   3.892339    33.8662      8.825      8.892    12.0890   3.892318    33.8664     1.3448 2.4405e+00     0.2766    93.3203      56.73    273.371     6.2784 1.1300e+03          1        152 0.0000e+00
   38.97782  -68.99528    12.0888   3.892177    33.8660      7.681      7.740    12.0900   3.892298    33.8660     1.3775 2.7486e+00     0.2780    93.2856      78.69    273.526     6.2820 1.1202e+03          1        125 0.0000e+00
   38.97782  -68.99526    12.0826   3.891826    33.8686      7.144      7.199    12.0746   3.891479    33.8727     1.3387 2.9523e+00     0.2801    93.2381      78.69    273.529     6.2821 1.1340e+03          1         62 0.0000e+00
   38.97782  -68.99526    12.0798   3.891639    33.8699      5.920      5.965    12.0747   3.891412    33.8723     1.3260 3.6950e+00     0.2794    93.2543       9.31    273.260     6.2759 1.1555e+03          1         31 0.0000e+00
   38.97783  -68.99515    12.0890   3.892447    33.8694      5.122      5.162    12.0884   3.892496    33.8704     1.3352 4.2988e+00     0.2779    93.2888      39.80    273.862     6.2897 1.0878e+03          1        521 0.0000e+00
   38.97785  -68.99499    12.1132   3.893708    33.8599      4.088      4.119    12.1148   3.894025    33.8616     1.2929 5.8452e+00     0.2726    93.4121       6.04    272.922     6.2681 1.0961e+03          1         33 0.0000e+00
   38.97783  -68.99493    12.1155   3.894302    33.8642      3.038      3.061    12.1108   3.893916    33.8648     1.3058 7.3520e+00     0.2737    93.3882      54.87    272.841     6.2662 1.0906e+03          1        351 0.0000e+00
