Data/ruptures/KN207-01/QL-1/20701041.cnv
* Sea-Bird SBE 9 Data File:
* FileName = C:\Data\ctd\20701041.hex
* Software Version Seasave V 7.21e
* Temperature SN = 4406
* Conductivity SN = 1474
* Number of Bytes Per Scan = 40
* Number of Voltage Words = 5
* Number of Scans Averaged by the Deck Unit = 1
* NMEA Latitude = 38 47.72 N
* NMEA Longitude = 069 09.38 W
* NMEA UTC (Time) = Apr 26 2012 20:02:11
** R/V Knorr Cruise # KN207-01 QL1
** Chief Scientist: Ben Van Mooy
# nquan = 21
# nvalues = 398                         
# units = specified
# name 0 = latitude: Latitude [deg]
# name 1 = longitude: Longitude [deg]
# name 2 = t090C: Temperature [ITS-90, deg C]
# name 3 = c0S/m: Conductivity [S/m]
# name 4 = sal00: Salinity, Practical [PSU]
# name 5 = depSM: Depth [salt water, m]
# name 6 = prDM: Pressure, Digiquartz [db]
# name 7 = t190C: Temperature, 2 [ITS-90, deg C]
# name 8 = c1S/m: Conductivity, 2 [S/m]
# name 9 = sal11: Salinity, Practical, 2 [PSU]
# name 10 = flECO-AFL: Fluorescence, WET Labs ECO-AFL/FL [mg/m^3]
# name 11 = par: PAR/Irradiance, Biospherical/Licor
# name 12 = bat: Beam Attenuation, Chelsea/Seatech [1/m]
# name 13 = xmiss: Beam Transmission, Chelsea/Seatech [%]
# name 14 = altM: Altimeter [m]
# name 15 = sbeox0Mm/Kg: Oxygen, SBE 43 [umol/kg]
# name 16 = sbeox0ML/L: Oxygen, SBE 43 [ml/l]
# name 17 = spar: SPAR/Surface Irradiance
# name 18 = pumps: Pump Status
# name 19 = nbin: number of scans per bin
# name 20 = flag: flag
# span 0 =   38.79538,   38.79576       
# span 1 =  -69.15770,  -69.15650       
# span 2 =    11.2643,    14.6714       
# span 3 =   3.743382,   4.352156       
# span 4 =    32.0037,    35.8238       
# span 5 =      2.260,    199.130       
# span 6 =      2.277,    200.743       
# span 7 =    11.2449,    14.6711       
# span 8 =   3.832108,   4.352309       
# span 9 =    32.9468,    35.8281       
# span 10 =     0.0059,     3.3016      
# span 11 = 1.0000e-12, 9.1789e+00      
# span 12 =    -0.0135,     0.3649      
# span 13 =    91.2822,   100.3367      
# span 14 =      33.40,      98.78      
# span 15 =    145.278,    417.033      
# span 16 =     3.3402,     9.5754      
# span 17 = 2.5189e+02, 2.9229e+02      
# span 18 =          1,          1      
# span 19 =         16,        509      
# span 20 = 0.0000e+00, 0.0000e+00      
# interval = decibars: 1                
# start_time = Apr 26 2012 20:02:11 [NMEA time, header]
# bad_flag = -9.990e-29
*END*
   38.79538  -69.15650    12.5840   3.743382    32.0037      2.966      2.989    12.5806   3.842025    32.9468     1.2589 3.0949e+00     0.3514    91.5897      98.54    310.865     7.1288 2.6105e+02          1        354 0.0000e+00
   38.79538  -69.15651    12.5817   3.831776    32.8478      3.804      3.833    12.5820   3.887988    33.3847     1.2736 2.7075e+00     0.3507    91.6054      98.54    320.593     7.3566 2.6076e+02          1        109 0.0000e+00
   38.79538  -69.15652    12.5790   3.897755    33.4804      4.983      5.021    12.5782   3.909499    33.5936     1.2747 2.8763e+00     0.3501    91.6199      98.54    332.744     7.6391 2.6070e+02          1         31 0.0000e+00
   38.79538  -69.15652    12.5747   3.906913    33.5716      5.999      6.044    12.5745   3.911178    33.6126     1.2574 2.4153e+00     0.3492    91.6410      98.54    352.200     8.0863 2.6037e+02          1         47 0.0000e+00
   38.79538  -69.15652    12.5722   3.908059    33.5844      6.975      7.028    12.5698   3.913479    33.6385     1.2486 2.1117e+00     0.3510    91.6000      98.54    390.673     8.9697 2.5996e+02          1         78 0.0000e+00
   38.79538  -69.15652    12.5697   3.911371    33.6180      7.864      7.924    12.5679   3.914822    33.6527     1.2596 2.5305e+00     0.3508    91.6034      98.54    408.947     9.3895 2.5926e+02          1         31 0.0000e+00
   38.79538  -69.15652    12.5553   3.912443    33.6410      8.953      9.021    12.5480   3.915224    33.6744     1.2846 2.1490e+00     0.3503    91.6149      98.54    417.033     9.5754 2.5953e+02          1         29 0.0000e+00
   38.79538  -69.15652    12.5393   3.913591    33.6661      9.989     10.066    12.5479   3.906746    33.5926     1.2185 2.2907e+00     0.3475    91.6783      98.54    352.728     8.0991 2.5991e+02          1         74 0.0000e+00
   38.79538  -69.15652    12.5152   3.914172    33.6933     10.916     11.000    12.4783   3.914526    33.7310     1.2793 1.6130e+00     0.3454    91.7284      98.54    265.443     6.0951 2.5908e+02          1         42 0.0000e+00
   38.79538  -69.15652    12.3852   3.914396    33.8149     11.944     12.035    12.3757   3.915127    33.8306     1.2521 1.4180e+00     0.3414    91.8197      98.53    251.474     5.7750 2.5876e+02          1         46 0.0000e+00
   38.79538  -69.15652    12.2589   3.913731    33.9244     12.890     12.989    12.2339   3.913501    33.9454     1.3141 8.0759e-01     0.3310    92.0585      98.54    247.801     5.6912 2.5916e+02          1         45 0.0000e+00
   38.79538  -69.15654    12.0764   3.909883    34.0557     13.872     13.978    12.0986   3.910253    34.0381     1.5362 1.1580e+00     0.3268    92.1546      98.54    240.723     5.5294 2.5890e+02          1         49 0.0000e+00
   38.79538  -69.15654    11.8113   3.904268    34.2479     14.865     14.978    11.8592   3.905716    34.2168     1.7948 8.0428e-01     0.3338    91.9948      98.54    239.519     5.5028 2.5871e+02          1         47 0.0000e+00
   38.79538  -69.15654    11.5945   3.894958    34.3585     15.868     15.990    11.6569   3.896962    34.3190     2.0654 7.4071e-01     0.3450    91.7356      98.54    237.802     5.4641 2.5885e+02          1         47 0.0000e+00
   38.79538  -69.15654    11.5209   3.885215    34.3284     16.924     17.054    11.5531   3.888645    34.3321     2.2581 9.2701e-01     0.3521    91.5731      98.54    232.691     5.3466 2.5885e+02          1         50 0.0000e+00
   38.79538  -69.15654    11.4674   3.880792    34.3319     17.805     17.941    11.4727   3.892085    34.4388     2.4921 7.4585e-01     0.3580    91.4396      98.54    228.025     5.2394 2.5868e+02          1         54 0.0000e+00
   38.79538  -69.15654    11.4208   3.872705    34.2935     18.865     19.009    11.3778   3.866978    34.2784     2.5697 5.2360e-01     0.3635    91.3137      98.54    220.948     5.0767 2.5855e+02          1         32 0.0000e+00
   38.79538  -69.15654    11.3774   3.876407    34.3686     19.899     20.051    11.4418   3.884999    34.3920     2.6647 3.1427e-01     0.3641    91.2993      98.54    216.199     4.9679 2.5843e+02          1         61 0.0000e+00
   38.79538  -69.15655    11.3905   3.877224    34.3615     20.780     20.939    11.4670   3.888051    34.3961     2.7438 2.8438e-01     0.3609    91.3727      98.54    207.600     4.7703 2.5856e+02          1         44 0.0000e+00
   38.79538  -69.15656    11.3228   3.876405    34.4166     21.849     22.016    11.3598   3.879293    34.4105     2.8229 3.0306e-01     0.3602    91.3877      98.54    201.976     4.6413 2.5859e+02          1         40 0.0000e+00
   38.79538  -69.15656    11.2775   3.875851    34.4524     22.854     23.029    11.3024   3.876562    34.4365     3.0249 3.0058e-01     0.3571    91.4601      98.54    197.003     4.5272 2.5779e+02          1         53 0.0000e+00
   38.79538  -69.15656    11.2643   3.881528    34.5193     23.781     23.963    11.2449   3.863302    34.3580     3.1376 2.3753e-01     0.3609    91.3739      98.54    190.543     4.3790 2.5762e+02          1         59 0.0000e+00
   38.79538  -69.15656    11.2789   3.882667    34.5150     24.810     25.000    11.2475   3.853933    34.2607     3.1578 2.0825e-01     0.3649    91.2822      98.54    187.614     4.3116 2.5800e+02          1         41 0.0000e+00
   38.79539  -69.15657    11.3133   3.870879    34.3641     25.803     26.001    11.3171   3.849942    34.1535     3.0450 1.6701e-01     0.3586    91.4254      98.54    188.055     4.3213 2.5799e+02          1         32 0.0000e+00
   38.79540  -69.15658    11.2905   3.864181    34.3187     26.952     27.159    11.2915   3.856505    34.2419     3.0335 7.8688e-02     0.3256    92.1831      98.54    186.367     4.2823 2.5714e+02          1         87 0.0000e+00
   38.79540  -69.15658    11.2883   3.860866    34.2871     27.719     27.932    11.3053   3.860729    34.2696     2.9816 1.8311e-02     0.3199    92.3142      98.54    188.487     4.3309 2.5652e+02          1         35 0.0000e+00
   38.79540  -69.15658    11.4285   3.859179    34.1361     28.797     29.019    11.4003   3.859408    34.1654     2.4251 2.3824e-02     0.2824    93.1857      98.54    191.763     4.4056 2.5764e+02          1         28 0.0000e+00
   38.79540  -69.15658    11.6591   3.863496    33.9611     29.756     29.985    11.5788   3.862894    34.0307     1.7392 5.6050e-02     0.2332    94.3379      98.54    206.826     4.7508 2.5772e+02          1         58 0.0000e+00
   38.79540  -69.15658    11.7121   3.872111    33.9974     30.717     30.953    11.7420   3.872031    33.9679     1.4440 9.2247e-02     0.2095    94.8978      98.54    223.810     5.1410 2.5663e+02          1         40 0.0000e+00
   38.79540  -69.15658    11.9498   3.886157    33.9131     31.748     31.992    11.9230   3.886421    33.9405     0.9649 6.6062e-02     0.1328    96.7355      98.54    217.734     5.0009 2.5663e+02          1         61 0.0000e+00
   38.79540  -69.15659    12.0122   3.901428    34.0057     32.731     32.983    12.0026   3.901075    34.0109     0.8429 5.8998e-02     0.1013    97.5007      98.54    209.173     4.8046 2.5652e+02          1         45 0.0000e+00
   38.79540  -69.15660    12.0972   3.912906    34.0392     33.736     33.996    12.0823   3.916096    34.0839     0.6850 2.4467e-02     0.0751    98.1392      98.54    205.609     4.7228 2.5637e+02          1         44 0.0000e+00
   38.79540  -69.15660    12.1538   3.925067    34.1058     34.730     34.998    12.1639   3.929697    34.1409     0.5548 9.1218e-02     0.0620    98.4612      98.65    204.030     4.6867 2.5669e+02          1         40 0.0000e+00
   38.79540  -69.15662    12.2372   3.933938    34.1156     35.796     36.072    12.2355   3.938139    34.1576     0.4739 7.6578e-02     0.0488    98.7870      92.34    201.114     4.6197 2.5636e+02          1         70 0.0000e+00
   38.79540  -69.15662    12.2902   3.944253    34.1676     36.658     36.940    12.2991   3.946591    34.1817     0.4587 3.3841e-02     0.0467    98.8385      71.96    196.874     4.5224 2.5636e+02          1         43 0.0000e+00
   38.79540  -69.15662    12.3635   3.953990    34.1939     37.738     38.029    12.3764   3.955390    34.1953     0.4181 2.4459e-02     0.0401    99.0031      78.87    194.321     4.4638 2.5685e+02          1         34 0.0000e+00
   38.79540  -69.15662    12.4478   3.959394    34.1685     38.705     39.004    12.4399   3.961734    34.1984     0.4106 2.7951e-02     0.0394    99.0195      98.55    192.808     4.4289 2.5600e+02          1         56 0.0000e+00
   38.79540  -69.15662    12.4624   3.966240    34.2223     39.685     39.991    12.4589   3.969653    34.2584     0.4055 1.0210e-02     0.0365    99.0922      98.54    191.224     4.3927 2.5464e+02          1         45 0.0000e+00
   38.79540  -69.15664    12.4626   3.971613    34.2750     40.723     41.037    12.4617   3.975857    34.3166     0.3776 2.0244e-02     0.0322    99.1971      98.54    189.394     4.3508 2.5598e+02          1         54 0.0000e+00
   38.79540  -69.15664    12.4611   3.977105    34.3300     41.651     41.972    12.4593   3.982890    34.3874     0.3841 3.4101e-02     0.0307    99.2344      75.00    187.552     4.3087 2.5647e+02          1         45 0.0000e+00
   38.79541  -69.15664    12.4675   3.986536    34.4152     42.649     42.978    12.4686   3.988966    34.4375     0.3494 4.8128e-02     0.0301    99.2498      85.98    186.203     4.2779 2.5603e+02          1         41 0.0000e+00
   38.79542  -69.15664    12.4737   3.988464    34.4282     43.715     44.052    12.4735   3.992620    34.4684     0.3660 2.0848e-02     0.0284    99.2932      98.55    186.032     4.2741 2.5581e+02          1         66 0.0000e+00
   38.79542  -69.15664    12.4656   3.996598    34.5144     44.603     44.947    12.4680   3.997369    34.5196     0.3510 7.6878e-03     0.0317    99.2102      98.55    185.452     4.2610 2.5509e+02          1         39 0.0000e+00
   38.79542  -69.15666    12.4449   3.998793    34.5550     45.675     46.028    12.4476   4.002451    34.5877     0.3052 7.5862e-04     0.0267    99.3358      79.72    185.408     4.2601 2.5514e+02          1         34 0.0000e+00
   38.79542  -69.15666    12.4900   4.002830    34.5510     46.673     47.034    12.4892   4.005362    34.5761     0.2721 2.2494e-04     0.0229    99.4307      73.44    186.727     4.2904 2.5558e+02          1         64 0.0000e+00
   38.79542  -69.15666    12.5427   4.005598    34.5279     47.570     47.938    12.5260   4.009078    34.5772     0.2565 1.8934e-03     0.0204    99.4917      55.80    185.175     4.2546 2.5534e+02          1         36 0.0000e+00
   38.79542  -69.15666    12.5875   4.006721    34.4966     48.702     49.079    12.5826   4.017860    34.6082     0.2222 1.5099e-04     0.0165    99.5875      98.54    184.228     4.2327 2.5553e+02          1         54 0.0000e+00
   38.79542  -69.15666    12.6076   4.009071    34.5007     49.539     49.923    12.6172   4.039604    34.7851     0.2041 1.0825e-04     0.0145    99.6396      98.54    184.246     4.2331 2.5492e+02          1         57 0.0000e+00
   38.79542  -69.15666    12.6646   4.013485    34.4896     50.606     50.998    12.7167   4.055480    34.8434     0.1986 1.0000e-12     0.0135    99.6632      98.54    183.144     4.2077 2.5429e+02          1         35 0.0000e+00
   38.79542  -69.15666    12.7374   4.015976    34.4454     51.614     52.014    12.7548   4.070329    34.9502     0.1970 1.0000e-12     0.0143    99.6429      98.55    183.757     4.2216 2.5500e+02          1         41 0.0000e+00
   38.79542  -69.15667    12.7500   4.030784    34.5761     52.587     52.994    12.7565   4.075211    34.9962     0.1851 4.0719e-03     0.0122    99.6951      98.54    186.714     4.2900 2.5506e+02          1         67 0.0000e+00
   38.79542  -69.15668    12.7718   4.058148    34.8184     53.508     53.923    12.7819   4.080372    35.0221     0.2030 2.1026e-03     0.0118    99.7061      98.54    196.136     4.5072 2.5434e+02          1         44 0.0000e+00
   38.79542  -69.15668    12.8333   4.072612    34.8987     54.580     55.003    12.8332   4.087326    35.0400     0.1785 9.8531e-05     0.0236    99.4120      98.55    217.298     4.9938 2.5480e+02          1         35 0.0000e+00
   38.79542  -69.15668    12.9013   4.086313    34.9657     55.565     55.995    12.9068   4.097359    35.0664     0.1754 5.4064e-04     0.0115    99.7136      98.55    240.670     5.5311 2.5476e+02          1         47 0.0000e+00
   38.79542  -69.15668    12.9778   4.101010    35.0345     56.530     56.968    12.9828   4.107738    35.0942     0.1615 2.3148e-05     0.0111    99.7238      98.54    226.583     5.2076 2.5434e+02          1         48 0.0000e+00
   38.79542  -69.15669    12.9949   4.107001    35.0762     57.566     58.012    12.9937   4.109449    35.1009     0.1785 7.3485e-04     0.0107    99.7335      98.54    224.094     5.1505 2.5444e+02          1         44 0.0000e+00
   38.79542  -69.15670    13.1608   4.127664    35.1160     58.494     58.948    13.1611   4.128098    35.1200     0.1675 1.1065e-03     0.0093    99.7670      81.55    223.946     5.1471 2.5433e+02          1         52 0.0000e+00
   38.79542  -69.15670    13.2846   4.147683    35.1901     59.519     59.981    13.2890   4.148389    35.1928     0.1420 1.0000e-12     0.0074    99.8159      77.16    225.608     5.1855 2.5429e+02          1         41 0.0000e+00
   38.79542  -69.15670    13.2986   4.149999    35.2003     60.529     60.999    13.3005   4.150405    35.2025     0.1272 1.0000e-12     0.0045    99.8868      97.53    227.270     5.2237 2.5487e+02          1         50 0.0000e+00
   38.79542  -69.15670    13.3499   4.156136    35.2109     61.549     62.027    13.3517   4.156303    35.2109     0.1237 1.0000e-12     0.0047    99.8820      98.54    225.427     5.1813 2.5440e+02          1         42 0.0000e+00
   38.79543  -69.15671    13.4323   4.167552    35.2422     62.537     63.022    13.4264   4.166724    35.2400     0.1222 1.0000e-12     0.0040    99.9008      98.54    225.803     5.1900 2.5426e+02          1         69 0.0000e+00
   38.79544  -69.15672    13.4722   4.173364    35.2606     63.471     63.964    13.4739   4.173862    35.2637     0.1337 1.0000e-12     0.0031    99.9232      98.54    224.685     5.1643 2.5429e+02          1         34 0.0000e+00
   38.79544  -69.15672    13.5036   4.177017    35.2660     64.518     65.020    13.5039   4.177508    35.2704     0.0938 7.2080e-05     0.0010    99.9758      98.54    224.468     5.1593 2.5429e+02          1         41 0.0000e+00
   38.79544  -69.15672    13.5615   4.185468    35.2917     65.452     65.960    13.5594   4.185741    35.2962     0.0846 1.1461e-04     0.0004    99.9913      98.55    223.977     5.1481 2.5429e+02          1         45 0.0000e+00
   38.79544  -69.15672    13.5574   4.185219    35.2943     66.577     67.095    13.5564   4.185402    35.2968     0.0906 1.2362e-07     0.0004    99.9901      98.54    224.534     5.1609 2.5422e+02          1         66 0.0000e+00
   38.79544  -69.15672    13.5772   4.187853    35.3010     67.431     67.956    13.5802   4.188444    35.3036     0.1059 1.7958e-04    -0.0003   100.0085      98.55    223.378     5.1343 2.5424e+02          1         43 0.0000e+00
   38.79544  -69.15672    13.5962   4.190587    35.3089     68.476     69.008    13.5951   4.190618    35.3102     0.0962 1.0000e-12     0.0003    99.9929      98.54    224.246     5.1543 2.5409e+02          1         34 0.0000e+00
   38.79544  -69.15672    13.6095   4.192370    35.3134     69.493     70.034    13.6094   4.192463    35.3144     0.0959 7.4707e-05    -0.0004   100.0105      98.54    225.246     5.1773 2.5398e+02          1         58 0.0000e+00
