Data/ruptures/KN207-01/QL-1/20701027.cnv
* Sea-Bird SBE 9 Data File:
* FileName = C:\Data\ctd\20701027.hex
* Software Version Seasave V 7.21e
* Temperature SN = 4406
* Conductivity SN = 1474
* Number of Bytes Per Scan = 40
* Number of Voltage Words = 5
* Number of Scans Averaged by the Deck Unit = 1
* NMEA Latitude = 38 55.04 N
* NMEA Longitude = 068 59.94 W
* NMEA UTC (Time) = Apr 24 2012 23:32:42
** R/V Knorr Cruise # KN207-01 QL1
** Chief Scientist: Ben Van Mooy
# nquan = 21
# nvalues = 399                         
# units = specified
# name 0 = latitude: Latitude [deg]
# name 1 = longitude: Longitude [deg]
# name 2 = t090C: Temperature [ITS-90, deg C]
# name 3 = c0S/m: Conductivity [S/m]
# name 4 = sal00: Salinity, Practical [PSU]
# name 5 = depSM: Depth [salt water, m]
# name 6 = prDM: Pressure, Digiquartz [db]
# name 7 = t190C: Temperature, 2 [ITS-90, deg C]
# name 8 = c1S/m: Conductivity, 2 [S/m]
# name 9 = sal11: Salinity, Practical, 2 [PSU]
# name 10 = flECO-AFL: Fluorescence, WET Labs ECO-AFL/FL [mg/m^3]
# name 11 = par: PAR/Irradiance, Biospherical/Licor
# name 12 = bat: Beam Attenuation, Chelsea/Seatech [1/m]
# name 13 = xmiss: Beam Transmission, Chelsea/Seatech [%]
# name 14 = altM: Altimeter [m]
# name 15 = sbeox0Mm/Kg: Oxygen, SBE 43 [umol/kg]
# name 16 = sbeox0ML/L: Oxygen, SBE 43 [ml/l]
# name 17 = spar: SPAR/Surface Irradiance
# name 18 = pumps: Pump Status
# name 19 = nbin: number of scans per bin
# name 20 = flag: flag
# span 0 =   38.91728,   38.91744       
# span 1 =  -69.00008,  -68.99914       
# span 2 =    10.6087,    14.6908       
# span 3 =   3.813429,   4.352887       
# span 4 =    32.8838,    35.8401       
# span 5 =      2.271,    200.290       
# span 6 =      2.288,    201.915       
# span 7 =    10.6204,    14.6926       
# span 8 =   3.813920,   4.353201       
# span 9 =    33.5617,    35.8426       
# span 10 =     0.0044,     3.1248      
# span 11 = 1.0000e-12, 7.8282e-02      
# span 12 =    -0.0150,     0.3453      
# span 13 =    91.7302,   100.3770      
# span 14 =       5.27,      98.73      
# span 15 =    145.394,    437.523      
# span 16 =     3.3430,    10.0477      
# span 17 = 1.4089e+01, 1.7994e+01      
# span 18 =          1,          1      
# span 19 =         11,        564      
# span 20 = 0.0000e+00, 0.0000e+00      
# interval = decibars: 1                
# start_time = Apr 24 2012 23:32:42 [NMEA time, header]
# bad_flag = -9.990e-29
*END*
[from data line 345]
   38.91739  -68.99974    13.3746   4.161398    35.2541     54.561     54.984    13.3911   4.165240    35.2752     0.0903 1.0000e-12     0.0043    99.8917      98.55    228.100     5.2429 1.4946e+01          1         20 0.0000e+00
   38.91738  -68.99974    13.3527   4.158365    35.2454     53.476     53.891    13.3679   4.160493    35.2516     0.0944 1.0000e-12     0.0023    99.9433      98.55    227.803     5.2361 1.4666e+01          1         47 0.0000e+00
   38.91738  -68.99974    13.3961   4.164343    35.2591     52.585     52.993    13.4119   4.166440    35.2644     0.1115 6.9489e-05     0.0017    99.9582      98.55    228.953     5.2625 1.4925e+01          1        110 0.0000e+00
   38.91738  -68.99974    13.4195   4.167229    35.2635     51.664     52.064    13.3980   4.165086    35.2640     0.0889 1.0000e-12     0.0031    99.9240      98.55    228.636     5.2552 1.4615e+01          1         29 0.0000e+00
   38.91738  -68.99974    13.2948   4.150061    35.2198     50.645     51.038    13.3146   4.153798    35.2366     0.0903 1.0000e-12     0.0025    99.9380      98.55    229.715     5.2800 1.5392e+01          1         20 0.0000e+00
   38.91738  -68.99974    13.1391   4.129140    35.1692     49.623     50.007    13.1601   4.135114    35.2063     0.0947 1.0000e-12     0.0031    99.9238      98.55    229.985     5.2861 1.5169e+01          1         20 0.0000e+00
   38.91738  -68.99976    13.0298   4.114225    35.1306     48.583     48.959    13.0642   4.119855    35.1519     0.0988 1.0000e-12     0.0041    99.8976      98.56    229.458     5.2740 1.5057e+01          1         28 0.0000e+00
   38.91738  -68.99975    13.0919   4.122939    35.1515     47.639     48.007    13.0923   4.122713    35.1494     0.1224 8.3466e-03     0.0065    99.8390      98.56    231.103     5.3118 1.4882e+01          1        137 0.0000e+00
   38.91738  -68.99974    13.1584   4.131009    35.1638     46.676     47.037    13.1692   4.134714    35.1889     0.1061 1.8803e-02     0.0054    99.8634      98.57    230.294     5.2932 1.4834e+01          1         20 0.0000e+00
   38.91738  -68.99974    12.8999   4.096255    35.0791     45.671     46.024    12.9601   4.107350    35.1278     0.0910 4.4572e-03     0.0072    99.8202      98.56    232.602     5.3462 1.4747e+01          1         18 0.0000e+00
   38.91738  -68.99974    12.7023   4.070345    35.0191     44.615     44.960    12.7586   4.081369    35.0713     0.0951 6.9053e-03     0.0091    99.7716      98.56    232.695     5.3483 1.4500e+01          1         18 0.0000e+00
   38.91738  -68.99976    12.7306   4.074288    35.0264     43.471     43.807    12.7781   4.080097    35.0374     0.1566 1.0000e-12     0.0112    99.7210      98.56    232.915     5.3533 1.4892e+01          1        108 0.0000e+00
   38.91738  -68.99976    12.8327   4.087365    35.0525     42.681     43.011    12.8695   4.092625    35.0685     0.1754 1.0000e-12     0.0098    99.7542      98.56    232.803     5.3508 1.4648e+01          1         30 0.0000e+00
   38.91736  -68.99976    12.6086   4.059198    34.9960     41.647     41.968    12.6255   4.064606    35.0326     0.1767 1.0000e-12     0.0136    99.6617      98.56    234.007     5.3784 1.5137e+01          1         28 0.0000e+00
   38.91736  -68.99976    12.3336   4.023213    34.9102     40.639     40.953    12.4235   4.035210    34.9410     0.2269 1.9847e-05     0.0178    99.5566      59.83    233.937     5.3768 1.5108e+01          1         44 0.0000e+00
   38.91736  -68.99976    12.1419   3.997855    34.8443     39.746     40.053    12.2570   4.013741    34.8896     0.2334 7.8686e-05     0.0202    99.4958      98.56    236.043     5.4251 1.4941e+01          1         53 0.0000e+00
   38.91738  -68.99978    12.0548   3.984976    34.7986     38.658     38.957    12.0520   3.985362    34.8065     0.3288 1.0000e-12     0.0217    99.4607      98.56    238.655     5.4850 1.5007e+01          1         55 0.0000e+00
   38.91738  -68.99978    12.0010   3.979263    34.7899     37.805     38.097    12.0847   3.989904    34.8146     0.3753 1.0000e-12     0.0263    99.3442      98.57    240.235     5.5214 1.4944e+01          1        103 0.0000e+00
   38.91738  -68.99978    11.7995   3.952098    34.7132     36.643     36.925    11.8756   3.962097    34.7399     0.4096 1.0000e-12     0.0314    99.2183      98.56    240.520     5.5278 1.4864e+01          1        101 0.0000e+00
   38.91736  -68.99978    11.7667   3.947461    34.6961     35.673     35.948    11.8123   3.953585    34.7141     0.3999 1.0000e-12     0.0333    99.1709      98.56    242.222     5.5669 1.4436e+01          1         53 0.0000e+00
   38.91736  -68.99979    11.8332   3.956697    34.7210     34.885     35.153    11.8490   3.958684    34.7265     0.4481 1.0000e-12     0.0358    99.1094      98.56    242.030     5.5625 1.4959e+01          1        119 0.0000e+00
   38.91736  -68.99980    11.7390   3.944816    34.6932     33.842     34.103    11.7714   3.948541    34.6993     0.4055 1.0000e-12     0.0360    99.1038      98.56    241.790     5.5570 1.4797e+01          1        180 0.0000e+00
   38.91734  -68.99982    11.6233   3.929312    34.6492     32.754     33.006    11.6778   3.936265    34.6661     0.4236 1.0000e-12     0.0369    99.0822      82.16    242.156     5.5653 1.4783e+01          1        118 0.0000e+00
   38.91733  -68.99989    11.1259   3.864969    34.4785     31.835     32.081    11.1610   3.869514    34.4902     0.6111 1.8066e-05     0.0530    98.6829      97.99    248.179     5.7035 1.4520e+01          1        495 0.0000e+00
   38.91732  -68.99992    11.0819   3.859423    34.4637     30.858     31.096    11.0840   3.859901    34.4665     0.6816 1.0000e-12     0.0578    98.5665      98.58    249.532     5.7346 1.4603e+01          1        119 0.0000e+00
   38.91732  -68.99992    10.9492   3.842193    34.4203     29.789     30.018    10.9830   3.847585    34.4416     0.6140 1.0000e-12     0.0607    98.4939      98.57    249.842     5.7416 1.4659e+01          1         21 0.0000e+00
   38.91732  -68.99992    10.7672   3.817551    34.3495     28.741     28.963    10.8172   3.825575    34.3819     0.6505 1.0000e-12     0.0723    98.2100      98.57    250.574     5.7583 1.4089e+01          1         19 0.0000e+00
   38.91732  -68.99992    10.8225   3.818312    34.3023     27.773     27.987    10.8504   3.819458    34.2872     1.0077 3.2138e-05     0.1760    95.7054      82.68    252.020     5.7913 1.4294e+01          1         76 0.0000e+00
   38.91732  -68.99992    10.8615   3.821297    34.2943     26.798     27.004    10.8673   3.823270    34.3084     0.9318 6.8047e-06     0.1407    96.5453      98.58    251.922     5.7890 1.4828e+01          1         17 0.0000e+00
   38.91732  -68.99992    10.8791   3.813429    34.1988     25.722     25.920    10.8926   3.813920    34.1908     1.1847 1.0000e-12     0.2120    94.8407      98.57    249.468     5.7322 1.4094e+01          1         22 0.0000e+00
   38.91732  -68.99993    10.8855   3.815770    34.2157     25.057     25.249    10.9019   3.816038    34.2027     1.5413 1.0000e-12     0.2268    94.4913      98.58    256.116     5.8850 1.4449e+01          1         44 0.0000e+00
   38.91732  -68.99994    10.9103   3.815930    34.1933     23.785     23.968    10.9306   3.815968    34.1744     1.6307 1.0000e-12     0.2150    94.7662      98.58    258.723     5.9447 1.4128e+01          1         18 0.0000e+00
   38.91732  -68.99994    10.9593   3.815982    34.1472     22.739     22.914    10.9826   3.816495    34.1303     1.9060 1.0000e-12     0.2591    93.7293      98.57    259.082     5.9527 1.4257e+01          1         23 0.0000e+00
   38.91730  -68.99994    10.9466   3.816045    34.1607     22.104     22.273    10.9648   3.816968    34.1529     2.2818 1.0000e-12     0.2826    93.1812      98.58    267.052     6.1359 1.4197e+01          1         96 0.0000e+00
   38.91730  -68.99994    11.0615   3.823291    34.1236     20.894     21.054    11.0274   3.820847    34.1321     2.2665 1.0000e-12     0.2550    93.8251      98.57    268.338     6.1652 1.4089e+01          1         19 0.0000e+00
   38.91730  -68.99994    11.0990   3.825695    34.1125     19.858     20.010    11.0959   3.824196    34.1006     2.3808 1.0000e-12     0.2772    93.3052      98.57    268.356     6.1655 1.4500e+01          1         18 0.0000e+00
   38.91730  -68.99994    11.3941   3.847735    34.0506     18.827     18.971    11.5714   3.856381    33.9678     2.4388 1.0000e-12     0.3085    92.5760      98.59    267.626     6.1481 1.4303e+01          1         17 0.0000e+00
   38.91731  -68.99995    11.5703   3.861000    34.0176     17.977     18.115    11.5897   3.863016    34.0195     2.3220 1.0000e-12     0.3208    92.2921      98.58    270.123     6.2051 1.4398e+01          1         55 0.0000e+00
   38.91731  -68.99995    11.8018   3.879520    33.9869     16.694     16.822    11.7467   3.874580    33.9903     2.0482 5.4709e-04     0.3304    92.0715      98.58    273.715     6.2872 1.4205e+01          1        106 0.0000e+00
   38.91730  -68.99994    12.0784   3.903097    33.9657     15.838     15.960    12.0563   3.900573    33.9610     2.0245 9.3561e-05     0.3312    92.0533      98.58    276.787     6.3574 1.4245e+01          1        114 0.0000e+00
   38.91730  -68.99995    12.0414   3.899320    33.9694     14.875     14.989    12.0634   3.900806    33.9630     1.9600 1.9398e-04     0.3303    92.0735      98.59    276.229     6.3446 1.4311e+01          1         77 0.0000e+00
   38.91730  -68.99996    12.3345   3.925251    33.9510     13.905     14.012    12.2721   3.919550    33.9536     1.8080 1.6288e-04     0.3248    92.2020      98.59    276.069     6.3405 1.4348e+01          1        118 0.0000e+00
   38.91730  -68.99996    12.3299   3.925033    33.9587     12.887     12.986    12.4563   3.936319    33.9500     1.6130 6.9844e-04     0.3193    92.3288      92.72    273.772     6.2878 1.4321e+01          1        119 0.0000e+00
   38.91730  -68.99998    12.6209   3.951994    33.9501     11.890     11.981    12.6075   3.949583    33.9402     1.4394 3.5178e-05     0.3182    92.3545      69.10    274.523     6.3047 1.4441e+01          1         38 0.0000e+00
   38.91730  -68.99998    12.6152   3.951243    33.9524     10.979     11.063    12.6309   3.952206    33.9477     1.3846 1.2247e-03     0.3187    92.3418       5.81    271.298     6.2306 1.4228e+01          1         37 0.0000e+00
   38.91730  -69.00003    12.5779   3.947669    33.9571     10.115     10.192    12.5931   3.949081    33.9569     1.3369 1.3376e-03     0.3204    92.3039       5.43    272.492     6.2581 1.4313e+01          1        519 0.0000e+00
   38.91730  -69.00006    12.5686   3.946570    33.9557      8.871      8.938    12.5754   3.947328    33.9571     1.3675 1.1744e-03     0.3252    92.1909       5.62    274.376     6.3014 1.4151e+01          1         32 0.0000e+00
   38.91730  -69.00007    12.4852   3.938625    33.9566      8.108      8.170    12.5371   3.943757    33.9583     1.3635 3.7141e-03     0.3290    92.1033       5.83    274.025     6.2934 1.4398e+01          1         55 0.0000e+00
   38.91729  -69.00007    12.4810   3.937809    33.9518      7.092      7.146    12.4704   3.937019    33.9548     1.4073 3.5528e-05     0.3211    92.2874       6.05    274.369     6.3013 1.4276e+01          1         95 0.0000e+00
   38.91728  -69.00006    12.5383   3.943598    33.9548      5.886      5.931    12.5406   3.943645    33.9534     1.3507 1.6088e-02     0.3186    92.3441       5.85    273.373     6.2784 1.4177e+01          1        135 0.0000e+00
   38.91730  -69.00008    12.7149   3.960377    33.9534      4.849      4.887    12.6135   3.950315    33.9510     1.3294 1.2772e-02     0.3148    92.4312       6.06    272.573     6.2598 1.4363e+01          1         57 0.0000e+00
   38.91728  -69.00008    12.8139   3.969848    33.9554      4.200      4.231    12.7942   3.967971    33.9552     1.3007 6.0205e-02     0.3139    92.4521       6.13    269.641     6.1923 1.4268e+01          1        111 0.0000e+00
   38.91728  -69.00008    12.7996   3.968428    33.9571      2.947      2.970    12.7668   3.965009    33.9543     1.2482 7.5602e-02     0.3132    92.4681       5.80    269.233     6.1830 1.4221e+01          1         32 0.0000e+00
   38.91728  -69.00008    12.7838   3.966857    33.9577      2.271      2.288    12.7667   3.965224    33.9574     1.2851 7.8282e-02     0.3140    92.4495       5.69    269.464     6.1883 1.4165e+01          1         60 0.0000e+00
