Data/ruptures/KN207-01/QL-1/20701012.cnv
* Sea-Bird SBE 9 Data File:
* FileName = C:\Data\ctd\20701012.hex
* Software Version Seasave V 7.21e
* Temperature SN = 4406
* Conductivity SN = 1474
* Number of Bytes Per Scan = 40
* Number of Voltage Words = 5
* Number of Scans Averaged by the Deck Unit = 1
* NMEA Latitude = 38 59.81 N
* NMEA Longitude = 068 59.49 W
* NMEA UTC (Time) = Apr 23 2012 10:09:44
** R/V Knorr Cruise # KN207-01 QL1
** Chief Scientist: Ben Van Mooy
# nquan = 21
# nvalues = 397                         
# units = specified
# name 0 = latitude: Latitude [deg]
# name 1 = longitude: Longitude [deg]
# name 2 = t090C: Temperature [ITS-90, deg C]
# name 3 = c0S/m: Conductivity [S/m]
# name 4 = sal00: Salinity, Practical [PSU]
# name 5 = depSM: Depth [salt water, m]
# name 6 = prDM: Pressure, Digiquartz [db]
# name 7 = t190C: Temperature, 2 [ITS-90, deg C]
# name 8 = c1S/m: Conductivity, 2 [S/m]
# name 9 = sal11: Salinity, Practical, 2 [PSU]
# name 10 = flECO-AFL: Fluorescence, WET Labs ECO-AFL/FL [mg/m^3]
# name 11 = par: PAR/Irradiance, Biospherical/Licor
# name 12 = bat: Beam Attenuation, Chelsea/Seatech [1/m]
# name 13 = xmiss: Beam Transmission, Chelsea/Seatech [%]
# name 14 = altM: Altimeter [m]
# name 15 = sbeox0Mm/Kg: Oxygen, SBE 43 [umol/kg]
# name 16 = sbeox0ML/L: Oxygen, SBE 43 [ml/l]
# name 17 = spar: SPAR/Surface Irradiance
# name 18 = pumps: Pump Status
# name 19 = nbin: number of scans per bin
# name 20 = flag: flag
# span 0 =   38.99643,   38.99728       
# span 1 =  -68.99168,  -68.98643       
# span 2 =    11.2258,    14.6834       
# span 3 =   3.873614,   4.355958       
# span 4 =    33.7981,    35.8244       
# span 5 =      2.109,    198.986       
# span 6 =      2.125,    200.601       
# span 7 =    11.2261,    14.6807       
# span 8 =   3.873601,   4.355911       
# span 9 =    33.8469,    35.8258       
# span 10 =     0.0023,     2.6992      
# span 11 = 1.0000e-12, 5.2590e-01      
# span 12 =    -0.0153,     0.3049      
# span 13 =    92.6615,   100.3847      
# span 14 =       1.80,      98.77      
# span 15 =    140.148,    401.248      
# span 16 =     3.2224,     9.2158      
# span 17 = 1.7159e+01, 2.7531e+01      
# span 18 =          0,          1      
# span 19 =          8,        321      
# span 20 = 0.0000e+00, 0.0000e+00      
# interval = decibars: 1                
# start_time = Apr 23 2012 10:09:44 [NMEA time, header]
# bad_flag = -9.990e-29
*END*
[from data line 207]
   38.99672  -68.98886    13.3792   4.216617    35.7060    189.430    190.964    13.3822   4.216373    35.7008     0.0195 1.0000e-12    -0.0123   100.3066      98.65    140.303     3.2260 1.7440e+01          1         11 0.0000e+00
   38.99672  -68.98886    13.4090   4.220065    35.7106    188.402    189.927    13.3814   4.216662    35.7049     0.0080 1.0000e-12    -0.0128   100.3201      98.64    140.148     3.2224 1.7845e+01          1         13 0.0000e+00
   38.99671  -68.98885    13.4554   4.224956    35.7135    187.605    189.123    13.4305   4.222080    35.7101     0.0252 1.0000e-12    -0.0142   100.3547      98.64    140.810     3.2376 1.7233e+01          1         51 0.0000e+00
   38.99670  -68.98882    13.5244   4.232599    35.7215    186.445    187.953    13.5131   4.231009    35.7172     0.0354 1.0000e-12    -0.0142   100.3557      98.64    141.736     3.2589 1.7526e+01          1         14 0.0000e+00
   38.99670  -68.98882    13.5899   4.239817    35.7276    185.369    186.868    13.5746   4.237688    35.7221     0.0240 1.0000e-12    -0.0135   100.3381      98.63    141.949     3.2637 1.7526e+01          1         35 0.0000e+00
   38.99670  -68.98878    13.7206   4.253928    35.7402    184.510    186.002    13.7195   4.253741    35.7394     0.0242 1.0000e-12    -0.0147   100.3678      98.64    146.032     3.3576 1.7707e+01          1        113 0.0000e+00
   38.99670  -68.98878    13.7323   4.255106    35.7417    183.543    185.026    13.7318   4.255076    35.7418     0.0316 1.0000e-12    -0.0152   100.3803      98.65    146.896     3.3774 1.7659e+01          1         24 0.0000e+00
   38.99670  -68.98875    13.7388   4.255792    35.7426    182.546    184.021    13.7363   4.255536    35.7425     0.0449 1.0000e-12    -0.0147   100.3678      98.64    146.931     3.3782 1.7845e+01          1         17 0.0000e+00
   38.99670  -68.98874    13.7520   4.257250    35.7443    181.564    183.031    13.7485   4.256527    35.7407     0.0373 1.0000e-12    -0.0142   100.3557      98.64    146.848     3.3763 1.7845e+01          1         18 0.0000e+00
   38.99670  -68.98874    13.7845   4.260915    35.7482    180.527    181.984    13.7767   4.259578    35.7430     0.0361 1.0000e-12    -0.0146   100.3662      98.65    146.504     3.3684 1.7744e+01          1         22 0.0000e+00
   38.99670  -68.98874    13.8621   4.269804    35.7583    179.482    180.930    13.8653   4.269769    35.7549     0.0171 1.0000e-12    -0.0145   100.3638      98.64    146.627     3.3712 1.7791e+01          1         41 0.0000e+00
   38.99670  -68.98872    13.9527   4.279740    35.7672    178.798    180.241    13.9505   4.279154    35.7638     0.0333 1.0000e-12    -0.0146   100.3662      98.65    147.752     3.3970 1.7845e+01          1         27 0.0000e+00
   38.99670  -68.98870    13.9627   4.280602    35.7679    177.570    179.002    13.9618   4.280468    35.7676     0.0328 1.0000e-12    -0.0142   100.3557      98.65    148.241     3.4083 1.7845e+01          1         14 0.0000e+00
   38.99670  -68.98870    13.9745   4.281832    35.7688    176.544    177.968    13.9729   4.281498    35.7672     0.0292 1.0000e-12    -0.0122   100.3061      98.65    148.133     3.4058 1.7845e+01          1         14 0.0000e+00
   38.99670  -68.98870    13.9885   4.283268    35.7696    175.561    176.977    13.9782   4.282132    35.7687     0.0466 1.0000e-12    -0.0112   100.2802      98.65    148.210     3.4075 1.7706e+01          1         16 0.0000e+00
   38.99670  -68.98870    14.0151   4.286168    35.7720    174.561    175.968    14.0076   4.285108    35.7693     0.0563 1.0000e-12    -0.0140   100.3506      98.65    148.749     3.4199 1.7845e+01          1         30 0.0000e+00
   38.99670  -68.98870    14.2117   4.307836    35.7890    173.671    175.070    14.2161   4.307740    35.7839     0.0244 1.0000e-12    -0.0148   100.3699      98.64    150.601     3.4624 1.7779e+01          1        101 0.0000e+00
   38.99670  -68.98868    14.3158   4.318875    35.7966    172.580    173.970    14.3062   4.317680    35.7947     0.0354 1.0000e-12    -0.0141   100.3520      98.65    153.969     3.5398 1.7845e+01          1         14 0.0000e+00
   38.99670  -68.98868    14.3333   4.320710    35.7978    171.621    173.003    14.3238   4.319365    35.7944     0.0375 1.0000e-12    -0.0144   100.3612      98.65    153.961     3.5396 1.7686e+01          1         14 0.0000e+00
   38.99670  -68.98868    14.3582   4.323286    35.7990    170.598    171.971    14.3536   4.322400    35.7951     0.0311 1.0000e-12    -0.0144   100.3606      98.64    154.230     3.5457 1.7739e+01          1         21 0.0000e+00
   38.99670  -68.98868    14.3918   4.326991    35.8027    169.594    170.958    14.3916   4.326844    35.8015     0.0502 1.0000e-12    -0.0143   100.3584      98.64    155.722     3.5800 1.7728e+01          1         38 0.0000e+00
   38.99670  -68.98867    14.4066   4.328482    35.8039    168.674    170.031    14.4088   4.328875    35.8054     0.0182 1.0000e-12    -0.0148   100.3699      98.64    157.264     3.6155 1.7845e+01          1         38 0.0000e+00
   38.99670  -68.98866    14.4263   4.330601    35.8062    167.624    168.972    14.4171   4.329441    35.8041     0.0206 1.0000e-12    -0.0149   100.3744      98.65    157.830     3.6285 1.7845e+01          1         33 0.0000e+00
   38.99669  -68.98866    14.4622   4.334299    35.8083    166.537    167.875    14.4620   4.334237    35.8079     0.0255 1.0000e-12    -0.0146   100.3653      98.65    158.855     3.6520 1.7864e+01          1        115 0.0000e+00
   38.99668  -68.98866    14.4643   4.334378    35.8087    165.782    167.114    14.4612   4.334173    35.8098     0.0423 1.0000e-12    -0.0140   100.3511      98.65    159.615     3.6695 1.7845e+01          1         45 0.0000e+00
   38.99668  -68.98866    14.4674   4.334675    35.8093    164.717    166.041    14.4661   4.334519    35.8091     0.0162 1.0000e-12    -0.0148   100.3706      98.65    159.601     3.6692 1.7845e+01          1         19 0.0000e+00
   38.99668  -68.98865    14.4724   4.335164    35.8098    163.720    165.035    14.4694   4.334825    35.8093     0.0150 1.0000e-12    -0.0151   100.3777      98.65    159.583     3.6687 1.7845e+01          1         14 0.0000e+00
   38.99668  -68.98864    14.4798   4.335930    35.8103    162.678    163.984    14.4778   4.335533    35.8085     0.0140 1.0000e-12    -0.0145   100.3630      98.64    159.350     3.6634 1.7686e+01          1         14 0.0000e+00
   38.99668  -68.98864    14.4920   4.337222    35.8113    161.679    162.977    14.4872   4.336686    35.8109     0.0045 1.0000e-12    -0.0140   100.3506      98.65    159.398     3.6645 1.7845e+01          1         15 0.0000e+00
   38.99668  -68.98864    14.5133   4.339448    35.8122    160.690    161.980    14.4990   4.337608    35.8087     0.0100 1.0000e-12    -0.0142   100.3557      98.66    159.586     3.6688 1.7845e+01          1         18 0.0000e+00
   38.99668  -68.98863    14.5697   4.345598    35.8170    159.603    160.884    14.5667   4.345188    35.8160     0.0291 1.0000e-12    -0.0143   100.3587      98.65    161.993     3.7241 1.7808e+01          1        119 0.0000e+00
   38.99668  -68.98862    14.5772   4.346356    35.8185    158.856    160.130    14.5807   4.346807    35.8193     0.0327 1.0000e-12    -0.0147   100.3697      98.65    163.842     3.7666 1.7813e+01          1         70 0.0000e+00
   38.99668  -68.98862    14.5833   4.346963    35.8192    157.747    159.012    14.5825   4.346794    35.8184     0.0227 1.0000e-12    -0.0142   100.3545      98.65    163.752     3.7645 1.7739e+01          1         21 0.0000e+00
   38.99668  -68.98862    14.6013   4.348841    35.8200    156.756    158.012    14.5928   4.347876    35.8192     0.0434 1.0000e-12    -0.0142   100.3557      98.65    163.865     3.7671 1.7845e+01          1         18 0.0000e+00
   38.99665  -68.98857    14.6778   4.355958    35.8160    155.728    156.976    14.6767   4.355911    35.8165     0.0270 1.0000e-12    -0.0134   100.3347      98.65    169.901     3.9058 1.7831e+01          1        321 0.0000e+00
   38.99662  -68.98852    14.6834   4.355866    35.8114    154.769    156.008    14.6802   4.355272    35.8090     0.0292 1.0000e-12    -0.0143   100.3589      98.65    172.250     3.9598 1.7845e+01          1         32 0.0000e+00
   38.99661  -68.98852    14.6711   4.353105    35.7980    153.898    155.130    14.6715   4.353324    35.7996     0.0295 1.0000e-12    -0.0131   100.3288      98.65    175.735     4.0399 1.7865e+01          1        110 0.0000e+00
   38.99658  -68.98848    14.6667   4.352025    35.7925    152.795    154.018    14.6670   4.352233    35.7941     0.0312 1.0000e-12    -0.0120   100.3006      98.65    178.675     4.1075 1.7925e+01          1         28 0.0000e+00
   38.99653  -68.98842    14.6681   4.352263    35.7938    151.907    153.123    14.6682   4.352386    35.7948     0.0318 3.4721e-08    -0.0136   100.3410      98.66    178.206     4.0967 1.8120e+01          1        235 0.0000e+00
   38.99650  -68.98830    14.6661   4.351676    35.7909    150.780    151.987    14.6670   4.352058    35.7936     0.0422 1.0000e-12    -0.0131   100.3282      98.66    176.491     4.0572 1.8164e+01          1         14 0.0000e+00
   38.99650  -68.98830    14.6651   4.351341    35.7892    149.751    150.949    14.6648   4.351422    35.7902     0.0374 1.0000e-12    -0.0131   100.3273      98.66    178.507     4.1036 1.8784e+01          1         19 0.0000e+00
   38.99650  -68.98832    14.6619   4.350601    35.7858    148.748    149.937    14.6628   4.350912    35.7877     0.0283 1.0000e-12    -0.0137   100.3436      98.66    179.822     4.1338 1.8589e+01          1         36 0.0000e+00
   38.99650  -68.98832    14.6612   4.350586    35.7865    147.809    148.990    14.6599   4.350395    35.7860     0.0322 1.0000e-12    -0.0138   100.3466      98.67    181.585     4.1743 1.8638e+01          1         45 0.0000e+00
   38.99649  -68.98831    14.6502   4.348510    35.7780    147.106    148.282    14.6524   4.349015    35.7806     0.0314 1.0000e-12    -0.0139   100.3470      98.66    182.387     4.1927 1.8320e+01          1         47 0.0000e+00
   38.99649  -68.98828    14.6448   4.347489    35.7740    145.788    146.952    14.6493   4.348370    35.7778     0.0465 1.0000e-12    -0.0141   100.3523      98.66    183.223     4.2120 1.9035e+01          1         15 0.0000e+00
   38.99650  -68.98828    14.6427   4.347062    35.7725    144.833    145.989    14.6457   4.347782    35.7762     0.0470 1.0000e-12    -0.0139   100.3484      98.67    183.329     4.2144 1.8482e+01          1         14 0.0000e+00
   38.99650  -68.98828    14.6406   4.346610    35.7706    143.877    145.025    14.6415   4.346941    35.7729     0.0211 1.0000e-12    -0.0141   100.3540      98.66    183.602     4.2207 1.8737e+01          1         15 0.0000e+00
   38.99650  -68.98828    14.6380   4.346084    35.7686    142.848    143.988    14.6393   4.346499    35.7713     0.0214 1.0000e-12    -0.0134   100.3364      98.67    183.805     4.2253 1.8403e+01          1         16 0.0000e+00
   38.99650  -68.98828    14.6338   4.345147    35.7644    141.809    142.940    14.6353   4.345694    35.7680     0.0223 1.0000e-12    -0.0133   100.3332      98.66    184.089     4.2319 1.8403e+01          1         16 0.0000e+00
   38.99650  -68.98828    14.6311   4.344411    35.7605    140.859    141.983    14.6321   4.344817    35.7633     0.0213 1.0000e-12    -0.0137   100.3429      98.66    184.523     4.2418 1.8960e+01          1         14 0.0000e+00
   38.99650  -68.98828    14.6300   4.343974    35.7578    139.905    141.021    14.6313   4.344541    35.7618     0.0178 1.0000e-12    -0.0138   100.3454      98.67    184.935     4.2513 1.8403e+01          1         20 0.0000e+00
   38.99650  -68.98827    14.6284   4.343455    35.7548    138.932    140.039    14.6300   4.343963    35.7580     0.0374 1.0000e-12    -0.0132   100.3295      98.66    187.462     4.3094 1.8619e+01          1         98 0.0000e+00
   38.99652  -68.98824    14.6103   4.339546    35.7362    137.898    138.997    14.6237   4.342416    35.7500     0.0393 1.0000e-12    -0.0133   100.3314      98.66    191.254     4.3965 1.8465e+01          1         18 0.0000e+00
   38.99652  -68.98824    14.5965   4.337087    35.7269    136.870    137.960    14.6100   4.340033    35.7413     0.0300 1.0000e-12    -0.0132   100.3288      98.67    191.917     4.4117 1.8907e+01          1         21 0.0000e+00
   38.99652  -68.98824    14.5883   4.335584    35.7211    135.912    136.995    14.5930   4.336823    35.7282     0.0259 1.0000e-12    -0.0119   100.2966      98.67    191.886     4.4110 1.9072e+01          1         20 0.0000e+00
   38.99652  -68.98824    14.5838   4.334845    35.7189    134.954    136.029    14.5880   4.335731    35.7231     0.0365 1.0000e-12    -0.0127   100.3188      98.66    192.252     4.4194 1.8961e+01          1         16 0.0000e+00
   38.99652  -68.98824    14.5788   4.333919    35.7153    133.951    135.017    14.5836   4.335227    35.7230     0.0127 1.0000e-12    -0.0135   100.3386      98.66    192.872     4.4337 1.8775e+01          1         12 0.0000e+00
   38.99652  -68.98824    14.5684   4.332025    35.7081    132.961    134.019    14.5712   4.332838    35.7130     0.0057 1.9384e-05    -0.0137   100.3428      98.65    193.207     4.4413 1.8514e+01          1         10 0.0000e+00
   38.99652  -68.98824    14.5615   4.330654    35.7023    131.938    132.988    14.5624   4.331211    35.7067     0.0181 1.8999e-04    -0.0136   100.3396      98.66    193.808     4.4551 1.8403e+01          1          8 0.0000e+00
   38.99652  -68.98824    14.5545   4.329387    35.6975    130.964    132.005    14.5558   4.329992    35.7020     0.0299 4.9581e-05    -0.0131   100.3274      98.67    193.954     4.4585 1.8514e+01          1         10 0.0000e+00
   38.99652  -68.98824    14.5417   4.327212    35.6900    129.916    130.949    14.5472   4.328528    35.6970     0.0271 3.6263e-06    -0.0131   100.3271      98.67    194.102     4.4619 1.8589e+01          1          9 0.0000e+00
   38.99652  -68.98824    14.5334   4.325576    35.6830    128.930    129.955    14.5389   4.327162    35.6925     0.0292 2.4477e-06    -0.0131   100.3274      98.67    194.135     4.4626 1.8514e+01          1         10 0.0000e+00
   38.99652  -68.98824    14.5257   4.324330    35.6791    127.886    128.902    14.5287   4.325213    35.6846     0.0292 1.0000e-12    -0.0128   100.3188      98.67    194.536     4.4718 1.8403e+01          1         16 0.0000e+00
   38.99653  -68.98823    14.5248   4.324395    35.6804    127.249    128.260    14.5337   4.325789    35.6849     0.0239 2.9140e-07    -0.0119   100.2970      98.66    196.156     4.5091 1.8562e+01          1         28 0.0000e+00
   38.99654  -68.98822    14.5333   4.325539    35.6829    126.016    127.017    14.5338   4.325984    35.6866     0.0442 1.0000e-12    -0.0098   100.2443      98.66    196.539     4.5179 1.8093e+01          1          9 0.0000e+00
   38.99654  -68.98822    14.5308   4.324964    35.6803    125.025    126.017    14.5286   4.324926    35.6822     0.0455 7.4174e-07    -0.0090   100.2249      98.66    197.864     4.5483 1.8453e+01          1         11 0.0000e+00
   38.99654  -68.98822    14.5288   4.324381    35.6772    124.011    124.995    14.5286   4.324714    35.6805     0.0157 1.0000e-12    -0.0113   100.2829      98.66    199.375     4.5830 1.8403e+01          1         12 0.0000e+00
   38.99654  -68.98822    14.5279   4.323875    35.6738    123.041    124.017    14.5278   4.324319    35.6780     0.0187 1.0000e-12    -0.0118   100.2957      98.67    200.790     4.6156 1.8589e+01          1         15 0.0000e+00
