Data/ruptures/KN207-01/QL-1/20701037.cnv
* Sea-Bird SBE 9 Data File:
* FileName = C:\Data\ctd\20701037.hex
* Software Version Seasave V 7.21e
* Temperature SN = 4406
* Conductivity SN = 1474
* Number of Bytes Per Scan = 40
* Number of Voltage Words = 5
* Number of Scans Averaged by the Deck Unit = 1
* NMEA Latitude = 38 48.51 N
* NMEA Longitude = 069 07.19 W
* NMEA UTC (Time) = Apr 26 2012 12:08:14
** R/V Knorr Cruise # KN207-01 QL1
** Chief Scientist: Ben Van Mooy
# nquan = 21
# nvalues = 400                         
# units = specified
# name 0 = latitude: Latitude [deg]
# name 1 = longitude: Longitude [deg]
# name 2 = t090C: Temperature [ITS-90, deg C]
# name 3 = c0S/m: Conductivity [S/m]
# name 4 = sal00: Salinity, Practical [PSU]
# name 5 = depSM: Depth [salt water, m]
# name 6 = prDM: Pressure, Digiquartz [db]
# name 7 = t190C: Temperature, 2 [ITS-90, deg C]
# name 8 = c1S/m: Conductivity, 2 [S/m]
# name 9 = sal11: Salinity, Practical, 2 [PSU]
# name 10 = flECO-AFL: Fluorescence, WET Labs ECO-AFL/FL [mg/m^3]
# name 11 = par: PAR/Irradiance, Biospherical/Licor
# name 12 = bat: Beam Attenuation, Chelsea/Seatech [1/m]
# name 13 = xmiss: Beam Transmission, Chelsea/Seatech [%]
# name 14 = altM: Altimeter [m]
# name 15 = sbeox0Mm/Kg: Oxygen, SBE 43 [umol/kg]
# name 16 = sbeox0ML/L: Oxygen, SBE 43 [ml/l]
# name 17 = spar: SPAR/Surface Irradiance
# name 18 = pumps: Pump Status
# name 19 = nbin: number of scans per bin
# name 20 = flag: flag
# span 0 =   38.80804,   38.80862       
# span 1 =  -69.12182,  -69.11996       
# span 2 =    11.2356,    14.7307       
# span 3 =   3.512450,   4.360906       
# span 4 =    29.9088,    35.8284       
# span 5 =      2.437,    199.956       
# span 6 =      2.455,    201.577       
# span 7 =    11.2475,    14.7306       
# span 8 =   3.727986,   4.361106       
# span 9 =    31.9771,    35.8307       
# span 10 =     0.0017,     2.7699      
# span 11 = 1.0000e-12, 1.4295e+01      
# span 12 =    -0.0140,     0.4312      
# span 13 =    89.8244,   100.3509      
# span 14 =      28.88,      98.70      
# span 15 =    140.054,    462.367      
# span 16 =     3.2202,    10.6176      
# span 17 = 2.2159e+03, 2.3065e+03      
# span 18 =          1,          1      
# span 19 =          1,        971      
# span 20 = 0.0000e+00, 0.0000e+00      
# interval = decibars: 1                
# start_time = Apr 26 2012 12:08:14 [NMEA time, header]
# bad_flag = -9.990e-29
*END*
[from data line 69]
   38.80852  -69.12018    13.6270   4.193463    35.3023     71.437     71.993    13.6237   4.193122    35.3022     0.1541 1.0000e-12     0.0302    99.2477      98.53    228.010     5.2408 2.2253e+03          1         38 0.0000e+00
   38.80852  -69.12018    13.6566   4.197304    35.3114     72.443     73.008    13.6682   4.198648    35.3130     0.1608 9.0918e-04     0.0164    99.5920      98.53    228.134     5.2436 2.2298e+03          1         45 0.0000e+00
   38.80852  -69.12018    13.6658   4.198493    35.3152     73.414     73.986    13.6663   4.198630    35.3161     0.1684 4.8661e-03     0.0351    99.1282      98.53    228.194     5.2450 2.2456e+03          1         61 0.0000e+00
   38.80852  -69.12020    13.6972   4.202529    35.3243     74.366     74.946    13.7127   4.204342    35.3268     0.1541 1.0000e-12     0.0157    99.6093      98.53    228.472     5.2514 2.2362e+03          1         52 0.0000e+00
   38.80852  -69.12020    13.7236   4.205986    35.3324     75.380     75.967    13.7248   4.206125    35.3326     0.1465 1.0000e-12     0.0170    99.5766      98.53    228.422     5.2503 2.2213e+03          1         29 0.0000e+00
   38.80852  -69.12020    13.7381   4.207885    35.3366     76.419     77.015    13.7377   4.207891    35.3372     0.1427 1.0000e-12     0.0149    99.6287      98.53    228.415     5.2501 2.2255e+03          1         28 0.0000e+00
   38.80852  -69.12020    13.7323   4.207236    35.3366     77.415     78.019    13.7259   4.206567    35.3365     0.1672 1.0000e-12     0.0157    99.6097      98.53    228.806     5.2591 2.2456e+03          1         93 0.0000e+00
   38.80852  -69.12020    13.7440   4.208777    35.3404     78.353     78.964    13.7433   4.208686    35.3402     0.1486 1.0000e-12     0.0156    99.6120      98.53    229.045     5.2646 2.2337e+03          1         30 0.0000e+00
   38.80852  -69.12022    13.7477   4.209303    35.3417     79.415     80.035    13.7480   4.209433    35.3426     0.1571 1.0000e-12     0.0147    99.6326      98.53    229.254     5.2694 2.2254e+03          1         30 0.0000e+00
   38.80852  -69.12022    13.7498   4.209608    35.3425     80.389     81.017    13.7499   4.209681    35.3431     0.1659 1.0000e-12     0.0137    99.6580      98.53    229.102     5.2659 2.2352e+03          1         55 0.0000e+00
   38.80852  -69.12022    13.8549   4.224409    35.3817     81.367     82.003    13.8516   4.223073    35.3723     0.1795 1.0000e-12     0.0173    99.5686      98.53    228.266     5.2467 2.2401e+03          1         45 0.0000e+00
   38.80850  -69.12022    13.9165   4.232868    35.4033     82.371     83.015    13.9156   4.232827    35.4037     0.1277 1.0000e-12     0.0127    99.6821      98.53    227.204     5.2223 2.2406e+03          1         58 0.0000e+00
   38.80850  -69.12022    13.9197   4.233337    35.4053     83.326     83.977    13.9196   4.233385    35.4058     0.1204 1.0000e-12     0.0122    99.6943      98.53    225.020     5.1721 2.2370e+03          1         45 0.0000e+00
   38.80852  -69.12022    13.9234   4.233844    35.4068     84.329     84.989    13.9232   4.233918    35.4077     0.1286 1.0000e-12     0.0080    99.7992      98.53    224.993     5.1715 2.2369e+03          1         43 0.0000e+00
   38.80852  -69.12022    13.9260   4.234225    35.4080     85.316     85.983    13.9256   4.234261    35.4087     0.1007 1.0000e-12     0.0076    99.8112      98.53    225.059     5.1730 2.2398e+03          1         38 0.0000e+00
   38.80852  -69.12022    13.9296   4.234749    35.4095     86.379     87.055    13.9292   4.234761    35.4099     0.1162 1.0000e-12     0.0071    99.8228      98.53    224.948     5.1705 2.2373e+03          1         41 0.0000e+00
   38.80850  -69.12022    13.9354   4.235559    35.4117     87.223     87.905    13.9341   4.235441    35.4118     0.1220 1.0000e-12     0.0074    99.8166      98.53    225.264     5.1778 2.2388e+03          1         77 0.0000e+00
   38.80850  -69.12022    13.9410   4.236387    35.4141     88.310     89.002    13.9404   4.236367    35.4144     0.1076 1.0000e-12     0.0068    99.8296      98.53    225.138     5.1749 2.2416e+03          1         30 0.0000e+00
   38.80850  -69.12023    13.9434   4.236760    35.4150     89.313     90.013    13.9430   4.236809    35.4158     0.1090 1.0000e-12     0.0067    99.8322      98.53    225.102     5.1740 2.2404e+03          1         30 0.0000e+00
   38.80850  -69.12024    13.9447   4.236995    35.4158     90.333     91.041    13.9448   4.237079    35.4164     0.1151 1.0000e-12     0.0061    99.8472      98.53    224.928     5.1700 2.2358e+03          1         69 0.0000e+00
   38.80850  -69.12024    13.9517   4.238025    35.4186     91.245     91.960    13.9509   4.237853    35.4178     0.1074 1.0000e-12     0.0062    99.8434      98.53    225.312     5.1789 2.2404e+03          1         43 0.0000e+00
   38.80850  -69.12024    13.9764   4.241801    35.4303     92.267     92.990    13.9763   4.242018    35.4324     0.1213 1.0000e-12     0.0056    99.8583      98.53    224.867     5.1686 2.2425e+03          1         37 0.0000e+00
   38.80850  -69.12024    13.9593   4.240327    35.4325     93.255     93.986    13.9573   4.240005    35.4313     0.0687 1.0000e-12     0.0047    99.8835      98.53    224.212     5.1536 2.2399e+03          1         46 0.0000e+00
   38.80850  -69.12024    13.9803   4.243129    35.4385     94.254     94.994    13.9790   4.243007    35.4386     0.0697 1.0000e-12     0.0019    99.9518      98.53    221.959     5.1018 2.2364e+03          1         56 0.0000e+00
   38.80850  -69.12024    13.9893   4.244543    35.4431     95.196     95.943    13.9876   4.244311    35.4425     0.0570 1.0000e-12     0.0016    99.9591      98.53    221.937     5.1014 2.2349e+03          1         49 0.0000e+00
   38.80850  -69.12024    13.9905   4.244911    35.4451     96.240     96.995    13.9899   4.244897    35.4455     0.0546 1.0000e-12    -0.0011   100.0260      98.53    221.540     5.0922 2.2415e+03          1         35 0.0000e+00
   38.80850  -69.12026    14.0187   4.249225    35.4584     97.297     98.061    14.0169   4.248808    35.4562     0.0623 1.0000e-12    -0.0036   100.0894      98.53    221.521     5.0918 2.2442e+03          1         50 0.0000e+00
   38.80850  -69.12026    14.0620   4.255405    35.4751     98.172     98.943    14.0666   4.255954    35.4759     0.0586 1.0000e-12    -0.0018   100.0444      98.54    220.038     5.0577 2.2383e+03          1         54 0.0000e+00
   38.80850  -69.12026    14.0837   4.258527    35.4837     99.232    100.012    14.0838   4.258487    35.4832     0.0483 1.0000e-12    -0.0056   100.1387      98.53    219.927     5.0552 2.2331e+03          1         36 0.0000e+00
   38.80850  -69.12026    14.1003   4.260898    35.4901    100.249    101.036    14.0999   4.260855    35.4901     0.0518 1.0000e-12    -0.0070   100.1763      98.53    220.040     5.0578 2.2379e+03          1         52 0.0000e+00
   38.80850  -69.12026    14.1375   4.266213    35.5047    101.121    101.916    14.1361   4.265828    35.5024     0.0402 1.0000e-12    -0.0079   100.1960      98.53    220.303     5.0639 2.2440e+03          1         56 0.0000e+00
   38.80850  -69.12028    14.1760   4.271516    35.5177    102.148    102.951    14.1747   4.271306    35.5170     0.0584 1.0000e-12    -0.0077   100.1932      98.53    219.940     5.0555 2.2383e+03          1         31 0.0000e+00
   38.80850  -69.12028    14.2040   4.275481    35.5282    103.225    104.036    14.2043   4.275365    35.5268     0.0507 1.0000e-12    -0.0076   100.1903      98.53    219.382     5.0427 2.2361e+03          1         39 0.0000e+00
   38.80850  -69.12028    14.2187   4.277436    35.5329    104.102    104.922    14.2191   4.277546    35.5336     0.0477 1.0000e-12    -0.0079   100.1980      98.53    218.611     5.0250 2.2416e+03          1         66 0.0000e+00
   38.80850  -69.12028    14.2330   4.279742    35.5411    105.136    105.963    14.2326   4.279673    35.5408     0.0396 1.0000e-12    -0.0076   100.1899      98.53    218.451     5.0213 2.2433e+03          1         42 0.0000e+00
   38.80850  -69.12028    14.2463   4.282179    35.5511    106.171    107.007    14.2467   4.282171    35.5507     0.0370 1.0000e-12    -0.0072   100.1817      98.53    218.293     5.0177 2.2378e+03          1         35 0.0000e+00
   38.80849  -69.12028    14.2585   4.283864    35.5553    107.206    108.050    14.2578   4.283812    35.5554     0.0428 1.0000e-12    -0.0083   100.2062      98.53    216.782     4.9830 2.2392e+03          1         49 0.0000e+00
   38.80848  -69.12028    14.2672   4.285070    35.5583    108.110    108.962    14.2672   4.285117    35.5588     0.0453 1.0000e-12    -0.0083   100.2057      98.53    216.199     4.9696 2.2431e+03          1         55 0.0000e+00
   38.80848  -69.12028    14.2860   4.287837    35.5662    109.100    109.960    14.2850   4.287590    35.5649     0.0318 1.0000e-12    -0.0084   100.2108      98.53    216.521     4.9770 2.2434e+03          1         44 0.0000e+00
   38.80848  -69.12030    14.3046   4.290545    35.5737    110.103    110.971    14.3050   4.290646    35.5742     0.0402 1.0000e-12    -0.0092   100.2300      98.53    216.809     4.9837 2.2351e+03          1         28 0.0000e+00
   38.80848  -69.12030    14.3104   4.291417    35.5761    111.148    112.025    14.3105   4.291435    35.5762     0.0466 1.0000e-12    -0.0080   100.1985      98.53    217.246     4.9937 2.2350e+03          1         26 0.0000e+00
   38.80848  -69.12030    14.3228   4.293138    35.5803    112.301    113.187    14.3221   4.293111    35.5807     0.0437 1.0000e-12    -0.0081   100.2022      98.53    216.508     4.9767 2.2425e+03          1         77 0.0000e+00
   38.80848  -69.12030    14.3439   4.296230    35.5891    113.047    113.939    14.3456   4.296317    35.5883     0.0531 1.0000e-12    -0.0081   100.2030      98.54    215.959     4.9641 2.2421e+03          1         35 0.0000e+00
   38.80848  -69.12030    14.3623   4.298795    35.5953    114.096    114.996    14.3622   4.298746    35.5950     0.0465 1.0000e-12    -0.0081   100.2027      98.54    216.271     4.9713 2.2398e+03          1         22 0.0000e+00
   38.80848  -69.12030    14.3704   4.300009    35.5987    115.112    116.021    14.3701   4.299974    35.5986     0.0191 1.0000e-12    -0.0083   100.2056      98.53    216.686     4.9808 2.2391e+03          1         25 0.0000e+00
   38.80848  -69.12031    14.3887   4.302741    35.6066    116.132    117.049    14.3882   4.302591    35.6057     0.0235 1.0000e-12    -0.0086   100.2147      98.53    216.558     4.9779 2.2435e+03          1         41 0.0000e+00
   38.80848  -69.12032    14.4107   4.305890    35.6151    117.045    117.969    14.4102   4.305787    35.6146     0.0369 1.0000e-12    -0.0088   100.2208      98.54    215.914     4.9631 2.2448e+03          1         48 0.0000e+00
   38.80848  -69.12032    14.4407   4.310235    35.6270    118.047    118.980    14.4398   4.310020    35.6259     0.0292 1.0000e-12    -0.0089   100.2224      98.54    215.300     4.9490 2.2427e+03          1         43 0.0000e+00
   38.80848  -69.12032    14.4775   4.315678    35.6427    119.053    119.995    14.4764   4.315246    35.6397     0.0209 1.0000e-12    -0.0093   100.2327      98.53    214.685     4.9349 2.2363e+03          1         33 0.0000e+00
   38.80848  -69.12032    14.4966   4.318406    35.6498    120.040    120.989    14.4963   4.318436    35.6504     0.0187 1.0000e-12    -0.0097   100.2415      98.54    213.636     4.9108 2.2351e+03          1         27 0.0000e+00
   38.80848  -69.12032    14.5069   4.320043    35.6553    121.049    122.006    14.5072   4.320102    35.6555     0.0224 1.0000e-12    -0.0097   100.2419      98.54    213.148     4.8996 2.2452e+03          1         35 0.0000e+00
   38.80848  -69.12033    14.5098   4.320674    35.6584    122.015    122.981    14.5097   4.320764    35.6594     0.0323 1.0000e-12    -0.0101   100.2523      98.54    213.267     4.9023 2.2508e+03          1         45 0.0000e+00
   38.80848  -69.12034    14.5110   4.320990    35.6603    123.026    123.999    14.5107   4.320957    35.6603     0.0290 1.0000e-12    -0.0103   100.2577      98.54    212.267     4.8793 2.2461e+03          1         27 0.0000e+00
   38.80848  -69.12034    14.5254   4.323414    35.6688    124.028    125.010    14.5250   4.323246    35.6676     0.0140 1.0000e-12    -0.0105   100.2639      98.53    211.272     4.8565 2.2386e+03          1         21 0.0000e+00
   38.80848  -69.12034    14.5437   4.326176    35.6768    125.005    125.995    14.5423   4.325813    35.6748     0.0381 1.0000e-12    -0.0099   100.2482      98.54    210.971     4.8496 2.2348e+03          1         22 0.0000e+00
   38.80848  -69.12034    14.5677   4.329582    35.6855    126.035    127.034    14.5650   4.329047    35.6831     0.0435 1.0000e-12    -0.0098   100.2459      98.54    209.534     4.8166 2.2394e+03          1         33 0.0000e+00
   38.80848  -69.12034    14.5936   4.333342    35.6959    126.932    127.937    14.5934   4.333269    35.6954     0.0287 1.0000e-12    -0.0100   100.2492      98.54    209.481     4.8153 2.2441e+03          1         55 0.0000e+00
   38.80848  -69.12034    14.6068   4.335520    35.7036    127.958    128.972    14.6066   4.335558    35.7042     0.0519 1.0000e-12    -0.0107   100.2693      98.54    211.702     4.8664 2.2414e+03          1         25 0.0000e+00
   38.80848  -69.12034    14.6054   4.335540    35.7050    128.964    129.987    14.6053   4.335640    35.7060     0.0272 1.0000e-12    -0.0117   100.2922      98.54    211.467     4.8610 2.2396e+03          1         17 0.0000e+00
   38.80848  -69.12034    14.6019   4.335243    35.7053    129.915    130.945    14.6014   4.335326    35.7065     0.0169 1.0000e-12    -0.0121   100.3028      98.54    210.925     4.8486 2.2392e+03          1         17 0.0000e+00
   38.80848  -69.12034    14.6127   4.337093    35.7119    130.936    131.975    14.6137   4.336952    35.7097     0.0310 1.0000e-12    -0.0117   100.2927      98.54    209.838     4.8236 2.2438e+03          1         20 0.0000e+00
   38.80848  -69.12034    14.6354   4.340276    35.7196    131.964    133.012    14.6349   4.340133    35.7187     0.0363 1.0000e-12    -0.0113   100.2821      98.54    207.536     4.7707 2.2488e+03          1         29 0.0000e+00
   38.80848  -69.12034    14.6502   4.342601    35.7271    132.921    133.977    14.6499   4.342558    35.7269     0.0116 1.0000e-12    -0.0115   100.2869      98.54    205.645     4.7272 2.2475e+03          1         37 0.0000e+00
   38.80848  -69.12034    14.6642   4.345056    35.7364    133.860    134.923    14.6639   4.344936    35.7356     0.0316 1.0000e-12    -0.0104   100.2612      98.54    206.490     4.7467 2.2434e+03          1         31 0.0000e+00
   38.80846  -69.12036    14.6741   4.346947    35.7443    134.909    135.981    14.6738   4.346899    35.7442     0.0331 1.0000e-12    -0.0121   100.3022      98.54    206.551     4.7481 2.2384e+03          1         25 0.0000e+00
   38.80846  -69.12036    14.6682   4.346714    35.7475    135.946    137.026    14.6682   4.346921    35.7495     0.0369 1.0000e-12    -0.0113   100.2837      98.54    205.690     4.7283 2.2355e+03          1         20 0.0000e+00
   38.80846  -69.12036    14.6579   4.345886    35.7495    136.932    138.020    14.6577   4.345998    35.7506     0.0453 1.0000e-12    -0.0113   100.2825      98.53    203.965     4.6887 2.2367e+03          1         20 0.0000e+00
   38.80846  -69.12036    14.6577   4.346134    35.7516    137.922    139.019    14.6577   4.346260    35.7528     0.0519 1.0000e-12    -0.0119   100.2966      98.54    201.681     4.6362 2.2419e+03          1         20 0.0000e+00
