Data/ruptures/KN207-01/QL-1/20701040.cnv
* Sea-Bird SBE 9 Data File:
* FileName = C:\Data\ctd\20701040.hex
* Software Version Seasave V 7.21e
* Temperature SN = 4406
* Conductivity SN = 1474
* Number of Bytes Per Scan = 40
* Number of Voltage Words = 5
* Number of Scans Averaged by the Deck Unit = 1
* NMEA Latitude = 38 47.82 N
* NMEA Longitude = 069 08.79 W
* NMEA UTC (Time) = Apr 26 2012 18:04:25
** R/V Knorr Cruise # KN207-01 QL1
** Chief Scientist: Ben Van Mooy
# nquan = 21
# nvalues = 399                         
# units = specified
# name 0 = latitude: Latitude [deg]
# name 1 = longitude: Longitude [deg]
# name 2 = t090C: Temperature [ITS-90, deg C]
# name 3 = c0S/m: Conductivity [S/m]
# name 4 = sal00: Salinity, Practical [PSU]
# name 5 = depSM: Depth [salt water, m]
# name 6 = prDM: Pressure, Digiquartz [db]
# name 7 = t190C: Temperature, 2 [ITS-90, deg C]
# name 8 = c1S/m: Conductivity, 2 [S/m]
# name 9 = sal11: Salinity, Practical, 2 [PSU]
# name 10 = flECO-AFL: Fluorescence, WET Labs ECO-AFL/FL [mg/m^3]
# name 11 = par: PAR/Irradiance, Biospherical/Licor
# name 12 = bat: Beam Attenuation, Chelsea/Seatech [1/m]
# name 13 = xmiss: Beam Transmission, Chelsea/Seatech [%]
# name 14 = altM: Altimeter [m]
# name 15 = sbeox0Mm/Kg: Oxygen, SBE 43 [umol/kg]
# name 16 = sbeox0ML/L: Oxygen, SBE 43 [ml/l]
# name 17 = spar: SPAR/Surface Irradiance
# name 18 = pumps: Pump Status
# name 19 = nbin: number of scans per bin
# name 20 = flag: flag
# span 0 =   38.79700,   38.79774       
# span 1 =  -69.14660,  -69.14466       
# span 2 =    11.1502,    14.6949       
# span 3 =   3.834535,   4.352123       
# span 4 =    33.7194,    35.8273       
# span 5 =      3.104,    199.910       
# span 6 =      3.128,    201.530       
# span 7 =    11.1224,    14.6952       
# span 8 =   3.833079,   4.352544       
# span 9 =    33.7205,    35.8299       
# span 10 =     0.0027,     3.4420      
# span 11 = 1.0000e-12, 5.0613e+01      
# span 12 =    -0.0135,     0.3666      
# span 13 =    91.2423,   100.3382      
# span 14 =       1.18,      98.74      
# span 15 =    141.709,    426.827      
# span 16 =     3.2583,     9.8011      
# span 17 = 1.1337e+03, 1.3508e+03      
# span 18 =          1,          1      
# span 19 =          9,       1357      
# span 20 = 0.0000e+00, 0.0000e+00      
# interval = decibars: 1                
# start_time = Apr 26 2012 18:04:25 [NMEA time, header]
# bad_flag = -9.990e-29
*END*
[from data line 345]
   38.79762  -69.14546    13.1777   4.132935    35.1599     55.552     55.983    13.1734   4.132090    35.1561     0.1473 6.1150e-03     0.0089    99.7770      91.75    230.022     5.2869 1.2711e+03          1         37 0.0000e+00
   38.79762  -69.14545    13.2681   4.143913    35.1785     54.577     55.000    13.2468   4.140897    35.1702     0.1370 1.4396e-02     0.0096    99.7593      73.70    230.074     5.2881 1.2704e+03          1         54 0.0000e+00
   38.79762  -69.14544    13.3804   4.157446    35.2011     53.588     54.003    13.3558   4.154128    35.1931     0.1382 7.4020e-03     0.0100    99.7502      71.41    230.160     5.2900 1.2706e+03          1         54 0.0000e+00
   38.79762  -69.14544    13.4006   4.159733    35.2051     52.597     53.004    13.3962   4.159155    35.2035     0.1606 1.7914e-02     0.0120    99.7002      98.61    230.543     5.2988 1.2659e+03          1         48 0.0000e+00
   38.79762  -69.14544    13.3642   4.154699    35.1932     51.596     51.995    13.3714   4.156102    35.1995     0.1577 1.0844e-02     0.0160    99.6024      98.61    231.072     5.3110 1.2651e+03          1         39 0.0000e+00
   38.79762  -69.14544    13.3522   4.152685    35.1862     50.573     50.964    13.3532   4.152956    35.1877     0.1887 3.9069e-02     0.0211    99.4753      98.61    231.815     5.3280 1.2680e+03          1         40 0.0000e+00
   38.79763  -69.14543    13.3500   4.152227    35.1846     49.575     49.959    13.3498   4.152296    35.1854     0.2200 5.3572e-02     0.0201    99.4997      98.61    232.991     5.3551 1.2659e+03          1         70 0.0000e+00
   38.79764  -69.14542    13.3037   4.145855    35.1688     48.696     49.073    13.3246   4.148748    35.1763     0.2158 9.7763e-02     0.0245    99.3894      98.61    233.518     5.3672 1.2628e+03          1         49 0.0000e+00
   38.79764  -69.14542    13.2533   4.138881    35.1508     47.639     48.007    13.2683   4.141863    35.1649     0.2228 6.4388e-02     0.0229    99.4303      72.08    233.578     5.3685 1.2640e+03          1         29 0.0000e+00
   38.79764  -69.14540    13.1547   4.125254    35.1151     46.616     46.976    13.1610   4.126680    35.1228     0.2222 9.2810e-02     0.0224    99.4432      73.95    233.762     5.3727 1.2623e+03          1         34 0.0000e+00
   38.79764  -69.14540    13.1283   4.121441    35.1031     45.707     46.060    13.1264   4.121853    35.1090     0.2536 2.7873e-02     0.0235    99.4149      98.60    234.411     5.3876 1.2586e+03          1         85 0.0000e+00
   38.79764  -69.14540    13.0600   4.112435    35.0816     44.702     45.047    13.0545   4.110942    35.0726     0.2676 1.6626e-02     0.0226    99.4376      98.61    234.968     5.4004 1.2599e+03          1         28 0.0000e+00
   38.79764  -69.14540    12.9642   4.099863    35.0527     43.640     43.977    12.9916   4.103968    35.0658     0.2751 2.6625e-02     0.0250    99.3772      98.61    235.308     5.4082 1.2591e+03          1         30 0.0000e+00
   38.79764  -69.14540    12.9065   4.092228    35.0332     42.631     42.960    12.9273   4.095239    35.0425     0.3042 4.5340e-02     0.0268    99.3329      90.22    235.939     5.4227 1.2544e+03          1         81 0.0000e+00
   38.79764  -69.14540    12.8782   4.088494    35.0232     41.709     42.031    12.8785   4.088626    35.0244     0.2827 2.0954e-01     0.0260    99.3525      79.94    236.705     5.4403 1.2546e+03          1         35 0.0000e+00
   38.79764  -69.14540    12.7843   4.075992    34.9926     40.651     40.964    12.8313   4.082927    35.0145     0.2714 8.6588e-02     0.0317    99.2110      94.37    237.088     5.4491 1.2560e+03          1         30 0.0000e+00
   38.79764  -69.14539    12.5358   4.043731    34.9174     39.743     40.050    12.6062   4.056012    34.9692     0.3206 5.0041e-02     0.0339    99.1556      98.61    238.484     5.4811 1.2530e+03          1         77 0.0000e+00
   38.79764  -69.14538    12.2458   4.005089    34.8180     38.724     39.023    12.2841   4.008771    34.8180     0.3774 1.6343e-02     0.0340    99.1547      98.62    238.925     5.4911 1.2492e+03          1         29 0.0000e+00
   38.79764  -69.14538    12.1612   3.994538    34.7948     37.688     37.979    12.2056   4.002540    34.8310     0.3781 9.0974e-02     0.0380    99.0545      98.61    241.362     5.5471 1.2489e+03          1         29 0.0000e+00
   38.79764  -69.14536    12.0796   3.983945    34.7657     36.603     36.885    12.1252   3.990354    34.7855     0.4126 1.4293e-01     0.0402    98.9999      80.30    243.803     5.6032 1.2493e+03          1         93 0.0000e+00
   38.79764  -69.14536    11.9818   3.971024    34.7294     35.821     36.097    11.9876   3.972025    34.7345     0.5041 1.5194e-01     0.0417    98.9618      98.62    244.162     5.6114 1.2484e+03          1         49 0.0000e+00
   38.79766  -69.14534    11.9952   3.972437    34.7288     34.721     34.989    12.0273   3.976537    34.7389     0.5037 3.5825e-01     0.0489    98.7856      98.61    243.888     5.6051 1.2433e+03          1         25 0.0000e+00
   38.79766  -69.14534    11.9830   3.970404    34.7180     33.721     33.981    11.9906   3.971655    34.7237     0.5988 1.8518e-01     0.0597    98.5177      83.98    244.884     5.6279 1.2428e+03          1        145 0.0000e+00
   38.79766  -69.14534    12.0203   3.974103    34.7168     32.709     32.960    12.0174   3.974074    34.7197     0.6939 4.1569e-01     0.0652    98.3825      63.99    245.236     5.6360 1.2412e+03          1         46 0.0000e+00
   38.79766  -69.14532    11.9331   3.961305    34.6750     31.637     31.880    11.9217   3.960546    34.6786     0.9538 2.7624e-01     0.0915    97.7388      98.62    247.105     5.6788 1.2401e+03          1        113 0.0000e+00
   38.79766  -69.14528    11.6640   3.924725    34.5675     30.921     31.159    11.6511   3.923443    34.5670     1.5510 3.4016e-01     0.1580    96.1280      98.62    253.291     5.8208 1.2271e+03          1        422 0.0000e+00
   38.79769  -69.14515    11.4278   3.892155    34.4658     30.007     30.237    11.4244   3.891894    34.4664     1.9544 3.1462e-01     0.2013    95.0920      98.07    257.422     5.9155 1.1935e+03          1       1357 0.0000e+00
   38.79771  -69.14503    11.3613   3.880725    34.4167     28.827     29.049    11.3600   3.880639    34.4170     2.1604 4.3838e-01     0.2085    94.9214      98.63    259.384     5.9605 1.1752e+03          1         32 0.0000e+00
   38.79772  -69.14502    11.3546   3.879155    34.4076     27.770     27.984    11.3545   3.879392    34.4100     2.1714 6.1571e-01     0.2142    94.7862      98.63    259.884     5.9719 1.1716e+03          1         24 0.0000e+00
   38.79772  -69.14502    11.3410   3.875504    34.3846     26.712     26.917    11.3394   3.874902    34.3802     2.2301 4.3759e-01     0.2308    94.3926      98.63    262.089     6.0225 1.1675e+03          1         42 0.0000e+00
   38.79771  -69.14502    11.3382   3.874056    34.3727     25.841     26.040    11.3365   3.873180    34.3656     2.4317 6.3383e-01     0.2451    94.0557      98.63    264.211     6.0712 1.1711e+03          1         73 0.0000e+00
   38.79770  -69.14502    11.3351   3.871867    34.3539     24.845     25.036    11.3347   3.871493    34.3505     2.5462 6.1444e-01     0.2491    93.9632      98.63    265.436     6.0993 1.1715e+03          1         44 0.0000e+00
   38.79770  -69.14502    11.3221   3.868577    34.3340     23.817     24.000    11.3241   3.869166    34.3379     2.6754 6.8040e-01     0.2591    93.7281      89.81    266.299     6.1190 1.1674e+03          1         35 0.0000e+00
   38.79772  -69.14500    11.2444   3.852633    34.2505     22.786     22.960    11.2366   3.852443    34.2561     2.7098 9.7695e-01     0.2901    93.0032      98.63    267.606     6.1488 1.1669e+03          1         37 0.0000e+00
   38.79772  -69.14500    11.2007   3.844715    34.2133     21.821     21.988    11.1863   3.842382    34.2039     3.0241 1.3009e+00     0.3102    92.5392      74.36    270.832     6.2227 1.1676e+03          1         66 0.0000e+00
   38.79772  -69.14499    11.1672   3.838850    34.1866     20.850     21.009    11.1673   3.839261    34.1904     3.3454 1.5106e+00     0.3203    92.3051      98.62    274.376     6.3041 1.1655e+03          1         54 0.0000e+00
   38.79772  -69.14498    11.1865   3.834535    34.1250     19.892     20.044    11.1665   3.833079    34.1294     3.3837 1.5303e+00     0.3285    92.1157      98.63    273.882     6.2924 1.1656e+03          1         38 0.0000e+00
   38.79772  -69.14498    11.3361   3.835258    33.9901     18.870     19.015    11.2830   3.835203    34.0397     3.3274 3.1230e+00     0.3495    91.6342      98.63    274.709     6.3106 1.1656e+03          1         28 0.0000e+00
   38.79772  -69.14498    11.3816   3.835715    33.9530     17.631     17.766    11.3716   3.835800    33.9630     3.0106 3.2724e+00     0.3610    91.3706      98.62    281.269     6.4611 1.1631e+03          1         97 0.0000e+00
   38.79772  -69.14498    11.3863   3.835652    33.9490     16.932     17.062    11.3779   3.835832    33.9584     2.8921 4.3068e+00     0.3627    91.3311      98.63    283.037     6.5017 1.1653e+03          1         27 0.0000e+00
   38.79772  -69.14497    11.4003   3.835262    33.9326     15.918     16.039    11.3938   3.835428    33.9401     2.7825 4.2763e+00     0.3638    91.3073      98.55    282.478     6.4887 1.1645e+03          1         27 0.0000e+00
   38.79772  -69.14496    11.4966   3.840874    33.8984     14.739     14.852    11.4493   3.837777    33.9122     2.6662 5.4783e+00     0.3606    91.3795      97.79    283.311     6.5076 1.1591e+03          1        110 0.0000e+00
   38.79772  -69.14494    12.0368   3.890614    33.8812     13.958     14.065    12.0284   3.889663    33.8791     1.9381 3.9246e+00     0.3531    91.5497      98.63    283.261     6.5057 1.1611e+03          1         63 0.0000e+00
   38.79772  -69.14493    12.1170   3.898413    33.8883     12.837     12.936    12.0244   3.889244    33.8848     1.6702 5.1148e+00     0.3348    91.9701      98.63    279.684     6.4235 1.1559e+03          1        107 0.0000e+00
   38.79772  -69.14492    12.2306   3.908600    33.8858     11.857     11.947    12.2092   3.906646    33.8854     1.3617 8.0538e+00     0.3278    92.1326      98.63    279.536     6.4200 1.1561e+03          1         48 0.0000e+00
   38.79773  -69.14482    12.4371   3.919280    33.8098     11.149     11.235    12.4354   3.919106    33.8096     1.1354 7.9407e+00     0.3224    92.2553      98.63    275.914     6.3361 1.1417e+03          1        702 0.0000e+00
   38.79774  -69.14473    12.4926   3.923738    33.8036     10.026     10.103    12.4961   3.924016    33.8029     1.1294 7.0549e+00     0.3263    92.1672      98.64    274.653     6.3071 1.1348e+03          1         51 0.0000e+00
   38.79774  -69.14472    12.4990   3.924785    33.8085      8.868      8.935    12.5157   3.926272    33.8074     1.1108 1.0179e+01     0.3224    92.2565      98.63    275.134     6.3182 1.1365e+03          1         40 0.0000e+00
   38.79774  -69.14471    12.6091   3.936452    33.8198      8.182      8.245    12.6348   3.938891    33.8197     1.0751 1.1202e+01     0.3211    92.2857      98.64    273.907     6.2899 1.1350e+03          1         66 0.0000e+00
   38.79774  -69.14470    12.6734   3.943076    33.8257      6.913      6.965    12.6776   3.943470    33.8260     1.0534 9.8225e+00     0.3192    92.3306      98.64    272.424     6.2558 1.1351e+03          1         26 0.0000e+00
   38.79774  -69.14470    12.6553   3.939170    33.8064      6.182      6.230    12.6529   3.939301    33.8101     1.0034 1.7132e+01     0.3208    92.2943      98.64    272.528     6.2581 1.1345e+03          1        126 0.0000e+00
   38.79774  -69.14469    12.7735   3.944596    33.7508      5.123      5.163    12.7909   3.945456    33.7431     0.8808 2.1141e+01     0.3234    92.2333      98.64    273.149     6.2720 1.1349e+03          1         84 0.0000e+00
   38.79774  -69.14467    12.8436   3.949923    33.7397      4.083      4.114    12.8550   3.950755    33.7374     0.7763 2.3394e+01     0.3193    92.3275      98.64    272.535     6.2577 1.1342e+03          1        121 0.0000e+00
   38.79774  -69.14466    12.8887   3.953122    33.7316      3.104      3.128    12.8888   3.953135    33.7318     0.7580 2.8202e+01     0.3152    92.4221      98.64    272.043     6.2464 1.1337e+03          1        140 0.0000e+00
