Data/ruptures/KN207-01/QL-1/20701017.cnv
* Sea-Bird SBE 9 Data File:
* FileName = C:\Data\ctd\20701017.hex
* Software Version Seasave V 7.21e
* Temperature SN = 4406
* Conductivity SN = 1474
* Number of Bytes Per Scan = 40
* Number of Voltage Words = 5
* Number of Scans Averaged by the Deck Unit = 1
* NMEA Latitude = 38 58.77 N
* NMEA Longitude = 068 59.46 W
* NMEA UTC (Time) = Apr 23 2012 22:08:59
** R/V Knorr Cruise # KN207-01 QL1
** Chief Scientist: Ben Van Mooy
# nquan = 21
# nvalues = 403                         
# units = specified
# name 0 = latitude: Latitude [deg]
# name 1 = longitude: Longitude [deg]
# name 2 = t090C: Temperature [ITS-90, deg C]
# name 3 = c0S/m: Conductivity [S/m]
# name 4 = sal00: Salinity, Practical [PSU]
# name 5 = depSM: Depth [salt water, m]
# name 6 = prDM: Pressure, Digiquartz [db]
# name 7 = t190C: Temperature, 2 [ITS-90, deg C]
# name 8 = c1S/m: Conductivity, 2 [S/m]
# name 9 = sal11: Salinity, Practical, 2 [PSU]
# name 10 = flECO-AFL: Fluorescence, WET Labs ECO-AFL/FL [mg/m^3]
# name 11 = par: PAR/Irradiance, Biospherical/Licor
# name 12 = bat: Beam Attenuation, Chelsea/Seatech [1/m]
# name 13 = xmiss: Beam Transmission, Chelsea/Seatech [%]
# name 14 = altM: Altimeter [m]
# name 15 = sbeox0Mm/Kg: Oxygen, SBE 43 [umol/kg]
# name 16 = sbeox0ML/L: Oxygen, SBE 43 [ml/l]
# name 17 = spar: SPAR/Surface Irradiance
# name 18 = pumps: Pump Status
# name 19 = nbin: number of scans per bin
# name 20 = flag: flag
# span 0 =   38.97689,   38.97962       
# span 1 =  -68.99138,  -68.99054       
# span 2 =    11.1368,    14.6896       
# span 3 =   3.862047,   4.355562       
# span 4 =    33.9177,    35.8292       
# span 5 =      1.307,    201.024       
# span 6 =      1.317,    202.657       
# span 7 =    11.1346,    14.6910       
# span 8 =   3.862018,   4.355886       
# span 9 =    34.0229,    35.8307       
# span 10 =     0.0035,     2.3801      
# span 11 = 1.0000e-12, 8.7907e+00      
# span 12 =    -0.0162,     0.3565      
# span 13 =    91.4737,   100.4054      
# span 14 =       1.85,      98.75      
# span 15 =    144.901,    424.672      
# span 16 =     3.3317,     9.7538      
# span 17 = 1.1372e+02, 3.4189e+02      
# span 18 =          1,          1      
# span 19 =          6,        293      
# span 20 = 0.0000e+00, 0.0000e+00      
# interval = decibars: 1                
# start_time = Apr 23 2012 22:08:59 [NMEA time, header]
# bad_flag = -9.990e-29
*END*
[from data line 207]
   38.97848  -68.99124    13.4576   4.225520    35.7148    194.446    196.023    13.4573   4.224938    35.7096     0.0162 1.0000e-12    -0.0156   100.3900      98.58    146.197     3.3615 2.9236e+02          1         15 0.0000e+00
   38.97847  -68.99124    13.4644   4.226093    35.7148    193.505    195.073    13.4698   4.226977    35.7180     0.0320 1.0000e-12    -0.0157   100.3927      98.59    146.868     3.3769 2.9826e+02          1         89 0.0000e+00
   38.97848  -68.99122    13.5071   4.230988    35.7216    192.447    194.007    13.5236   4.232591    35.7210     0.0155 1.0000e-12    -0.0159   100.3978      98.60    147.104     3.3823 2.9749e+02          1         11 0.0000e+00
   38.97848  -68.99122    13.5542   4.236297    35.7269    191.492    193.043    13.5617   4.236182    35.7188     0.0175 1.0000e-12    -0.0161   100.4020      98.60    146.964     3.3791 2.9757e+02          1         10 0.0000e+00
   38.97848  -68.99122    13.5794   4.239007    35.7289    190.461    192.003    13.5815   4.239209    35.7290     0.0288 1.0000e-12    -0.0158   100.3954      98.59    146.897     3.3775 2.9850e+02          1         11 0.0000e+00
   38.97848  -68.99122    13.5910   4.240317    35.7307    189.439    190.972    13.5913   4.240084    35.7284     0.0299 1.0000e-12    -0.0157   100.3942      98.58    146.781     3.3748 2.9869e+02          1         10 0.0000e+00
   38.97848  -68.99122    13.6009   4.241445    35.7324    188.499    190.024    13.5988   4.241057    35.7310     0.0504 1.0000e-12    -0.0160   100.3994      98.59    146.754     3.3743 2.9891e+02          1         10 0.0000e+00
   38.97848  -68.99122    13.6201   4.243543    35.7345    187.475    188.992    13.6209   4.242954    35.7283     0.0597 1.0000e-12    -0.0158   100.3951      98.59    146.650     3.3718 3.0069e+02          1         15 0.0000e+00
   38.97846  -68.99122    13.6089   4.242096    35.7331    186.512    188.020    13.6184   4.243017    35.7327     0.0308 1.0000e-12    -0.0154   100.3850      98.59    147.366     3.3883 3.0530e+02          1        113 0.0000e+00
   38.97846  -68.99122    13.6936   4.251629    35.7429    185.463    186.963    13.6884   4.251322    35.7451     0.0296 1.0000e-12    -0.0151   100.3785      98.59    146.983     3.3795 3.0337e+02          1         27 0.0000e+00
   38.97846  -68.99122    13.7060   4.253120    35.7458    184.501    185.992    13.7224   4.253717    35.7359     0.0314 1.0000e-12    -0.0159   100.3985      98.59    147.554     3.3926 3.0494e+02          1         27 0.0000e+00
   38.97846  -68.99122    13.8178   4.265585    35.7568    183.550    185.033    13.8228   4.265942    35.7555     0.0510 1.0000e-12    -0.0156   100.3917      98.60    147.340     3.3876 3.0569e+02          1         25 0.0000e+00
   38.97846  -68.99122    13.8245   4.266610    35.7611    182.518    183.993    13.8588   4.270122    35.7614     0.0271 1.0000e-12    -0.0159   100.3985      98.59    147.777     3.3977 3.0535e+02          1         18 0.0000e+00
   38.97846  -68.99122    13.8870   4.273640    35.7681    181.548    183.015    13.8929   4.273969    35.7658     0.0152 1.0000e-12    -0.0162   100.4054      98.60    147.862     3.3996 3.0337e+02          1         15 0.0000e+00
   38.97846  -68.99122    13.9108   4.276317    35.7713    180.583    182.041    13.9112   4.276138    35.7695     0.0152 1.0000e-12    -0.0155   100.3883      98.60    147.469     3.3906 3.0337e+02          1         15 0.0000e+00
   38.97846  -68.99120    13.9260   4.278015    35.7737    179.577    181.026    13.9271   4.277738    35.7702     0.0237 1.0000e-12    -0.0144   100.3605      98.59    147.389     3.3887 3.0309e+02          1         16 0.0000e+00
   38.97846  -68.99120    13.9621   4.282192    35.7793    178.572    180.012    13.9611   4.281539    35.7743     0.0301 1.0000e-12    -0.0155   100.3895      98.59    147.270     3.3860 3.0349e+02          1         19 0.0000e+00
   38.97846  -68.99120    13.9990   4.286270    35.7833    177.571    179.003    13.9924   4.285086    35.7787     0.0304 1.0000e-12    -0.0160   100.4010      98.60    147.247     3.3854 3.0518e+02          1         21 0.0000e+00
   38.97846  -68.99120    14.0424   4.291294    35.7901    176.583    178.007    14.0465   4.290959    35.7831     0.0404 1.0000e-12    -0.0159   100.3966      98.59    147.332     3.3874 3.0725e+02          1         27 0.0000e+00
   38.97846  -68.99120    14.0839   4.295880    35.7958    175.400    176.814    14.0766   4.294993    35.7946     0.0260 1.0000e-12    -0.0154   100.3843      98.59    147.281     3.3862 3.0917e+02          1         80 0.0000e+00
   38.97846  -68.99120    14.1584   4.304377    35.8060    174.689    176.097    14.1579   4.304056    35.8035     0.0345 1.0000e-12    -0.0159   100.3980      98.59    147.424     3.3894 3.0646e+02          1         31 0.0000e+00
   38.97846  -68.99120    14.1402   4.302459    35.8067    173.623    175.021    14.1438   4.302545    35.8041     0.0099 1.0000e-12    -0.0155   100.3878      98.59    147.622     3.3940 3.0365e+02          1         16 0.0000e+00
   38.97846  -68.99120    14.1909   4.308263    35.8132    172.610    174.000    14.1812   4.306659    35.8075     0.0035 1.0000e-12    -0.0152   100.3814      98.59    147.329     3.3872 3.0318e+02          1         12 0.0000e+00
   38.97846  -68.99120    14.2145   4.311030    35.8173    171.647    173.028    14.2116   4.310148    35.8118     0.0059 1.0000e-12    -0.0152   100.3814      98.61    147.460     3.3903 3.0188e+02          1         12 0.0000e+00
   38.97844  -68.99118    14.2451   4.314429    35.8205    170.609    171.982    14.2426   4.313786    35.8169     0.0080 1.0000e-12    -0.0154   100.3854      98.60    147.788     3.3978 3.0320e+02          1         13 0.0000e+00
   38.97844  -68.99118    14.2552   4.315132    35.8184    169.596    170.960    14.2549   4.315171    35.8189     0.0216 1.0000e-12    -0.0157   100.3933      98.59    148.400     3.4118 3.0337e+02          1         13 0.0000e+00
   38.97844  -68.99118    14.2632   4.315640    35.8163    168.638    169.995    14.2607   4.315335    35.8158     0.0307 1.0000e-12    -0.0156   100.3905      98.59    148.613     3.4167 3.0403e+02          1         17 0.0000e+00
   38.97844  -68.99118    14.2613   4.314981    35.8131    167.632    168.980    14.2618   4.315027    35.8131     0.0384 1.0000e-12    -0.0150   100.3773      98.59    148.845     3.4220 3.0658e+02          1         25 0.0000e+00
   38.97844  -68.99118    14.2722   4.315933    35.8130    166.613    167.952    14.2726   4.315915    35.8125     0.0136 1.0000e-12    -0.0152   100.3819      98.60    150.483     3.4597 3.0899e+02          1         48 0.0000e+00
   38.97844  -68.99118    14.3042   4.318892    35.8116    165.735    167.067    14.3086   4.319240    35.8107     0.0214 1.0000e-12    -0.0152   100.3799      98.59    151.862     3.4914 3.0884e+02          1         53 0.0000e+00
   38.97844  -68.99118    14.3154   4.319907    35.8117    164.719    166.042    14.3216   4.320326    35.8097     0.0290 1.0000e-12    -0.0153   100.3845      98.59    152.822     3.5134 3.0729e+02          1         25 0.0000e+00
   38.97844  -68.99118    14.3528   4.323914    35.8141    163.700    165.015    14.3510   4.323434    35.8114     0.0297 1.0000e-12    -0.0147   100.3692      98.59    153.566     3.5305 3.0572e+02          1         19 0.0000e+00
   38.97844  -68.99118    14.3774   4.326149    35.8122    162.703    164.010    14.3706   4.325541    35.8130     0.0302 1.0000e-12    -0.0147   100.3685      98.59    154.059     3.5418 3.0544e+02          1         14 0.0000e+00
   38.97844  -68.99118    14.3850   4.326146    35.8057    161.710    163.008    14.3804   4.325758    35.8064     0.0283 1.0000e-12    -0.0150   100.3755      98.60    154.584     3.5539 3.0474e+02          1         13 0.0000e+00
   38.97844  -68.99118    14.4186   4.329179    35.8025    160.722    162.011    14.4164   4.328222    35.7958     0.0292 1.0000e-12    -0.0150   100.3759      98.59    154.898     3.5611 3.0369e+02          1         14 0.0000e+00
   38.97844  -68.99118    14.4704   4.334691    35.8051    159.723    161.004    14.4615   4.332654    35.7947     0.0208 1.0000e-12    -0.0146   100.3649      98.60    155.243     3.5690 3.0321e+02          1         14 0.0000e+00
   38.97844  -68.99118    14.5184   4.340047    35.8100    158.708    159.981    14.5142   4.338898    35.8034     0.0345 1.0000e-12    -0.0141   100.3543      98.60    156.427     3.5962 3.0300e+02          1         18 0.0000e+00
   38.97844  -68.99118    14.5467   4.342968    35.8112    157.710    158.975    14.5526   4.343201    35.8077     0.0346 1.0000e-12    -0.0142   100.3557      98.59    160.175     3.6823 3.0252e+02          1         21 0.0000e+00
   38.97844  -68.99118    14.5519   4.343232    35.8100    156.735    157.992    14.5666   4.344697    35.8096     0.0142 1.0000e-12    -0.0146   100.3667      98.60    166.502     3.8278 3.0369e+02          1         28 0.0000e+00
   38.97843  -68.99117    14.5732   4.345217    35.8101    155.695    156.942    14.5754   4.345374    35.8095     0.0149 1.0000e-12    -0.0146   100.3654      98.59    171.138     3.9343 3.0970e+02          1         74 0.0000e+00
   38.97842  -68.99116    14.6113   4.348851    35.8095    154.848    156.088    14.6222   4.349913    35.8091     0.0194 1.0000e-12    -0.0146   100.3664      98.60    173.332     3.9847 3.0712e+02          1         72 0.0000e+00
   38.97842  -68.99116    14.6202   4.349949    35.8127    153.819    155.050    14.6252   4.350577    35.8138     0.0339 1.0000e-12    -0.0138   100.3454      98.59    175.944     4.0448 3.0203e+02          1         20 0.0000e+00
   38.97842  -68.99116    14.6698   4.355562    35.8181    152.797    154.020    14.6609   4.354211    35.8142     0.0213 1.0000e-12    -0.0054   100.1354      98.60    176.260     4.0520 3.0098e+02          1         14 0.0000e+00
   38.97842  -68.99116    14.6549   4.352906    35.8085    151.806    153.021    14.6529   4.353230    35.8134     0.0300 1.0000e-12    -0.0089   100.2213      98.59    176.588     4.0595 3.0045e+02          1         13 0.0000e+00
   38.97842  -68.99116    14.6246   4.348357    35.7960    150.774    151.980    14.6235   4.348835    35.8015     0.0259 1.0000e-12    -0.0125   100.3123      98.59    176.628     4.0604 2.9919e+02          1         16 0.0000e+00
   38.97842  -68.99116    14.5846   4.342288    35.7785    149.761    150.959    14.5843   4.343109    35.7865     0.0166 1.0000e-12    -0.0069   100.1729      98.59    176.951     4.0678 3.0027e+02          1         18 0.0000e+00
   38.97842  -68.99115    14.5451   4.336075    35.7592    148.773    149.963    14.5463   4.336309    35.7603     0.0255 1.0000e-12    -0.0129   100.3235      98.59    178.109     4.0944 3.0168e+02          1         83 0.0000e+00
   38.97840  -68.99114    14.5023   4.328336    35.7289    147.834    149.016    14.5019   4.328378    35.7298     0.0205 1.0000e-12    -0.0135   100.3370      98.60    178.533     4.1041 2.9729e+02          1         22 0.0000e+00
   38.97839  -68.99112    14.5181   4.330357    35.7325    146.991    148.165    14.5193   4.330409    35.7319     0.0234 7.8454e-08    -0.0127   100.3174      98.60    178.629     4.1063 2.9119e+02          1        104 0.0000e+00
   38.97830  -68.99106    14.5652   4.335259    35.7331    145.785    146.949    14.5684   4.335314    35.7305     0.0356 1.0000e-12    -0.0129   100.3214      98.61    181.487     4.1720 2.4500e+02          1         18 0.0000e+00
   38.97829  -68.99105    14.5669   4.335388    35.7333    144.981    146.139    14.5730   4.336373    35.7367     0.0355 1.0000e-12    -0.0132   100.3290      98.61    183.180     4.2109 2.4453e+02          1         74 0.0000e+00
   38.97828  -68.99104    14.5973   4.338945    35.7382    143.845    144.993    14.6101   4.339637    35.7325     0.0226 1.0000e-12    -0.0132   100.3313      98.61    184.486     4.2409 2.4124e+02          1         20 0.0000e+00
   38.97828  -68.99104    14.6452   4.344562    35.7453    142.815    143.955    14.6735   4.347600    35.7466     0.0385 1.0000e-12    -0.0135   100.3367      98.61    185.515     4.2646 2.4058e+02          1         27 0.0000e+00
   38.97828  -68.99104    14.6786   4.348349    35.7495    141.887    143.019    14.6910   4.349326    35.7469     0.0386 1.0000e-12    -0.0136   100.3392      98.61    189.319     4.3520 2.4054e+02          1         42 0.0000e+00
   38.97828  -68.99104    14.6896   4.349200    35.7478    140.904    142.028    14.6868   4.348992    35.7488     0.0222 1.0000e-12    -0.0138   100.3460      98.61    197.483     4.5396 2.4037e+02          1         29 0.0000e+00
   38.97828  -68.99104    14.6669   4.345973    35.7403    139.905    141.020    14.6614   4.345591    35.7422     0.0404 1.0000e-12    -0.0140   100.3503      98.61    201.383     4.6293 2.3914e+02          1         24 0.0000e+00
   38.97828  -68.99103    14.6440   4.342667    35.7322    138.914    140.021    14.6452   4.342941    35.7336     0.0413 4.2943e-07    -0.0135   100.3381      98.61    202.790     4.6616 2.3880e+02          1         19 0.0000e+00
   38.97828  -68.99102    14.6519   4.343486    35.7327    137.899    138.998    14.6506   4.343225    35.7316     0.0194 1.3599e-06    -0.0136   100.3400      98.61    203.162     4.6702 2.3843e+02          1         18 0.0000e+00
   38.97828  -68.99102    14.6533   4.343523    35.7323    136.894    137.984    14.6537   4.343687    35.7334     0.0069 2.7197e-06    -0.0140   100.3506      98.61    202.639     4.6581 2.3794e+02          1         15 0.0000e+00
   38.97828  -68.99102    14.6382   4.341352    35.7270    135.901    136.983    14.6370   4.341773    35.7321     0.0337 3.8396e-06    -0.0140   100.3512      98.61    202.156     4.6470 2.3684e+02          1         17 0.0000e+00
   38.97828  -68.99102    14.6047   4.336816    35.7173    134.870    135.944    14.5840   4.334858    35.7189     0.0431 4.4504e-06    -0.0129   100.3218      98.61    202.619     4.6577 2.3665e+02          1         22 0.0000e+00
   38.97827  -68.99102    14.5607   4.330953    35.7049    133.789    134.854    14.5611   4.331180    35.7066     0.0393 9.1011e-06    -0.0125   100.3129      98.61    199.393     4.5835 2.3660e+02          1        119 0.0000e+00
   38.97826  -68.99102    14.5389   4.327982    35.6979    132.979    134.037    14.5321   4.326966    35.6950     0.0589 1.3218e-05    -0.0138   100.3443      98.62    195.838     4.5018 2.3633e+02          1         18 0.0000e+00
   38.97826  -68.99102    14.5357   4.327354    35.6955    131.957    133.006    14.5279   4.326568    35.6956     0.0373 7.0161e-05    -0.0127   100.3162      98.62    195.189     4.4869 2.3439e+02          1         13 0.0000e+00
   38.97826  -68.99102    14.5449   4.328143    35.6944    130.940    131.981    14.5458   4.327656    35.6890     0.0361 2.9594e-05    -0.0125   100.3113      98.61    194.859     4.4793 2.3341e+02          1         11 0.0000e+00
   38.97826  -68.99100    14.5706   4.330786    35.6948    129.964    130.997    14.5686   4.330352    35.6927     0.0301 4.2322e-05    -0.0122   100.3043      98.62    194.555     4.4723 2.3240e+02          1         11 0.0000e+00
   38.97826  -68.99100    14.5770   4.331401    35.6949    128.994    130.019    14.5771   4.331337    35.6941     0.0301 6.1871e-05    -0.0122   100.3043      98.62    194.325     4.4670 2.3179e+02          1         11 0.0000e+00
   38.97826  -68.99100    14.5783   4.331231    35.6924    127.996    129.012    14.5767   4.331292    35.6945     0.0339 9.4998e-05    -0.0124   100.3083      98.61    194.479     4.4705 2.3165e+02          1         13 0.0000e+00
