Data/ruptures/KN207-01/QL-1/20701028.cnv
* Sea-Bird SBE 9 Data File:
* FileName = C:\Data\ctd\20701028.hex
* Software Version Seasave V 7.21e
* Temperature SN = 4406
* Conductivity SN = 1474
* Number of Bytes Per Scan = 40
* Number of Voltage Words = 5
* Number of Scans Averaged by the Deck Unit = 1
* NMEA Latitude = 38 53.71 N
* NMEA Longitude = 069 01.48 W
* NMEA UTC (Time) = Apr 25 2012 10:04:54
** R/V Knorr Cruise # KN207-01 QL1
** Chief Scientist: Ben Van Mooy
# nquan = 21
# nvalues = 397                         
# units = specified
# name 0 = latitude: Latitude [deg]
# name 1 = longitude: Longitude [deg]
# name 2 = t090C: Temperature [ITS-90, deg C]
# name 3 = c0S/m: Conductivity [S/m]
# name 4 = sal00: Salinity, Practical [PSU]
# name 5 = depSM: Depth [salt water, m]
# name 6 = prDM: Pressure, Digiquartz [db]
# name 7 = t190C: Temperature, 2 [ITS-90, deg C]
# name 8 = c1S/m: Conductivity, 2 [S/m]
# name 9 = sal11: Salinity, Practical, 2 [PSU]
# name 10 = flECO-AFL: Fluorescence, WET Labs ECO-AFL/FL [mg/m^3]
# name 11 = par: PAR/Irradiance, Biospherical/Licor
# name 12 = bat: Beam Attenuation, Chelsea/Seatech [1/m]
# name 13 = xmiss: Beam Transmission, Chelsea/Seatech [%]
# name 14 = altM: Altimeter [m]
# name 15 = sbeox0Mm/Kg: Oxygen, SBE 43 [umol/kg]
# name 16 = sbeox0ML/L: Oxygen, SBE 43 [ml/l]
# name 17 = spar: SPAR/Surface Irradiance
# name 18 = pumps: Pump Status
# name 19 = nbin: number of scans per bin
# name 20 = flag: flag
# span 0 =   38.89299,   38.89516       
# span 1 =  -69.02736,  -69.02470       
# span 2 =    11.2848,    14.7394       
# span 3 =   3.608182,   4.360876       
# span 4 =    31.1655,    35.8360       
# span 5 =      2.891,    199.211       
# span 6 =      2.914,    200.827       
# span 7 =    11.2573,    14.7394       
# span 8 =   3.781496,   4.361153       
# span 9 =    32.8299,    35.8435       
# span 10 =     0.0031,     2.7746      
# span 11 = 1.0000e-12, 8.3177e+00      
# span 12 =    -0.0150,     0.3317      
# span 13 =    92.0425,   100.3770      
# span 14 =       5.47,      98.62      
# span 15 =    146.513,    451.608      
# span 16 =     3.3686,    10.3704      
# span 17 = 6.9195e+01, 2.5906e+02      
# span 18 =          0,          1      
# span 19 =         12,        861      
# span 20 = 0.0000e+00, 0.0000e+00      
# interval = decibars: 1                
# start_time = Apr 25 2012 10:04:54 [NMEA time, header]
# bad_flag = -9.990e-29
*END*
[from data line 345]
   38.89422  -69.02631    12.1070   3.989685    34.7836     53.594     54.010    12.1333   3.992904    34.7903     0.4249 2.1137e-04     0.0435    98.9196      98.52    242.969     5.5840 1.6187e+02          1         23 0.0000e+00
   38.89422  -69.02632    12.1013   3.988849    34.7805     52.604     53.011    12.1041   3.989824    34.7880     0.4392 1.0000e-12     0.0463    98.8499      98.55    243.128     5.5877 1.6120e+02          1         19 0.0000e+00
   38.89422  -69.02632    12.0884   3.987168    34.7763     51.595     51.995    12.0950   3.988132    34.7800     0.4463 1.0000e-12     0.0464    98.8455      98.54    243.019     5.5852 1.6103e+02          1         16 0.0000e+00
   38.89422  -69.02632    12.0791   3.985919    34.7730     50.590     50.982    12.0898   3.987533    34.7791     0.4499 1.0000e-12     0.0500    98.7572      98.55    242.845     5.5812 1.6159e+02          1         16 0.0000e+00
   38.89422  -69.02632    12.0506   3.982160    34.7636     49.607     49.991    12.0508   3.983086    34.7730     0.4700 1.0230e-03     0.0501    98.7549      59.13    242.909     5.5827 1.6259e+02          1         18 0.0000e+00
   38.89422  -69.02632    12.0199   3.978039    34.7525     48.575     48.951    12.0363   3.980501    34.7613     0.4666 9.2716e-03     0.0505    98.7460      80.77    243.356     5.5929 1.6338e+02          1         29 0.0000e+00
   38.89421  -69.02633    12.0174   3.977871    34.7525     47.682     48.051    12.0220   3.978468    34.7544     0.5147 1.0751e-03     0.0536    98.6692      98.55    244.371     5.6162 1.6404e+02          1         41 0.0000e+00
   38.89420  -69.02634    11.9673   3.971000    34.7332     46.693     47.054    11.9776   3.973523    34.7483     0.5220 1.4506e-02     0.0594    98.5267      98.54    245.371     5.6392 1.6438e+02          1         26 0.0000e+00
   38.89420  -69.02634    11.8280   3.951160    34.6726     45.648     46.001    11.9107   3.963504    34.7144     0.5252 1.6827e-02     0.0730    98.1924      98.56    245.955     5.6525 1.6401e+02          1         19 0.0000e+00
   38.89420  -69.02634    11.7629   3.942519    34.6498     44.671     45.016    11.7695   3.944815    34.6665     0.5768 5.0538e-03     0.0752    98.1365      98.54    246.107     5.6559 1.6414e+02          1         24 0.0000e+00
   38.89420  -69.02634    11.7157   3.936138    34.6312     43.599     43.936    11.7351   3.938903    34.6403     0.6303 1.2886e-04     0.0802    98.0147      98.54    248.155     5.7030 1.6357e+02          1         43 0.0000e+00
   38.89420  -69.02635    11.7425   3.940022    34.6409     42.844     43.175    11.7822   3.946051    34.6625     0.6599 8.8743e-03     0.0786    98.0532      98.55    250.617     5.7596 1.6551e+02          1        143 0.0000e+00
   38.89415  -69.02640    11.5664   3.917182    34.5783     41.757     42.080    11.5718   3.918023    34.5816     0.8462 1.3141e-02     0.0996    97.5417      89.77    254.059     5.8386 1.7012e+02          1        743 0.0000e+00
   38.89402  -69.02651    11.5391   3.913710    34.5690     40.989     41.305    11.5405   3.913917    34.5698     0.8687 2.0215e-02     0.1058    97.3903      98.06    254.700     5.8533 1.8148e+02          1        168 0.0000e+00
   38.89400  -69.02654    11.5110   3.910022    34.5599     39.729     40.036    11.5103   3.910122    34.5616     0.9549 3.5283e-02     0.1159    97.1440      98.56    255.285     5.8668 1.8308e+02          1         51 0.0000e+00
   38.89400  -69.02654    11.4542   3.903012    34.5454     38.726     39.025    11.4507   3.902893    34.5477     1.0135 9.7486e-03     0.1332    96.7239      98.56    255.846     5.8796 1.8431e+02          1         35 0.0000e+00
   38.89399  -69.02654    11.3912   3.894852    34.5250     37.496     37.785    11.3967   3.895702    34.5280     1.3012 3.3229e-02     0.1633    95.9992      98.56    258.784     5.9471 1.8570e+02          1         88 0.0000e+00
   38.89398  -69.02654    11.3780   3.893178    34.5204     36.839     37.123    11.3875   3.894776    34.5272     1.6879 3.3130e-02     0.1785    95.6371      98.56    263.375     6.0526 1.8495e+02          1         46 0.0000e+00
   38.89397  -69.02655    11.3720   3.891878    34.5133     35.739     36.014    11.3680   3.891515    34.5137     1.6024 5.6763e-02     0.1899    95.3645      98.56    261.946     6.0198 1.8523e+02          1         24 0.0000e+00
   38.89396  -69.02656    11.3769   3.891520    34.5052     34.713     34.980    11.3774   3.891618    34.5058     1.5809 1.3747e-02     0.2037    95.0337      98.56    262.796     6.0393 1.8557e+02          1         26 0.0000e+00
   38.89396  -69.02656    11.3800   3.891990    34.5069     33.773     34.034    11.3792   3.891722    34.5050     1.9070 3.9691e-02     0.2096    94.8948      98.56    265.934     6.1114 1.8735e+02          1        105 0.0000e+00
   38.89396  -69.02658    11.4093   3.892858    34.4873     32.785     33.038    11.4118   3.893205    34.4884     1.7561 7.7385e-02     0.2110    94.8625      98.56    265.762     6.1073 1.8582e+02          1         23 0.0000e+00
   38.89396  -69.02658    11.3829   3.884982    34.4353     31.739     31.984    11.3814   3.886176    34.4486     1.8863 6.6573e-02     0.2154    94.7566      98.56    265.334     6.0972 1.8565e+02          1         22 0.0000e+00
   38.89396  -69.02658    11.3472   3.877972    34.4006     30.663     30.899    11.3486   3.878436    34.4038     1.9115 8.5709e-02     0.2290    94.4348      98.56    265.328     6.0970 1.8628e+02          1         39 0.0000e+00
   38.89394  -69.02658    11.3694   3.883570    34.4348     29.819     30.048    11.3583   3.880698    34.4168     1.9825 8.7567e-02     0.2300    94.4114      98.56    264.339     6.0744 1.8749e+02          1         37 0.0000e+00
   38.89393  -69.02660    11.3246   3.872067    34.3634     28.992     29.215    11.3008   3.865626    34.3222     2.1932 8.3886e-02     0.2511    93.9165      87.62    268.622     6.1725 1.8858e+02          1        156 0.0000e+00
   38.89384  -69.02668    11.2848   3.856618    34.2472     28.071     28.287    11.2804   3.855266    34.2379     2.3400 8.3406e-02     0.2651    93.5870      98.57    273.572     6.2858 1.9305e+02          1         92 0.0000e+00
   38.89372  -69.02678    11.2919   3.850817    34.1834     26.729     26.935    11.2907   3.851789    34.1941     2.3887 7.9160e-02     0.2791    93.2618      98.57    274.231     6.3006 2.0076e+02          1         31 0.0000e+00
   38.89371  -69.02678    11.2955   3.850311    34.1754     26.021     26.220    11.2949   3.850763    34.1804     2.4667 1.7354e-01     0.2842    93.1426      98.57    274.574     6.3084 2.0111e+02          1         58 0.0000e+00
   38.89370  -69.02679    11.3010   3.848050    34.1483     24.782     24.973    11.3028   3.848031    34.1464     2.4164 1.3650e-01     0.2866    93.0865      98.58    273.864     6.2920 2.0124e+02          1         28 0.0000e+00
   38.89369  -69.02680    11.3015   3.847371    34.1416     23.966     24.150    11.3024   3.846976    34.1369     2.4213 2.2261e-01     0.2915    92.9722      86.91    274.521     6.3071 2.0268e+02          1         86 0.0000e+00
   38.89367  -69.02680    11.3594   3.845966    34.0737     22.674     22.848    11.3575   3.845813    34.0739     2.7450 3.0144e-01     0.2970    92.8432      98.58    275.208     6.3225 2.0345e+02          1        178 0.0000e+00
   38.89356  -69.02688    11.4888   3.852803    34.0225     22.075     22.244    11.4900   3.852900    34.0223     2.6833 2.8558e-01     0.3214    92.2803      95.67    275.781     6.3352 2.1030e+02          1        861 0.0000e+00
   38.89348  -69.02696    11.5057   3.854103    34.0201     20.770     20.930    11.5018   3.853876    34.0216     2.5197 3.3307e-01     0.3238    92.2236      98.59    275.546     6.3298 2.1659e+02          1         31 0.0000e+00
   38.89346  -69.02696    11.5048   3.853987    34.0205     20.064     20.218    11.5124   3.854508    34.0186     2.5818 4.6526e-01     0.3243    92.2115      98.59    276.042     6.3412 2.1832e+02          1        136 0.0000e+00
   38.89344  -69.02700    11.5082   3.854111    34.0193     18.889     19.034    11.5083   3.854180    34.0200     2.6773 6.5024e-01     0.3253    92.1908      98.59    276.008     6.3404 2.2036e+02          1         38 0.0000e+00
   38.89344  -69.02700    11.5452   3.855974    34.0032     17.899     18.036    11.5261   3.854928    34.0111     2.7746 6.0068e-01     0.3252    92.1922      98.59    275.779     6.3350 2.2038e+02          1         40 0.0000e+00
   38.89344  -69.02700    11.5627   3.857001    33.9979     16.939     17.069    11.5621   3.856993    33.9983     2.6823 7.7164e-01     0.3306    92.0663      96.57    276.284     6.3466 2.2072e+02          1        118 0.0000e+00
   38.89344  -69.02700    11.6050   3.858566    33.9741     15.865     15.986    11.6170   3.858905    33.9661     2.6465 1.0459e+00     0.3317    92.0425      95.15    275.636     6.3315 2.2058e+02          1         35 0.0000e+00
   38.89341  -69.02701    11.6472   3.860131    33.9510     15.029     15.144    11.6651   3.860859    33.9415     2.3387 1.0001e+00     0.3297    92.0883      87.34    276.737     6.3566 2.2265e+02          1         92 0.0000e+00
   38.89333  -69.02708    11.8442   3.869723    33.8660     14.131     14.239    11.8535   3.870256    33.8629     1.8995 1.2704e+00     0.3156    92.4137      92.78    277.527     6.3742 2.3126e+02          1        581 0.0000e+00
   38.89326  -69.02714    11.8780   3.871613    33.8549     12.977     13.076    11.8822   3.871916    33.8541     1.7742 1.7070e+00     0.3121    92.4953      98.60    277.736     6.3789 2.4169e+02          1        181 0.0000e+00
   38.89324  -69.02716    11.8812   3.871545    33.8520     11.895     11.986    11.8857   3.871793    33.8503     1.6791 1.6184e+00     0.3101    92.5394      98.60    277.699     6.3780 2.4330e+02          1         42 0.0000e+00
   38.89324  -69.02716    11.8835   3.871040    33.8455     11.026     11.110    11.8829   3.870532    33.8411     1.6712 2.2893e+00     0.3124    92.4877      98.60    277.677     6.3775 2.4340e+02          1        135 0.0000e+00
   38.89322  -69.02718    11.8827   3.869844    33.8351      9.934     10.010    11.8830   3.868706    33.8237     1.5451 2.5207e+00     0.3121    92.4947      98.60    278.171     6.3888 2.4525e+02          1         37 0.0000e+00
   38.89321  -69.02717    11.9019   3.868748    33.8070      9.026      9.095    11.9081   3.868740    33.8012     1.4993 2.9209e+00     0.3072    92.6073      84.93    277.678     6.3773 2.4588e+02          1        149 0.0000e+00
   38.89320  -69.02718    11.9108   3.868819    33.8002      7.908      7.968    11.9346   3.869207    33.7819     1.3824 3.4259e+00     0.3014    92.7423      98.60    277.518     6.3736 2.4556e+02          1         23 0.0000e+00
   38.89320  -69.02720    11.9255   3.869087    33.7896      6.815      6.867    11.9402   3.869256    33.7778     1.4117 3.2111e+00     0.2989    92.7996      98.60    277.038     6.3625 2.4337e+02          1         38 0.0000e+00
   38.89305  -69.02732    12.0105   3.870160    33.7229      6.030      6.076    12.0116   3.870163    33.7221     1.3412 4.6956e+00     0.2876    93.0634      88.97    274.130     6.2953 2.5808e+02          1        165 0.0000e+00
   38.89304  -69.02732    12.0130   3.870016    33.7203      5.179      5.219    12.0133   3.870035    33.7203     1.3247 5.5569e+00     0.2879    93.0563      95.33    273.124     6.2721 2.5848e+02          1        106 0.0000e+00
   38.89302  -69.02734    12.0096   3.869882    33.7228      4.123      4.154    12.0101   3.869939    33.7230     1.3211 7.0919e+00     0.2872    93.0705      98.61    273.031     6.2700 2.5854e+02          1        194 0.0000e+00
   38.89299  -69.02736    12.0073   3.869960    33.7263      2.891      2.914    12.0078   3.869966    33.7259     1.3247 8.3177e+00     0.2871    93.0734      90.68    273.609     6.2833 2.5906e+02          1        365 0.0000e+00
