Data/ruptures/KN207-01/QL-1/20701032.cnv
* Sea-Bird SBE 9 Data File:
* FileName = C:\Data\ctd\20701032.hex
* Software Version Seasave V 7.21e
* Temperature SN = 4406
* Conductivity SN = 1474
* Number of Bytes Per Scan = 40
* Number of Voltage Words = 5
* Number of Scans Averaged by the Deck Unit = 1
* NMEA Latitude = 38 51.83 N
* NMEA Longitude = 069 04.39 W
* NMEA UTC (Time) = Apr 25 2012 18:04:30
** R/V Knorr Cruise # KN207-01 QL1
** Chief Scientist: Ben Van Mooy
# nquan = 21
# nvalues = 396                         
# units = specified
# name 0 = latitude: Latitude [deg]
# name 1 = longitude: Longitude [deg]
# name 2 = t090C: Temperature [ITS-90, deg C]
# name 3 = c0S/m: Conductivity [S/m]
# name 4 = sal00: Salinity, Practical [PSU]
# name 5 = depSM: Depth [salt water, m]
# name 6 = prDM: Pressure, Digiquartz [db]
# name 7 = t190C: Temperature, 2 [ITS-90, deg C]
# name 8 = c1S/m: Conductivity, 2 [S/m]
# name 9 = sal11: Salinity, Practical, 2 [PSU]
# name 10 = flECO-AFL: Fluorescence, WET Labs ECO-AFL/FL [mg/m^3]
# name 11 = par: PAR/Irradiance, Biospherical/Licor
# name 12 = bat: Beam Attenuation, Chelsea/Seatech [1/m]
# name 13 = xmiss: Beam Transmission, Chelsea/Seatech [%]
# name 14 = altM: Altimeter [m]
# name 15 = sbeox0Mm/Kg: Oxygen, SBE 43 [umol/kg]
# name 16 = sbeox0ML/L: Oxygen, SBE 43 [ml/l]
# name 17 = spar: SPAR/Surface Irradiance
# name 18 = pumps: Pump Status
# name 19 = nbin: number of scans per bin
# name 20 = flag: flag
# span 0 =   38.86400,   38.86628       
# span 1 =  -69.07467,  -69.07328       
# span 2 =    11.2058,    14.6704       
# span 3 =   3.815199,   4.350862       
# span 4 =    32.7294,    35.8253       
# span 5 =      2.923,    199.162       
# span 6 =      2.946,    200.777       
# span 7 =    11.1627,    14.6702       
# span 8 =   3.865732,   4.350910       
# span 9 =    33.7136,    35.8293       
# span 10 =     0.0038,     2.6557      
# span 11 = 1.0000e-12, 1.1280e+02      
# span 12 =    -0.0141,     0.3464      
# span 13 =    91.7058,   100.3526      
# span 14 =      39.27,      98.63      
# span 15 =    141.551,    410.459      
# span 16 =     3.2547,     9.4259      
# span 17 = 2.5396e+03, 2.5610e+03      
# span 18 =          1,          1      
# span 19 =         13,        464      
# span 20 = 0.0000e+00, 0.0000e+00      
# interval = decibars: 1                
# start_time = Apr 25 2012 18:04:30 [NMEA time, header]
# bad_flag = -9.990e-29
*END*
[from data line 69]
   38.86432  -69.07356    13.8605   4.228188    35.4161     72.439     73.004    13.8595   4.228102    35.4163     0.0674 2.9179e-03    -0.0010   100.0242      98.55    225.784     5.1898 2.5493e+03          1         50 0.0000e+00
   38.86433  -69.07356    13.8636   4.228681    35.4182     73.372     73.944    13.8624   4.228567    35.4183     0.0652 4.6998e-03     0.0001    99.9970      98.55    225.472     5.1826 2.5502e+03          1         45 0.0000e+00
   38.86434  -69.07356    13.8683   4.229379    35.4204     74.403     74.983    13.8677   4.229310    35.4202     0.0548 5.6544e-03     0.0002    99.9951      98.55    225.152     5.1753 2.5506e+03          1         32 0.0000e+00
   38.86434  -69.07356    13.8764   4.230588    35.4239     75.420     76.009    13.8771   4.230683    35.4241     0.0636 2.7804e-04     0.0038    99.9054      98.55    226.622     5.2091 2.5505e+03          1         29 0.0000e+00
   38.86435  -69.07357    13.8779   4.230871    35.4253     76.498     77.095    13.8788   4.231017    35.4258     0.0676 4.6671e-02     0.0010    99.9749      98.55    226.195     5.1993 2.5507e+03          1         98 0.0000e+00
   38.86436  -69.07358    13.8830   4.231570    35.4272     77.345     77.949    13.8834   4.231672    35.4277     0.0734 9.9529e-02    -0.0008   100.0193      98.55    226.752     5.2121 2.5488e+03          1         34 0.0000e+00
   38.86436  -69.07358    13.8882   4.232352    35.4293     78.403     79.016    13.8880   4.232382    35.4297     0.0651 2.6580e-03    -0.0009   100.0216      98.55    226.693     5.2107 2.5498e+03          1         30 0.0000e+00
   38.86436  -69.07358    13.8930   4.233050    35.4310     79.409     80.029    13.8929   4.233103    35.4316     0.0513 4.4933e-03    -0.0006   100.0152      98.55    226.729     5.2116 2.5504e+03          1         40 0.0000e+00
   38.86436  -69.07358    13.8954   4.233436    35.4321     80.372     81.000    13.8958   4.233534    35.4327     0.0483 2.2644e-03    -0.0009   100.0216      98.55    226.736     5.2117 2.5510e+03          1         43 0.0000e+00
   38.86437  -69.07359    13.8976   4.233797    35.4333     81.306     81.941    13.8981   4.233453    35.4297     0.0624 1.3803e-03    -0.0009   100.0224      90.54    226.464     5.2055 2.5492e+03          1         92 0.0000e+00
   38.86438  -69.07360    13.9020   4.234434    35.4349     82.319     82.963    13.9016   4.234412    35.4350     0.0491 2.2461e-03    -0.0004   100.0099      98.55    227.008     5.2180 2.5497e+03          1         22 0.0000e+00
   38.86438  -69.07360    13.9141   4.236112    35.4387     83.336     83.988    13.9131   4.235887    35.4375     0.0508 7.4393e-04    -0.0013   100.0309      98.55    226.994     5.2176 2.5499e+03          1         22 0.0000e+00
   38.86438  -69.07360    13.9318   4.238565    35.4445     84.468     85.129    13.9310   4.238422    35.4440     0.0562 2.9023e-04    -0.0010   100.0246      98.55    226.932     5.2162 2.5512e+03          1         43 0.0000e+00
   38.86438  -69.07360    13.9318   4.238589    35.4449     85.120     85.787    13.9355   4.239109    35.4463     0.0576 4.7077e-05    -0.0009   100.0229      98.55    227.065     5.2193 2.5494e+03          1         60 0.0000e+00
   38.86440  -69.07362    13.9516   4.241423    35.4522     86.308     86.983    13.9506   4.241203    35.4512     0.0530 1.0000e-12     0.0019    99.9527      98.55    227.308     5.2249 2.5497e+03          1         25 0.0000e+00
   38.86440  -69.07362    13.9644   4.243290    35.4573     87.323     88.007    13.9651   4.243348    35.4572     0.0588 1.0000e-12    -0.0008   100.0189      98.55    227.422     5.2275 2.5519e+03          1         29 0.0000e+00
   38.86440  -69.07362    13.9712   4.244295    35.4600     88.367     89.059    13.9707   4.244317    35.4608     0.0602 6.6738e-04    -0.0016   100.0391      98.55    227.107     5.2203 2.5522e+03          1         47 0.0000e+00
   38.86442  -69.07364    13.9705   4.244242    35.4602     89.276     89.976    13.9702   4.244296    35.4609     0.0532 9.1558e-04    -0.0010   100.0248      98.55    226.852     5.2144 2.5499e+03          1         64 0.0000e+00
   38.86442  -69.07364    13.9717   4.244436    35.4607     90.282     90.989    13.9720   4.244538    35.4613     0.0566 8.5569e-06    -0.0015   100.0386      98.55    227.187     5.2221 2.5509e+03          1         65 0.0000e+00
   38.86442  -69.07364    13.9752   4.244924    35.4616     91.255     91.970    13.9763   4.245150    35.4627     0.0647 1.2539e-03    -0.0019   100.0473      98.55    226.966     5.2170 2.5500e+03          1         42 0.0000e+00
   38.86442  -69.07364    13.9816   4.245868    35.4641     92.275     92.998    13.9824   4.245928    35.4639     0.0487 1.0000e-12    -0.0025   100.0636      98.55    226.608     5.2088 2.5499e+03          1         30 0.0000e+00
   38.86442  -69.07364    13.9950   4.247714    35.4683     93.244     93.976    13.9938   4.247514    35.4676     0.0567 1.0000e-12    -0.0020   100.0503      98.55    226.542     5.2073 2.5512e+03          1         34 0.0000e+00
   38.86443  -69.07365    14.0142   4.250424    35.4752     94.251     94.991    14.0135   4.250258    35.4743     0.0499 1.0000e-12    -0.0020   100.0506      98.55    226.703     5.2110 2.5519e+03          1         39 0.0000e+00
   38.86444  -69.07366    14.0249   4.251924    35.4790     95.436     96.185    14.0270   4.252265    35.4801     0.0535 4.8015e-04    -0.0008   100.0202      98.55    226.453     5.2053 2.5509e+03          1        109 0.0000e+00
   38.86444  -69.07366    14.0529   4.255849    35.4891     96.186     96.941    14.0556   4.256101    35.4889     0.0647 5.4699e-04    -0.0023   100.0582      98.55    226.665     5.2101 2.5495e+03          1         40 0.0000e+00
   38.86444  -69.07366    14.0678   4.257950    35.4944     97.211     97.974    14.0681   4.258069    35.4952     0.0575 7.3674e-04    -0.0023   100.0580      98.55    227.098     5.2201 2.5501e+03          1         24 0.0000e+00
   38.86444  -69.07366    14.0700   4.258275    35.4951     98.202     98.974    14.0696   4.258307    35.4958     0.0575 1.0000e-12    -0.0017   100.0416      98.55    226.422     5.2046 2.5516e+03          1         27 0.0000e+00
   38.86445  -69.07367    14.0707   4.258402    35.4954     99.203     99.983    14.0702   4.258428    35.4961     0.0692 1.0000e-12    -0.0019   100.0464      98.55    226.027     5.1955 2.5538e+03          1         28 0.0000e+00
   38.86446  -69.07368    14.0706   4.258423    35.4955    100.294    101.082    14.0704   4.258494    35.4963     0.0554 1.0000e-12    -0.0020   100.0493      98.55    226.503     5.2064 2.5540e+03          1         39 0.0000e+00
   38.86447  -69.07368    14.0768   4.259342    35.4982    100.971    101.766    14.0786   4.259555    35.4985     0.0398 3.4296e-05    -0.0023   100.0576      98.55    226.485     5.2060 2.5518e+03          1         77 0.0000e+00
   38.86448  -69.07368    14.1013   4.262739    35.5063    102.218    103.022    14.1007   4.262649    35.5061     0.0359 1.0000e-12    -0.0009   100.0216      98.55    226.150     5.1983 2.5502e+03          1         19 0.0000e+00
   38.86448  -69.07368    14.1042   4.263135    35.5070    103.181    103.993    14.1041   4.263190    35.5077     0.0551 1.0000e-12    -0.0017   100.0434      98.55    226.169     5.1988 2.5494e+03          1         20 0.0000e+00
   38.86448  -69.07368    14.1085   4.263796    35.5088    104.176    104.996    14.1092   4.263817    35.5084     0.0558 1.0000e-12    -0.0008   100.0204      98.55    226.133     5.1979 2.5500e+03          1         21 0.0000e+00
   38.86448  -69.07369    14.1212   4.265487    35.5123    105.154    105.982    14.1215   4.265568    35.5127     0.0478 1.0000e-12    -0.0022   100.0563      98.55    225.957     5.1939 2.5519e+03          1         20 0.0000e+00
   38.86448  -69.07370    14.1262   4.266252    35.5144    106.176    107.012    14.1265   4.266229    35.5139     0.0445 1.0000e-12    -0.0024   100.0607      98.55    225.677     5.1874 2.5538e+03          1         25 0.0000e+00
   38.86448  -69.07370    14.1386   4.267927    35.5180    107.223    108.068    14.1383   4.267943    35.5184     0.0437 1.0000e-12    -0.0026   100.0640      98.55    225.776     5.1897 2.5543e+03          1         43 0.0000e+00
   38.86449  -69.07370    14.1484   4.269398    35.5224    108.038    108.889    14.1495   4.269520    35.5225     0.0597 1.0000e-12    -0.0024   100.0609      98.55    224.999     5.1719 2.5524e+03          1         49 0.0000e+00
   38.86450  -69.07370    14.1607   4.271164    35.5270    109.115    109.976    14.1608   4.271146    35.5267     0.0419 1.0000e-12    -0.0024   100.0595      98.55    225.011     5.1721 2.5510e+03          1         21 0.0000e+00
   38.86450  -69.07370    14.1721   4.272795    35.5311    110.140    111.009    14.1720   4.272737    35.5306     0.0366 1.0000e-12    -0.0030   100.0757      98.56    225.119     5.1746 2.5512e+03          1         19 0.0000e+00
   38.86450  -69.07370    14.1791   4.273811    35.5336    111.133    112.010    14.1788   4.273701    35.5329     0.0429 1.0000e-12    -0.0032   100.0794      98.55    225.185     5.1762 2.5533e+03          1         16 0.0000e+00
   38.86450  -69.07370    14.2029   4.277301    35.5432    112.088    112.973    14.2022   4.276890    35.5402     0.0418 1.0000e-12    -0.0030   100.0744      98.55    225.215     5.1768 2.5535e+03          1         18 0.0000e+00
   38.86450  -69.07370    14.2151   4.278953    35.5469    113.065    113.958    14.2149   4.278909    35.5467     0.0346 1.0000e-12    -0.0028   100.0704      98.55    225.247     5.1776 2.5534e+03          1         20 0.0000e+00
   38.86450  -69.07370    14.2187   4.279447    35.5479    114.093    114.994    14.2185   4.279490    35.5485     0.0166 1.0000e-12    -0.0036   100.0898      98.55    225.178     5.1760 2.5531e+03          1         23 0.0000e+00
   38.86450  -69.07370    14.2227   4.280026    35.5493    115.150    116.060    14.2219   4.279952    35.5494     0.0501 8.6706e-05    -0.0037   100.0942      98.55    224.442     5.1591 2.5520e+03          1         34 0.0000e+00
   38.86450  -69.07370    14.2276   4.280691    35.5509    116.021    116.938    14.2281   4.280796    35.5514     0.0400 1.0000e-12    -0.0038   100.0959      98.55    223.751     5.1432 2.5523e+03          1         46 0.0000e+00
   38.86450  -69.07370    14.2686   4.286757    35.5682    117.037    117.962    14.2667   4.285812    35.5613     0.0459 1.0000e-12    -0.0047   100.1177      98.55    223.397     5.1351 2.5527e+03          1         23 0.0000e+00
   38.86452  -69.07372    14.2903   4.289625    35.5742    118.020    118.953    14.2903   4.289701    35.5749     0.0530 1.0000e-12    -0.0035   100.0875      98.56    223.836     5.1452 2.5529e+03          1         16 0.0000e+00
   38.86452  -69.07372    14.2949   4.290328    35.5761    119.011    119.952    14.2937   4.290156    35.5757     0.0200 1.0000e-12    -0.0040   100.1003      98.55    224.239     5.1544 2.5529e+03          1         16 0.0000e+00
   38.86452  -69.07372    14.2962   4.290586    35.5771    120.020    120.970    14.2985   4.290814    35.5771     0.0201 1.0000e-12    -0.0048   100.1210      98.55    224.138     5.1521 2.5522e+03          1         15 0.0000e+00
   38.86452  -69.07372    14.3092   4.292389    35.5813    121.015    121.973    14.3105   4.292459    35.5807     0.0225 1.0000e-12    -0.0050   100.1244      98.55    223.232     5.1313 2.5523e+03          1         17 0.0000e+00
   38.86452  -69.07372    14.3233   4.294273    35.5853    122.044    123.010    14.3223   4.294038    35.5841     0.0352 1.0000e-12    -0.0048   100.1207      98.55    222.697     5.1190 2.5533e+03          1         21 0.0000e+00
   38.86452  -69.07372    14.3390   4.296463    35.5906    123.084    124.059    14.3377   4.296244    35.5898     0.0317 1.0000e-12    -0.0047   100.1164      98.55    222.922     5.1242 2.5540e+03          1         32 0.0000e+00
   38.86454  -69.07372    14.3435   4.297083    35.5923    123.983    124.965    14.3435   4.297177    35.5932     0.0401 1.0000e-12    -0.0050   100.1253      98.55    222.493     5.1143 2.5526e+03          1         56 0.0000e+00
   38.86454  -69.07372    14.3469   4.297593    35.5939    124.942    125.932    14.3473   4.297674    35.5943     0.0413 1.0000e-12    -0.0040   100.1008      98.55    222.385     5.1118 2.5497e+03          1         25 0.0000e+00
   38.86454  -69.07372    14.3563   4.298964    35.5975    125.962    126.961    14.3561   4.298840    35.5965     0.0342 1.0000e-12    -0.0051   100.1276      98.55    222.606     5.1169 2.5500e+03          1         16 0.0000e+00
   38.86454  -69.07372    14.3667   4.300457    35.6012    126.971    127.978    14.3667   4.300328    35.6000     0.0466 1.0000e-12    -0.0054   100.1356      98.56    222.481     5.1141 2.5516e+03          1         16 0.0000e+00
   38.86454  -69.07372    14.3787   4.302149    35.6053    128.003    129.018    14.3791   4.302126    35.6047     0.0351 1.0000e-12    -0.0054   100.1340      98.56    222.508     5.1147 2.5529e+03          1         16 0.0000e+00
   38.86454  -69.07372    14.3944   4.304455    35.6116    129.010    130.034    14.3945   4.304255    35.6096     0.0332 1.0000e-12    -0.0056   100.1395      98.55    222.452     5.1134 2.5533e+03          1         17 0.0000e+00
   38.86454  -69.07372    14.4086   4.306496    35.6168    129.991    131.023    14.4083   4.306370    35.6160     0.0300 1.0000e-12    -0.0059   100.1477      98.55    222.194     5.1075 2.5546e+03          1         21 0.0000e+00
   38.86454  -69.07372    14.4173   4.307673    35.6194    130.988    132.028    14.4172   4.307649    35.6192     0.0382 1.0000e-12    -0.0066   100.1644      98.55    221.749     5.0972 2.5540e+03          1         27 0.0000e+00
   38.86454  -69.07372    14.4252   4.308763    35.6219    131.954    133.002    14.4252   4.308812    35.6224     0.0321 1.0000e-12     0.0002    99.9967      98.55    220.893     5.0776 2.5537e+03          1         30 0.0000e+00
   38.86455  -69.07373    14.4325   4.309816    35.6248    132.959    134.016    14.4318   4.309743    35.6247     0.0237 1.0000e-12    -0.0068   100.1702      98.55    220.973     5.0794 2.5533e+03          1         32 0.0000e+00
   38.86456  -69.07374    14.4375   4.310517    35.6265    133.915    134.979    14.4380   4.310610    35.6269     0.0365 1.0000e-12    -0.0068   100.1694      98.55    220.868     5.0770 2.5519e+03          1         36 0.0000e+00
   38.86456  -69.07374    14.4506   4.312368    35.6310    134.900    135.972    14.4512   4.312380    35.6306     0.0469 1.0000e-12    -0.0073   100.1822      98.55    220.229     5.0623 2.5513e+03          1         24 0.0000e+00
   38.86456  -69.07374    14.4712   4.315469    35.6400    135.921    137.002    14.4711   4.315053    35.6363     0.0488 1.0000e-12    -0.0075   100.1864      98.56    220.375     5.0657 2.5508e+03          1         17 0.0000e+00
   38.86456  -69.07374    14.4956   4.319009    35.6494    136.923    138.012    14.4954   4.318498    35.6449     0.0145 1.0000e-12    -0.0074   100.1850      98.55    220.843     5.0764 2.5519e+03          1         14 0.0000e+00
   38.86456  -69.07374    14.5252   4.323351    35.6614    137.915    139.012    14.5246   4.323024    35.6589     0.0309 1.0000e-12    -0.0073   100.1827      98.55    221.148     5.0835 2.5526e+03          1         15 0.0000e+00
   38.86458  -69.07374    14.5321   4.324285    35.6633    138.937    140.043    14.5319   4.324317    35.6638     0.0514 1.0000e-12    -0.0080   100.2000      98.55    221.091     5.0822 2.5532e+03          1         17 0.0000e+00
