Data/ruptures/KN207-01/QL-1/20701033.cnv
* Sea-Bird SBE 9 Data File:
* FileName = C:\Data\ctd\20701033.hex
* Software Version Seasave V 7.21e
* Temperature SN = 4406
* Conductivity SN = 1474
* Number of Bytes Per Scan = 40
* Number of Voltage Words = 5
* Number of Scans Averaged by the Deck Unit = 1
* NMEA Latitude = 38 52.13 N
* NMEA Longitude = 069 05.66 W
* NMEA UTC (Time) = Apr 25 2012 20:03:16
** R/V Knorr Cruise # KN207-01 QL1
** Chief Scientist: Ben Van Mooy
# nquan = 21
# nvalues = 398                         
# units = specified
# name 0 = latitude: Latitude [deg]
# name 1 = longitude: Longitude [deg]
# name 2 = t090C: Temperature [ITS-90, deg C]
# name 3 = c0S/m: Conductivity [S/m]
# name 4 = sal00: Salinity, Practical [PSU]
# name 5 = depSM: Depth [salt water, m]
# name 6 = prDM: Pressure, Digiquartz [db]
# name 7 = t190C: Temperature, 2 [ITS-90, deg C]
# name 8 = c1S/m: Conductivity, 2 [S/m]
# name 9 = sal11: Salinity, Practical, 2 [PSU]
# name 10 = flECO-AFL: Fluorescence, WET Labs ECO-AFL/FL [mg/m^3]
# name 11 = par: PAR/Irradiance, Biospherical/Licor
# name 12 = bat: Beam Attenuation, Chelsea/Seatech [1/m]
# name 13 = xmiss: Beam Transmission, Chelsea/Seatech [%]
# name 14 = altM: Altimeter [m]
# name 15 = sbeox0Mm/Kg: Oxygen, SBE 43 [umol/kg]
# name 16 = sbeox0ML/L: Oxygen, SBE 43 [ml/l]
# name 17 = spar: SPAR/Surface Irradiance
# name 18 = pumps: Pump Status
# name 19 = nbin: number of scans per bin
# name 20 = flag: flag
# span 0 =   38.86898,   38.86997       
# span 1 =  -69.09657,  -69.09441       
# span 2 =    10.9587,    14.6524       
# span 3 =   3.835401,   4.351563       
# span 4 =    33.8990,    35.8080       
# span 5 =      2.022,    199.081       
# span 6 =      2.037,    200.695       
# span 7 =    10.9512,    14.6524       
# span 8 =   3.834833,   4.351637       
# span 9 =    33.8934,    35.8180       
# span 10 =    -0.0111,     2.9988      
# span 11 = 1.0000e-12, 1.8170e+01      
# span 12 =    -0.0142,     0.3538      
# span 13 =    91.5359,   100.3545      
# span 14 =       5.76,      98.65      
# span 15 =    144.693,    456.554      
# span 16 =     3.3269,    10.4852      
# span 17 = 2.3373e+03, 2.3869e+03      
# span 18 =          0,          1      
# span 19 =         12,        697      
# span 20 = 0.0000e+00, 0.0000e+00      
# interval = decibars: 1                
# start_time = Apr 25 2012 20:03:16 [NMEA time, header]
# bad_flag = -9.990e-29
*END*
[from data line 69]
   38.86916  -69.09482    13.7736   4.216243    35.3852     71.455     72.012    13.7720   4.214978    35.3748     0.0763 7.3446e-02     0.0026    99.9343      98.55    226.810     5.2134 2.3779e+03          1         28 0.0000e+00
   38.86918  -69.09484    13.8205   4.222961    35.4041     72.653     73.219    13.8195   4.222154    35.3976     0.0723 6.9621e-02     0.0017    99.9564      98.55    226.717     5.2112 2.3751e+03          1         75 0.0000e+00
   38.86918  -69.09485    13.8359   4.225020    35.4096     73.302     73.874    13.8321   4.223783    35.4015     0.0765 6.8162e-02     0.0004    99.9900      98.55    227.027     5.2184 2.3808e+03          1         52 0.0000e+00
   38.86918  -69.09486    13.8580   4.228099    35.4176     74.401     74.981    13.8576   4.227808    35.4152     0.0686 6.2614e-02     0.0094    99.7666      98.55    226.717     5.2113 2.3805e+03          1         25 0.0000e+00
   38.86918  -69.09486    13.8637   4.228955    35.4201     75.438     76.026    13.8631   4.228714    35.4184     0.0654 6.1474e-02     0.0103    99.7423      98.55    226.245     5.2004 2.3793e+03          1         29 0.0000e+00
   38.86918  -69.09486    13.8706   4.229945    35.4230     76.474     77.071    13.8698   4.229786    35.4222     0.0660 5.3050e-02     0.0041    99.8979      98.55    226.640     5.2095 2.3758e+03          1         63 0.0000e+00
   38.86918  -69.09488    13.8844   4.231939    35.4287     77.380     77.984    13.8848   4.231824    35.4273     0.0684 5.5902e-02     0.0007    99.9835      98.55    226.924     5.2160 2.3779e+03          1         54 0.0000e+00
   38.86918  -69.09488    13.8968   4.233671    35.4333     78.346     78.958    13.8965   4.233582    35.4327     0.0600 5.3349e-02     0.0042    99.8940      98.55    226.720     5.2113 2.3806e+03          1         54 0.0000e+00
   38.86920  -69.09488    13.9091   4.235445    35.4381     79.349     79.969    13.9090   4.235284    35.4367     0.0520 5.1268e-02     0.0032    99.9205      98.55    226.441     5.2050 2.3787e+03          1         29 0.0000e+00
   38.86920  -69.09488    13.9181   4.236694    35.4411     80.386     81.015    13.9178   4.236621    35.4406     0.0628 4.8938e-02     0.0117    99.7090      98.55    226.818     5.2136 2.3778e+03          1         31 0.0000e+00
   38.86920  -69.09488    13.9187   4.236805    35.4414     81.429     82.066    13.9183   4.236780    35.4415     0.0570 4.5939e-02     0.0057    99.8574      98.55    226.709     5.2111 2.3780e+03          1         75 0.0000e+00
   38.86920  -69.09490    13.9194   4.236933    35.4419     82.238     82.881    13.9193   4.236944    35.4422     0.0547 4.3718e-02    -0.0005   100.0127      95.46    227.041     5.2187 2.3791e+03          1         55 0.0000e+00
   38.86920  -69.09490    13.9200   4.237067    35.4424     83.329     83.981    13.9199   4.237109    35.4428     0.0710 4.2288e-02    -0.0008   100.0198      98.55    227.363     5.2261 2.3777e+03          1         29 0.0000e+00
   38.86920  -69.09491    13.9217   4.237346    35.4430     84.366     85.026    13.9208   4.237202    35.4426     0.0365 4.0549e-02     0.0004    99.9895      98.55    227.050     5.2189 2.3777e+03          1         28 0.0000e+00
   38.86920  -69.09492    13.9267   4.238062    35.4447     85.437     86.105    13.9268   4.238130    35.4452     0.0522 3.2424e-02     0.0142    99.6467      98.55    226.952     5.2167 2.3791e+03          1         53 0.0000e+00
   38.86920  -69.09492    13.9421   4.240232    35.4502     86.190     86.865    13.9420   4.240075    35.4489     0.0537 3.6834e-02     0.0009    99.9768      98.55    227.114     5.2204 2.3768e+03          1         77 0.0000e+00
   38.86920  -69.09492    13.9758   4.245041    35.4631     87.298     87.981    13.9760   4.245091    35.4633     0.0534 2.7342e-02    -0.0003   100.0070      98.55    227.030     5.2185 2.3781e+03          1         37 0.0000e+00
   38.86920  -69.09492    13.9773   4.245274    35.4637     88.314     89.006    13.9759   4.245148    35.4638     0.0603 3.3439e-02    -0.0010   100.0252      98.55    226.958     5.2169 2.3805e+03          1         36 0.0000e+00
   38.86921  -69.09493    13.9765   4.245214    35.4636     89.297     89.997    13.9762   4.245225    35.4640     0.0682 2.7425e-02     0.0004    99.9902      98.55    226.762     5.2123 2.3791e+03          1         36 0.0000e+00
   38.86922  -69.09494    13.9767   4.245255    35.4636     90.362     91.070    13.9769   4.245344    35.4642     0.0582 2.3608e-02    -0.0003   100.0072      98.55    226.928     5.2162 2.3756e+03          1         59 0.0000e+00
   38.86922  -69.09494    13.9781   4.245468    35.4641     91.191     91.907    13.9783   4.245540    35.4646     0.0671 2.3097e-02    -0.0000   100.0010      98.55    226.871     5.2148 2.3776e+03          1         65 0.0000e+00
   38.86922  -69.09494    13.9832   4.246234    35.4660     92.238     92.962    13.9839   4.246347    35.4665     0.0594 2.7181e-02    -0.0009   100.0216      98.55    226.303     5.2018 2.3797e+03          1         27 0.0000e+00
   38.86922  -69.09494    13.9852   4.246524    35.4666     93.288     94.020    13.9853   4.246588    35.4671     0.0646 2.6147e-02    -0.0010   100.0235      98.55    226.394     5.2039 2.3788e+03          1         27 0.0000e+00
   38.86922  -69.09495    13.9851   4.246544    35.4666     94.310     95.050    13.9842   4.246512    35.4671     0.0507 2.4565e-02    -0.0007   100.0169      98.55    227.255     5.2237 2.3768e+03          1         99 0.0000e+00
   38.86922  -69.09496    13.9886   4.247086    35.4680     95.209     95.957    13.9887   4.247091    35.4679     0.0545 2.3707e-02    -0.0007   100.0160      98.56    226.845     5.2143 2.3756e+03          1         23 0.0000e+00
   38.86922  -69.09496    13.9905   4.247348    35.4683     96.242     96.998    13.9905   4.247414    35.4688     0.0508 1.1561e-02    -0.0001   100.0034      98.56    227.018     5.2182 2.3770e+03          1         24 0.0000e+00
   38.86922  -69.09497    13.9944   4.247901    35.4693     97.347     98.112    13.9914   4.247567    35.4690     0.0632 2.0996e-02    -0.0006   100.0144      98.55    227.119     5.2205 2.3792e+03          1         57 0.0000e+00
   38.86922  -69.09498    14.0066   4.249639    35.4737     98.172     98.943    14.0073   4.249649    35.4731     0.0609 2.0787e-02    -0.0001   100.0017      98.55    227.009     5.2180 2.3783e+03          1         53 0.0000e+00
   38.86923  -69.09498    14.0328   4.253238    35.4822     99.349    100.130    14.0291   4.252800    35.4817     0.0576 1.9287e-02    -0.0004   100.0099      98.55    226.938     5.2164 2.3759e+03          1         75 0.0000e+00
   38.86924  -69.09498    14.0395   4.254208    35.4850    100.089    100.876    14.0399   4.254213    35.4846     0.0544 1.8475e-02    -0.0016   100.0404      98.55    226.973     5.2172 2.3790e+03          1         41 0.0000e+00
   38.86924  -69.09498    14.0470   4.255269    35.4875    101.166    101.962    14.0467   4.255236    35.4874     0.0443 9.9080e-03    -0.0017   100.0424      98.55    226.971     5.2172 2.3781e+03          1         21 0.0000e+00
   38.86924  -69.09499    14.0495   4.255610    35.4879    102.188    102.992    14.0491   4.255642    35.4885     0.0309 1.0178e-02    -0.0012   100.0284      98.56    226.785     5.2129 2.3771e+03          1         19 0.0000e+00
   38.86924  -69.09500    14.0495   4.255630    35.4878    103.237    104.049    14.0492   4.255687    35.4885     0.0496 1.6111e-02    -0.0009   100.0226      98.55    226.885     5.2152 2.3756e+03          1         27 0.0000e+00
   38.86924  -69.09500    14.0468   4.255312    35.4873    103.907    104.726    14.0469   4.255390    35.4879     0.0564 1.2149e-02    -0.0008   100.0187      98.55    226.517     5.2067 2.3747e+03          1         99 0.0000e+00
   38.86924  -69.09500    14.0563   4.256768    35.4914    105.143    105.971    14.0558   4.256501    35.4895     0.0511 4.6800e-03    -0.0013   100.0316      98.55    226.531     5.2071 2.3757e+03          1         18 0.0000e+00
   38.86924  -69.09500    14.0696   4.258617    35.4957    106.154    106.991    14.0697   4.258649    35.4959     0.0587 1.3303e-02    -0.0003   100.0065      98.55    226.614     5.2090 2.3772e+03          1         17 0.0000e+00
   38.86924  -69.09500    14.0714   4.258900    35.4963    107.180    108.025    14.0713   4.258931    35.4967     0.0583 1.3157e-02     0.0000   100.0000      98.55    226.916     5.2159 2.3789e+03          1         19 0.0000e+00
   38.86924  -69.09500    14.0765   4.259674    35.4984    108.208    109.061    14.0763   4.259661    35.4985     0.0375 9.7395e-03    -0.0014   100.0354      98.55    226.516     5.2067 2.3795e+03          1         28 0.0000e+00
   38.86925  -69.09501    14.0872   4.261204    35.5023    109.183    110.044    14.0864   4.261070    35.5018     0.0493 1.2213e-02    -0.0017   100.0433      98.55    226.534     5.2071 2.3733e+03          1         52 0.0000e+00
   38.86926  -69.09502    14.0977   4.262642    35.5056    110.095    110.963    14.0974   4.262651    35.5059     0.0557 1.1690e-02    -0.0019   100.0481      98.55    226.034     5.1956 2.3727e+03          1         33 0.0000e+00
   38.86926  -69.09502    14.0979   4.262721    35.5059    111.070    111.946    14.0980   4.262821    35.5067     0.0581 1.1150e-02    -0.0024   100.0591      98.56    225.917     5.1930 2.3758e+03          1         24 0.0000e+00
   38.86926  -69.09502    14.0987   4.262884    35.5062    112.100    112.984    14.0986   4.262913    35.5066     0.0645 1.0582e-02    -0.0021   100.0514      98.55    225.704     5.1881 2.3770e+03          1         25 0.0000e+00
   38.86926  -69.09502    14.1031   4.263542    35.5079    113.122    114.015    14.1014   4.263247    35.5068     0.0478 1.0123e-02    -0.0024   100.0607      98.55    225.511     5.1836 2.3760e+03          1         25 0.0000e+00
   38.86926  -69.09502    14.1212   4.266069    35.5140    114.098    114.999    14.1221   4.266134    35.5138     0.0365 9.6568e-03    -0.0020   100.0508      98.56    225.866     5.1918 2.3742e+03          1         22 0.0000e+00
   38.86926  -69.09502    14.1239   4.266414    35.5144    115.061    115.970    14.1239   4.266489    35.5151     0.0494 8.2891e-03    -0.0021   100.0529      98.56    226.211     5.1997 2.3724e+03          1         23 0.0000e+00
   38.86926  -69.09502    14.1246   4.266562    35.5148    116.108    117.026    14.1244   4.266598    35.5153     0.0702 8.2681e-03    -0.0019   100.0485      98.55    226.337     5.2026 2.3714e+03          1         21 0.0000e+00
   38.86926  -69.09502    14.1277   4.266976    35.5154    117.096    118.022    14.1273   4.266996    35.5159     0.0599 8.5378e-03    -0.0021   100.0537      98.55    225.929     5.1932 2.3740e+03          1         20 0.0000e+00
   38.86926  -69.09504    14.1409   4.268907    35.5206    118.112    119.046    14.1391   4.268480    35.5183     0.0427 7.7924e-03    -0.0021   100.0526      98.55    225.526     5.1840 2.3748e+03          1         29 0.0000e+00
   38.86926  -69.09506    14.1543   4.270729    35.5248    118.991    119.932    14.1546   4.270826    35.5254     0.0431 7.2691e-03    -0.0020   100.0496      98.55    225.815     5.1906 2.3740e+03          1         55 0.0000e+00
   38.86926  -69.09506    14.1566   4.271130    35.5262    120.011    120.961    14.1569   4.271174    35.5262     0.0513 7.0358e-03    -0.0020   100.0500      98.55    225.138     5.1751 2.3748e+03          1         19 0.0000e+00
   38.86926  -69.09506    14.1698   4.273054    35.5312    121.031    121.989    14.1689   4.272763    35.5293     0.0577 7.0527e-03    -0.0021   100.0524      98.55    224.902     5.1697 2.3749e+03          1         15 0.0000e+00
   38.86926  -69.09506    14.1840   4.275176    35.5371    122.079    123.046    14.1845   4.274961    35.5346     0.0604 5.8164e-03    -0.0026   100.0651      98.57    224.912     5.1699 2.3739e+03          1         13 0.0000e+00
   38.86926  -69.09506    14.1946   4.276597    35.5400    123.062    124.037    14.1939   4.276543    35.5401     0.0595 5.9239e-03    -0.0030   100.0748      98.57    224.922     5.1701 2.3737e+03          1         14 0.0000e+00
   38.86926  -69.09506    14.1972   4.276953    35.5406    124.039    125.022    14.1969   4.276951    35.5409     0.0556 6.0104e-03    -0.0030   100.0759      98.55    225.326     5.1794 2.3729e+03          1         18 0.0000e+00
   38.86926  -69.09506    14.2045   4.277985    35.5431    125.079    126.071    14.2042   4.277914    35.5427     0.0537 5.9448e-03    -0.0033   100.0842      98.55    225.120     5.1747 2.3707e+03          1         32 0.0000e+00
   38.86926  -69.09506    14.2155   4.279539    35.5470    125.991    126.990    14.2159   4.279578    35.5470     0.0478 3.3499e-03    -0.0029   100.0736      98.55    224.607     5.1629 2.3713e+03          1         42 0.0000e+00
   38.86927  -69.09506    14.2251   4.280881    35.5504    126.951    127.958    14.2256   4.280920    35.5503     0.0456 5.4338e-03    -0.0027   100.0682      98.56    224.110     5.1515 2.3737e+03          1         32 0.0000e+00
   38.86928  -69.09506    14.2419   4.283271    35.5565    127.945    128.960    14.2420   4.283182    35.5556     0.0459 5.2865e-03    -0.0032   100.0794      98.56    224.102     5.1513 2.3755e+03          1         24 0.0000e+00
   38.86928  -69.09506    14.2544   4.284965    35.5601    128.932    129.956    14.2555   4.285092    35.5603     0.0389 5.0650e-03    -0.0038   100.0958      98.56    224.217     5.1539 2.3755e+03          1         18 0.0000e+00
   38.86928  -69.09506    14.2721   4.287666    35.5682    129.969    131.001    14.2740   4.287406    35.5639     0.0434 4.3532e-03    -0.0041   100.1030      98.56    223.868     5.1459 2.3756e+03          1         18 0.0000e+00
   38.86928  -69.09506    14.3071   4.292423    35.5790    130.947    131.986    14.3047   4.291883    35.5762     0.0359 1.7738e-03    -0.0040   100.1005      98.55    223.690     5.1418 2.3740e+03          1         14 0.0000e+00
   38.86928  -69.09506    14.3149   4.293387    35.5804    131.910    132.958    14.3148   4.293404    35.5806     0.0316 3.9347e-03    -0.0041   100.1030      98.56    224.054     5.1502 2.3712e+03          1         18 0.0000e+00
   38.86928  -69.09507    14.3195   4.294052    35.5821    132.966    134.022    14.3193   4.294020    35.5819     0.0315 4.2299e-03    -0.0043   100.1080      98.55    223.763     5.1435 2.3692e+03          1         22 0.0000e+00
   38.86928  -69.09508    14.3194   4.294017    35.5818    133.982    135.046    14.3199   4.294163    35.5827     0.0355 2.1712e-03    -0.0048   100.1189      98.55    222.691     5.1189 2.3690e+03          1         33 0.0000e+00
   38.86928  -69.09508    14.3292   4.295442    35.5858    134.900    135.973    14.3274   4.295139    35.5847     0.0426 2.4345e-03    -0.0044   100.1102      98.55    222.824     5.1219 2.3713e+03          1         38 0.0000e+00
   38.86928  -69.09508    14.3624   4.300443    35.6007    135.859    136.939    14.3641   4.300166    35.5965     0.0420 3.5217e-03    -0.0055   100.1382      98.55    222.889     5.1234 2.3731e+03          1         28 0.0000e+00
   38.86929  -69.09508    14.4059   4.306438    35.6150    136.891    137.980    14.4054   4.306353    35.6147     0.0334 2.0463e-03    -0.0057   100.1415      98.55    221.788     5.0981 2.3734e+03          1         24 0.0000e+00
   38.86930  -69.09508    14.4103   4.307120    35.6172    137.906    139.004    14.4100   4.307081    35.6171     0.0350 1.3046e-04    -0.0052   100.1283      98.56    222.246     5.1087 2.3737e+03          1         20 0.0000e+00
