Data/ruptures/KN207-01/QL-1/20701031.cnv
* Sea-Bird SBE 9 Data File:
* FileName = C:\Data\ctd\20701031.hex
* Software Version Seasave V 7.21e
* Temperature SN = 4406
* Conductivity SN = 1474
* Number of Bytes Per Scan = 40
* Number of Voltage Words = 5
* Number of Scans Averaged by the Deck Unit = 1
* NMEA Latitude = 38 52.06 N
* NMEA Longitude = 069 02.92 W
* NMEA UTC (Time) = Apr 25 2012 16:06:53
** R/V Knorr Cruise # KN207-01 QL1
** Chief Scientist: Ben Van Mooy
# nquan = 21
# nvalues = 401                         
# units = specified
# name 0 = latitude: Latitude [deg]
# name 1 = longitude: Longitude [deg]
# name 2 = t090C: Temperature [ITS-90, deg C]
# name 3 = c0S/m: Conductivity [S/m]
# name 4 = sal00: Salinity, Practical [PSU]
# name 5 = depSM: Depth [salt water, m]
# name 6 = prDM: Pressure, Digiquartz [db]
# name 7 = t190C: Temperature, 2 [ITS-90, deg C]
# name 8 = c1S/m: Conductivity, 2 [S/m]
# name 9 = sal11: Salinity, Practical, 2 [PSU]
# name 10 = flECO-AFL: Fluorescence, WET Labs ECO-AFL/FL [mg/m^3]
# name 11 = par: PAR/Irradiance, Biospherical/Licor
# name 12 = bat: Beam Attenuation, Chelsea/Seatech [1/m]
# name 13 = xmiss: Beam Transmission, Chelsea/Seatech [%]
# name 14 = altM: Altimeter [m]
# name 15 = sbeox0Mm/Kg: Oxygen, SBE 43 [umol/kg]
# name 16 = sbeox0ML/L: Oxygen, SBE 43 [ml/l]
# name 17 = spar: SPAR/Surface Irradiance
# name 18 = pumps: Pump Status
# name 19 = nbin: number of scans per bin
# name 20 = flag: flag
# span 0 =   38.86669,   38.86780       
# span 1 =  -69.05132,  -69.04882       
# span 2 =    11.2706,    14.7045       
# span 3 =   3.751882,   4.351875       
# span 4 =    32.2343,    35.8332       
# span 5 =      2.966,    200.974       
# span 6 =      2.988,    202.604       
# span 7 =    11.3005,    14.7043       
# span 8 =   3.831773,   4.352002       
# span 9 =    33.0198,    35.8359       
# span 10 =     0.0028,     2.5438      
# span 11 = 1.0000e-12, 9.6963e+01      
# span 12 =    -0.0143,     0.4977      
# span 13 =    88.3844,   100.3571      
# span 14 =       5.63,      98.88      
# span 15 =    137.869,    403.013      
# span 16 =     3.1701,     9.2548      
# span 17 = 1.7198e+03, 3.6678e+03      
# span 18 =          1,          1      
# span 19 =         12,        444      
# span 20 = 0.0000e+00, 0.0000e+00      
# interval = decibars: 1                
# start_time = Apr 25 2012 16:06:53 [NMEA time, header]
# bad_flag = -9.990e-29
*END*
   38.86780  -69.04882    12.4093   3.751882    32.2343      2.966      2.988    12.3856   3.831773    33.0198     0.5501 4.2414e+01     0.3166    92.3920      98.52    321.099     7.3650 1.9956e+03          1         56 0.0000e+00
   38.86778  -69.04883    12.3890   3.832597    33.0248      3.738      3.766    12.3896   3.876131    33.4421     0.4985 4.9494e+01     0.3018    92.7336      84.33    325.359     7.4672 1.9626e+03          1        228 0.0000e+00
   38.86776  -69.04887    12.4075   3.891677    33.5749      4.904      4.941    12.4073   3.906148    33.7142     0.4356 4.3009e+01     0.2996    92.7837      98.52    356.582     8.1872 1.8949e+03          1        106 0.0000e+00
   38.86776  -69.04888    12.4030   3.905322    33.7100      5.848      5.893    12.4034   3.904794    33.7045     0.5324 2.6976e+01     0.2980    92.8206      98.52    377.450     8.6672 1.8747e+03          1         75 0.0000e+00
   38.86776  -69.04888    12.4028   3.908897    33.7441      6.871      6.924    12.3995   3.912774    33.7845     0.5646 2.9440e+01     0.2990    92.7993      98.52    391.843     8.9980 1.8777e+03          1         24 0.0000e+00
   38.86776  -69.04888    12.3858   3.911766    33.7871      7.959      8.020    12.3741   3.915452    33.8334     0.5837 2.7811e+01     0.3031    92.7033      98.52    403.013     9.2548 1.8794e+03          1         26 0.0000e+00
   38.86776  -69.04891    12.3883   3.907816    33.7462      8.781      8.848    12.3838   3.903589    33.7096     0.6524 2.8786e+01     0.3040    92.6818      98.52    359.711     8.2602 1.8722e+03          1        113 0.0000e+00
   38.86776  -69.04892    12.3561   3.914298    33.8380      9.943     10.019    12.3443   3.915469    33.8601     0.6843 1.3939e+01     0.3041    92.6790      98.52    256.448     5.8893 1.8629e+03          1         25 0.0000e+00
   38.86776  -69.04892    12.3333   3.912675    33.8429     10.958     11.042    12.3213   3.914908    33.8755     0.7520 1.1415e+01     0.3103    92.5361      98.52    252.718     5.8037 1.8637e+03          1         25 0.0000e+00
   38.86776  -69.04892    12.3003   3.914064    33.8864     12.029     12.121    12.3490   3.915301    33.8529     0.7967 1.9012e+01     0.3117    92.5039      98.52    262.443     6.0273 1.8662e+03          1         51 0.0000e+00
   38.86775  -69.04892    12.2584   3.915165    33.9348     12.646     12.742    12.2772   3.915596    33.9220     0.8789 1.4347e+01     0.3098    92.5486      98.52    237.875     5.4633 1.8613e+03          1         83 0.0000e+00
   38.86774  -69.04892    12.0386   3.911753    34.1064     13.890     13.996    12.0348   3.911319    34.1061     1.1304 8.9593e+00     0.3134    92.4641      98.52    219.885     5.0510 1.8627e+03          1         22 0.0000e+00
   38.86774  -69.04892    12.0082   3.905643    34.0742     14.892     15.006    12.0077   3.905427    34.0728     1.6573 7.8386e+00     0.3297    92.0889      98.53    220.642     5.0683 1.8668e+03          1         27 0.0000e+00
   38.86774  -69.04894    12.0355   3.903455    34.0251     15.968     16.090    12.0442   3.907021    34.0518     1.7540 8.1862e+00     0.3380    91.8969      98.52    249.311     5.7266 1.8670e+03          1         79 0.0000e+00
   38.86774  -69.04896    11.9764   3.906634    34.1096     16.833     16.962    11.9779   3.908798    34.1296     1.8118 6.9955e+00     0.3360    91.9440      98.53    238.369     5.4757 1.8610e+03          1         43 0.0000e+00
   38.86774  -69.04896    11.9339   3.904326    34.1256     17.913     18.050    11.9364   3.906604    34.1456     1.9133 5.6183e+00     0.3413    91.8208      98.52    227.345     5.2225 1.8605e+03          1         44 0.0000e+00
   38.86774  -69.04896    11.9249   3.903600    34.1258     18.809     18.954    11.9022   3.908867    34.1986     1.9771 4.7718e+00     0.3412    91.8232      98.52    230.854     5.3032 1.8603e+03          1         58 0.0000e+00
   38.86774  -69.04896    11.6443   3.902691    34.3810     19.828     19.980    11.6544   3.904788    34.3919     2.2651 3.6797e+00     0.3392    91.8701      98.53    227.363     5.2242 1.8629e+03          1         38 0.0000e+00
   38.86774  -69.04897    11.5843   3.897645    34.3861     20.867     21.027    11.5878   3.897687    34.3832     2.4405 2.6109e+00     0.3276    92.1370      98.52    224.910     5.1679 1.8671e+03          1         36 0.0000e+00
   38.86774  -69.04898    11.7142   3.901330    34.2962     21.853     22.021    11.6531   3.904646    34.3868     2.5104 2.9457e+00     0.3203    92.3050      98.53    235.812     5.4180 1.8686e+03          1         53 0.0000e+00
   38.86774  -69.04898    11.4336   3.902335    34.5737     22.846     23.022    11.4216   3.906095    34.6216     2.5438 2.3285e+00     0.3150    92.4265      98.52    225.526     5.1830 1.8655e+03          1         52 0.0000e+00
   38.86772  -69.04898    11.2706   3.903927    34.7422     23.794     23.976    11.3005   3.905479    34.7283     2.3043 1.4604e+00     0.3083    92.5831      92.44    216.139     4.9680 1.8668e+03          1         54 0.0000e+00
   38.86772  -69.04898    11.3950   3.903871    34.6181     24.807     24.998    11.4077   3.899039    34.5580     2.0198 3.2435e+00     0.2917    92.9666      98.53    204.125     4.6914 1.8742e+03          1         62 0.0000e+00
   38.86772  -69.04900    11.4755   3.900208    34.5029     25.750     25.947    11.4700   3.891332    34.4206     1.8451 2.3943e+00     0.2450    94.0586      98.53    197.285     4.5337 1.8843e+03          1         34 0.0000e+00
   38.86772  -69.04900    11.5142   3.896136    34.4250     26.792     26.998    11.5772   3.893554    34.3393     1.6384 2.0477e+00     0.2100    94.8854      98.53    196.403     4.5131 1.8902e+03          1         31 0.0000e+00
   38.86772  -69.04900    11.5935   3.899201    34.3789     27.812     28.026    11.6292   3.899607    34.3492     1.3448 2.3203e+00     0.1790    95.6237      94.42    206.890     4.7539 1.8937e+03          1         47 0.0000e+00
   38.86772  -69.04900    11.6736   3.906272    34.3724     28.897     29.119    11.6640   3.909515    34.4138     1.3233 1.9322e+00     0.1581    96.1246      95.66    219.953     5.0539 1.9096e+03          1         97 0.0000e+00
   38.86772  -69.04900    11.7650   3.913336    34.3554     29.697     29.926    11.7714   3.915310    34.3688     1.2171 1.9106e+00     0.1527    96.2547      98.53    208.507     4.7908 1.9297e+03          1         41 0.0000e+00
   38.86772  -69.04902    11.9450   3.918515    34.2358     30.769     31.006    11.8956   3.919345    34.2906     0.7989 1.7310e+00     0.1210    97.0217      98.53    206.254     4.7384 1.9430e+03          1         30 0.0000e+00
   38.86772  -69.04902    12.0324   3.925372    34.2209     31.777     32.021    12.0463   3.925746    34.2113     0.6207 1.4557e+00     0.0859    97.8751      98.52    207.407     4.7648 1.9598e+03          1         32 0.0000e+00
   38.86772  -69.04902    12.2360   3.933702    34.1115     32.766     33.018    12.2798   3.934146    34.0748     0.5538 1.1939e+00     0.0760    98.1186      98.53    211.942     4.8684 1.9891e+03          1         37 0.0000e+00
   38.86772  -69.04904    12.2968   3.942265    34.1419     33.755     34.015    12.3747   3.941761    34.0642     0.5127 1.2406e+00     0.0578    98.5649      98.53    216.072     4.9633 2.0188e+03          1        105 0.0000e+00
   38.86772  -69.04904    12.3897   3.958209    34.2107     34.703     34.970    12.4561   3.955034    34.1192     0.4245 8.9102e-01     0.0531    98.6809      98.52    205.277     4.7155 2.0330e+03          1         32 0.0000e+00
   38.86772  -69.04904    12.5125   3.970468    34.2147     35.750     36.025    12.5480   3.969467    34.1732     0.3512 5.1626e-01     0.0420    98.9547      98.53    202.743     4.6572 2.0692e+03          1         28 0.0000e+00
   38.86772  -69.04904    12.6216   3.973944    34.1474     36.752     37.035    12.6036   3.976894    34.1937     0.3256 4.3803e-01     0.0338    99.1579      98.53    202.614     4.6539 2.0984e+03          1         30 0.0000e+00
   38.86771  -69.04905    12.6216   3.977749    34.1872     37.727     38.018    12.6407   3.979981    34.1915     0.3411 5.5868e-01     0.0322    99.1985      98.53    204.848     4.7054 2.1815e+03          1        101 0.0000e+00
   38.86770  -69.04906    12.6424   3.990469    34.2917     38.663     38.961    12.6682   3.997277    34.3336     0.3450 4.1333e-01     0.0327    99.1874      98.53    200.011     4.5946 2.3654e+03          1         31 0.0000e+00
   38.86770  -69.04906    12.6844   3.999105    34.3357     39.719     40.026    12.6795   4.007550    34.4220     0.3168 6.9427e-01     0.0319    99.2059      98.53    197.864     4.5454 2.3912e+03          1         26 0.0000e+00
   38.86770  -69.04906    12.7120   4.004637    34.3634     40.747     41.061    12.7027   4.010315    34.4272     0.3273 8.8239e-01     0.0313    99.2218      98.53    198.166     4.5524 2.4015e+03          1         36 0.0000e+00
   38.86770  -69.04906    12.7224   4.007577    34.3834     41.569     41.890    12.7198   4.010967    34.4186     0.3412 1.0290e+00     0.0318    99.2077      87.63    199.091     4.5737 2.5259e+03          1        103 0.0000e+00
   38.86770  -69.04906    12.7893   4.018810    34.4290     42.650     42.979    12.7775   4.024473    34.4944     0.3357 1.0802e+00     0.0318    99.2079      98.53    197.245     4.5314 2.5701e+03          1         26 0.0000e+00
   38.86770  -69.04906    12.8163   4.025143    34.4644     43.645     43.982    12.8066   4.028309    34.5039     0.3218 1.2160e+00     0.0316    99.2133      38.97    196.195     4.5074 2.6016e+03          1         27 0.0000e+00
   38.86770  -69.04906    12.8389   4.027633    34.4673     44.676     45.021    12.8286   4.031190    34.5110     0.3088 1.1753e+00     0.0295    99.2670      98.53    197.366     4.5343 2.6615e+03          1         31 0.0000e+00
   38.86770  -69.04907    12.8364   4.028945    34.4832     45.704     46.058    12.8428   4.029118    34.4789     0.3210 1.1010e+00     0.0291    99.2754      98.53    196.464     4.5136 3.3455e+03          1        117 0.0000e+00
   38.86770  -69.04908    12.8347   4.037622    34.5683     46.609     46.970    12.8385   4.039480    34.5826     0.3067 1.2494e+00     0.0304    99.2435      98.52    190.173     4.3693 3.6674e+03          1         26 0.0000e+00
   38.86770  -69.04908    12.8699   4.042083    34.5776     47.589     47.957    12.8537   4.044346    34.6145     0.2518 1.1328e+00     0.0281    99.3005      98.53    187.852     4.3160 3.6678e+03          1         20 0.0000e+00
   38.86770  -69.04910    12.8910   4.043941    34.5754     48.625     49.001    12.8914   4.044998    34.5852     0.1839 9.4607e-01     0.0201    99.4986      98.53    187.813     4.3151 3.6228e+03          1         32 0.0000e+00
   38.86770  -69.04910    12.9485   4.045010    34.5320     49.656     50.041    12.9466   4.051815    34.5987     0.1828 7.6149e-01     0.0127    99.6822      98.57    185.282     4.2568 3.3389e+03          1         74 0.0000e+00
   38.86768  -69.04910    12.9585   4.047035    34.5426     50.553     50.945    12.9718   4.078307    34.8284     0.1477 4.9627e-01     0.0133    99.6680      96.82    181.840     4.1777 2.7950e+03          1         65 0.0000e+00
   38.86768  -69.04910    12.9936   4.058628    34.6205     51.562     51.961    12.9990   4.098821    34.9988     0.1433 3.6645e-01     0.0084    99.7907      74.58    178.749     4.1069 2.8398e+03          1         47 0.0000e+00
   38.86769  -69.04911    13.0324   4.084203    34.8277     52.566     52.973    13.0397   4.106996    35.0382     0.1399 4.2951e-01     0.0063    99.8424      98.53    180.696     4.1523 2.7218e+03          1         31 0.0000e+00
   38.86770  -69.04912    13.0770   4.100207    34.9379     53.576     53.991    13.0828   4.113999    35.0639     0.1308 4.7163e-01     0.0066    99.8341      98.53    189.514     4.3552 2.4362e+03          1         24 0.0000e+00
   38.86770  -69.04912    13.0951   4.112047    35.0338     54.714     55.138    13.0937   4.121015    35.1207     0.1386 3.8288e-01     0.0066    99.8340      98.53    222.126     5.1050 2.1443e+03          1         54 0.0000e+00
   38.86768  -69.04914    13.1051   4.119116    35.0924     55.463     55.893    13.1086   4.124044    35.1362     0.1234 2.4919e-01     0.0070    99.8260      98.53    226.124     5.1971 2.0685e+03          1         38 0.0000e+00
   38.86768  -69.04914    13.1321   4.125217    35.1247     56.560     56.998    13.1311   4.128185    35.1541     0.1216 3.0367e-01     0.0074    99.8149      98.53    219.726     5.0502 2.0481e+03          1         25 0.0000e+00
   38.86768  -69.04914    13.1539   4.129343    35.1434     57.657     58.105    13.1541   4.131204    35.1610     0.1127 2.6905e-01     0.0193    99.5186      98.53    222.026     5.1031 1.9922e+03          1         44 0.0000e+00
   38.86768  -69.04914    13.1800   4.133768    35.1610     58.473     58.926    13.1846   4.135012    35.1686     0.1248 2.4356e-01     0.0082    99.7944      98.53    224.905     5.1693 1.9665e+03          1         68 0.0000e+00
   38.86768  -69.04914    13.2578   4.144692    35.1912     59.487     59.948    13.2579   4.145322    35.1972     0.1211 2.0827e-01     0.0401    99.0045      98.53    227.376     5.2261 1.9422e+03          1         39 0.0000e+00
   38.86768  -69.04916    13.2794   4.147113    35.1938     60.527     60.997    13.2827   4.148095    35.2002     0.1199 2.2033e-01     0.0463    98.8492      98.53    227.824     5.2364 1.9340e+03          1         38 0.0000e+00
   38.86768  -69.04916    13.3264   4.153870    35.2138     61.568     62.047    13.3281   4.154657    35.2198     0.1074 2.2626e-01     0.0289    99.2801      98.53    226.316     5.2018 1.9431e+03          1         57 0.0000e+00
   38.86767  -69.04917    13.4339   4.166901    35.2355     62.476     62.962    13.4342   4.167709    35.2430     0.1136 1.6121e-01     0.0210    99.4777      98.53    226.138     5.1977 1.9508e+03          1         44 0.0000e+00
   38.86766  -69.04918    13.5276   4.180847    35.2794     63.631     64.126    13.5306   4.181883    35.2864     0.1018 2.1487e-01     0.0375    99.0672      98.53    225.005     5.1717 1.9722e+03          1         55 0.0000e+00
   38.86766  -69.04918    13.5586   4.185221    35.2929     64.346     64.847    13.5559   4.185319    35.2964     0.0885 1.9065e-01     0.0067    99.8332      98.53    224.696     5.1646 2.1066e+03          1         64 0.0000e+00
   38.86766  -69.04918    13.6092   4.192130    35.3107     65.439     65.948    13.6112   4.192799    35.3151     0.0978 2.0078e-01     0.0092    99.7699      98.53    224.074     5.1503 2.2259e+03          1         24 0.0000e+00
   38.86766  -69.04918    13.6488   4.197303    35.3220     66.472     66.989    13.6522   4.198400    35.3292     0.0908 1.8760e-01     0.0082    99.7936      98.53    224.507     5.1603 2.1540e+03          1         23 0.0000e+00
   38.86766  -69.04918    13.6647   4.200161    35.3343     67.558     68.084    13.6638   4.200401    35.3375     0.0807 1.6986e-01     0.0030    99.9253      98.53    223.958     5.1477 2.0312e+03          1         39 0.0000e+00
   38.86766  -69.04920    13.6372   4.196965    35.3315     68.216     68.747    13.6453   4.197534    35.3293     0.0827 1.6060e-01     0.0007    99.9818      98.53    224.542     5.1612 1.8983e+03          1         84 0.0000e+00
   38.86766  -69.04920    13.7067   4.206333    35.3540     69.483     70.025    13.7087   4.205284    35.3423     0.0781 1.4562e-01     0.0042    99.8953      98.54    226.091     5.1968 1.8613e+03          1         23 0.0000e+00
