Data/ruptures/KN207-01/QL-1/20701030.cnv
* Sea-Bird SBE 9 Data File:
* FileName = C:\Data\ctd\20701030.hex
* Software Version Seasave V 7.21e
* Temperature SN = 4406
* Conductivity SN = 1474
* Number of Bytes Per Scan = 40
* Number of Voltage Words = 5
* Number of Scans Averaged by the Deck Unit = 1
* NMEA Latitude = 38 52.57 N
* NMEA Longitude = 069 02.32 W
* NMEA UTC (Time) = Apr 25 2012 14:04:35
** R/V Knorr Cruise # KN207-01 QL1
** Chief Scientist: Ben Van Mooy
# nquan = 21
# nvalues = 399                         
# units = specified
# name 0 = latitude: Latitude [deg]
# name 1 = longitude: Longitude [deg]
# name 2 = t090C: Temperature [ITS-90, deg C]
# name 3 = c0S/m: Conductivity [S/m]
# name 4 = sal00: Salinity, Practical [PSU]
# name 5 = depSM: Depth [salt water, m]
# name 6 = prDM: Pressure, Digiquartz [db]
# name 7 = t190C: Temperature, 2 [ITS-90, deg C]
# name 8 = c1S/m: Conductivity, 2 [S/m]
# name 9 = sal11: Salinity, Practical, 2 [PSU]
# name 10 = flECO-AFL: Fluorescence, WET Labs ECO-AFL/FL [mg/m^3]
# name 11 = par: PAR/Irradiance, Biospherical/Licor
# name 12 = bat: Beam Attenuation, Chelsea/Seatech [1/m]
# name 13 = xmiss: Beam Transmission, Chelsea/Seatech [%]
# name 14 = altM: Altimeter [m]
# name 15 = sbeox0Mm/Kg: Oxygen, SBE 43 [umol/kg]
# name 16 = sbeox0ML/L: Oxygen, SBE 43 [ml/l]
# name 17 = spar: SPAR/Surface Irradiance
# name 18 = pumps: Pump Status
# name 19 = nbin: number of scans per bin
# name 20 = flag: flag
# span 0 =   38.87532,   38.87633       
# span 1 =  -69.04015,  -69.03884       
# span 2 =    11.3447,    14.6974       
# span 3 =   3.631530,   4.353509       
# span 4 =    31.4667,    35.8329       
# span 5 =      2.932,    200.163       
# span 6 =      2.955,    201.787       
# span 7 =    11.3486,    14.6972       
# span 8 =   3.811320,   4.354341       
# span 9 =    33.2017,    35.8379       
# span 10 =     0.0042,     2.5787      
# span 11 = 1.0000e-12, 6.7533e+01      
# span 12 =    -0.0145,     0.3428      
# span 13 =    91.7868,   100.3637      
# span 14 =       1.00,      98.69      
# span 15 =    140.458,    455.535      
# span 16 =     3.2296,    10.4627      
# span 17 = 1.4582e+03, 2.7892e+03      
# span 18 =          1,          1      
# span 19 =         13,        382      
# span 20 = 0.0000e+00, 0.0000e+00      
# interval = decibars: 1                
# start_time = Apr 25 2012 14:04:35 [NMEA time, header]
# bad_flag = -9.990e-29
*END*
[from data line 345]
   38.87552  -69.03973    12.9832   4.108195    35.1124     55.529     55.959    13.0035   4.110916    35.1192     0.1308 8.0344e-02     0.0087    99.7825      96.36    229.833     5.2826 1.7891e+03          1         50 0.0000e+00
   38.87552  -69.03974    13.0034   4.110195    35.1105     54.587     55.011    13.0362   4.113823    35.1141     0.1417 1.2847e-01     0.0105    99.7388      98.59    230.926     5.3077 1.7794e+03          1         45 0.0000e+00
   38.87551  -69.03974    13.1855   4.130686    35.1313     53.554     53.969    13.1449   4.126281    35.1284     0.1356 1.1561e-01     0.0124    99.6909      98.59    231.295     5.3160 1.7861e+03          1         58 0.0000e+00
   38.87550  -69.03974    13.2838   4.142980    35.1554     52.669     53.077    13.2910   4.143510    35.1536     0.1905 1.7621e-01     0.0164    99.5914      98.59    232.195     5.3367 1.7878e+03          1         49 0.0000e+00
   38.87550  -69.03974    13.2565   4.139432    35.1486     51.595     51.995    13.2674   4.141164    35.1548     0.2143 1.5749e-01     0.0195    99.5131      98.59    232.979     5.3547 1.7582e+03          1         41 0.0000e+00
   38.87552  -69.03976    13.1835   4.129287    35.1222     50.627     51.018    13.2135   4.133981    35.1384     0.2388 1.1940e-01     0.0252    99.3726      22.64    233.561     5.3681 1.7271e+03          1         41 0.0000e+00
   38.87552  -69.03976    13.1067   4.118587    35.0935     49.604     49.988    13.1438   4.123808    35.1082     0.2363 1.3299e-01     0.0273    99.3204      98.66    234.066     5.3797 1.7073e+03          1         40 0.0000e+00
   38.87552  -69.03976    13.1163   4.119564    35.0932     48.815     49.192    13.1196   4.120301    35.0975     0.2862 8.5936e-02     0.0271    99.3250      98.59    235.096     5.4033 1.7025e+03          1         83 0.0000e+00
   38.87552  -69.03976    13.0249   4.107219    35.0627     47.676     48.045    13.0560   4.112096    35.0798     0.2510 2.0882e-01     0.0278    99.3085      60.83    236.323     5.4315 1.7009e+03          1         23 0.0000e+00
   38.87552  -69.03976    12.9174   4.093664    35.0355     46.644     47.005    12.9386   4.098852    35.0653     0.2882 2.5390e-01     0.0301    99.2504       1.30    235.687     5.4169 1.6991e+03          1         22 0.0000e+00
   38.87552  -69.03976    12.9475   4.097963    35.0460     45.564     45.916    12.9355   4.096068    35.0396     0.3041 2.1090e-01     0.0315    99.2156      76.80    236.367     5.4325 1.6860e+03          1        116 0.0000e+00
   38.87552  -69.03976    12.9567   4.098580    35.0434     44.680     45.025    12.8606   4.088878    35.0421     0.3030 8.6811e-02     0.0310    99.2288      98.59    237.242     5.4526 1.6744e+03          1         25 0.0000e+00
   38.87552  -69.03977    12.6891   4.063541    34.9628     43.653     43.990    12.6993   4.066217    34.9785     0.3189 8.0167e-02     0.0319    99.2057      98.59    237.424     5.4567 1.6694e+03          1         23 0.0000e+00
   38.87552  -69.03978    12.5556   4.045983    34.9204     42.620     42.950    12.5469   4.046628    34.9347     0.3199 1.1023e-01     0.0370    99.0804      98.59    236.591     5.4376 1.6657e+03          1         31 0.0000e+00
   38.87552  -69.03978    12.5277   4.041411    34.9000     41.621     41.943    12.5081   4.038450    34.8894     0.3971 1.6552e-01     0.0441    98.9033      98.59    239.482     5.5040 1.6452e+03          1         82 0.0000e+00
   38.87552  -69.03978    12.5273   4.041390    34.8980     40.711     41.026    12.4913   4.039907    34.9179     0.4235 2.4168e-01     0.0483    98.7988      98.59    241.375     5.5475 1.6341e+03          1         53 0.0000e+00
   38.87552  -69.03978    12.3645   4.019374    34.8394     39.691     39.997    12.2959   4.012024    34.8334     0.4181 3.1002e-01     0.0447    98.8894      98.60    240.700     5.5319 1.6324e+03          1         45 0.0000e+00
   38.87552  -69.03978    12.1757   3.995215    34.7840     38.737     39.035    12.1687   3.995302    34.7907     0.4570 2.9578e-01     0.0577    98.5676      98.59    243.375     5.5933 1.6275e+03          1         48 0.0000e+00
   38.87552  -69.03978    11.8935   3.959317    34.7020     37.716     38.006    12.0605   3.983014    34.7729     0.4676 3.3125e-01     0.0702    98.2600      98.59    245.986     5.6533 1.6099e+03          1         38 0.0000e+00
   38.87552  -69.03978    11.8205   3.948949    34.6646     36.846     37.130    11.7773   3.944274    34.6606     0.6845 4.4090e-01     0.0924    97.7165      82.69    249.277     5.7288 1.5990e+03          1        107 0.0000e+00
   38.87552  -69.03978    11.6527   3.927073    34.6088     35.693     35.968    11.6631   3.929013    34.6174     0.7640 4.8883e-01     0.1017    97.4896      93.58    245.998     5.6534 1.5798e+03          1         26 0.0000e+00
   38.87552  -69.03980    11.6868   3.931977    34.6193     34.619     34.885    11.6435   3.925948    34.6014     0.9357 6.4435e-01     0.1155    97.1539      90.12    252.484     5.8025 1.5816e+03          1        152 0.0000e+00
   38.87552  -69.03980    11.6641   3.928026    34.6005     33.700     33.959    11.5955   3.920455    34.5908     0.9405 6.4107e-01     0.1189    97.0723      98.59    250.882     5.7656 1.5970e+03          1         41 0.0000e+00
   38.87552  -69.03980    11.5618   3.916183    34.5812     32.802     33.055    11.5767   3.917986    34.5836     1.0661 5.7574e-01     0.1462    96.4122      68.16    252.344     5.7992 1.5959e+03          1         56 0.0000e+00
   38.87552  -69.03981    11.5192   3.910037    34.5589     31.782     32.027    11.5306   3.911809    34.5648     1.2200 3.3711e-01     0.1381    96.6064      98.60    256.600     5.8970 1.5962e+03          1        140 0.0000e+00
   38.87552  -69.03984    11.4333   3.896141    34.4996     30.799     31.036    11.4666   3.901634    34.5223     1.5330 8.1555e-01     0.1775    95.6592      98.60    262.239     6.0264 1.5364e+03          1        379 0.0000e+00
   38.87552  -69.03985    11.3611   3.881740    34.4248     29.908     30.138    11.4251   3.894229    34.4880     1.7609 8.4132e-01     0.2098    94.8901      98.60    268.121     6.1613 1.5359e+03          1        125 0.0000e+00
   38.87552  -69.03990    11.3868   3.879429    34.3773     29.099     29.323    11.4037   3.886789    34.4346     2.1057 1.2701e+00     0.2357    94.2781      97.52    270.190     6.2086 1.4869e+03          1        157 0.0000e+00
   38.87550  -69.03992    11.3999   3.879871    34.3699     27.804     28.018    11.4006   3.881845    34.3889     2.2372 1.2595e+00     0.2495    93.9535      98.60    270.568     6.2172 1.4742e+03          1        137 0.0000e+00
   38.87550  -69.03994    11.4077   3.876818    34.3328     26.888     27.095    11.4046   3.880319    34.3705     2.2392 1.1830e+00     0.2614    93.6743      98.60    270.609     6.2180 1.4852e+03          1         63 0.0000e+00
   38.87550  -69.03994    11.4297   3.872970    34.2744     25.786     25.984    11.4178   3.876590    34.3215     2.2559 1.5413e+00     0.2727    93.4107      98.60    271.710     6.2430 1.4964e+03          1         34 0.0000e+00
   38.87550  -69.03994    11.4542   3.872647    34.2488     24.848     25.039    11.4464   3.873866    34.2682     2.2995 2.3292e+00     0.2876    93.0622      98.60    274.065     6.2969 1.5058e+03          1        133 0.0000e+00
   38.87550  -69.03995    11.4724   3.870668    34.2126     23.805     23.988    11.4819   3.870832    34.2051     2.2458 2.4922e+00     0.2853    93.1156      80.94    273.027     6.2729 1.5070e+03          1         26 0.0000e+00
   38.87550  -69.03996    11.5181   3.868810    34.1515     22.798     22.973    11.5020   3.869200    34.1705     2.3236 2.8759e+00     0.2912    92.9772      91.75    273.108     6.2744 1.4997e+03          1         26 0.0000e+00
   38.87549  -69.03996    11.5043   3.869787    34.1754     21.947     22.115    11.5175   3.869397    34.1590     2.3279 2.7662e+00     0.3006    92.7602      98.60    276.309     6.3481 1.5001e+03          1        150 0.0000e+00
   38.87548  -69.03996    11.5113   3.869437    34.1660     20.847     21.006    11.5384   3.869308    34.1393     2.3681 3.7393e+00     0.2978    92.8240      98.61    275.245     6.3236 1.5013e+03          1         34 0.0000e+00
   38.87548  -69.03998    11.5482   3.869728    34.1351     19.771     19.923    11.5482   3.869658    34.1345     2.5787 4.3469e+00     0.3210    92.2882      98.60    276.449     6.3510 1.4952e+03          1        156 0.0000e+00
   38.87548  -69.03998    11.6803   3.872360    34.0373     19.030     19.176    11.6315   3.871652    34.0764     2.5257 4.8910e+00     0.3241    92.2184      98.60    277.002     6.3631 1.4971e+03          1         88 0.0000e+00
   38.87548  -69.03998    11.6846   3.872424    34.0355     17.836     17.973    11.6514   3.871483    34.0572     2.4522 6.0916e+00     0.3276    92.1375      98.60    277.011     6.3633 1.4727e+03          1         37 0.0000e+00
   38.87547  -69.03999    11.6655   3.872012    34.0509     17.069     17.199    11.6313   3.871525    34.0778     2.4383 5.0925e+00     0.3284    92.1177      97.01    277.288     6.3698 1.4723e+03          1        169 0.0000e+00
   38.87546  -69.04000    11.7075   3.872726    34.0192     15.914     16.036    11.7029   3.872570    34.0213     2.3477 4.8393e+00     0.3307    92.0657      65.46    277.621     6.3772 1.4698e+03          1         54 0.0000e+00
   38.87541  -69.04006    11.7903   3.875684    33.9737     14.943     15.058    11.7690   3.874848    33.9854     2.1669 6.9247e+00     0.3391    91.8712      94.31    277.856     6.3823 1.4600e+03          1        227 0.0000e+00
   38.87538  -69.04006    11.8101   3.876487    33.9640     14.087     14.195    11.8042   3.876267    33.9671     2.1544 8.4591e+00     0.3407    91.8348      98.61    278.157     6.3891 1.4683e+03          1         94 0.0000e+00
   38.87538  -69.04008    11.8137   3.876746    33.9638     12.922     13.021    11.8066   3.876292    33.9658     2.1328 7.2652e+00     0.3410    91.8273      98.61    278.212     6.3904 1.4582e+03          1         39 0.0000e+00
   38.87538  -69.04008    11.8385   3.878433    33.9577     12.055     12.147    11.8519   3.879297    33.9534     2.0611 1.0725e+01     0.3401    91.8488      89.81    277.822     6.3814 1.4684e+03          1        121 0.0000e+00
   38.87537  -69.04009    11.8838   3.881292    33.9437     10.889     10.972    11.8895   3.881608    33.9415     1.9766 1.2796e+01     0.3392    91.8700      98.61    277.750     6.3796 1.4723e+03          1         37 0.0000e+00
   38.87536  -69.04010    11.9530   3.885993    33.9261     10.056     10.133    11.9071   3.882928    33.9392     1.8318 1.6460e+01     0.3366    91.9294      98.62    277.184     6.3664 1.4792e+03          1        166 0.0000e+00
   38.87536  -69.04010    12.1187   3.894222    33.8531      8.931      8.999    12.0480   3.889793    33.8750     1.6307 1.3730e+01     0.3232    92.2375      98.62    276.961     6.3608 1.4756e+03          1         27 0.0000e+00
   38.87536  -69.04012    12.1348   3.888722    33.7874      8.022      8.083    12.1138   3.887634    33.7955     0.9931 2.1743e+01     0.3015    92.7403      98.61    274.604     6.3063 1.4760e+03          1        157 0.0000e+00
   38.87534  -69.04012    12.1641   3.887883    33.7541      7.006      7.060    12.1602   3.888063    33.7588     0.7343 2.2127e+01     0.2971    92.8431      93.04    273.243     6.2749 1.4800e+03          1         58 0.0000e+00
   38.87534  -69.04012    12.1817   3.888750    33.7478      6.004      6.050    12.1785   3.888684    33.7497     0.6822 2.7380e+01     0.2956    92.8756      49.04    272.931     6.2676 1.4777e+03          1        149 0.0000e+00
   38.87534  -69.04013    12.1788   3.888187    33.7462      4.914      4.951    12.1782   3.888192    33.7466     0.6672 3.5177e+01     0.2960    92.8674      73.75    273.373     6.2778 1.4731e+03          1         29 0.0000e+00
   38.87533  -69.04014    12.1896   3.888941    33.7445      3.835      3.864    12.1906   3.888992    33.7439     0.6110 4.5051e+01     0.2957    92.8747      98.62    272.781     6.2642 1.4608e+03          1        188 0.0000e+00
   38.87532  -69.04015    12.1786   3.888004    33.7464      2.932      2.955    12.1898   3.888920    33.7448     0.6116 4.9045e+01     0.2950    92.8905      98.62    272.773     6.2640 1.4607e+03          1        107 0.0000e+00
