Data/ruptures/KN207-01/QL-1/20701023.cnv
* Sea-Bird SBE 9 Data File:
* FileName = C:\Data\ctd\20701023.hex
* Software Version Seasave V 7.21e
* Temperature SN = 4406
* Conductivity SN = 1474
* Number of Bytes Per Scan = 40
* Number of Voltage Words = 5
* Number of Scans Averaged by the Deck Unit = 1
* NMEA Latitude = 38 56.51 N
* NMEA Longitude = 068 56.88 W
* NMEA UTC (Time) = Apr 24 2012 17:09:13
** R/V Knorr Cruise # KN207-01 QL1
** Chief Scientist: Ben Van Mooy
# nquan = 21
# nvalues = 399                         
# units = specified
# name 0 = latitude: Latitude [deg]
# name 1 = longitude: Longitude [deg]
# name 2 = t090C: Temperature [ITS-90, deg C]
# name 3 = c0S/m: Conductivity [S/m]
# name 4 = sal00: Salinity, Practical [PSU]
# name 5 = depSM: Depth [salt water, m]
# name 6 = prDM: Pressure, Digiquartz [db]
# name 7 = t190C: Temperature, 2 [ITS-90, deg C]
# name 8 = c1S/m: Conductivity, 2 [S/m]
# name 9 = sal11: Salinity, Practical, 2 [PSU]
# name 10 = flECO-AFL: Fluorescence, WET Labs ECO-AFL/FL [mg/m^3]
# name 11 = par: PAR/Irradiance, Biospherical/Licor
# name 12 = bat: Beam Attenuation, Chelsea/Seatech [1/m]
# name 13 = xmiss: Beam Transmission, Chelsea/Seatech [%]
# name 14 = altM: Altimeter [m]
# name 15 = sbeox0Mm/Kg: Oxygen, SBE 43 [umol/kg]
# name 16 = sbeox0ML/L: Oxygen, SBE 43 [ml/l]
# name 17 = spar: SPAR/Surface Irradiance
# name 18 = pumps: Pump Status
# name 19 = nbin: number of scans per bin
# name 20 = flag: flag
# span 0 =   38.93836,   38.94184       
# span 1 =  -68.94814,  -68.94730       
# span 2 =    11.1042,    14.7547       
# span 3 =   3.846158,   4.359590       
# span 4 =    33.0804,    35.8235       
# span 5 =      1.464,    199.315       
# span 6 =      1.475,    200.932       
# span 7 =    11.1092,    14.7546       
# span 8 =   3.860504,   4.359655       
# span 9 =    33.1112,    35.8274       
# span 10 =    -0.0015,     2.2907      
# span 11 = 2.7089e-04, 7.9082e+01      
# span 12 =    -0.0158,     0.3192      
# span 13 =    92.3311,   100.3953      
# span 14 =       3.24,      98.60      
# span 15 =    145.687,    409.912      
# span 16 =     3.3497,     9.4142      
# span 17 = 1.4240e+03, 2.6878e+03      
# span 18 =          1,          1      
# span 19 =          2,        902      
# span 20 = 0.0000e+00, 0.0000e+00      
# interval = decibars: 1                
# start_time = Apr 24 2012 17:09:13 [NMEA time, header]
# bad_flag = -9.990e-29
*END*
[from data line 138]
   38.94094  -68.94786    14.7455   4.357810    35.7751    139.931    141.046    14.7453   4.357766    35.7748     0.0443 3.3894e-03    -0.0132   100.3300      98.53    206.320     4.7428 1.6709e+03          1         16 0.0000e+00
   38.94094  -68.94786    14.7488   4.358371    35.7770    140.909    142.032    14.7486   4.358383    35.7773     0.0320 3.3150e-03    -0.0133   100.3330      98.52    204.764     4.7070 1.6609e+03          1         17 0.0000e+00
   38.94093  -68.94785    14.7529   4.359053    35.7794    141.916    143.047    14.7529   4.359071    35.7796     0.0292 3.2282e-03    -0.0134   100.3351      98.53    203.394     4.6756 1.6384e+03          1         30 0.0000e+00
   38.94092  -68.94784    14.7518   4.358983    35.7800    142.851    143.991    14.7473   4.358297    35.7779     0.0423 3.1924e-03    -0.0137   100.3431      98.52    201.719     4.6371 1.6354e+03          1         55 0.0000e+00
   38.94092  -68.94784    14.7543   4.359420    35.7818    143.800    144.947    14.7541   4.359467    35.7824     0.0397 3.1636e-03    -0.0133   100.3317      98.52    200.047     4.5986 1.6664e+03          1         30 0.0000e+00
   38.94091  -68.94784    14.7542   4.359489    35.7823    144.845    146.001    14.7541   4.359551    35.7830     0.0212 3.0773e-03    -0.0138   100.3461      98.53    200.226     4.6028 1.6874e+03          1         24 0.0000e+00
   38.94090  -68.94784    14.7547   4.359590    35.7826    145.864    147.029    14.7546   4.359655    35.7833     0.0124 2.9806e-03    -0.0132   100.3300      98.52    200.447     4.6078 1.7065e+03          1         19 0.0000e+00
   38.94090  -68.94784    14.7498   4.359113    35.7825    146.816    147.988    14.7495   4.359291    35.7844     0.0365 2.8801e-03    -0.0131   100.3287      98.52    200.284     4.6041 1.7118e+03          1         20 0.0000e+00
   38.94090  -68.94784    14.7348   4.357440    35.7811    147.811    148.992    14.7345   4.357707    35.7837     0.0506 2.7953e-03    -0.0134   100.3349      98.53    199.960     4.5967 1.7187e+03          1         21 0.0000e+00
   38.94090  -68.94784    14.7255   4.356896    35.7844    148.844    150.033    14.7254   4.356917    35.7848     0.0401 2.7053e-03    -0.0136   100.3400      98.52    199.433     4.5846 1.7216e+03          1         18 0.0000e+00
   38.94090  -68.94784    14.7155   4.355854    35.7840    149.795    150.992    14.7147   4.356592    35.7915     0.0354 2.6408e-03    -0.0123   100.3080      98.53    198.338     4.5594 1.7237e+03          1         14 0.0000e+00
   38.94090  -68.94784    14.6253   4.345661    35.7751    150.736    151.941    14.6244   4.346811    35.7865     0.0350 2.5939e-03    -0.0130   100.3241      98.52    197.240     4.5342 1.7191e+03          1         13 0.0000e+00
   38.94089  -68.94784    14.5860   4.341416    35.7725    151.819    153.033    14.5845   4.341788    35.7773     0.0255 2.5393e-03    -0.0135   100.3369      98.53    195.368     4.4912 1.7102e+03          1         15 0.0000e+00
   38.94088  -68.94784    14.5677   4.339440    35.7709    152.826    154.048    14.5681   4.339692    35.7728     0.0182 2.4652e-03    -0.0135   100.3371      98.53    192.269     4.4200 1.6933e+03          1         18 0.0000e+00
   38.94088  -68.94784    14.5833   4.341102    35.7704    153.566    154.795    14.5899   4.342197    35.7743     0.0324 2.4884e-03    -0.0131   100.3273      98.53    181.284     4.1674 1.6785e+03          1         67 0.0000e+00
   38.94086  -68.94784    14.5770   4.341370    35.7780    154.736    155.975    14.5640   4.339727    35.7751     0.0355 2.6969e-03    -0.0131   100.3277      98.53    181.313     4.1681 1.7245e+03          1         11 0.0000e+00
   38.94086  -68.94784    14.5959   4.346580    35.8076    155.741    156.989    14.5957   4.346560    35.8075     0.0374 2.8924e-03    -0.0131   100.3277      98.53    183.774     4.2248 1.7547e+03          1         11 0.0000e+00
   38.94086  -68.94784    14.5739   4.344505    35.8088    156.741    157.996    14.5723   4.345143    35.8161     0.0438 2.6348e-03    -0.0126   100.3146      98.52    185.672     4.2684 1.7493e+03          1         10 0.0000e+00
   38.94086  -68.94784    14.5409   4.341339    35.8103    157.737    159.001    14.5405   4.341625    35.8133     0.0445 2.3800e-03    -0.0126   100.3146      98.53    186.336     4.2837 1.7709e+03          1         10 0.0000e+00
   38.94086  -68.94784    14.5298   4.340115    35.8090    158.798    160.071    14.5283   4.340314    35.8122     0.0396 2.2436e-03    -0.0131   100.3282      98.52    184.914     4.2511 1.8217e+03          1         14 0.0000e+00
   38.94086  -68.94784    14.5011   4.337105    35.8076    159.855    161.137    14.5030   4.337440    35.8089     0.0259 2.1419e-03    -0.0131   100.3284      98.53    178.259     4.0981 1.8496e+03          1         33 0.0000e+00
   38.94085  -68.94782    14.5044   4.337377    35.8060    160.540    161.828    14.5403   4.341070    35.8061     0.0280 2.0190e-03    -0.0131   100.3267      98.52    168.928     3.8835 1.7339e+03          1         47 0.0000e+00
   38.94084  -68.94780    14.4550   4.332389    35.8059    161.703    163.000    14.4653   4.334214    35.8132     0.0119 1.9208e-03    -0.0134   100.3349      98.53    168.016     3.8626 1.6694e+03          1         21 0.0000e+00
   38.94084  -68.94780    14.4489   4.332436    35.8114    162.719    164.025    14.4494   4.332516    35.8118     0.0185 1.8434e-03    -0.0133   100.3314      98.52    168.893     3.8828 1.6599e+03          1         19 0.0000e+00
   38.94084  -68.94780    14.4298   4.330754    35.8131    163.734    165.048    14.4294   4.331010    35.8160     0.0339 1.6949e-03    -0.0135   100.3386      98.52    168.276     3.8686 1.6852e+03          1         27 0.0000e+00
   38.94084  -68.94780    14.4049   4.328112    35.8114    164.619    165.940    14.4050   4.328327    35.8134     0.0300 1.5717e-03    -0.0138   100.3459      98.53    165.799     3.8117 1.8455e+03          1         34 0.0000e+00
   38.94082  -68.94782    14.4038   4.328938    35.8192    165.617    166.947    14.4035   4.328994    35.8201     0.0185 1.4686e-03    -0.0142   100.3570      98.52    164.051     3.7716 1.7620e+03          1         20 0.0000e+00
   38.94082  -68.94782    14.3955   4.328298    35.8205    166.646    167.985    14.3951   4.328465    35.8225     0.0204 1.3878e-03    -0.0143   100.3577      98.53    163.205     3.7521 1.7722e+03          1         13 0.0000e+00
   38.94082  -68.94782    14.3891   4.327818    35.8215    167.636    168.983    14.3888   4.327940    35.8230     0.0294 1.3878e-03    -0.0143   100.3577      98.53    162.681     3.7401 1.7686e+03          1         13 0.0000e+00
   38.94082  -68.94782    14.3825   4.327228    35.8217    168.637    169.993    14.3813   4.327355    35.8241     0.0307 1.2942e-03    -0.0142   100.3557      98.53    161.679     3.7170 1.7603e+03          1         14 0.0000e+00
   38.94082  -68.94782    14.3745   4.326572    35.8225    169.668    171.032    14.3731   4.326563    35.8239     0.0281 1.1963e-03    -0.0141   100.3544      98.53    159.752     3.6728 1.7477e+03          1         20 0.0000e+00
   38.94082  -68.94782    14.3695   4.326259    35.8235    170.678    172.051    14.3739   4.326692    35.8234     0.0159 1.1124e-03    -0.0140   100.3494      98.53    157.061     3.6109 1.7144e+03          1         45 0.0000e+00
   38.94080  -68.94782    14.3657   4.325937    35.8233    171.564    172.944    14.3674   4.326270    35.8248     0.0249 1.0455e-03    -0.0124   100.3111      98.53    155.334     3.5712 1.6869e+03          1         38 0.0000e+00
   38.94080  -68.94782    14.3559   4.324986    35.8231    172.593    173.982    14.3550   4.325353    35.8274     0.0411 9.9797e-04    -0.0141   100.3523      98.53    154.949     3.5624 1.6800e+03          1         23 0.0000e+00
   38.94080  -68.94782    14.2398   4.312143    35.8137    173.614    175.012    14.2374   4.313059    35.8246     0.0433 9.5390e-04    -0.0144   100.3602      98.53    155.416     3.5731 1.6741e+03          1         23 0.0000e+00
   38.94080  -68.94782    14.1938   4.307227    35.8108    174.635    176.041    14.1937   4.307638    35.8147     0.0299 9.2593e-04    -0.0142   100.3557      98.53    154.773     3.5584 1.6724e+03          1         25 0.0000e+00
   38.94080  -68.94782    14.1645   4.304097    35.8085    175.583    176.998    14.1651   4.304569    35.8124     0.0315 8.8804e-04    -0.0142   100.3569      98.52    152.958     3.5167 1.6785e+03          1         22 0.0000e+00
   38.94080  -68.94782    14.1353   4.300966    35.8062    176.522    177.944    14.1342   4.301235    35.8097     0.0394 8.3790e-04    -0.0145   100.3647      98.53    151.105     3.4741 1.6923e+03          1         20 0.0000e+00
   38.94080  -68.94782    14.1094   4.298035    35.8025    177.512    178.943    14.1088   4.298353    35.8061     0.0229 8.2950e-04    -0.0144   100.3602      98.52    149.857     3.4454 1.7059e+03          1         17 0.0000e+00
   38.94080  -68.94782    14.0936   4.296382    35.8014    178.551    179.991    14.0931   4.296645    35.8043     0.0416 8.1089e-04    -0.0133   100.3317      98.52    149.342     3.4336 1.7148e+03          1         15 0.0000e+00
   38.94080  -68.94782    14.0815   4.295246    35.8014    179.565    181.013    14.0815   4.295404    35.8029     0.0397 7.5974e-04    -0.0114   100.2866      98.53    149.352     3.4338 1.7176e+03          1         16 0.0000e+00
   38.94080  -68.94782    14.0776   4.294918    35.8011    180.584    182.040    14.0774   4.295056    35.8026     0.0313 7.2090e-04    -0.0133   100.3341      98.53    149.462     3.4363 1.7109e+03          1         19 0.0000e+00
   38.94079  -68.94781    14.0726   4.294500    35.8008    181.615    183.081    14.0717   4.294446    35.8012     0.0330 6.8882e-04    -0.0144   100.3615      98.53    149.461     3.4363 1.6863e+03          1         40 0.0000e+00
   38.94078  -68.94780    14.0727   4.294586    35.8003    182.459    183.932    14.0756   4.295160    35.8028     0.0461 6.5303e-04    -0.0144   100.3601      98.53    149.051     3.4269 1.6550e+03          1         47 0.0000e+00
   38.94078  -68.94780    13.9502   4.280848    35.7879    183.483    184.965    13.9483   4.282011    35.8006     0.0316 6.2701e-04    -0.0147   100.3691      98.53    149.346     3.4337 1.6529e+03          1         25 0.0000e+00
   38.94078  -68.94780    13.8723   4.272369    35.7818    184.489    185.979    13.8711   4.272682    35.7858     0.0300 6.0708e-04    -0.0149   100.3728      98.53    148.733     3.4197 1.6648e+03          1         21 0.0000e+00
   38.94076  -68.94782    13.8148   4.265514    35.7714    185.470    186.969    13.8132   4.266419    35.7814     0.0287 5.9481e-04    -0.0149   100.3743      98.53    148.206     3.4076 1.6779e+03          1         18 0.0000e+00
   38.94076  -68.94782    13.7702   4.260515    35.7660    186.444    187.951    13.7699   4.261035    35.7712     0.0292 5.8982e-04    -0.0145   100.3637      98.53    148.106     3.4053 1.6897e+03          1         16 0.0000e+00
   38.94076  -68.94782    13.7025   4.252452    35.7540    187.478    188.994    13.7022   4.253711    35.7661     0.0229 5.5836e-04    -0.0149   100.3738      98.53    148.113     3.4055 1.6963e+03          1         17 0.0000e+00
   38.94076  -68.94782    13.6407   4.245701    35.7483    188.482    190.006    13.6405   4.246346    35.7546     0.0178 5.4360e-04    -0.0143   100.3596      98.53    148.232     3.4082 1.6944e+03          1         20 0.0000e+00
   38.94076  -68.94782    13.6123   4.242688    35.7455    189.457    190.990    13.6113   4.242899    35.7484     0.0325 5.1222e-04    -0.0143   100.3588      98.53    148.517     3.4148 1.6833e+03          1         25 0.0000e+00
   38.94076  -68.94782    13.5806   4.239166    35.7410    190.482    192.024    13.5791   4.239341    35.7441     0.0353 4.9680e-04    -0.0145   100.3633      98.53    148.726     3.4196 1.6630e+03          1         27 0.0000e+00
   38.94074  -68.94780    13.5664   4.237721    35.7392    191.432    192.982    13.5658   4.237900    35.7415     0.0226 4.9131e-04    -0.0147   100.3677      98.52    148.217     3.4079 1.6515e+03          1         30 0.0000e+00
   38.94074  -68.94780    13.5630   4.237450    35.7372    192.543    194.102    13.5632   4.237597    35.7384     0.0320 4.8531e-04    -0.0142   100.3557      98.53    148.010     3.4032 1.6629e+03          1         86 0.0000e+00
   38.94072  -68.94780    13.5491   4.235995    35.7349    193.375    194.942    13.5427   4.235547    35.7367     0.0472 4.5514e-04    -0.0150   100.3770      98.53    147.941     3.4016 1.6584e+03          1         29 0.0000e+00
   38.94072  -68.94780    13.5345   4.234461    35.7334    194.411    195.986    13.5347   4.234656    35.7349     0.0363 4.5383e-04    -0.0147   100.3691      98.54    147.958     3.4020 1.6675e+03          1         23 0.0000e+00
   38.94072  -68.94780    13.5240   4.233276    35.7313    195.375    196.958    13.5235   4.233614    35.7350     0.0200 4.4189e-04    -0.0149   100.3737      98.54    147.857     3.3997 1.6744e+03          1         20 0.0000e+00
   38.94072  -68.94780    13.4864   4.229277    35.7287    196.479    198.072    13.4862   4.229548    35.7314     0.0335 4.1037e-04    -0.0142   100.3565      98.53    147.951     3.4018 1.6681e+03          1         33 0.0000e+00
   38.94070  -68.94780    13.4917   4.230021    35.7286    197.209    198.809    13.4888   4.229816    35.7294     0.0366 3.7916e-04    -0.0148   100.3718      98.53    147.096     3.3822 1.6430e+03          1        164 0.0000e+00
   38.94068  -68.94780    13.4676   4.227444    35.7258    198.346    199.955    13.4670   4.227643    35.7281     0.0298 3.3456e-04    -0.0153   100.3833      98.53    147.024     3.3805 1.6544e+03          1         27 0.0000e+00
   38.94065  -68.94778    13.4521   4.225739    35.7227    199.315    200.932    13.4531   4.225941    35.7236     0.0253 2.8154e-04    -0.0152   100.3802      98.53    146.219     3.3620 1.6176e+03          1        335 0.0000e+00
   38.94058  -68.94778    13.4586   4.226439    35.7227    198.623    200.234    13.4557   4.226198    35.7232     0.0299 2.7089e-04    -0.0158   100.3953      98.53    146.249     3.3627 1.5967e+03          1        113 0.0000e+00
   38.94058  -68.94776    13.4633   4.226934    35.7233    197.382    198.983    13.4626   4.226907    35.7238     0.0405 2.8670e-04    -0.0154   100.3855      98.53    146.000     3.3570 1.5797e+03          1         19 0.0000e+00
   38.94058  -68.94776    13.4664   4.227234    35.7237    196.373    197.965    13.4655   4.227200    35.7242     0.0482 3.0532e-04    -0.0154   100.3860      98.54    146.006     3.3571 1.5774e+03          1         28 0.0000e+00
   38.94056  -68.94778    13.4684   4.227424    35.7240    195.481    197.065    13.4697   4.227614    35.7245     0.0306 3.2914e-04    -0.0154   100.3870      98.54    146.043     3.3579 1.5886e+03          1         64 0.0000e+00
   38.94056  -68.94778    13.4835   4.228977    35.7247    194.466    196.042    13.4848   4.229207    35.7256     0.0170 3.4116e-04    -0.0154   100.3868      98.53    146.053     3.3582 1.5996e+03          1         19 0.0000e+00
   38.94056  -68.94778    13.5000   4.230796    35.7264    193.466    195.033    13.5003   4.230431    35.7227     0.0152 5.1157e-04    -0.0157   100.3934      98.54    145.918     3.3551 1.5973e+03          1         15 0.0000e+00
   38.94056  -68.94778    13.5247   4.233528    35.7290    192.444    194.003    13.5314   4.234024    35.7272     0.0165 7.1801e-04    -0.0152   100.3814      98.54    145.687     3.3497 1.5937e+03          1         13 0.0000e+00
