Data/ruptures/KN207-01/QL-1/20701017.cnv
* Sea-Bird SBE 9 Data File:
* FileName = C:\Data\ctd\20701017.hex
* Software Version Seasave V 7.21e
* Temperature SN = 4406
* Conductivity SN = 1474
* Number of Bytes Per Scan = 40
* Number of Voltage Words = 5
* Number of Scans Averaged by the Deck Unit = 1
* NMEA Latitude = 38 58.77 N
* NMEA Longitude = 068 59.46 W
* NMEA UTC (Time) = Apr 23 2012 22:08:59
** R/V Knorr Cruise # KN207-01 QL1
** Chief Scientist: Ben Van Mooy
# nquan = 21
# nvalues = 403                         
# units = specified
# name 0 = latitude: Latitude [deg]
# name 1 = longitude: Longitude [deg]
# name 2 = t090C: Temperature [ITS-90, deg C]
# name 3 = c0S/m: Conductivity [S/m]
# name 4 = sal00: Salinity, Practical [PSU]
# name 5 = depSM: Depth [salt water, m]
# name 6 = prDM: Pressure, Digiquartz [db]
# name 7 = t190C: Temperature, 2 [ITS-90, deg C]
# name 8 = c1S/m: Conductivity, 2 [S/m]
# name 9 = sal11: Salinity, Practical, 2 [PSU]
# name 10 = flECO-AFL: Fluorescence, WET Labs ECO-AFL/FL [mg/m^3]
# name 11 = par: PAR/Irradiance, Biospherical/Licor
# name 12 = bat: Beam Attenuation, Chelsea/Seatech [1/m]
# name 13 = xmiss: Beam Transmission, Chelsea/Seatech [%]
# name 14 = altM: Altimeter [m]
# name 15 = sbeox0Mm/Kg: Oxygen, SBE 43 [umol/kg]
# name 16 = sbeox0ML/L: Oxygen, SBE 43 [ml/l]
# name 17 = spar: SPAR/Surface Irradiance
# name 18 = pumps: Pump Status
# name 19 = nbin: number of scans per bin
# name 20 = flag: flag
# span 0 =   38.97689,   38.97962       
# span 1 =  -68.99138,  -68.99054       
# span 2 =    11.1368,    14.6896       
# span 3 =   3.862047,   4.355562       
# span 4 =    33.9177,    35.8292       
# span 5 =      1.307,    201.024       
# span 6 =      1.317,    202.657       
# span 7 =    11.1346,    14.6910       
# span 8 =   3.862018,   4.355886       
# span 9 =    34.0229,    35.8307       
# span 10 =     0.0035,     2.3801      
# span 11 = 1.0000e-12, 8.7907e+00      
# span 12 =    -0.0162,     0.3565      
# span 13 =    91.4737,   100.4054      
# span 14 =       1.85,      98.75      
# span 15 =    144.901,    424.672      
# span 16 =     3.3317,     9.7538      
# span 17 = 1.1372e+02, 3.4189e+02      
# span 18 =          1,          1      
# span 19 =          6,        293      
# span 20 = 0.0000e+00, 0.0000e+00      
# interval = decibars: 1                
# start_time = Apr 23 2012 22:08:59 [NMEA time, header]
# bad_flag = -9.990e-29
*END*
[from data line 69]
   38.97906  -68.99114    13.2624   4.143424    35.1604     71.440     71.998    13.2733   4.140685    35.1241     0.1715 5.9337e-03     0.0087    99.7822      98.55    232.832     5.3514 3.3265e+02          1         16 0.0000e+00
   38.97906  -68.99114    13.3733   4.157682    35.1910     72.469     73.035    13.3750   4.157856    35.1912     0.1793 5.6735e-03     0.0106    99.7361      98.55    233.313     5.3625 3.3249e+02          1         19 0.0000e+00
   38.97906  -68.99116    13.3176   4.150827    35.1832     73.356     73.929    13.3392   4.154190    35.1947     0.1975 4.9750e-03     0.0125    99.6877      98.55    234.328     5.3858 3.2838e+02          1         94 0.0000e+00
   38.97904  -68.99118    13.5121   4.177252    35.2524     74.408     74.989    13.5000   4.170803    35.2035     0.1764 4.1382e-03     0.0126    99.6840      98.54    232.821     5.3513 3.2121e+02          1         15 0.0000e+00
   38.97904  -68.99118    13.7298   4.205282    35.3102     75.393     75.982    13.7274   4.204224    35.3028     0.1715 4.0625e-03     0.0123    99.6929      98.55    231.469     5.3202 3.2121e+02          1         14 0.0000e+00
   38.97904  -68.99118    13.7374   4.206402    35.3142     76.406     77.003    13.7345   4.205682    35.3104     0.1626 3.9699e-03     0.0118    99.7058      98.55    232.029     5.3331 3.2185e+02          1         14 0.0000e+00
   38.97904  -68.99118    13.7410   4.206912    35.3162     77.377     77.982    13.7366   4.206602    35.3176     0.1584 3.9003e-03     0.0112    99.7200      98.55    232.864     5.3523 3.2225e+02          1         15 0.0000e+00
   38.97904  -68.99118    13.7382   4.206559    35.3163     78.420     79.033    13.7342   4.206148    35.3164     0.1524 3.7964e-03     0.0106    99.7353      98.55    231.905     5.3302 3.2151e+02          1         22 0.0000e+00
   38.97902  -68.99118    13.7413   4.206916    35.3180     79.515     80.137    13.7430   4.207108    35.3183     0.1621 3.6034e-03     0.0102    99.7441      98.55    228.992     5.2633 3.1892e+02          1         39 0.0000e+00
   38.97900  -68.99120    13.6832   4.198894    35.3025     80.377     81.006    13.6866   4.201434    35.3233     0.1275 2.6899e-03     0.0096    99.7608      98.55    229.756     5.2809 3.0958e+02          1         14 0.0000e+00
   38.97900  -68.99120    13.5800   4.186665    35.2854     81.387     82.024    13.5816   4.187458    35.2914     0.1427 2.5494e-03     0.0099    99.7535      98.55    230.330     5.2941 3.1070e+02          1         14 0.0000e+00
   38.97900  -68.99120    13.5377   4.181382    35.2753     82.376     83.021    13.5373   4.182253    35.2840     0.1350 2.4720e-03     0.0095    99.7631      98.55    229.938     5.2851 3.1179e+02          1         18 0.0000e+00
   38.97900  -68.99119    13.4797   4.174384    35.2637     83.378     84.031    13.4777   4.174726    35.2689     0.0953 2.4076e-03     0.0082    99.7956      98.54    229.029     5.2642 3.1229e+02          1         19 0.0000e+00
   38.97900  -68.99118    13.4465   4.170457    35.2572     84.388     85.049    13.4439   4.170285    35.2581     0.1020 2.3860e-03     0.0061    99.8467      98.55    228.510     5.2523 3.1236e+02          1         30 0.0000e+00
   38.97900  -68.99119    13.4568   4.171943    35.2600     85.149     85.816    13.4568   4.171814    35.2588     0.0831 2.2616e-03     0.0029    99.9275      98.55    228.062     5.2420 3.0636e+02          1         85 0.0000e+00
   38.97898  -68.99121    13.5563   4.185928    35.2958     86.349     87.026    13.5563   4.185434    35.2911     0.0841 1.6590e-03     0.0005    99.9873      98.55    227.570     5.2307 3.0709e+02          1         30 0.0000e+00
   38.97898  -68.99120    13.5786   4.188902    35.3026     87.255     87.939    13.5797   4.189009    35.3026     0.0866 1.6579e-03    -0.0020   100.0488      98.55    227.359     5.2259 3.0541e+02          1         35 0.0000e+00
   38.97898  -68.99120    13.6294   4.196376    35.3245     88.286     88.979    13.6298   4.195346    35.3144     0.0699 1.6959e-03    -0.0018   100.0444      98.55    226.479     5.2057 3.0312e+02          1         18 0.0000e+00
   38.97898  -68.99120    13.6623   4.200557    35.3325     89.292     89.992    13.6617   4.200550    35.3330     0.0877 1.6935e-03    -0.0022   100.0553      98.55    225.590     5.1852 3.0142e+02          1         16 0.0000e+00
   38.97898  -68.99120    13.6665   4.201378    35.3361     90.298     91.007    13.6693   4.201336    35.3330     0.0690 1.6520e-03    -0.0033   100.0821      98.55    225.353     5.1798 3.0048e+02          1         17 0.0000e+00
   38.97896  -68.99123    13.6942   4.205126    35.3456     91.228     91.945    13.7007   4.206012    35.3478     0.0573 1.5356e-03    -0.0039   100.0990      98.55    224.899     5.1694 2.9846e+02          1         75 0.0000e+00
   38.97894  -68.99124    13.7637   4.214476    35.3683     92.349     93.074    13.7642   4.214582    35.3688     0.0401 1.1452e-03    -0.0045   100.1141      98.56    224.873     5.1688 3.0221e+02          1         25 0.0000e+00
   38.97894  -68.99124    13.7661   4.214883    35.3702     93.251     93.984    13.7680   4.215063    35.3701     0.0623 1.0895e-03    -0.0051   100.1277      98.55    224.857     5.1684 3.0175e+02          1         55 0.0000e+00
   38.97893  -68.99125    13.8333   4.224195    35.3940     94.246     94.987    13.8318   4.223240    35.3864     0.0586 1.1483e-03    -0.0060   100.1510      98.55    223.944     5.1474 2.9630e+02          1         29 0.0000e+00
   38.97892  -68.99126    13.8874   4.231574    35.4121     95.349     96.099    13.9000   4.233017    35.4138     0.0564 1.1352e-03    -0.0058   100.1456      98.55    223.902     5.1465 2.9249e+02          1         40 0.0000e+00
   38.97892  -68.99126    13.9202   4.236092    35.4241     96.150     96.906    13.9214   4.236181    35.4238     0.0480 1.1619e-03    -0.0067   100.1681      98.55    223.099     5.1281 2.9411e+02          1         47 0.0000e+00
   38.97892  -68.99126    13.9615   4.242455    35.4448     97.232     97.997    13.9649   4.241812    35.4356     0.0488 1.0504e-03    -0.0069   100.1740      98.55    222.796     5.1211 2.9660e+02          1         28 0.0000e+00
   38.97892  -68.99125    14.0397   4.253077    35.4716     98.140     98.913    14.0524   4.254853    35.4763     0.0417 8.3734e-04    -0.0068   100.1715      98.55    220.183     5.0611 2.9617e+02          1        130 0.0000e+00
   38.97890  -68.99128    14.0783   4.258593    35.4879     99.232    100.013    14.0827   4.259011    35.4878     0.0407 7.3274e-04    -0.0079   100.1963      98.55    219.401     5.0431 2.9153e+02          1         49 0.0000e+00
   38.97890  -68.99128    14.1051   4.262381    35.4981    100.137    100.926    14.1061   4.262412    35.4977     0.0342 7.6747e-04    -0.0082   100.2034      98.55    218.513     5.0227 2.9163e+02          1         27 0.0000e+00
   38.97890  -68.99128    14.1200   4.264519    35.5040    101.155    101.952    14.1198   4.264243    35.5018     0.0242 7.4090e-04    -0.0082   100.2030      98.56    218.089     5.0130 2.9326e+02          1         17 0.0000e+00
   38.97890  -68.99128    14.1439   4.267997    35.5136    102.146    102.951    14.1443   4.267602    35.5096     0.0233 7.1797e-04    -0.0081   100.2015      98.56    218.153     5.0145 2.9445e+02          1         13 0.0000e+00
   38.97888  -68.99126    14.1557   4.269525    35.5165    103.150    103.963    14.1555   4.269503    35.5166     0.0286 7.0607e-04    -0.0081   100.2015      98.55    218.439     5.0211 2.9445e+02          1         14 0.0000e+00
   38.97888  -68.99126    14.1635   4.270656    35.5195    104.218    105.040    14.1636   4.270566    35.5186     0.0417 6.4496e-04    -0.0087   100.2164      98.55    218.775     5.0288 2.9445e+02          1         19 0.0000e+00
   38.97887  -68.99126    14.1660   4.270901    35.5201    105.083    105.912    14.1670   4.271129    35.5214     0.0273 5.4913e-04    -0.0077   100.1922      98.55    217.955     5.0099 2.9114e+02          1         77 0.0000e+00
   38.97886  -68.99126    14.1806   4.273048    35.5272    106.119    106.956    14.1810   4.272926    35.5257     0.0289 4.3094e-04    -0.0090   100.2238      98.56    217.382     4.9968 2.8790e+02          1         15 0.0000e+00
   38.97886  -68.99129    14.1977   4.275623    35.5346    107.143    107.989    14.1973   4.275135    35.5305     0.0177 4.1269e-04    -0.0086   100.2152      98.55    217.029     4.9887 2.8968e+02          1         15 0.0000e+00
   38.97886  -68.99130    14.2169   4.278265    35.5406    108.174    109.028    14.2166   4.278148    35.5399     0.0084 3.9170e-04    -0.0084   100.2101      98.56    217.057     4.9893 2.8998e+02          1         12 0.0000e+00
   38.97886  -68.99130    14.2199   4.278845    35.5429    109.172    110.034    14.2206   4.278731    35.5413     0.0206 3.7804e-04    -0.0089   100.2229      98.56    217.211     4.9928 2.8998e+02          1         12 0.0000e+00
   38.97886  -68.99130    14.2492   4.283408    35.5574    110.153    111.023    14.2493   4.282571    35.5495     0.0279 3.8259e-04    -0.0091   100.2272      98.55    217.261     4.9940 2.8998e+02          1         12 0.0000e+00
   38.97886  -68.99130    14.2803   4.287934    35.5698    111.136    112.014    14.2802   4.287510    35.5660     0.0281 3.4218e-04    -0.0091   100.2272      98.55    217.084     4.9900 2.8998e+02          1         17 0.0000e+00
   38.97885  -68.99130    14.2791   4.287629    35.5687    112.100    112.986    14.2789   4.287806    35.5705     0.0376 3.0354e-04    -0.0077   100.1912      98.55    214.507     4.9307 2.8626e+02          1         90 0.0000e+00
   38.97882  -68.99132    14.3051   4.291758    35.5831    113.081    113.975    14.3037   4.290991    35.5774     0.0302 2.2382e-04    -0.0094   100.2345      98.56    212.426     4.8829 2.8202e+02          1         14 0.0000e+00
   38.97882  -68.99132    14.3349   4.296019    35.5942    114.030    114.932    14.3355   4.295570    35.5895     0.0175 1.8936e-04    -0.0091   100.2272      98.56    212.196     4.8777 2.8167e+02          1         11 0.0000e+00
   38.97882  -68.99132    14.3498   4.298039    35.5985    115.060    115.970    14.3515   4.298054    35.5971     0.0151 1.6967e-04    -0.0088   100.2186      98.55    212.348     4.8811 2.8255e+02          1         12 0.0000e+00
   38.97882  -68.99132    14.3752   4.301795    35.6090    116.145    117.064    14.3732   4.301030    35.6039     0.0351 1.4475e-04    -0.0089   100.2232      98.55    212.293     4.8799 2.8260e+02          1         13 0.0000e+00
   38.97882  -68.99132    14.3859   4.303087    35.6107    117.129    118.056    14.3857   4.303066    35.6108     0.0440 1.3791e-04    -0.0102   100.2559      98.55    212.163     4.8769 2.8277e+02          1         17 0.0000e+00
   38.97882  -68.99131    14.3800   4.302224    35.6091    117.965    118.899    14.3828   4.302661    35.6105     0.0272 1.2229e-04    -0.0096   100.2407      98.56    210.478     4.8382 2.7719e+02          1        147 0.0000e+00
   38.97882  -68.99131    14.3949   4.304463    35.6160    119.035    119.978    14.3969   4.304429    35.6139     0.0386 8.8762e-05    -0.0106   100.2647      98.56    210.204     4.8319 2.7604e+02          1         24 0.0000e+00
   38.97882  -68.99132    14.4345   4.310185    35.6313    120.022    120.973    14.4338   4.309445    35.6252     0.0446 6.1844e-05    -0.0110   100.2772      98.56    210.291     4.8339 2.7648e+02          1         18 0.0000e+00
   38.97882  -68.99132    14.4828   4.317131    35.6497    121.020    121.979    14.4835   4.316662    35.6447     0.0202 4.6932e-05    -0.0100   100.2500      98.56    210.298     4.8341 2.7648e+02          1         18 0.0000e+00
   38.97882  -68.99132    14.4968   4.319251    35.6560    122.010    122.977    14.4967   4.319329    35.6568     0.0226 1.4124e-05    -0.0092   100.2286      98.55    210.582     4.8406 2.7648e+02          1         18 0.0000e+00
   38.97882  -68.99132    14.5067   4.321163    35.6644    123.094    124.070    14.5079   4.321223    35.6637     0.0288 7.1063e-06    -0.0109   100.2736      98.56    210.992     4.8501 2.7545e+02          1         31 0.0000e+00
   38.97881  -68.99132    14.5260   4.323960    35.6726    123.728    124.709    14.5259   4.323868    35.6719     0.0376 1.0069e-05    -0.0102   100.2543      98.56    207.398     4.7675 2.7220e+02          1         74 0.0000e+00
   38.97880  -68.99132    14.5582   4.328556    35.6849    124.987    125.979    14.5595   4.328617    35.6843     0.0488 1.8225e-05    -0.0092   100.2304      98.56    206.444     4.7455 2.6921e+02          1         16 0.0000e+00
   38.97880  -68.99132    14.5598   4.328866    35.6861    126.002    127.002    14.5598   4.328909    35.6865     0.0566 3.4322e-05    -0.0113   100.2829      98.56    206.800     4.7537 2.6805e+02          1         12 0.0000e+00
   38.97880  -68.99132    14.5543   4.328262    35.6854    126.973    127.981    14.5540   4.328618    35.6891     0.0262 2.9669e-06    -0.0115   100.2879      98.55    206.727     4.7520 2.6910e+02          1         11 0.0000e+00
   38.97879  -68.99133    14.5174   4.323770    35.6786    127.976    128.993    14.5188   4.324667    35.6856     0.0221 1.0000e-12    -0.0120   100.3003      98.57    206.617     4.7495 2.6974e+02          1         13 0.0000e+00
   38.97878  -68.99133    14.5144   4.323779    35.6814    129.046    130.071    14.5135   4.323617    35.6808     0.0310 9.4874e-08    -0.0102   100.2559      98.56    203.140     4.6696 2.6799e+02          1         86 0.0000e+00
   38.97876  -68.99130    14.4963   4.321842    35.6806    129.951    130.984    14.4966   4.322198    35.6836     0.0481 1.0000e-12    -0.0124   100.3090      98.56    199.721     4.5910 2.6221e+02          1         11 0.0000e+00
   38.97876  -68.99130    14.4947   4.322138    35.6845    130.939    131.980    14.4948   4.322005    35.6831     0.0226 1.0000e-12    -0.0121   100.3017      98.55    199.148     4.5779 2.6322e+02          1         10 0.0000e+00
   38.97876  -68.99130    14.5270   4.327982    35.7074    131.966    133.015    14.5260   4.326070    35.6907     0.0226 8.1591e-07    -0.0114   100.2863      98.55    198.158     4.5552 2.6389e+02          1         10 0.0000e+00
   38.97876  -68.99130    14.5734   4.333955    35.7182    132.966    134.024    14.5727   4.333279    35.7127     0.0175 1.0000e-12    -0.0110   100.2760      98.56    196.942     4.5272 2.6567e+02          1         10 0.0000e+00
   38.97876  -68.99133    14.5979   4.337082    35.7236    133.984    135.050    14.6015   4.337220    35.7215     0.0154 1.0000e-12    -0.0106   100.2667      98.56    195.429     4.4924 2.6665e+02          1         13 0.0000e+00
   38.97876  -68.99134    14.6186   4.339878    35.7295    134.989    136.063    14.6119   4.338770    35.7257     0.0205 1.0000e-12    -0.0120   100.3002      98.56    193.504     4.4482 2.6709e+02          1         19 0.0000e+00
   38.97875  -68.99134    14.6127   4.338989    35.7273    135.643    136.723    14.6145   4.339178    35.7273     0.0359 1.0000e-12    -0.0122   100.3043      98.57    192.998     4.4366 2.6421e+02          1         36 0.0000e+00
   38.97874  -68.99134    14.6613   4.345785    35.7439    136.902    137.993    14.6741   4.346822    35.7414     0.0142 1.0000e-12    -0.0132   100.3300      98.56    194.005     4.4597 2.6116e+02          1         13 0.0000e+00
   38.97874  -68.99134    14.6515   4.343697    35.7338    137.931    139.030    14.6537   4.345641    35.7497     0.0244 1.0000e-12    -0.0128   100.3208      98.56    194.745     4.4767 2.6147e+02          1         14 0.0000e+00
