Data/ruptures/KN207-01/QL-1/20701019.cnv
* Sea-Bird SBE 9 Data File:
* FileName = C:\Data\ctd\20701019.hex
* Software Version Seasave V 7.21e
* Temperature SN = 4406
* Conductivity SN = 1474
* Number of Bytes Per Scan = 40
* Number of Voltage Words = 5
* Number of Scans Averaged by the Deck Unit = 1
* NMEA Latitude = 38 58.66 N
* NMEA Longitude = 068 59.89 W
* NMEA UTC (Time) = Apr 24 2012 10:16:26
** R/V Knorr Cruise # KN207-01 QL1
** Chief Scientist: Ben Van Mooy
# nquan = 21
# nvalues = 399                         
# units = specified
# name 0 = latitude: Latitude [deg]
# name 1 = longitude: Longitude [deg]
# name 2 = t090C: Temperature [ITS-90, deg C]
# name 3 = c0S/m: Conductivity [S/m]
# name 4 = sal00: Salinity, Practical [PSU]
# name 5 = depSM: Depth [salt water, m]
# name 6 = prDM: Pressure, Digiquartz [db]
# name 7 = t190C: Temperature, 2 [ITS-90, deg C]
# name 8 = c1S/m: Conductivity, 2 [S/m]
# name 9 = sal11: Salinity, Practical, 2 [PSU]
# name 10 = flECO-AFL: Fluorescence, WET Labs ECO-AFL/FL [mg/m^3]
# name 11 = par: PAR/Irradiance, Biospherical/Licor
# name 12 = bat: Beam Attenuation, Chelsea/Seatech [1/m]
# name 13 = xmiss: Beam Transmission, Chelsea/Seatech [%]
# name 14 = altM: Altimeter [m]
# name 15 = sbeox0Mm/Kg: Oxygen, SBE 43 [umol/kg]
# name 16 = sbeox0ML/L: Oxygen, SBE 43 [ml/l]
# name 17 = spar: SPAR/Surface Irradiance
# name 18 = pumps: Pump Status
# name 19 = nbin: number of scans per bin
# name 20 = flag: flag
# span 0 =   38.97780,   38.97785       
# span 1 =  -68.99828,  -68.99493       
# span 2 =    11.0760,    14.6681       
# span 3 =   3.775687,   4.355469       
# span 4 =    32.7150,    35.8250       
# span 5 =      3.038,    199.978       
# span 6 =      3.061,    201.602       
# span 7 =    11.0724,    14.6681       
# span 8 =   3.826129,   4.355591       
# span 9 =    33.5435,    35.8267       
# span 10 =     0.0030,     2.6380      
# span 11 = 1.0000e-12, 7.3520e+00      
# span 12 =    -0.0151,     0.3138      
# span 13 =    92.4540,   100.3780      
# span 14 =       6.04,      98.63      
# span 15 =    146.309,    409.217      
# span 16 =     3.3639,     9.3981      
# span 17 = 9.1307e+01, 1.1555e+03      
# span 18 =          1,          1      
# span 19 =         10,        752      
# span 20 = 0.0000e+00, 0.0000e+00      
# interval = decibars: 1                
# start_time = Apr 24 2012 10:16:26 [NMEA time, header]
# bad_flag = -9.990e-29
*END*
[from data line 138]
   38.97782  -68.99753    14.5676   4.329743    35.6818    140.074    141.191    14.5645   4.329475    35.6821     0.0314 1.5998e-06    -0.0113   100.2819      98.53    212.467     4.8840 1.0359e+02          1        102 0.0000e+00
   38.97782  -68.99752    14.5646   4.329451    35.6822    140.813    141.936    14.5645   4.329630    35.6838     0.0187 2.9140e-07    -0.0117   100.2924      98.53    212.690     4.8891 1.0365e+02          1         28 0.0000e+00
   38.97782  -68.99752    14.5644   4.329876    35.6860    141.832    142.963    14.5639   4.329516    35.6830     0.0303 1.0000e-12    -0.0104   100.2605      98.53    212.808     4.8918 1.0458e+02          1         17 0.0000e+00
   38.97782  -68.99752    14.5899   4.333938    35.6990    142.864    144.004    14.5907   4.333646    35.6955     0.0517 1.0000e-12    -0.0112   100.2804      98.52    212.441     4.8834 1.0452e+02          1         14 0.0000e+00
   38.97782  -68.99752    14.5907   4.334602    35.7041    143.870    145.018    14.5904   4.334880    35.7069     0.0505 4.0796e-06    -0.0114   100.2850      98.53    211.809     4.8689 1.0503e+02          1         12 0.0000e+00
   38.97782  -68.99752    14.5778   4.333419    35.7050    144.886    146.042    14.5772   4.333988    35.7109     0.0518 2.1580e-05    -0.0122   100.3043      98.52    211.173     4.8543 1.0484e+02          1         12 0.0000e+00
   38.97782  -68.99752    14.5349   4.328261    35.6977    145.865    147.029    14.5336   4.329124    35.7068     0.0548 5.2097e-05    -0.0114   100.2856      98.52    210.375     4.8360 1.0484e+02          1         11 0.0000e+00
   38.97782  -68.99752    14.5062   4.325333    35.6974    146.845    148.019    14.5059   4.325227    35.6966     0.0590 7.3380e-05    -0.0109   100.2731      98.52    209.235     4.8098 1.0500e+02          1         14 0.0000e+00
   38.97782  -68.99752    14.5290   4.329495    35.7137    147.871    149.053    14.5286   4.329161    35.7110     0.0380 6.5011e-05    -0.0107   100.2680      98.53    205.564     4.7254 1.0471e+02          1         17 0.0000e+00
   38.97782  -68.99751    14.5475   4.330498    35.7051    148.780    149.969    14.5500   4.330564    35.7033     0.0323 3.4391e-05    -0.0109   100.2732      98.53    191.465     4.4013 1.0447e+02          1        128 0.0000e+00
   38.97782  -68.99750    14.5535   4.333757    35.7292    149.775    150.972    14.5520   4.332410    35.7182     0.0157 5.7794e-06    -0.0092   100.2304      98.53    201.885     4.6409 1.0484e+02          1         24 0.0000e+00
   38.97782  -68.99750    14.5945   4.339931    35.7471    150.743    151.949    14.5938   4.339727    35.7459     0.0294 5.2794e-06    -0.0085   100.2136      98.52    202.144     4.6469 1.0484e+02          1         17 0.0000e+00
   38.97782  -68.99750    14.6068   4.341575    35.7502    151.767    152.981    14.6065   4.341566    35.7504     0.0359 1.0000e-12    -0.0112   100.2804      98.53    197.906     4.5495 1.0468e+02          1         14 0.0000e+00
   38.97782  -68.99750    14.6080   4.341786    35.7507    152.782    154.005    14.6081   4.341888    35.7516     0.0346 4.7595e-06    -0.0101   100.2529      98.53    192.889     4.4341 1.0484e+02          1         12 0.0000e+00
   38.97782  -68.99750    14.6096   4.342086    35.7517    153.770    155.002    14.6091   4.342011    35.7515     0.0365 1.2633e-05    -0.0105   100.2636      98.52    189.074     4.3464 1.0484e+02          1         12 0.0000e+00
   38.97782  -68.99750    14.6143   4.343101    35.7562    154.774    156.013    14.6137   4.342941    35.7553     0.0447 1.2289e-05    -0.0122   100.3043      98.53    187.377     4.3074 1.0484e+02          1         13 0.0000e+00
   38.97782  -68.99750    14.6179   4.344559    35.7659    155.789    157.037    14.6176   4.344531    35.7660     0.0376 8.1591e-06    -0.0111   100.2786      98.53    187.312     4.3059 1.0484e+02          1         17 0.0000e+00
   38.97782  -68.99750    14.6107   4.343490    35.7628    156.873    158.130    14.6093   4.343167    35.7611     0.0340 6.9782e-06    -0.0115   100.2864      98.53    187.147     4.3022 1.0513e+02          1         76 0.0000e+00
   38.97784  -68.99744    14.6048   4.342868    35.7625    157.686    158.949    14.6060   4.343463    35.7668     0.0260 2.8135e-06    -0.0120   100.2999      98.53    184.797     4.2482 1.0553e+02          1         29 0.0000e+00
   38.97784  -68.99744    14.5970   4.342720    35.7681    158.706    159.979    14.5972   4.342872    35.7694     0.0293 2.1285e-06    -0.0122   100.3032      98.53    186.991     4.2986 1.0484e+02          1         23 0.0000e+00
   38.97784  -68.99744    14.6040   4.344340    35.7761    159.744    161.025    14.6002   4.343403    35.7710     0.0328 1.0199e-06    -0.0127   100.3182      98.53    186.772     4.2936 1.0484e+02          1         24 0.0000e+00
   38.97784  -68.99744    14.6516   4.351928    35.8006    160.761    162.051    14.6500   4.351482    35.7980     0.0525 1.5030e-06    -0.0112   100.2800      98.53    183.499     4.2184 1.0490e+02          1         38 0.0000e+00
   38.97784  -68.99746    14.6647   4.354177    35.8088    161.658    162.956    14.6642   4.354077    35.8084     0.0101 1.0000e-12    -0.0131   100.3273      98.53    182.318     4.1912 1.0515e+02          1         29 0.0000e+00
   38.97784  -68.99746    14.6673   4.355038    35.8141    162.664    163.969    14.6669   4.354975    35.8139     0.0255 1.0000e-12    -0.0132   100.3313      98.53    182.831     4.2030 1.0607e+02          1         20 0.0000e+00
   38.97784  -68.99746    14.6681   4.355469    35.8171    163.682    164.996    14.6681   4.355591    35.8181     0.0520 1.0000e-12    -0.0133   100.3320      98.53    182.692     4.1999 1.0656e+02          1         13 0.0000e+00
   38.97784  -68.99746    14.6465   4.353166    35.8160    164.650    165.972    14.6462   4.353991    35.8238     0.0435 3.1381e-06    -0.0131   100.3280      98.53    182.260     4.1900 1.0707e+02          1         13 0.0000e+00
   38.97784  -68.99746    14.6063   4.349097    35.8162    165.691    167.022    14.6069   4.349558    35.8198     0.0272 8.1591e-06    -0.0128   100.3201      98.53    181.714     4.1774 1.0690e+02          1         13 0.0000e+00
   38.97784  -68.99746    14.5965   4.348168    35.8164    166.657    167.996    14.5961   4.348318    35.8182     0.0261 5.4394e-06    -0.0126   100.3150      98.53    181.057     4.1624 1.0707e+02          1         12 0.0000e+00
   38.97784  -68.99745    14.5779   4.345894    35.8125    167.772    169.121    14.5778   4.346068    35.8142     0.0158 3.7882e-06    -0.0122   100.3043      98.53    179.852     4.1347 1.0611e+02          1         28 0.0000e+00
   38.97784  -68.99740    14.6047   4.348639    35.8120    168.435    169.790    14.6099   4.349612    35.8162     0.0226 7.4174e-07    -0.0128   100.3191      98.53    176.392     4.0551 1.0558e+02          1         33 0.0000e+00
   38.97784  -68.99740    14.5352   4.341184    35.8087    169.634    170.999    14.5368   4.341942    35.8142     0.0232 1.0000e-12    -0.0124   100.3084      98.53    178.468     4.1029 1.0578e+02          1         19 0.0000e+00
   38.97784  -68.99744    14.5158   4.339298    35.8090    170.636    172.009    14.5158   4.339469    35.8107     0.0281 1.0000e-12    -0.0126   100.3134      98.53    179.596     4.1288 1.0602e+02          1         17 0.0000e+00
   38.97784  -68.99744    14.5071   4.338293    35.8073    171.610    172.991    14.5077   4.338700    35.8106     0.0108 1.0000e-12    -0.0131   100.3284      98.53    178.532     4.1043 1.0665e+02          1         16 0.0000e+00
   38.97784  -68.99744    14.4913   4.336750    35.8075    172.617    174.007    14.4915   4.337002    35.8096     0.0157 1.0000e-12    -0.0123   100.3077      98.52    175.871     4.0432 1.0707e+02          1         15 0.0000e+00
   38.97784  -68.99744    14.4717   4.334541    35.8050    173.613    175.012    14.4726   4.335428    35.8125     0.0435 1.0000e-12    -0.0123   100.3083      98.53    173.343     3.9851 1.0707e+02          1         13 0.0000e+00
   38.97784  -68.99744    14.4230   4.329631    35.8052    174.598    176.005    14.4236   4.330147    35.8095     0.0274 1.0000e-12    -0.0131   100.3266      98.54    171.537     3.9436 1.0707e+02          1         15 0.0000e+00
   38.97784  -68.99744    14.4105   4.328445    35.8054    175.613    177.028    14.4106   4.328696    35.8076     0.0072 1.0000e-12    -0.0129   100.3214      98.53    170.207     3.9130 1.0732e+02          1         18 0.0000e+00
   38.97784  -68.99740    14.4178   4.329283    35.8047    176.771    178.196    14.4218   4.329569    35.8037     0.0205 1.0000e-12    -0.0132   100.3297      98.53    164.115     3.7730 1.0710e+02          1         75 0.0000e+00
   38.97784  -68.99738    14.3873   4.325984    35.8022    177.470    178.901    14.4095   4.329052    35.8095     0.0118 1.0000e-12    -0.0133   100.3335      98.53    162.436     3.7344 1.0665e+02          1         37 0.0000e+00
   38.97784  -68.99738    14.3149   4.318366    35.7994    178.525    179.965    14.3158   4.318873    35.8034     0.0385 1.0000e-12    -0.0120   100.3008      98.53    165.036     3.7942 1.0687e+02          1         22 0.0000e+00
   38.97784  -68.99739    14.3051   4.317395    35.7988    179.558    181.007    14.3052   4.317577    35.8006     0.0343 1.0000e-12    -0.0117   100.2940      98.53    164.040     3.7713 1.0707e+02          1         20 0.0000e+00
   38.97784  -68.99740    14.2849   4.315254    35.7973    180.538    181.996    14.2855   4.315757    35.8016     0.0328 1.0000e-12    -0.0125   100.3129      98.53    161.395     3.7105 1.0722e+02          1         15 0.0000e+00
   38.97784  -68.99740    14.2768   4.314601    35.7982    181.531    182.997    14.2772   4.314770    35.7995     0.0574 1.0000e-12    -0.0124   100.3088      98.54    159.209     3.6603 1.0812e+02          1         17 0.0000e+00
   38.97784  -68.99740    14.2711   4.314047    35.7977    182.549    184.024    14.2715   4.314351    35.8003     0.0305 1.0000e-12    -0.0128   100.3204      98.53    158.475     3.6434 1.0832e+02          1         16 0.0000e+00
   38.97784  -68.99740    14.2408   4.311024    35.7977    183.543    185.026    14.2411   4.311555    35.8025     0.0234 1.0000e-12    -0.0130   100.3240      98.54    158.249     3.6382 1.0825e+02          1         17 0.0000e+00
   38.97784  -68.99740    14.2264   4.309805    35.7993    184.539    186.030    14.2264   4.309947    35.8007     0.0290 1.0000e-12    -0.0125   100.3111      98.53    157.938     3.6311 1.0789e+02          1         19 0.0000e+00
   38.97784  -68.99740    14.2237   4.310237    35.8049    185.577    187.077    14.2242   4.310371    35.8057     0.0098 1.0000e-12    -0.0121   100.3025      98.54    156.954     3.6085 1.0769e+02          1         29 0.0000e+00
   38.97784  -68.99734    14.2172   4.309364    35.8017    186.442    187.950    14.2150   4.309406    35.8042     0.0300 1.0000e-12    -0.0123   100.3082      98.53    153.857     3.5373 1.0819e+02          1         66 0.0000e+00
   38.97784  -68.99734    14.1846   4.306860    35.8084    187.444    188.960    14.1842   4.306692    35.8072     0.0423 1.0000e-12    -0.0132   100.3300      98.53    152.440     3.5048 1.0856e+02          1         24 0.0000e+00
   38.97784  -68.99734    14.1913   4.308216    35.8138    188.460    189.985    14.1914   4.308320    35.8148     0.0255 1.0000e-12    -0.0136   100.3414      98.53    153.232     3.5230 1.0893e+02          1         18 0.0000e+00
   38.97784  -68.99735    14.1881   4.308438    35.8183    189.456    190.990    14.1880   4.308529    35.8192     0.0190 1.0000e-12    -0.0138   100.3449      98.53    153.034     3.5184 1.0907e+02          1         19 0.0000e+00
   38.97784  -68.99736    14.1838   4.308272    35.8201    190.472    192.015    14.1840   4.308446    35.8216     0.0303 1.0000e-12    -0.0134   100.3364      98.54    151.368     3.4802 1.0885e+02          1         20 0.0000e+00
   38.97784  -68.99736    14.1719   4.307461    35.8232    191.448    192.999    14.1721   4.307761    35.8259     0.0530 1.0000e-12    -0.0132   100.3300      98.53    150.283     3.4552 1.0919e+02          1         21 0.0000e+00
   38.97784  -68.99736    14.1570   4.306183    35.8250    192.449    194.008    14.1569   4.306362    35.8267     0.0217 1.0000e-12    -0.0134   100.3354      98.53    149.625     3.4401 1.0930e+02          1         19 0.0000e+00
   38.97784  -68.99736    14.1454   4.304916    35.8235    193.449    195.016    14.1455   4.305205    35.8261     0.0287 1.0000e-12    -0.0137   100.3423      98.53    148.849     3.4223 1.0930e+02          1         23 0.0000e+00
   38.97784  -68.99735    14.1118   4.301037    35.8186    194.461    196.037    14.1139   4.301680    35.8226     0.0243 1.0000e-12    -0.0141   100.3538      98.53    148.145     3.4061 1.0941e+02          1         41 0.0000e+00
   38.97784  -68.99732    14.0799   4.297394    35.8141    195.389    196.973    14.0805   4.297758    35.8169     0.0247 1.0000e-12    -0.0145   100.3633      98.53    147.766     3.3974 1.0942e+02          1         37 0.0000e+00
   38.97784  -68.99732    14.0587   4.294974    35.8107    196.462    198.055    14.0588   4.295181    35.8126     0.0217 1.0000e-12    -0.0145   100.3637      98.53    147.705     3.3960 1.0976e+02          1         29 0.0000e+00
   38.97784  -68.99731    14.0393   4.292745    35.8069    197.297    198.898    14.0485   4.294074    35.8106     0.0286 1.0000e-12    -0.0141   100.3523      98.53    147.490     3.3910 1.1046e+02          1        136 0.0000e+00
   38.97784  -68.99731    13.9223   4.278917    35.7876    198.304    199.913    13.9250   4.279638    35.7918     0.0184 1.0000e-12    -0.0143   100.3581      98.53    147.406     3.3891 1.1129e+02          1         75 0.0000e+00
   38.97784  -68.99730    13.8659   4.272166    35.7759    199.272    200.890    13.8700   4.272636    35.7765     0.0273 1.0000e-12    -0.0138   100.3465      98.53    147.288     3.3864 1.1198e+02          1         89 0.0000e+00
   38.97782  -68.99724    13.8253   4.267504    35.7688    199.978    201.602    13.8388   4.268588    35.7665     0.0421 1.0000e-12    -0.0123   100.3094      98.53    147.173     3.3838 1.1450e+02          1         30 0.0000e+00
   38.97782  -68.99724    13.9028   4.276735    35.7811    199.423    201.042    13.9223   4.278747    35.7817     0.0410 1.0000e-12    -0.0143   100.3586      98.54    146.439     3.3669 1.1401e+02          1         35 0.0000e+00
   38.97782  -68.99722    13.9077   4.277297    35.7820    198.481    200.091    13.9245   4.279384    35.7859     0.0358 1.0000e-12    -0.0144   100.3600      98.53    146.939     3.3784 1.1528e+02          1        181 0.0000e+00
   38.97782  -68.99720    13.9457   4.281887    35.7889    197.303    198.904    13.9520   4.282717    35.7909     0.0350 1.0000e-12    -0.0144   100.3606      98.54    146.931     3.3782 1.1714e+02          1         58 0.0000e+00
   38.97782  -68.99720    13.9564   4.282987    35.7896    196.495    198.088    13.9541   4.282847    35.7908     0.0086 1.0000e-12    -0.0141   100.3525      98.54    146.933     3.3782 1.1777e+02          1         40 0.0000e+00
   38.97782  -68.99718    14.0310   4.291841    35.8018    195.362    196.946    14.0133   4.289089    35.7932     0.0208 1.0000e-12    -0.0137   100.3441      98.53    146.309     3.3639 1.1800e+02          1         31 0.0000e+00
   38.97782  -68.99718    14.0588   4.295044    35.8063    194.448    196.025    14.0605   4.295296    35.8072     0.0345 3.0789e-07    -0.0143   100.3572      98.54    146.653     3.3718 1.1826e+02          1         53 0.0000e+00
