Data/ruptures/KN207-01/QL-1/20701016.cnv
* Sea-Bird SBE 9 Data File:
* FileName = C:\Data\ctd\20701016.hex
* Software Version Seasave V 7.21e
* Temperature SN = 4406
* Conductivity SN = 1474
* Number of Bytes Per Scan = 40
* Number of Voltage Words = 5
* Number of Scans Averaged by the Deck Unit = 1
* NMEA Latitude = 38 59.05 N
* NMEA Longitude = 068 59.28 W
* NMEA UTC (Time) = Apr 23 2012 20:04:34
** R/V Knorr Cruise # KN207-01 QL1
** Chief Scientist: Ben Van Mooy
# nquan = 21
# nvalues = 405                         
# units = specified
# name 0 = latitude: Latitude [deg]
# name 1 = longitude: Longitude [deg]
# name 2 = t090C: Temperature [ITS-90, deg C]
# name 3 = c0S/m: Conductivity [S/m]
# name 4 = sal00: Salinity, Practical [PSU]
# name 5 = depSM: Depth [salt water, m]
# name 6 = prDM: Pressure, Digiquartz [db]
# name 7 = t190C: Temperature, 2 [ITS-90, deg C]
# name 8 = c1S/m: Conductivity, 2 [S/m]
# name 9 = sal11: Salinity, Practical, 2 [PSU]
# name 10 = flECO-AFL: Fluorescence, WET Labs ECO-AFL/FL [mg/m^3]
# name 11 = par: PAR/Irradiance, Biospherical/Licor
# name 12 = bat: Beam Attenuation, Chelsea/Seatech [1/m]
# name 13 = xmiss: Beam Transmission, Chelsea/Seatech [%]
# name 14 = altM: Altimeter [m]
# name 15 = sbeox0Mm/Kg: Oxygen, SBE 43 [umol/kg]
# name 16 = sbeox0ML/L: Oxygen, SBE 43 [ml/l]
# name 17 = spar: SPAR/Surface Irradiance
# name 18 = pumps: Pump Status
# name 19 = nbin: number of scans per bin
# name 20 = flag: flag
# span 0 =   38.98327,   38.98420       
# span 1 =  -68.98817,  -68.98738       
# span 2 =    11.1480,    14.7728       
# span 3 =   3.871763,   4.367968       
# span 4 =    33.6383,    35.8472       
# span 5 =      2.442,    203.131       
# span 6 =      2.461,    204.782       
# span 7 =    11.1452,    14.7720       
# span 8 =   3.871846,   4.368108       
# span 9 =    33.9196,    35.8500       
# span 10 =    -0.0034,     2.7662      
# span 11 = 1.0000e-12, 3.0132e+01      
# span 12 =    -0.0153,     0.3204      
# span 13 =    92.3037,   100.3846      
# span 14 =       1.62,      98.69      
# span 15 =    145.562,    422.713      
# span 16 =     3.3467,     9.7084      
# span 17 = 5.4297e+02, 8.8328e+02      
# span 18 =          1,          1      
# span 19 =          7,        624      
# span 20 = 0.0000e+00, 0.0000e+00      
# interval = decibars: 1                
# start_time = Apr 23 2012 20:04:34 [NMEA time, header]
# bad_flag = -9.990e-29
*END*
[from data line 207]
   38.98394  -68.98746    13.5233   4.232869    35.7221    197.408    199.010    13.5194   4.232259    35.7203     0.0335 1.0000e-12    -0.0140   100.3506      98.60    146.948     3.3787 6.2993e+02          1         10 0.0000e+00
   38.98394  -68.98746    13.5330   4.233953    35.7236    196.414    198.007    13.5298   4.233453    35.7221     0.0441 1.0000e-12    -0.0141   100.3537      98.59    147.004     3.3800 6.3573e+02          1         13 0.0000e+00
   38.98393  -68.98748    13.5298   4.233541    35.7235    195.451    197.036    13.5298   4.233549    35.7236     0.0274 1.0000e-12    -0.0146   100.3666      98.59    147.052     3.3811 6.4996e+02          1         80 0.0000e+00
   38.98394  -68.98752    13.5553   4.236276    35.7255    194.453    196.029    13.5611   4.236755    35.7244     0.0348 1.0000e-12    -0.0145   100.3629      98.60    147.153     3.3834 6.5162e+02          1         25 0.0000e+00
   38.98394  -68.98752    13.5753   4.238576    35.7286    193.450    195.018    13.5799   4.239003    35.7283     0.0506 1.0000e-12    -0.0135   100.3368      98.60    147.247     3.3856 6.5229e+02          1         19 0.0000e+00
   38.98393  -68.98752    13.6091   4.242412    35.7330    192.452    194.012    13.6103   4.242011    35.7280     0.0328 1.0000e-12    -0.0153   100.3846      98.60    147.240     3.3854 6.5288e+02          1         16 0.0000e+00
   38.98392  -68.98752    13.6420   4.246064    35.7365    191.438    192.989    13.6542   4.247048    35.7340     0.0209 1.0000e-12    -0.0152   100.3814      98.60    146.931     3.3783 6.5311e+02          1         19 0.0000e+00
   38.98392  -68.98752    13.6798   4.250437    35.7422    190.404    191.946    13.6908   4.251250    35.7394     0.0261 1.0000e-12    -0.0153   100.3835      98.61    146.898     3.3775 6.5135e+02          1         24 0.0000e+00
   38.98392  -68.98754    13.6379   4.245463    35.7373    189.521    191.056    13.6449   4.246429    35.7398     0.0331 1.0000e-12    -0.0152   100.3808      98.60    147.357     3.3881 6.4629e+02          1        174 0.0000e+00
   38.98393  -68.98754    13.6227   4.243686    35.7359    188.558    190.084    13.6330   4.244666    35.7355     0.0163 1.0000e-12    -0.0151   100.3801      98.60    147.372     3.3884 6.5269e+02          1         20 0.0000e+00
   38.98394  -68.98750    13.6736   4.249638    35.7436    187.491    189.008    13.6805   4.249489    35.7357     0.0237 1.0000e-12    -0.0149   100.3750      98.60    147.015     3.3802 6.4838e+02          1         12 0.0000e+00
   38.98394  -68.98750    13.7321   4.256175    35.7495    186.460    187.968    13.7365   4.254790    35.7325     0.0182 1.0000e-12    -0.0151   100.3785      98.62    146.584     3.3703 6.4516e+02          1          9 0.0000e+00
   38.98394  -68.98750    13.8310   4.267755    35.7640    185.463    186.963    13.8665   4.268455    35.7367     0.0154 1.8521e-05    -0.0152   100.3814      98.61    146.089     3.3589 6.4131e+02          1          8 0.0000e+00
   38.98394  -68.98750    13.9361   4.279436    35.7735    184.481    185.972    13.9464   4.278929    35.7591     0.0140 3.4239e-05    -0.0142   100.3557      98.60    145.640     3.3485 6.3765e+02          1          7 0.0000e+00
   38.98394  -68.98750    13.9993   4.286388    35.7787    183.556    185.040    14.0037   4.284968    35.7615     0.0140 3.7978e-04    -0.0142   100.3557      98.60    145.562     3.3467 6.3446e+02          1          7 0.0000e+00
   38.98394  -68.98750    14.0546   4.292644    35.7851    182.512    183.986    14.0527   4.291123    35.7730     0.0145 3.5669e-05    -0.0141   100.3525      98.60    145.637     3.3484 6.3071e+02          1          8 0.0000e+00
   38.98394  -68.98750    14.0802   4.295432    35.7876    181.482    182.948    14.0829   4.295014    35.7814     0.0163 1.0000e-12    -0.0133   100.3332      98.60    146.030     3.3574 6.2792e+02          1          8 0.0000e+00
   38.98394  -68.98750    14.1137   4.299385    35.7934    180.511    181.969    14.1051   4.298019    35.7891     0.0145 1.0000e-12    -0.0135   100.3364      98.60    146.422     3.3664 6.2542e+02          1          8 0.0000e+00
   38.98394  -68.98750    14.1525   4.303631    35.7970    179.522    180.971    14.1499   4.302410    35.7882     0.0627 1.0000e-12    -0.0131   100.3279      98.60    146.861     3.3765 6.2291e+02          1         12 0.0000e+00
   38.98394  -68.98749    14.1179   4.299444    35.7940    178.672    180.114    14.1065   4.298591    35.7971     0.0338 1.0000e-12    -0.0134   100.3362      98.60    148.047     3.4037 6.2834e+02          1         54 0.0000e+00
   38.98394  -68.98746    14.1737   4.305782    35.8033    177.601    179.034    14.1209   4.299014    35.7907     0.0145 1.0000e-12    -0.0142   100.3557      98.60    148.054     3.4039 6.3541e+02          1         14 0.0000e+00
   38.98394  -68.98746    14.2185   4.310750    35.8077    176.560    177.984    14.1901   4.306781    35.7979     0.0277 1.0000e-12    -0.0140   100.3517      98.60    148.146     3.4060 6.3196e+02          1         13 0.0000e+00
   38.98394  -68.98746    14.2460   4.313796    35.8108    175.550    176.965    14.2603   4.314383    35.8025     0.0283 6.2762e-07    -0.0142   100.3557      98.60    148.642     3.4174 6.2921e+02          1         13 0.0000e+00
   38.98394  -68.98746    14.2601   4.315193    35.8113    174.570    175.977    14.2626   4.315570    35.8124     0.0223 1.0000e-12    -0.0141   100.3541      98.60    149.066     3.4271 6.2737e+02          1         16 0.0000e+00
   38.98394  -68.98756    14.2860   4.318029    35.8157    173.745    175.145    14.2359   4.312590    35.8127     0.0252 1.0000e-12    -0.0123   100.3083      98.60    151.212     3.4765 6.3592e+02          1        121 0.0000e+00
   38.98394  -68.98749    14.3047   4.319943    35.8182    172.642    174.032    14.2538   4.314310    35.8136     0.0407 1.0000e-12    -0.0142   100.3546      98.61    152.333     3.5022 6.3964e+02          1         24 0.0000e+00
   38.98394  -68.98748    14.2956   4.318934    35.8183    171.615    172.997    14.2633   4.315260    35.8142     0.0494 1.0000e-12    -0.0146   100.3665      98.60    152.576     3.5078 6.4184e+02          1         19 0.0000e+00
   38.98394  -68.98748    14.3208   4.321840    35.8221    170.616    171.989    14.2946   4.317736    35.8081     0.0475 1.0000e-12    -0.0139   100.3481      98.60    152.277     3.5009 6.4243e+02          1         17 0.0000e+00
   38.98394  -68.98748    14.4207   4.332629    35.8278    169.607    170.972    14.4302   4.332310    35.8150     0.0288 1.0000e-12    -0.0141   100.3534      98.60    151.887     3.4919 6.4121e+02          1         22 0.0000e+00
   38.98394  -68.98748    14.4910   4.340646    35.8365    168.560    169.915    14.4963   4.340550    35.8300     0.0213 1.0000e-12    -0.0145   100.3635      98.60    152.364     3.5029 6.3743e+02          1         33 0.0000e+00
   38.98394  -68.98752    14.4935   4.340605    35.8358    167.747    169.096    14.4172   4.333168    35.8390     0.0226 3.8246e-07    -0.0148   100.3706      98.60    157.223     3.6146 6.3329e+02          1         64 0.0000e+00
   38.98394  -68.98752    14.5455   4.346129    35.8390    166.710    168.050    14.4805   4.338197    35.8264     0.0308 1.8829e-06    -0.0148   100.3705      98.61    158.146     3.6358 6.3350e+02          1         26 0.0000e+00
   38.98394  -68.98752    14.6110   4.352990    35.8413    165.656    166.987    14.5748   4.348425    35.8325     0.0401 2.8379e-06    -0.0147   100.3691      98.60    157.622     3.6237 6.3292e+02          1         23 0.0000e+00
   38.98394  -68.98750    14.6448   4.356207    35.8401    164.664    165.987    14.6414   4.355437    35.8351     0.0149 6.1193e-06    -0.0145   100.3634      98.61    158.459     3.6429 6.3038e+02          1         20 0.0000e+00
   38.98394  -68.98748    14.6539   4.356813    35.8382    163.674    164.988    14.6509   4.356692    35.8390     0.0215 6.5273e-06    -0.0148   100.3711      98.60    160.828     3.6973 6.2792e+02          1         20 0.0000e+00
   38.98394  -68.98748    14.6649   4.357784    35.8377    162.658    163.964    14.6513   4.356538    35.8382     0.0379 1.4360e-05    -0.0145   100.3637      98.61    163.674     3.7627 6.2653e+02          1         16 0.0000e+00
   38.98394  -68.98748    14.6765   4.358784    35.8368    161.662    162.959    14.6651   4.357735    35.8372     0.0429 1.4870e-05    -0.0138   100.3461      98.61    166.063     3.8176 6.2681e+02          1         16 0.0000e+00
   38.98394  -68.98748    14.7051   4.361271    35.8335    160.661    161.950    14.6913   4.359746    35.8318     0.0355 1.6636e-05    -0.0144   100.3598      98.60    168.107     3.8646 6.2869e+02          1         19 0.0000e+00
   38.98394  -68.98748    14.7281   4.363520    35.8338    159.636    160.916    14.7164   4.362320    35.8331     0.0182 2.8807e-05    -0.0146   100.3649      98.61    170.046     3.9091 6.3505e+02          1         39 0.0000e+00
   38.98392  -68.98746    14.7058   4.361335    35.8364    158.786    160.059    14.7134   4.362170    35.8364     0.0363 5.1428e-05    -0.0148   100.3699      98.61    177.856     4.0887 6.3780e+02          1         67 0.0000e+00
   38.98392  -68.98746    14.7186   4.362534    35.8366    157.778    159.043    14.7250   4.362998    35.8345     0.0280 6.1844e-05    -0.0144   100.3618      98.61    175.556     4.0358 6.2816e+02          1         38 0.0000e+00
   38.98392  -68.98747    14.7649   4.367252    35.8371    156.803    158.059    14.7464   4.364894    35.8326     0.0429 8.2032e-05    -0.0143   100.3578      98.61    172.233     3.9594 6.2458e+02          1         24 0.0000e+00
   38.98392  -68.98748    14.7728   4.367968    35.8370    155.786    157.034    14.7720   4.368108    35.8387     0.0302 9.9529e-05    -0.0113   100.2837      98.61    174.669     4.0154 6.2469e+02          1         20 0.0000e+00
   38.98392  -68.98748    14.7518   4.364521    35.8259    154.754    155.994    14.7523   4.365098    35.8306     0.0336 1.1868e-04    -0.0141   100.3543      98.61    179.179     4.1191 6.2458e+02          1         18 0.0000e+00
   38.98392  -68.98748    14.7393   4.362333    35.8183    153.772    155.004    14.7398   4.362826    35.8221     0.0333 1.1955e-04    -0.0147   100.3685      98.61    182.982     4.2065 6.2362e+02          1         14 0.0000e+00
   38.98392  -68.98748    14.7297   4.360304    35.8093    152.828    154.052    14.7325   4.361139    35.8140     0.0221 1.1928e-04    -0.0143   100.3591      98.61    185.033     4.2536 6.2250e+02          1         15 0.0000e+00
   38.98392  -68.98748    14.7254   4.358954    35.8014    151.802    153.017    14.7276   4.359647    35.8055     0.0281 1.5039e-04    -0.0139   100.3484      98.61    185.244     4.2585 6.2235e+02          1         14 0.0000e+00
   38.98392  -68.98748    14.7287   4.358900    35.7983    150.783    151.989    14.7284   4.359116    35.8005     0.0362 1.6967e-04    -0.0129   100.3214      98.61    184.467     4.2406 6.2235e+02          1         15 0.0000e+00
   38.98392  -68.98748    14.7241   4.357649    35.7917    149.764    150.962    14.7216   4.357617    35.7936     0.0308 1.7268e-04    -0.0141   100.3528      98.60    184.092     4.2319 6.2408e+02          1         18 0.0000e+00
   38.98394  -68.98746    14.7103   4.354488    35.7762    148.710    149.899    14.7136   4.355419    35.7815     0.0292 1.7285e-04    -0.0124   100.3103      98.61    186.177     4.2798 6.2806e+02          1         34 0.0000e+00
   38.98394  -68.98745    14.7151   4.355659    35.7828    148.065    149.248    14.7160   4.355976    35.7849     0.0241 2.0611e-04    -0.0141   100.3527      98.60    190.108     4.3702 6.3226e+02          1         52 0.0000e+00
   38.98394  -68.98744    14.7148   4.355574    35.7830    146.827    148.000    14.7108   4.354721    35.7790     0.0378 2.6113e-04    -0.0136   100.3396      98.61    190.122     4.3705 6.2528e+02          1         16 0.0000e+00
   38.98394  -68.98744    14.7111   4.354088    35.7732    145.817    146.982    14.7080   4.353476    35.7705     0.0318 2.7448e-04    -0.0134   100.3351      98.60    193.258     4.4426 6.2042e+02          1         15 0.0000e+00
   38.98394  -68.98744    14.7072   4.352813    35.7657    144.819    145.975    14.7072   4.352862    35.7661     0.0339 2.9365e-04    -0.0142   100.3557      98.61    194.777     4.4775 6.1598e+02          1         14 0.0000e+00
   38.98394  -68.98744    14.7090   4.352608    35.7625    143.857    145.005    14.7088   4.352695    35.7634     0.0517 3.1310e-04    -0.0141   100.3520      98.60    194.389     4.4685 6.1200e+02          1         14 0.0000e+00
   38.98394  -68.98744    14.7112   4.352442    35.7593    142.863    144.003    14.7100   4.352563    35.7615     0.0351 3.3255e-04    -0.0141   100.3525      98.61    194.006     4.4597 6.1050e+02          1         16 0.0000e+00
   38.98394  -68.98744    14.7117   4.352114    35.7562    141.849    142.981    14.7111   4.352297    35.7584     0.0236 3.5802e-04    -0.0137   100.3420      98.61    195.551     4.4952 6.1105e+02          1         15 0.0000e+00
   38.98394  -68.98745    14.7092   4.351336    35.7519    140.873    141.996    14.7095   4.351734    35.7552     0.0351 3.6325e-04    -0.0134   100.3364      98.61    198.030     4.5522 6.1371e+02          1         16 0.0000e+00
   38.98394  -68.98748    14.7053   4.350410    35.7475    139.859    140.974    14.7058   4.350888    35.7514     0.0357 3.8988e-04    -0.0134   100.3351      98.61    200.391     4.6065 6.1856e+02          1         20 0.0000e+00
   38.98394  -68.98748    14.7046   4.349921    35.7440    138.758    139.864    14.7043   4.350197    35.7468     0.0343 4.0881e-04    -0.0130   100.3252      98.61    204.547     4.7020 6.2565e+02          1         48 0.0000e+00
   38.98394  -68.98748    14.7031   4.349685    35.7436    137.984    139.084    14.7031   4.349710    35.7438     0.0293 4.1571e-04    -0.0128   100.3188      98.61    208.456     4.7919 6.2744e+02          1         46 0.0000e+00
   38.98392  -68.98742    14.7000   4.348413    35.7353    136.905    137.996    14.7018   4.349124    35.7401     0.0230 4.5496e-04    -0.0132   100.3300      98.61    208.049     4.7825 6.2851e+02          1         21 0.0000e+00
   38.98392  -68.98742    14.6982   4.347710    35.7309    135.912    136.994    14.6974   4.347906    35.7334     0.0189 4.9157e-04    -0.0119   100.2970      98.61    207.740     4.7754 6.2596e+02          1         21 0.0000e+00
   38.98392  -68.98742    14.6893   4.346313    35.7268    134.929    136.003    14.6894   4.346501    35.7284     0.0334 5.4039e-04    -0.0120   100.3000      98.61    209.442     4.8145 6.2021e+02          1         24 0.0000e+00
   38.98392  -68.98742    14.6844   4.345522    35.7245    133.920    134.986    14.6841   4.345598    35.7255     0.0275 5.8994e-04    -0.0130   100.3238      98.61    211.166     4.8541 6.1312e+02          1         29 0.0000e+00
   38.98392  -68.98743    14.6731   4.343886    35.7204    132.954    134.012    14.6788   4.345165    35.7268     0.0337 6.4917e-04    -0.0124   100.3105      98.60    211.772     4.8680 6.1013e+02          1         25 0.0000e+00
   38.98392  -68.98748    14.6531   4.340833    35.7115    131.978    133.027    14.6717   4.343867    35.7219     0.0239 6.9142e-04    -0.0123   100.3077      98.61    212.209     4.8780 6.1246e+02          1         23 0.0000e+00
   38.98392  -68.98748    14.6310   4.337607    35.7030    130.949    131.990    14.6577   4.341817    35.7167     0.0094 7.1533e-04    -0.0125   100.3129      98.61    212.443     4.8834 6.1502e+02          1         21 0.0000e+00
