Data/ruptures/KN207-01/QL-1/20701043.cnv
* Sea-Bird SBE 9 Data File:
* FileName = C:\Data\ctd\20701043.hex
* Software Version Seasave V 7.21e
* Temperature SN = 4406
* Conductivity SN = 1474
* Number of Bytes Per Scan = 40
* Number of Voltage Words = 5
* Number of Scans Averaged by the Deck Unit = 1
* NMEA Latitude = 38 45.09 N
* NMEA Longitude = 069 11.97 W
* NMEA UTC (Time) = Apr 27 2012 13:18:05
** R/V Knorr Cruise # KN207-01 QL1
** Chief Scientist: Ben Van Mooy
# nquan = 21
# nvalues = 396                         
# units = specified
# name 0 = latitude: Latitude [deg]
# name 1 = longitude: Longitude [deg]
# name 2 = t090C: Temperature [ITS-90, deg C]
# name 3 = c0S/m: Conductivity [S/m]
# name 4 = sal00: Salinity, Practical [PSU]
# name 5 = depSM: Depth [salt water, m]
# name 6 = prDM: Pressure, Digiquartz [db]
# name 7 = t190C: Temperature, 2 [ITS-90, deg C]
# name 8 = c1S/m: Conductivity, 2 [S/m]
# name 9 = sal11: Salinity, Practical, 2 [PSU]
# name 10 = flECO-AFL: Fluorescence, WET Labs ECO-AFL/FL [mg/m^3]
# name 11 = par: PAR/Irradiance, Biospherical/Licor
# name 12 = bat: Beam Attenuation, Chelsea/Seatech [1/m]
# name 13 = xmiss: Beam Transmission, Chelsea/Seatech [%]
# name 14 = altM: Altimeter [m]
# name 15 = sbeox0Mm/Kg: Oxygen, SBE 43 [umol/kg]
# name 16 = sbeox0ML/L: Oxygen, SBE 43 [ml/l]
# name 17 = spar: SPAR/Surface Irradiance
# name 18 = pumps: Pump Status
# name 19 = nbin: number of scans per bin
# name 20 = flag: flag
# span 0 =   38.74864,   38.75157       
# span 1 =  -69.19998,  -69.19942       
# span 2 =    11.2950,    14.7081       
# span 3 =   3.838772,   4.354077       
# span 4 =    33.1258,    35.7974       
# span 5 =      1.453,    198.276       
# span 6 =      1.464,    199.881       
# span 7 =    11.2939,    14.7078       
# span 8 =   3.873886,   4.354211       
# span 9 =    33.5739,    35.8060       
# span 10 =     0.0000,     2.3504      
# span 11 = 1.0000e-12, 2.6891e+01      
# span 12 =    -0.0079,     0.3095      
# span 13 =    92.5540,   100.1970      
# span 14 =      24.67,      98.68      
# span 15 =    141.846,    406.118      
# span 16 =     3.2614,     9.3259      
# span 17 = 1.2154e+02, 8.8728e+02      
# span 18 =          1,          1      
# span 19 =          4,       1738      
# span 20 = 0.0000e+00, 0.0000e+00      
# interval = decibars: 1                
# start_time = Apr 27 2012 13:18:05 [NMEA time, header]
# bad_flag = -9.990e-29
*END*
[from data line 69]
   38.75114  -69.19960    13.7326   4.206958    35.3374     72.377     72.940    13.7314   4.206686    35.3361     0.1485 9.4210e-03     0.0237    99.4092      98.56    228.673     5.2560 2.6382e+02          1         74 0.0000e+00
   38.75114  -69.19960    13.7953   4.215877    35.3616     73.365     73.936    13.7948   4.215581    35.3593     0.1498 4.8371e-03     0.0180    99.5513      98.55    228.002     5.2406 2.6471e+02          1         27 0.0000e+00
   38.75111  -69.19960    13.8122   4.218506    35.3701     74.402     74.981    13.8121   4.218375    35.3689     0.1029 1.7055e-03     0.0150    99.6260      98.55    227.433     5.2276 2.6545e+02          1         18 0.0000e+00
   38.75110  -69.19960    13.8365   4.222043    35.3800     75.420     76.007    13.8366   4.221723    35.3770     0.0949 1.0000e-12     0.0218    99.4574      98.55    226.906     5.2155 2.6545e+02          1         19 0.0000e+00
   38.75110  -69.19960    13.8503   4.223997    35.3852     76.423     77.019    13.8499   4.224031    35.3858     0.1011 5.3086e-05     0.0155    99.6150      98.55    226.114     5.1972 2.6525e+02          1         22 0.0000e+00
   38.75110  -69.19960    13.8387   4.222461    35.3820     77.222     77.824    13.8474   4.223731    35.3858     0.1184 4.7115e-03     0.0132    99.6716      98.55    225.662     5.1869 2.6153e+02          1         70 0.0000e+00
   38.75110  -69.19958    13.8597   4.225416    35.3898     78.412     79.023    13.8596   4.225324    35.3893     0.1160 5.0445e-03     0.0127    99.6837      98.56    226.393     5.2037 2.5988e+02          1         14 0.0000e+00
   38.75110  -69.19958    13.8688   4.226818    35.3940     79.393     80.012    13.8686   4.226736    35.3936     0.0722 6.0644e-03     0.0129    99.6779      98.56    226.702     5.2108 2.5923e+02          1         19 0.0000e+00
   38.75106  -69.19956    13.8642   4.226233    35.3932     80.384     81.012    13.8653   4.226473    35.3945     0.0970 1.8662e-03     0.0125    99.6891      98.55    224.932     5.1701 2.5383e+02          1        120 0.0000e+00
   38.75106  -69.19957    13.8717   4.227368    35.3966     81.353     81.988    13.8717   4.227453    35.3975     0.0768 9.6952e-04     0.0096    99.7594      98.55    225.182     5.1759 2.5020e+02          1         30 0.0000e+00
   38.75106  -69.19958    13.8695   4.227129    35.3963     82.362     83.005    13.8692   4.227209    35.3973     0.0733 2.3806e-03     0.0100    99.7498      98.56    224.814     5.1674 2.4977e+02          1         35 0.0000e+00
   38.75106  -69.19958    13.8438   4.224071    35.3916     83.356     84.007    13.8444   4.224382    35.3940     0.0730 1.5655e-03     0.0103    99.7425      98.56    224.267     5.1549 2.4755e+02          1         42 0.0000e+00
   38.75105  -69.19957    13.8511   4.225286    35.3956     84.359     85.019    13.8490   4.225008    35.3951     0.0824 3.5511e-03     0.0079    99.8033      98.55    224.286     5.1553 2.4338e+02          1         55 0.0000e+00
   38.75104  -69.19956    13.9142   4.234232    35.4194     85.291     85.958    13.9082   4.233072    35.4142     0.0769 3.5242e-03     0.0057    99.8577      98.55    223.154     5.1293 2.4091e+02          1         56 0.0000e+00
   38.75103  -69.19956    13.9602   4.240568    35.4352     86.266     86.940    13.9584   4.240288    35.4342     0.0693 1.6998e-03     0.0036    99.9101      98.55    221.923     5.1010 2.4001e+02          1         42 0.0000e+00
   38.75102  -69.19956    13.9653   4.241276    35.4369     87.328     88.011    13.9648   4.241259    35.4372     0.0497 1.1441e-03     0.0032    99.9204      98.56    220.807     5.0754 2.3823e+02          1         30 0.0000e+00
   38.75102  -69.19956    13.9659   4.241379    35.4372     88.439     89.131    13.9658   4.241443    35.4379     0.0653 1.9620e-03     0.0026    99.9350      98.56    220.316     5.0641 2.3554e+02          1         49 0.0000e+00
   38.75100  -69.19956    13.9874   4.244463    35.4459     89.043     89.740    13.9890   4.244359    35.4434     0.0595 7.3404e-04     0.0035    99.9128      98.55    220.365     5.0652 2.3145e+02          1         79 0.0000e+00
   38.75100  -69.19956    14.0900   4.258558    35.4803     90.247     90.954    14.0890   4.258344    35.4793     0.0436 3.9594e-04     0.0026    99.9355      98.56    220.530     5.0690 2.3044e+02          1         23 0.0000e+00
   38.75100  -69.19956    14.0961   4.259435    35.4827     91.275     91.990    14.0964   4.259464    35.4827     0.0481 1.0942e-03     0.0032    99.9221      98.55    221.026     5.0804 2.3015e+02          1         23 0.0000e+00
   38.75098  -69.19954    14.1125   4.261751    35.4890     92.422     93.146    14.1105   4.261348    35.4871     0.0305 5.0960e-04     0.0028    99.9294      98.55    219.973     5.0562 2.2855e+02          1         48 0.0000e+00
   38.75097  -69.19955    14.1262   4.263855    35.4965     93.070     93.800    14.1369   4.265257    35.4995     0.0526 2.6892e-03     0.0015    99.9625      98.56    220.333     5.0645 2.2388e+02          1         57 0.0000e+00
   38.75096  -69.19956    14.1468   4.266684    35.5035     94.267     95.006    14.1471   4.266796    35.5044     0.0456 2.5573e-03     0.0013    99.9683      98.56    220.063     5.0583 2.2273e+02          1         27 0.0000e+00
   38.75096  -69.19956    14.1520   4.267416    35.5054     95.301     96.048    14.1522   4.267478    35.5058     0.0255 2.4389e-03     0.0009    99.9773      98.56    220.206     5.0616 2.2083e+02          1         40 0.0000e+00
   38.75096  -69.19956    14.1640   4.269117    35.5098     96.218     96.973    14.1649   4.269164    35.5095     0.0477 2.3641e-03     0.0012    99.9702      98.56    219.949     5.0557 2.2026e+02          1         39 0.0000e+00
   38.75094  -69.19954    14.1842   4.271894    35.5165     97.269     98.033    14.1847   4.271919    35.5163     0.0524 2.3014e-03     0.0002    99.9968      98.56    220.145     5.0602 2.1900e+02          1         28 0.0000e+00
   38.75093  -69.19953    14.1844   4.272007    35.5176     98.349     99.121    14.1887   4.272559    35.5187     0.0455 2.0605e-03     0.0007    99.9829      98.56    219.886     5.0543 2.1434e+02          1        146 0.0000e+00
   38.75092  -69.19952    14.2000   4.274052    35.5220     99.178     99.957    14.2002   4.274105    35.5224     0.0438 1.8987e-03     0.0002    99.9948      98.56    219.698     5.0500 2.1265e+02          1         24 0.0000e+00
   38.75092  -69.19952    14.2025   4.274382    35.5224    100.181    100.968    14.2023   4.274457    35.5234     0.0429 1.0473e-03    -0.0003   100.0071      98.56    219.672     5.0493 2.1205e+02          1         16 0.0000e+00
   38.75092  -69.19952    14.2009   4.274199    35.5219    101.188    101.983    14.2016   4.274498    35.5241     0.0346 1.0000e-12     0.0001    99.9975      98.55    219.842     5.0533 2.1191e+02          1         16 0.0000e+00
   38.75090  -69.19950    14.1808   4.271920    35.5194    102.223    103.026    14.1797   4.272061    35.5218     0.0505 1.0745e-04     0.0002    99.9959      98.55    220.020     5.0574 2.1099e+02          1         17 0.0000e+00
   38.75090  -69.19950    14.1945   4.274202    35.5273    103.303    104.115    14.1936   4.273999    35.5262     0.0499 7.7240e-04     0.0004    99.9904      98.56    219.854     5.0536 2.0894e+02          1         33 0.0000e+00
   38.75090  -69.19951    14.1999   4.274805    35.5276    103.941    104.758    14.2016   4.275277    35.5305     0.0466 2.1829e-04     0.0001    99.9991      98.56    219.348     5.0419 2.0543e+02          1         32 0.0000e+00
   38.75090  -69.19952    14.2111   4.276871    35.5359    105.181    106.008    14.2113   4.276581    35.5330     0.0281 1.0000e-12    -0.0000   100.0014      98.55    219.639     5.0486 2.0442e+02          1         14 0.0000e+00
   38.75090  -69.19952    14.2344   4.280247    35.5448    106.194    107.030    14.2342   4.280056    35.5433     0.0354 1.0000e-12     0.0003    99.9941      98.55    219.645     5.0488 2.0331e+02          1         14 0.0000e+00
   38.75090  -69.19952    14.2578   4.283652    35.5540    107.180    108.023    14.2573   4.283241    35.5507     0.0509 1.0000e-12    -0.0003   100.0065      98.56    219.577     5.0472 2.0273e+02          1         17 0.0000e+00
   38.75087  -69.19949    14.2455   4.281764    35.5482    108.083    108.934    14.2544   4.283149    35.5527     0.0278 1.0000e-12    -0.0016   100.0403      98.55    218.842     5.0303 1.9683e+02          1        118 0.0000e+00
   38.75086  -69.19948    14.2962   4.288976    35.5671    109.114    109.974    14.2969   4.288906    35.5659     0.0345 1.0000e-12    -0.0025   100.0631      98.55    218.746     5.0281 1.9433e+02          1         26 0.0000e+00
   38.75086  -69.19950    14.3156   4.291646    35.5733    110.142    111.010    14.3148   4.291574    35.5735     0.0243 1.0000e-12    -0.0030   100.0751      98.55    219.023     5.0345 1.9379e+02          1         24 0.0000e+00
   38.75086  -69.19950    14.3254   4.293127    35.5777    111.120    111.996    14.3243   4.292875    35.5765     0.0217 1.0000e-12    -0.0027   100.0689      98.56    218.310     5.0181 1.9360e+02          1         19 0.0000e+00
   38.75086  -69.19950    14.3329   4.294202    35.5804    112.072    112.956    14.3328   4.294115    35.5797     0.0248 1.0000e-12    -0.0027   100.0691      98.56    217.710     5.0043 1.9195e+02          1         20 0.0000e+00
   38.75086  -69.19950    14.3520   4.297013    35.5882    113.120    114.012    14.3510   4.296746    35.5868     0.0231 1.0000e-12    -0.0014   100.0350      98.56    217.092     4.9902 1.9122e+02          1         25 0.0000e+00
   38.75085  -69.19949    14.3619   4.298402    35.5918    114.168    115.068    14.3633   4.298696    35.5933     0.0209 1.0000e-12    -0.0030   100.0759      98.56    216.742     4.9821 1.8762e+02          1         72 0.0000e+00
   38.75084  -69.19948    14.3805   4.301158    35.6000    115.021    115.929    14.3778   4.300525    35.5967     0.0483 1.0000e-12    -0.0034   100.0851      98.56    215.788     4.9602 1.8520e+02          1         36 0.0000e+00
   38.75084  -69.19948    14.4193   4.306804    35.6155    116.048    116.964    14.4190   4.306711    35.6150     0.0438 1.0000e-12    -0.0041   100.1030      98.55    215.932     4.9635 1.8328e+02          1         24 0.0000e+00
   38.75082  -69.19948    14.4283   4.308388    35.6215    117.098    118.023    14.4293   4.308293    35.6198     0.0176 1.0000e-12    -0.0037   100.0925      98.56    215.867     4.9621 1.8300e+02          1         25 0.0000e+00
   38.75080  -69.19948    14.4821   4.316082    35.6419    118.085    119.018    14.4840   4.315760    35.6372     0.0485 2.9764e-05    -0.0030   100.0767      98.56    214.489     4.9304 1.8170e+02          1         35 0.0000e+00
   38.75080  -69.19948    14.5356   4.323509    35.6601    119.006    119.946    14.5337   4.322875    35.6561     0.0360 1.0000e-12    -0.0039   100.0977      98.56    212.573     4.8863 1.8068e+02          1         25 0.0000e+00
   38.75080  -69.19948    14.5826   4.330067    35.6763    120.044    120.992    14.5843   4.329920    35.6734     0.0178 1.0000e-12    -0.0037   100.0926      98.56    213.478     4.9072 1.7951e+02          1         21 0.0000e+00
   38.75080  -69.19948    14.6056   4.333256    35.6841    121.059    122.015    14.6058   4.333141    35.6829     0.0164 1.0000e-12    -0.0034   100.0852      98.55    214.329     4.9267 1.7845e+02          1         21 0.0000e+00
   38.75078  -69.19946    14.6476   4.339180    35.6993    122.078    123.044    14.6481   4.338850    35.6959     0.0355 1.0000e-12    -0.0027   100.0670      98.56    215.636     4.9568 1.7793e+02          1         30 0.0000e+00
   38.75078  -69.19946    14.6697   4.342207    35.7073    123.048    124.021    14.6685   4.342072    35.7072     0.0395 1.0000e-12    -0.0032   100.0817      98.56    217.192     4.9926 1.7574e+02          1         65 0.0000e+00
   38.75078  -69.19946    14.6832   4.344077    35.7125    123.973    124.954    14.6828   4.344064    35.7127     0.0357 2.6812e-05    -0.0013   100.0317      98.56    217.011     4.9884 1.7407e+02          1         28 0.0000e+00
   38.75076  -69.19946    14.6856   4.344450    35.7137    125.012    126.001    14.6856   4.344518    35.7143     0.0267 1.0000e-12    -0.0040   100.1014      98.56    217.624     5.0025 1.7364e+02          1         19 0.0000e+00
   38.75076  -69.19946    14.6895   4.345194    35.7167    126.016    127.014    14.6894   4.345191    35.7168     0.0450 1.0000e-12    -0.0043   100.1073      98.56    217.310     4.9953 1.7362e+02          1         18 0.0000e+00
   38.75076  -69.19946    14.6898   4.345624    35.7203    127.031    128.037    14.6897   4.345709    35.7212     0.0175 1.0000e-12    -0.0035   100.0894      98.55    217.050     4.9893 1.7318e+02          1         22 0.0000e+00
   38.75076  -69.19946    14.6773   4.344405    35.7208    128.028    129.042    14.6772   4.344545    35.7223     0.0079 1.0000e-12    -0.0042   100.1056      98.56    216.811     4.9839 1.7228e+02          1         30 0.0000e+00
   38.75076  -69.19946    14.6737   4.344052    35.7210    128.936    129.958    14.6737   4.344128    35.7217     0.0359 7.8915e-05    -0.0052   100.1289      98.57    213.917     4.9173 1.7159e+02          1         40 0.0000e+00
   38.75074  -69.19946    14.6729   4.344001    35.7211    129.964    130.994    14.6727   4.344072    35.7219     0.0436 1.6967e-04    -0.0046   100.1158      98.57    211.163     4.8540 1.6975e+02          1         30 0.0000e+00
   38.75074  -69.19946    14.6725   4.344032    35.7216    130.969    132.007    14.6723   4.344107    35.7224     0.0230 2.1132e-04    -0.0050   100.1254      98.57    210.787     4.8454 1.6944e+02          1         26 0.0000e+00
   38.75074  -69.19946    14.6711   4.343960    35.7219    131.940    132.987    14.6709   4.344053    35.7229     0.0357 2.1298e-04    -0.0054   100.1347      98.56    210.615     4.8415 1.6920e+02          1         20 0.0000e+00
   38.75074  -69.19946    14.6691   4.343792    35.7220    132.942    133.997    14.6689   4.343870    35.7229     0.0112 1.9920e-04    -0.0056   100.1396      98.56    210.887     4.8477 1.6902e+02          1         22 0.0000e+00
   38.75073  -69.19945    14.6673   4.343641    35.7219    133.995    135.058    14.6671   4.343729    35.7229     0.0130 1.7763e-04    -0.0050   100.1244      98.56    210.932     4.8487 1.6769e+02          1         34 0.0000e+00
   38.75072  -69.19944    14.6627   4.343181    35.7218    134.861    135.932    14.6629   4.343335    35.7230     0.0163 1.6861e-04    -0.0053   100.1335      98.56    210.308     4.8344 1.6708e+02          1         51 0.0000e+00
   38.75072  -69.19944    14.6540   4.342172    35.7203    135.889    136.968    14.6532   4.342371    35.7230     0.0430 1.6732e-04    -0.0058   100.1445      98.56    209.623     4.8187 1.6720e+02          1         23 0.0000e+00
   38.75072  -69.19944    14.6473   4.341652    35.7215    136.878    137.965    14.6463   4.341279    35.7190     0.0351 1.5280e-04    -0.0046   100.1164      98.56    209.362     4.8126 1.6716e+02          1         16 0.0000e+00
   38.75071  -69.19945    14.6588   4.343349    35.7258    137.881    138.976    14.6586   4.343452    35.7269     0.0365 1.3593e-04    -0.0043   100.1083      98.57    209.412     4.8138 1.6730e+02          1         16 0.0000e+00
   38.75070  -69.19946    14.6505   4.342394    35.7245    138.905    140.009    14.6506   4.342664    35.7269     0.0250 1.5167e-04    -0.0051   100.1278      98.57    209.317     4.8116 1.6715e+02          1         15 0.0000e+00
