Data/ruptures/KN207-01/QL-1/20701018.cnv
* Sea-Bird SBE 9 Data File:
* FileName = C:\Data\ctd\20701018.hex
* Software Version Seasave V 7.21e
* Temperature SN = 4406
* Conductivity SN = 1474
* Number of Bytes Per Scan = 40
* Number of Voltage Words = 5
* Number of Scans Averaged by the Deck Unit = 1
* NMEA Latitude = 38 58.10 N
* NMEA Longitude = 068 59.84 W
* NMEA UTC (Time) = Apr 23 2012 23:59:19
** R/V Knorr Cruise # KN207-01 QL1
** Chief Scientist: Ben Van Mooy
# nquan = 21
# nvalues = 403                         
# units = specified
# name 0 = latitude: Latitude [deg]
# name 1 = longitude: Longitude [deg]
# name 2 = t090C: Temperature [ITS-90, deg C]
# name 3 = c0S/m: Conductivity [S/m]
# name 4 = sal00: Salinity, Practical [PSU]
# name 5 = depSM: Depth [salt water, m]
# name 6 = prDM: Pressure, Digiquartz [db]
# name 7 = t190C: Temperature, 2 [ITS-90, deg C]
# name 8 = c1S/m: Conductivity, 2 [S/m]
# name 9 = sal11: Salinity, Practical, 2 [PSU]
# name 10 = flECO-AFL: Fluorescence, WET Labs ECO-AFL/FL [mg/m^3]
# name 11 = par: PAR/Irradiance, Biospherical/Licor
# name 12 = bat: Beam Attenuation, Chelsea/Seatech [1/m]
# name 13 = xmiss: Beam Transmission, Chelsea/Seatech [%]
# name 14 = altM: Altimeter [m]
# name 15 = sbeox0Mm/Kg: Oxygen, SBE 43 [umol/kg]
# name 16 = sbeox0ML/L: Oxygen, SBE 43 [ml/l]
# name 17 = spar: SPAR/Surface Irradiance
# name 18 = pumps: Pump Status
# name 19 = nbin: number of scans per bin
# name 20 = flag: flag
# span 0 =   38.96630,   38.96833       
# span 1 =  -68.99776,  -68.99751       
# span 2 =    10.6590,    14.7834       
# span 3 =   3.791655,   4.367128       
# span 4 =    33.7502,    35.8222       
# span 5 =      2.131,    202.149       
# span 6 =      2.147,    203.791       
# span 7 =    10.6272,    14.7826       
# span 8 =   3.790200,   4.366475       
# span 9 =    33.9641,    35.8278       
# span 10 =    -0.0045,     3.0202      
# span 11 = 1.0000e-12, 1.2545e-01      
# span 12 =    -0.0159,     0.3355      
# span 13 =    91.9560,   100.3989      
# span 14 =       1.94,      98.62      
# span 15 =    144.100,    394.897      
# span 16 =     3.3133,     9.0697      
# span 17 = 1.3384e+01, 1.4804e+01      
# span 18 =          1,          1      
# span 19 =          7,        337      
# span 20 = 0.0000e+00, 0.0000e+00      
# interval = decibars: 1                
# start_time = Apr 23 2012 23:59:19 [NMEA time, header]
# bad_flag = -9.990e-29
*END*
[from data line 276]
   38.96740  -68.99758    14.5020   4.320367    35.6657    126.936    127.944    14.5129   4.322711    35.6771     0.0372 1.0000e-12    -0.0104   100.2619      98.57    198.392     4.5604 1.3830e+01          1         20 0.0000e+00
   38.96738  -68.99761    14.5086   4.321431    35.6687    126.232    127.234    14.5074   4.321378    35.6693     0.0277 1.0000e-12    -0.0121   100.3032      98.57    207.703     4.7745 1.3952e+01          1        114 0.0000e+00
   38.96738  -68.99758    14.4897   4.317978    35.6539    125.042    126.034    14.4883   4.317786    35.6534     0.0340 1.0000e-12    -0.0133   100.3321      98.58    213.049     4.8973 1.3570e+01          1         12 0.0000e+00
   38.96738  -68.99758    14.4890   4.317797    35.6532    124.023    125.006    14.4821   4.316713    35.6498     0.0343 1.0000e-12    -0.0123   100.3069      98.57    212.822     4.8921 1.4276e+01          1         10 0.0000e+00
   38.96738  -68.99758    14.4945   4.318553    35.6554    123.059    124.035    14.4814   4.316206    35.6460     0.0352 1.0000e-12    -0.0122   100.3043      98.57    212.531     4.8854 1.3880e+01          1          9 0.0000e+00
   38.96738  -68.99758    14.4800   4.315628    35.6424    122.056    123.023    14.4770   4.315382    35.6429     0.0416 1.0000e-12    -0.0122   100.3043      98.57    212.260     4.8792 1.4276e+01          1         10 0.0000e+00
   38.96738  -68.99758    14.4733   4.314406    35.6378    121.037    121.996    14.4704   4.314305    35.6396     0.0450 1.0000e-12    -0.0122   100.3043      98.57    211.905     4.8710 1.3632e+01          1          9 0.0000e+00
   38.96738  -68.99758    14.4645   4.312828    35.6319    120.057    121.008    14.4625   4.312713    35.6327     0.0409 1.0000e-12    -0.0121   100.3017      98.57    211.682     4.8658 1.3607e+01          1         10 0.0000e+00
   38.96738  -68.99758    14.4609   4.312190    35.6297    119.048    119.991    14.4597   4.312140    35.6303     0.0288 1.0000e-12    -0.0119   100.2973      98.58    211.439     4.8603 1.3790e+01          1         11 0.0000e+00
   38.96738  -68.99758    14.4606   4.312172    35.6301    118.032    118.966    14.4549   4.311502    35.6293     0.0281 1.0000e-12    -0.0120   100.2988      98.57    211.330     4.8578 1.4181e+01          1         14 0.0000e+00
   38.96737  -68.99760    14.4521   4.310772    35.6255    117.035    117.961    14.4520   4.310857    35.6264     0.0285 1.0000e-12    -0.0119   100.2967      98.58    211.701     4.8663 1.3646e+01          1         17 0.0000e+00
   38.96736  -68.99762    14.4459   4.309704    35.6217    116.049    116.968    14.4460   4.309994    35.6243     0.0173 1.0000e-12    -0.0121   100.3022      98.57    213.283     4.9026 1.3919e+01          1         25 0.0000e+00
   38.96736  -68.99761    14.4425   4.309223    35.6205    114.957    115.866    14.4430   4.309464    35.6222     0.0267 1.0000e-12    -0.0122   100.3037      98.57    214.834     4.9383 1.3946e+01          1        127 0.0000e+00
   38.96736  -68.99758    14.4248   4.306452    35.6115    114.133    115.035    14.4207   4.305833    35.6097     0.0286 1.0000e-12    -0.0129   100.3214      98.58    214.368     4.9276 1.4234e+01          1         21 0.0000e+00
   38.96736  -68.99758    14.4196   4.305555    35.6085    113.096    113.990    14.4110   4.304878    35.6104     0.0569 1.0000e-12    -0.0121   100.3025      98.57    214.659     4.9342 1.4181e+01          1         14 0.0000e+00
   38.96736  -68.99758    14.3901   4.301351    35.5978    112.135    113.021    14.3839   4.301041    35.6008     0.0566 1.0000e-12    -0.0120   100.3000      98.57    215.569     4.9551 1.4314e+01          1         12 0.0000e+00
   38.96736  -68.99758    14.3706   4.298675    35.5917    111.156    112.034    14.3690   4.298823    35.5946     0.0209 1.0000e-12    -0.0121   100.3020      98.57    216.153     4.9685 1.4195e+01          1         11 0.0000e+00
   38.96736  -68.99758    14.3419   4.294640    35.5818    110.090    110.960    14.3405   4.295655    35.5925     0.0211 1.0000e-12    -0.0121   100.3017      98.57    216.357     4.9733 1.4276e+01          1         10 0.0000e+00
   38.96736  -68.99758    14.3136   4.290694    35.5723    109.136    109.998    14.3209   4.292300    35.5802     0.0541 1.0000e-12    -0.0117   100.2914      98.57    216.241     4.9706 1.3384e+01          1         10 0.0000e+00
   38.96734  -68.99758    14.2807   4.286125    35.5611    108.182    109.036    14.2968   4.288958    35.5722     0.0594 1.0000e-12    -0.0113   100.2833      98.58    216.123     4.9678 1.3790e+01          1         11 0.0000e+00
   38.96734  -68.99758    14.2540   4.282493    35.5528    107.141    107.987    14.2568   4.283482    35.5594     0.0416 1.0000e-12    -0.0109   100.2735      98.58    216.326     4.9725 1.4425e+01          1         15 0.0000e+00
   38.96734  -68.99758    14.2110   4.276500    35.5378    106.059    106.896    14.2110   4.277002    35.5425     0.0313 1.0000e-12    -0.0102   100.2560      98.58    217.193     4.9924 1.4009e+01          1         25 0.0000e+00
   38.96734  -68.99758    14.2919   4.287785    35.5655    105.342    106.173    14.2838   4.286649    35.5625     0.0255 1.0000e-12    -0.0104   100.2594      98.57    218.333     5.0186 1.3983e+01          1         67 0.0000e+00
   38.96734  -68.99760    14.2472   4.281728    35.5515    104.173    104.994    14.2417   4.281591    35.5554     0.0284 1.0000e-12    -0.0109   100.2731      98.56    218.424     5.0207 1.4101e+01          1         28 0.0000e+00
   38.96734  -68.99760    14.1515   4.268012    35.5145    103.195    104.008    14.1490   4.268488    35.5212     0.0369 1.0000e-12    -0.0099   100.2488      98.58    217.924     5.0092 1.4009e+01          1         25 0.0000e+00
   38.96734  -68.99760    14.1131   4.262580    35.5001    102.216    103.021    14.0915   4.259886    35.4954     0.0478 1.0000e-12    -0.0091   100.2285      98.57    217.802     5.0064 1.4165e+01          1         20 0.0000e+00
   38.96734  -68.99760    14.0751   4.257154    35.4854    101.234    102.032    14.0714   4.257070    35.4880     0.0440 1.0000e-12    -0.0090   100.2245      98.59    219.127     5.0368 1.4089e+01          1         19 0.0000e+00
   38.96734  -68.99760    14.0452   4.252949    35.4744    100.195    100.984    14.0474   4.253535    35.4776     0.0356 1.0000e-12    -0.0094   100.2358      98.57    220.115     5.0595 1.3809e+01          1         21 0.0000e+00
   38.96733  -68.99757    14.0289   4.250751    35.4688     99.159     99.940    14.0260   4.250728    35.4713     0.0326 1.0000e-12    -0.0089   100.2210      98.58    220.628     5.0713 1.4128e+01          1         33 0.0000e+00
   38.96732  -68.99756    14.0213   4.249719    35.4658     98.266     99.039    14.0200   4.249693    35.4667     0.0406 1.0000e-12    -0.0091   100.2279      98.58    221.546     5.0924 1.3818e+01          1         36 0.0000e+00
   38.96732  -68.99756    14.0213   4.249597    35.4645     97.276     98.041    14.0192   4.249426    35.4647     0.0539 1.0000e-12    -0.0096   100.2393      98.57    221.627     5.0943 1.3909e+01          1         17 0.0000e+00
   38.96732  -68.99756    14.0183   4.249187    35.4635     96.286     97.043    14.0184   4.249241    35.4638     0.0420 1.0000e-12    -0.0095   100.2384      98.58    221.819     5.0987 1.3942e+01          1         16 0.0000e+00
   38.96732  -68.99756    14.0060   4.247427    35.4589     95.213     95.962    14.0014   4.247529    35.4642     0.0136 1.0000e-12    -0.0090   100.2252      98.59    222.022     5.1033 1.4414e+01          1         13 0.0000e+00
   38.96732  -68.99756    13.9784   4.243684    35.4502     94.211     94.952    13.9778   4.244012    35.4538     0.0260 1.0000e-12    -0.0090   100.2235      98.57    222.105     5.1052 1.3862e+01          1         14 0.0000e+00
   38.96730  -68.99760    13.9761   4.243347    35.4493     93.203     93.935    13.9716   4.242858    35.4490     0.0358 1.0000e-12    -0.0087   100.2166      98.58    221.827     5.0989 1.4171e+01          1         17 0.0000e+00
   38.96730  -68.99760    13.9719   4.242700    35.4472     92.234     92.958    13.9720   4.242843    35.4484     0.0508 1.0000e-12    -0.0079   100.1965      98.58    221.674     5.0953 1.4320e+01          1         31 0.0000e+00
   38.96730  -68.99760    13.9728   4.242743    35.4465     91.336     92.053    13.9722   4.242762    35.4472     0.0458 1.0000e-12    -0.0087   100.2167      98.58    222.195     5.1073 1.3942e+01          1         44 0.0000e+00
   38.96730  -68.99760    13.9680   4.242026    35.4442     90.321     91.030    13.9698   4.242388    35.4459     0.0404 1.0000e-12    -0.0088   100.2186      98.58    222.452     5.1132 1.4425e+01          1         30 0.0000e+00
   38.96730  -68.99758    13.9441   4.238815    35.4369     89.325     90.026    13.9416   4.238910    35.4402     0.0469 1.0000e-12    -0.0086   100.2138      98.58    222.590     5.1164 1.4009e+01          1         25 0.0000e+00
   38.96730  -68.99758    13.8912   4.231380    35.4177     88.339     89.032    13.8922   4.232644    35.4286     0.0436 1.0000e-12    -0.0081   100.2015      98.59    222.827     5.1218 1.3854e+01          1         19 0.0000e+00
   38.96730  -68.99758    13.8540   4.226365    35.4060     87.338     88.023    13.8568   4.227071    35.4100     0.0445 1.0000e-12    -0.0070   100.1758      98.58    222.692     5.1187 1.3942e+01          1         20 0.0000e+00
   38.96730  -68.99758    13.8388   4.224255    35.4006     86.328     87.005    13.8346   4.224034    35.4025     0.0440 1.0000e-12    -0.0071   100.1772      98.58    222.457     5.1133 1.3971e+01          1         19 0.0000e+00
   38.96730  -68.99758    13.8339   4.223547    35.3986     85.310     85.979    13.8278   4.222972    35.3989     0.0553 1.0000e-12    -0.0072   100.1795      98.58    222.620     5.1170 1.4260e+01          1         28 0.0000e+00
   38.96728  -68.99761    13.8254   4.222358    35.3954     84.333     84.993    13.8226   4.222097    35.3955     0.0508 1.0000e-12    -0.0074   100.1857      98.58    223.398     5.1349 1.3672e+01          1         31 0.0000e+00
   38.96728  -68.99762    13.8137   4.220575    35.3896     83.375     84.028    13.8040   4.219729    35.3908     0.0499 1.0000e-12    -0.0069   100.1720      98.58    223.734     5.1426 1.4210e+01          1         27 0.0000e+00
   38.96728  -68.99762    13.7799   4.215689    35.3758     82.400     83.045    13.7762   4.215655    35.3789     0.0496 1.0000e-12    -0.0062   100.1562      98.59    224.047     5.1498 1.4234e+01          1         21 0.0000e+00
   38.96728  -68.99762    13.7570   4.212343    35.3662     81.392     82.029    13.7576   4.212674    35.3686     0.0510 1.0000e-12    -0.0064   100.1596      98.59    224.190     5.1531 1.3971e+01          1         19 0.0000e+00
   38.96728  -68.99762    13.7400   4.209972    35.3601     80.388     81.017    13.7356   4.209967    35.3641     0.0652 1.0000e-12    -0.0057   100.1433      98.58    224.105     5.1511 1.4441e+01          1         19 0.0000e+00
   38.96728  -68.99760    13.7230   4.207592    35.3539     79.355     79.976    13.7202   4.207467    35.3553     0.0649 1.0000e-12    -0.0049   100.1228      98.59    223.653     5.1407 1.4081e+01          1         16 0.0000e+00
   38.96728  -68.99758    13.6749   4.200577    35.3338     78.365     78.977    13.6733   4.201812    35.3468     0.0644 1.0000e-12    -0.0049   100.1228      98.58    223.265     5.1318 1.4360e+01          1         16 0.0000e+00
   38.96728  -68.99758    13.6158   4.192625    35.3150     77.387     77.992    13.6207   4.194286    35.3259     0.0584 1.0000e-12    -0.0034   100.0859      98.58    223.423     5.1354 1.3802e+01          1         16 0.0000e+00
   38.96728  -68.99758    13.5919   4.189263    35.3058     76.428     77.025    13.5744   4.187950    35.3100     0.0592 1.0000e-12    -0.0029   100.0719      98.58    224.013     5.1489 1.4160e+01          1         23 0.0000e+00
   38.96727  -68.99759    13.5537   4.184228    35.2934     75.403     75.992    13.5585   4.185417    35.3000     0.0723 1.0000e-12    -0.0020   100.0507      98.58    225.658     5.1867 1.4244e+01          1         83 0.0000e+00
   38.96726  -68.99760    13.4558   4.171072    35.2610     74.487     75.068    13.4278   4.167219    35.2512     0.0799 1.0000e-12    -0.0019   100.0482      98.58    225.913     5.1926 1.4260e+01          1         28 0.0000e+00
   38.96726  -68.99760    13.4212   4.166068    35.2463     73.461     74.034    13.4027   4.164668    35.2504     0.0814 1.0000e-12    -0.0019   100.0473      98.58    225.863     5.1914 1.4089e+01          1         19 0.0000e+00
   38.96726  -68.99760    13.3371   4.154843    35.2198     72.474     73.040    13.3362   4.156001    35.2315     0.0789 1.0000e-12    -0.0003   100.0087      98.58    227.421     5.2272 1.3862e+01          1         14 0.0000e+00
   38.96726  -68.99760    13.3016   4.150168    35.2092     71.473     72.031    13.3010   4.150615    35.2137     0.0875 1.0000e-12    -0.0006   100.0157      98.58    227.830     5.2366 1.3899e+01          1         13 0.0000e+00
   38.96726  -68.99760    13.2726   4.146194    35.1989     70.459     71.009    13.2717   4.147214    35.2093     0.0941 1.0000e-12    -0.0001   100.0029      98.58    227.598     5.2313 1.4804e+01          1         11 0.0000e+00
   38.96725  -68.99759    13.2242   4.139662    35.1830     69.452     69.994    13.2266   4.140905    35.1923     0.0934 1.0000e-12     0.0018    99.9538      98.59    227.489     5.2287 1.4804e+01          1         11 0.0000e+00
   38.96724  -68.99758    13.2053   4.137103    35.1765     68.447     68.981    13.2020   4.137388    35.1822     0.0954 1.0000e-12     0.0019    99.9514      98.58    227.806     5.2360 1.3790e+01          1         11 0.0000e+00
   38.96724  -68.99758    13.1790   4.133612    35.1682     67.447     67.972    13.1862   4.135086    35.1753     0.0994 1.0000e-12     0.0020    99.9509      98.58    228.134     5.2436 1.3570e+01          1         12 0.0000e+00
   38.96724  -68.99758    13.1532   4.130160    35.1598     66.426     66.943    13.1552   4.131890    35.1742     0.1105 1.0000e-12     0.0019    99.9513      98.58    228.718     5.2569 1.3830e+01          1         15 0.0000e+00
   38.96724  -68.99759    13.0969   4.123008    35.1428     65.325     65.833    13.0888   4.121992    35.1406     0.1129 1.0000e-12     0.0026    99.9340      98.58    230.153     5.2900 1.3913e+01          1        118 0.0000e+00
   38.96724  -68.99760    13.1394   4.128261    35.1498     64.511     65.013    13.1177   4.125354    35.1426     0.1156 1.0000e-12     0.0020    99.9509      98.58    228.441     5.2506 1.4388e+01          1         20 0.0000e+00
   38.96724  -68.99760    12.9535   4.103248    35.0886     63.504     63.998    12.9603   4.109024    35.1371     0.1100 1.0000e-12     0.0026    99.9345      98.58    230.454     5.2968 1.4070e+01          1         13 0.0000e+00
   38.96724  -68.99760    12.8141   4.085154    35.0484     62.549     63.036    12.7267   4.076986    35.0534     0.1168 1.0000e-12     0.0046    99.8851      98.57    232.629     5.3468 1.3899e+01          1         13 0.0000e+00
   38.96724  -68.99760    12.6983   4.069550    35.0088     61.529     62.007    12.6619   4.065842    35.0076     0.1251 1.0000e-12     0.0079    99.8022      98.58    233.153     5.3588 1.4276e+01          1         15 0.0000e+00
   38.96724  -68.99760    12.6311   4.060737    34.9876     60.494     60.965    12.6153   4.060219    34.9974     0.1468 1.0000e-12     0.0108    99.7324      98.58    231.865     5.3291 1.4221e+01          1         16 0.0000e+00
