Data/ruptures/KN207-01/QL-1/20701038.cnv
* Sea-Bird SBE 9 Data File:
* FileName = C:\Data\ctd\20701038.hex
* Software Version Seasave V 7.21e
* Temperature SN = 4406
* Conductivity SN = 1474
* Number of Bytes Per Scan = 40
* Number of Voltage Words = 5
* Number of Scans Averaged by the Deck Unit = 1
* NMEA Latitude = 38 48.13 N
* NMEA Longitude = 069 08.19 W
* NMEA UTC (Time) = Apr 26 2012 14:08:12
** R/V Knorr Cruise # KN207-01 QL1
** Chief Scientist: Ben Van Mooy
# nquan = 21
# nvalues = 398                         
# units = specified
# name 0 = latitude: Latitude [deg]
# name 1 = longitude: Longitude [deg]
# name 2 = t090C: Temperature [ITS-90, deg C]
# name 3 = c0S/m: Conductivity [S/m]
# name 4 = sal00: Salinity, Practical [PSU]
# name 5 = depSM: Depth [salt water, m]
# name 6 = prDM: Pressure, Digiquartz [db]
# name 7 = t190C: Temperature, 2 [ITS-90, deg C]
# name 8 = c1S/m: Conductivity, 2 [S/m]
# name 9 = sal11: Salinity, Practical, 2 [PSU]
# name 10 = flECO-AFL: Fluorescence, WET Labs ECO-AFL/FL [mg/m^3]
# name 11 = par: PAR/Irradiance, Biospherical/Licor
# name 12 = bat: Beam Attenuation, Chelsea/Seatech [1/m]
# name 13 = xmiss: Beam Transmission, Chelsea/Seatech [%]
# name 14 = altM: Altimeter [m]
# name 15 = sbeox0Mm/Kg: Oxygen, SBE 43 [umol/kg]
# name 16 = sbeox0ML/L: Oxygen, SBE 43 [ml/l]
# name 17 = spar: SPAR/Surface Irradiance
# name 18 = pumps: Pump Status
# name 19 = nbin: number of scans per bin
# name 20 = flag: flag
# span 0 =   38.80214,   38.80234       
# span 1 =  -69.13814,  -69.13663       
# span 2 =    11.3166,    14.6868       
# span 3 =   3.863791,   4.352981       
# span 4 =    33.8116,    35.8267       
# span 5 =      3.029,    199.884       
# span 6 =      3.052,    201.504       
# span 7 =    11.3029,    14.6867       
# span 8 =   3.863937,   4.353045       
# span 9 =    33.8020,    35.8296       
# span 10 =    -0.0040,     2.9769      
# span 11 = 1.0000e-12, 1.2187e+01      
# span 12 =    -0.0143,     0.3197      
# span 13 =    92.3190,   100.3579      
# span 14 =       6.64,      98.63      
# span 15 =    144.971,    436.462      
# span 16 =     3.3332,    10.0247      
# span 17 = 2.1342e+03, 2.6114e+03      
# span 18 =          1,          1      
# span 19 =          1,        617      
# span 20 = 0.0000e+00, 0.0000e+00      
# interval = decibars: 1                
# start_time = Apr 26 2012 14:08:12 [NMEA time, header]
# bad_flag = -9.990e-29
*END*
[from data line 69]
   38.80230  -69.13688    13.6896   4.201591    35.3258     72.556     73.121    13.6887   4.201424    35.3250     0.1437 3.1938e-04     0.0131    99.6730      98.53    228.807     5.2591 2.5004e+03          1         82 0.0000e+00
   38.80230  -69.13688    13.6951   4.202349    35.3278     73.378     73.950    13.6917   4.201843    35.3262     0.1594 6.9250e-03     0.0118    99.7067      98.53    228.507     5.2522 2.5119e+03          1         32 0.0000e+00
   38.80230  -69.13688    13.7007   4.203126    35.3296     74.424     75.005    13.7002   4.203034    35.3292     0.1448 3.8603e-03     0.0120    99.6993      98.53    228.537     5.2529 2.5296e+03          1         28 0.0000e+00
   38.80231  -69.13688    13.7031   4.203481    35.3306     75.462     76.050    13.7026   4.203432    35.3305     0.1537 9.1883e-04     0.0108    99.7308      98.53    229.020     5.2640 2.5450e+03          1         71 0.0000e+00
   38.80232  -69.13688    13.7396   4.208272    35.3408     76.371     76.967    13.7394   4.207852    35.3371     0.1560 1.0000e-12     0.0118    99.7068      98.53    228.437     5.2506 2.5411e+03          1         37 0.0000e+00
   38.80232  -69.13688    13.7509   4.209759    35.3440     77.477     78.082    13.7499   4.209702    35.3443     0.1427 1.0000e-12     0.0113    99.7192      98.53    228.409     5.2500 2.5387e+03          1         42 0.0000e+00
   38.80232  -69.13690    13.7523   4.210050    35.3454     78.323     78.934    13.7536   4.210190    35.3455     0.1390 1.2551e-03     0.0114    99.7164      98.53    228.546     5.2531 2.5174e+03          1         55 0.0000e+00
   38.80232  -69.13690    13.7682   4.212369    35.3520     79.386     80.006    13.7675   4.212220    35.3512     0.1439 2.1486e-04     0.0113    99.7174      98.53    228.098     5.2428 2.5208e+03          1         36 0.0000e+00
   38.80232  -69.13690    13.7991   4.216607    35.3625     80.393     81.021    13.7980   4.216375    35.3613     0.1303 9.3377e-04     0.0123    99.6930      98.54    227.957     5.2396 2.5336e+03          1         77 0.0000e+00
   38.80232  -69.13690    13.8016   4.217047    35.3643     81.303     81.938    13.8023   4.217289    35.3659     0.1253 4.0371e-03     0.0078    99.8060      98.53    226.852     5.2142 2.5217e+03          1         31 0.0000e+00
   38.80232  -69.13690    13.7866   4.215192    35.3609     82.373     83.017    13.7926   4.216292    35.3655     0.1006 1.4841e-04     0.0065    99.8370      98.53    226.515     5.2065 2.5147e+03          1         28 0.0000e+00
   38.80232  -69.13691    13.7662   4.212724    35.3567     83.410     84.062    13.7711   4.213468    35.3590     0.0992 2.4909e-03     0.0052    99.8695      98.53    225.944     5.1934 2.5237e+03          1         69 0.0000e+00
   38.80232  -69.13692    13.7488   4.210565    35.3525     84.323     84.982    13.7469   4.210537    35.3541     0.1065 3.7729e-03     0.0045    99.8874      98.54    225.958     5.1937 2.5255e+03          1         37 0.0000e+00
   38.80232  -69.13692    13.7403   4.209563    35.3506     85.443     86.111    13.7398   4.209573    35.3512     0.1094 5.6250e-03     0.0044    99.8902      98.54    225.795     5.1899 2.5148e+03          1         64 0.0000e+00
   38.80232  -69.13692    13.7357   4.209059    35.3497     86.285     86.960    13.7361   4.209244    35.3511     0.0977 5.7374e-03     0.0029    99.9282      98.54    226.210     5.1995 2.5053e+03          1         35 0.0000e+00
   38.80232  -69.13692    13.7272   4.208036    35.3477     87.364     88.048    13.7263   4.208094    35.3490     0.0771 3.3293e-04     0.0039    99.9027      98.53    226.432     5.2046 2.5075e+03          1         29 0.0000e+00
   38.80232  -69.13693    13.7176   4.206859    35.3451     88.302     88.993    13.7176   4.207013    35.3466     0.0851 2.9371e-03     0.0035    99.9124      98.54    226.157     5.1982 2.5143e+03          1         69 0.0000e+00
   38.80232  -69.13694    13.7153   4.206859    35.3467     89.333     90.032    13.7151   4.206792    35.3462     0.0861 1.0000e-12     0.0024    99.9409      98.53    225.682     5.1873 2.5030e+03          1         37 0.0000e+00
   38.80232  -69.13694    13.7596   4.213257    35.3642     90.356     91.064    13.7585   4.212854    35.3614     0.0698 3.2285e-03    -0.0014   100.0351      98.53    224.729     5.1655 2.4744e+03          1         57 0.0000e+00
   38.80232  -69.13694    13.8028   4.219377    35.3805     91.248     91.963    13.8047   4.219314    35.3781     0.0521 7.5057e-04    -0.0026   100.0661      98.54    223.381     5.1345 2.4647e+03          1         41 0.0000e+00
   38.80232  -69.13694    13.8568   4.226808    35.3990     92.295     93.019    13.8569   4.226714    35.3980     0.0536 3.7878e-03    -0.0035   100.0877      98.54    223.235     5.1311 2.4422e+03          1         42 0.0000e+00
   38.80233  -69.13695    13.8860   4.230672    35.4078     93.267     93.999    13.8859   4.230672    35.4078     0.0612 6.7995e-03    -0.0042   100.1045      98.54    222.803     5.1212 2.4253e+03          1         53 0.0000e+00
   38.80234  -69.13696    13.9098   4.233986    35.4165     94.246     94.985    13.9117   4.234112    35.4159     0.0479 1.7393e-03    -0.0048   100.1205      98.54    222.524     5.1148 2.3932e+03          1         46 0.0000e+00
   38.80234  -69.13696    13.9602   4.240982    35.4343     95.243     95.991    13.9584   4.240469    35.4313     0.0356 1.8619e-03    -0.0042   100.1045      98.54    222.535     5.1151 2.3946e+03          1         44 0.0000e+00
   38.80234  -69.13696    14.0007   4.246730    35.4501     96.237     96.993    14.0019   4.246700    35.4486     0.0400 7.5312e-03    -0.0055   100.1364      98.54    221.995     5.1027 2.4096e+03          1         43 0.0000e+00
   38.80234  -69.13696    14.0433   4.252680    35.4658     97.230     97.994    14.0394   4.252078    35.4638     0.0423 1.8535e-04    -0.0063   100.1567      98.54    221.669     5.0952 2.4030e+03          1         51 0.0000e+00
   38.80234  -69.13696    14.0584   4.254776    35.4715     98.209     98.981    14.0579   4.254751    35.4718     0.0537 1.0053e-03    -0.0067   100.1667      98.54    221.052     5.0810 2.3652e+03          1         51 0.0000e+00
   38.80234  -69.13696    14.0584   4.254956    35.4735     99.217     99.997    14.0584   4.255046    35.4743     0.0403 2.7643e-04    -0.0076   100.1887      98.53    221.028     5.0805 2.2713e+03          1         46 0.0000e+00
   38.80234  -69.13696    14.0791   4.258049    35.4828    100.223    101.010    14.0769   4.257575    35.4805     0.0417 5.5626e-05    -0.0071   100.1770      98.53    220.647     5.0718 2.2299e+03          1         42 0.0000e+00
   38.80234  -69.13698    14.0949   4.260235    35.4884    101.219    102.015    14.0944   4.260213    35.4886     0.0538 1.4213e-04    -0.0072   100.1799      98.54    220.651     5.0719 2.3522e+03          1         44 0.0000e+00
   38.80234  -69.13698    14.1026   4.261297    35.4911    102.165    102.968    14.1018   4.261182    35.4907     0.0398 1.1156e-04    -0.0072   100.1806      98.54    220.659     5.0720 2.3999e+03          1         48 0.0000e+00
   38.80234  -69.13699    14.1360   4.265928    35.5026    103.169    103.981    14.1358   4.265706    35.5007     0.0385 1.8514e-03    -0.0066   100.1661      98.54    220.298     5.0638 2.3942e+03          1         37 0.0000e+00
   38.80234  -69.13700    14.1485   4.267847    35.5087    104.198    105.018    14.1489   4.268000    35.5098     0.0464 9.7702e-04    -0.0073   100.1816      98.54    220.249     5.0626 2.3986e+03          1         40 0.0000e+00
   38.80234  -69.13700    14.1457   4.267679    35.5098    105.149    105.977    14.1453   4.267721    35.5105     0.0255 1.5137e-04    -0.0085   100.2124      98.54    219.885     5.0543 2.3829e+03          1         33 0.0000e+00
   38.80234  -69.13700    14.1500   4.268418    35.5124    106.169    107.005    14.1504   4.268417    35.5121     0.0392 1.0000e-12    -0.0080   100.1999      98.54    220.158     5.0606 2.3591e+03          1         32 0.0000e+00
   38.80234  -69.13700    14.1643   4.270454    35.5177    107.153    107.996    14.1644   4.270506    35.5180     0.0403 6.4791e-04    -0.0062   100.1545      98.54    219.656     5.0490 2.3350e+03          1         35 0.0000e+00
   38.80234  -69.13700    14.1706   4.271364    35.5200    108.121    108.973    14.1700   4.271323    35.5202     0.0391 1.0000e-12    -0.0076   100.1896      98.54    219.671     5.0494 2.2952e+03          1         28 0.0000e+00
   38.80234  -69.13700    14.1759   4.272044    35.5211    109.151    110.011    14.1754   4.272071    35.5219     0.0217 1.0000e-12    -0.0073   100.1820      98.54    220.166     5.0607 2.2715e+03          1         29 0.0000e+00
   38.80234  -69.13700    14.2001   4.275603    35.5311    110.106    110.974    14.2011   4.275610    35.5302     0.0220 1.0000e-12    -0.0070   100.1749      98.54    220.045     5.0580 2.2556e+03          1         29 0.0000e+00
   38.80234  -69.13702    14.2238   4.279077    35.5409    111.080    111.956    14.2233   4.278825    35.5390     0.0341 1.0000e-12    -0.0067   100.1678      98.56    220.023     5.0575 2.2376e+03          1         29 0.0000e+00
   38.80234  -69.13702    14.2461   4.282377    35.5503    112.077    112.961    14.2452   4.282031    35.5480     0.0288 1.0000e-12    -0.0073   100.1828      98.55    219.444     5.0442 2.2415e+03          1         22 0.0000e+00
   38.80234  -69.13702    14.2667   4.285307    35.5578    113.127    114.020    14.2665   4.285159    35.5567     0.0450 1.0000e-12    -0.0077   100.1917      98.54    219.230     5.0393 2.2579e+03          1         21 0.0000e+00
   38.80234  -69.13702    14.2815   4.287394    35.5632    114.092    114.992    14.2817   4.287326    35.5624     0.0434 3.4625e-04    -0.0078   100.1943      98.53    219.044     5.0350 2.2597e+03          1         25 0.0000e+00
   38.80234  -69.13702    14.2981   4.289730    35.5691    115.090    115.999    14.2980   4.289630    35.5682     0.0310 1.0000e-12    -0.0072   100.1813      98.54    219.132     5.0370 2.2639e+03          1         28 0.0000e+00
   38.80234  -69.13702    14.3090   4.291331    35.5737    116.080    116.996    14.3081   4.291200    35.5732     0.0396 1.0000e-12    -0.0080   100.1997      98.54    218.893     5.0315 2.3058e+03          1         28 0.0000e+00
   38.80234  -69.13702    14.3251   4.293633    35.5797    117.018    117.943    14.3250   4.293494    35.5785     0.0210 1.0000e-12    -0.0080   100.2003      98.54    218.314     5.0183 2.3173e+03          1         21 0.0000e+00
   38.80234  -69.13702    14.3441   4.296267    35.5861    118.037    118.970    14.3438   4.296139    35.5851     0.0147 4.7522e-05    -0.0067   100.1685      98.54    217.989     5.0108 2.2936e+03          1         21 0.0000e+00
   38.80234  -69.13702    14.3556   4.297897    35.5902    119.045    119.986    14.3559   4.297867    35.5896     0.0212 1.0000e-12    -0.0079   100.1968      98.54    218.104     5.0134 2.2711e+03          1         22 0.0000e+00
   38.80234  -69.13702    14.3707   4.300038    35.5957    120.045    120.994    14.3702   4.299815    35.5941     0.0348 1.0000e-12    -0.0077   100.1926      98.54    217.749     5.0053 2.2489e+03          1         26 0.0000e+00
   38.80234  -69.13702    14.3899   4.302652    35.6017    121.046    122.003    14.3893   4.302639    35.6022     0.0446 1.0000e-12    -0.0074   100.1847      98.54    216.939     4.9866 2.2218e+03          1         23 0.0000e+00
   38.80234  -69.13702    14.3953   4.303456    35.6040    122.019    122.985    14.3940   4.303242    35.6032     0.0370 1.0000e-12    -0.0086   100.2150      98.54    217.236     4.9935 2.2183e+03          1         19 0.0000e+00
   38.80234  -69.13702    14.4068   4.305065    35.6079    123.017    123.990    14.4081   4.305157    35.6075     0.0468 1.0000e-12    -0.0100   100.2495      98.54    217.327     4.9956 2.2373e+03          1         23 0.0000e+00
   38.80234  -69.13702    14.4196   4.306806    35.6118    124.009    124.991    14.4195   4.306819    35.6120     0.0293 1.0000e-12    -0.0107   100.2681      98.54    216.934     4.9865 2.2636e+03          1         27 0.0000e+00
   38.80234  -69.13703    14.4308   4.308462    35.6166    125.018    126.008    14.4302   4.308326    35.6159     0.0415 1.0000e-12    -0.0108   100.2714      98.54    216.982     4.9876 2.2953e+03          1         32 0.0000e+00
   38.80234  -69.13704    14.4439   4.310424    35.6224    126.026    127.024    14.4437   4.310357    35.6219     0.0461 1.0000e-12    -0.0113   100.2835      98.54    216.367     4.9735 2.3137e+03          1         26 0.0000e+00
   38.80234  -69.13704    14.4559   4.312322    35.6284    126.972    127.978    14.4559   4.312209    35.6274     0.0500 5.7840e-06    -0.0118   100.2940      98.54    215.999     4.9651 2.3225e+03          1         20 0.0000e+00
   38.80234  -69.13704    14.4765   4.315423    35.6375    127.939    128.953    14.4760   4.315228    35.6361     0.0342 1.0000e-12    -0.0116   100.2896      98.54    215.665     4.9574 2.3244e+03          1         21 0.0000e+00
   38.80234  -69.13704    14.4853   4.316723    35.6411    128.978    130.001    14.4850   4.316658    35.6407     0.0493 1.0000e-12    -0.0112   100.2799      98.54    215.612     4.9562 2.3203e+03          1         20 0.0000e+00
   38.80234  -69.13704    14.4987   4.318839    35.6478    130.004    131.035    14.4985   4.318673    35.6465     0.0503 1.0000e-12    -0.0116   100.2908      98.54    215.663     4.9574 2.3137e+03          1         21 0.0000e+00
   38.80234  -69.13704    14.5177   4.321839    35.6575    130.985    132.025    14.5174   4.321699    35.6565     0.0378 1.0000e-12    -0.0110   100.2763      98.54    214.903     4.9399 2.3068e+03          1         22 0.0000e+00
   38.80234  -69.13704    14.5234   4.322716    35.6602    131.943    132.991    14.5232   4.322705    35.6603     0.0379 1.0000e-12    -0.0110   100.2752      98.54    214.301     4.9261 2.2982e+03          1         30 0.0000e+00
   38.80234  -69.13704    14.5326   4.324222    35.6654    132.928    133.984    14.5324   4.324159    35.6650     0.0326 1.0000e-12    -0.0115   100.2875      98.54    213.800     4.9146 2.3033e+03          1         29 0.0000e+00
   38.80234  -69.13704    14.5432   4.325944    35.6712    133.942    135.005    14.5429   4.325804    35.6702     0.0287 1.0000e-12    -0.0117   100.2930      98.54    213.300     4.9031 2.3187e+03          1         25 0.0000e+00
   38.80233  -69.13705    14.5627   4.329279    35.6835    134.936    136.008    14.5624   4.329092    35.6820     0.0503 1.0000e-12    -0.0119   100.2982      98.54    212.941     4.8949 2.3217e+03          1         21 0.0000e+00
   38.80232  -69.13706    14.5709   4.330630    35.6881    135.913    136.993    14.5708   4.330645    35.6883     0.0373 1.0000e-12    -0.0123   100.3065      98.54    212.543     4.8857 2.2915e+03          1         23 0.0000e+00
   38.80232  -69.13706    14.5755   4.331445    35.6911    136.910    137.998    14.5752   4.331423    35.6912     0.0243 1.0000e-12    -0.0123   100.3075      98.54    211.762     4.8678 2.2492e+03          1         24 0.0000e+00
   38.80232  -69.13706    14.5797   4.332182    35.6938    137.916    139.013    14.5796   4.332184    35.6939     0.0402 9.3819e-05    -0.0123   100.3063      98.54    210.997     4.8502 2.2321e+03          1         26 0.0000e+00
   38.80232  -69.13706    14.5857   4.333284    35.6981    138.903    140.007    14.5856   4.333291    35.6983     0.0379 1.0000e-12    -0.0124   100.3094      98.54    210.877     4.8475 2.2397e+03          1         20 0.0000e+00
