Data/ruptures/KN207-01/QL-1/20701022.cnv
* Sea-Bird SBE 9 Data File:
* FileName = C:\Data\ctd\20701022.hex
* Software Version Seasave V 7.21e
* Temperature SN = 4406
* Conductivity SN = 1474
* Number of Bytes Per Scan = 40
* Number of Voltage Words = 5
* Number of Scans Averaged by the Deck Unit = 1
* NMEA Latitude = 38 57.42 N
* NMEA Longitude = 068 57.16 W
* NMEA UTC (Time) = Apr 24 2012 15:29:15
** R/V Knorr Cruise # KN207-01 QL1
** Chief Scientist: Ben Van Mooy
# nquan = 21
# nvalues = 403                         
# units = specified
# name 0 = latitude: Latitude [deg]
# name 1 = longitude: Longitude [deg]
# name 2 = t090C: Temperature [ITS-90, deg C]
# name 3 = c0S/m: Conductivity [S/m]
# name 4 = sal00: Salinity, Practical [PSU]
# name 5 = depSM: Depth [salt water, m]
# name 6 = prDM: Pressure, Digiquartz [db]
# name 7 = t190C: Temperature, 2 [ITS-90, deg C]
# name 8 = c1S/m: Conductivity, 2 [S/m]
# name 9 = sal11: Salinity, Practical, 2 [PSU]
# name 10 = flECO-AFL: Fluorescence, WET Labs ECO-AFL/FL [mg/m^3]
# name 11 = par: PAR/Irradiance, Biospherical/Licor
# name 12 = bat: Beam Attenuation, Chelsea/Seatech [1/m]
# name 13 = xmiss: Beam Transmission, Chelsea/Seatech [%]
# name 14 = altM: Altimeter [m]
# name 15 = sbeox0Mm/Kg: Oxygen, SBE 43 [umol/kg]
# name 16 = sbeox0ML/L: Oxygen, SBE 43 [ml/l]
# name 17 = spar: SPAR/Surface Irradiance
# name 18 = pumps: Pump Status
# name 19 = nbin: number of scans per bin
# name 20 = flag: flag
# span 0 =   38.95285,   38.95704       
# span 1 =  -68.95278,  -68.95001       
# span 2 =    11.1174,    14.7463       
# span 3 =   3.815335,   4.358617       
# span 4 =    33.0469,    35.8295       
# span 5 =      3.090,    202.130       
# span 6 =      3.113,    203.771       
# span 7 =    11.1117,    14.7461       
# span 8 =   3.859668,   4.358820       
# span 9 =    33.5974,    35.8366       
# span 10 =    -0.0111,     2.1423      
# span 11 = 7.4581e-04, 8.1098e+01      
# span 12 =    -0.0151,     0.3122      
# span 13 =    92.4916,   100.3782      
# span 14 =       1.11,      98.62      
# span 15 =    143.730,    440.436      
# span 16 =     3.3049,    10.1148      
# span 17 = 1.3480e+03, 2.7858e+03      
# span 18 =          1,          1      
# span 19 =         11,        332      
# span 20 = 0.0000e+00, 0.0000e+00      
# interval = decibars: 1                
# start_time = Apr 24 2012 15:29:15 [NMEA time, header]
# bad_flag = -9.990e-29
*END*
   38.95704  -68.95278    12.1750   3.815335    33.0469      3.090      3.113    12.1565   3.870591    33.5974     0.6576 7.2165e+01     0.2965    92.8553       5.16    335.744     7.7060 2.4498e+03          1         46 0.0000e+00
   38.95698  -68.95271    12.1807   3.830035    33.1838      3.714      3.743    12.1814   3.876517    33.6319     0.6676 3.5345e+01     0.2989    92.8004       4.55    337.879     7.7558 2.4681e+03          1        325 0.0000e+00
   38.95692  -68.95267    12.2110   3.886887    33.7048      4.852      4.889    12.2164   3.895202    33.7801     0.6929 1.5537e+01     0.2990    92.7978       2.84    359.830     8.2629 2.4781e+03          1         57 0.0000e+00
   38.95690  -68.95266    12.2279   3.894941    33.7666      6.008      6.054    12.2313   3.900002    33.8124     0.7053 1.5054e+01     0.2953    92.8832       3.09    376.508     8.6463 2.4672e+03          1         33 0.0000e+00
   38.95690  -68.95266    12.2412   3.894824    33.7530      6.989      7.042    12.2375   3.901667    33.8225     0.6806 1.5808e+01     0.2957    92.8743       2.82    401.546     9.2211 2.4507e+03          1         47 0.0000e+00
   38.95688  -68.95266    12.2318   3.900048    33.8122      7.802      7.861    12.2326   3.901877    33.8292     0.6871 1.5693e+01     0.2949    92.8913       3.01    439.843    10.1011 2.4608e+03          1        102 0.0000e+00
   38.95688  -68.95266    12.2288   3.901551    33.8291      8.906      8.974    12.2330   3.903371    33.8429     0.7018 1.3136e+01     0.2963    92.8610       2.37    440.436    10.1148 2.4727e+03          1         25 0.0000e+00
   38.95687  -68.95264    12.2221   3.901806    33.8375      9.909      9.985    12.2226   3.903784    33.8561     0.7042 1.1766e+01     0.2940    92.9127       2.19    384.291     8.8255 2.4651e+03          1         20 0.0000e+00
   38.95686  -68.95264    12.2184   3.895321    33.7778     10.932     11.016    12.2187   3.902336    33.8454     0.7133 1.1602e+01     0.2956    92.8764       3.42    308.929     7.0944 2.4665e+03          1         25 0.0000e+00
   38.95685  -68.95263    12.2216   3.892798    33.7501     11.732     11.822    12.2161   3.898357    33.8089     0.7178 1.4288e+01     0.2954    92.8810       2.98    254.113     5.8355 2.4507e+03          1         87 0.0000e+00
   38.95684  -68.95262    12.2185   3.901593    33.8376     12.916     13.014    12.2201   3.902614    33.8458     0.7237 1.4916e+01     0.2952    92.8857       2.77    232.559     5.3409 2.4591e+03          1         20 0.0000e+00
   38.95684  -68.95262    12.2251   3.898157    33.7977     13.947     14.054    12.2266   3.901477    33.8284     0.7141 1.3867e+01     0.2954    92.8798       3.43    232.391     5.3368 2.4642e+03          1         29 0.0000e+00
   38.95683  -68.95261    12.2158   3.895483    33.7801     14.795     14.908    12.2074   3.900394    33.8355     0.7323 1.0038e+01     0.2948    92.8947      50.19    250.697     5.7572 2.4593e+03          1        100 0.0000e+00
   38.95682  -68.95260    12.1102   3.899797    33.9199     15.850     15.971    12.0659   3.900190    33.9649     0.8686 1.1261e+01     0.2956    92.8754      98.49    240.973     5.5346 2.4340e+03          1         25 0.0000e+00
   38.95682  -68.95260    12.0785   3.898088    33.9321     16.861     16.990    12.0446   3.895144    33.9350     1.1317 1.0767e+01     0.2985    92.8079      98.49    233.686     5.3673 2.4440e+03          1         24 0.0000e+00
   38.95680  -68.95260    12.0395   3.895666    33.9437     18.039     18.178    12.0252   3.897510    33.9746     1.5136 8.1331e+00     0.3033    92.6974      98.50    246.293     5.6569 2.4684e+03          1        101 0.0000e+00
   38.95679  -68.95258    11.8799   3.895415    34.0891     18.805     18.949    11.8760   3.897276    34.1105     1.6608 8.2986e+00     0.3054    92.6483      98.49    234.998     5.3982 2.4511e+03          1         42 0.0000e+00
   38.95678  -68.95256    11.8656   3.889905    34.0472     19.846     19.998    11.8656   3.892332    34.0706     1.7138 7.7453e+00     0.3079    92.5908      98.49    226.414     5.2009 2.4473e+03          1         29 0.0000e+00
   38.95678  -68.95256    11.9126   3.892360    34.0253     20.980     21.141    11.8964   3.894590    34.0620     1.7476 6.7335e+00     0.3094    92.5579      98.50    232.267     5.3352 2.4614e+03          1         57 0.0000e+00
   38.95675  -68.95254    11.9428   3.893397    34.0062     21.660     21.826    11.8916   3.896398    34.0832     1.7939 6.4107e+00     0.3089    92.5686      98.50    237.051     5.4450 2.4600e+03          1         46 0.0000e+00
   38.95674  -68.95254    11.8078   3.890895    34.1081     22.803     22.978    11.7941   3.891482    34.1262     1.9217 5.7786e+00     0.3101    92.5412      98.50    232.066     5.3310 2.4568e+03          1         23 0.0000e+00
   38.95674  -68.95254    11.8096   3.890884    34.1049     23.956     24.140    11.7995   3.892086    34.1257     1.9634 5.0727e+00     0.3122    92.4916      98.50    228.167     5.2415 2.4731e+03          1         44 0.0000e+00
   38.95674  -68.95254    11.7984   3.891419    34.1190     24.751     24.941    11.7752   3.892363    34.1493     1.9945 4.8419e+00     0.3104    92.5353      98.50    223.722     5.1394 2.4496e+03          1         26 0.0000e+00
   38.95674  -68.95254    11.7330   3.888348    34.1499     25.840     26.038    11.7326   3.887619    34.1423     2.0035 4.4229e+00     0.3090    92.5652      98.49    218.093     5.0103 2.4473e+03          1         15 0.0000e+00
   38.95672  -68.95252    11.6651   3.886688    34.1972     26.784     26.990    11.6637   3.887035    34.2013     1.9508 4.1329e+00     0.3063    92.6279      98.51    216.362     4.9707 2.4502e+03          1         16 0.0000e+00
   38.95672  -68.95252    11.4253   3.887746    34.4354     27.792     28.006    11.5282   3.889087    34.3495     2.0092 3.6909e+00     0.3004    92.7643      98.50    218.602     5.0233 2.4594e+03          1         22 0.0000e+00
   38.95670  -68.95250    11.5314   3.890817    34.3621     28.559     28.779    11.4380   3.891489    34.4569     2.1195 3.1688e+00     0.2896    93.0152      98.49    232.681     5.3465 2.4696e+03          1         73 0.0000e+00
   38.95668  -68.95248    11.2116   3.885472    34.6120     29.771     30.000    11.2149   3.886324    34.6163     2.1252 2.7573e+00     0.2733    93.3962      98.50    221.100     5.0816 2.4662e+03          1         23 0.0000e+00
   38.95668  -68.95248    11.1426   3.882190    34.6443     30.779     31.016    11.1432   3.882550    34.6465     2.1141 2.4852e+00     0.2653    93.5822      98.50    217.309     4.9946 2.4661e+03          1         22 0.0000e+00
   38.95668  -68.95247    11.1174   3.881674    34.6617     31.778     32.023    11.1117   3.881564    34.6653     1.9725 2.1946e+00     0.2527    93.8779      98.50    219.009     5.0338 2.4642e+03          1         26 0.0000e+00
   38.95668  -68.95246    11.1246   3.886019    34.6940     32.664     32.915    11.1261   3.886390    34.6957     1.8157 2.0791e+00     0.2219    94.6038      98.50    228.978     5.2631 2.4680e+03          1        109 0.0000e+00
   38.95664  -68.95246    11.2065   3.883378    34.5856     33.725     33.985    11.2024   3.883710    34.5925     1.7972 1.6857e+00     0.2052    94.9995      98.50    216.277     4.9707 2.4814e+03          1         30 0.0000e+00
   38.95664  -68.95246    11.3092   3.885068    34.5026     34.554     34.821    11.3112   3.886523    34.5148     1.6541 1.4529e+00     0.2063    94.9727      98.50    211.140     4.8522 2.4697e+03          1         83 0.0000e+00
   38.95664  -68.95242    11.3815   3.881336    34.3960     35.686     35.962    11.3804   3.881612    34.3996     1.4154 1.3728e+00     0.2002    95.1190      98.50    207.192     4.7611 2.4794e+03          1         18 0.0000e+00
   38.95664  -68.95242    11.3957   3.888345    34.4513     36.740     37.024    11.3949   3.885896    34.4278     1.2504 1.2633e+00     0.1608    96.0612      98.50    207.620     4.7710 2.4742e+03          1         15 0.0000e+00
   38.95664  -68.95242    11.3881   3.889944    34.4743     37.744     38.036    11.3970   3.888648    34.4527     1.0804 1.1600e+00     0.1327    96.7367      98.50    211.454     4.8592 2.4662e+03          1         19 0.0000e+00
   38.95663  -68.95242    11.3928   3.892243    34.4928     38.551     38.849    11.3953   3.893146    34.4992     0.9408 1.0960e+00     0.1197    97.0518      98.50    230.863     5.3054 2.4750e+03          1         91 0.0000e+00
   38.95662  -68.95242    11.4045   3.894523    34.5042     39.771     40.078    11.4018   3.897244    34.5336     0.8670 8.8244e-01     0.1038    97.4377      98.50    211.025     4.8495 2.4826e+03          1         62 0.0000e+00
   38.95660  -68.95240    11.4142   3.895412    34.5035     40.611     40.925    11.4135   3.897909    34.5288     0.8265 8.2223e-01     0.0977    97.5873      98.50    202.345     4.6500 2.4616e+03          1         33 0.0000e+00
   38.95660  -68.95240    11.4199   3.896949    34.5129     41.674     41.997    11.4189   3.898817    34.5323     0.7891 7.8251e-01     0.0948    97.6578      98.50    199.279     4.5796 2.4725e+03          1         21 0.0000e+00
   38.95660  -68.95240    11.4164   3.897925    34.5256     42.700     43.030    11.4173   3.899825    34.5435     0.7683 7.3664e-01     0.0911    97.7483      98.50    199.326     4.5807 2.4793e+03          1         23 0.0000e+00
   38.95658  -68.95239    11.4083   3.900775    34.5613     43.725     44.063    11.4091   3.901653    34.5692     0.7102 6.9258e-01     0.0864    97.8639      98.50    209.572     4.8163 2.4855e+03          1        115 0.0000e+00
   38.95656  -68.95238    11.4019   3.902144    34.5807     44.615     44.960    11.4016   3.902311    34.5827     0.7055 5.9636e-01     0.0811    97.9926      98.50    207.539     4.7697 2.4941e+03          1         28 0.0000e+00
   38.95656  -68.95238    11.4014   3.902547    34.5848     45.662     46.016    11.4008   3.902723    34.5871     0.7063 5.2439e-01     0.0768    98.0976      98.50    204.415     4.6979 2.4977e+03          1         26 0.0000e+00
   38.95656  -68.95236    11.4569   3.903506    34.5405     46.757     47.119    11.4462   3.903464    34.5504     0.6183 5.0161e-01     0.0740    98.1679      98.50    201.749     4.6364 2.4888e+03          1         71 0.0000e+00
   38.95656  -68.95236    11.5314   3.903929    34.4733     47.578     47.947    11.5107   3.903725    34.4910     0.5584 5.2093e-01     0.0668    98.3441      98.50    197.334     4.5346 2.4761e+03          1         31 0.0000e+00
   38.95655  -68.95236    11.5916   3.903784    34.4142     48.645     49.022    11.5830   3.903782    34.4222     0.5110 4.8468e-01     0.0601    98.5084      98.50    195.496     4.4922 2.4835e+03          1         22 0.0000e+00
   38.95654  -68.95236    11.7590   3.904968    34.2686     49.542     49.926    11.8158   3.932701    34.4864     0.4679 4.0959e-01     0.0552    98.6306      98.50    191.800     4.4066 2.4872e+03          1        124 0.0000e+00
   38.95652  -68.95232    12.2420   3.907639    33.8422     50.600     50.992    12.8037   3.968829    33.9093     0.4211 3.8051e-01     0.0496    98.7688      98.51    184.197     4.2302 2.4788e+03          1         19 0.0000e+00
   38.95652  -68.95232    12.9381   3.914295    33.2686     51.629     52.029    13.0671   4.051262    34.4524     0.3128 3.6570e-01     0.0401    99.0014      96.24    181.446     4.1647 2.4766e+03          1         19 0.0000e+00
   38.95652  -68.95232    13.2324   3.956905    33.4087     52.648     53.056    13.2854   4.106421    34.7749     0.2854 3.5006e-01     0.0323    99.1942      80.55    181.191     4.1590 2.4824e+03          1         27 0.0000e+00
   38.95652  -68.95232    13.3187   4.065171    34.3570     53.603     54.018    13.3538   4.137736    35.0124     0.3031 3.3101e-01     0.0295    99.2647      81.79    190.846     4.3837 2.4983e+03          1         36 0.0000e+00
   38.95650  -68.95230    13.3990   4.132922    34.9344     54.385     54.807    13.3988   4.154972    35.1445     0.2650 2.9681e-01     0.0266    99.3384      98.51    235.468     5.4109 2.4893e+03          1        134 0.0000e+00
   38.95648  -68.95230    13.3653   4.151318    35.1479     55.517     55.949    13.3628   4.157393    35.2087     0.2673 2.7343e-01     0.0217    99.4574      98.50    227.275     5.2235 2.4876e+03          1         18 0.0000e+00
   38.95648  -68.95230    13.4926   4.155148    35.0641     56.556     56.995    13.5127   4.162963    35.1196     0.2171 2.5503e-01     0.0198    99.5074      98.51    223.378     5.1335 2.4982e+03          1         19 0.0000e+00
   38.95648  -68.95230    13.6563   4.184535    35.1875     57.597     58.044    13.6534   4.190163    35.2440     0.1513 2.3940e-01     0.0152    99.6208      98.51    223.313     5.1323 2.4896e+03          1         22 0.0000e+00
   38.95647  -68.95228    13.6265   4.188035    35.2530     58.531     58.986    13.6145   4.187886    35.2633     0.1600 2.3527e-01     0.0140    99.6506      98.51    226.779     5.2123 2.4817e+03          1         93 0.0000e+00
   38.95646  -68.95226    13.6361   4.191355    35.2780     59.539     60.002    13.6354   4.190613    35.2719     0.1814 2.2369e-01     0.0116    99.7100      98.51    226.741     5.2115 2.4958e+03          1         25 0.0000e+00
   38.95645  -68.95226    13.6670   4.195896    35.2933     60.782     61.254    13.6590   4.195001    35.2927     0.1452 1.9990e-01     0.0105    99.7383      98.47    225.567     5.1845 2.4937e+03          1         94 0.0000e+00
   38.95644  -68.95226    13.7157   4.202320    35.3095     61.436     61.914    13.7139   4.201883    35.3071     0.1447 1.9026e-01     0.0092    99.7715      98.50    224.625     5.1629 2.5070e+03          1         33 0.0000e+00
   38.95644  -68.95226    13.7174   4.203307    35.3175     62.520     63.006    13.7171   4.203485    35.3195     0.1567 1.7849e-01     0.0078    99.8056      98.51    225.423     5.1813 2.5172e+03          1         20 0.0000e+00
   38.95644  -68.95226    13.6851   4.200635    35.3231     63.552     64.046    13.6860   4.201730    35.3326     0.1319 1.6950e-01     0.0083    99.7929      98.50    225.427     5.1814 2.5015e+03          1         19 0.0000e+00
   38.95643  -68.95225    13.6370   4.194476    35.3107     64.579     65.082    13.6381   4.194788    35.3127     0.1136 1.6205e-01     0.0075    99.8118      98.51    225.075     5.1733 2.4904e+03          1         31 0.0000e+00
   38.95642  -68.95224    13.6460   4.195399    35.3114     65.182     65.689    13.6433   4.195479    35.3147     0.1153 1.5999e-01     0.0064    99.8397      98.51    224.555     5.1614 2.5023e+03          1        110 0.0000e+00
   38.95640  -68.95224    13.6385   4.194960    35.3142     66.456     66.974    13.6410   4.195491    35.3168     0.0888 1.4436e-01     0.0016    99.9609      98.51    224.514     5.1604 2.5195e+03          1         25 0.0000e+00
   38.95640  -68.95224    13.6471   4.196229    35.3176     67.491     68.017    13.6486   4.196533    35.3191     0.0928 1.3653e-01     0.0000    99.9997      98.50    224.725     5.1653 2.5162e+03          1         27 0.0000e+00
   38.95640  -68.95224    13.6685   4.199119    35.3243     68.563     69.098    13.6630   4.198482    35.3235     0.0881 1.3023e-01     0.0001    99.9972      98.51    224.414     5.1581 2.4912e+03          1         39 0.0000e+00
   38.95640  -68.95220    13.6889   4.201989    35.3319     69.240     69.780    13.6897   4.201920    35.3305     0.1009 1.2756e-01     0.0005    99.9886      98.50    225.032     5.1724 2.5022e+03          1         85 0.0000e+00
