Data/ruptures/KN207-01/QL-1/20701040.cnv
* Sea-Bird SBE 9 Data File:
* FileName = C:\Data\ctd\20701040.hex
* Software Version Seasave V 7.21e
* Temperature SN = 4406
* Conductivity SN = 1474
* Number of Bytes Per Scan = 40
* Number of Voltage Words = 5
* Number of Scans Averaged by the Deck Unit = 1
* NMEA Latitude = 38 47.82 N
* NMEA Longitude = 069 08.79 W
* NMEA UTC (Time) = Apr 26 2012 18:04:25
** R/V Knorr Cruise # KN207-01 QL1
** Chief Scientist: Ben Van Mooy
# nquan = 21
# nvalues = 399                         
# units = specified
# name 0 = latitude: Latitude [deg]
# name 1 = longitude: Longitude [deg]
# name 2 = t090C: Temperature [ITS-90, deg C]
# name 3 = c0S/m: Conductivity [S/m]
# name 4 = sal00: Salinity, Practical [PSU]
# name 5 = depSM: Depth [salt water, m]
# name 6 = prDM: Pressure, Digiquartz [db]
# name 7 = t190C: Temperature, 2 [ITS-90, deg C]
# name 8 = c1S/m: Conductivity, 2 [S/m]
# name 9 = sal11: Salinity, Practical, 2 [PSU]
# name 10 = flECO-AFL: Fluorescence, WET Labs ECO-AFL/FL [mg/m^3]
# name 11 = par: PAR/Irradiance, Biospherical/Licor
# name 12 = bat: Beam Attenuation, Chelsea/Seatech [1/m]
# name 13 = xmiss: Beam Transmission, Chelsea/Seatech [%]
# name 14 = altM: Altimeter [m]
# name 15 = sbeox0Mm/Kg: Oxygen, SBE 43 [umol/kg]
# name 16 = sbeox0ML/L: Oxygen, SBE 43 [ml/l]
# name 17 = spar: SPAR/Surface Irradiance
# name 18 = pumps: Pump Status
# name 19 = nbin: number of scans per bin
# name 20 = flag: flag
# span 0 =   38.79700,   38.79774       
# span 1 =  -69.14660,  -69.14466       
# span 2 =    11.1502,    14.6949       
# span 3 =   3.834535,   4.352123       
# span 4 =    33.7194,    35.8273       
# span 5 =      3.104,    199.910       
# span 6 =      3.128,    201.530       
# span 7 =    11.1224,    14.6952       
# span 8 =   3.833079,   4.352544       
# span 9 =    33.7205,    35.8299       
# span 10 =     0.0027,     3.4420      
# span 11 = 1.0000e-12, 5.0613e+01      
# span 12 =    -0.0135,     0.3666      
# span 13 =    91.2423,   100.3382      
# span 14 =       1.18,      98.74      
# span 15 =    141.709,    426.827      
# span 16 =     3.2583,     9.8011      
# span 17 = 1.1337e+03, 1.3508e+03      
# span 18 =          1,          1      
# span 19 =          9,       1357      
# span 20 = 0.0000e+00, 0.0000e+00      
# interval = decibars: 1                
# start_time = Apr 26 2012 18:04:25 [NMEA time, header]
# bad_flag = -9.990e-29
*END*
[from data line 207]
   38.79746  -69.14588    13.7168   4.254441    35.7429    192.416    193.972    13.7347   4.255530    35.7359     0.0304 1.0000e-12    -0.0128   100.3193      98.58    142.307     3.2719 1.3130e+03          1         24 0.0000e+00
   38.79746  -69.14586    13.7950   4.263400    35.7535    191.406    192.953    13.8019   4.263714    35.7497     0.0299 1.0000e-12    -0.0124   100.3094      98.57    143.310     3.2950 1.3090e+03          1         30 0.0000e+00
   38.79746  -69.14586    13.8469   4.269125    35.7592    190.512    192.052    13.8399   4.268334    35.7584     0.0326 1.0000e-12    -0.0132   100.3307      98.58    145.030     3.3345 1.3073e+03          1         39 0.0000e+00
   38.79746  -69.14586    13.8929   4.274471    35.7668    189.493    191.024    13.8800   4.272230    35.7581     0.0165 1.0000e-12    -0.0134   100.3348      98.58    145.902     3.3545 1.3100e+03          1         27 0.0000e+00
   38.79746  -69.14586    13.9810   4.284357    35.7763    188.509    190.032    13.9846   4.283880    35.7684     0.0233 1.0000e-12    -0.0134   100.3351      98.58    145.827     3.3528 1.3116e+03          1         20 0.0000e+00
   38.79746  -69.14584    14.0407   4.290929    35.7821    187.512    189.026    14.0516   4.291605    35.7779     0.0278 1.0000e-12    -0.0132   100.3312      98.58    146.161     3.3604 1.3113e+03          1         22 0.0000e+00
   38.79746  -69.14584    14.1141   4.299351    35.7920    186.491    187.996    14.1252   4.299615    35.7839     0.0149 1.0000e-12    -0.0123   100.3082      98.58    146.697     3.3727 1.3102e+03          1         20 0.0000e+00
   38.79746  -69.14584    14.1562   4.304119    35.7978    185.504    187.000    14.1753   4.305711    35.7944     0.0147 1.0000e-12    -0.0132   100.3288      98.58    147.249     3.3854 1.3090e+03          1         21 0.0000e+00
   38.79746  -69.14584    14.2070   4.309711    35.8030    184.510    185.998    14.2159   4.310384    35.8009     0.0249 1.0000e-12    -0.0133   100.3321      98.58    147.882     3.3999 1.3095e+03          1         24 0.0000e+00
   38.79746  -69.14584    14.2188   4.311106    35.8065    183.522    185.002    14.2271   4.312037    35.8073     0.0346 1.0000e-12    -0.0135   100.3382      98.57    148.452     3.4130 1.3109e+03          1         25 0.0000e+00
   38.79746  -69.14584    14.2259   4.311855    35.8082    182.522    183.994    14.2442   4.313704    35.8081     0.0295 1.0000e-12    -0.0131   100.3279      98.58    148.767     3.4203 1.3111e+03          1         24 0.0000e+00
   38.79746  -69.14584    14.2843   4.318010    35.8112    181.513    182.975    14.2889   4.317916    35.8061     0.0299 1.0000e-12    -0.0132   100.3310      98.59    149.089     3.4276 1.3088e+03          1         25 0.0000e+00
   38.79746  -69.14584    14.3479   4.324764    35.8149    180.535    181.989    14.3536   4.324614    35.8083     0.0213 1.0000e-12    -0.0129   100.3227      98.58    149.339     3.4334 1.3051e+03          1         28 0.0000e+00
   38.79746  -69.14584    14.3894   4.329200    35.8183    179.593    181.040    14.3902   4.329060    35.8163     0.0354 1.0000e-12    -0.0123   100.3074      98.59    150.381     3.4573 1.3049e+03          1         25 0.0000e+00
   38.79746  -69.14584    14.4069   4.330971    35.8196    178.572    180.010    14.4139   4.331533    35.8183     0.0145 1.0000e-12    -0.0132   100.3311      98.59    152.005     3.4946 1.3078e+03          1         24 0.0000e+00
   38.79746  -69.14582    14.4203   4.331997    35.8177    177.569    178.998    14.4228   4.332312    35.8184     0.0356 1.0000e-12    -0.0127   100.3178      98.59    153.916     3.5385 1.3106e+03          1         21 0.0000e+00
   38.79746  -69.14582    14.4284   4.332715    35.8178    176.616    178.037    14.4353   4.333306    35.8169     0.0296 1.0000e-12    -0.0130   100.3257      98.58    155.292     3.5702 1.3105e+03          1         18 0.0000e+00
   38.79746  -69.14582    14.4383   4.333619    35.8179    175.566    176.978    14.4399   4.333715    35.8174     0.0325 1.0000e-12    -0.0130   100.3251      98.58    156.060     3.5878 1.3085e+03          1         21 0.0000e+00
   38.79746  -69.14582    14.4414   4.333822    35.8180    174.566    175.970    14.4413   4.333833    35.8183     0.0457 1.0000e-12    -0.0126   100.3141      98.58    157.022     3.6099 1.3063e+03          1         21 0.0000e+00
   38.79746  -69.14582    14.4426   4.333784    35.8176    173.606    175.002    14.4439   4.333894    35.8174     0.0483 1.0000e-12    -0.0124   100.3102      98.59    157.865     3.6293 1.3053e+03          1         26 0.0000e+00
   38.79747  -69.14582    14.4445   4.333728    35.8164    172.631    174.018    14.4450   4.333809    35.8168     0.0307 1.0000e-12    -0.0128   100.3209      98.58    158.325     3.6399 1.3078e+03          1         34 0.0000e+00
   38.79748  -69.14582    14.4513   4.334038    35.8138    171.663    173.043    14.4507   4.333978    35.8139     0.0426 1.0000e-12    -0.0125   100.3110      98.58    158.935     3.6539 1.3090e+03          1         27 0.0000e+00
   38.79748  -69.14582    14.4667   4.335417    35.8128    170.640    172.010    14.4665   4.335156    35.8108     0.0345 1.0000e-12    -0.0130   100.3251      98.57    158.984     3.6550 1.3065e+03          1         21 0.0000e+00
   38.79748  -69.14582    14.5038   4.338612    35.8080    169.648    171.010    14.4980   4.337871    35.8067     0.0350 1.0000e-12    -0.0128   100.3197      98.58    159.209     3.6601 1.3030e+03          1         20 0.0000e+00
   38.79748  -69.14582    14.5231   4.340219    35.8054    168.664    170.017    14.5260   4.340269    35.8031     0.0350 1.0000e-12    -0.0125   100.3120      98.59    160.587     3.6918 1.3002e+03          1         20 0.0000e+00
   38.79748  -69.14581    14.5280   4.339840    35.7981    167.654    168.999    14.5303   4.340200    35.7993     0.0356 1.0000e-12    -0.0122   100.3055      98.58    162.614     3.7384 1.2993e+03          1         21 0.0000e+00
   38.79748  -69.14580    14.5234   4.339049    35.7960    166.657    167.993    14.5257   4.339183    35.7951     0.0328 1.0000e-12    -0.0121   100.3019      98.58    165.781     3.8112 1.3009e+03          1         21 0.0000e+00
   38.79748  -69.14580    14.5253   4.338721    35.7920    165.643    166.971    14.5252   4.338823    35.7930     0.0295 1.0000e-12    -0.0116   100.2902      98.58    168.518     3.8741 1.3036e+03          1         20 0.0000e+00
   38.79748  -69.14580    14.5254   4.338397    35.7897    164.637    165.957    14.5254   4.338377    35.7895     0.0347 1.0000e-12    -0.0118   100.2948      98.58    170.137     3.9113 1.3050e+03          1         27 0.0000e+00
   38.79748  -69.14580    14.5248   4.337847    35.7860    163.710    165.022    14.5249   4.337892    35.7863     0.0280 1.0000e-12    -0.0116   100.2894      98.59    170.545     3.9207 1.3054e+03          1         43 0.0000e+00
   38.79748  -69.14580    14.5242   4.337460    35.7837    162.740    164.044    14.5245   4.337549    35.7843     0.0275 1.0000e-12    -0.0115   100.2875      98.59    171.125     3.9340 1.3049e+03          1         26 0.0000e+00
   38.79748  -69.14580    14.5261   4.337470    35.7826    161.749    163.044    14.5265   4.337488    35.7824     0.0289 1.0000e-12    -0.0114   100.2846      98.59    171.216     3.9361 1.3041e+03          1         17 0.0000e+00
   38.79748  -69.14580    14.5349   4.338487    35.7842    160.724    162.011    14.5353   4.338477    35.7838     0.0172 1.0000e-12    -0.0117   100.2931      98.60    170.973     3.9305 1.3026e+03          1         16 0.0000e+00
   38.79748  -69.14580    14.5399   4.338855    35.7834    159.739    161.017    14.5411   4.338993    35.7836     0.0227 1.0000e-12    -0.0113   100.2834      98.58    171.055     3.9324 1.3004e+03          1         16 0.0000e+00
   38.79748  -69.14580    14.5957   4.345250    35.7902    158.732    160.003    14.6047   4.344847    35.7779     0.0445 1.0000e-12    -0.0104   100.2605      98.58    171.148     3.9345 1.2978e+03          1         17 0.0000e+00
   38.79748  -69.14580    14.6475   4.350618    35.7913    157.725    158.987    14.6531   4.351008    35.7896     0.0452 1.0000e-12    -0.0107   100.2691      98.58    171.310     3.9382 1.2963e+03          1         19 0.0000e+00
   38.79748  -69.14579    14.6437   4.349081    35.7816    156.731    157.984    14.6458   4.349552    35.7839     0.0493 1.0000e-12    -0.0112   100.2818      98.59    172.856     3.9737 1.2978e+03          1         24 0.0000e+00
   38.79748  -69.14578    14.6414   4.348424    35.7788    155.720    156.965    14.6412   4.348298    35.7778     0.0395 1.0000e-12    -0.0111   100.2781      98.58    180.513     4.1497 1.3049e+03          1         49 0.0000e+00
   38.79748  -69.14578    14.6386   4.347659    35.7753    154.825    156.062    14.6366   4.347389    35.7747     0.0335 1.0000e-12    -0.0106   100.2670      98.59    185.714     4.2693 1.3089e+03          1         31 0.0000e+00
   38.79748  -69.14578    14.6312   4.346121    35.7688    153.780    155.009    14.6318   4.346455    35.7713     0.0293 1.0000e-12    -0.0112   100.2800      98.58    186.087     4.2778 1.3067e+03          1         19 0.0000e+00
   38.79749  -69.14577    14.6214   4.344208    35.7610    152.773    153.993    14.6229   4.344807    35.7651     0.0289 1.0000e-12    -0.0112   100.2820      98.58    185.495     4.2642 1.3043e+03          1         15 0.0000e+00
   38.79750  -69.14576    14.6196   4.343485    35.7565    151.771    152.983    14.6192   4.343577    35.7578     0.0273 1.0000e-12    -0.0112   100.2818      98.59    185.136     4.2559 1.3015e+03          1         16 0.0000e+00
   38.79750  -69.14576    14.6199   4.343135    35.7536    150.754    151.958    14.6196   4.343122    35.7538     0.0054 1.0000e-12    -0.0107   100.2691      98.59    185.369     4.2612 1.2989e+03          1         19 0.0000e+00
   38.79750  -69.14576    14.6250   4.343623    35.7538    149.786    150.981    14.6289   4.343924    35.7528     0.0189 1.0000e-12    -0.0111   100.2774      98.59    186.475     4.2867 1.2983e+03          1         21 0.0000e+00
   38.79750  -69.14576    14.6333   4.344138    35.7512    148.810    149.997    14.6334   4.344211    35.7518     0.0325 1.0000e-12    -0.0110   100.2768      98.58    188.435     4.3317 1.3003e+03          1         29 0.0000e+00
   38.79749  -69.14576    14.6327   4.343938    35.7505    147.834    149.013    14.6345   4.344022    35.7495     0.0112 1.0000e-12    -0.0112   100.2815      98.59    190.013     4.3680 1.3051e+03          1         36 0.0000e+00
   38.79748  -69.14576    14.6382   4.344279    35.7490    146.839    148.010    14.6390   4.344331    35.7487     0.0210 1.0000e-12    -0.0115   100.2875      98.59    190.989     4.3904 1.3072e+03          1         26 0.0000e+00
   38.79748  -69.14576    14.6626   4.347215    35.7534    145.838    147.001    14.6610   4.346525    35.7486     0.0328 1.0000e-12    -0.0120   100.2986      98.59    190.881     4.3879 1.3057e+03          1         18 0.0000e+00
   38.79748  -69.14576    14.6914   4.350563    35.7575    144.849    146.003    14.6937   4.350721    35.7569     0.0267 1.0000e-12    -0.0118   100.2957      98.58    191.326     4.3982 1.3032e+03          1         18 0.0000e+00
   38.79748  -69.14576    14.6812   4.348875    35.7523    143.849    144.994    14.6838   4.349508    35.7557     0.0028 1.0000e-12    -0.0112   100.2812      98.59    192.544     4.4261 1.3026e+03          1         20 0.0000e+00
   38.79748  -69.14576    14.6703   4.347123    35.7471    142.841    143.979    14.6692   4.347117    35.7481     0.0310 1.0000e-12    -0.0114   100.2859      98.59    194.671     4.4750 1.3024e+03          1         28 0.0000e+00
   38.79750  -69.14574    14.6654   4.346218    35.7440    141.863    142.992    14.6627   4.346031    35.7448     0.0301 4.7320e-04    -0.0115   100.2891      98.59    198.117     4.5542 1.3034e+03          1         27 0.0000e+00
   38.79750  -69.14574    14.6369   4.341613    35.7290    140.887    142.009    14.6382   4.342286    35.7340     0.0345 1.0000e-12    -0.0105   100.2627      98.59    200.994     4.6203 1.3051e+03          1         21 0.0000e+00
   38.79750  -69.14574    14.6286   4.340285    35.7250    139.891    141.004    14.6280   4.340279    35.7255     0.0510 1.0000e-12    -0.0102   100.2563      98.59    202.042     4.6444 1.3049e+03          1         23 0.0000e+00
   38.79750  -69.14574    14.6279   4.340077    35.7241    138.882    139.986    14.6269   4.339998    35.7244     0.0296 2.4738e-06    -0.0108   100.2704      98.60    202.196     4.6480 1.3048e+03          1         25 0.0000e+00
   38.79750  -69.14574    14.6262   4.339737    35.7229    137.901    138.998    14.6257   4.339708    35.7232     0.0339 1.4607e-05    -0.0104   100.2596      98.59    202.581     4.6568 1.3047e+03          1         27 0.0000e+00
   38.79750  -69.14574    14.6265   4.339474    35.7206    136.932    138.020    14.6265   4.339596    35.7217     0.0214 1.0000e-12    -0.0110   100.2764      98.59    203.247     4.6721 1.3059e+03          1         23 0.0000e+00
   38.79750  -69.14574    14.6204   4.338300    35.7159    135.944    137.024    14.6202   4.338510    35.7180     0.0284 1.0000e-12    -0.0109   100.2735      98.59    203.907     4.6873 1.3067e+03          1         20 0.0000e+00
   38.79750  -69.14574    14.6119   4.336965    35.7121    134.925    135.996    14.6112   4.337061    35.7136     0.0346 1.0000e-12    -0.0105   100.2632      98.59    204.214     4.6943 1.3064e+03          1         20 0.0000e+00
   38.79750  -69.14574    14.6051   4.335911    35.7092    133.882    134.946    14.6050   4.336062    35.7106     0.0301 1.0000e-12    -0.0111   100.2786      98.60    205.303     4.7194 1.3048e+03          1         22 0.0000e+00
   38.79750  -69.14574    14.5986   4.334874    35.7061    132.890    133.944    14.5974   4.334837    35.7068     0.0242 1.0000e-12    -0.0115   100.2878      98.59    206.988     4.7581 1.3029e+03          1         28 0.0000e+00
   38.79750  -69.14572    14.5889   4.333299    35.7009    131.987    133.035    14.5860   4.333103    35.7019     0.0387 5.5953e-06    -0.0114   100.2850      98.60    208.132     4.7844 1.3054e+03          1         40 0.0000e+00
   38.79750  -69.14572    14.5786   4.331586    35.6951    131.001    132.041    14.5766   4.331481    35.6960     0.0277 1.0000e-12    -0.0110   100.2764      98.58    208.435     4.7913 1.3094e+03          1         23 0.0000e+00
   38.79750  -69.14572    14.5667   4.329478    35.6872    129.967    130.998    14.5661   4.329628    35.6892     0.0246 1.0000e-12    -0.0119   100.2967      98.60    208.534     4.7936 1.3108e+03          1         17 0.0000e+00
   38.79750  -69.14572    14.5603   4.328356    35.6832    128.952    129.974    14.5610   4.328627    35.6851     0.0450 1.0000e-12    -0.0113   100.2837      98.59    208.931     4.8027 1.3090e+03          1         15 0.0000e+00
   38.79750  -69.14572    14.5541   4.327312    35.6798    127.963    128.978    14.5528   4.327473    35.6825     0.0255 1.0000e-12    -0.0112   100.2818      98.59    209.328     4.8118 1.3066e+03          1         16 0.0000e+00
   38.79751  -69.14571    14.5437   4.325590    35.6740    126.985    127.991    14.5425   4.325549    35.6747     0.0195 1.0000e-12    -0.0109   100.2739      98.60    209.918     4.8254 1.3031e+03          1         22 0.0000e+00
   38.79752  -69.14570    14.5415   4.325097    35.6717    125.987    126.985    14.5407   4.325017    35.6717     0.0326 1.0000e-12    -0.0096   100.2400      98.58    210.734     4.8441 1.3014e+03          1         36 0.0000e+00
