Data/ruptures/KN207-01/QL-1/20701024.cnv
* Sea-Bird SBE 9 Data File:
* FileName = C:\Data\ctd\20701024.hex
* Software Version Seasave V 7.21e
* Temperature SN = 4406
* Conductivity SN = 1474
* Number of Bytes Per Scan = 40
* Number of Voltage Words = 5
* Number of Scans Averaged by the Deck Unit = 1
* NMEA Latitude = 38 55.90 N
* NMEA Longitude = 068 57.59 W
* NMEA UTC (Time) = Apr 24 2012 18:56:38
** R/V Knorr Cruise # KN207-01 QL1
** Chief Scientist: Ben Van Mooy
# nquan = 21
# nvalues = 400                         
# units = specified
# name 0 = latitude: Latitude [deg]
# name 1 = longitude: Longitude [deg]
# name 2 = t090C: Temperature [ITS-90, deg C]
# name 3 = c0S/m: Conductivity [S/m]
# name 4 = sal00: Salinity, Practical [PSU]
# name 5 = depSM: Depth [salt water, m]
# name 6 = prDM: Pressure, Digiquartz [db]
# name 7 = t190C: Temperature, 2 [ITS-90, deg C]
# name 8 = c1S/m: Conductivity, 2 [S/m]
# name 9 = sal11: Salinity, Practical, 2 [PSU]
# name 10 = flECO-AFL: Fluorescence, WET Labs ECO-AFL/FL [mg/m^3]
# name 11 = par: PAR/Irradiance, Biospherical/Licor
# name 12 = bat: Beam Attenuation, Chelsea/Seatech [1/m]
# name 13 = xmiss: Beam Transmission, Chelsea/Seatech [%]
# name 14 = altM: Altimeter [m]
# name 15 = sbeox0Mm/Kg: Oxygen, SBE 43 [umol/kg]
# name 16 = sbeox0ML/L: Oxygen, SBE 43 [ml/l]
# name 17 = spar: SPAR/Surface Irradiance
# name 18 = pumps: Pump Status
# name 19 = nbin: number of scans per bin
# name 20 = flag: flag
# span 0 =   38.93116,   38.93172       
# span 1 =  -68.96189,  -68.95997       
# span 2 =    11.3695,    14.7552       
# span 3 =   3.869582,   4.364336       
# span 4 =    33.8370,    35.8294       
# span 5 =      3.193,    200.912       
# span 6 =      3.218,    202.543       
# span 7 =    11.3588,    14.7550       
# span 8 =   3.870154,   4.364368       
# span 9 =    33.9406,    35.8337       
# span 10 =     0.0029,     2.3802      
# span 11 = 5.5913e-04, 1.1917e+02      
# span 12 =    -0.0151,     0.3241      
# span 13 =    92.2167,   100.3791      
# span 14 =       6.76,      98.66      
# span 15 =    146.685,    438.914      
# span 16 =     3.3725,    10.0816      
# span 17 = 5.6892e+02, 2.2801e+03      
# span 18 =          1,          1      
# span 19 =         10,        273      
# span 20 = 0.0000e+00, 0.0000e+00      
# interval = decibars: 1                
# start_time = Apr 24 2012 18:56:38 [NMEA time, header]
# bad_flag = -9.990e-29
*END*
[from data line 276]
   38.93128  -68.96108    14.3488   4.297119    35.5918    125.017    126.009    14.3564   4.298459    35.5971     0.0223 8.3230e-03    -0.0088   100.2201      98.55    218.866     5.0310 6.4057e+02          1         18 0.0000e+00
   38.93128  -68.96108    14.3323   4.294756    35.5857    124.023    125.007    14.3390   4.296099    35.5919     0.0386 8.6377e-03    -0.0081   100.2033      98.55    219.383     5.0428 1.4157e+03          1         14 0.0000e+00
   38.93128  -68.96108    14.3200   4.292993    35.5812    123.032    124.007    14.3228   4.293732    35.5855     0.0440 8.9783e-03    -0.0076   100.1895      98.55    219.309     5.0411 2.1704e+03          1         15 0.0000e+00
   38.93128  -68.96108    14.3142   4.292102    35.5786    122.033    123.000    14.3180   4.292885    35.5824     0.0357 9.3539e-03    -0.0074   100.1861      98.56    219.167     5.0379 2.2589e+03          1         15 0.0000e+00
   38.93128  -68.96108    14.3081   4.291247    35.5765    121.013    121.971    14.3102   4.291716    35.5791     0.0412 9.7875e-03    -0.0079   100.1976      98.55    219.411     5.0434 2.2509e+03          1         20 0.0000e+00
   38.93130  -68.96111    14.3037   4.290586    35.5747    119.986    120.936    14.3053   4.290961    35.5768     0.0486 1.0360e-02    -0.0080   100.1999      98.55    219.864     5.0539 2.0440e+03          1         33 0.0000e+00
   38.93130  -68.96112    14.3087   4.291342    35.5768    119.049    119.992    14.3045   4.290792    35.5759     0.0549 1.0968e-02    -0.0085   100.2120      98.55    219.962     5.0561 2.1160e+03          1         54 0.0000e+00
   38.93130  -68.96112    14.3101   4.291501    35.5770    118.119    119.054    14.3028   4.290783    35.5774     0.0511 1.1375e-02    -0.0085   100.2127      98.55    220.185     5.0612 2.2146e+03          1         32 0.0000e+00
   38.93129  -68.96112    14.2719   4.285955    35.5620    117.076    118.002    14.2851   4.288184    35.5701     0.0365 1.1757e-02    -0.0082   100.2054      98.55    220.591     5.0706 1.0732e+03          1         20 0.0000e+00
   38.93128  -68.96112    14.2437   4.282002    35.5521    116.116    117.035    14.2457   4.282962    35.5593     0.0656 1.2175e-02    -0.0080   100.1998      98.56    220.517     5.0689 5.9082e+02          1         15 0.0000e+00
   38.93128  -68.96112    14.2328   4.280418    35.5480    115.095    116.005    14.2357   4.281102    35.5516     0.0612 1.2614e-02    -0.0079   100.1967      98.55    219.795     5.0523 5.8304e+02          1         16 0.0000e+00
   38.93128  -68.96112    14.2209   4.278763    35.5440    114.088    114.989    14.2272   4.279982    35.5494     0.0487 1.3093e-02    -0.0080   100.2001      98.56    219.140     5.0372 5.8034e+02          1         18 0.0000e+00
   38.93128  -68.96112    14.2007   4.276021    35.5378    113.085    113.979    14.1986   4.276232    35.5418     0.0297 1.3641e-02    -0.0077   100.1920      98.56    219.700     5.0501 5.8478e+02          1         19 0.0000e+00
   38.93128  -68.96112    14.1700   4.271838    35.5281    112.143    113.029    14.1697   4.272306    35.5328     0.0459 1.4264e-02    -0.0063   100.1587      98.56    220.305     5.0640 1.1069e+03          1         18 0.0000e+00
   38.93128  -68.96113    14.1496   4.268768    35.5188    111.159    112.036    14.1506   4.269517    35.5249     0.0503 1.4960e-02    -0.0069   100.1724      98.56    220.271     5.0632 2.1365e+03          1         23 0.0000e+00
   38.93128  -68.96116    14.1157   4.263925    35.5057    110.076    110.945    14.1362   4.267110    35.5159     0.0285 1.5933e-02    -0.0064   100.1605      98.56    221.025     5.0805 2.2518e+03          1         32 0.0000e+00
   38.93128  -68.96116    14.1188   4.264311    35.5059    109.122    109.984    14.1103   4.263291    35.5046     0.0390 1.6970e-02    -0.0064   100.1593      98.55    221.581     5.0933 1.5084e+03          1         53 0.0000e+00
   38.93128  -68.96116    14.0986   4.261587    35.4994    108.175    109.028    14.1016   4.262441    35.5046     0.0467 1.7573e-02    -0.0065   100.1634      98.56    222.084     5.1048 5.8558e+02          1         29 0.0000e+00
   38.93128  -68.96116    14.0751   4.258157    35.4897    107.186    108.031    14.0917   4.260694    35.4977     0.0405 1.8027e-02    -0.0053   100.1317      98.55    222.111     5.1054 5.8677e+02          1         21 0.0000e+00
   38.93128  -68.96116    14.0502   4.254647    35.4807    106.175    107.013    14.0506   4.255362    35.4871     0.0587 1.8624e-02    -0.0062   100.1561      98.56    221.799     5.0983 5.8863e+02          1         17 0.0000e+00
   38.93128  -68.96116    14.0359   4.252586    35.4752    105.160    105.988    14.0423   4.253668    35.4792     0.0440 1.9348e-02    -0.0066   100.1652      98.56    221.895     5.1005 5.8902e+02          1         17 0.0000e+00
   38.93128  -68.96116    14.0274   4.251403    35.4723    104.165    104.986    14.0284   4.252155    35.4784     0.0485 2.0152e-02    -0.0064   100.1611      98.55    221.922     5.1011 5.8985e+02          1         14 0.0000e+00
   38.93128  -68.96116    14.0061   4.248377    35.4644    103.192    104.005    14.0052   4.248712    35.4684     0.0519 2.1086e-02    -0.0061   100.1518      98.55    221.847     5.0993 5.9038e+02          1         15 0.0000e+00
   38.93128  -68.96116    13.9882   4.245989    35.4591    102.197    103.001    13.9959   4.247388    35.4650     0.0382 2.2285e-02    -0.0060   100.1501      98.55    221.835     5.0990 5.9216e+02          1         15 0.0000e+00
   38.93128  -68.96116    13.9724   4.243802    35.4538    101.180    101.977    13.9829   4.245533    35.4601     0.0300 2.3599e-02    -0.0056   100.1401      98.56    222.041     5.1038 1.0404e+03          1         18 0.0000e+00
   38.93128  -68.96116    13.9879   4.245973    35.4587    100.275    101.064    13.9971   4.247316    35.4626     0.0459 2.5182e-02    -0.0057   100.1422      98.56    223.046     5.1269 1.6743e+03          1         91 0.0000e+00
   38.93128  -68.96116    13.9913   4.246341    35.4586     99.213     99.994    13.9889   4.246228    35.4601     0.0459 2.5989e-02    -0.0053   100.1317      98.56    223.178     5.1299 5.7822e+02          1         14 0.0000e+00
   38.93128  -68.96118    13.9758   4.244121    35.4529     98.229     99.001    13.9698   4.243885    35.4566     0.0397 2.7147e-02    -0.0053   100.1324      98.56    222.838     5.1221 5.7886e+02          1         16 0.0000e+00
   38.93128  -68.96118    13.9466   4.240108    35.4434     97.187     97.951    13.9530   4.241236    35.4479     0.0307 2.8502e-02    -0.0055   100.1379      98.56    222.813     5.1215 5.8231e+02          1         21 0.0000e+00
   38.93128  -68.96118    13.9723   4.243752    35.4528     96.175     96.932    13.9696   4.243354    35.4518     0.0594 3.0174e-02    -0.0048   100.1204      98.56    223.074     5.1275 5.9277e+02          1        103 0.0000e+00
   38.93128  -68.96120    13.9795   4.244834    35.4562     95.288     96.037    13.9800   4.244904    35.4565     0.0479 3.1817e-02    -0.0053   100.1327      98.56    222.915     5.1239 5.8991e+02          1         37 0.0000e+00
   38.93128  -68.96120    13.9504   4.240716    35.4456     94.261     95.002    13.9550   4.241932    35.4527     0.0413 3.3603e-02    -0.0056   100.1385      98.56    223.044     5.1269 5.8326e+02          1         40 0.0000e+00
   38.93127  -68.96121    13.9096   4.234869    35.4297     93.228     93.960    13.8974   4.234039    35.4335     0.0422 3.5085e-02    -0.0046   100.1162      98.56    223.715     5.1422 5.8828e+02          1         44 0.0000e+00
   38.93126  -68.96122    13.8609   4.228277    35.4139     92.339     93.063    13.8650   4.229171    35.4184     0.0406 3.5978e-02    -0.0051   100.1272      98.56    223.897     5.1464 5.8105e+02          1         56 0.0000e+00
   38.93126  -68.96122    13.8498   4.226579    35.4083     91.298     92.015    13.8529   4.227304    35.4122     0.0505 3.8115e-02    -0.0057   100.1426      98.56    223.934     5.1473 5.8256e+02          1         31 0.0000e+00
   38.93126  -68.96122    13.8265   4.223321    35.4000     90.241     90.949    13.8384   4.225128    35.4057     0.0475 4.1087e-02    -0.0050   100.1236      98.56    223.707     5.1420 5.9021e+02          1         32 0.0000e+00
   38.93126  -68.96123    13.8265   4.223303    35.3994     89.561     90.263    13.8298   4.223952    35.4025     0.0480 4.2752e-02    -0.0050   100.1253      98.56    223.982     5.1484 5.9092e+02          1         56 0.0000e+00
   38.93126  -68.96126    13.8051   4.220033    35.3892     88.265     88.957    13.8085   4.220978    35.3949     0.0635 4.4171e-02    -0.0040   100.1019      98.56    223.888     5.1462 5.7328e+02          1         16 0.0000e+00
   38.93126  -68.96126    13.7832   4.216948    35.3813     87.262     87.946    13.7923   4.218464    35.3869     0.0579 4.6477e-02    -0.0034   100.0852      98.56    224.035     5.1496 5.7328e+02          1         19 0.0000e+00
   38.93126  -68.96126    13.7790   4.216355    35.3798     86.182     86.857    13.7793   4.216481    35.3807     0.0566 4.9630e-02    -0.0028   100.0706      98.56    223.786     5.1438 5.7811e+02          1         42 0.0000e+00
   38.93126  -68.96126    13.7936   4.218439    35.3852     85.389     86.058    13.7993   4.219276    35.3877     0.0706 5.2323e-02    -0.0030   100.0749      98.56    224.678     5.1643 5.8939e+02          1        120 0.0000e+00
   38.93126  -68.96126    13.7887   4.217615    35.3821     84.392     85.053    13.7933   4.218659    35.3877     0.0725 5.5944e-02    -0.0030   100.0755      98.56    224.725     5.1654 1.2006e+03          1         41 0.0000e+00
   38.93124  -68.96126    13.7917   4.217934    35.3826     83.386     84.039    13.7904   4.217835    35.3829     0.0580 5.8800e-02    -0.0025   100.0620      98.57    224.801     5.1672 2.1746e+03          1         28 0.0000e+00
   38.93124  -68.96126    13.8039   4.218633    35.3780     82.365     83.010    13.7916   4.217758    35.3815     0.0704 6.1737e-02    -0.0016   100.0406      98.55    224.748     5.1659 2.2186e+03          1         23 0.0000e+00
   38.93124  -68.96126    13.7369   4.209575    35.3568     81.305     81.941    13.7496   4.211577    35.3637     0.0821 6.4700e-02     0.0008    99.9790      98.56    225.153     5.1752 1.6517e+03          1         29 0.0000e+00
   38.93125  -68.96127    13.7489   4.211311    35.3616     80.436     81.065    13.7626   4.213208    35.3665     0.0948 6.6936e-02     0.0029    99.9283      98.52    226.116     5.1973 5.8763e+02          1         94 0.0000e+00
   38.93126  -68.96128    13.7380   4.209548    35.3556     79.336     79.956    13.7316   4.209165    35.3582     0.1007 7.2932e-02     0.0034    99.9165      98.56    225.923     5.1929 1.9378e+03          1         59 0.0000e+00
   38.93126  -68.96130    13.6874   4.202855    35.3407     78.445     79.059    13.6843   4.203023    35.3454     0.0961 7.6192e-02     0.0053    99.8691      98.56    226.226     5.1999 1.9854e+03          1         44 0.0000e+00
   38.93126  -68.96130    13.5394   4.183266    35.2968     77.375     77.980    13.6006   4.192172    35.3227     0.1051 7.9432e-02     0.0029    99.9290      98.56    227.344     5.2255 5.8205e+02          1         30 0.0000e+00
   38.93126  -68.96130    13.4653   4.173383    35.2735     76.382     76.979    13.4859   4.176917    35.2876     0.1309 8.3587e-02     0.0005    99.9880      98.56    226.627     5.2090 5.8632e+02          1         26 0.0000e+00
   38.93125  -68.96130    13.4134   4.166181    35.2543     75.367     75.955    13.4196   4.167892    35.2649     0.1218 8.8448e-02     0.0006    99.9867      98.56    227.079     5.2194 5.9383e+02          1         28 0.0000e+00
   38.93124  -68.96130    13.4328   4.168840    35.2596     74.664     75.247    13.4195   4.167174    35.2568     0.1106 9.2270e-02     0.0005    99.9887      98.57    228.159     5.2442 8.4635e+02          1         57 0.0000e+00
   38.93126  -68.96134    13.3879   4.162682    35.2434     73.433     74.006    13.4050   4.165423    35.2532     0.1085 9.9037e-02     0.0006    99.9845      98.56    228.596     5.2542 1.9746e+03          1         18 0.0000e+00
   38.93126  -68.96134    13.3355   4.155650    35.2266     72.376     72.941    13.3644   4.159982    35.2403     0.0892 1.0569e-01     0.0004    99.9911      98.56    227.632     5.2321 2.0295e+03          1         27 0.0000e+00
   38.93126  -68.96134    13.3628   4.159309    35.2344     71.489     72.047    13.3784   4.161398    35.2395     0.0722 1.1088e-01     0.0009    99.9772      98.57    227.551     5.2302 1.0202e+03          1         77 0.0000e+00
   38.93124  -68.96134    13.3345   4.155608    35.2258     70.459     71.009    13.3469   4.158472    35.2414     0.0871 1.1618e-01     0.0003    99.9935      98.57    228.463     5.2512 6.4187e+02          1         32 0.0000e+00
   38.93124  -68.96134    13.2712   4.146855    35.2026     69.407     69.948    13.2915   4.150265    35.2159     0.0915 1.2134e-01     0.0022    99.9449      98.57    228.379     5.2492 7.8215e+02          1         61 0.0000e+00
   38.93124  -68.96136    13.2032   4.137748    35.1796     68.456     68.990    13.2305   4.141579    35.1904     0.0955 1.3084e-01     0.0038    99.9057      98.57    229.144     5.2668 1.2520e+03          1         85 0.0000e+00
   38.93124  -68.96136    13.1767   4.134172    35.1701     67.546     68.072    13.1845   4.135500    35.1756     0.1222 1.4255e-01     0.0037    99.9072      98.57    230.215     5.2914 2.2631e+03          1         29 0.0000e+00
   38.93124  -68.96136    13.1321   4.127915    35.1529     66.496     67.014    13.1515   4.130862    35.1630     0.1090 1.5291e-01     0.0038    99.9058      98.56    230.037     5.2873 2.2673e+03          1         18 0.0000e+00
   38.93124  -68.96136    13.1049   4.124135    35.1429     65.464     65.974    13.1150   4.125814    35.1497     0.1119 1.6261e-01     0.0059    99.8524      98.57    229.832     5.2825 1.4082e+03          1         19 0.0000e+00
   38.93124  -68.96136    13.1447   4.129114    35.1517     64.440     64.941    13.1455   4.129420    35.1541     0.1244 1.6162e-01     0.0103    99.7436      98.57    230.887     5.3068 8.1156e+02          1        108 0.0000e+00
   38.93124  -68.96136    13.1545   4.130243    35.1528     63.479     63.972    13.1354   4.128503    35.1546     0.1302 1.7535e-01     0.0116    99.7116      98.57    230.244     5.2920 2.1828e+03          1         34 0.0000e+00
   38.93124  -68.96136    13.1792   4.132713    35.1528     62.602     63.089    13.1806   4.132606    35.1505     0.1372 2.0022e-01     0.0116    99.7116      98.57    230.440     5.2965 1.5220e+03          1         83 0.0000e+00
   38.93124  -68.96142    13.2817   4.143750    35.1605     61.584     62.063    13.2470   4.139527    35.1535     0.1493 2.0610e-01     0.0128    99.6806      98.57    230.346     5.2943 5.8549e+02          1         19 0.0000e+00
   38.93124  -68.96142    13.3342   4.149169    35.1626     60.591     61.062    13.3293   4.148398    35.1600     0.1623 2.1495e-01     0.0187    99.5348      98.57    230.371     5.2948 5.8681e+02          1         15 0.0000e+00
   38.93124  -68.96142    13.3164   4.146403    35.1541     59.540     60.003    13.3172   4.146952    35.1585     0.1981 2.2551e-01     0.0220    99.4531      98.57    231.354     5.3173 5.8877e+02          1         18 0.0000e+00
   38.93124  -68.96142    13.2986   4.144832    35.1573     58.533     58.988    13.2988   4.145044    35.1590     0.2386 2.4288e-01     0.0248    99.3818      98.57    233.568     5.3683 1.5094e+03          1         88 0.0000e+00
