Data/ruptures/KN207-01/QL-1/20701031.cnv
* Sea-Bird SBE 9 Data File:
* FileName = C:\Data\ctd\20701031.hex
* Software Version Seasave V 7.21e
* Temperature SN = 4406
* Conductivity SN = 1474
* Number of Bytes Per Scan = 40
* Number of Voltage Words = 5
* Number of Scans Averaged by the Deck Unit = 1
* NMEA Latitude = 38 52.06 N
* NMEA Longitude = 069 02.92 W
* NMEA UTC (Time) = Apr 25 2012 16:06:53
** R/V Knorr Cruise # KN207-01 QL1
** Chief Scientist: Ben Van Mooy
# nquan = 21
# nvalues = 401                         
# units = specified
# name 0 = latitude: Latitude [deg]
# name 1 = longitude: Longitude [deg]
# name 2 = t090C: Temperature [ITS-90, deg C]
# name 3 = c0S/m: Conductivity [S/m]
# name 4 = sal00: Salinity, Practical [PSU]
# name 5 = depSM: Depth [salt water, m]
# name 6 = prDM: Pressure, Digiquartz [db]
# name 7 = t190C: Temperature, 2 [ITS-90, deg C]
# name 8 = c1S/m: Conductivity, 2 [S/m]
# name 9 = sal11: Salinity, Practical, 2 [PSU]
# name 10 = flECO-AFL: Fluorescence, WET Labs ECO-AFL/FL [mg/m^3]
# name 11 = par: PAR/Irradiance, Biospherical/Licor
# name 12 = bat: Beam Attenuation, Chelsea/Seatech [1/m]
# name 13 = xmiss: Beam Transmission, Chelsea/Seatech [%]
# name 14 = altM: Altimeter [m]
# name 15 = sbeox0Mm/Kg: Oxygen, SBE 43 [umol/kg]
# name 16 = sbeox0ML/L: Oxygen, SBE 43 [ml/l]
# name 17 = spar: SPAR/Surface Irradiance
# name 18 = pumps: Pump Status
# name 19 = nbin: number of scans per bin
# name 20 = flag: flag
# span 0 =   38.86669,   38.86780       
# span 1 =  -69.05132,  -69.04882       
# span 2 =    11.2706,    14.7045       
# span 3 =   3.751882,   4.351875       
# span 4 =    32.2343,    35.8332       
# span 5 =      2.966,    200.974       
# span 6 =      2.988,    202.604       
# span 7 =    11.3005,    14.7043       
# span 8 =   3.831773,   4.352002       
# span 9 =    33.0198,    35.8359       
# span 10 =     0.0028,     2.5438      
# span 11 = 1.0000e-12, 9.6963e+01      
# span 12 =    -0.0143,     0.4977      
# span 13 =    88.3844,   100.3571      
# span 14 =       5.63,      98.88      
# span 15 =    137.869,    403.013      
# span 16 =     3.1701,     9.2548      
# span 17 = 1.7198e+03, 3.6678e+03      
# span 18 =          1,          1      
# span 19 =         12,        444      
# span 20 = 0.0000e+00, 0.0000e+00      
# interval = decibars: 1                
# start_time = Apr 25 2012 16:06:53 [NMEA time, header]
# bad_flag = -9.990e-29
*END*
[from data line 276]
   38.86728  -69.04998    14.6472   4.340591    35.7162    126.012    127.010    14.6455   4.340606    35.7178     0.0383 4.9796e-03    -0.0102   100.2566      98.56    208.784     4.7993 1.7328e+03          1         28 0.0000e+00
   38.86728  -69.05000    14.6239   4.336859    35.7042    125.026    126.017    14.6281   4.337771    35.7086     0.0255 7.2805e-03    -0.0106   100.2668      98.56    210.253     4.8331 1.7306e+03          1         24 0.0000e+00
   38.86728  -69.05000    14.6108   4.334783    35.6978    124.025    125.007    14.6151   4.335685    35.7020     0.0222 9.9888e-03    -0.0102   100.2543      98.56    210.377     4.8359 1.7260e+03          1         18 0.0000e+00
   38.86728  -69.05000    14.5890   4.331456    35.6880    123.003    123.977    14.6000   4.333525    35.6967     0.0284 1.0483e-02    -0.0098   100.2443      98.56    210.736     4.8442 1.7228e+03          1         15 0.0000e+00
   38.86728  -69.05000    14.5742   4.329255    35.6821    122.007    122.973    14.5822   4.330711    35.6880     0.0445 2.8627e-03    -0.0088   100.2186      98.55    211.933     4.8717 1.7203e+03          1         15 0.0000e+00
   38.86728  -69.05000    14.5650   4.327893    35.6784    121.006    121.964    14.5713   4.329234    35.6850     0.0411 2.5809e-05    -0.0090   100.2255      98.55    213.449     4.9065 1.7198e+03          1         15 0.0000e+00
   38.86728  -69.05000    14.5553   4.326532    35.6753    120.013    120.963    14.5561   4.326931    35.6783     0.0356 6.6810e-04    -0.0094   100.2343      98.55    214.268     4.9254 1.7218e+03          1         18 0.0000e+00
   38.86727  -69.05000    14.5475   4.325397    35.6723    118.927    119.868    14.5484   4.325511    35.6726     0.0278 5.2000e-05    -0.0092   100.2287      98.55    215.474     4.9531 1.7250e+03          1         50 0.0000e+00
   38.86726  -69.05000    14.5459   4.325158    35.6716    118.161    119.096    14.5443   4.325358    35.6750     0.0357 9.2274e-04    -0.0093   100.2329      98.56    216.567     4.9782 1.7266e+03          1         36 0.0000e+00
   38.86726  -69.05000    14.5011   4.318458    35.6522    117.077    118.003    14.5097   4.320058    35.6590     0.0394 1.0000e-12    -0.0086   100.2143      98.55    216.533     4.9774 1.7261e+03          1         20 0.0000e+00
   38.86726  -69.05000    14.4471   4.310684    35.6316    116.077    116.994    14.4567   4.313607    35.6497     0.0345 5.3309e-03    -0.0083   100.2060      98.56    216.226     4.9703 1.7240e+03          1         17 0.0000e+00
   38.86726  -69.05001    14.4201   4.306952    35.6227    115.081    115.990    14.4329   4.309075    35.6303     0.0279 4.2115e-03    -0.0081   100.2015      98.55    216.182     4.9693 1.7234e+03          1         18 0.0000e+00
   38.86726  -69.05002    14.4030   4.304555    35.6168    114.110    115.011    14.4063   4.305641    35.6238     0.0475 1.3440e-02    -0.0080   100.1988      98.56    217.026     4.9887 1.7243e+03          1         19 0.0000e+00
   38.86726  -69.05002    14.3889   4.302633    35.6123    113.096    113.989    14.3878   4.302712    35.6141     0.0401 1.5618e-02    -0.0076   100.1892      98.57    218.382     5.0198 1.7259e+03          1         25 0.0000e+00
   38.86726  -69.05002    14.3798   4.301332    35.6086    112.109    112.994    14.3787   4.301409    35.6105     0.0204 1.6444e-02    -0.0070   100.1767      98.56    219.231     5.0394 1.7278e+03          1         30 0.0000e+00
   38.86726  -69.05002    14.3691   4.299864    35.6049    111.180    112.058    14.3686   4.299957    35.6064     0.0248 3.9212e-03    -0.0070   100.1750      98.56    220.011     5.0573 1.7294e+03          1         33 0.0000e+00
   38.86724  -69.05004    14.3674   4.299565    35.6037    110.178    111.047    14.3677   4.299642    35.6041     0.0411 1.5546e-04    -0.0068   100.1702      98.56    220.303     5.0640 1.7306e+03          1         23 0.0000e+00
   38.86724  -69.05004    14.3601   4.298506    35.6009    109.162    110.023    14.3640   4.299175    35.6035     0.0453 1.0000e-12    -0.0061   100.1531      98.56    220.304     5.0640 1.7297e+03          1         17 0.0000e+00
   38.86724  -69.05004    14.3565   4.297975    35.5996    108.148    109.000    14.3574   4.298385    35.6026     0.0221 1.0000e-12    -0.0062   100.1561      98.56    220.333     5.0647 1.7281e+03          1         17 0.0000e+00
   38.86724  -69.05004    14.3350   4.294890    35.5915    107.105    107.949    14.3329   4.295149    35.5960     0.0320 1.0000e-12    -0.0064   100.1609      98.56    220.412     5.0665 1.7260e+03          1         19 0.0000e+00
   38.86724  -69.05004    14.3106   4.291433    35.5827    106.126    106.962    14.3041   4.290765    35.5827     0.0405 1.9041e-03    -0.0050   100.1256      98.56    220.644     5.0718 1.7232e+03          1         22 0.0000e+00
   38.86724  -69.05004    14.2997   4.289957    35.5793    105.176    106.004    14.3022   4.290337    35.5805     0.0362 4.7941e-03    -0.0055   100.1381      98.56    221.040     5.0809 1.7216e+03          1         30 0.0000e+00
   38.86724  -69.05004    14.2958   4.289347    35.5773    104.184    105.004    14.2985   4.289836    35.5792     0.0463 1.1719e-03    -0.0050   100.1261      98.56    221.755     5.0973 1.7252e+03          1         31 0.0000e+00
   38.86724  -69.05004    14.2913   4.288691    35.5754    103.155    103.967    14.2914   4.288994    35.5782     0.0395 3.2454e-03    -0.0047   100.1182      98.56    222.146     5.1063 1.7333e+03          1         33 0.0000e+00
   38.86724  -69.05004    14.2859   4.287881    35.5731    102.191    102.995    14.2857   4.287981    35.5742     0.0270 1.2850e-02    -0.0045   100.1126      98.56    222.135     5.1061 1.7384e+03          1         24 0.0000e+00
   38.86724  -69.05004    14.2809   4.287098    35.5707    101.258    102.055    14.2833   4.287587    35.5730     0.0409 2.5802e-03    -0.0051   100.1270      98.56    222.018     5.1034 1.7400e+03          1         20 0.0000e+00
   38.86724  -69.05007    14.2612   4.284316    35.5638    100.250    101.038    14.2603   4.284677    35.5679     0.0308 1.2577e-03    -0.0060   100.1510      98.56    222.019     5.1034 1.7390e+03          1         29 0.0000e+00
   38.86724  -69.05008    14.2379   4.281064    35.5556     99.241    100.021    14.2405   4.281704    35.5592     0.0445 2.3501e-03    -0.0056   100.1390      98.56    222.049     5.1041 1.7331e+03          1         30 0.0000e+00
   38.86724  -69.05008    14.2231   4.278764    35.5483     98.185     98.956    14.2233   4.279298    35.5531     0.0492 8.3216e-03    -0.0046   100.1161      98.56    221.969     5.1022 1.7250e+03          1         34 0.0000e+00
   38.86723  -69.05008    14.2161   4.277925    35.5466     97.510     98.276    14.2221   4.278849    35.5496     0.0408 7.0407e-03    -0.0050   100.1242      98.56    221.890     5.1004 1.7378e+03          1        104 0.0000e+00
   38.86722  -69.05008    14.1857   4.273529    35.5345     96.267     97.024    14.1937   4.274799    35.5388     0.0451 2.2263e-02    -0.0050   100.1232      98.57    222.353     5.1111 1.7492e+03          1         22 0.0000e+00
   38.86722  -69.05008    14.1617   4.270144    35.5259     95.242     95.990    14.1745   4.272220    35.5332     0.0431 2.0981e-02    -0.0051   100.1267      98.59    222.110     5.1055 1.7448e+03          1         22 0.0000e+00
   38.86722  -69.05010    14.1253   4.265102    35.5134     94.166     94.905    14.1214   4.265017    35.5165     0.0364 2.4554e-02    -0.0049   100.1210      98.56    222.324     5.1104 1.7351e+03          1         45 0.0000e+00
   38.86722  -69.05010    14.1247   4.265031    35.5129     93.316     94.048    14.1148   4.263942    35.5120     0.0438 1.5269e-02    -0.0040   100.1003      98.56    223.206     5.1306 1.7444e+03          1         97 0.0000e+00
   38.86720  -69.05010    14.0588   4.255924    35.4898     92.373     93.098    14.0620   4.256257    35.4898     0.0415 1.8537e-02     0.0235    99.4169      98.57    223.486     5.1370 1.7565e+03          1         44 0.0000e+00
   38.86720  -69.05010    14.0430   4.253585    35.4830     91.308     92.024    14.0588   4.256074    35.4912     0.0494 3.0446e-03    -0.0046   100.1155      98.57    224.508     5.1606 1.7517e+03          1         23 0.0000e+00
   38.86720  -69.05010    14.0200   4.250459    35.4757     90.291     90.999    14.0229   4.251153    35.4795     0.0454 1.2048e-02    -0.0029   100.0730      98.56    224.887     5.1692 1.7480e+03          1         21 0.0000e+00
   38.86720  -69.05012    14.0101   4.249075    35.4722     89.253     89.952    14.0128   4.249598    35.4746     0.0576 3.3932e-03    -0.0026   100.0641      98.56    224.561     5.1617 1.7445e+03          1         29 0.0000e+00
   38.86720  -69.05012    14.0154   4.249840    35.4739     88.431     89.124    14.0162   4.250011    35.4747     0.0482 4.5348e-03    -0.0020   100.0512      98.57    225.119     5.1746 1.7570e+03          1        113 0.0000e+00
   38.86720  -69.05014    14.0008   4.247912    35.4694     87.393     88.078    14.0015   4.248227    35.4717     0.0534 2.3811e-03    -0.0034   100.0847      98.57    224.762     5.1664 1.7749e+03          1         57 0.0000e+00
   38.86720  -69.05014    13.9860   4.245629    35.4623     86.370     87.047    13.9967   4.247257    35.4673     0.0456 1.5904e-02    -0.0033   100.0826      98.56    224.783     5.1668 1.7662e+03          1         24 0.0000e+00
   38.86720  -69.05014    13.9786   4.244561    35.4595     85.330     85.998    13.9835   4.245353    35.4623     0.0516 6.8506e-03    -0.0023   100.0573      98.56    224.904     5.1696 1.7595e+03          1         18 0.0000e+00
   38.86718  -69.05014    13.9771   4.244333    35.4591     84.317     84.977    13.9789   4.244674    35.4607     0.0434 1.0800e-02    -0.0026   100.0659      98.56    225.087     5.1738 1.7565e+03          1         18 0.0000e+00
   38.86718  -69.05015    13.9813   4.244925    35.4606     83.434     84.087    13.9809   4.244933    35.4611     0.0506 1.2825e-02    -0.0026   100.0659      98.56    224.880     5.1691 1.7735e+03          1        130 0.0000e+00
   38.86718  -69.05018    13.9792   4.244523    35.4590     82.370     83.014    13.9789   4.244643    35.4605     0.0475 7.1609e-03    -0.0028   100.0717      98.57    225.066     5.1734 1.7770e+03          1         20 0.0000e+00
   38.86718  -69.05018    13.9699   4.243221    35.4560     81.352     81.988    13.9733   4.243844    35.4587     0.0588 2.3254e-03    -0.0023   100.0576      98.56    225.033     5.1726 1.7756e+03          1         20 0.0000e+00
   38.86718  -69.05018    13.9605   4.241911    35.4530     80.319     80.947    13.9582   4.241844    35.4546     0.0561 4.1270e-03    -0.0022   100.0553      98.57    224.828     5.1679 1.7748e+03          1         29 0.0000e+00
   38.86716  -69.05016    13.9587   4.241669    35.4526     79.297     79.916    13.9575   4.241551    35.4526     0.0519 1.0134e-02    -0.0028   100.0693      98.57    224.279     5.1552 1.7786e+03          1         98 0.0000e+00
   38.86716  -69.05016    13.9371   4.238951    35.4478     78.461     79.074    13.9309   4.238474    35.4492     0.0409 4.9653e-02    -0.0030   100.0764      98.57    225.097     5.1741 1.7863e+03          1         45 0.0000e+00
   38.86716  -69.05020    13.9257   4.237099    35.4415     77.458     78.062    13.9272   4.237316    35.4420     0.0419 5.5931e-02    -0.0030   100.0765      98.57    224.254     5.1547 1.7880e+03          1         29 0.0000e+00
   38.86716  -69.05020    13.9152   4.235634    35.4380     76.384     76.980    13.9123   4.235467    35.4392     0.0446 3.1867e-02    -0.0030   100.0747      98.57    224.428     5.1587 1.7828e+03          1         31 0.0000e+00
   38.86716  -69.05020    13.8813   4.231036    35.4273     75.309     75.896    13.8895   4.232256    35.4309     0.0621 4.5885e-02    -0.0033   100.0839      98.57    224.611     5.1629 1.7858e+03          1         54 0.0000e+00
   38.86716  -69.05020    13.8731   4.230007    35.4252     74.570     75.152    13.8599   4.228426    35.4229     0.0585 4.0090e-02    -0.0025   100.0639      88.18    223.997     5.1487 1.7967e+03          1         76 0.0000e+00
   38.86716  -69.05020    13.8295   4.223539    35.4059     73.446     74.018    13.8328   4.223907    35.4062     0.0676 5.1894e-02    -0.0028   100.0714      98.57    224.836     5.1680 1.7845e+03          1         32 0.0000e+00
   38.86716  -69.05021    13.8122   4.220988    35.3985     72.421     72.986    13.8060   4.220507    35.3998     0.0532 2.9060e-02    -0.0022   100.0545      98.57    224.572     5.1619 1.7751e+03          1         32 0.0000e+00
   38.86716  -69.05022    13.7822   4.216875    35.3883     71.362     71.918    13.7861   4.217575    35.3911     0.0540 5.0128e-02    -0.0025   100.0638      98.58    224.721     5.1653 1.7807e+03          1         56 0.0000e+00
   38.86715  -69.05023    13.7819   4.216846    35.3880     70.526     71.075    13.7796   4.216684    35.3886     0.0590 6.7192e-02    -0.0026   100.0661      98.57    225.024     5.1723 1.7991e+03          1         60 0.0000e+00
   38.86714  -69.05024    13.7745   4.215776    35.3850     69.478     70.019    13.7774   4.216197    35.3862     0.0682 4.3874e-02    -0.0033   100.0836      98.58    225.236     5.1772 1.8027e+03          1         29 0.0000e+00
   38.86714  -69.05024    13.7655   4.214440    35.3812     68.455     68.988    13.7667   4.214898    35.3844     0.0668 2.8265e-02    -0.0021   100.0523      51.15    224.999     5.1717 1.7996e+03          1         36 0.0000e+00
   38.86714  -69.05023    13.7481   4.212140    35.3761     67.400     67.924    13.7478   4.212289    35.3778     0.0674 5.3790e-02    -0.0017   100.0420      98.58    225.460     5.1823 1.8175e+03          1         93 0.0000e+00
   38.86714  -69.05022    13.7310   4.210066    35.3728     66.510     67.028    13.7165   4.208196    35.3689     0.0589 6.6534e-02    -0.0015   100.0369      86.99    225.048     5.1728 1.8575e+03          1         32 0.0000e+00
   38.86714  -69.05022    13.6976   4.204977    35.3570     65.454     65.963    13.6968   4.205258    35.3602     0.0505 8.3485e-02    -0.0019   100.0462      61.94    225.446     5.1820 1.8730e+03          1         24 0.0000e+00
   38.86714  -69.05025    13.6798   4.202553    35.3511     64.425     64.926    13.6757   4.202219    35.3518     0.0595 9.8064e-02    -0.0010   100.0255      31.11    225.459     5.1823 1.8752e+03          1         33 0.0000e+00
   38.86714  -69.05026    13.6679   4.200805    35.3458     63.555     64.049    13.6605   4.200038    35.3455     0.0654 7.0294e-02     0.0016    99.9590      98.58    225.582     5.1851 1.8964e+03          1         76 0.0000e+00
   38.86713  -69.05026    13.6314   4.196055    35.3355     62.541     63.027    13.6364   4.196674    35.3365     0.0839 1.5290e-01    -0.0003   100.0073      98.57    225.552     5.1844 1.9647e+03          1         43 0.0000e+00
   38.86712  -69.05026    13.5788   4.189001    35.3189     61.496     61.974    13.5924   4.190931    35.3241     0.0743 1.7223e-01     0.0020    99.9501      98.58    226.303     5.2017 1.9691e+03          1         50 0.0000e+00
   38.86712  -69.05026    13.5215   4.181172    35.2992     60.571     61.042    13.5338   4.183932    35.3136     0.0759 2.1634e-01     0.0037    99.9077      98.58    226.931     5.2161 1.9204e+03          1         42 0.0000e+00
   38.86712  -69.05026    13.4431   4.170396    35.2715     59.514     59.976    13.4126   4.166553    35.2643     0.0953 1.9465e-01     0.0030    99.9248      98.57    228.195     5.2451 1.9151e+03          1         34 0.0000e+00
