Data/ruptures/KN207-01/QL-1/20701029.cnv
* Sea-Bird SBE 9 Data File:
* FileName = C:\Data\ctd\20701029.hex
* Software Version Seasave V 7.21e
* Temperature SN = 4406
* Conductivity SN = 1474
* Number of Bytes Per Scan = 40
* Number of Voltage Words = 5
* Number of Scans Averaged by the Deck Unit = 1
* NMEA Latitude = 38 52.92 N
* NMEA Longitude = 069 02.03 W
* NMEA UTC (Time) = Apr 25 2012 12:06:32
** R/V Knorr Cruise # KN207-01 QL1
** Chief Scientist: Ben Van Mooy
# nquan = 21
# nvalues = 398                         
# units = specified
# name 0 = latitude: Latitude [deg]
# name 1 = longitude: Longitude [deg]
# name 2 = t090C: Temperature [ITS-90, deg C]
# name 3 = c0S/m: Conductivity [S/m]
# name 4 = sal00: Salinity, Practical [PSU]
# name 5 = depSM: Depth [salt water, m]
# name 6 = prDM: Pressure, Digiquartz [db]
# name 7 = t190C: Temperature, 2 [ITS-90, deg C]
# name 8 = c1S/m: Conductivity, 2 [S/m]
# name 9 = sal11: Salinity, Practical, 2 [PSU]
# name 10 = flECO-AFL: Fluorescence, WET Labs ECO-AFL/FL [mg/m^3]
# name 11 = par: PAR/Irradiance, Biospherical/Licor
# name 12 = bat: Beam Attenuation, Chelsea/Seatech [1/m]
# name 13 = xmiss: Beam Transmission, Chelsea/Seatech [%]
# name 14 = altM: Altimeter [m]
# name 15 = sbeox0Mm/Kg: Oxygen, SBE 43 [umol/kg]
# name 16 = sbeox0ML/L: Oxygen, SBE 43 [ml/l]
# name 17 = spar: SPAR/Surface Irradiance
# name 18 = pumps: Pump Status
# name 19 = nbin: number of scans per bin
# name 20 = flag: flag
# span 0 =   38.88043,   38.88210       
# span 1 =  -69.03505,  -69.03395       
# span 2 =    11.3527,    14.7113       
# span 3 =   3.762219,   4.357642       
# span 4 =    32.7188,    35.8326       
# span 5 =      3.078,    200.227       
# span 6 =      3.102,    201.851       
# span 7 =    11.3324,    14.7114       
# span 8 =   3.807249,   4.357575       
# span 9 =    33.1539,    35.8356       
# span 10 =     0.0070,     2.5609      
# span 11 = 1.0000e-12, 8.2831e+01      
# span 12 =    -0.0122,     0.3442      
# span 13 =    91.7556,   100.3051      
# span 14 =      10.14,      98.71      
# span 15 =    145.536,    470.150      
# span 16 =     3.3462,    10.7966      
# span 17 = 4.8933e+02, 5.3312e+02      
# span 18 =          1,          1      
# span 19 =         11,        616      
# span 20 = 0.0000e+00, 0.0000e+00      
# interval = decibars: 1                
# start_time = Apr 25 2012 12:06:32 [NMEA time, header]
# bad_flag = -9.990e-29
*END*
[from data line 345]
   38.88112  -69.03464    12.5709   4.049573    34.9312     54.582     55.006    12.6295   4.059729    34.9737     0.2615 5.9724e-02     0.0291    99.2745      98.56    236.595     5.4377 5.2183e+02          1         32 0.0000e+00
   38.88112  -69.03464    12.5165   4.042594    34.9150     53.540     53.955    12.5133   4.042633    34.9192     0.2809 6.5575e-02     0.0297    99.2604      98.56    237.310     5.4541 5.1621e+02          1         36 0.0000e+00
   38.88112  -69.03464    12.4815   4.037923    34.9020     52.510     52.917    12.5146   4.041949    34.9098     0.3048 9.0667e-02     0.0328    99.1833      98.56    238.089     5.4720 5.1996e+02          1         72 0.0000e+00
   38.88110  -69.03464    12.3947   4.027859    34.8861     51.677     52.077    12.4501   4.033930    34.8926     0.3093 9.5965e-02     0.0343    99.1454      81.69    238.607     5.4839 5.2861e+02          1         47 0.0000e+00
   38.88110  -69.03464    12.3747   4.023938    34.8665     50.642     51.034    12.3934   4.027088    34.8800     0.3057 9.5241e-02     0.0376    99.0650      98.56    239.250     5.4987 5.2325e+02          1         33 0.0000e+00
   38.88110  -69.03464    12.3399   4.019285    34.8542     49.566     49.949    12.3375   4.019499    34.8593     0.3437 1.1884e-01     0.0412    98.9749      98.56    239.191     5.4973 5.1483e+02          1         35 0.0000e+00
   38.88110  -69.03464    12.3503   4.020654    34.8562     48.737     49.114    12.3671   4.022989    34.8633     0.3546 1.2652e-01     0.0421    98.9513      98.56    240.389     5.5248 5.2482e+02          1        104 0.0000e+00
   38.88108  -69.03466    12.3173   4.016297    34.8451     47.631     47.999    12.3315   4.018360    34.8520     0.3642 1.3234e-01     0.0434    98.9209      98.55    239.833     5.5120 5.2572e+02          1         22 0.0000e+00
   38.88108  -69.03466    12.2742   4.010235    34.8276     46.672     47.033    12.2862   4.012738    34.8409     0.3763 8.9595e-02     0.0467    98.8405      98.56    239.766     5.5105 5.1801e+02          1         18 0.0000e+00
   38.88108  -69.03466    12.2526   4.006965    34.8165     45.606     45.958    12.2548   4.007597    34.8210     0.3795 1.4635e-01     0.0499    98.7603      98.56    240.598     5.5295 5.1053e+02          1         31 0.0000e+00
   38.88107  -69.03465    12.2756   4.010220    34.8251     44.856     45.203    12.2875   4.011906    34.8305     0.4097 1.6261e-01     0.0524    98.6991      96.21    243.025     5.5853 5.2350e+02          1        118 0.0000e+00
   38.88106  -69.03464    12.2349   4.004128    34.8047     43.674     44.011    12.2393   4.005152    34.8109     0.4454 1.9054e-01     0.0543    98.6530      85.45    242.766     5.5794 5.2474e+02          1         29 0.0000e+00
   38.88106  -69.03464    12.1494   3.991444    34.7634     42.620     42.949    12.1802   3.996843    34.7868     0.4674 2.0717e-01     0.0607    98.4933      98.60    243.765     5.6022 5.1542e+02          1         31 0.0000e+00
   38.88106  -69.03466    12.1129   3.986431    34.7490     41.642     41.964    12.1284   3.989091    34.7605     0.5049 2.3526e-01     0.0674    98.3287      98.56    244.810     5.6262 5.1356e+02          1         48 0.0000e+00
   38.88106  -69.03466    12.0937   3.984424    34.7471     40.782     41.097    12.1199   3.987573    34.7531     0.5445 2.1000e-01     0.0750    98.1420      98.56    247.331     5.6842 5.2307e+02          1         59 0.0000e+00
   38.88104  -69.03468    12.0523   3.978581    34.7293     39.696     40.003    12.1147   3.986770    34.7499     0.5819 2.0360e-01     0.0840    97.9210      98.56    247.230     5.6818 5.2547e+02          1         42 0.0000e+00
   38.88104  -69.03468    11.9098   3.959628    34.6796     38.779     39.078    12.0337   3.976368    34.7255     0.6730 2.7275e-01     0.0985    97.5684      98.56    247.506     5.6881 5.2073e+02          1         74 0.0000e+00
   38.88104  -69.03468    11.7183   3.935057    34.6215     37.729     38.020    11.8534   3.954737    34.6864     0.7121 3.5387e-01     0.1127    97.2226      88.71    250.367     5.7538 5.1331e+02          1         26 0.0000e+00
   38.88104  -69.03468    11.5632   3.915326    34.5754     36.690     36.973    11.6023   3.923706    34.6223     0.8108 4.0262e-01     0.1208    97.0245      98.56    251.548     5.7809 5.1189e+02          1         27 0.0000e+00
   38.88104  -69.03468    11.6113   3.921581    34.5878     35.628     35.902    11.6495   3.925736    34.5935     0.9651 3.8227e-01     0.1341    96.7029      98.56    253.447     5.8245 5.2395e+02          1         89 0.0000e+00
   38.88102  -69.03468    11.5871   3.919183    34.5858     34.791     35.059    11.6503   3.927931    34.6127     1.0322 3.9160e-01     0.1380    96.6105      98.56    255.932     5.8817 5.2461e+02          1         43 0.0000e+00
   38.88102  -69.03468    11.5259   3.910488    34.5580     33.772     34.032    11.5262   3.911167    34.5658     1.1349 3.0994e-01     0.1425    96.4999      98.56    253.218     5.8192 5.1371e+02          1         37 0.0000e+00
   38.88101  -69.03469    11.4702   3.902529    34.5322     32.767     33.019    11.4979   3.906527    34.5463     1.2119 3.1249e-01     0.1583    96.1207      98.55    255.310     5.8672 5.0977e+02          1         32 0.0000e+00
   38.88100  -69.03470    11.4261   3.895882    34.5083     31.729     31.973    11.4690   3.902557    34.5342     1.3336 5.7670e-01     0.1855    95.4681      98.56    256.986     5.9057 5.1875e+02          1         36 0.0000e+00
   38.88100  -69.03471    11.4306   3.896161    34.5050     31.018     31.257    11.4471   3.899178    34.5201     1.4070 6.1435e-01     0.2096    94.8942      98.56    260.667     5.9903 5.2269e+02          1         56 0.0000e+00
   38.88100  -69.03472    11.3996   3.886450    34.4382     29.723     29.952    11.4161   3.891588    34.4740     1.5708 9.8447e-01     0.2248    94.5365      98.56    258.425     5.9385 5.0544e+02          1         29 0.0000e+00
   38.88099  -69.03471    11.4041   3.885633    34.4250     28.933     29.156    11.4192   3.890882    34.4630     1.7748 1.1684e+00     0.2350    94.2947      98.56    260.551     5.9873 5.1726e+02          1         88 0.0000e+00
   38.88098  -69.03472    11.3889   3.877646    34.3599     27.885     28.099    11.4045   3.884022    34.4083     2.0763 1.2670e+00     0.2641    93.6105      98.56    265.804     6.1077 5.1553e+02          1        117 0.0000e+00
   38.88096  -69.03474    11.3813   3.872755    34.3183     26.804     27.010    11.4071   3.883584    34.4011     2.4163 1.5227e+00     0.2773    93.3023      86.21    269.859     6.2007 5.2318e+02          1        138 0.0000e+00
   38.88096  -69.03474    11.3735   3.868700    34.2859     25.772     25.970    11.3815   3.872512    34.3164     2.3968 1.3585e+00     0.2800    93.2404      98.56    268.212     6.1627 5.1617e+02          1         45 0.0000e+00
   38.88095  -69.03474    11.3679   3.867385    34.2782     24.956     25.147    11.3766   3.870714    34.3032     2.5217 1.7218e+00     0.2879    93.0544      80.72    271.272     6.2330 5.2272e+02          1        176 0.0000e+00
   38.88082  -69.03483    11.3841   3.856623    34.1567     24.000     24.185    11.3844   3.857637    34.1665     2.5609 2.1269e+00     0.2966    92.8521      98.57    275.313     6.3252 5.1992e+02          1        395 0.0000e+00
   38.88076  -69.03488    11.3938   3.855953    34.1415     22.860     23.036    11.3931   3.855906    34.1418     2.5535 1.6750e+00     0.2994    92.7880      98.57    275.514     6.3298 5.3312e+02          1         30 0.0000e+00
   38.88076  -69.03488    11.4014   3.855559    34.1309     21.814     21.981    11.4013   3.855737    34.1328     2.5240 1.6022e+00     0.3012    92.7478      98.58    275.479     6.3289 5.1671e+02          1         25 0.0000e+00
   38.88076  -69.03490    11.4026   3.855625    34.1311     20.790     20.950    11.4037   3.855662    34.1303     2.4417 1.6542e+00     0.3017    92.7362      74.11    275.047     6.3190 5.2000e+02          1        128 0.0000e+00
   38.88074  -69.03490    11.4026   3.855524    34.1305     19.848     20.000    11.4037   3.855662    34.1308     2.4689 3.1196e+00     0.3017    92.7347      98.58    275.236     6.3233 5.2761e+02          1         17 0.0000e+00
   38.88074  -69.03490    11.4067   3.855269    34.1246     18.839     18.984    11.4084   3.855335    34.1236     2.4307 2.8770e+00     0.3020    92.7279      98.58    275.296     6.3247 5.1669e+02          1         19 0.0000e+00
   38.88073  -69.03489    11.4099   3.854826    34.1177     17.821     17.958    11.4095   3.854911    34.1189     2.3973 5.2891e+00     0.3070    92.6128      98.58    275.196     6.3223 5.1677e+02          1        102 0.0000e+00
   38.88072  -69.03492    11.4158   3.854034    34.1048     16.868     16.997    11.4128   3.854444    34.1117     2.4035 5.4602e+00     0.3065    92.6224      98.58    275.507     6.3294 5.2821e+02          1         25 0.0000e+00
   38.88072  -69.03492    11.4157   3.853897    34.1041     15.830     15.951    11.4163   3.853696    34.1015     2.4039 7.9609e+00     0.3119    92.4986      98.58    275.385     6.3266 5.1299e+02          1         35 0.0000e+00
   38.88071  -69.03491    11.4273   3.852827    34.0829     15.125     15.241    11.4191   3.852927    34.0917     2.5320 1.0524e+01     0.3159    92.4066      98.57    275.646     6.3325 5.2412e+02          1         76 0.0000e+00
   38.88070  -69.03494    11.4574   3.853618    34.0630     13.881     13.988    11.4259   3.852901    34.0856     2.4913 1.2798e+01     0.3184    92.3484      98.58    275.361     6.3258 5.2103e+02          1         38 0.0000e+00
   38.88070  -69.03493    11.6357   3.860992    33.9685     12.895     12.994    11.5260   3.856544    34.0277     2.3854 1.5075e+01     0.3222    92.2605      98.58    276.250     6.3456 5.2535e+02          1        122 0.0000e+00
   38.88070  -69.03492    11.8183   3.867140    33.8598     11.915     12.007    11.6242   3.859840    33.9690     2.0596 1.4275e+01     0.3241    92.2166      98.58    276.796     6.3574 5.2632e+02          1         40 0.0000e+00
   38.88069  -69.03492    11.7888   3.865945    33.8784     10.953     11.037    11.6735   3.861598    33.9418     1.8682 1.4940e+01     0.3223    92.2591      98.58    278.044     6.3862 5.2647e+02          1        103 0.0000e+00
   38.88068  -69.03492    11.8205   3.865856    33.8497      9.899      9.974    11.7172   3.862386    33.9100     1.7736 2.0058e+01     0.3228    92.2468      98.58    277.543     6.3745 5.2715e+02          1         53 0.0000e+00
   38.88066  -69.03494    11.8573   3.865600    33.8147      9.135      9.205    11.8438   3.865589    33.8253     1.4849 2.1772e+01     0.3212    92.2843      98.58    277.697     6.3778 5.2665e+02          1        131 0.0000e+00
   38.88066  -69.03494    11.9130   3.866118    33.7694      7.930      7.991    11.8304   3.864687    33.8312     1.3126 3.3067e+01     0.3190    92.3366      98.58    277.905     6.3823 5.2430e+02          1         46 0.0000e+00
   38.88061  -69.03496    11.9382   3.867220    33.7608      6.781      6.833    11.9126   3.866436    33.7760     1.0821 3.8859e+01     0.3012    92.7472      86.31    274.140     6.2958 5.2767e+02          1        139 0.0000e+00
   38.88058  -69.03498    11.9999   3.870067    33.7323      5.950      5.995    12.0005   3.870101    33.7317     0.8605 4.0558e+01     0.2966    92.8527      71.26    273.505     6.2810 5.2826e+02          1        616 0.0000e+00
   38.88051  -69.03501    12.0016   3.870170    33.7324      5.236      5.276    12.0019   3.870222    33.7327     0.8692 4.5107e+01     0.2952    92.8851      71.19    273.523     6.2814 5.2058e+02          1        237 0.0000e+00
   38.88046  -69.03504    11.9963   3.869757    33.7338      3.862      3.892    11.9962   3.869779    33.7342     0.8294 6.0633e+01     0.2946    92.8999      22.80    273.354     6.2775 5.2819e+02          1        146 0.0000e+00
   38.88043  -69.03505    11.9976   3.869822    33.7337      3.078      3.102    11.9967   3.869781    33.7340     0.8039 8.2831e+01     0.2950    92.8894      10.14    273.473     6.2802 5.2999e+02          1        326 0.0000e+00
