Data/ruptures/KN207-01/QL-1/20701028.cnv
* Sea-Bird SBE 9 Data File:
* FileName = C:\Data\ctd\20701028.hex
* Software Version Seasave V 7.21e
* Temperature SN = 4406
* Conductivity SN = 1474
* Number of Bytes Per Scan = 40
* Number of Voltage Words = 5
* Number of Scans Averaged by the Deck Unit = 1
* NMEA Latitude = 38 53.71 N
* NMEA Longitude = 069 01.48 W
* NMEA UTC (Time) = Apr 25 2012 10:04:54
** R/V Knorr Cruise # KN207-01 QL1
** Chief Scientist: Ben Van Mooy
# nquan = 21
# nvalues = 397                         
# units = specified
# name 0 = latitude: Latitude [deg]
# name 1 = longitude: Longitude [deg]
# name 2 = t090C: Temperature [ITS-90, deg C]
# name 3 = c0S/m: Conductivity [S/m]
# name 4 = sal00: Salinity, Practical [PSU]
# name 5 = depSM: Depth [salt water, m]
# name 6 = prDM: Pressure, Digiquartz [db]
# name 7 = t190C: Temperature, 2 [ITS-90, deg C]
# name 8 = c1S/m: Conductivity, 2 [S/m]
# name 9 = sal11: Salinity, Practical, 2 [PSU]
# name 10 = flECO-AFL: Fluorescence, WET Labs ECO-AFL/FL [mg/m^3]
# name 11 = par: PAR/Irradiance, Biospherical/Licor
# name 12 = bat: Beam Attenuation, Chelsea/Seatech [1/m]
# name 13 = xmiss: Beam Transmission, Chelsea/Seatech [%]
# name 14 = altM: Altimeter [m]
# name 15 = sbeox0Mm/Kg: Oxygen, SBE 43 [umol/kg]
# name 16 = sbeox0ML/L: Oxygen, SBE 43 [ml/l]
# name 17 = spar: SPAR/Surface Irradiance
# name 18 = pumps: Pump Status
# name 19 = nbin: number of scans per bin
# name 20 = flag: flag
# span 0 =   38.89299,   38.89516       
# span 1 =  -69.02736,  -69.02470       
# span 2 =    11.2848,    14.7394       
# span 3 =   3.608182,   4.360876       
# span 4 =    31.1655,    35.8360       
# span 5 =      2.891,    199.211       
# span 6 =      2.914,    200.827       
# span 7 =    11.2573,    14.7394       
# span 8 =   3.781496,   4.361153       
# span 9 =    32.8299,    35.8435       
# span 10 =     0.0031,     2.7746      
# span 11 = 1.0000e-12, 8.3177e+00      
# span 12 =    -0.0150,     0.3317      
# span 13 =    92.0425,   100.3770      
# span 14 =       5.47,      98.62      
# span 15 =    146.513,    451.608      
# span 16 =     3.3686,    10.3704      
# span 17 = 6.9195e+01, 2.5906e+02      
# span 18 =          0,          1      
# span 19 =         12,        861      
# span 20 = 0.0000e+00, 0.0000e+00      
# interval = decibars: 1                
# start_time = Apr 25 2012 10:04:54 [NMEA time, header]
# bad_flag = -9.990e-29
*END*
[from data line 138]
   38.89474  -69.02540    14.5047   4.320295    35.6507    139.904    141.018    14.5042   4.319743    35.6460     0.0322 1.0000e-12    -0.0082   100.2037      98.50    219.315     5.0413 9.7275e+01          1         23 0.0000e+00
   38.89474  -69.02540    14.5471   4.326441    35.6674    140.875    141.997    14.5470   4.326124    35.6646     0.0169 1.0000e-12    -0.0084   100.2082      98.49    218.734     5.0280 9.7663e+01          1         23 0.0000e+00
   38.89474  -69.02540    14.5599   4.328199    35.6717    141.850    142.980    14.5594   4.328156    35.6718     0.0304 1.0000e-12    -0.0094   100.2347      98.49    218.241     5.0167 9.7962e+01          1         24 0.0000e+00
   38.89472  -69.02542    14.5748   4.330413    35.6782    142.844    143.982    14.5740   4.330202    35.6770     0.0480 1.0000e-12    -0.0096   100.2400      98.50    216.764     4.9827 9.8062e+01          1         26 0.0000e+00
   38.89472  -69.02542    14.5888   4.332506    35.6844    143.866    145.013    14.5881   4.332390    35.6839     0.0244 1.0000e-12    -0.0096   100.2405      98.49    215.655     4.9572 9.7818e+01          1         27 0.0000e+00
   38.89472  -69.02542    14.5975   4.333824    35.6884    144.859    146.014    14.5972   4.333784    35.6883     0.0173 1.0000e-12    -0.0093   100.2336      98.50    215.621     4.9565 9.7962e+01          1         24 0.0000e+00
   38.89472  -69.02542    14.6038   4.334876    35.6921    145.841    147.005    14.6040   4.334945    35.6926     0.0171 1.0000e-12    -0.0083   100.2064      98.50    215.168     4.9461 9.8042e+01          1         21 0.0000e+00
   38.89472  -69.02542    14.6061   4.335214    35.6930    146.829    148.001    14.6060   4.335281    35.6938     0.0091 1.0000e-12    -0.0108   100.2700      98.50    215.080     4.9440 9.8042e+01          1         21 0.0000e+00
   38.89472  -69.02542    14.6109   4.335954    35.6953    147.857    149.037    14.6107   4.335922    35.6951     0.0131 1.0000e-12    -0.0103   100.2585      98.50    215.505     4.9538 9.8148e+01          1         23 0.0000e+00
   38.89472  -69.02542    14.6219   4.337561    35.6995    148.865    150.054    14.6221   4.337603    35.6998     0.0313 1.0000e-12    -0.0107   100.2693      98.50    215.185     4.9465 9.8148e+01          1         25 0.0000e+00
   38.89472  -69.02542    14.6244   4.337921    35.7005    149.814    151.011    14.6240   4.337951    35.7012     0.0272 1.0000e-12    -0.0104   100.2612      98.50    214.756     4.9366 9.8148e+01          1         34 0.0000e+00
   38.89472  -69.02542    14.6266   4.338379    35.7026    150.741    151.946    14.6265   4.338407    35.7030     0.0269 1.0000e-12    -0.0096   100.2391      98.50    213.537     4.9086 9.8234e+01          1         26 0.0000e+00
   38.89471  -69.02543    14.6310   4.339180    35.7056    151.748    152.961    14.6310   4.339187    35.7057     0.0232 1.0000e-12    -0.0106   100.2651      98.50    212.924     4.8945 9.8735e+01          1         19 0.0000e+00
   38.89470  -69.02544    14.6357   4.339935    35.7079    152.788    154.010    14.6355   4.339962    35.7083     0.0177 1.0000e-12    -0.0111   100.2771      98.50    212.851     4.8928 9.8673e+01          1         17 0.0000e+00
   38.89470  -69.02544    14.6396   4.340610    35.7101    153.788    155.018    14.6392   4.340567    35.7101     0.0194 1.0000e-12    -0.0117   100.2929      98.50    212.506     4.8849 9.8768e+01          1         18 0.0000e+00
   38.89470  -69.02544    14.6461   4.341695    35.7138    154.810    156.049    14.6459   4.341683    35.7139     0.0500 1.0000e-12    -0.0115   100.2875      98.50    211.600     4.8641 9.8491e+01          1         26 0.0000e+00
   38.89470  -69.02544    14.6332   4.340207    35.7121    155.775    157.022    14.6333   4.340536    35.7151     0.0338 1.0000e-12    -0.0119   100.2962      98.50    210.981     4.8499 9.8912e+01          1         38 0.0000e+00
   38.89470  -69.02545    14.6093   4.337664    35.7110    156.708    157.963    14.6093   4.337751    35.7119     0.0445 1.0000e-12    -0.0116   100.2910      98.49    210.166     4.8312 9.9636e+01          1         27 0.0000e+00
   38.89470  -69.02546    14.6142   4.338838    35.7168    157.706    158.969    14.6141   4.338792    35.7165     0.0397 1.0000e-12    -0.0116   100.2908      98.50    209.525     4.8164 1.0015e+02          1         19 0.0000e+00
   38.89470  -69.02546    14.6223   4.340401    35.7232    158.728    160.000    14.6221   4.340312    35.7226     0.0320 1.0000e-12    -0.0119   100.2972      98.49    208.799     4.7997 1.0001e+02          1         18 0.0000e+00
   38.89470  -69.02546    14.6286   4.341620    35.7281    159.746    161.026    14.6285   4.341526    35.7273     0.0273 1.0000e-12    -0.0126   100.3139      98.49    208.149     4.7848 9.9962e+01          1         16 0.0000e+00
   38.89470  -69.02546    14.6466   4.344630    35.7384    160.712    162.000    14.6464   4.344398    35.7366     0.0031 1.0000e-12    -0.0125   100.3124      98.49    207.240     4.7640 1.0026e+02          1         19 0.0000e+00
   38.89470  -69.02546    14.6662   4.347989    35.7506    161.732    163.029    14.6659   4.347782    35.7490     0.0313 1.0000e-12    -0.0127   100.3176      98.50    205.149     4.7159 1.0030e+02          1         29 0.0000e+00
   38.89468  -69.02548    14.6818   4.350760    35.7612    162.618    163.922    14.6816   4.350672    35.7607     0.0249 1.0000e-12    -0.0125   100.3131      98.50    201.766     4.6382 1.0049e+02          1         41 0.0000e+00
   38.89468  -69.02548    14.6965   4.353252    35.7702    163.658    164.971    14.6961   4.353143    35.7695     0.0366 1.0000e-12    -0.0121   100.3021      98.49    198.974     4.5740 1.0048e+02          1         23 0.0000e+00
   38.89468  -69.02548    14.7066   4.355034    35.7768    164.691    166.012    14.7065   4.355019    35.7767     0.0426 1.0000e-12    -0.0132   100.3312      98.50    198.315     4.5589 1.0038e+02          1         21 0.0000e+00
   38.89468  -69.02548    14.7105   4.355741    35.7793    165.661    166.991    14.7102   4.355748    35.7797     0.0368 1.0000e-12    -0.0134   100.3351      98.50    197.593     4.5423 1.0038e+02          1         20 0.0000e+00
   38.89468  -69.02548    14.7159   4.356657    35.7824    166.659    167.997    14.7160   4.356652    35.7823     0.0295 1.0000e-12    -0.0137   100.3440      98.50    196.581     4.5190 1.0079e+02          1         22 0.0000e+00
   38.89468  -69.02548    14.7294   4.358938    35.7905    167.689    169.036    14.7291   4.358800    35.7895     0.0295 1.0000e-12    -0.0132   100.3300      98.50    195.292     4.4894 1.0058e+02          1         22 0.0000e+00
   38.89468  -69.02548    14.7394   4.360597    35.7960    168.674    170.030    14.7393   4.360541    35.7956     0.0273 1.0000e-12    -0.0130   100.3249      98.50    194.086     4.4617 1.0127e+02          1         20 0.0000e+00
   38.89468  -69.02548    14.7394   4.360876    35.7983    169.645    171.008    14.7394   4.361153    35.8010     0.0150 1.0000e-12    -0.0131   100.3263      98.50    192.763     4.4313 1.0208e+02          1         21 0.0000e+00
   38.89468  -69.02548    14.7045   4.357264    35.7980    170.648    172.020    14.7051   4.357810    35.8024     0.0354 1.0000e-12    -0.0130   100.3259      98.51    191.301     4.3977 1.0225e+02          1         25 0.0000e+00
   38.89468  -69.02548    14.6415   4.350017    35.7904    171.635    173.015    14.6416   4.350654    35.7962     0.0172 1.0000e-12    -0.0132   100.3291      98.50    190.492     4.3791 1.0230e+02          1         29 0.0000e+00
   38.89466  -69.02550    14.5545   4.339739    35.7773    172.597    173.986    14.5557   4.340715    35.7852     0.0292 1.0000e-12    -0.0133   100.3315      98.50    186.362     4.2842 1.0163e+02          1         34 0.0000e+00
   38.89466  -69.02550    14.4728   4.330657    35.7700    173.560    174.957    14.4738   4.331410    35.7760     0.0377 1.0000e-12    -0.0132   100.3289      98.50    181.356     4.1692 1.0215e+02          1         24 0.0000e+00
   38.89466  -69.02550    14.4484   4.328333    35.7705    174.564    175.969    14.4481   4.328440    35.7718     0.0438 1.0000e-12    -0.0128   100.3200      98.50    178.192     4.0965 1.0261e+02          1         18 0.0000e+00
   38.89466  -69.02550    14.4487   4.328477    35.7706    175.604    177.018    14.4485   4.328545    35.7715     0.0409 1.0000e-12    -0.0126   100.3138      98.50    174.422     4.0098 1.0261e+02          1         19 0.0000e+00
   38.89466  -69.02550    14.4491   4.328568    35.7703    176.610    178.033    14.4489   4.328679    35.7714     0.0290 1.0000e-12    -0.0122   100.3057      98.50    170.644     3.9229 1.0284e+02          1         19 0.0000e+00
   38.89466  -69.02552    14.4393   4.328098    35.7743    177.581    179.012    14.4395   4.328136    35.7745     0.0437 1.0000e-12    -0.0120   100.3002      98.49    168.103     3.8645 1.0270e+02          1         25 0.0000e+00
   38.89466  -69.02552    14.4448   4.330386    35.7893    178.561    180.000    14.4445   4.330355    35.7893     0.0471 1.0000e-12    -0.0123   100.3072      98.50    168.095     3.8644 1.0273e+02          1         36 0.0000e+00
   38.89466  -69.02552    14.4552   4.332196    35.7953    179.515    180.962    14.4551   4.332124    35.7947     0.0140 1.0000e-12    -0.0120   100.3006      98.50    168.254     3.8681 1.0269e+02          1         28 0.0000e+00
   38.89466  -69.02552    14.4643   4.334125    35.8038    180.542    181.998    14.4641   4.334235    35.8050     0.0156 1.0000e-12    -0.0135   100.3390      98.50    168.298     3.8691 1.0250e+02          1         20 0.0000e+00
   38.89465  -69.02552    14.4438   4.332026    35.8033    181.561    183.025    14.4438   4.332537    35.8080     0.0191 1.0000e-12    -0.0077   100.1935      98.50    168.590     3.8758 1.0289e+02          1         16 0.0000e+00
   38.89464  -69.02552    14.4058   4.327920    35.8009    182.548    184.021    14.4049   4.328534    35.8074     0.0150 1.0000e-12    -0.0115   100.2866      98.50    168.822     3.8812 1.0317e+02          1         16 0.0000e+00
   38.89464  -69.02552    14.3748   4.324868    35.8013    183.540    185.022    14.3748   4.325172    35.8041     0.0363 1.0000e-12    -0.0132   100.3300      98.50    168.813     3.8810 1.0392e+02          1         17 0.0000e+00
   38.89464  -69.02552    14.3677   4.324506    35.8039    184.509    185.999    14.3677   4.324600    35.8048     0.0372 1.0000e-12    -0.0132   100.3300      98.50    167.074     3.8410 1.0448e+02          1         25 0.0000e+00
   38.89464  -69.02552    14.3700   4.325051    35.8058    185.526    187.024    14.3700   4.325161    35.8068     0.0391 1.0000e-12    -0.0130   100.3258      98.50    162.187     3.7287 1.0475e+02          1         49 0.0000e+00
   38.89464  -69.02554    14.3699   4.325973    35.8135    186.462    187.968    14.3699   4.325964    35.8135     0.0419 1.0000e-12    -0.0133   100.3318      98.50    160.216     3.6834 1.0492e+02          1         29 0.0000e+00
   38.89464  -69.02554    14.3667   4.327056    35.8259    187.468    188.983    14.3665   4.327169    35.8271     0.0448 1.0000e-12    -0.0131   100.3277      98.50    160.467     3.6892 1.0474e+02          1         22 0.0000e+00
   38.89464  -69.02554    14.3670   4.327832    35.8322    188.444    189.967    14.3670   4.327928    35.8331     0.0308 1.0000e-12    -0.0136   100.3414      98.50    159.947     3.6773 1.0459e+02          1         18 0.0000e+00
   38.89464  -69.02554    14.3562   4.327010    35.8343    189.442    190.974    14.3576   4.327414    35.8367     0.0267 1.0000e-12    -0.0137   100.3428      98.50    158.181     3.6367 1.0484e+02          1         18 0.0000e+00
   38.89464  -69.02554    14.3247   4.324021    35.8360    190.412    191.953    14.3199   4.324331    35.8435     0.0362 1.0000e-12    -0.0123   100.3077      98.50    155.904     3.5844 1.0469e+02          1         15 0.0000e+00
   38.89464  -69.02554    14.2572   4.316360    35.8286    191.414    192.962    14.2561   4.317032    35.8359     0.0316 1.0000e-12    -0.0095   100.2386      98.50    153.931     3.5390 1.0484e+02          1         18 0.0000e+00
   38.89463  -69.02554    14.2011   4.309842    35.8205    192.476    194.034    14.2016   4.310743    35.8284     0.0361 1.0000e-12    -0.0140   100.3506      98.51    152.293     3.5014 1.0484e+02          1         20 0.0000e+00
   38.89462  -69.02554    14.1633   4.305793    35.8176    193.530    195.097    14.1634   4.305990    35.8194     0.0317 1.0000e-12    -0.0137   100.3435      98.50    149.669     3.4411 1.0560e+02          1         38 0.0000e+00
   38.89462  -69.02554    14.1624   4.305871    35.8177    194.373    195.947    14.1624   4.305956    35.8186     0.0400 1.0000e-12    -0.0132   100.3294      98.50    148.627     3.4171 1.0649e+02          1         46 0.0000e+00
   38.89462  -69.02555    14.1462   4.304205    35.8165    195.426    197.009    14.1465   4.304564    35.8196     0.0118 1.0000e-12    -0.0141   100.3522      98.50    148.915     3.4238 1.0584e+02          1         29 0.0000e+00
   38.89462  -69.02556    14.0764   4.296172    35.8072    196.375    197.966    14.0788   4.297484    35.8172     0.0321 1.0000e-12    -0.0144   100.3617      98.50    149.036     3.4266 1.0543e+02          1         30 0.0000e+00
   38.89462  -69.02556    13.9840   4.285570    35.7951    197.410    199.011    13.9827   4.286120    35.8015     0.0184 1.0000e-12    -0.0147   100.3677      98.50    148.621     3.4171 1.0596e+02          1         30 0.0000e+00
   38.89462  -69.02557    13.9305   4.279346    35.7855    198.325    199.933    13.9320   4.279739    35.7878     0.0334 1.0000e-12    -0.0144   100.3617      98.50    148.008     3.4030 1.0716e+02          1         98 0.0000e+00
   38.89459  -69.02561    13.9100   4.277360    35.7821    199.211    200.827    13.9158   4.278020    35.7830     0.0331 1.0000e-12    -0.0143   100.3570      94.07    147.069     3.3814 1.0982e+02          1        385 0.0000e+00
   38.89456  -69.02564    13.9019   4.276304    35.7782    198.543    200.153    13.9058   4.276876    35.7801     0.0397 1.0000e-12    -0.0148   100.3714      98.51    146.674     3.3723 1.1173e+02          1        121 0.0000e+00
   38.89456  -69.02565    13.9333   4.280036    35.7836    197.478    199.079    13.9374   4.279977    35.7793     0.0068 1.0000e-12    -0.0150   100.3770      98.51    146.690     3.3727 1.1245e+02          1         29 0.0000e+00
   38.89456  -69.02566    14.0060   4.288574    35.7945    196.453    198.045    13.9861   4.285741    35.7872     0.0298 1.0000e-12    -0.0147   100.3685      98.50    146.513     3.3686 1.1183e+02          1         22 0.0000e+00
   38.89456  -69.02566    14.0748   4.296535    35.8038    195.436    197.019    14.0633   4.293951    35.7908     0.0224 1.0000e-12    -0.0141   100.3520      98.50    146.518     3.3687 1.1249e+02          1         21 0.0000e+00
   38.89456  -69.02566    14.1182   4.301187    35.8068    194.438    196.013    14.0994   4.299038    35.8047     0.0159 1.0000e-12    -0.0139   100.3478      98.51    146.810     3.3753 1.1247e+02          1         26 0.0000e+00
   38.89456  -69.02566    14.1380   4.303378    35.8095    193.422    194.988    14.1299   4.302380    35.8079     0.0150 1.0000e-12    -0.0144   100.3604      98.51    147.128     3.3827 1.1295e+02          1         33 0.0000e+00
   38.89456  -69.02566    14.1439   4.303619    35.8073    192.432    193.989    14.1237   4.301589    35.8076     0.0397 1.0000e-12    -0.0144   100.3616      98.50    147.652     3.3947 1.1344e+02          1         35 0.0000e+00
