Data/ruptures/KN207-01/QL-1/20701037.cnv
* Sea-Bird SBE 9 Data File:
* FileName = C:\Data\ctd\20701037.hex
* Software Version Seasave V 7.21e
* Temperature SN = 4406
* Conductivity SN = 1474
* Number of Bytes Per Scan = 40
* Number of Voltage Words = 5
* Number of Scans Averaged by the Deck Unit = 1
* NMEA Latitude = 38 48.51 N
* NMEA Longitude = 069 07.19 W
* NMEA UTC (Time) = Apr 26 2012 12:08:14
** R/V Knorr Cruise # KN207-01 QL1
** Chief Scientist: Ben Van Mooy
# nquan = 21
# nvalues = 400                         
# units = specified
# name 0 = latitude: Latitude [deg]
# name 1 = longitude: Longitude [deg]
# name 2 = t090C: Temperature [ITS-90, deg C]
# name 3 = c0S/m: Conductivity [S/m]
# name 4 = sal00: Salinity, Practical [PSU]
# name 5 = depSM: Depth [salt water, m]
# name 6 = prDM: Pressure, Digiquartz [db]
# name 7 = t190C: Temperature, 2 [ITS-90, deg C]
# name 8 = c1S/m: Conductivity, 2 [S/m]
# name 9 = sal11: Salinity, Practical, 2 [PSU]
# name 10 = flECO-AFL: Fluorescence, WET Labs ECO-AFL/FL [mg/m^3]
# name 11 = par: PAR/Irradiance, Biospherical/Licor
# name 12 = bat: Beam Attenuation, Chelsea/Seatech [1/m]
# name 13 = xmiss: Beam Transmission, Chelsea/Seatech [%]
# name 14 = altM: Altimeter [m]
# name 15 = sbeox0Mm/Kg: Oxygen, SBE 43 [umol/kg]
# name 16 = sbeox0ML/L: Oxygen, SBE 43 [ml/l]
# name 17 = spar: SPAR/Surface Irradiance
# name 18 = pumps: Pump Status
# name 19 = nbin: number of scans per bin
# name 20 = flag: flag
# span 0 =   38.80804,   38.80862       
# span 1 =  -69.12182,  -69.11996       
# span 2 =    11.2356,    14.7307       
# span 3 =   3.512450,   4.360906       
# span 4 =    29.9088,    35.8284       
# span 5 =      2.437,    199.956       
# span 6 =      2.455,    201.577       
# span 7 =    11.2475,    14.7306       
# span 8 =   3.727986,   4.361106       
# span 9 =    31.9771,    35.8307       
# span 10 =     0.0017,     2.7699      
# span 11 = 1.0000e-12, 1.4295e+01      
# span 12 =    -0.0140,     0.4312      
# span 13 =    89.8244,   100.3509      
# span 14 =      28.88,      98.70      
# span 15 =    140.054,    462.367      
# span 16 =     3.2202,    10.6176      
# span 17 = 2.2159e+03, 2.3065e+03      
# span 18 =          1,          1      
# span 19 =          1,        971      
# span 20 = 0.0000e+00, 0.0000e+00      
# interval = decibars: 1                
# start_time = Apr 26 2012 12:08:14 [NMEA time, header]
# bad_flag = -9.990e-29
*END*
[from data line 276]
   38.80826  -69.12086    14.5553   4.327718    35.6847    124.019    125.001    14.5545   4.327680    35.6851     0.0340 1.0000e-12    -0.0090   100.2251      98.57    208.444     4.7915 2.2546e+03          1         24 0.0000e+00
   38.80826  -69.12086    14.5400   4.325167    35.6758    123.026    124.000    14.5439   4.326143    35.6811     0.0226 1.0000e-12    -0.0081   100.2015      98.57    209.554     4.8170 2.2561e+03          1         25 0.0000e+00
   38.80824  -69.12088    14.5380   4.324612    35.6727    122.039    123.005    14.5394   4.324868    35.6737     0.0320 1.0000e-12    -0.0064   100.1598      98.57    209.336     4.8120 2.2632e+03          1         29 0.0000e+00
   38.80824  -69.12088    14.5382   4.324475    35.6714    121.056    122.014    14.5365   4.324428    35.6726     0.0288 1.0000e-12    -0.0094   100.2358      98.57    209.236     4.8097 2.2680e+03          1         24 0.0000e+00
   38.80824  -69.12088    14.5198   4.321616    35.6625    120.085    121.035    14.5301   4.323432    35.6696     0.0293 1.0000e-12    -0.0101   100.2541      98.57    210.562     4.8401 2.2678e+03          1         21 0.0000e+00
   38.80824  -69.12088    14.4917   4.317369    35.6501    119.042    119.983    14.4882   4.317957    35.6589     0.0217 1.0000e-12    -0.0100   100.2492      98.57    211.632     4.8647 2.2659e+03          1         21 0.0000e+00
   38.80824  -69.12088    14.4585   4.312519    35.6369    118.005    118.938    14.4584   4.313115    35.6424     0.0156 1.0000e-12    -0.0100   100.2516      98.57    211.868     4.8701 2.2631e+03          1         20 0.0000e+00
   38.80824  -69.12088    14.4426   4.310285    35.6313    117.036    117.961    14.4469   4.311240    35.6360     0.0220 1.0000e-12    -0.0088   100.2205      98.57    212.587     4.8867 2.2566e+03          1         23 0.0000e+00
   38.80824  -69.12088    14.4162   4.306425    35.6204    116.082    116.999    14.4188   4.307334    35.6264     0.0288 1.0000e-12    -0.0090   100.2256      98.57    213.942     4.9178 2.2542e+03          1         33 0.0000e+00
   38.80824  -69.12088    14.4105   4.305523    35.6174    115.133    116.042    14.4055   4.304960    35.6169     0.0289 1.0000e-12    -0.0086   100.2134      98.57    214.745     4.9363 2.2615e+03          1         28 0.0000e+00
   38.80824  -69.12088    14.3969   4.303494    35.6115    114.103    115.004    14.4038   4.304838    35.6174     0.0506 1.0000e-12    -0.0094   100.2358      98.57    215.208     4.9469 2.2672e+03          1         21 0.0000e+00
   38.80824  -69.12088    14.3740   4.300082    35.6017    113.090    113.983    14.3692   4.300113    35.6066     0.0251 1.0000e-12    -0.0088   100.2204      98.58    215.226     4.9473 2.2687e+03          1         19 0.0000e+00
   38.80824  -69.12088    14.3484   4.296490    35.5927    112.094    112.978    14.3490   4.296858    35.5955     0.0339 1.0000e-12    -0.0077   100.1925      98.57    215.521     4.9541 2.2698e+03          1         20 0.0000e+00
   38.80824  -69.12088    14.3350   4.294540    35.5873    111.098    111.974    14.3349   4.295015    35.5918     0.0438 1.0000e-12    -0.0085   100.2122      98.57    215.957     4.9641 2.2644e+03          1         24 0.0000e+00
   38.80824  -69.12088    14.3256   4.293341    35.5850    110.118    110.986    14.3258   4.293565    35.5869     0.0404 1.0000e-12    -0.0081   100.2004      98.57    216.344     4.9730 2.2592e+03          1         24 0.0000e+00
   38.80824  -69.12088    14.3137   4.291528    35.5794    109.146    110.006    14.3093   4.291409    35.5825     0.0359 3.0473e-04    -0.0078   100.1956      98.58    216.416     4.9746 2.2570e+03          1         26 0.0000e+00
   38.80824  -69.12089    14.2890   4.288133    35.5712    108.134    108.985    14.3088   4.291171    35.5808     0.0352 1.0000e-12    -0.0071   100.1789      98.57    216.321     4.9724 2.2582e+03          1         33 0.0000e+00
   38.80824  -69.12090    14.2851   4.287358    35.5677    107.168    108.012    14.2792   4.286999    35.5699     0.0262 1.0000e-12    -0.0076   100.1895      98.57    216.368     4.9735 2.2613e+03          1         30 0.0000e+00
   38.80824  -69.12090    14.2641   4.284419    35.5602    106.166    107.002    14.2665   4.284853    35.5620     0.0583 1.3243e-05    -0.0080   100.1991      98.57    216.185     4.9693 2.2660e+03          1         21 0.0000e+00
   38.80824  -69.12090    14.2474   4.281535    35.5494    105.166    105.994    14.2435   4.281573    35.5535     0.0507 1.0000e-12    -0.0080   100.1983      98.58    216.119     4.9678 2.2681e+03          1         16 0.0000e+00
   38.80824  -69.12090    14.2205   4.277568    35.5382    104.163    104.982    14.2265   4.278830    35.5443     0.0273 1.0000e-12    -0.0075   100.1870      98.57    216.055     4.9663 2.2677e+03          1         16 0.0000e+00
   38.80824  -69.12090    14.2039   4.275208    35.5320    103.183    103.994    14.2063   4.276130    35.5384     0.0021 1.0000e-12    -0.0073   100.1822      98.58    215.856     4.9617 2.2651e+03          1         16 0.0000e+00
   38.80824  -69.12091    14.1823   4.272220    35.5248    102.169    102.973    14.1813   4.272676    35.5300     0.0143 1.0000e-12    -0.0068   100.1713      98.57    216.107     4.9674 2.2599e+03          1         23 0.0000e+00
   38.80824  -69.12092    14.1668   4.269975    35.5183    101.158    101.954    14.1620   4.269450    35.5180     0.0425 1.0000e-12    -0.0064   100.1591      98.58    217.797     5.0063 2.2572e+03          1         40 0.0000e+00
   38.80824  -69.12092    14.1642   4.269723    35.5181    100.293    101.081    14.1622   4.269550    35.5184     0.0482 1.3545e-04    -0.0070   100.1758      98.58    218.557     5.0238 2.2600e+03          1         32 0.0000e+00
   38.80824  -69.12092    14.1550   4.268332    35.5139     99.266    100.046    14.1575   4.268823    35.5161     0.0445 1.9472e-04    -0.0067   100.1676      98.57    218.883     5.0313 2.2645e+03          1         22 0.0000e+00
   38.80823  -69.12092    14.1098   4.261751    35.4956     98.210     98.981    14.1094   4.262698    35.5048     0.0245 1.1707e-04    -0.0059   100.1477      98.58    219.478     5.0449 2.2676e+03          1         21 0.0000e+00
   38.80822  -69.12092    14.0703   4.256372    35.4828     97.157     97.919    14.0753   4.257531    35.4889     0.0361 4.5600e-04    -0.0058   100.1443      98.58    219.605     5.0478 2.2695e+03          1         22 0.0000e+00
   38.80822  -69.12092    14.0486   4.253159    35.4733     96.204     96.960    14.0479   4.253423    35.4764     0.0334 4.4053e-04    -0.0063   100.1577      98.57    219.456     5.0444 2.2683e+03          1         27 0.0000e+00
   38.80822  -69.12092    14.0249   4.249812    35.4642     95.271     96.019    14.0367   4.251645    35.4701     0.0365 1.0000e-12    -0.0052   100.1301      98.57    219.890     5.0543 2.2599e+03          1         36 0.0000e+00
   38.80822  -69.12092    14.0124   4.247850    35.4571     94.317     95.057    14.0185   4.248949    35.4617     0.0521 1.4878e-05    -0.0044   100.1106      98.57    220.184     5.0611 2.2533e+03          1         52 0.0000e+00
   38.80822  -69.12092    14.0113   4.247760    35.4569     93.327     94.059    14.0181   4.248705    35.4594     0.0288 2.3886e-04    -0.0025   100.0626      98.58    220.479     5.0679 2.2633e+03          1         42 0.0000e+00
   38.80822  -69.12092    14.0004   4.245890    35.4498     92.290     93.013    14.0114   4.247855    35.4578     0.0349 3.0726e-04    -0.0032   100.0796      98.58    220.418     5.0664 2.2742e+03          1         31 0.0000e+00
   38.80822  -69.12093    13.9681   4.241454    35.4388     91.268     91.983    13.9688   4.242063    35.4440     0.0414 7.9447e-03    -0.0025   100.0616      98.59    220.821     5.0757 2.2704e+03          1         36 0.0000e+00
   38.80822  -69.12094    13.9685   4.241130    35.4352     90.295     91.003    13.9663   4.241068    35.4367     0.0544 9.6137e-03    -0.0002   100.0062      98.59    221.116     5.0825 2.2564e+03          1         65 0.0000e+00
   38.80822  -69.12094    13.9737   4.241527    35.4338     89.320     90.020    13.9722   4.241647    35.4364     0.0594 7.3423e-03     0.0019    99.9529      98.58    221.871     5.0998 2.2597e+03          1         49 0.0000e+00
   38.80822  -69.12094    13.9662   4.240166    35.4283     88.345     89.037    13.9760   4.241954    35.4358     0.0798 1.0059e-02     0.0053    99.8679      98.58    222.414     5.1123 2.2670e+03          1         41 0.0000e+00
   38.80822  -69.12094    13.9480   4.237388    35.4198     87.294     87.977    13.9499   4.238143    35.4251     0.0848 1.3394e-02     0.0050    99.8757      98.59    223.166     5.1296 2.2692e+03          1         40 0.0000e+00
   38.80822  -69.12095    13.9411   4.236347    35.4167     86.292     86.967    13.9412   4.236653    35.4195     0.1058 1.4000e-02     0.0065    99.8372      98.59    223.754     5.1431 2.2615e+03          1         47 0.0000e+00
   38.80822  -69.12096    13.9384   4.235975    35.4158     85.401     86.069    13.9391   4.236162    35.4169     0.0962 6.2747e-03     0.0053    99.8678      98.59    225.131     5.1747 2.2620e+03          1         54 0.0000e+00
   38.80822  -69.12096    13.9346   4.235341    35.4137     84.377     85.037    13.9392   4.236153    35.4170     0.1221 8.8720e-03     0.0065    99.8369      98.59    224.845     5.1681 2.2678e+03          1         33 0.0000e+00
   38.80822  -69.12096    13.9182   4.233099    35.4086     83.284     83.935    13.9274   4.234502    35.4130     0.1033 1.6148e-03     0.0087    99.7835      98.59    224.952     5.1706 2.2657e+03          1         42 0.0000e+00
   38.80822  -69.12096    13.9154   4.232681    35.4073     82.437     83.081    13.9163   4.232910    35.4087     0.1152 2.3694e-04     0.0082    99.7950      98.58    225.246     5.1773 2.2652e+03          1         69 0.0000e+00
   38.80821  -69.12097    13.9157   4.232583    35.4063     81.394     82.030    13.9195   4.233211    35.4087     0.1093 1.1773e-04     0.0106    99.7340      98.58    224.861     5.1685 2.2688e+03          1         32 0.0000e+00
   38.80820  -69.12098    13.8957   4.229954    35.4011     80.361     80.988    13.9122   4.232333    35.4078     0.1106 4.0166e-03     0.0209    99.4796      98.59    224.854     5.1683 2.2632e+03          1         36 0.0000e+00
   38.80820  -69.12098    13.8517   4.223772    35.3849     79.362     79.982    13.8657   4.225987    35.3925     0.1187 4.3144e-04     0.0090    99.7760      98.58    225.268     5.1778 2.2625e+03          1         65 0.0000e+00
   38.80820  -69.12098    13.8196   4.219265    35.3729     78.426     79.038    13.8382   4.221984    35.3810     0.1359 5.7223e-04     0.0105    99.7394      98.58    226.716     5.2111 2.2713e+03          1         44 0.0000e+00
   38.80820  -69.12098    13.7872   4.214748    35.3613     77.363     77.967    13.8361   4.221709    35.3804     0.1300 1.0395e-03     0.0117    99.7080      98.58    227.673     5.2331 2.2708e+03          1         35 0.0000e+00
   38.80820  -69.12098    13.7580   4.210722    35.3512     76.374     76.970    13.7697   4.213179    35.3635     0.1375 7.2272e-04     0.0129    99.6788      98.58    227.942     5.2393 2.2644e+03          1         39 0.0000e+00
   38.80820  -69.12100    13.7438   4.208683    35.3451     75.423     76.012    13.7500   4.209636    35.3485     0.1589 2.9890e-03     0.0130    99.6759      98.58    229.368     5.2720 2.2644e+03          1         69 0.0000e+00
   38.80820  -69.12100    13.7331   4.207319    35.3422     74.467     75.048    13.7534   4.210058    35.3490     0.1599 1.1543e-04     0.0126    99.6842      98.58    229.662     5.2788 2.2710e+03          1         40 0.0000e+00
   38.80820  -69.12100    13.6946   4.202219    35.3309     73.434     74.006    13.7351   4.208115    35.3482     0.1370 1.0000e-12     0.0166    99.5854      98.58    229.479     5.2746 2.2677e+03          1         31 0.0000e+00
   38.80820  -69.12100    13.6739   4.199524    35.3250     72.367     72.931    13.6814   4.200782    35.3302     0.1642 3.9578e-03     0.0135    99.6638      98.58    229.544     5.2761 2.2672e+03          1         50 0.0000e+00
   38.80820  -69.12100    13.6756   4.199682    35.3247     71.478     72.034    13.6814   4.200467    35.3270     0.1801 8.8922e-05     0.0125    99.6885      98.58    229.315     5.2708 2.2654e+03          1         46 0.0000e+00
   38.80820  -69.12102    13.6797   4.200077    35.3245     70.428     70.976    13.6772   4.200015    35.3266     0.1742 1.3035e-03     0.0123    99.6929      98.59    229.496     5.2749 2.2664e+03          1         51 0.0000e+00
   38.80820  -69.12102    13.6722   4.199357    35.3249     69.513     70.054    13.6754   4.199704    35.3254     0.1899 3.8524e-03     0.0115    99.7131      98.59    229.525     5.2756 2.2683e+03          1         50 0.0000e+00
   38.80820  -69.12102    13.6699   4.198883    35.3228     68.453     68.985    13.6714   4.199165    35.3242     0.1728 1.0000e-12     0.0120    99.6999      98.58    229.236     5.2690 2.2693e+03          1         37 0.0000e+00
   38.80820  -69.12102    13.6598   4.197531    35.3199     67.459     67.983    13.6605   4.197850    35.3224     0.1722 1.0000e-12     0.0136    99.6600      98.58    229.474     5.2745 2.2709e+03          1         45 0.0000e+00
   38.80820  -69.12102    13.6295   4.193906    35.3147     66.493     67.010    13.6326   4.194366    35.3163     0.1759 1.0000e-12     0.0116    99.7109      98.58    229.204     5.2682 2.2650e+03          1         47 0.0000e+00
   38.80819  -69.12103    13.5597   4.185766    35.3043     65.509     66.018    13.6068   4.191195    35.3108     0.1784 1.0000e-12     0.0117    99.7092      98.59    229.587     5.2771 2.2653e+03          1         53 0.0000e+00
   38.80818  -69.12104    13.4166   4.167222    35.2648     64.534     65.036    13.5102   4.180054    35.2975     0.1673 1.5715e-04     0.0081    99.7974      98.59    230.506     5.2982 2.2726e+03          1         39 0.0000e+00
   38.80818  -69.12104    13.2854   4.149983    35.2254     63.472     63.965    13.3069   4.154588    35.2493     0.1425 2.0398e-07     0.0066    99.8352      98.59    229.879     5.2838 2.2719e+03          1         40 0.0000e+00
   38.80818  -69.12104    13.1800   4.135592    35.1872     62.519     63.005    13.2237   4.142167    35.2089     0.1549 1.0000e-12     0.0054    99.8640      56.26    230.080     5.2883 2.2662e+03          1         62 0.0000e+00
   38.80818  -69.12104    13.1091   4.126512    35.1667     61.531     62.009    13.1290   4.129925    35.1811     0.1350 1.0000e-12     0.0048    99.8812      98.59    230.836     5.3057 2.2726e+03          1         37 0.0000e+00
   38.80818  -69.12105    12.9496   4.106067    35.1223     60.533     61.003    13.0632   4.121267    35.1600     0.1365 2.4617e-03     0.0091    99.7727      98.59    231.136     5.3126 2.2715e+03          1         44 0.0000e+00
   38.80818  -69.12106    12.8204   4.089185    35.0818     59.572     60.034    12.8810   4.098449    35.1141     0.1265 1.7576e-02     0.0100    99.7505      98.59    231.922     5.3306 2.2653e+03          1         46 0.0000e+00
   38.80818  -69.12106    12.8184   4.088022    35.0704     58.552     59.006    12.8308   4.089509    35.0740     0.1512 1.7935e-02     0.0085    99.7871      98.61    233.968     5.3776 2.2681e+03          1         50 0.0000e+00
   38.80818  -69.12106    12.7833   4.083270    35.0568     57.543     57.989    12.8023   4.086402    35.0698     0.1478 1.0162e-02     0.0107    99.7342      98.59    234.543     5.3908 2.2734e+03          1         39 0.0000e+00
