Data/ruptures/KN207-01/QL-1/20701043.cnv
* Sea-Bird SBE 9 Data File:
* FileName = C:\Data\ctd\20701043.hex
* Software Version Seasave V 7.21e
* Temperature SN = 4406
* Conductivity SN = 1474
* Number of Bytes Per Scan = 40
* Number of Voltage Words = 5
* Number of Scans Averaged by the Deck Unit = 1
* NMEA Latitude = 38 45.09 N
* NMEA Longitude = 069 11.97 W
* NMEA UTC (Time) = Apr 27 2012 13:18:05
** R/V Knorr Cruise # KN207-01 QL1
** Chief Scientist: Ben Van Mooy
# nquan = 21
# nvalues = 396                         
# units = specified
# name 0 = latitude: Latitude [deg]
# name 1 = longitude: Longitude [deg]
# name 2 = t090C: Temperature [ITS-90, deg C]
# name 3 = c0S/m: Conductivity [S/m]
# name 4 = sal00: Salinity, Practical [PSU]
# name 5 = depSM: Depth [salt water, m]
# name 6 = prDM: Pressure, Digiquartz [db]
# name 7 = t190C: Temperature, 2 [ITS-90, deg C]
# name 8 = c1S/m: Conductivity, 2 [S/m]
# name 9 = sal11: Salinity, Practical, 2 [PSU]
# name 10 = flECO-AFL: Fluorescence, WET Labs ECO-AFL/FL [mg/m^3]
# name 11 = par: PAR/Irradiance, Biospherical/Licor
# name 12 = bat: Beam Attenuation, Chelsea/Seatech [1/m]
# name 13 = xmiss: Beam Transmission, Chelsea/Seatech [%]
# name 14 = altM: Altimeter [m]
# name 15 = sbeox0Mm/Kg: Oxygen, SBE 43 [umol/kg]
# name 16 = sbeox0ML/L: Oxygen, SBE 43 [ml/l]
# name 17 = spar: SPAR/Surface Irradiance
# name 18 = pumps: Pump Status
# name 19 = nbin: number of scans per bin
# name 20 = flag: flag
# span 0 =   38.74864,   38.75157       
# span 1 =  -69.19998,  -69.19942       
# span 2 =    11.2950,    14.7081       
# span 3 =   3.838772,   4.354077       
# span 4 =    33.1258,    35.7974       
# span 5 =      1.453,    198.276       
# span 6 =      1.464,    199.881       
# span 7 =    11.2939,    14.7078       
# span 8 =   3.873886,   4.354211       
# span 9 =    33.5739,    35.8060       
# span 10 =     0.0000,     2.3504      
# span 11 = 1.0000e-12, 2.6891e+01      
# span 12 =    -0.0079,     0.3095      
# span 13 =    92.5540,   100.1970      
# span 14 =      24.67,      98.68      
# span 15 =    141.846,    406.118      
# span 16 =     3.2614,     9.3259      
# span 17 = 1.2154e+02, 8.8728e+02      
# span 18 =          1,          1      
# span 19 =          4,       1738      
# span 20 = 0.0000e+00, 0.0000e+00      
# interval = decibars: 1                
# start_time = Apr 27 2012 13:18:05 [NMEA time, header]
# bad_flag = -9.990e-29
*END*
[from data line 138]
   38.75070  -69.19946    14.6718   4.345883    35.7356    140.908    142.028    14.6703   4.345508    35.7336     0.0348 6.3098e-05    -0.0056   100.1408      98.57    208.031     4.7821 1.6689e+02          1         22 0.0000e+00
   38.75070  -69.19946    14.6782   4.346881    35.7384    141.882    143.011    14.6780   4.346947    35.7392     0.0365 4.5994e-05    -0.0058   100.1450      98.56    206.079     4.7372 1.6518e+02          1         40 0.0000e+00
   38.75069  -69.19945    14.6809   4.347482    35.7411    142.823    143.959    14.6808   4.347550    35.7418     0.0267 8.5771e-05    -0.0056   100.1401      98.56    204.279     4.6958 1.6334e+02          1         36 0.0000e+00
   38.75068  -69.19944    14.6825   4.347793    35.7421    143.867    145.012    14.6823   4.347863    35.7429     0.0284 7.3380e-05    -0.0066   100.1657      98.56    203.765     4.6840 1.6300e+02          1         28 0.0000e+00
   38.75068  -69.19944    14.6855   4.348305    35.7437    144.869    146.022    14.6842   4.348144    35.7434     0.0264 2.4738e-06    -0.0058   100.1450      98.56    203.855     4.6861 1.6445e+02          1         25 0.0000e+00
   38.75068  -69.19944    14.6954   4.350095    35.7505    145.855    147.016    14.6949   4.349944    35.7495     0.0438 1.0000e-12    -0.0064   100.1608      98.56    203.635     4.6811 1.6544e+02          1         24 0.0000e+00
   38.75068  -69.19944    14.7004   4.351234    35.7559    146.833    148.003    14.7002   4.351259    35.7563     0.0137 1.0000e-12    -0.0061   100.1535      98.56    203.427     4.6763 1.6623e+02          1         23 0.0000e+00
   38.75066  -69.19942    14.7074   4.352491    35.7605    147.817    148.996    14.7078   4.352623    35.7613     0.0108 1.0000e-12    -0.0059   100.1480      98.56    203.497     4.6779 1.6600e+02          1         24 0.0000e+00
   38.75066  -69.19942    14.6784   4.349159    35.7569    148.835    150.022    14.6793   4.349636    35.7605     0.0475 1.0000e-12    -0.0069   100.1726      98.57    202.811     4.6622 1.6507e+02          1         24 0.0000e+00
   38.75066  -69.19942    14.6794   4.349812    35.7616    149.814    151.009    14.6807   4.349564    35.7580     0.0208 1.2239e-06    -0.0062   100.1540      98.56    201.650     4.6355 1.6429e+02          1         20 0.0000e+00
   38.75066  -69.19942    14.7081   4.354077    35.7733    150.774    151.977    14.7072   4.354211    35.7754     0.0220 3.1082e-06    -0.0068   100.1709      98.56    199.199     4.5791 1.6390e+02          1         21 0.0000e+00
   38.75066  -69.19942    14.6655   4.348826    35.7649    151.799    153.011    14.6654   4.349479    35.7710     0.0214 3.1927e-06    -0.0066   100.1657      98.57    196.670     4.5210 1.6332e+02          1         23 0.0000e+00
   38.75065  -69.19943    14.6064   4.341875    35.7562    152.807    154.027    14.6058   4.342667    35.7641     0.0212 4.0796e-06    -0.0067   100.1672      98.56    195.071     4.4843 1.6433e+02          1         24 0.0000e+00
   38.75064  -69.19944    14.5572   4.336298    35.7507    153.756    154.984    14.5574   4.336545    35.7528     0.0325 5.4394e-06    -0.0063   100.1587      98.57    192.732     4.4306 1.6490e+02          1         27 0.0000e+00
   38.75064  -69.19944    14.5565   4.336296    35.7504    154.775    156.011    14.5564   4.336401    35.7514     0.0430 1.0000e-12    -0.0063   100.1571      98.56    187.541     4.3112 1.6500e+02          1         33 0.0000e+00
   38.75064  -69.19944    14.5574   4.336461    35.7502    155.716    156.960    14.5573   4.336549    35.7512     0.0269 1.0000e-12    -0.0063   100.1574      98.56    183.671     4.2223 1.6513e+02          1         35 0.0000e+00
   38.75061  -69.19944    14.5869   4.341313    35.7664    156.725    157.978    14.5870   4.340931    35.7627     0.0217 1.0000e-12    -0.0062   100.1552      98.56    183.407     4.2162 1.6614e+02          1         25 0.0000e+00
   38.75060  -69.19944    14.6233   4.347205    35.7857    157.749    159.010    14.6228   4.346615    35.7807     0.0271 1.0000e-12    -0.0060   100.1501      98.56    183.780     4.2248 1.6705e+02          1         18 0.0000e+00
   38.75060  -69.19944    14.6221   4.347433    35.7886    158.728    159.997    14.6221   4.347760    35.7916     0.0294 1.0000e-12    -0.0061   100.1516      98.56    183.722     4.2235 1.6717e+02          1         17 0.0000e+00
   38.75060  -69.19944    14.6045   4.345507    35.7871    159.727    161.005    14.6048   4.345897    35.7903     0.0285 1.0000e-12    -0.0066   100.1652      98.57    183.616     4.2211 1.6730e+02          1         17 0.0000e+00
   38.75060  -69.19944    14.5982   4.345322    35.7908    160.768    162.055    14.5991   4.345651    35.7930     0.0166 1.0000e-12    -0.0062   100.1546      98.57    182.987     4.2066 1.6652e+02          1         23 0.0000e+00
   38.75060  -69.19944    14.5674   4.341737    35.7864    161.773    163.068    14.5678   4.342113    35.7895     0.0278 1.0000e-12    -0.0064   100.1598      98.56    181.518     4.1729 1.6628e+02          1         37 0.0000e+00
   38.75060  -69.19944    14.5313   4.337663    35.7824    162.587    163.889    14.5325   4.338096    35.7853     0.0257 1.0000e-12    -0.0067   100.1670      98.57    178.376     4.1007 1.6755e+02          1         35 0.0000e+00
   38.75060  -69.19944    14.5055   4.335055    35.7821    163.659    164.970    14.5052   4.335463    35.7861     0.0248 1.0000e-12    -0.0065   100.1629      98.56    177.223     4.0742 1.6872e+02          1         22 0.0000e+00
   38.75060  -69.19944    14.4846   4.333246    35.7845    164.711    166.031    14.4848   4.333442    35.7861     0.0337 1.0000e-12    -0.0064   100.1607      98.56    175.623     4.0374 1.6940e+02          1         17 0.0000e+00
   38.75060  -69.19944    14.4824   4.333058    35.7841    165.686    167.014    14.4821   4.333144    35.7853     0.0433 1.0000e-12    -0.0060   100.1489      98.57    173.676     3.9927 1.6953e+02          1         21 0.0000e+00
   38.75059  -69.19944    14.4801   4.332907    35.7843    166.692    168.028    14.4800   4.333021    35.7854     0.0263 1.0000e-12    -0.0064   100.1614      98.57    171.672     3.9466 1.6953e+02          1         25 0.0000e+00
   38.75056  -69.19944    14.4724   4.332169    35.7841    167.639    168.984    14.4724   4.332363    35.7859     0.0132 1.0000e-12    -0.0056   100.1396      98.56    169.708     3.9014 1.6994e+02          1         22 0.0000e+00
   38.75056  -69.19944    14.4661   4.331589    35.7840    168.625    169.978    14.4659   4.331742    35.7857     0.0346 1.0000e-12    -0.0068   100.1715      98.57    169.391     3.8941 1.7074e+02          1         24 0.0000e+00
   38.75056  -69.19944    14.4622   4.331483    35.7860    169.664    171.025    14.4618   4.331653    35.7880     0.0426 1.0000e-12    -0.0065   100.1638      98.56    169.278     3.8916 1.7117e+02          1         30 0.0000e+00
   38.75056  -69.19944    14.4346   4.329706    35.7951    170.606    171.975    14.4343   4.329920    35.7974     0.0184 1.0000e-12    -0.0062   100.1551      98.56    168.908     3.8831 1.7147e+02          1         31 0.0000e+00
   38.75056  -69.19944    14.4061   4.327024    35.7965    171.595    172.973    14.4060   4.327320    35.7994     0.0077 1.0000e-12    -0.0064   100.1602      98.57    168.340     3.8701 1.7256e+02          1         28 0.0000e+00
   38.75056  -69.19944    14.3836   4.324853    35.7971    172.604    173.991    14.3833   4.325128    35.7999     0.0197 1.0000e-12    -0.0068   100.1694      98.56    166.292     3.8230 1.7399e+02          1         24 0.0000e+00
   38.75056  -69.19944    14.3664   4.323149    35.7969    173.608    175.002    14.3659   4.323408    35.7997     0.0202 1.0000e-12    -0.0069   100.1735      98.56    164.402     3.7796 1.7521e+02          1         22 0.0000e+00
   38.75056  -69.19944    14.2983   4.316119    35.7957    174.586    175.989    14.2972   4.317119    35.8060     0.0259 1.0000e-12    -0.0052   100.1298      98.56    163.848     3.7669 1.7634e+02          1         19 0.0000e+00
   38.75056  -69.19944    14.2533   4.311781    35.7974    175.588    176.999    14.2530   4.312181    35.8013     0.0316 1.0000e-12    -0.0065   100.1636      98.56    162.941     3.7461 1.7739e+02          1         19 0.0000e+00
   38.75055  -69.19944    14.1911   4.304713    35.7900    176.586    178.006    14.1899   4.305784    35.8011     0.0363 1.0000e-12    -0.0071   100.1785      98.57    161.686     3.7173 1.7786e+02          1         19 0.0000e+00
   38.75052  -69.19944    14.1188   4.296767    35.7837    177.611    179.040    14.1178   4.297301    35.7895     0.0422 1.0000e-12    -0.0068   100.1707      98.56    158.309     3.6397 1.7738e+02          1         25 0.0000e+00
   38.75052  -69.19944    14.0724   4.291595    35.7780    178.598    180.035    14.0720   4.291825    35.7805     0.0352 1.0000e-12    -0.0063   100.1587      98.57    153.622     3.5319 1.7649e+02          1         42 0.0000e+00
   38.75052  -69.19944    14.0395   4.287948    35.7734    179.449    180.893    14.0387   4.288136    35.7759     0.0255 1.0000e-12    -0.0067   100.1684      98.57    151.248     3.4774 1.7763e+02          1         38 0.0000e+00
   38.75052  -69.19946    14.0217   4.286050    35.7711    180.514    181.968    14.0214   4.286286    35.7736     0.0220 1.0000e-12    -0.0068   100.1696      98.56    150.786     3.4668 1.8166e+02          1         25 0.0000e+00
   38.75052  -69.19946    14.0045   4.284277    35.7698    181.552    183.014    14.0045   4.284568    35.7726     0.0290 1.0000e-12    -0.0070   100.1758      98.56    150.997     3.4716 1.8350e+02          1         19 0.0000e+00
   38.75052  -69.19946    13.9911   4.283021    35.7700    182.546    184.017    13.9912   4.283268    35.7722     0.0296 1.0000e-12    -0.0071   100.1774      98.56    151.272     3.4779 1.8472e+02          1         16 0.0000e+00
   38.75052  -69.19946    13.9800   4.281941    35.7696    183.540    185.019    13.9796   4.282354    35.7738     0.0502 1.0000e-12    -0.0069   100.1726      98.56    151.248     3.4774 1.8528e+02          1         16 0.0000e+00
   38.75052  -69.19946    13.8901   4.271525    35.7573    184.528    186.015    13.8887   4.273336    35.7755     0.0360 1.0000e-12    -0.0069   100.1726      98.57    151.163     3.4755 1.8584e+02          1         16 0.0000e+00
   38.75052  -69.19946    13.7850   4.260247    35.7510    185.517    187.013    13.7853   4.261397    35.7614     0.0231 1.0000e-12    -0.0073   100.1815      98.56    150.638     3.4635 1.8675e+02          1         18 0.0000e+00
   38.75051  -69.19946    13.7414   4.255655    35.7481    186.537    188.041    13.7406   4.255899    35.7512     0.0445 1.0000e-12    -0.0069   100.1723      98.57    149.656     3.4409 1.8737e+02          1         22 0.0000e+00
   38.75048  -69.19946    13.7305   4.254526    35.7460    187.555    189.068    13.7303   4.254689    35.7476     0.0214 1.0000e-12    -0.0066   100.1659      98.56    147.058     3.3812 1.8737e+02          1         44 0.0000e+00
   38.75048  -69.19946    13.7203   4.253485    35.7434    188.339    189.859    13.7196   4.253635    35.7455     0.0250 1.0000e-12    -0.0066   100.1648      98.56    145.249     3.3396 1.8895e+02          1         61 0.0000e+00
   38.75046  -69.19948    13.7022   4.251642    35.7416    189.413    190.942    13.7015   4.251847    35.7443     0.0355 1.0000e-12    -0.0060   100.1513      98.56    145.391     3.3428 1.9437e+02          1         22 0.0000e+00
   38.75046  -69.19948    13.6802   4.249222    35.7390    190.422    191.960    13.6790   4.249526    35.7431     0.0410 1.0000e-12    -0.0067   100.1678      98.55    145.661     3.3491 1.9797e+02          1         16 0.0000e+00
   38.75046  -69.19948    13.6672   4.247920    35.7384    191.462    193.009    13.6664   4.248079    35.7406     0.0138 1.0000e-12    -0.0072   100.1809      98.57    145.484     3.3450 2.0017e+02          1         15 0.0000e+00
   38.75046  -69.19948    13.6532   4.246307    35.7357    192.479    194.035    13.6528   4.246898    35.7417     0.0229 1.0000e-12    -0.0068   100.1698      98.56    145.221     3.3390 2.0076e+02          1         17 0.0000e+00
   38.75046  -69.19948    13.5917   4.239513    35.7298    193.477    195.041    13.5955   4.240840    35.7387     0.0325 1.0000e-12    -0.0064   100.1602      98.57    145.021     3.3344 2.0192e+02          1         23 0.0000e+00
   38.75046  -69.19948    13.5685   4.237200    35.7278    194.210    195.780    13.5559   4.236192    35.7302     0.0187 1.0000e-12    -0.0070   100.1764      98.57    143.839     3.3072 2.0430e+02          1        128 0.0000e+00
   38.75042  -69.19950    13.4898   4.228726    35.7201    195.544    197.125    13.4907   4.229040    35.7222     0.0194 1.0000e-12    -0.0076   100.1896      98.57    143.075     3.2897 2.1622e+02          1         91 0.0000e+00
   38.75042  -69.19950    13.4713   4.226744    35.7176    196.380    197.969    13.4712   4.226967    35.7197     0.0346 1.0000e-12    -0.0067   100.1678      98.57    142.441     3.2751 2.2131e+02          1         42 0.0000e+00
   38.75040  -69.19954    13.4624   4.225836    35.7154    197.487    199.085    13.4611   4.225853    35.7168     0.0260 1.0000e-12    -0.0074   100.1847      98.57    142.204     3.2697 2.3830e+02          1        243 0.0000e+00
   38.75036  -69.19958    13.4523   4.224746    35.7135    198.276    199.881    13.4532   4.224992    35.7150     0.0272 1.0000e-12    -0.0073   100.1831      98.57    142.227     3.2702 2.6043e+02          1         84 0.0000e+00
   38.75034  -69.19958    13.4639   4.226015    35.7145    197.379    198.976    13.4604   4.225769    35.7155     0.0287 1.0000e-12    -0.0071   100.1788      98.57    142.085     3.2669 2.7666e+02          1        148 0.0000e+00
   38.75032  -69.19960    13.4648   4.226078    35.7145    196.425    198.015    13.4636   4.226047    35.7153     0.0174 1.0000e-12    -0.0068   100.1714      98.57    141.879     3.2622 2.9106e+02          1         29 0.0000e+00
   38.75031  -69.19962    13.4658   4.226169    35.7148    195.264    196.843    13.4704   4.226758    35.7160     0.0234 1.0000e-12    -0.0072   100.1806      98.57    141.896     3.2626 3.0343e+02          1        107 0.0000e+00
   38.75030  -69.19964    13.4806   4.227697    35.7155    194.375    195.947    13.4917   4.228978    35.7170     0.0298 1.0000e-12    -0.0075   100.1878      98.57    142.042     3.2659 3.1598e+02          1         58 0.0000e+00
   38.75028  -69.19966    13.4877   4.228456    35.7164    193.503    195.067    13.5038   4.230236    35.7178     0.0194 1.0000e-12    -0.0078   100.1955      98.57    141.869     3.2620 3.1688e+02          1         34 0.0000e+00
   38.75028  -69.19966    13.4986   4.229719    35.7183    192.480    194.036    13.5070   4.230635    35.7191     0.0134 1.0000e-12    -0.0073   100.1822      98.57    142.111     3.2675 3.1820e+02          1         20 0.0000e+00
   38.75028  -69.19966    13.5582   4.236247    35.7232    191.449    192.995    13.5608   4.235677    35.7155     0.0163 1.0000e-12    -0.0078   100.1947      98.57    141.846     3.2614 3.2062e+02          1         19 0.0000e+00
   38.75028  -69.19966    13.6062   4.241509    35.7275    190.400    191.937    13.6212   4.242348    35.7213     0.0138 1.0000e-12    -0.0072   100.1809      98.57    141.936     3.2634 3.2597e+02          1         30 0.0000e+00
   38.75026  -69.19968    13.6207   4.243047    35.7294    189.745    191.277    13.6393   4.245004    35.7302     0.0219 1.0000e-12    -0.0074   100.1848      98.57    143.168     3.2918 3.3320e+02          1        100 0.0000e+00
