Data/ruptures/KN207-01/QL-1/20701020.cnv
* Sea-Bird SBE 9 Data File:
* FileName = C:\Data\ctd\20701020.hex
* Software Version Seasave V 7.21e
* Temperature SN = 4406
* Conductivity SN = 1474
* Number of Bytes Per Scan = 40
* Number of Voltage Words = 5
* Number of Scans Averaged by the Deck Unit = 1
* NMEA Latitude = 38 58.66 N
* NMEA Longitude = 068 59.01 W
* NMEA UTC (Time) = Apr 24 2012 11:33:29
** R/V Knorr Cruise # KN207-01 QL1
** Chief Scientist: Ben Van Mooy
# nquan = 21
# nvalues = 399                         
# units = specified
# name 0 = latitude: Latitude [deg]
# name 1 = longitude: Longitude [deg]
# name 2 = t090C: Temperature [ITS-90, deg C]
# name 3 = c0S/m: Conductivity [S/m]
# name 4 = sal00: Salinity, Practical [PSU]
# name 5 = depSM: Depth [salt water, m]
# name 6 = prDM: Pressure, Digiquartz [db]
# name 7 = t190C: Temperature, 2 [ITS-90, deg C]
# name 8 = c1S/m: Conductivity, 2 [S/m]
# name 9 = sal11: Salinity, Practical, 2 [PSU]
# name 10 = flECO-AFL: Fluorescence, WET Labs ECO-AFL/FL [mg/m^3]
# name 11 = par: PAR/Irradiance, Biospherical/Licor
# name 12 = bat: Beam Attenuation, Chelsea/Seatech [1/m]
# name 13 = xmiss: Beam Transmission, Chelsea/Seatech [%]
# name 14 = altM: Altimeter [m]
# name 15 = sbeox0Mm/Kg: Oxygen, SBE 43 [umol/kg]
# name 16 = sbeox0ML/L: Oxygen, SBE 43 [ml/l]
# name 17 = spar: SPAR/Surface Irradiance
# name 18 = pumps: Pump Status
# name 19 = nbin: number of scans per bin
# name 20 = flag: flag
# span 0 =   38.97778,   38.97786       
# span 1 =  -68.98354,  -68.97999       
# span 2 =    11.1240,    14.6293       
# span 3 =   3.836790,   4.346080       
# span 4 =    33.8264,    35.8354       
# span 5 =      2.144,    199.404       
# span 6 =      2.160,    201.023       
# span 7 =    11.1263,    14.6299       
# span 8 =   3.837033,   4.346306       
# span 9 =    33.8204,    35.8389       
# span 10 =     0.0049,     2.4216      
# span 11 = 5.7107e-04, 1.3961e+01      
# span 12 =    -0.0151,     0.3175      
# span 13 =    92.3683,   100.3783      
# span 14 =       5.10,      98.73      
# span 15 =    146.958,    448.588      
# span 16 =     3.3787,    10.3025      
# span 17 = 1.8650e+03, 2.2545e+03      
# span 18 =          1,          1      
# span 19 =         10,        241      
# span 20 = 0.0000e+00, 0.0000e+00      
# interval = decibars: 1                
# start_time = Apr 24 2012 11:33:29 [NMEA time, header]
# bad_flag = -9.990e-29
*END*
   38.97782  -68.98354    12.0198   3.881854    33.8308      2.144      2.160    12.0169   3.880718    33.8224     1.2443 1.1521e+01     0.2825    93.1804      98.51    330.677     7.5944 2.0377e+03          1         38 0.0000e+00
   38.97782  -68.98354    12.0308   3.882486    33.8264      2.977      3.000    12.0331   3.882096    33.8204     1.2325 1.0654e+01     0.2844    93.1379      98.52    310.683     7.1352 2.0067e+03          1         28 0.0000e+00
   38.97782  -68.98352    12.0314   3.882896    33.8295      3.904      3.934    12.0337   3.882289    33.8215     1.2670 8.7969e+00     0.2833    93.1633      81.83    339.703     7.8017 1.9797e+03          1        182 0.0000e+00
   38.97782  -68.98350    12.0360   3.883207    33.8280      4.882      4.919    12.0400   3.883031    33.8226     1.2852 7.6298e+00     0.2832    93.1660      98.52    369.559     8.4874 2.0278e+03          1         81 0.0000e+00
   38.97782  -68.98350    12.0257   3.882585    33.8311      5.993      6.039    12.0274   3.882604    33.8297     1.2819 7.4730e+00     0.2863    93.0924      98.50    351.281     8.0676 1.9797e+03          1         18 0.0000e+00
   38.97782  -68.98350    12.0108   3.883212    33.8506      7.045      7.099    12.0196   3.883233    33.8427     1.2535 5.2231e+00     0.2863    93.0923      98.52    377.733     8.6753 1.9500e+03          1         34 0.0000e+00
   38.97782  -68.98348    12.0137   3.883068    33.8460      7.731      7.790    12.0217   3.882990    33.8380     1.3273 4.6189e+00     0.2853    93.1152      98.52    443.539    10.1866 1.9960e+03          1         85 0.0000e+00
   38.97782  -68.98346    12.0115   3.882590    33.8427      9.011      9.080    12.0138   3.882930    33.8441     1.3531 4.1618e+00     0.2875    93.0640      98.52    448.588    10.3025 2.0384e+03          1         47 0.0000e+00
   38.97782  -68.98346    12.0061   3.882514    33.8466      9.833      9.908    12.0060   3.882765    33.8493     1.3653 3.5308e+00     0.2860    93.0998      98.52    330.760     7.5965 2.0103e+03          1         56 0.0000e+00
   38.97782  -68.98346    12.0016   3.882352    33.8487     10.887     10.970    12.0001   3.882350    33.8502     1.4141 3.1526e+00     0.2877    93.0608      98.52    271.291     6.2307 1.9876e+03          1         33 0.0000e+00
   38.97782  -68.98346    11.9889   3.882133    33.8580     11.921     12.013    11.9968   3.882101    33.8503     1.4184 2.6873e+00     0.2904    92.9964      98.52    261.362     6.0027 1.9833e+03          1         31 0.0000e+00
   38.97783  -68.98345    11.9880   3.882361    33.8604     13.064     13.164    11.9894   3.882408    33.8596     1.4424 2.3547e+00     0.2938    92.9171      98.52    252.273     5.7940 1.9991e+03          1         61 0.0000e+00
   38.97784  -68.98344    11.9977   3.882162    33.8490     13.804     13.909    12.0018   3.882294    33.8465     1.4160 2.1709e+00     0.2910    92.9820      98.52    246.937     5.6713 2.0197e+03          1         61 0.0000e+00
   38.97784  -68.98344    11.9766   3.881861    33.8652     14.910     15.024    11.9416   3.882056    33.8999     1.4841 1.9264e+00     0.2923    92.9534      98.52    234.153     5.3778 2.0497e+03          1         58 0.0000e+00
   38.97784  -68.98344    11.9245   3.881718    33.9120     15.829     15.951    11.8917   3.881506    33.9405     1.6463 1.8526e+00     0.2913    92.9756      98.52    233.586     5.3650 2.0132e+03          1         30 0.0000e+00
   38.97784  -68.98344    11.8852   3.878564    33.9174     16.896     17.026    11.8847   3.877942    33.9114     1.6688 1.6747e+00     0.2984    92.8116      98.52    236.266     5.4267 1.9776e+03          1         25 0.0000e+00
   38.97784  -68.98343    11.8780   3.879176    33.9293     17.895     18.032    11.8887   3.879827    33.9253     1.7117 1.5522e+00     0.3055    92.6455      98.52    241.211     5.5403 1.9690e+03          1         35 0.0000e+00
   38.97782  -68.98340    11.8975   3.881324    33.9309     18.775     18.919    11.9014   3.881457    33.9285     1.7940 1.4167e+00     0.3068    92.6168      98.52    247.253     5.6791 2.0402e+03          1        100 0.0000e+00
   38.97783  -68.98340    11.8299   3.881309    33.9936     19.810     19.962    11.7767   3.880217    34.0329     1.8508 1.3592e+00     0.3046    92.6664      98.53    224.370     5.1538 2.0353e+03          1         31 0.0000e+00
   38.97784  -68.98340    11.7025   3.879915    34.0987     20.888     21.048    11.6381   3.879321    34.1536     1.8980 1.1935e+00     0.3061    92.6336      98.52    216.215     4.9670 1.9934e+03          1         37 0.0000e+00
   38.97784  -68.98339    11.7600   3.881288    34.0563     21.725     21.892    11.7640   3.881188    34.0511     1.9683 1.0952e+00     0.3098    92.5470      98.52    212.324     4.8774 2.0138e+03          1         75 0.0000e+00
   38.97782  -68.98334    11.7581   3.873829    33.9840     22.796     22.971    11.7419   3.875982    34.0200     1.9721 9.5702e-01     0.3096    92.5541      98.52    208.524     4.7898 2.0353e+03          1         24 0.0000e+00
   38.97782  -68.98334    11.8667   3.870790    33.8517     23.829     24.013    11.8746   3.870655    33.8426     1.8682 8.9323e-01     0.3126    92.4825      92.98    214.447     4.9253 2.0251e+03          1         21 0.0000e+00
   38.97782  -68.98334    11.8654   3.877821    33.9212     24.985     25.177    11.5821   3.876137    34.1728     1.9161 8.7448e-01     0.3087    92.5726      97.77    228.877     5.2570 2.0207e+03          1         59 0.0000e+00
   38.97784  -68.98334    11.6277   3.877941    34.1454     25.732     25.930    11.4739   3.875852    34.2677     2.0070 7.0052e-01     0.3093    92.5595      98.52    226.443     5.2022 2.0320e+03          1        121 0.0000e+00
   38.97782  -68.98332    11.1922   3.864415    34.4256     26.769     26.975    11.1884   3.861890    34.4007     1.9885 6.5618e-01     0.3090    92.5669      98.73    210.464     4.8365 2.0329e+03          1         18 0.0000e+00
   38.97782  -68.98332    11.1950   3.854283    34.3206     27.769     27.982    11.1947   3.853470    34.3096     2.3180 6.1729e-01     0.3122    92.4916      98.52    208.328     4.7870 2.0230e+03          1         14 0.0000e+00
   38.97782  -68.98332    11.1714   3.855974    34.3586     28.763     28.984    11.1736   3.855521    34.3489     2.3381 5.4587e-01     0.3147    92.4333      96.48    208.748     4.7968 2.0204e+03          1         15 0.0000e+00
   38.97782  -68.98332    11.1521   3.862697    34.4421     29.812     30.041    11.1850   3.863553    34.4163     2.2793 4.7214e-01     0.3125    92.4863      95.55    217.070     4.9884 2.0187e+03          1         22 0.0000e+00
   38.97783  -68.98331    11.2893   3.872281    34.4026     30.597     30.833    11.2185   3.870513    34.4508     2.4216 4.0003e-01     0.3079    92.5904      98.53    240.246     5.5207 2.0290e+03          1         80 0.0000e+00
   38.97784  -68.98329    11.1363   3.869013    34.5137     31.737     31.981    11.1371   3.868135    34.5026     2.2822 3.1059e-01     0.3033    92.6995      98.53    219.772     5.0508 2.0291e+03          1         25 0.0000e+00
   38.97784  -68.98328    11.1554   3.869006    34.4939     32.741     32.993    11.1550   3.867244    34.4754     2.1970 2.8058e-01     0.2816    93.2037      98.53    215.606     4.9549 2.0310e+03          1         22 0.0000e+00
   38.97784  -68.98328    11.1710   3.871439    34.5018     33.813     34.074    11.1741   3.868771    34.4711     2.1313 2.5855e-01     0.2684    93.5104      98.53    218.789     5.0281 2.0407e+03          1         34 0.0000e+00
   38.97784  -68.98327    11.1797   3.874524    34.5227     34.446     34.712    11.1807   3.872854    34.5043     2.1809 2.5621e-01     0.2624    93.6506      98.53    229.019     5.2633 2.0302e+03          1         70 0.0000e+00
   38.97784  -68.98326    11.2007   3.873888    34.4948     35.720     35.996    11.1974   3.873591    34.4945     2.0614 2.0885e-01     0.2546    93.8323      98.53    223.348     5.1328 2.0043e+03          1         22 0.0000e+00
   38.97784  -68.98326    11.2103   3.877030    34.5160     36.649     36.932    11.2112   3.876441    34.5088     2.1268 1.7989e-01     0.2507    93.9235      98.53    218.914     5.0310 2.0336e+03          1         84 0.0000e+00
   38.97784  -68.98324    11.2404   3.874401    34.4601     37.704     37.995    11.2339   3.874374    34.4658     1.9522 1.7228e-01     0.2506    93.9276      98.53    212.168     4.8757 2.0647e+03          1         15 0.0000e+00
   38.97784  -68.98324    11.2887   3.877047    34.4394     38.696     38.995    11.2428   3.876681    34.4796     1.9004 1.4966e-01     0.2467    94.0174      98.53    213.860     4.9145 2.0594e+03          1         14 0.0000e+00
   38.97784  -68.98324    11.2570   3.877196    34.4711     39.732     40.039    11.2940   3.878024    34.4433     1.7879 1.2903e-01     0.2397    94.1830      98.53    220.973     5.0781 2.0411e+03          1         23 0.0000e+00
   38.97784  -68.98322    11.3100   3.879551    34.4436     40.596     40.909    11.3080   3.880213    34.4519     1.8164 1.1887e-01     0.2249    94.5322      96.96    236.120     5.4260 2.0184e+03          1        115 0.0000e+00
   38.97784  -68.98321    11.3344   3.880653    34.4312     41.631     41.953    11.3333   3.880047    34.4261     1.6376 1.0006e-01     0.2123    94.8305      94.95    214.755     4.9350 2.0432e+03          1         34 0.0000e+00
   38.97784  -68.98320    11.3468   3.881271    34.4253     42.732     43.062    11.3452   3.881010    34.4241     1.4467 9.1637e-02     0.1877    95.4155      91.79    208.120     4.7825 2.0442e+03          1         49 0.0000e+00
   38.97784  -68.98320    11.3510   3.882027    34.4288     43.655     43.993    11.3514   3.882447    34.4325     1.2750 8.6222e-02     0.1768    95.6764      56.04    204.168     4.6917 2.0420e+03          1         57 0.0000e+00
   38.97784  -68.98320    11.3604   3.883735    34.4365     44.590     44.935    11.3612   3.883756    34.4359     1.1625 7.7548e-02     0.1616    96.0409      82.90    204.690     4.7037 2.0585e+03          1         41 0.0000e+00
   38.97784  -68.98320    11.3672   3.885815    34.4503     45.617     45.970    11.3677   3.885634    34.4481     1.1830 7.0089e-02     0.1447    96.4467      98.53    206.651     4.7488 2.0515e+03          1         29 0.0000e+00
   38.97784  -68.98320    11.3863   3.887099    34.4444     46.683     47.045    11.3972   3.887109    34.4340     0.9908 6.4762e-02     0.1309    96.7795      98.53    209.821     4.8216 2.0408e+03          1         33 0.0000e+00
   38.97784  -68.98316    11.5567   3.889239    34.3037     47.856     48.227    11.5552   3.889408    34.3067     0.5435 5.6228e-02     0.0953    97.6458      98.53    211.239     4.8535 2.0160e+03          1        137 0.0000e+00
   38.97782  -68.98316    11.6141   3.891862    34.2763     48.583     48.960    11.6161   3.893371    34.2893     0.5145 5.2794e-02     0.0734    98.1825      98.53    199.624     4.5865 2.0326e+03          1         24 0.0000e+00
   38.97782  -68.98316    11.6275   3.898927    34.3329     49.581     49.965    11.6286   3.910322    34.4438     0.4816 4.9991e-02     0.0623    98.4551      98.53    197.346     4.5344 2.0378e+03          1         16 0.0000e+00
   38.97782  -68.98316    11.6435   3.911869    34.4447     50.566     50.958    11.6493   3.921415    34.5330     0.4695 4.7486e-02     0.0549    98.6352      98.53    197.395     4.5359 2.0427e+03          1         15 0.0000e+00
   38.97782  -68.98316    11.6891   3.921197    34.4926     51.604     52.004    11.6985   3.927205    34.5426     0.4276 4.4510e-02     0.0525    98.6971      98.53    200.740     4.6129 2.0476e+03          1         19 0.0000e+00
   38.97782  -68.98313    11.7572   3.938099    34.5951     52.569     52.976    11.7436   3.941573    34.6421     0.4375 4.2427e-02     0.0528    98.6889      98.53    242.638     5.5760 2.0705e+03          1        140 0.0000e+00
   38.97782  -68.98312    11.8750   3.954643    34.6455     53.604     54.019    11.8763   3.960554    34.7018     0.3868 3.5564e-02     0.0509    98.7363      98.53    242.016     5.5618 2.0833e+03          1         28 0.0000e+00
   38.97782  -68.98312    11.9153   3.963909    34.6984     54.643     55.067    11.9300   3.969153    34.7353     0.3563 3.3649e-02     0.0392    99.0255      97.67    239.175     5.4967 2.0878e+03          1         56 0.0000e+00
   38.97782  -68.98312    12.0036   3.974067    34.7137     55.486     55.916    12.0131   3.977304    34.7361     0.3362 3.4004e-02     0.0351    99.1267      78.15    239.751     5.5099 2.0757e+03          1         27 0.0000e+00
   38.97782  -68.98312    12.3626   4.009886    34.7187     56.562     57.001    12.3862   4.014250    34.7385     0.3170 3.2751e-02     0.0325    99.1895      88.63    237.612     5.4604 2.0681e+03          1         19 0.0000e+00
   38.97782  -68.98309    12.5776   4.046492    34.8686     57.583     58.030    12.5868   4.048773    34.8819     0.2599 3.1039e-02     0.0293    99.2712      74.64    236.467     5.4345 2.0740e+03          1         21 0.0000e+00
   38.97782  -68.98308    12.5391   4.047711    34.9223     58.441     58.895    12.5539   4.050424    34.9345     0.2490 2.8775e-02     0.0235    99.4140      95.61    237.733     5.4638 2.1063e+03          1         98 0.0000e+00
   38.97782  -68.98308    12.8156   4.076261    34.9366     59.543     60.005    12.8061   4.069467    34.8807     0.2233 2.4501e-02     0.0221    99.4490      96.46    235.378     5.4095 2.0806e+03          1         22 0.0000e+00
   38.97782  -68.98308    13.0451   4.110194    35.0443     60.508     60.978    13.0449   4.109066    35.0338     0.2334 2.2805e-02     0.0184    99.5428      80.91    236.368     5.4325 1.9886e+03          1         24 0.0000e+00
   38.97782  -68.98308    13.1189   4.121435    35.0837     61.542     62.021    13.1151   4.119811    35.0718     0.2507 2.1607e-02     0.0189    99.5307      98.64    235.852     5.4207 1.8650e+03          1         31 0.0000e+00
   38.97780  -68.98304    13.1362   4.124407    35.0998     62.670     63.157    13.1392   4.124733    35.1000     0.2585 2.1789e-02     0.0186    99.5370      76.52    232.951     5.3540 1.8938e+03          1         74 0.0000e+00
   38.97780  -68.98304    13.1878   4.130406    35.1127     63.337     63.830    13.1861   4.130136    35.1118     0.2285 2.0525e-02     0.0192    99.5209      98.53    231.902     5.3299 2.0014e+03          1         90 0.0000e+00
   38.97780  -68.98304    13.5197   4.172786    35.2017     64.481     64.983    13.5120   4.171932    35.2008     0.2517 1.7717e-02     0.0183    99.5428      98.54    230.480     5.2972 1.9314e+03          1         24 0.0000e+00
   38.97780  -68.98304    13.7447   4.202787    35.2721     65.480     65.990    13.7244   4.197553    35.2422     0.2343 1.6913e-02     0.0184    99.5402      98.53    230.679     5.3018 1.9733e+03          1         22 0.0000e+00
   38.97780  -68.98304    14.0124   4.239561    35.3657     66.519     67.037    13.9962   4.236045    35.3479     0.2374 1.6465e-02     0.0177    99.5598      98.53    230.161     5.2900 2.0122e+03          1         29 0.0000e+00
   38.97782  -68.98300    14.0494   4.245506    35.3913     67.580     68.107    14.0639   4.247447    35.3955     0.2074 1.6201e-02     0.0166    99.5858      98.53    229.541     5.2759 2.0323e+03          1         64 0.0000e+00
   38.97781  -68.98300    14.0781   4.249239    35.4053     68.379     68.912    14.0787   4.249338    35.4056     0.1878 1.5460e-02     0.0159    99.6031      98.53    227.520     5.2294 2.0900e+03          1         86 0.0000e+00
