Data/ruptures/KN207-01/QL-1/20701025.cnv
* Sea-Bird SBE 9 Data File:
* FileName = C:\Data\ctd\20701025.hex
* Software Version Seasave V 7.21e
* Temperature SN = 4406
* Conductivity SN = 1474
* Number of Bytes Per Scan = 40
* Number of Voltage Words = 5
* Number of Scans Averaged by the Deck Unit = 1
* NMEA Latitude = 38 55.14 N
* NMEA Longitude = 068 58.92 W
* NMEA UTC (Time) = Apr 24 2012 20:59:46
** R/V Knorr Cruise # KN207-01 QL1
** Chief Scientist: Ben Van Mooy
# nquan = 21
# nvalues = 400                         
# units = specified
# name 0 = latitude: Latitude [deg]
# name 1 = longitude: Longitude [deg]
# name 2 = t090C: Temperature [ITS-90, deg C]
# name 3 = c0S/m: Conductivity [S/m]
# name 4 = sal00: Salinity, Practical [PSU]
# name 5 = depSM: Depth [salt water, m]
# name 6 = prDM: Pressure, Digiquartz [db]
# name 7 = t190C: Temperature, 2 [ITS-90, deg C]
# name 8 = c1S/m: Conductivity, 2 [S/m]
# name 9 = sal11: Salinity, Practical, 2 [PSU]
# name 10 = flECO-AFL: Fluorescence, WET Labs ECO-AFL/FL [mg/m^3]
# name 11 = par: PAR/Irradiance, Biospherical/Licor
# name 12 = bat: Beam Attenuation, Chelsea/Seatech [1/m]
# name 13 = xmiss: Beam Transmission, Chelsea/Seatech [%]
# name 14 = altM: Altimeter [m]
# name 15 = sbeox0Mm/Kg: Oxygen, SBE 43 [umol/kg]
# name 16 = sbeox0ML/L: Oxygen, SBE 43 [ml/l]
# name 17 = spar: SPAR/Surface Irradiance
# name 18 = pumps: Pump Status
# name 19 = nbin: number of scans per bin
# name 20 = flag: flag
# span 0 =   38.91795,   38.91912       
# span 1 =  -68.98310,  -68.98207       
# span 2 =    10.8969,    14.6854       
# span 3 =   3.819347,   4.352045       
# span 4 =    32.5159,    35.8396       
# span 5 =      2.311,    200.047       
# span 6 =      2.329,    201.670       
# span 7 =    10.9026,    14.6855       
# span 8 =   3.818237,   4.352153       
# span 9 =    33.2626,    35.8415       
# span 10 =     0.0094,     2.7584      
# span 11 = 2.9625e-04, 1.6864e+01      
# span 12 =    -0.0150,     0.3415      
# span 13 =    91.8157,   100.3766      
# span 14 =       4.41,      98.60      
# span 15 =    145.887,    438.500      
# span 16 =     3.3543,    10.0705      
# span 17 = 2.4530e+02, 3.7288e+02      
# span 18 =          1,          1      
# span 19 =         13,        229      
# span 20 = 0.0000e+00, 0.0000e+00      
# interval = decibars: 1                
# start_time = Apr 24 2012 20:59:46 [NMEA time, header]
# bad_flag = -9.990e-29
*END*
[from data line 69]
   38.91894  -68.98225    13.5859   4.190385    35.3132     71.459     72.016    13.6077   4.191732    35.3055     0.0817 1.0148e-02     0.0117    99.7074      98.52    226.894     5.2152 2.5664e+02          1         18 0.0000e+00
   38.91894  -68.98226    13.6426   4.198061    35.3318     72.453     73.018    13.6417   4.197887    35.3313     0.0630 9.6386e-03     0.0088    99.7812      98.52    227.169     5.2215 2.5678e+02          1         17 0.0000e+00
   38.91894  -68.98226    13.6475   4.198867    35.3349     73.433     74.006    13.6487   4.198665    35.3321     0.0567 9.2052e-03     0.0008    99.9810      98.52    227.415     5.2272 2.5687e+02          1         19 0.0000e+00
   38.91894  -68.98227    13.6126   4.194370    35.3271     74.407     74.988    13.6204   4.195438    35.3299     0.0669 8.9991e-03     0.0002    99.9957      98.52    225.872     5.1917 2.5333e+02          1        133 0.0000e+00
   38.91894  -68.98228    13.6469   4.198884    35.3374     75.401     75.990    13.6553   4.199576    35.3362     0.0699 8.5466e-03     0.0556    98.6206      98.52    225.927     5.1930 2.5429e+02          1         18 0.0000e+00
   38.91894  -68.98228    13.7003   4.206426    35.3575     76.412     77.009    13.7097   4.206241    35.3471     0.0738 8.0293e-03     0.1402    96.5589      98.53    226.231     5.2000 2.5600e+02          1         17 0.0000e+00
   38.91894  -68.98228    13.7603   4.214554    35.3769     77.411     78.015    13.7606   4.214335    35.3748     0.0522 7.5373e-03     0.0843    97.9207      98.53    226.440     5.2048 2.5662e+02          1         22 0.0000e+00
   38.91894  -68.98226    13.6945   4.205745    35.3576     78.359     78.971    13.6940   4.205826    35.3590     0.0722 7.2182e-03     0.0104    99.7411      98.53    225.758     5.1891 2.5376e+02          1        122 0.0000e+00
   38.91892  -68.98230    13.7376   4.211746    35.3731     79.312     79.932    13.7306   4.209562    35.3594     0.0735 7.1055e-03     0.0009    99.9784      98.52    226.000     5.1947 2.5328e+02          1         22 0.0000e+00
   38.91892  -68.98230    13.7715   4.216258    35.3833     80.351     80.979    13.7712   4.216153    35.3827     0.0652 6.7314e-03     0.0267    99.3356      98.53    226.210     5.1996 2.5417e+02          1         19 0.0000e+00
   38.91892  -68.98230    13.7828   4.217852    35.3874     81.374     82.010    13.7811   4.217523    35.3860     0.0661 6.3510e-03     0.0096    99.7598      98.52    226.087     5.1967 2.5429e+02          1         22 0.0000e+00
   38.91891  -68.98229    13.7440   4.212685    35.3762     82.369     83.013    13.7524   4.213924    35.3800     0.0616 5.9053e-03     0.0030    99.9246      98.53    226.043     5.1957 2.5406e+02          1        128 0.0000e+00
   38.91890  -68.98228    13.7944   4.219746    35.3945     83.321     83.973    13.7945   4.218948    35.3870     0.0594 5.6992e-03     0.0057    99.8565      98.53    225.335     5.1795 2.5347e+02          1         19 0.0000e+00
   38.91890  -68.98228    13.8361   4.225474    35.4084     84.366     85.026    13.8351   4.224968    35.4047     0.0535 5.4214e-03     0.0180    99.5528      98.52    225.286     5.1783 2.5403e+02          1         17 0.0000e+00
   38.91891  -68.98228    13.8608   4.229057    35.4184     85.386     86.054    13.8601   4.228589    35.4148     0.0567 5.1557e-03     0.0050    99.8754      98.53    225.722     5.1884 2.5394e+02          1         19 0.0000e+00
   38.91892  -68.98228    13.8314   4.225059    35.4094     86.521     87.199    13.8389   4.226322    35.4142     0.0615 4.8430e-03     0.0004    99.9899      98.53    226.741     5.2118 2.5302e+02          1        111 0.0000e+00
   38.91892  -68.98230    13.8441   4.226985    35.4153     87.285     87.969    13.8426   4.225613    35.4040     0.0714 4.6708e-03     0.0007    99.9834      98.52    226.531     5.2070 2.5242e+02          1         31 0.0000e+00
   38.91892  -68.98230    13.9290   4.238448    35.4421     88.323     89.015    13.9242   4.237497    35.4379     0.0554 4.3963e-03     0.0075    99.8117      98.52    226.305     5.2018 2.5324e+02          1         36 0.0000e+00
   38.91892  -68.98230    13.9376   4.239597    35.4450     89.261     89.961    13.9375   4.239614    35.4454     0.0502 4.1587e-03    -0.0022   100.0539      98.53    226.855     5.2145 2.5429e+02          1         43 0.0000e+00
   38.91889  -68.98228    13.9424   4.240263    35.4469     90.270     90.978    13.9421   4.240272    35.4473     0.0521 3.9809e-03    -0.0034   100.0858      98.53    226.960     5.2169 2.5499e+02          1         32 0.0000e+00
   38.91888  -68.98228    13.9453   4.240667    35.4479     91.358     92.075    13.9449   4.240678    35.4484     0.0606 3.8298e-03    -0.0032   100.0811      98.53    226.708     5.2111 2.5241e+02          1         38 0.0000e+00
   38.91889  -68.98229    13.9463   4.240808    35.4486     92.083     92.805    13.9425   4.240397    35.4484     0.0460 3.7260e-03    -0.0026   100.0663      98.53    226.887     5.2152 2.5039e+02          1         84 0.0000e+00
   38.91890  -68.98232    13.9503   4.241362    35.4499     93.222     93.954    13.9494   4.241309    35.4502     0.0497 3.4872e-03    -0.0038   100.0965      98.52    226.827     5.2138 2.5448e+02          1         23 0.0000e+00
   38.91890  -68.98232    13.9530   4.241801    35.4511     94.278     95.019    13.9518   4.241678    35.4511     0.0583 3.2596e-03    -0.0023   100.0586      98.52    226.463     5.2055 2.5643e+02          1         25 0.0000e+00
   38.91889  -68.98230    13.9615   4.243010    35.4543     95.226     95.974    13.9628   4.243244    35.4553     0.0542 3.0960e-03    -0.0027   100.0686      98.53    226.590     5.2084 2.5263e+02          1         94 0.0000e+00
   38.91888  -68.98228    13.9940   4.247509    35.4654     96.247     97.003    13.9927   4.247165    35.4634     0.0490 3.0436e-03    -0.0013   100.0312      98.52    226.373     5.2034 2.4946e+02          1         24 0.0000e+00
   38.91888  -68.98228    14.0020   4.248596    35.4677     97.256     98.021    14.0016   4.248585    35.4680     0.0456 2.9050e-03    -0.0036   100.0898      98.53    226.817     5.2136 2.5070e+02          1         23 0.0000e+00
   38.91888  -68.98230    14.0328   4.252989    35.4794     98.293     99.066    14.0323   4.252723    35.4774     0.0496 2.7449e-03    -0.0025   100.0615      98.53    226.825     5.2138 2.5230e+02          1         47 0.0000e+00
   38.91888  -68.98232    14.0430   4.254305    35.4824     99.097     99.877    14.0194   4.251248    35.4760     0.0522 2.6099e-03    -0.0033   100.0836      98.52    225.960     5.1939 2.5245e+02          1         75 0.0000e+00
   38.91888  -68.98232    14.0449   4.254635    35.4836    100.194    100.983    14.0457   4.254819    35.4843     0.0628 2.5165e-03    -0.0040   100.1009      98.53    225.795     5.1901 2.5158e+02          1         23 0.0000e+00
   38.91888  -68.98232    14.0470   4.254990    35.4846    101.228    102.024    14.0477   4.255089    35.4846     0.0535 2.4265e-03    -0.0043   100.1078      98.53    225.940     5.1935 2.5088e+02          1         17 0.0000e+00
   38.91888  -68.98232    14.0692   4.258418    35.4952    102.240    103.045    14.0688   4.258082    35.4922     0.0465 2.3218e-03    -0.0034   100.0850      98.53    226.335     5.2026 2.5028e+02          1         15 0.0000e+00
   38.91888  -68.98232    14.0893   4.261235    35.5021    103.205    104.018    14.0908   4.261165    35.4998     0.0587 2.2144e-03    -0.0033   100.0836      98.53    226.129     5.1978 2.5088e+02          1         17 0.0000e+00
   38.91888  -68.98232    14.1005   4.262628    35.5043    104.248    105.070    14.1005   4.262657    35.5045     0.0356 2.1108e-03    -0.0032   100.0810      98.52    226.218     5.1999 2.5052e+02          1         29 0.0000e+00
   38.91887  -68.98232    14.0862   4.260713    35.5002    104.963    105.790    14.0822   4.260255    35.4997     0.0486 2.0133e-03    -0.0040   100.1011      98.53    225.393     5.1809 2.5043e+02          1         85 0.0000e+00
   38.91886  -68.98232    14.1140   4.264470    35.5087    106.131    106.968    14.1136   4.264415    35.5084     0.0511 1.8963e-03    -0.0027   100.0676      98.53    225.594     5.1855 2.5002e+02          1         24 0.0000e+00
   38.91886  -68.98232    14.1224   4.265696    35.5120    107.133    107.978    14.1222   4.265642    35.5115     0.0536 1.8310e-03    -0.0033   100.0838      98.52    225.747     5.1891 2.4983e+02          1         19 0.0000e+00
   38.91886  -68.98232    14.1278   4.266466    35.5137    108.141    108.994    14.1277   4.266473    35.5138     0.0371 1.7722e-03    -0.0046   100.1153      98.53    225.835     5.1911 2.4983e+02          1         17 0.0000e+00
   38.91886  -68.98232    14.1398   4.268305    35.5191    109.152    110.014    14.1398   4.268073    35.5170     0.0208 1.6862e-03    -0.0051   100.1262      98.53    225.890     5.1924 2.4983e+02          1         14 0.0000e+00
   38.91886  -68.98232    14.1471   4.269264    35.5209    110.168    111.038    14.1471   4.269375    35.5219     0.0242 1.6246e-03    -0.0047   100.1184      98.53    225.729     5.1886 2.4983e+02          1         17 0.0000e+00
   38.91886  -68.98232    14.1619   4.271362    35.5262    111.211    112.089    14.1611   4.271145    35.5249     0.0286 1.5432e-03    -0.0041   100.1036      98.53    225.367     5.1803 2.4966e+02          1         26 0.0000e+00
   38.91886  -68.98232    14.1537   4.270247    35.5238    111.905    112.789    14.1475   4.269508    35.5227     0.0576 1.4995e-03    -0.0046   100.1161      98.53    224.457     5.1594 2.4995e+02          1         74 0.0000e+00
   38.91886  -68.98232    14.1817   4.274178    35.5337    113.109    114.003    14.1812   4.273878    35.5312     0.0531 1.4071e-03    -0.0043   100.1069      98.53    224.285     5.1555 2.4963e+02          1         22 0.0000e+00
   38.91886  -68.98232    14.2030   4.277210    35.5414    114.128    115.030    14.2029   4.277109    35.5405     0.0428 1.3664e-03    -0.0051   100.1271      98.53    224.216     5.1539 2.4971e+02          1         19 0.0000e+00
   38.91886  -68.98232    14.2105   4.278215    35.5435    115.131    116.041    14.2099   4.278137    35.5432     0.0369 1.3018e-03    -0.0052   100.1300      98.53    224.431     5.1588 2.4983e+02          1         23 0.0000e+00
   38.91886  -68.98232    14.2301   4.281035    35.5510    116.091    117.010    14.2300   4.280774    35.5486     0.0531 1.2451e-03    -0.0053   100.1310      98.53    224.505     5.1605 2.4997e+02          1         31 0.0000e+00
   38.91886  -68.98232    14.2700   4.286592    35.5649    117.050    117.976    14.2665   4.285939    35.5620     0.0404 1.2065e-03    -0.0055   100.1382      98.53    223.847     5.1454 2.4983e+02          1         28 0.0000e+00
   38.91884  -68.98232    14.2928   4.289883    35.5738    118.056    118.990    14.2933   4.289809    35.5726     0.0371 1.1679e-03    -0.0056   100.1405      98.53    223.436     5.1360 2.4927e+02          1         24 0.0000e+00
   38.91884  -68.98232    14.3100   4.292334    35.5802    119.064    120.007    14.3096   4.292201    35.5794     0.0441 1.1182e-03    -0.0060   100.1501      98.53    222.961     5.1251 2.4834e+02          1         24 0.0000e+00
   38.91884  -68.98232    14.3174   4.293335    35.5827    120.093    121.044    14.3168   4.293330    35.5831     0.0377 1.0573e-03    -0.0066   100.1653      98.53    222.748     5.1202 2.4760e+02          1         39 0.0000e+00
   38.91884  -68.98233    14.3184   4.293476    35.5832    120.973    121.932    14.3181   4.293531    35.5840     0.0217 1.0047e-03    -0.0066   100.1660      98.53    222.632     5.1175 2.4909e+02          1         42 0.0000e+00
   38.91884  -68.98234    14.3183   4.293508    35.5836    122.011    122.977    14.3184   4.293602    35.5843     0.0413 9.8895e-04    -0.0062   100.1552      98.53    222.785     5.1210 2.5010e+02          1         25 0.0000e+00
   38.91884  -68.98234    14.3201   4.293789    35.5842    123.026    124.001    14.3195   4.293798    35.5849     0.0586 9.3898e-04    -0.0063   100.1587      98.52    222.708     5.1193 2.5025e+02          1         21 0.0000e+00
   38.91884  -68.98234    14.3212   4.293955    35.5845    124.005    124.988    14.3210   4.294041    35.5855     0.0408 9.0154e-04    -0.0072   100.1795      98.53    222.630     5.1175 2.4983e+02          1         21 0.0000e+00
   38.91884  -68.98234    14.3215   4.294055    35.5849    125.007    125.999    14.3225   4.294263    35.5858     0.0425 8.6757e-04    -0.0071   100.1789      98.53    222.731     5.1198 2.4885e+02          1         25 0.0000e+00
   38.91884  -68.98234    14.3237   4.294383    35.5856    126.021    127.021    14.3238   4.294465    35.5863     0.0453 8.2578e-04    -0.0063   100.1578      98.53    222.492     5.1143 2.4745e+02          1         30 0.0000e+00
   38.91884  -68.98234    14.3260   4.294736    35.5865    127.004    128.012    14.3259   4.294741    35.5866     0.0366 8.2372e-04    -0.0062   100.1545      98.53    222.485     5.1142 2.4668e+02          1         29 0.0000e+00
   38.91884  -68.98234    14.3406   4.296815    35.5917    128.014    129.030    14.3410   4.296868    35.5918     0.0561 7.7536e-04    -0.0068   100.1711      98.53    222.368     5.1115 2.4713e+02          1         33 0.0000e+00
   38.91884  -68.98234    14.3491   4.298001    35.5945    128.950    129.974    14.3486   4.297948    35.5945     0.0513 7.4999e-04    -0.0070   100.1764      98.53    222.236     5.1084 2.4799e+02          1         40 0.0000e+00
   38.91882  -68.98234    14.3695   4.300899    35.6019    129.940    130.972    14.3681   4.300558    35.6001     0.0422 7.1797e-04    -0.0070   100.1767      98.53    221.832     5.0991 2.4952e+02          1         29 0.0000e+00
   38.91882  -68.98234    14.3952   4.304506    35.6108    130.972    132.012    14.3935   4.304098    35.6086     0.0328 6.9235e-04    -0.0075   100.1867      98.53    222.084     5.1049 2.4974e+02          1         26 0.0000e+00
   38.91882  -68.98234    14.4243   4.308725    35.6222    131.943    132.992    14.4246   4.308627    35.6210     0.0325 6.5630e-04    -0.0071   100.1787      98.53    222.105     5.1055 2.4876e+02          1         27 0.0000e+00
   38.91882  -68.98234    14.4307   4.309586    35.6240    132.938    133.995    14.4308   4.309687    35.6249     0.0316 6.3015e-04    -0.0068   100.1704      98.53    221.737     5.0970 2.4760e+02          1         24 0.0000e+00
   38.91882  -68.98234    14.4337   4.310058    35.6254    133.942    135.007    14.4329   4.309960    35.6253     0.0357 6.0709e-04    -0.0087   100.2169      98.53    221.238     5.0855 2.4593e+02          1         20 0.0000e+00
   38.91882  -68.98236    14.4390   4.310760    35.6267    134.934    136.007    14.4390   4.310842    35.6274     0.0456 5.8547e-04    -0.0081   100.2015      98.53    220.724     5.0737 2.4547e+02          1         23 0.0000e+00
   38.91882  -68.98236    14.4406   4.311000    35.6273    135.983    137.065    14.4401   4.311021    35.6280     0.0449 5.6231e-04    -0.0082   100.2050      98.53    220.710     5.0734 2.4555e+02          1         37 0.0000e+00
   38.91882  -68.98236    14.4433   4.311381    35.6283    136.853    137.942    14.4428   4.311382    35.6288     0.0229 5.5074e-04    -0.0086   100.2146      98.53    220.838     5.0763 2.4710e+02          1         49 0.0000e+00
   38.91880  -68.98236    14.4445   4.311604    35.6290    137.852    138.949    14.4444   4.311660    35.6296     0.0225 5.1974e-04    -0.0088   100.2208      98.54    221.007     5.0802 2.4769e+02          1         24 0.0000e+00
