Data/ruptures/KN207-01/QL-1/20701026.cnv
* Sea-Bird SBE 9 Data File:
* FileName = C:\Data\ctd\20701026.hex
* Software Version Seasave V 7.21e
* Temperature SN = 4406
* Conductivity SN = 1474
* Number of Bytes Per Scan = 40
* Number of Voltage Words = 5
* Number of Scans Averaged by the Deck Unit = 1
* NMEA Latitude = 38 54.93 N
* NMEA Longitude = 068 59.33 W
* NMEA UTC (Time) = Apr 24 2012 22:03:56
** R/V Knorr Cruise # KN207-01 QL1
** Chief Scientist: Ben Van Mooy
# nquan = 21
# nvalues = 400                         
# units = specified
# name 0 = latitude: Latitude [deg]
# name 1 = longitude: Longitude [deg]
# name 2 = t090C: Temperature [ITS-90, deg C]
# name 3 = c0S/m: Conductivity [S/m]
# name 4 = sal00: Salinity, Practical [PSU]
# name 5 = depSM: Depth [salt water, m]
# name 6 = prDM: Pressure, Digiquartz [db]
# name 7 = t190C: Temperature, 2 [ITS-90, deg C]
# name 8 = c1S/m: Conductivity, 2 [S/m]
# name 9 = sal11: Salinity, Practical, 2 [PSU]
# name 10 = flECO-AFL: Fluorescence, WET Labs ECO-AFL/FL [mg/m^3]
# name 11 = par: PAR/Irradiance, Biospherical/Licor
# name 12 = bat: Beam Attenuation, Chelsea/Seatech [1/m]
# name 13 = xmiss: Beam Transmission, Chelsea/Seatech [%]
# name 14 = altM: Altimeter [m]
# name 15 = sbeox0Mm/Kg: Oxygen, SBE 43 [umol/kg]
# name 16 = sbeox0ML/L: Oxygen, SBE 43 [ml/l]
# name 17 = spar: SPAR/Surface Irradiance
# name 18 = pumps: Pump Status
# name 19 = nbin: number of scans per bin
# name 20 = flag: flag
# span 0 =   38.91512,   38.91562       
# span 1 =  -68.99193,  -68.98892       
# span 2 =    10.6160,    14.6830       
# span 3 =   3.791016,   4.352185       
# span 4 =    33.6033,    35.8382       
# span 5 =      2.214,    199.903       
# span 6 =      2.231,    201.525       
# span 7 =    10.6163,    14.6830       
# span 8 =   3.791029,   4.352265       
# span 9 =    33.7180,    35.8399       
# span 10 =     0.0038,     3.0489      
# span 11 = 1.0000e-12, 1.0569e+01      
# span 12 =    -0.0152,     0.3710      
# span 13 =    91.1402,   100.3814      
# span 14 =       2.69,      98.68      
# span 15 =    146.465,    412.639      
# span 16 =     3.3674,     9.4765      
# span 17 = 2.5279e+02, 5.1807e+02      
# span 18 =          0,          1      
# span 19 =          1,        594      
# span 20 = 0.0000e+00, 0.0000e+00      
# interval = decibars: 1                
# start_time = Apr 24 2012 22:03:56 [NMEA time, header]
# bad_flag = -9.990e-29
*END*
[from data line 276]
   38.91534  -68.99030    14.3034   4.291316    35.5793    124.054    125.037    14.3095   4.292528    35.5850     0.0219 1.0000e-12    -0.0065   100.1630      98.56    222.694     5.1189 3.0353e+02          1         14 0.0000e+00
   38.91534  -68.99030    14.2992   4.290763    35.5785    123.026    124.001    14.3002   4.291040    35.5801     0.0203 1.0000e-12    -0.0061   100.1538      98.56    222.478     5.1140 3.0496e+02          1         14 0.0000e+00
   38.91534  -68.99030    14.2977   4.290507    35.5778    122.013    122.980    14.2982   4.290723    35.5794     0.0492 1.0000e-12    -0.0069   100.1738      98.56    221.948     5.1018 3.0560e+02          1         13 0.0000e+00
   38.91534  -68.99031    14.2956   4.290179    35.5771    121.025    121.984    14.2958   4.290324    35.5783     0.0504 1.0000e-12    -0.0063   100.1570      98.56    221.575     5.0932 3.0724e+02          1         15 0.0000e+00
   38.91534  -68.99032    14.2921   4.289647    35.5757    120.011    120.961    14.2944   4.290113    35.5780     0.0417 1.0000e-12    -0.0060   100.1512      98.57    221.975     5.1024 3.0783e+02          1         24 0.0000e+00
   38.91534  -68.99032    14.2931   4.289810    35.5764    119.080    120.023    14.2941   4.290014    35.5774     0.0442 1.0000e-12    -0.0065   100.1617      98.56    222.841     5.1223 3.0798e+02          1         60 0.0000e+00
   38.91534  -68.99032    14.2941   4.289868    35.5762    118.136    119.071    14.2935   4.290016    35.5782     0.0353 1.0000e-12    -0.0068   100.1691      98.56    223.172     5.1299 3.0775e+02          1         27 0.0000e+00
   38.91534  -68.99034    14.2714   4.286554    35.5672    117.103    118.029    14.2837   4.288638    35.5750     0.0340 1.0000e-12    -0.0062   100.1544      98.56    222.984     5.1256 3.0585e+02          1         18 0.0000e+00
   38.91534  -68.99034    14.2435   4.282607    35.5573    116.092    117.010    14.2507   4.284329    35.5665     0.0461 1.0000e-12    -0.0058   100.1453      98.56    222.776     5.1208 3.0504e+02          1         16 0.0000e+00
   38.91534  -68.99034    14.2229   4.279741    35.5504    115.105    116.015    14.2233   4.280166    35.5541     0.0511 1.0000e-12    -0.0059   100.1472      98.56    222.549     5.1156 3.0387e+02          1         18 0.0000e+00
   38.91534  -68.99034    14.2116   4.278210    35.5470    114.085    114.986    14.2144   4.278720    35.5492     0.0319 1.0000e-12    -0.0056   100.1408      98.56    222.508     5.1146 3.0417e+02          1         25 0.0000e+00
   38.91534  -68.99034    14.2089   4.277741    35.5453    113.090    113.983    14.2190   4.279231    35.5496     0.0480 1.0000e-12    -0.0053   100.1313      98.56    222.965     5.1251 3.0551e+02          1         26 0.0000e+00
   38.91534  -68.99034    14.2042   4.277105    35.5440    112.116    113.002    14.2135   4.278656    35.5497     0.0366 1.0000e-12    -0.0057   100.1423      98.56    223.535     5.1382 3.0773e+02          1         23 0.0000e+00
   38.91534  -68.99036    14.1964   4.275982    35.5411    111.147    112.024    14.2028   4.277123    35.5458     0.0491 1.0000e-12    -0.0049   100.1233      98.56    224.036     5.1498 3.0870e+02          1         23 0.0000e+00
   38.91534  -68.99036    14.1843   4.274169    35.5359    110.133    111.002    14.1788   4.274136    35.5409     0.0460 1.0000e-12    -0.0046   100.1148      98.56    223.901     5.1466 3.0969e+02          1         24 0.0000e+00
   38.91534  -68.99036    14.1674   4.271906    35.5310    109.129    109.991    14.1728   4.272825    35.5345     0.0362 1.0000e-12     0.0083    99.7934      98.56    223.403     5.1352 3.1015e+02          1         24 0.0000e+00
   38.91534  -68.99036    14.1601   4.270875    35.5284    108.123    108.976    14.1665   4.272037    35.5334     0.0545 1.0000e-12    -0.0009   100.0216      98.56    223.754     5.1433 3.1152e+02          1         26 0.0000e+00
   38.91534  -68.99036    14.1508   4.269591    35.5255    107.127    107.971    14.1592   4.270912    35.5299     0.0452 1.0000e-12    -0.0049   100.1214      98.57    224.938     5.1705 3.1032e+02          1         26 0.0000e+00
   38.91534  -68.99036    14.1462   4.268881    35.5233    106.171    107.008    14.1494   4.269559    35.5267     0.0822 1.0000e-12    -0.0048   100.1196      98.55    224.664     5.1642 3.0940e+02          1         27 0.0000e+00
   38.91534  -68.99036    14.1319   4.266898    35.5185    105.180    106.009    14.1443   4.268818    35.5248     0.0252 1.0000e-12    -0.0048   100.1193      98.56    224.394     5.1580 3.0932e+02          1         30 0.0000e+00
   38.91534  -68.99036    14.1262   4.266071    35.5163    104.197    105.018    14.1315   4.267116    35.5212     0.0306 1.0000e-12    -0.0042   100.1044      98.56    225.021     5.1724 3.1146e+02          1         27 0.0000e+00
   38.91534  -68.99036    14.1217   4.265400    35.5146    103.216    104.029    14.1289   4.266555    35.5187     0.0548 1.0000e-12    -0.0040   100.1013      98.56    224.972     5.1713 3.1430e+02          1         20 0.0000e+00
   38.91534  -68.99037    14.1180   4.264831    35.5131    102.231    103.036    14.1232   4.265705    35.5164     0.0442 1.0000e-12    -0.0040   100.1016      98.56    225.049     5.1730 3.1675e+02          1         18 0.0000e+00
   38.91534  -68.99038    14.1115   4.263873    35.5105    101.245    102.042    14.1151   4.264617    35.5142     0.0653 1.0000e-12    -0.0038   100.0955      98.56    225.284     5.1784 3.1800e+02          1         16 0.0000e+00
   38.91534  -68.99038    14.1020   4.262568    35.5076    100.211    101.000    14.1057   4.263482    35.5128     0.0625 1.0000e-12    -0.0043   100.1073      98.56    225.597     5.1856 3.1886e+02          1         18 0.0000e+00
   38.91534  -68.99038    14.0869   4.260431    35.5023     99.180     99.960    14.0870   4.260799    35.5058     0.0530 1.0000e-12    -0.0042   100.1064      98.57    225.040     5.1728 3.1898e+02          1         20 0.0000e+00
   38.91534  -68.99038    14.0834   4.259979    35.5014     98.113     98.885    14.0836   4.260019    35.5018     0.0499 2.3838e-03    -0.0035   100.0892      98.57    225.419     5.1815 3.1824e+02          1         57 0.0000e+00
   38.91534  -68.99040    14.0886   4.260673    35.5030     97.333     98.099    14.0871   4.260720    35.5050     0.0711 3.2216e-05    -0.0037   100.0929      98.56    225.950     5.1937 3.2128e+02          1         31 0.0000e+00
   38.91534  -68.99040    14.0668   4.257509    35.4945     96.280     97.036    14.0736   4.258518    35.4975     0.0488 1.0000e-12    -0.0039   100.0987      98.57    226.273     5.2011 3.2511e+02          1         16 0.0000e+00
   38.91534  -68.99040    14.0601   4.256591    35.4926     95.231     95.979    14.0633   4.257188    35.4953     0.0449 9.9517e-05    -0.0040   100.1005      98.56    225.868     5.1918 3.2663e+02          1         14 0.0000e+00
   38.91534  -68.99040    14.0597   4.256481    35.4922     94.234     94.974    14.0602   4.256670    35.4936     0.0432 1.0000e-12    -0.0014   100.0345      98.56    225.792     5.1901 3.2810e+02          1         12 0.0000e+00
   38.91534  -68.99040    14.0588   4.256343    35.4921     93.253     93.985    14.0599   4.256551    35.4931     0.0433 1.0000e-12    -0.0017   100.0418      98.56    225.665     5.1871 3.2871e+02          1         14 0.0000e+00
   38.91534  -68.99040    14.0581   4.256204    35.4918     92.211     92.935    14.0573   4.256216    35.4928     0.0446 1.0000e-12    -0.0031   100.0775      98.57    225.834     5.1910 3.2839e+02          1         23 0.0000e+00
   38.91534  -68.99038    14.0577   4.256152    35.4918     91.296     92.013    14.0576   4.256224    35.4926     0.0575 1.0000e-12    -0.0034   100.0852      98.56    225.899     5.1925 3.2372e+02          1         57 0.0000e+00
   38.91534  -68.99038    14.0571   4.255990    35.4911     90.314     91.022    14.0570   4.256176    35.4929     0.0511 1.0000e-12    -0.0033   100.0840      98.57    225.984     5.1945 3.1651e+02          1         28 0.0000e+00
   38.91534  -68.99038    14.0423   4.253908    35.4860     89.308     90.008    14.0492   4.254994    35.4897     0.0383 7.8053e-03    -0.0035   100.0884      98.57    225.982     5.1944 3.1218e+02          1         20 0.0000e+00
   38.91534  -68.99038    14.0288   4.251974    35.4810     88.328     89.020    14.0363   4.253337    35.4867     0.0321 3.0160e-03    -0.0032   100.0812      98.57    225.953     5.1938 3.0854e+02          1         22 0.0000e+00
   38.91534  -68.99040    14.0222   4.251000    35.4784     87.331     88.015    14.0241   4.251581    35.4821     0.0387 1.6643e-03    -0.0032   100.0816      98.57    225.651     5.1868 3.0454e+02          1         21 0.0000e+00
   38.91534  -68.99040    14.0163   4.250137    35.4763     86.321     86.997    14.0178   4.250492    35.4782     0.0450 3.6289e-03    -0.0038   100.0944      98.57    225.677     5.1874 3.0325e+02          1         18 0.0000e+00
   38.91534  -68.99040    14.0107   4.249291    35.4740     85.349     86.018    14.0126   4.249822    35.4772     0.0511 1.2560e-03    -0.0030   100.0767      98.57    225.905     5.1927 3.0321e+02          1         14 0.0000e+00
   38.91534  -68.99040    14.0016   4.248058    35.4714     84.348     85.008    14.0022   4.248449    35.4746     0.0432 1.0000e-12    -0.0019   100.0473      98.57    226.229     5.2001 3.0363e+02          1         17 0.0000e+00
   38.91534  -68.99040    13.9933   4.246934    35.4691     83.321     83.973    13.9954   4.247459    35.4721     0.0294 1.0000e-12    -0.0039   100.0972      98.57    226.451     5.2052 3.0442e+02          1         17 0.0000e+00
   38.91534  -68.99040    13.9813   4.245246    35.4649     82.232     82.875    13.9875   4.246206    35.4681     0.0603 3.9197e-03    -0.0030   100.0766      98.57    226.491     5.2061 3.0456e+02          1         43 0.0000e+00
   38.91534  -68.99040    14.0009   4.247906    35.4711     81.553     82.191    13.9996   4.247909    35.4724     0.0413 5.3847e-05    -0.0033   100.0823      98.56    226.141     5.1981 2.9914e+02          1         58 0.0000e+00
   38.91534  -68.99040    13.9742   4.244054    35.4608     80.382     81.011    13.9713   4.244158    35.4645     0.0594 1.0000e-12    -0.0033   100.0825      98.57    226.455     5.2053 2.9410e+02          1         19 0.0000e+00
   38.91534  -68.99040    13.9387   4.239223    35.4496     79.381     80.001    13.9481   4.241047    35.4578     0.0667 2.8317e-03    -0.0035   100.0888      98.57    226.421     5.2045 2.9221e+02          1         13 0.0000e+00
   38.91534  -68.99040    13.9248   4.237339    35.4454     78.392     79.004    13.9309   4.238338    35.4491     0.0616 1.9228e-03    -0.0035   100.0877      98.57    226.381     5.2036 2.9221e+02          1         14 0.0000e+00
   38.91534  -68.99042    13.9202   4.236713    35.4441     77.369     77.973    13.9259   4.237519    35.4464     0.0441 3.4402e-03    -0.0027   100.0690      98.58    226.039     5.1957 2.9221e+02          1         13 0.0000e+00
   38.91534  -68.99044    13.9164   4.236130    35.4426     76.381     76.977    13.9202   4.236883    35.4461     0.0522 1.0000e-12    -0.0022   100.0546      98.58    225.956     5.1938 2.9381e+02          1         14 0.0000e+00
   38.91534  -68.99044    13.9109   4.235409    35.4413     75.381     75.970    13.9155   4.236197    35.4443     0.0654 6.4763e-05    -0.0022   100.0559      98.58    226.077     5.1966 2.9445e+02          1         18 0.0000e+00
   38.91534  -68.99044    13.9013   4.234073    35.4380     74.362     74.942    13.9007   4.234256    35.4404     0.0590 3.3759e-03    -0.0023   100.0574      98.56    226.899     5.2155 2.9556e+02          1         28 0.0000e+00
   38.91534  -68.99044    13.9114   4.235456    35.4413     73.501     74.075    13.9132   4.235691    35.4419     0.0588 3.1317e-04    -0.0027   100.0684      98.57    227.233     5.2232 2.9463e+02          1         61 0.0000e+00
   38.91532  -68.99042    13.9039   4.234245    35.4372     72.515     73.081    13.8989   4.234326    35.4428     0.0498 1.0000e-12    -0.0017   100.0426      98.56    226.865     5.2147 2.9120e+02          1         22 0.0000e+00
   38.91532  -68.99042    13.8325   4.224160    35.4108     71.439     71.997    13.8618   4.228974    35.4282     0.0471 1.0000e-12    -0.0026   100.0659      98.57    227.441     5.2279 2.8936e+02          1         18 0.0000e+00
   38.91532  -68.99042    13.7944   4.218850    35.3973     70.406     70.955    13.8002   4.220677    35.4090     0.0522 1.0000e-12    -0.0011   100.0276      98.57    227.246     5.2234 2.8827e+02          1         17 0.0000e+00
   38.91532  -68.99042    13.7789   4.216741    35.3923     69.450     69.991    13.7900   4.218564    35.3990     0.0514 3.9132e-05    -0.0009   100.0216      98.57    226.866     5.2147 2.8762e+02          1         17 0.0000e+00
   38.91532  -68.99042    13.7656   4.214916    35.3878     68.462     68.995    13.7705   4.215976    35.3932     0.0562 1.7486e-04    -0.0018   100.0436      98.57    226.577     5.2080 2.8775e+02          1         21 0.0000e+00
   38.91533  -68.99044    13.7562   4.213729    35.3856     67.486     68.011    13.7651   4.215080    35.3900     0.0635 5.0499e-04    -0.0026   100.0641      98.57    226.853     5.2144 2.8869e+02          1         26 0.0000e+00
   38.91534  -68.99046    13.7274   4.209875    35.3767     66.470     66.988    13.7480   4.212754    35.3843     0.0720 5.3715e-05    -0.0015   100.0384      98.57    227.292     5.2244 2.8998e+02          1         26 0.0000e+00
   38.91534  -68.99046    13.6917   4.205057    35.3651     65.477     65.986    13.7128   4.208491    35.3776     0.0624 1.0000e-12    -0.0021   100.0516      98.57    227.498     5.2292 2.9026e+02          1         24 0.0000e+00
   38.91534  -68.99046    13.6723   4.202278    35.3574     64.492     64.994    13.7023   4.206552    35.3693     0.0481 1.0000e-12    -0.0014   100.0350      98.56    227.481     5.2288 2.9076e+02          1         23 0.0000e+00
   38.91534  -68.99046    13.6704   4.201929    35.3557     63.498     63.992    13.6763   4.203222    35.3626     0.0500 5.8600e-04    -0.0013   100.0315      98.57    227.035     5.2185 2.9032e+02          1         26 0.0000e+00
   38.91533  -68.99046    13.6605   4.200704    35.3535     62.488     62.974    13.6641   4.201275    35.3557     0.0846 2.9121e-03    -0.0021   100.0528      98.57    227.238     5.2232 2.8870e+02          1         33 0.0000e+00
   38.91532  -68.99046    13.6629   4.200904    35.3530     61.543     62.021    13.6625   4.200969    35.3542     0.0703 5.8086e-04    -0.0021   100.0526      98.57    227.360     5.2260 2.8631e+02          1         34 0.0000e+00
   38.91532  -68.99046    13.6556   4.199796    35.3495     60.527     60.998    13.6605   4.200576    35.3523     0.0871 8.2588e-04    -0.0017   100.0430      87.18    227.212     5.2226 2.8682e+02          1         24 0.0000e+00
   38.91532  -68.99046    13.6475   4.198686    35.3469     59.526     59.988    13.6495   4.199224    35.3502     0.0796 6.8952e-03    -0.0013   100.0316      19.31    226.841     5.2140 2.8738e+02          1         18 0.0000e+00
   38.91532  -68.99046    13.6372   4.197180    35.3427     58.544     58.999    13.6425   4.198123    35.3466     0.0678 4.3137e-04    -0.0006   100.0159      98.68    227.318     5.2250 2.8701e+02          1         18 0.0000e+00
   38.91532  -68.99048    13.6070   4.192890    35.3311     57.551     57.998    13.6211   4.195841    35.3457     0.0884 9.7841e-04    -0.0008   100.0201      98.57    227.711     5.2340 2.8552e+02          1         17 0.0000e+00
