Data/ruptures/KN207-01/QL-1/20701010.cnv
* Sea-Bird SBE 9 Data File:
* FileName = C:\Data\ctd\20701010.hex
* Software Version Seasave V 7.21e
* Temperature SN = 4406
* Conductivity SN = 1474
* Number of Bytes Per Scan = 40
* Number of Voltage Words = 5
* Number of Scans Averaged by the Deck Unit = 1
* NMEA Latitude = 39 00.01 N
* NMEA Longitude = 069 00.00 W
* NMEA UTC (Time) = Apr 23 2012 00:33:00
** R/V Knorr Cruise # KN207-01 QL1
** Chief Scientist: Ben Van Mooy
# nquan = 21
# nvalues = 6320                        
# units = specified
# name 0 = latitude: Latitude [deg]
# name 1 = longitude: Longitude [deg]
# name 2 = t090C: Temperature [ITS-90, deg C]
# name 3 = c0S/m: Conductivity [S/m]
# name 4 = sal00: Salinity, Practical [PSU]
# name 5 = depSM: Depth [salt water, m]
# name 6 = prDM: Pressure, Digiquartz [db]
# name 7 = t190C: Temperature, 2 [ITS-90, deg C]
# name 8 = c1S/m: Conductivity, 2 [S/m]
# name 9 = sal11: Salinity, Practical, 2 [PSU]
# name 10 = flECO-AFL: Fluorescence, WET Labs ECO-AFL/FL [mg/m^3]
# name 11 = par: PAR/Irradiance, Biospherical/Licor
# name 12 = bat: Beam Attenuation, Chelsea/Seatech [1/m]
# name 13 = xmiss: Beam Transmission, Chelsea/Seatech [%]
# name 14 = altM: Altimeter [m]
# name 15 = sbeox0Mm/Kg: Oxygen, SBE 43 [umol/kg]
# name 16 = sbeox0ML/L: Oxygen, SBE 43 [ml/l]
# name 17 = spar: SPAR/Surface Irradiance
# name 18 = pumps: Pump Status
# name 19 = nbin: number of scans per bin
# name 20 = flag: flag
# span 0 =   38.99986,   39.00084       
# span 1 =  -69.00114,  -68.99736       
# span 2 =     2.3685,    14.7912       
# span 3 =   3.233334,   4.369546       
# span 4 =    33.6978,    35.8426       
# span 5 =      2.948,   3115.218       
# span 6 =      2.970,   3162.519       
# span 7 =     2.3683,    14.7910       
# span 8 =   3.233272,   4.369614       
# span 9 =    34.0594,    35.8538       
# span 10 =    -0.0209,     3.7649      
# span 11 = 1.0000e-12, 1.0000e-12      
# span 12 =    -0.0358,     0.3353      
# span 13 =    91.9590,   100.8979      
# span 14 =       5.23,      98.93      
# span 15 =    129.475,    442.857      
# span 16 =     2.9778,    10.1715      
# span 17 = 1.3384e+01, 1.5615e+01      
# span 18 =          1,          1      
# span 19 =          2,        481      
# span 20 = 0.0000e+00, 0.0000e+00      
# interval = decibars: 1                
# start_time = Apr 23 2012 00:33:00 [NMEA time, header]
# bad_flag = -9.990e-29
*END*
[from data line 69]
   39.00020  -68.99990    12.6463   4.067429    35.0077     71.436     71.994    12.6410   4.066235    35.0017     0.1420 1.0000e-12     0.0187    99.5331      98.56    240.636     5.5308 1.3490e+01          1         21 0.0000e+00
   39.00020  -68.99990    12.6941   4.073543    35.0222     72.508     73.074    12.6920   4.072779    35.0172     0.1239 1.0000e-12     0.0254    99.3677      98.56    238.369     5.4787 1.3556e+01          1         39 0.0000e+00
   39.00020  -68.99988    12.6876   4.072751    35.0249     73.385     73.958    12.6936   4.072112    35.0135     0.1392 1.0000e-12     0.0074    99.8159      98.57    236.282     5.4308 1.3481e+01          1         23 0.0000e+00
   39.00020  -68.99988    12.8778   4.097753    35.0833     74.429     75.011    12.8811   4.095185    35.0561     0.1230 1.0000e-12     0.0115    99.7144      98.56    236.825     5.4433 1.3619e+01          1         19 0.0000e+00
   39.00022  -68.99990    12.9619   4.108592    35.1075     75.437     76.027    12.9613   4.108295    35.1056     0.1185 1.0000e-12     0.0209    99.4779      98.56    237.597     5.4610 1.3496e+01          1         20 0.0000e+00
   39.00022  -68.99990    13.0372   4.119075    35.1370     76.470     77.067    13.0371   4.118318    35.1302     0.1040 1.0000e-12     0.0075    99.8130      98.56    236.769     5.4420 1.3511e+01          1         35 0.0000e+00
   39.00022  -68.99989    13.0307   4.118264    35.1394     77.166     77.769    13.0504   4.120475    35.1421     0.1043 1.0000e-12     0.0049    99.8784      98.56    232.509     5.3442 1.3521e+01          1        130 0.0000e+00
   39.00022  -68.99988    13.1850   4.138740    35.1894     78.360     78.973    13.1838   4.137770    35.1818     0.1167 1.0000e-12    -0.0009   100.0205      98.56    232.249     5.3382 1.3756e+01          1         24 0.0000e+00
   39.00022  -68.99988    13.2342   4.145097    35.2036     79.371     79.992    13.2325   4.144407    35.1990     0.0591 1.0000e-12    -0.0003   100.0064      98.56    232.734     5.3494 1.3384e+01          1         22 0.0000e+00
   39.00022  -68.99989    13.2602   4.148517    35.2120     80.362     80.991    13.2604   4.148317    35.2102     0.0717 1.0000e-12     0.0292    99.2739      98.56    232.370     5.3410 1.3578e+01          1         23 0.0000e+00
   39.00022  -68.99990    13.2792   4.151021    35.2185     81.408     82.045    13.2772   4.150615    35.2168     0.0727 1.0000e-12     0.0081    99.7983      98.56    230.690     5.3024 1.3663e+01          1         32 0.0000e+00
   39.00023  -68.99989    13.2731   4.150174    35.2184     82.177     82.820    13.2763   4.150500    35.2187     0.0857 1.0000e-12    -0.0029   100.0728      98.56    229.646     5.2784 1.3549e+01          1        108 0.0000e+00
   39.00024  -68.99988    13.2900   4.152358    35.2242     83.319     83.972    13.2885   4.152030    35.2229     0.0887 1.0000e-12    -0.0020   100.0489      98.57    229.861     5.2834 1.3384e+01          1         16 0.0000e+00
   39.00024  -68.99988    13.3136   4.155655    35.2329     84.330     84.991    13.3120   4.154436    35.2231     0.0859 1.0000e-12    -0.0013   100.0312      98.56    230.462     5.2972 1.3523e+01          1         16 0.0000e+00
   39.00024  -68.99988    13.3664   4.162570    35.2480     85.337     86.006    13.3704   4.162350    35.2424     0.0809 1.0000e-12    -0.0008   100.0200      98.57    230.090     5.2886 1.3523e+01          1         16 0.0000e+00
   39.00024  -68.99988    13.4467   4.173316    35.2735     86.409     87.087    13.4465   4.172575    35.2669     0.0756 1.0000e-12    -0.0034   100.0854      98.56    229.376     5.2722 1.3528e+01          1         31 0.0000e+00
   39.00024  -68.99988    13.4280   4.171236    35.2728     87.032     87.715    13.4451   4.172491    35.2687     0.0762 1.0000e-12    -0.0047   100.1169      98.57    229.214     5.2685 1.3430e+01          1         48 0.0000e+00
   39.00024  -68.99988    13.5614   4.188864    35.3129     88.263     88.956    13.5615   4.188118    35.3061     0.0860 1.0000e-12    -0.0030   100.0747      98.57    228.171     5.2446 1.3533e+01          1         15 0.0000e+00
   39.00024  -68.99988    13.6069   4.195177    35.3292     89.297     89.998    13.6036   4.193759    35.3193     0.0792 1.0000e-12    -0.0038   100.0953      98.56    228.953     5.2626 1.3384e+01          1         15 0.0000e+00
   39.00024  -68.99988    13.6559   4.201541    35.3429     90.341     91.050    13.6508   4.200448    35.3378     0.0583 1.0000e-12    -0.0041   100.1043      98.57    229.026     5.2642 1.3481e+01          1         23 0.0000e+00
   39.00024  -68.99987    13.6188   4.196594    35.3337     91.073     91.788    13.6325   4.198141    35.3355     0.0722 1.0000e-12    -0.0052   100.1303      98.60    227.086     5.2197 1.3496e+01          1        100 0.0000e+00
   39.00022  -68.99988    13.6861   4.205586    35.3555     92.252     92.977    13.6882   4.205152    35.3497     0.0637 1.0000e-12    -0.0045   100.1122      98.56    226.331     5.2023 1.3501e+01          1         19 0.0000e+00
   39.00022  -68.99988    13.7189   4.209753    35.3635     93.243     93.976    13.7162   4.209393    35.3630     0.0436 1.0000e-12    -0.0049   100.1229      98.56    225.975     5.1941 1.3384e+01          1         17 0.0000e+00
   39.00022  -68.99988    13.7731   4.217976    35.3892     94.262     95.003    13.7779   4.216378    35.3699     0.0568 1.0000e-12    -0.0049   100.1215      98.57    226.445     5.2050 1.3632e+01          1         18 0.0000e+00
   39.00022  -68.99988    13.8651   4.229957    35.4147     95.336     96.085    13.8638   4.229658    35.4133     0.0619 1.0000e-12    -0.0050   100.1244      98.57    225.896     5.1924 1.3549e+01          1         27 0.0000e+00
   39.00023  -68.99986    13.8362   4.226124    35.4076     96.003     96.758    13.8463   4.227238    35.4088     0.0539 1.0000e-12    -0.0061   100.1537      98.57    224.920     5.1699 1.3607e+01          1         50 0.0000e+00
   39.00023  -68.99986    13.8790   4.231735    35.4205     97.192     97.957    13.8794   4.231713    35.4202     0.0569 1.0000e-12    -0.0061   100.1525      98.57    225.094     5.1739 1.3596e+01          1         21 0.0000e+00
   39.00022  -68.99988    13.8842   4.232488    35.4227     98.241     99.014    13.8841   4.232398    35.4222     0.0213 1.0000e-12    -0.0079   100.1961      98.56    225.426     5.1816 1.3619e+01          1         19 0.0000e+00
   39.00022  -68.99988    13.8906   4.233381    35.4250     99.271    100.052    13.8908   4.233242    35.4237     0.0569 1.0000e-12    -0.0083   100.2064      98.57    224.389     5.1577 1.3490e+01          1         21 0.0000e+00
   39.00022  -68.99987    13.9268   4.238382    35.4384    100.175    100.964    13.9325   4.238951    35.4386     0.0485 1.0000e-12    -0.0080   100.2004      98.57    222.343     5.1107 1.3480e+01          1         93 0.0000e+00
   39.00022  -68.99984    14.0473   4.255080    35.4808    101.218    102.016    14.0468   4.253270    35.4646     0.0341 1.0000e-12    -0.0083   100.2060      98.57    222.528     5.1150 1.3515e+01          1         17 0.0000e+00
   39.00022  -68.99984    14.0631   4.256858    35.4826    102.171    102.977    14.0624   4.256775    35.4827     0.0355 1.0000e-12    -0.0087   100.2177      98.57    223.097     5.1281 1.3501e+01          1         19 0.0000e+00
   39.00023  -68.99985    14.0634   4.257001    35.4838    103.212    104.026    14.0622   4.256858    35.4838     0.0371 1.0000e-12    -0.0096   100.2411      98.57    222.871     5.1229 1.3570e+01          1         24 0.0000e+00
   39.00024  -68.99986    14.0605   4.256603    35.4839    104.400    105.223    14.0617   4.256794    35.4847     0.0405 1.0000e-12    -0.0103   100.2580      98.57    220.304     5.0639 1.3532e+01          1        121 0.0000e+00
   39.00022  -68.99984    14.0655   4.257242    35.4859    105.142    105.971    14.0724   4.257766    35.4843     0.0390 1.0000e-12    -0.0086   100.2139      98.57    219.940     5.0555 1.3384e+01          1         27 0.0000e+00
   39.00022  -68.99984    14.1138   4.263985    35.5029    106.163    107.001    14.1245   4.265109    35.5033     0.0520 1.0000e-12    -0.0097   100.2419      98.57    220.158     5.0606 1.3703e+01          1         21 0.0000e+00
   39.00022  -68.99984    14.1279   4.265720    35.5056    107.186    108.032    14.1283   4.265660    35.5048     0.0645 1.0000e-12    -0.0107   100.2693      98.57    220.072     5.0586 1.3587e+01          1         22 0.0000e+00
   39.00022  -68.99984    14.1923   4.274816    35.5294    108.194    109.049    14.1900   4.273729    35.5214     0.0457 1.0000e-12    -0.0110   100.2768      98.57    219.695     5.0499 1.3615e+01          1         29 0.0000e+00
   39.00022  -68.99984    14.2244   4.279131    35.5394    109.156    110.018    14.2240   4.278991    35.5386     0.0309 1.0000e-12    -0.0101   100.2529      98.57    219.604     5.0478 1.3646e+01          1         34 0.0000e+00
   39.00022  -68.99984    14.2254   4.279255    35.5406    110.162    111.032    14.2253   4.279295    35.5411     0.0395 1.0000e-12    -0.0117   100.2919      98.56    217.818     5.0068 1.3427e+01          1        104 0.0000e+00
   39.00022  -68.99984    14.2395   4.281229    35.5461    111.072    111.950    14.2404   4.281135    35.5444     0.0441 1.0000e-12    -0.0118   100.2950      98.56    218.021     5.0115 1.3384e+01          1         22 0.0000e+00
   39.00022  -68.99984    14.2515   4.282834    35.5495    112.120    113.006    14.2510   4.282733    35.5491     0.0453 1.0000e-12    -0.0113   100.2831      98.58    218.095     5.0132 1.3384e+01          1         17 0.0000e+00
   39.00022  -68.99984    14.2551   4.283392    35.5510    113.141    114.036    14.2546   4.283107    35.5489     0.0383 1.0000e-12    -0.0112   100.2818      98.56    218.025     5.0115 1.3523e+01          1         16 0.0000e+00
   39.00022  -68.99984    14.2744   4.285992    35.5568    114.119    115.021    14.2718   4.285513    35.5548     0.0213 1.0000e-12    -0.0117   100.2933      98.57    217.775     5.0058 1.3703e+01          1         21 0.0000e+00
   39.00022  -68.99983    14.2840   4.287375    35.5608    115.207    116.119    14.2896   4.288113    35.5624     0.0303 1.0000e-12    -0.0118   100.2946      98.57    217.347     4.9960 1.3619e+01          1         95 0.0000e+00
   39.00022  -68.99982    14.3022   4.289950    35.5678    116.046    116.964    14.3021   4.289747    35.5660     0.0445 1.0000e-12    -0.0120   100.2999      98.57    217.093     4.9902 1.3448e+01          1         35 0.0000e+00
   39.00022  -68.99982    14.3330   4.294450    35.5802    117.084    118.011    14.3325   4.294214    35.5786     0.0443 1.0000e-12    -0.0121   100.3021      98.57    217.084     4.9900 1.3578e+01          1         23 0.0000e+00
   39.00022  -68.99984    14.3085   4.291067    35.5720    118.056    118.991    14.3107   4.292528    35.5835     0.0461 1.0000e-12    -0.0122   100.3043      98.57    217.062     4.9895 1.3490e+01          1         21 0.0000e+00
   39.00022  -68.99984    14.2264   4.281206    35.5577    119.059    120.002    14.2263   4.281490    35.5605     0.0484 1.0000e-12    -0.0118   100.2957      98.57    217.222     4.9932 1.3849e+01          1         24 0.0000e+00
   39.00022  -68.99984    14.3142   4.293704    35.5901    120.071    121.023    14.3200   4.293031    35.5784     0.0423 1.0000e-12    -0.0111   100.2786      98.57    215.845     4.9615 1.3384e+01          1         27 0.0000e+00
   39.00022  -68.99984    14.3773   4.301820    35.6057    121.069    122.029    14.3762   4.301631    35.6051     0.0534 1.0000e-12    -0.0100   100.2491      98.58    217.080     4.9899 1.3547e+01          1         41 0.0000e+00
   39.00022  -68.99982    14.4097   4.306537    35.6189    121.985    122.952    14.4073   4.305743    35.6139     0.0283 1.0000e-12    -0.0119   100.2967      98.57    215.496     4.9535 1.3685e+01          1         37 0.0000e+00
   39.00022  -68.99982    14.4828   4.316693    35.6440    123.019    123.995    14.4878   4.316728    35.6396     0.0506 1.0000e-12    -0.0123   100.3080      98.57    213.524     4.9082 1.3639e+01          1         35 0.0000e+00
   39.00022  -68.99982    14.5292   4.323095    35.6597    123.991    124.975    14.5298   4.323143    35.6597     0.0371 1.0000e-12    -0.0131   100.3279      98.57    213.187     4.9005 1.3570e+01          1         36 0.0000e+00
   39.00022  -68.99982    14.5268   4.322934    35.6609    125.002    125.994    14.5259   4.322979    35.6622     0.0375 1.0000e-12    -0.0134   100.3346      98.58    212.708     4.8895 1.3464e+01          1         28 0.0000e+00
   39.00022  -68.99982    14.4959   4.318981    35.6537    125.996    126.996    14.4978   4.319649    35.6581     0.0352 1.0000e-12    -0.0129   100.3218      98.57    211.888     4.8706 1.3688e+01          1         22 0.0000e+00
   39.00022  -68.99982    14.5036   4.320636    35.6615    126.968    127.976    14.5022   4.319478    35.6522     0.0284 1.0000e-12    -0.0127   100.3166      98.57    211.485     4.8614 1.3562e+01          1         25 0.0000e+00
   39.00022  -68.99982    14.5938   4.333025    35.6905    127.995    129.012    14.5932   4.332729    35.6884     0.0395 1.0000e-12    -0.0123   100.3066      98.57    211.067     4.8518 1.3587e+01          1         22 0.0000e+00
   39.00022  -68.99982    14.5923   4.333063    35.6925    129.009    130.034    14.5919   4.333029    35.6925     0.0261 1.0000e-12    -0.0134   100.3358      98.56    211.428     4.8601 1.3790e+01          1         22 0.0000e+00
   39.00022  -68.99982    14.6027   4.334701    35.6977    130.007    131.040    14.6028   4.334623    35.6969     0.0255 1.0000e-12    -0.0138   100.3464      98.57    211.204     4.8550 1.3790e+01          1         22 0.0000e+00
   39.00020  -68.99982    14.6098   4.335754    35.7008    130.959    132.001    14.6083   4.335522    35.7001     0.0277 1.0000e-12    -0.0132   100.3300      98.57    209.861     4.8241 1.3467e+01          1         27 0.0000e+00
   39.00020  -68.99982    14.6117   4.336055    35.7018    131.938    132.988    14.6118   4.336071    35.7019     0.0295 1.0000e-12    -0.0130   100.3256      98.57    209.169     4.8082 1.3538e+01          1         29 0.0000e+00
   39.00020  -68.99982    14.6166   4.336826    35.7044    132.986    134.044    14.6164   4.336830    35.7046     0.0287 1.0000e-12    -0.0137   100.3436      98.57    208.451     4.7917 1.3581e+01          1         34 0.0000e+00
   39.00020  -68.99982    14.6250   4.338265    35.7098    133.930    134.997    14.6240   4.338141    35.7096     0.0234 1.0000e-12    -0.0125   100.3124      98.57    208.169     4.7852 1.3511e+01          1         35 0.0000e+00
   39.00020  -68.99982    14.6331   4.340140    35.7193    134.912    135.986    14.6333   4.339871    35.7166     0.0358 1.0000e-12    -0.0139   100.3486      98.57    207.492     4.7697 1.3846e+01          1         29 0.0000e+00
   39.00020  -68.99982    14.6470   4.342304    35.7261    135.914    136.997    14.6466   4.342294    35.7263     0.0341 1.0000e-12    -0.0137   100.3417      98.57    207.455     4.7688 1.3485e+01          1         22 0.0000e+00
   39.00020  -68.99982    14.6478   4.342684    35.7286    136.899    137.989    14.6468   4.342499    35.7278     0.0316 1.0000e-12    -0.0134   100.3357      98.57    207.147     4.7618 1.3508e+01          1         18 0.0000e+00
   39.00020  -68.99982    14.6460   4.342708    35.7303    137.894    138.993    14.6469   4.343080    35.7328     0.0279 1.0000e-12    -0.0134   100.3351      98.58    205.560     4.7253 1.3384e+01          1         15 0.0000e+00
