Data/ruptures/KN207-01/QL-1/20701045.cnv
* Sea-Bird SBE 9 Data File:
* FileName = C:\Data\ctd\20701045.hex
* Software Version Seasave V 7.21e
* Temperature SN = 4406
* Conductivity SN = 1474
* Number of Bytes Per Scan = 40
* Number of Voltage Words = 5
* Number of Scans Averaged by the Deck Unit = 1
* NMEA Latitude = 38 44.26 N
* NMEA Longitude = 069 11.84 W
* NMEA UTC (Time) = Apr 27 2012 19:04:26
** R/V Knorr Cruise # KN207-01 QL1
** Chief Scientist: Ben Van Mooy
# nquan = 21
# nvalues = 402                         
# units = specified
# name 0 = latitude: Latitude [deg]
# name 1 = longitude: Longitude [deg]
# name 2 = t090C: Temperature [ITS-90, deg C]
# name 3 = c0S/m: Conductivity [S/m]
# name 4 = sal00: Salinity, Practical [PSU]
# name 5 = depSM: Depth [salt water, m]
# name 6 = prDM: Pressure, Digiquartz [db]
# name 7 = t190C: Temperature, 2 [ITS-90, deg C]
# name 8 = c1S/m: Conductivity, 2 [S/m]
# name 9 = sal11: Salinity, Practical, 2 [PSU]
# name 10 = flECO-AFL: Fluorescence, WET Labs ECO-AFL/FL [mg/m^3]
# name 11 = par: PAR/Irradiance, Biospherical/Licor
# name 12 = bat: Beam Attenuation, Chelsea/Seatech [1/m]
# name 13 = xmiss: Beam Transmission, Chelsea/Seatech [%]
# name 14 = altM: Altimeter [m]
# name 15 = sbeox0Mm/Kg: Oxygen, SBE 43 [umol/kg]
# name 16 = sbeox0ML/L: Oxygen, SBE 43 [ml/l]
# name 17 = spar: SPAR/Surface Irradiance
# name 18 = pumps: Pump Status
# name 19 = nbin: number of scans per bin
# name 20 = flag: flag
# span 0 =   38.73696,   38.73780       
# span 1 =  -69.19762,  -69.19736       
# span 2 =    11.2575,    14.7349       
# span 3 =   3.868525,   4.361298       
# span 4 =    33.2302,    35.8124       
# span 5 =      2.294,    200.945       
# span 6 =      2.311,    202.573       
# span 7 =    11.2509,    14.7343       
# span 8 =   3.874329,   4.361621       
# span 9 =    33.7191,    35.8159       
# span 10 =     0.0035,     2.6032      
# span 11 = 1.0000e-12, 3.7747e+01      
# span 12 =    -0.0111,     0.3420      
# span 13 =    91.8049,   100.2786      
# span 14 =       4.19,      98.61      
# span 15 =    140.204,    379.541      
# span 16 =     3.2237,     8.7156      
# span 17 = 9.2835e+02, 2.7123e+03      
# span 18 =          1,          1      
# span 19 =         11,        511      
# span 20 = 0.0000e+00, 0.0000e+00      
# interval = decibars: 1                
# start_time = Apr 27 2012 19:04:26 [NMEA time, header]
# bad_flag = -9.990e-29
*END*
[from data line 69]
   38.73758  -69.19736    12.7323   4.077130    35.0281     71.462     72.019    12.7319   4.077077    35.0280     0.1309 5.8754e-02     0.0182    99.5466      98.51    233.918     5.3764 2.4308e+03          1         23 0.0000e+00
   38.73757  -69.19736    12.7184   4.075405    35.0259     72.347     72.910    12.7149   4.075095    35.0262     0.1317 5.2135e-02     0.0163    99.5929      98.51    233.677     5.3709 2.4319e+03          1        130 0.0000e+00
   38.73756  -69.19736    12.7649   4.081331    35.0387     73.393     73.965    12.7702   4.081252    35.0329     0.1131 4.9443e-02     0.0158    99.6071      98.51    233.309     5.3624 2.4378e+03          1         24 0.0000e+00
   38.73756  -69.19736    12.8853   4.097499    35.0785     74.411     74.990    12.8831   4.095623    35.0627     0.1137 4.8340e-02     0.0125    99.6874      98.51    233.642     5.3701 2.4364e+03          1         21 0.0000e+00
   38.73754  -69.19736    12.9881   4.111760    35.1171     75.430     76.018    12.9871   4.111168    35.1124     0.1119 4.6831e-02     0.0097    99.7573      98.50    233.392     5.3644 2.4274e+03          1         25 0.0000e+00
   38.73754  -69.19736    13.0302   4.117319    35.1318     76.574     77.171    13.0045   4.114359    35.1281     0.1304 4.4235e-02     0.0076    99.8105      98.51    230.851     5.3060 2.4236e+03          1         91 0.0000e+00
   38.73758  -69.19736    13.0191   4.115787    35.1295     77.303     77.906    13.0335   4.116707    35.1243     0.1044 3.9438e-02     0.0102    99.7446      98.50    229.831     5.2826 2.4378e+03          1         53 0.0000e+00
   38.73758  -69.19736    13.1912   4.138431    35.1821     78.401     79.013    13.1943   4.138721    35.1817     0.1074 3.5998e-02     0.0110    99.7257      98.51    230.340     5.2943 2.4410e+03          1         43 0.0000e+00
   38.73757  -69.19736    13.2023   4.139926    35.1868     79.370     79.990    13.2024   4.140047    35.1877     0.0919 3.6028e-02     0.0049    99.8773      98.50    229.665     5.2788 2.4364e+03          1         36 0.0000e+00
   38.73754  -69.19736    13.2041   4.140196    35.1881     80.376     81.003    13.2040   4.140306    35.1892     0.0869 3.5788e-02     0.0026    99.9348      98.50    228.689     5.2564 2.4316e+03          1         24 0.0000e+00
   38.73754  -69.19736    13.2041   4.140227    35.1887     81.404     82.040    13.2040   4.140323    35.1896     0.0917 3.3711e-02     0.0017    99.9569      98.51    228.992     5.2633 2.4323e+03          1         29 0.0000e+00
   38.73755  -69.19737    13.1893   4.138314    35.1856     82.108     82.749    13.1915   4.138754    35.1876     0.0836 3.1396e-02     0.0028    99.9296      98.51    229.314     5.2707 2.4388e+03          1        106 0.0000e+00
   38.73756  -69.19738    13.2661   4.148594    35.2103     83.351     84.002    13.2635   4.147391    35.2013     0.0755 2.8845e-02     0.0036    99.9109      98.51    228.998     5.2635 2.4526e+03          1         23 0.0000e+00
   38.73756  -69.19738    13.3313   4.157070    35.2288     84.377     85.036    13.3293   4.156520    35.2254     0.0834 2.7522e-02     0.0033    99.9179      98.51    229.057     5.2648 2.4433e+03          1         32 0.0000e+00
   38.73754  -69.19736    13.3453   4.158866    35.2334     85.328     85.994    13.3198   4.155666    35.2274     0.1026 2.6701e-02     0.0027    99.9327      98.51    228.803     5.2590 2.4256e+03          1         79 0.0000e+00
   38.73754  -69.19736    13.3583   4.160584    35.2381     86.282     86.957    13.3548   4.160060    35.2363     0.1180 2.5366e-02     0.0026    99.9353      98.51    228.452     5.2510 2.4379e+03          1         51 0.0000e+00
   38.73756  -69.19738    13.4029   4.166738    35.2543     87.247     87.930    13.3955   4.165517    35.2495     0.0849 2.3863e-02     0.0038    99.9049      98.51    228.062     5.2420 2.4415e+03          1         39 0.0000e+00
   38.73756  -69.19738    13.4407   4.171736    35.2659     88.281     88.972    13.4393   4.171436    35.2641     0.0639 2.2765e-02     0.0022    99.9436      98.51    228.026     5.2412 2.4364e+03          1         32 0.0000e+00
   38.73756  -69.19738    13.4480   4.172697    35.2682     89.347     90.046    13.4483   4.172802    35.2688     0.0843 2.1698e-02     0.0018    99.9543      98.51    227.640     5.2323 2.4380e+03          1         39 0.0000e+00
   38.73754  -69.19738    13.4628   4.174723    35.2739     90.212     90.918    13.4606   4.174412    35.2729     0.0988 2.0732e-02     0.0013    99.9678      98.51    227.038     5.2185 2.4313e+03          1         86 0.0000e+00
   38.73754  -69.19738    13.5452   4.185879    35.3012     91.291     92.006    13.5450   4.185112    35.2941     0.0645 1.9513e-02     0.0018    99.9544      98.50    226.974     5.2170 2.4369e+03          1         31 0.0000e+00
   38.73754  -69.19738    13.6133   4.194787    35.3210     92.297     93.020    13.6132   4.194728    35.3203     0.0628 1.8723e-02     0.0009    99.9789      98.51    226.402     5.2039 2.4456e+03          1         44 0.0000e+00
   38.73754  -69.19738    13.6310   4.197159    35.3272     93.239     93.970    13.6318   4.197344    35.3281     0.0821 1.8171e-02     0.0007    99.9821      98.51    225.455     5.1821 2.4543e+03          1         43 0.0000e+00
   38.73754  -69.19738    13.6314   4.197277    35.3283     94.293     95.032    13.6304   4.197215    35.3286     0.0773 1.7437e-02     0.0006    99.9855      98.51    225.119     5.1744 2.4463e+03          1         42 0.0000e+00
   38.73756  -69.19736    13.6325   4.197405    35.3291     95.197     95.944    13.6325   4.197467    35.3296     0.0839 1.6474e-02     0.0008    99.9798      98.51    224.998     5.1716 2.4379e+03          1         80 0.0000e+00
   38.73756  -69.19736    13.7517   4.214150    35.3735     96.230     96.985    13.7563   4.213656    35.3644     0.0592 1.5464e-02     0.0001    99.9968      98.51    224.735     5.1657 2.4528e+03          1         28 0.0000e+00
   38.73755  -69.19736    13.9044   4.234828    35.4229     97.263     98.026    13.9035   4.233404    35.4103     0.0526 1.4718e-02    -0.0001   100.0019      98.51    224.529     5.1609 2.4562e+03          1         30 0.0000e+00
   38.73754  -69.19736    13.9130   4.235525    35.4231     98.295     99.066    13.8982   4.233734    35.4203     0.0530 1.4308e-02    -0.0006   100.0156      98.51    221.817     5.0986 2.4413e+03          1         90 0.0000e+00
   38.73754  -69.19736    13.9185   4.236269    35.4261     99.175     99.953    13.9205   4.236614    35.4273     0.0579 1.4031e-02    -0.0014   100.0340      98.52    221.041     5.0808 2.4313e+03          1         31 0.0000e+00
   38.73754  -69.19736    13.9182   4.236287    35.4268    100.213    100.999    13.9219   4.236797    35.4280     0.0450 1.3266e-02    -0.0018   100.0454      98.51    220.967     5.0791 2.4379e+03          1         27 0.0000e+00
   38.73754  -69.19736    13.9490   4.240490    35.4373    101.246    102.041    13.9509   4.240667    35.4369     0.0466 1.2316e-02    -0.0023   100.0585      98.51    221.089     5.0819 2.4416e+03          1         48 0.0000e+00
   38.73753  -69.19736    13.9643   4.242569    35.4429    102.075    102.877    13.9678   4.243052    35.4441     0.0593 1.1646e-02    -0.0021   100.0519      98.51    220.617     5.0710 2.4348e+03          1         78 0.0000e+00
   38.73752  -69.19736    14.0105   4.248953    35.4591    103.157    103.968    14.0111   4.248682    35.4560     0.0517 1.1421e-02    -0.0022   100.0562      98.52    219.638     5.0485 2.4469e+03          1         26 0.0000e+00
   38.73752  -69.19736    14.0197   4.250047    35.4606    104.201    105.020    14.0187   4.249903    35.4601     0.0651 1.1103e-02    -0.0030   100.0760      98.52    220.229     5.0621 2.4574e+03          1         17 0.0000e+00
   38.73752  -69.19736    14.0670   4.257109    35.4814    105.172    105.999    14.0691   4.256488    35.4736     0.0538 1.0656e-02    -0.0029   100.0730      98.51    220.318     5.0642 2.4515e+03          1         15 0.0000e+00
   38.73753  -69.19736    14.0863   4.259406    35.4845    106.128    106.963    14.0856   4.259266    35.4838     0.0455 1.0263e-02    -0.0031   100.0781      98.52    220.067     5.0584 2.4488e+03          1         15 0.0000e+00
   38.73754  -69.19736    14.0903   4.259867    35.4850    107.168    108.011    14.0897   4.259879    35.4856     0.0504 9.7915e-03    -0.0026   100.0666      98.51    219.893     5.0544 2.4443e+03          1         20 0.0000e+00
   38.73754  -69.19736    14.0899   4.259869    35.4859    108.417    109.270    14.0878   4.259759    35.4868     0.0388 9.0001e-03    -0.0026   100.0661      98.52    219.978     5.0564 2.4285e+03          1         90 0.0000e+00
   38.73754  -69.19738    14.0912   4.260197    35.4882    109.062    109.921    14.0879   4.259408    35.4840     0.0426 8.4991e-03    -0.0023   100.0580      98.52    219.908     5.0548 2.4378e+03          1         24 0.0000e+00
   38.73754  -69.19738    14.1154   4.263366    35.4946    110.089    110.957    14.1150   4.263298    35.4944     0.0332 8.0541e-03    -0.0033   100.0825      98.51    219.838     5.0532 2.4564e+03          1         19 0.0000e+00
   38.73754  -69.19738    14.1175   4.263742    35.4960    111.126    112.002    14.1173   4.263812    35.4968     0.0287 7.6390e-03    -0.0032   100.0816      98.52    219.852     5.0535 2.4562e+03          1         18 0.0000e+00
   38.73754  -69.19738    14.1152   4.263528    35.4959    112.130    113.014    14.1155   4.263692    35.4971     0.0353 7.2514e-03    -0.0029   100.0741      98.51    219.921     5.0551 2.4485e+03          1         23 0.0000e+00
   38.73754  -69.19738    14.1137   4.263415    35.4961    113.103    113.995    14.1130   4.263448    35.4971     0.0492 6.9686e-03    -0.0034   100.0864      98.52    220.292     5.0636 2.4387e+03          1         25 0.0000e+00
   38.73754  -69.19738    14.1277   4.265734    35.5042    114.094    114.994    14.1267   4.265365    35.5017     0.0803 6.7180e-03    -0.0032   100.0816      98.52    219.909     5.0548 2.4285e+03          1         21 0.0000e+00
   38.73752  -69.19738    14.1462   4.268316    35.5106    115.120    116.028    14.1463   4.268284    35.5101     0.0508 6.4449e-03    -0.0042   100.1064      98.52    219.963     5.0560 2.4246e+03          1         20 0.0000e+00
   38.73752  -69.19738    14.1498   4.268803    35.5115    116.166    117.083    14.1502   4.268924    35.5122     0.0486 6.1278e-03    -0.0052   100.1289      98.52    219.930     5.0553 2.4198e+03          1         34 0.0000e+00
   38.73752  -69.19738    14.1512   4.268984    35.5120    116.916    117.839    14.1494   4.268837    35.5123     0.0411 5.8767e-03    -0.0053   100.1328      98.51    219.482     5.0450 2.4314e+03          1         55 0.0000e+00
   38.73753  -69.19738    14.1630   4.270805    35.5176    118.042    118.975    14.1596   4.270140    35.5146     0.0427 5.5961e-03    -0.0048   100.1199      98.52    219.354     5.0421 2.4521e+03          1         17 0.0000e+00
   38.73754  -69.19738    14.1890   4.274591    35.5279    119.066    120.007    14.1888   4.273695    35.5197     0.0304 5.3471e-03    -0.0059   100.1484      98.51    219.708     5.0502 2.4485e+03          1         15 0.0000e+00
   38.73754  -69.19738    14.2433   4.282471    35.5495    120.064    121.012    14.2409   4.281252    35.5404     0.0333 5.1102e-03    -0.0051   100.1278      98.52    219.871     5.0540 2.4467e+03          1         15 0.0000e+00
   38.73754  -69.19738    14.3026   4.290299    35.5659    121.094    122.051    14.3021   4.289905    35.5627     0.0373 4.8496e-03    -0.0053   100.1317      98.52    219.730     5.0508 2.4397e+03          1         21 0.0000e+00
   38.73754  -69.19738    14.3055   4.290580    35.5662    122.103    123.068    14.3065   4.290793    35.5672     0.0267 4.5588e-03    -0.0057   100.1417      98.52    218.494     5.0223 2.4243e+03          1         49 0.0000e+00
   38.73751  -69.19738    14.3140   4.291814    35.5701    122.964    123.937    14.3125   4.291583    35.5693     0.0320 4.3748e-03    -0.0053   100.1317      98.51    216.522     4.9770 2.4197e+03          1         35 0.0000e+00
   38.73750  -69.19738    14.3445   4.296266    35.5825    123.993    124.974    14.3442   4.295745    35.5780     0.0322 4.2120e-03    -0.0060   100.1501      98.52    216.028     4.9657 2.4320e+03          1         22 0.0000e+00
   38.73750  -69.19738    14.3904   4.302942    35.6010    125.007    125.997    14.3927   4.302750    35.5971     0.0284 4.0449e-03    -0.0061   100.1514      98.52    216.221     4.9701 2.4349e+03          1         20 0.0000e+00
   38.73750  -69.19738    14.4277   4.308259    35.6149    126.020    127.017    14.4273   4.307882    35.6119     0.0321 3.9025e-03    -0.0061   100.1514      98.51    216.653     4.9801 2.4422e+03          1         20 0.0000e+00
   38.73750  -69.19738    14.4542   4.312006    35.6247    127.006    128.012    14.4538   4.311756    35.6228     0.0242 3.7352e-03    -0.0057   100.1431      98.52    216.721     4.9817 2.4374e+03          1         22 0.0000e+00
   38.73751  -69.19738    14.4842   4.316357    35.6368    128.004    129.018    14.4840   4.315902    35.6327     0.0275 3.5755e-03    -0.0054   100.1357      98.52    216.577     4.9784 2.4356e+03          1         25 0.0000e+00
   38.73752  -69.19738    14.5259   4.322240    35.6521    129.001    130.024    14.5273   4.322202    35.6504     0.0314 3.4339e-03    -0.0061   100.1535      98.51    216.486     4.9763 2.4346e+03          1         30 0.0000e+00
   38.73752  -69.19738    14.5545   4.326237    35.6624    129.987    131.017    14.5540   4.326192    35.6625     0.0364 3.2769e-03    -0.0067   100.1669      98.52    216.826     4.9841 2.4374e+03          1         29 0.0000e+00
   38.73752  -69.19738    14.5531   4.326100    35.6628    130.955    131.993    14.5534   4.326228    35.6637     0.0302 3.1445e-03    -0.0065   100.1635      98.52    217.200     4.9927 2.4419e+03          1         25 0.0000e+00
   38.73752  -69.19738    14.5602   4.327204    35.6664    131.954    133.001    14.5591   4.326925    35.6648     0.0325 3.0043e-03    -0.0074   100.1851      98.52    216.803     4.9836 2.4415e+03          1         22 0.0000e+00
   38.73752  -69.19740    14.5721   4.328802    35.6700    132.960    134.015    14.5717   4.328858    35.6709     0.0411 2.8919e-03    -0.0075   100.1875      98.52    216.191     4.9695 2.4364e+03          1         22 0.0000e+00
   38.73752  -69.19740    14.5709   4.328773    35.6709    133.959    135.022    14.5707   4.328831    35.6716     0.0417 2.7939e-03    -0.0062   100.1555      98.52    215.793     4.9604 2.4318e+03          1         24 0.0000e+00
   38.73752  -69.19740    14.6011   4.333122    35.6826    134.967    136.039    14.6012   4.332828    35.6798     0.0288 2.6548e-03    -0.0066   100.1648      98.52    215.694     4.9581 2.4309e+03          1         35 0.0000e+00
   38.73752  -69.19740    14.6431   4.339110    35.6983    135.919    136.998    14.6417   4.338719    35.6960     0.0286 2.5387e-03    -0.0077   100.1924      98.52    215.735     4.9591 2.4356e+03          1         31 0.0000e+00
   38.73750  -69.19742    14.6678   4.342554    35.7069    136.890    137.977    14.6680   4.342525    35.7065     0.0296 2.4249e-03    -0.0064   100.1615      98.51    215.729     4.9590 2.4393e+03          1         27 0.0000e+00
   38.73750  -69.19742    14.6737   4.343365    35.7089    137.916    139.012    14.6736   4.343460    35.7099     0.0290 2.3579e-03    -0.0056   100.1403      98.51    216.233     4.9705 2.4450e+03          1         21 0.0000e+00
