Data/ruptures/KN207-01/QL-1/20701036.cnv
* Sea-Bird SBE 9 Data File:
* FileName = C:\Data\ctd\20701036.hex
* Software Version Seasave V 7.21e
* Temperature SN = 4406
* Conductivity SN = 1474
* Number of Bytes Per Scan = 40
* Number of Voltage Words = 5
* Number of Scans Averaged by the Deck Unit = 1
* NMEA Latitude = 38 49.44 N
* NMEA Longitude = 069 07.20 W
* NMEA UTC (Time) = Apr 26 2012 10:01:48
** R/V Knorr Cruise # KN207-01 QL1
** Chief Scientist: Ben Van Mooy
# nquan = 21
# nvalues = 398                         
# units = specified
# name 0 = latitude: Latitude [deg]
# name 1 = longitude: Longitude [deg]
# name 2 = t090C: Temperature [ITS-90, deg C]
# name 3 = c0S/m: Conductivity [S/m]
# name 4 = sal00: Salinity, Practical [PSU]
# name 5 = depSM: Depth [salt water, m]
# name 6 = prDM: Pressure, Digiquartz [db]
# name 7 = t190C: Temperature, 2 [ITS-90, deg C]
# name 8 = c1S/m: Conductivity, 2 [S/m]
# name 9 = sal11: Salinity, Practical, 2 [PSU]
# name 10 = flECO-AFL: Fluorescence, WET Labs ECO-AFL/FL [mg/m^3]
# name 11 = par: PAR/Irradiance, Biospherical/Licor
# name 12 = bat: Beam Attenuation, Chelsea/Seatech [1/m]
# name 13 = xmiss: Beam Transmission, Chelsea/Seatech [%]
# name 14 = altM: Altimeter [m]
# name 15 = sbeox0Mm/Kg: Oxygen, SBE 43 [umol/kg]
# name 16 = sbeox0ML/L: Oxygen, SBE 43 [ml/l]
# name 17 = spar: SPAR/Surface Irradiance
# name 18 = pumps: Pump Status
# name 19 = nbin: number of scans per bin
# name 20 = flag: flag
# span 0 =   38.82339,   38.82401       
# span 1 =  -69.12312,  -69.12007       
# span 2 =    11.2381,    14.6889       
# span 3 =   3.401859,   4.352345       
# span 4 =    28.8272,    35.8318       
# span 5 =      2.171,    199.196       
# span 6 =      2.187,    200.810       
# span 7 =    11.2381,    14.6887       
# span 8 =   3.715300,   4.352445       
# span 9 =    31.7945,    35.8342       
# span 10 =    -0.0065,     2.6452      
# span 11 = 1.0000e-12, 6.4590e+00      
# span 12 =    -0.0141,     0.3188      
# span 13 =    92.3398,   100.3520      
# span 14 =      49.61,      98.68      
# span 15 =    136.344,    464.436      
# span 16 =     3.1351,    10.6650      
# span 17 = 1.3357e+02, 7.8103e+02      
# span 18 =          1,          1      
# span 19 =         16,       3694      
# span 20 = 0.0000e+00, 0.0000e+00      
# interval = decibars: 1                
# start_time = Apr 26 2012 10:01:48 [NMEA time, header]
# bad_flag = -9.990e-29
*END*
[from data line 276]
   38.82370  -69.12158    14.5859   4.331597    35.6924    122.046    123.012    14.5875   4.332241    35.6969     0.0214 1.0000e-12    -0.0090   100.2258      98.59    208.677     4.7969 2.4364e+02          1         18 0.0000e+00
   38.82370  -69.12158    14.5764   4.329999    35.6870    121.056    122.014    14.5689   4.329182    35.6865     0.0232 1.0000e-12    -0.0083   100.2073      98.60    209.336     4.8120 2.4243e+02          1         22 0.0000e+00
   38.82370  -69.12158    14.5506   4.325980    35.6745    120.020    120.969    14.5521   4.326615    35.6789     0.0385 1.0000e-12    -0.0098   100.2462      98.59    210.647     4.8421 2.4000e+02          1         27 0.0000e+00
   38.82370  -69.12158    14.5424   4.324739    35.6709    119.070    120.011    14.5444   4.325140    35.6727     0.0180 1.0000e-12    -0.0094   100.2352      98.59    211.434     4.8602 2.3861e+02          1         32 0.0000e+00
   38.82370  -69.12158    14.5389   4.324079    35.6683    118.079    119.012    14.5314   4.323181    35.6671     0.0346 1.0000e-12    -0.0099   100.2467      98.60    212.294     4.8800 2.4145e+02          1         25 0.0000e+00
   38.82370  -69.12158    14.5155   4.320575    35.6583    117.084    118.009    14.5150   4.321206    35.6645     0.0292 1.0000e-12    -0.0092   100.2311      98.59    213.121     4.8990 2.4860e+02          1         20 0.0000e+00
   38.82370  -69.12158    14.4911   4.316979    35.6483    116.104    117.021    14.4939   4.317715    35.6525     0.0290 1.0000e-12    -0.0079   100.1974      98.60    213.525     4.9082 2.5453e+02          1         19 0.0000e+00
   38.82370  -69.12158    14.4722   4.314178    35.6404    115.065    115.974    14.4681   4.314101    35.6436     0.0418 1.0000e-12    -0.0085   100.2132      98.60    213.760     4.9136 2.4466e+02          1         22 0.0000e+00
   38.82370  -69.12158    14.4497   4.310952    35.6320    114.073    114.974    14.4620   4.312940    35.6387     0.0331 1.0000e-12    -0.0083   100.2072      98.60    214.222     4.9243 2.4132e+02          1         27 0.0000e+00
   38.82370  -69.12158    14.4521   4.311637    35.6360    113.125    114.018    14.4490   4.311087    35.6339     0.0382 1.0000e-12    -0.0080   100.1989      98.61    214.839     4.9384 2.3898e+02          1         30 0.0000e+00
   38.82370  -69.12160    14.4490   4.310956    35.6327    112.138    113.022    14.4369   4.309372    35.6295     0.0296 1.6318e-06    -0.0080   100.1994      98.60    215.819     4.9610 2.4055e+02          1         25 0.0000e+00
   38.82370  -69.12160    14.4252   4.307157    35.6202    111.128    112.004    14.4171   4.306482    35.6216     0.0149 8.1591e-07    -0.0079   100.1976      98.60    215.800     4.9605 2.4247e+02          1         20 0.0000e+00
   38.82370  -69.12160    14.4019   4.303790    35.6113    110.152    111.021    14.4023   4.304148    35.6141     0.0141 1.0000e-12    -0.0057   100.1430      98.60    215.364     4.9505 2.4351e+02          1         18 0.0000e+00
   38.82370  -69.12160    14.3978   4.303204    35.6098    109.155    110.016    14.3990   4.303436    35.6108     0.0145 2.7445e-05    -0.0062   100.1540      98.60    215.682     4.9578 2.4492e+02          1         20 0.0000e+00
   38.82370  -69.12160    14.3919   4.302342    35.6076    108.110    108.962    14.3922   4.302671    35.6103     0.0590 2.0322e-04    -0.0072   100.1807      98.60    216.540     4.9775 2.4537e+02          1         21 0.0000e+00
   38.82370  -69.12161    14.3792   4.300579    35.6033    107.131    107.975    14.3716   4.299971    35.6049     0.0323 2.1285e-04    -0.0074   100.1847      98.60    217.265     4.9941 2.4429e+02          1         29 0.0000e+00
   38.82370  -69.12162    14.3570   4.297399    35.5948    106.166    107.002    14.3643   4.298585    35.5989     0.0486 1.0000e-12    -0.0064   100.1610      98.60    217.738     5.0050 2.4469e+02          1         33 0.0000e+00
   38.82370  -69.12162    14.3473   4.296041    35.5915    105.176    106.004    14.3492   4.296747    35.5961     0.0388 1.0000e-12    -0.0069   100.1721      98.60    217.629     5.0025 2.4449e+02          1         28 0.0000e+00
   38.82370  -69.12162    14.3238   4.292661    35.5824    104.201    105.022    14.3382   4.295085    35.5913     0.0426 1.0000e-12    -0.0069   100.1721      98.60    217.666     5.0034 2.4293e+02          1         21 0.0000e+00
   38.82370  -69.12162    14.2960   4.288660    35.5717    103.199    104.011    14.3035   4.290036    35.5774     0.0381 3.8853e-07    -0.0067   100.1672      98.60    217.737     5.0050 2.4197e+02          1         21 0.0000e+00
   38.82370  -69.12162    14.2830   4.286837    35.5672    102.199    103.003    14.2861   4.287617    35.5715     0.0314 6.2784e-06    -0.0064   100.1611      98.60    217.666     5.0033 2.4250e+02          1         21 0.0000e+00
   38.82370  -69.12162    14.2759   4.285807    35.5644    101.218    102.014    14.2799   4.286663    35.5686     0.0497 3.5882e-04    -0.0061   100.1523      98.60    218.065     5.0125 2.4256e+02          1         23 0.0000e+00
   38.82370  -69.12162    14.2696   4.284852    35.5615    100.216    101.004    14.2723   4.285482    35.5649     0.0353 2.9086e-04    -0.0060   100.1511      98.60    218.598     5.0248 2.4365e+02          1         26 0.0000e+00
   38.82370  -69.12162    14.2555   4.282868    35.5564     99.195     99.975    14.2448   4.282311    35.5615     0.0163 1.0000e-12    -0.0049   100.1233      98.60    218.788     5.0291 2.4574e+02          1         24 0.0000e+00
   38.82370  -69.12162    14.2146   4.277160    35.5422     98.197     98.968    14.2246   4.279071    35.5506     0.0426 3.4563e-04    -0.0061   100.1538      98.60    219.015     5.0343 2.4887e+02          1         21 0.0000e+00
   38.82370  -69.12164    14.1841   4.272770    35.5303     97.216     97.980    14.2081   4.276450    35.5419     0.0295 6.5418e-04    -0.0057   100.1424      98.60    218.936     5.0325 2.5106e+02          1         20 0.0000e+00
   38.82370  -69.12164    14.1691   4.270699    35.5252     96.239     96.995    14.1740   4.271829    35.5313     0.0288 7.5342e-04    -0.0058   100.1443      98.60    218.568     5.0240 2.4831e+02          1         22 0.0000e+00
   38.82370  -69.12164    14.1667   4.270371    35.5244     95.254     96.002    14.1646   4.270304    35.5258     0.0342 8.5534e-04    -0.0056   100.1402      98.60    219.225     5.0391 2.4606e+02          1         26 0.0000e+00
   38.82370  -69.12164    14.1634   4.269879    35.5228     94.244     94.983    14.1601   4.269520    35.5227     0.0426 2.8632e-04    -0.0049   100.1215      98.60    219.761     5.0515 2.4308e+02          1         35 0.0000e+00
   38.82370  -69.12164    14.1431   4.267337    35.5183     93.279     94.010    14.1514   4.268438    35.5208     0.0550 4.3334e-04    -0.0050   100.1253      98.60    220.186     5.0612 2.4269e+02          1         30 0.0000e+00
   38.82370  -69.12164    14.1213   4.264167    35.5094     92.330     93.054    14.1392   4.266649    35.5157     0.0472 8.1289e-04    -0.0050   100.1255      98.60    220.141     5.0602 2.4444e+02          1         24 0.0000e+00
   38.82370  -69.12164    14.0849   4.258636    35.4924     91.314     92.030    14.0957   4.260947    35.5038     0.0413 1.0000e-12    -0.0055   100.1379      98.59    220.091     5.0590 2.4842e+02          1         19 0.0000e+00
   38.82370  -69.12164    14.0708   4.256645    35.4872     90.299     91.006    14.0752   4.257755    35.4936     0.0311 3.3846e-04    -0.0053   100.1320      98.60    219.887     5.0543 2.6112e+02          1         17 0.0000e+00
   38.82370  -69.12164    14.0633   4.255541    35.4842     89.304     90.004    14.0626   4.255694    35.4864     0.0496 1.0000e-12    -0.0051   100.1274      98.60    219.722     5.0505 2.6059e+02          1         17 0.0000e+00
   38.82370  -69.12164    14.0468   4.253337    35.4793     88.298     88.989    14.0433   4.253261    35.4820     0.0293 2.7976e-04    -0.0049   100.1220      98.60    220.016     5.0573 2.4909e+02          1         21 0.0000e+00
   38.82369  -69.12165    14.0280   4.250899    35.4743     87.305     87.989    14.0344   4.252072    35.4794     0.0310 1.2324e-03    -0.0049   100.1216      98.60    220.367     5.0653 2.4593e+02          1         28 0.0000e+00
   38.82368  -69.12166    14.0030   4.247547    35.4665     86.361     87.037    14.0106   4.248728    35.4704     0.0403 6.3135e-05    -0.0041   100.1044      98.59    220.893     5.0774 2.4537e+02          1         36 0.0000e+00
   38.82368  -69.12166    13.9926   4.245952    35.4613     85.369     86.036    13.9947   4.246803    35.4674     0.0317 7.0255e-05    -0.0041   100.1036      98.60    221.426     5.0897 2.4546e+02          1         26 0.0000e+00
   38.82368  -69.12166    13.9267   4.236604    35.4364     84.351     85.011    13.9406   4.240285    35.4578     0.0354 1.0000e-12    -0.0038   100.0961      98.60    221.871     5.0999 2.4704e+02          1         20 0.0000e+00
   38.82368  -69.12166    13.8624   4.227852    35.4154     83.333     83.985    13.8542   4.227380    35.4189     0.0586 5.6436e-04    -0.0024   100.0595      98.59    221.662     5.0950 2.4781e+02          1         21 0.0000e+00
   38.82368  -69.12168    13.8278   4.223179    35.4042     82.329     82.973    13.8394   4.225177    35.4120     0.0598 1.4009e-04    -0.0029   100.0742      98.60    221.438     5.0899 2.4770e+02          1         22 0.0000e+00
   38.82368  -69.12168    13.8150   4.221254    35.3979     81.365     82.001    13.8270   4.223218    35.4050     0.0590 8.8829e-04    -0.0023   100.0574      98.60    222.504     5.1144 2.4808e+02          1         28 0.0000e+00
   38.82368  -69.12168    13.8160   4.221513    35.3989     80.387     81.015    13.8216   4.222479    35.4028     0.0519 1.2140e-03    -0.0028   100.0702      98.60    223.483     5.1369 2.4887e+02          1         28 0.0000e+00
   38.82368  -69.12168    13.7981   4.218682    35.3892     79.391     80.011    13.8124   4.220786    35.3955     0.0345 2.0086e-05    -0.0028   100.0695      98.60    223.992     5.1486 2.4770e+02          1         22 0.0000e+00
   38.82368  -69.12168    13.7629   4.213907    35.3777     78.406     79.019    13.7808   4.217515    35.3947     0.0577 3.4540e-04    -0.0037   100.0936      98.60    223.569     5.1388 2.4782e+02          1         20 0.0000e+00
   38.82368  -69.12168    13.7352   4.210021    35.3674     77.408     78.012    13.7432   4.211935    35.3780     0.0584 3.6951e-04    -0.0033   100.0833      98.60    223.170     5.1297 2.4782e+02          1         20 0.0000e+00
   38.82368  -69.12168    13.7131   4.207063    35.3604     76.388     76.984    13.7170   4.208098    35.3667     0.0390 9.6923e-04    -0.0017   100.0422      98.60    223.440     5.1358 2.4769e+02          1         25 0.0000e+00
   38.82368  -69.12168    13.6973   4.204806    35.3539     75.389     75.977    13.7149   4.207082    35.3588     0.0677 2.7395e-03    -0.0008   100.0207      98.60    224.340     5.1565 2.4736e+02          1         28 0.0000e+00
   38.82368  -69.12168    13.6835   4.202871    35.3485     74.413     74.994    13.6981   4.205408    35.3588     0.0611 2.8416e-03    -0.0009   100.0225      98.60    225.179     5.1758 2.4808e+02          1         28 0.0000e+00
   38.82368  -69.12168    13.6673   4.200612    35.3425     73.419     73.992    13.6819   4.203166    35.3529     0.0704 9.8874e-05    -0.0013   100.0317      98.60    225.036     5.1725 2.5128e+02          1         23 0.0000e+00
   38.82368  -69.12170    13.6483   4.197923    35.3352     72.458     73.023    13.6485   4.198848    35.3440     0.0445 2.8433e-03     0.0001    99.9994      98.60    224.316     5.1560 2.6221e+02          1         22 0.0000e+00
   38.82368  -69.12170    13.6326   4.195763    35.3296     71.449     72.006    13.6341   4.196162    35.3322     0.0450 1.5734e-03    -0.0005   100.0130      98.61    224.826     5.1677 2.5727e+02          1         24 0.0000e+00
   38.82368  -69.12170    13.6288   4.195224    35.3281     70.446     70.995    13.6307   4.195783    35.3317     0.0727 3.7939e-03    -0.0000   100.0000      98.60    225.512     5.1834 2.4938e+02          1         25 0.0000e+00
   38.82368  -69.12170    13.6148   4.193320    35.3234     69.482     70.022    13.6143   4.193678    35.3274     0.0589 4.8655e-04     0.0004    99.9903      98.60    226.093     5.1968 2.4828e+02          1         23 0.0000e+00
   38.82368  -69.12170    13.5738   4.187842    35.3107     68.494     69.027    13.5830   4.189693    35.3196     0.0882 3.2278e-03     0.0017    99.9578      98.60    226.050     5.1958 2.4799e+02          1         23 0.0000e+00
   38.82368  -69.12170    13.5554   4.185132    35.3026     67.508     68.033    13.5589   4.186390    35.3113     0.0879 4.1790e-03     0.0032    99.9199      98.60    225.721     5.1882 2.4930e+02          1         21 0.0000e+00
   38.82368  -69.12170    13.5313   4.181968    35.2955     66.500     67.018    13.5341   4.182754    35.3004     0.0887 4.4907e-03     0.0026    99.9358      98.60    226.202     5.1993 2.5085e+02          1         24 0.0000e+00
   38.82368  -69.12170    13.5150   4.179575    35.2883     65.505     66.014    13.5132   4.180088    35.2950     0.0930 7.7004e-04     0.0033    99.9187      54.72    226.586     5.2081 2.5055e+02          1         28 0.0000e+00
   38.82368  -69.12170    13.4853   4.175591    35.2786     64.412     64.913    13.5054   4.178555    35.2876     0.0905 5.3673e-03     0.0040    99.8996      69.42    226.468     5.2054 2.4898e+02          1         47 0.0000e+00
   38.82368  -69.12172    13.4682   4.173447    35.2739     63.501     63.994    13.4927   4.176710    35.2817     0.0986 5.9853e-03     0.0043    99.8935      98.61    227.726     5.2343 2.6772e+02          1         50 0.0000e+00
   38.82367  -69.12173    13.4819   4.175419    35.2788     62.503     62.989    13.5261   4.181311    35.2928     0.0980 4.2161e-03     0.0050    99.8755      98.60    227.618     5.2318 2.5679e+02          1        167 0.0000e+00
   38.82366  -69.12174    13.3899   4.163214    35.2499     61.534     62.012    13.4660   4.173305    35.2742     0.0863 5.8171e-03     0.0060    99.8497      98.61    227.736     5.2345 2.7791e+02          1         51 0.0000e+00
   38.82366  -69.12178    13.3842   4.161697    35.2387     60.695     61.166    13.3892   4.162667    35.2433     0.1184 5.4773e-03     0.0058    99.8547      98.62    228.448     5.2508 2.7116e+02          1        174 0.0000e+00
   38.82366  -69.12180    13.3748   4.160299    35.2345     59.624     60.087    13.3734   4.160517    35.2377     0.1369 5.1129e-03     0.0057    99.8574      96.18    228.210     5.2454 2.5508e+02          1         73 0.0000e+00
   38.82366  -69.12180    13.3372   4.155359    35.2238     58.557     59.011    13.3537   4.157543    35.2287     0.1186 8.3875e-03     0.0058    99.8546      98.61    228.296     5.2473 2.8642e+02          1         67 0.0000e+00
   38.82366  -69.12182    13.1947   4.137024    35.1852     57.558     58.004    13.2347   4.143312    35.2071     0.1203 8.9892e-03     0.0068    99.8297      98.61    229.057     5.2648 2.5876e+02          1         56 0.0000e+00
   38.82366  -69.12182    13.1561   4.131442    35.1678     56.644     57.083    13.1964   4.136275    35.1757     0.1417 9.5287e-03     0.0098    99.7561      98.65    229.443     5.2737 2.5742e+02          1         92 0.0000e+00
   38.82364  -69.12184    13.0905   4.122978    35.1487     55.525     55.956    13.1726   4.133502    35.1715     0.1213 7.2908e-03     0.0079    99.8026      82.81    229.976     5.2859 2.6521e+02          1         64 0.0000e+00
