Data/ruptures/KN207-01/QL-1/20701022.cnv
* Sea-Bird SBE 9 Data File:
* FileName = C:\Data\ctd\20701022.hex
* Software Version Seasave V 7.21e
* Temperature SN = 4406
* Conductivity SN = 1474
* Number of Bytes Per Scan = 40
* Number of Voltage Words = 5
* Number of Scans Averaged by the Deck Unit = 1
* NMEA Latitude = 38 57.42 N
* NMEA Longitude = 068 57.16 W
* NMEA UTC (Time) = Apr 24 2012 15:29:15
** R/V Knorr Cruise # KN207-01 QL1
** Chief Scientist: Ben Van Mooy
# nquan = 21
# nvalues = 403                         
# units = specified
# name 0 = latitude: Latitude [deg]
# name 1 = longitude: Longitude [deg]
# name 2 = t090C: Temperature [ITS-90, deg C]
# name 3 = c0S/m: Conductivity [S/m]
# name 4 = sal00: Salinity, Practical [PSU]
# name 5 = depSM: Depth [salt water, m]
# name 6 = prDM: Pressure, Digiquartz [db]
# name 7 = t190C: Temperature, 2 [ITS-90, deg C]
# name 8 = c1S/m: Conductivity, 2 [S/m]
# name 9 = sal11: Salinity, Practical, 2 [PSU]
# name 10 = flECO-AFL: Fluorescence, WET Labs ECO-AFL/FL [mg/m^3]
# name 11 = par: PAR/Irradiance, Biospherical/Licor
# name 12 = bat: Beam Attenuation, Chelsea/Seatech [1/m]
# name 13 = xmiss: Beam Transmission, Chelsea/Seatech [%]
# name 14 = altM: Altimeter [m]
# name 15 = sbeox0Mm/Kg: Oxygen, SBE 43 [umol/kg]
# name 16 = sbeox0ML/L: Oxygen, SBE 43 [ml/l]
# name 17 = spar: SPAR/Surface Irradiance
# name 18 = pumps: Pump Status
# name 19 = nbin: number of scans per bin
# name 20 = flag: flag
# span 0 =   38.95285,   38.95704       
# span 1 =  -68.95278,  -68.95001       
# span 2 =    11.1174,    14.7463       
# span 3 =   3.815335,   4.358617       
# span 4 =    33.0469,    35.8295       
# span 5 =      3.090,    202.130       
# span 6 =      3.113,    203.771       
# span 7 =    11.1117,    14.7461       
# span 8 =   3.859668,   4.358820       
# span 9 =    33.5974,    35.8366       
# span 10 =    -0.0111,     2.1423      
# span 11 = 7.4581e-04, 8.1098e+01      
# span 12 =    -0.0151,     0.3122      
# span 13 =    92.4916,   100.3782      
# span 14 =       1.11,      98.62      
# span 15 =    143.730,    440.436      
# span 16 =     3.3049,    10.1148      
# span 17 = 1.3480e+03, 2.7858e+03      
# span 18 =          1,          1      
# span 19 =         11,        332      
# span 20 = 0.0000e+00, 0.0000e+00      
# interval = decibars: 1                
# start_time = Apr 24 2012 15:29:15 [NMEA time, header]
# bad_flag = -9.990e-29
*END*
[from data line 207]
   38.95463  -68.95139    13.3279   4.210951    35.6928    196.370    197.962    13.3327   4.210368    35.6825     0.0276 1.1436e-03    -0.0142   100.3566      98.56    144.920     3.3321 2.1442e+03          1         28 0.0000e+00
   38.95462  -68.95138    13.3534   4.213864    35.6982    195.664    197.250    13.3528   4.213767    35.6977     0.0218 1.2175e-03    -0.0146   100.3671      98.56    146.204     3.3617 2.4060e+03          1         61 0.0000e+00
   38.95460  -68.95140    13.3874   4.217677    35.7039    194.431    196.007    13.3807   4.216738    35.7012     0.0214 1.4832e-03    -0.0145   100.3628      98.55    145.692     3.3499 2.4671e+03          1         18 0.0000e+00
   38.95460  -68.95140    13.3942   4.218399    35.7051    193.389    194.955    13.3934   4.218182    35.7035     0.0172 1.5777e-03    -0.0143   100.3591      98.56    146.091     3.3591 2.4528e+03          1         15 0.0000e+00
   38.95460  -68.95140    13.4155   4.220963    35.7096    192.425    193.984    13.4178   4.220758    35.7053     0.0170 1.5474e-03    -0.0146   100.3657      98.56    146.454     3.3674 2.5079e+03          1         18 0.0000e+00
   38.95460  -68.95138    13.4501   4.224614    35.7127    191.632    193.183    13.4438   4.224138    35.7142     0.0341 1.4639e-03    -0.0142   100.3549      98.56    146.856     3.3766 2.5217e+03          1         96 0.0000e+00
   38.95460  -68.95136    13.4884   4.228971    35.7192    190.415    191.956    13.4867   4.228441    35.7158     0.0324 1.4423e-03    -0.0148   100.3701      98.56    147.187     3.3842 2.5885e+03          1         34 0.0000e+00
   38.95458  -68.95136    13.5237   4.232898    35.7236    189.462    190.995    13.5242   4.232885    35.7229     0.0314 1.4859e-03    -0.0147   100.3683      98.56    147.375     3.3885 2.3160e+03          1         51 0.0000e+00
   38.95456  -68.95136    13.5572   4.236694    35.7283    188.498    190.023    13.5445   4.234788    35.7226     0.0388 1.5120e-03    -0.0150   100.3766      98.56    147.281     3.3864 2.0286e+03          1         32 0.0000e+00
   38.95456  -68.95136    13.6583   4.248426    35.7430    187.477    188.993    13.6569   4.247239    35.7331     0.0302 1.5120e-03    -0.0115   100.2885      98.56    147.072     3.3815 1.9985e+03          1         31 0.0000e+00
   38.95456  -68.95136    13.6947   4.252577    35.7487    186.443    187.951    13.6891   4.251784    35.7465     0.0381 1.5424e-03    -0.0130   100.3268      98.56    147.159     3.3835 2.2715e+03          1         40 0.0000e+00
   38.95456  -68.95134    13.7428   4.258217    35.7581    185.579    187.079    13.7380   4.257539    35.7562     0.0328 1.6466e-03    -0.0145   100.3623      98.56    146.647     3.3717 2.2381e+03          1        113 0.0000e+00
   38.95454  -68.95136    13.7601   4.260051    35.7607    184.580    186.071    13.7540   4.259618    35.7624     0.0466 1.7581e-03    -0.0148   100.3705      98.56    147.027     3.3805 2.3893e+03          1         26 0.0000e+00
   38.95454  -68.95136    13.7929   4.263843    35.7657    183.526    185.009    13.7782   4.261411    35.7569     0.0397 1.8724e-03    -0.0146   100.3663      98.55    147.008     3.3800 2.3424e+03          1         17 0.0000e+00
   38.95454  -68.95136    13.8325   4.268163    35.7691    182.495    183.969    13.8217   4.266550    35.7642     0.0371 1.9695e-03    -0.0143   100.3587      98.56    146.750     3.3741 2.6155e+03          1         17 0.0000e+00
   38.95454  -68.95136    13.9174   4.277788    35.7790    181.469    182.934    13.8977   4.274356    35.7656     0.0437 2.0106e-03    -0.0145   100.3624      98.56    146.199     3.3614 2.6815e+03          1         27 0.0000e+00
   38.95453  -68.95135    13.9162   4.277262    35.7772    180.844    182.303    13.9169   4.277109    35.7750     0.0329 2.1099e-03    -0.0143   100.3579      98.56    146.735     3.3737 2.5906e+03          1         94 0.0000e+00
   38.95452  -68.95134    14.0212   4.289088    35.7893    179.564    181.012    14.0041   4.287231    35.7882     0.0313 2.2179e-03    -0.0137   100.3435      98.56    146.636     3.3714 2.7498e+03          1         19 0.0000e+00
   38.95452  -68.95134    14.0537   4.292621    35.7922    178.564    180.004    14.0354   4.290277    35.7878     0.0442 2.3168e-03    -0.0134   100.3351      98.56    147.035     3.3805 2.6712e+03          1         20 0.0000e+00
   38.95451  -68.95133    14.0726   4.294603    35.7942    177.472    178.903    14.0617   4.293327    35.7925     0.0332 2.4136e-03    -0.0139   100.3485      98.56    147.373     3.3883 2.7858e+03          1         39 0.0000e+00
   38.95450  -68.95132    14.1069   4.298219    35.7968    176.670    178.094    14.0872   4.295864    35.7934     0.0380 2.4830e-03    -0.0138   100.3458      98.56    147.680     3.3953 2.7745e+03          1         52 0.0000e+00
   38.95450  -68.95132    14.1380   4.301539    35.7995    175.627    177.043    14.1228   4.299398    35.7938     0.0245 2.5711e-03    -0.0142   100.3569      98.56    147.582     3.3931 2.7665e+03          1         21 0.0000e+00
   38.95450  -68.95132    14.2263   4.311196    35.8060    174.612    176.019    14.1957   4.306457    35.7909     0.0229 2.7545e-03    -0.0145   100.3630      98.56    147.736     3.3965 2.7695e+03          1         14 0.0000e+00
   38.95450  -68.95133    14.3135   4.321059    35.8155    173.601    174.999    14.2847   4.316293    35.7984     0.0309 2.9316e-03    -0.0142   100.3557      98.57    147.915     3.4007 2.7618e+03          1         15 0.0000e+00
   38.95450  -68.95134    14.3793   4.328229    35.8207    172.574    173.963    14.3712   4.326624    35.8131     0.0354 2.9226e-03    -0.0139   100.3481      98.56    148.384     3.4114 2.7499e+03          1         17 0.0000e+00
   38.95450  -68.95134    14.3379   4.323434    35.8183    171.823    173.206    14.3148   4.320842    35.8159     0.0372 2.8773e-03    -0.0140   100.3498      98.56    152.369     3.5030 2.6810e+03          1         96 0.0000e+00
   38.95448  -68.95132    14.3835   4.328438    35.8234    170.630    172.002    14.3581   4.324861    35.8139     0.0358 2.8572e-03    -0.0141   100.3542      98.57    151.965     3.4937 2.7297e+03          1         17 0.0000e+00
   38.95448  -68.95132    14.4231   4.332534    35.8246    169.631    170.995    14.4100   4.330817    35.8206     0.0364 2.9304e-03    -0.0133   100.3318      98.56    151.380     3.4802 2.7420e+03          1         14 0.0000e+00
   38.95448  -68.95132    14.4352   4.333491    35.8227    168.654    170.010    14.4323   4.333061    35.8211     0.0206 3.0059e-03    -0.0133   100.3317      98.56    151.530     3.4837 2.7413e+03          1         15 0.0000e+00
   38.95448  -68.95132    14.4411   4.333776    35.8206    167.658    169.005    14.4365   4.333375    35.8209     0.0155 3.0677e-03    -0.0135   100.3373      98.56    152.183     3.4987 2.7282e+03          1         14 0.0000e+00
   38.95448  -68.95132    14.4414   4.333353    35.8173    166.697    168.036    14.4391   4.333368    35.8193     0.0296 3.1539e-03    -0.0138   100.3461      98.56    153.399     3.5266 2.7148e+03          1         16 0.0000e+00
   38.95448  -68.95132    14.4420   4.332688    35.8115    165.657    166.988    14.4392   4.332629    35.8132     0.0212 3.1936e-03    -0.0137   100.3435      98.57    155.255     3.5693 2.7354e+03          1         19 0.0000e+00
   38.95446  -68.95132    14.4531   4.334027    35.8151    164.508    165.829    14.4547   4.334249    35.8155     0.0317 3.2837e-03    -0.0136   100.3399      98.56    161.266     3.7075 2.3954e+03          1         99 0.0000e+00
   38.95446  -68.95132    14.4665   4.335192    35.8145    163.738    165.052    14.4510   4.333679    35.8150     0.0188 3.3682e-03    -0.0132   100.3312      98.56    161.465     3.7120 2.5381e+03          1         22 0.0000e+00
   38.95446  -68.95132    14.4942   4.337743    35.8125    162.704    164.010    14.4859   4.336517    35.8088     0.0147 3.4867e-03    -0.0120   100.2992      98.57    158.773     3.6501 2.7037e+03          1         15 0.0000e+00
   38.95446  -68.95130    14.5185   4.339921    35.8102    161.702    162.999    14.5088   4.338751    35.8084     0.0221 3.6393e-03    -0.0117   100.2924      98.56    158.320     3.6397 2.7080e+03          1         13 0.0000e+00
   38.95446  -68.95130    14.5374   4.341884    35.8111    160.708    161.997    14.5352   4.341246    35.8071     0.0176 3.7623e-03    -0.0128   100.3201      98.56    159.094     3.6575 2.6975e+03          1         13 0.0000e+00
   38.95446  -68.95130    14.5546   4.343555    35.8109    159.698    160.979    14.5531   4.343342    35.8102     0.0066 3.8730e-03    -0.0125   100.3116      98.57    161.136     3.7044 2.7002e+03          1         14 0.0000e+00
   38.95446  -68.95130    14.5651   4.344440    35.8099    158.694    159.967    14.5629   4.344072    35.8084     0.0122 3.9606e-03    -0.0119   100.2963      98.57    164.227     3.7754 2.7024e+03          1         16 0.0000e+00
   38.95446  -68.95130    14.5692   4.344702    35.8096    157.595    158.858    14.5701   4.344865    35.8100     0.0333 4.1094e-03    -0.0121   100.3027      98.57    169.937     3.9067 2.6980e+03          1         48 0.0000e+00
   38.95445  -68.95130    14.5639   4.344210    35.8111    156.862    158.119    14.5639   4.344196    35.8109     0.0318 4.1298e-03    -0.0130   100.3246      98.57    173.043     3.9781 2.6757e+03          1         38 0.0000e+00
   38.95444  -68.95130    14.5873   4.346297    35.8090    155.786    157.034    14.5835   4.346009    35.8099     0.0370 4.2520e-03    -0.0129   100.3219      98.57    172.017     3.9545 2.6666e+03          1         19 0.0000e+00
   38.95444  -68.95130    14.5875   4.345098    35.7984    154.779    156.018    14.5840   4.345534    35.8056     0.0328 4.4140e-03    -0.0127   100.3171      98.56    171.230     3.9364 2.6581e+03          1         16 0.0000e+00
   38.95444  -68.95130    14.5701   4.342228    35.7891    153.740    154.970    14.5656   4.341886    35.7901     0.0248 4.6202e-03    -0.0124   100.3104      98.56    171.675     3.9466 2.6566e+03          1         21 0.0000e+00
   38.95444  -68.95130    14.5539   4.339696    35.7818    152.727    153.950    14.5558   4.340008    35.7828     0.0222 4.8008e-03    -0.0125   100.3121      98.57    174.580     4.0134 2.6673e+03          1         56 0.0000e+00
   38.95442  -68.95130    14.5186   4.334627    35.7690    151.820    153.035    14.5372   4.338000    35.7825     0.0328 4.8906e-03    -0.0117   100.2931      98.56    175.803     4.0415 2.6843e+03          1         23 0.0000e+00
   38.95442  -68.95130    14.4953   4.331334    35.7610    150.785    151.991    14.4997   4.332433    35.7671     0.0411 5.1014e-03    -0.0125   100.3129      98.57    175.613     4.0371 2.6820e+03          1         15 0.0000e+00
   38.95442  -68.95130    14.4885   4.330342    35.7587    149.794    150.992    14.4910   4.330724    35.7599     0.0444 5.2922e-03    -0.0122   100.3043      98.57    175.263     4.0290 2.6770e+03          1         12 0.0000e+00
   38.95442  -68.95130    14.5053   4.332013    35.7585    148.824    150.014    14.5026   4.331674    35.7580     0.0401 5.4082e-03    -0.0123   100.3063      98.56    174.596     4.0137 2.6644e+03          1         13 0.0000e+00
   38.95442  -68.95130    14.5280   4.334238    35.7580    147.803    148.984    14.5330   4.334138    35.7524     0.0380 5.5147e-03    -0.0123   100.3058      98.57    173.390     3.9860 2.6528e+03          1         17 0.0000e+00
   38.95442  -68.95130    14.5544   4.336642    35.7558    146.718    147.889    14.5542   4.336644    35.7560     0.0297 5.8093e-03    -0.0125   100.3115      98.57    173.467     3.9877 2.6455e+03          1         57 0.0000e+00
   38.95442  -68.95130    14.5541   4.336640    35.7565    145.886    147.051    14.5633   4.337180    35.7528     0.0416 6.0060e-03    -0.0122   100.3050      98.56    180.218     4.1429 2.6428e+03          1         36 0.0000e+00
   38.95442  -68.95130    14.6499   4.347413    35.7658    144.847    146.003    14.6434   4.345546    35.7548     0.0401 6.2213e-03    -0.0115   100.2891      98.57    179.512     4.1266 2.6454e+03          1         22 0.0000e+00
   38.95442  -68.95130    14.7244   4.355979    35.7749    143.866    145.014    14.6991   4.352636    35.7682     0.0318 6.4583e-03    -0.0123   100.3078      98.58    177.599     4.0826 2.6539e+03          1         22 0.0000e+00
   38.95441  -68.95129    14.7322   4.356928    35.7773    142.847    143.986    14.7274   4.356075    35.7739     0.0332 6.7329e-03    -0.0125   100.3114      98.57    181.258     4.1667 2.6562e+03          1         18 0.0000e+00
   38.95440  -68.95128    14.7354   4.357285    35.7783    141.872    143.003    14.7324   4.356922    35.7778     0.0352 7.0018e-03    -0.0129   100.3231      98.57    187.820     4.3176 2.6519e+03          1         15 0.0000e+00
   38.95440  -68.95128    14.7377   4.357456    35.7784    140.873    141.996    14.7332   4.356943    35.7779     0.0358 7.3085e-03    -0.0131   100.3285      98.56    193.747     4.4538 2.6524e+03          1         17 0.0000e+00
   38.95440  -68.95128    14.7252   4.355360    35.7719    139.792    140.906    14.7327   4.356843    35.7784     0.0312 7.6088e-03    -0.0130   100.3245      98.57    197.537     4.5409 2.6407e+03          1         28 0.0000e+00
   38.95440  -68.95128    14.7251   4.355343    35.7727    139.015    140.122    14.7200   4.354897    35.7735     0.0317 7.8767e-03    -0.0127   100.3165      98.57    198.999     4.5746 2.6376e+03          1         57 0.0000e+00
   38.95440  -68.95128    14.6862   4.349262    35.7545    137.866    138.965    14.6894   4.350157    35.7597     0.0172 8.1907e-03    -0.0086   100.2143      98.57    199.965     4.5967 2.6376e+03          1         22 0.0000e+00
   38.95440  -68.95128    14.6515   4.343907    35.7385    136.891    137.981    14.6662   4.346613    35.7494     0.0295 8.4743e-03    -0.0118   100.2961      98.57    198.443     4.5617 2.6428e+03          1         22 0.0000e+00
   38.95440  -68.95128    14.6436   4.342532    35.7337    135.944    137.026    14.6434   4.342742    35.7357     0.0331 8.7511e-03    -0.0128   100.3207      98.57    198.631     4.5660 2.6431e+03          1         25 0.0000e+00
   38.95440  -68.95128    14.6427   4.341950    35.7295    134.959    136.033    14.6439   4.342358    35.7321    -0.0111 9.0258e-03    -0.0132   100.3300      98.57    200.826     4.6165 2.6412e+03          1         19 0.0000e+00
   38.95440  -68.95128    14.6391   4.340988    35.7244    133.956    135.022    14.6408   4.341660    35.7290     0.0260 9.4127e-03    -0.0132   100.3300      98.57    202.338     4.6512 2.6377e+03          1         15 0.0000e+00
   38.95440  -68.95128    14.6335   4.339994    35.7209    132.975    134.033    14.6349   4.340488    35.7242     0.0362 9.8356e-03    -0.0131   100.3280      98.56    203.098     4.6687 2.6325e+03          1         13 0.0000e+00
   38.95438  -68.95128    14.6289   4.339141    35.7178    131.960    133.009    14.6310   4.339713    35.7211     0.0450 1.0153e-02    -0.0125   100.3129      98.57    203.497     4.6778 2.6284e+03          1         15 0.0000e+00
   38.95438  -68.95128    14.6245   4.338350    35.7150    130.930    131.970    14.6252   4.338654    35.7172     0.0446 1.0584e-02    -0.0123   100.3057      98.56    204.479     4.7004 2.6193e+03          1         18 0.0000e+00
   38.95438  -68.95128    14.6266   4.338733    35.7168    129.980    131.013    14.6265   4.338808    35.7175     0.0305 1.1278e-02    -0.0124   100.3086      98.57    207.859     4.7781 2.6246e+03          1         89 0.0000e+00
