Data/ruptures/KN207-01/QL-1/20701021.cnv
* Sea-Bird SBE 9 Data File:
* FileName = C:\Data\ctd\20701021.hex
* Software Version Seasave V 7.21e
* Temperature SN = 4406
* Conductivity SN = 1474
* Number of Bytes Per Scan = 40
* Number of Voltage Words = 5
* Number of Scans Averaged by the Deck Unit = 1
* NMEA Latitude = 38 58.17 N
* NMEA Longitude = 068 57.57 W
* NMEA UTC (Time) = Apr 24 2012 13:03:45
** R/V Knorr Cruise # KN207-01 QL1
** Chief Scientist: Ben Van Mooy
# nquan = 21
# nvalues = 395                         
# units = specified
# name 0 = latitude: Latitude [deg]
# name 1 = longitude: Longitude [deg]
# name 2 = t090C: Temperature [ITS-90, deg C]
# name 3 = c0S/m: Conductivity [S/m]
# name 4 = sal00: Salinity, Practical [PSU]
# name 5 = depSM: Depth [salt water, m]
# name 6 = prDM: Pressure, Digiquartz [db]
# name 7 = t190C: Temperature, 2 [ITS-90, deg C]
# name 8 = c1S/m: Conductivity, 2 [S/m]
# name 9 = sal11: Salinity, Practical, 2 [PSU]
# name 10 = flECO-AFL: Fluorescence, WET Labs ECO-AFL/FL [mg/m^3]
# name 11 = par: PAR/Irradiance, Biospherical/Licor
# name 12 = bat: Beam Attenuation, Chelsea/Seatech [1/m]
# name 13 = xmiss: Beam Transmission, Chelsea/Seatech [%]
# name 14 = altM: Altimeter [m]
# name 15 = sbeox0Mm/Kg: Oxygen, SBE 43 [umol/kg]
# name 16 = sbeox0ML/L: Oxygen, SBE 43 [ml/l]
# name 17 = spar: SPAR/Surface Irradiance
# name 18 = pumps: Pump Status
# name 19 = nbin: number of scans per bin
# name 20 = flag: flag
# span 0 =   38.96729,   38.96956       
# span 1 =  -68.95963,  -68.95179       
# span 2 =    11.1570,    14.7082       
# span 3 =   3.794223,   4.352555       
# span 4 =    32.9643,    35.8341       
# span 5 =      2.151,    198.239       
# span 6 =      2.167,    199.847       
# span 7 =    11.1482,    14.7080       
# span 8 =   3.822424,   4.352529       
# span 9 =    33.2378,    35.8361       
# span 10 =     0.0035,     2.3720      
# span 11 = 1.3489e-04, 3.6002e+01      
# span 12 =    -0.0153,     0.3214      
# span 13 =    92.2787,   100.3837      
# span 14 =      18.28,      98.65      
# span 15 =    146.102,    444.187      
# span 16 =     3.3594,    10.2014      
# span 17 = 5.8796e+02, 1.5481e+03      
# span 18 =          0,          1      
# span 19 =          9,       1256      
# span 20 = 0.0000e+00, 0.0000e+00      
# interval = decibars: 1                
# start_time = Apr 24 2012 13:03:45 [NMEA time, header]
# bad_flag = -9.990e-29
*END*
[from data line 276]
   38.96880  -68.95623    14.4455   4.310084    35.6244    119.092    120.035    14.4491   4.310971    35.6292     0.0328 1.0245e-03    -0.0117   100.2922      98.56    215.299     4.9490 7.0016e+02          1         17 0.0000e+00
   38.96880  -68.95622    14.4453   4.309733    35.6216    118.094    119.029    14.4457   4.310020    35.6239     0.0347 1.0620e-03    -0.0121   100.3026      98.56    215.537     4.9544 7.0057e+02          1         15 0.0000e+00
   38.96880  -68.95622    14.4444   4.309433    35.6200    117.081    118.008    14.4448   4.309623    35.6214     0.0150 1.0909e-03    -0.0121   100.3025      98.56    215.253     4.9479 7.0153e+02          1         14 0.0000e+00
   38.96880  -68.95622    14.4399   4.308676    35.6175    116.057    116.975    14.4413   4.309104    35.6203     0.0196 1.1339e-03    -0.0120   100.2992      98.56    215.000     4.9421 7.0354e+02          1         15 0.0000e+00
   38.96880  -68.95622    14.4366   4.308138    35.6160    115.069    115.979    14.4388   4.308653    35.6187     0.0309 1.1793e-03    -0.0114   100.2855      98.58    215.415     4.9516 7.0414e+02          1         15 0.0000e+00
   38.96880  -68.95622    14.4334   4.307656    35.6149    114.099    115.001    14.4373   4.308329    35.6174     0.0232 1.2639e-03    -0.0113   100.2840      98.56    216.109     4.9676 7.0300e+02          1         19 0.0000e+00
   38.96880  -68.95622    14.4271   4.306736    35.6126    113.063    113.957    14.4304   4.307421    35.6159     0.0271 1.3741e-03    -0.0120   100.2997      98.56    216.165     4.9689 7.0050e+02          1         28 0.0000e+00
   38.96880  -68.95620    14.4095   4.304229    35.6059    112.241    113.128    14.4078   4.304126    35.6066     0.0408 1.5097e-03    -0.0113   100.2828      98.56    216.167     4.9689 6.9687e+02          1         98 0.0000e+00
   38.96880  -68.95620    14.3999   4.302773    35.6016    111.150    112.028    14.4042   4.303672    35.6060     0.0302 1.6700e-03    -0.0120   100.2988      98.57    216.453     4.9755 6.9166e+02          1         14 0.0000e+00
   38.96879  -68.95618    14.3893   4.301205    35.5975    110.168    111.038    14.3890   4.301592    35.6014     0.0218 1.6669e-03    -0.0110   100.2765      98.55    216.561     4.9779 6.9169e+02          1         12 0.0000e+00
   38.96878  -68.95614    14.3632   4.297445    35.5877    109.132    109.993    14.3637   4.298385    35.5959     0.0222 1.8357e-03    -0.0110   100.2763      98.56    216.510     4.9767 6.9332e+02          1         11 0.0000e+00
   38.96878  -68.95614    14.3393   4.294194    35.5804    108.124    108.978    14.3427   4.295011    35.5848     0.0218 1.5761e-03    -0.0109   100.2735      98.56    216.270     4.9712 6.9395e+02          1         10 0.0000e+00
   38.96878  -68.95614    14.3277   4.292466    35.5758    107.112    107.957    14.3275   4.293032    35.5812     0.0215 1.8087e-03    -0.0106   100.2669      98.56    216.016     4.9654 6.9434e+02          1         11 0.0000e+00
   38.96878  -68.95614    14.3158   4.290810    35.5719    106.108    106.945    14.3195   4.291547    35.5753     0.0195 1.6441e-03    -0.0103   100.2576      98.56    216.132     4.9681 6.9393e+02          1         11 0.0000e+00
   38.96878  -68.95614    14.2899   4.287280    35.5639    105.139    105.968    14.3049   4.289690    35.5721     0.0381 1.7656e-03    -0.0102   100.2547      98.56    216.476     4.9760 6.9357e+02          1         14 0.0000e+00
   38.96878  -68.95614    14.2609   4.282928    35.5510    104.052    104.872    14.2839   4.286522    35.5627     0.0485 1.7951e-03    -0.0093   100.2334      98.57    217.113     4.9906 6.9227e+02          1         29 0.0000e+00
   38.96878  -68.95614    14.2421   4.280273    35.5432    103.448    104.263    14.2391   4.279766    35.5414     0.0397 1.8645e-03    -0.0093   100.2320      98.56    218.200     5.0156 6.9188e+02          1         53 0.0000e+00
   38.96878  -68.95614    14.2067   4.275153    35.5287    102.211    103.016    14.2108   4.275925    35.5320     0.0140 1.8402e-03    -0.0093   100.2336      98.57    218.655     5.0260 6.8927e+02          1         16 0.0000e+00
   38.96878  -68.95614    14.2014   4.274299    35.5260    101.209    102.006    14.2001   4.274406    35.5282     0.0296 1.9948e-03    -0.0101   100.2529      98.57    218.599     5.0247 6.8788e+02          1         16 0.0000e+00
   38.96878  -68.95614    14.1649   4.269137    35.5126    100.199    100.988    14.1836   4.272372    35.5252     0.0367 2.0669e-03    -0.0082   100.2049      98.57    219.147     5.0373 6.8719e+02          1         15 0.0000e+00
   38.96878  -68.95611    14.1417   4.265872    35.5044     99.196     99.976    14.1558   4.268540    35.5159     0.0447 2.1544e-03    -0.0081   100.2015      98.56    219.298     5.0408 6.8606e+02          1         16 0.0000e+00
   38.96878  -68.95606    14.1271   4.263564    35.4968     98.200     98.972    14.1379   4.265851    35.5080     0.0452 2.1880e-03    -0.0082   100.2031      98.56    219.135     5.0370 6.8523e+02          1         16 0.0000e+00
   38.96878  -68.95606    14.1112   4.261621    35.4938     97.243     98.008    14.1215   4.263327    35.5000     0.0406 2.2778e-03    -0.0088   100.2192      98.56    219.019     5.0343 6.8509e+02          1         16 0.0000e+00
   38.96878  -68.95606    14.0870   4.258112    35.4841     96.237     96.994    14.1042   4.260897    35.4938     0.0355 2.3664e-03    -0.0085   100.2110      98.57    219.399     5.0431 6.8551e+02          1         19 0.0000e+00
   38.96878  -68.95606    14.0500   4.252956    35.4710     95.181     95.929    14.0735   4.256760    35.4843     0.0532 2.4698e-03    -0.0073   100.1815      98.57    219.818     5.0527 6.8638e+02          1         27 0.0000e+00
   38.96878  -68.95605    13.9882   4.244197    35.4468     94.296     95.037    13.9923   4.245072    35.4514     0.0547 2.6720e-03    -0.0075   100.1863      98.57    220.681     5.0725 6.8519e+02          1         71 0.0000e+00
   38.96878  -68.95604    13.9642   4.240790    35.4369     93.306     94.039    13.9891   4.244645    35.4495     0.0512 2.9481e-03    -0.0067   100.1688      98.56    221.546     5.0924 6.8025e+02          1         22 0.0000e+00
   38.96878  -68.95604    13.9441   4.237949    35.4294     92.276     93.000    13.9471   4.239032    35.4369     0.0638 3.1602e-03    -0.0070   100.1758      98.57    222.159     5.1065 6.7838e+02          1         17 0.0000e+00
   38.96878  -68.95604    13.9271   4.235599    35.4235     91.274     91.991    13.9289   4.236157    35.4273     0.0576 3.2791e-03    -0.0067   100.1679      98.57    222.258     5.1087 6.7812e+02          1         13 0.0000e+00
   38.96878  -68.95604    13.9124   4.233464    35.4176     90.297     91.006    13.9185   4.234794    35.4245     0.0450 3.4487e-03    -0.0061   100.1535      98.56    221.964     5.1019 6.7767e+02          1         15 0.0000e+00
   38.96878  -68.95604    13.9084   4.232826    35.4154     89.275     89.976    13.9145   4.233930    35.4202     0.0552 3.6180e-03    -0.0054   100.1358      98.57    221.450     5.0901 6.7688e+02          1         18 0.0000e+00
   38.96876  -68.95602    13.8807   4.229040    35.4060     88.170     88.861    13.8802   4.229433    35.4104     0.0525 3.6406e-03    -0.0040   100.1008      98.57    222.081     5.1046 6.7625e+02          1         50 0.0000e+00
   38.96876  -68.95602    13.8416   4.223564    35.3911     87.421     88.106    13.8487   4.224389    35.3922     0.0641 3.4952e-03    -0.0020   100.0511      98.57    222.526     5.1148 6.7819e+02          1         34 0.0000e+00
   38.96876  -68.95602    13.8154   4.219935    35.3818     86.329     87.005    13.8207   4.221725    35.3937     0.0651 3.6768e-03    -0.0017   100.0413      98.57    223.142     5.1290 6.7825e+02          1         17 0.0000e+00
   38.96876  -68.95602    13.7813   4.215285    35.3706     85.354     86.023    13.7825   4.216135    35.3777     0.0752 3.8684e-03    -0.0012   100.0289      98.56    224.137     5.1519 6.7764e+02          1         14 0.0000e+00
   38.96876  -68.95597    13.7424   4.209943    35.3575     84.348     85.009    13.7566   4.212473    35.3678     0.0807 4.1210e-03    -0.0006   100.0147      98.56    224.627     5.1631 6.7589e+02          1         15 0.0000e+00
   38.96876  -68.95596    13.7242   4.207452    35.3513     83.319     83.972    13.7288   4.208745    35.3593     0.0807 4.5198e-03    -0.0010   100.0233      98.57    224.460     5.1593 6.7425e+02          1         15 0.0000e+00
   38.96876  -68.95596    13.7153   4.206308    35.3489     82.329     82.973    13.7176   4.206995    35.3534     0.0625 4.9100e-03     0.0001    99.9959      98.57    224.246     5.1543 6.7225e+02          1         19 0.0000e+00
   38.96876  -68.95596    13.7195   4.206607    35.3474     81.276     81.912    13.7182   4.206386    35.3466     0.0714 5.4753e-03     0.0031    99.9234      98.56    224.524     5.1607 6.7142e+02          1         38 0.0000e+00
   38.96876  -68.95595    13.7481   4.209942    35.3510     80.449     81.079    13.7481   4.210058    35.3522     0.0922 5.7087e-03     0.0045    99.8889      98.57    225.292     5.1783 6.7221e+02          1         57 0.0000e+00
   38.96876  -68.95594    13.7439   4.209261    35.3485     79.424     80.045    13.7399   4.208978    35.3497     0.0957 5.7529e-03     0.0056    99.8609      98.57    226.344     5.2025 6.6919e+02          1         24 0.0000e+00
   38.96876  -68.95594    13.7230   4.206348    35.3411     78.432     79.046    13.7280   4.207405    35.3464     0.0922 5.9320e-03     0.0072    99.8202      98.56    226.493     5.2059 6.6708e+02          1         18 0.0000e+00
   38.96876  -68.95594    13.7069   4.204137    35.3358     77.412     78.017    13.7145   4.205553    35.3421     0.0890 6.1325e-03     0.0074    99.8159      98.56    225.894     5.1922 6.6726e+02          1         15 0.0000e+00
   38.96876  -68.95594    13.7029   4.203396    35.3330     76.419     77.016    13.7011   4.203554    35.3361     0.1072 6.3139e-03     0.0084    99.7902      98.57    225.376     5.1803 6.6885e+02          1         13 0.0000e+00
   38.96876  -68.95594    13.7319   4.206924    35.3388     75.382     75.971    13.7168   4.204655    35.3319     0.1249 6.7476e-03     0.0092    99.7718      98.57    225.422     5.1813 6.6919e+02          1         14 0.0000e+00
   38.96876  -68.95594    13.7407   4.207957    35.3405     74.365     74.946    13.7333   4.206930    35.3379     0.1354 7.2072e-03     0.0106    99.7368      98.56    226.079     5.1964 6.6919e+02          1         13 0.0000e+00
   38.96874  -68.95590    13.7419   4.207922    35.3393     73.398     73.971    13.7355   4.207246    35.3390     0.1372 7.7118e-03     0.0108    99.7308      98.57    226.428     5.2044 6.6919e+02          1         16 0.0000e+00
   38.96874  -68.95590    13.8838   4.225781    35.3726     72.293     72.858    13.8888   4.226124    35.3710     0.1435 8.7522e-03     0.0145    99.6379      98.57    227.501     5.2291 6.6581e+02          1         95 0.0000e+00
   38.96874  -68.95589    14.1003   4.253347    35.4270     71.463     72.021    14.0022   4.240532    35.4003     0.1758 9.5523e-03     0.0175    99.5650      98.57    228.063     5.2420 6.6484e+02          1         21 0.0000e+00
   38.96874  -68.95588    14.1622   4.261142    35.4422     70.465     71.014    14.1271   4.254952    35.4175     0.1769 1.0110e-02     0.0177    99.5589      98.58    227.636     5.2321 6.6458e+02          1         15 0.0000e+00
   38.96874  -68.95588    14.1771   4.262895    35.4456     69.470     70.011    14.1734   4.261980    35.4403     0.1785 1.0696e-02     0.0188    99.5303      98.58    227.683     5.2332 6.6324e+02          1         18 0.0000e+00
   38.96874  -68.95586    14.1926   4.264663    35.4502     68.227     68.759    14.1943   4.264875    35.4504     0.1858 1.0619e-02     0.0189    99.5286      98.57    228.439     5.2506 6.6226e+02          1        112 0.0000e+00
   38.96874  -68.95582    14.1984   4.265267    35.4526     67.526     68.052    14.1917   4.264688    35.4533     0.2080 1.0698e-02     0.0188    99.5311      98.57    228.770     5.2582 6.6018e+02          1         25 0.0000e+00
   38.96874  -68.95582    14.1545   4.258654    35.4334     66.461     66.979    14.0776   4.250892    35.4337     0.1886 1.1867e-02     0.0192    99.5210      98.57    228.652     5.2555 6.5675e+02          1         19 0.0000e+00
   38.96874  -68.95582    14.0424   4.242841    35.3927     65.408     65.917    14.0147   4.241535    35.4063     0.1742 1.3319e-02     0.0214    99.4674      98.57    229.334     5.2711 6.5408e+02          1         27 0.0000e+00
   38.96874  -68.95582    13.6493   4.189994    35.2675     64.728     65.232    13.6541   4.191436    35.2761     0.2120 1.4142e-02     0.0234    99.4155      98.57    231.487     5.3205 6.5562e+02          1        116 0.0000e+00
   38.96874  -68.95576    13.5660   4.179218    35.2415     63.491     63.986    13.5788   4.181154    35.2475     0.2467 1.3720e-02     0.0244    99.3918      98.57    234.515     5.3901 6.5381e+02          1         58 0.0000e+00
   38.96874  -68.95574    13.5651   4.179101    35.2399     62.582     63.069    13.5628   4.178797    35.2392     0.2729 1.4874e-02     0.0237    99.4092      98.57    234.304     5.3852 6.5204e+02          1         39 0.0000e+00
   38.96874  -68.95574    13.5445   4.176381    35.2334     61.535     62.013    13.5548   4.177870    35.2376     0.2376 1.6909e-02     0.0239    99.4057      51.85    233.775     5.3731 6.4737e+02          1         23 0.0000e+00
   38.96873  -68.95574    13.4273   4.161015    35.1993     60.509     60.979    13.5252   4.174499    35.2339     0.2541 1.8650e-02     0.0266    99.3371      85.18    234.369     5.3867 6.4717e+02          1         24 0.0000e+00
   38.96872  -68.95572    12.5204   4.041945    34.9185     59.643     60.107    12.5805   4.054192    34.9789     0.2681 1.9643e-02     0.0366    99.0880      98.57    239.071     5.4946 6.4963e+02          1         88 0.0000e+00
   38.96872  -68.95566    12.2496   4.007295    34.8311     58.517     58.972    12.2602   4.009127    34.8392     0.3189 2.0612e-02     0.0375    99.0676      98.57    246.008     5.6539 6.4701e+02          1         18 0.0000e+00
   38.96872  -68.95566    12.2230   4.004113    34.8238     57.527     57.974    12.2507   4.007452    34.8302     0.3117 2.2782e-02     0.0392    99.0267      98.57    246.173     5.6577 6.4532e+02          1         27 0.0000e+00
   38.96872  -68.95566    12.0362   3.980233    34.7680     56.552     56.992    12.0795   3.987725    34.8001     0.3392 2.5161e-02     0.0554    98.6251      98.57    245.873     5.6508 6.4223e+02          1         34 0.0000e+00
   38.96871  -68.95567    11.8735   3.961649    34.7397     55.555     55.986    11.9421   3.970030    34.7564     0.3630 2.7439e-02     0.0702    98.2603      98.57    245.823     5.6497 6.4257e+02          1         31 0.0000e+00
   38.96870  -68.95565    11.4958   3.911290    34.5973     54.675     55.100    11.5042   3.912912    34.6060     0.6340 2.8534e-02     0.0850    97.8963      98.58    253.678     5.8300 6.4429e+02          1        158 0.0000e+00
   38.96870  -68.95560    11.4656   3.907751    34.5836     53.575     53.991    11.4715   3.908738    34.5881     0.7065 3.2669e-02     0.0898    97.7794      98.57    257.230     5.9116 6.3990e+02          1         22 0.0000e+00
   38.96870  -68.95560    11.4563   3.906622    34.5804     52.587     52.995    11.4678   3.907839    34.5818     0.7518 3.6352e-02     0.0921    97.7232      98.58    257.109     5.9088 6.3777e+02          1         22 0.0000e+00
