Data/ruptures/KN207-01/QL-1/20701039.cnv
* Sea-Bird SBE 9 Data File:
* FileName = C:\Data\ctd\20701039.hex
* Software Version Seasave V 7.21e
* Temperature SN = 4406
* Conductivity SN = 1474
* Number of Bytes Per Scan = 40
* Number of Voltage Words = 5
* Number of Scans Averaged by the Deck Unit = 1
* NMEA Latitude = 38 48.61 N
* NMEA Longitude = 069 10.00 W
* NMEA UTC (Time) = Apr 26 2012 16:05:23
** R/V Knorr Cruise # KN207-01 QL1
** Chief Scientist: Ben Van Mooy
# nquan = 21
# nvalues = 399                         
# units = specified
# name 0 = latitude: Latitude [deg]
# name 1 = longitude: Longitude [deg]
# name 2 = t090C: Temperature [ITS-90, deg C]
# name 3 = c0S/m: Conductivity [S/m]
# name 4 = sal00: Salinity, Practical [PSU]
# name 5 = depSM: Depth [salt water, m]
# name 6 = prDM: Pressure, Digiquartz [db]
# name 7 = t190C: Temperature, 2 [ITS-90, deg C]
# name 8 = c1S/m: Conductivity, 2 [S/m]
# name 9 = sal11: Salinity, Practical, 2 [PSU]
# name 10 = flECO-AFL: Fluorescence, WET Labs ECO-AFL/FL [mg/m^3]
# name 11 = par: PAR/Irradiance, Biospherical/Licor
# name 12 = bat: Beam Attenuation, Chelsea/Seatech [1/m]
# name 13 = xmiss: Beam Transmission, Chelsea/Seatech [%]
# name 14 = altM: Altimeter [m]
# name 15 = sbeox0Mm/Kg: Oxygen, SBE 43 [umol/kg]
# name 16 = sbeox0ML/L: Oxygen, SBE 43 [ml/l]
# name 17 = spar: SPAR/Surface Irradiance
# name 18 = pumps: Pump Status
# name 19 = nbin: number of scans per bin
# name 20 = flag: flag
# span 0 =   38.81017,   38.81100       
# span 1 =  -69.16774,  -69.16683       
# span 2 =    11.1303,    14.6668       
# span 3 =   3.836886,   4.353217       
# span 4 =    33.8055,    35.8231       
# span 5 =      1.926,    200.088       
# span 6 =      1.941,    201.709       
# span 7 =    11.1159,    14.6665       
# span 8 =   3.838638,   4.353306       
# span 9 =    33.7976,    35.8264       
# span 10 =    -0.0013,     3.0431      
# span 11 = 1.0000e-12, 2.3195e-02      
# span 12 =    -0.0145,     0.3346      
# span 13 =    91.9767,   100.3643      
# span 14 =      15.43,      98.63      
# span 15 =    142.139,    459.347      
# span 16 =     3.2682,    10.5484      
# span 17 = 2.1073e+03, 2.4940e+03      
# span 18 =          1,          1      
# span 19 =         15,        952      
# span 20 = 0.0000e+00, 0.0000e+00      
# interval = decibars: 1                
# start_time = Apr 26 2012 16:05:23 [NMEA time, header]
# bad_flag = -9.990e-29
*END*
[from data line 138]
   38.81040  -69.16710    14.5342   4.324616    35.6650    140.865    141.986    14.5336   4.324568    35.6652     0.0445 1.0000e-12    -0.0091   100.2272      98.56    218.421     5.0208 2.3902e+03          1         20 0.0000e+00
   38.81040  -69.16711    14.5411   4.325664    35.6679    141.886    143.015    14.5409   4.325552    35.6670     0.0444 1.0000e-12    -0.0087   100.2177      98.56    218.551     5.0238 2.3960e+03          1         19 0.0000e+00
   38.81040  -69.16712    14.5599   4.328489    35.6760    142.904    144.042    14.5591   4.328145    35.6736     0.0214 1.0000e-12    -0.0084   100.2082      98.56    218.420     5.0208 2.3979e+03          1         23 0.0000e+00
   38.81040  -69.16712    14.5820   4.331887    35.6863    143.926    145.072    14.5818   4.331650    35.6843     0.0106 1.0000e-12    -0.0086   100.2143      98.55    218.071     5.0128 2.3990e+03          1         28 0.0000e+00
   38.81040  -69.16712    14.6084   4.336173    35.7008    144.845    146.000    14.6084   4.335971    35.6990     0.0346 1.0000e-12    -0.0090   100.2248      98.56    217.195     4.9927 2.4063e+03          1         32 0.0000e+00
   38.81040  -69.16712    14.6315   4.341061    35.7240    145.800    146.962    14.6317   4.340859    35.7220     0.0169 1.0000e-12    -0.0090   100.2250      98.56    215.797     4.9606 2.4133e+03          1         23 0.0000e+00
   38.81040  -69.16712    14.6439   4.343887    35.7382    146.822    147.992    14.6439   4.343757    35.7371     0.0229 1.0000e-12    -0.0106   100.2645      98.56    214.135     4.9224 2.4176e+03          1         20 0.0000e+00
   38.81040  -69.16712    14.6467   4.344773    35.7437    147.805    148.983    14.6466   4.344789    35.7439     0.0201 1.0000e-12    -0.0102   100.2556      98.56    211.537     4.8627 2.4218e+03          1         19 0.0000e+00
   38.81040  -69.16712    14.6444   4.345016    35.7479    148.742    149.929    14.6444   4.345079    35.7486     0.0356 1.0000e-12    -0.0095   100.2382      98.56    207.409     4.7679 2.4225e+03          1         21 0.0000e+00
   38.81040  -69.16712    14.6404   4.345230    35.7536    149.785    150.980    14.6404   4.345271    35.7540     0.0159 1.0000e-12    -0.0104   100.2608      98.56    202.950     4.6654 2.4118e+03          1         26 0.0000e+00
   38.81040  -69.16712    14.6394   4.345382    35.7557    150.812    152.016    14.6394   4.345446    35.7563     0.0438 1.0000e-12    -0.0106   100.2648      98.56    200.468     4.6083 2.3947e+03          1         26 0.0000e+00
   38.81041  -69.16712    14.6397   4.345548    35.7568    151.806    153.019    14.6396   4.345609    35.7574     0.0293 1.0000e-12    -0.0102   100.2560      98.55    198.581     4.5650 2.3814e+03          1         25 0.0000e+00
   38.81042  -69.16712    14.6377   4.345577    35.7587    152.755    153.976    14.6376   4.345666    35.7596     0.0292 1.0000e-12    -0.0101   100.2529      98.56    197.586     4.5421 2.3712e+03          1         22 0.0000e+00
   38.81042  -69.16712    14.6342   4.345579    35.7617    153.770    154.999    14.6341   4.345629    35.7623     0.0435 1.0000e-12    -0.0104   100.2615      98.55    197.329     4.5362 2.3623e+03          1         24 0.0000e+00
   38.81042  -69.16712    14.6319   4.346174    35.7691    154.750    155.987    14.6318   4.346179    35.7692     0.0285 1.0000e-12    -0.0112   100.2807      98.56    197.323     4.5361 2.3738e+03          1         24 0.0000e+00
   38.81042  -69.16712    14.6363   4.347484    35.7766    155.752    156.998    14.6368   4.347515    35.7765     0.0586 1.0000e-12    -0.0111   100.2786      98.56    196.286     4.5123 2.3969e+03          1         25 0.0000e+00
   38.81042  -69.16712    14.6529   4.350086    35.7846    156.774    158.028    14.6529   4.349860    35.7825     0.0207 1.0000e-12    -0.0116   100.2905      98.56    194.222     4.4648 2.4137e+03          1         26 0.0000e+00
   38.81042  -69.16712    14.6646   4.351795    35.7891    157.731    158.992    14.6644   4.351871    35.7899     0.0237 1.0000e-12    -0.0118   100.2957      98.55    191.461     4.4014 2.4170e+03          1         24 0.0000e+00
   38.81042  -69.16712    14.6636   4.351809    35.7899    158.693    159.963    14.6635   4.351869    35.7905     0.0441 1.0000e-12    -0.0101   100.2529      98.56    190.104     4.3702 2.4066e+03          1         22 0.0000e+00
   38.81042  -69.16712    14.6627   4.351841    35.7907    159.696    160.974    14.6626   4.351928    35.7916     0.0363 1.0000e-12    -0.0119   100.2975      98.56    190.013     4.3681 2.3923e+03          1         19 0.0000e+00
   38.81042  -69.16712    14.6629   4.352149    35.7930    160.740    162.027    14.6627   4.352134    35.7930     0.0370 1.0000e-12    -0.0114   100.2847      98.59    189.928     4.3662 2.3872e+03          1         21 0.0000e+00
   38.81042  -69.16712    14.6668   4.353107    35.7978    161.763    163.059    14.6665   4.353148    35.7985     0.0269 1.0000e-12    -0.0118   100.2948      98.57    189.798     4.3632 2.3950e+03          1         27 0.0000e+00
   38.81042  -69.16714    14.6641   4.353217    35.8011    162.671    163.974    14.6642   4.353306    35.8018     0.0194 1.0000e-12    -0.0118   100.2955      98.56    188.816     4.3406 2.4018e+03          1         35 0.0000e+00
   38.81042  -69.16714    14.6619   4.353094    35.8017    163.666    164.978    14.6618   4.353210    35.8029     0.0322 1.0000e-12    -0.0121   100.3011      98.56    187.450     4.3092 2.4006e+03          1         24 0.0000e+00
   38.81042  -69.16714    14.6575   4.352766    35.8025    164.707    166.028    14.6571   4.352818    35.8033     0.0210 1.0000e-12    -0.0124   100.3086      98.56    186.236     4.2813 2.3951e+03          1         18 0.0000e+00
   38.81042  -69.16714    14.6496   4.352107    35.8035    165.690    167.018    14.6491   4.352279    35.8056     0.0452 1.0000e-12    -0.0125   100.3111      98.56    185.817     4.2717 2.3929e+03          1         19 0.0000e+00
   38.81042  -69.16714    14.6394   4.351391    35.8061    166.683    168.021    14.6394   4.351509    35.8072     0.0488 1.0000e-12    -0.0122   100.3043      98.56    185.683     4.2686 2.4038e+03          1         22 0.0000e+00
   38.81044  -69.16714    14.6340   4.350932    35.8066    167.654    168.999    14.6338   4.351088    35.8082     0.0359 1.0000e-12    -0.0120   100.3003      98.56    185.263     4.2590 2.4197e+03          1         26 0.0000e+00
   38.81044  -69.16714    14.6124   4.348604    35.8051    168.642    169.996    14.6103   4.348615    35.8072     0.0108 1.0000e-12    -0.0125   100.3110      98.56    183.600     4.2208 2.4366e+03          1         27 0.0000e+00
   38.81044  -69.16714    14.5859   4.345669    35.8026    169.617    170.979    14.5851   4.345992    35.8063     0.0313 1.0000e-12    -0.0120   100.2989      98.56    181.606     4.1749 2.4398e+03          1         24 0.0000e+00
   38.81044  -69.16714    14.5473   4.341693    35.8019    170.635    172.006    14.5455   4.341857    35.8051     0.0303 1.0000e-12    -0.0114   100.2853      98.56    180.019     4.1385 2.4322e+03          1         23 0.0000e+00
   38.81044  -69.16715    14.5134   4.338406    35.8030    171.644    173.023    14.5126   4.338651    35.8060     0.0238 1.0000e-12    -0.0117   100.2938      98.56    178.443     4.1023 2.4248e+03          1         22 0.0000e+00
   38.81044  -69.16716    14.5038   4.337518    35.8031    172.633    174.020    14.5046   4.337726    35.8043     0.0266 1.0000e-12    -0.0117   100.2924      98.56    175.534     4.0354 2.4253e+03          1         26 0.0000e+00
   38.81044  -69.16716    14.4603   4.332788    35.7999    173.629    175.025    14.4687   4.334265    35.8055     0.0285 1.0000e-12    -0.0124   100.3087      98.56    172.171     3.9581 2.4311e+03          1         29 0.0000e+00
   38.81044  -69.16716    14.4233   4.329021    35.7992    174.605    176.009    14.4234   4.329395    35.8025     0.0038 1.0000e-12    -0.0103   100.2569      98.56    170.389     3.9172 2.4317e+03          1         26 0.0000e+00
   38.81044  -69.16716    14.3976   4.326244    35.7969    175.569    176.982    14.3984   4.326791    35.8013     0.0224 1.0000e-12    -0.0094   100.2345      98.56    168.744     3.8794 2.4246e+03          1         21 0.0000e+00
   38.81044  -69.16716    14.3516   4.321542    35.7963    176.580    178.001    14.3484   4.321774    35.8014     0.0340 1.0000e-12    -0.0124   100.3084      98.56    166.895     3.8369 2.4186e+03          1         19 0.0000e+00
   38.81044  -69.16716    14.3309   4.319646    35.7974    177.614    179.043    14.3296   4.319779    35.7999     0.0320 1.0000e-12    -0.0121   100.3014      98.56    165.376     3.8020 2.4183e+03          1         18 0.0000e+00
   38.81044  -69.16716    14.3146   4.318083    35.7975    178.599    180.037    14.3152   4.318369    35.7996     0.0258 1.0000e-12    -0.0122   100.3043      98.56    164.192     3.7748 2.4193e+03          1         21 0.0000e+00
   38.81044  -69.16716    14.3035   4.316999    35.7970    179.580    181.026    14.3011   4.316960    35.7989     0.0253 1.0000e-12    -0.0122   100.3043      98.56    161.529     3.7136 2.4173e+03          1         31 0.0000e+00
   38.81044  -69.16716    14.2851   4.315215    35.7967    180.548    182.003    14.2856   4.315451    35.7984     0.0238 1.0000e-12    -0.0124   100.3103      98.56    159.132     3.6585 2.4207e+03          1         34 0.0000e+00
   38.81044  -69.16716    14.2713   4.314082    35.7982    181.539    183.002    14.2710   4.314194    35.7996     0.0035 1.0000e-12    -0.0124   100.3086      98.56    158.398     3.6416 2.4302e+03          1         24 0.0000e+00
   38.81044  -69.16716    14.2612   4.314438    35.8104    182.506    183.977    14.2610   4.314565    35.8118     0.0206 1.0000e-12    -0.0127   100.3171      98.56    157.762     3.6271 2.4298e+03          1         18 0.0000e+00
   38.81044  -69.16716    14.2424   4.313399    35.8178    183.535    185.015    14.2424   4.313546    35.8192     0.0211 1.0000e-12    -0.0118   100.2953      98.56    157.301     3.6165 2.4283e+03          1         20 0.0000e+00
   38.81044  -69.16716    14.2464   4.314333    35.8219    184.570    186.059    14.2464   4.314315    35.8216     0.0115 1.0000e-12    -0.0123   100.3077      98.56    156.362     3.5949 2.4308e+03          1         23 0.0000e+00
   38.81044  -69.16716    14.2308   4.312958    35.8231    185.509    187.005    14.2304   4.313277    35.8264     0.0049 1.0000e-12    -0.0126   100.3138      98.57    153.557     3.5304 2.4362e+03          1         27 0.0000e+00
   38.81045  -69.16717    14.1088   4.298694    35.8058    186.455    187.960    14.1085   4.300221    35.8203     0.0124 1.0000e-12    -0.0121   100.3025      98.56    151.314     3.4789 2.4367e+03          1         28 0.0000e+00
   38.81046  -69.16718    14.0054   4.286962    35.7938    187.501    189.014    14.0034   4.288076    35.8062     0.0201 1.0000e-12    -0.0124   100.3084      98.57    150.406     3.4581 2.4267e+03          1         19 0.0000e+00
   38.81046  -69.16718    13.8767   4.272561    35.7808    188.502    190.024    13.8765   4.273817    35.7928     0.0251 1.0000e-12    -0.0127   100.3171      98.56    149.699     3.4419 2.4124e+03          1         20 0.0000e+00
   38.81046  -69.16718    13.8016   4.264023    35.7712    189.490    191.021    13.8012   4.265306    35.7836     0.0284 1.0000e-12    -0.0128   100.3210      98.56    148.625     3.4172 2.3932e+03          1         20 0.0000e+00
   38.81046  -69.16718    13.6169   4.243005    35.7487    190.457    191.997    13.6147   4.244187    35.7619     0.0239 1.0000e-12    -0.0130   100.3254      98.56    148.114     3.4055 2.3737e+03          1         28 0.0000e+00
   38.81046  -69.16718    13.5549   4.236129    35.7400    191.471    193.019    13.5621   4.237316    35.7443     0.0372 1.0000e-12    -0.0134   100.3351      98.56    147.147     3.3833 2.3785e+03          1         45 0.0000e+00
   38.81046  -69.16718    13.5113   4.231075    35.7311    192.453    194.010    13.5104   4.231539    35.7364     0.0355 1.0000e-12    -0.0135   100.3372      98.57    146.562     3.3699 2.4025e+03          1         32 0.0000e+00
   38.81046  -69.16718    13.4722   4.226766    35.7254    193.473    195.038    13.4714   4.226902    35.7275     0.0150 1.0000e-12    -0.0132   100.3300      98.57    145.590     3.3475 2.4306e+03          1         35 0.0000e+00
   38.81046  -69.16718    13.4622   4.225745    35.7228    194.386    195.959    13.4620   4.225915    35.7246     0.0188 1.0000e-12    -0.0119   100.2966      98.57    145.060     3.3354 2.4293e+03          1         50 0.0000e+00
   38.81046  -69.16718    13.4510   4.224601    35.7200    195.467    197.049    13.4484   4.224493    35.7214     0.0232 1.0000e-12    -0.0130   100.3241      98.56    144.478     3.3220 2.4141e+03          1         61 0.0000e+00
   38.81047  -69.16718    13.4257   4.221864    35.7158    196.370    197.960    13.4275   4.222245    35.7177     0.0275 1.0000e-12    -0.0132   100.3300      98.56    143.757     3.3054 2.4437e+03          1         69 0.0000e+00
   38.81048  -69.16719    13.4272   4.222125    35.7145    197.559    199.159    13.4234   4.221876    35.7157     0.0328 1.0000e-12    -0.0129   100.3211      98.56    143.243     3.2936 2.4230e+03          1        118 0.0000e+00
   38.81048  -69.16720    13.4080   4.220042    35.7117    198.415    200.022    13.4071   4.220070    35.7129     0.0405 1.0000e-12    -0.0132   100.3306      98.57    143.672     3.3034 2.4131e+03          1         42 0.0000e+00
   38.81048  -69.16720    13.4035   4.219569    35.7105    199.202    200.815    13.4036   4.219684    35.7114     0.0276 1.0000e-12    -0.0130   100.3260      98.57    142.771     3.2827 2.3814e+03          1         45 0.0000e+00
   38.81048  -69.16720    13.4010   4.219353    35.7099    200.088    201.709    13.4024   4.219581    35.7108     0.0354 1.0000e-12    -0.0129   100.3216      98.57    142.602     3.2788 2.3645e+03          1         52 0.0000e+00
   38.81051  -69.16722    13.3970   4.218812    35.7082    199.547    201.164    13.3964   4.218857    35.7091     0.0322 1.0000e-12    -0.0130   100.3243      98.57    142.296     3.2718 2.2725e+03          1        527 0.0000e+00
   38.81052  -69.16722    13.4005   4.219104    35.7077    198.361    199.968    13.3994   4.219090    35.7086     0.0298 1.0000e-12    -0.0120   100.2991      98.57    142.139     3.2682 2.2683e+03          1         54 0.0000e+00
   38.81054  -69.16722    13.4021   4.219291    35.7084    197.440    199.039    13.4010   4.219212    35.7087     0.0314 1.0000e-12    -0.0135   100.3373      98.57    142.141     3.2682 2.2518e+03          1         46 0.0000e+00
   38.81054  -69.16722    13.4184   4.221066    35.7100    196.438    198.029    13.4143   4.220535    35.7089     0.0361 1.0000e-12    -0.0132   100.3308      98.56    142.327     3.2725 2.2567e+03          1         31 0.0000e+00
   38.81054  -69.16722    13.4327   4.222731    35.7125    195.403    196.985    13.4334   4.222724    35.7118     0.0391 1.0000e-12    -0.0138   100.3451      98.57    142.382     3.2738 2.2694e+03          1         29 0.0000e+00
   38.81054  -69.16722    13.4424   4.223773    35.7136    194.448    196.022    13.4428   4.223861    35.7140     0.0427 1.0000e-12    -0.0130   100.3256      98.57    142.428     3.2748 2.2744e+03          1         29 0.0000e+00
   38.81054  -69.16724    13.4503   4.224665    35.7150    193.463    195.028    13.4528   4.224964    35.7154     0.0404 1.0000e-12    -0.0136   100.3398      98.57    142.909     3.2859 2.2634e+03          1         34 0.0000e+00
