Data/ruptures/KN207-01/QL-1/20701039.cnv
* Sea-Bird SBE 9 Data File:
* FileName = C:\Data\ctd\20701039.hex
* Software Version Seasave V 7.21e
* Temperature SN = 4406
* Conductivity SN = 1474
* Number of Bytes Per Scan = 40
* Number of Voltage Words = 5
* Number of Scans Averaged by the Deck Unit = 1
* NMEA Latitude = 38 48.61 N
* NMEA Longitude = 069 10.00 W
* NMEA UTC (Time) = Apr 26 2012 16:05:23
** R/V Knorr Cruise # KN207-01 QL1
** Chief Scientist: Ben Van Mooy
# nquan = 21
# nvalues = 399                         
# units = specified
# name 0 = latitude: Latitude [deg]
# name 1 = longitude: Longitude [deg]
# name 2 = t090C: Temperature [ITS-90, deg C]
# name 3 = c0S/m: Conductivity [S/m]
# name 4 = sal00: Salinity, Practical [PSU]
# name 5 = depSM: Depth [salt water, m]
# name 6 = prDM: Pressure, Digiquartz [db]
# name 7 = t190C: Temperature, 2 [ITS-90, deg C]
# name 8 = c1S/m: Conductivity, 2 [S/m]
# name 9 = sal11: Salinity, Practical, 2 [PSU]
# name 10 = flECO-AFL: Fluorescence, WET Labs ECO-AFL/FL [mg/m^3]
# name 11 = par: PAR/Irradiance, Biospherical/Licor
# name 12 = bat: Beam Attenuation, Chelsea/Seatech [1/m]
# name 13 = xmiss: Beam Transmission, Chelsea/Seatech [%]
# name 14 = altM: Altimeter [m]
# name 15 = sbeox0Mm/Kg: Oxygen, SBE 43 [umol/kg]
# name 16 = sbeox0ML/L: Oxygen, SBE 43 [ml/l]
# name 17 = spar: SPAR/Surface Irradiance
# name 18 = pumps: Pump Status
# name 19 = nbin: number of scans per bin
# name 20 = flag: flag
# span 0 =   38.81017,   38.81100       
# span 1 =  -69.16774,  -69.16683       
# span 2 =    11.1303,    14.6668       
# span 3 =   3.836886,   4.353217       
# span 4 =    33.8055,    35.8231       
# span 5 =      1.926,    200.088       
# span 6 =      1.941,    201.709       
# span 7 =    11.1159,    14.6665       
# span 8 =   3.838638,   4.353306       
# span 9 =    33.7976,    35.8264       
# span 10 =    -0.0013,     3.0431      
# span 11 = 1.0000e-12, 2.3195e-02      
# span 12 =    -0.0145,     0.3346      
# span 13 =    91.9767,   100.3643      
# span 14 =      15.43,      98.63      
# span 15 =    142.139,    459.347      
# span 16 =     3.2682,    10.5484      
# span 17 = 2.1073e+03, 2.4940e+03      
# span 18 =          1,          1      
# span 19 =         15,        952      
# span 20 = 0.0000e+00, 0.0000e+00      
# interval = decibars: 1                
# start_time = Apr 26 2012 16:05:23 [NMEA time, header]
# bad_flag = -9.990e-29
*END*
[from data line 345]
   38.81074  -69.16748    12.9554   4.104859    35.1012     54.439     54.861    12.9553   4.105285    35.1052     0.1563 1.0000e-12     0.0089    99.7785      98.60    231.244     5.3150 2.3455e+03          1        108 0.0000e+00
   38.81076  -69.16748    12.8335   4.088947    35.0635     53.576     53.991    12.8189   4.087252    35.0612     0.1744 1.0000e-12     0.0090    99.7761      98.60    231.541     5.3218 2.3413e+03          1         89 0.0000e+00
   38.81076  -69.16748    12.7948   4.083863    35.0502     52.690     53.097    12.7748   4.081210    35.0436     0.1740 1.0000e-12     0.0096    99.7593      98.60    232.404     5.3416 2.3143e+03          1         98 0.0000e+00
   38.81078  -69.16751    12.7305   4.074221    35.0153     51.728     52.128    12.7297   4.074260    35.0165     0.1981 1.0000e-12     0.0141    99.6476      96.26    233.484     5.3664 2.3852e+03          1        780 0.0000e+00
   38.81080  -69.16754    12.7323   4.073936    35.0104     50.716     51.108    12.7309   4.073767    35.0101     0.1966 1.0000e-12     0.0148    99.6302      98.60    233.347     5.3632 2.4248e+03          1         31 0.0000e+00
   38.81080  -69.16754    12.7547   4.076313    35.0124     49.589     49.973    12.7457   4.075171    35.0100     0.2007 1.0000e-12     0.0179    99.5527      98.60    233.394     5.3642 2.4266e+03          1         25 0.0000e+00
   38.81080  -69.16754    12.7510   4.075444    35.0083     48.536     48.911    12.7392   4.073910    35.0047     0.2449 1.0000e-12     0.0226    99.4372      98.61    234.281     5.3846 2.4436e+03          1         74 0.0000e+00
   38.81080  -69.16754    12.6931   4.067717    34.9898     47.651     48.019    12.6951   4.068841    34.9986     0.2548 1.0000e-12     0.0241    99.4005      98.60    235.048     5.4022 2.4498e+03          1         44 0.0000e+00
   38.81080  -69.16754    12.6191   4.057181    34.9592     46.650     47.010    12.6355   4.059221    34.9630     0.2751 1.0000e-12     0.0246    99.3862      98.60    234.844     5.3975 2.4467e+03          1         42 0.0000e+00
   38.81080  -69.16754    12.5821   4.051341    34.9380     45.688     46.041    12.5939   4.053100    34.9438     0.2993 1.0000e-12     0.0287    99.2851      90.25    235.919     5.4222 2.4621e+03          1         40 0.0000e+00
   38.81080  -69.16755    12.5722   4.049415    34.9287     44.661     45.006    12.5850   4.051498    34.9367     0.3105 1.0000e-12     0.0297    99.2612      85.52    236.626     5.4384 2.4847e+03          1         43 0.0000e+00
   38.81080  -69.16756    12.5711   4.049036    34.9259     43.661     43.998    12.5722   4.049416    34.9286     0.3382 1.0000e-12     0.0316    99.2136      96.75    237.915     5.4680 2.4821e+03          1         67 0.0000e+00
   38.81081  -69.16756    12.5546   4.046862    34.9205     42.676     43.006    12.5675   4.048573    34.9248     0.3395 1.0000e-12     0.0308    99.2320      98.61    238.169     5.4738 2.4743e+03          1         42 0.0000e+00
   38.81082  -69.16756    12.4923   4.038684    34.9012     41.681     42.003    12.5162   4.042390    34.9144     0.3625 1.0000e-12     0.0325    99.1909      98.61    238.259     5.4759 2.4727e+03          1         35 0.0000e+00
   38.81082  -69.16756    12.4370   4.031497    34.8844     40.666     40.979    12.4350   4.031567    34.8873     0.3837 1.0000e-12     0.0356    99.1151      98.60    238.057     5.4712 2.4654e+03          1         38 0.0000e+00
   38.81082  -69.16756    12.4010   4.026668    34.8714     39.723     40.029    12.3724   4.023683    34.8700     0.3811 1.0000e-12     0.0431    98.9279      98.60    238.793     5.4881 2.4585e+03          1         75 0.0000e+00
   38.81082  -69.16756    12.2638   4.007998    34.8211     38.718     39.016    12.2830   4.010795    34.8298     0.3995 1.0000e-12     0.0473    98.8227      98.61    239.985     5.5155 2.4374e+03          1         33 0.0000e+00
   38.81082  -69.16756    12.2282   4.001613    34.7926     37.625     37.914    12.2154   4.000471    34.7936     0.4377 1.0000e-12     0.0528    98.6889      77.69    240.653     5.5307 2.4477e+03          1         38 0.0000e+00
   38.81082  -69.16756    12.1771   3.994270    34.7689     36.803     37.086    12.1670   3.993018    34.7662     0.5492 1.0000e-12     0.0590    98.5357      82.75    243.703     5.6008 2.4547e+03          1         60 0.0000e+00
   38.81082  -69.16756    12.1518   3.990637    34.7569     35.742     36.017    12.1629   3.992224    34.7616     0.5727 1.0000e-12     0.0622    98.4569      96.34    244.705     5.6238 2.4503e+03          1         30 0.0000e+00
   38.81082  -69.16756    12.1510   3.990472    34.7551     34.761     35.028    12.1429   3.989555    34.7538     0.6117 1.0000e-12     0.0752    98.1385      70.13    244.602     5.6214 2.4475e+03          1         94 0.0000e+00
   38.81082  -69.16756    12.0931   3.982530    34.7323     33.690     33.949    12.0765   3.981056    34.7337     0.6815 1.0000e-12     0.0754    98.1315      98.61    244.995     5.6304 2.4374e+03          1         55 0.0000e+00
   38.81084  -69.16758    12.0845   3.981458    34.7291     32.884     33.137    12.0622   3.978711    34.7236     0.7345 1.0000e-12     0.0935    97.6898      98.61    246.169     5.6574 2.4435e+03          1         93 0.0000e+00
   38.81084  -69.16758    11.9712   3.965956    34.6860     31.748     31.992    11.9213   3.959299    34.6683     0.8001 1.0000e-12     0.1050    97.4090      68.47    247.044     5.6774 2.4430e+03          1         41 0.0000e+00
   38.81084  -69.16758    11.9220   3.959068    34.6644     30.967     31.205    11.8791   3.953448    34.6498     0.9017 1.0000e-12     0.1296    96.8130      59.11    249.337     5.7301 2.4320e+03          1         93 0.0000e+00
   38.81085  -69.16760    11.6839   3.922398    34.5266     30.016     30.247    11.5715   3.905707    34.4672     1.7184 1.0000e-12     0.2088    94.9180      91.41    256.638     5.8975 2.3974e+03          1        213 0.0000e+00
   38.81087  -69.16762    11.5074   3.894962    34.4207     28.644     28.864    11.4648   3.888573    34.3961     2.0889 1.0000e-12     0.2394    94.1902      98.61    262.981     6.0430 2.3962e+03          1        147 0.0000e+00
   38.81089  -69.16763    11.2684   3.860216    34.2992     28.154     28.370    11.2372   3.855770    34.2840     2.5520 1.0000e-12     0.2717    93.4338      96.71    268.368     6.1665 2.3920e+03          1        382 0.0000e+00
   38.81091  -69.16766    11.1913   3.849279    34.2613     26.784     26.990    11.1750   3.847029    34.2545     2.7467 1.0000e-12     0.2793    93.2562      98.62    269.753     6.1982 2.4271e+03          1         81 0.0000e+00
   38.81092  -69.16766    11.1755   3.846614    34.2506     25.855     26.053    11.1672   3.845767    34.2499     2.7563 2.0150e-02     0.2838    93.1519      98.62    269.620     6.1951 2.4852e+03          1         29 0.0000e+00
   38.81092  -69.16766    11.1368   3.836886    34.1915     24.786     24.977    11.1360   3.838638    34.2094     2.6943 1.0000e-12     0.3020    92.7276      98.63    269.844     6.2000 2.4940e+03          1         24 0.0000e+00
   38.81092  -69.16766    11.1871   3.839779    34.1727     23.669     23.851    11.1897   3.840186    34.1741     2.9210 1.0000e-12     0.3256    92.1819      98.62    271.916     6.2475 2.4732e+03          1         91 0.0000e+00
   38.81092  -69.16766    11.2152   3.841648    34.1647     22.864     23.039    11.1906   3.840135    34.1731     3.0090 1.0000e-12     0.3278    92.1320      98.62    274.380     6.3040 2.4723e+03          1         25 0.0000e+00
   38.81092  -69.16766    11.2846   3.845609    34.1384     21.836     22.003    11.2885   3.845492    34.1332     3.0431 1.0000e-12     0.3281    92.1241      98.62    273.523     6.2841 2.4650e+03          1         22 0.0000e+00
   38.81092  -69.16766    11.3084   3.847304    34.1338     20.668     20.827    11.3173   3.847808    34.1303     2.9960 1.0000e-12     0.3341    91.9864      98.62    275.286     6.3246 2.4405e+03          1         91 0.0000e+00
   38.81092  -69.16766    11.3004   3.846813    34.1377     19.875     20.028    11.3086   3.846962    34.1313     2.9488 1.0000e-12     0.3346    91.9767      98.62    276.770     6.3587 2.4448e+03          1         27 0.0000e+00
   38.81092  -69.16766    11.3490   3.848861    34.1123     18.803     18.947    11.3535   3.848985    34.1094     2.9313 1.0000e-12     0.3337    91.9963      98.62    275.862     6.3376 2.4497e+03          1         25 0.0000e+00
   38.81092  -69.16766    11.4154   3.853548    34.0969     17.768     17.904    11.4030   3.852432    34.0976     2.7803 1.0000e-12     0.3256    92.1835      87.36    277.144     6.3670 2.4167e+03          1         69 0.0000e+00
   38.81092  -69.16766    11.4133   3.853614    34.1006     16.907     17.036    11.4542   3.855377    34.0792     2.5736 1.0000e-12     0.3211    92.2864      98.62    277.975     6.3861 2.1544e+03          1         34 0.0000e+00
   38.81092  -69.16768    11.5882   3.865491    34.0531     15.774     15.895    11.5772   3.864084    34.0499     2.5277 1.0000e-12     0.3185    92.3458      98.62    277.339     6.3711 2.4225e+03          1         45 0.0000e+00
   38.81092  -69.16768    11.7029   3.873532    34.0259     14.972     15.086    11.7127   3.873226    34.0136     2.3652 1.0000e-12     0.3144    92.4417      98.62    278.643     6.4007 2.4456e+03          1         55 0.0000e+00
   38.81093  -69.16768    11.7668   3.877406    34.0062     13.829     13.935    11.7637   3.877084    34.0060     2.1403 1.0000e-12     0.3148    92.4323      98.62    278.957     6.4078 2.1656e+03          1         46 0.0000e+00
   38.81094  -69.16768    11.9031   3.886193    33.9658     12.961     13.060    11.8513   3.881405    33.9679     2.1713 1.0000e-12     0.3196    92.3203      98.63    278.522     6.3974 2.4077e+03          1         44 0.0000e+00
   38.81094  -69.16768    12.1272   3.903650    33.9281     11.927     12.018    12.1017   3.900150    33.9177     1.6743 1.0000e-12     0.3215    92.2777      30.74    279.130     6.4109 2.4552e+03          1         32 0.0000e+00
   38.81094  -69.16768    12.3492   3.923288    33.9158     10.735     10.817    12.3094   3.919442    33.9153     1.4065 1.0000e-12     0.3141    92.4487      98.62    278.072     6.3863 2.4698e+03          1         80 0.0000e+00
   38.81094  -69.16768    12.4341   3.930598    33.9119     10.036     10.112    12.4135   3.927598    33.9015     0.7583 1.0000e-12     0.3108    92.5243      98.62    274.626     6.3071 2.3555e+03          1         41 0.0000e+00
   38.81094  -69.16768    12.4170   3.929212    33.9171      8.927      8.995    12.4278   3.930331    33.9172     0.7268 1.0000e-12     0.3109    92.5234      97.65    275.616     6.3298 2.3631e+03          1         26 0.0000e+00
   38.81094  -69.16768    12.5881   3.941736    33.8806      7.851      7.911    12.5180   3.935841    33.8886     0.7674 1.0000e-12     0.3025    92.7163      15.43    273.998     6.2923 2.4691e+03          1         37 0.0000e+00
   38.81095  -69.16768    12.5705   3.941194    33.8962      6.888      6.940    12.5467   3.939202    33.8985     0.7117 1.0000e-12     0.3051    92.6571      98.62    273.598     6.2832 2.4439e+03          1        108 0.0000e+00
   38.81097  -69.16770    12.9159   3.965903    33.8267      6.039      6.085    12.9378   3.967345    33.8207     0.5348 1.0000e-12     0.3034    92.6954      86.54    271.341     6.2306 2.4369e+03          1        952 0.0000e+00
   38.81100  -69.16773    12.9906   3.970857    33.8107      5.118      5.157    12.9978   3.971408    33.8095     0.4728 1.0000e-12     0.2924    92.9511      67.75    270.921     6.2208 2.4040e+03          1         57 0.0000e+00
   38.81100  -69.16773    12.9815   3.970155    33.8127      4.193      4.225    12.9766   3.969914    33.8151     0.4917 1.0000e-12     0.2962    92.8630      98.63    271.111     6.2252 2.4128e+03          1         60 0.0000e+00
   38.81100  -69.16773    12.9703   3.969346    33.8155      3.142      3.165    12.9680   3.969176    33.8161     0.4862 1.0000e-12     0.2975    92.8328      76.93    270.867     6.2196 2.4305e+03          1         79 0.0000e+00
   38.81100  -69.16774    12.9750   3.969592    33.8137      1.926      1.941    12.9783   3.969845    33.8133     0.4620 1.0000e-12     0.2980    92.8212      66.73    270.707     6.2160 2.4237e+03          1         57 0.0000e+00
