Data/ruptures/KN207-01/QL-1/20701036.cnv
* Sea-Bird SBE 9 Data File:
* FileName = C:\Data\ctd\20701036.hex
* Software Version Seasave V 7.21e
* Temperature SN = 4406
* Conductivity SN = 1474
* Number of Bytes Per Scan = 40
* Number of Voltage Words = 5
* Number of Scans Averaged by the Deck Unit = 1
* NMEA Latitude = 38 49.44 N
* NMEA Longitude = 069 07.20 W
* NMEA UTC (Time) = Apr 26 2012 10:01:48
** R/V Knorr Cruise # KN207-01 QL1
** Chief Scientist: Ben Van Mooy
# nquan = 21
# nvalues = 398                         
# units = specified
# name 0 = latitude: Latitude [deg]
# name 1 = longitude: Longitude [deg]
# name 2 = t090C: Temperature [ITS-90, deg C]
# name 3 = c0S/m: Conductivity [S/m]
# name 4 = sal00: Salinity, Practical [PSU]
# name 5 = depSM: Depth [salt water, m]
# name 6 = prDM: Pressure, Digiquartz [db]
# name 7 = t190C: Temperature, 2 [ITS-90, deg C]
# name 8 = c1S/m: Conductivity, 2 [S/m]
# name 9 = sal11: Salinity, Practical, 2 [PSU]
# name 10 = flECO-AFL: Fluorescence, WET Labs ECO-AFL/FL [mg/m^3]
# name 11 = par: PAR/Irradiance, Biospherical/Licor
# name 12 = bat: Beam Attenuation, Chelsea/Seatech [1/m]
# name 13 = xmiss: Beam Transmission, Chelsea/Seatech [%]
# name 14 = altM: Altimeter [m]
# name 15 = sbeox0Mm/Kg: Oxygen, SBE 43 [umol/kg]
# name 16 = sbeox0ML/L: Oxygen, SBE 43 [ml/l]
# name 17 = spar: SPAR/Surface Irradiance
# name 18 = pumps: Pump Status
# name 19 = nbin: number of scans per bin
# name 20 = flag: flag
# span 0 =   38.82339,   38.82401       
# span 1 =  -69.12312,  -69.12007       
# span 2 =    11.2381,    14.6889       
# span 3 =   3.401859,   4.352345       
# span 4 =    28.8272,    35.8318       
# span 5 =      2.171,    199.196       
# span 6 =      2.187,    200.810       
# span 7 =    11.2381,    14.6887       
# span 8 =   3.715300,   4.352445       
# span 9 =    31.7945,    35.8342       
# span 10 =    -0.0065,     2.6452      
# span 11 = 1.0000e-12, 6.4590e+00      
# span 12 =    -0.0141,     0.3188      
# span 13 =    92.3398,   100.3520      
# span 14 =      49.61,      98.68      
# span 15 =    136.344,    464.436      
# span 16 =     3.1351,    10.6650      
# span 17 = 1.3357e+02, 7.8103e+02      
# span 18 =          1,          1      
# span 19 =         16,       3694      
# span 20 = 0.0000e+00, 0.0000e+00      
# interval = decibars: 1                
# start_time = Apr 26 2012 10:01:48 [NMEA time, header]
# bad_flag = -9.990e-29
*END*
   38.82401  -69.12007    12.5211   3.401859    28.8272      2.921      2.944    12.5151   3.715300    31.7945     1.2210 2.2021e+00     0.2844    93.1368      98.51    334.633     7.6555 1.3357e+02          1        511 0.0000e+00
   38.82400  -69.12010    12.5375   3.742278    32.0332      3.931      3.961    12.5378   3.833649    32.9035     1.1910 2.0501e+00     0.2833    93.1626      98.51    347.013     7.9581 1.3556e+02          1        109 0.0000e+00
   38.82400  -69.12010    12.5135   3.861931    33.1958      4.881      4.918    12.5146   3.885149    33.4172     1.1670 1.7105e+00     0.2825    93.1819      98.51    362.579     8.3224 1.3573e+02          1         53 0.0000e+00
   38.82400  -69.12010    12.3182   3.877033    33.5188      5.940      5.985    12.3443   3.895583    33.6736     1.1215 1.4589e+00     0.2898    93.0104      98.52    382.744     8.7877 1.3624e+02          1         51 0.0000e+00
   38.82400  -69.12010    12.1890   3.870631    33.5742      6.940      6.993    12.1864   3.887038    33.7355     1.0812 1.1897e+00     0.3002    92.7692      98.52    409.115     9.3938 1.3619e+02          1         38 0.0000e+00
   38.82400  -69.12011    12.1948   3.874026    33.5996      7.965      8.026    12.2044   3.885035    33.6972     1.0397 9.6273e-01     0.2907    92.9894      98.52    436.395    10.0203 1.3569e+02          1         53 0.0000e+00
   38.82400  -69.12012    12.1244   3.876482    33.6865      8.868      8.936    12.1323   3.886998    33.7812     1.0779 8.2635e-01     0.2883    93.0457      98.52    464.436    10.6650 1.3751e+02          1         59 0.0000e+00
   38.82400  -69.12013    12.0886   3.876180    33.7150      9.909      9.985    12.0902   3.886853    33.8171     1.1260 6.3939e-01     0.2898    93.0114      98.52    392.859     9.0216 1.3852e+02          1         41 0.0000e+00
   38.82400  -69.12014    12.0864   3.875519    33.7091     10.904     10.987    12.0901   3.885883    33.8062     1.2009 6.4624e-01     0.2974    92.8341      98.52    285.675     6.5602 1.3617e+02          1         43 0.0000e+00
   38.82400  -69.12014    12.1082   3.877260    33.7044     11.911     12.001    12.1316   3.888227    33.7891     1.2300 4.3512e-01     0.3015    92.7409      98.52    258.529     5.9368 1.3613e+02          1         39 0.0000e+00
   38.82400  -69.12014    12.1355   3.875316    33.6593     13.004     13.103    12.1474   3.890791    33.7983     1.2867 3.8836e-01     0.3031    92.7028      98.52    236.901     5.4399 1.4027e+02          1         69 0.0000e+00
   38.82400  -69.12014    12.1271   3.885000    33.7601     13.815     13.921    12.1282   3.894118    33.8477     1.3370 3.5347e-01     0.3064    92.6252      98.52    225.274     5.1733 1.3800e+02          1         45 0.0000e+00
   38.82400  -69.12014    12.1098   3.889694    33.8211     14.877     14.991    12.1062   3.895627    33.8821     1.3959 2.1757e-01     0.3092    92.5615      98.52    223.000     5.1214 1.3677e+02          1         38 0.0000e+00
   38.82400  -69.12014    12.0851   3.891754    33.8633     15.885     16.007    12.0764   3.895760    33.9105     1.4365 2.2108e-01     0.3102    92.5393      98.52    242.212     5.5628 1.3857e+02          1         41 0.0000e+00
   38.82400  -69.12014    12.0468   3.890507    33.8861     16.917     17.047    12.0426   3.895828    33.9417     1.5204 2.9125e-01     0.3110    92.5188      71.59    241.785     5.5531 1.4085e+02          1         55 0.0000e+00
   38.82400  -69.12016    11.9927   3.890291    33.9335     17.789     17.926    11.9937   3.895781    33.9859     1.5983 1.9497e-01     0.3132    92.4679      98.52    218.703     5.0232 1.3878e+02          1         61 0.0000e+00
   38.82400  -69.12016    11.9826   3.888498    33.9243     18.859     19.003    11.9830   3.894498    33.9823     1.5725 1.2604e-01     0.3113    92.5133      98.52    214.253     4.9210 1.3843e+02          1         35 0.0000e+00
   38.82400  -69.12016    11.9624   3.883735    33.8960     19.873     20.025    11.9610   3.891937    33.9772     1.5754 9.6417e-02     0.3098    92.5489      98.52    212.599     4.8829 1.3971e+02          1         30 0.0000e+00
   38.82398  -69.12016    12.0100   3.868297    33.7006     20.964     21.124    11.9612   3.885722    33.9154     1.6879 1.1392e-01     0.3116    92.5070      98.52    230.195     5.2862 1.4056e+02          1         85 0.0000e+00
   38.82398  -69.12016    11.8621   3.873718    33.8911     21.768     21.934    11.8536   3.887246    34.0302     1.8070 1.3380e-01     0.3149    92.4298      98.52    217.113     4.9867 1.4047e+02          1         39 0.0000e+00
   38.82400  -69.12018    11.6423   3.870866    34.0685     22.836     23.011    11.7281   3.887997    34.1548     1.8496 9.8332e-02     0.3188    92.3398      98.52    214.336     4.9237 1.4008e+02          1         30 0.0000e+00
   38.82400  -69.12018    11.6039   3.861780    34.0134     23.853     24.036    11.5928   3.883248    34.2349     2.0083 9.0510e-02     0.3156    92.4134      98.52    221.754     5.0940 1.4060e+02          1         34 0.0000e+00
   38.82399  -69.12018    11.8191   3.857507    33.7683     24.820     25.011    11.4156   3.881928    34.3874     2.1509 6.8530e-02     0.3142    92.4468      98.52    235.384     5.4059 1.4148e+02          1         82 0.0000e+00
   38.82398  -69.12018    11.3601   3.856874    34.1929     25.809     26.007    11.3314   3.876440    34.4099     2.2073 4.9749e-02     0.3114    92.5101      98.52    219.954     5.0535 1.4126e+02          1         43 0.0000e+00
   38.82398  -69.12018    11.3376   3.856795    34.2104     26.798     27.004    11.3265   3.870070    34.3491     2.2077 2.3483e-02     0.3092    92.5618      98.52    217.993     5.0086 1.4187e+02          1         40 0.0000e+00
   38.82398  -69.12018    11.3024   3.860623    34.2792     27.807     28.021    11.2847   3.866061    34.3474     2.2878 1.8483e-02     0.3065    92.6220      98.52    236.070     5.4242 1.4133e+02          1         42 0.0000e+00
   38.82398  -69.12018    11.2765   3.863224    34.3270     28.809     29.031    11.2590   3.866131    34.3705     2.2981 2.5416e-02     0.3101    92.5420      98.52    227.431     5.2259 1.4306e+02          1         60 0.0000e+00
   38.82399  -69.12019    11.2673   3.862911    34.3302     29.746     29.974    11.2642   3.865786    34.3601     2.2168 1.6300e-02     0.2857    93.1067      98.52    213.161     4.8981 1.4305e+02          1         53 0.0000e+00
   38.82400  -69.12020    11.2736   3.862653    34.3199     30.757     30.993    11.2762   3.866390    34.3533     2.1608 2.6265e-02     0.2750    93.3561      98.52    211.206     4.8531 1.4181e+02          1         40 0.0000e+00
   38.82400  -69.12020    11.2461   3.866243    34.3806     31.784     32.029    11.2468   3.868747    34.4037     2.2052 1.7441e-02     0.2696    93.4827      98.53    215.861     4.9603 1.4271e+02          1         43 0.0000e+00
   38.82400  -69.12020    11.2381   3.871284    34.4368     32.693     32.945    11.2381   3.873696    34.4600     2.1075 2.0197e-02     0.2525    93.8844      98.52    213.413     4.9043 1.4506e+02          1         63 0.0000e+00
   38.82400  -69.12020    11.2552   3.873801    34.4441     33.736     33.996    11.2609   3.877470    34.4745     1.8014 5.2050e-03     0.2185    94.6846      98.52    209.537     4.8152 1.4402e+02          1         39 0.0000e+00
   38.82399  -69.12020    11.3084   3.877236    34.4262     34.765     35.033    11.3144   3.879963    34.4471     1.5375 8.2621e-03     0.1926    95.3005      98.52    208.110     4.7823 1.4276e+02          1         41 0.0000e+00
   38.82398  -69.12020    11.3669   3.879740    34.3945     35.713     35.988    11.3634   3.882581    34.4257     1.4076 4.7294e-04     0.1681    95.8840      98.52    204.095     4.6899 1.4418e+02          1         47 0.0000e+00
   38.82399  -69.12021    11.4902   3.883267    34.3118     36.692     36.975    11.4893   3.885786    34.3372     1.0492 1.1775e-03     0.1452    96.4361      96.86    203.179     4.6684 1.4635e+02          1         54 0.0000e+00
   38.82400  -69.12022    11.5148   3.886520    34.3210     37.663     37.953    11.5156   3.888712    34.3418     0.8748 3.0856e-04     0.1064    97.3753      93.94    200.667     4.6107 1.4474e+02          1         54 0.0000e+00
   38.82400  -69.12022    11.5354   3.889739    34.3334     38.687     38.986    11.5366   3.891985    34.3543     0.8368 1.0444e-03     0.0976    97.5905      94.42    199.534     4.5847 1.4429e+02          1         35 0.0000e+00
   38.82399  -69.12022    11.5608   3.893354    34.3451     39.712     40.018    11.5577   3.896128    34.3753     0.7637 2.6191e-03     0.0892    97.7950      71.51    198.200     4.5541 1.4557e+02          1         42 0.0000e+00
   38.82398  -69.12022    11.5806   3.897629    34.3686     40.712     41.026    11.5798   3.899471    34.3874     0.7495 6.0451e-03     0.0868    97.8521      98.52    198.177     4.5536 1.4622e+02          1         58 0.0000e+00
   38.82398  -69.12022    11.5936   3.900687    34.3867     41.673     41.995    11.5938   3.902411    34.4034     0.6831 1.1666e-03     0.0810    97.9945      98.52    195.035     4.4815 1.4535e+02          1         55 0.0000e+00
   38.82400  -69.12024    11.6086   3.903402    34.3993     42.649     42.979    11.6177   3.905846    34.4145     0.6370 6.6330e-04     0.0720    98.2168      98.52    192.287     4.4184 1.4634e+02          1         38 0.0000e+00
   38.82400  -69.12024    11.6231   3.906064    34.4115     43.667     44.004    11.6258   3.908652    34.4345     0.5689 1.0000e-12     0.0678    98.3205      98.52    191.810     4.4074 1.4705e+02          1         40 0.0000e+00
   38.82399  -69.12024    11.6748   3.907892    34.3803     44.653     44.998    11.6711   3.910466    34.4092     0.5023 3.9787e-04     0.0617    98.4705      98.52    189.752     4.3600 1.4706e+02          1         56 0.0000e+00
   38.82398  -69.12024    11.7603   3.910612    34.3260     45.595     45.947    11.7834   3.912859    34.3261     0.4791 3.2941e-04     0.0566    98.5943      98.52    186.626     4.2879 1.4605e+02          1         44 0.0000e+00
   38.82398  -69.12024    11.9194   3.912317    34.1926     46.676     47.037    11.9267   3.914723    34.2093     0.4007 4.7007e-04     0.0580    98.5606      98.52    183.965     4.2262 1.4727e+02          1         42 0.0000e+00
   38.82398  -69.12026    12.0047   3.913071    34.1214     47.581     47.949    12.0251   3.916277    34.1336     0.3798 4.2083e-04     0.0430    98.9306      98.53    182.258     4.1867 1.4796e+02          1         66 0.0000e+00
   38.82398  -69.12026    12.2078   3.916822    33.9691     48.594     48.970    12.1854   3.919406    34.0152     0.3767 2.2669e-04     0.0392    99.0260      98.52    180.764     4.1518 1.4746e+02          1         37 0.0000e+00
   38.82398  -69.12026    12.2491   3.920864    33.9712     49.588     49.972    12.2678   3.923610    33.9804     0.3538 1.9148e-04     0.0357    99.1129      98.52    181.836     4.1764 1.4758e+02          1         37 0.0000e+00
   38.82398  -69.12026    12.3661   3.923978    33.8939     50.627     51.019    12.4254   3.944277    34.0344     0.3395 1.0000e-12     0.0357    99.1109      98.52    182.999     4.2028 1.4743e+02          1         42 0.0000e+00
   38.82398  -69.12026    12.5240   3.931972    33.8273     51.572     51.971    12.5614   4.004525    34.4901     0.3478 8.4290e-04     0.0342    99.1492      91.35    184.620     4.2397 1.4920e+02          1         79 0.0000e+00
   38.82398  -69.12028    12.6458   3.984163    34.2176     52.570     52.977    12.6521   4.037920    34.7283     0.3221 1.0000e-12     0.0304    99.2432      95.93    185.581     4.2629 1.4888e+02          1         39 0.0000e+00
   38.82398  -69.12028    12.7008   4.031596    34.6225     53.600     54.015    12.6999   4.054221    34.8411     0.2546 1.0000e-12     0.0277    99.3096      49.61    195.964     4.5027 1.4810e+02          1         33 0.0000e+00
   38.82398  -69.12028    12.7122   4.049346    34.7836     54.599     55.022    12.7123   4.061632    34.9018     0.2577 9.4714e-05     0.0246    99.3862      98.52    230.054     5.2866 1.4881e+02          1         42 0.0000e+00
   38.82398  -69.12028    12.7495   4.065240    34.9024     55.607     56.038    12.7525   4.073190    34.9761     0.2128 1.0000e-12     0.0227    99.4330      98.52    241.515     5.5505 1.5125e+02          1         67 0.0000e+00
   38.82398  -69.12028    12.8128   4.079671    34.9823     56.485     56.923    12.8152   4.084337    35.0250     0.1890 1.0000e-12     0.0208    99.4812      98.52    231.820     5.3279 1.4907e+02          1         47 0.0000e+00
   38.82398  -69.12030    12.9238   4.093197    35.0068     57.534     57.980    12.9182   4.095414    35.0336     0.1427 1.0000e-12     0.0225    99.4394      98.52    226.761     5.2116 1.4781e+02          1         34 0.0000e+00
   38.82398  -69.12030    13.0905   4.119045    35.0962     58.576     59.031    13.0922   4.119617    35.1002     0.1431 1.0000e-12     0.0204    99.4923      98.52    224.380     5.1571 1.5036e+02          1         39 0.0000e+00
   38.82398  -69.12030    13.1342   4.126983    35.1327     59.562     60.024    13.1339   4.126943    35.1326     0.1443 1.0000e-12     0.0136    99.6609      98.52    228.419     5.2500 1.5221e+02          1         67 0.0000e+00
   38.82398  -69.12030    13.1575   4.129821    35.1397     60.464     60.934    13.1577   4.129610    35.1375     0.1212 1.0000e-12     0.0125    99.6874      98.53    225.979     5.1939 1.4976e+02          1         50 0.0000e+00
   38.82398  -69.12030    13.2331   4.139987    35.1654     61.504     61.981    13.2333   4.139824    35.1637     0.1250 1.0000e-12     0.0118    99.7060      69.51    225.535     5.1837 1.5019e+02          1         36 0.0000e+00
   38.82398  -69.12030    13.2937   4.147570    35.1807     62.501     62.986    13.2970   4.147404    35.1761     0.1222 1.0000e-12     0.0106    99.7362      73.83    226.065     5.1959 1.5157e+02          1         40 0.0000e+00
   38.82398  -69.12030    13.3273   4.153471    35.2059     63.520     64.013    13.3234   4.153146    35.2067     0.1064 1.0000e-12     0.0076    99.8095      96.74    225.823     5.1904 1.5193e+02          1         44 0.0000e+00
   38.82398  -69.12031    13.3225   4.152966    35.2071     64.539     65.041    13.3209   4.152880    35.2078     0.1265 1.0000e-12     0.0066    99.8350      98.52    225.961     5.1936 1.5255e+02          1         82 0.0000e+00
   38.82398  -69.12032    13.4032   4.162880    35.2252     65.434     65.943    13.4027   4.163007    35.2268     0.1300 1.0000e-12     0.0068    99.8299      98.52    225.431     5.1814 1.5161e+02          1         33 0.0000e+00
   38.82398  -69.12032    13.4524   4.170512    35.2510     66.477     66.994    13.4524   4.170983    35.2554     0.0993 1.0000e-12     0.0072    99.8196      98.53    225.444     5.1818 1.5136e+02          1         28 0.0000e+00
   38.82397  -69.12032    13.4888   4.175556    35.2646     67.553     68.078    13.4875   4.175497    35.2652     0.1114 1.0000e-12     0.0090    99.7759      98.52    225.577     5.1849 1.5224e+02          1         36 0.0000e+00
   38.82396  -69.12032    13.4936   4.176565    35.2708     68.374     68.906    13.4800   4.174978    35.2687     0.1108 1.0000e-12     0.0162    99.5956      98.52    225.891     5.1921 1.5443e+02          1         86 0.0000e+00
   38.82397  -69.12033    13.5294   4.181593    35.2849     69.470     70.011    13.5292   4.181393    35.2831     0.0943 1.0000e-12     0.2153    94.7917      98.52    226.257     5.2005 1.5161e+02          1         31 0.0000e+00
