Data/ruptures/KN207-01/QL-1/20701021.cnv
* Sea-Bird SBE 9 Data File:
* FileName = C:\Data\ctd\20701021.hex
* Software Version Seasave V 7.21e
* Temperature SN = 4406
* Conductivity SN = 1474
* Number of Bytes Per Scan = 40
* Number of Voltage Words = 5
* Number of Scans Averaged by the Deck Unit = 1
* NMEA Latitude = 38 58.17 N
* NMEA Longitude = 068 57.57 W
* NMEA UTC (Time) = Apr 24 2012 13:03:45
** R/V Knorr Cruise # KN207-01 QL1
** Chief Scientist: Ben Van Mooy
# nquan = 21
# nvalues = 395                         
# units = specified
# name 0 = latitude: Latitude [deg]
# name 1 = longitude: Longitude [deg]
# name 2 = t090C: Temperature [ITS-90, deg C]
# name 3 = c0S/m: Conductivity [S/m]
# name 4 = sal00: Salinity, Practical [PSU]
# name 5 = depSM: Depth [salt water, m]
# name 6 = prDM: Pressure, Digiquartz [db]
# name 7 = t190C: Temperature, 2 [ITS-90, deg C]
# name 8 = c1S/m: Conductivity, 2 [S/m]
# name 9 = sal11: Salinity, Practical, 2 [PSU]
# name 10 = flECO-AFL: Fluorescence, WET Labs ECO-AFL/FL [mg/m^3]
# name 11 = par: PAR/Irradiance, Biospherical/Licor
# name 12 = bat: Beam Attenuation, Chelsea/Seatech [1/m]
# name 13 = xmiss: Beam Transmission, Chelsea/Seatech [%]
# name 14 = altM: Altimeter [m]
# name 15 = sbeox0Mm/Kg: Oxygen, SBE 43 [umol/kg]
# name 16 = sbeox0ML/L: Oxygen, SBE 43 [ml/l]
# name 17 = spar: SPAR/Surface Irradiance
# name 18 = pumps: Pump Status
# name 19 = nbin: number of scans per bin
# name 20 = flag: flag
# span 0 =   38.96729,   38.96956       
# span 1 =  -68.95963,  -68.95179       
# span 2 =    11.1570,    14.7082       
# span 3 =   3.794223,   4.352555       
# span 4 =    32.9643,    35.8341       
# span 5 =      2.151,    198.239       
# span 6 =      2.167,    199.847       
# span 7 =    11.1482,    14.7080       
# span 8 =   3.822424,   4.352529       
# span 9 =    33.2378,    35.8361       
# span 10 =     0.0035,     2.3720      
# span 11 = 1.3489e-04, 3.6002e+01      
# span 12 =    -0.0153,     0.3214      
# span 13 =    92.2787,   100.3837      
# span 14 =      18.28,      98.65      
# span 15 =    146.102,    444.187      
# span 16 =     3.3594,    10.2014      
# span 17 = 5.8796e+02, 1.5481e+03      
# span 18 =          0,          1      
# span 19 =          9,       1256      
# span 20 = 0.0000e+00, 0.0000e+00      
# interval = decibars: 1                
# start_time = Apr 24 2012 13:03:45 [NMEA time, header]
# bad_flag = -9.990e-29
*END*
[from data line 69]
   38.96934  -68.95858    13.5894   4.188685    35.3055     72.441     73.007    13.5904   4.188815    35.3055     0.1470 1.6524e-02     0.0074    99.8159      98.52    228.222     5.2457 9.8621e+02          1         17 0.0000e+00
   38.96934  -68.95858    13.5979   4.189864    35.3073     73.504     74.078    13.5985   4.189908    35.3069     0.1095 1.5362e-02     0.0048    99.8802      98.52    227.807     5.2362 9.8456e+02          1         24 0.0000e+00
   38.96933  -68.95857    13.6277   4.193839    35.3143     74.322     74.902    13.6273   4.193761    35.3137     0.1044 1.4594e-02     0.0040    99.8996      98.52    227.076     5.2193 9.7972e+02          1        116 0.0000e+00
   38.96932  -68.95856    13.6628   4.198610    35.3243     75.442     76.032    13.6625   4.198641    35.3247     0.1081 1.3603e-02     0.0030    99.9257      98.52    226.456     5.2051 9.6959e+02          1         48 0.0000e+00
   38.96932  -68.95855    13.6484   4.196856    35.3208     76.341     76.938    13.6467   4.196979    35.3234     0.1126 1.2521e-02     0.0032    99.9208      98.52    226.525     5.2067 9.6717e+02          1         36 0.0000e+00
   38.96932  -68.95850    13.6166   4.193016    35.3140     77.367     77.972    13.6174   4.193290    35.3158     0.0999 1.1816e-02     0.0022    99.9434      87.88    226.833     5.2138 9.6373e+02          1         26 0.0000e+00
   38.96932  -68.95850    13.6204   4.193669    35.3158     78.405     79.019    13.6226   4.193795    35.3149     0.0943 1.1303e-02     0.0008    99.9794      87.26    226.470     5.2054 9.6014e+02          1         28 0.0000e+00
   38.96931  -68.95850    13.6497   4.197629    35.3246     79.454     80.076    13.6494   4.197581    35.3243     0.0820 1.0345e-02    -0.0013   100.0334      98.52    225.961     5.1937 9.5381e+02          1         98 0.0000e+00
   38.96930  -68.95850    13.6977   4.204176    35.3401     80.326     80.955    13.6987   4.203978    35.3373     0.0706 9.6488e-03    -0.0033   100.0842      98.52    224.871     5.1687 9.4775e+02          1         32 0.0000e+00
   38.96930  -68.95848    13.7409   4.210032    35.3541     81.383     82.021    13.7376   4.209512    35.3523     0.0689 8.8069e-03    -0.0023   100.0584      98.52    224.585     5.1621 9.4141e+02          1         79 0.0000e+00
   38.96930  -68.95846    13.7813   4.215514    35.3673     82.296     82.940    13.7820   4.215360    35.3651     0.0818 8.4908e-03    -0.0018   100.0459      98.52    224.915     5.1697 9.3617e+02          1         19 0.0000e+00
   38.96930  -68.95846    13.8024   4.218447    35.3746     83.343     83.996    13.8030   4.218208    35.3717     0.0672 8.2084e-03    -0.0014   100.0335      98.52    225.040     5.1726 9.3310e+02          1         13 0.0000e+00
   38.96930  -68.95846    13.8148   4.220160    35.3786     84.356     85.017    13.8148   4.220186    35.3789     0.0669 7.8969e-03    -0.0007   100.0161      98.52    225.176     5.1757 9.3114e+02          1         14 0.0000e+00
   38.96930  -68.95846    13.8162   4.220486    35.3802     85.393     86.063    13.8162   4.220478    35.3801     0.0597 7.4567e-03    -0.0015   100.0363      98.52    225.318     5.1790 9.3007e+02          1         21 0.0000e+00
   38.96929  -68.95844    13.8263   4.221909    35.3844     86.094     86.769    13.8237   4.221523    35.3832     0.0581 6.8566e-03    -0.0031   100.0782      98.52    224.719     5.1652 9.2407e+02          1         54 0.0000e+00
   38.96928  -68.95842    13.8598   4.226680    35.3976     87.297     87.981    13.8608   4.226705    35.3969     0.0544 6.0868e-03    -0.0048   100.1203      98.52    223.944     5.1474 9.1468e+02          1         19 0.0000e+00
   38.96928  -68.95842    13.8787   4.229390    35.4049     88.287     88.980    13.8792   4.229154    35.4021     0.0567 5.8314e-03    -0.0061   100.1528      98.53    223.623     5.1401 9.1174e+02          1         19 0.0000e+00
   38.96928  -68.95842    13.9145   4.234303    35.4167     89.339     90.040    13.9144   4.233892    35.4130     0.0747 5.5897e-03    -0.0056   100.1388      98.52    223.256     5.1316 9.1019e+02          1         25 0.0000e+00
   38.96928  -68.95839    13.9228   4.235358    35.4192     90.383     91.093    13.9247   4.235592    35.4197     0.0573 5.4276e-03    -0.0062   100.1550      98.52    221.968     5.1020 9.0461e+02          1        110 0.0000e+00
   38.96928  -68.95837    13.9534   4.239610    35.4306     91.331     92.048    13.9536   4.239682    35.4311     0.0504 4.9136e-03    -0.0068   100.1700      98.52    221.638     5.0945 8.9775e+02          1         67 0.0000e+00
   38.96928  -68.95836    13.9616   4.240768    35.4338     92.198     92.922    13.9588   4.240334    35.4324     0.0475 4.5237e-03    -0.0074   100.1854      98.52    221.611     5.0938 8.9512e+02          1         32 0.0000e+00
   38.96928  -68.95836    13.9821   4.243723    35.4418     93.232     93.964    13.9824   4.243566    35.4400     0.0698 4.2997e-03    -0.0073   100.1822      98.53    221.080     5.0817 8.9159e+02          1         20 0.0000e+00
   38.96928  -68.95836    14.0169   4.248831    35.4563     94.259     94.999    14.0177   4.248514    35.4526     0.0596 4.1262e-03    -0.0073   100.1835      98.52    221.000     5.0798 8.8880e+02          1         20 0.0000e+00
   38.96928  -68.95833    14.0210   4.249370    35.4578     95.273     96.022    14.0202   4.249237    35.4574     0.0456 4.0595e-03    -0.0079   100.1977      98.52    220.951     5.0787 8.8428e+02          1        109 0.0000e+00
   38.96928  -68.95832    14.0418   4.252532    35.4679     96.234     96.991    14.0418   4.252560    35.4681     0.0368 3.8929e-03    -0.0078   100.1951      98.52    220.876     5.0770 8.8066e+02          1         20 0.0000e+00
   38.96928  -68.95832    14.0436   4.252782    35.4683     97.221     97.985    14.0433   4.252796    35.4686     0.0458 3.6323e-03    -0.0071   100.1772      98.53    221.057     5.0812 8.7900e+02          1         18 0.0000e+00
   38.96926  -68.95830    14.0530   4.254163    35.4724     98.197     98.970    14.0514   4.253963    35.4720     0.0443 3.2555e-03    -0.0071   100.1780      98.52    220.419     5.0665 8.7167e+02          1        104 0.0000e+00
   38.96926  -68.95826    14.0965   4.260373    35.4891     99.196     99.977    14.0985   4.260090    35.4846     0.0460 3.2219e-03    -0.0063   100.1570      98.53    220.941     5.0785 8.6772e+02          1         15 0.0000e+00
   38.96926  -68.95826    14.1624   4.269892    35.5151    100.237    101.026    14.1647   4.268668    35.5015     0.0422 3.1791e-03    -0.0079   100.1960      98.52    220.476     5.0678 8.6676e+02          1         14 0.0000e+00
   38.96926  -68.95826    14.2047   4.275205    35.5243    101.245    102.042    14.2043   4.275191    35.5246     0.0372 3.0473e-03    -0.0080   100.1981      98.53    219.862     5.0538 8.6549e+02          1         15 0.0000e+00
   38.96926  -68.95826    14.2103   4.275987    35.5264    102.290    103.096    14.2089   4.275859    35.5265     0.0548 2.8665e-03    -0.0091   100.2272      98.53    219.388     5.0429 8.6382e+02          1         28 0.0000e+00
   38.96926  -68.95824    14.2259   4.278183    35.5329    102.979    103.790    14.2189   4.277370    35.5321     0.0416 2.5890e-03    -0.0096   100.2407      98.53    219.521     5.0459 8.5673e+02          1         42 0.0000e+00
   38.96925  -68.95822    14.2536   4.281981    35.5424    104.188    105.010    14.2537   4.282046    35.5430     0.0507 2.3534e-03    -0.0101   100.2519      98.53    219.774     5.0517 8.5186e+02          1         27 0.0000e+00
   38.96924  -68.95822    14.2731   4.285164    35.5536    105.164    105.994    14.2742   4.285061    35.5517     0.0456 2.2817e-03    -0.0097   100.2430      98.53    219.146     5.0373 8.4945e+02          1         31 0.0000e+00
   38.96924  -68.95822    14.2953   4.288268    35.5616    106.223    107.061    14.2931   4.288066    35.5619     0.0445 2.1903e-03    -0.0105   100.2643      98.53    218.146     5.0143 8.4598e+02          1         52 0.0000e+00
   38.96924  -68.95819    14.3109   4.290496    35.5681    106.995    107.840    14.3102   4.290276    35.5668     0.0433 2.0689e-03    -0.0108   100.2711      98.53    217.700     5.0041 8.4195e+02          1         58 0.0000e+00
   38.96924  -68.95818    14.3399   4.294635    35.5792    108.133    108.986    14.3367   4.293940    35.5758     0.0457 1.8973e-03    -0.0109   100.2735      98.54    217.895     5.0086 8.3917e+02          1         25 0.0000e+00
   38.96924  -68.95816    14.3578   4.297116    35.5856    109.330    110.193    14.3608   4.297541    35.5868     0.0385 1.7563e-03    -0.0108   100.2717      98.53    217.229     4.9933 8.3459e+02          1        115 0.0000e+00
   38.96924  -68.95814    14.3659   4.298251    35.5889    110.090    110.959    14.3663   4.298379    35.5897     0.0419 1.7306e-03    -0.0096   100.2406      98.53    217.318     4.9953 8.3176e+02          1         25 0.0000e+00
   38.96924  -68.95814    14.3668   4.298439    35.5895    111.119    111.997    14.3669   4.298511    35.5901     0.0483 1.6554e-03    -0.0114   100.2862      98.52    216.903     4.9858 8.3006e+02          1         17 0.0000e+00
   38.96924  -68.95814    14.3750   4.299733    35.5934    112.128    113.014    14.3750   4.299471    35.5911     0.0447 1.6171e-03    -0.0111   100.2786      98.52    217.198     4.9926 8.2841e+02          1         16 0.0000e+00
   38.96923  -68.95814    14.3918   4.302013    35.5985    113.139    114.033    14.3923   4.302004    35.5980     0.0594 1.5090e-03    -0.0095   100.2380      98.52    217.616     5.0022 8.2534e+02          1         19 0.0000e+00
   38.96922  -68.95814    14.3929   4.302164    35.5989    114.106    115.008    14.3924   4.302246    35.6002     0.0414 1.3607e-03    -0.0115   100.2872      98.53    216.978     4.9875 8.2151e+02          1         96 0.0000e+00
   38.96922  -68.95812    14.4068   4.304230    35.6050    115.103    116.014    14.4074   4.304239    35.6046     0.0199 1.3392e-03    -0.0119   100.2984      98.52    217.140     4.9912 8.1676e+02          1         13 0.0000e+00
   38.96922  -68.95812    14.4129   4.305141    35.6074    116.069    116.987    14.4132   4.305195    35.6076     0.0227 1.3392e-03    -0.0116   100.2905      98.53    216.846     4.9845 8.1522e+02          1         13 0.0000e+00
   38.96922  -68.95812    14.4233   4.306709    35.6117    117.118    118.045    14.4244   4.306681    35.6104     0.0271 1.2819e-03    -0.0112   100.2804      98.53    216.482     4.9762 8.1307e+02          1         14 0.0000e+00
   38.96922  -68.95812    14.4337   4.308136    35.6148    118.109    119.044    14.4345   4.308136    35.6140     0.0516 1.2058e-03    -0.0115   100.2886      98.53    216.550     4.9777 8.1159e+02          1         18 0.0000e+00
   38.96922  -68.95807    14.4478   4.310113    35.6195    119.133    120.077    14.4467   4.310051    35.6200     0.0326 1.1755e-03    -0.0121   100.3026      98.53    216.848     4.9846 8.1136e+02          1         30 0.0000e+00
   38.96922  -68.95806    14.4392   4.309053    35.6181    119.820    120.769    14.4375   4.309002    35.6193     0.0399 1.0746e-03    -0.0126   100.3149      98.53    216.418     4.9747 8.0644e+02          1         51 0.0000e+00
   38.96922  -68.95806    14.4320   4.308692    35.6214    120.975    121.934    14.4324   4.308729    35.6214     0.0223 9.7544e-04    -0.0124   100.3105      98.53    216.322     4.9725 8.0125e+02          1         25 0.0000e+00
   38.96922  -68.95806    14.4392   4.309816    35.6246    121.989    122.956    14.4391   4.309806    35.6246     0.0145 9.3884e-04    -0.0113   100.2825      98.53    216.146     4.9685 8.0203e+02          1         20 0.0000e+00
   38.96921  -68.95803    14.4446   4.310674    35.6270    123.044    124.020    14.4446   4.310698    35.6273     0.0141 8.8549e-04    -0.0110   100.2757      98.53    216.289     4.9717 8.0117e+02          1         18 0.0000e+00
   38.96920  -68.95800    14.4546   4.312358    35.6327    124.063    125.047    14.4554   4.312213    35.6307     0.0157 8.8176e-04    -0.0109   100.2735      98.53    216.507     4.9768 8.0021e+02          1         15 0.0000e+00
   38.96920  -68.95800    14.4696   4.314537    35.6384    125.050    126.042    14.4696   4.314388    35.6371     0.0504 8.3510e-04    -0.0103   100.2580      98.54    216.528     4.9772 7.9879e+02          1         20 0.0000e+00
   38.96920  -68.95800    14.4770   4.315568    35.6409    125.999    126.999    14.4744   4.315382    35.6416     0.0349 7.5648e-04    -0.0112   100.2805      98.53    215.897     4.9627 7.9273e+02          1         81 0.0000e+00
   38.96920  -68.95799    14.4987   4.319073    35.6527    127.020    128.029    14.4997   4.318931    35.6505     0.0441 7.6509e-04    -0.0119   100.2964      98.53    215.586     4.9556 7.9137e+02          1         13 0.0000e+00
   38.96920  -68.95796    14.5060   4.320074    35.6547    128.004    129.021    14.5061   4.320097    35.6548     0.0455 7.2303e-04    -0.0120   100.2996      98.53    215.746     4.9593 7.9066e+02          1         11 0.0000e+00
   38.96920  -68.95796    14.5109   4.320881    35.6572    128.963    129.988    14.5113   4.320798    35.6560     0.0447 7.0089e-04    -0.0119   100.2964      98.52    215.875     4.9623 7.8982e+02          1         13 0.0000e+00
   38.96920  -68.95796    14.5249   4.322954    35.6628    129.975    131.008    14.5252   4.322841    35.6615     0.0464 6.7435e-04    -0.0116   100.2915      98.53    215.744     4.9593 7.8885e+02          1         14 0.0000e+00
   38.96920  -68.95796    14.5345   4.324379    35.6666    130.980    132.021    14.5344   4.324164    35.6647     0.0401 6.3477e-04    -0.0115   100.2882      98.53    215.211     4.9470 7.8561e+02          1         16 0.0000e+00
   38.96920  -68.95795    14.5451   4.325965    35.6713    131.967    133.016    14.5436   4.325936    35.6724     0.0354 6.0560e-04    -0.0123   100.3081      98.53    214.209     4.9240 7.7955e+02          1         74 0.0000e+00
   38.96920  -68.95792    14.5786   4.331323    35.6892    132.946    134.004    14.5787   4.330983    35.6860     0.0271 6.0713e-04    -0.0117   100.2929      98.53    213.305     4.9032 7.8098e+02          1          9 0.0000e+00
   38.96920  -68.95792    14.5917   4.333288    35.6947    133.923    134.988    14.5914   4.333124    35.6934     0.0304 5.6567e-04    -0.0118   100.2957      98.53    213.353     4.9044 7.8054e+02          1         12 0.0000e+00
   38.96920  -68.95792    14.5953   4.333839    35.6961    134.938    136.012    14.5953   4.333867    35.6963     0.0317 5.5611e-04    -0.0120   100.3003      98.53    213.733     4.9131 7.7884e+02          1         13 0.0000e+00
   38.96920  -68.95792    14.5975   4.334190    35.6969    135.988    137.071    14.5973   4.334195    35.6972     0.0370 5.5713e-04    -0.0122   100.3043      98.53    213.698     4.9123 7.7584e+02          1         21 0.0000e+00
   38.96919  -68.95790    14.5967   4.334012    35.6963    136.790    137.880    14.5969   4.334184    35.6977     0.0345 5.4502e-04    -0.0128   100.3204      98.53    211.905     4.8711 7.7269e+02          1         80 0.0000e+00
   38.96918  -68.95785    14.6042   4.335189    35.7002    137.872    138.971    14.6040   4.335238    35.7008     0.0306 4.9549e-04    -0.0125   100.3129      98.53    210.984     4.8499 7.7175e+02          1         42 0.0000e+00
   38.96918  -68.95784    14.6061   4.335513    35.7011    138.841    139.947    14.6060   4.335592    35.7020     0.0450 4.9884e-04    -0.0128   100.3195      98.53    210.803     4.8457 7.7163e+02          1         27 0.0000e+00
