Data/ruptures/KN207-01/QL-1/20701033.cnv
* Sea-Bird SBE 9 Data File:
* FileName = C:\Data\ctd\20701033.hex
* Software Version Seasave V 7.21e
* Temperature SN = 4406
* Conductivity SN = 1474
* Number of Bytes Per Scan = 40
* Number of Voltage Words = 5
* Number of Scans Averaged by the Deck Unit = 1
* NMEA Latitude = 38 52.13 N
* NMEA Longitude = 069 05.66 W
* NMEA UTC (Time) = Apr 25 2012 20:03:16
** R/V Knorr Cruise # KN207-01 QL1
** Chief Scientist: Ben Van Mooy
# nquan = 21
# nvalues = 398                         
# units = specified
# name 0 = latitude: Latitude [deg]
# name 1 = longitude: Longitude [deg]
# name 2 = t090C: Temperature [ITS-90, deg C]
# name 3 = c0S/m: Conductivity [S/m]
# name 4 = sal00: Salinity, Practical [PSU]
# name 5 = depSM: Depth [salt water, m]
# name 6 = prDM: Pressure, Digiquartz [db]
# name 7 = t190C: Temperature, 2 [ITS-90, deg C]
# name 8 = c1S/m: Conductivity, 2 [S/m]
# name 9 = sal11: Salinity, Practical, 2 [PSU]
# name 10 = flECO-AFL: Fluorescence, WET Labs ECO-AFL/FL [mg/m^3]
# name 11 = par: PAR/Irradiance, Biospherical/Licor
# name 12 = bat: Beam Attenuation, Chelsea/Seatech [1/m]
# name 13 = xmiss: Beam Transmission, Chelsea/Seatech [%]
# name 14 = altM: Altimeter [m]
# name 15 = sbeox0Mm/Kg: Oxygen, SBE 43 [umol/kg]
# name 16 = sbeox0ML/L: Oxygen, SBE 43 [ml/l]
# name 17 = spar: SPAR/Surface Irradiance
# name 18 = pumps: Pump Status
# name 19 = nbin: number of scans per bin
# name 20 = flag: flag
# span 0 =   38.86898,   38.86997       
# span 1 =  -69.09657,  -69.09441       
# span 2 =    10.9587,    14.6524       
# span 3 =   3.835401,   4.351563       
# span 4 =    33.8990,    35.8080       
# span 5 =      2.022,    199.081       
# span 6 =      2.037,    200.695       
# span 7 =    10.9512,    14.6524       
# span 8 =   3.834833,   4.351637       
# span 9 =    33.8934,    35.8180       
# span 10 =    -0.0111,     2.9988      
# span 11 = 1.0000e-12, 1.8170e+01      
# span 12 =    -0.0142,     0.3538      
# span 13 =    91.5359,   100.3545      
# span 14 =       5.76,      98.65      
# span 15 =    144.693,    456.554      
# span 16 =     3.3269,    10.4852      
# span 17 = 2.3373e+03, 2.3869e+03      
# span 18 =          0,          1      
# span 19 =         12,        697      
# span 20 = 0.0000e+00, 0.0000e+00      
# interval = decibars: 1                
# start_time = Apr 25 2012 20:03:16 [NMEA time, header]
# bad_flag = -9.990e-29
*END*
   38.86898  -69.09441    12.6649   3.952329    33.9263      2.861      2.883    12.6764   3.950017    33.8934     0.8078 1.8170e+01     0.3098    92.5492      37.76    304.436     6.9914 2.3867e+03          0         32 0.0000e+00
   38.86900  -69.09444    12.6432   3.952791    33.9507      4.004      4.035    12.6273   3.952001    33.9576     0.8847 1.2498e+01     0.3160    92.4055      83.46    331.657     7.6168 2.3808e+03          0        255 0.0000e+00
   38.86902  -69.09448    12.6260   3.952368    33.9621      4.917      4.954    12.6318   3.950874    33.9420     0.8475 9.3434e+00     0.3136    92.4585      98.54    363.248     8.3424 2.3855e+03          0         91 0.0000e+00
   38.86902  -69.09448    12.6004   3.949514    33.9578      5.888      5.933    12.5951   3.949535    33.9626     0.9409 9.1122e+00     0.3145    92.4390      98.53    380.081     8.7290 2.3851e+03          0         41 0.0000e+00
   38.86902  -69.09448    12.5821   3.948755    33.9668      6.960      7.013    12.5815   3.947479    33.9549     1.0336 7.5606e+00     0.3183    92.3527      98.54    397.837     9.1369 2.3828e+03          0         36 0.0000e+00
   38.86902  -69.09450    12.5771   3.947964    33.9631      7.933      7.993    12.5633   3.948421    33.9801     1.0397 6.8112e+00     0.3187    92.3425      98.54    433.789     9.9625 2.3854e+03          0         66 0.0000e+00
   38.86902  -69.09450    12.5764   3.946504    33.9490      8.915      8.983    12.5766   3.946935    33.9528     1.0487 6.0729e+00     0.3185    92.3475      98.54    456.554    10.4852 2.3854e+03          0         41 0.0000e+00
   38.86904  -69.09450    12.5657   3.946305    33.9564      9.939     10.015    12.5621   3.946519    33.9617     1.0469 5.6650e+00     0.3217    92.2718      98.54    375.791     8.6305 2.3823e+03          0         46 0.0000e+00
   38.86904  -69.09450    12.5488   3.946194    33.9704     10.929     11.012    12.5531   3.946290    33.9672     1.0951 4.8762e+00     0.3208    92.2923      98.54    263.507     6.0518 2.3848e+03          0         47 0.0000e+00
   38.86904  -69.09451    12.5297   3.946775    33.9930     11.889     11.980    12.5509   3.946628    33.9718     1.0989 4.6721e+00     0.3209    92.2908      98.54    254.717     5.8501 2.3868e+03          0         65 0.0000e+00
   38.86904  -69.09452    12.5370   3.946086    33.9789     12.866     12.965    12.5342   3.945505    33.9760     1.1319 4.2232e+00     0.3230    92.2413      98.54    238.909     5.4870 2.3853e+03          0         33 0.0000e+00
   38.86904  -69.09452    12.5203   3.944220    33.9759     13.903     14.009    12.5224   3.944260    33.9744     1.1623 3.8470e+00     0.3242    92.2132      98.54    232.592     5.3419 2.3829e+03          0         29 0.0000e+00
   38.86904  -69.09453    12.5316   3.945210    33.9742     14.956     15.071    12.5294   3.944561    33.9701     1.1856 3.4695e+00     0.3241    92.2156      98.54    241.874     5.5550 2.3823e+03          0         48 0.0000e+00
   38.86904  -69.09454    12.4865   3.945314    34.0166     15.834     15.955    12.4942   3.945299    34.0094     1.1885 3.2205e+00     0.3248    92.2009      98.54    245.538     5.6394 2.3842e+03          0         76 0.0000e+00
   38.86904  -69.09454    12.3444   3.942388    34.1203     16.844     16.973    12.3045   3.942195    34.1558     1.3008 2.7864e+00     0.3265    92.1615      98.54    227.075     5.2159 2.3869e+03          0         39 0.0000e+00
   38.86904  -69.09454    12.1078   3.937208    34.2912     17.868     18.005    12.1045   3.936696    34.2892     1.5055 2.6293e+00     0.3345    91.9778      98.55    225.473     5.1800 2.3855e+03          0         37 0.0000e+00
   38.86904  -69.09454    12.0754   3.940870    34.3545     18.848     18.992    12.0592   3.939708    34.3584     1.8608 2.4540e+00     0.3421    91.8024      98.55    240.054     5.5153 2.3825e+03          0         46 0.0000e+00
   38.86906  -69.09456    12.1252   3.942113    34.3175     19.836     19.988    11.9694   3.938643    34.4307     2.0292 2.1796e+00     0.3500    91.6221      98.54    233.309     5.3601 2.3811e+03          0         49 0.0000e+00
   38.86906  -69.09456    12.0208   3.941785    34.4110     20.839     20.999    11.9453   3.939097    34.4552     2.0661 1.9997e+00     0.3530    91.5535      98.55    217.985     5.0085 2.3844e+03          0         52 0.0000e+00
   38.86906  -69.09456    11.9420   3.939397    34.4605     21.787     21.954    11.9023   3.939272    34.4959     2.0641 1.9052e+00     0.3513    91.5932      98.55    209.824     4.8213 2.3860e+03          0         41 0.0000e+00
   38.86906  -69.09456    11.8296   3.935648    34.5291     22.838     23.014    11.7369   3.931093    34.5718     2.2163 1.7376e+00     0.3538    91.5359      98.54    205.418     4.7204 2.3850e+03          0         37 0.0000e+00
   38.86906  -69.09457    11.9751   3.942042    34.4504     23.896     24.080    11.9675   3.939216    34.4288     2.5423 1.5130e+00     0.3455    91.7244      98.55    201.467     4.6292 2.3832e+03          0         89 0.0000e+00
   38.86906  -69.09458    11.7503   3.939183    34.6366     24.739     24.929    11.8640   3.938341    34.5199     2.5487 1.3849e+00     0.3413    91.8206      98.54    197.932     4.5488 2.3838e+03          0         33 0.0000e+00
   38.86906  -69.09458    11.5174   3.912348    34.5942     25.824     26.022    11.4967   3.906033    34.5517     2.5255 1.2580e+00     0.3355    91.9553      98.65    198.968     4.5726 2.3842e+03          0         24 0.0000e+00
   38.86907  -69.09459    11.4878   3.907174    34.5695     26.833     27.039    11.4517   3.888782    34.4225     2.5679 1.1352e+00     0.3260    92.1718      98.55    204.821     4.7071 2.3837e+03          0         27 0.0000e+00
   38.86908  -69.09460    11.8893   3.933715    34.4440     27.921     28.135    11.8002   3.924176    34.4358     2.7331 9.0546e-01     0.3224    92.2555      85.58    234.113     5.3793 2.3821e+03          0         88 0.0000e+00
   38.86908  -69.09460    11.5294   3.929843    34.7511     28.689     28.910    11.4100   3.923627    34.8027     2.7550 8.7458e-01     0.3182    92.3524      79.87    219.790     5.0517 2.3831e+03          0         67 0.0000e+00
   38.86908  -69.09460    11.1724   3.884601    34.6443     29.739     29.968    11.1655   3.886777    34.6706     2.0103 7.8855e-01     0.2481    93.9893      98.54    210.896     4.8472 2.3843e+03          1         30 0.0000e+00
   38.86908  -69.09460    11.1435   3.883356    34.6572     30.763     31.000    11.1640   3.871725    34.5201     1.3964 7.2695e-01     0.1723    95.7844      98.54    215.072     4.9433 2.3846e+03          1         24 0.0000e+00
   38.86908  -69.09461    11.1821   3.885342    34.6372     31.772     32.017    11.1958   3.878244    34.5521     1.0362 6.7455e-01     0.1333    96.7220      98.54    241.055     5.5404 2.3825e+03          1         28 0.0000e+00
   38.86908  -69.09462    11.2803   3.894738    34.6319     32.892     33.145    11.2896   3.893548    34.6103     1.0932 5.9992e-01     0.1166    97.1281      98.54    235.780     5.4190 2.3817e+03          1        134 0.0000e+00
   38.86908  -69.09462    11.2992   3.892034    34.5843     33.717     33.977    11.3179   3.892694    34.5725     1.0383 5.5685e-01     0.1552    96.1955      98.55    217.030     4.9879 2.3846e+03          1         25 0.0000e+00
   38.86908  -69.09462    11.3550   3.890845    34.5180     34.744     35.011    11.3627   3.891028    34.5122     0.7978 5.2567e-01     0.1013    97.5024      98.55    215.680     4.9566 2.3844e+03          1         19 0.0000e+00
   38.86908  -69.09462    11.4074   3.892859    34.4871     35.745     36.021    11.4292   3.893357    34.4709     0.6086 4.8863e-01     0.0654    98.3779      98.54    216.920     4.9849 2.3815e+03          1         17 0.0000e+00
   38.86908  -69.09462    11.4738   3.895525    34.4493     36.731     37.015    11.4997   3.896949    34.4384     0.4975 4.7401e-01     0.0510    98.7339      98.54    219.708     5.0488 2.3787e+03          1         21 0.0000e+00
   38.86910  -69.09465    11.5295   3.902440    34.4650     37.609     37.899    11.5295   3.902607    34.4665     0.5881 4.4640e-01     0.0579    98.5644      98.55    225.810     5.1890 2.3799e+03          1         92 0.0000e+00
   38.86910  -69.09464    11.6906   3.903602    34.3221     38.695     38.993    11.6132   3.903163    34.3917     0.7083 4.0452e-01     0.0658    98.3678      98.55    204.334     4.6948 2.3840e+03          1         15 0.0000e+00
   38.86910  -69.09464    11.8159   3.905603    34.2227     39.707     40.013    11.9152   3.910903    34.1803     0.5378 3.8972e-01     0.0509    98.7363      98.55    204.016     4.6871 2.3828e+03          1         14 0.0000e+00
   38.86910  -69.09464    11.9967   3.905941    34.0558     40.705     41.019    11.9397   3.918989    34.2367     0.4514 3.7460e-01     0.0385    99.0415      98.55    205.396     4.7180 2.3800e+03          1         16 0.0000e+00
   38.86910  -69.09464    12.1909   3.908411    33.8990     41.741     42.064    12.0321   3.913482    34.0970     0.3129 3.5790e-01     0.0314    99.2185      98.54    211.032     4.8468 2.3763e+03          1         25 0.0000e+00
   38.86911  -69.09466    12.1116   3.913716    34.0285     42.393     42.720    12.1616   3.918917    34.0312     0.3566 3.3187e-01     0.0279    99.3062      98.55    218.583     5.0207 2.3781e+03          1         52 0.0000e+00
   38.86911  -69.09469    12.1564   3.927227    34.1185     43.631     43.968    12.2282   3.927439    34.0539     0.3552 3.0350e-01     0.0252    99.3713      98.55    203.345     4.6710 2.3824e+03          1         17 0.0000e+00
   38.86910  -69.09468    12.2875   3.928938    34.0129     44.671     45.016    12.2740   3.926777    34.0054     0.2786 2.6449e-01     0.0211    99.4727      98.55    204.407     4.6949 2.3796e+03          1         20 0.0000e+00
   38.86910  -69.09468    12.3668   3.931425    33.9644     45.732     46.085    12.3366   3.931099    33.9901     0.2668 2.8413e-01     0.0196    99.5105      98.55    207.194     4.7587 2.3747e+03          1         34 0.0000e+00
   38.86911  -69.09470    12.3703   3.933271    33.9835     46.465     46.825    12.3948   3.932542    33.9540     0.2792 2.6162e-01     0.0194    99.5177      98.55    206.925     4.7526 2.3802e+03          1        128 0.0000e+00
   38.86912  -69.09472    12.4585   3.953413    34.0978     47.603     47.971    12.4498   3.946319    34.0381     0.2317 2.5052e-01     0.0167    99.5856      98.55    192.130     4.4131 2.3796e+03          1         27 0.0000e+00
   38.86912  -69.09472    12.4737   3.964250    34.1885     48.591     48.967    12.4730   3.965401    34.2006     0.2146 2.4148e-01     0.0148    99.6313      98.55    189.436     4.3515 2.3796e+03          1         22 0.0000e+00
   38.86912  -69.09472    12.5353   3.965483    34.1431     49.627     50.011    12.5192   3.982468    34.3219     0.2244 2.2939e-01     0.0145    99.6370      98.55    188.356     4.3265 2.3789e+03          1         25 0.0000e+00
   38.86912  -69.09472    12.5692   3.965872    34.1171     50.614     51.006    12.5777   4.021675    34.6456     0.2140 2.1516e-01     0.0138    99.6568      81.42    185.950     4.2711 2.3793e+03          1         94 0.0000e+00
   38.86912  -69.09472    12.6648   3.985684    34.2192     51.604     52.004    12.7530   4.047006    34.7242     0.1813 1.7563e-01     0.0129    99.6788      87.80    183.660     4.2187 2.3799e+03          1         30 0.0000e+00
   38.86912  -69.09472    12.8170   4.015216    34.3608     52.696     53.104    12.8514   4.076226    34.9125     0.1693 1.7838e-01     0.0098    99.7569      98.55    187.593     4.3094 2.3782e+03          1         54 0.0000e+00
   38.86913  -69.09473    12.8649   4.060615    34.7519     53.493     53.907    12.8720   4.086892    34.9972     0.1645 1.8391e-01     0.0080    99.7993      98.55    203.854     4.6843 2.3797e+03          1         51 0.0000e+00
   38.86914  -69.09474    12.9687   4.082393    34.8628     54.531     54.954    12.9975   4.100634    35.0100     0.1500 1.6598e-01     0.0077    99.8073      98.55    227.850     5.2360 2.3798e+03          1         30 0.0000e+00
   38.86914  -69.09474    13.0631   4.102816    34.9691     55.588     56.019    13.0627   4.115858    35.0943     0.1468 1.6394e-01     0.0066    99.8339      98.55    236.728     5.4404 2.3791e+03          1         30 0.0000e+00
   38.86914  -69.09475    13.0711   4.113701    35.0676     56.703     57.143    13.0813   4.120890    35.1268     0.1370 1.5477e-01     0.0113    99.7181      98.55    228.540     5.2526 2.3777e+03          1         92 0.0000e+00
   38.86914  -69.09476    13.2260   4.133591    35.1115     57.461     57.907    13.2361   4.139823    35.1615     0.1443 1.4784e-01     0.0048    99.8810      98.55    222.028     5.1029 2.3790e+03          1         47 0.0000e+00
   38.86914  -69.09476    13.3776   4.159164    35.2113     58.516     58.970    13.3780   4.161808    35.2362     0.0897 1.4131e-01     0.0127    99.6823      98.55    221.431     5.0894 2.3802e+03          1         25 0.0000e+00
   38.86914  -69.09476    13.3871   4.162272    35.2327     59.534     59.996    13.3881   4.163536    35.2440     0.0774 1.3507e-01     0.0158    99.6052      98.54    224.647     5.1634 2.3810e+03          1         25 0.0000e+00
   38.86914  -69.09476    13.3832   4.162395    35.2390     60.688     61.160    13.3865   4.163622    35.2478     0.0978 1.2726e-01     0.0127    99.6827      98.55    227.152     5.2210 2.3778e+03          1         60 0.0000e+00
   38.86916  -69.09479    13.3912   4.163265    35.2418     61.378     61.855    13.3935   4.164394    35.2506     0.0896 1.2238e-01     0.0019    99.9536      98.55    224.986     5.1713 2.3783e+03          1         59 0.0000e+00
   38.86916  -69.09480    13.4142   4.166581    35.2521     62.538     63.024    13.4119   4.166924    35.2577     0.0931 1.1508e-01     0.0156    99.6120      98.55    225.655     5.1867 2.3809e+03          1         31 0.0000e+00
   38.86916  -69.09480    13.4398   4.169494    35.2555     63.550     64.044    13.4456   4.170664    35.2613     0.0940 1.0914e-01     0.0148    99.6297      98.55    226.092     5.1967 2.3796e+03          1         37 0.0000e+00
   38.86916  -69.09480    13.6028   4.191382    35.3082     64.514     65.016    13.6121   4.193517    35.3196     0.0981 1.0232e-01     0.0057    99.8569      98.55    224.780     5.1666 2.3773e+03          1         57 0.0000e+00
   38.86916  -69.09480    13.6702   4.201407    35.3401     65.452     65.961    13.6712   4.202244    35.3472     0.0831 9.4728e-02     0.0030    99.9254      98.55    224.811     5.1673 2.3777e+03          1         42 0.0000e+00
   38.86916  -69.09481    13.6828   4.203399    35.3480     66.516     67.033    13.6829   4.202861    35.3430     0.0666 8.0404e-02     0.0035    99.9123      98.55    224.616     5.1629 2.3812e+03          1         48 0.0000e+00
   38.86916  -69.09482    13.6966   4.205450    35.3552     67.438     67.963    13.6982   4.205949    35.3584     0.0841 8.4293e-02     0.0045    99.8889      98.55    225.061     5.1731 2.3804e+03          1         49 0.0000e+00
   38.86916  -69.09482    13.7190   4.208684    35.3649     68.497     69.030    13.7209   4.209103    35.3671     0.0777 8.5306e-02     0.0055    99.8631      98.55    225.202     5.1764 2.3763e+03          1         42 0.0000e+00
   38.86916  -69.09482    13.7354   4.211000    35.3719     69.440     69.981    13.7323   4.210299    35.3682     0.0823 8.1940e-02     0.0018    99.9550      84.86    226.500     5.2062 2.3808e+03          1         68 0.0000e+00
