Data/ruptures/KN207-01/QL-1/20701038.cnv
* Sea-Bird SBE 9 Data File:
* FileName = C:\Data\ctd\20701038.hex
* Software Version Seasave V 7.21e
* Temperature SN = 4406
* Conductivity SN = 1474
* Number of Bytes Per Scan = 40
* Number of Voltage Words = 5
* Number of Scans Averaged by the Deck Unit = 1
* NMEA Latitude = 38 48.13 N
* NMEA Longitude = 069 08.19 W
* NMEA UTC (Time) = Apr 26 2012 14:08:12
** R/V Knorr Cruise # KN207-01 QL1
** Chief Scientist: Ben Van Mooy
# nquan = 21
# nvalues = 398                         
# units = specified
# name 0 = latitude: Latitude [deg]
# name 1 = longitude: Longitude [deg]
# name 2 = t090C: Temperature [ITS-90, deg C]
# name 3 = c0S/m: Conductivity [S/m]
# name 4 = sal00: Salinity, Practical [PSU]
# name 5 = depSM: Depth [salt water, m]
# name 6 = prDM: Pressure, Digiquartz [db]
# name 7 = t190C: Temperature, 2 [ITS-90, deg C]
# name 8 = c1S/m: Conductivity, 2 [S/m]
# name 9 = sal11: Salinity, Practical, 2 [PSU]
# name 10 = flECO-AFL: Fluorescence, WET Labs ECO-AFL/FL [mg/m^3]
# name 11 = par: PAR/Irradiance, Biospherical/Licor
# name 12 = bat: Beam Attenuation, Chelsea/Seatech [1/m]
# name 13 = xmiss: Beam Transmission, Chelsea/Seatech [%]
# name 14 = altM: Altimeter [m]
# name 15 = sbeox0Mm/Kg: Oxygen, SBE 43 [umol/kg]
# name 16 = sbeox0ML/L: Oxygen, SBE 43 [ml/l]
# name 17 = spar: SPAR/Surface Irradiance
# name 18 = pumps: Pump Status
# name 19 = nbin: number of scans per bin
# name 20 = flag: flag
# span 0 =   38.80214,   38.80234       
# span 1 =  -69.13814,  -69.13663       
# span 2 =    11.3166,    14.6868       
# span 3 =   3.863791,   4.352981       
# span 4 =    33.8116,    35.8267       
# span 5 =      3.029,    199.884       
# span 6 =      3.052,    201.504       
# span 7 =    11.3029,    14.6867       
# span 8 =   3.863937,   4.353045       
# span 9 =    33.8020,    35.8296       
# span 10 =    -0.0040,     2.9769      
# span 11 = 1.0000e-12, 1.2187e+01      
# span 12 =    -0.0143,     0.3197      
# span 13 =    92.3190,   100.3579      
# span 14 =       6.64,      98.63      
# span 15 =    144.971,    436.462      
# span 16 =     3.3332,    10.0247      
# span 17 = 2.1342e+03, 2.6114e+03      
# span 18 =          1,          1      
# span 19 =          1,        617      
# span 20 = 0.0000e+00, 0.0000e+00      
# interval = decibars: 1                
# start_time = Apr 26 2012 14:08:12 [NMEA time, header]
# bad_flag = -9.990e-29
*END*
[from data line 138]
   38.80232  -69.13706    14.6195   4.339138    35.7198    140.883    142.004    14.6188   4.338843    35.7177     0.0285 1.0000e-12    -0.0122   100.3043      98.55    209.810     4.8230 2.2555e+03          1         24 0.0000e+00
   38.80232  -69.13706    14.6226   4.339577    35.7209    141.910    143.039    14.6223   4.339624    35.7215     0.0383 1.0000e-12    -0.0130   100.3252      98.55    208.730     4.7982 2.2521e+03          1         32 0.0000e+00
   38.80232  -69.13706    14.6255   4.340144    35.7233    142.836    143.974    14.6251   4.340152    35.7237     0.0187 2.1326e-06    -0.0127   100.3167      98.54    206.447     4.7457 2.2548e+03          1         29 0.0000e+00
   38.80232  -69.13706    14.6288   4.340811    35.7261    143.835    144.981    14.6287   4.340788    35.7260     0.0352 1.0000e-12    -0.0125   100.3129      98.55    205.406     4.7218 2.2747e+03          1         21 0.0000e+00
   38.80232  -69.13706    14.6407   4.342678    35.7318    144.829    145.983    14.6402   4.342457    35.7303     0.0552 1.0000e-12    -0.0124   100.3100      98.54    205.171     4.7164 2.2833e+03          1         18 0.0000e+00
   38.80232  -69.13706    14.6581   4.345373    35.7400    145.852    147.015    14.6575   4.345154    35.7385     0.0500 1.0000e-12    -0.0119   100.2979      98.54    204.914     4.7105 2.2788e+03          1         20 0.0000e+00
   38.80232  -69.13706    14.6778   4.348614    35.7510    146.866    148.037    14.6771   4.348317    35.7489     0.0459 1.0000e-12    -0.0111   100.2786      98.54    204.838     4.7087 2.2680e+03          1         23 0.0000e+00
   38.80232  -69.13706    14.6817   4.349488    35.7553    147.837    149.016    14.6812   4.349542    35.7562     0.0388 1.0000e-12    -0.0115   100.2874      98.54    204.067     4.6910 2.2636e+03          1         32 0.0000e+00
   38.80232  -69.13706    14.6777   4.349053    35.7550    148.750    149.937    14.6776   4.349169    35.7562     0.0237 1.0000e-12    -0.0118   100.2942      98.54    201.482     4.6316 2.2529e+03          1         28 0.0000e+00
   38.80232  -69.13707    14.6747   4.348850    35.7558    149.778    150.973    14.6744   4.348885    35.7563    -0.0005 1.0000e-12    -0.0122   100.3043      98.55    199.375     4.5832 2.2447e+03          1         22 0.0000e+00
   38.80232  -69.13708    14.6824   4.350733    35.7656    150.825    152.028    14.6821   4.350528    35.7639     0.0182 1.0000e-12    -0.0119   100.2986      98.54    199.079     4.5764 2.2490e+03          1         18 0.0000e+00
   38.80232  -69.13708    14.6841   4.351622    35.7719    151.812    153.024    14.6839   4.351678    35.7726     0.0344 1.0000e-12    -0.0121   100.3014      98.54    199.557     4.5874 2.2579e+03          1         18 0.0000e+00
   38.80232  -69.13708    14.6858   4.352056    35.7739    152.810    154.031    14.6857   4.352096    35.7744     0.0441 1.0000e-12    -0.0125   100.3116      98.54    199.329     4.5822 2.2686e+03          1         28 0.0000e+00
   38.80232  -69.13708    14.6863   4.352347    35.7760    153.738    154.967    14.6861   4.352417    35.7768     0.0345 1.0000e-12    -0.0130   100.3247      98.54    196.739     4.5226 2.2912e+03          1         39 0.0000e+00
   38.80232  -69.13708    14.6868   4.352666    35.7782    154.733    155.969    14.6867   4.352711    35.7787     0.0359 1.0000e-12    -0.0131   100.3276      98.54    194.770     4.4774 2.2983e+03          1         21 0.0000e+00
   38.80232  -69.13708    14.6861   4.352826    35.7800    155.741    156.986    14.6859   4.352881    35.7806     0.0237 1.0000e-12    -0.0129   100.3236      98.54    194.381     4.4685 2.2926e+03          1         16 0.0000e+00
   38.80232  -69.13708    14.6862   4.352981    35.7809    156.763    158.016    14.6861   4.353045    35.7816     0.0251 1.0000e-12    -0.0127   100.3179      98.54    194.048     4.4608 2.2910e+03          1         17 0.0000e+00
   38.80232  -69.13708    14.6748   4.351777    35.7803    157.791    159.053    14.6753   4.352216    35.7839     0.0303 1.0000e-12    -0.0125   100.3120      98.54    193.515     4.4486 2.3017e+03          1         20 0.0000e+00
   38.80232  -69.13708    14.6498   4.349337    35.7810    158.796    160.067    14.6507   4.349599    35.7827     0.0334 1.0000e-12    -0.0122   100.3036      98.54    192.526     4.4258 2.3097e+03          1         37 0.0000e+00
   38.80232  -69.13708    14.6223   4.346532    35.7808    159.677    160.955    14.6226   4.346897    35.7839     0.0250 1.0000e-12    -0.0121   100.3035      98.54    189.301     4.3517 2.3012e+03          1         31 0.0000e+00
   38.80232  -69.13708    14.5910   4.343403    35.7810    160.675    161.962    14.5911   4.343788    35.7844     0.0284 1.0000e-12    -0.0127   100.3171      98.55    185.484     4.2640 2.3045e+03          1         20 0.0000e+00
   38.80232  -69.13708    14.5641   4.340572    35.7797    161.693    162.988    14.5646   4.341077    35.7840     0.0290 1.0000e-12    -0.0108   100.2718      98.54    183.796     4.2252 2.3127e+03          1         19 0.0000e+00
   38.80232  -69.13708    14.5345   4.337571    35.7794    162.719    164.023    14.5357   4.337989    35.7822     0.0255 1.0000e-12    -0.0120   100.3006      98.54    182.181     4.1881 2.3222e+03          1         21 0.0000e+00
   38.80232  -69.13708    14.5285   4.337392    35.7827    163.713    165.025    14.5285   4.337472    35.7835     0.0272 1.0000e-12    -0.0119   100.2964      98.53    179.319     4.1223 2.3349e+03          1         26 0.0000e+00
   38.80232  -69.13709    14.5263   4.338040    35.7900    164.652    165.972    14.5263   4.338152    35.7910     0.0427 1.0000e-12    -0.0119   100.2963      98.54    175.623     4.0374 2.3513e+03          1         29 0.0000e+00
   38.80232  -69.13710    14.5210   4.337639    35.7906    165.644    166.973    14.5207   4.337753    35.7919     0.0325 1.0000e-12    -0.0122   100.3054      98.54    173.584     3.9905 2.3664e+03          1         23 0.0000e+00
   38.80232  -69.13710    14.5048   4.336168    35.7917    166.658    167.995    14.5047   4.336527    35.7952     0.0206 1.0000e-12    -0.0119   100.2972      98.54    172.903     3.9749 2.3692e+03          1         18 0.0000e+00
   38.80232  -69.13710    14.4860   4.335090    35.7990    167.647    168.992    14.4860   4.335232    35.8003     0.0227 1.0000e-12    -0.0124   100.3100      98.54    172.435     3.9642 2.3654e+03          1         18 0.0000e+00
   38.80232  -69.13710    14.4799   4.334724    35.8007    168.664    170.018    14.4802   4.334866    35.8017     0.0361 1.0000e-12    -0.0124   100.3101      98.55    171.914     3.9522 2.3575e+03          1         22 0.0000e+00
   38.80232  -69.13710    14.4806   4.335215    35.8039    169.653    171.015    14.4807   4.335329    35.8047     0.0177 1.0000e-12    -0.0123   100.3067      98.54    169.911     3.9062 2.3459e+03          1         32 0.0000e+00
   38.80232  -69.13710    14.4688   4.335145    35.8136    170.570    171.940    14.4692   4.335410    35.8158     0.0204 1.0000e-12    -0.0112   100.2802      98.54    167.731     3.8561 2.3527e+03          1         33 0.0000e+00
   38.80232  -69.13710    14.4437   4.333419    35.8208    171.574    172.953    14.4433   4.333564    35.8225     0.0203 1.0000e-12    -0.0130   100.3251      98.55    167.220     3.8444 2.3660e+03          1         21 0.0000e+00
   38.80232  -69.13710    14.4299   4.332330    35.8231    172.603    173.990    14.4299   4.332479    35.8245     0.0211 1.0000e-12    -0.0126   100.3146      98.54    166.107     3.8188 2.3732e+03          1         20 0.0000e+00
   38.80232  -69.13710    14.4235   4.331823    35.8238    173.616    175.012    14.4248   4.332120    35.8253     0.0224 1.0000e-12    -0.0133   100.3324      98.55    162.944     3.7461 2.3796e+03          1         21 0.0000e+00
   38.80232  -69.13710    14.4136   4.330987    35.8248    174.586    175.990    14.4138   4.331178    35.8264     0.0200 1.0000e-12    -0.0128   100.3193      98.55    159.492     3.6668 2.3812e+03          1         24 0.0000e+00
   38.80232  -69.13712    14.4097   4.330674    35.8249    175.555    176.967    14.4094   4.330773    35.8261     0.0199 1.0000e-12    -0.0129   100.3220      98.54    157.709     3.6258 2.3863e+03          1         29 0.0000e+00
   38.80232  -69.13712    14.4061   4.330381    35.8249    176.546    177.966    14.4052   4.330453    35.8264     0.0293 1.0000e-12    -0.0133   100.3322      98.54    156.842     3.6058 2.4028e+03          1         23 0.0000e+00
   38.80232  -69.13712    14.4026   4.330170    35.8256    177.543    178.972    14.4025   4.330253    35.8265     0.0269 1.0000e-12    -0.0124   100.3104      98.54    156.192     3.5909 2.4162e+03          1         21 0.0000e+00
   38.80232  -69.13712    14.4039   4.330399    35.8259    178.580    180.018    14.4037   4.330489    35.8270     0.0156 1.0000e-12    -0.0132   100.3300      98.55    156.151     3.5900 2.4198e+03          1         20 0.0000e+00
   38.80232  -69.13712    14.4025   4.330360    35.8263    179.596    181.042    14.4024   4.330503    35.8276     0.0277 1.0000e-12    -0.0132   100.3300      98.55    155.996     3.5864 2.4215e+03          1         23 0.0000e+00
   38.80232  -69.13710    14.3929   4.329483    35.8267    180.534    181.988    14.3927   4.329740    35.8293     0.0271 1.0000e-12    -0.0123   100.3072      98.54    156.031     3.5872 2.4284e+03          1         27 0.0000e+00
   38.80232  -69.13710    14.3369   4.323653    35.8252    181.492    182.955    14.3369   4.324121    35.8296     0.0241 1.0000e-12    -0.0127   100.3176      98.54    156.061     3.5879 2.4418e+03          1         31 0.0000e+00
   38.80232  -69.13710    14.3007   4.319763    35.8228    182.519    183.990    14.3009   4.320143    35.8262     0.0304 1.0000e-12    -0.0134   100.3364      98.55    155.120     3.5663 2.4513e+03          1         24 0.0000e+00
   38.80232  -69.13710    14.2611   4.315284    35.8181    183.547    185.027    14.2615   4.316037    35.8247     0.0167 1.0000e-12    -0.0134   100.3351      98.55    153.660     3.5328 2.4537e+03          1         20 0.0000e+00
   38.80232  -69.13710    14.2117   4.309976    35.8150    184.539    186.027    14.2125   4.310590    35.8200     0.0222 1.0000e-12    -0.0131   100.3274      98.55    152.174     3.4986 2.4563e+03          1         20 0.0000e+00
   38.80232  -69.13712    14.1847   4.307061    35.8127    185.505    187.001    14.1856   4.307448    35.8155     0.0349 1.0000e-12    -0.0134   100.3361      98.54    151.085     3.4736 2.4586e+03          1         21 0.0000e+00
   38.80232  -69.13712    14.1794   4.306522    35.8116    186.499    188.004    14.1795   4.306694    35.8132     0.0265 1.0000e-12    -0.0140   100.3504      98.55    150.319     3.4560 2.4635e+03          1         29 0.0000e+00
   38.80232  -69.13712    14.1749   4.306058    35.8106    187.500    189.014    14.1749   4.306207    35.8120     0.0119 1.0000e-12    -0.0135   100.3373      98.55    149.400     3.4349 2.4692e+03          1         28 0.0000e+00
   38.80232  -69.13712    14.1667   4.305148    35.8089    188.486    190.008    14.1656   4.305274    35.8112     0.0382 1.0000e-12    -0.0129   100.3214      98.54    149.524     3.4377 2.4779e+03          1         27 0.0000e+00
   38.80232  -69.13712    14.1482   4.303079    35.8064    189.447    190.978    14.1483   4.303402    35.8093     0.0261 1.0000e-12    -0.0132   100.3290      98.54    149.822     3.4446 2.4835e+03          1         25 0.0000e+00
   38.80232  -69.13712    14.1054   4.298159    35.8006    190.451    191.989    14.1083   4.299139    35.8069     0.0207 1.0000e-12    -0.0135   100.3367      98.55    149.689     3.4415 2.4870e+03          1         23 0.0000e+00
   38.80232  -69.13712    14.0512   4.292024    35.7940    191.507    193.055    14.0521   4.292762    35.8000     0.0132 1.0000e-12    -0.0134   100.3355      98.55    149.574     3.4389 2.4790e+03          1         28 0.0000e+00
   38.80232  -69.13712    13.9991   4.286236    35.7883    192.503    194.060    13.9992   4.286553    35.7912     0.0251 1.0000e-12    -0.0090   100.2259      98.55    148.897     3.4234 2.4763e+03          1         40 0.0000e+00
   38.80232  -69.13713    13.9743   4.283604    35.7857    193.432    194.996    13.9745   4.283866    35.7880     0.0240 1.0000e-12    -0.0135   100.3389      98.55    148.323     3.4102 2.4761e+03          1         58 0.0000e+00
   38.80232  -69.13714    13.9005   4.275227    35.7761    194.441    196.014    13.9014   4.275868    35.7812     0.0170 1.0000e-12    -0.0133   100.3314      98.55    148.023     3.4033 2.4815e+03          1         55 0.0000e+00
   38.80232  -69.13714    13.8351   4.267798    35.7666    195.414    196.996    13.8372   4.268329    35.7696     0.0349 1.0000e-12    -0.0130   100.3261      98.55    147.097     3.3820 2.4820e+03          1         86 0.0000e+00
   38.80232  -69.13714    13.7669   4.259907    35.7558    196.403    197.993    13.7676   4.260331    35.7591     0.0268 1.0000e-12    -0.0136   100.3405      98.55    146.833     3.3760 2.4916e+03          1         44 0.0000e+00
   38.80232  -69.13716    13.7225   4.255030    35.7500    197.507    199.106    13.7453   4.257815    35.7544     0.0247 1.0000e-12    -0.0123   100.3065      98.55    145.522     3.3459 2.4989e+03          1        118 0.0000e+00
   38.80232  -69.13718    13.7131   4.254126    35.7483    198.369    199.975    13.7141   4.254406    35.7502     0.0322 1.0000e-12    -0.0131   100.3273      98.55    144.977     3.3333 2.5115e+03          1        103 0.0000e+00
   38.80232  -69.13718    13.7502   4.258316    35.7507    199.228    200.842    13.7424   4.257790    35.7535     0.0342 1.0000e-12    -0.0131   100.3265      98.55    145.218     3.3389 2.5096e+03          1        255 0.0000e+00
   38.80232  -69.13720    13.7104   4.254101    35.7491    199.884    201.504    13.7105   4.254146    35.7494     0.0108 1.0000e-12    -0.0142   100.3557      98.55    145.348     3.3419 2.5184e+03          1          1 0.0000e+00
   38.80232  -69.13721    13.7593   4.259473    35.7527    199.600    201.217    13.7746   4.261186    35.7544     0.0235 1.0000e-12    -0.0134   100.3342      98.55    145.256     3.3397 2.5243e+03          1        418 0.0000e+00
   38.80232  -69.13722    13.8448   4.269014    35.7613    198.307    199.913    13.8276   4.267258    35.7615     0.0250 1.0000e-12    -0.0131   100.3272      98.56    145.531     3.3460 2.5478e+03          1         46 0.0000e+00
   38.80232  -69.13722    13.8153   4.265734    35.7596    197.552    199.151    13.8049   4.264700    35.7599     0.0258 1.0000e-12    -0.0134   100.3346      98.55    146.026     3.3574 2.5542e+03          1         78 0.0000e+00
   38.80232  -69.13724    13.7669   4.260112    35.7538    196.412    198.002    13.7542   4.258998    35.7554     0.0195 1.0000e-12    -0.0130   100.3240      98.55    145.682     3.3495 2.5485e+03          1         34 0.0000e+00
   38.80232  -69.13724    13.7668   4.259988    35.7530    195.408    196.990    13.7562   4.258760    35.7515     0.0380 1.0000e-12    -0.0129   100.3217      98.55    145.431     3.3438 2.5503e+03          1         34 0.0000e+00
   38.80232  -69.13724    13.7893   4.262429    35.7547    194.400    195.973    13.8083   4.264333    35.7543     0.0296 1.0000e-12    -0.0138   100.3460      98.55    144.971     3.3332 2.5546e+03          1         37 0.0000e+00
   38.80232  -69.13724    13.8432   4.268569    35.7611    193.480    195.045    13.8472   4.268743    35.7590     0.0288 1.0000e-12    -0.0133   100.3337      98.55    145.192     3.3382 2.5565e+03          1         35 0.0000e+00
