Data/ruptures/KN207-01/QL-1/20701012.cnv
* Sea-Bird SBE 9 Data File:
* FileName = C:\Data\ctd\20701012.hex
* Software Version Seasave V 7.21e
* Temperature SN = 4406
* Conductivity SN = 1474
* Number of Bytes Per Scan = 40
* Number of Voltage Words = 5
* Number of Scans Averaged by the Deck Unit = 1
* NMEA Latitude = 38 59.81 N
* NMEA Longitude = 068 59.49 W
* NMEA UTC (Time) = Apr 23 2012 10:09:44
** R/V Knorr Cruise # KN207-01 QL1
** Chief Scientist: Ben Van Mooy
# nquan = 21
# nvalues = 397                         
# units = specified
# name 0 = latitude: Latitude [deg]
# name 1 = longitude: Longitude [deg]
# name 2 = t090C: Temperature [ITS-90, deg C]
# name 3 = c0S/m: Conductivity [S/m]
# name 4 = sal00: Salinity, Practical [PSU]
# name 5 = depSM: Depth [salt water, m]
# name 6 = prDM: Pressure, Digiquartz [db]
# name 7 = t190C: Temperature, 2 [ITS-90, deg C]
# name 8 = c1S/m: Conductivity, 2 [S/m]
# name 9 = sal11: Salinity, Practical, 2 [PSU]
# name 10 = flECO-AFL: Fluorescence, WET Labs ECO-AFL/FL [mg/m^3]
# name 11 = par: PAR/Irradiance, Biospherical/Licor
# name 12 = bat: Beam Attenuation, Chelsea/Seatech [1/m]
# name 13 = xmiss: Beam Transmission, Chelsea/Seatech [%]
# name 14 = altM: Altimeter [m]
# name 15 = sbeox0Mm/Kg: Oxygen, SBE 43 [umol/kg]
# name 16 = sbeox0ML/L: Oxygen, SBE 43 [ml/l]
# name 17 = spar: SPAR/Surface Irradiance
# name 18 = pumps: Pump Status
# name 19 = nbin: number of scans per bin
# name 20 = flag: flag
# span 0 =   38.99643,   38.99728       
# span 1 =  -68.99168,  -68.98643       
# span 2 =    11.2258,    14.6834       
# span 3 =   3.873614,   4.355958       
# span 4 =    33.7981,    35.8244       
# span 5 =      2.109,    198.986       
# span 6 =      2.125,    200.601       
# span 7 =    11.2261,    14.6807       
# span 8 =   3.873601,   4.355911       
# span 9 =    33.8469,    35.8258       
# span 10 =     0.0023,     2.6992      
# span 11 = 1.0000e-12, 5.2590e-01      
# span 12 =    -0.0153,     0.3049      
# span 13 =    92.6615,   100.3847      
# span 14 =       1.80,      98.77      
# span 15 =    140.148,    401.248      
# span 16 =     3.2224,     9.2158      
# span 17 = 1.7159e+01, 2.7531e+01      
# span 18 =          0,          1      
# span 19 =          8,        321      
# span 20 = 0.0000e+00, 0.0000e+00      
# interval = decibars: 1                
# start_time = Apr 23 2012 10:09:44 [NMEA time, header]
# bad_flag = -9.990e-29
*END*
[from data line 276]
   38.99655  -68.98822    14.5233   4.322710    35.6679    121.018    121.978    14.5239   4.322969    35.6698     0.0390 2.0642e-05    -0.0121   100.3019      98.67    207.717     4.7748 1.8902e+01          1         76 0.0000e+00
   38.99660  -68.98820    14.5175   4.321225    35.6597    120.024    120.976    14.5191   4.321616    35.6619     0.0357 5.0221e-05    -0.0114   100.2863      98.67    210.958     4.8492 1.8960e+01          1         10 0.0000e+00
   38.99660  -68.98820    14.5174   4.321263    35.6606    119.042    119.986    14.5184   4.321560    35.6623     0.0343 1.0000e-12    -0.0117   100.2914      98.66    211.158     4.8538 1.8514e+01          1         10 0.0000e+00
   38.99660  -68.98820    14.5158   4.321003    35.6601    118.072    119.007    14.5172   4.321399    35.6624     0.0216 1.0000e-12    -0.0113   100.2837      98.66    211.524     4.8623 1.9035e+01          1         15 0.0000e+00
   38.99660  -68.98820    14.5032   4.319019    35.6540    117.034    117.961    14.5117   4.320504    35.6598     0.0224 1.0000e-12    -0.0117   100.2933      98.67    212.292     4.8799 1.8695e+01          1         21 0.0000e+00
   38.99661  -68.98818    14.4713   4.314268    35.6404    115.982    116.900    14.4792   4.315774    35.6469     0.0343 1.0000e-12    -0.0116   100.2892      98.67    213.101     4.8985 1.9196e+01          1        104 0.0000e+00
   38.99666  -68.98818    14.4101   4.305207    35.6140    115.088    115.999    14.4174   4.306759    35.6215     0.0335 1.0000e-12    -0.0107   100.2693      98.66    213.900     4.9168 1.9265e+01          1         11 0.0000e+00
   38.99666  -68.98818    14.3982   4.303574    35.6104    114.118    115.021    14.4044   4.304777    35.6158     0.0385 9.0657e-07    -0.0103   100.2586      98.67    213.875     4.9162 1.9084e+01          1          9 0.0000e+00
   38.99666  -68.98818    14.3900   4.302394    35.6075    113.140    114.035    14.3971   4.303789    35.6138     0.0355 1.0000e-12    -0.0106   100.2669      98.66    214.077     4.9209 1.8656e+01          1         11 0.0000e+00
   38.99666  -68.98818    14.3792   4.300847    35.6037    112.069    112.955    14.3846   4.302146    35.6108     0.0364 1.0000e-12    -0.0108   100.2700      98.70    214.737     4.9361 1.8960e+01          1         12 0.0000e+00
   38.99666  -68.98818    14.3648   4.298822    35.5988    111.112    111.990    14.3642   4.299400    35.6048     0.0249 1.0000e-12    -0.0101   100.2529      98.67    215.906     4.9629 1.8589e+01          1         12 0.0000e+00
   38.99666  -68.98818    14.3347   4.294700    35.5893    110.117    110.987    14.3379   4.295778    35.5963     0.0070 1.0000e-12    -0.0097   100.2421      98.66    217.462     4.9987 1.8667e+01          1         19 0.0000e+00
   38.99668  -68.98814    14.3134   4.291863    35.5822    109.098    109.960    14.3151   4.292286    35.5845     0.0335 1.0000e-12    -0.0096   100.2390      98.67    218.378     5.0197 1.8960e+01          1        142 0.0000e+00
   38.99670  -68.98812    14.2952   4.289380    35.5753    108.234    109.089    14.2958   4.289580    35.5766     0.0493 1.0000e-12    -0.0103   100.2584      98.67    219.052     5.0352 1.9359e+01          1         28 0.0000e+00
   38.99670  -68.98812    14.2902   4.288567    35.5728    107.170    108.016    14.2914   4.289039    35.5760     0.0360 1.0000e-12    -0.0098   100.2449      98.66    218.649     5.0259 1.8821e+01          1         16 0.0000e+00
   38.99670  -68.98812    14.2370   4.280895    35.5523    106.155    106.992    14.2513   4.284257    35.5700     0.0346 1.0000e-12    -0.0095   100.2379      98.67    218.693     5.0270 1.8960e+01          1         12 0.0000e+00
   38.99670  -68.98812    14.2065   4.276846    35.5437    105.186    106.016    14.2190   4.279203    35.5538     0.0358 1.0000e-12    -0.0095   100.2379      98.67    218.900     5.0317 1.9704e+01          1         12 0.0000e+00
   38.99672  -68.98812    14.1967   4.275418    35.5399    104.139    104.960    14.2032   4.277140    35.5499     0.0441 1.0000e-12    -0.0093   100.2312      98.67    218.662     5.0262 1.8875e+01          1         13 0.0000e+00
   38.99672  -68.98812    14.1434   4.267634    35.5182    103.137    103.949    14.1594   4.271002    35.5345     0.0517 1.0000e-12    -0.0086   100.2143      98.67    218.849     5.0305 1.8801e+01          1         14 0.0000e+00
   38.99672  -68.98812    14.1162   4.264179    35.5107    102.180    102.985    14.1188   4.264960    35.5156     0.0363 1.0000e-12    -0.0082   100.2049      98.67    219.801     5.0524 1.9260e+01          1         82 0.0000e+00
   38.99674  -68.98810    14.0736   4.258376    35.4953    101.212    102.009    14.0745   4.258894    35.4994     0.0432 1.0000e-12    -0.0080   100.1985      98.67    220.619     5.0712 1.8370e+01          1         17 0.0000e+00
   38.99674  -68.98810    14.0634   4.257054    35.4929    100.196    100.986    14.0653   4.257435    35.4946     0.0324 1.0000e-12    -0.0059   100.1462      98.68    220.827     5.0760 1.9072e+01          1         20 0.0000e+00
   38.99675  -68.98811    14.0454   4.254478    35.4859     99.210     99.990    14.0543   4.256295    35.4946     0.0753 1.0000e-12    -0.0063   100.1565      98.67    220.775     5.0747 1.9407e+01          1         20 0.0000e+00
   38.99676  -68.98814    13.9866   4.246735    35.4695     98.212     98.985    13.9913   4.248150    35.4783     0.0594 1.0000e-12    -0.0068   100.1704      98.67    221.144     5.0832 1.9146e+01          1         24 0.0000e+00
   38.99676  -68.98814    13.9541   4.242169    35.4574     97.125     97.889    13.9528   4.242465    35.4614     0.0409 1.0000e-12    -0.0077   100.1916      98.67    221.627     5.0943 1.9504e+01          1         39 0.0000e+00
   38.99676  -68.98812    13.8566   4.229133    35.4268     96.450     97.209    13.8731   4.231568    35.4340     0.0383 1.0000e-12    -0.0070   100.1750      98.67    222.816     5.1216 1.9474e+01          1         63 0.0000e+00
   38.99678  -68.98806    13.8096   4.222873    35.4118     95.189     95.937    13.8238   4.225341    35.4217     0.0405 1.0000e-12    -0.0070   100.1744      98.67    222.815     5.1216 1.9352e+01          1         37 0.0000e+00
   38.99679  -68.98807    13.7576   4.215772    35.3933     94.444     95.187    13.7613   4.216762    35.3992     0.0592 1.0000e-12    -0.0056   100.1398      98.67    223.419     5.1355 1.9462e+01          1         80 0.0000e+00
   38.99682  -68.98812    13.6839   4.205585    35.3664     93.259     93.992    13.6827   4.205818    35.3699     0.0625 1.0000e-12    -0.0070   100.1752      98.67    223.328     5.1333 1.9477e+01          1         41 0.0000e+00
   38.99682  -68.98812    13.6648   4.202906    35.3588     92.331     93.056    13.6692   4.203958    35.3647     0.0475 1.0000e-12    -0.0066   100.1653      98.67    223.878     5.1460 1.9415e+01          1         27 0.0000e+00
   38.99682  -68.98812    13.6359   4.198986    35.3492     91.355     92.072    13.6384   4.199802    35.3547     0.0506 1.0000e-12    -0.0058   100.1447      98.67    224.844     5.1682 1.9841e+01          1         19 0.0000e+00
   38.99682  -68.98812    13.5577   4.188152    35.3215     90.323     91.033    13.5613   4.190693    35.3422     0.0475 1.0000e-12    -0.0054   100.1350      98.68    225.578     5.1850 2.0076e+01          1         17 0.0000e+00
   38.99682  -68.98805    13.5124   4.182273    35.3089     89.274     89.975    13.5160   4.183025    35.3127     0.0436 1.0000e-12    -0.0048   100.1190      98.67    225.348     5.1797 1.9371e+01          1         19 0.0000e+00
   38.99684  -68.98806    13.4955   4.180126    35.3023     88.107     88.798    13.4965   4.180388    35.3039     0.0464 1.0000e-12    -0.0046   100.1162      98.68    227.359     5.2259 1.9784e+01          1        176 0.0000e+00
   38.99686  -68.98808    13.4955   4.180079    35.3001     87.347     88.032    13.4973   4.180326    35.3008     0.0580 1.0000e-12    -0.0034   100.0859      98.68    227.900     5.2384 1.9518e+01          1         16 0.0000e+00
   38.99686  -68.98808    13.4952   4.180037    35.3003     86.300     86.977    13.4971   4.180316    35.3012     0.0518 1.0000e-12    -0.0034   100.0858      98.68    227.885     5.2380 1.9890e+01          1         12 0.0000e+00
   38.99686  -68.98808    13.4972   4.180251    35.3007     85.341     86.010    13.4978   4.180397    35.3016     0.0526 8.1591e-07    -0.0050   100.1244      98.67    227.820     5.2365 1.9630e+01          1         10 0.0000e+00
   38.99686  -68.98807    13.4953   4.179967    35.3002     84.321     84.982    13.4963   4.180218    35.3016     0.0572 1.0000e-12    -0.0044   100.1094      98.67    227.796     5.2360 2.0076e+01          1         12 0.0000e+00
   38.99686  -68.98804    13.4907   4.179366    35.2992     83.296     83.948    13.4918   4.179750    35.3018     0.0601 7.4174e-07    -0.0042   100.1057      98.67    227.756     5.2351 2.0076e+01          1         11 0.0000e+00
   38.99686  -68.98804    13.4636   4.175546    35.2891     82.340     82.985    13.4575   4.175923    35.2986     0.0522 5.8279e-07    -0.0040   100.1005      98.67    227.784     5.2357 2.0076e+01          1         14 0.0000e+00
   38.99687  -68.98804    13.4086   4.168557    35.2746     81.393     82.031    13.4114   4.169241    35.2785     0.0651 1.0000e-12    -0.0043   100.1069      98.67    228.128     5.2436 1.9875e+01          1        122 0.0000e+00
   38.99688  -68.98804    13.3533   4.161246    35.2571     80.382     81.011    13.3480   4.160800    35.2579     0.0845 2.2052e-07    -0.0036   100.0904      98.67    228.958     5.2627 1.9895e+01          1         37 0.0000e+00
   38.99688  -68.98803    13.3365   4.159001    35.2517     79.426     80.047    13.3312   4.158590    35.2528     0.0841 1.0000e-12    -0.0034   100.0847      98.67    229.332     5.2713 1.9873e+01          1         33 0.0000e+00
   38.99690  -68.98800    13.3020   4.154266    35.2397     78.422     79.036    13.3042   4.155337    35.2477     0.0729 1.0000e-12    -0.0029   100.0742      98.68    229.536     5.2759 2.0076e+01          1         21 0.0000e+00
   38.99690  -68.98800    13.2096   4.141526    35.2069     77.406     78.011    13.2057   4.142851    35.2232     0.0674 1.0000e-12    -0.0029   100.0730      98.68    230.035     5.2874 1.9828e+01          1         18 0.0000e+00
   38.99690  -68.98800    13.1548   4.134229    35.1896     76.436     77.033    13.1496   4.134552    35.1976     0.0736 1.8131e-06    -0.0027   100.0687      98.68    230.079     5.2884 2.0076e+01          1         18 0.0000e+00
   38.99690  -68.98800    13.1062   4.127626    35.1728     75.397     75.986    13.1042   4.127892    35.1772     0.0792 1.6998e-06    -0.0022   100.0548      98.68    229.978     5.2860 1.9890e+01          1         24 0.0000e+00
   38.99690  -68.98800    13.0865   4.125099    35.1659     74.626     75.209    13.0681   4.123054    35.1639     0.0698 7.4095e-06    -0.0017   100.0412      98.68    231.199     5.3141 2.0076e+01          1         59 0.0000e+00
   38.99690  -68.98800    13.0198   4.116144    35.1422     73.445     74.019    13.0078   4.117157    35.1633     0.0768 8.1591e-06    -0.0014   100.0354      98.67    232.678     5.3481 1.9904e+01          1         13 0.0000e+00
   38.99692  -68.98800    12.9016   4.100376    35.1046     72.438     73.004    12.8938   4.100682    35.1148     0.0807 1.1738e-05    -0.0010   100.0250      98.68    233.356     5.3636 2.0076e+01          1         15 0.0000e+00
   38.99692  -68.98800    12.8820   4.097843    35.0988     71.433     71.990    12.8791   4.098031    35.1033     0.0867 2.7107e-05     0.0002    99.9944      98.67    232.975     5.3548 1.9945e+01          1         17 0.0000e+00
   38.99692  -68.98800    12.8665   4.095802    35.0936     70.410     70.959    12.8625   4.095590    35.0952     0.0880 5.2897e-05     0.0010    99.9762      98.68    232.133     5.3355 1.9927e+01          1         30 0.0000e+00
   38.99694  -68.98799    12.7911   4.086043    35.0699     69.554     70.097    12.7866   4.085923    35.0730     0.0879 5.1574e-05     0.0016    99.9608      98.68    234.926     5.3997 2.0173e+01          1        115 0.0000e+00
   38.99696  -68.98798    12.6727   4.070136    35.0287     68.479     69.013    12.6804   4.071794    35.0372     0.1142 6.1844e-05     0.0025    99.9376      98.68    235.857     5.4210 2.0076e+01          1         19 0.0000e+00
   38.99696  -68.98798    12.5615   4.054692    34.9861     67.466     67.992    12.5806   4.061466    35.0330     0.1118 9.1753e-05     0.0036    99.9101      98.67    236.211     5.4291 2.0200e+01          1         18 0.0000e+00
   38.99696  -68.98798    12.3658   4.029231    34.9268     66.407     66.925    12.3914   4.033997    34.9484     0.1254 1.1209e-04     0.0064    99.8399      98.67    236.735     5.4411 2.0076e+01          1         30 0.0000e+00
   38.99698  -68.98800    12.3141   4.022450    34.9074     65.666     66.177    12.3162   4.023025    34.9111     0.1407 1.2328e-04     0.0086    99.7855      98.68    238.756     5.4875 2.0076e+01          1         71 0.0000e+00
   38.99698  -68.98800    12.3068   4.021268    34.9009     64.567     65.070    12.2968   4.020056    34.8987     0.1531 1.2420e-04     0.0086    99.7861      98.67    240.383     5.5249 2.0076e+01          1         19 0.0000e+00
   38.99698  -68.98800    12.2822   4.018082    34.8931     63.492     63.986    12.2821   4.018439    34.8967     0.1541 1.6367e-04     0.0085    99.7873      98.67    240.520     5.5280 2.0076e+01          1         18 0.0000e+00
   38.99698  -68.98797    12.2692   4.016445    34.8892     62.470     62.957    12.2712   4.016886    34.8916     0.1483 1.6967e-04     0.0090    99.7750      98.67    240.420     5.5257 2.0177e+01          1         22 0.0000e+00
   38.99698  -68.98796    12.2501   4.014022    34.8823     61.469     61.947    12.2488   4.014110    34.8844     0.1568 1.9109e-04     0.0094    99.7651      98.68    239.981     5.5156 2.0150e+01          1         91 0.0000e+00
   38.99699  -68.98797    12.2288   4.011258    34.8744     60.596     61.067    12.2200   4.010324    34.8737     0.1452 2.5836e-04     0.0100    99.7497      98.68    240.030     5.5168 2.0211e+01          1         33 0.0000e+00
   38.99700  -68.98798    12.2041   4.008024    34.8664     59.529     59.992    12.2087   4.008888    34.8703     0.1509 3.0859e-04     0.0110    99.7254      98.68    240.379     5.5248 2.0433e+01          1         25 0.0000e+00
   38.99700  -68.98798    12.1560   4.001902    34.8528     58.498     58.953    12.1704   4.004333    34.8627     0.1654 3.3618e-04     0.0118    99.7071      98.67    240.493     5.5274 2.0448e+01          1         30 0.0000e+00
   38.99700  -68.98798    12.1097   3.995988    34.8390     57.525     57.972    12.1023   3.995620    34.8425     0.1837 3.5148e-04     0.0143    99.6439      98.68    240.571     5.5292 2.0622e+01          1         49 0.0000e+00
   38.99702  -68.98796    12.0874   3.993173    34.8322     56.599     57.039    12.0838   3.992841    34.8324     0.1902 3.5736e-04     0.0146    99.6352      98.68    241.408     5.5484 2.0279e+01          1         33 0.0000e+00
   38.99702  -68.98796    12.0663   3.990330    34.8245     55.598     56.030    12.0742   3.991805    34.8313     0.2020 3.7895e-04     0.0158    99.6064      98.68    241.415     5.5486 2.0522e+01          1         20 0.0000e+00
   38.99702  -68.98796    12.0036   3.982441    34.8079     54.588     55.012    12.0174   3.985182    34.8213     0.1936 4.1596e-04     0.0221    99.4493      98.68    241.694     5.5550 2.0663e+01          1         19 0.0000e+00
