Data/ruptures/KN207-01/QL-1/20701021.cnv
* Sea-Bird SBE 9 Data File:
* FileName = C:\Data\ctd\20701021.hex
* Software Version Seasave V 7.21e
* Temperature SN = 4406
* Conductivity SN = 1474
* Number of Bytes Per Scan = 40
* Number of Voltage Words = 5
* Number of Scans Averaged by the Deck Unit = 1
* NMEA Latitude = 38 58.17 N
* NMEA Longitude = 068 57.57 W
* NMEA UTC (Time) = Apr 24 2012 13:03:45
** R/V Knorr Cruise # KN207-01 QL1
** Chief Scientist: Ben Van Mooy
# nquan = 21
# nvalues = 395                         
# units = specified
# name 0 = latitude: Latitude [deg]
# name 1 = longitude: Longitude [deg]
# name 2 = t090C: Temperature [ITS-90, deg C]
# name 3 = c0S/m: Conductivity [S/m]
# name 4 = sal00: Salinity, Practical [PSU]
# name 5 = depSM: Depth [salt water, m]
# name 6 = prDM: Pressure, Digiquartz [db]
# name 7 = t190C: Temperature, 2 [ITS-90, deg C]
# name 8 = c1S/m: Conductivity, 2 [S/m]
# name 9 = sal11: Salinity, Practical, 2 [PSU]
# name 10 = flECO-AFL: Fluorescence, WET Labs ECO-AFL/FL [mg/m^3]
# name 11 = par: PAR/Irradiance, Biospherical/Licor
# name 12 = bat: Beam Attenuation, Chelsea/Seatech [1/m]
# name 13 = xmiss: Beam Transmission, Chelsea/Seatech [%]
# name 14 = altM: Altimeter [m]
# name 15 = sbeox0Mm/Kg: Oxygen, SBE 43 [umol/kg]
# name 16 = sbeox0ML/L: Oxygen, SBE 43 [ml/l]
# name 17 = spar: SPAR/Surface Irradiance
# name 18 = pumps: Pump Status
# name 19 = nbin: number of scans per bin
# name 20 = flag: flag
# span 0 =   38.96729,   38.96956       
# span 1 =  -68.95963,  -68.95179       
# span 2 =    11.1570,    14.7082       
# span 3 =   3.794223,   4.352555       
# span 4 =    32.9643,    35.8341       
# span 5 =      2.151,    198.239       
# span 6 =      2.167,    199.847       
# span 7 =    11.1482,    14.7080       
# span 8 =   3.822424,   4.352529       
# span 9 =    33.2378,    35.8361       
# span 10 =     0.0035,     2.3720      
# span 11 = 1.3489e-04, 3.6002e+01      
# span 12 =    -0.0153,     0.3214      
# span 13 =    92.2787,   100.3837      
# span 14 =      18.28,      98.65      
# span 15 =    146.102,    444.187      
# span 16 =     3.3594,    10.2014      
# span 17 = 5.8796e+02, 1.5481e+03      
# span 18 =          0,          1      
# span 19 =          9,       1256      
# span 20 = 0.0000e+00, 0.0000e+00      
# interval = decibars: 1                
# start_time = Apr 24 2012 13:03:45 [NMEA time, header]
# bad_flag = -9.990e-29
*END*
[from data line 345]
   38.96868  -68.95552    11.4452   3.905063    34.5689     50.606     50.998    11.4492   3.905577    34.5703     0.8558 4.4504e-02     0.1047    97.4167      98.59    257.277     5.9126 6.3191e+02          1         21 0.0000e+00
   38.96868  -68.95554    11.4393   3.904335    34.5671     49.551     49.935    11.4404   3.904557    34.5683     0.8657 4.5235e-02     0.1128    97.2182      98.58    257.506     5.9179 6.3472e+02          1        110 0.0000e+00
   38.96868  -68.95548    11.4280   3.902685    34.5612     48.498     48.873    11.4265   3.902611    34.5619     1.0173 4.9424e-02     0.1267    96.8814      98.58    257.807     5.9248 6.3377e+02          1        125 0.0000e+00
   38.96868  -68.95546    11.4217   3.901729    34.5577     47.640     48.009    11.4253   3.902188    34.5588     1.0769 5.4370e-02     0.1364    96.6478      98.58    257.866     5.9262 6.3061e+02          1         37 0.0000e+00
   38.96866  -68.95545    11.4125   3.900421    34.5537     46.653     47.014    11.4124   3.900510    34.5547     1.2117 6.0349e-02     0.1443    96.4576      98.58    258.436     5.9393 6.3083e+02          1        133 0.0000e+00
   38.96865  -68.95536    11.4088   3.899810    34.5510     45.797     46.151    11.4087   3.899906    34.5520     1.3688 6.4544e-02     0.1505    96.3084      95.04    259.283     5.9587 6.2468e+02          1        284 0.0000e+00
   38.96859  -68.95509    11.4054   3.899270    34.5490     44.871     45.218    11.4054   3.899343    34.5498     1.3520 6.8889e-02     0.1542    96.2177      89.41    259.380     5.9609 6.1284e+02          1        297 0.0000e+00
   38.96856  -68.95494    11.4037   3.898940    34.5479     43.690     44.028    11.4040   3.899012    34.5484     1.4545 7.9946e-02     0.1594    96.0927      98.59    259.276     5.9585 6.0674e+02          1         19 0.0000e+00
   38.96855  -68.95493    11.4017   3.898330    34.5443     42.663     42.993    11.4017   3.898438    34.5453     1.4485 8.7007e-02     0.1920    95.3147      98.59    260.081     5.9770 6.0806e+02          1        133 0.0000e+00
   38.96854  -68.95490    11.3878   3.895639    34.5315     41.663     41.985    11.3852   3.895414    34.5318     1.6922 1.0720e-01     0.2223    94.5951      98.60    260.611     5.9891 6.0451e+02          1         20 0.0000e+00
   38.96854  -68.95490    11.3730   3.893466    34.5246     40.654     40.968    11.3606   3.892085    34.5228     1.8473 1.2191e-01     0.2268    94.4867      98.59    260.748     5.9923 6.0286e+02          1         19 0.0000e+00
   38.96854  -68.95490    11.3566   3.891019    34.5165     39.695     40.002    11.3352   3.888150    34.5087     1.9071 1.3575e-01     0.2388    94.2038      98.60    262.058     6.0224 6.0415e+02          1         25 0.0000e+00
   38.96854  -68.95490    11.2645   3.877713    34.4734     38.672     38.971    11.2294   3.873654    34.4667     2.0103 1.4706e-01     0.2478    93.9915      70.47    265.105     6.0923 6.0658e+02          1         57 0.0000e+00
   38.96854  -68.95487    11.1628   3.863380    34.4277     37.596     37.886    11.1608   3.863542    34.4309     2.2798 1.6604e-01     0.2488    93.9695      98.59    269.169     6.1856 6.0660e+02          1        112 0.0000e+00
   38.96854  -68.95484    11.1585   3.862591    34.4228     36.764     37.048    11.1482   3.861309    34.4198     2.1541 1.9067e-01     0.2519    93.8956      98.59    269.475     6.1926 6.0605e+02          1         29 0.0000e+00
   38.96854  -68.95484    11.1570   3.861131    34.4099     35.705     35.980    11.1495   3.860760    34.4132     2.1447 2.2221e-01     0.2552    93.8193      98.59    269.474     6.1925 6.0290e+02          1         25 0.0000e+00
   38.96854  -68.95482    11.1642   3.861454    34.4062     34.691     34.959    11.1808   3.862075    34.3962     2.1818 2.5342e-01     0.2669    93.5460      98.60    269.365     6.1900 6.0065e+02          1         33 0.0000e+00
   38.96854  -68.95482    11.2368   3.864634    34.3682     33.734     33.994    11.2470   3.865008    34.3621     2.3711 2.8189e-01     0.2732    93.3995      98.60    270.520     6.2163 6.0306e+02          1         54 0.0000e+00
   38.96853  -68.95481    11.2963   3.866118    34.3266     32.708     32.961    11.2973   3.865153    34.3161     2.3720 3.1443e-01     0.2872    93.0711      98.59    272.952     6.2719 6.0494e+02          1         57 0.0000e+00
   38.96852  -68.95478    11.4171   3.865617    34.2079     31.880     32.126    11.4146   3.865464    34.2088     2.3361 3.5103e-01     0.2983    92.8151      98.60    276.445     6.3515 6.0291e+02          1         84 0.0000e+00
   38.96852  -68.95476    11.4147   3.864465    34.2002     30.785     31.023    11.4226   3.864111    34.1893     2.1304 4.1562e-01     0.3003    92.7681      98.60    277.517     6.3760 6.0135e+02          1         29 0.0000e+00
   38.96852  -68.95474    11.4248   3.862837    34.1754     29.764     29.993    11.4255   3.863027    34.1767     2.1599 4.7598e-01     0.3005    92.7636      98.59    277.428     6.3738 6.0038e+02          1         26 0.0000e+00
   38.96852  -68.95474    11.4244   3.861699    34.1655     28.693     28.913    11.4226   3.861745    34.1676     2.1490 5.4109e-01     0.3013    92.7445      98.59    277.311     6.3711 6.0018e+02          1         33 0.0000e+00
   38.96852  -68.95471    11.4150   3.856705    34.1261     28.016     28.231    11.4143   3.856225    34.1221     2.1769 5.8020e-01     0.3085    92.5773      98.59    277.668     6.3791 6.0048e+02          1        136 0.0000e+00
   38.96851  -68.95469    11.4078   3.853926    34.1066     26.850     27.057    11.4071   3.853966    34.1076     2.3179 6.6693e-01     0.3097    92.5505      98.60    276.890     6.3612 5.9914e+02          1         47 0.0000e+00
   38.96850  -68.95468    11.4073   3.851980    34.0885     25.777     25.975    11.4036   3.852573    34.0978     2.2009 8.0184e-01     0.3106    92.5288      98.59    277.048     6.3647 5.9709e+02          1         31 0.0000e+00
   38.96850  -68.95466    11.4659   3.850172    34.0158     25.021     25.213    11.4667   3.850095    34.0144     2.1426 8.5283e-01     0.3081    92.5863      98.60    276.501     6.3517 5.9784e+02          1        150 0.0000e+00
   38.96849  -68.95461    11.5175   3.851363    33.9804     23.701     23.883    11.5269   3.851594    33.9738     2.1559 1.0278e+00     0.3099    92.5447      98.60    275.408     6.3264 5.9577e+02          1         95 0.0000e+00
   38.96848  -68.95460    11.5677   3.853544    33.9556     22.907     23.083    11.5827   3.854513    33.9512     2.1040 1.0815e+00     0.3163    92.3954      98.60    275.875     6.3370 5.9526e+02          1         49 0.0000e+00
   38.96846  -68.95448    11.7583   3.867853    33.9217     21.923     22.091    11.7780   3.869113    33.9157     1.9962 1.2031e+00     0.3181    92.3561      98.60    275.758     6.3339 5.9172e+02          1        247 0.0000e+00
   38.96844  -68.95433    11.8474   3.874697    33.9085     20.855     21.015    11.8558   3.875418    33.9077     1.9336 1.3313e+00     0.3145    92.4395      98.60    275.759     6.3338 5.8870e+02          1        227 0.0000e+00
   38.96840  -68.95415    11.8808   3.876588    33.8979     20.130     20.284    11.8838   3.876885    33.8981     1.8598 1.4314e+00     0.3133    92.4663      94.78    275.330     6.3238 5.8796e+02          1        301 0.0000e+00
   38.96835  -68.95382    11.8804   3.875934    33.8928     18.867     19.012    11.8795   3.875777    33.8921     1.8759 1.7057e+00     0.3144    92.4413      97.76    275.826     6.3352 5.9773e+02          1        205 0.0000e+00
   38.96834  -68.95376    11.8811   3.875064    33.8841     17.877     18.014    11.8861   3.875146    33.8801     1.8647 2.0209e+00     0.3142    92.4445      98.60    275.572     6.3293 5.9792e+02          1         42 0.0000e+00
   38.96834  -68.95375    11.8854   3.875267    33.8825     16.781     16.910    11.8945   3.875720    33.8784     1.8223 2.1318e+00     0.3110    92.5196      98.60    276.325     6.3466 5.9997e+02          1         93 0.0000e+00
   38.96833  -68.95369    11.9009   3.876030    33.8759     16.111     16.234    11.9109   3.876560    33.8718     1.7299 2.4206e+00     0.3106    92.5297      98.61    276.418     6.3487 6.0227e+02          1         65 0.0000e+00
   38.96832  -68.95368    11.9100   3.876415    33.8718     14.844     14.957    11.9134   3.876585    33.8704     1.6838 2.9379e+00     0.3097    92.5503      98.60    276.533     6.3513 5.9738e+02          1         31 0.0000e+00
   38.96832  -68.95366    11.9154   3.876590    33.8689     14.064     14.171    11.9173   3.876711    33.8685     1.6408 3.1895e+00     0.3089    92.5691      98.61    276.074     6.3407 6.0199e+02          1         95 0.0000e+00
   38.96831  -68.95363    11.9256   3.876940    33.8636     12.819     12.917    11.9294   3.877150    33.8622     1.5885 3.9314e+00     0.3089    92.5675      98.61    276.408     6.3483 6.0422e+02          1        132 0.0000e+00
   38.96830  -68.95360    11.9433   3.877665    33.8547     11.943     12.034    11.9502   3.877729    33.8490     1.5057 4.1067e+00     0.3121    92.4954      98.61    276.671     6.3543 6.0263e+02          1         37 0.0000e+00
   38.96830  -68.95357    11.9452   3.877410    33.8512     10.933     11.017    11.9507   3.877581    33.8479     1.4816 5.0213e+00     0.3099    92.5461      98.61    276.131     6.3419 6.0700e+02          1        143 0.0000e+00
   38.96820  -68.95332    12.0030   3.879141    33.8159     10.047     10.124    12.0103   3.879537    33.8131     1.3287 6.3384e+00     0.2991    92.7946      97.42    275.116     6.3183 6.2561e+02          1        327 0.0000e+00
   38.96812  -68.95316    12.0132   3.879491    33.8104      8.974      9.042    12.0121   3.879406    33.8107     1.2981 7.5111e+00     0.2974    92.8361      98.62    274.555     6.3054 6.5050e+02          1         34 0.0000e+00
   38.96812  -68.95314    12.0546   3.882171    33.7988      7.779      7.838    12.0501   3.881843    33.7998     1.2100 9.0783e+00     0.2877    93.0597      80.99    273.853     6.2892 6.4995e+02          1        116 0.0000e+00
   38.96810  -68.95311    12.0582   3.882300    33.7978      6.990      7.043    12.0637   3.882693    33.7965     1.1761 1.0803e+01     0.2815    93.2051      49.92    273.341     6.2775 6.5823e+02          1        208 0.0000e+00
   38.96805  -68.95299    12.0741   3.883332    33.7940      6.183      6.230    12.0754   3.883454    33.7940     1.1303 1.2719e+01     0.2801    93.2367      18.28    273.002     6.2696 6.7906e+02          1        198 0.0000e+00
   38.96767  -68.95235    12.0497   3.882155    33.8053      5.188      5.227    12.0494   3.882187    33.8059     1.1326 1.7641e+01     0.2869    93.0788      58.81    273.698     6.2857 7.7394e+02          1       1256 0.0000e+00
   38.96732  -68.95183    12.0250   3.881025    33.8172      4.255      4.288    12.0241   3.881045    33.8182     1.1833 2.2155e+01     0.2920    92.9586      98.65    274.218     6.2977 8.5521e+02          1        118 0.0000e+00
   38.96730  -68.95180    12.0229   3.880839    33.8178      2.928      2.951    12.0218   3.880860    33.8191     1.1483 2.8215e+01     0.2927    92.9434      98.65    274.098     6.2950 8.5376e+02          1         31 0.0000e+00
   38.96729  -68.95179    12.0199   3.880611    33.8187      2.151      2.167    12.0190   3.880624    33.8197     1.0810 3.6002e+01     0.2953    92.8834      98.65    274.569     6.3058 8.5495e+02          1         84 0.0000e+00
