Data/ruptures/KN207-01/QL-1/20701020.cnv
* Sea-Bird SBE 9 Data File:
* FileName = C:\Data\ctd\20701020.hex
* Software Version Seasave V 7.21e
* Temperature SN = 4406
* Conductivity SN = 1474
* Number of Bytes Per Scan = 40
* Number of Voltage Words = 5
* Number of Scans Averaged by the Deck Unit = 1
* NMEA Latitude = 38 58.66 N
* NMEA Longitude = 068 59.01 W
* NMEA UTC (Time) = Apr 24 2012 11:33:29
** R/V Knorr Cruise # KN207-01 QL1
** Chief Scientist: Ben Van Mooy
# nquan = 21
# nvalues = 399                         
# units = specified
# name 0 = latitude: Latitude [deg]
# name 1 = longitude: Longitude [deg]
# name 2 = t090C: Temperature [ITS-90, deg C]
# name 3 = c0S/m: Conductivity [S/m]
# name 4 = sal00: Salinity, Practical [PSU]
# name 5 = depSM: Depth [salt water, m]
# name 6 = prDM: Pressure, Digiquartz [db]
# name 7 = t190C: Temperature, 2 [ITS-90, deg C]
# name 8 = c1S/m: Conductivity, 2 [S/m]
# name 9 = sal11: Salinity, Practical, 2 [PSU]
# name 10 = flECO-AFL: Fluorescence, WET Labs ECO-AFL/FL [mg/m^3]
# name 11 = par: PAR/Irradiance, Biospherical/Licor
# name 12 = bat: Beam Attenuation, Chelsea/Seatech [1/m]
# name 13 = xmiss: Beam Transmission, Chelsea/Seatech [%]
# name 14 = altM: Altimeter [m]
# name 15 = sbeox0Mm/Kg: Oxygen, SBE 43 [umol/kg]
# name 16 = sbeox0ML/L: Oxygen, SBE 43 [ml/l]
# name 17 = spar: SPAR/Surface Irradiance
# name 18 = pumps: Pump Status
# name 19 = nbin: number of scans per bin
# name 20 = flag: flag
# span 0 =   38.97778,   38.97786       
# span 1 =  -68.98354,  -68.97999       
# span 2 =    11.1240,    14.6293       
# span 3 =   3.836790,   4.346080       
# span 4 =    33.8264,    35.8354       
# span 5 =      2.144,    199.404       
# span 6 =      2.160,    201.023       
# span 7 =    11.1263,    14.6299       
# span 8 =   3.837033,   4.346306       
# span 9 =    33.8204,    35.8389       
# span 10 =     0.0049,     2.4216      
# span 11 = 5.7107e-04, 1.3961e+01      
# span 12 =    -0.0151,     0.3175      
# span 13 =    92.3683,   100.3783      
# span 14 =       5.10,      98.73      
# span 15 =    146.958,    448.588      
# span 16 =     3.3787,    10.3025      
# span 17 = 1.8650e+03, 2.2545e+03      
# span 18 =          1,          1      
# span 19 =         10,        241      
# span 20 = 0.0000e+00, 0.0000e+00      
# interval = decibars: 1                
# start_time = Apr 24 2012 11:33:29 [NMEA time, header]
# bad_flag = -9.990e-29
*END*
[from data line 138]
   38.97782  -68.98258    14.5661   4.332581    35.7106    138.946    140.054    14.5663   4.332651    35.7110     0.0353 1.6020e-03    -0.0108   100.2706      98.54    197.555     4.5413 2.1233e+03          1         29 0.0000e+00
   38.97782  -68.98258    14.5616   4.332135    35.7105    139.842    140.957    14.5615   4.332310    35.7123     0.0406 1.5659e-03    -0.0118   100.2954      98.54    196.164     4.5093 2.1201e+03          1         29 0.0000e+00
   38.97781  -68.98258    14.5617   4.332446    35.7130    140.822    141.945    14.5620   4.332324    35.7116     0.0324 1.5394e-03    -0.0117   100.2935      98.54    194.486     4.4707 2.1082e+03          1         19 0.0000e+00
   38.97780  -68.98258    14.5665   4.333176    35.7148    141.855    142.986    14.5664   4.333113    35.7143     0.0208 1.5188e-03    -0.0119   100.2983      98.54    193.344     4.4445 2.0942e+03          1         17 0.0000e+00
   38.97780  -68.98258    14.5719   4.334035    35.7173    142.858    143.998    14.5716   4.334060    35.7178     0.0250 1.5120e-03    -0.0112   100.2820      98.54    192.771     4.4313 2.0815e+03          1         15 0.0000e+00
   38.97780  -68.98258    14.5705   4.333924    35.7172    143.877    145.025    14.5704   4.334071    35.7186     0.0296 1.4723e-03    -0.0115   100.2882      98.54    192.703     4.4298 2.0741e+03          1         16 0.0000e+00
   38.97780  -68.98258    14.5671   4.333570    35.7167    144.860    146.017    14.5673   4.333708    35.7179     0.0371 1.4542e-03    -0.0112   100.2801      98.54    192.690     4.4295 2.0729e+03          1         17 0.0000e+00
   38.97780  -68.98258    14.5614   4.332996    35.7166    145.834    146.999    14.5604   4.333022    35.7177     0.0354 1.4456e-03    -0.0112   100.2799      98.54    192.927     4.4349 2.0780e+03          1         20 0.0000e+00
   38.97780  -68.98258    14.5614   4.333472    35.7205    146.862    148.036    14.5619   4.333478    35.7201     0.0213 1.3966e-03    -0.0110   100.2768      98.54    193.575     4.4498 2.0929e+03          1         28 0.0000e+00
   38.97780  -68.98254    14.5686   4.334478    35.7227    147.814    148.995    14.5678   4.334367    35.7224     0.0217 1.3732e-03    -0.0114   100.2844      98.54    192.370     4.4221 2.1077e+03          1         71 0.0000e+00
   38.97780  -68.98254    14.5920   4.338499    35.7374    148.723    149.911    14.5944   4.338555    35.7356     0.0337 1.3392e-03    -0.0117   100.2936      98.54    192.312     4.4208 2.1010e+03          1         24 0.0000e+00
   38.97780  -68.98254    14.6184   4.342830    35.7520    149.806    151.004    14.6189   4.342575    35.7492     0.0223 1.3536e-03    -0.0115   100.2882      98.54    192.810     4.4323 2.0935e+03          1         16 0.0000e+00
   38.97780  -68.98254    14.6249   4.343789    35.7543    150.807    152.014    14.6243   4.343828    35.7552     0.0061 1.3597e-03    -0.0113   100.2823      98.54    192.790     4.4319 2.0901e+03          1         14 0.0000e+00
   38.97780  -68.98254    14.6162   4.342585    35.7513    151.811    153.026    14.6159   4.343025    35.7556     0.0206 1.3430e-03    -0.0110   100.2752      98.54    192.751     4.4309 2.0926e+03          1         15 0.0000e+00
   38.97780  -68.98254    14.5947   4.339998    35.7474    152.811    154.034    14.5936   4.340167    35.7500     0.0236 1.3469e-03    -0.0117   100.2923      98.54    193.023     4.4372 2.0965e+03          1         15 0.0000e+00
   38.97780  -68.98254    14.5912   4.339748    35.7480    153.794    155.025    14.5897   4.339578    35.7478     0.0294 1.3595e-03    -0.0123   100.3073      98.54    192.983     4.4363 2.1024e+03          1         17 0.0000e+00
   38.97780  -68.98254    14.6140   4.342973    35.7558    154.782    156.021    14.6150   4.342734    35.7527     0.0169 1.3392e-03    -0.0127   100.3164      98.54    192.010     4.4139 2.1056e+03          1         17 0.0000e+00
   38.97780  -68.98254    14.6131   4.343066    35.7571    155.802    157.050    14.6115   4.343088    35.7589     0.0328 1.3209e-03    -0.0124   100.3084      98.54    190.472     4.3786 2.0966e+03          1         25 0.0000e+00
   38.97780  -68.98253    14.6082   4.342637    35.7576    156.806    158.062    14.6089   4.342641    35.7570     0.0355 1.2583e-03    -0.0127   100.3171      98.54    189.542     4.3572 2.0822e+03          1         46 0.0000e+00
   38.97780  -68.98252    14.6221   4.345159    35.7674    157.643    158.907    14.6220   4.345149    35.7675     0.0439 1.2179e-03    -0.0122   100.3051      98.54    189.163     4.3485 2.0886e+03          1         33 0.0000e+00
   38.97780  -68.98252    14.5725   4.339712    35.7638    158.703    159.975    14.5714   4.340382    35.7711     0.0227 1.1733e-03    -0.0123   100.3080      98.55    189.053     4.3460 2.1014e+03          1         21 0.0000e+00
   38.97780  -68.98252    14.5415   4.336321    35.7614    159.729    161.010    14.5419   4.336524    35.7628     0.0449 1.1679e-03    -0.0113   100.2820      98.54    188.869     4.3418 2.1170e+03          1         23 0.0000e+00
   38.97780  -68.98251    14.5438   4.336900    35.7639    160.726    162.016    14.5444   4.336844    35.7628     0.0273 1.0740e-03    -0.0118   100.2947      98.54    184.832     4.2490 2.1260e+03          1         32 0.0000e+00
   38.97780  -68.98250    14.5672   4.340667    35.7760    161.639    162.936    14.5677   4.340699    35.7758     0.0362 9.4815e-04    -0.0120   100.3003      98.54    178.913     4.1129 2.1224e+03          1         26 0.0000e+00
   38.97780  -68.98250    14.5797   4.342564    35.7812    162.661    163.967    14.5799   4.342410    35.7795     0.0440 9.4165e-04    -0.0118   100.2952      98.54    177.822     4.0879 2.1202e+03          1         17 0.0000e+00
   38.97780  -68.98250    14.5971   4.345182    35.7885    163.653    164.968    14.5972   4.344887    35.7856     0.0153 1.0588e-03    -0.0123   100.3063      98.53    178.520     4.1040 2.1093e+03          1         13 0.0000e+00
   38.97780  -68.98250    14.5997   4.346080    35.7938    164.659    165.982    14.5995   4.346306    35.7961     0.0065 1.0450e-03    -0.0124   100.3107      98.53    179.419     4.1246 2.1009e+03          1         12 0.0000e+00
   38.97780  -68.98250    14.5906   4.345915    35.8007    165.669    167.000    14.5897   4.346093    35.8031     0.0192 1.0101e-03    -0.0126   100.3135      98.54    180.412     4.1475 2.0930e+03          1         14 0.0000e+00
   38.97780  -68.98250    14.5643   4.343451    35.8023    166.738    168.079    14.5654   4.343969    35.8061     0.0260 1.0121e-03    -0.0126   100.3139      98.55    181.279     4.1674 2.0840e+03          1         16 0.0000e+00
   38.97780  -68.98246    14.5384   4.340362    35.7978    167.860    169.210    14.5514   4.341869    35.7994     0.0360 1.0009e-03    -0.0120   100.2998      98.55    178.562     4.1050 2.0841e+03          1         57 0.0000e+00
   38.97780  -68.98246    14.5663   4.343150    35.7966    168.527    169.882    14.5623   4.343122    35.8002     0.0335 9.5753e-04    -0.0120   100.3010      98.54    172.418     3.9637 2.1100e+03          1         39 0.0000e+00
   38.97780  -68.98246    14.4781   4.334349    35.7984    169.597    170.961    14.4636   4.333216    35.8018     0.0228 9.4400e-04    -0.0129   100.3214      98.54    174.370     4.0087 2.1260e+03          1         24 0.0000e+00
   38.97778  -68.98246    14.4528   4.332121    35.8012    170.594    171.967    14.4525   4.332242    35.8025     0.0298 9.3399e-04    -0.0125   100.3113      98.54    175.839     4.0425 2.1356e+03          1         22 0.0000e+00
   38.97778  -68.98246    14.4448   4.331344    35.8008    171.639    173.020    14.4445   4.331538    35.8028     0.0508 9.2761e-04    -0.0124   100.3107      98.54    173.986     3.9999 2.1476e+03          1         20 0.0000e+00
   38.97778  -68.98246    14.4275   4.329739    35.8017    172.628    174.018    14.4272   4.329959    35.8040     0.0292 9.0515e-04    -0.0133   100.3326      98.55    169.198     3.8898 2.1520e+03          1         20 0.0000e+00
   38.97778  -68.98246    14.4045   4.328499    35.8114    173.606    175.004    14.4038   4.328740    35.8142     0.0442 8.8549e-04    -0.0131   100.3286      98.54    165.949     3.8152 2.1444e+03          1         18 0.0000e+00
   38.97778  -68.98246    14.3744   4.325761    35.8139    174.581    175.987    14.3745   4.325597    35.8123     0.0436 8.7561e-04    -0.0128   100.3194      98.54    165.379     3.8021 2.1395e+03          1         17 0.0000e+00
   38.97778  -68.98246    14.4010   4.330888    35.8354    175.593    177.008    14.4006   4.331189    35.8385     0.0287 8.7849e-04    -0.0136   100.3412      98.54    164.416     3.7800 2.1293e+03          1         16 0.0000e+00
   38.97779  -68.98245    14.3414   4.324447    35.8318    176.559    177.983    14.3400   4.325070    35.8389     0.0347 8.6309e-04    -0.0129   100.3231      98.54    163.307     3.7546 2.1169e+03          1         15 0.0000e+00
   38.97780  -68.98244    14.3139   4.321729    35.8319    177.579    179.011    14.3129   4.321810    35.8337     0.0356 8.7305e-04    -0.0134   100.3343      98.54    160.878     3.6987 2.0982e+03          1         18 0.0000e+00
   38.97780  -68.98244    14.3085   4.321174    35.8310    178.562    180.002    14.3081   4.321264    35.8322     0.0350 9.2920e-04    -0.0134   100.3348      98.54    155.390     3.5726 2.0831e+03          1         27 0.0000e+00
   38.97780  -68.98244    14.3196   4.322219    35.8287    179.349    180.796    14.3194   4.322302    35.8298     0.0400 9.3810e-04    -0.0135   100.3365      98.54    150.982     3.4712 2.1105e+03          1         79 0.0000e+00
   38.97780  -68.98242    14.2834   4.318689    35.8293    180.516    181.974    14.2818   4.318857    35.8325     0.0205 8.9436e-04    -0.0135   100.3381      98.54    152.584     3.5080 2.1464e+03          1         19 0.0000e+00
   38.97780  -68.98242    14.2695   4.317490    35.8308    181.507    182.973    14.2693   4.317608    35.8321     0.0113 1.0054e-03    -0.0140   100.3509      98.55    153.076     3.5194 2.1428e+03          1         16 0.0000e+00
   38.97780  -68.98242    14.2658   4.317229    35.8313    182.519    183.993    14.2658   4.317351    35.8324     0.0049 1.2391e-03    -0.0132   100.3300      98.54    152.924     3.5159 2.1258e+03          1         16 0.0000e+00
   38.97780  -68.98242    14.2561   4.316255    35.8308    183.510    184.993    14.2555   4.316623    35.8347     0.0197 1.2860e-03    -0.0127   100.3171      98.54    152.184     3.4989 2.1003e+03          1         14 0.0000e+00
   38.97780  -68.98242    14.2331   4.313833    35.8295    184.519    186.010    14.2323   4.314102    35.8328     0.0255 1.2712e-03    -0.0135   100.3380      98.55    151.304     3.4787 2.0787e+03          1         16 0.0000e+00
   38.97780  -68.98242    14.2008   4.309965    35.8237    185.520    187.020    14.2006   4.310753    35.8312     0.0364 1.2370e-03    -0.0123   100.3061      98.54    150.733     3.4655 2.0640e+03          1         14 0.0000e+00
   38.97780  -68.98241    14.1644   4.306033    35.8211    186.505    188.013    14.1647   4.306529    35.8254     0.0306 1.1992e-03    -0.0130   100.3249      98.54    150.405     3.4580 2.0665e+03          1         20 0.0000e+00
   38.97780  -68.98240    14.1382   4.303009    35.8167    187.557    189.074    14.1393   4.303379    35.8192     0.0137 1.1679e-03    -0.0137   100.3436      98.55    149.453     3.4361 2.0819e+03          1         36 0.0000e+00
   38.97780  -68.98240    14.1054   4.298983    35.8093    188.415    189.939    14.1054   4.299459    35.8137     0.0103 1.1544e-03    -0.0143   100.3577      98.54    148.369     3.4112 2.0726e+03          1         38 0.0000e+00
   38.97780  -68.98240    14.0209   4.288949    35.7953    189.457    190.991    14.0184   4.289665    35.8044     0.0279 1.1436e-03    -0.0144   100.3606      98.54    148.644     3.4175 2.0684e+03          1         21 0.0000e+00
   38.97780  -68.98239    13.9691   4.283145    35.7894    190.470    192.012    13.9682   4.283460    35.7931     0.0319 1.1043e-03    -0.0144   100.3619      98.55    148.875     3.4229 2.0643e+03          1         25 0.0000e+00
   38.97780  -68.98238    13.9346   4.279159    35.7833    191.454    193.004    13.9344   4.279424    35.7859     0.0308 1.0711e-03    -0.0136   100.3411      98.54    148.768     3.4204 2.0770e+03          1         51 0.0000e+00
   38.97780  -68.98238    13.9063   4.275938    35.7786    192.408    193.967    13.9059   4.276113    35.7806     0.0328 1.0571e-03    -0.0136   100.3398      98.55    148.728     3.4195 2.0944e+03          1         21 0.0000e+00
   38.97780  -68.98238    13.8961   4.274808    35.7769    193.416    194.983    13.8953   4.275230    35.7815     0.0264 1.0509e-03    -0.0144   100.3605      98.54    148.580     3.4161 2.0752e+03          1         16 0.0000e+00
   38.97780  -68.98238    13.8551   4.270092    35.7710    194.415    195.991    13.8545   4.270595    35.7763     0.0233 1.0544e-03    -0.0140   100.3517      98.55    148.558     3.4156 2.0426e+03          1         13 0.0000e+00
   38.97780  -68.98238    13.8405   4.268580    35.7701    195.397    196.981    13.8405   4.268870    35.7727     0.0283 1.0414e-03    -0.0141   100.3537      98.56    148.537     3.4152 2.0146e+03          1         13 0.0000e+00
   38.97780  -68.98236    13.8176   4.265949    35.7662    196.491    198.085    13.8173   4.266378    35.7706     0.0361 1.0403e-03    -0.0142   100.3557      98.57    148.283     3.4093 1.9755e+03          1         20 0.0000e+00
   38.97780  -68.98231    13.7962   4.263856    35.7624    197.463    199.066    13.7938   4.263637    35.7626     0.0236 9.6785e-04    -0.0135   100.3390      98.55    147.833     3.3990 2.0692e+03          1        209 0.0000e+00
   38.97783  -68.98227    13.7609   4.259986    35.7575    198.266    199.875    13.7608   4.260103    35.7586     0.0268 9.2829e-04    -0.0145   100.3636      98.55    147.482     3.3909 2.1325e+03          1        227 0.0000e+00
   38.97784  -68.98226    13.7119   4.254485    35.7515    199.404    201.023    13.7153   4.254884    35.7519     0.0254 9.0515e-04    -0.0123   100.3072      98.55    147.582     3.3933 2.0924e+03          1         80 0.0000e+00
   38.97784  -68.98223    13.7678   4.260808    35.7575    198.401    200.012    13.7667   4.260497    35.7556     0.0563 8.8998e-04    -0.0142   100.3567      98.55    147.377     3.3885 2.0979e+03          1         25 0.0000e+00
   38.97785  -68.98215    13.7736   4.261385    35.7579    197.307    198.908    13.7706   4.261151    35.7585     0.0426 9.1627e-04    -0.0111   100.2783      98.55    147.334     3.3875 2.1252e+03          1        241 0.0000e+00
   38.97786  -68.98210    13.7783   4.261871    35.7586    196.446    198.039    13.7808   4.262200    35.7593     0.0281 8.6521e-04    -0.0147   100.3695      98.55    147.284     3.3864 2.1152e+03          1        138 0.0000e+00
   38.97786  -68.98210    13.7919   4.263324    35.7599    195.435    197.020    13.7986   4.264063    35.7603     0.0428 8.7429e-04    -0.0151   100.3783      98.54    147.458     3.3904 2.1490e+03          1         25 0.0000e+00
   38.97786  -68.98210    13.8037   4.264594    35.7610    194.407    195.983    13.8054   4.264768    35.7610     0.0317 8.6268e-04    -0.0148   100.3719      98.55    147.389     3.3888 2.1180e+03          1         27 0.0000e+00
   38.97784  -68.98208    13.8105   4.265354    35.7622    193.479    195.047    13.8204   4.266470    35.7634     0.0368 8.5788e-04    -0.0145   100.3641      98.55    147.399     3.3890 2.0676e+03          1        150 0.0000e+00
