Data/ruptures/KN207-01/QL-1/20701026.cnv
* Sea-Bird SBE 9 Data File:
* FileName = C:\Data\ctd\20701026.hex
* Software Version Seasave V 7.21e
* Temperature SN = 4406
* Conductivity SN = 1474
* Number of Bytes Per Scan = 40
* Number of Voltage Words = 5
* Number of Scans Averaged by the Deck Unit = 1
* NMEA Latitude = 38 54.93 N
* NMEA Longitude = 068 59.33 W
* NMEA UTC (Time) = Apr 24 2012 22:03:56
** R/V Knorr Cruise # KN207-01 QL1
** Chief Scientist: Ben Van Mooy
# nquan = 21
# nvalues = 400                         
# units = specified
# name 0 = latitude: Latitude [deg]
# name 1 = longitude: Longitude [deg]
# name 2 = t090C: Temperature [ITS-90, deg C]
# name 3 = c0S/m: Conductivity [S/m]
# name 4 = sal00: Salinity, Practical [PSU]
# name 5 = depSM: Depth [salt water, m]
# name 6 = prDM: Pressure, Digiquartz [db]
# name 7 = t190C: Temperature, 2 [ITS-90, deg C]
# name 8 = c1S/m: Conductivity, 2 [S/m]
# name 9 = sal11: Salinity, Practical, 2 [PSU]
# name 10 = flECO-AFL: Fluorescence, WET Labs ECO-AFL/FL [mg/m^3]
# name 11 = par: PAR/Irradiance, Biospherical/Licor
# name 12 = bat: Beam Attenuation, Chelsea/Seatech [1/m]
# name 13 = xmiss: Beam Transmission, Chelsea/Seatech [%]
# name 14 = altM: Altimeter [m]
# name 15 = sbeox0Mm/Kg: Oxygen, SBE 43 [umol/kg]
# name 16 = sbeox0ML/L: Oxygen, SBE 43 [ml/l]
# name 17 = spar: SPAR/Surface Irradiance
# name 18 = pumps: Pump Status
# name 19 = nbin: number of scans per bin
# name 20 = flag: flag
# span 0 =   38.91512,   38.91562       
# span 1 =  -68.99193,  -68.98892       
# span 2 =    10.6160,    14.6830       
# span 3 =   3.791016,   4.352185       
# span 4 =    33.6033,    35.8382       
# span 5 =      2.214,    199.903       
# span 6 =      2.231,    201.525       
# span 7 =    10.6163,    14.6830       
# span 8 =   3.791029,   4.352265       
# span 9 =    33.7180,    35.8399       
# span 10 =     0.0038,     3.0489      
# span 11 = 1.0000e-12, 1.0569e+01      
# span 12 =    -0.0152,     0.3710      
# span 13 =    91.1402,   100.3814      
# span 14 =       2.69,      98.68      
# span 15 =    146.465,    412.639      
# span 16 =     3.3674,     9.4765      
# span 17 = 2.5279e+02, 5.1807e+02      
# span 18 =          0,          1      
# span 19 =          1,        594      
# span 20 = 0.0000e+00, 0.0000e+00      
# interval = decibars: 1                
# start_time = Apr 24 2012 22:03:56 [NMEA time, header]
# bad_flag = -9.990e-29
*END*
[from data line 345]
   38.91532  -68.99048    13.4659   4.173807    35.2855     55.542     55.973    13.4656   4.175352    35.3005     0.0511 1.1231e-02     0.0002    99.9959      98.57    227.018     5.2181 2.8574e+02          1         20 0.0000e+00
   38.91532  -68.99048    13.3313   4.156177    35.2464     54.561     54.984    13.4480   4.172238    35.2876     0.0545 1.0000e-12     0.0005    99.9884      98.57    227.452     5.2280 2.8552e+02          1         24 0.0000e+00
   38.91532  -68.99048    13.2969   4.151102    35.2299     53.559     53.974    13.3173   4.154102    35.2395     0.0830 3.2009e-03     0.0012    99.9695      98.57    227.897     5.2382 2.8420e+02          1         39 0.0000e+00
   38.91532  -68.99050    13.2872   4.149860    35.2262     52.634     53.042    13.2662   4.147500    35.2243     0.1044 9.9400e-03     0.0020    99.9504      98.57    229.177     5.2676 2.8409e+02          1         39 0.0000e+00
   38.91532  -68.99050    13.1937   4.136389    35.1866     51.636     52.036    13.2325   4.142123    35.2044     0.0994 4.4078e-04     0.0024    99.9409      98.57    230.075     5.2882 2.8380e+02          1         22 0.0000e+00
   38.91532  -68.99050    13.0965   4.123489    35.1560     50.606     50.998    13.1260   4.129366    35.1843     0.1070 1.0000e-12     0.0027    99.9338      98.57    229.912     5.2845 2.8355e+02          1         17 0.0000e+00
   38.91532  -68.99050    13.0493   4.117140    35.1401     49.563     49.947    13.0676   4.120404    35.1542     0.1178 1.0000e-12     0.0059    99.8519      98.58    229.307     5.2705 2.8388e+02          1         15 0.0000e+00
   38.91532  -68.99050    13.0243   4.113480    35.1286     48.595     48.972    13.0508   4.117790    35.1448     0.1031 9.7753e-04     0.0054    99.8658      98.57    229.610     5.2775 2.8381e+02          1         17 0.0000e+00
   38.91532  -68.99051    12.9718   4.106454    35.1109     47.601     47.970    12.9692   4.107841    35.1272     0.1147 2.5133e-03     0.0056    99.8603      98.56    230.897     5.3070 2.8430e+02          1         22 0.0000e+00
   38.91532  -68.99052    12.8497   4.090046    35.0694     46.599     46.959    12.8496   4.091549    35.0843     0.1399 5.6020e-04     0.0073    99.8174      98.57    232.481     5.3434 2.8336e+02          1         34 0.0000e+00
   38.91532  -68.99052    12.5678   4.053154    34.9823     45.658     46.011    12.5907   4.059888    35.0257     0.1571 1.0000e-12     0.0085    99.7872      98.57    233.461     5.3659 2.8093e+02          1         34 0.0000e+00
   38.91532  -68.99052    12.1758   4.000063    34.8416     44.668     45.013    12.3383   4.023364    34.9124     0.1978 7.3770e-06     0.0138    99.6550      98.57    235.143     5.4044 2.7893e+02          1         23 0.0000e+00
   38.91532  -68.99052    11.8972   3.963775    34.7526     43.690     44.027    12.0507   3.988187    34.8444     0.2289 1.0000e-12     0.0250    99.3777      98.57    235.367     5.4094 2.7936e+02          1         21 0.0000e+00
   38.91532  -68.99052    11.8779   3.961153    34.7428     42.676     43.006    11.9662   3.973429    34.7793     0.2437 1.0000e-12     0.0304    99.2436       9.69    235.347     5.4090 2.8094e+02          1         19 0.0000e+00
   38.91532  -68.99052    11.8137   3.952987    34.7222     41.657     41.979    11.8412   3.958646    34.7526     0.2654 4.9707e-04     0.0302    99.2477      97.95    237.985     5.4696 2.8259e+02          1         19 0.0000e+00
   38.91532  -68.99052    11.7976   3.950920    34.7150     40.630     40.944    11.7984   3.951940    34.7255     0.3007 2.6395e-05     0.0322    99.1990      98.57    241.256     5.5447 2.8319e+02          1         23 0.0000e+00
   38.91532  -68.99052    11.7870   3.949454    34.7078     39.627     39.933    11.8030   3.951949    34.7179     0.3301 1.0000e-12     0.0348    99.1344      98.57    242.526     5.5739 2.8329e+02          1         33 0.0000e+00
   38.91532  -68.99052    11.7836   3.949020    34.7036     38.758     39.057    11.7665   3.946844    34.6996     0.4119 5.8817e-03     0.0377    99.0626      98.57    243.073     5.5864 2.8069e+02          1         36 0.0000e+00
   38.91532  -68.99052    11.7305   3.940591    34.6698     37.788     38.079    11.7202   3.939904    34.6737     0.4765 4.9743e-03     0.0397    99.0134      98.57    243.855     5.6043 2.7738e+02          1         23 0.0000e+00
   38.91532  -68.99052    11.5528   3.916750    34.6049     36.751     37.034    11.6375   3.930606    34.6605     0.4976 5.9510e-03     0.0557    98.6177      98.58    244.807     5.6261 2.7474e+02          1         18 0.0000e+00
   38.91532  -68.99052    11.2618   3.880153    34.5222     35.748     36.023    11.3246   3.895515    34.6146     0.6143 6.5882e-04     0.0626    98.4471      98.57    246.627     5.6679 2.7367e+02          1         16 0.0000e+00
   38.91532  -68.99052    11.1411   3.865904    34.4954     34.744     35.012    11.1395   3.866512    34.5039     0.5988 1.0000e-12     0.0665    98.3507      98.57    247.309     5.6836 2.7353e+02          1         16 0.0000e+00
   38.91532  -68.99052    11.0769   3.858007    34.4763     33.725     33.985    11.0625   3.857294    34.4839     0.6130 1.0000e-12     0.0699    98.2687      98.58    247.684     5.6922 2.7540e+02          1         26 0.0000e+00
   38.91532  -68.99056    10.9312   3.839872    34.4261     32.911     33.165    10.9260   3.839857    34.4313     0.7258 6.1363e-03     0.0719    98.2187      98.57    251.188     5.7726 2.7756e+02          1        149 0.0000e+00
   38.91532  -68.99058    10.6793   3.807334    34.3279     31.732     31.977    10.6724   3.806884    34.3300     1.0083 7.3609e-04     0.1105    97.2750      98.57    253.516     5.8259 2.7181e+02          1        317 0.0000e+00
   38.91531  -68.99069    10.6521   3.803335    34.3064     30.864     31.102    10.6500   3.803192    34.3071     1.1305 1.0416e-02     0.1263    96.8912      98.59    254.199     5.8416 2.6394e+02          1        338 0.0000e+00
   38.91530  -68.99084    10.6526   3.803026    34.3028     29.943     30.173    10.6509   3.802916    34.3033     1.1876 1.9267e-02     0.1346    96.6911      98.59    254.715     5.8534 2.5430e+02          1        233 0.0000e+00
   38.91530  -68.99089    10.6160   3.791016    34.2173     28.702     28.923    10.6163   3.791029    34.2171     1.6575 4.2238e-02     0.1829    95.5324      88.72    260.384     5.9833 2.5279e+02          1        177 0.0000e+00
   38.91529  -68.99095    10.7295   3.793425    34.1339     27.942     28.157    10.7304   3.793548    34.1343     2.4173 4.8459e-02     0.2956    92.8797      95.34    270.184     6.2080 2.5364e+02          1        594 0.0000e+00
   38.91528  -68.99104    10.9974   3.815760    34.1021     26.761     26.966    10.9775   3.813513    34.0988     2.3796 1.1197e-02     0.3170    92.3808      82.70    264.913     6.0865 2.5727e+02          1         21 0.0000e+00
   38.91526  -68.99111    11.0326   3.818637    34.1011     26.075     26.275    11.0320   3.818677    34.1021     2.7194 9.3792e-02     0.3276    92.1367      96.26    273.269     6.2784 2.5771e+02          1        196 0.0000e+00
   38.91524  -68.99125    11.1142   3.825240    34.0933     24.940     25.132    11.1392   3.827461    34.0918     3.0489 7.6522e-02     0.3302    92.0773      98.61    276.517     6.3529 2.7411e+02          1        188 0.0000e+00
   38.91524  -68.99126    11.1589   3.828974    34.0896     23.840     24.023    11.1592   3.828210    34.0821     2.8717 1.7122e-02     0.3315    92.0470      98.61    276.889     6.3614 2.7538e+02          1         22 0.0000e+00
   38.91524  -68.99126    11.2050   3.832632    34.0828     22.756     22.931    11.2163   3.833480    34.0807     2.9483 2.6870e-02     0.3307    92.0642      98.61    276.053     6.3421 2.7726e+02          1         27 0.0000e+00
   38.91524  -68.99128    11.2317   3.834685    34.0789     22.071     22.240    11.2454   3.835559    34.0751     2.8529 8.5251e-02     0.3326    92.0211      98.60    276.844     6.3602 2.8386e+02          1         47 0.0000e+00
   38.91524  -68.99128    11.2829   3.838717    34.0715     20.797     20.956    11.3429   3.842244    34.0503     2.7659 1.7573e-01     0.3336    91.9998      98.58    276.342     6.3486 3.0462e+02          1         16 0.0000e+00
   38.91524  -68.99129    11.3568   3.844386    34.0596     19.992     20.145    11.4189   3.849301    34.0506     2.7290 2.7180e-01     0.3345    91.9781      98.61    277.263     6.3696 4.2010e+02          1         63 0.0000e+00
   38.91524  -68.99131    11.3784   3.845986    34.0576     18.746     18.890    11.5109   3.856199    34.0346     2.7146 4.1769e-01     0.3329    92.0142      98.61    277.468     6.3743 5.1807e+02          1         44 0.0000e+00
   38.91524  -68.99132    11.5666   3.861031    34.0328     17.886     18.023    11.6034   3.863530    34.0237     2.3500 9.1708e-01     0.3336    91.9988      98.61    278.150     6.3896 4.9632e+02          1         20 0.0000e+00
   38.91522  -68.99139    11.9115   3.890179    34.0027     16.974     17.104    11.9592   3.894095    33.9966     1.9878 6.9477e-01     0.3328    92.0158      98.61    275.882     6.3370 4.3974e+02          1         73 0.0000e+00
   38.91520  -68.99151    12.3368   3.926756    33.9715     16.032     16.155    12.3668   3.929308    33.9683     1.5468 1.0568e+00     0.3308    92.0612      98.62    275.199     6.3206 4.2100e+02          1         49 0.0000e+00
   38.91520  -68.99152    12.3621   3.928886    33.9693     14.849     14.963    12.3793   3.930529    33.9694     1.4921 1.8609e+00     0.3307    92.0652      98.62    275.008     6.3162 4.0533e+02          1         31 0.0000e+00
   38.91519  -68.99153    12.3998   3.932225    33.9676     14.076     14.184    12.3869   3.931207    33.9699     1.4746 5.5194e-01     0.3315    92.0461      60.69    274.498     6.3044 3.9987e+02          1         46 0.0000e+00
   38.91519  -68.99155    12.4177   3.933708    33.9665     13.046     13.145    12.4033   3.932411    33.9672     1.4664 4.5340e-01     0.3314    92.0473       5.75    274.159     6.2966 3.4072e+02          1        102 0.0000e+00
   38.91520  -68.99158    12.4368   3.935416    33.9660     11.774     11.864    12.4307   3.934883    33.9663     1.4539 5.1017e-01     0.3308    92.0617       5.79    274.084     6.2949 3.1161e+02          1         46 0.0000e+00
   38.91517  -68.99157    12.4313   3.934845    33.9662     10.975     11.059    12.4270   3.934515    33.9669     1.4897 6.0544e-01     0.3317    92.0414       6.10    274.398     6.3021 3.0183e+02          1         45 0.0000e+00
   38.91520  -68.99160    12.4474   3.936276    33.9656      9.844      9.919    12.4364   3.935236    33.9657     1.4592 8.4339e-01     0.3312    92.0528       5.79    274.385     6.3018 3.0524e+02          1         49 0.0000e+00
   38.91517  -68.99169    12.4554   3.936929    33.9657      9.026      9.095    12.4587   3.937247    33.9657     1.4058 2.0624e+00     0.3322    92.0297       4.60    274.244     6.2985 3.8698e+02          1        262 0.0000e+00
   38.91516  -68.99172    12.4347   3.935108    33.9676      7.896      7.956    12.4446   3.935976    33.9668     1.4248 2.5690e+00     0.3343    91.9832       5.49    274.511     6.3047 3.6230e+02          1         31 0.0000e+00
   38.91516  -68.99172    12.3986   3.932028    33.9714      7.271      7.327    12.4097   3.933008    33.9706     1.4646 4.7764e+00     0.3347    91.9727       5.53    274.934     6.3145 3.9806e+02          1        113 0.0000e+00
   38.91516  -68.99173    12.4144   3.933195    33.9678      5.946      5.991    12.4033   3.932347    33.9699     1.4597 3.7237e+00     0.3332    92.0081       7.74    275.177     6.3200 3.6873e+02          1        135 0.0000e+00
   38.91514  -68.99174    12.4094   3.932696    33.9683      4.932      4.970    12.4034   3.932254    33.9695     1.4235 2.9971e+00     0.3324    92.0254       8.41    274.929     6.3143 3.8144e+02          1         30 0.0000e+00
   38.91513  -68.99185    12.4577   3.936934    33.9656      4.055      4.085    12.4540   3.936613    33.9659     1.3869 3.9485e+00     0.3309    92.0607       7.90    274.014     6.2932 3.0015e+02          1        231 0.0000e+00
   38.91512  -68.99191    12.4550   3.936637    33.9660      3.130      3.153    12.4603   3.937180    33.9662     1.3435 5.8034e+00     0.3310    92.0577       6.20    274.361     6.3012 2.6307e+02          1        152 0.0000e+00
   38.91512  -68.99193    12.4359   3.934963    33.9676      2.214      2.231    12.4387   3.935243    33.9679     1.3592 4.8162e+00     0.3317    92.0424       8.53    274.475     6.3038 2.5863e+02          1        139 0.0000e+00
