Data/ruptures/KN207-01/QL-1/20701024.cnv
* Sea-Bird SBE 9 Data File:
* FileName = C:\Data\ctd\20701024.hex
* Software Version Seasave V 7.21e
* Temperature SN = 4406
* Conductivity SN = 1474
* Number of Bytes Per Scan = 40
* Number of Voltage Words = 5
* Number of Scans Averaged by the Deck Unit = 1
* NMEA Latitude = 38 55.90 N
* NMEA Longitude = 068 57.59 W
* NMEA UTC (Time) = Apr 24 2012 18:56:38
** R/V Knorr Cruise # KN207-01 QL1
** Chief Scientist: Ben Van Mooy
# nquan = 21
# nvalues = 400                         
# units = specified
# name 0 = latitude: Latitude [deg]
# name 1 = longitude: Longitude [deg]
# name 2 = t090C: Temperature [ITS-90, deg C]
# name 3 = c0S/m: Conductivity [S/m]
# name 4 = sal00: Salinity, Practical [PSU]
# name 5 = depSM: Depth [salt water, m]
# name 6 = prDM: Pressure, Digiquartz [db]
# name 7 = t190C: Temperature, 2 [ITS-90, deg C]
# name 8 = c1S/m: Conductivity, 2 [S/m]
# name 9 = sal11: Salinity, Practical, 2 [PSU]
# name 10 = flECO-AFL: Fluorescence, WET Labs ECO-AFL/FL [mg/m^3]
# name 11 = par: PAR/Irradiance, Biospherical/Licor
# name 12 = bat: Beam Attenuation, Chelsea/Seatech [1/m]
# name 13 = xmiss: Beam Transmission, Chelsea/Seatech [%]
# name 14 = altM: Altimeter [m]
# name 15 = sbeox0Mm/Kg: Oxygen, SBE 43 [umol/kg]
# name 16 = sbeox0ML/L: Oxygen, SBE 43 [ml/l]
# name 17 = spar: SPAR/Surface Irradiance
# name 18 = pumps: Pump Status
# name 19 = nbin: number of scans per bin
# name 20 = flag: flag
# span 0 =   38.93116,   38.93172       
# span 1 =  -68.96189,  -68.95997       
# span 2 =    11.3695,    14.7552       
# span 3 =   3.869582,   4.364336       
# span 4 =    33.8370,    35.8294       
# span 5 =      3.193,    200.912       
# span 6 =      3.218,    202.543       
# span 7 =    11.3588,    14.7550       
# span 8 =   3.870154,   4.364368       
# span 9 =    33.9406,    35.8337       
# span 10 =     0.0029,     2.3802      
# span 11 = 5.5913e-04, 1.1917e+02      
# span 12 =    -0.0151,     0.3241      
# span 13 =    92.2167,   100.3791      
# span 14 =       6.76,      98.66      
# span 15 =    146.685,    438.914      
# span 16 =     3.3725,    10.0816      
# span 17 = 5.6892e+02, 2.2801e+03      
# span 18 =          1,          1      
# span 19 =         10,        273      
# span 20 = 0.0000e+00, 0.0000e+00      
# interval = decibars: 1                
# start_time = Apr 24 2012 18:56:38 [NMEA time, header]
# bad_flag = -9.990e-29
*END*
[from data line 207]
   38.93132  -68.96092    13.8806   4.274169    35.7779    193.425    194.992    13.8778   4.273554    35.7752     0.0201 7.7660e-04    -0.0144   100.3611      98.54    147.469     3.3906 2.0252e+03          1         19 0.0000e+00
   38.93132  -68.96092    13.9070   4.277058    35.7805    192.416    193.974    13.9023   4.275982    35.7752     0.0361 7.7366e-04    -0.0141   100.3544      98.54    147.477     3.3908 6.6651e+02          1         20 0.0000e+00
   38.93132  -68.96092    13.9436   4.280874    35.7820    191.397    192.947    13.9308   4.279298    35.7796     0.0368 7.7546e-04    -0.0142   100.3557      98.54    147.101     3.3821 5.9112e+02          1         31 0.0000e+00
   38.93132  -68.96093    13.9453   4.281139    35.7839    190.512    192.053    13.9320   4.279795    35.7841     0.0306 7.8351e-04    -0.0147   100.3678      98.54    147.260     3.3858 5.9777e+02          1         51 0.0000e+00
   38.93132  -68.96094    13.9692   4.283054    35.7799    189.497    191.030    13.9679   4.283175    35.7823     0.0239 8.0248e-04    -0.0142   100.3549      98.54    147.059     3.3811 6.0213e+02          1         31 0.0000e+00
   38.93132  -68.96094    14.0485   4.292485    35.7932    188.479    190.003    14.0260   4.289019    35.7823     0.0230 8.2950e-04    -0.0124   100.3099      98.55    146.685     3.3725 1.4492e+03          1         23 0.0000e+00
   38.93132  -68.96094    14.1178   4.300057    35.7986    187.496    189.011    14.1174   4.299109    35.7901     0.0292 8.3459e-04    -0.0150   100.3756      98.55    146.992     3.3795 2.0622e+03          1         22 0.0000e+00
   38.93132  -68.96095    14.1671   4.305428    35.8028    186.509    188.016    14.1691   4.305163    35.7983     0.0228 8.7849e-04    -0.0147   100.3696      98.55    147.517     3.3916 1.3082e+03          1         24 0.0000e+00
   38.93132  -68.96096    14.2507   4.314546    35.8091    185.508    187.007    14.2217   4.310508    35.7992     0.0548 9.1479e-04    -0.0143   100.3591      98.55    147.603     3.3935 5.7910e+02          1         23 0.0000e+00
   38.93132  -68.96096    14.2934   4.319336    35.8143    184.516    186.007    14.2726   4.316203    35.8048     0.0405 9.3898e-04    -0.0147   100.3692      98.55    148.382     3.4114 5.8071e+02          1         21 0.0000e+00
   38.93132  -68.96096    14.3240   4.322978    35.8202    183.542    185.024    14.3043   4.320216    35.8131     0.0263 9.7606e-04    -0.0149   100.3728      98.54    149.520     3.4376 5.8691e+02          1         18 0.0000e+00
   38.93132  -68.96096    14.3504   4.325566    35.8203    182.541    184.014    14.3256   4.322707    35.8171     0.0288 1.0230e-03    -0.0150   100.3757      98.54    150.728     3.4653 5.9137e+02          1         18 0.0000e+00
   38.93132  -68.96096    14.3527   4.324955    35.8136    181.505    182.970    14.3483   4.324520    35.8134     0.0509 1.0677e-03    -0.0144   100.3602      98.54    151.808     3.4901 5.9440e+02          1         17 0.0000e+00
   38.93131  -68.96095    14.3608   4.324646    35.8042    180.472    181.928    14.3583   4.324463    35.8046     0.0325 1.0639e-03    -0.0142   100.3557      98.55    152.626     3.5089 5.9679e+02          1         24 0.0000e+00
   38.93130  -68.96094    14.3529   4.324587    35.8130    179.661    181.111    14.3526   4.324447    35.8117     0.0307 1.1047e-03    -0.0140   100.3517      76.24    156.628     3.6009 5.9388e+02          1         71 0.0000e+00
   38.93130  -68.96094    14.3540   4.324579    35.8133    178.593    180.033    14.3547   4.324071    35.8078     0.0467 1.1380e-03    -0.0144   100.3611      98.66    158.596     3.6462 5.8349e+02          1         19 0.0000e+00
   38.93130  -68.96094    14.4094   4.329088    35.8031    177.566    178.998    14.3857   4.326070    35.7976     0.0433 1.3312e-03    -0.0142   100.3557      98.55    156.264     3.5925 5.7933e+02          1         14 0.0000e+00
   38.93132  -68.96097    14.4561   4.332336    35.7896    176.579    178.002    14.4303   4.330250    35.7946     0.0210 1.4099e-03    -0.0139   100.3478      98.55    153.936     3.5389 5.7620e+02          1         13 0.0000e+00
   38.93132  -68.96098    14.4370   4.328491    35.7730    175.597    177.012    14.4345   4.328872    35.7787     0.0328 1.3392e-03    -0.0135   100.3373      42.43    152.962     3.5165 5.7551e+02          1         14 0.0000e+00
   38.93132  -68.96098    14.4341   4.327524    35.7676    174.590    175.996    14.4332   4.327526    35.7682     0.0440 1.3698e-03    -0.0135   100.3369       6.76    154.614     3.5544 5.7700e+02          1         15 0.0000e+00
   38.93132  -68.96098    14.4561   4.329709    35.7677    173.579    174.977    14.4603   4.329745    35.7639     0.0178 1.4299e-03    -0.0135   100.3368       6.97    159.425     3.6650 5.8103e+02          1         19 0.0000e+00
   38.93132  -68.96098    14.4840   4.332620    35.7692    172.546    173.935    14.4801   4.332243    35.7693     0.0373 1.4635e-03    -0.0134   100.3358      41.73    166.264     3.8222 5.8882e+02          1         31 0.0000e+00
   38.93131  -68.96098    14.4643   4.330532    35.7699    171.696    173.077    14.4678   4.330895    35.7697     0.0383 1.5064e-03    -0.0132   100.3300      89.53    170.898     3.9288 5.9361e+02          1         52 0.0000e+00
   38.93130  -68.96098    14.5019   4.334486    35.7718    170.647    172.020    14.4756   4.331375    35.7679     0.0070 1.5396e-03    -0.0128   100.3190      98.55    172.077     3.9558 5.9133e+02          1         21 0.0000e+00
   38.93130  -68.96098    14.5986   4.346130    35.7883    169.647    171.011    14.5339   4.337409    35.7690     0.0307 1.5972e-03    -0.0133   100.3330      98.55    170.453     3.9185 5.9073e+02          1         17 0.0000e+00
   38.93130  -68.96098    14.6998   4.357674    35.7999    168.630    169.986    14.6443   4.349913    35.7806     0.0379 1.6571e-03    -0.0138   100.3461      98.54    169.243     3.8906 5.9126e+02          1         16 0.0000e+00
   38.93130  -68.96098    14.7250   4.360782    35.8057    167.655    169.002    14.7077   4.358093    35.7970     0.0467 1.6797e-03    -0.0139   100.3486      98.55    170.565     3.9210 5.9273e+02          1         18 0.0000e+00
   38.93130  -68.96098    14.7321   4.361366    35.8057    166.677    168.016    14.7205   4.360008    35.8038     0.0492 1.7311e-03    -0.0138   100.3448      98.55    177.078     4.0707 7.0600e+02          1         26 0.0000e+00
   38.93130  -68.96100    14.7221   4.359651    35.8009    165.701    167.031    14.7178   4.359320    35.8016     0.0420 1.7757e-03    -0.0134   100.3348      98.55    186.075     4.2775 8.4207e+02          1         32 0.0000e+00
   38.93130  -68.96100    14.7089   4.357306    35.7930    164.726    166.049    14.7115   4.358102    35.7976     0.0475 1.8338e-03    -0.0134   100.3356      98.55    188.362     4.3301 5.7745e+02          1         23 0.0000e+00
   38.93130  -68.96100    14.6923   4.354301    35.7820    163.683    164.996    14.7041   4.357136    35.7967     0.0332 1.8984e-03    -0.0134   100.3349      98.55    189.104     4.3471 5.7530e+02          1         21 0.0000e+00
   38.93130  -68.96100    14.6664   4.349240    35.7607    162.700    164.006    14.6704   4.351197    35.7747     0.0259 1.9706e-03    -0.0141   100.3543      98.55    190.046     4.3688 5.7868e+02          1         19 0.0000e+00
   38.93130  -68.96100    14.6514   4.346474    35.7500    161.741    163.038    14.6580   4.348049    35.7581     0.0453 2.0451e-03    -0.0142   100.3557      98.55    190.988     4.3904 5.8554e+02          1         20 0.0000e+00
   38.93130  -68.96100    14.6421   4.344898    35.7449    160.706    161.995    14.6465   4.346158    35.7522     0.0298 2.1256e-03    -0.0145   100.3639      98.55    192.590     4.4272 5.9264e+02          1         22 0.0000e+00
   38.93130  -68.96100    14.6305   4.342909    35.7382    159.684    160.964    14.6340   4.343800    35.7429     0.0358 2.2090e-03    -0.0141   100.3519      98.55    196.725     4.5222 5.9946e+02          1         27 0.0000e+00
   38.93130  -68.96100    14.6208   4.341057    35.7307    158.748    160.020    14.6293   4.342785    35.7385     0.0421 2.2892e-03    -0.0137   100.3435      98.55    199.932     4.5959 6.2315e+02          1         42 0.0000e+00
   38.93130  -68.96100    14.6158   4.340158    35.7277    157.778    159.042    14.6222   4.341329    35.7324     0.0613 2.3286e-03    -0.0150   100.3755      98.54    201.006     4.6206 5.9112e+02          1         26 0.0000e+00
   38.93130  -68.96101    14.6121   4.339208    35.7229    156.760    158.015    14.6219   4.341589    35.7355     0.0374 2.3918e-03    -0.0142   100.3557      98.55    201.717     4.6370 5.8161e+02          1         19 0.0000e+00
   38.93130  -68.96102    14.6073   4.337944    35.7161    155.761    157.008    14.6103   4.338909    35.7222     0.0294 2.5313e-03    -0.0138   100.3454      98.55    202.025     4.6440 5.7804e+02          1         15 0.0000e+00
   38.93130  -68.96102    14.5981   4.336089    35.7082    154.778    156.017    14.6006   4.336985    35.7141     0.0294 2.6775e-03    -0.0133   100.3334      98.55    201.920     4.6416 5.7744e+02          1         15 0.0000e+00
   38.93130  -68.96102    14.5928   4.334789    35.7015    153.775    155.006    14.5935   4.335053    35.7033     0.0347 2.7795e-03    -0.0133   100.3317      98.55    202.098     4.6457 5.7833e+02          1         15 0.0000e+00
   38.93130  -68.96102    14.6004   4.335523    35.7016    152.773    153.995    14.5988   4.335448    35.7023     0.0304 2.8588e-03    -0.0130   100.3257      98.55    203.541     4.6788 5.8084e+02          1         18 0.0000e+00
   38.93130  -68.96102    14.6073   4.336206    35.7017    151.730    152.943    14.6069   4.336239    35.7024     0.0171 2.9870e-03    -0.0131   100.3271      98.55    206.130     4.7383 5.8806e+02          1         27 0.0000e+00
   38.93130  -68.96102    14.6048   4.335896    35.7016    150.793    151.999    14.6083   4.336383    35.7028     0.0389 3.1132e-03    -0.0126   100.3147      98.55    209.151     4.8078 1.9491e+03          1         47 0.0000e+00
   38.93130  -68.96102    14.6030   4.335623    35.7012    149.833    151.031    14.6054   4.335992    35.7023     0.0289 3.2439e-03    -0.0129   100.3236      98.55    209.066     4.8058 1.9161e+03          1         32 0.0000e+00
   38.93130  -68.96102    14.6059   4.335398    35.6968    148.810    149.999    14.6083   4.336104    35.7010     0.0255 3.3574e-03    -0.0129   100.3214      98.55    208.799     4.7997 5.9269e+02          1         27 0.0000e+00
   38.93130  -68.96102    14.6000   4.334245    35.6921    147.831    149.012    14.6036   4.335337    35.6989     0.0230 3.4431e-03    -0.0122   100.3054      98.55    209.239     4.8098 5.8598e+02          1         23 0.0000e+00
   38.93130  -68.96103    14.5963   4.333578    35.6898    146.844    148.017    14.5958   4.333724    35.6917     0.0214 3.5543e-03    -0.0126   100.3143      98.55    209.926     4.8256 5.8431e+02          1         18 0.0000e+00
   38.93130  -68.96104    14.5826   4.331312    35.6823    145.817    146.981    14.5855   4.332224    35.6881     0.0211 3.7117e-03    -0.0126   100.3146      98.54    210.685     4.8430 5.8711e+02          1         15 0.0000e+00
   38.93130  -68.96104    14.5641   4.328504    35.6742    144.796    145.952    14.5696   4.329653    35.6797     0.0289 3.8101e-03    -0.0116   100.2906      98.55    211.688     4.8660 5.8904e+02          1         15 0.0000e+00
   38.93130  -68.96104    14.5563   4.327317    35.6710    143.835    144.982    14.5579   4.327773    35.6738     0.0260 3.9098e-03    -0.0113   100.2823      98.55    212.371     4.8817 5.9032e+02          1         14 0.0000e+00
   38.93130  -68.96104    14.5524   4.326743    35.6697    142.880    144.019    14.5567   4.327536    35.6730     0.0213 4.0289e-03    -0.0108   100.2718      98.55    213.060     4.8976 8.6890e+02          1         19 0.0000e+00
   38.93130  -68.96104    14.5468   4.325892    35.6674    141.858    142.989    14.5512   4.326792    35.6716     0.0247 4.2085e-03    -0.0108   100.2707      98.55    214.811     4.9378 2.1610e+03          1         26 0.0000e+00
   38.93130  -68.96105    14.5425   4.325261    35.6660    140.861    141.984    14.5484   4.326216    35.6692     0.0537 4.4378e-03    -0.0108   100.2719      98.55    215.976     4.9646 2.2476e+03          1         27 0.0000e+00
   38.93130  -68.96106    14.5298   4.323445    35.6614    139.867    140.981    14.5451   4.325736    35.6681     0.0320 4.6769e-03    -0.0109   100.2724      98.56    215.793     4.9604 2.1540e+03          1         29 0.0000e+00
   38.93130  -68.96106    14.5264   4.322763    35.6584    138.909    140.015    14.5323   4.323684    35.6615     0.0330 4.9361e-03    -0.0104   100.2617      98.54    215.653     4.9572 8.1112e+02          1         67 0.0000e+00
   38.93130  -68.96106    14.5018   4.319192    35.6489    137.960    139.059    14.5255   4.323001    35.6617     0.0288 5.0506e-03    -0.0108   100.2716      98.54    215.921     4.9633 5.9203e+02          1         22 0.0000e+00
   38.93128  -68.96104    14.4731   4.315040    35.6379    136.920    138.010    14.4931   4.318710    35.6531     0.0286 5.2580e-03    -0.0107   100.2676      98.55    216.690     4.9810 5.8921e+02          1         14 0.0000e+00
   38.93128  -68.96104    14.4595   4.313109    35.6332    135.936    137.018    14.4648   4.314397    35.6403     0.0255 5.3794e-03    -0.0100   100.2506      98.55    216.675     4.9806 5.8727e+02          1         11 0.0000e+00
   38.93128  -68.96104    14.4535   4.312240    35.6311    134.950    136.024    14.4546   4.312678    35.6343     0.0075 5.5361e-03    -0.0099   100.2482      98.56    216.469     4.9759 5.8666e+02          1         11 0.0000e+00
   38.93128  -68.96104    14.4436   4.310760    35.6270    133.924    134.990    14.4439   4.311179    35.6309     0.0075 5.7762e-03    -0.0093   100.2319      98.55    216.621     4.9794 5.8524e+02          1         11 0.0000e+00
   38.93128  -68.96104    14.4321   4.309091    35.6228    132.908    133.965    14.4375   4.310153    35.6276     0.0450 6.0159e-03    -0.0089   100.2229      98.56    216.894     4.9857 5.9726e+02          1         12 0.0000e+00
   38.93128  -68.96104    14.4296   4.308755    35.6223    131.936    132.984    14.4312   4.309235    35.6253     0.0441 6.2369e-03    -0.0086   100.2153      98.55    217.370     4.9966 1.7075e+03          1         13 0.0000e+00
   38.93128  -68.96104    14.4220   4.307625    35.6191    130.902    131.943    14.4238   4.308022    35.6213     0.0480 6.5167e-03    -0.0086   100.2157      98.55    218.082     5.0130 2.1867e+03          1         29 0.0000e+00
   38.93130  -68.96109    14.4384   4.310036    35.6257    130.079    131.113    14.4430   4.310642    35.6271     0.0533 6.8597e-03    -0.0096   100.2388      98.55    218.709     5.0274 2.1440e+03          1         64 0.0000e+00
   38.93130  -68.96110    14.4496   4.311551    35.6294    128.987    130.012    14.4522   4.312282    35.6338     0.0444 7.2459e-03    -0.0088   100.2192      98.55    218.274     5.0174 1.0557e+03          1         29 0.0000e+00
   38.93130  -68.96110    14.4070   4.305447    35.6135    127.975    128.991    14.4141   4.306927    35.6206     0.0306 7.5260e-03    -0.0095   100.2384      98.55    217.973     5.0104 5.9248e+02          1         23 0.0000e+00
   38.93129  -68.96109    14.3741   4.300794    35.6016    126.992    128.000    14.3908   4.303602    35.6120     0.0377 7.8020e-03    -0.0097   100.2415      98.56    217.975     5.0105 5.9153e+02          1         27 0.0000e+00
