Data/ruptures/KN207-01/QL-1/20701011.cnv
* Sea-Bird SBE 9 Data File:
* FileName = C:\Data\ctd\20701011.hex
* Software Version Seasave V 7.21e
* Temperature SN = 4406
* Conductivity SN = 1474
* Number of Bytes Per Scan = 40
* Number of Voltage Words = 5
* Number of Scans Averaged by the Deck Unit = 1
* NMEA Latitude = 39 00.12 N
* NMEA Longitude = 069 00.18 W
* NMEA UTC (Time) = Apr 23 2012 04:39:07
** R/V Knorr Cruise # KN207-01 QL1
** Chief Scientist: Ben Van Mooy
# nquan = 21
# nvalues = 3190                        
# units = specified
# name 0 = latitude: Latitude [deg]
# name 1 = longitude: Longitude [deg]
# name 2 = t090C: Temperature [ITS-90, deg C]
# name 3 = c0S/m: Conductivity [S/m]
# name 4 = sal00: Salinity, Practical [PSU]
# name 5 = depSM: Depth [salt water, m]
# name 6 = prDM: Pressure, Digiquartz [db]
# name 7 = t190C: Temperature, 2 [ITS-90, deg C]
# name 8 = c1S/m: Conductivity, 2 [S/m]
# name 9 = sal11: Salinity, Practical, 2 [PSU]
# name 10 = flECO-AFL: Fluorescence, WET Labs ECO-AFL/FL [mg/m^3]
# name 11 = par: PAR/Irradiance, Biospherical/Licor
# name 12 = bat: Beam Attenuation, Chelsea/Seatech [1/m]
# name 13 = xmiss: Beam Transmission, Chelsea/Seatech [%]
# name 14 = altM: Altimeter [m]
# name 15 = sbeox0Mm/Kg: Oxygen, SBE 43 [umol/kg]
# name 16 = sbeox0ML/L: Oxygen, SBE 43 [ml/l]
# name 17 = spar: SPAR/Surface Irradiance
# name 18 = pumps: Pump Status
# name 19 = nbin: number of scans per bin
# name 20 = flag: flag
# span 0 =   39.00202,   39.00414       
# span 1 =  -69.00316,  -69.00106       
# span 2 =     3.7524,    14.7596       
# span 3 =   3.299319,   4.361426       
# span 4 =    33.5262,    35.8111       
# span 5 =      3.441,   1579.543       
# span 6 =      3.467,   1597.692       
# span 7 =     3.7520,    14.7595       
# span 8 =   3.299314,   4.361536       
# span 9 =    33.9446,    35.8267       
# span 10 =    -0.0117,     2.7397      
# span 11 = 1.0000e-12, 1.0000e-12      
# span 12 =    -0.0324,     0.3286      
# span 13 =    92.1138,   100.8124      
# span 14 =       1.42,      98.86      
# span 15 =    131.144,    472.474      
# span 16 =     3.0162,    10.8518      
# span 17 = 1.3105e+01, 1.5615e+01      
# span 18 =          1,          1      
# span 19 =          6,        814      
# span 20 = 0.0000e+00, 0.0000e+00      
# interval = decibars: 1                
# start_time = Apr 23 2012 04:39:07 [NMEA time, header]
# bad_flag = -9.990e-29
*END*
[from data line 414]
   39.00220  -69.00256     7.4083   3.593065    35.0891    414.410    417.994     7.4083   3.593195    35.0905     0.0154 1.0000e-12    -0.0253   100.6345      98.60    165.319     3.8033 1.3556e+01          1         13 0.0000e+00
   39.00220  -69.00256     7.3986   3.592127    35.0881    415.457    419.051     7.3987   3.592425    35.0913     0.0289 1.0000e-12    -0.0243   100.6087      98.59    165.231     3.8013 1.3971e+01          1         19 0.0000e+00
   39.00220  -69.00256     7.3898   3.591374    35.0880    416.481    420.085     7.3901   3.591513    35.0892     0.0267 1.0000e-12    -0.0253   100.6346      98.60    165.471     3.8068 1.3913e+01          1         59 0.0000e+00
   39.00221  -69.00253     7.3855   3.590990    35.0873    417.339    420.951     7.3849   3.591044    35.0885     0.0379 1.0000e-12    -0.0254   100.6379      98.60    165.921     3.8171 1.3719e+01          1         40 0.0000e+00
   39.00222  -69.00250     7.3684   3.589344    35.0863    418.331    421.953     7.3684   3.589615    35.0893     0.0187 1.0000e-12    -0.0249   100.6243      98.60    166.292     3.8257 1.4076e+01          1         29 0.0000e+00
   39.00222  -69.00250     7.3514   3.587742    35.0857    419.369    423.001     7.3514   3.587939    35.0879     0.0456 1.0000e-12    -0.0265   100.6631      98.60    166.331     3.8266 1.3477e+01          1         24 0.0000e+00
   39.00222  -69.00250     7.3345   3.586101    35.0847    420.379    424.021     7.3343   3.586371    35.0878     0.0276 1.0000e-12    -0.0258   100.6471      98.59    166.284     3.8255 1.4004e+01          1         18 0.0000e+00
   39.00222  -69.00250     7.3176   3.584448    35.0835    421.336    424.987     7.3181   3.584901    35.0879     0.0247 1.0000e-12    -0.0256   100.6399      98.60    166.474     3.8299 1.3736e+01          1         19 0.0000e+00
   39.00221  -69.00251     7.2741   3.580168    35.0812    422.319    425.979     7.2751   3.580941    35.0886     0.0324 1.0000e-12    -0.0257   100.6439      98.59    167.142     3.8453 1.3971e+01          1         19 0.0000e+00
   39.00220  -69.00252     7.2192   3.574916    35.0800    423.334    427.005     7.2191   3.575372    35.0851     0.0391 1.0000e-12    -0.0258   100.6471      98.60    167.481     3.8531 1.4021e+01          1         21 0.0000e+00
   39.00220  -69.00252     7.2027   3.573393    35.0796    424.301    427.981     7.2031   3.573631    35.0817     0.0147 1.0000e-12    -0.0255   100.6385      98.60    167.683     3.8578 1.3619e+01          1         19 0.0000e+00
   39.00220  -69.00252     7.1986   3.573049    35.0790    425.277    428.966     7.1987   3.573182    35.0804     0.0035 1.0000e-12    -0.0263   100.6599      98.59    168.146     3.8684 1.4252e+01          1         18 0.0000e+00
   39.00220  -69.00252     7.1959   3.572820    35.0784    426.281    429.980     7.1959   3.572982    35.0802     0.0097 1.0000e-12    -0.0258   100.6466      98.60    169.009     3.8883 1.4206e+01          1         19 0.0000e+00
   39.00220  -69.00252     7.1910   3.572416    35.0782    427.273    430.982     7.1908   3.572509    35.0795     0.0178 1.0000e-12    -0.0263   100.6588      98.60    170.155     3.9146 1.3736e+01          1         19 0.0000e+00
   39.00221  -69.00251     7.1893   3.572301    35.0777    428.355    432.075     7.1892   3.572399    35.0788     0.0369 1.0000e-12    -0.0265   100.6635      98.59    170.651     3.9261 1.3912e+01          1         38 0.0000e+00
   39.00222  -69.00250     7.1873   3.572156    35.0770    429.161    432.888     7.1877   3.572306    35.0782     0.0227 1.0000e-12    -0.0266   100.6675      98.60    170.596     3.9248 1.3921e+01          1         54 0.0000e+00
   39.00222  -69.00250     7.1855   3.572057    35.0768    430.267    434.005     7.1854   3.572139    35.0777     0.0286 1.0000e-12    -0.0265   100.6654      98.60    170.625     3.9255 1.3809e+01          1         21 0.0000e+00
   39.00222  -69.00250     7.1768   3.571210    35.0758    431.252    435.000     7.1774   3.571621    35.0797     0.0343 1.0000e-12    -0.0266   100.6656      98.60    170.654     3.9261 1.3971e+01          1         19 0.0000e+00
   39.00220  -69.00250     7.1386   3.567445    35.0737    432.226    435.984     7.1391   3.568190    35.0813     0.0324 1.0000e-12    -0.0267   100.6685      98.60    170.794     3.9294 1.3880e+01          1         18 0.0000e+00
   39.00220  -69.00250     7.1071   3.564578    35.0743    433.226    436.993     7.1072   3.564722    35.0758     0.0212 1.0000e-12    -0.0262   100.6574      98.59    170.870     3.9311 1.3619e+01          1         19 0.0000e+00
   39.00220  -69.00250     7.1063   3.564527    35.0737    434.190    437.967     7.1063   3.564628    35.0749     0.0059 1.0000e-12    -0.0258   100.6471      98.60    170.554     3.9238 1.3880e+01          1         18 0.0000e+00
   39.00220  -69.00250     7.1050   3.564438    35.0733    435.185    438.971     7.1052   3.564575    35.0746     0.0143 1.0000e-12    -0.0260   100.6520      98.60    170.734     3.9280 1.4446e+01          1         21 0.0000e+00
   39.00220  -69.00250     7.0997   3.563960    35.0728    436.200    439.995     7.0995   3.564109    35.0746     0.0376 1.0000e-12    -0.0267   100.6693      98.60    171.490     3.9454 1.3830e+01          1         20 0.0000e+00
   39.00220  -69.00250     7.0957   3.563615    35.0724    437.183    440.988     7.0952   3.563757    35.0745     0.0246 1.0000e-12    -0.0268   100.6722      98.61    172.288     3.9637 1.3942e+01          1         16 0.0000e+00
   39.00220  -69.00249     7.0803   3.562160    35.0717    438.192    442.007     7.0804   3.562414    35.0745     0.0069 1.0000e-12    -0.0258   100.6461      98.59    172.604     3.9710 1.3909e+01          1         17 0.0000e+00
   39.00220  -69.00248     7.0680   3.561008    35.0711    439.238    443.064     7.0680   3.561232    35.0736     0.0215 1.0000e-12    -0.0261   100.6549      98.60    172.783     3.9751 1.3992e+01          1         22 0.0000e+00
   39.00220  -69.00248     7.0652   3.560790    35.0706    439.893    443.725     7.0672   3.561103    35.0720     0.0257 1.0000e-12    -0.0265   100.6635      98.60    173.067     3.9817 1.4004e+01          1         36 0.0000e+00
   39.00220  -69.00246     7.0415   3.558572    35.0699    441.169    445.013     7.0415   3.558828    35.0727     0.0261 1.0000e-12    -0.0263   100.6602      98.60    173.175     3.9842 1.3727e+01          1         13 0.0000e+00
   39.00220  -69.00246     7.0327   3.557730    35.0691    442.158    446.012     7.0329   3.558131    35.0733     0.0275 1.0000e-12    -0.0263   100.6595      98.59    173.228     3.9854 1.3992e+01          1         11 0.0000e+00
   39.00220  -69.00246     7.0137   3.555910    35.0683    443.166    447.030     7.0139   3.556273    35.0721     0.0373 1.0000e-12    -0.0260   100.6504      98.60    173.319     3.9875 1.4070e+01          1         13 0.0000e+00
   39.00220  -69.00246     6.9999   3.554638    35.0681    444.180    448.054     7.0005   3.555043    35.0720     0.0435 1.0000e-12    -0.0254   100.6365      98.60    173.583     3.9936 1.4414e+01          1         13 0.0000e+00
   39.00220  -69.00246     6.9778   3.552582    35.0678    445.154    449.038     6.9779   3.552973    35.0720     0.0214 1.0000e-12    -0.0264   100.6628      98.60    173.689     3.9960 1.3756e+01          1         18 0.0000e+00
   39.00220  -69.00246     6.9511   3.550151    35.0680    446.114    450.007     6.9512   3.550420    35.0709     0.0144 1.0000e-12    -0.0267   100.6699      98.60    174.017     4.0036 1.3715e+01          1         27 0.0000e+00
   39.00220  -69.00245     6.9425   3.549406    35.0678    447.106    451.009     6.9427   3.549554    35.0692     0.0249 1.0000e-12    -0.0249   100.6237      98.60    174.440     4.0133 1.4070e+01          1         26 0.0000e+00
   39.00220  -69.00244     6.9377   3.548977    35.0670    448.105    452.018     6.9377   3.549118    35.0685     0.0251 1.0000e-12    -0.0265   100.6635      98.60    175.684     4.0419 1.3912e+01          1         38 0.0000e+00
   39.00220  -69.00244     6.9331   3.548618    35.0668    448.979    452.900     6.9330   3.548724    35.0681     0.0449 1.0000e-12    -0.0268   100.6717      98.60    176.437     4.0593 1.3888e+01          1         31 0.0000e+00
   39.00220  -69.00244     6.9277   3.548140    35.0663    450.027    453.959     6.9277   3.548293    35.0680     0.0222 1.0000e-12    -0.0271   100.6796      98.60    176.547     4.0618 1.3830e+01          1         20 0.0000e+00
   39.00220  -69.00244     6.9244   3.547874    35.0661    451.044    454.986     6.9243   3.548013    35.0677     0.0176 1.0000e-12    -0.0274   100.6879      98.60    176.773     4.0670 1.4070e+01          1         13 0.0000e+00
   39.00220  -69.00245     6.9056   3.546054    35.0650    452.043    455.994     6.9054   3.546514    35.0703     0.0216 1.0000e-12    -0.0270   100.6779      98.60    176.686     4.0650 1.4574e+01          1         15 0.0000e+00
   39.00220  -69.00246     6.8847   3.544230    35.0661    453.082    457.043     6.8849   3.544468    35.0685     0.0212 1.0000e-12    -0.0267   100.6702      98.60    176.941     4.0709 1.3909e+01          1         17 0.0000e+00
   39.00220  -69.00246     6.8812   3.543983    35.0659    454.143    458.115     6.8816   3.544117    35.0670     0.0143 1.0000e-12    -0.0267   100.6703      98.60    176.976     4.0717 1.3992e+01          1         55 0.0000e+00
   39.00220  -69.00246     6.8711   3.543101    35.0658    454.915    458.894     6.8708   3.543335    35.0687     0.0192 1.0000e-12    -0.0269   100.6753      98.60    177.771     4.0900 1.3979e+01          1         30 0.0000e+00
   39.00219  -69.00245     6.8509   3.541358    35.0669    456.006    459.997     6.8510   3.541497    35.0684     0.0443 1.0000e-12    -0.0264   100.6605      98.59    178.168     4.0991 1.4181e+01          1         14 0.0000e+00
   39.00218  -69.00244     6.8461   3.540981    35.0671    456.993    460.993     6.8453   3.541079    35.0690     0.0386 1.0000e-12    -0.0264   100.6624      98.60    178.305     4.1023 1.3862e+01          1         14 0.0000e+00
   39.00218  -69.00244     6.8395   3.540390    35.0668    457.980    461.990     6.8393   3.540613    35.0695     0.0291 1.0000e-12    -0.0270   100.6770      98.60    178.101     4.0976 1.3570e+01          1         12 0.0000e+00
   39.00218  -69.00244     6.8185   3.538405    35.0663    458.964    462.983     6.8170   3.538746    35.0716     0.0208 1.0000e-12    -0.0269   100.6734      98.60    178.217     4.1003 1.3703e+01          1         14 0.0000e+00
   39.00218  -69.00244     6.8077   3.537553    35.0674    459.980    464.010     6.8078   3.537660    35.0685     0.0143 1.0000e-12    -0.0268   100.6718      98.61    178.407     4.1047 1.4303e+01          1         17 0.0000e+00
   39.00219  -69.00243     6.8115   3.537937    35.0663    461.162    465.203     6.8107   3.537927    35.0671     0.0305 1.0000e-12    -0.0268   100.6715      98.60    179.473     4.1292 1.3772e+01          1         92 0.0000e+00
   39.00220  -69.00242     6.8063   3.537469    35.0656    461.927    465.976     6.8049   3.537553    35.0680     0.0178 1.0000e-12    -0.0273   100.6858      98.60    179.924     4.1396 1.3736e+01          1         19 0.0000e+00
   39.00220  -69.00242     6.7878   3.535749    35.0653    462.959    467.018     6.7877   3.536031    35.0685     0.0154 1.0000e-12    -0.0271   100.6800      98.60    179.800     4.1367 1.4242e+01          1         13 0.0000e+00
   39.00220  -69.00242     6.7782   3.534834    35.0646    463.934    468.002     6.7781   3.535200    35.0688     0.0130 1.0000e-12    -0.0271   100.6796      98.60    179.942     4.1400 1.4053e+01          1         10 0.0000e+00
   39.00220  -69.00242     6.7590   3.533048    35.0644    464.929    469.007     6.7589   3.533431    35.0688     0.0145 1.0000e-12    -0.0268   100.6728      98.60    180.042     4.1423 1.4128e+01          1         12 0.0000e+00
   39.00220  -69.00242     6.7469   3.531985    35.0647    465.931    470.019     6.7469   3.532271    35.0678     0.0262 1.0000e-12    -0.0264   100.6619      98.61    180.010     4.1416 1.3790e+01          1         11 0.0000e+00
   39.00220  -69.00242     6.7274   3.530040    35.0629    466.902    471.000     6.7278   3.530748    35.0704     0.0281 1.0000e-12    -0.0266   100.6679      98.60    180.061     4.1427 1.4340e+01          1         14 0.0000e+00
   39.00218  -69.00244     6.6882   3.526516    35.0642    467.927    472.036     6.6886   3.526790    35.0668     0.0292 1.0000e-12    -0.0268   100.6706      98.60    180.285     4.1479 1.3719e+01          1         20 0.0000e+00
   39.00218  -69.00244     6.6857   3.526326    35.0633    468.978    473.097     6.6856   3.526402    35.0643     0.0291 1.0000e-12    -0.0269   100.6733      98.60    181.129     4.1673 1.4002e+01          1         65 0.0000e+00
   39.00218  -69.00244     6.6791   3.525742    35.0625    469.826    473.953     6.6790   3.525893    35.0642     0.0382 1.0000e-12    -0.0270   100.6777      98.60    182.635     4.2020 1.4393e+01          1         42 0.0000e+00
   39.00220  -69.00240     6.6680   3.524782    35.0625    470.836    474.974     6.6680   3.524917    35.0640     0.0261 1.0000e-12    -0.0272   100.6820      98.60    183.143     4.2137 1.3641e+01          1         26 0.0000e+00
   39.00220  -69.00240     6.6611   3.524156    35.0620    471.829    475.976     6.6613   3.524378    35.0643     0.0375 1.0000e-12    -0.0273   100.6854      98.59    183.247     4.2161 1.3909e+01          1         17 0.0000e+00
   39.00220  -69.00240     6.6547   3.523635    35.0623    472.809    476.966     6.6548   3.523787    35.0639     0.0452 1.0000e-12    -0.0274   100.6879      98.60    183.430     4.2203 1.4242e+01          1         13 0.0000e+00
   39.00220  -69.00240     6.6452   3.522746    35.0618    473.826    477.993     6.6444   3.522927    35.0646     0.0379 1.0000e-12    -0.0270   100.6780      98.60    183.549     4.2230 1.4070e+01          1         13 0.0000e+00
   39.00220  -69.00240     6.6390   3.522256    35.0622    474.864    479.041     6.6390   3.522411    35.0639     0.0237 1.0000e-12    -0.0264   100.6621      98.60    183.306     4.2174 1.3570e+01          1         12 0.0000e+00
   39.00220  -69.00240     6.6359   3.522001    35.0619    475.826    480.013     6.6357   3.522125    35.0635     0.0295 1.0000e-12    -0.0264   100.6622      98.60    183.407     4.2198 1.4070e+01          1         13 0.0000e+00
   39.00220  -69.00240     6.6330   3.521774    35.0617    476.875    481.073     6.6328   3.521871    35.0630     0.0465 1.0000e-12    -0.0270   100.6776      98.60    183.486     4.2216 1.3869e+01          1         23 0.0000e+00
   39.00220  -69.00240     6.6271   3.521267    35.0615    477.774    481.981     6.6270   3.521377    35.0627     0.0143 1.0000e-12    -0.0264   100.6625      98.60    183.853     4.2300 1.3830e+01          1         45 0.0000e+00
   39.00220  -69.00240     6.6139   3.520041    35.0608    478.758    482.975     6.6138   3.520290    35.0636     0.0274 1.0000e-12    -0.0270   100.6775      98.60    184.175     4.2375 1.3960e+01          1         31 0.0000e+00
   39.00220  -69.00240     6.5819   3.517068    35.0605    479.786    484.013     6.5819   3.517356    35.0637     0.0190 1.0000e-12    -0.0274   100.6871      98.61    184.225     4.2386 1.3942e+01          1         28 0.0000e+00
   39.00219  -69.00240     6.5673   3.515770    35.0605    480.742    484.978     6.5674   3.515909    35.0620     0.0227 1.0000e-12    -0.0270   100.6775      98.60    184.588     4.2470 1.3960e+01          1         31 0.0000e+00
