Data/ruptures/KN207-01/QL-1/20701033.cnv
* Sea-Bird SBE 9 Data File:
* FileName = C:\Data\ctd\20701033.hex
* Software Version Seasave V 7.21e
* Temperature SN = 4406
* Conductivity SN = 1474
* Number of Bytes Per Scan = 40
* Number of Voltage Words = 5
* Number of Scans Averaged by the Deck Unit = 1
* NMEA Latitude = 38 52.13 N
* NMEA Longitude = 069 05.66 W
* NMEA UTC (Time) = Apr 25 2012 20:03:16
** R/V Knorr Cruise # KN207-01 QL1
** Chief Scientist: Ben Van Mooy
# nquan = 21
# nvalues = 398                         
# units = specified
# name 0 = latitude: Latitude [deg]
# name 1 = longitude: Longitude [deg]
# name 2 = t090C: Temperature [ITS-90, deg C]
# name 3 = c0S/m: Conductivity [S/m]
# name 4 = sal00: Salinity, Practical [PSU]
# name 5 = depSM: Depth [salt water, m]
# name 6 = prDM: Pressure, Digiquartz [db]
# name 7 = t190C: Temperature, 2 [ITS-90, deg C]
# name 8 = c1S/m: Conductivity, 2 [S/m]
# name 9 = sal11: Salinity, Practical, 2 [PSU]
# name 10 = flECO-AFL: Fluorescence, WET Labs ECO-AFL/FL [mg/m^3]
# name 11 = par: PAR/Irradiance, Biospherical/Licor
# name 12 = bat: Beam Attenuation, Chelsea/Seatech [1/m]
# name 13 = xmiss: Beam Transmission, Chelsea/Seatech [%]
# name 14 = altM: Altimeter [m]
# name 15 = sbeox0Mm/Kg: Oxygen, SBE 43 [umol/kg]
# name 16 = sbeox0ML/L: Oxygen, SBE 43 [ml/l]
# name 17 = spar: SPAR/Surface Irradiance
# name 18 = pumps: Pump Status
# name 19 = nbin: number of scans per bin
# name 20 = flag: flag
# span 0 =   38.86898,   38.86997       
# span 1 =  -69.09657,  -69.09441       
# span 2 =    10.9587,    14.6524       
# span 3 =   3.835401,   4.351563       
# span 4 =    33.8990,    35.8080       
# span 5 =      2.022,    199.081       
# span 6 =      2.037,    200.695       
# span 7 =    10.9512,    14.6524       
# span 8 =   3.834833,   4.351637       
# span 9 =    33.8934,    35.8180       
# span 10 =    -0.0111,     2.9988      
# span 11 = 1.0000e-12, 1.8170e+01      
# span 12 =    -0.0142,     0.3538      
# span 13 =    91.5359,   100.3545      
# span 14 =       5.76,      98.65      
# span 15 =    144.693,    456.554      
# span 16 =     3.3269,    10.4852      
# span 17 = 2.3373e+03, 2.3869e+03      
# span 18 =          0,          1      
# span 19 =         12,        697      
# span 20 = 0.0000e+00, 0.0000e+00      
# interval = decibars: 1                
# start_time = Apr 25 2012 20:03:16 [NMEA time, header]
# bad_flag = -9.990e-29
*END*
[from data line 138]
   38.86930  -69.09508    14.4398   4.311304    35.6278    139.835    140.948    14.4397   4.311329    35.6281     0.0509 3.0684e-03    -0.0068   100.1713      98.55    221.487     5.0912 2.3733e+03          1         17 0.0000e+00
   38.86930  -69.09508    14.4409   4.311455    35.6281    140.885    142.007    14.4404   4.311475    35.6287     0.0405 3.0100e-03    -0.0057   100.1420      98.55    221.258     5.0860 2.3708e+03          1         19 0.0000e+00
   38.86930  -69.09508    14.4409   4.311490    35.6282    141.894    143.025    14.4412   4.311593    35.6289     0.0331 2.6714e-03    -0.0063   100.1587      98.55    221.047     5.0811 2.3688e+03          1         21 0.0000e+00
   38.86930  -69.09510    14.4413   4.311557    35.6285    142.860    143.998    14.4406   4.311549    35.6289     0.0385 2.5854e-03    -0.0070   100.1748      98.56    220.961     5.0791 2.3671e+03          1         27 0.0000e+00
   38.86930  -69.09512    14.4418   4.311625    35.6286    143.835    144.982    14.4417   4.311692    35.6292     0.0518 2.6137e-03    -0.0066   100.1651      98.56    220.518     5.0690 2.3708e+03          1         36 0.0000e+00
   38.86930  -69.09512    14.4419   4.311671    35.6288    144.825    145.980    14.4417   4.311722    35.6294     0.0450 2.5686e-03    -0.0077   100.1929      98.56    220.975     5.0795 2.3742e+03          1         27 0.0000e+00
   38.86930  -69.09512    14.4436   4.311937    35.6294    145.815    146.978    14.4434   4.311953    35.6297     0.0426 1.1096e-03    -0.0080   100.1994      98.55    221.101     5.0824 2.3739e+03          1         24 0.0000e+00
   38.86930  -69.09511    14.4447   4.312107    35.6296    146.867    148.039    14.4447   4.312202    35.6305     0.0361 1.6307e-04    -0.0076   100.1908      98.55    221.173     5.0840 2.3718e+03          1         24 0.0000e+00
   38.86930  -69.09510    14.4511   4.313146    35.6329    147.868    149.049    14.4504   4.312823    35.6305     0.0357 5.7012e-04    -0.0074   100.1847      98.55    221.064     5.0815 2.3720e+03          1         23 0.0000e+00
   38.86930  -69.09510    14.5051   4.320922    35.6535    148.842    150.031    14.5035   4.320225    35.6485     0.0441 1.6670e-03    -0.0072   100.1812      98.56    220.483     5.0682 2.3732e+03          1         24 0.0000e+00
   38.86930  -69.09510    14.5294   4.324401    35.6626    149.835    151.031    14.5303   4.324273    35.6606     0.0215 1.9666e-03    -0.0071   100.1770      98.55    220.264     5.0632 2.3721e+03          1         22 0.0000e+00
   38.86930  -69.09510    14.5461   4.326867    35.6695    150.813    152.018    14.5471   4.326820    35.6681     0.0290 1.9743e-03    -0.0070   100.1758      98.55    220.256     5.0630 2.3712e+03          1         21 0.0000e+00
   38.86930  -69.09510    14.5751   4.331214    35.6821    151.755    152.968    14.5746   4.330877    35.6794     0.0229 1.9415e-03    -0.0080   100.1989      98.56    219.618     5.0483 2.3725e+03          1         20 0.0000e+00
   38.86932  -69.09513    14.5859   4.332791    35.6864    152.728    153.949    14.5857   4.332802    35.6867     0.0299 1.8568e-03    -0.0089   100.2216      98.55    218.803     5.0296 2.3729e+03          1         23 0.0000e+00
   38.86932  -69.09514    14.5961   4.334893    35.6962    153.743    154.972    14.5963   4.334678    35.6940     0.0197 1.7837e-03    -0.0092   100.2293      98.56    217.773     5.0060 2.3704e+03          1         24 0.0000e+00
   38.86932  -69.09514    14.6114   4.337724    35.7078    154.765    156.003    14.6111   4.337580    35.7067     0.0234 1.7072e-03    -0.0092   100.2303      98.55    216.473     4.9761 2.3698e+03          1         25 0.0000e+00
   38.86932  -69.09514    14.6155   4.338723    35.7131    155.769    157.015    14.6162   4.338884    35.7140     0.0313 1.0828e-03    -0.0094   100.2349      98.56    214.683     4.9350 2.3708e+03          1         30 0.0000e+00
   38.86932  -69.09514    14.6123   4.338423    35.7135    156.721    157.975    14.6119   4.338470    35.7143     0.0332 1.3416e-03    -0.0103   100.2576      98.56    210.990     4.8501 2.3743e+03          1         38 0.0000e+00
   38.86932  -69.09514    14.6113   4.338455    35.7146    157.679    158.941    14.6112   4.338479    35.7149     0.0275 8.2148e-05    -0.0103   100.2570      98.55    209.057     4.8057 2.3742e+03          1         25 0.0000e+00
   38.86932  -69.09514    14.6146   4.340178    35.7271    158.689    159.960    14.6147   4.339944    35.7249     0.0307 7.4696e-05    -0.0102   100.2544      98.55    208.744     4.7985 2.3728e+03          1         17 0.0000e+00
   38.86932  -69.09514    14.6192   4.342541    35.7443    159.719    160.999    14.6191   4.342438    35.7435     0.0346 1.0000e-12    -0.0100   100.2497      98.55    208.989     4.8042 2.3703e+03          1         16 0.0000e+00
   38.86932  -69.09514    14.6274   4.344091    35.7505    160.763    162.051    14.6274   4.343942    35.7491     0.0374 4.2250e-04    -0.0086   100.2143      98.56    208.793     4.7997 2.3689e+03          1         16 0.0000e+00
   38.86932  -69.09514    14.6312   4.344802    35.7533    161.746    163.042    14.6310   4.344846    35.7538     0.0319 1.0230e-03    -0.0094   100.2348      98.56    207.291     4.7652 2.3688e+03          1         17 0.0000e+00
   38.86932  -69.09515    14.6408   4.346266    35.7574    162.728    164.033    14.6409   4.346239    35.7570     0.0185 6.1040e-04    -0.0105   100.2636      98.56    203.041     4.6675 2.3688e+03          1         24 0.0000e+00
   38.86932  -69.09516    14.6464   4.347117    35.7598    163.735    165.048    14.6462   4.347080    35.7597     0.0387 5.2504e-04    -0.0114   100.2859      98.55    198.337     4.5594 2.3697e+03          1         35 0.0000e+00
   38.86932  -69.09516    14.6524   4.348214    35.7642    164.674    165.995    14.6524   4.348251    35.7646     0.0330 1.0758e-03    -0.0114   100.2858      98.56    197.143     4.5319 2.3724e+03          1         43 0.0000e+00
   38.86932  -69.09516    14.6506   4.348402    35.7674    165.624    166.953    14.6505   4.348523    35.7687     0.0289 9.9219e-04    -0.0114   100.2859      98.56    196.397     4.5148 2.3728e+03          1         28 0.0000e+00
   38.86932  -69.09516    14.6475   4.348408    35.7701    166.657    167.995    14.6474   4.348533    35.7714     0.0309 1.0842e-03    -0.0117   100.2921      98.56    196.469     4.5164 2.3710e+03          1         19 0.0000e+00
   38.86932  -69.09516    14.6397   4.347650    35.7702    167.663    169.009    14.6394   4.347799    35.7719     0.0372 1.8845e-04    -0.0121   100.3009      98.56    196.171     4.5096 2.3709e+03          1         15 0.0000e+00
   38.86932  -69.09516    14.6375   4.348298    35.7779    168.689    170.044    14.6379   4.348189    35.7765     0.0367 3.0280e-04    -0.0121   100.3026      98.56    195.597     4.4964 2.3706e+03          1         15 0.0000e+00
   38.86932  -69.09516    14.6446   4.349633    35.7832    169.674    171.037    14.6444   4.349692    35.7838     0.0291 1.2421e-04    -0.0121   100.3011      98.56    194.736     4.4767 2.3699e+03          1         16 0.0000e+00
   38.86932  -69.09516    14.6441   4.350143    35.7879    170.631    172.003    14.6440   4.350004    35.7867     0.0143 3.5453e-04    -0.0121   100.3013      98.56    193.950     4.4586 2.3690e+03          1         17 0.0000e+00
   38.86932  -69.09516    14.6498   4.351563    35.7952    171.657    173.037    14.6497   4.351637    35.7960     0.0338 6.8095e-04    -0.0118   100.2951      98.56    192.176     4.4178 2.3684e+03          1         28 0.0000e+00
   38.86934  -69.09519    14.6466   4.351296    35.7955    172.626    174.014    14.6465   4.351379    35.7964     0.0291 3.1506e-04    -0.0116   100.2912      98.56    187.893     4.3194 2.3698e+03          1         45 0.0000e+00
   38.86934  -69.09520    14.6316   4.350218    35.7995    173.528    174.924    14.6312   4.350404    35.8015     0.0167 1.4227e-04    -0.0115   100.2869      98.57    185.863     4.2727 2.3726e+03          1         34 0.0000e+00
   38.86934  -69.09520    14.5943   4.347004    35.8047    174.537    175.941    14.5932   4.347304    35.8085     0.0157 7.2961e-04    -0.0122   100.3054      98.56    185.681     4.2686 2.3738e+03          1         24 0.0000e+00
   38.86934  -69.09520    14.5611   4.343891    35.8070    175.546    176.959    14.5608   4.344201    35.8101     0.0160 7.4745e-04    -0.0125   100.3119      98.56    184.517     4.2419 2.3734e+03          1         17 0.0000e+00
   38.86934  -69.09519    14.5356   4.341150    35.8052    176.580    178.002    14.5350   4.341576    35.8097     0.0210 6.2304e-04    -0.0124   100.3086      98.56    182.379     4.1928 2.3718e+03          1         18 0.0000e+00
   38.86934  -69.09518    14.4998   4.337172    35.8018    177.636    179.067    14.4991   4.338032    35.8105     0.0013 4.1759e-04    -0.0124   100.3083      98.55    179.798     4.1335 2.3684e+03          1         13 0.0000e+00
   38.86934  -69.09518    14.4005   4.326010    35.7923    178.531    179.969    14.3981   4.327567    35.8090    -0.0111 6.9814e-04    -0.0123   100.3061      98.55    177.644     4.0840 2.3664e+03          1         14 0.0000e+00
   38.86934  -69.09518    14.3314   4.318814    35.7904    179.551    180.998    14.3321   4.319485    35.7959     0.0255 6.9715e-04    -0.0121   100.3011      98.56    175.257     4.0292 2.3645e+03          1         16 0.0000e+00
   38.86934  -69.09518    14.3017   4.315588    35.7874    180.608    182.064    14.3004   4.315822    35.7909     0.0340 4.9481e-04    -0.0120   100.3000      98.56    172.154     3.9578 2.3648e+03          1         24 0.0000e+00
   38.86935  -69.09519    14.3082   4.316337    35.7862    181.513    182.977    14.3327   4.319047    35.7881     0.0300 1.8502e-04    -0.0121   100.3021      98.56    161.575     3.7146 2.3710e+03          1         70 0.0000e+00
   38.86936  -69.09522    14.2365   4.308315    35.7784    182.487    183.960    14.2556   4.312117    35.7958     0.0298 6.0478e-04    -0.0124   100.3086      98.56    159.994     3.6783 2.3713e+03          1         24 0.0000e+00
   38.86936  -69.09522    14.1772   4.303765    35.7915    183.472    184.953    14.1777   4.303595    35.7897     0.0310 5.7602e-04    -0.0119   100.2963      98.56    161.207     3.7063 2.3695e+03          1         16 0.0000e+00
   38.86936  -69.09522    14.1829   4.305344    35.7997    184.468    185.957    14.1828   4.305367    35.8003     0.0369 5.6221e-04    -0.0122   100.3043      98.56    161.735     3.7184 2.3688e+03          1         16 0.0000e+00
   38.86936  -69.09522    14.1753   4.305545    35.8080    185.466    186.964    14.1744   4.305694    35.8104     0.0359 3.5492e-04    -0.0120   100.3006      98.56    160.691     3.6945 2.3673e+03          1         14 0.0000e+00
   38.86936  -69.09522    14.1144   4.299319    35.8072    186.459    187.965    14.1138   4.300389    35.8180     0.0351 2.0891e-04    -0.0125   100.3123      98.56    158.001     3.6326 2.3677e+03          1         16 0.0000e+00
   38.86936  -69.09522    14.0659   4.293962    35.8025    187.533    189.048    14.0659   4.294709    35.8096     0.0201 2.3257e-05    -0.0128   100.3205      98.56    154.260     3.5467 2.3680e+03          1         19 0.0000e+00
   38.86936  -69.09522    13.9779   4.283902    35.7913    188.510    190.033    13.9772   4.284913    35.8016     0.0085 1.0000e-12    -0.0130   100.3242      98.56    151.380     3.4805 2.3687e+03          1         22 0.0000e+00
   38.86936  -69.09522    13.9001   4.275486    35.7852    189.495    191.027    13.8994   4.275814    35.7890     0.0184 1.4664e-04    -0.0127   100.3179      98.56    148.209     3.4076 2.3685e+03          1         36 0.0000e+00
   38.86936  -69.09522    13.8687   4.272125    35.7814    190.408    191.948    13.8686   4.272559    35.7857     0.0225 1.4475e-04    -0.0127   100.3178      98.56    147.375     3.3885 2.3699e+03          1         40 0.0000e+00
   38.86936  -69.09522    13.8039   4.265010    35.7748    191.432    192.981    13.8035   4.265466    35.7795     0.0344 2.2087e-06    -0.0132   100.3300      98.56    147.906     3.4007 2.3708e+03          1         28 0.0000e+00
   38.86936  -69.09522    13.7491   4.258654    35.7661    192.446    194.003    13.7477   4.259498    35.7754     0.0300 1.0000e-12    -0.0135   100.3386      98.56    147.899     3.4006 2.3693e+03          1         18 0.0000e+00
   38.86936  -69.09522    13.6816   4.250933    35.7570    193.415    194.981    13.6741   4.251421    35.7688     0.0182 1.7777e-04    -0.0136   100.3391      98.56    147.787     3.3980 2.3690e+03          1         17 0.0000e+00
   38.86936  -69.09522    13.6090   4.242530    35.7462    194.418    195.992    13.6081   4.242941    35.7509     0.0195 3.8072e-04    -0.0132   100.3300      98.55    147.866     3.3998 2.3693e+03          1         17 0.0000e+00
   38.86936  -69.09522    13.5817   4.239475    35.7422    195.421    197.004    13.5822   4.240022    35.7469     0.0216 1.8218e-04    -0.0131   100.3285      98.56    147.558     3.3928 2.3681e+03          1         17 0.0000e+00
   38.86936  -69.09522    13.5708   4.238367    35.7405    196.483    198.075    13.5706   4.238461    35.7416     0.0213 1.0000e-12    -0.0133   100.3320      98.56    147.312     3.3871 2.3659e+03          1         26 0.0000e+00
   38.86938  -69.09526    13.5628   4.237648    35.7356    197.488    199.089    13.5644   4.237995    35.7372     0.0350 2.4806e-04    -0.0134   100.3353      98.56    145.732     3.3508 2.3686e+03          1        260 0.0000e+00
   38.86940  -69.09528    13.5467   4.235926    35.7314    198.348    199.956    13.5460   4.235957    35.7323     0.0264 1.6809e-04    -0.0137   100.3432      98.56    145.093     3.3361 2.3673e+03          1        109 0.0000e+00
   38.86940  -69.09530    13.5462   4.235919    35.7305    199.081    200.695    13.5470   4.236089    35.7314     0.0326 1.2142e-04    -0.0138   100.3455      98.56    144.778     3.3288 2.3663e+03          1        215 0.0000e+00
   38.86942  -69.09533    13.5531   4.236694    35.7312    198.634    200.244    13.5521   4.236653    35.7318     0.0284 1.5825e-04    -0.0141   100.3539      98.56    144.810     3.3296 2.3681e+03          1        172 0.0000e+00
   38.86942  -69.09534    13.5562   4.236929    35.7310    197.417    199.017    13.5569   4.237126    35.7321     0.0395 1.0000e-12    -0.0139   100.3481      98.57    144.751     3.3282 2.3660e+03          1         34 0.0000e+00
   38.86942  -69.09534    13.5696   4.238491    35.7333    196.399    197.990    13.5677   4.238143    35.7318     0.0234 2.6744e-05    -0.0141   100.3529      98.56    144.693     3.3269 2.3656e+03          1         28 0.0000e+00
   38.86942  -69.09536    13.5857   4.240379    35.7363    195.248    196.829    13.5836   4.240185    35.7365     0.0341 1.6111e-04    -0.0138   100.3464      98.57    144.842     3.3303 2.3664e+03          1         88 0.0000e+00
   38.86943  -69.09537    13.5955   4.241351    35.7366    194.525    196.100    13.6012   4.242018    35.7374     0.0292 3.3574e-05    -0.0054   100.1359      98.57    145.148     3.3373 2.3672e+03          1         49 0.0000e+00
   38.86944  -69.09538    13.6149   4.243830    35.7420    193.452    195.018    13.6102   4.243034    35.7390     0.0408 1.0000e-12    -0.0133   100.3337      98.56    144.959     3.3330 2.3641e+03          1         21 0.0000e+00
   38.86944  -69.09538    13.6898   4.252594    35.7532    192.471    194.029    13.6734   4.249887    35.7434     0.0361 3.0922e-06    -0.0140   100.3506      98.56    144.721     3.3275 2.3642e+03          1         20 0.0000e+00
