Data/ruptures/KN207-01/QL-1/20701038.cnv
* Sea-Bird SBE 9 Data File:
* FileName = C:\Data\ctd\20701038.hex
* Software Version Seasave V 7.21e
* Temperature SN = 4406
* Conductivity SN = 1474
* Number of Bytes Per Scan = 40
* Number of Voltage Words = 5
* Number of Scans Averaged by the Deck Unit = 1
* NMEA Latitude = 38 48.13 N
* NMEA Longitude = 069 08.19 W
* NMEA UTC (Time) = Apr 26 2012 14:08:12
** R/V Knorr Cruise # KN207-01 QL1
** Chief Scientist: Ben Van Mooy
# nquan = 21
# nvalues = 398                         
# units = specified
# name 0 = latitude: Latitude [deg]
# name 1 = longitude: Longitude [deg]
# name 2 = t090C: Temperature [ITS-90, deg C]
# name 3 = c0S/m: Conductivity [S/m]
# name 4 = sal00: Salinity, Practical [PSU]
# name 5 = depSM: Depth [salt water, m]
# name 6 = prDM: Pressure, Digiquartz [db]
# name 7 = t190C: Temperature, 2 [ITS-90, deg C]
# name 8 = c1S/m: Conductivity, 2 [S/m]
# name 9 = sal11: Salinity, Practical, 2 [PSU]
# name 10 = flECO-AFL: Fluorescence, WET Labs ECO-AFL/FL [mg/m^3]
# name 11 = par: PAR/Irradiance, Biospherical/Licor
# name 12 = bat: Beam Attenuation, Chelsea/Seatech [1/m]
# name 13 = xmiss: Beam Transmission, Chelsea/Seatech [%]
# name 14 = altM: Altimeter [m]
# name 15 = sbeox0Mm/Kg: Oxygen, SBE 43 [umol/kg]
# name 16 = sbeox0ML/L: Oxygen, SBE 43 [ml/l]
# name 17 = spar: SPAR/Surface Irradiance
# name 18 = pumps: Pump Status
# name 19 = nbin: number of scans per bin
# name 20 = flag: flag
# span 0 =   38.80214,   38.80234       
# span 1 =  -69.13814,  -69.13663       
# span 2 =    11.3166,    14.6868       
# span 3 =   3.863791,   4.352981       
# span 4 =    33.8116,    35.8267       
# span 5 =      3.029,    199.884       
# span 6 =      3.052,    201.504       
# span 7 =    11.3029,    14.6867       
# span 8 =   3.863937,   4.353045       
# span 9 =    33.8020,    35.8296       
# span 10 =    -0.0040,     2.9769      
# span 11 = 1.0000e-12, 1.2187e+01      
# span 12 =    -0.0143,     0.3197      
# span 13 =    92.3190,   100.3579      
# span 14 =       6.64,      98.63      
# span 15 =    144.971,    436.462      
# span 16 =     3.3332,    10.0247      
# span 17 = 2.1342e+03, 2.6114e+03      
# span 18 =          1,          1      
# span 19 =          1,        617      
# span 20 = 0.0000e+00, 0.0000e+00      
# interval = decibars: 1                
# start_time = Apr 26 2012 14:08:12 [NMEA time, header]
# bad_flag = -9.990e-29
*END*
   38.80219  -69.13663    12.6244   3.936579    33.8116      3.727      3.756    12.6191   3.935085    33.8020     0.5905 9.7925e+00     0.2964    92.8574      98.53    333.135     7.6499 2.5883e+03          1        198 0.0000e+00
   38.80220  -69.13664    12.6201   3.940622    33.8540      4.926      4.964    12.6161   3.940489    33.8564     0.5911 8.1443e+00     0.2964    92.8588      98.52    348.405     8.0008 2.5751e+03          1         34 0.0000e+00
   38.80220  -69.13665    12.6201   3.940999    33.8571      6.032      6.078    12.6137   3.940517    33.8584     0.5817 8.4754e+00     0.2966    92.8527      98.53    374.072     8.5903 2.5758e+03          1         51 0.0000e+00
   38.80220  -69.13666    12.6040   3.940441    33.8664      6.912      6.965    12.5959   3.940315    33.8726     0.5841 7.2968e+00     0.3003    92.7675      69.48    413.860     9.5041 2.5740e+03          1         86 0.0000e+00
   38.80220  -69.13668    12.4760   3.938679    33.9678      7.921      7.981    12.4846   3.938749    33.9603     0.5808 3.9089e+00     0.3031    92.7026      98.52    427.262     9.8128 2.5685e+03          1         25 0.0000e+00
   38.80220  -69.13668    12.3416   3.929890    34.0073      8.959      9.027    12.3443   3.931046    34.0159     0.6181 3.4779e+00     0.3002    92.7697      98.53    436.462    10.0247 2.5670e+03          1         27 0.0000e+00
   38.80220  -69.13668    12.2966   3.927217    34.0212     10.019     10.095    12.3371   3.933529    34.0444     0.7252 5.2058e+00     0.3051    92.6554      98.53    345.874     7.9442 2.5736e+03          1         79 0.0000e+00
   38.80220  -69.13666    12.3174   3.926718    33.9948     10.899     10.983    12.3225   3.931143    34.0332     0.7506 4.2195e+00     0.3064    92.6252      98.53    265.878     6.1067 2.5773e+03          1         45 0.0000e+00
   38.80220  -69.13666    12.2719   3.926165    34.0308     11.927     12.018    12.2620   3.926699    34.0455     0.8903 4.1481e+00     0.3159    92.4056      98.53    252.907     5.8090 2.5753e+03          1         40 0.0000e+00
   38.80221  -69.13667    12.2577   3.924347    34.0252     12.884     12.982    12.2491   3.923545    34.0257     0.9379 2.5242e+00     0.3191    92.3335      98.53    246.119     5.6530 2.5742e+03          1         39 0.0000e+00
   38.80222  -69.13668    12.2403   3.921640    34.0142     13.869     13.975    12.2402   3.921187    34.0100     1.0198 2.3939e+00     0.3186    92.3457      98.53    244.690     5.6202 2.5763e+03          1         43 0.0000e+00
   38.80222  -69.13668    12.2120   3.920742    34.0306     14.908     15.022    12.2135   3.920858    34.0304     1.1156 2.8865e+00     0.3197    92.3190      98.53    245.559     5.6403 2.5840e+03          1         70 0.0000e+00
   38.80222  -69.13670    12.1781   3.919317    34.0473     15.792     15.912    12.1777   3.919968    34.0540     1.1960 2.1987e+00     0.3193    92.3286      98.53    239.913     5.5107 2.5864e+03          1         41 0.0000e+00
   38.80222  -69.13670    12.1072   3.915740    34.0780     16.879     17.008    12.0997   3.914988    34.0778     1.3388 1.7459e+00     0.3189    92.3378      98.53    232.990     5.3519 2.5872e+03          1         34 0.0000e+00
   38.80222  -69.13670    12.0642   3.916870    34.1280     17.931     18.069    12.0758   3.916527    34.1138     1.4716 1.4433e+00     0.3179    92.3597      98.53    231.175     5.3104 2.5880e+03          1         48 0.0000e+00
   38.80222  -69.13670    12.0602   3.918174    34.1429     18.822     18.966    12.0563   3.919255    34.1572     1.5927 7.2747e-01     0.3176    92.3665      98.53    231.599     5.3202 2.5840e+03          1         59 0.0000e+00
   38.80222  -69.13670    12.0432   3.916169    34.1381     19.783     19.935    12.0328   3.916805    34.1541     1.6890 9.3346e-01     0.3179    92.3601      98.53    223.700     5.1388 2.5858e+03          1         42 0.0000e+00
   38.80222  -69.13672    11.9734   3.913614    34.1779     20.837     20.996    11.9871   3.912397    34.1531     1.7647 8.2703e-01     0.3179    92.3613      98.53    218.220     5.0131 2.5898e+03          1         40 0.0000e+00
   38.80222  -69.13672    11.9802   3.917812    34.2109     21.805     21.972    11.9930   3.918252    34.2034     1.9402 5.7585e-01     0.3108    92.5233      98.53    213.447     4.9036 2.5905e+03          1         59 0.0000e+00
   38.80222  -69.13672    11.6168   3.913639    34.5144     22.834     23.009    11.5974   3.912870    34.5255     2.1177 8.6926e-01     0.3055    92.6473      98.53    205.195     4.7154 2.5895e+03          1         39 0.0000e+00
   38.80222  -69.13672    11.6742   3.915728    34.4766     23.834     24.016    11.5356   3.907103    34.5242     2.2673 9.8586e-01     0.2981    92.8188      98.53    202.308     4.6489 2.5877e+03          1         60 0.0000e+00
   38.80222  -69.13672    11.5659   3.911886    34.5408     24.784     24.974    11.5007   3.896085    34.4461     2.4338 1.2746e+00     0.2947    92.8972      98.53    199.978     4.5956 2.5848e+03          1         33 0.0000e+00
   38.80222  -69.13672    11.5082   3.900817    34.4846     25.828     26.027    11.4865   3.890170    34.3992     2.4230 1.1196e+00     0.2944    92.9035      98.53    202.233     4.6473 2.5845e+03          1         42 0.0000e+00
   38.80222  -69.13672    11.5075   3.908651    34.5601     26.749     26.954    11.4714   3.890456    34.4140     2.6879 1.3190e+00     0.2988    92.8024      98.53    233.075     5.3564 2.5902e+03          1         74 0.0000e+00
   38.80223  -69.13673    11.4381   3.896142    34.5009     27.775     27.988    11.4377   3.887151    34.4115     2.6771 1.2061e+00     0.2988    92.8017      98.53    236.133     5.4265 2.5893e+03          1         37 0.0000e+00
   38.80224  -69.13674    11.4193   3.893135    34.4875     28.811     29.033    11.4182   3.885211    34.4096     2.6664 8.5680e-01     0.3043    92.6755      77.91    224.544     5.1601 2.5807e+03          1         44 0.0000e+00
   38.80224  -69.13674    11.3948   3.889408    34.4725     29.711     29.940    11.3926   3.884288    34.4235     2.7549 7.9561e-01     0.3032    92.6990      77.21    228.178     5.2436 2.5904e+03          1         50 0.0000e+00
   38.80224  -69.13674    11.3585   3.886926    34.4813     30.805     31.042    11.3475   3.882229    34.4450     2.6371 5.9015e-01     0.3007    92.7577      98.53    228.514     5.2514 2.5897e+03          1         40 0.0000e+00
   38.80224  -69.13674    11.3174   3.890848    34.5580     31.717     31.960    11.3029   3.884616    34.5098     2.5576 3.3906e-01     0.2909    92.9846      98.53    223.480     5.1360 2.5944e+03          1         68 0.0000e+00
   38.80224  -69.13675    11.3227   3.885910    34.5025     32.747     32.999    11.3232   3.882042    34.4633     2.3140 2.1931e-01     0.2694    93.4878      98.53    219.038     5.0337 2.5952e+03          1         34 0.0000e+00
   38.80224  -69.13676    11.3265   3.886908    34.5076     33.817     34.077    11.3248   3.883393    34.4742     1.9033 2.8603e-01     0.2258    94.5113      98.53    218.040     5.0108 2.5933e+03          1         50 0.0000e+00
   38.80224  -69.13676    11.3166   3.887713    34.5241     34.696     34.963    11.3171   3.885050    34.4970     1.8390 1.9089e-01     0.2107    94.8690      98.53    219.043     5.0339 2.5979e+03          1         54 0.0000e+00
   38.80224  -69.13676    11.3525   3.888334    34.4948     35.729     36.004    11.3634   3.887016    34.4712     1.5546 2.5355e-01     0.1907    95.3445      98.53    220.374     5.0643 2.6019e+03          1         36 0.0000e+00
   38.80224  -69.13676    11.4050   3.890440    34.4647     36.742     37.025    11.4127   3.888849    34.4416     1.1921 1.4349e-01     0.1554    96.1914      98.54    217.962     5.0088 2.6035e+03          1         42 0.0000e+00
   38.80224  -69.13677    11.4333   3.892663    34.4595     37.688     37.978    11.4330   3.891065    34.4440     1.0601 1.2064e-01     0.1381    96.6072      98.53    214.284     4.9242 2.6056e+03          1         68 0.0000e+00
   38.80224  -69.13678    11.5255   3.894333    34.3878     38.709     39.008    11.5235   3.892548    34.3721     0.9081 7.7448e-02     0.1245    96.9348      98.53    211.839     4.8677 2.6114e+03          1         38 0.0000e+00
   38.80224  -69.13678    11.5374   3.896670    34.3997     39.749     40.056    11.5396   3.895048    34.3815     0.7138 1.3065e-01     0.0924    97.7155      98.53    211.211     4.8533 2.6043e+03          1         38 0.0000e+00
   38.80226  -69.13678    11.5249   3.899417    34.4389     40.718     41.032    11.5267   3.897724    34.4205     0.7036 1.3351e-01     0.0857    97.8801      96.57    209.357     4.8108 2.5997e+03          1         62 0.0000e+00
   38.80226  -69.13678    11.5493   3.902517    34.4462     41.668     41.989    11.5508   3.901122    34.4310     0.6340 1.2629e-01     0.0790    98.0451      97.75    208.649     4.7946 2.6003e+03          1         45 0.0000e+00
   38.80226  -69.13678    11.6741   3.905819    34.3596     42.634     42.963    11.6314   3.904599    34.3884     0.4850 1.0012e-01     0.0644    98.4034      98.53    206.787     4.7514 2.6005e+03          1         39 0.0000e+00
   38.80226  -69.13678    11.7991   3.908055    34.2634     43.686     44.024    11.7897   3.906929    34.2611     0.4484 1.5701e-01     0.0537    98.6675      66.73    205.686     4.7256 2.6006e+03          1         43 0.0000e+00
   38.80226  -69.13678    11.8501   3.910255    34.2383     44.589     44.933    11.8580   3.909175    34.2200     0.4349 2.8480e-02     0.0480    98.8073      98.53    204.234     4.6921 2.6023e+03          1         63 0.0000e+00
   38.80226  -69.13680    11.8492   3.914008    34.2769     45.645     45.997    11.8572   3.912553    34.2550     0.4050 5.4263e-02     0.0454    98.8698      98.54    202.922     4.6621 2.5960e+03          1         36 0.0000e+00
   38.80226  -69.13680    11.8384   3.917600    34.3227     46.660     47.020    11.8416   3.915019    34.2945     0.3627 2.7386e-02     0.0391    99.0272      98.53    203.999     4.6870 2.6041e+03          1         44 0.0000e+00
   38.80226  -69.13680    11.8500   3.922568    34.3607     47.526     47.894    11.8477   3.918675    34.3249     0.3514 3.3776e-02     0.0364    99.0948      98.54    202.677     4.6568 2.6063e+03          1         57 0.0000e+00
   38.80226  -69.13680    11.9191   3.927743    34.3458     48.609     48.985    11.9140   3.926935    34.3428     0.3296 4.3086e-02     0.0334    99.1692      98.54    199.859     4.5919 2.6045e+03          1         31 0.0000e+00
   38.80226  -69.13680    12.0395   3.929947    34.2541     49.715     50.100    12.0506   3.942360    34.3643     0.2804 1.6444e-02     0.0294    99.2668      98.53    198.258     4.5547 2.6029e+03          1         69 0.0000e+00
   38.80226  -69.13682    12.0814   3.934300    34.2582     50.526     50.917    12.0902   3.971907    34.6156     0.2883 1.5901e-02     0.0270    99.3269      98.53    195.435     4.4899 2.6004e+03          1         40 0.0000e+00
   38.80226  -69.13682    12.1174   3.939780    34.2780     51.635     52.035    12.2272   3.984238    34.6054     0.2586 1.2446e-02     0.0280    99.3026      98.54    192.948     4.4327 2.5924e+03          1         32 0.0000e+00
   38.80227  -69.13682    12.3234   3.970722    34.3848     52.614     53.022    12.3445   4.013074    34.7751     0.2478 2.0931e-02     0.0230    99.4262      98.53    196.084     4.5050 2.5409e+03          1         69 0.0000e+00
   38.80228  -69.13682    12.3643   4.006188    34.6908     53.571     53.986    12.3797   4.023492    34.8441     0.2278 3.8118e-03     0.0192    99.5218      98.53    214.256     4.9236 2.5274e+03          1         34 0.0000e+00
   38.80228  -69.13682    12.5680   4.027324    34.7023     54.608     55.031    12.5846   4.047970    34.8858     0.2038 2.5534e-02     0.0198    99.5074      98.53    237.169     5.4499 2.5502e+03          1         38 0.0000e+00
   38.80228  -69.13682    12.7559   4.061981    34.8597     55.507     55.937    12.7456   4.073154    34.9771     0.1655 1.1010e-02     0.0158    99.6066      98.53    241.191     5.5428 2.5644e+03          1         63 0.0000e+00
   38.80228  -69.13682    12.8026   4.076912    34.9613     56.578     57.016    12.8152   4.084730    35.0245     0.1479 3.6346e-02     0.0104    99.7408      98.53    233.780     5.3729 2.5631e+03          1         38 0.0000e+00
   38.80228  -69.13683    12.8118   4.082549    35.0087     57.613     58.060    12.8121   4.085305    35.0351     0.1474 1.0563e-02     0.0088    99.7796      98.53    230.652     5.3012 2.5324e+03          1         58 0.0000e+00
   38.80228  -69.13684    12.8227   4.085520    35.0284     58.496     58.949    12.8189   4.086228    35.0391     0.1538 1.8706e-02     0.0087    99.7839      59.55    228.610     5.2543 2.4192e+03          1         41 0.0000e+00
   38.80228  -69.13684    12.8240   4.086391    35.0363     59.530     59.992    12.8249   4.087023    35.0417     0.1393 8.7649e-02     0.0080    99.8002      98.53    231.524     5.3213 2.3438e+03          1         36 0.0000e+00
   38.80228  -69.13684    12.8211   4.086242    35.0384     60.648     61.119    12.8216   4.086784    35.0432     0.1406 2.6110e-03     0.0100    99.7489      98.53    233.463     5.3659 2.1342e+03          1         66 0.0000e+00
   38.80228  -69.13684    13.0874   4.116304    35.0724     61.412     61.888    13.0962   4.118838    35.0881     0.1470 8.8852e-04     0.0204    99.4925      98.53    230.361     5.2945 2.1698e+03          1         43 0.0000e+00
   38.80228  -69.13684    13.3535   4.155368    35.1924     62.529     63.015    13.3446   4.155635    35.2036     0.1495 6.7595e-03     0.0317    99.2100      98.53    229.213     5.2683 2.2900e+03          1         28 0.0000e+00
   38.80228  -69.13686    13.4167   4.164843    35.2254     63.666     64.160    13.3915   4.162741    35.2293     0.1412 1.9751e-03     0.0114    99.7160      95.67    229.587     5.2769 2.4076e+03          1         72 0.0000e+00
   38.80228  -69.13686    13.5669   4.182115    35.2488     64.388     64.888    13.5686   4.183563    35.2607     0.1446 3.4590e-04     0.0148    99.6318      63.61    227.074     5.2191 2.3919e+03          1         43 0.0000e+00
   38.80229  -69.13686    13.6866   4.199963    35.3057     65.507     66.016    13.6888   4.201227    35.3154     0.1322 2.1006e-03     0.0173    99.5701      98.53    227.056     5.2188 2.4319e+03          1         32 0.0000e+00
   38.80230  -69.13686    13.6921   4.201208    35.3142     66.510     67.027    13.6923   4.201834    35.3198     0.1552 2.2405e-03     0.0135    99.6629      98.54    227.579     5.2308 2.4560e+03          1         43 0.0000e+00
   38.80230  -69.13686    13.6944   4.201865    35.3204     67.484     68.009    13.6941   4.201601    35.3181     0.1494 5.7072e-03     0.0141    99.6488      98.53    227.020     5.2180 2.3923e+03          1         58 0.0000e+00
   38.80230  -69.13686    13.6907   4.201526    35.3224     68.459     68.991    13.6908   4.201120    35.3185     0.1597 3.0077e-04     0.0600    98.5128      98.53    228.158     5.2442 2.4611e+03          1         52 0.0000e+00
   38.80230  -69.13686    13.6910   4.201615    35.3238     69.452     69.993    13.6906   4.201179    35.3200     0.1425 2.9498e-03     0.0613    98.4786      98.53    228.506     5.2522 2.5121e+03          1         41 0.0000e+00
   38.80230  -69.13687    13.6902   4.201581    35.3247     70.410     70.959    13.6881   4.201022    35.3215     0.1460 1.9986e-03     0.0224    99.4414      98.53    228.404     5.2498 2.4627e+03          1         44 0.0000e+00
