Data/ruptures/KN207-01/QL-1/20701031.cnv
* Sea-Bird SBE 9 Data File:
* FileName = C:\Data\ctd\20701031.hex
* Software Version Seasave V 7.21e
* Temperature SN = 4406
* Conductivity SN = 1474
* Number of Bytes Per Scan = 40
* Number of Voltage Words = 5
* Number of Scans Averaged by the Deck Unit = 1
* NMEA Latitude = 38 52.06 N
* NMEA Longitude = 069 02.92 W
* NMEA UTC (Time) = Apr 25 2012 16:06:53
** R/V Knorr Cruise # KN207-01 QL1
** Chief Scientist: Ben Van Mooy
# nquan = 21
# nvalues = 401                         
# units = specified
# name 0 = latitude: Latitude [deg]
# name 1 = longitude: Longitude [deg]
# name 2 = t090C: Temperature [ITS-90, deg C]
# name 3 = c0S/m: Conductivity [S/m]
# name 4 = sal00: Salinity, Practical [PSU]
# name 5 = depSM: Depth [salt water, m]
# name 6 = prDM: Pressure, Digiquartz [db]
# name 7 = t190C: Temperature, 2 [ITS-90, deg C]
# name 8 = c1S/m: Conductivity, 2 [S/m]
# name 9 = sal11: Salinity, Practical, 2 [PSU]
# name 10 = flECO-AFL: Fluorescence, WET Labs ECO-AFL/FL [mg/m^3]
# name 11 = par: PAR/Irradiance, Biospherical/Licor
# name 12 = bat: Beam Attenuation, Chelsea/Seatech [1/m]
# name 13 = xmiss: Beam Transmission, Chelsea/Seatech [%]
# name 14 = altM: Altimeter [m]
# name 15 = sbeox0Mm/Kg: Oxygen, SBE 43 [umol/kg]
# name 16 = sbeox0ML/L: Oxygen, SBE 43 [ml/l]
# name 17 = spar: SPAR/Surface Irradiance
# name 18 = pumps: Pump Status
# name 19 = nbin: number of scans per bin
# name 20 = flag: flag
# span 0 =   38.86669,   38.86780       
# span 1 =  -69.05132,  -69.04882       
# span 2 =    11.2706,    14.7045       
# span 3 =   3.751882,   4.351875       
# span 4 =    32.2343,    35.8332       
# span 5 =      2.966,    200.974       
# span 6 =      2.988,    202.604       
# span 7 =    11.3005,    14.7043       
# span 8 =   3.831773,   4.352002       
# span 9 =    33.0198,    35.8359       
# span 10 =     0.0028,     2.5438      
# span 11 = 1.0000e-12, 9.6963e+01      
# span 12 =    -0.0143,     0.4977      
# span 13 =    88.3844,   100.3571      
# span 14 =       5.63,      98.88      
# span 15 =    137.869,    403.013      
# span 16 =     3.1701,     9.2548      
# span 17 = 1.7198e+03, 3.6678e+03      
# span 18 =          1,          1      
# span 19 =         12,        444      
# span 20 = 0.0000e+00, 0.0000e+00      
# interval = decibars: 1                
# start_time = Apr 25 2012 16:06:53 [NMEA time, header]
# bad_flag = -9.990e-29
*END*
[from data line 207]
   38.86738  -69.04978    13.2083   4.197042    35.6776    194.454    196.028    13.2086   4.196725    35.6743     0.0230 1.0000e-12    -0.0136   100.3393      98.55    139.038     3.1970 2.0506e+03          1         33 0.0000e+00
   38.86736  -69.04978    13.2252   4.198992    35.6808    193.476    195.041    13.2292   4.199373    35.6805     0.0191 1.0000e-12    -0.0137   100.3423      98.54    139.570     3.2092 2.0386e+03          1         25 0.0000e+00
   38.86736  -69.04978    13.2385   4.200662    35.6846    192.468    194.026    13.2421   4.200875    35.6831     0.0251 1.5870e-05    -0.0139   100.3486      98.55    139.834     3.2152 2.0351e+03          1         18 0.0000e+00
   38.86736  -69.04978    13.2649   4.203512    35.6869    191.456    193.005    13.2620   4.203059    35.6854     0.0282 1.0000e-12    -0.0139   100.3489      98.55    140.166     3.2229 2.0328e+03          1         19 0.0000e+00
   38.86736  -69.04978    13.2737   4.204464    35.6883    190.446    191.986    13.2740   4.204380    35.6872     0.0320 1.0000e-12    -0.0134   100.3341      98.54    140.556     3.2318 2.0292e+03          1         19 0.0000e+00
   38.86736  -69.04978    13.2765   4.204728    35.6889    189.464    190.996    13.2781   4.204892    35.6889     0.0415 1.0000e-12    -0.0136   100.3395      98.55    140.688     3.2349 2.0280e+03          1         27 0.0000e+00
   38.86736  -69.04980    13.2811   4.205221    35.6900    188.481    190.004    13.2835   4.205503    35.6903     0.0213 1.0000e-12    -0.0135   100.3369      98.55    141.299     3.2489 2.0277e+03          1         30 0.0000e+00
   38.86736  -69.04980    13.2865   4.205772    35.6907    187.490    189.005    13.2866   4.205792    35.6909     0.0368 1.0000e-12    -0.0134   100.3340      98.55    141.803     3.2605 2.0169e+03          1         26 0.0000e+00
   38.86736  -69.04980    13.2952   4.206749    35.6924    186.497    188.003    13.2934   4.206390    35.6907     0.0258 1.0000e-12    -0.0136   100.3393      98.55    142.091     3.2671 1.9929e+03          1         22 0.0000e+00
   38.86736  -69.04980    13.3111   4.208538    35.6947    185.500    186.998    13.3034   4.207632    35.6935     0.0259 1.0000e-12    -0.0141   100.3543      98.55    142.205     3.2698 1.9672e+03          1         19 0.0000e+00
   38.86736  -69.04980    13.3163   4.209083    35.6955    184.510    185.999    13.3154   4.208971    35.6953     0.0363 1.0000e-12    -0.0139   100.3476      98.55    142.357     3.2732 1.9492e+03          1         19 0.0000e+00
   38.86736  -69.04981    13.3188   4.209286    35.6958    183.505    184.986    13.3180   4.209199    35.6956     0.0455 1.0000e-12    -0.0139   100.3487      98.55    142.821     3.2839 1.9405e+03          1         22 0.0000e+00
   38.86736  -69.04982    13.3297   4.210476    35.6973    182.531    184.003    13.3352   4.210801    35.6950     0.0352 1.0000e-12    -0.0137   100.3433      98.55    142.889     3.2854 1.9356e+03          1         27 0.0000e+00
   38.86736  -69.04982    13.3794   4.216107    35.7036    181.544    183.008    13.3723   4.215059    35.7005     0.0169 1.0000e-12    -0.0141   100.3535      98.55    143.278     3.2944 1.9228e+03          1         35 0.0000e+00
   38.86736  -69.04982    13.4188   4.220581    35.7090    180.572    182.028    13.4321   4.221557    35.7054     0.0358 1.0000e-12    -0.0138   100.3451      98.55    143.467     3.2987 1.9051e+03          1         29 0.0000e+00
   38.86735  -69.04983    13.4480   4.224404    35.7180    179.575    181.022    13.4495   4.224426    35.7168     0.0252 1.0000e-12    -0.0142   100.3546      98.55    144.111     3.3135 1.8922e+03          1         23 0.0000e+00
   38.86734  -69.04984    13.4878   4.228907    35.7232    178.572    180.010    13.4895   4.228177    35.7146     0.0286 1.0000e-12    -0.0136   100.3398      98.55    144.373     3.3195 1.8845e+03          1         21 0.0000e+00
   38.86734  -69.04984    13.5337   4.234041    35.7285    177.567    178.998    13.5359   4.233978    35.7258     0.0394 1.0000e-12    -0.0121   100.3031      98.55    144.575     3.3242 1.8783e+03          1         21 0.0000e+00
   38.86734  -69.04984    13.5702   4.238260    35.7342    176.544    177.966    13.5675   4.237345    35.7282     0.0432 1.0000e-12    -0.0139   100.3489      98.55    144.648     3.3258 1.8713e+03          1         19 0.0000e+00
   38.86734  -69.04984    13.6102   4.242614    35.7378    175.575    176.988    13.6095   4.241713    35.7300     0.0354 1.0000e-12    -0.0142   100.3557      98.55    144.727     3.3276 1.8635e+03          1         17 0.0000e+00
   38.86734  -69.04984    13.6606   4.248287    35.7439    174.583    175.987    13.6568   4.247477    35.7400     0.0361 1.0000e-12    -0.0142   100.3557      56.82    145.059     3.3352 1.8535e+03          1         20 0.0000e+00
   38.86734  -69.04984    13.7076   4.253460    35.7488    173.549    174.945    13.6992   4.251802    35.7412     0.0365 1.0000e-12    -0.0139   100.3488       5.63    145.100     3.3362 1.8437e+03          1         26 0.0000e+00
   38.86734  -69.04984    13.7508   4.258395    35.7554    172.632    174.020    13.7500   4.258024    35.7527     0.0471 1.0000e-12    -0.0140   100.3515       6.20    145.539     3.3463 1.8400e+03          1         37 0.0000e+00
   38.86734  -69.04984    13.7660   4.259960    35.7573    171.643    173.023    13.7721   4.260400    35.7555     0.0262 1.0000e-12    -0.0142   100.3549       6.44    145.765     3.3515 1.8447e+03          1         32 0.0000e+00
   38.86734  -69.04984    13.8161   4.265708    35.7646    170.638    172.010    13.8065   4.263784    35.7557     0.0220 1.0000e-12    -0.0138   100.3444      14.62    145.663     3.3491 1.8465e+03          1         25 0.0000e+00
   38.86734  -69.04985    13.8696   4.271770    35.7714    169.647    171.010    13.8703   4.271360    35.7669     0.0335 1.0000e-12    -0.0127   100.3183      98.74    146.366     3.3652 1.8423e+03          1         22 0.0000e+00
   38.86734  -69.04988    13.9433   4.280072    35.7798    168.626    169.981    13.9292   4.277751    35.7716     0.0397 1.0000e-12    -0.0140   100.3503      98.55    146.196     3.3613 1.8332e+03          1         19 0.0000e+00
   38.86734  -69.04988    13.9853   4.284698    35.7842    167.627    168.973    13.9736   4.283184    35.7812     0.0419 1.0000e-12    -0.0140   100.3497      98.55    145.990     3.3565 1.8223e+03          1         17 0.0000e+00
   38.86734  -69.04988    14.0350   4.290357    35.7907    166.649    167.987    14.0281   4.288452    35.7794     0.0214 1.0000e-12    -0.0140   100.3509      98.55    146.036     3.3576 1.8099e+03          1         16 0.0000e+00
   38.86734  -69.04988    14.0701   4.294029    35.7928    165.648    166.977    14.0663   4.293090    35.7875     0.0270 1.0000e-12    -0.0130   100.3249      98.56    146.309     3.3638 1.7980e+03          1         20 0.0000e+00
   38.86734  -69.04988    14.0990   4.297250    35.7968    164.625    165.946    14.1024   4.297410    35.7950     0.0296 1.0000e-12    -0.0138   100.3452      11.30    146.272     3.3630 1.7912e+03          1         27 0.0000e+00
   38.86733  -69.04987    14.1194   4.299257    35.7980    163.669    164.982    14.1372   4.301211    35.7992     0.0323 4.0398e-06    -0.0138   100.3447      63.08    147.416     3.3892 1.7950e+03          1         42 0.0000e+00
   38.86732  -69.04986    14.2057   4.309110    35.8093    162.729    164.034    14.2192   4.310075    35.8054     0.0442 1.0000e-12    -0.0140   100.3499      40.44    147.681     3.3953 1.7988e+03          1         31 0.0000e+00
   38.86732  -69.04986    14.2385   4.312959    35.8155    161.737    163.034    14.2482   4.313825    35.8144     0.0443 1.0000e-12    -0.0142   100.3568      57.41    148.046     3.4037 1.7954e+03          1         23 0.0000e+00
   38.86732  -69.04986    14.2665   4.316044    35.8187    160.747    162.035    14.2728   4.316358    35.8158     0.0363 1.0000e-12    -0.0142   100.3557      98.56    148.528     3.4148 1.7903e+03          1         19 0.0000e+00
   38.86732  -69.04987    14.2854   4.318203    35.8221    159.688    160.967    14.2919   4.318792    35.8215     0.0244 1.0000e-12    -0.0140   100.3493      98.55    148.943     3.4243 1.7852e+03          1         20 0.0000e+00
   38.86732  -69.04990    14.2967   4.319360    35.8233    158.701    159.972    14.2989   4.319346    35.8212     0.0145 1.0000e-12    -0.0140   100.3500      98.55    149.370     3.4341 1.7803e+03          1         18 0.0000e+00
   38.86732  -69.04990    14.3030   4.320019    35.8244    157.764    159.027    14.2991   4.319601    35.8244     0.0070 1.0000e-12    -0.0143   100.3571      98.55    149.737     3.4426 1.7754e+03          1         19 0.0000e+00
   38.86732  -69.04990    14.3049   4.320150    35.8250    156.735    157.989    14.3071   4.320278    35.8242     0.0376 1.0000e-12    -0.0142   100.3557      98.55    149.910     3.4465 1.7695e+03          1         20 0.0000e+00
   38.86732  -69.04990    14.3093   4.320557    35.8256    155.764    157.011    14.3089   4.320546    35.8260     0.0442 1.0000e-12    -0.0140   100.3506      12.66    149.808     3.4442 1.7639e+03          1         20 0.0000e+00
   38.86732  -69.04990    14.3138   4.320997    35.8264    154.762    156.000    14.3139   4.320944    35.8259     0.0516 4.5155e-04    -0.0134   100.3345       5.84    149.823     3.4445 1.7599e+03          1         23 0.0000e+00
   38.86731  -69.04990    14.3200   4.321585    35.8273    153.678    154.907    14.3203   4.321642    35.8275     0.0363 1.0000e-12    -0.0135   100.3378       6.30    150.288     3.4552 1.7594e+03          1         46 0.0000e+00
   38.86730  -69.04990    14.3253   4.322021    35.8275    152.907    154.129    14.3264   4.322142    35.8276     0.0283 1.0000e-12    -0.0140   100.3516       6.68    150.714     3.4650 1.7663e+03          1         44 0.0000e+00
   38.86730  -69.04990    14.3318   4.322231    35.8242    151.800    153.013    14.3335   4.322226    35.8225     0.0449 1.0000e-12    -0.0139   100.3481       7.20    151.039     3.4725 1.7671e+03          1         17 0.0000e+00
   38.86730  -69.04990    14.3637   4.323285    35.8043    150.807    152.012    14.3569   4.322824    35.8065     0.0317 1.6228e-04    -0.0134   100.3340      21.93    150.879     3.4687 1.7622e+03          1         13 0.0000e+00
   38.86730  -69.04990    14.3980   4.325181    35.7898    149.801    150.998    14.3892   4.324374    35.7908     0.0272 1.0000e-12    -0.0130   100.3260      98.88    151.090     3.4735 1.7582e+03          1         13 0.0000e+00
   38.86730  -69.04994    14.4124   4.326292    35.7872    148.812    150.000    14.4060   4.325729    35.7881     0.0429 6.5702e-04    -0.0125   100.3122      98.55    151.269     3.4776 1.7526e+03          1         13 0.0000e+00
   38.86730  -69.04994    14.4199   4.326960    35.7870    147.789    148.968    14.4253   4.327237    35.7844     0.0341 1.0000e-12    -0.0117   100.2922      98.56    152.705     3.5106 1.7466e+03          1         17 0.0000e+00
   38.86730  -69.04994    14.4570   4.330466    35.7851    146.780    147.951    14.4655   4.330842    35.7805     0.0179 1.0000e-12    -0.0124   100.3097      98.55    157.938     3.6309 1.7414e+03          1         24 0.0000e+00
   38.86730  -69.04994    14.4956   4.334553    35.7875    145.832    146.995    14.4922   4.334162    35.7872     0.0228 1.0000e-12    -0.0122   100.3049      98.55    165.548     3.8058 1.7410e+03          1         46 0.0000e+00
   38.86730  -69.04994    14.5463   4.339875    35.7900    144.865    146.020    14.5282   4.337395    35.7842     0.0313 1.0000e-12    -0.0116   100.2899      98.55    169.213     3.8900 1.7462e+03          1         34 0.0000e+00
   38.86730  -69.04994    14.5668   4.342224    35.7935    143.875    145.022    14.5609   4.341622    35.7935     0.0267 1.0000e-12    -0.0126   100.3146      98.55    170.220     3.9132 1.7484e+03          1         25 0.0000e+00
   38.86730  -69.04994    14.5724   4.342660    35.7931    142.883    144.021    14.5680   4.342106    35.7921     0.0335 7.1312e-04    -0.0122   100.3043      98.56    171.402     3.9403 1.7470e+03          1         20 0.0000e+00
   38.86730  -69.04994    14.5901   4.344510    35.7942    141.888    143.018    14.5879   4.343960    35.7912     0.0341 1.0000e-12    -0.0129   100.3224      98.56    172.794     3.9723 1.7441e+03          1         17 0.0000e+00
   38.86730  -69.04994    14.6185   4.347595    35.7966    140.900    142.022    14.6195   4.347315    35.7930     0.0294 1.0782e-04    -0.0128   100.3209      98.56    173.826     3.9960 1.7411e+03          1         17 0.0000e+00
   38.86730  -69.04994    14.6412   4.349637    35.7948    139.881    140.994    14.6349   4.348807    35.7930     0.0406 1.0000e-12    -0.0122   100.3043      98.55    174.634     4.0146 1.7387e+03          1         17 0.0000e+00
   38.86729  -69.04995    14.6532   4.350411    35.7914    138.894    139.999    14.6496   4.350070    35.7916     0.0358 1.0000e-12    -0.0121   100.3030      98.55    175.863     4.0428 1.7361e+03          1         20 0.0000e+00
   38.86728  -69.04996    14.6656   4.350800    35.7844    137.868    138.965    14.6630   4.350614    35.7850     0.0202 1.1974e-03    -0.0123   100.3079      98.56    179.959     4.1369 1.7345e+03          1         36 0.0000e+00
   38.86728  -69.04996    14.6716   4.350741    35.7793    136.956    138.045    14.6756   4.350913    35.7771     0.0288 2.7684e-03    -0.0124   100.3086      98.55    187.181     4.3029 1.7353e+03          1         42 0.0000e+00
   38.86728  -69.04996    14.6855   4.351006    35.7697    135.953    137.034    14.6885   4.351093    35.7676     0.0361 6.0105e-03    -0.0129   100.3214      98.56    191.198     4.3952 1.7357e+03          1         27 0.0000e+00
   38.86728  -69.04998    14.6954   4.351033    35.7614    134.971    136.045    14.6884   4.350831    35.7661     0.0419 6.3581e-03    -0.0126   100.3153      98.56    192.363     4.4220 1.7355e+03          1         21 0.0000e+00
   38.86728  -69.04998    14.6970   4.350877    35.7592    133.946    135.011    14.6954   4.350842    35.7603     0.0301 6.6437e-03    -0.0114   100.2854      98.56    193.912     4.4576 1.7352e+03          1         19 0.0000e+00
   38.86728  -69.04998    14.6987   4.350594    35.7557    132.922    133.978    14.6980   4.350643    35.7568     0.0214 1.2745e-03    -0.0117   100.2931      98.55    196.061     4.5070 1.7335e+03          1         16 0.0000e+00
   38.86728  -69.04998    14.6958   4.349660    35.7504    131.954    133.002    14.6960   4.350065    35.7539     0.0447 3.7050e-03    -0.0122   100.3043      98.56    198.260     4.5575 1.7311e+03          1         16 0.0000e+00
   38.86728  -69.04998    14.6882   4.348079    35.7437    130.943    131.983    14.6879   4.348440    35.7472     0.0324 7.1792e-03    -0.0109   100.2718      98.56    199.982     4.5971 1.7291e+03          1         19 0.0000e+00
   38.86728  -69.04998    14.6738   4.345463    35.7338    129.934    130.965    14.6767   4.346400    35.7396     0.0242 7.7487e-03    -0.0111   100.2774      98.56    201.404     4.6297 1.7255e+03          1         22 0.0000e+00
   38.86728  -69.04998    14.6661   4.343978    35.7280    128.959    129.983    14.6668   4.344345    35.7307     0.0260 8.1301e-03    -0.0112   100.2804      98.56    203.699     4.6825 1.7243e+03          1         29 0.0000e+00
   38.86728  -69.04998    14.6602   4.342887    35.7241    127.956    128.971    14.6584   4.342590    35.7231     0.0217 8.5481e-03    -0.0113   100.2833      98.56    206.870     4.7554 1.7260e+03          1         38 0.0000e+00
