Data/ruptures/KN207-01/QL-1/20701017.cnv
* Sea-Bird SBE 9 Data File:
* FileName = C:\Data\ctd\20701017.hex
* Software Version Seasave V 7.21e
* Temperature SN = 4406
* Conductivity SN = 1474
* Number of Bytes Per Scan = 40
* Number of Voltage Words = 5
* Number of Scans Averaged by the Deck Unit = 1
* NMEA Latitude = 38 58.77 N
* NMEA Longitude = 068 59.46 W
* NMEA UTC (Time) = Apr 23 2012 22:08:59
** R/V Knorr Cruise # KN207-01 QL1
** Chief Scientist: Ben Van Mooy
# nquan = 21
# nvalues = 403                         
# units = specified
# name 0 = latitude: Latitude [deg]
# name 1 = longitude: Longitude [deg]
# name 2 = t090C: Temperature [ITS-90, deg C]
# name 3 = c0S/m: Conductivity [S/m]
# name 4 = sal00: Salinity, Practical [PSU]
# name 5 = depSM: Depth [salt water, m]
# name 6 = prDM: Pressure, Digiquartz [db]
# name 7 = t190C: Temperature, 2 [ITS-90, deg C]
# name 8 = c1S/m: Conductivity, 2 [S/m]
# name 9 = sal11: Salinity, Practical, 2 [PSU]
# name 10 = flECO-AFL: Fluorescence, WET Labs ECO-AFL/FL [mg/m^3]
# name 11 = par: PAR/Irradiance, Biospherical/Licor
# name 12 = bat: Beam Attenuation, Chelsea/Seatech [1/m]
# name 13 = xmiss: Beam Transmission, Chelsea/Seatech [%]
# name 14 = altM: Altimeter [m]
# name 15 = sbeox0Mm/Kg: Oxygen, SBE 43 [umol/kg]
# name 16 = sbeox0ML/L: Oxygen, SBE 43 [ml/l]
# name 17 = spar: SPAR/Surface Irradiance
# name 18 = pumps: Pump Status
# name 19 = nbin: number of scans per bin
# name 20 = flag: flag
# span 0 =   38.97689,   38.97962       
# span 1 =  -68.99138,  -68.99054       
# span 2 =    11.1368,    14.6896       
# span 3 =   3.862047,   4.355562       
# span 4 =    33.9177,    35.8292       
# span 5 =      1.307,    201.024       
# span 6 =      1.317,    202.657       
# span 7 =    11.1346,    14.6910       
# span 8 =   3.862018,   4.355886       
# span 9 =    34.0229,    35.8307       
# span 10 =     0.0035,     2.3801      
# span 11 = 1.0000e-12, 8.7907e+00      
# span 12 =    -0.0162,     0.3565      
# span 13 =    91.4737,   100.4054      
# span 14 =       1.85,      98.75      
# span 15 =    144.901,    424.672      
# span 16 =     3.3317,     9.7538      
# span 17 = 1.1372e+02, 3.4189e+02      
# span 18 =          1,          1      
# span 19 =          6,        293      
# span 20 = 0.0000e+00, 0.0000e+00      
# interval = decibars: 1                
# start_time = Apr 23 2012 22:08:59 [NMEA time, header]
# bad_flag = -9.990e-29
*END*
[from data line 276]
   38.97826  -68.99100    14.5369   4.325199    35.6767    125.956    126.956    14.5397   4.325895    35.6805     0.0359 6.6971e-05    -0.0117   100.2921      98.61    200.097     4.5996 2.3220e+02          1         21 0.0000e+00
   38.97826  -68.99100    14.5226   4.322834    35.6686    124.976    125.968    14.5177   4.322450    35.6697     0.0330 7.6095e-05    -0.0112   100.2816      98.61    207.711     4.7746 2.3284e+02          1         34 0.0000e+00
   38.97825  -68.99100    14.4973   4.318884    35.6562    124.014    124.998    14.4946   4.318866    35.6585     0.0228 9.4671e-05    -0.0105   100.2623      98.61    210.417     4.8368 2.3275e+02          1         41 0.0000e+00
   38.97824  -68.99100    14.4435   4.310997    35.6339    123.084    124.060    14.4273   4.309066    35.6313     0.0358 1.0855e-04    -0.0104   100.2593      98.61    211.807     4.8688 2.3222e+02          1         68 0.0000e+00
   38.97824  -68.99100    14.4197   4.307386    35.6228    122.062    123.030    14.4048   4.305397    35.6183     0.0387 1.1312e-04    -0.0104   100.2602      98.61    212.162     4.8769 2.3167e+02          1         21 0.0000e+00
   38.97822  -68.99098    14.3528   4.297994    35.5993    121.027    121.986    14.3600   4.300099    35.6119     0.0311 1.5306e-04    -0.0101   100.2529      98.62    212.139     4.8763 2.3165e+02          1         13 0.0000e+00
   38.97822  -68.99098    14.3320   4.295234    35.5936    120.049    121.000    14.3328   4.295697    35.5970     0.0210 1.8216e-04    -0.0103   100.2569      98.62    212.106     4.8756 2.3165e+02          1         13 0.0000e+00
   38.97822  -68.99098    14.3299   4.294876    35.5924    119.027    119.970    14.3290   4.294868    35.5930     0.0297 1.7355e-04    -0.0100   100.2492      98.61    211.611     4.8642 2.3119e+02          1         14 0.0000e+00
   38.97822  -68.99098    14.3279   4.294579    35.5916    118.007    118.941    14.3280   4.294696    35.5925     0.0369 1.7305e-04    -0.0096   100.2400      98.62    211.121     4.8529 2.3088e+02          1         16 0.0000e+00
   38.97822  -68.99098    14.3224   4.293761    35.5892    116.997    117.924    14.3217   4.293839    35.5904     0.0406 2.0514e-04    -0.0097   100.2414      98.61    211.215     4.8551 2.2968e+02          1         29 0.0000e+00
   38.97822  -68.99098    14.3201   4.293439    35.5882    116.118    117.037    14.3182   4.293307    35.5887     0.0316 2.1840e-04    -0.0013   100.0318      98.62    211.757     4.8676 2.2783e+02          1         30 0.0000e+00
   38.97821  -68.99099    14.3133   4.292227    35.5834    115.134    116.045    14.3118   4.292165    35.5842     0.0509 2.2898e-04     0.0021    99.9481      98.62    212.025     4.8737 2.2721e+02          1         21 0.0000e+00
   38.97820  -68.99100    14.3009   4.290163    35.5762    114.134    115.036    14.2996   4.290363    35.5792     0.0287 2.4078e-04    -0.0097   100.2417      98.61    212.244     4.8787 2.2739e+02          1         16 0.0000e+00
   38.97820  -68.99100    14.2854   4.287872    35.5698    113.138    114.033    14.2869   4.288443    35.5735     0.0432 2.6533e-04    -0.0099   100.2484      98.62    211.835     4.8693 2.2792e+02          1         17 0.0000e+00
   38.97820  -68.99100    14.2630   4.284513    35.5599    112.107    112.993    14.2658   4.285362    35.5651     0.0332 2.8627e-04    -0.0094   100.2362      98.62    212.213     4.8780 2.2898e+02          1         20 0.0000e+00
   38.97820  -68.99100    14.2521   4.282991    35.5560    111.010    111.887    14.2444   4.282075    35.5547     0.0281 3.2115e-04    -0.0091   100.2284      98.61    214.345     4.9270 2.2992e+02          1         43 0.0000e+00
   38.97820  -68.99096    14.2334   4.280358    35.5486    110.363    111.235    14.2316   4.280255    35.5493     0.0435 3.4329e-04    -0.0089   100.2233      98.62    215.893     4.9626 2.2902e+02          1         66 0.0000e+00
   38.97820  -68.99096    14.2242   4.278915    35.5439    109.165    110.027    14.2233   4.279044    35.5459     0.0300 3.6592e-04    -0.0084   100.2101      98.61    215.892     4.9625 2.2629e+02          1         18 0.0000e+00
   38.97820  -68.99096    14.1960   4.274973    35.5342    108.182    109.036    14.2039   4.276470    35.5406     0.0295 4.1203e-04    -0.0086   100.2155      98.62    215.818     4.9608 2.2510e+02          1         11 0.0000e+00
   38.97820  -68.99096    14.1842   4.273301    35.5300    107.199    108.045    14.1875   4.274172    35.5350     0.0267 4.4649e-04    -0.0090   100.2251      98.61    215.848     4.9615 2.2418e+02          1         12 0.0000e+00
   38.97820  -68.99096    14.1726   4.271585    35.5253    106.158    106.996    14.1754   4.272437    35.5306     0.0313 4.8585e-04    -0.0085   100.2118      98.62    215.792     4.9602 2.2373e+02          1         10 0.0000e+00
   38.97820  -68.99096    14.1473   4.268012    35.5163    105.146    105.975    14.1453   4.268816    35.5257     0.0299 4.9683e-04    -0.0082   100.2041      98.62    216.056     4.9663 2.2351e+02          1         10 0.0000e+00
   38.97818  -68.99096    14.1270   4.265203    35.5096    104.187    105.009    14.1293   4.265948    35.5143     0.0335 5.0781e-04    -0.0072   100.1809      98.61    216.611     4.9790 2.2351e+02          1         10 0.0000e+00
   38.97818  -68.99096    14.1158   4.263646    35.5059    103.175    103.989    14.1193   4.264305    35.5086     0.0509 5.6463e-04    -0.0070   100.1758      98.62    216.989     4.9877 2.2444e+02          1         13 0.0000e+00
   38.97818  -68.99096    14.1028   4.261908    35.5021    102.131    102.935    14.1029   4.262338    35.5061     0.0419 5.5512e-04    -0.0078   100.1939      98.62    217.431     4.9979 2.2464e+02          1         17 0.0000e+00
   38.97818  -68.99096    14.0618   4.256133    35.4862    101.212    102.009    14.0587   4.255996    35.4879     0.0361 5.9604e-04    -0.0074   100.1841      98.62    218.823     5.0299 2.2687e+02          1        115 0.0000e+00
   38.97818  -68.99096    14.0254   4.250777    35.4697    100.221    101.011    14.0140   4.248842    35.4625     0.0510 6.0999e-04    -0.0064   100.1609      98.62    219.125     5.0368 2.2542e+02          1         19 0.0000e+00
   38.97818  -68.99096    13.9969   4.246603    35.4580     99.236    100.017    13.9975   4.246988    35.4609     0.0676 6.6246e-04    -0.0058   100.1458      98.62    220.559     5.0697 2.2511e+02          1         12 0.0000e+00
   38.97818  -68.99096    13.9959   4.246271    35.4559     98.265     99.038    13.9930   4.246234    35.4583     0.0746 7.0089e-04    -0.0065   100.1639      98.62    221.598     5.0936 2.2496e+02          1         13 0.0000e+00
   38.97818  -68.99096    13.9726   4.242816    35.4460     97.210     97.974    13.9764   4.243688    35.4505     0.0373 8.0374e-04    -0.0074   100.1857      98.62    222.070     5.1044 2.2427e+02          1         13 0.0000e+00
   38.97818  -68.99096    13.9557   4.240350    35.4391     96.206     96.963    13.9601   4.241615    35.4467     0.0210 7.9944e-04    -0.0077   100.1916      98.62    221.988     5.1025 2.2375e+02          1         13 0.0000e+00
   38.97818  -68.99096    13.9438   4.238512    35.4333     95.203     95.952    13.9462   4.239416    35.4394     0.0475 8.3279e-04    -0.0071   100.1773      98.62    221.757     5.0972 2.2306e+02          1         17 0.0000e+00
   38.97816  -68.99098    13.9209   4.235292    35.4249     94.228     94.969    13.9229   4.236111    35.4306     0.0462 8.9210e-04    -0.0064   100.1592      98.62    221.708     5.0961 2.2254e+02          1         17 0.0000e+00
   38.97816  -68.99098    13.8712   4.228488    35.4084     93.286     94.019    13.8727   4.230039    35.4214     0.0357 9.4447e-04    -0.0067   100.1681      98.62    221.801     5.0982 2.2161e+02          1         20 0.0000e+00
   38.97816  -68.99098    13.7726   4.215373    35.3787     92.250     92.975    13.7714   4.216811    35.3933     0.0393 1.0262e-03    -0.0063   100.1570      98.62    221.624     5.0941 2.2237e+02          1         26 0.0000e+00
   38.97816  -68.99096    13.7071   4.206452    35.3554     91.247     91.963    13.6720   4.201926    35.3459     0.0571 1.1478e-03    -0.0052   100.1308      98.62    223.219     5.1308 2.2438e+02          1         93 0.0000e+00
   38.97816  -68.99094    13.6667   4.200823    35.3391     90.377     91.086    13.6652   4.200485    35.3370     0.0354 1.1565e-03    -0.0040   100.1013      98.62    223.462     5.1363 2.2373e+02          1         20 0.0000e+00
   38.97816  -68.99094    13.6171   4.193914    35.3211     89.368     90.069    13.6331   4.197359    35.3381     0.0485 1.1945e-03    -0.0036   100.0901      98.62    223.463     5.1363 2.2291e+02          1         15 0.0000e+00
   38.97816  -68.99094    13.5624   4.186361    35.3019     88.333     89.026    13.5660   4.188571    35.3191     0.0505 1.2391e-03    -0.0044   100.1115      98.62    224.343     5.1566 2.2287e+02          1         12 0.0000e+00
   38.97816  -68.99094    13.4712   4.173823    35.2703     87.353     88.038    13.4817   4.177143    35.2914     0.0588 1.3132e-03    -0.0032   100.0800      98.62    225.391     5.1806 2.2205e+02          1         11 0.0000e+00
   38.97816  -68.99094    13.4433   4.169961    35.2601     86.347     87.024    13.4444   4.171210    35.2708     0.0594 1.3653e-03    -0.0029   100.0730      98.62    225.747     5.1888 2.2083e+02          1         11 0.0000e+00
   38.97816  -68.99094    13.3888   4.162594    35.2422     85.324     85.993    13.4119   4.166369    35.2558     0.0594 1.4385e-03    -0.0011   100.0263      98.62    226.075     5.1963 2.2083e+02          1         11 0.0000e+00
   38.97814  -68.99094    13.3561   4.158201    35.2316     84.316     84.977    13.3556   4.159388    35.2432     0.0594 1.5331e-03    -0.0008   100.0193      98.63    226.242     5.2001 2.1961e+02          1         11 0.0000e+00
   38.97814  -68.99094    13.3370   4.155707    35.2258     83.354     84.007    13.3449   4.157009    35.2305     0.0761 1.6069e-03     0.0010    99.9749      98.63    226.631     5.2091 2.1860e+02          1         11 0.0000e+00
   38.97814  -68.99094    13.3291   4.154619    35.2228     82.329     82.974    13.3315   4.155371    35.2275     0.0880 1.6940e-03     0.0008    99.9805      98.62    226.944     5.2163 2.1890e+02          1         15 0.0000e+00
   38.97814  -68.99094    13.3699   4.160006    35.2344     81.260     81.896    13.3760   4.159061    35.2196     0.0817 1.8536e-03     0.0013    99.9677      98.61    227.162     5.2213 2.1913e+02          1         21 0.0000e+00
   38.97814  -68.99094    13.4122   4.164809    35.2382     80.614     81.245    13.4254   4.167120    35.2475     0.0814 2.1442e-03     0.0028    99.9306      98.62    228.280     5.2469 2.2034e+02          1         41 0.0000e+00
   38.97814  -68.99094    13.5051   4.175159    35.2462     79.385     80.006    13.5217   4.180228    35.2781     0.1030 2.6501e-03     0.0049    99.8783      98.63    228.253     5.2462 2.1796e+02          1          7 0.0000e+00
   38.97814  -68.99094    13.4254   4.164279    35.2195     78.393     79.006    13.4337   4.169110    35.2572     0.1043 2.4058e-03     0.0057    99.8577      98.62    228.854     5.2601 2.1721e+02          1          8 0.0000e+00
   38.97814  -68.99094    13.3129   4.149494    35.1870     77.353     77.958    13.3256   4.154714    35.2243     0.1176 2.7483e-03     0.0062    99.8453      98.61    229.764     5.2809 2.1701e+02          1          7 0.0000e+00
   38.97814  -68.99094    13.2006   4.134955    35.1561     76.358     76.955    13.2390   4.142619    35.1923     0.1333 2.7986e-03     0.0115    99.7131      98.62    230.204     5.2910 2.1669e+02          1          7 0.0000e+00
   38.97814  -68.99094    13.1580   4.129666    35.1465     75.400     75.989    13.1895   4.135674    35.1737     0.1342 2.7432e-03     0.0115    99.7131      98.62    230.472     5.2972 2.1637e+02          1          6 0.0000e+00
   38.97814  -68.99094    13.1103   4.123342    35.1319     74.463     75.045    13.1273   4.128165    35.1616     0.1336 2.9180e-03     0.0124    99.6906      98.62    230.322     5.2938 2.1637e+02          1          8 0.0000e+00
   38.97813  -68.99094    13.0341   4.112704    35.1031     73.417     73.991    13.0093   4.113692    35.1363     0.1330 2.9070e-03     0.0169    99.5789      98.63    230.460     5.2969 2.1637e+02          1          9 0.0000e+00
   38.97810  -68.99092    12.8423   4.087975    35.0496     72.410     72.975    12.8656   4.096923    35.1130     0.1321 3.1232e-03     0.0168    99.5823      98.62    231.258     5.3152 2.1657e+02          1         11 0.0000e+00
   38.97810  -68.99092    12.8018   4.084442    35.0528     71.293     71.849    12.7818   4.079310    35.0228     0.1831 3.3312e-03     0.0154    99.6156      98.62    231.781     5.3273 2.1768e+02          1         29 0.0000e+00
   38.97812  -68.99090    12.6499   4.063897    34.9922     70.508     71.058    12.6570   4.066196    35.0073     0.1867 4.0265e-03     0.0136    99.6617      98.61    236.997     5.4471 2.1846e+02          1         16 0.0000e+00
   38.97812  -68.99090    12.5415   4.050468    34.9655     69.474     70.016    12.5408   4.050631    34.9675     0.1839 4.3725e-03     0.0132    99.6716      98.62    238.422     5.4799 2.1843e+02          1         13 0.0000e+00
   38.97812  -68.99090    12.5564   4.052263    34.9681     68.478     69.012    12.5552   4.051796    34.9645     0.1720 4.5505e-03     0.0130    99.6755      98.62    238.314     5.4774 2.1843e+02          1         13 0.0000e+00
   38.97812  -68.99090    12.5632   4.052906    34.9674     67.508     68.034    12.5673   4.053547    34.9695     0.1699 4.7506e-03     0.0127    99.6837      98.63    237.902     5.4679 2.1860e+02          1         14 0.0000e+00
   38.97812  -68.99090    12.5153   4.046672    34.9528     66.496     67.014    12.5173   4.048131    34.9648     0.1634 4.9880e-03     0.0140    99.6511      98.63    238.085     5.4721 2.1860e+02          1         17 0.0000e+00
   38.97811  -68.99091    12.4127   4.033578    34.9239     65.467     65.977    12.4138   4.035297    34.9393     0.1870 5.2178e-03     0.0147    99.6326      98.63    238.874     5.4902 2.1860e+02          1         23 0.0000e+00
   38.97810  -68.99092    12.3084   4.020558    34.8965     64.529     65.032    12.3121   4.021963    34.9065     0.2042 5.4066e-03     0.0154    99.6146      98.62    238.736     5.4870 2.1845e+02          1         30 0.0000e+00
   38.97810  -68.99092    12.2719   4.015869    34.8839     63.578     64.073    12.2373   4.011661    34.8761     0.2179 5.7866e-03     0.0170    99.5766      98.62    239.506     5.5047 2.1738e+02          1         42 0.0000e+00
   38.97810  -68.99092    12.2333   4.010881    34.8708     62.515     63.001    12.2196   4.009564    34.8708     0.2460 6.4667e-03     0.0181    99.5490      98.62    241.140     5.5423 2.1637e+02          1         31 0.0000e+00
   38.97810  -68.99088    12.1017   3.993340    34.8226     61.652     62.132    12.0891   3.992214    34.8235     0.2747 6.9820e-03     0.0246    99.3877      98.62    241.678     5.5546 2.1650e+02          1         88 0.0000e+00
   38.97807  -68.99086    12.0054   3.980930    34.7858     60.618     61.090    12.0020   3.980663    34.7864     0.3106 7.3642e-03     0.0311    99.2254      98.62    243.946     5.6066 2.1210e+02          1        179 0.0000e+00
   38.97805  -68.99082    11.9736   3.976772    34.7737     59.728     60.192    11.9672   3.976238    34.7746     0.3214 6.9377e-03     0.0313    99.2215      98.63    244.676     5.6234 2.0761e+02          1         57 0.0000e+00
