Data/ruptures/KN207-01/QL-1/20701016.cnv
* Sea-Bird SBE 9 Data File:
* FileName = C:\Data\ctd\20701016.hex
* Software Version Seasave V 7.21e
* Temperature SN = 4406
* Conductivity SN = 1474
* Number of Bytes Per Scan = 40
* Number of Voltage Words = 5
* Number of Scans Averaged by the Deck Unit = 1
* NMEA Latitude = 38 59.05 N
* NMEA Longitude = 068 59.28 W
* NMEA UTC (Time) = Apr 23 2012 20:04:34
** R/V Knorr Cruise # KN207-01 QL1
** Chief Scientist: Ben Van Mooy
# nquan = 21
# nvalues = 405                         
# units = specified
# name 0 = latitude: Latitude [deg]
# name 1 = longitude: Longitude [deg]
# name 2 = t090C: Temperature [ITS-90, deg C]
# name 3 = c0S/m: Conductivity [S/m]
# name 4 = sal00: Salinity, Practical [PSU]
# name 5 = depSM: Depth [salt water, m]
# name 6 = prDM: Pressure, Digiquartz [db]
# name 7 = t190C: Temperature, 2 [ITS-90, deg C]
# name 8 = c1S/m: Conductivity, 2 [S/m]
# name 9 = sal11: Salinity, Practical, 2 [PSU]
# name 10 = flECO-AFL: Fluorescence, WET Labs ECO-AFL/FL [mg/m^3]
# name 11 = par: PAR/Irradiance, Biospherical/Licor
# name 12 = bat: Beam Attenuation, Chelsea/Seatech [1/m]
# name 13 = xmiss: Beam Transmission, Chelsea/Seatech [%]
# name 14 = altM: Altimeter [m]
# name 15 = sbeox0Mm/Kg: Oxygen, SBE 43 [umol/kg]
# name 16 = sbeox0ML/L: Oxygen, SBE 43 [ml/l]
# name 17 = spar: SPAR/Surface Irradiance
# name 18 = pumps: Pump Status
# name 19 = nbin: number of scans per bin
# name 20 = flag: flag
# span 0 =   38.98327,   38.98420       
# span 1 =  -68.98817,  -68.98738       
# span 2 =    11.1480,    14.7728       
# span 3 =   3.871763,   4.367968       
# span 4 =    33.6383,    35.8472       
# span 5 =      2.442,    203.131       
# span 6 =      2.461,    204.782       
# span 7 =    11.1452,    14.7720       
# span 8 =   3.871846,   4.368108       
# span 9 =    33.9196,    35.8500       
# span 10 =    -0.0034,     2.7662      
# span 11 = 1.0000e-12, 3.0132e+01      
# span 12 =    -0.0153,     0.3204      
# span 13 =    92.3037,   100.3846      
# span 14 =       1.62,      98.69      
# span 15 =    145.562,    422.713      
# span 16 =     3.3467,     9.7084      
# span 17 = 5.4297e+02, 8.8328e+02      
# span 18 =          1,          1      
# span 19 =          7,        624      
# span 20 = 0.0000e+00, 0.0000e+00      
# interval = decibars: 1                
# start_time = Apr 23 2012 20:04:34 [NMEA time, header]
# bad_flag = -9.990e-29
*END*
[from data line 276]
   38.98392  -68.98748    14.5851   4.330613    35.6823    128.992    130.017    14.6025   4.333324    35.6911     0.0170 7.2676e-04    -0.0121   100.3016      98.61    213.010     4.8964 6.1695e+02          1         19 0.0000e+00
   38.98392  -68.98748    14.5613   4.327244    35.6739    128.023    129.040    14.5914   4.331735    35.6870     0.0380 7.5510e-04    -0.0114   100.2859      98.61    213.368     4.9046 6.1821e+02          1         21 0.0000e+00
   38.98392  -68.98745    14.5330   4.323010    35.6617    127.011    128.019    14.5545   4.326817    35.6767     0.0394 7.7366e-04    -0.0116   100.2896      98.61    213.853     4.9158 6.2033e+02          1         21 0.0000e+00
   38.98392  -68.98742    14.5253   4.321830    35.6580    126.008    127.008    14.5271   4.322819    35.6658     0.0331 8.2152e-04    -0.0118   100.2945      98.61    214.027     4.9198 6.2193e+02          1         21 0.0000e+00
   38.98392  -68.98742    14.5021   4.318605    35.6502    125.021    126.013    14.5170   4.320725    35.6561     0.0315 8.6513e-04    -0.0115   100.2879      98.61    214.324     4.9266 6.2113e+02          1         22 0.0000e+00
   38.98392  -68.98742    14.4926   4.316950    35.6439    124.010    124.994    14.4987   4.318291    35.6508     0.0333 9.3288e-04    -0.0110   100.2746      98.61    215.018     4.9425 6.1657e+02          1         32 0.0000e+00
   38.98392  -68.98742    14.4283   4.307940    35.6211    123.052    124.028    14.4518   4.311615    35.6332     0.0241 1.0365e-03    -0.0101   100.2523      98.61    215.690     4.9580 6.1098e+02          1         41 0.0000e+00
   38.98392  -68.98746    14.4275   4.307943    35.6217    122.061    123.028    14.4452   4.310422    35.6282     0.0207 1.1405e-03    -0.0107   100.2689      98.61    215.122     4.9449 6.1074e+02          1         29 0.0000e+00
   38.98392  -68.98746    14.3877   4.302062    35.6047    121.047    122.006    14.4349   4.309411    35.6285     0.0360 1.1976e-03    -0.0106   100.2652      98.61    215.556     4.9549 6.1285e+02          1         23 0.0000e+00
   38.98392  -68.98746    14.3474   4.296349    35.5899    120.056    121.008    14.3707   4.300619    35.6079     0.0238 1.2585e-03    -0.0102   100.2552      98.62    216.554     4.9778 6.1424e+02          1         22 0.0000e+00
   38.98392  -68.98746    14.3193   4.292297    35.5787    119.101    120.044    14.3316   4.294482    35.5878     0.0067 1.2957e-03    -0.0104   100.2611      98.61    216.732     4.9819 6.1548e+02          1         25 0.0000e+00
   38.98392  -68.98744    14.2830   4.287340    35.5669    118.092    119.028    14.3043   4.290748    35.5787     0.0224 1.3348e-03    -0.0093   100.2331      98.61    217.452     4.9984 6.1515e+02          1         26 0.0000e+00
   38.98392  -68.98742    14.2484   4.282322    35.5528    117.100    118.027    14.2798   4.286940    35.5665     0.0478 1.3724e-03    -0.0092   100.2286      98.61    218.268     5.0172 6.1237e+02          1         19 0.0000e+00
   38.98392  -68.98742    14.2152   4.277504    35.5394    116.110    117.029    14.2563   4.284223    35.5634     0.0647 1.4169e-03    -0.0092   100.2287      98.61    218.687     5.0268 6.0989e+02          1         17 0.0000e+00
   38.98392  -68.98742    14.1754   4.271978    35.5256    115.114    116.024    14.2004   4.276132    35.5411     0.0494 1.4812e-03    -0.0087   100.2169      98.62    218.960     5.0330 6.0719e+02          1         15 0.0000e+00
   38.98392  -68.98742    14.1571   4.269360    35.5185    114.115    115.018    14.1717   4.271741    35.5274     0.0324 1.5665e-03    -0.0084   100.2091      98.61    218.975     5.0334 6.0661e+02          1         17 0.0000e+00
   38.98392  -68.98742    14.1517   4.268777    35.5179    113.098    113.993    14.1568   4.269712    35.5223     0.0228 1.6571e-03    -0.0085   100.2108      98.61    218.858     5.0307 6.0674e+02          1         22 0.0000e+00
   38.98391  -68.98743    14.1385   4.266852    35.5121    112.099    112.985    14.1495   4.268423    35.5168     0.0473 1.7624e-03    -0.0080   100.1992      98.62    218.673     5.0264 6.0877e+02          1         33 0.0000e+00
   38.98390  -68.98744    14.1308   4.265732    35.5085    111.131    112.009    14.1364   4.266597    35.5117     0.0343 1.8741e-03    -0.0077   100.1932      98.62    219.695     5.0499 6.1087e+02          1         34 0.0000e+00
   38.98390  -68.98744    14.1313   4.265666    35.5071    110.109    110.979    14.1315   4.265742    35.5080     0.0438 1.9747e-03    -0.0079   100.1970      98.61    220.000     5.0569 6.1120e+02          1         34 0.0000e+00
   38.98390  -68.98744    14.1302   4.265202    35.5036    109.183    110.045    14.1324   4.265751    35.5069     0.0391 2.0866e-03    -0.0061   100.1516      98.61    219.589     5.0475 6.0961e+02          1         35 0.0000e+00
   38.98390  -68.98742    14.1239   4.264151    35.4997    108.179    109.034    14.1296   4.265193    35.5044     0.0508 2.1970e-03    -0.0063   100.1565      98.61    219.520     5.0458 6.0741e+02          1         20 0.0000e+00
   38.98390  -68.98742    14.1108   4.262293    35.4951    107.173    108.019    14.1147   4.263173    35.4998     0.0591 2.3131e-03    -0.0070   100.1758      98.61    219.226     5.0391 6.0569e+02          1         17 0.0000e+00
   38.98390  -68.98742    14.0800   4.257946    35.4839    106.152    106.990    14.0878   4.259630    35.4925     0.0603 2.4397e-03    -0.0060   100.1501      98.62    219.337     5.0417 6.0465e+02          1         16 0.0000e+00
   38.98390  -68.98742    14.0661   4.256036    35.4793    105.122    105.951    14.0721   4.257109    35.4839     0.0063 2.5886e-03    -0.0058   100.1452      98.61    219.275     5.0402 6.0430e+02          1         21 0.0000e+00
   38.98390  -68.98742    14.0609   4.255206    35.4764    104.068    104.888    14.0651   4.255994    35.4800     0.0508 2.7573e-03    -0.0060   100.1513      98.61    219.946     5.0556 6.0392e+02          1         42 0.0000e+00
   38.98390  -68.98744    14.0612   4.255211    35.4760    103.253    104.067    14.0598   4.255063    35.4761     0.0652 2.8355e-03    -0.0046   100.1146      98.61    221.087     5.0818 6.0464e+02          1         34 0.0000e+00
   38.98390  -68.98744    14.0415   4.252363    35.4681    102.216    103.022    14.0627   4.255378    35.4764     0.0519 2.9078e-03    -0.0057   100.1411      98.62    220.911     5.0778 6.0440e+02          1         20 0.0000e+00
   38.98390  -68.98744    14.0002   4.246902    35.4565    101.248    102.046    14.0092   4.249332    35.4709     0.0392 3.0061e-03    -0.0059   100.1469      98.61    221.141     5.0831 6.0297e+02          1         16 0.0000e+00
   38.98390  -68.98744    13.9822   4.244536    35.4516    100.226    101.015    13.9808   4.244720    35.4548     0.0429 3.1150e-03    -0.0054   100.1340      98.61    221.151     5.0833 5.9990e+02          1         16 0.0000e+00
   38.98390  -68.98744    13.9473   4.239473    35.4375     99.223    100.004    13.9568   4.241943    35.4518     0.0578 3.2282e-03    -0.0051   100.1265      98.61    220.904     5.0776 5.9725e+02          1         12 0.0000e+00
   38.98390  -68.98744    13.8961   4.232560    35.4216     98.198     98.971    13.9247   4.237133    35.4374     0.0554 3.3645e-03    -0.0053   100.1330      98.61    221.198     5.0844 5.9558e+02          1         12 0.0000e+00
   38.98390  -68.98744    13.8417   4.225263    35.4049     97.225     97.990    13.8924   4.233016    35.4296     0.0518 3.5172e-03    -0.0050   100.1244      98.62    221.691     5.0957 5.9354e+02          1         12 0.0000e+00
   38.98389  -68.98743    13.7997   4.219711    35.3927     96.214     96.971    13.8396   4.226773    35.4213     0.0574 3.6803e-03    -0.0050   100.1244      98.62    222.372     5.1114 5.9351e+02          1         14 0.0000e+00
   38.98388  -68.98742    13.7718   4.216157    35.3856     95.193     95.941    13.7740   4.217252    35.3942     0.0660 3.8922e-03    -0.0050   100.1244      98.61    222.665     5.1181 5.9492e+02          1         17 0.0000e+00
   38.98389  -68.98742    13.8015   4.220222    35.3939     94.365     95.107    13.8280   4.223430    35.3994     0.0495 4.3639e-03    -0.0051   100.1267      98.62    223.345     5.1337 5.9996e+02          1         79 0.0000e+00
   38.98390  -68.98742    13.7716   4.215718    35.3789     93.280     94.013    13.7894   4.219119    35.3947     0.0509 4.8848e-03    -0.0049   100.1214      98.61    223.055     5.1270 5.9650e+02          1         17 0.0000e+00
   38.98390  -68.98742    13.6959   4.205597    35.3559     92.275     93.000    13.7370   4.211894    35.3768     0.0585 5.0876e-03    -0.0037   100.0923      98.62    224.004     5.1488 5.9372e+02          1         12 0.0000e+00
   38.98390  -68.98742    13.6506   4.199240    35.3392     91.334     92.051    13.6798   4.204486    35.3615     0.0563 5.2238e-03    -0.0037   100.0936      98.61    223.964     5.1479 5.9157e+02          1         10 0.0000e+00
   38.98390  -68.98742    13.6338   4.196714    35.3315     90.355     91.064    13.6434   4.199207    35.3466     0.0533 5.4225e-03    -0.0017   100.0422      98.62    223.780     5.1436 5.8911e+02          1         10 0.0000e+00
   38.98390  -68.98742    13.5812   4.189460    35.3132     89.289     89.989    13.6107   4.195084    35.3390     0.0512 5.6542e-03    -0.0019   100.0473      98.62    223.704     5.1419 5.8694e+02          1          8 0.0000e+00
   38.98390  -68.98742    13.5183   4.181084    35.2942     88.368     89.062    13.5702   4.188860    35.3189     0.0638 5.7994e-03    -0.0006   100.0159      98.61    223.949     5.1475 5.8592e+02          1          9 0.0000e+00
   38.98390  -68.98742    13.4399   4.170779    35.2714     87.333     88.018    13.4689   4.177465    35.3078     0.0658 6.0006e-03    -0.0007   100.0165      98.62    224.640     5.1634 5.8376e+02          1         10 0.0000e+00
   38.98388  -68.98742    13.4066   4.166394    35.2615     86.310     86.986    13.4267   4.169356    35.2712     0.0702 6.1916e-03    -0.0007   100.0165      98.62    225.266     5.1778 5.8242e+02          1         10 0.0000e+00
   38.98388  -68.98742    13.3798   4.162838    35.2532     85.310     85.979    13.3897   4.165835    35.2728     0.0713 6.4305e-03    -0.0009   100.0216      98.61    225.939     5.1932 5.8201e+02          1         12 0.0000e+00
   38.98388  -68.98742    13.3435   4.158095    35.2424     84.300     84.961    13.3851   4.163672    35.2564     0.0832 6.6510e-03    -0.0014   100.0344      98.61    226.911     5.2156 5.8290e+02          1         16 0.0000e+00
   38.98388  -68.98742    13.4010   4.165817    35.2581     83.476     84.130    13.4381   4.170262    35.2656     0.0773 7.2031e-03    -0.0022   100.0537      98.62    228.449     5.2509 5.9194e+02          1         76 0.0000e+00
   38.98388  -68.98740    13.3244   4.155598    35.2311     82.404     83.049    13.3589   4.160977    35.2500     0.0888 8.5213e-03    -0.0020   100.0491      98.63    229.061     5.2649 5.8634e+02          1         14 0.0000e+00
   38.98388  -68.98740    13.3092   4.153728    35.2280     81.389     82.026    13.3324   4.157225    35.2398     0.1049 8.9875e-03    -0.0029   100.0730      98.65    229.550     5.2762 5.8480e+02          1         12 0.0000e+00
   38.98388  -68.98740    13.2890   4.150968    35.2212     80.379     81.008    13.2941   4.152566    35.2323     0.0994 9.4156e-03    -0.0027   100.0683      98.61    229.425     5.2733 5.8423e+02          1         11 0.0000e+00
   38.98388  -68.98740    13.2662   4.147981    35.2147     79.387     80.008    13.2732   4.149326    35.2215     0.0887 9.8409e-03    -0.0028   100.0707      98.61    229.358     5.2718 5.8261e+02          1         11 0.0000e+00
   38.98386  -68.98742    13.2437   4.145124    35.2091     78.405     79.018    13.2483   4.146341    35.2170     0.0841 1.0198e-02    -0.0026   100.0660      98.61    228.992     5.2634 5.8078e+02          1         11 0.0000e+00
   38.98386  -68.98742    13.2308   4.143333    35.2045     77.408     78.013    13.2403   4.144878    35.2108     0.0591 1.0526e-02    -0.0025   100.0623      98.62    228.597     5.2543 5.7867e+02          1         12 0.0000e+00
   38.98386  -68.98742    13.1982   4.139203    35.1964     76.389     76.986    13.2188   4.142409    35.2078     0.0647 1.0816e-02    -0.0026   100.0657      98.62    228.573     5.2537 5.7615e+02          1         14 0.0000e+00
   38.98386  -68.98742    13.1753   4.136225    35.1898     75.364     75.953    13.2080   4.140530    35.2003     0.0885 1.0991e-02    -0.0027   100.0679      98.62    228.731     5.2573 5.7551e+02          1         15 0.0000e+00
   38.98386  -68.98742    13.1155   4.128260    35.1710     74.377     74.958    13.1872   4.138183    35.1977     0.0781 1.1133e-02    -0.0023   100.0564      98.62    229.354     5.2717 5.7551e+02          1         17 0.0000e+00
   38.98386  -68.98742    13.0697   4.122045    35.1551     73.384     73.957    13.1230   4.129590    35.1769     0.0768 1.1288e-02    -0.0013   100.0334      98.61    229.646     5.2784 5.7913e+02          1         24 0.0000e+00
   38.98386  -68.98740    13.0609   4.120963    35.1510     72.583     73.149    13.0812   4.123693    35.1584     0.0869 1.2721e-02     0.0007    99.9825      98.62    230.683     5.3022 5.9182e+02          1        127 0.0000e+00
   38.98386  -68.98740    12.9954   4.111815    35.1247     71.454     72.012    13.0292   4.116061    35.1337     0.1055 1.5807e-02     0.0009    99.9769      98.62    231.499     5.3209 5.8395e+02          1         23 0.0000e+00
   38.98388  -68.98742    12.9453   4.104855    35.1059     70.428     70.977    12.9700   4.109734    35.1297     0.1035 1.6711e-02     0.0008    99.9808      98.62    232.073     5.3341 5.7735e+02          1         17 0.0000e+00
   38.98388  -68.98742    12.9173   4.101344    35.0991     69.458     70.000    12.9256   4.102633    35.1042     0.0931 1.7328e-02     0.0015    99.9623      98.62    232.655     5.3475 5.7311e+02          1         13 0.0000e+00
   38.98388  -68.98742    12.8999   4.098973    35.0930     68.497     69.031    12.9003   4.099529    35.0986     0.1006 1.7625e-02     0.0032    99.9208      98.62    232.767     5.3500 5.6956e+02          1         12 0.0000e+00
   38.98388  -68.98742    12.8840   4.096912    35.0885     67.529     68.055    12.8881   4.097621    35.0921     0.1054 1.8035e-02     0.0028    99.9315      98.62    232.566     5.3454 5.6725e+02          1         10 0.0000e+00
   38.98388  -68.98742    12.8482   4.092027    35.0761     66.509     67.027    12.8703   4.095593    35.0897     0.1174 1.8381e-02     0.0023    99.9421      98.62    232.445     5.3426 5.6658e+02          1         11 0.0000e+00
   38.98388  -68.98742    12.7962   4.085125    35.0597     65.484     65.994    12.8103   4.088903    35.0830     0.1317 1.8730e-02     0.0038    99.9059      98.62    232.665     5.3477 5.6658e+02          1         10 0.0000e+00
   38.98388  -68.98742    12.7375   4.077557    35.0432     64.478     64.980    12.7592   4.081203    35.0580     0.1301 1.9047e-02     0.0041    99.8977      98.62    233.100     5.3576 5.6780e+02          1         11 0.0000e+00
   38.98388  -68.98742    12.7164   4.074937    35.0381     63.501     63.995    12.7145   4.076381    35.0544     0.1187 1.9400e-02     0.0052    99.8696      98.61    233.373     5.3639 5.7024e+02          1         11 0.0000e+00
   38.98388  -68.98742    12.6835   4.070157    35.0234     62.533     63.020    12.7051   4.073488    35.0353     0.1223 1.9814e-02     0.0059    99.8526      98.62    233.461     5.3659 5.7376e+02          1         14 0.0000e+00
