Data/ruptures/KN207-01/QL-1/20701029.cnv
* Sea-Bird SBE 9 Data File:
* FileName = C:\Data\ctd\20701029.hex
* Software Version Seasave V 7.21e
* Temperature SN = 4406
* Conductivity SN = 1474
* Number of Bytes Per Scan = 40
* Number of Voltage Words = 5
* Number of Scans Averaged by the Deck Unit = 1
* NMEA Latitude = 38 52.92 N
* NMEA Longitude = 069 02.03 W
* NMEA UTC (Time) = Apr 25 2012 12:06:32
** R/V Knorr Cruise # KN207-01 QL1
** Chief Scientist: Ben Van Mooy
# nquan = 21
# nvalues = 398                         
# units = specified
# name 0 = latitude: Latitude [deg]
# name 1 = longitude: Longitude [deg]
# name 2 = t090C: Temperature [ITS-90, deg C]
# name 3 = c0S/m: Conductivity [S/m]
# name 4 = sal00: Salinity, Practical [PSU]
# name 5 = depSM: Depth [salt water, m]
# name 6 = prDM: Pressure, Digiquartz [db]
# name 7 = t190C: Temperature, 2 [ITS-90, deg C]
# name 8 = c1S/m: Conductivity, 2 [S/m]
# name 9 = sal11: Salinity, Practical, 2 [PSU]
# name 10 = flECO-AFL: Fluorescence, WET Labs ECO-AFL/FL [mg/m^3]
# name 11 = par: PAR/Irradiance, Biospherical/Licor
# name 12 = bat: Beam Attenuation, Chelsea/Seatech [1/m]
# name 13 = xmiss: Beam Transmission, Chelsea/Seatech [%]
# name 14 = altM: Altimeter [m]
# name 15 = sbeox0Mm/Kg: Oxygen, SBE 43 [umol/kg]
# name 16 = sbeox0ML/L: Oxygen, SBE 43 [ml/l]
# name 17 = spar: SPAR/Surface Irradiance
# name 18 = pumps: Pump Status
# name 19 = nbin: number of scans per bin
# name 20 = flag: flag
# span 0 =   38.88043,   38.88210       
# span 1 =  -69.03505,  -69.03395       
# span 2 =    11.3527,    14.7113       
# span 3 =   3.762219,   4.357642       
# span 4 =    32.7188,    35.8326       
# span 5 =      3.078,    200.227       
# span 6 =      3.102,    201.851       
# span 7 =    11.3324,    14.7114       
# span 8 =   3.807249,   4.357575       
# span 9 =    33.1539,    35.8356       
# span 10 =     0.0070,     2.5609      
# span 11 = 1.0000e-12, 8.2831e+01      
# span 12 =    -0.0122,     0.3442      
# span 13 =    91.7556,   100.3051      
# span 14 =      10.14,      98.71      
# span 15 =    145.536,    470.150      
# span 16 =     3.3462,    10.7966      
# span 17 = 4.8933e+02, 5.3312e+02      
# span 18 =          1,          1      
# span 19 =         11,        616      
# span 20 = 0.0000e+00, 0.0000e+00      
# interval = decibars: 1                
# start_time = Apr 25 2012 12:06:32 [NMEA time, header]
# bad_flag = -9.990e-29
*END*
   38.88208  -69.03395    11.9650   3.762219    32.7188      3.818      3.848    11.9662   3.807249    33.1539     0.6707 5.3000e+01     0.2974    92.8361      98.48    352.919     8.0985 5.1174e+02          1        232 0.0000e+00
   38.88208  -69.03396    11.9662   3.842421    33.4949      4.904      4.942    11.9673   3.852050    33.5875     0.7051 4.5784e+01     0.2958    92.8723      98.47    375.744     8.6274 5.0838e+02          1         74 0.0000e+00
   38.88208  -69.03396    11.9683   3.853827    33.6033      5.915      5.960    11.9675   3.858383    33.6484     0.7239 4.4010e+01     0.2966    92.8536      98.48    395.798     9.0886 5.1099e+02          1         40 0.0000e+00
   38.88208  -69.03396    11.9704   3.857424    33.6360      6.920      6.973    11.9697   3.860318    33.6648     0.7037 3.3557e+01     0.2972    92.8407      98.48    416.524     9.5647 5.1099e+02          1         40 0.0000e+00
   38.88208  -69.03396    11.9685   3.858842    33.6512      7.845      7.905    11.9690   3.861007    33.6718     0.7336 2.9234e+01     0.2960    92.8670      98.48    455.813    10.4670 5.0534e+02          1        101 0.0000e+00
   38.88208  -69.03396    11.9679   3.862245    33.6844      8.954      9.022    11.9676   3.862882    33.6908     0.7989 1.6052e+01     0.2960    92.8677      98.47    470.150    10.7966 5.0621e+02          1         30 0.0000e+00
   38.88208  -69.03396    11.9599   3.862582    33.6946      9.981     10.057    11.9601   3.862381    33.6924     0.8399 1.4005e+01     0.2961    92.8640      98.49    421.655     9.6830 5.1440e+02          1         43 0.0000e+00
   38.88208  -69.03396    11.9072   3.862854    33.7457     10.948     11.032    11.9074   3.863290    33.7499     1.0492 9.6675e+00     0.2966    92.8530      98.48    277.227     6.3666 5.1016e+02          1         78 0.0000e+00
   38.88208  -69.03396    11.8845   3.863521    33.7725     11.852     11.942    11.8798   3.864340    33.7848     1.3037 1.2447e+01     0.3034    92.6965      98.48    253.284     5.8169 4.9544e+02          1         46 0.0000e+00
   38.88208  -69.03396    11.8963   3.864076    33.7661     12.889     12.988    11.8984   3.864647    33.7697     1.2525 6.1149e+00     0.3117    92.5022      98.48    245.064     5.6281 5.0613e+02          1         29 0.0000e+00
   38.88208  -69.03396    11.8831   3.864309    33.7802     13.918     14.025    11.8779   3.864882    33.7906     1.3494 4.7553e+00     0.3120    92.4964      98.48    245.865     5.6465 5.1891e+02          1         35 0.0000e+00
   38.88209  -69.03397    11.8331   3.860935    33.7932     14.940     15.054    11.8353   3.861017    33.7919     1.9038 4.1876e+00     0.3299    92.0839      98.48    258.900     5.9460 5.2194e+02          1         67 0.0000e+00
   38.88210  -69.03398    11.7726   3.864903    33.8874     15.808     15.929    11.7723   3.864680    33.8855     2.1373 3.4553e+00     0.3365    91.9315      98.48    245.764     5.6448 5.0285e+02          1         61 0.0000e+00
   38.88210  -69.03398    11.7603   3.867482    33.9230     16.870     17.000    11.7576   3.867716    33.9278     2.1591 2.5616e+00     0.3373    91.9132      98.48    235.251     5.4035 5.0618e+02          1         37 0.0000e+00
   38.88208  -69.03396    11.7389   3.867850    33.9459     17.847     17.984    11.7416   3.868167    33.9464     2.1524 3.5766e+00     0.3363    91.9363      98.48    241.749     5.5529 5.1702e+02          1         32 0.0000e+00
   38.88208  -69.03396    11.7005   3.864850    33.9516     18.880     19.025    11.6857   3.866803    33.9847     2.2429 4.3748e+00     0.3347    91.9723      98.48    250.477     5.7534 5.2252e+02          1         45 0.0000e+00
   38.88209  -69.03397    11.6771   3.859881    33.9240     19.679     19.829    11.6322   3.866545    34.0313     2.4462 1.6935e+00     0.3352    91.9612      98.48    231.655     5.3210 5.0783e+02          1         85 0.0000e+00
   38.88210  -69.03398    11.5359   3.859809    34.0549     20.813     20.973    11.5469   3.867461    34.1192     2.4450 1.9466e+00     0.3386    91.8828      98.20    219.049     5.0321 5.0610e+02          1         26 0.0000e+00
   38.88210  -69.03398    11.5065   3.857746    34.0612     21.850     22.018    11.5053   3.861659    34.1004     2.3941 1.6060e+00     0.3442    91.7556      84.22    221.075     5.0787 5.1555e+02          1         25 0.0000e+00
   38.88208  -69.03398    11.6371   3.852354    33.8835     23.028     23.205    11.4679   3.862223    34.1394     2.4076 1.3979e+00     0.3321    92.0328      79.95    238.592     5.4802 5.1208e+02          1        108 0.0000e+00
   38.88208  -69.03398    11.4295   3.853422    34.0895     23.746     23.929    11.4130   3.863432    34.2015     2.4780 1.3418e+00     0.3301    92.0785      44.94    223.794     5.1413 5.0123e+02          1         30 0.0000e+00
   38.88208  -69.03396    11.4045   3.854756    34.1249     24.796     24.987    11.4070   3.859152    34.1639     2.3780 1.2060e+00     0.3175    92.3684      98.50    219.079     5.0331 5.0743e+02          1         25 0.0000e+00
   38.88208  -69.03396    11.3991   3.855801    34.1391     25.832     26.030    11.3990   3.859149    34.1705     2.2414 5.5502e-01     0.3064    92.6247      98.48    218.586     5.0219 5.1520e+02          1         28 0.0000e+00
   38.88208  -69.03396    11.4827   3.852042    34.0214     26.890     27.097    11.3411   3.860555    34.2383     2.2313 4.8246e-01     0.3015    92.7391      98.48    233.003     5.3525 5.1938e+02          1         50 0.0000e+00
   38.88210  -69.03398    11.3660   3.854428    34.1542     27.583     27.795    11.3324   3.864519    34.2838     2.3444 5.4330e-01     0.2944    92.9039      98.48    224.302     5.1533 5.0030e+02          1         56 0.0000e+00
   38.88210  -69.03398    11.3527   3.860282    34.2230     28.772     28.993    11.3452   3.862361    34.2490     2.1807 8.9087e-01     0.2856    93.1102      98.48    218.430     5.0186 5.0037e+02          1         22 0.0000e+00
   38.88210  -69.03398    11.3621   3.855544    34.1665     29.788     30.017    11.3523   3.863912    34.2569     2.1583 8.1696e-01     0.2854    93.1149      98.48    218.651     5.0235 5.0981e+02          1         22 0.0000e+00
   38.88210  -69.03398    11.3552   3.859406    34.2099     31.035     31.274    11.3474   3.868695    34.3079     2.2552 4.3895e-01     0.2860    93.0995      98.48    237.053     5.4465 5.1760e+02          1         97 0.0000e+00
   38.88208  -69.03398    11.3580   3.864524    34.2568     31.684     31.927    11.3594   3.871520    34.3238     2.2858 1.3562e-01     0.2821    93.1907      98.49    225.467     5.1805 4.9664e+02          1         45 0.0000e+00
   38.88208  -69.03398    11.3669   3.867869    34.2807     32.746     32.998    11.3750   3.871416    34.3073     1.9424 2.3048e-01     0.2577    93.7622      98.48    217.505     4.9976 4.9973e+02          1         32 0.0000e+00
   38.88208  -69.03398    11.3824   3.871064    34.2969     33.741     34.001    11.3889   3.872824    34.3076     1.6845 4.8000e-01     0.2300    94.4131      98.49    216.573     4.9762 5.1114e+02          1         28 0.0000e+00
   38.88208  -69.03399    11.4395   3.876234    34.2930     34.905     35.174    11.4391   3.877442    34.3050     1.2580 3.2965e-01     0.1776    95.6587      94.23    218.387     5.0178 5.1642e+02          1         80 0.0000e+00
   38.88208  -69.03400    11.4659   3.881431    34.3192     35.614     35.888    11.4552   3.881887    34.3337     1.2393 2.0125e-01     0.1627    96.0147      92.73    213.544     4.9066 4.9706e+02          1         48 0.0000e+00
   38.88208  -69.03399    11.4847   3.885485    34.3411     36.680     36.963    11.4753   3.886457    34.3594     1.0177 3.2016e-01     0.1398    96.5641      98.49    207.979     4.7788 5.0183e+02          1         32 0.0000e+00
   38.88208  -69.03398    11.4945   3.888701    34.3633     37.714     38.004    11.4899   3.889814    34.3784     0.9701 2.3413e-01     0.1298    96.8061      98.49    205.417     4.7200 5.1350e+02          1         35 0.0000e+00
   38.88208  -69.03398    11.6160   3.892820    34.2880     38.711     39.009    11.5999   3.892607    34.3011     0.9619 1.9772e-01     0.1272    96.8683      98.48    203.207     4.6689 5.1774e+02          1         48 0.0000e+00
   38.88208  -69.03400    11.9547   3.896470    34.0057     39.756     40.063    11.9425   3.896026    34.0125     0.7546 1.8341e-01     0.1064    97.3742      98.49    203.523     4.6749 5.0480e+02          1         80 0.0000e+00
   38.88208  -69.03400    12.0665   3.899513    33.9338     40.605     40.918    12.0692   3.899301    33.9289     0.6158 2.3855e-01     0.0827    97.9536      98.48    201.294     4.6233 4.9791e+02          1         47 0.0000e+00
   38.88208  -69.03400    12.0863   3.906164    33.9812     41.637     41.958    12.0942   3.908322    33.9946     0.5259 1.4163e-01     0.0718    98.2222      98.49    198.453     4.5582 5.0849e+02          1         23 0.0000e+00
   38.88208  -69.03400    12.0997   3.913778    34.0433     42.682     43.012    12.1174   3.916214    34.0501     0.5034 1.8831e-01     0.0671    98.3359      98.49    197.825     4.5440 5.1502e+02          1         26 0.0000e+00
   38.88208  -69.03400    12.1387   3.918118    34.0508     43.917     44.256    12.1608   3.920309    34.0513     0.5166 1.4499e-01     0.0641    98.4092      93.65    199.405     4.5803 5.1387e+02          1         98 0.0000e+00
   38.88208  -69.03400    12.1618   3.926046    34.1076     44.582     44.927    12.1592   3.927399    34.1235     0.4844 1.1986e-01     0.0694    98.2794      88.81    196.355     4.5104 4.9378e+02          1         44 0.0000e+00
   38.88208  -69.03400    12.2568   3.935355    34.1092     45.652     46.005    12.2485   3.937778    34.1406     0.4238 9.0051e-02     0.0582    98.5549      71.75    191.388     4.3962 4.9941e+02          1         35 0.0000e+00
   38.88208  -69.03400    12.2940   3.944368    34.1622     46.620     46.981    12.2888   3.944678    34.1701     0.3791 1.5056e-01     0.0468    98.8357      50.39    190.297     4.3713 5.0985e+02          1         30 0.0000e+00
   38.88208  -69.03400    12.3116   3.947589    34.1773     47.655     48.024    12.3121   3.951202    34.2118     0.3592 1.2274e-01     0.0427    98.9380      98.49    191.301     4.3944 5.1717e+02          1         33 0.0000e+00
   38.88208  -69.03400    12.3140   3.951383    34.2129     48.675     49.052    12.3122   3.949650    34.1978     0.3717 1.0063e-01     0.0401    99.0017      98.45    192.999     4.4335 5.1208e+02          1         92 0.0000e+00
   38.88208  -69.03400    12.3207   3.957483    34.2664     49.584     49.967    12.3225   3.958406    34.2737     0.3565 1.1129e-01     0.0378    99.0590      71.57    190.407     4.3741 4.9771e+02          1         47 0.0000e+00
   38.88208  -69.03400    12.3666   3.965871    34.3043     50.595     50.986    12.4077   3.987851    34.4777     0.3202 1.1179e-01     0.0351    99.1260      70.35    187.909     4.3169 5.0348e+02          1         31 0.0000e+00
   38.88208  -69.03400    12.4201   3.972188    34.3150     51.631     52.031    12.4570   4.010849    34.6533     0.2990 1.0614e-01     0.0318    99.2076      98.49    186.935     4.2945 5.1710e+02          1         27 0.0000e+00
   38.88208  -69.03400    12.4631   3.980470    34.3547     52.640     53.048    12.4835   4.023173    34.7474     0.3005 7.8323e-02     0.0301    99.2504      98.49    186.066     4.2746 5.2420e+02          1         37 0.0000e+00
   38.88208  -69.03400    12.4959   4.010392    34.6132     53.465     53.879    12.5018   4.032808    34.8239     0.3002 7.9315e-02     0.0289    99.2791      98.49    195.844     4.5001 5.0723e+02          1         95 0.0000e+00
   38.88208  -69.03400    12.6812   4.040899    34.7322     54.539     54.962    12.6942   4.061128    34.9145     0.2931 7.4053e-02     0.0283    99.2950      98.49    232.264     5.3373 5.0284e+02          1         38 0.0000e+00
   38.88208  -69.03400    12.6439   4.051413    34.8695     55.580     56.011    12.6424   4.060175    34.9555     0.2313 6.7133e-02     0.0241    99.3995      98.49    243.151     5.5880 5.1057e+02          1         35 0.0000e+00
   38.88208  -69.03401    12.6009   4.052117    34.9177     56.592     57.031    12.6014   4.056423    34.9589     0.1915 7.1624e-02     0.0198    99.5069      98.50    237.430     5.4568 5.1655e+02          1         49 0.0000e+00
   38.88208  -69.03402    12.7074   4.063770    34.9284     57.498     57.945    12.7142   4.069997    34.9819     0.1858 6.4210e-02     0.0177    99.5589      98.49    232.197     5.3365 5.1373e+02          1         36 0.0000e+00
   38.88208  -69.03402    12.8248   4.084065    35.0119     58.592     59.047    12.8323   4.087309    35.0360     0.1527 6.0016e-02     0.0405    98.9939      98.49    227.041     5.2182 5.0960e+02          1         44 0.0000e+00
   38.88206  -69.03402    12.8111   4.084791    35.0338     59.269     59.729    12.8079   4.085381    35.0425     0.1724 5.7685e-02     0.0210    99.4764      98.49    228.925     5.2616 5.0491e+02          1         86 0.0000e+00
   38.88206  -69.03402    13.0229   4.111445    35.0873     60.544     61.014    13.0333   4.114016    35.1021     0.1395 5.4518e-02     0.0240    99.4026      98.48    228.396     5.2494 5.0377e+02          1         25 0.0000e+00
   38.88206  -69.03402    13.1063   4.124135    35.1300     61.629     62.108    13.1160   4.126328    35.1418     0.1539 4.6086e-02     0.0221    99.4487      98.49    228.328     5.2479 5.0822e+02          1         42 0.0000e+00
   38.88206  -69.03402    13.1329   4.127881    35.1422     62.433     62.918    13.1299   4.128402    35.1501     0.1330 4.7916e-02     0.0146    99.6350      98.49    227.988     5.2401 5.1578e+02          1         49 0.0000e+00
   38.88206  -69.03402    13.2668   4.143771    35.1671     63.523     64.017    13.2751   4.145814    35.1786     0.1306 4.3660e-02     0.0111    99.7234      98.49    226.536     5.2067 5.1350e+02          1         40 0.0000e+00
   38.88206  -69.03402    13.3031   4.150670    35.2006     64.354     64.854    13.2500   4.144681    35.1942     0.1276 4.1447e-02     0.0081    99.7965      81.88    227.063     5.2189 5.0221e+02          1         85 0.0000e+00
   38.88206  -69.03402    13.4748   4.170770    35.2292     65.477     65.986    13.4749   4.171699    35.2374     0.0983 4.0131e-02     0.0080    99.7996      98.49    224.495     5.1599 5.0629e+02          1         30 0.0000e+00
   38.88206  -69.03402    13.5862   4.188320    35.2903     66.495     67.012    13.5853   4.189219    35.2992     0.1143 3.7587e-02     0.0076    99.8101      98.49    225.436     5.1816 5.1147e+02          1         31 0.0000e+00
   38.88206  -69.03402    13.6063   4.191385    35.3015     67.501     68.027    13.6073   4.192074    35.3066     0.1043 3.4723e-02     0.0076    99.8103      98.49    226.026     5.1952 5.1605e+02          1         32 0.0000e+00
   38.88206  -69.03402    13.5418   4.184078    35.2965     68.536     69.070    13.5831   4.189247    35.3058     0.1123 3.1280e-02     0.0059    99.8508      98.49    225.285     5.1782 5.0827e+02          1        120 0.0000e+00
   38.88206  -69.03402    13.6097   4.191964    35.3071     69.411     69.951    13.6241   4.192310    35.2973     0.1137 3.1103e-02     0.0069    99.8283      98.50    225.603     5.1855 4.9936e+02          1         29 0.0000e+00
   38.88206  -69.03402    13.6516   4.198150    35.3259     70.445     70.994    13.6518   4.197515    35.3202     0.0963 2.9853e-02     0.0095    99.7633      98.49    227.071     5.2193 5.0774e+02          1         21 0.0000e+00
