Data/ruptures/KN207-01/QL-1/20701030.cnv
* Sea-Bird SBE 9 Data File:
* FileName = C:\Data\ctd\20701030.hex
* Software Version Seasave V 7.21e
* Temperature SN = 4406
* Conductivity SN = 1474
* Number of Bytes Per Scan = 40
* Number of Voltage Words = 5
* Number of Scans Averaged by the Deck Unit = 1
* NMEA Latitude = 38 52.57 N
* NMEA Longitude = 069 02.32 W
* NMEA UTC (Time) = Apr 25 2012 14:04:35
** R/V Knorr Cruise # KN207-01 QL1
** Chief Scientist: Ben Van Mooy
# nquan = 21
# nvalues = 399                         
# units = specified
# name 0 = latitude: Latitude [deg]
# name 1 = longitude: Longitude [deg]
# name 2 = t090C: Temperature [ITS-90, deg C]
# name 3 = c0S/m: Conductivity [S/m]
# name 4 = sal00: Salinity, Practical [PSU]
# name 5 = depSM: Depth [salt water, m]
# name 6 = prDM: Pressure, Digiquartz [db]
# name 7 = t190C: Temperature, 2 [ITS-90, deg C]
# name 8 = c1S/m: Conductivity, 2 [S/m]
# name 9 = sal11: Salinity, Practical, 2 [PSU]
# name 10 = flECO-AFL: Fluorescence, WET Labs ECO-AFL/FL [mg/m^3]
# name 11 = par: PAR/Irradiance, Biospherical/Licor
# name 12 = bat: Beam Attenuation, Chelsea/Seatech [1/m]
# name 13 = xmiss: Beam Transmission, Chelsea/Seatech [%]
# name 14 = altM: Altimeter [m]
# name 15 = sbeox0Mm/Kg: Oxygen, SBE 43 [umol/kg]
# name 16 = sbeox0ML/L: Oxygen, SBE 43 [ml/l]
# name 17 = spar: SPAR/Surface Irradiance
# name 18 = pumps: Pump Status
# name 19 = nbin: number of scans per bin
# name 20 = flag: flag
# span 0 =   38.87532,   38.87633       
# span 1 =  -69.04015,  -69.03884       
# span 2 =    11.3447,    14.6974       
# span 3 =   3.631530,   4.353509       
# span 4 =    31.4667,    35.8329       
# span 5 =      2.932,    200.163       
# span 6 =      2.955,    201.787       
# span 7 =    11.3486,    14.6972       
# span 8 =   3.811320,   4.354341       
# span 9 =    33.2017,    35.8379       
# span 10 =     0.0042,     2.5787      
# span 11 = 1.0000e-12, 6.7533e+01      
# span 12 =    -0.0145,     0.3428      
# span 13 =    91.7868,   100.3637      
# span 14 =       1.00,      98.69      
# span 15 =    140.458,    455.535      
# span 16 =     3.2296,    10.4627      
# span 17 = 1.4582e+03, 2.7892e+03      
# span 18 =          1,          1      
# span 19 =         13,        382      
# span 20 = 0.0000e+00, 0.0000e+00      
# interval = decibars: 1                
# start_time = Apr 25 2012 14:04:35 [NMEA time, header]
# bad_flag = -9.990e-29
*END*
[from data line 207]
   38.87552  -69.03946    13.2536   4.202224    35.6872    192.464    194.021    13.2526   4.202147    35.6870     0.0206 1.0000e-12    -0.0128   100.3205      98.53    143.004     3.2881 2.5115e+03          1         27 0.0000e+00
   38.87552  -69.03946    13.2693   4.203974    35.6892    191.434    192.983    13.2686   4.203818    35.6881     0.0127 1.0000e-12    -0.0132   100.3300      98.55    142.555     3.2778 2.5126e+03          1         24 0.0000e+00
   38.87552  -69.03946    13.2736   4.204419    35.6902    190.486    192.026    13.2724   4.204424    35.6911     0.0341 3.9771e-05    -0.0135   100.3364      98.54    143.252     3.2938 2.4893e+03          1        104 0.0000e+00
   38.87552  -69.03946    13.2791   4.205021    35.6911    189.490    191.022    13.2797   4.204977    35.6900     0.0292 1.0000e-12    -0.0132   100.3300      98.54    143.174     3.2920 2.4649e+03          1         26 0.0000e+00
   38.87552  -69.03946    13.2978   4.207093    35.6934    188.463    189.986    13.2972   4.206978    35.6927     0.0215 9.9421e-05    -0.0133   100.3321      98.54    143.040     3.2889 2.4586e+03          1         24 0.0000e+00
   38.87552  -69.03946    13.3082   4.208248    35.6950    187.440    188.954    13.3090   4.208323    35.6948     0.0265 9.0827e-05    -0.0129   100.3236      98.55    143.240     3.2935 2.4731e+03          1         44 0.0000e+00
   38.87552  -69.03946    13.3096   4.208290    35.6948    186.592    188.099    13.3035   4.207838    35.6962     0.0321 4.0113e-04    -0.0131   100.3281      98.55    143.154     3.2916 2.4627e+03          1         83 0.0000e+00
   38.87552  -69.03946    13.3310   4.210621    35.6970    185.509    187.007    13.3248   4.209787    35.6949     0.0235 5.2323e-04    -0.0131   100.3279      98.55    143.254     3.2939 2.4665e+03          1         50 0.0000e+00
   38.87552  -69.03946    13.3512   4.212978    35.7007    184.552    186.041    13.3402   4.211743    35.6994     0.0289 5.8120e-04    -0.0135   100.3388      98.55    143.041     3.2889 2.4712e+03          1         32 0.0000e+00
   38.87552  -69.03946    13.4055   4.219146    35.7075    183.514    184.995    13.3741   4.215085    35.6991     0.0292 1.8844e-04    -0.0131   100.3283      98.55    143.356     3.2962 2.4603e+03          1         30 0.0000e+00
   38.87552  -69.03946    13.4625   4.225935    35.7181    182.432    183.903    13.4575   4.225410    35.7176     0.0303 6.5103e-04    -0.0140   100.3516      98.55    143.844     3.3074 2.4109e+03          1         63 0.0000e+00
   38.87552  -69.03946    13.4775   4.227700    35.7218    181.582    183.046    13.4666   4.226473    35.7205     0.0353 2.5459e-04    -0.0138   100.3455      98.55    145.414     3.3435 2.3760e+03          1         53 0.0000e+00
   38.87552  -69.03946    13.5006   4.230205    35.7244    180.526    181.982    13.4972   4.229555    35.7213     0.0265 3.1962e-04    -0.0140   100.3518      98.55    145.030     3.3346 2.3476e+03          1         46 0.0000e+00
   38.87552  -69.03948    13.5274   4.233180    35.7278    179.634    181.082    13.5170   4.231921    35.7257     0.0225 7.2775e-04    -0.0123   100.3066      98.55    145.352     3.3420 2.3237e+03          1         57 0.0000e+00
   38.87552  -69.03948    13.5600   4.236968    35.7333    178.567    180.005    13.5459   4.235283    35.7307     0.0271 7.7565e-04    -0.0129   100.3217      98.55    145.423     3.3437 2.3544e+03          1         28 0.0000e+00
   38.87552  -69.03948    13.5768   4.238866    35.7359    177.542    178.972    13.5728   4.238304    35.7343     0.0299 8.1275e-04    -0.0135   100.3369      98.55    145.470     3.3447 2.3660e+03          1         30 0.0000e+00
   38.87550  -69.03948    13.5908   4.240388    35.7382    176.452    177.873    13.5905   4.240523    35.7395     0.0304 8.4366e-04    -0.0138   100.3460      98.55    145.977     3.3564 2.3640e+03          1         87 0.0000e+00
   38.87551  -69.03948    13.6053   4.241789    35.7385    175.658    177.072    13.5963   4.240799    35.7377     0.0313 8.6799e-04    -0.0145   100.3637      98.54    146.076     3.3587 2.3255e+03          1         48 0.0000e+00
   38.87552  -69.03948    13.6438   4.246187    35.7440    174.572    175.977    13.6250   4.243946    35.7407     0.0278 8.8709e-04    -0.0127   100.3183      98.55    146.032     3.3576 2.2990e+03          1         35 0.0000e+00
   38.87552  -69.03948    13.7200   4.254297    35.7481    173.612    175.008    13.6962   4.251548    35.7448     0.0338 9.3853e-04    -0.0136   100.3400      98.55    145.885     3.3542 2.2865e+03          1         36 0.0000e+00
   38.87552  -69.03948    13.7453   4.257542    35.7556    172.610    173.999    13.7641   4.259348    35.7543     0.0354 9.6578e-04    -0.0135   100.3386      98.55    146.323     3.3643 2.2950e+03          1         42 0.0000e+00
   38.87552  -69.03948    13.8145   4.265280    35.7635    171.560    172.939    13.7800   4.261694    35.7627     0.0367 1.0219e-03    -0.0133   100.3317      98.55    146.354     3.3650 2.3286e+03          1         59 0.0000e+00
   38.87552  -69.03948    13.8228   4.266253    35.7665    170.772    172.145    13.8121   4.265238    35.7668     0.0340 8.6303e-04    -0.0135   100.3381      98.55    146.415     3.3664 2.3389e+03          1         67 0.0000e+00
   38.87552  -69.03948    13.8375   4.267914    35.7693    169.624    170.987    13.8279   4.266879    35.7685     0.0352 4.5525e-04    -0.0132   100.3307      98.55    146.568     3.3699 2.3081e+03          1         36 0.0000e+00
   38.87552  -69.03948    13.8644   4.270888    35.7725    168.658    170.013    13.8468   4.268933    35.7706     0.0211 1.0714e-03    -0.0127   100.3184      98.56    146.493     3.3681 2.2676e+03          1         40 0.0000e+00
   38.87551  -69.03948    13.8780   4.272504    35.7755    167.652    168.998    13.8758   4.271954    35.7721     0.0152 1.1546e-03    -0.0133   100.3317      98.55    146.928     3.3782 2.2507e+03          1         30 0.0000e+00
   38.87550  -69.03948    13.9011   4.275001    35.7777    166.649    167.987    13.8772   4.272517    35.7770     0.0182 9.7831e-04    -0.0136   100.3415      98.54    146.937     3.3783 2.2451e+03          1         29 0.0000e+00
   38.87550  -69.03949    13.8928   4.274110    35.7785    165.894    167.226    13.8926   4.274033    35.7777     0.0258 1.6331e-04    -0.0135   100.3383      98.55    146.960     3.3789 2.2366e+03          1        121 0.0000e+00
   38.87550  -69.03950    13.9176   4.276733    35.7803    164.707    166.029    13.9274   4.277419    35.7773     0.0151 3.8787e-04    -0.0126   100.3150      98.55    146.675     3.3723 2.2338e+03          1         24 0.0000e+00
   38.87550  -69.03950    13.9769   4.283398    35.7866    163.676    164.989    13.9602   4.281191    35.7819     0.0152 5.2055e-04    -0.0136   100.3405      98.55    146.721     3.3733 2.2411e+03          1         22 0.0000e+00
   38.87550  -69.03950    14.0192   4.288216    35.7921    162.624    163.928    14.0391   4.289619    35.7861     0.0293 1.8060e-04    -0.0129   100.3233      98.55    146.443     3.3669 2.2499e+03          1         23 0.0000e+00
   38.87550  -69.03950    14.0324   4.289445    35.7929    161.634    162.930    14.0143   4.287811    35.7948     0.0354 4.5782e-04    -0.0130   100.3246      98.55    147.536     3.3921 2.2502e+03          1        119 0.0000e+00
   38.87550  -69.03950    14.0067   4.286301    35.7890    160.734    162.022    13.9744   4.281867    35.7781     0.0436 1.0000e-12    -0.0130   100.3247      98.55    146.846     3.3762 2.2521e+03          1         34 0.0000e+00
   38.87550  -69.03950    14.1299   4.300134    35.8011    159.703    160.983    14.1548   4.301812    35.7927     0.0406 1.9204e-04    -0.0132   100.3291      98.55    146.491     3.3680 2.2474e+03          1         28 0.0000e+00
   38.87550  -69.03950    14.2777   4.317073    35.8198    158.555    159.825    14.2477   4.313659    35.8163     0.0294 3.6217e-04    -0.0134   100.3351      98.55    147.468     3.3904 2.2301e+03          1         61 0.0000e+00
   38.87550  -69.03950    14.2601   4.315348    35.8229    157.771    159.034    14.2542   4.314594    35.8211     0.0265 1.1788e-03    -0.0136   100.3392      98.55    150.544     3.4611 2.2128e+03          1         70 0.0000e+00
   38.87550  -69.03951    14.2711   4.316080    35.8211    156.900    158.156    14.2654   4.315280    35.8189     0.0381 8.8603e-04    -0.0137   100.3440      98.55    150.189     3.4530 2.2339e+03          1         88 0.0000e+00
   38.87550  -69.03952    14.3028   4.319632    35.8261    155.563    156.808    14.2934   4.318658    35.8258     0.0324 2.6630e-04    -0.0129   100.3224      98.55    150.563     3.4615 2.2554e+03          1        128 0.0000e+00
   38.87550  -69.03952    14.3262   4.321937    35.8261    154.809    156.048    14.3107   4.319989    35.8226     0.0145 8.6390e-04    -0.0131   100.3286      98.55    150.476     3.4595 2.1891e+03          1         36 0.0000e+00
   38.87550  -69.03952    14.3439   4.323841    35.8278    153.735    154.965    14.3336   4.322791    35.8276     0.0422 9.5477e-04    -0.0118   100.2947      98.55    150.487     3.4598 2.1840e+03          1         32 0.0000e+00
   38.87550  -69.03952    14.3286   4.322061    35.8271    152.832    154.054    14.3201   4.321292    35.8276     0.0260 1.1015e-03    -0.0129   100.3214      98.55    152.227     3.4998 2.2260e+03          1        153 0.0000e+00
   38.87550  -69.03954    14.3478   4.323918    35.8266    151.782    152.995    14.3446   4.323440    35.8250     0.0246 2.0521e-03    -0.0129   100.3236      98.55    150.360     3.4568 2.2536e+03          1         32 0.0000e+00
   38.87550  -69.03953    14.3776   4.325911    35.8176    150.718    151.922    14.3683   4.325441    35.8219     0.0353 1.5057e-03    -0.0129   100.3228      98.56    152.954     3.5165 2.2521e+03          1         86 0.0000e+00
   38.87550  -69.03955    14.4216   4.328883    35.8058    149.982    151.180    14.4194   4.328799    35.8071     0.0298 9.0295e-04    -0.0125   100.3124      98.56    162.982     3.7469 2.2404e+03          1        382 0.0000e+00
   38.87550  -69.03959    14.4210   4.328414    35.8027    148.811    149.999    14.4204   4.328593    35.8049     0.0331 8.9413e-04    -0.0119   100.2964      98.56    162.975     3.7468 2.2004e+03          1         91 0.0000e+00
   38.87550  -69.03962    14.4181   4.327091    35.7936    147.791    148.971    14.4189   4.327706    35.7986     0.0224 1.0000e-12    -0.0094   100.2345      98.55    162.895     3.7449 2.1907e+03          1         14 0.0000e+00
   38.87550  -69.03962    14.4135   4.325625    35.7849    146.800    147.972    14.4159   4.326709    35.7926     0.0300 1.0000e-12    -0.0010   100.0236      98.56    163.188     3.7516 2.1836e+03          1         13 0.0000e+00
   38.87550  -69.03962    14.4188   4.325336    35.7776    145.800    146.963    14.4169   4.325973    35.7852     0.0389 1.0000e-12    -0.0088   100.2205      98.56    163.460     3.7578 2.1733e+03          1         23 0.0000e+00
   38.87550  -69.03960    14.4172   4.326228    35.7877    145.073    146.230    14.4163   4.326326    35.7894     0.0203 1.0000e-12    -0.0109   100.2735      98.56    164.511     3.7820 2.1576e+03          1         65 0.0000e+00
   38.87550  -69.03958    14.4182   4.326815    35.7926    143.864    145.011    14.4184   4.326698    35.7913     0.0345 1.0000e-12    -0.0111   100.2776      98.56    164.147     3.7737 2.1569e+03          1         26 0.0000e+00
   38.87550  -69.03962    14.4443   4.328035    35.7795    142.841    143.980    14.4315   4.326931    35.7815     0.0442 1.0000e-12    -0.0115   100.2889      98.55    164.225     3.7754 2.1513e+03          1         25 0.0000e+00
   38.87550  -69.03962    14.4744   4.330870    35.7777    141.879    143.009    14.4553   4.328789    35.7765     0.0363 1.0000e-12    -0.0113   100.2835      89.42    164.299     3.7771 2.1536e+03          1         21 0.0000e+00
   38.87550  -69.03962    14.4987   4.333708    35.7815    140.899    142.021    14.4953   4.333042    35.7785     0.0365 1.0000e-12    -0.0114   100.2857       1.00    165.086     3.7952 2.1505e+03          1         18 0.0000e+00
   38.87550  -69.03962    14.5507   4.339566    35.7869    139.870    140.984    14.5451   4.337783    35.7756     0.0328 1.0000e-12    -0.0114   100.2862      30.34    166.821     3.8350 2.1397e+03          1         17 0.0000e+00
   38.87550  -69.03962    14.6249   4.347861    35.7938    138.902    140.008    14.6179   4.345891    35.7822     0.0304 1.0000e-12    -0.0111   100.2786      98.57    169.540     3.8975 2.1277e+03          1         18 0.0000e+00
   38.87550  -69.03961    14.6122   4.346033    35.7906    137.857    138.954    14.6168   4.346756    35.7929     0.0342 2.1865e-04    -0.0120   100.2993      98.56    178.921     4.1131 2.1219e+03          1         83 0.0000e+00
   38.87550  -69.03960    14.5846   4.342939    35.7893    136.971    138.061    14.6074   4.344801    35.7849     0.0300 1.0000e-12    -0.0116   100.2905      98.56    183.510     4.2187 2.1063e+03          1         26 0.0000e+00
   38.87550  -69.03960    14.6497   4.349074    35.7848    135.941    137.022    14.6586   4.349809    35.7833     0.0272 5.8592e-05    -0.0119   100.2967      98.56    178.484     4.1030 2.0882e+03          1         17 0.0000e+00
   38.87550  -69.03960    14.6814   4.350753    35.7710    134.930    136.003    14.6697   4.350166    35.7768     0.0152 1.0000e-12    -0.0116   100.2906      98.56    176.566     4.0589 2.0778e+03          1         15 0.0000e+00
   38.87550  -69.03962    14.6895   4.350609    35.7628    133.965    135.030    14.6876   4.350619    35.7647     0.0198 1.0000e-12    -0.0112   100.2804      98.56    176.900     4.0665 2.0724e+03          1         14 0.0000e+00
   38.87550  -69.03962    14.6861   4.349485    35.7563    132.953    134.010    14.6859   4.349941    35.7608     0.0267 1.0000e-12    -0.0117   100.2929      98.56    180.734     4.1547 2.0669e+03          1         18 0.0000e+00
   38.87550  -69.03962    14.6788   4.347889    35.7494    131.862    132.910    14.6800   4.348464    35.7536     0.0355 1.0000e-12    -0.0113   100.2834      98.56    191.654     4.4057 2.0552e+03          1         32 0.0000e+00
   38.87550  -69.03962    14.6818   4.348536    35.7535    131.034    132.075    14.6780   4.347886    35.7511     0.0357 1.0000e-12    -0.0114   100.2855      98.25    202.507     4.6552 2.0604e+03          1         56 0.0000e+00
   38.87550  -69.03960    14.6726   4.347152    35.7503    129.989    131.021    14.6611   4.345394    35.7450     0.0371 4.7878e-05    -0.0103   100.2576       6.23    202.722     4.6601 2.0808e+03          1         22 0.0000e+00
   38.87550  -69.03960    14.6470   4.342451    35.7317    128.998    130.022    14.6536   4.344055    35.7402     0.0360 1.0000e-12    -0.0111   100.2786       5.61    201.549     4.6331 2.0771e+03          1         16 0.0000e+00
   38.87550  -69.03960    14.6414   4.341134    35.7254    127.969    128.985    14.6418   4.341469    35.7280     0.0344 1.0000e-12    -0.0110   100.2772       5.86    200.405     4.6068 2.0688e+03          1         18 0.0000e+00
   38.87550  -69.03960    14.6346   4.339622    35.7183    126.965    127.972    14.6374   4.340410    35.7229     0.0297 1.0000e-12    -0.0112   100.2800       6.55    200.257     4.6034 2.0631e+03          1         19 0.0000e+00
   38.87550  -69.03960    14.6333   4.339164    35.7158    125.914    126.912    14.6326   4.339286    35.7176     0.0440 1.0000e-12    -0.0110   100.2769       7.72    204.749     4.7066 2.0833e+03          1         46 0.0000e+00
