Data/ruptures/KN207-01/QL-1/20701025.cnv
* Sea-Bird SBE 9 Data File:
* FileName = C:\Data\ctd\20701025.hex
* Software Version Seasave V 7.21e
* Temperature SN = 4406
* Conductivity SN = 1474
* Number of Bytes Per Scan = 40
* Number of Voltage Words = 5
* Number of Scans Averaged by the Deck Unit = 1
* NMEA Latitude = 38 55.14 N
* NMEA Longitude = 068 58.92 W
* NMEA UTC (Time) = Apr 24 2012 20:59:46
** R/V Knorr Cruise # KN207-01 QL1
** Chief Scientist: Ben Van Mooy
# nquan = 21
# nvalues = 400                         
# units = specified
# name 0 = latitude: Latitude [deg]
# name 1 = longitude: Longitude [deg]
# name 2 = t090C: Temperature [ITS-90, deg C]
# name 3 = c0S/m: Conductivity [S/m]
# name 4 = sal00: Salinity, Practical [PSU]
# name 5 = depSM: Depth [salt water, m]
# name 6 = prDM: Pressure, Digiquartz [db]
# name 7 = t190C: Temperature, 2 [ITS-90, deg C]
# name 8 = c1S/m: Conductivity, 2 [S/m]
# name 9 = sal11: Salinity, Practical, 2 [PSU]
# name 10 = flECO-AFL: Fluorescence, WET Labs ECO-AFL/FL [mg/m^3]
# name 11 = par: PAR/Irradiance, Biospherical/Licor
# name 12 = bat: Beam Attenuation, Chelsea/Seatech [1/m]
# name 13 = xmiss: Beam Transmission, Chelsea/Seatech [%]
# name 14 = altM: Altimeter [m]
# name 15 = sbeox0Mm/Kg: Oxygen, SBE 43 [umol/kg]
# name 16 = sbeox0ML/L: Oxygen, SBE 43 [ml/l]
# name 17 = spar: SPAR/Surface Irradiance
# name 18 = pumps: Pump Status
# name 19 = nbin: number of scans per bin
# name 20 = flag: flag
# span 0 =   38.91795,   38.91912       
# span 1 =  -68.98310,  -68.98207       
# span 2 =    10.8969,    14.6854       
# span 3 =   3.819347,   4.352045       
# span 4 =    32.5159,    35.8396       
# span 5 =      2.311,    200.047       
# span 6 =      2.329,    201.670       
# span 7 =    10.9026,    14.6855       
# span 8 =   3.818237,   4.352153       
# span 9 =    33.2626,    35.8415       
# span 10 =     0.0094,     2.7584      
# span 11 = 2.9625e-04, 1.6864e+01      
# span 12 =    -0.0150,     0.3415      
# span 13 =    91.8157,   100.3766      
# span 14 =       4.41,      98.60      
# span 15 =    145.887,    438.500      
# span 16 =     3.3543,    10.0705      
# span 17 = 2.4530e+02, 3.7288e+02      
# span 18 =          1,          1      
# span 19 =         13,        229      
# span 20 = 0.0000e+00, 0.0000e+00      
# interval = decibars: 1                
# start_time = Apr 24 2012 20:59:46 [NMEA time, header]
# bad_flag = -9.990e-29
*END*
[from data line 138]
   38.91880  -68.98236    14.4832   4.317482    35.6462    139.905    141.020    14.4815   4.316907    35.6424     0.0412 4.9405e-04    -0.0083   100.2066      98.53    220.253     5.0629 2.4749e+02          1         20 0.0000e+00
   38.91880  -68.98236    14.5036   4.320219    35.6521    140.901    142.024    14.5037   4.320225    35.6520     0.0406 4.8086e-04    -0.0085   100.2131      98.53    220.163     5.0608 2.4731e+02          1         31 0.0000e+00
   38.91880  -68.98236    14.5114   4.321287    35.6546    141.801    142.931    14.5111   4.321303    35.6550     0.0374 4.5775e-04    -0.0091   100.2261      98.54    219.659     5.0492 2.4676e+02          1         45 0.0000e+00
   38.91880  -68.98236    14.5138   4.321684    35.6559    142.826    143.965    14.5140   4.321765    35.6565     0.0382 4.4392e-04    -0.0090   100.2234      98.53    218.673     5.0266 2.4677e+02          1         27 0.0000e+00
   38.91880  -68.98236    14.5265   4.323561    35.6610    143.867    145.015    14.5265   4.323505    35.6604     0.0300 4.4189e-04    -0.0080   100.2003      98.53    218.366     5.0195 2.4622e+02          1         21 0.0000e+00
   38.91880  -68.98236    14.5376   4.325207    35.6655    144.843    145.999    14.5375   4.325155    35.6651     0.0217 4.4189e-04    -0.0093   100.2333      98.53    218.503     5.0227 2.4569e+02          1         21 0.0000e+00
   38.91880  -68.98236    14.5422   4.325851    35.6669    145.826    146.990    14.5424   4.325972    35.6678     0.0407 4.3987e-04    -0.0094   100.2339      98.53    218.574     5.0243 2.4570e+02          1         27 0.0000e+00
   38.91880  -68.98236    14.5457   4.326380    35.6684    146.860    148.033    14.5458   4.326435    35.6688     0.0431 4.0786e-04    -0.0096   100.2411      98.53    218.357     5.0193 2.4664e+02          1         37 0.0000e+00
   38.91880  -68.98236    14.5527   4.327420    35.6712    147.764    148.944    14.5528   4.327467    35.6715     0.0389 3.8714e-04    -0.0091   100.2272      98.53    218.125     5.0140 2.4688e+02          1         34 0.0000e+00
   38.91880  -68.98236    14.5619   4.328856    35.6755    148.802    149.991    14.5629   4.328961    35.6756     0.0337 3.8031e-04    -0.0095   100.2368      98.54    218.090     5.0132 2.4648e+02          1         24 0.0000e+00
   38.91880  -68.98236    14.5713   4.330221    35.6790    149.843    151.041    14.5714   4.330308    35.6797     0.0351 3.6831e-04    -0.0100   100.2502      98.54    217.972     5.0105 2.4583e+02          1         29 0.0000e+00
   38.91878  -68.98238    14.5804   4.331534    35.6825    150.748    151.953    14.5802   4.331504    35.6824     0.0307 3.5188e-04    -0.0097   100.2417      98.53    217.445     4.9984 2.4635e+02          1         48 0.0000e+00
   38.91878  -68.98238    14.6031   4.335151    35.6942    151.784    152.997    14.6039   4.334704    35.6893     0.0192 3.4554e-04    -0.0102   100.2553      98.53    217.023     4.9887 2.4718e+02          1         21 0.0000e+00
   38.91878  -68.98238    14.6438   4.341568    35.7147    152.797    154.019    14.6442   4.341487    35.7135     0.0276 3.3575e-04    -0.0102   100.2559      98.53    216.730     4.9820 2.4747e+02          1         17 0.0000e+00
   38.91878  -68.98238    14.6460   4.342005    35.7164    153.797    155.028    14.6461   4.342074    35.7170     0.0454 3.4164e-04    -0.0103   100.2586      98.53    216.824     4.9842 2.4748e+02          1         18 0.0000e+00
   38.91878  -68.98238    14.6425   4.341652    35.7163    154.805    156.044    14.6429   4.341881    35.7181     0.0302 3.4564e-04    -0.0114   100.2858      98.53    215.925     4.9635 2.4706e+02          1         25 0.0000e+00
   38.91878  -68.98238    14.6337   4.340891    35.7175    155.734    156.980    14.6338   4.340978    35.7183     0.0366 3.3387e-04    -0.0109   100.2723      98.53    211.648     4.8652 2.4575e+02          1         41 0.0000e+00
   38.91878  -68.98238    14.6736   4.347786    35.7433    156.762    158.018    14.6743   4.347387    35.7389     0.0165 3.3782e-04    -0.0112   100.2811      98.54    210.005     4.8275 2.4530e+02          1         31 0.0000e+00
   38.91878  -68.98238    14.6854   4.351417    35.7655    157.767    159.031    14.6855   4.351432    35.7655     0.0213 3.3606e-04    -0.0119   100.2977      98.53    209.042     4.8054 2.4537e+02          1         31 0.0000e+00
   38.91876  -68.98240    14.6735   4.351366    35.7763    158.678    159.949    14.6734   4.351479    35.7775     0.0252 3.3595e-04    -0.0123   100.3080      98.53    201.752     4.6379 2.4695e+02          1         48 0.0000e+00
   38.91876  -68.98240    14.6685   4.351467    35.7818    159.630    160.910    14.6685   4.351486    35.7820     0.0394 3.2736e-04    -0.0124   100.3104      98.54    195.153     4.4862 2.4824e+02          1         21 0.0000e+00
   38.91876  -68.98240    14.6638   4.352015    35.7910    160.724    162.012    14.6637   4.352123    35.7921     0.0278 3.2233e-04    -0.0128   100.3188      98.53    193.424     4.4465 2.4941e+02          1         16 0.0000e+00
   38.91876  -68.98240    14.6619   4.352045    35.7927    161.731    163.028    14.6618   4.352153    35.7937     0.0367 3.3254e-04    -0.0130   100.3260      98.53    192.733     4.4306 2.4794e+02          1         13 0.0000e+00
   38.91876  -68.98240    14.6575   4.351956    35.7957    162.721    164.027    14.6574   4.352076    35.7969     0.0359 3.2394e-04    -0.0132   100.3300      98.53    192.081     4.4157 2.4772e+02          1         19 0.0000e+00
   38.91876  -68.98240    14.6511   4.351642    35.7984    163.766    165.081    14.6539   4.351810    35.7974     0.0391 3.1958e-04    -0.0134   100.3357      98.53    188.228     4.3271 2.4587e+02          1         63 0.0000e+00
   38.91876  -68.98240    14.6456   4.351357    35.8007    164.657    165.978    14.6467   4.351549    35.8014     0.0184 3.1984e-04    -0.0131   100.3274      98.54    184.963     4.2521 2.4537e+02          1         30 0.0000e+00
   38.91876  -68.98240    14.6273   4.350056    35.8056    165.664    166.995    14.6272   4.350315    35.8081     0.0147 3.0177e-04    -0.0132   100.3289      98.54    185.457     4.2634 2.4547e+02          1         23 0.0000e+00
   38.91876  -68.98241    14.6048   4.347830    35.8059    166.667    168.006    14.6048   4.348135    35.8088     0.0201 3.0951e-04    -0.0130   100.3260      98.53    185.000     4.2530 2.4597e+02          1         26 0.0000e+00
   38.91876  -68.98242    14.5646   4.343473    35.8033    167.642    168.989    14.5646   4.344037    35.8085     0.0441 3.1274e-04    -0.0135   100.3370      98.53    182.338     4.1918 2.4740e+02          1         22 0.0000e+00
   38.91876  -68.98242    14.4963   4.335809    35.7966    168.626    169.981    14.4972   4.336856    35.8055     0.0447 3.1439e-04    -0.0140   100.3503      98.54    178.515     4.1039 2.4862e+02          1         24 0.0000e+00
   38.91876  -68.98242    14.4089   4.326311    35.7908    169.675    171.039    14.4076   4.326851    35.7970     0.0322 2.9904e-04    -0.0126   100.3152      98.53    174.848     4.0197 2.4974e+02          1         26 0.0000e+00
   38.91876  -68.98242    14.3634   4.321765    35.7905    170.675    172.047    14.3637   4.321996    35.7924     0.0148 3.1341e-04    -0.0136   100.3390      98.53    168.789     3.8804 2.4941e+02          1         37 0.0000e+00
   38.91874  -68.98240    14.3397   4.320931    35.8038    171.579    172.959    14.3401   4.321228    35.8063     0.0213 3.2736e-04    -0.0132   100.3294      98.54    163.012     3.7477 2.4792e+02          1         42 0.0000e+00
   38.91874  -68.98240    14.3198   4.319333    35.8066    172.566    173.955    14.3198   4.319447    35.8077     0.0333 3.1893e-04    -0.0135   100.3373      98.53    161.231     3.7068 2.4656e+02          1         28 0.0000e+00
   38.91874  -68.98240    14.2980   4.317697    35.8110    173.575    174.972    14.2975   4.317804    35.8125     0.0299 3.0726e-04    -0.0135   100.3383      98.53    158.985     3.6551 2.4569e+02          1         28 0.0000e+00
   38.91874  -68.98240    14.3200   4.322156    35.8305    174.561    175.967    14.3201   4.321911    35.8281     0.0316 3.1947e-04    -0.0140   100.3506      98.53    157.244     3.6152 2.4555e+02          1         25 0.0000e+00
   38.91874  -68.98244    14.3263   4.323447    35.8357    175.529    176.943    14.3261   4.323545    35.8368     0.0248 3.0804e-04    -0.0137   100.3441      98.54    156.191     3.5910 2.4660e+02          1         20 0.0000e+00
   38.91874  -68.98244    14.3231   4.323328    35.8369    176.561    177.984    14.3230   4.323385    35.8376     0.0153 2.9625e-04    -0.0136   100.3414      98.53    154.403     3.5498 2.4847e+02          1         18 0.0000e+00
   38.91874  -68.98244    14.3273   4.324049    35.8389    177.577    179.008    14.3274   4.324127    35.8396     0.0094 3.0662e-04    -0.0139   100.3484      98.53    152.594     3.5083 2.5025e+02          1         21 0.0000e+00
   38.91873  -68.98243    14.3301   4.324427    35.8388    178.633    180.073    14.3292   4.324298    35.8385     0.0261 3.0498e-04    -0.0141   100.3538      98.53    150.670     3.4640 2.5107e+02          1         81 0.0000e+00
   38.91872  -68.98242    14.3309   4.324661    35.8396    179.468    180.915    14.3302   4.324589    35.8395     0.0226 3.1597e-04    -0.0135   100.3367      98.54    150.756     3.4660 2.4818e+02          1         23 0.0000e+00
   38.91872  -68.98242    14.3109   4.322350    35.8366    180.503    181.959    14.3113   4.322928    35.8415     0.0242 3.2293e-04    -0.0139   100.3481      98.54    151.011     3.4719 2.4721e+02          1         17 0.0000e+00
   38.91872  -68.98242    14.2179   4.310687    35.8163    181.501    182.965    14.2173   4.313164    35.8399     0.0292 3.2233e-04    -0.0147   100.3686      98.53    151.457     3.4821 2.4662e+02          1         16 0.0000e+00
   38.91872  -68.98242    14.0649   4.293719    35.8034    182.519    183.993    14.0644   4.295044    35.8163     0.0351 3.2233e-04    -0.0150   100.3766      98.54    151.672     3.4872 2.4690e+02          1         16 0.0000e+00
   38.91872  -68.98242    14.0154   4.288273    35.7987    183.539    185.021    14.0153   4.288766    35.8034     0.0355 3.3007e-04    -0.0144   100.3615      98.54    150.637     3.4634 2.4790e+02          1         22 0.0000e+00
   38.91872  -68.98246    14.0301   4.289928    35.7977    184.422    185.911    14.0664   4.294167    35.8026     0.0219 3.3055e-04    -0.0144   100.3604      98.54    148.097     3.4050 2.5070e+02          1         82 0.0000e+00
   38.91872  -68.98246    13.9883   4.285361    35.7931    185.510    187.009    14.0033   4.287643    35.8005     0.0598 3.1512e-04    -0.0140   100.3516      98.54    148.386     3.4117 2.5215e+02          1         25 0.0000e+00
   38.91871  -68.98245    13.9455   4.280606    35.7883    186.517    188.024    13.9452   4.281074    35.7934     0.0528 3.3067e-04    -0.0138   100.3460      98.54    148.094     3.4049 2.5175e+02          1         29 0.0000e+00
   38.91870  -68.98244    13.8924   4.274754    35.7827    187.500    189.016    13.8919   4.275091    35.7867     0.0365 3.2800e-04    -0.0137   100.3418      98.53    147.997     3.4027 2.5104e+02          1         48 0.0000e+00
   38.91870  -68.98244    13.8477   4.269829    35.7772    188.413    189.936    13.8476   4.270047    35.7796     0.0263 3.2386e-04    -0.0141   100.3538      98.53    147.431     3.3897 2.5193e+02          1         69 0.0000e+00
   38.91870  -68.98246    13.8262   4.267445    35.7737    189.439    190.972    13.8259   4.267658    35.7762     0.0348 3.2128e-04    -0.0146   100.3663      98.54    147.506     3.3915 2.5168e+02          1         29 0.0000e+00
   38.91870  -68.98246    13.8008   4.264638    35.7707    190.473    192.015    13.8003   4.264957    35.7742     0.0350 3.1998e-04    -0.0141   100.3527      98.54    147.546     3.3924 2.5180e+02          1         26 0.0000e+00
   38.91869  -68.98246    13.7959   4.264223    35.7696    191.310    192.858    13.7973   4.264523    35.7712     0.0351 3.2772e-04    -0.0143   100.3580      98.54    147.480     3.3909 2.5352e+02          1        113 0.0000e+00
   38.91868  -68.98246    13.7534   4.259299    35.7626    192.496    194.054    13.7522   4.259596    35.7666     0.0306 3.2293e-04    -0.0141   100.3527      98.54    147.316     3.3871 2.5311e+02          1         34 0.0000e+00
   38.91868  -68.98247    13.7334   4.257114    35.7598    193.337    194.903    13.7417   4.258216    35.7623     0.0229 3.2921e-04    -0.0144   100.3596      98.54    147.068     3.3814 2.5445e+02          1         98 0.0000e+00
   38.91868  -68.98248    13.6904   4.252381    35.7551    194.480    196.056    13.6904   4.252687    35.7581     0.0424 3.3254e-04    -0.0137   100.3441      98.54    146.975     3.3793 2.5404e+02          1         53 0.0000e+00
   38.91868  -68.98248    13.6422   4.247097    35.7503    195.414    196.997    13.6402   4.247083    35.7523     0.0301 3.3347e-04    -0.0143   100.3583      98.54    147.048     3.3810 2.5524e+02          1         59 0.0000e+00
   38.91867  -68.98248    13.6341   4.246249    35.7486    196.231    197.821    13.6382   4.246850    35.7504     0.0346 3.3398e-04    -0.0148   100.3701      98.54    146.962     3.3790 2.5713e+02          1        114 0.0000e+00
   38.91866  -68.98248    13.5957   4.241898    35.7431    197.398    198.998    13.5957   4.242051    35.7446     0.0340 3.3878e-04    -0.0145   100.3638      98.54    146.881     3.3772 2.5474e+02          1         35 0.0000e+00
   38.91866  -68.98249    13.5851   4.240733    35.7413    198.487    200.097    13.5848   4.240846    35.7427     0.0221 3.3729e-04    -0.0150   100.3754      98.54    146.619     3.3712 2.5804e+02          1         69 0.0000e+00
   38.91866  -68.98250    13.5747   4.239612    35.7394    199.108    200.724    13.5753   4.239844    35.7411     0.0342 3.3864e-04    -0.0150   100.3760      98.54    146.608     3.3709 2.5952e+02          1        161 0.0000e+00
   38.91863  -68.98252    13.5415   4.235888    35.7349    200.047    201.670    13.5407   4.235899    35.7356     0.0380 3.7765e-04    -0.0145   100.3626      98.54    146.324     3.3644 2.6393e+02          1        138 0.0000e+00
   38.91862  -68.98253    13.5754   4.239687    35.7381    199.437    201.055    13.5658   4.238572    35.7366     0.0371 3.8875e-04    -0.0144   100.3602      98.55    145.887     3.3543 2.6578e+02          1         34 0.0000e+00
   38.91862  -68.98254    13.5890   4.241182    35.7397    198.390    199.999    13.5818   4.240446    35.7395     0.0252 3.9917e-04    -0.0146   100.3650      98.55    146.012     3.3572 2.6859e+02          1         91 0.0000e+00
   38.91862  -68.98254    13.5931   4.241581    35.7401    197.363    198.963    13.5880   4.241029    35.7396     0.0449 4.4835e-04    -0.0147   100.3693      98.55    146.000     3.3569 2.7188e+02          1         17 0.0000e+00
   38.91862  -68.98254    13.5959   4.241869    35.7406    196.322    197.914    13.5918   4.241468    35.7406     0.0361 4.2490e-04    -0.0143   100.3575      98.54    146.127     3.3599 2.7068e+02          1         29 0.0000e+00
   38.91861  -68.98255    13.5980   4.242055    35.7408    195.470    197.054    13.5945   4.241745    35.7411     0.0236 4.4086e-04    -0.0145   100.3639      98.55    146.303     3.3639 2.7033e+02          1         53 0.0000e+00
   38.91860  -68.98256    13.6020   4.242505    35.7417    194.436    196.011    13.6040   4.242736    35.7418     0.0111 4.3961e-04    -0.0148   100.3718      98.55    146.391     3.3659 2.7205e+02          1         24 0.0000e+00
