Data/ruptures/KN207-01/QL-1/20701013.cnv
* Sea-Bird SBE 9 Data File:
* FileName = C:\Data\ctd\20701013.hex
* Software Version Seasave V 7.21e
* Temperature SN = 4406
* Conductivity SN = 1474
* Number of Bytes Per Scan = 40
* Number of Voltage Words = 5
* Number of Scans Averaged by the Deck Unit = 1
* NMEA Latitude = 38 59.81 N
* NMEA Longitude = 068 59.59 W
* NMEA UTC (Time) = Apr 23 2012 14:10:44
** R/V Knorr Cruise # KN207-01 QL1
** Chief Scientist: Ben Van Mooy
# nquan = 21
# nvalues = 403                         
# units = specified
# name 0 = latitude: Latitude [deg]
# name 1 = longitude: Longitude [deg]
# name 2 = t090C: Temperature [ITS-90, deg C]
# name 3 = c0S/m: Conductivity [S/m]
# name 4 = sal00: Salinity, Practical [PSU]
# name 5 = depSM: Depth [salt water, m]
# name 6 = prDM: Pressure, Digiquartz [db]
# name 7 = t190C: Temperature, 2 [ITS-90, deg C]
# name 8 = c1S/m: Conductivity, 2 [S/m]
# name 9 = sal11: Salinity, Practical, 2 [PSU]
# name 10 = flECO-AFL: Fluorescence, WET Labs ECO-AFL/FL [mg/m^3]
# name 11 = par: PAR/Irradiance, Biospherical/Licor
# name 12 = bat: Beam Attenuation, Chelsea/Seatech [1/m]
# name 13 = xmiss: Beam Transmission, Chelsea/Seatech [%]
# name 14 = altM: Altimeter [m]
# name 15 = sbeox0Mm/Kg: Oxygen, SBE 43 [umol/kg]
# name 16 = sbeox0ML/L: Oxygen, SBE 43 [ml/l]
# name 17 = spar: SPAR/Surface Irradiance
# name 18 = pumps: Pump Status
# name 19 = nbin: number of scans per bin
# name 20 = flag: flag
# span 0 =   38.99516,   38.99728       
# span 1 =  -68.99323,  -68.98920       
# span 2 =    11.2253,    14.6998       
# span 3 =   3.873063,   4.357214       
# span 4 =    33.7901,    35.8153       
# span 5 =      2.187,    201.972       
# span 6 =      2.203,    203.614       
# span 7 =    11.2205,    14.6997       
# span 8 =   3.873501,   4.357162       
# span 9 =    33.8050,    35.8168       
# span 10 =     0.0029,     2.7774      
# span 11 = 1.0000e-12, 9.5380e+00      
# span 12 =    -0.0140,     0.2941      
# span 13 =    92.9109,   100.3514      
# span 14 =       1.41,      98.68      
# span 15 =    138.973,    424.384      
# span 16 =     3.1955,     9.7465      
# span 17 = 1.2129e+02, 4.8182e+02      
# span 18 =          1,          1      
# span 19 =          9,        520      
# span 20 = 0.0000e+00, 0.0000e+00      
# interval = decibars: 1                
# start_time = Apr 23 2012 14:10:44 [NMEA time, header]
# bad_flag = -9.990e-29
*END*
[from data line 345]
   38.99584  -68.99058    12.3022   4.021148    34.9013     58.576     59.031    12.3124   4.022867    34.9081     0.1705 2.4196e-02     0.0098    99.7559      98.65    240.360     5.5244 2.7244e+02          1         15 0.0000e+00
   38.99584  -68.99058    12.2912   4.019642    34.8975     57.543     57.990    12.2935   4.020393    34.9025     0.1847 2.5866e-02     0.0103    99.7439      98.65    239.872     5.5132 2.7229e+02          1         15 0.0000e+00
   38.99584  -68.99058    12.2751   4.017551    34.8928     56.509     56.948    12.2795   4.018266    34.8955     0.1729 2.7813e-02     0.0109    99.7282      98.64    239.717     5.5096 2.7371e+02          1         17 0.0000e+00
   38.99583  -68.99057    12.2431   4.013254    34.8809     55.686     56.118    12.2472   4.014151    34.8857     0.1600 3.0515e-02     0.0129    99.6787      98.65    240.451     5.5265 2.8040e+02          1         74 0.0000e+00
   38.99584  -68.99052    12.1767   4.004546    34.8586     54.563     54.987    12.2022   4.008126    34.8690     0.1788 3.1864e-02     0.0133    99.6690      98.64    240.609     5.5301 2.8592e+02          1         28 0.0000e+00
   38.99584  -68.99053    12.1291   3.998292    34.8432     53.603     54.019    12.1302   3.998781    34.8471     0.1843 3.3607e-02     0.0161    99.5983      98.65    240.276     5.5224 2.8922e+02          1         47 0.0000e+00
   38.99582  -68.99056    12.0833   3.992633    34.8318     52.625     53.033    12.0926   3.994654    34.8427     0.2115 3.7328e-02     0.0169    99.5787      98.64    240.789     5.5342 2.8844e+02          1         26 0.0000e+00
   38.99582  -68.99056    12.0122   3.983225    34.8083     51.555     51.955    12.0249   3.985365    34.8171     0.1973 4.1371e-02     0.0180    99.5513      98.64    241.315     5.5462 2.8957e+02          1         27 0.0000e+00
   38.99582  -68.99053    11.9711   3.978102    34.7961     50.858     51.252    11.9790   3.979185    34.7992     0.2139 4.2197e-02     0.0206    99.4867      90.14    242.229     5.5672 2.9322e+02          1         31 0.0000e+00
   38.99582  -68.99050    11.9270   3.972498    34.7823     49.596     49.980    11.9288   3.972854    34.7841     0.2302 4.4874e-02     0.0211    99.4749      52.73    243.468     5.5957 2.9621e+02          1         19 0.0000e+00
   38.99582  -68.99053    11.9189   3.971479    34.7797     48.562     48.939    11.9223   3.972054    34.7821     0.2235 5.1519e-02     0.0209    99.4788      98.65    243.884     5.6053 2.9979e+02          1         79 0.0000e+00
   38.99582  -68.99054    11.9035   3.969537    34.7750     47.647     48.016    11.9029   3.969531    34.7756     0.2495 5.6323e-02     0.0219    99.4549      98.65    244.162     5.6116 3.0048e+02          1         47 0.0000e+00
   38.99582  -68.99050    11.8659   3.964313    34.7599     46.651     47.012    11.8782   3.966508    34.7696     0.2633 5.6840e-02     0.0260    99.3538      98.65    243.983     5.6075 2.9987e+02          1         44 0.0000e+00
   38.99582  -68.99048    11.7970   3.955544    34.7399     45.601     45.954    11.8297   3.960243    34.7547     0.2712 5.6240e-02     0.0304    99.2434      98.65    244.638     5.6225 3.0713e+02          1         48 0.0000e+00
   38.99582  -68.99048    11.7055   3.943397    34.7080     44.680     45.026    11.7471   3.948953    34.7229     0.3660 6.2647e-02     0.0355    99.1156      98.65    246.183     5.6580 3.1256e+02          1         57 0.0000e+00
   38.99582  -68.99048    11.6297   3.933383    34.6808     43.729     44.068    11.6323   3.933621    34.6811     0.3373 8.1435e-02     0.0382    99.0507      98.65    247.421     5.6864 3.1169e+02          1         86 0.0000e+00
   38.99582  -68.99047    11.6333   3.933704    34.6795     42.696     43.026    11.6285   3.933138    34.6788     0.3608 8.4462e-02     0.0398    99.0094      98.65    248.834     5.7189 3.1324e+02          1         40 0.0000e+00
   38.99582  -68.99046    11.5963   3.928809    34.6666     41.703     42.026    11.6017   3.929618    34.6697     0.4079 7.9573e-02     0.0385    99.0414      98.65    248.356     5.7079 3.1438e+02          1         31 0.0000e+00
   38.99582  -68.99046    11.5945   3.928502    34.6653     40.696     41.010    11.5957   3.928736    34.6667     0.4211 7.9543e-02     0.0410    98.9816      98.65    247.728     5.6934 3.1563e+02          1         22 0.0000e+00
   38.99582  -68.99046    11.5917   3.928062    34.6638     39.677     39.983    11.5926   3.928468    34.6671     0.4238 8.5205e-02     0.0410    98.9805      98.65    248.619     5.7139 3.1888e+02          1         22 0.0000e+00
   38.99582  -68.99046    11.5633   3.924061    34.6517     38.666     38.965    11.5690   3.925242    34.6581     0.4251 9.8654e-02     0.0471    98.8300      98.65    249.709     5.7390 3.2207e+02          1         31 0.0000e+00
   38.99582  -68.99043    11.5142   3.917621    34.6344     37.954     38.247    11.5243   3.919324    34.6417     0.5112 1.2591e-01     0.0654    98.3775      88.18    250.468     5.7564 3.2623e+02          1         92 0.0000e+00
   38.99582  -68.99042    11.4307   3.906579    34.6046     36.746     37.029    11.4319   3.907116    34.6088     0.6613 1.3882e-01     0.0751    98.1409      98.65    251.711     5.7849 3.2685e+02          1         19 0.0000e+00
   38.99582  -68.99042    11.4245   3.905772    34.6026     35.753     36.029    11.4245   3.905814    34.6032     0.7084 1.4915e-01     0.0747    98.1487      98.65    251.547     5.7811 3.2567e+02          1         14 0.0000e+00
   38.99582  -68.99042    11.4105   3.903594    34.5948     34.754     35.022    11.4153   3.904789    34.6021     0.7193 1.6091e-01     0.0847    97.9046      98.64    252.012     5.7918 3.2633e+02          1         17 0.0000e+00
   38.99582  -68.99042    11.3707   3.898095    34.5789     33.732     33.992    11.3759   3.899695    34.5899     0.7346 1.7390e-01     0.1109    97.2670      98.65    252.716     5.8079 3.2814e+02          1         19 0.0000e+00
   38.99582  -68.99041    11.3442   3.894482    34.5675     32.640     32.892    11.3418   3.894331    34.5685     1.1252 2.0378e-01     0.1533    96.2401      98.65    254.238     5.8429 3.3814e+02          1        102 0.0000e+00
   38.99584  -68.99038    11.3173   3.890722    34.5544     31.768     32.013    11.3172   3.890829    34.5556     1.5566 2.2834e-01     0.1671    95.9076      98.65    255.501     5.8719 3.4268e+02          1         24 0.0000e+00
   38.99584  -68.99038    11.3155   3.890463    34.5538     30.746     30.983    11.3165   3.890665    34.5549     1.5768 2.3951e-01     0.1690    95.8627      98.65    255.523     5.8724 3.4511e+02          1         28 0.0000e+00
   38.99584  -68.99038    11.3118   3.889974    34.5527     29.751     29.980    11.3151   3.890475    34.5546     1.6998 2.8242e-01     0.1819    95.5537      98.65    256.096     5.8856 3.4827e+02          1         31 0.0000e+00
   38.99584  -68.99037    11.3135   3.889447    34.5458     28.943     29.166    11.3142   3.889703    34.5476     1.8064 3.7229e-01     0.2028    95.0560      98.65    256.100     5.8856 3.5450e+02          1         65 0.0000e+00
   38.99584  -68.99031    11.3104   3.887340    34.5278     27.888     28.103    11.3132   3.887868    34.5303     2.3383 4.2818e-01     0.2442    94.0784      92.35    259.113     5.9548 3.8028e+02          1        520 0.0000e+00
   38.99584  -68.99026    11.2804   3.882641    34.5107     26.816     27.022    11.2821   3.883229    34.5148     2.2660 4.8364e-01     0.2478    93.9921      98.65    260.142     5.9784 3.8937e+02          1         18 0.0000e+00
   38.99584  -68.99026    11.2623   3.880131    34.5035     25.812     26.010    11.2640   3.880666    34.5072     2.3323 5.4387e-01     0.2559    93.8038      98.66    259.882     5.9724 3.8879e+02          1         17 0.0000e+00
   38.99584  -68.99026    11.2552   3.879077    34.5002     24.805     24.996    11.2520   3.879001    34.5026     2.3335 6.1255e-01     0.2646    93.5996      98.65    259.772     5.9699 3.8891e+02          1         23 0.0000e+00
   38.99566  -68.98986    11.2347   3.875776    34.4864     23.992     24.177    11.2327   3.875693    34.4876     2.5141 7.9250e-01     0.2664    93.5572      98.66    261.298     6.0049 4.2749e+02          1         84 0.0000e+00
   38.99564  -68.98982    11.2357   3.874624    34.4743     22.832     23.008    11.2341   3.874410    34.4737     2.5058 7.9033e-01     0.2699    93.4769      98.67    262.336     6.0287 4.3078e+02          1         25 0.0000e+00
   38.99564  -68.98982    11.2570   3.873063    34.4386     21.824     21.992    11.2403   3.873501    34.4591     2.5218 8.4322e-01     0.2882    93.0489      98.68    264.524     6.0788 4.3266e+02          1         24 0.0000e+00
   38.99564  -68.98982    11.3285   3.874063    34.3803     20.857     21.017    11.2854   3.873717    34.4182     2.4651 9.6810e-01     0.2931    92.9336      98.67    266.933     6.1338 4.3498e+02          1         19 0.0000e+00
   38.99562  -68.98982    11.4052   3.874443    34.3113     19.826     19.978    11.4053   3.874325    34.3099     2.4036 1.1683e+00     0.2941    92.9109      98.67    268.406     6.1672 4.3732e+02          1         21 0.0000e+00
   38.99562  -68.98981    11.7264   3.879885    34.0639     18.994     19.140    11.7391   3.880140    34.0544     1.6865 1.4244e+00     0.2905    92.9950      98.66    277.191     6.3675 4.4230e+02          1        138 0.0000e+00
   38.99562  -68.98980    11.7997   3.881147    34.0117     17.888     18.025    11.8011   3.881321    34.0123     1.4389 1.5070e+00     0.2858    93.1037      98.66    277.126     6.3657 4.4613e+02          1         26 0.0000e+00
   38.99562  -68.98980    11.8953   3.882620    33.9373     16.897     17.026    11.8530   3.881773    33.9690     1.4892 1.7046e+00     0.2822    93.1892      98.67    275.591     6.3300 4.4543e+02          1         19 0.0000e+00
   38.99562  -68.98980    11.9343   3.882609    33.9022     15.844     15.965    11.9220   3.882456    33.9123     1.4057 1.9225e+00     0.2787    93.2692      98.66    275.890     6.3366 4.4381e+02          1         25 0.0000e+00
   38.99561  -68.98977    11.9294   3.882133    33.9050     15.038     15.153    11.9213   3.882095    33.9123     1.3951 2.1326e+00     0.2762    93.3295      98.67    275.530     6.3284 4.5130e+02          1         63 0.0000e+00
   38.99559  -68.98975    11.9627   3.881101    33.8669     13.962     14.069    11.9476   3.881321    33.8833     1.3808 2.4562e+00     0.2736    93.3891      91.15    275.750     6.3332 4.5984e+02          1        116 0.0000e+00
   38.99558  -68.98974    11.9714   3.880486    33.8545     12.917     13.016    11.9543   3.880584    33.8714     1.2950 2.7191e+00     0.2731    93.4024      98.66    274.051     6.2941 4.6391e+02          1         34 0.0000e+00
   38.99558  -68.98973    11.9686   3.880466    33.8581     12.102     12.194    11.9612   3.880572    33.8659     1.3269 3.0732e+00     0.2728    93.4075      98.67    274.290     6.2996 4.6887e+02          1         94 0.0000e+00
   38.99556  -68.98972    11.9775   3.880154    33.8480     11.078     11.163    11.9751   3.880189    33.8504     1.3388 3.6543e+00     0.2720    93.4269      98.66    274.694     6.3088 4.7383e+02          1        125 0.0000e+00
   38.99553  -68.98967    11.9800   3.879792    33.8433     10.108     10.186    11.9787   3.879849    33.8450     1.3213 4.3850e+00     0.2732    93.3980      92.60    274.334     6.3006 4.8156e+02          1        281 0.0000e+00
   38.99550  -68.98964    11.9827   3.879477    33.8384      8.911      8.979    11.9825   3.879513    33.8390     1.3251 5.5137e+00     0.2743    93.3741      93.97    275.156     6.3194 4.8182e+02          1         20 0.0000e+00
   38.99549  -68.98961    11.9825   3.879461    33.8388      7.997      8.058    11.9823   3.879483    33.8393     1.3195 6.1138e+00     0.2748    93.3604       1.70    274.557     6.3056 4.8025e+02          1         98 0.0000e+00
   38.99545  -68.98956    11.9809   3.879512    33.8413      7.056      7.110    11.9806   3.879547    33.8419     1.3102 6.4428e+00     0.2738    93.3846      61.66    274.620     6.3071 4.6567e+02          1        298 0.0000e+00
   38.99527  -68.98933    11.9800   3.878652    33.8343      5.931      5.976    11.9799   3.878668    33.8345     1.3046 5.3630e+00     0.2739    93.3824      90.63    274.634     6.3074 3.4953e+02          1        286 0.0000e+00
   38.99519  -68.98923    11.9799   3.878197    33.8303      4.978      5.016    11.9796   3.878251    33.8310     1.3115 5.8764e+00     0.2731    93.4019      94.03    273.412     6.2793 3.0222e+02          1         29 0.0000e+00
   38.99518  -68.98922    11.9809   3.878124    33.8292      3.881      3.911    11.9807   3.878184    33.8299     1.2965 6.8822e+00     0.2728    93.4088      46.32    273.152     6.2733 2.9947e+02          1         28 0.0000e+00
   38.99518  -68.98922    11.9814   3.878182    33.8296      3.025      3.048    11.9814   3.878199    33.8297     1.2789 8.2744e+00     0.2737    93.3861      98.68    274.805     6.3113 2.9634e+02          1         46 0.0000e+00
   38.99516  -68.98920    11.9819   3.878249    33.8301      2.187      2.203    11.9821   3.878276    33.8302     1.2542 9.5380e+00     0.2937    92.9207      42.17    274.675     6.3083 2.8707e+02          1        131 0.0000e+00
