Data/ruptures/KN207-01/QL-1/20701045.cnv
* Sea-Bird SBE 9 Data File:
* FileName = C:\Data\ctd\20701045.hex
* Software Version Seasave V 7.21e
* Temperature SN = 4406
* Conductivity SN = 1474
* Number of Bytes Per Scan = 40
* Number of Voltage Words = 5
* Number of Scans Averaged by the Deck Unit = 1
* NMEA Latitude = 38 44.26 N
* NMEA Longitude = 069 11.84 W
* NMEA UTC (Time) = Apr 27 2012 19:04:26
** R/V Knorr Cruise # KN207-01 QL1
** Chief Scientist: Ben Van Mooy
# nquan = 21
# nvalues = 402                         
# units = specified
# name 0 = latitude: Latitude [deg]
# name 1 = longitude: Longitude [deg]
# name 2 = t090C: Temperature [ITS-90, deg C]
# name 3 = c0S/m: Conductivity [S/m]
# name 4 = sal00: Salinity, Practical [PSU]
# name 5 = depSM: Depth [salt water, m]
# name 6 = prDM: Pressure, Digiquartz [db]
# name 7 = t190C: Temperature, 2 [ITS-90, deg C]
# name 8 = c1S/m: Conductivity, 2 [S/m]
# name 9 = sal11: Salinity, Practical, 2 [PSU]
# name 10 = flECO-AFL: Fluorescence, WET Labs ECO-AFL/FL [mg/m^3]
# name 11 = par: PAR/Irradiance, Biospherical/Licor
# name 12 = bat: Beam Attenuation, Chelsea/Seatech [1/m]
# name 13 = xmiss: Beam Transmission, Chelsea/Seatech [%]
# name 14 = altM: Altimeter [m]
# name 15 = sbeox0Mm/Kg: Oxygen, SBE 43 [umol/kg]
# name 16 = sbeox0ML/L: Oxygen, SBE 43 [ml/l]
# name 17 = spar: SPAR/Surface Irradiance
# name 18 = pumps: Pump Status
# name 19 = nbin: number of scans per bin
# name 20 = flag: flag
# span 0 =   38.73696,   38.73780       
# span 1 =  -69.19762,  -69.19736       
# span 2 =    11.2575,    14.7349       
# span 3 =   3.868525,   4.361298       
# span 4 =    33.2302,    35.8124       
# span 5 =      2.294,    200.945       
# span 6 =      2.311,    202.573       
# span 7 =    11.2509,    14.7343       
# span 8 =   3.874329,   4.361621       
# span 9 =    33.7191,    35.8159       
# span 10 =     0.0035,     2.6032      
# span 11 = 1.0000e-12, 3.7747e+01      
# span 12 =    -0.0111,     0.3420      
# span 13 =    91.8049,   100.2786      
# span 14 =       4.19,      98.61      
# span 15 =    140.204,    379.541      
# span 16 =     3.2237,     8.7156      
# span 17 = 9.2835e+02, 2.7123e+03      
# span 18 =          1,          1      
# span 19 =         11,        511      
# span 20 = 0.0000e+00, 0.0000e+00      
# interval = decibars: 1                
# start_time = Apr 27 2012 19:04:26 [NMEA time, header]
# bad_flag = -9.990e-29
*END*
[from data line 345]
   38.73714  -69.19760    11.9620   3.973367    34.7534     57.414     57.858    11.9654   3.974018    34.7566     0.4053 9.4099e-02     0.0423    98.9487      98.55    245.510     5.6425 2.4490e+03          1         95 0.0000e+00
   38.73716  -69.19762    11.9585   3.972815    34.7510     56.612     57.051    11.9627   3.973640    34.7550     0.4145 9.6032e-02     0.0423    98.9480      98.55    246.128     5.6567 2.4683e+03          1         38 0.0000e+00
   38.73715  -69.19762    11.9354   3.969226    34.7380     55.433     55.862    11.9366   3.969552    34.7400     0.4414 1.0456e-01     0.0470    98.8325      98.55    246.170     5.6576 2.4556e+03          1        117 0.0000e+00
   38.73714  -69.19762    11.8435   3.957341    34.7096     54.536     54.958    11.8546   3.959529    34.7203     0.4351 1.2047e-01     0.0517    98.7155      98.56    246.707     5.6699 2.4179e+03          1         47 0.0000e+00
   38.73716  -69.19762    11.8475   3.957403    34.7056     53.847     54.264    11.8711   3.960742    34.7158     0.4806 1.2065e-01     0.0552    98.6284      98.56    247.512     5.6884 2.4416e+03          1        102 0.0000e+00
   38.73716  -69.19762    11.7801   3.948605    34.6839     52.531     52.937    11.7970   3.951592    34.6973     0.5060 1.2552e-01     0.0592    98.5321      48.85    247.396     5.6857 2.4353e+03          1         34 0.0000e+00
   38.73712  -69.19761    11.7155   3.940113    34.6591     51.902     52.303    11.7200   3.940718    34.6608     0.6757 1.3618e-01     0.0665    98.3522      89.82    249.360     5.7308 2.4447e+03          1        226 0.0000e+00
   38.73712  -69.19760    11.6802   3.935536    34.6476     50.544     50.934    11.6749   3.935122    34.6487     0.6927 1.5020e-01     0.0711    98.2387      98.57    249.624     5.7369 2.4874e+03          1         39 0.0000e+00
   38.73711  -69.19760    11.6584   3.932582    34.6397     49.533     49.916    11.6534   3.932172    34.6404     0.7703 1.7264e-01     0.0755    98.1293      98.56    250.558     5.7583 2.4873e+03          1        118 0.0000e+00
   38.73710  -69.19760    11.6187   3.927316    34.6259     48.675     49.051    11.6193   3.927258    34.6247     0.8287 1.8434e-01     0.0770    98.0930      98.57    250.367     5.7539 2.4897e+03          1         41 0.0000e+00
   38.73710  -69.19760    11.6105   3.925977    34.6208     47.649     48.017    11.6159   3.927426    34.6298     0.8035 1.9437e-01     0.0818    97.9754      77.73    251.121     5.7712 2.4868e+03          1         20 0.0000e+00
   38.73710  -69.19760    11.5663   3.920024    34.6050     46.658     47.018    11.5661   3.920657    34.6114     0.7870 2.0685e-01     0.0878    97.8289      82.64    251.802     5.7869 2.4877e+03          1         20 0.0000e+00
   38.73710  -69.19758    11.5034   3.912070    34.5872     45.575     45.927    11.5063   3.913386    34.5974     0.8148 2.2327e-01     0.0927    97.7099      74.34    251.980     5.7909 2.4899e+03          1         27 0.0000e+00
   38.73710  -69.19758    11.5246   3.914916    34.5942     44.892     45.239    11.5114   3.913329    34.5912     0.9507 2.3977e-01     0.0997    97.5382      97.01    253.516     5.8262 2.5005e+03          1        102 0.0000e+00
   38.73710  -69.19758    11.4748   3.908157    34.5751     43.628     43.965    11.4765   3.908505    34.5768     0.9909 2.9219e-01     0.1075    97.3491      98.56    252.856     5.8110 2.4786e+03          1         28 0.0000e+00
   38.73710  -69.19758    11.4552   3.905292    34.5656     42.608     42.937    11.4471   3.904533    34.5657     1.1128 3.2125e-01     0.1259    96.9016      98.56    254.093     5.8394 2.4866e+03          1         51 0.0000e+00
   38.73710  -69.19758    11.3867   3.896214    34.5414     41.736     42.057    11.3860   3.896306    34.5428     1.3250 3.2753e-01     0.1435    96.4769      98.56    256.186     5.8875 2.5086e+03          1         47 0.0000e+00
   38.73710  -69.19758    11.3277   3.887520    34.5117     40.690     41.003    11.3447   3.890768    34.5275     1.4840 3.4936e-01     0.1735    95.7552      98.56    256.796     5.9015 2.5065e+03          1         35 0.0000e+00
   38.73710  -69.19758    11.2597   3.875447    34.4572     39.662     39.967    11.2739   3.878734    34.4761     1.7605 4.0278e-01     0.2347    94.3008      98.56    258.403     5.9382 2.4964e+03          1         33 0.0000e+00
   38.73710  -69.19759    11.3726   3.873818    34.3320     38.555     38.852    11.3739   3.874329    34.3359     2.3494 5.0299e-01     0.2853    93.1156      91.14    263.828     6.0622 2.5010e+03          1         99 0.0000e+00
   38.73710  -69.19760    11.4926   3.875099    34.2305     37.786     38.076    11.5003   3.875457    34.2267     2.4911 5.5648e-01     0.2893    93.0220      97.24    270.694     6.2193 2.5031e+03          1         34 0.0000e+00
   38.73710  -69.19760    11.5548   3.877966    34.2002     36.714     36.996    11.5262   3.876925    34.2173     2.4595 5.8042e-01     0.2984    92.8106      35.14    272.998     6.2721 2.4964e+03          1         25 0.0000e+00
   38.73710  -69.19758    11.7169   3.882937    34.0966     35.699     35.973    11.6735   3.881244    34.1209     2.5879 6.1508e-01     0.3123    92.4898      70.21    272.598     6.2622 2.4969e+03          1         35 0.0000e+00
   38.73710  -69.19758    11.8243   3.887630    34.0435     34.670     34.937    11.7908   3.886208    34.0609     2.6032 7.0853e-01     0.3164    92.3939      87.71    272.441     6.2582 2.5209e+03          1         56 0.0000e+00
   38.73710  -69.19757    11.9183   3.891662    33.9980     33.799     34.059    11.9323   3.892156    33.9895     2.4403 8.5335e-01     0.3177    92.3649      98.57    273.883     6.2910 2.5180e+03          1        100 0.0000e+00
   38.73710  -69.19756    11.9233   3.891489    33.9946     32.762     33.014    11.9305   3.891811    33.9909     2.3998 9.4414e-01     0.3203    92.3043      98.57    274.376     6.3023 2.4910e+03          1         33 0.0000e+00
   38.73710  -69.19757    11.9381   3.891830    33.9853     31.732     31.976    11.9375   3.891904    33.9866     2.3968 1.0720e+00     0.3226    92.2512      98.56    273.807     6.2892 2.4987e+03          1         32 0.0000e+00
   38.73710  -69.19757    11.8882   3.890138    34.0174     30.974     31.212    11.9051   3.890773    34.0078     2.4081 1.1514e+00     0.3222    92.2605      90.65    273.831     6.2899 2.5180e+03          1        132 0.0000e+00
   38.73709  -69.19754    11.9333   3.891900    33.9944     29.943     30.173    11.9459   3.892400    33.9877     2.4250 1.3808e+00     0.3216    92.2748      96.28    274.002     6.2937 2.5358e+03          1        483 0.0000e+00
   38.73708  -69.19752    12.0088   3.894739    33.9538     28.799     29.020    12.0002   3.894448    33.9591     2.3808 1.6129e+00     0.3251    92.1944      98.57    274.722     6.3100 2.5650e+03          1        210 0.0000e+00
   38.73708  -69.19752    12.0753   3.897973    33.9241     28.032     28.247    12.0461   3.896556    33.9373     2.4295 1.7186e+00     0.3295    92.0936      98.57    274.523     6.3052 2.5727e+03          1         80 0.0000e+00
   38.73706  -69.19743    12.2228   3.907042    33.8790     26.728     26.933    12.2415   3.908313    33.8739     2.1205 2.1383e+00     0.3413    91.8217      98.57    274.571     6.3059 2.6241e+03          1         79 0.0000e+00
   38.73708  -69.19740    12.2615   3.909499    33.8678     25.848     26.046    12.3018   3.912014    33.8548     2.0428 2.2304e+00     0.3415    91.8171      98.58    274.174     6.2967 2.6361e+03          1         36 0.0000e+00
   38.73708  -69.19740    12.3411   3.915088    33.8486     24.719     24.909    12.3323   3.914381    33.8502     1.9381 2.5396e+00     0.3393    91.8671      98.58    273.902     6.2903 2.6487e+03          1         40 0.0000e+00
   38.73704  -69.19740    12.3684   3.917092    33.8439     23.968     24.152    12.3495   3.915827    33.8494     1.9286 2.8466e+00     0.3377    91.9039      97.56    273.456     6.2799 2.6470e+03          1         68 0.0000e+00
   38.73704  -69.19740    12.3959   3.918972    33.8377     22.847     23.022    12.4034   3.919220    33.8331     1.8204 3.2425e+00     0.3378    91.9013      98.54    273.196     6.2739 2.6332e+03          1         28 0.0000e+00
   38.73704  -69.19740    12.4375   3.921994    33.8291     21.814     21.981    12.4480   3.922590    33.8252     1.7795 3.5820e+00     0.3376    91.9066      95.46    273.205     6.2740 2.6407e+03          1         29 0.0000e+00
   38.73706  -69.19740    12.4649   3.924013    33.8245     20.813     20.973    12.4626   3.923813    33.8247     1.7309 4.0969e+00     0.3347    91.9725      78.90    272.811     6.2649 2.6586e+03          1         64 0.0000e+00
   38.73706  -69.19740    12.4694   3.924219    33.8238     19.830     19.981    12.4691   3.924277    33.8246     1.7179 4.5125e+00     0.3346    91.9757      76.24    272.424     6.2560 2.6935e+03          1         63 0.0000e+00
   38.73704  -69.19740    12.4726   3.924327    33.8229     18.878     19.022    12.4674   3.924061    33.8252     1.6639 5.1676e+00     0.3359    91.9443      97.70    272.151     6.2497 2.7123e+03          1         45 0.0000e+00
   38.73704  -69.19740    12.4573   3.923206    33.8271     17.872     18.009    12.4508   3.922835    33.8296     1.6622 5.2339e+00     0.3351    91.9636      96.59    272.064     6.2478 2.7014e+03          1         36 0.0000e+00
   38.73704  -69.19740    12.4509   3.922696    33.8287     16.850     16.979    12.4441   3.922277    33.8310     1.6846 5.6698e+00     0.3366    91.9300      63.63    272.161     6.2500 2.6855e+03          1         36 0.0000e+00
   38.73704  -69.19740    12.4522   3.922745    33.8285     15.876     15.998    12.4447   3.922253    33.8307     1.6892 5.7351e+00     0.3379    91.8986      71.33    272.019     6.2468 2.2391e+03          1         51 0.0000e+00
   38.73704  -69.19740    12.4511   3.922613    33.8290     14.825     14.938    12.4484   3.922457    33.8298     1.6982 5.4120e+00     0.3345    91.9781      98.61    272.633     6.2609 1.5155e+03          1         76 0.0000e+00
   38.73704  -69.19740    12.4525   3.922654    33.8285     13.927     14.033    12.4576   3.923016    33.8272     1.7237 6.2111e+00     0.3367    91.9271      98.58    272.415     6.2559 1.2807e+03          1         36 0.0000e+00
   38.73704  -69.19740    12.4735   3.924204    33.8244     12.872     12.970    12.4759   3.924261    33.8227     1.6844 7.0184e+00     0.3334    92.0035      47.26    272.315     6.2535 1.2193e+03          1         25 0.0000e+00
   38.73704  -69.19740    12.5009   3.926193    33.8188     11.883     11.973    12.4996   3.926054    33.8186     1.6669 7.5904e+00     0.3354    91.9573       9.26    271.947     6.2450 1.1510e+03          1         35 0.0000e+00
   38.73704  -69.19740    12.4996   3.926079    33.8198     10.920     11.003    12.5024   3.926346    33.8198     1.6080 8.2127e+00     0.3346    91.9751      95.34    271.738     6.2402 1.0613e+03          1        122 0.0000e+00
   38.73702  -69.19740    12.5052   3.926420    33.8185      9.919      9.995    12.5122   3.926951    33.8172     1.5986 9.8164e+00     0.3347    91.9722      98.58    272.610     6.2602 9.6418e+02          1         37 0.0000e+00
   38.73702  -69.19740    12.5198   3.927497    33.8160      8.889      8.957    12.5284   3.928079    33.8136     1.5757 1.1610e+01     0.3340    91.9891      98.58    272.106     6.2486 9.4677e+02          1         48 0.0000e+00
   38.73702  -69.19740    12.5384   3.928925    33.8133      8.155      8.217    12.5419   3.929218    33.8130     1.5183 1.2137e+01     0.3331    92.0106      98.58    271.569     6.2363 9.5061e+02          1         81 0.0000e+00
   38.73702  -69.19740    12.5590   3.930412    33.8095      6.932      6.985    12.5691   3.931096    33.8068     1.5068 1.5543e+01     0.3341    91.9883      98.59    271.691     6.2390 9.2835e+02          1         45 0.0000e+00
   38.73700  -69.19740    12.5588   3.930382    33.8105      6.078      6.124    12.5600   3.930535    33.8108     1.4686 1.7743e+01     0.3343    91.9826      96.58    271.424     6.2329 9.6426e+02          1        511 0.0000e+00
   38.73696  -69.19744    12.5604   3.930452    33.8104      5.103      5.142    12.5604   3.930508    33.8110     1.5101 2.1297e+01     0.3344    91.9810      14.26    271.474     6.2340 1.1159e+03          1        189 0.0000e+00
   38.73696  -69.19744    12.5606   3.930431    33.8104      3.991      4.022    12.5594   3.930403    33.8112     1.4668 2.4626e+01     0.3336    91.9992       5.91    271.542     6.2356 1.2023e+03          1         23 0.0000e+00
   38.73696  -69.19744    12.5608   3.930380    33.8103      2.890      2.912    12.5602   3.930397    33.8109     1.4449 3.3117e+01     0.3352    91.9618       5.95    271.654     6.2382 1.4005e+03          1        115 0.0000e+00
   38.73696  -69.19746    12.5614   3.930403    33.8102      2.294      2.311    12.5615   3.930477    33.8107     1.4433 3.7747e+01     0.3364    91.9343       6.08    271.250     6.2289 1.5557e+03          1         36 0.0000e+00
