Data/ruptures/KN207-01/QL-1/20701043.cnv
* Sea-Bird SBE 9 Data File:
* FileName = C:\Data\ctd\20701043.hex
* Software Version Seasave V 7.21e
* Temperature SN = 4406
* Conductivity SN = 1474
* Number of Bytes Per Scan = 40
* Number of Voltage Words = 5
* Number of Scans Averaged by the Deck Unit = 1
* NMEA Latitude = 38 45.09 N
* NMEA Longitude = 069 11.97 W
* NMEA UTC (Time) = Apr 27 2012 13:18:05
** R/V Knorr Cruise # KN207-01 QL1
** Chief Scientist: Ben Van Mooy
# nquan = 21
# nvalues = 396                         
# units = specified
# name 0 = latitude: Latitude [deg]
# name 1 = longitude: Longitude [deg]
# name 2 = t090C: Temperature [ITS-90, deg C]
# name 3 = c0S/m: Conductivity [S/m]
# name 4 = sal00: Salinity, Practical [PSU]
# name 5 = depSM: Depth [salt water, m]
# name 6 = prDM: Pressure, Digiquartz [db]
# name 7 = t190C: Temperature, 2 [ITS-90, deg C]
# name 8 = c1S/m: Conductivity, 2 [S/m]
# name 9 = sal11: Salinity, Practical, 2 [PSU]
# name 10 = flECO-AFL: Fluorescence, WET Labs ECO-AFL/FL [mg/m^3]
# name 11 = par: PAR/Irradiance, Biospherical/Licor
# name 12 = bat: Beam Attenuation, Chelsea/Seatech [1/m]
# name 13 = xmiss: Beam Transmission, Chelsea/Seatech [%]
# name 14 = altM: Altimeter [m]
# name 15 = sbeox0Mm/Kg: Oxygen, SBE 43 [umol/kg]
# name 16 = sbeox0ML/L: Oxygen, SBE 43 [ml/l]
# name 17 = spar: SPAR/Surface Irradiance
# name 18 = pumps: Pump Status
# name 19 = nbin: number of scans per bin
# name 20 = flag: flag
# span 0 =   38.74864,   38.75157       
# span 1 =  -69.19998,  -69.19942       
# span 2 =    11.2950,    14.7081       
# span 3 =   3.838772,   4.354077       
# span 4 =    33.1258,    35.7974       
# span 5 =      1.453,    198.276       
# span 6 =      1.464,    199.881       
# span 7 =    11.2939,    14.7078       
# span 8 =   3.873886,   4.354211       
# span 9 =    33.5739,    35.8060       
# span 10 =     0.0000,     2.3504      
# span 11 = 1.0000e-12, 2.6891e+01      
# span 12 =    -0.0079,     0.3095      
# span 13 =    92.5540,   100.1970      
# span 14 =      24.67,      98.68      
# span 15 =    141.846,    406.118      
# span 16 =     3.2614,     9.3259      
# span 17 = 1.2154e+02, 8.8728e+02      
# span 18 =          1,          1      
# span 19 =          4,       1738      
# span 20 = 0.0000e+00, 0.0000e+00      
# interval = decibars: 1                
# start_time = Apr 27 2012 13:18:05 [NMEA time, header]
# bad_flag = -9.990e-29
*END*
[from data line 207]
   38.75024  -69.19971    13.6785   4.249236    35.7345    187.447    188.959    13.6804   4.249273    35.7333     0.0334 1.0000e-12    -0.0074   100.1846      98.57    143.465     3.2986 3.3511e+02          1         35 0.0000e+00
   38.75024  -69.19972    13.6864   4.250009    35.7351    186.516    188.021    13.6992   4.251222    35.7345     0.0422 1.0000e-12    -0.0076   100.1903      98.57    143.781     3.3058 3.3837e+02          1         39 0.0000e+00
   38.75024  -69.19972    13.7006   4.251385    35.7354    185.497    186.993    13.7040   4.251820    35.7365     0.0285 1.0000e-12    -0.0077   100.1925      98.57    144.156     3.3144 3.4225e+02          1         37 0.0000e+00
   38.75021  -69.19974    13.7155   4.253136    35.7386    184.459    185.946    13.7316   4.254794    35.7390     0.0374 1.0000e-12    -0.0078   100.1946      98.57    143.954     3.3098 3.4079e+02          1         67 0.0000e+00
   38.75020  -69.19974    13.7296   4.254552    35.7393    183.587    185.066    13.7518   4.257078    35.7421     0.0275 1.0000e-12    -0.0076   100.1898      98.57    144.705     3.3271 3.3521e+02          1         33 0.0000e+00
   38.75020  -69.19974    13.7667   4.258839    35.7447    182.558    184.029    13.7659   4.258340    35.7411     0.0227 1.0000e-12    -0.0075   100.1868      98.58    144.470     3.3216 3.3375e+02          1         21 0.0000e+00
   38.75020  -69.19976    13.8590   4.268994    35.7525    181.496    182.957    13.8313   4.265442    35.7460     0.0282 1.0000e-12    -0.0078   100.1948      98.57    143.943     3.3095 3.3534e+02          1         27 0.0000e+00
   38.75020  -69.19978    13.9309   4.276773    35.7585    180.749    182.204    13.9650   4.280352    35.7598     0.0330 1.0000e-12    -0.0075   100.1879      98.58    146.274     3.3630 3.3534e+02          1        102 0.0000e+00
   38.75017  -69.19979    13.9747   4.281492    35.7629    179.616    181.062    13.9893   4.283079    35.7642     0.0281 1.0000e-12    -0.0079   100.1970      98.58    147.655     3.3948 3.2620e+02          1         17 0.0000e+00
   38.75016  -69.19980    13.9921   4.283293    35.7640    178.619    180.057    13.9995   4.283936    35.7633     0.0289 1.0000e-12    -0.0077   100.1929      98.57    148.275     3.4090 3.2403e+02          1         15 0.0000e+00
   38.75016  -69.19980    14.0121   4.285399    35.7653    177.552    178.980    14.0141   4.285434    35.7641     0.0284 1.0000e-12    -0.0072   100.1809      98.57    148.591     3.4163 3.2314e+02          1         15 0.0000e+00
   38.75016  -69.19980    14.0392   4.288359    35.7678    176.519    177.939    14.0453   4.288623    35.7649     0.0302 1.0000e-12    -0.0071   100.1788      98.57    148.673     3.4181 3.2187e+02          1         17 0.0000e+00
   38.75015  -69.19981    14.0787   4.292695    35.7724    175.802    177.215    14.0849   4.293165    35.7712     0.0373 1.0000e-12    -0.0074   100.1857      98.57    149.787     3.4437 3.2143e+02          1         93 0.0000e+00
   38.75014  -69.19982    14.1299   4.298393    35.7786    174.616    176.020    14.1686   4.302460    35.7798     0.0273 1.0000e-12    -0.0079   100.1967      98.57    150.966     3.4708 3.1508e+02          1         16 0.0000e+00
   38.75014  -69.19982    14.1658   4.302521    35.7837    173.604    174.999    14.2042   4.306213    35.7817     0.0206 1.0000e-12    -0.0071   100.1792      98.57    151.279     3.4780 3.1214e+02          1         15 0.0000e+00
   38.75014  -69.19982    14.2188   4.308187    35.7867    172.603    173.989    14.2541   4.311161    35.7811     0.0287 1.0000e-12    -0.0067   100.1678      98.58    151.416     3.4811 3.1034e+02          1         16 0.0000e+00
   38.75014  -69.19982    14.2881   4.315461    35.7895    171.559    172.936    14.3123   4.317665    35.7873     0.0252 1.0000e-12    -0.0065   100.1638      98.57    151.896     3.4921 3.0984e+02          1         30 0.0000e+00
   38.75014  -69.19986    14.3451   4.321170    35.7903    170.673    172.043    14.3706   4.323721    35.7903     0.0258 1.0000e-12    -0.0072   100.1801      98.58    155.755     3.5808 3.0992e+02          1         66 0.0000e+00
   38.75014  -69.19986    14.3690   4.323470    35.7912    169.635    170.996    14.3803   4.324727    35.7927     0.0357 1.0000e-12    -0.0069   100.1721      98.58    160.072     3.6800 3.0764e+02          1         35 0.0000e+00
   38.75013  -69.19986    14.3704   4.323571    35.7921    168.658    170.011    14.3846   4.324950    35.7918     0.0455 1.0000e-12    -0.0073   100.1820      98.57    161.921     3.7225 3.0437e+02          1         29 0.0000e+00
   38.75010  -69.19988    14.3993   4.326246    35.7904    167.684    169.029    14.4019   4.326419    35.7900     0.0357 1.0000e-12    -0.0075   100.1874      98.57    162.067     3.7259 3.0159e+02          1         20 0.0000e+00
   38.75010  -69.19988    14.4285   4.328782    35.7870    166.695    168.031    14.4384   4.329419    35.7839     0.0585 1.0000e-12    -0.0069   100.1729      98.58    161.742     3.7183 3.0002e+02          1         18 0.0000e+00
   38.75010  -69.19988    14.4474   4.330250    35.7836    165.644    166.972    14.4553   4.330857    35.7821     0.0486 1.0000e-12    -0.0064   100.1596      98.57    161.791     3.7195 3.0008e+02          1         19 0.0000e+00
   38.75010  -69.19988    14.4611   4.331361    35.7819    164.616    165.935    14.4605   4.331286    35.7822     0.0264 1.0000e-12    -0.0068   100.1704      98.58    163.019     3.7477 3.0225e+02          1         24 0.0000e+00
   38.75009  -69.19989    14.4737   4.332536    35.7825    163.830    165.143    14.4781   4.333028    35.7831     0.0373 1.0000e-12    -0.0070   100.1755      98.58    166.752     3.8335 3.0546e+02          1         96 0.0000e+00
   38.75008  -69.19990    14.4766   4.332722    35.7830    162.712    164.014    14.4802   4.333152    35.7837     0.0141 1.0000e-12    -0.0073   100.1828      98.57    168.232     3.8675 3.0205e+02          1         22 0.0000e+00
   38.75008  -69.19990    14.4807   4.333077    35.7831    161.743    163.039    14.4820   4.333231    35.7835     0.0355 1.0000e-12    -0.0071   100.1772      98.57    168.433     3.8721 2.9973e+02          1         19 0.0000e+00
   38.75008  -69.19990    14.4946   4.334225    35.7812    160.732    162.018    14.4956   4.334113    35.7794     0.0039 1.0000e-12    -0.0069   100.1744      98.57    168.476     3.8731 2.9879e+02          1         18 0.0000e+00
   38.75008  -69.19992    14.5133   4.335787    35.7786    159.699    160.977    14.5185   4.336171    35.7774     0.0405 1.0000e-12    -0.0072   100.1812      98.58    168.260     3.8681 2.9926e+02          1         19 0.0000e+00
   38.75008  -69.19992    14.5264   4.337037    35.7784    158.706    159.975    14.5352   4.337804    35.7773     0.0397 1.0000e-12    -0.0066   100.1658      98.58    168.247     3.8678 3.0126e+02          1         18 0.0000e+00
   38.75008  -69.19992    14.5497   4.339415    35.7790    157.693    158.953    14.5561   4.339888    35.7775     0.0258 1.0000e-12    -0.0066   100.1659      98.58    169.748     3.9023 3.0414e+02          1         26 0.0000e+00
   38.75006  -69.19992    14.5848   4.343121    35.7813    156.913    158.167    14.5968   4.344379    35.7818     0.0278 1.0000e-12    -0.0070   100.1760      98.58    176.537     4.0583 3.1038e+02          1        103 0.0000e+00
   38.75004  -69.19992    14.5844   4.342402    35.7765    155.826    157.071    14.5813   4.341790    35.7739     0.0146 1.0000e-12    -0.0067   100.1691      98.58    180.972     4.1603 3.1113e+02          1         23 0.0000e+00
   38.75004  -69.19992    14.5772   4.341027    35.7713    154.761    155.998    14.5762   4.340946    35.7717     0.0160 1.0000e-12    -0.0069   100.1720      98.58    181.198     4.1655 3.0857e+02          1         27 0.0000e+00
   38.75004  -69.19993    14.5669   4.339047    35.7634    153.758    154.986    14.5595   4.338116    35.7619     0.0278 1.0000e-12    -0.0067   100.1670      98.58    179.969     4.1372 3.0827e+02          1         41 0.0000e+00
   38.75004  -69.19994    14.5548   4.336697    35.7538    152.774    153.994    14.5649   4.337521    35.7519     0.0291 1.0000e-12    -0.0068   100.1705      98.58    180.233     4.1433 3.1223e+02          1         39 0.0000e+00
   38.75002  -69.19994    14.5994   4.341422    35.7559    151.884    153.096    14.6134   4.342936    35.7568     0.0262 3.7436e-03    -0.0064   100.1609      98.58    183.453     4.2172 3.2115e+02          1        109 0.0000e+00
   38.75000  -69.19998    14.6237   4.344051    35.7584    150.687    151.889    14.6296   4.344738    35.7593     0.0376 2.0849e-04    -0.0065   100.1617      98.58    187.364     4.3071 3.2550e+02          1         53 0.0000e+00
   38.74998  -69.19998    14.6514   4.347241    35.7626    150.049    151.246    14.6553   4.347769    35.7638     0.0331 2.7738e-04    -0.0068   100.1713      98.59    189.278     4.3511 3.3437e+02          1        147 0.0000e+00
   38.74987  -69.19997    14.6799   4.350346    35.7661    149.024    150.213    14.6841   4.350984    35.7680     0.0286 2.3770e-04    -0.0070   100.1766      98.59    192.904     4.4344 3.7787e+02          1        570 0.0000e+00
   38.74968  -69.19984    14.6720   4.348830    35.7602    147.838    149.017    14.6705   4.348881    35.7621     0.0339 1.0000e-12    -0.0066   100.1653      98.60    193.439     4.4467 4.4051e+02          1         27 0.0000e+00
   38.74968  -69.19984    14.6881   4.350121    35.7573    146.854    148.025    14.6803   4.349518    35.7591     0.0111 1.0000e-12    -0.0070   100.1758      98.60    194.545     4.4721 4.4363e+02          1         25 0.0000e+00
   38.74968  -69.19984    14.6834   4.348586    35.7481    145.783    146.945    14.6841   4.348955    35.7507     0.0160 1.0000e-12    -0.0063   100.1577      98.60    195.192     4.4870 4.4613e+02          1         27 0.0000e+00
   38.74967  -69.19983    14.6810   4.347904    35.7446    144.792    145.945    14.6812   4.348148    35.7466     0.0295 1.0000e-12    -0.0067   100.1690      98.60    197.893     4.5491 4.4918e+02          1         38 0.0000e+00
   38.74964  -69.19980    14.6800   4.347613    35.7431    143.874    145.019    14.6802   4.347792    35.7446     0.0357 1.0000e-12    -0.0064   100.1596      98.60    201.243     4.6261 4.5440e+02          1         38 0.0000e+00
   38.74964  -69.19980    14.6792   4.347341    35.7418    142.910    144.048    14.6793   4.347488    35.7431     0.0350 1.0000e-12    -0.0073   100.1825      98.60    202.165     4.6473 4.5579e+02          1         27 0.0000e+00
   38.74964  -69.19980    14.6781   4.347102    35.7411    141.901    143.030    14.6785   4.347301    35.7425     0.0433 1.0000e-12    -0.0073   100.1819      98.61    202.773     4.6612 4.5516e+02          1         21 0.0000e+00
   38.74964  -69.19980    14.6756   4.346662    35.7398    140.877    141.998    14.6764   4.346926    35.7415     0.0313 1.0000e-12    -0.0070   100.1745      98.60    202.726     4.6601 4.5438e+02          1         20 0.0000e+00
   38.74966  -69.19980    14.6686   4.345608    35.7371    139.879    140.991    14.6714   4.346161    35.7396     0.0206 1.0000e-12    -0.0069   100.1729      98.60    202.720     4.6600 4.5493e+02          1         18 0.0000e+00
   38.74966  -69.19980    14.6598   4.344268    35.7335    138.898    140.001    14.6644   4.345207    35.7378     0.0161 1.0000e-12    -0.0063   100.1572      98.59    202.818     4.6622 4.5654e+02          1         18 0.0000e+00
   38.74966  -69.19980    14.6401   4.341296    35.7251    137.889    138.985    14.6465   4.342754    35.7325     0.0137 1.0000e-12    -0.0059   100.1467      98.60    202.947     4.6652 4.5990e+02          1         23 0.0000e+00
   38.74966  -69.19980    14.6328   4.340051    35.7209    136.891    137.979    14.6361   4.340825    35.7249     0.0130 1.0000e-12    -0.0061   100.1526      98.60    203.478     4.6774 4.6412e+02          1         31 0.0000e+00
   38.74966  -69.19980    14.6396   4.340630    35.7200    135.930    137.010    14.6385   4.340654    35.7213     0.0187 1.0000e-12    -0.0062   100.1559      98.60    205.245     4.7180 4.6808e+02          1         31 0.0000e+00
   38.74962  -69.19978    14.6515   4.341925    35.7210    134.964    136.036    14.6481   4.341621    35.7215     0.0000 1.0000e-12    -0.0064   100.1594      98.60    206.397     4.7445 4.6844e+02          1         25 0.0000e+00
   38.74962  -69.19978    14.6588   4.342681    35.7215    133.960    135.023    14.6553   4.342366    35.7218     0.0102 1.0000e-12    -0.0062   100.1544      98.60    207.227     4.7636 4.6835e+02          1         24 0.0000e+00
   38.74962  -69.19978    14.6670   4.343505    35.7217    132.938    133.993    14.6646   4.343226    35.7214     0.0307 1.0000e-12    -0.0060   100.1501      98.60    208.280     4.7878 4.6908e+02          1         21 0.0000e+00
   38.74962  -69.19978    14.6695   4.343729    35.7219    131.960    133.007    14.6691   4.343754    35.7225     0.0371 1.0000e-12    -0.0062   100.1561      98.61    208.879     4.8015 4.7119e+02          1         17 0.0000e+00
   38.74962  -69.19978    14.6726   4.343922    35.7211    130.971    132.010    14.6730   4.344050    35.7219     0.0341 1.0000e-12    -0.0061   100.1516      98.60    209.535     4.8166 4.7303e+02          1         17 0.0000e+00
   38.74962  -69.19978    14.6847   4.345153    35.7215    129.961    130.991    14.6840   4.345002    35.7208     0.0062 1.0000e-12    -0.0058   100.1460      98.60    210.248     4.8330 4.7619e+02          1         19 0.0000e+00
   38.74962  -69.19978    14.6922   4.345918    35.7220    128.936    129.958    14.6903   4.345738    35.7221     0.0317 1.0000e-12    -0.0045   100.1125      98.61    210.825     4.8463 4.7879e+02          1         28 0.0000e+00
   38.74962  -69.19978    14.6957   4.346268    35.7224    127.975    128.989    14.6951   4.346301    35.7232     0.0270 1.0000e-12    -0.0059   100.1482      98.60    212.472     4.8841 4.7987e+02          1         40 0.0000e+00
   38.74962  -69.19978    14.6972   4.346368    35.7224    127.029    128.035    14.6966   4.346385    35.7231     0.0216 1.0000e-12    -0.0055   100.1372      98.60    213.843     4.9156 4.7981e+02          1         30 0.0000e+00
   38.74962  -69.19978    14.6952   4.345900    35.7205    125.994    126.991    14.6955   4.346162    35.7227     0.0265 1.0000e-12    -0.0058   100.1454      98.60    214.458     4.9297 4.8152e+02          1         22 0.0000e+00
   38.74960  -69.19976    14.6914   4.345299    35.7190    124.981    125.970    14.6920   4.345553    35.7208     0.0408 1.0000e-12    -0.0054   100.1354      98.60    214.608     4.9332 4.8363e+02          1         21 0.0000e+00
   38.74960  -69.19976    14.6892   4.344906    35.7180    123.982    124.963    14.6900   4.345175    35.7197     0.0384 1.0000e-12    -0.0051   100.1275      98.60    214.976     4.9417 4.8637e+02          1         25 0.0000e+00
   38.74960  -69.19976    14.6856   4.344327    35.7165    123.024    123.998    14.6863   4.344589    35.7182     0.0315 1.0000e-12    -0.0054   100.1345      98.61    215.290     4.9489 4.8851e+02          1         23 0.0000e+00
   38.74960  -69.19976    14.6839   4.344010    35.7155    122.065    123.030    14.6848   4.344290    35.7173     0.0394 1.0000e-12    -0.0056   100.1398      98.60    215.560     4.9551 4.8873e+02          1         20 0.0000e+00
   38.74960  -69.19976    14.6797   4.343352    35.7139    121.029    121.986    14.6817   4.343853    35.7166     0.0405 1.0000e-12    -0.0052   100.1283      98.60    215.657     4.9573 4.8962e+02          1         20 0.0000e+00
