Data/ruptures/KN207-01/QL-1/20701012.cnv
* Sea-Bird SBE 9 Data File:
* FileName = C:\Data\ctd\20701012.hex
* Software Version Seasave V 7.21e
* Temperature SN = 4406
* Conductivity SN = 1474
* Number of Bytes Per Scan = 40
* Number of Voltage Words = 5
* Number of Scans Averaged by the Deck Unit = 1
* NMEA Latitude = 38 59.81 N
* NMEA Longitude = 068 59.49 W
* NMEA UTC (Time) = Apr 23 2012 10:09:44
** R/V Knorr Cruise # KN207-01 QL1
** Chief Scientist: Ben Van Mooy
# nquan = 21
# nvalues = 397                         
# units = specified
# name 0 = latitude: Latitude [deg]
# name 1 = longitude: Longitude [deg]
# name 2 = t090C: Temperature [ITS-90, deg C]
# name 3 = c0S/m: Conductivity [S/m]
# name 4 = sal00: Salinity, Practical [PSU]
# name 5 = depSM: Depth [salt water, m]
# name 6 = prDM: Pressure, Digiquartz [db]
# name 7 = t190C: Temperature, 2 [ITS-90, deg C]
# name 8 = c1S/m: Conductivity, 2 [S/m]
# name 9 = sal11: Salinity, Practical, 2 [PSU]
# name 10 = flECO-AFL: Fluorescence, WET Labs ECO-AFL/FL [mg/m^3]
# name 11 = par: PAR/Irradiance, Biospherical/Licor
# name 12 = bat: Beam Attenuation, Chelsea/Seatech [1/m]
# name 13 = xmiss: Beam Transmission, Chelsea/Seatech [%]
# name 14 = altM: Altimeter [m]
# name 15 = sbeox0Mm/Kg: Oxygen, SBE 43 [umol/kg]
# name 16 = sbeox0ML/L: Oxygen, SBE 43 [ml/l]
# name 17 = spar: SPAR/Surface Irradiance
# name 18 = pumps: Pump Status
# name 19 = nbin: number of scans per bin
# name 20 = flag: flag
# span 0 =   38.99643,   38.99728       
# span 1 =  -68.99168,  -68.98643       
# span 2 =    11.2258,    14.6834       
# span 3 =   3.873614,   4.355958       
# span 4 =    33.7981,    35.8244       
# span 5 =      2.109,    198.986       
# span 6 =      2.125,    200.601       
# span 7 =    11.2261,    14.6807       
# span 8 =   3.873601,   4.355911       
# span 9 =    33.8469,    35.8258       
# span 10 =     0.0023,     2.6992      
# span 11 = 1.0000e-12, 5.2590e-01      
# span 12 =    -0.0153,     0.3049      
# span 13 =    92.6615,   100.3847      
# span 14 =       1.80,      98.77      
# span 15 =    140.148,    401.248      
# span 16 =     3.2224,     9.2158      
# span 17 = 1.7159e+01, 2.7531e+01      
# span 18 =          0,          1      
# span 19 =          8,        321      
# span 20 = 0.0000e+00, 0.0000e+00      
# interval = decibars: 1                
# start_time = Apr 23 2012 10:09:44 [NMEA time, header]
# bad_flag = -9.990e-29
*END*
[from data line 345]
   38.99702  -68.98794    11.9301   3.972908    34.7836     52.678     53.087    11.9165   3.971565    34.7835     0.2385 5.5477e-04     0.0208    99.4817      85.63    242.956     5.5839 2.0634e+01          1         96 0.0000e+00
   38.99702  -68.98794    11.8056   3.956853    34.7445     51.620     52.020    11.8057   3.957889    34.7545     0.2611 6.9079e-04     0.0219    99.4539      98.68    243.643     5.5997 2.0395e+01          1         49 0.0000e+00
   38.99704  -68.98796    11.7545   3.949938    34.7249     50.683     51.076    11.7376   3.948137    34.7233     0.3034 7.7781e-04     0.0268    99.3323      98.68    245.791     5.6490 2.0489e+01          1         27 0.0000e+00
   38.99704  -68.98796    11.6537   3.936411    34.6888     49.633     50.017    11.6646   3.939530    34.7087     0.3023 8.5439e-04     0.0300    99.2533      98.68    246.676     5.6693 2.0572e+01          1         18 0.0000e+00
   38.99704  -68.98796    11.6178   3.931866    34.6783     48.617     48.994    11.6182   3.932141    34.6805     0.3457 9.2159e-04     0.0344    99.1421      98.69    246.960     5.6758 2.0235e+01          1         14 0.0000e+00
   38.99704  -68.98796    11.6049   3.930170    34.6738     47.624     47.993    11.6049   3.930526    34.6773     0.3586 9.5291e-04     0.0353    99.1219      98.68    246.908     5.6746 2.0819e+01          1         15 0.0000e+00
   38.99704  -68.98796    11.5814   3.927182    34.6667     46.582     46.942    11.5782   3.927587    34.6737     0.3845 9.9500e-04     0.0383    99.0474      80.20    247.407     5.6861 2.0780e+01          1         19 0.0000e+00
   38.99706  -68.98794    11.5523   3.923472    34.6567     45.404     45.755    11.5305   3.921421    34.6573     0.4579 9.9588e-04     0.0558    98.6154      91.84    249.311     5.7299 2.1135e+01          1         80 0.0000e+00
   38.99707  -68.98794    11.3882   3.902170    34.6011     44.871     45.219    11.3869   3.902106    34.6015     0.6376 1.4056e-03     0.0683    98.3079      81.78    251.420     5.7782 2.1364e+01          1         90 0.0000e+00
   38.99708  -68.98794    11.4012   3.903658    34.6016     43.685     44.022    11.3934   3.902774    34.6003     0.6992 1.6280e-03     0.0694    98.2805      98.68    253.304     5.8215 2.0848e+01          1         26 0.0000e+00
   38.99709  -68.98791    11.3818   3.901398    34.5960     42.690     43.021    11.3816   3.901475    34.5968     0.7362 1.4824e-03     0.0709    98.2437      98.69    253.319     5.8219 2.1489e+01          1        221 0.0000e+00
   38.99713  -68.98790    11.3714   3.900084    34.5912     41.877     42.201    11.3739   3.900483    34.5927     0.7674 1.7288e-03     0.0753    98.1345      98.68    253.310     5.8216 2.1700e+01          1         81 0.0000e+00
   38.99720  -68.98778    11.3749   3.901526    34.6006     40.940     41.256    11.3751   3.901251    34.5979     0.7664 1.6398e-03     0.0753    98.1351      98.70    218.578     5.0234 2.1393e+01          0        127 0.0000e+00
   38.99727  -68.98767    11.3661   3.899497    34.5903     39.821     40.128    11.3654   3.899520    34.5912     0.7439 1.9469e-03     0.0786    98.0543      98.56    233.448     5.3652 2.2027e+01          1        312 0.0000e+00
   38.99728  -68.98758    11.3605   3.898569    34.5870     38.759     39.058    11.3604   3.898627    34.5877     0.7203 2.8467e-03     0.0780    98.0675      98.70    253.383     5.8233 2.2342e+01          1         62 0.0000e+00
   38.99728  -68.98758    11.3575   3.898011    34.5847     37.799     38.091    11.3577   3.898107    34.5855     0.8027 3.2026e-03     0.0849    97.9007      82.58    253.561     5.8274 2.2698e+01          1         91 0.0000e+00
   38.99728  -68.98758    11.3521   3.896900    34.5793     36.739     37.023    11.3557   3.897688    34.5836     0.8607 3.7325e-03     0.0890    97.7981      98.70    254.015     5.8378 2.2813e+01          1         22 0.0000e+00
   38.99728  -68.98758    11.3487   3.896276    34.5768     35.740     36.016    11.3527   3.897123    34.5813     0.8537 4.0938e-03     0.0950    97.6542      98.70    253.850     5.8340 2.2837e+01          1         21 0.0000e+00
   38.99728  -68.98758    11.3469   3.895923    34.5755     34.704     34.972    11.3499   3.896599    34.5793     0.9404 4.5091e-03     0.1011    97.5043      98.70    253.904     5.8353 2.2719e+01          1         27 0.0000e+00
   38.99727  -68.98756    11.3422   3.895130    34.5723     33.954     34.216    11.3431   3.895440    34.5746     1.0934 5.1458e-03     0.1190    97.0696      98.70    254.821     5.8563 2.2671e+01          1         55 0.0000e+00
   38.99728  -68.98754    11.3363   3.894076    34.5679     32.736     32.989    11.3336   3.893712    34.5670     1.1671 6.2364e-03     0.1459    96.4182      98.70    255.642     5.8752 2.2437e+01          1         17 0.0000e+00
   38.99725  -68.98755    11.2807   3.884774    34.5285     31.919     32.165    11.2828   3.885173    34.5305     2.0241 7.1066e-03     0.2247    94.5418      98.70    257.859     5.9260 2.3310e+01          1        249 0.0000e+00
   38.99723  -68.98754    11.2346   3.877092    34.4962     30.743     30.980    11.2346   3.877223    34.4975     2.5080 8.8779e-03     0.2784    93.2764      98.70    260.820     5.9940 2.4563e+01          1         85 0.0000e+00
   38.99719  -68.98749    11.2269   3.875640    34.4894     29.975     30.206    11.2264   3.875389    34.4874     2.6380 9.8389e-03     0.2894    93.0195      92.38    260.726     5.9918 2.4493e+01          1         51 0.0000e+00
   38.99718  -68.98750    11.2274   3.874281    34.4757     28.751     28.973    11.2279   3.874455    34.4771     2.6992 1.1020e-02     0.2884    93.0440      98.77    262.036     6.0218 2.4537e+01          1         25 0.0000e+00
   38.99718  -68.98749    11.2268   3.873614    34.4700     27.906     28.121    11.2268   3.873811    34.4719     2.4539 1.2531e-02     0.2765    93.3214      68.82    267.225     6.1411 2.4512e+01          1         88 0.0000e+00
   38.99716  -68.98746    11.2513   3.873925    34.4498     26.796     27.002    11.2415   3.873601    34.4560     2.1578 1.4886e-02     0.2743    93.3724      98.70    270.771     6.2224 2.4537e+01          1         18 0.0000e+00
   38.99716  -68.98746    11.2717   3.874225    34.4338     25.748     25.946    11.2665   3.874483    34.4412     2.1108 1.6671e-02     0.2649    93.5931      98.70    271.059     6.2289 2.4537e+01          1         25 0.0000e+00
   38.99715  -68.98746    11.3080   3.875300    34.4104     24.998     25.191    11.3002   3.875242    34.4173     2.0140 1.8861e-02     0.2639    93.6173      98.70    275.244     6.3249 2.4493e+01          1        102 0.0000e+00
   38.99714  -68.98745    11.4255   3.879541    34.3417     24.053     24.238    11.4135   3.878988    34.3475     1.8693 2.2664e-02     0.2713    93.4439      98.71    278.157     6.3914 2.4425e+01          1         60 0.0000e+00
   38.99714  -68.98744    11.5371   3.883373    34.2747     22.790     22.965    11.4991   3.881935    34.2966     1.7331 2.3988e-02     0.2819    93.1956      98.70    278.138     6.3905 2.4444e+01          1         24 0.0000e+00
   38.99709  -68.98742    11.5844   3.882758    34.2279     21.908     22.076    11.5858   3.882934    34.2282     1.7373 2.5247e-02     0.2962    92.8624      98.53    280.469     6.4438 2.4530e+01          1        315 0.0000e+00
   38.99706  -68.98740    11.6114   3.876594    34.1440     20.823     20.983    11.6112   3.877384    34.1519     1.6041 2.7962e-02     0.3049    92.6615      98.71    281.029     6.4562 2.4486e+01          1         44 0.0000e+00
   38.99706  -68.98739    11.6475   3.877306    34.1176     20.055     20.209    11.6643   3.877208    34.1008     1.5708 3.3175e-02     0.3019    92.7311      98.70    282.050     6.4795 2.4475e+01          1         72 0.0000e+00
   38.99700  -68.98733    11.7093   3.877097    34.0587     18.944     19.089    11.7091   3.877050    34.0586     1.4424 3.6533e-02     0.2994    92.7878      98.70    282.321     6.4854 2.4485e+01          1         86 0.0000e+00
   38.99691  -68.98720    11.7706   3.879767    34.0288     17.968     18.106    11.7757   3.879991    34.0262     1.3987 3.8614e-02     0.2961    92.8648      89.54    281.780     6.4727 2.4409e+01          1         87 0.0000e+00
   38.99690  -68.98717    11.8528   3.883138    33.9860     16.923     17.053    11.8488   3.882836    33.9868     1.3657 4.0901e-02     0.2930    92.9354      98.70    281.111     6.4570 2.4388e+01          1         30 0.0000e+00
   38.99690  -68.98716    11.8736   3.884030    33.9761     15.844     15.965    11.8641   3.883597    33.9808     1.3498 4.7425e-02     0.2897    93.0130      98.71    280.066     6.4330 2.4537e+01          1         31 0.0000e+00
   38.99690  -68.98716    11.9420   3.887330    33.9463     15.032     15.147    11.9338   3.886962    33.9504     1.2990 5.7003e-02     0.2842    93.1408      98.71    278.974     6.4077 2.4464e+01          1         92 0.0000e+00
   38.99690  -68.98713    11.9809   3.889046    33.9296     13.918     14.024    11.9819   3.889110    33.9293     1.1766 6.4012e-02     0.2798    93.2451      98.71    277.878     6.3824 2.4488e+01          1        229 0.0000e+00
   38.99685  -68.98708    11.9894   3.889133    33.9245     12.706     12.803    11.9840   3.888879    33.9270     1.1788 6.6955e-02     0.2821    93.1900       4.79    278.048     6.3862 2.3835e+01          1        108 0.0000e+00
   38.99684  -68.98706    12.0080   3.889924    33.9152     12.160     12.253    12.0062   3.889869    33.9163     1.1670 6.9095e-02     0.2800    93.2408       5.38    277.567     6.3751 2.3489e+01          1         83 0.0000e+00
   38.99684  -68.98706    12.0053   3.889687    33.9162     10.800     10.883    12.0052   3.889777    33.9172     1.1931 9.5950e-02     0.2786    93.2730       6.33    277.104     6.3645 2.2923e+01          1         47 0.0000e+00
   38.99681  -68.98700    12.0137   3.889747    33.9096     10.130     10.208    12.0140   3.889806    33.9098     1.1740 1.2303e-01     0.2786    93.2718      56.83    277.087     6.3641 2.4649e+01          1        119 0.0000e+00
   38.99671  -68.98687    12.0093   3.889388    33.9104      9.125      9.195    12.0089   3.889407    33.9110     1.1636 1.8643e-01     0.2806    93.2257      47.15    277.181     6.3662 2.6961e+01          1        300 0.0000e+00
   38.99662  -68.98678    12.0067   3.889019    33.9094      8.095      8.157    12.0072   3.889053    33.9093     1.1456 2.2905e-01     0.2794    93.2537      98.71    277.229     6.3673 2.7531e+01          1        152 0.0000e+00
   38.99656  -68.98671    11.9821   3.887515    33.9184      6.938      6.991    11.9797   3.887474    33.9203     1.1876 2.3514e-01     0.2798    93.2437      27.83    277.617     6.3763 2.5896e+01          1        279 0.0000e+00
   38.99652  -68.98664    12.0140   3.888326    33.8967      6.065      6.111    12.0137   3.888348    33.8971     1.1752 2.1435e-01     0.2786    93.2734      98.72    277.946     6.3837 2.4105e+01          1         31 0.0000e+00
   38.99645  -68.98652    12.0045   3.888172    33.9049      4.945      4.983    12.0045   3.888184    33.9050     1.1945 2.2594e-01     0.2783    93.2800      54.16    277.002     6.3621 2.3083e+01          1        135 0.0000e+00
   38.99644  -68.98648    12.0016   3.887978    33.9061      4.164      4.195    12.0017   3.887994    33.9061     1.1474 2.7023e-01     0.2794    93.2549       1.92    277.391     6.3711 2.3632e+01          1        143 0.0000e+00
   38.99643  -68.98645    11.9996   3.887852    33.9070      3.194      3.219    11.9996   3.887906    33.9076     1.1778 3.9317e-01     0.2891    93.0276       1.80    277.408     6.3715 2.4420e+01          1         38 0.0000e+00
   38.99643  -68.98643    12.0045   3.887427    33.8989      2.109      2.125    12.0046   3.887470    33.8992     1.1609 5.2590e-01     0.2891    93.0270       2.33    277.576     6.3753 2.5437e+01          1        176 0.0000e+00
