Data/ruptures/KN207-01/QL-1/20701011.cnv
* Sea-Bird SBE 9 Data File:
* FileName = C:\Data\ctd\20701011.hex
* Software Version Seasave V 7.21e
* Temperature SN = 4406
* Conductivity SN = 1474
* Number of Bytes Per Scan = 40
* Number of Voltage Words = 5
* Number of Scans Averaged by the Deck Unit = 1
* NMEA Latitude = 39 00.12 N
* NMEA Longitude = 069 00.18 W
* NMEA UTC (Time) = Apr 23 2012 04:39:07
** R/V Knorr Cruise # KN207-01 QL1
** Chief Scientist: Ben Van Mooy
# nquan = 21
# nvalues = 3190                        
# units = specified
# name 0 = latitude: Latitude [deg]
# name 1 = longitude: Longitude [deg]
# name 2 = t090C: Temperature [ITS-90, deg C]
# name 3 = c0S/m: Conductivity [S/m]
# name 4 = sal00: Salinity, Practical [PSU]
# name 5 = depSM: Depth [salt water, m]
# name 6 = prDM: Pressure, Digiquartz [db]
# name 7 = t190C: Temperature, 2 [ITS-90, deg C]
# name 8 = c1S/m: Conductivity, 2 [S/m]
# name 9 = sal11: Salinity, Practical, 2 [PSU]
# name 10 = flECO-AFL: Fluorescence, WET Labs ECO-AFL/FL [mg/m^3]
# name 11 = par: PAR/Irradiance, Biospherical/Licor
# name 12 = bat: Beam Attenuation, Chelsea/Seatech [1/m]
# name 13 = xmiss: Beam Transmission, Chelsea/Seatech [%]
# name 14 = altM: Altimeter [m]
# name 15 = sbeox0Mm/Kg: Oxygen, SBE 43 [umol/kg]
# name 16 = sbeox0ML/L: Oxygen, SBE 43 [ml/l]
# name 17 = spar: SPAR/Surface Irradiance
# name 18 = pumps: Pump Status
# name 19 = nbin: number of scans per bin
# name 20 = flag: flag
# span 0 =   39.00202,   39.00414       
# span 1 =  -69.00316,  -69.00106       
# span 2 =     3.7524,    14.7596       
# span 3 =   3.299319,   4.361426       
# span 4 =    33.5262,    35.8111       
# span 5 =      3.441,   1579.543       
# span 6 =      3.467,   1597.692       
# span 7 =     3.7520,    14.7595       
# span 8 =   3.299314,   4.361536       
# span 9 =    33.9446,    35.8267       
# span 10 =    -0.0117,     2.7397      
# span 11 = 1.0000e-12, 1.0000e-12      
# span 12 =    -0.0324,     0.3286      
# span 13 =    92.1138,   100.8124      
# span 14 =       1.42,      98.86      
# span 15 =    131.144,    472.474      
# span 16 =     3.0162,    10.8518      
# span 17 = 1.3105e+01, 1.5615e+01      
# span 18 =          1,          1      
# span 19 =          6,        814      
# span 20 = 0.0000e+00, 0.0000e+00      
# interval = decibars: 1                
# start_time = Apr 23 2012 04:39:07 [NMEA time, header]
# bad_flag = -9.990e-29
*END*
[from data line 1242]
   39.00246  -69.00178     4.1022   3.316906    34.9655   1232.817   1245.944     4.1025   3.316923    34.9654     0.0339 1.0000e-12    -0.0304   100.7630      98.63    248.973     5.7296 1.4585e+01          1         13 0.0000e+00
   39.00246  -69.00178     4.1037   3.317120    34.9659   1233.862   1247.003     4.1034   3.317114    34.9662     0.0272 1.0000e-12    -0.0305   100.7650      98.63    249.190     5.7346 1.4414e+01          1         13 0.0000e+00
   39.00246  -69.00178     4.1038   3.317163    34.9659   1234.832   1247.986     4.1033   3.317156    34.9662     0.0285 1.0000e-12    -0.0305   100.7649      98.63    249.331     5.7378 1.4871e+01          1         12 0.0000e+00
   39.00246  -69.00178     4.1034   3.317195    34.9661   1235.801   1248.969     4.1030   3.317161    34.9661     0.0273 1.0000e-12    -0.0306   100.7670      98.63    249.277     5.7366 1.5057e+01          1         12 0.0000e+00
   39.00246  -69.00178     4.1032   3.317213    34.9660   1236.785   1249.966     4.1030   3.317211    34.9663     0.0432 1.0000e-12    -0.0307   100.7691      98.62    249.022     5.7308 1.4685e+01          1         12 0.0000e+00
   39.00246  -69.00178     4.1028   3.317223    34.9661   1237.780   1250.974     4.1027   3.317233    34.9663     0.0584 1.0000e-12    -0.0306   100.7670      98.62    249.113     5.7328 1.5057e+01          1         12 0.0000e+00
   39.00246  -69.00178     4.1027   3.317259    34.9661   1238.786   1251.995     4.1024   3.317254    34.9664     0.0339 1.0000e-12    -0.0308   100.7729      98.62    249.062     5.7317 1.4414e+01          1         13 0.0000e+00
   39.00246  -69.00178     4.1026   3.317305    34.9663   1239.799   1253.022     4.1022   3.317278    34.9664     0.0143 1.0000e-12    -0.0307   100.7704      98.62    249.302     5.7372 1.5020e+01          1         15 0.0000e+00
   39.00248  -69.00176     4.1021   3.317289    34.9661   1240.853   1254.089     4.1018   3.317282    34.9663     0.0051 1.0000e-12    -0.0305   100.7642      98.63    248.811     5.7259 1.4260e+01          1         28 0.0000e+00
   39.00248  -69.00176     4.1025   3.317348    34.9659   1241.645   1254.893     4.1020   3.317324    34.9662     0.0405 1.0000e-12    -0.0309   100.7752      98.62    248.376     5.7159 1.4618e+01          1         47 0.0000e+00
   39.00248  -69.00177     4.1017   3.317325    34.9659   1242.742   1256.005     4.1014   3.317324    34.9662     0.0190 1.0000e-12    -0.0311   100.7807      98.62    248.724     5.7239 1.4425e+01          1         45 0.0000e+00
   39.00248  -69.00178     4.1015   3.317371    34.9662   1243.665   1256.940     4.1013   3.317358    34.9663    -0.0001 1.0000e-12    -0.0319   100.8004      98.63    248.717     5.7237 1.4165e+01          1         20 0.0000e+00
   39.00248  -69.00178     4.1012   3.317389    34.9663   1244.650   1257.938     4.1009   3.317386    34.9665     0.0046 1.0000e-12    -0.0317   100.7945      98.63    248.741     5.7243 1.4659e+01          1         14 0.0000e+00
   39.00248  -69.00178     4.1007   3.317388    34.9663   1245.648   1258.951     4.1005   3.317388    34.9665     0.0438 1.0000e-12    -0.0314   100.7863      98.62    249.025     5.7308 1.4871e+01          1         12 0.0000e+00
   39.00248  -69.00178     4.1007   3.317424    34.9662   1246.649   1259.965     4.1005   3.317432    34.9665     0.0408 1.0000e-12    -0.0315   100.7904      98.63    248.973     5.7296 1.4804e+01          1         11 0.0000e+00
   39.00248  -69.00178     4.0996   3.317366    34.9662   1247.679   1261.010     4.0993   3.317376    34.9666     0.0273 1.0000e-12    -0.0309   100.7734      98.62    248.837     5.7265 1.4500e+01          1         12 0.0000e+00
   39.00248  -69.00178     4.0973   3.317161    34.9657   1248.682   1262.026     4.0970   3.317198    34.9665     0.0282 1.0000e-12    -0.0309   100.7740      98.63    249.051     5.7314 1.4601e+01          1         11 0.0000e+00
   39.00248  -69.00178     4.0943   3.316932    34.9658   1249.671   1263.028     4.0940   3.316955    34.9664     0.0192 1.0000e-12    -0.0303   100.7601      98.62    248.997     5.7302 1.5020e+01          1         15 0.0000e+00
   39.00250  -69.00176     4.0940   3.316926    34.9654   1250.844   1264.218     4.0929   3.316835    34.9655     0.0234 1.0000e-12    -0.0305   100.7642      98.63    248.617     5.7214 1.4775e+01          1         93 0.0000e+00
   39.00250  -69.00176     4.0941   3.316965    34.9654   1251.541   1264.924     4.0923   3.316845    34.9659     0.0234 1.0000e-12    -0.0301   100.7562      98.63    248.842     5.7266 1.4751e+01          1         31 0.0000e+00
   39.00250  -69.00178     4.0901   3.316650    34.9654   1252.564   1265.962     4.0898   3.316667    34.9660     0.0194 1.0000e-12    -0.0305   100.7656      98.63    248.885     5.7276 1.4500e+01          1         18 0.0000e+00
   39.00250  -69.00178     4.0875   3.316438    34.9652   1253.552   1266.963     4.0872   3.316472    34.9660     0.0199 1.0000e-12    -0.0303   100.7611      98.63    249.376     5.7389 1.4585e+01          1         13 0.0000e+00
   39.00250  -69.00178     4.0858   3.316322    34.9652   1254.533   1267.958     4.0854   3.316350    34.9659     0.0200 1.0000e-12    -0.0305   100.7649      98.62    249.211     5.7351 1.4500e+01          1         12 0.0000e+00
   39.00250  -69.00178     4.0842   3.316231    34.9653   1255.549   1268.987     4.0840   3.316230    34.9655     0.0215 1.0000e-12    -0.0307   100.7693      98.63    249.274     5.7365 1.4398e+01          1         11 0.0000e+00
   39.00250  -69.00178     4.0835   3.316193    34.9652   1256.558   1270.011     4.0830   3.316182    34.9655     0.0282 1.0000e-12    -0.0299   100.7506      98.63    249.160     5.7339 1.3790e+01          1         11 0.0000e+00
   39.00250  -69.00178     4.0829   3.316190    34.9652   1257.549   1271.015     4.0825   3.316170    34.9653     0.0282 1.0000e-12    -0.0297   100.7460      98.63    249.188     5.7346 1.4804e+01          1         11 0.0000e+00
   39.00250  -69.00178     4.0819   3.316127    34.9650   1258.516   1271.995     4.0817   3.316149    34.9655     0.0266 1.0000e-12    -0.0301   100.7551      98.62    249.289     5.7369 1.4414e+01          1         13 0.0000e+00
   39.00250  -69.00178     4.0804   3.316025    34.9649   1259.560   1273.053     4.0802   3.316044    34.9653     0.0252 1.0000e-12    -0.0299   100.7511      98.63    248.966     5.7294 1.4553e+01          1         21 0.0000e+00
   39.00252  -69.00176     4.0819   3.316194    34.9648   1260.267   1273.770     4.0810   3.316122    34.9649     0.0198 1.0000e-12    -0.0300   100.7541      98.63    248.839     5.7265 1.4453e+01          1         48 0.0000e+00
   39.00252  -69.00176     4.0789   3.315954    34.9646   1261.482   1275.002     4.0782   3.315968    34.9655     0.0221 1.0000e-12    -0.0302   100.7567      98.62    249.339     5.7380 1.4871e+01          1         15 0.0000e+00
   39.00252  -69.00176     4.0774   3.315855    34.9645   1262.464   1275.998     4.0770   3.315867    34.9651     0.0140 1.0000e-12    -0.0302   100.7578      98.63    249.407     5.7396 1.4021e+01          1         14 0.0000e+00
   39.00252  -69.00178     4.0736   3.315535    34.9644   1263.470   1277.017     4.0732   3.315578    34.9654     0.0136 1.0000e-12    -0.0305   100.7650      98.63    249.362     5.7386 1.4070e+01          1         13 0.0000e+00
   39.00252  -69.00178     4.0714   3.315377    34.9644   1264.449   1278.010     4.0710   3.315371    34.9647     0.0108 1.0000e-12    -0.0304   100.7623      98.62    249.466     5.7410 1.4804e+01          1         11 0.0000e+00
   39.00252  -69.00178     4.0708   3.315352    34.9642   1265.391   1278.964     4.0704   3.315350    34.9646     0.0248 1.0000e-12    -0.0307   100.7691      98.63    249.378     5.7389 1.4314e+01          1         12 0.0000e+00
   39.00252  -69.00178     4.0702   3.315346    34.9643   1266.383   1279.971     4.0699   3.315328    34.9643     0.0349 1.0000e-12    -0.0307   100.7688      98.61    249.081     5.7321 1.4021e+01          1         14 0.0000e+00
   39.00252  -69.00178     4.0684   3.315197    34.9638   1267.504   1281.108     4.0681   3.315200    34.9643     0.0202 1.0000e-12    -0.0308   100.7721      98.64    248.886     5.7276 1.4723e+01          1         25 0.0000e+00
   39.00253  -69.00177     4.0688   3.315254    34.9637   1268.181   1281.794     4.0674   3.315169    34.9642     0.0199 1.0000e-12    -0.0309   100.7738      98.63    249.162     5.7340 1.4500e+01          1         34 0.0000e+00
   39.00254  -69.00176     4.0648   3.314955    34.9638   1269.400   1283.029     4.0643   3.314948    34.9642     0.0127 1.0000e-12    -0.0306   100.7670      98.64    249.621     5.7445 1.4778e+01          1         16 0.0000e+00
   39.00254  -69.00176     4.0647   3.314987    34.9638   1270.397   1284.040     4.0643   3.314982    34.9642     0.0134 1.0000e-12    -0.0307   100.7688      98.62    249.428     5.7401 1.5137e+01          1         14 0.0000e+00
   39.00254  -69.00176     4.0641   3.314987    34.9639   1271.330   1284.986     4.0638   3.314957    34.9639     0.0346 1.0000e-12    -0.0305   100.7654      98.61    249.443     5.7404 1.4778e+01          1         16 0.0000e+00
   39.00254  -69.00176     4.0638   3.314998    34.9638   1272.335   1286.005     4.0635   3.315003    34.9642     0.0185 1.0000e-12    -0.0305   100.7657      98.63    248.856     5.7269 1.5057e+01          1         20 0.0000e+00
   39.00254  -69.00176     4.0627   3.314941    34.9638   1273.311   1286.994     4.0624   3.314934    34.9640     0.0155 1.0000e-12    -0.0305   100.7658      98.62    248.744     5.7244 1.4702e+01          1         22 0.0000e+00
   39.00254  -69.00178     4.0631   3.315024    34.9638   1274.339   1288.037     4.0627   3.315005    34.9640     0.0189 1.0000e-12    -0.0300   100.7521      98.63    248.858     5.7270 1.4676e+01          1         38 0.0000e+00
   39.00254  -69.00178     4.0654   3.315334    34.9644   1275.234   1288.945     4.0650   3.315299    34.9644     0.0202 1.0000e-12    -0.0309   100.7754      98.63    249.097     5.7325 1.4257e+01          1         46 0.0000e+00
   39.00254  -69.00178     4.0663   3.315499    34.9649   1276.243   1289.967     4.0660   3.315481    34.9650     0.0133 1.0000e-12    -0.0307   100.7691      98.63    249.269     5.7364 1.4964e+01          1         24 0.0000e+00
   39.00254  -69.00178     4.0652   3.315442    34.9648   1277.288   1291.027     4.0651   3.315464    34.9652     0.0196 1.0000e-12    -0.0315   100.7895      98.62    249.246     5.7359 1.4360e+01          1         16 0.0000e+00
   39.00254  -69.00178     4.0640   3.315372    34.9648   1278.281   1292.034     4.0638   3.315371    34.9651     0.0219 1.0000e-12    -0.0305   100.7652      98.62    249.534     5.7425 1.4978e+01          1         14 0.0000e+00
   39.00254  -69.00178     4.0633   3.315338    34.9646   1279.252   1293.018     4.0630   3.315342    34.9650     0.0277 1.0000e-12    -0.0306   100.7670      98.63    249.394     5.7393 1.4585e+01          1         13 0.0000e+00
   39.00254  -69.00178     4.0620   3.315250    34.9645   1280.220   1293.999     4.0617   3.315262    34.9650     0.0226 1.0000e-12    -0.0309   100.7739      98.63    249.182     5.7344 1.4574e+01          1         15 0.0000e+00
   39.00254  -69.00178     4.0609   3.315191    34.9645   1281.245   1295.039     4.0606   3.315179    34.9647     0.0134 1.0000e-12    -0.0306   100.7670      98.62    249.175     5.7343 1.4565e+01          1         17 0.0000e+00
   39.00254  -69.00178     4.0604   3.315181    34.9644   1282.220   1296.027     4.0602   3.315176    34.9647     0.0265 1.0000e-12    -0.0308   100.7716      98.63    248.988     5.7300 1.4420e+01          1         28 0.0000e+00
   39.00254  -69.00178     4.0584   3.315036    34.9644   1283.150   1296.970     4.0582   3.315041    34.9647     0.0207 1.0000e-12    -0.0306   100.7670      98.63    248.937     5.7288 1.4360e+01          1         32 0.0000e+00
   39.00256  -69.00176     4.0573   3.314976    34.9644   1284.177   1298.012     4.0571   3.314977    34.9646     0.0201 1.0000e-12    -0.0307   100.7703      98.62    249.188     5.7346 1.4895e+01          1         31 0.0000e+00
   39.00256  -69.00176     4.0566   3.314958    34.9643   1285.121   1298.968     4.0564   3.314952    34.9645     0.0313 1.0000e-12    -0.0308   100.7729      98.63    248.861     5.7271 1.5041e+01          1         35 0.0000e+00
   39.00256  -69.00176     4.0563   3.314978    34.9644   1286.162   1300.024     4.0560   3.314972    34.9646     0.0299 1.0000e-12    -0.0308   100.7711      98.63    248.953     5.7292 1.4812e+01          1         25 0.0000e+00
   39.00256  -69.00176     4.0560   3.314990    34.9643   1287.158   1301.033     4.0558   3.314986    34.9645     0.0325 1.0000e-12    -0.0309   100.7743      98.63    248.777     5.7251 1.4659e+01          1         21 0.0000e+00
   39.00256  -69.00179     4.0556   3.314996    34.9643   1288.110   1301.999     4.0553   3.314992    34.9646     0.0213 1.0000e-12    -0.0307   100.7694      98.63    248.567     5.7203 1.4021e+01          1         21 0.0000e+00
   39.00256  -69.00180     4.0554   3.315017    34.9643   1289.089   1302.992     4.0549   3.314988    34.9645     0.0427 1.0000e-12    -0.0305   100.7636      98.63    248.992     5.7301 1.4354e+01          1         23 0.0000e+00
   39.00256  -69.00180     4.0547   3.314995    34.9643   1290.069   1303.984     4.0543   3.314972    34.9644     0.0436 1.0000e-12    -0.0304   100.7614      98.62    248.939     5.7288 1.4257e+01          1         23 0.0000e+00
   39.00256  -69.00180     4.0538   3.314951    34.9642   1291.050   1304.980     4.0534   3.314958    34.9647     0.0300 1.0000e-12    -0.0307   100.7699      98.62    249.026     5.7308 1.4623e+01          1         18 0.0000e+00
   39.00256  -69.00180     4.0506   3.314687    34.9640   1292.053   1305.997     4.0502   3.314704    34.9646     0.0182 1.0000e-12    -0.0309   100.7750      98.63    249.046     5.7313 1.4918e+01          1         16 0.0000e+00
   39.00256  -69.00180     4.0492   3.314601    34.9640   1293.074   1307.032     4.0490   3.314611    34.9644     0.0059 1.0000e-12    -0.0309   100.7756      98.63    249.157     5.7339 1.4276e+01          1         15 0.0000e+00
   39.00256  -69.00179     4.0487   3.314590    34.9639   1294.071   1308.043     4.0484   3.314580    34.9641     0.0127 1.0000e-12    -0.0299   100.7509      98.62    249.260     5.7362 1.4500e+01          1         16 0.0000e+00
   39.00256  -69.00178     4.0476   3.314525    34.9638   1295.076   1309.062     4.0474   3.314531    34.9640     0.0269 1.0000e-12    -0.0293   100.7354      98.62    249.319     5.7376 1.4242e+01          1         26 0.0000e+00
   39.00256  -69.00178     4.0461   3.314399    34.9635   1295.843   1309.839     4.0458   3.314390    34.9637     0.0206 1.0000e-12    -0.0304   100.7616      98.63    248.963     5.7294 1.4199e+01          1         52 0.0000e+00
   39.00256  -69.00178     4.0444   3.314327    34.9638   1296.952   1310.964     4.0442   3.314323    34.9640     0.0165 1.0000e-12    -0.0300   100.7541      98.62    249.204     5.7349 1.5007e+01          1         22 0.0000e+00
   39.00256  -69.00179     4.0443   3.314378    34.9640   1298.056   1312.083     4.0440   3.314357    34.9640     0.0193 1.0000e-12    -0.0306   100.7678      98.63    249.293     5.7370 1.4430e+01          1         32 0.0000e+00
   39.00256  -69.00180     4.0443   3.314430    34.9642   1298.753   1312.790     4.0441   3.314418    34.9643     0.0234 1.0000e-12    -0.0308   100.7715      98.62    249.061     5.7317 1.4653e+01          1         51 0.0000e+00
