Data/ruptures/KN207-01/QL-1/20701037.cnv
* Sea-Bird SBE 9 Data File:
* FileName = C:\Data\ctd\20701037.hex
* Software Version Seasave V 7.21e
* Temperature SN = 4406
* Conductivity SN = 1474
* Number of Bytes Per Scan = 40
* Number of Voltage Words = 5
* Number of Scans Averaged by the Deck Unit = 1
* NMEA Latitude = 38 48.51 N
* NMEA Longitude = 069 07.19 W
* NMEA UTC (Time) = Apr 26 2012 12:08:14
** R/V Knorr Cruise # KN207-01 QL1
** Chief Scientist: Ben Van Mooy
# nquan = 21
# nvalues = 400                         
# units = specified
# name 0 = latitude: Latitude [deg]
# name 1 = longitude: Longitude [deg]
# name 2 = t090C: Temperature [ITS-90, deg C]
# name 3 = c0S/m: Conductivity [S/m]
# name 4 = sal00: Salinity, Practical [PSU]
# name 5 = depSM: Depth [salt water, m]
# name 6 = prDM: Pressure, Digiquartz [db]
# name 7 = t190C: Temperature, 2 [ITS-90, deg C]
# name 8 = c1S/m: Conductivity, 2 [S/m]
# name 9 = sal11: Salinity, Practical, 2 [PSU]
# name 10 = flECO-AFL: Fluorescence, WET Labs ECO-AFL/FL [mg/m^3]
# name 11 = par: PAR/Irradiance, Biospherical/Licor
# name 12 = bat: Beam Attenuation, Chelsea/Seatech [1/m]
# name 13 = xmiss: Beam Transmission, Chelsea/Seatech [%]
# name 14 = altM: Altimeter [m]
# name 15 = sbeox0Mm/Kg: Oxygen, SBE 43 [umol/kg]
# name 16 = sbeox0ML/L: Oxygen, SBE 43 [ml/l]
# name 17 = spar: SPAR/Surface Irradiance
# name 18 = pumps: Pump Status
# name 19 = nbin: number of scans per bin
# name 20 = flag: flag
# span 0 =   38.80804,   38.80862       
# span 1 =  -69.12182,  -69.11996       
# span 2 =    11.2356,    14.7307       
# span 3 =   3.512450,   4.360906       
# span 4 =    29.9088,    35.8284       
# span 5 =      2.437,    199.956       
# span 6 =      2.455,    201.577       
# span 7 =    11.2475,    14.7306       
# span 8 =   3.727986,   4.361106       
# span 9 =    31.9771,    35.8307       
# span 10 =     0.0017,     2.7699      
# span 11 = 1.0000e-12, 1.4295e+01      
# span 12 =    -0.0140,     0.4312      
# span 13 =    89.8244,   100.3509      
# span 14 =      28.88,      98.70      
# span 15 =    140.054,    462.367      
# span 16 =     3.2202,    10.6176      
# span 17 = 2.2159e+03, 2.3065e+03      
# span 18 =          1,          1      
# span 19 =          1,        971      
# span 20 = 0.0000e+00, 0.0000e+00      
# interval = decibars: 1                
# start_time = Apr 26 2012 12:08:14 [NMEA time, header]
# bad_flag = -9.990e-29
*END*
[from data line 345]
   38.80818  -69.12106    12.6219   4.061750    35.0016     55.600     56.031    12.6253   4.063032    35.0113     0.1612 9.0503e-03     0.0135    99.6632      47.83    234.595     5.3920 2.2699e+03          1         52 0.0000e+00
   38.80818  -69.12108    12.5775   4.055381    34.9811     54.576     54.999    12.5746   4.056246    34.9926     0.1770 1.5673e-03     0.0153    99.6192      98.59    236.324     5.4317 2.2698e+03          1         49 0.0000e+00
   38.80818  -69.12108    12.4342   4.037637    34.9456     53.608     54.023    12.5057   4.047973    34.9775     0.2024 8.8293e-03     0.0182    99.5463      71.93    237.203     5.4519 2.2731e+03          1         41 0.0000e+00
   38.80818  -69.12109    12.2987   4.019429    34.8976     52.550     52.956    12.4012   4.032442    34.9262     0.2138 1.4769e-03     0.0209    99.4786      49.50    237.920     5.4683 2.2757e+03          1         41 0.0000e+00
   38.80818  -69.12110    12.2426   4.011960    34.8766     51.571     51.970    12.3349   4.023761    34.9040     0.2207 6.0798e-03     0.0234    99.4174      98.59    239.759     5.5105 2.2693e+03          1         54 0.0000e+00
   38.80818  -69.12110    12.2008   4.006134    34.8582     50.652     51.044    12.2536   4.014777    34.8930     0.2604 1.2898e-02     0.0237    99.4089      78.69    241.269     5.5452 2.2720e+03          1         48 0.0000e+00
   38.80818  -69.12110    12.1150   3.994641    34.8273     49.621     50.005    12.1507   4.000051    34.8472     0.2673 8.7665e-03     0.0254    99.3674      70.38    241.804     5.5575 2.2758e+03          1         38 0.0000e+00
   38.80818  -69.12110    11.9729   3.975921    34.7798     48.605     48.981    11.9764   3.978132    34.7994     0.2655 6.7864e-03     0.0303    99.2457      98.70    242.246     5.5676 2.2748e+03          1         38 0.0000e+00
   38.80818  -69.12110    11.9160   3.967549    34.7504     47.615     47.983    11.9098   3.967105    34.7530     0.3269 1.7246e-02     0.0343    99.1459      98.60    243.247     5.5905 2.2695e+03          1         61 0.0000e+00
   38.80818  -69.12110    11.8806   3.963269    34.7405     46.681     47.042    11.9013   3.966425    34.7522     0.3275 1.4659e-02     0.0335    99.1669      98.59    245.607     5.6447 2.2720e+03          1         44 0.0000e+00
   38.80818  -69.12110    11.7860   3.950105    34.7012     45.662     46.014    11.8125   3.953953    34.7140     0.3326 1.2000e-02     0.0387    99.0372      98.60    245.433     5.6407 2.2762e+03          1         41 0.0000e+00
   38.80818  -69.12112    11.6721   3.935338    34.6643     44.661     45.006    11.7111   3.941859    34.6916     0.3660 1.5454e-02     0.0465    98.8449      55.88    247.231     5.6820 2.2745e+03          1         40 0.0000e+00
   38.80818  -69.12112    11.6259   3.928350    34.6382     43.624     43.961    11.5995   3.926005    34.6412     0.4256 9.9236e-03     0.0532    98.6782      98.60    249.879     5.7427 2.2706e+03          1         50 0.0000e+00
   38.80818  -69.12112    11.5393   3.918063    34.6182     42.701     43.031    11.5794   3.923133    34.6300     0.4695 1.8511e-02     0.0611    98.4840      98.60    252.469     5.8023 2.2730e+03          1         54 0.0000e+00
   38.80818  -69.12112    11.4502   3.906117    34.5844     41.674     41.995    11.4909   3.912047    34.6045     0.5732 3.3022e-02     0.0703    98.2574      98.60    253.085     5.8164 2.2774e+03          1         38 0.0000e+00
   38.80818  -69.12112    11.4144   3.901102    34.5680     40.654     40.968    11.4472   3.905670    34.5822     0.6318 4.0092e-02     0.0817    97.9794      98.60    255.105     5.8628 2.2717e+03          1         45 0.0000e+00
   38.80817  -69.12113    11.3917   3.897672    34.5545     39.701     40.007    11.4019   3.899672    34.5651     0.7394 3.9893e-02     0.0885    97.8114      98.60    256.192     5.8877 2.2691e+03          1         49 0.0000e+00
   38.80816  -69.12114    11.3438   3.891602    34.5393     38.687     38.985    11.3531   3.892901    34.5438     0.8035 3.9466e-02     0.0985    97.5674      98.60    256.271     5.8895 2.2727e+03          1         51 0.0000e+00
   38.80816  -69.12114    11.3352   3.889718    34.5281     37.762     38.053    11.3447   3.891581    34.5378     0.9036 2.8450e-02     0.1110    97.2637      89.65    256.613     5.8973 2.2800e+03          1         35 0.0000e+00
   38.80816  -69.12116    11.3296   3.887952    34.5156     36.716     36.999    11.3425   3.890320    34.5270     0.9622 2.6203e-02     0.1263    96.8935      98.60    258.704     5.9453 2.2774e+03          1         35 0.0000e+00
   38.80816  -69.12116    11.3194   3.885899    34.5044     35.736     36.011    11.3234   3.887029    34.5121     1.1056 7.5120e-02     0.1549    96.2029      98.60    261.480     6.0091 2.2717e+03          1         76 0.0000e+00
   38.80816  -69.12116    11.3160   3.885165    34.4998     34.793     35.061    11.3204   3.886068    34.5048     1.3818 1.1337e-01     0.1545    96.2118      62.03    263.469     6.0548 2.2758e+03          1         44 0.0000e+00
   38.80816  -69.12116    11.3094   3.882814    34.4827     33.648     33.907    11.3135   3.884073    34.4915     1.5447 1.2614e-01     0.1903    95.3534      98.60    264.567     6.0799 2.2786e+03          1         73 0.0000e+00
   38.80816  -69.12118    11.2406   3.868180    34.4032     32.817     33.069    11.2523   3.871043    34.4205     1.9673 1.2445e-01     0.1944    95.2566      98.60    265.542     6.1020 2.2733e+03          1        109 0.0000e+00
   38.80816  -69.12118    11.2420   3.868077    34.4002     31.754     31.999    11.2565   3.870432    34.4098     2.3755 1.9095e-01     0.2161    94.7415      98.60    265.416     6.0991 2.2778e+03          1         67 0.0000e+00
   38.80816  -69.12119    11.2445   3.866140    34.3784     30.919     31.156    11.2504   3.866904    34.3805     2.3887 2.1634e-01     0.2779    93.2895      98.60    266.280     6.1189 2.2770e+03          1        117 0.0000e+00
   38.80814  -69.12125    11.3339   3.873179    34.3640     30.095     30.326    11.3300   3.874029    34.3761     2.4874 3.1726e-01     0.2639    93.6157      97.31    268.966     6.1804 2.2798e+03          1        971 0.0000e+00
   38.80814  -69.12130    11.3675   3.871640    34.3184     28.879     29.101    11.3709   3.872088    34.3194     2.6971 4.2181e-01     0.2804    93.2309      78.34    272.223     6.2550 2.2844e+03          1         84 0.0000e+00
   38.80813  -69.12131    11.3704   3.870837    34.3082     27.768     27.982    11.3742   3.870781    34.3039     2.5645 4.6079e-01     0.2835    93.1588      98.61    272.024     6.2504 2.2813e+03          1         37 0.0000e+00
   38.80812  -69.12132    11.3878   3.869171    34.2756     26.818     27.024    11.3896   3.869565    34.2778     2.7699 4.3651e-01     0.2845    93.1341      98.61    272.905     6.2705 2.2824e+03          1         77 0.0000e+00
   38.80812  -69.12132    11.4373   3.869826    34.2355     25.813     26.011    11.4321   3.869730    34.2395     2.6638 5.8011e-01     0.2845    93.1357      98.61    273.408     6.2818 2.2882e+03          1         39 0.0000e+00
   38.80812  -69.12132    11.4717   3.871795    34.2231     24.696     24.886    11.4979   3.872654    34.2067     2.5492 7.5105e-01     0.2805    93.2278      98.61    274.550     6.3079 2.2811e+03          1         69 0.0000e+00
   38.80812  -69.12133    11.5402   3.874951    34.1902     23.891     24.075    11.5349   3.874714    34.1931     2.6070 8.5546e-01     0.2793    93.2558      98.61    275.269     6.3242 2.2842e+03          1         50 0.0000e+00
   38.80812  -69.12134    11.5506   3.875616    34.1881     22.794     22.969    11.5779   3.877005    34.1759     2.3078 7.5017e-01     0.2773    93.3041      98.61    275.655     6.3330 2.2858e+03          1         37 0.0000e+00
   38.80812  -69.12134    11.6304   3.880282    34.1595     21.926     22.094    11.6467   3.881301    34.1544     2.2583 7.9153e-01     0.2675    93.5312      98.61    275.766     6.3354 2.2814e+03          1         80 0.0000e+00
   38.80812  -69.12134    11.6504   3.881621    34.1553     20.858     21.018    11.6830   3.883856    34.1466     2.0442 6.5165e-01     0.2669    93.5461      98.61    276.574     6.3539 2.2839e+03          1         32 0.0000e+00
   38.80812  -69.12134    11.7778   3.889577    34.1138     19.775     19.926    11.8251   3.892187    34.0952     2.0178 9.0485e-01     0.2702    93.4690      98.61    276.052     6.3415 2.2877e+03          1         43 0.0000e+00
   38.80812  -69.12135    11.8501   3.893333    34.0845     18.915     19.059    11.8551   3.893299    34.0800     1.9585 1.2318e+00     0.2836    93.1552      98.61    276.907     6.3610 2.2861e+03          1         62 0.0000e+00
   38.80812  -69.12136    11.8555   3.892763    34.0758     17.831     17.967    11.8824   3.893581    34.0588     1.9536 1.0912e+00     0.2901    93.0039      98.61    277.031     6.3638 2.2881e+03          1         38 0.0000e+00
   38.80812  -69.12136    11.9135   3.894869    34.0433     16.833     16.962    11.9351   3.895767    34.0322     1.8932 1.3741e+00     0.2952    92.8858      98.61    277.137     6.3660 2.2829e+03          1         52 0.0000e+00
   38.80812  -69.12136    11.9722   3.897313    34.0137     15.908     16.030    11.9776   3.897682    34.0127     1.9603 1.6617e+00     0.3054    92.6492      98.61    277.443     6.3728 2.2858e+03          1         50 0.0000e+00
   38.80812  -69.12136    12.0372   3.900395    33.9843     14.903     15.017    12.0204   3.899428    33.9911     1.8020 1.6952e+00     0.3108    92.5238      98.61    277.433     6.3723 2.2922e+03          1         37 0.0000e+00
   38.80812  -69.12137    12.1912   3.908992    33.9257     13.849     13.955    12.1410   3.905621    33.9400     1.7477 1.8352e+00     0.3044    92.6711      98.61    276.614     6.3531 2.2883e+03          1         56 0.0000e+00
   38.80812  -69.12138    12.2039   3.909919    33.9258     12.992     13.091    12.1917   3.908950    33.9276     1.5022 2.2170e+00     0.3071    92.6105      98.61    275.614     6.3301 2.2809e+03          1         76 0.0000e+00
   38.80812  -69.12138    12.2985   3.914873    33.8890     11.911     12.002    12.2601   3.912783    33.9041     1.3202 2.4262e+00     0.3036    92.6896      98.61    275.148     6.3191 2.2881e+03          1        129 0.0000e+00
   38.80812  -69.12140    12.2927   3.914319    33.8920     10.803     10.886    12.2645   3.912777    33.9027     1.2223 2.3814e+00     0.3037    92.6891      79.52    274.229     6.2980 2.2876e+03          1        114 0.0000e+00
   38.80810  -69.12142    12.2927   3.914117    33.8914      9.824      9.899    12.2850   3.913704    33.8939     1.1948 1.7046e+00     0.3040    92.6808      98.61    274.924     6.3140 2.2832e+03          1         67 0.0000e+00
   38.80810  -69.12142    12.2938   3.914146    33.8915      9.029      9.098    12.2853   3.913749    33.8952     1.2094 2.0092e+00     0.3026    92.7150      98.61    274.748     6.3099 2.2903e+03          1         67 0.0000e+00
   38.80810  -69.12143    12.3247   3.916040    33.8820      8.009      8.070    12.3140   3.915359    33.8850     1.1511 2.0117e+00     0.3029    92.7082      87.78    274.922     6.3138 2.2878e+03          1        147 0.0000e+00
   38.80810  -69.12144    12.3623   3.918165    33.8686      6.956      7.009    12.3675   3.918597    33.8676     1.0260 2.6503e+00     0.3015    92.7390      98.62    273.897     6.2902 2.2911e+03          1         53 0.0000e+00
   38.80810  -69.12151    12.3891   3.920097    33.8642      5.901      5.946    12.3810   3.919622    33.8670     0.9984 5.3974e+00     0.3006    92.7597      77.21    273.923     6.2907 2.2922e+03          1        821 0.0000e+00
   38.80807  -69.12171    12.4546   3.923370    33.8378      5.284      5.324    12.4630   3.923869    33.8348     0.8418 4.2696e+00     0.2987    92.8052      67.41    272.464     6.2570 2.2976e+03          1        182 0.0000e+00
   38.80804  -69.12179    12.4578   3.923323    33.8347      4.072      4.103    12.4565   3.923337    33.8360     0.8553 6.0564e+00     0.2980    92.8204      28.88    272.839     6.2656 2.2998e+03          1        210 0.0000e+00
   38.80804  -69.12182    12.4824   3.924311    33.8221      3.001      3.024    12.4663   3.923685    33.8308     0.8442 9.0223e+00     0.2965    92.8560      74.35    272.418     6.2559 2.3052e+03          1        106 0.0000e+00
   38.80804  -69.12182    12.4752   3.923930    33.8253      2.437      2.455    12.4736   3.923827    33.8256     0.8387 1.4295e+01     0.2968    92.8497      98.65    272.185     6.2505 2.3065e+03          1          1 0.0000e+00
