Data/ruptures/KN207-01/QL-1/20701015.cnv
* Sea-Bird SBE 9 Data File:
* FileName = C:\Data\ctd\20701015.hex
* Software Version Seasave V 7.21e
* Temperature SN = 4406
* Conductivity SN = 1474
* Number of Bytes Per Scan = 40
* Number of Voltage Words = 5
* Number of Scans Averaged by the Deck Unit = 1
* NMEA Latitude = 38 58.97 N
* NMEA Longitude = 069 00.03 W
* NMEA UTC (Time) = Apr 23 2012 18:06:59
** R/V Knorr Cruise # KN207-01 QL1
** Chief Scientist: Ben Van Mooy
# nquan = 21
# nvalues = 404                         
# units = specified
# name 0 = latitude: Latitude [deg]
# name 1 = longitude: Longitude [deg]
# name 2 = t090C: Temperature [ITS-90, deg C]
# name 3 = c0S/m: Conductivity [S/m]
# name 4 = sal00: Salinity, Practical [PSU]
# name 5 = depSM: Depth [salt water, m]
# name 6 = prDM: Pressure, Digiquartz [db]
# name 7 = t190C: Temperature, 2 [ITS-90, deg C]
# name 8 = c1S/m: Conductivity, 2 [S/m]
# name 9 = sal11: Salinity, Practical, 2 [PSU]
# name 10 = flECO-AFL: Fluorescence, WET Labs ECO-AFL/FL [mg/m^3]
# name 11 = par: PAR/Irradiance, Biospherical/Licor
# name 12 = bat: Beam Attenuation, Chelsea/Seatech [1/m]
# name 13 = xmiss: Beam Transmission, Chelsea/Seatech [%]
# name 14 = altM: Altimeter [m]
# name 15 = sbeox0Mm/Kg: Oxygen, SBE 43 [umol/kg]
# name 16 = sbeox0ML/L: Oxygen, SBE 43 [ml/l]
# name 17 = spar: SPAR/Surface Irradiance
# name 18 = pumps: Pump Status
# name 19 = nbin: number of scans per bin
# name 20 = flag: flag
# span 0 =   38.98264,   38.98364       
# span 1 =  -69.00076,  -69.00042       
# span 2 =    11.2370,    14.7185       
# span 3 =   3.879612,   6.457176       
# span 4 =    33.9064,    83.0864       
# span 5 =      1.068,    201.879       
# span 6 =      1.076,    203.519       
# span 7 =    11.2379,    14.7183       
# span 8 =   3.881491,   6.453982       
# span 9 =    33.9716,    83.0884       
# span 10 =     0.0025,     2.3762      
# span 11 = 3.9496e-04, 1.3689e+02      
# span 12 =    -0.0153,     1.3456      
# span 13 =    92.2602,   100.3846      
# span 14 =       1.75,      98.94      
# span 15 =    138.999,    442.177      
# span 16 =     3.1961,    10.1554      
# span 17 = 9.0778e+02, 2.8214e+03      
# span 18 =          0,          1      
# span 19 =          8,        770      
# span 20 = 0.0000e+00, 0.0000e+00      
# interval = decibars: 1                
# start_time = Apr 23 2012 18:06:59 [NMEA time, header]
# bad_flag = -9.990e-29
*END*
[from data line 207]
   38.98360  -69.00076    13.0371   4.178059    35.6574    195.420    197.005    13.0369   4.177370    35.6508     0.0123 6.5138e-04    -0.0145   100.3647      98.61    140.032     3.2199 1.9390e+03          1         20 0.0000e+00
   38.98359  -69.00075    13.0364   4.177762    35.6566    194.197    195.771    13.0303   4.177255    35.6575     0.0260 8.0557e-04    -0.0145   100.3637      98.61    141.610     3.2562 2.4838e+03          1        100 0.0000e+00
   38.98358  -69.00074    12.9957   4.173162    35.6526    193.558    195.127    13.0010   4.173531    35.6510     0.0415 9.5573e-04    -0.0144   100.3598      98.61    141.743     3.2592 2.7220e+03          1         44 0.0000e+00
   38.98358  -69.00074    13.0421   4.178248    35.6569    192.447    194.006    13.0582   4.179673    35.6549     0.0554 1.0305e-03    -0.0142   100.3557      98.61    140.709     3.2354 2.7962e+03          1         26 0.0000e+00
   38.98358  -69.00074    13.1344   4.188666    35.6679    191.433    192.983    13.1113   4.185836    35.6632     0.0288 1.0915e-03    -0.0147   100.3690      98.61    140.432     3.2290 2.8214e+03          1         29 0.0000e+00
   38.98358  -69.00074    13.1748   4.193075    35.6718    190.493    192.035    13.1602   4.190968    35.6658     0.0358 1.1427e-03    -0.0145   100.3643      98.61    141.260     3.2480 2.8156e+03          1         27 0.0000e+00
   38.98358  -69.00074    13.2324   4.199806    35.6812    189.477    191.011    13.2283   4.198331    35.6710     0.0414 1.1679e-03    -0.0145   100.3635      98.61    142.336     3.2728 2.6093e+03          1         23 0.0000e+00
   38.98358  -69.00074    13.3801   4.216634    35.6996    188.437    189.962    13.3444   4.210612    35.6768     0.0342 1.1750e-03    -0.0144   100.3605      98.61    142.722     3.2816 2.7883e+03          1         16 0.0000e+00
   38.98358  -69.00074    13.4506   4.224392    35.7065    187.471    188.988    13.4199   4.220479    35.6988     0.0219 1.2106e-03    -0.0143   100.3596      98.61    143.429     3.2978 2.7827e+03          1         20 0.0000e+00
   38.98356  -69.00074    13.4665   4.226375    35.7116    186.461    187.969    13.4630   4.225469    35.7061     0.0243 1.2438e-03    -0.0147   100.3675      98.60    144.638     3.3256 2.7513e+03          1         24 0.0000e+00
   38.98356  -69.00074    13.4777   4.227310    35.7111    185.494    186.994    13.4671   4.226357    35.7121     0.0346 1.2914e-03    -0.0145   100.3632      98.61    145.813     3.3526 2.6437e+03          1         24 0.0000e+00
   38.98356  -69.00074    13.4854   4.228332    35.7148    184.524    186.016    13.4791   4.227597    35.7136     0.0368 1.3450e-03    -0.0147   100.3685      98.61    146.554     3.3697 2.5645e+03          1         20 0.0000e+00
   38.98356  -69.00074    13.4982   4.229809    35.7177    183.483    184.966    13.4899   4.228436    35.7125     0.0219 1.4081e-03    -0.0152   100.3814      98.61    147.070     3.3815 2.7349e+03          1         20 0.0000e+00
   38.98356  -69.00074    13.4993   4.229854    35.7193    182.485    183.959    13.4991   4.229907    35.7199     0.0301 1.5084e-03    -0.0150   100.3757      98.61    147.255     3.3858 2.7745e+03          1         95 0.0000e+00
   38.98356  -69.00074    13.4927   4.229033    35.7196    181.546    183.012    13.5038   4.229891    35.7169     0.0079 1.5352e-03    -0.0148   100.3724      98.61    147.017     3.3803 2.5690e+03          1         20 0.0000e+00
   38.98356  -69.00074    13.5377   4.234131    35.7252    180.544    182.001    13.5297   4.232922    35.7214     0.0147 1.5665e-03    -0.0151   100.3799      98.62    146.798     3.3753 2.2784e+03          1         17 0.0000e+00
   38.98356  -69.00074    13.5772   4.238538    35.7297    179.556    181.005    13.5581   4.236036    35.7244     0.0446 1.5764e-03    -0.0151   100.3800      98.62    146.769     3.3746 2.2564e+03          1         18 0.0000e+00
   38.98356  -69.00072    13.5931   4.240239    35.7314    178.566    180.007    13.5828   4.238927    35.7288     0.0506 1.5821e-03    -0.0147   100.3679      98.61    146.833     3.3761 2.3530e+03          1         19 0.0000e+00
   38.98356  -69.00072    13.6033   4.241343    35.7329    177.600    179.032    13.5942   4.240265    35.7313     0.0300 1.5893e-03    -0.0146   100.3657      98.61    146.886     3.3773 2.3123e+03          1         18 0.0000e+00
   38.98356  -69.00072    13.6229   4.243573    35.7359    176.619    178.043    13.6038   4.241322    35.7329     0.0268 1.6041e-03    -0.0150   100.3754      98.61    147.040     3.3808 2.3453e+03          1         17 0.0000e+00
   38.98356  -69.00072    13.6464   4.246225    35.7392    175.604    177.019    13.6214   4.243057    35.7332     0.0360 1.6244e-03    -0.0153   100.3846      98.61    147.216     3.3848 2.3550e+03          1         16 0.0000e+00
   38.98356  -69.00072    13.6712   4.248972    35.7421    174.583    175.989    13.6644   4.247055    35.7303     0.0309 1.6319e-03    -0.0150   100.3763      98.61    147.458     3.3904 2.1498e+03          1         15 0.0000e+00
   38.98356  -69.00072    13.7160   4.254033    35.7476    173.580    174.978    13.6938   4.251379    35.7438     0.0337 1.6826e-03    -0.0145   100.3637      98.61    147.332     3.3875 2.2319e+03          1         16 0.0000e+00
   38.98356  -69.00072    13.7481   4.257371    35.7492    172.581    173.971    13.7551   4.257128    35.7399     0.0516 1.7122e-03    -0.0143   100.3586      98.62    147.332     3.3875 2.3241e+03          1         18 0.0000e+00
   38.98354  -69.00072    13.8060   4.264034    35.7580    171.469    172.849    13.7686   4.259911    35.7548     0.0347 1.7964e-03    -0.0145   100.3626      98.61    147.826     3.3988 2.3616e+03          1         52 0.0000e+00
   38.98354  -69.00072    13.6706   4.248557    35.7440    170.763    172.138    13.6707   4.248674    35.7446     0.0406 1.8654e-03    -0.0144   100.3617      98.61    148.007     3.4030 2.1935e+03          1         51 0.0000e+00
   38.98353  -69.00072    13.7236   4.255117    35.7556    169.661    171.026    13.8020   4.261744    35.7424     0.0133 1.9489e-03    -0.0145   100.3643      98.61    147.482     3.3909 2.1021e+03          1         21 0.0000e+00
   38.98352  -69.00072    13.9129   4.276286    35.7735    168.686    170.043    13.8867   4.271939    35.7578     0.0026 2.0095e-03    -0.0147   100.3686      98.62    146.774     3.3746 1.9489e+03          1         16 0.0000e+00
   38.98352  -69.00072    13.9833   4.284074    35.7801    167.697    169.045    13.9663   4.281190    35.7693     0.0338 2.1070e-03    -0.0136   100.3392      98.61    146.883     3.3771 1.9638e+03          1         14 0.0000e+00
   38.98352  -69.00072    14.0179   4.287828    35.7832    166.614    167.953    14.0038   4.285942    35.7790     0.0359 2.1795e-03    -0.0136   100.3392      98.61    147.504     3.3913 2.0951e+03          1         14 0.0000e+00
   38.98352  -69.00072    14.0371   4.290016    35.7864    165.631    166.962    14.0277   4.288445    35.7806     0.0357 2.1980e-03    -0.0143   100.3574      98.62    147.999     3.4027 2.0120e+03          1         15 0.0000e+00
   38.98352  -69.00072    14.0793   4.294548    35.7898    164.621    165.943    14.0547   4.291406    35.7838     0.0249 2.2878e-03    -0.0142   100.3557      98.61    148.220     3.4078 2.0727e+03          1         24 0.0000e+00
   38.98352  -69.00071    14.0809   4.294809    35.7926    163.727    165.042    14.0932   4.295972    35.7916     0.0193 2.3954e-03    -0.0141   100.3528      98.62    148.646     3.4175 2.2208e+03          1         45 0.0000e+00
   38.98352  -69.00070    14.1393   4.300921    35.7956    162.738    164.044    14.1332   4.299307    35.7863     0.0277 2.5271e-03    -0.0140   100.3501      98.61    148.553     3.4154 2.2204e+03          1         23 0.0000e+00
   38.98352  -69.00070    14.2072   4.308581    35.8034    161.704    163.002    14.1211   4.299050    35.7967     0.0365 2.6790e-03    -0.0136   100.3412      98.61    148.357     3.4109 2.2601e+03          1         16 0.0000e+00
   38.98352  -69.00070    14.2780   4.316071    35.8066    160.706    161.996    14.2580   4.311679    35.7845     0.0450 2.8082e-03    -0.0135   100.3369      98.62    148.171     3.4065 2.3224e+03          1         15 0.0000e+00
   38.98352  -69.00070    14.3478   4.323520    35.8105    159.729    161.011    14.3454   4.322472    35.8027     0.0302 2.9658e-03    -0.0142   100.3557      98.61    148.466     3.4133 2.3221e+03          1         14 0.0000e+00
   38.98352  -69.00070    14.3926   4.328334    35.8137    158.737    160.010    14.3855   4.326393    35.8022     0.0237 3.1423e-03     0.0089    99.7790      98.61    149.220     3.4306 2.2376e+03          1         16 0.0000e+00
   38.98352  -69.00070    14.4279   4.331980    35.8153    157.713    158.978    14.4082   4.329748    35.8132     0.0035 3.3224e-03     0.0032    99.9203      98.62    150.425     3.4583 2.1938e+03          1         17 0.0000e+00
   38.98350  -69.00073    14.4565   4.334994    35.8176    156.701    157.957    14.4397   4.332632    35.8114     0.0301 3.5622e-03    -0.0139   100.3476      98.61    152.122     3.4973 2.2006e+03          1         19 0.0000e+00
   38.98350  -69.00074    14.4694   4.336220    35.8183    155.731    156.979    14.4528   4.334331    35.8163     0.0501 3.8291e-03    -0.0141   100.3526      98.62    154.534     3.5527 2.2308e+03          1         25 0.0000e+00
   38.98350  -69.00074    14.4817   4.337428    35.8198    154.748    155.987    14.4642   4.335554    35.8187     0.0379 4.1961e-03    -0.0137   100.3432      98.61    156.590     3.6000 2.2849e+03          1         39 0.0000e+00
   38.98349  -69.00072    14.4527   4.334184    35.8199    153.948    155.180    14.4447   4.333412    35.8202     0.0260 4.5277e-03    -0.0141   100.3531      98.61    157.602     3.6233 2.6320e+03          1         90 0.0000e+00
   38.98348  -69.00070    14.5126   4.340185    35.8204    152.795    154.018    14.4885   4.337437    35.8175     0.0143 4.6481e-03    -0.0140   100.3506      98.62    155.790     3.5815 2.5803e+03          1         15 0.0000e+00
   38.98348  -69.00070    14.5304   4.341958    35.8206    151.820    153.035    14.5207   4.340317    35.8143     0.0195 4.7140e-03    -0.0136   100.3393      98.62    155.521     3.5753 2.4367e+03          1         11 0.0000e+00
   38.98348  -69.00070    14.5555   4.344636    35.8223    150.800    152.006    14.5396   4.342607    35.8183     0.0361 4.8787e-03    -0.0132   100.3300      98.62    155.654     3.5784 2.3239e+03          1         11 0.0000e+00
   38.98348  -69.00070    14.5957   4.349178    35.8267    149.762    150.960    14.5712   4.345699    35.8176     0.0352 5.1935e-03    -0.0136   100.3414      98.62    156.406     3.5957 2.5303e+03          1          9 0.0000e+00
   38.98348  -69.00070    14.6157   4.351304    35.8282    148.781    149.971    14.6026   4.349212    35.8209     0.0255 5.1710e-03    -0.0141   100.3528      98.61    157.459     3.6199 2.5595e+03          1          9 0.0000e+00
   38.98348  -69.00070    14.6229   4.352159    35.8299    147.770    148.951    14.6140   4.350892    35.8263     0.0231 5.6452e-03    -0.0138   100.3443      98.61    158.705     3.6485 2.5072e+03          1          9 0.0000e+00
   38.98347  -69.00071    14.6304   4.352926    35.8307    146.808    147.981    14.6270   4.352486    35.8295     0.0206 5.7302e-03    -0.0131   100.3271      98.61    160.085     3.6802 2.6773e+03          1          9 0.0000e+00
   38.98346  -69.00072    14.6373   4.353627    35.8313    145.799    146.963    14.6328   4.352932    35.8289     0.0055 5.7573e-03    -0.0130   100.3253      98.62    161.312     3.7084 2.6800e+03          1         11 0.0000e+00
   38.98346  -69.00072    14.6498   4.354925    35.8322    144.803    145.959    14.6439   4.353776    35.8269     0.0062 6.0317e-03    -0.0130   100.3253      98.62    162.558     3.7371 2.6989e+03          1         11 0.0000e+00
   38.98346  -69.00072    14.6644   4.356217    35.8311    143.852    145.000    14.6576   4.355586    35.8314     0.0274 6.3744e-03    -0.0131   100.3266      98.62    163.648     3.7621 2.7578e+03          1         15 0.0000e+00
   38.98346  -69.00072    14.6918   4.358198    35.8246    142.769    143.909    14.6777   4.356997    35.8266     0.0244 6.7237e-03    -0.0131   100.3276      98.61    165.245     3.7988 2.7912e+03          1         32 0.0000e+00
   38.98348  -69.00070    14.6635   4.355611    35.8308    141.917    143.049    14.6690   4.356154    35.8303     0.0232 7.4733e-03    -0.0138   100.3445      98.62    169.982     3.9077 2.6355e+03          1         16 0.0000e+00
   38.98348  -69.00070    14.6752   4.356363    35.8275    140.892    142.015    14.6579   4.355028    35.8313     0.0228 7.8516e-03    -0.0138   100.3464      98.63    170.963     3.9303 2.7634e+03          1         11 0.0000e+00
   38.98348  -69.00070    14.6666   4.355539    35.8286    139.911    141.026    14.6650   4.355248    35.8272     0.0209 8.0936e-03    -0.0140   100.3510      98.61    170.680     3.9238 2.7593e+03          1         11 0.0000e+00
   38.98348  -69.00070    14.6893   4.356702    35.8184    138.866    139.973    14.6904   4.356791    35.8179     0.0212 8.3765e-03    -0.0137   100.3428      98.62    169.968     3.9073 2.7561e+03          1         12 0.0000e+00
   38.98346  -69.00070    14.7012   4.356592    35.8067    137.860    138.958    14.6973   4.356611    35.8102     0.0255 8.6047e-03    -0.0133   100.3323      98.61    169.089     3.8871 2.7520e+03          1         11 0.0000e+00
   38.98346  -69.00070    14.6993   4.355590    35.7998    136.876    137.967    14.6981   4.355674    35.8014     0.0286 8.9230e-03    -0.0138   100.3465      98.62    168.262     3.8681 2.7443e+03          1         14 0.0000e+00
   38.98346  -69.00070    14.6935   4.354005    35.7912    135.910    136.993    14.6921   4.354885    35.8005     0.0229 9.1144e-03    -0.0136   100.3392      98.60    167.720     3.8556 2.7364e+03          1         14 0.0000e+00
   38.98346  -69.00070    14.6820   4.351450    35.7791    134.933    136.007    14.6842   4.353253    35.7935     0.0147 9.3222e-03    -0.0131   100.3285      98.62    169.025     3.8856 2.7265e+03          1         17 0.0000e+00
   38.98346  -69.00070    14.6689   4.348882    35.7685    133.924    134.990    14.6761   4.350842    35.7796     0.0290 9.4656e-03    -0.0132   100.3300      98.61    172.847     3.9734 2.7223e+03          1         19 0.0000e+00
   38.98346  -69.00070    14.6503   4.345415    35.7547    132.887    133.944    14.6616   4.348181    35.7693     0.0245 9.7352e-03    -0.0132   100.3300      98.62    178.224     4.0970 2.7138e+03          1         23 0.0000e+00
   38.98345  -69.00069    14.6419   4.343629    35.7466    131.878    132.927    14.6487   4.345322    35.7557     0.0211 1.0154e-02    -0.0126   100.3138      98.62    184.996     4.2526 2.5197e+03          1         35 0.0000e+00
   38.98344  -69.00068    14.6456   4.344159    35.7484    130.970    132.011    14.6473   4.344640    35.7511     0.0263 1.0929e-02    -0.0129   100.3224      98.62    191.738     4.4076 2.2795e+03          1         44 0.0000e+00
   38.98344  -69.00068    14.6409   4.343123    35.7437    129.956    130.989    14.6416   4.343415    35.7457     0.0216 1.2101e-02    -0.0130   100.3248      98.62    193.516     4.4485 2.7397e+03          1         49 0.0000e+00
   38.98344  -69.00068    14.6382   4.342354    35.7395    129.028    130.053    14.6401   4.342901    35.7428     0.0306 1.2768e-02    -0.0132   100.3293      98.62    193.745     4.4537 2.7106e+03          1         39 0.0000e+00
