Data/ruptures/KN207-01/QL-1/20701043.cnv
* Sea-Bird SBE 9 Data File:
* FileName = C:\Data\ctd\20701043.hex
* Software Version Seasave V 7.21e
* Temperature SN = 4406
* Conductivity SN = 1474
* Number of Bytes Per Scan = 40
* Number of Voltage Words = 5
* Number of Scans Averaged by the Deck Unit = 1
* NMEA Latitude = 38 45.09 N
* NMEA Longitude = 069 11.97 W
* NMEA UTC (Time) = Apr 27 2012 13:18:05
** R/V Knorr Cruise # KN207-01 QL1
** Chief Scientist: Ben Van Mooy
# nquan = 21
# nvalues = 396                         
# units = specified
# name 0 = latitude: Latitude [deg]
# name 1 = longitude: Longitude [deg]
# name 2 = t090C: Temperature [ITS-90, deg C]
# name 3 = c0S/m: Conductivity [S/m]
# name 4 = sal00: Salinity, Practical [PSU]
# name 5 = depSM: Depth [salt water, m]
# name 6 = prDM: Pressure, Digiquartz [db]
# name 7 = t190C: Temperature, 2 [ITS-90, deg C]
# name 8 = c1S/m: Conductivity, 2 [S/m]
# name 9 = sal11: Salinity, Practical, 2 [PSU]
# name 10 = flECO-AFL: Fluorescence, WET Labs ECO-AFL/FL [mg/m^3]
# name 11 = par: PAR/Irradiance, Biospherical/Licor
# name 12 = bat: Beam Attenuation, Chelsea/Seatech [1/m]
# name 13 = xmiss: Beam Transmission, Chelsea/Seatech [%]
# name 14 = altM: Altimeter [m]
# name 15 = sbeox0Mm/Kg: Oxygen, SBE 43 [umol/kg]
# name 16 = sbeox0ML/L: Oxygen, SBE 43 [ml/l]
# name 17 = spar: SPAR/Surface Irradiance
# name 18 = pumps: Pump Status
# name 19 = nbin: number of scans per bin
# name 20 = flag: flag
# span 0 =   38.74864,   38.75157       
# span 1 =  -69.19998,  -69.19942       
# span 2 =    11.2950,    14.7081       
# span 3 =   3.838772,   4.354077       
# span 4 =    33.1258,    35.7974       
# span 5 =      1.453,    198.276       
# span 6 =      1.464,    199.881       
# span 7 =    11.2939,    14.7078       
# span 8 =   3.873886,   4.354211       
# span 9 =    33.5739,    35.8060       
# span 10 =     0.0000,     2.3504      
# span 11 = 1.0000e-12, 2.6891e+01      
# span 12 =    -0.0079,     0.3095      
# span 13 =    92.5540,   100.1970      
# span 14 =      24.67,      98.68      
# span 15 =    141.846,    406.118      
# span 16 =     3.2614,     9.3259      
# span 17 = 1.2154e+02, 8.8728e+02      
# span 18 =          1,          1      
# span 19 =          4,       1738      
# span 20 = 0.0000e+00, 0.0000e+00      
# interval = decibars: 1                
# start_time = Apr 27 2012 13:18:05 [NMEA time, header]
# bad_flag = -9.990e-29
*END*
   38.75157  -69.19963    12.3417   3.838772    33.1258      3.916      3.946    12.3414   3.885337    33.5739     1.2950 3.0901e+00     0.3094    92.5569      98.54    312.005     7.1613 1.2154e+02          1         82 0.0000e+00
   38.75155  -69.19963    12.3331   3.875673    33.4883      4.885      4.922    12.3318   3.898426    33.7085     1.2723 2.8374e+00     0.3095    92.5558      86.26    330.277     7.5829 1.2415e+02          1         58 0.0000e+00
   38.75154  -69.19964    12.3278   3.885423    33.5863      5.844      5.888    12.3270   3.897023    33.6988     1.3586 2.3013e+00     0.3081    92.5872      98.55    352.119     8.0849 1.2385e+02          1         52 0.0000e+00
   38.75154  -69.19964    12.3253   3.892417    33.6553      6.973      7.026    12.3253   3.900527    33.7335     1.3230 2.1658e+00     0.3076    92.5962      98.55    384.410     8.8268 1.2732e+02          1         92 0.0000e+00
   38.75152  -69.19962    12.3128   3.900513    33.7445      7.960      8.021    12.3064   3.902417    33.7687     1.3553 1.5101e+00     0.3070    92.6119      98.55    406.118     9.3259 1.3012e+02          1         48 0.0000e+00
   38.75152  -69.19963    12.2606   3.901005    33.7969      8.944      9.012    12.2595   3.902217    33.8095     1.3937 1.7287e+00     0.3058    92.6400      98.55    347.372     7.9773 1.3264e+02          1         89 0.0000e+00
   38.75152  -69.19964    12.2525   3.900771    33.8011      9.852      9.927    12.2531   3.902778    33.8199     1.4254 1.6001e+00     0.3055    92.6462      98.55    253.454     5.8205 1.3703e+02          1         70 0.0000e+00
   38.75151  -69.19963    12.2504   3.900290    33.7977     10.891     10.974    12.2501   3.901582    33.8105     1.3972 1.3085e+00     0.3054    92.6495      98.55    249.212     5.7231 1.4161e+02          1         33 0.0000e+00
   38.75150  -69.19962    12.2490   3.898621    33.7822     12.016     12.108    12.2475   3.900742    33.8041     1.3713 1.1512e+00     0.3043    92.6732      98.55    253.198     5.8146 1.4438e+02          1         51 0.0000e+00
   38.75150  -69.19962    12.2325   3.899537    33.8058     12.801     12.898    12.2319   3.901081    33.8212     1.4653 1.1779e+00     0.3023    92.7211      98.55    236.082     5.4216 1.4779e+02          1         39 0.0000e+00
   38.75150  -69.19962    12.2167   3.897201    33.7971     13.992     14.099    12.2130   3.900956    33.8368     1.4383 1.0232e+00     0.3028    92.7102      98.51    233.613     5.3649 1.5188e+02          1         66 0.0000e+00
   38.75148  -69.19962    12.1960   3.898868    33.8317     14.827     14.941    12.1949   3.901679    33.8599     1.4723 8.8640e-01     0.3027    92.7125      96.81    242.908     5.5785 1.5595e+02          1         45 0.0000e+00
   38.75148  -69.19962    12.1827   3.899621    33.8507     15.923     16.045    12.1848   3.901369    33.8656     1.4513 7.8887e-01     0.3020    92.7280      98.55    237.845     5.4623 1.5778e+02          1         37 0.0000e+00
   38.75148  -69.19962    12.1849   3.897730    33.8297     16.621     16.748    12.1798   3.900859    33.8647     1.5351 6.8096e-01     0.3024    92.7183      98.55    238.243     5.4714 1.5939e+02          1         73 0.0000e+00
   38.75148  -69.19962    12.1541   3.900935    33.8885     17.834     17.970    12.1564   3.901841    33.8951     1.5148 3.3196e-01     0.2997    92.7822      98.55    221.042     5.0766 1.6228e+02          1         24 0.0000e+00
   38.75146  -69.19962    12.1511   3.898734    33.8695     18.837     18.981    12.1405   3.902036    33.9113     1.4977 4.6940e-01     0.2980    92.8208      98.55    220.801     5.0710 1.6340e+02          1         24 0.0000e+00
   38.75146  -69.19962    12.1574   3.897668    33.8526     19.940     20.093    12.1348   3.901638    33.9120     1.5285 5.1123e-01     0.3022    92.7244      98.55    234.541     5.3865 1.6457e+02          1         31 0.0000e+00
   38.75146  -69.19962    12.1701   3.895859    33.8229     20.618     20.776    12.1823   3.900484    33.8562     1.6358 4.4791e-01     0.2994    92.7897      98.55    229.336     5.2668 1.6429e+02          1        114 0.0000e+00
   38.75146  -69.19962    12.0819   3.900387    33.9483     21.814     21.981    12.0792   3.901145    33.9583     1.6063 4.0650e-01     0.2947    92.8957      98.54    211.949     4.8681 1.6730e+02          1         19 0.0000e+00
   38.75146  -69.19962    12.0445   3.901151    33.9901     22.854     23.029    12.0157   3.901254    34.0181     1.5807 3.6081e-01     0.2957    92.8730      98.55    211.852     4.8660 1.6815e+02          1         21 0.0000e+00
   38.75143  -69.19962    12.1344   3.897866    33.8732     24.005     24.189    12.0560   3.901837    33.9845     1.7119 3.2690e-01     0.2934    92.9275      98.55    231.280     5.3117 1.6703e+02          1        108 0.0000e+00
   38.75142  -69.19962    11.9658   3.898075    34.0326     24.756     24.945    11.9791   3.901769    34.0550     1.8258 2.2676e-01     0.2925    92.9472      98.55    221.182     5.0806 1.6881e+02          1         34 0.0000e+00
   38.75144  -69.19962    11.8416   3.895518    34.1232     25.810     26.008    11.8877   3.900604    34.1286     1.7830 3.1875e-01     0.2912    92.9774      98.55    215.293     4.9458 1.7111e+02          1         31 0.0000e+00
   38.75144  -69.19962    11.8636   3.896378    34.1091     26.814     27.020    11.7955   3.899295    34.2016     1.9034 2.3865e-01     0.2943    92.9061      98.55    221.164     5.0805 1.7164e+02          1         36 0.0000e+00
   38.75143  -69.19962    11.7101   3.897520    34.2639     27.845     28.059    11.6445   3.897924    34.3288     2.2733 2.1037e-01     0.2997    92.7816      95.72    236.632     5.4367 1.7266e+02          1         79 0.0000e+00
   38.75142  -69.19962    11.5357   3.896297    34.4146     28.739     28.959    11.5253   3.895685    34.4176     2.3504 1.9799e-01     0.3043    92.6742      91.91    222.638     5.1159 1.7465e+02          1         34 0.0000e+00
   38.75142  -69.19962    11.3874   3.893642    34.5281     29.869     30.098    11.4059   3.893557    34.5087     2.2795 1.7195e-01     0.2874    93.0667      61.31    214.541     4.9304 1.7570e+02          1         43 0.0000e+00
   38.75140  -69.19962    11.3267   3.894476    34.5908     30.534     30.768    11.3386   3.894544    34.5795     2.2928 1.4228e-01     0.2741    93.3778      77.66    215.209     4.9460 1.7855e+02          1         64 0.0000e+00
   38.75140  -69.19962    11.3036   3.890228    34.5683     31.764     32.008    11.3084   3.890519    34.5662     2.0785 6.8629e-02     0.2567    93.7843      98.55    214.415     4.9277 1.8113e+02          1         25 0.0000e+00
   38.75140  -69.19962    11.3019   3.891039    34.5761     32.819     33.071    11.3019   3.891820    34.5837     1.8647 9.9286e-02     0.2200    94.6497      98.68    214.594     4.9319 1.8274e+02          1         39 0.0000e+00
   38.75140  -69.19962    11.3087   3.893885    34.5957     33.735     33.995    11.3084   3.894345    34.6004     1.8835 1.0881e-01     0.2069    94.9589      79.63    218.176     5.0143 1.8300e+02          1         71 0.0000e+00
   38.75139  -69.19962    11.3108   3.897449    34.6271     34.736     35.003    11.3084   3.896734    34.6222     1.7964 9.4569e-02     0.1931    95.2864      98.55    212.746     4.8896 1.8627e+02          1         73 0.0000e+00
   38.75138  -69.19962    11.2950   3.896109    34.6278     35.649     35.924    11.2939   3.895664    34.6244     1.6506 8.1689e-02     0.1777    95.6554      98.56    203.695     4.6816 1.9112e+02          1         34 0.0000e+00
   38.75138  -69.19962    11.3291   3.893207    34.5653     36.715     36.997    11.3372   3.892437    34.5497     1.4307 6.2646e-02     0.1690    95.8630      98.56    200.874     4.6165 1.9255e+02          1         22 0.0000e+00
   38.75138  -69.19962    11.4414   3.895325    34.4777     37.735     38.026    11.3950   3.893680    34.5059     1.1673 5.2487e-02     0.1509    96.2979      98.55    201.107     4.6215 1.9354e+02          1         21 0.0000e+00
   38.75136  -69.19962    11.4910   3.900766    34.4846     38.754     39.053    11.5203   3.900295    34.4517     1.0257 6.6901e-02     0.1308    96.7859      98.55    209.935     4.8243 1.9530e+02          1        127 0.0000e+00
   38.75135  -69.19962    11.5981   3.899956    34.3742     39.690     39.996    11.6373   3.899479    34.3325     0.8062 2.3838e-02     0.1251    96.9231      98.55    204.978     4.7099 2.0235e+02          1         28 0.0000e+00
   38.75134  -69.19962    11.6843   3.901219    34.3047     40.686     41.000    11.6835   3.900519    34.2991     0.5694 2.0273e-02     0.0752    98.1389      98.55    202.177     4.6452 2.0499e+02          1         29 0.0000e+00
   38.75134  -69.19962    11.6975   3.903985    34.3198     41.713     42.035    11.7041   3.904144    34.3155     0.5237 2.8178e-02     0.0633    98.4301      98.55    202.417     4.6508 2.0633e+02          1         34 0.0000e+00
   38.75134  -69.19962    11.7136   3.908319    34.3481     42.824     43.155    11.7102   3.908738    34.3558     0.5275 5.1078e-02     0.0614    98.4758      98.55    205.399     4.7194 2.0780e+02          1         83 0.0000e+00
   38.75134  -69.19962    11.7169   3.912417    34.3863     43.556     43.892    11.7148   3.913084    34.3949     0.5310 4.3510e-02     0.0599    98.5148      98.55    210.171     4.8292 2.1617e+02          1         57 0.0000e+00
   38.75134  -69.19962    11.7266   3.917730    34.4292     44.638     44.982    11.7244   3.920846    34.4620     0.4636 4.5137e-02     0.0576    98.5702      98.56    207.860     4.7762 2.2157e+02          1         24 0.0000e+00
   38.75132  -69.19962    11.7545   3.920863    34.4332     45.659     46.011    11.7337   3.923611    34.4801     0.4578 4.2483e-02     0.0561    98.6077      81.40    206.504     4.7450 2.2325e+02          1         24 0.0000e+00
   38.75132  -69.19962    11.8949   3.924007    34.3313     46.757     47.118    11.8787   3.924100    34.3475     0.4219 2.5025e-02     0.0506    98.7423      95.62    202.974     4.6635 2.2525e+02          1         90 0.0000e+00
   38.75132  -69.19962    12.0411   3.926734    34.2212     47.608     47.976    12.0537   3.926515    34.2071     0.3946 3.9915e-02     0.0520    98.7091      98.55    197.162     4.5294 2.3062e+02          1         52 0.0000e+00
   38.75132  -69.19962    12.3001   3.930697    34.0178     48.612     48.988    12.3495   3.930841    33.9731     0.3116 3.6537e-02     0.0394    99.0190      98.56    194.234     4.4612 2.3835e+02          1         34 0.0000e+00
   38.75132  -69.19962    12.5728   3.932919    33.7876     49.635     50.019    12.6264   3.943516    33.8396     0.2788 3.4268e-02     0.0369    99.0815      98.55    193.136     4.4350 2.4155e+02          1         28 0.0000e+00
   38.75129  -69.19960    12.8649   3.937323    33.5643     50.696     51.088    12.9140   4.004047    34.1544     0.2554 3.2538e-02     0.0349    99.1324      98.56    192.066     4.4095 2.4309e+02          1         44 0.0000e+00
   38.75128  -69.19960    12.9530   3.953730    33.6462     51.381     51.778    12.9183   4.069091    34.7774     0.2559 3.2018e-02     0.0325    99.1906      98.56    188.888     4.3367 2.4502e+02          1         83 0.0000e+00
   38.75128  -69.19962    13.0101   4.038417    34.4025     52.629     53.036    13.0245   4.093260    34.9113     0.2267 2.9064e-02     0.0298    99.2568      98.56    188.822     4.3376 2.4872e+02          1         32 0.0000e+00
   38.75128  -69.19962    13.0847   4.084581    34.7750     53.494     53.907    13.0878   4.109897    35.0131     0.2055 2.7583e-02     0.0281    99.2994      98.55    218.298     5.0161 2.5447e+02          1         76 0.0000e+00
   38.75127  -69.19961    13.1781   4.105945    34.8922     54.538     54.960    13.1814   4.122256    35.0441     0.1955 2.6439e-02     0.0235    99.4154      98.56    242.367     5.5695 2.5664e+02          1         19 0.0000e+00
   38.75124  -69.19960    13.3040   4.123271    34.9381     55.541     55.971    13.3240   4.139679    35.0747     0.1679 2.5061e-02     0.0293    99.2713      98.56    237.980     5.4688 2.5680e+02          1         16 0.0000e+00
   38.75124  -69.19960    13.5337   4.153566    35.0085     56.588     57.026    13.5379   4.172005    35.1786     0.1537 2.3552e-02     0.0233    99.4198      98.56    232.747     5.3485 2.5601e+02          1         22 0.0000e+00
   38.75124  -69.19961    13.5205   4.175618    35.2326     57.342     57.786    13.5617   4.181826    35.2524     0.1616 2.2136e-02     0.0302    99.2478      91.99    229.050     5.2645 2.5533e+02          1         60 0.0000e+00
   38.75124  -69.19962    13.7116   4.201597    35.2991     58.569     59.023    13.7113   4.201356    35.2981     0.1542 1.9308e-02     0.0401    99.0030      98.55    226.965     5.2166 2.5890e+02          1         16 0.0000e+00
   38.75124  -69.19962    13.7116   4.201944    35.3033     59.609     60.071    13.7114   4.201939    35.3043     0.1389 1.8222e-02     0.0323    99.1963      98.56    230.784     5.3044 2.5876e+02          1         19 0.0000e+00
   38.75121  -69.19961    13.6944   4.200175    35.3055     60.705     61.176    13.7036   4.201481    35.3097     0.1630 1.8270e-02     0.0253    99.3697      98.55    228.463     5.2511 2.5582e+02          1         73 0.0000e+00
   38.75120  -69.19961    13.6995   4.201056    35.3125     61.541     62.019    13.7010   4.201347    35.3142     0.1665 1.7237e-02     0.0194    99.5171      98.56    226.072     5.1962 2.5144e+02          1        112 0.0000e+00
   38.75120  -69.19962    13.7096   4.202525    35.3182     62.465     62.950    13.7098   4.202736    35.3203     0.1527 1.5257e-02     0.0224    99.4408      98.56    225.950     5.1934 2.5703e+02          1         22 0.0000e+00
   38.75120  -69.19962    13.7093   4.202735    35.3204     63.512     64.006    13.7093   4.202930    35.3225     0.1419 7.4402e-03     0.0282    99.2975      98.55    225.157     5.1752 2.5851e+02          1         18 0.0000e+00
   38.75120  -69.19962    13.7091   4.202771    35.3209     64.547     65.048    13.7090   4.202944    35.3229     0.1620 1.1845e-02     0.0281    99.3006      98.56    225.541     5.1840 2.5856e+02          1         22 0.0000e+00
   38.75117  -69.19961    13.7090   4.202908    35.3224     65.578     66.088    13.7085   4.203098    35.3248     0.1500 1.3947e-02     0.0252    99.3713      98.55    226.622     5.2088 2.5525e+02          1         44 0.0000e+00
   38.75116  -69.19961    13.7064   4.202880    35.3253     66.356     66.871    13.7072   4.203112    35.3269     0.1595 1.1603e-02     0.0215    99.4657      98.55    227.070     5.2192 2.5491e+02          1        144 0.0000e+00
   38.75116  -69.19962    13.7083   4.203337    35.3279     67.438     67.962    13.7084   4.203447    35.3289     0.1389 1.4919e-04     0.1464    96.4079      98.55    228.606     5.2545 2.6240e+02          1         19 0.0000e+00
   38.75116  -69.19962    13.7087   4.203473    35.3284     68.462     68.995    13.7093   4.203617    35.3294     0.1290 6.1596e-03     0.2464    94.0257      98.56    228.576     5.2538 2.6280e+02          1         16 0.0000e+00
   38.75116  -69.19962    13.7101   4.203688    35.3288     69.482     70.023    13.7097   4.203719    35.3295     0.1237 3.4422e-03     0.1075    97.3557      98.55    228.480     5.2516 2.6243e+02          1         17 0.0000e+00
   38.75114  -69.19961    13.7110   4.203827    35.3289     70.502     71.051    13.7111   4.203932    35.3298     0.1473 1.0357e-02     0.0531    98.6816      98.56    228.325     5.2480 2.6145e+02          1         24 0.0000e+00
