Data/ruptures/KN207-01/QL-1/20701027.cnv
* Sea-Bird SBE 9 Data File:
* FileName = C:\Data\ctd\20701027.hex
* Software Version Seasave V 7.21e
* Temperature SN = 4406
* Conductivity SN = 1474
* Number of Bytes Per Scan = 40
* Number of Voltage Words = 5
* Number of Scans Averaged by the Deck Unit = 1
* NMEA Latitude = 38 55.04 N
* NMEA Longitude = 068 59.94 W
* NMEA UTC (Time) = Apr 24 2012 23:32:42
** R/V Knorr Cruise # KN207-01 QL1
** Chief Scientist: Ben Van Mooy
# nquan = 21
# nvalues = 399                         
# units = specified
# name 0 = latitude: Latitude [deg]
# name 1 = longitude: Longitude [deg]
# name 2 = t090C: Temperature [ITS-90, deg C]
# name 3 = c0S/m: Conductivity [S/m]
# name 4 = sal00: Salinity, Practical [PSU]
# name 5 = depSM: Depth [salt water, m]
# name 6 = prDM: Pressure, Digiquartz [db]
# name 7 = t190C: Temperature, 2 [ITS-90, deg C]
# name 8 = c1S/m: Conductivity, 2 [S/m]
# name 9 = sal11: Salinity, Practical, 2 [PSU]
# name 10 = flECO-AFL: Fluorescence, WET Labs ECO-AFL/FL [mg/m^3]
# name 11 = par: PAR/Irradiance, Biospherical/Licor
# name 12 = bat: Beam Attenuation, Chelsea/Seatech [1/m]
# name 13 = xmiss: Beam Transmission, Chelsea/Seatech [%]
# name 14 = altM: Altimeter [m]
# name 15 = sbeox0Mm/Kg: Oxygen, SBE 43 [umol/kg]
# name 16 = sbeox0ML/L: Oxygen, SBE 43 [ml/l]
# name 17 = spar: SPAR/Surface Irradiance
# name 18 = pumps: Pump Status
# name 19 = nbin: number of scans per bin
# name 20 = flag: flag
# span 0 =   38.91728,   38.91744       
# span 1 =  -69.00008,  -68.99914       
# span 2 =    10.6087,    14.6908       
# span 3 =   3.813429,   4.352887       
# span 4 =    32.8838,    35.8401       
# span 5 =      2.271,    200.290       
# span 6 =      2.288,    201.915       
# span 7 =    10.6204,    14.6926       
# span 8 =   3.813920,   4.353201       
# span 9 =    33.5617,    35.8426       
# span 10 =     0.0044,     3.1248      
# span 11 = 1.0000e-12, 7.8282e-02      
# span 12 =    -0.0150,     0.3453      
# span 13 =    91.7302,   100.3770      
# span 14 =       5.27,      98.73      
# span 15 =    145.394,    437.523      
# span 16 =     3.3430,    10.0477      
# span 17 = 1.4089e+01, 1.7994e+01      
# span 18 =          1,          1      
# span 19 =         11,        564      
# span 20 = 0.0000e+00, 0.0000e+00      
# interval = decibars: 1                
# start_time = Apr 24 2012 23:32:42 [NMEA time, header]
# bad_flag = -9.990e-29
*END*
[from data line 207]
   38.91736  -68.99962    13.4229   4.221888    35.7161    191.547    193.097    13.4391   4.223568    35.7163     0.0337 1.0000e-12    -0.0146   100.3660      98.54    145.864     3.3538 1.5526e+01          1         25 0.0000e+00
   38.91736  -68.99962    13.4739   4.227883    35.7242    190.475    192.016    13.4909   4.228984    35.7182     0.0457 1.0000e-12    -0.0146   100.3663      98.54    145.594     3.3476 1.5353e+01          1         17 0.0000e+00
   38.91736  -68.99962    13.5497   4.236543    35.7337    189.457    190.989    13.5492   4.235719    35.7264     0.0514 1.0000e-12    -0.0144   100.3616      98.54    145.468     3.3447 1.5443e+01          1         13 0.0000e+00
   38.91736  -68.99962    13.5844   4.240326    35.7367    188.457    189.980    13.5787   4.239363    35.7331     0.0367 1.0000e-12    -0.0145   100.3633      98.54    145.394     3.3430 1.5615e+01          1         17 0.0000e+00
   38.91736  -68.99962    13.5693   4.238516    35.7356    187.314    188.828    13.5767   4.239611    35.7387     0.0267 1.0000e-12    -0.0145   100.3638      98.54    146.528     3.3691 1.5456e+01          1         70 0.0000e+00
   38.91736  -68.99962    13.5406   4.235139    35.7322    186.564    188.072    13.5600   4.237410    35.7350     0.0312 1.0000e-12    -0.0145   100.3624      98.54    146.440     3.3671 1.5698e+01          1         27 0.0000e+00
   38.91736  -68.99962    13.5889   4.240630    35.7381    185.513    187.011    13.5857   4.240108    35.7364     0.0273 1.0000e-12    -0.0141   100.3544      98.54    145.996     3.3568 1.5503e+01          1         20 0.0000e+00
   38.91737  -68.99962    13.5981   4.241644    35.7396    184.502    185.992    13.6036   4.242177    35.7395     0.0334 1.0000e-12    -0.0144   100.3600      98.54    145.830     3.3530 1.5522e+01          1         24 0.0000e+00
   38.91738  -68.99962    13.6270   4.244679    35.7412    183.506    184.987    13.6209   4.243964    35.7404     0.0361 1.0000e-12    -0.0150   100.3756      98.54    146.124     3.3597 1.5311e+01          1         22 0.0000e+00
   38.91738  -68.99962    13.6501   4.247194    35.7435    182.540    184.014    13.6525   4.246996    35.7394     0.0316 1.0000e-12    -0.0147   100.3679      98.53    146.154     3.3604 1.5263e+01          1         19 0.0000e+00
   38.91738  -68.99962    13.7322   4.256727    35.7551    181.545    183.010    13.7295   4.255522    35.7465     0.0229 1.0000e-12    -0.0145   100.3633      98.54    145.868     3.3538 1.5353e+01          1         17 0.0000e+00
   38.91738  -68.99962    13.7667   4.260729    35.7606    180.545    182.001    13.7771   4.261056    35.7537     0.0351 1.0000e-12    -0.0144   100.3621      98.53    146.009     3.3571 1.5476e+01          1         16 0.0000e+00
   38.91738  -68.99962    13.8185   4.266565    35.7667    179.544    180.992    13.8139   4.265719    35.7632     0.0344 1.0000e-12    -0.0103   100.2586      98.53    146.289     3.3635 1.5367e+01          1         18 0.0000e+00
   38.91737  -68.99962    13.8525   4.270371    35.7709    178.510    179.949    13.8576   4.270325    35.7657     0.0303 1.0000e-12    -0.0140   100.3508      98.54    146.680     3.3725 1.5443e+01          1         26 0.0000e+00
   38.91736  -68.99962    13.8292   4.267599    35.7692    177.627    179.059    13.8381   4.268913    35.7730     0.0306 1.0000e-12    -0.0148   100.3707      47.94    146.581     3.3702 1.5548e+01          1         67 0.0000e+00
   38.91736  -68.99962    13.8544   4.269907    35.7679    176.651    178.075    13.8446   4.268333    35.7627     0.0452 1.0000e-12    -0.0149   100.3747      28.86    146.320     3.3642 1.5518e+01          1         23 0.0000e+00
   38.91736  -68.99962    13.9622   4.282824    35.7866    175.600    177.014    14.0024   4.284886    35.7676     0.0450 1.0000e-12    -0.0144   100.3614      98.73    146.034     3.3576 1.5367e+01          1         18 0.0000e+00
   38.91736  -68.99962    14.1710   4.306578    35.8098    174.570    175.975    14.1692   4.304406    35.7914     0.0509 1.0000e-12    -0.0145   100.3636      98.54    145.763     3.3512 1.5272e+01          1         13 0.0000e+00
   38.91736  -68.99962    14.2363   4.314076    35.8186    173.607    175.004    14.2387   4.313017    35.8066     0.0503 1.0000e-12    -0.0146   100.3656      98.54    145.984     3.3563 1.5443e+01          1         13 0.0000e+00
   38.91736  -68.99962    14.2757   4.318374    35.8223    172.615    174.003    14.2684   4.317562    35.8218     0.0219 1.0000e-12    -0.0150   100.3759      98.54    146.348     3.3647 1.5137e+01          1         14 0.0000e+00
   38.91736  -68.99962    14.2971   4.320907    35.8268    171.614    172.994    14.2901   4.319191    35.8177     0.0168 1.0000e-12    -0.0150   100.3766      98.54    147.081     3.3815 1.5476e+01          1         16 0.0000e+00
   38.91736  -68.99962    14.3186   4.323170    35.8292    170.555    171.926    14.3205   4.323291    35.8287     0.0118 2.1893e-05    -0.0150   100.3770      98.54    148.119     3.4054 1.5153e+01          1         29 0.0000e+00
   38.91737  -68.99963    14.2825   4.319037    35.8280    169.801    171.166    14.2764   4.318431    35.8282     0.0283 1.0000e-12    -0.0147   100.3692      98.54    149.909     3.4465 1.5341e+01          1         57 0.0000e+00
   38.91738  -68.99964    14.3020   4.320802    35.8277    168.666    170.021    14.3011   4.320210    35.8231     0.0224 1.0000e-12    -0.0148   100.3706      98.53    149.811     3.4443 1.5263e+01          1         19 0.0000e+00
   38.91738  -68.99964    14.3322   4.322109    35.8121    167.673    169.020    14.3376   4.322061    35.8065     0.0260 1.0000e-12    -0.0131   100.3283      98.54    149.253     3.4314 1.5318e+01          1         15 0.0000e+00
   38.91738  -68.99964    14.3833   4.325364    35.7948    166.616    167.954    14.3767   4.324399    35.7921     0.0360 1.0000e-12    -0.0117   100.2931      98.54    148.970     3.4248 1.5476e+01          1         16 0.0000e+00
   38.91738  -68.99964    14.4191   4.328468    35.7907    165.641    166.971    14.4241   4.328736    35.7885     0.0435 1.0000e-12    -0.0136   100.3396      98.55    149.431     3.4354 1.5522e+01          1         24 0.0000e+00
   38.91737  -68.99963    14.4495   4.331637    35.7929    164.692    166.014    14.4540   4.331895    35.7911     0.0286 1.0000e-12    -0.0138   100.3466      98.54    157.933     3.6308 1.5318e+01          1         45 0.0000e+00
   38.91736  -68.99962    14.4700   4.333576    35.7930    163.738    165.052    14.4785   4.334440    35.7930     0.0261 1.0000e-12    -0.0136   100.3396      98.54    165.519     3.8052 1.5336e+01          1         24 0.0000e+00
   38.91736  -68.99962    14.4734   4.334557    35.8001    162.651    163.956    14.5332   4.339973    35.7935     0.0112 1.0000e-12    -0.0135   100.3386      98.54    166.860     3.8360 1.5367e+01          1         18 0.0000e+00
   38.91736  -68.99962    14.5801   4.345615    35.8020    161.672    162.969    14.5635   4.343502    35.7984     0.0064 1.0000e-12    -0.0133   100.3334      98.54    166.480     3.8272 1.5169e+01          1         15 0.0000e+00
   38.91736  -68.99962    14.6017   4.347507    35.8001    160.710    161.999    14.5986   4.346906    35.7976     0.0062 1.0000e-12    -0.0135   100.3368      98.54    166.561     3.8291 1.5263e+01          1         19 0.0000e+00
   38.91736  -68.99962    14.6122   4.348229    35.7980    159.708    160.988    14.6061   4.347551    35.7977     0.0346 1.0000e-12    -0.0134   100.3364      98.54    168.430     3.8720 1.5522e+01          1         24 0.0000e+00
   38.91738  -68.99964    14.6160   4.348442    35.7977    158.750    160.022    14.6143   4.348144    35.7966     0.0228 7.4174e-07    -0.0140   100.3510      98.54    174.223     4.0052 1.5514e+01          1         22 0.0000e+00
   38.91738  -68.99964    14.6198   4.348600    35.7968    157.739    159.003    14.6310   4.349206    35.7918     0.0217 5.5268e-06    -0.0136   100.3412      98.54    179.207     4.1197 1.5324e+01          1         23 0.0000e+00
   38.91738  -68.99964    14.6393   4.349953    35.7918    156.733    157.988    14.6443   4.350343    35.7908     0.0158 1.0000e-12    -0.0137   100.3428      98.53    180.882     4.1582 1.5514e+01          1         22 0.0000e+00
   38.91738  -68.99964    14.6493   4.350634    35.7902    155.617    156.863    14.6540   4.350982    35.7891     0.0214 1.0000e-12    -0.0137   100.3433      98.54    183.398     4.2160 1.5327e+01          1         62 0.0000e+00
   38.91738  -68.99962    14.6465   4.350094    35.7892    154.838    156.078    14.6558   4.350634    35.7855     0.0266 1.0000e-12    -0.0130   100.3243      98.54    187.286     4.3054 1.5284e+01          1         27 0.0000e+00
   38.91738  -68.99962    14.6616   4.350823    35.7824    153.796    155.026    14.6767   4.351728    35.7766     0.0370 1.0000e-12    -0.0138   100.3447      98.55    187.266     4.3049 1.5296e+01          1         14 0.0000e+00
   38.91738  -68.99962    14.6840   4.351421    35.7674    152.815    154.037    14.6854   4.351944    35.7710     0.0447 1.0000e-12    -0.0136   100.3399      98.55    186.009     4.2760 1.5443e+01          1         13 0.0000e+00
   38.91738  -68.99962    14.6768   4.348724    35.7500    151.815    153.029    14.6778   4.349675    35.7580     0.0444 1.0000e-12    -0.0130   100.3257      98.54    185.386     4.2616 1.5243e+01          1         12 0.0000e+00
   38.91738  -68.99962    14.6584   4.345437    35.7378    150.792    151.998    14.6530   4.345195    35.7408     0.0380 1.0000e-12    -0.0121   100.3025      98.54    186.383     4.2845 1.5296e+01          1         14 0.0000e+00
   38.91738  -68.99962    14.6299   4.340611    35.7209    149.799    150.996    14.6297   4.341320    35.7278     0.0360 1.0000e-12    -0.0122   100.3043      98.53    189.292     4.3513 1.5057e+01          1         16 0.0000e+00
   38.91739  -68.99963    14.6115   4.337730    35.7123    148.784    149.973    14.6108   4.338114    35.7166     0.0340 1.0000e-12    -0.0112   100.2797      98.54    195.395     4.4916 1.5336e+01          1         24 0.0000e+00
   38.91740  -68.99964    14.5985   4.335370    35.7034    147.740    148.920    14.5929   4.334441    35.7002     0.0211 1.0000e-12    -0.0109   100.2737      98.54    205.877     4.7325 1.5456e+01          1         42 0.0000e+00
   38.91740  -68.99964    14.6649   4.347496    35.7530    146.946    148.119    14.6547   4.345424    35.7435     0.0342 1.0000e-12    -0.0102   100.2559      98.54    211.049     4.8515 1.5199e+01          1         59 0.0000e+00
   38.91740  -68.99964    14.6178   4.338573    35.7161    145.870    147.034    14.6019   4.337095    35.7175     0.0259 1.0000e-12    -0.0108   100.2718      98.54    205.570     4.7255 1.5615e+01          1         19 0.0000e+00
   38.91740  -68.99964    14.5782   4.331237    35.6863    144.860    146.016    14.5751   4.330993    35.6870     0.0147 1.0000e-12    -0.0105   100.2632      98.55    199.263     4.5805 1.5169e+01          1         15 0.0000e+00
   38.91740  -68.99964    14.5680   4.329385    35.6793    143.826    144.973    14.5668   4.329422    35.6807     0.0294 1.0000e-12    -0.0098   100.2450      98.54    196.889     4.5259 1.5615e+01          1         13 0.0000e+00
   38.91740  -68.99964    14.5561   4.327549    35.6739    142.830    143.969    14.5558   4.327904    35.6774     0.0365 1.0000e-12    -0.0093   100.2336      98.54    198.466     4.5621 1.5243e+01          1         12 0.0000e+00
   38.91740  -68.99964    14.5444   4.325822    35.6693    141.866    142.997    14.5453   4.326267    35.6726     0.0486 1.0000e-12    -0.0093   100.2312      98.54    202.975     4.6658 1.5615e+01          1         13 0.0000e+00
   38.91740  -68.99964    14.5381   4.324906    35.6671    140.886    142.008    14.5370   4.325114    35.6700     0.0470 1.0000e-12    -0.0097   100.2433      98.54    209.360     4.8125 1.5057e+01          1         16 0.0000e+00
   38.91740  -68.99964    14.5327   4.324091    35.6650    139.791    140.904    14.5249   4.323092    35.6630     0.0188 1.0000e-12    -0.0099   100.2467      98.55    216.425     4.9749 1.5480e+01          1         33 0.0000e+00
   38.91740  -68.99966    14.5530   4.327140    35.6739    139.107    140.215    14.5485   4.326419    35.6714     0.0330 1.0000e-12    -0.0099   100.2479      98.54    218.321     5.0185 1.5305e+01          1         72 0.0000e+00
   38.91740  -68.99966    14.5354   4.324432    35.6659    137.914    139.012    14.5408   4.325905    35.6743     0.0369 1.0000e-12    -0.0097   100.2415      98.54    217.019     4.9886 1.5491e+01          1         18 0.0000e+00
   38.91740  -68.99966    14.4887   4.317483    35.6462    136.928    138.018    14.4765   4.317083    35.6540     0.0464 1.0000e-12    -0.0093   100.2331      98.54    215.952     4.9640 1.5272e+01          1         13 0.0000e+00
   38.91740  -68.99966    14.4480   4.311773    35.6322    135.909    136.990    14.4499   4.312719    35.6390     0.0413 1.0000e-12    -0.0090   100.2252      98.55    215.486     4.9533 1.5272e+01          1         13 0.0000e+00
   38.91739  -68.99965    14.4362   4.310147    35.6285    134.896    135.969    14.4349   4.310148    35.6296     0.0356 1.0000e-12    -0.0089   100.2213      98.54    215.541     4.9546 1.5443e+01          1         13 0.0000e+00
   38.91738  -68.99964    14.4319   4.309511    35.6268    133.927    134.992    14.4316   4.309621    35.6281     0.0286 1.0000e-12    -0.0086   100.2143      98.55    216.048     4.9662 1.5456e+01          1         14 0.0000e+00
   38.91738  -68.99964    14.4303   4.309239    35.6260    132.917    133.974    14.4280   4.309075    35.6266     0.0212 1.0000e-12    -0.0083   100.2062      98.55    217.408     4.9975 1.5412e+01          1         22 0.0000e+00
   38.91738  -68.99964    14.4389   4.310521    35.6295    131.867    132.915    14.4346   4.309925    35.6280     0.0271 1.0000e-12    -0.0080   100.2003      98.54    220.129     5.0600 1.5449e+01          1         67 0.0000e+00
   38.91739  -68.99965    14.4540   4.312602    35.6344    131.041    132.082    14.4489   4.312210    35.6356     0.0233 1.0000e-12    -0.0082   100.2034      98.54    220.678     5.0726 1.5532e+01          1         27 0.0000e+00
   38.91740  -68.99966    14.4281   4.308870    35.6247    130.010    131.042    14.4283   4.309176    35.6272     0.0351 1.0000e-12    -0.0081   100.2015      98.55    220.418     5.0667 1.5336e+01          1         16 0.0000e+00
   38.91740  -68.99966    14.4188   4.307546    35.6215    129.020    130.044    14.4187   4.307749    35.6234     0.0475 1.0000e-12    -0.0082   100.2033      98.54    219.867     5.0540 1.5296e+01          1         14 0.0000e+00
   38.91740  -68.99966    14.4114   4.306490    35.6190    127.981    128.997    14.4106   4.306674    35.6215     0.0522 1.0000e-12    -0.0079   100.1978      98.54    219.399     5.0432 1.4978e+01          1         14 0.0000e+00
   38.91740  -68.99966    14.4032   4.305329    35.6164    126.972    127.980    14.4000   4.305126    35.6174     0.0224 1.0000e-12    -0.0068   100.1703      98.55    219.280     5.0405 1.5137e+01          1         14 0.0000e+00
   38.91740  -68.99966    14.3954   4.304177    35.6133    125.952    126.951    14.3915   4.303927    35.6146     0.0252 1.0000e-12    -0.0072   100.1812      98.54    219.775     5.0519 1.4964e+01          1         24 0.0000e+00
   38.91740  -68.99966    14.3954   4.304173    35.6133    125.002    125.993    14.3924   4.303844    35.6130     0.0489 2.2288e-03    -0.0072   100.1803      98.54    220.699     5.0731 1.5353e+01          1         51 0.0000e+00
