Data/ruptures/KN207-01/QL-1/20701034.cnv
* Sea-Bird SBE 9 Data File:
* FileName = C:\Data\ctd\20701034.hex
* Software Version Seasave V 7.21e
* Temperature SN = 4406
* Conductivity SN = 1474
* Number of Bytes Per Scan = 40
* Number of Voltage Words = 5
* Number of Scans Averaged by the Deck Unit = 1
* NMEA Latitude = 38 52.53 N
* NMEA Longitude = 069 06.53 W
* NMEA UTC (Time) = Apr 25 2012 22:02:17
** R/V Knorr Cruise # KN207-01 QL1
** Chief Scientist: Ben Van Mooy
# nquan = 21
# nvalues = 395                         
# units = specified
# name 0 = latitude: Latitude [deg]
# name 1 = longitude: Longitude [deg]
# name 2 = t090C: Temperature [ITS-90, deg C]
# name 3 = c0S/m: Conductivity [S/m]
# name 4 = sal00: Salinity, Practical [PSU]
# name 5 = depSM: Depth [salt water, m]
# name 6 = prDM: Pressure, Digiquartz [db]
# name 7 = t190C: Temperature, 2 [ITS-90, deg C]
# name 8 = c1S/m: Conductivity, 2 [S/m]
# name 9 = sal11: Salinity, Practical, 2 [PSU]
# name 10 = flECO-AFL: Fluorescence, WET Labs ECO-AFL/FL [mg/m^3]
# name 11 = par: PAR/Irradiance, Biospherical/Licor
# name 12 = bat: Beam Attenuation, Chelsea/Seatech [1/m]
# name 13 = xmiss: Beam Transmission, Chelsea/Seatech [%]
# name 14 = altM: Altimeter [m]
# name 15 = sbeox0Mm/Kg: Oxygen, SBE 43 [umol/kg]
# name 16 = sbeox0ML/L: Oxygen, SBE 43 [ml/l]
# name 17 = spar: SPAR/Surface Irradiance
# name 18 = pumps: Pump Status
# name 19 = nbin: number of scans per bin
# name 20 = flag: flag
# span 0 =   38.87570,   38.87790       
# span 1 =  -69.10892,  -69.10877       
# span 2 =    10.8161,    14.6598       
# span 3 =   3.821876,   4.347023       
# span 4 =    32.6308,    35.8053       
# span 5 =      2.171,    198.108       
# span 6 =      2.187,    199.714       
# span 7 =    10.8151,    14.6594       
# span 8 =   3.822019,   4.347107       
# span 9 =    33.3618,    35.8112       
# span 10 =     0.0029,     3.1524      
# span 11 = 1.0000e-12, 7.0086e+00      
# span 12 =    -0.0129,     0.3558      
# span 13 =    91.4881,   100.3218      
# span 14 =       6.34,      98.62      
# span 15 =    143.804,    458.558      
# span 16 =     3.3064,    10.5314      
# span 17 = 1.3267e+03, 1.6189e+03      
# span 18 =          1,          1      
# span 19 =         12,        949      
# span 20 = 0.0000e+00, 0.0000e+00      
# interval = decibars: 1                
# start_time = Apr 25 2012 22:02:17 [NMEA time, header]
# bad_flag = -9.990e-29
*END*
[from data line 207]
   38.87658  -69.10884    13.7188   4.254761    35.7496    187.479    188.994    13.6976   4.252304    35.7469     0.0164 1.0000e-12    -0.0117   100.2930      98.55    144.539     3.3233 1.5245e+03          1         34 0.0000e+00
   38.87658  -69.10884    13.7473   4.258073    35.7542    186.510    188.017    13.7264   4.255438    35.7493     0.0363 1.0000e-12    -0.0126   100.3149      98.55    144.606     3.3248 1.5224e+03          1         34 0.0000e+00
   38.87658  -69.10882    13.8509   4.269590    35.7639    185.527    187.025    13.7643   4.259280    35.7499     0.0355 1.0000e-12    -0.0127   100.3176      98.54    144.912     3.3318 1.5080e+03          1         27 0.0000e+00
   38.87658  -69.10882    13.9951   4.285963    35.7803    184.561    186.050    13.9449   4.278486    35.7578     0.0486 1.0000e-12    -0.0122   100.3043      98.55    145.049     3.3349 1.4980e+03          1         19 0.0000e+00
   38.87658  -69.10882    14.1096   4.297294    35.7779    183.546    185.027    14.1293   4.297468    35.7602     0.0354 1.0000e-12    -0.0107   100.2680      98.55    145.187     3.3380 1.4960e+03          1         17 0.0000e+00
   38.87658  -69.10882    14.2219   4.308663    35.7780    182.538    184.010    14.2465   4.309715    35.7639     0.0548 1.0000e-12    -0.0092   100.2289      98.55    145.663     3.3488 1.4984e+03          1         15 0.0000e+00
   38.87658  -69.10882    14.3166   4.318901    35.7844    181.531    182.996    14.3143   4.317593    35.7741     0.0558 1.0000e-12    -0.0116   100.2906      98.55    146.619     3.3708 1.5041e+03          1         15 0.0000e+00
   38.87658  -69.10882    14.3884   4.326352    35.7869    180.532    181.988    14.3930   4.326077    35.7796     0.0429 1.0000e-12    -0.0120   100.2995      98.55    148.676     3.4180 1.5125e+03          1         16 0.0000e+00
   38.87659  -69.10882    14.4139   4.329215    35.7910    179.525    180.972    14.4255   4.330174    35.7886     0.0431 1.0000e-12    -0.0119   100.2985      98.54    153.791     3.5356 1.5222e+03          1         22 0.0000e+00
   38.87660  -69.10882    14.4589   4.333886    35.7947    178.505    179.943    14.4356   4.331158    35.7913     0.0536 1.0000e-12    -0.0121   100.3009      98.55    163.952     3.7692 1.5206e+03          1         53 0.0000e+00
   38.87660  -69.10882    14.5678   4.343691    35.7850    177.649    179.080    14.5721   4.344258    35.7858     0.0370 1.0000e-12    -0.0117   100.2935      98.55    168.478     3.8731 1.5031e+03          1         31 0.0000e+00
   38.87660  -69.10882    14.5591   4.343089    35.7898    176.605    178.027    14.5597   4.342925    35.7874     0.0349 1.0000e-12    -0.0115   100.2872      98.56    170.880     3.9283 1.4973e+03          1         21 0.0000e+00
   38.87661  -69.10882    14.5857   4.345200    35.7855    175.596    177.009    14.5880   4.345285    35.7838     0.0276 1.0000e-12    -0.0119   100.2967      98.54    175.602     4.0369 1.4996e+03          1         17 0.0000e+00
   38.87662  -69.10882    14.5980   4.345991    35.7824    174.584    175.989    14.5982   4.345969    35.7818     0.0125 1.0000e-12    -0.0115   100.2886      98.54    179.114     4.1176 1.5021e+03          1         18 0.0000e+00
   38.87662  -69.10882    14.6040   4.346196    35.7799    173.583    174.980    14.6035   4.346174    35.7800     0.0225 1.0000e-12    -0.0122   100.3043      98.55    180.125     4.1408 1.5077e+03          1         17 0.0000e+00
   38.87662  -69.10882    14.6063   4.346239    35.7793    172.602    173.991    14.6052   4.346090    35.7788     0.0506 1.0000e-12    -0.0119   100.2975      98.54    181.704     4.1771 1.5154e+03          1         19 0.0000e+00
   38.87662  -69.10882    14.6077   4.346172    35.7786    171.618    172.998    14.6073   4.346161    35.7787     0.0517 1.0000e-12    -0.0114   100.2867      98.55    183.698     4.2229 1.5212e+03          1         19 0.0000e+00
   38.87662  -69.10882    14.6097   4.346221    35.7783    170.644    172.016    14.6073   4.346037    35.7787     0.0346 1.0000e-12    -0.0111   100.2774      98.55    185.327     4.2604 1.5211e+03          1         21 0.0000e+00
   38.87662  -69.10882    14.6121   4.346198    35.7769    169.617    170.980    14.6095   4.346022    35.7777     0.0445 1.0000e-12    -0.0113   100.2824      98.55    186.462     4.2865 1.5168e+03          1         27 0.0000e+00
   38.87662  -69.10882    14.6133   4.346046    35.7758    168.618    169.973    14.6149   4.346168    35.7753     0.0312 1.0000e-12    -0.0109   100.2736      98.55    186.969     4.2981 1.5052e+03          1         41 0.0000e+00
   38.87662  -69.10882    14.6165   4.345909    35.7727    167.713    169.059    14.6165   4.345802    35.7716     0.0334 1.0000e-12    -0.0114   100.2846      98.55    187.704     4.3150 1.4939e+03          1         34 0.0000e+00
   38.87662  -69.10882    14.6159   4.345227    35.7679    166.671    168.009    14.6132   4.345346    35.7715     0.0371 1.0000e-12    -0.0115   100.2879      98.55    188.122     4.3246 1.4948e+03          1         22 0.0000e+00
   38.87663  -69.10882    14.6180   4.344683    35.7617    165.661    166.991    14.6164   4.344741    35.7637     0.0304 1.0000e-12    -0.0107   100.2688      98.55    188.699     4.3378 1.4970e+03          1         21 0.0000e+00
   38.87664  -69.10882    14.6198   4.344284    35.7570    164.695    166.017    14.6179   4.344438    35.7601     0.0297 1.0000e-12    -0.0100   100.2515      98.55    189.815     4.3635 1.4991e+03          1         19 0.0000e+00
   38.87664  -69.10882    14.6194   4.343913    35.7546    163.725    165.038    14.6186   4.343947    35.7556     0.0222 1.0000e-12    -0.0106   100.2658      98.55    191.330     4.3983 1.5074e+03          1         20 0.0000e+00
   38.87664  -69.10882    14.6219   4.343925    35.7529    162.736    164.041    14.6206   4.343828    35.7532     0.0082 1.0000e-12    -0.0108   100.2710      98.55    192.907     4.4345 1.5170e+03          1         17 0.0000e+00
   38.87664  -69.10882    14.6232   4.343840    35.7516    161.720    163.017    14.6227   4.343829    35.7518     0.0355 1.0000e-12    -0.0108   100.2718      98.55    194.719     4.4762 1.5166e+03          1         19 0.0000e+00
   38.87664  -69.10882    14.6266   4.343739    35.7481    160.697    161.985    14.6263   4.343745    35.7483     0.0355 1.0000e-12    -0.0107   100.2691      98.54    196.396     4.5147 1.5174e+03          1         19 0.0000e+00
   38.87664  -69.10882    14.6340   4.343678    35.7411    159.701    160.980    14.6316   4.343612    35.7427     0.0359 1.0000e-12    -0.0110   100.2749      98.55    197.252     4.5344 1.5203e+03          1         28 0.0000e+00
   38.87664  -69.10882    14.6424   4.343888    35.7358    158.724    159.995    14.6428   4.343957    35.7359     0.0469 1.0000e-12    -0.0105   100.2622      98.55    198.585     4.5650 1.5062e+03          1         36 0.0000e+00
   38.87664  -69.10882    14.6503   4.343235    35.7230    157.725    158.988    14.6463   4.343514    35.7293     0.0387 1.0000e-12    -0.0101   100.2538      98.55    201.682     4.6361 1.4951e+03          1         30 0.0000e+00
   38.87664  -69.10882    14.6394   4.341061    35.7139    156.739    157.994    14.6415   4.342350    35.7237     0.0218 1.0000e-12    -0.0099   100.2489      98.55    204.519     4.7013 1.4926e+03          1         26 0.0000e+00
   38.87665  -69.10882    14.6210   4.338089    35.7044    155.761    157.007    14.6286   4.339648    35.7116     0.0187 1.0000e-12    -0.0090   100.2242      98.55    207.963     4.7805 1.4952e+03          1         26 0.0000e+00
   38.87666  -69.10882    14.6161   4.337241    35.7017    154.756    155.994    14.6183   4.337846    35.7052     0.0285 1.0000e-12    -0.0092   100.2295      98.55    211.235     4.8557 1.4977e+03          1         22 0.0000e+00
   38.87666  -69.10882    14.6066   4.335761    35.6975    153.789    155.019    14.6106   4.336681    35.7022     0.0316 1.0000e-12    -0.0091   100.2272      98.55    213.036     4.8971 1.5020e+03          1         18 0.0000e+00
   38.87666  -69.10882    14.5862   4.332625    35.6883    152.823    154.045    14.5930   4.334062    35.6951     0.0227 1.0000e-12    -0.0088   100.2186      98.54    213.733     4.9131 1.5035e+03          1         18 0.0000e+00
   38.87666  -69.10882    14.5563   4.328078    35.6749    151.815    153.029    14.5561   4.328793    35.6817     0.0147 1.0000e-12    -0.0083   100.2069      98.55    213.584     4.9096 1.5063e+03          1         19 0.0000e+00
   38.87666  -69.10882    14.5267   4.323635    35.6621    150.703    151.907    14.5215   4.323493    35.6657     0.0302 1.0000e-12    -0.0080   100.2005      98.55    214.042     4.9201 1.5082e+03          1         25 0.0000e+00
   38.87668  -69.10882    14.5106   4.321276    35.6555    149.711    150.907    14.5093   4.321278    35.6567     0.0259 1.0000e-12    -0.0074   100.1842      98.55    216.982     4.9877 1.5122e+03          1         73 0.0000e+00
   38.87669  -69.10881    14.4814   4.317122    35.6435    148.711    149.898    14.4810   4.317155    35.6442     0.0325 1.0000e-12    -0.0066   100.1656      98.55    218.960     5.0332 1.4974e+03          1        366 0.0000e+00
   38.87675  -69.10880    14.4752   4.316326    35.6414    148.045    149.227    14.4748   4.316345    35.6419     0.0395 1.0000e-12    -0.0068   100.1702      98.55    219.522     5.0461 1.4974e+03          1         96 0.0000e+00
   38.87681  -69.10879    14.4516   4.312909    35.6325    146.784    147.956    14.4506   4.313007    35.6344     0.0368 1.0000e-12    -0.0064   100.1616      98.56    219.505     5.0457 1.5112e+03          1         76 0.0000e+00
   38.87682  -69.10878    14.4322   4.310113    35.6249    145.970    147.135    14.4323   4.310221    35.6258     0.0475 1.0000e-12    -0.0058   100.1454      98.56    219.770     5.0518 1.4695e+03          1         92 0.0000e+00
   38.87682  -69.10880    14.4307   4.309864    35.6243    144.865    146.021    14.4311   4.310006    35.6252     0.0360 1.0000e-12    -0.0060   100.1509      98.56    220.618     5.0713 1.4779e+03          1         32 0.0000e+00
   38.87682  -69.10880    14.4217   4.308603    35.6215    143.851    144.998    14.4228   4.308952    35.6237     0.0362 1.0000e-12    -0.0058   100.1461      98.56    220.340     5.0649 1.4929e+03          1         32 0.0000e+00
   38.87682  -69.10880    14.4121   4.307267    35.6184    142.853    143.992    14.4125   4.307530    35.6205     0.0358 1.0000e-12    -0.0067   100.1670      98.55    220.433     5.0670 1.4976e+03          1         32 0.0000e+00
   38.87683  -69.10879    14.3986   4.305377    35.6139    141.846    142.975    14.3981   4.305544    35.6160     0.0307 1.0000e-12    -0.0046   100.1163      98.55    220.653     5.0721 1.4920e+03          1         35 0.0000e+00
   38.87684  -69.10878    14.3753   4.302031    35.6052    140.858    141.980    14.3742   4.302257    35.6083     0.0192 1.0000e-12    -0.0055   100.1372      98.56    220.821     5.0759 1.4760e+03          1         56 0.0000e+00
   38.87684  -69.10878    14.3472   4.298108    35.5953    139.950    141.064    14.3465   4.298034    35.5953     0.0384 1.0000e-12    -0.0055   100.1369      98.56    221.266     5.0861 1.4687e+03          1         41 0.0000e+00
   38.87685  -69.10879    14.3296   4.295573    35.5887    138.898    140.004    14.3307   4.296217    35.5936     0.0296 1.0000e-12    -0.0060   100.1491      98.55    221.593     5.0936 1.4745e+03          1         25 0.0000e+00
   38.87686  -69.10880    14.3060   4.292236    35.5802    137.919    139.016    14.3078   4.292789    35.5836     0.0518 1.0000e-12    -0.0046   100.1151      98.56    222.027     5.1036 1.4815e+03          1         22 0.0000e+00
   38.87686  -69.10880    14.2996   4.291313    35.5779    136.902    137.992    14.3000   4.291517    35.5794     0.0449 1.0000e-12    -0.0047   100.1177      98.56    222.113     5.1056 1.4882e+03          1         23 0.0000e+00
   38.87686  -69.10880    14.2979   4.291054    35.5772    135.903    136.984    14.2980   4.291205    35.5786     0.0377 1.0000e-12    -0.0042   100.1048      98.56    222.237     5.1084 1.4933e+03          1         21 0.0000e+00
   38.87686  -69.10880    14.2932   4.290371    35.5755    134.910    135.982    14.2939   4.290650    35.5775     0.0359 1.0000e-12    -0.0044   100.1109      98.56    222.485     5.1141 1.4903e+03          1         21 0.0000e+00
   38.87686  -69.10879    14.2814   4.288683    35.5713    133.932    134.997    14.2791   4.288821    35.5747     0.0271 1.0000e-12    -0.0041   100.1043      98.56    222.555     5.1158 1.4859e+03          1         23 0.0000e+00
   38.87686  -69.10878    14.2562   4.285206    35.5629    132.909    133.965    14.2591   4.285803    35.5657     0.0467 1.0000e-12    -0.0043   100.1087      98.56    222.513     5.1148 1.4827e+03          1         36 0.0000e+00
   38.87686  -69.10878    14.2541   4.284881    35.5618    132.004    133.053    14.2556   4.285167    35.5630     0.0370 1.0000e-12    -0.0040   100.1020      98.56    222.734     5.1199 1.4738e+03          1         47 0.0000e+00
   38.87686  -69.10878    14.2540   4.284809    35.5613    131.006    132.046    14.2537   4.284947    35.5629     0.0277 1.0000e-12    -0.0045   100.1125      98.56    223.385     5.1348 1.4661e+03          1         26 0.0000e+00
   38.87688  -69.10878    14.2474   4.283871    35.5591    129.972    131.004    14.2473   4.284018    35.5606     0.0155 1.0000e-12    -0.0040   100.1001      98.56    223.722     5.1426 1.4679e+03          1         19 0.0000e+00
   38.87688  -69.10878    14.2286   4.281169    35.5521    128.992    130.016    14.2333   4.282259    35.5577     0.0264 1.0000e-12    -0.0033   100.0842      98.55    223.712     5.1423 1.4718e+03          1         16 0.0000e+00
   38.87688  -69.10878    14.2145   4.279150    35.5469    127.996    129.011    14.2149   4.279627    35.5510     0.0341 1.0000e-12    -0.0031   100.0790      98.56    223.639     5.1406 1.4796e+03          1         17 0.0000e+00
   38.87688  -69.10878    14.2014   4.277319    35.5426    126.957    127.964    14.2028   4.277779    35.5455     0.0467 1.0000e-12    -0.0031   100.0787      98.56    223.341     5.1338 1.4876e+03          1         18 0.0000e+00
   38.87688  -69.10878    14.1968   4.276666    35.5410    125.975    126.974    14.1960   4.276760    35.5427     0.0302 1.0000e-12    -0.0033   100.0821      98.56    223.402     5.1352 1.4972e+03          1         17 0.0000e+00
   38.87688  -69.10878    14.1862   4.275215    35.5377    124.967    125.957    14.1862   4.275449    35.5400     0.0411 1.0000e-12    -0.0027   100.0674      98.56    223.876     5.1461 1.5000e+03          1         23 0.0000e+00
   38.87688  -69.10878    14.1813   4.274547    35.5362    123.983    124.965    14.1821   4.274762    35.5375     0.0545 1.0000e-12    -0.0029   100.0725      98.56    224.639     5.1636 1.4824e+03          1         47 0.0000e+00
   38.87688  -69.10878    14.1725   4.273357    35.5334    123.073    124.048    14.1728   4.273561    35.5351     0.0450 1.0000e-12    -0.0028   100.0701      98.56    224.709     5.1652 1.4653e+03          1         36 0.0000e+00
   38.87688  -69.10878    14.1674   4.272624    35.5317    122.073    123.039    14.1679   4.272848    35.5333     0.0370 1.0000e-12    -0.0018   100.0446      98.55    224.458     5.1594 1.4635e+03          1         19 0.0000e+00
   38.87688  -69.10878    14.1681   4.272682    35.5317    121.097    122.056    14.1683   4.272799    35.5327     0.0564 1.0000e-12    -0.0013   100.0316      98.56    224.190     5.1533 1.4675e+03          1         18 0.0000e+00
