Data/ruptures/KN207-01/QL-1/20701014.cnv
* Sea-Bird SBE 9 Data File:
* FileName = C:\Data\ctd\20701014.hex
* Software Version Seasave V 7.21e
* Temperature SN = 4406
* Conductivity SN = 1474
* Number of Bytes Per Scan = 40
* Number of Voltage Words = 5
* Number of Scans Averaged by the Deck Unit = 1
* NMEA Latitude = 38 59.05 N
* NMEA Longitude = 068 59.76 W
* NMEA UTC (Time) = Apr 23 2012 16:10:16
** R/V Knorr Cruise # KN207-01 QL1
** Chief Scientist: Ben Van Mooy
# nquan = 21
# nvalues = 402                         
# units = specified
# name 0 = latitude: Latitude [deg]
# name 1 = longitude: Longitude [deg]
# name 2 = t090C: Temperature [ITS-90, deg C]
# name 3 = c0S/m: Conductivity [S/m]
# name 4 = sal00: Salinity, Practical [PSU]
# name 5 = depSM: Depth [salt water, m]
# name 6 = prDM: Pressure, Digiquartz [db]
# name 7 = t190C: Temperature, 2 [ITS-90, deg C]
# name 8 = c1S/m: Conductivity, 2 [S/m]
# name 9 = sal11: Salinity, Practical, 2 [PSU]
# name 10 = flECO-AFL: Fluorescence, WET Labs ECO-AFL/FL [mg/m^3]
# name 11 = par: PAR/Irradiance, Biospherical/Licor
# name 12 = bat: Beam Attenuation, Chelsea/Seatech [1/m]
# name 13 = xmiss: Beam Transmission, Chelsea/Seatech [%]
# name 14 = altM: Altimeter [m]
# name 15 = sbeox0Mm/Kg: Oxygen, SBE 43 [umol/kg]
# name 16 = sbeox0ML/L: Oxygen, SBE 43 [ml/l]
# name 17 = spar: SPAR/Surface Irradiance
# name 18 = pumps: Pump Status
# name 19 = nbin: number of scans per bin
# name 20 = flag: flag
# span 0 =   38.98344,   38.98421       
# span 1 =  -68.99605,  -68.99492       
# span 2 =    11.1932,    14.7207       
# span 3 =   3.864461,   4.361023       
# span 4 =    33.7458,    35.8349       
# span 5 =      1.960,    201.122       
# span 6 =      1.974,    202.755       
# span 7 =    11.1920,    14.7204       
# span 8 =   3.864539,   4.361132       
# span 9 =    33.8673,    35.8368       
# span 10 =     0.0023,     2.6878      
# span 11 = 1.2200e-04, 1.4838e+02      
# span 12 =    -0.0153,     0.3163      
# span 13 =    92.3970,   100.3832      
# span 14 =       1.49,      98.81      
# span 15 =    137.720,    407.448      
# span 16 =     3.1667,     9.3580      
# span 17 = 1.4095e+03, 3.2895e+03      
# span 18 =          1,          1      
# span 19 =          8,        806      
# span 20 = 0.0000e+00, 0.0000e+00      
# interval = decibars: 1                
# start_time = Apr 23 2012 16:10:16 [NMEA time, header]
# bad_flag = -9.990e-29
*END*
[from data line 276]
   38.98364  -68.99526    14.4964   4.318193    35.6512    125.931    126.931    14.4999   4.318997    35.6553     0.0370 1.0731e-02    -0.0111   100.2778      98.62    211.589     4.8637 2.5396e+03          1         33 0.0000e+00
   38.98365  -68.99526    14.5211   4.322146    35.6636    125.167    126.160    14.5335   4.324060    35.6697     0.0348 1.1652e-02    -0.0112   100.2815      98.62    213.420     4.9058 2.5233e+03          1        141 0.0000e+00
   38.98366  -68.99526    14.5225   4.322219    35.6628    124.066    125.050    14.5276   4.323019    35.6656     0.0311 1.3467e-02    -0.0114   100.2847      98.61    214.367     4.9276 2.6543e+03          1         21 0.0000e+00
   38.98366  -68.99526    14.5163   4.321284    35.6605    123.046    124.022    14.5227   4.322495    35.6658     0.0300 1.4041e-02    -0.0113   100.2843      98.63    214.985     4.9418 2.3977e+03          1         18 0.0000e+00
   38.98366  -68.99526    14.4893   4.317093    35.6476    122.039    123.007    14.4862   4.317523    35.6547     0.0287 1.4523e-02    -0.0112   100.2802      98.62    214.203     4.9238 2.1795e+03          1         16 0.0000e+00
   38.98365  -68.99524    14.4642   4.313402    35.6375    121.049    122.009    14.4654   4.314333    35.6452     0.0367 1.5012e-02    -0.0110   100.2766      98.62    213.250     4.9019 1.9269e+03          1         13 0.0000e+00
   38.98364  -68.99522    14.4441   4.310436    35.6294    120.089    121.041    14.4368   4.310003    35.6324     0.0373 1.5457e-02    -0.0109   100.2746      98.63    212.337     4.8809 1.9693e+03          1         13 0.0000e+00
   38.98364  -68.99522    14.4273   4.308046    35.6234    119.085    120.028    14.4286   4.308555    35.6270     0.0300 1.5931e-02    -0.0107   100.2687      98.62    212.214     4.8781 2.2993e+03          1         13 0.0000e+00
   38.98364  -68.99522    14.4217   4.307200    35.6211    118.050    118.985    14.4229   4.307643    35.6242     0.0292 1.6699e-02    -0.0096   100.2400      98.63    213.114     4.8988 2.0754e+03          1         14 0.0000e+00
   38.98364  -68.99522    14.4156   4.306217    35.6180    117.035    117.962    14.4122   4.305962    35.6190     0.0297 1.7475e-02    -0.0100   100.2492      98.62    214.472     4.9300 1.9456e+03          1         14 0.0000e+00
   38.98364  -68.99522    14.3896   4.302520    35.6085    116.079    116.998    14.3910   4.303353    35.6150     0.0410 1.8395e-02    -0.0101   100.2529      98.63    215.963     4.9642 2.2053e+03          1         17 0.0000e+00
   38.98364  -68.99523    14.3929   4.303044    35.6098    115.104    116.014    14.4054   4.304889    35.6152     0.0379 2.0796e-02    -0.0096   100.2404      98.62    217.021     4.9886 3.2895e+03          1         97 0.0000e+00
   38.98364  -68.99522    14.3956   4.303340    35.6097    114.122    115.024    14.4021   4.304440    35.6140     0.0159 2.1527e-02    -0.0101   100.2529      98.63    216.520     4.9771 2.4434e+03          1         13 0.0000e+00
   38.98364  -68.99522    14.3916   4.302756    35.6085    113.089    113.983    14.3954   4.303749    35.6144     0.0157 2.1429e-02    -0.0102   100.2550      98.64    216.041     4.9660 3.1919e+03          1         12 0.0000e+00
   38.98364  -68.99522    14.3628   4.298398    35.5957    112.078    112.964    14.3623   4.299602    35.6076     0.0152 2.1528e-02    -0.0091   100.2272      98.62    216.045     4.9661 2.9835e+03          1         10 0.0000e+00
   38.98364  -68.99522    14.2964   4.289177    35.5733    111.101    111.979    14.2896   4.290162    35.5892     0.0208 2.1489e-02    -0.0038   100.0964      98.62    216.398     4.9742 3.1527e+03          1         11 0.0000e+00
   38.98364  -68.99522    14.2405   4.281527    35.5554    110.116    110.986    14.2582   4.284975    35.5709     0.0295 2.1469e-02    -0.0059   100.1478      98.63    217.261     4.9941 2.9272e+03          1         11 0.0000e+00
   38.98364  -68.99522    14.2202   4.278748    35.5488    109.117    109.979    14.2328   4.281252    35.5605     0.0292 2.1635e-02    -0.0093   100.2327      98.62    217.607     5.0020 2.8127e+03          1         14 0.0000e+00
   38.98364  -68.99522    14.1919   4.274621    35.5373    108.123    108.976    14.1970   4.275999    35.5456     0.0284 2.1661e-02    -0.0091   100.2272      98.63    217.943     5.0097 2.3218e+03          1         15 0.0000e+00
   38.98364  -68.99522    14.1666   4.271072    35.5281    107.121    107.966    14.1751   4.272999    35.5382     0.0417 2.1420e-02    -0.0091   100.2261      98.63    218.329     5.0185 2.7681e+03          1         24 0.0000e+00
   38.98362  -68.99522    14.1771   4.272667    35.5316    106.240    107.078    14.1829   4.273586    35.5348     0.0460 1.7692e-02    -0.0077   100.1919      98.63    219.466     5.0447 2.1240e+03          1        136 0.0000e+00
   38.98362  -68.99524    14.2062   4.276492    35.5387    105.183    106.013    14.2169   4.277585    35.5389     0.0405 1.5003e-02    -0.0080   100.1992      98.64    219.077     5.0358 1.6763e+03          1         22 0.0000e+00
   38.98362  -68.99524    14.2017   4.275972    35.5384    104.175    104.996    14.2069   4.277325    35.5463     0.0299 1.4581e-02    -0.0087   100.2169      98.63    219.718     5.0505 1.5948e+03          1         15 0.0000e+00
   38.98362  -68.99524    14.1796   4.272750    35.5297    103.232    104.046    14.1748   4.272929    35.5361     0.0421 1.4330e-02    -0.0086   100.2135      98.63    219.720     5.0505 1.5800e+03          1         15 0.0000e+00
   38.98362  -68.99524    14.1280   4.265559    35.5119    102.227    103.033    14.1298   4.267995    35.5331     0.0411 1.4118e-02    -0.0075   100.1870      98.64    219.693     5.0499 1.5539e+03          1         16 0.0000e+00
   38.98362  -68.99524    14.0428   4.253974    35.4848    101.213    102.010    14.0591   4.256912    35.4970     0.0318 1.3969e-02    -0.0074   100.1844      98.63    219.627     5.0484 1.5359e+03          1         15 0.0000e+00
   38.98362  -68.99524    14.0106   4.249691    35.4753    100.179    100.968    14.0231   4.252493    35.4898     0.0562 1.3932e-02    -0.0068   100.1694      98.62    219.225     5.0391 1.5238e+03          1         16 0.0000e+00
   38.98362  -68.99524    13.9952   4.247304    35.4676     99.207     99.988    13.9943   4.247722    35.4726     0.0616 1.3889e-02    -0.0057   100.1432      98.62    218.977     5.0334 1.5148e+03          1         15 0.0000e+00
   38.98362  -68.99522    13.9529   4.241759    35.4556     98.144     98.917    13.9637   4.243516    35.4620     0.0474 1.3858e-02    -0.0060   100.1501      98.63    220.363     5.0653 1.5084e+03          1         40 0.0000e+00
   38.98362  -68.99523    13.9929   4.247323    35.4678     97.503     98.270    14.0127   4.249626    35.4710     0.0518 1.4356e-02    -0.0073   100.1833      98.63    221.944     5.1016 1.4791e+03          1         65 0.0000e+00
   38.98362  -68.99524    13.9277   4.238491    35.4461     96.256     97.014    13.9752   4.245044    35.4629     0.0357 1.5518e-02    -0.0075   100.1881      98.62    222.553     5.1156 1.4369e+03          1         23 0.0000e+00
   38.98362  -68.99524    13.9007   4.234901    35.4382     95.215     95.963    13.9445   4.241304    35.4573     0.0517 1.5959e-02    -0.0075   100.1880      98.63    222.507     5.1145 1.4271e+03          1         19 0.0000e+00
   38.98360  -68.99524    13.8460   4.227013    35.4164     94.220     94.960    13.8624   4.230896    35.4380     0.0084 1.6329e-02    -0.0065   100.1630      98.63    222.095     5.1050 1.4231e+03          1         18 0.0000e+00
   38.98360  -68.99524    13.7808   4.218501    35.3984     93.240     93.973    13.7897   4.220343    35.4080     0.0378 1.6671e-02    -0.0067   100.1688      98.63    222.130     5.1058 1.4245e+03          1         22 0.0000e+00
   38.98360  -68.99522    13.7469   4.213800    35.3847     92.209     92.933    13.7542   4.214889    35.3885     0.0398 1.7293e-02    -0.0064   100.1597      98.63    224.047     5.1499 1.4768e+03          1        153 0.0000e+00
   38.98360  -68.99520    13.7406   4.212906    35.3809     91.299     92.016    13.7585   4.215377    35.3875     0.0459 1.9872e-02    -0.0066   100.1665      98.63    224.638     5.1634 1.4706e+03          1         36 0.0000e+00
   38.98360  -68.99523    13.7181   4.209933    35.3744     90.323     91.032    13.7384   4.212934    35.3837     0.0551 2.1327e-02    -0.0066   100.1653      98.62    224.569     5.1619 1.4709e+03          1         27 0.0000e+00
   38.98360  -68.99524    13.6944   4.206695    35.3666     89.292     89.993    13.7131   4.209612    35.3766     0.0576 2.2587e-02    -0.0066   100.1648      98.63    224.895     5.1694 1.4877e+03          1         21 0.0000e+00
   38.98360  -68.99524    13.6843   4.205268    35.3629     88.294     88.987    13.6881   4.206115    35.3676     0.0554 2.3876e-02    -0.0067   100.1669      98.63    224.576     5.1620 1.5117e+03          1         23 0.0000e+00
   38.98360  -68.99524    13.6772   4.204354    35.3609     87.232     87.916    13.6853   4.205521    35.3646     0.0522 2.6556e-02    -0.0065   100.1624      98.63    224.504     5.1604 1.5607e+03          1         48 0.0000e+00
   38.98358  -68.99522    13.6547   4.201334    35.3536     86.262     86.938    13.6561   4.201726    35.3561     0.0449 3.6237e-02    -0.0061   100.1534      98.63    225.374     5.1803 2.0189e+03          1         85 0.0000e+00
   38.98358  -68.99522    13.6235   4.197429    35.3457     85.525     86.195    13.6385   4.199068    35.3471     0.0615 5.1962e-02    -0.0061   100.1533      98.63    225.682     5.1874 2.2897e+03          1         72 0.0000e+00
   38.98358  -68.99522    13.6170   4.195949    35.3380     84.406     85.067    13.6149   4.197029    35.3505     0.0603 5.8350e-02    -0.0059   100.1469      98.63    226.263     5.2008 2.3308e+03          1         24 0.0000e+00
   38.98358  -68.99522    13.5644   4.189074    35.3234     83.358     84.011    13.5622   4.189178    35.3268     0.0594 6.0126e-02    -0.0063   100.1569      98.63    225.805     5.1902 1.8762e+03          1         19 0.0000e+00
   38.98358  -68.99522    13.5519   4.187434    35.3200     82.315     82.959    13.5505   4.187495    35.3221     0.0529 5.9290e-02    -0.0063   100.1569      98.64    225.211     5.1766 2.3103e+03          1         19 0.0000e+00
   38.98358  -68.99522    13.5464   4.186663    35.3180     81.287     81.923    13.5476   4.186927    35.3196     0.0507 5.5805e-02    -0.0059   100.1472      98.63    225.878     5.1919 2.1199e+03          1         27 0.0000e+00
   38.98356  -68.99523    13.5401   4.185861    35.3158     80.573     81.203    13.5478   4.186860    35.3180     0.0586 4.8752e-02    -0.0062   100.1555      98.63    226.859     5.2144 1.8333e+03          1        104 0.0000e+00
   38.98356  -68.99520    13.5062   4.181103    35.3028     79.421     80.042    13.5377   4.185588    35.3154     0.0368 4.7971e-02    -0.0057   100.1421      98.64    226.794     5.2129 1.8289e+03          1         29 0.0000e+00
   38.98356  -68.99520    13.4186   4.169325    35.2751     78.419     79.032    13.4874   4.180079    35.3116     0.0438 4.7070e-02    -0.0055   100.1387      98.63    227.555     5.2304 1.7279e+03          1         18 0.0000e+00
   38.98356  -68.99520    13.3726   4.162949    35.2586     77.441     78.046    13.3797   4.165186    35.2735     0.0600 4.7381e-02    -0.0043   100.1078      98.63    227.584     5.2311 1.6764e+03          1         17 0.0000e+00
   38.98356  -68.99520    13.3361   4.158109    35.2475     76.399     76.996    13.3385   4.159226    35.2562     0.0617 4.8692e-02    -0.0040   100.1002      98.63    227.496     5.2290 1.6507e+03          1         17 0.0000e+00
   38.98355  -68.99522    13.3105   4.154636    35.2388     75.394     75.983    13.3163   4.155776    35.2445     0.0515 5.0951e-02    -0.0049   100.1218      98.64    227.653     5.2326 1.6385e+03          1         20 0.0000e+00
   38.98354  -68.99523    13.3089   4.154542    35.2380     74.623     75.206    13.3177   4.155742    35.2413     0.0631 5.4328e-02    -0.0038   100.0964      98.63    229.026     5.2642 1.6549e+03          1         68 0.0000e+00
   38.98354  -68.99522    13.2667   4.148810    35.2223     73.459     74.033    13.2896   4.152606    35.2370     0.0857 5.6996e-02    -0.0038   100.0958      98.64    229.647     5.2784 1.6513e+03          1         18 0.0000e+00
   38.98354  -68.99522    13.2241   4.143106    35.2090     72.443     73.009    13.2498   4.146927    35.2212     0.0885 5.9578e-02    -0.0039   100.0987      98.64    229.621     5.2778 1.6389e+03          1         15 0.0000e+00
   38.98353  -68.99523    13.2113   4.141378    35.2049     71.415     71.973    13.2245   4.143618    35.2141     0.1105 6.2276e-02     0.0002    99.9959      98.64    229.441     5.2737 1.6291e+03          1         15 0.0000e+00
   38.98352  -68.99524    13.1943   4.139066    35.1993     70.400     70.950    13.1971   4.139929    35.2052     0.0939 6.5067e-02    -0.0011   100.0267      98.64    229.592     5.2772 1.6236e+03          1         15 0.0000e+00
   38.98352  -68.99524    13.1775   4.136923    35.1950     69.415     69.957    13.1868   4.138338    35.2000     0.0722 6.7648e-02    -0.0020   100.0500      98.64    229.801     5.2820 1.6242e+03          1         19 0.0000e+00
   38.98351  -68.99523    13.1326   4.130936    35.1793     68.624     69.159    13.1732   4.136360    35.1929     0.0815 7.7153e-02    -0.0017   100.0427      98.64    230.237     5.2920 1.7078e+03          1        107 0.0000e+00
   38.98350  -68.99522    13.0031   4.113715    35.1371     67.536     68.063    13.0807   4.125899    35.1806     0.0817 8.7893e-02    -0.0009   100.0216      98.63    231.960     5.3315 1.7160e+03          1         21 0.0000e+00
   38.98350  -68.99522    12.9264   4.103133    35.1092     66.513     67.031    12.9232   4.104989    35.1315     0.0888 9.0226e-02    -0.0005   100.0110      98.65    231.903     5.3302 1.7119e+03          1         17 0.0000e+00
   38.98350  -68.99522    12.8407   4.091689    35.0815     65.469     65.979    12.8489   4.093889    35.0959     0.1031 9.3754e-02     0.0021    99.9459      98.65    231.991     5.3322 1.7185e+03          1         17 0.0000e+00
   38.98350  -68.99522    12.7537   4.080396    35.0560     64.452     64.954    12.7926   4.086601    35.0794     0.1042 9.8327e-02     0.0023    99.9430      98.64    232.404     5.3417 1.7296e+03          1         19 0.0000e+00
   38.98350  -68.99522    12.7009   4.073402    35.0385     63.462     63.956    12.7413   4.079254    35.0571     0.1068 1.0451e-01     0.0042    99.8965      98.64    233.177     5.3594 1.7513e+03          1         29 0.0000e+00
   38.98348  -68.99524    12.6828   4.071488    35.0342     62.749     63.238    12.6929   4.072841    35.0382     0.1202 1.1585e-01     0.0053    99.8669      98.64    235.918     5.4224 1.8702e+03          1        144 0.0000e+00
   38.98348  -68.99520    12.5571   4.054884    34.9921     61.507     61.985    12.6282   4.064780    35.0202     0.1288 1.4480e-01     0.0052    99.8691      98.63    236.776     5.4421 1.9477e+03          1         29 0.0000e+00
   38.98348  -68.99520    12.4845   4.045701    34.9714     60.482     60.952    12.5211   4.050601    34.9845     0.1478 1.5435e-01     0.0088    99.7792      98.64    237.442     5.4574 1.9810e+03          1         82 0.0000e+00
   38.98346  -68.99522    12.3538   4.027958    34.9238     59.584     60.048    12.4311   4.039508    34.9624     0.1481 1.5306e-01     0.0104    99.7415      98.64    239.360     5.5014 1.8663e+03          1         19 0.0000e+00
