Data/ruptures/KN207-01/QL-1/20701013.cnv
* Sea-Bird SBE 9 Data File:
* FileName = C:\Data\ctd\20701013.hex
* Software Version Seasave V 7.21e
* Temperature SN = 4406
* Conductivity SN = 1474
* Number of Bytes Per Scan = 40
* Number of Voltage Words = 5
* Number of Scans Averaged by the Deck Unit = 1
* NMEA Latitude = 38 59.81 N
* NMEA Longitude = 068 59.59 W
* NMEA UTC (Time) = Apr 23 2012 14:10:44
** R/V Knorr Cruise # KN207-01 QL1
** Chief Scientist: Ben Van Mooy
# nquan = 21
# nvalues = 403                         
# units = specified
# name 0 = latitude: Latitude [deg]
# name 1 = longitude: Longitude [deg]
# name 2 = t090C: Temperature [ITS-90, deg C]
# name 3 = c0S/m: Conductivity [S/m]
# name 4 = sal00: Salinity, Practical [PSU]
# name 5 = depSM: Depth [salt water, m]
# name 6 = prDM: Pressure, Digiquartz [db]
# name 7 = t190C: Temperature, 2 [ITS-90, deg C]
# name 8 = c1S/m: Conductivity, 2 [S/m]
# name 9 = sal11: Salinity, Practical, 2 [PSU]
# name 10 = flECO-AFL: Fluorescence, WET Labs ECO-AFL/FL [mg/m^3]
# name 11 = par: PAR/Irradiance, Biospherical/Licor
# name 12 = bat: Beam Attenuation, Chelsea/Seatech [1/m]
# name 13 = xmiss: Beam Transmission, Chelsea/Seatech [%]
# name 14 = altM: Altimeter [m]
# name 15 = sbeox0Mm/Kg: Oxygen, SBE 43 [umol/kg]
# name 16 = sbeox0ML/L: Oxygen, SBE 43 [ml/l]
# name 17 = spar: SPAR/Surface Irradiance
# name 18 = pumps: Pump Status
# name 19 = nbin: number of scans per bin
# name 20 = flag: flag
# span 0 =   38.99516,   38.99728       
# span 1 =  -68.99323,  -68.98920       
# span 2 =    11.2253,    14.6998       
# span 3 =   3.873063,   4.357214       
# span 4 =    33.7901,    35.8153       
# span 5 =      2.187,    201.972       
# span 6 =      2.203,    203.614       
# span 7 =    11.2205,    14.6997       
# span 8 =   3.873501,   4.357162       
# span 9 =    33.8050,    35.8168       
# span 10 =     0.0029,     2.7774      
# span 11 = 1.0000e-12, 9.5380e+00      
# span 12 =    -0.0140,     0.2941      
# span 13 =    92.9109,   100.3514      
# span 14 =       1.41,      98.68      
# span 15 =    138.973,    424.384      
# span 16 =     3.1955,     9.7465      
# span 17 = 1.2129e+02, 4.8182e+02      
# span 18 =          1,          1      
# span 19 =          9,        520      
# span 20 = 0.0000e+00, 0.0000e+00      
# interval = decibars: 1                
# start_time = Apr 23 2012 14:10:44 [NMEA time, header]
# bad_flag = -9.990e-29
*END*
   38.99693  -68.99323    11.9879   3.874753    33.7901      3.968      3.999    11.9880   3.876312    33.8050     1.2819 3.9331e+00     0.2754    93.3473       1.91    342.730     7.8711 1.2129e+02          1        139 0.0000e+00
   38.99694  -68.99317    11.9873   3.876793    33.8100      4.816      4.853    11.9874   3.877344    33.8152     1.2724 3.6596e+00     0.2755    93.3454       2.68    357.803     8.2174 1.3441e+02          1        148 0.0000e+00
   38.99694  -68.99314    11.9859   3.877303    33.8158      5.932      5.977    11.9852   3.877738    33.8206     1.2856 3.1998e+00     0.2740    93.3792       1.83    376.369     8.6438 1.4042e+02          1         20 0.0000e+00
   38.99694  -68.99314    11.9855   3.877519    33.8178      6.983      7.037    11.9852   3.877833    33.8211     1.2593 2.6263e+00     0.2747    93.3629       1.65    386.566     8.8780 1.4230e+02          1         29 0.0000e+00
   38.99694  -68.99312    11.9849   3.877480    33.8176      7.728      7.787    11.9849   3.877647    33.8193     1.2846 2.3908e+00     0.2741    93.3770       2.10    424.384     9.7465 1.4273e+02          1         74 0.0000e+00
   38.99694  -68.99312    11.9845   3.877775    33.8203      8.960      9.029    11.9845   3.878080    33.8233     1.2718 1.9655e+00     0.2729    93.4049       1.97    416.053     9.5552 1.4435e+02          1         35 0.0000e+00
   38.99694  -68.99308    11.9849   3.877766    33.8195      9.722      9.797    11.9849   3.878168    33.8235     1.3302 1.7712e+00     0.2746    93.3653       1.92    275.572     6.3289 1.4588e+02          1        100 0.0000e+00
   38.99694  -68.99306    11.9840   3.877856    33.8207     10.941     11.025    11.9842   3.878300    33.8249     1.3171 1.4173e+00     0.2738    93.3851       1.78    235.352     5.4052 1.4668e+02          1         29 0.0000e+00
   38.99694  -68.99306    11.9832   3.877870    33.8211     12.054     12.146    11.9826   3.878408    33.8269     1.2988 1.2971e+00     0.2746    93.3667       1.98    251.209     5.7694 1.4898e+02          1         81 0.0000e+00
   38.99695  -68.99305    11.9836   3.877886    33.8205     12.872     12.971    11.9832   3.878543    33.8272     1.3210 1.2331e+00     0.2742    93.3762       1.86    235.226     5.4023 1.4857e+02          1         56 0.0000e+00
   38.99696  -68.99304    11.9841   3.878124    33.8219     13.862     13.969    11.9843   3.878726    33.8276     1.3332 1.0217e+00     0.2734    93.3943       1.72    231.980     5.3277 1.5001e+02          1         75 0.0000e+00
   38.99696  -68.99302    11.9852   3.878128    33.8205     14.918     15.032    11.9851   3.878732    33.8264     1.3304 9.1124e-01     0.2728    93.4077       1.63    241.689     5.5507 1.5112e+02          1         48 0.0000e+00
   38.99696  -68.99302    11.9851   3.878192    33.8208     15.836     15.957    11.9845   3.878724    33.8266     1.3501 8.1115e-01     0.2734    93.3944       1.60    237.134     5.4461 1.5138e+02          1         37 0.0000e+00
   38.99696  -68.99302    11.9724   3.878063    33.8310     16.881     17.010    11.9684   3.878708    33.8410     1.3677 7.2830e-01     0.2756    93.3416       1.49    239.205     5.4937 1.5168e+02          1         29 0.0000e+00
   38.99696  -68.99301    11.9754   3.878012    33.8271     17.939     18.077    11.9523   3.878738    33.8558     1.4229 6.7618e-01     0.2727    93.4115       1.41    236.402     5.4293 1.5144e+02          1         28 0.0000e+00
   38.99696  -68.99300    11.9719   3.878176    33.8317     18.604     18.746    11.9677   3.878792    33.8415     1.3843 6.3401e-01     0.2733    93.3963      61.07    228.425     5.2461 1.4907e+02          1         64 0.0000e+00
   38.99696  -68.99300    11.8330   3.878387    33.9633     19.854     20.007    11.7952   3.878885    34.0036     1.4015 5.0585e-01     0.2730    93.4040      51.38    221.164     5.0800 1.4838e+02          1         23 0.0000e+00
   38.99696  -68.99300    11.8880   3.878486    33.9114     20.954     21.115    11.8556   3.878951    33.9459     2.0607 4.4332e-01     0.2803    93.2329      97.00    238.676     5.4820 1.4730e+02          1         88 0.0000e+00
   38.99697  -68.99298    11.4550   3.877338    34.3096     21.810     21.978    11.4254   3.878056    34.3446     1.9605 4.0660e-01     0.2760    93.3325      57.31    237.844     5.4649 1.4528e+02          1         23 0.0000e+00
   38.99698  -68.99296    11.2253   3.876912    34.5233     22.817     22.992    11.2205   3.877680    34.5351     2.1765 3.5267e-01     0.2811    93.2138      97.66    230.352     5.2939 1.4474e+02          1         18 0.0000e+00
   38.99698  -68.99296    11.2449   3.878483    34.5175     23.848     24.031    11.2355   3.879403    34.5353     2.5960 3.0177e-01     0.2904    92.9967      51.63    225.796     5.1891 1.4463e+02          1         25 0.0000e+00
   38.99699  -68.99295    11.4859   3.881446    34.3133     24.631     24.821    11.2684   3.884333    34.5483     2.7774 2.9090e-01     0.2893    93.0219      98.59    240.020     5.5149 1.4212e+02          1         87 0.0000e+00
   38.99700  -68.99294    11.2910   3.881614    34.4972     25.566     25.763    11.2777   3.886665    34.5579     2.5866 2.2956e-01     0.2836    93.1557      98.59    220.269     5.0620 1.3882e+02          1         85 0.0000e+00
   38.99698  -68.99292    11.3226   3.883681    34.4844     26.772     26.978    11.3224   3.885559    34.5016     2.3710 1.6923e-01     0.2760    93.3324      98.60    207.102     4.7593 1.3979e+02          1         18 0.0000e+00
   38.99698  -68.99292    11.3421   3.888960    34.5170     27.802     28.016    11.3472   3.888895    34.5102     2.2632 1.5174e-01     0.2616    93.6708      98.59    205.745     4.7283 1.3991e+02          1         18 0.0000e+00
   38.99698  -68.99292    11.3289   3.889532    34.5346     28.847     29.069    11.3292   3.889137    34.5292     2.0391 1.4156e-01     0.2647    93.5979      98.59    209.655     4.8182 1.3854e+02          1         28 0.0000e+00
   38.99699  -68.99292    11.3663   3.892016    34.5223     29.680     29.909    11.3246   3.894261    34.5833     1.5162 1.4434e-01     0.2152    94.7632      98.59    235.717     5.4171 1.3616e+02          1         96 0.0000e+00
   38.99700  -68.99292    11.3330   3.892676    34.5595     30.800     31.037    11.3310   3.896293    34.5964     1.3325 1.0703e-01     0.1654    95.9491      98.60    227.811     5.2355 1.3598e+02          1         47 0.0000e+00
   38.99701  -68.99290    11.3376   3.894569    34.5730     31.640     31.883    11.3371   3.898052    34.6073     1.2365 9.4314e-02     0.1485    96.3549      98.59    216.922     4.9853 1.3573e+02          1         72 0.0000e+00
   38.99702  -68.99288    11.3642   3.895967    34.5605     32.736     32.988    11.3604   3.898058    34.5843     1.1518 9.0062e-02     0.1399    96.5637      41.60    212.003     4.8722 1.3442e+02          1         27 0.0000e+00
   38.99702  -68.99288    11.4028   3.897661    34.5395     33.856     34.117    11.4006   3.898825    34.5528     0.9521 8.1393e-02     0.1218    97.0005      98.59    214.548     4.9306 1.3400e+02          1         42 0.0000e+00
   38.99704  -68.99288    11.4499   3.900194    34.5193     34.626     34.893    11.4502   3.900246    34.5193     0.7926 7.3977e-02     0.1081    97.3322      98.59    217.255     4.9927 1.3399e+02          1         58 0.0000e+00
   38.99704  -68.99288    11.5360   3.901417    34.4489     35.726     36.002    11.5354   3.901445    34.4495     0.7143 6.5781e-02     0.0907    97.7595      98.58    218.370     5.0180 1.3402e+02          1         37 0.0000e+00
   38.99704  -68.99287    11.5846   3.903214    34.4204     36.711     36.994    11.5783   3.902918    34.4234     0.6429 5.9260e-02     0.0768    98.0984      98.60    217.159     4.9900 1.3368e+02          1         43 0.0000e+00
   38.99704  -68.99284    11.6386   3.905636    34.3935     37.729     38.020    11.6573   3.905376    34.3730     0.5384 5.2992e-02     0.0674    98.3289      98.48    213.313     4.9015 1.3289e+02          1         66 0.0000e+00
   38.99704  -68.99284    11.6914   3.908021    34.3674     38.665     38.963    11.6937   3.908756    34.3724     0.5092 4.8412e-02     0.0588    98.5412      95.20    207.255     4.7621 1.3212e+02          1         39 0.0000e+00
   38.99704  -68.99282    11.6945   3.910639    34.3906     39.738     40.045    11.6970   3.911770    34.3993     0.4889 4.4730e-02     0.0488    98.7859      87.16    205.184     4.7146 1.3156e+02          1         44 0.0000e+00
   38.99704  -68.99282    11.6925   3.914088    34.4270     40.474     40.787    11.6952   3.915762    34.4408     0.4429 4.1569e-02     0.0491    98.7802      73.33    202.961     4.6637 1.3013e+02          1         65 0.0000e+00
   38.99704  -68.99281    11.6922   3.922036    34.5053     41.630     41.952    11.6924   3.922798    34.5126     0.4504 3.6520e-02     0.0428    98.9361      98.60    200.720     4.6124 1.3161e+02          1         22 0.0000e+00
   38.99704  -68.99280    11.6883   3.923644    34.5246     42.687     43.017    11.6860   3.925588    34.5460     0.4504 3.3091e-02     0.0404    98.9957      98.59    201.474     4.6298 1.3150e+02          1         21 0.0000e+00
   38.99704  -68.99280    11.6762   3.923823    34.5376     43.760     44.099    11.6742   3.925131    34.5524     0.4403 3.0182e-02     0.0393    99.0236      98.60    206.843     4.7533 1.3122e+02          1         34 0.0000e+00
   38.99705  -68.99280    11.7341   3.924892    34.4930     44.497     44.841    11.7437   3.925394    34.4890     0.3622 2.9697e-02     0.0367    99.0874      98.60    207.226     4.7619 1.2854e+02          1        135 0.0000e+00
   38.99706  -68.99280    11.8318   3.928970    34.4403     45.610     45.964    11.8263   3.928667    34.4426     0.3166 2.7536e-02     0.0296    99.2628      98.59    195.139     4.4839 1.2931e+02          1         31 0.0000e+00
   38.99708  -68.99277    11.8697   3.932551    34.4392     46.626     46.987    11.8780   3.932293    34.4289     0.3029 2.4721e-02     0.0269    99.3298      98.59    192.561     4.4246 1.3070e+02          1         22 0.0000e+00
   38.99708  -68.99276    11.9643   3.938820    34.4104     47.603     47.972    11.9780   3.938854    34.3978     0.2783 2.2599e-02     0.0263    99.3452      98.60    191.848     4.4080 1.3119e+02          1         16 0.0000e+00
   38.99708  -68.99276    12.0274   3.942085    34.3824     48.592     48.969    12.0346   3.950734    34.4598     0.2531 2.0920e-02     0.0242    99.3966      98.60    193.058     4.4357 1.3161e+02          1         16 0.0000e+00
   38.99708  -68.99276    12.0367   3.940303    34.3565     49.651     50.036    12.0461   3.965849    34.5964     0.2141 1.9370e-02     0.0205    99.4894      98.60    196.397     4.5123 1.3150e+02          1         20 0.0000e+00
   38.99708  -68.99276    12.0478   3.948924    34.4313     50.427     50.818    12.0468   3.977870    34.7142     0.2373 1.8783e-02     0.0184    99.5397      98.59    202.396     4.6504 1.2995e+02          1         55 0.0000e+00
   38.99708  -68.99272    12.1037   3.983686    34.7178     51.603     52.004    12.1039   3.989648    34.7760     0.2143 1.7916e-02     0.0192    99.5213      98.60    190.693     4.3824 1.3127e+02          1         13 0.0000e+00
   38.99708  -68.99272    12.1282   3.990307    34.7587     52.602     53.011    12.1310   3.994330    34.7955     0.2047 1.6906e-02     0.0170    99.5767      98.59    192.821     4.4314 1.3161e+02          1         13 0.0000e+00
   38.99708  -68.99272    12.1405   3.994198    34.7847     53.624     54.041    12.1408   3.997970    34.8213     0.1847 1.6011e-02     0.0158    99.6069      98.60    201.426     4.6293 1.3161e+02          1         15 0.0000e+00
   38.99708  -68.99272    12.1468   3.995299    34.7893     54.647     55.071    12.1467   3.999190    34.8276     0.1900 1.5233e-02     0.0152    99.6219      98.59    221.386     5.0880 1.3161e+02          1         20 0.0000e+00
   38.99708  -68.99271    12.1485   3.997819    34.8132     55.426     55.857    12.1456   4.000095    34.8383     0.1886 1.4558e-02     0.0141    99.6479      98.59    239.381     5.5017 1.3114e+02          1         67 0.0000e+00
   38.99708  -68.99268    12.1647   4.002202    34.8416     56.535     56.974    12.1644   4.002102    34.8410     0.1776 1.4075e-02     0.0146    99.6360      98.59    234.366     5.3865 1.3315e+02          1         13 0.0000e+00
   38.99708  -68.99268    12.2006   4.006001    34.8438     57.569     58.016    12.2016   4.005366    34.8367     0.1772 1.3780e-02     0.0133    99.6672      98.59    235.733     5.4179 1.3400e+02          1         14 0.0000e+00
   38.99708  -68.99268    12.2699   4.014449    34.8590     58.540     58.995    12.2751   4.013642    34.8464     0.1472 1.3338e-02     0.0128    99.6815      98.60    237.210     5.4518 1.3384e+02          1         13 0.0000e+00
   38.99708  -68.99268    12.3144   4.021049    34.8803     59.549     60.012    12.3162   4.020605    34.8745     0.1518 1.2732e-02     0.0127    99.6829      98.59    238.658     5.4852 1.3436e+02          1         17 0.0000e+00
   38.99709  -68.99266    12.3187   4.023174    34.8980     60.612     61.083    12.3220   4.023707    34.9001     0.1720 1.1453e-02     0.0103    99.7435      98.59    238.972     5.4924 1.3501e+02          1         88 0.0000e+00
   38.99710  -68.99266    12.4124   4.033663    34.9113     61.513     61.991    12.4154   4.034561    34.9173     0.1724 1.1702e-02     0.0086    99.7859      98.59    237.381     5.4558 1.4090e+02          1         18 0.0000e+00
   38.99710  -68.99266    12.4615   4.041119    34.9364     62.522     63.009    12.4630   4.041489    34.9387     0.1476 1.1455e-02     0.0090    99.7743      98.59    236.566     5.4372 1.4234e+02          1         21 0.0000e+00
   38.99710  -68.99266    12.4956   4.045481    34.9460     63.512     64.007    12.4999   4.046161    34.9486     0.1404 1.0902e-02     0.0087    99.7820      98.59    236.254     5.4300 1.4438e+02          1         22 0.0000e+00
   38.99710  -68.99265    12.5113   4.048064    34.9562     64.523     65.025    12.5087   4.048110    34.9593     0.1613 1.0132e-02     0.0080    99.8012      98.59    237.247     5.4529 1.4714e+02          1         28 0.0000e+00
   38.99710  -68.99258    12.5164   4.048831    34.9592     65.553     66.064    12.5180   4.049250    34.9617     0.1609 9.2365e-03     0.0065    99.8376      98.59    237.009     5.4474 1.5139e+02          1         39 0.0000e+00
   38.99711  -68.99259    12.5779   4.057411    34.9845     66.249     66.765    12.5783   4.057158    34.9817     0.1510 9.6166e-03     0.0066    99.8343      82.60    236.352     5.4323 1.5707e+02          1         46 0.0000e+00
   38.99712  -68.99260    12.6569   4.068007    35.0118     67.449     67.975    12.6616   4.067831    35.0056     0.1580 9.9777e-03     0.0057    99.8580      98.59    237.148     5.4507 1.6385e+02          1         22 0.0000e+00
   38.99712  -68.99260    12.7665   4.082614    35.0475     68.448     68.982    12.7751   4.082467    35.0380     0.1567 9.6629e-03     0.0047    99.8832      98.59    236.752     5.4416 1.6762e+02          1         21 0.0000e+00
   38.99712  -68.99258    12.8211   4.090239    35.0688     69.462     70.004    12.8213   4.090330    35.0696     0.1395 9.3556e-03     0.0039    99.9044      98.60    236.404     5.4336 1.7102e+02          1         18 0.0000e+00
   38.99712  -68.99254    12.8230   4.090641    35.0713     70.487     71.037    12.8199   4.090350    35.0716     0.1114 9.0498e-03     0.0032    99.9218      98.59    236.559     5.4372 1.7354e+02          1         25 0.0000e+00
