Data/ruptures/KN207-01/QL-1/20701028.cnv
* Sea-Bird SBE 9 Data File:
* FileName = C:\Data\ctd\20701028.hex
* Software Version Seasave V 7.21e
* Temperature SN = 4406
* Conductivity SN = 1474
* Number of Bytes Per Scan = 40
* Number of Voltage Words = 5
* Number of Scans Averaged by the Deck Unit = 1
* NMEA Latitude = 38 53.71 N
* NMEA Longitude = 069 01.48 W
* NMEA UTC (Time) = Apr 25 2012 10:04:54
** R/V Knorr Cruise # KN207-01 QL1
** Chief Scientist: Ben Van Mooy
# nquan = 21
# nvalues = 397                         
# units = specified
# name 0 = latitude: Latitude [deg]
# name 1 = longitude: Longitude [deg]
# name 2 = t090C: Temperature [ITS-90, deg C]
# name 3 = c0S/m: Conductivity [S/m]
# name 4 = sal00: Salinity, Practical [PSU]
# name 5 = depSM: Depth [salt water, m]
# name 6 = prDM: Pressure, Digiquartz [db]
# name 7 = t190C: Temperature, 2 [ITS-90, deg C]
# name 8 = c1S/m: Conductivity, 2 [S/m]
# name 9 = sal11: Salinity, Practical, 2 [PSU]
# name 10 = flECO-AFL: Fluorescence, WET Labs ECO-AFL/FL [mg/m^3]
# name 11 = par: PAR/Irradiance, Biospherical/Licor
# name 12 = bat: Beam Attenuation, Chelsea/Seatech [1/m]
# name 13 = xmiss: Beam Transmission, Chelsea/Seatech [%]
# name 14 = altM: Altimeter [m]
# name 15 = sbeox0Mm/Kg: Oxygen, SBE 43 [umol/kg]
# name 16 = sbeox0ML/L: Oxygen, SBE 43 [ml/l]
# name 17 = spar: SPAR/Surface Irradiance
# name 18 = pumps: Pump Status
# name 19 = nbin: number of scans per bin
# name 20 = flag: flag
# span 0 =   38.89299,   38.89516       
# span 1 =  -69.02736,  -69.02470       
# span 2 =    11.2848,    14.7394       
# span 3 =   3.608182,   4.360876       
# span 4 =    31.1655,    35.8360       
# span 5 =      2.891,    199.211       
# span 6 =      2.914,    200.827       
# span 7 =    11.2573,    14.7394       
# span 8 =   3.781496,   4.361153       
# span 9 =    32.8299,    35.8435       
# span 10 =     0.0031,     2.7746      
# span 11 = 1.0000e-12, 8.3177e+00      
# span 12 =    -0.0150,     0.3317      
# span 13 =    92.0425,   100.3770      
# span 14 =       5.47,      98.62      
# span 15 =    146.513,    451.608      
# span 16 =     3.3686,    10.3704      
# span 17 = 6.9195e+01, 2.5906e+02      
# span 18 =          0,          1      
# span 19 =         12,        861      
# span 20 = 0.0000e+00, 0.0000e+00      
# interval = decibars: 1                
# start_time = Apr 25 2012 10:04:54 [NMEA time, header]
# bad_flag = -9.990e-29
*END*
[from data line 69]
   38.89490  -69.02514    13.2757   4.147977    35.1926     71.455     72.012    13.2738   4.146592    35.1815     0.1371 1.0000e-12     0.0143    99.6418      98.48    228.472     5.2513 8.4664e+01          1         22 0.0000e+00
   38.89490  -69.02515    13.3377   4.156353    35.2140     72.463     73.028    13.3370   4.155390    35.2058     0.1319 1.0000e-12     0.0075    99.8122      98.48    230.159     5.2901 8.4553e+01          1         21 0.0000e+00
   38.89490  -69.02516    13.3843   4.162588    35.2302     73.499     74.072    13.3827   4.161974    35.2261     0.1153 1.0000e-12     0.0069    99.8271      98.48    229.681     5.2792 8.4765e+01          1         39 0.0000e+00
   38.89489  -69.02516    13.3677   4.160704    35.2316     74.188     74.767    13.3687   4.160320    35.2271     0.1292 1.0000e-12     0.0114    99.7165      98.48    227.877     5.2377 8.4864e+01          1         45 0.0000e+00
   38.89488  -69.02516    13.4409   4.170181    35.2531     75.416     76.005    13.4411   4.169878    35.2501     0.1117 1.0000e-12     0.0083    99.7926      98.49    227.251     5.2233 8.4871e+01          1         21 0.0000e+00
   38.89488  -69.02516    13.4598   4.172884    35.2611     76.424     77.021    13.4603   4.172634    35.2583     0.0758 1.0000e-12     0.0051    99.8731      98.49    228.106     5.2430 8.4866e+01          1         22 0.0000e+00
   38.89488  -69.02516    13.4762   4.175122    35.2672     77.427     78.032    13.4778   4.175286    35.2673     0.0936 1.0000e-12     0.0032    99.9204      98.48    228.171     5.2445 8.4988e+01          1         30 0.0000e+00
   38.89488  -69.02518    13.4609   4.173146    35.2648     78.147     78.757    13.4562   4.172573    35.2638     0.1060 1.0000e-12     0.0041    99.8971      98.49    227.288     5.2242 8.5638e+01          1        120 0.0000e+00
   38.89486  -69.02518    13.5356   4.183591    35.2932     79.378     79.998    13.5348   4.183290    35.2911     0.0887 1.0000e-12     0.0043    99.8909      98.49    226.938     5.2162 8.6066e+01          1         24 0.0000e+00
   38.89486  -69.02518    13.5639   4.187682    35.3049     80.385     81.013    13.5653   4.187062    35.2977     0.0736 1.0000e-12     0.0013    99.9668      98.48    227.340     5.2254 8.6510e+01          1         23 0.0000e+00
   38.89486  -69.02518    13.6554   4.200102    35.3354     81.405     82.042    13.6540   4.199469    35.3308     0.0659 1.0000e-12    -0.0007   100.0165      98.49    226.714     5.2111 8.6676e+01          1         35 0.0000e+00
   38.89486  -69.02519    13.6585   4.200536    35.3383     82.473     83.118    13.6688   4.202235    35.3446     0.0778 1.0000e-12    -0.0012   100.0291      98.49    225.480     5.1827 8.6905e+01          1        124 0.0000e+00
   38.89486  -69.02520    13.7199   4.209212    35.3625     83.288     83.940    13.7246   4.208877    35.3551     0.0392 1.0000e-12    -0.0013   100.0329      98.49    224.571     5.1619 8.6995e+01          1         25 0.0000e+00
   38.89486  -69.02520    13.7636   4.214915    35.3747     84.353     85.013    13.7633   4.214927    35.3752     0.0506 1.0000e-12    -0.0024   100.0608      98.48    225.628     5.1862 8.6995e+01          1         19 0.0000e+00
   38.89486  -69.02520    13.7642   4.215047    35.3754     85.382     86.051    13.7643   4.215129    35.3762     0.0467 1.0000e-12    -0.0032   100.0794      98.49    226.000     5.1947 8.6883e+01          1         20 0.0000e+00
   38.89486  -69.02520    13.7616   4.214739    35.3756     86.547     87.225    13.7625   4.214936    35.3767     0.0611 1.0000e-12    -0.0039   100.0972      98.49    224.607     5.1627 8.7389e+01          1         85 0.0000e+00
   38.89484  -69.02524    13.7865   4.218323    35.3864     87.195     87.878    13.7891   4.218218    35.3831     0.0769 1.0000e-12     0.0001    99.9983      98.49    223.870     5.1458 8.7344e+01          1         64 0.0000e+00
   38.89484  -69.02524    13.8757   4.230502    35.4162     88.292     88.984    13.8754   4.230411    35.4158     0.0723 1.0000e-12    -0.0031   100.0770      98.49    224.267     5.1549 8.7939e+01          1         26 0.0000e+00
   38.89484  -69.02524    13.9054   4.234834    35.4288     89.284     89.984    13.9071   4.234427    35.4234     0.0446 1.0000e-12    -0.0051   100.1278      98.49    224.636     5.1634 8.8256e+01          1         23 0.0000e+00
   38.89484  -69.02524    13.9351   4.238758    35.4377     90.382     91.091    13.9347   4.238761    35.4381     0.0531 1.0000e-12    -0.0050   100.1256      98.49    223.839     5.1451 8.8811e+01          1         43 0.0000e+00
   38.89484  -69.02524    13.9317   4.238335    35.4380     91.054     91.768    13.9344   4.238735    35.4393     0.0638 1.0000e-12    -0.0044   100.1107      98.49    224.043     5.1498 8.8799e+01          1         94 0.0000e+00
   38.89482  -69.02524    13.9554   4.241576    35.4462     92.251     92.975    13.9548   4.241457    35.4458     0.0675 1.0000e-12    -0.0046   100.1165      98.49    224.169     5.1527 8.8883e+01          1         26 0.0000e+00
   38.89482  -69.02524    13.9616   4.242440    35.4484     93.269     94.001    13.9617   4.242492    35.4488     0.0516 1.0000e-12    -0.0039   100.0968      98.49    224.279     5.1552 8.9061e+01          1         27 0.0000e+00
   38.89482  -69.02524    13.9672   4.243239    35.4506     94.310     95.051    13.9654   4.243037    35.4504     0.0575 1.0000e-12    -0.0035   100.0877      98.49    223.872     5.1459 8.9180e+01          1         49 0.0000e+00
   38.89482  -69.02528    13.9806   4.245070    35.4551     95.227     95.975    13.9802   4.245022    35.4551     0.0640 1.0000e-12    -0.0050   100.1236      98.49    223.833     5.1450 8.9392e+01          1         67 0.0000e+00
   38.89482  -69.02528    13.9947   4.247009    35.4601     96.128     96.884    13.9918   4.246693    35.4599     0.0569 1.0000e-12    -0.0042   100.1052      98.49    223.900     5.1465 8.9359e+01          1         67 0.0000e+00
   38.89482  -69.02528    13.9967   4.247382    35.4616     97.233     97.997    13.9967   4.247448    35.4622     0.0647 1.0000e-12    -0.0046   100.1145      98.49    223.324     5.1333 8.9569e+01          1         26 0.0000e+00
   38.89482  -69.02528    14.0154   4.250172    35.4696     98.268     99.040    14.0154   4.249798    35.4661     0.0507 1.0000e-12    -0.0057   100.1434      98.49    222.960     5.1249 9.0487e+01          1         23 0.0000e+00
   38.89482  -69.02528    14.0371   4.253107    35.4763     99.332    100.113    14.0373   4.253201    35.4770     0.0492 1.0000e-12    -0.0054   100.1352      98.49    223.263     5.1319 9.0679e+01          1         43 0.0000e+00
   38.89480  -69.02530    14.0349   4.252863    35.4764     99.986    100.773    14.0410   4.253750    35.4789     0.0403 1.0000e-12    -0.0050   100.1241      98.49    223.659     5.1410 9.1030e+01          1         94 0.0000e+00
   38.89480  -69.02530    14.0537   4.255420    35.4823    101.175    101.972    14.0540   4.255542    35.4833     0.0548 1.0000e-12    -0.0047   100.1169      98.49    223.289     5.1325 9.0809e+01          1         31 0.0000e+00
   38.89480  -69.02530    14.0535   4.255443    35.4825    102.227    103.032    14.0537   4.255548    35.4834     0.0454 1.0000e-12    -0.0036   100.0907      98.49    223.153     5.1294 9.1380e+01          1         29 0.0000e+00
   38.89480  -69.02530    14.0532   4.255414    35.4823    103.227    104.040    14.0534   4.255558    35.4835     0.0602 1.0000e-12    -0.0045   100.1139      98.50    223.535     5.1382 9.1514e+01          1         39 0.0000e+00
   38.89480  -69.02530    14.0534   4.255502    35.4827    104.142    104.963    14.0530   4.255518    35.4833     0.0567 1.0000e-12    -0.0046   100.1160      98.49    223.507     5.1375 9.1976e+01          1         43 0.0000e+00
   38.89480  -69.02531    14.0546   4.255694    35.4830    105.157    105.986    14.0545   4.255765    35.4838     0.0581 1.0000e-12    -0.0043   100.1082      98.49    223.448     5.1362 9.1574e+01          1         38 0.0000e+00
   38.89480  -69.02532    14.0646   4.257107    35.4864    106.176    107.013    14.0650   4.257137    35.4864     0.0475 1.0000e-12    -0.0043   100.1084      98.49    223.589     5.1394 9.1578e+01          1         37 0.0000e+00
   38.89480  -69.02532    14.0711   4.257994    35.4883    107.132    107.977    14.0712   4.258078    35.4890     0.0386 1.0000e-12    -0.0051   100.1275      98.49    223.747     5.1431 9.1660e+01          1         33 0.0000e+00
   38.89480  -69.02532    14.0837   4.259841    35.4933    108.081    108.933    14.0844   4.259822    35.4925     0.0409 1.0000e-12    -0.0044   100.1107      98.49    223.521     5.1379 9.2275e+01          1         30 0.0000e+00
   38.89478  -69.02532    14.1093   4.263516    35.5030    109.105    109.966    14.1080   4.263170    35.5010     0.0432 1.0000e-12    -0.0058   100.1452      98.49    223.164     5.1296 9.3344e+01          1         26 0.0000e+00
   38.89478  -69.02532    14.1278   4.266164    35.5100    110.150    111.019    14.1292   4.266301    35.5099     0.0091 1.0000e-12    -0.0057   100.1412      98.50    222.867     5.1228 9.3258e+01          1         26 0.0000e+00
   38.89478  -69.02532    14.1445   4.268547    35.5161    111.151    112.028    14.1446   4.268523    35.5158     0.0234 1.0000e-12    -0.0053   100.1330      98.49    222.641     5.1176 9.3408e+01          1         24 0.0000e+00
   38.89478  -69.02532    14.1494   4.269289    35.5182    112.124    113.009    14.1491   4.269183    35.5175     0.0325 1.0000e-12    -0.0053   100.1333      98.48    222.671     5.1183 9.3299e+01          1         23 0.0000e+00
   38.89478  -69.02533    14.1675   4.271792    35.5242    113.123    114.016    14.1668   4.271651    35.5236     0.0221 1.0000e-12    -0.0053   100.1308      98.49    222.657     5.1180 9.3289e+01          1         28 0.0000e+00
   38.89478  -69.02534    14.1865   4.274461    35.5310    114.123    115.024    14.1857   4.274260    35.5299     0.0561 1.0000e-12    -0.0051   100.1270      98.49    222.971     5.1253 9.3576e+01          1         40 0.0000e+00
   38.89478  -69.02534    14.2143   4.278437    35.5417    115.057    115.966    14.2123   4.278053    35.5400     0.0453 1.0000e-12    -0.0049   100.1219      98.49    222.513     5.1147 9.3687e+01          1         31 0.0000e+00
   38.89478  -69.02534    14.2248   4.280016    35.5463    116.065    116.982    14.2249   4.279998    35.5461     0.0453 1.0000e-12    -0.0056   100.1398      98.49    221.987     5.1026 9.3687e+01          1         20 0.0000e+00
   38.89478  -69.02534    14.2338   4.281401    35.5505    117.085    118.011    14.2341   4.281378    35.5500     0.0505 1.0000e-12    -0.0059   100.1471      98.49    222.139     5.1061 9.3818e+01          1         17 0.0000e+00
   38.89476  -69.02536    14.2463   4.283184    35.5551    118.065    118.999    14.2451   4.282999    35.5544     0.0431 1.0000e-12    -0.0056   100.1410      98.49    222.069     5.1046 9.3687e+01          1         17 0.0000e+00
   38.89476  -69.02536    14.2515   4.283964    35.5572    119.070    120.012    14.2513   4.283940    35.5572     0.0395 1.0000e-12    -0.0052   100.1302      98.50    222.231     5.1083 9.3788e+01          1         22 0.0000e+00
   38.89476  -69.02536    14.2584   4.284982    35.5601    120.087    121.038    14.2579   4.284971    35.5604     0.0316 1.0000e-12    -0.0062   100.1544      98.49    222.379     5.1117 9.3687e+01          1         36 0.0000e+00
   38.89476  -69.02536    14.2662   4.286106    35.5631    121.002    121.960    14.2658   4.286083    35.5633     0.0191 1.0000e-12    -0.0060   100.1493      98.49    222.547     5.1155 9.4093e+01          1         33 0.0000e+00
   38.89476  -69.02536    14.2707   4.286784    35.5650    121.993    122.959    14.2706   4.286788    35.5651     0.0378 1.0000e-12    -0.0063   100.1583      98.49    222.634     5.1176 9.3788e+01          1         22 0.0000e+00
   38.89476  -69.02536    14.2825   4.288517    35.5697    123.017    123.992    14.2833   4.288463    35.5685     0.0510 1.0000e-12    -0.0068   100.1704      98.50    222.628     5.1174 9.4744e+01          1         19 0.0000e+00
   38.89476  -69.02536    14.2976   4.290596    35.5745    123.986    124.968    14.2970   4.290481    35.5740     0.0457 1.0000e-12    -0.0058   100.1453      98.50    222.594     5.1166 9.5779e+01          1         16 0.0000e+00
   38.89476  -69.02536    14.3055   4.291737    35.5774    125.001    125.992    14.3054   4.291647    35.5766     0.0394 1.0000e-12    -0.0055   100.1360      98.49    222.589     5.1165 9.5026e+01          1         20 0.0000e+00
   38.89476  -69.02536    14.3176   4.293420    35.5813    126.054    127.054    14.3176   4.293457    35.5817     0.0348 1.0000e-12    -0.0063   100.1573      98.50    222.526     5.1151 9.5472e+01          1         25 0.0000e+00
   38.89476  -69.02537    14.3232   4.294216    35.5833    127.053    128.061    14.3236   4.294315    35.5839     0.0317 1.0000e-12    -0.0060   100.1508      98.50    222.087     5.1050 9.5460e+01          1         39 0.0000e+00
   38.89476  -69.02538    14.3272   4.294796    35.5850    127.950    128.965    14.3271   4.294851    35.5855     0.0401 1.0000e-12    -0.0064   100.1613      98.49    222.003     5.1031 9.4942e+01          1         32 0.0000e+00
   38.89476  -69.02538    14.3405   4.296799    35.5908    128.934    129.958    14.3416   4.296789    35.5896     0.0290 1.0000e-12    -0.0068   100.1704      98.50    221.162     5.0837 9.5448e+01          1         19 0.0000e+00
   38.89476  -69.02538    14.3570   4.299108    35.5963    129.902    130.933    14.3566   4.298991    35.5956     0.0225 1.0000e-12    -0.0069   100.1728      98.50    221.062     5.0814 9.5787e+01          1         17 0.0000e+00
   38.89476  -69.02538    14.3646   4.300215    35.5992    130.940    131.980    14.3651   4.300263    35.5991     0.0337 1.0000e-12    -0.0068   100.1694      98.50    221.504     5.0916 9.5779e+01          1         16 0.0000e+00
   38.89476  -69.02538    14.3690   4.300823    35.6004    131.979    133.028    14.3694   4.300946    35.6011     0.0269 1.0000e-12    -0.0079   100.1976      98.50    221.249     5.0857 9.5918e+01          1         20 0.0000e+00
   38.89474  -69.02540    14.3750   4.301736    35.6029    133.001    134.058    14.3750   4.301716    35.6028     0.0265 1.0000e-12    -0.0072   100.1793      98.50    220.750     5.0743 9.6019e+01          1         22 0.0000e+00
   38.89474  -69.02540    14.3863   4.303241    35.6060    133.927    134.992    14.3879   4.303502    35.6070     0.0461 1.0000e-12    -0.0075   100.1882      98.49    220.371     5.0656 9.6414e+01          1         27 0.0000e+00
   38.89474  -69.02540    14.3827   4.302777    35.6050    134.931    136.004    14.3824   4.302802    35.6056     0.0353 1.0000e-12    -0.0072   100.1809      98.49    220.193     5.0615 9.6173e+01          1         35 0.0000e+00
   38.89474  -69.02540    14.3853   4.303208    35.6064    135.920    137.001    14.3858   4.303246    35.6062     0.0485 1.0000e-12    -0.0080   100.2006      98.49    219.243     5.0396 9.6072e+01          1         29 0.0000e+00
   38.89474  -69.02540    14.4015   4.305415    35.6113    136.892    137.982    14.3980   4.304970    35.6105     0.0292 1.0000e-12    -0.0063   100.1578      98.49    219.521     5.0460 9.6141e+01          1         20 0.0000e+00
   38.89474  -69.02540    14.4071   4.306230    35.6134    137.838    138.935    14.4070   4.306213    35.6133     0.0288 1.0000e-12    -0.0073   100.1822      98.49    220.088     5.0591 9.6698e+01          1         20 0.0000e+00
