Data/ruptures/KN207-01/QL-1/20701044.cnv
* Sea-Bird SBE 9 Data File:
* FileName = C:\Data\ctd\20701044.hex
* Software Version Seasave V 7.21e
* Temperature SN = 4406
* Conductivity SN = 1474
* Number of Bytes Per Scan = 40
* Number of Voltage Words = 5
* Number of Scans Averaged by the Deck Unit = 1
* NMEA Latitude = 38 44.11 N
* NMEA Longitude = 069 12.85 W
* NMEA UTC (Time) = Apr 27 2012 16:05:51
** R/V Knorr Cruise # KN207-01 QL1
** Chief Scientist: Ben Van Mooy
# nquan = 21
# nvalues = 398                         
# units = specified
# name 0 = latitude: Latitude [deg]
# name 1 = longitude: Longitude [deg]
# name 2 = t090C: Temperature [ITS-90, deg C]
# name 3 = c0S/m: Conductivity [S/m]
# name 4 = sal00: Salinity, Practical [PSU]
# name 5 = depSM: Depth [salt water, m]
# name 6 = prDM: Pressure, Digiquartz [db]
# name 7 = t190C: Temperature, 2 [ITS-90, deg C]
# name 8 = c1S/m: Conductivity, 2 [S/m]
# name 9 = sal11: Salinity, Practical, 2 [PSU]
# name 10 = flECO-AFL: Fluorescence, WET Labs ECO-AFL/FL [mg/m^3]
# name 11 = par: PAR/Irradiance, Biospherical/Licor
# name 12 = bat: Beam Attenuation, Chelsea/Seatech [1/m]
# name 13 = xmiss: Beam Transmission, Chelsea/Seatech [%]
# name 14 = altM: Altimeter [m]
# name 15 = sbeox0Mm/Kg: Oxygen, SBE 43 [umol/kg]
# name 16 = sbeox0ML/L: Oxygen, SBE 43 [ml/l]
# name 17 = spar: SPAR/Surface Irradiance
# name 18 = pumps: Pump Status
# name 19 = nbin: number of scans per bin
# name 20 = flag: flag
# span 0 =   38.73254,   38.73523       
# span 1 =  -69.21668,  -69.21422       
# span 2 =    11.3812,    14.7361       
# span 3 =   3.826478,   4.359783       
# span 4 =    32.9300,    35.8197       
# span 5 =      3.468,    200.147       
# span 6 =      3.494,    201.768       
# span 7 =    11.3838,    14.7359       
# span 8 =   3.865532,   4.360011       
# span 9 =    33.5809,    35.8238       
# span 10 =     0.0068,     2.3082      
# span 11 = 1.0000e-12, 6.7608e+01      
# span 12 =    -0.0097,     0.3262      
# span 13 =    92.1685,   100.2416      
# span 14 =       1.85,      98.64      
# span 15 =    139.951,    417.607      
# span 16 =     3.2179,     9.5896      
# span 17 = 2.3388e+03, 2.5284e+03      
# span 18 =          1,          1      
# span 19 =          3,        885      
# span 20 = 0.0000e+00, 0.0000e+00      
# interval = decibars: 1                
# start_time = Apr 27 2012 16:05:51 [NMEA time, header]
# bad_flag = -9.990e-29
*END*
[from data line 69]
   38.73482  -69.21442    13.0270   4.115859    35.1251     72.369     72.932    13.0285   4.115064    35.1163     0.1159 1.0000e-12     0.0175    99.5636      98.53    230.419     5.2961 2.4957e+03          1         38 0.0000e+00
   38.73480  -69.21442    13.0863   4.123675    35.1435     73.416     73.988    13.0863   4.123786    35.1446     0.0957 9.5897e-06     0.0155    99.6129      98.52    230.219     5.2915 2.4951e+03          1         29 0.0000e+00
   38.73480  -69.21442    13.0989   4.125357    35.1481     74.485     75.065    13.1020   4.125812    35.1495     0.1040 1.7121e-05     0.0193    99.5205      98.53    230.163     5.2902 2.4865e+03          1         55 0.0000e+00
   38.73480  -69.21443    13.1056   4.126249    35.1509     75.305     75.891    13.1039   4.126059    35.1508     0.1129 1.0000e-12     0.0071    99.8228      98.52    229.710     5.2798 2.4823e+03          1         52 0.0000e+00
   38.73480  -69.21444    13.1134   4.127378    35.1545     76.384     76.979    13.1174   4.127522    35.1520     0.0950 1.0000e-12     0.0066    99.8358      98.52    229.949     5.2853 2.4838e+03          1         31 0.0000e+00
   38.73480  -69.21444    13.3369   4.157678    35.2295     77.437     78.040    13.3363   4.156275    35.2168     0.1054 1.0000e-12     0.0101    99.7494      98.52    228.903     5.2613 2.4865e+03          1         34 0.0000e+00
   38.73479  -69.21443    13.3507   4.159511    35.2357     78.437     79.048    13.3330   4.157285    35.2313     0.0866 7.0430e-05     0.0060    99.8502      98.53    228.506     5.2522 2.4847e+03          1         84 0.0000e+00
   38.73478  -69.21442    13.3620   4.161004    35.2405     79.360     79.979    13.3701   4.162157    35.2435     0.0755 3.2330e-04     0.0055    99.8628      98.53    227.000     5.2176 2.4824e+03          1         46 0.0000e+00
   38.73477  -69.21443    13.3684   4.161886    35.2432     80.381     81.009    13.3690   4.162020    35.2438     0.0740 2.0856e-03     0.0033    99.9193      98.53    227.312     5.2247 2.4880e+03          1         41 0.0000e+00
   38.73476  -69.21444    13.3721   4.162369    35.2445     81.306     81.940    13.3727   4.162521    35.2453     0.0637 6.6164e-04     0.0049    99.8777      98.53    226.988     5.2173 2.4879e+03          1         32 0.0000e+00
   38.73476  -69.21444    13.5595   4.188013    35.3085     82.362     83.005    13.5638   4.186265    35.2879     0.0932 1.5463e-04     0.0050    99.8762      98.53    226.167     5.1985 2.4849e+03          1         29 0.0000e+00
   38.73476  -69.21444    13.6348   4.197642    35.3292     83.478     84.131    13.6307   4.197366    35.3304     0.0756 1.5443e-03     0.0022    99.9459      98.53    226.706     5.2109 2.4831e+03          1         54 0.0000e+00
   38.73476  -69.21444    13.5913   4.192132    35.3207     84.115     84.772    13.6076   4.193825    35.3212     0.0822 5.6219e-03     0.0015    99.9620      98.53    224.222     5.1538 2.4899e+03          1         79 0.0000e+00
   38.73474  -69.21446    13.6813   4.203857    35.3462     85.313     85.980    13.6818   4.203600    35.3435     0.0606 1.0000e-12    -0.0001   100.0023      98.53    225.065     5.1732 2.4957e+03          1         24 0.0000e+00
   38.73474  -69.21446    13.7174   4.208824    35.3588     86.359     87.034    13.7170   4.208333    35.3547     0.0590 1.0000e-12     0.0007    99.9837      98.53    224.762     5.1662 2.4926e+03          1         21 0.0000e+00
   38.73474  -69.21446    13.7364   4.211288    35.3642     87.371     88.054    13.7354   4.211202    35.3644     0.0706 3.6325e-04     0.0070    99.8248      98.53    224.038     5.1496 2.4863e+03          1         26 0.0000e+00
   38.73474  -69.21447    13.7126   4.208218    35.3589     88.122     88.811    13.7181   4.208993    35.3611     0.0707 1.6195e-04     0.0007    99.9829      98.53    223.068     5.1273 2.4790e+03          1         93 0.0000e+00
   38.73474  -69.21448    13.7506   4.213244    35.3706     89.310     90.009    13.7512   4.213139    35.3690     0.0461 1.0000e-12    -0.0003   100.0084      98.53    222.708     5.1190 2.4896e+03          1         33 0.0000e+00
   38.73472  -69.21448    13.7706   4.215931    35.3773     90.231     90.937    13.7677   4.215575    35.3768     0.0595 1.0000e-12     0.0011    99.9732      98.53    222.758     5.1202 2.4886e+03          1         77 0.0000e+00
   38.73470  -69.21448    13.7827   4.217640    35.3822     91.253     91.968    13.7828   4.217695    35.3826     0.0634 3.8554e-04     0.0032    99.9202      98.53    222.247     5.1085 2.4867e+03          1         35 0.0000e+00
   38.73470  -69.21448    13.7958   4.219509    35.3872     92.296     93.019    13.7952   4.219434    35.3872     0.0638 1.8183e-04    -0.0009   100.0224      98.53    222.500     5.1143 2.4862e+03          1         31 0.0000e+00
   38.73470  -69.21449    13.8105   4.221749    35.3943     93.283     94.014    13.8169   4.222178    35.3922     0.0477 1.0000e-12     0.0088    99.7801      98.53    222.269     5.1090 2.4876e+03          1         28 0.0000e+00
   38.73470  -69.21450    13.8596   4.228167    35.4078     94.313     95.053    13.8589   4.228010    35.4070     0.0659 1.0000e-12    -0.0013   100.0309      98.52    221.836     5.0990 2.4877e+03          1         33 0.0000e+00
   38.73469  -69.21450    13.8541   4.227477    35.4071     94.974     95.719    13.8512   4.227190    35.4071     0.0612 1.3632e-03    -0.0015   100.0374      98.54    221.803     5.0983 2.4897e+03          1         65 0.0000e+00
   38.73468  -69.21450    13.9235   4.237216    35.4324     96.245     96.999    13.9249   4.236697    35.4263     0.0552 1.0000e-12    -0.0011   100.0265      98.53    221.667     5.0952 2.4952e+03          1         21 0.0000e+00
   38.73468  -69.21450    13.9529   4.241010    35.4400     97.282     98.046    13.9536   4.241146    35.4406     0.0401 1.0000e-12     0.0028    99.9297      98.53    221.685     5.0956 2.4924e+03          1         21 0.0000e+00
   38.73467  -69.21451    13.9406   4.239438    35.4375     98.316     99.088    13.9391   4.239368    35.4383     0.0379 3.5930e-04    -0.0008   100.0189      98.53    221.393     5.0889 2.4806e+03          1         96 0.0000e+00
   38.73466  -69.21452    13.9446   4.240015    35.4394     99.199     99.978    13.9525   4.240948    35.4407     0.0461 1.0151e-03    -0.0005   100.0119      98.53    220.483     5.0679 2.4782e+03          1         32 0.0000e+00
   38.73466  -69.21452    13.9794   4.244741    35.4506    100.222    101.009    13.9808   4.244850    35.4503     0.0412 8.6533e-04     0.0016    99.9611      98.53    220.574     5.0701 2.4849e+03          1         40 0.0000e+00
   38.73464  -69.21454    13.9911   4.246256    35.4538    101.165    101.959    13.9900   4.246213    35.4545     0.0433 2.1910e-04    -0.0021   100.0526      98.53    220.815     5.0756 2.4748e+03          1         58 0.0000e+00
   38.73464  -69.21454    13.9914   4.246359    35.4545    102.177    102.980    13.9915   4.246442    35.4552     0.0440 3.1902e-05    -0.0025   100.0614      98.53    220.509     5.0686 2.4648e+03          1         40 0.0000e+00
   38.73464  -69.21455    14.0596   4.255927    35.4791    103.158    103.969    14.0561   4.254930    35.4732     0.0457 1.6140e-03    -0.0019   100.0480      98.53    219.977     5.0564 2.4673e+03          1         38 0.0000e+00
   38.73464  -69.21456    14.0840   4.259159    35.4864    104.122    104.941    14.0835   4.258999    35.4854     0.0431 1.0000e-12    -0.0019   100.0473      98.53    220.118     5.0596 2.4728e+03          1         30 0.0000e+00
   38.73464  -69.21456    14.0996   4.261207    35.4906    105.144    105.971    14.1008   4.261398    35.4913     0.0174 1.0000e-12    -0.0022   100.0554      98.52    219.992     5.0567 2.4739e+03          1         19 0.0000e+00
   38.73464  -69.21456    14.1111   4.262842    35.4948    106.169    107.004    14.1113   4.262695    35.4933     0.0286 1.0000e-12    -0.0034   100.0865      98.53    219.807     5.0525 2.4726e+03          1         19 0.0000e+00
   38.73464  -69.21456    14.1575   4.269386    35.5118    107.271    108.115    14.1556   4.268643    35.5067     0.0399 1.0000e-12    -0.0027   100.0680      98.52    218.972     5.0333 2.4729e+03          1         31 0.0000e+00
   38.73462  -69.21458    14.1577   4.269383    35.5123    107.882    108.731    14.1418   4.267269    35.5076     0.0423 1.0000e-12    -0.0019   100.0485      98.53    218.290     5.0176 2.4730e+03          1         63 0.0000e+00
   38.73462  -69.21458    14.1953   4.274689    35.5262    109.093    109.952    14.1961   4.274479    35.5234     0.0419 1.0000e-12    -0.0020   100.0503      98.53    218.580     5.0243 2.4752e+03          1         17 0.0000e+00
   38.73462  -69.21458    14.2190   4.277887    35.5333    110.117    110.984    14.2190   4.277829    35.5327     0.0284 1.0000e-12    -0.0031   100.0781      98.53    218.850     5.0305 2.4738e+03          1         15 0.0000e+00
   38.73461  -69.21459    14.2387   4.280907    35.5426    111.145    112.021    14.2392   4.280589    35.5391     0.0219 1.0000e-12     0.0014    99.9665      98.53    218.808     5.0296 2.4733e+03          1         14 0.0000e+00
   38.73460  -69.21460    14.2558   4.283259    35.5481    112.125    113.008    14.2548   4.283015    35.5467     0.0246 1.0000e-12     0.0007    99.9830      98.53    218.730     5.0277 2.4719e+03          1         16 0.0000e+00
   38.73460  -69.21460    14.2704   4.285401    35.5542    113.107    113.999    14.2716   4.285431    35.5532     0.0358 1.0000e-12    -0.0023   100.0566      98.53    218.273     5.0173 2.4702e+03          1         22 0.0000e+00
   38.73460  -69.21460    14.2928   4.288448    35.5616    114.110    115.010    14.2924   4.288386    35.5613     0.0281 1.0000e-12    -0.0027   100.0687      98.53    217.330     4.9956 2.4659e+03          1         42 0.0000e+00
   38.73460  -69.21460    14.3011   4.289626    35.5649    115.060    115.968    14.3013   4.289682    35.5652     0.0530 4.4203e-05    -0.0029   100.0730      98.53    217.458     4.9985 2.4693e+03          1         29 0.0000e+00
   38.73460  -69.21462    14.3166   4.291846    35.5709    116.086    117.002    14.3160   4.291734    35.5704     0.0362 1.0000e-12    -0.0029   100.0741      98.53    217.740     5.0050 2.4746e+03          1         24 0.0000e+00
   38.73460  -69.21462    14.3184   4.292104    35.5716    117.076    118.000    14.3182   4.292156    35.5721     0.0518 1.0000e-12    -0.0034   100.0859      98.52    217.393     4.9971 2.4767e+03          1         22 0.0000e+00
   38.73460  -69.21462    14.3201   4.292357    35.5722    118.092    119.025    14.3204   4.292486    35.5731     0.0263 1.0000e-12    -0.0028   100.0712      98.53    217.583     5.0014 2.4779e+03          1         29 0.0000e+00
   38.73460  -69.21462    14.3233   4.292817    35.5736    119.008    119.948    14.3225   4.292747    35.5737     0.0533 1.0000e-12    -0.0028   100.0701      98.53    218.517     5.0229 2.4750e+03          1         53 0.0000e+00
   38.73458  -69.21464    14.3371   4.294913    35.5799    119.984    120.932    14.3375   4.294919    35.5796     0.0541 1.0000e-12    -0.0034   100.0852      98.53    218.348     5.0190 2.4761e+03          1         21 0.0000e+00
   38.73458  -69.21464    14.3467   4.296284    35.5834    121.016    121.972    14.3477   4.296383    35.5833     0.0299 1.0000e-12    -0.0036   100.0901      98.53    218.193     5.0155 2.4809e+03          1         15 0.0000e+00
   38.73458  -69.21464    14.3581   4.298063    35.5888    121.988    122.953    14.3583   4.297750    35.5856     0.0438 1.0000e-12    -0.0029   100.0730      98.53    218.262     5.0170 2.4829e+03          1         12 0.0000e+00
   38.73458  -69.21464    14.3713   4.299853    35.5926    123.026    123.999    14.3717   4.299981    35.5934     0.0517 1.0000e-12    -0.0031   100.0785      98.53    218.150     5.0145 2.4856e+03          1         14 0.0000e+00
   38.73458  -69.21464    14.3747   4.300405    35.5943    124.039    125.020    14.3744   4.300272    35.5933     0.0266 1.0000e-12    -0.0030   100.0748      98.53    217.954     5.0100 2.4865e+03          1         14 0.0000e+00
   38.73458  -69.21464    14.3985   4.303924    35.6041    125.038    126.028    14.3999   4.303783    35.6015     0.0248 1.0000e-12    -0.0037   100.0936      98.53    217.788     5.0062 2.4845e+03          1         20 0.0000e+00
   38.73458  -69.21464    14.4265   4.307774    35.6133    126.031    127.028    14.4238   4.307404    35.6124     0.0326 1.0000e-12    -0.0035   100.0891      98.53    217.159     4.9917 2.4823e+03          1         40 0.0000e+00
   38.73458  -69.21464    14.4496   4.311149    35.6230    126.940    127.945    14.4413   4.309779    35.6181     0.0390 1.0000e-12    -0.0041   100.1028      98.53    216.766     4.9827 2.4800e+03          1         44 0.0000e+00
   38.73458  -69.21464    14.4800   4.315599    35.6355    127.959    128.973    14.4798   4.315395    35.6339     0.0318 1.0000e-12    -0.0034   100.0849      98.53    217.569     5.0012 2.4782e+03          1         28 0.0000e+00
   38.73458  -69.21464    14.5207   4.321583    35.6524    129.006    130.028    14.5201   4.321097    35.6484     0.0359 1.0000e-12    -0.0043   100.1085      98.54    217.121     4.9909 2.4835e+03          1         21 0.0000e+00
   38.73457  -69.21465    14.5404   4.324377    35.6595    130.011    131.042    14.5409   4.324376    35.6590     0.0193 1.0000e-12    -0.0049   100.1230      98.54    217.081     4.9900 2.4889e+03          1         19 0.0000e+00
   38.73456  -69.21466    14.5531   4.326406    35.6663    130.964    132.002    14.5534   4.326395    35.6659     0.0266 1.0000e-12    -0.0050   100.1257      98.54    217.576     5.0014 2.4921e+03          1         20 0.0000e+00
   38.73456  -69.21466    14.5660   4.328358    35.6721    131.944    132.991    14.5656   4.328172    35.6707     0.0307 1.8435e-05    -0.0052   100.1305      98.54    217.092     4.9903 2.4920e+03          1         21 0.0000e+00
   38.73456  -69.21466    14.5901   4.332161    35.6844    132.965    134.020    14.5902   4.332008    35.6829     0.0211 1.0000e-12    -0.0063   100.1579      98.53    215.871     4.9622 2.4885e+03          1         23 0.0000e+00
   38.73456  -69.21466    14.5933   4.332623    35.6857    133.970    135.033    14.5934   4.332692    35.6862     0.0202 1.0000e-12    -0.0012   100.0309      98.53    213.989     4.9189 2.4830e+03          1         25 0.0000e+00
   38.73455  -69.21468    14.5967   4.333153    35.6875    134.932    136.003    14.5968   4.333238    35.6882     0.0187 1.0000e-12    -0.0018   100.0447      98.53    212.739     4.8902 2.4765e+03          1         30 0.0000e+00
   38.73454  -69.21470    14.5986   4.333477    35.6887    135.906    136.985    14.5984   4.333563    35.6896     0.0287 1.0000e-12    -0.0066   100.1657      98.53    212.404     4.8825 2.4721e+03          1         23 0.0000e+00
   38.73454  -69.21470    14.5995   4.333755    35.6903    136.892    137.979    14.5995   4.333806    35.6908     0.0295 1.0000e-12    -0.0069   100.1735      98.53    212.298     4.8801 2.4748e+03          1         22 0.0000e+00
   38.73454  -69.21470    14.6027   4.334487    35.6939    137.873    138.969    14.6025   4.334505    35.6942     0.0193 1.0000e-12    -0.0063   100.1578      98.53    212.606     4.8872 2.4800e+03          1         20 0.0000e+00
   38.73454  -69.21470    14.6042   4.335041    35.6974    138.868    139.971    14.6041   4.335108    35.6981     0.0164 1.0000e-12    -0.0071   100.1789      98.53    212.796     4.8916 2.4855e+03          1         25 0.0000e+00
