Data/ruptures/KN207-01/QL-1/20701044.cnv
* Sea-Bird SBE 9 Data File:
* FileName = C:\Data\ctd\20701044.hex
* Software Version Seasave V 7.21e
* Temperature SN = 4406
* Conductivity SN = 1474
* Number of Bytes Per Scan = 40
* Number of Voltage Words = 5
* Number of Scans Averaged by the Deck Unit = 1
* NMEA Latitude = 38 44.11 N
* NMEA Longitude = 069 12.85 W
* NMEA UTC (Time) = Apr 27 2012 16:05:51
** R/V Knorr Cruise # KN207-01 QL1
** Chief Scientist: Ben Van Mooy
# nquan = 21
# nvalues = 398                         
# units = specified
# name 0 = latitude: Latitude [deg]
# name 1 = longitude: Longitude [deg]
# name 2 = t090C: Temperature [ITS-90, deg C]
# name 3 = c0S/m: Conductivity [S/m]
# name 4 = sal00: Salinity, Practical [PSU]
# name 5 = depSM: Depth [salt water, m]
# name 6 = prDM: Pressure, Digiquartz [db]
# name 7 = t190C: Temperature, 2 [ITS-90, deg C]
# name 8 = c1S/m: Conductivity, 2 [S/m]
# name 9 = sal11: Salinity, Practical, 2 [PSU]
# name 10 = flECO-AFL: Fluorescence, WET Labs ECO-AFL/FL [mg/m^3]
# name 11 = par: PAR/Irradiance, Biospherical/Licor
# name 12 = bat: Beam Attenuation, Chelsea/Seatech [1/m]
# name 13 = xmiss: Beam Transmission, Chelsea/Seatech [%]
# name 14 = altM: Altimeter [m]
# name 15 = sbeox0Mm/Kg: Oxygen, SBE 43 [umol/kg]
# name 16 = sbeox0ML/L: Oxygen, SBE 43 [ml/l]
# name 17 = spar: SPAR/Surface Irradiance
# name 18 = pumps: Pump Status
# name 19 = nbin: number of scans per bin
# name 20 = flag: flag
# span 0 =   38.73254,   38.73523       
# span 1 =  -69.21668,  -69.21422       
# span 2 =    11.3812,    14.7361       
# span 3 =   3.826478,   4.359783       
# span 4 =    32.9300,    35.8197       
# span 5 =      3.468,    200.147       
# span 6 =      3.494,    201.768       
# span 7 =    11.3838,    14.7359       
# span 8 =   3.865532,   4.360011       
# span 9 =    33.5809,    35.8238       
# span 10 =     0.0068,     2.3082      
# span 11 = 1.0000e-12, 6.7608e+01      
# span 12 =    -0.0097,     0.3262      
# span 13 =    92.1685,   100.2416      
# span 14 =       1.85,      98.64      
# span 15 =    139.951,    417.607      
# span 16 =     3.2179,     9.5896      
# span 17 = 2.3388e+03, 2.5284e+03      
# span 18 =          1,          1      
# span 19 =          3,        885      
# span 20 = 0.0000e+00, 0.0000e+00      
# interval = decibars: 1                
# start_time = Apr 27 2012 16:05:51 [NMEA time, header]
# bad_flag = -9.990e-29
*END*
[from data line 345]
   38.73346  -69.21562    12.4593   4.039408    34.9348     54.469     54.891    12.4566   4.039616    34.9393     0.1810 7.8546e-02     0.0192    99.5218      69.40    237.191     5.4515 2.4599e+03          1         61 0.0000e+00
   38.73344  -69.21562    12.4845   4.042702    34.9410     53.684     54.100    12.5201   4.048382    34.9621     0.1941 1.9686e-01     0.0221    99.4494      96.87    238.643     5.4849 2.4592e+03          1         50 0.0000e+00
   38.73344  -69.21564    12.4594   4.038291    34.9220     52.449     52.854    12.4678   4.039749    34.9284     0.2281 1.3674e-01     0.0227    99.4355      98.60    239.056     5.4943 2.4723e+03          1        124 0.0000e+00
   38.73342  -69.21565    12.4874   4.042336    34.9339     51.539     51.937    12.4934   4.043194    34.9366     0.2260 1.6945e-01     0.0239    99.4049      92.93    239.208     5.4979 2.4650e+03          1        196 0.0000e+00
   38.73335  -69.21574    12.3089   4.018156    34.8670     50.713     51.105    12.3135   4.018807    34.8692     0.2877 1.5276e-01     0.0284    99.2922      86.46    242.079     5.5637 2.4694e+03          1        280 0.0000e+00
   38.73332  -69.21577    12.2520   4.010658    34.8486     49.654     50.038    12.2567   4.012029    34.8573     0.2809 6.3292e-02     0.0302    99.2477      98.61    243.072     5.5865 2.4674e+03          1         29 0.0000e+00
   38.73332  -69.21578    12.1752   4.000844    34.8270     48.660     49.036    12.2042   4.005383    34.8434     0.2955 9.0884e-02     0.0313    99.2198      98.60    242.769     5.5796 2.4633e+03          1         26 0.0000e+00
   38.73332  -69.21578    12.1258   3.994683    34.8144     47.620     47.988    12.1401   3.997176    34.8251     0.2963 8.6974e-02     0.0328    99.1832      98.60    242.601     5.5757 2.4636e+03          1         26 0.0000e+00
   38.73330  -69.21579    12.1037   3.991861    34.8074     46.417     46.776    12.1231   3.994257    34.8122     0.3187 8.3860e-02     0.0342    99.1473      98.61    244.176     5.6119 2.4735e+03          1         96 0.0000e+00
   38.73328  -69.21580    12.0858   3.989649    34.8023     45.720     46.073    12.1079   3.993564    34.8197     0.3401 1.1957e-01     0.0355    99.1161      98.60    245.159     5.6345 2.4624e+03          1         40 0.0000e+00
   38.73328  -69.21580    11.9425   3.971097    34.7588     44.680     45.025    11.9888   3.978194    34.7841     0.3507 2.1511e-01     0.0381    99.0514      98.61    245.290     5.6375 2.4589e+03          1         23 0.0000e+00
   38.73328  -69.21583    11.8522   3.959705    34.7332     43.578     43.914    11.8489   3.959674    34.7366     0.3654 2.5156e-01     0.0421    98.9525      98.61    245.000     5.6308 2.4647e+03          1         51 0.0000e+00
   38.73328  -69.21584    11.8120   3.954473    34.7190     42.755     43.084    11.8080   3.954301    34.7214     0.4232 2.8148e-01     0.0429    98.9332      98.61    247.593     5.6904 2.4682e+03          1         56 0.0000e+00
   38.73327  -69.21583    11.7833   3.951023    34.7117     41.635     41.956    11.7925   3.952354    34.7161     0.4204 2.3189e-01     0.0454    98.8709      98.63    248.130     5.7027 2.4690e+03          1         42 0.0000e+00
   38.73326  -69.21582    11.7484   3.946610    34.7011     40.669     40.982    11.7584   3.947964    34.7049     0.4665 2.1964e-01     0.0473    98.8246      98.61    248.519     5.7116 2.4669e+03          1         48 0.0000e+00
   38.73326  -69.21582    11.7332   3.944154    34.6907     39.690     39.995    11.7307   3.944603    34.6977     0.5017 4.2365e-01     0.0483    98.7996      98.61    249.033     5.7234 2.4606e+03          1         54 0.0000e+00
   38.73326  -69.21584    11.6119   3.928574    34.6535     38.742     39.041    11.5967   3.927857    34.6612     0.5524 4.3261e-01     0.0563    98.6027      97.43    249.433     5.7326 2.4673e+03          1         41 0.0000e+00
   38.73326  -69.21584    11.4206   3.901811    34.5727     37.700     37.990    11.4254   3.903541    34.5852     0.6610 7.2365e-01     0.0760    98.1171      65.31    249.185     5.7267 2.4732e+03          1         35 0.0000e+00
   38.73325  -69.21584    11.4191   3.900839    34.5626     36.700     36.983    11.4154   3.900598    34.5638     0.8680 5.9094e-01     0.0935    97.6888      98.61    252.760     5.8088 2.4748e+03          1         60 0.0000e+00
   38.73322  -69.21584    11.4306   3.901935    34.5607     35.737     36.012    11.4233   3.901179    34.5603     1.0673 5.3737e-01     0.0971    97.6011      98.61    255.502     5.8718 2.4749e+03          1         50 0.0000e+00
   38.73322  -69.21584    11.4423   3.902666    34.5560     34.715     34.982    11.4454   3.903262    34.5589     1.0540 7.4935e-01     0.1095    97.3008      98.61    255.083     5.8622 2.4740e+03          1         38 0.0000e+00
   38.73322  -69.21586    11.4358   3.901313    34.5481     33.647     33.906    11.4368   3.901648    34.5505     1.2352 7.2423e-01     0.1269    96.8769      98.61    255.714     5.8766 2.4753e+03          1        116 0.0000e+00
   38.73321  -69.21587    11.4489   3.902295    34.5448     32.769     33.021    11.4473   3.902205    34.5455     1.2428 7.2155e-01     0.1334    96.7204      98.61    256.420     5.8928 2.4686e+03          1         31 0.0000e+00
   38.73320  -69.21588    11.4592   3.903199    34.5440     31.688     31.931    11.4571   3.903099    34.5450     1.3293 1.0286e+00     0.1404    96.5499      98.61    256.969     5.9054 2.4679e+03          1        114 0.0000e+00
   38.73318  -69.21590    11.4461   3.900468    34.5298     30.746     30.982    11.4578   3.902175    34.5353     1.3583 9.7275e-01     0.1432    96.4843      98.61    257.385     5.9149 2.4712e+03          1         38 0.0000e+00
   38.73309  -69.21602    11.3921   3.883458    34.4121     30.039     30.270    11.3923   3.883460    34.4119     1.9863 8.9736e-01     0.2297    94.4203      95.70    264.908     6.0874 2.4573e+03          1        885 0.0000e+00
   38.73298  -69.21614    11.4007   3.887546    34.4451     28.724     28.945    11.3990   3.887068    34.4420     1.9389 8.4265e-01     0.2206    94.6349      87.04    265.121     6.0924 2.4662e+03          1        116 0.0000e+00
   38.73296  -69.21614    11.3812   3.878382    34.3735     27.832     28.045    11.3838   3.880088    34.3879     1.8985 8.1801e-01     0.2254    94.5205      98.62    265.521     6.1013 2.4638e+03          1         21 0.0000e+00
   38.73296  -69.21614    11.3928   3.870101    34.2810     26.793     26.999    11.3884   3.874856    34.3321     1.9958 1.0638e+00     0.2427    94.1138      98.62    265.814     6.1076 2.4642e+03          1         17 0.0000e+00
   38.73296  -69.21614    11.4392   3.865199    34.1888     25.745     25.942    11.4375   3.865532    34.1936     2.0731 9.9212e-01     0.2666    93.5526      98.62    266.614     6.1255 2.4627e+03          1         26 0.0000e+00
   38.73295  -69.21617    11.5106   3.866764    34.1370     24.968     25.160    11.5460   3.867323    34.1091     2.2918 1.4255e+00     0.2854    93.1149      98.62    271.144     6.2292 2.4629e+03          1         85 0.0000e+00
   38.73294  -69.21618    11.6366   3.869676    34.0478     23.809     23.991    11.6131   3.869123    34.0650     2.1841 2.0877e+00     0.2894    93.0207      98.62    273.533     6.2835 2.4666e+03          1         29 0.0000e+00
   38.73293  -69.21619    11.7116   3.873239    34.0140     22.830     23.005    11.7223   3.873682    34.0085     2.2822 2.3205e+00     0.3023    92.7211      98.62    273.761     6.2885 2.4633e+03          1         92 0.0000e+00
   38.73292  -69.21620    11.7535   3.875599    33.9995     21.867     22.034    11.7549   3.875753    34.0001     2.1738 1.5273e+00     0.3057    92.6414      98.63    274.040     6.2948 2.4567e+03          1         20 0.0000e+00
   38.73292  -69.21620    11.7744   3.876677    33.9914     20.863     21.023    11.7724   3.876368    33.9904     2.1855 3.0255e+00     0.3068    92.6156      98.62    274.196     6.2983 2.4581e+03          1         19 0.0000e+00
   38.73292  -69.21620    11.8205   3.879608    33.9777     19.789     19.940    11.8194   3.879276    33.9757     2.1935 3.8580e+00     0.3083    92.5825      98.61    274.088     6.2957 2.4602e+03          1         28 0.0000e+00
   38.73292  -69.21622    11.9533   3.888818    33.9453     19.025     19.171    11.9590   3.889046    33.9423     2.0176 3.5167e+00     0.3089    92.5679      98.62    273.730     6.2872 2.4603e+03          1        104 0.0000e+00
   38.73290  -69.21624    12.0345   3.893890    33.9218     17.877     18.014    12.0827   3.896605    33.9033     1.9841 4.2165e+00     0.3084    92.5795      98.62    273.371     6.2788 2.4590e+03          1         45 0.0000e+00
   38.73290  -69.21624    12.0887   3.897267    33.9056     16.904     17.033    12.1740   3.902786    33.8800     1.9868 4.9183e+00     0.3122    92.4920      69.99    273.207     6.2748 2.4567e+03          1         35 0.0000e+00
   38.73290  -69.21624    12.1556   3.901308    33.8840     15.879     16.000    12.2110   3.904665    33.8656     1.8692 5.6141e+00     0.3148    92.4312      98.62    273.640     6.2846 2.4536e+03          1         36 0.0000e+00
   38.73288  -69.21626    12.2669   3.906620    33.8345     14.717     14.830    12.2745   3.906773    33.8298     1.7245 6.7883e+00     0.3238    92.2248      98.61    273.742     6.2866 2.4558e+03          1         85 0.0000e+00
   38.73287  -69.21627    12.3097   3.908289    33.8145     13.842     13.948    12.3172   3.908623    33.8113     1.5279 6.3734e+00     0.3245    92.2075      98.62    272.899     6.2671 2.4632e+03          1        101 0.0000e+00
   38.73286  -69.21628    12.3440   3.909947    33.8007     12.950     13.049    12.3532   3.910371    33.7967     1.5497 7.3946e+00     0.3233    92.2345      98.62    272.223     6.2515 2.4498e+03          1         43 0.0000e+00
   38.73287  -69.21629    12.3947   3.912933    33.7841     11.807     11.897    12.3892   3.912629    33.7866     1.3586 1.1230e+01     0.3230    92.2431      98.62    272.630     6.2607 2.4511e+03          1         52 0.0000e+00
   38.73285  -69.21631    12.4038   3.913454    33.7833     11.197     11.282    12.4032   3.913497    33.7844     1.1817 8.7883e+00     0.3229    92.2456      93.57    272.048     6.2473 2.4647e+03          1        180 0.0000e+00
   38.73280  -69.21645    12.4011   3.913362    33.7871     10.078     10.155    12.4020   3.913481    33.7875     1.1817 8.9423e+00     0.3225    92.2547      80.03    271.974     6.2456 2.4478e+03          1        294 0.0000e+00
   38.73274  -69.21656    12.3825   3.912126    33.7929      8.955      9.024    12.3851   3.912318    33.7924     1.2615 1.7990e-01     0.3248    92.2020      98.64    272.429     6.2561 2.4652e+03          1         31 0.0000e+00
   38.73274  -69.21656    12.4010   3.913261    33.7872      7.877      7.937    12.3947   3.912844    33.7890     1.2632 3.5680e-01     0.3229    92.2434      98.63    272.639     6.2609 2.4648e+03          1         36 0.0000e+00
   38.73272  -69.21656    12.3976   3.913021    33.7884      6.996      7.050    12.3984   3.913144    33.7889     1.1922 1.8579e+01     0.3233    92.2342      81.79    272.456     6.2567 2.4691e+03          1        172 0.0000e+00
   38.73263  -69.21661    12.4077   3.913681    33.7859      6.262      6.309    12.4069   3.913695    33.7868     1.1370 3.0054e+01     0.3240    92.2187       3.64    272.245     6.2518 2.4549e+03          1        355 0.0000e+00
   38.73255  -69.21667    12.4143   3.914047    33.7842      5.060      5.099    12.4125   3.914007    33.7854     1.0051 3.8409e+01     0.3248    92.2014       2.19    272.206     6.2509 2.4614e+03          1        123 0.0000e+00
   38.73254  -69.21668    12.4166   3.914143    33.7834      4.026      4.057    12.4150   3.914105    33.7844     0.9977 5.7176e+01     0.3262    92.1685       2.01    271.710     6.2395 2.4627e+03          1         38 0.0000e+00
   38.73254  -69.21668    12.4182   3.914239    33.7831      3.468      3.494    12.4159   3.914129    33.7842     0.9705 2.6439e+01     0.3230    92.2413       1.85    272.248     6.2519 2.4589e+03          1          3 0.0000e+00
