Data/ruptures/KN207-01/QL-1/20701019.cnv
* Sea-Bird SBE 9 Data File:
* FileName = C:\Data\ctd\20701019.hex
* Software Version Seasave V 7.21e
* Temperature SN = 4406
* Conductivity SN = 1474
* Number of Bytes Per Scan = 40
* Number of Voltage Words = 5
* Number of Scans Averaged by the Deck Unit = 1
* NMEA Latitude = 38 58.66 N
* NMEA Longitude = 068 59.89 W
* NMEA UTC (Time) = Apr 24 2012 10:16:26
** R/V Knorr Cruise # KN207-01 QL1
** Chief Scientist: Ben Van Mooy
# nquan = 21
# nvalues = 399                         
# units = specified
# name 0 = latitude: Latitude [deg]
# name 1 = longitude: Longitude [deg]
# name 2 = t090C: Temperature [ITS-90, deg C]
# name 3 = c0S/m: Conductivity [S/m]
# name 4 = sal00: Salinity, Practical [PSU]
# name 5 = depSM: Depth [salt water, m]
# name 6 = prDM: Pressure, Digiquartz [db]
# name 7 = t190C: Temperature, 2 [ITS-90, deg C]
# name 8 = c1S/m: Conductivity, 2 [S/m]
# name 9 = sal11: Salinity, Practical, 2 [PSU]
# name 10 = flECO-AFL: Fluorescence, WET Labs ECO-AFL/FL [mg/m^3]
# name 11 = par: PAR/Irradiance, Biospherical/Licor
# name 12 = bat: Beam Attenuation, Chelsea/Seatech [1/m]
# name 13 = xmiss: Beam Transmission, Chelsea/Seatech [%]
# name 14 = altM: Altimeter [m]
# name 15 = sbeox0Mm/Kg: Oxygen, SBE 43 [umol/kg]
# name 16 = sbeox0ML/L: Oxygen, SBE 43 [ml/l]
# name 17 = spar: SPAR/Surface Irradiance
# name 18 = pumps: Pump Status
# name 19 = nbin: number of scans per bin
# name 20 = flag: flag
# span 0 =   38.97780,   38.97785       
# span 1 =  -68.99828,  -68.99493       
# span 2 =    11.0760,    14.6681       
# span 3 =   3.775687,   4.355469       
# span 4 =    32.7150,    35.8250       
# span 5 =      3.038,    199.978       
# span 6 =      3.061,    201.602       
# span 7 =    11.0724,    14.6681       
# span 8 =   3.826129,   4.355591       
# span 9 =    33.5435,    35.8267       
# span 10 =     0.0030,     2.6380      
# span 11 = 1.0000e-12, 7.3520e+00      
# span 12 =    -0.0151,     0.3138      
# span 13 =    92.4540,   100.3780      
# span 14 =       6.04,      98.63      
# span 15 =    146.309,    409.217      
# span 16 =     3.3639,     9.3981      
# span 17 = 9.1307e+01, 1.1555e+03      
# span 18 =          1,          1      
# span 19 =         10,        752      
# span 20 = 0.0000e+00, 0.0000e+00      
# interval = decibars: 1                
# start_time = Apr 24 2012 10:16:26 [NMEA time, header]
# bad_flag = -9.990e-29
*END*
[from data line 69]
   38.97784  -68.99786    12.7397   4.078146    35.0249     71.444     72.002    12.7321   4.072409    34.9766     0.1384 1.3426e-03     0.0081    99.7978      98.51    236.917     5.4453 1.0038e+02          1         17 0.0000e+00
   38.97784  -68.99786    12.8294   4.090148    35.0552     72.468     73.034    12.8300   4.089767    35.0506     0.1397 1.2581e-03     0.0070    99.8255      98.51    236.426     5.4341 1.0029e+02          1         24 0.0000e+00
   38.97783  -68.99785    12.8330   4.090590    35.0585     73.207     73.778    12.8268   4.088357    35.0426     0.1166 1.1866e-03     0.0045    99.8888      83.34    234.094     5.3805 1.0047e+02          1         73 0.0000e+00
   38.97782  -68.99784    13.2408   4.143691    35.1786     74.393     74.974    13.2136   4.135537    35.1264     0.1029 1.1466e-03     0.0043    99.8930      98.52    231.382     5.3182 1.0038e+02          1         16 0.0000e+00
   38.97782  -68.99784    13.5083   4.178530    35.2550     75.455     76.044    13.5259   4.172292    35.1788     0.1090 1.0620e-03     0.0048    99.8810      98.50    232.726     5.3491 1.0038e+02          1         15 0.0000e+00
   38.97782  -68.99784    13.7462   4.208169    35.3100     76.433     77.031    13.7531   4.208702    35.3078     0.1181 9.8140e-04     0.0064    99.8386      98.51    232.972     5.3547 1.0051e+02          1         17 0.0000e+00
   38.97782  -68.99783    13.6152   4.191402    35.2824     77.375     77.980    13.5493   4.183377    35.2688     0.1498 9.4786e-04     0.0107    99.7332      97.48    230.003     5.2865 1.0055e+02          1         91 0.0000e+00
   38.97782  -68.99782    13.7174   4.204545    35.3134     78.390     79.003    13.7226   4.205131    35.3130     0.1265 8.4413e-04     0.0108    99.7299      98.51    230.985     5.3091 1.0048e+02          1         23 0.0000e+00
   38.97782  -68.99782    13.6928   4.201396    35.3089     79.484     80.105    13.6843   4.200168    35.3047     0.1488 7.6391e-04     0.0123    99.6938      98.51    232.508     5.3441 1.0099e+02          1         40 0.0000e+00
   38.97782  -68.99782    13.7073   4.203248    35.3151     80.243     80.871    13.7010   4.202195    35.3105     0.1649 7.7636e-04     0.0110    99.7272      98.51    229.994     5.2863 1.0096e+02          1         62 0.0000e+00
   38.97782  -68.99781    13.7052   4.202636    35.3130     81.332     81.969    13.7198   4.205353    35.3241     0.1801 7.7780e-04     0.0116    99.7102      98.51    229.941     5.2851 1.0055e+02          1         27 0.0000e+00
   38.97782  -68.99780    13.4693   4.172821    35.2563     82.334     82.979    13.4439   4.173261    35.2842     0.1430 7.4367e-04     0.0123    99.6914      98.51    231.127     5.3124 1.0047e+02          1         26 0.0000e+00
   38.97782  -68.99780    13.3325   4.156550    35.2319     83.344     83.997    13.3285   4.156125    35.2312     0.1099 6.7935e-04     0.0090    99.7757      98.52    230.734     5.3034 1.0077e+02          1         23 0.0000e+00
   38.97781  -68.99779    13.3827   4.162993    35.2439     84.430     85.091    13.3903   4.163420    35.2404     0.1079 5.9584e-04     0.0033    99.9178      98.51    229.701     5.2797 1.0113e+02          1         83 0.0000e+00
   38.97780  -68.99778    13.5805   4.190525    35.3158     85.346     86.014    13.5605   4.183500    35.2688     0.1090 6.4032e-04     0.0049    99.8776      98.51    230.639     5.3013 1.0060e+02          1         10 0.0000e+00
   38.97780  -68.99778    13.6754   4.201659    35.3302     86.337     87.013    13.6698   4.199470    35.3151     0.1167 6.0206e-04     0.0025    99.9374      98.51    229.548     5.2762 1.0058e+02          1         11 0.0000e+00
   38.97780  -68.99780    13.7690   4.214469    35.3616     87.349     88.034    13.7559   4.210081    35.3330     0.1174 5.7194e-04     0.0032    99.9210      98.51    228.993     5.2635 1.0200e+02          1         11 0.0000e+00
   38.97780  -68.99780    13.8320   4.222043    35.3729     88.302     88.995    13.8256   4.220429    35.3640     0.1043 5.5646e-04     0.0037    99.9080      98.51    228.963     5.2627 1.0149e+02          1         12 0.0000e+00
   38.97780  -68.99780    13.8521   4.224547    35.3776     89.334     90.035    13.8527   4.224559    35.3773     0.1093 5.5186e-04     0.0043    99.8930      98.51    229.142     5.2668 1.0236e+02          1         18 0.0000e+00
   38.97780  -68.99779    13.8078   4.218704    35.3664     90.217     90.925    13.7988   4.218485    35.3728     0.1081 5.9269e-04     0.0061    99.8468      97.27    227.615     5.2317 1.0188e+02          1         64 0.0000e+00
   38.97780  -68.99774    13.8898   4.229758    35.3939     91.318     92.035    13.8863   4.228524    35.3850     0.0934 7.4025e-04     0.0046    99.8844      98.52    227.241     5.2232 1.0261e+02          1         15 0.0000e+00
   38.97782  -68.99774    13.9002   4.231076    35.3964     92.300     93.025    13.8987   4.230957    35.3961     0.0944 6.9206e-04     0.0039    99.9033      98.52    226.863     5.2145 1.0246e+02          1         15 0.0000e+00
   38.97782  -68.99774    13.8897   4.229821    35.3947     93.292     94.025    13.8914   4.230172    35.3958     0.0905 6.3476e-04     0.0079    99.8020      98.51    226.452     5.2050 1.0242e+02          1         24 0.0000e+00
   38.97781  -68.99774    13.8987   4.231077    35.3993     94.131     94.871    13.8938   4.230437    35.3976     0.1036 4.9101e-04     0.0042    99.8952      98.52    225.370     5.1802 1.0170e+02          1        178 0.0000e+00
   38.97781  -68.99773    13.9306   4.235386    35.4104     95.178     95.926    13.9300   4.235393    35.4108     0.0970 3.9519e-04     0.0030    99.9255      98.52    225.693     5.1876 1.0241e+02          1         34 0.0000e+00
   38.97782  -68.99772    13.9238   4.234571    35.4091     96.233     96.990    13.9240   4.234809    35.4109     0.0931 3.9322e-04     0.0032    99.9216      98.52    225.420     5.1813 1.0261e+02          1         18 0.0000e+00
   38.97782  -68.99772    13.9136   4.233361    35.4072     97.213     97.978    13.9148   4.233729    35.4093     0.0914 3.8350e-04     0.0036    99.9118      98.52    225.414     5.1812 1.0246e+02          1         15 0.0000e+00
   38.97782  -68.99772    13.9119   4.233308    35.4079     98.221     98.994    13.9114   4.233366    35.4088     0.0809 3.7008e-04     0.0027    99.9332      98.52    225.111     5.1742 1.0261e+02          1         16 0.0000e+00
   38.97782  -68.99772    13.8820   4.229614    35.4013     99.297    100.078    13.8832   4.230213    35.4057     0.0744 3.4467e-04     0.0015    99.9616      98.51    225.037     5.1726 1.0261e+02          1         18 0.0000e+00
   38.97782  -68.99770    13.8821   4.229804    35.4028    100.111    100.900    13.8876   4.230456    35.4037     0.0749 3.6786e-04     0.0012    99.9705      98.52    224.464     5.1594 1.0258e+02          1         79 0.0000e+00
   38.97782  -68.99770    13.8558   4.226763    35.3989    101.218    102.015    13.8559   4.226990    35.4010     0.0756 3.9153e-04    -0.0001   100.0031      98.52    225.000     5.1717 1.0279e+02          1         25 0.0000e+00
   38.97782  -68.99770    13.8474   4.225944    35.3987    102.201    103.006    13.8471   4.225963    35.3992     0.0704 3.6815e-04    -0.0025   100.0629      98.52    224.677     5.1643 1.0319e+02          1         23 0.0000e+00
   38.97782  -68.99770    13.8492   4.226491    35.4016    103.163    103.976    13.8493   4.226579    35.4024     0.0667 3.3254e-04    -0.0013   100.0323      98.52    223.663     5.1410 1.0289e+02          1         24 0.0000e+00
   38.97782  -68.99770    13.8474   4.226473    35.4026    104.191    105.013    13.8474   4.226524    35.4031     0.0558 2.9365e-04    -0.0035   100.0889      78.74    222.752     5.1201 1.0261e+02          1         21 0.0000e+00
   38.97782  -68.99769    13.8541   4.227469    35.4050    105.266    106.097    13.8537   4.227438    35.4052     0.0438 2.6905e-04    -0.0042   100.1056      98.62    222.204     5.1075 1.0268e+02          1         30 0.0000e+00
   38.97782  -68.99768    13.8756   4.230553    35.4131    105.997    106.834    13.8746   4.230295    35.4116     0.0355 1.9554e-04    -0.0054   100.1336      98.52    222.067     5.1043 1.0261e+02          1         67 0.0000e+00
   38.97782  -68.99766    13.9047   4.234815    35.4250    107.127    107.972    13.9024   4.234379    35.4231     0.0397 1.5495e-04    -0.0065   100.1618      98.52    222.214     5.1077 1.0268e+02          1         33 0.0000e+00
   38.97782  -68.99766    13.9451   4.240491    35.4396    108.103    108.957    13.9405   4.239528    35.4349     0.0574 1.2976e-04    -0.0063   100.1590      98.52    220.190     5.0612 1.0271e+02          1         23 0.0000e+00
   38.97782  -68.99766    13.9746   4.244624    35.4500    109.131    109.993    13.9733   4.244128    35.4465     0.0478 1.2108e-04    -0.0056   100.1385      98.52    219.049     5.0350 1.0261e+02          1         20 0.0000e+00
   38.97782  -68.99766    14.0037   4.248724    35.4605    110.162    111.032    14.0023   4.248168    35.4566     0.0465 9.7735e-05    -0.0068   100.1704      98.53    218.802     5.0293 1.0280e+02          1         24 0.0000e+00
   38.97782  -68.99765    14.0613   4.256819    35.4815    111.129    112.007    14.0636   4.256764    35.4789     0.0545 8.1071e-05    -0.0066   100.1648      98.52    218.417     5.0205 1.0317e+02          1         28 0.0000e+00
   38.97782  -68.99764    14.0719   4.258230    35.4849    112.098    112.984    14.0716   4.258277    35.4855     0.0217 6.5832e-05    -0.0054   100.1339      98.51    219.667     5.0492 1.0294e+02          1         27 0.0000e+00
   38.97782  -68.99764    14.1048   4.263187    35.5000    113.138    114.032    14.1039   4.262533    35.4947     0.0355 6.1844e-05    -0.0053   100.1337      98.52    219.365     5.0423 1.0306e+02          1         25 0.0000e+00
   38.97782  -68.99764    14.1134   4.264280    35.5030    114.084    114.986    14.1083   4.263696    35.5024     0.0342 4.8629e-05    -0.0068   100.1695      98.52    216.961     4.9871 1.0282e+02          1        130 0.0000e+00
   38.97782  -68.99764    14.1405   4.268158    35.5140    115.089    115.999    14.1405   4.268012    35.5126     0.0366 3.0763e-05    -0.0062   100.1542      98.53    216.945     4.9867 1.0284e+02          1         19 0.0000e+00
   38.97782  -68.99764    14.1491   4.269424    35.5175    116.060    116.978    14.1485   4.269323    35.5170     0.0553 2.8807e-05    -0.0073   100.1817      98.51    216.966     4.9872 1.0312e+02          1         13 0.0000e+00
   38.97782  -68.99764    14.1581   4.270693    35.5205    117.042    117.968    14.1583   4.270611    35.5195     0.0592 1.5317e-05    -0.0082   100.2049      98.52    217.076     4.9897 1.0291e+02          1         15 0.0000e+00
   38.97782  -68.99762    14.1768   4.273379    35.5276    118.096    119.031    14.1766   4.273125    35.5254     0.0566 1.1514e-05    -0.0086   100.2143      98.52    216.690     4.9809 1.0275e+02          1         16 0.0000e+00
   38.97782  -68.99762    14.1857   4.274555    35.5299    119.100    120.043    14.1854   4.274569    35.5303     0.0339 4.8955e-06    -0.0074   100.1861      98.52    215.702     4.9582 1.0294e+02          1         20 0.0000e+00
   38.97782  -68.99762    14.2035   4.277085    35.5366    120.060    121.012    14.2019   4.276660    35.5341     0.0270 4.5595e-06    -0.0081   100.2007      98.52    215.411     4.9515 1.0300e+02          1         34 0.0000e+00
   38.97782  -68.99762    14.2304   4.280833    35.5461    121.016    121.975    14.2296   4.280635    35.5450     0.0354 2.2052e-06    -0.0087   100.2175      98.52    215.612     4.9561 1.0327e+02          1         37 0.0000e+00
   38.97782  -68.99759    14.2518   4.283907    35.5547    122.210    123.179    14.2557   4.284456    35.5561     0.0473 1.0000e-12    -0.0089   100.2210      98.52    214.268     4.9252 1.0369e+02          1         70 0.0000e+00
   38.97782  -68.99758    14.2643   4.285666    35.5599    122.829    123.803    14.2620   4.285297    35.5586     0.0414 1.0000e-12    -0.0091   100.2264      98.52    213.514     4.9079 1.0274e+02          1         67 0.0000e+00
   38.97782  -68.99760    14.2923   4.289778    35.5716    123.967    124.950    14.2923   4.289489    35.5689     0.0354 1.0000e-12    -0.0094   100.2348      98.52    213.950     4.9179 1.0300e+02          1         17 0.0000e+00
   38.97782  -68.99760    14.3205   4.294009    35.5839    124.966    125.958    14.3202   4.293539    35.5798     0.0506 1.0000e-12    -0.0076   100.1886      98.53    213.791     4.9143 1.0372e+02          1         14 0.0000e+00
   38.97782  -68.99760    14.3505   4.298624    35.5980    126.002    127.002    14.3495   4.297629    35.5898     0.0511 1.0000e-12    -0.0078   100.1951      98.52    213.593     4.9098 1.0410e+02          1         12 0.0000e+00
   38.97782  -68.99760    14.4042   4.306370    35.6188    126.983    127.991    14.4041   4.305194    35.6080     0.0515 7.8474e-06    -0.0081   100.2015      98.52    213.202     4.9008 1.0443e+02          1         11 0.0000e+00
   38.97782  -68.99760    14.4544   4.313127    35.6338    128.021    129.038    14.4549   4.312662    35.6289     0.0465 6.1844e-05    -0.0085   100.2118      98.53    212.665     4.8885 1.0425e+02          1         15 0.0000e+00
   38.97782  -68.99760    14.4700   4.315018    35.6366    129.054    130.080    14.4683   4.314879    35.6369     0.0219 6.7228e-05    -0.0090   100.2259      98.52    212.003     4.8732 1.0451e+02          1         20 0.0000e+00
   38.97782  -68.99755    14.4479   4.311958    35.6302    129.877    130.909    14.4231   4.308490    35.6215     0.0384 1.1911e-04    -0.0096   100.2388      98.52    212.747     4.8903 1.0341e+02          1         95 0.0000e+00
   38.97782  -68.99754    14.4818   4.316655    35.6423    130.960    132.001    14.4823   4.316689    35.6418     0.0367 1.1030e-04    -0.0100   100.2510      98.53    212.370     4.8817 1.0373e+02          1         40 0.0000e+00
   38.97782  -68.99757    14.4937   4.318346    35.6469    131.917    132.966    14.4926   4.318188    35.6463     0.0379 7.1632e-05    -0.0111   100.2794      98.53    213.721     4.9127 1.0437e+02          1         33 0.0000e+00
   38.97782  -68.99758    14.5048   4.320021    35.6518    132.915    133.972    14.5035   4.319780    35.6506     0.0108 8.7345e-05    -0.0107   100.2691      98.53    214.672     4.9346 1.0437e+02          1         19 0.0000e+00
   38.97782  -68.99758    14.5089   4.320659    35.6538    133.892    134.957    14.5085   4.320664    35.6540     0.0220 7.6011e-05    -0.0110   100.2772      98.53    214.596     4.9329 1.0449e+02          1         19 0.0000e+00
   38.97782  -68.99758    14.5140   4.321445    35.6561    134.932    136.006    14.5128   4.321298    35.6556     0.0304 5.9607e-05    -0.0115   100.2882      98.52    214.691     4.9350 1.0382e+02          1         24 0.0000e+00
   38.97782  -68.99758    14.5226   4.322750    35.6599    135.940    137.022    14.5224   4.322706    35.6595     0.0290 2.2969e-05    -0.0107   100.2680      98.53    214.601     4.9330 1.0392e+02          1         29 0.0000e+00
   38.97782  -68.99754    14.5390   4.325431    35.6690    136.883    137.974    14.5382   4.324911    35.6649     0.0288 7.7511e-06    -0.0116   100.2902      98.53    214.336     4.9269 1.0439e+02          1         20 0.0000e+00
   38.97782  -68.99754    14.5664   4.329487    35.6804    137.855    138.953    14.5653   4.329266    35.6794     0.0263 6.0120e-06    -0.0119   100.2962      98.52    214.276     4.9255 1.0461e+02          1         19 0.0000e+00
