Data/ruptures/KN207-01/QL-1/20701034.cnv
* Sea-Bird SBE 9 Data File:
* FileName = C:\Data\ctd\20701034.hex
* Software Version Seasave V 7.21e
* Temperature SN = 4406
* Conductivity SN = 1474
* Number of Bytes Per Scan = 40
* Number of Voltage Words = 5
* Number of Scans Averaged by the Deck Unit = 1
* NMEA Latitude = 38 52.53 N
* NMEA Longitude = 069 06.53 W
* NMEA UTC (Time) = Apr 25 2012 22:02:17
** R/V Knorr Cruise # KN207-01 QL1
** Chief Scientist: Ben Van Mooy
# nquan = 21
# nvalues = 395                         
# units = specified
# name 0 = latitude: Latitude [deg]
# name 1 = longitude: Longitude [deg]
# name 2 = t090C: Temperature [ITS-90, deg C]
# name 3 = c0S/m: Conductivity [S/m]
# name 4 = sal00: Salinity, Practical [PSU]
# name 5 = depSM: Depth [salt water, m]
# name 6 = prDM: Pressure, Digiquartz [db]
# name 7 = t190C: Temperature, 2 [ITS-90, deg C]
# name 8 = c1S/m: Conductivity, 2 [S/m]
# name 9 = sal11: Salinity, Practical, 2 [PSU]
# name 10 = flECO-AFL: Fluorescence, WET Labs ECO-AFL/FL [mg/m^3]
# name 11 = par: PAR/Irradiance, Biospherical/Licor
# name 12 = bat: Beam Attenuation, Chelsea/Seatech [1/m]
# name 13 = xmiss: Beam Transmission, Chelsea/Seatech [%]
# name 14 = altM: Altimeter [m]
# name 15 = sbeox0Mm/Kg: Oxygen, SBE 43 [umol/kg]
# name 16 = sbeox0ML/L: Oxygen, SBE 43 [ml/l]
# name 17 = spar: SPAR/Surface Irradiance
# name 18 = pumps: Pump Status
# name 19 = nbin: number of scans per bin
# name 20 = flag: flag
# span 0 =   38.87570,   38.87790       
# span 1 =  -69.10892,  -69.10877       
# span 2 =    10.8161,    14.6598       
# span 3 =   3.821876,   4.347023       
# span 4 =    32.6308,    35.8053       
# span 5 =      2.171,    198.108       
# span 6 =      2.187,    199.714       
# span 7 =    10.8151,    14.6594       
# span 8 =   3.822019,   4.347107       
# span 9 =    33.3618,    35.8112       
# span 10 =     0.0029,     3.1524      
# span 11 = 1.0000e-12, 7.0086e+00      
# span 12 =    -0.0129,     0.3558      
# span 13 =    91.4881,   100.3218      
# span 14 =       6.34,      98.62      
# span 15 =    143.804,    458.558      
# span 16 =     3.3064,    10.5314      
# span 17 = 1.3267e+03, 1.6189e+03      
# span 18 =          1,          1      
# span 19 =         12,        949      
# span 20 = 0.0000e+00, 0.0000e+00      
# interval = decibars: 1                
# start_time = Apr 25 2012 22:02:17 [NMEA time, header]
# bad_flag = -9.990e-29
*END*
[from data line 138]
   38.87634  -69.10886    14.3768   4.302501    35.6042    140.881    142.004    14.3768   4.302120    35.6006     0.0438 1.0000e-12    -0.0042   100.1057      98.54    222.741     5.1200 1.5330e+03          1         22 0.0000e+00
   38.87635  -69.10886    14.4087   4.306934    35.6150    141.881    143.011    14.4083   4.306788    35.6141     0.0428 1.0000e-12    -0.0047   100.1174      98.54    222.376     5.1116 1.5263e+03          1         22 0.0000e+00
   38.87636  -69.10886    14.4186   4.308292    35.6182    142.908    144.046    14.4181   4.308276    35.6186     0.0417 1.0000e-12    -0.0052   100.1290      98.54    222.242     5.1086 1.5337e+03          1         28 0.0000e+00
   38.87636  -69.10886    14.4219   4.308776    35.6196    143.861    145.008    14.4217   4.308736    35.6195     0.0284 1.0000e-12    -0.0054   100.1336      98.53    221.385     5.0889 1.5433e+03          1         28 0.0000e+00
   38.87636  -69.10886    14.4284   4.309713    35.6221    144.815    145.969    14.4285   4.309679    35.6217     0.0279 1.0000e-12    -0.0061   100.1522      98.54    220.632     5.0716 1.5473e+03          1         24 0.0000e+00
   38.87636  -69.10886    14.4391   4.311151    35.6252    145.829    146.992    14.4390   4.311173    35.6255     0.0339 1.0000e-12    -0.0055   100.1379      98.53    220.532     5.0693 1.5449e+03          1         21 0.0000e+00
   38.87636  -69.10886    14.4589   4.314240    35.6348    146.824    147.995    14.4600   4.313776    35.6295     0.0498 1.0000e-12    -0.0054   100.1352      98.55    220.537     5.0694 1.5407e+03          1         19 0.0000e+00
   38.87636  -69.10886    14.4855   4.317819    35.6427    147.818    148.998    14.4853   4.317841    35.6431     0.0571 1.0000e-12    -0.0065   100.1641      98.54    220.323     5.0645 1.5367e+03          1         22 0.0000e+00
   38.87636  -69.10886    14.4870   4.318025    35.6432    148.828    150.017    14.4860   4.317974    35.6437     0.0307 1.0000e-12    -0.0061   100.1529      98.53    220.531     5.0693 1.5346e+03          1         28 0.0000e+00
   38.87636  -69.10886    14.4882   4.318200    35.6437    149.804    151.001    14.4876   4.318203    35.6443     0.0305 1.0000e-12    -0.0072   100.1802      98.54    219.949     5.0559 1.5312e+03          1         29 0.0000e+00
   38.87636  -69.10886    14.4931   4.319017    35.6465    150.791    151.996    14.4926   4.318773    35.6447     0.0331 1.0000e-12    -0.0058   100.1460      98.54    219.534     5.0464 1.5316e+03          1         25 0.0000e+00
   38.87638  -69.10886    14.5151   4.322125    35.6542    151.798    153.011    14.5141   4.321999    35.6541     0.0292 1.0000e-12    -0.0059   100.1466      98.54    219.382     5.0429 1.5365e+03          1         22 0.0000e+00
   38.87638  -69.10886    14.5329   4.324921    35.6631    152.803    154.024    14.5330   4.324609    35.6602     0.0350 1.0000e-12    -0.0065   100.1620      98.55    219.198     5.0387 1.5447e+03          1         26 0.0000e+00
   38.87638  -69.10886    14.5740   4.331180    35.6821    153.783    155.012    14.5734   4.330842    35.6795     0.0333 1.0000e-12    -0.0070   100.1758      98.54    219.398     5.0433 1.5514e+03          1         29 0.0000e+00
   38.87638  -69.10886    14.5987   4.334923    35.6933    154.722    155.960    14.5986   4.334721    35.6916     0.0315 1.0000e-12    -0.0083   100.2070      98.54    218.298     5.0180 1.5422e+03          1         28 0.0000e+00
   38.87638  -69.10886    14.6102   4.336584    35.6978    155.722    156.968    14.6098   4.336482    35.6972     0.0276 1.0000e-12    -0.0090   100.2248      98.54    216.617     4.9794 1.5341e+03          1         21 0.0000e+00
   38.87638  -69.10886    14.6239   4.338737    35.7047    156.732    157.987    14.6238   4.338500    35.7026     0.0231 1.0000e-12    -0.0089   100.2215      98.54    215.297     4.9490 1.5286e+03          1         18 0.0000e+00
   38.87638  -69.10886    14.6374   4.340713    35.7100    157.732    158.995    14.6372   4.340685    35.7099     0.0289 1.0000e-12    -0.0083   100.2060      98.54    214.771     4.9370 1.5237e+03          1         17 0.0000e+00
   38.87638  -69.10886    14.6477   4.342380    35.7155    158.756    160.028    14.6472   4.342133    35.7137     0.0342 1.0000e-12    -0.0088   100.2186      98.54    214.454     4.9297 1.5190e+03          1         21 0.0000e+00
   38.87638  -69.10886    14.6598   4.344632    35.7248    159.780    161.060    14.6594   4.344633    35.7252     0.0298 1.0000e-12    -0.0092   100.2291      98.54    213.277     4.9027 1.5203e+03          1         27 0.0000e+00
   38.87638  -69.10886    14.6368   4.343702    35.7380    160.699    161.987    14.6365   4.343818    35.7395     0.0236 1.0000e-12    -0.0097   100.2434      98.54    211.800     4.8688 1.5293e+03          1         38 0.0000e+00
   38.87640  -69.10886    14.6318   4.344237    35.7477    161.663    162.959    14.6318   4.344269    35.7479     0.0317 1.0000e-12    -0.0106   100.2658      98.54    207.725     4.7751 1.5446e+03          1         26 0.0000e+00
   38.87640  -69.10886    14.6286   4.344203    35.7502    162.708    164.012    14.6286   4.344336    35.7514     0.0331 1.0000e-12    -0.0106   100.2669      98.55    203.205     4.6712 1.5513e+03          1         22 0.0000e+00
   38.87640  -69.10886    14.6220   4.343820    35.7526    163.713    165.026    14.6220   4.343901    35.7533     0.0324 1.0000e-12    -0.0112   100.2800      98.54    200.463     4.6082 1.5468e+03          1         19 0.0000e+00
   38.87640  -69.10886    14.6211   4.343918    35.7540    164.686    166.007    14.6210   4.344002    35.7548     0.0472 1.0000e-12    -0.0105   100.2625      98.54    198.675     4.5671 1.5373e+03          1         24 0.0000e+00
   38.87640  -69.10886    14.6271   4.345054    35.7585    165.683    167.012    14.6272   4.345077    35.7586     0.0407 1.0000e-12    -0.0107   100.2685      98.55    197.351     4.5367 1.5245e+03          1         28 0.0000e+00
   38.87642  -69.10886    14.6217   4.344834    35.7613    166.665    168.003    14.6215   4.344952    35.7625     0.0161 1.0000e-12    -0.0103   100.2580      98.54    197.055     4.5299 1.5147e+03          1         25 0.0000e+00
   38.87642  -69.10886    14.6181   4.344985    35.7657    167.654    169.000    14.6180   4.345047    35.7664     0.0258 1.0000e-12    -0.0107   100.2688      98.54    196.817     4.5245 1.5141e+03          1         21 0.0000e+00
   38.87642  -69.10886    14.6189   4.345748    35.7717    168.674    170.030    14.6188   4.345815    35.7723     0.0202 1.0000e-12    -0.0108   100.2716      98.54    195.793     4.5009 1.5242e+03          1         22 0.0000e+00
   38.87642  -69.10886    14.6183   4.346058    35.7747    169.675    171.039    14.6182   4.346115    35.7752     0.0168 1.0000e-12    -0.0118   100.2944      98.54    194.408     4.4691 1.5403e+03          1         26 0.0000e+00
   38.87642  -69.10886    14.6176   4.346494    35.7790    170.598    171.969    14.6174   4.346569    35.7798     0.0317 1.0000e-12    -0.0114   100.2848      98.54    192.213     4.4187 1.5457e+03          1         33 0.0000e+00
   38.87642  -69.10886    14.6159   4.346664    35.7818    171.578    172.958    14.6156   4.346746    35.7828     0.0296 1.0000e-12    -0.0120   100.3002      98.54    190.284     4.3743 1.5379e+03          1         25 0.0000e+00
   38.87642  -69.10886    14.6134   4.346582    35.7830    172.608    173.996    14.6134   4.346664    35.7837     0.0210 1.0000e-12    -0.0104   100.2600      98.54    188.940     4.3434 1.5323e+03          1         18 0.0000e+00
   38.87642  -69.10886    14.6134   4.346702    35.7837    173.611    175.008    14.6132   4.346776    35.7845     0.0190 1.0000e-12    -0.0108   100.2710      98.54    188.200     4.3264 1.5258e+03          1         17 0.0000e+00
   38.87642  -69.10886    14.6131   4.346796    35.7844    174.619    176.024    14.6130   4.346890    35.7854     0.0051 1.0000e-12    -0.0109   100.2743      98.54    187.540     4.3113 1.5236e+03          1         18 0.0000e+00
   38.87642  -69.10886    14.6122   4.346864    35.7855    175.639    177.053    14.6122   4.346931    35.7861     0.0249 1.0000e-12    -0.0115   100.2872      98.54    187.186     4.3031 1.5259e+03          1         27 0.0000e+00
   38.87644  -69.10886    14.6118   4.347023    35.7870    176.571    177.993    14.6116   4.347107    35.7879     0.0283 1.0000e-12    -0.0113   100.2829      98.54    186.694     4.2918 1.5284e+03          1         42 0.0000e+00
   38.87644  -69.10886    14.6068   4.346850    35.7897    177.535    178.966    14.6064   4.346947    35.7910     0.0323 1.0000e-12    -0.0109   100.2729      98.54    186.140     4.2791 1.5218e+03          1         27 0.0000e+00
   38.87644  -69.10886    14.5998   4.346450    35.7922    178.559    179.997    14.5996   4.346585    35.7936     0.0173 1.0000e-12    -0.0100   100.2515      98.54    186.297     4.2827 1.5225e+03          1         18 0.0000e+00
   38.87644  -69.10886    14.5674   4.344051    35.8003    179.572    181.019    14.5659   4.344550    35.8063     0.0101 1.0000e-12    -0.0110   100.2759      98.55    185.817     4.2718 1.5289e+03          1         19 0.0000e+00
   38.87644  -69.10886    14.4990   4.337624    35.8053    180.577    182.033    14.4992   4.338292    35.8112     0.0136 1.0000e-12    -0.0109   100.2725      98.54    184.989     4.2528 1.5373e+03          1         21 0.0000e+00
   38.87644  -69.10886    14.4576   4.333304    35.8037    181.563    183.027    14.4573   4.333672    35.8074     0.0170 1.0000e-12    -0.0113   100.2819      98.55    181.690     4.1770 1.5427e+03          1         31 0.0000e+00
   38.87644  -69.10886    14.4158   4.328594    35.7989    182.528    184.001    14.4144   4.328944    35.8035     0.0179 1.0000e-12    -0.0108   100.2691      98.54    172.873     3.9743 1.5328e+03          1         27 0.0000e+00
   38.87644  -69.10886    14.3578   4.322081    35.7927    183.520    185.001    14.3555   4.322551    35.7993     0.0252 1.0000e-12    -0.0096   100.2406      98.54    167.194     3.8438 1.5177e+03          1         23 0.0000e+00
   38.87644  -69.10886    14.2642   4.311735    35.7848    184.497    185.986    14.2613   4.313016    35.7994     0.0262 1.0000e-12    -0.0106   100.2657      98.54    165.361     3.8017 1.5100e+03          1         20 0.0000e+00
   38.87644  -69.10886    14.1328   4.299514    35.7951    185.478    186.976    14.1310   4.300490    35.8059     0.0154 1.0000e-12    -0.0114   100.2847      98.55    164.404     3.7798 1.5104e+03          1         21 0.0000e+00
   38.87646  -69.10886    13.9449   4.279477    35.7859    186.500    188.006    13.9405   4.281471    35.8087     0.0185 1.0000e-12    -0.0113   100.2831      98.54    162.281     3.7311 1.5176e+03          1         23 0.0000e+00
   38.87646  -69.10886    13.7843   4.261715    35.7708    187.524    189.039    13.7798   4.261925    35.7771     0.0029 1.0000e-12    -0.0119   100.2974      98.54    156.316     3.5940 1.5253e+03          1         26 0.0000e+00
   38.87646  -69.10886    13.7494   4.257756    35.7643    188.494    190.018    13.7520   4.258458    35.7684     0.0103 1.0000e-12    -0.0111   100.2786      98.55    147.945     3.4016 1.5361e+03          1         30 0.0000e+00
   38.87646  -69.10886    13.7081   4.253084    35.7573    189.424    190.955    13.7091   4.253613    35.7613     0.0257 1.0000e-12    -0.0123   100.3077      98.54    145.205     3.3386 1.5343e+03          1         30 0.0000e+00
   38.87648  -69.10884    13.6784   4.249759    35.7522    190.440    191.980    13.6808   4.250405    35.7559     0.0283 1.0000e-12    -0.0125   100.3112      98.54    145.537     3.3463 1.5257e+03          1         26 0.0000e+00
   38.87648  -69.10884    13.6586   4.247651    35.7494    191.458    193.006    13.6607   4.248086    35.7515     0.0236 1.0000e-12    -0.0121   100.3029      98.54    145.636     3.3485 1.5227e+03          1         19 0.0000e+00
   38.87648  -69.10884    13.6569   4.247519    35.7483    192.446    194.003    13.6587   4.247874    35.7499     0.0325 1.0000e-12    -0.0120   100.3004      98.54    145.979     3.3564 1.5212e+03          1         20 0.0000e+00
   38.87648  -69.10884    13.6548   4.247355    35.7473    193.458    195.024    13.6549   4.247596    35.7494     0.0383 1.0000e-12    -0.0120   100.3004      98.54    146.069     3.3585 1.5165e+03          1         20 0.0000e+00
   38.87648  -69.10884    13.6519   4.247127    35.7464    194.455    196.030    13.6505   4.247148    35.7479     0.0278 1.0000e-12    -0.0114   100.2865      98.54    145.889     3.3543 1.5158e+03          1         26 0.0000e+00
   38.87648  -69.10884    13.6406   4.245911    35.7434    195.625    197.209    13.6441   4.246446    35.7451     0.0345 1.0000e-12    -0.0118   100.2940      98.54    145.705     3.3501 1.5237e+03          1         70 0.0000e+00
   38.87648  -69.10884    13.6359   4.245507    35.7420    196.286    197.877    13.6356   4.245602    35.7431     0.0299 1.0000e-12    -0.0119   100.2963      98.54    145.123     3.3367 1.5307e+03          1         64 0.0000e+00
   38.87650  -69.10884    13.6327   4.245242    35.7403    197.368    198.968    13.6322   4.245365    35.7419     0.0238 1.0000e-12    -0.0121   100.3013      98.54    144.841     3.3303 1.5185e+03          1        147 0.0000e+00
   38.87652  -69.10884    13.5904   4.240462    35.7334    198.108    199.714    13.5892   4.240437    35.7343     0.0364 1.0000e-12    -0.0123   100.3067      98.54    144.226     3.3161 1.5185e+03          1        171 0.0000e+00
   38.87654  -69.10884    13.6111   4.242813    35.7354    197.212    198.810    13.6091   4.242631    35.7355     0.0338 1.0000e-12    -0.0125   100.3114      98.54    143.804     3.3064 1.5150e+03          1         87 0.0000e+00
   38.87656  -69.10884    13.6235   4.244225    35.7371    196.518    198.110    13.6257   4.244484    35.7374     0.0210 1.0000e-12    -0.0124   100.3086      98.55    144.287     3.3175 1.5199e+03          1         42 0.0000e+00
   38.87656  -69.10884    13.6237   4.244165    35.7369    195.436    197.019    13.6256   4.244514    35.7383     0.0423 1.0000e-12    -0.0122   100.3035      98.55    144.419     3.3205 1.5208e+03          1         34 0.0000e+00
   38.87656  -69.10884    13.6361   4.245582    35.7387    194.426    196.000    13.6397   4.245914    35.7384     0.0346 1.0000e-12    -0.0124   100.3084      98.54    144.184     3.3151 1.5111e+03          1         44 0.0000e+00
   38.87656  -69.10884    13.6488   4.246981    35.7404    193.443    195.009    13.6503   4.247193    35.7409     0.0246 1.0000e-12    -0.0123   100.3076      98.55    144.213     3.3158 1.5092e+03          1         31 0.0000e+00
   38.87656  -69.10884    13.6525   4.247462    35.7418    192.449    194.006    13.6520   4.247435    35.7420     0.0215 1.0000e-12    -0.0129   100.3218      98.55    144.373     3.3195 1.5082e+03          1         22 0.0000e+00
   38.87656  -69.10884    13.6575   4.248005    35.7427    191.459    193.008    13.6565   4.247907    35.7427     0.0262 1.0000e-12    -0.0124   100.3107      98.55    144.719     3.3274 1.5058e+03          1         20 0.0000e+00
   38.87656  -69.10884    13.6662   4.248965    35.7439    190.461    192.001    13.6645   4.248786    35.7438     0.0313 1.0000e-12    -0.0123   100.3082      98.54    144.703     3.3271 1.5069e+03          1         20 0.0000e+00
   38.87658  -69.10884    13.6679   4.249108    35.7441    189.490    191.022    13.6693   4.249286    35.7444     0.0335 1.0000e-12    -0.0123   100.3078      98.55    144.708     3.3272 1.5131e+03          1         22 0.0000e+00
