Data/ruptures/KN207-01/QL-1/20701021.cnv
* Sea-Bird SBE 9 Data File:
* FileName = C:\Data\ctd\20701021.hex
* Software Version Seasave V 7.21e
* Temperature SN = 4406
* Conductivity SN = 1474
* Number of Bytes Per Scan = 40
* Number of Voltage Words = 5
* Number of Scans Averaged by the Deck Unit = 1
* NMEA Latitude = 38 58.17 N
* NMEA Longitude = 068 57.57 W
* NMEA UTC (Time) = Apr 24 2012 13:03:45
** R/V Knorr Cruise # KN207-01 QL1
** Chief Scientist: Ben Van Mooy
# nquan = 21
# nvalues = 395                         
# units = specified
# name 0 = latitude: Latitude [deg]
# name 1 = longitude: Longitude [deg]
# name 2 = t090C: Temperature [ITS-90, deg C]
# name 3 = c0S/m: Conductivity [S/m]
# name 4 = sal00: Salinity, Practical [PSU]
# name 5 = depSM: Depth [salt water, m]
# name 6 = prDM: Pressure, Digiquartz [db]
# name 7 = t190C: Temperature, 2 [ITS-90, deg C]
# name 8 = c1S/m: Conductivity, 2 [S/m]
# name 9 = sal11: Salinity, Practical, 2 [PSU]
# name 10 = flECO-AFL: Fluorescence, WET Labs ECO-AFL/FL [mg/m^3]
# name 11 = par: PAR/Irradiance, Biospherical/Licor
# name 12 = bat: Beam Attenuation, Chelsea/Seatech [1/m]
# name 13 = xmiss: Beam Transmission, Chelsea/Seatech [%]
# name 14 = altM: Altimeter [m]
# name 15 = sbeox0Mm/Kg: Oxygen, SBE 43 [umol/kg]
# name 16 = sbeox0ML/L: Oxygen, SBE 43 [ml/l]
# name 17 = spar: SPAR/Surface Irradiance
# name 18 = pumps: Pump Status
# name 19 = nbin: number of scans per bin
# name 20 = flag: flag
# span 0 =   38.96729,   38.96956       
# span 1 =  -68.95963,  -68.95179       
# span 2 =    11.1570,    14.7082       
# span 3 =   3.794223,   4.352555       
# span 4 =    32.9643,    35.8341       
# span 5 =      2.151,    198.239       
# span 6 =      2.167,    199.847       
# span 7 =    11.1482,    14.7080       
# span 8 =   3.822424,   4.352529       
# span 9 =    33.2378,    35.8361       
# span 10 =     0.0035,     2.3720      
# span 11 = 1.3489e-04, 3.6002e+01      
# span 12 =    -0.0153,     0.3214      
# span 13 =    92.2787,   100.3837      
# span 14 =      18.28,      98.65      
# span 15 =    146.102,    444.187      
# span 16 =     3.3594,    10.2014      
# span 17 = 5.8796e+02, 1.5481e+03      
# span 18 =          0,          1      
# span 19 =          9,       1256      
# span 20 = 0.0000e+00, 0.0000e+00      
# interval = decibars: 1                
# start_time = Apr 24 2012 13:03:45 [NMEA time, header]
# bad_flag = -9.990e-29
*END*
[from data line 207]
   38.96890  -68.95670    13.6134   4.243341    35.7383    187.472    188.988    13.6135   4.243167    35.7367     0.0506 4.0443e-04    -0.0151   100.3800      98.55    146.713     3.3733 7.6417e+02          1         19 0.0000e+00
   38.96890  -68.95670    13.6695   4.249503    35.7434    186.460    187.968    13.6682   4.248623    35.7364     0.0148 4.1700e-04    -0.0148   100.3721      98.55    146.330     3.3645 7.6410e+02          1         22 0.0000e+00
   38.96890  -68.95670    13.7137   4.254399    35.7482    185.488    186.987    13.7074   4.253490    35.7457     0.0153 4.2523e-04    -0.0152   100.3825      98.56    146.603     3.3707 7.6482e+02          1         23 0.0000e+00
   38.96890  -68.95670    13.7706   4.260239    35.7496    184.503    185.994    13.7797   4.260289    35.7414     0.0411 4.2761e-04    -0.0153   100.3825      98.55    146.930     3.3782 7.6463e+02          1         23 0.0000e+00
   38.96890  -68.95670    13.8560   4.270610    35.7663    183.527    185.010    13.8673   4.270964    35.7589     0.0377 4.4799e-04    -0.0150   100.3757      98.55    146.663     3.3720 7.6399e+02          1         18 0.0000e+00
   38.96890  -68.95670    13.9118   4.276769    35.7720    182.509    183.983    13.9146   4.277231    35.7737     0.0245 4.4666e-04    -0.0139   100.3468      98.55    146.361     3.3651 7.6327e+02          1         23 0.0000e+00
   38.96890  -68.95664    13.9691   4.283356    35.7809    181.408    182.873    13.9734   4.283458    35.7777     0.0303 4.5870e-04    -0.0136   100.3410      98.55    146.554     3.3695 7.6233e+02          1         49 0.0000e+00
   38.96890  -68.95664    14.0198   4.288560    35.7835    180.658    182.116    14.0238   4.289159    35.7854     0.0421 5.0890e-04    -0.0145   100.3645      98.55    147.382     3.3885 7.6098e+02          1         41 0.0000e+00
   38.96890  -68.95664    14.0317   4.289753    35.7849    179.542    180.990    14.0356   4.289742    35.7811     0.0287 6.0722e-04    -0.0150   100.3757      98.55    147.548     3.3923 7.5966e+02          1         18 0.0000e+00
   38.96890  -68.95664    14.0616   4.292823    35.7861    178.553    179.993    14.0584   4.292458    35.7858     0.0140 8.6456e-04    -0.0153   100.3830      98.56    147.574     3.3929 7.5842e+02          1         16 0.0000e+00
   38.96888  -68.95664    14.0765   4.294469    35.7882    177.544    178.975    14.0685   4.293440    35.7863     0.0225 8.8224e-04    -0.0146   100.3663      98.56    147.725     3.3964 7.5658e+02          1         17 0.0000e+00
   38.96888  -68.95664    14.1029   4.297298    35.7905    176.548    177.971    14.0904   4.295788    35.7884     0.0311 8.4223e-04    -0.0141   100.3534      98.55    147.671     3.3951 7.5497e+02          1         22 0.0000e+00
   38.96888  -68.95664    14.1469   4.302217    35.7957    175.602    177.018    14.1243   4.299380    35.7908     0.0267 7.9227e-04    -0.0144   100.3608      98.55    148.119     3.4054 7.5411e+02          1         30 0.0000e+00
   38.96888  -68.95664    14.1623   4.303561    35.7950    174.635    176.041    14.1552   4.303074    35.7972     0.0354 7.3388e-04    -0.0144   100.3621      98.55    148.678     3.4182 7.5571e+02          1         28 0.0000e+00
   38.96888  -68.95663    14.2044   4.308641    35.8033    173.622    175.020    14.1779   4.305099    35.7956     0.0240 7.1800e-04    -0.0142   100.3570      98.55    149.122     3.4284 7.5675e+02          1         20 0.0000e+00
   38.96886  -68.95658    14.3131   4.320637    35.8123    172.620    174.009    14.2807   4.315511    35.7954     0.0182 7.9337e-04    -0.0143   100.3572      98.56    149.234     3.4309 7.5645e+02          1         17 0.0000e+00
   38.96886  -68.95658    14.3797   4.328166    35.8200    171.660    173.041    14.3644   4.325387    35.8085     0.0219 8.1554e-04    -0.0144   100.3621      98.56    149.368     3.4340 7.5605e+02          1         16 0.0000e+00
   38.96886  -68.95658    14.4134   4.331697    35.8222    170.611    171.983    14.3928   4.328826    35.8149     0.0433 7.7852e-04    -0.0145   100.3624      98.55    150.198     3.4531 7.5541e+02          1         23 0.0000e+00
   38.96886  -68.95658    14.4724   4.337270    35.8200    169.593    170.957    14.4595   4.335721    35.8176     0.0244 7.6747e-04    -0.0144   100.3605      98.55    153.497     3.5289 7.5210e+02          1         54 0.0000e+00
   38.96886  -68.95656    14.4756   4.337084    35.8175    168.734    170.091    14.4705   4.336924    35.8207     0.0394 7.3282e-04    -0.0142   100.3566      98.55    157.645     3.6242 7.4801e+02          1         30 0.0000e+00
   38.96886  -68.95656    14.4894   4.338257    35.8166    167.697    169.045    14.4837   4.337494    35.8147     0.0289 8.3953e-04    -0.0142   100.3557      98.55    159.374     3.6640 7.4727e+02          1         17 0.0000e+00
   38.96886  -68.95656    14.5022   4.339299    35.8150    166.692    168.031    14.4983   4.338942    35.8152     0.0213 1.0386e-03    -0.0141   100.3539      98.55    160.133     3.6814 7.4711e+02          1         14 0.0000e+00
   38.96886  -68.95656    14.5063   4.339339    35.8124    165.689    167.020    14.5033   4.339196    35.8137     0.0210 8.8125e-04    -0.0137   100.3438      98.55    160.400     3.6875 7.4727e+02          1         13 0.0000e+00
   38.96886  -68.95656    14.4996   4.338231    35.8094    164.672    165.995    14.5003   4.338596    35.8119     0.0213 9.9395e-04    -0.0137   100.3428      98.56    160.623     3.6926 7.4695e+02          1         14 0.0000e+00
   38.96886  -68.95656    14.4970   4.337658    35.8074    163.650    164.964    14.4965   4.337860    35.8096     0.0271 1.0262e-03    -0.0134   100.3343      98.55    161.364     3.7097 7.4653e+02          1         18 0.0000e+00
   38.96886  -68.95654    14.5142   4.339233    35.8069    162.619    163.925    14.5097   4.338690    35.8059     0.0268 9.6084e-04    -0.0141   100.3542      98.56    163.948     3.7691 7.4553e+02          1         50 0.0000e+00
   38.96886  -68.95652    14.5461   4.342597    35.8091    161.790    163.089    14.5441   4.342364    35.8087     0.0423 8.9308e-04    -0.0144   100.3620      98.56    167.438     3.8493 7.4528e+02          1         37 0.0000e+00
   38.96886  -68.95652    14.5557   4.343512    35.8094    160.743    162.032    14.5501   4.342640    35.8066     0.0213 8.7216e-04    -0.0142   100.3545      98.55    168.721     3.8788 7.4515e+02          1         21 0.0000e+00
   38.96886  -68.95652    14.5750   4.345105    35.8066    159.749    161.031    14.5748   4.345165    35.8073     0.0308 9.0734e-04    -0.0136   100.3400      98.56    169.476     3.8961 7.4343e+02          1         18 0.0000e+00
   38.96886  -68.95652    14.5590   4.341933    35.7933    158.744    160.016    14.5689   4.343992    35.8028     0.0237 9.4518e-04    -0.0132   100.3300      98.56    170.058     3.9095 7.4113e+02          1         16 0.0000e+00
   38.96886  -68.95650    14.5378   4.338222    35.7799    157.738    159.003    14.5482   4.340592    35.7917     0.0224 9.8187e-04    -0.0131   100.3263      98.56    170.450     3.9184 7.3993e+02          1         14 0.0000e+00
   38.96886  -68.95650    14.5136   4.334276    35.7669    156.743    157.999    14.5289   4.337250    35.7798     0.0351 9.5575e-04    -0.0132   100.3300      98.55    171.441     3.9412 7.3834e+02          1         16 0.0000e+00
   38.96886  -68.95650    14.5061   4.332842    35.7613    155.728    156.975    14.5136   4.334492    35.7694     0.0401 9.5854e-04    -0.0132   100.3313      98.56    172.794     3.9723 7.3801e+02          1         20 0.0000e+00
   38.96886  -68.95650    14.4941   4.329800    35.7451    154.753    155.992    14.4954   4.330364    35.7491     0.0443 9.1309e-04    -0.0127   100.3174      98.55    173.657     3.9921 7.3842e+02          1         57 0.0000e+00
   38.96886  -68.95647    14.4925   4.328958    35.7393    153.840    155.072    14.4896   4.328437    35.7372     0.0182 8.1159e-04    -0.0129   100.3227      98.55    173.955     3.9989 7.3691e+02          1         28 0.0000e+00
   38.96886  -68.95646    14.5076   4.329803    35.7333    152.794    154.017    14.5064   4.329450    35.7312     0.0449 8.0979e-04    -0.0129   100.3224      98.56    174.441     4.0101 7.3375e+02          1         17 0.0000e+00
   38.96886  -68.95646    14.5476   4.334073    35.7353    151.819    153.033    14.5413   4.332861    35.7301     0.0234 7.6574e-04    -0.0129   100.3227      98.56    175.124     4.0257 7.3213e+02          1         14 0.0000e+00
   38.96886  -68.95646    14.5853   4.338279    35.7390    150.840    152.047    14.5717   4.335853    35.7295     0.0077 7.1403e-04    -0.0128   100.3190      98.56    175.852     4.0425 7.3404e+02          1         14 0.0000e+00
   38.96886  -68.95646    14.6223   4.342420    35.7428    149.825    151.022    14.6247   4.341870    35.7354     0.0392 6.4517e-04    -0.0114   100.2850      98.55    177.090     4.0709 7.3500e+02          1         16 0.0000e+00
   38.96886  -68.95646    14.6670   4.347482    35.7480    148.771    149.960    14.6373   4.343784    35.7419     0.0359 6.4663e-04    -0.0124   100.3104      98.55    180.298     4.1446 7.3537e+02          1         21 0.0000e+00
   38.96885  -68.95644    14.6900   4.350131    35.7518    147.744    148.924    14.6761   4.348356    35.7484     0.0370 6.3046e-04    -0.0131   100.3266      98.56    189.291     4.3513 7.3324e+02          1         45 0.0000e+00
   38.96884  -68.95642    14.7007   4.351174    35.7524    146.949    148.122    14.6995   4.351200    35.7536     0.0225 6.1905e-04    -0.0129   100.3217      98.56    197.327     4.5361 7.3129e+02          1         37 0.0000e+00
   38.96884  -68.95642    14.6973   4.350557    35.7509    145.880    147.045    14.6922   4.350141    35.7518     0.0268 7.0790e-04    -0.0131   100.3265      98.56    200.403     4.6068 7.2932e+02          1         22 0.0000e+00
   38.96884  -68.95642    14.6903   4.349222    35.7460    144.813    145.969    14.6910   4.349648    35.7492     0.0292 7.4934e-04    -0.0125   100.3123      98.55    201.776     4.6383 7.2789e+02          1         16 0.0000e+00
   38.96884  -68.95642    14.6807   4.347623    35.7409    143.813    144.961    14.6828   4.348241    35.7445     0.0281 7.1409e-04    -0.0127   100.3171      98.55    202.340     4.6513 7.2735e+02          1         14 0.0000e+00
   38.96883  -68.95641    14.6741   4.346413    35.7366    142.816    143.956    14.6737   4.346849    35.7410     0.0294 6.6993e-04    -0.0128   100.3197      98.56    202.380     4.6522 7.2719e+02          1         15 0.0000e+00
   38.96882  -68.95640    14.6607   4.344119    35.7287    141.808    142.939    14.6644   4.344959    35.7329     0.0332 5.8869e-04    -0.0130   100.3243      98.56    202.611     4.6575 7.2806e+02          1         18 0.0000e+00
   38.96882  -68.95640    14.6402   4.340905    35.7190    140.747    141.869    14.6410   4.341277    35.7217     0.0330 5.3314e-04    -0.0128   100.3197      98.56    205.566     4.7254 7.2746e+02          1         50 0.0000e+00
   38.96882  -68.95640    14.6230   4.338202    35.7108    139.965    141.080    14.6235   4.338319    35.7114     0.0398 5.0405e-04    -0.0127   100.3171      98.56    208.323     4.7888 7.2543e+02          1         38 0.0000e+00
   38.96882  -68.95636    14.6206   4.337729    35.7091    138.915    140.022    14.6227   4.338358    35.7129     0.0507 5.3047e-04    -0.0118   100.2943      98.56    208.174     4.7853 7.2285e+02          1         18 0.0000e+00
   38.96882  -68.95636    14.6146   4.336703    35.7057    137.899    138.997    14.6137   4.336780    35.7072     0.0302 6.6293e-04    -0.0113   100.2823      98.56    208.494     4.7927 7.2273e+02          1         14 0.0000e+00
   38.96882  -68.95636    14.6056   4.335219    35.7009    136.906    137.997    14.6103   4.336214    35.7057     0.0145 4.4662e-04    -0.0124   100.3086      98.56    208.925     4.8026 7.2106e+02          1         12 0.0000e+00
   38.96882  -68.95636    14.5951   4.333518    35.6955    135.924    137.006    14.6012   4.334795    35.7015     0.0243 4.7396e-04    -0.0126   100.3150      98.55    209.076     4.8060 7.2069e+02          1         12 0.0000e+00
   38.96882  -68.95636    14.5866   4.332165    35.6914    134.942    136.015    14.5917   4.333374    35.6978     0.0283 5.6886e-04    -0.0130   100.3241      98.56    208.868     4.8012 7.2050e+02          1         13 0.0000e+00
   38.96882  -68.95636    14.5771   4.330582    35.6862    133.905    134.970    14.5822   4.331643    35.6912     0.0410 5.8867e-04    -0.0118   100.2943      98.56    208.884     4.8016 7.2025e+02          1         18 0.0000e+00
   38.96882  -68.95633    14.5624   4.328359    35.6795    133.139    134.198    14.5641   4.328833    35.6823     0.0346 6.4034e-04    -0.0121   100.3017      98.56    211.341     4.8581 7.1898e+02          1        100 0.0000e+00
   38.96882  -68.95632    14.5468   4.325973    35.6724    131.942    132.992    14.5490   4.326508    35.6753     0.0322 6.2860e-04    -0.0126   100.3162      98.57    212.418     4.8828 7.1604e+02          1         13 0.0000e+00
   38.96882  -68.95632    14.5442   4.325567    35.6714    130.979    132.020    14.5442   4.325668    35.6723     0.0295 6.4237e-04    -0.0128   100.3207      98.56    212.255     4.8791 7.1422e+02          1         11 0.0000e+00
   38.96882  -68.95632    14.5382   4.324597    35.6685    129.971    131.004    14.5391   4.325014    35.6715     0.0322 6.3975e-04    -0.0113   100.2829      98.56    212.166     4.8770 7.1288e+02          1         12 0.0000e+00
   38.96882  -68.95632    14.5264   4.322811    35.6635    128.965    129.990    14.5326   4.323986    35.6685     0.0368 6.3229e-04    -0.0117   100.2926      98.56    212.428     4.8830 7.1057e+02          1         11 0.0000e+00
   38.96882  -68.95630    14.5160   4.321279    35.6595    127.970    128.987    14.5236   4.322726    35.6657     0.0322 6.8810e-04    -0.0115   100.2885      98.57    212.494     4.8846 7.0935e+02          1         13 0.0000e+00
   38.96882  -68.95628    14.5059   4.319760    35.6553    126.978    127.986    14.5163   4.321610    35.6626     0.0294 7.4025e-04    -0.0112   100.2803      98.56    212.326     4.8807 7.0950e+02          1         15 0.0000e+00
   38.96882  -68.95628    14.4973   4.318455    35.6516    125.977    126.977    14.5071   4.320134    35.6579     0.0293 7.6920e-04    -0.0115   100.2868      98.56    211.936     4.8717 7.1104e+02          1         25 0.0000e+00
   38.96882  -68.95628    14.4909   4.317452    35.6484    125.018    126.010    14.4930   4.317957    35.6512     0.0243 8.2042e-04    -0.0114   100.2864      98.56    212.859     4.8929 7.1272e+02          1         43 0.0000e+00
   38.96882  -68.95628    14.4877   4.316918    35.6466    124.004    124.988    14.4895   4.317262    35.6482     0.0346 8.5926e-04    -0.0115   100.2874      98.56    214.927     4.9405 7.1053e+02          1         32 0.0000e+00
   38.96882  -68.95626    14.4793   4.315623    35.6427    123.007    123.982    14.4857   4.316749    35.6472     0.0411 9.0679e-04    -0.0118   100.2946      98.56    215.136     4.9453 7.0897e+02          1         29 0.0000e+00
   38.96882  -68.95626    14.4698   4.314313    35.6398    122.054    123.021    14.4792   4.315772    35.6445     0.0257 9.2184e-04    -0.0108   100.2710      98.56    215.016     4.9425 7.0745e+02          1         34 0.0000e+00
   38.96882  -68.95626    14.4644   4.313638    35.6388    121.038    121.998    14.4679   4.314032    35.6393     0.0325 9.4942e-04    -0.0111   100.2777      98.56    215.033     4.9429 7.0527e+02          1         29 0.0000e+00
