Data/ruptures/KN207-01/QL-1/20701032.cnv
* Sea-Bird SBE 9 Data File:
* FileName = C:\Data\ctd\20701032.hex
* Software Version Seasave V 7.21e
* Temperature SN = 4406
* Conductivity SN = 1474
* Number of Bytes Per Scan = 40
* Number of Voltage Words = 5
* Number of Scans Averaged by the Deck Unit = 1
* NMEA Latitude = 38 51.83 N
* NMEA Longitude = 069 04.39 W
* NMEA UTC (Time) = Apr 25 2012 18:04:30
** R/V Knorr Cruise # KN207-01 QL1
** Chief Scientist: Ben Van Mooy
# nquan = 21
# nvalues = 396                         
# units = specified
# name 0 = latitude: Latitude [deg]
# name 1 = longitude: Longitude [deg]
# name 2 = t090C: Temperature [ITS-90, deg C]
# name 3 = c0S/m: Conductivity [S/m]
# name 4 = sal00: Salinity, Practical [PSU]
# name 5 = depSM: Depth [salt water, m]
# name 6 = prDM: Pressure, Digiquartz [db]
# name 7 = t190C: Temperature, 2 [ITS-90, deg C]
# name 8 = c1S/m: Conductivity, 2 [S/m]
# name 9 = sal11: Salinity, Practical, 2 [PSU]
# name 10 = flECO-AFL: Fluorescence, WET Labs ECO-AFL/FL [mg/m^3]
# name 11 = par: PAR/Irradiance, Biospherical/Licor
# name 12 = bat: Beam Attenuation, Chelsea/Seatech [1/m]
# name 13 = xmiss: Beam Transmission, Chelsea/Seatech [%]
# name 14 = altM: Altimeter [m]
# name 15 = sbeox0Mm/Kg: Oxygen, SBE 43 [umol/kg]
# name 16 = sbeox0ML/L: Oxygen, SBE 43 [ml/l]
# name 17 = spar: SPAR/Surface Irradiance
# name 18 = pumps: Pump Status
# name 19 = nbin: number of scans per bin
# name 20 = flag: flag
# span 0 =   38.86400,   38.86628       
# span 1 =  -69.07467,  -69.07328       
# span 2 =    11.2058,    14.6704       
# span 3 =   3.815199,   4.350862       
# span 4 =    32.7294,    35.8253       
# span 5 =      2.923,    199.162       
# span 6 =      2.946,    200.777       
# span 7 =    11.1627,    14.6702       
# span 8 =   3.865732,   4.350910       
# span 9 =    33.7136,    35.8293       
# span 10 =     0.0038,     2.6557      
# span 11 = 1.0000e-12, 1.1280e+02      
# span 12 =    -0.0141,     0.3464      
# span 13 =    91.7058,   100.3526      
# span 14 =      39.27,      98.63      
# span 15 =    141.551,    410.459      
# span 16 =     3.2547,     9.4259      
# span 17 = 2.5396e+03, 2.5610e+03      
# span 18 =          1,          1      
# span 19 =         13,        464      
# span 20 = 0.0000e+00, 0.0000e+00      
# interval = decibars: 1                
# start_time = Apr 25 2012 18:04:30 [NMEA time, header]
# bad_flag = -9.990e-29
*END*
[from data line 345]
   38.86538  -69.07424    13.2254   4.141188    35.1977     52.791     53.200    13.2286   4.141864    35.2012     0.1185 4.7503e-01     0.0061    99.8481      98.60    229.585     5.2770 2.5583e+03          1         95 0.0000e+00
   38.86540  -69.07426    13.1804   4.135415    35.1850     51.584     51.983    13.1944   4.137648    35.1930     0.1286 5.0662e-01     0.0057    99.8574      98.60    229.765     5.2811 2.5601e+03          1         39 0.0000e+00
   38.86540  -69.07426    13.1334   4.129535    35.1736     50.645     51.037    13.1268   4.129729    35.1819     0.1136 5.1690e-01     0.0092    99.7704      98.60    229.738     5.2805 2.5572e+03          1         39 0.0000e+00
   38.86540  -69.07426    13.0364   4.116129    35.1381     49.611     49.995    13.0281   4.116174    35.1465     0.1275 5.5215e-01     0.0094    99.7654      98.60    230.359     5.2947 2.5561e+03          1         28 0.0000e+00
   38.86540  -69.07426    12.9699   4.107353    35.1172     48.545     48.920    12.9714   4.108124    35.1232     0.1369 6.0693e-01     0.0080    99.7995      98.60    230.579     5.2998 2.5562e+03          1         33 0.0000e+00
   38.86540  -69.07426    12.8423   4.089575    35.0665     47.871     48.242    12.8617   4.092614    35.0772     0.1544 6.3851e-01     0.0098    99.7555      98.60    231.664     5.3246 2.5588e+03          1         77 0.0000e+00
   38.86542  -69.07428    12.6404   4.062146    34.9939     46.652     47.013    12.7035   4.071198    35.0209     0.1793 6.7064e-01     0.0104    99.7410      96.76    232.708     5.3485 2.5596e+03          1         23 0.0000e+00
   38.86542  -69.07428    12.5215   4.046432    34.9553     45.648     46.001    12.5605   4.053830    34.9898     0.1736 7.0147e-01     0.0136    99.6617      97.68    234.025     5.3788 2.5566e+03          1         27 0.0000e+00
   38.86542  -69.07428    12.4444   4.036203    34.9287     44.622     44.967    12.4763   4.040703    34.9423     0.1914 7.4349e-01     0.0144    99.6423      98.60    234.361     5.3865 2.5551e+03          1         37 0.0000e+00
   38.86544  -69.07428    12.3305   4.021173    34.8883     43.692     44.030    12.3449   4.023465    34.8973     0.2446 8.0305e-01     0.0175    99.5646      98.60    235.952     5.4230 2.5585e+03          1        117 0.0000e+00
   38.86544  -69.07428    12.2330   4.008107    34.8515     42.678     43.008    12.2552   4.011165    34.8604     0.2511 8.4808e-01     0.0206    99.4861      98.60    237.092     5.4491 2.5593e+03          1         29 0.0000e+00
   38.86546  -69.07430    12.1701   3.999917    34.8315     41.662     41.983    12.1991   4.005059    34.8542     0.2434 8.9594e-01     0.0219    99.4538      98.60    237.624     5.4613 2.5577e+03          1         23 0.0000e+00
   38.86546  -69.07430    12.1149   3.992711    34.8136     40.684     40.998    12.1285   3.994995    34.8232     0.2464 9.4188e-01     0.0234    99.4174      98.60    237.890     5.4674 2.5553e+03          1         26 0.0000e+00
   38.86546  -69.07429    12.0310   3.981663    34.7839     39.493     39.798    12.0643   3.986497    34.7996     0.2999 1.0381e+00     0.0263    99.3455      98.60    238.663     5.4852 2.5569e+03          1        100 0.0000e+00
   38.86546  -69.07428    11.9420   3.969924    34.7515     38.784     39.083    11.9477   3.970919    34.7564     0.3812 1.0910e+00     0.0286    99.2880      98.60    240.574     5.5291 2.5601e+03          1         52 0.0000e+00
   38.86546  -69.07428    11.9270   3.967492    34.7410     37.677     37.967    11.9505   3.970868    34.7520     0.3524 1.1425e+00     0.0308    99.2336      98.60    241.211     5.5437 2.5584e+03          1         29 0.0000e+00
   38.86548  -69.07430    11.9003   3.964184    34.7337     36.706     36.989    11.8982   3.964280    34.7372     0.3526 1.2208e+00     0.0342    99.1484      98.60    241.589     5.5523 2.5566e+03          1         34 0.0000e+00
   38.86549  -69.07430    11.8742   3.960840    34.7242     35.845     36.121    11.8767   3.961269    34.7263     0.3623 1.3134e+00     0.0343    99.1446      98.60    241.467     5.5495 2.5574e+03          1        113 0.0000e+00
   38.86550  -69.07431    11.8406   3.956695    34.7138     34.684     34.951    11.8456   3.957398    34.7161     0.3770 1.3927e+00     0.0345    99.1416      94.70    241.806     5.5573 2.5573e+03          1        112 0.0000e+00
   38.86551  -69.07432    11.8385   3.956378    34.7120     33.566     33.824    11.8404   3.956667    34.7133     0.3897 1.5324e+00     0.0356    99.1151      98.60    242.151     5.5652 2.5570e+03          1        121 0.0000e+00
   38.86554  -69.07432    11.8347   3.955742    34.7092     32.603     32.854    11.8355   3.955929    34.7103     0.4134 1.5395e+00     0.0372    99.0734      98.60    242.468     5.5725 2.5578e+03          1        185 0.0000e+00
   38.86560  -69.07436    11.8656   3.958136    34.7031     32.011     32.257    11.8667   3.958473    34.7053     0.4790 1.7175e+00     0.0482    98.8025      98.60    242.925     5.5830 2.5559e+03          1        265 0.0000e+00
   38.86564  -69.07438    11.8787   3.957729    34.6874     30.682     30.918    11.8869   3.959374    34.6956     0.5409 1.9465e+00     0.0595    98.5240      98.61    243.122     5.5874 2.5553e+03          1         39 0.0000e+00
   38.86566  -69.07438    11.8361   3.952083    34.6734     29.941     30.171    11.8463   3.954593    34.6883     0.6415 2.1135e+00     0.0661    98.3609      90.51    247.266     5.6826 2.5578e+03          1        151 0.0000e+00
   38.86566  -69.07440    11.6898   3.931070    34.6074     28.782     29.003    11.7811   3.944035    34.6473     0.7796 2.3576e+00     0.0768    98.0978      88.86    248.636     5.7140 2.5562e+03          1         43 0.0000e+00
   38.86568  -69.07440    11.3737   3.889090    34.4935     27.775     27.988    11.4142   3.895971    34.5235     1.1094 2.6576e+00     0.1117    97.2455      98.61    254.005     5.8372 2.5580e+03          1        179 0.0000e+00
   38.86576  -69.07444    11.2121   3.866139    34.4108     27.045     27.252    11.2200   3.867345    34.4153     1.6992 2.8543e+00     0.1848    95.4863      98.61    259.548     5.9644 2.5546e+03          1        412 0.0000e+00
   38.86584  -69.07448    11.2208   3.866486    34.4053     25.788     25.987    11.2272   3.867618    34.4104     1.7237 3.1454e+00     0.1964    95.2097      98.62    259.155     5.9553 2.5503e+03          1         21 0.0000e+00
   38.86584  -69.07447    11.2282   3.865930    34.3932     24.939     25.130    11.2282   3.866791    34.4018     1.8139 4.1027e+00     0.2197    94.6563      98.61    261.744     6.0147 2.5537e+03          1         82 0.0000e+00
   38.86584  -69.07446    11.2581   3.864903    34.3549     23.810     23.993    11.2433   3.865732    34.3773     1.9411 4.2398e+00     0.2509    93.9220      98.61    263.216     6.0483 2.5592e+03          1         21 0.0000e+00
   38.86585  -69.07447    11.3485   3.866728    34.2871     22.795     22.970    11.3397   3.866592    34.2940     2.0795 4.6906e+00     0.2767    93.3177      98.60    263.943     6.0647 2.5572e+03          1         24 0.0000e+00
   38.86588  -69.07450    11.5210   3.871350    34.1694     21.790     21.957    11.4622   3.869473    34.2067     2.2615 5.7532e+00     0.3079    92.5914      98.61    264.944     6.0869 2.5531e+03          1         41 0.0000e+00
   38.86588  -69.07449    11.5782   3.873184    34.1364     20.846     21.006    11.6118   3.874556    34.1178     2.5257 7.1351e+00     0.3291    92.1016      98.62    275.622     6.3320 2.5575e+03          1        117 0.0000e+00
   38.86588  -69.07448    11.6390   3.875791    34.1070     19.918     20.071    11.6743   3.877334    34.0890     2.5077 6.9834e+00     0.3310    92.0585      98.61    277.187     6.3677 2.5592e+03          1         27 0.0000e+00
   38.86588  -69.07448    11.7963   3.886401    34.0635     18.872     19.016    11.7478   3.881951    34.0661     2.4583 8.0672e+00     0.3350    91.9668      98.62    277.060     6.3644 2.5562e+03          1         23 0.0000e+00
   38.86588  -69.07448    11.9284   3.895117    34.0256     17.849     17.986    11.9142   3.893608    34.0245     2.3861 9.6539e+00     0.3410    91.8292      98.62    276.847     6.3592 2.5535e+03          1         23 0.0000e+00
   38.86590  -69.07450    11.9395   3.896080    34.0286     16.629     16.756    11.9376   3.895859    34.0283     2.1385 1.2559e+01     0.3438    91.7638      84.41    277.650     6.3777 2.5552e+03          1        107 0.0000e+00
   38.86591  -69.07451    11.9780   3.898583    34.0197     15.922     16.044    11.9845   3.898565    34.0135     1.9935 1.3517e+01     0.3453    91.7308      98.62    277.094     6.3648 2.5598e+03          1         38 0.0000e+00
   38.86592  -69.07452    12.0602   3.904799    34.0047     14.824     14.938    12.0587   3.904382    34.0022     1.8660 1.6064e+01     0.3463    91.7069      98.62    277.573     6.3756 2.5572e+03          1         35 0.0000e+00
   38.86592  -69.07452    12.1231   3.909334    33.9923     13.804     13.910    12.1278   3.909439    33.9890     1.7669 2.0244e+01     0.3447    91.7436      98.62    277.201     6.3670 2.5546e+03          1         76 0.0000e+00
   38.86594  -69.07450    12.1778   3.912975    33.9797     12.872     12.970    12.1872   3.913575    33.9768     1.4872 2.4037e+01     0.3459    91.7154      98.62    276.879     6.3594 2.5571e+03          1         95 0.0000e+00
   38.86594  -69.07452    12.1699   3.911870    33.9787     11.969     12.061    12.1880   3.913206    33.9749     1.3812 2.7778e+01     0.3464    91.7058      98.62    276.439     6.3493 2.5569e+03          1         76 0.0000e+00
   38.86597  -69.07453    12.2614   3.917575    33.9517     10.954     11.038    12.2608   3.917512    33.9519     1.0708 3.3521e+01     0.3421    91.8038      98.62    276.087     6.3410 2.5570e+03          1        317 0.0000e+00
   38.86612  -69.07459    12.3016   3.920304    33.9437     10.166     10.243    12.3014   3.920341    33.9442     0.9268 3.7072e+01     0.3392    91.8689      98.62    275.899     6.3366 2.5543e+03          1        169 0.0000e+00
   38.86618  -69.07462    12.3185   3.921557    33.9410      8.934      9.002    12.3164   3.921446    33.9419     0.8400 4.3730e+01     0.3392    91.8694      98.62    275.664     6.3312 2.5522e+03          1         45 0.0000e+00
   38.86618  -69.07462    12.3755   3.925746    33.9291      8.196      8.259    12.3941   3.927170    33.9257     0.7987 4.8905e+01     0.3304    92.0717      79.87    275.032     6.3165 2.5543e+03          1         84 0.0000e+00
   38.86618  -69.07462    12.4770   3.934153    33.9171      6.938      6.991    12.4697   3.933033    33.9134     0.6276 5.7496e+01     0.3194    92.3264      98.63    273.650     6.2846 2.5517e+03          1         31 0.0000e+00
   38.86620  -69.07463    12.5248   3.938131    33.9129      6.067      6.113    12.5280   3.938298    33.9117     0.5431 6.6973e+01     0.3142    92.4471      39.27    272.910     6.2675 2.5535e+03          1        106 0.0000e+00
   38.86622  -69.07466    12.5630   3.941570    33.9126      4.936      4.973    12.5233   3.938165    33.9168     0.4890 7.4987e+01     0.3098    92.5484      46.78    272.423     6.2563 2.5509e+03          1         64 0.0000e+00
   38.86625  -69.07466    12.5224   3.937586    33.9131      3.959      3.989    12.5379   3.938968    33.9119     0.4559 8.6849e+01     0.3180    92.3592      70.68    273.029     6.2703 2.5513e+03          1        101 0.0000e+00
   38.86628  -69.07467    12.6072   3.945586    33.9130      2.923      2.946    12.6079   3.945647    33.9130     0.3846 1.1280e+02     0.2999    92.7755      90.46    272.193     6.2510 2.5539e+03          1        264 0.0000e+00
