Data/ruptures/KN207-01/QL-1/20701035.cnv
* Sea-Bird SBE 9 Data File:
* FileName = C:\Data\ctd\20701035.hex
* Software Version Seasave V 7.21e
* Temperature SN = 4406
* Conductivity SN = 1474
* Number of Bytes Per Scan = 40
* Number of Voltage Words = 5
* Number of Scans Averaged by the Deck Unit = 1
* NMEA Latitude = 38 52.79 N
* NMEA Longitude = 069 06.32 W
* NMEA UTC (Time) = Apr 25 2012 23:48:43
** R/V Knorr Cruise # KN207-01 QL1
** Chief Scientist: Ben Van Mooy
# nquan = 21
# nvalues = 398                         
# units = specified
# name 0 = latitude: Latitude [deg]
# name 1 = longitude: Longitude [deg]
# name 2 = t090C: Temperature [ITS-90, deg C]
# name 3 = c0S/m: Conductivity [S/m]
# name 4 = sal00: Salinity, Practical [PSU]
# name 5 = depSM: Depth [salt water, m]
# name 6 = prDM: Pressure, Digiquartz [db]
# name 7 = t190C: Temperature, 2 [ITS-90, deg C]
# name 8 = c1S/m: Conductivity, 2 [S/m]
# name 9 = sal11: Salinity, Practical, 2 [PSU]
# name 10 = flECO-AFL: Fluorescence, WET Labs ECO-AFL/FL [mg/m^3]
# name 11 = par: PAR/Irradiance, Biospherical/Licor
# name 12 = bat: Beam Attenuation, Chelsea/Seatech [1/m]
# name 13 = xmiss: Beam Transmission, Chelsea/Seatech [%]
# name 14 = altM: Altimeter [m]
# name 15 = sbeox0Mm/Kg: Oxygen, SBE 43 [umol/kg]
# name 16 = sbeox0ML/L: Oxygen, SBE 43 [ml/l]
# name 17 = spar: SPAR/Surface Irradiance
# name 18 = pumps: Pump Status
# name 19 = nbin: number of scans per bin
# name 20 = flag: flag
# span 0 =   38.87914,   38.87996       
# span 1 =  -69.10536,  -69.10422       
# span 2 =    10.7874,    14.6669       
# span 3 =   3.821011,   4.349607       
# span 4 =    32.6317,    35.8113       
# span 5 =      2.239,    199.361       
# span 6 =      2.256,    200.978       
# span 7 =    10.7889,    14.6668       
# span 8 =   3.820881,   4.349667       
# span 9 =    33.1776,    35.8211       
# span 10 =     0.0059,     2.6431      
# span 11 = 1.0000e-12, 1.4284e-01      
# span 12 =    -0.0147,     0.3423      
# span 13 =    91.7988,   100.3673      
# span 14 =       4.47,      98.62      
# span 15 =    145.982,    430.794      
# span 16 =     3.3565,     9.8915      
# span 17 = 1.3322e+01, 1.5303e+01      
# span 18 =          1,          1      
# span 19 =         18,       1251      
# span 20 = 0.0000e+00, 0.0000e+00      
# interval = decibars: 1                
# start_time = Apr 25 2012 23:48:43 [NMEA time, header]
# bad_flag = -9.990e-29
*END*
[from data line 207]
   38.87973  -69.10468    13.8894   4.275066    35.7791    190.508    192.049    13.8844   4.274399    35.7775     0.0340 1.0000e-12    -0.0107   100.2672      98.56    146.337     3.3646 1.3933e+01          1         61 0.0000e+00
   38.87972  -69.10468    13.9515   4.281981    35.7856    189.529    191.062    13.9415   4.280335    35.7796     0.0174 1.0000e-12    -0.0144   100.3603      98.56    146.248     3.3625 1.3942e+01          1         28 0.0000e+00
   38.87972  -69.10468    14.0298   4.290637    35.7926    188.476    189.999    14.0030   4.287443    35.7882     0.0102 1.0000e-12    -0.0140   100.3503      98.55    145.997     3.3567 1.3756e+01          1         24 0.0000e+00
   38.87972  -69.10468    14.0715   4.295103    35.7956    187.456    188.971    14.0673   4.293997    35.7890     0.0111 1.0000e-12    -0.0138   100.3454      98.55    146.449     3.3671 1.3741e+01          1         25 0.0000e+00
   38.87972  -69.10468    14.1100   4.299018    35.7969    186.415    187.920    14.0921   4.297036    35.7952     0.0161 1.0000e-12    -0.0134   100.3349      98.55    146.861     3.3765 1.4001e+01          1         47 0.0000e+00
   38.87972  -69.10468    14.1210   4.300028    35.7977    185.598    187.097    14.1149   4.299330    35.7967     0.0284 1.0000e-12    -0.0141   100.3533      98.56    148.529     3.4149 1.3727e+01          1         65 0.0000e+00
   38.87972  -69.10468    14.1424   4.302319    35.8000    184.551    186.041    14.1390   4.301749    35.7977     0.0209 1.0000e-12    -0.0137   100.3428      98.56    149.035     3.4265 1.4011e+01          1         32 0.0000e+00
   38.87972  -69.10466    14.2279   4.309976    35.7908    183.515    184.997    14.2022   4.307933    35.7961     0.0155 1.0000e-12    -0.0140   100.3516      98.56    149.061     3.4270 1.3919e+01          1         25 0.0000e+00
   38.87972  -69.10466    14.2756   4.313321    35.7776    182.526    183.998    14.2530   4.311292    35.7800     0.0114 1.0000e-12    -0.0130   100.3252      98.56    149.236     3.4309 1.3962e+01          1         27 0.0000e+00
   38.87972  -69.10466    14.3279   4.318433    35.7768    181.514    182.978    14.3078   4.316205    35.7749     0.0410 1.0000e-12    -0.0129   100.3214      98.56    152.875     3.5146 1.3880e+01          1         36 0.0000e+00
   38.87971  -69.10466    14.3948   4.325539    35.7808    180.516    181.972    14.3627   4.321776    35.7761     0.0371 1.0000e-12    -0.0124   100.3107      98.56    159.623     3.6697 1.3790e+01          1         44 0.0000e+00
   38.87970  -69.10466    14.4281   4.329481    35.7875    179.613    181.060    14.4517   4.331637    35.7848     0.0381 1.0000e-12    -0.0125   100.3122      98.56    163.188     3.7516 1.3842e+01          1         39 0.0000e+00
   38.87970  -69.10466    14.5163   4.339787    35.8007    178.576    180.015    14.4687   4.334315    35.7949     0.0372 1.0000e-12    -0.0126   100.3136      98.56    165.269     3.7994 1.3473e+01          1         25 0.0000e+00
   38.87970  -69.10466    14.5602   4.344613    35.8049    177.564    178.994    14.5309   4.340491    35.7942     0.0271 1.0000e-12    -0.0127   100.3177      98.55    165.730     3.8100 1.3675e+01          1         23 0.0000e+00
   38.87970  -69.10467    14.5720   4.345187    35.8004    176.544    177.965    14.5662   4.344433    35.7985     0.0264 1.0000e-12    -0.0134   100.3362      98.56    168.373     3.8707 1.3919e+01          1         25 0.0000e+00
   38.87970  -69.10468    14.5855   4.346057    35.7969    175.561    176.975    14.5738   4.344866    35.7967     0.0239 1.0000e-12    -0.0133   100.3337      98.55    171.764     3.9487 1.3543e+01          1         28 0.0000e+00
   38.87970  -69.10468    14.5922   4.346577    35.7968    174.600    176.005    14.5864   4.346076    35.7974     0.0341 1.0000e-12    -0.0066   100.1648      98.56    176.719     4.0625 1.3894e+01          1         35 0.0000e+00
   38.87970  -69.10468    14.5998   4.346953    35.7946    173.616    175.013    14.5937   4.346544    35.7962     0.0314 1.0000e-12    -0.0128   100.3206      98.56    179.406     4.1243 1.4091e+01          1         41 0.0000e+00
   38.87968  -69.10466    14.6027   4.346566    35.7894    172.635    174.023    14.5963   4.346267    35.7925     0.0368 1.0000e-12    -0.0132   100.3300      98.56    179.606     4.1289 1.3888e+01          1         31 0.0000e+00
   38.87968  -69.10466    14.6181   4.347746    35.7867    171.617    172.996    14.6088   4.346948    35.7878     0.0453 1.0000e-12    -0.0134   100.3343      98.56    180.459     4.1485 1.4128e+01          1         24 0.0000e+00
   38.87968  -69.10466    14.6296   4.348357    35.7822    170.617    171.989    14.6199   4.347657    35.7847     0.0489 1.0000e-12    -0.0134   100.3349      98.55    182.037     4.1848 1.4340e+01          1         21 0.0000e+00
   38.87968  -69.10466    14.6341   4.348354    35.7787    169.624    170.987    14.6309   4.348141    35.7795     0.0436 1.0000e-12    -0.0133   100.3334      98.57    183.821     4.2257 1.3675e+01          1         23 0.0000e+00
   38.87968  -69.10466    14.6423   4.348632    35.7744    168.605    169.960    14.6387   4.348440    35.7758     0.0210 1.0000e-12    -0.0122   100.3043      98.56    186.269     4.2820 1.3646e+01          1         34 0.0000e+00
   38.87968  -69.10466    14.6521   4.349023    35.7697    167.673    169.020    14.6490   4.348922    35.7715     0.0187 1.0000e-12    -0.0128   100.3202      98.56    189.289     4.3514 1.3809e+01          1         42 0.0000e+00
   38.87968  -69.10466    14.6552   4.348840    35.7659    166.702    168.040    14.6536   4.348852    35.7673     0.0297 1.0000e-12    -0.0130   100.3245      98.56    191.482     4.4018 1.3703e+01          1         28 0.0000e+00
   38.87968  -69.10466    14.6577   4.348722    35.7632    165.684    167.014    14.6501   4.348489    35.7680     0.0214 1.0000e-12    -0.0127   100.3177      98.56    192.631     4.4282 1.3652e+01          1         25 0.0000e+00
   38.87968  -69.10466    14.6622   4.348390    35.7565    164.695    166.016    14.6584   4.348485    35.7608     0.0123 1.0000e-12    -0.0125   100.3125      98.55    194.577     4.4729 1.3741e+01          1         25 0.0000e+00
   38.87968  -69.10466    14.6629   4.347608    35.7493    163.685    164.998    14.6615   4.347835    35.7526     0.0217 1.0000e-12    -0.0117   100.2928      98.56    195.793     4.5008 1.3692e+01          1         29 0.0000e+00
   38.87968  -69.10466    14.6631   4.346594    35.7404    162.680    163.985    14.6617   4.346989    35.7452     0.0366 1.0000e-12    -0.0119   100.2965      98.56    197.637     4.5432 1.3722e+01          1         33 0.0000e+00
   38.87968  -69.10466    14.6655   4.346328    35.7363    161.723    163.019    14.6637   4.346686    35.7411     0.0298 1.0000e-12    -0.0110   100.2767      98.57    200.764     4.6150 1.3880e+01          1         27 0.0000e+00
   38.87967  -69.10465    14.6637   4.345509    35.7310    160.728    162.016    14.6651   4.346248    35.7364     0.0393 1.0000e-12    -0.0118   100.2960      98.56    204.371     4.6980 1.3942e+01          1         28 0.0000e+00
   38.87966  -69.10464    14.6453   4.341926    35.7160    159.707    160.987    14.6505   4.343388    35.7244     0.0388 1.0000e-12    -0.0122   100.3043      98.56    206.065     4.7369 1.3962e+01          1         27 0.0000e+00
   38.87966  -69.10464    14.6275   4.339060    35.7068    158.735    160.006    14.6357   4.340847    35.7154     0.0376 1.0000e-12    -0.0114   100.2857      98.56    206.828     4.7544 1.4230e+01          1         29 0.0000e+00
   38.87966  -69.10464    14.6162   4.337299    35.7015    157.773    159.036    14.6200   4.338201    35.7062     0.0404 1.0000e-12    -0.0107   100.2672      98.56    209.952     4.8262 1.3715e+01          1         27 0.0000e+00
   38.87966  -69.10464    14.6037   4.335269    35.6950    156.744    157.998    14.6095   4.336576    35.7016     0.0247 1.0000e-12    -0.0110   100.2756      98.56    211.966     4.8725 1.3641e+01          1         26 0.0000e+00
   38.87966  -69.10466    14.5947   4.333856    35.6908    155.713    156.959    14.6021   4.335207    35.6963     0.0276 1.0000e-12    -0.0101   100.2540      98.56    213.214     4.9012 1.3942e+01          1         24 0.0000e+00
   38.87966  -69.10466    14.5884   4.332887    35.6882    154.737    155.975    14.5907   4.333459    35.6913     0.0349 1.0000e-12    -0.0107   100.2694      98.56    213.778     4.9141 1.3942e+01          1         28 0.0000e+00
   38.87966  -69.10466    14.5831   4.332055    35.6857    153.780    155.010    14.5859   4.332591    35.6880     0.0309 1.0000e-12    -0.0104   100.2604      98.56    214.185     4.9235 1.3816e+01          1         31 0.0000e+00
   38.87966  -69.10466    14.5746   4.330766    35.6821    152.789    154.011    14.5791   4.331696    35.6865     0.0174 1.0000e-12    -0.0075   100.1868      98.56    214.445     4.9294 1.4101e+01          1         28 0.0000e+00
   38.87965  -69.10465    14.5680   4.329724    35.6790    151.800    153.013    14.5728   4.330591    35.6825     0.0205 1.0000e-12    -0.0098   100.2447      98.56    215.013     4.9425 1.3830e+01          1         25 0.0000e+00
   38.87964  -69.10464    14.5637   4.329002    35.6767    150.797    152.001    14.5662   4.329625    35.6801     0.0252 1.0000e-12    -0.0095   100.2368      98.56    215.412     4.9516 1.3756e+01          1         24 0.0000e+00
   38.87964  -69.10464    14.5587   4.328234    35.6746    149.788    150.984    14.5619   4.328869    35.6776     0.0287 1.0000e-12    -0.0078   100.1959      98.56    215.471     4.9530 1.3772e+01          1         23 0.0000e+00
   38.87964  -69.10464    14.5458   4.326350    35.6697    148.813    150.001    14.5506   4.327385    35.6748     0.0255 1.0000e-12    -0.0101   100.2540      98.56    215.738     4.9591 1.3675e+01          1         23 0.0000e+00
   38.87964  -69.10464    14.5277   4.323670    35.6623    147.807    148.987    14.5339   4.324954    35.6684     0.0220 1.0000e-12    -0.0101   100.2529      98.56    215.970     4.9645 1.3652e+01          1         25 0.0000e+00
   38.87964  -69.10464    14.5217   4.322776    35.6600    146.843    148.015    14.5230   4.323176    35.6625     0.0203 1.0000e-12    -0.0092   100.2309      98.57    216.226     4.9703 1.4021e+01          1         21 0.0000e+00
   38.87964  -69.10464    14.5163   4.321973    35.6579    145.825    146.988    14.5204   4.322774    35.6615     0.0172 1.0000e-12    -0.0089   100.2214      98.56    216.849     4.9846 1.3790e+01          1         22 0.0000e+00
   38.87964  -69.10464    14.5032   4.320061    35.6528    144.855    146.010    14.5074   4.320952    35.6572     0.0123 1.0000e-12    -0.0088   100.2201      98.57    217.223     4.9933 1.3769e+01          1         29 0.0000e+00
   38.87964  -69.10464    14.4937   4.318712    35.6495    143.879    145.026    14.4964   4.319402    35.6534     0.0278 1.0000e-12    -0.0091   100.2281      98.59    217.168     4.9920 1.4021e+01          1         28 0.0000e+00
   38.87964  -69.10464    14.4816   4.316966    35.6450    142.890    144.029    14.4888   4.318111    35.6489     0.0361 1.0000e-12    -0.0090   100.2249      98.58    217.177     4.9922 1.3688e+01          1         22 0.0000e+00
   38.87963  -69.10464    14.4539   4.312905    35.6339    141.882    143.012    14.4606   4.314776    35.6450     0.0416 1.0000e-12    -0.0083   100.2079      98.57    217.523     5.0001 1.4165e+01          1         20 0.0000e+00
   38.87962  -69.10464    14.4330   4.309910    35.6261    140.856    141.978    14.4357   4.310602    35.6301     0.0467 1.0000e-12    -0.0080   100.1989      98.56    217.515     4.9999 1.3719e+01          1         20 0.0000e+00
   38.87962  -69.10464    14.4235   4.308578    35.6229    139.843    140.957    14.4269   4.309331    35.6268     0.0282 1.0000e-12    -0.0073   100.1822      98.56    218.081     5.0129 1.3849e+01          1         24 0.0000e+00
   38.87962  -69.10464    14.4163   4.307577    35.6205    138.874    139.979    14.4173   4.307987    35.6234     0.0260 1.0000e-12    -0.0074   100.1861      98.56    219.365     5.0425 1.3756e+01          1         30 0.0000e+00
   38.87962  -69.10464    14.4026   4.305729    35.6164    137.949    139.047    14.4079   4.306737    35.6208     0.0353 1.0000e-12    -0.0077   100.1916      98.57    219.878     5.0542 1.3556e+01          1         26 0.0000e+00
   38.87962  -69.10464    14.3847   4.303213    35.6101    136.969    138.059    14.3927   4.304665    35.6162     0.0300 1.0000e-12    -0.0075   100.1880      98.56    220.259     5.0630 1.3384e+01          1         21 0.0000e+00
   38.87962  -69.10464    14.3586   4.299541    35.6009    135.918    136.999    14.3716   4.301763    35.6094     0.0273 1.0000e-12    -0.0061   100.1514      98.57    220.638     5.0717 1.3607e+01          1         20 0.0000e+00
   38.87962  -69.10464    14.3221   4.294386    35.5878    134.887    135.959    14.3319   4.296761    35.6007     0.0423 1.0000e-12    -0.0061   100.1533      98.56    220.665     5.0723 1.3849e+01          1         24 0.0000e+00
   38.87962  -69.10464    14.2979   4.291059    35.5797    133.948    135.012    14.3024   4.292018    35.5845     0.0336 1.0000e-12    -0.0054   100.1345      98.56    221.090     5.0821 1.3942e+01          1         28 0.0000e+00
   38.87962  -69.10464    14.2897   4.289812    35.5758    132.980    134.036    14.2962   4.290997    35.5808     0.0382 1.0000e-12    -0.0052   100.1303      98.56    221.293     5.0867 1.3641e+01          1         26 0.0000e+00
   38.87962  -69.10464    14.2863   4.289242    35.5737    131.971    133.020    14.2901   4.289969    35.5770     0.0520 1.0000e-12    -0.0052   100.1305      98.57    221.623     5.0943 1.4021e+01          1         21 0.0000e+00
   38.87962  -69.10464    14.2840   4.288875    35.5726    130.981    132.021    14.2867   4.289439    35.5754     0.0506 1.0000e-12    -0.0049   100.1232      98.56    222.596     5.1167 1.3915e+01          1         21 0.0000e+00
   38.87962  -69.10464    14.2797   4.288246    35.5710    129.946    130.978    14.2815   4.288679    35.5734     0.0491 1.0000e-12    -0.0052   100.1289      98.57    222.835     5.1222 1.3966e+01          1         23 0.0000e+00
   38.87962  -69.10464    14.2767   4.287808    35.5698    128.964    129.988    14.2776   4.288053    35.5714     0.0446 1.0000e-12    -0.0044   100.1106      98.57    222.192     5.1074 1.3782e+01          1         28 0.0000e+00
   38.87962  -69.10464    14.2737   4.287360    35.5686    127.979    128.994    14.2752   4.287718    35.5706     0.0379 1.0000e-12    -0.0046   100.1155      98.57    221.771     5.0977 1.3923e+01          1         29 0.0000e+00
   38.87960  -69.10462    14.2729   4.287214    35.5681    126.989    127.996    14.2732   4.287380    35.5695     0.0395 1.0000e-12    -0.0044   100.1099      98.56    222.726     5.1197 1.3869e+01          1         23 0.0000e+00
   38.87960  -69.10462    14.2709   4.286906    35.5673    126.024    127.024    14.2714   4.287077    35.5686     0.0398 1.0000e-12    -0.0051   100.1271      98.57    223.333     5.1336 1.3736e+01          1         19 0.0000e+00
   38.87960  -69.10462    14.2694   4.286652    35.5667    125.037    126.028    14.2703   4.286899    35.5682     0.0155 1.0000e-12    -0.0057   100.1433      98.56    223.263     5.1320 1.3501e+01          1         19 0.0000e+00
   38.87960  -69.10462    14.2688   4.286532    35.5664    123.997    124.980    14.2694   4.286708    35.5676     0.0283 1.0000e-12    -0.0050   100.1256      98.57    222.957     5.1250 1.3596e+01          1         21 0.0000e+00
