Data/ruptures/KN207-01/QL-1/20701044.cnv
* Sea-Bird SBE 9 Data File:
* FileName = C:\Data\ctd\20701044.hex
* Software Version Seasave V 7.21e
* Temperature SN = 4406
* Conductivity SN = 1474
* Number of Bytes Per Scan = 40
* Number of Voltage Words = 5
* Number of Scans Averaged by the Deck Unit = 1
* NMEA Latitude = 38 44.11 N
* NMEA Longitude = 069 12.85 W
* NMEA UTC (Time) = Apr 27 2012 16:05:51
** R/V Knorr Cruise # KN207-01 QL1
** Chief Scientist: Ben Van Mooy
# nquan = 21
# nvalues = 398                         
# units = specified
# name 0 = latitude: Latitude [deg]
# name 1 = longitude: Longitude [deg]
# name 2 = t090C: Temperature [ITS-90, deg C]
# name 3 = c0S/m: Conductivity [S/m]
# name 4 = sal00: Salinity, Practical [PSU]
# name 5 = depSM: Depth [salt water, m]
# name 6 = prDM: Pressure, Digiquartz [db]
# name 7 = t190C: Temperature, 2 [ITS-90, deg C]
# name 8 = c1S/m: Conductivity, 2 [S/m]
# name 9 = sal11: Salinity, Practical, 2 [PSU]
# name 10 = flECO-AFL: Fluorescence, WET Labs ECO-AFL/FL [mg/m^3]
# name 11 = par: PAR/Irradiance, Biospherical/Licor
# name 12 = bat: Beam Attenuation, Chelsea/Seatech [1/m]
# name 13 = xmiss: Beam Transmission, Chelsea/Seatech [%]
# name 14 = altM: Altimeter [m]
# name 15 = sbeox0Mm/Kg: Oxygen, SBE 43 [umol/kg]
# name 16 = sbeox0ML/L: Oxygen, SBE 43 [ml/l]
# name 17 = spar: SPAR/Surface Irradiance
# name 18 = pumps: Pump Status
# name 19 = nbin: number of scans per bin
# name 20 = flag: flag
# span 0 =   38.73254,   38.73523       
# span 1 =  -69.21668,  -69.21422       
# span 2 =    11.3812,    14.7361       
# span 3 =   3.826478,   4.359783       
# span 4 =    32.9300,    35.8197       
# span 5 =      3.468,    200.147       
# span 6 =      3.494,    201.768       
# span 7 =    11.3838,    14.7359       
# span 8 =   3.865532,   4.360011       
# span 9 =    33.5809,    35.8238       
# span 10 =     0.0068,     2.3082      
# span 11 = 1.0000e-12, 6.7608e+01      
# span 12 =    -0.0097,     0.3262      
# span 13 =    92.1685,   100.2416      
# span 14 =       1.85,      98.64      
# span 15 =    139.951,    417.607      
# span 16 =     3.2179,     9.5896      
# span 17 = 2.3388e+03, 2.5284e+03      
# span 18 =          1,          1      
# span 19 =          3,        885      
# span 20 = 0.0000e+00, 0.0000e+00      
# interval = decibars: 1                
# start_time = Apr 27 2012 16:05:51 [NMEA time, header]
# bad_flag = -9.990e-29
*END*
[from data line 207]
   38.73418  -69.21514    13.4239   4.221495    35.7091    191.450    192.996    13.4264   4.221712    35.7086     0.0313 1.0000e-12    -0.0095   100.2375      98.54    140.867     3.2389 2.5244e+03          1         15 0.0000e+00
   38.73418  -69.21514    13.4341   4.222609    35.7104    190.437    191.975    13.4368   4.222835    35.7099     0.0310 1.0000e-12    -0.0092   100.2304      98.54    141.192     3.2464 2.5273e+03          1         16 0.0000e+00
   38.73417  -69.21515    13.4435   4.223587    35.7114    189.415    190.944    13.4447   4.223674    35.7110     0.0425 1.0000e-12    -0.0092   100.2303      98.55    140.874     3.2391 2.5276e+03          1         25 0.0000e+00
   38.73416  -69.21516    13.4496   4.224219    35.7124    188.431    189.951    13.4542   4.224738    35.7128     0.0251 1.0000e-12    -0.0094   100.2346      98.56    141.572     3.2551 2.5215e+03          1         38 0.0000e+00
   38.73416  -69.21516    13.4569   4.224960    35.7132    187.467    188.979    13.4616   4.225504    35.7138     0.0201 1.0000e-12    -0.0091   100.2272      98.55    141.508     3.2536 2.5166e+03          1         35 0.0000e+00
   38.73416  -69.21516    13.4878   4.228300    35.7158    186.518    188.022    13.4863   4.227864    35.7131     0.0294 2.2087e-06    -0.0092   100.2309      98.55    141.203     3.2467 2.5203e+03          1         28 0.0000e+00
   38.73414  -69.21516    13.5127   4.231086    35.7190    185.530    187.026    13.5145   4.231244    35.7187     0.0262 1.0000e-12    -0.0088   100.2190      98.55    141.388     3.2509 2.5192e+03          1         22 0.0000e+00
   38.73414  -69.21516    13.5461   4.234758    35.7224    184.499    185.986    13.5401   4.233734    35.7185     0.0148 1.0000e-12    -0.0092   100.2295      98.55    141.626     3.2563 2.5198e+03          1         22 0.0000e+00
   38.73414  -69.21516    13.5865   4.239206    35.7263    183.522    185.001    13.5890   4.238893    35.7209     0.0208 1.0000e-12    -0.0091   100.2272      98.54    141.650     3.2568 2.5169e+03          1         20 0.0000e+00
   38.73414  -69.21516    13.6509   4.246345    35.7327    182.550    184.021    13.6529   4.245920    35.7268     0.0419 1.0000e-12    -0.0088   100.2199      98.55    141.676     3.2574 2.5204e+03          1         21 0.0000e+00
   38.73414  -69.21516    13.7390   4.256267    35.7425    181.536    182.997    13.7415   4.255178    35.7299     0.0380 1.0000e-12    -0.0093   100.2321      98.55    141.603     3.2557 2.5210e+03          1         21 0.0000e+00
   38.73414  -69.21516    13.8044   4.263500    35.7491    180.546    181.999    13.8056   4.262924    35.7425     0.0262 1.3895e-04    -0.0093   100.2323      98.55    142.278     3.2712 2.5244e+03          1         20 0.0000e+00
   38.73414  -69.21518    13.8890   4.272718    35.7561    179.511    180.955    13.9036   4.273561    35.7501     0.0210 1.0000e-12    -0.0093   100.2325      98.55    143.520     3.2997 2.5221e+03          1         29 0.0000e+00
   38.73414  -69.21518    13.9467   4.279258    35.7641    178.560    179.996    13.9762   4.281938    35.7610     0.0158 1.0000e-12    -0.0091   100.2280      98.55    145.004     3.3339 2.5190e+03          1         31 0.0000e+00
   38.73414  -69.21518    13.9772   4.282538    35.7673    177.566    178.994    14.0038   4.285200    35.7670     0.0296 1.0000e-12    -0.0094   100.2339      98.55    146.255     3.3626 2.5142e+03          1         23 0.0000e+00
   38.73414  -69.21518    14.0340   4.288597    35.7711    176.571    177.990    14.0359   4.288560    35.7692     0.0286 1.0000e-12    -0.0095   100.2382      98.55    146.571     3.3698 2.5144e+03          1         21 0.0000e+00
   38.73413  -69.21519    14.0687   4.292232    35.7734    175.540    176.950    14.0652   4.291575    35.7708     0.0175 1.0000e-12    -0.0092   100.2294      98.55    147.134     3.3827 2.5159e+03          1         23 0.0000e+00
   38.73412  -69.21520    14.1145   4.297132    35.7771    174.555    175.958    14.1082   4.295789    35.7707     0.0149 6.2954e-05    -0.0093   100.2313      98.55    148.275     3.4090 2.5188e+03          1         31 0.0000e+00
   38.73412  -69.21520    14.1468   4.300427    35.7787    173.642    175.036    14.1551   4.301105    35.7772     0.0312 1.0000e-12    -0.0091   100.2272      98.55    149.775     3.4434 2.5198e+03          1         27 0.0000e+00
   38.73412  -69.21520    14.1842   4.304466    35.7821    172.670    174.057    14.1914   4.304741    35.7779     0.0448 1.0000e-12    -0.0093   100.2313      98.55    150.932     3.4700 2.5207e+03          1         19 0.0000e+00
   38.73412  -69.21520    14.2115   4.307293    35.7836    171.653    173.031    14.2224   4.308175    35.7815     0.0088 1.0000e-12    -0.0096   100.2400      98.55    151.725     3.4882 2.5183e+03          1         18 0.0000e+00
   38.73412  -69.21520    14.2443   4.310907    35.7871    170.617    171.986    14.2451   4.310662    35.7843     0.0258 1.0000e-12    -0.0092   100.2286      98.54    152.846     3.5140 2.5132e+03          1         19 0.0000e+00
   38.73410  -69.21520    14.2880   4.315949    35.7937    169.604    170.965    14.3002   4.316458    35.7870     0.0328 1.0000e-12    -0.0087   100.2171      98.55    153.889     3.5380 2.5116e+03          1         23 0.0000e+00
   38.73410  -69.21520    14.3749   4.325589    35.8021    168.632    169.985    14.3874   4.326278    35.7969     0.0340 1.0000e-12    -0.0092   100.2306      98.55    154.791     3.5587 2.5066e+03          1         30 0.0000e+00
   38.73410  -69.21520    14.3984   4.328096    35.8049    167.678    169.023    14.4069   4.328832    35.8038     0.0304 1.0000e-12    -0.0091   100.2282      98.55    156.397     3.5955 2.5065e+03          1         27 0.0000e+00
   38.73410  -69.21520    14.4284   4.331232    35.8070    166.659    167.995    14.4296   4.331429    35.8078     0.0235 1.0000e-12    -0.0097   100.2416      98.55    157.500     3.6209 2.5094e+03          1         25 0.0000e+00
   38.73410  -69.21521    14.4543   4.333595    35.8058    165.672    166.999    14.4498   4.333116    35.8058     0.0271 1.0000e-12    -0.0094   100.2339      98.55    158.387     3.6413 2.5118e+03          1         27 0.0000e+00
   38.73410  -69.21522    14.4783   4.336123    35.8078    164.690    166.009    14.4782   4.335904    35.8061     0.0356 1.0000e-12    -0.0093   100.2321      98.55    159.760     3.6728 2.5105e+03          1         26 0.0000e+00
   38.73410  -69.21522    14.5101   4.339552    35.8107    163.712    165.023    14.5053   4.338837    35.8087     0.0295 1.0000e-12    -0.0094   100.2354      98.55    162.023     3.7248 2.5085e+03          1         22 0.0000e+00
   38.73410  -69.21522    14.5445   4.343261    35.8135    162.723    164.026    14.5460   4.343035    35.8100     0.0350 1.0000e-12    -0.0093   100.2317      98.55    164.289     3.7769 2.5082e+03          1         23 0.0000e+00
   38.73410  -69.21522    14.5814   4.346869    35.8131    161.698    162.992    14.5791   4.346404    35.8110     0.0299 1.0000e-12    -0.0089   100.2221      98.55    165.541     3.8057 2.5057e+03          1         20 0.0000e+00
   38.73409  -69.21523    14.6034   4.348880    35.8119    160.715    162.001    14.6030   4.348698    35.8107     0.0382 1.0000e-12    -0.0088   100.2204      98.54    166.931     3.8376 2.5031e+03          1         19 0.0000e+00
   38.73408  -69.21524    14.6138   4.349347    35.8075    159.750    161.028    14.6228   4.349997    35.8050     0.0387 1.0000e-12    -0.0089   100.2221      98.55    168.888     3.8826 2.5033e+03          1         20 0.0000e+00
   38.73408  -69.21524    14.6167   4.348444    35.7977    158.703    159.972    14.6203   4.348851    35.7981     0.0423 1.0000e-12    -0.0085   100.2129      98.55    171.650     3.9460 2.5046e+03          1         27 0.0000e+00
   38.73408  -69.21524    14.6559   4.351623    35.7912    157.740    159.001    14.6643   4.352080    35.7875     0.0465 2.9662e-06    -0.0086   100.2134      98.55    174.759     4.0174 2.5018e+03          1         39 0.0000e+00
   38.73408  -69.21524    14.6791   4.353744    35.7903    156.744    157.996    14.6806   4.353980    35.7911     0.0370 1.0000e-12    -0.0089   100.2223      98.55    178.887     4.1123 2.5068e+03          1         26 0.0000e+00
   38.73406  -69.21526    14.6986   4.355570    35.7896    155.808    157.053    14.6954   4.355062    35.7881     0.0139 1.0000e-12    -0.0082   100.2042      98.55    183.551     4.2195 2.5131e+03          1         19 0.0000e+00
   38.73406  -69.21526    14.7138   4.357344    35.7926    154.743    155.979    14.7167   4.357472    35.7911     0.0211 1.0000e-12    -0.0083   100.2071      98.55    186.661     4.2910 2.5143e+03          1         23 0.0000e+00
   38.73406  -69.21526    14.7251   4.358110    35.7909    153.859    155.087    14.7269   4.358316    35.7912     0.0408 1.0000e-12    -0.0085   100.2122      98.55    190.322     4.3751 2.5102e+03          1        113 0.0000e+00
   38.73406  -69.21526    14.7211   4.356567    35.7821    152.794    154.014    14.7203   4.356742    35.7846     0.0300 1.0000e-12    -0.0083   100.2058      98.55    191.872     4.4107 2.5013e+03          1         18 0.0000e+00
   38.73406  -69.21526    14.7033   4.353469    35.7711    151.758    152.969    14.7031   4.354009    35.7763     0.0219 1.0000e-12    -0.0084   100.2097      98.55    192.976     4.4361 2.4982e+03          1         22 0.0000e+00
   38.73398  -69.21536    14.6658   4.347641    35.7535    151.041    152.246    14.6647   4.347579    35.7540     0.0270 1.0000e-12    -0.0081   100.2015      98.56    197.649     4.5435 2.5057e+03          1        544 0.0000e+00
   38.73390  -69.21544    14.6595   4.346480    35.7493    149.834    151.029    14.6594   4.346594    35.7503     0.0215 1.0000e-12    -0.0074   100.1844      98.56    197.889     4.5490 2.5006e+03          1         24 0.0000e+00
   38.73390  -69.21544    14.6603   4.346415    35.7483    148.804    149.990    14.6603   4.346512    35.7492     0.0241 1.0000e-12    -0.0083   100.2063      98.57    197.608     4.5425 2.4981e+03          1         27 0.0000e+00
   38.73390  -69.21544    14.6623   4.346428    35.7469    147.850    149.028    14.6628   4.346546    35.7476     0.0293 1.0000e-12    -0.0045   100.1127      98.57    198.100     4.5538 2.4906e+03          1         33 0.0000e+00
   38.73390  -69.21545    14.6568   4.345334    35.7424    146.888    148.058    14.6557   4.345605    35.7460     0.0284 1.0000e-12    -0.0054   100.1354      98.56    199.266     4.5806 2.4857e+03          1         35 0.0000e+00
   38.73390  -69.21546    14.5967   4.336259    35.7161    145.850    147.011    14.6006   4.337793    35.7265     0.0145 1.0000e-12    -0.0035   100.0871      98.56    199.800     4.5929 2.4931e+03          1         20 0.0000e+00
   38.73390  -69.21546    14.5784   4.333366    35.7069    144.844    145.997    14.5814   4.334101    35.7109     0.0377 1.0000e-12    -0.0055   100.1381      98.56    200.037     4.5983 2.5004e+03          1         15 0.0000e+00
   38.73390  -69.21546    14.5846   4.333952    35.7067    143.864    145.009    14.5829   4.333713    35.7061     0.0450 1.0000e-12    -0.0066   100.1651      98.57    200.435     4.6075 2.5059e+03          1         12 0.0000e+00
   38.73390  -69.21546    14.5869   4.334011    35.7054    142.888    144.025    14.5870   4.334125    35.7064     0.0218 1.0000e-12    -0.0072   100.1813      98.55    201.711     4.6368 2.5071e+03          1         14 0.0000e+00
   38.73390  -69.21546    14.5912   4.334495    35.7061    141.838    142.966    14.5919   4.334584    35.7063     0.0159 1.0000e-12    -0.0071   100.1790      98.56    203.858     4.6861 2.5079e+03          1         16 0.0000e+00
   38.73387  -69.21546    14.5898   4.334381    35.7064    140.978    142.099    14.5889   4.334413    35.7076     0.0221 1.0000e-12    -0.0066   100.1647      98.56    207.306     4.7654 2.5045e+03          1         79 0.0000e+00
   38.73386  -69.21546    14.5883   4.334134    35.7057    139.869    140.981    14.5894   4.334250    35.7057     0.0218 1.0000e-12    -0.0067   100.1672      98.56    206.146     4.7387 2.4862e+03          1         12 0.0000e+00
   38.73386  -69.21546    14.5979   4.335095    35.7058    138.923    140.027    14.5988   4.335078    35.7048     0.0202 1.0000e-12    -0.0071   100.1781      98.56    205.735     4.7293 2.4841e+03          1         11 0.0000e+00
   38.73386  -69.21546    14.6038   4.335338    35.7029    137.903    138.999    14.6033   4.335430    35.7042     0.0215 1.0000e-12    -0.0069   100.1735      98.57    205.675     4.7279 2.4798e+03          1         11 0.0000e+00
   38.73386  -69.21546    14.6066   4.335150    35.6990    136.899    137.986    14.6064   4.335278    35.7003     0.0130 1.0000e-12    -0.0069   100.1732      98.56    205.679     4.7279 2.4800e+03          1         10 0.0000e+00
   38.73390  -69.21548    14.6073   4.334977    35.6971    135.896    136.975    14.6070   4.335105    35.6985     0.0068 1.0000e-12    -0.0066   100.1665      98.56    205.647     4.7272 2.4799e+03          1         11 0.0000e+00
   38.73390  -69.21548    14.6048   4.334520    35.6956    134.928    135.999    14.6023   4.334298    35.6960     0.0291 1.0000e-12    -0.0067   100.1678      98.56    206.133     4.7384 2.4845e+03          1         16 0.0000e+00
   38.73390  -69.21548    14.6002   4.333729    35.6931    133.855    134.917    14.5967   4.333307    35.6925     0.0349 1.0000e-12    -0.0064   100.1613      98.56    208.919     4.8024 2.4953e+03          1         39 0.0000e+00
   38.73390  -69.21548    14.6023   4.334026    35.6942    132.991    134.046    14.5986   4.333600    35.6937     0.0262 1.0000e-12    -0.0070   100.1752      98.56    211.756     4.8676 2.5090e+03          1         43 0.0000e+00
   38.73387  -69.21547    14.5867   4.331504    35.6860    131.978    133.024    14.5863   4.331631    35.6875     0.0315 1.0000e-12    -0.0072   100.1793      98.56    211.417     4.8598 2.5020e+03          1         22 0.0000e+00
   38.73384  -69.21546    14.5683   4.328521    35.6762    130.988    132.027    14.5784   4.330357    35.6837     0.0307 1.0000e-12    -0.0071   100.1782      98.57    211.239     4.8557 2.4964e+03          1         21 0.0000e+00
   38.73384  -69.21546    14.5438   4.324755    35.6650    129.961    130.991    14.5463   4.325732    35.6716     0.0395 1.0000e-12    -0.0063   100.1565      98.56    211.844     4.8696 2.4896e+03          1         24 0.0000e+00
   38.73384  -69.21546    14.5337   4.323157    35.6599    128.952    129.973    14.5387   4.324454    35.6672     0.0250 7.3709e-05    -0.0053   100.1327      98.57    212.860     4.8930 2.4851e+03          1         28 0.0000e+00
   38.73384  -69.21546    14.5017   4.318554    35.6479    128.006    129.020    14.5068   4.319825    35.6549     0.0366 1.0000e-12    -0.0024   100.0607      98.56    214.996     4.9421 2.4852e+03          1         23 0.0000e+00
   38.73385  -69.21548    14.4913   4.316896    35.6426    127.012    128.018    14.4922   4.317083    35.6434     0.0643 1.0000e-12    -0.0043   100.1077      98.57    216.150     4.9685 2.4873e+03          1         20 0.0000e+00
   38.73386  -69.21550    14.4707   4.313859    35.6341    125.965    126.962    14.4710   4.314787    35.6425     0.0555 1.0000e-12    -0.0039   100.0975      98.56    216.872     4.9851 2.4899e+03          1         22 0.0000e+00
   38.73386  -69.21550    14.4434   4.309982    35.6242    124.966    125.954    14.4450   4.310432    35.6269     0.0349 1.0000e-12    -0.0039   100.0976      98.56    217.097     4.9903 2.4918e+03          1         24 0.0000e+00
