Data/ruptures/KN207-01/QL-1/20701013.cnv
* Sea-Bird SBE 9 Data File:
* FileName = C:\Data\ctd\20701013.hex
* Software Version Seasave V 7.21e
* Temperature SN = 4406
* Conductivity SN = 1474
* Number of Bytes Per Scan = 40
* Number of Voltage Words = 5
* Number of Scans Averaged by the Deck Unit = 1
* NMEA Latitude = 38 59.81 N
* NMEA Longitude = 068 59.59 W
* NMEA UTC (Time) = Apr 23 2012 14:10:44
** R/V Knorr Cruise # KN207-01 QL1
** Chief Scientist: Ben Van Mooy
# nquan = 21
# nvalues = 403                         
# units = specified
# name 0 = latitude: Latitude [deg]
# name 1 = longitude: Longitude [deg]
# name 2 = t090C: Temperature [ITS-90, deg C]
# name 3 = c0S/m: Conductivity [S/m]
# name 4 = sal00: Salinity, Practical [PSU]
# name 5 = depSM: Depth [salt water, m]
# name 6 = prDM: Pressure, Digiquartz [db]
# name 7 = t190C: Temperature, 2 [ITS-90, deg C]
# name 8 = c1S/m: Conductivity, 2 [S/m]
# name 9 = sal11: Salinity, Practical, 2 [PSU]
# name 10 = flECO-AFL: Fluorescence, WET Labs ECO-AFL/FL [mg/m^3]
# name 11 = par: PAR/Irradiance, Biospherical/Licor
# name 12 = bat: Beam Attenuation, Chelsea/Seatech [1/m]
# name 13 = xmiss: Beam Transmission, Chelsea/Seatech [%]
# name 14 = altM: Altimeter [m]
# name 15 = sbeox0Mm/Kg: Oxygen, SBE 43 [umol/kg]
# name 16 = sbeox0ML/L: Oxygen, SBE 43 [ml/l]
# name 17 = spar: SPAR/Surface Irradiance
# name 18 = pumps: Pump Status
# name 19 = nbin: number of scans per bin
# name 20 = flag: flag
# span 0 =   38.99516,   38.99728       
# span 1 =  -68.99323,  -68.98920       
# span 2 =    11.2253,    14.6998       
# span 3 =   3.873063,   4.357214       
# span 4 =    33.7901,    35.8153       
# span 5 =      2.187,    201.972       
# span 6 =      2.203,    203.614       
# span 7 =    11.2205,    14.6997       
# span 8 =   3.873501,   4.357162       
# span 9 =    33.8050,    35.8168       
# span 10 =     0.0029,     2.7774      
# span 11 = 1.0000e-12, 9.5380e+00      
# span 12 =    -0.0140,     0.2941      
# span 13 =    92.9109,   100.3514      
# span 14 =       1.41,      98.68      
# span 15 =    138.973,    424.384      
# span 16 =     3.1955,     9.7465      
# span 17 = 1.2129e+02, 4.8182e+02      
# span 18 =          1,          1      
# span 19 =          9,        520      
# span 20 = 0.0000e+00, 0.0000e+00      
# interval = decibars: 1                
# start_time = Apr 23 2012 14:10:44 [NMEA time, header]
# bad_flag = -9.990e-29
*END*
[from data line 207]
   38.99693  -68.99154    13.2154   4.198386    35.6837    195.422    197.007    13.2076   4.197636    35.6841     0.0296 1.0000e-12    -0.0132   100.3290      98.62    140.038     3.2199 2.0929e+02          1        133 0.0000e+00
   38.99688  -68.99148    13.2991   4.208108    35.6976    194.454    196.031    13.2659   4.203886    35.6896     0.0163 1.0000e-12    -0.0131   100.3273      98.62    140.458     3.2296 2.1790e+02          1         19 0.0000e+00
   38.99688  -68.99148    13.4088   4.220103    35.7063    193.417    194.985    13.3213   4.208501    35.6806     0.0289 1.0000e-12    -0.0129   100.3214      98.62    140.140     3.2222 2.1860e+02          1         15 0.0000e+00
   38.99688  -68.99148    13.4757   4.227535    35.7132    192.413    193.972    13.4284   4.220481    35.6917     0.0380 1.0000e-12    -0.0132   100.3300      98.62    140.025     3.2196 2.1940e+02          1         14 0.0000e+00
   38.99688  -68.99148    13.5150   4.231926    35.7179    191.419    192.969    13.4926   4.228335    35.7052     0.0362 1.0000e-12    -0.0133   100.3315      98.61    140.223     3.2241 2.2109e+02          1         17 0.0000e+00
   38.99687  -68.99147    13.5365   4.234101    35.7203    190.637    192.181    13.5237   4.232982    35.7217     0.0287 1.0000e-12    -0.0133   100.3318      98.62    141.817     3.2607 2.2483e+02          1         57 0.0000e+00
   38.99682  -68.99144    13.5979   4.240777    35.7285    189.486    191.020    13.5960   4.240601    35.7281     0.0435 7.1057e-06    -0.0129   100.3230      98.62    142.869     3.2849 2.2854e+02          1         11 0.0000e+00
   38.99682  -68.99144    13.6089   4.241994    35.7300    188.475    190.000    13.6032   4.241193    35.7274     0.0394 3.8753e-05    -0.0132   100.3300      98.62    143.012     3.2882 2.2798e+02          1         10 0.0000e+00
   38.99682  -68.99144    13.6328   4.244680    35.7330    187.508    189.025    13.6249   4.243017    35.7244     0.0304 1.0000e-12    -0.0136   100.3414      98.61    143.076     3.2896 2.2926e+02          1          9 0.0000e+00
   38.99682  -68.99144    13.6716   4.249116    35.7382    186.483    187.991    13.6582   4.246762    35.7284     0.0292 6.7993e-07    -0.0134   100.3364      98.62    143.452     3.2983 2.2957e+02          1         12 0.0000e+00
   38.99682  -68.99144    13.7105   4.253414    35.7420    185.450    186.950    13.6672   4.248467    35.7365     0.0151 1.0000e-12    -0.0129   100.3236      98.62    143.909     3.3088 2.2976e+02          1         12 0.0000e+00
   38.99682  -68.99144    13.7316   4.255773    35.7449    184.460    185.951    13.7115   4.253162    35.7391     0.0228 1.0000e-12    -0.0129   100.3218      98.62    144.540     3.3233 2.2976e+02          1         22 0.0000e+00
   38.99678  -68.99140    13.7776   4.260895    35.7531    183.601    185.085    13.7705   4.259764    35.7491     0.0447 1.0000e-12    -0.0136   100.3412      98.63    147.046     3.3809 2.2739e+02          1         16 0.0000e+00
   38.99678  -68.99140    13.8000   4.263417    35.7562    182.547    184.022    13.7933   4.262291    35.7519     0.0323 6.2762e-07    -0.0135   100.3379      98.62    147.027     3.3804 2.2547e+02          1         13 0.0000e+00
   38.99678  -68.99140    13.8311   4.266911    35.7598    181.532    182.998    13.8180   4.265091    35.7552     0.0151 1.0000e-12    -0.0132   100.3300      98.62    146.512     3.3686 2.2399e+02          1         12 0.0000e+00
   38.99678  -68.99140    13.8607   4.270282    35.7638    180.538    181.996    13.8480   4.268015    35.7544     0.0096 1.0000e-12    -0.0140   100.3514      98.62    146.341     3.3646 2.2306e+02          1         12 0.0000e+00
   38.99678  -68.99140    13.8976   4.274373    35.7674    179.560    181.009    13.8783   4.271491    35.7587     0.0029 1.3599e-06    -0.0137   100.3428      98.63    146.567     3.3698 2.2250e+02          1         12 0.0000e+00
   38.99674  -68.99140    13.9353   4.278642    35.7721    178.557    179.998    13.9241   4.276603    35.7635     0.0056 5.8279e-07    -0.0124   100.3098      98.62    147.143     3.3830 2.2115e+02          1         14 0.0000e+00
   38.99674  -68.99140    13.9504   4.280247    35.7736    177.531    178.963    13.9446   4.279485    35.7718     0.0081 1.0000e-12    -0.0129   100.3236      98.62    147.726     3.3965 2.2083e+02          1         16 0.0000e+00
   38.99674  -68.99139    14.0415   4.289577    35.7763    176.553    177.976    14.0233   4.287360    35.7727     0.0323 1.0000e-12    -0.0128   100.3192      98.62    149.368     3.4341 2.1735e+02          1         93 0.0000e+00
   38.99672  -68.99136    14.1171   4.297131    35.7783    175.592    177.007    14.1086   4.296153    35.7770     0.0296 1.0000e-12    -0.0131   100.3279      98.63    150.939     3.4702 2.0932e+02          1         25 0.0000e+00
   38.99672  -68.99136    14.1399   4.299545    35.7800    174.620    176.027    14.1246   4.297757    35.7776     0.0316 1.0000e-12    -0.0133   100.3332      98.62    151.604     3.4855 2.0652e+02          1         24 0.0000e+00
   38.99671  -68.99135    14.1704   4.302811    35.7822    173.643    175.042    14.1560   4.300810    35.7770     0.0414 4.5978e-06    -0.0124   100.3103      98.62    152.227     3.4998 2.0470e+02          1         17 0.0000e+00
   38.99670  -68.99134    14.1961   4.305482    35.7834    172.617    174.007    14.1698   4.302372    35.7793     0.0304 1.0966e-05    -0.0127   100.3163      98.63    152.351     3.5026 2.0299e+02          1         15 0.0000e+00
   38.99670  -68.99134    14.2108   4.307100    35.7853    171.582    172.963    14.1997   4.305334    35.7791     0.0339 1.0000e-12    -0.0128   100.3201      98.63    152.482     3.5056 2.0162e+02          1         13 0.0000e+00
   38.99670  -68.99134    14.2258   4.308683    35.7865    170.617    171.990    14.2152   4.307125    35.7818     0.0373 1.0770e-05    -0.0130   100.3260      98.62    152.888     3.5150 2.0076e+02          1         13 0.0000e+00
   38.99670  -68.99134    14.2608   4.312501    35.7894    169.658    171.023    14.2460   4.310366    35.7834     0.0307 6.7486e-06    -0.0130   100.3245      98.62    153.367     3.5259 2.0044e+02          1         14 0.0000e+00
   38.99670  -68.99134    14.2866   4.315193    35.7909    168.561    169.917    14.2686   4.312967    35.7870     0.0463 1.0000e-12    -0.0127   100.3171      98.62    154.067     3.5420 1.9937e+02          1         24 0.0000e+00
   38.99668  -68.99133    14.3285   4.319742    35.7955    167.890    169.240    14.3270   4.319544    35.7948     0.0310 1.5910e-06    -0.0130   100.3253      98.62    155.862     3.5833 1.9569e+02          1         44 0.0000e+00
   38.99666  -68.99132    14.3848   4.325865    35.8010    166.642    167.982    14.3775   4.324615    35.7961     0.0070 1.6951e-05    -0.0133   100.3330      98.62    157.484     3.6205 1.9092e+02          1         17 0.0000e+00
   38.99664  -68.99132    14.4067   4.328370    35.8043    165.653    166.984    14.3980   4.327130    35.8009     0.0296 1.0000e-12    -0.0132   100.3300      98.62    157.545     3.6219 1.8973e+02          1         18 0.0000e+00
   38.99662  -68.99132    14.4303   4.330881    35.8060    164.678    166.001    14.4193   4.329372    35.8021     0.0422 4.5328e-07    -0.0132   100.3300      98.62    157.532     3.6216 1.8949e+02          1         18 0.0000e+00
   38.99662  -68.99132    14.4475   4.332696    35.8073    163.706    165.021    14.4428   4.331613    35.8015     0.0410 9.1956e-06    -0.0131   100.3285      98.62    157.766     3.6270 1.8908e+02          1         17 0.0000e+00
   38.99662  -68.99132    14.4589   4.334029    35.8096    162.702    164.008    14.4612   4.333722    35.8044     0.0363 1.2883e-06    -0.0132   100.3300      98.62    158.141     3.6356 1.8772e+02          1         19 0.0000e+00
   38.99662  -68.99132    14.4918   4.337291    35.8096    161.606    162.903    14.4798   4.335933    35.8082     0.0167 2.7197e-07    -0.0131   100.3266      98.62    158.608     3.6463 1.8737e+02          1         30 0.0000e+00
   38.99661  -68.99131    14.5118   4.339098    35.8088    160.782    162.072    14.5131   4.339268    35.8088     0.0233 7.5547e-07    -0.0131   100.3262      98.62    159.423     3.6650 1.8555e+02          1         54 0.0000e+00
   38.99660  -68.99130    14.5166   4.339451    35.8087    159.731    161.012    14.5095   4.338774    35.8091     0.0422 2.9140e-07    -0.0128   100.3190      98.62    160.320     3.6856 1.8363e+02          1         28 0.0000e+00
   38.99660  -68.99130    14.5357   4.341013    35.8059    158.716    159.989    14.5337   4.340616    35.8040     0.0197 1.3599e-06    -0.0126   100.3150      98.62    161.423     3.7110 1.8245e+02          1         24 0.0000e+00
   38.99660  -68.99130    14.5484   4.341940    35.8032    157.715    158.980    14.5439   4.341598    35.8043     0.0209 2.7303e-05    -0.0128   100.3190      98.63    161.980     3.7238 1.8079e+02          1         21 0.0000e+00
   38.99660  -68.99130    14.5602   4.342903    35.8017    156.708    157.964    14.5517   4.342079    35.8021     0.0293 2.1255e-05    -0.0131   100.3273      98.63    163.053     3.7484 1.7998e+02          1         19 0.0000e+00
   38.99657  -68.99128    14.5758   4.344557    35.8030    155.759    157.008    14.5621   4.342918    35.8007     0.0316 3.0486e-05    -0.0132   100.3300      98.62    164.658     3.7853 1.7845e+02          1         18 0.0000e+00
   38.99656  -68.99128    14.6018   4.347156    35.8030    154.759    155.998    14.5871   4.345213    35.7989     0.0529 3.9497e-05    -0.0132   100.3300      98.62    166.172     3.8201 1.7810e+02          1         19 0.0000e+00
   38.99656  -68.99128    14.6386   4.351322    35.8074    153.750    154.981    14.6120   4.347953    35.8013     0.0339 7.0555e-06    -0.0128   100.3202      98.62    167.460     3.8497 1.7781e+02          1         21 0.0000e+00
   38.99656  -68.99128    14.6656   4.353818    35.8057    152.726    153.949    14.6500   4.351951    35.8031     0.0235 7.5064e-06    -0.0130   100.3249      98.62    169.106     3.8875 1.7809e+02          1         25 0.0000e+00
   38.99655  -68.99126    14.6748   4.352967    35.7908    151.851    153.066    14.6735   4.352871    35.7910     0.0398 5.5987e-05    -0.0125   100.3132      98.62    174.223     4.0051 1.7806e+02          1         92 0.0000e+00
   38.99654  -68.99124    14.6650   4.350900    35.7824    150.840    152.047    14.6650   4.351374    35.7866     0.0349 3.1835e-05    -0.0125   100.3134      98.62    180.302     4.1448 1.7478e+02          1         17 0.0000e+00
   38.99654  -68.99124    14.6594   4.349556    35.7759    149.786    150.983    14.6596   4.350079    35.7804     0.0284 2.1828e-04    -0.0118   100.2940      98.61    181.237     4.1663 1.7421e+02          1         10 0.0000e+00
   38.99654  -68.99124    14.6562   4.348708    35.7717    148.801    149.991    14.6559   4.348982    35.7743     0.0270 1.9143e-04    -0.0118   100.2966      98.62    181.594     4.1745 1.7377e+02          1         10 0.0000e+00
   38.99654  -68.99124    14.6547   4.347995    35.7670    147.788    148.969    14.6544   4.348223    35.7692     0.0157 6.5156e-05    -0.0132   100.3300      98.63    182.005     4.1839 1.7300e+02          1          9 0.0000e+00
   38.99654  -68.99124    14.6547   4.347477    35.7627    146.810    147.984    14.6542   4.347636    35.7645     0.0166 7.7205e-05    -0.0127   100.3186      98.62    182.314     4.1910 1.7250e+02          1          9 0.0000e+00
   38.99654  -68.99124    14.6541   4.347155    35.7608    145.820    146.985    14.6538   4.347396    35.7632     0.0123 1.5902e-04    -0.0112   100.2812      98.63    182.573     4.1970 1.7243e+02          1         10 0.0000e+00
   38.99650  -68.99124    14.6504   4.346195    35.7559    144.834    145.990    14.6519   4.346846    35.7604     0.0062 6.1080e-05    -0.0107   100.2693      98.62    183.053     4.2080 1.7176e+02          1         11 0.0000e+00
   38.99648  -68.99124    14.6431   4.344798    35.7505    143.803    144.952    14.6474   4.345984    35.7572     0.0233 5.3653e-05    -0.0092   100.2287      98.63    184.108     4.2322 1.7189e+02          1         17 0.0000e+00
   38.99648  -68.99123    14.6307   4.342031    35.7372    142.951    144.092    14.6331   4.342739    35.7414     0.0430 1.1570e-04    -0.0098   100.2438      98.62    191.218     4.3956 1.7194e+02          1         76 0.0000e+00
   38.99648  -68.99120    14.6288   4.340126    35.7219    141.886    143.018    14.6280   4.340241    35.7238     0.0492 1.7937e-04    -0.0119   100.2983      98.63    198.491     4.5628 1.7215e+02          1         17 0.0000e+00
   38.99648  -68.99120    14.6301   4.340054    35.7205    140.901    142.024    14.6293   4.340113    35.7217     0.0445 2.3476e-04    -0.0112   100.2803      98.64    199.690     4.5903 1.7221e+02          1         15 0.0000e+00
   38.99648  -68.99120    14.6301   4.339896    35.7195    139.891    141.006    14.6298   4.339997    35.7206     0.0309 2.5280e-04    -0.0112   100.2820      98.63    200.741     4.6145 1.7176e+02          1         15 0.0000e+00
   38.99648  -68.99120    14.6308   4.339718    35.7177    138.877    139.984    14.6302   4.339822    35.7191     0.0289 1.0987e-04    -0.0112   100.2806      98.62    201.978     4.6429 1.7125e+02          1         13 0.0000e+00
   38.99648  -68.99120    14.6290   4.339311    35.7160    137.903    139.001    14.6296   4.339617    35.7182     0.0225 1.7429e-04    -0.0111   100.2786      98.63    203.223     4.6715 1.6990e+02          1         12 0.0000e+00
   38.99648  -68.99120    14.6253   4.338470    35.7122    136.901    137.992    14.6272   4.339083    35.7160     0.0244 2.7819e-04    -0.0108   100.2707      98.62    204.027     4.6900 1.6953e+02          1         13 0.0000e+00
   38.99645  -68.99120    14.6215   4.337697    35.7091    135.894    136.976    14.6250   4.338595    35.7140     0.0449 2.1996e-04    -0.0108   100.2713      98.63    204.708     4.7057 1.6857e+02          1         14 0.0000e+00
   38.99644  -68.99120    14.6120   4.335997    35.7028    134.873    135.947    14.6159   4.336994    35.7083     0.0204 2.3564e-04    -0.0101   100.2518      98.62    206.049     4.7365 1.6885e+02          1         23 0.0000e+00
   38.99644  -68.99119    14.5801   4.330881    35.6859    134.059    135.126    14.5815   4.331291    35.6884     0.0219 2.7639e-04    -0.0100   100.2510      98.62    210.676     4.8428 1.7101e+02          1         95 0.0000e+00
   38.99642  -68.99114    14.5716   4.329508    35.6815    132.961    134.019    14.5740   4.330196    35.6855     0.0432 3.1543e-04    -0.0106   100.2664      98.62    212.936     4.8948 1.7117e+02          1         19 0.0000e+00
   38.99642  -68.99114    14.5580   4.327391    35.6751    131.941    132.990    14.5589   4.327737    35.6774     0.0584 2.8496e-04    -0.0101   100.2529      98.62    213.606     4.9101 1.7037e+02          1         16 0.0000e+00
   38.99642  -68.99114    14.5486   4.325937    35.6708    130.962    132.003    14.5538   4.326967    35.6755     0.0370 2.9366e-04    -0.0099   100.2474      98.62    213.619     4.9104 1.6953e+02          1         14 0.0000e+00
   38.99642  -68.99114    14.5432   4.325081    35.6683    129.984    131.017    14.5455   4.325629    35.6713     0.0351 4.1125e-04    -0.0097   100.2417      98.63    213.260     4.9022 1.6953e+02          1         16 0.0000e+00
   38.99642  -68.99114    14.5375   4.324219    35.6661    128.980    130.005    14.5421   4.325031    35.6693     0.0320 3.3261e-04    -0.0101   100.2529      98.62    213.173     4.9002 1.6965e+02          1         19 0.0000e+00
