Data/ruptures/KN207-01/QL-1/20701011.cnv
* Sea-Bird SBE 9 Data File:
* FileName = C:\Data\ctd\20701011.hex
* Software Version Seasave V 7.21e
* Temperature SN = 4406
* Conductivity SN = 1474
* Number of Bytes Per Scan = 40
* Number of Voltage Words = 5
* Number of Scans Averaged by the Deck Unit = 1
* NMEA Latitude = 39 00.12 N
* NMEA Longitude = 069 00.18 W
* NMEA UTC (Time) = Apr 23 2012 04:39:07
** R/V Knorr Cruise # KN207-01 QL1
** Chief Scientist: Ben Van Mooy
# nquan = 21
# nvalues = 3190                        
# units = specified
# name 0 = latitude: Latitude [deg]
# name 1 = longitude: Longitude [deg]
# name 2 = t090C: Temperature [ITS-90, deg C]
# name 3 = c0S/m: Conductivity [S/m]
# name 4 = sal00: Salinity, Practical [PSU]
# name 5 = depSM: Depth [salt water, m]
# name 6 = prDM: Pressure, Digiquartz [db]
# name 7 = t190C: Temperature, 2 [ITS-90, deg C]
# name 8 = c1S/m: Conductivity, 2 [S/m]
# name 9 = sal11: Salinity, Practical, 2 [PSU]
# name 10 = flECO-AFL: Fluorescence, WET Labs ECO-AFL/FL [mg/m^3]
# name 11 = par: PAR/Irradiance, Biospherical/Licor
# name 12 = bat: Beam Attenuation, Chelsea/Seatech [1/m]
# name 13 = xmiss: Beam Transmission, Chelsea/Seatech [%]
# name 14 = altM: Altimeter [m]
# name 15 = sbeox0Mm/Kg: Oxygen, SBE 43 [umol/kg]
# name 16 = sbeox0ML/L: Oxygen, SBE 43 [ml/l]
# name 17 = spar: SPAR/Surface Irradiance
# name 18 = pumps: Pump Status
# name 19 = nbin: number of scans per bin
# name 20 = flag: flag
# span 0 =   39.00202,   39.00414       
# span 1 =  -69.00316,  -69.00106       
# span 2 =     3.7524,    14.7596       
# span 3 =   3.299319,   4.361426       
# span 4 =    33.5262,    35.8111       
# span 5 =      3.441,   1579.543       
# span 6 =      3.467,   1597.692       
# span 7 =     3.7520,    14.7595       
# span 8 =   3.299314,   4.361536       
# span 9 =    33.9446,    35.8267       
# span 10 =    -0.0117,     2.7397      
# span 11 = 1.0000e-12, 1.0000e-12      
# span 12 =    -0.0324,     0.3286      
# span 13 =    92.1138,   100.8124      
# span 14 =       1.42,      98.86      
# span 15 =    131.144,    472.474      
# span 16 =     3.0162,    10.8518      
# span 17 = 1.3105e+01, 1.5615e+01      
# span 18 =          1,          1      
# span 19 =          6,        814      
# span 20 = 0.0000e+00, 0.0000e+00      
# interval = decibars: 1                
# start_time = Apr 23 2012 04:39:07 [NMEA time, header]
# bad_flag = -9.990e-29
*END*
[from data line 1104]
   39.00230  -69.00186     4.2271   3.322327    34.9672   1096.679   1107.993     4.2270   3.322425    34.9684     0.0204 1.0000e-12    -0.0306   100.7670      98.63    248.320     5.7145 1.4276e+01          1         10 0.0000e+00
   39.00230  -69.00186     4.2254   3.322204    34.9670   1097.660   1108.987     4.2251   3.322231    34.9676     0.0182 1.0000e-12    -0.0305   100.7647      98.62    248.089     5.7092 1.4195e+01          1         11 0.0000e+00
   39.00230  -69.00186     4.2242   3.322134    34.9670   1098.709   1110.050     4.2238   3.322151    34.9675     0.0204 1.0000e-12    -0.0306   100.7670      98.63    248.129     5.7101 1.5100e+01          1         13 0.0000e+00
   39.00230  -69.00186     4.2224   3.321997    34.9667   1099.736   1111.090     4.2222   3.322036    34.9674     0.0163 1.0000e-12    -0.0310   100.7766      98.62    248.577     5.7204 1.4778e+01          1         16 0.0000e+00
   39.00231  -69.00185     4.2239   3.322158    34.9666   1100.438   1111.800     4.2228   3.322089    34.9669     0.0212 1.0000e-12    -0.0307   100.7689      98.63    248.450     5.7175 1.4560e+01          1         55 0.0000e+00
   39.00232  -69.00184     4.2214   3.322003    34.9667   1101.650   1113.028     4.2206   3.321962    34.9671     0.0190 1.0000e-12    -0.0301   100.7542      98.63    248.875     5.7273 1.4623e+01          1         18 0.0000e+00
   39.00232  -69.00184     4.2194   3.321835    34.9664   1102.640   1114.032     4.2186   3.321831    34.9671     0.0166 1.0000e-12    -0.0305   100.7656      98.62    248.894     5.7277 1.4558e+01          1         19 0.0000e+00
   39.00232  -69.00184     4.2167   3.321634    34.9664   1103.609   1115.013     4.2163   3.321623    34.9667     0.0252 1.0000e-12    -0.0306   100.7670      98.63    248.383     5.7160 1.4221e+01          1         24 0.0000e+00
   39.00232  -69.00186     4.2164   3.321641    34.9662   1104.553   1115.969     4.2161   3.321655    34.9667     0.0435 1.0000e-12    -0.0308   100.7724      98.63    248.310     5.7143 1.4500e+01          1         24 0.0000e+00
   39.00232  -69.00186     4.2164   3.321680    34.9662   1105.547   1116.976     4.2159   3.321680    34.9667     0.0354 1.0000e-12    -0.0307   100.7709      98.63    248.828     5.7262 1.4500e+01          1         20 0.0000e+00
   39.00232  -69.00186     4.2160   3.321702    34.9663   1106.568   1118.011     4.2157   3.321706    34.9667     0.0203 1.0000e-12    -0.0303   100.7594      98.63    248.595     5.7208 1.4565e+01          1         17 0.0000e+00
   39.00232  -69.00186     4.2159   3.321732    34.9662   1107.571   1119.027     4.2156   3.321728    34.9666     0.0074 1.0000e-12    -0.0300   100.7533      98.63    248.342     5.7150 1.4723e+01          1         15 0.0000e+00
   39.00232  -69.00186     4.2156   3.321751    34.9663   1108.552   1120.020     4.2153   3.321746    34.9665     0.0143 1.0000e-12    -0.0308   100.7715      98.63    248.896     5.7278 1.4565e+01          1         17 0.0000e+00
   39.00232  -69.00186     4.2152   3.321739    34.9660   1109.528   1121.009     4.2149   3.321748    34.9665     0.0275 1.0000e-12    -0.0308   100.7727      98.62    248.939     5.7288 1.4747e+01          1         18 0.0000e+00
   39.00232  -69.00185     4.2138   3.321663    34.9661   1110.498   1121.991     4.2135   3.321672    34.9666     0.0054 1.0000e-12    -0.0304   100.7625      98.63    248.296     5.7139 1.4548e+01          1         23 0.0000e+00
   39.00232  -69.00184     4.2111   3.321456    34.9661   1111.585   1123.093     4.2108   3.321453    34.9664     0.0206 1.0000e-12    -0.0311   100.7806      98.63    248.696     5.7232 1.4438e+01          1         36 0.0000e+00
   39.00232  -69.00184     4.2102   3.321383    34.9657   1112.270   1123.787     4.2099   3.321387    34.9662     0.0268 1.0000e-12    -0.0313   100.7853      98.63    248.426     5.7169 1.4628e+01          1         52 0.0000e+00
   39.00232  -69.00184     4.2092   3.321372    34.9660   1113.443   1124.975     4.2089   3.321376    34.9664     0.0132 1.0000e-12    -0.0316   100.7927      98.63    248.499     5.7186 1.4089e+01          1         19 0.0000e+00
   39.00232  -69.00184     4.2090   3.321392    34.9660   1114.475   1126.021     4.2086   3.321391    34.9663     0.0070 1.0000e-12    -0.0307   100.7697      98.63    248.792     5.7254 1.4558e+01          1         19 0.0000e+00
   39.00232  -69.00184     4.2088   3.321433    34.9661   1115.484   1127.043     4.2085   3.321422    34.9663     0.0128 1.0000e-12    -0.0305   100.7647      98.63    248.667     5.7225 1.4702e+01          1         22 0.0000e+00
   39.00232  -69.00184     4.2087   3.321458    34.9660   1116.422   1127.993     4.2083   3.321461    34.9664     0.0020 1.0000e-12    -0.0301   100.7555      98.63    248.605     5.7211 1.4615e+01          1         29 0.0000e+00
   39.00232  -69.00184     4.2084   3.321501    34.9663   1117.377   1128.961     4.2081   3.321482    34.9664     0.0058 1.0000e-12    -0.0292   100.7318      98.62    248.849     5.7267 1.4793e+01          1         19 0.0000e+00
   39.00232  -69.00184     4.2087   3.321594    34.9666   1118.415   1130.012     4.2084   3.321578    34.9667     0.0338 1.0000e-12    -0.0295   100.7395      98.62    249.299     5.7370 1.4978e+01          1         14 0.0000e+00
   39.00232  -69.00184     4.2089   3.321644    34.9665   1119.379   1130.989     4.2085   3.321641    34.9668     0.0275 1.0000e-12    -0.0308   100.7717      98.63    249.309     5.7373 1.4398e+01          1         11 0.0000e+00
   39.00232  -69.00182     4.2088   3.321703    34.9667   1120.373   1131.996     4.2084   3.321694    34.9670     0.0125 1.0000e-12    -0.0307   100.7690      98.64    249.273     5.7365 1.4585e+01          1         13 0.0000e+00
   39.00232  -69.00182     4.2085   3.321718    34.9666   1121.411   1133.047     4.2081   3.321709    34.9669     0.0154 1.0000e-12    -0.0307   100.7690      98.63    248.681     5.7228 1.4929e+01          1         13 0.0000e+00
   39.00232  -69.00182     4.2085   3.321759    34.9666   1122.405   1134.055     4.2081   3.321743    34.9668     0.0187 1.0000e-12    -0.0309   100.7750      98.63    248.628     5.7216 1.4500e+01          1         16 0.0000e+00
   39.00232  -69.00182     4.2090   3.321820    34.9664   1123.200   1134.860     4.2086   3.321810    34.9667     0.0174 1.0000e-12    -0.0307   100.7699      98.63    248.442     5.7173 1.4436e+01          1         70 0.0000e+00
   39.00232  -69.00182     4.2086   3.321859    34.9667   1124.329   1136.004     4.2080   3.321841    34.9672     0.0046 1.0000e-12    -0.0310   100.7769      98.64    248.576     5.7204 1.4929e+01          1         13 0.0000e+00
   39.00232  -69.00182     4.2080   3.321861    34.9669   1125.295   1136.982     4.2077   3.321862    34.9672     0.0200 1.0000e-12    -0.0306   100.7670      98.63    249.257     5.7361 1.4871e+01          1         12 0.0000e+00
   39.00232  -69.00182     4.2066   3.321752    34.9666   1126.306   1138.007     4.2063   3.321806    34.9676     0.0424 1.0000e-12    -0.0309   100.7749      98.63    248.772     5.7249 1.4070e+01          1         13 0.0000e+00
   39.00232  -69.00182     4.2013   3.321289    34.9664   1127.326   1139.041     4.2007   3.321322    34.9674     0.0401 1.0000e-12    -0.0307   100.7690      98.63    248.787     5.7253 1.4414e+01          1         13 0.0000e+00
   39.00232  -69.00182     4.1996   3.321173    34.9663   1128.315   1140.042     4.1992   3.321172    34.9667     0.0344 1.0000e-12    -0.0306   100.7670      98.62    248.582     5.7206 1.4818e+01          1         14 0.0000e+00
   39.00232  -69.00182     4.1982   3.321071    34.9661   1129.299   1141.039     4.1979   3.321074    34.9665     0.0238 1.0000e-12    -0.0305   100.7655      98.63    248.387     5.7161 1.4696e+01          1         17 0.0000e+00
   39.00233  -69.00182     4.1966   3.320940    34.9658   1130.263   1142.016     4.1964   3.320969    34.9664     0.0079 1.0000e-12    -0.0300   100.7530      98.63    248.298     5.7140 1.4500e+01          1         22 0.0000e+00
   39.00234  -69.00182     4.1949   3.320816    34.9657   1131.208   1142.973     4.1946   3.320832    34.9661     0.0029 1.0000e-12    -0.0305   100.7659      98.62    248.406     5.7165 1.4592e+01          1         24 0.0000e+00
   39.00234  -69.00182     4.1922   3.320599    34.9655   1132.226   1144.005     4.1918   3.320634    34.9663     0.0166 1.0000e-12    -0.0313   100.7838      98.63    248.319     5.7145 1.4354e+01          1         23 0.0000e+00
   39.00234  -69.00182     4.1889   3.320368    34.9657   1133.269   1145.062     4.1887   3.320367    34.9660     0.0168 1.0000e-12    -0.0310   100.7784      98.63    248.635     5.7218 1.4481e+01          1         61 0.0000e+00
   39.00234  -69.00184     4.1883   3.320361    34.9657   1134.173   1145.978     4.1879   3.320363    34.9661     0.0276 1.0000e-12    -0.0308   100.7713      98.63    248.842     5.7265 1.4500e+01          1         24 0.0000e+00
   39.00234  -69.00184     4.1866   3.320252    34.9657   1135.164   1146.981     4.1862   3.320264    34.9663     0.0271 1.0000e-12    -0.0318   100.7983      98.63    248.749     5.7244 1.4742e+01          1         23 0.0000e+00
   39.00234  -69.00184     4.1848   3.320141    34.9658   1136.138   1147.968     4.1846   3.320151    34.9662     0.0078 1.0000e-12    -0.0308   100.7713      98.63    248.731     5.7240 1.4685e+01          1         24 0.0000e+00
   39.00234  -69.00184     4.1842   3.320140    34.9659   1137.116   1148.959     4.1839   3.320132    34.9662     0.0030 1.0000e-12    -0.0307   100.7702      98.63    248.452     5.7176 1.4360e+01          1         16 0.0000e+00
   39.00234  -69.00184     4.1834   3.320109    34.9660   1138.108   1149.964     4.1831   3.320103    34.9661     0.0063 1.0000e-12    -0.0304   100.7622      98.63    248.564     5.7202 1.4639e+01          1         16 0.0000e+00
   39.00234  -69.00184     4.1821   3.320012    34.9656   1139.133   1151.002     4.1818   3.320027    34.9662     0.0134 1.0000e-12    -0.0306   100.7670      98.63    249.072     5.7318 1.4659e+01          1         14 0.0000e+00
   39.00235  -69.00183     4.1815   3.320010    34.9657   1140.114   1151.997     4.1812   3.320009    34.9660     0.0177 1.0000e-12    -0.0311   100.7807      98.63    249.216     5.7351 1.4723e+01          1         15 0.0000e+00
   39.00236  -69.00182     4.1812   3.320015    34.9656   1141.114   1153.009     4.1810   3.320036    34.9661     0.0220 1.0000e-12    -0.0310   100.7765      98.62    249.078     5.7320 1.4793e+01          1         19 0.0000e+00
   39.00236  -69.00182     4.1803   3.319995    34.9658   1142.096   1154.005     4.1800   3.319983    34.9660     0.0249 1.0000e-12    -0.0308   100.7734      98.63    248.739     5.7242 1.4221e+01          1         24 0.0000e+00
   39.00236  -69.00182     4.1788   3.319881    34.9655   1143.086   1155.008     4.1785   3.319888    34.9660     0.0147 1.0000e-12    -0.0309   100.7756      98.63    248.752     5.7245 1.4425e+01          1         30 0.0000e+00
   39.00236  -69.00182     4.1771   3.319762    34.9654   1144.099   1156.034     4.1767   3.319756    34.9657     0.0121 1.0000e-12    -0.0309   100.7750      98.62    248.582     5.7205 1.4769e+01          1         58 0.0000e+00
   39.00236  -69.00182     4.1764   3.319748    34.9655   1145.022   1156.969     4.1760   3.319751    34.9659     0.0328 1.0000e-12    -0.0311   100.7805      98.63    248.603     5.7211 1.4659e+01          1         21 0.0000e+00
   39.00236  -69.00182     4.1748   3.319653    34.9655   1146.021   1157.981     4.1746   3.319670    34.9660     0.0294 1.0000e-12    -0.0307   100.7690      98.63    248.837     5.7264 1.3727e+01          1         13 0.0000e+00
   39.00236  -69.00182     4.1727   3.319480    34.9653   1146.980   1158.954     4.1724   3.319529    34.9662     0.0013 1.0000e-12    -0.0308   100.7729      98.63    248.642     5.7219 1.4414e+01          1         13 0.0000e+00
   39.00236  -69.00182     4.1690   3.319178    34.9652   1148.006   1159.993     4.1688   3.319212    34.9658     0.0192 1.0000e-12    -0.0310   100.7780      98.63    248.794     5.7254 1.4659e+01          1         14 0.0000e+00
   39.00236  -69.00182     4.1672   3.319036    34.9649   1149.039   1161.039     4.1667   3.319057    34.9657     0.0328 1.0000e-12    -0.0312   100.7832      98.63    248.985     5.7298 1.4441e+01          1         19 0.0000e+00
   39.00236  -69.00182     4.1670   3.319034    34.9647   1149.762   1161.772     4.1657   3.318946    34.9650     0.0139 1.0000e-12    -0.0312   100.7822      98.63    248.805     5.7257 1.4367e+01          1         59 0.0000e+00
   39.00236  -69.00182     4.1622   3.318647    34.9646   1151.019   1163.045     4.1618   3.318658    34.9652     0.0421 1.0000e-12    -0.0312   100.7834      98.62    249.298     5.7370 1.5007e+01          1         11 0.0000e+00
   39.00236  -69.00182     4.1604   3.318530    34.9647   1151.982   1164.022     4.1600   3.318566    34.9655     0.0431 1.0000e-12    -0.0310   100.7773      98.63    249.178     5.7343 1.4500e+01          1         10 0.0000e+00
   39.00236  -69.00182     4.1597   3.318514    34.9647   1152.915   1164.967     4.1593   3.318528    34.9654     0.0214 1.0000e-12    -0.0309   100.7756      98.62    249.283     5.7367 1.4376e+01          1          9 0.0000e+00
   39.00236  -69.00182     4.1589   3.318506    34.9650   1153.884   1165.949     4.1585   3.318506    34.9655     0.0211 1.0000e-12    -0.0306   100.7670      98.63    249.065     5.7317 1.4500e+01          1         10 0.0000e+00
   39.00236  -69.00182     4.1587   3.318549    34.9652   1154.927   1167.005     4.1583   3.318530    34.9654     0.0255 1.0000e-12    -0.0308   100.7717      98.63    249.172     5.7342 1.4804e+01          1         11 0.0000e+00
   39.00236  -69.00182     4.1584   3.318561    34.9651   1155.936   1168.028     4.1581   3.318562    34.9655     0.0352 1.0000e-12    -0.0308   100.7713      98.62    249.582     5.7436 1.4685e+01          1         12 0.0000e+00
   39.00236  -69.00182     4.1584   3.318627    34.9653   1157.018   1169.124     4.1582   3.318621    34.9654     0.0350 1.0000e-12    -0.0305   100.7636      98.63    249.188     5.7345 1.4742e+01          1         23 0.0000e+00
   39.00236  -69.00182     4.1598   3.318766    34.9650   1157.762   1169.879     4.1591   3.318749    34.9654     0.0292 1.0000e-12    -0.0305   100.7657      98.63    248.989     5.7299 1.4276e+01          1         20 0.0000e+00
   39.00236  -69.00182     4.1591   3.318804    34.9655   1158.880   1171.011     4.1586   3.318787    34.9658     0.0270 1.0000e-12    -0.0304   100.7619      98.62    249.071     5.7318 1.5020e+01          1         15 0.0000e+00
   39.00236  -69.00182     4.1592   3.318860    34.9655   1159.872   1172.017     4.1588   3.318859    34.9659     0.0265 1.0000e-12    -0.0307   100.7704      98.63    249.372     5.7387 1.4425e+01          1         15 0.0000e+00
   39.00236  -69.00182     4.1591   3.318883    34.9655   1160.864   1173.022     4.1587   3.318880    34.9658     0.0201 1.0000e-12    -0.0308   100.7721      98.63    249.344     5.7381 1.4425e+01          1         15 0.0000e+00
   39.00236  -69.00182     4.1590   3.318949    34.9657   1161.846   1174.016     4.1587   3.318917    34.9657     0.0123 1.0000e-12    -0.0305   100.7653      98.63    249.023     5.7307 1.4276e+01          1         15 0.0000e+00
   39.00236  -69.00182     4.1617   3.319308    34.9665   1162.800   1174.983     4.1614   3.319266    34.9664     0.0025 1.0000e-12    -0.0303   100.7601      98.63    248.628     5.7216 1.5020e+01          1         15 0.0000e+00
