Data/ruptures/KN207-01/QL-1/20701018.cnv
* Sea-Bird SBE 9 Data File:
* FileName = C:\Data\ctd\20701018.hex
* Software Version Seasave V 7.21e
* Temperature SN = 4406
* Conductivity SN = 1474
* Number of Bytes Per Scan = 40
* Number of Voltage Words = 5
* Number of Scans Averaged by the Deck Unit = 1
* NMEA Latitude = 38 58.10 N
* NMEA Longitude = 068 59.84 W
* NMEA UTC (Time) = Apr 23 2012 23:59:19
** R/V Knorr Cruise # KN207-01 QL1
** Chief Scientist: Ben Van Mooy
# nquan = 21
# nvalues = 403                         
# units = specified
# name 0 = latitude: Latitude [deg]
# name 1 = longitude: Longitude [deg]
# name 2 = t090C: Temperature [ITS-90, deg C]
# name 3 = c0S/m: Conductivity [S/m]
# name 4 = sal00: Salinity, Practical [PSU]
# name 5 = depSM: Depth [salt water, m]
# name 6 = prDM: Pressure, Digiquartz [db]
# name 7 = t190C: Temperature, 2 [ITS-90, deg C]
# name 8 = c1S/m: Conductivity, 2 [S/m]
# name 9 = sal11: Salinity, Practical, 2 [PSU]
# name 10 = flECO-AFL: Fluorescence, WET Labs ECO-AFL/FL [mg/m^3]
# name 11 = par: PAR/Irradiance, Biospherical/Licor
# name 12 = bat: Beam Attenuation, Chelsea/Seatech [1/m]
# name 13 = xmiss: Beam Transmission, Chelsea/Seatech [%]
# name 14 = altM: Altimeter [m]
# name 15 = sbeox0Mm/Kg: Oxygen, SBE 43 [umol/kg]
# name 16 = sbeox0ML/L: Oxygen, SBE 43 [ml/l]
# name 17 = spar: SPAR/Surface Irradiance
# name 18 = pumps: Pump Status
# name 19 = nbin: number of scans per bin
# name 20 = flag: flag
# span 0 =   38.96630,   38.96833       
# span 1 =  -68.99776,  -68.99751       
# span 2 =    10.6590,    14.7834       
# span 3 =   3.791655,   4.367128       
# span 4 =    33.7502,    35.8222       
# span 5 =      2.131,    202.149       
# span 6 =      2.147,    203.791       
# span 7 =    10.6272,    14.7826       
# span 8 =   3.790200,   4.366475       
# span 9 =    33.9641,    35.8278       
# span 10 =    -0.0045,     3.0202      
# span 11 = 1.0000e-12, 1.2545e-01      
# span 12 =    -0.0159,     0.3355      
# span 13 =    91.9560,   100.3989      
# span 14 =       1.94,      98.62      
# span 15 =    144.100,    394.897      
# span 16 =     3.3133,     9.0697      
# span 17 = 1.3384e+01, 1.4804e+01      
# span 18 =          1,          1      
# span 19 =          7,        337      
# span 20 = 0.0000e+00, 0.0000e+00      
# interval = decibars: 1                
# start_time = Apr 23 2012 23:59:19 [NMEA time, header]
# bad_flag = -9.990e-29
*END*
   38.96833  -68.99751    12.6274   3.930413    33.7502      4.013      4.044    12.6268   3.952683    33.9641     1.5707 9.8506e-02     0.3216    92.2738       1.94    332.408     7.6329 1.3623e+01          1        187 0.0000e+00
   38.96828  -68.99754    12.6265   3.954645    33.9828      5.001      5.039    12.6267   3.958612    34.0206     1.6056 8.4972e-02     0.3219    92.2689       2.10    341.778     7.8494 1.3573e+01          1        177 0.0000e+00
   38.96826  -68.99756    12.6273   3.959686    34.0300      5.929      5.974    12.6273   3.960836    34.0410     1.7291 1.8014e-02     0.3223    92.2574       1.99    369.643     8.4897 1.3696e+01          1         50 0.0000e+00
   38.96826  -68.99754    12.6282   3.960021    34.0319      6.944      6.997    12.6284   3.961205    34.0431     1.6516 3.0242e-02     0.3229    92.2443       2.17    381.950     8.7723 1.3600e+01          1         31 0.0000e+00
   38.96826  -68.99754    12.6281   3.960795    34.0390      7.933      7.994    12.6278   3.961657    34.0475     1.5411 1.8132e-02     0.3243    92.2124       2.07    394.897     9.0697 1.3756e+01          1         24 0.0000e+00
   38.96825  -68.99755    12.6289   3.960646    34.0364      8.991      9.059    12.6284   3.960409    34.0346     1.6992 1.1595e-02     0.3222    92.2602       2.30    338.502     7.7745 1.3620e+01          1         85 0.0000e+00
   38.96824  -68.99756    12.6290   3.961587    34.0449      9.945     10.021    12.6288   3.961603    34.0453     1.6485 2.8283e-03     0.3214    92.2790       2.10    257.720     5.9192 1.3639e+01          1         35 0.0000e+00
   38.96824  -68.99757    12.6289   3.961556    34.0444     10.674     10.756    12.6289   3.961913    34.0478     1.6154 1.6804e-03     0.3209    92.2912       1.98    248.645     5.7107 1.3673e+01          1        108 0.0000e+00
   38.96824  -68.99758    12.6266   3.961954    34.0499     11.883     11.974    12.6265   3.962140    34.0518     1.6316 7.2661e-04     0.3242    92.2149       2.49    233.084     5.3534 1.3727e+01          1         13 0.0000e+00
   38.96824  -68.99758    12.6245   3.963005    34.0615     12.884     12.983    12.6218   3.963205    34.0659     1.5237 1.1210e-03     0.3256    92.1834       2.83    229.186     5.2639 1.3570e+01          1         12 0.0000e+00
   38.96824  -68.99758    12.5813   3.962656    34.0980     13.966     14.073    12.5725   3.962573    34.1053     1.4913 1.4943e-03     0.3192    92.3316       2.32    228.606     5.2507 1.3384e+01          1         13 0.0000e+00
   38.96824  -68.99758    12.4908   3.962256    34.1782     14.963     15.078    12.4983   3.962027    34.1689     1.5304 1.8665e-03     0.3188    92.3401       2.59    234.573     5.3882 1.3909e+01          1         17 0.0000e+00
   38.96824  -68.99757    12.5937   3.961159    34.0709     15.717     15.838    12.5896   3.962404    34.0866     1.6107 1.7004e-03     0.3183    92.3501       2.69    241.750     5.5525 1.3572e+01          1         83 0.0000e+00
   38.96824  -68.99760    12.5936   3.961287    34.0715     16.847     16.977    12.5624   3.962077    34.1081     1.6531 7.1091e-04     0.3190    92.3355      23.34    217.016     4.9844 1.3434e+01          1         45 0.0000e+00
   38.96824  -68.99760    12.5459   3.961024    34.1130     17.809     17.946    12.5408   3.961203    34.1194     1.6219 5.5030e-04     0.3184    92.3496      98.54    229.827     5.2789 1.3722e+01          1         33 0.0000e+00
   38.96824  -68.99759    12.3634   3.959870    34.2722     18.875     19.020    12.2673   3.956668    34.3314     1.6571 7.0024e-04     0.3186    92.3448      98.54    238.531     5.4797 1.3562e+01          1         25 0.0000e+00
   38.96824  -68.99756    12.3327   3.959810    34.2991     19.918     20.071    12.2501   3.951176    34.2928     1.6999 5.9162e-04     0.3110    92.5186      98.53    234.278     5.3821 1.3562e+01          1         25 0.0000e+00
   38.96824  -68.99756    12.3267   3.960503    34.3100     20.738     20.897    12.3475   3.959136    34.2762     1.6982 4.8314e-04     0.3068    92.6165      98.54    222.722     5.1167 1.3643e+01          1         86 0.0000e+00
   38.96822  -68.99756    12.1906   3.958418    34.4157     21.833     22.000    12.2370   3.957864    34.3664     1.8093 1.0759e-04     0.3074    92.6026      98.54    221.294     5.0844 1.3656e+01          1         41 0.0000e+00
   38.96822  -68.99756    12.2251   3.959694    34.3931     22.906     23.082    12.1388   3.958648    34.4651     1.8772 1.1026e-07     0.3055    92.6461      98.54    213.359     4.9020 1.3535e+01          1         74 0.0000e+00
   38.96822  -68.99758    11.9242   3.953604    34.6186     23.745     23.927    11.9299   3.948240    34.5600     1.8007 1.0000e-12     0.3065    92.6223      98.54    204.739     4.7050 1.3454e+01          1         32 0.0000e+00
   38.96822  -68.99758    11.7467   3.922593    34.4827     24.809     25.000    11.7499   3.927979    34.5319     1.8455 1.0000e-12     0.3058    92.6391      98.54    209.166     4.8064 1.4021e+01          1         21 0.0000e+00
   38.96822  -68.99758    11.6717   3.920233    34.5292     25.818     26.016    11.6859   3.929167    34.6027     1.9089 1.0000e-12     0.3007    92.7581      98.54    219.312     5.0398 1.3473e+01          1         25 0.0000e+00
   38.96822  -68.99757    11.7381   3.940882    34.6650     26.982     27.189    11.5313   3.926477    34.7195     2.2213 1.0000e-12     0.3036    92.6901      98.54    240.969     5.5379 1.3596e+01          1        116 0.0000e+00
   38.96822  -68.99756    11.4460   3.934564    34.8795     27.683     27.896    11.4279   3.917085    34.7217     2.1785 1.0000e-12     0.3087    92.5729      98.54    220.002     5.0572 1.3581e+01          1         34 0.0000e+00
   38.96822  -68.99756    11.2404   3.890909    34.6438     28.777     28.999    11.2489   3.897408    34.6980     2.2438 1.0000e-12     0.3083    92.5810      98.54    215.140     4.9447 1.3607e+01          1         20 0.0000e+00
   38.96820  -68.99758    11.0920   3.873970    34.6171     29.792     30.022    11.1037   3.883487    34.6985     2.2299 1.0000e-12     0.3159    92.4063      98.54    215.978     4.9640 1.3719e+01          1         20 0.0000e+00
   38.96820  -68.99758    11.1850   3.913486    34.9161     30.845     31.083    10.9768   3.913116    35.1129     2.7520 1.0000e-12     0.3262    92.1688      98.54    235.342     5.4103 1.3601e+01          1        103 0.0000e+00
   38.96820  -68.99758    10.8474   3.907632    35.1836     31.731     31.975    10.8351   3.898430    35.1000     2.7950 1.0000e-12     0.3255    92.1845      98.54    238.408     5.4821 1.3756e+01          1         24 0.0000e+00
   38.96820  -68.99758    10.7722   3.896038    35.1385     32.759     33.011    10.7578   3.888214    35.0712     2.9471 1.0000e-12     0.3340    91.9890      98.54    227.588     5.2332 1.3538e+01          1         29 0.0000e+00
   38.96820  -68.99758    10.7542   3.887380    35.0648     33.772     34.033    10.7559   3.881743    35.0042     3.0202 1.0000e-12     0.3260    92.1729      98.54    217.694     5.0055 1.3766e+01          1         70 0.0000e+00
   38.96820  -68.99756    10.8242   3.873866    34.8562     34.686     34.953    10.8367   3.869602    34.7997     2.8620 1.0000e-12     0.3166    92.3897      98.54    218.226     5.0168 1.3849e+01          1         48 0.0000e+00
   38.96820  -68.99756    10.9533   3.863724    34.6269     35.741     36.017    10.9867   3.861966    34.5759     2.3837 1.0000e-12     0.2958    92.8710      98.55    216.122     4.9675 1.3769e+01          1         29 0.0000e+00
   38.96820  -68.99757    11.0246   3.861359    34.5334     36.784     37.068    11.0363   3.859771    34.5055     2.3059 1.0000e-12     0.2763    93.3270      98.54    214.692     4.9342 1.3690e+01          1         51 0.0000e+00
   38.96820  -68.99758    11.0726   3.866695    34.5400     37.562     37.852    11.0605   3.861697    34.5015     2.4834 1.0000e-12     0.2717    93.4341      98.54    212.496     4.8837 1.3589e+01          1         76 0.0000e+00
   38.96820  -68.99758    11.1676   3.860387    34.3857     38.694     38.993    11.1819   3.858332    34.3511     1.7889 1.0000e-12     0.2509    93.9210      98.53    208.799     4.7981 1.3744e+01          1         31 0.0000e+00
   38.96820  -68.99758    11.2391   3.860326    34.3165     39.717     40.024    11.2313   3.858290    34.3035     1.4444 1.0000e-12     0.2098    94.8921      98.54    208.047     4.7805 1.3485e+01          1         22 0.0000e+00
   38.96820  -68.99758    11.3282   3.864332    34.2712     40.744     41.059    11.3355   3.862355    34.2444     1.2203 1.0000e-12     0.1772    95.6668      98.54    209.367     4.8106 1.3454e+01          1         32 0.0000e+00
   38.96820  -68.99758    11.3576   3.868352    34.2841     41.693     42.015    11.3593   3.867054    34.2694     1.1422 1.0000e-12     0.1524    96.2624      98.54    212.086     4.8731 1.3774e+01          1         63 0.0000e+00
   38.96818  -68.99758    11.3581   3.874132    34.3425     42.454     42.782    11.3555   3.872687    34.3305     1.2029 1.0000e-12     0.1419    96.5154      98.54    206.915     4.7545 1.3709e+01          1        103 0.0000e+00
   38.96818  -68.99758    11.3736   3.876662    34.3532     43.652     43.990    11.3729   3.875497    34.3422     0.9706 1.0000e-12     0.1268    96.8793      98.54    196.961     4.5258 1.3490e+01          1         21 0.0000e+00
   38.96818  -68.99758    11.3955   3.879543    34.3605     44.668     45.014    11.3962   3.878244    34.3469     0.7746 1.0000e-12     0.1048    97.4137      98.54    195.994     4.5036 1.3496e+01          1         20 0.0000e+00
   38.96818  -68.99758    11.4425   3.882246    34.3422     45.681     46.035    11.4546   3.880889    34.3171     0.6950 1.0000e-12     0.0913    97.7438      98.54    197.458     4.5371 1.3675e+01          1         23 0.0000e+00
   38.96818  -68.99758    11.4928   3.884272    34.3143     46.743     47.105    11.5054   3.883283    34.2926     0.5915 1.0000e-12     0.0820    97.9693      98.55    203.029     4.6650 1.3747e+01          1         43 0.0000e+00
   38.96816  -68.99756    11.5022   3.887277    34.3365     47.406     47.773    11.5033   3.885822    34.3212     0.6844 1.0000e-12     0.0866    97.8570      98.54    206.510     4.7450 1.3635e+01          1        142 0.0000e+00
   38.96816  -68.99758    11.5942   3.895906    34.3343     48.605     48.982    11.5983   3.902149    34.3917     0.6057 1.0000e-12     0.1028    97.4638      98.54    193.816     4.4533 1.3384e+01          1         16 0.0000e+00
   38.96816  -68.99758    11.6532   3.911881    34.4347     49.631     50.015    11.6560   3.918076    34.4930     0.5017 1.0000e-12     0.0761    98.1153      98.55    192.756     4.4292 1.3384e+01          1         13 0.0000e+00
   38.96816  -68.99758    11.6966   3.921541    34.4881     50.599     50.992    11.7034   3.927856    34.5436     0.4886 1.0000e-12     0.0656    98.3727      98.54    194.054     4.4592 1.3384e+01          1         14 0.0000e+00
   38.96816  -68.99758    11.7444   3.926408    34.4903     51.633     52.034    11.7577   3.935145    34.5633     0.4717 1.0000e-12     0.0619    98.4638      98.54    199.954     4.5947 1.3719e+01          1         20 0.0000e+00
   38.96815  -68.99756    11.7957   3.933659    34.5141     52.433     52.840    11.7818   3.943343    34.6223     0.5449 1.0000e-12     0.0646    98.3980      98.54    231.080     5.3100 1.3589e+01          1         76 0.0000e+00
   38.96814  -68.99756    12.0041   3.963097    34.6042     53.506     53.921    11.9988   3.972386    34.6997     0.5133 1.0000e-12     0.0653    98.3813      98.54    239.804     5.5107 1.3556e+01          1         26 0.0000e+00
   38.96814  -68.99758    12.1509   3.978754    34.6173     54.550     54.973    12.1405   3.988541    34.7222     0.4808 1.0000e-12     0.0579    98.5627      98.54    239.554     5.5048 1.3830e+01          1         20 0.0000e+00
   38.96814  -68.99758    12.2632   3.999519    34.7127     55.570     56.002    12.2640   4.007973    34.7937     0.4739 1.0000e-12     0.0540    98.6605      98.54    238.805     5.4879 1.3619e+01          1         19 0.0000e+00
   38.96814  -68.99758    12.3500   4.013241    34.7640     56.584     57.024    12.3504   4.018976    34.8190     0.4732 1.0000e-12     0.0524    98.6987      98.54    240.926     5.5368 1.3813e+01          1         26 0.0000e+00
   38.96812  -68.99755    12.3648   4.021848    34.8388     57.641     58.089    12.3690   4.023426    34.8501     0.4900 1.0000e-12     0.0507    98.7393      98.54    241.294     5.5455 1.3596e+01          1        179 0.0000e+00
   38.96810  -68.99758    12.5602   4.047772    34.9062     58.517     58.972    12.5600   4.048678    34.9151     0.4024 1.0000e-12     0.0553    98.6270      98.54    241.923     5.5601 1.3719e+01          1         20 0.0000e+00
   38.96810  -68.99758    12.5572   4.048053    34.9123     59.541     60.003    12.5571   4.048714    34.9187     0.3621 1.0000e-12     0.0436    98.9162      98.55    241.525     5.5509 1.3880e+01          1         18 0.0000e+00
   38.96810  -68.99758    12.5565   4.048023    34.9131     60.531     61.002    12.5560   4.048670    34.9197     0.3468 1.0000e-12     0.0375    99.0670      98.54    240.616     5.5301 1.3533e+01          1         15 0.0000e+00
   38.96810  -68.99758    12.5084   4.044180    34.9222     61.531     62.010    12.5094   4.044774    34.9270     0.3401 1.0000e-12     0.0365    99.0919      98.53    239.840     5.5123 1.3880e+01          1         18 0.0000e+00
   38.96810  -68.99758    12.4838   4.041026    34.9154     62.553     63.040    12.4850   4.041613    34.9198     0.2892 1.0000e-12     0.0357    99.1133      82.77    238.783     5.4880 1.3632e+01          1         18 0.0000e+00
   38.96810  -68.99757    12.5460   4.047701    34.9204     63.497     63.991    12.5510   4.049190    34.9299     0.2491 1.0000e-12     0.0303    99.2467      56.17    237.189     5.4513 1.3703e+01          1         21 0.0000e+00
   38.96810  -68.99756    12.5665   4.052839    34.9516     64.379     64.880    12.5649   4.053028    34.9549     0.2239 1.0000e-12     0.0308    99.2328      67.29    235.296     5.4079 1.3766e+01          1         76 0.0000e+00
   38.96808  -68.99756    12.6081   4.057957    34.9626     65.470     65.980    12.5950   4.053946    34.9362     0.2168 1.0000e-12     0.0303    99.2459      70.85    235.911     5.4221 1.3909e+01          1         17 0.0000e+00
   38.96808  -68.99756    12.6345   4.061649    34.9728     66.508     67.026    12.6272   4.060026    34.9640     0.1694 1.0000e-12     0.0241    99.4007      98.54    236.223     5.4293 1.3830e+01          1         20 0.0000e+00
   38.96808  -68.99756    12.7290   4.073956    35.0008     67.498     68.024    12.7222   4.068516    34.9549     0.1679 1.0000e-12     0.0175    99.5640      98.54    234.977     5.4006 1.3473e+01          1         25 0.0000e+00
   38.96808  -68.99756    12.8952   4.096342    35.0574     68.459     68.993    12.8870   4.092100    35.0243     0.1604 1.0000e-12     0.0133    99.6674      98.55    233.339     5.3630 1.3797e+01          1         27 0.0000e+00
   38.96807  -68.99756    12.8942   4.096701    35.0642     69.334     69.874    12.8975   4.096186    35.0562     0.1514 1.0000e-12     0.0137    99.6589      98.54    231.618     5.3235 1.3778e+01          1        102 0.0000e+00
   38.96806  -68.99756    13.0094   4.111518    35.0978     70.501     71.051    13.0103   4.110844    35.0906     0.1285 1.0000e-12     0.0205    99.4890      98.54    232.759     5.3497 1.3724e+01          1         46 0.0000e+00
