Data/ruptures/KN207-01/QL-1/20701013.cnv
* Sea-Bird SBE 9 Data File:
* FileName = C:\Data\ctd\20701013.hex
* Software Version Seasave V 7.21e
* Temperature SN = 4406
* Conductivity SN = 1474
* Number of Bytes Per Scan = 40
* Number of Voltage Words = 5
* Number of Scans Averaged by the Deck Unit = 1
* NMEA Latitude = 38 59.81 N
* NMEA Longitude = 068 59.59 W
* NMEA UTC (Time) = Apr 23 2012 14:10:44
** R/V Knorr Cruise # KN207-01 QL1
** Chief Scientist: Ben Van Mooy
# nquan = 21
# nvalues = 403                         
# units = specified
# name 0 = latitude: Latitude [deg]
# name 1 = longitude: Longitude [deg]
# name 2 = t090C: Temperature [ITS-90, deg C]
# name 3 = c0S/m: Conductivity [S/m]
# name 4 = sal00: Salinity, Practical [PSU]
# name 5 = depSM: Depth [salt water, m]
# name 6 = prDM: Pressure, Digiquartz [db]
# name 7 = t190C: Temperature, 2 [ITS-90, deg C]
# name 8 = c1S/m: Conductivity, 2 [S/m]
# name 9 = sal11: Salinity, Practical, 2 [PSU]
# name 10 = flECO-AFL: Fluorescence, WET Labs ECO-AFL/FL [mg/m^3]
# name 11 = par: PAR/Irradiance, Biospherical/Licor
# name 12 = bat: Beam Attenuation, Chelsea/Seatech [1/m]
# name 13 = xmiss: Beam Transmission, Chelsea/Seatech [%]
# name 14 = altM: Altimeter [m]
# name 15 = sbeox0Mm/Kg: Oxygen, SBE 43 [umol/kg]
# name 16 = sbeox0ML/L: Oxygen, SBE 43 [ml/l]
# name 17 = spar: SPAR/Surface Irradiance
# name 18 = pumps: Pump Status
# name 19 = nbin: number of scans per bin
# name 20 = flag: flag
# span 0 =   38.99516,   38.99728       
# span 1 =  -68.99323,  -68.98920       
# span 2 =    11.2253,    14.6998       
# span 3 =   3.873063,   4.357214       
# span 4 =    33.7901,    35.8153       
# span 5 =      2.187,    201.972       
# span 6 =      2.203,    203.614       
# span 7 =    11.2205,    14.6997       
# span 8 =   3.873501,   4.357162       
# span 9 =    33.8050,    35.8168       
# span 10 =     0.0029,     2.7774      
# span 11 = 1.0000e-12, 9.5380e+00      
# span 12 =    -0.0140,     0.2941      
# span 13 =    92.9109,   100.3514      
# span 14 =       1.41,      98.68      
# span 15 =    138.973,    424.384      
# span 16 =     3.1955,     9.7465      
# span 17 = 1.2129e+02, 4.8182e+02      
# span 18 =          1,          1      
# span 19 =          9,        520      
# span 20 = 0.0000e+00, 0.0000e+00      
# interval = decibars: 1                
# start_time = Apr 23 2012 14:10:44 [NMEA time, header]
# bad_flag = -9.990e-29
*END*
[from data line 138]
   38.99728  -68.99214    14.6304   4.339515    35.7142    140.884    142.007    14.6305   4.339479    35.7138     0.0449 1.3111e-04    -0.0111   100.2786      98.60    212.081     4.8751 1.8977e+02          1         14 0.0000e+00
   38.99728  -68.99214    14.6342   4.340343    35.7178    141.963    143.096    14.6341   4.340373    35.7183     0.0301 1.1568e-04    -0.0101   100.2529      98.60    210.738     4.8443 1.8970e+02          1         24 0.0000e+00
   38.99727  -68.99212    14.6314   4.340040    35.7179    142.628    143.766    14.6325   4.340374    35.7200     0.0197 8.5595e-05    -0.0110   100.2748      98.59    210.150     4.8308 1.9466e+02          1         34 0.0000e+00
   38.99726  -68.99210    14.6281   4.340154    35.7219    143.866    145.015    14.6275   4.340271    35.7235     0.0147 6.1844e-05    -0.0114   100.2862      98.60    209.232     4.8097 1.9879e+02          1         17 0.0000e+00
   38.99726  -68.99210    14.6124   4.338772    35.7236    144.856    146.012    14.6130   4.338995    35.7251     0.0281 6.1844e-05    -0.0112   100.2816      98.59    207.931     4.7798 1.9905e+02          1         17 0.0000e+00
   38.99726  -68.99210    14.6198   4.341099    35.7376    145.894    147.059    14.6196   4.340863    35.7357     0.0430 6.1844e-05    -0.0117   100.2934      98.59    205.523     4.7245 1.9879e+02          1         26 0.0000e+00
   38.99726  -68.99209    14.6319   4.342907    35.7425    146.790    147.963    14.6319   4.342998    35.7434     0.0296 6.0217e-05    -0.0117   100.2918      98.60    197.175     4.5326 2.0215e+02          1         66 0.0000e+00
   38.99727  -68.99208    14.6432   4.344966    35.7507    147.810    148.992    14.6468   4.345596    35.7531     0.0283 3.3531e-05    -0.0125   100.3131      98.60    193.019     4.4371 2.0716e+02          1        146 0.0000e+00
   38.99728  -68.99208    14.6517   4.346539    35.7569    148.767    149.956    14.6514   4.346548    35.7574     0.0259 2.0941e-05    -0.0124   100.3092      98.60    193.947     4.4584 2.0979e+02          1         21 0.0000e+00
   38.99728  -68.99208    14.6521   4.347157    35.7618    149.774    150.972    14.6519   4.347143    35.7619     0.0452 5.3367e-05    -0.0123   100.3057      98.59    192.927     4.4350 2.1214e+02          1         19 0.0000e+00
   38.99728  -68.99208    14.6506   4.347535    35.7663    150.790    151.997    14.6504   4.347519    35.7664     0.0237 3.7686e-05    -0.0124   100.3094      98.60    191.828     4.4098 2.1392e+02          1         20 0.0000e+00
   38.99728  -68.99205    14.6535   4.348595    35.7730    151.807    153.022    14.6532   4.348538    35.7728     0.0273 1.4601e-05    -0.0122   100.3033      98.60    191.215     4.3957 2.1548e+02          1         25 0.0000e+00
   38.99728  -68.99204    14.6568   4.349337    35.7764    152.859    154.083    14.6565   4.349365    35.7769     0.0267 1.3040e-05    -0.0111   100.2786      98.60    187.217     4.3038 2.1738e+02          1         55 0.0000e+00
   38.99728  -68.99204    14.6635   4.350533    35.7808    153.768    155.000    14.6620   4.350323    35.7803     0.0211 9.0250e-06    -0.0128   100.3209      98.60    184.046     4.2309 2.1928e+02          1         62 0.0000e+00
   38.99726  -68.99202    14.6779   4.353056    35.7901    154.681    155.920    14.6773   4.352821    35.7885     0.0255 6.7401e-06    -0.0122   100.3060      98.60    183.461     4.2175 2.2093e+02          1         46 0.0000e+00
   38.99726  -68.99202    14.6998   4.357214    35.8074    155.753    157.001    14.6997   4.357162    35.8070     0.0201 6.0535e-06    -0.0120   100.3002      98.60    182.334     4.1916 2.2105e+02          1         31 0.0000e+00
   38.99726  -68.99202    14.6820   4.356014    35.8130    156.980    158.238    14.6863   4.356552    35.8139     0.0170 3.3920e-06    -0.0124   100.3098      98.60    177.449     4.0793 2.2176e+02          1         89 0.0000e+00
   38.99726  -68.99202    14.6541   4.352946    35.8109    157.668    158.932    14.6447   4.352622    35.8168     0.0237 1.4570e-06     0.0166    99.5873      98.60    173.041     3.9780 2.2362e+02          1         28 0.0000e+00
   38.99726  -68.99202    14.5873   4.345591    35.8059    158.716    159.989    14.5872   4.346104    35.8107     0.0295 1.1126e-06    -0.0131   100.3265      98.61    174.236     4.0055 2.2510e+02          1         22 0.0000e+00
   38.99726  -68.99199    14.5680   4.343781    35.8067    159.766    161.047    14.5679   4.343849    35.8075     0.0249 1.0000e-12    -0.0129   100.3236      98.60    173.993     4.0000 2.2576e+02          1         24 0.0000e+00
   38.99726  -68.99198    14.5640   4.343717    35.8088    160.864    162.155    14.5664   4.343986    35.8090     0.0316 1.0000e-12    -0.0129   100.3221      98.60    169.025     3.8858 2.2680e+02          1         88 0.0000e+00
   38.99725  -68.99198    14.5482   4.342270    35.8095    161.639    162.936    14.5439   4.342101    35.8121     0.0309 1.0000e-12    -0.0098   100.2448      98.60    166.732     3.8330 2.2453e+02          1         38 0.0000e+00
   38.99724  -68.99198    14.5288   4.340734    35.8130    162.711    164.018    14.5286   4.340868    35.8145     0.0451 1.0000e-12    -0.0132   100.3290      98.60    167.268     3.8454 2.2422e+02          1         25 0.0000e+00
   38.99724  -68.99198    14.5215   4.340136    35.8138    163.693    165.008    14.5213   4.340227    35.8148     0.0375 1.0000e-12    -0.0129   100.3227      98.60    166.163     3.8200 2.2530e+02          1         28 0.0000e+00
   38.99724  -68.99198    14.5116   4.339327    35.8150    164.714    166.037    14.5113   4.339465    35.8165     0.0304 1.0000e-12    -0.0124   100.3105      98.60    163.674     3.7628 2.2544e+02          1         33 0.0000e+00
   38.99724  -68.99194    14.5023   4.338519    35.8153    165.635    166.967    14.5028   4.338663    35.8162     0.0355 1.0000e-12    -0.0132   100.3312      98.60    161.179     3.7055 2.2635e+02          1        132 0.0000e+00
   38.99722  -68.99194    14.4797   4.336150    35.8139    166.623    167.962    14.4789   4.336381    35.8168     0.0556 1.0000e-12    -0.0140   100.3502      98.60    160.846     3.6978 2.2378e+02          1         28 0.0000e+00
   38.99722  -68.99194    14.4484   4.332750    35.8115    167.655    169.003    14.4473   4.333184    35.8166     0.0366 1.0000e-12    -0.0132   100.3312      98.60    160.760     3.6958 2.2264e+02          1         21 0.0000e+00
   38.99722  -68.99194    14.3977   4.327012    35.8060    168.632    169.988    14.3963   4.327544    35.8123     0.0308 1.0000e-12    -0.0121   100.3029      98.60    160.697     3.6944 2.2219e+02          1         18 0.0000e+00
   38.99722  -68.99194    14.3672   4.323871    35.8050    169.679    171.045    14.3645   4.323877    35.8077     0.0305 1.0000e-12    -0.0129   100.3228      98.61    160.218     3.6834 2.2279e+02          1         25 0.0000e+00
   38.99722  -68.99194    14.3464   4.321773    35.8045    170.637    172.010    14.3454   4.321869    35.8064     0.0184 1.0000e-12    -0.0125   100.3129      98.60    159.380     3.6642 2.2298e+02          1         27 0.0000e+00
   38.99722  -68.99192    14.3262   4.319681    35.8034    171.610    172.992    14.3284   4.320260    35.8067     0.0465 1.0000e-12    -0.0118   100.2942      98.60    158.827     3.6515 2.2316e+02          1         23 0.0000e+00
   38.99721  -68.99191    14.3187   4.318823    35.8012    172.629    174.019    14.3092   4.317993    35.8025     0.0378 1.0000e-12    -0.0128   100.3193      98.60    157.561     3.6224 2.2038e+02          1         79 0.0000e+00
   38.99718  -68.99188    14.2663   4.312892    35.7948    173.588    174.987    14.2652   4.313626    35.8025     0.0311 1.0000e-12    -0.0126   100.3142      98.61    159.311     3.6626 2.1671e+02          1         13 0.0000e+00
   38.99718  -68.99188    14.2222   4.308095    35.7915    174.628    176.036    14.2214   4.308652    35.7973     0.0294 1.0000e-12    -0.0125   100.3122      98.60    159.277     3.6619 2.1637e+02          1         13 0.0000e+00
   38.99718  -68.99188    14.1875   4.304135    35.7871    175.587    177.002    14.1872   4.305106    35.7961     0.0289 1.0000e-12    -0.0123   100.3060      98.59    158.375     3.6411 2.1578e+02          1         15 0.0000e+00
   38.99718  -68.99190    14.1091   4.295847    35.7836    176.618    178.042    14.1091   4.296515    35.7896     0.0246 1.0000e-12    -0.0122   100.3053      98.61    156.932     3.6080 2.1468e+02          1         25 0.0000e+00
   38.99718  -68.99190    14.0746   4.292815    35.7867    177.543    178.975    14.0738   4.293006    35.7892     0.0184 1.0000e-12    -0.0126   100.3138      98.60    154.852     3.5602 2.1385e+02          1         38 0.0000e+00
   38.99718  -68.99190    14.0100   4.286052    35.7836    178.593    180.034    14.0096   4.286442    35.7875     0.0258 1.0000e-12    -0.0125   100.3127      98.60    151.795     3.4900 2.1286e+02          1         40 0.0000e+00
   38.99716  -68.99189    13.9903   4.284374    35.7845    179.269    180.716    13.9908   4.284481    35.7849     0.0298 1.0000e-12    -0.0124   100.3107      98.61    151.376     3.4804 2.0989e+02          1         32 0.0000e+00
   38.99714  -68.99188    13.9625   4.281283    35.7803    180.536    181.993    13.9620   4.281979    35.7871     0.0328 1.0000e-12    -0.0125   100.3113      98.60    152.423     3.5045 2.0704e+02          1         11 0.0000e+00
   38.99714  -68.99188    13.9146   4.275658    35.7728    181.484    182.949    13.9132   4.276767    35.7844     0.0299 1.0000e-12    -0.0132   100.3300      98.61    151.798     3.4901 2.0611e+02          1         10 0.0000e+00
   38.99714  -68.99188    13.8690   4.270752    35.7698    182.504    183.978    13.8686   4.271531    35.7773     0.0316 1.0000e-12    -0.0129   100.3214      98.60    151.110     3.4743 2.0633e+02          1         12 0.0000e+00
   38.99714  -68.99188    13.8363   4.266954    35.7646    183.571    185.054    13.8357   4.267855    35.7734     0.0358 1.0000e-12    -0.0129   100.3236      98.60    150.351     3.4569 2.0596e+02          1         12 0.0000e+00
   38.99714  -68.99188    13.7760   4.260192    35.7580    184.550    186.042    13.7758   4.261007    35.7657     0.0279 1.0000e-12    -0.0130   100.3249      98.60    149.690     3.4417 2.0596e+02          1         15 0.0000e+00
   38.99715  -68.99184    13.8227   4.265737    35.7631    185.419    186.918    13.7906   4.261822    35.7569     0.0287 1.0000e-12    -0.0117   100.2918      98.60    148.653     3.4178 2.0328e+02          1         70 0.0000e+00
   38.99714  -68.99182    13.7548   4.258018    35.7531    186.489    187.997    13.7503   4.257846    35.7552     0.0316 1.0000e-12    -0.0133   100.3321      98.61    149.202     3.4305 2.0020e+02          1         12 0.0000e+00
   38.99714  -68.99182    13.7450   4.257102    35.7532    187.498    189.015    13.7446   4.257302    35.7549     0.0390 1.0000e-12    -0.0124   100.3083      98.60    149.032     3.4266 2.0025e+02          1         13 0.0000e+00
   38.99714  -68.99182    13.7281   4.254987    35.7488    188.471    189.996    13.7272   4.255731    35.7561     0.0443 1.0000e-12    -0.0118   100.2951      98.61    148.784     3.4209 1.9949e+02          1         14 0.0000e+00
   38.99714  -68.99182    13.6859   4.250348    35.7447    189.492    191.026    13.6859   4.250832    35.7488     0.0373 1.0000e-12    -0.0116   100.2896      98.60    148.374     3.4115 1.9874e+02          1         21 0.0000e+00
   38.99712  -68.99179    13.6760   4.249308    35.7428    190.270    191.811    13.6651   4.248148    35.7420     0.0448 1.0000e-12    -0.0123   100.3071      98.61    147.314     3.3871 1.9606e+02          1         64 0.0000e+00
   38.99710  -68.99176    13.6117   4.242079    35.7342    191.438    192.989    13.6112   4.242578    35.7393     0.0288 1.0000e-12    -0.0131   100.3277      98.60    147.841     3.3992 1.9083e+02          1         11 0.0000e+00
   38.99710  -68.99176    13.5983   4.240791    35.7343    192.457    194.016    13.5980   4.240953    35.7359     0.0167 1.0000e-12    -0.0132   100.3300      98.61    147.679     3.3955 1.9006e+02          1         10 0.0000e+00
   38.99710  -68.99176    13.5948   4.240390    35.7332    193.438    195.006    13.5944   4.240718    35.7365     0.0195 1.0000e-12    -0.0127   100.3183      98.61    147.520     3.3918 1.8961e+02          1         11 0.0000e+00
   38.99710  -68.99176    13.5666   4.237394    35.7303    194.515    196.092    13.5610   4.236877    35.7307     0.0287 1.0000e-12    -0.0126   100.3145      98.60    145.820     3.3528 1.8514e+02          1         81 0.0000e+00
   38.99712  -68.99174    13.5013   4.230187    35.7224    195.351    196.935    13.4959   4.229841    35.7242     0.0239 1.0000e-12    -0.0127   100.3182      98.61    143.588     3.3015 1.7567e+02          1         94 0.0000e+00
   38.99708  -68.99176    13.3356   4.211360    35.7022    196.397    197.990    13.3357   4.213150    35.7190     0.0339 1.0000e-12    -0.0129   100.3223      98.61    143.611     3.3021 1.7098e+02          1         20 0.0000e+00
   38.99708  -68.99176    13.2467   4.201710    35.6949    197.516    199.119    13.2476   4.202220    35.6988     0.0296 1.0000e-12    -0.0127   100.3171      98.61    143.059     3.2894 1.6939e+02          1         32 0.0000e+00
   38.99709  -68.99175    13.2287   4.199780    35.6908    198.239    199.848    13.2292   4.200037    35.6929     0.0212 1.0000e-12    -0.0129   100.3214      98.61    142.388     3.2740 1.6256e+02          1         24 0.0000e+00
   38.99710  -68.99173    13.1612   4.191722    35.6776    199.401    201.020    13.1611   4.193507    35.6948     0.0213 1.0000e-12    -0.0129   100.3227      98.61    142.103     3.2675 1.5870e+02          1         14 0.0000e+00
   38.99710  -68.99172    13.0485   4.179188    35.6660    200.394    202.022    13.0497   4.180672    35.6791     0.0369 1.0000e-12    -0.0131   100.3271      98.61    141.878     3.2623 1.5813e+02          1         18 0.0000e+00
   38.99709  -68.99172    12.9977   4.173862    35.6612    201.308    202.944    12.9936   4.173546    35.6622     0.0261 1.0000e-12    -0.0123   100.3084      98.61    140.536     3.2315 1.5177e+02          1         75 0.0000e+00
   38.99708  -68.99172    12.9271   4.166382    35.6548    201.972    203.614    12.9284   4.165857    35.6486     0.0328 1.0000e-12    -0.0123   100.3084      98.60    140.006     3.2193 1.4338e+02          1         25 0.0000e+00
   38.99708  -68.99172    13.0411   4.179067    35.6652    201.459    203.096    13.0520   4.178592    35.6502     0.0271 1.0000e-12    -0.0127   100.3183      98.61    139.066     3.1977 1.4154e+02          1         22 0.0000e+00
   38.99708  -68.99172    13.1592   4.192114    35.6759    200.362    201.989    13.1727   4.193420    35.6752     0.0145 1.0000e-12    -0.0121   100.3025      98.61    138.973     3.1955 1.4037e+02          1         14 0.0000e+00
   38.99708  -68.99172    13.1615   4.192392    35.6768    199.346    200.965    13.1719   4.193644    35.6788     0.0361 1.0000e-12    -0.0124   100.3090      98.61    139.279     3.2025 1.3911e+02          1         11 0.0000e+00
   38.99708  -68.99172    13.1746   4.193979    35.6798    198.370    199.981    13.1807   4.194348    35.6775     0.0356 1.0000e-12    -0.0124   100.3102      98.61    139.627     3.2105 1.3916e+02          1         13 0.0000e+00
   38.99708  -68.99172    13.1880   4.195319    35.6801    197.362    198.963    13.1925   4.195844    35.6808     0.0440 1.0000e-12    -0.0121   100.3009      98.62    139.928     3.2174 1.3919e+02          1         15 0.0000e+00
