Data/ruptures/KN207-01/QL-1/20701041.cnv
* Sea-Bird SBE 9 Data File:
* FileName = C:\Data\ctd\20701041.hex
* Software Version Seasave V 7.21e
* Temperature SN = 4406
* Conductivity SN = 1474
* Number of Bytes Per Scan = 40
* Number of Voltage Words = 5
* Number of Scans Averaged by the Deck Unit = 1
* NMEA Latitude = 38 47.72 N
* NMEA Longitude = 069 09.38 W
* NMEA UTC (Time) = Apr 26 2012 20:02:11
** R/V Knorr Cruise # KN207-01 QL1
** Chief Scientist: Ben Van Mooy
# nquan = 21
# nvalues = 398                         
# units = specified
# name 0 = latitude: Latitude [deg]
# name 1 = longitude: Longitude [deg]
# name 2 = t090C: Temperature [ITS-90, deg C]
# name 3 = c0S/m: Conductivity [S/m]
# name 4 = sal00: Salinity, Practical [PSU]
# name 5 = depSM: Depth [salt water, m]
# name 6 = prDM: Pressure, Digiquartz [db]
# name 7 = t190C: Temperature, 2 [ITS-90, deg C]
# name 8 = c1S/m: Conductivity, 2 [S/m]
# name 9 = sal11: Salinity, Practical, 2 [PSU]
# name 10 = flECO-AFL: Fluorescence, WET Labs ECO-AFL/FL [mg/m^3]
# name 11 = par: PAR/Irradiance, Biospherical/Licor
# name 12 = bat: Beam Attenuation, Chelsea/Seatech [1/m]
# name 13 = xmiss: Beam Transmission, Chelsea/Seatech [%]
# name 14 = altM: Altimeter [m]
# name 15 = sbeox0Mm/Kg: Oxygen, SBE 43 [umol/kg]
# name 16 = sbeox0ML/L: Oxygen, SBE 43 [ml/l]
# name 17 = spar: SPAR/Surface Irradiance
# name 18 = pumps: Pump Status
# name 19 = nbin: number of scans per bin
# name 20 = flag: flag
# span 0 =   38.79538,   38.79576       
# span 1 =  -69.15770,  -69.15650       
# span 2 =    11.2643,    14.6714       
# span 3 =   3.743382,   4.352156       
# span 4 =    32.0037,    35.8238       
# span 5 =      2.260,    199.130       
# span 6 =      2.277,    200.743       
# span 7 =    11.2449,    14.6711       
# span 8 =   3.832108,   4.352309       
# span 9 =    32.9468,    35.8281       
# span 10 =     0.0059,     3.3016      
# span 11 = 1.0000e-12, 9.1789e+00      
# span 12 =    -0.0135,     0.3649      
# span 13 =    91.2822,   100.3367      
# span 14 =      33.40,      98.78      
# span 15 =    145.278,    417.033      
# span 16 =     3.3402,     9.5754      
# span 17 = 2.5189e+02, 2.9229e+02      
# span 18 =          1,          1      
# span 19 =         16,        509      
# span 20 = 0.0000e+00, 0.0000e+00      
# interval = decibars: 1                
# start_time = Apr 26 2012 20:02:11 [NMEA time, header]
# bad_flag = -9.990e-29
*END*
[from data line 138]
   38.79548  -69.15696    14.6023   4.334644    35.6955    139.833    140.946    14.6022   4.334658    35.6957     0.0365 1.0000e-12    -0.0101   100.2540      98.55    212.853     4.8929 2.5652e+02          1         24 0.0000e+00
   38.79548  -69.15696    14.6125   4.336254    35.7004    140.840    141.961    14.6120   4.336172    35.7001     0.0448 1.0000e-12    -0.0109   100.2745      98.55    212.656     4.8884 2.5652e+02          1         19 0.0000e+00
   38.79548  -69.15696    14.6183   4.337169    35.7031    141.886    143.015    14.6180   4.337159    35.7033     0.0375 1.0000e-12    -0.0103   100.2574      98.55    212.352     4.8813 2.5652e+02          1         17 0.0000e+00
   38.79548  -69.15696    14.6277   4.338742    35.7084    142.924    144.062    14.6274   4.338550    35.7070     0.0360 1.0000e-12    -0.0106   100.2658      98.55    211.834     4.8695 2.5666e+02          1         16 0.0000e+00
   38.79548  -69.15696    14.6426   4.341100    35.7158    143.906    145.052    14.6422   4.340994    35.7152     0.0343 1.0000e-12    -0.0105   100.2632      98.55    211.406     4.8596 2.5663e+02          1         20 0.0000e+00
   38.79549  -69.15696    14.6512   4.342499    35.7205    144.876    146.030    14.6510   4.342506    35.7208     0.0345 1.0000e-12    -0.0107   100.2678      98.54    210.452     4.8377 2.5647e+02          1         43 0.0000e+00
   38.79550  -69.15696    14.6582   4.343774    35.7256    145.787    146.949    14.6578   4.343748    35.7257     0.0366 1.0000e-12    -0.0101   100.2536      98.55    209.189     4.8087 2.5639e+02          1         35 0.0000e+00
   38.79550  -69.15696    14.6560   4.343612    35.7260    146.811    147.982    14.6536   4.343639    35.7285     0.0274 1.0000e-12    -0.0108   100.2705      98.55    208.243     4.7870 2.5640e+02          1         19 0.0000e+00
   38.79550  -69.15696    14.6261   4.339940    35.7201    147.822    149.001    14.6250   4.340281    35.7243     0.0080 1.0000e-12    -0.0114   100.2857      98.55    207.745     4.7755 2.5664e+02          1         18 0.0000e+00
   38.79550  -69.15696    14.6202   4.339757    35.7236    148.822    150.009    14.6202   4.339707    35.7232     0.0122 1.0000e-12    -0.0114   100.2866      98.55    207.574     4.7716 2.5652e+02          1         16 0.0000e+00
   38.79550  -69.15697    14.6289   4.341274    35.7290    149.836    151.032    14.6288   4.341283    35.7292     0.0237 1.0000e-12    -0.0118   100.2945      98.55    207.109     4.7609 2.5748e+02          1         21 0.0000e+00
   38.79550  -69.15698    14.6364   4.342546    35.7333    150.830    152.034    14.6361   4.342553    35.7336     0.0407 1.0000e-12    -0.0117   100.2929      98.56    206.458     4.7460 2.5760e+02          1         27 0.0000e+00
   38.79550  -69.15698    14.6404   4.343282    35.7359    151.771    152.983    14.6400   4.343313    35.7366     0.0309 1.0000e-12    -0.0108   100.2710      98.55    205.269     4.7186 2.5677e+02          1         27 0.0000e+00
   38.79550  -69.15698    14.6427   4.343726    35.7376    152.740    153.959    14.6425   4.343781    35.7382     0.0096 1.0000e-12    -0.0098   100.2451      98.55    203.908     4.6873 2.5662e+02          1         23 0.0000e+00
   38.79550  -69.15698    14.6479   4.344789    35.7420    153.786    155.015    14.6478   4.344697    35.7413     0.0085 1.0000e-12    -0.0111   100.2786      98.55    203.252     4.6723 2.5662e+02          1         22 0.0000e+00
   38.79550  -69.15698    14.6614   4.347058    35.7498    154.778    156.015    14.6608   4.346876    35.7487     0.0233 1.0000e-12    -0.0111   100.2797      98.55    203.137     4.6696 2.5642e+02          1         23 0.0000e+00
   38.79550  -69.15698    14.6714   4.349073    35.7587    155.757    157.002    14.6711   4.349189    35.7600     0.0220 1.0000e-12    -0.0116   100.2910      98.55    202.873     4.6636 2.5702e+02          1         27 0.0000e+00
   38.79550  -69.15698    14.6623   4.348167    35.7587    156.721    157.974    14.6614   4.348247    35.7603     0.0286 1.0000e-12    -0.0114   100.2859      98.55    201.700     4.6366 2.5772e+02          1         28 0.0000e+00
   38.79550  -69.15698    14.6471   4.346240    35.7550    157.728    158.989    14.6441   4.346272    35.7580     0.0543 1.0000e-12    -0.0112   100.2814      98.55    197.375     4.5372 2.5828e+02          1         28 0.0000e+00
   38.79550  -69.15698    14.6237   4.343430    35.7508    158.721    159.991    14.6249   4.343818    35.7532     0.0318 1.0000e-12    -0.0119   100.2982      98.55    193.419     4.4463 2.5876e+02          1         21 0.0000e+00
   38.79550  -69.15700    14.6248   4.343852    35.7532    159.680    160.959    14.6251   4.343926    35.7536     0.0359 1.0000e-12    -0.0113   100.2827      98.56    192.405     4.4230 2.5864e+02          1         19 0.0000e+00
   38.79550  -69.15700    14.6204   4.343441    35.7530    160.710    161.997    14.6205   4.343620    35.7546     0.0301 1.0000e-12    -0.0107   100.2678      98.56    191.891     4.4112 2.5829e+02          1         19 0.0000e+00
   38.79550  -69.15700    14.6336   4.345891    35.7627    161.720    163.015    14.6334   4.345524    35.7595     0.0243 1.0000e-12    -0.0109   100.2743      98.55    190.937     4.3893 2.5739e+02          1         18 0.0000e+00
   38.79550  -69.15700    14.6619   4.350463    35.7776    162.718    164.021    14.6619   4.350154    35.7748     0.0510 1.0000e-12    -0.0107   100.2674      98.55    190.134     4.3708 2.5720e+02          1         23 0.0000e+00
   38.79550  -69.15700    14.6548   4.350126    35.7809    163.737    165.049    14.6557   4.350599    35.7845     0.0286 1.0000e-12    -0.0102   100.2560      98.55    188.512     4.3336 2.5764e+02          1         42 0.0000e+00
   38.79550  -69.15700    14.6375   4.348766    35.7844    164.646    165.966    14.6374   4.348740    35.7843     0.0317 1.0000e-12    -0.0102   100.2544      98.55    185.695     4.2688 2.5856e+02          1         34 0.0000e+00
   38.79550  -69.15700    14.6487   4.351211    35.7959    165.652    166.980    14.6485   4.351155    35.7956     0.0458 1.0000e-12    -0.0107   100.2680      98.55    183.849     4.2264 2.5876e+02          1         17 0.0000e+00
   38.79550  -69.15700    14.6452   4.351149    35.7983    166.619    167.955    14.6447   4.351278    35.7999     0.0195 1.0000e-12    -0.0108   100.2706      98.55    183.563     4.2198 2.5918e+02          1         16 0.0000e+00
   38.79550  -69.15700    14.6483   4.352156    35.8042    167.621    168.966    14.6491   4.352309    35.8049     0.0218 1.0000e-12    -0.0112   100.2818      98.56    183.939     4.2285 2.5890e+02          1         16 0.0000e+00
   38.79550  -69.15700    14.6346   4.350945    35.8056    168.651    170.005    14.6345   4.351068    35.8068     0.0350 1.0000e-12    -0.0111   100.2786      98.56    183.710     4.2233 2.5921e+02          1         20 0.0000e+00
   38.79550  -69.15701    14.6261   4.350845    35.8123    169.678    171.040    14.6259   4.350816    35.8122     0.0260 1.0000e-12    -0.0105   100.2621      98.55    182.216     4.1890 2.5916e+02          1         28 0.0000e+00
   38.79550  -69.15702    14.6161   4.349834    35.8119    170.637    172.008    14.6126   4.349738    35.8144     0.0142 1.0000e-12    -0.0108   100.2713      98.55    180.237     4.1435 2.5876e+02          1         35 0.0000e+00
   38.79550  -69.15702    14.5837   4.346070    35.8075    171.595    172.973    14.5848   4.346587    35.8111     0.0292 1.0000e-12    -0.0108   100.2697      98.56    178.178     4.0961 2.5876e+02          1         26 0.0000e+00
   38.79550  -69.15702    14.5645   4.343895    35.8050    172.604    173.991    14.5632   4.343971    35.8069     0.0391 1.0000e-12    -0.0110   100.2763      98.56    176.877     4.0662 2.5866e+02          1         22 0.0000e+00
   38.79550  -69.15702    14.5582   4.343257    35.8044    173.618    175.014    14.5571   4.343325    35.8060     0.0276 1.0000e-12    -0.0114   100.2859      98.55    175.346     4.0311 2.5887e+02          1         21 0.0000e+00
   38.79552  -69.15704    14.5535   4.342893    35.8050    174.594    175.998    14.5535   4.343034    35.8062     0.0115 1.0000e-12    -0.0104   100.2602      98.56    173.267     3.9833 2.5929e+02          1         21 0.0000e+00
   38.79552  -69.15704    14.5453   4.342647    35.8098    175.575    176.987    14.5453   4.342882    35.8120     0.0159 1.0000e-12    -0.0110   100.2764      98.55    171.865     3.9511 2.6070e+02          1         23 0.0000e+00
   38.79552  -69.15704    14.5160   4.340065    35.8131    176.567    177.987    14.5159   4.340402    35.8164     0.0360 1.0000e-12    -0.0110   100.2764      98.55    171.879     3.9514 2.6080e+02          1         23 0.0000e+00
   38.79552  -69.15704    14.4846   4.337124    35.8151    177.559    178.988    14.4847   4.337515    35.8186     0.0334 1.0000e-12    -0.0114   100.2865      98.56    171.454     3.9417 2.6082e+02          1         26 0.0000e+00
   38.79552  -69.15704    14.4623   4.335134    35.8170    178.549    179.986    14.4622   4.335336    35.8191     0.0286 1.0000e-12    -0.0118   100.2951      98.56    168.517     3.8742 2.6051e+02          1         28 0.0000e+00
   38.79552  -69.15704    14.4506   4.334082    35.8176    179.537    180.983    14.4505   4.334301    35.8198     0.0199 1.0000e-12    -0.0112   100.2798      98.55    165.246     3.7990 2.6014e+02          1         21 0.0000e+00
   38.79552  -69.15704    14.4297   4.332350    35.8208    180.527    181.981    14.4295   4.332606    35.8232     0.0170 1.0000e-12    -0.0121   100.3022      98.56    163.238     3.7529 2.6001e+02          1         25 0.0000e+00
   38.79552  -69.15704    14.4201   4.331633    35.8224    181.531    182.994    14.4199   4.331779    35.8239     0.0467 1.0000e-12    -0.0116   100.2910      98.56    162.088     3.7264 2.6074e+02          1         27 0.0000e+00
   38.79552  -69.15704    14.4154   4.331243    35.8224    182.534    184.005    14.4152   4.331402    35.8240     0.0296 1.0000e-12    -0.0114   100.2858      98.56    159.916     3.6765 2.6099e+02          1         25 0.0000e+00
   38.79552  -69.15704    14.4135   4.331158    35.8227    183.532    185.011    14.4133   4.331270    35.8239     0.0158 1.0000e-12    -0.0117   100.2935      98.55    158.441     3.6426 2.6099e+02          1         19 0.0000e+00
   38.79552  -69.15704    14.4055   4.330455    35.8232    184.502    185.990    14.4054   4.330772    35.8261     0.0273 1.0000e-12    -0.0120   100.3004      98.56    157.731     3.6263 2.6177e+02          1         20 0.0000e+00
   38.79552  -69.15704    14.3837   4.328366    35.8238    185.530    187.027    14.3839   4.328668    35.8265     0.0145 1.0000e-12    -0.0122   100.3055      98.56    157.600     3.6233 2.6150e+02          1         22 0.0000e+00
   38.79552  -69.15704    14.3426   4.323959    35.8214    186.560    188.065    14.3432   4.324748    35.8281     0.0305 1.0000e-12    -0.0114   100.2859      98.56    157.483     3.6206 2.6099e+02          1         28 0.0000e+00
   38.79552  -69.15704    14.2838   4.317898    35.8201    187.520    189.033    14.2837   4.318176    35.8227     0.0348 1.0000e-12    -0.0117   100.2928      98.55    156.142     3.5898 2.6099e+02          1         29 0.0000e+00
   38.79552  -69.15704    14.2652   4.315909    35.8183    188.463    189.985    14.2650   4.316330    35.8224     0.0328 1.0000e-12    -0.0124   100.3091      98.56    153.866     3.5375 2.6124e+02          1         27 0.0000e+00
   38.79552  -69.15706    14.2102   4.309861    35.8135    189.466    190.996    14.2100   4.310564    35.8202     0.0303 1.0000e-12    -0.0128   100.3188      98.56    152.157     3.4983 2.6206e+02          1         23 0.0000e+00
   38.79552  -69.15706    14.1667   4.305101    35.8097    190.438    191.976    14.1667   4.305720    35.8155     0.0238 1.0000e-12    -0.0126   100.3149      98.55    151.297     3.4785 2.6270e+02          1         17 0.0000e+00
   38.79552  -69.15706    14.1086   4.298601    35.8036    191.465    193.012    14.1090   4.299418    35.8108     0.0359 1.0000e-12    -0.0124   100.3104      98.55    150.490     3.4600 2.6311e+02          1         21 0.0000e+00
   38.79552  -69.15706    14.0434   4.291363    35.7970    192.488    194.044    14.0430   4.291805    35.8015     0.0432 1.0000e-12    -0.0125   100.3114      98.56    149.589     3.4393 2.6276e+02          1         29 0.0000e+00
   38.79552  -69.15706    14.0172   4.288302    35.7919    193.401    194.965    14.0174   4.288791    35.7963     0.0363 1.0000e-12    -0.0123   100.3078      98.56    148.693     3.4187 2.6191e+02          1         29 0.0000e+00
   38.79552  -69.15708    13.9623   4.282119    35.7852    194.406    195.979    13.9621   4.282691    35.7907     0.0361 1.0000e-12    -0.0124   100.3101      98.56    148.385     3.4116 2.6200e+02          1         22 0.0000e+00
   38.79552  -69.15708    13.9004   4.275349    35.7798    195.431    197.013    13.9001   4.276486    35.7907     0.0366 1.0000e-12    -0.0129   100.3219      98.55    148.589     3.4163 2.6287e+02          1         19 0.0000e+00
   38.79552  -69.15708    13.8338   4.268085    35.7741    196.476    198.066    13.8352   4.268906    35.7805     0.0436 1.0000e-12    -0.0127   100.3178      98.56    148.380     3.4115 2.6333e+02          1         21 0.0000e+00
   38.79552  -69.15708    13.7950   4.263763    35.7680    197.626    199.226    13.8205   4.266577    35.7700     0.0339 1.0000e-12    -0.0123   100.3072      98.55    147.637     3.3945 2.6334e+02          1         72 0.0000e+00
   38.79552  -69.15709    13.8286   4.267775    35.7700    198.461    200.068    13.8511   4.270509    35.7747     0.0341 1.0000e-12    -0.0123   100.3078      98.56    147.107     3.3823 2.6405e+02          1        145 0.0000e+00
   38.79552  -69.15710    13.7340   4.256689    35.7539    199.130    200.743    13.7346   4.256868    35.7553     0.0366 1.0000e-12    -0.0124   100.3088      98.56    146.509     3.3686 2.6520e+02          1         91 0.0000e+00
   38.79554  -69.15714    13.7439   4.257930    35.7531    198.520    200.128    13.7409   4.257670    35.7536     0.0252 1.0000e-12    -0.0114   100.2859      98.56    145.278     3.3402 2.6791e+02          1         77 0.0000e+00
   38.79554  -69.15715    13.7570   4.259359    35.7543    197.473    199.072    13.7527   4.258982    35.7549     0.0220 1.0000e-12    -0.0133   100.3319      98.56    145.846     3.3533 2.6826e+02          1         54 0.0000e+00
   38.79554  -69.15716    13.7776   4.261798    35.7582    196.335    197.925    13.7789   4.261946    35.7583     0.0311 1.0000e-12    -0.0131   100.3286      98.56    145.936     3.3554 2.6952e+02          1         74 0.0000e+00
   38.79554  -69.15716    13.8011   4.264481    35.7615    195.461    197.042    13.8081   4.265188    35.7615     0.0250 1.0000e-12    -0.0125   100.3119      98.56    146.243     3.3624 2.7011e+02          1         44 0.0000e+00
   38.79554  -69.15716    13.8427   4.269504    35.7695    194.440    196.013    13.8419   4.268770    35.7633     0.0147 1.0000e-12    -0.0123   100.3077      98.56    146.372     3.3654 2.6972e+02          1         23 0.0000e+00
   38.79554  -69.15716    13.9296   4.278992    35.7759    193.434    194.998    13.9142   4.276966    35.7717     0.0212 1.0000e-12    -0.0127   100.3182      98.56    146.289     3.3634 2.6972e+02          1         24 0.0000e+00
   38.79554  -69.15716    13.9748   4.283837    35.7791    192.389    193.944    13.9853   4.284438    35.7746     0.0316 1.0000e-12    -0.0127   100.3180      98.56    146.724     3.3734 2.6998e+02          1         30 0.0000e+00
