Data/ruptures/KN207-01/QL-1/20701026.cnv
* Sea-Bird SBE 9 Data File:
* FileName = C:\Data\ctd\20701026.hex
* Software Version Seasave V 7.21e
* Temperature SN = 4406
* Conductivity SN = 1474
* Number of Bytes Per Scan = 40
* Number of Voltage Words = 5
* Number of Scans Averaged by the Deck Unit = 1
* NMEA Latitude = 38 54.93 N
* NMEA Longitude = 068 59.33 W
* NMEA UTC (Time) = Apr 24 2012 22:03:56
** R/V Knorr Cruise # KN207-01 QL1
** Chief Scientist: Ben Van Mooy
# nquan = 21
# nvalues = 400                         
# units = specified
# name 0 = latitude: Latitude [deg]
# name 1 = longitude: Longitude [deg]
# name 2 = t090C: Temperature [ITS-90, deg C]
# name 3 = c0S/m: Conductivity [S/m]
# name 4 = sal00: Salinity, Practical [PSU]
# name 5 = depSM: Depth [salt water, m]
# name 6 = prDM: Pressure, Digiquartz [db]
# name 7 = t190C: Temperature, 2 [ITS-90, deg C]
# name 8 = c1S/m: Conductivity, 2 [S/m]
# name 9 = sal11: Salinity, Practical, 2 [PSU]
# name 10 = flECO-AFL: Fluorescence, WET Labs ECO-AFL/FL [mg/m^3]
# name 11 = par: PAR/Irradiance, Biospherical/Licor
# name 12 = bat: Beam Attenuation, Chelsea/Seatech [1/m]
# name 13 = xmiss: Beam Transmission, Chelsea/Seatech [%]
# name 14 = altM: Altimeter [m]
# name 15 = sbeox0Mm/Kg: Oxygen, SBE 43 [umol/kg]
# name 16 = sbeox0ML/L: Oxygen, SBE 43 [ml/l]
# name 17 = spar: SPAR/Surface Irradiance
# name 18 = pumps: Pump Status
# name 19 = nbin: number of scans per bin
# name 20 = flag: flag
# span 0 =   38.91512,   38.91562       
# span 1 =  -68.99193,  -68.98892       
# span 2 =    10.6160,    14.6830       
# span 3 =   3.791016,   4.352185       
# span 4 =    33.6033,    35.8382       
# span 5 =      2.214,    199.903       
# span 6 =      2.231,    201.525       
# span 7 =    10.6163,    14.6830       
# span 8 =   3.791029,   4.352265       
# span 9 =    33.7180,    35.8399       
# span 10 =     0.0038,     3.0489      
# span 11 = 1.0000e-12, 1.0569e+01      
# span 12 =    -0.0152,     0.3710      
# span 13 =    91.1402,   100.3814      
# span 14 =       2.69,      98.68      
# span 15 =    146.465,    412.639      
# span 16 =     3.3674,     9.4765      
# span 17 = 2.5279e+02, 5.1807e+02      
# span 18 =          0,          1      
# span 19 =          1,        594      
# span 20 = 0.0000e+00, 0.0000e+00      
# interval = decibars: 1                
# start_time = Apr 24 2012 22:03:56 [NMEA time, header]
# bad_flag = -9.990e-29
*END*
[from data line 138]
   38.91546  -68.98963    14.4331   4.310122    35.6250    139.897    141.011    14.4328   4.310183    35.6259     0.0563 5.0047e-04    -0.0084   100.2092      98.54    220.879     5.0772 3.2448e+02          1         30 0.0000e+00
   38.91546  -68.98964    14.4345   4.310335    35.6254    140.941    142.064    14.4349   4.310462    35.6263     0.0344 4.9096e-04    -0.0086   100.2146      98.53    221.072     5.0817 3.2624e+02          1         47 0.0000e+00
   38.91546  -68.98964    14.4566   4.313668    35.6352    141.810    142.940    14.4559   4.313295    35.6324     0.0190 4.5915e-04    -0.0084   100.2096      98.54    220.721     5.0736 3.3122e+02          1         35 0.0000e+00
   38.91546  -68.98964    14.4846   4.317659    35.6454    142.816    143.955    14.4846   4.317567    35.6446     0.0510 4.3901e-04    -0.0090   100.2258      98.53    220.428     5.0669 3.3249e+02          1         19 0.0000e+00
   38.91546  -68.98964    14.4944   4.319063    35.6488    143.839    144.986    14.4943   4.319065    35.6490     0.0509 4.0002e-04    -0.0085   100.2106      98.54    220.766     5.0747 3.3198e+02          1         17 0.0000e+00
   38.91546  -68.98964    14.5004   4.320058    35.6521    144.876    146.032    14.4995   4.319754    35.6502     0.0406 3.7986e-04    -0.0083   100.2066      98.54    220.581     5.0704 3.3059e+02          1         15 0.0000e+00
   38.91546  -68.98964    14.5172   4.322378    35.6574    145.838    147.002    14.5165   4.322255    35.6570     0.0309 3.5553e-04    -0.0086   100.2150      98.54    220.028     5.0577 3.3002e+02          1         19 0.0000e+00
   38.91546  -68.98964    14.5224   4.323127    35.6594    146.833    148.006    14.5239   4.323372    35.6602     0.0327 3.3254e-04    -0.0090   100.2254      98.54    219.595     5.0478 3.2853e+02          1         43 0.0000e+00
   38.91546  -68.98964    14.5299   4.324243    35.6625    147.797    148.977    14.5299   4.324273    35.6628     0.0406 3.2594e-04    -0.0091   100.2272      98.54    219.135     5.0372 3.2743e+02          1         33 0.0000e+00
   38.91546  -68.98966    14.5409   4.325893    35.6672    148.821    150.010    14.5405   4.325795    35.6668     0.0333 3.0702e-04    -0.0095   100.2376      98.53    218.549     5.0237 3.2658e+02          1         32 0.0000e+00
   38.91546  -68.98966    14.5598   4.328715    35.6753    149.802    150.999    14.5590   4.328425    35.6734     0.0374 2.8012e-04    -0.0096   100.2405      98.54    218.304     5.0181 3.2741e+02          1         27 0.0000e+00
   38.91546  -68.98966    14.5747   4.330872    35.6810    150.783    151.988    14.5751   4.330866    35.6805     0.0203 2.7551e-04    -0.0091   100.2284      98.54    218.154     5.0147 3.2865e+02          1         21 0.0000e+00
   38.91546  -68.98966    14.5930   4.333677    35.6894    151.775    152.989    14.5928   4.333486    35.6878     0.0336 2.4824e-04    -0.0089   100.2221      98.54    217.611     5.0022 3.3014e+02          1         20 0.0000e+00
   38.91546  -68.98966    14.6008   4.334888    35.6930    152.764    153.986    14.6008   4.334882    35.6929     0.0424 2.3238e-04    -0.0091   100.2272      98.54    216.994     4.9880 3.3084e+02          1         19 0.0000e+00
   38.91546  -68.98968    14.6094   4.336201    35.6968    153.787    155.017    14.6088   4.336143    35.6967     0.0370 2.0956e-04    -0.0102   100.2543      98.54    216.815     4.9839 3.3202e+02          1         19 0.0000e+00
   38.91546  -68.98968    14.6125   4.336776    35.6989    154.790    156.029    14.6128   4.336819    35.6991     0.0453 1.9133e-04    -0.0098   100.2465      98.54    216.375     4.9738 3.3226e+02          1         20 0.0000e+00
   38.91546  -68.98968    14.6141   4.337089    35.7002    155.775    157.022    14.6140   4.337133    35.7007     0.0495 1.7175e-04    -0.0105   100.2638      98.54    215.526     4.9543 3.3083e+02          1         26 0.0000e+00
   38.91546  -68.98968    14.6163   4.337830    35.7049    156.750    158.005    14.6166   4.337915    35.7054     0.0301 1.6656e-04    -0.0103   100.2578      98.54    214.365     4.9276 3.2709e+02          1         52 0.0000e+00
   38.91546  -68.98970    14.6224   4.338878    35.7087    157.668    158.931    14.6222   4.338929    35.7093     0.0446 1.6003e-04    -0.0102   100.2547      98.54    213.366     4.9047 3.2352e+02          1         28 0.0000e+00
   38.91546  -68.98970    14.6227   4.339149    35.7106    158.716    159.987    14.6226   4.339190    35.7111     0.0221 1.3728e-04    -0.0113   100.2837      98.54    213.107     4.8987 3.2463e+02          1         15 0.0000e+00
   38.91546  -68.98970    14.6243   4.339592    35.7129    159.668    160.948    14.6241   4.339607    35.7133     0.0333 1.3008e-04    -0.0112   100.2820      98.54    212.815     4.8920 3.2627e+02          1         15 0.0000e+00
   38.91546  -68.98970    14.6222   4.339672    35.7153    160.751    162.040    14.6220   4.339623    35.7150     0.0302 1.1568e-04    -0.0108   100.2710      98.54    212.456     4.8838 3.2883e+02          1         17 0.0000e+00
   38.91546  -68.98970    14.6699   4.347938    35.7460    161.770    163.067    14.6699   4.346875    35.7361     0.0143 1.1251e-04    -0.0105   100.2620      98.53    211.768     4.8680 3.3185e+02          1         17 0.0000e+00
   38.91546  -68.98970    14.6830   4.351682    35.7679    162.757    164.063    14.6830   4.351669    35.7678     0.0268 9.6954e-05    -0.0107   100.2685      98.54    211.148     4.8538 3.3441e+02          1         23 0.0000e+00
   38.91544  -68.98970    14.6689   4.351329    35.7780    163.699    165.013    14.6688   4.351411    35.7788     0.0386 8.3635e-05    -0.0116   100.2914      98.54    206.040     4.7365 3.3184e+02          1         42 0.0000e+00
   38.91544  -68.98970    14.6673   4.351775    35.7834    164.627    165.949    14.6672   4.351812    35.7839     0.0139 6.8370e-05    -0.0123   100.3059      98.54    194.695     4.4757 3.2669e+02          1         33 0.0000e+00
   38.91544  -68.98970    14.6617   4.352050    35.7910    165.654    166.984    14.6616   4.352142    35.7920     0.0409 6.1844e-05    -0.0121   100.3016      98.54    191.364     4.3992 3.2520e+02          1         19 0.0000e+00
   38.91544  -68.98970    14.6597   4.352185    35.7938    166.627    167.965    14.6596   4.352265    35.7947     0.0401 6.5209e-05    -0.0133   100.3332      98.55    191.116     4.3934 3.2539e+02          1         16 0.0000e+00
   38.91544  -68.98970    14.6523   4.351932    35.7982    167.677    169.024    14.6527   4.352126    35.7995     0.0359 5.9018e-05    -0.0132   100.3300      98.53    190.596     4.3815 3.2567e+02          1         19 0.0000e+00
   38.91546  -68.98974    14.6436   4.351411    35.8013    168.674    170.030    14.6436   4.351509    35.8022     0.0415 3.9131e-05    -0.0132   100.3290      98.54    188.883     4.3422 3.2722e+02          1         26 0.0000e+00
   38.91546  -68.98974    14.6330   4.350727    35.8046    169.600    170.964    14.6332   4.350933    35.8063     0.0341 4.5440e-05    -0.0135   100.3371      98.54    185.759     4.2704 3.2884e+02          1         36 0.0000e+00
   38.91546  -68.98974    14.6121   4.348818    35.8064    170.590    171.962    14.6121   4.349098    35.8090     0.0217 1.5161e-05    -0.0124   100.3088      98.54    183.341     4.2148 3.3014e+02          1         23 0.0000e+00
   38.91546  -68.98974    14.5781   4.345048    35.8033    171.630    173.010    14.5779   4.345700    35.8095     0.0380 1.1317e-05    -0.0141   100.3527      98.54    181.960     4.1831 3.3014e+02          1         17 0.0000e+00
   38.91546  -68.98974    14.5409   4.340968    35.8004    172.596    173.985    14.5403   4.341762    35.8083     0.0438 8.1591e-06    -0.0141   100.3520      98.54    180.634     4.1527 3.3014e+02          1         14 0.0000e+00
   38.91544  -68.98972    14.4607   4.331966    35.7927    173.565    174.962    14.4598   4.333087    35.8039     0.0302 8.1591e-06    -0.0135   100.3376      98.55    179.069     4.1167 3.2948e+02          1         17 0.0000e+00
   38.91544  -68.98972    14.3983   4.325434    35.7906    174.595    176.001    14.4000   4.326277    35.7968     0.0293 7.7706e-06    -0.0129   100.3214      98.53    176.184     4.0504 3.2802e+02          1         21 0.0000e+00
   38.91544  -68.98972    14.3588   4.321843    35.7935    175.648    177.062    14.3590   4.322028    35.7950     0.0221 4.6308e-06    -0.0130   100.3258      98.54    169.719     3.9018 3.2603e+02          1         37 0.0000e+00
   38.91544  -68.98972    14.3224   4.319414    35.8040    176.504    177.926    14.3228   4.319609    35.8054     0.0235 3.8192e-06    -0.0133   100.3316      98.54    162.335     3.7321 3.2653e+02          1         47 0.0000e+00
   38.91544  -68.98974    14.2893   4.316856    35.8104    177.516    178.946    14.2898   4.317247    35.8136     0.0300 2.3312e-06    -0.0131   100.3276      98.54    159.807     3.6741 3.2865e+02          1         21 0.0000e+00
   38.91544  -68.98974    14.2962   4.319512    35.8275    178.542    179.981    14.2958   4.319051    35.8236     0.0214 2.2664e-06    -0.0141   100.3528      98.54    158.148     3.6360 3.3002e+02          1         18 0.0000e+00
   38.91544  -68.98974    14.3177   4.322780    35.8365    179.555    181.003    14.3179   4.322767    35.8362     0.0129 5.8279e-07    -0.0128   100.3190      98.54    157.044     3.6106 3.3030e+02          1         14 0.0000e+00
   38.91544  -68.98974    14.3209   4.323287    35.8374    180.547    182.004    14.3205   4.323322    35.8381     0.0065 1.0000e-12    -0.0128   100.3209      98.54    155.983     3.5862 3.3053e+02          1         17 0.0000e+00
   38.91544  -68.98974    14.3225   4.323607    35.8382    181.511    182.976    14.3224   4.323709    35.8392     0.0068 1.0000e-12    -0.0134   100.3351      98.54    153.938     3.5392 3.3025e+02          1         20 0.0000e+00
   38.91544  -68.98974    14.3124   4.322529    35.8371    182.545    184.019    14.3130   4.322897    35.8399     0.0038 1.0000e-12    -0.0137   100.3419      98.54    151.438     3.4817 3.2739e+02          1         26 0.0000e+00
   38.91544  -68.98976    14.2878   4.319691    35.8334    183.547    185.029    14.2894   4.320286    35.8374     0.0441 1.0000e-12    -0.0144   100.3600      98.54    150.198     3.4532 3.2483e+02          1         24 0.0000e+00
   38.91544  -68.98976    14.2290   4.312598    35.8227    184.538    186.028    14.2298   4.314012    35.8351     0.0204 1.0000e-12    -0.0141   100.3528      98.53    150.393     3.4577 3.2394e+02          1         27 0.0000e+00
   38.91544  -68.98976    14.0910   4.297429    35.8118    185.484    186.983    14.0913   4.297968    35.8165     0.0174 1.0000e-12    -0.0141   100.3530      98.54    150.474     3.4596 3.2661e+02          1         38 0.0000e+00
   38.91544  -68.98976    14.0460   4.292202    35.8043    186.480    187.987    14.0463   4.292826    35.8099     0.0289 1.0000e-12    -0.0145   100.3626      98.54    149.151     3.4292 3.2963e+02          1         26 0.0000e+00
   38.91544  -68.98978    13.9926   4.285997    35.7962    187.476    188.992    13.9930   4.286861    35.8039     0.0289 1.0000e-12    -0.0148   100.3708      98.54    148.515     3.4146 3.3001e+02          1         17 0.0000e+00
   38.91544  -68.98978    13.9490   4.280961    35.7897    188.447    189.971    13.9482   4.281730    35.7977     0.0315 1.0000e-12    -0.0144   100.3602      98.55    148.269     3.4090 3.3001e+02          1         17 0.0000e+00
   38.91544  -68.98978    13.8751   4.272737    35.7823    189.491    191.024    13.8744   4.273441    35.7895     0.0355 1.0000e-12    -0.0142   100.3557      98.54    148.421     3.4125 3.2991e+02          1         19 0.0000e+00
   38.91544  -68.98978    13.8477   4.269798    35.7795    190.507    192.048    13.8488   4.270228    35.7825     0.0209 1.0000e-12    -0.0141   100.3534      98.54    147.946     3.4016 3.2984e+02          1         22 0.0000e+00
   38.91544  -68.98978    13.8282   4.267595    35.7758    191.486    193.036    13.8288   4.267963    35.7787     0.0253 1.0000e-12    -0.0141   100.3525      98.54    147.307     3.3869 3.2875e+02          1         32 0.0000e+00
   38.91543  -68.98978    13.8014   4.264641    35.7720    192.445    194.003    13.8014   4.265055    35.7759     0.0328 1.0000e-12    -0.0141   100.3523      98.54    147.717     3.3963 3.2612e+02          1         30 0.0000e+00
   38.91542  -68.98978    13.7820   4.262512    35.7692    193.440    195.006    13.7820   4.262720    35.7711     0.0240 1.0000e-12    -0.0136   100.3416      98.54    147.956     3.4018 3.2444e+02          1         20 0.0000e+00
   38.91542  -68.98978    13.7778   4.262073    35.7680    194.430    196.005    13.7775   4.262265    35.7701     0.0171 1.0000e-12    -0.0143   100.3583      98.54    147.859     3.3996 3.2422e+02          1         20 0.0000e+00
   38.91542  -68.98978    13.7642   4.260483    35.7650    195.394    196.977    13.7630   4.260815    35.7693     0.0227 1.0000e-12    -0.0141   100.3520      98.55    147.872     3.3999 3.2546e+02          1         21 0.0000e+00
   38.91542  -68.98979    13.7321   4.257039    35.7616    196.523    198.116    13.7297   4.256947    35.7631     0.0373 1.0000e-12    -0.0141   100.3532      98.54    148.101     3.4052 3.2684e+02          1         61 0.0000e+00
   38.91542  -68.98980    13.7232   4.256168    35.7601    197.483    199.084    13.7235   4.256363    35.7616     0.0248 1.0000e-12    -0.0139   100.3471      98.54    147.749     3.3971 3.2886e+02          1         54 0.0000e+00
   38.91542  -68.98981    13.7535   4.259873    35.7642    198.483    200.093    13.7526   4.259825    35.7647     0.0377 1.0000e-12    -0.0142   100.3561      98.54    147.579     3.3932 3.2672e+02          1        117 0.0000e+00
   38.91542  -68.98983    13.6960   4.254019    35.7627    199.198    200.814    13.6841   4.252495    35.7596     0.0412 1.0000e-12    -0.0146   100.3659      98.54    147.355     3.3881 3.2544e+02          1        161 0.0000e+00
   38.91542  -68.98984    13.6246   4.245521    35.7499    199.903    201.525    13.6255   4.245415    35.7481     0.0328 1.0000e-12    -0.0132   100.3300      98.50    147.082     3.3818 3.2344e+02          1          1 0.0000e+00
   38.91542  -68.98984    13.6737   4.250973    35.7540    199.457    201.075    13.7297   4.256356    35.7510     0.0322 1.0000e-12    -0.0146   100.3665      98.54    146.861     3.3767 3.2567e+02          1         50 0.0000e+00
   38.91541  -68.98987    13.7523   4.259681    35.7609    198.535    200.145    13.7655   4.261294    35.7639     0.0365 1.0000e-12    -0.0141   100.3536      98.54    146.900     3.3776 3.2724e+02          1        144 0.0000e+00
   38.91540  -68.98989    13.7172   4.255673    35.7574    197.485    199.086    13.7318   4.257368    35.7598     0.0216 1.0000e-12    -0.0143   100.3586      98.55    147.071     3.3815 3.2370e+02          1        123 0.0000e+00
   38.91540  -68.98990    13.7258   4.256527    35.7575    196.392    197.984    13.7345   4.257532    35.7591     0.0352 1.8539e-05    -0.0147   100.3686      98.55    146.683     3.3726 3.2679e+02          1         18 0.0000e+00
   38.91540  -68.98990    13.7278   4.256711    35.7577    195.394    196.977    13.7352   4.257590    35.7594     0.0418 1.1570e-04    -0.0143   100.3586      98.55    147.096     3.3821 3.2592e+02          1         18 0.0000e+00
   38.91539  -68.98990    13.7365   4.257630    35.7585    194.316    195.890    13.7342   4.257462    35.7596     0.0387 1.1394e-04    -0.0141   100.3532      98.54    147.260     3.3858 3.2445e+02          1         31 0.0000e+00
