Data/ruptures/KN207-01/QL-1/20701033.cnv
* Sea-Bird SBE 9 Data File:
* FileName = C:\Data\ctd\20701033.hex
* Software Version Seasave V 7.21e
* Temperature SN = 4406
* Conductivity SN = 1474
* Number of Bytes Per Scan = 40
* Number of Voltage Words = 5
* Number of Scans Averaged by the Deck Unit = 1
* NMEA Latitude = 38 52.13 N
* NMEA Longitude = 069 05.66 W
* NMEA UTC (Time) = Apr 25 2012 20:03:16
** R/V Knorr Cruise # KN207-01 QL1
** Chief Scientist: Ben Van Mooy
# nquan = 21
# nvalues = 398                         
# units = specified
# name 0 = latitude: Latitude [deg]
# name 1 = longitude: Longitude [deg]
# name 2 = t090C: Temperature [ITS-90, deg C]
# name 3 = c0S/m: Conductivity [S/m]
# name 4 = sal00: Salinity, Practical [PSU]
# name 5 = depSM: Depth [salt water, m]
# name 6 = prDM: Pressure, Digiquartz [db]
# name 7 = t190C: Temperature, 2 [ITS-90, deg C]
# name 8 = c1S/m: Conductivity, 2 [S/m]
# name 9 = sal11: Salinity, Practical, 2 [PSU]
# name 10 = flECO-AFL: Fluorescence, WET Labs ECO-AFL/FL [mg/m^3]
# name 11 = par: PAR/Irradiance, Biospherical/Licor
# name 12 = bat: Beam Attenuation, Chelsea/Seatech [1/m]
# name 13 = xmiss: Beam Transmission, Chelsea/Seatech [%]
# name 14 = altM: Altimeter [m]
# name 15 = sbeox0Mm/Kg: Oxygen, SBE 43 [umol/kg]
# name 16 = sbeox0ML/L: Oxygen, SBE 43 [ml/l]
# name 17 = spar: SPAR/Surface Irradiance
# name 18 = pumps: Pump Status
# name 19 = nbin: number of scans per bin
# name 20 = flag: flag
# span 0 =   38.86898,   38.86997       
# span 1 =  -69.09657,  -69.09441       
# span 2 =    10.9587,    14.6524       
# span 3 =   3.835401,   4.351563       
# span 4 =    33.8990,    35.8080       
# span 5 =      2.022,    199.081       
# span 6 =      2.037,    200.695       
# span 7 =    10.9512,    14.6524       
# span 8 =   3.834833,   4.351637       
# span 9 =    33.8934,    35.8180       
# span 10 =    -0.0111,     2.9988      
# span 11 = 1.0000e-12, 1.8170e+01      
# span 12 =    -0.0142,     0.3538      
# span 13 =    91.5359,   100.3545      
# span 14 =       5.76,      98.65      
# span 15 =    144.693,    456.554      
# span 16 =     3.3269,    10.4852      
# span 17 = 2.3373e+03, 2.3869e+03      
# span 18 =          0,          1      
# span 19 =         12,        697      
# span 20 = 0.0000e+00, 0.0000e+00      
# interval = decibars: 1                
# start_time = Apr 25 2012 20:03:16 [NMEA time, header]
# bad_flag = -9.990e-29
*END*
[from data line 207]
   38.86944  -69.09538    13.8127   4.266202    35.7650    190.430    191.970    13.8124   4.265424    35.7579     0.0316 1.0000e-12    -0.0140   100.3516      98.56    145.500     3.3453 2.3644e+03          1         25 0.0000e+00
   38.86944  -69.09538    13.8614   4.271631    35.7705    189.490    191.022    13.8408   4.269363    35.7689     0.0318 5.6458e-05    -0.0131   100.3265      98.57    146.152     3.3603 2.3661e+03          1         29 0.0000e+00
   38.86944  -69.09538    13.9127   4.277027    35.7733    188.533    190.057    13.8838   4.273480    35.7676     0.0399 1.0000e-12    -0.0141   100.3534      98.56    146.337     3.3645 2.3670e+03          1         33 0.0000e+00
   38.86944  -69.09538    13.9741   4.283951    35.7810    187.506    189.021    13.9789   4.283514    35.7720     0.0427 1.0000e-12    -0.0134   100.3362      98.57    146.368     3.3652 2.3675e+03          1         29 0.0000e+00
   38.86944  -69.09538    14.0505   4.292751    35.7915    186.498    188.004    14.0158   4.288931    35.7888     0.0344 1.1014e-04    -0.0135   100.3367      98.57    146.372     3.3653 2.3666e+03          1         23 0.0000e+00
   38.86944  -69.09539    14.1192   4.300149    35.7964    185.517    187.015    14.1005   4.296894    35.7835     0.0268 1.0000e-12    -0.0139   100.3468      98.56    146.352     3.3648 2.3644e+03          1         23 0.0000e+00
   38.86944  -69.09540    14.1494   4.302618    35.7921    184.501    185.990    14.1484   4.302366    35.7904     0.0117 1.0000e-12    -0.0134   100.3351      98.56    146.720     3.3732 2.3623e+03          1         25 0.0000e+00
   38.86944  -69.09540    14.1643   4.303268    35.7854    183.527    185.008    14.1563   4.302643    35.7869     0.0449 1.0000e-12    -0.0133   100.3334      98.57    147.737     3.3966 2.3618e+03          1         23 0.0000e+00
   38.86944  -69.09540    14.1653   4.302607    35.7796    182.544    184.017    14.1631   4.302472    35.7801     0.0572 1.0000e-12    -0.0130   100.3251      98.56    149.331     3.4332 2.3637e+03          1         21 0.0000e+00
   38.86944  -69.09540    14.2152   4.307385    35.7776    181.561    183.026    14.1859   4.304184    35.7755     0.0354 1.0000e-12    -0.0130   100.3249      98.56    150.937     3.4701 2.3663e+03          1         20 0.0000e+00
   38.86944  -69.09540    14.2631   4.312237    35.7783    180.532    181.988    14.2453   4.310133    35.7754     0.0365 1.0000e-12    -0.0131   100.3287      98.56    152.356     3.5027 2.3678e+03          1         20 0.0000e+00
   38.86944  -69.09540    14.2977   4.315823    35.7800    179.512    180.959    14.2980   4.315311    35.7747     0.0258 1.0000e-12    -0.0132   100.3300      98.56    154.025     3.5410 2.3659e+03          1         23 0.0000e+00
   38.86944  -69.09540    14.3169   4.317857    35.7822    178.543    179.982    14.3262   4.318463    35.7787     0.0413 1.3205e-05    -0.0131   100.3267      98.58    157.083     3.6113 2.3658e+03          1         31 0.0000e+00
   38.86944  -69.09540    14.4035   4.327077    35.7868    177.598    179.029    14.3677   4.322765    35.7807     0.0313 8.2360e-05    -0.0130   100.3247      98.58    159.781     3.6733 2.3647e+03          1         29 0.0000e+00
   38.86944  -69.09540    14.4797   4.335469    35.7937    176.587    178.009    14.4408   4.330941    35.7884     0.0360 1.0000e-12    -0.0129   100.3211      98.56    161.092     3.7034 2.3644e+03          1         23 0.0000e+00
   38.86944  -69.09541    14.5281   4.340525    35.7961    175.590    177.004    14.5214   4.338695    35.7851     0.0222 3.8779e-03    -0.0132   100.3289      98.57    163.023     3.7478 2.3646e+03          1         24 0.0000e+00
   38.86944  -69.09542    14.5630   4.343986    35.7966    174.606    176.011    14.5576   4.343116    35.7933     0.0429 5.9419e-03    -0.0129   100.3214      15.15    168.089     3.8642 2.3645e+03          1         27 0.0000e+00
   38.86944  -69.09542    14.5980   4.347133    35.7940    173.628    175.024    14.5868   4.345726    35.7912     0.0310 1.0000e-12    -0.0127   100.3171       5.96    173.019     3.9775 2.3645e+03          1         24 0.0000e+00
   38.86944  -69.09542    14.6212   4.349124    35.7918    172.613    174.001    14.6089   4.347710    35.7901     0.0504 7.5377e-05    -0.0127   100.3184       6.21    175.807     4.0416 2.3645e+03          1         20 0.0000e+00
   38.86944  -69.09542    14.6332   4.350181    35.7913    171.639    173.019    14.6265   4.349211    35.7884     0.0104 4.6363e-05    -0.0130   100.3240       6.22    177.733     4.0858 2.3636e+03          1         17 0.0000e+00
   38.86944  -69.09542    14.6351   4.349522    35.7846    170.639    172.010    14.6347   4.349555    35.7850     0.0387 6.4057e-04    -0.0126   100.3146      79.84    180.147     4.1413 2.3633e+03          1         20 0.0000e+00
   38.86946  -69.09544    14.6357   4.349157    35.7819    169.622    170.985    14.6360   4.349260    35.7823     0.0413 1.9452e-04    -0.0123   100.3064      42.64    182.864     4.2038 2.3634e+03          1         25 0.0000e+00
   38.86946  -69.09544    14.6340   4.348167    35.7758    168.627    169.981    14.6347   4.348463    35.7776     0.0354 1.4517e-04    -0.0127   100.3175      80.89    186.190     4.2802 2.3668e+03          1         37 0.0000e+00
   38.86946  -69.09544    14.6375   4.347716    35.7695    167.698    169.045    14.6347   4.347754    35.7723     0.0457 4.2707e-04    -0.0131   100.3268      98.57    188.942     4.3434 2.3675e+03          1         32 0.0000e+00
   38.86946  -69.09544    14.6404   4.347946    35.7699    166.703    168.042    14.6406   4.347939    35.7695     0.0331 9.0991e-04    -0.0125   100.3132      98.57    189.816     4.3635 2.3650e+03          1         23 0.0000e+00
   38.86946  -69.09544    14.6474   4.348176    35.7662    165.681    167.011    14.6441   4.348010    35.7676     0.0445 9.4827e-04    -0.0121   100.3028      98.58    190.998     4.3907 2.3628e+03          1         17 0.0000e+00
   38.86946  -69.09544    14.6478   4.347834    35.7634    164.687    166.008    14.6469   4.347923    35.7649     0.0223 9.9796e-04    -0.0121   100.3027      98.57    192.174     4.4177 2.3633e+03          1         16 0.0000e+00
   38.86946  -69.09544    14.6453   4.347150    35.7601    163.676    164.989    14.6450   4.347313    35.7618     0.0281 1.0245e-03    -0.0122   100.3043      98.57    193.043     4.4376 2.3640e+03          1         17 0.0000e+00
   38.86946  -69.09544    14.6430   4.346721    35.7590    162.683    163.987    14.6426   4.346795    35.7599     0.0317 1.0205e-03    -0.0118   100.2953      98.57    193.580     4.4500 2.3647e+03          1         20 0.0000e+00
   38.86946  -69.09544    14.6334   4.345181    35.7546    161.659    162.955    14.6347   4.345515    35.7565     0.0322 8.6458e-04    -0.0120   100.2996      75.09    194.589     4.4732 2.3648e+03          1         38 0.0000e+00
   38.86947  -69.09545    14.6274   4.343967    35.7499    160.759    162.048    14.6291   4.344492    35.7530     0.0429 1.1572e-03    -0.0120   100.3001       5.95    196.585     4.5191 2.3646e+03          1         37 0.0000e+00
   38.86948  -69.09546    14.6215   4.342451    35.7421    159.711    160.991    14.6214   4.342860    35.7459     0.0274 1.1556e-03    -0.0122   100.3032      81.19    197.778     4.5465 2.3641e+03          1         23 0.0000e+00
   38.86948  -69.09546    14.6153   4.340199    35.7277    158.705    159.976    14.6172   4.341225    35.7354     0.0244 1.2676e-03    -0.0119   100.2979      98.58    198.406     4.5609 2.3635e+03          1         20 0.0000e+00
   38.86948  -69.09546    14.6125   4.338838    35.7182    157.741    159.004    14.6132   4.339266    35.7215     0.0449 1.2505e-03    -0.0104   100.2606      98.59    198.414     4.5610 2.3641e+03          1         20 0.0000e+00
   38.86948  -69.09546    14.6144   4.338752    35.7161    156.754    158.009    14.6145   4.338924    35.7176     0.0435 8.0386e-04    -0.0109   100.2722      98.56    200.554     4.6102 2.3645e+03          1         24 0.0000e+00
   38.86948  -69.09546    14.6174   4.338924    35.7154    155.783    157.029    14.6164   4.338999    35.7170     0.0189 3.0081e-04    -0.0109   100.2725      98.57    204.959     4.7114 2.3643e+03          1         21 0.0000e+00
   38.86948  -69.09546    14.6122   4.337718    35.7096    154.767    156.004    14.6135   4.338396    35.7146     0.0248 3.4237e-04    -0.0107   100.2696      98.57    208.098     4.7836 2.3627e+03          1         20 0.0000e+00
   38.86948  -69.09546    14.6032   4.335752    35.7005    153.762    154.991    14.6055   4.336779    35.7078     0.0316 1.1970e-04    -0.0105   100.2643      15.51    208.924     4.8026 2.3623e+03          1         18 0.0000e+00
   38.86948  -69.09546    14.5909   4.333556    35.6922    152.777    153.998    14.5916   4.334177    35.6973     0.0336 1.0000e-12    -0.0100   100.2502       5.76    209.193     4.8087 2.3629e+03          1         19 0.0000e+00
   38.86948  -69.09546    14.5584   4.328518    35.6768    151.732    152.944    14.5673   4.330392    35.6858     0.0233 4.6936e-04    -0.0100   100.2509       6.12    210.698     4.8433 2.3645e+03          1         26 0.0000e+00
   38.86948  -69.09547    14.5409   4.325874    35.6691    150.808    152.013    14.5526   4.327744    35.6753     0.0336 6.8228e-06    -0.0094   100.2346       6.50    214.963     4.9413 2.3646e+03          1         59 0.0000e+00
   38.86948  -69.09548    14.5130   4.321855    35.6585    149.889    151.086    14.5274   4.324707    35.6713     0.0215 1.0000e-12    -0.0088   100.2197       6.76    217.570     5.0012 2.3615e+03          1         24 0.0000e+00
   38.86948  -69.09548    14.4712   4.315659    35.6410    148.840    150.029    14.4807   4.317688    35.6509     0.0250 9.1675e-04    -0.0087   100.2176       7.05    217.885     5.0085 2.3603e+03          1         16 0.0000e+00
   38.86948  -69.09548    14.4565   4.313566    35.6357    147.814    148.994    14.4624   4.314697    35.6408     0.0289 3.8215e-05    -0.0058   100.1461      62.37    217.892     5.0086 2.3600e+03          1         13 0.0000e+00
   38.86948  -69.09548    14.4523   4.312912    35.6338    146.785    147.957    14.4543   4.313290    35.6357     0.0522 1.0000e-12    -0.0070   100.1740      98.57    218.166     5.0149 2.3598e+03          1         14 0.0000e+00
   38.86948  -69.09548    14.4491   4.312429    35.6326    145.803    146.966    14.4508   4.312838    35.6349     0.0574 1.0000e-12    -0.0077   100.1923      98.57    218.546     5.0236 2.3613e+03          1         14 0.0000e+00
   38.86948  -69.09548    14.4475   4.312182    35.6320    144.809    145.964    14.4485   4.312429    35.6334     0.0285 1.9783e-04    -0.0074   100.1863      98.57    219.452     5.0445 2.3641e+03          1         22 0.0000e+00
   38.86948  -69.09548    14.4464   4.312014    35.6315    143.825    144.971    14.4465   4.312129    35.6326     0.0214 1.0000e-12    -0.0064   100.1608      98.57    219.503     5.0456 2.3666e+03          1         36 0.0000e+00
   38.86948  -69.09548    14.4430   4.311560    35.6306    142.884    144.023    14.4435   4.311718    35.6317     0.0343 1.6003e-04    -0.0070   100.1750      98.57    220.145     5.0604 2.3657e+03          1         34 0.0000e+00
   38.86948  -69.09548    14.4410   4.311270    35.6299    141.899    143.030    14.4410   4.311374    35.6310     0.0451 2.1460e-03    -0.0076   100.1886      98.58    219.918     5.0552 2.3611e+03          1         34 0.0000e+00
   38.86950  -69.09550    14.4384   4.310887    35.6290    140.908    142.031    14.4389   4.311082    35.6304     0.0427 2.5471e-03    -0.0080   100.1985      98.57    219.827     5.0531 2.3581e+03          1         26 0.0000e+00
   38.86950  -69.09550    14.4205   4.308353    35.6228    139.883    140.997    14.4249   4.309346    35.6278     0.0220 4.6301e-04    -0.0078   100.1954      98.59    220.104     5.0594 2.3594e+03          1         21 0.0000e+00
   38.86950  -69.09550    14.4068   4.306399    35.6179    138.878    139.984    14.4113   4.307411    35.6231     0.0216 1.1403e-04    -0.0078   100.1939      98.57    220.133     5.0601 2.3616e+03          1         17 0.0000e+00
   38.86950  -69.09550    14.3863   4.303396    35.6097    137.906    139.004    14.3957   4.305216    35.6178     0.0276 1.0000e-12    -0.0069   100.1713      98.56    219.983     5.0567 2.3631e+03          1         17 0.0000e+00
   38.86950  -69.09550    14.3634   4.300068    35.6008    136.905    137.994    14.3848   4.303538    35.6127     0.0393 1.0000e-12    -0.0061   100.1530      98.57    219.775     5.0519 2.3644e+03          1         18 0.0000e+00
   38.86950  -69.09550    14.3329   4.295784    35.5901    135.923    137.004    14.3373   4.297177    35.5989     0.0498 1.0000e-12    -0.0062   100.1542      98.57    220.149     5.0605 2.3644e+03          1         19 0.0000e+00
   38.86950  -69.09550    14.3229   4.294336    35.5862    134.894    135.966    14.3238   4.294718    35.5890     0.0496 1.6864e-03    -0.0060   100.1512      98.57    220.385     5.0659 2.3636e+03          1         24 0.0000e+00
   38.86950  -69.09550    14.3165   4.293443    35.5838    133.902    134.967    14.3206   4.294130    35.5864     0.0450 1.0657e-03    -0.0061   100.1515      98.57    221.222     5.0851 2.3644e+03          1         36 0.0000e+00
   38.86950  -69.09550    14.3148   4.293197    35.5831    132.991    134.048    14.3171   4.293604    35.5848     0.0700 2.0544e-03    -0.0051   100.1268      98.58    221.860     5.0998 2.3615e+03          1         42 0.0000e+00
   38.86950  -69.09551    14.3106   4.292546    35.5811    131.971    133.020    14.3116   4.292919    35.5836     0.0404 2.0882e-04    -0.0050   100.1244      98.58    222.393     5.1120 2.3597e+03          1         26 0.0000e+00
   38.86950  -69.09554    14.2953   4.290443    35.5761    130.973    132.014    14.2988   4.291322    35.5812     0.0247 5.8791e-04    -0.0040   100.1002      98.58    222.549     5.1156 2.3603e+03          1         17 0.0000e+00
   38.86950  -69.09554    14.2685   4.286663    35.5667    129.964    130.996    14.2732   4.287772    35.5726     0.0507 3.1116e-04    -0.0042   100.1051      98.58    222.563     5.1159 2.3610e+03          1         16 0.0000e+00
   38.86950  -69.09554    14.2593   4.285369    35.5636    128.972    129.996    14.2608   4.285930    35.5674     0.0345 1.0000e-12    -0.0049   100.1214      98.57    222.295     5.1097 2.3623e+03          1         17 0.0000e+00
   38.86950  -69.09554    14.2478   4.283763    35.5597    127.959    128.974    14.2510   4.284530    35.5639     0.0344 1.0000e-12    -0.0049   100.1217      98.57    222.260     5.1090 2.3643e+03          1         19 0.0000e+00
   38.86950  -69.09554    14.2337   4.281843    35.5553    126.973    127.980    14.2359   4.282278    35.5574     0.0376 1.0000e-12    -0.0043   100.1076      98.57    222.790     5.1212 2.3660e+03          1         23 0.0000e+00
   38.86950  -69.09554    14.2216   4.280161    35.5513    126.028    127.027    14.2252   4.281041    35.5561     0.0205 1.1363e-04    -0.0044   100.1110      98.57    223.360     5.1342 2.3658e+03          1         25 0.0000e+00
   38.86950  -69.09554    14.2059   4.277934    35.5454    125.012    126.002    14.2071   4.278385    35.5485     0.0388 1.0000e-12    -0.0046   100.1149      98.57    223.605     5.1399 2.3637e+03          1         27 0.0000e+00
   38.86950  -69.09554    14.1982   4.276911    35.5431    123.983    124.965    14.2014   4.277425    35.5450     0.0524 1.7234e-04    -0.0045   100.1137      98.57    223.563     5.1389 2.3595e+03          1         36 0.0000e+00
