Data/ruptures/KN207-01/QL-1/20701042.cnv
* Sea-Bird SBE 9 Data File:
* FileName = C:\Data\ctd\20701042.hex
* Software Version Seasave V 7.21e
* Temperature SN = 4406
* Conductivity SN = 1474
* Number of Bytes Per Scan = 40
* Number of Voltage Words = 5
* Number of Scans Averaged by the Deck Unit = 1
* NMEA Latitude = 38 47.24 N
* NMEA Longitude = 069 11.68 W
* NMEA UTC (Time) = Apr 26 2012 22:04:26
** R/V Knorr Cruise # KN207-01 QL1
** Chief Scientist: Ben Van Mooy
# nquan = 21
# nvalues = 392                         
# units = specified
# name 0 = latitude: Latitude [deg]
# name 1 = longitude: Longitude [deg]
# name 2 = t090C: Temperature [ITS-90, deg C]
# name 3 = c0S/m: Conductivity [S/m]
# name 4 = sal00: Salinity, Practical [PSU]
# name 5 = depSM: Depth [salt water, m]
# name 6 = prDM: Pressure, Digiquartz [db]
# name 7 = t190C: Temperature, 2 [ITS-90, deg C]
# name 8 = c1S/m: Conductivity, 2 [S/m]
# name 9 = sal11: Salinity, Practical, 2 [PSU]
# name 10 = flECO-AFL: Fluorescence, WET Labs ECO-AFL/FL [mg/m^3]
# name 11 = par: PAR/Irradiance, Biospherical/Licor
# name 12 = bat: Beam Attenuation, Chelsea/Seatech [1/m]
# name 13 = xmiss: Beam Transmission, Chelsea/Seatech [%]
# name 14 = altM: Altimeter [m]
# name 15 = sbeox0Mm/Kg: Oxygen, SBE 43 [umol/kg]
# name 16 = sbeox0ML/L: Oxygen, SBE 43 [ml/l]
# name 17 = spar: SPAR/Surface Irradiance
# name 18 = pumps: Pump Status
# name 19 = nbin: number of scans per bin
# name 20 = flag: flag
# span 0 =   38.78736,   38.78818       
# span 1 =  -69.19467,  -69.19300       
# span 2 =    10.6722,    14.6896       
# span 3 =   3.783501,   4.354508       
# span 4 =    33.5911,    35.8315       
# span 5 =      1.379,    197.904       
# span 6 =      1.390,    199.506       
# span 7 =    10.6745,    14.6895       
# span 8 =   3.782569,   4.354608       
# span 9 =    33.6740,    35.8337       
# span 10 =     0.0067,     3.4797      
# span 11 = 1.0000e-12, 4.9044e-01      
# span 12 =    -0.0111,     0.3797      
# span 13 =    90.9434,   100.2786      
# span 14 =       1.88,      98.72      
# span 15 =    140.893,    443.571      
# span 16 =     3.2395,    10.1845      
# span 17 = 1.5883e+01, 1.9208e+01      
# span 18 =          1,          1      
# span 19 =          1,        461      
# span 20 = 0.0000e+00, 0.0000e+00      
# interval = decibars: 1                
# start_time = Apr 26 2012 22:04:26 [NMEA time, header]
# bad_flag = -9.990e-29
*END*
[from data line 345]
   38.78804  -69.19354    12.7306   4.074149    35.0233     46.678     47.038    12.7435   4.079685    35.0640     0.1544 5.3351e-04     0.0127    99.6823      98.59    231.931     5.3307 1.7696e+01          1         15 0.0000e+00
   38.78804  -69.19354    12.5505   4.050220    34.9650     45.635     45.987    12.5592   4.055430    35.0069     0.1477 5.9255e-04     0.0148    99.6306      98.59    232.744     5.3493 1.7728e+01          1         19 0.0000e+00
   38.78804  -69.19354    12.5549   4.051119    34.9670     44.553     44.897    12.5641   4.053497    34.9811     0.2237 6.5572e-04     0.0209    99.4796      98.59    232.411     5.3417 1.7664e+01          1         74 0.0000e+00
   38.78804  -69.19354    12.3378   4.022162    34.8933     43.693     44.030    12.3201   4.019935    34.8888     0.2262 7.0409e-04     0.0210    99.4771      98.60    237.328     5.4546 1.7765e+01          1         28 0.0000e+00
   38.78804  -69.19354    12.2361   4.008016    34.8522     42.651     42.981    12.2373   4.010002    34.8703     0.2458 7.7367e-04     0.0246    99.3868      98.59    235.098     5.4033 1.7759e+01          1         26 0.0000e+00
   38.78804  -69.19354    12.1175   3.992446    34.8132     41.672     41.993    12.1243   3.994788    34.8295     0.2698 8.2465e-04     0.0292    99.2739      98.60    235.792     5.4192 1.7748e+01          1         23 0.0000e+00
   38.78804  -69.19354    11.9890   3.975239    34.7674     40.699     41.012    12.0019   3.978352    34.7854     0.2798 8.7617e-04     0.0304    99.2440      66.39    237.564     5.4599 1.7845e+01          1         24 0.0000e+00
   38.78804  -69.19352    11.9123   3.965180    34.7413     39.689     39.995    11.9020   3.964971    34.7492     0.3143 9.4167e-04     0.0344    99.1435      98.71    238.739     5.4868 1.7728e+01          1         19 0.0000e+00
   38.78804  -69.19352    11.8336   3.954593    34.7119     38.688     38.986    11.8236   3.954228    34.7179     0.3360 1.0329e-03     0.0389    99.0337      98.60    239.705     5.5090 1.7845e+01          1         21 0.0000e+00
   38.78804  -69.19352    11.7614   3.944800    34.6836     37.692     37.983    11.7786   3.948382    34.7022     0.3883 1.1611e-03     0.0497    98.7661      98.59    240.651     5.5307 1.7667e+01          1         25 0.0000e+00
   38.78804  -69.19352    11.3965   3.897007    34.5588     36.734     37.017    11.4132   3.902135    34.5934     0.6119 1.3209e-03     0.0716    98.2265      98.60    245.112     5.6331 1.7752e+01          1         72 0.0000e+00
   38.78804  -69.19350    11.2138   3.872766    34.4895     35.812     36.088    11.0927   3.855883    34.4385     0.9105 1.4609e-03     0.0839    97.9236      98.60    245.810     5.6490 1.7759e+01          1         26 0.0000e+00
   38.78804  -69.19350    11.0616   3.850526    34.4130     34.752     35.019    11.0439   3.849971    34.4242     0.9459 1.6731e-03     0.1130    97.2138      98.60    248.410     5.7086 1.7845e+01          1         22 0.0000e+00
   38.78804  -69.19350    11.0414   3.843444    34.3598     33.739     33.999    11.0385   3.843837    34.3662     1.0401 1.9062e-03     0.1627    96.0128      98.60    251.606     5.7818 1.7845e+01          1         20 0.0000e+00
   38.78804  -69.19350    11.0050   3.837017    34.3288     32.730     32.982    11.0178   3.839584    34.3419     1.3571 2.2564e-03     0.1989    95.1488      98.59    251.808     5.7864 1.7756e+01          1         25 0.0000e+00
   38.78804  -69.19350    10.8889   3.820844    34.2725     31.916     32.161    10.9070   3.823946    34.2859     2.1651 2.6796e-03     0.2554    93.8165      98.60    259.871     5.9715 1.7845e+01          1         80 0.0000e+00
   38.78806  -69.19345    10.6865   3.788958    34.1324     31.024     31.263    10.6844   3.789287    34.1377     3.1696 3.4218e-03     0.3250    92.1975      97.37    267.596     6.1486 1.7882e+01          1        240 0.0000e+00
   38.78806  -69.19342    10.6722   3.783501    34.0886     29.778     30.007    10.6745   3.782569    34.0770     3.2017 4.3529e-03     0.3449    91.7386      98.59    268.974     6.1801 1.7969e+01          1         18 0.0000e+00
   38.78806  -69.19342    10.7274   3.785950    34.0606     28.712     28.933    10.7411   3.785711    34.0450     3.2719 5.1726e-03     0.3639    91.3049      98.60    269.154     6.1840 1.8270e+01          1         21 0.0000e+00
   38.78806  -69.19342    10.8056   3.790888    34.0359     28.013     28.228    10.8362   3.792996    34.0279     3.4163 5.8211e-03     0.3772    91.0004      98.60    271.018     6.2266 1.8239e+01          1         51 0.0000e+00
   38.78806  -69.19340    11.1086   3.812913    33.9677     26.816     27.022    11.1937   3.817534    33.9334     3.3781 6.6955e-03     0.3697    91.1720      98.60    271.937     6.2471 1.7962e+01          1         19 0.0000e+00
   38.78806  -69.19340    11.3570   3.830437    33.9105     25.850     26.048    11.3998   3.833123    33.8975     2.7881 8.0624e-03     0.3539    91.5321      93.58    279.371     6.4173 1.8161e+01          1        113 0.0000e+00
   38.78806  -69.19340    11.4880   3.838857    33.8750     24.801     24.991    11.5044   3.840078    33.8725     2.3015 8.6488e-03     0.3519    91.5785      98.60    283.342     6.5082 1.7917e+01          1         31 0.0000e+00
   38.78806  -69.19340    11.5176   3.840625    33.8680     23.731     23.913    11.5355   3.841612    33.8617     2.4553 1.0147e-02     0.3572    91.4568      98.60    282.498     6.4887 1.8104e+01          1         86 0.0000e+00
   38.78806  -69.19338    11.6086   3.845707    33.8353     22.895     23.070    11.6140   3.846066    33.8345     2.1051 1.0671e-02     0.3599    91.3963      98.60    282.560     6.4899 1.8084e+01          1         28 0.0000e+00
   38.78807  -69.19337    11.6002   3.844766    33.8370     21.626     21.791    11.6132   3.845515    33.8327     2.3102 1.2787e-02     0.3646    91.2888      80.99    283.124     6.5028 1.7960e+01          1         97 0.0000e+00
   38.78808  -69.19336    11.6348   3.845921    33.8180     20.888     21.048    11.6398   3.846203    33.8166     2.2662 1.3224e-02     0.3661    91.2529      98.60    283.674     6.5153 1.7845e+01          1         34 0.0000e+00
   38.78808  -69.19336    11.6388   3.845936    33.8156     19.799     19.951    11.6418   3.846072    33.8146     2.0651 1.5239e-02     0.3658    91.2607      98.60    284.148     6.5262 1.7984e+01          1         32 0.0000e+00
   38.78808  -69.19335    11.6796   3.847422    33.7936     18.956     19.101    11.6766   3.847206    33.7946     2.1552 1.7372e-02     0.3641    91.2996      98.60    284.423     6.5324 1.7891e+01          1         97 0.0000e+00
   38.78808  -69.19334    11.7741   3.851049    33.7424     17.876     18.013    11.7699   3.850843    33.7444     1.7671 1.9176e-02     0.3605    91.3818      98.60    283.714     6.5157 1.7845e+01          1         30 0.0000e+00
   38.78808  -69.19334    11.8106   3.853056    33.7294     16.710     16.838    11.8000   3.852349    33.7325     1.6985 2.3084e-02     0.3599    91.3956      98.61    284.498     6.5336 1.7894e+01          1         46 0.0000e+00
   38.78808  -69.19334    11.8579   3.857056    33.7263     16.009     16.131    11.8418   3.855064    33.7219     1.7193 2.5380e-02     0.3609    91.3739      98.61    284.597     6.5358 1.7902e+01          1         39 0.0000e+00
   38.78809  -69.19333    12.0978   3.878604    33.7141     14.731     14.843    12.1377   3.879721    33.6880     1.5369 3.0115e-02     0.3556    91.4945      98.60    283.168     6.5027 1.7845e+01          1         57 0.0000e+00
   38.78810  -69.19332    12.4732   3.912080    33.6938     14.011     14.118    12.4961   3.913044    33.6823     1.5894 3.2545e-02     0.3525    91.5639      98.61    281.935     6.4738 1.7887e+01          1         53 0.0000e+00
   38.78810  -69.19331    12.5530   3.919616    33.6971     12.845     12.943    12.5647   3.920485    33.6950     1.2938 3.7771e-02     0.3527    91.5589      98.61    276.962     6.3595 1.7845e+01          1         47 0.0000e+00
   38.78810  -69.19330    12.5722   3.921059    33.6978     12.002     12.094    12.5718   3.920868    33.6966     1.3003 4.3057e-02     0.3519    91.5795      98.61    275.223     6.3196 1.7904e+01          1         75 0.0000e+00
   38.78810  -69.19328    12.6114   3.923847    33.6917     10.970     11.054    12.6113   3.923757    33.6911     1.2620 4.7947e-02     0.3504    91.6127      74.99    275.675     6.3299 1.7845e+01          1         41 0.0000e+00
   38.78810  -69.19328    12.6259   3.924240    33.6854      9.999     10.075    12.6258   3.924220    33.6854     1.2124 5.7092e-02     0.3519    91.5778      45.65    275.038     6.3152 1.7861e+01          1        136 0.0000e+00
   38.78810  -69.19328    12.6258   3.923994    33.6854      8.922      8.990    12.6236   3.923952    33.6871     1.2165 6.4736e-02     0.3503    91.6158      98.61    274.778     6.3092 1.7845e+01          1         26 0.0000e+00
   38.78812  -69.19324    12.6279   3.923563    33.6814      7.839      7.899    12.6281   3.923573    33.6814     1.2253 7.6256e-02     0.3522    91.5714      43.89    275.065     6.3158 1.7834e+01          1        197 0.0000e+00
   38.78812  -69.19322    12.6277   3.923133    33.6785      6.973      7.026    12.6282   3.923156    33.6783     1.2099 8.2172e-02     0.3533    91.5458      38.59    275.055     6.3156 1.7783e+01          1         36 0.0000e+00
   38.78814  -69.19316    12.6217   3.924057    33.6935      6.046      6.092    12.6230   3.924028    33.6921     1.2232 1.0506e-01     0.3519    91.5787      69.67    275.520     6.3263 1.7845e+01          1        169 0.0000e+00
   38.78814  -69.19310    12.6177   3.923729    33.6944      5.072      5.111    12.6186   3.923848    33.6947     1.2056 1.4962e-01     0.3521    91.5727      53.10    275.523     6.3264 1.8486e+01          1         87 0.0000e+00
   38.78816  -69.19304    12.6252   3.922690    33.6780      4.163      4.195    12.6256   3.922695    33.6777     1.2282 2.4157e-01     0.3525    91.5652       3.68    275.032     6.3150 1.9091e+01          1        154 0.0000e+00
   38.78816  -69.19304    12.6260   3.922510    33.6762      2.981      3.004    12.6263   3.922540    33.6762     1.2082 2.7731e-01     0.3528    91.5573       1.88    274.822     6.3102 1.9208e+01          1         18 0.0000e+00
   38.78817  -69.19302    12.6252   3.922423    33.6765      1.982      1.997    12.6257   3.922374    33.6756     1.2261 4.0534e-01     0.3549    91.5103       3.05    275.029     6.3150 1.8888e+01          1         77 0.0000e+00
   38.78818  -69.19300    12.6261   3.922227    33.6741      1.379      1.390    12.6260   3.922205    33.6740     1.2295 4.9044e-01     0.3547    91.5156       3.32    275.127     6.3172 1.9184e+01          1         20 0.0000e+00
