Data/ruptures/KN207-01/QL-1/20701034.cnv
* Sea-Bird SBE 9 Data File:
* FileName = C:\Data\ctd\20701034.hex
* Software Version Seasave V 7.21e
* Temperature SN = 4406
* Conductivity SN = 1474
* Number of Bytes Per Scan = 40
* Number of Voltage Words = 5
* Number of Scans Averaged by the Deck Unit = 1
* NMEA Latitude = 38 52.53 N
* NMEA Longitude = 069 06.53 W
* NMEA UTC (Time) = Apr 25 2012 22:02:17
** R/V Knorr Cruise # KN207-01 QL1
** Chief Scientist: Ben Van Mooy
# nquan = 21
# nvalues = 395                         
# units = specified
# name 0 = latitude: Latitude [deg]
# name 1 = longitude: Longitude [deg]
# name 2 = t090C: Temperature [ITS-90, deg C]
# name 3 = c0S/m: Conductivity [S/m]
# name 4 = sal00: Salinity, Practical [PSU]
# name 5 = depSM: Depth [salt water, m]
# name 6 = prDM: Pressure, Digiquartz [db]
# name 7 = t190C: Temperature, 2 [ITS-90, deg C]
# name 8 = c1S/m: Conductivity, 2 [S/m]
# name 9 = sal11: Salinity, Practical, 2 [PSU]
# name 10 = flECO-AFL: Fluorescence, WET Labs ECO-AFL/FL [mg/m^3]
# name 11 = par: PAR/Irradiance, Biospherical/Licor
# name 12 = bat: Beam Attenuation, Chelsea/Seatech [1/m]
# name 13 = xmiss: Beam Transmission, Chelsea/Seatech [%]
# name 14 = altM: Altimeter [m]
# name 15 = sbeox0Mm/Kg: Oxygen, SBE 43 [umol/kg]
# name 16 = sbeox0ML/L: Oxygen, SBE 43 [ml/l]
# name 17 = spar: SPAR/Surface Irradiance
# name 18 = pumps: Pump Status
# name 19 = nbin: number of scans per bin
# name 20 = flag: flag
# span 0 =   38.87570,   38.87790       
# span 1 =  -69.10892,  -69.10877       
# span 2 =    10.8161,    14.6598       
# span 3 =   3.821876,   4.347023       
# span 4 =    32.6308,    35.8053       
# span 5 =      2.171,    198.108       
# span 6 =      2.187,    199.714       
# span 7 =    10.8151,    14.6594       
# span 8 =   3.822019,   4.347107       
# span 9 =    33.3618,    35.8112       
# span 10 =     0.0029,     3.1524      
# span 11 = 1.0000e-12, 7.0086e+00      
# span 12 =    -0.0129,     0.3558      
# span 13 =    91.4881,   100.3218      
# span 14 =       6.34,      98.62      
# span 15 =    143.804,    458.558      
# span 16 =     3.3064,    10.5314      
# span 17 = 1.3267e+03, 1.6189e+03      
# span 18 =          1,          1      
# span 19 =         12,        949      
# span 20 = 0.0000e+00, 0.0000e+00      
# interval = decibars: 1                
# start_time = Apr 25 2012 22:02:17 [NMEA time, header]
# bad_flag = -9.990e-29
*END*
[from data line 345]
   38.87706  -69.10878    12.4213   4.033549    34.9216     50.602     50.994    12.4390   4.036138    34.9301     0.2093 4.2032e-04     0.0170    99.5770      98.57    235.227     5.4064 1.4791e+03          1         34 0.0000e+00
   38.87706  -69.10878    12.4199   4.033275    34.9187     49.654     50.038    12.4152   4.032935    34.9203     0.2471 2.3629e-03     0.0172    99.5725      98.57    236.224     5.4293 1.4546e+03          1         36 0.0000e+00
   38.87706  -69.10878    12.4079   4.031682    34.9137     48.643     49.019    12.4034   4.031370    34.9153     0.2474 1.0000e-12     0.0183    99.5442      98.57    236.100     5.4264 1.4384e+03          1         28 0.0000e+00
   38.87706  -69.10878    12.3915   4.029367    34.9063     47.619     47.987    12.3894   4.029382    34.9088     0.2166 2.0086e-05     0.0169    99.5799      98.57    236.355     5.4323 1.4391e+03          1         22 0.0000e+00
   38.87707  -69.10878    12.3768   4.027334    34.9004     46.614     46.975    12.3757   4.027494    34.9032     0.2133 4.2229e-04     0.0178    99.5562      98.58    236.104     5.4265 1.4453e+03          1         19 0.0000e+00
   38.87708  -69.10878    12.3651   4.025739    34.8959     45.665     46.018    12.3661   4.026122    34.8989     0.2177 4.5499e-04     0.0173    99.5695      98.57    236.071     5.4257 1.4530e+03          1         17 0.0000e+00
   38.87708  -69.10878    12.3350   4.021609    34.8846     44.633     44.978    12.3404   4.023419    34.8971     0.2216 5.9755e-04     0.0180    99.5507      98.57    236.392     5.4331 1.4652e+03          1         22 0.0000e+00
   38.87708  -69.10878    12.2611   4.011883    34.8605     43.640     43.977    12.2746   4.014285    34.8710     0.2207 3.2645e-03     0.0181    99.5498      98.58    236.350     5.4321 1.4800e+03          1         31 0.0000e+00
   38.87708  -69.10878    11.9633   3.973126    34.7642     42.639     42.968    11.9708   3.974928    34.7748     0.3518 3.2792e-02     0.0249    99.3792      95.66    239.133     5.4960 1.4485e+03          1        153 0.0000e+00
   38.87709  -69.10878    11.8370   3.956676    34.7202     41.670     41.992    11.8398   3.957441    34.7250     0.4331 1.0347e-02     0.0352    99.1242      97.95    241.142     5.5421 1.4570e+03          1         33 0.0000e+00
   38.87715  -69.10878    11.6362   3.930730    34.6494     40.711     41.025    11.6486   3.932484    34.6547     0.5274 3.2122e-02     0.0456    98.8676      98.58    243.338     5.5924 1.4670e+03          1        304 0.0000e+00
   38.87723  -69.10878    11.5153   3.914953    34.6050     39.794     40.102    11.5186   3.915895    34.6113     0.6422 6.5571e-02     0.0480    98.8065      98.55    245.448     5.6409 1.4340e+03          1         52 0.0000e+00
   38.87724  -69.10878    11.3772   3.896949    34.5602     38.704     39.002    11.4422   3.906226    34.5894     0.5858 3.4222e-02     0.0516    98.7192      98.58    245.505     5.6421 1.4361e+03          1         33 0.0000e+00
   38.87724  -69.10878    11.2082   3.875380    34.5083     37.599     37.889    11.2807   3.886261    34.5469     0.6451 2.1076e-02     0.0546    98.6434      85.68    246.123     5.6563 1.4389e+03          1         52 0.0000e+00
   38.87726  -69.10878    11.2479   3.880416    34.5180     36.827     37.111    11.1970   3.873846    34.5024     0.7063 2.0099e-02     0.0556    98.6197      93.11    248.335     5.7071 1.4296e+03          1         67 0.0000e+00
   38.87726  -69.10878    11.1142   3.862319    34.4663     35.755     36.030    11.1155   3.863073    34.4726     0.6993 5.1879e-02     0.0612    98.4818      98.59    248.574     5.7125 1.4274e+03          1         30 0.0000e+00
   38.87726  -69.10878    11.0516   3.853197    34.4352     34.727     34.994    11.0782   3.857295    34.4504     0.7413 5.4257e-02     0.0874    97.8396      98.59    248.737     5.7162 1.4369e+03          1         34 0.0000e+00
   38.87726  -69.10878    11.0450   3.852399    34.4314     33.744     34.004    11.0356   3.850983    34.4265     0.9937 6.7727e-02     0.1006    97.5172      98.59    253.317     5.8214 1.4333e+03          1        101 0.0000e+00
   38.87728  -69.10880    10.9566   3.841020    34.4022     32.797     33.049    10.9760   3.844678    34.4200     1.0411 6.3043e-02     0.1086    97.3216      98.59    254.284     5.8436 1.4161e+03          1         30 0.0000e+00
   38.87728  -69.10880    10.8610   3.828951    34.3732     31.735     31.979    10.8916   3.833404    34.3883     1.0935 2.4165e-02     0.1203    97.0364      98.59    252.535     5.8034 1.4260e+03          1         31 0.0000e+00
   38.87728  -69.10879    10.8422   3.826407    34.3630     30.810     31.047    10.8872   3.832215    34.3781     1.2499 1.2630e-01     0.1310    96.7768      98.59    255.615     5.8742 1.4326e+03          1        177 0.0000e+00
   38.87735  -69.10880    10.8587   3.824631    34.3260     29.968     30.198    10.8595   3.825228    34.3313     1.7913 1.2768e-01     0.1764    95.6869      95.64    259.583     5.9652 1.4236e+03          1        797 0.0000e+00
   38.87742  -69.10880    10.8759   3.825344    34.3170     28.751     28.972    10.8786   3.824932    34.3102     1.7904 2.8475e-01     0.2000    95.1228      94.66    259.285     5.9582 1.4221e+03          1         35 0.0000e+00
   38.87742  -69.10880    10.8831   3.824216    34.2993     27.770     27.983    10.8830   3.823820    34.2955     2.1377 3.0843e-01     0.2256    94.5159      86.32    261.370     6.0061 1.4088e+03          1        110 0.0000e+00
   38.87742  -69.10880    10.8864   3.821876    34.2733     26.812     27.018    10.8859   3.822019    34.2752     2.2403 2.9400e-01     0.2406    94.1627      98.60    262.922     6.0416 1.3998e+03          1         37 0.0000e+00
   38.87742  -69.10880    10.9578   3.822420    34.2107     25.712     25.909    11.0906   3.832199    34.1810     2.3567 4.4990e-01     0.2784    93.2790      98.60    264.221     6.0711 1.4128e+03          1         47 0.0000e+00
   38.87742  -69.10880    11.1974   3.840929    34.1673     24.933     25.125    11.1633   3.838347    34.1750     2.8645 4.3784e-01     0.3195    92.3243      98.60    269.478     6.1914 1.4147e+03          1         71 0.0000e+00
   38.87742  -69.10880    11.4204   3.856168    34.1087     23.802     23.985    11.3597   3.851826    34.1236     2.8109 4.7090e-01     0.3187    92.3421      98.60    273.265     6.2779 1.4048e+03          1         47 0.0000e+00
   38.87744  -69.10880    11.5490   3.862697    34.0549     22.836     23.012    11.4660   3.856019    34.0676     3.0073 5.5694e-01     0.3427    91.7894      98.60    275.956     6.3393 1.4033e+03          1         77 0.0000e+00
   38.87745  -69.10880    11.8374   3.881226    33.9699     21.908     22.076    11.6561   3.869086    34.0201     3.1524 6.4998e-01     0.3438    91.7627      98.60    278.050     6.3867 1.4039e+03          1         81 0.0000e+00
   38.87746  -69.10880    11.9287   3.889056    33.9653     20.838     20.998    11.9035   3.885773    33.9549     2.2411 7.7292e-01     0.3436    91.7686      98.60    278.273     6.3917 1.4009e+03          1         55 0.0000e+00
   38.87751  -69.10880    12.1560   3.907747    33.9487     20.003     20.156    12.1202   3.904924    33.9540     1.8008 7.9840e-01     0.3505    91.6104      96.83    278.233     6.3904 1.3975e+03          1        949 0.0000e+00
   38.87758  -69.10880    12.2040   3.912224    33.9505     18.889     19.034    12.2060   3.912379    33.9503     1.6570 7.8096e-01     0.3503    91.6142      98.61    278.368     6.3935 1.3790e+03          1         47 0.0000e+00
   38.87758  -69.10880    12.2274   3.914375    33.9502     17.810     17.947    12.2444   3.916007    33.9502     1.6746 8.5227e-01     0.3494    91.6348      98.61    277.682     6.3777 1.3765e+03          1        100 0.0000e+00
   38.87760  -69.10880    12.2624   3.917927    33.9527     17.021     17.152    12.2848   3.920038    33.9526     1.6224 8.9111e-01     0.3470    91.6895      90.67    277.744     6.3791 1.3691e+03          1        130 0.0000e+00
   38.87760  -69.10880    12.2893   3.920461    33.9532     15.866     15.987    12.3160   3.923020    33.9534     1.5482 8.8446e-01     0.3466    91.7006      72.74    276.959     6.3610 1.3775e+03          1         40 0.0000e+00
   38.87761  -69.10880    12.3142   3.922863    33.9543     14.920     15.034    12.3435   3.925385    33.9518     1.5042 1.0926e+00     0.3430    91.7820      98.62    277.052     6.3631 1.3720e+03          1        161 0.0000e+00
   38.87762  -69.10880    12.3627   3.927243    33.9527     13.863     13.969    12.3887   3.929292    33.9488     1.5169 1.3101e+00     0.3404    91.8422      98.61    276.926     6.3602 1.3581e+03          1         90 0.0000e+00
   38.87763  -69.10880    12.4281   3.932963    33.9488     12.757     12.854    12.4452   3.934351    33.9468     1.3788 1.2780e+00     0.3352    91.9615      98.61    275.886     6.3362 1.3646e+03          1        241 0.0000e+00
   38.87769  -69.10880    12.5024   3.939592    33.9469     12.194     12.287    12.5040   3.939758    33.9471     1.2261 1.4400e+00     0.3296    92.0914      98.62    274.817     6.3115 1.3617e+03          1        554 0.0000e+00
   38.87774  -69.10880    12.5386   3.942485    33.9423     10.877     10.960    12.5425   3.942857    33.9423     1.1864 1.7153e+00     0.3280    92.1284      98.62    274.780     6.3106 1.3520e+03          1         34 0.0000e+00
   38.87775  -69.10879    12.5498   3.943142    33.9387     10.156     10.234    12.5560   3.943705    33.9385     1.1847 1.6785e+00     0.3256    92.1839      79.29    274.501     6.3042 1.3509e+03          1         97 0.0000e+00
   38.87776  -69.10879    12.5838   3.946226    33.9381      8.685      8.751    12.5974   3.947471    33.9375     1.1198 2.3552e+00     0.3194    92.3255      88.78    273.128     6.2726 1.3489e+03          1        153 0.0000e+00
   38.87776  -69.10878    12.6439   3.950930    33.9283      7.989      8.050    12.6527   3.951818    33.9290     1.0606 2.3458e+00     0.3130    92.4740      98.62    272.495     6.2579 1.3355e+03          1         52 0.0000e+00
   38.87778  -69.10880    12.6799   3.954194    33.9274      6.894      6.947    12.7508   3.959923    33.9170     1.0665 3.3356e+00     0.3093    92.5599      98.62    272.596     6.2602 1.3453e+03          1        139 0.0000e+00
   38.87778  -69.10878    12.9557   3.979584    33.9191      5.792      5.837    13.0329   3.986866    33.9184     1.0806 3.6271e+00     0.3039    92.6848      69.00    271.703     6.2393 1.3418e+03          1        160 0.0000e+00
   38.87784  -69.10878    13.3901   4.021048    33.9273      5.196      5.235    13.4359   4.025293    33.9260     1.0199 4.0037e+00     0.2893    93.0222      28.79    270.284     6.2063 1.3347e+03          1        427 0.0000e+00
   38.87788  -69.10878    13.5713   4.037956    33.9253      3.943      3.973    13.5618   4.037099    33.9257     0.9972 4.8882e+00     0.2816    93.2015       6.34    270.031     6.2002 1.3422e+03          1         58 0.0000e+00
   38.87789  -69.10877    13.5637   4.036970    33.9231      3.054      3.077    13.5494   4.035644    33.9242     1.0033 6.3282e+00     0.2787    93.2701      30.74    269.971     6.1988 1.3275e+03          1         51 0.0000e+00
   38.87790  -69.10878    13.6088   4.041553    33.9262      2.171      2.187    13.6061   4.041495    33.9283     1.0039 7.0086e+00     0.2767    93.3180      90.79    269.898     6.1971 1.3267e+03          1        101 0.0000e+00
