Data/ruptures/KN207-01/QL-1/20701035.cnv
* Sea-Bird SBE 9 Data File:
* FileName = C:\Data\ctd\20701035.hex
* Software Version Seasave V 7.21e
* Temperature SN = 4406
* Conductivity SN = 1474
* Number of Bytes Per Scan = 40
* Number of Voltage Words = 5
* Number of Scans Averaged by the Deck Unit = 1
* NMEA Latitude = 38 52.79 N
* NMEA Longitude = 069 06.32 W
* NMEA UTC (Time) = Apr 25 2012 23:48:43
** R/V Knorr Cruise # KN207-01 QL1
** Chief Scientist: Ben Van Mooy
# nquan = 21
# nvalues = 398                         
# units = specified
# name 0 = latitude: Latitude [deg]
# name 1 = longitude: Longitude [deg]
# name 2 = t090C: Temperature [ITS-90, deg C]
# name 3 = c0S/m: Conductivity [S/m]
# name 4 = sal00: Salinity, Practical [PSU]
# name 5 = depSM: Depth [salt water, m]
# name 6 = prDM: Pressure, Digiquartz [db]
# name 7 = t190C: Temperature, 2 [ITS-90, deg C]
# name 8 = c1S/m: Conductivity, 2 [S/m]
# name 9 = sal11: Salinity, Practical, 2 [PSU]
# name 10 = flECO-AFL: Fluorescence, WET Labs ECO-AFL/FL [mg/m^3]
# name 11 = par: PAR/Irradiance, Biospherical/Licor
# name 12 = bat: Beam Attenuation, Chelsea/Seatech [1/m]
# name 13 = xmiss: Beam Transmission, Chelsea/Seatech [%]
# name 14 = altM: Altimeter [m]
# name 15 = sbeox0Mm/Kg: Oxygen, SBE 43 [umol/kg]
# name 16 = sbeox0ML/L: Oxygen, SBE 43 [ml/l]
# name 17 = spar: SPAR/Surface Irradiance
# name 18 = pumps: Pump Status
# name 19 = nbin: number of scans per bin
# name 20 = flag: flag
# span 0 =   38.87914,   38.87996       
# span 1 =  -69.10536,  -69.10422       
# span 2 =    10.7874,    14.6669       
# span 3 =   3.821011,   4.349607       
# span 4 =    32.6317,    35.8113       
# span 5 =      2.239,    199.361       
# span 6 =      2.256,    200.978       
# span 7 =    10.7889,    14.6668       
# span 8 =   3.820881,   4.349667       
# span 9 =    33.1776,    35.8211       
# span 10 =     0.0059,     2.6431      
# span 11 = 1.0000e-12, 1.4284e-01      
# span 12 =    -0.0147,     0.3423      
# span 13 =    91.7988,   100.3673      
# span 14 =       4.47,      98.62      
# span 15 =    145.982,    430.794      
# span 16 =     3.3565,     9.8915      
# span 17 = 1.3322e+01, 1.5303e+01      
# span 18 =          1,          1      
# span 19 =         18,       1251      
# span 20 = 0.0000e+00, 0.0000e+00      
# interval = decibars: 1                
# start_time = Apr 25 2012 23:48:43 [NMEA time, header]
# bad_flag = -9.990e-29
*END*
[from data line 276]
   38.87960  -69.10462    14.2521   4.284255    35.5616    122.001    122.967    14.2640   4.286036    35.5669     0.0485 1.0000e-12    -0.0047   100.1171      98.56    223.126     5.1288 1.3894e+01          1         35 0.0000e+00
   38.87960  -69.10462    14.2271   4.280697    35.5523    121.059    122.018    14.2310   4.281669    35.5578     0.0475 1.0000e-12    -0.0050   100.1244      98.56    223.184     5.1302 1.3623e+01          1         28 0.0000e+00
   38.87960  -69.10462    14.2262   4.280418    35.5508    120.063    121.013    14.2308   4.281205    35.5538     0.0392 1.0000e-12    -0.0043   100.1065      98.57    223.373     5.1345 1.3675e+01          1         23 0.0000e+00
   38.87960  -69.10462    14.2188   4.279421    35.5487    119.037    119.979    14.2253   4.280487    35.5526     0.0398 1.0000e-12    -0.0045   100.1115      98.57    223.786     5.1440 1.3891e+01          1         22 0.0000e+00
   38.87960  -69.10462    14.2181   4.279260    35.5482    118.034    118.967    14.2205   4.279703    35.5502     0.0521 1.0000e-12    -0.0047   100.1163      98.57    223.733     5.1428 1.3854e+01          1         19 0.0000e+00
   38.87959  -69.10462    14.2110   4.278199    35.5453    117.070    117.996    14.2164   4.279257    35.5501     0.0586 1.0000e-12    -0.0005   100.0121      98.57    223.721     5.1425 1.3501e+01          1         19 0.0000e+00
   38.87958  -69.10462    14.1928   4.275547    35.5382    116.069    116.987    14.1999   4.276994    35.5450     0.0361 1.0000e-12    -0.0017   100.0434      98.57    223.789     5.1441 1.3830e+01          1         20 0.0000e+00
   38.87958  -69.10462    14.1720   4.272646    35.5311    115.089    115.999    14.1793   4.274114    35.5380     0.0363 1.0000e-12    -0.0035   100.0874      98.57    223.433     5.1359 1.4098e+01          1         25 0.0000e+00
   38.87958  -69.10462    14.1598   4.271048    35.5278    114.089    114.990    14.1678   4.272178    35.5309     0.0453 1.0000e-12    -0.0040   100.1001      98.57    224.047     5.1500 1.3746e+01          1         37 0.0000e+00
   38.87958  -69.10462    14.1479   4.269313    35.5230    113.134    114.027    14.1527   4.270445    35.5291     0.0432 1.0000e-12    -0.0035   100.0880      98.57    224.700     5.1650 1.4035e+01          1         24 0.0000e+00
   38.87958  -69.10462    14.1328   4.267187    35.5178    112.114    113.000    14.1426   4.268854    35.5241     0.0387 1.0000e-12    -0.0030   100.0756      98.57    224.123     5.1517 1.3719e+01          1         20 0.0000e+00
   38.87958  -69.10462    14.1225   4.265808    35.5148    111.096    111.973    14.1258   4.266520    35.5185     0.0450 1.0000e-12    -0.0030   100.0759      98.57    224.208     5.1537 1.3632e+01          1         18 0.0000e+00
   38.87958  -69.10462    14.1185   4.265225    35.5134    110.088    110.957    14.1195   4.265558    35.5156     0.0445 1.0000e-12    -0.0027   100.0672      98.56    224.850     5.1684 1.3891e+01          1         22 0.0000e+00
   38.87958  -69.10462    14.1175   4.265114    35.5135    109.095    109.956    14.1180   4.265249    35.5144     0.0499 1.0000e-12     0.0024    99.9406      98.57    224.820     5.1678 1.3880e+01          1         27 0.0000e+00
   38.87958  -69.10462    14.1140   4.264634    35.5124    108.147    108.999    14.1152   4.264893    35.5138     0.0459 1.0000e-12    -0.0013   100.0325      98.57    225.191     5.1763 1.4060e+01          1         33 0.0000e+00
   38.87956  -69.10462    14.1124   4.264397    35.5118    107.174    108.019    14.1144   4.264703    35.5129     0.0504 1.0000e-12    -0.0022   100.0555      98.56    224.814     5.1676 1.3562e+01          1         25 0.0000e+00
   38.87956  -69.10462    14.0935   4.261590    35.5039    106.185    107.022    14.1025   4.263425    35.5126     0.0478 1.0000e-12    -0.0029   100.0742      98.57    224.897     5.1695 1.3891e+01          1         22 0.0000e+00
   38.87956  -69.10462    14.0544   4.256154    35.4905    105.168    105.996    14.0724   4.259246    35.5023     0.0430 1.0000e-12    -0.0028   100.0716      98.57    225.445     5.1821 1.4004e+01          1         18 0.0000e+00
   38.87956  -69.10462    14.0461   4.254948    35.4873    104.181    105.002    14.0455   4.255460    35.4928     0.0446 1.0000e-12    -0.0026   100.0659      98.57    225.468     5.1826 1.3880e+01          1         18 0.0000e+00
   38.87956  -69.10462    14.0168   4.250933    35.4777    103.194    104.007    14.0286   4.252897    35.4850     0.0379 1.0000e-12    -0.0029   100.0717      98.57    225.479     5.1829 1.3830e+01          1         20 0.0000e+00
   38.87956  -69.10462    14.0012   4.248891    35.4734    102.144    102.948    14.0169   4.251204    35.4803     0.0208 1.0000e-12    -0.0023   100.0582      98.57    225.500     5.1833 1.3925e+01          1         33 0.0000e+00
   38.87956  -69.10462    13.9938   4.247811    35.4702    101.246    102.043    14.0010   4.249102    35.4757     0.0475 1.0000e-12    -0.0024   100.0593      98.56    226.344     5.2027 1.3756e+01          1         30 0.0000e+00
   38.87956  -69.10462    13.9866   4.246781    35.4675    100.257    101.045    13.9909   4.247613    35.4714     0.0548 1.0000e-12    -0.0020   100.0496      98.57    226.382     5.2036 1.3891e+01          1         22 0.0000e+00
   38.87956  -69.10462    13.9802   4.245933    35.4658     99.231    100.012    13.9856   4.246856    35.4695     0.0427 1.0000e-12    -0.0021   100.0537      98.56    226.233     5.2002 1.4276e+01          1         20 0.0000e+00
   38.87956  -69.10462    13.9735   4.245035    35.4639     98.192     98.964    13.9744   4.245460    35.4672     0.0362 1.0000e-12    -0.0018   100.0452      98.57    225.815     5.1906 1.4035e+01          1         24 0.0000e+00
   38.87954  -69.10460    13.9557   4.242672    35.4588     97.210     97.974    13.9574   4.243185    35.4621     0.0733 1.0000e-12    -0.0024   100.0606      98.57    226.053     5.1960 1.3923e+01          1         29 0.0000e+00
   38.87954  -69.10460    13.9460   4.241369    35.4559     96.290     97.046    13.9477   4.241757    35.4580     0.0657 1.0000e-12    -0.0021   100.0514      98.57    226.778     5.2127 1.3652e+01          1         25 0.0000e+00
   38.87954  -69.10460    13.9434   4.240927    35.4544     95.299     96.048    13.9459   4.241283    35.4554     0.0440 1.0000e-12    -0.0025   100.0629      98.57    226.841     5.2142 1.3675e+01          1         23 0.0000e+00
   38.87954  -69.10460    13.9393   4.240355    35.4531     94.249     94.988    13.9414   4.240822    35.4556     0.0464 1.0000e-12    -0.0020   100.0497      98.57    226.534     5.2071 1.3915e+01          1         21 0.0000e+00
   38.87954  -69.10460    13.9373   4.240064    35.4525     93.227     93.959    13.9382   4.240323    35.4541     0.0641 1.0000e-12    -0.0018   100.0438      98.57    226.258     5.2008 1.4094e+01          1         22 0.0000e+00
   38.87954  -69.10460    13.9306   4.239126    35.4503     92.223     92.946    13.9326   4.239600    35.4529     0.0597 1.0000e-12    -0.0016   100.0387      98.58    226.716     5.2113 1.3942e+01          1         24 0.0000e+00
   38.87954  -69.10460    13.9204   4.237722    35.4470     91.253     91.969    13.9257   4.238588    35.4501     0.0388 1.0000e-12    -0.0017   100.0427      98.57    227.040     5.2187 1.4101e+01          1         28 0.0000e+00
   38.87954  -69.10460    13.9099   4.236080    35.4417     90.285     90.993    13.9090   4.236413    35.4458     0.0493 1.0000e-12    -0.0016   100.0390      98.57    227.124     5.2206 1.3703e+01          1         28 0.0000e+00
   38.87954  -69.10460    13.8918   4.233480    35.4348     89.299     89.999    13.8960   4.234471    35.4402     0.0478 1.0000e-12    -0.0020   100.0496      98.57    227.110     5.2203 1.3790e+01          1         22 0.0000e+00
   38.87954  -69.10460    13.8700   4.230318    35.4260     88.330     89.022    13.8737   4.231214    35.4310     0.0652 1.0000e-12    -0.0002   100.0040      98.57    227.137     5.2209 1.3854e+01          1         19 0.0000e+00
   38.87954  -69.10460    13.8624   4.229284    35.4237     87.337     88.022    13.8638   4.229763    35.4270     0.0646 1.0000e-12     0.0006    99.9848      98.57    226.647     5.2097 1.3703e+01          1         21 0.0000e+00
   38.87954  -69.10460    13.8573   4.228543    35.4218     86.325     87.001    13.8587   4.228896    35.4238     0.0533 1.0000e-12    -0.0021   100.0514      98.57    226.273     5.2011 1.4276e+01          1         25 0.0000e+00
   38.87954  -69.10460    13.8102   4.222019    35.4054     85.332     86.000    13.8207   4.224040    35.4145     0.0648 1.0000e-12    -0.0007   100.0165      98.57    226.824     5.2137 1.3756e+01          1         30 0.0000e+00
   38.87954  -69.10460    13.7718   4.216662    35.3915     84.361     85.021    13.7917   4.219837    35.4025     0.0748 1.0000e-12    -0.0007   100.0172      98.57    226.789     5.2129 1.3846e+01          1         29 0.0000e+00
   38.87954  -69.10460    13.7629   4.215304    35.3871     83.358     84.010    13.7743   4.217302    35.3952     0.0630 1.0000e-12     0.0000   100.0000      98.57    226.674     5.2102 1.4098e+01          1         25 0.0000e+00
   38.87952  -69.10460    13.7450   4.212872    35.3813     82.338     82.982    13.7494   4.214160    35.3894     0.0684 1.0000e-12    -0.0007   100.0177      98.57    227.079     5.2196 1.3830e+01          1         20 0.0000e+00
   38.87952  -69.10460    13.7274   4.210399    35.3749     81.333     81.969    13.7296   4.210975    35.3784     0.0450 1.0000e-12    -0.0008   100.0202      98.57    226.920     5.2159 1.4500e+01          1         18 0.0000e+00
   38.87952  -69.10460    13.7091   4.207925    35.3691     80.352     80.980    13.7117   4.208746    35.3745     0.0680 1.0000e-12    -0.0001   100.0036      98.57    227.088     5.2197 1.3496e+01          1         20 0.0000e+00
   38.87952  -69.10460    13.6789   4.203781    35.3588     79.371     79.992    13.6867   4.205464    35.3674     0.0627 1.0000e-12     0.0007    99.9831      98.58    227.189     5.2221 1.3942e+01          1         24 0.0000e+00
   38.87952  -69.10460    13.6383   4.198199    35.3446     78.375     78.988    13.6463   4.199570    35.3501     0.0934 1.0000e-12     0.0008    99.9795      98.57    227.460     5.2283 1.3857e+01          1         33 0.0000e+00
   38.87952  -69.10460    13.6208   4.195621    35.3367     77.406     78.011    13.6313   4.197290    35.3426     0.0812 1.0000e-12     0.0014    99.9650      98.57    227.167     5.2215 1.3830e+01          1         30 0.0000e+00
   38.87952  -69.10460    13.6260   4.196176    35.3369     76.396     76.992    13.6293   4.196683    35.3386     0.0832 1.0000e-12     0.0017    99.9562      98.60    226.782     5.2127 1.4221e+01          1         24 0.0000e+00
   38.87952  -69.10460    13.6187   4.195041    35.3331     75.424     76.013    13.6226   4.195850    35.3372     0.0740 1.0000e-12     0.0021    99.9473      98.60    227.418     5.2273 1.4128e+01          1         18 0.0000e+00
   38.87952  -69.10460    13.6168   4.194716    35.3319     74.438     75.018    13.6179   4.195052    35.3343     0.0806 1.0000e-12     0.0015    99.9634      98.57    227.617     5.2319 1.3971e+01          1         19 0.0000e+00
   38.87952  -69.10460    13.6174   4.194749    35.3318     73.433     74.005    13.6184   4.194904    35.3325     0.0914 1.0000e-12     0.0009    99.9773      98.57    227.495     5.2291 1.3508e+01          1         18 0.0000e+00
   38.87951  -69.10459    13.6202   4.195035    35.3320     72.435     73.000    13.6218   4.195272    35.3329     0.0828 1.0000e-12     0.0009    99.9780      64.83    227.267     5.2238 1.3772e+01          1         23 0.0000e+00
   38.87950  -69.10458    13.6227   4.195214    35.3315     71.435     71.992    13.6244   4.195545    35.3331     0.0737 1.0000e-12     0.0009    99.9772      95.56    227.102     5.2200 1.4060e+01          1         33 0.0000e+00
   38.87950  -69.10458    13.6135   4.193894    35.3279     70.479     71.028    13.6166   4.194610    35.3318     0.0723 1.0000e-12     0.0005    99.9876      98.57    226.950     5.2165 1.4106e+01          1         34 0.0000e+00
   38.87950  -69.10458    13.5833   4.189781    35.3179     69.457     69.998    13.5914   4.191561    35.3272     0.0844 1.0000e-12     0.0008    99.9794      98.58    226.883     5.2150 1.3741e+01          1         25 0.0000e+00
   38.87950  -69.10458    13.5186   4.180499    35.2921     68.494     69.028    13.5084   4.180569    35.3026     0.0729 1.0000e-12     0.0013    99.9665      98.57    226.808     5.2132 1.4128e+01          1         21 0.0000e+00
   38.87950  -69.10458    13.4565   4.172045    35.2713     67.494     68.019    13.4638   4.173706    35.2801     0.0940 1.0000e-12     0.0012    99.9689      98.58    226.735     5.2115 1.3830e+01          1         20 0.0000e+00
   38.87950  -69.10458    13.4163   4.166587    35.2578     66.490     67.008    13.4331   4.169794    35.2723     0.0869 1.0000e-12     0.0025    99.9387      98.57    226.724     5.2113 1.4128e+01          1         18 0.0000e+00
   38.87950  -69.10458    13.4023   4.164465    35.2509     65.513     66.023    13.4103   4.165875    35.2568     0.0814 1.0000e-12     0.0020    99.9512      98.57    226.791     5.2128 1.3619e+01          1         19 0.0000e+00
   38.87950  -69.10458    13.3989   4.163861    35.2483     64.487     64.989    13.3999   4.164281    35.2514     0.0878 1.0000e-12     0.0011    99.9723      98.57    227.384     5.2264 1.4035e+01          1         24 0.0000e+00
   38.87950  -69.10458    13.3843   4.161927    35.2437     63.500     63.993    13.3818   4.162180    35.2486     0.0938 1.0000e-12     0.0006    99.9846      98.57    228.454     5.2510 1.3562e+01          1         25 0.0000e+00
   38.87950  -69.10458    13.2994   4.150524    35.2161     62.510     62.996    13.3344   4.155848    35.2334     0.1104 1.0000e-12     0.0015    99.9621      98.57    229.228     5.2688 1.3663e+01          1         32 0.0000e+00
   38.87950  -69.10458    13.2421   4.142987    35.1984     61.571     62.049    13.2374   4.143721    35.2101     0.1095 1.0000e-12     0.0018    99.9549      98.57    229.147     5.2669 1.4151e+01          1         32 0.0000e+00
   38.87950  -69.10458    13.1264   4.126887    35.1550     60.580     61.051    13.1611   4.134162    35.1913     0.1011 1.0000e-12     0.0033    99.9166      98.58    229.805     5.2820 1.4276e+01          1         25 0.0000e+00
   38.87950  -69.10458    12.9073   4.097403    35.0820     59.546     60.009    12.9612   4.107388    35.1263     0.0953 1.0000e-12     0.0056    99.8605      98.58    230.939     5.3080 1.3619e+01          1         19 0.0000e+00
   38.87950  -69.10458    12.8719   4.092684    35.0697     58.524     58.979    12.8832   4.095910    35.0903     0.1171 1.0000e-12     0.0072    99.8202      98.58    230.403     5.2956 1.4128e+01          1         18 0.0000e+00
   38.87948  -69.10458    12.8354   4.088031    35.0592     57.482     57.928    12.8368   4.088866    35.0662     0.1314 1.0000e-12     0.0087    99.7825      98.57    230.506     5.2980 1.4165e+01          1         20 0.0000e+00
   38.87948  -69.10458    12.8221   4.086316    35.0544     56.514     56.953    12.8258   4.087166    35.0594     0.1539 1.0000e-12     0.0096    99.7608      98.58    231.633     5.3239 1.4021e+01          1         21 0.0000e+00
   38.87948  -69.10458    12.8177   4.085714    35.0517     55.564     55.995    12.8235   4.086660    35.0556     0.1425 1.0000e-12     0.0103    99.7446      98.58    232.811     5.3510 1.3960e+01          1         31 0.0000e+00
