Data/ruptures/KN207-01/QL-1/20701035.cnv
* Sea-Bird SBE 9 Data File:
* FileName = C:\Data\ctd\20701035.hex
* Software Version Seasave V 7.21e
* Temperature SN = 4406
* Conductivity SN = 1474
* Number of Bytes Per Scan = 40
* Number of Voltage Words = 5
* Number of Scans Averaged by the Deck Unit = 1
* NMEA Latitude = 38 52.79 N
* NMEA Longitude = 069 06.32 W
* NMEA UTC (Time) = Apr 25 2012 23:48:43
** R/V Knorr Cruise # KN207-01 QL1
** Chief Scientist: Ben Van Mooy
# nquan = 21
# nvalues = 398                         
# units = specified
# name 0 = latitude: Latitude [deg]
# name 1 = longitude: Longitude [deg]
# name 2 = t090C: Temperature [ITS-90, deg C]
# name 3 = c0S/m: Conductivity [S/m]
# name 4 = sal00: Salinity, Practical [PSU]
# name 5 = depSM: Depth [salt water, m]
# name 6 = prDM: Pressure, Digiquartz [db]
# name 7 = t190C: Temperature, 2 [ITS-90, deg C]
# name 8 = c1S/m: Conductivity, 2 [S/m]
# name 9 = sal11: Salinity, Practical, 2 [PSU]
# name 10 = flECO-AFL: Fluorescence, WET Labs ECO-AFL/FL [mg/m^3]
# name 11 = par: PAR/Irradiance, Biospherical/Licor
# name 12 = bat: Beam Attenuation, Chelsea/Seatech [1/m]
# name 13 = xmiss: Beam Transmission, Chelsea/Seatech [%]
# name 14 = altM: Altimeter [m]
# name 15 = sbeox0Mm/Kg: Oxygen, SBE 43 [umol/kg]
# name 16 = sbeox0ML/L: Oxygen, SBE 43 [ml/l]
# name 17 = spar: SPAR/Surface Irradiance
# name 18 = pumps: Pump Status
# name 19 = nbin: number of scans per bin
# name 20 = flag: flag
# span 0 =   38.87914,   38.87996       
# span 1 =  -69.10536,  -69.10422       
# span 2 =    10.7874,    14.6669       
# span 3 =   3.821011,   4.349607       
# span 4 =    32.6317,    35.8113       
# span 5 =      2.239,    199.361       
# span 6 =      2.256,    200.978       
# span 7 =    10.7889,    14.6668       
# span 8 =   3.820881,   4.349667       
# span 9 =    33.1776,    35.8211       
# span 10 =     0.0059,     2.6431      
# span 11 = 1.0000e-12, 1.4284e-01      
# span 12 =    -0.0147,     0.3423      
# span 13 =    91.7988,   100.3673      
# span 14 =       4.47,      98.62      
# span 15 =    145.982,    430.794      
# span 16 =     3.3565,     9.8915      
# span 17 = 1.3322e+01, 1.5303e+01      
# span 18 =          1,          1      
# span 19 =         18,       1251      
# span 20 = 0.0000e+00, 0.0000e+00      
# interval = decibars: 1                
# start_time = Apr 25 2012 23:48:43 [NMEA time, header]
# bad_flag = -9.990e-29
*END*
[from data line 345]
   38.87948  -69.10458    12.7470   4.076412    35.0282     53.582     53.997    12.7860   4.082291    35.0476     0.1906 1.0000e-12     0.0102    99.7452      98.58    234.149     5.3817 1.3849e+01          1         24 0.0000e+00
   38.87948  -69.10458    12.6369   4.061573    34.9901     52.581     52.989    12.6829   4.069774    35.0253     0.1612 1.0000e-12     0.0120    99.7009      98.56    234.412     5.3877 1.3915e+01          1         21 0.0000e+00
   38.87948  -69.10458    12.5812   4.054242    34.9719     51.595     51.994    12.5903   4.056988    34.9901     0.2013 1.0000e-12     0.0143    99.6430      98.58    234.199     5.3828 1.4398e+01          1         22 0.0000e+00
   38.87948  -69.10458    12.5409   4.049108    34.9599     50.601     50.993    12.5294   4.049122    34.9715     0.2002 1.0000e-12     0.0154    99.6160      98.58    233.527     5.3673 1.3549e+01          1         27 0.0000e+00
   38.87948  -69.10458    12.4792   4.040865    34.9381     49.617     50.001    12.4708   4.041100    34.9489     0.2199 1.0000e-12     0.0149    99.6296      98.57    235.022     5.4017 1.4430e+01          1         32 0.0000e+00
   38.87948  -69.10458    12.4036   4.030598    34.9101     48.608     48.984    12.4180   4.032990    34.9197     0.2168 1.0000e-12     0.0156    99.6113      98.58    236.313     5.4313 1.3813e+01          1         26 0.0000e+00
   38.87948  -69.10458    12.3687   4.025928    34.8973     47.610     47.979    12.4015   4.031482    34.9199     0.2214 1.0000e-12     0.0182    99.5460      98.58    236.239     5.4296 1.4407e+01          1         24 0.0000e+00
   38.87948  -69.10458    12.3623   4.024973    34.8933     46.642     47.002    12.3721   4.026776    34.9017     0.2128 1.0000e-12     0.0179    99.5533      98.58    236.358     5.4323 1.4354e+01          1         23 0.0000e+00
   38.87948  -69.10458    12.3560   4.024141    34.8905     45.660     46.013    12.3620   4.025330    34.8966     0.2286 1.0000e-12     0.0192    99.5218      93.85    236.913     5.4451 1.3741e+01          1         25 0.0000e+00
   38.87948  -69.10458    12.3239   4.019962    34.8802     44.650     44.995    12.3421   4.022842    34.8910     0.2300 1.0000e-12     0.0195    99.5144      19.56    237.474     5.4579 1.4242e+01          1         26 0.0000e+00
   38.87946  -69.10458    12.2589   4.011472    34.8593     43.618     43.955    12.2414   4.010513    34.8671     0.2508 1.0000e-12     0.0220    99.4521      68.29    238.024     5.4706 1.4330e+01          1         33 0.0000e+00
   38.87946  -69.10458    12.1105   3.993045    34.8210     42.659     42.988    12.1415   3.997881    34.8386     0.2966 1.0000e-12     0.0264    99.3417      89.07    238.285     5.4765 1.3954e+01          1         47 0.0000e+00
   38.87946  -69.10458    11.8456   3.958288    34.7340     41.708     42.030    11.9246   3.971289    34.7857     0.3194 1.0000e-12     0.0297    99.2608      98.58    239.497     5.5043 1.4221e+01          1         32 0.0000e+00
   38.87945  -69.10457    11.6485   3.931769    34.6613     40.737     41.051    11.7395   3.944972    34.7043     0.3733 1.0000e-12     0.0344    99.1455      98.58    240.209     5.5206 1.3830e+01          1         25 0.0000e+00
   38.87944  -69.10456    11.4853   3.910594    34.6071     39.670     39.976    11.4557   3.908427    34.6150     0.4508 1.0000e-12     0.0467    98.8398      38.10    242.199     5.5662 1.3818e+01          1         36 0.0000e+00
   38.87944  -69.10456    11.4327   3.903749    34.5857     38.710     39.009    11.4283   3.902989    34.5829     0.5429 1.0000e-12     0.0514    98.7228      35.01    245.028     5.6312 1.4335e+01          1         61 0.0000e+00
   38.87944  -69.10456    11.3734   3.896579    34.5682     37.721     38.012    11.3879   3.899170    34.5802     0.6307 1.0000e-12     0.0504    98.7470      57.14    246.609     5.6676 1.4255e+01          1         41 0.0000e+00
   38.87944  -69.10456    11.2993   3.886731    34.5395     36.660     36.943    11.2927   3.887323    34.5520     0.6237 1.0000e-12     0.0577    98.5678      98.58    247.431     5.6864 1.4333e+01          1         47 0.0000e+00
   38.87944  -69.10456    11.2877   3.884545    34.5242     35.682     35.957    11.1793   3.871199    34.4965     0.7914 1.0000e-12     0.0642    98.4071      98.58    248.153     5.7029 1.4095e+01          1        113 0.0000e+00
   38.87944  -69.10456    11.1819   3.871913    34.4992     34.842     35.111    11.2351   3.877869    34.5056     0.8605 1.0000e-12     0.0736    98.1756      98.58    248.944     5.7211 1.3802e+01          1         48 0.0000e+00
   38.87942  -69.10456    10.9631   3.842543    34.4158     33.686     33.945    11.1161   3.864147    34.4832     0.8484 1.0000e-12     0.0887    97.8074      80.66    247.471     5.6871 1.4242e+01          1         52 0.0000e+00
   38.87942  -69.10456    10.9970   3.846805    34.4216     32.935     33.188    11.0742   3.857303    34.4526     0.9989 1.0000e-12     0.1056    97.3947      70.76    252.723     5.8078 1.4173e+01          1        130 0.0000e+00
   38.87942  -69.10456    10.8944   3.833516    34.3859     31.745     31.989    10.9082   3.835781    34.3965     1.1320 1.0000e-12     0.1058    97.3886      97.51    251.583     5.7815 1.3976e+01          1         49 0.0000e+00
   38.87940  -69.10456    10.8849   3.832313    34.3809     30.964     31.202    10.9264   3.837835    34.3971     1.1647 1.0000e-12     0.1077    97.3438      68.57    254.179     5.8412 1.4225e+01          1        130 0.0000e+00
   38.87936  -69.10453    10.8768   3.831410    34.3769     30.056     30.287    10.9004   3.834393    34.3847     1.2601 1.0000e-12     0.1050    97.4088      95.08    254.217     5.8421 1.4188e+01          1        594 0.0000e+00
   38.87931  -69.10452    10.8608   3.829047    34.3684     28.847     29.069    10.8937   3.833062    34.3778     1.3689 1.0000e-12     0.1062    97.3788      96.87    254.685     5.8528 1.4204e+01          1        147 0.0000e+00
   38.87925  -69.10448    10.8306   3.825392    34.3606     28.092     28.308    10.8479   3.827709    34.3676     1.2739 1.0000e-12     0.1131    97.2116      98.54    254.978     5.8595 1.4629e+01          1        423 0.0000e+00
   38.87920  -69.10444    10.8103   3.822982    34.3559     26.778     26.984    10.8126   3.823433    34.3585     1.3452 1.0000e-12     0.1201    97.0421      98.61    255.540     5.8724 1.4924e+01          1         42 0.0000e+00
   38.87920  -69.10444    10.8027   3.821126    34.3450     25.842     26.040    10.8000   3.820881    34.3453     1.4393 1.0000e-12     0.1260    96.8988      98.60    255.329     5.8675 1.5097e+01          1         56 0.0000e+00
   38.87920  -69.10444    10.8276   3.822178    34.3321     24.811     25.001    10.8291   3.822164    34.3306     1.5036 1.0000e-12     0.1346    96.6914      98.60    255.681     5.8755 1.4740e+01          1         51 0.0000e+00
   38.87920  -69.10444    10.8765   3.821011    34.2739     23.822     24.005    10.9204   3.822832    34.2500     1.7670 1.0000e-12     0.2380    94.2266      98.60    257.846     5.9250 1.4731e+01          1         53 0.0000e+00
   38.87920  -69.10442    11.1620   3.837584    34.1664     22.835     23.010    11.2209   3.840567    34.1403     2.1877 1.0000e-12     0.2488    93.9685      98.60    259.084     5.9527 1.4924e+01          1         42 0.0000e+00
   38.87920  -69.10442    11.3090   3.847183    34.1246     21.835     22.003    11.2556   3.844833    34.1528     2.3175 1.0000e-12     0.2892    93.0280      98.60    270.109     6.2056 1.5203e+01          1         65 0.0000e+00
   38.87920  -69.10442    11.3555   3.849862    34.1099     20.862     21.022    11.2482   3.844039    34.1544     2.6090 1.0000e-12     0.3085    92.5783      98.60    274.556     6.3076 1.4941e+01          1         43 0.0000e+00
   38.87920  -69.10442    11.5586   3.862622    34.0461     19.781     19.933    11.4287   3.853978    34.0832     2.5330 1.0000e-12     0.3255    92.1849      98.60    274.332     6.3020 1.5100e+01          1         65 0.0000e+00
   38.87920  -69.10441    11.6548   3.868440    34.0159     18.924     19.069    11.4935   3.858489    34.0690     2.6431 3.1898e-05     0.3346    91.9763      98.60    277.179     6.3671 1.4667e+01          1         40 0.0000e+00
   38.87920  -69.10440    11.7736   3.875552    33.9764     17.787     17.924    11.6942   3.870019    33.9949     2.4392 1.0000e-12     0.3358    91.9488      98.60    278.078     6.3874 1.5007e+01          1         44 0.0000e+00
   38.87919  -69.10440    11.8587   3.880251    33.9461     16.977     17.107    11.8069   3.877021    33.9613     2.3513 1.0000e-12     0.3391    91.8725      98.60    279.796     6.4266 1.5041e+01          1         70 0.0000e+00
   38.87918  -69.10440    11.9523   3.886147    33.9189     15.883     16.005    11.8303   3.878007    33.9521     2.0311 1.0000e-12     0.3395    91.8640      98.60    279.475     6.4190 1.5041e+01          1         35 0.0000e+00
   38.87918  -69.10440    12.0521   3.895210    33.9164     14.809     14.922    11.9949   3.890309    33.9202     2.0639 1.0000e-12     0.3363    91.9351      98.60    279.384     6.4168 1.4950e+01          1         57 0.0000e+00
   38.87918  -69.10440    12.1499   3.903534    33.9092     13.931     14.037    12.1035   3.899088    33.9075     1.8589 1.0000e-12     0.3375    91.9080      98.60    278.657     6.4000 1.5145e+01          1         57 0.0000e+00
   38.87918  -69.10439    12.1699   3.905407    33.9124     12.882     12.981    12.1369   3.902354    33.9120     1.6359 2.0173e-05     0.3372    91.9160      98.61    277.905     6.3827 1.5243e+01          1         96 0.0000e+00
   38.87918  -69.10438    12.2523   3.912732    33.9104     11.736     11.826    12.2258   3.909947    33.9070     1.5463 9.3477e-06     0.3336    91.9987      98.60    277.779     6.3797 1.5112e+01          1        142 0.0000e+00
   38.87916  -69.10434    12.4092   3.926368    33.9041     10.833     10.916    12.4073   3.926184    33.9039     1.3231 7.0106e-04     0.3168    92.3852      98.61    275.072     6.3173 1.5217e+01          1       1251 0.0000e+00
   38.87914  -69.10428    12.4614   3.930694    33.8986      9.783      9.858    12.4572   3.930290    33.8987     1.2262 1.0761e-03     0.3132    92.4688      98.61    274.945     6.3143 1.5275e+01          1        105 0.0000e+00
   38.87914  -69.10427    12.5078   3.934417    33.8924      9.114      9.183    12.5083   3.934462    33.8923     1.2127 1.9445e-03     0.3126    92.4823      98.62    273.815     6.2883 1.5303e+01          1        100 0.0000e+00
   38.87914  -69.10427    12.5287   3.935501    33.8849      7.756      7.815    12.5081   3.934083    33.8903     1.1937 4.4239e-03     0.3076    92.5968      98.62    273.470     6.2803 1.5096e+01          1        116 0.0000e+00
   38.87914  -69.10428    12.6293   3.940597    33.8417      6.978      7.031    12.6098   3.939657    33.8504     1.1595 4.8698e-03     0.3058    92.6387      98.62    273.153     6.2727 1.5209e+01          1         44 0.0000e+00
   38.87914  -69.10426    12.6513   3.941696    33.8333      6.112      6.159    12.6520   3.941634    33.8319     1.1993 8.9246e-03     0.3050    92.6590      93.73    273.465     6.2798 1.5275e+01          1        118 0.0000e+00
   38.87914  -69.10424    12.7495   3.947212    33.7977      4.980      5.018    12.7401   3.946344    33.7979     1.2427 1.6928e-02     0.2980    92.8213      89.54    273.179     6.2729 1.5143e+01          1        104 0.0000e+00
   38.87914  -69.10424    12.7815   3.949103    33.7889      3.900      3.930    12.7870   3.949504    33.7876     1.1847 4.8954e-02     0.2951    92.8872      98.62    272.822     6.2646 1.5232e+01          1        163 0.0000e+00
   38.87914  -69.10423    12.8165   3.951849    33.7847      3.109      3.133    12.7916   3.950176    33.7915     1.1698 1.0038e-01     0.2936    92.9226      65.55    272.769     6.2634 1.5193e+01          1        148 0.0000e+00
   38.87914  -69.10422    12.8454   3.953886    33.7786      2.239      2.256    12.8385   3.953249    33.7785     1.1435 1.4284e-01     0.2927    92.9425      13.84    272.695     6.2616 1.5284e+01          1         54 0.0000e+00
