Data/ruptures/KN207-01/QL-1/20701015.cnv
* Sea-Bird SBE 9 Data File:
* FileName = C:\Data\ctd\20701015.hex
* Software Version Seasave V 7.21e
* Temperature SN = 4406
* Conductivity SN = 1474
* Number of Bytes Per Scan = 40
* Number of Voltage Words = 5
* Number of Scans Averaged by the Deck Unit = 1
* NMEA Latitude = 38 58.97 N
* NMEA Longitude = 069 00.03 W
* NMEA UTC (Time) = Apr 23 2012 18:06:59
** R/V Knorr Cruise # KN207-01 QL1
** Chief Scientist: Ben Van Mooy
# nquan = 21
# nvalues = 404                         
# units = specified
# name 0 = latitude: Latitude [deg]
# name 1 = longitude: Longitude [deg]
# name 2 = t090C: Temperature [ITS-90, deg C]
# name 3 = c0S/m: Conductivity [S/m]
# name 4 = sal00: Salinity, Practical [PSU]
# name 5 = depSM: Depth [salt water, m]
# name 6 = prDM: Pressure, Digiquartz [db]
# name 7 = t190C: Temperature, 2 [ITS-90, deg C]
# name 8 = c1S/m: Conductivity, 2 [S/m]
# name 9 = sal11: Salinity, Practical, 2 [PSU]
# name 10 = flECO-AFL: Fluorescence, WET Labs ECO-AFL/FL [mg/m^3]
# name 11 = par: PAR/Irradiance, Biospherical/Licor
# name 12 = bat: Beam Attenuation, Chelsea/Seatech [1/m]
# name 13 = xmiss: Beam Transmission, Chelsea/Seatech [%]
# name 14 = altM: Altimeter [m]
# name 15 = sbeox0Mm/Kg: Oxygen, SBE 43 [umol/kg]
# name 16 = sbeox0ML/L: Oxygen, SBE 43 [ml/l]
# name 17 = spar: SPAR/Surface Irradiance
# name 18 = pumps: Pump Status
# name 19 = nbin: number of scans per bin
# name 20 = flag: flag
# span 0 =   38.98264,   38.98364       
# span 1 =  -69.00076,  -69.00042       
# span 2 =    11.2370,    14.7185       
# span 3 =   3.879612,   6.457176       
# span 4 =    33.9064,    83.0864       
# span 5 =      1.068,    201.879       
# span 6 =      1.076,    203.519       
# span 7 =    11.2379,    14.7183       
# span 8 =   3.881491,   6.453982       
# span 9 =    33.9716,    83.0884       
# span 10 =     0.0025,     2.3762      
# span 11 = 3.9496e-04, 1.3689e+02      
# span 12 =    -0.0153,     1.3456      
# span 13 =    92.2602,   100.3846      
# span 14 =       1.75,      98.94      
# span 15 =    138.999,    442.177      
# span 16 =     3.1961,    10.1554      
# span 17 = 9.0778e+02, 2.8214e+03      
# span 18 =          0,          1      
# span 19 =          8,        770      
# span 20 = 0.0000e+00, 0.0000e+00      
# interval = decibars: 1                
# start_time = Apr 23 2012 18:06:59 [NMEA time, header]
# bad_flag = -9.990e-29
*END*
[from data line 345]
   38.98322  -69.00054    12.8926   4.139132    35.3901     58.799     59.256    12.9144   4.134153    35.3425     0.1153 9.8134e-02     0.0029    99.9284      98.65    185.767     4.2707 9.2391e+02          0         53 0.0000e+00
   38.98322  -69.00052    12.9692   4.125800    35.2354     57.563     58.010    12.9245   4.118697    35.2207     0.1170 1.1003e-01     0.0045    99.8879      47.28    193.044     4.4374 9.3107e+02          0         20 0.0000e+00
   38.98322  -69.00052    13.0035   4.128115    35.2303     56.551     56.990    12.9596   4.120824    35.2119     0.1297 1.1691e-01     0.0069    99.8287      78.15    187.634     4.3130 9.3043e+02          0         18 0.0000e+00
   38.98322  -69.00052    13.0195   4.128311    35.2221     55.565     55.996    12.9772   4.121666    35.2071     0.1632 1.2396e-01     0.0098    99.7542      98.64    183.391     4.2155 9.3620e+02          0         20 0.0000e+00
   38.98321  -69.00054    12.5106   4.100275    35.4537     54.691     55.115    12.5586   4.094736    35.3594     0.1842 1.4371e-01     0.0113    99.7185      98.21    179.485     4.1268 1.0052e+03          0         85 0.0000e+00
   38.98320  -69.00056    12.5022   4.083413    35.3044     53.578     53.994    12.3836   4.073747    35.3293     0.1946 2.0075e-01     0.0124    99.6906      83.28    196.148     4.5094 1.0995e+03          0         24 0.0000e+00
   38.98320  -69.00054    12.4204   4.086604    35.4181     52.596     53.004    12.3162   4.074867    35.4073     0.2052 2.5042e-01     0.0142    99.6473      65.24    190.442     4.3787 1.2876e+03          0         59 0.0000e+00
   38.98320  -69.00054    12.5156   4.095489    35.4133     51.596     51.997    12.4268   4.081139    35.3615     0.2022 2.9714e-01     0.0157    99.6097      98.65    177.734     4.0864 1.7669e+03          0         43 0.0000e+00
   38.98320  -69.00054    12.7353   4.100477    35.2521     50.632     51.025    12.5928   4.088061    35.2700     0.2299 3.4631e-01     0.0143    99.6424      98.65    170.945     3.9297 1.6359e+03          0         52 0.0000e+00
   38.98320  -69.00054    12.7806   4.102311    35.2290     49.649     50.034    12.6240   4.089508    35.2557     0.2432 4.0367e-01     0.0141    99.6493      98.65    168.050     3.8630 1.7619e+03          0         31 0.0000e+00
   38.98320  -69.00054    12.4723   4.101524    35.5233     48.474     48.850    12.4860   4.089103    35.3881     0.2427 3.6371e-01     0.0163    99.5945      98.65    168.366     3.8714 1.5250e+03          0         62 0.0000e+00
   38.98320  -69.00054    12.2792   4.099493    35.6903     47.697     48.066    12.3308   4.089241    35.5399     0.2369 3.0453e-01     0.0183    99.5442      98.65    165.890     3.8151 1.3422e+03          0         42 0.0000e+00
   38.98320  -69.00054    12.7478   4.102863    35.2679     46.562     46.922    12.7344   4.092016    35.1763     0.2671 3.3731e-01     0.0211    99.4745      98.65    161.205     3.7058 1.3478e+03          0         43 0.0000e+00
   38.98320  -69.00053    12.3089   4.101108    35.6790     45.822     46.176    12.0749   4.089238    35.7918     0.2944 3.6128e-01     0.0252    99.3710      98.65    161.219     3.7076 1.2509e+03          0         85 0.0000e+00
   38.98320  -69.00052    12.8371   4.109328    35.2448     44.717     45.063    12.6765   4.094655    35.2554     0.3388 3.5112e-01     0.0250    99.3759      98.65    159.367     3.6634 1.1770e+03          0         26 0.0000e+00
   38.98320  -69.00052    12.8882   4.114044    35.2428     43.690     44.029    12.7482   4.096658    35.2074     0.3013 3.5891e-01     0.0292    99.2722      98.65    161.880     3.7211 1.1538e+03          0         20 0.0000e+00
   38.98320  -69.00052    12.9191   4.116458    35.2379     42.673     43.003    12.7864   4.099864    35.2030     0.3139 3.7759e-01     0.0330    99.1787      98.65    163.485     3.7580 1.1396e+03          0         19 0.0000e+00
   38.98318  -69.00052    12.9444   4.117345    35.2236     41.649     41.971    12.8080   4.102528    35.2094     0.3339 4.1072e-01     0.0346    99.1390      98.65    164.585     3.7832 1.1454e+03          0         21 0.0000e+00
   38.98318  -69.00052    12.0508   4.068350    35.6163     40.751     41.066    12.0888   4.052087    35.4168     0.3683 5.3115e-01     0.0388    99.0335      98.66    182.081     4.1873 1.2159e+03          0         80 0.0000e+00
   38.98320  -69.00052    11.7116   3.988358    35.1515     39.723     40.030    11.7426   3.977322    35.0114     0.3473 7.1531e-01     0.0391    99.0276      98.65    214.775     4.9378 1.2662e+03          0         15 0.0000e+00
   38.98320  -69.00052    11.8183   3.994434    35.1070     38.722     39.021    11.8536   3.993105    35.0584     0.3547 7.6490e-01     0.0388    99.0344      98.65    205.854     4.7325 1.3082e+03          0         15 0.0000e+00
   38.98320  -69.00052    11.9466   4.008139    35.1166     37.714     38.006    11.9147   4.000171    35.0685     0.3645 8.1095e-01     0.0406    98.9890      98.65    196.742     4.5229 1.4001e+03          0         18 0.0000e+00
   38.98319  -69.00052    11.9581   4.014332    35.1663     36.663     36.946    11.9156   4.003973    35.1051     0.4095 8.4654e-01     0.0461    98.8539      98.65    188.998     4.3450 1.4885e+03          0         26 0.0000e+00
   38.98318  -69.00051    11.4979   3.972920    35.2034     35.754     36.030    11.5437   3.957251    35.0035     0.5013 9.4434e-01     0.0521    98.7060      98.65    183.021     4.2080 1.3536e+03          0        156 0.0000e+00
   38.98318  -69.00050    11.3880   3.902192    34.6054     34.742     35.010    11.3546   3.898528    34.6013     0.6070 1.0171e+00     0.0588    98.5416      98.63    255.138     5.8637 1.2582e+03          1         21 0.0000e+00
   38.98318  -69.00050    11.3422   3.896109    34.5891     33.744     34.005    11.3460   3.896710    34.5913     0.5814 1.0529e+00     0.0628    98.4423      98.64    267.268     6.1424 1.2638e+03          1         16 0.0000e+00
   38.98318  -69.00050    11.3437   3.895678    34.5831     32.762     33.015    11.3446   3.895996    34.5854     0.5461 1.1177e+00     0.0735    98.1804      98.65    265.828     6.1094 1.2877e+03          1         16 0.0000e+00
   38.98318  -69.00050    11.3504   3.896384    34.5836     31.755     32.000    11.3504   3.896378    34.5835     0.6697 1.2226e+00     0.0839    97.9249      98.64    262.160     6.0250 1.2826e+03          1         16 0.0000e+00
   38.98318  -69.00050    11.3596   3.897025    34.5809     30.728     30.964    11.3582   3.896977    34.5817     0.7528 1.4037e+00     0.0964    97.6181      98.63    258.602     5.9432 1.3128e+03          1         22 0.0000e+00
   38.98318  -69.00050    11.3536   3.896280    34.5780     29.939     30.169    11.3533   3.896401    34.5794     1.0009 1.8062e+00     0.1108    97.2670      98.63    255.018     5.8609 1.4566e+03          1         76 0.0000e+00
   38.98318  -69.00050    11.3415   3.893973    34.5655     28.809     29.030    11.3395   3.893786    34.5656     1.0803 2.2638e+00     0.1307    96.7867      98.63    254.258     5.8434 1.3312e+03          1         50 0.0000e+00
   38.98318  -69.00050    11.2962   3.886206    34.5323     27.826     28.040    11.3124   3.890025    34.5545     1.4509 2.3393e+00     0.1521    96.2676      98.63    254.201     5.8419 1.2870e+03          1         28 0.0000e+00
   38.98318  -69.00050    11.3204   3.879612    34.4438     26.774     26.980    11.3474   3.881491    34.4365     1.7178 2.6272e+00     0.1884    95.4024      98.64    254.767     5.8545 1.2669e+03          1         23 0.0000e+00
   38.98318  -69.00050    11.4701   3.885253    34.3563     25.798     25.997    11.4567   3.884761    34.3643     2.0066 2.9603e+00     0.2530    93.8704      98.63    255.926     5.8806 1.2348e+03          1         24 0.0000e+00
   38.98318  -69.00050    11.5947   3.892157    34.3063     24.791     24.982    11.5903   3.891354    34.3027     2.0218 3.2150e+00     0.2755    93.3445      98.64    263.921     6.0640 1.2292e+03          1         36 0.0000e+00
   38.98316  -69.00048    11.6248   3.895102    34.3092     24.072     24.257    11.6548   3.896529    34.2949     1.9431 3.6796e+00     0.3015    92.7403      98.64    275.836     6.3377 1.2971e+03          1        102 0.0000e+00
   38.98318  -69.00048    11.7677   3.902996    34.2535     22.807     22.982    11.7850   3.903598    34.2434     1.7519 5.8038e+00     0.3047    92.6648      98.64    275.487     6.3293 1.3193e+03          1         26 0.0000e+00
   38.98318  -69.00048    11.8993   3.912363    34.2220     21.819     21.987    11.9022   3.911848    34.2147     1.7572 6.8713e+00     0.3069    92.6140      98.63    276.078     6.3425 1.3337e+03          1         48 0.0000e+00
   38.98318  -69.00049    11.9834   3.918429    34.2040     20.847     21.007    11.9657   3.917226    34.2093     1.6243 7.2769e+00     0.3075    92.6012      98.64    276.205     6.3453 1.2834e+03          1         42 0.0000e+00
   38.98318  -69.00050    11.9851   3.917885    34.1992     19.830     19.982    11.9771   3.917724    34.2053     1.6083 7.2851e+00     0.3109    92.5214      54.70    275.977     6.3400 1.3509e+03          1         39 0.0000e+00
   38.98317  -69.00049    12.0483   3.923246    34.1951     18.829     18.973    12.0707   3.924829    34.1896     1.6661 1.2423e+01     0.3145    92.4388      93.92    275.959     6.3395 1.8759e+03          1        140 0.0000e+00
   38.98316  -69.00050    12.1062   3.927349    34.1834     17.925     18.063    12.1164   3.927832    34.1787     1.5984 1.2068e+01     0.3159    92.4068      98.63    275.606     6.3313 1.8226e+03          1         13 0.0000e+00
   38.98316  -69.00050    12.1265   3.928756    34.1788     16.882     17.012    12.1399   3.929500    34.1736     1.5940 1.2535e+01     0.3164    92.3943      98.64    275.605     6.3312 1.7150e+03          1         21 0.0000e+00
   38.98315  -69.00049    12.1611   3.931142    34.1717     15.939     16.062    12.1703   3.931762    34.1691     1.5677 1.6292e+01     0.3169    92.3826      98.63    275.750     6.3344 1.8489e+03          1         82 0.0000e+00
   38.98314  -69.00048    12.2047   3.934083    34.1624     14.905     15.019    12.2066   3.934223    34.1618     1.5587 2.9350e+01     0.3184    92.3496      98.64    276.264     6.3462 2.7840e+03          1         22 0.0000e+00
   38.98301  -69.00044    12.3635   3.944428    34.1179     14.025     14.132    12.3586   3.944086    34.1193     1.3796 2.2449e+01     0.3163    92.3978      96.07    274.464     6.3044 1.9931e+03          1        770 0.0000e+00
   38.98278  -69.00044    12.5580   3.956969    34.0639     13.071     13.171    12.5609   3.957211    34.0635     1.1919 1.8140e+01     0.3134    92.4641      98.66    271.393     6.2334 1.5096e+03          1         50 0.0000e+00
   38.98276  -69.00042    12.5607   3.957099    34.0630     11.843     11.934    12.5616   3.957192    34.0631     1.1629 2.0754e+01     0.3142    92.4455      98.66    271.646     6.2392 1.5295e+03          1         36 0.0000e+00
   38.98276  -69.00045    12.5620   3.957153    34.0626     11.041     11.126    12.5621   3.957200    34.0630     1.0645 2.6373e+01     0.3138    92.4558      28.47    271.379     6.2331 1.4390e+03          1        164 0.0000e+00
   38.98274  -69.00043    12.5565   3.956729    34.0642      9.915      9.991    12.5541   3.956631    34.0654     0.9546 2.5729e+01     0.3142    92.4450       4.23    271.562     6.2373 1.4626e+03          1         86 0.0000e+00
   38.98274  -69.00042    12.5457   3.955911    34.0667      8.918      8.986    12.5515   3.956374    34.0657     0.9453 3.1275e+01     0.3147    92.4343      52.58    271.591     6.2379 1.3650e+03          1         38 0.0000e+00
   38.98272  -69.00046    12.5469   3.955963    34.0662      7.916      7.976    12.5450   3.955863    34.0671     0.9066 3.0523e+01     0.3149    92.4294       2.14    271.654     6.2394 1.2477e+03          1        157 0.0000e+00
   38.98272  -69.00044    12.5503   3.956151    34.0653      7.087      7.141    12.5469   3.955978    34.0668     0.8263 3.3457e+01     0.3155    92.4144       2.17    271.470     6.2352 1.2235e+03          1         46 0.0000e+00
   38.98270  -69.00046    12.5394   3.955400    34.0687      5.968      6.013    12.5415   3.955601    34.0686     0.8697 4.2782e+01     0.3167    92.3878       1.90    272.136     6.2505 1.2600e+03          1         34 0.0000e+00
   38.98270  -69.00047    12.5166   3.953809    34.0748      4.960      4.998    12.5177   3.953940    34.0751     0.8381 5.2840e+01     0.3163    92.3976       2.31    272.176     6.2515 1.3257e+03          1        138 0.0000e+00
   38.98269  -69.00047    12.5130   3.953521    34.0754      4.003      4.034    12.5113   3.953444    34.0763     0.8581 6.6625e+01     0.3171    92.3779       1.75    271.972     6.2468 1.4499e+03          1         48 0.0000e+00
   38.98268  -69.00046    12.5054   3.952991    34.0778      2.936      2.958    12.5076   3.953185    34.0776     0.8395 7.8740e+01     0.3179    92.3606       2.69    272.078     6.2492 1.3714e+03          1         75 0.0000e+00
   38.98267  -69.00047    12.4924   3.952109    34.0815      2.079      2.095    12.4930   3.952235    34.0823     0.8223 8.7263e+01     0.3184    92.3488       1.94    271.949     6.2463 1.2877e+03          1         66 0.0000e+00
   38.98264  -69.00044    12.4799   3.951222    34.0848      1.068      1.076    12.4805   3.951346    34.0855     0.7933 1.3665e+02     0.3218    92.2704       2.04    272.493     6.2588 1.3845e+03          1         15 0.0000e+00
