Data/ruptures/KN207-01/QL-1/20701045.cnv
* Sea-Bird SBE 9 Data File:
* FileName = C:\Data\ctd\20701045.hex
* Software Version Seasave V 7.21e
* Temperature SN = 4406
* Conductivity SN = 1474
* Number of Bytes Per Scan = 40
* Number of Voltage Words = 5
* Number of Scans Averaged by the Deck Unit = 1
* NMEA Latitude = 38 44.26 N
* NMEA Longitude = 069 11.84 W
* NMEA UTC (Time) = Apr 27 2012 19:04:26
** R/V Knorr Cruise # KN207-01 QL1
** Chief Scientist: Ben Van Mooy
# nquan = 21
# nvalues = 402                         
# units = specified
# name 0 = latitude: Latitude [deg]
# name 1 = longitude: Longitude [deg]
# name 2 = t090C: Temperature [ITS-90, deg C]
# name 3 = c0S/m: Conductivity [S/m]
# name 4 = sal00: Salinity, Practical [PSU]
# name 5 = depSM: Depth [salt water, m]
# name 6 = prDM: Pressure, Digiquartz [db]
# name 7 = t190C: Temperature, 2 [ITS-90, deg C]
# name 8 = c1S/m: Conductivity, 2 [S/m]
# name 9 = sal11: Salinity, Practical, 2 [PSU]
# name 10 = flECO-AFL: Fluorescence, WET Labs ECO-AFL/FL [mg/m^3]
# name 11 = par: PAR/Irradiance, Biospherical/Licor
# name 12 = bat: Beam Attenuation, Chelsea/Seatech [1/m]
# name 13 = xmiss: Beam Transmission, Chelsea/Seatech [%]
# name 14 = altM: Altimeter [m]
# name 15 = sbeox0Mm/Kg: Oxygen, SBE 43 [umol/kg]
# name 16 = sbeox0ML/L: Oxygen, SBE 43 [ml/l]
# name 17 = spar: SPAR/Surface Irradiance
# name 18 = pumps: Pump Status
# name 19 = nbin: number of scans per bin
# name 20 = flag: flag
# span 0 =   38.73696,   38.73780       
# span 1 =  -69.19762,  -69.19736       
# span 2 =    11.2575,    14.7349       
# span 3 =   3.868525,   4.361298       
# span 4 =    33.2302,    35.8124       
# span 5 =      2.294,    200.945       
# span 6 =      2.311,    202.573       
# span 7 =    11.2509,    14.7343       
# span 8 =   3.874329,   4.361621       
# span 9 =    33.7191,    35.8159       
# span 10 =     0.0035,     2.6032      
# span 11 = 1.0000e-12, 3.7747e+01      
# span 12 =    -0.0111,     0.3420      
# span 13 =    91.8049,   100.2786      
# span 14 =       4.19,      98.61      
# span 15 =    140.204,    379.541      
# span 16 =     3.2237,     8.7156      
# span 17 = 9.2835e+02, 2.7123e+03      
# span 18 =          1,          1      
# span 19 =         11,        511      
# span 20 = 0.0000e+00, 0.0000e+00      
# interval = decibars: 1                
# start_time = Apr 27 2012 19:04:26 [NMEA time, header]
# bad_flag = -9.990e-29
*END*
[from data line 138]
   38.73750  -69.19742    14.6778   4.344034    35.7111    139.880    140.993    14.6776   4.344104    35.7120     0.0363 2.2022e-03    -0.0071   100.1785      98.52    216.340     4.9730 2.4426e+03          1         19 0.0000e+00
   38.73750  -69.19742    14.6870   4.345615    35.7169    140.878    141.998    14.6874   4.345511    35.7155     0.0292 2.1313e-03    -0.0072   100.1797      98.53    216.084     4.9671 2.4395e+03          1         20 0.0000e+00
   38.73750  -69.19742    14.6889   4.346351    35.7217    141.899    143.028    14.6889   4.346615    35.7242     0.0151 2.0548e-03    -0.0076   100.1907      98.51    216.177     4.9693 2.4343e+03          1         19 0.0000e+00
   38.73750  -69.19742    14.6792   4.345490    35.7229    142.905    144.043    14.6792   4.345596    35.7238     0.0076 1.9722e-03    -0.0080   100.1981      98.52    216.015     4.9655 2.4329e+03          1         23 0.0000e+00
   38.73750  -69.19742    14.6789   4.345498    35.7230    143.899    145.045    14.6793   4.345637    35.7240     0.0224 1.8732e-03    -0.0082   100.2035      98.52    214.714     4.9357 2.4355e+03          1         26 0.0000e+00
   38.73750  -69.19742    14.6721   4.344924    35.7242    144.880    146.034    14.6724   4.345103    35.7255     0.0355 1.7755e-03    -0.0087   100.2160      98.52    210.772     4.8450 2.4323e+03          1         55 0.0000e+00
   38.73750  -69.19742    14.6381   4.340763    35.7179    145.769    146.930    14.6394   4.341780    35.7260     0.0266 1.7273e-03    -0.0072   100.1796      98.52    209.948     4.8261 2.4350e+03          1         27 0.0000e+00
   38.73750  -69.19742    14.5552   4.331063    35.7063    146.844    148.013    14.5544   4.331710    35.7130     0.0320 1.6668e-03    -0.0066   100.1644      98.52    209.981     4.8269 2.4421e+03          1         18 0.0000e+00
   38.73750  -69.19742    14.5353   4.329065    35.7061    147.859    149.037    14.5350   4.329044    35.7062     0.0364 1.6087e-03    -0.0066   100.1651      98.52    209.376     4.8130 2.4463e+03          1         12 0.0000e+00
   38.73750  -69.19742    14.5550   4.332655    35.7200    148.825    150.012    14.5551   4.332084    35.7146     0.0166 1.5409e-03    -0.0091   100.2272      98.51    208.069     4.7830 2.4482e+03          1         14 0.0000e+00
   38.73750  -69.19742    14.5843   4.337155    35.7332    149.851    151.046    14.5839   4.336546    35.7279     0.0167 1.5043e-03    -0.0088   100.2203      98.51    206.578     4.7488 2.4484e+03          1         15 0.0000e+00
   38.73750  -69.19742    14.6456   4.346182    35.7579    150.858    152.061    14.6476   4.345577    35.7505     0.0210 1.4076e-03    -0.0086   100.2150      98.52    205.040     4.7134 2.4421e+03          1         21 0.0000e+00
   38.73750  -69.19742    14.6859   4.352110    35.7742    151.831    153.042    14.6857   4.351925    35.7727     0.0219 1.3549e-03    -0.0076   100.1906      98.52    201.152     4.6241 2.4334e+03          1         33 0.0000e+00
   38.73750  -69.19742    14.7153   4.357531    35.7963    152.727    153.946    14.7150   4.357238    35.7938     0.0214 1.3106e-03    -0.0092   100.2293      98.52    194.013     4.4600 2.4296e+03          1         36 0.0000e+00
   38.73750  -69.19742    14.7349   4.361298    35.8124    153.735    154.962    14.7343   4.361621    35.8159     0.0355 1.2629e-03    -0.0087   100.2158      98.52    188.836     4.3410 2.4361e+03          1         27 0.0000e+00
   38.73750  -69.19742    14.6437   4.349999    35.7945    154.779    156.016    14.6423   4.351482    35.8095     0.0297 1.2338e-03    -0.0094   100.2353      98.52    186.995     4.2987 2.4431e+03          1         19 0.0000e+00
   38.73749  -69.19742    14.5686   4.342105    35.7924    155.786    157.031    14.5686   4.342272    35.7939     0.0281 1.1846e-03    -0.0102   100.2559      98.53    185.493     4.2643 2.4488e+03          1         17 0.0000e+00
   38.73748  -69.19742    14.5686   4.342401    35.7945    156.766    158.019    14.5681   4.342520    35.7961     0.0347 1.1500e-03    -0.0102   100.2543      98.53    183.209     4.2118 2.4483e+03          1         19 0.0000e+00
   38.73748  -69.19742    14.5595   4.341516    35.7942    157.773    159.035    14.5595   4.341689    35.7958     0.0344 1.0916e-03    -0.0100   100.2497      98.52    179.375     4.1236 2.4416e+03          1         32 0.0000e+00
   38.73748  -69.19742    14.5470   4.340153    35.7927    158.717    159.986    14.5471   4.340416    35.7950     0.0409 1.0634e-03    -0.0102   100.2549      98.52    174.700     4.0162 2.4380e+03          1         38 0.0000e+00
   38.73748  -69.19742    14.5211   4.337272    35.7899    159.693    160.970    14.5211   4.337644    35.7933     0.0219 1.0339e-03    -0.0101   100.2529      98.52    173.853     3.9967 2.4377e+03          1         22 0.0000e+00
   38.73748  -69.19742    14.4991   4.334983    35.7890    160.688    161.974    14.4989   4.335160    35.7908     0.0450 9.9797e-04    -0.0102   100.2558      98.52    173.818     3.9959 2.4433e+03          1         18 0.0000e+00
   38.73748  -69.19742    14.5024   4.336050    35.7950    161.725    163.019    14.5022   4.336096    35.7956     0.0337 9.6277e-04    -0.0100   100.2497      98.52    173.485     3.9883 2.4461e+03          1         16 0.0000e+00
   38.73748  -69.19742    14.4842   4.334582    35.7981    162.764    164.067    14.4842   4.335092    35.8028     0.0299 9.1544e-04    -0.0098   100.2443      98.52    172.928     3.9755 2.4559e+03          1         15 0.0000e+00
   38.73748  -69.19742    14.4565   4.331672    35.7968    163.713    165.025    14.4566   4.332059    35.8004     0.0358 8.7891e-04    -0.0093   100.2317      98.51    171.812     3.9499 2.4563e+03          1         17 0.0000e+00
   38.73748  -69.19742    14.4321   4.329424    35.7985    164.722    166.042    14.4321   4.329758    35.8015     0.0252 8.3399e-04    -0.0093   100.2313      98.52    170.046     3.9093 2.4465e+03          1         25 0.0000e+00
   38.73748  -69.19742    14.4134   4.327620    35.7984    165.704    167.032    14.4135   4.327807    35.8001     0.0363 8.1205e-04    -0.0100   100.2492      98.52    166.632     3.8308 2.4397e+03          1         48 0.0000e+00
   38.73748  -69.19742    14.4024   4.326898    35.8012    166.612    167.947    14.4023   4.327020    35.8023     0.0411 7.8763e-04    -0.0098   100.2465      98.52    164.384     3.7792 2.4407e+03          1         32 0.0000e+00
   38.73748  -69.19742    14.3974   4.327000    35.8061    167.633    168.977    14.3970   4.327056    35.8069     0.0366 7.7954e-04    -0.0098   100.2461      98.53    163.620     3.7616 2.4446e+03          1         19 0.0000e+00
   38.73748  -69.19742    14.3859   4.326014    35.8072    168.627    169.980    14.3862   4.326494    35.8113     0.0186 7.6438e-04    -0.0101   100.2529      98.51    163.647     3.7623 2.4528e+03          1         18 0.0000e+00
   38.73748  -69.19742    14.3352   4.320574    35.8042    169.615    170.975    14.3357   4.321615    35.8135     0.0264 7.4233e-04    -0.0100   100.2497      98.52    163.400     3.7566 2.4572e+03          1         16 0.0000e+00
   38.73748  -69.19742    14.2943   4.316245    35.8023    170.603    171.973    14.2944   4.316630    35.8058     0.0440 7.0817e-04    -0.0093   100.2332      98.52    162.469     3.7352 2.4540e+03          1         17 0.0000e+00
   38.73748  -69.19742    14.2562   4.311790    35.7963    171.620    172.998    14.2563   4.312952    35.8071     0.0225 6.9184e-04    -0.0097   100.2438      98.52    161.410     3.7109 2.4494e+03          1         17 0.0000e+00
   38.73748  -69.19742    14.1406   4.298793    35.7846    172.643    174.029    14.1412   4.300311    35.7982     0.0252 6.5455e-04    -0.0101   100.2517      98.52    160.050     3.6797 2.4438e+03          1         21 0.0000e+00
   38.73748  -69.19742    14.0761   4.291944    35.7806    173.694    175.089    14.0762   4.292205    35.7830     0.0236 6.3556e-04    -0.0096   100.2412      98.52    156.887     3.6070 2.4417e+03          1         35 0.0000e+00
   38.73748  -69.19742    14.0655   4.290735    35.7773    174.435    175.836    14.1151   4.296534    35.7841     0.0309 6.0347e-04    -0.0084   100.2103      98.52    152.059     3.4960 2.4462e+03          1         61 0.0000e+00
   38.73747  -69.19743    13.9876   4.282316    35.7712    175.582    176.993    13.9877   4.282968    35.7776     0.0340 5.9837e-04    -0.0098   100.2461      98.53    151.622     3.4860 2.4557e+03          1         19 0.0000e+00
   38.73746  -69.19744    13.9382   4.276930    35.7670    176.601    178.021    13.9382   4.278311    35.7804     0.0576 5.9009e-04    -0.0089   100.2232      98.53    151.905     3.4925 2.4577e+03          1         13 0.0000e+00
   38.73746  -69.19744    13.8918   4.271814    35.7626    177.603    179.032    13.8918   4.272870    35.7728     0.0415 5.8198e-04    -0.0091   100.2272      98.51    152.060     3.4961 2.4602e+03          1         11 0.0000e+00
   38.73746  -69.19744    13.8159   4.262797    35.7498    178.521    179.957    13.8154   4.264820    35.7696     0.0295 5.8198e-04    -0.0090   100.2249      98.52    151.950     3.4936 2.4659e+03          1         11 0.0000e+00
   38.73746  -69.19744    13.7396   4.254616    35.7451    179.604    181.049    13.7384   4.255752    35.7572     0.0295 5.4685e-04    -0.0098   100.2459      98.53    151.338     3.4796 2.4622e+03          1         11 0.0000e+00
   38.73746  -69.19744    13.7046   4.251208    35.7454    180.571    182.024    13.7053   4.251667    35.7494     0.0298 5.3810e-04    -0.0098   100.2465      98.53    150.168     3.4527 2.4576e+03          1         12 0.0000e+00
   38.73746  -69.19744    13.6832   4.248899    35.7426    181.607    183.070    13.6840   4.249406    35.7469     0.0190 5.1222e-04    -0.0091   100.2272      98.53    147.997     3.4028 2.4470e+03          1         25 0.0000e+00
   38.73747  -69.19743    13.7654   4.258176    35.7482    182.258    183.726    13.7966   4.261699    35.7516     0.0240 4.8599e-04    -0.0091   100.2260      98.53    145.331     3.3414 2.4390e+03          1         66 0.0000e+00
   38.73748  -69.19742    13.6901   4.249118    35.7334    183.505    184.984    13.6994   4.252773    35.7594     0.0347 4.5287e-04    -0.0100   100.2495      98.52    146.888     3.3773 2.4632e+03          1         15 0.0000e+00
   38.73748  -69.19742    13.6222   4.242593    35.7361    184.493    185.980    13.6223   4.243072    35.7410     0.0219 4.4582e-04    -0.0099   100.2474      98.53    147.706     3.3961 2.4677e+03          1         14 0.0000e+00
   38.73748  -69.19742    13.5986   4.239826    35.7317    185.506    187.002    13.5985   4.240520    35.7388     0.0200 4.5108e-04    -0.0094   100.2358      98.52    147.818     3.3987 2.4708e+03          1         12 0.0000e+00
   38.73748  -69.19742    13.5511   4.234493    35.7260    186.502    188.006    13.5511   4.235498    35.7360     0.0142 4.7568e-04    -0.0096   100.2391      98.53    147.511     3.3917 2.4760e+03          1         13 0.0000e+00
   38.73746  -69.19742    13.4835   4.227045    35.7195    187.555    189.068    13.4843   4.228289    35.7309     0.0143 4.4189e-04    -0.0096   100.2409      98.53    146.471     3.3678 2.4744e+03          1         15 0.0000e+00
   38.73744  -69.19742    13.4558   4.224412    35.7197    188.568    190.090    13.4558   4.224643    35.7222     0.0163 4.3017e-04    -0.0099   100.2483      98.52    144.461     3.3216 2.4569e+03          1         28 0.0000e+00
   38.73744  -69.19742    13.4941   4.228573    35.7199    189.250    190.777    13.4905   4.228589    35.7237     0.0328 4.0663e-04    -0.0097   100.2438      98.53    142.596     3.2787 2.4327e+03          1         59 0.0000e+00
   38.73744  -69.19742    13.4253   4.221014    35.7128    190.446    191.983    13.4252   4.221737    35.7199     0.0454 3.3255e-04    -0.0097   100.2415      98.53    143.043     3.2890 2.4386e+03          1         18 0.0000e+00
   38.73747  -69.19743    13.3695   4.214810    35.7067    191.482    193.029    13.3696   4.215611    35.7142     0.0369 3.4469e-04    -0.0102   100.2558      98.53    143.310     3.2951 2.4526e+03          1         18 0.0000e+00
   38.73748  -69.19744    13.3103   4.208078    35.6986    192.454    194.009    13.3103   4.209053    35.7081     0.0278 3.6128e-04    -0.0099   100.2488      98.52    143.226     3.2932 2.4631e+03          1         19 0.0000e+00
   38.73747  -69.19743    13.3881   4.217110    35.7067    193.297    194.859    13.3747   4.215828    35.7076     0.0196 3.5039e-04    -0.0095   100.2372      98.53    142.696     3.2810 2.4686e+03          1         95 0.0000e+00
   38.73744  -69.19742    13.3867   4.216470    35.7013    194.432    196.004    13.3439   4.213098    35.7103     0.0352 3.1441e-04    -0.0095   100.2370      98.53    144.479     3.3220 2.4615e+03          1         21 0.0000e+00
   38.73744  -69.19742    13.2187   4.198310    35.6897    195.451    197.032    13.2185   4.198738    35.6937     0.0425 3.3254e-04    -0.0101   100.2539      98.53    144.315     3.3183 2.4565e+03          1         25 0.0000e+00
   38.73744  -69.19744    13.1997   4.196195    35.6857    196.516    198.106    13.1998   4.196403    35.6874     0.0455 3.2044e-04    -0.0103   100.2570      98.53    141.947     3.2639 2.4630e+03          1         63 0.0000e+00
   38.73744  -69.19744    13.2442   4.201143    35.6865    197.390    198.987    13.2911   4.206377    35.6916     0.0377 3.1180e-04    -0.0096   100.2407      98.53    140.967     3.2413 2.4668e+03          1        147 0.0000e+00
   38.73744  -69.19744    13.1611   4.192028    35.6789    198.360    199.965    13.1820   4.195006    35.6876     0.0344 3.2989e-04    -0.0103   100.2585      98.53    142.424     3.2748 2.4612e+03          1         41 0.0000e+00
   38.73744  -69.19744    13.1331   4.188903    35.6750    199.411    201.025    13.1329   4.189087    35.6774     0.0375 3.1137e-04    -0.0105   100.2643      98.53    141.361     3.2504 2.4621e+03          1         36 0.0000e+00
   38.73742  -69.19744    13.1752   4.193461    35.6766    200.246    201.867    13.1993   4.196444    35.6820     0.0334 2.9544e-04    -0.0108   100.2711      98.53    141.371     3.2506 2.4717e+03          1        198 0.0000e+00
   38.73739  -69.19743    13.1570   4.192095    35.6811    200.945    202.573    13.2130   4.197756    35.6816     0.0407 2.6429e-04    -0.0103   100.2585      98.53    141.289     3.2487 2.4579e+03          1         55 0.0000e+00
   38.73738  -69.19742    13.2416   4.201187    35.6859    200.427    202.050    13.2956   4.206770    35.6877     0.0316 2.6760e-04    -0.0108   100.2703      98.53    140.751     3.2363 2.4455e+03          1         31 0.0000e+00
   38.73741  -69.19742    13.2660   4.203779    35.6875    199.550    201.166    13.3151   4.209367    35.6943     0.0321 2.5981e-04    -0.0108   100.2713      98.53    140.914     3.2401 2.4755e+03          1         92 0.0000e+00
   38.73738  -69.19744    13.2655   4.203733    35.6880    198.374    199.980    13.3099   4.208762    35.6942     0.0188 2.7509e-04    -0.0106   100.2665      98.53    140.870     3.2391 2.4896e+03          1         36 0.0000e+00
   38.73738  -69.19744    13.2424   4.201153    35.6863    197.406    199.003    13.2944   4.207116    35.6941     0.0238 2.7556e-04    -0.0107   100.2690      98.53    141.221     3.2471 2.4671e+03          1         64 0.0000e+00
   38.73740  -69.19744    13.2237   4.199095    35.6852    196.449    198.038    13.2660   4.204178    35.6940     0.0090 2.7228e-04    -0.0104   100.2612      98.53    141.047     3.2431 2.4794e+03          1         28 0.0000e+00
