Data/ruptures/KN207-01/QL-1/20701028.cnv
* Sea-Bird SBE 9 Data File:
* FileName = C:\Data\ctd\20701028.hex
* Software Version Seasave V 7.21e
* Temperature SN = 4406
* Conductivity SN = 1474
* Number of Bytes Per Scan = 40
* Number of Voltage Words = 5
* Number of Scans Averaged by the Deck Unit = 1
* NMEA Latitude = 38 53.71 N
* NMEA Longitude = 069 01.48 W
* NMEA UTC (Time) = Apr 25 2012 10:04:54
** R/V Knorr Cruise # KN207-01 QL1
** Chief Scientist: Ben Van Mooy
# nquan = 21
# nvalues = 397                         
# units = specified
# name 0 = latitude: Latitude [deg]
# name 1 = longitude: Longitude [deg]
# name 2 = t090C: Temperature [ITS-90, deg C]
# name 3 = c0S/m: Conductivity [S/m]
# name 4 = sal00: Salinity, Practical [PSU]
# name 5 = depSM: Depth [salt water, m]
# name 6 = prDM: Pressure, Digiquartz [db]
# name 7 = t190C: Temperature, 2 [ITS-90, deg C]
# name 8 = c1S/m: Conductivity, 2 [S/m]
# name 9 = sal11: Salinity, Practical, 2 [PSU]
# name 10 = flECO-AFL: Fluorescence, WET Labs ECO-AFL/FL [mg/m^3]
# name 11 = par: PAR/Irradiance, Biospherical/Licor
# name 12 = bat: Beam Attenuation, Chelsea/Seatech [1/m]
# name 13 = xmiss: Beam Transmission, Chelsea/Seatech [%]
# name 14 = altM: Altimeter [m]
# name 15 = sbeox0Mm/Kg: Oxygen, SBE 43 [umol/kg]
# name 16 = sbeox0ML/L: Oxygen, SBE 43 [ml/l]
# name 17 = spar: SPAR/Surface Irradiance
# name 18 = pumps: Pump Status
# name 19 = nbin: number of scans per bin
# name 20 = flag: flag
# span 0 =   38.89299,   38.89516       
# span 1 =  -69.02736,  -69.02470       
# span 2 =    11.2848,    14.7394       
# span 3 =   3.608182,   4.360876       
# span 4 =    31.1655,    35.8360       
# span 5 =      2.891,    199.211       
# span 6 =      2.914,    200.827       
# span 7 =    11.2573,    14.7394       
# span 8 =   3.781496,   4.361153       
# span 9 =    32.8299,    35.8435       
# span 10 =     0.0031,     2.7746      
# span 11 = 1.0000e-12, 8.3177e+00      
# span 12 =    -0.0150,     0.3317      
# span 13 =    92.0425,   100.3770      
# span 14 =       5.47,      98.62      
# span 15 =    146.513,    451.608      
# span 16 =     3.3686,    10.3704      
# span 17 = 6.9195e+01, 2.5906e+02      
# span 18 =          0,          1      
# span 19 =         12,        861      
# span 20 = 0.0000e+00, 0.0000e+00      
# interval = decibars: 1                
# start_time = Apr 25 2012 10:04:54 [NMEA time, header]
# bad_flag = -9.990e-29
*END*
[from data line 276]
   38.89432  -69.02616    14.2991   4.290461    35.5764    122.078    123.045    14.3034   4.291333    35.5804     0.0290 1.0000e-12    -0.0065   100.1624      98.54    221.400     5.0892 1.4819e+02          1         23 0.0000e+00
   38.89432  -69.02616    14.2915   4.289286    35.5729    121.042    122.001    14.2866   4.289098    35.5758     0.0186 1.0000e-12    -0.0054   100.1344      98.54    221.387     5.0889 1.4821e+02          1         18 0.0000e+00
   38.89432  -69.02616    14.2720   4.286661    35.5673    120.016    120.965    14.2747   4.287181    35.5695     0.0382 1.0000e-12    -0.0053   100.1325      98.53    221.485     5.0911 1.4816e+02          1         19 0.0000e+00
   38.89432  -69.02616    14.2581   4.284712    35.5624    118.974    119.916    14.2608   4.285342    35.5658     0.0262 1.0000e-12    -0.0055   100.1372      98.53    221.862     5.0998 1.4827e+02          1         32 0.0000e+00
   38.89432  -69.02616    14.2562   4.284380    35.5611    118.168    119.103    14.2570   4.284607    35.5624     0.0415 1.0000e-12    -0.0058   100.1459      98.53    222.630     5.1174 1.4888e+02          1         43 0.0000e+00
   38.89432  -69.02616    14.2542   4.283995    35.5595    117.108    118.034    14.2562   4.284397    35.5614     0.0359 1.0000e-12    -0.0060   100.1489      98.54    222.588     5.1165 1.4945e+02          1         21 0.0000e+00
   38.89432  -69.02616    14.2412   4.282043    35.5540    116.064    116.982    14.2467   4.283325    35.5607     0.0355 1.0199e-06    -0.0058   100.1453      98.54    222.800     5.1213 1.4945e+02          1         16 0.0000e+00
   38.89432  -69.02616    14.2284   4.280225    35.5495    115.061    115.970    14.2248   4.280176    35.5525     0.0312 1.0000e-12    -0.0050   100.1244      98.53    222.798     5.1213 1.4929e+02          1         14 0.0000e+00
   38.89432  -69.02616    14.2076   4.277138    35.5408    114.099    115.001    14.2089   4.277611    35.5439     0.0142 1.0000e-12    -0.0051   100.1264      98.54    222.757     5.1203 1.4911e+02          1         13 0.0000e+00
   38.89432  -69.02616    14.1925   4.275047    35.5358    113.110    114.003    14.1954   4.275962    35.5416     0.0260 1.0000e-12    -0.0050   100.1244      98.54    222.687     5.1187 1.4945e+02          1         14 0.0000e+00
   38.89432  -69.02616    14.1801   4.273285    35.5314    112.090    112.975    14.1818   4.273855    35.5351     0.0452 1.0000e-12    -0.0051   100.1260      98.53    222.344     5.1109 1.4945e+02          1         16 0.0000e+00
   38.89431  -69.02617    14.1644   4.271070    35.5258    111.047    111.923    14.1778   4.273111    35.5321     0.0504 1.0000e-12    -0.0044   100.1100      98.53    221.792     5.0981 1.4927e+02          1         25 0.0000e+00
   38.89430  -69.02618    14.2011   4.276332    35.5397    110.284    111.155    14.2026   4.276459    35.5395     0.0332 2.3594e-06    -0.0055   100.1365      98.54    222.405     5.1122 1.5018e+02          1         85 0.0000e+00
   38.89430  -69.02618    14.1988   4.275820    35.5373    109.186    110.047    14.1836   4.274632    35.5407     0.0537 5.4175e-05    -0.0050   100.1256      98.53    222.922     5.1241 1.5157e+02          1         21 0.0000e+00
   38.89430  -69.02620    14.1392   4.267242    35.5143    108.166    109.020    14.1416   4.268433    35.5232     0.0440 1.0000e-12    -0.0053   100.1330      98.53    223.212     5.1308 1.5168e+02          1         15 0.0000e+00
   38.89430  -69.02620    14.1014   4.262082    35.5023    107.187    108.032    14.1072   4.263450    35.5096     0.0225 1.0000e-12    -0.0057   100.1437      98.53    223.209     5.1307 1.5149e+02          1         12 0.0000e+00
   38.89430  -69.02620    14.0949   4.261101    35.4995    106.190    107.027    14.0967   4.261605    35.5025     0.0136 1.0000e-12    -0.0047   100.1185      98.54    222.631     5.1174 1.5151e+02          1         13 0.0000e+00
   38.89430  -69.02620    14.0908   4.260476    35.4978    105.172    106.001    14.0927   4.260930    35.5002     0.0273 1.0000e-12    -0.0048   100.1201      98.53    222.278     5.1093 1.5168e+02          1         12 0.0000e+00
   38.89430  -69.02620    14.0871   4.259885    35.4959    104.155    104.976    14.0864   4.260059    35.4983     0.0297 1.0000e-12    -0.0026   100.0657      98.54    222.148     5.1063 1.5136e+02          1         14 0.0000e+00
   38.89430  -69.02620    14.0797   4.258868    35.4937    103.155    103.967    14.0785   4.258901    35.4951     0.0521 1.0000e-12    -0.0038   100.0955      98.53    222.414     5.1124 1.5140e+02          1         16 0.0000e+00
   38.89430  -69.02620    14.0729   4.257945    35.4916    102.157    102.961    14.0750   4.258424    35.4941     0.0478 1.0000e-12    -0.0042   100.1065      98.54    222.745     5.1200 1.5129e+02          1         23 0.0000e+00
   38.89430  -69.02620    14.0846   4.259589    35.4957    101.212    102.009    14.0864   4.259870    35.4966     0.0418 3.4262e-05    -0.0041   100.1036      98.53    223.071     5.1275 1.5137e+02          1         73 0.0000e+00
   38.89430  -69.02620    14.1020   4.262000    35.5016    100.261    101.050    14.1004   4.261926    35.5024     0.0359 2.4553e-04    -0.0040   100.1009      98.54    223.294     5.1326 1.5283e+02          1         35 0.0000e+00
   38.89430  -69.02620    14.0697   4.257297    35.4887     99.242    100.022    14.0672   4.257871    35.4964     0.0357 2.6390e-04    -0.0040   100.1000      98.53    223.352     5.1340 1.5391e+02          1         20 0.0000e+00
   38.89428  -69.02622    14.0156   4.249839    35.4706     98.236     99.008    14.0161   4.250652    35.4777     0.0310 1.0000e-12    -0.0036   100.0907      98.53    223.459     5.1364 1.5391e+02          1         16 0.0000e+00
   38.89428  -69.02622    14.0041   4.248213    35.4665     97.243     98.007    14.0013   4.248190    35.4689     0.0316 1.0000e-12    -0.0039   100.0987      98.53    222.911     5.1238 1.5372e+02          1         12 0.0000e+00
   38.89428  -69.02622    13.9938   4.246767    35.4630     96.236     96.992    13.9905   4.246641    35.4649     0.0438 1.0000e-12    -0.0039   100.0987      98.54    222.614     5.1170 1.5359e+02          1         14 0.0000e+00
   38.89428  -69.02622    13.9809   4.244919    35.4581     95.219     95.967    13.9825   4.245384    35.4610     0.0426 1.0000e-12    -0.0040   100.1008      98.54    222.721     5.1194 1.5298e+02          1         12 0.0000e+00
   38.89428  -69.02622    13.9684   4.243310    35.4552     94.258     94.998    13.9696   4.243856    35.4591     0.0357 1.0000e-12    -0.0032   100.0816      98.54    222.880     5.1231 1.5287e+02          1         15 0.0000e+00
   38.89428  -69.02622    13.9613   4.242288    35.4524     93.273     94.005    13.9669   4.243047    35.4542     0.0354 1.5179e-04    -0.0033   100.0820      98.54    223.325     5.1333 1.5302e+02          1         20 0.0000e+00
   38.89428  -69.02622    13.9601   4.242103    35.4517     92.205     92.929    13.9624   4.242468    35.4530     0.0485 4.0246e-04    -0.0027   100.0672      98.54    223.825     5.1448 1.5282e+02          1         49 0.0000e+00
   38.89428  -69.02622    13.9954   4.246925    35.4631     91.412     92.130    13.9958   4.247098    35.4643     0.0592 1.5040e-04    -0.0038   100.0950      98.54    223.782     5.1438 1.5414e+02          1         49 0.0000e+00
   38.89428  -69.02622    13.9685   4.243154    35.4537     90.308     91.017    13.9624   4.242785    35.4560     0.0555 5.7817e-04    -0.0034   100.0852      98.54    223.425     5.1356 1.5519e+02          1         21 0.0000e+00
   38.89428  -69.02622    13.9043   4.234247    35.4315     89.271     89.971    13.9178   4.237088    35.4453     0.0612 2.0702e-04    -0.0028   100.0714      98.54    223.857     5.1455 1.5475e+02          1         16 0.0000e+00
   38.89428  -69.02622    13.8824   4.231384    35.4257     88.270     88.962    13.8818   4.231891    35.4311     0.0651 1.0000e-12    -0.0023   100.0576      98.54    223.834     5.1450 1.5466e+02          1         15 0.0000e+00
   38.89426  -69.02624    13.8619   4.228357    35.4169     87.294     87.978    13.8646   4.229130    35.4216     0.0669 2.0382e-05    -0.0035   100.0895      98.54    224.000     5.1488 1.5519e+02          1         14 0.0000e+00
   38.89426  -69.02624    13.8233   4.222934    35.4028     86.309     86.984    13.8254   4.224228    35.4130     0.0647 1.0000e-12    -0.0038   100.0972      98.54    224.380     5.1575 1.5510e+02          1         17 0.0000e+00
   38.89426  -69.02624    13.8022   4.220085    35.3961     85.306     85.974    13.7994   4.220124    35.3992     0.0642 1.0000e-12    -0.0034   100.0852      98.54    224.157     5.1524 1.5498e+02          1         21 0.0000e+00
   38.89426  -69.02624    13.7913   4.218493    35.3913     84.308     84.968    13.7866   4.218023    35.3913     0.0389 1.0000e-12    -0.0031   100.0789      98.53    224.178     5.1529 1.5577e+02          1         35 0.0000e+00
   38.89426  -69.02624    13.7763   4.216607    35.3875     83.373     84.026    13.7863   4.217855    35.3896     0.0544 2.0398e-04    -0.0032   100.0818      98.54    224.859     5.1685 1.5570e+02          1         35 0.0000e+00
   38.89426  -69.02626    13.7615   4.214543    35.3819     82.400     83.045    13.7864   4.217792    35.3889     0.0518 1.0000e-12    -0.0029   100.0730      98.54    224.442     5.1589 1.5615e+02          1         27 0.0000e+00
   38.89426  -69.02626    13.6887   4.204309    35.3548     81.395     82.032    13.7655   4.215225    35.3846     0.0368 1.0000e-12    -0.0025   100.0637      98.54    225.102     5.1741 1.5625e+02          1         22 0.0000e+00
   38.89426  -69.02626    13.6119   4.193741    35.3282     80.379     81.007    13.6170   4.196873    35.3532     0.0361 1.0000e-12    -0.0017   100.0426      98.54    225.504     5.1833 1.5635e+02          1         22 0.0000e+00
   38.89426  -69.02626    13.5697   4.188212    35.3158     79.362     79.982    13.5870   4.191098    35.3270     0.0245 1.0000e-12    -0.0004   100.0106      98.54    225.166     5.1755 1.5647e+02          1         21 0.0000e+00
   38.89426  -69.02626    13.5289   4.182385    35.2994     78.362     78.974    13.5401   4.184673    35.3106     0.0432 1.0000e-12     0.0006    99.9854      98.54    225.680     5.1873 1.5656e+02          1         22 0.0000e+00
   38.89426  -69.02626    13.5166   4.180463    35.2924     77.402     78.006    13.5310   4.182915    35.3022     0.0569 3.8853e-07     0.0028    99.9310      98.54    226.647     5.2095 1.5615e+02          1         21 0.0000e+00
   38.89426  -69.02626    13.4782   4.175326    35.2801     76.407     77.003    13.5052   4.179683    35.2959     0.0597 5.9890e-05     0.0033    99.9176      98.54    227.322     5.2250 1.5680e+02          1         24 0.0000e+00
   38.89426  -69.02626    13.4445   4.170707    35.2681     75.368     75.956    13.4617   4.173954    35.2828     0.0665 8.1901e-05     0.0025    99.9382      98.54    227.213     5.2225 1.5784e+02          1         25 0.0000e+00
   38.89426  -69.02626    13.4240   4.168225    35.2635     74.377     74.958    13.4399   4.170152    35.2671     0.0784 1.0000e-12     0.0029    99.9270      98.54    227.384     5.2264 1.5814e+02          1         28 0.0000e+00
   38.89426  -69.02626    13.3984   4.164439    35.2516     73.440     74.013    13.4210   4.168173    35.2659     0.0864 1.0000e-12     0.0035    99.9141      98.54    228.216     5.2455 1.5838e+02          1         28 0.0000e+00
   38.89424  -69.02628    13.3405   4.156595    35.2319     72.484     73.049    13.3886   4.163560    35.2526     0.1026 1.0000e-12     0.0050    99.8755      98.54    228.603     5.2544 1.5838e+02          1         25 0.0000e+00
   38.89424  -69.02628    13.2482   4.144055    35.2005     71.462     72.019    13.3131   4.154518    35.2385     0.1147 1.0000e-12     0.0048    99.8801      98.54    229.261     5.2695 1.5838e+02          1         22 0.0000e+00
   38.89424  -69.02628    13.1452   4.130295    35.1673     70.432     70.981    13.1481   4.133336    35.1942     0.1122 1.0000e-12     0.0059    99.8524      98.54    229.550     5.2761 1.5826e+02          1         19 0.0000e+00
   38.89424  -69.02628    13.0708   4.120176    35.1413     69.412     69.953    13.0696   4.121955    35.1600     0.1165 1.0000e-12     0.0069    99.8281      98.54    229.370     5.2720 1.5803e+02          1         19 0.0000e+00
   38.89424  -69.02628    12.9624   4.106434    35.1128     68.410     68.943    12.9723   4.109468    35.1329     0.1302 1.0000e-12     0.0081    99.7988      98.54    229.482     5.2745 1.5827e+02          1         21 0.0000e+00
   38.89424  -69.02628    12.8341   4.089307    35.0700     67.443     67.968    12.9532   4.104529    35.1025     0.1368 8.5808e-04     0.0088    99.7811      98.54    230.717     5.3029 1.5831e+02          1         31 0.0000e+00
   38.89424  -69.02628    12.7946   4.084155    35.0565     66.487     67.005    12.8266   4.089251    35.0757     0.1513 1.7955e-03     0.0109    99.7273      98.54    231.613     5.3235 1.5984e+02          1         29 0.0000e+00
   38.89424  -69.02628    12.6334   4.062132    34.9976     65.489     65.998    12.7886   4.084155    35.0617     0.1771 3.7145e-03     0.0140    99.6505      98.54    233.632     5.3698 1.6051e+02          1         23 0.0000e+00
   38.89424  -69.02628    12.4739   4.039653    34.9319     64.470     64.972    12.6891   4.071074    35.0302     0.1729 2.4483e-04     0.0170    99.5771      98.53    234.202     5.3828 1.6070e+02          1         24 0.0000e+00
   38.89424  -69.02628    12.3217   4.019057    34.8765     63.515     64.009    12.3841   4.030265    34.9272     0.1870 1.0000e-12     0.0227    99.4337      98.54    233.415     5.3646 1.6061e+02          1         23 0.0000e+00
   38.89424  -69.02630    12.2667   4.011468    34.8533     62.547     63.033    12.2981   4.016717    34.8760     0.2182 7.9244e-05     0.0276    99.3127      98.54    234.269     5.3842 1.6044e+02          1         26 0.0000e+00
   38.89424  -69.02630    12.2674   4.011082    34.8469     61.552     62.030    12.2779   4.013245    34.8595     0.2582 4.7411e-04     0.0331    99.1764      98.54    237.001     5.4470 1.5927e+02          1         25 0.0000e+00
   38.89424  -69.02630    12.2233   4.005053    34.8291     60.524     60.994    12.2493   4.009504    34.8489     0.2932 1.0000e-12     0.0307    99.2364      98.54    239.720     5.5095 1.5919e+02          1         22 0.0000e+00
   38.89424  -69.02630    12.1868   4.000151    34.8153     59.542     60.005    12.2152   4.004613    34.8329     0.3060 1.0000e-12     0.0350    99.1279      98.55    240.482     5.5269 1.5943e+02          1         17 0.0000e+00
   38.89424  -69.02630    12.1675   3.997565    34.8078     58.570     59.025    12.1807   3.999828    34.8184     0.3145 1.9970e-03     0.0374    99.0705      98.54    240.403     5.5251 1.6061e+02          1         18 0.0000e+00
   38.89423  -69.02630    12.1606   3.996563    34.8037     57.538     57.985    12.1638   3.997665    34.8126     0.3845 5.0857e-03     0.0405    98.9933      98.54    240.519     5.5278 1.6072e+02          1         20 0.0000e+00
   38.89422  -69.02630    12.1444   3.994611    34.7991     56.505     56.943    12.1466   3.995347    34.8053     0.3771 3.1243e-04     0.0415    98.9676      98.54    241.442     5.5490 1.6234e+02          1         27 0.0000e+00
   38.89422  -69.02630    12.1270   3.992406    34.7929     55.536     55.967    12.1343   3.993637    34.7987     0.4480 5.0681e-03     0.0445    98.8931      98.48    242.565     5.5748 1.6290e+02          1         40 0.0000e+00
