Data/ruptures/KN207-01/QL-1/20701040.cnv
* Sea-Bird SBE 9 Data File:
* FileName = C:\Data\ctd\20701040.hex
* Software Version Seasave V 7.21e
* Temperature SN = 4406
* Conductivity SN = 1474
* Number of Bytes Per Scan = 40
* Number of Voltage Words = 5
* Number of Scans Averaged by the Deck Unit = 1
* NMEA Latitude = 38 47.82 N
* NMEA Longitude = 069 08.79 W
* NMEA UTC (Time) = Apr 26 2012 18:04:25
** R/V Knorr Cruise # KN207-01 QL1
** Chief Scientist: Ben Van Mooy
# nquan = 21
# nvalues = 399                         
# units = specified
# name 0 = latitude: Latitude [deg]
# name 1 = longitude: Longitude [deg]
# name 2 = t090C: Temperature [ITS-90, deg C]
# name 3 = c0S/m: Conductivity [S/m]
# name 4 = sal00: Salinity, Practical [PSU]
# name 5 = depSM: Depth [salt water, m]
# name 6 = prDM: Pressure, Digiquartz [db]
# name 7 = t190C: Temperature, 2 [ITS-90, deg C]
# name 8 = c1S/m: Conductivity, 2 [S/m]
# name 9 = sal11: Salinity, Practical, 2 [PSU]
# name 10 = flECO-AFL: Fluorescence, WET Labs ECO-AFL/FL [mg/m^3]
# name 11 = par: PAR/Irradiance, Biospherical/Licor
# name 12 = bat: Beam Attenuation, Chelsea/Seatech [1/m]
# name 13 = xmiss: Beam Transmission, Chelsea/Seatech [%]
# name 14 = altM: Altimeter [m]
# name 15 = sbeox0Mm/Kg: Oxygen, SBE 43 [umol/kg]
# name 16 = sbeox0ML/L: Oxygen, SBE 43 [ml/l]
# name 17 = spar: SPAR/Surface Irradiance
# name 18 = pumps: Pump Status
# name 19 = nbin: number of scans per bin
# name 20 = flag: flag
# span 0 =   38.79700,   38.79774       
# span 1 =  -69.14660,  -69.14466       
# span 2 =    11.1502,    14.6949       
# span 3 =   3.834535,   4.352123       
# span 4 =    33.7194,    35.8273       
# span 5 =      3.104,    199.910       
# span 6 =      3.128,    201.530       
# span 7 =    11.1224,    14.6952       
# span 8 =   3.833079,   4.352544       
# span 9 =    33.7205,    35.8299       
# span 10 =     0.0027,     3.4420      
# span 11 = 1.0000e-12, 5.0613e+01      
# span 12 =    -0.0135,     0.3666      
# span 13 =    91.2423,   100.3382      
# span 14 =       1.18,      98.74      
# span 15 =    141.709,    426.827      
# span 16 =     3.2583,     9.8011      
# span 17 = 1.1337e+03, 1.3508e+03      
# span 18 =          1,          1      
# span 19 =          9,       1357      
# span 20 = 0.0000e+00, 0.0000e+00      
# interval = decibars: 1                
# start_time = Apr 26 2012 18:04:25 [NMEA time, header]
# bad_flag = -9.990e-29
*END*
[from data line 138]
   38.79734  -69.14610    14.6232   4.339406    35.7205    139.887    141.000    14.6232   4.339433    35.7208     0.0174 1.0000e-12    -0.0104   100.2600      98.56    205.800     4.7308 1.3068e+03          1         18 0.0000e+00
   38.79734  -69.14610    14.6249   4.339808    35.7223    140.888    142.009    14.6248   4.339854    35.7229     0.0220 1.0000e-12    -0.0107   100.2678      98.56    206.056     4.7367 1.3065e+03          1         19 0.0000e+00
   38.79734  -69.14610    14.6304   4.340735    35.7254    141.892    143.022    14.6302   4.340658    35.7248     0.0226 1.0000e-12    -0.0119   100.2971      98.56    206.189     4.7397 1.3070e+03          1         25 0.0000e+00
   38.79734  -69.14610    14.6470   4.343408    35.7340    142.881    144.018    14.6474   4.343292    35.7326     0.0252 1.0000e-12    -0.0113   100.2827      98.56    205.911     4.7334 1.3081e+03          1         31 0.0000e+00
   38.79735  -69.14609    14.6603   4.345609    35.7416    143.831    144.977    14.6601   4.345590    35.7415     0.0247 1.0000e-12    -0.0107   100.2680      98.57    205.164     4.7162 1.3081e+03          1         29 0.0000e+00
   38.79736  -69.14608    14.6762   4.348220    35.7504    144.834    145.988    14.6774   4.348114    35.7482     0.0088 1.0000e-12    -0.0109   100.2739      98.56    203.459     4.6771 1.3071e+03          1         22 0.0000e+00
   38.79736  -69.14608    14.6945   4.350978    35.7582    145.837    146.999    14.6942   4.350922    35.7580     0.0182 1.0000e-12    -0.0114   100.2867      98.57    202.654     4.6585 1.3059e+03          1         19 0.0000e+00
   38.79736  -69.14608    14.6949   4.351264    35.7603    146.833    148.003    14.6952   4.351464    35.7618     0.0217 1.0000e-12    -0.0119   100.2982      98.57    202.462     4.6541 1.3056e+03          1         21 0.0000e+00
   38.79736  -69.14608    14.6771   4.349097    35.7569    147.839    149.018    14.6785   4.349484    35.7592     0.0139 1.0000e-12    -0.0113   100.2835      98.56    201.985     4.6432 1.3075e+03          1         26 0.0000e+00
   38.79736  -69.14608    14.6675   4.347915    35.7548    148.812    150.000    14.6659   4.347920    35.7565     0.0196 1.0000e-12    -0.0100   100.2499      98.57    200.030     4.5983 1.3095e+03          1         26 0.0000e+00
   38.79736  -69.14608    14.6451   4.345347    35.7521    149.808    151.003    14.6471   4.345832    35.7546     0.0275 1.0000e-12    -0.0116   100.2899      98.57    196.943     4.5273 1.3093e+03          1         25 0.0000e+00
   38.79736  -69.14608    14.6507   4.346587    35.7578    150.793    151.997    14.6509   4.346584    35.7575     0.0284 1.0000e-12    -0.0110   100.2760      98.57    194.577     4.4729 1.3049e+03          1         30 0.0000e+00
   38.79736  -69.14608    14.6351   4.344929    35.7569    151.763    152.975    14.6346   4.345198    35.7598     0.0493 1.0000e-12    -0.0106   100.2667      98.57    192.694     4.4296 1.3011e+03          1         28 0.0000e+00
   38.79736  -69.14608    14.6202   4.343544    35.7577    152.785    154.005    14.6200   4.343665    35.7590     0.0365 1.0000e-12    -0.0114   100.2863      98.57    191.345     4.3986 1.3016e+03          1         20 0.0000e+00
   38.79736  -69.14608    14.6212   4.344345    35.7637    153.765    154.993    14.6214   4.344235    35.7625     0.0438 1.0000e-12    -0.0112   100.2815      98.57    190.746     4.3849 1.3066e+03          1         18 0.0000e+00
   38.79736  -69.14606    14.6361   4.346809    35.7717    154.784    156.021    14.6359   4.346667    35.7707     0.0479 1.0000e-12    -0.0111   100.2786      98.57    189.923     4.3660 1.3119e+03          1         19 0.0000e+00
   38.79736  -69.14606    14.6387   4.347475    35.7751    155.775    157.021    14.6386   4.347524    35.7756     0.0450 1.0000e-12    -0.0111   100.2774      98.57    189.051     4.3460 1.3155e+03          1         21 0.0000e+00
   38.79736  -69.14606    14.6397   4.347746    35.7761    156.754    158.008    14.6397   4.347785    35.7765     0.0289 1.0000e-12    -0.0112   100.2814      98.57    188.065     4.3233 1.3136e+03          1         28 0.0000e+00
   38.79736  -69.14606    14.6507   4.349580    35.7823    157.748    159.010    14.6512   4.349497    35.7810     0.0362 1.0000e-12    -0.0110   100.2760      98.57    186.248     4.2815 1.3066e+03          1         30 0.0000e+00
   38.79736  -69.14606    14.6607   4.352123    35.7959    158.727    159.997    14.6588   4.352544    35.8016     0.0339 1.0000e-12    -0.0111   100.2795      98.56    185.851     4.2724 1.3026e+03          1         28 0.0000e+00
   38.79736  -69.14606    14.5536   4.339979    35.7849    159.702    160.980    14.5485   4.339818    35.7883     0.0296 1.0000e-12    -0.0110   100.2769      98.57    186.671     4.2913 1.3050e+03          1         30 0.0000e+00
   38.79736  -69.14606    14.5436   4.339033    35.7849    160.700    161.987    14.5436   4.339150    35.7860     0.0224 1.0000e-12    -0.0105   100.2639      98.57    183.884     4.2273 1.3087e+03          1         21 0.0000e+00
   38.79736  -69.14606    14.5326   4.337808    35.7834    161.701    162.996    14.5316   4.337956    35.7857     0.0083 1.0000e-12    -0.0111   100.2773      98.57    179.190     4.1194 1.3096e+03          1         20 0.0000e+00
   38.79736  -69.14606    14.5299   4.337802    35.7852    162.690    163.993    14.5296   4.337747    35.7850     0.0177 1.0000e-12    -0.0100   100.2497      98.56    175.635     4.0377 1.3100e+03          1         16 0.0000e+00
   38.79736  -69.14606    14.5244   4.337324    35.7854    163.700    165.012    14.5241   4.337461    35.7869     0.0274 1.0000e-12    -0.0103   100.2583      98.57    174.089     4.0021 1.3109e+03          1         19 0.0000e+00
   38.79738  -69.14606    14.5214   4.337151    35.7860    164.704    166.024    14.5216   4.337237    35.7866     0.0206 1.0000e-12    -0.0104   100.2602      98.57    173.341     3.9849 1.3114e+03          1         21 0.0000e+00
   38.79738  -69.14606    14.5215   4.337589    35.7892    165.733    167.062    14.5219   4.337632    35.7892     0.0189 1.0000e-12    -0.0108   100.2720      98.57    172.345     3.9621 1.3122e+03          1         39 0.0000e+00
   38.79738  -69.14606    14.5190   4.337702    35.7920    166.562    167.898    14.5191   4.337803    35.7928     0.0376 1.0000e-12    -0.0109   100.2725      98.57    171.800     3.9495 1.3100e+03          1         38 0.0000e+00
   38.79738  -69.14606    14.5234   4.338710    35.7964    167.595    168.940    14.5230   4.338538    35.7952     0.0467 1.0000e-12    -0.0111   100.2786      98.56    171.659     3.9463 1.3075e+03          1         19 0.0000e+00
   38.79738  -69.14605    14.5359   4.340636    35.8018    168.613    169.966    14.5368   4.340590    35.8006     0.0140 1.0000e-12    -0.0112   100.2818      98.57    171.183     3.9354 1.3073e+03          1         16 0.0000e+00
   38.79738  -69.14604    14.5257   4.340370    35.8086    169.618    170.979    14.5248   4.340763    35.8131     0.0344 1.0000e-12    -0.0116   100.2896      98.57    170.978     3.9307 1.3097e+03          1         14 0.0000e+00
   38.79738  -69.14604    14.4913   4.337480    35.8141    170.652    172.022    14.4910   4.337892    35.8182     0.0484 1.0000e-12    -0.0112   100.2801      98.56    171.023     3.9318 1.3123e+03          1         17 0.0000e+00
   38.79738  -69.14604    14.4723   4.335847    35.8164    171.657    173.036    14.4723   4.336021    35.8181     0.0145 1.0000e-12    -0.0116   100.2915      98.56    171.094     3.9334 1.3144e+03          1         18 0.0000e+00
   38.79738  -69.14604    14.4592   4.334627    35.8169    172.666    174.053    14.4604   4.334908    35.8183     0.0370 1.0000e-12    -0.0123   100.3074      98.57    168.657     3.8774 1.3160e+03          1         33 0.0000e+00
   38.79738  -69.14603    14.4580   4.334700    35.8179    173.526    174.921    14.4644   4.335376    35.8181     0.0249 1.0000e-12    -0.0118   100.2954      98.57    162.680     3.7400 1.3117e+03          1         52 0.0000e+00
   38.79738  -69.14602    14.4490   4.334331    35.8223    174.530    175.934    14.4490   4.334408    35.8230     0.0335 1.0000e-12    -0.0122   100.3043      98.57    161.202     3.7060 1.3089e+03          1         21 0.0000e+00
   38.79738  -69.14602    14.4483   4.334430    35.8233    175.579    176.991    14.4481   4.334516    35.8243     0.0445 1.0000e-12    -0.0119   100.2967      98.57    161.590     3.7150 1.3094e+03          1         17 0.0000e+00
   38.79738  -69.14602    14.4481   4.334497    35.8236    176.568    177.988    14.4480   4.334603    35.8247     0.0093 1.0000e-12    -0.0122   100.3043      98.57    161.592     3.7150 1.3111e+03          1         14 0.0000e+00
   38.79738  -69.14602    14.4447   4.334157    35.8232    177.545    178.974    14.4445   4.334362    35.8252     0.0087 1.0000e-12    -0.0126   100.3149      98.57    160.586     3.6919 1.3145e+03          1         17 0.0000e+00
   38.79738  -69.14602    14.4339   4.333225    35.8242    178.590    180.028    14.4338   4.333323    35.8252     0.0164 1.0000e-12    -0.0123   100.3080      98.56    159.648     3.6703 1.3181e+03          1         21 0.0000e+00
   38.79738  -69.14602    14.4302   4.333243    35.8273    179.566    181.012    14.4300   4.333345    35.8285     0.0228 1.0000e-12    -0.0121   100.3022      98.57    159.170     3.6593 1.3216e+03          1         24 0.0000e+00
   38.79738  -69.14602    14.4229   4.332523    35.8271    180.536    181.991    14.4233   4.332752    35.8288     0.0342 1.0000e-12    -0.0125   100.3112      98.57    158.491     3.6437 1.3215e+03          1         26 0.0000e+00
   38.79738  -69.14602    14.3835   4.328341    35.8251    181.572    183.035    14.3827   4.328777    35.8299     0.0280 1.0000e-12    -0.0122   100.3043      98.57    157.605     3.6234 1.3170e+03          1         35 0.0000e+00
   38.79738  -69.14602    14.3198   4.321577    35.8221    182.518    183.989    14.3191   4.321900    35.8258     0.0292 1.0000e-12    -0.0121   100.3022      98.57    156.319     3.5939 1.3119e+03          1         36 0.0000e+00
   38.79738  -69.14602    14.2697   4.316279    35.8196    183.499    184.979    14.2685   4.316622    35.8240     0.0351 1.0000e-12    -0.0121   100.3020      98.57    154.546     3.5531 1.3116e+03          1         22 0.0000e+00
   38.79738  -69.14602    14.2519   4.314431    35.8186    184.505    185.993    14.2519   4.314650    35.8207     0.0027 1.0000e-12    -0.0125   100.3114      98.57    152.841     3.5139 1.3147e+03          1         18 0.0000e+00
   38.79738  -69.14602    14.2447   4.313647    35.8173    185.549    187.046    14.2447   4.313812    35.8188     0.0197 1.0000e-12    -0.0126   100.3151      98.57    151.677     3.4872 1.3183e+03          1         19 0.0000e+00
   38.79738  -69.14602    14.2261   4.311363    35.8130    186.532    188.037    14.2254   4.311892    35.8186     0.0255 1.0000e-12    -0.0126   100.3149      98.57    151.053     3.4728 1.3219e+03          1         17 0.0000e+00
   38.79738  -69.14602    14.1764   4.305721    35.8071    187.463    188.977    14.1749   4.306368    35.8146     0.0220 1.0000e-12    -0.0125   100.3129      98.57    150.690     3.4645 1.3247e+03          1         21 0.0000e+00
   38.79738  -69.14602    14.0967   4.296534    35.7965    188.446    189.968    14.0950   4.297235    35.8047     0.0201 1.0000e-12    -0.0125   100.3110      98.57    150.621     3.4630 1.3267e+03          1         23 0.0000e+00
   38.79740  -69.14598    14.0058   4.286463    35.7879    189.516    191.047    14.0043   4.287163    35.7959     0.0225 1.0000e-12    -0.0124   100.3091      98.57    150.354     3.4568 1.3267e+03          1         27 0.0000e+00
   38.79740  -69.14598    13.9305   4.278095    35.7800    190.490    192.029    13.9296   4.278646    35.7860     0.0299 1.0000e-12    -0.0119   100.2966      98.57    149.461     3.4364 1.3234e+03          1         30 0.0000e+00
   38.79740  -69.14598    13.8960   4.274262    35.7747    191.427    192.975    13.9154   4.276705    35.7790     0.0253 1.0000e-12    -0.0121   100.3021      98.57    148.061     3.4042 1.3164e+03          1         59 0.0000e+00
   38.79740  -69.14600    13.8356   4.267523    35.7673    192.385    193.941    13.8332   4.267925    35.7735     0.0160 1.0000e-12    -0.0121   100.3024      98.58    147.696     3.3958 1.3180e+03          1         27 0.0000e+00
   38.79740  -69.14600    13.7414   4.256768    35.7546    193.502    195.067    13.7440   4.257629    35.7604     0.0242 1.0000e-12    -0.0125   100.3122      98.57    147.720     3.3964 1.3249e+03          1         39 0.0000e+00
   38.79741  -69.14598    13.7216   4.254679    35.7505    194.401    195.974    13.7244   4.255163    35.7525     0.0334 1.0000e-12    -0.0125   100.3115      98.57    145.845     3.3533 1.3232e+03          1        129 0.0000e+00
   38.79742  -69.14596    13.6509   4.246794    35.7412    195.412    196.993    13.6463   4.246780    35.7456     0.0228 1.0000e-12    -0.0123   100.3061      98.57    145.190     3.3383 1.3213e+03          1         44 0.0000e+00
   38.79742  -69.14596    13.5708   4.237918    35.7316    196.426    198.016    13.5629   4.237322    35.7335     0.0341 1.0000e-12    -0.0124   100.3098      98.57    144.140     3.3142 1.3232e+03          1        139 0.0000e+00
   38.79742  -69.14594    13.5006   4.230107    35.7227    197.360    198.958    13.4997   4.230230    35.7246     0.0229 1.0000e-12    -0.0120   100.2992      98.57    143.222     3.2931 1.3223e+03          1         45 0.0000e+00
   38.79742  -69.14594    13.4780   4.227636    35.7190    198.549    200.158    13.4782   4.227836    35.7207     0.0250 1.0000e-12    -0.0123   100.3067      98.57    142.679     3.2806 1.3233e+03          1        105 0.0000e+00
   38.79743  -69.14591    13.4508   4.224675    35.7139    199.294    200.909    13.4500   4.224682    35.7147     0.0306 1.0000e-12    -0.0124   100.3099      98.58    142.139     3.2682 1.3199e+03          1        538 0.0000e+00
   38.79744  -69.14588    13.4395   4.223431    35.7120    199.910    201.530    13.4410   4.223735    35.7134     0.0429 1.0000e-12    -0.0131   100.3280      98.58    141.964     3.2642 1.3181e+03          1         13 0.0000e+00
   38.79744  -69.14588    13.4495   4.224538    35.7130    199.547    201.164    13.4475   4.224275    35.7124     0.0426 1.0000e-12    -0.0126   100.3135      98.57    141.899     3.2627 1.3166e+03          1         42 0.0000e+00
   38.79746  -69.14586    13.4727   4.227105    35.7154    198.421    200.028    13.4691   4.226675    35.7148     0.0192 1.0000e-12    -0.0125   100.3123      98.58    141.709     3.2583 1.3160e+03          1         29 0.0000e+00
   38.79746  -69.14586    13.4772   4.227575    35.7162    197.315    198.913    13.4758   4.227445    35.7163     0.0322 1.0000e-12    -0.0122   100.3040      98.58    142.034     3.2658 1.3135e+03          1         95 0.0000e+00
   38.79746  -69.14588    13.5036   4.230489    35.7189    196.466    198.057    13.5071   4.230933    35.7197     0.0106 1.0000e-12    -0.0115   100.2878      98.58    142.113     3.2676 1.3150e+03          1         28 0.0000e+00
   38.79746  -69.14588    13.5299   4.233575    35.7233    195.448    197.029    13.5225   4.232036    35.7159     0.0296 1.0000e-12    -0.0124   100.3100      98.58    141.847     3.2615 1.3160e+03          1         18 0.0000e+00
   38.79746  -69.14588    13.6124   4.242827    35.7320    194.483    196.057    13.5940   4.239735    35.7204     0.0281 1.0000e-12    -0.0128   100.3194      98.58    141.741     3.2590 1.3164e+03          1         17 0.0000e+00
