Data/ruptures/KN207-01/QL-1/20701039.cnv
* Sea-Bird SBE 9 Data File:
* FileName = C:\Data\ctd\20701039.hex
* Software Version Seasave V 7.21e
* Temperature SN = 4406
* Conductivity SN = 1474
* Number of Bytes Per Scan = 40
* Number of Voltage Words = 5
* Number of Scans Averaged by the Deck Unit = 1
* NMEA Latitude = 38 48.61 N
* NMEA Longitude = 069 10.00 W
* NMEA UTC (Time) = Apr 26 2012 16:05:23
** R/V Knorr Cruise # KN207-01 QL1
** Chief Scientist: Ben Van Mooy
# nquan = 21
# nvalues = 399                         
# units = specified
# name 0 = latitude: Latitude [deg]
# name 1 = longitude: Longitude [deg]
# name 2 = t090C: Temperature [ITS-90, deg C]
# name 3 = c0S/m: Conductivity [S/m]
# name 4 = sal00: Salinity, Practical [PSU]
# name 5 = depSM: Depth [salt water, m]
# name 6 = prDM: Pressure, Digiquartz [db]
# name 7 = t190C: Temperature, 2 [ITS-90, deg C]
# name 8 = c1S/m: Conductivity, 2 [S/m]
# name 9 = sal11: Salinity, Practical, 2 [PSU]
# name 10 = flECO-AFL: Fluorescence, WET Labs ECO-AFL/FL [mg/m^3]
# name 11 = par: PAR/Irradiance, Biospherical/Licor
# name 12 = bat: Beam Attenuation, Chelsea/Seatech [1/m]
# name 13 = xmiss: Beam Transmission, Chelsea/Seatech [%]
# name 14 = altM: Altimeter [m]
# name 15 = sbeox0Mm/Kg: Oxygen, SBE 43 [umol/kg]
# name 16 = sbeox0ML/L: Oxygen, SBE 43 [ml/l]
# name 17 = spar: SPAR/Surface Irradiance
# name 18 = pumps: Pump Status
# name 19 = nbin: number of scans per bin
# name 20 = flag: flag
# span 0 =   38.81017,   38.81100       
# span 1 =  -69.16774,  -69.16683       
# span 2 =    11.1303,    14.6668       
# span 3 =   3.836886,   4.353217       
# span 4 =    33.8055,    35.8231       
# span 5 =      1.926,    200.088       
# span 6 =      1.941,    201.709       
# span 7 =    11.1159,    14.6665       
# span 8 =   3.838638,   4.353306       
# span 9 =    33.7976,    35.8264       
# span 10 =    -0.0013,     3.0431      
# span 11 = 1.0000e-12, 2.3195e-02      
# span 12 =    -0.0145,     0.3346      
# span 13 =    91.9767,   100.3643      
# span 14 =      15.43,      98.63      
# span 15 =    142.139,    459.347      
# span 16 =     3.2682,    10.5484      
# span 17 = 2.1073e+03, 2.4940e+03      
# span 18 =          1,          1      
# span 19 =         15,        952      
# span 20 = 0.0000e+00, 0.0000e+00      
# interval = decibars: 1                
# start_time = Apr 26 2012 16:05:23 [NMEA time, header]
# bad_flag = -9.990e-29
*END*
   38.81017  -69.16683    12.9311   3.967939    33.8363      3.856      3.886    12.9247   3.965168    33.8155     0.3545 1.0000e-12     0.3025    92.7170      19.02    330.713     7.5940 2.3484e+03          1        232 0.0000e+00
   38.81018  -69.16684    12.9429   3.965884    33.8056      5.098      5.137    12.9416   3.964941    33.7976     0.3698 1.0000e-12     0.2920    92.9589      98.55    360.098     8.2685 2.3920e+03          1         52 0.0000e+00
   38.81018  -69.16684    12.9449   3.966085    33.8055      5.845      5.890    12.9417   3.965180    33.7996     0.3944 1.0000e-12     0.2922    92.9544      55.87    391.039     8.9790 2.3914e+03          1         40 0.0000e+00
   38.81018  -69.16684    12.9428   3.966125    33.8073      6.925      6.978    12.9382   3.965593    33.8063     0.4070 2.3195e-02     0.2926    92.9458      98.55    397.174     9.1199 2.3734e+03          1         27 0.0000e+00
   38.81018  -69.16684    12.9226   3.966113    33.8253      7.972      8.033    12.9157   3.965498    33.8257     0.4013 1.0000e-12     0.2912    92.9787      98.55    424.989     9.7587 2.2171e+03          1         47 0.0000e+00
   38.81018  -69.16684    12.8417   3.965126    33.8898      8.755      8.822    12.8665   3.965104    33.8666     0.4548 1.0000e-12     0.2928    92.9398      98.55    459.347    10.5484 2.4003e+03          1         73 0.0000e+00
   38.81018  -69.16686    12.8205   3.961047    33.8693      9.911      9.987    12.7560   3.961372    33.9323     0.5326 1.0000e-12     0.2947    92.8974      98.55    364.688     8.3746 2.3997e+03          1         28 0.0000e+00
   38.81018  -69.16686    12.7132   3.961650    33.9732     11.059     11.144    12.6949   3.962626    33.9996     0.5712 1.0000e-12     0.2979    92.8235      98.55    273.872     6.2897 2.2173e+03          1         52 0.0000e+00
   38.81018  -69.16685    12.5226   3.961457    34.1468     11.767     11.857    12.4457   3.958786    34.1925     0.7417 1.0000e-12     0.3001    92.7721      98.55    249.660     5.7346 2.3244e+03          1         59 0.0000e+00
   38.81018  -69.16684    12.3321   3.954931    34.2597     13.007     13.106    12.3126   3.946728    34.1979     0.8862 1.0000e-12     0.3088    92.5713      98.55    235.216     5.4035 2.3887e+03          1         41 0.0000e+00
   38.81018  -69.16684    12.3123   3.951823    34.2454     13.765     13.870    12.3346   3.950246    34.2087     0.9959 1.0000e-12     0.3104    92.5334      98.55    237.283     5.4509 2.2579e+03          1         56 0.0000e+00
   38.81020  -69.16686    12.2349   3.937080    34.1732     14.879     14.992    12.2282   3.936871    34.1771     1.1160 1.0000e-12     0.3127    92.4815      98.55    242.651     5.5740 2.1944e+03          1         28 0.0000e+00
   38.81020  -69.16686    12.2050   3.942784    34.2540     15.974     16.096    12.1777   3.941765    34.2695     1.3169 1.0000e-12     0.3230    92.2429      98.55    242.761     5.5769 2.3255e+03          1         78 0.0000e+00
   38.81020  -69.16686    12.0879   3.936103    34.2971     16.841     16.970    12.0474   3.932412    34.2991     1.4881 1.0000e-12     0.3223    92.2584      98.55    240.368     5.5223 2.3664e+03          1         36 0.0000e+00
   38.81020  -69.16686    11.9513   3.927049    34.3362     17.929     18.066    11.9414   3.927037    34.3450     1.6776 1.0000e-12     0.3282    92.1213      72.48    231.290     5.3140 2.2346e+03          1         33 0.0000e+00
   38.81020  -69.16686    11.9962   3.938282    34.4006     18.876     19.021    11.8819   3.927348    34.4020     1.8655 1.0000e-12     0.3298    92.0864      79.24    227.248     5.2213 2.1073e+03          1         49 0.0000e+00
   38.81020  -69.16686    11.9295   3.931973    34.4002     19.838     19.990    11.8496   3.925399    34.4107     2.0141 1.0000e-12     0.3278    92.1320      98.55    226.819     5.2115 2.2518e+03          1         61 0.0000e+00
   38.81020  -69.16686    11.6582   3.923685    34.5762     20.810     20.970    11.5413   3.916371    34.6147     2.2022 1.0000e-12     0.3218    92.2700      98.55    220.714     5.0722 2.3839e+03          1         40 0.0000e+00
   38.81020  -69.16687    11.3747   3.912538    34.7355     21.869     22.037    11.3846   3.907661    34.6759     2.5953 1.0000e-12     0.3220    92.2648      98.55    216.366     4.9731 2.3698e+03          1         40 0.0000e+00
   38.81020  -69.16688    11.5256   3.929378    34.7520     22.818     22.993    11.5553   3.927810    34.7068     2.8067 1.0000e-12     0.3270    92.1515      98.55    218.269     5.0168 2.2519e+03          1         50 0.0000e+00
   38.81020  -69.16688    11.4656   3.928945    34.8031     23.837     24.019    11.3593   3.920586    34.8225     2.9048 1.0000e-12     0.3278    92.1330      98.55    214.358     4.9272 2.3442e+03          1         49 0.0000e+00
   38.81020  -69.16688    11.3856   3.928522    34.8739     24.792     24.982    11.2895   3.905163    34.7343     2.9890 1.0000e-12     0.3343    91.9824      98.55    208.730     4.7981 2.3629e+03          1         46 0.0000e+00
   38.81020  -69.16688    11.3325   3.921676    34.8554     25.779     25.976    11.2315   3.886051    34.5981     3.0303 1.0000e-12     0.3327    92.0194      98.55    202.501     4.6549 2.4028e+03          1         40 0.0000e+00
   38.81021  -69.16688    11.2243   3.908329    34.8256     26.886     27.093    11.1466   3.882383    34.6411     2.9754 1.0000e-12     0.3341    91.9867      98.55    201.139     4.6236 2.4108e+03          1         56 0.0000e+00
   38.81022  -69.16688    11.1371   3.893094    34.7558     27.710     27.922    11.1159   3.877588    34.6202     2.9190 1.0000e-12     0.3230    92.2437      98.55    204.076     4.6909 2.4028e+03          1         54 0.0000e+00
   38.81022  -69.16688    11.1303   3.878206    34.6117     28.774     28.995    11.1428   3.870136    34.5179     2.7749 1.0000e-12     0.3037    92.6880      98.55    207.414     4.7671 2.3911e+03          1         38 0.0000e+00
   38.81022  -69.16688    11.2301   3.872755    34.4596     29.788     30.017    11.2184   3.866212    34.4048     2.4955 1.0000e-12     0.2818    93.1973      98.55    213.146     4.8982 2.3759e+03          1         40 0.0000e+00
   38.81022  -69.16688    11.4388   3.872997    34.2614     30.821     31.058    11.4190   3.867634    34.2265     2.1351 1.0000e-12     0.2527    93.8779      98.55    220.479     5.0658 2.2998e+03          1         57 0.0000e+00
   38.81022  -69.16688    11.6138   3.876434    34.1299     31.696     31.940    11.5927   3.870296    34.0889     1.8333 1.0000e-12     0.2211    94.6224      98.55    221.509     5.0888 2.2974e+03          1         55 0.0000e+00
   38.81022  -69.16688    11.7623   3.880092    34.0267     32.742     32.994    11.7796   3.876887    33.9784     1.2279 1.0000e-12     0.1669    95.9135      98.55    216.002     4.9618 2.2824e+03          1         37 0.0000e+00
   38.81022  -69.16688    11.9416   3.889558    33.9522     33.755     34.014    11.9692   3.889582    33.9261     0.9412 1.0000e-12     0.1268    96.8808      98.55    212.671     4.8848 2.2911e+03          1         44 0.0000e+00
   38.81022  -69.16690    12.0079   3.903160    34.0248     34.717     34.984    12.0119   3.901281    34.0027     0.7755 1.0000e-12     0.0978    97.5861      98.55    210.497     4.8351 2.2547e+03          1         51 0.0000e+00
   38.81022  -69.16690    12.0325   3.916173    34.1302     35.771     36.046    12.0306   3.912742    34.0985     0.7418 1.0000e-12     0.0830    97.9468      98.55    211.042     4.8479 2.3202e+03          1         45 0.0000e+00
   38.81022  -69.16690    12.0932   3.925947    34.1701     36.637     36.920    12.0898   3.923005    34.1445     0.7066 1.0000e-12     0.0771    98.0909      98.55    209.747     4.8183 2.2913e+03          1         58 0.0000e+00
   38.81022  -69.16690    12.1291   3.936549    34.2406     37.713     38.003    12.1324   3.936186    34.2338     0.6175 1.0000e-12     0.0685    98.3035      98.55    206.843     4.7518 2.2816e+03          1         37 0.0000e+00
   38.81022  -69.16690    12.1801   3.942297    34.2493     38.748     39.046    12.1721   3.943025    34.2638     0.5762 1.0000e-12     0.0620    98.4628      98.55    204.984     4.7091 2.2923e+03          1         47 0.0000e+00
   38.81024  -69.16690    12.2421   3.946366    34.2316     39.683     39.989    12.2385   3.947038    34.2415     0.5215 1.0000e-12     0.0551    98.6330      98.55    200.517     4.6064 2.3259e+03          1         57 0.0000e+00
   38.81024  -69.16690    12.3241   3.954361    34.2329     40.640     40.954    12.3332   3.956812    34.2480     0.4711 1.0000e-12     0.0470    98.8313      98.55    197.323     4.5329 2.3188e+03          1         33 0.0000e+00
   38.81024  -69.16690    12.4031   3.956816    34.1835     41.713     42.035    12.4182   3.961062    34.2103     0.3861 1.0000e-12     0.0437    98.9136      98.55    196.883     4.5226 2.3187e+03          1         40 0.0000e+00
   38.81024  -69.16690    12.4313   3.962547    34.2140     42.605     42.934    12.4298   3.963692    34.2265     0.4138 1.0000e-12     0.0378    99.0597      98.55    197.026     4.5259 2.3341e+03          1         69 0.0000e+00
   38.81024  -69.16690    12.4848   3.970332    34.2400     43.646     43.983    12.4928   3.971146    34.2404     0.4115 1.0000e-12     0.0356    99.1140      98.55    198.592     4.5620 2.3871e+03          1         39 0.0000e+00
   38.81024  -69.16692    12.5436   3.977524    34.2549     44.682     45.027    12.5376   3.978298    34.2680     0.3811 1.0000e-12     0.0345    99.1417      98.55    202.687     4.6560 2.4027e+03          1         39 0.0000e+00
   38.81024  -69.16692    12.5483   3.984614    34.3197     45.626     45.978    12.5475   3.982282    34.2980     0.3888 1.0000e-12     0.0336    99.1624      98.55    202.748     4.6576 2.4303e+03          1         54 0.0000e+00
   38.81024  -69.16692    12.5704   3.991153    34.3624     46.652     47.012    12.5759   3.989980    34.3459     0.3717 1.0000e-12     0.0351    99.1264      98.55    201.440     4.6277 2.4418e+03          1         34 0.0000e+00
   38.81024  -69.16692    12.6159   3.993101    34.3392     47.694     48.062    12.6000   3.992059    34.3441     0.3642 1.0000e-12     0.0327    99.1844      98.55    201.922     4.6387 2.3819e+03          1         76 0.0000e+00
   38.81024  -69.16692    12.6309   4.001706    34.4084     48.552     48.928    12.6608   4.003683    34.3991     0.3648 1.0000e-12     0.0322    99.1981      98.55    196.709     4.5192 2.4739e+03          1         28 0.0000e+00
   38.81024  -69.16692    12.7060   4.006249    34.3815     49.616     49.999    12.7148   4.021976    34.5240     0.3295 1.0000e-12     0.0335    99.1650      98.55    193.788     4.4519 2.4766e+03          1         28 0.0000e+00
   38.81024  -69.16692    12.7228   4.005847    34.3629     50.613     51.005    12.7139   4.046431    34.7604     0.3342 1.0000e-12     0.0290    99.2781      98.55    193.177     4.4378 2.4310e+03          1         89 0.0000e+00
   38.81025  -69.16692    12.7637   4.017847    34.4401     51.595     51.994    12.7824   4.060423    34.8301     0.3011 1.0000e-12     0.0301    99.2514      98.55    189.517     4.3539 2.4031e+03          1         26 0.0000e+00
   38.81026  -69.16692    12.7338   4.032164    34.6055     52.653     53.060    12.7253   4.069418    34.9708     0.2344 1.0000e-12     0.0259    99.3553      98.55    189.371     4.3511 2.4226e+03          1         25 0.0000e+00
   38.81026  -69.16692    12.7115   4.053596    34.8321     53.666     54.082    12.7215   4.069256    34.9729     0.2148 1.0000e-12     0.0191    99.5247      98.55    204.703     4.7042 2.4381e+03          1         79 0.0000e+00
   38.81026  -69.16694    12.7619   4.063928    34.8834     54.545     54.967    12.7680   4.074927    34.9831     0.2183 1.0000e-12     0.0223    99.4439      98.55    238.981     5.4921 2.4070e+03          1         34 0.0000e+00
   38.81026  -69.16694    12.8796   4.081440    34.9394     55.629     56.060    12.8783   4.092649    35.0479     0.1750 1.0000e-12     0.0144    99.6412      98.55    238.283     5.4762 2.4124e+03          1         49 0.0000e+00
   38.81026  -69.16694    12.9793   4.097983    35.0035     56.541     56.980    12.9881   4.107085    35.0821     0.1666 1.0000e-12     0.0125    99.6891      98.55    229.679     5.2786 2.4445e+03          1         45 0.0000e+00
   38.81026  -69.16694    13.0955   4.117667    35.0819     57.560     58.006    13.0992   4.118677    35.0882     0.1698 1.0000e-12     0.0089    99.7779      98.55    225.931     5.1927 2.4201e+03          1         46 0.0000e+00
   38.81026  -69.16694    13.1173   4.124600    35.1284     58.538     58.992    13.1179   4.125964    35.1409     0.1587 1.0000e-12     0.0083    99.7916      98.55    224.643     5.1632 2.4082e+03          1         38 0.0000e+00
   38.81026  -69.16694    13.1170   4.125724    35.1404     59.583     60.045    13.1173   4.126159    35.1443     0.1453 1.0000e-12     0.0067    99.8315      98.55    225.789     5.1896 2.3417e+03          1         51 0.0000e+00
   38.81026  -69.16694    13.1229   4.126837    35.1463     60.434     60.903    13.1230   4.126578    35.1437     0.1521 1.0000e-12     0.0073    99.8191      98.55    228.855     5.2601 2.3996e+03          1         57 0.0000e+00
   38.81026  -69.16694    13.1752   4.133674    35.1619     61.525     62.003    13.1739   4.133008    35.1569     0.1316 1.0000e-12     0.0062    99.8439      98.55    228.455     5.2509 2.4207e+03          1         33 0.0000e+00
   38.81028  -69.16696    13.1840   4.134921    35.1658     62.568     63.054    13.1874   4.135185    35.1652     0.1429 1.0000e-12     0.0068    99.8290      98.55    228.060     5.2418 2.4189e+03          1         49 0.0000e+00
   38.81028  -69.16696    13.2465   4.142181    35.1758     63.436     63.929    13.2534   4.142654    35.1738     0.1490 1.0000e-12     0.0062    99.8436      98.55    226.367     5.2029 2.4188e+03          1         52 0.0000e+00
   38.81028  -69.16696    13.3970   4.162811    35.2289     64.485     64.986    13.4012   4.163155    35.2283     0.1195 1.0000e-12     0.0061    99.8476      98.55    225.441     5.1817 2.4285e+03          1         34 0.0000e+00
   38.81028  -69.16696    13.4120   4.166138    35.2473     65.485     65.994    13.4135   4.166695    35.2512     0.0921 1.0000e-12     0.0031    99.9221      98.55    226.137     5.1977 2.4248e+03          1         53 0.0000e+00
   38.81028  -69.16696    13.4201   4.167230    35.2508     66.480     66.997    13.4181   4.167364    35.2541     0.1052 1.0000e-12     0.0015    99.9628      98.55    225.069     5.1732 2.4427e+03          1         42 0.0000e+00
   38.81028  -69.16696    13.4380   4.169757    35.2585     67.454     67.979    13.4350   4.169506    35.2590     0.0974 1.0000e-12     0.0067    99.8328      98.55    225.207     5.1764 2.4693e+03          1         64 0.0000e+00
   38.81028  -69.16696    13.4611   4.172963    35.2673     68.484     69.017    13.4600   4.172728    35.2661     0.1015 1.0000e-12     0.0017    99.9565      98.55    226.066     5.1961 2.4573e+03          1         32 0.0000e+00
   38.81028  -69.16696    13.4977   4.178182    35.2822     69.550     70.091    13.4992   4.178321    35.2820     0.0782 1.0000e-12     0.0014    99.9664      98.55    226.175     5.1986 2.4198e+03          1         48 0.0000e+00
   38.81030  -69.16696    13.5069   4.179565    35.2871     70.358     70.906    13.5066   4.179597    35.2876     0.0810 1.0000e-12    -0.0001   100.0026      98.55    226.022     5.1951 2.4167e+03          1         54 0.0000e+00
