Data/ruptures/KN207-01/QL-1/20701012.cnv
* Sea-Bird SBE 9 Data File:
* FileName = C:\Data\ctd\20701012.hex
* Software Version Seasave V 7.21e
* Temperature SN = 4406
* Conductivity SN = 1474
* Number of Bytes Per Scan = 40
* Number of Voltage Words = 5
* Number of Scans Averaged by the Deck Unit = 1
* NMEA Latitude = 38 59.81 N
* NMEA Longitude = 068 59.49 W
* NMEA UTC (Time) = Apr 23 2012 10:09:44
** R/V Knorr Cruise # KN207-01 QL1
** Chief Scientist: Ben Van Mooy
# nquan = 21
# nvalues = 397                         
# units = specified
# name 0 = latitude: Latitude [deg]
# name 1 = longitude: Longitude [deg]
# name 2 = t090C: Temperature [ITS-90, deg C]
# name 3 = c0S/m: Conductivity [S/m]
# name 4 = sal00: Salinity, Practical [PSU]
# name 5 = depSM: Depth [salt water, m]
# name 6 = prDM: Pressure, Digiquartz [db]
# name 7 = t190C: Temperature, 2 [ITS-90, deg C]
# name 8 = c1S/m: Conductivity, 2 [S/m]
# name 9 = sal11: Salinity, Practical, 2 [PSU]
# name 10 = flECO-AFL: Fluorescence, WET Labs ECO-AFL/FL [mg/m^3]
# name 11 = par: PAR/Irradiance, Biospherical/Licor
# name 12 = bat: Beam Attenuation, Chelsea/Seatech [1/m]
# name 13 = xmiss: Beam Transmission, Chelsea/Seatech [%]
# name 14 = altM: Altimeter [m]
# name 15 = sbeox0Mm/Kg: Oxygen, SBE 43 [umol/kg]
# name 16 = sbeox0ML/L: Oxygen, SBE 43 [ml/l]
# name 17 = spar: SPAR/Surface Irradiance
# name 18 = pumps: Pump Status
# name 19 = nbin: number of scans per bin
# name 20 = flag: flag
# span 0 =   38.99643,   38.99728       
# span 1 =  -68.99168,  -68.98643       
# span 2 =    11.2258,    14.6834       
# span 3 =   3.873614,   4.355958       
# span 4 =    33.7981,    35.8244       
# span 5 =      2.109,    198.986       
# span 6 =      2.125,    200.601       
# span 7 =    11.2261,    14.6807       
# span 8 =   3.873601,   4.355911       
# span 9 =    33.8469,    35.8258       
# span 10 =     0.0023,     2.6992      
# span 11 = 1.0000e-12, 5.2590e-01      
# span 12 =    -0.0153,     0.3049      
# span 13 =    92.6615,   100.3847      
# span 14 =       1.80,      98.77      
# span 15 =    140.148,    401.248      
# span 16 =     3.2224,     9.2158      
# span 17 = 1.7159e+01, 2.7531e+01      
# span 18 =          0,          1      
# span 19 =          8,        321      
# span 20 = 0.0000e+00, 0.0000e+00      
# interval = decibars: 1                
# start_time = Apr 23 2012 10:09:44 [NMEA time, header]
# bad_flag = -9.990e-29
*END*
   38.99688  -68.99168    12.0774   3.883779    33.7981      3.873      3.902    12.0769   3.888833    33.8469     1.1344 4.6937e-01     0.2979    92.8220       1.97    326.841     7.5061 2.3868e+01          1         80 0.0000e+00
   38.99691  -68.99166    12.0748   3.892962    33.8882      4.822      4.859    12.0749   3.895290    33.9104     1.1609 4.2303e-01     0.2942    92.9091       2.04    348.736     8.0095 2.5060e+01          1        222 0.0000e+00
   38.99696  -68.99166    12.0738   3.896017    33.9180      5.712      5.755    12.0736   3.896870    33.9263     1.1724 3.5242e-01     0.2923    92.9521       2.29    382.861     8.7934 2.6477e+01          1         69 0.0000e+00
   38.99698  -68.99166    12.0735   3.896024    33.9178      6.689      6.740    12.0734   3.897557    33.9328     1.1616 2.8970e-01     0.2922    92.9542       2.13    396.415     9.1047 2.6768e+01          1         61 0.0000e+00
   38.99698  -68.99166    12.0705   3.897145    33.9309      7.998      8.059    12.0701   3.897456    33.9343     1.1692 2.2507e-01     0.2916    92.9696       1.98    401.248     9.2158 2.6685e+01          1         27 0.0000e+00
   38.99698  -68.99166    12.0716   3.896978    33.9279      8.783      8.851    12.0699   3.897364    33.9331     1.1815 1.9293e-01     0.2868    93.0819      79.98    293.455     6.7400 2.6692e+01          1        146 0.0000e+00
   38.99698  -68.99166    12.0597   3.897041    33.9390     10.087     10.165    12.0606   3.897554    33.9431     1.1614 1.7160e-01     0.2837    93.1523      98.58    240.254     5.5182 2.6768e+01          1         53 0.0000e+00
   38.99700  -68.99166    12.0551   3.897016    33.9424     11.000     11.084    12.0561   3.897375    33.9450     1.2269 1.2210e-01     0.2824    93.1838      98.60    245.980     5.6497 2.6695e+01          1         61 0.0000e+00
   38.99702  -68.99166    12.0602   3.896982    33.9369     11.839     11.929    12.0623   3.897496    33.9399     1.2180 1.2160e-01     0.2836    93.1558      98.59    239.089     5.4914 2.6768e+01          1         22 0.0000e+00
   38.99702  -68.99166    12.0703   3.897087    33.9280     12.887     12.985    12.0722   3.897374    33.9290     1.1714 1.0311e-01     0.2814    93.2063      98.59    234.171     5.3784 2.6768e+01          1         24 0.0000e+00
   38.99702  -68.99166    12.0688   3.897154    33.9298     13.717     13.822    12.0709   3.897400    33.9302     1.1680 8.0915e-02     0.2815    93.2046      98.59    237.667     5.4587 2.6539e+01          1         78 0.0000e+00
   38.99704  -68.99166    12.0720   3.897208    33.9268     14.964     15.079    12.0706   3.897664    33.9326     1.1836 7.1414e-02     0.2815    93.2059      83.62    223.660     5.1370 2.6520e+01          1         36 0.0000e+00
   38.99704  -68.99166    12.0713   3.897340    33.9284     15.885     16.007    12.0720   3.897610    33.9304     1.2559 6.1568e-02     0.2805    93.2279      89.12    235.783     5.4154 2.6435e+01          1         67 0.0000e+00
   38.99706  -68.99166    12.0614   3.897371    33.9377     16.659     16.787    12.0575   3.897781    33.9452     1.1964 5.5391e-02     0.2809    93.2198      98.59    218.291     5.0137 2.5825e+01          1         97 0.0000e+00
   38.99707  -68.99166    12.0064   3.896924    33.9842     17.846     17.983    12.0007   3.897684    33.9969     1.1743 4.7780e-02     0.2829    93.1724      98.59    206.286     4.7382 2.5095e+01          1         36 0.0000e+00
   38.99708  -68.99166    11.9321   3.895015    34.0347     18.871     19.015    11.9468   3.895991    34.0303     1.2022 3.9270e-02     0.2867    93.0834      98.59    216.463     4.9722 2.4955e+01          1         32 0.0000e+00
   38.99709  -68.99166    11.9789   3.896653    34.0055     19.688     19.840    11.9805   3.897123    34.0086     1.3340 3.4033e-02     0.2863    93.0927      98.59    236.713     5.4372 2.4729e+01          1        116 0.0000e+00
   38.99710  -68.99166    11.9000   3.892257    34.0359     20.881     21.041    11.8900   3.892988    34.0524     1.2539 3.0341e-02     0.2854    93.1137      98.59    221.663     5.0917 2.4638e+01          1         22 0.0000e+00
   38.99711  -68.99166    11.9505   3.895165    34.0156     21.934     22.102    11.8857   3.895262    34.0772     1.3707 2.4712e-02     0.2906    92.9924      98.59    229.215     5.2650 2.4501e+01          1        123 0.0000e+00
   38.99712  -68.99166    11.8023   3.893622    34.1397     22.857     23.033    11.7815   3.893668    34.1589     1.2755 2.1693e-02     0.2904    92.9975      98.59    225.673     5.1843 2.4258e+01          1         24 0.0000e+00
   38.99714  -68.99166    11.6626   3.892305    34.2578     23.881     24.065    11.6063   3.892743    34.3152     1.4414 1.8736e-02     0.2945    92.9019      98.59    219.643     5.0464 2.4340e+01          1         34 0.0000e+00
   38.99714  -68.99166    11.6535   3.893931    34.2809     24.776     24.966    11.4352   3.891516    34.4636     1.8799 1.5848e-02     0.2981    92.8188      98.58    231.478     5.3184 2.3888e+01          1         55 0.0000e+00
   38.99715  -68.99165    11.4194   3.893140    34.4929     25.676     25.873    11.3703   3.892897    34.5356     2.0441 1.4316e-02     0.2932    92.9324      98.59    232.822     5.3503 2.3470e+01          1         92 0.0000e+00
   38.99716  -68.99164    11.3341   3.890312    34.5436     26.799     27.005    11.3541   3.889918    34.5186     2.0212 1.3464e-02     0.2890    93.0285      98.59    216.365     4.9724 2.3607e+01          1         24 0.0000e+00
   38.99716  -68.99164    11.2684   3.889201    34.5942     27.850     28.064    11.2285   3.888169    34.6209     2.0563 1.1027e-02     0.2801    93.2387      98.59    216.358     4.9725 2.3198e+01          1         30 0.0000e+00
   38.99716  -68.99164    11.2332   3.888973    34.6233     28.498     28.717    11.2264   3.888979    34.6287     2.1924 8.9673e-03     0.2776    93.2957      98.58    217.227     4.9926 2.2487e+01          1         37 0.0000e+00
   38.99718  -68.99164    11.2258   3.881244    34.5511     29.781     30.010    11.2261   3.884551    34.5827     2.2008 7.9108e-03     0.2821    93.1902      98.59    212.723     4.8888 2.2306e+01          1         16 0.0000e+00
   38.99718  -68.99164    11.2327   3.886862    34.5992     30.804     31.041    11.2521   3.890012    34.6109     2.5950 7.0087e-03     0.2796    93.2502      98.58    216.763     4.9819 2.2423e+01          1         19 0.0000e+00
   38.99719  -68.99163    11.3259   3.892599    34.5646     31.776     32.020    11.3162   3.893222    34.5795     2.5003 5.1929e-03     0.2934    92.9273      98.59    232.920     5.3530 2.2187e+01          1        112 0.0000e+00
   38.99722  -68.99164    11.3498   3.890593    34.5205     32.739     32.991    11.3506   3.892013    34.5332     2.3083 3.5889e-03     0.2749    93.3597      98.59    209.290     4.8097 2.1837e+01          1         38 0.0000e+00
   38.99722  -68.99164    11.3460   3.889315    34.5111     33.699     33.958    11.3450   3.890218    34.5205     1.9063 3.4901e-03     0.2541    93.8462      37.20    208.071     4.7817 2.2220e+01          1         26 0.0000e+00
   38.99722  -68.99164    11.3254   3.891394    34.5511     34.722     34.990    11.3245   3.891142    34.5491     1.6010 3.2399e-03     0.2294    94.4258      98.59    211.535     4.8614 2.1837e+01          1         19 0.0000e+00
   38.99722  -68.99164    11.3270   3.893446    34.5693     35.753     36.028    11.3302   3.893324    34.5647     1.4273 2.9112e-03     0.1945    95.2544      98.59    217.439     4.9972 2.0968e+01          1         20 0.0000e+00
   38.99722  -68.99164    11.3400   3.895339    34.5750     36.829     37.113    11.3468   3.895497    34.5698     1.2842 2.4395e-03     0.1668    95.9153      98.59    225.039     5.1719 2.1371e+01          1         31 0.0000e+00
   38.99724  -68.99162    11.3658   3.896941    34.5657     37.405     37.693    11.3655   3.896818    34.5647     1.2730 1.9625e-03     0.1640    95.9834      98.65    220.219     5.0610 2.0703e+01          1         32 0.0000e+00
   38.99724  -68.99162    11.4229   3.901793    34.5582     38.651     38.949    11.4234   3.899592    34.5359     1.0328 1.5072e-03     0.1374    96.6241      98.59    201.465     4.6300 2.0076e+01          1         12 0.0000e+00
   38.99724  -68.99162    11.4485   3.905331    34.5682     39.737     40.045    11.4448   3.901668    34.5356     0.8732 1.3147e-03     0.1221    96.9938      98.59    204.275     4.6946 2.0395e+01          1         14 0.0000e+00
   38.99724  -68.99162    11.4505   3.902506    34.5382     40.795     41.110    11.4770   3.899489    34.4829     0.7273 1.1384e-03     0.0952    97.6494      95.71    221.838     5.0981 2.0165e+01          1         25 0.0000e+00
   38.99726  -68.99162    11.5477   3.904548    34.4663     41.483     41.803    11.5427   3.901432    34.4402     0.6879 9.5214e-04     0.0855    97.8846      98.59    217.857     5.0062 2.0017e+01          1         38 0.0000e+00
   38.99726  -68.99162    11.6094   3.905592    34.4182     42.694     43.024    11.6138   3.903252    34.3906     0.6325 7.9397e-04     0.0738    98.1719      98.59    201.876     4.6388 1.9975e+01          1         22 0.0000e+00
   38.99726  -68.99159    11.6427   3.906718    34.3980     43.820     44.159    11.6599   3.904231    34.3570     0.6105 6.8552e-04     0.0608    98.4922      98.59    198.352     4.5577 2.0047e+01          1         77 0.0000e+00
   38.99726  -68.99158    11.6986   3.909002    34.3679     44.623     44.968    11.6924   3.906349    34.3477     0.5637 6.6410e-04     0.0601    98.5087      98.59    201.207     4.6231 2.0010e+01          1         34 0.0000e+00
   38.99726  -68.99158    11.7121   3.911741    34.3821     45.674     46.027    11.7115   3.909451    34.3601     0.4348 6.0960e-04     0.0513    98.7258      98.59    202.028     4.6421 2.0076e+01          1         22 0.0000e+00
   38.99727  -68.99158    11.7125   3.913133    34.3954     46.660     47.021    11.7102   3.915726    34.4230     0.4114 5.7231e-04     0.0410    98.9800      98.59    202.502     4.6530 1.9911e+01          1         27 0.0000e+00
   38.99727  -68.99158    11.7050   3.915145    34.4231     47.727     48.097    11.6992   3.935110    34.6245     0.4882 4.3703e-04     0.0427    98.9386      98.59    197.431     4.5366 2.0047e+01          1        156 0.0000e+00
   38.99726  -68.99158    11.7148   3.927795    34.5382     48.569     48.945    11.7159   3.939159    34.6486     0.4578 3.9728e-04     0.0449    98.8819      98.60    187.813     4.3159 2.0076e+01          1         27 0.0000e+00
   38.99726  -68.99158    11.7989   3.941204    34.5888     49.588     49.973    11.7968   3.946922    34.6467     0.3711 3.7429e-04     0.0377    99.0614      16.01    187.322     4.3048 2.0076e+01          1         17 0.0000e+00
   38.99726  -68.99158    11.8959   3.955514    34.6358     50.588     50.980    11.8929   3.958892    34.6716     0.3254 3.3645e-04     0.0341    99.1494      89.75    191.341     4.3972 2.0076e+01          1         14 0.0000e+00
   38.99727  -68.99157    11.9814   3.969120    34.6868     51.583     51.983    11.9813   3.970212    34.6975     0.2689 2.8977e-04     0.0285    99.2908      98.59    197.972     4.5497 2.0076e+01          1         14 0.0000e+00
   38.99728  -68.99156    12.0180   3.977586    34.7346     52.609     53.017    12.0176   3.980418    34.7625     0.2592 2.6776e-04     0.0260    99.3508      98.59    211.123     4.8521 1.9864e+01          1         21 0.0000e+00
   38.99728  -68.99156    11.9778   3.976626    34.7653     53.437     53.852    11.9358   3.972654    34.7665     0.3130 2.1961e-04     0.0260    99.3521      97.55    240.259     5.5218 1.9977e+01          1         90 0.0000e+00
   38.99728  -68.99156    12.0414   3.985043    34.7866     54.603     55.027    11.9841   3.975399    34.7469     0.3275 1.8170e-04     0.0340    99.1547      98.52    236.791     5.4421 2.0076e+01          1         18 0.0000e+00
   38.99728  -68.99156    12.1224   3.996044    34.8162     55.584     56.016    12.1223   3.992777    34.7837     0.2874 1.7305e-04     0.0308    99.2327      98.40    239.108     5.4954 2.0076e+01          1         16 0.0000e+00
   38.99728  -68.99155    12.1741   4.003083    34.8353     56.587     57.027    12.1717   4.001435    34.8209     0.2004 1.4942e-04     0.0239    99.4046      98.59    241.296     5.5457 2.0076e+01          1         16 0.0000e+00
   38.99728  -68.99154    12.1866   4.005086    34.8431     57.583     58.030    12.1851   4.004430    34.8377     0.1902 1.1825e-04     0.0182    99.5466      93.46    242.833     5.5811 2.0076e+01          1         21 0.0000e+00
   38.99728  -68.99154    12.1518   4.000671    34.8351     58.346     58.800    12.1121   3.996121    34.8283     0.2432 1.0530e-04     0.0215    99.4653      86.26    238.987     5.4927 1.9995e+01          1         83 0.0000e+00
   38.99728  -68.99154    12.2006   4.005815    34.8389     59.543     60.006    12.1888   4.001593    34.8083     0.2391 7.0126e-05     0.0246    99.3888      98.59    236.402     5.4333 1.9904e+01          1         26 0.0000e+00
   38.99728  -68.99154    12.2841   4.016787    34.8657     60.524     60.995    12.2876   4.016439    34.8583     0.1915 6.1844e-05     0.0200    99.5017      98.59    238.594     5.4837 2.0076e+01          1         27 0.0000e+00
   38.99728  -68.99153    12.2949   4.019431    34.8815     61.500     61.979    12.2956   4.019639    34.8823     0.1658 3.7984e-05     0.0150    99.6255      98.59    238.381     5.4788 2.0076e+01          1         27 0.0000e+00
   38.99728  -68.99152    12.2813   4.018104    34.8832     62.376     62.862    12.2772   4.017760    34.8833     0.1833 1.5702e-05     0.0163    99.5942      98.59    237.293     5.4538 2.0131e+01          1        121 0.0000e+00
   38.99726  -68.99154    12.3021   4.020650    34.8886     63.470     63.964    12.2971   4.020312    34.8899     0.1624 7.5315e-06     0.0391    99.0279      98.59    236.871     5.4442 2.0076e+01          1         26 0.0000e+00
   38.99726  -68.99154    12.3107   4.022060    34.8940     64.485     64.987    12.2997   4.020304    34.8873     0.1709 5.6486e-06     0.0203    99.4956      98.59    237.453     5.4575 2.0162e+01          1         26 0.0000e+00
   38.99726  -68.99154    12.3306   4.024771    34.9012     65.479     65.989    12.3302   4.024594    34.8995     0.1607 2.9669e-06     0.0107    99.7330      98.59    238.068     5.4717 2.0076e+01          1         22 0.0000e+00
   38.99726  -68.99154    12.3467   4.026953    34.9067     66.472     66.990    12.3475   4.026830    34.9046     0.1637 7.4174e-07     0.0085    99.7867      98.59    238.298     5.4770 2.0076e+01          1         22 0.0000e+00
   38.99728  -68.99151    12.3623   4.029156    34.9138     67.315     67.840    12.3568   4.028270    34.9103     0.1610 1.0000e-12     0.0166    99.5856      84.74    238.921     5.4913 2.0094e+01          1        123 0.0000e+00
   38.99726  -68.99152    12.5306   4.051428    34.9682     68.467     69.001    12.5326   4.049793    34.9503     0.1500 1.0000e-12     0.0098    99.7559      98.59    238.506     5.4818 2.0076e+01          1         21 0.0000e+00
   38.99726  -68.99152    12.6750   4.070591    35.0150     69.513     70.055    12.6737   4.069537    35.0059     0.1305 1.0000e-12     0.0073    99.8178      98.59    237.728     5.4640 2.0159e+01          1         27 0.0000e+00
   38.99726  -68.99152    12.7273   4.077924    35.0374     70.320     70.869    12.7524   4.080753    35.0405     0.1288 1.0000e-12     0.0051    99.8714      98.59    236.916     5.4453 2.0076e+01          1         69 0.0000e+00
