Data/ruptures/KN207-01/QL-1/20701010.cnv
* Sea-Bird SBE 9 Data File:
* FileName = C:\Data\ctd\20701010.hex
* Software Version Seasave V 7.21e
* Temperature SN = 4406
* Conductivity SN = 1474
* Number of Bytes Per Scan = 40
* Number of Voltage Words = 5
* Number of Scans Averaged by the Deck Unit = 1
* NMEA Latitude = 39 00.01 N
* NMEA Longitude = 069 00.00 W
* NMEA UTC (Time) = Apr 23 2012 00:33:00
** R/V Knorr Cruise # KN207-01 QL1
** Chief Scientist: Ben Van Mooy
# nquan = 21
# nvalues = 6320                        
# units = specified
# name 0 = latitude: Latitude [deg]
# name 1 = longitude: Longitude [deg]
# name 2 = t090C: Temperature [ITS-90, deg C]
# name 3 = c0S/m: Conductivity [S/m]
# name 4 = sal00: Salinity, Practical [PSU]
# name 5 = depSM: Depth [salt water, m]
# name 6 = prDM: Pressure, Digiquartz [db]
# name 7 = t190C: Temperature, 2 [ITS-90, deg C]
# name 8 = c1S/m: Conductivity, 2 [S/m]
# name 9 = sal11: Salinity, Practical, 2 [PSU]
# name 10 = flECO-AFL: Fluorescence, WET Labs ECO-AFL/FL [mg/m^3]
# name 11 = par: PAR/Irradiance, Biospherical/Licor
# name 12 = bat: Beam Attenuation, Chelsea/Seatech [1/m]
# name 13 = xmiss: Beam Transmission, Chelsea/Seatech [%]
# name 14 = altM: Altimeter [m]
# name 15 = sbeox0Mm/Kg: Oxygen, SBE 43 [umol/kg]
# name 16 = sbeox0ML/L: Oxygen, SBE 43 [ml/l]
# name 17 = spar: SPAR/Surface Irradiance
# name 18 = pumps: Pump Status
# name 19 = nbin: number of scans per bin
# name 20 = flag: flag
# span 0 =   38.99986,   39.00084       
# span 1 =  -69.00114,  -68.99736       
# span 2 =     2.3685,    14.7912       
# span 3 =   3.233334,   4.369546       
# span 4 =    33.6978,    35.8426       
# span 5 =      2.948,   3115.218       
# span 6 =      2.970,   3162.519       
# span 7 =     2.3683,    14.7910       
# span 8 =   3.233272,   4.369614       
# span 9 =    34.0594,    35.8538       
# span 10 =    -0.0209,     3.7649      
# span 11 = 1.0000e-12, 1.0000e-12      
# span 12 =    -0.0358,     0.3353      
# span 13 =    91.9590,   100.8979      
# span 14 =       5.23,      98.93      
# span 15 =    129.475,    442.857      
# span 16 =     2.9778,    10.1715      
# span 17 = 1.3384e+01, 1.5615e+01      
# span 18 =          1,          1      
# span 19 =          2,        481      
# span 20 = 0.0000e+00, 0.0000e+00      
# interval = decibars: 1                
# start_time = Apr 23 2012 00:33:00 [NMEA time, header]
# bad_flag = -9.990e-29
*END*
[from data line 1035]
   39.00024  -68.99974     4.3200   3.327898    34.9700   1027.581   1038.009     4.3197   3.327896    34.9702     0.0344 1.0000e-12    -0.0310   100.7780      98.64    246.113     5.6637 1.4978e+01          1         14 0.0000e+00
   39.00024  -68.99974     4.3188   3.327820    34.9698   1028.606   1039.047     4.3184   3.327821    34.9702     0.0387 1.0000e-12    -0.0313   100.7845      98.64    246.408     5.6705 1.3919e+01          1         25 0.0000e+00
   39.00024  -68.99973     4.3172   3.327693    34.9694   1029.413   1039.864     4.3169   3.327688    34.9698     0.0356 1.0000e-12    -0.0315   100.7906      98.63    246.330     5.6687 1.4212e+01          1         62 0.0000e+00
   39.00024  -68.99972     4.3140   3.327469    34.9697   1030.521   1040.986     4.3137   3.327456    34.9698     0.0292 1.0000e-12    -0.0314   100.7873      98.64    246.381     5.6698 1.4314e+01          1         24 0.0000e+00
   39.00024  -68.99972     4.3145   3.327574    34.9698   1031.492   1041.969     4.3144   3.327588    34.9701     0.0272 1.0000e-12    -0.0313   100.7854      98.64    246.939     5.6827 1.4234e+01          1         21 0.0000e+00
   39.00024  -68.99972     4.3129   3.327471    34.9698   1032.481   1042.971     4.3128   3.327499    34.9703     0.0225 1.0000e-12    -0.0315   100.7904      98.64    246.514     5.6729 1.4601e+01          1         22 0.0000e+00
   39.00024  -68.99972     4.3117   3.327395    34.9697   1033.479   1043.982     4.3115   3.327405    34.9700     0.0201 1.0000e-12    -0.0312   100.7826      98.63    246.684     5.6768 1.4160e+01          1         23 0.0000e+00
   39.00026  -68.99974     4.3089   3.327170    34.9695   1034.466   1044.981     4.3088   3.327217    34.9702     0.0294 1.0000e-12    -0.0315   100.7900      98.64    246.579     5.6744 1.4441e+01          1         19 0.0000e+00
   39.00026  -68.99974     4.3066   3.327011    34.9696   1035.485   1046.013     4.3064   3.327019    34.9699     0.0427 1.0000e-12    -0.0322   100.8093      98.63    246.585     5.6745 1.3909e+01          1         17 0.0000e+00
   39.00026  -68.99974     4.3070   3.327104    34.9697   1036.493   1047.034     4.3070   3.327103    34.9697     0.0209 1.0000e-12    -0.0311   100.7799      98.64    246.311     5.6682 1.4081e+01          1         16 0.0000e+00
   39.00026  -68.99974     4.3082   3.327281    34.9699   1037.484   1048.037     4.3084   3.327279    34.9696     0.0163 1.0000e-12    -0.0305   100.7657      98.64    246.422     5.6708 1.4500e+01          1         20 0.0000e+00
   39.00026  -68.99974     4.3072   3.327259    34.9702   1038.551   1049.117     4.3075   3.327342    34.9708     0.0181 1.0000e-12    -0.0313   100.7838      98.64    246.441     5.6712 1.4307e+01          1         58 0.0000e+00
   39.00026  -68.99972     4.3056   3.327173    34.9704   1039.398   1049.975     4.3053   3.327138    34.9703     0.0273 1.0000e-12    -0.0317   100.7945      98.64    246.380     5.6698 1.4500e+01          1         28 0.0000e+00
   39.00026  -68.99972     4.3062   3.327284    34.9705   1040.424   1051.015     4.3060   3.327278    34.9707     0.0143 1.0000e-12    -0.0317   100.7954      98.64    246.368     5.6695 1.3854e+01          1         19 0.0000e+00
   39.00026  -68.99972     4.3061   3.327300    34.9703   1041.382   1051.984     4.3057   3.327287    34.9705     0.0187 1.0000e-12    -0.0316   100.7927      98.63    246.308     5.6682 1.4128e+01          1         15 0.0000e+00
   39.00026  -68.99972     4.3060   3.327340    34.9703   1042.374   1052.989     4.3057   3.327337    34.9706     0.0223 1.0000e-12    -0.0315   100.7913      98.63    246.218     5.6661 1.3880e+01          1         18 0.0000e+00
   39.00026  -68.99972     4.3063   3.327417    34.9703   1043.408   1054.036     4.3062   3.327415    34.9705     0.0262 1.0000e-12    -0.0316   100.7939      98.64    246.070     5.6627 1.4021e+01          1         21 0.0000e+00
   39.00024  -68.99972     4.3068   3.327515    34.9704   1044.379   1055.020     4.3067   3.327525    34.9706     0.0184 1.0000e-12    -0.0316   100.7918      98.64    246.347     5.6691 1.4425e+01          1         30 0.0000e+00
   39.00024  -68.99972     4.3069   3.327572    34.9705   1045.325   1055.978     4.3067   3.327573    34.9707     0.0248 1.0000e-12    -0.0316   100.7927      98.64    246.045     5.6621 1.4094e+01          1         22 0.0000e+00
   39.00024  -68.99972     4.3060   3.327537    34.9705   1046.319   1056.985     4.3059   3.327542    34.9707     0.0130 1.0000e-12    -0.0314   100.7882      98.64    246.383     5.6699 1.4171e+01          1         17 0.0000e+00
   39.00024  -68.99972     4.3054   3.327523    34.9705   1047.307   1057.985     4.3053   3.327534    34.9707     0.0201 1.0000e-12    -0.0314   100.7873      98.63    246.855     5.6808 1.4323e+01          1         19 0.0000e+00
   39.00024  -68.99972     4.3052   3.327541    34.9703   1048.420   1059.113     4.3050   3.327547    34.9707     0.0268 1.0000e-12    -0.0313   100.7856      98.65    246.119     5.6638 1.4388e+01          1         40 0.0000e+00
   39.00024  -68.99972     4.3044   3.327503    34.9704   1049.155   1059.857     4.3042   3.327498    34.9706     0.0222 1.0000e-12    -0.0322   100.8075      98.63    246.187     5.6654 1.4109e+01          1         40 0.0000e+00
   39.00024  -68.99972     4.3039   3.327508    34.9704   1050.201   1060.916     4.3035   3.327499    34.9707     0.0065 1.0000e-12    -0.0318   100.7987      98.64    246.591     5.6747 1.4303e+01          1         17 0.0000e+00
   39.00024  -68.99972     4.3012   3.327298    34.9703   1051.255   1061.983     4.3010   3.327331    34.9709     0.0324 1.0000e-12    -0.0316   100.7927      98.65    246.361     5.6694 1.4500e+01          1         18 0.0000e+00
   39.00024  -68.99972     4.2987   3.327107    34.9703   1052.320   1063.062     4.2984   3.327118    34.9707     0.0393 1.0000e-12    -0.0315   100.7897      98.63    246.618     5.6753 1.4303e+01          1         17 0.0000e+00
   39.00024  -68.99972     4.2980   3.327095    34.9704   1053.301   1064.056     4.2977   3.327103    34.9707     0.0272 1.0000e-12    -0.0316   100.7927      98.63    246.423     5.6708 1.4434e+01          1         17 0.0000e+00
   39.00024  -68.99972     4.2966   3.326997    34.9702   1054.238   1065.005     4.2967   3.327037    34.9705     0.0349 1.0000e-12    -0.0320   100.8037      98.64    246.244     5.6667 1.4446e+01          1         21 0.0000e+00
   39.00024  -68.99972     4.2933   3.326738    34.9702   1055.200   1065.979     4.2933   3.326796    34.9709     0.0287 1.0000e-12    -0.0319   100.8005      98.64    246.501     5.6726 1.4645e+01          1         23 0.0000e+00
   39.00024  -68.99972     4.2901   3.326479    34.9701   1056.197   1066.989     4.2899   3.326504    34.9706     0.0223 1.0000e-12    -0.0313   100.7849      98.63    246.717     5.6776 1.4257e+01          1         23 0.0000e+00
   39.00024  -68.99972     4.2879   3.326335    34.9702   1057.280   1068.086     4.2876   3.326321    34.9703     0.0153 1.0000e-12    -0.0313   100.7841      98.63    246.390     5.6701 1.4252e+01          1         36 0.0000e+00
   39.00024  -68.99971     4.2875   3.326337    34.9702   1058.023   1068.838     4.2874   3.326333    34.9703     0.0157 1.0000e-12    -0.0316   100.7932      98.64    246.425     5.6709 1.4500e+01          1         48 0.0000e+00
   39.00024  -68.99970     4.2867   3.326353    34.9706   1059.120   1069.949     4.2865   3.326340    34.9707     0.0209 1.0000e-12    -0.0319   100.7995      98.63    246.563     5.6740 1.3736e+01          1         19 0.0000e+00
   39.00024  -68.99970     4.2870   3.326424    34.9706   1060.125   1070.967     4.2867   3.326407    34.9707     0.0197 1.0000e-12    -0.0317   100.7961      98.64    246.856     5.6808 1.4276e+01          1         15 0.0000e+00
   39.00024  -68.99970     4.2864   3.326422    34.9707   1061.158   1072.013     4.2861   3.326422    34.9710     0.0250 1.0000e-12    -0.0315   100.7910      98.63    246.894     5.6817 1.4723e+01          1         15 0.0000e+00
   39.00024  -68.99970     4.2859   3.326428    34.9707   1062.172   1073.040     4.2856   3.326418    34.9709     0.0359 1.0000e-12    -0.0311   100.7798      98.64    246.535     5.6734 1.3703e+01          1         14 0.0000e+00
   39.00024  -68.99970     4.2853   3.326415    34.9707   1063.133   1074.014     4.2851   3.326430    34.9711     0.0345 1.0000e-12    -0.0307   100.7700      98.64    246.831     5.6802 1.4434e+01          1         17 0.0000e+00
   39.00024  -68.99971     4.2845   3.326388    34.9708   1064.139   1075.032     4.2844   3.326392    34.9709     0.0211 1.0000e-12    -0.0313   100.7841      98.64    246.631     5.6756 1.4425e+01          1         30 0.0000e+00
   39.00024  -68.99972     4.2854   3.326522    34.9709   1065.027   1075.932     4.2852   3.326512    34.9710     0.0374 1.0000e-12    -0.0315   100.7903      98.64    246.375     5.6697 1.4290e+01          1         32 0.0000e+00
   39.00024  -68.99972     4.2852   3.326564    34.9710   1066.074   1076.992     4.2849   3.326545    34.9711     0.0273 1.0000e-12    -0.0315   100.7895      98.64    246.363     5.6694 1.4221e+01          1         24 0.0000e+00
   39.00024  -68.99972     4.2839   3.326465    34.9707   1067.093   1078.024     4.2835   3.326464    34.9711     0.0201 1.0000e-12    -0.0315   100.7908      98.64    246.615     5.6752 1.4210e+01          1         27 0.0000e+00
   39.00024  -68.99972     4.2818   3.326295    34.9705   1068.045   1078.989     4.2815   3.326291    34.9707     0.0211 1.0000e-12    -0.0318   100.7968      98.64    246.318     5.6684 1.4323e+01          1         38 0.0000e+00
   39.00024  -68.99972     4.2805   3.326234    34.9706   1068.976   1079.932     4.2803   3.326223    34.9707     0.0082 1.0000e-12    -0.0320   100.8030      98.63    246.714     5.6775 1.4276e+01          1         25 0.0000e+00
   39.00024  -68.99972     4.2805   3.326264    34.9704   1070.003   1080.971     4.2802   3.326260    34.9707     0.0304 1.0000e-12    -0.0318   100.7970      98.64    246.425     5.6709 1.4376e+01          1         18 0.0000e+00
   39.00024  -68.99972     4.2797   3.326223    34.9703   1071.020   1082.002     4.2795   3.326251    34.9708     0.0232 1.0000e-12    -0.0314   100.7863      98.63    246.417     5.6707 1.3663e+01          1         16 0.0000e+00
   39.00024  -68.99972     4.2777   3.326077    34.9703   1072.031   1083.026     4.2773   3.326079    34.9706     0.0072 1.0000e-12    -0.0311   100.7798      98.64    246.341     5.6689 1.4360e+01          1         16 0.0000e+00
   39.00024  -68.99972     4.2773   3.326080    34.9701   1073.030   1084.037     4.2770   3.326087    34.9706     0.0048 1.0000e-12    -0.0317   100.7957      98.64    246.330     5.6687 1.4303e+01          1         17 0.0000e+00
   39.00024  -68.99972     4.2767   3.326071    34.9702   1074.007   1085.028     4.2765   3.326079    34.9705     0.0235 1.0000e-12    -0.0315   100.7892      98.64    246.353     5.6692 1.4094e+01          1         22 0.0000e+00
   39.00024  -68.99972     4.2746   3.325921    34.9702   1074.988   1086.021     4.2743   3.325922    34.9705     0.0213 1.0000e-12    -0.0314   100.7876      98.64    246.384     5.6699 1.4340e+01          1         35 0.0000e+00
   39.00024  -68.99972     4.2731   3.325819    34.9701   1075.972   1087.018     4.2728   3.325826    34.9704     0.0337 1.0000e-12    -0.0314   100.7876      98.64    246.682     5.6768 1.4009e+01          1         25 0.0000e+00
   39.00024  -68.99972     4.2724   3.325810    34.9701   1077.015   1088.074     4.2721   3.325780    34.9701     0.0257 1.0000e-12    -0.0314   100.7885      98.64    246.386     5.6700 1.3927e+01          1         37 0.0000e+00
   39.00024  -68.99972     4.2743   3.326052    34.9704   1077.839   1088.909     4.2739   3.326019    34.9704     0.0228 1.0000e-12    -0.0315   100.7902      98.64    246.651     5.6761 1.4255e+01          1         41 0.0000e+00
   39.00024  -68.99972     4.2754   3.326230    34.9708   1078.871   1089.954     4.2752   3.326211    34.9708     0.0359 1.0000e-12    -0.0317   100.7954      98.63    246.389     5.6701 1.4206e+01          1         19 0.0000e+00
   39.00024  -68.99972     4.2758   3.326327    34.9710   1079.876   1090.973     4.2755   3.326294    34.9709     0.0200 1.0000e-12    -0.0320   100.8023      98.64    246.261     5.6671 1.4081e+01          1         16 0.0000e+00
   39.00024  -68.99972     4.2753   3.326301    34.9707   1080.916   1092.026     4.2748   3.326301    34.9712     0.0187 1.0000e-12    -0.0315   100.7907      98.63    246.733     5.6780 1.4242e+01          1         13 0.0000e+00
   39.00024  -68.99972     4.2713   3.325940    34.9702   1081.917   1093.040     4.2708   3.325953    34.9710     0.0151 1.0000e-12    -0.0317   100.7948      98.64    246.502     5.6727 1.4685e+01          1         12 0.0000e+00
   39.00024  -68.99972     4.2701   3.325862    34.9702   1082.864   1093.999     4.2697   3.325871    34.9707     0.0195 1.0000e-12    -0.0315   100.7904      98.63    246.476     5.6720 1.3992e+01          1         11 0.0000e+00
   39.00024  -68.99972     4.2694   3.325840    34.9702   1083.817   1094.964     4.2690   3.325829    34.9704     0.0283 1.0000e-12    -0.0313   100.7848      98.64    246.398     5.6703 1.4585e+01          1         13 0.0000e+00
   39.00024  -68.99972     4.2697   3.325928    34.9704   1084.846   1096.006     4.2694   3.325908    34.9703     0.0259 1.0000e-12    -0.0319   100.8013      98.64    246.303     5.6681 1.3880e+01          1         18 0.0000e+00
   39.00024  -68.99972     4.2701   3.325971    34.9700   1085.575   1096.745     4.2701   3.325991    34.9702     0.0218 1.0000e-12    -0.0316   100.7915      98.64    246.421     5.6708 1.4553e+01          1         42 0.0000e+00
   39.00024  -68.99972     4.2676   3.325801    34.9700   1086.797   1097.982     4.2678   3.325898    34.9710     0.0431 1.0000e-12    -0.0312   100.7824      98.63    246.885     5.6815 1.4500e+01          1         10 0.0000e+00
   39.00024  -68.99972     4.2664   3.325759    34.9703   1087.773   1098.971     4.2662   3.325750    34.9705     0.0237 1.0000e-12    -0.0316   100.7927      98.64    246.837     5.6804 1.4128e+01          1         12 0.0000e+00
   39.00024  -68.99972     4.2650   3.325647    34.9700   1088.776   1099.987     4.2646   3.325677    34.9708     0.0194 1.0000e-12    -0.0315   100.7906      98.64    246.773     5.6789 1.3942e+01          1         12 0.0000e+00
   39.00024  -68.99972     4.2604   3.325243    34.9697   1089.777   1101.001     4.2601   3.325292    34.9706     0.0328 1.0000e-12    -0.0316   100.7927      98.64    246.589     5.6746 1.4181e+01          1         14 0.0000e+00
   39.00024  -68.99972     4.2583   3.325100    34.9697   1090.802   1102.039     4.2581   3.325094    34.9699     0.0345 1.0000e-12    -0.0320   100.8018      98.63    246.512     5.6729 1.4565e+01          1         17 0.0000e+00
   39.00024  -68.99972     4.2573   3.325020    34.9694   1091.781   1103.031     4.2571   3.325035    34.9698     0.0353 1.0000e-12    -0.0319   100.8005      98.64    246.226     5.6663 1.4451e+01          1         23 0.0000e+00
   39.00024  -68.99972     4.2550   3.324842    34.9692   1092.765   1104.028     4.2549   3.324849    34.9694     0.0213 1.0000e-12    -0.0319   100.8011      98.64    246.350     5.6692 1.4332e+01          1         40 0.0000e+00
   39.00024  -68.99970     4.2556   3.324939    34.9692   1093.672   1104.946     4.2554   3.324944    34.9694     0.0209 1.0000e-12    -0.0321   100.8045      98.64    246.581     5.6745 1.4216e+01          1         59 0.0000e+00
