Data/ruptures/KN207-01/QL-1/20701016.cnv
* Sea-Bird SBE 9 Data File:
* FileName = C:\Data\ctd\20701016.hex
* Software Version Seasave V 7.21e
* Temperature SN = 4406
* Conductivity SN = 1474
* Number of Bytes Per Scan = 40
* Number of Voltage Words = 5
* Number of Scans Averaged by the Deck Unit = 1
* NMEA Latitude = 38 59.05 N
* NMEA Longitude = 068 59.28 W
* NMEA UTC (Time) = Apr 23 2012 20:04:34
** R/V Knorr Cruise # KN207-01 QL1
** Chief Scientist: Ben Van Mooy
# nquan = 21
# nvalues = 405                         
# units = specified
# name 0 = latitude: Latitude [deg]
# name 1 = longitude: Longitude [deg]
# name 2 = t090C: Temperature [ITS-90, deg C]
# name 3 = c0S/m: Conductivity [S/m]
# name 4 = sal00: Salinity, Practical [PSU]
# name 5 = depSM: Depth [salt water, m]
# name 6 = prDM: Pressure, Digiquartz [db]
# name 7 = t190C: Temperature, 2 [ITS-90, deg C]
# name 8 = c1S/m: Conductivity, 2 [S/m]
# name 9 = sal11: Salinity, Practical, 2 [PSU]
# name 10 = flECO-AFL: Fluorescence, WET Labs ECO-AFL/FL [mg/m^3]
# name 11 = par: PAR/Irradiance, Biospherical/Licor
# name 12 = bat: Beam Attenuation, Chelsea/Seatech [1/m]
# name 13 = xmiss: Beam Transmission, Chelsea/Seatech [%]
# name 14 = altM: Altimeter [m]
# name 15 = sbeox0Mm/Kg: Oxygen, SBE 43 [umol/kg]
# name 16 = sbeox0ML/L: Oxygen, SBE 43 [ml/l]
# name 17 = spar: SPAR/Surface Irradiance
# name 18 = pumps: Pump Status
# name 19 = nbin: number of scans per bin
# name 20 = flag: flag
# span 0 =   38.98327,   38.98420       
# span 1 =  -68.98817,  -68.98738       
# span 2 =    11.1480,    14.7728       
# span 3 =   3.871763,   4.367968       
# span 4 =    33.6383,    35.8472       
# span 5 =      2.442,    203.131       
# span 6 =      2.461,    204.782       
# span 7 =    11.1452,    14.7720       
# span 8 =   3.871846,   4.368108       
# span 9 =    33.9196,    35.8500       
# span 10 =    -0.0034,     2.7662      
# span 11 = 1.0000e-12, 3.0132e+01      
# span 12 =    -0.0153,     0.3204      
# span 13 =    92.3037,   100.3846      
# span 14 =       1.62,      98.69      
# span 15 =    145.562,    422.713      
# span 16 =     3.3467,     9.7084      
# span 17 = 5.4297e+02, 8.8328e+02      
# span 18 =          1,          1      
# span 19 =          7,        624      
# span 20 = 0.0000e+00, 0.0000e+00      
# interval = decibars: 1                
# start_time = Apr 23 2012 20:04:34 [NMEA time, header]
# bad_flag = -9.990e-29
*END*
[from data line 69]
   38.98412  -68.98775    12.8325   4.090564    35.0578     72.476     73.042    12.8357   4.089871    35.0482     0.1497 1.4417e-02     0.0058    99.8555      32.98    234.553     5.3910 6.5293e+02          1         24 0.0000e+00
   38.98412  -68.98775    12.8305   4.090448    35.0611     73.209     73.781    12.8593   4.094306    35.0708     0.1446 1.2448e-02     0.0043    99.8930      76.66    234.515     5.3902 6.5028e+02          1         71 0.0000e+00
   38.98412  -68.98776    12.9260   4.102835    35.0905     74.352     74.933    12.9265   4.102853    35.0905     0.1162 1.1836e-02     0.0022    99.9444      98.57    235.649     5.4162 6.4903e+02          1         26 0.0000e+00
   38.98412  -68.98776    12.9281   4.103163    35.0922     75.390     75.979    12.9271   4.103049    35.0924     0.1241 1.1613e-02     0.0007    99.9840      98.56    234.549     5.3910 6.5118e+02          1         26 0.0000e+00
   38.98412  -68.98774    12.9976   4.112633    35.1169     76.437     77.034    12.9962   4.111126    35.1040     0.1219 1.1149e-02     0.0010    99.9761      98.57    232.413     5.3419 6.5315e+02          1         26 0.0000e+00
   38.98412  -68.98772    13.0505   4.119753    35.1350     77.416     78.021    13.0513   4.119827    35.1351     0.0971 1.0415e-02     0.0001    99.9985      98.56    232.526     5.3445 6.5187e+02          1         30 0.0000e+00
   38.98412  -68.98772    13.0576   4.120721    35.1385     78.419     79.032    13.0580   4.120756    35.1385     0.0953 9.4009e-03    -0.0009   100.0227      98.56    232.198     5.3370 6.5188e+02          1         46 0.0000e+00
   38.98412  -68.98772    13.0605   4.121269    35.1429     79.132     79.751    13.0647   4.121750    35.1437     0.0959 8.3720e-03    -0.0017   100.0419      98.56    231.407     5.3188 6.4695e+02          1        118 0.0000e+00
   38.98411  -68.98773    13.1114   4.128032    35.1598     80.337     80.965    13.1109   4.127796    35.1582     0.0939 8.0378e-03    -0.0023   100.0587      98.57    231.355     5.3176 6.4557e+02          1         27 0.0000e+00
   38.98410  -68.98774    13.1382   4.131706    35.1692     81.329     81.965    13.1353   4.130898    35.1644     0.0890 7.9364e-03    -0.0022   100.0559      98.57    231.161     5.3132 6.4933e+02          1         21 0.0000e+00
   38.98410  -68.98774    13.1567   4.133988    35.1734     82.329     82.973    13.1562   4.133934    35.1734     0.0813 7.7600e-03    -0.0027   100.0687      98.56    230.815     5.3052 6.5135e+02          1         18 0.0000e+00
   38.98410  -68.98774    13.1816   4.137560    35.1836     83.331     83.984    13.1779   4.136627    35.1783     0.0851 7.5404e-03     0.0056    99.8591      98.56    230.878     5.3067 6.5155e+02          1         22 0.0000e+00
   38.98410  -68.98774    13.1981   4.139677    35.1881     84.371     85.033    13.1961   4.139470    35.1881     0.1004 7.1691e-03    -0.0029   100.0738      98.56    230.812     5.3052 6.4933e+02          1         32 0.0000e+00
   38.98411  -68.98771    13.2039   4.140497    35.1913     85.095     85.762    13.2105   4.141311    35.1928     0.0856 6.2828e-03    -0.0042   100.1064      98.57    230.077     5.2883 6.4286e+02          1         83 0.0000e+00
   38.98410  -68.98772    13.2522   4.146716    35.2050     86.318     86.995    13.2512   4.146549    35.2044     0.0929 5.8881e-03    -0.0041   100.1026      98.56    230.631     5.3010 6.3942e+02          1         20 0.0000e+00
   38.98410  -68.98772    13.2699   4.149416    35.2135     87.329     88.014    13.2677   4.148144    35.2036     0.0885 5.8507e-03    -0.0039   100.0987      98.57    230.483     5.2976 6.3842e+02          1         15 0.0000e+00
   38.98410  -68.98772    13.3202   4.155784    35.2259     88.319     89.011    13.3202   4.155744    35.2255     0.0794 5.7597e-03    -0.0036   100.0911      98.56    229.992     5.2864 6.3876e+02          1         17 0.0000e+00
   38.98410  -68.98772    13.3194   4.155755    35.2263     89.332     90.033    13.3192   4.155763    35.2267     0.0885 5.5884e-03    -0.0036   100.0897      98.56    229.761     5.2810 6.4020e+02          1         20 0.0000e+00
   38.98410  -68.98771    13.3201   4.155861    35.2269     90.366     91.075    13.3198   4.155857    35.2271     0.0625 5.2026e-03    -0.0037   100.0931      98.57    229.579     5.2769 6.4107e+02          1         41 0.0000e+00
   38.98410  -68.98770    13.3365   4.158094    35.2331     91.005     91.720    13.3403   4.158459    35.2330     0.0770 4.5358e-03    -0.0036   100.0916      98.57    229.075     5.2653 6.3593e+02          1         47 0.0000e+00
   38.98410  -68.98770    13.4330   4.170926    35.2631     92.271     92.996    13.4355   4.170274    35.2546     0.0802 4.2778e-03    -0.0038   100.0970      98.57    229.664     5.2788 6.2993e+02          1         15 0.0000e+00
   38.98410  -68.98770    13.5181   4.182479    35.2913     93.258     93.991    13.5134   4.180556    35.2775     0.0745 4.2209e-03    -0.0025   100.0635      98.57    229.429     5.2735 6.3115e+02          1         19 0.0000e+00
   38.98410  -68.98770    13.5616   4.188020    35.3025     94.266     95.007    13.5612   4.187967    35.3023     0.0661 4.1501e-03    -0.0021   100.0527      98.57    229.481     5.2747 6.3378e+02          1         24 0.0000e+00
   38.98408  -68.98768    13.5640   4.188541    35.3057     95.279     96.028    13.5627   4.188323    35.3049     0.0573 3.9848e-03    -0.0016   100.0385      98.57    228.545     5.2531 6.3714e+02          1         35 0.0000e+00
   38.98408  -68.98767    13.5569   4.187737    35.3061     96.080     96.836    13.5635   4.188717    35.3091     0.0708 3.4010e-03    -0.0027   100.0685      98.57    227.070     5.2192 6.3196e+02          1         74 0.0000e+00
   38.98408  -68.98766    13.6048   4.194554    35.3256     97.271     98.036    13.6074   4.194004    35.3181     0.0455 3.0887e-03    -0.0026   100.0644      98.57    228.102     5.2430 6.2800e+02          1         15 0.0000e+00
   38.98408  -68.98766    13.6550   4.201313    35.3415     98.232     99.005    13.6571   4.201256    35.3390     0.0580 3.0721e-03    -0.0020   100.0505      98.57    227.745     5.2348 6.2876e+02          1         16 0.0000e+00
   38.98408  -68.98766    13.6661   4.202746    35.3444     99.218     99.999    13.6662   4.202685    35.3439     0.0607 3.0410e-03    -0.0032   100.0807      98.57    227.581     5.2310 6.2904e+02          1         20 0.0000e+00
   38.98408  -68.98768    13.6745   4.203892    35.3474    100.231    101.020    13.6747   4.203809    35.3464     0.0426 2.9609e-03    -0.0052   100.1298      98.57    226.954     5.2166 6.2895e+02          1         24 0.0000e+00
   38.98407  -68.98766    13.6844   4.205299    35.3520    101.078    101.874    13.6796   4.204446    35.3486     0.0572 2.6123e-03    -0.0057   100.1417      98.57    225.576     5.1850 6.2452e+02          1         80 0.0000e+00
   38.98406  -68.98762    13.7805   4.218153    35.3822    102.220    103.025    13.7810   4.217586    35.3762     0.0521 2.1990e-03    -0.0054   100.1352      98.56    225.728     5.1885 6.2834e+02          1         19 0.0000e+00
   38.98406  -68.98762    13.8065   4.221485    35.3888    103.173    103.986    13.8045   4.221013    35.3862     0.0656 2.1695e-03    -0.0061   100.1525      98.57    225.499     5.1832 6.2511e+02          1         21 0.0000e+00
   38.98406  -68.98762    13.8206   4.223298    35.3926    104.182    105.003    13.8181   4.223011    35.3922     0.0646 2.1496e-03    -0.0058   100.1452      98.56    225.514     5.1836 6.2139e+02          1         21 0.0000e+00
   38.98406  -68.98766    13.9190   4.236925    35.4272    105.254    106.084    13.9154   4.235524    35.4173     0.0601 2.1021e-03    -0.0054   100.1337      98.56    224.208     5.1536 6.1789e+02          1         33 0.0000e+00
   38.98406  -68.98765    13.9277   4.238051    35.4313    105.904    106.739    13.9235   4.237526    35.4303     0.0599 1.9252e-03    -0.0058   100.1456      98.57    223.219     5.1308 6.1936e+02          1        103 0.0000e+00
   38.98406  -68.98762    13.9476   4.240669    35.4379    107.136    107.982    13.9495   4.240948    35.4386     0.0374 1.6062e-03    -0.0061   100.1533      98.56    223.215     5.1308 6.2700e+02          1         24 0.0000e+00
   38.98406  -68.98762    13.9564   4.241881    35.4409    108.152    109.006    13.9549   4.241632    35.4399     0.0432 1.5216e-03    -0.0066   100.1662      98.57    222.863     5.1227 6.2625e+02          1         24 0.0000e+00
   38.98406  -68.98762    13.9729   4.244380    35.4486    109.170    110.033    13.9740   4.243914    35.4431     0.0643 1.4903e-03    -0.0068   100.1704      98.57    222.722     5.1194 6.2393e+02          1         24 0.0000e+00
   38.98406  -68.98762    14.0228   4.250947    35.4626    110.136    111.006    14.0234   4.250957    35.4621     0.0531 1.4796e-03    -0.0072   100.1809      98.57    222.571     5.1160 6.2012e+02          1         25 0.0000e+00
   38.98406  -68.98766    14.0237   4.251110    35.4635    111.115    111.993    14.0233   4.251180    35.4644     0.0449 1.4787e-03    -0.0071   100.1778      98.57    222.319     5.1102 6.1669e+02          1         26 0.0000e+00
   38.98406  -68.98766    14.0306   4.252463    35.4695    112.106    112.993    14.0275   4.251564    35.4641     0.0215 1.4278e-03    -0.0076   100.1886      98.57    221.704     5.0960 6.1575e+02          1         24 0.0000e+00
   38.98406  -68.98766    14.0824   4.259778    35.4888    113.169    114.064    14.0814   4.259453    35.4866     0.0448 1.3564e-03    -0.0078   100.1938      98.57    221.594     5.0935 6.1581e+02          1         30 0.0000e+00
   38.98406  -68.98765    14.0755   4.258810    35.4870    113.840    114.740    14.0782   4.259488    35.4907     0.0309 1.1920e-03    -0.0072   100.1792      98.57    221.791     5.0981 6.1507e+02          1         38 0.0000e+00
   38.98406  -68.98762    14.0854   4.260348    35.4922    115.057    115.967    14.0876   4.260308    35.4897     0.0512 1.0309e-03    -0.0068   100.1694      98.57    221.951     5.1018 6.1808e+02          1         12 0.0000e+00
   38.98406  -68.98763    14.1122   4.263987    35.5004    116.042    116.961    14.1126   4.263825    35.4985     0.0505 9.9797e-04    -0.0070   100.1758      98.57    221.760     5.0974 6.1938e+02          1         12 0.0000e+00
   38.98406  -68.98764    14.1215   4.265340    35.5040    117.081    118.007    14.1214   4.265026    35.5011     0.0512 9.6981e-04    -0.0072   100.1801      98.56    221.664     5.0952 6.2012e+02          1         12 0.0000e+00
   38.98406  -68.98764    14.1485   4.269126    35.5133    118.098    119.033    14.1482   4.268635    35.5091     0.0521 9.3654e-04    -0.0071   100.1781      98.57    221.555     5.0927 6.1992e+02          1         11 0.0000e+00
   38.98406  -68.98764    14.1577   4.270316    35.5155    119.074    120.017    14.1573   4.270224    35.5150     0.0315 9.0591e-04    -0.0076   100.1898      98.56    221.553     5.0926 6.1971e+02          1         11 0.0000e+00
   38.98406  -68.98764    14.1631   4.271208    35.5186    120.088    121.040    14.1614   4.270812    35.5164     0.0286 8.6149e-04    -0.0079   100.1960      98.56    221.596     5.0936 6.1837e+02          1         14 0.0000e+00
   38.98406  -68.98764    14.1930   4.275290    35.5282    121.173    122.134    14.1872   4.274359    35.5250     0.0355 8.2744e-04    -0.0078   100.1939      98.57    221.063     5.0814 6.1558e+02          1         27 0.0000e+00
   38.98405  -68.98763    14.2092   4.277528    35.5346    121.847    122.813    14.2019   4.276537    35.5321     0.0383 6.8050e-04    -0.0087   100.2171      98.57    220.268     5.0631 6.1399e+02          1         28 0.0000e+00
   38.98404  -68.98762    14.2496   4.283274    35.5500    123.001    123.976    14.2476   4.282772    35.5471     0.0449 5.8341e-04    -0.0088   100.2199      98.57    220.247     5.0626 6.1630e+02          1         14 0.0000e+00
   38.98404  -68.98762    14.2900   4.289096    35.5657    123.989    124.972    14.2894   4.288294    35.5587     0.0367 5.5554e-04    -0.0087   100.2169      98.57    220.256     5.0628 6.1670e+02          1         15 0.0000e+00
   38.98404  -68.98762    14.3215   4.293482    35.5765    125.016    126.008    14.3206   4.292778    35.5706     0.0406 5.5186e-04    -0.0086   100.2135      98.57    220.204     5.0617 6.1625e+02          1         15 0.0000e+00
   38.98404  -68.98762    14.3709   4.300551    35.5952    126.029    127.030    14.3713   4.299995    35.5896     0.0516 5.1745e-04    -0.0086   100.2143      98.58    219.991     5.0568 6.1552e+02          1         16 0.0000e+00
   38.98404  -68.98762    14.3875   4.302728    35.5998    127.031    128.039    14.3871   4.302613    35.5990     0.0389 5.0292e-04    -0.0098   100.2443      98.57    220.078     5.0588 6.1393e+02          1         18 0.0000e+00
   38.98404  -68.98762    14.3928   4.303523    35.6022    127.995    129.011    14.3928   4.303511    35.6021     0.0401 4.9157e-04    -0.0080   100.1991      98.58    219.834     5.0532 6.1237e+02          1         21 0.0000e+00
   38.98404  -68.98762    14.3843   4.302306    35.6001    128.924    129.948    14.3748   4.301083    35.5975     0.0333 4.4193e-04    -0.0082   100.2061      98.57    217.509     4.9997 6.0644e+02          1         96 0.0000e+00
   38.98404  -68.98762    14.4516   4.312146    35.6281    129.985    131.018    14.4474   4.310919    35.6204     0.0394 3.3774e-04    -0.0073   100.1831      98.57    219.164     5.0378 6.0886e+02          1         21 0.0000e+00
   38.98404  -68.98762    14.4758   4.315473    35.6360    130.964    132.005    14.4758   4.315203    35.6333     0.0408 3.0402e-04    -0.0107   100.2676      98.57    218.851     5.0306 6.1035e+02          1         21 0.0000e+00
   38.98404  -68.98762    14.5037   4.319435    35.6463    131.954    133.004    14.5037   4.319103    35.6429     0.0316 2.8112e-04    -0.0104   100.2600      98.57    217.548     5.0007 6.1256e+02          1         18 0.0000e+00
   38.98404  -68.98762    14.5376   4.324413    35.6602    132.971    134.029    14.5374   4.323903    35.6554     0.0223 2.7471e-04    -0.0107   100.2690      98.57    216.445     4.9754 6.1371e+02          1         16 0.0000e+00
   38.98404  -68.98762    14.5578   4.327415    35.6688    133.972    135.039    14.5560   4.326752    35.6642     0.0347 2.7448e-04    -0.0109   100.2735      98.56    215.655     4.9572 6.1551e+02          1         15 0.0000e+00
   38.98404  -68.98760    14.6047   4.334361    35.6886    134.948    136.022    14.6039   4.333711    35.6832     0.0380 2.3020e-04    -0.0098   100.2453      98.56    215.481     4.9532 6.1461e+02          1         17 0.0000e+00
   38.98404  -68.98760    14.6194   4.336338    35.6932    135.951    137.034    14.6187   4.336179    35.6922     0.0407 2.2833e-04    -0.0111   100.2786      98.57    215.321     4.9496 6.1176e+02          1         24 0.0000e+00
   38.98404  -68.98760    14.6310   4.337940    35.6976    137.003    138.094    14.6307   4.337936    35.6978     0.0513 2.2201e-04    -0.0119   100.2983      98.57    214.803     4.9377 6.0365e+02          1         60 0.0000e+00
   38.98403  -68.98761    14.6451   4.340154    35.7058    137.884    138.983    14.6434   4.339891    35.7048     0.0392 2.0163e-04     0.0062    99.8454      98.57    214.723     4.9358 6.0125e+02          1         61 0.0000e+00
   38.98402  -68.98762    14.6486   4.340737    35.7083    138.814    139.920    14.6483   4.340715    35.7083     0.0220 1.6350e-04    -0.0115   100.2881      98.57    214.257     4.9251 6.0706e+02          1         35 0.0000e+00
