Data/ruptures/KN207-01/QL-1/20701045.cnv
* Sea-Bird SBE 9 Data File:
* FileName = C:\Data\ctd\20701045.hex
* Software Version Seasave V 7.21e
* Temperature SN = 4406
* Conductivity SN = 1474
* Number of Bytes Per Scan = 40
* Number of Voltage Words = 5
* Number of Scans Averaged by the Deck Unit = 1
* NMEA Latitude = 38 44.26 N
* NMEA Longitude = 069 11.84 W
* NMEA UTC (Time) = Apr 27 2012 19:04:26
** R/V Knorr Cruise # KN207-01 QL1
** Chief Scientist: Ben Van Mooy
# nquan = 21
# nvalues = 402                         
# units = specified
# name 0 = latitude: Latitude [deg]
# name 1 = longitude: Longitude [deg]
# name 2 = t090C: Temperature [ITS-90, deg C]
# name 3 = c0S/m: Conductivity [S/m]
# name 4 = sal00: Salinity, Practical [PSU]
# name 5 = depSM: Depth [salt water, m]
# name 6 = prDM: Pressure, Digiquartz [db]
# name 7 = t190C: Temperature, 2 [ITS-90, deg C]
# name 8 = c1S/m: Conductivity, 2 [S/m]
# name 9 = sal11: Salinity, Practical, 2 [PSU]
# name 10 = flECO-AFL: Fluorescence, WET Labs ECO-AFL/FL [mg/m^3]
# name 11 = par: PAR/Irradiance, Biospherical/Licor
# name 12 = bat: Beam Attenuation, Chelsea/Seatech [1/m]
# name 13 = xmiss: Beam Transmission, Chelsea/Seatech [%]
# name 14 = altM: Altimeter [m]
# name 15 = sbeox0Mm/Kg: Oxygen, SBE 43 [umol/kg]
# name 16 = sbeox0ML/L: Oxygen, SBE 43 [ml/l]
# name 17 = spar: SPAR/Surface Irradiance
# name 18 = pumps: Pump Status
# name 19 = nbin: number of scans per bin
# name 20 = flag: flag
# span 0 =   38.73696,   38.73780       
# span 1 =  -69.19762,  -69.19736       
# span 2 =    11.2575,    14.7349       
# span 3 =   3.868525,   4.361298       
# span 4 =    33.2302,    35.8124       
# span 5 =      2.294,    200.945       
# span 6 =      2.311,    202.573       
# span 7 =    11.2509,    14.7343       
# span 8 =   3.874329,   4.361621       
# span 9 =    33.7191,    35.8159       
# span 10 =     0.0035,     2.6032      
# span 11 = 1.0000e-12, 3.7747e+01      
# span 12 =    -0.0111,     0.3420      
# span 13 =    91.8049,   100.2786      
# span 14 =       4.19,      98.61      
# span 15 =    140.204,    379.541      
# span 16 =     3.2237,     8.7156      
# span 17 = 9.2835e+02, 2.7123e+03      
# span 18 =          1,          1      
# span 19 =         11,        511      
# span 20 = 0.0000e+00, 0.0000e+00      
# interval = decibars: 1                
# start_time = Apr 27 2012 19:04:26 [NMEA time, header]
# bad_flag = -9.990e-29
*END*
   38.73780  -69.19746    12.5461   3.868525    33.2302      3.311      3.336    12.5478   3.919698    33.7191     1.2105 1.5575e+01     0.3359    91.9457       4.19    313.738     7.2015 2.4197e+03          1         12 0.0000e+00
   38.73778  -69.19742    12.5738   3.888325    33.3948      3.796      3.825    12.5687   3.923662    33.7380     1.2929 2.1093e+01     0.3349    91.9687       5.56    316.396     7.2633 2.4132e+03          1        267 0.0000e+00
   38.73776  -69.19740    12.5908   3.927200    33.7512      4.946      4.983    12.5894   3.930063    33.7799     1.2868 1.4323e+01     0.3344    91.9814       5.78    323.771     7.4346 2.4157e+03          1         18 0.0000e+00
   38.73776  -69.19740    12.5821   3.929678    33.7827      6.014      6.060    12.5801   3.931568    33.8026     1.3336 1.6625e+01     0.3325    92.0227       5.67    328.299     7.5388 2.4091e+03          1         29 0.0000e+00
   38.73776  -69.19740    12.5810   3.924164    33.7306      6.731      6.782    12.5785   3.929802    33.7870     1.3541 2.5056e+01     0.3330    92.0112       5.72    364.252     8.3640 2.4128e+03          1         47 0.0000e+00
   38.73776  -69.19740    12.5624   3.929474    33.7982      7.967      8.028    12.5625   3.930517    33.8081     1.3268 1.2681e+01     0.3327    92.0195       5.74    379.541     8.7156 2.4309e+03          1         27 0.0000e+00
   38.73776  -69.19740    12.5422   3.928630    33.8082      9.047      9.116    12.5545   3.930025    33.8103     1.2212 1.2543e+01     0.3340    91.9898       5.92    374.043     8.5894 2.4167e+03          1         73 0.0000e+00
   38.73776  -69.19740    12.5524   3.929075    33.8025      9.887      9.962    12.5551   3.930331    33.8121     1.2428 1.3705e+01     0.3339    91.9928       6.18    270.699     6.2162 2.4035e+03          1         36 0.0000e+00
   38.73776  -69.19740    12.5434   3.929310    33.8125     10.961     11.045    12.5411   3.930229    33.8236     1.2589 1.1817e+01     0.3345    91.9788      92.68    252.779     5.8048 2.4130e+03          1         42 0.0000e+00
   38.73776  -69.19740    12.5465   3.929161    33.8078     11.877     11.968    12.5521   3.930039    33.8111     1.2125 7.6044e+00     0.3354    91.9576      98.50    258.548     5.9372 2.4227e+03          1         64 0.0000e+00
   38.73775  -69.19740    12.5446   3.929154    33.8090     12.882     12.981    12.5466   3.929916    33.8145     1.2841 6.7357e+00     0.3335    91.9999      98.45    242.682     5.5729 2.4219e+03          1         34 0.0000e+00
   38.73774  -69.19740    12.5442   3.929135    33.8087     13.903     14.010    12.5433   3.929990    33.8178     1.2842 5.6005e+00     0.3355    91.9553      98.48    235.736     5.4134 2.4206e+03          1         39 0.0000e+00
   38.73774  -69.19740    12.5600   3.929170    33.7940     14.890     15.004    12.5560   3.930077    33.8064     1.3566 5.5758e+00     0.3354    91.9573      98.50    247.641     5.6867 2.4108e+03          1         42 0.0000e+00
   38.73774  -69.19739    12.5548   3.928711    33.7940     15.674     15.794    12.5541   3.930071    33.8078     1.3916 5.3077e+00     0.3348    91.9704      86.30    231.930     5.3259 2.4072e+03          1         97 0.0000e+00
   38.73774  -69.19738    12.5673   3.929900    33.7934     16.874     17.003    12.5663   3.930615    33.8012     1.4161 4.7304e+00     0.3360    91.9440      98.49    215.806     4.9556 2.4293e+03          1         17 0.0000e+00
   38.73774  -69.19738    12.5510   3.930459    33.8135     17.855     17.992    12.5542   3.930955    33.8153     1.4506 4.1700e+00     0.3340    91.9908      98.49    216.708     4.9764 2.4204e+03          1         17 0.0000e+00
   38.73773  -69.19738    12.5442   3.929493    33.8101     18.977     19.123    12.5542   3.930408    33.8096     1.4818 3.4774e+00     0.3329    92.0142      98.50    228.149     5.2392 2.4117e+03          1         34 0.0000e+00
   38.73772  -69.19738    12.5418   3.928556    33.8030     19.788     19.940    12.5452   3.930092    33.8146     1.5079 4.0684e+00     0.3343    91.9821      98.50    231.323     5.3120 2.3945e+03          1         20 0.0000e+00
   38.73774  -69.19740    12.5159   3.928833    33.8291     20.859     21.019    12.5090   3.929659    33.8435     1.5368 3.6165e+00     0.3329    92.0130      98.49    224.924     5.1652 2.3967e+03          1         20 0.0000e+00
   38.73774  -69.19740    12.5328   3.926808    33.7933     22.060     22.229    12.5316   3.929949    33.8246     1.5589 3.2706e+00     0.3330    92.0126      98.50    230.786     5.2996 2.3957e+03          1         99 0.0000e+00
   38.73772  -69.19738    12.4940   3.927180    33.8324     22.765     22.939    12.4831   3.929717    33.8669     1.5830 2.7600e+00     0.3334    92.0031      98.50    229.798     5.2771 2.4110e+03          1         30 0.0000e+00
   38.73772  -69.19738    12.4312   3.927151    33.8898     23.819     24.002    12.3411   3.924634    33.9493     1.6586 2.4614e+00     0.3337    91.9950      98.50    222.064     5.0998 2.4138e+03          1         24 0.0000e+00
   38.73772  -69.19738    12.3782   3.926663    33.9331     24.942     25.133    12.3535   3.926629    33.9555     1.8445 2.1168e+00     0.3379    91.8986      98.50    217.822     5.0026 2.4064e+03          1         52 0.0000e+00
   38.73770  -69.19736    12.3233   3.926886    33.9852     25.697     25.894    12.2652   3.926717    34.0372     2.0001 2.1450e+00     0.3391    91.8724      98.50    230.267     5.2887 2.4023e+03          1         61 0.0000e+00
   38.73770  -69.19736    12.2153   3.925945    34.0753     26.817     27.023    12.1568   3.923296    34.1037     2.0968 2.0175e+00     0.3408    91.8342      97.70    225.031     5.1689 2.4008e+03          1         44 0.0000e+00
   38.73770  -69.19736    12.1122   3.922009    34.1320     27.748     27.961    12.0820   3.919261    34.1328     2.1633 1.7223e+00     0.3420    91.8049      83.87    214.893     4.9364 2.3980e+03          1         53 0.0000e+00
   38.73770  -69.19736    11.9832   3.916988    34.2023     28.776     28.997    11.9718   3.915374    34.1964     2.2776 1.5459e+00     0.3363    91.9358      81.52    214.184     4.9204 2.4035e+03          1         51 0.0000e+00
   38.73770  -69.19736    11.9456   3.913597    34.2021     29.719     29.947    11.9498   3.912393    34.1857     2.3205 1.3061e+00     0.3273    92.1441      54.72    217.788     5.0033 2.4041e+03          1         49 0.0000e+00
   38.73768  -69.19736    11.9113   3.907700    34.1751     30.749     30.985    11.9075   3.907454    34.1758     2.2822 1.1806e+00     0.3262    92.1676      96.29    219.419     5.0407 2.4018e+03          1         32 0.0000e+00
   38.73768  -69.19736    11.8934   3.907368    34.1872     31.794     32.039    11.8919   3.907385    34.1883     2.3328 1.0445e+00     0.3236    92.2282      98.50    221.166     5.0809 2.4024e+03          1         34 0.0000e+00
   38.73768  -69.19736    11.8611   3.909870    34.2399     32.707     32.959    11.8673   3.909812    34.2333     2.4816 9.6049e-01     0.3218    92.2698      98.50    222.837     5.1195 2.3970e+03          1         95 0.0000e+00
   38.73768  -69.19736    11.7155   3.904677    34.3258     33.702     33.961    11.6777   3.905023    34.3650     2.4237 8.0995e-01     0.3231    92.2398      98.50    214.292     4.9236 2.4096e+03          1         36 0.0000e+00
   38.73768  -69.19736    11.4146   3.901088    34.5763     34.732     34.999    11.3991   3.902134    34.6012     2.5212 7.1127e-01     0.3176    92.3669      98.50    213.161     4.8988 2.4128e+03          1         27 0.0000e+00
   38.73766  -69.19736    11.2575   3.900699    34.7215     35.727     36.002    11.2509   3.901382    34.7344     2.4936 6.2839e-01     0.3101    92.5412      98.50    215.158     4.9454 2.4092e+03          1         30 0.0000e+00
   38.73766  -69.19736    11.2783   3.905088    34.7393     36.739     37.022    11.2783   3.904236    34.7306     2.4258 5.8145e-01     0.2919    92.9637      98.50    220.149     5.0602 2.4022e+03          1        114 0.0000e+00
   38.73768  -69.19736    11.3253   3.894626    34.5865     37.682     37.972    11.3253   3.897193    34.6118     2.3814 5.2289e-01     0.3009    92.7518      98.50    210.508     4.8380 2.4219e+03          1         26 0.0000e+00
   38.73768  -69.19736    11.4061   3.892713    34.4887     38.717     39.015    11.4030   3.894824    34.5124     1.8396 4.5824e-01     0.2564    93.7927      98.50    208.845     4.7993 2.4235e+03          1         19 0.0000e+00
   38.73768  -69.19736    11.4090   3.902692    34.5838     39.716     40.022    11.4325   3.900134    34.5358     1.3656 4.0970e-01     0.1949    95.2467      98.50    212.871     4.8922 2.4210e+03          1         24 0.0000e+00
   38.73765  -69.19736    11.4472   3.906496    34.5838     40.549     40.861    11.4428   3.905271    34.5759     1.4250 4.0051e-01     0.1912    95.3364      91.17    228.309     5.2470 2.4117e+03          1        107 0.0000e+00
   38.73765  -69.19736    11.4984   3.904161    34.5109     41.698     42.020    11.4959   3.904281    34.5143     1.3868 3.6011e-01     0.2046    95.0144      95.67    215.024     4.9413 2.4198e+03          1         28 0.0000e+00
   38.73766  -69.19736    11.5517   3.906340    34.4810     42.726     43.055    11.5554   3.906262    34.4766     1.0070 3.2033e-01     0.1518    96.2790      80.81    210.437     4.8358 2.4162e+03          1         44 0.0000e+00
   38.73766  -69.19736    11.5953   3.909477    34.4704     43.644     43.980    11.6064   3.908141    34.4466     0.9476 3.0583e-01     0.1274    96.8653      98.50    205.498     4.7222 2.4215e+03          1         51 0.0000e+00
   38.73766  -69.19736    11.6207   3.911513    34.4663     44.693     45.038    11.6234   3.909975    34.4487     0.8426 2.9393e-01     0.1022    97.4791      98.50    204.559     4.7006 2.4238e+03          1         43 0.0000e+00
   38.73764  -69.19736    11.6269   3.913177    34.4770     45.620     45.972    11.6273   3.911870    34.4637     0.8660 2.6994e-01     0.0862    97.8686      98.50    203.112     4.6674 2.4132e+03          1         45 0.0000e+00
   38.73764  -69.19736    11.6503   3.916050    34.4829     46.739     47.100    11.6561   3.914916    34.4663     0.8341 2.4897e-01     0.0837    97.9288      98.50    201.149     4.6223 2.4144e+03          1         70 0.0000e+00
   38.73764  -69.19738    11.6821   3.918605    34.4779     47.569     47.936    11.6832   3.917527    34.4664     0.8031 2.3561e-01     0.0957    97.6354      98.50    198.517     4.5617 2.4268e+03          1         35 0.0000e+00
   38.73764  -69.19738    11.6935   3.920723    34.4877     48.678     49.054    11.7162   3.919762    34.4566     0.7063 2.1489e-01     0.0787    98.0528      98.51    197.577     4.5402 2.4322e+03          1         29 0.0000e+00
   38.73763  -69.19737    11.7417   3.923037    34.4648     49.465     49.848    11.7587   3.928253    34.4999     0.7319 2.0445e-01     0.0755    98.1291      98.50    194.613     4.4719 2.4225e+03          1         82 0.0000e+00
   38.73762  -69.19736    11.8284   3.926691    34.4181     50.570     50.961    11.8329   3.941355    34.5576     0.6424 1.9387e-01     0.0713    98.2325      98.50    190.455     4.3762 2.4305e+03          1         20 0.0000e+00
   38.73762  -69.19736    11.8362   3.929120    34.4345     51.628     52.027    11.8492   3.949073    34.6175     0.5039 1.7988e-01     0.0641    98.4111      98.51    192.473     4.4226 2.4383e+03          1         20 0.0000e+00
   38.73762  -69.19736    11.8421   3.935540    34.4929     52.506     52.912    11.8330   3.954008    34.6824     0.5418 1.6093e-01     0.0623    98.4549      98.51    209.186     4.8068 2.4262e+03          1        129 0.0000e+00
   38.73762  -69.19736    11.9104   3.948425    34.5537     53.608     54.023    11.9429   3.960772    34.6432     0.5758 1.5087e-01     0.0667    98.3462      98.50    208.924     4.8010 2.4382e+03          1         17 0.0000e+00
   38.73762  -69.19736    11.9834   3.962830    34.6245     54.640     55.063    11.9844   3.973510    34.7278     0.4720 1.4477e-01     0.0614    98.4778      92.88    207.635     4.7715 2.4489e+03          1         18 0.0000e+00
   38.73761  -69.19737    11.9856   3.970260    34.6950     55.644     56.075    11.9860   3.975938    34.7501     0.4022 1.3912e-01     0.0510    98.7338      98.50    212.116     4.8747 2.4490e+03          1         21 0.0000e+00
   38.73760  -69.19738    11.9638   3.971999    34.7339     56.548     56.987    11.9708   3.974533    34.7520     0.4262 1.2957e-01     0.0548    98.6385      88.92    238.814     5.4885 2.4260e+03          1        121 0.0000e+00
   38.73762  -69.19738    11.9787   3.974735    34.7469     57.507     57.952    11.9806   3.976335    34.7608     0.4334 1.1872e-01     0.0550    98.6340      98.50    237.914     5.4679 2.4384e+03          1         47 0.0000e+00
   38.73762  -69.19738    11.9746   3.975514    34.7584     58.538     58.992    11.9735   3.975739    34.7618     0.3616 1.1686e-01     0.0466    98.8423      98.51    238.987     5.4926 2.4537e+03          1         24 0.0000e+00
   38.73762  -69.19738    11.9681   3.974975    34.7591     59.541     60.003    11.9673   3.975172    34.7619     0.3602 1.1220e-01     0.0388    99.0352      98.51    239.800     5.5113 2.4486e+03          1         19 0.0000e+00
   38.73762  -69.19738    11.9881   3.977194    34.7613     60.550     61.019    11.9847   3.976065    34.7536     0.3468 1.0539e-01     0.0373    99.0717      98.51    241.161     5.5425 2.4369e+03          1         21 0.0000e+00
   38.73760  -69.19736    12.0373   3.983981    34.7806     61.359     61.835    12.0101   3.981203    34.7796     0.3577 9.7905e-02     0.0382    99.0505      98.51    242.302     5.5688 2.4265e+03          1         89 0.0000e+00
   38.73760  -69.19738    12.3038   4.016075    34.8372     62.511     62.996    12.2780   4.005684    34.7609     0.3312 9.1063e-02     0.0434    98.9197      98.51    239.520     5.5048 2.4481e+03          1         22 0.0000e+00
   38.73760  -69.19738    12.3936   4.030374    34.8907     63.556     64.049    12.3904   4.029178    34.8819     0.2472 8.4834e-02     0.0359    99.1053      98.51    240.690     5.5318 2.4375e+03          1         31 0.0000e+00
   38.73760  -69.19738    12.4427   4.037300    34.9126     64.533     65.035    12.4468   4.037899    34.9142     0.2013 8.1007e-02     0.0285    99.2909      98.51    239.282     5.4995 2.4220e+03          1         59 0.0000e+00
   38.73758  -69.19738    12.4833   4.043573    34.9366     65.476     65.985    12.4843   4.044132    34.9409     0.1922 7.8955e-02     0.0269    99.3297      98.51    235.605     5.4150 2.4294e+03          1         58 0.0000e+00
   38.73758  -69.19738    12.4968   4.045393    34.9426     66.439     66.955    12.4968   4.045677    34.9452     0.1765 7.4204e-02     0.0208    99.4824      98.51    235.155     5.4047 2.4386e+03          1         37 0.0000e+00
   38.73758  -69.19737    12.6531   4.064223    34.9751     67.451     67.975    12.6541   4.064982    34.9814     0.1739 6.8308e-02     0.0153    99.6189      98.51    234.391     5.3871 2.4368e+03          1         30 0.0000e+00
   38.73758  -69.19736    12.6985   4.072489    35.0138     68.571     69.104    12.7044   4.073498    35.0178     0.1493 6.3395e-02     0.0147    99.6337      95.59    233.811     5.3739 2.4371e+03          1        102 0.0000e+00
   38.73758  -69.19736    12.7191   4.075295    35.0228     69.435     69.975    12.7193   4.075414    35.0237     0.1384 6.4130e-02     0.0151    99.6231      98.50    233.100     5.3576 2.4330e+03          1         24 0.0000e+00
