Data/ruptures/KN207-01/QL-1/20701038.cnv
* Sea-Bird SBE 9 Data File:
* FileName = C:\Data\ctd\20701038.hex
* Software Version Seasave V 7.21e
* Temperature SN = 4406
* Conductivity SN = 1474
* Number of Bytes Per Scan = 40
* Number of Voltage Words = 5
* Number of Scans Averaged by the Deck Unit = 1
* NMEA Latitude = 38 48.13 N
* NMEA Longitude = 069 08.19 W
* NMEA UTC (Time) = Apr 26 2012 14:08:12
** R/V Knorr Cruise # KN207-01 QL1
** Chief Scientist: Ben Van Mooy
# nquan = 21
# nvalues = 398                         
# units = specified
# name 0 = latitude: Latitude [deg]
# name 1 = longitude: Longitude [deg]
# name 2 = t090C: Temperature [ITS-90, deg C]
# name 3 = c0S/m: Conductivity [S/m]
# name 4 = sal00: Salinity, Practical [PSU]
# name 5 = depSM: Depth [salt water, m]
# name 6 = prDM: Pressure, Digiquartz [db]
# name 7 = t190C: Temperature, 2 [ITS-90, deg C]
# name 8 = c1S/m: Conductivity, 2 [S/m]
# name 9 = sal11: Salinity, Practical, 2 [PSU]
# name 10 = flECO-AFL: Fluorescence, WET Labs ECO-AFL/FL [mg/m^3]
# name 11 = par: PAR/Irradiance, Biospherical/Licor
# name 12 = bat: Beam Attenuation, Chelsea/Seatech [1/m]
# name 13 = xmiss: Beam Transmission, Chelsea/Seatech [%]
# name 14 = altM: Altimeter [m]
# name 15 = sbeox0Mm/Kg: Oxygen, SBE 43 [umol/kg]
# name 16 = sbeox0ML/L: Oxygen, SBE 43 [ml/l]
# name 17 = spar: SPAR/Surface Irradiance
# name 18 = pumps: Pump Status
# name 19 = nbin: number of scans per bin
# name 20 = flag: flag
# span 0 =   38.80214,   38.80234       
# span 1 =  -69.13814,  -69.13663       
# span 2 =    11.3166,    14.6868       
# span 3 =   3.863791,   4.352981       
# span 4 =    33.8116,    35.8267       
# span 5 =      3.029,    199.884       
# span 6 =      3.052,    201.504       
# span 7 =    11.3029,    14.6867       
# span 8 =   3.863937,   4.353045       
# span 9 =    33.8020,    35.8296       
# span 10 =    -0.0040,     2.9769      
# span 11 = 1.0000e-12, 1.2187e+01      
# span 12 =    -0.0143,     0.3197      
# span 13 =    92.3190,   100.3579      
# span 14 =       6.64,      98.63      
# span 15 =    144.971,    436.462      
# span 16 =     3.3332,    10.0247      
# span 17 = 2.1342e+03, 2.6114e+03      
# span 18 =          1,          1      
# span 19 =          1,        617      
# span 20 = 0.0000e+00, 0.0000e+00      
# interval = decibars: 1                
# start_time = Apr 26 2012 14:08:12 [NMEA time, header]
# bad_flag = -9.990e-29
*END*
[from data line 276]
   38.80230  -69.13741    14.4134   4.305942    35.6147    123.049    124.023    14.4044   4.304749    35.6121     0.0206 1.0000e-12    -0.0092   100.2310      40.70    215.343     4.9500 2.5679e+03          1         34 0.0000e+00
   38.80230  -69.13742    14.4113   4.305539    35.6129    122.061    123.027    14.4051   4.304749    35.6115     0.0245 1.0000e-12    -0.0086   100.2150      98.57    216.357     4.9733 2.5601e+03          1         21 0.0000e+00
   38.80230  -69.13742    14.3934   4.302908    35.6058    121.061    122.019    14.3852   4.302296    35.6078     0.0442 1.0000e-12    -0.0096   100.2413      98.56    216.416     4.9746 2.5569e+03          1         20 0.0000e+00
   38.80230  -69.13742    14.3722   4.299973    35.5988    120.037    120.986    14.3728   4.300294    35.6011     0.0351 1.0000e-12    -0.0095   100.2367      98.57    216.260     4.9710 2.5603e+03          1         19 0.0000e+00
   38.80230  -69.13742    14.3582   4.298008    35.5940    119.046    119.987    14.3625   4.298873    35.5979     0.0248 1.0000e-12    -0.0083   100.2076      98.56    216.112     4.9676 2.5640e+03          1         21 0.0000e+00
   38.80230  -69.13742    14.3433   4.295909    35.5888    118.028    118.961    14.3406   4.295804    35.5902     0.0418 1.0000e-12    -0.0087   100.2167      98.56    216.433     4.9750 2.5646e+03          1         27 0.0000e+00
   38.80230  -69.13742    14.3427   4.295734    35.5876    117.086    118.011    14.3321   4.294611    35.5871     0.0496 1.0000e-12    -0.0081   100.2015      98.57    216.709     4.9814 2.5647e+03          1         34 0.0000e+00
   38.80230  -69.13742    14.3333   4.294576    35.5858    116.110    117.027    14.3302   4.294042    35.5837     0.0480 1.0000e-12    -0.0086   100.2153      98.56    217.225     4.9932 2.5663e+03          1         28 0.0000e+00
   38.80230  -69.13742    14.3164   4.292166    35.5796    115.137    116.046    14.3033   4.290883    35.5800     0.0526 1.6627e-05    -0.0088   100.2195      98.56    217.304     4.9950 2.5667e+03          1         20 0.0000e+00
   38.80230  -69.13742    14.2863   4.287775    35.5675    114.132    115.033    14.2845   4.287760    35.5689     0.0297 7.2000e-05    -0.0075   100.1868      98.56    217.242     4.9936 2.5677e+03          1         21 0.0000e+00
   38.80230  -69.13742    14.2688   4.285291    35.5610    113.157    114.050    14.2684   4.285492    35.5632     0.0344 1.0000e-12    -0.0069   100.1736      98.56    217.265     4.9941 2.5676e+03          1         23 0.0000e+00
   38.80230  -69.13742    14.2542   4.283259    35.5561    112.119    113.003    14.2529   4.283632    35.5606     0.0571 1.0000e-12    -0.0068   100.1696      98.56    217.644     5.0028 2.5687e+03          1         25 0.0000e+00
   38.80230  -69.13742    14.2297   4.279776    35.5469    111.090    111.966    14.2257   4.279509    35.5481     0.0439 7.2128e-05    -0.0064   100.1594      98.57    218.279     5.0174 2.5659e+03          1         25 0.0000e+00
   38.80230  -69.13742    14.2110   4.277066    35.5395    110.100    110.968    14.2172   4.278380    35.5457     0.0426 1.1938e-04    -0.0069   100.1737      98.56    218.902     5.0317 2.5614e+03          1         24 0.0000e+00
   38.80230  -69.13742    14.1933   4.274474    35.5320    109.121    109.981    14.1874   4.274416    35.5370     0.0404 1.0000e-12    -0.0070   100.1750      98.56    219.241     5.0395 2.5590e+03          1         31 0.0000e+00
   38.80230  -69.13744    14.1825   4.272993    35.5283    108.171    109.023    14.1812   4.272993    35.5295     0.0431 1.0000e-12    -0.0068   100.1702      98.57    219.013     5.0342 2.5535e+03          1         32 0.0000e+00
   38.80230  -69.13744    14.1682   4.270997    35.5233    107.175    108.019    14.1659   4.270802    35.5236     0.0360 1.0000e-12    -0.0059   100.1467      98.57    219.022     5.0345 2.5549e+03          1         23 0.0000e+00
   38.80230  -69.13744    14.1530   4.268670    35.5161    106.190    107.026    14.1558   4.269354    35.5198     0.0320 2.4843e-03    -0.0066   100.1658      98.56    219.184     5.0382 2.5568e+03          1         18 0.0000e+00
   38.80230  -69.13744    14.1459   4.267660    35.5136    105.198    106.026    14.1451   4.267764    35.5153     0.0347 1.0180e-03    -0.0062   100.1542      98.57    219.191     5.0383 2.5566e+03          1         19 0.0000e+00
   38.80230  -69.13744    14.1364   4.266224    35.5094    104.167    104.987    14.1358   4.266382    35.5113     0.0583 2.8891e-03    -0.0061   100.1525      98.57    219.361     5.0422 2.5546e+03          1         21 0.0000e+00
   38.80228  -69.13746    14.1312   4.265526    35.5078    103.137    103.948    14.1196   4.264315    35.5076     0.0206 2.0600e-05    -0.0046   100.1158      98.56    219.908     5.0548 2.5567e+03          1         27 0.0000e+00
   38.80228  -69.13746    14.1120   4.262682    35.4995    102.175    102.978    14.1051   4.261931    35.4990     0.0184 1.1626e-03    -0.0054   100.1345      98.57    220.252     5.0627 2.5583e+03          1         38 0.0000e+00
   38.80228  -69.13746    14.1055   4.261775    35.4971    101.271    102.067    14.1012   4.261254    35.4963     0.0428 2.7824e-04    -0.0065   100.1629      98.57    219.866     5.0538 2.5637e+03          1         30 0.0000e+00
   38.80228  -69.13746    14.1021   4.261082    35.4941    100.242    101.030    14.1009   4.261015    35.4945     0.0436 1.3026e-03    -0.0064   100.1602      98.57    220.130     5.0599 2.5641e+03          1         23 0.0000e+00
   38.80228  -69.13746    14.0761   4.257376    35.4844     99.207     99.986    14.0789   4.258163    35.4890     0.0302 1.0062e-03    -0.0056   100.1398      98.57    220.298     5.0638 2.5622e+03          1         20 0.0000e+00
   38.80228  -69.13746    14.0621   4.255335    35.4786     98.201     98.972    14.0629   4.255646    35.4807     0.0455 1.0610e-03    -0.0062   100.1560      98.57    220.127     5.0598 2.5627e+03          1         26 0.0000e+00
   38.80228  -69.13746    14.0621   4.255192    35.4773     97.269     98.033    14.0587   4.254877    35.4775     0.0217 9.0407e-04    -0.0068   100.1708      98.57    220.067     5.0584 2.5657e+03          1         31 0.0000e+00
   38.80228  -69.13746    14.0390   4.251768    35.4673     96.189     96.944    14.0426   4.252562    35.4712     0.0397 7.8738e-03    -0.0067   100.1671      98.57    220.306     5.0639 2.5651e+03          1         50 0.0000e+00
   38.80228  -69.13748    14.0289   4.250562    35.4652     95.356     96.104    14.0237   4.250291    35.4677     0.0411 1.3417e-05    -0.0054   100.1365      98.57    220.577     5.0701 2.5612e+03          1         66 0.0000e+00
   38.80228  -69.13748    13.9950   4.245651    35.4515     94.260     94.999    13.9895   4.244908    35.4497     0.0387 2.1793e-04    -0.0058   100.1459      98.57    220.995     5.0797 2.5546e+03          1         37 0.0000e+00
   38.80228  -69.13749    13.9507   4.239398    35.4350     93.262     93.993    13.9392   4.238465    35.4371     0.0560 1.4244e-03    -0.0046   100.1145      98.57    221.015     5.0802 2.5533e+03          1         31 0.0000e+00
   38.80228  -69.13750    13.8852   4.230488    35.4133     92.211     92.933    13.8817   4.230129    35.4132     0.0507 2.3689e-03    -0.0047   100.1165      98.57    221.198     5.0844 2.5549e+03          1         65 0.0000e+00
   38.80228  -69.13750    13.8645   4.227643    35.4056     91.356     92.072    13.8539   4.226364    35.4035     0.0593 5.3947e-04    -0.0040   100.1013      98.57    222.512     5.1146 2.5573e+03          1         49 0.0000e+00
   38.80228  -69.13750    13.8285   4.222579    35.3920     90.280     90.987    13.8213   4.221774    35.3911     0.0559 2.1456e-03    -0.0037   100.0940      98.57    222.466     5.1135 2.5570e+03          1         33 0.0000e+00
   38.80228  -69.13750    13.7735   4.214748    35.3703     89.201     89.900    13.7687   4.214328    35.3708     0.0480 6.5296e-03    -0.0030   100.0748      98.57    222.587     5.1162 2.5509e+03          1         57 0.0000e+00
   38.80228  -69.13751    13.7489   4.211372    35.3612     88.387     89.078    13.7452   4.211076    35.3618     0.0565 3.9460e-03    -0.0006   100.0149      98.57    223.509     5.1374 2.5424e+03          1         46 0.0000e+00
   38.80228  -69.13752    13.7405   4.210053    35.3564     87.320     88.003    13.7353   4.209477    35.3559     0.0712 1.0000e-12    -0.0003   100.0077      98.57    224.060     5.1501 2.5409e+03          1         37 0.0000e+00
   38.80228  -69.13752    13.7469   4.210661    35.3559     86.341     87.016    13.7426   4.209973    35.3534     0.0766 6.5214e-03     0.0035    99.9143      98.57    223.977     5.1481 2.5445e+03          1         52 0.0000e+00
   38.80228  -69.13752    13.7616   4.212248    35.3568     85.360     86.028    13.7565   4.211564    35.3551     0.0806 1.2282e-02     0.0044    99.8912      98.57    224.734     5.1655 2.5487e+03          1         44 0.0000e+00
   38.80228  -69.13752    13.7653   4.212505    35.3559     84.326     84.986    13.7744   4.213758    35.3589     0.0881 2.4761e-03     0.0045    99.8866      98.57    225.077     5.1734 2.5486e+03          1         44 0.0000e+00
   38.80228  -69.13753    13.7760   4.214052    35.3605     83.323     83.974    13.7898   4.215721    35.3631     0.1048 7.2990e-03     0.0055    99.8611      98.57    225.754     5.1890 2.5518e+03          1         58 0.0000e+00
   38.80228  -69.13754    13.7946   4.216191    35.3633     82.405     83.049    13.8013   4.216932    35.3640     0.1051 5.0586e-03     0.0060    99.8486      98.57    225.729     5.1884 2.5537e+03          1         44 0.0000e+00
   38.80228  -69.13754    13.8015   4.217047    35.3652     81.372     82.007    13.8016   4.217228    35.3670     0.1090 1.0725e-02     0.0066    99.8338      98.57    225.631     5.1861 2.5518e+03          1         33 0.0000e+00
   38.80227  -69.13754    13.7860   4.214863    35.3600     80.334     80.962    13.7805   4.214455    35.3615     0.1207 9.6907e-03     0.0082    99.7944      98.57    226.386     5.2035 2.5530e+03          1         37 0.0000e+00
   38.80226  -69.13754    13.7718   4.212895    35.3553     79.317     79.936    13.7658   4.212225    35.3547     0.1377 6.6250e-03     0.0094    99.7645      96.68    227.341     5.2254 2.5504e+03          1         83 0.0000e+00
   38.80227  -69.13754    13.7700   4.212554    35.3540     78.470     79.082    13.7627   4.211704    35.3530     0.1464 7.7740e-03     0.0100    99.7502      97.33    228.110     5.2431 2.5606e+03          1         36 0.0000e+00
   38.80228  -69.13754    13.7579   4.210841    35.3498     77.389     77.993    13.7495   4.210028    35.3501     0.1351 1.5966e-02     0.0107    99.7328      98.58    228.324     5.2480 2.5586e+03          1         30 0.0000e+00
   38.80228  -69.13754    13.7294   4.207187    35.3428     76.392     76.988    13.7325   4.207683    35.3444     0.1358 7.0417e-03     0.0108    99.7307      98.57    228.133     5.2436 2.5545e+03          1         41 0.0000e+00
   38.80227  -69.13755    13.7220   4.206154    35.3403     75.415     76.003    13.7217   4.206340    35.3422     0.1485 7.3926e-03     0.0112    99.7199      98.57    228.486     5.2518 2.5529e+03          1         49 0.0000e+00
   38.80226  -69.13756    13.7197   4.205729    35.3385     74.393     74.973    13.7170   4.205637    35.3403     0.1650 2.3032e-02     0.0110    99.7248      98.58    229.121     5.2663 2.5557e+03          1         70 0.0000e+00
   38.80226  -69.13756    13.7182   4.205466    35.3377     73.457     74.029    13.7144   4.205075    35.3376     0.1570 1.5262e-02     0.0110    99.7249      98.57    229.009     5.2638 2.5572e+03          1         37 0.0000e+00
   38.80226  -69.13756    13.7144   4.204924    35.3366     72.422     72.987    13.7106   4.204504    35.3361     0.1536 1.9930e-02     0.0119    99.7036      98.57    228.872     5.2606 2.5502e+03          1         35 0.0000e+00
   38.80226  -69.13756    13.7117   4.204536    35.3357     71.458     72.015    13.7113   4.204576    35.3364     0.1594 1.3125e-02     0.0118    99.7053      98.58    228.674     5.2561 2.5408e+03          1         46 0.0000e+00
   38.80226  -69.13757    13.7119   4.204530    35.3358     70.402     70.950    13.7203   4.205560    35.3375     0.1464 1.4102e-02     0.0133    99.6679      98.58    229.281     5.2700 2.5307e+03          1         58 0.0000e+00
   38.80226  -69.13758    13.7193   4.205367    35.3370     69.489     70.030    13.7293   4.206631    35.3394     0.1532 7.0267e-03     0.0118    99.7061      98.57    228.995     5.2634 2.4959e+03          1         44 0.0000e+00
   38.80226  -69.13758    13.7293   4.206600    35.3395     68.442     68.974    13.7405   4.208001    35.3421     0.1435 1.2045e-02     0.0127    99.6825      98.58    228.409     5.2500 2.4606e+03          1         37 0.0000e+00
   38.80226  -69.13758    13.7450   4.208554    35.3434     67.482     68.007    13.7469   4.208765    35.3437     0.1790 2.5155e-02     0.0125    99.6891      98.58    228.531     5.2528 2.4548e+03          1         59 0.0000e+00
   38.80226  -69.13758    13.7521   4.209375    35.3450     66.507     67.024    13.7531   4.209519    35.3455     0.1621 3.7205e-02     0.0126    99.6856      98.58    229.035     5.2644 2.4818e+03          1         43 0.0000e+00
   38.80226  -69.13758    13.7521   4.209372    35.3455     65.483     65.992    13.7569   4.210004    35.3469     0.1635 2.7489e-02     0.0122    99.6954      98.58    229.460     5.2741 2.4951e+03          1         42 0.0000e+00
   38.80226  -69.13758    13.7577   4.210036    35.3469     64.516     65.017    13.7576   4.210097    35.3477     0.1686 3.4628e-02     0.0121    99.6977      95.63    229.030     5.2643 2.5008e+03          1         50 0.0000e+00
   38.80226  -69.13758    13.7537   4.209537    35.3466     63.517     64.010    13.7353   4.207990    35.3495     0.1783 4.8035e-02     0.0121    99.6967      87.51    228.825     5.2595 2.4972e+03          1         36 0.0000e+00
   38.80226  -69.13760    13.6709   4.198943    35.3260     62.470     62.955    13.5988   4.190229    35.3122     0.1652 4.9843e-02     0.0111    99.7234      78.37    229.383     5.2724 2.4909e+03          1         55 0.0000e+00
   38.80226  -69.13760    13.5679   4.185678    35.2983     61.621     62.099    13.4533   4.171869    35.2761     0.1627 4.4605e-02     0.0104    99.7406      91.52    228.958     5.2626 2.4949e+03          1         56 0.0000e+00
   38.80226  -69.13760    13.4925   4.175201    35.2706     60.535     61.005    13.3703   4.161049    35.2518     0.1594 3.1176e-02     0.0113    99.7193      98.58    230.091     5.2886 2.4991e+03          1         33 0.0000e+00
   38.80226  -69.13760    13.1954   4.136074    35.1818     59.489     59.950    12.9461   4.105429    35.1256     0.1683 4.0722e-02     0.0092    99.7698      98.58    231.501     5.3210 2.5044e+03          1         39 0.0000e+00
   38.80226  -69.13760    12.9656   4.104903    35.1010     58.483     58.937    12.9241   4.099884    35.0901     0.1843 6.1036e-02     0.0093    99.7668      98.59    232.315     5.3396 2.4980e+03          1         57 0.0000e+00
   38.80224  -69.13762    12.9084   4.097527    35.0811     57.587     58.033    12.9214   4.099447    35.0852     0.1643 1.0166e-01     0.0090    99.7745      84.08    235.066     5.4028 2.4939e+03          1         59 0.0000e+00
   38.80224  -69.13762    12.9215   4.098957    35.0800     56.587     57.026    12.8987   4.096346    35.0755     0.1570 7.4875e-02     0.0088    99.7802      75.07    234.813     5.3970 2.5067e+03          1         36 0.0000e+00
