Data/ruptures/PEACETIME/TYR/PEACETIME_TYR_CTD_026.cnv
* Sea-Bird SBE 9 Data File:
* FileName = C:\CTD\rawCTD\PEACETIME_TYR_CTD_026.hdr
* Software Version Seasave V 7.23.2
* Temperature SN = 1378
* Conductivity SN = 2929
* Number of Bytes Per Scan = 34
* Number of Voltage Words = 5
* Number of Scans Averaged by the Deck Unit = 1
* NMEA Latitude = 39 20.37 N
* NMEA Longitude = 012 35.57 E
* NMEA UTC (Time) = May 20 2017  04:24:51
* NMEA baud rate = 4800
** Cruise:   PEACETIME
** Station:   TYR_CTD_026
# nquan = 11
# nvalues = 3457                        
# units = specified
# name 0 = prDM: Pressure, Digiquartz [db]
# name 1 = t090C: Temperature [ITS-90, deg C]
# name 2 = flC: Fluorescence, Chelsea Aqua 3 Chl Con [ug/l]
# name 3 = CStarTr0: Beam Transmission, WET Labs C-Star [%]
# name 4 = par: PAR/Irradiance, Biospherical/Licor
# name 5 = spar: SPAR/Surface Irradiance
# name 6 = sbeox0Mm/Kg: Oxygen, SBE 43 [umol/kg]
# name 7 = potemp090C: Potential Temperature [ITS-90, deg C]
# name 8 = sal00: Salinity, Practical [PSU]
# name 9 = sigma-é00: Density [sigma-theta, kg/m^3]
# name 10 = flag:
# span 0 =      3.000,   3459.000       
# span 1 =    13.3958,    19.6989       
# span 2 =     0.1744,     0.4245       
# span 3 =    96.0150,    98.6659       
# span 4 = -1.933e-06, 7.8702e+01       
# span 5 = 5.7923e+02, 1.7821e+03       
# span 6 =    164.047,    243.314       
# span 7 =    12.9751,    19.6970       
# span 8 =    37.9143,    38.8242       
# span 9 =    27.1095,    29.1131       
# span 10 = 0.0000e+00, 0.0000e+00      
# interval = decibars: 1                
# start_time = May 20 2017 04:24:51 [NMEA time, header]
# bad_flag = -9.990e-29
*END*
[from data line 787]
    790.000    13.7695     0.1885    98.6002 1.0000e-12 8.2140e+02    165.793    13.6506    38.6724    29.1039 0.0000e+00
    791.000    13.7699     0.1936    98.6037 1.0000e-12 8.2406e+02    165.631    13.6509    38.6723    29.1038 0.0000e+00
    792.000    13.7701     0.1894    98.6037 1.0000e-12 8.2008e+02    165.832    13.6508    38.6724    29.1039 0.0000e+00
    793.000    13.7703     0.1864    98.6037 1.0000e-12 8.2382e+02    166.068    13.6509    38.6725    29.1039 0.0000e+00
    794.000    13.7705     0.1907    98.6037 1.0000e-12 8.2400e+02    165.832    13.6509    38.6724    29.1039 0.0000e+00
    795.000    13.7708     0.1957    98.5897 1.0000e-12 8.2627e+02    165.616    13.6512    38.6722    29.1036 0.0000e+00
    796.000    13.7708     0.1930    98.5898 1.0000e-12 8.2058e+02    166.211    13.6510    38.6724    29.1039 0.0000e+00
    797.000    13.7710     0.1930    98.5921 1.0000e-12 8.2147e+02    165.951    13.6510    38.6724    29.1038 0.0000e+00
    798.000    13.7713     0.1905    98.5995 1.0000e-12 8.2253e+02    165.760    13.6511    38.6726    29.1039 0.0000e+00
    799.000    13.7715     0.1884    98.5924 1.0000e-12 8.2201e+02    165.711    13.6512    38.6727    29.1040 0.0000e+00
    800.000    13.7716     0.1908    98.5899 1.0000e-12 8.2557e+02    165.704    13.6512    38.6725    29.1039 0.0000e+00
    801.000    13.7719     0.1916    98.5981 1.0000e-12 8.2322e+02    165.658    13.6513    38.6723    29.1037 0.0000e+00
    802.000    13.7720     0.1920    98.5905 1.0000e-12 8.1342e+02    165.574    13.6512    38.6724    29.1038 0.0000e+00
    803.000    13.7721     0.1916    98.5967 1.0000e-12 8.1841e+02    166.226    13.6512    38.6725    29.1038 0.0000e+00
    804.000    13.7723     0.1945    98.5906 1.0000e-12 8.1708e+02    166.300    13.6513    38.6723    29.1037 0.0000e+00
    805.000    13.7722     0.1969    98.5893 1.0000e-12 8.1383e+02    165.922    13.6510    38.6724    29.1038 0.0000e+00
    806.000    13.7721     0.1945    98.5993 1.0000e-12 8.1600e+02    165.784    13.6508    38.6724    29.1038 0.0000e+00
    807.000    13.7720     0.1914    98.5975 1.0000e-12 8.1310e+02    165.773    13.6504    38.6721    29.1037 0.0000e+00
    808.000    13.7723     0.1906    98.5953 1.0000e-12 8.1564e+02    165.633    13.6506    38.6721    29.1037 0.0000e+00
    809.000    13.7723     0.1921    98.6005 1.0000e-12 8.1001e+02    165.820    13.6504    38.6721    29.1037 0.0000e+00
    810.000    13.7728     0.1877    98.5983 1.0000e-12 8.1046e+02    166.087    13.6508    38.6724    29.1039 0.0000e+00
    811.000    13.7732     0.1925    98.6000 1.0000e-12 8.0959e+02    166.198    13.6511    38.6725    29.1039 0.0000e+00
    812.000    13.7734     0.1901    98.5972 1.0000e-12 8.1301e+02    166.096    13.6510    38.6724    29.1038 0.0000e+00
    813.000    13.7735     0.1845    98.5990 1.0000e-12 8.2145e+02    165.970    13.6510    38.6724    29.1039 0.0000e+00
    814.000    13.7737     0.1853    98.5969 1.0000e-12 8.1451e+02    165.723    13.6511    38.6724    29.1038 0.0000e+00
    815.000    13.7736     0.1854    98.5992 1.0000e-12 8.1422e+02    165.600    13.6509    38.6723    29.1038 0.0000e+00
    816.000    13.7736     0.1884    98.5938 1.0000e-12 8.1386e+02    165.634    13.6506    38.6722    29.1038 0.0000e+00
    817.000    13.7728     0.1889    98.5936 1.0000e-12 8.0909e+02    165.743    13.6498    38.6719    29.1037 0.0000e+00
    818.000    13.7732     0.1934    98.5970 1.0000e-12 8.1240e+02    166.088    13.6499    38.6719    29.1036 0.0000e+00
    819.000    13.7734     0.1923    98.5975 1.0000e-12 8.1348e+02    166.297    13.6500    38.6721    29.1038 0.0000e+00
    820.000    13.7739     0.1933    98.5996 1.0000e-12 8.1625e+02    166.078    13.6504    38.6723    29.1039 0.0000e+00
    821.000    13.7742     0.1951    98.5756 1.0000e-12 8.1751e+02    165.996    13.6505    38.6721    29.1037 0.0000e+00
    822.000    13.7744     0.1964    98.5816 1.0000e-12 8.1581e+02    166.006    13.6505    38.6720    29.1037 0.0000e+00
    823.000    13.7744     0.1924    98.5947 1.0000e-12 8.1499e+02    165.794    13.6504    38.6719    29.1036 0.0000e+00
    824.000    13.7746     0.1936    98.5940 1.0000e-12 8.1300e+02    165.928    13.6504    38.6722    29.1038 0.0000e+00
    825.000    13.7747     0.1900    98.5955 1.0000e-12 8.1805e+02    165.809    13.6503    38.6721    29.1037 0.0000e+00
    826.000    13.7749     0.1871    98.5900 1.0000e-12 8.2133e+02    165.752    13.6504    38.6723    29.1039 0.0000e+00
    827.000    13.7751     0.1869    98.5907 1.0000e-12 8.2089e+02    165.435    13.6504    38.6723    29.1039 0.0000e+00
    828.000    13.7754     0.1848    98.5960 1.0000e-12 8.1998e+02    165.693    13.6506    38.6722    29.1038 0.0000e+00
    829.000    13.7754     0.1900    98.5943 1.0000e-12 8.1727e+02    165.779    13.6505    38.6721    29.1037 0.0000e+00
    830.000    13.7756     0.1954    98.5970 1.0000e-12 8.2257e+02    165.822    13.6504    38.6721    29.1038 0.0000e+00
    831.000    13.7762     0.1981    98.5935 1.0000e-12 8.2903e+02    165.869    13.6509    38.6724    29.1038 0.0000e+00
    832.000    13.7762     0.1950    98.5931 1.0000e-12 8.2344e+02    165.470    13.6507    38.6722    29.1037 0.0000e+00
    833.000    13.7668     0.1897    98.5884 1.0000e-12 8.1854e+02    165.613    13.6413    38.6690    29.1033 0.0000e+00
    834.000    13.7384     0.1931    98.6023 1.0000e-12 8.2436e+02    165.966    13.6129    38.6630    29.1047 0.0000e+00
    835.000    13.7348     0.1953    98.6037 1.0000e-12 8.2502e+02    165.394    13.6092    38.6621    29.1048 0.0000e+00
    836.000    13.7200     0.1942    98.6037 1.0000e-12 8.3451e+02    165.515    13.5943    38.6578    29.1046 0.0000e+00
    837.000    13.6921     0.1896    98.6037 1.0000e-12 8.2888e+02    166.298    13.5664    38.6517    29.1059 0.0000e+00
    838.000    13.6838     0.1884    98.6037 1.0000e-12 8.2753e+02    166.508    13.5580    38.6504    29.1066 0.0000e+00
    839.000    13.6837     0.1889    98.6037 1.0000e-12 8.2770e+02    166.463    13.5577    38.6501    29.1065 0.0000e+00
    840.000    13.6832     0.1903    98.6037 1.0000e-12 8.3161e+02    166.365    13.5571    38.6501    29.1066 0.0000e+00
    841.000    13.6831     0.1883    98.6048 1.0000e-12 8.3154e+02    166.586    13.5569    38.6500    29.1066 0.0000e+00
    842.000    13.6832     0.1886    98.6111 1.0000e-12 8.4111e+02    166.944    13.5567    38.6501    29.1067 0.0000e+00
    843.000    13.6835     0.1881    98.6124 1.0000e-12 8.4354e+02    166.750    13.5569    38.6502    29.1067 0.0000e+00
    844.000    13.6832     0.1936    98.6155 1.0000e-12 8.4340e+02    166.628    13.5564    38.6502    29.1068 0.0000e+00
    845.000    13.6834     0.1941    98.6113 1.0000e-12 8.4593e+02    166.586    13.5565    38.6503    29.1069 0.0000e+00
    846.000    13.6834     0.1908    98.6038 1.0000e-12 8.4893e+02    166.281    13.5563    38.6502    29.1069 0.0000e+00
    847.000    13.6836     0.1916    98.6037 1.0000e-12 8.4206e+02    166.402    13.5564    38.6501    29.1067 0.0000e+00
    848.000    13.6843     0.1917    98.6037 1.0000e-12 8.4477e+02    166.830    13.5569    38.6501    29.1066 0.0000e+00
    849.000    13.6835     0.1868    98.6037 1.0000e-12 8.4825e+02    166.653    13.5560    38.6502    29.1069 0.0000e+00
    850.000    13.6838     0.1914    98.6037 1.0000e-12 8.4862e+02    166.812    13.5562    38.6502    29.1069 0.0000e+00
    851.000    13.6840     0.1942    98.6037 1.0000e-12 8.5070e+02    166.760    13.5562    38.6504    29.1071 0.0000e+00
    852.000    13.6842     0.1903    98.6037 1.0000e-12 8.5337e+02    166.490    13.5562    38.6505    29.1071 0.0000e+00
    853.000    13.6843     0.1911    98.6037 1.0000e-12 8.4886e+02    166.388    13.5562    38.6503    29.1070 0.0000e+00
    854.000    13.6848     0.1870    98.6037 1.0000e-12 8.4552e+02    166.544    13.5565    38.6502    29.1068 0.0000e+00
    855.000    13.6844     0.1933    98.6037 1.0000e-12 8.4848e+02    166.582    13.5560    38.6502    29.1069 0.0000e+00
    856.000    13.6845     0.1968    98.6037 1.0000e-12 8.5263e+02    166.273    13.5559    38.6501    29.1069 0.0000e+00
    857.000    13.6848     0.1946    98.6037 1.0000e-12 8.5229e+02    166.241    13.5560    38.6503    29.1070 0.0000e+00
    858.000    13.6853     0.1941    98.6037 -9.990e-29 8.5533e+02    166.615    13.5564    38.6504    29.1070 0.0000e+00
    859.000    13.6854     0.1971    98.6037 -9.990e-29 8.4949e+02    166.595    13.5563    38.6503    29.1069 0.0000e+00
    860.000    13.6855     0.1957    98.6037 -9.990e-29 8.5100e+02    166.200    13.5563    38.6503    29.1069 0.0000e+00
    861.000    13.6856     0.1984    98.6086 1.0000e-12 8.4884e+02    166.516    13.5562    38.6502    29.1069 0.0000e+00
    862.000    13.6857     0.1917    98.6121 1.0000e-12 8.5321e+02    166.756    13.5562    38.6504    29.1070 0.0000e+00
    863.000    13.6860     0.1916    98.5885 1.0000e-12 8.5129e+02    166.771    13.5563    38.6504    29.1070 0.0000e+00
    864.000    13.6861     0.1891    98.6053 1.0000e-12 8.5434e+02    166.780    13.5563    38.6504    29.1070 0.0000e+00
    865.000    13.6863     0.1876    98.6141 1.0000e-12 8.5450e+02    166.330    13.5563    38.6504    29.1070 0.0000e+00
    866.000    13.6864     0.1924    98.6162 2.6132e-06 8.5997e+02    166.266    13.5562    38.6504    29.1070 0.0000e+00
    867.000    13.6865     0.1991    98.6099 -4.740e-09 8.5851e+02    166.568    13.5562    38.6504    29.1071 0.0000e+00
    868.000    13.6865     0.1979    98.6051 1.0000e-12 8.5772e+02    166.753    13.5560    38.6505    29.1071 0.0000e+00
    869.000    13.6867     0.1968    98.6079 1.0000e-12 8.5564e+02    166.564    13.5561    38.6502    29.1069 0.0000e+00
    870.000    13.6869     0.1884    98.6146 1.0000e-12 8.5723e+02    166.057    13.5561    38.6502    29.1069 0.0000e+00
    871.000    13.6871     0.1896    98.6207 1.0000e-12 8.6173e+02    166.582    13.5562    38.6502    29.1068 0.0000e+00
    872.000    13.6873     0.1949    98.6102 1.0000e-12 8.6371e+02    166.536    13.5562    38.6502    29.1069 0.0000e+00
    873.000    13.6874     0.1925    98.5917 -9.990e-29 8.6372e+02    166.353    13.5562    38.6502    29.1069 0.0000e+00
    874.000    13.6873     0.1925    98.6038 -9.990e-29 8.6705e+02    166.279    13.5559    38.6503    29.1070 0.0000e+00
    875.000    13.6874     0.1958    98.6001 -9.990e-29 8.6330e+02    166.437    13.5558    38.6502    29.1069 0.0000e+00
    876.000    13.6874     0.1843    98.6058 -9.990e-29 8.6495e+02    166.151    13.5557    38.6499    29.1068 0.0000e+00
    877.000    13.6872     0.1857    98.6131 -9.990e-29 8.6948e+02    166.122    13.5553    38.6499    29.1068 0.0000e+00
    878.000    13.6873     0.1913    98.6110 -9.990e-29 8.6552e+02    166.239    13.5553    38.6500    29.1069 0.0000e+00
    879.000    13.6875     0.1968    98.6135 -9.990e-29 8.6769e+02    166.229    13.5553    38.6499    29.1068 0.0000e+00
    880.000    13.6877     0.1966    98.6094 -9.990e-29 8.7263e+02    166.313    13.5554    38.6500    29.1069 0.0000e+00
    881.000    13.6880     0.1924    98.6108 1.0000e-12 8.7645e+02    166.345    13.5555    38.6500    29.1068 0.0000e+00
    882.000    13.6881     0.1944    98.6120 1.0000e-12 8.8022e+02    166.403    13.5555    38.6501    29.1069 0.0000e+00
    883.000    13.6882     0.1917    98.6092 1.0000e-12 8.7679e+02    166.338    13.5554    38.6500    29.1069 0.0000e+00
    884.000    13.6884     0.1850    98.6103 1.0000e-12 8.7157e+02    166.087    13.5555    38.6499    29.1068 0.0000e+00
    885.000    13.6886     0.1793    98.6122 1.5517e-06 8.7334e+02    166.332    13.5555    38.6500    29.1069 0.0000e+00
    886.000    13.6888     0.1830    98.6046 2.4600e-06 8.8057e+02    166.556    13.5556    38.6500    29.1068 0.0000e+00
    887.000    13.6890     0.1847    98.6076 -2.710e-08 8.8556e+02    166.756    13.5556    38.6500    29.1069 0.0000e+00
    888.000    13.6890     0.1821    98.6068 1.0000e-12 8.9601e+02    166.582    13.5554    38.6502    29.1070 0.0000e+00
    889.000    13.6893     0.1887    98.6037 -9.990e-29 8.8815e+02    166.404    13.5556    38.6502    29.1070 0.0000e+00
    890.000    13.6894     0.1892    98.6037 -9.990e-29 8.8922e+02    166.301    13.5555    38.6500    29.1069 0.0000e+00
    891.000    13.6897     0.1910    98.6037 -9.990e-29 8.8661e+02    166.362    13.5556    38.6498    29.1067 0.0000e+00
    892.000    13.6897     0.1951    98.6065 -9.990e-29 8.9191e+02    166.517    13.5555    38.6500    29.1069 0.0000e+00
    893.000    13.6897     0.1902    98.6184 -9.990e-29 8.9547e+02    166.397    13.5553    38.6500    29.1069 0.0000e+00
    894.000    13.6900     0.1891    98.5824 -9.990e-29 8.9661e+02    166.439    13.5555    38.6499    29.1068 0.0000e+00
    895.000    13.6901     0.1918    98.6055 -9.990e-29 9.0055e+02    166.638    13.5554    38.6501    29.1070 0.0000e+00
    896.000    13.6902     0.1985    98.5955 -9.990e-29 8.9738e+02    166.857    13.5554    38.6502    29.1070 0.0000e+00
    897.000    13.6905     0.1967    98.5897 1.0000e-12 8.9571e+02    166.923    13.5556    38.6493    29.1063 0.0000e+00
    898.000    13.6908     0.1915    98.6051 1.4334e-06 8.9315e+02    166.290    13.5556    38.6499    29.1067 0.0000e+00
    899.000    13.6908     0.1806    98.6037 -1.187e-08 8.9592e+02    166.234    13.5555    38.6501    29.1069 0.0000e+00
    900.000    13.6909     0.1833    98.6099 -9.990e-29 9.0521e+02    166.440    13.5555    38.6500    29.1068 0.0000e+00
    901.000    13.6911     0.1942    98.6036 -9.990e-29 8.9658e+02    166.208    13.5555    38.6500    29.1068 0.0000e+00
    902.000    13.6912     0.1966    98.5758 -9.990e-29 9.0350e+02    166.264    13.5555    38.6500    29.1069 0.0000e+00
    903.000    13.6911     0.1933    98.6003 -9.990e-29 8.9710e+02    166.259    13.5552    38.6497    29.1068 0.0000e+00
    904.000    13.6912     0.1945    98.6053 1.0000e-12 9.0151e+02    166.133    13.5552    38.6498    29.1068 0.0000e+00
    905.000    13.6912     0.1927    98.6084 1.0000e-12 9.0129e+02    166.643    13.5550    38.6498    29.1068 0.0000e+00
    906.000    13.6914     0.1867    98.6128 1.0000e-12 8.9898e+02    166.621    13.5551    38.6499    29.1069 0.0000e+00
    907.000    13.6917     0.1877    98.6086 1.0000e-12 9.0095e+02    166.367    13.5551    38.6499    29.1069 0.0000e+00
    908.000    13.6919     0.1887    98.6102 1.0000e-12 9.0354e+02    166.511    13.5552    38.6502    29.1071 0.0000e+00
    909.000    13.6923     0.1919    98.6081 1.0000e-12 9.0583e+02    166.662    13.5555    38.6501    29.1069 0.0000e+00
    910.000    13.6925     0.1922    98.6078 1.0000e-12 9.0206e+02    166.472    13.5556    38.6499    29.1068 0.0000e+00
    911.000    13.6924     0.1895    98.6106 1.0000e-12 9.0412e+02    166.291    13.5553    38.6498    29.1067 0.0000e+00
    912.000    13.6924     0.1878    98.6110 1.0000e-12 9.0723e+02    166.177    13.5551    38.6497    29.1068 0.0000e+00
    913.000    13.6919     0.1917    98.6097 1.0000e-12 9.0710e+02    166.701    13.5545    38.6496    29.1068 0.0000e+00
    914.000    13.6921     0.1898    98.6089 1.0000e-12 9.0868e+02    166.793    13.5545    38.6497    29.1068 0.0000e+00
    915.000    13.6921     0.1978    98.6066 1.0000e-12 9.0565e+02    166.667    13.5544    38.6498    29.1070 0.0000e+00
    916.000    13.6924     0.1931    98.6124 1.0000e-12 9.0983e+02    166.336    13.5545    38.6497    29.1069 0.0000e+00
    917.000    13.6925     0.1911    98.6103 1.0000e-12 9.1098e+02    166.163    13.5544    38.6496    29.1068 0.0000e+00
    918.000    13.6926     0.1916    98.6079 1.0000e-12 9.1764e+02    166.346    13.5544    38.6495    29.1067 0.0000e+00
    919.000    13.6929     0.1886    98.5974 1.0000e-12 9.1610e+02    166.506    13.5545    38.6495    29.1067 0.0000e+00
    920.000    13.6930     0.1893    98.6038 1.0000e-12 9.1465e+02    166.415    13.5545    38.6497    29.1069 0.0000e+00
