Data/ruptures/PEACETIME/TYR/PEACETIME_TYR_CTD_022.cnv
* Sea-Bird SBE 9 Data File:
* FileName = C:\CTD\rawCTD\PEACETIME_TYR_CTD_022.hdr
* Software Version Seasave V 7.23.2
* Temperature SN = 1378
* Conductivity SN = 2929
* Number of Bytes Per Scan = 34
* Number of Voltage Words = 5
* Number of Scans Averaged by the Deck Unit = 1
* NMEA Latitude = 39 20.38 N
* NMEA Longitude = 012 35.56 E
* NMEA UTC (Time) = May 19 2017  02:53:42
* NMEA baud rate = 4800
** Cruise:   PEACETIME
** Station:   TYR_CTD_022
# nquan = 11
# nvalues = 501                         
# units = specified
# name 0 = prDM: Pressure, Digiquartz [db]
# name 1 = t090C: Temperature [ITS-90, deg C]
# name 2 = flC: Fluorescence, Chelsea Aqua 3 Chl Con [ug/l]
# name 3 = CStarTr0: Beam Transmission, WET Labs C-Star [%]
# name 4 = par: PAR/Irradiance, Biospherical/Licor
# name 5 = spar: SPAR/Surface Irradiance
# name 6 = sbeox0Mm/Kg: Oxygen, SBE 43 [umol/kg]
# name 7 = potemp090C: Potential Temperature [ITS-90, deg C]
# name 8 = sal00: Salinity, Practical [PSU]
# name 9 = sigma-é00: Density [sigma-theta, kg/m^3]
# name 10 = flag:
# span 0 =      1.000,    501.000       
# span 1 =    14.2009,    20.9416       
# span 2 =     0.1736,     0.4096       
# span 3 =    95.9134,    98.6490       
# span 4 = -3.865e-05, 4.2710e-01       
# span 5 = -4.991e-01, 4.9497e+00       
# span 6 =    165.371,    244.126       
# span 7 =    14.1255,    20.9412       
# span 8 =    37.8368,    38.8235       
# span 9 =    26.7865,    29.0838       
# span 10 = 0.0000e+00, 0.0000e+00      
# interval = decibars: 1                
# start_time = May 19 2017 02:53:42 [NMEA time, header]
# bad_flag = -9.990e-29
*END*
[from data line 394]
    395.000    14.4162     0.1880    98.6037 3.6956e-04 2.2379e+00    169.399    14.3557    38.8213    29.0658 0.0000e+00
    396.000    14.4148     0.1853    98.6023 3.3398e-06 3.0021e+00    169.296    14.3541    38.8209    29.0659 0.0000e+00
    397.000    14.4132     0.1880    98.5975 -9.990e-29 1.9196e+00    168.846    14.3523    38.8207    29.0661 0.0000e+00
    398.000    14.4133     0.1880    98.6042 -9.990e-29 1.9784e+00    169.249    14.3524    38.8208    29.0662 0.0000e+00
    399.000    14.4108     0.1845    98.6037 -9.990e-29 2.8528e+00    169.463    14.3497    38.8206    29.0666 0.0000e+00
    400.000    14.4093     0.1826    98.6037 -9.990e-29 4.0412e+00    169.418    14.3481    38.8208    29.0671 0.0000e+00
    401.000    14.4126     0.1837    98.6037 5.9876e-04 2.8208e+00    169.477    14.3511    38.8222    29.0676 0.0000e+00
    402.000    14.4104     0.1835    98.6037 5.6651e-04 2.6138e+00    169.511    14.3489    38.8219    29.0678 0.0000e+00
    403.000    14.4035     0.1846    98.6037 7.7880e-04 2.1837e+00    168.904    14.3417    38.8204    29.0682 0.0000e+00
    404.000    14.4020     0.1873    98.6037 8.7161e-04 3.0353e+00    169.170    14.3401    38.8202    29.0684 0.0000e+00
    405.000    14.3959     0.1913    98.6037 4.5268e-04 3.0704e+00    168.988    14.3339    38.8186    29.0686 0.0000e+00
    406.000    14.3912     0.1874    98.6037 8.1296e-04 3.7152e+00    168.910    14.3291    38.8179    29.0691 0.0000e+00
    407.000    14.3901     0.1805    98.6001 7.7053e-04 2.8322e+00    168.439    14.3278    38.8177    29.0692 0.0000e+00
    408.000    14.3938     0.1842    98.6026 1.3042e-03 1.6922e+00    169.029    14.3314    38.8197    29.0700 0.0000e+00
    409.000    14.3983     0.1868    98.5975 6.0296e-04 2.9375e+00    169.122    14.3357    38.8210    29.0700 0.0000e+00
    410.000    14.3843     0.1883    98.6036 1.0653e-03 2.7832e+00    168.890    14.3215    38.8178    29.0707 0.0000e+00
    411.000    14.3828     0.1875    98.6037 1.5732e-03 2.9740e+00    169.160    14.3199    38.8179    29.0711 0.0000e+00
    412.000    14.3840     0.1910    98.6014 1.5377e-03 2.1984e+00    168.903    14.3209    38.8184    29.0713 0.0000e+00
    413.000    14.3843     0.1821    98.5964 9.0884e-04 2.3666e+00    168.547    14.3211    38.8185    29.0713 0.0000e+00
    414.000    14.3853     0.1861    98.5982 8.3769e-04 1.7009e+00    168.988    14.3219    38.8188    29.0714 0.0000e+00
    415.000    14.3852     0.1867    98.5997 4.8864e-04 2.7160e+00    169.262    14.3217    38.8191    29.0716 0.0000e+00
    416.000    14.3827     0.1830    98.5924 1.0418e-03 3.2888e+00    169.185    14.3190    38.8187    29.0719 0.0000e+00
    417.000    14.3811     0.1845    98.5927 3.4842e-04 2.8545e+00    168.869    14.3173    38.8185    29.0722 0.0000e+00
    418.000    14.3803     0.1834    98.5932 2.0012e-04 3.0794e+00    169.403    14.3164    38.8185    29.0723 0.0000e+00
    419.000    14.3785     0.1810    98.5933 -2.018e-06 2.6690e+00    168.903    14.3144    38.8181    29.0725 0.0000e+00
    420.000    14.3755     0.1783    98.5945 1.8224e-04 2.5742e+00    168.581    14.3112    38.8175    29.0727 0.0000e+00
    421.000    14.3725     0.1822    98.5921 1.1896e-03 2.2492e+00    169.085    14.3081    38.8167    29.0728 0.0000e+00
    422.000    14.3697     0.1851    98.6008 2.4601e-04 4.1210e+00    168.893    14.3051    38.8163    29.0731 0.0000e+00
    423.000    14.3725     0.1896    98.5831 1.2536e-04 2.9037e+00    168.745    14.3078    38.8175    29.0735 0.0000e+00
    424.000    14.3745     0.1934    98.5864 1.7750e-04 1.9870e+00    168.904    14.3097    38.8183    29.0737 0.0000e+00
    425.000    14.3723     0.1925    98.5843 3.0639e-04 2.8741e+00    168.787    14.3072    38.8176    29.0737 0.0000e+00
    426.000    14.3712     0.1935    98.5899 1.4669e-04 3.3263e+00    169.032    14.3060    38.8175    29.0739 0.0000e+00
    427.000    14.3708     0.1885    98.5883 2.2133e-04 3.1768e+00    168.973    14.3054    38.8174    29.0740 0.0000e+00
    428.000    14.3710     0.1878    98.5896 4.0751e-04 3.1804e+00    168.952    14.3055    38.8175    29.0740 0.0000e+00
    429.000    14.3700     0.1817    98.5846 9.8909e-04 2.6707e+00    168.906    14.3044    38.8172    29.0740 0.0000e+00
    430.000    14.3664     0.1932    98.5835 1.9906e-04 3.6745e+00    168.683    14.3006    38.8165    29.0743 0.0000e+00
    431.000    14.3643     0.1912    98.5862 4.4738e-04 2.0462e+00    168.794    14.2983    38.8159    29.0744 0.0000e+00
    432.000    14.3609     0.1829    98.5841 2.3084e-04 3.1363e+00    168.802    14.2948    38.8153    29.0747 0.0000e+00
    433.000    14.3574     0.1893    98.5839 1.0056e-03 2.4004e+00    168.476    14.2912    38.8144    29.0747 0.0000e+00
    434.000    14.3543     0.1898    98.5927 1.1005e-03 2.6355e+00    168.462    14.2879    38.8139    29.0751 0.0000e+00
    435.000    14.3534     0.1897    98.5901 2.8979e-04 2.7701e+00    168.578    14.2869    38.8136    29.0751 0.0000e+00
    436.000    14.3484     0.1879    98.5888 1.4697e-04 1.8012e+00    168.212    14.2817    38.8124    29.0753 0.0000e+00
    437.000    14.3418     0.1790    98.6038 1.6898e-05 3.0389e+00    168.177    14.2749    38.8108    29.0755 0.0000e+00
    438.000    14.3362     0.1833    98.6037 3.8580e-05 2.4778e+00    168.433    14.2692    38.8097    29.0759 0.0000e+00
    439.000    14.3349     0.1849    98.6037 1.1790e-03 2.8222e+00    168.130    14.2678    38.8095    29.0761 0.0000e+00
    440.000    14.3341     0.1872    98.6037 9.5671e-04 2.8446e+00    167.976    14.2668    38.8092    29.0761 0.0000e+00
    441.000    14.3284     0.1886    98.6013 5.7686e-04 2.5350e+00    168.118    14.2610    38.8078    29.0763 0.0000e+00
    442.000    14.3214     0.1854    98.6037 1.2888e-04 3.3971e+00    168.240    14.2539    38.8062    29.0766 0.0000e+00
    443.000    14.3190     0.1856    98.6055 1.1026e-04 3.2140e+00    167.751    14.2513    38.8056    29.0767 0.0000e+00
    444.000    14.3176     0.1942    98.6061 2.0958e-05 3.5469e+00    167.993    14.2497    38.8054    29.0769 0.0000e+00
    445.000    14.3150     0.1922    98.6136 2.6081e-04 2.7776e+00    167.902    14.2470    38.8049    29.0771 0.0000e+00
    446.000    14.3119     0.1904    98.6194 4.9081e-04 3.2162e+00    167.886    14.2438    38.8042    29.0773 0.0000e+00
    447.000    14.3108     0.1890    98.6136 1.5449e-04 3.4306e+00    167.343    14.2425    38.8037    29.0772 0.0000e+00
    448.000    14.3052     0.1895    98.6182 -9.990e-29 2.4267e+00    167.324    14.2368    38.8023    29.0774 0.0000e+00
    449.000    14.2951     0.1914    98.6191 -9.990e-29 2.7326e+00    167.283    14.2266    38.8000    29.0778 0.0000e+00
    450.000    14.2870     0.1880    98.6189 9.9787e-05 3.9964e+00    167.196    14.2184    38.7984    29.0784 0.0000e+00
    451.000    14.2860     0.1867    98.6243 1.5742e-04 3.2182e+00    167.240    14.2172    38.7983    29.0785 0.0000e+00
    452.000    14.2858     0.1875    98.6174 1.2543e-04 2.2326e+00    167.154    14.2169    38.7981    29.0785 0.0000e+00
    453.000    14.2867     0.1856    98.6232 1.0396e-06 3.7555e+00    167.143    14.2175    38.7984    29.0785 0.0000e+00
    454.000    14.2865     0.1897    98.6209 1.0000e-12 1.8087e+00    166.961    14.2172    38.7982    29.0785 0.0000e+00
    455.000    14.2857     0.1883    98.6067 2.7282e-06 2.6682e+00    167.071    14.2163    38.7980    29.0786 0.0000e+00
    456.000    14.2830     0.1869    98.6205 5.7918e-06 3.1791e+00    167.447    14.2134    38.7973    29.0786 0.0000e+00
    457.000    14.2786     0.1837    98.6255 1.2851e-03 3.2132e+00    167.280    14.2088    38.7964    29.0789 0.0000e+00
    458.000    14.2724     0.1805    98.6221 3.8863e-04 2.4099e+00    166.993    14.2026    38.7949    29.0791 0.0000e+00
    459.000    14.2689     0.1852    98.6297 1.7272e-04 1.6691e+00    166.550    14.1990    38.7942    29.0794 0.0000e+00
    460.000    14.2652     0.1915    98.6298 3.6623e-04 2.8094e+00    166.428    14.1950    38.7933    29.0795 0.0000e+00
    461.000    14.2605     0.1897    98.6292 8.0819e-04 2.2910e+00    166.830    14.1903    38.7925    29.0800 0.0000e+00
    462.000    14.2583     0.1885    98.6292 8.7552e-04 3.2444e+00    166.632    14.1878    38.7921    29.0802 0.0000e+00
    463.000    14.2579     0.1869    98.6292 1.1891e-03 3.6943e+00    166.865    14.1874    38.7919    29.0802 0.0000e+00
    464.000    14.2580     0.1912    98.6298 1.5347e-03 2.3636e+00    167.063    14.1873    38.7919    29.0802 0.0000e+00
    465.000    14.2582     0.1860    98.6298 9.4452e-04 3.1472e+00    166.407    14.1873    38.7920    29.0802 0.0000e+00
    466.000    14.2576     0.1846    98.6298 -9.990e-29 3.8780e+00    166.572    14.1866    38.7919    29.0803 0.0000e+00
    467.000    14.2580     0.1807    98.6298 -9.990e-29 2.6502e+00    166.585    14.1868    38.7920    29.0804 0.0000e+00
    468.000    14.2581     0.1794    98.6136 -9.990e-29 2.7812e+00    166.729    14.1867    38.7920    29.0804 0.0000e+00
    469.000    14.2580     0.1903    98.6292 -9.990e-29 3.0704e+00    166.502    14.1865    38.7920    29.0804 0.0000e+00
    470.000    14.2572     0.1899    98.6305 4.0066e-05 2.3805e+00    166.571    14.1856    38.7918    29.0804 0.0000e+00
    471.000    14.2539     0.1888    98.6298 1.9354e-05 3.3967e+00    166.860    14.1821    38.7912    29.0807 0.0000e+00
    472.000    14.2515     0.1858    98.6298 4.0629e-05 3.7945e+00    166.724    14.1795    38.7910    29.0812 0.0000e+00
    473.000    14.2482     0.1888    98.6298 1.6353e-05 3.8426e+00    166.565    14.1761    38.7903    29.0813 0.0000e+00
    474.000    14.2452     0.1872    98.6298 2.2873e-04 2.2916e+00    166.837    14.1730    38.7898    29.0817 0.0000e+00
    475.000    14.2445     0.1823    98.6298 2.6281e-04 1.6225e+00    166.561    14.1722    38.7897    29.0818 0.0000e+00
    476.000    14.2421     0.1800    98.6298 7.1107e-04 2.9849e+00    167.035    14.1696    38.7890    29.0818 0.0000e+00
    477.000    14.2390     0.1810    98.6329 4.4988e-06 3.6094e+00    167.047    14.1664    38.7883    29.0820 0.0000e+00
    478.000    14.2377     0.1818    98.6356 3.5484e-05 3.1798e+00    167.016    14.1648    38.7880    29.0820 0.0000e+00
    479.000    14.2370     0.1869    98.6316 5.5774e-04 3.8954e+00    167.022    14.1640    38.7877    29.0821 0.0000e+00
    480.000    14.2364     0.1850    98.6333 1.1554e-03 1.9194e+00    167.082    14.1633    38.7876    29.0821 0.0000e+00
    481.000    14.2359     0.1846    98.6274 1.7575e-03 2.6577e+00    166.537    14.1627    38.7875    29.0822 0.0000e+00
    482.000    14.2342     0.1913    98.6369 1.3128e-03 2.2147e+00    166.680    14.1608    38.7871    29.0822 0.0000e+00
    483.000    14.2329     0.1851    98.6333 7.1211e-04 1.9140e+00    166.751    14.1594    38.7866    29.0822 0.0000e+00
    484.000    14.2312     0.1855    98.6371 2.4418e-05 3.3637e+00    166.387    14.1574    38.7860    29.0822 0.0000e+00
    485.000    14.2257     0.1912    98.6310 2.3062e-05 2.6605e+00    166.510    14.1518    38.7847    29.0824 0.0000e+00
    486.000    14.2180     0.1867    98.6402 1.6230e-05 2.4931e+00    166.331    14.1440    38.7831    29.0828 0.0000e+00
    487.000    14.2165     0.1828    98.6381 1.6455e-04 2.7325e+00    166.050    14.1424    38.7829    29.0831 0.0000e+00
    488.000    14.2132     0.1847    98.6379 2.5197e-04 2.7093e+00    166.202    14.1389    38.7819    29.0830 0.0000e+00
    489.000    14.2087     0.1882    98.6466 7.7531e-06 2.8899e+00    166.416    14.1343    38.7809    29.0832 0.0000e+00
    490.000    14.2070     0.1860    98.6440 -4.018e-08 2.2875e+00    166.440    14.1324    38.7806    29.0834 0.0000e+00
    491.000    14.2067     0.1847    98.6365 1.0000e-12 3.2490e+00    166.207    14.1320    38.7805    29.0834 0.0000e+00
    492.000    14.2026     0.1861    98.6369 1.2877e-06 2.4295e+00    166.191    14.1278    38.7795    29.0836 0.0000e+00
    493.000    14.2009     0.1893    98.6327 1.2523e-04 2.6600e+00    166.126    14.1259    38.7790    29.0836 0.0000e+00
    494.000    14.2010     0.1869    98.6417 1.4780e-04 1.9149e+00    166.272    14.1259    38.7791    29.0837 0.0000e+00
    495.000    14.2011     0.1883    98.6379 3.9029e-04 2.4151e+00    166.257    14.1258    38.7790    29.0837 0.0000e+00
    496.000    14.2010     0.1862    98.6464 -9.990e-29 2.3643e+00    166.139    14.1256    38.7791    29.0838 0.0000e+00
    497.000    14.2012     0.1878    98.6431 -9.990e-29 2.6010e+00    166.338    14.1255    38.7791    29.0837 0.0000e+00
    498.000    14.2013     0.1905    98.6446 -9.990e-29 2.5488e+00    166.380    14.1255    38.7791    29.0838 0.0000e+00
    499.000    14.2017     0.1941    98.6390 1.0000e-12 3.7917e+00    166.484    14.1257    38.7791    29.0838 0.0000e+00
    500.000    14.2018     0.1900    98.6452 4.0282e-05 2.7343e+00    166.355    14.1257    38.7792    29.0838 0.0000e+00
    501.000    14.2022     0.1874    98.6490 -3.865e-05 -4.991e-01    165.371    14.1259    38.7789    29.0835 0.0000e+00
