Data/ruptures/PEACETIME/TYR/PEACETIME_TYR_CTD_022.cnv
* Sea-Bird SBE 9 Data File:
* FileName = C:\CTD\rawCTD\PEACETIME_TYR_CTD_022.hdr
* Software Version Seasave V 7.23.2
* Temperature SN = 1378
* Conductivity SN = 2929
* Number of Bytes Per Scan = 34
* Number of Voltage Words = 5
* Number of Scans Averaged by the Deck Unit = 1
* NMEA Latitude = 39 20.38 N
* NMEA Longitude = 012 35.56 E
* NMEA UTC (Time) = May 19 2017  02:53:42
* NMEA baud rate = 4800
** Cruise:   PEACETIME
** Station:   TYR_CTD_022
# nquan = 11
# nvalues = 501                         
# units = specified
# name 0 = prDM: Pressure, Digiquartz [db]
# name 1 = t090C: Temperature [ITS-90, deg C]
# name 2 = flC: Fluorescence, Chelsea Aqua 3 Chl Con [ug/l]
# name 3 = CStarTr0: Beam Transmission, WET Labs C-Star [%]
# name 4 = par: PAR/Irradiance, Biospherical/Licor
# name 5 = spar: SPAR/Surface Irradiance
# name 6 = sbeox0Mm/Kg: Oxygen, SBE 43 [umol/kg]
# name 7 = potemp090C: Potential Temperature [ITS-90, deg C]
# name 8 = sal00: Salinity, Practical [PSU]
# name 9 = sigma-é00: Density [sigma-theta, kg/m^3]
# name 10 = flag:
# span 0 =      1.000,    501.000       
# span 1 =    14.2009,    20.9416       
# span 2 =     0.1736,     0.4096       
# span 3 =    95.9134,    98.6490       
# span 4 = -3.865e-05, 4.2710e-01       
# span 5 = -4.991e-01, 4.9497e+00       
# span 6 =    165.371,    244.126       
# span 7 =    14.1255,    20.9412       
# span 8 =    37.8368,    38.8235       
# span 9 =    26.7865,    29.0838       
# span 10 = 0.0000e+00, 0.0000e+00      
# interval = decibars: 1                
# start_time = May 19 2017 02:53:42 [NMEA time, header]
# bad_flag = -9.990e-29
*END*
[from data line 263]
    264.000    14.4050     0.1828    98.6012 5.4237e-06 2.1334e+00    167.504    14.3647    38.7625    29.0183 0.0000e+00
    265.000    14.4037     0.1764    98.6037 1.4520e-06 2.7329e+00    167.826    14.3633    38.7633    29.0193 0.0000e+00
    266.000    14.4035     0.1852    98.6037 -6.291e-09 2.7919e+00    168.039    14.3629    38.7640    29.0199 0.0000e+00
    267.000    14.4044     0.1859    98.6037 7.2342e-04 3.0041e+00    167.951    14.3637    38.7648    29.0203 0.0000e+00
    268.000    14.4073     0.1864    98.6044 8.4813e-04 3.8779e+00    167.955    14.3664    38.7669    29.0214 0.0000e+00
    269.000    14.4081     0.1879    98.6048 5.3586e-04 2.5027e+00    168.005    14.3670    38.7683    29.0223 0.0000e+00
    270.000    14.4071     0.1871    98.6085 1.2103e-04 1.7357e+00    167.896    14.3659    38.7680    29.0223 0.0000e+00
    271.000    14.4057     0.1854    98.5934 2.1990e-04 2.2369e+00    167.795    14.3644    38.7680    29.0227 0.0000e+00
    272.000    14.4016     0.1866    98.6095 3.6594e-04 2.9615e+00    167.907    14.3601    38.7674    29.0231 0.0000e+00
    273.000    14.3964     0.1852    98.6090 3.0583e-04 2.8433e+00    167.732    14.3548    38.7666    29.0237 0.0000e+00
    274.000    14.3962     0.1845    98.5964 -9.990e-29 3.6756e+00    167.526    14.3545    38.7670    29.0241 0.0000e+00
    275.000    14.3973     0.1814    98.6072 1.5124e-05 3.2152e+00    167.515    14.3553    38.7676    29.0244 0.0000e+00
    276.000    14.3964     0.1834    98.6118 9.6245e-06 2.5651e+00    167.937    14.3543    38.7676    29.0246 0.0000e+00
    277.000    14.3963     0.1822    98.6054 -1.141e-07 3.1861e+00    167.716    14.3540    38.7676    29.0247 0.0000e+00
    278.000    14.3965     0.1837    98.5991 9.9277e-06 2.6341e+00    167.624    14.3541    38.7680    29.0250 0.0000e+00
    279.000    14.3989     0.1875    98.6002 5.6593e-05 1.5853e+00    167.125    14.3564    38.7694    29.0255 0.0000e+00
    280.000    14.3988     0.1904    98.6103 6.1717e-04 1.8112e+00    167.690    14.3561    38.7702    29.0262 0.0000e+00
    281.000    14.3958     0.1780    98.6130 5.5869e-04 2.8288e+00    167.269    14.3529    38.7706    29.0273 0.0000e+00
    282.000    14.3945     0.1872    98.6130 8.4392e-04 2.8176e+00    167.503    14.3515    38.7717    29.0284 0.0000e+00
    283.000    14.3960     0.1887    98.6054 7.8930e-04 3.7611e+00    167.175    14.3529    38.7726    29.0288 0.0000e+00
    284.000    14.3980     0.1871    98.6147 3.5939e-04 2.7463e+00    167.182    14.3547    38.7736    29.0292 0.0000e+00
    285.000    14.4005     0.1893    98.6156 8.2389e-05 2.5106e+00    167.726    14.3571    38.7751    29.0298 0.0000e+00
    286.000    14.4026     0.1914    98.6207 6.7617e-05 3.0008e+00    167.685    14.3590    38.7759    29.0300 0.0000e+00
    287.000    14.4030     0.1911    98.6131 6.1176e-05 1.6887e+00    168.021    14.3592    38.7762    29.0302 0.0000e+00
    288.000    14.4007     0.1816    98.6130 4.4686e-05 2.4938e+00    167.711    14.3568    38.7759    29.0305 0.0000e+00
    289.000    14.3980     0.1830    98.6215 4.0562e-04 2.4018e+00    167.647    14.3540    38.7755    29.0308 0.0000e+00
    290.000    14.3979     0.1912    98.6135 4.5552e-04 3.0732e+00    167.273    14.3537    38.7760    29.0313 0.0000e+00
    291.000    14.3988     0.1915    98.6126 -2.404e-06 2.8063e+00    167.439    14.3544    38.7774    29.0322 0.0000e+00
    292.000    14.4049     0.1873    98.6220 9.6212e-05 4.1516e+00    168.075    14.3604    38.7809    29.0335 0.0000e+00
    293.000    14.4083     0.1863    98.6174 1.8584e-04 2.9298e+00    168.072    14.3636    38.7826    29.0342 0.0000e+00
    294.000    14.4109     0.1912    98.6171 5.7059e-05 2.8544e+00    167.923    14.3660    38.7838    29.0345 0.0000e+00
    295.000    14.4114     0.1875    98.6185 1.1944e-04 2.4758e+00    167.922    14.3664    38.7840    29.0346 0.0000e+00
    296.000    14.4087     0.1819    98.6188 5.3039e-05 2.0191e+00    167.981    14.3635    38.7835    29.0349 0.0000e+00
    297.000    14.4083     0.1827    98.6061 2.4385e-04 2.5112e+00    167.590    14.3630    38.7837    29.0351 0.0000e+00
    298.000    14.4068     0.1861    98.6224 2.6045e-04 2.9284e+00    167.286    14.3613    38.7836    29.0355 0.0000e+00
    299.000    14.4055     0.1834    98.6165 2.7698e-04 2.4936e+00    167.602    14.3599    38.7833    29.0355 0.0000e+00
    300.000    14.4059     0.1833    98.5895 2.7048e-04 2.4925e+00    168.383    14.3601    38.7837    29.0358 0.0000e+00
    301.000    14.4129     0.1903    98.6137 3.2047e-04 3.7266e+00    168.263    14.3669    38.7873    29.0371 0.0000e+00
    302.000    14.4145     0.1895    98.6060 3.8544e-04 3.1767e+00    168.203    14.3684    38.7883    29.0375 0.0000e+00
    303.000    14.4139     0.1903    98.6193 2.6950e-04 2.8543e+00    167.723    14.3677    38.7881    29.0375 0.0000e+00
    304.000    14.4136     0.1911    98.6162 5.9716e-05 2.8447e+00    167.978    14.3672    38.7881    29.0376 0.0000e+00
    305.000    14.4210     0.1889    98.6205 1.7394e-04 1.9917e+00    168.360    14.3744    38.7921    29.0391 0.0000e+00
    306.000    14.4287     0.1896    98.6119 9.4708e-05 2.9294e+00    168.846    14.3820    38.7953    29.0400 0.0000e+00
    307.000    14.4304     0.1911    98.6147 7.3919e-04 3.2879e+00    168.258    14.3835    38.7963    29.0404 0.0000e+00
    308.000    14.4331     0.1887    98.6095 2.2900e-04 1.8066e+00    168.610    14.3860    38.7977    29.0409 0.0000e+00
    309.000    14.4329     0.1909    98.5948 1.5762e-06 3.3129e+00    168.887    14.3857    38.7976    29.0409 0.0000e+00
    310.000    14.4328     0.1896    98.6138 5.9667e-04 2.9551e+00    168.574    14.3855    38.7977    29.0410 0.0000e+00
    311.000    14.4333     0.1900    98.6136 7.6192e-04 2.3175e+00    168.935    14.3858    38.7977    29.0409 0.0000e+00
    312.000    14.4427     0.1930    98.6136 -9.990e-29 2.5269e+00    169.257    14.3949    38.8021    29.0424 0.0000e+00
    313.000    14.4517     0.1888    98.6126 2.9723e-06 2.2913e+00    169.499    14.4038    38.8055    29.0430 0.0000e+00
    314.000    14.4537     0.1887    98.6060 -7.373e-09 2.4930e+00    169.590    14.4056    38.8061    29.0431 0.0000e+00
    315.000    14.4519     0.1872    98.6054 2.4865e-06 1.6262e+00    169.122    14.4037    38.8060    29.0434 0.0000e+00
    316.000    14.4539     0.1901    98.6113 3.3457e-04 2.8600e+00    169.140    14.4056    38.8082    29.0447 0.0000e+00
    317.000    14.4568     0.1907    98.6049 1.9197e-04 3.1412e+00    169.466    14.4083    38.8097    29.0452 0.0000e+00
    318.000    14.4567     0.1854    98.6139 1.4307e-04 2.9690e+00    169.410    14.4080    38.8095    29.0452 0.0000e+00
    319.000    14.4566     0.1843    98.6095 8.5203e-04 2.8900e+00    169.319    14.4078    38.8095    29.0452 0.0000e+00
    320.000    14.4563     0.1829    98.6132 7.2538e-04 2.6953e+00    169.465    14.4073    38.8095    29.0454 0.0000e+00
    321.000    14.4556     0.1872    98.6112 1.8178e-03 3.7175e+00    169.298    14.4065    38.8100    29.0459 0.0000e+00
    322.000    14.4545     0.1871    98.6167 1.4114e-03 2.3683e+00    169.301    14.4052    38.8100    29.0462 0.0000e+00
    323.000    14.4542     0.1840    98.6061 5.4107e-04 2.4919e+00    169.461    14.4048    38.8101    29.0463 0.0000e+00
    324.000    14.4543     0.1889    98.6049 9.3176e-04 2.9889e+00    169.224    14.4047    38.8102    29.0464 0.0000e+00
    325.000    14.4521     0.1906    98.6037 1.2115e-03 1.9143e+00    169.235    14.4023    38.8097    29.0466 0.0000e+00
    326.000    14.4516     0.1876    98.6050 1.2214e-03 3.0729e+00    169.129    14.4017    38.8098    29.0468 0.0000e+00
    327.000    14.4536     0.1854    98.5895 6.0329e-04 3.0663e+00    168.726    14.4035    38.8110    29.0473 0.0000e+00
    328.000    14.4536     0.1819    98.6095 4.3629e-04 4.0830e+00    168.863    14.4033    38.8113    29.0476 0.0000e+00
    329.000    14.4507     0.1839    98.6050 6.1718e-04 3.3536e+00    169.400    14.4003    38.8110    29.0480 0.0000e+00
    330.000    14.4501     0.1862    98.6037 3.7882e-04 2.4734e+00    169.204    14.3996    38.8109    29.0481 0.0000e+00
    331.000    14.4469     0.1849    98.6075 2.1136e-04 2.3283e+00    169.095    14.3962    38.8103    29.0484 0.0000e+00
    332.000    14.4456     0.1815    98.6060 1.2545e-04 2.8177e+00    169.195    14.3947    38.8104    29.0488 0.0000e+00
    333.000    14.4471     0.1834    98.6142 1.2110e-03 4.4113e+00    169.499    14.3961    38.8111    29.0490 0.0000e+00
    334.000    14.4521     0.1822    98.6054 1.5618e-03 3.2862e+00    169.680    14.4010    38.8140    29.0502 0.0000e+00
    335.000    14.4548     0.1871    98.6084 3.3863e-03 2.2630e+00    169.370    14.4035    38.8153    29.0506 0.0000e+00
    336.000    14.4562     0.1883    98.6078 2.3805e-03 2.7820e+00    169.853    14.4047    38.8157    29.0507 0.0000e+00
    337.000    14.4577     0.1885    98.5859 2.8647e-03 2.7815e+00    169.515    14.4061    38.8162    29.0508 0.0000e+00
    338.000    14.4600     0.1901    98.6039 6.8055e-04 3.2927e+00    169.389    14.4082    38.8169    29.0508 0.0000e+00
    339.000    14.4595     0.1871    98.6037 9.3790e-04 2.2745e+00    169.647    14.4075    38.8168    29.0509 0.0000e+00
    340.000    14.4607     0.1879    98.6037 8.1877e-04 3.0412e+00    169.906    14.4086    38.8172    29.0510 0.0000e+00
    341.000    14.4623     0.1908    98.6037 4.0369e-04 3.1445e+00    169.454    14.4101    38.8178    29.0512 0.0000e+00
    342.000    14.4662     0.1916    98.6037 3.5549e-04 3.0000e+00    169.413    14.4138    38.8199    29.0519 0.0000e+00
    343.000    14.4679     0.1872    98.6037 8.3404e-05 2.7117e+00    169.847    14.4153    38.8206    29.0521 0.0000e+00
    344.000    14.4669     0.1822    98.6017 5.9203e-04 2.1638e+00    169.864    14.4142    38.8204    29.0522 0.0000e+00
    345.000    14.4659     0.1910    98.5998 4.4141e-04 2.1907e+00    169.931    14.4130    38.8202    29.0523 0.0000e+00
    346.000    14.4650     0.1845    98.6025 4.7666e-04 3.1475e+00    170.071    14.4119    38.8200    29.0524 0.0000e+00
    347.000    14.4632     0.1858    98.6037 7.3109e-05 2.7185e+00    169.896    14.4100    38.8196    29.0525 0.0000e+00
    348.000    14.4660     0.1821    98.6037 3.7316e-04 3.0070e+00    170.021    14.4126    38.8212    29.0532 0.0000e+00
    349.000    14.4655     0.1868    98.6037 8.6306e-04 2.2993e+00    169.817    14.4120    38.8214    29.0535 0.0000e+00
    350.000    14.4663     0.1876    98.6037 1.9010e-03 1.7360e+00    169.829    14.4127    38.8221    29.0539 0.0000e+00
    351.000    14.4664     0.1880    98.6020 3.6491e-04 3.9112e+00    169.916    14.4126    38.8224    29.0541 0.0000e+00
    352.000    14.4659     0.1881    98.5951 8.9780e-04 3.6506e+00    170.028    14.4119    38.8223    29.0542 0.0000e+00
    353.000    14.4644     0.1890    98.6032 1.3638e-03 2.6395e+00    170.094    14.4103    38.8222    29.0545 0.0000e+00
    354.000    14.4647     0.1898    98.6037 3.2917e-04 2.8982e+00    169.243    14.4104    38.8229    29.0550 0.0000e+00
    355.000    14.4648     0.1882    98.6063 5.4844e-04 2.4054e+00    169.777    14.4104    38.8235    29.0554 0.0000e+00
    356.000    14.4645     0.1874    98.6060 4.5383e-05 2.6491e+00    170.280    14.4099    38.8234    29.0555 0.0000e+00
    357.000    14.4645     0.1948    98.6003 8.7417e-04 2.8266e+00    170.170    14.4098    38.8233    29.0555 0.0000e+00
    358.000    14.4632     0.1918    98.6037 1.2072e-04 3.7818e+00    169.809    14.4083    38.8232    29.0557 0.0000e+00
    359.000    14.4604     0.1891    98.6037 4.2946e-04 2.2947e+00    169.428    14.4054    38.8229    29.0561 0.0000e+00
    360.000    14.4585     0.1845    98.6037 3.5567e-04 2.7453e+00    169.652    14.4033    38.8226    29.0564 0.0000e+00
    361.000    14.4571     0.1831    98.6037 1.7960e-04 2.2131e+00    169.585    14.4017    38.8226    29.0567 0.0000e+00
    362.000    14.4559     0.1866    98.6037 1.6616e-05 2.2036e+00    169.692    14.4004    38.8225    29.0569 0.0000e+00
    363.000    14.4544     0.1960    98.6037 6.0006e-06 3.7687e+00    169.750    14.3988    38.8222    29.0571 0.0000e+00
    364.000    14.4505     0.1869    98.6076 7.4528e-04 2.5331e+00    169.998    14.3947    38.8217    29.0575 0.0000e+00
    365.000    14.4463     0.1836    98.6066 8.8940e-04 3.7182e+00    169.305    14.3903    38.8209    29.0579 0.0000e+00
    366.000    14.4444     0.1867    98.5997 6.6214e-05 3.1093e+00    168.802    14.3884    38.8209    29.0583 0.0000e+00
    367.000    14.4438     0.1866    98.6102 -5.487e-07 2.7788e+00    169.420    14.3875    38.8209    29.0585 0.0000e+00
    368.000    14.4428     0.1854    98.6037 9.8681e-06 2.4216e+00    169.507    14.3864    38.8209    29.0587 0.0000e+00
    369.000    14.4426     0.1833    98.6101 1.8289e-05 2.2385e+00    169.715    14.3861    38.8208    29.0588 0.0000e+00
    370.000    14.4409     0.1832    98.5985 4.4592e-06 2.1910e+00    169.494    14.3842    38.8205    29.0589 0.0000e+00
    371.000    14.4404     0.1842    98.6037 5.0464e-04 2.9575e+00    169.412    14.3835    38.8205    29.0591 0.0000e+00
    372.000    14.4395     0.1836    98.6037 5.8448e-04 2.8702e+00    169.281    14.3825    38.8206    29.0594 0.0000e+00
    373.000    14.4374     0.1861    98.6083 5.2995e-04 3.1778e+00    169.094    14.3803    38.8201    29.0595 0.0000e+00
    374.000    14.4362     0.1900    98.6109 7.3891e-04 2.6993e+00    169.245    14.3789    38.8201    29.0598 0.0000e+00
    375.000    14.4326     0.1888    98.6101 3.2627e-04 3.6484e+00    169.461    14.3751    38.8194    29.0601 0.0000e+00
    376.000    14.4303     0.1917    98.6116 6.2584e-04 3.1084e+00    169.589    14.3727    38.8192    29.0604 0.0000e+00
    377.000    14.4282     0.1858    98.6133 6.4403e-04 3.2848e+00    169.123    14.3705    38.8189    29.0608 0.0000e+00
    378.000    14.4251     0.1855    98.6128 4.9194e-04 2.7929e+00    168.791    14.3672    38.8185    29.0612 0.0000e+00
    379.000    14.4241     0.1836    98.6159 1.5916e-05 4.1133e+00    168.692    14.3660    38.8184    29.0614 0.0000e+00
    380.000    14.4237     0.1863    98.6072 3.4715e-05 3.2959e+00    169.071    14.3655    38.8184    29.0614 0.0000e+00
    381.000    14.4207     0.1822    98.6087 8.2928e-05 1.9412e+00    169.132    14.3624    38.8179    29.0617 0.0000e+00
    382.000    14.4182     0.1930    98.6118 4.0135e-04 2.9187e+00    168.693    14.3597    38.8176    29.0621 0.0000e+00
    383.000    14.4172     0.1875    98.6133 1.2382e-04 3.1781e+00    168.997    14.3585    38.8174    29.0622 0.0000e+00
    384.000    14.4164     0.1855    98.6066 1.4978e-04 4.0926e+00    168.483    14.3576    38.8174    29.0624 0.0000e+00
    385.000    14.4157     0.1813    98.6106 3.1764e-04 3.1822e+00    168.891    14.3567    38.8175    29.0627 0.0000e+00
    386.000    14.4154     0.1861    98.6032 1.1421e-04 2.8922e+00    168.969    14.3563    38.8176    29.0629 0.0000e+00
    387.000    14.4156     0.1835    98.6094 2.1129e-05 2.6836e+00    168.650    14.3563    38.8177    29.0629 0.0000e+00
    388.000    14.4158     0.1846    98.6093 1.6387e-04 2.7322e+00    168.993    14.3564    38.8178    29.0630 0.0000e+00
    389.000    14.4171     0.1861    98.6139 3.5832e-04 2.7563e+00    169.033    14.3575    38.8185    29.0633 0.0000e+00
    390.000    14.4172     0.1830    98.6105 6.8803e-04 2.6861e+00    168.738    14.3574    38.8190    29.0637 0.0000e+00
    391.000    14.4137     0.1838    98.6116 4.0463e-05 4.0496e+00    169.297    14.3538    38.8191    29.0646 0.0000e+00
    392.000    14.4134     0.1880    98.6082 1.3603e-04 2.5856e+00    169.178    14.3534    38.8194    29.0649 0.0000e+00
    393.000    14.4183     0.1939    98.6037 1.7209e-06 2.3849e+00    169.447    14.3581    38.8216    29.0655 0.0000e+00
