Data/ruptures/PEACETIME/TYR/PEACETIME_TYR_CTD_021.cnv
* Sea-Bird SBE 9 Data File:
* FileName = C:\CTD\rawCTD\PEACETIME_TYR_CTD_021.hdr
* Software Version Seasave V 7.23.2
* Temperature SN = 1378
* Conductivity SN = 2929
* Number of Bytes Per Scan = 34
* Number of Voltage Words = 5
* Number of Scans Averaged by the Deck Unit = 1
* NMEA Latitude = 39 20.40 N
* NMEA Longitude = 012 35.55 E
* NMEA UTC (Time) = May 18 2017  18:57:49
* NMEA baud rate = 4800
** Cruise:   PEACETIME
** Station:   TYR_CTD_021
# nquan = 11
# nvalues = 203                         
# units = specified
# name 0 = prDM: Pressure, Digiquartz [db]
# name 1 = t090C: Temperature [ITS-90, deg C]
# name 2 = flC: Fluorescence, Chelsea Aqua 3 Chl Con [ug/l]
# name 3 = CStarTr0: Beam Transmission, WET Labs C-Star [%]
# name 4 = par: PAR/Irradiance, Biospherical/Licor
# name 5 = spar: SPAR/Surface Irradiance
# name 6 = sbeox0Mm/Kg: Oxygen, SBE 43 [umol/kg]
# name 7 = potemp090C: Potential Temperature [ITS-90, deg C]
# name 8 = sal00: Salinity, Practical [PSU]
# name 9 = sigma-é00: Density [sigma-theta, kg/m^3]
# name 10 = flag:
# span 0 =      1.000,    203.000       
# span 1 =    14.4522,    21.4502       
# span 2 =     0.1714,     0.3667       
# span 3 =    96.5420,    98.4832       
# span 4 = -1.481e-05, 4.6491e-01       
# span 5 = 9.2169e-01, 4.0548e+00       
# span 6 =    170.625,    239.490       
# span 7 =    14.4351,    21.4495       
# span 8 =    37.8852,    38.7270       
# span 9 =    26.5793,    28.9699       
# span 10 = 0.0000e+00, 0.0000e+00      
# interval = decibars: 1                
# start_time = May 18 2017 18:57:49 [NMEA time, header]
# bad_flag = -9.990e-29
*END*
[from data line 132]
    133.000    14.5955     0.2068    98.3177 -9.990e-29 2.4039e+00    180.811    14.5752    38.5850    28.8344 0.0000e+00
    134.000    14.5982     0.2045    98.3253 1.0000e-12 1.5838e+00    180.501    14.5777    38.5866    28.8351 0.0000e+00
    135.000    14.6005     0.2030    98.3269 1.0000e-12 2.7813e+00    180.007    14.5799    38.5890    28.8365 0.0000e+00
    136.000    14.6247     0.2072    98.3337 1.0000e-12 2.6315e+00    181.007    14.6039    38.6020    28.8412 0.0000e+00
    137.000    14.6436     0.2016    98.3399 1.0000e-12 2.8644e+00    181.200    14.6226    38.6104    28.8435 0.0000e+00
    138.000    14.6607     0.1964    98.3353 1.0000e-12 2.8445e+00    181.422    14.6395    38.6190    28.8463 0.0000e+00
    139.000    14.7035     0.1919    98.3324 1.0000e-12 1.6988e+00    180.996    14.6822    38.6408    28.8537 0.0000e+00
    140.000    14.6848     0.1856    98.3232 1.0000e-12 2.5913e+00    180.212    14.6633    38.6411    28.8581 0.0000e+00
    141.000    14.6926     0.1860    98.3327 1.0000e-12 2.7649e+00    178.917    14.6709    38.6553    28.8674 0.0000e+00
    142.000    14.6968     0.1845 -9.990e-29 -9.990e-29 2.3983e+00    177.735    14.6750    38.6635    28.8729 0.0000e+00
    143.000    14.6981     0.1788 -9.990e-29 -9.990e-29 2.5426e+00    177.375    14.6761    38.6695    28.8772 0.0000e+00
    144.000    14.7044     0.1842    98.3163 1.0000e-12 3.0544e+00    178.021    14.6823    38.6743    28.8796 0.0000e+00
    145.000    14.7339     0.1819    98.2890 1.0000e-12 3.4989e+00    178.091    14.7116    38.6882    28.8838 0.0000e+00
    146.000    14.7177     0.1831    98.2956 1.0000e-12 1.8386e+00    176.650    14.6952    38.6849    28.8849 0.0000e+00
    147.000    14.6888     0.1822    98.2962 1.0000e-12 1.7921e+00    175.608    14.6662    38.6827    28.8897 0.0000e+00
    148.000    14.6447     0.1841    98.3301 1.0000e-12 2.3194e+00    174.220    14.6220    38.6769    28.8951 0.0000e+00
    149.000    14.6304     0.1885    98.3436 1.0000e-12 2.5999e+00    173.693    14.6075    38.6764    28.8979 0.0000e+00
    150.000    14.6234     0.1854    98.3495 1.0000e-12 2.5843e+00    174.265    14.6004    38.6775    28.9004 0.0000e+00
    151.000    14.6136     0.1813    98.3636 1.0000e-12 2.3194e+00    173.650    14.5905    38.6795    28.9041 0.0000e+00
    152.000    14.6052     0.1847    98.3636 1.0000e-12 2.9077e+00    173.442    14.5819    38.6811    28.9072 0.0000e+00
    153.000    14.6023     0.1830    98.3726 1.0000e-12 2.0888e+00    173.585    14.5789    38.6815    28.9082 0.0000e+00
    154.000    14.6032     0.1834    98.3811 1.0000e-12 2.3063e+00    173.228    14.5796    38.6828    28.9090 0.0000e+00
    155.000    14.5984     0.1865    98.3851 1.0000e-12 1.8581e+00    172.908    14.5746    38.6843    28.9113 0.0000e+00
    156.000    14.5935     0.1786    98.3865 1.0000e-12 2.0727e+00    173.129    14.5697    38.6857    28.9135 0.0000e+00
    157.000    14.5916     0.1820    98.3779 1.0000e-12 3.1246e+00    172.691    14.5676    38.6869    28.9149 0.0000e+00
    158.000    14.5892     0.1815    98.3935 1.0000e-12 1.9115e+00    172.564    14.5650    38.6886    28.9168 0.0000e+00
    159.000    14.5868     0.1823    98.3956 1.0000e-12 2.2614e+00    172.795    14.5624    38.6895    28.9181 0.0000e+00
    160.000    14.5845     0.1865    98.3956 1.0000e-12 2.6031e+00    172.766    14.5600    38.6908    28.9196 0.0000e+00
    161.000    14.5829     0.1828    98.3949 1.0000e-12 2.0275e+00    172.716    14.5583    38.6916    28.9206 0.0000e+00
    162.000    14.5830     0.1808    98.3982 1.0000e-12 2.5425e+00    172.637    14.5582    38.6916    28.9207 0.0000e+00
    163.000    14.5831     0.1792    98.3859 1.0000e-12 1.4096e+00    172.530    14.5582    38.6917    28.9207 0.0000e+00
    164.000    14.5826     0.1783    98.4123 1.0000e-12 2.8365e+00    172.614    14.5575    38.6920    28.9211 0.0000e+00
    165.000    14.5815     0.1785    98.4020 1.0000e-12 2.2169e+00    172.769    14.5563    38.6925    28.9218 0.0000e+00
    166.000    14.5798     0.1843    98.3858 1.0000e-12 2.7435e+00    172.890    14.5544    38.6929    28.9225 0.0000e+00
    167.000    14.5787     0.1803    98.4010 -9.990e-29 2.3818e+00    172.983    14.5532    38.6932    28.9230 0.0000e+00
    168.000    14.5754     0.1819    98.4175 1.0000e-12 2.5721e+00    172.992    14.5497    38.6939    28.9243 0.0000e+00
    169.000    14.5737     0.1868    98.4204 1.0000e-12 2.8819e+00    172.666    14.5478    38.6953    28.9258 0.0000e+00
    170.000    14.5756     0.1868    98.4135 1.0000e-12 2.2405e+00    172.675    14.5496    38.6967    28.9265 0.0000e+00
    171.000    14.5753     0.1815    98.4075 1.0000e-12 2.5447e+00    172.431    14.5492    38.6983    28.9278 0.0000e+00
    172.000    14.5752     0.1797    98.4133 1.0000e-12 2.4980e+00    172.138    14.5488    38.6994    28.9288 0.0000e+00
    173.000    14.5705     0.1779    98.4215 1.0000e-12 2.0253e+00    172.090    14.5440    38.6989    28.9294 0.0000e+00
    174.000    14.5632     0.1822    98.4216 1.0000e-12 9.2169e-01    172.316    14.5366    38.6998    28.9318 0.0000e+00
    175.000    14.5633     0.1838    98.4190 1.0000e-12 1.6235e+00    172.205    14.5366    38.7008    28.9326 0.0000e+00
    176.000    14.5636     0.1819    98.4260 1.0000e-12 2.3350e+00    172.640    14.5367    38.7016    28.9331 0.0000e+00
    177.000    14.5634     0.1815    98.4274 1.0000e-12 2.3973e+00    172.271    14.5364    38.7019    28.9334 0.0000e+00
    178.000    14.5654     0.1795    98.4254 1.0000e-12 2.5369e+00    172.191    14.5381    38.7033    28.9342 0.0000e+00
    179.000    14.5681     0.1785    98.4253 1.0000e-12 1.9754e+00    172.470    14.5407    38.7057    28.9354 0.0000e+00
    180.000    14.5639     0.1807    98.4248 1.0000e-12 2.8548e+00    171.950    14.5363    38.7053    28.9361 0.0000e+00
    181.000    14.5569     0.1888    98.4302 1.0000e-12 1.6304e+00    172.420    14.5292    38.7047    28.9372 0.0000e+00
    182.000    14.5677     0.1828    98.4203 1.0000e-12 2.8781e+00    172.390    14.5398    38.7124    28.9408 0.0000e+00
    183.000    14.5713     0.1796    98.4290 1.0000e-12 3.5583e+00    172.363    14.5432    38.7152    28.9422 0.0000e+00
    184.000    14.5717     0.1807    98.4400 1.0000e-12 1.9088e+00    172.766    14.5435    38.7178    28.9441 0.0000e+00
    185.000    14.5669     0.1837    98.4343 1.0000e-12 2.2969e+00    172.433    14.5386    38.7177    28.9452 0.0000e+00
    186.000    14.5643     0.1811    98.4385 1.0000e-12 2.7763e+00    172.216    14.5359    38.7171    28.9453 0.0000e+00
    187.000    14.5486     0.1791    98.4418 1.0000e-12 2.4071e+00    171.640    14.5200    38.7136    28.9462 0.0000e+00
    188.000    14.5315     0.1728 -9.990e-29 1.0000e-12 3.2069e+00    171.829    14.5027    38.7116    28.9484 0.0000e+00
    189.000    14.5261     0.1812    98.4476 1.0000e-12 1.8205e+00    171.315    14.4972    38.7114    28.9495 0.0000e+00
    190.000    14.5169     0.1805    98.4457 1.0000e-12 3.0828e+00    172.069    14.4878    38.7126    28.9525 0.0000e+00
    191.000    14.5110     0.1779    98.4533 1.0000e-12 3.0134e+00    171.664    14.4818    38.7145    28.9553 0.0000e+00
    192.000    14.5033     0.1792    98.4584 1.0000e-12 2.1847e+00    171.383    14.4740    38.7166    28.9587 0.0000e+00
    193.000    14.4977     0.1794    98.4717 -9.990e-29 2.3770e+00    171.286    14.4683    38.7178    28.9609 0.0000e+00
    194.000    14.4952     0.1734    98.4692 1.0000e-12 2.2993e+00    170.993    14.4656    38.7186    28.9621 0.0000e+00
    195.000    14.4970     0.1810    98.4616 1.0000e-12 2.4193e+00    171.803    14.4672    38.7212    28.9637 0.0000e+00
    196.000    14.4985     0.1796    98.4743 1.0000e-12 2.7347e+00    170.813    14.4686    38.7224    28.9644 0.0000e+00
    197.000    14.4990     0.1833    98.4705 1.0000e-12 2.8547e+00    170.880    14.4689    38.7245    28.9659 0.0000e+00
    198.000    14.4968     0.1832    98.4743 1.0000e-12 2.9802e+00    171.194    14.4666    38.7252    28.9670 0.0000e+00
    199.000    14.4928     0.1795    98.4685 1.0000e-12 2.4383e+00    170.940    14.4624    38.7254    28.9680 0.0000e+00
    200.000    14.4909     0.1773    98.4794 1.0000e-12 3.0908e+00    170.625    14.4604    38.7258    28.9688 0.0000e+00
    201.000    14.4903     0.1714    98.4800 1.0000e-12 3.0527e+00    170.999    14.4596    38.7262    28.9692 0.0000e+00
    202.000    14.4902     0.1767    98.4832 1.0000e-12 1.9651e+00    171.038    14.4594    38.7265    28.9696 0.0000e+00
    203.000    14.4908     0.1812    98.4796 -9.990e-29 1.5366e+00    171.292    14.4598    38.7270    28.9699 0.0000e+00
