Data/ruptures/PEACETIME/TYR/PEACETIME_TYR_CTD_020.cnv
* Sea-Bird SBE 9 Data File:
* FileName = C:\CTD\rawCTD\PEACETIME_TYR_CTD_020.hdr
* Software Version Seasave V 7.23.2
* Temperature SN = 1378
* Conductivity SN = 2929
* Number of Bytes Per Scan = 34
* Number of Voltage Words = 5
* Number of Scans Averaged by the Deck Unit = 1
* NMEA Latitude = 39 20.39 N
* NMEA Longitude = 012 35.57 E
* NMEA UTC (Time) = May 18 2017  08:56:44
* NMEA baud rate = 4800
** Cruise:   PEACETIME
** Station:   TYR_CTD_020
# nquan = 11
# nvalues = 3000                        
# units = specified
# name 0 = prDM: Pressure, Digiquartz [db]
# name 1 = t090C: Temperature [ITS-90, deg C]
# name 2 = flC: Fluorescence, Chelsea Aqua 3 Chl Con [ug/l]
# name 3 = CStarTr0: Beam Transmission, WET Labs C-Star [%]
# name 4 = par: PAR/Irradiance, Biospherical/Licor
# name 5 = spar: SPAR/Surface Irradiance
# name 6 = sbeox0Mm/Kg: Oxygen, SBE 43 [umol/kg]
# name 7 = potemp090C: Potential Temperature [ITS-90, deg C]
# name 8 = sal00: Salinity, Practical [PSU]
# name 9 = sigma-é00: Density [sigma-theta, kg/m^3]
# name 10 = flag:
# span 0 =      1.000,   3000.000       
# span 1 =    13.3976,    19.4807       
# span 2 =     0.1694,     0.3872       
# span 3 =    96.6562,    98.7621       
# span 4 = -7.654e-08, 1.4141e+03       
# span 5 = 2.2906e+03, 2.3145e+03       
# span 6 =    164.376,    239.010       
# span 7 =    12.9803,    19.4805       
# span 8 =    37.9782,    38.8233       
# span 9 =    27.1867,    29.1131       
# span 10 = 0.0000e+00, 0.0000e+00      
# interval = decibars: 1                
# start_time = May 18 2017 08:56:44 [NMEA time, header]
# bad_flag = -9.990e-29
*END*
[from data line 1181]
   1182.000    13.5389     0.1855 -9.990e-29 1.0000e-12 2.3051e+03    167.809    13.3607    38.6028    29.1116 0.0000e+00
   1183.000    13.5389     0.1846 -9.990e-29 1.0000e-12 2.3056e+03    167.934    13.3606    38.6028    29.1116 0.0000e+00
   1184.000    13.5391     0.1822 -9.990e-29 1.0000e-12 2.3034e+03    168.095    13.3606    38.6029    29.1117 0.0000e+00
   1185.000    13.5393     0.1793 -9.990e-29 1.0000e-12 2.3023e+03    168.222    13.3606    38.6028    29.1117 0.0000e+00
   1186.000    13.5393     0.1838 -9.990e-29 1.0000e-12 2.3078e+03    168.237    13.3606    38.6028    29.1116 0.0000e+00
   1187.000    13.5396     0.1842 -9.990e-29 1.0000e-12 2.3044e+03    167.904    13.3606    38.6028    29.1116 0.0000e+00
   1188.000    13.5397     0.1814 -9.990e-29 1.0000e-12 2.3008e+03    168.210    13.3606    38.6028    29.1116 0.0000e+00
   1189.000    13.5398     0.1793 -9.990e-29 1.0000e-12 2.3023e+03    168.353    13.3605    38.6028    29.1117 0.0000e+00
   1190.000    13.5399     0.1806 -9.990e-29 1.0000e-12 2.3058e+03    168.072    13.3605    38.6028    29.1117 0.0000e+00
   1191.000    13.5399     0.1780 -9.990e-29 1.0000e-12 2.3037e+03    167.917    13.3604    38.6026    29.1116 0.0000e+00
   1192.000    13.5402     0.1757    98.7315 1.0000e-12 2.3063e+03    168.022    13.3605    38.6029    29.1118 0.0000e+00
   1193.000    13.5406     0.1790    98.7296 1.0000e-12 2.3037e+03    167.963    13.3607    38.6028    29.1116 0.0000e+00
   1194.000    13.5407     0.1799    98.7316 1.0000e-12 2.3025e+03    168.053    13.3607    38.6028    29.1116 0.0000e+00
   1195.000    13.5409     0.1770    98.7231 1.0000e-12 2.3042e+03    167.942    13.3607    38.6029    29.1117 0.0000e+00
   1196.000    13.5412     0.1781    98.7338 1.0000e-12 2.3036e+03    168.028    13.3609    38.6028    29.1116 0.0000e+00
   1197.000    13.5415     0.1779 -9.990e-29 1.0000e-12 2.3024e+03    168.266    13.3610    38.6028    29.1116 0.0000e+00
   1198.000    13.5416     0.1797 -9.990e-29 1.0000e-12 2.3050e+03    168.399    13.3609    38.6030    29.1117 0.0000e+00
   1199.000    13.5418     0.1834 -9.990e-29 1.0000e-12 2.3015e+03    168.188    13.3609    38.6029    29.1116 0.0000e+00
   1200.000    13.5419     0.1788 -9.990e-29 1.0000e-12 2.3021e+03    167.711    13.3609    38.6030    29.1117 0.0000e+00
   1201.000    13.5420     0.1776 -9.990e-29 1.0000e-12 2.3053e+03    167.446    13.3609    38.6029    29.1117 0.0000e+00
   1202.000    13.5422     0.1836 -9.990e-29 1.0000e-12 2.3052e+03    168.003    13.3609    38.6029    29.1116 0.0000e+00
   1203.000    13.5422     0.1867 -9.990e-29 1.0000e-12 2.3085e+03    168.426    13.3608    38.6028    29.1116 0.0000e+00
   1204.000    13.5422     0.1890 -9.990e-29 1.0000e-12 2.3000e+03    168.064    13.3606    38.6027    29.1116 0.0000e+00
   1205.000    13.5423     0.1829 -9.990e-29 1.0000e-12 2.3022e+03    167.934    13.3605    38.6028    29.1117 0.0000e+00
   1206.000    13.5423     0.1869 -9.990e-29 1.0000e-12 2.3071e+03    167.686    13.3604    38.6029    29.1117 0.0000e+00
   1207.000    13.5424     0.1861 -9.990e-29 1.0000e-12 2.3061e+03    167.598    13.3603    38.6026    29.1115 0.0000e+00
   1208.000    13.5424     0.1864    98.7338 1.0000e-12 2.3043e+03    167.485    13.3601    38.6026    29.1116 0.0000e+00
   1209.000    13.5425     0.1833    98.7338 1.0000e-12 2.3096e+03    168.024    13.3601    38.6026    29.1116 0.0000e+00
   1210.000    13.5425     0.1844    98.7338 1.0000e-12 2.3048e+03    168.210    13.3600    38.6027    29.1117 0.0000e+00
   1211.000    13.5428     0.1808    98.7338 1.0000e-12 2.3039e+03    168.180    13.3601    38.6025    29.1115 0.0000e+00
   1212.000    13.5428     0.1766    98.7338 1.0000e-12 2.3071e+03    168.141    13.3600    38.6025    29.1115 0.0000e+00
   1213.000    13.5429     0.1811    98.7338 1.0000e-12 2.3078e+03    167.883    13.3599    38.6024    29.1115 0.0000e+00
   1214.000    13.5431     0.1852    98.7338 1.0000e-12 2.3079e+03    167.846    13.3599    38.6025    29.1116 0.0000e+00
   1215.000    13.5431     0.1855    98.7338 1.0000e-12 2.3082e+03    168.068    13.3598    38.6024    29.1115 0.0000e+00
   1216.000    13.5432     0.1816    98.7338 1.0000e-12 2.3035e+03    168.118    13.3597    38.6026    29.1116 0.0000e+00
   1217.000    13.5434     0.1833    98.7338 1.0000e-12 2.3077e+03    168.078    13.3597    38.6025    29.1116 0.0000e+00
   1218.000    13.5436     0.1840    98.7338 1.0000e-12 2.3064e+03    167.958    13.3598    38.6025    29.1116 0.0000e+00
   1219.000    13.5437     0.1867    98.7338 1.0000e-12 2.3094e+03    168.091    13.3597    38.6026    29.1117 0.0000e+00
   1220.000    13.5438     0.1861    98.7338 1.0000e-12 2.3054e+03    168.393    13.3597    38.6025    29.1116 0.0000e+00
   1221.000    13.5446     0.1872 -9.990e-29 1.0000e-12 2.3047e+03    168.109    13.3603    38.6027    29.1117 0.0000e+00
   1222.000    13.5444     0.1886 -9.990e-29 1.0000e-12 2.3055e+03    167.946    13.3599    38.6026    29.1117 0.0000e+00
   1223.000    13.5445     0.1901 -9.990e-29 1.0000e-12 2.3063e+03    168.119    13.3599    38.6024    29.1115 0.0000e+00
   1224.000    13.5448     0.1874 -9.990e-29 1.0000e-12 2.3042e+03    167.827    13.3601    38.6026    29.1116 0.0000e+00
   1225.000    13.5448     0.1825 -9.990e-29 1.0000e-12 2.3081e+03    167.933    13.3599    38.6026    29.1117 0.0000e+00
   1226.000    13.5448     0.1850 -9.990e-29 1.0000e-12 2.3011e+03    168.203    13.3597    38.6025    29.1116 0.0000e+00
   1227.000    13.5453     0.1817 -9.990e-29 1.0000e-12 2.3108e+03    168.098    13.3601    38.6027    29.1117 0.0000e+00
   1228.000    13.5460     0.1771    98.7338 1.0000e-12 2.3084e+03    167.567    13.3606    38.6028    29.1116 0.0000e+00
   1229.000    13.5465     0.1811    98.7327 1.0000e-12 2.3054e+03    167.531    13.3609    38.6027    29.1115 0.0000e+00
   1230.000    13.5467     0.1870    98.7218 1.0000e-12 2.3059e+03    167.646    13.3609    38.6028    29.1116 0.0000e+00
   1231.000    13.5468     0.1859    98.7244 1.0000e-12 2.3012e+03    168.036    13.3609    38.6029    29.1116 0.0000e+00
   1232.000    13.5469     0.1764    98.7316 1.0000e-12 2.3056e+03    168.151    13.3609    38.6030    29.1117 0.0000e+00
   1233.000    13.5471     0.1779    98.7295 1.0000e-12 2.3067e+03    167.779    13.3609    38.6029    29.1117 0.0000e+00
   1234.000    13.5470     0.1820    98.7262 1.0000e-12 2.3035e+03    167.932    13.3607    38.6028    29.1116 0.0000e+00
   1235.000    13.5464     0.1801    98.7276 1.0000e-12 2.3026e+03    168.128    13.3599    38.6026    29.1117 0.0000e+00
   1236.000    13.5466     0.1809    98.7307 1.0000e-12 2.3032e+03    168.146    13.3600    38.6026    29.1116 0.0000e+00
   1237.000    13.5467     0.1857    98.7241 1.0000e-12 2.3053e+03    168.204    13.3598    38.6027    29.1118 0.0000e+00
   1238.000    13.5465     0.1887    98.7294 1.0000e-12 2.3071e+03    167.977    13.3595    38.6025    29.1116 0.0000e+00
   1239.000    13.5466     0.1888    98.7295 1.0000e-12 2.3081e+03    167.848    13.3595    38.6025    29.1116 0.0000e+00
   1240.000    13.5467     0.1845    98.7273 1.0000e-12 2.3070e+03    167.955    13.3594    38.6023    29.1115 0.0000e+00
   1241.000    13.5467     0.1792    98.7286 1.0000e-12 2.3048e+03    167.802    13.3592    38.6023    29.1115 0.0000e+00
   1242.000    13.5466     0.1782    98.7174 1.0000e-12 2.3036e+03    167.820    13.3590    38.6023    29.1116 0.0000e+00
   1243.000    13.5463     0.1727    98.7230 1.0000e-12 2.3071e+03    168.068    13.3586    38.6021    29.1115 0.0000e+00
   1244.000    13.5462     0.1770    98.7307 1.0000e-12 2.3078e+03    167.995    13.3583    38.6020    29.1115 0.0000e+00
   1245.000    13.5459     0.1771    98.7338 1.0000e-12 2.3076e+03    168.092    13.3578    38.6020    29.1116 0.0000e+00
   1246.000    13.5460     0.1751 -9.990e-29 1.0000e-12 2.3055e+03    168.335    13.3578    38.6020    29.1116 0.0000e+00
   1247.000    13.5467     0.1781 -9.990e-29 1.0000e-12 2.3009e+03    168.147    13.3583    38.6022    29.1117 0.0000e+00
   1248.000    13.5477     0.1801 -9.990e-29 1.0000e-12 2.3062e+03    167.510    13.3592    38.6024    29.1116 0.0000e+00
   1249.000    13.5480     0.1815    98.7245 1.0000e-12 2.3073e+03    167.461    13.3593    38.6024    29.1116 0.0000e+00
   1250.000    13.5479     0.1835    98.7316 1.0000e-12 2.3012e+03    167.547    13.3590    38.6024    29.1117 0.0000e+00
   1251.000    13.5478     0.1855    98.7284 1.0000e-12 2.3051e+03    167.792    13.3587    38.6024    29.1117 0.0000e+00
   1252.000    13.5482     0.1837    98.7316 1.0000e-12 2.3090e+03    167.805    13.3590    38.6023    29.1116 0.0000e+00
   1253.000    13.5432     0.1845    98.7208 1.0000e-12 2.3052e+03    168.096    13.3539    38.6009    29.1116 0.0000e+00
   1254.000    13.5358     0.1857 -9.990e-29 1.0000e-12 2.3055e+03    167.959    13.3464    38.5987    29.1115 0.0000e+00
   1255.000    13.5212     0.1872 -9.990e-29 1.0000e-12 2.3045e+03    167.903    13.3318    38.5954    29.1119 0.0000e+00
   1256.000    13.5138     0.1897 -9.990e-29 1.0000e-12 2.3066e+03    167.893    13.3243    38.5933    29.1120 0.0000e+00
   1257.000    13.5065     0.1863 -9.990e-29 1.0000e-12 2.3047e+03    167.930    13.3169    38.5914    29.1120 0.0000e+00
   1258.000    13.5044     0.1815 -9.990e-29 1.0000e-12 2.3065e+03    167.997    13.3147    38.5910    29.1122 0.0000e+00
   1259.000    13.5033     0.1821 -9.990e-29 1.0000e-12 2.3070e+03    168.194    13.3134    38.5908    29.1123 0.0000e+00
   1260.000    13.5037     0.1830 -9.990e-29 1.0000e-12 2.3047e+03    168.759    13.3136    38.5908    29.1122 0.0000e+00
   1261.000    13.5041     0.1789 -9.990e-29 1.0000e-12 2.3063e+03    168.963    13.3139    38.5909    29.1123 0.0000e+00
   1262.000    13.5039     0.1813 -9.990e-29 1.0000e-12 2.3083e+03    168.544    13.3136    38.5909    29.1123 0.0000e+00
   1263.000    13.5042     0.1795 -9.990e-29 1.0000e-12 2.3015e+03    168.608    13.3136    38.5910    29.1124 0.0000e+00
   1264.000    13.5045     0.1834 -9.990e-29 1.0000e-12 2.3022e+03    168.538    13.3138    38.5908    29.1122 0.0000e+00
   1265.000    13.5049     0.1816 -9.990e-29 1.0000e-12 2.3055e+03    168.618    13.3140    38.5911    29.1124 0.0000e+00
   1266.000    13.5044     0.1790 -9.990e-29 1.0000e-12 2.3065e+03    168.566    13.3134    38.5908    29.1123 0.0000e+00
   1267.000    13.5010     0.1774 -9.990e-29 1.0000e-12 2.3018e+03    168.359    13.3099    38.5897    29.1122 0.0000e+00
   1268.000    13.4911     0.1822 -9.990e-29 1.0000e-12 2.3017e+03    168.166    13.2999    38.5873    29.1124 0.0000e+00
   1269.000    13.4850     0.1879 -9.990e-29 1.0000e-12 2.3059e+03    168.393    13.2937    38.5858    29.1126 0.0000e+00
   1270.000    13.4831     0.1846 -9.990e-29 1.0000e-12 2.3019e+03    168.690    13.2916    38.5852    29.1126 0.0000e+00
   1271.000    13.4827     0.1846 -9.990e-29 1.0000e-12 2.3046e+03    169.106    13.2911    38.5850    29.1125 0.0000e+00
   1272.000    13.4828     0.1885 -9.990e-29 1.0000e-12 2.3045e+03    169.253    13.2911    38.5851    29.1126 0.0000e+00
   1273.000    13.4833     0.1853 -9.990e-29 1.0000e-12 2.3066e+03    169.044    13.2914    38.5851    29.1126 0.0000e+00
   1274.000    13.4818     0.1834    98.7338 1.0000e-12 2.3003e+03    168.917    13.2897    38.5847    29.1125 0.0000e+00
   1275.000    13.4786     0.1844    98.7338 1.0000e-12 2.3060e+03    168.862    13.2864    38.5837    29.1124 0.0000e+00
   1276.000    13.4755     0.1792    98.7338 1.0000e-12 2.3066e+03    168.697    13.2832    38.5827    29.1124 0.0000e+00
   1277.000    13.4717     0.1834    98.7338 1.0000e-12 2.3023e+03    168.624    13.2793    38.5818    29.1125 0.0000e+00
   1278.000    13.4699     0.1838    98.7338 1.0000e-12 2.3061e+03    168.793    13.2773    38.5814    29.1126 0.0000e+00
   1279.000    13.4698     0.1816 -9.990e-29 1.0000e-12 2.3034e+03    169.073    13.2771    38.5813    29.1126 0.0000e+00
   1280.000    13.4689     0.1754 -9.990e-29 1.0000e-12 2.3017e+03    169.149    13.2760    38.5808    29.1124 0.0000e+00
   1281.000    13.4682     0.1787 -9.990e-29 1.0000e-12 2.3064e+03    168.914    13.2751    38.5806    29.1124 0.0000e+00
   1282.000    13.4683     0.1809 -9.990e-29 1.0000e-12 2.3049e+03    168.370    13.2751    38.5807    29.1125 0.0000e+00
   1283.000    13.4687     0.1767 -9.990e-29 1.0000e-12 2.3071e+03    168.576    13.2753    38.5807    29.1125 0.0000e+00
   1284.000    13.4686     0.1780 -9.990e-29 1.0000e-12 2.3053e+03    169.064    13.2751    38.5807    29.1125 0.0000e+00
   1285.000    13.4685     0.1813 -9.990e-29 1.0000e-12 2.3035e+03    169.023    13.2749    38.5806    29.1125 0.0000e+00
   1286.000    13.4690     0.1819 -9.990e-29 1.0000e-12 2.3071e+03    168.910    13.2752    38.5807    29.1126 0.0000e+00
   1287.000    13.4691     0.1813 -9.990e-29 1.0000e-12 2.3116e+03    168.675    13.2751    38.5808    29.1126 0.0000e+00
   1288.000    13.4692     0.1774 -9.990e-29 1.0000e-12 2.3049e+03    168.635    13.2751    38.5807    29.1125 0.0000e+00
   1289.000    13.4574     0.1824 -9.990e-29 1.0000e-12 2.3069e+03    168.816    13.2632    38.5772    29.1123 0.0000e+00
   1290.000    13.4510     0.1826    98.7435 1.0000e-12 2.3035e+03    168.955    13.2567    38.5758    29.1126 0.0000e+00
   1291.000    13.4505     0.1872    98.7414 1.0000e-12 2.3051e+03    168.925    13.2560    38.5756    29.1126 0.0000e+00
   1292.000    13.4508     0.1853    98.7392 1.0000e-12 2.3099e+03    169.113    13.2562    38.5756    29.1126 0.0000e+00
   1293.000    13.4509     0.1833    98.7381 1.0000e-12 2.3056e+03    169.278    13.2561    38.5756    29.1126 0.0000e+00
   1294.000    13.4510     0.1841    98.7338 1.0000e-12 2.3005e+03    169.286    13.2561    38.5757    29.1126 0.0000e+00
   1295.000    13.4513     0.1830    98.7436 1.0000e-12 2.3041e+03    169.330    13.2562    38.5758    29.1127 0.0000e+00
   1296.000    13.4513     0.1780    98.7425 1.0000e-12 2.3044e+03    169.115    13.2561    38.5756    29.1126 0.0000e+00
   1297.000    13.4514     0.1783    98.7411 1.0000e-12 2.3039e+03    169.121    13.2560    38.5757    29.1126 0.0000e+00
   1298.000    13.4516     0.1822    98.7446 1.0000e-12 2.3065e+03    168.848    13.2561    38.5758    29.1128 0.0000e+00
   1299.000    13.4522     0.1864    98.7436 1.0000e-12 2.3042e+03    169.100    13.2565    38.5758    29.1127 0.0000e+00
   1300.000    13.4520     0.1896    98.7414 1.0000e-12 2.3013e+03    169.578    13.2561    38.5758    29.1127 0.0000e+00
   1301.000    13.4521     0.1875    98.7390 1.0000e-12 2.3026e+03    169.286    13.2561    38.5757    29.1127 0.0000e+00
   1302.000    13.4516     0.1859    98.7456 1.0000e-12 2.3073e+03    168.581    13.2555    38.5755    29.1126 0.0000e+00
   1303.000    13.4489     0.1836    98.7360 1.0000e-12 2.3050e+03    168.769    13.2526    38.5746    29.1125 0.0000e+00
   1304.000    13.4447     0.1818    98.7481 1.0000e-12 2.3084e+03    169.276    13.2483    38.5735    29.1126 0.0000e+00
   1305.000    13.4407     0.1841    98.7484 1.0000e-12 2.2976e+03    169.329    13.2441    38.5725    29.1127 0.0000e+00
   1306.000    13.4377     0.1794    98.7446 1.0000e-12 2.3031e+03    169.473    13.2410    38.5717    29.1127 0.0000e+00
   1307.000    13.4358     0.1818    98.7442 1.0000e-12 2.3040e+03    169.529    13.2390    38.5710    29.1126 0.0000e+00
   1308.000    13.4336     0.1818    98.7494 1.0000e-12 2.3015e+03    169.493    13.2367    38.5705    29.1127 0.0000e+00
   1309.000    13.4331     0.1803    98.7479 1.0000e-12 2.3046e+03    169.243    13.2360    38.5704    29.1127 0.0000e+00
   1310.000    13.4309     0.1818    98.7500 1.0000e-12 2.3016e+03    169.588    13.2336    38.5697    29.1127 0.0000e+00
   1311.000    13.4244     0.1835    98.7572 1.0000e-12 2.3081e+03    169.824    13.2271    38.5681    29.1129 0.0000e+00
