Data/ruptures/PEACETIME/TYR/PEACETIME_TYR_CTD_018.cnv
* Sea-Bird SBE 9 Data File:
* FileName = C:\CTD\rawCTD\PEACETIME_TYR_CTD_018.hdr
* Software Version Seasave V 7.23.2
* Temperature SN = 1378
* Conductivity SN = 2929
* Number of Bytes Per Scan = 34
* Number of Voltage Words = 5
* Number of Scans Averaged by the Deck Unit = 1
* NMEA Latitude = 39 20.39 N
* NMEA Longitude = 012 35.57 E
* NMEA UTC (Time) = May 18 2017  02:57:11
* NMEA baud rate = 4800
** Cruise:   PEACETIME
** Station:   TYR_CTD_018
# nquan = 11
# nvalues = 501                         
# units = specified
# name 0 = prDM: Pressure, Digiquartz [db]
# name 1 = t090C: Temperature [ITS-90, deg C]
# name 2 = flC: Fluorescence, Chelsea Aqua 3 Chl Con [ug/l]
# name 3 = CStarTr0: Beam Transmission, WET Labs C-Star [%]
# name 4 = par: PAR/Irradiance, Biospherical/Licor
# name 5 = spar: SPAR/Surface Irradiance
# name 6 = sbeox0Mm/Kg: Oxygen, SBE 43 [umol/kg]
# name 7 = potemp090C: Potential Temperature [ITS-90, deg C]
# name 8 = sal00: Salinity, Practical [PSU]
# name 9 = sigma-é00: Density [sigma-theta, kg/m^3]
# name 10 = flag:
# span 0 =      1.000,    501.000       
# span 1 =    14.2100,    20.6623       
# span 2 =     0.1795,     0.3329       
# span 3 =    96.1567,    98.6829       
# span 4 = -4.061e-07, 1.2410e-01       
# span 5 = 1.4847e+00, 5.1742e+00       
# span 6 =    166.192,    239.384       
# span 7 =    14.1340,    20.6617       
# span 8 =    37.9171,    38.8255       
# span 9 =    26.8110,    29.0839       
# span 10 = 0.0000e+00, 0.0000e+00      
# interval = decibars: 1                
# start_time = May 18 2017 02:57:11 [NMEA time, header]
# bad_flag = -9.990e-29
*END*
      1.000    20.5972     0.2089    96.9700 1.2410e-01 4.4693e+00    215.097    20.5970    37.9200    26.8295 0.0000e+00
      2.000    20.5704     0.2089    97.0169 9.2399e-02 2.0785e+00    215.573    20.5700    37.9242    26.8400 0.0000e+00
      3.000    20.6623     0.2090    97.0168 6.3034e-02 3.0724e+00    215.538    20.6617    37.9190    26.8110 0.0000e+00
      4.000    20.6446     0.2121    97.0118 3.3826e-02 3.7270e+00    214.958    20.6439    37.9171    26.8145 0.0000e+00
      5.000    20.4842     0.2177    97.0131 2.0964e-02 4.0492e+00    215.291    20.4832    37.9282    26.8667 0.0000e+00
      6.000    20.3307     0.2100    97.0311 6.9028e-03 2.8807e+00    215.911    20.3295    37.9357    26.9142 0.0000e+00
      7.000    20.0535     0.2042    97.0416 9.3732e-03 3.4613e+00    214.244    20.0522    37.9298    26.9843 0.0000e+00
      8.000    19.3979     0.2024    96.9821 8.3735e-04 3.5604e+00    218.228    19.3964    37.9685    27.1884 0.0000e+00
      9.000    19.1167     0.2026    96.8828 8.6947e-04 3.5082e+00    221.149    19.1151    37.9919    27.2800 0.0000e+00
     10.000    18.9887     0.1997    96.8835 8.3476e-07 3.0580e+00    222.341    18.9869    37.9972    27.3174 0.0000e+00
     11.000    18.8392     0.2055    96.8837 1.0000e-12 4.9414e+00    224.255    18.8372    37.9917    27.3520 0.0000e+00
     12.000    18.7695     0.2024    96.9069 1.0000e-12 2.5981e+00    225.269    18.7673    37.9920    27.3703 0.0000e+00
     13.000    18.7280     0.2125    96.9098 1.0000e-12 2.8358e+00    224.952    18.7257    37.9950    27.3833 0.0000e+00
     14.000    18.6850     0.2077    96.9949 1.0000e-12 3.4259e+00    225.832    18.6825    37.9975    27.3964 0.0000e+00
     15.000    18.6223     0.2010    97.0788 1.0000e-12 2.8587e+00    226.198    18.6196    37.9954    27.4109 0.0000e+00
     16.000    18.5533     0.2005    97.1345 1.0000e-12 3.7501e+00    225.864    18.5505    38.0141    27.4430 0.0000e+00
     17.000    18.3485     0.1971    97.1824 1.0000e-12 3.3139e+00    226.243    18.3455    37.9856    27.4735 0.0000e+00
     18.000    18.2318     0.1909    97.1889 1.0000e-12 1.8814e+00    227.857    18.2286    37.9793    27.4983 0.0000e+00
     19.000    18.2390     0.1959    97.2189 1.0000e-12 2.5552e+00    227.864    18.2357    38.0214    27.5288 0.0000e+00
     20.000    18.2518     0.1983    97.2573 1.0000e-12 3.0589e+00    227.096    18.2483    38.0735    27.5656 0.0000e+00
     21.000    18.1637     0.2045    97.2695 1.0000e-12 2.3190e+00    226.422    18.1600    38.0713    27.5862 0.0000e+00
     22.000    17.9366     0.2024    97.2850 1.0000e-12 3.3435e+00    227.615    17.9328    38.0456    27.6237 0.0000e+00
     23.000    17.7555     0.2033    97.2953 1.0000e-12 2.6408e+00    227.172    17.7515    38.0388    27.6639 0.0000e+00
     24.000    17.2833     0.1988    97.2960 1.0000e-12 2.2611e+00    229.316    17.2792    38.0060    27.7554 0.0000e+00
     25.000    16.9935     0.2042    97.2830 1.0000e-12 3.2855e+00    231.788    16.9893    37.9752    27.8026 0.0000e+00
     26.000    16.8228     0.2088    97.2607 1.0000e-12 2.2075e+00    233.693    16.8185    37.9678    27.8382 0.0000e+00
     27.000    16.7432     0.2092    97.2483 1.0000e-12 2.8965e+00    234.696    16.7387    37.9707    27.8596 0.0000e+00
     28.000    16.6613     0.2060    97.2244 1.0000e-12 3.1582e+00    234.257    16.6567    37.9711    27.8796 0.0000e+00
     29.000    16.3796     0.2069    97.1750 1.0000e-12 4.0977e+00    235.544    16.3748    37.9526    27.9327 0.0000e+00
     30.000    16.2955     0.2054    97.1569 1.0000e-12 3.3510e+00    237.160    16.2906    37.9502    27.9508 0.0000e+00
     31.000    16.2757     0.2024    97.1383 1.0000e-12 3.6110e+00    237.760    16.2707    37.9536    27.9581 0.0000e+00
     32.000    16.2627     0.2078    97.1452 1.0000e-12 2.6196e+00    237.484    16.2575    37.9540    27.9615 0.0000e+00
     33.000    16.1526     0.2060    97.1378 1.0000e-12 3.7411e+00    236.540    16.1473    37.9494    27.9840 0.0000e+00
     34.000    15.9951     0.2070    97.1095 1.0000e-12 3.6337e+00    236.038    15.9896    37.9549    28.0253 0.0000e+00
     35.000    15.8231     0.2071    97.1197 1.0000e-12 2.9473e+00    236.411    15.8175    37.9670    28.0747 0.0000e+00
     36.000    15.7298     0.2022    96.9986 1.0000e-12 2.7201e+00    237.643    15.7241    38.0062    28.1266 0.0000e+00
     37.000    15.6709     0.2070    97.0236 1.0000e-12 3.3520e+00    237.372    15.6650    38.0211    28.1517 0.0000e+00
     38.000    15.5151     0.2143    96.9688 1.0000e-12 3.0471e+00    237.150    15.5091    38.0158    28.1836 0.0000e+00
     39.000    15.4734     0.2134    96.9025 1.0000e-12 3.3182e+00    238.840    15.4672    38.0618    28.2287 0.0000e+00
     40.000    15.4838     0.2152    96.8918 1.0000e-12 3.0225e+00    238.904    15.4775    38.1094    28.2631 0.0000e+00
     41.000    15.4176     0.2306    96.8468 1.0000e-12 3.0480e+00    239.242    15.4111    38.1121    28.2804 0.0000e+00
     42.000    15.3913     0.2275    96.8505 1.0000e-12 2.2215e+00    239.384    15.3846    38.1156    28.2891 0.0000e+00
     43.000    15.3523     0.2215    96.8663 -9.990e-29 2.8814e+00    239.331    15.3455    38.1193    28.3009 0.0000e+00
     44.000    15.3201     0.2264    96.8913 1.0000e-12 2.6218e+00    238.646    15.3132    38.1234    28.3114 0.0000e+00
     45.000    15.2663     0.2252    96.8866 1.0000e-12 2.3664e+00    237.747    15.2593    38.1292    28.3283 0.0000e+00
     46.000    15.2236     0.2250    96.8349 1.0000e-12 3.5147e+00    237.865    15.2164    38.1358    28.3431 0.0000e+00
     47.000    15.2052     0.2301    96.8088 1.0000e-12 4.3808e+00    238.177    15.1978    38.1431    28.3529 0.0000e+00
     48.000    15.1934     0.2269    96.8567 1.0000e-12 2.6257e+00    237.784    15.1859    38.1553    28.3651 0.0000e+00
     49.000    15.1610     0.2287    96.9017 1.0000e-12 3.5307e+00    236.518    15.1534    38.1598    28.3759 0.0000e+00
     50.000    15.1230     0.2248    96.9053 1.0000e-12 2.3116e+00    236.431    15.1153    38.1673    28.3904 0.0000e+00
     51.000    15.1066     0.2326    96.9998 1.0000e-12 3.3358e+00    235.384    15.0986    38.1848    28.4077 0.0000e+00
     52.000    15.0405     0.2319    96.9621 1.0000e-12 3.0059e+00    235.796    15.0325    38.1925    28.4286 0.0000e+00
     53.000    15.0101     0.2348    96.9305 1.0000e-12 2.6355e+00    236.426    15.0019    38.2090    28.4482 0.0000e+00
     54.000    14.9526     0.2411    96.8967 1.0000e-12 2.9144e+00    234.766    14.9443    38.2070    28.4596 0.0000e+00
     55.000    14.8753     0.2516    96.7501 1.0000e-12 2.9969e+00    233.983    14.8669    38.1995    28.4712 0.0000e+00
     56.000    14.8500     0.2648    96.5773 1.0000e-12 2.4237e+00    233.660    14.8414    38.2010    28.4781 0.0000e+00
     57.000    14.8302     0.2683    96.4045 1.0000e-12 3.6047e+00    233.406    14.8214    38.2144    28.4929 0.0000e+00
     58.000    14.8217     0.2915    96.1959 1.0000e-12 3.0522e+00    233.650    14.8128    38.2255    28.5034 0.0000e+00
     59.000    14.8292     0.2924    96.2644 1.0000e-12 3.3820e+00    234.978    14.8201    38.2353    28.5094 0.0000e+00
     60.000    14.8253     0.2871    96.3066 1.0000e-12 3.2501e+00    233.509    14.8161    38.2373    28.5118 0.0000e+00
     61.000    14.8186     0.2925    96.3383 1.0000e-12 3.3182e+00    232.783    14.8092    38.2421    28.5171 0.0000e+00
     62.000    14.8129     0.2978    96.3224 1.0000e-12 2.2318e+00    229.996    14.8033    38.2450    28.5206 0.0000e+00
     63.000    14.8015     0.3181    96.1567 1.0000e-12 3.4194e+00    224.746    14.7918    38.2546    28.5307 0.0000e+00
     64.000    14.8072     0.3157    96.5799 1.0000e-12 3.2531e+00    224.336    14.7973    38.2670    28.5390 0.0000e+00
     65.000    14.7904     0.2873    96.7973 1.0000e-12 2.4705e+00    223.976    14.7804    38.2689    28.5442 0.0000e+00
     66.000    14.7797     0.2871    96.8053 1.0000e-12 2.6998e+00    224.048    14.7695    38.2692    28.5469 0.0000e+00
     67.000    14.7665     0.2847    96.8168 1.0000e-12 3.8956e+00    223.106    14.7563    38.2709    28.5512 0.0000e+00
     68.000    14.7390     0.2947    96.8727 1.0000e-12 2.6431e+00    222.479    14.7285    38.2764    28.5616 0.0000e+00
     69.000    14.7231     0.2982    96.9519 1.0000e-12 3.2490e+00    221.144    14.7125    38.2803    28.5682 0.0000e+00
     70.000    14.7042     0.3118    96.8700 1.0000e-12 2.7963e+00    220.867    14.6935    38.2796    28.5719 0.0000e+00
     71.000    14.6673     0.3072    96.8564 1.0000e-12 3.4150e+00    222.636    14.6565    38.2742    28.5760 0.0000e+00
     72.000    14.6444     0.3092    96.9810 1.0000e-12 3.1865e+00    223.817    14.6335    38.2709    28.5785 0.0000e+00
     73.000    14.6302     0.3003    97.0626 1.0000e-12 2.6765e+00    224.115    14.6191    38.2697    28.5808 0.0000e+00
     74.000    14.6106     0.2939    97.1263 1.0000e-12 3.0878e+00    223.831    14.5994    38.2696    28.5852 0.0000e+00
     75.000    14.5880     0.2955    97.2429 1.0000e-12 2.7851e+00    223.352    14.5765    38.2723    28.5923 0.0000e+00
     76.000    14.5921     0.2869    97.3089 1.0000e-12 3.5564e+00    219.907    14.5805    38.2804    28.5977 0.0000e+00
     77.000    14.6059     0.2918    97.2935 1.0000e-12 4.1620e+00    216.685    14.5942    38.2919    28.6036 0.0000e+00
     78.000    14.5997     0.3065    97.2792 1.0000e-12 2.3356e+00    216.446    14.5879    38.2942    28.6067 0.0000e+00
     79.000    14.5914     0.3205    97.2629 1.0000e-12 3.4139e+00    217.015    14.5794    38.2929    28.6076 0.0000e+00
     80.000    14.5893     0.3244    97.3370 1.0000e-12 3.1799e+00    216.395    14.5771    38.2958    28.6103 0.0000e+00
     81.000    14.5915     0.3022    97.3958 1.0000e-12 2.3526e+00    214.482    14.5791    38.3011    28.6140 0.0000e+00
     82.000    14.5955     0.2902    97.4613 1.0000e-12 3.1514e+00    212.774    14.5831    38.3079    28.6184 0.0000e+00
     83.000    14.5968     0.2883    97.5263 1.0000e-12 2.1477e+00    211.769    14.5841    38.3138    28.6227 0.0000e+00
     84.000    14.5989     0.2931    97.5313 1.0000e-12 2.8920e+00    210.381    14.5861    38.3193    28.6265 0.0000e+00
     85.000    14.6041     0.2963    97.5353 1.0000e-12 1.8720e+00    208.140    14.5911    38.3256    28.6302 0.0000e+00
     86.000    14.6178     0.2930    97.5208 1.0000e-12 2.5667e+00    207.011    14.6047    38.3360    28.6353 0.0000e+00
     87.000    14.6281     0.3022    97.5237 1.0000e-12 2.6977e+00    204.700    14.6148    38.3436    28.6389 0.0000e+00
     88.000    14.6487     0.3202    97.3793 1.0000e-12 3.5864e+00    202.525    14.6353    38.3564    28.6443 0.0000e+00
     89.000    14.6568     0.3329    97.3787 1.0000e-12 2.2540e+00    200.188    14.6432    38.3661    28.6500 0.0000e+00
     90.000    14.6631     0.3222    97.4740 1.0000e-12 3.8662e+00    198.602    14.6493    38.3795    28.6590 0.0000e+00
     91.000    14.6597     0.3023    97.5104 -9.990e-29 2.1063e+00    197.370    14.6458    38.3826    28.6622 0.0000e+00
     92.000    14.6708     0.3045    97.5894 1.0000e-12 2.0751e+00    196.315    14.6567    38.3898    28.6653 0.0000e+00
     93.000    14.7057     0.2891    97.5924 1.0000e-12 2.8317e+00    194.179    14.6914    38.4097    28.6730 0.0000e+00
     94.000    14.7217     0.2983    97.6628 1.0000e-12 2.5241e+00    192.302    14.7073    38.4224    28.6792 0.0000e+00
     95.000    14.7233     0.2883    97.7255 1.0000e-12 2.0384e+00    191.782    14.7087    38.4262    28.6819 0.0000e+00
     96.000    14.7207     0.2883    97.7656 1.0000e-12 3.1444e+00    190.780    14.7060    38.4313    28.6864 0.0000e+00
     97.000    14.7208     0.2760    97.7822 1.0000e-12 2.3305e+00    189.513    14.7060    38.4406    28.6936 0.0000e+00
     98.000    14.7195     0.2786    97.8444 1.0000e-12 3.6234e+00    188.211    14.7044    38.4554    28.7054 0.0000e+00
     99.000    14.7086     0.2667    97.9394 1.0000e-12 2.2326e+00    187.143    14.6934    38.4709    28.7198 0.0000e+00
    100.000    14.6971     0.2549    98.0075 1.0000e-12 3.4878e+00    186.442    14.6818    38.4771    28.7272 0.0000e+00
    101.000    14.6971     0.2516    98.0454 1.0000e-12 3.0829e+00    186.256    14.6816    38.4825    28.7314 0.0000e+00
    102.000    14.6991     0.2597    98.0689 1.0000e-12 3.1537e+00    185.965    14.6834    38.4844    28.7325 0.0000e+00
    103.000    14.6951     0.2536    98.0877 1.0000e-12 3.1572e+00    185.444    14.6793    38.4894    28.7373 0.0000e+00
    104.000    14.6893     0.2464    98.0897 1.0000e-12 2.7057e+00    185.369    14.6734    38.4940    28.7421 0.0000e+00
    105.000    14.6999     0.2606    97.8668 1.0000e-12 2.9429e+00    188.731    14.6838    38.4589    28.7127 0.0000e+00
    106.000    14.6920     0.2583    98.0180 1.0000e-12 2.6184e+00    189.564    14.6758    38.4568    28.7128 0.0000e+00
    107.000    14.6920     0.2530    97.9705 1.0000e-12 2.2249e+00    189.419    14.6756    38.4563    28.7125 0.0000e+00
    108.000    14.6586     0.2550    98.0252 1.0000e-12 2.9774e+00    186.873    14.6421    38.4754    28.7348 0.0000e+00
    109.000    14.6281     0.2483    98.1639 1.0000e-12 2.6129e+00    186.462    14.6115    38.4925    28.7548 0.0000e+00
    110.000    14.6274     0.2431    98.2132 1.0000e-12 3.5324e+00    186.290    14.6105    38.4943    28.7564 0.0000e+00
    111.000    14.6360     0.2361    98.2321 1.0000e-12 4.7813e+00    185.102    14.6190    38.5018    28.7603 0.0000e+00
    112.000    14.6458     0.2339    98.2565 1.0000e-12 2.3279e+00    184.686    14.6287    38.5105    28.7649 0.0000e+00
    113.000    14.6305     0.2298    98.2697 1.0000e-12 2.6916e+00    184.921    14.6133    38.5133    28.7705 0.0000e+00
    114.000    14.6218     0.2301    98.2731 1.0000e-12 1.8911e+00    185.038    14.6043    38.5128    28.7721 0.0000e+00
    115.000    14.6181     0.2303    98.2864 1.0000e-12 2.3302e+00    184.926    14.6005    38.5134    28.7734 0.0000e+00
    116.000    14.5882     0.2260    98.2998 1.0000e-12 3.7633e+00    186.002    14.5705    38.5119    28.7789 0.0000e+00
    117.000    14.5431     0.2190    98.3164 1.0000e-12 4.0629e+00    187.133    14.5252    38.5088    28.7865 0.0000e+00
    118.000    14.4969     0.2211    98.3324 1.0000e-12 3.4609e+00    188.255    14.4789    38.5059    28.7946 0.0000e+00
    119.000    14.5188     0.2181    98.3462 1.0000e-12 3.1507e+00    187.262    14.5006    38.5191    28.8000 0.0000e+00
    120.000    14.5335     0.2230    98.3512 1.0000e-12 2.2739e+00    186.238    14.5152    38.5250    28.8013 0.0000e+00
    121.000    14.5381     0.2211    98.3598 1.0000e-12 3.3319e+00    186.213    14.5196    38.5277    28.8024 0.0000e+00
    122.000    14.5399     0.2162    98.3615 1.0000e-12 4.1152e+00    185.745    14.5213    38.5287    28.8028 0.0000e+00
    123.000    14.5399     0.2142    98.3792 1.0000e-12 3.3262e+00    185.682    14.5212    38.5304    28.8042 0.0000e+00
    124.000    14.5436     0.2166    98.3750 1.0000e-12 2.8259e+00    185.200    14.5247    38.5345    28.8066 0.0000e+00
    125.000    14.5442     0.2142    98.3785 1.0000e-12 2.8816e+00    184.141    14.5251    38.5426    28.8128 0.0000e+00
    126.000    14.5252     0.2191    98.3971 1.0000e-12 3.7871e+00    183.721    14.5060    38.5499    28.8226 0.0000e+00
    127.000    14.5322     0.2171    98.3994 1.0000e-12 2.1191e+00    182.887    14.5128    38.5629    28.8312 0.0000e+00
    128.000    14.5440     0.2118    98.4203 1.0000e-12 2.8423e+00    182.678    14.5244    38.5685    28.8329 0.0000e+00
    129.000    14.5586     0.2098    98.4396 1.0000e-12 3.1087e+00    182.010    14.5389    38.5738    28.8338 0.0000e+00
    130.000    14.5780     0.2122    98.4509 1.0000e-12 3.6920e+00    180.701    14.5581    38.5816    28.8355 0.0000e+00
    131.000    14.5833     0.2161    98.4505 -9.990e-29 3.3942e+00    181.263    14.5633    38.5848    28.8369 0.0000e+00
