Data/ruptures/PEACETIME/TYR/PEACETIME_TYR_CTD_027.cnv
* Sea-Bird SBE 9 Data File:
* FileName = C:\CTD\rawCTD\PEACETIME_TYR_CTD_027.hdr
* Software Version Seasave V 7.23.2
* Temperature SN = 1378
* Conductivity SN = 2929
* Number of Bytes Per Scan = 34
* Number of Voltage Words = 5
* Number of Scans Averaged by the Deck Unit = 1
* NMEA Latitude = 39 20.37 N
* NMEA Longitude = 012 35.58 E
* NMEA UTC (Time) = May 20 2017  08:15:59
* NMEA baud rate = 4800
** Cruise:   PEACETIME
** Station:   TYR_CTD_027
# nquan = 11
# nvalues = 3002                        
# units = specified
# name 0 = prDM: Pressure, Digiquartz [db]
# name 1 = t090C: Temperature [ITS-90, deg C]
# name 2 = flC: Fluorescence, Chelsea Aqua 3 Chl Con [ug/l]
# name 3 = CStarTr0: Beam Transmission, WET Labs C-Star [%]
# name 4 = par: PAR/Irradiance, Biospherical/Licor
# name 5 = spar: SPAR/Surface Irradiance
# name 6 = sbeox0Mm/Kg: Oxygen, SBE 43 [umol/kg]
# name 7 = potemp090C: Potential Temperature [ITS-90, deg C]
# name 8 = sal00: Salinity, Practical [PSU]
# name 9 = sigma-é00: Density [sigma-theta, kg/m^3]
# name 10 = flag:
# span 0 =      2.000,   3003.000       
# span 1 =    13.3975,    19.8279       
# span 2 =     0.1735,     0.4029       
# span 3 =    96.2426,    98.6252       
# span 4 = -6.837e-06, 1.2538e+03       
# span 5 = 1.1671e+03, 3.2971e+03       
# span 6 =    163.882,    245.609       
# span 7 =    12.9805,    19.8266       
# span 8 =    37.8990,    38.8238       
# span 9 =    27.0933,    29.1132       
# span 10 = 0.0000e+00, 0.0000e+00      
# interval = decibars: 1                
# start_time = May 20 2017 08:15:59 [NMEA time, header]
# bad_flag = -9.990e-29
*END*
[from data line 919]
    921.000    13.6926     0.1855    98.5663 -9.990e-29 1.5287e+03    166.298    13.5539    38.6496    29.1069 0.0000e+00
    922.000    13.6926     0.1896    98.5655 -9.990e-29 1.4970e+03    166.294    13.5538    38.6494    29.1068 0.0000e+00
    923.000    13.6932     0.1890    98.5649 -9.990e-29 1.4961e+03    166.242    13.5542    38.6494    29.1067 0.0000e+00
    924.000    13.6931     0.1843    98.5525 -9.990e-29 1.5139e+03    166.340    13.5540    38.6496    29.1069 0.0000e+00
    925.000    13.6928     0.1854    98.5685 -9.990e-29 1.5175e+03    166.568    13.5535    38.6494    29.1069 0.0000e+00
    926.000    13.6929     0.1846    98.5732 -9.990e-29 1.5220e+03    166.526    13.5534    38.6495    29.1069 0.0000e+00
    927.000    13.6930     0.1806    98.5645 -9.990e-29 1.5250e+03    166.573    13.5534    38.6495    29.1069 0.0000e+00
    928.000    13.6933     0.1788    98.5680 1.0000e-12 1.5382e+03    166.566    13.5535    38.6493    29.1067 0.0000e+00
    929.000    13.6934     0.1837    98.5627 1.0000e-12 1.5587e+03    166.309    13.5534    38.6493    29.1068 0.0000e+00
    930.000    13.6937     0.1895    98.5648 9.2969e-07 1.5954e+03    166.322    13.5537    38.6493    29.1067 0.0000e+00
    931.000    13.6939     0.1947    98.5678 -2.402e-08 1.6037e+03    166.196    13.5536    38.6494    29.1068 0.0000e+00
    932.000    13.6942     0.1904    98.5625 1.0000e-12 1.5965e+03    166.320    13.5538    38.6495    29.1069 0.0000e+00
    933.000    13.6943     0.1889    98.5603 1.0000e-12 1.6244e+03    166.357    13.5537    38.6497    29.1070 0.0000e+00
    934.000    13.6945     0.1879    98.5614 1.0000e-12 1.7582e+03    166.170    13.5538    38.6496    29.1069 0.0000e+00
    935.000    13.6948     0.1876    98.5582 1.0000e-12 1.9636e+03    165.887    13.5540    38.6495    29.1068 0.0000e+00
    936.000    13.6949     0.1842    98.5631 1.0000e-12 2.1049e+03    165.823    13.5538    38.6494    29.1068 0.0000e+00
    937.000    13.6950     0.1840    98.5515 1.0000e-12 2.0346e+03    166.465    13.5539    38.6494    29.1067 0.0000e+00
    938.000    13.6951     0.1906    98.5638 1.0000e-12 1.8912e+03    166.279    13.5538    38.6494    29.1068 0.0000e+00
    939.000    13.6954     0.1852    98.5707 1.0000e-12 1.8740e+03    166.072    13.5539    38.6495    29.1069 0.0000e+00
    940.000    13.6956     0.1838    98.5632 1.0000e-12 1.8707e+03    165.802    13.5540    38.6498    29.1071 0.0000e+00
    941.000    13.6960     0.1851    98.5639 1.0000e-12 1.9047e+03    165.729    13.5542    38.6497    29.1069 0.0000e+00
    942.000    13.6962     0.1856    98.5609 1.0000e-12 1.9601e+03    165.641    13.5542    38.6495    29.1068 0.0000e+00
    943.000    13.6963     0.1875    98.5661 1.0000e-12 2.0269e+03    165.932    13.5541    38.6496    29.1069 0.0000e+00
    944.000    13.6958     0.1911    98.5609 1.0000e-12 2.0826e+03    166.639    13.5535    38.6494    29.1068 0.0000e+00
    945.000    13.6959     0.1896    98.5677 1.0000e-12 2.0838e+03    166.452    13.5534    38.6496    29.1070 0.0000e+00
    946.000    13.6965     0.1857    98.5632 1.0000e-12 2.0559e+03    165.996    13.5539    38.6496    29.1069 0.0000e+00
    947.000    13.6963     0.1901    98.5660 1.0000e-12 2.0841e+03    166.155    13.5536    38.6495    29.1069 0.0000e+00
    948.000    13.6949     0.1860    98.5687 1.0000e-12 2.1445e+03    166.550    13.5521    38.6490    29.1068 0.0000e+00
    949.000    13.6948     0.1834    98.5600 1.0000e-12 2.1581e+03    166.577    13.5517    38.6490    29.1069 0.0000e+00
    950.000    13.6952     0.1874    98.5640 1.0000e-12 2.0859e+03    166.458    13.5520    38.6489    29.1068 0.0000e+00
    951.000    13.6946     0.1860    98.5586 1.0000e-12 2.0159e+03    166.548    13.5513    38.6487    29.1068 0.0000e+00
    952.000    13.6946     0.1850    98.5621 1.0000e-12 1.9018e+03    166.415    13.5511    38.6488    29.1069 0.0000e+00
    953.000    13.6950     0.1849    98.5587 1.0000e-12 1.7746e+03    166.092    13.5513    38.6487    29.1068 0.0000e+00
    954.000    13.6957     0.1847    98.5686 1.0000e-12 1.6928e+03    166.277    13.5518    38.6490    29.1069 0.0000e+00
    955.000    13.6963     0.1872    98.5636 1.0000e-12 1.6835e+03    166.372    13.5523    38.6491    29.1068 0.0000e+00
    956.000    13.6960     0.1867    98.5635 1.0000e-12 1.7046e+03    166.147    13.5518    38.6491    29.1070 0.0000e+00
    957.000    13.6942     0.1839    98.5647 1.0000e-12 1.7261e+03    166.135    13.5499    38.6484    29.1068 0.0000e+00
    958.000    13.6903     0.1806    98.5725 1.0000e-12 1.7197e+03    166.020    13.5459    38.6470    29.1066 0.0000e+00
    959.000    13.6412     0.1817    98.5737 1.0000e-12 1.7894e+03    166.366    13.4970    38.6343    29.1071 0.0000e+00
    960.000    13.6173     0.1783    98.5755 1.0000e-12 1.8522e+03    166.603    13.4731    38.6301    29.1090 0.0000e+00
    961.000    13.6166     0.1774    98.5764 1.0000e-12 1.8799e+03    166.624    13.4723    38.6299    29.1090 0.0000e+00
    962.000    13.6168     0.1779    98.5720 1.0000e-12 1.8736e+03    166.858    13.4722    38.6298    29.1089 0.0000e+00
    963.000    13.6172     0.1807    98.5655 1.0000e-12 1.8597e+03    166.883    13.4725    38.6298    29.1089 0.0000e+00
    964.000    13.6174     0.1852    98.5637 1.0000e-12 1.8396e+03    166.829    13.4726    38.6298    29.1089 0.0000e+00
    965.000    13.6204     0.1864 -9.990e-29 1.0000e-12 1.8427e+03    166.824    13.4754    38.6305    29.1088 0.0000e+00
    966.000    13.6177     0.1905 -9.990e-29 1.0000e-12 1.8813e+03    167.098    13.4725    38.6301    29.1091 0.0000e+00
    967.000    13.6173     0.1821 -9.990e-29 1.0000e-12 1.9395e+03    166.786    13.4720    38.6300    29.1092 0.0000e+00
    968.000    13.6169     0.1838 -9.990e-29 1.0000e-12 1.9241e+03    166.859    13.4715    38.6298    29.1091 0.0000e+00
    969.000    13.6011     0.1847 -9.990e-29 1.0000e-12 1.8854e+03    167.094    13.4556    38.6250    29.1088 0.0000e+00
    970.000    13.5905     0.1872 -9.990e-29 1.0000e-12 1.8707e+03    166.941    13.4449    38.6229    29.1094 0.0000e+00
    971.000    13.5933     0.1843 -9.990e-29 1.0000e-12 1.8676e+03    166.668    13.4475    38.6241    29.1097 0.0000e+00
    972.000    13.6056     0.1873 -9.990e-29 1.0000e-12 1.9959e+03    167.218    13.4596    38.6263    29.1089 0.0000e+00
    973.000    13.5919     0.1870 -9.990e-29 1.0000e-12 2.1167e+03    167.134    13.4458    38.6228    29.1091 0.0000e+00
    974.000    13.5871     0.1852 -9.990e-29 1.0000e-12 2.0833e+03    167.185    13.4409    38.6221    29.1096 0.0000e+00
    975.000    13.5867     0.1848 -9.990e-29 1.3836e-05 2.0235e+03    167.054    13.4404    38.6219    29.1096 0.0000e+00
    976.000    13.5860     0.1841    98.5777 1.7837e-07 1.9628e+03    166.992    13.4395    38.6216    29.1095 0.0000e+00
    977.000    13.5860     0.1764    98.5777 -9.990e-29 1.8915e+03    166.987    13.4394    38.6214    29.1094 0.0000e+00
    978.000    13.5850     0.1766    98.5777 -9.990e-29 1.8006e+03    167.183    13.4382    38.6210    29.1094 0.0000e+00
    979.000    13.5775     0.1886    98.5777 -9.990e-29 1.7580e+03    167.068    13.4306    38.6192    29.1095 0.0000e+00
    980.000    13.5652     0.1890    98.5788 1.0000e-12 1.7513e+03    167.081    13.4182    38.6163    29.1100 0.0000e+00
    981.000    13.5584     0.1870    98.5753 1.0000e-12 1.7388e+03    167.041    13.4114    38.6149    29.1103 0.0000e+00
    982.000    13.5458     0.1863    98.5764 1.0000e-12 1.7264e+03    167.279    13.3986    38.6116    29.1105 0.0000e+00
    983.000    13.5197     0.1817    98.5855 1.0000e-12 1.7413e+03    167.803    13.3726    38.6054    29.1111 0.0000e+00
    984.000    13.5147     0.1814    98.5894 1.0000e-12 1.7778e+03    167.911    13.3674    38.6044    29.1114 0.0000e+00
    985.000    13.5128     0.1807    98.5979 1.0000e-12 1.8236e+03    167.940    13.3655    38.6040    29.1116 0.0000e+00
    986.000    13.5139     0.1812    98.5976 1.0000e-12 1.8693e+03    167.701    13.3663    38.6043    29.1116 0.0000e+00
    987.000    13.5126     0.1861    98.5972 1.0000e-12 1.9733e+03    167.626    13.3649    38.6040    29.1117 0.0000e+00
    988.000    13.5111     0.1844    98.5925 1.0000e-12 1.9950e+03    167.909    13.3633    38.6036    29.1117 0.0000e+00
    989.000    13.5113     0.1782    98.5926 1.0000e-12 1.9500e+03    167.649    13.3633    38.6037    29.1118 0.0000e+00
    990.000    13.5115     0.1808    98.5908 1.0000e-12 1.8602e+03    167.839    13.3634    38.6037    29.1117 0.0000e+00
    991.000    13.5113     0.1843    98.5988 1.0000e-12 1.7893e+03    168.212    13.3630    38.6037    29.1118 0.0000e+00
    992.000    13.5114     0.1841    98.5992 1.0000e-12 1.7447e+03    167.953    13.3629    38.6037    29.1119 0.0000e+00
    993.000    13.5116     0.1844    98.6037 1.0000e-12 1.7094e+03    167.935    13.3629    38.6037    29.1119 0.0000e+00
    994.000    13.5118     0.1800    98.6037 1.0000e-12 1.6853e+03    167.987    13.3630    38.6037    29.1119 0.0000e+00
    995.000    13.5121     0.1849    98.6037 1.0000e-12 1.6575e+03    167.815    13.3632    38.6036    29.1117 0.0000e+00
    996.000    13.5122     0.1863    98.6018 1.0000e-12 1.6083e+03    168.221    13.3632    38.6039    29.1120 0.0000e+00
    997.000    13.5122     0.1868    98.5956 1.0000e-12 1.5831e+03    168.139    13.3630    38.6038    29.1119 0.0000e+00
    998.000    13.5124     0.1835    98.5955 1.0000e-12 1.5640e+03    168.130    13.3630    38.6038    29.1119 0.0000e+00
    999.000    13.5127     0.1842    98.5922 1.0000e-12 1.5594e+03    168.359    13.3631    38.6038    29.1119 0.0000e+00
   1000.000    13.5128     0.1854    98.5964 1.0000e-12 1.5522e+03    168.337    13.3631    38.6038    29.1119 0.0000e+00
   1001.000    13.5132     0.1883    98.5979 1.0000e-12 1.5431e+03    168.275    13.3633    38.6037    29.1118 0.0000e+00
   1002.000    13.5132     0.1821    98.6044 1.0000e-12 1.5440e+03    168.395    13.3632    38.6039    29.1119 0.0000e+00
   1003.000    13.5132     0.1796    98.6037 1.0000e-12 1.5589e+03    167.960    13.3631    38.6040    29.1120 0.0000e+00
   1004.000    13.5137     0.1787    98.6017 1.0000e-12 1.5714e+03    167.515    13.3633    38.6040    29.1120 0.0000e+00
   1005.000    13.5139     0.1791    98.5929 1.0000e-12 1.5831e+03    167.707    13.3634    38.6041    29.1121 0.0000e+00
   1006.000    13.5143     0.1839    98.5991 1.0000e-12 1.5862e+03    167.908    13.3637    38.6039    29.1119 0.0000e+00
   1007.000    13.5145     0.1796    98.5994 1.0000e-12 1.5943e+03    167.784    13.3637    38.6038    29.1118 0.0000e+00
   1008.000    13.5146     0.1812    98.5956 1.0000e-12 1.5898e+03    168.049    13.3636    38.6038    29.1118 0.0000e+00
   1009.000    13.5147     0.1830    98.5981 1.0000e-12 1.5865e+03    168.158    13.3636    38.6038    29.1118 0.0000e+00
   1010.000    13.5148     0.1801    98.5990 1.0000e-12 1.6090e+03    168.171    13.3635    38.6040    29.1119 0.0000e+00
   1011.000    13.5150     0.1825    98.5994 1.0000e-12 1.6340e+03    168.243    13.3636    38.6040    29.1120 0.0000e+00
   1012.000    13.5149     0.1779    98.5898 1.0000e-12 1.6422e+03    168.123    13.3634    38.6040    29.1120 0.0000e+00
   1013.000    13.5155     0.1832    98.5891 1.0000e-12 1.6689e+03    168.057    13.3638    38.6040    29.1119 0.0000e+00
   1014.000    13.5158     0.1880    98.5975 1.0000e-12 1.6942e+03    167.998    13.3639    38.6039    29.1118 0.0000e+00
   1015.000    13.5159     0.1850    98.5920 1.0000e-12 1.8134e+03    168.055    13.3638    38.6038    29.1117 0.0000e+00
   1016.000    13.5158     0.1776    98.6015 1.0000e-12 2.0445e+03    167.953    13.3637    38.6040    29.1119 0.0000e+00
   1017.000    13.5161     0.1786    98.6003 1.0000e-12 2.1381e+03    167.892    13.3637    38.6040    29.1119 0.0000e+00
   1018.000    13.5163     0.1784    98.6011 1.0000e-12 2.2336e+03    167.923    13.3638    38.6042    29.1120 0.0000e+00
   1019.000    13.5162     0.1784    98.5936 1.0000e-12 2.3024e+03    167.911    13.3635    38.6040    29.1120 0.0000e+00
   1020.000    13.5159     0.1849    98.5922 1.0000e-12 2.3370e+03    167.926    13.3631    38.6037    29.1118 0.0000e+00
   1021.000    13.5162     0.1885    98.5928 1.0000e-12 2.3326e+03    167.625    13.3632    38.6037    29.1118 0.0000e+00
   1022.000    13.5165     0.1913    98.5922 1.0000e-12 2.3682e+03    167.930    13.3633    38.6038    29.1119 0.0000e+00
   1023.000    13.5165     0.1851    98.5998 1.0000e-12 2.3425e+03    168.155    13.3633    38.6038    29.1119 0.0000e+00
   1024.000    13.5163     0.1822    98.5931 1.0000e-12 2.2685e+03    167.959    13.3629    38.6037    29.1119 0.0000e+00
   1025.000    13.5158     0.1793    98.5938 1.0000e-12 2.2087e+03    168.146    13.3622    38.6035    29.1118 0.0000e+00
   1026.000    13.5155     0.1806    98.5998 1.0000e-12 2.1741e+03    168.087    13.3618    38.6033    29.1118 0.0000e+00
   1027.000    13.5159     0.1834    98.5931 1.0000e-12 2.1595e+03    168.030    13.3620    38.6034    29.1118 0.0000e+00
   1028.000    13.5159     0.1823    98.5924 1.0000e-12 2.1990e+03    167.798    13.3619    38.6033    29.1118 0.0000e+00
   1029.000    13.5159     0.1801    98.5980 1.0000e-12 2.3164e+03    167.760    13.3617    38.6032    29.1117 0.0000e+00
   1030.000    13.5161     0.1796    98.6045 1.0000e-12 2.2462e+03    167.940    13.3618    38.6031    29.1116 0.0000e+00
   1031.000    13.5161     0.1829    98.5965 1.0000e-12 2.0763e+03    168.122    13.3616    38.6033    29.1119 0.0000e+00
   1032.000    13.5163     0.1860    98.5928 1.0000e-12 2.0831e+03    168.026    13.3616    38.6034    29.1119 0.0000e+00
   1033.000    13.5167     0.1874    98.5915 1.0000e-12 2.0735e+03    167.655    13.3618    38.6031    29.1116 0.0000e+00
   1034.000    13.5168     0.1841    98.5955 1.0000e-12 2.0255e+03    167.506    13.3618    38.6032    29.1117 0.0000e+00
   1035.000    13.5168     0.1799    98.5939 1.0000e-12 1.9948e+03    167.674    13.3617    38.6031    29.1116 0.0000e+00
   1036.000    13.5171     0.1852    98.5932 1.0000e-12 1.9867e+03    168.232    13.3618    38.6031    29.1116 0.0000e+00
   1037.000    13.5170     0.1922    98.6019 1.0000e-12 2.1073e+03    167.815    13.3616    38.6031    29.1117 0.0000e+00
   1038.000    13.5170     0.1885    98.5974 1.0000e-12 2.1780e+03    167.889    13.3614    38.6032    29.1118 0.0000e+00
   1039.000    13.5174     0.1854    98.5886 1.0000e-12 2.1185e+03    167.909    13.3616    38.6033    29.1118 0.0000e+00
   1040.000    13.5176     0.1878    98.5892 1.0000e-12 2.0462e+03    167.818    13.3617    38.6032    29.1117 0.0000e+00
   1041.000    13.5177     0.1913    98.5953 1.0000e-12 1.9865e+03    167.941    13.3616    38.6032    29.1118 0.0000e+00
   1042.000    13.5180     0.1879    98.5987 -9.990e-29 2.0020e+03    168.070    13.3617    38.6030    29.1116 0.0000e+00
   1043.000    13.5181     0.1865    98.5985 -9.990e-29 2.1640e+03    168.092    13.3617    38.6031    29.1116 0.0000e+00
   1044.000    13.5178     0.1878    98.5994 1.0000e-12 2.2927e+03    168.299    13.3613    38.6031    29.1117 0.0000e+00
   1045.000    13.5180     0.1836    98.5879 1.0000e-12 2.4649e+03    167.910    13.3613    38.6033    29.1119 0.0000e+00
   1046.000    13.5182     0.1843    98.5887 1.0000e-12 2.5620e+03    168.004    13.3613    38.6032    29.1118 0.0000e+00
   1047.000    13.5186     0.1832    98.5989 1.0000e-12 2.6029e+03    168.095    13.3616    38.6032    29.1117 0.0000e+00
   1048.000    13.5187     0.1834    98.5940 1.0000e-12 2.6372e+03    168.022    13.3616    38.6031    29.1117 0.0000e+00
   1049.000    13.5190     0.1834    98.5986 1.0000e-12 2.6808e+03    167.907    13.3617    38.6030    29.1116 0.0000e+00
   1050.000    13.5192     0.1869    98.5909 1.0000e-12 2.7165e+03    168.050    13.3617    38.6030    29.1116 0.0000e+00
