Data/ruptures/PEACETIME/TYR/PEACETIME_TYR_CTD_016.cnv
* Sea-Bird SBE 9 Data File:
* FileName = C:\CTD\rawCTD\PEACETIME_TYR_CTD_016.hdr
* Software Version Seasave V 7.23.2
* Temperature SN = 1378
* Conductivity SN = 2929
* Number of Bytes Per Scan = 34
* Number of Voltage Words = 5
* Number of Scans Averaged by the Deck Unit = 1
* NMEA Latitude = 39 20.44 N
* NMEA Longitude = 012 35.72 E
* NMEA UTC (Time) = May 17 2017  09:54:53
* NMEA baud rate = 4800
** Cruise:   PEACETIME
** Station:   TYR_CTD_016
# nquan = 11
# nvalues = 3438                        
# units = specified
# name 0 = prDM: Pressure, Digiquartz [db]
# name 1 = t090C: Temperature [ITS-90, deg C]
# name 2 = flC: Fluorescence, Chelsea Aqua 3 Chl Con [ug/l]
# name 3 = CStarTr0: Beam Transmission, WET Labs C-Star [%]
# name 4 = par: PAR/Irradiance, Biospherical/Licor
# name 5 = spar: SPAR/Surface Irradiance
# name 6 = sbeox0Mm/Kg: Oxygen, SBE 43 [umol/kg]
# name 7 = potemp090C: Potential Temperature [ITS-90, deg C]
# name 8 = sal00: Salinity, Practical [PSU]
# name 9 = sigma-é00: Density [sigma-theta, kg/m^3]
# name 10 = flag:
# span 0 =      2.000,   3439.000       
# span 1 =    13.3931,    19.8015       
# span 2 =     0.1721,     0.3246       
# span 3 =    95.8202,    98.8171       
# span 4 = -1.516e-05, 1.5662e+03       
# span 5 = 2.2676e+03, 2.2984e+03       
# span 6 =    164.431,    238.508       
# span 7 =    12.9666,    19.8010       
# span 8 =    37.8945,    38.8239       
# span 9 =    27.0792,    29.1131       
# span 10 = 0.0000e+00, 0.0000e+00      
# interval = decibars: 1                
# start_time = May 17 2017 09:54:53 [NMEA time, header]
# bad_flag = -9.990e-29
*END*
[from data line 2755]
   2757.000    13.4225     0.1877    98.7859 -9.990e-29 2.2776e+03    173.538    12.9897    38.5009    29.1103 0.0000e+00
   2758.000    13.4226     0.1920    98.7859 8.4477e-06 2.2728e+03    173.741    12.9897    38.5009    29.1103 0.0000e+00
   2759.000    13.4228     0.1907    98.7859 4.5256e-08 2.2732e+03    173.462    12.9897    38.5009    29.1103 0.0000e+00
   2760.000    13.4230     0.1890    98.7859 1.0000e-12 2.2731e+03    173.588    12.9897    38.5007    29.1102 0.0000e+00
   2761.000    13.4231     0.1908    98.7859 3.8401e-05 2.2704e+03    173.777    12.9897    38.5009    29.1103 0.0000e+00
   2762.000    13.4233     0.1871    98.7859 2.6225e-04 2.2747e+03    173.681    12.9897    38.5009    29.1103 0.0000e+00
   2763.000    13.4235     0.1926    98.7859 7.0064e-05 2.2722e+03    173.757    12.9897    38.5007    29.1101 0.0000e+00
   2764.000    13.4235     0.1941    98.7859 2.4059e-04 2.2751e+03    173.540    12.9896    38.5008    29.1102 0.0000e+00
   2765.000    13.4236     0.1950    98.7859 1.9316e-04 2.2705e+03    173.620    12.9895    38.5008    29.1102 0.0000e+00
   2766.000    13.4238     0.1894    98.7859 2.2725e-04 2.2749e+03    173.717    12.9895    38.5007    29.1102 0.0000e+00
   2767.000    13.4236     0.1892    98.7859 8.5302e-04 2.2762e+03    173.498    12.9892    38.5007    29.1102 0.0000e+00
   2768.000    13.4239     0.1905    98.7859 1.2166e-03 2.2776e+03    173.573    12.9892    38.5007    29.1102 0.0000e+00
   2769.000    13.4240     0.1900    98.7859 2.8337e-04 2.2772e+03    173.658    12.9892    38.5008    29.1103 0.0000e+00
   2770.000    13.4241     0.1911    98.7859 4.8211e-05 2.2742e+03    173.557    12.9891    38.5006    29.1102 0.0000e+00
   2771.000    13.4242     0.1942    98.7859 4.6538e-04 2.2747e+03    173.537    12.9891    38.5007    29.1102 0.0000e+00
   2772.000    13.4242     0.1973    98.7859 1.4130e-03 2.2734e+03    173.612    12.9889    38.5006    29.1102 0.0000e+00
   2773.000    13.4243     0.1925    98.7859 4.3290e-04 2.2753e+03    173.357    12.9888    38.5007    29.1103 0.0000e+00
   2774.000    13.4244     0.1916    98.7859 8.2381e-06 2.2721e+03    173.408    12.9887    38.5006    29.1103 0.0000e+00
   2775.000    13.4245     0.1881    98.7859 2.2126e-06 2.2727e+03    173.534    12.9886    38.5006    29.1103 0.0000e+00
   2776.000    13.4247     0.1860    98.7859 2.3256e-06 2.2744e+03    173.683    12.9887    38.5007    29.1104 0.0000e+00
   2777.000    13.4248     0.1881    98.7859 4.1843e-09 2.2747e+03    173.506    12.9887    38.5007    29.1103 0.0000e+00
   2778.000    13.4250     0.1899    98.7859 7.5398e-05 2.2749e+03    173.436    12.9886    38.5006    29.1103 0.0000e+00
   2779.000    13.4250     0.1953    98.7859 9.6164e-06 2.2778e+03    173.414    12.9885    38.5007    29.1103 0.0000e+00
   2780.000    13.4253     0.1935    98.7859 -6.742e-08 2.2771e+03    173.460    12.9886    38.5006    29.1103 0.0000e+00
   2781.000    13.4255     0.1913    98.7859 7.9187e-05 2.2751e+03    173.315    12.9886    38.5006    29.1103 0.0000e+00
   2782.000    13.4257     0.1943    98.7859 1.3280e-04 2.2726e+03    173.263    12.9886    38.5006    29.1103 0.0000e+00
   2783.000    13.4257     0.1968    98.7859 3.5319e-04 2.2764e+03    173.602    12.9885    38.5007    29.1104 0.0000e+00
   2784.000    13.4257     0.1924    98.7859 3.6303e-04 2.2785e+03    173.642    12.9883    38.5006    29.1103 0.0000e+00
   2785.000    13.4257     0.1947    98.7859 9.3760e-04 2.2782e+03    173.652    12.9882    38.5006    29.1104 0.0000e+00
   2786.000    13.4259     0.1898    98.7859 4.9759e-04 2.2766e+03    173.733    12.9882    38.5006    29.1104 0.0000e+00
   2787.000    13.4261     0.1891    98.7859 5.4781e-04 2.2748e+03    173.546    12.9882    38.5005    29.1103 0.0000e+00
   2788.000    13.4263     0.1946    98.7859 3.4319e-04 2.2761e+03    173.659    12.9882    38.5005    29.1103 0.0000e+00
   2789.000    13.4263     0.1915    98.7859 5.3843e-05 2.2727e+03    173.618    12.9880    38.5006    29.1104 0.0000e+00
   2790.000    13.4265     0.1971    98.7859 8.2699e-08 2.2752e+03    173.572    12.9881    38.5005    29.1103 0.0000e+00
   2791.000    13.4266     0.1912    98.7859 1.3676e-05 2.2754e+03    173.692    12.9880    38.5006    29.1104 0.0000e+00
   2792.000    13.4267     0.1962    98.7859 4.2053e-04 2.2772e+03    173.676    12.9880    38.5005    29.1104 0.0000e+00
   2793.000    13.4268     0.1998    98.7859 1.7215e-03 2.2716e+03    173.616    12.9879    38.5005    29.1104 0.0000e+00
   2794.000    13.4268     0.1958    98.7859 1.9738e-03 2.2742e+03    173.621    12.9877    38.5005    29.1104 0.0000e+00
   2795.000    13.4268     0.1932    98.7859 3.6060e-04 2.2765e+03    173.579    12.9876    38.5005    29.1104 0.0000e+00
   2796.000    13.4270     0.1931    98.7859 6.7671e-04 2.2805e+03    173.693    12.9876    38.5004    29.1104 0.0000e+00
   2797.000    13.4271     0.1956    98.7859 8.6544e-05 2.2755e+03    173.873    12.9875    38.5004    29.1104 0.0000e+00
   2798.000    13.4271     0.1909    98.7849 4.3984e-07 2.2762e+03    173.619    12.9873    38.5004    29.1104 0.0000e+00
   2799.000    13.4273     0.1877    98.7817 4.8249e-04 2.2751e+03    173.529    12.9873    38.5004    29.1104 0.0000e+00
   2800.000    13.4274     0.1859    98.7705 6.3187e-04 2.2722e+03    173.522    12.9873    38.5004    29.1104 0.0000e+00
   2801.000    13.4276     0.1884    98.7849 1.0048e-03 2.2763e+03    173.514    12.9873    38.5004    29.1104 0.0000e+00
   2802.000    13.4277     0.1904    98.7859 4.5473e-04 2.2765e+03    173.558    12.9872    38.5004    29.1104 0.0000e+00
   2803.000    13.4278     0.1958    98.7859 8.5913e-06 2.2772e+03    173.508    12.9871    38.5004    29.1104 0.0000e+00
   2804.000    13.4276     0.1945    98.7859 1.2006e-08 2.2760e+03    173.452    12.9868    38.5003    29.1104 0.0000e+00
   2805.000    13.4277     0.1934    98.7859 2.9013e-05 2.2775e+03    173.686    12.9867    38.5003    29.1105 0.0000e+00
   2806.000    13.4277     0.1935    98.7848 -1.257e-07 2.2743e+03    173.754    12.9866    38.5003    29.1105 0.0000e+00
   2807.000    13.4279     0.1937    98.7817 4.3498e-06 2.2730e+03    173.687    12.9866    38.5003    29.1104 0.0000e+00
   2808.000    13.4281     0.1875    98.7828 -3.997e-08 2.2727e+03    173.725    12.9866    38.5002    29.1104 0.0000e+00
   2809.000    13.4281     0.1852    98.7765 1.0000e-12 2.2811e+03    173.481    12.9865    38.5003    29.1105 0.0000e+00
   2810.000    13.4282     0.1856    98.7816 1.0108e-04 2.2828e+03    173.271    12.9864    38.5002    29.1105 0.0000e+00
   2811.000    13.4283     0.1908    98.7775 1.1553e-04 2.2757e+03    173.474    12.9863    38.5002    29.1105 0.0000e+00
   2812.000    13.4284     0.1983    98.7807 1.7870e-04 2.2738e+03    173.556    12.9862    38.5002    29.1105 0.0000e+00
   2813.000    13.4286     0.1953    98.7839 3.8997e-04 2.2744e+03    173.710    12.9862    38.5001    29.1104 0.0000e+00
   2814.000    13.4287     0.1923    98.7807 2.5904e-04 2.2787e+03    173.636    12.9862    38.5002    29.1105 0.0000e+00
   2815.000    13.4289     0.1938    98.7732 1.3806e-04 2.2764e+03    173.716    12.9862    38.5002    29.1104 0.0000e+00
   2816.000    13.4290     0.1922    98.7784 4.3533e-04 2.2803e+03    173.613    12.9861    38.5003    29.1106 0.0000e+00
   2817.000    13.4292     0.1919    98.7816 6.5853e-04 2.2742e+03    173.339    12.9862    38.5003    29.1105 0.0000e+00
   2818.000    13.4293     0.1967    98.7807 1.2451e-03 2.2725e+03    173.376    12.9861    38.5004    29.1106 0.0000e+00
   2819.000    13.4296     0.1945    98.7789 4.8406e-04 2.2692e+03    173.778    12.9862    38.5002    29.1105 0.0000e+00
   2820.000    13.4298     0.1964    98.7789 4.9560e-04 2.2774e+03    173.756    12.9862    38.5002    29.1105 0.0000e+00
   2821.000    13.4299     0.1944    98.7776 1.8625e-03 2.2745e+03    173.778    12.9862    38.5002    29.1105 0.0000e+00
   2822.000    13.4300     0.1947    98.7740 3.0206e-03 2.2754e+03    173.734    12.9861    38.5003    29.1106 0.0000e+00
   2823.000    13.4303     0.2013    98.7828 2.6757e-03 2.2776e+03    173.656    12.9862    38.5001    29.1104 0.0000e+00
   2824.000    13.4303     0.2008    98.7789 1.6485e-03 2.2735e+03    173.641    12.9860    38.5002    29.1105 0.0000e+00
   2825.000    13.4303     0.1928    98.7786 9.3309e-04 2.2724e+03    173.605    12.9859    38.5001    29.1105 0.0000e+00
   2826.000    13.4304     0.1887    98.7754 4.3072e-04 2.2727e+03    173.686    12.9859    38.5001    29.1105 0.0000e+00
   2827.000    13.4306     0.1864    98.7549 5.0849e-04 2.2769e+03    173.830    12.9858    38.5000    29.1104 0.0000e+00
   2828.000    13.4306     0.1863    98.7786 8.8919e-04 2.2749e+03    173.897    12.9857    38.5002    29.1106 0.0000e+00
   2829.000    13.4308     0.1889    98.7809 1.3039e-03 2.2754e+03    173.613    12.9857    38.5001    29.1105 0.0000e+00
   2830.000    13.4310     0.1886    98.7797 1.5602e-04 2.2795e+03    173.632    12.9857    38.5000    29.1105 0.0000e+00
   2831.000    13.4310     0.1938    98.7786 6.8024e-04 2.2789e+03    173.495    12.9855    38.5000    29.1104 0.0000e+00
   2832.000    13.4312     0.1921    98.7807 7.4549e-04 2.2778e+03    173.427    12.9855    38.5001    29.1105 0.0000e+00
   2833.000    13.4312     0.1896    98.7688 1.7826e-04 2.2738e+03    173.503    12.9854    38.5002    29.1106 0.0000e+00
   2834.000    13.4314     0.1867    98.7806 3.9058e-04 2.2748e+03    173.667    12.9854    38.5000    29.1105 0.0000e+00
   2835.000    13.4315     0.1923    98.7807 2.9826e-04 2.2752e+03    173.586    12.9854    38.5001    29.1105 0.0000e+00
   2836.000    13.4315     0.1923    98.7674 8.1448e-04 2.2741e+03    173.747    12.9852    38.5001    29.1106 0.0000e+00
   2837.000    13.4317     0.1935    98.7702 2.8681e-04 2.2743e+03    173.678    12.9852    38.5000    29.1105 0.0000e+00
   2838.000    13.4318     0.1903    98.7826 4.8367e-04 2.2710e+03    173.812    12.9852    38.5000    29.1106 0.0000e+00
   2839.000    13.4319     0.1918    98.7858 4.8107e-04 2.2728e+03    173.758    12.9851    38.5000    29.1106 0.0000e+00
   2840.000    13.4321     0.1900    98.7859 1.0424e-03 2.2709e+03    173.772    12.9851    38.5000    29.1105 0.0000e+00
   2841.000    13.4321     0.1897    98.7859 1.2419e-03 2.2785e+03    173.820    12.9849    38.4999    29.1105 0.0000e+00
   2842.000    13.4323     0.1948    98.7799 2.3644e-03 2.2707e+03    173.914    12.9849    38.4999    29.1105 0.0000e+00
   2843.000    13.4325     0.2003    98.7728 2.9940e-04 2.2748e+03    173.989    12.9850    38.4999    29.1105 0.0000e+00
   2844.000    13.4326     0.1946    98.7723 4.6406e-04 2.2745e+03    173.758    12.9849    38.4999    29.1105 0.0000e+00
   2845.000    13.4327     0.1924    98.7739 1.4155e-03 2.2708e+03    173.849    12.9848    38.4999    29.1106 0.0000e+00
   2846.000    13.4329     0.1928    98.7765 7.9800e-04 2.2687e+03    173.735    12.9849    38.4999    29.1105 0.0000e+00
   2847.000    13.4329     0.1974    98.7723 1.5481e-03 2.2717e+03    173.631    12.9847    38.5000    29.1106 0.0000e+00
   2848.000    13.4331     0.1908    98.7761 8.0780e-04 2.2733e+03    173.553    12.9848    38.4999    29.1105 0.0000e+00
   2849.000    13.4332     0.1947    98.7708 2.8768e-04 2.2741e+03    173.655    12.9846    38.4999    29.1106 0.0000e+00
   2850.000    13.4333     0.1948    98.7828 2.5396e-03 2.2732e+03    173.965    12.9846    38.4999    29.1106 0.0000e+00
   2851.000    13.4335     0.1923    98.7779 1.8540e-03 2.2727e+03    174.145    12.9846    38.4998    29.1105 0.0000e+00
   2852.000    13.4336     0.1866    98.7734 1.1311e-03 2.2741e+03    174.109    12.9845    38.4999    29.1106 0.0000e+00
   2853.000    13.4338     0.1894    98.7651 2.0719e-03 2.2737e+03    173.811    12.9845    38.4998    29.1105 0.0000e+00
   2854.000    13.4339     0.1903    98.7729 2.3381e-03 2.2738e+03    173.561    12.9845    38.4998    29.1105 0.0000e+00
   2855.000    13.4340     0.1898    98.7523 3.7726e-03 2.2710e+03    173.615    12.9844    38.4999    29.1106 0.0000e+00
   2856.000    13.4341     0.1955    98.7727 3.0591e-03 2.2753e+03    173.717    12.9843    38.4999    29.1106 0.0000e+00
   2857.000    13.4343     0.1936    98.7696 2.8565e-03 2.2692e+03    173.959    12.9844    38.4998    29.1106 0.0000e+00
   2858.000    13.4344     0.1946    98.7787 8.8805e-04 2.2715e+03    174.161    12.9843    38.4999    29.1106 0.0000e+00
   2859.000    13.4346     0.1882    98.7772 2.6341e-03 2.2732e+03    174.070    12.9843    38.4999    29.1106 0.0000e+00
   2860.000    13.4347     0.1904    98.7796 2.1303e-03 2.2733e+03    173.975    12.9843    38.4998    29.1106 0.0000e+00
   2861.000    13.4348     0.1937    98.7772 2.1705e-03 2.2747e+03    174.092    12.9842    38.4998    29.1106 0.0000e+00
   2862.000    13.4350     0.1976    98.7718 4.2038e-03 2.2736e+03    173.774    12.9842    38.4998    29.1106 0.0000e+00
   2863.000    13.4351     0.1982    98.7642 2.2244e-03 2.2775e+03    173.665    12.9842    38.4999    29.1106 0.0000e+00
   2864.000    13.4353     0.1969    98.7685 2.1162e-03 2.2704e+03    173.814    12.9842    38.4997    29.1105 0.0000e+00
   2865.000    13.4354     0.1940    98.7773 2.3711e-03 2.2767e+03    173.800    12.9841    38.4999    29.1107 0.0000e+00
   2866.000    13.4356     0.1924    98.7728 7.7009e-04 2.2712e+03    173.560    12.9841    38.4998    29.1106 0.0000e+00
   2867.000    13.4357     0.1992    98.7729 1.2767e-03 2.2731e+03    173.425    12.9841    38.4998    29.1106 0.0000e+00
   2868.000    13.4358     0.1942    98.7734 1.7315e-03 2.2692e+03    173.339    12.9840    38.4998    29.1106 0.0000e+00
   2869.000    13.4360     0.1979    98.7619 4.6651e-04 2.2741e+03    173.570    12.9840    38.4998    29.1106 0.0000e+00
   2870.000    13.4361     0.1980    98.7732 3.0898e-04 2.2711e+03    173.596    12.9839    38.4998    29.1106 0.0000e+00
   2871.000    13.4362     0.1992    98.7761 1.6457e-03 2.2762e+03    173.931    12.9839    38.4998    29.1106 0.0000e+00
   2872.000    13.4364     0.1961    98.7723 1.0776e-03 2.2767e+03    173.992    12.9839    38.4998    29.1106 0.0000e+00
   2873.000    13.4366     0.1888    98.7750 1.3630e-03 2.2716e+03    173.819    12.9839    38.4998    29.1106 0.0000e+00
   2874.000    13.4366     0.1905    98.7744 1.6205e-03 2.2753e+03    173.938    12.9838    38.4999    29.1108 0.0000e+00
   2875.000    13.4368     0.1855    98.7755 1.2237e-03 2.2725e+03    174.246    12.9838    38.4998    29.1107 0.0000e+00
   2876.000    13.4370     0.1892    98.7728 9.5466e-04 2.2695e+03    174.199    12.9838    38.4997    29.1105 0.0000e+00
   2877.000    13.4370     0.1941    98.7707 2.1553e-04 2.2766e+03    173.925    12.9837    38.4997    29.1106 0.0000e+00
   2878.000    13.4372     0.1926    98.7739 1.7681e-04 2.2763e+03    173.974    12.9837    38.4997    29.1106 0.0000e+00
   2879.000    13.4373     0.1922    98.7682 8.4512e-04 2.2739e+03    174.065    12.9836    38.4998    29.1107 0.0000e+00
   2880.000    13.4375     0.1893    98.7640 2.0064e-04 2.2738e+03    173.978    12.9836    38.4997    29.1106 0.0000e+00
   2881.000    13.4376     0.1873    98.7734 2.6570e-04 2.2761e+03    173.889    12.9836    38.4997    29.1106 0.0000e+00
   2882.000    13.4378     0.1903    98.7684 -9.951e-07 2.2768e+03    173.591    12.9835    38.4996    29.1106 0.0000e+00
   2883.000    13.4379     0.1937    98.7696 6.3412e-04 2.2709e+03    173.769    12.9835    38.4997    29.1107 0.0000e+00
   2884.000    13.4380     0.1927    98.7702 8.0902e-04 2.2730e+03    173.963    12.9835    38.4997    29.1107 0.0000e+00
   2885.000    13.4383     0.1932    98.7692 2.4450e-04 2.2775e+03    173.999    12.9835    38.4997    29.1107 0.0000e+00
   2886.000    13.4384     0.1866    98.7765 1.0265e-03 2.2748e+03    174.068    12.9834    38.4998    29.1107 0.0000e+00
