Data/ruptures/PEACETIME/TYR/PEACETIME_TYR_CTD_015.cnv
* Sea-Bird SBE 9 Data File:
* FileName = C:\CTD\rawCTD\PEACETIME_TYR_CTD_015.hdr
* Software Version Seasave V 7.23.2
* Temperature SN = 1378
* Conductivity SN = 2929
* Number of Bytes Per Scan = 34
* Number of Voltage Words = 5
* Number of Scans Averaged by the Deck Unit = 1
* NMEA Latitude = 39 20.38 N
* NMEA Longitude = 012 35.55 E
* NMEA UTC (Time) = May 17 2017  02:58:38
* NMEA baud rate = 4800
** Cruise:   PEACETIME
** Station:   TYR_CTD_015
# nquan = 11
# nvalues = 502                         
# units = specified
# name 0 = prDM: Pressure, Digiquartz [db]
# name 1 = t090C: Temperature [ITS-90, deg C]
# name 2 = flC: Fluorescence, Chelsea Aqua 3 Chl Con [ug/l]
# name 3 = CStarTr0: Beam Transmission, WET Labs C-Star [%]
# name 4 = par: PAR/Irradiance, Biospherical/Licor
# name 5 = spar: SPAR/Surface Irradiance
# name 6 = sbeox0Mm/Kg: Oxygen, SBE 43 [umol/kg]
# name 7 = potemp090C: Potential Temperature [ITS-90, deg C]
# name 8 = sal00: Salinity, Practical [PSU]
# name 9 = sigma-é00: Density [sigma-theta, kg/m^3]
# name 10 = flag:
# span 0 =      1.000,    502.000       
# span 1 =    14.1533,    20.0623       
# span 2 =     0.1764,     0.4394       
# span 3 =    95.1593,    98.7001       
# span 4 = -1.147e-05, 1.3430e-02       
# span 5 = 1.5673e+00, 5.9777e+00       
# span 6 =    165.922,    240.037       
# span 7 =    14.0770,    20.0620       
# span 8 =    37.9329,    38.8254       
# span 9 =    27.0216,    29.0859       
# span 10 = 0.0000e+00, 0.0000e+00      
# interval = decibars: 1                
# start_time = May 17 2017 02:58:38 [NMEA time, header]
# bad_flag = -9.990e-29
*END*
[from data line 263]
    264.000    14.4067     0.1857    98.6536 3.6169e-06 3.2850e+00    168.693    14.3664    38.7678    29.0221 0.0000e+00
    265.000    14.4072     0.1854    98.6435 3.0247e-05 3.0777e+00    168.619    14.3668    38.7682    29.0223 0.0000e+00
    266.000    14.4056     0.1854    98.6459 2.0016e-07 3.3791e+00    168.463    14.3650    38.7678    29.0224 0.0000e+00
    267.000    14.4051     0.1796    98.6531 1.0000e-12 2.5132e+00    167.941    14.3644    38.7678    29.0225 0.0000e+00
    268.000    14.4115     0.1860    98.6452 1.0474e-04 3.3172e+00    168.515    14.3706    38.7705    29.0232 0.0000e+00
    269.000    14.4150     0.1855    98.6447 2.9466e-04 3.1496e+00    168.799    14.3740    38.7718    29.0235 0.0000e+00
    270.000    14.4166     0.1819    98.6543 -4.273e-06 2.2702e+00    168.672    14.3754    38.7728    29.0240 0.0000e+00
    271.000    14.4203     0.1769 -9.990e-29 1.0000e-12 4.0859e+00    169.129    14.3790    38.7752    29.0251 0.0000e+00
    272.000    14.4210     0.1764 -9.990e-29 1.0000e-12 2.5747e+00    168.994    14.3794    38.7760    29.0255 0.0000e+00
    273.000    14.4166     0.1826 -9.990e-29 -9.990e-29 3.4506e+00    168.611    14.3750    38.7750    29.0258 0.0000e+00
    274.000    14.4159     0.1807    98.6413 1.0000e-12 3.5610e+00    168.754    14.3741    38.7754    29.0263 0.0000e+00
    275.000    14.4192     0.1860    98.6549 1.0000e-12 3.9390e+00    168.780    14.3772    38.7774    29.0271 0.0000e+00
    276.000    14.4130     0.1889    98.6434 1.0000e-12 3.3607e+00    168.160    14.3709    38.7760    29.0275 0.0000e+00
    277.000    14.4037     0.1909    98.6379 1.0000e-12 3.2871e+00    168.102    14.3615    38.7757    29.0293 0.0000e+00
    278.000    14.4041     0.1875    98.6581 1.0000e-12 2.0499e+00    168.617    14.3617    38.7767    29.0300 0.0000e+00
    279.000    14.4049     0.1819 -9.990e-29 -9.990e-29 2.2395e+00    168.499    14.3624    38.7773    29.0304 0.0000e+00
    280.000    14.4066     0.1795    98.6558 1.0000e-12 3.9915e+00    168.934    14.3638    38.7783    29.0308 0.0000e+00
    281.000    14.4083     0.1843    98.6502 1.0000e-12 2.6161e+00    168.529    14.3655    38.7800    29.0317 0.0000e+00
    282.000    14.4103     0.1891    98.6552 1.0000e-12 3.2843e+00    168.753    14.3672    38.7811    29.0322 0.0000e+00
    283.000    14.4113     0.1854    98.6595 1.0000e-12 2.6899e+00    168.839    14.3682    38.7816    29.0324 0.0000e+00
    284.000    14.4122     0.1837 -9.990e-29 -9.990e-29 2.4013e+00    168.636    14.3689    38.7821    29.0326 0.0000e+00
    285.000    14.4127     0.1843 -9.990e-29 1.0000e-12 2.7045e+00    168.770    14.3692    38.7832    29.0334 0.0000e+00
    286.000    14.4137     0.1870 -9.990e-29 1.0000e-12 3.4917e+00    169.044    14.3700    38.7843    29.0341 0.0000e+00
    287.000    14.4137     0.1941 -9.990e-29 3.1246e-06 2.6431e+00    168.773    14.3699    38.7846    29.0343 0.0000e+00
    288.000    14.4138     0.1932 -9.990e-29 -9.990e-29 3.9112e+00    168.350    14.3699    38.7847    29.0344 0.0000e+00
    289.000    14.4139     0.1887 -9.990e-29 1.5356e-05 2.5974e+00    168.742    14.3698    38.7852    29.0348 0.0000e+00
    290.000    14.4140     0.1797 -9.990e-29 1.1309e-06 2.0837e+00    168.350    14.3698    38.7857    29.0352 0.0000e+00
    291.000    14.4130     0.1794 -9.990e-29 1.0908e-05 2.4574e+00    168.567    14.3685    38.7855    29.0354 0.0000e+00
    292.000    14.4045     0.1814 -9.990e-29 4.9117e-06 3.9164e+00    168.507    14.3600    38.7843    29.0362 0.0000e+00
    293.000    14.4070     0.1844 -9.990e-29 -5.325e-10 3.7811e+00    169.008    14.3622    38.7871    29.0379 0.0000e+00
    294.000    14.4090     0.1861 -9.990e-29 1.0000e-12 2.9757e+00    168.479    14.3641    38.7878    29.0381 0.0000e+00
    295.000    14.4080     0.1851    98.6428 1.1489e-05 3.6452e+00    169.010    14.3630    38.7874    29.0380 0.0000e+00
    296.000    14.4072     0.1866    98.6428 -2.525e-08 3.0465e+00    168.790    14.3620    38.7871    29.0380 0.0000e+00
    297.000    14.4169     0.1894    98.6554 1.0000e-12 3.1846e+00    169.092    14.3715    38.7924    29.0400 0.0000e+00
    298.000    14.4217     0.1870    98.6558 1.0000e-12 4.0592e+00    169.125    14.3761    38.7937    29.0400 0.0000e+00
    299.000    14.4256     0.1834 -9.990e-29 -9.990e-29 3.2868e+00    169.452    14.3799    38.7959    29.0408 0.0000e+00
    300.000    14.4301     0.1898 -9.990e-29 1.0000e-12 2.9841e+00    169.275    14.3842    38.7981    29.0416 0.0000e+00
    301.000    14.4330     0.1871 -9.990e-29 1.0000e-12 4.0625e+00    169.388    14.3870    38.7992    29.0419 0.0000e+00
    302.000    14.4332     0.1881 -9.990e-29 1.0000e-12 4.7006e+00    169.438    14.3870    38.7994    29.0420 0.0000e+00
    303.000    14.4284     0.1906 -9.990e-29 -9.990e-29 2.5017e+00    169.053    14.3821    38.7986    29.0424 0.0000e+00
    304.000    14.4266     0.1881 -9.990e-29 -9.990e-29 4.1850e+00    169.234    14.3801    38.7980    29.0424 0.0000e+00
    305.000    14.4220     0.1858 -9.990e-29 -9.990e-29 3.8233e+00    168.915    14.3754    38.7963    29.0422 0.0000e+00
    306.000    14.4009     0.1871 -9.990e-29 1.0000e-12 2.5548e+00    168.395    14.3541    38.7914    29.0431 0.0000e+00
    307.000    14.3934     0.1864 -9.990e-29 2.4439e-06 3.4723e+00    168.108    14.3465    38.7901    29.0437 0.0000e+00
    308.000    14.3956     0.1840 -9.990e-29 -1.274e-08 3.3666e+00    168.473    14.3485    38.7913    29.0442 0.0000e+00
    309.000    14.4113     0.1835 -9.990e-29 2.2194e-04 3.9017e+00    168.611    14.3641    38.7974    29.0455 0.0000e+00
    310.000    14.4125     0.1857 -9.990e-29 2.0988e-04 2.9465e+00    168.476    14.3651    38.7976    29.0454 0.0000e+00
    311.000    14.4109     0.1808    98.6519 3.4512e-04 2.0058e+00    168.698    14.3634    38.7976    29.0458 0.0000e+00
    312.000    14.4119     0.1814    98.6522 -9.990e-29 3.6428e+00    168.672    14.3642    38.7984    29.0462 0.0000e+00
    313.000    14.4140     0.1871    98.6476 1.0000e-12 2.6952e+00    169.117    14.3662    38.7992    29.0465 0.0000e+00
    314.000    14.4147     0.1918    98.6546 1.0000e-12 2.5127e+00    169.131    14.3668    38.8001    29.0470 0.0000e+00
    315.000    14.4149     0.1843    98.6564 1.0000e-12 4.3959e+00    168.858    14.3667    38.8002    29.0471 0.0000e+00
    316.000    14.4137     0.1830    98.6464 -9.990e-29 1.8147e+00    168.517    14.3654    38.7999    29.0471 0.0000e+00
    317.000    14.4160     0.1824    98.6564 1.0000e-12 3.4235e+00    168.753    14.3676    38.8021    29.0483 0.0000e+00
    318.000    14.4155     0.1866 -9.990e-29 5.2940e-06 2.8710e+00    168.773    14.3669    38.8018    29.0483 0.0000e+00
    319.000    14.4082     0.1837 -9.990e-29 2.9588e-05 3.2175e+00    168.630    14.3594    38.8009    29.0492 0.0000e+00
    320.000    14.4106     0.1851    98.6471 1.3383e-05 2.2621e+00    168.786    14.3617    38.8025    29.0499 0.0000e+00
    321.000    14.4110     0.1852    98.6551 -9.990e-29 4.0368e+00    168.973    14.3619    38.8032    29.0505 0.0000e+00
    322.000    14.4121     0.1854    98.6601 2.2402e-04 2.7839e+00    168.888    14.3629    38.8042    29.0510 0.0000e+00
    323.000    14.4084     0.1893 -9.990e-29 5.8141e-05 3.6552e+00    169.313    14.3590    38.8035    29.0514 0.0000e+00
    324.000    14.4065     0.1888 -9.990e-29 1.2221e-05 2.1716e+00    169.042    14.3570    38.8034    29.0517 0.0000e+00
    325.000    14.4043     0.1835 -9.990e-29 5.1093e-06 3.3211e+00    168.520    14.3547    38.8030    29.0520 0.0000e+00
    326.000    14.4029     0.1902 -9.990e-29 3.8699e-05 1.8250e+00    168.675    14.3531    38.8030    29.0523 0.0000e+00
    327.000    14.4046     0.1831 -9.990e-29 1.3126e-05 3.4424e+00    168.565    14.3547    38.8036    29.0524 0.0000e+00
    328.000    14.4057     0.1851    98.6500 4.8204e-05 2.0261e+00    168.779    14.3555    38.8038    29.0524 0.0000e+00
    329.000    14.4064     0.1827    98.6535 -9.990e-29 3.8381e+00    168.829    14.3562    38.8043    29.0526 0.0000e+00
    330.000    14.4061     0.1816    98.6528 1.0000e-12 3.7005e+00    168.506    14.3557    38.8047    29.0530 0.0000e+00
    331.000    14.4079     0.1827 -9.990e-29 1.3057e-06 2.4006e+00    168.610    14.3573    38.8054    29.0532 0.0000e+00
    332.000    14.3999     0.1878 -9.990e-29 4.1775e-09 2.1796e+00    168.538    14.3492    38.8030    29.0531 0.0000e+00
    333.000    14.3934     0.1835    98.6605 1.6410e-04 3.5892e+00    168.144    14.3426    38.8019    29.0537 0.0000e+00
    334.000    14.3939     0.1857    98.6507 9.5249e-05 3.4383e+00    168.384    14.3429    38.8021    29.0538 0.0000e+00
    335.000    14.3947     0.1882    98.6466 1.2219e-04 2.4620e+00    168.372    14.3435    38.8024    29.0539 0.0000e+00
    336.000    14.3944     0.1902 -9.990e-29 6.2232e-04 2.2853e+00    168.196    14.3431    38.8022    29.0538 0.0000e+00
    337.000    14.3958     0.1884 -9.990e-29 2.8451e-04 2.0940e+00    168.319    14.3444    38.8029    29.0541 0.0000e+00
    338.000    14.4082     0.1778 -9.990e-29 3.9698e-05 4.0847e+00    168.995    14.3565    38.8090    29.0562 0.0000e+00
    339.000    14.4278     0.1783 -9.990e-29 3.0208e-04 4.5261e+00    169.886    14.3760    38.8159    29.0572 0.0000e+00
    340.000    14.4287     0.1807 -9.990e-29 1.6864e-04 4.3449e+00    169.702    14.3767    38.8160    29.0572 0.0000e+00
    341.000    14.4286     0.1856 -9.990e-29 2.3863e-04 3.3194e+00    169.239    14.3764    38.8158    29.0571 0.0000e+00
    342.000    14.4283     0.1830 -9.990e-29 3.4629e-06 4.1835e+00    169.434    14.3760    38.8158    29.0571 0.0000e+00
    343.000    14.4287     0.1864 -9.990e-29 6.8553e-06 3.9918e+00    170.054    14.3762    38.8161    29.0573 0.0000e+00
    344.000    14.4271     0.1865 -9.990e-29 1.7935e-04 4.3904e+00    169.595    14.3745    38.8158    29.0575 0.0000e+00
    345.000    14.4265     0.1858 -9.990e-29 3.3624e-04 2.3491e+00    169.753    14.3737    38.8158    29.0576 0.0000e+00
    346.000    14.4283     0.1890 -9.990e-29 2.5712e-05 2.6401e+00    169.683    14.3753    38.8166    29.0579 0.0000e+00
    347.000    14.4263     0.1819 -9.990e-29 2.7589e-06 2.1692e+00    169.499    14.3732    38.8161    29.0580 0.0000e+00
    348.000    14.4226     0.1868 -9.990e-29 -4.363e-09 3.6508e+00    169.795    14.3693    38.8158    29.0586 0.0000e+00
    349.000    14.4239     0.1818 -9.990e-29 -9.990e-29 3.4542e+00    169.776    14.3705    38.8165    29.0588 0.0000e+00
    350.000    14.4254     0.1874    98.6558 1.0000e-12 2.8592e+00    169.447    14.3718    38.8170    29.0590 0.0000e+00
    351.000    14.4240     0.1884    98.6373 5.0182e-06 3.4192e+00    169.729    14.3703    38.8168    29.0592 0.0000e+00
    352.000    14.4219     0.1869    98.6510 -5.071e-08 2.5856e+00    169.766    14.3681    38.8167    29.0596 0.0000e+00
    353.000    14.4212     0.1845    98.6536 2.3204e-04 3.9119e+00    169.666    14.3672    38.8168    29.0599 0.0000e+00
    354.000    14.4209     0.1867    98.6552 3.7580e-04 3.8282e+00    169.879    14.3667    38.8170    29.0601 0.0000e+00
    355.000    14.4209     0.1855    98.6459 1.6399e-06 2.4616e+00    169.571    14.3665    38.8172    29.0603 0.0000e+00
    356.000    14.4218     0.1823    98.6505 3.7765e-06 3.9988e+00    169.360    14.3673    38.8179    29.0606 0.0000e+00
    357.000    14.4228     0.1849    98.6546 2.9644e-04 3.3266e+00    169.853    14.3681    38.8185    29.0610 0.0000e+00
    358.000    14.4224     0.1833    98.6448 5.0717e-04 2.7961e+00    170.243    14.3676    38.8184    29.0610 0.0000e+00
    359.000    14.4225     0.1871    98.6560 1.6410e-03 2.8993e+00    169.884    14.3676    38.8190    29.0615 0.0000e+00
    360.000    14.4217     0.1915 -9.990e-29 5.7262e-04 3.0035e+00    169.607    14.3666    38.8187    29.0615 0.0000e+00
    361.000    14.4201     0.1882 -9.990e-29 -6.798e-07 5.3196e+00    169.793    14.3648    38.8185    29.0616 0.0000e+00
    362.000    14.4199     0.1855 -9.990e-29 6.4576e-05 2.4310e+00    169.622    14.3645    38.8185    29.0617 0.0000e+00
    363.000    14.4203     0.1825    98.6444 6.5572e-04 3.0778e+00    169.239    14.3647    38.8185    29.0617 0.0000e+00
    364.000    14.4193     0.1866    98.6548 2.5817e-04 2.9312e+00    169.756    14.3636    38.8182    29.0617 0.0000e+00
    365.000    14.4170     0.1847    98.6505 1.2883e-04 2.7218e+00    169.189    14.3611    38.8179    29.0621 0.0000e+00
    366.000    14.4149     0.1887 -9.990e-29 2.7673e-06 3.6573e+00    169.865    14.3589    38.8177    29.0624 0.0000e+00
    367.000    14.4130     0.1899 -9.990e-29 -3.420e-08 3.0266e+00    169.452    14.3568    38.8174    29.0626 0.0000e+00
    368.000    14.4112     0.1889 -9.990e-29 -9.990e-29 4.0938e+00    169.345    14.3549    38.8172    29.0629 0.0000e+00
    369.000    14.4078     0.1894 -9.990e-29 1.0000e-12 3.3465e+00    169.389    14.3513    38.8167    29.0632 0.0000e+00
    370.000    14.4065     0.1911 -9.990e-29 1.6987e-05 2.7211e+00    169.577    14.3499    38.8165    29.0634 0.0000e+00
    371.000    14.4064     0.1907 -9.990e-29 4.2855e-06 4.1832e+00    169.673    14.3497    38.8165    29.0635 0.0000e+00
    372.000    14.4064     0.1864    98.6571 5.3246e-04 3.4102e+00    169.750    14.3495    38.8165    29.0635 0.0000e+00
    373.000    14.4058     0.1873    98.6546 2.4530e-04 3.7673e+00    169.404    14.3487    38.8164    29.0636 0.0000e+00
    374.000    14.4045     0.1848    98.6625 7.6576e-06 3.1846e+00    169.132    14.3472    38.8162    29.0638 0.0000e+00
    375.000    14.4023     0.1863    98.6585 1.2127e-06 3.7970e+00    169.116    14.3449    38.8159    29.0640 0.0000e+00
    376.000    14.3999     0.1857    98.6624 5.8901e-09 3.9421e+00    169.489    14.3424    38.8157    29.0645 0.0000e+00
    377.000    14.3995     0.1915    98.6546 1.0000e-12 4.0289e+00    169.537    14.3418    38.8155    29.0644 0.0000e+00
    378.000    14.4005     0.1869    98.6615 1.0000e-12 3.4344e+00    169.434    14.3426    38.8162    29.0648 0.0000e+00
    379.000    14.4041     0.1892    98.6564 1.9937e-05 3.9915e+00    169.489    14.3461    38.8181    29.0655 0.0000e+00
    380.000    14.4133     0.1860    98.6518 1.4610e-05 3.7791e+00    170.193    14.3551    38.8219    29.0665 0.0000e+00
    381.000    14.4147     0.1878    98.6386 1.1214e-07 3.2910e+00    170.469    14.3564    38.8224    29.0665 0.0000e+00
    382.000    14.4074     0.1881    98.6489 1.2413e-06 2.9864e+00    169.912    14.3489    38.8206    29.0669 0.0000e+00
    383.000    14.3999     0.1842    98.6483 6.2650e-04 2.7454e+00    169.538    14.3413    38.8195    29.0676 0.0000e+00
    384.000    14.4001     0.1857    98.6451 1.5475e-04 4.1897e+00    169.731    14.3414    38.8198    29.0678 0.0000e+00
    385.000    14.3997     0.1888    98.6442 -7.637e-07 5.2972e+00    169.680    14.3408    38.8197    29.0679 0.0000e+00
    386.000    14.4001     0.1860    98.6514 -9.990e-29 3.2094e+00    169.734    14.3411    38.8199    29.0680 0.0000e+00
    387.000    14.4075     0.1886    98.6426 -9.990e-29 3.8960e+00    170.467    14.3482    38.8233    29.0691 0.0000e+00
    388.000    14.4139     0.1811    98.6254 -9.990e-29 3.7117e+00    170.302    14.3544    38.8254    29.0693 0.0000e+00
    389.000    14.4115     0.1904    98.6265 3.3535e-05 3.5620e+00    170.224    14.3520    38.8247    29.0694 0.0000e+00
    390.000    14.4094     0.1939    98.6298 6.7457e-05 2.5230e+00    170.212    14.3497    38.8246    29.0697 0.0000e+00
    391.000    14.4092     0.1880    98.6265 4.1261e-05 3.7924e+00    170.318    14.3494    38.8246    29.0698 0.0000e+00
    392.000    14.4092     0.1823    98.6288 1.0335e-04 2.6672e+00    170.287    14.3491    38.8245    29.0698 0.0000e+00
    393.000    14.4084     0.1870    98.6235 2.0810e-04 3.9053e+00    170.254    14.3482    38.8244    29.0699 0.0000e+00
