Data/ruptures/PEACETIME/TYR/PEACETIME_TYR_CTD_027.cnv
* Sea-Bird SBE 9 Data File:
* FileName = C:\CTD\rawCTD\PEACETIME_TYR_CTD_027.hdr
* Software Version Seasave V 7.23.2
* Temperature SN = 1378
* Conductivity SN = 2929
* Number of Bytes Per Scan = 34
* Number of Voltage Words = 5
* Number of Scans Averaged by the Deck Unit = 1
* NMEA Latitude = 39 20.37 N
* NMEA Longitude = 012 35.58 E
* NMEA UTC (Time) = May 20 2017  08:15:59
* NMEA baud rate = 4800
** Cruise:   PEACETIME
** Station:   TYR_CTD_027
# nquan = 11
# nvalues = 3002                        
# units = specified
# name 0 = prDM: Pressure, Digiquartz [db]
# name 1 = t090C: Temperature [ITS-90, deg C]
# name 2 = flC: Fluorescence, Chelsea Aqua 3 Chl Con [ug/l]
# name 3 = CStarTr0: Beam Transmission, WET Labs C-Star [%]
# name 4 = par: PAR/Irradiance, Biospherical/Licor
# name 5 = spar: SPAR/Surface Irradiance
# name 6 = sbeox0Mm/Kg: Oxygen, SBE 43 [umol/kg]
# name 7 = potemp090C: Potential Temperature [ITS-90, deg C]
# name 8 = sal00: Salinity, Practical [PSU]
# name 9 = sigma-é00: Density [sigma-theta, kg/m^3]
# name 10 = flag:
# span 0 =      2.000,   3003.000       
# span 1 =    13.3975,    19.8279       
# span 2 =     0.1735,     0.4029       
# span 3 =    96.2426,    98.6252       
# span 4 = -6.837e-06, 1.2538e+03       
# span 5 = 1.1671e+03, 3.2971e+03       
# span 6 =    163.882,    245.609       
# span 7 =    12.9805,    19.8266       
# span 8 =    37.8990,    38.8238       
# span 9 =    27.0933,    29.1132       
# span 10 = 0.0000e+00, 0.0000e+00      
# interval = decibars: 1                
# start_time = May 20 2017 08:15:59 [NMEA time, header]
# bad_flag = -9.990e-29
*END*
[from data line 132]
    134.000    14.6867     0.2049    98.2396 3.6061e-01 2.5893e+03    179.926    14.6661    38.6304    28.8493 0.0000e+00
    135.000    14.6799     0.2008    98.2395 3.3852e-01 2.6345e+03    179.307    14.6591    38.6405    28.8586 0.0000e+00
    136.000    14.6970     0.2042    98.2373 3.1985e-01 2.5258e+03    178.277    14.6761    38.6538    28.8651 0.0000e+00
    137.000    14.6948     0.2027    98.2305 3.0822e-01 2.5200e+03    177.579    14.6738    38.6592    28.8698 0.0000e+00
    138.000    14.6864     0.1983    98.2245 2.9297e-01 2.5671e+03    176.927    14.6652    38.6584    28.8711 0.0000e+00
    139.000    14.6740     0.1930    98.2227 2.8312e-01 2.1987e+03    176.428    14.6527    38.6585    28.8739 0.0000e+00
    140.000    14.6698     0.1956    98.2245 2.7040e-01 1.9925e+03    176.103    14.6483    38.6603    28.8763 0.0000e+00
    141.000    14.6670     0.2005    98.2333 2.5866e-01 1.8633e+03    175.972    14.6453    38.6620    28.8783 0.0000e+00
    142.000    14.6631     0.1953    98.2312 2.4827e-01 1.7718e+03    176.076    14.6414    38.6616    28.8789 0.0000e+00
    143.000    14.6612     0.1978    98.2393 2.3419e-01 1.7269e+03    176.113    14.6392    38.6618    28.8795 0.0000e+00
    144.000    14.6594     0.1940    98.2395 2.1845e-01 1.7195e+03    175.787    14.6373    38.6620    28.8801 0.0000e+00
    145.000    14.6542     0.1904    98.2430 1.9920e-01 1.7320e+03    175.195    14.6320    38.6647    28.8834 0.0000e+00
    146.000    14.6546     0.1957    98.2416 1.8474e-01 1.7302e+03    175.030    14.6322    38.6655    28.8840 0.0000e+00
    147.000    14.6508     0.2006    98.2530 1.7327e-01 1.6994e+03    175.126    14.6282    38.6673    28.8862 0.0000e+00
    148.000    14.6468     0.1994    98.2551 1.6174e-01 1.6833e+03    174.802    14.6241    38.6690    28.8885 0.0000e+00
    149.000    14.6396     0.1963    98.2620 1.5214e-01 1.7011e+03    174.664    14.6167    38.6709    28.8916 0.0000e+00
    150.000    14.6329     0.1933    98.2751 1.4652e-01 1.8056e+03    174.710    14.6099    38.6735    28.8951 0.0000e+00
    151.000    14.6303     0.1916    98.2815 1.4237e-01 2.1835e+03    174.665    14.6072    38.6755    28.8972 0.0000e+00
    152.000    14.6266     0.1904    98.2730 1.3724e-01 2.5850e+03    174.411    14.6033    38.6770    28.8993 0.0000e+00
    153.000    14.6217     0.1912    98.2833 1.3574e-01 2.6978e+03    174.201    14.5982    38.6782    28.9014 0.0000e+00
    154.000    14.6185     0.1888    98.2890 1.3534e-01 2.4973e+03    174.104    14.5949    38.6788    28.9026 0.0000e+00
    155.000    14.6123     0.1902    98.2839 1.3960e-01 2.3701e+03    173.606    14.5885    38.6790    28.9041 0.0000e+00
    156.000    14.6038     0.1910    98.2824 1.3825e-01 2.3874e+03    173.421    14.5800    38.6799    28.9067 0.0000e+00
    157.000    14.6013     0.1922    98.2814 1.3529e-01 2.5917e+03    173.486    14.5772    38.6798    28.9072 0.0000e+00
    158.000    14.5980     0.1912    98.2887 1.3068e-01 2.8208e+03    173.542    14.5738    38.6826    28.9102 0.0000e+00
    159.000    14.5996     0.1873    98.2933 1.3128e-01 2.8941e+03    173.610    14.5753    38.6858    28.9124 0.0000e+00
    160.000    14.6032     0.1952    98.2853 1.3408e-01 2.6049e+03    173.328    14.5787    38.6823    28.9088 0.0000e+00
    161.000    14.5997     0.1956    98.2953 1.3042e-01 2.2028e+03    173.678    14.5751    38.6900    28.9157 0.0000e+00
    162.000    14.6000     0.1920    98.2900 1.2566e-01 2.0860e+03    174.185    14.5752    38.6927    28.9177 0.0000e+00
    163.000    14.5995     0.2004    98.3056 1.1117e-01 2.0192e+03    174.294    14.5745    38.6948    28.9195 0.0000e+00
    164.000    14.6012     0.2014    98.3126 9.7542e-02 1.9599e+03    173.829    14.5760    38.6991    28.9224 0.0000e+00
    165.000    14.5999     0.1993    98.3063 9.4859e-02 1.8910e+03    173.457    14.5746    38.6988    28.9226 0.0000e+00
    166.000    14.6006     0.1977    98.3017 1.1920e-01 1.8587e+03    173.476    14.5752    38.6953    28.9197 0.0000e+00
    167.000    14.5956     0.1972    98.3024 1.1735e-01 1.9870e+03    171.909    14.5700    38.6951    28.9207 0.0000e+00
    168.000    14.5674     0.1991    98.3148 1.1136e-01 2.3700e+03    171.630    14.5417    38.6974    28.9288 0.0000e+00
    169.000    14.5683     0.1930    98.3030 1.0450e-01 2.7445e+03    171.960    14.5424    38.7018    28.9320 0.0000e+00
    170.000    14.5710     0.1922    98.3228 9.6157e-02 3.0299e+03    172.024    14.5449    38.7054    28.9343 0.0000e+00
    171.000    14.5722     0.1895    98.3314 9.0863e-02 3.2027e+03    171.856    14.5460    38.7055    28.9341 0.0000e+00
    172.000    14.5737     0.1906    98.3326 9.2782e-02 3.2712e+03    171.866    14.5474    38.7073    28.9352 0.0000e+00
    173.000    14.5719     0.1861    98.3318 9.1578e-02 3.1159e+03    172.145    14.5455    38.7055    28.9342 0.0000e+00
    174.000    14.5629     0.1855    98.3474 9.0388e-02 2.9424e+03    172.138    14.5362    38.7090    28.9390 0.0000e+00
    175.000    14.5693     0.1852    98.3435 8.4422e-02 2.9117e+03    172.096    14.5426    38.7157    28.9427 0.0000e+00
    176.000    14.5805     0.1852 -9.990e-29 8.4044e-02 2.8202e+03    172.104    14.5536    38.7198    28.9435 0.0000e+00
    177.000    14.5830     0.1900 -9.990e-29 8.3694e-02 2.7056e+03    172.320    14.5559    38.7204    28.9434 0.0000e+00
    178.000    14.5808     0.1877 -9.990e-29 8.3188e-02 2.5919e+03    171.903    14.5535    38.7203    28.9438 0.0000e+00
    179.000    14.5777     0.1858 -9.990e-29 8.3214e-02 2.6915e+03    171.768    14.5502    38.7200    28.9443 0.0000e+00
    180.000    14.5751     0.1867 -9.990e-29 8.3116e-02 2.8956e+03    172.187    14.5475    38.7196    28.9446 0.0000e+00
    181.000    14.5741     0.1873 -9.990e-29 8.2964e-02 2.9259e+03    172.021    14.5463    38.7196    28.9449 0.0000e+00
    182.000    14.5706     0.1951 -9.990e-29 8.2791e-02 3.0844e+03    171.929    14.5427    38.7196    28.9457 0.0000e+00
    183.000    14.5676     0.1905    98.3436 8.1440e-02 3.0700e+03    172.044    14.5395    38.7199    28.9466 0.0000e+00
    184.000    14.5635     0.1905    98.3531 7.8697e-02 2.9272e+03    171.825    14.5353    38.7206    28.9482 0.0000e+00
    185.000    14.5586     0.1950    98.3536 7.7122e-02 2.9090e+03    171.258    14.5303    38.7220    28.9504 0.0000e+00
    186.000    14.5394     0.1900    98.3533 7.3697e-02 2.8366e+03    171.007    14.5110    38.7202    28.9532 0.0000e+00
    187.000    14.5248     0.1905    98.3622 7.2347e-02 2.8736e+03    170.928    14.4962    38.7185    28.9552 0.0000e+00
    188.000    14.5159     0.1906    98.3657 6.8969e-02 2.9185e+03    171.327    14.4871    38.7175    28.9565 0.0000e+00
    189.000    14.5135     0.1946    98.3695 6.6467e-02 2.8351e+03    171.687    14.4847    38.7178    28.9573 0.0000e+00
    190.000    14.5184     0.1916    98.3727 6.5533e-02 2.7642e+03    171.392    14.4894    38.7184    28.9566 0.0000e+00
    191.000    14.5094     0.1835    98.3666 6.2100e-02 3.0842e+03    171.101    14.4802    38.7177    28.9582 0.0000e+00
    192.000    14.5027     0.1937    98.3657 6.2283e-02 3.1915e+03    171.059    14.4733    38.7173    28.9594 0.0000e+00
    193.000    14.5010     0.1927    98.3650 5.5376e-02 3.1196e+03    170.855    14.4716    38.7174    28.9598 0.0000e+00
    194.000    14.5000     0.1890    98.3664 4.9651e-02 3.0792e+03    170.843    14.4704    38.7185    28.9609 0.0000e+00
    195.000    14.5012     0.1884    98.3738 5.0911e-02 3.1123e+03    171.014    14.4714    38.7196    28.9615 0.0000e+00
    196.000    14.5023     0.1879    98.3794 5.2721e-02 3.1125e+03    171.073    14.4724    38.7195    28.9612 0.0000e+00
    197.000    14.5029     0.1880    98.3877 4.9567e-02 2.7322e+03    170.731    14.4728    38.7193    28.9610 0.0000e+00
    198.000    14.4892     0.1895    98.3858 4.7500e-02 2.5180e+03    170.600    14.4590    38.7190    28.9638 0.0000e+00
    199.000    14.4954     0.1945    98.3865 4.3757e-02 2.5807e+03    171.038    14.4651    38.7251    28.9672 0.0000e+00
    200.000    14.5129     0.1899    98.3855 4.3215e-02 2.5607e+03    171.121    14.4823    38.7311    28.9681 0.0000e+00
    201.000    14.5112     0.1846    98.3869 4.1512e-02 2.4579e+03    170.826    14.4804    38.7320    28.9692 0.0000e+00
    202.000    14.5326     0.1860    98.3827 4.1292e-02 2.2983e+03    170.650    14.5017    38.7424    28.9725 0.0000e+00
    203.000    14.5304     0.1868    98.3915 4.0661e-02 2.1062e+03    170.677    14.4994    38.7406    28.9716 0.0000e+00
    204.000    14.5404     0.1909    98.3944 3.5898e-02 2.1421e+03    171.508    14.5092    38.7450    28.9728 0.0000e+00
    205.000    14.5493     0.1917    98.3898 3.5834e-02 2.0940e+03    171.771    14.5179    38.7503    28.9750 0.0000e+00
    206.000    14.5564     0.1935    98.3818 3.4372e-02 2.0538e+03    171.650    14.5249    38.7530    28.9755 0.0000e+00
    207.000    14.5576     0.1872    98.3797 3.2555e-02 2.0947e+03    171.397    14.5259    38.7537    28.9759 0.0000e+00
    208.000    14.5568     0.1844    98.3841 3.0914e-02 2.1977e+03    171.142    14.5249    38.7542    28.9765 0.0000e+00
    209.000    14.5432     0.1816    98.3770 3.1040e-02 2.2563e+03    171.057    14.5112    38.7517    28.9775 0.0000e+00
    210.000    14.5353     0.1869    98.3822 3.1115e-02 2.3842e+03    170.854    14.5032    38.7505    28.9784 0.0000e+00
    211.000    14.5321     0.1969    98.3772 2.8219e-02 2.4104e+03    170.253    14.4998    38.7506    28.9792 0.0000e+00
    212.000    14.5299     0.1967    98.3957 2.7082e-02 2.3318e+03    170.155    14.4974    38.7507    28.9798 0.0000e+00
    213.000    14.5131     0.1898    98.3956 2.7772e-02 2.3012e+03    170.003    14.4805    38.7477    28.9813 0.0000e+00
    214.000    14.5012     0.1901    98.3956 2.6952e-02 2.4161e+03    170.227    14.4685    38.7455    28.9823 0.0000e+00
    215.000    14.4934     0.1898    98.3956 2.6074e-02 2.5979e+03    170.201    14.4606    38.7447    28.9834 0.0000e+00
    216.000    14.4976     0.1872    98.3956 2.3644e-02 2.6768e+03    170.043    14.4646    38.7475    28.9847 0.0000e+00
    217.000    14.4971     0.1883    98.3956 2.4013e-02 2.6029e+03    170.100    14.4640    38.7485    28.9856 0.0000e+00
    218.000    14.4976     0.1848    98.3956 2.4151e-02 2.5810e+03    169.879    14.4643    38.7492    28.9860 0.0000e+00
    219.000    14.4937     0.1824    98.3968 2.2895e-02 2.6208e+03    169.457    14.4603    38.7487    28.9865 0.0000e+00
    220.000    14.4909     0.1830    98.4027 2.1629e-02 2.6789e+03    169.233    14.4573    38.7485    28.9870 0.0000e+00
    221.000    14.4855     0.1848    98.4013 2.2230e-02 2.7175e+03    169.461    14.4517    38.7477    28.9876 0.0000e+00
    222.000    14.4816     0.1864    98.4029 2.0078e-02 2.7691e+03    169.583    14.4477    38.7474    28.9884 0.0000e+00
    223.000    14.4809     0.1896    98.4012 1.9729e-02 2.8378e+03    169.322    14.4469    38.7475    28.9886 0.0000e+00
    224.000    14.4863     0.1938    98.4021 1.8267e-02 2.8695e+03    169.407    14.4521    38.7512    28.9903 0.0000e+00
    225.000    14.4905     0.1908    98.4060 1.8371e-02 2.7365e+03    169.520    14.4561    38.7542    28.9918 0.0000e+00
    226.000    14.4816     0.1865    98.4115 1.6376e-02 2.6164e+03    169.120    14.4470    38.7534    28.9931 0.0000e+00
    227.000    14.4699     0.1870    98.4075 1.4645e-02 2.6162e+03    168.983    14.4352    38.7515    28.9943 0.0000e+00
    228.000    14.4666     0.1899    98.4126 1.5847e-02 2.5053e+03    169.286    14.4318    38.7509    28.9946 0.0000e+00
    229.000    14.4783     0.1903    98.4064 1.3620e-02 2.4574e+03    169.101    14.4433    38.7563    28.9962 0.0000e+00
    230.000    14.4741     0.1876    98.4168 1.4446e-02 2.5323e+03    169.352    14.4390    38.7561    28.9970 0.0000e+00
    231.000    14.4739     0.1826    98.4177 1.3749e-02 2.4634e+03    169.141    14.4386    38.7571    28.9979 0.0000e+00
    232.000    14.4738     0.1830    98.4162 1.2022e-02 2.3187e+03    168.888    14.4383    38.7571    28.9979 0.0000e+00
    233.000    14.4750     0.1894    98.4159 1.2941e-02 2.2786e+03    169.166    14.4394    38.7567    28.9973 0.0000e+00
    234.000    14.4744     0.1994    98.4137 9.9473e-03 2.2303e+03    168.979    14.4386    38.7582    28.9987 0.0000e+00
    235.000    14.4674     0.1980    98.4106 1.0977e-02 2.1975e+03    168.736    14.4315    38.7568    28.9992 0.0000e+00
    236.000    14.4542     0.1915    98.4100 1.1571e-02 2.2738e+03    168.849    14.4181    38.7563    29.0018 0.0000e+00
    237.000    14.4537     0.1894    98.4216 8.6866e-03 2.3598e+03    168.631    14.4175    38.7580    29.0032 0.0000e+00
    238.000    14.4471     0.1918    98.4265 9.7208e-03 2.3663e+03    168.506    14.4107    38.7569    29.0039 0.0000e+00
    239.000    14.4448     0.1882    98.4231 9.9259e-03 2.2712e+03    168.846    14.4084    38.7571    29.0045 0.0000e+00
    240.000    14.4588     0.1856    98.4151 8.1478e-03 2.1084e+03    168.943    14.4221    38.7572    29.0016 0.0000e+00
    241.000    14.4390     0.1937    98.4274 9.8723e-03 2.3635e+03    168.850    14.4023    38.7563    29.0053 0.0000e+00
    242.000    14.4343     0.1880    98.4290 8.1008e-03 2.6489e+03    168.309    14.3974    38.7577    29.0074 0.0000e+00
    243.000    14.4302     0.1847    98.4319 7.7337e-03 2.7388e+03    167.962    14.3931    38.7567    29.0076 0.0000e+00
    244.000    14.4254     0.1859    98.4403 6.5821e-03 2.7021e+03    168.160    14.3882    38.7571    29.0090 0.0000e+00
    245.000    14.4255     0.1878    98.4434 6.9682e-03 2.6514e+03    168.652    14.3882    38.7579    29.0096 0.0000e+00
    246.000    14.4262     0.1891    98.4248 6.1755e-03 2.7262e+03    168.407    14.3887    38.7588    29.0102 0.0000e+00
    247.000    14.4264     0.1947    98.4374 7.8682e-03 2.8522e+03    168.265    14.3888    38.7597    29.0109 0.0000e+00
    248.000    14.4260     0.1927    98.4410 8.2845e-03 2.8166e+03    168.419    14.3881    38.7598    29.0111 0.0000e+00
    249.000    14.4254     0.1914    98.4431 5.7005e-03 2.4865e+03    168.318    14.3874    38.7603    29.0117 0.0000e+00
    250.000    14.4221     0.1861    98.4385 6.3160e-03 2.2222e+03    168.037    14.3840    38.7599    29.0121 0.0000e+00
    251.000    14.4167     0.1877    98.4344 7.2076e-03 2.3341e+03    167.699    14.3784    38.7598    29.0133 0.0000e+00
    252.000    14.4153     0.1879    98.4381 6.9352e-03 2.3048e+03    167.953    14.3768    38.7600    29.0138 0.0000e+00
    253.000    14.4155     0.1863    98.4278 3.3362e-03 2.1324e+03    168.039    14.3769    38.7605    29.0141 0.0000e+00
    254.000    14.4163     0.1884    98.4297 2.1578e-03 1.9851e+03    167.617    14.3776    38.7607    29.0141 0.0000e+00
    255.000    14.4155     0.1864    98.4278 3.7506e-03 1.9480e+03    167.437    14.3766    38.7611    29.0146 0.0000e+00
    256.000    14.4163     0.1865    98.4319 3.8595e-03 1.9003e+03    167.845    14.3772    38.7605    29.0140 0.0000e+00
    257.000    14.4151     0.1870    98.4269 2.2568e-03 1.7408e+03    167.684    14.3759    38.7602    29.0141 0.0000e+00
    258.000    14.4088     0.1892    98.4319 1.0820e-03 1.7537e+03    167.744    14.3694    38.7611    29.0162 0.0000e+00
    259.000    14.4058     0.1854    98.4317 3.3028e-03 1.7652e+03    167.817    14.3663    38.7612    29.0170 0.0000e+00
    260.000    14.4049     0.1845    98.4261 2.7491e-03 1.7670e+03    167.759    14.3653    38.7611    29.0171 0.0000e+00
    261.000    14.4024     0.1861    98.4383 1.7872e-03 1.7854e+03    167.364    14.3626    38.7607    29.0174 0.0000e+00
    262.000    14.3983     0.1890    98.4348 1.6367e-03 1.8345e+03    167.275    14.3583    38.7605    29.0182 0.0000e+00
    263.000    14.4022     0.1895    98.4286 2.3510e-03 1.8690e+03    167.538    14.3621    38.7609    29.0177 0.0000e+00
