Data/ruptures/PEACETIME/TYR/PEACETIME_TYR_CTD_023.cnv
* Sea-Bird SBE 9 Data File:
* FileName = C:\CTD\rawCTD\PEACETIME_TYR_CTD_023.hdr
* Software Version Seasave V 7.23.2
* Temperature SN = 1378
* Conductivity SN = 2929
* Number of Bytes Per Scan = 34
* Number of Voltage Words = 5
* Number of Scans Averaged by the Deck Unit = 1
* NMEA Latitude = 39 20.38 N
* NMEA Longitude = 012 35.56 E
* NMEA UTC (Time) = May 19 2017  04:40:10
* NMEA baud rate = 4800
** Cruise:   PEACETIME
** Station:   TYR_CTD_023
# nquan = 11
# nvalues = 3459                        
# units = specified
# name 0 = prDM: Pressure, Digiquartz [db]
# name 1 = t090C: Temperature [ITS-90, deg C]
# name 2 = flC: Fluorescence, Chelsea Aqua 3 Chl Con [ug/l]
# name 3 = CStarTr0: Beam Transmission, WET Labs C-Star [%]
# name 4 = par: PAR/Irradiance, Biospherical/Licor
# name 5 = spar: SPAR/Surface Irradiance
# name 6 = sbeox0Mm/Kg: Oxygen, SBE 43 [umol/kg]
# name 7 = potemp090C: Potential Temperature [ITS-90, deg C]
# name 8 = sal00: Salinity, Practical [PSU]
# name 9 = sigma-é00: Density [sigma-theta, kg/m^3]
# name 10 = flag:
# span 0 =      1.000,   3459.000       
# span 1 =    13.3932,    20.8434       
# span 2 =     0.1747,     0.3882       
# span 3 =    96.3502,    98.7511       
# span 4 = -3.012e-05, 3.0900e+01       
# span 5 = 1.2872e+02, 1.5520e+03       
# span 6 =    164.290,    245.176       
# span 7 =    12.9721,    20.8424       
# span 8 =    37.8359,    38.8235       
# span 9 =    26.8142,    29.1131       
# span 10 = 0.0000e+00, 0.0000e+00      
# interval = decibars: 1                
# start_time = May 19 2017 04:40:10 [NMEA time, header]
# bad_flag = -9.990e-29
*END*
[from data line 1968]
   1969.000    13.4006     0.1836    98.6830 4.2938e-03 1.2925e+03    170.611    13.0986    38.5319    29.1117 0.0000e+00
   1970.000    13.4007     0.1838    98.7121 2.1220e-03 1.2952e+03    170.561    13.0986    38.5319    29.1117 0.0000e+00
   1971.000    13.4009     0.1839    98.7180 9.8633e-04 1.2932e+03    170.370    13.0986    38.5319    29.1117 0.0000e+00
   1972.000    13.4011     0.1853    98.7164 2.5055e-03 1.2947e+03    170.374    13.0986    38.5319    29.1116 0.0000e+00
   1973.000    13.4011     0.1851    98.7165 4.0723e-03 1.2949e+03    170.640    13.0986    38.5320    29.1118 0.0000e+00
   1974.000    13.4013     0.1907    98.6967 2.6830e-03 1.2995e+03    170.661    13.0986    38.5320    29.1117 0.0000e+00
   1975.000    13.4015     0.1915    98.7224 3.0015e-03 1.2983e+03    170.637    13.0986    38.5318    29.1116 0.0000e+00
   1976.000    13.4017     0.1881    98.7027 3.1229e-03 1.2966e+03    170.602    13.0986    38.5319    29.1117 0.0000e+00
   1977.000    13.4018     0.1939    98.7326 1.0478e-03 1.2960e+03    170.431    13.0986    38.5319    29.1117 0.0000e+00
   1978.000    13.4020     0.1946    98.6925 4.3991e-03 1.2946e+03    170.434    13.0986    38.5319    29.1117 0.0000e+00
   1979.000    13.4022     0.1896    98.6931 5.2328e-03 1.2953e+03    170.381    13.0986    38.5320    29.1117 0.0000e+00
   1980.000    13.4023     0.1842    98.6937 5.6615e-03 1.2949e+03    170.487    13.0985    38.5319    29.1117 0.0000e+00
   1981.000    13.4025     0.1841    98.6937 5.8475e-03 1.2948e+03    170.625    13.0986    38.5319    29.1117 0.0000e+00
   1982.000    13.4025     0.1871    98.7035 2.4345e-03 1.2956e+03    170.539    13.0984    38.5319    29.1117 0.0000e+00
   1983.000    13.4027     0.1867    98.7100 3.3902e-03 1.2943e+03    170.305    13.0985    38.5319    29.1117 0.0000e+00
   1984.000    13.4029     0.1869    98.7089 3.3540e-03 1.2963e+03    170.369    13.0985    38.5319    29.1117 0.0000e+00
   1985.000    13.4030     0.1869    98.7010 2.1620e-03 1.2979e+03    170.461    13.0984    38.5319    29.1117 0.0000e+00
   1986.000    13.4031     0.1887    98.7099 2.5710e-03 1.2959e+03    170.601    13.0984    38.5319    29.1117 0.0000e+00
   1987.000    13.4033     0.1809    98.7014 1.9705e-03 1.2922e+03    170.733    13.0984    38.5318    29.1116 0.0000e+00
   1988.000    13.4035     0.1852    98.6927 1.1432e-03 1.2936e+03    170.606    13.0984    38.5319    29.1117 0.0000e+00
   1989.000    13.4035     0.1917    98.6883 3.1356e-03 1.2952e+03    170.341    13.0983    38.5318    29.1117 0.0000e+00
   1990.000    13.4037     0.1881    98.6926 2.6556e-03 1.2951e+03    170.328    13.0983    38.5319    29.1117 0.0000e+00
   1991.000    13.4038     0.1802    98.6920 1.8075e-03 1.2957e+03    170.414    13.0982    38.5318    29.1117 0.0000e+00
   1992.000    13.4038     0.1819    98.6729 2.1797e-03 1.2955e+03    170.488    13.0981    38.5318    29.1117 0.0000e+00
   1993.000    13.4039     0.1821    98.6896 9.0660e-04 1.2983e+03    170.611    13.0980    38.5316    29.1116 0.0000e+00
   1994.000    13.4039     0.1833    98.7014 2.6623e-03 1.2970e+03    170.644    13.0979    38.5317    29.1116 0.0000e+00
   1995.000    13.4040     0.1875    98.6721 3.2520e-03 1.2970e+03    170.724    13.0978    38.5317    29.1117 0.0000e+00
   1996.000    13.4043     0.1821    98.6753 2.4346e-03 1.2945e+03    170.648    13.0979    38.5316    29.1116 0.0000e+00
   1997.000    13.4043     0.1798    98.6893 1.9677e-03 1.2963e+03    170.653    13.0977    38.5317    29.1117 0.0000e+00
   1998.000    13.4045     0.1851    98.6808 5.0029e-04 1.2968e+03    170.284    13.0978    38.5317    29.1117 0.0000e+00
   1999.000    13.4047     0.1779    98.6885 3.3917e-03 1.2969e+03    170.316    13.0978    38.5316    29.1116 0.0000e+00
   2000.000    13.4048     0.1785    98.6937 4.3100e-03 1.3009e+03    170.469    13.0978    38.5317    29.1117 0.0000e+00
   2001.000    13.4050     0.1824    98.7002 2.3187e-03 1.3001e+03    170.330    13.0978    38.5316    29.1116 0.0000e+00
   2002.000    13.4047     0.1838    98.7209 2.4394e-03 1.3025e+03    170.448    13.0974    38.5316    29.1117 0.0000e+00
   2003.000    13.4050     0.1903    98.6727 4.3096e-03 1.3018e+03    170.561    13.0975    38.5315    29.1116 0.0000e+00
   2004.000    13.4052     0.1863    98.6662 3.6656e-03 1.3054e+03    170.309    13.0975    38.5315    29.1116 0.0000e+00
   2005.000    13.4054     0.1855    98.6548 1.5939e-03 1.3035e+03    170.424    13.0976    38.5316    29.1117 0.0000e+00
   2006.000    13.4056     0.1878    98.6847 3.5987e-03 1.3017e+03    170.435    13.0976    38.5316    29.1116 0.0000e+00
   2007.000    13.4057     0.1833    98.6669 2.8112e-03 1.3047e+03    170.512    13.0975    38.5316    29.1116 0.0000e+00
   2008.000    13.4061     0.1823    98.6648 1.6005e-03 1.3056e+03    170.551    13.0978    38.5317    29.1117 0.0000e+00
   2009.000    13.4064     0.1850    98.6985 2.7157e-03 1.3034e+03    170.601    13.0978    38.5317    29.1117 0.0000e+00
   2010.000    13.4065     0.1882    98.7133 3.1534e-03 1.3062e+03    170.445    13.0978    38.5316    29.1116 0.0000e+00
   2011.000    13.4064     0.1895    98.6578 3.9426e-03 1.3053e+03    170.649    13.0976    38.5316    29.1116 0.0000e+00
   2012.000    13.4066     0.1944    98.6710 2.5194e-03 1.3044e+03    170.811    13.0976    38.5317    29.1117 0.0000e+00
   2013.000    13.4071     0.1874    98.6753 3.8581e-03 1.3041e+03    170.859    13.0980    38.5317    29.1117 0.0000e+00
   2014.000    13.4071     0.1811    98.6535 3.8157e-03 1.3051e+03    170.789    13.0978    38.5315    29.1116 0.0000e+00
   2015.000    13.4070     0.1787    98.6601 3.6434e-03 1.3061e+03    170.636    13.0975    38.5317    29.1117 0.0000e+00
   2016.000    13.4072     0.1839    98.6623 5.4674e-03 1.3014e+03    170.581    13.0975    38.5316    29.1117 0.0000e+00
   2017.000    13.4074     0.1874    98.6809 6.5285e-03 1.3052e+03    170.531    13.0976    38.5315    29.1116 0.0000e+00
   2018.000    13.4079     0.1860    98.6631 4.3559e-03 1.3070e+03    170.385    13.0979    38.5316    29.1116 0.0000e+00
   2019.000    13.4083     0.1903    98.6641 3.1930e-03 1.3062e+03    170.538    13.0981    38.5318    29.1117 0.0000e+00
   2020.000    13.4083     0.1912    98.6645 5.6263e-03 1.3056e+03    170.545    13.0980    38.5317    29.1117 0.0000e+00
   2021.000    13.4080     0.1914    98.6869 7.1203e-03 1.3054e+03    170.467    13.0976    38.5316    29.1117 0.0000e+00
   2022.000    13.4057     0.1899    98.6627 6.0267e-03 1.3060e+03    170.578    13.0951    38.5308    29.1116 0.0000e+00
   2023.000    13.4050     0.1852    98.6729 4.9012e-03 1.3142e+03    170.591    13.0943    38.5306    29.1115 0.0000e+00
   2024.000    13.4044     0.1841    98.6540 6.7719e-03 1.3094e+03    170.557    13.0934    38.5303    29.1115 0.0000e+00
   2025.000    13.4043     0.1844    98.6707 6.8412e-03 1.3070e+03    170.679    13.0932    38.5303    29.1115 0.0000e+00
   2026.000    13.4041     0.1910    98.6796 6.3865e-03 1.3093e+03    170.707    13.0928    38.5301    29.1115 0.0000e+00
   2027.000    13.4043     0.1869    98.6496 8.0358e-03 1.3044e+03    170.703    13.0928    38.5301    29.1115 0.0000e+00
   2028.000    13.4044     0.1872    98.6795 7.6118e-03 1.3054e+03    171.033    13.0928    38.5300    29.1114 0.0000e+00
   2029.000    13.4044     0.1916    98.6359 6.2542e-03 1.3044e+03    171.088    13.0927    38.5301    29.1115 0.0000e+00
   2030.000    13.4048     0.1879    98.6668 9.1358e-03 1.3087e+03    170.876    13.0929    38.5301    29.1115 0.0000e+00
   2031.000    13.4050     0.1844    98.6623 6.4198e-03 1.3057e+03    170.833    13.0930    38.5303    29.1116 0.0000e+00
   2032.000    13.4052     0.1897    98.6700 4.1770e-03 1.3064e+03    170.802    13.0929    38.5302    29.1115 0.0000e+00
   2033.000    13.4052     0.1897    98.6662 5.9759e-03 1.3075e+03    170.466    13.0928    38.5302    29.1116 0.0000e+00
   2034.000    13.4054     0.1876    98.6514 5.0433e-03 1.3091e+03    169.999    13.0928    38.5301    29.1115 0.0000e+00
   2035.000    13.4052     0.1918    98.6722 4.8614e-03 1.3115e+03    170.114    13.0925    38.5300    29.1115 0.0000e+00
   2036.000    13.4011     0.1857    98.6525 4.7847e-03 1.3108e+03    170.324    13.0883    38.5287    29.1114 0.0000e+00
   2037.000    13.3993     0.1845    98.6515 5.6247e-03 1.3060e+03    170.540    13.0864    38.5283    29.1114 0.0000e+00
   2038.000    13.3993     0.1915    98.6526 5.4048e-03 1.3122e+03    170.796    13.0861    38.5282    29.1115 0.0000e+00
   2039.000    13.3995     0.1905    98.6438 5.9256e-03 1.3085e+03    170.706    13.0862    38.5283    29.1114 0.0000e+00
   2040.000    13.3997     0.1905    98.6548 5.1116e-03 1.3083e+03    170.629    13.0863    38.5284    29.1115 0.0000e+00
   2041.000    13.4000     0.1917    98.6667 4.1857e-03 1.3125e+03    170.786    13.0864    38.5284    29.1115 0.0000e+00
   2042.000    13.4001     0.1920    98.6427 4.1195e-03 1.3129e+03    170.901    13.0863    38.5283    29.1115 0.0000e+00
   2043.000    13.4005     0.1917    98.6657 4.6848e-03 1.3127e+03    171.061    13.0866    38.5284    29.1115 0.0000e+00
   2044.000    13.4005     0.1898    98.6514 2.9057e-03 1.3117e+03    170.930    13.0863    38.5283    29.1114 0.0000e+00
   2045.000    13.4004     0.1827    98.6656 4.0397e-03 1.3105e+03    170.669    13.0861    38.5283    29.1115 0.0000e+00
   2046.000    13.4006     0.1780    98.6786 2.0005e-03 1.3079e+03    170.863    13.0861    38.5282    29.1114 0.0000e+00
   2047.000    13.4006     0.1831    98.6654 4.2706e-03 1.3135e+03    171.014    13.0860    38.5284    29.1116 0.0000e+00
   2048.000    13.4009     0.1814    98.6897 3.8265e-03 1.3105e+03    170.910    13.0861    38.5282    29.1114 0.0000e+00
   2049.000    13.4011     0.1899    98.7102 3.2731e-03 1.3124e+03    170.964    13.0861    38.5282    29.1114 0.0000e+00
   2050.000    13.4012     0.1906    98.6561 4.5251e-03 1.3082e+03    171.089    13.0861    38.5281    29.1114 0.0000e+00
   2051.000    13.4014     0.1901    98.6503 4.6115e-03 1.3099e+03    170.934    13.0862    38.5282    29.1114 0.0000e+00
   2052.000    13.4016     0.1911    98.6725 3.3798e-03 1.3102e+03    170.824    13.0861    38.5283    29.1115 0.0000e+00
   2053.000    13.4019     0.1836    98.6602 3.4685e-03 1.3131e+03    170.570    13.0863    38.5283    29.1114 0.0000e+00
   2054.000    13.4021     0.1821    98.6874 4.5091e-03 1.3130e+03    170.501    13.0864    38.5283    29.1114 0.0000e+00
   2055.000    13.4022     0.1834    98.6774 5.5587e-03 1.3116e+03    170.712    13.0863    38.5283    29.1115 0.0000e+00
   2056.000    13.4023     0.1849    98.7219 3.5354e-03 1.3126e+03    170.952    13.0862    38.5283    29.1115 0.0000e+00
   2057.000    13.4026     0.1854    98.7241 1.3814e-03 1.3167e+03    171.018    13.0863    38.5284    29.1115 0.0000e+00
   2058.000    13.4027     0.1828    98.6540 1.6187e-03 1.3105e+03    170.770    13.0863    38.5284    29.1115 0.0000e+00
   2059.000    13.4012     0.1840    98.6603 1.0365e-03 1.3070e+03    170.618    13.0846    38.5277    29.1113 0.0000e+00
   2060.000    13.3966     0.1884    98.6403 1.5558e-03 1.3154e+03    170.782    13.0800    38.5264    29.1113 0.0000e+00
   2061.000    13.3991     0.1857    98.6683 2.5660e-03 1.3143e+03    170.828    13.0822    38.5274    29.1116 0.0000e+00
   2062.000    13.3984     0.1873    98.7213 1.1283e-03 1.3164e+03    170.704    13.0814    38.5269    29.1114 0.0000e+00
   2063.000    13.3957     0.1871    98.7165 1.5758e-03 1.3137e+03    170.466    13.0785    38.5261    29.1114 0.0000e+00
   2064.000    13.3953     0.1879    98.6732 2.8258e-03 1.3177e+03    170.646    13.0780    38.5260    29.1114 0.0000e+00
   2065.000    13.3955     0.1889    98.7113 3.4179e-03 1.3085e+03    171.045    13.0781    38.5260    29.1113 0.0000e+00
   2066.000    13.3957     0.1894    98.6915 2.6676e-03 1.3105e+03    171.013    13.0781    38.5259    29.1113 0.0000e+00
   2067.000    13.3958     0.1872    98.6700 2.5594e-03 1.3108e+03    170.908    13.0780    38.5260    29.1114 0.0000e+00
   2068.000    13.3960     0.1882    98.6860 3.3275e-03 1.3095e+03    171.054    13.0780    38.5261    29.1114 0.0000e+00
   2069.000    13.3963     0.1936    98.6326 2.6803e-03 1.3136e+03    171.036    13.0781    38.5260    29.1113 0.0000e+00
   2070.000    13.3963     0.1910    98.6481 1.1300e-03 1.3118e+03    170.980    13.0780    38.5260    29.1114 0.0000e+00
   2071.000    13.3965     0.1854    98.6320 7.4637e-04 1.3098e+03    170.847    13.0780    38.5260    29.1114 0.0000e+00
   2072.000    13.3963     0.1855    98.6494 8.6726e-04 1.3137e+03    170.784    13.0777    38.5258    29.1113 0.0000e+00
   2073.000    13.3963     0.1913    98.6733 7.7949e-04 1.3117e+03    170.679    13.0775    38.5258    29.1113 0.0000e+00
   2074.000    13.3965     0.1894    98.6645 1.6114e-03 1.3156e+03    170.587    13.0775    38.5258    29.1113 0.0000e+00
   2075.000    13.3966     0.1858    98.6784 9.7125e-04 1.3094e+03    170.464    13.0775    38.5257    29.1113 0.0000e+00
   2076.000    13.3966     0.1893    98.6455 2.7475e-04 1.3109e+03    170.749    13.0773    38.5257    29.1113 0.0000e+00
   2077.000    13.3966     0.1903    98.6514 1.7627e-05 1.3089e+03    171.070    13.0772    38.5259    29.1115 0.0000e+00
   2078.000    13.3969     0.1885    98.6479 2.2858e-03 1.3113e+03    170.896    13.0773    38.5258    29.1114 0.0000e+00
   2079.000    13.3971     0.1860    98.6736 2.5648e-03 1.3152e+03    170.794    13.0773    38.5257    29.1113 0.0000e+00
   2080.000    13.3971     0.1893    98.6672 2.1690e-03 1.3110e+03    170.841    13.0772    38.5258    29.1114 0.0000e+00
   2081.000    13.3974     0.1925    98.6376 1.6719e-03 1.3129e+03    171.030    13.0772    38.5258    29.1114 0.0000e+00
   2082.000    13.3974     0.1891    98.6371 1.1565e-03 1.3165e+03    171.129    13.0772    38.5258    29.1114 0.0000e+00
   2083.000    13.3979     0.1842    98.6661 1.3412e-03 1.3150e+03    170.926    13.0774    38.5257    29.1113 0.0000e+00
   2084.000    13.3980     0.1829    98.6505 8.8880e-04 1.3162e+03    170.944    13.0774    38.5257    29.1113 0.0000e+00
   2085.000    13.3981     0.1832    98.6943 2.3721e-03 1.3089e+03    170.789    13.0773    38.5257    29.1113 0.0000e+00
   2086.000    13.3983     0.1876    98.7258 2.7459e-03 1.3179e+03    170.984    13.0773    38.5257    29.1113 0.0000e+00
   2087.000    13.3984     0.1859    98.6785 2.6454e-03 1.3177e+03    171.204    13.0773    38.5257    29.1113 0.0000e+00
   2088.000    13.3986     0.1826    98.6283 3.8064e-03 1.3139e+03    171.258    13.0774    38.5256    29.1112 0.0000e+00
   2089.000    13.3988     0.1861    98.6485 1.7233e-03 1.3197e+03    170.870    13.0774    38.5258    29.1113 0.0000e+00
   2090.000    13.3989     0.1803    98.6613 3.8901e-03 1.3125e+03    170.800    13.0773    38.5257    29.1113 0.0000e+00
   2091.000    13.3990     0.1813    98.6373 4.3799e-03 1.3163e+03    170.858    13.0773    38.5258    29.1114 0.0000e+00
   2092.000    13.3993     0.1803    98.6428 2.2755e-03 1.3121e+03    170.786    13.0773    38.5258    29.1114 0.0000e+00
   2093.000    13.3995     0.1826    98.6782 4.7160e-03 1.3209e+03    170.791    13.0774    38.5258    29.1113 0.0000e+00
   2094.000    13.3996     0.1811    98.6732 2.9777e-03 1.3175e+03    170.787    13.0773    38.5258    29.1113 0.0000e+00
   2095.000    13.3997     0.1810    98.6728 3.1751e-03 1.3133e+03    171.118    13.0772    38.5258    29.1114 0.0000e+00
   2096.000    13.3995     0.1874    98.6633 3.0408e-03 1.3213e+03    171.260    13.0769    38.5257    29.1114 0.0000e+00
   2097.000    13.3995     0.1883    98.6546 2.7177e-03 1.3180e+03    171.077    13.0768    38.5257    29.1114 0.0000e+00
   2098.000    13.3999     0.1915    98.7150 2.0928e-03 1.3189e+03    170.863    13.0770    38.5256    29.1113 0.0000e+00
