Data/ruptures/PEACETIME/TYR/PEACETIME_TYR_CTD_022.cnv
* Sea-Bird SBE 9 Data File:
* FileName = C:\CTD\rawCTD\PEACETIME_TYR_CTD_022.hdr
* Software Version Seasave V 7.23.2
* Temperature SN = 1378
* Conductivity SN = 2929
* Number of Bytes Per Scan = 34
* Number of Voltage Words = 5
* Number of Scans Averaged by the Deck Unit = 1
* NMEA Latitude = 39 20.38 N
* NMEA Longitude = 012 35.56 E
* NMEA UTC (Time) = May 19 2017  02:53:42
* NMEA baud rate = 4800
** Cruise:   PEACETIME
** Station:   TYR_CTD_022
# nquan = 11
# nvalues = 501                         
# units = specified
# name 0 = prDM: Pressure, Digiquartz [db]
# name 1 = t090C: Temperature [ITS-90, deg C]
# name 2 = flC: Fluorescence, Chelsea Aqua 3 Chl Con [ug/l]
# name 3 = CStarTr0: Beam Transmission, WET Labs C-Star [%]
# name 4 = par: PAR/Irradiance, Biospherical/Licor
# name 5 = spar: SPAR/Surface Irradiance
# name 6 = sbeox0Mm/Kg: Oxygen, SBE 43 [umol/kg]
# name 7 = potemp090C: Potential Temperature [ITS-90, deg C]
# name 8 = sal00: Salinity, Practical [PSU]
# name 9 = sigma-é00: Density [sigma-theta, kg/m^3]
# name 10 = flag:
# span 0 =      1.000,    501.000       
# span 1 =    14.2009,    20.9416       
# span 2 =     0.1736,     0.4096       
# span 3 =    95.9134,    98.6490       
# span 4 = -3.865e-05, 4.2710e-01       
# span 5 = -4.991e-01, 4.9497e+00       
# span 6 =    165.371,    244.126       
# span 7 =    14.1255,    20.9412       
# span 8 =    37.8368,    38.8235       
# span 9 =    26.7865,    29.0838       
# span 10 = 0.0000e+00, 0.0000e+00      
# interval = decibars: 1                
# start_time = May 19 2017 02:53:42 [NMEA time, header]
# bad_flag = -9.990e-29
*END*
[from data line 132]
    133.000    14.5729     0.2162    98.3838 -9.990e-29 2.2826e+00    181.397    14.5526    38.5747    28.8315 0.0000e+00
    134.000    14.5771     0.2131    98.3840 -9.990e-29 2.8228e+00    181.163    14.5567    38.5768    28.8322 0.0000e+00
    135.000    14.5846     0.2152    98.3897 -9.990e-29 2.6593e+00    181.230    14.5639    38.5800    28.8331 0.0000e+00
    136.000    14.5933     0.2106    98.3846 1.0000e-12 3.4010e+00    180.591    14.5725    38.5856    28.8355 0.0000e+00
    137.000    14.5988     0.2061    98.4086 1.0000e-12 3.0287e+00    180.688    14.5778    38.5889    28.8369 0.0000e+00
    138.000    14.6072     0.2022    98.4156 1.0000e-12 2.4174e+00    180.620    14.5861    38.5934    28.8385 0.0000e+00
    139.000    14.6199     0.2016    98.4050 -9.990e-29 2.6981e+00    180.516    14.5987    38.6065    28.8458 0.0000e+00
    140.000    14.6354     0.2058    98.4127 -9.990e-29 2.6969e+00    180.548    14.6140    38.6168    28.8504 0.0000e+00
    141.000    14.6469     0.2043    98.4210 1.9816e-06 1.8147e+00    180.131    14.6253    38.6252    28.8543 0.0000e+00
    142.000    14.6561     0.2025    98.4152 1.6733e-09 1.8061e+00    180.234    14.6344    38.6300    28.8560 0.0000e+00
    143.000    14.6629     0.1982    98.4028 1.0000e-12 3.7220e+00    180.267    14.6409    38.6330    28.8569 0.0000e+00
    144.000    14.6971     0.1914    98.4059 1.0000e-12 3.5172e+00    180.535    14.6750    38.6556    28.8667 0.0000e+00
    145.000    14.7163     0.1894    98.4020 1.0000e-12 3.1461e+00    180.524    14.6940    38.6662    28.8707 0.0000e+00
    146.000    14.7263     0.1890    98.3847 1.0000e-12 2.8734e+00    179.757    14.7038    38.6725    28.8734 0.0000e+00
    147.000    14.7180     0.1966    98.3867 1.0000e-12 3.4390e+00    179.217    14.6954    38.6705    28.8737 0.0000e+00
    148.000    14.7046     0.1901    98.3956 1.0000e-12 2.1558e+00    179.029    14.6818    38.6680    28.8748 0.0000e+00
    149.000    14.7004     0.1920    98.3862 -9.990e-29 1.8110e+00    179.179    14.6775    38.6674    28.8753 0.0000e+00
    150.000    14.7023     0.1917    98.3820 -9.990e-29 2.8374e+00    178.918    14.6792    38.6725    28.8789 0.0000e+00
    151.000    14.6982     0.1917    98.3855 -9.990e-29 2.4037e+00    178.367    14.6750    38.6753    28.8820 0.0000e+00
    152.000    14.6919     0.1952    98.3955 1.0000e-12 2.0339e+00    177.516    14.6686    38.6767    28.8845 0.0000e+00
    153.000    14.6857     0.1909    98.4009 1.0000e-12 3.7097e+00    177.130    14.6622    38.6783    28.8872 0.0000e+00
    154.000    14.6881     0.1868    98.4029 1.0000e-12 3.6671e+00    176.882    14.6644    38.6837    28.8909 0.0000e+00
    155.000    14.6830     0.1937    98.4003 -9.990e-29 3.2112e+00    176.854    14.6592    38.6835    28.8918 0.0000e+00
    156.000    14.6759     0.1903    98.4016 -9.990e-29 4.4522e+00    176.499    14.6520    38.6820    28.8923 0.0000e+00
    157.000    14.6658     0.1887    98.4057 4.0619e-05 3.6495e+00    175.949    14.6417    38.6850    28.8969 0.0000e+00
    158.000    14.6647     0.1935    98.4068 8.0867e-05 2.9168e+00    175.879    14.6404    38.6911    28.9019 0.0000e+00
    159.000    14.6539     0.1898    98.4151 6.5453e-05 2.6980e+00    175.450    14.6295    38.6911    28.9043 0.0000e+00
    160.000    14.6478     0.1849    98.4174 3.2354e-05 2.5715e+00    175.398    14.6232    38.6918    28.9063 0.0000e+00
    161.000    14.6463     0.1929    98.4161 3.1193e-05 1.9139e+00    175.464    14.6216    38.6922    28.9070 0.0000e+00
    162.000    14.6431     0.1912    98.4216 -9.990e-29 3.8294e+00    175.082    14.6182    38.6924    28.9079 0.0000e+00
    163.000    14.6428     0.1833    98.4216 -9.990e-29 2.8055e+00    175.132    14.6178    38.6929    28.9083 0.0000e+00
    164.000    14.6407     0.1869    98.4186 5.7491e-06 3.2510e+00    174.947    14.6155    38.6930    28.9090 0.0000e+00
    165.000    14.6325     0.1893    98.4252 6.2273e-06 2.5447e+00    174.875    14.6072    38.6934    28.9111 0.0000e+00
    166.000    14.6241     0.1902    98.4216 1.4676e-06 2.8433e+00    174.210    14.5986    38.6939    28.9134 0.0000e+00
    167.000    14.6139     0.1932 -9.990e-29 8.5339e-05 2.9855e+00    174.009    14.5883    38.6931    28.9151 0.0000e+00
    168.000    14.6117     0.1861    98.4454 5.2564e-07 2.6620e+00    173.964    14.5859    38.6930    28.9156 0.0000e+00
    169.000    14.6090     0.1868    98.4399 2.0034e-04 2.9184e+00    174.023    14.5830    38.6928    28.9160 0.0000e+00
    170.000    14.6021     0.1811    98.4512 6.3345e-04 3.8488e+00    173.849    14.5761    38.6920    28.9169 0.0000e+00
    171.000    14.5909     0.1800    98.4500 2.2052e-05 2.4169e+00    173.354    14.5647    38.6905    28.9183 0.0000e+00
    172.000    14.5805     0.1842    98.4531 7.1849e-04 2.7599e+00    173.353    14.5542    38.6893    28.9198 0.0000e+00
    173.000    14.5741     0.1915    98.4537 6.0563e-04 3.0253e+00    173.161    14.5476    38.6942    28.9250 0.0000e+00
    174.000    14.5745     0.1839    98.4583 8.8412e-04 2.8990e+00    173.359    14.5479    38.6972    28.9272 0.0000e+00
    175.000    14.5724     0.1812    98.4577 3.2754e-04 1.8794e+00    173.206    14.5456    38.6977    28.9282 0.0000e+00
    176.000    14.5686     0.1842    98.4843 1.2754e-04 2.5343e+00    173.338    14.5416    38.6975    28.9288 0.0000e+00
    177.000    14.5606     0.1859    98.4668 5.8724e-05 3.0763e+00    172.934    14.5335    38.6963    28.9298 0.0000e+00
    178.000    14.5546     0.1867    98.4881 9.5696e-05 2.1672e+00    172.460    14.5274    38.6980    28.9324 0.0000e+00
    179.000    14.5502     0.1902    98.4985 1.5121e-05 2.8468e+00    172.392    14.5228    38.6993    28.9345 0.0000e+00
    180.000    14.5460     0.1944    98.4965 1.8113e-04 3.5084e+00    172.431    14.5184    38.6995    28.9355 0.0000e+00
    181.000    14.5417     0.1975    98.5055 2.4972e-04 2.8132e+00    172.376    14.5140    38.6998    28.9368 0.0000e+00
    182.000    14.5390     0.1883    98.5092 5.0061e-04 4.0741e+00    172.298    14.5112    38.7010    28.9384 0.0000e+00
    183.000    14.5379     0.1835    98.5020 2.6869e-04 2.0870e+00    171.732    14.5099    38.7018    28.9392 0.0000e+00
    184.000    14.5379     0.1851    98.5091 3.1245e-04 2.6649e+00    171.985    14.5098    38.7021    28.9395 0.0000e+00
    185.000    14.5407     0.1865    98.4733 4.0505e-04 2.7808e+00    172.193    14.5124    38.7040    28.9404 0.0000e+00
    186.000    14.5433     0.1833    98.4954 4.4778e-04 3.9273e+00    172.399    14.5149    38.7063    28.9416 0.0000e+00
    187.000    14.5661     0.1820    98.4922 4.2877e-05 3.8653e+00    172.564    14.5375    38.7166    28.9446 0.0000e+00
    188.000    14.5823     0.1818    98.5081 3.7951e-04 2.4060e+00    172.640    14.5535    38.7238    28.9466 0.0000e+00
    189.000    14.5757     0.1830    98.5130 1.5350e-05 3.1764e+00    172.509    14.5467    38.7238    28.9481 0.0000e+00
    190.000    14.5740     0.1844    98.5185 4.7560e-04 2.6675e+00    172.519    14.5449    38.7263    28.9504 0.0000e+00
    191.000    14.5804     0.1876    98.5192 8.2054e-04 2.5452e+00    172.770    14.5511    38.7329    28.9541 0.0000e+00
    192.000    14.5820     0.1854 -9.990e-29 5.9808e-04 2.6362e+00    172.308    14.5525    38.7342    28.9548 0.0000e+00
    193.000    14.5838     0.1801    98.5182 5.9396e-04 3.4726e+00    172.471    14.5542    38.7354    28.9554 0.0000e+00
    194.000    14.5767     0.1887    98.5196 1.6021e-04 1.6993e+00    172.164    14.5470    38.7342    28.9561 0.0000e+00
    195.000    14.5437     0.1896    98.5076 -1.575e-06 2.2815e+00    171.084    14.5139    38.7293    28.9597 0.0000e+00
    196.000    14.5141     0.1841    98.5275 -9.990e-29 2.0311e+00    171.476    14.4841    38.7255    28.9633 0.0000e+00
    197.000    14.5043     0.1861    98.5370 1.0000e-12 3.9264e+00    171.076    14.4742    38.7243    28.9646 0.0000e+00
    198.000    14.5018     0.1830    98.5425 1.0000e-12 3.7558e+00    171.214    14.4716    38.7244    28.9652 0.0000e+00
    199.000    14.4971     0.1828    98.5459 1.0000e-12 2.7443e+00    170.614    14.4667    38.7244    28.9663 0.0000e+00
    200.000    14.4948     0.1825    98.5517 1.3055e-06 2.9260e+00    170.675    14.4642    38.7247    28.9671 0.0000e+00
    201.000    14.4934     0.1885    98.5517 -1.447e-09 3.7467e+00    170.572    14.4627    38.7250    28.9676 0.0000e+00
    202.000    14.4924     0.1859    98.5517 1.0000e-12 2.7126e+00    170.598    14.4616    38.7255    28.9683 0.0000e+00
    203.000    14.4925     0.1870 -9.990e-29 2.5771e-06 2.8953e+00    170.331    14.4615    38.7267    28.9693 0.0000e+00
    204.000    14.4928     0.1883    98.5517 -1.180e-08 3.3615e+00    170.357    14.4616    38.7272    28.9696 0.0000e+00
    205.000    14.4938     0.1810    98.5517 -9.990e-29 2.8211e+00    171.235    14.4625    38.7284    28.9703 0.0000e+00
    206.000    14.4932     0.1796    98.5531 3.3439e-06 2.6969e+00    170.949    14.4617    38.7286    28.9707 0.0000e+00
    207.000    14.4928     0.1851    98.5465 1.2668e-06 3.6154e+00    170.747    14.4612    38.7289    28.9711 0.0000e+00
    208.000    14.4921     0.1820    98.5573 -5.512e-10 2.4024e+00    170.800    14.4603    38.7291    28.9714 0.0000e+00
    209.000    14.4922     0.1817    98.5517 -9.990e-29 4.4017e+00    171.077    14.4603    38.7291    28.9714 0.0000e+00
    210.000    14.4928     0.1833    98.5517 -9.990e-29 2.1693e+00    170.812    14.4608    38.7296    28.9717 0.0000e+00
    211.000    14.5002     0.1830    98.5551 -9.990e-29 3.2932e+00    170.262    14.4679    38.7333    28.9729 0.0000e+00
    212.000    14.5094     0.1784    98.5505 -9.990e-29 2.7796e+00    171.030    14.4769    38.7370    28.9738 0.0000e+00
    213.000    14.5148     0.1857    98.5452 1.6719e-06 2.3285e+00    170.854    14.4823    38.7390    28.9741 0.0000e+00
    214.000    14.5241     0.1850    98.5430 1.2159e-04 2.7090e+00    170.937    14.4914    38.7437    28.9758 0.0000e+00
    215.000    14.5541     0.1823    98.5494 4.9454e-05 2.4926e+00    171.366    14.5212    38.7566    28.9791 0.0000e+00
    216.000    14.5542     0.1843    98.5425 1.3806e-06 2.6366e+00    171.572    14.5211    38.7567    28.9792 0.0000e+00
    217.000    14.5377     0.1736    98.5516 7.3911e-09 3.3912e+00    170.705    14.5044    38.7528    28.9799 0.0000e+00
    218.000    14.5176     0.1846    98.5528 -9.990e-29 3.2860e+00    170.412    14.4843    38.7502    28.9824 0.0000e+00
    219.000    14.5134     0.1832    98.4966 1.0000e-12 2.9644e+00    170.267    14.4799    38.7495    28.9828 0.0000e+00
    220.000    14.5065     0.1833    98.5506 1.0000e-12 3.4325e+00    170.009    14.4729    38.7482    28.9833 0.0000e+00
    221.000    14.5023     0.1871    98.5646 1.0000e-12 3.9136e+00    169.940    14.4685    38.7476    28.9839 0.0000e+00
    222.000    14.4992     0.1819    98.5621 1.0000e-12 3.5421e+00    170.176    14.4652    38.7472    28.9843 0.0000e+00
    223.000    14.4962     0.1859    98.5558 1.0000e-12 3.0664e+00    170.038    14.4621    38.7471    28.9849 0.0000e+00
    224.000    14.4966     0.1854    98.5579 1.0000e-12 2.7929e+00    170.016    14.4624    38.7487    28.9861 0.0000e+00
    225.000    14.4999     0.1820    98.5656 1.0000e-12 3.5802e+00    169.948    14.4655    38.7536    28.9892 0.0000e+00
    226.000    14.5040     0.1868    98.5603 1.0000e-12 1.6178e+00    169.581    14.4694    38.7568    28.9908 0.0000e+00
    227.000    14.5002     0.1856    98.5731 5.4793e-06 2.4912e+00    169.845    14.4655    38.7565    28.9914 0.0000e+00
    228.000    14.5065     0.1908    98.5732 3.7020e-09 2.2264e+00    170.112    14.4717    38.7608    28.9934 0.0000e+00
    229.000    14.5076     0.1836 -9.990e-29 -9.990e-29 2.6076e+00    170.180    14.4726    38.7626    28.9945 0.0000e+00
    230.000    14.5067     0.1767 -9.990e-29 -9.990e-29 2.3466e+00    170.242    14.4715    38.7625    28.9947 0.0000e+00
    231.000    14.5036     0.1776    98.5777 -9.990e-29 2.7792e+00    170.034    14.4682    38.7621    28.9951 0.0000e+00
    232.000    14.5027     0.1837    98.5777 -9.990e-29 3.4796e+00    169.828    14.4673    38.7622    28.9954 0.0000e+00
    233.000    14.4920     0.1846    98.5765 1.0000e-12 2.3511e+00    169.195    14.4564    38.7598    28.9960 0.0000e+00
    234.000    14.4836     0.1821    98.5726 1.0000e-12 3.0408e+00    169.500    14.4478    38.7578    28.9964 0.0000e+00
    235.000    14.4738     0.1883    98.5678 1.0000e-12 2.1265e+00    169.499    14.4379    38.7558    28.9970 0.0000e+00
    236.000    14.4610     0.1889 -9.990e-29 -9.990e-29 4.2014e+00    169.281    14.4249    38.7542    28.9987 0.0000e+00
    237.000    14.4544     0.1830    98.5877 7.7992e-05 2.2458e+00    168.623    14.4183    38.7547    29.0005 0.0000e+00
    238.000    14.4498     0.1850    98.5749 1.3836e-04 2.7793e+00    168.861    14.4135    38.7549    29.0017 0.0000e+00
    239.000    14.4498     0.1883    98.5812 1.6380e-05 2.4760e+00    169.184    14.4133    38.7551    29.0019 0.0000e+00
    240.000    14.4498     0.1803    98.5852 -9.990e-29 3.3648e+00    168.809    14.4131    38.7555    29.0022 0.0000e+00
    241.000    14.4484     0.1855    98.5812 -9.990e-29 2.6530e+00    168.780    14.4116    38.7559    29.0028 0.0000e+00
    242.000    14.4475     0.1918    98.5854 1.0013e-04 2.0402e+00    168.445    14.4106    38.7563    29.0035 0.0000e+00
    243.000    14.4459     0.1916    98.5789 4.6343e-04 2.6254e+00    169.085    14.4089    38.7565    29.0040 0.0000e+00
    244.000    14.4447     0.1919    98.5822 2.9427e-04 2.4389e+00    168.655    14.4075    38.7570    29.0047 0.0000e+00
    245.000    14.4388     0.1935    98.5863 2.9504e-04 3.1397e+00    168.840    14.4014    38.7569    29.0059 0.0000e+00
    246.000    14.4347     0.1883    98.5848 5.2898e-04 2.3675e+00    168.415    14.3972    38.7570    29.0070 0.0000e+00
    247.000    14.4325     0.1864    98.5889 8.5824e-07 3.9174e+00    168.153    14.3948    38.7566    29.0071 0.0000e+00
    248.000    14.4219     0.1869    98.5997 2.4291e-06 3.0765e+00    168.122    14.3840    38.7558    29.0089 0.0000e+00
    249.000    14.4204     0.1925    98.5859 2.0107e-04 2.4599e+00    168.353    14.3824    38.7563    29.0096 0.0000e+00
    250.000    14.4210     0.1868    98.5984 7.7866e-05 2.7071e+00    168.593    14.3829    38.7571    29.0101 0.0000e+00
    251.000    14.4208     0.1827    98.5963 -2.331e-07 2.8983e+00    168.104    14.3825    38.7581    29.0110 0.0000e+00
    252.000    14.4184     0.1856    98.5878 -9.990e-29 2.1083e+00    168.324    14.3799    38.7586    29.0120 0.0000e+00
    253.000    14.4157     0.1829    98.6008 1.0000e-12 2.2759e+00    168.309    14.3771    38.7586    29.0126 0.0000e+00
    254.000    14.4149     0.1818    98.5902 3.5413e-06 2.8581e+00    168.241    14.3762    38.7587    29.0129 0.0000e+00
    255.000    14.4151     0.1841    98.5898 3.9656e-05 2.4195e+00    168.181    14.3762    38.7588    29.0129 0.0000e+00
    256.000    14.4135     0.1826    98.5973 3.5533e-04 3.4297e+00    168.149    14.3745    38.7593    29.0138 0.0000e+00
    257.000    14.4108     0.1862    98.5950 6.6422e-04 2.4806e+00    167.911    14.3717    38.7600    29.0149 0.0000e+00
    258.000    14.4097     0.1811    98.5873 8.5943e-05 2.7210e+00    167.773    14.3703    38.7604    29.0155 0.0000e+00
    259.000    14.4089     0.1850    98.6003 3.4576e-04 3.2892e+00    168.031    14.3695    38.7607    29.0159 0.0000e+00
    260.000    14.4082     0.1888    98.5992 -9.990e-29 3.0386e+00    167.858    14.3685    38.7610    29.0163 0.0000e+00
    261.000    14.4076     0.1857    98.5972 -9.990e-29 2.9923e+00    168.240    14.3679    38.7611    29.0166 0.0000e+00
    262.000    14.4072     0.1914    98.6032 1.0000e-12 3.9069e+00    168.304    14.3673    38.7614    29.0170 0.0000e+00
