Data/ruptures/PEACETIME/TYR/PEACETIME_TYR_CTD_015.cnv
* Sea-Bird SBE 9 Data File:
* FileName = C:\CTD\rawCTD\PEACETIME_TYR_CTD_015.hdr
* Software Version Seasave V 7.23.2
* Temperature SN = 1378
* Conductivity SN = 2929
* Number of Bytes Per Scan = 34
* Number of Voltage Words = 5
* Number of Scans Averaged by the Deck Unit = 1
* NMEA Latitude = 39 20.38 N
* NMEA Longitude = 012 35.55 E
* NMEA UTC (Time) = May 17 2017  02:58:38
* NMEA baud rate = 4800
** Cruise:   PEACETIME
** Station:   TYR_CTD_015
# nquan = 11
# nvalues = 502                         
# units = specified
# name 0 = prDM: Pressure, Digiquartz [db]
# name 1 = t090C: Temperature [ITS-90, deg C]
# name 2 = flC: Fluorescence, Chelsea Aqua 3 Chl Con [ug/l]
# name 3 = CStarTr0: Beam Transmission, WET Labs C-Star [%]
# name 4 = par: PAR/Irradiance, Biospherical/Licor
# name 5 = spar: SPAR/Surface Irradiance
# name 6 = sbeox0Mm/Kg: Oxygen, SBE 43 [umol/kg]
# name 7 = potemp090C: Potential Temperature [ITS-90, deg C]
# name 8 = sal00: Salinity, Practical [PSU]
# name 9 = sigma-é00: Density [sigma-theta, kg/m^3]
# name 10 = flag:
# span 0 =      1.000,    502.000       
# span 1 =    14.1533,    20.0623       
# span 2 =     0.1764,     0.4394       
# span 3 =    95.1593,    98.7001       
# span 4 = -1.147e-05, 1.3430e-02       
# span 5 = 1.5673e+00, 5.9777e+00       
# span 6 =    165.922,    240.037       
# span 7 =    14.0770,    20.0620       
# span 8 =    37.9329,    38.8254       
# span 9 =    27.0216,    29.0859       
# span 10 = 0.0000e+00, 0.0000e+00      
# interval = decibars: 1                
# start_time = May 17 2017 02:58:38 [NMEA time, header]
# bad_flag = -9.990e-29
*END*
[from data line 132]
    133.000    14.5869     0.2043    98.4247 1.0000e-12 2.3648e+00    181.753    14.5666    38.5914    28.8412 0.0000e+00
    134.000    14.5921     0.1968    98.4216 1.0000e-12 2.9637e+00    181.539    14.5716    38.5950    28.8429 0.0000e+00
    135.000    14.5949     0.1999    98.4216 1.0000e-12 2.8025e+00    180.877    14.5742    38.5964    28.8434 0.0000e+00
    136.000    14.5947     0.1987    98.4238 1.0000e-12 3.5992e+00    181.046    14.5739    38.5965    28.8436 0.0000e+00
    137.000    14.5939     0.2034    98.4277 1.0000e-12 2.9357e+00    180.941    14.5729    38.5965    28.8438 0.0000e+00
    138.000    14.5928     0.2022    98.4152 1.0000e-12 2.4973e+00    181.551    14.5717    38.5962    28.8438 0.0000e+00
    139.000    14.5918     0.2026    98.4296 1.0000e-12 3.1850e+00    181.541    14.5705    38.5959    28.8439 0.0000e+00
    140.000    14.5890     0.1986    98.4399 1.0000e-12 2.1432e+00    181.193    14.5675    38.5965    28.8450 0.0000e+00
    141.000    14.5872     0.1993    98.4428 1.0000e-12 2.6193e+00    181.003    14.5656    38.5997    28.8479 0.0000e+00
    142.000    14.5914     0.2030    98.4380 1.0000e-12 2.1895e+00    180.840    14.5697    38.6041    28.8504 0.0000e+00
    143.000    14.6015     0.2018    98.4460 1.0000e-12 2.7367e+00    180.629    14.5797    38.6097    28.8525 0.0000e+00
    144.000    14.6365     0.2013    98.4299 1.0000e-12 2.3859e+00    181.117    14.6144    38.6284    28.8592 0.0000e+00
    145.000    14.6953     0.1968    98.4430 1.0000e-12 3.2456e+00    180.661    14.6730    38.6604    28.8709 0.0000e+00
    146.000    14.7090     0.1932    98.4322 1.0000e-12 3.5513e+00    180.474    14.6865    38.6679    28.8737 0.0000e+00
    147.000    14.7082     0.1885    98.4397 1.0000e-12 2.8270e+00    179.738    14.6855    38.6678    28.8738 0.0000e+00
    148.000    14.7043     0.1884    98.4276 1.0000e-12 3.1135e+00    179.955    14.6816    38.6697    28.8762 0.0000e+00
    149.000    14.7051     0.1852    98.4294 -9.990e-29 3.2880e+00    179.362    14.6822    38.6735    28.8790 0.0000e+00
    150.000    14.6953     0.1919    98.4303 -9.990e-29 3.1445e+00    178.883    14.6723    38.6728    28.8806 0.0000e+00
    151.000    14.6992     0.1987    98.4394 1.9696e-05 3.2525e+00    179.074    14.6760    38.6755    28.8819 0.0000e+00
    152.000    14.7008     0.1894    98.4411 2.7021e-07 1.7571e+00    178.731    14.6775    38.6767    28.8825 0.0000e+00
    153.000    14.7067     0.1915    98.4309 1.0000e-12 2.9622e+00    178.622    14.6831    38.6797    28.8835 0.0000e+00
    154.000    14.7343     0.1883    98.4145 -9.990e-29 2.6704e+00    178.652    14.7105    38.6950    28.8893 0.0000e+00
    155.000    14.7332     0.1847    98.3941 1.0000e-12 2.5072e+00    178.163    14.7093    38.6982    28.8920 0.0000e+00
    156.000    14.7174     0.1881    98.4139 1.0000e-12 4.2261e+00    177.604    14.6933    38.6962    28.8940 0.0000e+00
    157.000    14.6945     0.1907    98.4291 1.0000e-12 4.2536e+00    177.149    14.6703    38.6956    28.8987 0.0000e+00
    158.000    14.6901     0.1896    98.4265 -9.990e-29 3.0137e+00    177.201    14.6658    38.6964    28.9004 0.0000e+00
    159.000    14.6891     0.1817    98.4240 -9.990e-29 2.8456e+00    177.146    14.6646    38.6971    28.9011 0.0000e+00
    160.000    14.6877     0.1875    98.4264 -9.990e-29 2.1590e+00    177.354    14.6631    38.6976    28.9019 0.0000e+00
    161.000    14.6868     0.1862    98.4295 -9.990e-29 3.1879e+00    177.063    14.6620    38.6979    28.9023 0.0000e+00
    162.000    14.6854     0.1901    98.4178 -9.990e-29 3.3541e+00    177.175    14.6604    38.6980    28.9028 0.0000e+00
    163.000    14.6828     0.1823    98.4401 -9.990e-29 3.0130e+00    176.952    14.6577    38.6976    28.9030 0.0000e+00
    164.000    14.6785     0.1873    98.4415 -9.990e-29 2.2092e+00    176.607    14.6533    38.6971    28.9037 0.0000e+00
    165.000    14.6712     0.1905    98.4436 1.0000e-12 2.5302e+00    176.727    14.6458    38.6962    28.9047 0.0000e+00
    166.000    14.6583     0.1909    98.4373 1.0000e-12 2.4377e+00    176.073    14.6328    38.6943    28.9061 0.0000e+00
    167.000    14.6412     0.1923    98.4584 1.0000e-12 3.2946e+00    175.455    14.6155    38.6937    28.9095 0.0000e+00
    168.000    14.6349     0.1884    98.4704 1.0000e-12 3.3893e+00    175.256    14.6092    38.6972    28.9137 0.0000e+00
    169.000    14.5959     0.1897    98.4836 1.0000e-12 2.3883e+00    173.894    14.5700    38.6923    28.9186 0.0000e+00
    170.000    14.5655     0.1840    98.4986 1.0000e-12 2.5248e+00    173.493    14.5395    38.6897    28.9233 0.0000e+00
    171.000    14.5646     0.1872    98.5161 1.0000e-12 2.6505e+00    173.545    14.5384    38.6918    28.9252 0.0000e+00
    172.000    14.5594     0.1882    98.5262 1.0000e-12 2.5742e+00    173.298    14.5331    38.6931    28.9274 0.0000e+00
    173.000    14.5566     0.1843    98.5420 1.0000e-12 2.2421e+00    173.241    14.5302    38.6950    28.9295 0.0000e+00
    174.000    14.5517     0.1806    98.5411 1.0000e-12 2.0330e+00    173.180    14.5251    38.6967    28.9320 0.0000e+00
    175.000    14.5468     0.1864    98.5443 1.0000e-12 2.4890e+00    173.144    14.5200    38.6980    28.9340 0.0000e+00
    176.000    14.5412     0.1856    98.5484 1.0000e-12 2.9780e+00    173.174    14.5143    38.6988    28.9360 0.0000e+00
    177.000    14.5354     0.1901    98.5440 1.0000e-12 2.2575e+00    173.416    14.5084    38.6993    28.9377 0.0000e+00
    178.000    14.5317     0.1851    98.5483 1.0000e-12 3.7940e+00    172.689    14.5045    38.7005    28.9394 0.0000e+00
    179.000    14.5269     0.1892    98.5490 1.0000e-12 4.7114e+00    172.757    14.4996    38.7006    28.9406 0.0000e+00
    180.000    14.5335     0.1841    98.5585 1.0000e-12 3.0383e+00    173.256    14.5060    38.7057    28.9431 0.0000e+00
    181.000    14.5570     0.1845    98.5614 1.0000e-12 2.4821e+00    173.263    14.5293    38.7192    28.9484 0.0000e+00
    182.000    14.5759     0.1847    98.5505 1.0000e-12 2.6085e+00    173.612    14.5480    38.7284    28.9513 0.0000e+00
    183.000    14.5830     0.1890    98.5405 1.0000e-12 3.5409e+00    173.550    14.5550    38.7309    28.9517 0.0000e+00
    184.000    14.5863     0.1890    98.5535 1.0000e-12 1.8555e+00    173.086    14.5581    38.7327    28.9524 0.0000e+00
    185.000    14.5832     0.1853    98.5539 1.0000e-12 3.4491e+00    173.018    14.5548    38.7332    28.9535 0.0000e+00
    186.000    14.5770     0.1890    98.5528 1.0000e-12 2.2903e+00    172.806    14.5485    38.7324    28.9543 0.0000e+00
    187.000    14.5722     0.1916    98.5541 1.0000e-12 2.2906e+00    173.157    14.5436    38.7317    28.9549 0.0000e+00
    188.000    14.5711     0.1876    98.5564 1.0000e-12 3.7302e+00    172.735    14.5423    38.7315    28.9550 0.0000e+00
    189.000    14.5704     0.1837    98.5571 1.0000e-12 2.9799e+00    172.708    14.5415    38.7314    28.9552 0.0000e+00
    190.000    14.5747     0.1827    98.5626 1.0000e-12 2.2457e+00    173.004    14.5456    38.7349    28.9569 0.0000e+00
    191.000    14.5788     0.1835    98.5584 1.0000e-12 2.5549e+00    173.165    14.5496    38.7372    28.9578 0.0000e+00
    192.000    14.5609     0.1859    98.5523 -9.990e-29 2.3109e+00    172.286    14.5315    38.7329    28.9585 0.0000e+00
    193.000    14.5232     0.1898    98.5651 1.0000e-12 2.9680e+00    171.965    14.4937    38.7265    28.9620 0.0000e+00
    194.000    14.5057     0.1851    98.5742 1.0000e-12 3.2846e+00    171.462    14.4760    38.7238    28.9638 0.0000e+00
    195.000    14.5001     0.1862    98.5720 1.0000e-12 2.6647e+00    172.191    14.4703    38.7229    28.9644 0.0000e+00
    196.000    14.4962     0.1929    98.5760 1.0000e-12 3.3956e+00    171.941    14.4663    38.7221    28.9646 0.0000e+00
    197.000    14.4920     0.1842    98.5771 1.0000e-12 3.7784e+00    171.641    14.4619    38.7218    28.9653 0.0000e+00
    198.000    14.4894     0.1816    98.5838 1.0000e-12 2.8646e+00    171.724    14.4592    38.7219    28.9660 0.0000e+00
    199.000    14.4871     0.1822    98.5936 1.0000e-12 1.6957e+00    171.541    14.4568    38.7226    28.9671 0.0000e+00
    200.000    14.4860     0.1903    98.5912 1.0000e-12 2.3404e+00    171.506    14.4555    38.7241    28.9686 0.0000e+00
    201.000    14.4861     0.1863    98.5967 1.0000e-12 3.3410e+00    171.268    14.4554    38.7264    28.9704 0.0000e+00
    202.000    14.4825     0.1828    98.6038 1.0000e-12 1.9784e+00    171.717    14.4517    38.7277    28.9722 0.0000e+00
    203.000    14.4813     0.1842    98.6037 1.0000e-12 2.4024e+00    171.984    14.4503    38.7282    28.9729 0.0000e+00
    204.000    14.4820     0.1836    98.6037 1.0000e-12 2.1637e+00    171.194    14.4509    38.7309    28.9748 0.0000e+00
    205.000    14.4811     0.1828    98.6037 1.0000e-12 2.8199e+00    171.229    14.4498    38.7316    28.9756 0.0000e+00
    206.000    14.4745     0.1858    98.6037 1.0000e-12 2.3506e+00    171.133    14.4431    38.7317    28.9772 0.0000e+00
    207.000    14.4680     0.1858    98.6037 1.0000e-12 3.9436e+00    171.151    14.4364    38.7325    28.9793 0.0000e+00
    208.000    14.4622     0.1904    98.6043 1.0000e-12 2.1575e+00    170.931    14.4305    38.7329    28.9809 0.0000e+00
    209.000    14.4600     0.1901    98.6111 1.0000e-12 3.0814e+00    170.919    14.4281    38.7331    28.9816 0.0000e+00
    210.000    14.4529     0.1896    98.6174 1.0000e-12 2.8763e+00    170.785    14.4208    38.7323    28.9826 0.0000e+00
    211.000    14.4464     0.1871    98.6209 1.0000e-12 2.8446e+00    170.527    14.4142    38.7325    28.9842 0.0000e+00
    212.000    14.4464     0.1826    98.6234 1.0000e-12 3.3113e+00    170.878    14.4141    38.7332    28.9848 0.0000e+00
    213.000    14.4505     0.1828    98.6203 1.0000e-12 2.7282e+00    170.672    14.4180    38.7357    28.9858 0.0000e+00
    214.000    14.4550     0.1816    98.6228 1.0000e-12 2.2793e+00    170.596    14.4223    38.7375    28.9863 0.0000e+00
    215.000    14.4518     0.1878    98.6231 1.0000e-12 2.9372e+00    170.571    14.4190    38.7373    28.9869 0.0000e+00
    216.000    14.4468     0.1894    98.6178 1.0000e-12 2.2676e+00    170.573    14.4139    38.7371    28.9878 0.0000e+00
    217.000    14.4448     0.1894    98.6234 1.0000e-12 2.0278e+00    170.049    14.4117    38.7378    28.9889 0.0000e+00
    218.000    14.4452     0.1871    98.6141 1.0000e-12 2.6734e+00    170.479    14.4120    38.7393    28.9899 0.0000e+00
    219.000    14.4458     0.1816    98.6217 1.0000e-12 3.9554e+00    170.698    14.4124    38.7403    28.9907 0.0000e+00
    220.000    14.4435     0.1923    98.6192 1.0000e-12 2.3874e+00    170.384    14.4099    38.7409    28.9916 0.0000e+00
    221.000    14.4347     0.1892    98.6183 1.0000e-12 2.8295e+00    169.961    14.4010    38.7394    28.9925 0.0000e+00
    222.000    14.4261     0.1861    98.6298 -9.990e-29 2.5484e+00    170.546    14.3923    38.7386    28.9938 0.0000e+00
    223.000    14.4245     0.1883    98.6309 -9.990e-29 3.1419e+00    170.380    14.3906    38.7390    28.9944 0.0000e+00
    224.000    14.4261     0.1851    98.6325 -9.990e-29 2.8737e+00    170.473    14.3919    38.7403    28.9951 0.0000e+00
    225.000    14.4337     0.1857    98.6150 1.0000e-12 3.2543e+00    169.940    14.3994    38.7445    28.9967 0.0000e+00
    226.000    14.4359     0.1865    98.6296 1.0000e-12 4.6095e+00    170.173    14.4014    38.7454    28.9970 0.0000e+00
    227.000    14.4325     0.1889    98.6298 1.0000e-12 3.2580e+00    170.158    14.3979    38.7450    28.9975 0.0000e+00
    228.000    14.4328     0.1860    98.6298 -9.990e-29 3.4354e+00    169.745    14.3981    38.7463    28.9984 0.0000e+00
    229.000    14.4353     0.1817    98.6298 -9.990e-29 2.9940e+00    169.608    14.4004    38.7488    28.9999 0.0000e+00
    230.000    14.4360     0.1806    98.6268 -9.990e-29 2.5311e+00    169.416    14.4010    38.7491    29.0000 0.0000e+00
    231.000    14.4334     0.1874    98.6037 1.0000e-12 3.0714e+00    169.390    14.3982    38.7489    29.0005 0.0000e+00
    232.000    14.4320     0.1838    98.6288 1.0000e-12 2.6444e+00    169.581    14.3967    38.7494    29.0012 0.0000e+00
    233.000    14.4312     0.1828    98.6227 3.3225e-06 2.3287e+00    169.600    14.3957    38.7498    29.0017 0.0000e+00
    234.000    14.4312     0.1856    98.6299 6.8195e-05 4.1028e+00    169.164    14.3956    38.7509    29.0025 0.0000e+00
    235.000    14.4338     0.1889    98.6298 3.7758e-04 3.7874e+00    169.548    14.3980    38.7533    29.0039 0.0000e+00
    236.000    14.4337     0.1855    98.6298 1.8065e-04 2.2799e+00    169.454    14.3977    38.7538    29.0043 0.0000e+00
    237.000    14.4305     0.1861    98.6298 1.8866e-06 2.9263e+00    168.674    14.3943    38.7548    29.0059 0.0000e+00
    238.000    14.4289     0.1900    98.6273 1.7625e-04 1.8409e+00    169.154    14.3927    38.7556    29.0068 0.0000e+00
    239.000    14.4267     0.1867    98.6265 7.8579e-05 2.7254e+00    169.507    14.3902    38.7556    29.0074 0.0000e+00
    240.000    14.4274     0.1840    98.6304 1.6621e-04 2.8117e+00    169.084    14.3908    38.7563    29.0078 0.0000e+00
    241.000    14.4244     0.1858    98.6326 3.9664e-04 2.5437e+00    168.933    14.3876    38.7561    29.0084 0.0000e+00
    242.000    14.4170     0.1855    98.6374 1.2336e-04 2.1635e+00    169.025    14.3801    38.7556    29.0096 0.0000e+00
    243.000    14.4159     0.1858    98.6352 3.8642e-07 2.5050e+00    169.153    14.3788    38.7564    29.0105 0.0000e+00
    244.000    14.4169     0.1842    98.6215 1.0000e-12 3.0041e+00    169.014    14.3797    38.7577    29.0114 0.0000e+00
    245.000    14.4169     0.1839    98.6314 -9.990e-29 3.1048e+00    169.081    14.3796    38.7582    29.0118 0.0000e+00
    246.000    14.4152     0.1815    98.6324 1.0000e-12 2.8527e+00    168.576    14.3777    38.7583    29.0122 0.0000e+00
    247.000    14.4137     0.1818    98.6360 1.0000e-12 2.8623e+00    168.758    14.3760    38.7586    29.0129 0.0000e+00
    248.000    14.4131     0.1829    98.6422 1.0000e-12 2.5124e+00    169.036    14.3753    38.7587    29.0131 0.0000e+00
    249.000    14.4138     0.1874    98.6312 1.0000e-12 3.3274e+00    168.895    14.3758    38.7597    29.0138 0.0000e+00
    250.000    14.4138     0.1818    98.6359 -9.990e-29 2.7662e+00    168.498    14.3757    38.7599    29.0140 0.0000e+00
    251.000    14.4106     0.1810    98.6452 1.0000e-12 2.4589e+00    169.215    14.3723    38.7598    29.0146 0.0000e+00
    252.000    14.4076     0.1823    98.6285 1.0000e-12 2.7695e+00    168.984    14.3692    38.7600    29.0154 0.0000e+00
    253.000    14.4059     0.1870    98.6425 1.0000e-12 3.4652e+00    168.508    14.3673    38.7601    29.0159 0.0000e+00
    254.000    14.4020     0.1868    98.6444 1.0000e-12 2.0988e+00    168.291    14.3632    38.7599    29.0167 0.0000e+00
    255.000    14.3988     0.1951    98.6422 1.0000e-12 2.7224e+00    168.333    14.3600    38.7596    29.0172 0.0000e+00
    256.000    14.3938     0.1933    98.6428 1.0000e-12 3.1132e+00    168.057    14.3548    38.7594    29.0182 0.0000e+00
    257.000    14.3926     0.1921    98.6449 1.0000e-12 3.9207e+00    168.214    14.3534    38.7594    29.0185 0.0000e+00
    258.000    14.3912     0.1841    98.6475 1.0000e-12 3.4232e+00    168.119    14.3519    38.7601    29.0193 0.0000e+00
    259.000    14.3940     0.1880    98.6394 3.1322e-04 2.6880e+00    167.810    14.3546    38.7623    29.0204 0.0000e+00
    260.000    14.3975     0.1970    98.6453 1.0931e-03 3.3198e+00    168.063    14.3579    38.7637    29.0208 0.0000e+00
    261.000    14.4000     0.1918    98.6513 -1.147e-05 1.9291e+00    168.374    14.3602    38.7646    29.0210 0.0000e+00
    262.000    14.4020     0.1872    98.6496 -9.990e-29 3.2450e+00    168.522    14.3621    38.7657    29.0214 0.0000e+00
