Data/ruptures/PEACETIME/TYR/PEACETIME_TYR_CTD_016.cnv
* Sea-Bird SBE 9 Data File:
* FileName = C:\CTD\rawCTD\PEACETIME_TYR_CTD_016.hdr
* Software Version Seasave V 7.23.2
* Temperature SN = 1378
* Conductivity SN = 2929
* Number of Bytes Per Scan = 34
* Number of Voltage Words = 5
* Number of Scans Averaged by the Deck Unit = 1
* NMEA Latitude = 39 20.44 N
* NMEA Longitude = 012 35.72 E
* NMEA UTC (Time) = May 17 2017  09:54:53
* NMEA baud rate = 4800
** Cruise:   PEACETIME
** Station:   TYR_CTD_016
# nquan = 11
# nvalues = 3438                        
# units = specified
# name 0 = prDM: Pressure, Digiquartz [db]
# name 1 = t090C: Temperature [ITS-90, deg C]
# name 2 = flC: Fluorescence, Chelsea Aqua 3 Chl Con [ug/l]
# name 3 = CStarTr0: Beam Transmission, WET Labs C-Star [%]
# name 4 = par: PAR/Irradiance, Biospherical/Licor
# name 5 = spar: SPAR/Surface Irradiance
# name 6 = sbeox0Mm/Kg: Oxygen, SBE 43 [umol/kg]
# name 7 = potemp090C: Potential Temperature [ITS-90, deg C]
# name 8 = sal00: Salinity, Practical [PSU]
# name 9 = sigma-é00: Density [sigma-theta, kg/m^3]
# name 10 = flag:
# span 0 =      2.000,   3439.000       
# span 1 =    13.3931,    19.8015       
# span 2 =     0.1721,     0.3246       
# span 3 =    95.8202,    98.8171       
# span 4 = -1.516e-05, 1.5662e+03       
# span 5 = 2.2676e+03, 2.2984e+03       
# span 6 =    164.431,    238.508       
# span 7 =    12.9666,    19.8010       
# span 8 =    37.8945,    38.8239       
# span 9 =    27.0792,    29.1131       
# span 10 = 0.0000e+00, 0.0000e+00      
# interval = decibars: 1                
# start_time = May 17 2017 09:54:53 [NMEA time, header]
# bad_flag = -9.990e-29
*END*
[from data line 3148]
   3150.000    13.4749     0.1866    98.7224 3.2484e-03 2.2756e+03    174.379    12.9741    38.4980    29.1113 0.0000e+00
   3151.000    13.4751     0.1920    98.7305 2.3984e-03 2.2761e+03    174.341    12.9741    38.4980    29.1112 0.0000e+00
   3152.000    13.4752     0.1927    98.7082 1.3091e-03 2.2768e+03    174.280    12.9739    38.4981    29.1114 0.0000e+00
   3153.000    13.4753     0.1874    98.7201 1.4370e-03 2.2783e+03    174.575    12.9739    38.4980    29.1113 0.0000e+00
   3154.000    13.4755     0.1970    98.7284 2.0217e-03 2.2767e+03    174.562    12.9740    38.4979    29.1113 0.0000e+00
   3155.000    13.4757     0.1900 -9.990e-29 2.1286e-03 2.2779e+03    174.254    12.9739    38.4980    29.1113 0.0000e+00
   3156.000    13.4759     0.1934 -9.990e-29 1.2698e-03 2.2732e+03    174.431    12.9740    38.4980    29.1113 0.0000e+00
   3157.000    13.4761     0.1988 -9.990e-29 8.3997e-04 2.2737e+03    174.132    12.9740    38.4979    29.1113 0.0000e+00
   3158.000    13.4762     0.1943    98.7338 5.1395e-04 2.2780e+03    174.035    12.9740    38.4981    29.1114 0.0000e+00
   3159.000    13.4765     0.1903    98.7213 3.4635e-04 2.2747e+03    174.065    12.9741    38.4980    29.1113 0.0000e+00
   3160.000    13.4766     0.1934    98.7265 6.0091e-04 2.2712e+03    174.333    12.9740    38.4982    29.1115 0.0000e+00
   3161.000    13.4768     0.1904    98.7286 6.1629e-04 2.2720e+03    174.221    12.9740    38.4980    29.1113 0.0000e+00
   3162.000    13.4770     0.1945    98.7203 1.2112e-03 2.2751e+03    174.407    12.9740    38.4980    29.1113 0.0000e+00
   3163.000    13.4772     0.1962    98.7251 3.1802e-03 2.2748e+03    174.318    12.9740    38.4979    29.1112 0.0000e+00
   3164.000    13.4773     0.1901    98.7213 1.5342e-03 2.2737e+03    174.069    12.9740    38.4981    29.1114 0.0000e+00
   3165.000    13.4775     0.1909    98.7213 1.0313e-03 2.2752e+03    174.171    12.9740    38.4981    29.1114 0.0000e+00
   3166.000    13.4778     0.1950    98.7140 1.5434e-03 2.2767e+03    174.277    12.9741    38.4981    29.1113 0.0000e+00
   3167.000    13.4779     0.1910    98.7182 1.1533e-03 2.2734e+03    174.302    12.9740    38.4980    29.1113 0.0000e+00
   3168.000    13.4781     0.1913    98.7141 4.0434e-04 2.2720e+03    174.253    12.9740    38.4980    29.1113 0.0000e+00
   3169.000    13.4782     0.1910    98.7130 9.5331e-04 2.2775e+03    174.436    12.9740    38.4981    29.1114 0.0000e+00
   3170.000    13.4783     0.1900    98.7078 1.6005e-03 2.2802e+03    174.490    12.9739    38.4980    29.1113 0.0000e+00
   3171.000    13.4784     0.1859 -9.990e-29 1.7115e-03 2.2790e+03    174.403    12.9739    38.4980    29.1114 0.0000e+00
   3172.000    13.4786     0.1850 -9.990e-29 1.6600e-03 2.2807e+03    174.291    12.9738    38.4981    29.1114 0.0000e+00
   3173.000    13.4788     0.1879 -9.990e-29 8.0037e-04 2.2745e+03    174.307    12.9739    38.4980    29.1113 0.0000e+00
   3174.000    13.4789     0.1940 -9.990e-29 1.2906e-03 2.2767e+03    174.343    12.9739    38.4981    29.1114 0.0000e+00
   3175.000    13.4790     0.2054 -9.990e-29 5.4371e-04 2.2747e+03    174.191    12.9737    38.4980    29.1114 0.0000e+00
   3176.000    13.4791     0.2008 -9.990e-29 4.0948e-04 2.2738e+03    174.184    12.9737    38.4980    29.1114 0.0000e+00
   3177.000    13.4793     0.1986 -9.990e-29 4.2431e-04 2.2739e+03    174.534    12.9737    38.4980    29.1114 0.0000e+00
   3178.000    13.4793     0.1933 -9.990e-29 5.2003e-04 2.2756e+03    174.469    12.9736    38.4981    29.1114 0.0000e+00
   3179.000    13.4795     0.1895 -9.990e-29 1.0399e-03 2.2725e+03    174.365    12.9736    38.4980    29.1114 0.0000e+00
   3180.000    13.4795     0.1908 -9.990e-29 1.6198e-03 2.2753e+03    174.375    12.9733    38.4980    29.1114 0.0000e+00
   3181.000    13.4795     0.1945 -9.990e-29 1.7843e-04 2.2777e+03    174.365    12.9732    38.4979    29.1114 0.0000e+00
   3182.000    13.4796     0.1946 -9.990e-29 9.7958e-04 2.2788e+03    174.127    12.9731    38.4980    29.1115 0.0000e+00
   3183.000    13.4797     0.1880 -9.990e-29 1.1614e-03 2.2719e+03    174.139    12.9730    38.4979    29.1114 0.0000e+00
   3184.000    13.4798     0.1897 -9.990e-29 -7.946e-06 2.2733e+03    174.418    12.9730    38.4979    29.1114 0.0000e+00
   3185.000    13.4799     0.1942 -9.990e-29 3.1526e-04 2.2764e+03    174.492    12.9729    38.4979    29.1114 0.0000e+00
   3186.000    13.4800     0.1947 -9.990e-29 1.4366e-04 2.2761e+03    174.697    12.9728    38.4979    29.1115 0.0000e+00
   3187.000    13.4801     0.1935 -9.990e-29 1.6086e-03 2.2772e+03    174.508    12.9727    38.4979    29.1115 0.0000e+00
   3188.000    13.4803     0.1932 -9.990e-29 1.1940e-03 2.2728e+03    174.404    12.9728    38.4978    29.1114 0.0000e+00
   3189.000    13.4804     0.1879 -9.990e-29 7.9180e-04 2.2756e+03    174.388    12.9727    38.4979    29.1115 0.0000e+00
   3190.000    13.4806     0.1834 -9.990e-29 5.4082e-04 2.2740e+03    174.209    12.9727    38.4979    29.1115 0.0000e+00
   3191.000    13.4808     0.1912 -9.990e-29 3.1643e-04 2.2766e+03    174.226    12.9727    38.4978    29.1114 0.0000e+00
   3192.000    13.4809     0.1959 -9.990e-29 3.1643e-04 2.2748e+03    174.470    12.9727    38.4979    29.1115 0.0000e+00
   3193.000    13.4809     0.1931 -9.990e-29 1.4105e-03 2.2736e+03    174.467    12.9725    38.4978    29.1114 0.0000e+00
   3194.000    13.4809     0.1934 -9.990e-29 1.9140e-03 2.2756e+03    173.924    12.9723    38.4977    29.1114 0.0000e+00
   3195.000    13.4810     0.1911 -9.990e-29 2.5049e-03 2.2781e+03    174.154    12.9722    38.4978    29.1115 0.0000e+00
   3196.000    13.4811     0.1937 -9.990e-29 3.3437e-03 2.2762e+03    174.217    12.9722    38.4977    29.1115 0.0000e+00
   3197.000    13.4813     0.1922 -9.990e-29 5.1378e-04 2.2746e+03    174.083    12.9722    38.4977    29.1114 0.0000e+00
   3198.000    13.4814     0.1911 -9.990e-29 4.0008e-04 2.2749e+03    174.207    12.9721    38.4977    29.1114 0.0000e+00
   3199.000    13.4815     0.1938 -9.990e-29 6.0301e-04 2.2779e+03    174.270    12.9721    38.4976    29.1114 0.0000e+00
   3200.000    13.4817     0.1921 -9.990e-29 2.5389e-04 2.2759e+03    174.421    12.9721    38.4976    29.1114 0.0000e+00
   3201.000    13.4818     0.1906 -9.990e-29 1.1220e-03 2.2777e+03    174.468    12.9720    38.4976    29.1114 0.0000e+00
   3202.000    13.4819     0.1933 -9.990e-29 1.1680e-03 2.2758e+03    174.699    12.9719    38.4976    29.1115 0.0000e+00
   3203.000    13.4821     0.1936 -9.990e-29 4.8421e-04 2.2796e+03    174.621    12.9719    38.4976    29.1114 0.0000e+00
   3204.000    13.4822     0.1923 -9.990e-29 2.0073e-03 2.2777e+03    174.496    12.9719    38.4976    29.1115 0.0000e+00
   3205.000    13.4824     0.1972 -9.990e-29 2.6826e-03 2.2748e+03    174.458    12.9719    38.4976    29.1114 0.0000e+00
   3206.000    13.4826     0.1994    98.6964 3.1791e-03 2.2775e+03    174.405    12.9719    38.4976    29.1114 0.0000e+00
   3207.000    13.4827     0.1962    98.7047 1.5563e-03 2.2736e+03    174.489    12.9718    38.4976    29.1114 0.0000e+00
   3208.000    13.4829     0.1942    98.7048 1.0088e-03 2.2712e+03    174.171    12.9718    38.4977    29.1115 0.0000e+00
   3209.000    13.4830     0.1898    98.7068 1.3181e-03 2.2751e+03    174.408    12.9718    38.4977    29.1115 0.0000e+00
   3210.000    13.4833     0.1943    98.6882 8.1324e-04 2.2737e+03    174.731    12.9719    38.4978    29.1116 0.0000e+00
   3211.000    13.4834     0.2002 -9.990e-29 1.0448e-03 2.2732e+03    174.547    12.9718    38.4977    29.1115 0.0000e+00
   3212.000    13.4835     0.1969 -9.990e-29 1.0898e-03 2.2781e+03    174.154    12.9718    38.4977    29.1115 0.0000e+00
   3213.000    13.4838     0.1977 -9.990e-29 9.0127e-04 2.2795e+03    174.140    12.9719    38.4977    29.1115 0.0000e+00
   3214.000    13.4840     0.1973    98.7020 1.7021e-03 2.2717e+03    174.483    12.9719    38.4977    29.1115 0.0000e+00
   3215.000    13.4841     0.1953    98.7068 7.5574e-04 2.2770e+03    174.522    12.9718    38.4977    29.1116 0.0000e+00
   3216.000    13.4841     0.1985    98.7068 1.2735e-03 2.2701e+03    174.355    12.9717    38.4977    29.1115 0.0000e+00
   3217.000    13.4842     0.1927    98.6974 2.6714e-04 2.2768e+03    174.551    12.9716    38.4976    29.1115 0.0000e+00
   3218.000    13.4845     0.1918    98.7079 9.9711e-04 2.2767e+03    174.250    12.9717    38.4977    29.1115 0.0000e+00
   3219.000    13.4846     0.1933 -9.990e-29 2.9981e-04 2.2717e+03    174.303    12.9716    38.4977    29.1115 0.0000e+00
   3220.000    13.4847     0.1932 -9.990e-29 1.7430e-03 2.2776e+03    174.398    12.9716    38.4976    29.1115 0.0000e+00
   3221.000    13.4849     0.2024 -9.990e-29 2.5756e-03 2.2797e+03    174.274    12.9716    38.4976    29.1115 0.0000e+00
   3222.000    13.4850     0.1967 -9.990e-29 3.0412e-03 2.2753e+03    174.425    12.9715    38.4977    29.1116 0.0000e+00
   3223.000    13.4853     0.1881 -9.990e-29 2.5842e-03 2.2774e+03    174.521    12.9716    38.4975    29.1114 0.0000e+00
   3224.000    13.4854     0.1965 -9.990e-29 1.3919e-04 2.2751e+03    174.657    12.9716    38.4976    29.1115 0.0000e+00
   3225.000    13.4855     0.1960 -9.990e-29 8.7502e-04 2.2789e+03    174.619    12.9715    38.4977    29.1116 0.0000e+00
   3226.000    13.4858     0.1976 -9.990e-29 1.8073e-03 2.2762e+03    174.463    12.9716    38.4976    29.1115 0.0000e+00
   3227.000    13.4859     0.1966 -9.990e-29 1.1987e-03 2.2737e+03    174.631    12.9715    38.4976    29.1115 0.0000e+00
   3228.000    13.4860     0.1967 -9.990e-29 3.1717e-03 2.2776e+03    174.674    12.9715    38.4976    29.1115 0.0000e+00
   3229.000    13.4861     0.1920 -9.990e-29 2.6840e-03 2.2760e+03    174.505    12.9714    38.4976    29.1115 0.0000e+00
   3230.000    13.4862     0.1869 -9.990e-29 2.3453e-03 2.2721e+03    174.576    12.9713    38.4976    29.1115 0.0000e+00
   3231.000    13.4865     0.1898 -9.990e-29 2.0885e-03 2.2740e+03    174.578    12.9714    38.4975    29.1115 0.0000e+00
   3232.000    13.4867     0.1911 -9.990e-29 1.3783e-03 2.2751e+03    174.474    12.9714    38.4975    29.1115 0.0000e+00
   3233.000    13.4868     0.1959 -9.990e-29 3.0062e-03 2.2781e+03    174.737    12.9714    38.4976    29.1115 0.0000e+00
   3234.000    13.4870     0.1940    98.6922 1.7012e-03 2.2750e+03    174.610    12.9714    38.4976    29.1115 0.0000e+00
   3235.000    13.4873     0.1942    98.6995 7.0224e-04 2.2742e+03    174.543    12.9715    38.4975    29.1115 0.0000e+00
   3236.000    13.4874     0.1917    98.7098 6.9270e-04 2.2732e+03    174.354    12.9714    38.4977    29.1116 0.0000e+00
   3237.000    13.4876     0.1917    98.7068 6.9587e-04 2.2772e+03    174.263    12.9714    38.4976    29.1115 0.0000e+00
   3238.000    13.4877     0.1934    98.7078 1.3657e-03 2.2770e+03    174.267    12.9714    38.4975    29.1115 0.0000e+00
   3239.000    13.4879     0.1895 -9.990e-29 1.6232e-03 2.2806e+03    174.524    12.9714    38.4975    29.1114 0.0000e+00
   3240.000    13.4879     0.1941 -9.990e-29 1.3068e-03 2.2761e+03    174.384    12.9712    38.4976    29.1116 0.0000e+00
   3241.000    13.4881     0.1990 -9.990e-29 2.2975e-03 2.2755e+03    174.267    12.9712    38.4976    29.1116 0.0000e+00
   3242.000    13.4883     0.1960 -9.990e-29 1.7250e-03 2.2734e+03    174.334    12.9713    38.4976    29.1115 0.0000e+00
   3243.000    13.4884     0.1951 -9.990e-29 1.7855e-03 2.2764e+03    174.362    12.9711    38.4976    29.1116 0.0000e+00
   3244.000    13.4884     0.1925 -9.990e-29 1.8333e-03 2.2740e+03    174.340    12.9710    38.4975    29.1116 0.0000e+00
   3245.000    13.4886     0.1939 -9.990e-29 3.8265e-04 2.2742e+03    174.536    12.9711    38.4975    29.1115 0.0000e+00
   3246.000    13.4888     0.1948    98.6883 1.1748e-03 2.2777e+03    174.542    12.9710    38.4976    29.1116 0.0000e+00
   3247.000    13.4889     0.1978    98.7047 6.0017e-04 2.2765e+03    174.617    12.9710    38.4976    29.1116 0.0000e+00
   3248.000    13.4892     0.2005    98.7078 8.0551e-04 2.2747e+03    174.540    12.9711    38.4975    29.1115 0.0000e+00
   3249.000    13.4893     0.1950    98.7078 9.9074e-04 2.2739e+03    174.274    12.9710    38.4975    29.1115 0.0000e+00
   3250.000    13.4893     0.1955    98.7078 1.1474e-03 2.2765e+03    174.172    12.9709    38.4975    29.1116 0.0000e+00
   3251.000    13.4895     0.2022 -9.990e-29 7.1158e-04 2.2740e+03    174.283    12.9709    38.4975    29.1116 0.0000e+00
   3252.000    13.4896     0.1949 -9.990e-29 1.6040e-03 2.2733e+03    174.423    12.9708    38.4975    29.1115 0.0000e+00
   3253.000    13.4899     0.1898 -9.990e-29 1.2054e-03 2.2774e+03    174.450    12.9709    38.4975    29.1115 0.0000e+00
   3254.000    13.4900     0.1956 -9.990e-29 2.1200e-03 2.2774e+03    174.447    12.9709    38.4975    29.1116 0.0000e+00
   3255.000    13.4902     0.1926 -9.990e-29 2.5251e-03 2.2784e+03    174.198    12.9709    38.4974    29.1115 0.0000e+00
   3256.000    13.4904     0.1895 -9.990e-29 2.3531e-03 2.2745e+03    174.468    12.9709    38.4974    29.1115 0.0000e+00
   3257.000    13.4905     0.1903 -9.990e-29 2.3617e-03 2.2752e+03    174.239    12.9709    38.4974    29.1115 0.0000e+00
   3258.000    13.4906     0.1926    98.7010 1.8347e-03 2.2785e+03    174.156    12.9707    38.4974    29.1115 0.0000e+00
   3259.000    13.4908     0.1959    98.6999 2.6789e-03 2.2745e+03    174.147    12.9707    38.4974    29.1115 0.0000e+00
   3260.000    13.4909     0.1943    98.6580 2.2865e-03 2.2757e+03    174.299    12.9706    38.4975    29.1116 0.0000e+00
   3261.000    13.4911     0.1917    98.6988 1.9194e-03 2.2740e+03    174.372    12.9707    38.4974    29.1115 0.0000e+00
   3262.000    13.4913     0.1946    98.7078 1.8405e-03 2.2740e+03    174.327    12.9707    38.4974    29.1115 0.0000e+00
   3263.000    13.4913     0.1995 -9.990e-29 2.1119e-03 2.2764e+03    174.492    12.9706    38.4974    29.1115 0.0000e+00
   3264.000    13.4915     0.2007 -9.990e-29 6.8400e-04 2.2732e+03    174.500    12.9706    38.4974    29.1115 0.0000e+00
   3265.000    13.4916     0.2019 -9.990e-29 1.9696e-04 2.2730e+03    174.615    12.9705    38.4976    29.1117 0.0000e+00
   3266.000    13.4918     0.1992    98.7052 3.1129e-04 2.2733e+03    174.470    12.9705    38.4973    29.1115 0.0000e+00
   3267.000    13.4919     0.1946    98.6988 1.3462e-03 2.2724e+03    174.581    12.9704    38.4973    29.1115 0.0000e+00
   3268.000    13.4919     0.1970    98.7005 4.9767e-04 2.2759e+03    174.455    12.9703    38.4973    29.1115 0.0000e+00
   3269.000    13.4921     0.1973    98.7056 2.1447e-04 2.2747e+03    174.683    12.9703    38.4974    29.1116 0.0000e+00
   3270.000    13.4923     0.1960    98.7130 1.1615e-03 2.2791e+03    174.749    12.9703    38.4974    29.1116 0.0000e+00
   3271.000    13.4925     0.1979 -9.990e-29 6.1375e-04 2.2748e+03    174.556    12.9703    38.4974    29.1116 0.0000e+00
   3272.000    13.4926     0.1948 -9.990e-29 1.2498e-04 2.2778e+03    174.457    12.9702    38.4974    29.1116 0.0000e+00
   3273.000    13.4928     0.1963 -9.990e-29 9.1772e-05 2.2728e+03    174.551    12.9703    38.4974    29.1116 0.0000e+00
   3274.000    13.4930     0.1949    98.7066 -1.093e-06 2.2710e+03    174.548    12.9703    38.4974    29.1116 0.0000e+00
   3275.000    13.4932     0.1976    98.7015 6.6777e-04 2.2731e+03    174.553    12.9703    38.4973    29.1115 0.0000e+00
   3276.000    13.4932     0.1906    98.6953 6.8121e-04 2.2698e+03    174.467    12.9702    38.4974    29.1116 0.0000e+00
   3277.000    13.4934     0.1886    98.7048 4.7675e-04 2.2755e+03    174.553    12.9702    38.4973    29.1116 0.0000e+00
   3278.000    13.4936     0.1900    98.7078 2.2353e-06 2.2759e+03    174.613    12.9702    38.4974    29.1116 0.0000e+00
   3279.000    13.4938     0.1900 -9.990e-29 2.2638e-04 2.2744e+03    174.731    12.9702    38.4973    29.1116 0.0000e+00
