Data/ruptures/PEACETIME/TYR/PEACETIME_TYR_CTD_018.cnv
* Sea-Bird SBE 9 Data File:
* FileName = C:\CTD\rawCTD\PEACETIME_TYR_CTD_018.hdr
* Software Version Seasave V 7.23.2
* Temperature SN = 1378
* Conductivity SN = 2929
* Number of Bytes Per Scan = 34
* Number of Voltage Words = 5
* Number of Scans Averaged by the Deck Unit = 1
* NMEA Latitude = 39 20.39 N
* NMEA Longitude = 012 35.57 E
* NMEA UTC (Time) = May 18 2017  02:57:11
* NMEA baud rate = 4800
** Cruise:   PEACETIME
** Station:   TYR_CTD_018
# nquan = 11
# nvalues = 501                         
# units = specified
# name 0 = prDM: Pressure, Digiquartz [db]
# name 1 = t090C: Temperature [ITS-90, deg C]
# name 2 = flC: Fluorescence, Chelsea Aqua 3 Chl Con [ug/l]
# name 3 = CStarTr0: Beam Transmission, WET Labs C-Star [%]
# name 4 = par: PAR/Irradiance, Biospherical/Licor
# name 5 = spar: SPAR/Surface Irradiance
# name 6 = sbeox0Mm/Kg: Oxygen, SBE 43 [umol/kg]
# name 7 = potemp090C: Potential Temperature [ITS-90, deg C]
# name 8 = sal00: Salinity, Practical [PSU]
# name 9 = sigma-é00: Density [sigma-theta, kg/m^3]
# name 10 = flag:
# span 0 =      1.000,    501.000       
# span 1 =    14.2100,    20.6623       
# span 2 =     0.1795,     0.3329       
# span 3 =    96.1567,    98.6829       
# span 4 = -4.061e-07, 1.2410e-01       
# span 5 = 1.4847e+00, 5.1742e+00       
# span 6 =    166.192,    239.384       
# span 7 =    14.1340,    20.6617       
# span 8 =    37.9171,    38.8255       
# span 9 =    26.8110,    29.0839       
# span 10 = 0.0000e+00, 0.0000e+00      
# interval = decibars: 1                
# start_time = May 18 2017 02:57:11 [NMEA time, header]
# bad_flag = -9.990e-29
*END*
[from data line 263]
    264.000    14.3988     0.1843    98.6484 1.0000e-12 3.7622e+00    167.950    14.3586    38.7613    29.0188 0.0000e+00
    265.000    14.3979     0.1846    98.6498 1.0000e-12 2.3841e+00    167.937    14.3575    38.7614    29.0191 0.0000e+00
    266.000    14.3972     0.1836    98.6500 1.0000e-12 3.4903e+00    168.064    14.3567    38.7616    29.0194 0.0000e+00
    267.000    14.3971     0.1927    98.6501 1.0000e-12 2.6740e+00    168.147    14.3564    38.7618    29.0196 0.0000e+00
    268.000    14.3971     0.1897    98.6522 1.0000e-12 3.3951e+00    167.943    14.3562    38.7620    29.0199 0.0000e+00
    269.000    14.3931     0.1900    98.6506 1.0000e-12 4.2561e+00    167.455    14.3521    38.7618    29.0206 0.0000e+00
    270.000    14.3880     0.1886    98.6517 1.0000e-12 2.6033e+00    167.723    14.3468    38.7615    29.0215 0.0000e+00
    271.000    14.3813     0.1875    98.6340 1.0000e-12 2.8359e+00    167.345    14.3400    38.7610    29.0226 0.0000e+00
    272.000    14.3808     0.1938    98.6500 1.0000e-12 2.9976e+00    167.581    14.3394    38.7614    29.0231 0.0000e+00
    273.000    14.3825     0.1907    98.6338 1.0000e-12 2.4058e+00    167.464    14.3409    38.7623    29.0235 0.0000e+00
    274.000    14.3824     0.1874    98.6510 1.0000e-12 2.3815e+00    167.311    14.3407    38.7627    29.0238 0.0000e+00
    275.000    14.3833     0.1861    98.6574 1.0000e-12 2.2179e+00    167.432    14.3414    38.7637    29.0244 0.0000e+00
    276.000    14.3860     0.1934 -9.990e-29 1.0000e-12 3.9674e+00    167.480    14.3439    38.7658    29.0255 0.0000e+00
    277.000    14.3890     0.1871    98.6818 1.0000e-12 2.8368e+00    167.424    14.3468    38.7678    29.0264 0.0000e+00
    278.000    14.3897     0.1870    98.6544 1.0000e-12 2.5328e+00    167.431    14.3473    38.7681    29.0265 0.0000e+00
    279.000    14.3915     0.1834    98.6570 1.0000e-12 3.5023e+00    167.614    14.3489    38.7690    29.0269 0.0000e+00
    280.000    14.3953     0.1837    98.6577 1.0000e-12 3.5985e+00    168.018    14.3526    38.7708    29.0274 0.0000e+00
    281.000    14.3997     0.1829    98.6507 1.0000e-12 2.9321e+00    167.867    14.3568    38.7730    29.0282 0.0000e+00
    282.000    14.4004     0.1844    98.6640 1.0000e-12 2.4514e+00    167.884    14.3574    38.7735    29.0285 0.0000e+00
    283.000    14.4004     0.1819    98.6606 1.0000e-12 1.8114e+00    167.873    14.3573    38.7739    29.0288 0.0000e+00
    284.000    14.4008     0.1883    98.6699 1.0000e-12 2.5457e+00    167.687    14.3575    38.7746    29.0293 0.0000e+00
    285.000    14.3981     0.1938    98.6664 1.0000e-12 3.5608e+00    167.613    14.3546    38.7746    29.0299 0.0000e+00
    286.000    14.3983     0.1949    98.6630 1.0000e-12 3.2121e+00    167.637    14.3547    38.7755    29.0306 0.0000e+00
    287.000    14.4071     0.1944    98.6665 1.0000e-12 2.2452e+00    168.064    14.3633    38.7787    29.0313 0.0000e+00
    288.000    14.4105     0.1899    98.6671 1.0000e-12 2.5448e+00    168.283    14.3666    38.7800    29.0315 0.0000e+00
    289.000    14.4132     0.1851    98.6676 1.0000e-12 2.2005e+00    168.400    14.3691    38.7815    29.0321 0.0000e+00
    290.000    14.4132     0.1860 -9.990e-29 1.0000e-12 2.9049e+00    168.079    14.3689    38.7819    29.0324 0.0000e+00
    291.000    14.4117     0.1891    98.6617 1.0000e-12 3.4965e+00    167.613    14.3673    38.7818    29.0328 0.0000e+00
    292.000    14.4107     0.1915    98.6563 1.0000e-12 2.8732e+00    167.940    14.3661    38.7825    29.0336 0.0000e+00
    293.000    14.4077     0.1926    98.6635 1.0000e-12 1.7313e+00    168.192    14.3629    38.7820    29.0338 0.0000e+00
    294.000    14.4034     0.1889    98.6627 1.0000e-12 2.5391e+00    167.884    14.3585    38.7809    29.0339 0.0000e+00
    295.000    14.3997     0.1847    98.6588 1.0000e-12 2.7710e+00    167.749    14.3547    38.7807    29.0346 0.0000e+00
    296.000    14.4007     0.1862    98.6639 1.0000e-12 3.5002e+00    167.919    14.3556    38.7817    29.0352 0.0000e+00
    297.000    14.3987     0.1926    98.6631 1.0000e-12 2.8368e+00    167.673    14.3534    38.7815    29.0356 0.0000e+00
    298.000    14.4045     0.1888    98.6604 1.0000e-12 2.8901e+00    168.384    14.3590    38.7844    29.0366 0.0000e+00
    299.000    14.4211     0.1906    98.6598 1.0000e-12 2.5269e+00    168.743    14.3754    38.7914    29.0384 0.0000e+00
    300.000    14.4228     0.1907    98.6581 1.0000e-12 2.7324e+00    168.408    14.3770    38.7921    29.0385 0.0000e+00
    301.000    14.4198     0.1866 -9.990e-29 1.0000e-12 2.3463e+00    168.577    14.3738    38.7921    29.0393 0.0000e+00
    302.000    14.4192     0.1858 -9.990e-29 1.0000e-12 2.6863e+00    168.669    14.3731    38.7923    29.0396 0.0000e+00
    303.000    14.4198     0.1890 -9.990e-29 1.0000e-12 2.6601e+00    168.335    14.3735    38.7924    29.0396 0.0000e+00
    304.000    14.4182     0.1885 -9.990e-29 1.0000e-12 3.0434e+00    167.876    14.3718    38.7920    29.0396 0.0000e+00
    305.000    14.4102     0.1942 -9.990e-29 1.0000e-12 2.1866e+00    167.996    14.3636    38.7902    29.0401 0.0000e+00
    306.000    14.4063     0.1937 -9.990e-29 1.0000e-12 2.1427e+00    168.262    14.3596    38.7898    29.0406 0.0000e+00
    307.000    14.3991     0.1907    98.6591 1.0000e-12 2.5785e+00    168.366    14.3523    38.7885    29.0413 0.0000e+00
    308.000    14.3958     0.1909    98.6617 -9.990e-29 2.6229e+00    168.086    14.3487    38.7879    29.0415 0.0000e+00
    309.000    14.3944     0.1938    98.6526 -9.990e-29 2.4934e+00    167.510    14.3473    38.7877    29.0417 0.0000e+00
    310.000    14.3941     0.1901 -9.990e-29 -9.990e-29 3.0953e+00    167.652    14.3468    38.7876    29.0417 0.0000e+00
    311.000    14.3940     0.1943    98.6587 -9.990e-29 3.8052e+00    168.123    14.3466    38.7871    29.0414 0.0000e+00
    312.000    14.3941     0.1952    98.6576 -9.990e-29 2.5298e+00    167.549    14.3465    38.7877    29.0419 0.0000e+00
    313.000    14.3920     0.1911    98.6604 -9.990e-29 2.6004e+00    167.897    14.3442    38.7873    29.0421 0.0000e+00
    314.000    14.3907     0.1894    98.6442 1.0000e-12 2.2751e+00    167.610    14.3428    38.7871    29.0423 0.0000e+00
    315.000    14.3908     0.1937    98.6140 1.0000e-12 2.6210e+00    167.589    14.3428    38.7874    29.0425 0.0000e+00
    316.000    14.3925     0.1850    98.6564 1.0000e-12 1.9201e+00    167.682    14.3443    38.7884    29.0429 0.0000e+00
    317.000    14.3989     0.1854    98.6614 1.0000e-12 3.3086e+00    168.044    14.3505    38.7912    29.0437 0.0000e+00
    318.000    14.4032     0.1881    98.6659 1.0000e-12 1.8820e+00    167.999    14.3546    38.7928    29.0441 0.0000e+00
    319.000    14.4109     0.1883    98.6632 1.0000e-12 3.9815e+00    168.483    14.3621    38.7961    29.0450 0.0000e+00
    320.000    14.4123     0.1904    98.6604 1.0000e-12 3.3216e+00    168.375    14.3634    38.7965    29.0449 0.0000e+00
    321.000    14.4121     0.1870    98.6598 -9.990e-29 2.2328e+00    168.130    14.3630    38.7964    29.0449 0.0000e+00
    322.000    14.4159     0.1847    98.6582 -9.990e-29 2.9238e+00    168.458    14.3667    38.7980    29.0454 0.0000e+00
    323.000    14.4196     0.1851    98.6623 1.0000e-12 2.3494e+00    168.314    14.3703    38.7991    29.0455 0.0000e+00
    324.000    14.4192     0.1877 -9.990e-29 1.0000e-12 1.9824e+00    168.957    14.3696    38.7990    29.0455 0.0000e+00
    325.000    14.4187     0.1912 -9.990e-29 1.0000e-12 2.9973e+00    168.660    14.3691    38.7992    29.0458 0.0000e+00
    326.000    14.4228     0.1856 -9.990e-29 1.0000e-12 3.1795e+00    168.263    14.3730    38.8008    29.0462 0.0000e+00
    327.000    14.4217     0.1871 -9.990e-29 1.0000e-12 3.8070e+00    168.598    14.3717    38.8008    29.0465 0.0000e+00
    328.000    14.4142     0.1864 -9.990e-29 1.0000e-12 2.8806e+00    168.278    14.3640    38.7992    29.0469 0.0000e+00
    329.000    14.4086     0.1883    98.6558 1.0000e-12 3.2845e+00    168.082    14.3583    38.7984    29.0475 0.0000e+00
    330.000    14.4098     0.1939    98.6552 1.0000e-12 4.1216e+00    168.154    14.3594    38.7995    29.0481 0.0000e+00
    331.000    14.4133     0.1891    98.6460 1.0000e-12 2.7138e+00    168.316    14.3627    38.8006    29.0483 0.0000e+00
    332.000    14.4131     0.1935    98.6662 1.0000e-12 2.3838e+00    168.211    14.3624    38.8009    29.0486 0.0000e+00
    333.000    14.4103     0.1909 -9.990e-29 -9.990e-29 2.4190e+00    168.274    14.3594    38.8012    29.0495 0.0000e+00
    334.000    14.4130     0.1916 -9.990e-29 1.0000e-12 1.9471e+00    168.656    14.3619    38.8026    29.0500 0.0000e+00
    335.000    14.4172     0.1886 -9.990e-29 1.0000e-12 4.3114e+00    168.475    14.3660    38.8042    29.0504 0.0000e+00
    336.000    14.4157     0.1895    98.6572 1.0000e-12 3.2874e+00    168.554    14.3643    38.8042    29.0507 0.0000e+00
    337.000    14.4153     0.1858    98.6593 1.0000e-12 2.2149e+00    168.642    14.3638    38.8044    29.0510 0.0000e+00
    338.000    14.4145     0.1877    98.6503 1.0000e-12 2.6985e+00    168.619    14.3628    38.8040    29.0509 0.0000e+00
    339.000    14.4118     0.1881 -9.990e-29 1.0000e-12 2.4949e+00    168.509    14.3600    38.8036    29.0512 0.0000e+00
    340.000    14.4085     0.1896 -9.990e-29 1.0000e-12 2.8019e+00    168.114    14.3566    38.8030    29.0515 0.0000e+00
    341.000    14.4059     0.1854 -9.990e-29 1.0000e-12 1.9487e+00    167.919    14.3537    38.8025    29.0518 0.0000e+00
    342.000    14.4038     0.1847 -9.990e-29 1.0000e-12 2.1313e+00    167.708    14.3515    38.8023    29.0521 0.0000e+00
    343.000    14.4046     0.1880 -9.990e-29 1.0000e-12 2.3918e+00    167.942    14.3522    38.8028    29.0523 0.0000e+00
    344.000    14.4043     0.1892 -9.990e-29 1.0000e-12 2.6973e+00    168.163    14.3518    38.8030    29.0525 0.0000e+00
    345.000    14.4034     0.1942 -9.990e-29 1.0000e-12 1.9582e+00    168.232    14.3506    38.8029    29.0528 0.0000e+00
    346.000    14.4042     0.1920 -9.990e-29 1.0000e-12 2.5800e+00    168.182    14.3513    38.8032    29.0528 0.0000e+00
    347.000    14.4041     0.1845 -9.990e-29 1.0000e-12 2.0463e+00    168.039    14.3510    38.8032    29.0529 0.0000e+00
    348.000    14.4039     0.1817 -9.990e-29 1.0000e-12 2.4164e+00    168.450    14.3507    38.8032    29.0530 0.0000e+00
    349.000    14.4055     0.1867 -9.990e-29 1.0000e-12 3.6800e+00    168.268    14.3521    38.8040    29.0532 0.0000e+00
    350.000    14.4125     0.1901 -9.990e-29 1.0000e-12 2.4601e+00    168.514    14.3590    38.8073    29.0543 0.0000e+00
    351.000    14.4139     0.1874 -9.990e-29 1.0000e-12 2.5641e+00    168.254    14.3602    38.8077    29.0543 0.0000e+00
    352.000    14.4130     0.1952 -9.990e-29 1.0000e-12 2.6495e+00    168.788    14.3591    38.8082    29.0549 0.0000e+00
    353.000    14.4213     0.1941    98.6306 1.0000e-12 3.1064e+00    169.055    14.3673    38.8120    29.0561 0.0000e+00
    354.000    14.4268     0.1911    98.6475 1.0000e-12 2.7703e+00    169.221    14.3726    38.8138    29.0564 0.0000e+00
    355.000    14.4279     0.1890    98.6612 1.0000e-12 3.2492e+00    169.188    14.3736    38.8141    29.0563 0.0000e+00
    356.000    14.4294     0.1882 -9.990e-29 1.0000e-12 2.3909e+00    169.192    14.3749    38.8146    29.0565 0.0000e+00
    357.000    14.4315     0.1851 -9.990e-29 1.0000e-12 2.7951e+00    169.273    14.3768    38.8153    29.0565 0.0000e+00
    358.000    14.4312     0.1883 -9.990e-29 1.0000e-12 3.4267e+00    169.341    14.3764    38.8154    29.0568 0.0000e+00
    359.000    14.4321     0.1894    98.6298 1.0000e-12 1.8446e+00    169.282    14.3771    38.8165    29.0574 0.0000e+00
    360.000    14.4337     0.1884    98.6493 1.0000e-12 2.8815e+00    169.229    14.3785    38.8172    29.0576 0.0000e+00
    361.000    14.4334     0.1850    98.6551 1.0000e-12 3.2457e+00    169.683    14.3781    38.8172    29.0577 0.0000e+00
    362.000    14.4320     0.1903    98.6587 1.0000e-12 3.3191e+00    169.577    14.3766    38.8169    29.0579 0.0000e+00
    363.000    14.4295     0.1845 -9.990e-29 1.0000e-12 1.8173e+00    169.253    14.3739    38.8167    29.0583 0.0000e+00
    364.000    14.4283     0.1829 -9.990e-29 1.0000e-12 3.5647e+00    169.280    14.3726    38.8165    29.0584 0.0000e+00
    365.000    14.4274     0.1840 -9.990e-29 1.0000e-12 3.6482e+00    168.993    14.3715    38.8166    29.0588 0.0000e+00
    366.000    14.4270     0.1879 -9.990e-29 1.0000e-12 3.5094e+00    169.291    14.3709    38.8167    29.0589 0.0000e+00
    367.000    14.4279     0.1945 -9.990e-29 1.7718e-05 3.8638e+00    169.295    14.3716    38.8175    29.0594 0.0000e+00
    368.000    14.4285     0.1947 -9.990e-29 -3.304e-08 3.2853e+00    169.399    14.3722    38.8179    29.0595 0.0000e+00
    369.000    14.4283     0.1922 -9.990e-29 1.0000e-12 3.9334e+00    169.004    14.3718    38.8178    29.0596 0.0000e+00
    370.000    14.4268     0.1889 -9.990e-29 1.0000e-12 3.0697e+00    169.051    14.3701    38.8175    29.0597 0.0000e+00
    371.000    14.4256     0.1897 -9.990e-29 1.0000e-12 3.5097e+00    169.321    14.3688    38.8174    29.0600 0.0000e+00
    372.000    14.4261     0.1904 -9.990e-29 1.0000e-12 4.4700e+00    169.317    14.3691    38.8179    29.0603 0.0000e+00
    373.000    14.4265     0.1897 -9.990e-29 1.0000e-12 2.6052e+00    168.628    14.3694    38.8182    29.0604 0.0000e+00
    374.000    14.4262     0.1884 -9.990e-29 -9.990e-29 1.5485e+00    169.371    14.3689    38.8183    29.0606 0.0000e+00
    375.000    14.4235     0.1935 -9.990e-29 1.0000e-12 3.5037e+00    169.361    14.3660    38.8181    29.0611 0.0000e+00
    376.000    14.4224     0.1899 -9.990e-29 1.0000e-12 2.5845e+00    169.262    14.3648    38.8182    29.0614 0.0000e+00
    377.000    14.4213     0.1851 -9.990e-29 1.0000e-12 2.2179e+00    169.449    14.3636    38.8181    29.0616 0.0000e+00
    378.000    14.4193     0.1894 -9.990e-29 1.0000e-12 3.0674e+00    169.242    14.3614    38.8179    29.0620 0.0000e+00
    379.000    14.4184     0.1949    98.6558 1.0000e-12 2.9328e+00    169.179    14.3604    38.8179    29.0622 0.0000e+00
    380.000    14.4183     0.1918    98.6455 -9.990e-29 2.0292e+00    169.456    14.3601    38.8180    29.0623 0.0000e+00
    381.000    14.4184     0.1969    98.6558 -9.990e-29 3.6655e+00    169.171    14.3600    38.8180    29.0623 0.0000e+00
    382.000    14.4185     0.1922    98.6530 4.1744e-05 2.3773e+00    169.108    14.3600    38.8180    29.0624 0.0000e+00
    383.000    14.4184     0.1908    98.6558 3.8405e-05 3.1804e+00    169.452    14.3597    38.8181    29.0625 0.0000e+00
    384.000    14.4184     0.1893    98.6458 1.1813e-07 2.9194e+00    169.169    14.3596    38.8181    29.0625 0.0000e+00
    385.000    14.4179     0.1880    98.6593 -9.990e-29 3.3249e+00    169.131    14.3589    38.8180    29.0626 0.0000e+00
    386.000    14.4179     0.1946    98.6564 -9.990e-29 3.2872e+00    169.243    14.3587    38.8181    29.0627 0.0000e+00
    387.000    14.4168     0.1913    98.6597 -9.990e-29 1.9864e+00    169.141    14.3575    38.8179    29.0629 0.0000e+00
    388.000    14.4155     0.1889    98.6558 1.0000e-12 1.9503e+00    169.123    14.3560    38.8181    29.0633 0.0000e+00
    389.000    14.4147     0.1899 -9.990e-29 1.0000e-12 1.8517e+00    169.218    14.3552    38.8183    29.0636 0.0000e+00
    390.000    14.4157     0.1912 -9.990e-29 3.6388e-05 1.4847e+00    169.110    14.3560    38.8185    29.0636 0.0000e+00
    391.000    14.4164     0.1924 -9.990e-29 6.8093e-08 2.5776e+00    169.228    14.3565    38.8190    29.0639 0.0000e+00
    392.000    14.4174     0.1881 -9.990e-29 -9.990e-29 3.6868e+00    169.342    14.3574    38.8194    29.0640 0.0000e+00
    393.000    14.4190     0.1854 -9.990e-29 -9.990e-29 2.4802e+00    169.936    14.3587    38.8203    29.0644 0.0000e+00
