Data/ruptures/PEACETIME/TYR/PEACETIME_TYR_CTD_020.cnv
* Sea-Bird SBE 9 Data File:
* FileName = C:\CTD\rawCTD\PEACETIME_TYR_CTD_020.hdr
* Software Version Seasave V 7.23.2
* Temperature SN = 1378
* Conductivity SN = 2929
* Number of Bytes Per Scan = 34
* Number of Voltage Words = 5
* Number of Scans Averaged by the Deck Unit = 1
* NMEA Latitude = 39 20.39 N
* NMEA Longitude = 012 35.57 E
* NMEA UTC (Time) = May 18 2017  08:56:44
* NMEA baud rate = 4800
** Cruise:   PEACETIME
** Station:   TYR_CTD_020
# nquan = 11
# nvalues = 3000                        
# units = specified
# name 0 = prDM: Pressure, Digiquartz [db]
# name 1 = t090C: Temperature [ITS-90, deg C]
# name 2 = flC: Fluorescence, Chelsea Aqua 3 Chl Con [ug/l]
# name 3 = CStarTr0: Beam Transmission, WET Labs C-Star [%]
# name 4 = par: PAR/Irradiance, Biospherical/Licor
# name 5 = spar: SPAR/Surface Irradiance
# name 6 = sbeox0Mm/Kg: Oxygen, SBE 43 [umol/kg]
# name 7 = potemp090C: Potential Temperature [ITS-90, deg C]
# name 8 = sal00: Salinity, Practical [PSU]
# name 9 = sigma-é00: Density [sigma-theta, kg/m^3]
# name 10 = flag:
# span 0 =      1.000,   3000.000       
# span 1 =    13.3976,    19.4807       
# span 2 =     0.1694,     0.3872       
# span 3 =    96.6562,    98.7621       
# span 4 = -7.654e-08, 1.4141e+03       
# span 5 = 2.2906e+03, 2.3145e+03       
# span 6 =    164.376,    239.010       
# span 7 =    12.9803,    19.4805       
# span 8 =    37.9782,    38.8233       
# span 9 =    27.1867,    29.1131       
# span 10 = 0.0000e+00, 0.0000e+00      
# interval = decibars: 1                
# start_time = May 18 2017 08:56:44 [NMEA time, header]
# bad_flag = -9.990e-29
*END*
[from data line 1968]
   1969.000    13.4011     0.1831    98.7598 1.0000e-12 2.3073e+03    170.489    13.0991    38.5321    29.1117 0.0000e+00
   1970.000    13.4013     0.1839    98.7598 1.0000e-12 2.3034e+03    170.519    13.0992    38.5321    29.1117 0.0000e+00
   1971.000    13.4013     0.1816    98.7598 1.0000e-12 2.3062e+03    170.737    13.0991    38.5322    29.1118 0.0000e+00
   1972.000    13.4014     0.1837    98.7598 1.0000e-12 2.3029e+03    170.835    13.0989    38.5321    29.1118 0.0000e+00
   1973.000    13.4012     0.1849    98.7598 1.0000e-12 2.3046e+03    170.820    13.0986    38.5320    29.1117 0.0000e+00
   1974.000    13.4009     0.1860    98.7598 1.0000e-12 2.3059e+03    170.607    13.0981    38.5318    29.1117 0.0000e+00
   1975.000    13.4010     0.1836    98.7598 1.0000e-12 2.3061e+03    170.512    13.0981    38.5318    29.1117 0.0000e+00
   1976.000    13.4012     0.1832    98.7598 1.0000e-12 2.3072e+03    170.560    13.0982    38.5318    29.1117 0.0000e+00
   1977.000    13.4013     0.1809    98.7598 1.0000e-12 2.3080e+03    170.663    13.0980    38.5320    29.1118 0.0000e+00
   1978.000    13.4014     0.1740    98.7598 1.0000e-12 2.3071e+03    170.774    13.0980    38.5318    29.1117 0.0000e+00
   1979.000    13.4016     0.1694    98.7598 1.0000e-12 2.3067e+03    170.639    13.0980    38.5319    29.1118 0.0000e+00
   1980.000    13.4018     0.1795    98.7598 1.0000e-12 2.3097e+03    170.771    13.0981    38.5319    29.1117 0.0000e+00
   1981.000    13.4021     0.1824    98.7567 1.0000e-12 2.3031e+03    170.643    13.0982    38.5317    29.1116 0.0000e+00
   1982.000    13.4021     0.1827    98.7536 1.0000e-12 2.3046e+03    170.691    13.0980    38.5319    29.1118 0.0000e+00
   1983.000    13.4024     0.1842    98.7536 1.0000e-12 2.3062e+03    170.693    13.0982    38.5318    29.1117 0.0000e+00
   1984.000    13.4025     0.1843    98.7546 1.0000e-12 2.3009e+03    170.858    13.0981    38.5318    29.1117 0.0000e+00
   1985.000    13.4026     0.1862    98.7609 1.0000e-12 2.3032e+03    170.720    13.0981    38.5319    29.1118 0.0000e+00
   1986.000    13.4029     0.1889    98.7598 1.0000e-12 2.3058e+03    170.738    13.0981    38.5318    29.1117 0.0000e+00
   1987.000    13.4031     0.1894    98.7598 1.0000e-12 2.3084e+03    170.937    13.0982    38.5317    29.1116 0.0000e+00
   1988.000    13.4032     0.1899    98.7598 1.0000e-12 2.3066e+03    170.967    13.0981    38.5318    29.1117 0.0000e+00
   1989.000    13.4033     0.1894    98.7497 1.0000e-12 2.3080e+03    170.894    13.0981    38.5318    29.1117 0.0000e+00
   1990.000    13.4034     0.1821    98.7588 1.0000e-12 2.3058e+03    170.709    13.0980    38.5319    29.1118 0.0000e+00
   1991.000    13.4036     0.1812    98.7608 1.0000e-12 2.3049e+03    170.674    13.0981    38.5318    29.1117 0.0000e+00
   1992.000    13.4037     0.1802    98.7527 1.0000e-12 2.3038e+03    170.569    13.0980    38.5317    29.1117 0.0000e+00
   1993.000    13.4040     0.1812    98.7598 1.0000e-12 2.3076e+03    170.607    13.0981    38.5316    29.1116 0.0000e+00
   1994.000    13.4041     0.1788    98.7598 1.0000e-12 2.3038e+03    170.741    13.0981    38.5317    29.1117 0.0000e+00
   1995.000    13.4042     0.1779    98.7598 1.0000e-12 2.3073e+03    170.702    13.0980    38.5318    29.1117 0.0000e+00
   1996.000    13.4044     0.1843    98.7598 1.0000e-12 2.3023e+03    170.634    13.0980    38.5319    29.1118 0.0000e+00
   1997.000    13.4046     0.1877    98.7598 1.0000e-12 2.3038e+03    170.793    13.0981    38.5318    29.1117 0.0000e+00
   1998.000    13.4048     0.1856    98.7598 -9.990e-29 2.3058e+03    170.941    13.0981    38.5318    29.1117 0.0000e+00
   1999.000    13.4049     0.1860    98.7598 -9.990e-29 2.3050e+03    170.680    13.0981    38.5320    29.1118 0.0000e+00
   2000.000    13.4052     0.1853    98.7598 -9.990e-29 2.3025e+03    170.699    13.0981    38.5319    29.1118 0.0000e+00
   2001.000    13.4052     0.1846    98.7598 1.0000e-12 2.3069e+03    170.678    13.0980    38.5318    29.1117 0.0000e+00
   2002.000    13.4052     0.1838    98.7598 1.0000e-12 2.3041e+03    170.425    13.0978    38.5318    29.1118 0.0000e+00
   2003.000    13.4054     0.1802    98.7598 1.0000e-12 2.3022e+03    170.720    13.0979    38.5317    29.1117 0.0000e+00
   2004.000    13.4055     0.1789    98.7598 1.0000e-12 2.3012e+03    170.803    13.0978    38.5317    29.1117 0.0000e+00
   2005.000    13.4057     0.1815    98.7598 1.0000e-12 2.3023e+03    170.824    13.0979    38.5317    29.1117 0.0000e+00
   2006.000    13.4058     0.1863    98.7598 1.0000e-12 2.3045e+03    170.563    13.0978    38.5317    29.1117 0.0000e+00
   2007.000    13.4060     0.1856    98.7598 1.0000e-12 2.3010e+03    170.227    13.0978    38.5317    29.1117 0.0000e+00
   2008.000    13.4062     0.1886    98.7598 1.0000e-12 2.3050e+03    170.221    13.0979    38.5316    29.1116 0.0000e+00
   2009.000    13.4065     0.1843    98.7562 1.0000e-12 2.3049e+03    170.498    13.0980    38.5318    29.1117 0.0000e+00
   2010.000    13.4066     0.1849    98.7588 1.0000e-12 2.3062e+03    170.873    13.0979    38.5316    29.1116 0.0000e+00
   2011.000    13.4065     0.1804    98.7431 1.0000e-12 2.3007e+03    170.722    13.0977    38.5316    29.1116 0.0000e+00
   2012.000    13.4067     0.1776    98.7576 1.0000e-12 2.3003e+03    170.468    13.0977    38.5317    29.1117 0.0000e+00
   2013.000    13.4067     0.1833    98.7524 1.0000e-12 2.3052e+03    170.537    13.0976    38.5317    29.1117 0.0000e+00
   2014.000    13.4069     0.1797    98.7598 1.0000e-12 2.3010e+03    170.583    13.0976    38.5315    29.1116 0.0000e+00
   2015.000    13.4073     0.1774    98.7598 1.0000e-12 2.3032e+03    170.509    13.0978    38.5315    29.1115 0.0000e+00
   2016.000    13.4074     0.1784    98.7598 1.0000e-12 2.3056e+03    170.301    13.0978    38.5317    29.1117 0.0000e+00
   2017.000    13.4078     0.1815    98.7598 1.0000e-12 2.2996e+03    170.390    13.0979    38.5316    29.1116 0.0000e+00
   2018.000    13.4079     0.1840    98.7598 1.0000e-12 2.3006e+03    170.872    13.0979    38.5317    29.1117 0.0000e+00
   2019.000    13.4081     0.1797    98.7598 1.0000e-12 2.3040e+03    170.797    13.0980    38.5318    29.1117 0.0000e+00
   2020.000    13.4083     0.1815    98.7598 1.0000e-12 2.3001e+03    170.674    13.0980    38.5319    29.1118 0.0000e+00
   2021.000    13.4084     0.1789    98.7598 1.0000e-12 2.2982e+03    170.669    13.0979    38.5317    29.1117 0.0000e+00
   2022.000    13.4086     0.1809    98.7598 1.0000e-12 2.2975e+03    170.522    13.0979    38.5317    29.1117 0.0000e+00
   2023.000    13.4088     0.1864    98.7598 1.0000e-12 2.3015e+03    170.701    13.0980    38.5317    29.1116 0.0000e+00
   2024.000    13.4090     0.1848    98.7598 1.0000e-12 2.3032e+03    170.487    13.0980    38.5317    29.1116 0.0000e+00
   2025.000    13.4090     0.1847    98.7598 1.0000e-12 2.2994e+03    170.346    13.0978    38.5318    29.1118 0.0000e+00
   2026.000    13.4092     0.1824    98.7598 1.0000e-12 2.3014e+03    170.793    13.0979    38.5316    29.1116 0.0000e+00
   2027.000    13.4091     0.1816    98.7598 1.0000e-12 2.3020e+03    170.782    13.0976    38.5317    29.1117 0.0000e+00
   2028.000    13.4093     0.1789    98.7598 1.0000e-12 2.3012e+03    170.493    13.0977    38.5316    29.1116 0.0000e+00
   2029.000    13.4095     0.1783    98.7576 1.0000e-12 2.3027e+03    170.737    13.0977    38.5317    29.1117 0.0000e+00
   2030.000    13.4097     0.1805    98.7577 1.0000e-12 2.3042e+03    170.741    13.0977    38.5317    29.1117 0.0000e+00
   2031.000    13.4098     0.1813    98.7474 1.0000e-12 2.3001e+03    170.785    13.0977    38.5317    29.1117 0.0000e+00
   2032.000    13.4100     0.1782    98.7544 1.0000e-12 2.2999e+03    170.721    13.0977    38.5317    29.1117 0.0000e+00
   2033.000    13.4103     0.1797    98.7546 1.0000e-12 2.3020e+03    170.452    13.0979    38.5316    29.1116 0.0000e+00
   2034.000    13.4104     0.1835    98.7504 1.0000e-12 2.3047e+03    170.750    13.0978    38.5317    29.1117 0.0000e+00
   2035.000    13.4105     0.1843    98.7525 1.0000e-12 2.3035e+03    170.805    13.0977    38.5316    29.1116 0.0000e+00
   2036.000    13.4105     0.1868    98.7536 1.0000e-12 2.3021e+03    170.593    13.0976    38.5314    29.1115 0.0000e+00
   2037.000    13.4107     0.1882    98.7563 1.0000e-12 2.3032e+03    170.670    13.0976    38.5315    29.1116 0.0000e+00
   2038.000    13.4103     0.1883    98.7599 1.0000e-12 2.3074e+03    170.680    13.0970    38.5314    29.1116 0.0000e+00
   2039.000    13.4099     0.1862    98.7598 1.0000e-12 2.2999e+03    170.524    13.0964    38.5312    29.1116 0.0000e+00
   2040.000    13.4087     0.1876    98.7598 1.0000e-12 2.3059e+03    170.541    13.0951    38.5309    29.1116 0.0000e+00
   2041.000    13.4080     0.1854    98.7554 1.0000e-12 2.3013e+03    170.459    13.0943    38.5307    29.1116 0.0000e+00
   2042.000    13.4073     0.1805    98.7567 1.0000e-12 2.3058e+03    170.703    13.0935    38.5303    29.1115 0.0000e+00
   2043.000    13.4071     0.1830    98.7536 1.0000e-12 2.3034e+03    170.636    13.0930    38.5303    29.1116 0.0000e+00
   2044.000    13.4064     0.1879    98.7544 1.0000e-12 2.3027e+03    170.486    13.0923    38.5299    29.1115 0.0000e+00
   2045.000    13.4033     0.1897    98.7544 1.0000e-12 2.3075e+03    170.605    13.0890    38.5291    29.1115 0.0000e+00
   2046.000    13.4029     0.1887    98.7598 1.0000e-12 2.3068e+03    170.564    13.0884    38.5290    29.1115 0.0000e+00
   2047.000    13.4024     0.1872    98.7598 1.0000e-12 2.3004e+03    170.780    13.0877    38.5287    29.1115 0.0000e+00
   2048.000    13.4022     0.1825    98.7598 1.0000e-12 2.3026e+03    170.913    13.0874    38.5286    29.1114 0.0000e+00
   2049.000    13.4022     0.1838    98.7598 1.0000e-12 2.3001e+03    171.076    13.0872    38.5286    29.1115 0.0000e+00
   2050.000    13.4021     0.1836    98.7598 1.0000e-12 2.3035e+03    170.747    13.0870    38.5286    29.1115 0.0000e+00
   2051.000    13.4024     0.1826    98.7598 1.0000e-12 2.3054e+03    170.747    13.0871    38.5285    29.1114 0.0000e+00
   2052.000    13.4025     0.1860    98.7598 1.0000e-12 2.3043e+03    170.606    13.0871    38.5285    29.1115 0.0000e+00
   2053.000    13.4025     0.1898    98.7598 1.0000e-12 2.3038e+03    170.609    13.0868    38.5285    29.1115 0.0000e+00
   2054.000    13.4025     0.1878    98.7598 1.0000e-12 2.3049e+03    170.811    13.0868    38.5285    29.1115 0.0000e+00
   2055.000    13.4026     0.1841    98.7598 1.0000e-12 2.3022e+03    171.004    13.0867    38.5285    29.1115 0.0000e+00
   2056.000    13.4027     0.1829    98.7598 1.0000e-12 2.2994e+03    170.919    13.0866    38.5285    29.1115 0.0000e+00
   2057.000    13.4030     0.1851    98.7598 1.0000e-12 2.3043e+03    170.861    13.0867    38.5284    29.1114 0.0000e+00
   2058.000    13.4031     0.1860    98.7598 -9.990e-29 2.3056e+03    171.008    13.0867    38.5285    29.1115 0.0000e+00
   2059.000    13.4033     0.1813    98.7598 -9.990e-29 2.2993e+03    171.050    13.0867    38.5286    29.1116 0.0000e+00
   2060.000    13.4034     0.1819    98.7598 -9.990e-29 2.3007e+03    170.839    13.0866    38.5284    29.1115 0.0000e+00
   2061.000    13.4035     0.1803    98.7598 1.0000e-12 2.3063e+03    170.795    13.0865    38.5284    29.1115 0.0000e+00
   2062.000    13.4036     0.1793    98.7598 1.0000e-12 2.3039e+03    171.054    13.0865    38.5283    29.1114 0.0000e+00
   2063.000    13.4038     0.1782    98.7598 1.0000e-12 2.3027e+03    170.879    13.0865    38.5284    29.1114 0.0000e+00
   2064.000    13.4038     0.1837    98.7598 1.0000e-12 2.3054e+03    170.675    13.0864    38.5284    29.1115 0.0000e+00
   2065.000    13.4041     0.1853    98.7598 1.0000e-12 2.3001e+03    170.721    13.0865    38.5283    29.1114 0.0000e+00
   2066.000    13.4042     0.1851    98.7598 1.0000e-12 2.3054e+03    170.715    13.0865    38.5282    29.1113 0.0000e+00
   2067.000    13.4044     0.1830    98.7598 1.0000e-12 2.3037e+03    170.648    13.0865    38.5284    29.1115 0.0000e+00
   2068.000    13.4045     0.1868    98.7598 1.0000e-12 2.3028e+03    170.478    13.0864    38.5285    29.1116 0.0000e+00
   2069.000    13.4046     0.1909    98.7586 1.0000e-12 2.3017e+03    170.484    13.0863    38.5284    29.1116 0.0000e+00
   2070.000    13.4049     0.1834    98.7567 1.0000e-12 2.3074e+03    170.449    13.0864    38.5283    29.1114 0.0000e+00
   2071.000    13.4050     0.1835    98.7483 1.0000e-12 2.3016e+03    170.659    13.0865    38.5284    29.1115 0.0000e+00
   2072.000    13.4051     0.1854    98.7557 1.0000e-12 2.3041e+03    170.907    13.0864    38.5284    29.1115 0.0000e+00
   2073.000    13.4052     0.1852    98.7588 1.0000e-12 2.3029e+03    171.026    13.0863    38.5284    29.1115 0.0000e+00
   2074.000    13.4051     0.1886    98.7598 -9.990e-29 2.3028e+03    171.026    13.0860    38.5282    29.1114 0.0000e+00
   2075.000    13.4049     0.1822    98.7598 -9.990e-29 2.3054e+03    170.796    13.0856    38.5281    29.1114 0.0000e+00
   2076.000    13.4051     0.1831    98.7598 -9.990e-29 2.3049e+03    170.828    13.0857    38.5284    29.1116 0.0000e+00
   2077.000    13.4054     0.1862    98.7598 1.0000e-12 2.3001e+03    170.858    13.0858    38.5283    29.1115 0.0000e+00
   2078.000    13.4037     0.1865    98.7598 1.0000e-12 2.3045e+03    170.843    13.0840    38.5275    29.1113 0.0000e+00
   2079.000    13.3994     0.1849    98.7598 1.0000e-12 2.3025e+03    170.904    13.0796    38.5264    29.1113 0.0000e+00
   2080.000    13.3978     0.1860    98.7598 1.0000e-12 2.2997e+03    171.103    13.0779    38.5259    29.1114 0.0000e+00
   2081.000    13.3977     0.1814    98.7587 1.0000e-12 2.3065e+03    171.124    13.0776    38.5260    29.1115 0.0000e+00
   2082.000    13.3981     0.1800    98.7536 1.0000e-12 2.3052e+03    171.056    13.0778    38.5261    29.1115 0.0000e+00
   2083.000    13.3983     0.1842    98.7489 1.0000e-12 2.3046e+03    171.029    13.0779    38.5261    29.1115 0.0000e+00
   2084.000    13.3984     0.1858    98.7528 1.0000e-12 2.3053e+03    170.930    13.0778    38.5260    29.1114 0.0000e+00
   2085.000    13.3988     0.1847    98.7560 1.0000e-12 2.3005e+03    171.116    13.0780    38.5261    29.1115 0.0000e+00
   2086.000    13.3991     0.1843    98.7598 1.0000e-12 2.3069e+03    171.077    13.0781    38.5261    29.1114 0.0000e+00
   2087.000    13.3992     0.1881    98.7598 1.0000e-12 2.3063e+03    171.041    13.0781    38.5261    29.1115 0.0000e+00
   2088.000    13.3991     0.1910    98.7598 1.0000e-12 2.3015e+03    171.071    13.0779    38.5259    29.1114 0.0000e+00
   2089.000    13.3984     0.1880    98.7598 1.0000e-12 2.3005e+03    171.074    13.0769    38.5257    29.1114 0.0000e+00
   2090.000    13.3986     0.1858    98.7598 1.0000e-12 2.3062e+03    171.067    13.0770    38.5257    29.1114 0.0000e+00
   2091.000    13.3988     0.1804    98.7598 1.0000e-12 2.3037e+03    171.121    13.0770    38.5257    29.1114 0.0000e+00
   2092.000    13.3990     0.1857    98.7598 1.0000e-12 2.3005e+03    171.169    13.0771    38.5257    29.1114 0.0000e+00
   2093.000    13.3992     0.1874    98.7598 1.0000e-12 2.3048e+03    171.009    13.0771    38.5256    29.1113 0.0000e+00
   2094.000    13.3993     0.1846    98.7598 -9.990e-29 2.3035e+03    170.867    13.0770    38.5256    29.1113 0.0000e+00
   2095.000    13.3994     0.1870    98.7598 -9.990e-29 2.3075e+03    170.994    13.0770    38.5256    29.1113 0.0000e+00
   2096.000    13.3994     0.1847    98.7598 -9.990e-29 2.3065e+03    171.351    13.0769    38.5256    29.1114 0.0000e+00
   2097.000    13.3996     0.1890    98.7598 1.0000e-12 2.3062e+03    171.271    13.0768    38.5257    29.1114 0.0000e+00
   2098.000    13.4000     0.1867    98.7598 1.0000e-12 2.3062e+03    170.843    13.0771    38.5257    29.1114 0.0000e+00
