Data/ruptures/PEACETIME/TYR/PEACETIME_TYR_CTD_026.cnv
* Sea-Bird SBE 9 Data File:
* FileName = C:\CTD\rawCTD\PEACETIME_TYR_CTD_026.hdr
* Software Version Seasave V 7.23.2
* Temperature SN = 1378
* Conductivity SN = 2929
* Number of Bytes Per Scan = 34
* Number of Voltage Words = 5
* Number of Scans Averaged by the Deck Unit = 1
* NMEA Latitude = 39 20.37 N
* NMEA Longitude = 012 35.57 E
* NMEA UTC (Time) = May 20 2017  04:24:51
* NMEA baud rate = 4800
** Cruise:   PEACETIME
** Station:   TYR_CTD_026
# nquan = 11
# nvalues = 3457                        
# units = specified
# name 0 = prDM: Pressure, Digiquartz [db]
# name 1 = t090C: Temperature [ITS-90, deg C]
# name 2 = flC: Fluorescence, Chelsea Aqua 3 Chl Con [ug/l]
# name 3 = CStarTr0: Beam Transmission, WET Labs C-Star [%]
# name 4 = par: PAR/Irradiance, Biospherical/Licor
# name 5 = spar: SPAR/Surface Irradiance
# name 6 = sbeox0Mm/Kg: Oxygen, SBE 43 [umol/kg]
# name 7 = potemp090C: Potential Temperature [ITS-90, deg C]
# name 8 = sal00: Salinity, Practical [PSU]
# name 9 = sigma-é00: Density [sigma-theta, kg/m^3]
# name 10 = flag:
# span 0 =      3.000,   3459.000       
# span 1 =    13.3958,    19.6989       
# span 2 =     0.1744,     0.4245       
# span 3 =    96.0150,    98.6659       
# span 4 = -1.933e-06, 7.8702e+01       
# span 5 = 5.7923e+02, 1.7821e+03       
# span 6 =    164.047,    243.314       
# span 7 =    12.9751,    19.6970       
# span 8 =    37.9143,    38.8242       
# span 9 =    27.1095,    29.1131       
# span 10 = 0.0000e+00, 0.0000e+00      
# interval = decibars: 1                
# start_time = May 20 2017 04:24:51 [NMEA time, header]
# bad_flag = -9.990e-29
*END*
[from data line 2230]
   2233.000    13.4009     0.1962 -9.990e-29 1.0000e-12 1.2635e+03    170.928    13.0559    38.5196    29.1110 0.0000e+00
   2234.000    13.4010     0.1934 -9.990e-29 1.0000e-12 1.2695e+03    171.047    13.0558    38.5197    29.1111 0.0000e+00
   2235.000    13.4013     0.1894 -9.990e-29 1.0000e-12 1.2601e+03    171.153    13.0559    38.5194    29.1109 0.0000e+00
   2236.000    13.4015     0.1909 -9.990e-29 1.0000e-12 1.2620e+03    171.064    13.0559    38.5193    29.1108 0.0000e+00
   2237.000    13.4015     0.1953 -9.990e-29 1.0000e-12 1.2628e+03    170.982    13.0558    38.5195    29.1110 0.0000e+00
   2238.000    13.4016     0.1985 -9.990e-29 1.0000e-12 1.2683e+03    171.266    13.0558    38.5195    29.1110 0.0000e+00
   2239.000    13.4018     0.1997 -9.990e-29 1.0000e-12 1.2668e+03    171.254    13.0558    38.5195    29.1110 0.0000e+00
   2240.000    13.4020     0.1980 -9.990e-29 1.0000e-12 1.2683e+03    171.399    13.0558    38.5195    29.1110 0.0000e+00
   2241.000    13.4022     0.1936 -9.990e-29 1.0000e-12 1.2685e+03    171.414    13.0558    38.5196    29.1110 0.0000e+00
   2242.000    13.4024     0.1908 -9.990e-29 1.0000e-12 1.2677e+03    171.332    13.0558    38.5195    29.1110 0.0000e+00
   2243.000    13.4026     0.1871 -9.990e-29 1.0000e-12 1.2621e+03    171.208    13.0559    38.5194    29.1109 0.0000e+00
   2244.000    13.4026     0.1959 -9.990e-29 1.0000e-12 1.2666e+03    171.266    13.0557    38.5196    29.1110 0.0000e+00
   2245.000    13.4029     0.2028 -9.990e-29 1.0000e-12 1.2651e+03    171.058    13.0558    38.5195    29.1110 0.0000e+00
   2246.000    13.4032     0.2045 -9.990e-29 1.0000e-12 1.2634e+03    171.196    13.0559    38.5196    29.1110 0.0000e+00
   2247.000    13.4033     0.1942 -9.990e-29 1.0000e-12 1.2662e+03    171.275    13.0559    38.5197    29.1111 0.0000e+00
   2248.000    13.4035     0.1946 -9.990e-29 1.0000e-12 1.2675e+03    171.188    13.0559    38.5197    29.1111 0.0000e+00
   2249.000    13.4037     0.1933 -9.990e-29 1.0000e-12 1.2629e+03    171.097    13.0560    38.5195    29.1109 0.0000e+00
   2250.000    13.4039     0.1924 -9.990e-29 1.0000e-12 1.2611e+03    171.146    13.0560    38.5194    29.1109 0.0000e+00
   2251.000    13.4039     0.1944 -9.990e-29 1.0000e-12 1.2623e+03    170.809    13.0558    38.5195    29.1110 0.0000e+00
   2252.000    13.4042     0.1946    98.6558 1.0000e-12 1.2661e+03    170.907    13.0560    38.5194    29.1109 0.0000e+00
   2253.000    13.4044     0.1916    98.6518 1.0000e-12 1.2640e+03    171.079    13.0560    38.5195    29.1110 0.0000e+00
   2254.000    13.4044     0.1948    98.6143 1.0000e-12 1.2622e+03    171.139    13.0559    38.5196    29.1110 0.0000e+00
   2255.000    13.4047     0.1918    98.6367 1.0000e-12 1.2602e+03    171.198    13.0560    38.5196    29.1110 0.0000e+00
   2256.000    13.4048     0.1871    98.6506 1.0000e-12 1.2646e+03    171.111    13.0559    38.5195    29.1109 0.0000e+00
   2257.000    13.4050     0.1892    98.6557 1.0000e-12 1.2634e+03    171.038    13.0559    38.5196    29.1110 0.0000e+00
   2258.000    13.4051     0.1907 -9.990e-29 1.0000e-12 1.2629e+03    171.278    13.0559    38.5195    29.1110 0.0000e+00
   2259.000    13.4053     0.1893 -9.990e-29 1.0000e-12 1.2598e+03    171.311    13.0559    38.5195    29.1110 0.0000e+00
   2260.000    13.4056     0.1911 -9.990e-29 1.0000e-12 1.2626e+03    171.141    13.0560    38.5196    29.1110 0.0000e+00
   2261.000    13.4056     0.1909 -9.990e-29 1.0000e-12 1.2635e+03    170.945    13.0559    38.5196    29.1110 0.0000e+00
   2262.000    13.4058     0.1884 -9.990e-29 1.0000e-12 1.2583e+03    170.945    13.0559    38.5196    29.1111 0.0000e+00
   2263.000    13.4060     0.1835 -9.990e-29 1.0000e-12 1.2632e+03    171.019    13.0559    38.5196    29.1110 0.0000e+00
   2264.000    13.4061     0.1869 -9.990e-29 1.0000e-12 1.2668e+03    171.275    13.0559    38.5196    29.1111 0.0000e+00
   2265.000    13.4064     0.1870 -9.990e-29 1.0000e-12 1.2670e+03    171.284    13.0560    38.5194    29.1109 0.0000e+00
   2266.000    13.4064     0.1894 -9.990e-29 1.0000e-12 1.2692e+03    170.793    13.0559    38.5195    29.1110 0.0000e+00
   2267.000    13.4068     0.1894 -9.990e-29 1.0000e-12 1.2641e+03    170.786    13.0560    38.5195    29.1110 0.0000e+00
   2268.000    13.4070     0.1878 -9.990e-29 1.0000e-12 1.2603e+03    170.886    13.0561    38.5196    29.1110 0.0000e+00
   2269.000    13.4070     0.1914 -9.990e-29 1.0000e-12 1.2643e+03    171.145    13.0560    38.5196    29.1110 0.0000e+00
   2270.000    13.4072     0.1910 -9.990e-29 1.0000e-12 1.2605e+03    171.205    13.0559    38.5195    29.1109 0.0000e+00
   2271.000    13.4074     0.1856 -9.990e-29 -9.990e-29 1.2664e+03    171.078    13.0560    38.5194    29.1108 0.0000e+00
   2272.000    13.4072     0.1878 -9.990e-29 -9.990e-29 1.2676e+03    170.874    13.0557    38.5194    29.1109 0.0000e+00
   2273.000    13.4076     0.1869 -9.990e-29 1.0000e-12 1.2712e+03    170.892    13.0558    38.5194    29.1109 0.0000e+00
   2274.000    13.4077     0.1892 -9.990e-29 1.0000e-12 1.2674e+03    170.828    13.0558    38.5195    29.1110 0.0000e+00
   2275.000    13.4078     0.1936 -9.990e-29 1.0000e-12 1.2667e+03    170.975    13.0557    38.5196    29.1111 0.0000e+00
   2276.000    13.4079     0.1910 -9.990e-29 1.0000e-12 1.2649e+03    171.145    13.0556    38.5194    29.1110 0.0000e+00
   2277.000    13.4082     0.1949 -9.990e-29 1.0000e-12 1.2693e+03    171.145    13.0558    38.5195    29.1110 0.0000e+00
   2278.000    13.4084     0.1865 -9.990e-29 1.0000e-12 1.2713e+03    170.885    13.0558    38.5193    29.1108 0.0000e+00
   2279.000    13.4084     0.1925 -9.990e-29 1.0000e-12 1.2706e+03    171.095    13.0556    38.5194    29.1109 0.0000e+00
   2280.000    13.4086     0.1917 -9.990e-29 1.0000e-12 1.2692e+03    171.206    13.0557    38.5195    29.1110 0.0000e+00
   2281.000    13.4087     0.1927 -9.990e-29 1.0000e-12 1.2739e+03    171.102    13.0557    38.5194    29.1109 0.0000e+00
   2282.000    13.4090     0.1966 -9.990e-29 1.0000e-12 1.2709e+03    171.036    13.0558    38.5194    29.1109 0.0000e+00
   2283.000    13.4090     0.1937 -9.990e-29 1.0000e-12 1.2742e+03    170.933    13.0556    38.5194    29.1109 0.0000e+00
   2284.000    13.4091     0.1923 -9.990e-29 1.0000e-12 1.2778e+03    171.032    13.0555    38.5192    29.1108 0.0000e+00
   2285.000    13.4092     0.1929 -9.990e-29 1.0000e-12 1.2784e+03    170.998    13.0554    38.5193    29.1109 0.0000e+00
   2286.000    13.4088     0.1857 -9.990e-29 1.0000e-12 1.2769e+03    171.017    13.0549    38.5191    29.1109 0.0000e+00
   2287.000    13.4089     0.1850 -9.990e-29 1.0000e-12 1.2804e+03    170.877    13.0549    38.5192    29.1109 0.0000e+00
   2288.000    13.4076     0.1845 -9.990e-29 1.0000e-12 1.2787e+03    170.686    13.0533    38.5188    29.1109 0.0000e+00
   2289.000    13.4074     0.1926 -9.990e-29 1.0000e-12 1.2846e+03    171.021    13.0530    38.5187    29.1109 0.0000e+00
   2290.000    13.4075     0.1962 -9.990e-29 1.0000e-12 1.2909e+03    171.148    13.0529    38.5187    29.1109 0.0000e+00
   2291.000    13.4078     0.1923 -9.990e-29 1.0000e-12 1.2922e+03    171.129    13.0531    38.5185    29.1108 0.0000e+00
   2292.000    13.4081     0.1915 -9.990e-29 1.0000e-12 1.2824e+03    171.149    13.0533    38.5185    29.1108 0.0000e+00
   2293.000    13.4083     0.1926 -9.990e-29 1.0000e-12 1.2817e+03    171.114    13.0533    38.5186    29.1108 0.0000e+00
   2294.000    13.4084     0.1921 -9.990e-29 1.0000e-12 1.2853e+03    171.167    13.0532    38.5186    29.1108 0.0000e+00
   2295.000    13.4087     0.1914 -9.990e-29 1.0000e-12 1.2898e+03    171.093    13.0533    38.5188    29.1110 0.0000e+00
   2296.000    13.4089     0.1859 -9.990e-29 1.0000e-12 1.2929e+03    171.133    13.0533    38.5188    29.1109 0.0000e+00
   2297.000    13.4090     0.1834 -9.990e-29 1.0000e-12 1.2968e+03    171.171    13.0533    38.5188    29.1109 0.0000e+00
   2298.000    13.4093     0.1854 -9.990e-29 1.0000e-12 1.2957e+03    171.197    13.0534    38.5188    29.1110 0.0000e+00
   2299.000    13.4096     0.1909 -9.990e-29 1.0000e-12 1.2880e+03    171.186    13.0536    38.5188    29.1109 0.0000e+00
   2300.000    13.4097     0.1928 -9.990e-29 1.0000e-12 1.2820e+03    171.208    13.0535    38.5186    29.1107 0.0000e+00
   2301.000    13.4073     0.1937 -9.990e-29 1.0000e-12 1.2886e+03    170.980    13.0509    38.5180    29.1108 0.0000e+00
   2302.000    13.4071     0.1922 -9.990e-29 1.0000e-12 1.2934e+03    171.174    13.0506    38.5181    29.1110 0.0000e+00
   2303.000    13.4070     0.1882 -9.990e-29 1.0000e-12 1.3019e+03    171.362    13.0504    38.5179    29.1109 0.0000e+00
   2304.000    13.4052     0.1845 -9.990e-29 1.0000e-12 1.3055e+03    171.345    13.0484    38.5174    29.1109 0.0000e+00
   2305.000    13.4050     0.1876 -9.990e-29 1.0000e-12 1.3021e+03    171.300    13.0480    38.5173    29.1109 0.0000e+00
   2306.000    13.4053     0.1926 -9.990e-29 1.0000e-12 1.2952e+03    171.167    13.0481    38.5172    29.1108 0.0000e+00
   2307.000    13.4055     0.1918 -9.990e-29 1.0000e-12 1.2911e+03    171.121    13.0482    38.5172    29.1108 0.0000e+00
   2308.000    13.4048     0.1897 -9.990e-29 1.0000e-12 1.2912e+03    171.243    13.0474    38.5170    29.1108 0.0000e+00
   2309.000    13.4045     0.1887 -9.990e-29 1.0000e-12 1.2964e+03    171.445    13.0469    38.5169    29.1108 0.0000e+00
   2310.000    13.4035     0.1868 -9.990e-29 1.0000e-12 1.3063e+03    171.325    13.0457    38.5166    29.1108 0.0000e+00
   2311.000    13.4035     0.1872 -9.990e-29 1.0000e-12 1.3076e+03    171.108    13.0455    38.5165    29.1108 0.0000e+00
   2312.000    13.4037     0.1855 -9.990e-29 1.0000e-12 1.3091e+03    171.034    13.0455    38.5165    29.1107 0.0000e+00
   2313.000    13.4039     0.1857 -9.990e-29 1.0000e-12 1.3073e+03    171.198    13.0456    38.5164    29.1107 0.0000e+00
   2314.000    13.4040     0.1890 -9.990e-29 1.0000e-12 1.3027e+03    171.182    13.0456    38.5165    29.1108 0.0000e+00
   2315.000    13.4040     0.1879 -9.990e-29 1.0000e-12 1.3049e+03    171.275    13.0454    38.5164    29.1108 0.0000e+00
   2316.000    13.4041     0.1860 -9.990e-29 1.0000e-12 1.3049e+03    171.436    13.0454    38.5165    29.1108 0.0000e+00
   2317.000    13.4041     0.1846 -9.990e-29 1.0000e-12 1.3069e+03    171.573    13.0452    38.5164    29.1108 0.0000e+00
   2318.000    13.4039     0.1863 -9.990e-29 1.0000e-12 1.3102e+03    171.386    13.0448    38.5162    29.1107 0.0000e+00
   2319.000    13.4041     0.1846 -9.990e-29 1.0000e-12 1.3065e+03    171.266    13.0449    38.5163    29.1108 0.0000e+00
   2320.000    13.4042     0.1853 -9.990e-29 1.0000e-12 1.3084e+03    171.363    13.0448    38.5161    29.1107 0.0000e+00
   2321.000    13.4043     0.1880 -9.990e-29 1.0000e-12 1.3082e+03    171.406    13.0447    38.5162    29.1108 0.0000e+00
   2322.000    13.4043     0.1937 -9.990e-29 1.0000e-12 1.3122e+03    171.317    13.0445    38.5163    29.1109 0.0000e+00
   2323.000    13.4045     0.1937 -9.990e-29 1.0000e-12 1.3092e+03    171.178    13.0446    38.5163    29.1108 0.0000e+00
   2324.000    13.4047     0.1899 -9.990e-29 1.0000e-12 1.3060e+03    171.152    13.0445    38.5163    29.1108 0.0000e+00
   2325.000    13.4050     0.1949 -9.990e-29 1.0000e-12 1.3088e+03    171.269    13.0447    38.5162    29.1108 0.0000e+00
   2326.000    13.4052     0.1947 -9.990e-29 1.0000e-12 1.3106e+03    171.172    13.0447    38.5162    29.1108 0.0000e+00
   2327.000    13.4052     0.1944 -9.990e-29 1.0000e-12 1.3074e+03    171.100    13.0445    38.5163    29.1108 0.0000e+00
   2328.000    13.4054     0.1901 -9.990e-29 1.0000e-12 1.3045e+03    171.054    13.0446    38.5162    29.1108 0.0000e+00
   2329.000    13.4056     0.1910 -9.990e-29 1.0000e-12 1.3068e+03    171.209    13.0446    38.5163    29.1108 0.0000e+00
   2330.000    13.4055     0.1872 -9.990e-29 1.0000e-12 1.3076e+03    171.200    13.0444    38.5163    29.1109 0.0000e+00
   2331.000    13.4057     0.1848 -9.990e-29 1.0000e-12 1.3113e+03    171.304    13.0445    38.5163    29.1108 0.0000e+00
   2332.000    13.4058     0.1847 -9.990e-29 -9.990e-29 1.3135e+03    171.482    13.0444    38.5164    29.1109 0.0000e+00
   2333.000    13.4059     0.1880 -9.990e-29 -9.990e-29 1.3124e+03    171.416    13.0443    38.5162    29.1108 0.0000e+00
   2334.000    13.4062     0.1858 -9.990e-29 -9.990e-29 1.3163e+03    171.159    13.0444    38.5162    29.1108 0.0000e+00
   2335.000    13.4066     0.1929 -9.990e-29 1.0000e-12 1.3162e+03    171.214    13.0446    38.5163    29.1108 0.0000e+00
   2336.000    13.4069     0.1912 -9.990e-29 1.0000e-12 1.3113e+03    171.271    13.0448    38.5163    29.1108 0.0000e+00
   2337.000    13.4067     0.1927 -9.990e-29 1.0000e-12 1.3101e+03    171.659    13.0444    38.5161    29.1108 0.0000e+00
   2338.000    13.4064     0.1873 -9.990e-29 1.0000e-12 1.3161e+03    171.451    13.0439    38.5162    29.1109 0.0000e+00
   2339.000    13.4064     0.1821 -9.990e-29 1.0000e-12 1.3165e+03    171.110    13.0437    38.5160    29.1108 0.0000e+00
   2340.000    13.4054     0.1888 -9.990e-29 1.0000e-12 1.3169e+03    171.299    13.0426    38.5157    29.1108 0.0000e+00
   2341.000    13.4045     0.1929 -9.990e-29 1.0000e-12 1.3149e+03    171.264    13.0415    38.5153    29.1107 0.0000e+00
   2342.000    13.4030     0.1912 -9.990e-29 1.0000e-12 1.3122e+03    171.406    13.0400    38.5148    29.1107 0.0000e+00
   2343.000    13.4019     0.1888 -9.990e-29 1.0000e-12 1.3141e+03    171.371    13.0387    38.5146    29.1108 0.0000e+00
   2344.000    13.4014     0.1890 -9.990e-29 -9.990e-29 1.3164e+03    171.415    13.0380    38.5142    29.1105 0.0000e+00
   2345.000    13.4014     0.1868 -9.990e-29 -9.990e-29 1.3230e+03    171.473    13.0378    38.5142    29.1106 0.0000e+00
   2346.000    13.4015     0.1856 -9.990e-29 -9.990e-29 1.3258e+03    171.609    13.0378    38.5142    29.1106 0.0000e+00
   2347.000    13.4018     0.1874 -9.990e-29 -9.990e-29 1.3318e+03    171.601    13.0380    38.5143    29.1107 0.0000e+00
   2348.000    13.4019     0.1893 -9.990e-29 1.0000e-12 1.3301e+03    171.677    13.0379    38.5144    29.1107 0.0000e+00
   2349.000    13.4021     0.1925 -9.990e-29 1.0000e-12 1.3273e+03    171.696    13.0379    38.5143    29.1107 0.0000e+00
   2350.000    13.4024     0.1902 -9.990e-29 1.0000e-12 1.3226e+03    171.458    13.0380    38.5142    29.1105 0.0000e+00
   2351.000    13.4026     0.1860 -9.990e-29 1.0000e-12 1.3239e+03    171.580    13.0380    38.5143    29.1107 0.0000e+00
   2352.000    13.4028     0.1864 -9.990e-29 1.0000e-12 1.3226e+03    171.531    13.0381    38.5143    29.1107 0.0000e+00
   2353.000    13.4029     0.1933 -9.990e-29 1.0000e-12 1.3225e+03    171.514    13.0380    38.5143    29.1106 0.0000e+00
   2354.000    13.4029     0.1912 -9.990e-29 1.0000e-12 1.3245e+03    171.488    13.0378    38.5145    29.1108 0.0000e+00
   2355.000    13.4031     0.1889 -9.990e-29 1.0000e-12 1.3255e+03    171.339    13.0378    38.5143    29.1107 0.0000e+00
   2356.000    13.4032     0.1927 -9.990e-29 1.0000e-12 1.3160e+03    171.367    13.0378    38.5141    29.1105 0.0000e+00
   2357.000    13.4033     0.1912 -9.990e-29 1.0000e-12 1.3226e+03    171.505    13.0378    38.5143    29.1107 0.0000e+00
   2358.000    13.4036     0.1890 -9.990e-29 1.0000e-12 1.3184e+03    171.479    13.0379    38.5143    29.1107 0.0000e+00
   2359.000    13.4038     0.1911 -9.990e-29 1.0000e-12 1.3237e+03    171.287    13.0379    38.5144    29.1108 0.0000e+00
   2360.000    13.4040     0.1904 -9.990e-29 1.0000e-12 1.3186e+03    171.291    13.0379    38.5143    29.1106 0.0000e+00
   2361.000    13.4039     0.1868 -9.990e-29 1.0000e-12 1.3231e+03    171.158    13.0377    38.5143    29.1108 0.0000e+00
   2362.000    13.4039     0.1878 -9.990e-29 1.0000e-12 1.3266e+03    171.179    13.0376    38.5142    29.1107 0.0000e+00
