Data/ruptures/PEACETIME/TYR/PEACETIME_TYR_CTD_019.cnv
* Sea-Bird SBE 9 Data File:
* FileName = C:\CTD\rawCTD\PEACETIME_TYR_CTD_019.hdr
* Software Version Seasave V 7.23.2
* Temperature SN = 1378
* Conductivity SN = 2929
* Number of Bytes Per Scan = 34
* Number of Voltage Words = 5
* Number of Scans Averaged by the Deck Unit = 1
* NMEA Latitude = 39 20.39 N
* NMEA Longitude = 012 35.57 E
* NMEA UTC (Time) = May 18 2017  04:45:31
* NMEA baud rate = 4800
** Cruise:   PEACETIME
** Station:   TYR_CTD_019
# nquan = 11
# nvalues = 3449                        
# units = specified
# name 0 = prDM: Pressure, Digiquartz [db]
# name 1 = t090C: Temperature [ITS-90, deg C]
# name 2 = flC: Fluorescence, Chelsea Aqua 3 Chl Con [ug/l]
# name 3 = CStarTr0: Beam Transmission, WET Labs C-Star [%]
# name 4 = par: PAR/Irradiance, Biospherical/Licor
# name 5 = spar: SPAR/Surface Irradiance
# name 6 = sbeox0Mm/Kg: Oxygen, SBE 43 [umol/kg]
# name 7 = potemp090C: Potential Temperature [ITS-90, deg C]
# name 8 = sal00: Salinity, Practical [PSU]
# name 9 = sigma-é00: Density [sigma-theta, kg/m^3]
# name 10 = flag:
# span 0 =      1.000,   3449.000       
# span 1 =    13.3964,    20.4390       
# span 2 =     0.1718,     0.3424       
# span 3 =    96.1786,    98.7871       
# span 4 = -2.160e-05, 2.1213e+02       
# span 5 = 9.0780e+02, 1.7431e+03       
# span 6 =    164.228,    239.103       
# span 7 =    12.9685,    20.4388       
# span 8 =    37.9447,    38.8258       
# span 9 =    26.8937,    29.1131       
# span 10 = 0.0000e+00, 0.0000e+00      
# interval = decibars: 1                
# start_time = May 18 2017 04:45:31 [NMEA time, header]
# bad_flag = -9.990e-29
*END*
[from data line 2755]
   2756.000    13.4237     0.1889    98.7598 1.2346e-03 1.6302e+03    173.380    12.9911    38.5011    29.1102 0.0000e+00
   2757.000    13.4238     0.1875    98.7598 7.2220e-04 1.6250e+03    173.183    12.9910    38.5011    29.1102 0.0000e+00
   2758.000    13.4240     0.1880    98.7598 2.5132e-04 1.6261e+03    172.923    12.9910    38.5011    29.1102 0.0000e+00
   2759.000    13.4240     0.1888    98.7598 2.6493e-04 1.6273e+03    173.273    12.9909    38.5010    29.1102 0.0000e+00
   2760.000    13.4241     0.1898    98.7598 5.2049e-04 1.6243e+03    173.506    12.9908    38.5012    29.1103 0.0000e+00
   2761.000    13.4244     0.1910    98.7598 2.9815e-04 1.6276e+03    173.398    12.9909    38.5011    29.1102 0.0000e+00
   2762.000    13.4246     0.1884    98.7598 8.8295e-04 1.6260e+03    173.300    12.9910    38.5011    29.1101 0.0000e+00
   2763.000    13.4248     0.1909    98.7598 2.2769e-04 1.6259e+03    172.935    12.9910    38.5012    29.1103 0.0000e+00
   2764.000    13.4250     0.1930    98.7598 4.3371e-05 1.6294e+03    173.010    12.9910    38.5012    29.1102 0.0000e+00
   2765.000    13.4249     0.1895    98.7598 5.2305e-06 1.6297e+03    173.080    12.9908    38.5012    29.1103 0.0000e+00
   2766.000    13.4251     0.1877    98.7598 7.9717e-08 1.6271e+03    173.160    12.9908    38.5011    29.1103 0.0000e+00
   2767.000    13.4251     0.1900    98.7598 5.2553e-05 1.6259e+03    173.421    12.9906    38.5011    29.1103 0.0000e+00
   2768.000    13.4252     0.1909    98.7598 1.1841e-05 1.6294e+03    173.579    12.9906    38.5010    29.1102 0.0000e+00
   2769.000    13.4254     0.1907    98.7598 -3.302e-09 1.6289e+03    173.390    12.9905    38.5010    29.1102 0.0000e+00
   2770.000    13.4255     0.1813    98.7598 2.1215e-06 1.6286e+03    173.375    12.9905    38.5011    29.1103 0.0000e+00
   2771.000    13.4257     0.1819    98.7598 6.6677e-06 1.6297e+03    172.930    12.9905    38.5011    29.1103 0.0000e+00
   2772.000    13.4259     0.1852    98.7598 4.2741e-06 1.6231e+03    172.854    12.9906    38.5011    29.1103 0.0000e+00
   2773.000    13.4261     0.1880    98.7598 -6.959e-08 1.6291e+03    173.326    12.9906    38.5010    29.1102 0.0000e+00
   2774.000    13.4261     0.1865    98.7598 1.0000e-12 1.6281e+03    173.320    12.9904    38.5010    29.1102 0.0000e+00
   2775.000    13.4262     0.1864    98.7598 1.0000e-12 1.6324e+03    173.362    12.9903    38.5011    29.1103 0.0000e+00
   2776.000    13.4264     0.1910    98.7598 1.0000e-12 1.6278e+03    173.498    12.9903    38.5010    29.1103 0.0000e+00
   2777.000    13.4263     0.1866    98.7598 1.0000e-12 1.6290e+03    173.598    12.9901    38.5010    29.1103 0.0000e+00
   2778.000    13.4265     0.1868    98.7598 2.5436e-06 1.6289e+03    173.528    12.9901    38.5009    29.1102 0.0000e+00
   2779.000    13.4267     0.1852    98.7598 9.3256e-06 1.6275e+03    173.369    12.9901    38.5010    29.1103 0.0000e+00
   2780.000    13.4268     0.1847    98.7598 -1.238e-07 1.6261e+03    173.352    12.9901    38.5010    29.1103 0.0000e+00
   2781.000    13.4268     0.1827    98.7598 1.0000e-12 1.6330e+03    173.360    12.9899    38.5009    29.1103 0.0000e+00
   2782.000    13.4269     0.1844    98.7598 7.3197e-05 1.6315e+03    173.518    12.9899    38.5010    29.1103 0.0000e+00
   2783.000    13.4270     0.1817    98.7598 2.2968e-06 1.6350e+03    173.360    12.9898    38.5008    29.1102 0.0000e+00
   2784.000    13.4270     0.1872    98.7598 3.5567e-04 1.6308e+03    173.276    12.9896    38.5009    29.1103 0.0000e+00
   2785.000    13.4273     0.1909    98.7598 1.2278e-05 1.6280e+03    173.317    12.9897    38.5009    29.1103 0.0000e+00
   2786.000    13.4274     0.1878    98.7598 1.1573e-04 1.6341e+03    173.312    12.9896    38.5009    29.1103 0.0000e+00
   2787.000    13.4275     0.1852    98.7466 1.1381e-03 1.6332e+03    173.405    12.9895    38.5009    29.1103 0.0000e+00
   2788.000    13.4276     0.1907    98.7568 2.5051e-04 1.6336e+03    173.398    12.9895    38.5008    29.1103 0.0000e+00
   2789.000    13.4277     0.1872    98.7548 4.8523e-04 1.6343e+03    173.321    12.9895    38.5009    29.1104 0.0000e+00
   2790.000    13.4278     0.1896    98.7463 1.4989e-03 1.6332e+03    173.084    12.9893    38.5008    29.1103 0.0000e+00
   2791.000    13.4279     0.1846    98.7556 6.7954e-04 1.6307e+03    173.151    12.9893    38.5008    29.1103 0.0000e+00
   2792.000    13.4281     0.1887    98.7577 1.3573e-04 1.6304e+03    173.233    12.9893    38.5008    29.1103 0.0000e+00
   2793.000    13.4281     0.1934    98.7546 1.2314e-06 1.6294e+03    173.282    12.9892    38.5009    29.1104 0.0000e+00
   2794.000    13.4284     0.1884    98.7515 1.7592e-05 1.6292e+03    173.356    12.9892    38.5007    29.1102 0.0000e+00
   2795.000    13.4284     0.1903    98.7505 1.2782e-04 1.6361e+03    173.702    12.9891    38.5008    29.1103 0.0000e+00
   2796.000    13.4285     0.1882    98.7536 4.5893e-04 1.6353e+03    173.501    12.9891    38.5007    29.1103 0.0000e+00
   2797.000    13.4285     0.1888    98.7567 4.0808e-04 1.6343e+03    173.156    12.9889    38.5007    29.1103 0.0000e+00
   2798.000    13.4286     0.1905    98.7546 6.7680e-04 1.6376e+03    173.068    12.9888    38.5007    29.1104 0.0000e+00
   2799.000    13.4286     0.1865    98.7597 5.5975e-04 1.6384e+03    173.317    12.9886    38.5006    29.1103 0.0000e+00
   2800.000    13.4287     0.1913    98.7598 3.7760e-04 1.6342e+03    173.207    12.9885    38.5006    29.1103 0.0000e+00
   2801.000    13.4287     0.1876    98.7598 6.8816e-04 1.6342e+03    173.552    12.9884    38.5007    29.1104 0.0000e+00
   2802.000    13.4288     0.1916    98.7598 2.0453e-03 1.6373e+03    173.521    12.9883    38.5006    29.1103 0.0000e+00
   2803.000    13.4290     0.1915    98.7577 8.4938e-04 1.6352e+03    173.346    12.9884    38.5006    29.1103 0.0000e+00
   2804.000    13.4291     0.1890    98.7501 6.4390e-04 1.6319e+03    173.430    12.9883    38.5007    29.1104 0.0000e+00
   2805.000    13.4292     0.1875    98.7508 5.7901e-04 1.6387e+03    173.227    12.9882    38.5006    29.1104 0.0000e+00
   2806.000    13.4294     0.1919    98.7515 1.3073e-03 1.6333e+03    173.311    12.9882    38.5006    29.1104 0.0000e+00
   2807.000    13.4295     0.1895    98.7587 1.8446e-04 1.6379e+03    173.448    12.9881    38.5008    29.1105 0.0000e+00
   2808.000    13.4298     0.1842    98.7598 2.3902e-04 1.6411e+03    173.504    12.9882    38.5007    29.1104 0.0000e+00
   2809.000    13.4299     0.1862    98.7598 1.5286e-03 1.6420e+03    173.484    12.9882    38.5006    29.1104 0.0000e+00
   2810.000    13.4301     0.1853    98.7598 3.1991e-04 1.6392e+03    173.563    12.9883    38.5007    29.1104 0.0000e+00
   2811.000    13.4303     0.1887    98.7495 4.9272e-04 1.6380e+03    173.356    12.9882    38.5006    29.1103 0.0000e+00
   2812.000    13.4304     0.1910    98.7577 3.2478e-04 1.6382e+03    173.481    12.9882    38.5005    29.1103 0.0000e+00
   2813.000    13.4306     0.1867    98.7567 4.2415e-04 1.6373e+03    173.529    12.9882    38.5005    29.1103 0.0000e+00
   2814.000    13.4307     0.1861    98.7378 6.0372e-04 1.6377e+03    173.683    12.9881    38.5005    29.1103 0.0000e+00
   2815.000    13.4308     0.1852    98.7568 6.0536e-04 1.6404e+03    173.549    12.9880    38.5005    29.1103 0.0000e+00
   2816.000    13.4309     0.1870    98.7598 7.2161e-04 1.6429e+03    173.577    12.9880    38.5006    29.1104 0.0000e+00
   2817.000    13.4310     0.1862    98.7598 7.5114e-04 1.6409e+03    173.540    12.9880    38.5005    29.1103 0.0000e+00
   2818.000    13.4312     0.1846    98.7598 7.7844e-05 1.6414e+03    173.647    12.9880    38.5006    29.1104 0.0000e+00
   2819.000    13.4313     0.1876    98.7536 1.2730e-03 1.6404e+03    173.648    12.9879    38.5005    29.1104 0.0000e+00
   2820.000    13.4316     0.1907    98.7556 5.4470e-05 1.6367e+03    173.650    12.9880    38.5005    29.1103 0.0000e+00
   2821.000    13.4317     0.1908    98.7494 8.6323e-05 1.6401e+03    173.626    12.9880    38.5005    29.1103 0.0000e+00
   2822.000    13.4318     0.1911    98.7370 4.9695e-04 1.6434e+03    173.715    12.9879    38.5006    29.1105 0.0000e+00
   2823.000    13.4321     0.1866    98.7503 1.1380e-03 1.6373e+03    173.259    12.9880    38.5004    29.1103 0.0000e+00
   2824.000    13.4320     0.1861    98.7515 5.1403e-05 1.6447e+03    173.152    12.9878    38.5006    29.1104 0.0000e+00
   2825.000    13.4322     0.1903    98.7494 -2.596e-07 1.6404e+03    173.437    12.9878    38.5004    29.1103 0.0000e+00
   2826.000    13.4323     0.1891    98.7525 1.0000e-12 1.6427e+03    173.493    12.9877    38.5005    29.1104 0.0000e+00
   2827.000    13.4324     0.1938    98.7535 1.2052e-04 1.6381e+03    173.419    12.9876    38.5004    29.1104 0.0000e+00
   2828.000    13.4326     0.1944    98.7536 4.0937e-05 1.6415e+03    173.642    12.9876    38.5003    29.1103 0.0000e+00
   2829.000    13.4326     0.1894    98.7567 1.7087e-05 1.6405e+03    173.698    12.9875    38.5004    29.1104 0.0000e+00
   2830.000    13.4327     0.1880    98.7493 4.1860e-06 1.6396e+03    173.804    12.9874    38.5004    29.1104 0.0000e+00
   2831.000    13.4327     0.1883    98.7525 4.5916e-05 1.6381e+03    173.726    12.9872    38.5003    29.1104 0.0000e+00
   2832.000    13.4327     0.1863    98.7473 2.1249e-05 1.6437e+03    173.594    12.9871    38.5004    29.1104 0.0000e+00
   2833.000    13.4329     0.1916    98.7488 2.5944e-05 1.6434e+03    173.705    12.9871    38.5003    29.1104 0.0000e+00
   2834.000    13.4330     0.1846    98.7494 2.3385e-07 1.6397e+03    173.636    12.9870    38.5003    29.1104 0.0000e+00
   2835.000    13.4332     0.1813    98.7535 6.9101e-05 1.6432e+03    173.483    12.9870    38.5003    29.1104 0.0000e+00
   2836.000    13.4332     0.1827    98.7468 4.3078e-06 1.6406e+03    173.461    12.9869    38.5003    29.1104 0.0000e+00
   2837.000    13.4333     0.1885    98.7458 2.0799e-04 1.6426e+03    173.519    12.9868    38.5003    29.1104 0.0000e+00
   2838.000    13.4332     0.1879    98.7483 1.1195e-05 1.6444e+03    173.409    12.9866    38.5003    29.1105 0.0000e+00
   2839.000    13.4335     0.1926    98.7421 5.7893e-04 1.6398e+03    173.284    12.9866    38.5003    29.1104 0.0000e+00
   2840.000    13.4337     0.1901    98.7453 1.3926e-03 1.6407e+03    173.663    12.9867    38.5002    29.1104 0.0000e+00
   2841.000    13.4336     0.1862    98.7524 1.2392e-04 1.6417e+03    173.593    12.9864    38.5004    29.1106 0.0000e+00
   2842.000    13.4339     0.1868    98.7443 3.0276e-04 1.6375e+03    173.708    12.9865    38.5002    29.1104 0.0000e+00
   2843.000    13.4341     0.1933    98.7473 5.1573e-04 1.6451e+03    173.545    12.9866    38.5002    29.1104 0.0000e+00
   2844.000    13.4342     0.1947    98.7418 1.1617e-04 1.6392e+03    173.528    12.9865    38.5003    29.1105 0.0000e+00
   2845.000    13.4344     0.1890    98.7403 7.0640e-04 1.6427e+03    173.435    12.9865    38.5004    29.1105 0.0000e+00
   2846.000    13.4347     0.1839    98.7390 3.5650e-04 1.6402e+03    173.481    12.9866    38.5002    29.1104 0.0000e+00
   2847.000    13.4348     0.1853    98.7400 2.0626e-04 1.6426e+03    173.528    12.9866    38.5002    29.1104 0.0000e+00
   2848.000    13.4349     0.1844    98.7388 5.0994e-04 1.6432e+03    173.550    12.9865    38.5003    29.1105 0.0000e+00
   2849.000    13.4351     0.1841    98.7411 2.7565e-04 1.6402e+03    173.360    12.9866    38.5003    29.1105 0.0000e+00
   2850.000    13.4354     0.1792    98.7484 8.5091e-04 1.6405e+03    173.620    12.9867    38.5002    29.1104 0.0000e+00
   2851.000    13.4355     0.1797    98.7479 2.0598e-04 1.6445e+03    173.745    12.9866    38.5003    29.1105 0.0000e+00
   2852.000    13.4356     0.1850    98.7452 2.5421e-04 1.6463e+03    173.677    12.9865    38.5003    29.1105 0.0000e+00
   2853.000    13.4357     0.1942    98.7488 3.0411e-04 1.6431e+03    173.551    12.9864    38.5003    29.1105 0.0000e+00
   2854.000    13.4359     0.1902    98.7473 1.5291e-03 1.6473e+03    173.319    12.9864    38.5002    29.1105 0.0000e+00
   2855.000    13.4360     0.1946    98.7389 2.2144e-03 1.6447e+03    173.287    12.9864    38.5002    29.1105 0.0000e+00
   2856.000    13.4362     0.1935    98.7462 1.6264e-03 1.6415e+03    173.487    12.9865    38.5003    29.1105 0.0000e+00
   2857.000    13.4364     0.1944    98.7452 2.8171e-04 1.6418e+03    173.526    12.9865    38.5003    29.1105 0.0000e+00
   2858.000    13.4365     0.1841    98.7458 7.7675e-04 1.6411e+03    173.449    12.9864    38.5003    29.1105 0.0000e+00
   2859.000    13.4367     0.1823    98.7463 2.6700e-04 1.6455e+03    173.512    12.9864    38.5002    29.1105 0.0000e+00
   2860.000    13.4368     0.1860    98.7524 4.1606e-06 1.6430e+03    173.432    12.9864    38.5003    29.1105 0.0000e+00
   2861.000    13.4370     0.1881    98.7495 1.4806e-04 1.6476e+03    173.411    12.9864    38.5002    29.1105 0.0000e+00
   2862.000    13.4372     0.1887    98.7484 1.2299e-03 1.6423e+03    173.398    12.9864    38.5002    29.1104 0.0000e+00
   2863.000    13.4372     0.1921    98.7453 3.4621e-04 1.6464e+03    173.474    12.9862    38.5003    29.1105 0.0000e+00
   2864.000    13.4373     0.1908    98.7463 2.1886e-04 1.6421e+03    173.638    12.9861    38.5002    29.1105 0.0000e+00
   2865.000    13.4374     0.1955    98.7452 2.4659e-04 1.6454e+03    173.890    12.9861    38.5001    29.1104 0.0000e+00
   2866.000    13.4375     0.1976    98.7181 1.9604e-04 1.6502e+03    173.416    12.9860    38.5002    29.1105 0.0000e+00
   2867.000    13.4376     0.1924    98.7089 2.5746e-07 1.6445e+03    173.510    12.9860    38.5002    29.1105 0.0000e+00
   2868.000    13.4378     0.1872    98.7339 1.0000e-12 1.6468e+03    173.636    12.9859    38.5002    29.1105 0.0000e+00
   2869.000    13.4379     0.1902    98.7389 1.0000e-12 1.6499e+03    173.662    12.9859    38.5002    29.1105 0.0000e+00
   2870.000    13.4381     0.1933    98.7479 1.0000e-12 1.6436e+03    173.619    12.9859    38.5002    29.1106 0.0000e+00
   2871.000    13.4382     0.1920    98.7407 2.0918e-06 1.6478e+03    173.528    12.9858    38.5003    29.1106 0.0000e+00
   2872.000    13.4385     0.1902    98.7378 5.5571e-04 1.6430e+03    173.160    12.9859    38.5002    29.1105 0.0000e+00
   2873.000    13.4385     0.1931    98.7411 5.9594e-04 1.6517e+03    173.442    12.9858    38.5002    29.1105 0.0000e+00
   2874.000    13.4388     0.1945    98.7418 6.0517e-04 1.6480e+03    173.698    12.9859    38.5001    29.1104 0.0000e+00
   2875.000    13.4389     0.1987    98.7348 1.5052e-03 1.6502e+03    173.474    12.9858    38.5001    29.1104 0.0000e+00
   2876.000    13.4388     0.1949    98.7449 1.0649e-03 1.6435e+03    173.278    12.9855    38.5001    29.1106 0.0000e+00
   2877.000    13.4389     0.1909    98.7398 1.7673e-03 1.6441e+03    173.532    12.9855    38.5000    29.1105 0.0000e+00
   2878.000    13.4391     0.1906    98.7380 8.7079e-04 1.6506e+03    173.539    12.9855    38.5000    29.1105 0.0000e+00
   2879.000    13.4391     0.1886    98.7338 1.3598e-03 1.6545e+03    173.585    12.9854    38.5001    29.1105 0.0000e+00
   2880.000    13.4392     0.1925    98.7407 1.4537e-03 1.6497e+03    173.450    12.9853    38.5000    29.1105 0.0000e+00
   2881.000    13.4393     0.1926    98.7514 1.4758e-03 1.6474e+03    173.443    12.9852    38.5001    29.1106 0.0000e+00
   2882.000    13.4394     0.1873    98.7398 1.0790e-03 1.6495e+03    173.313    12.9851    38.5001    29.1106 0.0000e+00
   2883.000    13.4395     0.1845    98.7398 1.0448e-03 1.6528e+03    173.439    12.9850    38.5000    29.1105 0.0000e+00
   2884.000    13.4396     0.1868    98.7432 7.6941e-04 1.6498e+03    173.599    12.9850    38.4999    29.1105 0.0000e+00
   2885.000    13.4397     0.1896    98.7448 -1.271e-05 1.6517e+03    173.433    12.9850    38.5000    29.1106 0.0000e+00
