Data/ruptures/PEACETIME/TYR/PEACETIME_TYR_CTD_018.cnv
* Sea-Bird SBE 9 Data File:
* FileName = C:\CTD\rawCTD\PEACETIME_TYR_CTD_018.hdr
* Software Version Seasave V 7.23.2
* Temperature SN = 1378
* Conductivity SN = 2929
* Number of Bytes Per Scan = 34
* Number of Voltage Words = 5
* Number of Scans Averaged by the Deck Unit = 1
* NMEA Latitude = 39 20.39 N
* NMEA Longitude = 012 35.57 E
* NMEA UTC (Time) = May 18 2017  02:57:11
* NMEA baud rate = 4800
** Cruise:   PEACETIME
** Station:   TYR_CTD_018
# nquan = 11
# nvalues = 501                         
# units = specified
# name 0 = prDM: Pressure, Digiquartz [db]
# name 1 = t090C: Temperature [ITS-90, deg C]
# name 2 = flC: Fluorescence, Chelsea Aqua 3 Chl Con [ug/l]
# name 3 = CStarTr0: Beam Transmission, WET Labs C-Star [%]
# name 4 = par: PAR/Irradiance, Biospherical/Licor
# name 5 = spar: SPAR/Surface Irradiance
# name 6 = sbeox0Mm/Kg: Oxygen, SBE 43 [umol/kg]
# name 7 = potemp090C: Potential Temperature [ITS-90, deg C]
# name 8 = sal00: Salinity, Practical [PSU]
# name 9 = sigma-é00: Density [sigma-theta, kg/m^3]
# name 10 = flag:
# span 0 =      1.000,    501.000       
# span 1 =    14.2100,    20.6623       
# span 2 =     0.1795,     0.3329       
# span 3 =    96.1567,    98.6829       
# span 4 = -4.061e-07, 1.2410e-01       
# span 5 = 1.4847e+00, 5.1742e+00       
# span 6 =    166.192,    239.384       
# span 7 =    14.1340,    20.6617       
# span 8 =    37.9171,    38.8255       
# span 9 =    26.8110,    29.0839       
# span 10 = 0.0000e+00, 0.0000e+00      
# interval = decibars: 1                
# start_time = May 18 2017 02:57:11 [NMEA time, header]
# bad_flag = -9.990e-29
*END*
[from data line 394]
    395.000    14.4208     0.1911    98.6515 2.8159e-06 3.0016e+00    169.352    14.3603    38.8214    29.0649 0.0000e+00
    396.000    14.4206     0.1840    98.6534 5.1371e-09 3.9298e+00    169.296    14.3599    38.8214    29.0650 0.0000e+00
    397.000    14.4198     0.1884    98.6530 1.0000e-12 1.8571e+00    169.326    14.3589    38.8214    29.0652 0.0000e+00
    398.000    14.4199     0.1897    98.6488 1.0000e-12 3.4574e+00    169.899    14.3590    38.8222    29.0659 0.0000e+00
    399.000    14.4203     0.1888    98.6473 2.6388e-05 2.5354e+00    169.920    14.3591    38.8226    29.0661 0.0000e+00
    400.000    14.4203     0.1887    98.6519 1.0277e-04 5.1742e+00    169.393    14.3590    38.8227    29.0662 0.0000e+00
    401.000    14.4206     0.1873    98.6494 3.0744e-05 2.5468e+00    169.682    14.3592    38.8230    29.0664 0.0000e+00
    402.000    14.4202     0.1848    98.6458 8.8136e-05 2.8780e+00    169.983    14.3586    38.8232    29.0667 0.0000e+00
    403.000    14.4237     0.1872    98.6371 -4.061e-07 3.2528e+00    169.527    14.3619    38.8252    29.0675 0.0000e+00
    404.000    14.4232     0.1899    98.6291 1.0000e-12 2.2228e+00    169.813    14.3613    38.8252    29.0677 0.0000e+00
    405.000    14.4226     0.1845    98.6298 1.0000e-12 1.9737e+00    170.052    14.3605    38.8255    29.0681 0.0000e+00
    406.000    14.4208     0.1835    98.6298 1.0000e-12 2.6511e+00    169.809    14.3586    38.8249    29.0680 0.0000e+00
    407.000    14.4161     0.1889    98.6298 1.0000e-12 2.0060e+00    169.980    14.3537    38.8242    29.0686 0.0000e+00
    408.000    14.4137     0.1863    98.6298 1.0000e-12 2.3409e+00    169.508    14.3512    38.8237    29.0687 0.0000e+00
    409.000    14.4123     0.1903    98.6353 1.0000e-12 2.6861e+00    169.396    14.3497    38.8235    29.0689 0.0000e+00
    410.000    14.4113     0.1845    98.6310 1.0000e-12 1.5823e+00    169.600    14.3485    38.8232    29.0689 0.0000e+00
    411.000    14.4099     0.1861    98.6311 1.0000e-12 2.5127e+00    169.953    14.3469    38.8230    29.0691 0.0000e+00
    412.000    14.4090     0.1891    98.6298 1.0000e-12 3.3232e+00    170.086    14.3459    38.8228    29.0692 0.0000e+00
    413.000    14.4067     0.1922    98.6239 1.0000e-12 2.4202e+00    169.386    14.3434    38.8224    29.0694 0.0000e+00
    414.000    14.3988     0.1875    98.6334 1.0000e-12 3.1362e+00    169.695    14.3354    38.8207    29.0699 0.0000e+00
    415.000    14.3946     0.1902    98.6345 1.0000e-12 2.6931e+00    168.882    14.3310    38.8200    29.0703 0.0000e+00
    416.000    14.3889     0.1887    98.6492 1.0000e-12 3.2160e+00    169.058    14.3252    38.8185    29.0704 0.0000e+00
    417.000    14.3876     0.1838    98.6448 1.0000e-12 3.1424e+00    168.954    14.3238    38.8183    29.0706 0.0000e+00
    418.000    14.3859     0.1831    98.6431 1.0000e-12 2.8163e+00    169.347    14.3219    38.8180    29.0708 0.0000e+00
    419.000    14.3858     0.1820    98.6443 -9.990e-29 3.7678e+00    169.282    14.3217    38.8181    29.0709 0.0000e+00
    420.000    14.3864     0.1849    98.6332 1.0000e-12 2.1617e+00    169.472    14.3221    38.8183    29.0710 0.0000e+00
    421.000    14.3876     0.1908    98.6356 1.0000e-12 3.9002e+00    168.910    14.3231    38.8188    29.0711 0.0000e+00
    422.000    14.3918     0.1888    98.6280 1.0000e-12 3.5097e+00    169.385    14.3272    38.8207    29.0717 0.0000e+00
    423.000    14.3922     0.1859    98.6298 -9.990e-29 3.6216e+00    169.453    14.3274    38.8208    29.0717 0.0000e+00
    424.000    14.3919     0.1834    98.6298 -9.990e-29 2.1906e+00    169.430    14.3270    38.8207    29.0717 0.0000e+00
    425.000    14.3904     0.1875    98.6298 3.4409e-05 1.9861e+00    168.830    14.3253    38.8203    29.0718 0.0000e+00
    426.000    14.3891     0.1877    98.6298 1.7227e-04 2.5894e+00    169.228    14.3238    38.8200    29.0719 0.0000e+00
    427.000    14.3880     0.1878    98.6286 1.3657e-04 3.8513e+00    169.561    14.3226    38.8198    29.0720 0.0000e+00
    428.000    14.3863     0.1844    98.6356 -9.990e-29 2.4904e+00    169.516    14.3208    38.8193    29.0720 0.0000e+00
    429.000    14.3854     0.1847    98.6402 -9.990e-29 3.0718e+00    169.336    14.3197    38.8190    29.0720 0.0000e+00
    430.000    14.3859     0.1859    98.6351 -9.990e-29 2.8823e+00    169.172    14.3200    38.8193    29.0722 0.0000e+00
    431.000    14.3860     0.1840    98.6172 1.0000e-12 3.8581e+00    168.925    14.3200    38.8193    29.0722 0.0000e+00
    432.000    14.3847     0.1909    98.6304 1.0000e-12 3.2866e+00    169.344    14.3185    38.8193    29.0725 0.0000e+00
    433.000    14.3814     0.1926    98.6310 1.0000e-12 3.4733e+00    169.235    14.3151    38.8187    29.0728 0.0000e+00
    434.000    14.3798     0.1939    98.6298 1.0000e-12 2.6391e+00    169.010    14.3134    38.8186    29.0731 0.0000e+00
    435.000    14.3791     0.1917    98.6298 1.0000e-12 2.3129e+00    169.314    14.3125    38.8184    29.0731 0.0000e+00
    436.000    14.3778     0.1940    98.6322 1.0000e-12 2.6997e+00    169.049    14.3110    38.8180    29.0732 0.0000e+00
    437.000    14.3750     0.1909    98.6344 1.0000e-12 3.6460e+00    168.712    14.3081    38.8176    29.0735 0.0000e+00
    438.000    14.3717     0.1904    98.6304 1.0000e-12 2.7986e+00    169.058    14.3046    38.8169    29.0737 0.0000e+00
    439.000    14.3693     0.1908    98.6298 1.0000e-12 3.1749e+00    169.093    14.3021    38.8165    29.0739 0.0000e+00
    440.000    14.3661     0.1923    98.6298 1.0000e-12 3.4681e+00    168.896    14.2987    38.8143    29.0730 0.0000e+00
    441.000    14.3588     0.1958    98.6298 1.0000e-12 2.4964e+00    168.866    14.2913    38.8141    29.0744 0.0000e+00
    442.000    14.3541     0.1866    98.6298 1.0000e-12 2.5156e+00    168.668    14.2865    38.8134    29.0750 0.0000e+00
    443.000    14.3529     0.1867    98.6338 1.0000e-12 2.5090e+00    168.789    14.2852    38.8132    29.0751 0.0000e+00
    444.000    14.3521     0.1920    98.6440 1.0000e-12 2.9186e+00    168.937    14.2842    38.8129    29.0751 0.0000e+00
    445.000    14.3492     0.1881    98.6345 1.0000e-12 2.2798e+00    168.388    14.2812    38.8123    29.0753 0.0000e+00
    446.000    14.3478     0.1858    98.6420 1.0000e-12 3.0008e+00    168.506    14.2796    38.8121    29.0755 0.0000e+00
    447.000    14.3470     0.1913    98.6428 1.0000e-12 2.6956e+00    168.568    14.2786    38.8117    29.0754 0.0000e+00
    448.000    14.3441     0.1933    98.6534 -9.990e-29 2.2162e+00    168.415    14.2756    38.8110    29.0756 0.0000e+00
    449.000    14.3422     0.1883    98.6511 -9.990e-29 3.9615e+00    168.182    14.2736    38.8108    29.0758 0.0000e+00
    450.000    14.3409     0.1935    98.6487 -9.990e-29 2.8478e+00    168.375    14.2720    38.8103    29.0758 0.0000e+00
    451.000    14.3388     0.1912    98.6459 -9.990e-29 2.1100e+00    167.935    14.2698    38.8098    29.0759 0.0000e+00
    452.000    14.3370     0.1884 -9.990e-29 -9.990e-29 2.3442e+00    168.044    14.2679    38.8093    29.0760 0.0000e+00
    453.000    14.3315     0.1913 -9.990e-29 -9.990e-29 2.1317e+00    167.974    14.2622    38.8081    29.0763 0.0000e+00
    454.000    14.3295     0.1913 -9.990e-29 1.0000e-12 1.9851e+00    168.027    14.2601    38.8075    29.0762 0.0000e+00
    455.000    14.3266     0.1932 -9.990e-29 1.0000e-12 2.0952e+00    167.924    14.2571    38.8068    29.0764 0.0000e+00
    456.000    14.3238     0.1937 -9.990e-29 1.0000e-12 2.1793e+00    167.810    14.2541    38.8062    29.0766 0.0000e+00
    457.000    14.3195     0.1932 -9.990e-29 1.0000e-12 2.5480e+00    167.928    14.2496    38.8053    29.0768 0.0000e+00
    458.000    14.3175     0.1915    98.6536 1.0000e-12 2.8535e+00    167.797    14.2475    38.8049    29.0770 0.0000e+00
    459.000    14.3166     0.1900    98.6570 1.0000e-12 2.7096e+00    167.202    14.2464    38.8045    29.0769 0.0000e+00
    460.000    14.3131     0.1882    98.6480 1.2316e-06 2.8608e+00    167.366    14.2428    38.8037    29.0771 0.0000e+00
    461.000    14.3095     0.1951    98.6638 -6.372e-09 3.2531e+00    167.543    14.2391    38.8031    29.0774 0.0000e+00
    462.000    14.3086     0.1907    98.6588 1.0000e-12 2.3859e+00    167.746    14.2380    38.8027    29.0774 0.0000e+00
    463.000    14.3071     0.1838    98.6576 1.0000e-12 3.2080e+00    167.573    14.2364    38.8025    29.0775 0.0000e+00
    464.000    14.3053     0.1930    98.6621 -9.990e-29 3.0727e+00    167.353    14.2344    38.8019    29.0776 0.0000e+00
    465.000    14.3027     0.1971    98.6594 1.0000e-12 4.1675e+00    167.568    14.2317    38.8013    29.0777 0.0000e+00
    466.000    14.2988     0.1930    98.6664 1.0000e-12 1.9722e+00    167.541    14.2276    38.8001    29.0777 0.0000e+00
    467.000    14.2909     0.1957    98.6610 1.0000e-12 3.0614e+00    167.332    14.2196    38.7986    29.0782 0.0000e+00
    468.000    14.2873     0.1910    98.6623 1.0000e-12 3.2871e+00    167.076    14.2159    38.7976    29.0783 0.0000e+00
    469.000    14.2870     0.1897    98.6645 1.0000e-12 2.5687e+00    167.184    14.2154    38.7976    29.0784 0.0000e+00
    470.000    14.2871     0.1938    98.6606 1.0000e-12 2.3296e+00    167.154    14.2153    38.7975    29.0784 0.0000e+00
    471.000    14.2868     0.1916    98.6699 1.0000e-12 2.7197e+00    167.037    14.2149    38.7973    29.0783 0.0000e+00
    472.000    14.2785     0.1958    98.6629 1.0000e-12 2.8815e+00    166.749    14.2065    38.7951    29.0784 0.0000e+00
    473.000    14.2651     0.1958    98.6691 1.0000e-12 3.7029e+00    166.785    14.1930    38.7924    29.0793 0.0000e+00
    474.000    14.2584     0.1915    98.6739 1.0000e-12 2.3167e+00    166.609    14.1861    38.7913    29.0800 0.0000e+00
    475.000    14.2586     0.1933 -9.990e-29 -9.990e-29 2.7461e+00    166.481    14.1861    38.7913    29.0799 0.0000e+00
    476.000    14.2587     0.1863    98.6500 1.0000e-12 3.8377e+00    166.713    14.1861    38.7913    29.0800 0.0000e+00
    477.000    14.2557     0.1876    98.6710 1.0000e-12 2.7265e+00    166.521    14.1829    38.7905    29.0800 0.0000e+00
    478.000    14.2457     0.1929    98.6801 1.0000e-12 2.6502e+00    166.258    14.1728    38.7884    29.0806 0.0000e+00
    479.000    14.2419     0.1909 -9.990e-29 1.0000e-12 2.8740e+00    166.789    14.1689    38.7878    29.0810 0.0000e+00
    480.000    14.2424     0.1900 -9.990e-29 1.0000e-12 2.1004e+00    166.835    14.1692    38.7883    29.0814 0.0000e+00
    481.000    14.2447     0.1915 -9.990e-29 1.0000e-12 3.6562e+00    166.775    14.1714    38.7892    29.0816 0.0000e+00
    482.000    14.2445     0.1937 -9.990e-29 1.3319e-06 3.0645e+00    166.963    14.1711    38.7890    29.0815 0.0000e+00
    483.000    14.2404     0.1926 -9.990e-29 1.7301e-09 1.8799e+00    166.686    14.1668    38.7881    29.0817 0.0000e+00
    484.000    14.2340     0.1893 -9.990e-29 1.0000e-12 1.8841e+00    166.514    14.1603    38.7866    29.0820 0.0000e+00
    485.000    14.2336     0.1870 -9.990e-29 1.0000e-12 2.8815e+00    166.661    14.1597    38.7865    29.0820 0.0000e+00
    486.000    14.2336     0.1897 -9.990e-29 1.0000e-12 3.5641e+00    166.376    14.1596    38.7864    29.0820 0.0000e+00
    487.000    14.2356     0.1914 -9.990e-29 1.0000e-12 3.3994e+00    166.192    14.1613    38.7872    29.0822 0.0000e+00
    488.000    14.2373     0.1946    98.6740 1.0000e-12 2.7485e+00    166.809    14.1629    38.7876    29.0822 0.0000e+00
    489.000    14.2376     0.1886    98.6829 1.0000e-12 1.9256e+00    166.996    14.1630    38.7878    29.0823 0.0000e+00
    490.000    14.2375     0.1858    98.6818 1.0000e-12 3.2387e+00    167.274    14.1629    38.7876    29.0822 0.0000e+00
    491.000    14.2368     0.1881 -9.990e-29 -9.990e-29 3.5451e+00    166.734    14.1619    38.7874    29.0822 0.0000e+00
    492.000    14.2353     0.1954 -9.990e-29 1.0000e-12 2.8749e+00    166.747    14.1603    38.7870    29.0823 0.0000e+00
    493.000    14.2332     0.1913 -9.990e-29 1.0000e-12 2.7206e+00    166.895    14.1581    38.7864    29.0823 0.0000e+00
    494.000    14.2319     0.1944 -9.990e-29 1.0000e-12 4.1334e+00    166.658    14.1567    38.7861    29.0824 0.0000e+00
    495.000    14.2286     0.1926 -9.990e-29 1.0000e-12 3.5559e+00    166.693    14.1531    38.7854    29.0827 0.0000e+00
    496.000    14.2201     0.1899 -9.990e-29 1.0000e-12 2.5792e+00    166.346    14.1446    38.7837    29.0832 0.0000e+00
    497.000    14.2122     0.1934 -9.990e-29 1.0000e-12 1.8836e+00    166.415    14.1366    38.7821    29.0837 0.0000e+00
    498.000    14.2102     0.1897 -9.990e-29 1.0000e-12 3.3593e+00    166.618    14.1344    38.7818    29.0839 0.0000e+00
    499.000    14.2100     0.1878 -9.990e-29 1.0000e-12 2.9862e+00    166.575    14.1341    38.7817    29.0839 0.0000e+00
    500.000    14.2102     0.1925 -9.990e-29 1.0000e-12 1.9500e+00    166.328    14.1341    38.7817    29.0839 0.0000e+00
    501.000    14.2103     0.1972 -9.990e-29 1.0000e-12 2.6539e+00    166.398    14.1340    38.7817    29.0839 0.0000e+00
