Data/ruptures/PEACETIME/TYR/PEACETIME_TYR_CTD_015.cnv
* Sea-Bird SBE 9 Data File:
* FileName = C:\CTD\rawCTD\PEACETIME_TYR_CTD_015.hdr
* Software Version Seasave V 7.23.2
* Temperature SN = 1378
* Conductivity SN = 2929
* Number of Bytes Per Scan = 34
* Number of Voltage Words = 5
* Number of Scans Averaged by the Deck Unit = 1
* NMEA Latitude = 39 20.38 N
* NMEA Longitude = 012 35.55 E
* NMEA UTC (Time) = May 17 2017  02:58:38
* NMEA baud rate = 4800
** Cruise:   PEACETIME
** Station:   TYR_CTD_015
# nquan = 11
# nvalues = 502                         
# units = specified
# name 0 = prDM: Pressure, Digiquartz [db]
# name 1 = t090C: Temperature [ITS-90, deg C]
# name 2 = flC: Fluorescence, Chelsea Aqua 3 Chl Con [ug/l]
# name 3 = CStarTr0: Beam Transmission, WET Labs C-Star [%]
# name 4 = par: PAR/Irradiance, Biospherical/Licor
# name 5 = spar: SPAR/Surface Irradiance
# name 6 = sbeox0Mm/Kg: Oxygen, SBE 43 [umol/kg]
# name 7 = potemp090C: Potential Temperature [ITS-90, deg C]
# name 8 = sal00: Salinity, Practical [PSU]
# name 9 = sigma-é00: Density [sigma-theta, kg/m^3]
# name 10 = flag:
# span 0 =      1.000,    502.000       
# span 1 =    14.1533,    20.0623       
# span 2 =     0.1764,     0.4394       
# span 3 =    95.1593,    98.7001       
# span 4 = -1.147e-05, 1.3430e-02       
# span 5 = 1.5673e+00, 5.9777e+00       
# span 6 =    165.922,    240.037       
# span 7 =    14.0770,    20.0620       
# span 8 =    37.9329,    38.8254       
# span 9 =    27.0216,    29.0859       
# span 10 = 0.0000e+00, 0.0000e+00      
# interval = decibars: 1                
# start_time = May 17 2017 02:58:38 [NMEA time, header]
# bad_flag = -9.990e-29
*END*
      1.000    19.9817     0.2059    96.9501 1.3430e-02 3.2095e+00    219.418    19.9815    37.9796    27.0414 0.0000e+00
      2.000    20.0623     0.1976    97.1809 5.0266e-03 2.5080e+00    218.625    20.0620    37.9819    27.0216 0.0000e+00
      3.000    20.0345     0.1952    97.2034 1.2721e-03 2.8727e+00    218.788    20.0339    37.9797    27.0275 0.0000e+00
      4.000    19.9676     0.1962    97.1939 1.2870e-05 3.3891e+00    218.225    19.9669    37.9747    27.0416 0.0000e+00
      5.000    19.8657     0.1997    97.1767 -7.354e-08 3.6307e+00    219.275    19.8647    37.9703    27.0656 0.0000e+00
      6.000    19.8528     0.1988    97.1679 1.0000e-12 2.8365e+00    219.521    19.8517    37.9706    27.0694 0.0000e+00
      7.000    19.8364     0.1965    97.1564 1.0000e-12 2.2032e+00    219.359    19.8350    37.9699    27.0733 0.0000e+00
      8.000    19.6799     0.1953    97.1455 1.0000e-12 2.4947e+00    219.369    19.6784    37.9635    27.1100 0.0000e+00
      9.000    19.5081     0.1959    97.1074 1.0000e-12 2.7135e+00    219.729    19.5064    37.9541    27.1484 0.0000e+00
     10.000    19.1049     0.1976    97.0429 1.0000e-12 2.8879e+00    220.520    19.1031    37.9329    27.2379 0.0000e+00
     11.000    18.8558     0.1970    97.0008 1.0000e-12 2.6957e+00    223.610    18.8538    37.9478    27.3141 0.0000e+00
     12.000    18.7466     0.1984    97.0975 1.0000e-12 2.4709e+00    223.625    18.7444    37.9683    27.3581 0.0000e+00
     13.000    18.5727     0.2007    97.1633 1.0000e-12 2.7576e+00    225.561    18.5704    37.9493    27.3882 0.0000e+00
     14.000    18.5631     0.2040    97.2129 1.0000e-12 2.7088e+00    226.007    18.5607    38.0071    27.4350 0.0000e+00
     15.000    18.6131     0.1945    97.2370 1.0000e-12 2.4056e+00    224.299    18.6105    38.0398    27.4473 0.0000e+00
     16.000    18.3669     0.1891    97.2896 1.0000e-12 2.1156e+00    225.037    18.3641    37.9891    27.4713 0.0000e+00
     17.000    18.2026     0.1885    97.2447 1.0000e-12 2.5441e+00    226.944    18.1996    38.0177    27.5351 0.0000e+00
     18.000    18.1988     0.1911    97.2733 1.0000e-12 2.9306e+00    227.546    18.1956    38.0469    27.5585 0.0000e+00
     19.000    18.1184     0.1948    97.3109 1.0000e-12 2.5779e+00    225.885    18.1151    38.0599    27.5888 0.0000e+00
     20.000    17.7303     0.1971    97.3120 1.0000e-12 2.7588e+00    226.164    17.7269    38.0012    27.6410 0.0000e+00
     21.000    17.2303     0.2013    97.2408 1.0000e-12 2.5492e+00    230.229    17.2268    37.9663    27.7378 0.0000e+00
     22.000    17.0434     0.2011    97.1499 1.0000e-12 2.6493e+00    233.073    17.0397    37.9985    27.8082 0.0000e+00
     23.000    16.9260     0.2017    97.1749 1.0000e-12 3.1869e+00    234.326    16.9222    37.9963    27.8351 0.0000e+00
     24.000    16.7985     0.1981    97.1596 1.0000e-12 3.2899e+00    235.011    16.7945    37.9845    27.8568 0.0000e+00
     25.000    16.6634     0.1955    97.1643 1.0000e-12 3.0764e+00    234.057    16.6592    37.9750    27.8820 0.0000e+00
     26.000    16.3408     0.1967    97.1553 1.0000e-12 2.6316e+00    232.891    16.3365    37.9427    27.9341 0.0000e+00
     27.000    15.9508     0.2037    97.0693 1.0000e-12 2.7855e+00    236.087    15.9465    37.9373    28.0217 0.0000e+00
     28.000    15.8985     0.2094    97.0614 1.0000e-12 2.6462e+00    237.695    15.8940    37.9703    28.0594 0.0000e+00
     29.000    15.8079     0.2051    97.0493 1.0000e-12 1.8482e+00    238.320    15.8033    37.9661    28.0773 0.0000e+00
     30.000    15.7773     0.2042    97.0091 1.0000e-12 2.0052e+00    238.432    15.7725    37.9682    28.0861 0.0000e+00
     31.000    15.7111     0.2065    96.9892 1.0000e-12 2.6680e+00    238.214    15.7061    37.9726    28.1048 0.0000e+00
     32.000    15.6266     0.2093    96.9950 1.0000e-12 1.7463e+00    238.216    15.6215    37.9803    28.1303 0.0000e+00
     33.000    15.5765     0.2074    96.9685 1.0000e-12 3.0519e+00    237.805    15.5713    37.9860    28.1463 0.0000e+00
     34.000    15.5614     0.1988    96.9728 1.0000e-12 1.8141e+00    238.868    15.5560    37.9976    28.1587 0.0000e+00
     35.000    15.5476     0.1936    96.9519 1.0000e-12 3.0938e+00    239.067    15.5420    38.0111    28.1724 0.0000e+00
     36.000    15.5086     0.2024    96.9221 1.0000e-12 3.1392e+00    239.137    15.5029    38.0264    28.1932 0.0000e+00
     37.000    15.5308     0.2081    96.8650 1.0000e-12 1.8474e+00    240.037    15.5250    38.0766    28.2268 0.0000e+00
     38.000    15.5724     0.2061    96.8425 1.0000e-12 3.3222e+00    239.250    15.5664    38.1007    28.2359 0.0000e+00
     39.000    15.5640     0.2102    96.8459 1.0000e-12 3.1456e+00    237.433    15.5578    38.1137    28.2479 0.0000e+00
     40.000    15.4056     0.2119    96.7489 1.0000e-12 2.3984e+00    236.704    15.3993    38.1018    28.2751 0.0000e+00
     41.000    15.3030     0.2211    96.7318 1.0000e-12 2.7872e+00    237.002    15.2966    38.0912    28.2904 0.0000e+00
     42.000    15.2376     0.2214    96.7253 1.0000e-12 2.2762e+00    237.229    15.2311    38.0827    28.2988 0.0000e+00
     43.000    15.1912     0.2177    96.7519 1.0000e-12 2.3982e+00    237.258    15.1845    38.0777    28.3055 0.0000e+00
     44.000    15.1549     0.2114    96.7595 1.0000e-12 3.1737e+00    236.847    15.1480    38.0743    28.3112 0.0000e+00
     45.000    15.1209     0.2161    96.6264 1.0000e-12 3.6768e+00    236.529    15.1139    38.0783    28.3220 0.0000e+00
     46.000    15.0433     0.2213    96.6001 1.0000e-12 2.8653e+00    236.368    15.0361    38.0808    28.3415 0.0000e+00
     47.000    14.9869     0.2270    96.5164 1.0000e-12 2.1790e+00    236.257    14.9796    38.0910    28.3621 0.0000e+00
     48.000    14.9648     0.2279    96.4700 1.0000e-12 3.5366e+00    236.393    14.9574    38.0951    28.3702 0.0000e+00
     49.000    14.9546     0.2316    96.3954 1.0000e-12 3.1287e+00    236.609    14.9470    38.0981    28.3749 0.0000e+00
     50.000    14.9575     0.2383    96.4225 1.0000e-12 2.4473e+00    237.424    14.9498    38.1119    28.3849 0.0000e+00
     51.000    14.9560     0.2380    96.4252 1.0000e-12 3.3586e+00    237.008    14.9482    38.1182    28.3902 0.0000e+00
     52.000    14.9489     0.2381    96.4130 1.0000e-12 4.1664e+00    237.395    14.9409    38.1207    28.3938 0.0000e+00
     53.000    14.9418     0.2383    96.3687 1.0000e-12 3.3021e+00    237.215    14.9337    38.1300    28.4026 0.0000e+00
     54.000    14.9353     0.2400    96.3989 1.0000e-12 2.9767e+00    237.033    14.9270    38.1415    28.4129 0.0000e+00
     55.000    14.9268     0.2364    96.3745 1.0000e-12 2.1327e+00    236.400    14.9183    38.1541    28.4247 0.0000e+00
     56.000    14.9196     0.2461    96.2769 1.0000e-12 3.9758e+00    235.323    14.9110    38.1605    28.4312 0.0000e+00
     57.000    14.9153     0.2469    96.2758 1.0000e-12 2.6279e+00    235.509    14.9065    38.1679    28.4380 0.0000e+00
     58.000    14.9026     0.2518    96.3142 1.0000e-12 3.7378e+00    234.409    14.8937    38.1823    28.4519 0.0000e+00
     59.000    14.8870     0.2533    96.3466 1.0000e-12 2.8743e+00    234.304    14.8779    38.1918    28.4628 0.0000e+00
     60.000    14.8749     0.2607    96.3408 1.0000e-12 2.8761e+00    234.545    14.8657    38.1937    28.4670 0.0000e+00
     61.000    14.8540     0.2596    96.3501 1.0000e-12 2.2849e+00    234.452    14.8446    38.2013    28.4777 0.0000e+00
     62.000    14.8366     0.2704    96.2284 1.0000e-12 3.9012e+00    234.774    14.8271    38.2104    28.4886 0.0000e+00
     63.000    14.8189     0.2761    96.2304 1.0000e-12 3.9251e+00    236.102    14.8092    38.2178    28.4983 0.0000e+00
     64.000    14.8054     0.2795    96.3089 1.0000e-12 1.7668e+00    234.657    14.7955    38.2228    28.5052 0.0000e+00
     65.000    14.7778     0.2768    96.2514 1.0000e-12 1.7875e+00    233.813    14.7678    38.2248    28.5130 0.0000e+00
     66.000    14.7658     0.2944    96.1466 1.0000e-12 2.5729e+00    233.396    14.7557    38.2280    28.5181 0.0000e+00
     67.000    14.7559     0.2995    96.0985 1.0000e-12 3.3386e+00    233.113    14.7456    38.2291    28.5213 0.0000e+00
     68.000    14.7331     0.3070    95.9602 1.0000e-12 3.2930e+00    231.624    14.7226    38.2302    28.5272 0.0000e+00
     69.000    14.7334     0.3248    95.8611 1.0000e-12 1.5673e+00    228.407    14.7229    38.2417    28.5361 0.0000e+00
     70.000    14.7191     0.3538    95.5904 1.0000e-12 2.7659e+00    225.928    14.7084    38.2468    28.5432 0.0000e+00
     71.000    14.6881     0.3757    95.5935 1.0000e-12 3.6919e+00    225.049    14.6772    38.2466    28.5500 0.0000e+00
     72.000    14.6732     0.4073    95.1593 1.0000e-12 2.6498e+00    221.913    14.6622    38.2575    28.5618 0.0000e+00
     73.000    14.6625     0.4394    96.1334 1.0000e-12 3.5334e+00    222.532    14.6514    38.2657    28.5705 0.0000e+00
     74.000    14.6594     0.3749    96.3867 1.0000e-12 2.2678e+00    222.072    14.6481    38.2692    28.5740 0.0000e+00
     75.000    14.6470     0.3552    96.4237 1.0000e-12 2.8259e+00    222.785    14.6355    38.2728    28.5796 0.0000e+00
     76.000    14.6322     0.3711    96.7248 1.0000e-12 2.5495e+00    223.023    14.6206    38.2736    28.5836 0.0000e+00
     77.000    14.6074     0.3740    96.9792 1.0000e-12 3.8078e+00    223.027    14.5956    38.2733    28.5888 0.0000e+00
     78.000    14.5906     0.3445    97.1330 1.0000e-12 2.4823e+00    222.215    14.5787    38.2740    28.5931 0.0000e+00
     79.000    14.5878     0.3058    97.1750 1.0000e-12 2.9376e+00    219.486    14.5758    38.2767    28.5959 0.0000e+00
     80.000    14.5885     0.3360    97.1244 1.0000e-12 1.8681e+00    216.161    14.5763    38.2884    28.6048 0.0000e+00
     81.000    14.5942     0.3371    97.3281 1.0000e-12 3.4637e+00    214.710    14.5818    38.2953    28.6089 0.0000e+00
     82.000    14.5559     0.3011    97.3129 1.0000e-12 2.7529e+00    214.740    14.5434    38.2920    28.6149 0.0000e+00
     83.000    14.5416     0.2954    97.3477 1.0000e-12 2.9829e+00    214.189    14.5290    38.2966    28.6216 0.0000e+00
     84.000    14.5290     0.2861    97.4990 1.0000e-12 2.4966e+00    214.033    14.5163    38.2998    28.6269 0.0000e+00
     85.000    14.5384     0.2812    97.5539 1.0000e-12 2.8221e+00    212.513    14.5255    38.3078    28.6311 0.0000e+00
     86.000    14.5560     0.2780    97.5749 1.0000e-12 3.4052e+00    211.665    14.5429    38.3164    28.6339 0.0000e+00
     87.000    14.5725     0.2875    97.6305 1.0000e-12 2.4014e+00    209.244    14.5593    38.3272    28.6386 0.0000e+00
     88.000    14.5897     0.2851    97.6691 1.0000e-12 1.7096e+00    206.557    14.5763    38.3417    28.6460 0.0000e+00
     89.000    14.5971     0.2814    97.6943 1.0000e-12 2.1232e+00    204.377    14.5835    38.3500    28.6508 0.0000e+00
     90.000    14.5947     0.2807    97.7024 1.0000e-12 2.4155e+00    204.462    14.5810    38.3528    28.6535 0.0000e+00
     91.000    14.5815     0.2805    97.8264 1.0000e-12 2.8502e+00    204.374    14.5677    38.3499    28.6543 0.0000e+00
     92.000    14.5621     0.2682    97.8860 1.0000e-12 2.6022e+00    204.185    14.5481    38.3463    28.6558 0.0000e+00
     93.000    14.5564     0.2640    97.8914 1.0000e-12 2.2002e+00    202.638    14.5423    38.3527    28.6621 0.0000e+00
     94.000    14.5910     0.2585    97.9449 1.0000e-12 3.4405e+00    198.314    14.5767    38.3801    28.6756 0.0000e+00
     95.000    14.6407     0.2688    97.9685 1.0000e-12 2.4609e+00    194.275    14.6262    38.4095    28.6874 0.0000e+00
     96.000    14.6830     0.2591    97.9937 1.0000e-12 2.5667e+00    191.681    14.6683    38.4348    28.6975 0.0000e+00
     97.000    14.7120     0.2518    98.0321 1.0000e-12 1.7248e+00    189.679    14.6971    38.4533    28.7054 0.0000e+00
     98.000    14.7192     0.2527    98.0644 1.0000e-12 2.3786e+00    188.815    14.7041    38.4636    28.7118 0.0000e+00
     99.000    14.7202     0.2547    98.0775 1.0000e-12 4.3053e+00    188.436    14.7050    38.4719    28.7180 0.0000e+00
    100.000    14.7226     0.2540    98.0808 1.0000e-12 1.9469e+00    187.915    14.7073    38.4763    28.7209 0.0000e+00
    101.000    14.7241     0.2540    98.0874 1.0000e-12 2.7887e+00    188.082    14.7086    38.4791    28.7228 0.0000e+00
    102.000    14.7252     0.2500    98.1006 1.0000e-12 2.4621e+00    187.209    14.7095    38.4840    28.7264 0.0000e+00
    103.000    14.7246     0.2431    98.1041 1.0000e-12 2.4068e+00    186.465    14.7088    38.4905    28.7315 0.0000e+00
    104.000    14.7175     0.2399    98.1485 1.0000e-12 2.3302e+00    186.757    14.7016    38.4897    28.7325 0.0000e+00
    105.000    14.7165     0.2353    98.1668 1.0000e-12 2.6052e+00    184.939    14.7003    38.5086    28.7475 0.0000e+00
    106.000    14.7166     0.2355    98.1693 1.0000e-12 1.8724e+00    184.492    14.7003    38.5108    28.7491 0.0000e+00
    107.000    14.7149     0.2368    98.1563 1.0000e-12 2.8556e+00    184.130    14.6985    38.5117    28.7502 0.0000e+00
    108.000    14.7128     0.2393    98.1776 1.0000e-12 2.2769e+00    184.277    14.6962    38.5125    28.7514 0.0000e+00
    109.000    14.7114     0.2389    98.1736 1.0000e-12 2.9114e+00    184.458    14.6946    38.5131    28.7522 0.0000e+00
    110.000    14.7092     0.2378    98.1570 1.0000e-12 2.1929e+00    183.809    14.6923    38.5142    28.7536 0.0000e+00
    111.000    14.7064     0.2341    98.1751 1.0000e-12 1.9419e+00    183.949    14.6893    38.5145    28.7545 0.0000e+00
    112.000    14.7041     0.2386    98.1862 1.0000e-12 2.8309e+00    183.717    14.6869    38.5151    28.7555 0.0000e+00
    113.000    14.6957     0.2401    98.1920 1.0000e-12 3.5011e+00    184.032    14.6783    38.5154    28.7576 0.0000e+00
    114.000    14.6754     0.2255    98.2027 1.0000e-12 4.0274e+00    184.649    14.6579    38.5140    28.7611 0.0000e+00
    115.000    14.6424     0.2281    98.2277 1.0000e-12 3.2923e+00    185.457    14.6248    38.5106    28.7659 0.0000e+00
    116.000    14.6181     0.2251    98.2492 1.0000e-12 2.1294e+00    186.404    14.6004    38.5058    28.7676 0.0000e+00
    117.000    14.5974     0.2200    98.2561 1.0000e-12 3.3874e+00    187.176    14.5796    38.5023    28.7695 0.0000e+00
    118.000    14.5708     0.2184    98.2498 1.0000e-12 2.8451e+00    188.334    14.5528    38.4988    28.7727 0.0000e+00
    119.000    14.5272     0.2195    98.2649 1.0000e-12 1.8422e+00    189.588    14.5090    38.4927    28.7777 0.0000e+00
    120.000    14.4930     0.2177    98.2738 1.0000e-12 2.8324e+00    190.336    14.4748    38.4901    28.7833 0.0000e+00
    121.000    14.4960     0.2204    98.2976 1.0000e-12 2.1789e+00    190.527    14.4776    38.4950    28.7864 0.0000e+00
    122.000    14.4944     0.2194    98.3043 1.0000e-12 3.3493e+00    189.929    14.4758    38.4981    28.7892 0.0000e+00
    123.000    14.4594     0.2156    98.3123 1.0000e-12 3.7501e+00    190.997    14.4407    38.4955    28.7950 0.0000e+00
    124.000    14.4393     0.2120    98.3361 1.0000e-12 2.5255e+00    191.505    14.4205    38.4967    28.8004 0.0000e+00
    125.000    14.4355     0.2168    98.3307 1.0000e-12 3.4171e+00    191.116    14.4165    38.5022    28.8055 0.0000e+00
    126.000    14.4588     0.2156    98.3541 1.0000e-12 3.2177e+00    189.955    14.4397    38.5128    28.8086 0.0000e+00
    127.000    14.4833     0.2089    98.3702 1.0000e-12 1.9939e+00    187.755    14.4640    38.5238    28.8117 0.0000e+00
    128.000    14.5369     0.2095    98.3873 1.0000e-12 2.6099e+00    184.778    14.5174    38.5487    28.8191 0.0000e+00
    129.000    14.5670     0.2166    98.4084 1.0000e-12 2.7945e+00    183.332    14.5474    38.5652    28.8253 0.0000e+00
    130.000    14.5727     0.2090    98.4153 1.0000e-12 1.8859e+00    182.510    14.5529    38.5732    28.8302 0.0000e+00
    131.000    14.5765     0.2064    98.4212 1.0000e-12 2.9819e+00    182.492    14.5565    38.5816    28.8360 0.0000e+00
