Data/ruptures/PEACETIME/TYR/PEACETIME_TYR_CTD_025.cnv
* Sea-Bird SBE 9 Data File:
* FileName = C:\CTD\rawCTD\PEACETIME_TYR_CTD_025.hdr
* Software Version Seasave V 7.23.2
* Temperature SN = 1378
* Conductivity SN = 2929
* Number of Bytes Per Scan = 34
* Number of Voltage Words = 5
* Number of Scans Averaged by the Deck Unit = 1
* NMEA Latitude = 39 20.37 N
* NMEA Longitude = 012 35.57 E
* NMEA UTC (Time) = May 20 2017  02:45:16
* NMEA baud rate = 4800
** Cruise:   PEACETIME
** Station:   TYR_CTD_025
# nquan = 11
# nvalues = 499                         
# units = specified
# name 0 = prDM: Pressure, Digiquartz [db]
# name 1 = t090C: Temperature [ITS-90, deg C]
# name 2 = flC: Fluorescence, Chelsea Aqua 3 Chl Con [ug/l]
# name 3 = CStarTr0: Beam Transmission, WET Labs C-Star [%]
# name 4 = par: PAR/Irradiance, Biospherical/Licor
# name 5 = spar: SPAR/Surface Irradiance
# name 6 = sbeox0Mm/Kg: Oxygen, SBE 43 [umol/kg]
# name 7 = potemp090C: Potential Temperature [ITS-90, deg C]
# name 8 = sal00: Salinity, Practical [PSU]
# name 9 = sigma-é00: Density [sigma-theta, kg/m^3]
# name 10 = flag:
# span 0 =      3.000,    501.000       
# span 1 =    14.2017,    19.7395       
# span 2 =     0.1786,     0.4067       
# span 3 =    96.0807,    98.6003       
# span 4 = -2.121e-05, 2.3332e-01       
# span 5 = 1.1203e+00, 5.3022e+00       
# span 6 =    166.004,    243.219       
# span 7 =    14.1255,    19.7377       
# span 8 =    37.9132,    38.8245       
# span 9 =    27.0905,    29.0847       
# span 10 = 0.0000e+00, 0.0000e+00      
# interval = decibars: 1                
# start_time = May 20 2017 02:45:16 [NMEA time, header]
# bad_flag = -9.990e-29
*END*
[from data line 132]
    135.000    14.7343     0.1993    98.3139 1.0000e-12 3.8251e+00    179.950    14.7135    38.6594    28.8611 0.0000e+00
    136.000    14.7565     0.2017    98.3136 1.0000e-12 2.5979e+00    178.780    14.7355    38.6768    28.8696 0.0000e+00
    137.000    14.7561     0.1919    98.3241 1.0000e-12 3.0767e+00    178.299    14.7350    38.6784    28.8710 0.0000e+00
    138.000    14.7346     0.1981    98.3164 1.0000e-12 2.8307e+00    177.476    14.7134    38.6741    28.8725 0.0000e+00
    139.000    14.7187     0.1990    98.3313 1.0000e-12 3.2245e+00    177.669    14.6973    38.6717    28.8742 0.0000e+00
    140.000    14.7316     0.1970    98.3262 -9.990e-29 3.6003e+00    177.890    14.7100    38.6818    28.8792 0.0000e+00
    141.000    14.7406     0.2017    98.3126 -9.990e-29 2.1459e+00    177.430    14.7188    38.6847    28.8795 0.0000e+00
    142.000    14.7099     0.2032    98.3192 1.0000e-12 3.3826e+00    175.693    14.6880    38.6786    28.8816 0.0000e+00
    143.000    14.6716     0.1906    98.3323 1.0000e-12 3.0470e+00    174.644    14.6497    38.6748    28.8872 0.0000e+00
    144.000    14.6488     0.1896    98.3462 1.0000e-12 1.8979e+00    174.258    14.6267    38.6733    28.8912 0.0000e+00
    145.000    14.6480     0.1929    98.3627 1.0000e-12 2.8471e+00    174.532    14.6258    38.6756    28.8932 0.0000e+00
    146.000    14.6329     0.1923    98.3735 1.0000e-12 2.0971e+00    174.165    14.6105    38.6762    28.8971 0.0000e+00
    147.000    14.6301     0.1884    98.3775 1.0000e-12 3.0092e+00    173.733    14.6075    38.6777    28.8989 0.0000e+00
    148.000    14.6279     0.1874    98.3819 1.0000e-12 2.6740e+00    173.416    14.6052    38.6791    28.9005 0.0000e+00
    149.000    14.6244     0.1915    98.3900 1.0000e-12 3.0177e+00    173.515    14.6015    38.6808    28.9026 0.0000e+00
    150.000    14.6188     0.1889    98.3904 -9.990e-29 2.5937e+00    173.449    14.5958    38.6813    28.9043 0.0000e+00
    151.000    14.6161     0.1890    98.3843 1.0000e-12 3.0360e+00    173.418    14.5929    38.6831    28.9063 0.0000e+00
    152.000    14.6197     0.1843    98.3788 1.0000e-12 2.3427e+00    174.093    14.5964    38.6853    28.9073 0.0000e+00
    153.000    14.6198     0.1828    98.3912 1.0000e-12 2.2566e+00    173.780    14.5964    38.6857    28.9076 0.0000e+00
    154.000    14.5994     0.1854    98.3855 1.0000e-12 1.9539e+00    172.817    14.5759    38.6828    28.9099 0.0000e+00
    155.000    14.5875     0.1889    98.3940 -9.990e-29 2.0875e+00    172.811    14.5638    38.6822    28.9121 0.0000e+00
    156.000    14.5889     0.1885    98.3968 1.0000e-12 3.4221e+00    172.786    14.5650    38.6859    28.9147 0.0000e+00
    157.000    14.5752     0.1873    98.4027 1.0000e-12 4.1722e+00    172.715    14.5512    38.6844    28.9166 0.0000e+00
    158.000    14.5600     0.1869    98.4103 1.0000e-12 3.1517e+00    172.459    14.5358    38.6834    28.9193 0.0000e+00
    159.000    14.5540     0.1869    98.4156 1.0000e-12 3.3989e+00    172.000    14.5297    38.6833    28.9205 0.0000e+00
    160.000    14.5501     0.1911    98.4207 1.0000e-12 3.4537e+00    172.435    14.5257    38.6835    28.9216 0.0000e+00
    161.000    14.5522     0.1894    98.4248 1.0000e-12 3.2701e+00    172.503    14.5275    38.6838    28.9214 0.0000e+00
    162.000    14.5484     0.1859    98.4237 1.0000e-12 3.2511e+00    172.353    14.5237    38.6842    28.9226 0.0000e+00
    163.000    14.5407     0.1910    98.4383 1.0000e-12 2.7629e+00    172.048    14.5158    38.6871    28.9266 0.0000e+00
    164.000    14.5336     0.1907    98.4439 1.0000e-12 4.5773e+00    171.925    14.5085    38.6902    28.9306 0.0000e+00
    165.000    14.5385     0.1887    98.4472 -9.990e-29 4.7685e+00    171.996    14.5133    38.6910    28.9302 0.0000e+00
    166.000    14.5412     0.1876    98.4365 1.0000e-12 2.5093e+00    172.391    14.5158    38.6910    28.9296 0.0000e+00
    167.000    14.5492     0.1892    98.4524 1.0000e-12 3.0420e+00    171.877    14.5236    38.6992    28.9342 0.0000e+00
    168.000    14.5391     0.1869    98.4438 1.0000e-12 3.2494e+00    171.645    14.5135    38.6977    28.9353 0.0000e+00
    169.000    14.5344     0.1853    98.4495 1.0000e-12 2.8633e+00    171.855    14.5086    38.6994    28.9377 0.0000e+00
    170.000    14.5415     0.1881    98.4572 1.0000e-12 3.2815e+00    171.998    14.5155    38.6982    28.9352 0.0000e+00
    171.000    14.5428     0.1910    98.4613 1.0000e-12 3.8328e+00    172.011    14.5166    38.7049    28.9402 0.0000e+00
    172.000    14.5444     0.1861    98.4588 1.0000e-12 4.9541e+00    172.200    14.5181    38.7071    28.9415 0.0000e+00
    173.000    14.5446     0.1875    98.4703 1.0000e-12 2.0304e+00    172.396    14.5181    38.7079    28.9422 0.0000e+00
    174.000    14.5488     0.1840    98.4634 1.0000e-12 2.2879e+00    172.539    14.5222    38.7097    28.9427 0.0000e+00
    175.000    14.5595     0.1820    98.4682 1.0000e-12 4.8133e+00    172.322    14.5327    38.7200    28.9483 0.0000e+00
    176.000    14.5583     0.1836    98.4588 1.0000e-12 3.4253e+00    172.331    14.5313    38.7242    28.9518 0.0000e+00
    177.000    14.5626     0.1825    98.4727 1.0000e-12 2.2155e+00    171.782    14.5355    38.7284    28.9541 0.0000e+00
    178.000    14.5505     0.1847    98.4544 1.0000e-12 3.0116e+00    171.870    14.5233    38.7254    28.9545 0.0000e+00
    179.000    14.5346     0.1863    98.4813 1.0000e-12 2.1852e+00    171.348    14.5073    38.7213    28.9549 0.0000e+00
    180.000    14.5104     0.1822    98.4791 1.0000e-12 3.6278e+00    170.793    14.4830    38.7208    28.9599 0.0000e+00
    181.000    14.5114     0.1852    98.4784 1.0000e-12 2.6659e+00    171.230    14.4838    38.7222    28.9608 0.0000e+00
    182.000    14.5104     0.1851    98.4833 1.0000e-12 2.8399e+00    171.468    14.4826    38.7224    28.9613 0.0000e+00
    183.000    14.5118     0.1851    98.4788 1.0000e-12 2.5073e+00    171.254    14.4838    38.7224    28.9610 0.0000e+00
    184.000    14.5086     0.1844    98.4861 1.0000e-12 3.9452e+00    170.555    14.4805    38.7228    28.9620 0.0000e+00
    185.000    14.5067     0.1798    98.4867 1.0000e-12 1.6112e+00    170.725    14.4785    38.7238    28.9632 0.0000e+00
    186.000    14.5069     0.1795    98.4867 1.0000e-12 3.6748e+00    170.896    14.4785    38.7244    28.9637 0.0000e+00
    187.000    14.5085     0.1826    98.4900 1.0000e-12 2.6130e+00    170.971    14.4800    38.7244    28.9634 0.0000e+00
    188.000    14.5097     0.1850    98.4841 1.0000e-12 3.6482e+00    170.758    14.4809    38.7272    28.9653 0.0000e+00
    189.000    14.5052     0.1882    98.4911 1.0000e-12 4.0316e+00    171.226    14.4763    38.7290    28.9678 0.0000e+00
    190.000    14.4986     0.1855 -9.990e-29 1.0000e-12 4.3328e+00    171.299    14.4696    38.7283    28.9687 0.0000e+00
    191.000    14.4997     0.1862 -9.990e-29 1.0000e-12 2.6477e+00    171.065    14.4706    38.7282    28.9684 0.0000e+00
    192.000    14.4889     0.1881 -9.990e-29 1.0000e-12 2.7805e+00    171.007    14.4595    38.7258    28.9690 0.0000e+00
    193.000    14.4857     0.1885 -9.990e-29 1.0000e-12 2.6888e+00    171.002    14.4562    38.7306    28.9735 0.0000e+00
    194.000    14.5069     0.1825 -9.990e-29 2.0755e-05 4.6272e+00    170.782    14.4772    38.7389    28.9752 0.0000e+00
    195.000    14.5066     0.1813 -9.990e-29 -9.990e-29 4.3069e+00    171.271    14.4768    38.7389    28.9753 0.0000e+00
    196.000    14.5044     0.1879 -9.990e-29 1.0000e-12 3.1751e+00    171.157    14.4744    38.7375    28.9747 0.0000e+00
    197.000    14.5310     0.1883 -9.990e-29 1.9901e-06 2.5124e+00    171.356    14.5008    38.7519    28.9800 0.0000e+00
    198.000    14.5354     0.1872 -9.990e-29 2.3269e-06 4.7553e+00    170.950    14.5051    38.7516    28.9789 0.0000e+00
    199.000    14.5370     0.1839 -9.990e-29 6.6131e-06 3.0397e+00    171.147    14.5066    38.7526    28.9793 0.0000e+00
    200.000    14.5365     0.1810 -9.990e-29 2.4994e-06 2.6143e+00    170.942    14.5059    38.7524    28.9792 0.0000e+00
    201.000    14.5280     0.1844 -9.990e-29 -1.834e-07 2.0879e+00    171.121    14.4973    38.7506    28.9798 0.0000e+00
    202.000    14.5089     0.1843 -9.990e-29 1.0000e-12 2.8658e+00    170.528    14.4780    38.7481    28.9822 0.0000e+00
    203.000    14.4978     0.1866 -9.990e-29 1.0000e-12 3.3868e+00    170.144    14.4668    38.7475    28.9841 0.0000e+00
    204.000    14.4948     0.1894 -9.990e-29 1.0000e-12 2.3198e+00    170.146    14.4636    38.7476    28.9849 0.0000e+00
    205.000    14.5002     0.1892    98.5088 1.0000e-12 2.4557e+00    169.225    14.4689    38.7476    28.9838 0.0000e+00
    206.000    14.4801     0.1916    98.5043 -9.990e-29 3.2724e+00    169.527    14.4487    38.7442    28.9856 0.0000e+00
    207.000    14.4693     0.1886    98.5114 1.0000e-12 2.7607e+00    169.673    14.4377    38.7435    28.9875 0.0000e+00
    208.000    14.4726     0.1853    98.5067 1.0000e-12 3.0529e+00    169.888    14.4408    38.7448    28.9879 0.0000e+00
    209.000    14.4744     0.1875    98.5091 1.0000e-12 2.3204e+00    169.717    14.4425    38.7445    28.9872 0.0000e+00
    210.000    14.4653     0.1874    98.5214 1.0000e-12 1.8437e+00    169.363    14.4333    38.7437    28.9886 0.0000e+00
    211.000    14.4632     0.1887    98.5237 1.0000e-12 3.8730e+00    169.278    14.4310    38.7436    28.9891 0.0000e+00
    212.000    14.4602     0.1870    98.5218 1.0000e-12 2.4747e+00    169.237    14.4278    38.7431    28.9894 0.0000e+00
    213.000    14.4488     0.1864    98.5297 1.0000e-12 2.4059e+00    169.411    14.4163    38.7414    28.9906 0.0000e+00
    214.000    14.4458     0.1902    98.5293 1.0000e-12 4.2979e+00    169.171    14.4131    38.7424    28.9921 0.0000e+00
    215.000    14.4461     0.1924 -9.990e-29 1.0000e-12 2.8460e+00    169.344    14.4133    38.7439    28.9932 0.0000e+00
    216.000    14.4586     0.1901 -9.990e-29 1.0000e-12 4.3720e+00    169.759    14.4256    38.7501    28.9953 0.0000e+00
    217.000    14.4625     0.1848 -9.990e-29 1.0000e-12 2.0306e+00    169.534    14.4294    38.7515    28.9956 0.0000e+00
    218.000    14.4614     0.1860    98.5294 1.0000e-12 2.8313e+00    169.311    14.4281    38.7511    28.9955 0.0000e+00
    219.000    14.4593     0.1857    98.5088 1.0000e-12 2.6512e+00    169.029    14.4259    38.7501    28.9953 0.0000e+00
    220.000    14.4533     0.1880 -9.990e-29 1.0000e-12 2.6253e+00    168.747    14.4197    38.7505    28.9969 0.0000e+00
    221.000    14.4446     0.1900 -9.990e-29 1.0000e-12 2.8260e+00    169.133    14.4109    38.7490    28.9977 0.0000e+00
    222.000    14.4380     0.1836 -9.990e-29 1.0000e-12 3.1401e+00    168.979    14.4041    38.7484    28.9987 0.0000e+00
    223.000    14.4412     0.1834    98.5232 1.0000e-12 2.5288e+00    169.066    14.4072    38.7492    28.9987 0.0000e+00
    224.000    14.4397     0.1863    98.5336 1.0000e-12 3.0705e+00    169.078    14.4056    38.7521    29.0013 0.0000e+00
    225.000    14.4368     0.1860    98.5283 1.0000e-12 2.3192e+00    168.871    14.4025    38.7520    29.0019 0.0000e+00
    226.000    14.4353     0.1883    98.5237 1.0000e-12 2.2679e+00    169.312    14.4009    38.7528    29.0028 0.0000e+00
    227.000    14.4375     0.1923    98.5389 1.0000e-12 2.4681e+00    168.970    14.4029    38.7548    29.0039 0.0000e+00
    228.000    14.4388     0.1914    98.5450 1.0000e-12 2.3166e+00    168.656    14.4041    38.7557    29.0044 0.0000e+00
    229.000    14.4375     0.1936    98.5444 1.0000e-12 3.3820e+00    168.561    14.4025    38.7557    29.0047 0.0000e+00
    230.000    14.4369     0.1853    98.5444 1.0000e-12 2.6479e+00    168.658    14.4018    38.7556    29.0049 0.0000e+00
    231.000    14.4338     0.1856    98.5263 1.0000e-12 1.6927e+00    168.838    14.3985    38.7554    29.0054 0.0000e+00
    232.000    14.4341     0.1877    98.5188 1.0000e-12 3.3909e+00    168.696    14.3987    38.7561    29.0059 0.0000e+00
    233.000    14.4318     0.1855 -9.990e-29 1.0000e-12 3.0127e+00    168.624    14.3963    38.7561    29.0065 0.0000e+00
    234.000    14.4295     0.1799 -9.990e-29 1.0000e-12 3.1498e+00    168.538    14.3938    38.7561    29.0070 0.0000e+00
    235.000    14.4277     0.1786    98.5517 1.0000e-12 2.3087e+00    168.994    14.3919    38.7561    29.0074 0.0000e+00
    236.000    14.4280     0.1865    98.5517 1.0000e-12 1.9848e+00    168.878    14.3920    38.7565    29.0077 0.0000e+00
    237.000    14.4263     0.1890    98.5487 1.0000e-12 3.7981e+00    168.933    14.3901    38.7569    29.0084 0.0000e+00
    238.000    14.4254     0.1926    98.5508 1.0000e-12 1.9515e+00    168.497    14.3891    38.7572    29.0089 0.0000e+00
    239.000    14.4254     0.1902    98.5475 1.0000e-12 2.3331e+00    168.804    14.3889    38.7571    29.0089 0.0000e+00
    240.000    14.4230     0.1827    98.5520 1.0000e-12 3.1284e+00    168.603    14.3864    38.7569    29.0093 0.0000e+00
    241.000    14.4243     0.1821    98.5517 1.0000e-12 2.9887e+00    168.495    14.3876    38.7582    29.0100 0.0000e+00
    242.000    14.4256     0.1835    98.5481 1.0000e-12 2.4028e+00    168.299    14.3887    38.7585    29.0100 0.0000e+00
    243.000    14.4252     0.1850    98.5344 1.0000e-12 3.2610e+00    168.793    14.3882    38.7587    29.0103 0.0000e+00
    244.000    14.4240     0.1845    98.5185 1.0000e-12 2.6820e+00    168.657    14.3867    38.7593    29.0110 0.0000e+00
    245.000    14.4232     0.1867    98.5491 1.0000e-12 1.8362e+00    168.785    14.3859    38.7595    29.0114 0.0000e+00
    246.000    14.4240     0.1879    98.5516 1.0000e-12 3.4137e+00    168.304    14.3865    38.7604    29.0119 0.0000e+00
    247.000    14.4239     0.1906    98.5564 1.0000e-12 3.9617e+00    168.684    14.3863    38.7608    29.0123 0.0000e+00
    248.000    14.4217     0.1947    98.5559 1.0000e-12 3.0796e+00    168.288    14.3839    38.7614    29.0133 0.0000e+00
    249.000    14.4219     0.1913    98.5571 1.0000e-12 3.4210e+00    168.374    14.3839    38.7622    29.0139 0.0000e+00
    250.000    14.4218     0.1880    98.5540 1.0000e-12 3.0399e+00    168.497    14.3837    38.7622    29.0139 0.0000e+00
    251.000    14.4218     0.1840    98.5580 1.0000e-12 3.8003e+00    168.603    14.3835    38.7621    29.0139 0.0000e+00
    252.000    14.4220     0.1830    98.5572 1.0000e-12 2.6753e+00    168.335    14.3836    38.7626    29.0143 0.0000e+00
    253.000    14.4223     0.1831    98.5517 1.0000e-12 3.0950e+00    168.267    14.3837    38.7642    29.0155 0.0000e+00
    254.000    14.4204     0.1862    98.5559 1.0000e-12 3.7778e+00    168.211    14.3816    38.7641    29.0159 0.0000e+00
    255.000    14.4121     0.1829    98.5467 1.0000e-12 3.3190e+00    167.936    14.3733    38.7623    29.0163 0.0000e+00
    256.000    14.4114     0.1851    98.5493 -9.990e-29 2.7593e+00    168.156    14.3723    38.7620    29.0163 0.0000e+00
    257.000    14.4054     0.1886    98.5500 1.0000e-12 3.5057e+00    167.705    14.3662    38.7609    29.0168 0.0000e+00
    258.000    14.4023     0.1860    98.5517 1.0000e-12 3.9762e+00    167.679    14.3630    38.7607    29.0173 0.0000e+00
    259.000    14.4009     0.1851    98.5517 1.0000e-12 3.2637e+00    167.827    14.3614    38.7607    29.0177 0.0000e+00
    260.000    14.4016     0.1861    98.5346 1.0000e-12 2.9164e+00    167.703    14.3620    38.7607    29.0176 0.0000e+00
    261.000    14.4004     0.1872    98.5517 1.0000e-12 2.9876e+00    167.621    14.3606    38.7607    29.0179 0.0000e+00
    262.000    14.3978     0.1916    98.5518 1.0000e-12 1.5789e+00    167.673    14.3579    38.7606    29.0184 0.0000e+00
    263.000    14.3940     0.1909    98.5471 1.0000e-12 2.9076e+00    167.618    14.3539    38.7603    29.0190 0.0000e+00
    264.000    14.3924     0.1864    98.5440 1.0000e-12 2.5347e+00    167.376    14.3522    38.7605    29.0196 0.0000e+00
