Data/ruptures/PEACETIME/TYR/PEACETIME_TYR_CTD_019.cnv
* Sea-Bird SBE 9 Data File:
* FileName = C:\CTD\rawCTD\PEACETIME_TYR_CTD_019.hdr
* Software Version Seasave V 7.23.2
* Temperature SN = 1378
* Conductivity SN = 2929
* Number of Bytes Per Scan = 34
* Number of Voltage Words = 5
* Number of Scans Averaged by the Deck Unit = 1
* NMEA Latitude = 39 20.39 N
* NMEA Longitude = 012 35.57 E
* NMEA UTC (Time) = May 18 2017  04:45:31
* NMEA baud rate = 4800
** Cruise:   PEACETIME
** Station:   TYR_CTD_019
# nquan = 11
# nvalues = 3449                        
# units = specified
# name 0 = prDM: Pressure, Digiquartz [db]
# name 1 = t090C: Temperature [ITS-90, deg C]
# name 2 = flC: Fluorescence, Chelsea Aqua 3 Chl Con [ug/l]
# name 3 = CStarTr0: Beam Transmission, WET Labs C-Star [%]
# name 4 = par: PAR/Irradiance, Biospherical/Licor
# name 5 = spar: SPAR/Surface Irradiance
# name 6 = sbeox0Mm/Kg: Oxygen, SBE 43 [umol/kg]
# name 7 = potemp090C: Potential Temperature [ITS-90, deg C]
# name 8 = sal00: Salinity, Practical [PSU]
# name 9 = sigma-é00: Density [sigma-theta, kg/m^3]
# name 10 = flag:
# span 0 =      1.000,   3449.000       
# span 1 =    13.3964,    20.4390       
# span 2 =     0.1718,     0.3424       
# span 3 =    96.1786,    98.7871       
# span 4 = -2.160e-05, 2.1213e+02       
# span 5 = 9.0780e+02, 1.7431e+03       
# span 6 =    164.228,    239.103       
# span 7 =    12.9685,    20.4388       
# span 8 =    37.9447,    38.8258       
# span 9 =    26.8937,    29.1131       
# span 10 = 0.0000e+00, 0.0000e+00      
# interval = decibars: 1                
# start_time = May 18 2017 04:45:31 [NMEA time, header]
# bad_flag = -9.990e-29
*END*
[from data line 2361]
   2362.000    13.4048     0.1925    98.7743 1.7668e-03 1.5801e+03    171.333    13.0384    38.5142    29.1105 0.0000e+00
   2363.000    13.4037     0.1921    98.7719 1.8835e-03 1.5784e+03    171.639    13.0372    38.5139    29.1105 0.0000e+00
   2364.000    13.4029     0.1950    98.7749 5.7174e-04 1.5772e+03    171.913    13.0362    38.5136    29.1105 0.0000e+00
   2365.000    13.4008     0.1935    98.7789 1.0472e-03 1.5773e+03    172.050    13.0339    38.5128    29.1103 0.0000e+00
   2366.000    13.4010     0.1944    98.7676 1.0485e-03 1.5786e+03    172.049    13.0340    38.5129    29.1104 0.0000e+00
   2367.000    13.4012     0.1870    98.7678 1.6793e-03 1.5784e+03    171.889    13.0340    38.5130    29.1104 0.0000e+00
   2368.000    13.4016     0.1834    98.7698 1.7829e-03 1.5782e+03    172.136    13.0342    38.5131    29.1105 0.0000e+00
   2369.000    13.4013     0.1838    98.7800 5.9782e-04 1.5801e+03    171.822    13.0338    38.5129    29.1104 0.0000e+00
   2370.000    13.4013     0.1882    98.7718 8.7512e-04 1.5763e+03    171.534    13.0337    38.5129    29.1105 0.0000e+00
   2371.000    13.4015     0.1891    98.7782 8.2712e-04 1.5813e+03    171.656    13.0337    38.5128    29.1104 0.0000e+00
   2372.000    13.4017     0.1896    98.7789 7.4230e-04 1.5753e+03    171.747    13.0337    38.5129    29.1105 0.0000e+00
   2373.000    13.4018     0.1881    98.7807 1.7241e-03 1.5797e+03    171.583    13.0336    38.5130    29.1105 0.0000e+00
   2374.000    13.4020     0.1860    98.7727 1.0316e-04 1.5778e+03    171.477    13.0337    38.5129    29.1105 0.0000e+00
   2375.000    13.4023     0.1846    98.7820 1.6605e-04 1.5771e+03    171.714    13.0337    38.5129    29.1105 0.0000e+00
   2376.000    13.4025     0.1874    98.7809 6.6555e-05 1.5798e+03    171.848    13.0338    38.5130    29.1105 0.0000e+00
   2377.000    13.4028     0.1844    98.7707 8.5932e-05 1.5763e+03    171.972    13.0339    38.5129    29.1104 0.0000e+00
   2378.000    13.4027     0.1854    98.7739 1.4888e-03 1.5803e+03    171.700    13.0337    38.5130    29.1106 0.0000e+00
   2379.000    13.4029     0.1859    98.7739 1.2015e-03 1.5757e+03    171.737    13.0338    38.5130    29.1105 0.0000e+00
   2380.000    13.4032     0.1881    98.7714 2.5989e-05 1.5783e+03    171.763    13.0338    38.5129    29.1104 0.0000e+00
   2381.000    13.4033     0.1884    98.7801 3.8737e-04 1.5805e+03    171.724    13.0338    38.5129    29.1104 0.0000e+00
   2382.000    13.4026     0.1827    98.7779 8.1989e-04 1.5773e+03    171.644    13.0329    38.5125    29.1103 0.0000e+00
   2383.000    13.3991     0.1822    98.7786 7.3992e-04 1.5806e+03    171.490    13.0293    38.5115    29.1103 0.0000e+00
   2384.000    13.3993     0.1828    98.7769 3.7295e-04 1.5823e+03    171.555    13.0293    38.5115    29.1103 0.0000e+00
   2385.000    13.3995     0.1830    98.7675 7.6645e-04 1.5832e+03    171.710    13.0294    38.5116    29.1104 0.0000e+00
   2386.000    13.3995     0.1852    98.7758 1.3692e-03 1.5797e+03    171.895    13.0292    38.5116    29.1104 0.0000e+00
   2387.000    13.3997     0.1929    98.7818 4.6315e-04 1.5773e+03    171.850    13.0292    38.5117    29.1105 0.0000e+00
   2388.000    13.4000     0.1904    98.7796 5.0116e-04 1.5806e+03    171.648    13.0294    38.5116    29.1103 0.0000e+00
   2389.000    13.4002     0.1837    98.7768 -5.898e-08 1.5820e+03    171.886    13.0294    38.5116    29.1103 0.0000e+00
   2390.000    13.4002     0.1841    98.7801 3.3771e-04 1.5824e+03    172.008    13.0292    38.5116    29.1104 0.0000e+00
   2391.000    13.4004     0.1880    98.7801 2.9096e-04 1.5844e+03    172.043    13.0292    38.5115    29.1103 0.0000e+00
   2392.000    13.4005     0.1905    98.7719 2.0376e-04 1.5821e+03    171.823    13.0292    38.5116    29.1104 0.0000e+00
   2393.000    13.4007     0.1899    98.7609 1.5818e-04 1.5802e+03    172.026    13.0292    38.5116    29.1104 0.0000e+00
   2394.000    13.4009     0.1925    98.7719 7.9158e-04 1.5824e+03    171.624    13.0292    38.5117    29.1104 0.0000e+00
   2395.000    13.4011     0.1927    98.7753 6.1409e-04 1.5795e+03    171.489    13.0293    38.5115    29.1103 0.0000e+00
   2396.000    13.4012     0.1908    98.7749 7.4378e-04 1.5838e+03    171.776    13.0292    38.5117    29.1105 0.0000e+00
   2397.000    13.4013     0.1869    98.7779 -4.043e-06 1.5761e+03    171.822    13.0292    38.5116    29.1104 0.0000e+00
   2398.000    13.4016     0.1876    98.7739 1.0663e-03 1.5849e+03    171.998    13.0292    38.5117    29.1104 0.0000e+00
   2399.000    13.4018     0.1836    98.7808 4.0426e-04 1.5827e+03    172.123    13.0293    38.5116    29.1103 0.0000e+00
   2400.000    13.4018     0.1840    98.7659 8.8665e-04 1.5848e+03    172.125    13.0292    38.5115    29.1104 0.0000e+00
   2401.000    13.4021     0.1881    98.7733 2.0311e-04 1.5830e+03    171.920    13.0293    38.5116    29.1104 0.0000e+00
   2402.000    13.4023     0.1847    98.7765 1.7955e-06 1.5831e+03    171.631    13.0293    38.5117    29.1104 0.0000e+00
   2403.000    13.4025     0.1846    98.7828 9.4462e-05 1.5902e+03    171.718    13.0293    38.5116    29.1103 0.0000e+00
   2404.000    13.4024     0.1799    98.7789 1.2478e-03 1.5845e+03    171.743    13.0291    38.5117    29.1105 0.0000e+00
   2405.000    13.4026     0.1862    98.7724 2.8341e-04 1.5878e+03    171.522    13.0291    38.5116    29.1104 0.0000e+00
   2406.000    13.4027     0.1897    98.7724 6.0854e-05 1.5859e+03    171.344    13.0291    38.5115    29.1104 0.0000e+00
   2407.000    13.4029     0.1904    98.7728 1.6158e-07 1.5835e+03    171.322    13.0291    38.5114    29.1103 0.0000e+00
   2408.000    13.4030     0.1890    98.7828 2.7251e-04 1.5852e+03    171.278    13.0290    38.5116    29.1104 0.0000e+00
   2409.000    13.4034     0.1876    98.7765 4.6723e-04 1.5854e+03    171.755    13.0292    38.5116    29.1104 0.0000e+00
   2410.000    13.4036     0.1867    98.7743 8.7410e-06 1.5866e+03    172.050    13.0292    38.5117    29.1105 0.0000e+00
   2411.000    13.4036     0.1840    98.7705 2.9427e-05 1.5881e+03    172.095    13.0291    38.5117    29.1105 0.0000e+00
   2412.000    13.4039     0.1882    98.7788 1.6336e-07 1.5880e+03    172.049    13.0293    38.5116    29.1104 0.0000e+00
   2413.000    13.4040     0.1910    98.7580 2.3112e-06 1.5865e+03    171.949    13.0292    38.5116    29.1104 0.0000e+00
   2414.000    13.4043     0.1898    98.7743 1.0643e-03 1.5853e+03    171.752    13.0293    38.5116    29.1104 0.0000e+00
   2415.000    13.4045     0.1895    98.7678 5.0946e-04 1.5846e+03    171.863    13.0293    38.5116    29.1104 0.0000e+00
   2416.000    13.4046     0.1868    98.7733 4.4036e-04 1.5893e+03    171.743    13.0293    38.5116    29.1103 0.0000e+00
   2417.000    13.4047     0.1809    98.7698 2.4625e-04 1.5865e+03    171.685    13.0292    38.5117    29.1105 0.0000e+00
   2418.000    13.4049     0.1790    98.7636 5.9544e-04 1.5875e+03    171.417    13.0292    38.5116    29.1104 0.0000e+00
   2419.000    13.4049     0.1770    98.7797 2.1899e-03 1.5867e+03    171.729    13.0291    38.5115    29.1104 0.0000e+00
   2420.000    13.4050     0.1866    98.7765 -1.309e-05 1.5855e+03    172.030    13.0290    38.5116    29.1104 0.0000e+00
   2421.000    13.4052     0.1919    98.7789 6.1464e-04 1.5873e+03    171.725    13.0290    38.5115    29.1103 0.0000e+00
   2422.000    13.4054     0.1928    98.7685 5.5420e-04 1.5899e+03    171.729    13.0291    38.5115    29.1103 0.0000e+00
   2423.000    13.4055     0.1854    98.7714 1.9921e-04 1.5905e+03    172.022    13.0290    38.5114    29.1103 0.0000e+00
   2424.000    13.4056     0.1877    98.7724 7.1247e-06 1.5878e+03    171.717    13.0289    38.5114    29.1103 0.0000e+00
   2425.000    13.4058     0.1919    98.7650 3.6847e-04 1.5858e+03    171.478    13.0290    38.5114    29.1103 0.0000e+00
   2426.000    13.4060     0.1934    98.7698 6.7214e-05 1.5881e+03    171.584    13.0289    38.5115    29.1103 0.0000e+00
   2427.000    13.4061     0.1881    98.7768 2.5004e-04 1.5843e+03    171.629    13.0289    38.5115    29.1103 0.0000e+00
   2428.000    13.4062     0.1866    98.7705 5.2122e-04 1.5890e+03    171.949    13.0289    38.5115    29.1104 0.0000e+00
   2429.000    13.4065     0.1822    98.7695 1.0142e-03 1.5880e+03    172.157    13.0290    38.5115    29.1103 0.0000e+00
   2430.000    13.4066     0.1829    98.7797 -2.521e-06 1.5879e+03    172.002    13.0289    38.5115    29.1104 0.0000e+00
   2431.000    13.4068     0.1878    98.7691 1.5846e-05 1.5905e+03    171.951    13.0289    38.5115    29.1104 0.0000e+00
   2432.000    13.4069     0.1921    98.7718 1.3843e-04 1.5910e+03    171.944    13.0288    38.5114    29.1103 0.0000e+00
   2433.000    13.4067     0.1894    98.7724 1.8639e-06 1.5885e+03    171.682    13.0285    38.5113    29.1103 0.0000e+00
   2434.000    13.4062     0.1888    98.7710 1.0000e-12 1.5876e+03    171.722    13.0278    38.5112    29.1104 0.0000e+00
   2435.000    13.4043     0.1901    98.7708 1.8014e-04 1.5890e+03    171.992    13.0258    38.5105    29.1102 0.0000e+00
   2436.000    13.4028     0.1876    98.7713 5.9560e-05 1.5905e+03    171.921    13.0242    38.5102    29.1104 0.0000e+00
   2437.000    13.4030     0.1812    98.7692 4.7627e-04 1.5900e+03    171.908    13.0242    38.5101    29.1103 0.0000e+00
   2438.000    13.4031     0.1861    98.7719 1.7562e-04 1.5909e+03    172.035    13.0241    38.5100    29.1102 0.0000e+00
   2439.000    13.4032     0.1845    98.7801 2.6854e-04 1.5904e+03    172.152    13.0241    38.5101    29.1102 0.0000e+00
   2440.000    13.4033     0.1835    98.7778 -3.170e-06 1.5889e+03    172.166    13.0240    38.5100    29.1102 0.0000e+00
   2441.000    13.4034     0.1873    98.7749 2.6045e-05 1.5880e+03    172.090    13.0239    38.5101    29.1103 0.0000e+00
   2442.000    13.4036     0.1850    98.7739 6.6616e-05 1.5881e+03    171.644    13.0239    38.5099    29.1102 0.0000e+00
   2443.000    13.4036     0.1896    98.7739 9.8230e-06 1.5901e+03    171.609    13.0238    38.5102    29.1104 0.0000e+00
   2444.000    13.4039     0.1896    98.7782 1.2637e-04 1.5868e+03    171.736    13.0239    38.5101    29.1103 0.0000e+00
   2445.000    13.4040     0.1920    98.7699 3.5605e-07 1.5917e+03    171.907    13.0238    38.5101    29.1103 0.0000e+00
   2446.000    13.4042     0.1904    98.7698 1.3681e-05 1.5896e+03    171.936    13.0239    38.5099    29.1102 0.0000e+00
   2447.000    13.4043     0.1940    98.7738 9.6382e-05 1.5867e+03    172.208    13.0238    38.5101    29.1103 0.0000e+00
   2448.000    13.4044     0.2000    98.7749 5.7108e-04 1.5892e+03    172.203    13.0238    38.5100    29.1103 0.0000e+00
   2449.000    13.4045     0.1963    98.7708 1.8611e-04 1.5924e+03    171.870    13.0237    38.5099    29.1103 0.0000e+00
   2450.000    13.4046     0.1903    98.7772 4.1293e-04 1.5903e+03    171.967    13.0236    38.5099    29.1103 0.0000e+00
   2451.000    13.4048     0.1883    98.7749 3.3698e-04 1.5897e+03    172.320    13.0236    38.5100    29.1103 0.0000e+00
   2452.000    13.4052     0.1913    98.7772 1.3515e-04 1.5920e+03    172.268    13.0238    38.5099    29.1102 0.0000e+00
   2453.000    13.4051     0.1855    98.7819 9.0355e-04 1.5913e+03    172.075    13.0236    38.5099    29.1102 0.0000e+00
   2454.000    13.4052     0.1857    98.7778 6.9993e-04 1.5865e+03    171.861    13.0235    38.5100    29.1103 0.0000e+00
   2455.000    13.4052     0.1820    98.7748 2.0082e-04 1.5895e+03    171.889    13.0234    38.5098    29.1102 0.0000e+00
   2456.000    13.4045     0.1856    98.7769 9.3572e-04 1.5886e+03    171.892    13.0226    38.5096    29.1102 0.0000e+00
   2457.000    13.4037     0.1903    98.7708 2.8684e-04 1.5921e+03    171.885    13.0216    38.5093    29.1102 0.0000e+00
   2458.000    13.4040     0.1893    98.7782 6.4841e-08 1.5909e+03    172.066    13.0216    38.5094    29.1102 0.0000e+00
   2459.000    13.4038     0.1850    98.7799 1.0000e-12 1.5912e+03    172.229    13.0213    38.5093    29.1102 0.0000e+00
   2460.000    13.4038     0.1866    98.7749 1.9944e-04 1.5895e+03    172.278    13.0211    38.5093    29.1102 0.0000e+00
   2461.000    13.4039     0.1871    98.7779 3.0937e-04 1.5903e+03    172.062    13.0211    38.5093    29.1103 0.0000e+00
   2462.000    13.4039     0.1862    98.7809 4.2973e-04 1.5896e+03    171.707    13.0209    38.5092    29.1102 0.0000e+00
   2463.000    13.4039     0.1883    98.7772 4.1554e-04 1.5900e+03    171.825    13.0207    38.5091    29.1102 0.0000e+00
   2464.000    13.4042     0.1868    98.7689 1.8702e-05 1.5955e+03    171.726    13.0209    38.5091    29.1101 0.0000e+00
   2465.000    13.4044     0.1860    98.7688 2.2038e-04 1.5921e+03    171.966    13.0209    38.5091    29.1101 0.0000e+00
   2466.000    13.4048     0.1861    98.7709 1.1962e-04 1.5927e+03    171.968    13.0211    38.5092    29.1102 0.0000e+00
   2467.000    13.4049     0.1915    98.7809 6.8402e-05 1.5939e+03    172.035    13.0210    38.5091    29.1101 0.0000e+00
   2468.000    13.4050     0.1878    98.7609 4.4154e-06 1.5912e+03    172.645    13.0211    38.5091    29.1102 0.0000e+00
   2469.000    13.4052     0.1844    98.7768 4.5811e-04 1.5923e+03    172.295    13.0211    38.5092    29.1102 0.0000e+00
   2470.000    13.4052     0.1881    98.7772 6.4364e-04 1.5869e+03    172.067    13.0209    38.5091    29.1102 0.0000e+00
   2471.000    13.4054     0.1879    98.7729 1.0104e-03 1.5924e+03    171.834    13.0209    38.5092    29.1102 0.0000e+00
   2472.000    13.4057     0.1886    98.7744 2.8175e-04 1.5913e+03    171.776    13.0210    38.5091    29.1101 0.0000e+00
   2473.000    13.4058     0.1830    98.7800 4.2517e-04 1.5915e+03    171.993    13.0209    38.5091    29.1102 0.0000e+00
   2474.000    13.4058     0.1901    98.7743 1.6279e-04 1.5936e+03    171.770    13.0208    38.5092    29.1103 0.0000e+00
   2475.000    13.4060     0.1886    98.7769 2.8177e-06 1.5929e+03    171.979    13.0208    38.5092    29.1103 0.0000e+00
   2476.000    13.4062     0.1877    98.7734 2.8142e-04 1.5935e+03    171.810    13.0208    38.5091    29.1102 0.0000e+00
   2477.000    13.4056     0.1891    98.7759 2.0203e-04 1.5951e+03    171.967    13.0201    38.5089    29.1102 0.0000e+00
   2478.000    13.4051     0.1892    98.7724 2.5655e-04 1.5928e+03    172.009    13.0195    38.5087    29.1102 0.0000e+00
   2479.000    13.4049     0.1894    98.7781 4.5275e-04 1.5938e+03    172.014    13.0191    38.5086    29.1102 0.0000e+00
   2480.000    13.4038     0.1893    98.7712 2.0898e-04 1.5912e+03    172.294    13.0179    38.5082    29.1101 0.0000e+00
   2481.000    13.4040     0.1892    98.7759 2.2438e-04 1.5953e+03    172.378    13.0179    38.5083    29.1102 0.0000e+00
   2482.000    13.4043     0.1887    98.7789 1.2552e-04 1.5937e+03    172.275    13.0179    38.5083    29.1102 0.0000e+00
   2483.000    13.4043     0.1839    98.7724 1.3922e-07 1.5927e+03    172.389    13.0179    38.5083    29.1102 0.0000e+00
   2484.000    13.4045     0.1857    98.7671 4.6708e-05 1.5946e+03    172.115    13.0178    38.5082    29.1101 0.0000e+00
   2485.000    13.4047     0.1917    98.7790 3.9529e-04 1.5938e+03    171.974    13.0179    38.5083    29.1102 0.0000e+00
   2486.000    13.4048     0.1891    98.7779 7.8799e-05 1.5931e+03    172.057    13.0179    38.5084    29.1103 0.0000e+00
   2487.000    13.4052     0.1924    98.7723 -6.467e-07 1.5940e+03    172.061    13.0180    38.5083    29.1102 0.0000e+00
   2488.000    13.4053     0.1959    98.7768 3.6982e-05 1.5943e+03    172.354    13.0180    38.5083    29.1101 0.0000e+00
   2489.000    13.4054     0.1933    98.7775 2.0544e-07 1.5957e+03    172.320    13.0179    38.5083    29.1102 0.0000e+00
   2490.000    13.4055     0.1876    98.7718 1.0000e-12 1.5931e+03    172.156    13.0179    38.5083    29.1102 0.0000e+00
   2491.000    13.4057     0.1883    98.7782 -9.990e-29 1.5942e+03    172.138    13.0179    38.5083    29.1102 0.0000e+00
