Data/ruptures/PEACETIME/TYR/PEACETIME_TYR_CTD_019.cnv
* Sea-Bird SBE 9 Data File:
* FileName = C:\CTD\rawCTD\PEACETIME_TYR_CTD_019.hdr
* Software Version Seasave V 7.23.2
* Temperature SN = 1378
* Conductivity SN = 2929
* Number of Bytes Per Scan = 34
* Number of Voltage Words = 5
* Number of Scans Averaged by the Deck Unit = 1
* NMEA Latitude = 39 20.39 N
* NMEA Longitude = 012 35.57 E
* NMEA UTC (Time) = May 18 2017  04:45:31
* NMEA baud rate = 4800
** Cruise:   PEACETIME
** Station:   TYR_CTD_019
# nquan = 11
# nvalues = 3449                        
# units = specified
# name 0 = prDM: Pressure, Digiquartz [db]
# name 1 = t090C: Temperature [ITS-90, deg C]
# name 2 = flC: Fluorescence, Chelsea Aqua 3 Chl Con [ug/l]
# name 3 = CStarTr0: Beam Transmission, WET Labs C-Star [%]
# name 4 = par: PAR/Irradiance, Biospherical/Licor
# name 5 = spar: SPAR/Surface Irradiance
# name 6 = sbeox0Mm/Kg: Oxygen, SBE 43 [umol/kg]
# name 7 = potemp090C: Potential Temperature [ITS-90, deg C]
# name 8 = sal00: Salinity, Practical [PSU]
# name 9 = sigma-é00: Density [sigma-theta, kg/m^3]
# name 10 = flag:
# span 0 =      1.000,   3449.000       
# span 1 =    13.3964,    20.4390       
# span 2 =     0.1718,     0.3424       
# span 3 =    96.1786,    98.7871       
# span 4 = -2.160e-05, 2.1213e+02       
# span 5 = 9.0780e+02, 1.7431e+03       
# span 6 =    164.228,    239.103       
# span 7 =    12.9685,    20.4388       
# span 8 =    37.9447,    38.8258       
# span 9 =    26.8937,    29.1131       
# span 10 = 0.0000e+00, 0.0000e+00      
# interval = decibars: 1                
# start_time = May 18 2017 04:45:31 [NMEA time, header]
# bad_flag = -9.990e-29
*END*
[from data line 787]
    788.000    13.7662     0.1893    98.7138 -9.990e-29 1.2623e+03    166.195    13.6477    38.6714    29.1037 0.0000e+00
    789.000    13.7664     0.1881    98.7193 -9.990e-29 1.2651e+03    165.824    13.6476    38.6713    29.1037 0.0000e+00
    790.000    13.7665     0.1858    98.7188 -9.990e-29 1.2629e+03    165.789    13.6477    38.6713    29.1037 0.0000e+00
    791.000    13.7667     0.1864    98.7198 1.1261e-04 1.2675e+03    166.232    13.6477    38.6714    29.1038 0.0000e+00
    792.000    13.7670     0.1901    98.7239 6.4465e-05 1.2678e+03    166.348    13.6478    38.6713    29.1037 0.0000e+00
    793.000    13.7672     0.1877    98.7228 -1.242e-06 1.2670e+03    166.375    13.6478    38.6714    29.1037 0.0000e+00
    794.000    13.7673     0.1875    98.7188 5.5943e-05 1.2663e+03    165.984    13.6478    38.6714    29.1037 0.0000e+00
    795.000    13.7677     0.1868    98.7208 6.4983e-05 1.2640e+03    166.083    13.6480    38.6715    29.1037 0.0000e+00
    796.000    13.7678     0.1850    98.7208 3.8403e-07 1.2678e+03    166.190    13.6480    38.6715    29.1037 0.0000e+00
    797.000    13.7680     0.1877    98.7168 1.0000e-12 1.2657e+03    165.971    13.6480    38.6714    29.1037 0.0000e+00
    798.000    13.7682     0.1895    98.7118 1.0000e-12 1.2654e+03    166.173    13.6480    38.6715    29.1037 0.0000e+00
    799.000    13.7683     0.1931    98.7048 1.0000e-12 1.2639e+03    166.106    13.6480    38.6714    29.1037 0.0000e+00
    800.000    13.7684     0.1935    98.7167 1.0000e-12 1.2658e+03    165.968    13.6480    38.6714    29.1037 0.0000e+00
    801.000    13.7685     0.1893    98.7119 1.0000e-12 1.2663e+03    166.070    13.6479    38.6715    29.1038 0.0000e+00
    802.000    13.7686     0.1836    98.7158 1.0000e-12 1.2650e+03    166.354    13.6479    38.6714    29.1037 0.0000e+00
    803.000    13.7687     0.1862    98.7087 1.0000e-12 1.2681e+03    166.358    13.6478    38.6715    29.1038 0.0000e+00
    804.000    13.7690     0.1882    98.7168 1.0962e-04 1.2699e+03    166.222    13.6480    38.6714    29.1037 0.0000e+00
    805.000    13.7692     0.1880    98.7203 1.3557e-04 1.2668e+03    166.138    13.6479    38.6714    29.1037 0.0000e+00
    806.000    13.7694     0.1900    98.7158 3.0442e-05 1.2649e+03    166.367    13.6480    38.6714    29.1037 0.0000e+00
    807.000    13.7696     0.1885    98.7148 1.9736e-04 1.2675e+03    166.293    13.6481    38.6715    29.1037 0.0000e+00
    808.000    13.7698     0.1883    98.7117 2.8488e-05 1.2674e+03    166.193    13.6481    38.6713    29.1036 0.0000e+00
    809.000    13.7698     0.1911    98.7226 1.6081e-04 1.2689e+03    166.119    13.6480    38.6714    29.1037 0.0000e+00
    810.000    13.7701     0.1887    98.7203 1.7448e-04 1.2670e+03    166.244    13.6481    38.6714    29.1037 0.0000e+00
    811.000    13.7702     0.1880    98.6844 1.7360e-06 1.2707e+03    165.865    13.6481    38.6714    29.1037 0.0000e+00
    812.000    13.7705     0.1878    98.7114 -9.990e-29 1.2707e+03    165.999    13.6482    38.6715    29.1037 0.0000e+00
    813.000    13.7706     0.1914    98.7208 -9.990e-29 1.2655e+03    166.176    13.6482    38.6715    29.1037 0.0000e+00
    814.000    13.7708     0.1969    98.7178 -9.990e-29 1.2694e+03    166.278    13.6482    38.6715    29.1037 0.0000e+00
    815.000    13.7710     0.1982    98.7158 1.0000e-12 1.2672e+03    166.263    13.6483    38.6715    29.1037 0.0000e+00
    816.000    13.7711     0.1903    98.7057 1.0000e-12 1.2698e+03    166.259    13.6482    38.6715    29.1037 0.0000e+00
    817.000    13.7711     0.1849    98.7219 1.0000e-12 1.2671e+03    166.417    13.6480    38.6713    29.1036 0.0000e+00
    818.000    13.7711     0.1882    98.7198 1.0000e-12 1.2732e+03    166.548    13.6479    38.6713    29.1036 0.0000e+00
    819.000    13.7715     0.1867    98.7198 1.0000e-12 1.2708e+03    166.666    13.6481    38.6714    29.1037 0.0000e+00
    820.000    13.7716     0.1889    98.7188 2.3168e-06 1.2701e+03    166.625    13.6481    38.6714    29.1037 0.0000e+00
    821.000    13.7713     0.1917    98.7198 5.8252e-09 1.2702e+03    166.451    13.6477    38.6712    29.1036 0.0000e+00
    822.000    13.7700     0.1913    98.6979 1.0000e-12 1.2678e+03    165.956    13.6462    38.6709    29.1037 0.0000e+00
    823.000    13.7573     0.1900    98.6776 4.0658e-05 1.2703e+03    165.771    13.6334    38.6653    29.1021 0.0000e+00
    824.000    13.6830     0.1890    98.7308 2.2957e-04 1.2663e+03    166.673    13.5594    38.6497    29.1058 0.0000e+00
    825.000    13.6808     0.1883    98.7308 1.1787e-06 1.2723e+03    166.569    13.5570    38.6502    29.1067 0.0000e+00
    826.000    13.6808     0.1867    98.7403 1.0000e-12 1.2709e+03    166.398    13.5568    38.6499    29.1065 0.0000e+00
    827.000    13.6807     0.1878    98.7338 -9.990e-29 1.2663e+03    166.889    13.5566    38.6500    29.1066 0.0000e+00
    828.000    13.6805     0.1871    98.7338 -9.990e-29 1.2631e+03    167.061    13.5562    38.6498    29.1066 0.0000e+00
    829.000    13.6804     0.1830    98.7338 -9.990e-29 1.2693e+03    166.848    13.5560    38.6499    29.1067 0.0000e+00
    830.000    13.6808     0.1833    98.7338 -9.990e-29 1.2697e+03    166.559    13.5562    38.6501    29.1068 0.0000e+00
    831.000    13.6809     0.1848 -9.990e-29 -9.990e-29 1.2635e+03    166.506    13.5562    38.6501    29.1068 0.0000e+00
    832.000    13.6806     0.1908 -9.990e-29 -9.990e-29 1.2663e+03    166.902    13.5557    38.6500    29.1069 0.0000e+00
    833.000    13.6807     0.1963 -9.990e-29 -9.990e-29 1.2580e+03    166.965    13.5557    38.6501    29.1069 0.0000e+00
    834.000    13.6806     0.1955    98.7396 1.0000e-12 1.2559e+03    166.797    13.5554    38.6501    29.1070 0.0000e+00
    835.000    13.6806     0.1894    98.7368 2.0785e-06 1.2538e+03    166.466    13.5553    38.6500    29.1070 0.0000e+00
    836.000    13.6807     0.1825    98.7358 2.3274e-06 1.2562e+03    166.697    13.5552    38.6498    29.1068 0.0000e+00
    837.000    13.6808     0.1839    98.7357 6.0109e-10 1.2592e+03    166.928    13.5552    38.6501    29.1070 0.0000e+00
    838.000    13.6811     0.1830    98.7511 2.1366e-06 1.2605e+03    166.826    13.5553    38.6500    29.1070 0.0000e+00
    839.000    13.6812     0.1849 -9.990e-29 7.7228e-09 1.2626e+03    166.882    13.5552    38.6499    29.1069 0.0000e+00
    840.000    13.6811     0.1864 -9.990e-29 1.0000e-12 1.2623e+03    167.012    13.5550    38.6500    29.1070 0.0000e+00
    841.000    13.6813     0.1856 -9.990e-29 1.0000e-12 1.2665e+03    166.958    13.5551    38.6501    29.1070 0.0000e+00
    842.000    13.6814     0.1849 -9.990e-29 4.4260e-05 1.2670e+03    166.904    13.5550    38.6501    29.1070 0.0000e+00
    843.000    13.6816     0.1871 -9.990e-29 3.6764e-05 1.2682e+03    167.111    13.5550    38.6499    29.1069 0.0000e+00
    844.000    13.6817     0.1916 -9.990e-29 9.7323e-05 1.2715e+03    166.983    13.5549    38.6500    29.1070 0.0000e+00
    845.000    13.6816     0.1863    98.7338 3.4345e-05 1.2692e+03    166.849    13.5547    38.6499    29.1069 0.0000e+00
    846.000    13.6817     0.1865    98.7338 2.6991e-04 1.2695e+03    166.594    13.5547    38.6498    29.1069 0.0000e+00
    847.000    13.6819     0.1876    98.7338 1.0482e-03 1.2685e+03    166.814    13.5547    38.6499    29.1070 0.0000e+00
    848.000    13.6820     0.1925    98.7338 5.8578e-04 1.2721e+03    166.914    13.5547    38.6499    29.1069 0.0000e+00
    849.000    13.6822     0.1934    98.7338 2.6696e-04 1.2737e+03    166.653    13.5547    38.6499    29.1070 0.0000e+00
    850.000    13.6825     0.1867 -9.990e-29 1.0312e-03 1.2735e+03    166.739    13.5549    38.6500    29.1070 0.0000e+00
    851.000    13.6828     0.1883 -9.990e-29 1.4826e-03 1.2717e+03    166.645    13.5549    38.6500    29.1070 0.0000e+00
    852.000    13.6831     0.1843 -9.990e-29 9.7526e-04 1.2736e+03    166.409    13.5551    38.6500    29.1070 0.0000e+00
    853.000    13.6833     0.1882    98.7338 1.3411e-04 1.2705e+03    166.760    13.5551    38.6499    29.1069 0.0000e+00
    854.000    13.6836     0.1849    98.7338 9.8627e-07 1.2770e+03    167.183    13.5553    38.6500    29.1069 0.0000e+00
    855.000    13.6841     0.1845    98.7338 3.6800e-04 1.2765e+03    167.233    13.5556    38.6502    29.1070 0.0000e+00
    856.000    13.6841     0.1857    98.7338 1.9066e-04 1.2752e+03    166.849    13.5555    38.6502    29.1070 0.0000e+00
    857.000    13.6843     0.1890    98.7338 6.3380e-04 1.2743e+03    166.415    13.5556    38.6501    29.1069 0.0000e+00
    858.000    13.6841     0.1943 -9.990e-29 1.8180e-03 1.2750e+03    166.595    13.5552    38.6500    29.1069 0.0000e+00
    859.000    13.6842     0.1919 -9.990e-29 5.9843e-04 1.2733e+03    167.054    13.5551    38.6500    29.1069 0.0000e+00
    860.000    13.6840     0.1913 -9.990e-29 4.2673e-04 1.2738e+03    167.102    13.5548    38.6501    29.1071 0.0000e+00
    861.000    13.6841     0.1873 -9.990e-29 8.7971e-04 1.2733e+03    167.300    13.5547    38.6498    29.1069 0.0000e+00
    862.000    13.6842     0.1882 -9.990e-29 5.8945e-04 1.2740e+03    166.857    13.5547    38.6499    29.1070 0.0000e+00
    863.000    13.6845     0.1840 -9.990e-29 7.8866e-04 1.2767e+03    166.624    13.5548    38.6500    29.1070 0.0000e+00
    864.000    13.6845     0.1894 -9.990e-29 2.0040e-03 1.2746e+03    166.712    13.5547    38.6498    29.1069 0.0000e+00
    865.000    13.6844     0.1948 -9.990e-29 5.1618e-04 1.2772e+03    167.125    13.5545    38.6498    29.1070 0.0000e+00
    866.000    13.6846     0.1938 -9.990e-29 7.0909e-05 1.2771e+03    167.139    13.5544    38.6498    29.1069 0.0000e+00
    867.000    13.6848     0.1893 -9.990e-29 4.5851e-04 1.2790e+03    167.046    13.5545    38.6498    29.1069 0.0000e+00
    868.000    13.6850     0.1897 -9.990e-29 4.3733e-04 1.2769e+03    167.034    13.5545    38.6498    29.1069 0.0000e+00
    869.000    13.6851     0.1831 -9.990e-29 1.4720e-04 1.2799e+03    166.781    13.5545    38.6497    29.1069 0.0000e+00
    870.000    13.6851     0.1849 -9.990e-29 8.8635e-05 1.2776e+03    166.828    13.5544    38.6496    29.1068 0.0000e+00
    871.000    13.6853     0.1876 -9.990e-29 6.3196e-04 1.2800e+03    166.791    13.5544    38.6496    29.1068 0.0000e+00
    872.000    13.6854     0.1883 -9.990e-29 1.0310e-04 1.2768e+03    166.543    13.5543    38.6496    29.1068 0.0000e+00
    873.000    13.6856     0.1866 -9.990e-29 8.2126e-04 1.2761e+03    166.587    13.5544    38.6498    29.1069 0.0000e+00
    874.000    13.6858     0.1896 -9.990e-29 1.6794e-03 1.2798e+03    166.791    13.5544    38.6498    29.1069 0.0000e+00
    875.000    13.6859     0.1921 -9.990e-29 2.4268e-04 1.2796e+03    166.724    13.5544    38.6498    29.1070 0.0000e+00
    876.000    13.6863     0.1912    98.7338 -4.109e-06 1.2723e+03    166.708    13.5546    38.6499    29.1070 0.0000e+00
    877.000    13.6863     0.1890    98.7338 4.0316e-04 1.2804e+03    166.987    13.5544    38.6498    29.1069 0.0000e+00
    878.000    13.6863     0.1928    98.7338 2.5360e-05 1.2802e+03    167.030    13.5543    38.6497    29.1069 0.0000e+00
    879.000    13.6864     0.1926    98.7338 1.1112e-03 1.2818e+03    166.803    13.5542    38.6497    29.1070 0.0000e+00
    880.000    13.6867     0.1874    98.7338 2.0970e-04 1.2787e+03    166.284    13.5544    38.6496    29.1068 0.0000e+00
    881.000    13.6867     0.1837    98.7176 3.1601e-05 1.2795e+03    166.235    13.5543    38.6497    29.1069 0.0000e+00
    882.000    13.6871     0.1880    98.7349 2.3923e-04 1.2769e+03    166.573    13.5545    38.6498    29.1069 0.0000e+00
    883.000    13.6871     0.1877    98.7286 2.0613e-04 1.2810e+03    166.867    13.5543    38.6496    29.1068 0.0000e+00
    884.000    13.6874     0.1872    98.7322 1.0069e-04 1.2780e+03    166.893    13.5545    38.6496    29.1068 0.0000e+00
    885.000    13.6877     0.1917 -9.990e-29 8.8429e-05 1.2788e+03    166.694    13.5546    38.6497    29.1068 0.0000e+00
    886.000    13.6878     0.1862 -9.990e-29 1.3504e-07 1.2772e+03    166.868    13.5546    38.6498    29.1069 0.0000e+00
    887.000    13.6880     0.1852 -9.990e-29 9.4753e-05 1.2775e+03    166.911    13.5546    38.6497    29.1069 0.0000e+00
    888.000    13.6881     0.1860 -9.990e-29 3.0012e-04 1.2812e+03    166.657    13.5546    38.6498    29.1069 0.0000e+00
    889.000    13.6883     0.1856 -9.990e-29 -9.990e-29 1.2788e+03    166.622    13.5546    38.6497    29.1069 0.0000e+00
    890.000    13.6884     0.1899 -9.990e-29 -9.990e-29 1.2795e+03    166.767    13.5546    38.6497    29.1068 0.0000e+00
    891.000    13.6886     0.1879 -9.990e-29 -9.990e-29 1.2760e+03    166.678    13.5546    38.6498    29.1069 0.0000e+00
    892.000    13.6887     0.1883    98.7338 -9.990e-29 1.2790e+03    166.656    13.5545    38.6498    29.1069 0.0000e+00
    893.000    13.6889     0.1873    98.7338 -9.990e-29 1.2790e+03    166.798    13.5545    38.6497    29.1068 0.0000e+00
    894.000    13.6891     0.1897    98.7338 -9.990e-29 1.2792e+03    166.684    13.5546    38.6497    29.1069 0.0000e+00
    895.000    13.6893     0.1926    98.7338 -9.990e-29 1.2788e+03    166.476    13.5546    38.6498    29.1069 0.0000e+00
    896.000    13.6895     0.1861    98.7338 1.0000e-12 1.2801e+03    166.424    13.5547    38.6497    29.1068 0.0000e+00
    897.000    13.6895     0.1837 -9.990e-29 1.0000e-12 1.2770e+03    166.545    13.5546    38.6497    29.1068 0.0000e+00
    898.000    13.6896     0.1836 -9.990e-29 5.9872e-06 1.2822e+03    166.507    13.5545    38.6497    29.1069 0.0000e+00
    899.000    13.6899     0.1869 -9.990e-29 2.0462e-06 1.2801e+03    166.319    13.5547    38.6496    29.1068 0.0000e+00
    900.000    13.6902     0.1900    98.7338 4.7498e-09 1.2812e+03    166.516    13.5548    38.6497    29.1068 0.0000e+00
    901.000    13.6902     0.1907    98.7328 -9.990e-29 1.2803e+03    167.075    13.5546    38.6498    29.1069 0.0000e+00
    902.000    13.6903     0.1896    98.7161 -9.990e-29 1.2831e+03    166.933    13.5545    38.6496    29.1067 0.0000e+00
    903.000    13.6905     0.1870    98.7339 -9.990e-29 1.2758e+03    166.368    13.5546    38.6497    29.1068 0.0000e+00
    904.000    13.6905     0.1881    98.7301 1.0000e-12 1.2814e+03    166.700    13.5545    38.6498    29.1069 0.0000e+00
    905.000    13.6904     0.1885 -9.990e-29 1.0000e-12 1.2784e+03    166.721    13.5542    38.6496    29.1068 0.0000e+00
    906.000    13.6904     0.1945 -9.990e-29 1.7685e-05 1.2812e+03    166.442    13.5540    38.6496    29.1069 0.0000e+00
    907.000    13.6904     0.1935 -9.990e-29 1.1227e-07 1.2786e+03    166.620    13.5539    38.6495    29.1068 0.0000e+00
    908.000    13.6910     0.1863 -9.990e-29 1.0000e-12 1.2806e+03    166.747    13.5543    38.6496    29.1068 0.0000e+00
    909.000    13.6912     0.1846 -9.990e-29 2.8269e-04 1.2803e+03    166.618    13.5543    38.6497    29.1069 0.0000e+00
    910.000    13.6908     0.1895 -9.990e-29 2.7794e-05 1.2792e+03    166.472    13.5539    38.6494    29.1067 0.0000e+00
    911.000    13.6909     0.1946 -9.990e-29 3.1024e-04 1.2807e+03    166.216    13.5538    38.6495    29.1068 0.0000e+00
    912.000    13.6912     0.1913 -9.990e-29 4.9286e-04 1.2788e+03    166.509    13.5539    38.6494    29.1067 0.0000e+00
    913.000    13.6915     0.1869 -9.990e-29 6.3670e-04 1.2789e+03    166.916    13.5541    38.6496    29.1068 0.0000e+00
    914.000    13.6918     0.1906 -9.990e-29 1.4425e-05 1.2793e+03    166.755    13.5542    38.6497    29.1069 0.0000e+00
    915.000    13.6919     0.1920 -9.990e-29 -4.353e-07 1.2830e+03    166.849    13.5542    38.6497    29.1069 0.0000e+00
    916.000    13.6916     0.1938 -9.990e-29 1.0000e-12 1.2826e+03    167.017    13.5537    38.6493    29.1067 0.0000e+00
    917.000    13.6919     0.1958 -9.990e-29 3.7915e-05 1.2822e+03    166.950    13.5539    38.6495    29.1069 0.0000e+00
    918.000    13.6923     0.1919 -9.990e-29 3.2829e-05 1.2825e+03    166.780    13.5541    38.6495    29.1068 0.0000e+00
