Data/ruptures/PEACETIME/TYR/PEACETIME_TYR_CTD_026.cnv
* Sea-Bird SBE 9 Data File:
* FileName = C:\CTD\rawCTD\PEACETIME_TYR_CTD_026.hdr
* Software Version Seasave V 7.23.2
* Temperature SN = 1378
* Conductivity SN = 2929
* Number of Bytes Per Scan = 34
* Number of Voltage Words = 5
* Number of Scans Averaged by the Deck Unit = 1
* NMEA Latitude = 39 20.37 N
* NMEA Longitude = 012 35.57 E
* NMEA UTC (Time) = May 20 2017  04:24:51
* NMEA baud rate = 4800
** Cruise:   PEACETIME
** Station:   TYR_CTD_026
# nquan = 11
# nvalues = 3457                        
# units = specified
# name 0 = prDM: Pressure, Digiquartz [db]
# name 1 = t090C: Temperature [ITS-90, deg C]
# name 2 = flC: Fluorescence, Chelsea Aqua 3 Chl Con [ug/l]
# name 3 = CStarTr0: Beam Transmission, WET Labs C-Star [%]
# name 4 = par: PAR/Irradiance, Biospherical/Licor
# name 5 = spar: SPAR/Surface Irradiance
# name 6 = sbeox0Mm/Kg: Oxygen, SBE 43 [umol/kg]
# name 7 = potemp090C: Potential Temperature [ITS-90, deg C]
# name 8 = sal00: Salinity, Practical [PSU]
# name 9 = sigma-é00: Density [sigma-theta, kg/m^3]
# name 10 = flag:
# span 0 =      3.000,   3459.000       
# span 1 =    13.3958,    19.6989       
# span 2 =     0.1744,     0.4245       
# span 3 =    96.0150,    98.6659       
# span 4 = -1.933e-06, 7.8702e+01       
# span 5 = 5.7923e+02, 1.7821e+03       
# span 6 =    164.047,    243.314       
# span 7 =    12.9751,    19.6970       
# span 8 =    37.9143,    38.8242       
# span 9 =    27.1095,    29.1131       
# span 10 = 0.0000e+00, 0.0000e+00      
# interval = decibars: 1                
# start_time = May 20 2017 04:24:51 [NMEA time, header]
# bad_flag = -9.990e-29
*END*
[from data line 1705]
   1708.000    13.4132     0.1941 -9.990e-29 1.0000e-12 1.1404e+03    169.600    13.1532    38.5474    29.1123 0.0000e+00
   1709.000    13.4135     0.1958 -9.990e-29 -9.990e-29 1.1349e+03    169.707    13.1533    38.5475    29.1124 0.0000e+00
   1710.000    13.4135     0.1940 -9.990e-29 -9.990e-29 1.1375e+03    169.764    13.1531    38.5475    29.1124 0.0000e+00
   1711.000    13.4136     0.1886 -9.990e-29 -9.990e-29 1.1385e+03    169.796    13.1531    38.5475    29.1124 0.0000e+00
   1712.000    13.4138     0.1901 -9.990e-29 1.0000e-12 1.1335e+03    169.914    13.1531    38.5475    29.1124 0.0000e+00
   1713.000    13.4141     0.1956 -9.990e-29 1.0000e-12 1.1377e+03    169.946    13.1533    38.5476    29.1125 0.0000e+00
   1714.000    13.4142     0.1918 -9.990e-29 1.0000e-12 1.1430e+03    169.991    13.1532    38.5477    29.1125 0.0000e+00
   1715.000    13.4144     0.1905 -9.990e-29 1.0000e-12 1.1485e+03    169.744    13.1532    38.5475    29.1124 0.0000e+00
   1716.000    13.4146     0.1863 -9.990e-29 1.0000e-12 1.1505e+03    169.695    13.1533    38.5474    29.1123 0.0000e+00
   1717.000    13.4149     0.1876 -9.990e-29 1.0000e-12 1.1516e+03    169.753    13.1533    38.5476    29.1124 0.0000e+00
   1718.000    13.4150     0.1919 -9.990e-29 1.0000e-12 1.1525e+03    169.863    13.1534    38.5477    29.1125 0.0000e+00
   1719.000    13.4151     0.1924 -9.990e-29 1.0000e-12 1.1455e+03    169.923    13.1533    38.5476    29.1124 0.0000e+00
   1720.000    13.4153     0.2005 -9.990e-29 1.0000e-12 1.1480e+03    169.509    13.1533    38.5475    29.1124 0.0000e+00
   1721.000    13.4154     0.1969 -9.990e-29 1.0000e-12 1.1530e+03    169.595    13.1533    38.5474    29.1123 0.0000e+00
   1722.000    13.4156     0.1912 -9.990e-29 1.0000e-12 1.1444e+03    170.065    13.1533    38.5476    29.1124 0.0000e+00
   1723.000    13.4158     0.1905 -9.990e-29 1.0000e-12 1.1458e+03    169.975    13.1533    38.5476    29.1124 0.0000e+00
   1724.000    13.4159     0.1890 -9.990e-29 1.0000e-12 1.1452e+03    170.020    13.1533    38.5476    29.1124 0.0000e+00
   1725.000    13.4160     0.1890 -9.990e-29 1.0000e-12 1.1515e+03    170.051    13.1532    38.5477    29.1125 0.0000e+00
   1726.000    13.4165     0.1917 -9.990e-29 1.0000e-12 1.1520e+03    169.914    13.1535    38.5477    29.1125 0.0000e+00
   1727.000    13.4167     0.1894 -9.990e-29 1.0000e-12 1.1526e+03    169.613    13.1535    38.5476    29.1124 0.0000e+00
   1728.000    13.4169     0.1888 -9.990e-29 1.0000e-12 1.1421e+03    169.384    13.1536    38.5477    29.1124 0.0000e+00
   1729.000    13.4171     0.1894 -9.990e-29 1.0000e-12 1.1429e+03    169.659    13.1537    38.5477    29.1124 0.0000e+00
   1730.000    13.4172     0.1889 -9.990e-29 1.0000e-12 1.1479e+03    169.799    13.1536    38.5477    29.1125 0.0000e+00
   1731.000    13.4174     0.1958 -9.990e-29 1.0000e-12 1.1556e+03    169.864    13.1536    38.5476    29.1124 0.0000e+00
   1732.000    13.4177     0.1946 -9.990e-29 1.0000e-12 1.1555e+03    169.652    13.1537    38.5475    29.1123 0.0000e+00
   1733.000    13.4176     0.1893 -9.990e-29 1.0000e-12 1.1596e+03    169.559    13.1535    38.5478    29.1125 0.0000e+00
   1734.000    13.4177     0.1874 -9.990e-29 1.0000e-12 1.1551e+03    169.615    13.1534    38.5476    29.1124 0.0000e+00
   1735.000    13.4178     0.1884 -9.990e-29 1.0000e-12 1.1458e+03    169.557    13.1534    38.5475    29.1123 0.0000e+00
   1736.000    13.4180     0.1849 -9.990e-29 1.0000e-12 1.1458e+03    169.812    13.1534    38.5476    29.1124 0.0000e+00
   1737.000    13.4183     0.1861 -9.990e-29 1.0000e-12 1.1465e+03    169.618    13.1535    38.5475    29.1123 0.0000e+00
   1738.000    13.4184     0.1864 -9.990e-29 1.0000e-12 1.1517e+03    169.526    13.1535    38.5476    29.1124 0.0000e+00
   1739.000    13.4184     0.1858 -9.990e-29 1.0000e-12 1.1524e+03    169.604    13.1534    38.5477    29.1125 0.0000e+00
   1740.000    13.4185     0.1887 -9.990e-29 1.0000e-12 1.1526e+03    169.776    13.1533    38.5477    29.1125 0.0000e+00
   1741.000    13.4188     0.1903 -9.990e-29 1.0000e-12 1.1474e+03    169.926    13.1534    38.5475    29.1123 0.0000e+00
   1742.000    13.4191     0.1910 -9.990e-29 1.0000e-12 1.1464e+03    169.871    13.1535    38.5474    29.1122 0.0000e+00
   1743.000    13.4193     0.1920 -9.990e-29 1.0000e-12 1.1496e+03    169.729    13.1536    38.5476    29.1124 0.0000e+00
   1744.000    13.4196     0.1905 -9.990e-29 1.0000e-12 1.1498e+03    169.571    13.1537    38.5476    29.1124 0.0000e+00
   1745.000    13.4196     0.1882 -9.990e-29 1.0000e-12 1.1490e+03    169.338    13.1535    38.5476    29.1124 0.0000e+00
   1746.000    13.4196     0.1898 -9.990e-29 1.0000e-12 1.1487e+03    169.445    13.1534    38.5478    29.1125 0.0000e+00
   1747.000    13.4198     0.1866 -9.990e-29 1.0000e-12 1.1477e+03    169.653    13.1535    38.5476    29.1124 0.0000e+00
   1748.000    13.4201     0.1877 -9.990e-29 1.0000e-12 1.1511e+03    169.537    13.1536    38.5474    29.1122 0.0000e+00
   1749.000    13.4199     0.1941 -9.990e-29 1.0000e-12 1.1480e+03    169.784    13.1532    38.5475    29.1124 0.0000e+00
   1750.000    13.4200     0.1896 -9.990e-29 1.0000e-12 1.1490e+03    169.777    13.1532    38.5476    29.1124 0.0000e+00
   1751.000    13.4202     0.1888 -9.990e-29 -9.990e-29 1.1462e+03    169.845    13.1532    38.5477    29.1125 0.0000e+00
   1752.000    13.4203     0.1925 -9.990e-29 -9.990e-29 1.1495e+03    169.962    13.1531    38.5476    29.1125 0.0000e+00
   1753.000    13.4208     0.1946 -9.990e-29 -9.990e-29 1.1542e+03    169.909    13.1534    38.5474    29.1122 0.0000e+00
   1754.000    13.4208     0.1902 -9.990e-29 -9.990e-29 1.1485e+03    169.571    13.1533    38.5473    29.1122 0.0000e+00
   1755.000    13.4208     0.1891 -9.990e-29 -9.990e-29 1.1450e+03    169.670    13.1531    38.5476    29.1124 0.0000e+00
   1756.000    13.4211     0.1871 -9.990e-29 -9.990e-29 1.1402e+03    169.731    13.1533    38.5477    29.1125 0.0000e+00
   1757.000    13.4215     0.1938 -9.990e-29 -9.990e-29 1.1551e+03    169.815    13.1535    38.5476    29.1124 0.0000e+00
   1758.000    13.4217     0.1956 -9.990e-29 -9.990e-29 1.1559e+03    169.872    13.1535    38.5475    29.1123 0.0000e+00
   1759.000    13.4217     0.1953 -9.990e-29 1.0000e-12 1.1581e+03    169.780    13.1533    38.5477    29.1125 0.0000e+00
   1760.000    13.4220     0.1903 -9.990e-29 1.0000e-12 1.1613e+03    169.766    13.1535    38.5474    29.1122 0.0000e+00
   1761.000    13.4220     0.1854 -9.990e-29 1.0000e-12 1.1578e+03    169.788    13.1533    38.5476    29.1124 0.0000e+00
   1762.000    13.4222     0.1876 -9.990e-29 1.0000e-12 1.1519e+03    169.849    13.1534    38.5475    29.1124 0.0000e+00
   1763.000    13.4224     0.1837 -9.990e-29 1.0000e-12 1.1536e+03    169.828    13.1534    38.5477    29.1124 0.0000e+00
   1764.000    13.4227     0.1828 -9.990e-29 1.0000e-12 1.1526e+03    169.701    13.1535    38.5476    29.1124 0.0000e+00
   1765.000    13.4228     0.1859 -9.990e-29 1.0000e-12 1.1584e+03    169.530    13.1535    38.5476    29.1124 0.0000e+00
   1766.000    13.4230     0.1864 -9.990e-29 1.0000e-12 1.1565e+03    169.506    13.1535    38.5475    29.1123 0.0000e+00
   1767.000    13.4231     0.1889 -9.990e-29 1.0000e-12 1.1615e+03    169.640    13.1535    38.5476    29.1124 0.0000e+00
   1768.000    13.4233     0.1932 -9.990e-29 1.0000e-12 1.1589e+03    169.754    13.1535    38.5477    29.1124 0.0000e+00
   1769.000    13.4234     0.1866 -9.990e-29 1.0000e-12 1.1580e+03    169.747    13.1535    38.5476    29.1124 0.0000e+00
   1770.000    13.4236     0.1888 -9.990e-29 1.0000e-12 1.1611e+03    169.459    13.1535    38.5475    29.1123 0.0000e+00
   1771.000    13.4239     0.1863 -9.990e-29 1.0000e-12 1.1548e+03    169.417    13.1536    38.5477    29.1124 0.0000e+00
   1772.000    13.4241     0.1858 -9.990e-29 1.0000e-12 1.1565e+03    169.501    13.1536    38.5476    29.1123 0.0000e+00
   1773.000    13.4243     0.1823 -9.990e-29 1.0000e-12 1.1588e+03    169.535    13.1537    38.5476    29.1124 0.0000e+00
   1774.000    13.4244     0.1820 -9.990e-29 1.0000e-12 1.1627e+03    169.717    13.1536    38.5477    29.1125 0.0000e+00
   1775.000    13.4247     0.1834 -9.990e-29 1.0000e-12 1.1625e+03    169.943    13.1537    38.5477    29.1124 0.0000e+00
   1776.000    13.4249     0.1860 -9.990e-29 1.0000e-12 1.1618e+03    169.936    13.1538    38.5478    29.1125 0.0000e+00
   1777.000    13.4251     0.1827 -9.990e-29 1.0000e-12 1.1551e+03    169.720    13.1539    38.5478    29.1124 0.0000e+00
   1778.000    13.4251     0.1805 -9.990e-29 1.0000e-12 1.1608e+03    169.662    13.1537    38.5478    29.1125 0.0000e+00
   1779.000    13.4254     0.1840 -9.990e-29 1.0000e-12 1.1550e+03    169.408    13.1538    38.5475    29.1123 0.0000e+00
   1780.000    13.4255     0.1858 -9.990e-29 1.0000e-12 1.1574e+03    169.433    13.1538    38.5475    29.1123 0.0000e+00
   1781.000    13.4252     0.1899 -9.990e-29 1.0000e-12 1.1604e+03    169.126    13.1533    38.5476    29.1124 0.0000e+00
   1782.000    13.4251     0.1912 -9.990e-29 1.0000e-12 1.1610e+03    169.182    13.1531    38.5475    29.1124 0.0000e+00
   1783.000    13.4252     0.1881 -9.990e-29 1.0000e-12 1.1670e+03    169.065    13.1530    38.5476    29.1125 0.0000e+00
   1784.000    13.4256     0.1886 -9.990e-29 1.0000e-12 1.1641e+03    169.394    13.1532    38.5474    29.1123 0.0000e+00
   1785.000    13.4249     0.1881 -9.990e-29 1.0000e-12 1.1570e+03    169.667    13.1523    38.5473    29.1124 0.0000e+00
   1786.000    13.4250     0.1887 -9.990e-29 1.0000e-12 1.1572e+03    169.727    13.1523    38.5473    29.1124 0.0000e+00
   1787.000    13.4249     0.1857 -9.990e-29 1.0000e-12 1.1577e+03    169.667    13.1520    38.5471    29.1123 0.0000e+00
   1788.000    13.4251     0.1809 -9.990e-29 1.0000e-12 1.1574e+03    169.915    13.1521    38.5470    29.1122 0.0000e+00
   1789.000    13.4253     0.1795 -9.990e-29 1.0000e-12 1.1641e+03    169.792    13.1521    38.5471    29.1123 0.0000e+00
   1790.000    13.4254     0.1812 -9.990e-29 1.0000e-12 1.1569e+03    169.601    13.1521    38.5471    29.1122 0.0000e+00
   1791.000    13.4258     0.1902 -9.990e-29 1.0000e-12 1.1596e+03    169.599    13.1522    38.5473    29.1124 0.0000e+00
   1792.000    13.4260     0.1931 -9.990e-29 1.0000e-12 1.1593e+03    169.657    13.1524    38.5473    29.1124 0.0000e+00
   1793.000    13.4261     0.1914 -9.990e-29 1.0000e-12 1.1558e+03    169.743    13.1523    38.5473    29.1124 0.0000e+00
   1794.000    13.4263     0.1936 -9.990e-29 1.0000e-12 1.1541e+03    169.936    13.1523    38.5471    29.1122 0.0000e+00
   1795.000    13.4265     0.1899 -9.990e-29 1.0000e-12 1.1480e+03    169.812    13.1524    38.5470    29.1122 0.0000e+00
   1796.000    13.4267     0.1889    98.6437 1.0000e-12 1.1433e+03    169.245    13.1523    38.5472    29.1123 0.0000e+00
   1797.000    13.4268     0.1964    98.6545 1.0000e-12 1.1496e+03    169.418    13.1523    38.5473    29.1124 0.0000e+00
   1798.000    13.4270     0.1944    98.6527 1.0000e-12 1.1530e+03    169.629    13.1524    38.5472    29.1123 0.0000e+00
   1799.000    13.4270     0.1945    98.6500 1.0000e-12 1.1546e+03    169.560    13.1522    38.5473    29.1124 0.0000e+00
   1800.000    13.4271     0.1986    98.6380 1.0000e-12 1.1545e+03    169.544    13.1522    38.5470    29.1122 0.0000e+00
   1801.000    13.4273     0.1975    98.6551 1.0000e-12 1.1580e+03    169.729    13.1521    38.5470    29.1122 0.0000e+00
   1802.000    13.4272     0.1954 -9.990e-29 1.0000e-12 1.1518e+03    169.453    13.1519    38.5471    29.1123 0.0000e+00
   1803.000    13.4275     0.1980 -9.990e-29 1.0000e-12 1.1553e+03    169.436    13.1521    38.5471    29.1123 0.0000e+00
   1804.000    13.4276     0.1944 -9.990e-29 1.0000e-12 1.1551e+03    169.450    13.1520    38.5470    29.1123 0.0000e+00
   1805.000    13.4277     0.1948 -9.990e-29 1.0000e-12 1.1614e+03    169.617    13.1519    38.5471    29.1123 0.0000e+00
   1806.000    13.4280     0.1911 -9.990e-29 1.0000e-12 1.1602e+03    169.655    13.1520    38.5471    29.1123 0.0000e+00
   1807.000    13.4280     0.1871 -9.990e-29 1.0000e-12 1.1630e+03    169.425    13.1519    38.5471    29.1123 0.0000e+00
   1808.000    13.4282     0.1872 -9.990e-29 1.0000e-12 1.1557e+03    169.445    13.1519    38.5471    29.1123 0.0000e+00
   1809.000    13.4285     0.1915 -9.990e-29 1.0000e-12 1.1599e+03    169.789    13.1520    38.5471    29.1123 0.0000e+00
   1810.000    13.4287     0.2002 -9.990e-29 1.0000e-12 1.1599e+03    169.921    13.1521    38.5471    29.1123 0.0000e+00
   1811.000    13.4288     0.1964 -9.990e-29 1.0000e-12 1.1531e+03    169.879    13.1520    38.5472    29.1123 0.0000e+00
   1812.000    13.4290     0.1909 -9.990e-29 1.0000e-12 1.1596e+03    169.745    13.1521    38.5471    29.1123 0.0000e+00
   1813.000    13.4291     0.1845 -9.990e-29 1.0000e-12 1.1518e+03    169.579    13.1520    38.5471    29.1123 0.0000e+00
   1814.000    13.4291     0.1867 -9.990e-29 1.0000e-12 1.1591e+03    169.143    13.1519    38.5470    29.1123 0.0000e+00
   1815.000    13.4294     0.1939 -9.990e-29 1.0000e-12 1.1619e+03    169.047    13.1520    38.5470    29.1122 0.0000e+00
   1816.000    13.4296     0.1957 -9.990e-29 1.0000e-12 1.1664e+03    169.443    13.1520    38.5472    29.1124 0.0000e+00
   1817.000    13.4298     0.1900 -9.990e-29 1.0000e-12 1.1640e+03    169.806    13.1520    38.5472    29.1124 0.0000e+00
   1818.000    13.4301     0.1910 -9.990e-29 1.0000e-12 1.1660e+03    169.597    13.1522    38.5471    29.1123 0.0000e+00
   1819.000    13.4302     0.1934 -9.990e-29 1.0000e-12 1.1631e+03    169.470    13.1521    38.5472    29.1124 0.0000e+00
   1820.000    13.4304     0.1914 -9.990e-29 1.0000e-12 1.1586e+03    169.464    13.1521    38.5471    29.1122 0.0000e+00
   1821.000    13.4305     0.1912 -9.990e-29 1.0000e-12 1.1586e+03    169.476    13.1521    38.5471    29.1123 0.0000e+00
   1822.000    13.4308     0.1897 -9.990e-29 1.0000e-12 1.1610e+03    169.663    13.1522    38.5471    29.1122 0.0000e+00
   1823.000    13.4308     0.1854 -9.990e-29 1.0000e-12 1.1608e+03    169.737    13.1521    38.5472    29.1124 0.0000e+00
   1824.000    13.4312     0.1806 -9.990e-29 1.0000e-12 1.1672e+03    169.657    13.1523    38.5472    29.1123 0.0000e+00
   1825.000    13.4312     0.1876 -9.990e-29 1.0000e-12 1.1593e+03    169.543    13.1522    38.5473    29.1124 0.0000e+00
   1826.000    13.4313     0.1961 -9.990e-29 1.0000e-12 1.1647e+03    169.616    13.1521    38.5472    29.1123 0.0000e+00
   1827.000    13.4315     0.1983 -9.990e-29 1.0000e-12 1.1614e+03    169.899    13.1522    38.5471    29.1123 0.0000e+00
   1828.000    13.4317     0.1920 -9.990e-29 1.0000e-12 1.1637e+03    169.683    13.1522    38.5470    29.1122 0.0000e+00
   1829.000    13.4318     0.1936 -9.990e-29 1.0000e-12 1.1612e+03    169.701    13.1521    38.5471    29.1123 0.0000e+00
   1830.000    13.4322     0.1918 -9.990e-29 1.0000e-12 1.1590e+03    169.669    13.1523    38.5471    29.1122 0.0000e+00
   1831.000    13.4323     0.1873 -9.990e-29 1.0000e-12 1.1643e+03    169.411    13.1523    38.5472    29.1123 0.0000e+00
   1832.000    13.4326     0.1906 -9.990e-29 1.0000e-12 1.1645e+03    169.523    13.1524    38.5472    29.1123 0.0000e+00
   1833.000    13.4327     0.1932 -9.990e-29 1.0000e-12 1.1573e+03    169.687    13.1524    38.5473    29.1124 0.0000e+00
   1834.000    13.4328     0.1927 -9.990e-29 1.0000e-12 1.1584e+03    169.650    13.1523    38.5471    29.1123 0.0000e+00
   1835.000    13.4329     0.1919 -9.990e-29 1.0000e-12 1.1593e+03    169.604    13.1522    38.5470    29.1122 0.0000e+00
   1836.000    13.4330     0.1936 -9.990e-29 -9.990e-29 1.1577e+03    169.682    13.1522    38.5471    29.1123 0.0000e+00
   1837.000    13.4332     0.1890 -9.990e-29 -9.990e-29 1.1615e+03    169.697    13.1522    38.5472    29.1123 0.0000e+00
   1838.000    13.4335     0.1948 -9.990e-29 1.0000e-12 1.1630e+03    169.747    13.1524    38.5472    29.1123 0.0000e+00
