Data/ruptures/PEACETIME/TYR/PEACETIME_TYR_CTD_026.cnv
* Sea-Bird SBE 9 Data File:
* FileName = C:\CTD\rawCTD\PEACETIME_TYR_CTD_026.hdr
* Software Version Seasave V 7.23.2
* Temperature SN = 1378
* Conductivity SN = 2929
* Number of Bytes Per Scan = 34
* Number of Voltage Words = 5
* Number of Scans Averaged by the Deck Unit = 1
* NMEA Latitude = 39 20.37 N
* NMEA Longitude = 012 35.57 E
* NMEA UTC (Time) = May 20 2017  04:24:51
* NMEA baud rate = 4800
** Cruise:   PEACETIME
** Station:   TYR_CTD_026
# nquan = 11
# nvalues = 3457                        
# units = specified
# name 0 = prDM: Pressure, Digiquartz [db]
# name 1 = t090C: Temperature [ITS-90, deg C]
# name 2 = flC: Fluorescence, Chelsea Aqua 3 Chl Con [ug/l]
# name 3 = CStarTr0: Beam Transmission, WET Labs C-Star [%]
# name 4 = par: PAR/Irradiance, Biospherical/Licor
# name 5 = spar: SPAR/Surface Irradiance
# name 6 = sbeox0Mm/Kg: Oxygen, SBE 43 [umol/kg]
# name 7 = potemp090C: Potential Temperature [ITS-90, deg C]
# name 8 = sal00: Salinity, Practical [PSU]
# name 9 = sigma-é00: Density [sigma-theta, kg/m^3]
# name 10 = flag:
# span 0 =      3.000,   3459.000       
# span 1 =    13.3958,    19.6989       
# span 2 =     0.1744,     0.4245       
# span 3 =    96.0150,    98.6659       
# span 4 = -1.933e-06, 7.8702e+01       
# span 5 = 5.7923e+02, 1.7821e+03       
# span 6 =    164.047,    243.314       
# span 7 =    12.9751,    19.6970       
# span 8 =    37.9143,    38.8242       
# span 9 =    27.1095,    29.1131       
# span 10 = 0.0000e+00, 0.0000e+00      
# interval = decibars: 1                
# start_time = May 20 2017 04:24:51 [NMEA time, header]
# bad_flag = -9.990e-29
*END*
[from data line 1312]
   1315.000    13.4209     0.1876    98.6350 1.0000e-12 1.0558e+03    169.194    13.2230    38.5669    29.1128 0.0000e+00
   1316.000    13.4182     0.1882    98.6513 1.0000e-12 1.0562e+03    169.241    13.2202    38.5660    29.1127 0.0000e+00
   1317.000    13.4149     0.1894    98.6515 1.0000e-12 1.0593e+03    169.009    13.2168    38.5652    29.1128 0.0000e+00
   1318.000    13.4142     0.1929    98.6558 1.0000e-12 1.0633e+03    168.880    13.2159    38.5653    29.1130 0.0000e+00
   1319.000    13.4144     0.1940    98.6536 1.0000e-12 1.0620e+03    169.113    13.2159    38.5654    29.1131 0.0000e+00
   1320.000    13.4149     0.1940 -9.990e-29 1.0000e-12 1.0613e+03    169.207    13.2163    38.5651    29.1128 0.0000e+00
   1321.000    13.4151     0.1915 -9.990e-29 1.0000e-12 1.0633e+03    169.266    13.2163    38.5651    29.1128 0.0000e+00
   1322.000    13.4153     0.1923 -9.990e-29 1.0000e-12 1.0575e+03    169.535    13.2163    38.5652    29.1128 0.0000e+00
   1323.000    13.4159     0.1936 -9.990e-29 1.0000e-12 1.0654e+03    169.720    13.2167    38.5654    29.1129 0.0000e+00
   1324.000    13.4152     0.1963 -9.990e-29 1.0000e-12 1.0610e+03    169.367    13.2159    38.5651    29.1129 0.0000e+00
   1325.000    13.4152     0.2009 -9.990e-29 1.0000e-12 1.0619e+03    169.011    13.2157    38.5651    29.1129 0.0000e+00
   1326.000    13.4151     0.2012 -9.990e-29 1.0000e-12 1.0657e+03    169.126    13.2156    38.5650    29.1129 0.0000e+00
   1327.000    13.4153     0.1904 -9.990e-29 1.0000e-12 1.0674e+03    169.308    13.2156    38.5650    29.1129 0.0000e+00
   1328.000    13.4157     0.1894 -9.990e-29 1.0000e-12 1.0650e+03    169.232    13.2158    38.5649    29.1127 0.0000e+00
   1329.000    13.4158     0.1936 -9.990e-29 1.0000e-12 1.0603e+03    169.206    13.2157    38.5650    29.1128 0.0000e+00
   1330.000    13.4159     0.1942 -9.990e-29 1.0000e-12 1.0594e+03    169.363    13.2157    38.5651    29.1129 0.0000e+00
   1331.000    13.4161     0.1890 -9.990e-29 1.0000e-12 1.0589e+03    169.484    13.2158    38.5651    29.1129 0.0000e+00
   1332.000    13.4161     0.1838 -9.990e-29 1.0000e-12 1.0605e+03    169.389    13.2156    38.5650    29.1129 0.0000e+00
   1333.000    13.4163     0.1916 -9.990e-29 1.0000e-12 1.0615e+03    169.276    13.2156    38.5651    29.1129 0.0000e+00
   1334.000    13.4170     0.1908 -9.990e-29 1.0000e-12 1.0648e+03    169.460    13.2162    38.5652    29.1129 0.0000e+00
   1335.000    13.4168     0.1924 -9.990e-29 1.0000e-12 1.0625e+03    169.342    13.2157    38.5650    29.1129 0.0000e+00
   1336.000    13.4168     0.1906 -9.990e-29 1.0000e-12 1.0659e+03    169.046    13.2156    38.5650    29.1129 0.0000e+00
   1337.000    13.4169     0.1867 -9.990e-29 1.0000e-12 1.0700e+03    168.647    13.2155    38.5650    29.1129 0.0000e+00
   1338.000    13.4170     0.1892 -9.990e-29 1.0000e-12 1.0680e+03    169.043    13.2155    38.5650    29.1129 0.0000e+00
   1339.000    13.4172     0.1931 -9.990e-29 1.0000e-12 1.0650e+03    169.218    13.2156    38.5649    29.1128 0.0000e+00
   1340.000    13.4174     0.1921 -9.990e-29 1.0000e-12 1.0636e+03    169.143    13.2155    38.5650    29.1129 0.0000e+00
   1341.000    13.4176     0.1886 -9.990e-29 1.0000e-12 1.0622e+03    169.215    13.2157    38.5651    29.1130 0.0000e+00
   1342.000    13.4179     0.1873 -9.990e-29 1.0000e-12 1.0656e+03    169.346    13.2157    38.5651    29.1129 0.0000e+00
   1343.000    13.4183     0.1874 -9.990e-29 1.0000e-12 1.0664e+03    169.295    13.2160    38.5652    29.1129 0.0000e+00
   1344.000    13.4182     0.1895 -9.990e-29 1.0000e-12 1.0702e+03    169.506    13.2158    38.5651    29.1129 0.0000e+00
   1345.000    13.4184     0.1892 -9.990e-29 1.0000e-12 1.0675e+03    169.580    13.2158    38.5651    29.1129 0.0000e+00
   1346.000    13.4185     0.1911    98.6558 1.0000e-12 1.0645e+03    169.590    13.2158    38.5649    29.1128 0.0000e+00
   1347.000    13.4186     0.1916    98.6526 1.0000e-12 1.0635e+03    169.208    13.2157    38.5650    29.1129 0.0000e+00
   1348.000    13.4188     0.1893    98.6470 1.0000e-12 1.0606e+03    169.278    13.2157    38.5651    29.1129 0.0000e+00
   1349.000    13.4190     0.1818    98.5842 1.0000e-12 1.0644e+03    169.483    13.2157    38.5651    29.1129 0.0000e+00
   1350.000    13.4192     0.1895    98.6406 1.0000e-12 1.0671e+03    169.504    13.2158    38.5651    29.1129 0.0000e+00
   1351.000    13.4192     0.1905    98.6373 1.0000e-12 1.0701e+03    169.212    13.2156    38.5650    29.1129 0.0000e+00
   1352.000    13.4194     0.1957 -9.990e-29 1.0000e-12 1.0646e+03    169.363    13.2156    38.5649    29.1127 0.0000e+00
   1353.000    13.4194     0.1924 -9.990e-29 1.0000e-12 1.0679e+03    168.758    13.2156    38.5649    29.1128 0.0000e+00
   1354.000    13.4196     0.1872 -9.990e-29 1.0000e-12 1.0641e+03    168.869    13.2156    38.5650    29.1128 0.0000e+00
   1355.000    13.4198     0.1826 -9.990e-29 1.0000e-12 1.0644e+03    169.010    13.2157    38.5649    29.1128 0.0000e+00
   1356.000    13.4200     0.1798 -9.990e-29 1.0000e-12 1.0694e+03    168.970    13.2157    38.5649    29.1128 0.0000e+00
   1357.000    13.4201     0.1866 -9.990e-29 1.0000e-12 1.0722e+03    169.166    13.2156    38.5649    29.1128 0.0000e+00
   1358.000    13.4203     0.1898 -9.990e-29 1.0000e-12 1.0666e+03    169.485    13.2157    38.5649    29.1128 0.0000e+00
   1359.000    13.4204     0.1908 -9.990e-29 1.0000e-12 1.0647e+03    169.297    13.2155    38.5649    29.1128 0.0000e+00
   1360.000    13.4206     0.1868 -9.990e-29 1.0000e-12 1.0663e+03    169.055    13.2156    38.5648    29.1127 0.0000e+00
   1361.000    13.4208     0.1873 -9.990e-29 1.0000e-12 1.0691e+03    169.453    13.2156    38.5649    29.1128 0.0000e+00
   1362.000    13.4209     0.1917 -9.990e-29 1.0000e-12 1.0673e+03    169.591    13.2156    38.5650    29.1129 0.0000e+00
   1363.000    13.4211     0.1920 -9.990e-29 1.0000e-12 1.0742e+03    169.402    13.2156    38.5651    29.1129 0.0000e+00
   1364.000    13.4214     0.1891 -9.990e-29 1.0000e-12 1.0673e+03    169.248    13.2158    38.5649    29.1128 0.0000e+00
   1365.000    13.4215     0.1879 -9.990e-29 1.0000e-12 1.0679e+03    169.444    13.2157    38.5649    29.1128 0.0000e+00
   1366.000    13.4216     0.1941 -9.990e-29 1.0000e-12 1.0735e+03    169.753    13.2156    38.5650    29.1129 0.0000e+00
   1367.000    13.4218     0.1954 -9.990e-29 1.0000e-12 1.0729e+03    169.489    13.2157    38.5649    29.1128 0.0000e+00
   1368.000    13.4218     0.1923 -9.990e-29 1.0000e-12 1.0759e+03    169.334    13.2155    38.5650    29.1129 0.0000e+00
   1369.000    13.4220     0.1896 -9.990e-29 1.0000e-12 1.0734e+03    169.137    13.2156    38.5650    29.1129 0.0000e+00
   1370.000    13.4221     0.1834 -9.990e-29 1.0000e-12 1.0722e+03    168.962    13.2156    38.5649    29.1128 0.0000e+00
   1371.000    13.4223     0.1885 -9.990e-29 1.0000e-12 1.0699e+03    169.009    13.2156    38.5648    29.1127 0.0000e+00
   1372.000    13.4225     0.1953 -9.990e-29 1.0000e-12 1.0698e+03    168.945    13.2156    38.5649    29.1128 0.0000e+00
   1373.000    13.4226     0.1959 -9.990e-29 1.0000e-12 1.0711e+03    169.013    13.2156    38.5649    29.1128 0.0000e+00
   1374.000    13.4228     0.1900 -9.990e-29 1.0000e-12 1.0732e+03    169.281    13.2156    38.5650    29.1129 0.0000e+00
   1375.000    13.4228     0.1874 -9.990e-29 1.0000e-12 1.0740e+03    169.380    13.2155    38.5650    29.1129 0.0000e+00
   1376.000    13.4230     0.1861 -9.990e-29 1.0000e-12 1.0763e+03    169.509    13.2155    38.5650    29.1129 0.0000e+00
   1377.000    13.4232     0.1839 -9.990e-29 1.0000e-12 1.0782e+03    169.720    13.2155    38.5649    29.1128 0.0000e+00
   1378.000    13.4235     0.1908 -9.990e-29 1.0000e-12 1.0744e+03    169.321    13.2156    38.5648    29.1127 0.0000e+00
   1379.000    13.4236     0.1900 -9.990e-29 1.0000e-12 1.0750e+03    168.952    13.2156    38.5649    29.1128 0.0000e+00
   1380.000    13.4236     0.1932 -9.990e-29 1.0000e-12 1.0834e+03    169.181    13.2155    38.5649    29.1128 0.0000e+00
   1381.000    13.4239     0.1901 -9.990e-29 1.0000e-12 1.0837e+03    169.398    13.2156    38.5649    29.1128 0.0000e+00
   1382.000    13.4241     0.1928 -9.990e-29 1.0000e-12 1.0811e+03    169.367    13.2156    38.5649    29.1128 0.0000e+00
   1383.000    13.4242     0.1924 -9.990e-29 -9.990e-29 1.0865e+03    169.192    13.2156    38.5650    29.1129 0.0000e+00
   1384.000    13.4244     0.1859 -9.990e-29 -9.990e-29 1.0822e+03    169.109    13.2156    38.5649    29.1127 0.0000e+00
   1385.000    13.4246     0.1870 -9.990e-29 -9.990e-29 1.0767e+03    169.158    13.2157    38.5648    29.1127 0.0000e+00
   1386.000    13.4246     0.1948 -9.990e-29 -9.990e-29 1.0729e+03    169.273    13.2155    38.5649    29.1128 0.0000e+00
   1387.000    13.4248     0.1955 -9.990e-29 -9.990e-29 1.0750e+03    169.218    13.2155    38.5649    29.1128 0.0000e+00
   1388.000    13.4251     0.1958 -9.990e-29 -9.990e-29 1.0732e+03    169.212    13.2156    38.5649    29.1128 0.0000e+00
   1389.000    13.4252     0.1893 -9.990e-29 -9.990e-29 1.0692e+03    169.227    13.2156    38.5651    29.1129 0.0000e+00
   1390.000    13.4253     0.1867 -9.990e-29 1.0000e-12 1.0717e+03    169.134    13.2155    38.5651    29.1129 0.0000e+00
   1391.000    13.4256     0.1833 -9.990e-29 1.0000e-12 1.0743e+03    169.238    13.2157    38.5648    29.1127 0.0000e+00
   1392.000    13.4256     0.1773 -9.990e-29 1.0000e-12 1.0762e+03    169.332    13.2156    38.5649    29.1128 0.0000e+00
   1393.000    13.4257     0.1857 -9.990e-29 1.0000e-12 1.0755e+03    169.135    13.2155    38.5650    29.1129 0.0000e+00
   1394.000    13.4259     0.1898 -9.990e-29 -9.990e-29 1.0736e+03    168.957    13.2156    38.5650    29.1129 0.0000e+00
   1395.000    13.4261     0.1863 -9.990e-29 -9.990e-29 1.0731e+03    168.925    13.2155    38.5650    29.1129 0.0000e+00
   1396.000    13.4262     0.1835 -9.990e-29 -9.990e-29 1.0733e+03    168.752    13.2155    38.5649    29.1128 0.0000e+00
   1397.000    13.4264     0.1867 -9.990e-29 -9.990e-29 1.0756e+03    169.014    13.2155    38.5648    29.1127 0.0000e+00
   1398.000    13.4265     0.1885 -9.990e-29 2.3262e-06 1.0750e+03    169.029    13.2154    38.5649    29.1128 0.0000e+00
   1399.000    13.4266     0.1948 -9.990e-29 1.2553e-08 1.0745e+03    169.093    13.2154    38.5649    29.1128 0.0000e+00
   1400.000    13.4267     0.1914 -9.990e-29 1.0000e-12 1.0739e+03    169.216    13.2154    38.5649    29.1128 0.0000e+00
   1401.000    13.4270     0.1863 -9.990e-29 1.0000e-12 1.0708e+03    169.301    13.2155    38.5648    29.1127 0.0000e+00
   1402.000    13.4271     0.1914 -9.990e-29 2.9991e-05 1.0677e+03    169.381    13.2154    38.5648    29.1128 0.0000e+00
   1403.000    13.4273     0.1957 -9.990e-29 1.3941e-04 1.0644e+03    169.155    13.2155    38.5649    29.1128 0.0000e+00
   1404.000    13.4274     0.1895 -9.990e-29 4.4275e-07 1.0700e+03    168.984    13.2154    38.5649    29.1128 0.0000e+00
   1405.000    13.4276     0.1885 -9.990e-29 1.0000e-12 1.0712e+03    169.149    13.2155    38.5648    29.1128 0.0000e+00
   1406.000    13.4277     0.1909 -9.990e-29 1.0000e-12 1.0721e+03    169.237    13.2154    38.5649    29.1128 0.0000e+00
   1407.000    13.4279     0.1917 -9.990e-29 1.0000e-12 1.0677e+03    169.158    13.2154    38.5649    29.1128 0.0000e+00
   1408.000    13.4280     0.1833 -9.990e-29 1.0000e-12 1.0672e+03    168.997    13.2154    38.5648    29.1127 0.0000e+00
   1409.000    13.4283     0.1795 -9.990e-29 1.0000e-12 1.0638e+03    169.299    13.2155    38.5649    29.1128 0.0000e+00
   1410.000    13.4283     0.1804 -9.990e-29 1.0000e-12 1.0710e+03    169.349    13.2154    38.5649    29.1129 0.0000e+00
   1411.000    13.4285     0.1854 -9.990e-29 1.0000e-12 1.0719e+03    169.271    13.2154    38.5648    29.1128 0.0000e+00
   1412.000    13.4286     0.1926 -9.990e-29 1.0000e-12 1.0713e+03    169.204    13.2154    38.5647    29.1127 0.0000e+00
   1413.000    13.4287     0.1956 -9.990e-29 1.0000e-12 1.0676e+03    169.291    13.2153    38.5649    29.1128 0.0000e+00
   1414.000    13.4290     0.1911 -9.990e-29 1.0000e-12 1.0628e+03    169.425    13.2154    38.5649    29.1128 0.0000e+00
   1415.000    13.4293     0.1912 -9.990e-29 1.0000e-12 1.0687e+03    169.346    13.2156    38.5648    29.1127 0.0000e+00
   1416.000    13.4295     0.1911 -9.990e-29 1.0000e-12 1.0665e+03    169.329    13.2156    38.5649    29.1128 0.0000e+00
   1417.000    13.4296     0.1921 -9.990e-29 1.0000e-12 1.0709e+03    169.119    13.2156    38.5649    29.1128 0.0000e+00
   1418.000    13.4299     0.1955 -9.990e-29 1.0000e-12 1.0725e+03    168.774    13.2158    38.5648    29.1127 0.0000e+00
   1419.000    13.4301     0.1924 -9.990e-29 1.0000e-12 1.0738e+03    168.771    13.2157    38.5650    29.1128 0.0000e+00
   1420.000    13.4302     0.1883 -9.990e-29 1.0000e-12 1.0713e+03    168.973    13.2157    38.5652    29.1130 0.0000e+00
   1421.000    13.4305     0.1921    98.6396 1.0000e-12 1.0707e+03    168.987    13.2158    38.5652    29.1130 0.0000e+00
   1422.000    13.4306     0.1972    98.6487 1.0000e-12 1.0706e+03    169.147    13.2158    38.5651    29.1129 0.0000e+00
   1423.000    13.4309     0.1917    98.6506 1.0000e-12 1.0704e+03    169.177    13.2159    38.5649    29.1127 0.0000e+00
   1424.000    13.4310     0.1946    98.6509 1.0000e-12 1.0750e+03    169.181    13.2159    38.5648    29.1127 0.0000e+00
   1425.000    13.4311     0.1873 -9.990e-29 1.0000e-12 1.0790e+03    169.245    13.2158    38.5649    29.1128 0.0000e+00
   1426.000    13.4313     0.1868 -9.990e-29 1.0000e-12 1.0798e+03    168.952    13.2158    38.5650    29.1128 0.0000e+00
   1427.000    13.4315     0.1884 -9.990e-29 1.0000e-12 1.0723e+03    168.736    13.2159    38.5651    29.1129 0.0000e+00
   1428.000    13.4316     0.1904 -9.990e-29 1.0000e-12 1.0711e+03    168.703    13.2159    38.5651    29.1129 0.0000e+00
   1429.000    13.4317     0.1928 -9.990e-29 1.0000e-12 1.0726e+03    168.917    13.2158    38.5651    29.1129 0.0000e+00
   1430.000    13.4318     0.1972 -9.990e-29 1.0000e-12 1.0723e+03    169.217    13.2158    38.5650    29.1128 0.0000e+00
   1431.000    13.4320     0.1963 -9.990e-29 1.0000e-12 1.0725e+03    169.374    13.2157    38.5650    29.1129 0.0000e+00
   1432.000    13.4322     0.1923 -9.990e-29 1.0000e-12 1.0680e+03    169.200    13.2158    38.5650    29.1129 0.0000e+00
   1433.000    13.4323     0.1886 -9.990e-29 1.0000e-12 1.0707e+03    168.713    13.2157    38.5649    29.1128 0.0000e+00
   1434.000    13.4324     0.1972 -9.990e-29 1.0000e-12 1.0683e+03    168.770    13.2156    38.5651    29.1129 0.0000e+00
   1435.000    13.4327     0.1938 -9.990e-29 1.0000e-12 1.0759e+03    168.879    13.2158    38.5651    29.1129 0.0000e+00
   1436.000    13.4329     0.1955 -9.990e-29 1.0000e-12 1.0783e+03    168.984    13.2159    38.5652    29.1130 0.0000e+00
   1437.000    13.4330     0.1909 -9.990e-29 1.0000e-12 1.0849e+03    168.982    13.2158    38.5652    29.1129 0.0000e+00
   1438.000    13.4333     0.1883 -9.990e-29 1.0000e-12 1.0772e+03    168.920    13.2159    38.5650    29.1128 0.0000e+00
   1439.000    13.4334     0.1859 -9.990e-29 1.0000e-12 1.0670e+03    169.025    13.2159    38.5650    29.1128 0.0000e+00
   1440.000    13.4331     0.1824 -9.990e-29 1.0000e-12 1.0661e+03    168.976    13.2154    38.5650    29.1129 0.0000e+00
   1441.000    13.4332     0.1804 -9.990e-29 1.0000e-12 1.0697e+03    169.219    13.2153    38.5650    29.1129 0.0000e+00
   1442.000    13.4335     0.1866 -9.990e-29 1.0000e-12 1.0650e+03    169.405    13.2155    38.5652    29.1130 0.0000e+00
   1443.000    13.4336     0.1893 -9.990e-29 1.0000e-12 1.0619e+03    169.387    13.2154    38.5650    29.1129 0.0000e+00
   1444.000    13.4341     0.1917 -9.990e-29 1.0000e-12 1.0610e+03    169.317    13.2157    38.5652    29.1130 0.0000e+00
