Data/ruptures/PEACETIME/TYR/PEACETIME_TYR_CTD_025.cnv
* Sea-Bird SBE 9 Data File:
* FileName = C:\CTD\rawCTD\PEACETIME_TYR_CTD_025.hdr
* Software Version Seasave V 7.23.2
* Temperature SN = 1378
* Conductivity SN = 2929
* Number of Bytes Per Scan = 34
* Number of Voltage Words = 5
* Number of Scans Averaged by the Deck Unit = 1
* NMEA Latitude = 39 20.37 N
* NMEA Longitude = 012 35.57 E
* NMEA UTC (Time) = May 20 2017  02:45:16
* NMEA baud rate = 4800
** Cruise:   PEACETIME
** Station:   TYR_CTD_025
# nquan = 11
# nvalues = 499                         
# units = specified
# name 0 = prDM: Pressure, Digiquartz [db]
# name 1 = t090C: Temperature [ITS-90, deg C]
# name 2 = flC: Fluorescence, Chelsea Aqua 3 Chl Con [ug/l]
# name 3 = CStarTr0: Beam Transmission, WET Labs C-Star [%]
# name 4 = par: PAR/Irradiance, Biospherical/Licor
# name 5 = spar: SPAR/Surface Irradiance
# name 6 = sbeox0Mm/Kg: Oxygen, SBE 43 [umol/kg]
# name 7 = potemp090C: Potential Temperature [ITS-90, deg C]
# name 8 = sal00: Salinity, Practical [PSU]
# name 9 = sigma-é00: Density [sigma-theta, kg/m^3]
# name 10 = flag:
# span 0 =      3.000,    501.000       
# span 1 =    14.2017,    19.7395       
# span 2 =     0.1786,     0.4067       
# span 3 =    96.0807,    98.6003       
# span 4 = -2.121e-05, 2.3332e-01       
# span 5 = 1.1203e+00, 5.3022e+00       
# span 6 =    166.004,    243.219       
# span 7 =    14.1255,    19.7377       
# span 8 =    37.9132,    38.8245       
# span 9 =    27.0905,    29.0847       
# span 10 = 0.0000e+00, 0.0000e+00      
# interval = decibars: 1                
# start_time = May 20 2017 02:45:16 [NMEA time, header]
# bad_flag = -9.990e-29
*END*
[from data line 394]
    397.000    14.3889     0.1947    98.5517 1.0000e-12 2.6850e+00    168.674    14.3282    38.8186    29.0698 0.0000e+00
    398.000    14.3901     0.1929    98.5476 8.2520e-06 2.6709e+00    168.785    14.3292    38.8186    29.0696 0.0000e+00
    399.000    14.3851     0.1855    98.5480 1.2211e-05 3.6118e+00    169.024    14.3241    38.8178    29.0701 0.0000e+00
    400.000    14.3820     0.1870    98.5508 -7.341e-08 2.6852e+00    168.715    14.3208    38.8174    29.0705 0.0000e+00
    401.000    14.3812     0.1923    98.5526 1.0000e-12 2.9658e+00    168.806    14.3198    38.8174    29.0708 0.0000e+00
    402.000    14.3838     0.1959    98.5534 1.0000e-12 2.4398e+00    168.866    14.3223    38.8183    29.0709 0.0000e+00
    403.000    14.3854     0.1935    98.5479 1.0000e-12 3.7376e+00    169.209    14.3237    38.8185    29.0708 0.0000e+00
    404.000    14.3867     0.1905    98.5518 1.0000e-12 2.4507e+00    169.149    14.3249    38.8193    29.0711 0.0000e+00
    405.000    14.3870     0.1807    98.5517 1.0000e-12 2.3704e+00    168.781    14.3250    38.8192    29.0710 0.0000e+00
    406.000    14.3871     0.1891    98.5477 1.0000e-12 2.6207e+00    168.893    14.3250    38.8192    29.0710 0.0000e+00
    407.000    14.3871     0.1942    98.5397 1.0000e-12 2.7424e+00    168.805    14.3248    38.8191    29.0710 0.0000e+00
    408.000    14.3803     0.1886    98.5494 1.0000e-12 2.1938e+00    168.857    14.3178    38.8177    29.0714 0.0000e+00
    409.000    14.3775     0.1878 -9.990e-29 1.0000e-12 2.4912e+00    168.876    14.3149    38.8175    29.0719 0.0000e+00
    410.000    14.3752     0.1907    98.5517 1.0000e-12 2.1148e+00    168.884    14.3124    38.8168    29.0719 0.0000e+00
    411.000    14.3692     0.1902    98.5517 -9.990e-29 2.0434e+00    168.960    14.3063    38.8159    29.0726 0.0000e+00
    412.000    14.3681     0.1837    98.5517 -9.990e-29 2.7722e+00    168.783    14.3051    38.8157    29.0727 0.0000e+00
    413.000    14.3678     0.1817    98.5517 -9.990e-29 2.3478e+00    168.649    14.3046    38.8155    29.0726 0.0000e+00
    414.000    14.3618     0.1841    98.5517 -9.990e-29 3.1025e+00    168.471    14.2985    38.8141    29.0729 0.0000e+00
    415.000    14.3596     0.1893    98.5517 1.0000e-12 2.5276e+00    168.267    14.2961    38.8137    29.0731 0.0000e+00
    416.000    14.3584     0.1787    98.5517 9.6169e-07 3.9874e+00    168.400    14.2948    38.8135    29.0733 0.0000e+00
    417.000    14.3561     0.1788    98.5517 4.2243e-06 2.6157e+00    168.563    14.2924    38.8130    29.0734 0.0000e+00
    418.000    14.3544     0.1830    98.5386 1.0586e-07 2.4440e+00    168.421    14.2905    38.8127    29.0736 0.0000e+00
    419.000    14.3545     0.1815    98.5613 -9.990e-29 2.0204e+00    168.277    14.2905    38.8130    29.0738 0.0000e+00
    420.000    14.3479     0.1792    98.5613 1.7094e-05 2.7177e+00    168.141    14.2837    38.8117    29.0743 0.0000e+00
    421.000    14.3460     0.1890    98.5560 9.8937e-06 2.9834e+00    168.221    14.2817    38.8117    29.0748 0.0000e+00
    422.000    14.3462     0.1866    98.5585 3.0571e-06 3.3362e+00    168.083    14.2817    38.8117    29.0748 0.0000e+00
    423.000    14.3465     0.1885    98.5608 5.0768e-04 3.0837e+00    167.975    14.2819    38.8118    29.0748 0.0000e+00
    424.000    14.3447     0.1913    98.5594 2.3064e-04 1.1349e+00    168.244    14.2799    38.8114    29.0749 0.0000e+00
    425.000    14.3443     0.1866    98.5509 5.8637e-05 2.9709e+00    168.249    14.2793    38.8117    29.0753 0.0000e+00
    426.000    14.3441     0.1872    98.5418 2.0061e-04 3.8730e+00    168.379    14.2790    38.8116    29.0753 0.0000e+00
    427.000    14.3433     0.1926    98.5552 3.7764e-04 3.4035e+00    168.348    14.2781    38.8114    29.0753 0.0000e+00
    428.000    14.3422     0.1828 -9.990e-29 1.2220e-03 2.4782e+00    168.057    14.2768    38.8113    29.0755 0.0000e+00
    429.000    14.3410     0.1900 -9.990e-29 3.8450e-04 2.2183e+00    168.104    14.2754    38.8109    29.0755 0.0000e+00
    430.000    14.3356     0.1898    98.5578 5.3580e-05 2.8172e+00    167.989    14.2699    38.8096    29.0757 0.0000e+00
    431.000    14.3360     0.1823    98.5573 3.5536e-04 2.7197e+00    167.703    14.2702    38.8096    29.0757 0.0000e+00
    432.000    14.3299     0.1839    98.5602 1.2944e-04 1.9189e+00    167.339    14.2639    38.8083    29.0760 0.0000e+00
    433.000    14.3271     0.1840    98.5632 3.5898e-04 2.4612e+00    167.768    14.2610    38.8078    29.0763 0.0000e+00
    434.000    14.3252     0.1905    98.5618 5.2495e-05 1.9718e+00    167.927    14.2589    38.8074    29.0764 0.0000e+00
    435.000    14.3235     0.1866    98.5656 1.8423e-05 2.6689e+00    167.560    14.2570    38.8069    29.0764 0.0000e+00
    436.000    14.3193     0.1876    98.5672 1.1757e-04 2.1936e+00    167.854    14.2528    38.8059    29.0767 0.0000e+00
    437.000    14.3186     0.1839    98.5651 1.8109e-06 3.1527e+00    167.640    14.2519    38.8060    29.0769 0.0000e+00
    438.000    14.3184     0.1851    98.5591 -9.990e-29 1.9750e+00    167.596    14.2516    38.8059    29.0769 0.0000e+00
    439.000    14.3187     0.1829    98.5708 1.0000e-12 2.5198e+00    167.706    14.2516    38.8059    29.0769 0.0000e+00
    440.000    14.3181     0.1901    98.5642 1.0000e-12 4.1767e+00    167.682    14.2509    38.8058    29.0769 0.0000e+00
    441.000    14.3155     0.1912    98.5744 1.0000e-12 1.7043e+00    167.431    14.2481    38.8052    29.0771 0.0000e+00
    442.000    14.3119     0.1920    98.5675 1.0000e-12 1.4589e+00    167.462    14.2444    38.8045    29.0773 0.0000e+00
    443.000    14.3084     0.1896    98.5748 1.0000e-12 2.3886e+00    167.319    14.2407    38.8037    29.0776 0.0000e+00
    444.000    14.3083     0.1879    98.5740 1.0000e-12 2.5859e+00    166.925    14.2405    38.8033    29.0773 0.0000e+00
    445.000    14.3036     0.1893    98.5726 1.0000e-12 2.5268e+00    167.400    14.2357    38.8025    29.0778 0.0000e+00
    446.000    14.3000     0.1846    98.5696 1.0000e-12 2.7393e+00    167.222    14.2319    38.8018    29.0780 0.0000e+00
    447.000    14.2989     0.1824    98.5660 1.0000e-12 3.1233e+00    167.053    14.2307    38.8016    29.0781 0.0000e+00
    448.000    14.2970     0.1846    98.5694 1.0000e-12 1.7499e+00    167.050    14.2286    38.8009    29.0781 0.0000e+00
    449.000    14.2949     0.1891    98.5778 -9.990e-29 2.4672e+00    166.799    14.2264    38.8006    29.0783 0.0000e+00
    450.000    14.2934     0.1859    98.5777 -9.990e-29 2.4379e+00    167.096    14.2247    38.8003    29.0785 0.0000e+00
    451.000    14.2908     0.1871    98.5777 1.0000e-12 3.6892e+00    167.473    14.2219    38.7997    29.0786 0.0000e+00
    452.000    14.2884     0.1853 -9.990e-29 1.0000e-12 3.2686e+00    167.174    14.2194    38.7990    29.0786 0.0000e+00
    453.000    14.2870     0.1895    98.5777 1.0000e-12 2.8062e+00    167.134    14.2178    38.7987    29.0787 0.0000e+00
    454.000    14.2852     0.1870    98.5777 -9.990e-29 2.6388e+00    167.187    14.2160    38.7983    29.0789 0.0000e+00
    455.000    14.2847     0.1915    98.5777 -9.990e-29 2.1050e+00    167.050    14.2153    38.7982    29.0789 0.0000e+00
    456.000    14.2835     0.1878    98.5777 -9.990e-29 3.2628e+00    166.992    14.2139    38.7979    29.0790 0.0000e+00
    457.000    14.2832     0.1835 -9.990e-29 -9.990e-29 3.5092e+00    166.936    14.2135    38.7978    29.0790 0.0000e+00
    458.000    14.2829     0.1868 -9.990e-29 -9.990e-29 2.0957e+00    167.137    14.2130    38.7976    29.0790 0.0000e+00
    459.000    14.2827     0.1816 -9.990e-29 -9.990e-29 2.2896e+00    167.074    14.2126    38.7975    29.0790 0.0000e+00
    460.000    14.2807     0.1872 -9.990e-29 -9.990e-29 2.7113e+00    166.846    14.2105    38.7970    29.0790 0.0000e+00
    461.000    14.2770     0.1857 -9.990e-29 -9.990e-29 2.8047e+00    166.813    14.2067    38.7960    29.0791 0.0000e+00
    462.000    14.2695     0.1910 -9.990e-29 -9.990e-29 2.3507e+00    166.566    14.1990    38.7950    29.0800 0.0000e+00
    463.000    14.2627     0.1811    98.5777 -9.990e-29 3.0837e+00    166.414    14.1921    38.7928    29.0798 0.0000e+00
    464.000    14.2557     0.1890    98.5777 -9.990e-29 2.6292e+00    166.017    14.1850    38.7916    29.0805 0.0000e+00
    465.000    14.2556     0.1930    98.5777 -9.990e-29 2.8312e+00    166.239    14.1848    38.7917    29.0806 0.0000e+00
    466.000    14.2556     0.1901    98.5847 -9.990e-29 2.3518e+00    166.494    14.1845    38.7917    29.0806 0.0000e+00
    467.000    14.2569     0.1860    98.5848 1.0000e-12 2.2173e+00    166.461    14.1857    38.7918    29.0804 0.0000e+00
    468.000    14.2546     0.1905 -9.990e-29 1.0000e-12 3.8007e+00    166.734    14.1833    38.7913    29.0806 0.0000e+00
    469.000    14.2526     0.1938 -9.990e-29 3.1097e-06 2.2534e+00    167.005    14.1811    38.7908    29.0807 0.0000e+00
    470.000    14.2515     0.1908 -9.990e-29 4.0059e-07 3.6209e+00    166.640    14.1798    38.7906    29.0808 0.0000e+00
    471.000    14.2505     0.1907 -9.990e-29 -9.990e-29 3.1450e+00    166.503    14.1788    38.7901    29.0807 0.0000e+00
    472.000    14.2437     0.1864    98.5777 1.0000e-12 1.6542e+00    166.374    14.1718    38.7888    29.0812 0.0000e+00
    473.000    14.2422     0.1894    98.5777 1.0000e-12 3.0084e+00    166.224    14.1701    38.7886    29.0814 0.0000e+00
    474.000    14.2442     0.1864    98.5777 6.6254e-05 2.7016e+00    166.328    14.1720    38.7891    29.0813 0.0000e+00
    475.000    14.2424     0.1837    98.5882 -9.990e-29 2.8422e+00    166.796    14.1700    38.7887    29.0815 0.0000e+00
    476.000    14.2409     0.1867    98.5840 -9.990e-29 2.2394e+00    166.199    14.1684    38.7885    29.0817 0.0000e+00
    477.000    14.2390     0.1854    98.5892 1.0000e-12 2.9549e+00    166.432    14.1664    38.7881    29.0818 0.0000e+00
    478.000    14.2394     0.1814    98.5937 1.0000e-12 4.5023e+00    166.589    14.1666    38.7881    29.0818 0.0000e+00
    479.000    14.2380     0.1876    98.5883 1.0000e-12 2.3168e+00    166.598    14.1651    38.7882    29.0822 0.0000e+00
    480.000    14.2383     0.1950    98.5852 -9.990e-29 2.8219e+00    166.004    14.1651    38.7885    29.0824 0.0000e+00
    481.000    14.2385     0.1916    98.5808 -9.990e-29 3.6141e+00    166.417    14.1652    38.7883    29.0822 0.0000e+00
    482.000    14.2374     0.1921    98.5958 1.3376e-06 3.0657e+00    166.873    14.1640    38.7879    29.0822 0.0000e+00
    483.000    14.2361     0.1929    98.5920 5.1546e-05 2.9672e+00    166.455    14.1625    38.7879    29.0825 0.0000e+00
    484.000    14.2352     0.1908    98.5856 7.7104e-05 1.8146e+00    166.741    14.1615    38.7877    29.0825 0.0000e+00
    485.000    14.2357     0.1863    98.5830 -9.990e-29 2.6147e+00    166.629    14.1618    38.7875    29.0824 0.0000e+00
    486.000    14.2322     0.1854    98.5874 1.0000e-12 3.0566e+00    166.232    14.1581    38.7867    29.0826 0.0000e+00
    487.000    14.2305     0.1887    98.5864 2.8082e-06 2.4399e+00    166.084    14.1563    38.7866    29.0828 0.0000e+00
    488.000    14.2300     0.1874    98.5828 1.8263e-06 2.5160e+00    166.645    14.1557    38.7865    29.0829 0.0000e+00
    489.000    14.2306     0.1823    98.5812 -3.133e-07 2.7695e+00    166.767    14.1561    38.7863    29.0827 0.0000e+00
    490.000    14.2262     0.1819    98.5794 -9.990e-29 2.7797e+00    166.931    14.1515    38.7854    29.0830 0.0000e+00
    491.000    14.2236     0.1879    98.5869 1.0000e-12 2.4410e+00    166.807    14.1488    38.7850    29.0833 0.0000e+00
    492.000    14.2209     0.1856    98.5928 1.0000e-12 3.2948e+00    166.473    14.1459    38.7842    29.0833 0.0000e+00
    493.000    14.2216     0.1864    98.5923 1.0000e-12 2.6472e+00    166.498    14.1466    38.7844    29.0833 0.0000e+00
    494.000    14.2099     0.1796    98.5878 -9.990e-29 2.5389e+00    166.342    14.1347    38.7811    29.0833 0.0000e+00
    495.000    14.2089     0.1855    98.5847 -9.990e-29 2.6615e+00    166.548    14.1335    38.7814    29.0838 0.0000e+00
    496.000    14.2087     0.1886    98.5953 -9.990e-29 3.6323e+00    166.028    14.1332    38.7813    29.0838 0.0000e+00
    497.000    14.2097     0.1912    98.5919 4.9049e-05 2.8894e+00    166.067    14.1341    38.7814    29.0837 0.0000e+00
    498.000    14.2092     0.1908    98.5748 1.9834e-05 5.3022e+00    166.544    14.1334    38.7813    29.0837 0.0000e+00
    499.000    14.2091     0.1873    98.5835 5.2868e-07 4.0953e+00    166.390    14.1332    38.7812    29.0838 0.0000e+00
    500.000    14.2071     0.1842    98.5993 1.0000e-12 2.2882e+00    166.435    14.1310    38.7808    29.0839 0.0000e+00
    501.000    14.2017     0.1881    98.6003 1.0000e-12 1.3165e+00    166.773    14.1255    38.7803    29.0847 0.0000e+00
