Data/ruptures/PEACETIME/TYR/PEACETIME_TYR_CTD_017.cnv
* Sea-Bird SBE 9 Data File:
* FileName = C:\CTD\rawCTD\PEACETIME_TYR_CTD_017.hdr
* Software Version Seasave V 7.23.2
* Temperature SN = 1378
* Conductivity SN = 2929
* Number of Bytes Per Scan = 34
* Number of Voltage Words = 5
* Number of Scans Averaged by the Deck Unit = 1
* NMEA Latitude = 39 20.39 N
* NMEA Longitude = 012 35.57 E
* NMEA UTC (Time) = May 17 2017  18:59:14
* NMEA baud rate = 4800
** Cruise:   PEACETIME
** Station:   TYR_CTD_017
# nquan = 11
# nvalues = 203                         
# units = specified
# name 0 = prDM: Pressure, Digiquartz [db]
# name 1 = t090C: Temperature [ITS-90, deg C]
# name 2 = flC: Fluorescence, Chelsea Aqua 3 Chl Con [ug/l]
# name 3 = CStarTr0: Beam Transmission, WET Labs C-Star [%]
# name 4 = par: PAR/Irradiance, Biospherical/Licor
# name 5 = spar: SPAR/Surface Irradiance
# name 6 = sbeox0Mm/Kg: Oxygen, SBE 43 [umol/kg]
# name 7 = potemp090C: Potential Temperature [ITS-90, deg C]
# name 8 = sal00: Salinity, Practical [PSU]
# name 9 = sigma-é00: Density [sigma-theta, kg/m^3]
# name 10 = flag:
# span 0 =      1.000,    203.000       
# span 1 =    14.4009,    20.6656       
# span 2 =     0.1768,     0.3500       
# span 3 =    95.6854,    98.5892       
# span 4 = -2.545e-06, 1.1903e-01       
# span 5 = 1.4494e+00, 8.3583e+00       
# span 6 =    170.371,    239.994       
# span 7 =    14.3826,    20.6654       
# span 8 =    37.9525,    38.7357       
# span 9 =    26.8630,    28.9755       
# span 10 = 0.0000e+00, 0.0000e+00      
# interval = decibars: 1                
# start_time = May 17 2017 18:59:14 [NMEA time, header]
# bad_flag = -9.990e-29
*END*
      1.000    20.6656     0.2029    96.8736 1.1903e-01 2.8110e+00    216.270    20.6654    37.9885    26.8630 0.0000e+00
      2.000    20.6631     0.2052    96.9999 9.2476e-02 2.5513e+00    216.246    20.6627    37.9884    26.8637 0.0000e+00
      3.000    20.6431     0.2084    96.9997 5.7836e-02 1.9475e+00    217.042    20.6425    37.9879    26.8688 0.0000e+00
      4.000    20.5990     0.2012    96.9886 2.9756e-02 3.7069e+00    217.224    20.5982    37.9841    26.8781 0.0000e+00
      5.000    20.5297     0.1974    96.9572 2.1742e-02 2.4887e+00    216.381    20.5287    37.9824    26.8957 0.0000e+00
      6.000    20.3603     0.1979    96.8983 1.2846e-02 2.1043e+00    216.940    20.3592    37.9761    26.9370 0.0000e+00
      7.000    20.2049     0.1989    96.8077 6.6917e-03 2.1779e+00    217.633    20.2036    37.9729    26.9766 0.0000e+00
      8.000    20.1415     0.1989    96.7448 1.9770e-03 2.9689e+00    219.032    20.1400    37.9738    26.9944 0.0000e+00
      9.000    20.1272     0.1934    96.8117 2.0454e-04 2.2884e+00    218.234    20.1255    37.9777    27.0013 0.0000e+00
     10.000    20.0369     0.1997    96.8468 2.2810e-06 2.3222e+00    217.093    20.0350    37.9753    27.0239 0.0000e+00
     11.000    19.4442     0.1954    96.7873 -1.079e-08 2.1548e+00    217.010    19.4422    37.9837    27.1875 0.0000e+00
     12.000    18.8097     0.1943    96.8631 1.0000e-12 2.9166e+00    221.529    18.8075    38.0178    27.3796 0.0000e+00
     13.000    18.6360     0.1944    96.9699 1.0000e-12 3.0785e+00    224.391    18.6336    38.0174    27.4242 0.0000e+00
     14.000    18.5086     0.1939    96.9579 1.0000e-12 3.8459e+00    224.686    18.5061    38.0015    27.4447 0.0000e+00
     15.000    18.3306     0.1927    97.0155 1.0000e-12 3.8291e+00    225.864    18.3280    37.9699    27.4658 0.0000e+00
     16.000    18.2522     0.1945    96.9598 1.0000e-12 3.4966e+00    227.148    18.2494    37.9629    27.4805 0.0000e+00
     17.000    18.2009     0.1959    96.9976 1.0000e-12 2.4553e+00    227.855    18.1979    37.9682    27.4975 0.0000e+00
     18.000    18.1604     0.1892    97.0352 1.0000e-12 2.7354e+00    228.359    18.1573    37.9757    27.5136 0.0000e+00
     19.000    18.1807     0.1962    97.0004 1.0000e-12 2.2747e+00    228.761    18.1774    38.0145    27.5383 0.0000e+00
     20.000    18.1876     0.1919    97.0063 1.0000e-12 2.2028e+00    227.887    18.1841    38.0445    27.5596 0.0000e+00
     21.000    18.0763     0.1929    97.0317 1.0000e-12 2.2135e+00    228.215    18.0727    38.0596    27.5993 0.0000e+00
     22.000    17.9953     0.1953    97.0627 1.0000e-12 2.4200e+00    227.625    17.9915    38.0625    27.6220 0.0000e+00
     23.000    17.8383     0.1992    97.0027 1.0000e-12 2.9622e+00    227.230    17.8343    38.0695    27.6668 0.0000e+00
     24.000    17.4610     0.2030    97.0454 1.0000e-12 1.8908e+00    229.189    17.4569    38.0318    27.7316 0.0000e+00
     25.000    17.1499     0.2023    97.1458 1.0000e-12 2.4729e+00    230.331    17.1457    37.9908    27.7764 0.0000e+00
     26.000    16.9050     0.1971    97.1478 1.0000e-12 3.1450e+00    232.885    16.9007    37.9768    27.8253 0.0000e+00
     27.000    16.7515     0.2006    97.0861 1.0000e-12 2.9041e+00    234.315    16.7470    37.9723    27.8589 0.0000e+00
     28.000    16.6402     0.1987    97.0980 1.0000e-12 2.9124e+00    233.641    16.6355    37.9702    27.8841 0.0000e+00
     29.000    16.3545     0.1993    97.0797 1.0000e-12 3.0554e+00    235.075    16.3497    37.9558    27.9410 0.0000e+00
     30.000    16.1955     0.2005    97.0377 1.0000e-12 1.5871e+00    235.592    16.1907    37.9525    27.9762 0.0000e+00
     31.000    16.0743     0.1960    97.0437 1.0000e-12 2.4666e+00    237.155    16.0693    37.9527    28.0049 0.0000e+00
     32.000    16.0515     0.1949    96.9793 1.0000e-12 2.1785e+00    238.535    16.0463    38.0028    28.0489 0.0000e+00
     33.000    15.9466     0.1940    96.9543 1.0000e-12 2.7599e+00    239.307    15.9412    38.0087    28.0780 0.0000e+00
     34.000    15.8525     0.2008    96.9786 1.0000e-12 2.6985e+00    238.229    15.8470    37.9965    28.0906 0.0000e+00
     35.000    15.6990     0.2018    96.9818 1.0000e-12 2.9277e+00    239.463    15.6935    37.9937    28.1240 0.0000e+00
     36.000    15.7695     0.2077    96.9238 1.0000e-12 2.2224e+00    239.994    15.7638    38.0596    28.1586 0.0000e+00
     37.000    15.7568     0.2087    96.8800 1.0000e-12 3.3205e+00    236.757    15.7509    38.0568    28.1594 0.0000e+00
     38.000    15.5211     0.2080    96.8294 1.0000e-12 1.9651e+00    237.276    15.5151    38.0182    28.1841 0.0000e+00
     39.000    15.4731     0.2128    96.7264 1.0000e-12 2.5386e+00    238.326    15.4669    38.0405    28.2123 0.0000e+00
     40.000    15.4694     0.2113    96.6960 1.0000e-12 2.9938e+00    237.709    15.4631    38.0690    28.2352 0.0000e+00
     41.000    15.3099     0.2155    96.6740 1.0000e-12 2.8435e+00    237.334    15.3034    38.0569    28.2624 0.0000e+00
     42.000    15.2223     0.2140    96.6400 1.0000e-12 3.3235e+00    237.125    15.2157    38.0605    28.2851 0.0000e+00
     43.000    15.1758     0.2184    96.5365 1.0000e-12 2.1684e+00    237.112    15.1691    38.0651    28.2992 0.0000e+00
     44.000    15.1676     0.2233    96.4874 1.0000e-12 2.9357e+00    237.616    15.1607    38.0671    28.3027 0.0000e+00
     45.000    15.1411     0.2263    96.5605 1.0000e-12 2.9260e+00    237.656    15.1341    38.0708    28.3116 0.0000e+00
     46.000    15.1092     0.2191    96.5759 1.0000e-12 2.3740e+00    236.661    15.1020    38.0855    28.3302 0.0000e+00
     47.000    15.0765     0.2152    96.5393 1.0000e-12 2.3020e+00    236.209    15.0692    38.0930    28.3434 0.0000e+00
     48.000    15.0451     0.2252    96.5152 -9.990e-29 2.2620e+00    236.274    15.0377    38.1078    28.3619 0.0000e+00
     49.000    15.0197     0.2296    96.4871 -9.990e-29 3.1484e+00    236.680    15.0121    38.1291    28.3842 0.0000e+00
     50.000    14.9952     0.2294    96.4991 -9.990e-29 2.2834e+00    236.478    14.9875    38.1503    28.4061 0.0000e+00
     51.000    14.9736     0.2366    96.4605 1.0000e-12 2.4361e+00    235.932    14.9657    38.1648    28.4222 0.0000e+00
     52.000    14.9477     0.2406    96.3672 1.0000e-12 2.4218e+00    236.418    14.9396    38.1711    28.4330 0.0000e+00
     53.000    14.9601     0.2464    96.5086 1.0000e-12 2.7312e+00    235.370    14.9519    38.1896    28.4444 0.0000e+00
     54.000    14.9062     0.2465    96.3351 1.0000e-12 1.7378e+00    234.798    14.8979    38.1933    28.4595 0.0000e+00
     55.000    14.8915     0.2591    96.3519 1.0000e-12 1.7606e+00    235.313    14.8830    38.1974    28.4660 0.0000e+00
     56.000    14.8527     0.2601    96.3471 1.0000e-12 2.5920e+00    234.495    14.8441    38.2014    28.4778 0.0000e+00
     57.000    14.8249     0.2648    96.0855 1.0000e-12 1.9273e+00    234.737    14.8161    38.2184    28.4972 0.0000e+00
     58.000    14.8203     0.2714    95.9728 1.0000e-12 2.8805e+00    233.705    14.8114    38.2231    28.5019 0.0000e+00
     59.000    14.8172     0.2801    95.9621 1.0000e-12 2.9527e+00    235.154    14.8081    38.2239    28.5033 0.0000e+00
     60.000    14.8153     0.2966    96.0230 1.0000e-12 2.4774e+00    234.305    14.8061    38.2258    28.5052 0.0000e+00
     61.000    14.7974     0.2983    95.9562 1.0000e-12 3.1864e+00    232.121    14.7880    38.2303    28.5127 0.0000e+00
     62.000    14.7896     0.3108    95.8775 1.0000e-12 4.0168e+00    232.589    14.7801    38.2390    28.5212 0.0000e+00
     63.000    14.7863     0.3171    95.9552 1.0000e-12 2.6204e+00    232.310    14.7766    38.2468    28.5280 0.0000e+00
     64.000    14.7703     0.3210    95.9101 -9.990e-29 1.9338e+00    229.704    14.7605    38.2561    28.5388 0.0000e+00
     65.000    14.7495     0.3191    95.7289 1.0000e-12 2.3677e+00    228.408    14.7396    38.2598    28.5463 0.0000e+00
     66.000    14.7216     0.3264    95.8259 1.0000e-12 2.4560e+00    228.333    14.7115    38.2611    28.5537 0.0000e+00
     67.000    14.6991     0.3500    95.6854 1.0000e-12 3.0361e+00    228.119    14.6889    38.2629    28.5601 0.0000e+00
     68.000    14.6883     0.3371    96.1840 1.0000e-12 2.7341e+00    226.212    14.6779    38.2677    28.5662 0.0000e+00
     69.000    14.6915     0.3130    96.5119 1.0000e-12 2.2787e+00    224.758    14.6810    38.2712    28.5682 0.0000e+00
     70.000    14.6941     0.3044    96.5582 1.0000e-12 2.5808e+00    221.631    14.6834    38.2755    28.5710 0.0000e+00
     71.000    14.6686     0.3139    96.5789 1.0000e-12 2.7837e+00    219.789    14.6577    38.2775    28.5782 0.0000e+00
     72.000    14.6547     0.3446    96.6075 1.0000e-12 2.9872e+00    219.748    14.6437    38.2820    28.5849 0.0000e+00
     73.000    14.6080     0.3421    96.9313 1.0000e-12 2.8543e+00    222.039    14.5969    38.2779    28.5921 0.0000e+00
     74.000    14.5899     0.3016    97.0765 1.0000e-12 2.6443e+00    220.153    14.5786    38.2811    28.5986 0.0000e+00
     75.000    14.5853     0.2883    97.2674 1.0000e-12 2.7795e+00    219.075    14.5739    38.2880    28.6051 0.0000e+00
     76.000    14.5845     0.2807    97.3347 1.0000e-12 2.5258e+00    217.984    14.5729    38.2911    28.6076 0.0000e+00
     77.000    14.5841     0.2794    97.3939 1.0000e-12 2.8110e+00    216.584    14.5724    38.2955    28.6112 0.0000e+00
     78.000    14.5871     0.2785    97.4230 1.0000e-12 2.7533e+00    214.609    14.5752    38.3029    28.6163 0.0000e+00
     79.000    14.5856     0.2844    97.4607 1.0000e-12 2.4927e+00    213.174    14.5735    38.3093    28.6216 0.0000e+00
     80.000    14.5842     0.2859    97.4726 1.0000e-12 2.7826e+00    212.369    14.5721    38.3139    28.6255 0.0000e+00
     81.000    14.5830     0.2873    97.5088 1.0000e-12 2.5060e+00    212.168    14.5707    38.3154    28.6269 0.0000e+00
     82.000    14.5902     0.2909    97.5202 1.0000e-12 3.0701e+00    209.275    14.5777    38.3290    28.6359 0.0000e+00
     83.000    14.5968     0.2833    97.6031 1.0000e-12 3.0435e+00    207.660    14.5841    38.3349    28.6390 0.0000e+00
     84.000    14.6169     0.2858    97.6069 1.0000e-12 2.3422e+00    204.469    14.6041    38.3485    28.6451 0.0000e+00
     85.000    14.6520     0.2945    97.5790 1.0000e-12 3.0473e+00    199.479    14.6390    38.3741    28.6571 0.0000e+00
     86.000    14.6503     0.2978    97.6161 1.0000e-12 1.4928e+00    197.848    14.6372    38.3789    28.6612 0.0000e+00
     87.000    14.6488     0.2902    97.6589 1.0000e-12 2.9154e+00    198.522    14.6355    38.3805    28.6628 0.0000e+00
     88.000    14.6519     0.2956    97.6700 1.0000e-12 2.0694e+00    198.036    14.6385    38.3842    28.6650 0.0000e+00
     89.000    14.6483     0.2836    97.6798 1.0000e-12 2.5498e+00    197.406    14.6347    38.3878    28.6686 0.0000e+00
     90.000    14.6426     0.2736    97.7798 1.0000e-12 2.7895e+00    195.823    14.6288    38.3953    28.6758 0.0000e+00
     91.000    14.6532     0.2593    97.8940 1.0000e-12 3.2502e+00    193.769    14.6393    38.4083    28.6835 0.0000e+00
     92.000    14.6941     0.2596    97.8663 1.0000e-12 2.4567e+00    192.154    14.6800    38.4306    28.6917 0.0000e+00
     93.000    14.7083     0.2679    97.8842 1.0000e-12 3.7415e+00    190.953    14.6940    38.4393    28.6953 0.0000e+00
     94.000    14.7100     0.2707    97.9271 1.0000e-12 1.7405e+00    189.857    14.6955    38.4455    28.6997 0.0000e+00
     95.000    14.7158     0.2621    97.9972 1.0000e-12 2.5266e+00    188.739    14.7012    38.4593    28.7091 0.0000e+00
     96.000    14.7181     0.2571    98.0295 -9.990e-29 2.6407e+00    187.041    14.7034    38.4737    28.7198 0.0000e+00
     97.000    14.7154     0.2471    98.0615 1.0000e-12 1.8705e+00    186.529    14.7005    38.4832    28.7277 0.0000e+00
     98.000    14.7119     0.2440    98.0743 1.0000e-12 1.7998e+00    186.734    14.6968    38.4858    28.7306 0.0000e+00
     99.000    14.7079     0.2407    98.0754 1.0000e-12 2.9778e+00    185.825    14.6927    38.4882    28.7334 0.0000e+00
    100.000    14.7031     0.2434    98.0957 1.0000e-12 2.5976e+00    186.069    14.6877    38.4909    28.7366 0.0000e+00
    101.000    14.6994     0.2405    98.1143 1.0000e-12 2.8945e+00    185.925    14.6839    38.4928    28.7388 0.0000e+00
    102.000    14.6973     0.2387    98.1146 1.0000e-12 2.1437e+00    185.310    14.6817    38.4947    28.7409 0.0000e+00
    103.000    14.6944     0.2381    98.1330 1.0000e-12 2.7223e+00    185.655    14.6786    38.4974    28.7436 0.0000e+00
    104.000    14.6790     0.2377    98.0999 1.0000e-12 2.4089e+00    185.286    14.6630    38.4981    28.7477 0.0000e+00
    105.000    14.6688     0.2374    98.1614 1.0000e-12 2.0875e+00    185.626    14.6527    38.5012    28.7523 0.0000e+00
    106.000    14.6716     0.2352    98.1708 1.0000e-12 2.9856e+00    185.501    14.6553    38.5036    28.7536 0.0000e+00
    107.000    14.6768     0.2374    98.1698 1.0000e-12 1.8457e+00    184.609    14.6604    38.5070    28.7551 0.0000e+00
    108.000    14.6824     0.2332    98.1659 1.0000e-12 3.0722e+00    183.792    14.6659    38.5204    28.7642 0.0000e+00
    109.000    14.6764     0.2335    98.1986 1.0000e-12 2.5507e+00    183.646    14.6596    38.5224    28.7672 0.0000e+00
    110.000    14.6141     0.2307    98.2108 1.0000e-12 2.0452e+00    186.434    14.5973    38.5062    28.7686 0.0000e+00
    111.000    14.5119     0.2260    98.2196 1.0000e-12 2.2245e+00    190.454    14.4950    38.4857    28.7754 0.0000e+00
    112.000    14.4675     0.2236    98.2382 1.0000e-12 2.7043e+00    192.374    14.4505    38.4786    28.7798 0.0000e+00
    113.000    14.4554     0.2258    98.2418 1.0000e-12 3.1085e+00    192.616    14.4382    38.4783    28.7822 0.0000e+00
    114.000    14.4438     0.2303    98.2441 1.0000e-12 2.8937e+00    193.248    14.4266    38.4773    28.7841 0.0000e+00
    115.000    14.4380     0.2288    98.2505 1.0000e-12 1.9747e+00    193.510    14.4206    38.4770    28.7851 0.0000e+00
    116.000    14.4322     0.2325    98.2401 1.0000e-12 1.4494e+00    193.151    14.4147    38.4766    28.7861 0.0000e+00
    117.000    14.4259     0.2317    98.2287 1.0000e-12 2.6727e+00    193.318    14.4082    38.4775    28.7883 0.0000e+00
    118.000    14.4313     0.2244    98.2548 1.0000e-12 3.0752e+00    192.815    14.4135    38.4830    28.7914 0.0000e+00
    119.000    14.4526     0.2245    98.2687 1.0000e-12 2.7101e+00    191.298    14.4345    38.4949    28.7959 0.0000e+00
    120.000    14.4318     0.2179    98.2840 1.0000e-12 2.0973e+00    192.465    14.4137    38.4894    28.7963 0.0000e+00
    121.000    14.4009     0.2229    98.2915 1.0000e-12 2.8173e+00    193.146    14.3826    38.4875    28.8017 0.0000e+00
    122.000    14.4191     0.2172    98.2880 1.0000e-12 3.0488e+00    190.678    14.4006    38.5076    28.8132 0.0000e+00
    123.000    14.4819     0.2154    98.3194 1.0000e-12 3.3170e+00    186.573    14.4632    38.5402    28.8246 0.0000e+00
    124.000    14.5099     0.2149    98.3545 1.0000e-12 2.8017e+00    185.022    14.4910    38.5522    28.8277 0.0000e+00
    125.000    14.5453     0.2120    98.3738 1.0000e-12 1.7279e+00    183.397    14.5263    38.5660    28.8306 0.0000e+00
    126.000    14.5450     0.2064    98.4019 1.0000e-12 2.7963e+00    183.351    14.5257    38.5659    28.8306 0.0000e+00
    127.000    14.5410     0.2108    98.4057 1.0000e-12 2.1680e+00    183.714    14.5216    38.5649    28.8308 0.0000e+00
    128.000    14.5490     0.2164    98.4078 1.0000e-12 2.7707e+00    182.706    14.5295    38.5728    28.8351 0.0000e+00
    129.000    14.5647     0.2117    98.4143 1.0000e-12 2.6341e+00    182.036    14.5450    38.5855    28.8415 0.0000e+00
    130.000    14.5708     0.2111    98.4327 1.0000e-12 3.2160e+00    181.097    14.5510    38.5921    28.8453 0.0000e+00
    131.000    14.5575     0.2005    98.4266 1.0000e-12 2.6639e+00    180.321    14.5375    38.5927    28.8487 0.0000e+00
