Data/ruptures/PEACETIME/TYR/PEACETIME_TYR_CTD_020.cnv
* Sea-Bird SBE 9 Data File:
* FileName = C:\CTD\rawCTD\PEACETIME_TYR_CTD_020.hdr
* Software Version Seasave V 7.23.2
* Temperature SN = 1378
* Conductivity SN = 2929
* Number of Bytes Per Scan = 34
* Number of Voltage Words = 5
* Number of Scans Averaged by the Deck Unit = 1
* NMEA Latitude = 39 20.39 N
* NMEA Longitude = 012 35.57 E
* NMEA UTC (Time) = May 18 2017  08:56:44
* NMEA baud rate = 4800
** Cruise:   PEACETIME
** Station:   TYR_CTD_020
# nquan = 11
# nvalues = 3000                        
# units = specified
# name 0 = prDM: Pressure, Digiquartz [db]
# name 1 = t090C: Temperature [ITS-90, deg C]
# name 2 = flC: Fluorescence, Chelsea Aqua 3 Chl Con [ug/l]
# name 3 = CStarTr0: Beam Transmission, WET Labs C-Star [%]
# name 4 = par: PAR/Irradiance, Biospherical/Licor
# name 5 = spar: SPAR/Surface Irradiance
# name 6 = sbeox0Mm/Kg: Oxygen, SBE 43 [umol/kg]
# name 7 = potemp090C: Potential Temperature [ITS-90, deg C]
# name 8 = sal00: Salinity, Practical [PSU]
# name 9 = sigma-é00: Density [sigma-theta, kg/m^3]
# name 10 = flag:
# span 0 =      1.000,   3000.000       
# span 1 =    13.3976,    19.4807       
# span 2 =     0.1694,     0.3872       
# span 3 =    96.6562,    98.7621       
# span 4 = -7.654e-08, 1.4141e+03       
# span 5 = 2.2906e+03, 2.3145e+03       
# span 6 =    164.376,    239.010       
# span 7 =    12.9803,    19.4805       
# span 8 =    37.9782,    38.8233       
# span 9 =    27.1867,    29.1131       
# span 10 = 0.0000e+00, 0.0000e+00      
# interval = decibars: 1                
# start_time = May 18 2017 08:56:44 [NMEA time, header]
# bad_flag = -9.990e-29
*END*
[from data line 656]
    657.000    13.9622     0.1796 -9.990e-29 1.0000e-12 2.3009e+03    164.889    13.8628    38.7205    29.0955 0.0000e+00
    658.000    13.9624     0.1784 -9.990e-29 1.0000e-12 2.3042e+03    165.326    13.8629    38.7205    29.0955 0.0000e+00
    659.000    13.9626     0.1794    98.6818 1.0000e-12 2.3068e+03    165.215    13.8629    38.7205    29.0955 0.0000e+00
    660.000    13.9625     0.1822    98.6569 1.0000e-12 2.3025e+03    164.486    13.8627    38.7204    29.0955 0.0000e+00
    661.000    13.9603     0.1781    98.6603 1.0000e-12 2.3063e+03    164.376    13.8603    38.7195    29.0953 0.0000e+00
    662.000    13.9124     0.1774    98.6721 1.0000e-12 2.3062e+03    164.973    13.8125    38.7086    29.0972 0.0000e+00
    663.000    13.8952     0.1796    98.6716 1.0000e-12 2.3078e+03    165.162    13.7952    38.7056    29.0985 0.0000e+00
    664.000    13.8900     0.1782    98.6796 1.0000e-12 2.3070e+03    165.693    13.7899    38.7044    29.0987 0.0000e+00
    665.000    13.8902     0.1790    98.6670 1.0000e-12 2.3032e+03    166.151    13.7899    38.7043    29.0987 0.0000e+00
    666.000    13.8886     0.1836    98.6798 1.0000e-12 2.3068e+03    166.321    13.7882    38.7038    29.0987 0.0000e+00
    667.000    13.8879     0.1838    98.6796 1.0000e-12 2.3042e+03    166.112    13.7874    38.7038    29.0988 0.0000e+00
    668.000    13.8875     0.1791    98.6773 1.0000e-12 2.3043e+03    166.101    13.7867    38.7035    29.0988 0.0000e+00
    669.000    13.8861     0.1771    98.6795 1.0000e-12 2.3024e+03    165.817    13.7853    38.7032    29.0989 0.0000e+00
    670.000    13.8861     0.1809    98.6727 1.0000e-12 2.3041e+03    165.675    13.7851    38.7033    29.0990 0.0000e+00
    671.000    13.8863     0.1827    98.6753 1.0000e-12 2.3060e+03    165.829    13.7852    38.7035    29.0991 0.0000e+00
    672.000    13.8862     0.1855    98.6791 1.0000e-12 2.3035e+03    166.049    13.7848    38.7033    29.0991 0.0000e+00
    673.000    13.8862     0.1772 -9.990e-29 1.0000e-12 2.3047e+03    165.828    13.7847    38.7033    29.0991 0.0000e+00
    674.000    13.8865     0.1790 -9.990e-29 1.0000e-12 2.3068e+03    165.614    13.7849    38.7035    29.0992 0.0000e+00
    675.000    13.8865     0.1845 -9.990e-29 1.0000e-12 2.3033e+03    165.755    13.7848    38.7034    29.0992 0.0000e+00
    676.000    13.8871     0.1823 -9.990e-29 1.0000e-12 2.3041e+03    165.911    13.7852    38.7034    29.0991 0.0000e+00
    677.000    13.8868     0.1802 -9.990e-29 1.0000e-12 2.3078e+03    165.668    13.7847    38.7034    29.0991 0.0000e+00
    678.000    13.8866     0.1771 -9.990e-29 1.0000e-12 2.3063e+03    165.199    13.7844    38.7031    29.0990 0.0000e+00
    679.000    13.8867     0.1798 -9.990e-29 1.0000e-12 2.3062e+03    165.505    13.7843    38.7033    29.0991 0.0000e+00
    680.000    13.8869     0.1827 -9.990e-29 1.0000e-12 2.3059e+03    165.908    13.7844    38.7032    29.0991 0.0000e+00
    681.000    13.8869     0.1875 -9.990e-29 1.0000e-12 2.3021e+03    165.542    13.7842    38.7034    29.0992 0.0000e+00
    682.000    13.8872     0.1856 -9.990e-29 1.0000e-12 2.3029e+03    165.626    13.7843    38.7033    29.0991 0.0000e+00
    683.000    13.8873     0.1818 -9.990e-29 1.0000e-12 2.3084e+03    165.978    13.7842    38.7033    29.0992 0.0000e+00
    684.000    13.8874     0.1835 -9.990e-29 1.0000e-12 2.3074e+03    165.781    13.7842    38.7033    29.0992 0.0000e+00
    685.000    13.8876     0.1841 -9.990e-29 1.0000e-12 2.3049e+03    165.796    13.7842    38.7033    29.0992 0.0000e+00
    686.000    13.8876     0.1848 -9.990e-29 1.0000e-12 2.3035e+03    165.753    13.7841    38.7033    29.0991 0.0000e+00
    687.000    13.8877     0.1796 -9.990e-29 1.0000e-12 2.3062e+03    165.922    13.7841    38.7033    29.0992 0.0000e+00
    688.000    13.8879     0.1750 -9.990e-29 1.0000e-12 2.3037e+03    165.974    13.7841    38.7032    29.0991 0.0000e+00
    689.000    13.8880     0.1773 -9.990e-29 1.0000e-12 2.3026e+03    166.041    13.7840    38.7033    29.0992 0.0000e+00
    690.000    13.8882     0.1794 -9.990e-29 1.0000e-12 2.3067e+03    165.583    13.7841    38.7031    29.0990 0.0000e+00
    691.000    13.8883     0.1774 -9.990e-29 1.0000e-12 2.3059e+03    165.566    13.7841    38.7032    29.0991 0.0000e+00
    692.000    13.8885     0.1830 -9.990e-29 1.0000e-12 2.3076e+03    165.893    13.7841    38.7031    29.0990 0.0000e+00
    693.000    13.8888     0.1811 -9.990e-29 1.0000e-12 2.3042e+03    166.009    13.7842    38.7033    29.0991 0.0000e+00
    694.000    13.8890     0.1863 -9.990e-29 1.0000e-12 2.3053e+03    166.221    13.7843    38.7032    29.0990 0.0000e+00
    695.000    13.8891     0.1876 -9.990e-29 1.0000e-12 2.3073e+03    166.057    13.7842    38.7033    29.0991 0.0000e+00
    696.000    13.8892     0.1839 -9.990e-29 1.0000e-12 2.3046e+03    165.920    13.7842    38.7031    29.0990 0.0000e+00
    697.000    13.8891     0.1814 -9.990e-29 1.0000e-12 2.3065e+03    165.761    13.7840    38.7032    29.0991 0.0000e+00
    698.000    13.8894     0.1841 -9.990e-29 1.0000e-12 2.3041e+03    165.808    13.7840    38.7031    29.0990 0.0000e+00
    699.000    13.8896     0.1831 -9.990e-29 1.0000e-12 2.3062e+03    165.909    13.7841    38.7032    29.0991 0.0000e+00
    700.000    13.8895     0.1823 -9.990e-29 1.0000e-12 2.3019e+03    165.929    13.7838    38.7031    29.0991 0.0000e+00
    701.000    13.8894     0.1874 -9.990e-29 1.0000e-12 2.3065e+03    165.812    13.7836    38.7030    29.0991 0.0000e+00
    702.000    13.8896     0.1810    98.6792 1.0000e-12 2.3014e+03    166.020    13.7836    38.7030    29.0991 0.0000e+00
    703.000    13.8895     0.1743    98.6787 1.0000e-12 2.3045e+03    166.114    13.7834    38.7028    29.0990 0.0000e+00
    704.000    13.8897     0.1764    98.6683 1.0000e-12 2.3048e+03    165.939    13.7834    38.7029    29.0990 0.0000e+00
    705.000    13.8901     0.1837    98.6699 1.0000e-12 2.3034e+03    165.682    13.7836    38.7029    29.0990 0.0000e+00
    706.000    13.8902     0.1825    98.6705 1.0000e-12 2.3028e+03    165.244    13.7836    38.7030    29.0990 0.0000e+00
    707.000    13.8903     0.1795    98.6774 1.0000e-12 2.3030e+03    165.169    13.7835    38.7029    29.0990 0.0000e+00
    708.000    13.8903     0.1814    98.6773 1.0000e-12 2.3017e+03    165.414    13.7834    38.7028    29.0990 0.0000e+00
    709.000    13.8905     0.1872    98.6646 1.0000e-12 2.3050e+03    165.068    13.7835    38.7029    29.0990 0.0000e+00
    710.000    13.8905     0.1849    98.6580 1.0000e-12 2.3088e+03    165.091    13.7833    38.7029    29.0991 0.0000e+00
    711.000    13.8906     0.1823    98.6816 1.0000e-12 2.3029e+03    165.338    13.7832    38.7027    29.0989 0.0000e+00
    712.000    13.8905     0.1806 -9.990e-29 1.0000e-12 2.3063e+03    165.539    13.7830    38.7029    29.0991 0.0000e+00
    713.000    13.8911     0.1752 -9.990e-29 1.0000e-12 2.3059e+03    166.079    13.7834    38.7028    29.0989 0.0000e+00
    714.000    13.8915     0.1769 -9.990e-29 1.0000e-12 2.3058e+03    166.092    13.7837    38.7029    29.0990 0.0000e+00
    715.000    13.8918     0.1774    98.6789 1.0000e-12 2.3079e+03    165.720    13.7838    38.7030    29.0990 0.0000e+00
    716.000    13.8918     0.1779    98.6796 1.0000e-12 2.3078e+03    165.794    13.7837    38.7030    29.0990 0.0000e+00
    717.000    13.8921     0.1769    98.6807 1.0000e-12 2.3070e+03    166.007    13.7838    38.7030    29.0990 0.0000e+00
    718.000    13.8923     0.1780    98.6631 1.0000e-12 2.3025e+03    166.077    13.7839    38.7030    29.0990 0.0000e+00
    719.000    13.8927     0.1782    98.6784 1.0000e-12 2.3066e+03    165.703    13.7841    38.7031    29.0990 0.0000e+00
    720.000    13.8930     0.1784    98.6797 1.0000e-12 2.3012e+03    165.626    13.7842    38.7032    29.0990 0.0000e+00
    721.000    13.8931     0.1794    98.6807 1.0000e-12 2.3076e+03    165.628    13.7842    38.7031    29.0990 0.0000e+00
    722.000    13.8931     0.1827    98.6689 1.0000e-12 2.3077e+03    165.372    13.7841    38.7031    29.0990 0.0000e+00
    723.000    13.8934     0.1856    98.6731 1.0000e-12 2.3034e+03    165.329    13.7841    38.7031    29.0991 0.0000e+00
    724.000    13.8938     0.1862    98.6688 1.0000e-12 2.3050e+03    165.368    13.7845    38.7031    29.0990 0.0000e+00
    725.000    13.8937     0.1835    98.6766 1.0000e-12 2.3036e+03    165.427    13.7842    38.7031    29.0990 0.0000e+00
    726.000    13.8914     0.1819    98.6764 1.0000e-12 2.3051e+03    164.971    13.7817    38.7022    29.0988 0.0000e+00
    727.000    13.8565     0.1877    98.6773 1.0000e-12 2.3063e+03    165.236    13.7469    38.6930    29.0992 0.0000e+00
    728.000    13.8323     0.1903 -9.990e-29 1.0000e-12 2.3053e+03    165.703    13.7227    38.6883    29.1007 0.0000e+00
    729.000    13.8308     0.1886 -9.990e-29 1.0000e-12 2.3045e+03    165.333    13.7210    38.6878    29.1008 0.0000e+00
    730.000    13.8305     0.1790 -9.990e-29 1.0000e-12 2.3059e+03    165.729    13.7205    38.6878    29.1008 0.0000e+00
    731.000    13.8307     0.1805 -9.990e-29 1.0000e-12 2.3048e+03    166.188    13.7206    38.6879    29.1009 0.0000e+00
    732.000    13.8300     0.1804 -9.990e-29 1.0000e-12 2.3084e+03    165.875    13.7197    38.6876    29.1008 0.0000e+00
    733.000    13.8250     0.1764 -9.990e-29 1.0000e-12 2.3080e+03    165.757    13.7145    38.6861    29.1008 0.0000e+00
    734.000    13.7952     0.1783 -9.990e-29 1.0000e-12 2.3051e+03    166.160    13.6848    38.6782    29.1011 0.0000e+00
    735.000    13.7619     0.1823 -9.990e-29 1.0000e-12 2.3071e+03    166.688    13.6515    38.6717    29.1032 0.0000e+00
    736.000    13.7592     0.1841    98.6954 1.0000e-12 2.3065e+03    166.739    13.6486    38.6711    29.1033 0.0000e+00
    737.000    13.7588     0.1789    98.7027 1.0000e-12 2.3069e+03    166.437    13.6482    38.6712    29.1035 0.0000e+00
    738.000    13.7587     0.1831    98.7026 1.0000e-12 2.3075e+03    166.458    13.6479    38.6712    29.1036 0.0000e+00
    739.000    13.7590     0.1876    98.6970 1.0000e-12 2.3015e+03    166.149    13.6480    38.6713    29.1036 0.0000e+00
    740.000    13.7591     0.1857    98.6916 1.0000e-12 2.3037e+03    166.277    13.6480    38.6713    29.1036 0.0000e+00
    741.000    13.7592     0.1791    98.6992 1.0000e-12 2.3057e+03    166.390    13.6479    38.6713    29.1036 0.0000e+00
    742.000    13.7593     0.1809    98.6932 1.0000e-12 2.3071e+03    166.538    13.6479    38.6715    29.1038 0.0000e+00
    743.000    13.7595     0.1826    98.6890 1.0000e-12 2.3052e+03    166.638    13.6478    38.6714    29.1038 0.0000e+00
    744.000    13.7595     0.1804    98.6922 1.0000e-12 2.3072e+03    166.430    13.6478    38.6715    29.1038 0.0000e+00
    745.000    13.7597     0.1769    98.7045 1.0000e-12 2.3107e+03    166.672    13.6477    38.6716    29.1039 0.0000e+00
    746.000    13.7597     0.1800    98.6953 1.0000e-12 2.3058e+03    166.537    13.6477    38.6714    29.1038 0.0000e+00
    747.000    13.7600     0.1762    98.6964 1.0000e-12 2.3061e+03    166.306    13.6477    38.6717    29.1040 0.0000e+00
    748.000    13.7600     0.1807    98.6964 1.0000e-12 2.3076e+03    166.629    13.6477    38.6717    29.1040 0.0000e+00
    749.000    13.7602     0.1800    98.6883 1.0000e-12 2.3032e+03    166.264    13.6477    38.6716    29.1039 0.0000e+00
    750.000    13.7605     0.1829    98.6954 1.0000e-12 2.3063e+03    166.011    13.6478    38.6716    29.1039 0.0000e+00
    751.000    13.7607     0.1797    98.7035 1.0000e-12 2.3063e+03    166.067    13.6478    38.6717    29.1039 0.0000e+00
    752.000    13.7607     0.1816    98.6994 1.0000e-12 2.3068e+03    166.649    13.6477    38.6716    29.1039 0.0000e+00
    753.000    13.7608     0.1844    98.6984 1.0000e-12 2.3058e+03    166.847    13.6476    38.6716    29.1039 0.0000e+00
    754.000    13.7609     0.1843    98.6981 1.0000e-12 2.3116e+03    166.536    13.6476    38.6716    29.1040 0.0000e+00
    755.000    13.7611     0.1843    98.7026 1.0000e-12 2.3099e+03    166.264    13.6476    38.6717    29.1040 0.0000e+00
    756.000    13.7610     0.1856    98.7002 1.0000e-12 2.3050e+03    166.311    13.6474    38.6716    29.1039 0.0000e+00
    757.000    13.7609     0.1870    98.6943 1.0000e-12 2.3091e+03    166.452    13.6471    38.6716    29.1040 0.0000e+00
    758.000    13.7612     0.1870    98.6905 1.0000e-12 2.3044e+03    166.328    13.6473    38.6714    29.1039 0.0000e+00
    759.000    13.7613     0.1850    98.6901 1.0000e-12 2.3070e+03    166.364    13.6472    38.6714    29.1039 0.0000e+00
    760.000    13.7615     0.1801    98.6970 1.0000e-12 2.3058e+03    166.448    13.6472    38.6713    29.1038 0.0000e+00
    761.000    13.7615     0.1816    98.7006 1.0000e-12 2.3058e+03    166.530    13.6471    38.6714    29.1039 0.0000e+00
    762.000    13.7617     0.1842    98.6995 1.0000e-12 2.3070e+03    166.391    13.6472    38.6714    29.1039 0.0000e+00
    763.000    13.7620     0.1865    98.6995 1.0000e-12 2.3053e+03    166.268    13.6473    38.6713    29.1038 0.0000e+00
    764.000    13.7621     0.1812    98.7002 1.0000e-12 2.3046e+03    166.358    13.6473    38.6714    29.1039 0.0000e+00
    765.000    13.7622     0.1788    98.6959 1.0000e-12 2.3023e+03    166.797    13.6472    38.6714    29.1039 0.0000e+00
    766.000    13.7624     0.1840    98.6922 1.0000e-12 2.3012e+03    166.458    13.6472    38.6715    29.1039 0.0000e+00
    767.000    13.7625     0.1836    98.7015 1.0000e-12 2.3037e+03    166.202    13.6472    38.6714    29.1039 0.0000e+00
    768.000    13.7626     0.1832    98.7024 1.0000e-12 2.3061e+03    166.045    13.6472    38.6715    29.1039 0.0000e+00
    769.000    13.7628     0.1828    98.6914 1.0000e-12 2.3037e+03    165.988    13.6472    38.6714    29.1039 0.0000e+00
    770.000    13.7629     0.1855    98.7005 1.0000e-12 2.3077e+03    166.499    13.6472    38.6714    29.1039 0.0000e+00
    771.000    13.7632     0.1815    98.6959 1.0000e-12 2.3028e+03    166.676    13.6472    38.6715    29.1039 0.0000e+00
    772.000    13.7635     0.1782    98.6916 1.0000e-12 2.3035e+03    166.430    13.6474    38.6715    29.1039 0.0000e+00
    773.000    13.7636     0.1803    98.6863 1.0000e-12 2.3052e+03    166.372    13.6474    38.6716    29.1040 0.0000e+00
    774.000    13.7637     0.1798    98.6966 1.0000e-12 2.3029e+03    166.390    13.6473    38.6715    29.1039 0.0000e+00
    775.000    13.7639     0.1808    98.6942 1.0000e-12 2.3045e+03    166.500    13.6474    38.6714    29.1039 0.0000e+00
    776.000    13.7640     0.1835    98.6942 1.0000e-12 2.3063e+03    166.688    13.6473    38.6714    29.1039 0.0000e+00
    777.000    13.7642     0.1853    98.7007 1.0000e-12 2.3043e+03    166.935    13.6473    38.6714    29.1038 0.0000e+00
    778.000    13.7642     0.1810    98.6976 1.0000e-12 2.3069e+03    166.718    13.6472    38.6715    29.1039 0.0000e+00
    779.000    13.7644     0.1775    98.7022 1.0000e-12 2.3119e+03    166.254    13.6472    38.6715    29.1039 0.0000e+00
    780.000    13.7643     0.1823    98.6930 1.0000e-12 2.3059e+03    166.054    13.6470    38.6714    29.1040 0.0000e+00
    781.000    13.7645     0.1821    98.7011 1.0000e-12 2.3058e+03    166.050    13.6470    38.6714    29.1039 0.0000e+00
    782.000    13.7647     0.1800    98.6924 1.0000e-12 2.3046e+03    166.086    13.6470    38.6714    29.1039 0.0000e+00
    783.000    13.7649     0.1795    98.6965 1.0000e-12 2.3055e+03    166.321    13.6471    38.6714    29.1039 0.0000e+00
    784.000    13.7651     0.1801    98.7021 1.0000e-12 2.3086e+03    166.556    13.6472    38.6714    29.1038 0.0000e+00
    785.000    13.7654     0.1819    98.6995 1.0000e-12 2.3033e+03    166.283    13.6473    38.6714    29.1038 0.0000e+00
    786.000    13.7655     0.1829    98.6909 1.0000e-12 2.3026e+03    166.077    13.6473    38.6714    29.1039 0.0000e+00
