Data/ruptures/PEACETIME/TYR/PEACETIME_TYR_CTD_016.cnv
* Sea-Bird SBE 9 Data File:
* FileName = C:\CTD\rawCTD\PEACETIME_TYR_CTD_016.hdr
* Software Version Seasave V 7.23.2
* Temperature SN = 1378
* Conductivity SN = 2929
* Number of Bytes Per Scan = 34
* Number of Voltage Words = 5
* Number of Scans Averaged by the Deck Unit = 1
* NMEA Latitude = 39 20.44 N
* NMEA Longitude = 012 35.72 E
* NMEA UTC (Time) = May 17 2017  09:54:53
* NMEA baud rate = 4800
** Cruise:   PEACETIME
** Station:   TYR_CTD_016
# nquan = 11
# nvalues = 3438                        
# units = specified
# name 0 = prDM: Pressure, Digiquartz [db]
# name 1 = t090C: Temperature [ITS-90, deg C]
# name 2 = flC: Fluorescence, Chelsea Aqua 3 Chl Con [ug/l]
# name 3 = CStarTr0: Beam Transmission, WET Labs C-Star [%]
# name 4 = par: PAR/Irradiance, Biospherical/Licor
# name 5 = spar: SPAR/Surface Irradiance
# name 6 = sbeox0Mm/Kg: Oxygen, SBE 43 [umol/kg]
# name 7 = potemp090C: Potential Temperature [ITS-90, deg C]
# name 8 = sal00: Salinity, Practical [PSU]
# name 9 = sigma-é00: Density [sigma-theta, kg/m^3]
# name 10 = flag:
# span 0 =      2.000,   3439.000       
# span 1 =    13.3931,    19.8015       
# span 2 =     0.1721,     0.3246       
# span 3 =    95.8202,    98.8171       
# span 4 = -1.516e-05, 1.5662e+03       
# span 5 = 2.2676e+03, 2.2984e+03       
# span 6 =    164.431,    238.508       
# span 7 =    12.9666,    19.8010       
# span 8 =    37.8945,    38.8239       
# span 9 =    27.0792,    29.1131       
# span 10 = 0.0000e+00, 0.0000e+00      
# interval = decibars: 1                
# start_time = May 17 2017 09:54:53 [NMEA time, header]
# bad_flag = -9.990e-29
*END*
[from data line 3279]
   3281.000    13.4940     0.1885 -9.990e-29 3.3142e-04 2.2736e+03    174.571    12.9701    38.4974    29.1116 0.0000e+00
   3282.000    13.4942     0.1920 -9.990e-29 -2.463e-06 2.2731e+03    174.328    12.9701    38.4974    29.1116 0.0000e+00
   3283.000    13.4943     0.1962 -9.990e-29 2.5245e-04 2.2715e+03    174.223    12.9700    38.4973    29.1116 0.0000e+00
   3284.000    13.4945     0.1949 -9.990e-29 2.6525e-04 2.2775e+03    174.309    12.9700    38.4973    29.1116 0.0000e+00
   3285.000    13.4947     0.1910 -9.990e-29 -2.968e-06 2.2719e+03    174.518    12.9700    38.4973    29.1116 0.0000e+00
   3286.000    13.4949     0.1922 -9.990e-29 1.0000e-12 2.2706e+03    174.252    12.9701    38.4972    29.1115 0.0000e+00
   3287.000    13.4949     0.1883 -9.990e-29 2.3110e-06 2.2751e+03    174.288    12.9700    38.4973    29.1116 0.0000e+00
   3288.000    13.4951     0.1879 -9.990e-29 2.2303e-06 2.2758e+03    174.593    12.9699    38.4972    29.1116 0.0000e+00
   3289.000    13.4952     0.1925 -9.990e-29 2.4280e-06 2.2696e+03    174.714    12.9699    38.4973    29.1116 0.0000e+00
   3290.000    13.4954     0.1914 -9.990e-29 -9.990e-29 2.2778e+03    174.555    12.9699    38.4973    29.1116 0.0000e+00
   3291.000    13.4956     0.1927 -9.990e-29 -9.990e-29 2.2747e+03    174.686    12.9700    38.4973    29.1116 0.0000e+00
   3292.000    13.4958     0.1947 -9.990e-29 -9.990e-29 2.2693e+03    174.690    12.9699    38.4973    29.1116 0.0000e+00
   3293.000    13.4958     0.1927 -9.990e-29 1.0000e-12 2.2726e+03    174.548    12.9698    38.4973    29.1116 0.0000e+00
   3294.000    13.4960     0.1977 -9.990e-29 1.3761e-03 2.2706e+03    174.457    12.9698    38.4974    29.1117 0.0000e+00
   3295.000    13.4962     0.1933 -9.990e-29 1.3085e-03 2.2719e+03    174.546    12.9699    38.4972    29.1116 0.0000e+00
   3296.000    13.4964     0.1900 -9.990e-29 1.0072e-03 2.2759e+03    174.519    12.9698    38.4973    29.1116 0.0000e+00
   3297.000    13.4965     0.1906 -9.990e-29 2.4107e-04 2.2730e+03    174.652    12.9698    38.4972    29.1116 0.0000e+00
   3298.000    13.4966     0.1951 -9.990e-29 2.4324e-03 2.2741e+03    174.350    12.9697    38.4973    29.1117 0.0000e+00
   3299.000    13.4968     0.2005 -9.990e-29 1.7670e-03 2.2740e+03    174.176    12.9698    38.4973    29.1116 0.0000e+00
   3300.000    13.4970     0.2027 -9.990e-29 2.2634e-03 2.2751e+03    174.406    12.9697    38.4973    29.1116 0.0000e+00
   3301.000    13.4970     0.2051 -9.990e-29 4.1268e-04 2.2720e+03    174.459    12.9696    38.4974    29.1118 0.0000e+00
   3302.000    13.4973     0.2059 -9.990e-29 4.5810e-04 2.2743e+03    174.329    12.9697    38.4973    29.1116 0.0000e+00
   3303.000    13.4974     0.1999 -9.990e-29 5.4585e-05 2.2769e+03    174.627    12.9696    38.4973    29.1117 0.0000e+00
   3304.000    13.4976     0.1937 -9.990e-29 2.2200e-03 2.2766e+03    174.455    12.9696    38.4973    29.1117 0.0000e+00
   3305.000    13.4978     0.1946 -9.990e-29 5.2379e-04 2.2738e+03    174.467    12.9696    38.4972    29.1116 0.0000e+00
   3306.000    13.4979     0.1971 -9.990e-29 1.9310e-04 2.2721e+03    174.316    12.9696    38.4973    29.1117 0.0000e+00
   3307.000    13.4981     0.1926 -9.990e-29 4.1784e-04 2.2694e+03    174.468    12.9696    38.4973    29.1117 0.0000e+00
   3308.000    13.4982     0.1988 -9.990e-29 4.7424e-04 2.2765e+03    174.469    12.9695    38.4972    29.1116 0.0000e+00
   3309.000    13.4983     0.1950 -9.990e-29 2.5199e-04 2.2769e+03    174.711    12.9695    38.4972    29.1117 0.0000e+00
   3310.000    13.4984     0.1898 -9.990e-29 6.4300e-04 2.2754e+03    174.774    12.9694    38.4972    29.1117 0.0000e+00
   3311.000    13.4986     0.1902 -9.990e-29 1.2269e-04 2.2767e+03    175.034    12.9694    38.4972    29.1117 0.0000e+00
   3312.000    13.4988     0.1905 -9.990e-29 1.1301e-03 2.2734e+03    174.651    12.9694    38.4973    29.1117 0.0000e+00
   3313.000    13.4989     0.1890    98.7052 1.0742e-03 2.2768e+03    174.385    12.9693    38.4972    29.1117 0.0000e+00
   3314.000    13.4991     0.1925    98.7058 2.2891e-05 2.2738e+03    174.282    12.9694    38.4971    29.1116 0.0000e+00
   3315.000    13.4992     0.1927    98.6977 3.9023e-04 2.2751e+03    174.447    12.9693    38.4971    29.1116 0.0000e+00
   3316.000    13.4993     0.1926    98.7047 4.0155e-05 2.2779e+03    174.299    12.9692    38.4972    29.1117 0.0000e+00
   3317.000    13.4995     0.1939    98.7016 5.2764e-04 2.2767e+03    174.139    12.9693    38.4972    29.1117 0.0000e+00
   3318.000    13.4997     0.1969    98.6985 1.1221e-03 2.2724e+03    174.391    12.9692    38.4972    29.1117 0.0000e+00
   3319.000    13.4998     0.1875    98.7047 8.6035e-04 2.2740e+03    174.408    12.9691    38.4972    29.1117 0.0000e+00
   3320.000    13.5001     0.1823    98.6977 4.9117e-04 2.2751e+03    174.470    12.9692    38.4971    29.1116 0.0000e+00
   3321.000    13.5001     0.1877    98.7078 1.4611e-03 2.2757e+03    174.426    12.9691    38.4972    29.1117 0.0000e+00
   3322.000    13.5003     0.1926 -9.990e-29 2.2449e-03 2.2730e+03    174.412    12.9691    38.4971    29.1116 0.0000e+00
   3323.000    13.5004     0.2008 -9.990e-29 1.1345e-03 2.2719e+03    174.523    12.9690    38.4971    29.1116 0.0000e+00
   3324.000    13.5006     0.2008 -9.990e-29 8.8807e-04 2.2770e+03    174.367    12.9691    38.4972    29.1117 0.0000e+00
   3325.000    13.5008     0.1967    98.7026 7.3314e-04 2.2727e+03    174.195    12.9691    38.4972    29.1117 0.0000e+00
   3326.000    13.5010     0.1961    98.7008 1.4474e-04 2.2740e+03    174.219    12.9691    38.4971    29.1116 0.0000e+00
   3327.000    13.5012     0.1967    98.7047 5.0924e-04 2.2761e+03    174.535    12.9691    38.4972    29.1117 0.0000e+00
   3328.000    13.5014     0.1959    98.7038 3.0224e-04 2.2755e+03    174.670    12.9691    38.4971    29.1116 0.0000e+00
   3329.000    13.5014     0.1925    98.6981 2.6949e-04 2.2749e+03    174.692    12.9690    38.4971    29.1117 0.0000e+00
   3330.000    13.5016     0.1950 -9.990e-29 2.3473e-03 2.2769e+03    174.519    12.9690    38.4972    29.1117 0.0000e+00
   3331.000    13.5017     0.1946 -9.990e-29 1.5547e-03 2.2729e+03    174.330    12.9690    38.4972    29.1117 0.0000e+00
   3332.000    13.5019     0.1982 -9.990e-29 1.6208e-03 2.2723e+03    174.282    12.9690    38.4972    29.1117 0.0000e+00
   3333.000    13.5021     0.2018    98.6982 4.6148e-04 2.2730e+03    174.242    12.9690    38.4970    29.1116 0.0000e+00
   3334.000    13.5022     0.1977    98.7038 7.2991e-04 2.2724e+03    174.236    12.9689    38.4971    29.1116 0.0000e+00
   3335.000    13.5022     0.1970    98.7036 1.5851e-03 2.2744e+03    174.436    12.9688    38.4971    29.1117 0.0000e+00
   3336.000    13.5024     0.1971    98.6952 1.0442e-03 2.2758e+03    174.728    12.9687    38.4970    29.1117 0.0000e+00
   3337.000    13.5025     0.1959    98.6958 9.3293e-04 2.2740e+03    174.268    12.9687    38.4972    29.1118 0.0000e+00
   3338.000    13.5027     0.1931    98.7017 2.0437e-04 2.2774e+03    174.134    12.9687    38.4970    29.1116 0.0000e+00
   3339.000    13.5029     0.1937    98.7018 6.3806e-04 2.2734e+03    174.304    12.9687    38.4970    29.1116 0.0000e+00
   3340.000    13.5028     0.1999    98.7068 1.1605e-03 2.2733e+03    174.618    12.9685    38.4970    29.1117 0.0000e+00
   3341.000    13.5029     0.1931    98.7026 1.3344e-03 2.2783e+03    174.660    12.9684    38.4971    29.1118 0.0000e+00
   3342.000    13.5032     0.1913    98.7013 1.3949e-03 2.2771e+03    174.542    12.9685    38.4970    29.1117 0.0000e+00
   3343.000    13.5034     0.1926    98.6978 1.5668e-03 2.2728e+03    174.518    12.9685    38.4971    29.1117 0.0000e+00
   3344.000    13.5036     0.1946    98.7028 9.7924e-04 2.2740e+03    174.352    12.9685    38.4971    29.1117 0.0000e+00
   3345.000    13.5034     0.1915    98.7078 5.7111e-04 2.2730e+03    174.387    12.9682    38.4969    29.1117 0.0000e+00
   3346.000    13.5036     0.1864 -9.990e-29 2.0681e-03 2.2756e+03    174.522    12.9682    38.4969    29.1117 0.0000e+00
   3347.000    13.5038     0.1862 -9.990e-29 1.0939e-03 2.2751e+03    174.637    12.9682    38.4969    29.1116 0.0000e+00
   3348.000    13.5038     0.1912 -9.990e-29 2.3053e-03 2.2762e+03    174.767    12.9680    38.4969    29.1117 0.0000e+00
   3349.000    13.5040     0.1948 -9.990e-29 1.3758e-03 2.2771e+03    174.616    12.9680    38.4969    29.1117 0.0000e+00
   3350.000    13.5043     0.1913 -9.990e-29 4.8295e-04 2.2758e+03    174.458    12.9681    38.4968    29.1116 0.0000e+00
   3351.000    13.5044     0.1889 -9.990e-29 1.9136e-04 2.2742e+03    174.740    12.9681    38.4969    29.1117 0.0000e+00
   3352.000    13.5045     0.1859 -9.990e-29 4.7597e-04 2.2759e+03    174.733    12.9680    38.4969    29.1117 0.0000e+00
   3353.000    13.5047     0.1868 -9.990e-29 2.1789e-07 2.2794e+03    174.677    12.9680    38.4968    29.1116 0.0000e+00
   3354.000    13.5048     0.1845 -9.990e-29 6.5232e-04 2.2722e+03    174.589    12.9680    38.4968    29.1116 0.0000e+00
   3355.000    13.5049     0.1920 -9.990e-29 9.2408e-04 2.2732e+03    174.732    12.9679    38.4968    29.1116 0.0000e+00
   3356.000    13.5051     0.1911    98.7013 5.5233e-04 2.2710e+03    174.369    12.9679    38.4969    29.1117 0.0000e+00
   3357.000    13.5054     0.1974    98.7058 4.0497e-04 2.2740e+03    174.399    12.9680    38.4969    29.1117 0.0000e+00
   3358.000    13.5055     0.1926    98.6933 3.2004e-05 2.2759e+03    174.420    12.9679    38.4968    29.1117 0.0000e+00
   3359.000    13.5057     0.1908    98.6974 4.5282e-04 2.2731e+03    174.293    12.9679    38.4968    29.1117 0.0000e+00
   3360.000    13.5058     0.1889    98.6988 1.3882e-03 2.2731e+03    174.591    12.9679    38.4969    29.1117 0.0000e+00
   3361.000    13.5059     0.1915    98.6968 7.1505e-04 2.2758e+03    174.498    12.9679    38.4969    29.1117 0.0000e+00
   3362.000    13.5061     0.1942    98.6964 2.3367e-04 2.2746e+03    174.471    12.9679    38.4968    29.1117 0.0000e+00
   3363.000    13.5063     0.1950    98.6890 1.0979e-03 2.2741e+03    174.413    12.9678    38.4968    29.1116 0.0000e+00
   3364.000    13.5063     0.1933    98.6965 3.6836e-04 2.2731e+03    174.342    12.9677    38.4969    29.1117 0.0000e+00
   3365.000    13.5064     0.1921    98.6943 2.5714e-04 2.2710e+03    174.398    12.9676    38.4968    29.1117 0.0000e+00
   3366.000    13.5064     0.1960    98.6974 5.4702e-04 2.2746e+03    174.401    12.9674    38.4967    29.1116 0.0000e+00
   3367.000    13.5066     0.1938    98.6893 2.4909e-06 2.2744e+03    174.618    12.9675    38.4967    29.1117 0.0000e+00
   3368.000    13.5066     0.1924    98.6849 3.0560e-04 2.2740e+03    174.764    12.9673    38.4967    29.1117 0.0000e+00
   3369.000    13.5068     0.1963    98.6863 6.1498e-04 2.2754e+03    174.648    12.9673    38.4967    29.1117 0.0000e+00
   3370.000    13.5071     0.1947    98.6922 1.0412e-03 2.2726e+03    174.408    12.9674    38.4966    29.1116 0.0000e+00
   3371.000    13.5072     0.1948    98.6905 1.0584e-03 2.2706e+03    174.490    12.9673    38.4967    29.1116 0.0000e+00
   3372.000    13.5072     0.1978    98.6916 8.4905e-04 2.2702e+03    174.649    12.9672    38.4966    29.1117 0.0000e+00
   3373.000    13.5074     0.1972    98.6849 5.1742e-04 2.2768e+03    174.713    12.9672    38.4965    29.1116 0.0000e+00
   3374.000    13.5075     0.1999    98.6960 1.1701e-03 2.2740e+03    174.651    12.9671    38.4966    29.1117 0.0000e+00
   3375.000    13.5077     0.1986    98.6937 2.6450e-03 2.2729e+03    174.505    12.9672    38.4967    29.1117 0.0000e+00
   3376.000    13.5079     0.1929    98.6891 7.7409e-04 2.2749e+03    174.353    12.9671    38.4967    29.1117 0.0000e+00
   3377.000    13.5080     0.1916    98.6905 8.5753e-04 2.2719e+03    174.415    12.9671    38.4967    29.1117 0.0000e+00
   3378.000    13.5080     0.1941    98.6912 8.3341e-04 2.2742e+03    174.451    12.9670    38.4967    29.1118 0.0000e+00
   3379.000    13.5082     0.1930    98.6883 6.8971e-05 2.2743e+03    174.551    12.9670    38.4966    29.1117 0.0000e+00
   3380.000    13.5086     0.1963    98.6872 4.3660e-04 2.2713e+03    174.588    12.9671    38.4967    29.1117 0.0000e+00
   3381.000    13.5087     0.1938    98.6894 3.6256e-06 2.2748e+03    174.543    12.9671    38.4966    29.1117 0.0000e+00
   3382.000    13.5087     0.1892    98.6735 1.8012e-04 2.2742e+03    174.299    12.9669    38.4966    29.1117 0.0000e+00
   3383.000    13.5089     0.1962    98.6860 1.8157e-03 2.2724e+03    174.449    12.9669    38.4965    29.1117 0.0000e+00
   3384.000    13.5090     0.1981    98.6849 3.9011e-04 2.2699e+03    174.677    12.9669    38.4966    29.1117 0.0000e+00
   3385.000    13.5092     0.1966    98.6818 3.2521e-06 2.2733e+03    174.635    12.9669    38.4966    29.1117 0.0000e+00
   3386.000    13.5095     0.1926 -9.990e-29 4.0489e-05 2.2716e+03    174.776    12.9670    38.4965    29.1116 0.0000e+00
   3387.000    13.5096     0.1881 -9.990e-29 1.3947e-04 2.2735e+03    174.558    12.9669    38.4966    29.1117 0.0000e+00
   3388.000    13.5098     0.1891 -9.990e-29 8.6276e-05 2.2688e+03    174.337    12.9669    38.4966    29.1117 0.0000e+00
   3389.000    13.5100     0.1897 -9.990e-29 6.2254e-05 2.2718e+03    174.121    12.9670    38.4966    29.1117 0.0000e+00
   3390.000    13.5101     0.1882 -9.990e-29 7.9014e-05 2.2742e+03    174.492    12.9669    38.4967    29.1118 0.0000e+00
   3391.000    13.5103     0.1855 -9.990e-29 8.1178e-04 2.2714e+03    174.677    12.9669    38.4967    29.1118 0.0000e+00
   3392.000    13.5105     0.1893 -9.990e-29 1.0720e-03 2.2743e+03    174.585    12.9669    38.4966    29.1117 0.0000e+00
   3393.000    13.5107     0.1959 -9.990e-29 -1.516e-05 2.2763e+03    174.575    12.9669    38.4966    29.1116 0.0000e+00
   3394.000    13.5109     0.1942 -9.990e-29 1.4215e-04 2.2761e+03    174.539    12.9669    38.4967    29.1118 0.0000e+00
   3395.000    13.5110     0.1913 -9.990e-29 5.9509e-05 2.2743e+03    174.571    12.9669    38.4966    29.1117 0.0000e+00
   3396.000    13.5110     0.1957 -9.990e-29 1.4235e-04 2.2757e+03    174.630    12.9667    38.4966    29.1117 0.0000e+00
   3397.000    13.5113     0.1946 -9.990e-29 3.0746e-06 2.2738e+03    174.724    12.9669    38.4966    29.1117 0.0000e+00
   3398.000    13.5115     0.1937 -9.990e-29 2.5496e-06 2.2758e+03    174.863    12.9669    38.4966    29.1117 0.0000e+00
   3399.000    13.5116     0.1922 -9.990e-29 4.3240e-08 2.2711e+03    174.673    12.9668    38.4967    29.1118 0.0000e+00
   3400.000    13.5117     0.1859 -9.990e-29 2.5029e-06 2.2761e+03    174.494    12.9667    38.4968    29.1119 0.0000e+00
   3401.000    13.5120     0.1874 -9.990e-29 2.2310e-06 2.2745e+03    174.463    12.9668    38.4967    29.1118 0.0000e+00
   3402.000    13.5122     0.1949 -9.990e-29 7.4415e-05 2.2724e+03    174.251    12.9668    38.4967    29.1118 0.0000e+00
   3403.000    13.5124     0.1870 -9.990e-29 1.2813e-04 2.2767e+03    174.237    12.9668    38.4966    29.1117 0.0000e+00
   3404.000    13.5125     0.1847 -9.990e-29 4.6044e-04 2.2711e+03    174.139    12.9668    38.4967    29.1118 0.0000e+00
   3405.000    13.5127     0.1885 -9.990e-29 2.2716e-04 2.2738e+03    174.472    12.9668    38.4966    29.1117 0.0000e+00
   3406.000    13.5129     0.1969 -9.990e-29 4.0645e-04 2.2774e+03    174.796    12.9668    38.4966    29.1117 0.0000e+00
   3407.000    13.5130     0.1925 -9.990e-29 6.8336e-04 2.2722e+03    174.410    12.9667    38.4966    29.1117 0.0000e+00
   3408.000    13.5132     0.1982 -9.990e-29 4.1191e-04 2.2738e+03    174.206    12.9667    38.4966    29.1117 0.0000e+00
   3409.000    13.5134     0.1953    98.6858 2.8673e-04 2.2730e+03    174.349    12.9668    38.4965    29.1117 0.0000e+00
   3410.000    13.5136     0.1923    98.6843 2.8442e-04 2.2754e+03    174.456    12.9668    38.4965    29.1116 0.0000e+00
