Data/ruptures/PEACETIME/TYR/PEACETIME_TYR_CTD_025.cnv
* Sea-Bird SBE 9 Data File:
* FileName = C:\CTD\rawCTD\PEACETIME_TYR_CTD_025.hdr
* Software Version Seasave V 7.23.2
* Temperature SN = 1378
* Conductivity SN = 2929
* Number of Bytes Per Scan = 34
* Number of Voltage Words = 5
* Number of Scans Averaged by the Deck Unit = 1
* NMEA Latitude = 39 20.37 N
* NMEA Longitude = 012 35.57 E
* NMEA UTC (Time) = May 20 2017  02:45:16
* NMEA baud rate = 4800
** Cruise:   PEACETIME
** Station:   TYR_CTD_025
# nquan = 11
# nvalues = 499                         
# units = specified
# name 0 = prDM: Pressure, Digiquartz [db]
# name 1 = t090C: Temperature [ITS-90, deg C]
# name 2 = flC: Fluorescence, Chelsea Aqua 3 Chl Con [ug/l]
# name 3 = CStarTr0: Beam Transmission, WET Labs C-Star [%]
# name 4 = par: PAR/Irradiance, Biospherical/Licor
# name 5 = spar: SPAR/Surface Irradiance
# name 6 = sbeox0Mm/Kg: Oxygen, SBE 43 [umol/kg]
# name 7 = potemp090C: Potential Temperature [ITS-90, deg C]
# name 8 = sal00: Salinity, Practical [PSU]
# name 9 = sigma-é00: Density [sigma-theta, kg/m^3]
# name 10 = flag:
# span 0 =      3.000,    501.000       
# span 1 =    14.2017,    19.7395       
# span 2 =     0.1786,     0.4067       
# span 3 =    96.0807,    98.6003       
# span 4 = -2.121e-05, 2.3332e-01       
# span 5 = 1.1203e+00, 5.3022e+00       
# span 6 =    166.004,    243.219       
# span 7 =    14.1255,    19.7377       
# span 8 =    37.9132,    38.8245       
# span 9 =    27.0905,    29.0847       
# span 10 = 0.0000e+00, 0.0000e+00      
# interval = decibars: 1                
# start_time = May 20 2017 02:45:16 [NMEA time, header]
# bad_flag = -9.990e-29
*END*
      3.000    19.7312     0.2105    96.9719 2.3332e-01 2.3337e+00    220.536    19.7306    37.9584    27.0923 0.0000e+00
      4.000    19.7269     0.2051    96.9637 1.6048e-01 3.7563e+00    219.916    19.7261    37.9589    27.0939 0.0000e+00
      5.000    19.7273     0.2019    96.9602 1.0628e-01 2.0746e+00    219.689    19.7263    37.9589    27.0938 0.0000e+00
      6.000    19.7290     0.1982    96.9718 7.4534e-02 3.2823e+00    219.878    19.7279    37.9589    27.0934 0.0000e+00
      7.000    19.7287     0.1995    96.9808 6.7072e-02 2.9811e+00    219.872    19.7274    37.9589    27.0935 0.0000e+00
      8.000    19.7330     0.2013    96.9719 5.1073e-02 3.2150e+00    219.181    19.7315    37.9588    27.0924 0.0000e+00
      9.000    19.7367     0.1956    96.9678 3.0261e-02 2.4813e+00    219.559    19.7351    37.9587    27.0913 0.0000e+00
     10.000    19.7395     0.1981    96.9802 3.4671e-02 2.8534e+00    219.363    19.7377    37.9586    27.0905 0.0000e+00
     11.000    19.7379     0.2003    96.9655 1.7536e-02 2.6476e+00    219.424    19.7358    37.9586    27.0910 0.0000e+00
     12.000    19.7324     0.2017    96.9599 1.7696e-02 1.7717e+00    219.808    19.7301    37.9583    27.0923 0.0000e+00
     13.000    19.7318     0.1994    96.9845 1.0348e-02 3.2204e+00    219.814    19.7294    37.9580    27.0923 0.0000e+00
     14.000    19.7153     0.1979    96.9839 6.2158e-03 2.8675e+00    219.014    19.7127    37.9571    27.0961 0.0000e+00
     15.000    19.6846     0.1961    96.9806 4.6022e-03 3.3013e+00    219.347    19.6818    37.9556    27.1031 0.0000e+00
     16.000    19.6397     0.2030    96.9800 8.3715e-04 2.8739e+00    220.878    19.6368    37.9547    27.1143 0.0000e+00
     17.000    19.6202     0.1978    96.9842 7.1556e-04 2.7625e+00    220.811    19.6170    37.9519    27.1174 0.0000e+00
     18.000    19.5084     0.1963    96.9894 -2.121e-05 3.5336e+00    220.462    19.5051    37.9553    27.1496 0.0000e+00
     19.000    19.2622     0.2005    96.9882 1.0000e-12 3.5091e+00    219.305    19.2588    37.9621    27.2196 0.0000e+00
     20.000    18.2815     0.1995    97.0439 1.0000e-12 4.0391e+00    219.881    18.2780    37.9584    27.4693 0.0000e+00
     21.000    17.4062     0.2033    97.1322 1.0000e-12 2.8668e+00    227.713    17.4026    37.9259    27.6637 0.0000e+00
     22.000    17.3474     0.1981    97.1737 1.0000e-12 2.0688e+00    230.291    17.3436    37.9180    27.6721 0.0000e+00
     23.000    17.3549     0.2014    97.2188 1.0000e-12 2.2922e+00    231.328    17.3509    37.9172    27.6697 0.0000e+00
     24.000    17.2603     0.1976    97.2300 1.0000e-12 4.0911e+00    230.989    17.2562    37.9132    27.6899 0.0000e+00
     25.000    17.2561     0.1964    97.1977 1.0000e-12 3.4453e+00    232.137    17.2518    37.9699    27.7345 0.0000e+00
     26.000    17.2688     0.1986    97.2025 1.0000e-12 4.4325e+00    232.349    17.2644    37.9725    27.7334 0.0000e+00
     27.000    17.2769     0.1979    97.1976 1.0000e-12 4.1485e+00    232.038    17.2723    37.9842    27.7405 0.0000e+00
     28.000    17.2813     0.1996    97.1957 1.0000e-12 2.9335e+00    232.592    17.2765    38.0045    27.7550 0.0000e+00
     29.000    17.3275     0.2020    97.1916 1.0000e-12 1.8829e+00    232.260    17.3226    38.0107    27.7485 0.0000e+00
     30.000    17.3633     0.1972    97.1645 1.0000e-12 4.6221e+00    231.028    17.3582    38.0530    27.7722 0.0000e+00
     31.000    17.2332     0.2009    97.1019 1.0000e-12 2.6096e+00    231.811    17.2279    38.1083    27.8467 0.0000e+00
     32.000    17.2301     0.2019    97.1134 1.0000e-12 2.9697e+00    232.278    17.2247    38.1266    27.8616 0.0000e+00
     33.000    17.2405     0.2011    97.1172 1.0000e-12 3.4690e+00    231.592    17.2349    38.1184    27.8527 0.0000e+00
     34.000    17.1467     0.2026    97.0665 1.0000e-12 2.9213e+00    231.092    17.1410    38.1162    27.8740 0.0000e+00
     35.000    17.0502     0.2033    96.9786 1.0000e-12 3.0962e+00    232.411    17.0443    38.1167    27.8980 0.0000e+00
     36.000    17.0215     0.2050    96.9351 1.0000e-12 3.2852e+00    233.373    17.0154    38.1266    27.9126 0.0000e+00
     37.000    16.7989     0.2102    96.8667 1.0000e-12 3.0778e+00    234.654    16.7927    38.1295    27.9688 0.0000e+00
     38.000    16.5323     0.2184    96.8319 1.0000e-12 2.3150e+00    237.000    16.5260    38.1340    28.0363 0.0000e+00
     39.000    16.3036     0.2164    96.8057 1.0000e-12 3.8156e+00    239.382    16.2972    38.1446    28.0989 0.0000e+00
     40.000    16.1395     0.2099    96.7103 1.0000e-12 2.5021e+00    240.862    16.1330    38.1931    28.1751 0.0000e+00
     41.000    15.8939     0.2157    96.7330 1.0000e-12 2.5892e+00    240.305    15.8873    38.1719    28.2163 0.0000e+00
     42.000    15.7095     0.2177    96.7153 1.0000e-12 3.5586e+00    241.925    15.7028    38.1742    28.2611 0.0000e+00
     43.000    15.6055     0.2114    96.7652 1.0000e-12 3.0761e+00    243.219    15.5987    38.1773    28.2875 0.0000e+00
     44.000    15.6502     0.2139    96.7924 1.0000e-12 2.5123e+00    238.866    15.6432    38.1785    28.2781 0.0000e+00
     45.000    15.2984     0.2231    96.8727 1.0000e-12 1.3061e+00    239.479    15.2914    38.1704    28.3528 0.0000e+00
     46.000    15.2897     0.2280    96.9395 1.0000e-12 3.7549e+00    241.950    15.2824    38.1991    28.3769 0.0000e+00
     47.000    15.3521     0.2231    96.9414 1.0000e-12 3.3173e+00    240.902    15.3448    38.1934    28.3583 0.0000e+00
     48.000    15.2544     0.2298    97.0585 -9.990e-29 1.7398e+00    241.841    15.2469    38.2240    28.4042 0.0000e+00
     49.000    15.1907     0.2256    97.0199 1.0000e-12 2.5793e+00    242.491    15.1830    38.2234    28.4183 0.0000e+00
     50.000    15.2321     0.2240    97.0536 1.0000e-12 3.6560e+00    242.033    15.2243    38.2229    28.4085 0.0000e+00
     51.000    15.1189     0.2229    97.0674 1.0000e-12 2.1111e+00    241.519    15.1109    38.2260    28.4367 0.0000e+00
     52.000    15.1129     0.2201    97.1157 1.0000e-12 2.5046e+00    242.224    15.1048    38.2314    28.4422 0.0000e+00
     53.000    15.1297     0.2218    97.1217 1.0000e-12 3.9781e+00    242.103    15.1214    38.2304    28.4377 0.0000e+00
     54.000    15.0969     0.2218    97.1700 1.0000e-12 3.5277e+00    241.202    15.0885    38.2300    28.4449 0.0000e+00
     55.000    15.0605     0.2226    97.2392 1.0000e-12 3.2544e+00    239.751    15.0519    38.2288    28.4522 0.0000e+00
     56.000    15.0435     0.2222    97.2257 1.0000e-12 3.0143e+00    239.776    15.0348    38.2284    28.4558 0.0000e+00
     57.000    14.9918     0.2236    97.2016 1.0000e-12 4.5673e+00    238.115    14.9829    38.2273    28.4666 0.0000e+00
     58.000    14.9450     0.2200    97.2582 -9.990e-29 2.9702e+00    238.441    14.9361    38.2377    28.4852 0.0000e+00
     59.000    14.9088     0.2212    97.2673 -9.990e-29 2.8055e+00    237.195    14.8997    38.2389    28.4943 0.0000e+00
     60.000    14.8937     0.2209    97.2879 1.0000e-12 3.5033e+00    236.234    14.8844    38.2400    28.4986 0.0000e+00
     61.000    14.8433     0.2277    97.2245 1.0000e-12 2.4643e+00    233.218    14.8339    38.2382    28.5086 0.0000e+00
     62.000    14.8157     0.2501    96.8482 1.0000e-12 3.6220e+00    230.383    14.8062    38.2407    28.5167 0.0000e+00
     63.000    14.8022     0.2937    96.3532 1.0000e-12 1.9402e+00    230.484    14.7925    38.2420    28.5207 0.0000e+00
     64.000    14.7888     0.3147    96.0807 1.0000e-12 2.4789e+00    230.971    14.7790    38.2423    28.5240 0.0000e+00
     65.000    14.7890     0.3021    96.3115 1.0000e-12 2.8425e+00    231.582    14.7790    38.2431    28.5246 0.0000e+00
     66.000    14.7661     0.2986    96.3240 1.0000e-12 2.7685e+00    230.169    14.7560    38.2451    28.5313 0.0000e+00
     67.000    14.7297     0.3128    96.3083 1.0000e-12 2.4117e+00    230.731    14.7194    38.2476    28.5414 0.0000e+00
     68.000    14.7047     0.2982    96.2685 1.0000e-12 1.9479e+00    231.350    14.6943    38.2516    28.5501 0.0000e+00
     69.000    14.7126     0.2986    96.3827 1.0000e-12 2.7290e+00    229.767    14.7020    38.2514    28.5482 0.0000e+00
     70.000    14.6685     0.2931    96.4427 1.0000e-12 3.0326e+00    224.510    14.6578    38.2643    28.5680 0.0000e+00
     71.000    14.6663     0.3000    96.4120 1.0000e-12 3.5934e+00    222.001    14.6554    38.2731    28.5754 0.0000e+00
     72.000    14.6718     0.3306    96.2180 1.0000e-12 3.3385e+00    223.752    14.6608    38.2695    28.5714 0.0000e+00
     73.000    14.6639     0.3229    96.3570 1.0000e-12 2.3563e+00    219.184    14.6528    38.2837    28.5841 0.0000e+00
     74.000    14.6594     0.3201    96.4351 1.0000e-12 3.0624e+00    217.739    14.6481    38.2883    28.5888 0.0000e+00
     75.000    14.6570     0.3577    96.3127 1.0000e-12 2.8352e+00    217.062    14.6455    38.2922    28.5924 0.0000e+00
     76.000    14.6584     0.3548    96.3621 1.0000e-12 1.4930e+00    216.417    14.6468    38.2913    28.5914 0.0000e+00
     77.000    14.6318     0.3867    96.2552 1.0000e-12 1.6248e+00    213.243    14.6200    38.3016    28.6053 0.0000e+00
     78.000    14.6265     0.4067    96.3223 1.0000e-12 1.7556e+00    212.943    14.6147    38.3039    28.6082 0.0000e+00
     79.000    14.6303     0.3983    96.4153 1.0000e-12 2.0697e+00    212.273    14.6183    38.3049    28.6082 0.0000e+00
     80.000    14.6153     0.3855    96.7026 1.0000e-12 3.1042e+00    209.847    14.6031    38.3137    28.6184 0.0000e+00
     81.000    14.5996     0.3622    96.9411 1.0000e-12 3.1684e+00    208.936    14.5872    38.3176    28.6249 0.0000e+00
     82.000    14.5901     0.3612    97.0582 1.0000e-12 2.3928e+00    207.882    14.5776    38.3215    28.6301 0.0000e+00
     83.000    14.6320     0.3519    97.0306 1.0000e-12 3.0815e+00    203.779    14.6193    38.3449    28.6389 0.0000e+00
     84.000    14.6266     0.3418    97.1524 1.0000e-12 3.9999e+00    202.404    14.6138    38.3492    28.6435 0.0000e+00
     85.000    14.6203     0.3341    97.2232 -9.990e-29 2.6990e+00    202.262    14.6073    38.3465    28.6428 0.0000e+00
     86.000    14.6227     0.3167    97.1767 -9.990e-29 3.2721e+00    199.461    14.6096    38.3629    28.6550 0.0000e+00
     87.000    14.6396     0.3147    97.4265 1.0000e-12 3.0411e+00    196.827    14.6263    38.3873    28.6702 0.0000e+00
     88.000    14.6702     0.3366    97.5004 1.0000e-12 3.1217e+00    194.624    14.6567    38.4059    28.6778 0.0000e+00
     89.000    14.6561     0.2992    97.4591 1.0000e-12 2.6293e+00    195.820    14.6425    38.3922    28.6703 0.0000e+00
     90.000    14.6625     0.2961    97.6027 1.0000e-12 2.5983e+00    192.806    14.6487    38.4133    28.6852 0.0000e+00
     91.000    14.6628     0.2941    97.6458 1.0000e-12 2.6834e+00    191.899    14.6489    38.4180    28.6888 0.0000e+00
     92.000    14.6603     0.2875    97.6896 1.0000e-12 3.3089e+00    191.657    14.6462    38.4224    28.6928 0.0000e+00
     93.000    14.6606     0.2933    97.6137 1.0000e-12 2.8852e+00    192.277    14.6464    38.4140    28.6864 0.0000e+00
     94.000    14.6681     0.2860    97.6500 1.0000e-12 4.5811e+00    190.278    14.6537    38.4286    28.6960 0.0000e+00
     95.000    14.6811     0.2771    97.7883 1.0000e-12 2.0654e+00    187.957    14.6666    38.4543    28.7130 0.0000e+00
     96.000    14.6844     0.2659    97.8577 1.0000e-12 2.6970e+00    187.805    14.6697    38.4628    28.7189 0.0000e+00
     97.000    14.6760     0.2712    97.7490 1.0000e-12 3.1221e+00    189.279    14.6611    38.4403    28.7034 0.0000e+00
     98.000    14.6918     0.2643    97.8972 1.0000e-12 2.2662e+00    186.067    14.6768    38.4745    28.7264 0.0000e+00
     99.000    14.6996     0.2567    97.9195 1.0000e-12 2.8927e+00    184.943    14.6845    38.4839    28.7319 0.0000e+00
    100.000    14.6995     0.2521    97.9474 1.0000e-12 2.0545e+00    185.666    14.6841    38.4848    28.7327 0.0000e+00
    101.000    14.6955     0.2534    97.9516 1.0000e-12 3.8069e+00    185.891    14.6800    38.4799    28.7298 0.0000e+00
    102.000    14.6873     0.2471    98.0219 1.0000e-12 2.7241e+00    185.023    14.6717    38.4942    28.7427 0.0000e+00
    103.000    14.6714     0.2547    97.8932 1.0000e-12 2.5944e+00    187.673    14.6557    38.4665    28.7249 0.0000e+00
    104.000    14.6834     0.2552    97.8753 1.0000e-12 3.8916e+00    188.287    14.6675    38.4538    28.7124 0.0000e+00
    105.000    14.6588     0.2402    97.9484 1.0000e-12 2.0180e+00    187.313    14.6427    38.4721    28.7321 0.0000e+00
    106.000    14.5733     0.2393    98.0672 1.0000e-12 2.8839e+00    188.749    14.5571    38.4734    28.7521 0.0000e+00
    107.000    14.5232     0.2350    98.0957 1.0000e-12 2.5416e+00    189.583    14.5069    38.4837    28.7712 0.0000e+00
    108.000    14.5075     0.2378    98.1367 1.0000e-12 3.0036e+00    189.703    14.4911    38.4822    28.7735 0.0000e+00
    109.000    14.4732     0.2347    98.1402 1.0000e-12 2.9502e+00    191.238    14.4566    38.4798    28.7793 0.0000e+00
    110.000    14.4547     0.2311    98.1542 1.0000e-12 1.8500e+00    191.878    14.4380    38.4785    28.7825 0.0000e+00
    111.000    14.4419     0.2275    98.1720 1.0000e-12 2.3152e+00    191.919    14.4251    38.4785    28.7853 0.0000e+00
    112.000    14.4214     0.2274    98.1783 1.0000e-12 3.2787e+00    192.505    14.4045    38.4751    28.7872 0.0000e+00
    113.000    14.4370     0.2219    98.1888 1.0000e-12 3.8936e+00    191.379    14.4199    38.4887    28.7943 0.0000e+00
    114.000    14.4678     0.2214    98.2233 1.0000e-12 2.9395e+00    190.160    14.4504    38.4971    28.7941 0.0000e+00
    115.000    14.5557     0.2161    98.2882 1.0000e-12 1.8631e+00    185.068    14.5382    38.5486    28.8144 0.0000e+00
    116.000    14.5881     0.2167    98.3181 1.0000e-12 1.7347e+00    183.050    14.5704    38.5617    28.8174 0.0000e+00
    117.000    14.5818     0.2121    98.3240 1.0000e-12 2.9460e+00    183.289    14.5640    38.5611    28.8184 0.0000e+00
    118.000    14.5703     0.2130    98.2930 1.0000e-12 2.1558e+00    183.989    14.5523    38.5576    28.8183 0.0000e+00
    119.000    14.5593     0.2127    98.3044 1.0000e-12 2.9888e+00    183.748    14.5411    38.5524    28.8168 0.0000e+00
    120.000    14.5331     0.2116    98.3235 1.0000e-12 4.7411e+00    184.217    14.5148    38.5492    28.8201 0.0000e+00
    121.000    14.5213     0.2100    98.3208 1.0000e-12 2.4239e+00    183.933    14.5028    38.5511    28.8242 0.0000e+00
    122.000    14.5462     0.2162    98.3120 1.0000e-12 2.6529e+00    183.687    14.5276    38.5654    28.8298 0.0000e+00
    123.000    14.5392     0.2135    98.3010 1.0000e-12 3.7814e+00    183.989    14.5204    38.5513    28.8205 0.0000e+00
    124.000    14.5473     0.2113    98.3046 1.0000e-12 2.2497e+00    182.910    14.5284    38.5653    28.8296 0.0000e+00
    125.000    14.5674     0.2107    98.3192 1.0000e-12 2.6398e+00    182.116    14.5483    38.5824    28.8384 0.0000e+00
    126.000    14.6103     0.2111    98.3371 1.0000e-12 2.8640e+00    181.775    14.5910    38.5940    28.8378 0.0000e+00
    127.000    14.5914     0.2130    98.3137 1.0000e-12 2.8843e+00    182.093    14.5720    38.5844    28.8347 0.0000e+00
    128.000    14.6429     0.2144    98.3037 1.0000e-12 3.6014e+00    181.146    14.6233    38.6130    28.8453 0.0000e+00
    129.000    14.6995     0.2075    98.2988 1.0000e-12 4.2362e+00    179.794    14.6797    38.6344    28.8493 0.0000e+00
    130.000    14.7264     0.2074    98.2891 1.0000e-12 2.6147e+00    179.823    14.7064    38.6464    28.8526 0.0000e+00
    131.000    14.6738     0.2053    98.3173 1.0000e-12 3.4129e+00    180.892    14.6537    38.6207    28.8445 0.0000e+00
    132.000    14.7241     0.2074    98.3187 1.0000e-12 3.8058e+00    180.436    14.7038    38.6529    28.8582 0.0000e+00
    133.000    14.7525     0.2029    98.3176 1.0000e-12 3.3280e+00    179.793    14.7320    38.6665    28.8624 0.0000e+00
