Data/ruptures/PEACETIME/TYR/PEACETIME_TYR_CTD_025.cnv
* Sea-Bird SBE 9 Data File:
* FileName = C:\CTD\rawCTD\PEACETIME_TYR_CTD_025.hdr
* Software Version Seasave V 7.23.2
* Temperature SN = 1378
* Conductivity SN = 2929
* Number of Bytes Per Scan = 34
* Number of Voltage Words = 5
* Number of Scans Averaged by the Deck Unit = 1
* NMEA Latitude = 39 20.37 N
* NMEA Longitude = 012 35.57 E
* NMEA UTC (Time) = May 20 2017  02:45:16
* NMEA baud rate = 4800
** Cruise:   PEACETIME
** Station:   TYR_CTD_025
# nquan = 11
# nvalues = 499                         
# units = specified
# name 0 = prDM: Pressure, Digiquartz [db]
# name 1 = t090C: Temperature [ITS-90, deg C]
# name 2 = flC: Fluorescence, Chelsea Aqua 3 Chl Con [ug/l]
# name 3 = CStarTr0: Beam Transmission, WET Labs C-Star [%]
# name 4 = par: PAR/Irradiance, Biospherical/Licor
# name 5 = spar: SPAR/Surface Irradiance
# name 6 = sbeox0Mm/Kg: Oxygen, SBE 43 [umol/kg]
# name 7 = potemp090C: Potential Temperature [ITS-90, deg C]
# name 8 = sal00: Salinity, Practical [PSU]
# name 9 = sigma-é00: Density [sigma-theta, kg/m^3]
# name 10 = flag:
# span 0 =      3.000,    501.000       
# span 1 =    14.2017,    19.7395       
# span 2 =     0.1786,     0.4067       
# span 3 =    96.0807,    98.6003       
# span 4 = -2.121e-05, 2.3332e-01       
# span 5 = 1.1203e+00, 5.3022e+00       
# span 6 =    166.004,    243.219       
# span 7 =    14.1255,    19.7377       
# span 8 =    37.9132,    38.8245       
# span 9 =    27.0905,    29.0847       
# span 10 = 0.0000e+00, 0.0000e+00      
# interval = decibars: 1                
# start_time = May 20 2017 02:45:16 [NMEA time, header]
# bad_flag = -9.990e-29
*END*
[from data line 263]
    266.000    14.3904     0.1882    98.5517 1.0000e-12 3.9591e+00    167.473    14.3498    38.7613    29.0207 0.0000e+00
    267.000    14.3892     0.1883    98.5517 1.0000e-12 4.7280e+00    166.915    14.3486    38.7614    29.0210 0.0000e+00
    268.000    14.3880     0.1910 -9.990e-29 1.0000e-12 2.8668e+00    166.653    14.3471    38.7611    29.0212 0.0000e+00
    269.000    14.3880     0.1925    98.5300 1.0000e-12 2.9420e+00    167.015    14.3470    38.7610    29.0211 0.0000e+00
    270.000    14.3860     0.1881    98.5411 1.0000e-12 2.4231e+00    167.010    14.3448    38.7611    29.0217 0.0000e+00
    271.000    14.3857     0.1927    98.5518 1.0000e-12 4.0839e+00    167.134    14.3444    38.7615    29.0220 0.0000e+00
    272.000    14.3858     0.1921    98.5517 1.0000e-12 1.6013e+00    167.518    14.3443    38.7619    29.0224 0.0000e+00
    273.000    14.3926     0.1873 -9.990e-29 1.0000e-12 2.3555e+00    167.635    14.3510    38.7645    29.0229 0.0000e+00
    274.000    14.3936     0.1906    98.5525 1.0000e-12 3.8089e+00    167.400    14.3518    38.7655    29.0235 0.0000e+00
    275.000    14.4099     0.1814    98.5528 1.0000e-12 3.3124e+00    167.458    14.3679    38.7727    29.0256 0.0000e+00
    276.000    14.4081     0.1840    98.5640 1.0000e-12 3.2520e+00    167.358    14.3660    38.7726    29.0259 0.0000e+00
    277.000    14.4067     0.1847    98.5568 1.0000e-12 2.7107e+00    167.221    14.3645    38.7719    29.0257 0.0000e+00
    278.000    14.4070     0.1860    98.5546 1.0000e-12 2.5643e+00    167.973    14.3646    38.7720    29.0258 0.0000e+00
    279.000    14.4133     0.1921    98.5482 1.0000e-12 3.7466e+00    167.919    14.3707    38.7757    29.0272 0.0000e+00
    280.000    14.4225     0.1897    98.5532 1.0000e-12 2.2535e+00    167.723    14.3797    38.7795    29.0282 0.0000e+00
    281.000    14.4268     0.1863    98.5592 1.0000e-12 2.1038e+00    168.120    14.3839    38.7815    29.0288 0.0000e+00
    282.000    14.4268     0.1846    98.5579 1.0000e-12 3.9161e+00    168.096    14.3837    38.7815    29.0289 0.0000e+00
    283.000    14.4255     0.1853    98.5617 -9.990e-29 3.1420e+00    167.926    14.3823    38.7810    29.0288 0.0000e+00
    284.000    14.4210     0.1871    98.5535 1.0000e-12 2.1662e+00    168.168    14.3777    38.7806    29.0295 0.0000e+00
    285.000    14.4233     0.1888    98.5573 1.0000e-12 2.4399e+00    167.873    14.3798    38.7823    29.0303 0.0000e+00
    286.000    14.4251     0.1933    98.5592 1.0000e-12 3.4824e+00    168.111    14.3815    38.7828    29.0303 0.0000e+00
    287.000    14.4264     0.1913    98.5653 1.0000e-12 3.4255e+00    168.510    14.3826    38.7833    29.0305 0.0000e+00
    288.000    14.4352     0.1827    98.5620 1.0000e-12 2.5763e+00    168.877    14.3912    38.7872    29.0316 0.0000e+00
    289.000    14.4401     0.1823    98.5540 1.0000e-12 2.3523e+00    168.709    14.3959    38.7892    29.0321 0.0000e+00
    290.000    14.4450     0.1861    98.5517 1.0000e-12 3.1163e+00    169.118    14.4007    38.7914    29.0328 0.0000e+00
    291.000    14.4546     0.1858    98.5517 1.0000e-12 2.7811e+00    168.511    14.4101    38.7966    29.0347 0.0000e+00
    292.000    14.4557     0.1834    98.5517 1.0000e-12 3.7533e+00    168.856    14.4110    38.7966    29.0345 0.0000e+00
    293.000    14.4530     0.1835    98.5517 1.0000e-12 2.6433e+00    169.079    14.4082    38.7956    29.0343 0.0000e+00
    294.000    14.4428     0.1887 -9.990e-29 1.0000e-12 2.7599e+00    169.044    14.3979    38.7939    29.0353 0.0000e+00
    295.000    14.4385     0.1953 -9.990e-29 1.0000e-12 3.3693e+00    168.954    14.3934    38.7931    29.0357 0.0000e+00
    296.000    14.4355     0.1912    98.5517 1.0000e-12 2.9531e+00    168.648    14.3902    38.7926    29.0360 0.0000e+00
    297.000    14.4294     0.1906    98.5517 1.0000e-12 3.3558e+00    168.143    14.3840    38.7906    29.0358 0.0000e+00
    298.000    14.4123     0.1895    98.5517 1.0000e-12 4.8920e+00    167.700    14.3668    38.7877    29.0374 0.0000e+00
    299.000    14.4104     0.1860    98.5548 1.0000e-12 3.8129e+00    167.978    14.3648    38.7877    29.0379 0.0000e+00
    300.000    14.4136     0.1874    98.5545 1.0000e-12 2.2467e+00    167.864    14.3678    38.7883    29.0376 0.0000e+00
    301.000    14.4117     0.1904    98.5609 1.0000e-12 1.9257e+00    167.775    14.3658    38.7882    29.0380 0.0000e+00
    302.000    14.4074     0.1888    98.5591 1.0000e-12 2.9363e+00    167.884    14.3613    38.7876    29.0386 0.0000e+00
    303.000    14.4087     0.1854    98.5631 1.0000e-12 1.9755e+00    167.668    14.3625    38.7881    29.0387 0.0000e+00
    304.000    14.4107     0.1818    98.5583 1.0000e-12 2.5481e+00    168.045    14.3643    38.7882    29.0384 0.0000e+00
    305.000    14.4205     0.1817    98.5638 1.0000e-12 4.1617e+00    168.430    14.3739    38.7937    29.0405 0.0000e+00
    306.000    14.4278     0.1812    98.5587 1.0000e-12 3.5013e+00    168.716    14.3810    38.7961    29.0408 0.0000e+00
    307.000    14.4293     0.1812    98.5599 -9.990e-29 3.3824e+00    168.409    14.3823    38.7962    29.0405 0.0000e+00
    308.000    14.4299     0.1903    98.5548 1.0000e-12 3.2004e+00    168.133    14.3829    38.7967    29.0408 0.0000e+00
    309.000    14.4337     0.1891    98.5619 1.0000e-12 1.8033e+00    168.458    14.3865    38.7987    29.0416 0.0000e+00
    310.000    14.4345     0.1815    98.5620 1.0000e-12 3.4090e+00    168.419    14.3871    38.7992    29.0418 0.0000e+00
    311.000    14.4341     0.1893    98.5681 1.1328e-05 2.3252e+00    168.722    14.3865    38.7986    29.0415 0.0000e+00
    312.000    14.4355     0.1893    98.5624 6.8639e-06 4.5768e+00    168.401    14.3878    38.7997    29.0421 0.0000e+00
    313.000    14.4378     0.1894    98.5669 4.2449e-05 2.5461e+00    168.515    14.3899    38.8006    29.0423 0.0000e+00
    314.000    14.4386     0.1911    98.5658 1.6030e-05 2.5049e+00    168.682    14.3906    38.8008    29.0422 0.0000e+00
    315.000    14.4448     0.1878    98.5604 3.4635e-05 3.6641e+00    169.405    14.3966    38.8038    29.0433 0.0000e+00
    316.000    14.4593     0.1845    98.5651 3.8956e-05 3.1457e+00    169.599    14.4109    38.8102    29.0451 0.0000e+00
    317.000    14.4585     0.1857    98.5576 1.5152e-05 2.7697e+00    169.368    14.4100    38.8091    29.0444 0.0000e+00
    318.000    14.4607     0.1878    98.5593 4.3064e-05 2.9583e+00    169.305    14.4120    38.8114    29.0457 0.0000e+00
    319.000    14.4636     0.1841    98.5544 7.9465e-05 2.0745e+00    169.460    14.4147    38.8125    29.0460 0.0000e+00
    320.000    14.4632     0.1831    98.5630 1.3557e-04 2.5213e+00    169.597    14.4142    38.8127    29.0463 0.0000e+00
    321.000    14.4644     0.1818    98.5543 -9.990e-29 3.2410e+00    169.777    14.4153    38.8139    29.0469 0.0000e+00
    322.000    14.4692     0.1856    98.5544 -9.990e-29 2.6244e+00    169.858    14.4198    38.8170    29.0484 0.0000e+00
    323.000    14.4639     0.1895    98.5518 6.9757e-05 3.5898e+00    169.557    14.4144    38.8169    29.0495 0.0000e+00
    324.000    14.4637     0.1938    98.5517 8.0864e-05 2.1386e+00    169.828    14.4141    38.8165    29.0493 0.0000e+00
    325.000    14.4651     0.1841    98.5517 2.5447e-05 2.9944e+00    169.461    14.4153    38.8174    29.0497 0.0000e+00
    326.000    14.4620     0.1859    98.5517 4.6258e-04 1.1203e+00    169.412    14.4120    38.8172    29.0502 0.0000e+00
    327.000    14.4576     0.1842    98.5517 8.3113e-04 4.6780e+00    169.569    14.4076    38.8164    29.0506 0.0000e+00
    328.000    14.4598     0.1849    98.5517 2.7006e-05 2.2226e+00    169.327    14.4095    38.8166    29.0503 0.0000e+00
    329.000    14.4577     0.1863    98.5517 -9.990e-29 4.4023e+00    169.250    14.4073    38.8167    29.0509 0.0000e+00
    330.000    14.4611     0.1882    98.5517 -9.990e-29 2.6550e+00    169.201    14.4106    38.8186    29.0516 0.0000e+00
    331.000    14.4704     0.1880    98.5517 -9.990e-29 3.1666e+00    170.040    14.4196    38.8222    29.0524 0.0000e+00
    332.000    14.4672     0.1887    98.5517 -9.990e-29 3.1386e+00    170.088    14.4163    38.8202    29.0516 0.0000e+00
    333.000    14.4739     0.1933    98.5517 8.4987e-06 3.5146e+00    170.398    14.4229    38.8241    29.0532 0.0000e+00
    334.000    14.4740     0.1974    98.5517 2.9311e-09 2.2112e+00    170.262    14.4228    38.8244    29.0534 0.0000e+00
    335.000    14.4737     0.1926    98.5517 1.0000e-12 3.1580e+00    170.015    14.4224    38.8245    29.0536 0.0000e+00
    336.000    14.4732     0.1872    98.5517 1.0000e-12 2.4726e+00    170.107    14.4217    38.8240    29.0533 0.0000e+00
    337.000    14.4721     0.1826    98.5517 7.3742e-05 3.0439e+00    169.560    14.4205    38.8241    29.0537 0.0000e+00
    338.000    14.4676     0.1849    98.5517 4.9780e-05 2.2268e+00    170.033    14.4158    38.8234    29.0542 0.0000e+00
    339.000    14.4635     0.1835    98.5517 6.0210e-05 2.9125e+00    169.980    14.4116    38.8229    29.0547 0.0000e+00
    340.000    14.4621     0.1835    98.5517 1.8759e-04 1.7842e+00    169.987    14.4100    38.8231    29.0552 0.0000e+00
    341.000    14.4617     0.1867    98.5517 9.4348e-05 3.2359e+00    169.752    14.4095    38.8230    29.0553 0.0000e+00
    342.000    14.4612     0.1909    98.5517 -1.718e-06 2.9124e+00    169.600    14.4088    38.8231    29.0555 0.0000e+00
    343.000    14.4566     0.1943    98.5517 1.0000e-12 1.7468e+00    169.654    14.4040    38.8222    29.0559 0.0000e+00
    344.000    14.4540     0.1930 -9.990e-29 2.4229e-05 3.3394e+00    170.000    14.4013    38.8217    29.0561 0.0000e+00
    345.000    14.4529     0.1879 -9.990e-29 9.5340e-06 3.5010e+00    169.846    14.4000    38.8214    29.0561 0.0000e+00
    346.000    14.4538     0.1857    98.5517 3.3628e-05 2.5395e+00    169.826    14.4008    38.8212    29.0558 0.0000e+00
    347.000    14.4411     0.1910    98.5517 -9.990e-29 3.2750e+00    169.094    14.3880    38.8181    29.0562 0.0000e+00
    348.000    14.4283     0.1867    98.5517 -9.990e-29 1.8785e+00    168.937    14.3750    38.8154    29.0570 0.0000e+00
    349.000    14.4254     0.1838    98.5517 1.0596e-04 2.5449e+00    169.158    14.3720    38.8149    29.0573 0.0000e+00
    350.000    14.4259     0.1890    98.5517 5.9551e-04 2.7467e+00    168.854    14.3723    38.8145    29.0570 0.0000e+00
    351.000    14.4204     0.1856    98.5517 7.6465e-04 2.6239e+00    168.606    14.3667    38.8142    29.0579 0.0000e+00
    352.000    14.4125     0.1881    98.5517 3.7228e-04 5.1068e+00    168.475    14.3587    38.8129    29.0587 0.0000e+00
    353.000    14.4144     0.1842    98.5517 1.6306e-04 3.3792e+00    168.443    14.3604    38.8132    29.0585 0.0000e+00
    354.000    14.4129     0.1872    98.5517 4.9161e-04 2.5920e+00    168.603    14.3588    38.8127    29.0585 0.0000e+00
    355.000    14.4102     0.1880    98.5517 -1.082e-05 2.0896e+00    168.776    14.3559    38.8130    29.0594 0.0000e+00
    356.000    14.4204     0.1864 -9.990e-29 1.8680e-06 2.7814e+00    169.054    14.3659    38.8176    29.0607 0.0000e+00
    357.000    14.4240     0.1868 -9.990e-29 4.1485e-08 3.8479e+00    169.407    14.3694    38.8185    29.0607 0.0000e+00
    358.000    14.4241     0.1839    98.5584 1.0000e-12 3.1763e+00    169.062    14.3693    38.8183    29.0605 0.0000e+00
    359.000    14.4216     0.1888    98.5551 -9.990e-29 3.2580e+00    168.679    14.3667    38.8182    29.0610 0.0000e+00
    360.000    14.4170     0.1848    98.5578 -9.990e-29 1.8214e+00    169.111    14.3619    38.8179    29.0618 0.0000e+00
    361.000    14.4148     0.1877    98.5636 -9.990e-29 2.1189e+00    168.821    14.3596    38.8178    29.0623 0.0000e+00
    362.000    14.4144     0.1896    98.5616 -9.990e-29 3.7697e+00    169.100    14.3590    38.8176    29.0623 0.0000e+00
    363.000    14.4137     0.1869    98.5591 1.0000e-12 3.9547e+00    168.730    14.3581    38.8175    29.0624 0.0000e+00
    364.000    14.4127     0.1853    98.5521 1.0000e-12 2.6071e+00    168.915    14.3570    38.8174    29.0625 0.0000e+00
    365.000    14.4120     0.1854    98.5569 1.3730e-06 3.6583e+00    169.056    14.3562    38.8174    29.0628 0.0000e+00
    366.000    14.4117     0.1821    98.5671 1.2734e-06 5.0683e+00    168.590    14.3556    38.8174    29.0628 0.0000e+00
    367.000    14.4109     0.1814    98.5600 1.7326e-06 2.3505e+00    168.430    14.3548    38.8174    29.0630 0.0000e+00
    368.000    14.4095     0.1839    98.5616 5.4402e-08 2.2979e+00    168.497    14.3532    38.8173    29.0633 0.0000e+00
    369.000    14.4101     0.1885    98.5622 1.0000e-12 2.8059e+00    168.775    14.3537    38.8174    29.0633 0.0000e+00
    370.000    14.4091     0.1879    98.5631 -9.990e-29 1.4070e+00    168.323    14.3524    38.8172    29.0634 0.0000e+00
    371.000    14.4090     0.1822    98.5562 -9.990e-29 2.4740e+00    168.615    14.3523    38.8175    29.0637 0.0000e+00
    372.000    14.4093     0.1819    98.5613 -9.990e-29 3.7548e+00    168.876    14.3524    38.8175    29.0637 0.0000e+00
    373.000    14.4099     0.1885    98.5618 -9.990e-29 1.9366e+00    168.880    14.3529    38.8174    29.0635 0.0000e+00
    374.000    14.4108     0.1910    98.5537 -9.990e-29 2.9092e+00    168.791    14.3536    38.8188    29.0644 0.0000e+00
    375.000    14.4111     0.1904 -9.990e-29 -9.990e-29 3.3231e+00    168.417    14.3537    38.8192    29.0646 0.0000e+00
    376.000    14.4111     0.1895 -9.990e-29 -9.990e-29 2.5354e+00    168.417    14.3536    38.8192    29.0647 0.0000e+00
    377.000    14.4113     0.1850    98.5614 1.6719e-06 3.9298e+00    169.124    14.3536    38.8190    29.0645 0.0000e+00
    378.000    14.4103     0.1856    98.5539 -1.510e-08 2.2152e+00    169.154    14.3524    38.8192    29.0650 0.0000e+00
    379.000    14.4100     0.1857    98.5531 1.0000e-12 3.9629e+00    168.893    14.3520    38.8195    29.0653 0.0000e+00
    380.000    14.4081     0.1888    98.5633 1.0000e-12 2.7213e+00    169.180    14.3500    38.8192    29.0655 0.0000e+00
    381.000    14.4089     0.1908    98.5548 1.0000e-12 2.6099e+00    169.130    14.3505    38.8200    29.0660 0.0000e+00
    382.000    14.4105     0.1884    98.5567 1.0000e-12 2.9624e+00    169.180    14.3521    38.8205    29.0660 0.0000e+00
    383.000    14.4101     0.1866    98.5456 -9.990e-29 3.0283e+00    168.855    14.3514    38.8206    29.0663 0.0000e+00
    384.000    14.4039     0.1849    98.5555 1.9547e-05 2.9907e+00    168.852    14.3451    38.8193    29.0666 0.0000e+00
    385.000    14.4014     0.1903    98.5519 1.6107e-04 3.2371e+00    168.892    14.3425    38.8195    29.0674 0.0000e+00
    386.000    14.4032     0.1903    98.5517 3.1118e-06 2.4738e+00    168.903    14.3441    38.8194    29.0669 0.0000e+00
    387.000    14.3989     0.1891    98.5517 -3.015e-07 5.0380e+00    168.901    14.3397    38.8200    29.0683 0.0000e+00
    388.000    14.3970     0.1899    98.5517 1.0000e-12 3.4573e+00    168.892    14.3376    38.8197    29.0686 0.0000e+00
    389.000    14.3970     0.1858    98.5517 2.0516e-06 3.6487e+00    169.139    14.3375    38.8197    29.0686 0.0000e+00
    390.000    14.3977     0.1909    98.5517 -9.990e-29 3.4145e+00    169.310    14.3381    38.8195    29.0683 0.0000e+00
    391.000    14.3956     0.1934    98.5517 1.0000e-12 2.6401e+00    169.091    14.3358    38.8194    29.0688 0.0000e+00
    392.000    14.3962     0.1874    98.5517 4.5884e-06 1.2240e+00    168.994    14.3362    38.8196    29.0688 0.0000e+00
    393.000    14.3975     0.1930    98.5517 4.0842e-07 3.4338e+00    169.055    14.3374    38.8200    29.0689 0.0000e+00
    394.000    14.3978     0.1916    98.5517 1.0000e-12 4.0217e+00    169.174    14.3374    38.8200    29.0689 0.0000e+00
    395.000    14.3957     0.1907    98.5517 1.0000e-12 3.5977e+00    169.097    14.3353    38.8197    29.0691 0.0000e+00
