Data/ruptures/PEACETIME/TYR/PEACETIME_TYR_CTD_020.cnv
* Sea-Bird SBE 9 Data File:
* FileName = C:\CTD\rawCTD\PEACETIME_TYR_CTD_020.hdr
* Software Version Seasave V 7.23.2
* Temperature SN = 1378
* Conductivity SN = 2929
* Number of Bytes Per Scan = 34
* Number of Voltage Words = 5
* Number of Scans Averaged by the Deck Unit = 1
* NMEA Latitude = 39 20.39 N
* NMEA Longitude = 012 35.57 E
* NMEA UTC (Time) = May 18 2017  08:56:44
* NMEA baud rate = 4800
** Cruise:   PEACETIME
** Station:   TYR_CTD_020
# nquan = 11
# nvalues = 3000                        
# units = specified
# name 0 = prDM: Pressure, Digiquartz [db]
# name 1 = t090C: Temperature [ITS-90, deg C]
# name 2 = flC: Fluorescence, Chelsea Aqua 3 Chl Con [ug/l]
# name 3 = CStarTr0: Beam Transmission, WET Labs C-Star [%]
# name 4 = par: PAR/Irradiance, Biospherical/Licor
# name 5 = spar: SPAR/Surface Irradiance
# name 6 = sbeox0Mm/Kg: Oxygen, SBE 43 [umol/kg]
# name 7 = potemp090C: Potential Temperature [ITS-90, deg C]
# name 8 = sal00: Salinity, Practical [PSU]
# name 9 = sigma-é00: Density [sigma-theta, kg/m^3]
# name 10 = flag:
# span 0 =      1.000,   3000.000       
# span 1 =    13.3976,    19.4807       
# span 2 =     0.1694,     0.3872       
# span 3 =    96.6562,    98.7621       
# span 4 = -7.654e-08, 1.4141e+03       
# span 5 = 2.2906e+03, 2.3145e+03       
# span 6 =    164.376,    239.010       
# span 7 =    12.9803,    19.4805       
# span 8 =    37.9782,    38.8233       
# span 9 =    27.1867,    29.1131       
# span 10 = 0.0000e+00, 0.0000e+00      
# interval = decibars: 1                
# start_time = May 18 2017 08:56:44 [NMEA time, header]
# bad_flag = -9.990e-29
*END*
      1.000    19.4807     0.2073    96.8720 1.4141e+03 2.3043e+03    221.142    19.4805    37.9955    27.1867 0.0000e+00
      2.000    19.2948     0.2109    96.8448 1.3795e+03 2.3033e+03    221.961    19.2945    38.0083    27.2456 0.0000e+00
      3.000    19.2795     0.2073    96.8410 1.0885e+03 2.3064e+03    222.257    19.2789    38.0073    27.2490 0.0000e+00
      4.000    19.1541     0.1965    96.8529 1.0323e+03 2.3046e+03    223.521    19.1533    38.0018    27.2776 0.0000e+00
      5.000    19.1895     0.1984    96.8723 9.1832e+02 2.3044e+03    223.093    19.1886    38.0033    27.2696 0.0000e+00
      6.000    18.9946     0.2046    96.8683 7.3134e+02 2.3041e+03    223.717    18.9935    37.9998    27.3177 0.0000e+00
      7.000    18.9294     0.2066    96.8782 8.8158e+02 2.3050e+03    224.996    18.9282    38.0039    27.3378 0.0000e+00
      8.000    18.9826     0.2024    96.8457 5.9732e+02 2.3033e+03    224.788    18.9811    38.0034    27.3237 0.0000e+00
      9.000    18.9735     0.1979    96.8514 6.9135e+02 2.3050e+03    223.887    18.9719    38.0030    27.3258 0.0000e+00
     10.000    18.7232     0.1994    96.9031 5.1786e+02 2.3064e+03    224.392    18.7214    37.9964    27.3855 0.0000e+00
     11.000    18.6039     0.1997    96.9810 5.6085e+02 2.3023e+03    225.147    18.6020    37.9930    27.4136 0.0000e+00
     12.000    18.5039     0.1994    96.9755 4.8747e+02 2.3022e+03    226.562    18.5018    37.9843    27.4326 0.0000e+00
     13.000    18.4431     0.1986    96.9513 4.7493e+02 2.3009e+03    226.896    18.4408    37.9901    27.4526 0.0000e+00
     14.000    18.4107     0.2066    96.9975 4.8326e+02 2.3008e+03    226.835    18.4082    37.9950    27.4646 0.0000e+00
     15.000    18.3454     0.2064    96.9683 4.1360e+02 2.3044e+03    227.635    18.3428    37.9854    27.4740 0.0000e+00
     16.000    18.3062     0.2022    97.0109 4.1556e+02 2.3058e+03    228.500    18.3034    37.9782    27.4785 0.0000e+00
     17.000    18.3161     0.2010    97.0311 3.9081e+02 2.3025e+03    228.581    18.3131    37.9926    27.4871 0.0000e+00
     18.000    18.3512     0.2047    97.0697 3.7997e+02 2.3004e+03    228.058    18.3480    38.0238    27.5021 0.0000e+00
     19.000    18.3836     0.1959    97.1231 3.2826e+02 2.3013e+03    227.982    18.3803    38.0527    27.5160 0.0000e+00
     20.000    18.3686     0.1985    97.1094 3.4694e+02 2.2973e+03    227.371    18.3651    38.0539    27.5209 0.0000e+00
     21.000    18.3104     0.2020    97.0628 3.0435e+02 2.3025e+03    226.933    18.3067    38.0481    27.5313 0.0000e+00
     22.000    18.2167     0.2041    97.0886 2.9343e+02 2.3006e+03    226.878    18.2129    38.0382    27.5475 0.0000e+00
     23.000    18.1380     0.1976    97.1019 2.9054e+02 2.3034e+03    227.798    18.1339    38.0306    27.5616 0.0000e+00
     24.000    18.0448     0.1975    97.1222 2.8372e+02 2.3006e+03    228.838    18.0406    38.0375    27.5904 0.0000e+00
     25.000    17.9765     0.2038    97.0881 2.6366e+02 2.3053e+03    229.688    17.9722    38.0525    27.6191 0.0000e+00
     26.000    18.0064     0.2049    97.0947 2.4356e+02 2.3007e+03    228.215    18.0019    38.1040    27.6512 0.0000e+00
     27.000    17.9491     0.2043    97.1069 2.4719e+02 2.3049e+03    226.950    17.9444    38.1361    27.6903 0.0000e+00
     28.000    17.6882     0.2030    97.0512 2.3452e+02 2.3065e+03    228.752    17.6833    38.1353    27.7549 0.0000e+00
     29.000    17.5446     0.2064    97.0077 2.2400e+02 2.3034e+03    229.890    17.5397    38.1471    27.7997 0.0000e+00
     30.000    17.4364     0.2050    97.0076 2.1022e+02 2.3019e+03    230.552    17.4313    38.1376    27.8192 0.0000e+00
     31.000    17.3782     0.2010    97.0471 2.0017e+02 2.3032e+03    231.340    17.3729    38.1579    27.8492 0.0000e+00
     32.000    17.2530     0.2035    97.0000 1.9902e+02 2.3039e+03    232.556    17.2476    38.1409    27.8670 0.0000e+00
     33.000    17.1883     0.2111    96.9585 1.9040e+02 2.3042e+03    231.011    17.1827    38.1500    27.8899 0.0000e+00
     34.000    16.8056     0.2069    96.8552 1.7815e+02 2.2990e+03    233.594    16.7999    38.1314    27.9684 0.0000e+00
     35.000    16.3713     0.2078    96.8880 1.7142e+02 2.2985e+03    235.160    16.3656    38.0875    28.0387 0.0000e+00
     36.000    16.0893     0.2090    96.9460 1.6169e+02 2.2995e+03    236.762    16.0835    38.0529    28.0787 0.0000e+00
     37.000    15.9504     0.2117    96.8911 1.5332e+02 2.3016e+03    237.165    15.9444    38.0555    28.1133 0.0000e+00
     38.000    15.7865     0.2126    96.9090 1.4637e+02 2.3019e+03    237.962    15.7804    38.0416    28.1408 0.0000e+00
     39.000    15.6800     0.2140    96.8895 1.4010e+02 2.2979e+03    237.670    15.6738    38.0329    28.1588 0.0000e+00
     40.000    15.5189     0.2076    96.8502 1.3318e+02 2.3011e+03    236.570    15.5125    38.0212    28.1870 0.0000e+00
     41.000    15.3940     0.2092    96.8526 1.2584e+02 2.3020e+03    237.771    15.3875    38.0236    28.2175 0.0000e+00
     42.000    15.4049     0.2143    96.8612 1.1889e+02 2.3008e+03    238.399    15.3983    38.0601    28.2431 0.0000e+00
     43.000    15.3743     0.2173    96.8243 1.1240e+02 2.3023e+03    238.709    15.3675    38.0680    28.2563 0.0000e+00
     44.000    15.3476     0.2183    96.8043 1.0611e+02 2.3008e+03    238.282    15.3407    38.0750    28.2678 0.0000e+00
     45.000    15.3243     0.2203    96.7966 9.8659e+01 2.3012e+03    237.965    15.3173    38.0868    28.2823 0.0000e+00
     46.000    15.3158     0.2201    96.7948 9.4770e+01 2.3020e+03    239.010    15.3086    38.1141    28.3053 0.0000e+00
     47.000    15.3026     0.2176    96.8308 8.7997e+01 2.3039e+03    238.717    15.2952    38.1346    28.3243 0.0000e+00
     48.000    15.2876     0.2195    96.8912 8.2286e+01 2.3021e+03    237.730    15.2801    38.1514    28.3407 0.0000e+00
     49.000    15.2341     0.2202    96.8633 7.9639e+01 2.3020e+03    237.394    15.2264    38.1556    28.3561 0.0000e+00
     50.000    15.1815     0.2257    96.9220 7.2058e+01 2.2989e+03    237.218    15.1737    38.1733    28.3818 0.0000e+00
     51.000    15.1526     0.2246    96.9227 6.9521e+01 2.3016e+03    236.965    15.1446    38.1748    28.3895 0.0000e+00
     52.000    15.1223     0.2257    96.8626 6.4758e+01 2.3019e+03    236.589    15.1142    38.1734    28.3953 0.0000e+00
     53.000    15.0902     0.2298    96.8198 6.2112e+01 2.2978e+03    235.677    15.0819    38.1679    28.3984 0.0000e+00
     54.000    15.0230     0.2322    96.6998 5.7163e+01 2.3042e+03    235.843    15.0146    38.1632    28.4099 0.0000e+00
     55.000    15.0138     0.2347    96.6562 5.4833e+01 2.3034e+03    237.299    15.0053    38.1832    28.4275 0.0000e+00
     56.000    15.0342     0.2331    96.8747 5.1460e+01 2.3011e+03    236.748    15.0255    38.2053    28.4400 0.0000e+00
     57.000    15.0088     0.2352    96.9211 4.7836e+01 2.2987e+03    234.305    14.9999    38.2078    28.4478 0.0000e+00
     58.000    14.9672     0.2379    96.8799 4.5112e+01 2.2947e+03    232.787    14.9582    38.2063    28.4560 0.0000e+00
     59.000    14.9360     0.2383    96.8201 4.2293e+01 2.3014e+03    232.553    14.9269    38.2117    28.4672 0.0000e+00
     60.000    14.9287     0.2440    96.9650 3.9586e+01 2.2977e+03    231.006    14.9194    38.2291    28.4823 0.0000e+00
     61.000    14.9102     0.2454    97.0676 3.7383e+01 2.2985e+03    229.108    14.9008    38.2412    28.4959 0.0000e+00
     62.000    14.8933     0.2451    97.0419 3.4496e+01 2.3014e+03    228.842    14.8838    38.2469    28.5041 0.0000e+00
     63.000    14.8735     0.2453    96.9832 3.3069e+01 2.3021e+03    227.281    14.8638    38.2519    28.5124 0.0000e+00
     64.000    14.8531     0.2577    96.9728 3.0298e+01 2.3023e+03    226.452    14.8433    38.2557    28.5199 0.0000e+00
     65.000    14.8339     0.2585    97.0394 2.8781e+01 2.2990e+03    224.972    14.8239    38.2615    28.5288 0.0000e+00
     66.000    14.8211     0.2635    97.0029 2.7077e+01 2.2981e+03    223.184    14.8110    38.2684    28.5370 0.0000e+00
     67.000    14.8097     0.2673    96.9636 2.5212e+01 2.2982e+03    222.402    14.7994    38.2725    28.5428 0.0000e+00
     68.000    14.7966     0.2693    96.9192 2.3614e+01 2.3018e+03    221.874    14.7861    38.2744    28.5472 0.0000e+00
     69.000    14.7765     0.2806    96.7846 2.2138e+01 2.2961e+03    221.338    14.7659    38.2761    28.5530 0.0000e+00
     70.000    14.7576     0.2907    96.7854 2.0547e+01 2.2967e+03    220.895    14.7469    38.2785    28.5591 0.0000e+00
     71.000    14.7389     0.2978    96.8703 1.9242e+01 2.3010e+03    219.034    14.7280    38.2825    28.5665 0.0000e+00
     72.000    14.7286     0.2976    96.9361 1.7836e+01 2.2959e+03    216.526    14.7176    38.2898    28.5744 0.0000e+00
     73.000    14.7091     0.3040    96.9583 1.6688e+01 2.2968e+03    214.127    14.6980    38.2979    28.5851 0.0000e+00
     74.000    14.7021     0.3046    97.0103 1.5405e+01 2.2987e+03    213.585    14.6908    38.3056    28.5926 0.0000e+00
     75.000    14.6928     0.3129    96.9409 1.4445e+01 2.2936e+03    213.349    14.6813    38.3073    28.5960 0.0000e+00
     76.000    14.6759     0.3352    96.8964 1.3467e+01 2.2987e+03    213.484    14.6643    38.3075    28.6000 0.0000e+00
     77.000    14.6686     0.3393    96.8399 1.2446e+01 2.2971e+03    211.984    14.6569    38.3140    28.6067 0.0000e+00
     78.000    14.6684     0.3595    96.8771 1.1584e+01 2.2950e+03    210.208    14.6565    38.3203    28.6117 0.0000e+00
     79.000    14.6561     0.3792    96.8539 1.0782e+01 2.2957e+03    209.403    14.6441    38.3231    28.6165 0.0000e+00
     80.000    14.6849     0.3872    96.9690 9.9311e+00 2.2944e+03    206.258    14.6726    38.3419    28.6247 0.0000e+00
     81.000    14.7081     0.3674    97.0371 9.1854e+00 2.2944e+03    203.860    14.6957    38.3539    28.6288 0.0000e+00
     82.000    14.7200     0.3564    97.1607 8.5147e+00 2.2946e+03    201.506    14.7074    38.3650    28.6348 0.0000e+00
     83.000    14.7177     0.3533    97.1557 7.8677e+00 2.2938e+03    200.772    14.7050    38.3686    28.6382 0.0000e+00
     84.000    14.7274     0.3607    97.2035 7.2985e+00 2.2965e+03    199.875    14.7145    38.3761    28.6418 0.0000e+00
     85.000    14.7284     0.3460    97.2508 6.7613e+00 2.2993e+03    199.681    14.7154    38.3796    28.6443 0.0000e+00
     86.000    14.7223     0.3407    97.3150 6.2828e+00 2.2979e+03    199.176    14.7092    38.3804    28.6464 0.0000e+00
     87.000    14.7177     0.3269    97.2835 5.8078e+00 2.2973e+03    198.202    14.7044    38.3839    28.6501 0.0000e+00
     88.000    14.7255     0.3319    97.2091 5.4029e+00 2.2953e+03    196.675    14.7120    38.3936    28.6559 0.0000e+00
     89.000    14.7312     0.3206    97.3465 5.0550e+00 2.2917e+03    195.626    14.7175    38.4006    28.6601 0.0000e+00
     90.000    14.7373     0.3189    97.4006 4.6837e+00 2.2939e+03    194.084    14.7235    38.4079    28.6644 0.0000e+00
     91.000    14.7378     0.3054    97.4816 4.3712e+00 2.2987e+03    193.755    14.7238    38.4141    28.6691 0.0000e+00
     92.000    14.7319     0.3014    97.5126 4.1089e+00 2.2906e+03    193.127    14.7178    38.4176    28.6732 0.0000e+00
     93.000    14.7302     0.3015    97.5525 3.8373e+00 2.2953e+03    192.622    14.7159    38.4214    28.6765 0.0000e+00
     94.000    14.7195     0.3040    97.6652 3.5900e+00 2.2936e+03    191.698    14.7050    38.4293    28.6851 0.0000e+00
     95.000    14.7112     0.2810    97.8408 3.3797e+00 2.2958e+03    190.997    14.6966    38.4386    28.6941 0.0000e+00
     96.000    14.7134     0.2756    97.8803 3.1827e+00 2.2986e+03    190.920    14.6987    38.4408    28.6953 0.0000e+00
     97.000    14.7155     0.2678    97.8663 2.9918e+00 2.2960e+03    189.788    14.7007    38.4433    28.6968 0.0000e+00
     98.000    14.7203     0.2637    97.8898 2.8316e+00 2.2973e+03    188.885    14.7052    38.4528    28.7032 0.0000e+00
     99.000    14.7203     0.2608    97.9145 2.6847e+00 2.2979e+03    188.452    14.7051    38.4593    28.7083 0.0000e+00
    100.000    14.7175     0.2642    97.9258 2.5349e+00 2.2958e+03    187.856    14.7022    38.4652    28.7134 0.0000e+00
    101.000    14.7103     0.2565    97.9747 2.3867e+00 2.2972e+03    187.480    14.6948    38.4725    28.7208 0.0000e+00
    102.000    14.6986     0.2501    98.0142 2.2622e+00 2.2983e+03    186.864    14.6829    38.4818    28.7306 0.0000e+00
    103.000    14.7059     0.2502    97.9457 2.1797e+00 2.3000e+03    187.922    14.6901    38.4683    28.7186 0.0000e+00
    104.000    14.6860     0.2533    98.0083 2.0801e+00 2.2981e+03    186.318    14.6700    38.4875    28.7379 0.0000e+00
    105.000    14.6849     0.2470    98.0909 1.9775e+00 2.2967e+03    185.468    14.6688    38.4945    28.7436 0.0000e+00
    106.000    14.6669     0.2396    98.1021 1.8733e+00 2.2966e+03    185.403    14.6506    38.4941    28.7473 0.0000e+00
    107.000    14.6480     0.2363    98.1343 1.7839e+00 2.2978e+03    186.403    14.6316    38.4946    28.7519 0.0000e+00
    108.000    14.6392     0.2327    98.1555 1.6917e+00 2.3007e+03    186.764    14.6226    38.4937    28.7533 0.0000e+00
    109.000    14.6272     0.2309    98.1608 1.6118e+00 2.2937e+03    186.806    14.6106    38.4937    28.7559 0.0000e+00
    110.000    14.6317     0.2308    98.1779 1.5332e+00 2.2978e+03    186.242    14.6148    38.5027    28.7619 0.0000e+00
    111.000    14.6141     0.2261    98.2027 1.4667e+00 2.2969e+03    186.640    14.5972    38.5047    28.7674 0.0000e+00
    112.000    14.5873     0.2301    98.2233 1.3969e+00 2.2964e+03    186.604    14.5702    38.5051    28.7738 0.0000e+00
    113.000    14.5840     0.2273    98.2459 1.3349e+00 2.2975e+03    186.615    14.5668    38.5078    28.7766 0.0000e+00
    114.000    14.5744     0.2212    98.2411 1.2751e+00 2.3007e+03    186.555    14.5570    38.5075    28.7786 0.0000e+00
    115.000    14.5518     0.2232    98.2512 1.2154e+00 2.2998e+03    187.286    14.5342    38.5036    28.7806 0.0000e+00
    116.000    14.4911     0.2291    98.2493 1.1663e+00 2.2946e+03    189.440    14.4735    38.4947    28.7872 0.0000e+00
    117.000    14.4874     0.2243    98.2656 1.1164e+00 2.2976e+03    189.507    14.4697    38.5033    28.7946 0.0000e+00
    118.000    14.4719     0.2252    98.2839 1.0675e+00 2.3064e+03    190.094    14.4539    38.5005    28.7959 0.0000e+00
    119.000    14.4386     0.2206    98.2759 1.0198e+00 2.3022e+03    191.221    14.4205    38.4940    28.7983 0.0000e+00
    120.000    14.4456     0.2199    98.2837 9.7570e-01 2.3026e+03    190.703    14.4274    38.5010    28.8022 0.0000e+00
    121.000    14.4373     0.2166    98.2852 9.3242e-01 2.3042e+03    191.078    14.4189    38.5029    28.8056 0.0000e+00
    122.000    14.4361     0.2125    98.2905 8.9283e-01 2.3041e+03    190.317    14.4176    38.5062    28.8084 0.0000e+00
    123.000    14.4913     0.2176    98.3124 8.5763e-01 2.3016e+03    186.810    14.4726    38.5331    28.8170 0.0000e+00
    124.000    14.5455     0.2157    98.3287 8.2305e-01 2.3043e+03    184.159    14.5266    38.5585    28.8247 0.0000e+00
    125.000    14.5652     0.2169    98.3319 7.8952e-01 2.3057e+03    183.030    14.5462    38.5700    28.8292 0.0000e+00
    126.000    14.5950     0.2141    98.3505 7.5614e-01 2.3015e+03    182.036    14.5757    38.5831    28.8328 0.0000e+00
    127.000    14.6181     0.2084    98.3358 7.2338e-01 2.3041e+03    181.247    14.5986    38.5921    28.8346 0.0000e+00
    128.000    14.6277     0.2049    98.3369 6.9487e-01 2.3001e+03    180.848    14.6081    38.5987    28.8377 0.0000e+00
    129.000    14.6150     0.2022    98.3529 6.6818e-01 2.2985e+03    181.212    14.5952    38.5993    28.8410 0.0000e+00
    130.000    14.6091     0.2027    98.3604 6.4441e-01 2.3048e+03    181.219    14.5892    38.6000    28.8429 0.0000e+00
    131.000    14.6024     0.2036    98.3670 6.1767e-01 2.3018e+03    180.973    14.5824    38.6017    28.8457 0.0000e+00
