Data/ruptures/PEACETIME/TYR/PEACETIME_TYR_CTD_024.cnv
* Sea-Bird SBE 9 Data File:
* FileName = C:\CTD\rawCTD\PEACETIME_TYR_CTD_024.hdr
* Software Version Seasave V 7.23.2
* Temperature SN = 1378
* Conductivity SN = 2929
* Number of Bytes Per Scan = 34
* Number of Voltage Words = 5
* Number of Scans Averaged by the Deck Unit = 1
* NMEA Latitude = 39 20.38 N
* NMEA Longitude = 012 35.57 E
* NMEA UTC (Time) = May 19 2017  19:01:26
* NMEA baud rate = 4800
** Cruise:   PEACETIME
** Station:  TYR_CTD_024
# nquan = 11
# nvalues = 202                         
# units = specified
# name 0 = prDM: Pressure, Digiquartz [db]
# name 1 = t090C: Temperature [ITS-90, deg C]
# name 2 = flC: Fluorescence, Chelsea Aqua 3 Chl Con [ug/l]
# name 3 = CStarTr0: Beam Transmission, WET Labs C-Star [%]
# name 4 = par: PAR/Irradiance, Biospherical/Licor
# name 5 = spar: SPAR/Surface Irradiance
# name 6 = sbeox0Mm/Kg: Oxygen, SBE 43 [umol/kg]
# name 7 = potemp090C: Potential Temperature [ITS-90, deg C]
# name 8 = sal00: Salinity, Practical [PSU]
# name 9 = sigma-é00: Density [sigma-theta, kg/m^3]
# name 10 = flag:
# span 0 =      2.000,    203.000       
# span 1 =    14.4166,    19.7834       
# span 2 =     0.1836,     0.4282       
# span 3 =    95.6148,    98.4462       
# span 4 = -1.516e-05, 7.7923e-02       
# span 5 = 1.4180e+00, 6.0453e+00       
# span 6 =    170.815,    245.203       
# span 7 =    14.3980,    19.7823       
# span 8 =    37.8611,    38.7351       
# span 9 =    27.0619,    28.9698       
# span 10 = 0.0000e+00, 0.0000e+00      
# interval = decibars: 1                
# start_time = May 19 2017 19:01:26 [NMEA time, header]
# bad_flag = -9.990e-29
*END*
[from data line 132]
    134.000    14.6851     0.2077    98.2831 1.0000e-12 3.5061e+00    180.981    14.6645    38.6249    28.8454 0.0000e+00
    135.000    14.7067     0.2116    98.2908 1.0000e-12 2.9141e+00    180.575    14.6860    38.6408    28.8529 0.0000e+00
    136.000    14.7114     0.2036    98.2833 1.0000e-12 1.9568e+00    180.245    14.6904    38.6515    28.8601 0.0000e+00
    137.000    14.7266     0.1973    98.2878 1.0000e-12 3.4328e+00    179.608    14.7055    38.6634    28.8660 0.0000e+00
    138.000    14.7421     0.1995    98.2707 1.0000e-12 2.9477e+00    179.648    14.7208    38.6703    28.8678 0.0000e+00
    139.000    14.7465     0.2013    98.2639 1.0000e-12 3.0983e+00    179.166    14.7251    38.6731    28.8691 0.0000e+00
    140.000    14.7528     0.1945    98.2452 -9.990e-29 2.4325e+00    179.305    14.7312    38.6769    28.8707 0.0000e+00
    141.000    14.7504     0.1985    98.2784 -9.990e-29 3.2069e+00    179.355    14.7287    38.6791    28.8729 0.0000e+00
    142.000    14.7359     0.1979    98.2827 1.0000e-12 1.7682e+00    178.748    14.7140    38.6801    28.8770 0.0000e+00
    143.000    14.7283     0.1992    98.2750 1.0000e-12 4.6265e+00    178.461    14.7062    38.6821    28.8802 0.0000e+00
    144.000    14.7235     0.1988    98.2810 1.0000e-12 1.5102e+00    178.091    14.7013    38.6824    28.8815 0.0000e+00
    145.000    14.7163     0.1965    98.2742 1.0000e-12 2.6416e+00    177.360    14.6940    38.6836    28.8842 0.0000e+00
    146.000    14.7144     0.1942 -9.990e-29 -9.990e-29 2.3868e+00    177.601    14.6920    38.6867    28.8870 0.0000e+00
    147.000    14.7153     0.1975    98.2915 1.0000e-12 2.0585e+00    177.632    14.6927    38.6885    28.8882 0.0000e+00
    148.000    14.7157     0.1981    98.2834 1.0000e-12 2.6353e+00    177.127    14.6929    38.6899    28.8893 0.0000e+00
    149.000    14.7165     0.1964    98.2839 1.0000e-12 2.3970e+00    177.215    14.6936    38.6911    28.8900 0.0000e+00
    150.000    14.7173     0.1936    98.2803 1.0000e-12 3.4506e+00    177.286    14.6943    38.6918    28.8905 0.0000e+00
    151.000    14.7185     0.1923    98.2788 -9.990e-29 2.4912e+00    176.756    14.6952    38.6925    28.8908 0.0000e+00
    152.000    14.7170     0.1948    98.2641 -9.990e-29 3.4841e+00    176.661    14.6936    38.6926    28.8912 0.0000e+00
    153.000    14.7146     0.1975    98.2820 -9.990e-29 1.8493e+00    176.619    14.6911    38.6924    28.8916 0.0000e+00
    154.000    14.7081     0.1950    98.2764 -9.990e-29 4.5792e+00    176.330    14.6844    38.6917    28.8925 0.0000e+00
    155.000    14.6672     0.1936    98.2792 -9.990e-29 2.2160e+00    175.471    14.6434    38.6907    28.9009 0.0000e+00
    156.000    14.6529     0.1914    98.2962 1.0000e-12 2.9362e+00    175.267    14.6289    38.6942    28.9069 0.0000e+00
    157.000    14.6455     0.1940    98.2784 1.0000e-12 3.4765e+00    174.888    14.6214    38.6952    28.9093 0.0000e+00
    158.000    14.6295     0.1962    98.3004 1.0000e-12 2.5272e+00    174.515    14.6053    38.6938    28.9119 0.0000e+00
    159.000    14.6130     0.1959    98.3163 1.5931e-06 3.0720e+00    174.207    14.5887    38.6924    28.9145 0.0000e+00
    160.000    14.6043     0.1923    98.3339 -3.993e-09 2.8441e+00    173.448    14.5798    38.6912    28.9155 0.0000e+00
    161.000    14.5936     0.1900    98.3421 1.0000e-12 2.9078e+00    173.692    14.5689    38.6898    28.9168 0.0000e+00
    162.000    14.5884     0.1960    98.3397 1.0000e-12 2.3893e+00    173.534    14.5636    38.6894    28.9177 0.0000e+00
    163.000    14.5747     0.1935    98.3395 -9.990e-29 2.7492e+00    172.718    14.5498    38.6890    28.9205 0.0000e+00
    164.000    14.5610     0.1962    98.3610 1.0000e-12 2.5708e+00    172.464    14.5359    38.6886    28.9232 0.0000e+00
    165.000    14.5585     0.1979    98.3565 1.0000e-12 3.1797e+00    172.488    14.5333    38.6883    28.9236 0.0000e+00
    166.000    14.5517     0.1983    98.3749 1.0000e-12 2.6313e+00    172.274    14.5263    38.6876    28.9246 0.0000e+00
    167.000    14.5504     0.1943    98.3713 1.0000e-12 3.4143e+00    172.355    14.5249    38.6900    28.9268 0.0000e+00
    168.000    14.5488     0.1900    98.3834 1.0000e-12 1.5896e+00    172.097    14.5231    38.6915    28.9284 0.0000e+00
    169.000    14.5439     0.1892    98.3826 1.0000e-12 3.8741e+00    172.207    14.5181    38.6926    28.9303 0.0000e+00
    170.000    14.5510     0.1916    98.3829 1.0000e-12 2.4442e+00    172.381    14.5250    38.6977    28.9327 0.0000e+00
    171.000    14.5631     0.1938    98.3879 -9.990e-29 2.9327e+00    172.815    14.5370    38.7036    28.9346 0.0000e+00
    172.000    14.5692     0.1941    98.3906 -9.990e-29 2.5667e+00    172.529    14.5429    38.7069    28.9358 0.0000e+00
    173.000    14.5715     0.1912    98.3970 -9.990e-29 1.9649e+00    171.979    14.5450    38.7083    28.9365 0.0000e+00
    174.000    14.5708     0.1943    98.3867 -9.990e-29 3.5412e+00    172.335    14.5441    38.7087    28.9370 0.0000e+00
    175.000    14.5652     0.1939    98.4078 -9.990e-29 2.7926e+00    172.429    14.5385    38.7112    28.9402 0.0000e+00
    176.000    14.5624     0.1894    98.3966 1.0000e-12 2.5871e+00    172.117    14.5354    38.7135    28.9427 0.0000e+00
    177.000    14.5650     0.1922    98.3956 1.0000e-12 3.9984e+00    172.032    14.5379    38.7159    28.9439 0.0000e+00
    178.000    14.5639     0.1909    98.3956 4.6619e-06 2.8592e+00    172.498    14.5366    38.7166    28.9448 0.0000e+00
    179.000    14.5655     0.1875    98.4031 -2.796e-08 2.7591e+00    172.100    14.5381    38.7187    28.9460 0.0000e+00
    180.000    14.5654     0.1959    98.3897 -9.990e-29 2.4540e+00    171.998    14.5378    38.7200    28.9472 0.0000e+00
    181.000    14.5670     0.1929    98.4127 -9.990e-29 2.1334e+00    172.445    14.5392    38.7219    28.9483 0.0000e+00
    182.000    14.5639     0.1919    98.3885 5.7858e-05 2.8534e+00    172.226    14.5360    38.7218    28.9489 0.0000e+00
    183.000    14.5555     0.1944    98.4071 6.2550e-05 2.9341e+00    172.015    14.5275    38.7206    28.9499 0.0000e+00
    184.000    14.5338     0.1908    98.4076 4.8897e-04 3.6654e+00    171.656    14.5056    38.7170    28.9519 0.0000e+00
    185.000    14.5248     0.1862    98.4057 1.1078e-03 3.2444e+00    171.511    14.4966    38.7154    28.9527 0.0000e+00
    186.000    14.5210     0.1836    98.4118 8.8940e-05 3.5031e+00    171.743    14.4925    38.7152    28.9534 0.0000e+00
    187.000    14.5160     0.1902    98.4150 2.2347e-05 3.0248e+00    171.759    14.4874    38.7147    28.9542 0.0000e+00
    188.000    14.5057     0.1887    98.4154 1.2842e-05 2.1897e+00    171.398    14.4770    38.7151    28.9568 0.0000e+00
    189.000    14.5025     0.1896    98.4134 6.8451e-08 2.4602e+00    171.195    14.4737    38.7184    28.9601 0.0000e+00
    190.000    14.5024     0.1900    98.4201 1.6569e-04 2.6639e+00    171.338    14.4734    38.7208    28.9620 0.0000e+00
    191.000    14.5025     0.1947    98.4419 3.1800e-04 1.9964e+00    170.900    14.4734    38.7230    28.9638 0.0000e+00
    192.000    14.5030     0.1921    98.4314 8.9774e-04 2.4571e+00    171.032    14.4736    38.7240    28.9645 0.0000e+00
    193.000    14.5065     0.1916    98.4231 2.5673e-04 2.6127e+00    171.208    14.4770    38.7272    28.9662 0.0000e+00
    194.000    14.5101     0.1935    98.4300 2.4827e-04 2.7186e+00    171.088    14.4805    38.7297    28.9673 0.0000e+00
    195.000    14.5122     0.1876    98.4344 2.9694e-04 2.6130e+00    171.127    14.4825    38.7311    28.9680 0.0000e+00
    196.000    14.5149     0.1931    98.4392 1.7965e-04 2.3569e+00    171.010    14.4849    38.7324    28.9685 0.0000e+00
    197.000    14.5153     0.1855    98.4462 1.7740e-04 2.7779e+00    171.020    14.4852    38.7329    28.9688 0.0000e+00
    198.000    14.5154     0.1878    98.4352 8.3816e-05 3.2942e+00    171.089    14.4852    38.7330    28.9688 0.0000e+00
    199.000    14.5153     0.1898    98.4261 5.9572e-06 2.2748e+00    171.119    14.4849    38.7330    28.9690 0.0000e+00
    200.000    14.5158     0.1907    98.4401 1.2088e-06 2.9151e+00    170.880    14.4852    38.7330    28.9689 0.0000e+00
    201.000    14.5167     0.1919    98.4335 1.9685e-06 2.3375e+00    170.994    14.4860    38.7339    28.9694 0.0000e+00
    202.000    14.5177     0.1911    98.4457 2.3606e-06 2.6872e+00    170.815    14.4868    38.7345    28.9696 0.0000e+00
    203.000    14.5192     0.1882    98.4412 3.2030e-04 3.2755e+00    170.826    14.4882    38.7351    28.9698 0.0000e+00
