Data/ruptures/PEACETIME/TYR/PEACETIME_TYR_CTD_023.cnv
* Sea-Bird SBE 9 Data File:
* FileName = C:\CTD\rawCTD\PEACETIME_TYR_CTD_023.hdr
* Software Version Seasave V 7.23.2
* Temperature SN = 1378
* Conductivity SN = 2929
* Number of Bytes Per Scan = 34
* Number of Voltage Words = 5
* Number of Scans Averaged by the Deck Unit = 1
* NMEA Latitude = 39 20.38 N
* NMEA Longitude = 012 35.56 E
* NMEA UTC (Time) = May 19 2017  04:40:10
* NMEA baud rate = 4800
** Cruise:   PEACETIME
** Station:   TYR_CTD_023
# nquan = 11
# nvalues = 3459                        
# units = specified
# name 0 = prDM: Pressure, Digiquartz [db]
# name 1 = t090C: Temperature [ITS-90, deg C]
# name 2 = flC: Fluorescence, Chelsea Aqua 3 Chl Con [ug/l]
# name 3 = CStarTr0: Beam Transmission, WET Labs C-Star [%]
# name 4 = par: PAR/Irradiance, Biospherical/Licor
# name 5 = spar: SPAR/Surface Irradiance
# name 6 = sbeox0Mm/Kg: Oxygen, SBE 43 [umol/kg]
# name 7 = potemp090C: Potential Temperature [ITS-90, deg C]
# name 8 = sal00: Salinity, Practical [PSU]
# name 9 = sigma-é00: Density [sigma-theta, kg/m^3]
# name 10 = flag:
# span 0 =      1.000,   3459.000       
# span 1 =    13.3932,    20.8434       
# span 2 =     0.1747,     0.3882       
# span 3 =    96.3502,    98.7511       
# span 4 = -3.012e-05, 3.0900e+01       
# span 5 = 1.2872e+02, 1.5520e+03       
# span 6 =    164.290,    245.176       
# span 7 =    12.9721,    20.8424       
# span 8 =    37.8359,    38.8235       
# span 9 =    26.8142,    29.1131       
# span 10 = 0.0000e+00, 0.0000e+00      
# interval = decibars: 1                
# start_time = May 19 2017 04:40:10 [NMEA time, header]
# bad_flag = -9.990e-29
*END*
[from data line 2623]
   2624.000    13.4132     0.1872 -9.990e-29 4.1132e-03 1.4103e+03    172.401    13.0030    38.5041    29.1100 0.0000e+00
   2625.000    13.4133     0.1878    98.7338 4.6840e-03 1.4142e+03    172.345    13.0029    38.5041    29.1100 0.0000e+00
   2626.000    13.4134     0.1868    98.7293 3.4034e-03 1.4109e+03    172.330    13.0029    38.5041    29.1100 0.0000e+00
   2627.000    13.4135     0.1867    98.7224 1.3390e-03 1.4111e+03    172.662    13.0028    38.5041    29.1101 0.0000e+00
   2628.000    13.4137     0.1877    98.7273 1.1357e-03 1.4114e+03    172.949    13.0028    38.5041    29.1100 0.0000e+00
   2629.000    13.4139     0.1870    98.7316 2.5479e-03 1.4119e+03    172.724    13.0029    38.5040    29.1100 0.0000e+00
   2630.000    13.4140     0.1881    98.7258 6.5355e-04 1.4112e+03    172.423    13.0028    38.5040    29.1100 0.0000e+00
   2631.000    13.4141     0.1853    98.7282 1.4171e-03 1.4140e+03    172.705    13.0028    38.5038    29.1099 0.0000e+00
   2632.000    13.4141     0.1841    98.7240 3.5611e-03 1.4111e+03    172.758    13.0026    38.5040    29.1100 0.0000e+00
   2633.000    13.4141     0.1864    98.7270 1.3609e-03 1.4096e+03    172.444    13.0024    38.5040    29.1100 0.0000e+00
   2634.000    13.4141     0.1906    98.7241 9.4728e-04 1.4089e+03    172.467    13.0022    38.5039    29.1100 0.0000e+00
   2635.000    13.4143     0.1863    98.7281 1.5838e-03 1.4072e+03    172.697    13.0022    38.5038    29.1099 0.0000e+00
   2636.000    13.4143     0.1895    98.7281 2.0588e-03 1.4095e+03    172.732    13.0021    38.5039    29.1100 0.0000e+00
   2637.000    13.4145     0.1947    98.7259 9.8318e-04 1.4119e+03    172.801    13.0021    38.5039    29.1101 0.0000e+00
   2638.000    13.4147     0.1916    98.7236 2.0822e-03 1.4077e+03    172.660    13.0021    38.5037    29.1099 0.0000e+00
   2639.000    13.4147     0.1858    98.7144 2.0630e-04 1.4126e+03    172.459    13.0019    38.5039    29.1101 0.0000e+00
   2640.000    13.4149     0.1837    98.7179 4.6826e-04 1.4149e+03    172.468    13.0020    38.5038    29.1100 0.0000e+00
   2641.000    13.4149     0.1823    98.7294 2.4041e-04 1.4128e+03    172.350    13.0018    38.5038    29.1101 0.0000e+00
   2642.000    13.4150     0.1774    98.7241 8.8245e-04 1.4110e+03    172.643    13.0018    38.5037    29.1100 0.0000e+00
   2643.000    13.4151     0.1811    98.7337 2.2374e-04 1.4159e+03    172.708    13.0016    38.5038    29.1100 0.0000e+00
   2644.000    13.4153     0.1865    98.7338 6.9848e-05 1.4168e+03    172.501    13.0017    38.5038    29.1100 0.0000e+00
   2645.000    13.4153     0.1884    98.7338 1.2528e-04 1.4106e+03    172.280    13.0016    38.5037    29.1100 0.0000e+00
   2646.000    13.4153     0.1900    98.7338 1.3155e-04 1.4215e+03    172.487    13.0014    38.5037    29.1101 0.0000e+00
   2647.000    13.4154     0.1917    98.7255 8.5771e-04 1.4151e+03    172.791    13.0013    38.5036    29.1100 0.0000e+00
   2648.000    13.4155     0.1910    98.7213 3.9610e-04 1.4202e+03    172.632    13.0012    38.5036    29.1100 0.0000e+00
   2649.000    13.4154     0.1924    98.7225 1.8573e-03 1.4184e+03    172.619    13.0009    38.5036    29.1100 0.0000e+00
   2650.000    13.4153     0.1896    98.7241 1.1955e-03 1.4107e+03    172.688    13.0007    38.5035    29.1100 0.0000e+00
   2651.000    13.4156     0.1913    98.7236 9.7291e-04 1.4130e+03    172.718    13.0008    38.5034    29.1099 0.0000e+00
   2652.000    13.4157     0.1937    98.7282 2.6477e-04 1.4152e+03    172.476    13.0008    38.5034    29.1099 0.0000e+00
   2653.000    13.4158     0.1958    98.7270 1.7479e-03 1.4181e+03    172.556    13.0007    38.5035    29.1100 0.0000e+00
   2654.000    13.4160     0.1927    98.7202 1.2764e-03 1.4141e+03    172.691    13.0007    38.5034    29.1099 0.0000e+00
   2655.000    13.4161     0.1897    98.7248 1.8414e-03 1.4149e+03    172.670    13.0006    38.5033    29.1099 0.0000e+00
   2656.000    13.4162     0.1846    98.7219 1.2225e-03 1.4137e+03    172.687    13.0006    38.5034    29.1100 0.0000e+00
   2657.000    13.4162     0.1843    98.7225 9.6404e-04 1.4166e+03    172.584    13.0005    38.5034    29.1100 0.0000e+00
   2658.000    13.4164     0.1925    98.7248 1.4080e-03 1.4207e+03    172.419    13.0004    38.5034    29.1100 0.0000e+00
   2659.000    13.4167     0.1954    98.7273 1.7521e-03 1.4246e+03    172.349    13.0005    38.5033    29.1099 0.0000e+00
   2660.000    13.4167     0.1880    98.7237 1.7584e-03 1.4153e+03    172.526    13.0003    38.5033    29.1100 0.0000e+00
   2661.000    13.4168     0.1887    98.7281 2.5243e-03 1.4189e+03    172.371    13.0003    38.5034    29.1100 0.0000e+00
   2662.000    13.4168     0.1880    98.7236 3.0137e-03 1.4167e+03    172.612    13.0002    38.5034    29.1101 0.0000e+00
   2663.000    13.4169     0.1828    98.7175 2.5768e-03 1.4205e+03    172.756    13.0001    38.5032    29.1100 0.0000e+00
   2664.000    13.4170     0.1854    98.7202 2.0412e-03 1.4203e+03    172.665    13.0000    38.5033    29.1100 0.0000e+00
   2665.000    13.4171     0.1911    98.7214 1.7234e-03 1.4199e+03    172.555    13.0000    38.5033    29.1100 0.0000e+00
   2666.000    13.4172     0.1932    98.7202 1.2786e-03 1.4232e+03    172.522    12.9999    38.5032    29.1100 0.0000e+00
   2667.000    13.4172     0.1928    98.7169 9.3339e-04 1.4180e+03    172.578    12.9997    38.5032    29.1100 0.0000e+00
   2668.000    13.4172     0.1886    98.7180 1.2517e-03 1.4188e+03    172.656    12.9995    38.5032    29.1100 0.0000e+00
   2669.000    13.4173     0.1881    98.7271 4.0833e-04 1.4155e+03    172.434    12.9995    38.5032    29.1100 0.0000e+00
   2670.000    13.4174     0.1844    98.7247 5.4180e-04 1.4204e+03    172.504    12.9994    38.5032    29.1101 0.0000e+00
   2671.000    13.4174     0.1790    98.7293 1.4611e-03 1.4174e+03    172.692    12.9993    38.5031    29.1100 0.0000e+00
   2672.000    13.4176     0.1819    98.7230 4.3229e-04 1.4209e+03    172.828    12.9993    38.5031    29.1100 0.0000e+00
   2673.000    13.4177     0.1853    98.7202 2.2152e-03 1.4206e+03    172.877    12.9991    38.5031    29.1100 0.0000e+00
   2674.000    13.4177     0.1837    98.7176 2.0146e-03 1.4188e+03    172.738    12.9990    38.5031    29.1100 0.0000e+00
   2675.000    13.4178     0.1796    98.7202 2.5076e-03 1.4184e+03    172.816    12.9989    38.5029    29.1100 0.0000e+00
   2676.000    13.4178     0.1830    98.7282 8.2816e-04 1.4187e+03    172.732    12.9988    38.5030    29.1100 0.0000e+00
   2677.000    13.4180     0.1840    98.7225 2.1900e-03 1.4220e+03    172.664    12.9988    38.5029    29.1100 0.0000e+00
   2678.000    13.4181     0.1843    98.7202 1.6480e-03 1.4213e+03    172.933    12.9987    38.5029    29.1100 0.0000e+00
   2679.000    13.4182     0.1832    98.7282 1.0678e-03 1.4202e+03    173.010    12.9986    38.5029    29.1100 0.0000e+00
   2680.000    13.4182     0.1905    98.7241 2.7142e-03 1.4277e+03    172.806    12.9985    38.5030    29.1101 0.0000e+00
   2681.000    13.4183     0.1909    98.7247 2.4479e-03 1.4204e+03    172.549    12.9984    38.5028    29.1100 0.0000e+00
   2682.000    13.4183     0.1912    98.7259 2.9734e-04 1.4206e+03    172.622    12.9983    38.5028    29.1100 0.0000e+00
   2683.000    13.4185     0.1891    98.7170 1.1896e-03 1.4211e+03    172.775    12.9983    38.5028    29.1100 0.0000e+00
   2684.000    13.4187     0.1902    98.7246 1.7259e-03 1.4186e+03    172.799    12.9983    38.5028    29.1100 0.0000e+00
   2685.000    13.4187     0.1897    98.7236 2.1784e-03 1.4233e+03    172.877    12.9982    38.5028    29.1100 0.0000e+00
   2686.000    13.4188     0.1862    98.7270 3.1478e-03 1.4207e+03    173.082    12.9981    38.5028    29.1100 0.0000e+00
   2687.000    13.4190     0.1878    98.7293 1.7338e-03 1.4208e+03    172.884    12.9981    38.5027    29.1100 0.0000e+00
   2688.000    13.4191     0.1883    98.7259 9.4174e-04 1.4194e+03    172.644    12.9980    38.5027    29.1100 0.0000e+00
   2689.000    13.4191     0.1899    98.7197 6.2501e-04 1.4225e+03    173.040    12.9979    38.5028    29.1101 0.0000e+00
   2690.000    13.4193     0.1864    98.7236 6.0203e-04 1.4185e+03    172.958    12.9979    38.5027    29.1100 0.0000e+00
   2691.000    13.4194     0.1885    98.7219 8.1479e-04 1.4215e+03    172.780    12.9979    38.5027    29.1100 0.0000e+00
   2692.000    13.4196     0.1906    98.7203 3.9786e-04 1.4187e+03    172.831    12.9978    38.5028    29.1101 0.0000e+00
   2693.000    13.4198     0.1902    98.7281 1.1928e-03 1.4196e+03    172.992    12.9979    38.5027    29.1100 0.0000e+00
   2694.000    13.4199     0.1868    98.7192 1.9179e-03 1.4266e+03    172.802    12.9978    38.5027    29.1100 0.0000e+00
   2695.000    13.4201     0.1891    98.7292 3.5041e-04 1.4232e+03    172.782    12.9978    38.5026    29.1099 0.0000e+00
   2696.000    13.4201     0.1876    98.7281 8.3435e-04 1.4183e+03    172.551    12.9977    38.5027    29.1101 0.0000e+00
   2697.000    13.4202     0.1883    98.7186 1.3070e-04 1.4227e+03    172.476    12.9976    38.5028    29.1101 0.0000e+00
   2698.000    13.4204     0.1877    98.7236 4.2042e-04 1.4203e+03    172.719    12.9977    38.5026    29.1100 0.0000e+00
   2699.000    13.4204     0.1853    98.7113 3.6618e-04 1.4202e+03    172.809    12.9975    38.5026    29.1100 0.0000e+00
   2700.000    13.4205     0.1897    98.7244 8.4339e-04 1.4181e+03    172.764    12.9974    38.5025    29.1099 0.0000e+00
   2701.000    13.4206     0.1940    98.7248 1.6032e-03 1.4250e+03    172.548    12.9973    38.5026    29.1100 0.0000e+00
   2702.000    13.4207     0.1920    98.7284 5.9067e-04 1.4232e+03    172.667    12.9972    38.5026    29.1101 0.0000e+00
   2703.000    13.4208     0.1895    98.7270 1.3100e-03 1.4209e+03    172.948    12.9972    38.5025    29.1100 0.0000e+00
   2704.000    13.4209     0.1898    98.7229 1.7141e-03 1.4209e+03    173.018    12.9971    38.5026    29.1101 0.0000e+00
   2705.000    13.4211     0.1926    98.7248 7.1751e-04 1.4213e+03    172.687    12.9971    38.5025    29.1100 0.0000e+00
   2706.000    13.4212     0.1909    98.7293 1.3842e-04 1.4219e+03    172.511    12.9971    38.5025    29.1100 0.0000e+00
   2707.000    13.4213     0.1925    98.7225 6.7802e-04 1.4229e+03    172.605    12.9970    38.5026    29.1101 0.0000e+00
   2708.000    13.4215     0.1916    98.7259 5.9037e-04 1.4189e+03    172.859    12.9970    38.5026    29.1101 0.0000e+00
   2709.000    13.4217     0.1891    98.7186 2.8148e-03 1.4192e+03    172.864    12.9970    38.5024    29.1099 0.0000e+00
   2710.000    13.4218     0.1896    98.7236 1.5372e-03 1.4197e+03    172.814    12.9970    38.5025    29.1100 0.0000e+00
   2711.000    13.4219     0.1850    98.7225 1.1374e-03 1.4219e+03    172.776    12.9970    38.5026    29.1101 0.0000e+00
   2712.000    13.4221     0.1843    98.7179 9.4719e-04 1.4194e+03    172.698    12.9969    38.5025    29.1100 0.0000e+00
   2713.000    13.4223     0.1889    98.7251 2.5685e-03 1.4188e+03    172.857    12.9969    38.5024    29.1100 0.0000e+00
   2714.000    13.4223     0.1891    98.7158 1.1945e-03 1.4208e+03    172.818    12.9968    38.5024    29.1100 0.0000e+00
   2715.000    13.4224     0.1856    98.7269 8.6827e-04 1.4188e+03    172.892    12.9967    38.5023    29.1100 0.0000e+00
   2716.000    13.4224     0.1847    98.7214 6.1539e-05 1.4221e+03    172.924    12.9965    38.5024    29.1100 0.0000e+00
   2717.000    13.4224     0.1879    98.7281 2.2183e-07 1.4197e+03    172.666    12.9964    38.5024    29.1101 0.0000e+00
   2718.000    13.4226     0.1856    98.7214 1.9273e-04 1.4173e+03    172.697    12.9964    38.5024    29.1101 0.0000e+00
   2719.000    13.4227     0.1840    98.7214 4.7027e-05 1.4221e+03    172.727    12.9964    38.5024    29.1101 0.0000e+00
   2720.000    13.4229     0.1837    98.7208 1.1874e-04 1.4195e+03    172.899    12.9964    38.5024    29.1101 0.0000e+00
   2721.000    13.4230     0.1880    98.7176 8.6729e-04 1.4174e+03    173.060    12.9963    38.5024    29.1101 0.0000e+00
   2722.000    13.4232     0.1907    98.7180 1.2057e-04 1.4186e+03    172.704    12.9963    38.5024    29.1101 0.0000e+00
   2723.000    13.4233     0.1883    98.7248 1.5960e-04 1.4160e+03    172.574    12.9962    38.5024    29.1101 0.0000e+00
   2724.000    13.4233     0.1879    98.7197 9.2183e-04 1.4211e+03    172.625    12.9961    38.5024    29.1101 0.0000e+00
   2725.000    13.4236     0.1875    98.7225 5.1270e-04 1.4150e+03    172.698    12.9963    38.5023    29.1100 0.0000e+00
   2726.000    13.4238     0.1897    98.7202 1.0846e-03 1.4121e+03    172.735    12.9963    38.5022    29.1100 0.0000e+00
   2727.000    13.4238     0.1866    98.7143 1.0445e-03 1.4131e+03    172.965    12.9961    38.5024    29.1101 0.0000e+00
   2728.000    13.4239     0.1828    98.7146 1.5175e-04 1.4172e+03    172.989    12.9960    38.5024    29.1101 0.0000e+00
   2729.000    13.4241     0.1812    98.7192 5.1562e-05 1.4198e+03    172.704    12.9961    38.5023    29.1100 0.0000e+00
   2730.000    13.4242     0.1871    98.7143 1.9655e-04 1.4174e+03    172.883    12.9959    38.5024    29.1101 0.0000e+00
   2731.000    13.4244     0.1874    98.7201 1.5733e-03 1.4167e+03    172.829    12.9960    38.5022    29.1100 0.0000e+00
   2732.000    13.4245     0.1900    98.7191 9.0744e-04 1.4163e+03    172.539    12.9959    38.5023    29.1101 0.0000e+00
   2733.000    13.4249     0.1898    98.7180 6.7132e-04 1.4174e+03    172.487    12.9962    38.5024    29.1101 0.0000e+00
   2734.000    13.4252     0.1856    98.7180 6.8034e-04 1.4201e+03    172.545    12.9962    38.5024    29.1101 0.0000e+00
   2735.000    13.4253     0.1887    98.7176 6.9902e-04 1.4176e+03    172.775    12.9962    38.5024    29.1101 0.0000e+00
   2736.000    13.4253     0.1855    98.7191 9.1402e-04 1.4180e+03    172.710    12.9961    38.5023    29.1101 0.0000e+00
   2737.000    13.4252     0.1851    98.7165 6.3504e-04 1.4182e+03    172.790    12.9958    38.5022    29.1101 0.0000e+00
   2738.000    13.4251     0.1878    98.7079 4.9899e-05 1.4151e+03    172.865    12.9955    38.5021    29.1100 0.0000e+00
   2739.000    13.4252     0.1840    98.7157 1.0667e-04 1.4183e+03    172.868    12.9955    38.5023    29.1102 0.0000e+00
   2740.000    13.4253     0.1869    98.7132 3.4368e-07 1.4169e+03    172.807    12.9954    38.5022    29.1101 0.0000e+00
   2741.000    13.4253     0.1868    98.7146 3.1580e-04 1.4230e+03    172.746    12.9952    38.5021    29.1101 0.0000e+00
   2742.000    13.4251     0.1816    98.7186 2.1654e-06 1.4210e+03    172.749    12.9948    38.5021    29.1102 0.0000e+00
   2743.000    13.4253     0.1823    98.7168 2.5456e-05 1.4196e+03    172.916    12.9949    38.5020    29.1101 0.0000e+00
   2744.000    13.4254     0.1814    98.7077 2.3621e-04 1.4193e+03    173.012    12.9948    38.5021    29.1101 0.0000e+00
   2745.000    13.4256     0.1777    98.7147 2.0514e-04 1.4269e+03    172.934    12.9948    38.5019    29.1100 0.0000e+00
   2746.000    13.4257     0.1891    98.7132 5.0373e-07 1.4215e+03    172.973    12.9948    38.5021    29.1101 0.0000e+00
   2747.000    13.4259     0.1915    98.7157 4.3451e-05 1.4167e+03    172.662    12.9948    38.5021    29.1102 0.0000e+00
   2748.000    13.4261     0.1933    98.7225 5.0478e-04 1.4216e+03    172.541    12.9948    38.5021    29.1102 0.0000e+00
   2749.000    13.4263     0.1897    98.7168 4.9974e-04 1.4170e+03    172.546    12.9949    38.5020    29.1101 0.0000e+00
   2750.000    13.4265     0.1905    98.7157 5.6727e-05 1.4183e+03    172.907    12.9948    38.5021    29.1102 0.0000e+00
   2751.000    13.4266     0.1887    98.7078 -2.455e-07 1.4218e+03    173.104    12.9948    38.5020    29.1101 0.0000e+00
   2752.000    13.4266     0.1913    98.7146 1.0000e-12 1.4177e+03    172.907    12.9946    38.5020    29.1102 0.0000e+00
   2753.000    13.4268     0.1911    98.7078 2.2652e-05 1.4192e+03    172.834    12.9946    38.5019    29.1100 0.0000e+00
   2754.000    13.4267     0.1881    98.7146 -1.332e-07 1.4170e+03    172.920    12.9944    38.5018    29.1100 0.0000e+00
