Data/ruptures/PEACETIME/TYR/PEACETIME_TYR_CTD_021.cnv
* Sea-Bird SBE 9 Data File:
* FileName = C:\CTD\rawCTD\PEACETIME_TYR_CTD_021.hdr
* Software Version Seasave V 7.23.2
* Temperature SN = 1378
* Conductivity SN = 2929
* Number of Bytes Per Scan = 34
* Number of Voltage Words = 5
* Number of Scans Averaged by the Deck Unit = 1
* NMEA Latitude = 39 20.40 N
* NMEA Longitude = 012 35.55 E
* NMEA UTC (Time) = May 18 2017  18:57:49
* NMEA baud rate = 4800
** Cruise:   PEACETIME
** Station:   TYR_CTD_021
# nquan = 11
# nvalues = 203                         
# units = specified
# name 0 = prDM: Pressure, Digiquartz [db]
# name 1 = t090C: Temperature [ITS-90, deg C]
# name 2 = flC: Fluorescence, Chelsea Aqua 3 Chl Con [ug/l]
# name 3 = CStarTr0: Beam Transmission, WET Labs C-Star [%]
# name 4 = par: PAR/Irradiance, Biospherical/Licor
# name 5 = spar: SPAR/Surface Irradiance
# name 6 = sbeox0Mm/Kg: Oxygen, SBE 43 [umol/kg]
# name 7 = potemp090C: Potential Temperature [ITS-90, deg C]
# name 8 = sal00: Salinity, Practical [PSU]
# name 9 = sigma-é00: Density [sigma-theta, kg/m^3]
# name 10 = flag:
# span 0 =      1.000,    203.000       
# span 1 =    14.4522,    21.4502       
# span 2 =     0.1714,     0.3667       
# span 3 =    96.5420,    98.4832       
# span 4 = -1.481e-05, 4.6491e-01       
# span 5 = 9.2169e-01, 4.0548e+00       
# span 6 =    170.625,    239.490       
# span 7 =    14.4351,    21.4495       
# span 8 =    37.8852,    38.7270       
# span 9 =    26.5793,    28.9699       
# span 10 = 0.0000e+00, 0.0000e+00      
# interval = decibars: 1                
# start_time = May 18 2017 18:57:49 [NMEA time, header]
# bad_flag = -9.990e-29
*END*
      1.000    21.1086     0.1846    96.8904 4.6491e-01 2.3257e+00    216.680    21.1083    37.9023    26.6754 0.0000e+00
      2.000    21.2726     0.2015    96.8823 3.1393e-01 2.5653e+00    217.259    21.2722    37.9043    26.6313 0.0000e+00
      3.000    21.3427     0.1996    96.8795 1.9364e-01 3.3260e+00    216.130    21.3422    37.9040    26.6116 0.0000e+00
      4.000    21.4502     0.1959    96.8701 1.6198e-01 2.8559e+00    211.603    21.4495    37.9010    26.5793 0.0000e+00
      5.000    20.9000     0.1961    96.8667 9.1035e-02 3.3361e+00    211.557    20.8990    37.9036    26.7334 0.0000e+00
      6.000    20.3671     0.1921    96.8962 6.7904e-02 2.5618e+00    218.116    20.3660    37.9446    26.9105 0.0000e+00
      7.000    20.5508     0.1875    96.9078 4.1569e-02 2.7701e+00    217.105    20.5494    37.9715    26.8817 0.0000e+00
      8.000    20.3957     0.1902    96.9356 3.2826e-02 2.9972e+00    217.581    20.3942    37.9746    26.9264 0.0000e+00
      9.000    20.2608     0.1888    96.8780 3.6018e-02 2.3131e+00    215.600    20.2591    37.9706    26.9599 0.0000e+00
     10.000    19.5656     0.1881    96.8670 2.6310e-02 1.9924e+00    216.420    19.5638    37.9224    27.1084 0.0000e+00
     11.000    18.9756     0.1884    96.8777 2.0225e-02 3.4361e+00    222.175    18.9736    37.9211    27.2626 0.0000e+00
     12.000    18.8769     0.1927    96.8931 1.0265e-02 2.1584e+00    223.170    18.8747    37.9177    27.2857 0.0000e+00
     13.000    18.6065     0.1883    96.9081 5.1262e-03 1.6577e+00    224.771    18.6042    37.9052    27.3457 0.0000e+00
     14.000    18.4117     0.1888    96.9060 4.9416e-03 2.4186e+00    226.105    18.4092    37.9481    27.4284 0.0000e+00
     15.000    18.3299     0.1935    96.9239 1.6139e-03 2.6857e+00    226.589    18.3273    37.9583    27.4571 0.0000e+00
     16.000    18.1352     0.1880    96.9545 -1.481e-05 2.6001e+00    227.798    18.1324    37.9220    27.4787 0.0000e+00
     17.000    18.0200     0.1964    96.9630 1.0908e-04 2.4187e+00    228.071    18.0171    37.9114    27.4996 0.0000e+00
     18.000    17.8647     0.1952    96.9848 1.9496e-08 3.4356e+00    229.593    17.8616    37.8956    27.5264 0.0000e+00
     19.000    17.8186     0.1916    97.0093 1.0000e-12 2.8383e+00    229.486    17.8153    37.8956    27.5380 0.0000e+00
     20.000    17.7443     0.1924    97.0198 1.0000e-12 2.4556e+00    230.831    17.7408    37.8866    27.5497 0.0000e+00
     21.000    17.7250     0.1925    97.0300 -9.990e-29 3.1410e+00    230.689    17.7213    37.8852    27.5535 0.0000e+00
     22.000    17.6688     0.1903    97.0262 1.0000e-12 2.1450e+00    230.781    17.6650    37.9062    27.5836 0.0000e+00
     23.000    17.6255     0.1920    97.0294 1.0000e-12 2.5276e+00    230.979    17.6216    37.9602    27.6358 0.0000e+00
     24.000    17.6289     0.1955    97.0532 1.0000e-12 3.2093e+00    230.825    17.6248    38.0001    27.6657 0.0000e+00
     25.000    17.6668     0.1934    97.0358 1.0000e-12 2.7746e+00    231.384    17.6624    38.0371    27.6847 0.0000e+00
     26.000    17.7769     0.1949    97.0113 1.0000e-12 2.7596e+00    230.370    17.7724    38.1431    27.7387 0.0000e+00
     27.000    17.7185     0.1926    96.9968 1.0000e-12 1.6977e+00    228.968    17.7138    38.1477    27.7569 0.0000e+00
     28.000    17.6145     0.1946    96.9489 1.0000e-12 3.8413e+00    229.482    17.6097    38.1446    27.7804 0.0000e+00
     29.000    17.5391     0.1949    96.9331 1.0000e-12 2.5261e+00    229.938    17.5341    38.1440    27.7987 0.0000e+00
     30.000    17.3210     0.1912    96.8751 1.0000e-12 3.1803e+00    231.399    17.3159    38.1090    27.8256 0.0000e+00
     31.000    16.9998     0.1922    96.9043 1.0000e-12 2.8451e+00    230.491    16.9946    38.0489    27.8579 0.0000e+00
     32.000    16.5395     0.1891    96.9914 1.0000e-12 2.6977e+00    231.893    16.5343    37.9766    27.9131 0.0000e+00
     33.000    16.2121     0.1934    96.9206 1.0000e-12 2.0712e+00    234.424    16.2067    37.9494    27.9700 0.0000e+00
     34.000    16.0956     0.1979    96.9011 1.0000e-12 2.3059e+00    235.963    16.0901    37.9545    28.0013 0.0000e+00
     35.000    15.9705     0.2009    96.8491 1.0000e-12 2.2303e+00    237.892    15.9648    37.9705    28.0430 0.0000e+00
     36.000    15.9826     0.2028    96.8461 1.0000e-12 2.0047e+00    238.826    15.9768    38.0145    28.0741 0.0000e+00
     37.000    15.9045     0.2010    96.8680 1.0000e-12 2.7052e+00    237.557    15.8986    38.0249    28.1004 0.0000e+00
     38.000    15.7080     0.1995    96.8512 1.0000e-12 2.8439e+00    237.961    15.7019    38.0389    28.1569 0.0000e+00
     39.000    15.5746     0.2036    96.7860 1.0000e-12 2.0388e+00    236.636    15.5684    38.0387    28.1876 0.0000e+00
     40.000    15.4227     0.2041    96.6836 1.0000e-12 3.7242e+00    237.762    15.4164    38.0338    28.2187 0.0000e+00
     41.000    15.4093     0.2054    96.6476 1.0000e-12 2.8122e+00    239.377    15.4028    38.0717    28.2511 0.0000e+00
     42.000    15.4422     0.2094    96.6159 1.0000e-12 2.1340e+00    238.886    15.4356    38.1133    28.2757 0.0000e+00
     43.000    15.4154     0.2110    96.5420 1.0000e-12 2.2459e+00    238.710    15.4087    38.1188    28.2861 0.0000e+00
     44.000    15.3716     0.2064    96.5628 1.0000e-12 2.8689e+00    238.459    15.3647    38.1214    28.2982 0.0000e+00
     45.000    15.3043     0.2056    96.5556 1.0000e-12 2.2313e+00    238.281    15.2972    38.1257    28.3169 0.0000e+00
     46.000    15.2969     0.2144    96.6846 1.0000e-12 2.5747e+00    238.737    15.2897    38.1464    28.3346 0.0000e+00
     47.000    15.2907     0.2163    96.7322 1.0000e-12 3.2059e+00    239.490    15.2834    38.1570    28.3442 0.0000e+00
     48.000    15.2793     0.2096    96.7467 1.0000e-12 2.7664e+00    238.827    15.2718    38.1584    28.3479 0.0000e+00
     49.000    15.2323     0.2069    96.7585 1.0000e-12 1.4166e+00    237.521    15.2247    38.1609    28.3606 0.0000e+00
     50.000    15.1787     0.2116    96.7770 1.0000e-12 2.9066e+00    237.547    15.1709    38.1767    28.3850 0.0000e+00
     51.000    15.1488     0.2151    96.8303 1.0000e-12 2.3288e+00    236.927    15.1409    38.1797    28.3942 0.0000e+00
     52.000    15.1151     0.2199    96.7882 1.0000e-12 4.0548e+00    236.682    15.1071    38.1818    28.4035 0.0000e+00
     53.000    15.0763     0.2165    96.7339 1.0000e-12 2.7830e+00    236.236    15.0681    38.1877    28.4168 0.0000e+00
     54.000    15.0272     0.2165    96.8071 1.0000e-12 3.0063e+00    236.276    15.0189    38.1911    28.4306 0.0000e+00
     55.000    15.0064     0.2190    96.9149 1.0000e-12 2.2571e+00    234.909    14.9978    38.2071    28.4477 0.0000e+00
     56.000    14.9903     0.2171    96.9641 1.0000e-12 3.6747e+00    234.224    14.9817    38.2152    28.4576 0.0000e+00
     57.000    14.9755     0.2259    96.9231 1.0000e-12 2.3220e+00    232.843    14.9667    38.2195    28.4642 0.0000e+00
     58.000    14.9532     0.2274    96.9178 1.0000e-12 2.1307e+00    230.941    14.9442    38.2310    28.4782 0.0000e+00
     59.000    14.9293     0.2297    96.8315 1.0000e-12 2.3864e+00    230.769    14.9202    38.2383    28.4893 0.0000e+00
     60.000    14.9128     0.2307    96.8515 1.0000e-12 2.1925e+00    229.682    14.9035    38.2434    28.4969 0.0000e+00
     61.000    14.9019     0.2402    96.8482 1.0000e-12 1.8122e+00    229.171    14.8925    38.2470    28.5022 0.0000e+00
     62.000    14.8863     0.2409    96.8443 1.0000e-12 2.6382e+00    228.116    14.8767    38.2510    28.5088 0.0000e+00
     63.000    14.8685     0.2431    96.8403 1.0000e-12 2.7890e+00    227.321    14.8588    38.2551    28.5160 0.0000e+00
     64.000    14.8409     0.2455    96.8106 1.0000e-12 2.5390e+00    225.384    14.8310    38.2618    28.5275 0.0000e+00
     65.000    14.8242     0.2467    96.8683 1.0000e-12 3.2180e+00    224.787    14.8142    38.2651    28.5337 0.0000e+00
     66.000    14.8108     0.2467    96.8621 1.0000e-12 3.3487e+00    223.038    14.8007    38.2700    28.5406 0.0000e+00
     67.000    14.7914     0.2569    96.7483 1.0000e-12 2.9203e+00    221.976    14.7812    38.2731    28.5473 0.0000e+00
     68.000    14.7770     0.2686    96.5936 1.0000e-12 3.4893e+00    221.370    14.7666    38.2761    28.5529 0.0000e+00
     69.000    14.7727     0.2801    96.5857 1.0000e-12 2.7739e+00    220.630    14.7621    38.2776    28.5551 0.0000e+00
     70.000    14.7696     0.2904    96.6389 1.0000e-12 2.1816e+00    219.950    14.7588    38.2809    28.5584 0.0000e+00
     71.000    14.7609     0.2863    96.6605 1.0000e-12 2.8537e+00    218.649    14.7500    38.2847    28.5633 0.0000e+00
     72.000    14.7368     0.2943    96.6357 1.0000e-12 2.0597e+00    216.344    14.7257    38.2887    28.5718 0.0000e+00
     73.000    14.7143     0.2962    96.8042 1.0000e-12 3.4292e+00    215.425    14.7031    38.2954    28.5820 0.0000e+00
     74.000    14.7039     0.3046    96.8138 1.0000e-12 2.4520e+00    214.170    14.6925    38.3012    28.5888 0.0000e+00
     75.000    14.7028     0.3067    96.8235 1.0000e-12 2.0604e+00    213.965    14.6913    38.3053    28.5922 0.0000e+00
     76.000    14.7030     0.3092    96.8194 1.0000e-12 2.7235e+00    213.229    14.6914    38.3079    28.5943 0.0000e+00
     77.000    14.6948     0.3183    96.7711 1.0000e-12 2.0611e+00    213.436    14.6830    38.3083    28.5964 0.0000e+00
     78.000    14.6676     0.3328    96.6410 1.0000e-12 2.9531e+00    213.924    14.6557    38.3070    28.6016 0.0000e+00
     79.000    14.6631     0.3467    96.6391 1.0000e-12 2.7455e+00    212.368    14.6510    38.3147    28.6085 0.0000e+00
     80.000    14.6734     0.3667    96.6071 1.0000e-12 1.9235e+00    210.255    14.6612    38.3208    28.6110 0.0000e+00
     81.000    14.6397     0.3551    96.6477 1.0000e-12 3.1387e+00    211.464    14.6274    38.3155    28.6144 0.0000e+00
     82.000    14.6190     0.3610    96.7568 1.0000e-12 1.9400e+00    211.396    14.6065    38.3129    28.6171 0.0000e+00
     83.000    14.6204     0.3666    96.7609 1.0000e-12 2.2699e+00    209.796    14.6077    38.3189    28.6214 0.0000e+00
     84.000    14.6484     0.3649    96.8274 1.0000e-12 1.6238e+00    207.357    14.6355    38.3362    28.6286 0.0000e+00
     85.000    14.6489     0.3549    96.9355 1.0000e-12 3.3084e+00    207.066    14.6359    38.3378    28.6298 0.0000e+00
     86.000    14.6448     0.3579    96.9340 1.0000e-12 2.3802e+00    206.310    14.6317    38.3371    28.6301 0.0000e+00
     87.000    14.6317     0.3290    96.9895 1.0000e-12 2.0408e+00    206.732    14.6184    38.3352    28.6316 0.0000e+00
     88.000    14.6277     0.3352    97.0323 1.0000e-12 2.8935e+00    205.135    14.6142    38.3401    28.6363 0.0000e+00
     89.000    14.6685     0.3284    97.0864 1.0000e-12 2.2352e+00    200.060    14.6549    38.3679    28.6488 0.0000e+00
     90.000    14.6973     0.3181    97.2356 1.0000e-12 3.4663e+00    196.969    14.6835    38.3910    28.6603 0.0000e+00
     91.000    14.7129     0.3088    97.2485 1.0000e-12 2.8325e+00    195.488    14.6990    38.4010    28.6646 0.0000e+00
     92.000    14.7196     0.3098    97.3469 1.0000e-12 2.6729e+00    194.783    14.7054    38.4083    28.6688 0.0000e+00
     93.000    14.7246     0.3059    97.4276 -9.990e-29 2.5649e+00    193.394    14.7103    38.4161    28.6737 0.0000e+00
     94.000    14.7273     0.2944    97.4651 1.0000e-12 1.7993e+00    192.830    14.7129    38.4212    28.6771 0.0000e+00
     95.000    14.7238     0.2988    97.5460 1.0000e-12 1.7357e+00    191.220    14.7092    38.4303    28.6849 0.0000e+00
     96.000    14.7197     0.2834    97.6703 1.0000e-12 3.3275e+00    189.954    14.7050    38.4408    28.6940 0.0000e+00
     97.000    14.7140     0.2711    97.7702 1.0000e-12 2.1843e+00    187.853    14.6991    38.4604    28.7104 0.0000e+00
     98.000    14.6888     0.2590    97.8347 1.0000e-12 2.2972e+00    188.031    14.6738    38.4624    28.7176 0.0000e+00
     99.000    14.6751     0.2586    97.8852 1.0000e-12 2.1540e+00    188.450    14.6600    38.4623    28.7207 0.0000e+00
    100.000    14.6662     0.2578    97.9090 -9.990e-29 2.6375e+00    188.102    14.6509    38.4638    28.7238 0.0000e+00
    101.000    14.6549     0.2572    97.9347 1.0000e-12 3.0177e+00    187.943    14.6394    38.4736    28.7340 0.0000e+00
    102.000    14.6686     0.2479    97.9721 1.0000e-12 2.5215e+00    186.931    14.6530    38.4825    28.7378 0.0000e+00
    103.000    14.6608     0.2388    98.0074 1.0000e-12 2.3625e+00    186.794    14.6450    38.4856    28.7420 0.0000e+00
    104.000    14.6463     0.2390    98.0177 1.0000e-12 2.3570e+00    187.264    14.6304    38.4870    28.7464 0.0000e+00
    105.000    14.6217     0.2341    98.0403 1.0000e-12 2.2315e+00    188.019    14.6056    38.4860    28.7511 0.0000e+00
    106.000    14.5910     0.2305    98.0406 1.0000e-12 2.4560e+00    188.607    14.5748    38.4832    28.7558 0.0000e+00
    107.000    14.5730     0.2268    98.0667 1.0000e-12 3.2970e+00    189.538    14.5567    38.4807    28.7578 0.0000e+00
    108.000    14.5486     0.2280    98.0513 1.0000e-12 2.9864e+00    190.505    14.5321    38.4759    28.7596 0.0000e+00
    109.000    14.5226     0.2302    98.0567 1.0000e-12 2.1649e+00    191.634    14.5060    38.4711    28.7617 0.0000e+00
    110.000    14.5075     0.2340    98.0381 1.0000e-12 2.4944e+00    191.483    14.4908    38.4685    28.7630 0.0000e+00
    111.000    14.5018     0.2341    98.0523 1.0000e-12 2.3787e+00    191.799    14.4849    38.4675    28.7636 0.0000e+00
    112.000    14.4907     0.2337    98.0555 1.0000e-12 3.4105e+00    192.392    14.4737    38.4653    28.7644 0.0000e+00
    113.000    14.4522     0.2283    98.0672 1.0000e-12 3.1695e+00    193.383    14.4351    38.4597    28.7685 0.0000e+00
    114.000    14.4589     0.2295    98.0916 1.0000e-12 2.5790e+00    193.123    14.4416    38.4685    28.7740 0.0000e+00
    115.000    14.4827     0.2274    98.1101 1.0000e-12 2.2754e+00    191.947    14.4652    38.4777    28.7758 0.0000e+00
    116.000    14.4791     0.2208    98.1277 -9.990e-29 1.2974e+00    191.752    14.4615    38.4776    28.7765 0.0000e+00
    117.000    14.4829     0.2224    98.1489 -9.990e-29 2.7961e+00    191.431    14.4651    38.4812    28.7785 0.0000e+00
    118.000    14.4971     0.2202    98.1626 1.0000e-12 2.6276e+00    190.477    14.4792    38.4868    28.7798 0.0000e+00
    119.000    14.5079     0.2209    98.1861 1.0000e-12 3.6134e+00    189.665    14.4898    38.4918    28.7813 0.0000e+00
    120.000    14.5122     0.2198    98.2055 1.0000e-12 1.6082e+00    189.719    14.4940    38.4957    28.7834 0.0000e+00
    121.000    14.4968     0.2142    98.2103 1.0000e-12 2.8473e+00    189.722    14.4784    38.4964    28.7874 0.0000e+00
    122.000    14.5111     0.2180    98.2212 1.0000e-12 2.4964e+00    187.604    14.4925    38.5119    28.7962 0.0000e+00
    123.000    14.4869     0.2119    98.2524 1.0000e-12 2.4579e+00    187.086    14.4682    38.5161    28.8048 0.0000e+00
    124.000    14.4764     0.2116    98.2534 1.0000e-12 2.2307e+00    188.263    14.4575    38.5172    28.8080 0.0000e+00
    125.000    14.5205     0.2085    98.2562 1.0000e-12 1.7829e+00    185.862    14.5015    38.5366    28.8133 0.0000e+00
    126.000    14.5637     0.2060    98.2744 1.0000e-12 3.0912e+00    183.366    14.5445    38.5535    28.8169 0.0000e+00
    127.000    14.5683     0.2101    98.2827 1.0000e-12 2.2192e+00    183.339    14.5489    38.5578    28.8192 0.0000e+00
    128.000    14.5567     0.2066    98.2979 1.0000e-12 2.1262e+00    183.156    14.5372    38.5573    28.8214 0.0000e+00
    129.000    14.5467     0.2100    98.3061 1.0000e-12 1.9829e+00    183.391    14.5270    38.5561    28.8228 0.0000e+00
    130.000    14.5378     0.2104    98.2915 1.0000e-12 1.8532e+00    183.805    14.5180    38.5549    28.8239 0.0000e+00
    131.000    14.5566     0.2080    98.3042 1.0000e-12 2.4889e+00    182.657    14.5366    38.5673    28.8293 0.0000e+00
