Data/ruptures/PEACETIME/TYR/PEACETIME_TYR_CTD_027.cnv
* Sea-Bird SBE 9 Data File:
* FileName = C:\CTD\rawCTD\PEACETIME_TYR_CTD_027.hdr
* Software Version Seasave V 7.23.2
* Temperature SN = 1378
* Conductivity SN = 2929
* Number of Bytes Per Scan = 34
* Number of Voltage Words = 5
* Number of Scans Averaged by the Deck Unit = 1
* NMEA Latitude = 39 20.37 N
* NMEA Longitude = 012 35.58 E
* NMEA UTC (Time) = May 20 2017  08:15:59
* NMEA baud rate = 4800
** Cruise:   PEACETIME
** Station:   TYR_CTD_027
# nquan = 11
# nvalues = 3002                        
# units = specified
# name 0 = prDM: Pressure, Digiquartz [db]
# name 1 = t090C: Temperature [ITS-90, deg C]
# name 2 = flC: Fluorescence, Chelsea Aqua 3 Chl Con [ug/l]
# name 3 = CStarTr0: Beam Transmission, WET Labs C-Star [%]
# name 4 = par: PAR/Irradiance, Biospherical/Licor
# name 5 = spar: SPAR/Surface Irradiance
# name 6 = sbeox0Mm/Kg: Oxygen, SBE 43 [umol/kg]
# name 7 = potemp090C: Potential Temperature [ITS-90, deg C]
# name 8 = sal00: Salinity, Practical [PSU]
# name 9 = sigma-é00: Density [sigma-theta, kg/m^3]
# name 10 = flag:
# span 0 =      2.000,   3003.000       
# span 1 =    13.3975,    19.8279       
# span 2 =     0.1735,     0.4029       
# span 3 =    96.2426,    98.6252       
# span 4 = -6.837e-06, 1.2538e+03       
# span 5 = 1.1671e+03, 3.2971e+03       
# span 6 =    163.882,    245.609       
# span 7 =    12.9805,    19.8266       
# span 8 =    37.8990,    38.8238       
# span 9 =    27.0933,    29.1132       
# span 10 = 0.0000e+00, 0.0000e+00      
# interval = decibars: 1                
# start_time = May 20 2017 08:15:59 [NMEA time, header]
# bad_flag = -9.990e-29
*END*
[from data line 2755]
   2757.000    13.4245     0.1796    98.6005 1.0000e-12 1.3127e+03    172.961    12.9917    38.5013    29.1102 0.0000e+00
   2758.000    13.4246     0.1800    98.6012 1.0000e-12 1.3162e+03    172.876    12.9916    38.5013    29.1102 0.0000e+00
   2759.000    13.4247     0.1842    98.6037 1.0000e-12 1.3133e+03    172.569    12.9916    38.5013    29.1102 0.0000e+00
   2760.000    13.4249     0.1899    98.6037 1.0000e-12 1.3104e+03    172.683    12.9916    38.5012    29.1102 0.0000e+00
   2761.000    13.4250     0.1868    98.6037 1.0000e-12 1.3116e+03    173.008    12.9916    38.5012    29.1102 0.0000e+00
   2762.000    13.4253     0.1869    98.6006 1.0000e-12 1.3083e+03    172.966    12.9916    38.5011    29.1101 0.0000e+00
   2763.000    13.4254     0.1910    98.6006 1.0000e-12 1.3155e+03    172.678    12.9915    38.5012    29.1102 0.0000e+00
   2764.000    13.4255     0.1852    98.5958 1.0000e-12 1.3204e+03    172.772    12.9915    38.5012    29.1102 0.0000e+00
   2765.000    13.4257     0.1782    98.5991 1.0000e-12 1.3195e+03    172.948    12.9915    38.5012    29.1102 0.0000e+00
   2766.000    13.4258     0.1802    98.5922 1.0000e-12 1.3231e+03    173.012    12.9915    38.5012    29.1102 0.0000e+00
   2767.000    13.4259     0.1758    98.6013 1.0000e-12 1.3323e+03    173.011    12.9914    38.5013    29.1102 0.0000e+00
   2768.000    13.4259     0.1827    98.6017 1.0000e-12 1.3382e+03    173.059    12.9913    38.5012    29.1102 0.0000e+00
   2769.000    13.4259     0.1867    98.5929 1.0000e-12 1.3442e+03    173.142    12.9910    38.5013    29.1104 0.0000e+00
   2770.000    13.4261     0.1849    98.5900 1.0000e-12 1.3498e+03    173.130    12.9911    38.5012    29.1102 0.0000e+00
   2771.000    13.4262     0.1886    98.5945 -9.990e-29 1.3576e+03    173.234    12.9910    38.5011    29.1102 0.0000e+00
   2772.000    13.4262     0.1916    98.5984 -9.990e-29 1.3822e+03    173.228    12.9909    38.5013    29.1104 0.0000e+00
   2773.000    13.4263     0.1886    98.6004 -9.990e-29 1.4242e+03    173.128    12.9908    38.5012    29.1103 0.0000e+00
   2774.000    13.4264     0.1896    98.5991 -9.990e-29 1.4898e+03    172.984    12.9907    38.5010    29.1102 0.0000e+00
   2775.000    13.4265     0.1907    98.5998 -9.990e-29 1.9000e+03    172.940    12.9906    38.5009    29.1101 0.0000e+00
   2776.000    13.4266     0.1877    98.5950 -9.990e-29 2.2677e+03    173.119    12.9905    38.5009    29.1101 0.0000e+00
   2777.000    13.4265     0.1817    98.5947 -9.990e-29 2.4026e+03    172.800    12.9902    38.5011    29.1103 0.0000e+00
   2778.000    13.4265     0.1815    98.5942 1.0000e-12 2.7319e+03    172.902    12.9901    38.5011    29.1103 0.0000e+00
   2779.000    13.4267     0.1808    98.5893 1.0000e-12 2.9564e+03    172.920    12.9901    38.5009    29.1102 0.0000e+00
   2780.000    13.4267     0.1784    98.5979 1.0000e-12 3.0849e+03    173.042    12.9900    38.5009    29.1103 0.0000e+00
   2781.000    13.4269     0.1758    98.5999 1.0000e-12 3.1265e+03    173.269    12.9900    38.5007    29.1101 0.0000e+00
   2782.000    13.4271     0.1772    98.5958 1.0000e-12 3.1274e+03    173.232    12.9900    38.5008    29.1101 0.0000e+00
   2783.000    13.4270     0.1821    98.5969 1.0000e-12 3.1154e+03    172.862    12.9898    38.5008    29.1102 0.0000e+00
   2784.000    13.4270     0.1856    98.5939 1.0000e-12 3.1213e+03    172.546    12.9896    38.5009    29.1103 0.0000e+00
   2785.000    13.4272     0.1848    98.5894 1.0000e-12 3.1276e+03    172.773    12.9896    38.5009    29.1103 0.0000e+00
   2786.000    13.4272     0.1878    98.5893 1.0000e-12 3.1319e+03    172.965    12.9895    38.5008    29.1103 0.0000e+00
   2787.000    13.4274     0.1875    98.5968 1.0000e-12 3.1052e+03    173.125    12.9894    38.5008    29.1103 0.0000e+00
   2788.000    13.4276     0.1824    98.5955 1.0000e-12 2.9659e+03    172.909    12.9895    38.5007    29.1102 0.0000e+00
   2789.000    13.4275     0.1827    98.5964 1.0000e-12 2.8047e+03    172.880    12.9893    38.5007    29.1102 0.0000e+00
   2790.000    13.4275     0.1932    98.5972 1.0000e-12 2.3735e+03    173.106    12.9890    38.5007    29.1103 0.0000e+00
   2791.000    13.4275     0.1903    98.5916 1.0000e-12 1.8595e+03    173.040    12.9889    38.5006    29.1103 0.0000e+00
   2792.000    13.4276     0.1885    98.5995 1.0000e-12 1.6991e+03    172.896    12.9889    38.5007    29.1103 0.0000e+00
   2793.000    13.4278     0.1889    98.5942 1.0000e-12 1.6090e+03    172.908    12.9889    38.5006    29.1103 0.0000e+00
   2794.000    13.4279     0.1861    98.5996 1.0000e-12 1.5448e+03    173.098    12.9888    38.5006    29.1103 0.0000e+00
   2795.000    13.4280     0.1855    98.5945 1.0000e-12 1.4107e+03    173.411    12.9887    38.5006    29.1103 0.0000e+00
   2796.000    13.4283     0.1834    98.5876 1.0000e-12 1.3729e+03    173.290    12.9888    38.5006    29.1103 0.0000e+00
   2797.000    13.4284     0.1825    98.5944 1.0000e-12 1.3636e+03    173.130    12.9888    38.5007    29.1103 0.0000e+00
   2798.000    13.4286     0.1805    98.5988 1.0000e-12 1.3419e+03    173.190    12.9888    38.5006    29.1103 0.0000e+00
   2799.000    13.4287     0.1857    98.5962 1.0000e-12 1.3414e+03    173.307    12.9887    38.5006    29.1103 0.0000e+00
   2800.000    13.4287     0.1911    98.6014 1.0000e-12 1.3364e+03    172.981    12.9886    38.5006    29.1103 0.0000e+00
   2801.000    13.4289     0.1900    98.5890 1.0000e-12 1.3207e+03    172.870    12.9886    38.5004    29.1102 0.0000e+00
   2802.000    13.4290     0.1880    98.5944 1.0000e-12 1.3173e+03    172.957    12.9885    38.5005    29.1102 0.0000e+00
   2803.000    13.4289     0.1909    98.5873 -9.990e-29 1.3110e+03    173.013    12.9882    38.5007    29.1104 0.0000e+00
   2804.000    13.4292     0.1880    98.5876 -9.990e-29 1.2966e+03    173.096    12.9883    38.5007    29.1104 0.0000e+00
   2805.000    13.4293     0.1855    98.5752 -9.990e-29 1.2935e+03    173.303    12.9883    38.5007    29.1104 0.0000e+00
   2806.000    13.4295     0.1850    98.5916 -9.990e-29 1.2907e+03    173.330    12.9884    38.5005    29.1103 0.0000e+00
   2807.000    13.4297     0.1838    98.5957 1.0000e-12 1.2927e+03    173.256    12.9883    38.5004    29.1102 0.0000e+00
   2808.000    13.4297     0.1899    98.5950 1.0000e-12 1.2814e+03    173.152    12.9882    38.5005    29.1103 0.0000e+00
   2809.000    13.4300     0.1881    98.5924 1.0000e-12 1.2799e+03    173.072    12.9883    38.5004    29.1102 0.0000e+00
   2810.000    13.4301     0.1886    98.5900 1.0000e-12 1.2731e+03    173.275    12.9882    38.5006    29.1104 0.0000e+00
   2811.000    13.4303     0.1886    98.5893 1.0000e-12 1.2707e+03    173.340    12.9883    38.5006    29.1103 0.0000e+00
   2812.000    13.4306     0.1876    98.5868 -9.990e-29 1.2743e+03    173.225    12.9883    38.5004    29.1102 0.0000e+00
   2813.000    13.4306     0.1836    98.5828 -9.990e-29 1.2736e+03    173.111    12.9882    38.5004    29.1102 0.0000e+00
   2814.000    13.4308     0.1885    98.5882 1.0000e-12 1.2733e+03    173.004    12.9882    38.5005    29.1103 0.0000e+00
   2815.000    13.4307     0.1888    98.5933 1.0000e-12 1.2712e+03    173.155    12.9880    38.5006    29.1104 0.0000e+00
   2816.000    13.4309     0.1863    98.5936 1.0000e-12 1.2653e+03    173.182    12.9880    38.5007    29.1105 0.0000e+00
   2817.000    13.4313     0.1778    98.5930 1.0000e-12 1.2710e+03    173.249    12.9883    38.5004    29.1102 0.0000e+00
   2818.000    13.4315     0.1797    98.5837 1.0000e-12 1.2717e+03    173.171    12.9883    38.5003    29.1102 0.0000e+00
   2819.000    13.4316     0.1799    98.5877 1.0000e-12 1.2668e+03    172.901    12.9882    38.5004    29.1102 0.0000e+00
   2820.000    13.4317     0.1844    98.5874 1.0000e-12 1.2711e+03    172.865    12.9881    38.5004    29.1102 0.0000e+00
   2821.000    13.4319     0.1856    98.5874 1.0000e-12 1.2679e+03    173.077    12.9882    38.5004    29.1102 0.0000e+00
   2822.000    13.4318     0.1823    98.5903 1.0000e-12 1.2665e+03    173.136    12.9878    38.5005    29.1104 0.0000e+00
   2823.000    13.4322     0.1796    98.5901 1.0000e-12 1.2652e+03    173.443    12.9881    38.5005    29.1103 0.0000e+00
   2824.000    13.4324     0.1773    98.5848 1.0000e-12 1.2635e+03    173.526    12.9881    38.5006    29.1104 0.0000e+00
   2825.000    13.4327     0.1787    98.5923 1.0000e-12 1.2622e+03    173.479    12.9882    38.5006    29.1104 0.0000e+00
   2826.000    13.4327     0.1827    98.5850 1.0000e-12 1.2651e+03    173.209    12.9881    38.5004    29.1102 0.0000e+00
   2827.000    13.4328     0.1828    98.5939 1.0000e-12 1.2576e+03    173.049    12.9880    38.5004    29.1102 0.0000e+00
   2828.000    13.4329     0.1869    98.5872 1.0000e-12 1.2609e+03    173.104    12.9879    38.5003    29.1102 0.0000e+00
   2829.000    13.4329     0.1910    98.5908 1.0000e-12 1.2531e+03    173.493    12.9878    38.5004    29.1103 0.0000e+00
   2830.000    13.4330     0.1865    98.5895 1.0000e-12 1.2509e+03    173.319    12.9877    38.5004    29.1103 0.0000e+00
   2831.000    13.4333     0.1867    98.5947 -9.990e-29 1.2465e+03    173.033    12.9878    38.5004    29.1103 0.0000e+00
   2832.000    13.4335     0.1920    98.5880 -9.990e-29 1.2426e+03    172.968    12.9879    38.5006    29.1105 0.0000e+00
   2833.000    13.4338     0.1891    98.5808 -9.990e-29 1.2387e+03    173.015    12.9880    38.5004    29.1102 0.0000e+00
   2834.000    13.4339     0.1843    98.5867 -9.990e-29 1.2445e+03    173.133    12.9879    38.5004    29.1103 0.0000e+00
   2835.000    13.4341     0.1858    98.5947 1.0000e-12 1.2449e+03    173.080    12.9879    38.5003    29.1102 0.0000e+00
   2836.000    13.4341     0.1876    98.5938 1.0000e-12 1.2379e+03    173.028    12.9877    38.5004    29.1103 0.0000e+00
   2837.000    13.4341     0.1915    98.5875 1.0000e-12 1.2297e+03    173.248    12.9876    38.5005    29.1104 0.0000e+00
   2838.000    13.4342     0.1873    98.5900 1.0000e-12 1.2256e+03    173.215    12.9875    38.5005    29.1104 0.0000e+00
   2839.000    13.4345     0.1846    98.5864 1.0000e-12 1.2252e+03    173.280    12.9877    38.5003    29.1103 0.0000e+00
   2840.000    13.4347     0.1877    98.5882 1.0000e-12 1.2278e+03    173.134    12.9877    38.5001    29.1101 0.0000e+00
   2841.000    13.4347     0.1920    98.5918 1.0000e-12 1.2284e+03    173.153    12.9875    38.5003    29.1103 0.0000e+00
   2842.000    13.4346     0.1882    98.5927 1.0000e-12 1.2203e+03    173.159    12.9873    38.5005    29.1105 0.0000e+00
   2843.000    13.4348     0.1857    98.5841 -9.990e-29 1.2148e+03    173.373    12.9873    38.5005    29.1105 0.0000e+00
   2844.000    13.4350     0.1879    98.5963 -9.990e-29 1.2183e+03    173.379    12.9873    38.5004    29.1104 0.0000e+00
   2845.000    13.4351     0.1862    98.5894 -9.990e-29 1.2186e+03    173.538    12.9872    38.5003    29.1104 0.0000e+00
   2846.000    13.4353     0.1856    98.5850 -9.990e-29 1.2211e+03    173.560    12.9872    38.5003    29.1103 0.0000e+00
   2847.000    13.4355     0.1879    98.5947 1.0000e-12 1.2183e+03    173.067    12.9873    38.5002    29.1103 0.0000e+00
   2848.000    13.4354     0.1866    98.5899 1.0000e-12 1.2174e+03    173.276    12.9870    38.5003    29.1104 0.0000e+00
   2849.000    13.4356     0.1873    98.5846 1.0000e-12 1.2132e+03    173.290    12.9871    38.5003    29.1104 0.0000e+00
   2850.000    13.4359     0.1885    98.5915 1.0000e-12 1.2104e+03    173.372    12.9871    38.5004    29.1104 0.0000e+00
   2851.000    13.4361     0.1875    98.5900 1.0000e-12 1.2092e+03    173.459    12.9871    38.5003    29.1103 0.0000e+00
   2852.000    13.4357     0.1847    98.5967 -9.990e-29 1.2145e+03    173.201    12.9866    38.5002    29.1104 0.0000e+00
   2853.000    13.4354     0.1916    98.5915 -9.990e-29 1.2148e+03    173.090    12.9861    38.5000    29.1103 0.0000e+00
   2854.000    13.4356     0.1943    98.5880 -9.990e-29 1.2134e+03    173.190    12.9861    38.4999    29.1103 0.0000e+00
   2855.000    13.4355     0.1883    98.5935 1.0000e-12 1.2138e+03    173.121    12.9859    38.4998    29.1102 0.0000e+00
   2856.000    13.4353     0.1826    98.5918 1.0000e-12 1.2067e+03    173.036    12.9855    38.4999    29.1104 0.0000e+00
   2857.000    13.4354     0.1841    98.5900 1.0000e-12 1.2064e+03    173.096    12.9855    38.4998    29.1103 0.0000e+00
   2858.000    13.4355     0.1834    98.5793 1.0000e-12 1.2106e+03    173.402    12.9854    38.4998    29.1103 0.0000e+00
   2859.000    13.4357     0.1810    98.5913 1.0000e-12 1.2078e+03    173.382    12.9854    38.4997    29.1102 0.0000e+00
   2860.000    13.4357     0.1819    98.5901 1.0000e-12 1.2118e+03    173.116    12.9852    38.4996    29.1102 0.0000e+00
   2861.000    13.4358     0.1832    98.5888 1.0000e-12 1.2138e+03    173.073    12.9852    38.4997    29.1103 0.0000e+00
   2862.000    13.4359     0.1826    98.5885 1.0000e-12 1.2135e+03    173.330    12.9851    38.4996    29.1103 0.0000e+00
   2863.000    13.4357     0.1847    98.5959 1.0000e-12 1.2120e+03    173.151    12.9848    38.4997    29.1104 0.0000e+00
   2864.000    13.4360     0.1871    98.5907 1.0000e-12 1.2062e+03    173.104    12.9848    38.4998    29.1105 0.0000e+00
   2865.000    13.4362     0.1866    98.5849 1.0000e-12 1.2086e+03    172.957    12.9848    38.4997    29.1104 0.0000e+00
   2866.000    13.4363     0.1847    98.5823 1.0000e-12 1.2076e+03    172.904    12.9848    38.4997    29.1103 0.0000e+00
   2867.000    13.4365     0.1829    98.5849 1.0000e-12 1.2050e+03    173.017    12.9849    38.4996    29.1103 0.0000e+00
   2868.000    13.4367     0.1783    98.5876 1.0000e-12 1.2084e+03    173.144    12.9848    38.4996    29.1103 0.0000e+00
   2869.000    13.4368     0.1870    98.5830 1.0000e-12 1.2121e+03    173.069    12.9848    38.4996    29.1103 0.0000e+00
   2870.000    13.4365     0.1820    98.5869 1.0000e-12 1.2042e+03    173.266    12.9844    38.4998    29.1106 0.0000e+00
   2871.000    13.4369     0.1820    98.5884 1.0000e-12 1.2039e+03    173.206    12.9846    38.4995    29.1103 0.0000e+00
   2872.000    13.4369     0.1830    98.5869 1.0000e-12 1.2026e+03    173.271    12.9844    38.4997    29.1105 0.0000e+00
   2873.000    13.4369     0.1879    98.5826 1.0000e-12 1.2038e+03    173.435    12.9842    38.4996    29.1104 0.0000e+00
   2874.000    13.4370     0.1867    98.5862 1.0000e-12 1.2072e+03    173.182    12.9842    38.4995    29.1103 0.0000e+00
   2875.000    13.4376     0.1860    98.5823 1.0000e-12 1.2062e+03    173.170    12.9846    38.4994    29.1102 0.0000e+00
   2876.000    13.4373     0.1830    98.5868 1.0000e-12 1.2067e+03    173.348    12.9841    38.4995    29.1104 0.0000e+00
   2877.000    13.4374     0.1840    98.5859 1.0000e-12 1.2021e+03    173.412    12.9840    38.4996    29.1105 0.0000e+00
   2878.000    13.4376     0.1819    98.5853 1.0000e-12 1.1980e+03    173.665    12.9841    38.4997    29.1105 0.0000e+00
   2879.000    13.4378     0.1822    98.5777 1.0000e-12 1.2023e+03    173.512    12.9840    38.4994    29.1103 0.0000e+00
   2880.000    13.4378     0.1853    98.5777 1.0000e-12 1.2039e+03    173.549    12.9839    38.4994    29.1103 0.0000e+00
   2881.000    13.4379     0.1872    98.5777 1.0000e-12 1.2058e+03    173.468    12.9838    38.4995    29.1104 0.0000e+00
   2882.000    13.4383     0.1869    98.5821 1.0000e-12 1.2103e+03    173.198    12.9840    38.4994    29.1103 0.0000e+00
   2883.000    13.4380     0.1879    98.5861 1.0000e-12 1.2101e+03    173.371    12.9836    38.4996    29.1106 0.0000e+00
   2884.000    13.4380     0.1888    98.5893 1.0000e-12 1.2069e+03    173.372    12.9834    38.4995    29.1105 0.0000e+00
   2885.000    13.4381     0.1874    98.5838 1.0000e-12 1.2027e+03    173.530    12.9834    38.4996    29.1106 0.0000e+00
   2886.000    13.4385     0.1841    98.5826 1.0000e-12 1.2051e+03    173.442    12.9835    38.4994    29.1104 0.0000e+00
