Data/ruptures/PEACETIME/TYR/PEACETIME_TYR_CTD_023.cnv
* Sea-Bird SBE 9 Data File:
* FileName = C:\CTD\rawCTD\PEACETIME_TYR_CTD_023.hdr
* Software Version Seasave V 7.23.2
* Temperature SN = 1378
* Conductivity SN = 2929
* Number of Bytes Per Scan = 34
* Number of Voltage Words = 5
* Number of Scans Averaged by the Deck Unit = 1
* NMEA Latitude = 39 20.38 N
* NMEA Longitude = 012 35.56 E
* NMEA UTC (Time) = May 19 2017  04:40:10
* NMEA baud rate = 4800
** Cruise:   PEACETIME
** Station:   TYR_CTD_023
# nquan = 11
# nvalues = 3459                        
# units = specified
# name 0 = prDM: Pressure, Digiquartz [db]
# name 1 = t090C: Temperature [ITS-90, deg C]
# name 2 = flC: Fluorescence, Chelsea Aqua 3 Chl Con [ug/l]
# name 3 = CStarTr0: Beam Transmission, WET Labs C-Star [%]
# name 4 = par: PAR/Irradiance, Biospherical/Licor
# name 5 = spar: SPAR/Surface Irradiance
# name 6 = sbeox0Mm/Kg: Oxygen, SBE 43 [umol/kg]
# name 7 = potemp090C: Potential Temperature [ITS-90, deg C]
# name 8 = sal00: Salinity, Practical [PSU]
# name 9 = sigma-é00: Density [sigma-theta, kg/m^3]
# name 10 = flag:
# span 0 =      1.000,   3459.000       
# span 1 =    13.3932,    20.8434       
# span 2 =     0.1747,     0.3882       
# span 3 =    96.3502,    98.7511       
# span 4 = -3.012e-05, 3.0900e+01       
# span 5 = 1.2872e+02, 1.5520e+03       
# span 6 =    164.290,    245.176       
# span 7 =    12.9721,    20.8424       
# span 8 =    37.8359,    38.8235       
# span 9 =    26.8142,    29.1131       
# span 10 = 0.0000e+00, 0.0000e+00      
# interval = decibars: 1                
# start_time = May 19 2017 04:40:10 [NMEA time, header]
# bad_flag = -9.990e-29
*END*
[from data line 2361]
   2362.000    13.3999     0.1905    98.7233 7.4440e-04 1.3632e+03    171.631    13.0336    38.5130    29.1106 0.0000e+00
   2363.000    13.3999     0.1906    98.7311 8.2556e-04 1.3645e+03    171.434    13.0334    38.5129    29.1105 0.0000e+00
   2364.000    13.3997     0.1847 -9.990e-29 2.6998e-04 1.3618e+03    171.499    13.0331    38.5128    29.1105 0.0000e+00
   2365.000    13.3998     0.1845 -9.990e-29 2.2125e-04 1.3648e+03    171.827    13.0330    38.5128    29.1105 0.0000e+00
   2366.000    13.3998     0.1923 -9.990e-29 4.1511e-04 1.3642e+03    171.924    13.0328    38.5127    29.1105 0.0000e+00
   2367.000    13.3999     0.1896    98.7338 1.1625e-03 1.3642e+03    171.612    13.0328    38.5128    29.1106 0.0000e+00
   2368.000    13.3999     0.1867    98.7338 2.5669e-03 1.3646e+03    171.749    13.0326    38.5127    29.1105 0.0000e+00
   2369.000    13.3989     0.1848    98.7338 1.7260e-03 1.3662e+03    171.923    13.0314    38.5122    29.1104 0.0000e+00
   2370.000    13.3976     0.1903    98.7338 2.3803e-03 1.3619e+03    172.059    13.0300    38.5118    29.1104 0.0000e+00
   2371.000    13.3973     0.1893    98.7338 7.7370e-04 1.3695e+03    171.939    13.0295    38.5118    29.1105 0.0000e+00
   2372.000    13.3974     0.1870 -9.990e-29 1.6120e-03 1.3607e+03    171.754    13.0295    38.5118    29.1105 0.0000e+00
   2373.000    13.3974     0.1880 -9.990e-29 1.5351e-03 1.3612e+03    171.914    13.0293    38.5117    29.1104 0.0000e+00
   2374.000    13.3975     0.1912 -9.990e-29 1.3370e-03 1.3672e+03    171.653    13.0292    38.5117    29.1105 0.0000e+00
   2375.000    13.3977     0.1899 -9.990e-29 1.1217e-03 1.3681e+03    171.833    13.0293    38.5117    29.1104 0.0000e+00
   2376.000    13.3979     0.1886 -9.990e-29 1.3961e-03 1.3639e+03    172.067    13.0293    38.5117    29.1104 0.0000e+00
   2377.000    13.3981     0.1903 -9.990e-29 2.1470e-03 1.3637e+03    172.033    13.0293    38.5117    29.1104 0.0000e+00
   2378.000    13.3983     0.1896 -9.990e-29 1.6857e-03 1.3648e+03    171.728    13.0294    38.5117    29.1104 0.0000e+00
   2379.000    13.3986     0.1872 -9.990e-29 9.2282e-04 1.3712e+03    171.740    13.0295    38.5118    29.1105 0.0000e+00
   2380.000    13.3987     0.1874 -9.990e-29 1.2880e-03 1.3708e+03    171.668    13.0295    38.5117    29.1104 0.0000e+00
   2381.000    13.3990     0.1848 -9.990e-29 1.7412e-03 1.3693e+03    171.768    13.0295    38.5116    29.1103 0.0000e+00
   2382.000    13.3990     0.1849 -9.990e-29 2.8259e-03 1.3693e+03    171.836    13.0294    38.5117    29.1105 0.0000e+00
   2383.000    13.3992     0.1916 -9.990e-29 2.4943e-03 1.3703e+03    171.808    13.0294    38.5118    29.1105 0.0000e+00
   2384.000    13.3993     0.1916    98.7316 7.6829e-04 1.3676e+03    171.727    13.0293    38.5117    29.1105 0.0000e+00
   2385.000    13.3995     0.1875    98.7244 1.4964e-03 1.3670e+03    171.981    13.0294    38.5116    29.1103 0.0000e+00
   2386.000    13.3996     0.1877    98.7286 2.9046e-03 1.3706e+03    171.667    13.0293    38.5117    29.1105 0.0000e+00
   2387.000    13.3997     0.1900    98.7327 2.5366e-03 1.3683e+03    171.381    13.0293    38.5117    29.1104 0.0000e+00
   2388.000    13.3999     0.1926    98.7187 1.6246e-03 1.3699e+03    171.763    13.0293    38.5116    29.1104 0.0000e+00
   2389.000    13.4001     0.1933    98.7339 1.7866e-03 1.3684e+03    171.994    13.0293    38.5118    29.1105 0.0000e+00
   2390.000    13.4002     0.1912    98.7348 1.8521e-03 1.3731e+03    171.821    13.0293    38.5118    29.1105 0.0000e+00
   2391.000    13.4004     0.1928    98.7360 2.4340e-03 1.3697e+03    171.730    13.0292    38.5116    29.1104 0.0000e+00
   2392.000    13.4006     0.1901    98.7338 1.7102e-03 1.3729e+03    171.877    13.0293    38.5116    29.1104 0.0000e+00
   2393.000    13.4006     0.1867 -9.990e-29 3.0109e-03 1.3679e+03    171.681    13.0292    38.5117    29.1104 0.0000e+00
   2394.000    13.4009     0.1891 -9.990e-29 2.9940e-03 1.3678e+03    171.656    13.0292    38.5117    29.1104 0.0000e+00
   2395.000    13.4010     0.1934 -9.990e-29 1.5011e-03 1.3709e+03    171.611    13.0292    38.5117    29.1105 0.0000e+00
   2396.000    13.4012     0.1919 -9.990e-29 3.8413e-03 1.3725e+03    171.697    13.0293    38.5117    29.1104 0.0000e+00
   2397.000    13.4014     0.1905 -9.990e-29 3.4218e-03 1.3721e+03    171.784    13.0293    38.5117    29.1105 0.0000e+00
   2398.000    13.4016     0.1907 -9.990e-29 1.5868e-03 1.3753e+03    171.675    13.0292    38.5117    29.1104 0.0000e+00
   2399.000    13.4017     0.1869 -9.990e-29 2.6572e-03 1.3712e+03    171.859    13.0293    38.5118    29.1105 0.0000e+00
   2400.000    13.4019     0.1870 -9.990e-29 7.0392e-04 1.3686e+03    171.922    13.0292    38.5117    29.1105 0.0000e+00
   2401.000    13.4021     0.1900 -9.990e-29 2.3923e-03 1.3713e+03    171.949    13.0293    38.5117    29.1104 0.0000e+00
   2402.000    13.4023     0.1876 -9.990e-29 1.4275e-03 1.3726e+03    171.774    13.0293    38.5117    29.1104 0.0000e+00
   2403.000    13.4024     0.1867 -9.990e-29 2.9058e-03 1.3698e+03    171.747    13.0293    38.5117    29.1104 0.0000e+00
   2404.000    13.4026     0.1857 -9.990e-29 4.6840e-03 1.3697e+03    171.678    13.0293    38.5117    29.1104 0.0000e+00
   2405.000    13.4028     0.1882 -9.990e-29 5.0842e-03 1.3747e+03    171.881    13.0294    38.5117    29.1104 0.0000e+00
   2406.000    13.4029     0.1877 -9.990e-29 3.9822e-03 1.3679e+03    172.282    13.0292    38.5116    29.1104 0.0000e+00
   2407.000    13.4027     0.1856 -9.990e-29 1.9314e-03 1.3734e+03    172.116    13.0288    38.5116    29.1104 0.0000e+00
   2408.000    13.4028     0.1920 -9.990e-29 2.4998e-03 1.3755e+03    171.957    13.0288    38.5115    29.1104 0.0000e+00
   2409.000    13.4032     0.1958 -9.990e-29 5.8420e-03 1.3747e+03    171.881    13.0290    38.5116    29.1104 0.0000e+00
   2410.000    13.4034     0.1949 -9.990e-29 3.9593e-03 1.3745e+03    171.687    13.0290    38.5117    29.1105 0.0000e+00
   2411.000    13.4036     0.1928 -9.990e-29 4.3116e-03 1.3723e+03    171.687    13.0291    38.5116    29.1104 0.0000e+00
   2412.000    13.4036     0.1935 -9.990e-29 3.5880e-03 1.3709e+03    171.543    13.0289    38.5116    29.1105 0.0000e+00
   2413.000    13.4038     0.1915 -9.990e-29 2.2225e-03 1.3778e+03    171.379    13.0290    38.5116    29.1104 0.0000e+00
   2414.000    13.4038     0.1828 -9.990e-29 3.2572e-03 1.3754e+03    171.464    13.0288    38.5115    29.1104 0.0000e+00
   2415.000    13.4036     0.1843 -9.990e-29 3.2309e-03 1.3774e+03    171.821    13.0285    38.5114    29.1104 0.0000e+00
   2416.000    13.4037     0.1867 -9.990e-29 7.0003e-04 1.3788e+03    172.055    13.0284    38.5114    29.1104 0.0000e+00
   2417.000    13.4038     0.1845 -9.990e-29 3.1540e-03 1.3764e+03    172.239    13.0283    38.5114    29.1104 0.0000e+00
   2418.000    13.4041     0.1863 -9.990e-29 3.4609e-03 1.3785e+03    172.167    13.0285    38.5115    29.1105 0.0000e+00
   2419.000    13.4042     0.1897 -9.990e-29 1.9175e-03 1.3780e+03    172.113    13.0283    38.5114    29.1104 0.0000e+00
   2420.000    13.4036     0.1896 -9.990e-29 9.6720e-04 1.3783e+03    171.977    13.0277    38.5111    29.1103 0.0000e+00
   2421.000    13.4031     0.1885 -9.990e-29 2.0337e-03 1.3745e+03    171.631    13.0269    38.5110    29.1104 0.0000e+00
   2422.000    13.4027     0.1855 -9.990e-29 4.3634e-03 1.3770e+03    171.581    13.0264    38.5109    29.1104 0.0000e+00
   2423.000    13.4013     0.1840 -9.990e-29 2.0300e-03 1.3764e+03    171.749    13.0249    38.5105    29.1104 0.0000e+00
   2424.000    13.4010     0.1862 -9.990e-29 3.0819e-03 1.3819e+03    171.702    13.0244    38.5102    29.1103 0.0000e+00
   2425.000    13.4010     0.1865 -9.990e-29 3.7599e-03 1.3779e+03    171.949    13.0242    38.5101    29.1103 0.0000e+00
   2426.000    13.4010     0.1935 -9.990e-29 3.3199e-03 1.3802e+03    171.875    13.0241    38.5101    29.1103 0.0000e+00
   2427.000    13.4012     0.1947 -9.990e-29 3.1799e-03 1.3775e+03    171.680    13.0241    38.5102    29.1103 0.0000e+00
   2428.000    13.4013     0.1957    98.7338 3.2352e-03 1.3786e+03    171.729    13.0240    38.5101    29.1103 0.0000e+00
   2429.000    13.4013     0.1947    98.7338 3.8858e-03 1.3786e+03    171.903    13.0239    38.5102    29.1104 0.0000e+00
   2430.000    13.4016     0.1894    98.7338 4.2073e-03 1.3778e+03    172.031    13.0240    38.5102    29.1104 0.0000e+00
   2431.000    13.4021     0.1913    98.7338 3.0138e-03 1.3793e+03    172.160    13.0243    38.5101    29.1103 0.0000e+00
   2432.000    13.4020     0.1909    98.7338 1.7805e-03 1.3783e+03    171.950    13.0240    38.5103    29.1104 0.0000e+00
   2433.000    13.4021     0.1870 -9.990e-29 2.3860e-03 1.3824e+03    171.940    13.0240    38.5102    29.1104 0.0000e+00
   2434.000    13.4024     0.1884 -9.990e-29 2.5603e-03 1.3787e+03    172.107    13.0241    38.5101    29.1103 0.0000e+00
   2435.000    13.4026     0.1912 -9.990e-29 1.0567e-03 1.3784e+03    172.004    13.0242    38.5102    29.1104 0.0000e+00
   2436.000    13.4028     0.1849 -9.990e-29 2.0777e-03 1.3807e+03    172.132    13.0241    38.5103    29.1104 0.0000e+00
   2437.000    13.4030     0.1857 -9.990e-29 2.3298e-03 1.3769e+03    172.105    13.0241    38.5102    29.1104 0.0000e+00
   2438.000    13.4031     0.1936 -9.990e-29 1.1855e-03 1.3777e+03    172.121    13.0241    38.5102    29.1104 0.0000e+00
   2439.000    13.4032     0.1914 -9.990e-29 9.9093e-04 1.3804e+03    171.940    13.0241    38.5102    29.1104 0.0000e+00
   2440.000    13.4035     0.1890 -9.990e-29 1.9277e-03 1.3805e+03    171.653    13.0242    38.5101    29.1103 0.0000e+00
   2441.000    13.4035     0.1864 -9.990e-29 1.2353e-03 1.3772e+03    171.730    13.0241    38.5103    29.1104 0.0000e+00
   2442.000    13.4038     0.1871 -9.990e-29 1.8319e-03 1.3816e+03    171.794    13.0241    38.5102    29.1104 0.0000e+00
   2443.000    13.4039     0.1895 -9.990e-29 7.3773e-04 1.3808e+03    171.782    13.0241    38.5102    29.1104 0.0000e+00
   2444.000    13.4040     0.1929 -9.990e-29 9.3961e-04 1.3810e+03    171.727    13.0240    38.5103    29.1104 0.0000e+00
   2445.000    13.4042     0.1917 -9.990e-29 2.2980e-03 1.3812e+03    171.572    13.0241    38.5101    29.1103 0.0000e+00
   2446.000    13.4045     0.1910 -9.990e-29 3.6353e-03 1.3807e+03    171.726    13.0242    38.5102    29.1104 0.0000e+00
   2447.000    13.4046     0.1904 -9.990e-29 1.5024e-03 1.3801e+03    171.741    13.0241    38.5101    29.1103 0.0000e+00
   2448.000    13.4046     0.1882 -9.990e-29 2.2628e-03 1.3793e+03    171.840    13.0240    38.5101    29.1103 0.0000e+00
   2449.000    13.4047     0.1901 -9.990e-29 3.7363e-03 1.3831e+03    172.021    13.0239    38.5101    29.1103 0.0000e+00
   2450.000    13.4047     0.1924 -9.990e-29 3.3210e-03 1.3805e+03    172.023    13.0237    38.5100    29.1103 0.0000e+00
   2451.000    13.4047     0.1873 -9.990e-29 3.3171e-03 1.3826e+03    171.817    13.0235    38.5100    29.1103 0.0000e+00
   2452.000    13.4049     0.1955 -9.990e-29 3.8817e-03 1.3809e+03    171.935    13.0236    38.5100    29.1103 0.0000e+00
   2453.000    13.4048     0.1984 -9.990e-29 4.2598e-03 1.3790e+03    171.875    13.0233    38.5100    29.1103 0.0000e+00
   2454.000    13.4049     0.2001 -9.990e-29 2.2689e-03 1.3789e+03    171.977    13.0233    38.5098    29.1102 0.0000e+00
   2455.000    13.4052     0.1955 -9.990e-29 4.5816e-03 1.3802e+03    172.231    13.0234    38.5099    29.1103 0.0000e+00
   2456.000    13.4053     0.1890 -9.990e-29 4.0989e-03 1.3828e+03    172.114    13.0233    38.5098    29.1102 0.0000e+00
   2457.000    13.4054     0.1876 -9.990e-29 3.7610e-03 1.3807e+03    172.061    13.0233    38.5100    29.1104 0.0000e+00
   2458.000    13.4042     0.1880 -9.990e-29 2.2598e-03 1.3827e+03    172.156    13.0219    38.5095    29.1102 0.0000e+00
   2459.000    13.4035     0.1895 -9.990e-29 1.8573e-03 1.3791e+03    172.182    13.0210    38.5092    29.1102 0.0000e+00
   2460.000    13.4033     0.1892 -9.990e-29 1.6249e-03 1.3778e+03    172.187    13.0207    38.5091    29.1102 0.0000e+00
   2461.000    13.4033     0.1868 -9.990e-29 2.7031e-03 1.3834e+03    172.250    13.0205    38.5092    29.1103 0.0000e+00
   2462.000    13.4037     0.1889 -9.990e-29 2.8331e-03 1.3827e+03    172.228    13.0207    38.5092    29.1103 0.0000e+00
   2463.000    13.4035     0.1903 -9.990e-29 3.2586e-03 1.3824e+03    172.211    13.0204    38.5091    29.1103 0.0000e+00
   2464.000    13.4036     0.1935 -9.990e-29 1.6436e-03 1.3797e+03    172.168    13.0203    38.5090    29.1103 0.0000e+00
   2465.000    13.4039     0.1936    98.7286 4.5663e-04 1.3843e+03    172.183    13.0204    38.5090    29.1102 0.0000e+00
   2466.000    13.4041     0.1907    98.7338 4.8232e-04 1.3837e+03    171.922    13.0205    38.5091    29.1103 0.0000e+00
   2467.000    13.4043     0.1847    98.7284 1.6566e-03 1.3814e+03    171.952    13.0205    38.5090    29.1102 0.0000e+00
   2468.000    13.4044     0.1806    98.7202 1.6905e-03 1.3797e+03    171.760    13.0204    38.5091    29.1103 0.0000e+00
   2469.000    13.4045     0.1895    98.7339 1.2409e-03 1.3860e+03    171.662    13.0203    38.5092    29.1103 0.0000e+00
   2470.000    13.4048     0.1934    98.7338 2.7398e-03 1.3859e+03    171.823    13.0205    38.5089    29.1101 0.0000e+00
   2471.000    13.4041     0.1914    98.7338 1.4977e-03 1.3835e+03    171.740    13.0197    38.5089    29.1103 0.0000e+00
   2472.000    13.4039     0.1914    98.7338 1.2421e-03 1.3854e+03    171.589    13.0193    38.5087    29.1102 0.0000e+00
   2473.000    13.4034     0.1948    98.7338 6.8079e-04 1.3855e+03    171.562    13.0186    38.5086    29.1103 0.0000e+00
   2474.000    13.4032     0.1891 -9.990e-29 3.9461e-03 1.3824e+03    171.830    13.0183    38.5083    29.1101 0.0000e+00
   2475.000    13.4031     0.1869 -9.990e-29 3.2875e-03 1.3810e+03    171.885    13.0180    38.5084    29.1102 0.0000e+00
   2476.000    13.4031     0.1820 -9.990e-29 2.7638e-03 1.3845e+03    171.972    13.0178    38.5084    29.1103 0.0000e+00
   2477.000    13.4033     0.1824 -9.990e-29 4.6956e-03 1.3858e+03    172.027    13.0178    38.5083    29.1102 0.0000e+00
   2478.000    13.4034     0.1854 -9.990e-29 3.3511e-03 1.3864e+03    172.017    13.0178    38.5084    29.1102 0.0000e+00
   2479.000    13.4035     0.1815 -9.990e-29 5.0498e-03 1.3827e+03    172.057    13.0177    38.5084    29.1103 0.0000e+00
   2480.000    13.4038     0.1820 -9.990e-29 3.9705e-03 1.3823e+03    172.168    13.0178    38.5084    29.1102 0.0000e+00
   2481.000    13.4040     0.1807    98.7338 5.3773e-03 1.3842e+03    172.068    13.0178    38.5083    29.1102 0.0000e+00
   2482.000    13.4041     0.1843    98.7258 3.5166e-03 1.3845e+03    171.974    13.0178    38.5082    29.1101 0.0000e+00
   2483.000    13.4042     0.1876    98.7273 1.6530e-03 1.3847e+03    171.906    13.0177    38.5083    29.1102 0.0000e+00
   2484.000    13.4045     0.1875    98.7226 2.3196e-03 1.3871e+03    172.138    13.0178    38.5082    29.1101 0.0000e+00
   2485.000    13.4046     0.1877    98.7314 1.5200e-03 1.3859e+03    172.228    13.0178    38.5082    29.1102 0.0000e+00
   2486.000    13.4048     0.1881    98.7304 3.8095e-03 1.3851e+03    172.094    13.0178    38.5083    29.1102 0.0000e+00
   2487.000    13.4049     0.1917    98.7304 2.2411e-03 1.3898e+03    172.095    13.0178    38.5083    29.1103 0.0000e+00
   2488.000    13.4050     0.1901    98.7304 1.3836e-03 1.3836e+03    172.115    13.0177    38.5083    29.1103 0.0000e+00
   2489.000    13.4052     0.1901    98.7225 3.4087e-03 1.3880e+03    171.823    13.0177    38.5084    29.1103 0.0000e+00
   2490.000    13.4054     0.1937    98.7337 2.9087e-03 1.3837e+03    171.647    13.0177    38.5084    29.1103 0.0000e+00
   2491.000    13.4057     0.1943    98.7338 2.8053e-03 1.3850e+03    171.884    13.0178    38.5083    29.1102 0.0000e+00
