Data/ruptures/PEACETIME/TYR/PEACETIME_TYR_CTD_017.cnv
* Sea-Bird SBE 9 Data File:
* FileName = C:\CTD\rawCTD\PEACETIME_TYR_CTD_017.hdr
* Software Version Seasave V 7.23.2
* Temperature SN = 1378
* Conductivity SN = 2929
* Number of Bytes Per Scan = 34
* Number of Voltage Words = 5
* Number of Scans Averaged by the Deck Unit = 1
* NMEA Latitude = 39 20.39 N
* NMEA Longitude = 012 35.57 E
* NMEA UTC (Time) = May 17 2017  18:59:14
* NMEA baud rate = 4800
** Cruise:   PEACETIME
** Station:   TYR_CTD_017
# nquan = 11
# nvalues = 203                         
# units = specified
# name 0 = prDM: Pressure, Digiquartz [db]
# name 1 = t090C: Temperature [ITS-90, deg C]
# name 2 = flC: Fluorescence, Chelsea Aqua 3 Chl Con [ug/l]
# name 3 = CStarTr0: Beam Transmission, WET Labs C-Star [%]
# name 4 = par: PAR/Irradiance, Biospherical/Licor
# name 5 = spar: SPAR/Surface Irradiance
# name 6 = sbeox0Mm/Kg: Oxygen, SBE 43 [umol/kg]
# name 7 = potemp090C: Potential Temperature [ITS-90, deg C]
# name 8 = sal00: Salinity, Practical [PSU]
# name 9 = sigma-é00: Density [sigma-theta, kg/m^3]
# name 10 = flag:
# span 0 =      1.000,    203.000       
# span 1 =    14.4009,    20.6656       
# span 2 =     0.1768,     0.3500       
# span 3 =    95.6854,    98.5892       
# span 4 = -2.545e-06, 1.1903e-01       
# span 5 = 1.4494e+00, 8.3583e+00       
# span 6 =    170.371,    239.994       
# span 7 =    14.3826,    20.6654       
# span 8 =    37.9525,    38.7357       
# span 9 =    26.8630,    28.9755       
# span 10 = 0.0000e+00, 0.0000e+00      
# interval = decibars: 1                
# start_time = May 17 2017 18:59:14 [NMEA time, header]
# bad_flag = -9.990e-29
*END*
[from data line 132]
    133.000    14.5632     0.2083    98.4305 1.0000e-12 2.3517e+00    180.012    14.5429    38.5979    28.8516 0.0000e+00
    134.000    14.5653     0.2030    98.4352 1.0000e-12 2.0124e+00    180.139    14.5448    38.5993    28.8522 0.0000e+00
    135.000    14.5705     0.1981    98.4332 1.0000e-12 3.6823e+00    179.927    14.5499    38.6022    28.8533 0.0000e+00
    136.000    14.5935     0.2008    98.4289 1.0000e-12 2.9260e+00    179.632    14.5727    38.6140    28.8574 0.0000e+00
    137.000    14.6148     0.1983    98.4401 1.0000e-12 2.3985e+00    179.915    14.5939    38.6246    28.8609 0.0000e+00
    138.000    14.6630     0.1964    98.4303 1.0000e-12 1.8810e+00    180.182    14.6418    38.6490    28.8691 0.0000e+00
    139.000    14.6756     0.1971    98.4381 1.0000e-12 2.9576e+00    179.992    14.6543    38.6551    28.8710 0.0000e+00
    140.000    14.6873     0.1926    98.4203 1.0000e-12 1.8222e+00    179.302    14.6658    38.6616    28.8734 0.0000e+00
    141.000    14.6966     0.1933    98.4088 1.0000e-12 3.0148e+00    179.742    14.6750    38.6660    28.8748 0.0000e+00
    142.000    14.7002     0.1948    98.4183 1.0000e-12 2.4406e+00    178.979    14.6783    38.6694    28.8767 0.0000e+00
    143.000    14.6955     0.1902    98.4260 1.0000e-12 2.4042e+00    178.839    14.6735    38.6708    28.8788 0.0000e+00
    144.000    14.6862     0.1939    98.4182 1.0000e-12 2.4561e+00    177.847    14.6640    38.6717    28.8817 0.0000e+00
    145.000    14.6885     0.1896    98.4263 1.0000e-12 2.8508e+00    177.606    14.6663    38.6740    28.8830 0.0000e+00
    146.000    14.6880     0.1913    98.4253 1.0000e-12 2.7194e+00    177.342    14.6655    38.6759    28.8845 0.0000e+00
    147.000    14.6842     0.1926    98.4198 1.0000e-12 2.2355e+00    177.433    14.6616    38.6777    28.8868 0.0000e+00
    148.000    14.6782     0.1895    98.4190 1.0000e-12 2.5980e+00    177.026    14.6555    38.6791    28.8893 0.0000e+00
    149.000    14.6755     0.1904    98.4194 1.0000e-12 1.4495e+00    176.738    14.6526    38.6793    28.8901 0.0000e+00
    150.000    14.6703     0.1910    98.4254 1.0000e-12 2.3462e+00    176.334    14.6472    38.6828    28.8940 0.0000e+00
    151.000    14.6672     0.1888    98.4237 1.0000e-12 2.6532e+00    176.348    14.6440    38.6874    28.8983 0.0000e+00
    152.000    14.6630     0.1860    98.4266 1.0000e-12 2.8720e+00    176.268    14.6397    38.6898    28.9011 0.0000e+00
    153.000    14.6631     0.1888    98.4353 1.0000e-12 2.4259e+00    176.333    14.6396    38.6907    28.9017 0.0000e+00
    154.000    14.6591     0.1872    98.4343 1.0000e-12 2.3560e+00    175.932    14.6354    38.6923    28.9039 0.0000e+00
    155.000    14.6568     0.1831    98.4327 1.0000e-12 2.0404e+00    175.948    14.6330    38.6933    28.9053 0.0000e+00
    156.000    14.6557     0.1836    98.4352 1.0000e-12 1.9082e+00    176.102    14.6318    38.6935    28.9057 0.0000e+00
    157.000    14.6490     0.1853    98.4384 -9.990e-29 3.0249e+00    175.471    14.6249    38.6943    28.9078 0.0000e+00
    158.000    14.6456     0.1844    98.4365 1.0000e-12 2.7333e+00    175.020    14.6214    38.6944    28.9087 0.0000e+00
    159.000    14.6440     0.1847    98.4377 1.0000e-12 2.4183e+00    175.146    14.6196    38.6945    28.9092 0.0000e+00
    160.000    14.6401     0.1846    98.4421 1.0000e-12 2.6280e+00    174.701    14.6155    38.6949    28.9104 0.0000e+00
    161.000    14.6044     0.1879    98.4573 1.0000e-12 2.0705e+00    174.037    14.5798    38.6927    28.9167 0.0000e+00
    162.000    14.5931     0.1827    98.4711 1.0000e-12 2.4224e+00    173.788    14.5682    38.6936    28.9199 0.0000e+00
    163.000    14.5916     0.1823    98.4737 -9.990e-29 1.7357e+00    173.348    14.5666    38.6941    28.9207 0.0000e+00
    164.000    14.5895     0.1856    98.4737 -9.990e-29 2.7672e+00    174.106    14.5643    38.6942    28.9212 0.0000e+00
    165.000    14.5827     0.1874    98.4584 -9.990e-29 2.7769e+00    173.602    14.5574    38.6934    28.9222 0.0000e+00
    166.000    14.5770     0.1842    98.4787 -9.990e-29 2.1228e+00    173.347    14.5516    38.6928    28.9230 0.0000e+00
    167.000    14.5670     0.1867    98.4706 -9.990e-29 2.3000e+00    172.908    14.5414    38.6919    28.9246 0.0000e+00
    168.000    14.5574     0.1878    98.4880 -9.990e-29 2.3861e+00    172.706    14.5317    38.6915    28.9264 0.0000e+00
    169.000    14.5532     0.1773    98.4974 1.0000e-12 2.9633e+00    172.717    14.5274    38.6920    28.9278 0.0000e+00
    170.000    14.5526     0.1803    98.5090 1.0000e-12 2.5272e+00    172.216    14.5266    38.6930    28.9288 0.0000e+00
    171.000    14.5518     0.1788    98.5152 1.0000e-12 1.9380e+00    172.498    14.5257    38.6941    28.9298 0.0000e+00
    172.000    14.5486     0.1791    98.5107 -9.990e-29 2.1112e+00    172.515    14.5223    38.6970    28.9328 0.0000e+00
    173.000    14.5467     0.1829    98.5256 1.0000e-12 1.9447e+00    172.695    14.5203    38.6977    28.9337 0.0000e+00
    174.000    14.5429     0.1847    98.5280 1.0000e-12 2.1932e+00    171.989    14.5163    38.6977    28.9346 0.0000e+00
    175.000    14.5408     0.1840    98.5216 1.0000e-12 2.3481e+00    172.395    14.5140    38.6979    28.9353 0.0000e+00
    176.000    14.5383     0.1841    98.5294 1.0000e-12 1.7586e+00    172.471    14.5114    38.6982    28.9361 0.0000e+00
    177.000    14.5362     0.1815    98.5342 1.0000e-12 3.3719e+00    172.626    14.5091    38.6987    28.9370 0.0000e+00
    178.000    14.5332     0.1811    98.5398 1.0000e-12 2.4084e+00    172.501    14.5060    38.6997    28.9385 0.0000e+00
    179.000    14.5344     0.1768    98.5439 1.0000e-12 2.2493e+00    172.628    14.5070    38.7033    28.9411 0.0000e+00
    180.000    14.5567     0.1781    98.5328 1.0000e-12 1.6699e+00    172.562    14.5292    38.7206    28.9495 0.0000e+00
    181.000    14.5822     0.1800    98.5387 1.0000e-12 2.6920e+00    173.032    14.5545    38.7335    28.9539 0.0000e+00
    182.000    14.5877     0.1829    98.5436 1.0000e-12 2.8175e+00    172.911    14.5598    38.7357    28.9544 0.0000e+00
    183.000    14.5879     0.1842    98.5490 1.0000e-12 3.0474e+00    172.989    14.5598    38.7357    28.9543 0.0000e+00
    184.000    14.5879     0.1812    98.5439 1.0000e-12 1.9233e+00    173.009    14.5597    38.7354    28.9542 0.0000e+00
    185.000    14.5848     0.1837    98.5512 -9.990e-29 2.6539e+00    172.803    14.5564    38.7347    28.9543 0.0000e+00
    186.000    14.5718     0.1771    98.5517 1.0000e-12 1.8677e+00    171.941    14.5433    38.7332    28.9561 0.0000e+00
    187.000    14.5281     0.1771    98.5517 1.0000e-12 2.4379e+00    171.603    14.4995    38.7259    28.9602 0.0000e+00
    188.000    14.5162     0.1802    98.5530 1.2381e-05 2.4040e+00    171.723    14.4874    38.7254    28.9625 0.0000e+00
    189.000    14.5095     0.1867    98.5576 2.8226e-05 2.2550e+00    171.236    14.4806    38.7253    28.9639 0.0000e+00
    190.000    14.5012     0.1888    98.5529 9.9400e-05 1.8025e+00    171.388    14.4721    38.7251    28.9657 0.0000e+00
    191.000    14.4982     0.1839    98.5698 -1.221e-06 2.8574e+00    171.351    14.4690    38.7263    28.9673 0.0000e+00
    192.000    14.5005     0.1848    98.5682 1.0000e-12 2.7342e+00    170.371    14.4712    38.7281    28.9682 0.0000e+00
    193.000    14.5018     0.1841    98.5594 1.0000e-12 2.9640e+00    170.677    14.4723    38.7292    28.9688 0.0000e+00
    194.000    14.5030     0.1811    98.5700 1.0000e-12 2.5591e+00    170.745    14.4734    38.7315    28.9704 0.0000e+00
    195.000    14.5027     0.1801    98.5744 -9.990e-29 2.0356e+00    170.705    14.4729    38.7320    28.9708 0.0000e+00
    196.000    14.5019     0.1790    98.5734 1.0000e-12 2.0235e+00    170.899    14.4719    38.7322    28.9712 0.0000e+00
    197.000    14.5012     0.1792    98.5582 1.1919e-06 2.8154e+00    170.999    14.4711    38.7321    28.9713 0.0000e+00
    198.000    14.4983     0.1826    98.5649 4.0292e-09 2.0594e+00    170.917    14.4680    38.7315    28.9715 0.0000e+00
    199.000    14.4896     0.1854    98.5817 -9.990e-29 1.9134e+00    171.383    14.4592    38.7303    28.9725 0.0000e+00
    200.000    14.4904     0.1870    98.5812 3.3439e-06 2.5822e+00    171.019    14.4598    38.7325    28.9741 0.0000e+00
    201.000    14.4940     0.1837    98.5892 7.2408e-06 2.7877e+00    170.815    14.4633    38.7350    28.9752 0.0000e+00
    202.000    14.4927     0.1831    98.5799 2.7436e-06 2.5078e+00    170.749    14.4619    38.7349    28.9755 0.0000e+00
    203.000    14.4955     0.1936    98.5857 -2.545e-06 8.3583e+00    171.059    14.4646    38.7328    28.9733 0.0000e+00
