Data/ruptures/PEACETIME/TYR/PEACETIME_TYR_CTD_022.cnv
* Sea-Bird SBE 9 Data File:
* FileName = C:\CTD\rawCTD\PEACETIME_TYR_CTD_022.hdr
* Software Version Seasave V 7.23.2
* Temperature SN = 1378
* Conductivity SN = 2929
* Number of Bytes Per Scan = 34
* Number of Voltage Words = 5
* Number of Scans Averaged by the Deck Unit = 1
* NMEA Latitude = 39 20.38 N
* NMEA Longitude = 012 35.56 E
* NMEA UTC (Time) = May 19 2017  02:53:42
* NMEA baud rate = 4800
** Cruise:   PEACETIME
** Station:   TYR_CTD_022
# nquan = 11
# nvalues = 501                         
# units = specified
# name 0 = prDM: Pressure, Digiquartz [db]
# name 1 = t090C: Temperature [ITS-90, deg C]
# name 2 = flC: Fluorescence, Chelsea Aqua 3 Chl Con [ug/l]
# name 3 = CStarTr0: Beam Transmission, WET Labs C-Star [%]
# name 4 = par: PAR/Irradiance, Biospherical/Licor
# name 5 = spar: SPAR/Surface Irradiance
# name 6 = sbeox0Mm/Kg: Oxygen, SBE 43 [umol/kg]
# name 7 = potemp090C: Potential Temperature [ITS-90, deg C]
# name 8 = sal00: Salinity, Practical [PSU]
# name 9 = sigma-é00: Density [sigma-theta, kg/m^3]
# name 10 = flag:
# span 0 =      1.000,    501.000       
# span 1 =    14.2009,    20.9416       
# span 2 =     0.1736,     0.4096       
# span 3 =    95.9134,    98.6490       
# span 4 = -3.865e-05, 4.2710e-01       
# span 5 = -4.991e-01, 4.9497e+00       
# span 6 =    165.371,    244.126       
# span 7 =    14.1255,    20.9412       
# span 8 =    37.8368,    38.8235       
# span 9 =    26.7865,    29.0838       
# span 10 = 0.0000e+00, 0.0000e+00      
# interval = decibars: 1                
# start_time = May 19 2017 02:53:42 [NMEA time, header]
# bad_flag = -9.990e-29
*END*
      1.000    20.9375     0.2103    95.9134 4.2710e-01 2.0300e+00    213.624    20.9373    37.9876    26.7877 0.0000e+00
      2.000    20.9416     0.2051    96.5633 3.0555e-01 3.3186e+00    214.082    20.9412    37.9876    26.7866 0.0000e+00
      3.000    20.9416     0.2069    96.8832 2.4147e-01 2.5879e+00    214.293    20.9410    37.9875    26.7865 0.0000e+00
      4.000    20.9374     0.2025    96.9232 1.4030e-01 3.3321e+00    214.871    20.9366    37.9872    26.7875 0.0000e+00
      5.000    20.9359     0.2052    96.9216 9.1417e-02 2.9219e+00    214.711    20.9350    37.9871    26.7879 0.0000e+00
      6.000    20.8936     0.2012    96.9226 7.6559e-02 2.2886e+00    211.793    20.8924    37.9830    26.7965 0.0000e+00
      7.000    20.0736     0.2044    96.8912 5.2199e-02 2.6783e+00    209.901    20.0723    37.9394    26.9851 0.0000e+00
      8.000    18.7874     0.1968    96.9468 3.7253e-02 2.8096e+00    218.257    18.7860    37.8835    27.2821 0.0000e+00
      9.000    18.5143     0.1923    96.9700 2.9817e-02 1.7356e+00    222.417    18.5127    37.8956    27.3618 0.0000e+00
     10.000    18.2531     0.1947    97.0389 1.8976e-02 3.1262e+00    224.124    18.2513    37.8508    27.3939 0.0000e+00
     11.000    17.9839     0.1939    97.1245 1.5424e-02 2.6416e+00    227.699    17.9820    37.8368    27.4512 0.0000e+00
     12.000    17.9409     0.1998    97.1580 1.5176e-02 2.7537e+00    228.935    17.9388    37.8410    27.4653 0.0000e+00
     13.000    17.9292     0.1995    97.1881 4.7602e-03 4.9497e+00    229.593    17.9269    37.8502    27.4753 0.0000e+00
     14.000    17.8940     0.1952    97.2258 4.7354e-03 2.4077e+00    229.926    17.8916    37.8581    27.4902 0.0000e+00
     15.000    17.7977     0.1981    97.2211 2.2916e-04 4.8548e+00    229.665    17.7951    37.8691    27.5227 0.0000e+00
     16.000    17.6979     0.1909    97.2127 5.5268e-04 4.1874e+00    230.014    17.6952    37.8960    27.5683 0.0000e+00
     17.000    17.5996     0.1990    97.2587 2.4175e-05 4.1318e+00    229.735    17.5967    37.9312    27.6198 0.0000e+00
     18.000    17.5134     0.1993    97.2821 2.3019e-07 3.3610e+00    229.869    17.5103    37.9582    27.6619 0.0000e+00
     19.000    17.4299     0.1993    97.2890 1.0000e-12 2.5960e+00    230.243    17.4266    37.9689    27.6908 0.0000e+00
     20.000    17.3972     0.1994    97.2980 1.0000e-12 2.9806e+00    231.143    17.3938    37.9711    27.7006 0.0000e+00
     21.000    17.3796     0.1967    97.2850 1.0000e-12 4.5057e+00    230.534    17.3760    37.9729    27.7063 0.0000e+00
     22.000    17.2733     0.2051    97.2834 1.0000e-12 4.2664e+00    230.904    17.2696    37.9653    27.7266 0.0000e+00
     23.000    17.2255     0.2043    97.2839 1.0000e-12 3.2889e+00    232.527    17.2216    37.9763    27.7468 0.0000e+00
     24.000    17.2681     0.2081    97.2564 1.0000e-12 3.3502e+00    232.847    17.2641    38.0094    27.7618 0.0000e+00
     25.000    17.3287     0.2053    97.2392 1.0000e-12 3.9425e+00    231.545    17.3245    38.0676    27.7917 0.0000e+00
     26.000    17.2211     0.2037    97.2254 1.0000e-12 3.1837e+00    231.782    17.2167    38.0625    27.8142 0.0000e+00
     27.000    17.1855     0.2005    97.1942 1.0000e-12 4.1085e+00    232.452    17.1809    38.0727    27.8308 0.0000e+00
     28.000    17.2152     0.2002    97.1934 1.0000e-12 2.8464e+00    231.571    17.2104    38.1191    27.8593 0.0000e+00
     29.000    17.0507     0.2040    97.1324 1.0000e-12 2.6086e+00    231.892    17.0458    38.1278    27.9061 0.0000e+00
     30.000    16.7289     0.2141    97.0274 1.0000e-12 2.2687e+00    237.196    16.7239    38.1482    27.9997 0.0000e+00
     31.000    16.5664     0.2115    96.9559 1.0000e-12 2.5262e+00    239.993    16.5613    38.1675    28.0537 0.0000e+00
     32.000    16.4768     0.2143    96.9140 1.0000e-12 2.4390e+00    240.138    16.4715    38.1698    28.0769 0.0000e+00
     33.000    16.3465     0.2107    96.8505 1.0000e-12 3.8221e+00    241.357    16.3411    38.1746    28.1116 0.0000e+00
     34.000    16.1647     0.2114    96.7981 1.0000e-12 3.3506e+00    242.039    16.1592    38.1726    28.1531 0.0000e+00
     35.000    16.0124     0.2105    96.7912 1.0000e-12 1.8392e+00    243.705    16.0067    38.1806    28.1952 0.0000e+00
     36.000    15.9245     0.2131    96.7663 1.0000e-12 2.2345e+00    244.126    15.9187    38.1921    28.2246 0.0000e+00
     37.000    15.7797     0.2157    96.7547 1.0000e-12 2.9202e+00    242.708    15.7738    38.1881    28.2553 0.0000e+00
     38.000    15.6606     0.2174    96.8047 1.0000e-12 2.2687e+00    242.273    15.6546    38.1824    28.2785 0.0000e+00
     39.000    15.5517     0.2137    96.8628 1.0000e-12 2.9532e+00    240.194    15.5455    38.1701    28.2943 0.0000e+00
     40.000    15.4129     0.2150    96.8871 1.0000e-12 3.1473e+00    237.976    15.4066    38.1523    28.3124 0.0000e+00
     41.000    15.2639     0.2183    96.8595 1.0000e-12 3.7688e+00    236.114    15.2574    38.1383    28.3357 0.0000e+00
     42.000    15.1972     0.2131    96.7950 1.0000e-12 3.2470e+00    236.969    15.1907    38.1416    28.3535 0.0000e+00
     43.000    15.2048     0.2236    96.8048 1.0000e-12 2.8858e+00    239.038    15.1981    38.1660    28.3706 0.0000e+00
     44.000    15.2012     0.2216    96.9008 1.0000e-12 2.8016e+00    239.374    15.1943    38.1883    28.3887 0.0000e+00
     45.000    15.1446     0.2192    96.9319 1.0000e-12 2.5861e+00    237.259    15.1375    38.1830    28.3974 0.0000e+00
     46.000    15.0663     0.2162    96.9703 1.0000e-12 1.7623e+00    235.735    15.0591    38.1851    28.4168 0.0000e+00
     47.000    15.0235     0.2247    96.9985 1.0000e-12 3.2204e+00    237.381    15.0163    38.1988    28.4371 0.0000e+00
     48.000    15.0225     0.2289    96.8916 1.0000e-12 2.0813e+00    238.861    15.0150    38.2054    28.4425 0.0000e+00
     49.000    15.0066     0.2293    96.8778 1.0000e-12 2.9357e+00    238.783    14.9990    38.2068    28.4471 0.0000e+00
     50.000    14.9970     0.2240    96.7863 1.0000e-12 2.8116e+00    240.009    14.9893    38.2108    28.4525 0.0000e+00
     51.000    14.9875     0.2332    96.7739 -9.990e-29 2.7100e+00    238.724    14.9796    38.2141    28.4571 0.0000e+00
     52.000    14.9784     0.2356    96.7243 1.0000e-12 3.5253e+00    237.845    14.9703    38.2178    28.4621 0.0000e+00
     53.000    14.9581     0.2420    96.8471 1.0000e-12 2.9797e+00    232.456    14.9499    38.2250    28.4723 0.0000e+00
     54.000    14.9361     0.2389    97.0079 1.0000e-12 3.8237e+00    230.726    14.9277    38.2301    28.4813 0.0000e+00
     55.000    14.9133     0.2325    97.0361 1.0000e-12 3.5906e+00    230.562    14.9048    38.2325    28.4883 0.0000e+00
     56.000    14.8740     0.2388    97.0065 1.0000e-12 2.9495e+00    229.677    14.8654    38.2376    28.5011 0.0000e+00
     57.000    14.8290     0.2427    97.0023 1.0000e-12 3.5598e+00    231.121    14.8203    38.2366    28.5104 0.0000e+00
     58.000    14.8056     0.2576    96.8853 1.0000e-12 2.9511e+00    229.582    14.7967    38.2415    28.5194 0.0000e+00
     59.000    14.7760     0.2684    96.5741 1.0000e-12 2.9463e+00    230.336    14.7669    38.2409    28.5256 0.0000e+00
     60.000    14.7538     0.3094    96.3815 1.0000e-12 3.4542e+00    230.639    14.7446    38.2436    28.5327 0.0000e+00
     61.000    14.7215     0.3031    96.6115 1.0000e-12 3.9967e+00    230.182    14.7122    38.2438    28.5401 0.0000e+00
     62.000    14.7018     0.2763    96.8983 1.0000e-12 2.4897e+00    228.885    14.6923    38.2497    28.5491 0.0000e+00
     63.000    14.6961     0.2665    96.9586 1.0000e-12 2.7196e+00    228.520    14.6864    38.2534    28.5533 0.0000e+00
     64.000    14.6966     0.2760    96.3408 1.0000e-12 4.4584e+00    226.072    14.6868    38.2603    28.5585 0.0000e+00
     65.000    14.7001     0.3090    96.5190 1.0000e-12 2.1844e+00    222.042    14.6902    38.2663    28.5624 0.0000e+00
     66.000    14.6924     0.3044    96.5116 1.0000e-12 2.8730e+00    221.216    14.6823    38.2705    28.5674 0.0000e+00
     67.000    14.6881     0.3145    96.2699 1.0000e-12 3.0530e+00    220.416    14.6779    38.2757    28.5724 0.0000e+00
     68.000    14.6790     0.3387    96.3824 1.0000e-12 2.2065e+00    219.549    14.6686    38.2796    28.5775 0.0000e+00
     69.000    14.6752     0.3396    96.4057 1.0000e-12 2.9253e+00    219.637    14.6646    38.2825    28.5806 0.0000e+00
     70.000    14.6640     0.3474    96.1959 1.0000e-12 3.2513e+00    219.322    14.6533    38.2835    28.5839 0.0000e+00
     71.000    14.6446     0.3954    96.0976 1.0000e-12 2.3334e+00    219.178    14.6338    38.2844    28.5890 0.0000e+00
     72.000    14.6486     0.3854    96.3783 1.0000e-12 3.1794e+00    218.228    14.6377    38.2886    28.5913 0.0000e+00
     73.000    14.6565     0.3621    96.4438 1.0000e-12 2.2758e+00    216.876    14.6453    38.2945    28.5941 0.0000e+00
     74.000    14.6780     0.3528    96.5929 1.0000e-12 3.4891e+00    214.851    14.6666    38.3050    28.5976 0.0000e+00
     75.000    14.6730     0.3339    96.6988 1.0000e-12 2.1548e+00    213.347    14.6615    38.3057    28.5992 0.0000e+00
     76.000    14.6588     0.3464    96.5120 1.0000e-12 3.0560e+00    213.192    14.6472    38.3061    28.6027 0.0000e+00
     77.000    14.6706     0.4096    96.4459 1.0000e-12 2.3423e+00    209.953    14.6588    38.3187    28.6099 0.0000e+00
     78.000    14.6963     0.3896    96.6308 1.0000e-12 3.1146e+00    205.058    14.6844    38.3383    28.6193 0.0000e+00
     79.000    14.7040     0.4024    96.8102 1.0000e-12 3.1825e+00    203.630    14.6919    38.3468    28.6242 0.0000e+00
     80.000    14.7045     0.3777    96.8810 1.0000e-12 4.3987e+00    203.328    14.6923    38.3493    28.6261 0.0000e+00
     81.000    14.7069     0.3690    96.8390 1.0000e-12 3.0984e+00    202.402    14.6945    38.3534    28.6288 0.0000e+00
     82.000    14.7153     0.3608    96.9808 1.0000e-12 2.8779e+00    201.761    14.7027    38.3623    28.6338 0.0000e+00
     83.000    14.7118     0.3639    97.0019 1.0000e-12 2.0337e+00    201.074    14.6991    38.3642    28.6361 0.0000e+00
     84.000    14.7140     0.3774    97.0732 1.0000e-12 3.4108e+00    199.482    14.7012    38.3700    28.6401 0.0000e+00
     85.000    14.7140     0.3671    97.1292 1.0000e-12 2.6877e+00    198.574    14.7010    38.3754    28.6443 0.0000e+00
     86.000    14.7275     0.3508    97.1571 1.0000e-12 2.4530e+00    196.844    14.7143    38.3888    28.6517 0.0000e+00
     87.000    14.7333     0.3394    97.2408 1.0000e-12 4.3092e+00    195.505    14.7200    38.3954    28.6555 0.0000e+00
     88.000    14.7337     0.3308    97.3108 1.0000e-12 3.1201e+00    195.673    14.7202    38.3966    28.6564 0.0000e+00
     89.000    14.7353     0.3261    97.3368 1.0000e-12 3.4516e+00    194.845    14.7216    38.4022    28.6605 0.0000e+00
     90.000    14.7258     0.3180    97.4088 1.0000e-12 3.0158e+00    193.747    14.7120    38.4065    28.6659 0.0000e+00
     91.000    14.7214     0.3204    97.4682 1.0000e-12 2.8937e+00    193.409    14.7075    38.4110    28.6704 0.0000e+00
     92.000    14.7142     0.3139    97.5014 -9.990e-29 2.2576e+00    192.567    14.7001    38.4140    28.6743 0.0000e+00
     93.000    14.7169     0.3039    97.5626 -9.990e-29 2.6513e+00    191.348    14.7026    38.4230    28.6807 0.0000e+00
     94.000    14.7126     0.2917    97.6237 -9.990e-29 2.9461e+00    191.658    14.6982    38.4268    28.6847 0.0000e+00
     95.000    14.6977     0.2812    97.6627 -9.990e-29 2.6879e+00    191.264    14.6832    38.4268    28.6880 0.0000e+00
     96.000    14.6910     0.2728    97.7333 -9.990e-29 2.8100e+00    190.452    14.6763    38.4312    28.6929 0.0000e+00
     97.000    14.6913     0.2754    97.7652 1.0000e-12 2.8784e+00    190.602    14.6764    38.4349    28.6958 0.0000e+00
     98.000    14.6985     0.2715    97.7659 1.0000e-12 4.3510e+00    190.025    14.6835    38.4414    28.6992 0.0000e+00
     99.000    14.6952     0.2720    97.8246 1.0000e-12 3.4785e+00    189.215    14.6800    38.4455    28.7032 0.0000e+00
    100.000    14.6893     0.2628    97.8523 1.0000e-12 2.4909e+00    188.783    14.6740    38.4466    28.7053 0.0000e+00
    101.000    14.6854     0.2657    97.8649 1.0000e-12 2.6990e+00    189.084    14.6699    38.4474    28.7069 0.0000e+00
    102.000    14.6818     0.2608    97.8702 1.0000e-12 2.9641e+00    189.279    14.6662    38.4482    28.7084 0.0000e+00
    103.000    14.6977     0.2770    97.6975 1.0000e-12 3.1869e+00    191.003    14.6820    38.4338    28.6937 0.0000e+00
    104.000    14.7023     0.2690    97.8787 3.6563e-06 2.6728e+00    191.182    14.6863    38.4249    28.6858 0.0000e+00
    105.000    14.6737     0.2618    97.9291 -1.187e-07 2.2058e+00    189.614    14.6577    38.4504    28.7119 0.0000e+00
    106.000    14.6866     0.2694    97.8578 1.0000e-12 3.0787e+00    189.132    14.6704    38.4420    28.7027 0.0000e+00
    107.000    14.6437     0.2691    97.9750 1.0000e-12 2.5324e+00    187.799    14.6273    38.4689    28.7330 0.0000e+00
    108.000    14.6212     0.2509    98.0472 -9.990e-29 2.5443e+00    187.921    14.6047    38.4736    28.7417 0.0000e+00
    109.000    14.6104     0.2532    98.0693 -9.990e-29 2.8831e+00    188.322    14.5938    38.4749    28.7451 0.0000e+00
    110.000    14.6043     0.2439    98.0947 -9.990e-29 2.9331e+00    189.128    14.5876    38.4764    28.7477 0.0000e+00
    111.000    14.5960     0.2421    98.0863 -9.990e-29 3.9957e+00    189.301    14.5791    38.4782    28.7509 0.0000e+00
    112.000    14.5957     0.2431    98.0953 -9.990e-29 2.7502e+00    188.734    14.5786    38.4810    28.7533 0.0000e+00
    113.000    14.5766     0.2437    98.1170 -9.990e-29 3.1017e+00    189.652    14.5594    38.4794    28.7563 0.0000e+00
    114.000    14.5516     0.2384    98.1106 -9.990e-29 3.2136e+00    190.304    14.5342    38.4764    28.7595 0.0000e+00
    115.000    14.5564     0.2324    98.1265 -9.990e-29 3.7684e+00    189.889    14.5388    38.4814    28.7623 0.0000e+00
    116.000    14.5657     0.2340    98.1009 1.0593e-04 2.7534e+00    189.280    14.5480    38.4861    28.7639 0.0000e+00
    117.000    14.5487     0.2293    98.1322 5.6628e-05 3.1371e+00    189.372    14.5309    38.4837    28.7659 0.0000e+00
    118.000    14.5216     0.2276    98.1948 2.1457e-07 2.8908e+00    189.715    14.5036    38.4816    28.7704 0.0000e+00
    119.000    14.5109     0.2337    98.2109 -9.990e-29 3.6111e+00    190.370    14.4928    38.4827    28.7735 0.0000e+00
    120.000    14.5095     0.2286    98.2188 -9.990e-29 3.6122e+00    189.476    14.4912    38.4853    28.7760 0.0000e+00
    121.000    14.5110     0.2226    98.2359 -9.990e-29 3.2507e+00    190.324    14.4925    38.4878    28.7776 0.0000e+00
    122.000    14.5194     0.2166    98.2331 -9.990e-29 2.2708e+00    189.469    14.5009    38.4939    28.7805 0.0000e+00
    123.000    14.5289     0.2239    98.2696 1.0000e-12 2.7199e+00    188.404    14.5102    38.5008    28.7837 0.0000e+00
    124.000    14.5028     0.2216    98.2782 1.0000e-12 1.7317e+00    189.147    14.4839    38.4957    28.7856 0.0000e+00
    125.000    14.4448     0.2176    98.3024 1.0000e-12 2.8256e+00    190.599    14.4258    38.4872    28.7918 0.0000e+00
    126.000    14.4411     0.2138    98.3022 -9.990e-29 3.4752e+00    191.143    14.4220    38.4865    28.7922 0.0000e+00
    127.000    14.4420     0.2128    98.3016 -9.990e-29 2.6607e+00    191.127    14.4228    38.4876    28.7929 0.0000e+00
    128.000    14.4642     0.2100    98.2996 -9.990e-29 2.0240e+00    188.831    14.4448    38.5066    28.8027 0.0000e+00
    129.000    14.4977     0.2110    98.3274 -9.990e-29 3.5319e+00    185.549    14.4781    38.5361    28.8181 0.0000e+00
    130.000    14.5200     0.2099    98.3484 -9.990e-29 2.8366e+00    184.733    14.5002    38.5470    28.8217 0.0000e+00
    131.000    14.5469     0.2140    98.3672 -9.990e-29 2.6229e+00    182.941    14.5270    38.5613    28.8268 0.0000e+00
