Data/ruptures/PEACETIME/TYR/PEACETIME_TYR_CTD_024.cnv
* Sea-Bird SBE 9 Data File:
* FileName = C:\CTD\rawCTD\PEACETIME_TYR_CTD_024.hdr
* Software Version Seasave V 7.23.2
* Temperature SN = 1378
* Conductivity SN = 2929
* Number of Bytes Per Scan = 34
* Number of Voltage Words = 5
* Number of Scans Averaged by the Deck Unit = 1
* NMEA Latitude = 39 20.38 N
* NMEA Longitude = 012 35.57 E
* NMEA UTC (Time) = May 19 2017  19:01:26
* NMEA baud rate = 4800
** Cruise:   PEACETIME
** Station:  TYR_CTD_024
# nquan = 11
# nvalues = 202                         
# units = specified
# name 0 = prDM: Pressure, Digiquartz [db]
# name 1 = t090C: Temperature [ITS-90, deg C]
# name 2 = flC: Fluorescence, Chelsea Aqua 3 Chl Con [ug/l]
# name 3 = CStarTr0: Beam Transmission, WET Labs C-Star [%]
# name 4 = par: PAR/Irradiance, Biospherical/Licor
# name 5 = spar: SPAR/Surface Irradiance
# name 6 = sbeox0Mm/Kg: Oxygen, SBE 43 [umol/kg]
# name 7 = potemp090C: Potential Temperature [ITS-90, deg C]
# name 8 = sal00: Salinity, Practical [PSU]
# name 9 = sigma-é00: Density [sigma-theta, kg/m^3]
# name 10 = flag:
# span 0 =      2.000,    203.000       
# span 1 =    14.4166,    19.7834       
# span 2 =     0.1836,     0.4282       
# span 3 =    95.6148,    98.4462       
# span 4 = -1.516e-05, 7.7923e-02       
# span 5 = 1.4180e+00, 6.0453e+00       
# span 6 =    170.815,    245.203       
# span 7 =    14.3980,    19.7823       
# span 8 =    37.8611,    38.7351       
# span 9 =    27.0619,    28.9698       
# span 10 = 0.0000e+00, 0.0000e+00      
# interval = decibars: 1                
# start_time = May 19 2017 19:01:26 [NMEA time, header]
# bad_flag = -9.990e-29
*END*
      2.000    19.7826     0.2227    95.7019 7.7923e-02 4.4795e+00    220.245    19.7822    37.9367    27.0619 0.0000e+00
      3.000    19.7794     0.2226    96.7095 4.4799e-02 2.3996e+00    220.879    19.7789    37.9371    27.0631 0.0000e+00
      4.000    19.7783     0.2169    96.6813 3.1611e-02 2.7013e+00    220.746    19.7775    37.9375    27.0638 0.0000e+00
      5.000    19.7820     0.2125    96.7039 2.3977e-02 3.8200e+00    220.697    19.7810    37.9378    27.0631 0.0000e+00
      6.000    19.7834     0.2123    96.7206 1.1101e-02 3.7318e+00    220.992    19.7823    37.9378    27.0628 0.0000e+00
      7.000    19.7779     0.2165    96.7128 5.8057e-03 3.7344e+00    221.275    19.7766    37.9377    27.0642 0.0000e+00
      8.000    19.7687     0.2152    96.7167 2.1221e-03 4.4142e+00    221.336    19.7672    37.9378    27.0668 0.0000e+00
      9.000    19.7717     0.2101    96.7177 8.4728e-04 3.2634e+00    220.965    19.7701    37.9380    27.0662 0.0000e+00
     10.000    19.7602     0.2095    96.7191 -1.516e-05 3.2984e+00    221.504    19.7584    37.9381    27.0694 0.0000e+00
     11.000    19.7549     0.2076    96.7129 -9.990e-29 3.2513e+00    221.122    19.7529    37.9384    27.0710 0.0000e+00
     12.000    19.7453     0.2102    96.7258 -9.990e-29 2.5060e+00    221.195    19.7430    37.9383    27.0736 0.0000e+00
     13.000    19.7228     0.2100    96.7152 1.0000e-12 4.6054e+00    221.305    19.7204    37.9392    27.0804 0.0000e+00
     14.000    19.6876     0.2076    96.7307 1.0000e-12 4.9294e+00    221.367    19.6850    37.9390    27.0896 0.0000e+00
     15.000    19.6496     0.2038    96.7321 1.0000e-12 2.3445e+00    220.948    19.6468    37.9396    27.1001 0.0000e+00
     16.000    19.6140     0.2081    96.7499 1.0000e-12 2.5730e+00    220.935    19.6111    37.9397    27.1097 0.0000e+00
     17.000    19.4779     0.2185    96.7745 1.0000e-12 3.4738e+00    220.066    19.4748    37.9452    27.1499 0.0000e+00
     18.000    19.2669     0.2093    96.8252 1.0000e-12 1.9422e+00    219.407    19.2636    37.9373    27.1994 0.0000e+00
     19.000    18.9418     0.2104    96.8678 1.0000e-12 2.4637e+00    220.993    18.9384    37.9158    27.2677 0.0000e+00
     20.000    18.6070     0.2118    96.9094 1.0000e-12 2.3731e+00    220.764    18.6034    37.8782    27.3252 0.0000e+00
     21.000    18.1292     0.2106    96.9552 1.0000e-12 3.0830e+00    221.306    18.1255    37.9015    27.4646 0.0000e+00
     22.000    17.5954     0.2050    97.0387 1.0000e-12 4.3720e+00    224.015    17.5916    37.8611    27.5671 0.0000e+00
     23.000    17.2525     0.2104    97.0975 1.0000e-12 3.8272e+00    228.961    17.2486    37.8863    27.6710 0.0000e+00
     24.000    17.2716     0.2116    97.0610 1.0000e-12 5.4469e+00    230.295    17.2675    37.9759    27.7353 0.0000e+00
     25.000    17.1789     0.2091    96.9917 1.0000e-12 2.9661e+00    230.735    17.1747    38.0077    27.7824 0.0000e+00
     26.000    17.0331     0.2075    96.8535 1.0000e-12 3.4406e+00    231.440    17.0287    38.0002    27.8122 0.0000e+00
     27.000    16.9735     0.2093    96.9284 1.0000e-12 2.8453e+00    233.518    16.9690    37.9986    27.8255 0.0000e+00
     28.000    16.9779     0.2109    96.9212 1.0000e-12 3.2117e+00    233.506    16.9732    38.0011    27.8264 0.0000e+00
     29.000    16.9853     0.2129    96.9195 1.0000e-12 3.1065e+00    233.554    16.9805    38.0009    27.8245 0.0000e+00
     30.000    16.9505     0.2153    96.9112 1.0000e-12 2.4942e+00    232.937    16.9455    38.0012    27.8332 0.0000e+00
     31.000    16.8698     0.2132    96.8842 1.0000e-12 2.8726e+00    231.067    16.8646    37.9917    27.8455 0.0000e+00
     32.000    16.6796     0.2141    96.8643 1.0000e-12 2.7195e+00    231.898    16.6743    37.9699    27.8745 0.0000e+00
     33.000    16.4829     0.2146    96.8573 1.0000e-12 5.0571e+00    233.675    16.4775    37.9546    27.9098 0.0000e+00
     34.000    16.3870     0.2152    96.8356 1.0000e-12 4.2838e+00    236.148    16.3814    38.0058    27.9721 0.0000e+00
     35.000    16.4420     0.2194    96.7688 1.0000e-12 3.1357e+00    239.063    16.4363    38.0751    28.0124 0.0000e+00
     36.000    16.5200     0.2220    96.6792 1.0000e-12 2.8639e+00    239.775    16.5140    38.1464    28.0487 0.0000e+00
     37.000    16.4159     0.2137    96.6492 1.0000e-12 6.0453e+00    239.920    16.4098    38.1573    28.0820 0.0000e+00
     38.000    16.1982     0.2192    96.6178 1.0000e-12 3.1537e+00    240.966    16.1920    38.1609    28.1364 0.0000e+00
     39.000    16.0588     0.2271    96.5871 1.0000e-12 2.8377e+00    241.644    16.0525    38.1625    28.1704 0.0000e+00
     40.000    15.9738     0.2215    96.5707 1.0000e-12 2.2442e+00    242.625    15.9674    38.1684    28.1950 0.0000e+00
     41.000    15.9376     0.2233    96.5677 1.0000e-12 5.2460e+00    242.534    15.9310    38.1722    28.2064 0.0000e+00
     42.000    15.8386     0.2293    96.5802 1.0000e-12 2.7560e+00    242.494    15.8319    38.1786    28.2345 0.0000e+00
     43.000    15.6973     0.2283    96.6178 1.0000e-12 2.7986e+00    243.592    15.6905    38.1948    28.2798 0.0000e+00
     44.000    15.6073     0.2286    96.6471 1.0000e-12 2.6915e+00    244.504    15.6003    38.2088    28.3115 0.0000e+00
     45.000    15.5396     0.2218    96.6281 1.0000e-12 3.4679e+00    245.203    15.5325    38.2139    28.3310 0.0000e+00
     46.000    15.4988     0.2326    96.6495 1.0000e-12 3.8017e+00    244.733    15.4916    38.2191    28.3444 0.0000e+00
     47.000    15.4534     0.2316    96.6720 1.0000e-12 3.0004e+00    243.680    15.4460    38.2134    28.3506 0.0000e+00
     48.000    15.3598     0.2264    96.6986 1.0000e-12 4.1192e+00    242.796    15.3522    38.2079    28.3678 0.0000e+00
     49.000    15.3148     0.2260    96.7468 1.0000e-12 3.3906e+00    243.639    15.3071    38.2219    28.3889 0.0000e+00
     50.000    15.2856     0.2273    96.8214 1.0000e-12 2.0043e+00    243.821    15.2777    38.2254    28.3983 0.0000e+00
     51.000    15.2704     0.2233    96.8828 1.0000e-12 2.6960e+00    243.469    15.2625    38.2252    28.4017 0.0000e+00
     52.000    15.2214     0.2247    96.9209 1.0000e-12 3.2191e+00    242.980    15.2133    38.2235    28.4115 0.0000e+00
     53.000    15.1850     0.2273    96.9639 1.0000e-12 2.7243e+00    241.780    15.1767    38.2245    28.4206 0.0000e+00
     54.000    15.1316     0.2273    96.9932 1.0000e-12 2.7857e+00    240.620    15.1232    38.2244    28.4326 0.0000e+00
     55.000    15.0708     0.2276    97.0281 1.0000e-12 2.2383e+00    239.745    15.0623    38.2212    28.4440 0.0000e+00
     56.000    15.0337     0.2296    97.0094 1.0000e-12 4.0739e+00    239.056    15.0250    38.2202    28.4517 0.0000e+00
     57.000    15.0121     0.2358    96.9792 1.0000e-12 3.3550e+00    238.460    15.0033    38.2213    28.4574 0.0000e+00
     58.000    14.9744     0.2489    96.7593 1.0000e-12 4.4599e+00    237.373    14.9654    38.2167    28.4624 0.0000e+00
     59.000    14.9425     0.2554    96.6196 1.0000e-12 2.2986e+00    236.053    14.9333    38.2195    28.4717 0.0000e+00
     60.000    14.9140     0.2517    96.7034 1.0000e-12 2.5556e+00    233.024    14.9048    38.2289    28.4854 0.0000e+00
     61.000    14.8683     0.2511    96.7741 1.0000e-12 1.9458e+00    232.665    14.8589    38.2326    28.4986 0.0000e+00
     62.000    14.8383     0.2579    96.7950 1.0000e-12 3.3725e+00    232.980    14.8288    38.2343    28.5067 0.0000e+00
     63.000    14.8084     0.2647    96.7084 1.0000e-12 3.1120e+00    231.409    14.7987    38.2393    28.5173 0.0000e+00
     64.000    14.7847     0.2841    96.3865 1.0000e-12 2.4309e+00    230.228    14.7749    38.2450    28.5270 0.0000e+00
     65.000    14.7412     0.3369    96.1658 1.0000e-12 2.8559e+00    229.840    14.7312    38.2483    28.5393 0.0000e+00
     66.000    14.7287     0.3512    95.9716 1.0000e-12 2.4833e+00    229.040    14.7186    38.2531    28.5458 0.0000e+00
     67.000    14.7089     0.3443    96.2012 1.0000e-12 4.3167e+00    229.615    14.6986    38.2537    28.5507 0.0000e+00
     68.000    14.6994     0.3430    96.2647 1.0000e-12 3.3216e+00    229.410    14.6890    38.2570    28.5554 0.0000e+00
     69.000    14.6776     0.3232    96.1352 1.0000e-12 3.8133e+00    230.868    14.6671    38.2558    28.5594 0.0000e+00
     70.000    14.6565     0.3440    95.7460 -9.990e-29 3.1378e+00    231.039    14.6458    38.2549    28.5634 0.0000e+00
     71.000    14.6528     0.3498    95.6148 -9.990e-29 2.8435e+00    227.165    14.6420    38.2605    28.5686 0.0000e+00
     72.000    14.6635     0.3625    96.2282 1.0000e-12 2.0870e+00    222.378    14.6525    38.2737    28.5765 0.0000e+00
     73.000    14.6709     0.3338    96.3156 1.0000e-12 6.0353e+00    220.026    14.6597    38.2839    28.5828 0.0000e+00
     74.000    14.6599     0.3693    95.9359 1.0000e-12 3.1337e+00    219.051    14.6486    38.2867    28.5874 0.0000e+00
     75.000    14.6522     0.4113    95.8788 1.0000e-12 2.8192e+00    218.008    14.6408    38.2925    28.5937 0.0000e+00
     76.000    14.6491     0.4104    96.1007 1.0000e-12 1.9124e+00    216.387    14.6375    38.2959    28.5970 0.0000e+00
     77.000    14.6463     0.4029    96.0872 1.0000e-12 2.2649e+00    214.043    14.6346    38.3008    28.6015 0.0000e+00
     78.000    14.6474     0.4155    96.0324 1.0000e-12 3.1211e+00    211.292    14.6355    38.3111    28.6092 0.0000e+00
     79.000    14.6559     0.4241    96.2141 1.0000e-12 1.6503e+00    209.541    14.6439    38.3186    28.6131 0.0000e+00
     80.000    14.6462     0.4282    96.3654 1.0000e-12 2.2410e+00    209.610    14.6339    38.3164    28.6137 0.0000e+00
     81.000    14.6370     0.4258    96.5281 1.0000e-12 3.4250e+00    209.144    14.6247    38.3190    28.6177 0.0000e+00
     82.000    14.5993     0.3947    96.8277 1.0000e-12 3.1678e+00    210.018    14.5868    38.3157    28.6236 0.0000e+00
     83.000    14.5630     0.3656    96.9228 1.0000e-12 3.1579e+00    209.741    14.5504    38.3128    28.6294 0.0000e+00
     84.000    14.6054     0.3524    97.0174 1.0000e-12 2.6606e+00    204.763    14.5926    38.3372    28.6389 0.0000e+00
     85.000    14.6276     0.3536    97.0395 1.0000e-12 2.6640e+00    202.422    14.6146    38.3501    28.6440 0.0000e+00
     86.000    14.6182     0.3523    97.1458 1.0000e-12 2.8154e+00    202.583    14.6051    38.3489    28.6452 0.0000e+00
     87.000    14.6231     0.3470    97.2049 1.0000e-12 1.4180e+00    200.964    14.6098    38.3552    28.6490 0.0000e+00
     88.000    14.6350     0.3363    97.2329 1.0000e-12 4.5702e+00    198.472    14.6216    38.3734    28.6605 0.0000e+00
     89.000    14.6359     0.3258    97.3017 1.0000e-12 1.9089e+00    197.111    14.6224    38.3807    28.6660 0.0000e+00
     90.000    14.6407     0.3094    97.3253 1.0000e-12 3.3189e+00    196.834    14.6269    38.3843    28.6677 0.0000e+00
     91.000    14.6430     0.3104    97.3637 1.0000e-12 4.1298e+00    197.122    14.6291    38.3852    28.6679 0.0000e+00
     92.000    14.6450     0.3059    97.3656 1.0000e-12 2.2374e+00    196.960    14.6309    38.3860    28.6681 0.0000e+00
     93.000    14.6676     0.3175    97.3912 1.0000e-12 3.3560e+00    195.030    14.6533    38.3999    28.6739 0.0000e+00
     94.000    14.6759     0.3133    97.4592 1.0000e-12 3.6667e+00    193.883    14.6615    38.4077    28.6781 0.0000e+00
     95.000    14.6673     0.2945    97.4658 1.0000e-12 2.9383e+00    193.058    14.6527    38.4120    28.6834 0.0000e+00
     96.000    14.6746     0.2927    97.5958 1.0000e-12 2.0352e+00    191.873    14.6599    38.4218    28.6893 0.0000e+00
     97.000    14.6828     0.3107    97.6359 1.0000e-12 3.7777e+00    190.793    14.6679    38.4321    28.6955 0.0000e+00
     98.000    14.7049     0.2983    97.6352 -9.990e-29 2.2222e+00    189.383    14.6899    38.4448    28.7004 0.0000e+00
     99.000    14.7159     0.2923    97.6794 -9.990e-29 2.2903e+00    188.264    14.7008    38.4583    28.7085 0.0000e+00
    100.000    14.7158     0.2799    97.7245 1.0000e-12 3.3933e+00    187.083    14.7004    38.4655    28.7141 0.0000e+00
    101.000    14.7056     0.2762    97.7518 1.0000e-12 3.1498e+00    186.682    14.6901    38.4673    28.7178 0.0000e+00
    102.000    14.6937     0.2694    97.8240 1.0000e-12 2.1175e+00    187.028    14.6781    38.4695    28.7222 0.0000e+00
    103.000    14.6946     0.2601    97.8282 1.0000e-12 3.2818e+00    186.429    14.6788    38.4736    28.7252 0.0000e+00
    104.000    14.6948     0.2597    97.8798 1.0000e-12 2.4192e+00    186.118    14.6788    38.4760    28.7271 0.0000e+00
    105.000    14.6984     0.2593    97.8870 1.0000e-12 3.3855e+00    184.817    14.6823    38.4864    28.7343 0.0000e+00
    106.000    14.6913     0.2593    97.9532 1.0000e-12 2.1548e+00    184.668    14.6750    38.4957    28.7432 0.0000e+00
    107.000    14.6813     0.2535    97.9510 1.0000e-12 3.2395e+00    185.193    14.6649    38.4952    28.7450 0.0000e+00
    108.000    14.6612     0.2461    97.9826 1.0000e-12 2.0730e+00    186.155    14.6447    38.4939    28.7485 0.0000e+00
    109.000    14.6393     0.2489    97.9999 1.0000e-12 2.8647e+00    186.885    14.6226    38.4922    28.7521 0.0000e+00
    110.000    14.6292     0.2533    97.9824 1.0000e-12 2.8332e+00    186.996    14.6124    38.4911    28.7535 0.0000e+00
    111.000    14.6078     0.2498    98.0151 1.0000e-12 4.5325e+00    187.676    14.5909    38.4885    28.7563 0.0000e+00
    112.000    14.5794     0.2397    98.0199 -9.990e-29 2.9033e+00    188.513    14.5623    38.4841    28.7592 0.0000e+00
    113.000    14.5399     0.2454    98.0053 -9.990e-29 2.5542e+00    189.549    14.5227    38.4803    28.7651 0.0000e+00
    114.000    14.5439     0.2467    98.0382 1.0000e-12 3.0360e+00    189.351    14.5265    38.4864    28.7690 0.0000e+00
    115.000    14.5560     0.2424    98.0653 1.0000e-12 2.3007e+00    188.736    14.5385    38.4902    28.7692 0.0000e+00
    116.000    14.5686     0.2414    98.0589 1.0000e-12 3.2544e+00    188.615    14.5509    38.4955    28.7706 0.0000e+00
    117.000    14.5869     0.2376    98.0688 1.0000e-12 3.0609e+00    187.701    14.5691    38.5018    28.7714 0.0000e+00
    118.000    14.5335     0.2426    98.0826 1.0000e-12 2.2285e+00    189.007    14.5155    38.4920    28.7757 0.0000e+00
    119.000    14.4725     0.2395    98.1005 1.0000e-12 3.0188e+00    190.824    14.4544    38.4841    28.7831 0.0000e+00
    120.000    14.4349     0.2388    98.1302 1.0000e-12 2.7283e+00    192.175    14.4167    38.4786    28.7872 0.0000e+00
    121.000    14.4392     0.2323    98.1554 1.0000e-12 2.1552e+00    192.412    14.4209    38.4847    28.7910 0.0000e+00
    122.000    14.4305     0.2243    98.1649 1.0000e-12 2.5997e+00    192.879    14.4120    38.4827    28.7914 0.0000e+00
    123.000    14.4166     0.2256    98.1636 1.0000e-12 4.3341e+00    192.335    14.3980    38.4809    28.7931 0.0000e+00
    124.000    14.4709     0.2278    98.1735 1.0000e-12 3.1327e+00    189.104    14.4520    38.5064    28.8009 0.0000e+00
    125.000    14.5207     0.2302    98.1853 1.0000e-12 2.4882e+00    187.075    14.5016    38.5235    28.8032 0.0000e+00
    126.000    14.5504     0.2267    98.2182 -9.990e-29 2.4391e+00    185.719    14.5312    38.5379    28.8077 0.0000e+00
    127.000    14.6116     0.2200    98.2677 -9.990e-29 3.1560e+00    183.063    14.5922    38.5706    28.8195 0.0000e+00
    128.000    14.6309     0.2195    98.2740 1.0000e-12 2.6563e+00    182.322    14.6113    38.5776    28.8207 0.0000e+00
    129.000    14.5949     0.2167    98.2640 1.0000e-12 1.8720e+00    182.199    14.5752    38.5723    28.8246 0.0000e+00
    130.000    14.5947     0.2171    98.2819 1.0000e-12 2.8735e+00    182.082    14.5749    38.5736    28.8257 0.0000e+00
    131.000    14.6092     0.2197    98.2995 1.0000e-12 2.0131e+00    181.208    14.5891    38.5882    28.8338 0.0000e+00
    132.000    14.6285     0.2208    98.3067 -9.990e-29 3.6167e+00    181.712    14.6083    38.5994    28.8382 0.0000e+00
