Data/ruptures/PEACETIME/TYR/PEACETIME_TYR_CTD_027.cnv
* Sea-Bird SBE 9 Data File:
* FileName = C:\CTD\rawCTD\PEACETIME_TYR_CTD_027.hdr
* Software Version Seasave V 7.23.2
* Temperature SN = 1378
* Conductivity SN = 2929
* Number of Bytes Per Scan = 34
* Number of Voltage Words = 5
* Number of Scans Averaged by the Deck Unit = 1
* NMEA Latitude = 39 20.37 N
* NMEA Longitude = 012 35.58 E
* NMEA UTC (Time) = May 20 2017  08:15:59
* NMEA baud rate = 4800
** Cruise:   PEACETIME
** Station:   TYR_CTD_027
# nquan = 11
# nvalues = 3002                        
# units = specified
# name 0 = prDM: Pressure, Digiquartz [db]
# name 1 = t090C: Temperature [ITS-90, deg C]
# name 2 = flC: Fluorescence, Chelsea Aqua 3 Chl Con [ug/l]
# name 3 = CStarTr0: Beam Transmission, WET Labs C-Star [%]
# name 4 = par: PAR/Irradiance, Biospherical/Licor
# name 5 = spar: SPAR/Surface Irradiance
# name 6 = sbeox0Mm/Kg: Oxygen, SBE 43 [umol/kg]
# name 7 = potemp090C: Potential Temperature [ITS-90, deg C]
# name 8 = sal00: Salinity, Practical [PSU]
# name 9 = sigma-é00: Density [sigma-theta, kg/m^3]
# name 10 = flag:
# span 0 =      2.000,   3003.000       
# span 1 =    13.3975,    19.8279       
# span 2 =     0.1735,     0.4029       
# span 3 =    96.2426,    98.6252       
# span 4 = -6.837e-06, 1.2538e+03       
# span 5 = 1.1671e+03, 3.2971e+03       
# span 6 =    163.882,    245.609       
# span 7 =    12.9805,    19.8266       
# span 8 =    37.8990,    38.8238       
# span 9 =    27.0933,    29.1132       
# span 10 = 0.0000e+00, 0.0000e+00      
# interval = decibars: 1                
# start_time = May 20 2017 08:15:59 [NMEA time, header]
# bad_flag = -9.990e-29
*END*
[from data line 263]
    265.000    14.3921     0.1846    98.4312 2.1111e-04 2.2062e+03    167.234    14.3517    38.7613    29.0203 0.0000e+00
    266.000    14.3931     0.1892    98.4449 6.4912e-05 2.2774e+03    166.616    14.3526    38.7632    29.0216 0.0000e+00
    267.000    14.3943     0.1842    98.4353 1.8509e-04 2.2867e+03    166.193    14.3536    38.7644    29.0223 0.0000e+00
    268.000    14.3938     0.1872    98.4477 -1.091e-06 2.2785e+03    166.631    14.3530    38.7644    29.0224 0.0000e+00
    269.000    14.3949     0.1889 -9.990e-29 1.0000e-12 2.2914e+03    167.325    14.3539    38.7653    29.0229 0.0000e+00
    270.000    14.3968     0.1804 -9.990e-29 1.5004e-05 2.4887e+03    167.454    14.3557    38.7662    29.0232 0.0000e+00
    271.000    14.3972     0.1829 -9.990e-29 -4.400e-07 2.6261e+03    167.425    14.3559    38.7673    29.0240 0.0000e+00
    272.000    14.3972     0.1831 -9.990e-29 -9.990e-29 2.3968e+03    167.817    14.3558    38.7682    29.0248 0.0000e+00
    273.000    14.4013     0.1850 -9.990e-29 -9.990e-29 2.2842e+03    167.826    14.3597    38.7716    29.0265 0.0000e+00
    274.000    14.4089     0.1854 -9.990e-29 -9.990e-29 2.1960e+03    167.669    14.3671    38.7757    29.0281 0.0000e+00
    275.000    14.4086     0.1863 -9.990e-29 -9.990e-29 2.0952e+03    167.641    14.3667    38.7757    29.0281 0.0000e+00
    276.000    14.4069     0.1916    98.4441 -9.990e-29 2.0326e+03    167.755    14.3648    38.7756    29.0285 0.0000e+00
    277.000    14.4081     0.1919    98.4503 -9.990e-29 2.0286e+03    167.801    14.3658    38.7766    29.0290 0.0000e+00
    278.000    14.4090     0.1853    98.4511 -9.990e-29 2.0252e+03    167.786    14.3666    38.7773    29.0294 0.0000e+00
    279.000    14.4101     0.1874    98.4525 -9.990e-29 2.0769e+03    167.398    14.3676    38.7794    29.0308 0.0000e+00
    280.000    14.4095     0.1860    98.4528 -9.990e-29 1.9343e+03    167.437    14.3668    38.7799    29.0314 0.0000e+00
    281.000    14.4102     0.1842    98.4548 -9.990e-29 1.8191e+03    167.381    14.3673    38.7804    29.0316 0.0000e+00
    282.000    14.4110     0.1805    98.4545 -9.990e-29 1.7398e+03    167.236    14.3680    38.7810    29.0320 0.0000e+00
    283.000    14.4114     0.1818    98.4490 -9.990e-29 1.6714e+03    167.465    14.3682    38.7813    29.0321 0.0000e+00
    284.000    14.4115     0.1877    98.4329 1.0000e-12 1.6500e+03    167.476    14.3682    38.7813    29.0322 0.0000e+00
    285.000    14.4103     0.1907    98.4531 1.0000e-12 1.6585e+03    167.707    14.3668    38.7811    29.0323 0.0000e+00
    286.000    14.4065     0.1857    98.4545 1.0000e-12 1.6390e+03    167.783    14.3629    38.7805    29.0327 0.0000e+00
    287.000    14.4032     0.1818    98.4484 1.0000e-12 1.6067e+03    167.444    14.3595    38.7800    29.0331 0.0000e+00
    288.000    14.4036     0.1803    98.4581 -9.990e-29 1.5785e+03    167.381    14.3597    38.7814    29.0341 0.0000e+00
    289.000    14.4061     0.1868    98.4532 -9.990e-29 1.5596e+03    167.347    14.3620    38.7825    29.0344 0.0000e+00
    290.000    14.4082     0.1841    98.4515 -9.990e-29 1.5503e+03    167.550    14.3639    38.7834    29.0347 0.0000e+00
    291.000    14.4091     0.1859    98.4517 -9.990e-29 1.5469e+03    167.706    14.3647    38.7838    29.0349 0.0000e+00
    292.000    14.4059     0.1854    98.4528 1.0000e-12 1.5395e+03    167.655    14.3613    38.7835    29.0354 0.0000e+00
    293.000    14.4022     0.1874    98.4521 1.0000e-12 1.5297e+03    167.416    14.3575    38.7831    29.0359 0.0000e+00
    294.000    14.4029     0.1878    98.4450 1.8817e-06 1.5155e+03    167.649    14.3581    38.7847    29.0370 0.0000e+00
    295.000    14.4047     0.1906    98.4497 -1.403e-08 1.5050e+03    167.903    14.3597    38.7866    29.0381 0.0000e+00
    296.000    14.4059     0.1897    98.4510 -9.990e-29 1.4999e+03    167.544    14.3607    38.7873    29.0385 0.0000e+00
    297.000    14.4060     0.1830    98.4530 -9.990e-29 1.4921e+03    167.604    14.3607    38.7877    29.0388 0.0000e+00
    298.000    14.4053     0.1826    98.4543 -9.990e-29 1.4913e+03    167.275    14.3598    38.7879    29.0391 0.0000e+00
    299.000    14.4040     0.1812    98.4579 1.0000e-12 1.4867e+03    167.620    14.3583    38.7880    29.0395 0.0000e+00
    300.000    14.4023     0.1855    98.4574 1.0000e-12 1.4863e+03    167.424    14.3565    38.7879    29.0398 0.0000e+00
    301.000    14.4010     0.1880    98.4539 1.0000e-12 1.4828e+03    167.625    14.3551    38.7878    29.0400 0.0000e+00
    302.000    14.4011     0.1896    98.4528 1.0000e-12 1.4872e+03    167.509    14.3550    38.7883    29.0405 0.0000e+00
    303.000    14.4009     0.1875    98.4466 1.0000e-12 1.4923e+03    167.275    14.3547    38.7882    29.0405 0.0000e+00
    304.000    14.4029     0.1809    98.4535 1.0000e-12 1.5061e+03    167.385    14.3565    38.7894    29.0410 0.0000e+00
    305.000    14.4047     0.1798    98.4560 1.0000e-12 1.5179e+03    167.359    14.3581    38.7903    29.0413 0.0000e+00
    306.000    14.4019     0.1777    98.4543 1.0000e-12 1.5481e+03    167.643    14.3552    38.7896    29.0414 0.0000e+00
    307.000    14.4003     0.1801    98.4475 1.0000e-12 1.6194e+03    167.667    14.3535    38.7896    29.0418 0.0000e+00
    308.000    14.4009     0.1836 -9.990e-29 1.0000e-12 1.7306e+03    167.486    14.3539    38.7905    29.0424 0.0000e+00
    309.000    14.4035     0.1865 -9.990e-29 1.0000e-12 1.7864e+03    167.594    14.3563    38.7910    29.0423 0.0000e+00
    310.000    14.4167     0.1896 -9.990e-29 1.0000e-12 1.7464e+03    167.852    14.3694    38.7960    29.0433 0.0000e+00
    311.000    14.4192     0.1900 -9.990e-29 1.0000e-12 1.7170e+03    168.180    14.3716    38.7965    29.0431 0.0000e+00
    312.000    14.4180     0.1897    98.4572 1.0000e-12 1.8137e+03    167.938    14.3704    38.7957    29.0428 0.0000e+00
    313.000    14.4193     0.1839    98.4612 1.0000e-12 1.7773e+03    168.044    14.3714    38.7968    29.0434 0.0000e+00
    314.000    14.4287     0.1892    98.4398 1.0000e-12 1.7576e+03    168.309    14.3807    38.8011    29.0447 0.0000e+00
    315.000    14.4397     0.1881    98.4462 1.0000e-12 1.9239e+03    168.774    14.3915    38.8049    29.0452 0.0000e+00
    316.000    14.4442     0.1847 -9.990e-29 1.0000e-12 2.2239e+03    168.938    14.3959    38.8061    29.0452 0.0000e+00
    317.000    14.4498     0.1824 -9.990e-29 1.0000e-12 2.5469e+03    168.792    14.4013    38.8085    29.0459 0.0000e+00
    318.000    14.4477     0.1821 -9.990e-29 1.0000e-12 2.9023e+03    168.587    14.3990    38.8066    29.0449 0.0000e+00
    319.000    14.4440     0.1869 -9.990e-29 1.0000e-12 3.2223e+03    169.015    14.3952    38.8065    29.0457 0.0000e+00
    320.000    14.4605     0.1883 -9.990e-29 1.0000e-12 3.2046e+03    169.277    14.4115    38.8129    29.0470 0.0000e+00
    321.000    14.4623     0.1862 -9.990e-29 1.0000e-12 3.1946e+03    169.210    14.4132    38.8136    29.0472 0.0000e+00
    322.000    14.4606     0.1825 -9.990e-29 1.0000e-12 3.1835e+03    168.848    14.4113    38.8133    29.0474 0.0000e+00
    323.000    14.4569     0.1813 -9.990e-29 1.0000e-12 3.1757e+03    168.764    14.4075    38.8127    29.0477 0.0000e+00
    324.000    14.4551     0.1790 -9.990e-29 1.0000e-12 3.1723e+03    168.942    14.4055    38.8129    29.0483 0.0000e+00
    325.000    14.4586     0.1823 -9.990e-29 1.0000e-12 3.1842e+03    169.395    14.4088    38.8123    29.0472 0.0000e+00
    326.000    14.4602     0.1873 -9.990e-29 1.0000e-12 3.1797e+03    169.302    14.4102    38.8145    29.0485 0.0000e+00
    327.000    14.4652     0.1888    98.4505 1.0000e-12 3.1781e+03    169.009    14.4151    38.8175    29.0498 0.0000e+00
    328.000    14.4649     0.1935    98.4422 1.0000e-12 3.1816e+03    169.019    14.4146    38.8180    29.0503 0.0000e+00
    329.000    14.4640     0.1963    98.4421 1.0000e-12 3.1785e+03    169.011    14.4136    38.8182    29.0507 0.0000e+00
    330.000    14.4658     0.1936    98.4376 1.0000e-12 3.1790e+03    169.088    14.4152    38.8189    29.0508 0.0000e+00
    331.000    14.4650     0.1924    98.4412 1.0000e-12 3.1809e+03    169.378    14.4143    38.8185    29.0508 0.0000e+00
    332.000    14.4625     0.1963    98.4360 1.0000e-12 3.1741e+03    169.826    14.4116    38.8180    29.0509 0.0000e+00
    333.000    14.4587     0.1886 -9.990e-29 1.0000e-12 3.1819e+03    169.223    14.4076    38.8170    29.0510 0.0000e+00
    334.000    14.4570     0.1817 -9.990e-29 1.0000e-12 3.1865e+03    169.300    14.4059    38.8169    29.0513 0.0000e+00
    335.000    14.4578     0.1832    98.4259 1.0000e-12 3.1917e+03    169.737    14.4065    38.8174    29.0517 0.0000e+00
    336.000    14.4619     0.1823    98.4404 1.0000e-12 3.1942e+03    170.087    14.4104    38.8194    29.0523 0.0000e+00
    337.000    14.4664     0.1842    98.4459 1.0000e-12 3.1920e+03    170.066    14.4147    38.8215    29.0530 0.0000e+00
    338.000    14.4694     0.1828    98.4405 1.0000e-12 3.1944e+03    169.902    14.4176    38.8227    29.0533 0.0000e+00
    339.000    14.4685     0.1916    98.4319 1.0000e-12 3.1989e+03    169.853    14.4165    38.8221    29.0530 0.0000e+00
    340.000    14.4682     0.1914    98.4352 1.0000e-12 3.1978e+03    170.270    14.4161    38.8222    29.0532 0.0000e+00
    341.000    14.4693     0.1850    98.4410 1.0000e-12 3.1904e+03    169.922    14.4171    38.8233    29.0539 0.0000e+00
    342.000    14.4693     0.1816    98.4478 1.0000e-12 3.1517e+03    169.773    14.4169    38.8235    29.0540 0.0000e+00
    343.000    14.4697     0.1829    98.4273 1.0000e-12 3.1282e+03    169.668    14.4172    38.8238    29.0542 0.0000e+00
    344.000    14.4692     0.1819    98.4385 1.0000e-12 3.1287e+03    169.513    14.4165    38.8236    29.0542 0.0000e+00
    345.000    14.4664     0.1809    98.4361 1.0000e-12 3.0919e+03    169.647    14.4135    38.8232    29.0545 0.0000e+00
    346.000    14.4688     0.1860    98.4317 1.0000e-12 2.9169e+03    169.586    14.4157    38.8230    29.0539 0.0000e+00
    347.000    14.4595     0.1885    98.4468 1.0000e-12 2.4926e+03    169.469    14.4063    38.8216    29.0549 0.0000e+00
    348.000    14.4558     0.1840    98.4476 1.0000e-12 2.1282e+03    169.660    14.4025    38.8210    29.0553 0.0000e+00
    349.000    14.4568     0.1860    98.4476 1.0000e-12 1.9285e+03    169.791    14.4033    38.8221    29.0559 0.0000e+00
    350.000    14.4559     0.1904    98.4476 1.0000e-12 1.8180e+03    169.645    14.4022    38.8221    29.0562 0.0000e+00
    351.000    14.4561     0.1901    98.4331 1.0000e-12 1.7718e+03    169.591    14.4023    38.8225    29.0565 0.0000e+00
    352.000    14.4553     0.1878    98.4345 1.0000e-12 1.7747e+03    169.794    14.4014    38.8224    29.0566 0.0000e+00
    353.000    14.4534     0.1843 -9.990e-29 1.0000e-12 1.7761e+03    169.458    14.3993    38.8221    29.0568 0.0000e+00
    354.000    14.4495     0.1840 -9.990e-29 1.0000e-12 1.7647e+03    169.257    14.3953    38.8216    29.0573 0.0000e+00
    355.000    14.4465     0.1881    98.4476 1.0000e-12 1.7188e+03    169.323    14.3921    38.8213    29.0578 0.0000e+00
    356.000    14.4447     0.1908    98.4449 1.0000e-12 1.6414e+03    169.070    14.3902    38.8212    29.0582 0.0000e+00
    357.000    14.4430     0.1918    98.4335 1.0000e-12 1.5881e+03    169.149    14.3883    38.8209    29.0584 0.0000e+00
    358.000    14.4426     0.1937    98.4359 1.0000e-12 1.5493e+03    169.111    14.3877    38.8207    29.0583 0.0000e+00
    359.000    14.4445     0.1905    98.4404 1.0000e-12 1.5172e+03    169.183    14.3895    38.8209    29.0580 0.0000e+00
    360.000    14.4398     0.1881 -9.990e-29 1.0000e-12 1.4857e+03    169.101    14.3846    38.8206    29.0589 0.0000e+00
    361.000    14.4377     0.1876 -9.990e-29 1.0000e-12 1.4745e+03    168.890    14.3824    38.8204    29.0593 0.0000e+00
    362.000    14.4365     0.1870 -9.990e-29 1.0000e-12 1.4620e+03    169.033    14.3810    38.8200    29.0593 0.0000e+00
    363.000    14.4360     0.1839 -9.990e-29 1.0000e-12 1.4541e+03    168.933    14.3804    38.8199    29.0593 0.0000e+00
    364.000    14.4338     0.1841 -9.990e-29 1.0000e-12 1.4503e+03    168.596    14.3780    38.8196    29.0597 0.0000e+00
    365.000    14.4322     0.1839 -9.990e-29 1.0000e-12 1.4469e+03    169.072    14.3763    38.8196    29.0600 0.0000e+00
    366.000    14.4325     0.1870 -9.990e-29 1.0000e-12 1.4456e+03    169.147    14.3764    38.8196    29.0600 0.0000e+00
    367.000    14.4302     0.1875    98.4500 1.0000e-12 1.4383e+03    169.008    14.3740    38.8195    29.0604 0.0000e+00
    368.000    14.4287     0.1846    98.4502 1.0000e-12 1.4414e+03    169.018    14.3723    38.8193    29.0607 0.0000e+00
    369.000    14.4263     0.1790    98.4490 1.0000e-12 1.4334e+03    169.097    14.3698    38.8188    29.0608 0.0000e+00
    370.000    14.4241     0.1790    98.4254 1.0000e-12 1.4378e+03    168.956    14.3675    38.8185    29.0611 0.0000e+00
    371.000    14.4233     0.1812    98.4521 1.0000e-12 1.4371e+03    168.547    14.3665    38.8184    29.0612 0.0000e+00
    372.000    14.4223     0.1818    98.4519 1.0000e-12 1.4422e+03    168.029    14.3653    38.8184    29.0615 0.0000e+00
    373.000    14.4213     0.1855    98.4536 1.0000e-12 1.4377e+03    168.223    14.3642    38.8182    29.0616 0.0000e+00
    374.000    14.4201     0.1852    98.4501 1.0000e-12 1.4411e+03    168.956    14.3628    38.8182    29.0618 0.0000e+00
    375.000    14.4199     0.1886    98.4535 1.0000e-12 1.4340e+03    169.103    14.3624    38.8181    29.0619 0.0000e+00
    376.000    14.4192     0.1918    98.4535 1.0000e-12 1.4266e+03    168.750    14.3617    38.8180    29.0620 0.0000e+00
    377.000    14.4184     0.1892    98.4576 1.0000e-12 1.4292e+03    168.622    14.3607    38.8179    29.0621 0.0000e+00
    378.000    14.4153     0.1889    98.4402 1.0000e-12 1.4237e+03    168.268    14.3574    38.8178    29.0627 0.0000e+00
    379.000    14.4125     0.1874    98.4522 1.0000e-12 1.4246e+03    168.379    14.3544    38.8176    29.0633 0.0000e+00
    380.000    14.4109     0.1871    98.4542 1.0000e-12 1.4187e+03    168.687    14.3528    38.8174    29.0635 0.0000e+00
    381.000    14.4104     0.1864    98.4528 1.0000e-12 1.4184e+03    168.398    14.3521    38.8174    29.0637 0.0000e+00
    382.000    14.4102     0.1870    98.4490 1.0000e-12 1.4179e+03    168.226    14.3517    38.8173    29.0637 0.0000e+00
    383.000    14.4099     0.1877    98.4497 1.0000e-12 1.4196e+03    168.431    14.3512    38.8173    29.0637 0.0000e+00
    384.000    14.4107     0.1864    98.4515 1.0000e-12 1.4249e+03    168.498    14.3519    38.8171    29.0634 0.0000e+00
    385.000    14.4076     0.1915    98.4516 1.0000e-12 1.4302e+03    168.382    14.3487    38.8173    29.0643 0.0000e+00
    386.000    14.4056     0.1892    98.4577 1.0000e-12 1.4210e+03    168.377    14.3465    38.8173    29.0648 0.0000e+00
    387.000    14.4049     0.1856 -9.990e-29 1.0000e-12 1.4185e+03    168.601    14.3456    38.8173    29.0649 0.0000e+00
    388.000    14.4035     0.1834 -9.990e-29 1.0000e-12 1.4204e+03    168.553    14.3441    38.8168    29.0649 0.0000e+00
    389.000    14.4016     0.1835 -9.990e-29 1.0000e-12 1.4202e+03    168.315    14.3420    38.8163    29.0650 0.0000e+00
    390.000    14.4002     0.1794 -9.990e-29 1.0000e-12 1.4191e+03    168.326    14.3405    38.8161    29.0652 0.0000e+00
    391.000    14.3998     0.1796    98.4583 1.0000e-12 1.4313e+03    168.413    14.3399    38.8161    29.0653 0.0000e+00
    392.000    14.3975     0.1808    98.4490 -9.990e-29 1.4442e+03    168.272    14.3375    38.8157    29.0656 0.0000e+00
    393.000    14.3958     0.1868    98.4544 -9.990e-29 1.4477e+03    168.368    14.3357    38.8154    29.0657 0.0000e+00
    394.000    14.3945     0.1829    98.4558 1.0000e-12 1.4529e+03    168.228    14.3342    38.8154    29.0660 0.0000e+00
