Data/ruptures/PEACETIME/TYR/PEACETIME_TYR_CTD_016.cnv
* Sea-Bird SBE 9 Data File:
* FileName = C:\CTD\rawCTD\PEACETIME_TYR_CTD_016.hdr
* Software Version Seasave V 7.23.2
* Temperature SN = 1378
* Conductivity SN = 2929
* Number of Bytes Per Scan = 34
* Number of Voltage Words = 5
* Number of Scans Averaged by the Deck Unit = 1
* NMEA Latitude = 39 20.44 N
* NMEA Longitude = 012 35.72 E
* NMEA UTC (Time) = May 17 2017  09:54:53
* NMEA baud rate = 4800
** Cruise:   PEACETIME
** Station:   TYR_CTD_016
# nquan = 11
# nvalues = 3438                        
# units = specified
# name 0 = prDM: Pressure, Digiquartz [db]
# name 1 = t090C: Temperature [ITS-90, deg C]
# name 2 = flC: Fluorescence, Chelsea Aqua 3 Chl Con [ug/l]
# name 3 = CStarTr0: Beam Transmission, WET Labs C-Star [%]
# name 4 = par: PAR/Irradiance, Biospherical/Licor
# name 5 = spar: SPAR/Surface Irradiance
# name 6 = sbeox0Mm/Kg: Oxygen, SBE 43 [umol/kg]
# name 7 = potemp090C: Potential Temperature [ITS-90, deg C]
# name 8 = sal00: Salinity, Practical [PSU]
# name 9 = sigma-é00: Density [sigma-theta, kg/m^3]
# name 10 = flag:
# span 0 =      2.000,   3439.000       
# span 1 =    13.3931,    19.8015       
# span 2 =     0.1721,     0.3246       
# span 3 =    95.8202,    98.8171       
# span 4 = -1.516e-05, 1.5662e+03       
# span 5 = 2.2676e+03, 2.2984e+03       
# span 6 =    164.431,    238.508       
# span 7 =    12.9666,    19.8010       
# span 8 =    37.8945,    38.8239       
# span 9 =    27.0792,    29.1131       
# span 10 = 0.0000e+00, 0.0000e+00      
# interval = decibars: 1                
# start_time = May 17 2017 09:54:53 [NMEA time, header]
# bad_flag = -9.990e-29
*END*
[from data line 394]
    396.000    14.4182     0.1811    98.6423 -9.990e-29 2.2871e+03    169.911    14.3576    38.8225    29.0663 0.0000e+00
    397.000    14.4112     0.1854    98.6406 -9.990e-29 2.2866e+03    169.751    14.3504    38.8213    29.0670 0.0000e+00
    398.000    14.4061     0.1880    98.6417 -9.990e-29 2.2873e+03    169.773    14.3451    38.8203    29.0675 0.0000e+00
    399.000    14.4015     0.1844    98.6483 -9.990e-29 2.2887e+03    169.427    14.3404    38.8195    29.0679 0.0000e+00
    400.000    14.3972     0.1878    98.6454 -9.990e-29 2.2877e+03    169.037    14.3359    38.8185    29.0681 0.0000e+00
    401.000    14.3912     0.1844    98.6517 -9.990e-29 2.2876e+03    169.649    14.3299    38.8174    29.0686 0.0000e+00
    402.000    14.3900     0.1808 -9.990e-29 -9.990e-29 2.2873e+03    169.659    14.3284    38.8172    29.0687 0.0000e+00
    403.000    14.3893     0.1773 -9.990e-29 -9.990e-29 2.2870e+03    169.330    14.3277    38.8172    29.0689 0.0000e+00
    404.000    14.3881     0.1823 -9.990e-29 -9.990e-29 2.2894e+03    169.202    14.3262    38.8169    29.0690 0.0000e+00
    405.000    14.3881     0.1798    98.6558 1.0000e-12 2.2873e+03    169.319    14.3261    38.8170    29.0691 0.0000e+00
    406.000    14.3890     0.1833    98.6569 1.0000e-12 2.2872e+03    169.527    14.3268    38.8172    29.0690 0.0000e+00
    407.000    14.3960     0.1860    98.6506 1.0000e-12 2.2879e+03    169.999    14.3337    38.8204    29.0700 0.0000e+00
    408.000    14.4066     0.1828    98.6341 1.0000e-12 2.2921e+03    170.274    14.3441    38.8236    29.0702 0.0000e+00
    409.000    14.4074     0.1780    98.6277 2.8020e-06 2.2885e+03    170.223    14.3447    38.8239    29.0703 0.0000e+00
    410.000    14.4057     0.1829    98.6212 2.5126e-08 2.2881e+03    170.137    14.3429    38.8236    29.0705 0.0000e+00
    411.000    14.4048     0.1857    98.6266 1.0000e-12 2.2911e+03    170.114    14.3418    38.8234    29.0705 0.0000e+00
    412.000    14.4029     0.1808    98.6287 1.0000e-12 2.2896e+03    170.063    14.3398    38.8229    29.0706 0.0000e+00
    413.000    14.4000     0.1781    98.6225 1.0000e-12 2.2872e+03    170.007    14.3368    38.8224    29.0708 0.0000e+00
    414.000    14.3965     0.1792    98.6298 1.0000e-12 2.2887e+03    170.078    14.3331    38.8217    29.0712 0.0000e+00
    415.000    14.3939     0.1841    98.6298 1.0000e-12 2.2882e+03    169.668    14.3303    38.8213    29.0715 0.0000e+00
    416.000    14.3927     0.1808    98.6298 1.0000e-12 2.2881e+03    169.642    14.3290    38.8210    29.0715 0.0000e+00
    417.000    14.3920     0.1806    98.6298 1.0000e-12 2.2929e+03    169.109    14.3281    38.8209    29.0716 0.0000e+00
    418.000    14.3911     0.1834    98.6298 1.0000e-12 2.2882e+03    168.816    14.3271    38.8206    29.0716 0.0000e+00
    419.000    14.3890     0.1837    98.6298 1.0000e-12 2.2905e+03    169.120    14.3248    38.8202    29.0718 0.0000e+00
    420.000    14.3879     0.1790    98.6298 1.0000e-12 2.2909e+03    169.438    14.3236    38.8200    29.0719 0.0000e+00
    421.000    14.3868     0.1766    98.6298 1.0000e-12 2.2874e+03    169.400    14.3224    38.8196    29.0719 0.0000e+00
    422.000    14.3860     0.1817    98.6319 1.0000e-12 2.2925e+03    169.368    14.3214    38.8196    29.0721 0.0000e+00
    423.000    14.3881     0.1821    98.6371 1.0000e-12 2.2911e+03    169.874    14.3234    38.8206    29.0724 0.0000e+00
    424.000    14.3898     0.1811    98.6268 1.0000e-12 2.2907e+03    170.341    14.3248    38.8211    29.0725 0.0000e+00
    425.000    14.3895     0.1827    98.6201 2.0996e-05 2.2904e+03    170.166    14.3244    38.8209    29.0725 0.0000e+00
    426.000    14.3868     0.1815    98.6178 -2.282e-07 2.2874e+03    169.732    14.3216    38.8205    29.0728 0.0000e+00
    427.000    14.3851     0.1835    98.6194 1.0000e-12 2.2880e+03    169.272    14.3197    38.8198    29.0727 0.0000e+00
    428.000    14.3777     0.1847    98.6287 1.0000e-12 2.2874e+03    169.429    14.3122    38.8182    29.0731 0.0000e+00
    429.000    14.3708     0.1818    98.6298 1.0000e-12 2.2860e+03    169.692    14.3052    38.8170    29.0737 0.0000e+00
    430.000    14.3689     0.1861    98.6329 4.4247e-06 2.2845e+03    169.526    14.3031    38.8166    29.0739 0.0000e+00
    431.000    14.3628     0.1878    98.6298 2.4629e-05 2.2889e+03    169.098    14.2968    38.8151    29.0740 0.0000e+00
    432.000    14.3525     0.1899    98.6308 -7.652e-08 2.2881e+03    168.752    14.2865    38.8129    29.0747 0.0000e+00
    433.000    14.3493     0.1879    98.6385 1.0000e-12 2.2871e+03    168.645    14.2831    38.8125    29.0750 0.0000e+00
    434.000    14.3452     0.1897    98.6381 1.0000e-12 2.2876e+03    168.654    14.2788    38.8114    29.0752 0.0000e+00
    435.000    14.3434     0.1885    98.6428 1.0000e-12 2.2858e+03    168.803    14.2769    38.8111    29.0753 0.0000e+00
    436.000    14.3413     0.1844    98.6360 1.0000e-12 2.2885e+03    168.528    14.2747    38.8105    29.0754 0.0000e+00
    437.000    14.3395     0.1819    98.6363 1.0000e-12 2.2885e+03    168.695    14.2727    38.8101    29.0755 0.0000e+00
    438.000    14.3391     0.1789    98.6392 2.8271e-06 2.2890e+03    169.192    14.2722    38.8101    29.0756 0.0000e+00
    439.000    14.3391     0.1807    98.6402 3.2603e-08 2.2848e+03    169.206    14.2720    38.8100    29.0756 0.0000e+00
    440.000    14.3390     0.1791    98.6443 1.0000e-12 2.2926e+03    168.962    14.2718    38.8099    29.0756 0.0000e+00
    441.000    14.3384     0.1775    98.6514 1.5013e-05 2.2930e+03    168.633    14.2710    38.8097    29.0756 0.0000e+00
    442.000    14.3366     0.1835    98.6385 6.2659e-05 2.2908e+03    168.456    14.2691    38.8093    29.0757 0.0000e+00
    443.000    14.3354     0.1879    98.6461 4.2125e-06 2.2893e+03    168.249    14.2677    38.8090    29.0757 0.0000e+00
    444.000    14.3319     0.1836    98.6412 3.3613e-05 2.2852e+03    167.780    14.2640    38.8083    29.0760 0.0000e+00
    445.000    14.3258     0.1845    98.6486 3.4018e-05 2.2886e+03    168.134    14.2578    38.8070    29.0764 0.0000e+00
    446.000    14.3221     0.1800    98.6502 -2.767e-07 2.2881e+03    168.330    14.2539    38.8063    29.0767 0.0000e+00
    447.000    14.3197     0.1792 -9.990e-29 -9.990e-29 2.2885e+03    168.439    14.2514    38.8055    29.0766 0.0000e+00
    448.000    14.3181     0.1864 -9.990e-29 -9.990e-29 2.2897e+03    168.378    14.2497    38.8052    29.0768 0.0000e+00
    449.000    14.3159     0.1812 -9.990e-29 -9.990e-29 2.2887e+03    168.214    14.2474    38.8047    29.0769 0.0000e+00
    450.000    14.3141     0.1811 -9.990e-29 1.0000e-12 2.2884e+03    167.908    14.2454    38.8044    29.0771 0.0000e+00
    451.000    14.3127     0.1872 -9.990e-29 1.0000e-12 2.2889e+03    167.858    14.2439    38.8040    29.0771 0.0000e+00
    452.000    14.3114     0.1874 -9.990e-29 1.0000e-12 2.2868e+03    168.032    14.2424    38.8036    29.0771 0.0000e+00
    453.000    14.3102     0.1864 -9.990e-29 1.0000e-12 2.2841e+03    168.167    14.2410    38.8034    29.0773 0.0000e+00
    454.000    14.3076     0.1820 -9.990e-29 1.0000e-12 2.2892e+03    168.140    14.2383    38.8028    29.0774 0.0000e+00
    455.000    14.3043     0.1776    98.6584 1.0000e-12 2.2872e+03    167.640    14.2348    38.8020    29.0776 0.0000e+00
    456.000    14.2998     0.1795    98.6569 1.0000e-12 2.2920e+03    167.780    14.2302    38.8008    29.0777 0.0000e+00
    457.000    14.2860     0.1840    98.6614 1.0000e-12 2.2888e+03    167.828    14.2163    38.7976    29.0783 0.0000e+00
    458.000    14.2845     0.1772    98.6682 1.0000e-12 2.2931e+03    167.813    14.2147    38.7976    29.0786 0.0000e+00
    459.000    14.2848     0.1741    98.6699 1.0000e-12 2.2886e+03    167.648    14.2147    38.7978    29.0787 0.0000e+00
    460.000    14.2851     0.1766    98.6649 1.0000e-12 2.2906e+03    167.484    14.2149    38.7978    29.0786 0.0000e+00
    461.000    14.2850     0.1767    98.6682 1.0000e-12 2.2888e+03    167.596    14.2147    38.7976    29.0786 0.0000e+00
    462.000    14.2853     0.1783    98.6581 1.0000e-12 2.2871e+03    167.595    14.2148    38.7978    29.0787 0.0000e+00
    463.000    14.2852     0.1844    98.6636 1.0000e-12 2.2879e+03    167.471    14.2146    38.7976    29.0786 0.0000e+00
    464.000    14.2833     0.1859    98.6626 1.0000e-12 2.2862e+03    167.332    14.2125    38.7972    29.0787 0.0000e+00
    465.000    14.2787     0.1805    98.6693 1.0000e-12 2.2852e+03    167.303    14.2077    38.7959    29.0788 0.0000e+00
    466.000    14.2738     0.1806    98.6739 1.0000e-12 2.2889e+03    167.019    14.2027    38.7950    29.0791 0.0000e+00
    467.000    14.2684     0.1772    98.6728 1.0000e-12 2.2902e+03    167.260    14.1972    38.7937    29.0793 0.0000e+00
    468.000    14.2604     0.1777    98.6676 1.0000e-12 2.2878e+03    167.110    14.1890    38.7921    29.0799 0.0000e+00
    469.000    14.2593     0.1816    98.6798 1.0000e-12 2.2899e+03    167.064    14.1878    38.7918    29.0800 0.0000e+00
    470.000    14.2592     0.1822    98.6719 1.0000e-12 2.2891e+03    167.462    14.1875    38.7919    29.0801 0.0000e+00
    471.000    14.2593     0.1787    98.6753 1.0000e-12 2.2908e+03    167.485    14.1875    38.7918    29.0800 0.0000e+00
    472.000    14.2587     0.1766    98.6735 1.0000e-12 2.2908e+03    167.431    14.1868    38.7916    29.0801 0.0000e+00
    473.000    14.2591     0.1867    98.6720 1.0000e-12 2.2859e+03    167.297    14.1870    38.7918    29.0802 0.0000e+00
    474.000    14.2595     0.1858    98.6807 1.0000e-12 2.2907e+03    166.855    14.1872    38.7917    29.0800 0.0000e+00
    475.000    14.2581     0.1886    98.6762 1.0000e-12 2.2883e+03    166.563    14.1857    38.7914    29.0801 0.0000e+00
    476.000    14.2499     0.1933    98.6725 1.0000e-12 2.2881e+03    166.125    14.1773    38.7890    29.0801 0.0000e+00
    477.000    14.2361     0.1895 -9.990e-29 -9.990e-29 2.2878e+03    166.324    14.1634    38.7859    29.0807 0.0000e+00
    478.000    14.2261     0.1842 -9.990e-29 -9.990e-29 2.2882e+03    166.565    14.1534    38.7842    29.0817 0.0000e+00
    479.000    14.2227     0.1842 -9.990e-29 -9.990e-29 2.2882e+03    166.433    14.1498    38.7834    29.0818 0.0000e+00
    480.000    14.2228     0.1854 -9.990e-29 -9.990e-29 2.2895e+03    166.487    14.1497    38.7834    29.0818 0.0000e+00
    481.000    14.2231     0.1836 -9.990e-29 -9.990e-29 2.2907e+03    166.528    14.1498    38.7834    29.0818 0.0000e+00
    482.000    14.2232     0.1849 -9.990e-29 -9.990e-29 2.2872e+03    166.270    14.1498    38.7834    29.0818 0.0000e+00
    483.000    14.2233     0.1828 -9.990e-29 -9.990e-29 2.2879e+03    166.258    14.1498    38.7834    29.0818 0.0000e+00
    484.000    14.2226     0.1871 -9.990e-29 1.0700e-05 2.2870e+03    166.279    14.1489    38.7833    29.0819 0.0000e+00
    485.000    14.2169     0.1949 -9.990e-29 5.7307e-05 2.2838e+03    166.202    14.1431    38.7820    29.0822 0.0000e+00
    486.000    14.2147     0.1894 -9.990e-29 8.0630e-04 2.2891e+03    166.620    14.1408    38.7819    29.0826 0.0000e+00
    487.000    14.2127     0.1874 -9.990e-29 1.0909e-03 2.2838e+03    166.503    14.1385    38.7816    29.0829 0.0000e+00
    488.000    14.2078     0.1848    98.6899 -3.918e-06 2.2902e+03    166.464    14.1336    38.7804    29.0830 0.0000e+00
    489.000    14.2027     0.1855    98.6868 -9.990e-29 2.2915e+03    166.262    14.1283    38.7794    29.0834 0.0000e+00
    490.000    14.2020     0.1830    98.6818 -9.990e-29 2.2832e+03    166.124    14.1274    38.7792    29.0835 0.0000e+00
    491.000    14.2022     0.1810    98.6928 -9.990e-29 2.2864e+03    166.658    14.1275    38.7794    29.0836 0.0000e+00
    492.000    14.2020     0.1823    98.6905 1.0000e-12 2.2885e+03    166.794    14.1272    38.7792    29.0835 0.0000e+00
    493.000    14.2022     0.1817    98.6828 1.0000e-12 2.2892e+03    166.641    14.1272    38.7793    29.0836 0.0000e+00
    494.000    14.2025     0.1801    98.6858 2.0496e-06 2.2896e+03    166.777    14.1274    38.7794    29.0836 0.0000e+00
    495.000    14.2029     0.1808    98.6880 3.8746e-05 2.2876e+03    166.962    14.1276    38.7795    29.0836 0.0000e+00
    496.000    14.2032     0.1850    98.6850 2.0087e-04 2.2858e+03    166.690    14.1277    38.7796    29.0837 0.0000e+00
    497.000    14.2034     0.1848    98.6849 8.9734e-05 2.2885e+03    166.519    14.1277    38.7795    29.0836 0.0000e+00
    498.000    14.2035     0.1812    98.6889 2.4250e-06 2.2865e+03    166.620    14.1277    38.7795    29.0836 0.0000e+00
    499.000    14.2040     0.1788    98.6988 -9.337e-09 2.2877e+03    166.409    14.1280    38.7798    29.0838 0.0000e+00
    500.000    14.2023     0.1786    98.6862 1.0000e-12 2.2901e+03    166.527    14.1262    38.7791    29.0836 0.0000e+00
    501.000    14.2005     0.1799    98.6898 -9.990e-29 2.2869e+03    166.609    14.1243    38.7785    29.0836 0.0000e+00
    502.000    14.1971     0.1776    98.6934 -9.990e-29 2.2887e+03    166.201    14.1207    38.7776    29.0837 0.0000e+00
    503.000    14.1897     0.1729    98.6911 -9.990e-29 2.2906e+03    165.810    14.1132    38.7757    29.0839 0.0000e+00
    504.000    14.1745     0.1771    98.6901 1.0000e-12 2.2889e+03    165.485    14.0978    38.7719    29.0843 0.0000e+00
    505.000    14.1565     0.1803    98.6926 1.0000e-12 2.2871e+03    165.359    14.0797    38.7682    29.0853 0.0000e+00
    506.000    14.1534     0.1762    98.6898 1.0000e-12 2.2890e+03    165.658    14.0765    38.7679    29.0858 0.0000e+00
    507.000    14.1534     0.1776    98.6998 1.0000e-12 2.2878e+03    165.411    14.0763    38.7677    29.0857 0.0000e+00
    508.000    14.1523     0.1741    98.6958 1.0000e-12 2.2869e+03    165.674    14.0751    38.7674    29.0858 0.0000e+00
    509.000    14.1524     0.1741    98.7002 -9.990e-29 2.2849e+03    165.901    14.0751    38.7675    29.0859 0.0000e+00
    510.000    14.1525     0.1772    98.6923 -9.990e-29 2.2892e+03    165.653    14.0751    38.7674    29.0858 0.0000e+00
    511.000    14.1525     0.1853    98.6869 -9.990e-29 2.2853e+03    165.265    14.0748    38.7675    29.0858 0.0000e+00
    512.000    14.1525     0.1957    98.6898 1.0000e-12 2.2857e+03    165.712    14.0747    38.7675    29.0859 0.0000e+00
    513.000    14.1526     0.1942    98.6891 1.0000e-12 2.2875e+03    165.968    14.0747    38.7675    29.0859 0.0000e+00
    514.000    14.1526     0.1922    98.6901 1.0000e-12 2.2905e+03    165.761    14.0745    38.7673    29.0858 0.0000e+00
    515.000    14.1528     0.1838    98.6891 1.0000e-12 2.2902e+03    165.740    14.0745    38.7675    29.0860 0.0000e+00
    516.000    14.1530     0.1849    98.6908 -9.990e-29 2.2883e+03    165.737    14.0747    38.7676    29.0860 0.0000e+00
    517.000    14.1534     0.1844    98.6953 -9.990e-29 2.2847e+03    165.647    14.0748    38.7676    29.0859 0.0000e+00
    518.000    14.1536     0.1785    98.6878 -9.990e-29 2.2880e+03    165.815    14.0749    38.7676    29.0859 0.0000e+00
    519.000    14.1534     0.1723    98.6973 1.0000e-12 2.2923e+03    165.574    14.0746    38.7675    29.0859 0.0000e+00
    520.000    14.1535     0.1775    98.6953 1.0000e-12 2.2892e+03    165.610    14.0745    38.7675    29.0859 0.0000e+00
    521.000    14.1535     0.1824    98.6958 1.0000e-12 2.2855e+03    165.469    14.0744    38.7675    29.0859 0.0000e+00
    522.000    14.1538     0.1873    98.6902 1.0000e-12 2.2883e+03    165.732    14.0745    38.7675    29.0860 0.0000e+00
    523.000    14.1544     0.1826    98.6916 1.0000e-12 2.2922e+03    165.647    14.0749    38.7676    29.0860 0.0000e+00
    524.000    14.1547     0.1840    98.6918 1.0000e-12 2.2839e+03    165.621    14.0751    38.7677    29.0859 0.0000e+00
    525.000    14.1549     0.1876    98.6963 1.0000e-12 2.2891e+03    165.677    14.0751    38.7676    29.0859 0.0000e+00
