Data/ruptures/PEACETIME/TYR/PEACETIME_TYR_CTD_028.cnv
* Sea-Bird SBE 9 Data File:
* FileName = C:\CTD\rawCTD\PEACETIME_TYR_CTD_028.hdr
* Software Version Seasave V 7.23.2
* Temperature SN = 1378
* Conductivity SN = 2929
* Number of Bytes Per Scan = 34
* Number of Voltage Words = 5
* Number of Scans Averaged by the Deck Unit = 1
* NMEA Latitude = 39 20.37 N
* NMEA Longitude = 012 35.58 E
* NMEA UTC (Time) = May 20 2017  18:55:42
* NMEA baud rate = 4800
** Cruise:   PEACETIME
** Station:   TYR_CTD_028
# nquan = 11
# nvalues = 203                         
# units = specified
# name 0 = prDM: Pressure, Digiquartz [db]
# name 1 = t090C: Temperature [ITS-90, deg C]
# name 2 = flC: Fluorescence, Chelsea Aqua 3 Chl Con [ug/l]
# name 3 = CStarTr0: Beam Transmission, WET Labs C-Star [%]
# name 4 = par: PAR/Irradiance, Biospherical/Licor
# name 5 = spar: SPAR/Surface Irradiance
# name 6 = sbeox0Mm/Kg: Oxygen, SBE 43 [umol/kg]
# name 7 = potemp090C: Potential Temperature [ITS-90, deg C]
# name 8 = sal00: Salinity, Practical [PSU]
# name 9 = sigma-é00: Density [sigma-theta, kg/m^3]
# name 10 = flag:
# span 0 =      3.000,    205.000       
# span 1 =    14.4737,    19.8047       
# span 2 =     0.1821,     0.4999       
# span 3 =    95.0546,    98.4109       
# span 4 = -5.337e-06, 1.4781e-01       
# span 5 = 1.0868e+00, 5.2363e+00       
# span 6 =    170.647,    245.277       
# span 7 =    14.4567,    19.8029       
# span 8 =    37.8844,    38.7581       
# span 9 =    27.0849,    28.9779       
# span 10 = 0.0000e+00, 0.0000e+00      
# interval = decibars: 1                
# start_time = May 20 2017 18:55:42 [NMEA time, header]
# bad_flag = -9.990e-29
*END*
[from data line 132]
    135.000    14.7170     0.1969    98.2449 1.0000e-12 2.5400e+00    178.746    14.6962    38.6670    28.8708 0.0000e+00
    136.000    14.7221     0.1959    98.2313 1.0000e-12 3.0303e+00    178.416    14.7011    38.6705    28.8724 0.0000e+00
    137.000    14.7219     0.1934    98.2403 1.0000e-12 2.8507e+00    177.854    14.7008    38.6741    28.8753 0.0000e+00
    138.000    14.7150     0.1950    98.2395 1.0000e-12 4.1078e+00    177.583    14.6937    38.6746    28.8772 0.0000e+00
    139.000    14.6989     0.1893    98.2451 1.0000e-12 3.4313e+00    176.889    14.6775    38.6719    28.8788 0.0000e+00
    140.000    14.6770     0.1940    98.2538 1.0000e-12 3.4012e+00    176.119    14.6555    38.6672    28.8801 0.0000e+00
    141.000    14.6650     0.1931    98.2573 1.0000e-12 3.8525e+00    175.560    14.6433    38.6648    28.8809 0.0000e+00
    142.000    14.6594     0.1977    98.2528 1.0000e-12 2.3597e+00    175.662    14.6377    38.6646    28.8821 0.0000e+00
    143.000    14.6606     0.1939    98.2675 1.0000e-12 3.1685e+00    175.846    14.6387    38.6647    28.8819 0.0000e+00
    144.000    14.6477     0.1933    98.2733 1.0000e-12 2.5896e+00    175.198    14.6256    38.6677    28.8871 0.0000e+00
    145.000    14.6452     0.1906    98.2880 1.0000e-12 3.8835e+00    175.455    14.6230    38.6694    28.8891 0.0000e+00
    146.000    14.6452     0.1920    98.2786 1.0000e-12 2.7812e+00    174.826    14.6228    38.6708    28.8902 0.0000e+00
    147.000    14.6433     0.1924    98.2778 1.0000e-12 2.4277e+00    174.130    14.6207    38.6726    28.8920 0.0000e+00
    148.000    14.6382     0.1920    98.2812 1.0000e-12 2.8979e+00    174.100    14.6155    38.6767    28.8963 0.0000e+00
    149.000    14.6396     0.1964    98.2845 1.0000e-12 2.6584e+00    174.464    14.6167    38.6794    28.8982 0.0000e+00
    150.000    14.6419     0.1916    98.2784 1.0000e-12 2.2569e+00    174.374    14.6189    38.6805    28.8985 0.0000e+00
    151.000    14.6454     0.1823    98.2760 1.0000e-12 2.5386e+00    174.552    14.6222    38.6818    28.8988 0.0000e+00
    152.000    14.6496     0.1839    98.2789 1.0000e-12 2.9639e+00    174.687    14.6262    38.6846    28.9001 0.0000e+00
    153.000    14.6359     0.1831    98.2865 1.0000e-12 1.7371e+00    174.044    14.6124    38.6842    28.9028 0.0000e+00
    154.000    14.6086     0.1858    98.3078 1.0000e-12 2.8603e+00    173.477    14.5850    38.6806    28.9062 0.0000e+00
    155.000    14.6121     0.1881    98.3025 -9.990e-29 2.0961e+00    173.612    14.5884    38.6868    28.9102 0.0000e+00
    156.000    14.6101     0.1862    98.3053 1.0000e-12 2.9078e+00    174.254    14.5862    38.6889    28.9123 0.0000e+00
    157.000    14.6066     0.1882    98.3106 1.0000e-12 2.8260e+00    173.625    14.5826    38.6864    28.9112 0.0000e+00
    158.000    14.5883     0.1883    98.3138 1.0000e-12 3.2114e+00    172.716    14.5641    38.6871    28.9158 0.0000e+00
    159.000    14.5835     0.1839    98.3206 1.0000e-12 2.9612e+00    172.786    14.5591    38.6865    28.9165 0.0000e+00
    160.000    14.5824     0.1915    98.3131 1.0000e-12 3.1782e+00    172.905    14.5580    38.6863    28.9166 0.0000e+00
    161.000    14.5608     0.1932    98.3300 1.0000e-12 1.9739e+00    171.760    14.5362    38.6838    28.9195 0.0000e+00
    162.000    14.5463     0.1948    98.3346 1.0000e-12 4.0169e+00    172.158    14.5215    38.6846    28.9234 0.0000e+00
    163.000    14.5449     0.1896    98.3410 1.0000e-12 3.3335e+00    172.158    14.5200    38.6863    28.9250 0.0000e+00
    164.000    14.5434     0.1857    98.3536 1.0000e-12 2.8631e+00    172.021    14.5183    38.6885    28.9271 0.0000e+00
    165.000    14.5387     0.1837    98.3636 1.0000e-12 2.1853e+00    171.770    14.5135    38.6924    28.9311 0.0000e+00
    166.000    14.5401     0.1857    98.3608 1.0000e-12 3.3869e+00    171.690    14.5148    38.6935    28.9317 0.0000e+00
    167.000    14.5430     0.1886    98.3655 1.0000e-12 2.8545e+00    172.114    14.5175    38.6963    28.9333 0.0000e+00
    168.000    14.5437     0.1900    98.3696 1.0000e-12 3.4865e+00    172.515    14.5180    38.6975    28.9341 0.0000e+00
    169.000    14.5429     0.1906    98.3696 1.0000e-12 3.4741e+00    171.904    14.5170    38.6990    28.9355 0.0000e+00
    170.000    14.5413     0.1907    98.3756 1.0000e-12 2.5683e+00    171.730    14.5153    38.7002    28.9368 0.0000e+00
    171.000    14.5450     0.1872    98.3650 1.0000e-12 3.2810e+00    171.721    14.5188    38.7036    28.9386 0.0000e+00
    172.000    14.5486     0.1930    98.3788 1.0000e-12 2.9044e+00    171.797    14.5223    38.7054    28.9393 0.0000e+00
    173.000    14.5588     0.1937    98.3859 1.0000e-12 2.8897e+00    172.179    14.5323    38.7142    28.9439 0.0000e+00
    174.000    14.5679     0.1889    98.3753 1.0000e-12 2.9683e+00    172.089    14.5413    38.7198    28.9462 0.0000e+00
    175.000    14.5676     0.1878    98.3752 1.0000e-12 3.8200e+00    172.102    14.5408    38.7211    28.9473 0.0000e+00
    176.000    14.5508     0.1878    98.3754 1.0000e-12 2.7972e+00    171.598    14.5239    38.7202    28.9504 0.0000e+00
    177.000    14.5377     0.1898    98.3769 1.0000e-12 3.6272e+00    171.631    14.5106    38.7193    28.9526 0.0000e+00
    178.000    14.5283     0.1868    98.3812 -9.990e-29 3.0835e+00    171.890    14.5011    38.7190    28.9545 0.0000e+00
    179.000    14.5258     0.1872    98.3893 -9.990e-29 3.6367e+00    171.579    14.4984    38.7190    28.9551 0.0000e+00
    180.000    14.5251     0.1888    98.3839 -9.990e-29 4.3458e+00    171.095    14.4976    38.7192    28.9555 0.0000e+00
    181.000    14.5230     0.1902    98.3906 -9.990e-29 3.1354e+00    171.197    14.4953    38.7195    28.9562 0.0000e+00
    182.000    14.5189     0.1854    98.3861 -9.990e-29 3.4547e+00    171.386    14.4911    38.7198    28.9573 0.0000e+00
    183.000    14.5155     0.1830    98.3917 -9.990e-29 3.6182e+00    171.097    14.4875    38.7197    28.9581 0.0000e+00
    184.000    14.5140     0.1855    98.3864 1.0000e-12 3.2124e+00    171.243    14.4859    38.7196    28.9584 0.0000e+00
    185.000    14.5118     0.1857    98.3976 1.0000e-12 2.6451e+00    171.011    14.4836    38.7193    28.9586 0.0000e+00
    186.000    14.5102     0.1863    98.3970 1.0000e-12 2.0699e+00    171.416    14.4818    38.7190    28.9588 0.0000e+00
    187.000    14.5045     0.1925    98.3869 1.0000e-12 1.7837e+00    171.181    14.4760    38.7180    28.9593 0.0000e+00
    188.000    14.4993     0.1847    98.3960 1.0000e-12 3.2413e+00    171.108    14.4706    38.7171    28.9598 0.0000e+00
    189.000    14.4894     0.1821    98.4086 1.0000e-12 2.6306e+00    171.512    14.4606    38.7163    28.9614 0.0000e+00
    190.000    14.4967     0.1841    98.4054 1.0000e-12 3.7492e+00    171.409    14.4677    38.7200    28.9627 0.0000e+00
    191.000    14.5016     0.1884    98.4067 -9.990e-29 2.0266e+00    170.992    14.4724    38.7212    28.9626 0.0000e+00
    192.000    14.5241     0.1831    98.4109 1.0000e-12 3.5910e+00    171.524    14.4947    38.7312    28.9654 0.0000e+00
    193.000    14.5466     0.1899    98.4049 1.5243e-06 2.4621e+00    171.820    14.5171    38.7396    28.9669 0.0000e+00
    194.000    14.5449     0.1879    98.3862 1.9988e-08 3.2780e+00    171.498    14.5152    38.7397    28.9674 0.0000e+00
    195.000    14.5476     0.1877    98.4044 1.0000e-12 2.5048e+00    171.402    14.5178    38.7418    28.9685 0.0000e+00
    196.000    14.5566     0.1857    98.4023 1.0000e-12 2.3585e+00    171.512    14.5266    38.7457    28.9695 0.0000e+00
    197.000    14.5713     0.1841    98.3955 1.0000e-12 2.5397e+00    171.834    14.5411    38.7541    28.9727 0.0000e+00
    198.000    14.5729     0.1828    98.3956 1.0000e-12 2.9202e+00    172.012    14.5425    38.7543    28.9726 0.0000e+00
    199.000    14.5781     0.1852    98.4010 1.0000e-12 2.5369e+00    171.952    14.5476    38.7574    28.9738 0.0000e+00
    200.000    14.5789     0.1886    98.3993 1.0000e-12 2.7486e+00    171.453    14.5482    38.7581    28.9743 0.0000e+00
    201.000    14.5756     0.1861    98.4005 1.0000e-12 4.6845e+00    170.995    14.5447    38.7572    28.9744 0.0000e+00
    202.000    14.5633     0.1893    98.4015 1.0000e-12 2.9544e+00    170.751    14.5323    38.7552    28.9756 0.0000e+00
    203.000    14.5506     0.1892    98.3983 1.0000e-12 3.4053e+00    171.067    14.5195    38.7529    28.9766 0.0000e+00
    204.000    14.5391     0.1854    98.4060 1.0000e-12 2.5822e+00    170.647    14.5078    38.7511    28.9779 0.0000e+00
    205.000    14.5486     0.1833    98.4032 1.0000e-12 2.7867e+00    171.303    14.5172    38.7533    28.9775 0.0000e+00
