Data/ruptures/PEACETIME/TYR/PEACETIME_TYR_CTD_019.cnv
* Sea-Bird SBE 9 Data File:
* FileName = C:\CTD\rawCTD\PEACETIME_TYR_CTD_019.hdr
* Software Version Seasave V 7.23.2
* Temperature SN = 1378
* Conductivity SN = 2929
* Number of Bytes Per Scan = 34
* Number of Voltage Words = 5
* Number of Scans Averaged by the Deck Unit = 1
* NMEA Latitude = 39 20.39 N
* NMEA Longitude = 012 35.57 E
* NMEA UTC (Time) = May 18 2017  04:45:31
* NMEA baud rate = 4800
** Cruise:   PEACETIME
** Station:   TYR_CTD_019
# nquan = 11
# nvalues = 3449                        
# units = specified
# name 0 = prDM: Pressure, Digiquartz [db]
# name 1 = t090C: Temperature [ITS-90, deg C]
# name 2 = flC: Fluorescence, Chelsea Aqua 3 Chl Con [ug/l]
# name 3 = CStarTr0: Beam Transmission, WET Labs C-Star [%]
# name 4 = par: PAR/Irradiance, Biospherical/Licor
# name 5 = spar: SPAR/Surface Irradiance
# name 6 = sbeox0Mm/Kg: Oxygen, SBE 43 [umol/kg]
# name 7 = potemp090C: Potential Temperature [ITS-90, deg C]
# name 8 = sal00: Salinity, Practical [PSU]
# name 9 = sigma-é00: Density [sigma-theta, kg/m^3]
# name 10 = flag:
# span 0 =      1.000,   3449.000       
# span 1 =    13.3964,    20.4390       
# span 2 =     0.1718,     0.3424       
# span 3 =    96.1786,    98.7871       
# span 4 = -2.160e-05, 2.1213e+02       
# span 5 = 9.0780e+02, 1.7431e+03       
# span 6 =    164.228,    239.103       
# span 7 =    12.9685,    20.4388       
# span 8 =    37.9447,    38.8258       
# span 9 =    26.8937,    29.1131       
# span 10 = 0.0000e+00, 0.0000e+00      
# interval = decibars: 1                
# start_time = May 18 2017 04:45:31 [NMEA time, header]
# bad_flag = -9.990e-29
*END*
[from data line 394]
    395.000    14.4198     0.1907    98.6101 1.0000e-12 1.1606e+03    169.418    14.3593    38.8219    29.0656 0.0000e+00
    396.000    14.4196     0.1890    98.6047 1.0000e-12 1.1614e+03    169.297    14.3589    38.8220    29.0657 0.0000e+00
    397.000    14.4186     0.1808    98.6057 1.0000e-12 1.1649e+03    169.052    14.3578    38.8220    29.0659 0.0000e+00
    398.000    14.4177     0.1861    98.6178 1.0000e-12 1.1600e+03    169.077    14.3568    38.8221    29.0663 0.0000e+00
    399.000    14.4168     0.1885    98.6141 1.0000e-12 1.1556e+03    169.516    14.3557    38.8219    29.0664 0.0000e+00
    400.000    14.4162     0.1848    98.6103 1.0000e-12 1.1655e+03    170.156    14.3549    38.8220    29.0665 0.0000e+00
    401.000    14.4212     0.1838    98.5975 1.0000e-12 1.1612e+03    170.245    14.3597    38.8247    29.0676 0.0000e+00
    402.000    14.4250     0.1884    98.5964 1.0000e-12 1.1638e+03    170.243    14.3634    38.8258    29.0676 0.0000e+00
    403.000    14.4232     0.1950    98.6005 1.0000e-12 1.1631e+03    169.926    14.3614    38.8255    29.0678 0.0000e+00
    404.000    14.4204     0.1906    98.6048 1.0000e-12 1.1642e+03    169.777    14.3585    38.8252    29.0682 0.0000e+00
    405.000    14.4181     0.1919    98.6037 1.0000e-12 1.1642e+03    169.981    14.3561    38.8247    29.0684 0.0000e+00
    406.000    14.4159     0.1908    98.6037 1.0000e-12 1.1637e+03    169.919    14.3536    38.8244    29.0687 0.0000e+00
    407.000    14.4147     0.1859    98.6037 1.0000e-12 1.1635e+03    169.522    14.3523    38.8244    29.0690 0.0000e+00
    408.000    14.4130     0.1889    98.6023 1.0000e-12 1.1647e+03    169.318    14.3504    38.8240    29.0691 0.0000e+00
    409.000    14.4116     0.1889    98.5834 1.0000e-12 1.1642e+03    168.935    14.3489    38.8237    29.0692 0.0000e+00
    410.000    14.4083     0.1883    98.5969 1.0000e-12 1.1666e+03    168.456    14.3454    38.8226    29.0691 0.0000e+00
    411.000    14.3979     0.1876    98.6026 1.0000e-12 1.1643e+03    168.850    14.3350    38.8204    29.0697 0.0000e+00
    412.000    14.3966     0.1896    98.6037 1.0000e-12 1.1686e+03    169.372    14.3335    38.8207    29.0703 0.0000e+00
    413.000    14.3970     0.1906    98.6037 1.0000e-12 1.1627e+03    169.320    14.3337    38.8208    29.0703 0.0000e+00
    414.000    14.3957     0.1928    98.6037 1.0000e-12 1.1627e+03    169.112    14.3323    38.8203    29.0702 0.0000e+00
    415.000    14.3869     0.1939    98.6037 1.0000e-12 1.1597e+03    168.816    14.3234    38.8182    29.0706 0.0000e+00
    416.000    14.3847     0.1913    98.6037 1.0000e-12 1.1631e+03    168.741    14.3210    38.8178    29.0708 0.0000e+00
    417.000    14.3818     0.1862    98.6163 1.0000e-12 1.1610e+03    169.016    14.3180    38.8171    29.0709 0.0000e+00
    418.000    14.3828     0.1888    98.6067 -9.990e-29 1.1654e+03    169.157    14.3188    38.8178    29.0713 0.0000e+00
    419.000    14.3871     0.1910    98.6047 -9.990e-29 1.1653e+03    169.400    14.3230    38.8199    29.0720 0.0000e+00
    420.000    14.3868     0.1931    98.6027 -9.990e-29 1.1672e+03    169.281    14.3225    38.8197    29.0720 0.0000e+00
    421.000    14.3856     0.1858    98.6048 1.0000e-12 1.1630e+03    168.903    14.3212    38.8193    29.0720 0.0000e+00
    422.000    14.3853     0.1866    98.6037 1.0000e-12 1.1644e+03    168.771    14.3207    38.8194    29.0721 0.0000e+00
    423.000    14.3845     0.1939    98.6037 1.0000e-12 1.1664e+03    168.935    14.3197    38.8190    29.0720 0.0000e+00
    424.000    14.3846     0.1946    98.6037 1.0000e-12 1.1638e+03    169.392    14.3197    38.8193    29.0722 0.0000e+00
    425.000    14.3861     0.1926    98.6037 1.0000e-12 1.1702e+03    169.392    14.3210    38.8196    29.0722 0.0000e+00
    426.000    14.3851     0.1869    98.6037 -9.990e-29 1.1659e+03    169.247    14.3198    38.8194    29.0723 0.0000e+00
    427.000    14.3826     0.1822    98.6037 -9.990e-29 1.1632e+03    169.148    14.3173    38.8191    29.0726 0.0000e+00
    428.000    14.3803     0.1885    98.6037 -9.990e-29 1.1645e+03    169.472    14.3147    38.8189    29.0730 0.0000e+00
    429.000    14.3793     0.1880    98.5986 -9.990e-29 1.1675e+03    169.197    14.3136    38.8188    29.0732 0.0000e+00
    430.000    14.3786     0.1915    98.6015 -9.990e-29 1.1643e+03    168.948    14.3128    38.8186    29.0733 0.0000e+00
    431.000    14.3771     0.1937    98.6005 -9.990e-29 1.1627e+03    169.022    14.3111    38.8182    29.0733 0.0000e+00
    432.000    14.3760     0.1956    98.6006 -9.990e-29 1.1677e+03    168.970    14.3098    38.8181    29.0735 0.0000e+00
    433.000    14.3748     0.1961    98.5848 1.0000e-12 1.1671e+03    168.536    14.3085    38.8180    29.0737 0.0000e+00
    434.000    14.3730     0.1927    98.5896 1.0000e-12 1.1684e+03    168.837    14.3066    38.8176    29.0738 0.0000e+00
    435.000    14.3710     0.1892    98.5995 4.6145e-04 1.1701e+03    169.018    14.3044    38.8171    29.0740 0.0000e+00
    436.000    14.3687     0.1884    98.6037 6.0441e-04 1.1684e+03    168.860    14.3019    38.8165    29.0740 0.0000e+00
    437.000    14.3657     0.1958    98.6015 1.0850e-03 1.1679e+03    168.700    14.2988    38.8157    29.0741 0.0000e+00
    438.000    14.3600     0.1972    98.6037 2.5516e-04 1.1680e+03    168.551    14.2930    38.8144    29.0743 0.0000e+00
    439.000    14.3531     0.1986    98.6037 1.2969e-06 1.1710e+03    168.440    14.2859    38.8133    29.0751 0.0000e+00
    440.000    14.3524     0.1990    98.6037 2.7379e-08 1.1675e+03    168.505    14.2851    38.8132    29.0751 0.0000e+00
    441.000    14.3514     0.1967    98.5998 1.0000e-12 1.1719e+03    168.391    14.2839    38.8130    29.0753 0.0000e+00
    442.000    14.3493     0.1914    98.6070 -9.990e-29 1.1703e+03    168.310    14.2817    38.8124    29.0753 0.0000e+00
    443.000    14.3481     0.1948    98.6110 -9.990e-29 1.1682e+03    168.264    14.2804    38.8123    29.0755 0.0000e+00
    444.000    14.3462     0.1941    98.6091 -9.990e-29 1.1717e+03    167.919    14.2783    38.8118    29.0756 0.0000e+00
    445.000    14.3444     0.1889    98.6152 1.0000e-12 1.1738e+03    167.497    14.2764    38.8114    29.0757 0.0000e+00
    446.000    14.3417     0.1883    98.6111 1.0000e-12 1.1669e+03    168.309    14.2735    38.8108    29.0759 0.0000e+00
    447.000    14.3388     0.1939    98.6156 1.0000e-12 1.1750e+03    168.268    14.2704    38.8100    29.0759 0.0000e+00
    448.000    14.3366     0.1871    98.6124 1.0000e-12 1.1724e+03    168.055    14.2681    38.8095    29.0761 0.0000e+00
    449.000    14.3332     0.1840    98.6102 1.0000e-12 1.1698e+03    168.029    14.2646    38.8087    29.0761 0.0000e+00
    450.000    14.3239     0.1914    98.6183 5.3516e-05 1.1675e+03    167.709    14.2552    38.8064    29.0765 0.0000e+00
    451.000    14.3199     0.1904    98.6183 1.2480e-04 1.1733e+03    167.384    14.2510    38.8057    29.0768 0.0000e+00
    452.000    14.3187     0.1878    98.6211 1.5244e-04 1.1706e+03    167.480    14.2497    38.8055    29.0770 0.0000e+00
    453.000    14.3172     0.1867    98.6233 1.1412e-05 1.1752e+03    167.659    14.2480    38.8049    29.0769 0.0000e+00
    454.000    14.3150     0.1866    98.6189 2.4922e-06 1.1745e+03    167.778    14.2456    38.8043    29.0769 0.0000e+00
    455.000    14.3111     0.1858    98.6162 3.4421e-09 1.1730e+03    167.927    14.2416    38.8035    29.0772 0.0000e+00
    456.000    14.3111     0.1894    98.6235 1.0000e-12 1.1739e+03    167.336    14.2415    38.8036    29.0773 0.0000e+00
    457.000    14.3107     0.1891    98.6256 1.0000e-12 1.1745e+03    167.486    14.2409    38.8035    29.0773 0.0000e+00
    458.000    14.3100     0.1927    98.6244 1.0000e-12 1.1726e+03    167.621    14.2401    38.8033    29.0774 0.0000e+00
    459.000    14.3066     0.1921    98.6219 1.2151e-04 1.1791e+03    167.588    14.2365    38.8024    29.0775 0.0000e+00
    460.000    14.3008     0.1934    98.6266 -9.066e-07 1.1785e+03    167.773    14.2306    38.8011    29.0778 0.0000e+00
    461.000    14.2973     0.1894    98.6277 4.0882e-04 1.1755e+03    167.497    14.2269    38.8004    29.0780 0.0000e+00
    462.000    14.2945     0.1917    98.6272 8.5188e-05 1.1745e+03    167.042    14.2240    38.7998    29.0782 0.0000e+00
    463.000    14.2907     0.1918    98.6298 2.4593e-04 1.1758e+03    167.124    14.2201    38.7988    29.0783 0.0000e+00
    464.000    14.2888     0.1906    98.6298 1.3259e-03 1.1763e+03    167.460    14.2180    38.7984    29.0785 0.0000e+00
    465.000    14.2883     0.1907    98.6298 1.1479e-03 1.1752e+03    167.730    14.2173    38.7981    29.0784 0.0000e+00
    466.000    14.2880     0.1901    98.6298 8.5291e-04 1.1764e+03    167.577    14.2169    38.7981    29.0785 0.0000e+00
    467.000    14.2871     0.1908    98.6298 5.9130e-04 1.1758e+03    167.215    14.2158    38.7980    29.0786 0.0000e+00
    468.000    14.2833     0.1885    98.6298 6.6163e-04 1.1791e+03    166.963    14.2119    38.7966    29.0784 0.0000e+00
    469.000    14.2713     0.1849    98.6298 6.3381e-04 1.1752e+03    166.709    14.1997    38.7943    29.0793 0.0000e+00
    470.000    14.2629     0.1886    98.6403 5.6152e-04 1.1796e+03    166.725    14.1913    38.7926    29.0798 0.0000e+00
    471.000    14.2597     0.1846    98.6339 1.3657e-03 1.1750e+03    166.699    14.1879    38.7921    29.0802 0.0000e+00
    472.000    14.2597     0.1875    98.6402 8.8349e-04 1.1747e+03    166.133    14.1878    38.7919    29.0801 0.0000e+00
    473.000    14.2599     0.1922    98.6433 7.7494e-04 1.1798e+03    165.924    14.1878    38.7921    29.0802 0.0000e+00
    474.000    14.2591     0.1920    98.6320 1.0256e-03 1.1790e+03    166.449    14.1868    38.7919    29.0802 0.0000e+00
    475.000    14.2579     0.1941    98.6428 5.4983e-04 1.1794e+03    166.551    14.1855    38.7913    29.0801 0.0000e+00
    476.000    14.2567     0.1919    98.6464 2.6511e-04 1.1781e+03    166.815    14.1842    38.7919    29.0808 0.0000e+00
    477.000    14.2560     0.1889    98.6391 4.3509e-04 1.1820e+03    167.268    14.1833    38.7922    29.0813 0.0000e+00
    478.000    14.2549     0.1911    98.6464 5.2038e-05 1.1857e+03    167.194    14.1820    38.7920    29.0814 0.0000e+00
    479.000    14.2523     0.1924    98.6444 1.7933e-04 1.1869e+03    167.340    14.1793    38.7915    29.0816 0.0000e+00
    480.000    14.2505     0.1861    98.6486 3.3648e-05 1.1841e+03    167.185    14.1773    38.7912    29.0818 0.0000e+00
    481.000    14.2485     0.1830    98.6433 2.4735e-04 1.1882e+03    167.160    14.1751    38.7907    29.0819 0.0000e+00
    482.000    14.2441     0.1870    98.6484 4.1781e-04 1.1846e+03    166.924    14.1706    38.7896    29.0821 0.0000e+00
    483.000    14.2418     0.1896 -9.990e-29 8.9578e-04 1.1859e+03    166.671    14.1682    38.7892    29.0823 0.0000e+00
    484.000    14.2420     0.1855 -9.990e-29 4.4102e-04 1.1848e+03    166.539    14.1682    38.7893    29.0823 0.0000e+00
    485.000    14.2424     0.1836 -9.990e-29 4.4320e-04 1.1861e+03    166.602    14.1685    38.7895    29.0824 0.0000e+00
    486.000    14.2425     0.1858    98.6545 2.9932e-05 1.1841e+03    167.238    14.1684    38.7894    29.0823 0.0000e+00
    487.000    14.2421     0.1888    98.6506 9.7492e-05 1.1847e+03    167.169    14.1678    38.7892    29.0824 0.0000e+00
    488.000    14.2405     0.1895    98.6447 1.5109e-04 1.1901e+03    167.003    14.1661    38.7889    29.0825 0.0000e+00
    489.000    14.2385     0.1873    98.6422 2.3192e-04 1.1869e+03    166.847    14.1640    38.7882    29.0824 0.0000e+00
    490.000    14.2369     0.1859    98.6527 3.9956e-04 1.1882e+03    166.741    14.1622    38.7878    29.0825 0.0000e+00
    491.000    14.2357     0.1870    98.6485 2.3492e-04 1.1887e+03    166.333    14.1609    38.7874    29.0825 0.0000e+00
    492.000    14.2347     0.1903    98.6516 6.5392e-05 1.1870e+03    166.434    14.1597    38.7870    29.0824 0.0000e+00
    493.000    14.2328     0.1929    98.6518 1.0391e-04 1.1858e+03    166.386    14.1577    38.7866    29.0826 0.0000e+00
    494.000    14.2304     0.1934    98.6471 -1.132e-06 1.1906e+03    166.504    14.1551    38.7858    29.0825 0.0000e+00
    495.000    14.2269     0.1924 -9.990e-29 -9.990e-29 1.1931e+03    166.372    14.1515    38.7851    29.0827 0.0000e+00
    496.000    14.2200     0.1933 -9.990e-29 -9.990e-29 1.1918e+03    166.476    14.1445    38.7837    29.0832 0.0000e+00
    497.000    14.2126     0.1909 -9.990e-29 -9.990e-29 1.1892e+03    166.641    14.1370    38.7819    29.0835 0.0000e+00
    498.000    14.2077     0.1859 -9.990e-29 2.3187e-05 1.1928e+03    166.704    14.1319    38.7808    29.0837 0.0000e+00
    499.000    14.2080     0.1922 -9.990e-29 1.5360e-05 1.1889e+03    166.800    14.1320    38.7811    29.0839 0.0000e+00
    500.000    14.2086     0.1927 -9.990e-29 2.0871e-05 1.1922e+03    166.464    14.1325    38.7810    29.0838 0.0000e+00
    501.000    14.2084     0.1863 -9.990e-29 4.2305e-05 1.1896e+03    166.040    14.1321    38.7812    29.0839 0.0000e+00
    502.000    14.2080     0.1906 -9.990e-29 3.6950e-05 1.1919e+03    166.137    14.1315    38.7808    29.0838 0.0000e+00
    503.000    14.2080     0.1915 -9.990e-29 3.4834e-05 1.1918e+03    166.370    14.1314    38.7808    29.0838 0.0000e+00
    504.000    14.2073     0.1934 -9.990e-29 2.1868e-06 1.1912e+03    166.927    14.1306    38.7807    29.0839 0.0000e+00
    505.000    14.2048     0.1895 -9.990e-29 8.8395e-05 1.1912e+03    166.922    14.1279    38.7797    29.0837 0.0000e+00
    506.000    14.1982     0.1868 -9.990e-29 1.2417e-06 1.1916e+03    166.627    14.1212    38.7781    29.0840 0.0000e+00
    507.000    14.1951     0.1849 -9.990e-29 1.4384e-04 1.1949e+03    166.502    14.1179    38.7774    29.0841 0.0000e+00
    508.000    14.1946     0.1865 -9.990e-29 6.4470e-05 1.1895e+03    166.580    14.1173    38.7772    29.0841 0.0000e+00
    509.000    14.1946     0.1868 -9.990e-29 6.2609e-05 1.1930e+03    166.179    14.1172    38.7772    29.0841 0.0000e+00
    510.000    14.1946     0.1919 -9.990e-29 4.3172e-06 1.1913e+03    166.098    14.1170    38.7772    29.0842 0.0000e+00
    511.000    14.1916     0.1907 -9.990e-29 2.7966e-06 1.1919e+03    165.677    14.1139    38.7758    29.0838 0.0000e+00
    512.000    14.1635     0.1878 -9.990e-29 4.3003e-06 1.1895e+03    165.377    14.0857    38.7700    29.0854 0.0000e+00
    513.000    14.1594     0.1915    98.6645 4.7052e-09 1.1936e+03    165.741    14.0815    38.7694    29.0859 0.0000e+00
    514.000    14.1575     0.1922    98.6610 -9.990e-29 1.1943e+03    166.138    14.0794    38.7687    29.0858 0.0000e+00
    515.000    14.1572     0.1902    98.6620 -9.990e-29 1.1957e+03    165.951    14.0789    38.7687    29.0860 0.0000e+00
    516.000    14.1574     0.1909    98.6577 -9.990e-29 1.1936e+03    165.463    14.0790    38.7687    29.0859 0.0000e+00
    517.000    14.1579     0.1849    98.6628 -9.990e-29 1.1938e+03    165.194    14.0793    38.7689    29.0860 0.0000e+00
    518.000    14.1580     0.1883    98.6363 -9.990e-29 1.1928e+03    165.714    14.0793    38.7690    29.0861 0.0000e+00
    519.000    14.1577     0.1907    98.6577 -9.990e-29 1.1921e+03    165.907    14.0788    38.7687    29.0859 0.0000e+00
    520.000    14.1525     0.1872    98.6548 -9.990e-29 1.1974e+03    165.559    14.0734    38.7673    29.0860 0.0000e+00
    521.000    14.1457     0.1884    98.6568 1.0000e-12 1.1983e+03    165.092    14.0665    38.7654    29.0860 0.0000e+00
    522.000    14.1206     0.1929    98.6649 1.0000e-12 1.1977e+03    164.995    14.0414    38.7591    29.0866 0.0000e+00
    523.000    14.1063     0.1967    98.6610 1.0000e-12 1.1975e+03    165.358    14.0270    38.7568    29.0881 0.0000e+00
    524.000    14.1061     0.1951    98.6688 1.0000e-12 1.1975e+03    165.422    14.0267    38.7569    29.0882 0.0000e+00
