Data/ruptures/PEACETIME/TYR/PEACETIME_TYR_CTD_015.cnv
* Sea-Bird SBE 9 Data File:
* FileName = C:\CTD\rawCTD\PEACETIME_TYR_CTD_015.hdr
* Software Version Seasave V 7.23.2
* Temperature SN = 1378
* Conductivity SN = 2929
* Number of Bytes Per Scan = 34
* Number of Voltage Words = 5
* Number of Scans Averaged by the Deck Unit = 1
* NMEA Latitude = 39 20.38 N
* NMEA Longitude = 012 35.55 E
* NMEA UTC (Time) = May 17 2017  02:58:38
* NMEA baud rate = 4800
** Cruise:   PEACETIME
** Station:   TYR_CTD_015
# nquan = 11
# nvalues = 502                         
# units = specified
# name 0 = prDM: Pressure, Digiquartz [db]
# name 1 = t090C: Temperature [ITS-90, deg C]
# name 2 = flC: Fluorescence, Chelsea Aqua 3 Chl Con [ug/l]
# name 3 = CStarTr0: Beam Transmission, WET Labs C-Star [%]
# name 4 = par: PAR/Irradiance, Biospherical/Licor
# name 5 = spar: SPAR/Surface Irradiance
# name 6 = sbeox0Mm/Kg: Oxygen, SBE 43 [umol/kg]
# name 7 = potemp090C: Potential Temperature [ITS-90, deg C]
# name 8 = sal00: Salinity, Practical [PSU]
# name 9 = sigma-é00: Density [sigma-theta, kg/m^3]
# name 10 = flag:
# span 0 =      1.000,    502.000       
# span 1 =    14.1533,    20.0623       
# span 2 =     0.1764,     0.4394       
# span 3 =    95.1593,    98.7001       
# span 4 = -1.147e-05, 1.3430e-02       
# span 5 = 1.5673e+00, 5.9777e+00       
# span 6 =    165.922,    240.037       
# span 7 =    14.0770,    20.0620       
# span 8 =    37.9329,    38.8254       
# span 9 =    27.0216,    29.0859       
# span 10 = 0.0000e+00, 0.0000e+00      
# interval = decibars: 1                
# start_time = May 17 2017 02:58:38 [NMEA time, header]
# bad_flag = -9.990e-29
*END*
[from data line 394]
    395.000    14.4072     0.1933    98.6285 2.2499e-04 4.0176e+00    170.121    14.3467    38.8242    29.0701 0.0000e+00
    396.000    14.4065     0.1913    98.6200 4.2186e-06 3.6430e+00    170.248    14.3458    38.8240    29.0702 0.0000e+00
    397.000    14.4060     0.1884    98.6297 2.3153e-06 3.9173e+00    170.198    14.3452    38.8239    29.0702 0.0000e+00
    398.000    14.4044     0.1903    98.6298 2.7500e-06 3.7782e+00    170.311    14.3435    38.8236    29.0703 0.0000e+00
    399.000    14.4028     0.1845    98.6298 2.5741e-05 3.4721e+00    170.151    14.3417    38.8232    29.0704 0.0000e+00
    400.000    14.4006     0.1849    98.6298 9.4001e-05 4.7260e+00    169.920    14.3394    38.8228    29.0706 0.0000e+00
    401.000    14.3985     0.1866    98.6298 1.7155e-04 2.7659e+00    169.908    14.3371    38.8223    29.0708 0.0000e+00
    402.000    14.3972     0.1903    98.6298 -6.965e-07 2.7707e+00    169.897    14.3357    38.8221    29.0709 0.0000e+00
    403.000    14.3951     0.1929    98.6298 1.0000e-12 4.3212e+00    170.004    14.3334    38.8219    29.0712 0.0000e+00
    404.000    14.3945     0.1954    98.6298 1.0000e-12 3.4179e+00    169.869    14.3327    38.8217    29.0713 0.0000e+00
    405.000    14.3940     0.1983    98.6192 1.0000e-12 4.6436e+00    169.901    14.3320    38.8216    29.0713 0.0000e+00
    406.000    14.3936     0.1923    98.6224 1.0000e-12 3.9448e+00    169.897    14.3315    38.8215    29.0714 0.0000e+00
    407.000    14.3933     0.1927    98.6276 1.0000e-12 3.0987e+00    170.485    14.3310    38.8215    29.0715 0.0000e+00
    408.000    14.3925     0.1891    98.6341 1.0000e-12 2.6749e+00    169.994    14.3300    38.8212    29.0715 0.0000e+00
    409.000    14.3922     0.1873    98.6298 1.0000e-12 2.8736e+00    169.451    14.3295    38.8212    29.0716 0.0000e+00
    410.000    14.3916     0.1892    98.6298 2.8070e-06 3.2967e+00    169.869    14.3288    38.8211    29.0716 0.0000e+00
    411.000    14.3908     0.1849    98.6076 -9.990e-29 3.7245e+00    169.544    14.3279    38.8209    29.0717 0.0000e+00
    412.000    14.3895     0.1882    98.6334 -9.990e-29 4.1873e+00    169.658    14.3264    38.8206    29.0718 0.0000e+00
    413.000    14.3887     0.1929    98.6305 3.8216e-06 3.5214e+00    169.826    14.3255    38.8205    29.0719 0.0000e+00
    414.000    14.3872     0.1886    98.6298 3.6232e-08 3.0604e+00    169.931    14.3238    38.8203    29.0721 0.0000e+00
    415.000    14.3852     0.1935    98.6292 1.0000e-12 3.2529e+00    169.879    14.3216    38.8197    29.0722 0.0000e+00
    416.000    14.3782     0.1906    98.6233 -9.990e-29 3.9201e+00    169.404    14.3146    38.8181    29.0724 0.0000e+00
    417.000    14.3697     0.1870    98.6358 1.0000e-12 4.1573e+00    169.365    14.3059    38.8164    29.0730 0.0000e+00
    418.000    14.3672     0.1902    98.6338 1.0000e-12 3.5334e+00    169.122    14.3033    38.8159    29.0732 0.0000e+00
    419.000    14.3668     0.1913    98.6387 1.0000e-12 5.1321e+00    169.407    14.3027    38.8158    29.0733 0.0000e+00
    420.000    14.3668     0.1890    98.6414 -9.990e-29 3.0690e+00    169.515    14.3026    38.8157    29.0733 0.0000e+00
    421.000    14.3660     0.1866    98.6446 -9.990e-29 3.1506e+00    169.381    14.3016    38.8155    29.0733 0.0000e+00
    422.000    14.3635     0.1863    98.6431 -9.990e-29 4.7039e+00    168.482    14.2989    38.8147    29.0733 0.0000e+00
    423.000    14.3578     0.1864    98.6497 -9.990e-29 2.0515e+00    168.982    14.2931    38.8135    29.0736 0.0000e+00
    424.000    14.3542     0.1849    98.6558 -9.990e-29 2.5460e+00    169.242    14.2894    38.8129    29.0740 0.0000e+00
    425.000    14.3513     0.1880 -9.990e-29 -9.990e-29 4.2261e+00    168.985    14.2863    38.8124    29.0743 0.0000e+00
    426.000    14.3480     0.1909 -9.990e-29 -9.990e-29 3.7498e+00    168.457    14.2829    38.8120    29.0747 0.0000e+00
    427.000    14.3479     0.1917 -9.990e-29 -9.990e-29 3.9788e+00    169.149    14.2826    38.8122    29.0749 0.0000e+00
    428.000    14.3475     0.1928 -9.990e-29 -9.990e-29 4.4407e+00    169.188    14.2820    38.8122    29.0750 0.0000e+00
    429.000    14.3474     0.1905 -9.990e-29 -9.990e-29 2.9495e+00    168.916    14.2818    38.8123    29.0752 0.0000e+00
    430.000    14.3462     0.1923 -9.990e-29 1.0000e-12 3.3204e+00    168.591    14.2805    38.8117    29.0750 0.0000e+00
    431.000    14.3421     0.1869 -9.990e-29 2.7259e-06 4.9016e+00    168.612    14.2762    38.8105    29.0750 0.0000e+00
    432.000    14.3412     0.1864 -9.990e-29 6.7314e-06 2.3968e+00    169.277    14.2751    38.8107    29.0754 0.0000e+00
    433.000    14.3415     0.1981 -9.990e-29 3.9534e-05 4.6646e+00    169.219    14.2753    38.8107    29.0754 0.0000e+00
    434.000    14.3394     0.1891 -9.990e-29 1.9576e-04 3.7918e+00    168.165    14.2731    38.8102    29.0755 0.0000e+00
    435.000    14.3368     0.1873 -9.990e-29 8.8233e-05 3.8736e+00    168.589    14.2704    38.8100    29.0759 0.0000e+00
    436.000    14.3358     0.1881 -9.990e-29 3.6995e-04 4.3917e+00    168.448    14.2692    38.8097    29.0760 0.0000e+00
    437.000    14.3349     0.1890 -9.990e-29 1.2468e-03 4.2252e+00    168.696    14.2682    38.8096    29.0761 0.0000e+00
    438.000    14.3340     0.1876 -9.990e-29 1.1137e-03 3.5385e+00    168.761    14.2671    38.8094    29.0762 0.0000e+00
    439.000    14.3327     0.1902 -9.990e-29 4.6475e-05 4.1762e+00    168.740    14.2656    38.8090    29.0762 0.0000e+00
    440.000    14.3303     0.1857 -9.990e-29 1.0314e-06 4.6265e+00    169.078    14.2631    38.8085    29.0764 0.0000e+00
    441.000    14.3291     0.1813 -9.990e-29 6.3809e-04 4.8043e+00    168.691    14.2617    38.8081    29.0764 0.0000e+00
    442.000    14.3263     0.1895 -9.990e-29 1.8217e-03 4.1630e+00    168.351    14.2587    38.8075    29.0765 0.0000e+00
    443.000    14.3226     0.1924 -9.990e-29 5.9031e-04 4.7974e+00    168.893    14.2550    38.8067    29.0768 0.0000e+00
    444.000    14.3204     0.1941 -9.990e-29 7.4183e-04 4.1347e+00    168.639    14.2525    38.8063    29.0770 0.0000e+00
    445.000    14.3154     0.1903    98.6558 3.0701e-04 3.4635e+00    168.287    14.2475    38.8051    29.0772 0.0000e+00
    446.000    14.3125     0.1904    98.6693 9.4094e-04 3.6901e+00    168.058    14.2443    38.8046    29.0775 0.0000e+00
    447.000    14.3106     0.1888    98.6625 1.6183e-04 3.0699e+00    168.211    14.2423    38.8042    29.0776 0.0000e+00
    448.000    14.3077     0.1905    98.6646 5.7401e-05 4.4151e+00    168.331    14.2393    38.8035    29.0777 0.0000e+00
    449.000    14.3036     0.1866    98.6711 7.0973e-04 4.3793e+00    167.490    14.2351    38.8028    29.0781 0.0000e+00
    450.000    14.3017     0.1852    98.6702 1.9723e-04 4.4808e+00    168.073    14.2330    38.8023    29.0782 0.0000e+00
    451.000    14.2999     0.1918    98.6694 3.2754e-04 4.5228e+00    168.261    14.2311    38.8021    29.0784 0.0000e+00
    452.000    14.2988     0.1863    98.6704 7.8139e-04 4.6058e+00    168.382    14.2298    38.8018    29.0785 0.0000e+00
    453.000    14.2979     0.1889    98.6739 1.8786e-03 4.1963e+00    167.911    14.2288    38.8016    29.0785 0.0000e+00
    454.000    14.2966     0.1915    98.6758 4.1406e-04 3.9654e+00    167.761    14.2273    38.8014    29.0788 0.0000e+00
    455.000    14.2955     0.1921    98.6720 1.0553e-03 4.0309e+00    168.162    14.2260    38.8010    29.0787 0.0000e+00
    456.000    14.2931     0.1927    98.6706 6.1468e-04 3.7688e+00    168.351    14.2235    38.8004    29.0788 0.0000e+00
    457.000    14.2892     0.1881    98.6626 2.0491e-03 4.4825e+00    168.218    14.2194    38.7995    29.0790 0.0000e+00
    458.000    14.2854     0.1833    98.6766 4.6333e-04 3.8946e+00    167.695    14.2155    38.7986    29.0791 0.0000e+00
    459.000    14.2808     0.1865    98.6762 2.0505e-04 3.7169e+00    167.720    14.2108    38.7977    29.0795 0.0000e+00
    460.000    14.2778     0.1872    98.6763 6.2846e-04 4.7360e+00    167.914    14.2077    38.7971    29.0798 0.0000e+00
    461.000    14.2754     0.1867    98.6711 5.0727e-06 4.7283e+00    167.912    14.2051    38.7965    29.0798 0.0000e+00
    462.000    14.2683     0.1855    98.6771 5.0879e-06 4.9098e+00    167.438    14.1979    38.7944    29.0798 0.0000e+00
    463.000    14.2624     0.1878 -9.990e-29 3.2757e-04 2.7912e+00    167.274    14.1919    38.7932    29.0802 0.0000e+00
    464.000    14.2595     0.1912 -9.990e-29 3.4835e-04 3.8811e+00    167.600    14.1887    38.7926    29.0804 0.0000e+00
    465.000    14.2583     0.1964 -9.990e-29 1.4188e-04 4.4806e+00    167.223    14.1875    38.7923    29.0804 0.0000e+00
    466.000    14.2579     0.1924 -9.990e-29 2.2771e-04 3.5125e+00    167.591    14.1869    38.7921    29.0804 0.0000e+00
    467.000    14.2575     0.1929 -9.990e-29 2.2111e-05 5.2920e+00    167.732    14.1863    38.7921    29.0806 0.0000e+00
    468.000    14.2572     0.1957 -9.990e-29 3.6360e-06 3.9568e+00    167.796    14.1859    38.7919    29.0804 0.0000e+00
    469.000    14.2529     0.1920 -9.990e-29 1.3527e-06 4.1732e+00    167.529    14.1814    38.7908    29.0806 0.0000e+00
    470.000    14.2491     0.1847 -9.990e-29 2.2282e-06 3.2846e+00    167.189    14.1775    38.7901    29.0809 0.0000e+00
    471.000    14.2457     0.1846 -9.990e-29 8.3110e-05 4.0353e+00    167.017    14.1739    38.7892    29.0810 0.0000e+00
    472.000    14.2395     0.1909 -9.990e-29 7.6131e-05 4.5279e+00    166.891    14.1676    38.7877    29.0812 0.0000e+00
    473.000    14.2325     0.1850 -9.990e-29 4.3264e-06 3.9273e+00    166.733    14.1605    38.7860    29.0815 0.0000e+00
    474.000    14.2275     0.1925 -9.990e-29 1.8652e-05 5.2306e+00    166.431    14.1553    38.7848    29.0817 0.0000e+00
    475.000    14.2260     0.1948 -9.990e-29 7.4467e-04 5.6771e+00    166.670    14.1537    38.7845    29.0818 0.0000e+00
    476.000    14.2253     0.1886 -9.990e-29 1.2527e-03 2.9779e+00    166.505    14.1529    38.7842    29.0818 0.0000e+00
    477.000    14.2239     0.1906 -9.990e-29 3.5669e-04 5.8112e+00    166.312    14.1513    38.7839    29.0819 0.0000e+00
    478.000    14.2232     0.1913    98.6806 1.9664e-04 5.1855e+00    166.544    14.1504    38.7838    29.0819 0.0000e+00
    479.000    14.2227     0.1854    98.6764 5.2755e-05 4.7703e+00    166.795    14.1497    38.7836    29.0819 0.0000e+00
    480.000    14.2228     0.1898    98.6688 1.6762e-04 5.2166e+00    166.532    14.1497    38.7836    29.0820 0.0000e+00
    481.000    14.2230     0.1914 -9.990e-29 3.2362e-04 3.6943e+00    166.510    14.1497    38.7836    29.0820 0.0000e+00
    482.000    14.2212     0.1954 -9.990e-29 1.6694e-04 3.8389e+00    166.292    14.1478    38.7831    29.0820 0.0000e+00
    483.000    14.2162     0.1942 -9.990e-29 -9.990e-29 3.0749e+00    166.552    14.1426    38.7819    29.0822 0.0000e+00
    484.000    14.2103     0.1948 -9.990e-29 -9.990e-29 5.0657e+00    166.366    14.1367    38.7809    29.0827 0.0000e+00
    485.000    14.2076     0.1921 -9.990e-29 -9.990e-29 5.9777e+00    166.287    14.1338    38.7803    29.0829 0.0000e+00
    486.000    14.2042     0.1886    98.6799 6.5093e-05 2.1150e+00    166.492    14.1303    38.7797    29.0832 0.0000e+00
    487.000    14.2024     0.1891    98.6801 2.8099e-04 4.9804e+00    166.151    14.1284    38.7795    29.0835 0.0000e+00
    488.000    14.2019     0.1883    98.6767 2.7289e-04 3.6104e+00    166.666    14.1277    38.7794    29.0835 0.0000e+00
    489.000    14.2018     0.1871    98.6731 4.1383e-04 3.9781e+00    166.568    14.1274    38.7793    29.0835 0.0000e+00
    490.000    14.2018     0.1937    98.6904 8.9280e-04 3.7932e+00    166.508    14.1272    38.7792    29.0835 0.0000e+00
    491.000    14.2020     0.1945    98.6857 6.1256e-04 4.0788e+00    166.605    14.1273    38.7794    29.0836 0.0000e+00
    492.000    14.2022     0.1886    98.6850 9.8132e-05 3.5197e+00    166.548    14.1274    38.7794    29.0836 0.0000e+00
    493.000    14.2022     0.1950    98.6866 1.9451e-04 5.0527e+00    166.578    14.1272    38.7793    29.0836 0.0000e+00
    494.000    14.2020     0.1962    98.6902 5.1935e-05 4.4580e+00    166.330    14.1268    38.7792    29.0836 0.0000e+00
    495.000    14.2018     0.1906    98.6824 1.6586e-04 5.6095e+00    166.296    14.1265    38.7792    29.0836 0.0000e+00
    496.000    14.1959     0.1917    98.6868 9.5889e-05 5.2901e+00    165.922    14.1205    38.7775    29.0836 0.0000e+00
    497.000    14.1887     0.1881    98.6841 1.5263e-04 4.5861e+00    166.124    14.1131    38.7756    29.0838 0.0000e+00
    498.000    14.1812     0.1898    98.6829 3.0526e-04 3.7523e+00    166.371    14.1054    38.7743    29.0845 0.0000e+00
    499.000    14.1768     0.1876    98.6908 3.8078e-04 3.5831e+00    166.597    14.1009    38.7733    29.0846 0.0000e+00
    500.000    14.1737     0.1903    98.6898 -2.957e-06 5.4717e+00    166.272    14.0977    38.7726    29.0848 0.0000e+00
    501.000    14.1604     0.1940    98.6947 1.0886e-03 5.6196e+00    165.967    14.0843    38.7695    29.0854 0.0000e+00
    502.000    14.1533     0.1902    98.7001 2.3308e-03 5.8757e+00    166.669    14.0770    38.7681    29.0859 0.0000e+00
