Data/ruptures/PEACETIME/TYR/PEACETIME_TYR_CTD_023.cnv
* Sea-Bird SBE 9 Data File:
* FileName = C:\CTD\rawCTD\PEACETIME_TYR_CTD_023.hdr
* Software Version Seasave V 7.23.2
* Temperature SN = 1378
* Conductivity SN = 2929
* Number of Bytes Per Scan = 34
* Number of Voltage Words = 5
* Number of Scans Averaged by the Deck Unit = 1
* NMEA Latitude = 39 20.38 N
* NMEA Longitude = 012 35.56 E
* NMEA UTC (Time) = May 19 2017  04:40:10
* NMEA baud rate = 4800
** Cruise:   PEACETIME
** Station:   TYR_CTD_023
# nquan = 11
# nvalues = 3459                        
# units = specified
# name 0 = prDM: Pressure, Digiquartz [db]
# name 1 = t090C: Temperature [ITS-90, deg C]
# name 2 = flC: Fluorescence, Chelsea Aqua 3 Chl Con [ug/l]
# name 3 = CStarTr0: Beam Transmission, WET Labs C-Star [%]
# name 4 = par: PAR/Irradiance, Biospherical/Licor
# name 5 = spar: SPAR/Surface Irradiance
# name 6 = sbeox0Mm/Kg: Oxygen, SBE 43 [umol/kg]
# name 7 = potemp090C: Potential Temperature [ITS-90, deg C]
# name 8 = sal00: Salinity, Practical [PSU]
# name 9 = sigma-é00: Density [sigma-theta, kg/m^3]
# name 10 = flag:
# span 0 =      1.000,   3459.000       
# span 1 =    13.3932,    20.8434       
# span 2 =     0.1747,     0.3882       
# span 3 =    96.3502,    98.7511       
# span 4 = -3.012e-05, 3.0900e+01       
# span 5 = 1.2872e+02, 1.5520e+03       
# span 6 =    164.290,    245.176       
# span 7 =    12.9721,    20.8424       
# span 8 =    37.8359,    38.8235       
# span 9 =    26.8142,    29.1131       
# span 10 = 0.0000e+00, 0.0000e+00      
# interval = decibars: 1                
# start_time = May 19 2017 04:40:10 [NMEA time, header]
# bad_flag = -9.990e-29
*END*
[from data line 1837]
   1838.000    13.4335     0.1913    98.7315 1.8696e-03 1.2790e+03    170.075    13.1523    38.5473    29.1124 0.0000e+00
   1839.000    13.4335     0.1938    98.7327 2.3939e-04 1.2746e+03    170.088    13.1521    38.5472    29.1123 0.0000e+00
   1840.000    13.4335     0.1935    98.7157 2.9713e-04 1.2740e+03    169.824    13.1520    38.5472    29.1124 0.0000e+00
   1841.000    13.4337     0.1907    98.6873 1.4266e-04 1.2785e+03    169.500    13.1521    38.5471    29.1123 0.0000e+00
   1842.000    13.4339     0.1902 -9.990e-29 1.2388e-03 1.2762e+03    169.617    13.1521    38.5473    29.1125 0.0000e+00
   1843.000    13.4342     0.1901 -9.990e-29 1.5520e-03 1.2732e+03    169.792    13.1522    38.5473    29.1124 0.0000e+00
   1844.000    13.4345     0.1895 -9.990e-29 9.1432e-04 1.2791e+03    169.716    13.1523    38.5472    29.1123 0.0000e+00
   1845.000    13.4346     0.1908    98.7338 4.3915e-03 1.2773e+03    169.663    13.1522    38.5473    29.1124 0.0000e+00
   1846.000    13.4348     0.1885    98.7338 4.6498e-03 1.2779e+03    169.787    13.1523    38.5472    29.1124 0.0000e+00
   1847.000    13.4349     0.1849    98.7338 2.8805e-03 1.2789e+03    169.948    13.1522    38.5472    29.1123 0.0000e+00
   1848.000    13.4350     0.1858    98.7338 1.4663e-03 1.2742e+03    170.082    13.1522    38.5472    29.1124 0.0000e+00
   1849.000    13.4352     0.1845    98.7338 8.1771e-04 1.2757e+03    169.715    13.1522    38.5472    29.1123 0.0000e+00
   1850.000    13.4354     0.1863    98.7338 2.4051e-03 1.2762e+03    169.796    13.1523    38.5472    29.1124 0.0000e+00
   1851.000    13.4356     0.1822    98.7338 3.1860e-03 1.2736e+03    169.700    13.1523    38.5473    29.1124 0.0000e+00
   1852.000    13.4358     0.1809    98.7338 1.9842e-03 1.2764e+03    169.347    13.1523    38.5472    29.1123 0.0000e+00
   1853.000    13.4361     0.1844    98.7338 1.0449e-03 1.2775e+03    169.523    13.1524    38.5472    29.1123 0.0000e+00
   1854.000    13.4361     0.1893    98.7326 2.0256e-03 1.2763e+03    169.896    13.1524    38.5473    29.1124 0.0000e+00
   1855.000    13.4363     0.1907    98.7316 4.1848e-03 1.2779e+03    169.724    13.1523    38.5472    29.1123 0.0000e+00
   1856.000    13.4365     0.1895    98.7327 2.4912e-03 1.2771e+03    169.844    13.1524    38.5473    29.1124 0.0000e+00
   1857.000    13.4365     0.1878    98.7157 2.5731e-03 1.2734e+03    169.665    13.1523    38.5473    29.1124 0.0000e+00
   1858.000    13.4368     0.1877    98.7263 3.3672e-03 1.2763e+03    169.263    13.1523    38.5473    29.1124 0.0000e+00
   1859.000    13.4369     0.1884    98.7294 2.2980e-03 1.2742e+03    169.511    13.1523    38.5472    29.1123 0.0000e+00
   1860.000    13.4371     0.1869    98.7349 2.8352e-03 1.2778e+03    169.935    13.1523    38.5472    29.1123 0.0000e+00
   1861.000    13.4372     0.1864    98.7295 1.6110e-03 1.2770e+03    169.682    13.1523    38.5473    29.1124 0.0000e+00
   1862.000    13.4373     0.1813    98.6752 2.2085e-03 1.2806e+03    169.627    13.1522    38.5472    29.1123 0.0000e+00
   1863.000    13.4374     0.1805    98.6683 1.7283e-03 1.2792e+03    169.580    13.1521    38.5472    29.1124 0.0000e+00
   1864.000    13.4374     0.1875    98.6944 2.3734e-03 1.2806e+03    169.280    13.1519    38.5471    29.1123 0.0000e+00
   1865.000    13.4374     0.1881    98.7183 3.5071e-03 1.2819e+03    169.635    13.1518    38.5470    29.1123 0.0000e+00
   1866.000    13.4343     0.1888    98.7079 4.2362e-03 1.2800e+03    169.941    13.1486    38.5461    29.1122 0.0000e+00
   1867.000    13.4319     0.1885    98.6919 4.9526e-03 1.2807e+03    169.799    13.1461    38.5455    29.1123 0.0000e+00
   1868.000    13.4313     0.1859    98.6959 1.1603e-03 1.2851e+03    169.768    13.1453    38.5451    29.1122 0.0000e+00
   1869.000    13.4281     0.1801    98.6819 2.5674e-04 1.2799e+03    169.718    13.1420    38.5440    29.1120 0.0000e+00
   1870.000    13.4250     0.1768    98.6943 1.9683e-03 1.2816e+03    169.815    13.1388    38.5432    29.1121 0.0000e+00
   1871.000    13.4236     0.1843    98.7199 2.1447e-03 1.2791e+03    170.009    13.1372    38.5429    29.1122 0.0000e+00
   1872.000    13.4232     0.1878    98.6806 3.8233e-03 1.2794e+03    170.053    13.1367    38.5428    29.1122 0.0000e+00
   1873.000    13.4233     0.1897    98.6635 4.5478e-03 1.2801e+03    170.040    13.1366    38.5427    29.1121 0.0000e+00
   1874.000    13.4232     0.1870    98.6827 2.8658e-03 1.2822e+03    169.950    13.1363    38.5427    29.1122 0.0000e+00
   1875.000    13.4230     0.1872    98.6690 2.5527e-03 1.2803e+03    169.762    13.1360    38.5425    29.1121 0.0000e+00
   1876.000    13.4234     0.1875    98.7111 2.3450e-03 1.2801e+03    169.489    13.1362    38.5427    29.1122 0.0000e+00
   1877.000    13.4236     0.1841    98.7057 2.8047e-03 1.2769e+03    169.715    13.1362    38.5426    29.1122 0.0000e+00
   1878.000    13.4236     0.1837    98.6832 2.8866e-03 1.2797e+03    169.753    13.1361    38.5426    29.1122 0.0000e+00
   1879.000    13.4237     0.1857    98.7010 1.5222e-03 1.2788e+03    169.778    13.1360    38.5426    29.1122 0.0000e+00
   1880.000    13.4239     0.1883    98.6925 2.4040e-03 1.2827e+03    170.033    13.1360    38.5426    29.1121 0.0000e+00
   1881.000    13.4239     0.1877    98.7099 1.8795e-03 1.2782e+03    169.864    13.1359    38.5426    29.1122 0.0000e+00
   1882.000    13.4236     0.1841    98.7180 1.5313e-03 1.2811e+03    169.868    13.1355    38.5423    29.1121 0.0000e+00
   1883.000    13.4238     0.1844    98.6823 2.6189e-03 1.2790e+03    169.964    13.1355    38.5424    29.1121 0.0000e+00
   1884.000    13.4238     0.1882    98.6752 1.7422e-03 1.2775e+03    169.721    13.1353    38.5424    29.1122 0.0000e+00
   1885.000    13.4238     0.1851    98.6753 9.3360e-04 1.2743e+03    169.734    13.1352    38.5424    29.1122 0.0000e+00
   1886.000    13.4231     0.1871    98.6829 1.6033e-03 1.2783e+03    170.008    13.1343    38.5420    29.1121 0.0000e+00
   1887.000    13.4219     0.1866    98.6795 4.3401e-03 1.2794e+03    170.134    13.1329    38.5417    29.1121 0.0000e+00
   1888.000    13.4218     0.1752    98.6971 3.7362e-03 1.2796e+03    170.012    13.1327    38.5418    29.1122 0.0000e+00
   1889.000    13.4212     0.1782    98.6931 3.1858e-03 1.2789e+03    170.348    13.1319    38.5414    29.1121 0.0000e+00
   1890.000    13.4212     0.1843    98.6827 3.5502e-03 1.2743e+03    170.165    13.1318    38.5415    29.1122 0.0000e+00
   1891.000    13.4206     0.1860    98.6840 3.3124e-03 1.2785e+03    170.058    13.1311    38.5411    29.1120 0.0000e+00
   1892.000    13.4204     0.1870    98.6775 3.2521e-03 1.2778e+03    170.127    13.1307    38.5411    29.1121 0.0000e+00
   1893.000    13.4202     0.1908    98.6727 2.5035e-03 1.2819e+03    170.329    13.1303    38.5410    29.1121 0.0000e+00
   1894.000    13.4202     0.1942    98.6994 2.7423e-03 1.2808e+03    170.400    13.1302    38.5411    29.1122 0.0000e+00
   1895.000    13.4204     0.1923    98.7243 1.7424e-03 1.2815e+03    170.268    13.1302    38.5408    29.1120 0.0000e+00
   1896.000    13.4204     0.1855    98.7157 3.8862e-03 1.2804e+03    170.291    13.1300    38.5409    29.1121 0.0000e+00
   1897.000    13.4205     0.1842 -9.990e-29 4.3716e-03 1.2827e+03    170.225    13.1299    38.5408    29.1121 0.0000e+00
   1898.000    13.4203     0.1828 -9.990e-29 3.9421e-03 1.2795e+03    170.243    13.1296    38.5408    29.1121 0.0000e+00
   1899.000    13.4200     0.1791 -9.990e-29 2.6607e-03 1.2815e+03    170.083    13.1291    38.5404    29.1119 0.0000e+00
   1900.000    13.4148     0.1863    98.6766 3.6377e-03 1.2854e+03    170.095    13.1239    38.5389    29.1118 0.0000e+00
   1901.000    13.4124     0.1890    98.6937 7.8974e-04 1.2806e+03    170.244    13.1214    38.5383    29.1119 0.0000e+00
   1902.000    13.4111     0.1904    98.6897 1.9744e-03 1.2838e+03    170.387    13.1199    38.5379    29.1118 0.0000e+00
   1903.000    13.4113     0.1940    98.6796 1.3478e-03 1.2807e+03    170.294    13.1199    38.5379    29.1119 0.0000e+00
   1904.000    13.4118     0.1943    98.6784 3.2454e-03 1.2824e+03    170.391    13.1202    38.5380    29.1119 0.0000e+00
   1905.000    13.4117     0.1905    98.6764 5.0199e-03 1.2825e+03    170.344    13.1199    38.5380    29.1120 0.0000e+00
   1906.000    13.4117     0.1892    98.6678 5.1179e-03 1.2821e+03    170.100    13.1198    38.5381    29.1121 0.0000e+00
   1907.000    13.4122     0.1876    98.6671 6.9455e-03 1.2826e+03    170.048    13.1202    38.5379    29.1118 0.0000e+00
   1908.000    13.4123     0.1861    98.6754 3.1881e-03 1.2792e+03    169.872    13.1201    38.5381    29.1120 0.0000e+00
   1909.000    13.4122     0.1836    98.6818 1.9518e-03 1.2806e+03    169.951    13.1198    38.5379    29.1119 0.0000e+00
   1910.000    13.4124     0.1866    98.6797 1.8043e-03 1.2849e+03    170.131    13.1199    38.5380    29.1119 0.0000e+00
   1911.000    13.4125     0.1886    98.7291 1.4432e-03 1.2826e+03    170.098    13.1198    38.5380    29.1119 0.0000e+00
   1912.000    13.4128     0.1862    98.6904 2.8612e-03 1.2812e+03    170.235    13.1199    38.5381    29.1120 0.0000e+00
   1913.000    13.4129     0.1819    98.6660 4.3692e-03 1.2817e+03    169.925    13.1199    38.5378    29.1118 0.0000e+00
   1914.000    13.4124     0.1763    98.6862 2.6280e-03 1.2831e+03    169.935    13.1192    38.5378    29.1120 0.0000e+00
   1915.000    13.4109     0.1795    98.6966 2.7027e-03 1.2832e+03    169.908    13.1176    38.5372    29.1118 0.0000e+00
   1916.000    13.4088     0.1819    98.7244 3.0163e-03 1.2838e+03    170.144    13.1154    38.5365    29.1118 0.0000e+00
   1917.000    13.4070     0.1866    98.6741 3.2340e-03 1.2824e+03    170.430    13.1134    38.5361    29.1118 0.0000e+00
   1918.000    13.4058     0.1874    98.6897 2.4807e-03 1.2821e+03    170.480    13.1120    38.5357    29.1118 0.0000e+00
   1919.000    13.4051     0.1859    98.6807 3.2385e-03 1.2828e+03    170.457    13.1112    38.5354    29.1118 0.0000e+00
   1920.000    13.4052     0.1894    98.6689 4.3693e-03 1.2860e+03    170.614    13.1111    38.5354    29.1118 0.0000e+00
   1921.000    13.4052     0.1844    98.6897 2.3484e-03 1.2825e+03    170.259    13.1110    38.5355    29.1119 0.0000e+00
   1922.000    13.4056     0.1841    98.6894 2.1326e-03 1.2855e+03    169.963    13.1112    38.5353    29.1117 0.0000e+00
   1923.000    13.4057     0.1887    98.6875 2.0521e-03 1.2870e+03    170.182    13.1111    38.5352    29.1117 0.0000e+00
   1924.000    13.4059     0.1911    98.6894 5.3463e-03 1.2875e+03    170.295    13.1112    38.5354    29.1118 0.0000e+00
   1925.000    13.4063     0.1931    98.6666 3.2783e-03 1.2848e+03    170.174    13.1114    38.5357    29.1119 0.0000e+00
   1926.000    13.4064     0.1912    98.6763 4.2289e-03 1.2850e+03    170.505    13.1113    38.5356    29.1119 0.0000e+00
   1927.000    13.4067     0.1880    98.7008 4.9630e-03 1.2848e+03    170.479    13.1115    38.5356    29.1119 0.0000e+00
   1928.000    13.4068     0.1849    98.6885 4.4686e-03 1.2840e+03    170.634    13.1115    38.5356    29.1119 0.0000e+00
   1929.000    13.4067     0.1858    98.6807 3.7453e-03 1.2835e+03    170.672    13.1112    38.5355    29.1119 0.0000e+00
   1930.000    13.4070     0.1860    98.6829 2.0467e-03 1.2811e+03    170.571    13.1113    38.5355    29.1118 0.0000e+00
   1931.000    13.4069     0.1864    98.6840 2.3835e-03 1.2824e+03    170.402    13.1111    38.5354    29.1118 0.0000e+00
   1932.000    13.4048     0.1881    98.6921 1.0191e-03 1.2818e+03    170.426    13.1089    38.5346    29.1116 0.0000e+00
   1933.000    13.4028     0.1919    98.6748 2.2510e-03 1.2803e+03    170.632    13.1067    38.5342    29.1118 0.0000e+00
   1934.000    13.4028     0.1941    98.6807 3.4221e-03 1.2812e+03    170.661    13.1065    38.5340    29.1117 0.0000e+00
   1935.000    13.4015     0.1923    98.6750 3.0026e-03 1.2800e+03    170.398    13.1051    38.5336    29.1117 0.0000e+00
   1936.000    13.4002     0.1838    98.6927 1.8766e-03 1.2824e+03    170.257    13.1036    38.5333    29.1117 0.0000e+00
   1937.000    13.3998     0.1825    98.6931 2.8110e-03 1.2813e+03    170.453    13.1031    38.5332    29.1118 0.0000e+00
   1938.000    13.3987     0.1861    98.6719 4.1753e-03 1.2808e+03    170.432    13.1018    38.5326    29.1116 0.0000e+00
   1939.000    13.3961     0.1848    98.6925 3.8255e-03 1.2825e+03    170.378    13.0991    38.5319    29.1116 0.0000e+00
   1940.000    13.3959     0.1827    98.6829 4.2159e-03 1.2843e+03    170.542    13.0988    38.5320    29.1117 0.0000e+00
   1941.000    13.3962     0.1874    98.6678 4.2020e-03 1.2825e+03    170.614    13.0989    38.5319    29.1116 0.0000e+00
   1942.000    13.3964     0.1836    98.6839 3.8890e-03 1.2839e+03    170.723    13.0989    38.5320    29.1117 0.0000e+00
   1943.000    13.3965     0.1846    98.6852 1.9555e-03 1.2850e+03    170.671    13.0989    38.5320    29.1117 0.0000e+00
   1944.000    13.3963     0.1860    98.6708 2.4702e-03 1.2855e+03    170.427    13.0985    38.5318    29.1116 0.0000e+00
   1945.000    13.3963     0.1808    98.6828 3.1660e-03 1.2878e+03    170.501    13.0983    38.5319    29.1117 0.0000e+00
   1946.000    13.3965     0.1828    98.6874 1.2258e-03 1.2864e+03    170.582    13.0984    38.5318    29.1117 0.0000e+00
   1947.000    13.3968     0.1862    98.6721 3.7854e-03 1.2868e+03    170.604    13.0985    38.5318    29.1117 0.0000e+00
   1948.000    13.3968     0.1805    98.6739 3.6679e-03 1.2920e+03    170.424    13.0983    38.5320    29.1118 0.0000e+00
   1949.000    13.3970     0.1812    98.6850 3.2423e-03 1.2924e+03    170.542    13.0984    38.5319    29.1117 0.0000e+00
   1950.000    13.3971     0.1829    98.6885 4.3148e-03 1.2886e+03    170.528    13.0983    38.5319    29.1117 0.0000e+00
   1951.000    13.3974     0.1862    98.6886 3.7420e-03 1.2838e+03    170.597    13.0984    38.5318    29.1117 0.0000e+00
   1952.000    13.3977     0.1884    98.6852 2.2097e-03 1.2915e+03    170.650    13.0985    38.5319    29.1117 0.0000e+00
   1953.000    13.3976     0.1910    98.7081 2.7617e-03 1.2871e+03    170.559    13.0983    38.5319    29.1117 0.0000e+00
   1954.000    13.3978     0.1884    98.6795 2.7932e-03 1.2904e+03    170.561    13.0983    38.5318    29.1117 0.0000e+00
   1955.000    13.3980     0.1895    98.6655 3.6562e-03 1.2898e+03    170.504    13.0984    38.5319    29.1117 0.0000e+00
   1956.000    13.3983     0.1886    98.6626 2.6759e-03 1.2934e+03    170.468    13.0985    38.5320    29.1117 0.0000e+00
   1957.000    13.3986     0.1929    98.6645 4.0587e-03 1.2911e+03    170.293    13.0986    38.5320    29.1117 0.0000e+00
   1958.000    13.3986     0.1853    98.7006 3.4981e-03 1.2886e+03    170.445    13.0985    38.5319    29.1117 0.0000e+00
   1959.000    13.3987     0.1855    98.6874 4.2972e-03 1.2902e+03    170.602    13.0985    38.5318    29.1116 0.0000e+00
   1960.000    13.3989     0.1866    98.7181 3.8243e-03 1.2844e+03    170.619    13.0984    38.5319    29.1117 0.0000e+00
   1961.000    13.3991     0.1806    98.6787 2.3629e-03 1.2902e+03    170.390    13.0985    38.5319    29.1117 0.0000e+00
   1962.000    13.3993     0.1798    98.6750 2.6794e-03 1.2897e+03    170.203    13.0985    38.5320    29.1118 0.0000e+00
   1963.000    13.3995     0.1794    98.6796 2.3163e-03 1.2894e+03    170.309    13.0985    38.5320    29.1118 0.0000e+00
   1964.000    13.3997     0.1841    98.7036 3.5100e-03 1.2888e+03    170.010    13.0986    38.5319    29.1117 0.0000e+00
   1965.000    13.3999     0.1879    98.6752 4.1374e-03 1.2901e+03    169.981    13.0986    38.5319    29.1117 0.0000e+00
   1966.000    13.4000     0.1846    98.6682 2.2952e-03 1.2882e+03    170.407    13.0986    38.5319    29.1117 0.0000e+00
   1967.000    13.4002     0.1850    98.6568 1.7326e-03 1.2926e+03    170.684    13.0986    38.5319    29.1117 0.0000e+00
