Data/ruptures/PEACETIME/TYR/PEACETIME_TYR_CTD_018.cnv
* Sea-Bird SBE 9 Data File:
* FileName = C:\CTD\rawCTD\PEACETIME_TYR_CTD_018.hdr
* Software Version Seasave V 7.23.2
* Temperature SN = 1378
* Conductivity SN = 2929
* Number of Bytes Per Scan = 34
* Number of Voltage Words = 5
* Number of Scans Averaged by the Deck Unit = 1
* NMEA Latitude = 39 20.39 N
* NMEA Longitude = 012 35.57 E
* NMEA UTC (Time) = May 18 2017  02:57:11
* NMEA baud rate = 4800
** Cruise:   PEACETIME
** Station:   TYR_CTD_018
# nquan = 11
# nvalues = 501                         
# units = specified
# name 0 = prDM: Pressure, Digiquartz [db]
# name 1 = t090C: Temperature [ITS-90, deg C]
# name 2 = flC: Fluorescence, Chelsea Aqua 3 Chl Con [ug/l]
# name 3 = CStarTr0: Beam Transmission, WET Labs C-Star [%]
# name 4 = par: PAR/Irradiance, Biospherical/Licor
# name 5 = spar: SPAR/Surface Irradiance
# name 6 = sbeox0Mm/Kg: Oxygen, SBE 43 [umol/kg]
# name 7 = potemp090C: Potential Temperature [ITS-90, deg C]
# name 8 = sal00: Salinity, Practical [PSU]
# name 9 = sigma-é00: Density [sigma-theta, kg/m^3]
# name 10 = flag:
# span 0 =      1.000,    501.000       
# span 1 =    14.2100,    20.6623       
# span 2 =     0.1795,     0.3329       
# span 3 =    96.1567,    98.6829       
# span 4 = -4.061e-07, 1.2410e-01       
# span 5 = 1.4847e+00, 5.1742e+00       
# span 6 =    166.192,    239.384       
# span 7 =    14.1340,    20.6617       
# span 8 =    37.9171,    38.8255       
# span 9 =    26.8110,    29.0839       
# span 10 = 0.0000e+00, 0.0000e+00      
# interval = decibars: 1                
# start_time = May 18 2017 02:57:11 [NMEA time, header]
# bad_flag = -9.990e-29
*END*
[from data line 132]
    133.000    14.6077     0.2083    98.4643 1.0000e-12 2.5926e+00    181.550    14.5874    38.5966    28.8407 0.0000e+00
    134.000    14.6203     0.2060    98.4592 1.0000e-12 3.8424e+00    181.413    14.5998    38.6042    28.8438 0.0000e+00
    135.000    14.6424     0.2028    98.4584 1.0000e-12 4.0288e+00    181.041    14.6218    38.6174    28.8491 0.0000e+00
    136.000    14.6612     0.2004    98.4655 1.0000e-12 2.7198e+00    180.820    14.6403    38.6302    28.8549 0.0000e+00
    137.000    14.6679     0.2027    98.4604 1.0000e-12 2.9731e+00    181.162    14.6468    38.6340    28.8563 0.0000e+00
    138.000    14.6869     0.2071    98.4572 1.0000e-12 3.8525e+00    180.710    14.6657    38.6456    28.8611 0.0000e+00
    139.000    14.7027     0.2028    98.4459 1.0000e-12 3.3232e+00    180.363    14.6814    38.6532    28.8635 0.0000e+00
    140.000    14.7178     0.1940    98.4421 1.0000e-12 3.7308e+00    180.653    14.6963    38.6600    28.8654 0.0000e+00
    141.000    14.7475     0.1896    98.4345 1.0000e-12 3.1081e+00    180.190    14.7258    38.6755    28.8708 0.0000e+00
    142.000    14.7696     0.1861    98.4217 1.0000e-12 3.9993e+00    180.091    14.7477    38.6862    28.8742 0.0000e+00
    143.000    14.7727     0.1837    98.4216 1.0000e-12 2.8778e+00    179.455    14.7507    38.6898    28.8762 0.0000e+00
    144.000    14.7615     0.1845    98.4109 1.0000e-12 2.7217e+00    178.865    14.7393    38.6955    28.8832 0.0000e+00
    145.000    14.7573     0.1874    98.4095 1.0000e-12 3.5733e+00    178.905    14.7349    38.6970    28.8853 0.0000e+00
    146.000    14.7511     0.1924    98.4103 1.0000e-12 2.6959e+00    177.798    14.7286    38.6962    28.8862 0.0000e+00
    147.000    14.7257     0.1896    98.4103 1.0000e-12 2.2972e+00    177.164    14.7031    38.6942    28.8903 0.0000e+00
    148.000    14.6964     0.1875    98.4272 1.0000e-12 2.4378e+00    176.457    14.6736    38.6944    28.8970 0.0000e+00
    149.000    14.6732     0.1900    98.4233 1.0000e-12 2.7109e+00    175.751    14.6504    38.6926    28.9009 0.0000e+00
    150.000    14.6645     0.1911    98.4216 1.0000e-12 3.1452e+00    175.956    14.6414    38.6924    28.9027 0.0000e+00
    151.000    14.6605     0.1880    98.4392 1.0000e-12 2.8963e+00    175.819    14.6373    38.6927    28.9039 0.0000e+00
    152.000    14.6584     0.1843    98.4482 1.0000e-12 2.8173e+00    176.081    14.6350    38.6930    28.9046 0.0000e+00
    153.000    14.6582     0.1851    98.4592 1.0000e-12 2.6737e+00    175.926    14.6347    38.6933    28.9049 0.0000e+00
    154.000    14.6581     0.1896    98.4536 1.0000e-12 2.5578e+00    175.709    14.6344    38.6934    28.9050 0.0000e+00
    155.000    14.6553     0.1904    98.4441 1.0000e-12 2.7101e+00    175.988    14.6315    38.6935    28.9058 0.0000e+00
    156.000    14.6537     0.1858    98.4554 1.0000e-12 3.5299e+00    175.588    14.6298    38.6935    28.9062 0.0000e+00
    157.000    14.6538     0.1858    98.4648 1.0000e-12 1.9380e+00    175.451    14.6297    38.6939    28.9065 0.0000e+00
    158.000    14.6536     0.1865    98.4530 1.0000e-12 2.2715e+00    175.718    14.6293    38.6939    28.9066 0.0000e+00
    159.000    14.6521     0.1928    98.4438 1.0000e-12 3.2812e+00    175.507    14.6276    38.6940    28.9070 0.0000e+00
    160.000    14.6509     0.1924    98.4601 1.0000e-12 2.1755e+00    175.432    14.6263    38.6943    28.9075 0.0000e+00
    161.000    14.6459     0.1899    98.4675 1.0000e-12 3.2878e+00    174.807    14.6212    38.6941    28.9085 0.0000e+00
    162.000    14.6090     0.1863    98.4737 1.0000e-12 3.4994e+00    173.762    14.5842    38.6926    28.9156 0.0000e+00
    163.000    14.5913     0.1901    98.4813 1.0000e-12 2.7833e+00    173.845    14.5663    38.6924    28.9195 0.0000e+00
    164.000    14.5860     0.1871    98.4969 1.0000e-12 2.9392e+00    174.126    14.5609    38.6921    28.9204 0.0000e+00
    165.000    14.5837     0.1842    98.5002 1.0000e-12 2.4924e+00    173.680    14.5585    38.6921    28.9209 0.0000e+00
    166.000    14.5832     0.1873    98.5060 1.0000e-12 3.7485e+00    173.589    14.5578    38.6923    28.9212 0.0000e+00
    167.000    14.5797     0.1845    98.5042 1.0000e-12 2.1916e+00    172.861    14.5541    38.6920    28.9218 0.0000e+00
    168.000    14.5679     0.1915    98.5156 1.0000e-12 2.9038e+00    172.591    14.5422    38.6905    28.9233 0.0000e+00
    169.000    14.5603     0.1926    98.5187 1.0000e-12 3.3910e+00    173.047    14.5345    38.6893    28.9242 0.0000e+00
    170.000    14.5482     0.1927    98.5420 1.0000e-12 1.8443e+00    172.566    14.5223    38.6879    28.9258 0.0000e+00
    171.000    14.5418     0.1879    98.5448 1.0000e-12 2.2403e+00    172.300    14.5156    38.6887    28.9279 0.0000e+00
    172.000    14.5466     0.1868    98.5478 1.0000e-12 3.0415e+00    172.161    14.5203    38.6941    28.9310 0.0000e+00
    173.000    14.5429     0.1820    98.5517 1.0000e-12 2.1489e+00    172.490    14.5164    38.6967    28.9339 0.0000e+00
    174.000    14.5416     0.1870    98.5646 1.0000e-12 2.1555e+00    172.217    14.5150    38.6994    28.9363 0.0000e+00
    175.000    14.5441     0.1891    98.5230 1.0000e-12 3.6592e+00    172.269    14.5173    38.7015    28.9374 0.0000e+00
    176.000    14.5496     0.1885    98.5576 1.0000e-12 3.7570e+00    172.377    14.5227    38.7060    28.9397 0.0000e+00
    177.000    14.5613     0.1874    98.5646 1.0000e-12 2.7143e+00    172.649    14.5342    38.7139    28.9432 0.0000e+00
    178.000    14.5734     0.1876    98.5674 1.0000e-12 2.1678e+00    172.942    14.5462    38.7202    28.9454 0.0000e+00
    179.000    14.5781     0.1819    98.5632 1.0000e-12 2.4970e+00    172.302    14.5507    38.7222    28.9460 0.0000e+00
    180.000    14.5766     0.1916    98.5653 1.0000e-12 3.5071e+00    172.853    14.5490    38.7221    28.9463 0.0000e+00
    181.000    14.5581     0.1945    98.5570 1.0000e-12 3.1852e+00    172.362    14.5304    38.7183    28.9474 0.0000e+00
    182.000    14.5426     0.1847    98.5615 1.0000e-12 2.3463e+00    172.114    14.5147    38.7161    28.9493 0.0000e+00
    183.000    14.5425     0.1866    98.5437 1.0000e-12 4.5026e+00    171.994    14.5145    38.7162    28.9494 0.0000e+00
    184.000    14.5454     0.1795    98.5565 1.0000e-12 3.7458e+00    172.614    14.5173    38.7176    28.9499 0.0000e+00
    185.000    14.5583     0.1799    98.5668 1.0000e-12 3.0647e+00    172.459    14.5300    38.7246    28.9524 0.0000e+00
    186.000    14.5666     0.1812    98.5606 1.0000e-12 2.6618e+00    172.277    14.5381    38.7276    28.9529 0.0000e+00
    187.000    14.5750     0.1854    98.5683 1.0000e-12 2.8008e+00    172.684    14.5464    38.7313    28.9540 0.0000e+00
    188.000    14.5781     0.1862    98.5664 1.0000e-12 2.6473e+00    172.296    14.5493    38.7337    28.9551 0.0000e+00
    189.000    14.5694     0.1981    98.5621 1.0000e-12 2.2777e+00    172.131    14.5404    38.7327    28.9564 0.0000e+00
    190.000    14.5588     0.1922    98.5721 1.0000e-12 3.9705e+00    172.235    14.5297    38.7318    28.9581 0.0000e+00
    191.000    14.5548     0.1892    98.5647 1.0000e-12 2.7619e+00    171.690    14.5255    38.7312    28.9585 0.0000e+00
    192.000    14.5385     0.1893    98.5707 1.0000e-12 3.3917e+00    171.261    14.5092    38.7280    28.9597 0.0000e+00
    193.000    14.5213     0.1872    98.5765 1.0000e-12 3.0721e+00    171.529    14.4918    38.7258    28.9618 0.0000e+00
    194.000    14.5162     0.1917    98.5777 1.0000e-12 3.7117e+00    171.814    14.4865    38.7255    28.9627 0.0000e+00
    195.000    14.5140     0.1921    98.5721 1.0000e-12 3.1827e+00    171.690    14.4842    38.7261    28.9637 0.0000e+00
    196.000    14.5087     0.1941    98.5673 1.0000e-12 2.5669e+00    171.537    14.4787    38.7267    28.9654 0.0000e+00
    197.000    14.5010     0.1859    98.5862 1.0000e-12 3.0047e+00    171.382    14.4709    38.7260    28.9666 0.0000e+00
    198.000    14.4941     0.1897    98.5856 1.0000e-12 2.1550e+00    171.168    14.4639    38.7255    28.9678 0.0000e+00
    199.000    14.4894     0.1909    98.6002 1.0000e-12 3.5765e+00    171.193    14.4591    38.7256    28.9689 0.0000e+00
    200.000    14.4883     0.1918    98.5941 1.0000e-12 2.2532e+00    170.763    14.4577    38.7256    28.9692 0.0000e+00
    201.000    14.4876     0.1951    98.5927 1.0000e-12 2.4215e+00    170.964    14.4570    38.7260    28.9697 0.0000e+00
    202.000    14.4863     0.1858    98.5834 1.0000e-12 2.1568e+00    171.009    14.4554    38.7266    28.9705 0.0000e+00
    203.000    14.4858     0.1853    98.6036 1.0000e-12 4.0738e+00    170.944    14.4548    38.7273    28.9712 0.0000e+00
    204.000    14.4860     0.1879    98.6112 1.0000e-12 2.7812e+00    171.012    14.4548    38.7281    28.9718 0.0000e+00
    205.000    14.4868     0.1904    98.6019 1.0000e-12 2.8699e+00    170.976    14.4555    38.7292    28.9725 0.0000e+00
    206.000    14.4902     0.1851    98.6037 1.0000e-12 2.8270e+00    170.962    14.4587    38.7323    28.9742 0.0000e+00
    207.000    14.4954     0.1891    98.6072 1.0000e-12 2.3160e+00    171.075    14.4637    38.7351    28.9753 0.0000e+00
    208.000    14.4942     0.1842    98.6055 -9.990e-29 3.3540e+00    170.766    14.4624    38.7357    28.9760 0.0000e+00
    209.000    14.4900     0.1890    98.6000 1.0000e-12 2.2088e+00    170.546    14.4580    38.7362    28.9774 0.0000e+00
    210.000    14.4847     0.1888    98.6037 1.0000e-12 2.6653e+00    170.735    14.4526    38.7369    28.9791 0.0000e+00
    211.000    14.4843     0.1890    98.6037 1.0000e-12 3.1325e+00    170.260    14.4520    38.7377    28.9799 0.0000e+00
    212.000    14.4893     0.1865    98.6114 1.0000e-12 3.8416e+00    170.532    14.4569    38.7410    28.9813 0.0000e+00
    213.000    14.4906     0.1827    98.6012 1.0000e-12 2.6580e+00    170.530    14.4581    38.7427    28.9824 0.0000e+00
    214.000    14.4907     0.1810    98.6201 1.0000e-12 3.3261e+00    170.294    14.4580    38.7435    28.9830 0.0000e+00
    215.000    14.4962     0.1862    98.6142 1.0000e-12 3.0350e+00    170.225    14.4634    38.7469    28.9845 0.0000e+00
    216.000    14.5011     0.1924    98.6090 1.0000e-12 1.6237e+00    170.857    14.4680    38.7494    28.9854 0.0000e+00
    217.000    14.5005     0.1898    98.6037 1.0000e-12 2.7508e+00    170.550    14.4674    38.7496    28.9856 0.0000e+00
    218.000    14.4944     0.1878    98.6037 1.0000e-12 3.2877e+00    170.045    14.4611    38.7486    28.9863 0.0000e+00
    219.000    14.4884     0.1935    98.6037 1.0000e-12 1.7823e+00    170.223    14.4549    38.7479    28.9871 0.0000e+00
    220.000    14.4848     0.1928    98.6037 1.0000e-12 2.0324e+00    170.200    14.4512    38.7471    28.9873 0.0000e+00
    221.000    14.4808     0.1913    98.6037 1.0000e-12 4.1124e+00    169.937    14.4470    38.7464    28.9877 0.0000e+00
    222.000    14.4776     0.1863    98.6037 -9.990e-29 3.2872e+00    169.970    14.4437    38.7465    28.9885 0.0000e+00
    223.000    14.4775     0.1849    98.6115 1.0000e-12 1.8788e+00    169.912    14.4434    38.7486    28.9902 0.0000e+00
    224.000    14.4827     0.1828    98.6130 1.0000e-12 2.0598e+00    170.105    14.4485    38.7515    28.9913 0.0000e+00
    225.000    14.4816     0.1850    98.6141 1.0000e-12 3.6916e+00    169.959    14.4473    38.7516    28.9916 0.0000e+00
    226.000    14.4816     0.1901    98.6153 1.0000e-12 1.7283e+00    170.117    14.4471    38.7530    28.9928 0.0000e+00
    227.000    14.4857     0.1884    98.6221 1.0000e-12 3.0964e+00    169.729    14.4510    38.7550    28.9935 0.0000e+00
    228.000    14.4893     0.1882    98.6223 1.0000e-12 2.8183e+00    169.741    14.4545    38.7572    28.9944 0.0000e+00
    229.000    14.4921     0.1920    98.6262 1.0000e-12 3.1037e+00    169.898    14.4571    38.7583    28.9946 0.0000e+00
    230.000    14.4890     0.1909    98.6132 1.0000e-12 4.1015e+00    169.664    14.4538    38.7578    28.9950 0.0000e+00
    231.000    14.4847     0.1917    98.6156 1.0000e-12 2.7022e+00    168.988    14.4494    38.7568    28.9952 0.0000e+00
    232.000    14.4672     0.1942    98.6140 1.0000e-12 2.7216e+00    169.256    14.4318    38.7535    28.9966 0.0000e+00
    233.000    14.4561     0.1914    98.6231 1.0000e-12 2.0053e+00    169.590    14.4205    38.7520    28.9980 0.0000e+00
    234.000    14.4610     0.1854    98.6268 1.0000e-12 2.3868e+00    169.321    14.4253    38.7547    28.9990 0.0000e+00
    235.000    14.4653     0.1859    98.6106 1.0000e-12 3.5693e+00    169.716    14.4294    38.7569    28.9997 0.0000e+00
    236.000    14.4739     0.1865    98.6287 1.0000e-12 1.9105e+00    169.836    14.4378    38.7610    29.0010 0.0000e+00
    237.000    14.4735     0.1919    98.6291 1.0000e-12 3.2478e+00    169.399    14.4373    38.7614    29.0015 0.0000e+00
    238.000    14.4699     0.1888    98.6298 1.0000e-12 2.9531e+00    169.156    14.4336    38.7605    29.0016 0.0000e+00
    239.000    14.4600     0.1951    98.6298 1.0000e-12 2.6851e+00    169.267    14.4235    38.7592    29.0028 0.0000e+00
    240.000    14.4594     0.1956    98.6298 1.0000e-12 2.6462e+00    169.471    14.4228    38.7594    29.0031 0.0000e+00
    241.000    14.4475     0.1870    98.6304 1.0000e-12 2.8368e+00    169.276    14.4108    38.7570    29.0039 0.0000e+00
    242.000    14.4381     0.1847    98.6201 1.0000e-12 3.5166e+00    169.036    14.4012    38.7555    29.0049 0.0000e+00
    243.000    14.4321     0.1834    98.6327 1.0000e-12 2.8521e+00    168.900    14.3950    38.7548    29.0057 0.0000e+00
    244.000    14.4334     0.1888    98.6323 1.0000e-12 2.1671e+00    169.190    14.3962    38.7567    29.0070 0.0000e+00
    245.000    14.4362     0.1912    98.6310 1.0000e-12 3.2874e+00    169.283    14.3989    38.7586    29.0078 0.0000e+00
    246.000    14.4331     0.1884    98.6372 1.0000e-12 2.0158e+00    168.570    14.3956    38.7583    29.0083 0.0000e+00
    247.000    14.4287     0.1910    98.6367 1.0000e-12 2.2389e+00    168.374    14.3910    38.7577    29.0088 0.0000e+00
    248.000    14.4264     0.1912    98.6321 1.0000e-12 2.5657e+00    168.431    14.3886    38.7577    29.0094 0.0000e+00
    249.000    14.4263     0.1875    98.6150 1.0000e-12 2.7949e+00    168.664    14.3883    38.7585    29.0100 0.0000e+00
    250.000    14.4275     0.1851    98.6293 1.0000e-12 3.7979e+00    168.914    14.3894    38.7596    29.0106 0.0000e+00
    251.000    14.4286     0.1841    98.6396 1.0000e-12 2.7512e+00    168.685    14.3903    38.7605    29.0112 0.0000e+00
    252.000    14.4252     0.1851    98.6431 1.0000e-12 3.2117e+00    168.485    14.3868    38.7605    29.0120 0.0000e+00
    253.000    14.4232     0.1885    98.6262 1.0000e-12 3.4772e+00    168.500    14.3846    38.7611    29.0129 0.0000e+00
    254.000    14.4219     0.1920    98.6501 1.0000e-12 2.4524e+00    168.784    14.3832    38.7614    29.0135 0.0000e+00
    255.000    14.4185     0.1819    98.6449 1.0000e-12 2.9851e+00    168.376    14.3796    38.7613    29.0141 0.0000e+00
    256.000    14.4149     0.1863    98.6452 1.0000e-12 3.1041e+00    168.302    14.3759    38.7611    29.0148 0.0000e+00
    257.000    14.4119     0.1853    98.6479 1.0000e-12 1.7019e+00    167.798    14.3727    38.7607    29.0152 0.0000e+00
    258.000    14.4108     0.1875    98.6500 1.0000e-12 2.3802e+00    168.284    14.3715    38.7607    29.0155 0.0000e+00
    259.000    14.4100     0.1880    98.6329 1.0000e-12 2.7685e+00    168.489    14.3705    38.7607    29.0157 0.0000e+00
    260.000    14.4089     0.1906    98.6339 1.0000e-12 2.0750e+00    168.447    14.3692    38.7609    29.0161 0.0000e+00
    261.000    14.4061     0.1908    98.6499 1.0000e-12 3.3851e+00    168.228    14.3663    38.7613    29.0170 0.0000e+00
    262.000    14.4019     0.1887    98.6485 1.0000e-12 3.4023e+00    168.143    14.3620    38.7611    29.0179 0.0000e+00
