Data/ruptures/PEACETIME/TYR/PEACETIME_TYR_CTD_028.cnv
* Sea-Bird SBE 9 Data File:
* FileName = C:\CTD\rawCTD\PEACETIME_TYR_CTD_028.hdr
* Software Version Seasave V 7.23.2
* Temperature SN = 1378
* Conductivity SN = 2929
* Number of Bytes Per Scan = 34
* Number of Voltage Words = 5
* Number of Scans Averaged by the Deck Unit = 1
* NMEA Latitude = 39 20.37 N
* NMEA Longitude = 012 35.58 E
* NMEA UTC (Time) = May 20 2017  18:55:42
* NMEA baud rate = 4800
** Cruise:   PEACETIME
** Station:   TYR_CTD_028
# nquan = 11
# nvalues = 203                         
# units = specified
# name 0 = prDM: Pressure, Digiquartz [db]
# name 1 = t090C: Temperature [ITS-90, deg C]
# name 2 = flC: Fluorescence, Chelsea Aqua 3 Chl Con [ug/l]
# name 3 = CStarTr0: Beam Transmission, WET Labs C-Star [%]
# name 4 = par: PAR/Irradiance, Biospherical/Licor
# name 5 = spar: SPAR/Surface Irradiance
# name 6 = sbeox0Mm/Kg: Oxygen, SBE 43 [umol/kg]
# name 7 = potemp090C: Potential Temperature [ITS-90, deg C]
# name 8 = sal00: Salinity, Practical [PSU]
# name 9 = sigma-é00: Density [sigma-theta, kg/m^3]
# name 10 = flag:
# span 0 =      3.000,    205.000       
# span 1 =    14.4737,    19.8047       
# span 2 =     0.1821,     0.4999       
# span 3 =    95.0546,    98.4109       
# span 4 = -5.337e-06, 1.4781e-01       
# span 5 = 1.0868e+00, 5.2363e+00       
# span 6 =    170.647,    245.277       
# span 7 =    14.4567,    19.8029       
# span 8 =    37.8844,    38.7581       
# span 9 =    27.0849,    28.9779       
# span 10 = 0.0000e+00, 0.0000e+00      
# interval = decibars: 1                
# start_time = May 20 2017 18:55:42 [NMEA time, header]
# bad_flag = -9.990e-29
*END*
      3.000    19.7909     0.2117    96.7000 1.4781e-01 3.4816e+00    219.209    19.7903    37.9742    27.0885 0.0000e+00
      4.000    19.7950     0.2087    96.7778 8.4075e-02 2.8103e+00    219.326    19.7942    37.9744    27.0875 0.0000e+00
      5.000    19.7996     0.2089    96.7929 6.3281e-02 3.0568e+00    219.218    19.7986    37.9739    27.0860 0.0000e+00
      6.000    19.8004     0.2129    96.7787 4.0509e-02 3.8263e+00    219.447    19.7993    37.9740    27.0859 0.0000e+00
      7.000    19.8031     0.2033    96.7883 4.1057e-02 3.2966e+00    219.387    19.8018    37.9741    27.0853 0.0000e+00
      8.000    19.8016     0.2021    96.7955 2.6051e-02 3.7208e+00    219.236    19.8001    37.9744    27.0860 0.0000e+00
      9.000    19.8044     0.2074    96.8050 1.9396e-02 1.8914e+00    219.092    19.8028    37.9741    27.0851 0.0000e+00
     10.000    19.8047     0.2045    96.7759 1.7017e-02 2.8217e+00    219.669    19.8029    37.9739    27.0849 0.0000e+00
     11.000    19.8034     0.2015    96.7910 6.0669e-03 2.5579e+00    220.047    19.8014    37.9738    27.0852 0.0000e+00
     12.000    19.8040     0.1991    96.7916 8.3037e-03 2.7631e+00    219.435    19.8017    37.9740    27.0852 0.0000e+00
     13.000    19.8038     0.2046    96.7906 2.4302e-03 2.6904e+00    219.635    19.8014    37.9741    27.0854 0.0000e+00
     14.000    19.7971     0.1990    96.7793 2.5679e-04 2.0181e+00    219.300    19.7945    37.9737    27.0869 0.0000e+00
     15.000    19.7743     0.2003    96.7846 2.0608e-04 2.5621e+00    219.277    19.7716    37.9697    27.0900 0.0000e+00
     16.000    19.6790     0.2085    96.7883 -5.337e-06 2.8351e+00    219.388    19.6760    37.9676    27.1138 0.0000e+00
     17.000    19.5100     0.2052    96.7465 1.0000e-12 2.2319e+00    220.270    19.5069    37.9549    27.1489 0.0000e+00
     18.000    19.3187     0.2101    96.7564 1.0000e-12 2.1243e+00    220.275    19.3154    37.9434    27.1904 0.0000e+00
     19.000    19.0713     0.2091    96.8026 1.0000e-12 3.6851e+00    222.015    19.0678    37.9375    27.2507 0.0000e+00
     20.000    18.8865     0.2117    96.8663 1.0000e-12 2.5081e+00    221.558    18.8829    37.9379    27.2990 0.0000e+00
     21.000    18.3825     0.2087    96.8945 1.0000e-12 3.4973e+00    221.289    18.3788    37.9087    27.4058 0.0000e+00
     22.000    17.7826     0.2093    96.9020 1.0000e-12 2.6919e+00    225.970    17.7788    37.8844    27.5385 0.0000e+00
     23.000    17.5579     0.2024    96.9594 1.0000e-12 4.0966e+00    230.460    17.5539    37.9359    27.6339 0.0000e+00
     24.000    17.6949     0.2037    96.9529 1.0000e-12 3.9820e+00    228.282    17.6908    38.0835    27.7133 0.0000e+00
     25.000    17.4426     0.2045    96.9733 1.0000e-12 2.7371e+00    229.673    17.4384    38.0473    27.7481 0.0000e+00
     26.000    17.3040     0.2053    96.9269 1.0000e-12 2.0298e+00    231.374    17.2995    38.0705    27.8001 0.0000e+00
     27.000    17.2381     0.2043    96.8903 1.0000e-12 3.3831e+00    232.131    17.2336    38.1083    27.8454 0.0000e+00
     28.000    17.2400     0.2067    96.9020 1.0000e-12 3.3816e+00    233.021    17.2352    38.1117    27.8475 0.0000e+00
     29.000    17.2152     0.2099    96.8779 1.0000e-12 2.2606e+00    233.113    17.2103    38.1147    27.8559 0.0000e+00
     30.000    17.1917     0.2085    96.8519 1.0000e-12 2.3805e+00    232.920    17.1866    38.1167    27.8633 0.0000e+00
     31.000    17.1733     0.2108    96.8550 1.0000e-12 3.1043e+00    233.309    17.1681    38.1174    27.8683 0.0000e+00
     32.000    17.1556     0.2114    96.8189 1.0000e-12 3.0288e+00    232.318    17.1502    38.1196    27.8744 0.0000e+00
     33.000    16.7865     0.2089    96.7673 1.0000e-12 4.0628e+00    234.402    16.7810    38.1146    27.9600 0.0000e+00
     34.000    16.3956     0.2134    96.6074 1.0000e-12 4.4409e+00    237.965    16.3900    38.1275    28.0638 0.0000e+00
     35.000    16.2131     0.2163    96.5983 1.0000e-12 1.0868e+00    239.773    16.2074    38.1251    28.1051 0.0000e+00
     36.000    16.1539     0.2086    96.5901 1.0000e-12 3.8882e+00    240.943    16.1481    38.1330    28.1252 0.0000e+00
     37.000    15.8525     0.2078    96.5350 1.0000e-12 2.7712e+00    241.191    15.8465    38.1621    28.2183 0.0000e+00
     38.000    15.6891     0.2162    96.6383 1.0000e-12 3.0972e+00    244.219    15.6831    38.1882    28.2764 0.0000e+00
     39.000    15.7076     0.2152    96.6574 1.0000e-12 3.3936e+00    244.454    15.7014    38.1899    28.2735 0.0000e+00
     40.000    15.6005     0.2166    96.6372 1.0000e-12 3.2456e+00    244.070    15.5942    38.1986    28.3050 0.0000e+00
     41.000    15.5324     0.2182    96.5960 1.0000e-12 2.8476e+00    245.277    15.5259    38.2079    28.3279 0.0000e+00
     42.000    15.5253     0.2229    96.6379 1.0000e-12 2.8565e+00    244.504    15.5186    38.2069    28.3288 0.0000e+00
     43.000    15.4018     0.2206    96.6287 1.0000e-12 1.8054e+00    241.270    15.3950    38.1971    28.3496 0.0000e+00
     44.000    15.2964     0.2244    96.7197 1.0000e-12 2.8225e+00    240.988    15.2895    38.2011    28.3768 0.0000e+00
     45.000    15.3173     0.2272    96.7245 1.0000e-12 4.0075e+00    241.849    15.3102    38.2000    28.3713 0.0000e+00
     46.000    15.2346     0.2246    96.7944 1.0000e-12 2.5773e+00    240.981    15.2274    38.1990    28.3894 0.0000e+00
     47.000    15.2373     0.2246    96.8165 1.0000e-12 2.8508e+00    242.126    15.2300    38.2151    28.4012 0.0000e+00
     48.000    15.2312     0.2272    96.8770 1.0000e-12 2.9424e+00    242.662    15.2237    38.2244    28.4099 0.0000e+00
     49.000    15.1601     0.2413    96.8801 1.0000e-12 3.1356e+00    241.024    15.1524    38.2223    28.4244 0.0000e+00
     50.000    15.0961     0.2331    96.8462 1.0000e-12 3.0180e+00    241.113    15.0883    38.2267    28.4424 0.0000e+00
     51.000    15.0670     0.2332    96.8254 1.0000e-12 2.2609e+00    241.010    15.0591    38.2299    28.4514 0.0000e+00
     52.000    15.0723     0.2293    96.8146 1.0000e-12 4.8873e+00    240.707    15.0643    38.2278    28.4486 0.0000e+00
     53.000    15.0369     0.2311    96.9607 1.0000e-12 3.4946e+00    239.387    15.0286    38.2311    28.4592 0.0000e+00
     54.000    14.9996     0.2291    96.9960 1.0000e-12 3.6032e+00    238.933    14.9913    38.2295    28.4664 0.0000e+00
     55.000    14.9843     0.2302    97.0076 1.0000e-12 3.1712e+00    239.001    14.9758    38.2314    28.4714 0.0000e+00
     56.000    15.0755     0.2318    96.9534 1.0000e-12 3.4966e+00    239.447    15.0668    38.2259    28.4466 0.0000e+00
     57.000    15.0217     0.2320    96.9735 1.0000e-12 3.1108e+00    238.195    15.0129    38.2222    28.4559 0.0000e+00
     58.000    14.9218     0.2329    97.0590 1.0000e-12 3.0890e+00    237.667    14.9129    38.2368    28.4897 0.0000e+00
     59.000    14.8955     0.2386    97.0680 1.0000e-12 2.9869e+00    236.474    14.8864    38.2376    28.4963 0.0000e+00
     60.000    14.8717     0.2364    97.0682 1.0000e-12 2.8453e+00    234.462    14.8625    38.2391    28.5029 0.0000e+00
     61.000    14.8572     0.2434    96.8798 1.0000e-12 4.0277e+00    233.063    14.8478    38.2400    28.5068 0.0000e+00
     62.000    14.8397     0.2661    96.4076 1.0000e-12 3.1469e+00    233.268    14.8302    38.2387    28.5097 0.0000e+00
     63.000    14.8237     0.2828    96.2231 1.0000e-12 4.0100e+00    232.826    14.8140    38.2381    28.5129 0.0000e+00
     64.000    14.7812     0.2938    96.1970 1.0000e-12 2.7596e+00    231.952    14.7714    38.2392    28.5233 0.0000e+00
     65.000    14.7696     0.2821    96.4491 1.0000e-12 3.1706e+00    230.360    14.7596    38.2459    28.5311 0.0000e+00
     66.000    14.7544     0.2843    96.2498 1.0000e-12 2.8232e+00    231.477    14.7443    38.2455    28.5342 0.0000e+00
     67.000    14.7445     0.3025    96.1391 1.0000e-12 2.4248e+00    231.272    14.7343    38.2458    28.5367 0.0000e+00
     68.000    14.7282     0.3082    96.1437 1.0000e-12 3.4747e+00    231.051    14.7178    38.2451    28.5398 0.0000e+00
     69.000    14.7201     0.2975    96.3540 1.0000e-12 3.2897e+00    230.320    14.7095    38.2481    28.5440 0.0000e+00
     70.000    14.7227     0.2794    96.6065 1.0000e-12 2.9313e+00    228.435    14.7120    38.2547    28.5486 0.0000e+00
     71.000    14.7061     0.2780    96.6908 1.0000e-12 3.2182e+00    229.567    14.6953    38.2541    28.5519 0.0000e+00
     72.000    14.6891     0.2846    96.5020 1.0000e-12 2.8215e+00    230.388    14.6781    38.2530    28.5548 0.0000e+00
     73.000    14.6757     0.3080    96.0632 1.0000e-12 1.7484e+00    227.264    14.6646    38.2604    28.5635 0.0000e+00
     74.000    14.6766     0.3363    95.7656 1.0000e-12 3.2562e+00    224.935    14.6653    38.2679    28.5691 0.0000e+00
     75.000    14.6782     0.4266    95.2093 1.0000e-12 2.9149e+00    223.236    14.6667    38.2715    28.5716 0.0000e+00
     76.000    14.6851     0.4051    95.7808 1.0000e-12 3.4988e+00    219.839    14.6735    38.2829    28.5790 0.0000e+00
     77.000    14.6712     0.3640    95.9269 1.0000e-12 2.9518e+00    219.491    14.6594    38.2855    28.5841 0.0000e+00
     78.000    14.6576     0.3600    95.9820 1.0000e-12 3.1606e+00    220.638    14.6457    38.2824    28.5847 0.0000e+00
     79.000    14.6384     0.4699    95.0546 1.0000e-12 3.7669e+00    215.986    14.6263    38.2941    28.5981 0.0000e+00
     80.000    14.6419     0.4999    95.9534 1.0000e-12 3.7636e+00    213.267    14.6297    38.3059    28.6065 0.0000e+00
     81.000    14.6386     0.4471    95.8800 1.0000e-12 2.9303e+00    213.827    14.6262    38.3040    28.6058 0.0000e+00
     82.000    14.6365     0.4400    96.2597 1.0000e-12 3.0552e+00    210.088    14.6240    38.3175    28.6167 0.0000e+00
     83.000    14.6442     0.4195    96.4265 1.0000e-12 2.8232e+00    208.914    14.6315    38.3247    28.6206 0.0000e+00
     84.000    14.6454     0.4036    96.5508 1.0000e-12 2.7442e+00    207.673    14.6326    38.3246    28.6203 0.0000e+00
     85.000    14.6215     0.3984    96.7117 -9.990e-29 2.8748e+00    205.593    14.6086    38.3336    28.6326 0.0000e+00
     86.000    14.6280     0.3869    96.8200 1.0000e-12 2.7399e+00    203.896    14.6148    38.3443    28.6395 0.0000e+00
     87.000    14.6299     0.3606    97.0347 1.0000e-12 3.1165e+00    202.147    14.6166    38.3531    28.6459 0.0000e+00
     88.000    14.6935     0.3613    97.0287 1.0000e-12 3.7090e+00    197.809    14.6800    38.3865    28.6576 0.0000e+00
     89.000    14.7199     0.3469    97.0823 1.0000e-12 3.1887e+00    196.262    14.7063    38.3963    28.6593 0.0000e+00
     90.000    14.6931     0.3324    97.1897 1.0000e-12 3.0689e+00    196.291    14.6793    38.3932    28.6629 0.0000e+00
     91.000    14.6322     0.3212    97.3419 1.0000e-12 2.9231e+00    196.732    14.6183    38.3864    28.6712 0.0000e+00
     92.000    14.6469     0.2929    97.4448 1.0000e-12 2.6121e+00    194.406    14.6328    38.4055    28.6828 0.0000e+00
     93.000    14.6565     0.2933    97.5069 1.0000e-12 3.3960e+00    192.692    14.6423    38.4166    28.6892 0.0000e+00
     94.000    14.6527     0.2917    97.5881 1.0000e-12 3.3332e+00    192.166    14.6384    38.4223    28.6945 0.0000e+00
     95.000    14.6615     0.2834    97.6358 1.0000e-12 3.1750e+00    191.252    14.6469    38.4320    28.7001 0.0000e+00
     96.000    14.6772     0.2795    97.6922 1.0000e-12 3.7500e+00    188.913    14.6625    38.4531    28.7130 0.0000e+00
     97.000    14.6782     0.2760    97.7773 1.0000e-12 3.1470e+00    187.690    14.6634    38.4649    28.7219 0.0000e+00
     98.000    14.6850     0.2661    97.7896 1.0000e-12 3.5202e+00    187.460    14.6700    38.4715    28.7255 0.0000e+00
     99.000    14.6875     0.2612    97.8564 1.0000e-12 2.7901e+00    186.767    14.6723    38.4742    28.7270 0.0000e+00
    100.000    14.6856     0.2571    97.8915 1.0000e-12 2.6518e+00    186.129    14.6702    38.4798    28.7319 0.0000e+00
    101.000    14.6806     0.2632    97.9054 1.0000e-12 3.5121e+00    186.483    14.6651    38.4811    28.7340 0.0000e+00
    102.000    14.6817     0.2552    97.8826 1.0000e-12 4.0460e+00    186.510    14.6661    38.4829    28.7352 0.0000e+00
    103.000    14.6480     0.2467    97.9472 1.0000e-12 3.5085e+00    187.117    14.6322    38.4928    28.7504 0.0000e+00
    104.000    14.6178     0.2427    97.9715 1.0000e-12 4.2967e+00    188.253    14.6019    38.4905    28.7554 0.0000e+00
    105.000    14.6211     0.2443    97.9713 1.0000e-12 2.6036e+00    188.103    14.6051    38.4908    28.7549 0.0000e+00
    106.000    14.6037     0.2502    97.9771 1.0000e-12 5.2363e+00    188.501    14.5875    38.4870    28.7559 0.0000e+00
    107.000    14.5601     0.2437    97.9672 1.0000e-12 4.0772e+00    189.584    14.5438    38.4819    28.7616 0.0000e+00
    108.000    14.5452     0.2395    98.0066 1.0000e-12 2.9016e+00    190.138    14.5288    38.4811    28.7644 0.0000e+00
    109.000    14.5023     0.2430    98.0344 1.0000e-12 3.5269e+00    190.976    14.4858    38.4735    28.7680 0.0000e+00
    110.000    14.4947     0.2359    98.0381 1.0000e-12 3.0678e+00    191.259    14.4780    38.4805    28.7752 0.0000e+00
    111.000    14.4895     0.2367    98.0527 1.0000e-12 2.6580e+00    191.675    14.4727    38.4811    28.7768 0.0000e+00
    112.000    14.4737     0.2279    98.0605 1.0000e-12 3.5954e+00    191.462    14.4567    38.4829    28.7817 0.0000e+00
    113.000    14.4865     0.2309    98.0960 1.0000e-12 3.5382e+00    190.466    14.4693    38.4924    28.7863 0.0000e+00
    114.000    14.5074     0.2247    98.1544 1.0000e-12 3.8976e+00    189.417    14.4901    38.5014    28.7887 0.0000e+00
    115.000    14.5471     0.2190    98.1798 1.0000e-12 3.8025e+00    187.608    14.5296    38.5280    28.8005 0.0000e+00
    116.000    14.5371     0.2175    98.1499 1.0000e-12 3.9292e+00    187.232    14.5195    38.5272    28.8021 0.0000e+00
    117.000    14.5764     0.2182    98.1957 1.0000e-12 4.4705e+00    185.497    14.5585    38.5438    28.8062 0.0000e+00
    118.000    14.5787     0.2185    98.2101 1.0000e-12 2.0158e+00    185.169    14.5607    38.5486    28.8095 0.0000e+00
    119.000    14.6078     0.2147    98.2326 1.0000e-12 2.7288e+00    183.138    14.5896    38.5715    28.8208 0.0000e+00
    120.000    14.6221     0.2180    98.2336 1.0000e-12 3.1635e+00    182.982    14.6037    38.5781    28.8227 0.0000e+00
    121.000    14.6345     0.2104    98.2455 -9.990e-29 3.7099e+00    182.460    14.6160    38.5879    28.8276 0.0000e+00
    122.000    14.6525     0.1984    98.2666 1.0000e-12 2.4634e+00    182.041    14.6338    38.6010    28.8337 0.0000e+00
    123.000    14.6706     0.2106    98.2544 1.0000e-12 2.3296e+00    181.793    14.6518    38.6112    28.8376 0.0000e+00
    124.000    14.6805     0.2080    98.2623 1.0000e-12 4.3516e+00    181.699    14.6615    38.6160    28.8392 0.0000e+00
    125.000    14.6955     0.2033    98.2601 1.0000e-12 3.2146e+00    181.441    14.6763    38.6257    28.8433 0.0000e+00
    126.000    14.7011     0.2037    98.2591 1.0000e-12 3.1201e+00    181.145    14.6818    38.6324    28.8473 0.0000e+00
    127.000    14.7126     0.2009    98.2520 1.0000e-12 2.5451e+00    180.681    14.6930    38.6391    28.8500 0.0000e+00
    128.000    14.7203     0.1986    98.2488 1.0000e-12 3.4603e+00    180.552    14.7006    38.6432    28.8514 0.0000e+00
    129.000    14.7263     0.2006    98.2465 1.0000e-12 3.0509e+00    180.765    14.7065    38.6464    28.8526 0.0000e+00
    130.000    14.7359     0.2001    98.2495 1.0000e-12 4.2692e+00    180.442    14.7159    38.6524    28.8551 0.0000e+00
    131.000    14.7402     0.2002    98.2462 1.0000e-12 3.7944e+00    180.212    14.7200    38.6545    28.8558 0.0000e+00
    132.000    14.7268     0.2006    98.2408 1.0000e-12 2.9283e+00    180.095    14.7064    38.6539    28.8584 0.0000e+00
    133.000    14.7139     0.1942    98.2430 1.0000e-12 3.4369e+00    179.592    14.6935    38.6545    28.8617 0.0000e+00
