Data/ruptures/PEACETIME/FAST/PEACETIME_FAST_CTD_075.cnv
* Sea-Bird SBE 9 Data File:
* FileName = C:\CTD\rawCTD\PEACETIME_FAST_CTD_075.hdr
* Software Version Seasave V 7.23.2
* Temperature SN = 1378
* Conductivity SN = 2929
* Number of Bytes Per Scan = 38
* Number of Voltage Words = 5
* Number of Scans Averaged by the Deck Unit = 1
* NMEA Latitude = 37 56.79 N
* NMEA Longitude = 002 55.01 E
* NMEA UTC (Time) = Jun 06 2017  04:37:41
* NMEA baud rate = 4800
** Cruise:   PEACETIME
** Station:   FAST_CTD_075
# nquan = 11
# nvalues = 2822                        
# units = specified
# name 0 = prDM: Pressure, Digiquartz [db]
# name 1 = t090C: Temperature [ITS-90, deg C]
# name 2 = flC: Fluorescence, Chelsea Aqua 3 Chl Con [ug/l]
# name 3 = CStarTr0: Beam Transmission, WET Labs C-Star [%]
# name 4 = par: PAR/Irradiance, Biospherical/Licor
# name 5 = spar: SPAR/Surface Irradiance
# name 6 = sbeox0Mm/Kg: Oxygen, SBE 43 [umol/kg]
# name 7 = potemp090C: Potential Temperature [ITS-90, deg C]
# name 8 = sal00: Salinity, Practical [PSU]
# name 9 = sigma-é00: Density [sigma-theta, kg/m^3]
# name 10 = flag:
# span 0 =      2.000,   2823.000       
# span 1 =    13.1244,    21.3350       
# span 2 =     0.1702,     0.3354       
# span 3 =    95.4736,    98.3430       
# span 4 = -9.482e-06, 1.5477e+01       
# span 5 = 6.3399e+01, 1.2977e+03       
# span 6 =    152.508,    238.807       
# span 7 =    12.9040,    21.3333       
# span 8 =    36.9983,    38.5923       
# span 9 =    25.9798,    29.1161       
# span 10 = 0.0000e+00, 0.0000e+00      
# interval = decibars: 1                
# start_time = Jun 06 2017 04:38:39 [NMEA time, first data scan]
# bad_flag = -9.990e-29
*END*
[from data line 1968]
   1970.000    13.2044     0.1788    98.3271 1.0000e-12 1.0499e+03    178.329    12.9049    38.4818    29.1130 0.0000e+00
   1971.000    13.2045     0.1826    98.3272 -9.990e-29 1.0507e+03    178.439    12.9049    38.4818    29.1130 0.0000e+00
   1972.000    13.2046     0.1849    98.3220 -9.990e-29 1.0484e+03    178.212    12.9048    38.4818    29.1131 0.0000e+00
   1973.000    13.2047     0.1865    98.3313 -9.990e-29 1.0461e+03    178.247    12.9047    38.4819    29.1132 0.0000e+00
   1974.000    13.2049     0.1851    98.3225 -9.990e-29 1.0465e+03    178.338    12.9048    38.4819    29.1131 0.0000e+00
   1975.000    13.2050     0.1843    98.3213 -9.990e-29 1.0454e+03    178.331    12.9047    38.4819    29.1132 0.0000e+00
   1976.000    13.2052     0.1818    98.3265 -9.990e-29 1.0458e+03    178.165    12.9048    38.4818    29.1131 0.0000e+00
   1977.000    13.2054     0.1835    98.3263 -9.990e-29 1.0549e+03    178.296    12.9048    38.4817    29.1130 0.0000e+00
   1978.000    13.2055     0.1841    98.3292 -9.990e-29 1.0585e+03    178.439    12.9047    38.4818    29.1131 0.0000e+00
   1979.000    13.2056     0.1814    98.3287 -9.990e-29 1.0596e+03    178.176    12.9047    38.4818    29.1131 0.0000e+00
   1980.000    13.2057     0.1781    98.3215 -9.990e-29 1.0487e+03    178.259    12.9046    38.4819    29.1132 0.0000e+00
   1981.000    13.2060     0.1836    98.3257 -9.990e-29 1.0421e+03    178.580    12.9047    38.4818    29.1131 0.0000e+00
   1982.000    13.2061     0.1819    98.3239 -9.990e-29 1.0483e+03    178.688    12.9047    38.4818    29.1130 0.0000e+00
   1983.000    13.2063     0.1853    98.3345 -9.990e-29 1.0560e+03    178.736    12.9047    38.4817    29.1130 0.0000e+00
   1984.000    13.2064     0.1855    98.3246 -9.990e-29 1.0583e+03    178.573    12.9047    38.4818    29.1131 0.0000e+00
   1985.000    13.2067     0.1826    98.3287 -9.990e-29 1.0609e+03    178.312    12.9047    38.4818    29.1131 0.0000e+00
   1986.000    13.2068     0.1858    98.3239 1.0000e-12 1.0544e+03    178.336    12.9047    38.4818    29.1131 0.0000e+00
   1987.000    13.2070     0.1847    98.3256 1.0000e-12 1.0461e+03    178.394    12.9047    38.4819    29.1132 0.0000e+00
   1988.000    13.2070     0.1827    98.3260 1.0000e-12 1.0467e+03    178.267    12.9046    38.4819    29.1132 0.0000e+00
   1989.000    13.2073     0.1808    98.3274 1.0000e-12 1.0561e+03    178.256    12.9047    38.4818    29.1131 0.0000e+00
   1990.000    13.2075     0.1845    98.3187 1.0000e-12 1.0558e+03    178.248    12.9047    38.4819    29.1131 0.0000e+00
   1991.000    13.2075     0.1819    98.3287 -9.990e-29 1.0593e+03    178.084    12.9046    38.4819    29.1132 0.0000e+00
   1992.000    13.2075     0.1817    98.3226 -9.990e-29 1.0580e+03    178.092    12.9045    38.4818    29.1132 0.0000e+00
   1993.000    13.2076     0.1843    98.3271 -9.990e-29 1.0455e+03    178.258    12.9044    38.4819    29.1132 0.0000e+00
   1994.000    13.2079     0.1865    98.3270 -9.990e-29 1.0461e+03    178.355    12.9045    38.4818    29.1131 0.0000e+00
   1995.000    13.2081     0.1850    98.3235 -9.990e-29 1.0557e+03    178.403    12.9045    38.4818    29.1131 0.0000e+00
   1996.000    13.2082     0.1820    98.3225 -9.990e-29 1.0574e+03    178.271    12.9045    38.4819    29.1132 0.0000e+00
   1997.000    13.2084     0.1851    98.3238 -9.990e-29 1.0658e+03    178.382    12.9045    38.4819    29.1132 0.0000e+00
   1998.000    13.2085     0.1876    98.3270 -9.990e-29 1.0596e+03    178.569    12.9044    38.4819    29.1132 0.0000e+00
   1999.000    13.2086     0.1846    98.3306 -9.990e-29 1.0601e+03    178.646    12.9044    38.4820    29.1133 0.0000e+00
   2000.000    13.2088     0.1815    98.3278 -9.990e-29 1.0585e+03    178.644    12.9045    38.4819    29.1132 0.0000e+00
   2001.000    13.2090     0.1819    98.3295 -9.990e-29 1.0592e+03    178.655    12.9045    38.4819    29.1132 0.0000e+00
   2002.000    13.2092     0.1852    98.3266 -9.990e-29 1.0561e+03    178.412    12.9045    38.4820    29.1133 0.0000e+00
   2003.000    13.2094     0.1799    98.3176 -9.990e-29 1.0606e+03    178.299    12.9045    38.4819    29.1132 0.0000e+00
   2004.000    13.2095     0.1771    98.3238 -9.990e-29 1.0635e+03    178.471    12.9044    38.4821    29.1134 0.0000e+00
   2005.000    13.2097     0.1746    98.3188 -9.990e-29 1.0587e+03    178.370    12.9045    38.4819    29.1132 0.0000e+00
   2006.000    13.2098     0.1762    98.3280 -9.990e-29 1.0552e+03    178.431    12.9045    38.4819    29.1132 0.0000e+00
   2007.000    13.2100     0.1789    98.3230 -9.990e-29 1.0546e+03    178.573    12.9045    38.4819    29.1132 0.0000e+00
   2008.000    13.2102     0.1803    98.3260 -9.990e-29 1.0601e+03    178.314    12.9045    38.4820    29.1133 0.0000e+00
   2009.000    13.2105     0.1799    98.3198 -9.990e-29 1.0564e+03    178.399    12.9047    38.4819    29.1132 0.0000e+00
   2010.000    13.2106     0.1822    98.3215 -9.990e-29 1.0571e+03    178.754    12.9046    38.4820    29.1132 0.0000e+00
   2011.000    13.2108     0.1822    98.3241 -9.990e-29 1.0653e+03    178.808    12.9047    38.4820    29.1133 0.0000e+00
   2012.000    13.2110     0.1865    98.3274 -9.990e-29 1.0605e+03    178.442    12.9046    38.4822    29.1134 0.0000e+00
   2013.000    13.2112     0.1910    98.3263 -9.990e-29 1.0633e+03    178.076    12.9047    38.4820    29.1132 0.0000e+00
   2014.000    13.2113     0.1847    98.3253 -9.990e-29 1.0595e+03    178.138    12.9046    38.4819    29.1132 0.0000e+00
   2015.000    13.2115     0.1791    98.3263 -9.990e-29 1.0615e+03    178.354    12.9046    38.4820    29.1132 0.0000e+00
   2016.000    13.2117     0.1830    98.3319 -9.990e-29 1.0603e+03    178.191    12.9047    38.4820    29.1133 0.0000e+00
   2017.000    13.2117     0.1855    98.3219 -9.990e-29 1.0633e+03    178.146    12.9046    38.4822    29.1134 0.0000e+00
   2018.000    13.2120     0.1796    98.3231 -9.990e-29 1.0627e+03    178.072    12.9047    38.4820    29.1133 0.0000e+00
   2019.000    13.2121     0.1810    98.3272 -9.990e-29 1.0637e+03    178.247    12.9046    38.4821    29.1133 0.0000e+00
   2020.000    13.2123     0.1816    98.3292 -9.990e-29 1.0616e+03    178.653    12.9047    38.4819    29.1132 0.0000e+00
   2021.000    13.2123     0.1848    98.3301 -9.990e-29 1.0664e+03    178.582    12.9045    38.4821    29.1134 0.0000e+00
   2022.000    13.2125     0.1833    98.3250 -9.990e-29 1.0619e+03    178.676    12.9045    38.4820    29.1133 0.0000e+00
   2023.000    13.2126     0.1827    98.3267 -9.990e-29 1.0628e+03    178.517    12.9044    38.4821    29.1134 0.0000e+00
   2024.000    13.2128     0.1843    98.3319 -9.990e-29 1.0630e+03    178.436    12.9044    38.4821    29.1134 0.0000e+00
   2025.000    13.2129     0.1832    98.3248 -9.990e-29 1.0598e+03    178.484    12.9044    38.4820    29.1133 0.0000e+00
   2026.000    13.2130     0.1813    98.3241 -9.990e-29 1.0594e+03    178.460    12.9043    38.4821    29.1134 0.0000e+00
   2027.000    13.2132     0.1742    98.3256 1.0000e-12 1.0630e+03    178.318    12.9044    38.4819    29.1133 0.0000e+00
   2028.000    13.2134     0.1810    98.3339 1.0000e-12 1.0660e+03    178.364    12.9045    38.4820    29.1133 0.0000e+00
   2029.000    13.2136     0.1836    98.3240 1.0000e-12 1.0645e+03    178.411    12.9045    38.4820    29.1133 0.0000e+00
   2030.000    13.2137     0.1857    98.3241 1.0000e-12 1.0674e+03    178.471    12.9044    38.4820    29.1133 0.0000e+00
   2031.000    13.2137     0.1818    98.3284 1.0000e-12 1.0608e+03    178.427    12.9043    38.4821    29.1134 0.0000e+00
   2032.000    13.2138     0.1811    98.3245 1.0000e-12 1.0676e+03    178.588    12.9042    38.4820    29.1134 0.0000e+00
   2033.000    13.2141     0.1877    98.3307 1.0000e-12 1.0737e+03    178.724    12.9043    38.4820    29.1133 0.0000e+00
   2034.000    13.2143     0.1865    98.3266 5.0924e-06 1.0687e+03    178.781    12.9043    38.4821    29.1134 0.0000e+00
   2035.000    13.2144     0.1839    98.3238 1.9561e-04 1.0691e+03    178.670    12.9043    38.4821    29.1134 0.0000e+00
   2036.000    13.2146     0.1865    98.3221 -2.788e-07 1.0677e+03    178.399    12.9043    38.4821    29.1134 0.0000e+00
   2037.000    13.2146     0.1824    98.3295 2.6608e-04 1.0674e+03    178.552    12.9042    38.4821    29.1134 0.0000e+00
   2038.000    13.2148     0.1826    98.3235 8.3237e-05 1.0701e+03    178.754    12.9042    38.4821    29.1134 0.0000e+00
   2039.000    13.2150     0.1865    98.3291 1.1958e-04 1.0743e+03    178.683    12.9043    38.4821    29.1134 0.0000e+00
   2040.000    13.2153     0.1826    98.3266 -9.990e-29 1.0719e+03    178.748    12.9044    38.4819    29.1133 0.0000e+00
   2041.000    13.2153     0.1843    98.3230 -9.990e-29 1.0695e+03    178.461    12.9042    38.4820    29.1134 0.0000e+00
   2042.000    13.2155     0.1845    98.3266 -9.990e-29 1.0680e+03    178.235    12.9042    38.4821    29.1134 0.0000e+00
   2043.000    13.2156     0.1838    98.3270 6.6878e-06 1.0688e+03    178.537    12.9042    38.4822    29.1135 0.0000e+00
   2044.000    13.2158     0.1820    98.3252 7.8875e-05 1.0739e+03    178.608    12.9043    38.4821    29.1134 0.0000e+00
   2045.000    13.2160     0.1835    98.3188 2.7581e-05 1.0729e+03    178.340    12.9043    38.4821    29.1134 0.0000e+00
   2046.000    13.2161     0.1808    98.3288 -8.636e-08 1.0739e+03    178.203    12.9042    38.4822    29.1135 0.0000e+00
   2047.000    13.2164     0.1815    98.3251 1.0000e-12 1.0719e+03    178.284    12.9043    38.4822    29.1134 0.0000e+00
   2048.000    13.2165     0.1853    98.3289 1.0000e-12 1.0704e+03    178.388    12.9042    38.4821    29.1135 0.0000e+00
   2049.000    13.2166     0.1897    98.3297 5.5284e-05 1.0710e+03    178.475    12.9042    38.4822    29.1135 0.0000e+00
   2050.000    13.2168     0.1902    98.3252 3.1487e-04 1.0744e+03    178.496    12.9042    38.4821    29.1134 0.0000e+00
   2051.000    13.2169     0.1871    98.3266 8.6444e-06 1.0741e+03    178.296    12.9042    38.4823    29.1135 0.0000e+00
   2052.000    13.2171     0.1801    98.3275 -9.990e-29 1.0760e+03    178.433    12.9042    38.4823    29.1135 0.0000e+00
   2053.000    13.2173     0.1790    98.3212 -9.990e-29 1.0756e+03    178.538    12.9043    38.4821    29.1134 0.0000e+00
   2054.000    13.2174     0.1870    98.3259 -9.990e-29 1.0731e+03    178.329    12.9042    38.4821    29.1135 0.0000e+00
   2055.000    13.2176     0.1893    98.3248 -9.990e-29 1.0726e+03    177.935    12.9042    38.4822    29.1135 0.0000e+00
   2056.000    13.2178     0.1844    98.3228 2.8159e-06 1.0714e+03    178.076    12.9042    38.4821    29.1134 0.0000e+00
   2057.000    13.2179     0.1824    98.3278 4.6505e-06 1.0779e+03    178.261    12.9042    38.4823    29.1136 0.0000e+00
   2058.000    13.2182     0.1814    98.3274 4.8391e-08 1.0759e+03    178.293    12.9043    38.4822    29.1135 0.0000e+00
   2059.000    13.2183     0.1790    98.3278 1.0000e-12 1.0780e+03    178.250    12.9043    38.4821    29.1134 0.0000e+00
   2060.000    13.2185     0.1835    98.3230 1.0000e-12 1.0762e+03    178.509    12.9042    38.4822    29.1135 0.0000e+00
   2061.000    13.2186     0.1846    98.3306 1.0000e-12 1.0746e+03    178.399    12.9043    38.4823    29.1136 0.0000e+00
   2062.000    13.2188     0.1846    98.3306 1.0000e-12 1.0756e+03    178.343    12.9043    38.4822    29.1135 0.0000e+00
   2063.000    13.2190     0.1822    98.3253 2.2269e-06 1.0839e+03    178.624    12.9043    38.4822    29.1135 0.0000e+00
   2064.000    13.2191     0.1815    98.3220 1.2023e-08 1.0827e+03    178.798    12.9042    38.4823    29.1136 0.0000e+00
   2065.000    13.2194     0.1843    98.3223 2.6481e-06 1.0807e+03    178.572    12.9043    38.4823    29.1135 0.0000e+00
   2066.000    13.2195     0.1866    98.3258 5.3688e-08 1.0842e+03    178.293    12.9043    38.4822    29.1134 0.0000e+00
   2067.000    13.2196     0.1893    98.3252 1.0000e-12 1.0855e+03    178.303    12.9043    38.4822    29.1135 0.0000e+00
   2068.000    13.2197     0.1867    98.3272 1.0000e-12 1.0848e+03    178.461    12.9042    38.4824    29.1136 0.0000e+00
   2069.000    13.2199     0.1840    98.3316 -9.990e-29 1.0796e+03    178.650    12.9043    38.4822    29.1135 0.0000e+00
   2070.000    13.2201     0.1868    98.3301 -9.990e-29 1.0809e+03    178.724    12.9043    38.4823    29.1135 0.0000e+00
   2071.000    13.2203     0.1874    98.3273 -9.990e-29 1.0790e+03    178.493    12.9043    38.4823    29.1136 0.0000e+00
   2072.000    13.2204     0.1833    98.3210 1.0000e-12 1.0825e+03    178.341    12.9042    38.4823    29.1136 0.0000e+00
   2073.000    13.2206     0.1856    98.3176 1.0000e-12 1.0847e+03    178.491    12.9042    38.4823    29.1136 0.0000e+00
   2074.000    13.2207     0.1843    98.3329 1.0000e-12 1.0866e+03    178.425    12.9042    38.4823    29.1135 0.0000e+00
   2075.000    13.2209     0.1855    98.3310 1.0000e-12 1.0817e+03    178.271    12.9042    38.4823    29.1136 0.0000e+00
   2076.000    13.2211     0.1879    98.3269 1.0000e-12 1.0831e+03    178.234    12.9042    38.4824    29.1136 0.0000e+00
   2077.000    13.2212     0.1814    98.3312 -9.990e-29 1.0902e+03    178.424    12.9042    38.4825    29.1137 0.0000e+00
   2078.000    13.2216     0.1803    98.3252 -9.990e-29 1.0866e+03    178.425    12.9044    38.4824    29.1136 0.0000e+00
   2079.000    13.2216     0.1828    98.3233 -9.990e-29 1.0881e+03    178.365    12.9043    38.4825    29.1137 0.0000e+00
   2080.000    13.2217     0.1834    98.3284 2.2730e-03 1.0835e+03    178.497    12.9042    38.4824    29.1136 0.0000e+00
   2081.000    13.2219     0.1847    98.3333 1.4790e-03 1.0862e+03    178.704    12.9043    38.4825    29.1137 0.0000e+00
   2082.000    13.2221     0.1843    98.3312 6.4779e-04 1.0874e+03    178.288    12.9043    38.4825    29.1137 0.0000e+00
   2083.000    13.2223     0.1834    98.3293 1.5689e-04 1.0855e+03    178.317    12.9044    38.4825    29.1137 0.0000e+00
   2084.000    13.2225     0.1804    98.3214 4.0776e-04 1.0882e+03    178.367    12.9043    38.4824    29.1136 0.0000e+00
   2085.000    13.2226     0.1795    98.3288 2.1827e-04 1.0908e+03    178.429    12.9043    38.4826    29.1138 0.0000e+00
   2086.000    13.2228     0.1798    98.3276 6.1549e-04 1.0943e+03    178.608    12.9043    38.4824    29.1137 0.0000e+00
   2087.000    13.2229     0.1748    98.3311 3.0806e-04 1.0902e+03    178.259    12.9042    38.4824    29.1137 0.0000e+00
   2088.000    13.2231     0.1798    98.3292 1.1885e-03 1.0880e+03    178.381    12.9043    38.4824    29.1137 0.0000e+00
   2089.000    13.2232     0.1850    98.3322 8.5491e-04 1.0842e+03    178.617    12.9042    38.4826    29.1138 0.0000e+00
   2090.000    13.2234     0.1851    98.3231 3.5662e-04 1.0842e+03    178.658    12.9043    38.4825    29.1137 0.0000e+00
   2091.000    13.2236     0.1828    98.3301 -5.237e-06 1.0930e+03    178.490    12.9043    38.4825    29.1137 0.0000e+00
   2092.000    13.2237     0.1777    98.3282 2.6191e-04 1.0910e+03    178.704    12.9042    38.4825    29.1137 0.0000e+00
   2093.000    13.2238     0.1846    98.3280 8.7463e-04 1.0969e+03    178.928    12.9042    38.4824    29.1137 0.0000e+00
   2094.000    13.2239     0.1832    98.3306 5.0001e-04 1.0929e+03    178.840    12.9042    38.4825    29.1138 0.0000e+00
   2095.000    13.2241     0.1860    98.3357 6.6199e-06 1.0888e+03    178.690    12.9042    38.4826    29.1138 0.0000e+00
   2096.000    13.2244     0.1885    98.3272 2.8026e-05 1.0964e+03    178.471    12.9043    38.4825    29.1137 0.0000e+00
   2097.000    13.2245     0.1857    98.3228 -2.769e-07 1.0954e+03    178.446    12.9042    38.4827    29.1139 0.0000e+00
   2098.000    13.2247     0.1805    98.3215 1.0000e-12 1.0959e+03    178.800    12.9042    38.4826    29.1138 0.0000e+00
   2099.000    13.2249     0.1789    98.3022 4.7681e-05 1.0951e+03    178.796    12.9042    38.4826    29.1138 0.0000e+00
