Data/ruptures/PEACETIME/FAST/PEACETIME_FAST_CTD_077.cnv
* Sea-Bird SBE 9 Data File:
* FileName = C:\CTD\rawCTD\PEACETIME_FAST_CTD_077.hdr
* Software Version Seasave V 7.23.2
* Temperature SN = 1378
* Conductivity SN = 2929
* Number of Bytes Per Scan = 38
* Number of Voltage Words = 5
* Number of Scans Averaged by the Deck Unit = 1
* NMEA Latitude = 37 56.80 N
* NMEA Longitude = 002 55.01 E
* NMEA UTC (Time) = Jun 06 2017  13:56:37
* NMEA baud rate = 4800
** Cruise:   PEACETIME
** Station:   FAST_CTD_077
# nquan = 11
# nvalues = 202                         
# units = specified
# name 0 = prDM: Pressure, Digiquartz [db]
# name 1 = t090C: Temperature [ITS-90, deg C]
# name 2 = flC: Fluorescence, Chelsea Aqua 3 Chl Con [ug/l]
# name 3 = CStarTr0: Beam Transmission, WET Labs C-Star [%]
# name 4 = par: PAR/Irradiance, Biospherical/Licor
# name 5 = spar: SPAR/Surface Irradiance
# name 6 = sbeox0Mm/Kg: Oxygen, SBE 43 [umol/kg]
# name 7 = potemp090C: Potential Temperature [ITS-90, deg C]
# name 8 = sal00: Salinity, Practical [PSU]
# name 9 = sigma-é00: Density [sigma-theta, kg/m^3]
# name 10 = flag:
# span 0 =      1.000,    202.000       
# span 1 =    13.6293,    21.9631       
# span 2 =     0.1784,     0.6129       
# span 3 =    92.9319,    98.1382       
# span 4 = 7.2583e-03, 1.7085e+03       
# span 5 = 2.2321e+03, 2.2465e+03       
# span 6 =    177.726,    241.125       
# span 7 =    13.5997,    21.9629       
# span 8 =    37.0112,    38.3849       
# span 9 =    25.8020,    28.8919       
# span 10 = 0.0000e+00, 0.0000e+00      
# interval = decibars: 1                
# start_time = Jun 06 2017 13:59:35 [NMEA time, first data scan]
# bad_flag = -9.990e-29
*END*
      1.000    21.9631     0.1903    96.8248 1.7085e+03 2.2448e+03    209.053    21.9629    37.0698    25.8020 0.0000e+00
      2.000    21.9623     0.1823    96.6909 1.2723e+03 2.2432e+03    208.511    21.9619    37.0708    25.8030 0.0000e+00
      3.000    21.9559     0.1945    96.9255 8.8809e+02 2.2462e+03    209.578    21.9553    37.0708    25.8049 0.0000e+00
      4.000    21.9464     0.1927    96.9408 1.0424e+03 2.2425e+03    209.399    21.9456    37.0707    25.8076 0.0000e+00
      5.000    21.9111     0.1917    96.9545 9.8489e+02 2.2433e+03    209.933    21.9101    37.0701    25.8171 0.0000e+00
      6.000    21.8861     0.1906    96.9429 8.0689e+02 2.2432e+03    208.922    21.8849    37.0707    25.8247 0.0000e+00
      7.000    21.8358     0.1858    96.9284 8.3177e+02 2.2389e+03    209.370    21.8344    37.0692    25.8378 0.0000e+00
      8.000    21.7852     0.1893    96.9302 8.0710e+02 2.2409e+03    209.715    21.7836    37.0694    25.8523 0.0000e+00
      9.000    21.7380     0.1878    96.9158 7.2823e+02 2.2412e+03    209.365    21.7362    37.0678    25.8644 0.0000e+00
     10.000    21.6987     0.1863    96.9271 6.3848e+02 2.2410e+03    209.907    21.6968    37.0666    25.8746 0.0000e+00
     11.000    21.6627     0.1840    96.8969 5.8121e+02 2.2421e+03    209.926    21.6605    37.0654    25.8838 0.0000e+00
     12.000    21.6021     0.1877    96.8540 5.7905e+02 2.2422e+03    210.167    21.5997    37.0641    25.8999 0.0000e+00
     13.000    21.4855     0.1873    96.8158 5.6418e+02 2.2409e+03    209.615    21.4830    37.0623    25.9311 0.0000e+00
     14.000    21.3550     0.1888    96.7632 5.4727e+02 2.2424e+03    210.340    21.3522    37.0616    25.9670 0.0000e+00
     15.000    21.1643     0.1929    96.7531 5.2851e+02 2.2422e+03    210.697    21.1614    37.0671    26.0240 0.0000e+00
     16.000    20.7262     0.1985    96.7384 4.7460e+02 2.2404e+03    212.335    20.7231    37.0846    26.1577 0.0000e+00
     17.000    20.5155     0.1956    96.7661 4.6333e+02 2.2445e+03    215.097    20.5122    37.0810    26.2123 0.0000e+00
     18.000    20.4527     0.1894    96.7862 4.6492e+02 2.2439e+03    215.780    20.4493    37.0829    26.2308 0.0000e+00
     19.000    20.3796     0.1906    96.8509 4.0577e+02 2.2419e+03    216.753    20.3760    37.0875    26.2541 0.0000e+00
     20.000    20.2706     0.1951    96.8710 4.0685e+02 2.2431e+03    215.950    20.2668    37.0893    26.2850 0.0000e+00
     21.000    19.9423     0.1937    96.8841 3.8918e+02 2.2430e+03    217.539    19.9384    37.0783    26.3644 0.0000e+00
     22.000    19.4304     0.1921    96.8047 3.6965e+02 2.2424e+03    222.701    19.4263    37.0550    26.4819 0.0000e+00
     23.000    19.2750     0.1919    96.7364 3.5070e+02 2.2429e+03    224.314    19.2709    37.0516    26.5199 0.0000e+00
     24.000    18.8802     0.1962    96.7252 3.2892e+02 2.2411e+03    226.825    18.8759    37.0323    26.6074 0.0000e+00
     25.000    18.5110     0.2019    96.7688 3.2787e+02 2.2419e+03    231.044    18.5066    37.0129    26.6870 0.0000e+00
     26.000    18.3308     0.1984    96.7441 3.1709e+02 2.2396e+03    233.575    18.3263    37.0112    26.7315 0.0000e+00
     27.000    18.2524     0.1989    96.7991 2.9633e+02 2.2419e+03    234.290    18.2477    37.0139    26.7533 0.0000e+00
     28.000    18.2176     0.1960    96.8215 2.7828e+02 2.2418e+03    235.529    18.2127    37.0302    26.7747 0.0000e+00
     29.000    18.2645     0.1970    96.8367 2.5408e+02 2.2434e+03    234.620    18.2595    37.0992    26.8158 0.0000e+00
     30.000    18.2915     0.1964    96.8638 2.6541e+02 2.2426e+03    233.277    18.2862    37.1552    26.8520 0.0000e+00
     31.000    18.1538     0.1982    96.8203 2.4377e+02 2.2417e+03    233.374    18.1484    37.1741    26.9012 0.0000e+00
     32.000    18.0167     0.1998    96.8167 2.3176e+02 2.2452e+03    233.678    18.0111    37.1616    26.9260 0.0000e+00
     33.000    17.7696     0.1981    96.7639 2.2812e+02 2.2432e+03    233.541    17.7639    37.1225    26.9575 0.0000e+00
     34.000    17.6045     0.2016    96.7601 2.1019e+02 2.2456e+03    235.100    17.5987    37.1058    26.9856 0.0000e+00
     35.000    17.5439     0.2077    96.6804 2.0400e+02 2.2453e+03    235.358    17.5379    37.1108    27.0044 0.0000e+00
     36.000    17.4473     0.2019    96.7253 2.0032e+02 2.2418e+03    236.473    17.4412    37.1236    27.0380 0.0000e+00
     37.000    17.4296     0.2012    96.7054 1.9575e+02 2.2465e+03    236.301    17.4233    37.1594    27.0699 0.0000e+00
     38.000    17.3122     0.2007    96.6825 1.7877e+02 2.2431e+03    237.267    17.3058    37.1846    27.1180 0.0000e+00
     39.000    17.2225     0.2112    96.6665 1.6928e+02 2.2441e+03    236.955    17.2159    37.2036    27.1545 0.0000e+00
     40.000    17.0236     0.2114    96.6247 1.6331e+02 2.2438e+03    236.594    17.0169    37.2343    27.2262 0.0000e+00
     41.000    16.8679     0.2132    96.5335 1.5976e+02 2.2440e+03    238.320    16.8611    37.2427    27.2704 0.0000e+00
     42.000    16.8417     0.2119    96.5416 1.4535e+02 2.2439e+03    239.610    16.8347    37.2486    27.2812 0.0000e+00
     43.000    16.8144     0.2118    96.5644 1.4018e+02 2.2423e+03    238.588    16.8072    37.2664    27.3015 0.0000e+00
     44.000    16.6049     0.2080    96.5288 1.3864e+02 2.2421e+03    237.782    16.5977    37.2711    27.3552 0.0000e+00
     45.000    16.3318     0.2100    96.5832 1.2642e+02 2.2419e+03    240.177    16.3245    37.2625    27.4133 0.0000e+00
     46.000    16.2672     0.2145    96.5673 1.2088e+02 2.2423e+03    240.794    16.2598    37.3076    27.4633 0.0000e+00
     47.000    16.1769     0.2151    96.5895 1.1384e+02 2.2405e+03    240.478    16.1693    37.3170    27.4917 0.0000e+00
     48.000    16.0556     0.2186    96.6086 1.0853e+02 2.2390e+03    240.208    16.0479    37.3344    27.5335 0.0000e+00
     49.000    15.9623     0.2269    96.6103 1.0188e+02 2.2413e+03    239.402    15.9545    37.3451    27.5636 0.0000e+00
     50.000    15.8524     0.2250    96.6150 9.4675e+01 2.2417e+03    239.359    15.8445    37.3469    27.5905 0.0000e+00
     51.000    15.8026     0.2253    96.5791 9.0516e+01 2.2417e+03    238.655    15.7944    37.3621    27.6138 0.0000e+00
     52.000    15.6953     0.2363    96.4353 8.6249e+01 2.2404e+03    237.760    15.6870    37.3605    27.6373 0.0000e+00
     53.000    15.5447     0.2386    96.1898 7.8490e+01 2.2403e+03    237.498    15.5364    37.3567    27.6690 0.0000e+00
     54.000    15.5154     0.2434    95.9856 7.6003e+01 2.2401e+03    238.826    15.5069    37.3828    27.6959 0.0000e+00
     55.000    15.5161     0.2492    95.8641 7.1122e+01 2.2396e+03    239.871    15.5074    37.4029    27.7112 0.0000e+00
     56.000    15.5039     0.2625    95.7952 6.7347e+01 2.2408e+03    241.125    15.4951    37.4121    27.7212 0.0000e+00
     57.000    15.4746     0.2543    95.7019 6.2222e+01 2.2391e+03    240.611    15.4656    37.4147    27.7299 0.0000e+00
     58.000    15.4167     0.2534    95.4728 5.6887e+01 2.2412e+03    239.690    15.4076    37.4306    27.7554 0.0000e+00
     59.000    15.3399     0.2677    95.3066 5.4725e+01 2.2415e+03    238.154    15.3307    37.4416    27.7813 0.0000e+00
     60.000    15.3049     0.2845    95.0688 5.0055e+01 2.2413e+03    236.022    15.2955    37.4568    27.8011 0.0000e+00
     61.000    15.2568     0.2875    95.0787 4.7035e+01 2.2441e+03    234.276    15.2473    37.4694    27.8217 0.0000e+00
     62.000    15.2318     0.2928    95.0682 4.3432e+01 2.2425e+03    234.182    15.2221    37.4741    27.8310 0.0000e+00
     63.000    15.2100     0.2929    94.8283 4.0551e+01 2.2420e+03    233.398    15.2002    37.4816    27.8418 0.0000e+00
     64.000    15.2557     0.3097    95.1127 3.7003e+01 2.2428e+03    232.274    15.2458    37.5275    27.8669 0.0000e+00
     65.000    15.2510     0.3019    95.3555 3.4222e+01 2.2395e+03    231.679    15.2408    37.5430    27.8800 0.0000e+00
     66.000    15.1913     0.3007    95.5610 3.0985e+01 2.2402e+03    228.915    15.1811    37.5620    27.9082 0.0000e+00
     67.000    15.1166     0.3147    95.3481 2.9030e+01 2.2414e+03    227.671    15.1062    37.5611    27.9244 0.0000e+00
     68.000    15.0808     0.3249    95.2318 2.6162e+01 2.2434e+03    226.035    15.0703    37.5740    27.9424 0.0000e+00
     69.000    15.0561     0.3455    94.8900 2.4690e+01 2.2436e+03    224.613    15.0455    37.5922    27.9621 0.0000e+00
     70.000    15.0316     0.3679    94.4832 2.2209e+01 2.2427e+03    223.324    15.0208    37.6111    27.9822 0.0000e+00
     71.000    15.0040     0.4379    93.3388 2.0787e+01 2.2427e+03    221.745    14.9931    37.6325    28.0049 0.0000e+00
     72.000    14.9817     0.4941    92.9319 1.8487e+01 2.2441e+03    219.641    14.9706    37.6486    28.0224 0.0000e+00
     73.000    14.9606     0.5308    93.3201 1.7125e+01 2.2420e+03    218.168    14.9494    37.6695    28.0433 0.0000e+00
     74.000    14.9349     0.5548    93.3981 1.5029e+01 2.2423e+03    215.311    14.9235    37.6844    28.0606 0.0000e+00
     75.000    14.9125     0.5656    93.6832 1.3159e+01 2.2415e+03    213.975    14.9010    37.6962    28.0748 0.0000e+00
     76.000    14.8991     0.5409    93.8842 1.1674e+01 2.2413e+03    212.887    14.8875    37.7041    28.0839 0.0000e+00
     77.000    14.8799     0.5353    93.9288 1.0018e+01 2.2414e+03    211.144    14.8680    37.7133    28.0954 0.0000e+00
     78.000    14.8461     0.6129    93.7290 9.0020e+00 2.2431e+03    207.141    14.8341    37.7312    28.1168 0.0000e+00
     79.000    14.8175     0.5809    94.4208 7.8107e+00 2.2430e+03    204.396    14.8054    37.7445    28.1335 0.0000e+00
     80.000    14.7990     0.5436    94.7161 6.9111e+00 2.2421e+03    204.376    14.7867    37.7591    28.1489 0.0000e+00
     81.000    14.7881     0.6080    95.1375 6.0621e+00 2.2414e+03    204.178    14.7757    37.7688    28.1588 0.0000e+00
     82.000    14.7743     0.4935    95.4345 5.3219e+00 2.2418e+03    208.061    14.7618    37.7873    28.1763 0.0000e+00
     83.000    14.7594     0.4332    95.9276 4.7741e+00 2.2409e+03    216.522    14.7467    37.8045    28.1929 0.0000e+00
     84.000    14.7392     0.3832    96.2477 4.2541e+00 2.2445e+03    217.842    14.7264    37.8168    28.2069 0.0000e+00
     85.000    14.7276     0.3579    96.5011 3.8939e+00 2.2398e+03    218.239    14.7146    37.8226    28.2140 0.0000e+00
     86.000    14.7217     0.3691    96.6572 3.5197e+00 2.2412e+03    216.966    14.7086    37.8291    28.2204 0.0000e+00
     87.000    14.7239     0.3455    96.6207 3.2751e+00 2.2407e+03    217.315    14.7106    37.8433    28.2309 0.0000e+00
     88.000    14.7299     0.3659    96.7390 2.9918e+00 2.2420e+03    218.519    14.7164    37.8613    28.2435 0.0000e+00
     89.000    14.7411     0.3335    96.5987 2.7933e+00 2.2383e+03    218.274    14.7275    37.8853    28.2596 0.0000e+00
     90.000    14.7143     0.3409    96.6524 2.5785e+00 2.2369e+03    216.261    14.7005    37.9051    28.2809 0.0000e+00
     91.000    14.6897     0.3252    96.6738 2.3901e+00 2.2401e+03    214.511    14.6758    37.9118    28.2916 0.0000e+00
     92.000    14.6325     0.2999    96.7058 2.2274e+00 2.2388e+03    209.054    14.6185    37.9130    28.3052 0.0000e+00
     93.000    14.5886     0.4756    96.7459 2.0432e+00 2.2419e+03    208.534    14.5745    37.9280    28.3266 0.0000e+00
     94.000    14.5728     0.3643    96.6879 1.9108e+00 2.2415e+03    209.333    14.5585    37.9401    28.3394 0.0000e+00
     95.000    14.5379     0.3373    96.8385 1.7593e+00 2.2409e+03    207.894    14.5235    37.9478    28.3532 0.0000e+00
     96.000    14.4891     0.2963    97.1501 1.6312e+00 2.2423e+03    205.970    14.4746    37.9712    28.3820 0.0000e+00
     97.000    14.4794     0.2818    97.2517 1.5255e+00 2.2398e+03    205.678    14.4647    37.9750    28.3871 0.0000e+00
     98.000    14.4697     0.2953    97.2353 1.4041e+00 2.2399e+03    204.828    14.4549    37.9828    28.3953 0.0000e+00
     99.000    14.4531     0.2893    97.1757 1.3227e+00 2.2379e+03    205.130    14.4381    37.9880    28.4030 0.0000e+00
    100.000    14.4325     0.2829    97.0687 1.2327e+00 2.2399e+03    206.260    14.4174    37.9924    28.4110 0.0000e+00
    101.000    14.4257     0.2813    97.3050 1.1571e+00 2.2404e+03    205.520    14.4104    37.9981    28.4169 0.0000e+00
    102.000    14.4190     0.2803    97.3091 1.0865e+00 2.2403e+03    206.498    14.4036    38.0042    28.4231 0.0000e+00
    103.000    14.4097     0.2847    97.1871 1.0149e+00 2.2392e+03    206.804    14.3942    38.0134    28.4323 0.0000e+00
    104.000    14.3993     0.2761    97.2601 9.5805e-01 2.2387e+03    206.738    14.3836    38.0222    28.4415 0.0000e+00
    105.000    14.3924     0.2741    97.3589 8.9951e-01 2.2403e+03    205.921    14.3766    38.0255    28.4455 0.0000e+00
    106.000    14.3775     0.2643    97.3617 8.4535e-01 2.2401e+03    204.626    14.3616    38.0328    28.4545 0.0000e+00
    107.000    14.3646     0.2631    97.4081 7.9524e-01 2.2374e+03    203.925    14.3485    38.0425    28.4649 0.0000e+00
    108.000    14.3470     0.2618    97.4307 7.5129e-01 2.2382e+03    202.613    14.3308    38.0511    28.4754 0.0000e+00
    109.000    14.3316     0.2617    97.4462 7.0275e-01 2.2371e+03    201.685    14.3152    38.0581    28.4843 0.0000e+00
    110.000    14.3258     0.2551    97.4823 6.6077e-01 2.2376e+03    201.876    14.3093    38.0598    28.4868 0.0000e+00
    111.000    14.3098     0.2540    97.4876 6.2477e-01 2.2371e+03    200.573    14.2931    38.0660    28.4952 0.0000e+00
    112.000    14.2800     0.2566    97.5274 5.8677e-01 2.2396e+03    199.229    14.2632    38.0761    28.5095 0.0000e+00
    113.000    14.2526     0.2503    97.5496 5.5952e-01 2.2363e+03    198.984    14.2357    38.0933    28.5289 0.0000e+00
    114.000    14.2362     0.2503    97.5668 5.2475e-01 2.2418e+03    198.468    14.2191    38.1071    28.5432 0.0000e+00
    115.000    14.2027     0.2386    97.6595 4.9364e-01 2.2393e+03    198.851    14.1855    38.1124    28.5546 0.0000e+00
    116.000    14.1909     0.2396    97.6976 4.6922e-01 2.2387e+03    198.583    14.1735    38.1172    28.5609 0.0000e+00
    117.000    14.1830     0.2395    97.7124 4.4354e-01 2.2416e+03    198.605    14.1656    38.1179    28.5632 0.0000e+00
    118.000    14.1802     0.2322    97.7097 4.2265e-01 2.2410e+03    198.315    14.1626    38.1214    28.5666 0.0000e+00
    119.000    14.1614     0.2308    97.7295 4.0009e-01 2.2386e+03    196.776    14.1436    38.1270    28.5750 0.0000e+00
    120.000    14.1316     0.2211    97.7680 3.8198e-01 2.2400e+03    195.018    14.1137    38.1343    28.5872 0.0000e+00
    121.000    14.1066     0.2270    97.8017 3.6807e-01 2.2408e+03    194.406    14.0885    38.1406    28.5975 0.0000e+00
    122.000    14.0893     0.2193    97.7925 3.4709e-01 2.2415e+03    194.156    14.0712    38.1496    28.6083 0.0000e+00
    123.000    14.0866     0.2223    97.7976 3.2993e-01 2.2389e+03    193.695    14.0683    38.1562    28.6140 0.0000e+00
    124.000    14.0826     0.2177    97.8052 3.1777e-01 2.2395e+03    193.153    14.0641    38.1582    28.6164 0.0000e+00
    125.000    14.0800     0.2157    97.8066 2.9889e-01 2.2412e+03    192.923    14.0613    38.1602    28.6186 0.0000e+00
    126.000    14.0712     0.2206    97.8138 2.8548e-01 2.2410e+03    192.909    14.0525    38.1619    28.6218 0.0000e+00
    127.000    14.0628     0.2197    97.8170 2.7521e-01 2.2390e+03    192.997    14.0440    38.1644    28.6256 0.0000e+00
    128.000    14.0479     0.2187    97.8193 2.5944e-01 2.2406e+03    193.945    14.0289    38.1720    28.6348 0.0000e+00
    129.000    14.0395     0.2205    97.8110 2.5161e-01 2.2403e+03    196.477    14.0204    38.1770    28.6405 0.0000e+00
    130.000    14.0322     0.2128    97.8194 2.3802e-01 2.2405e+03    196.372    14.0129    38.1807    28.6450 0.0000e+00
    131.000    14.0271     0.2076    97.8412 2.2434e-01 2.2397e+03    196.079    14.0076    38.1831    28.6480 0.0000e+00
