Data/ruptures/PEACETIME/FAST/PEACETIME_FAST_CTD_068.cnv
* Sea-Bird SBE 9 Data File:
* FileName = C:\CTD\rawCTD\PEACETIME_FAST_CTD_068.hdr
* Software Version Seasave V 7.23.2
* Temperature SN = 1378
* Conductivity SN = 2929
* Number of Bytes Per Scan = 38
* Number of Voltage Words = 5
* Number of Scans Averaged by the Deck Unit = 1
* NMEA Latitude = 37 56.79 N
* NMEA Longitude = 002 55.01 E
* NMEA UTC (Time) = Jun 05 2017  08:51:39
* NMEA baud rate = 4800
** Cruise:   PEACETIME
** Station:   FAST_CTD_068
# nquan = 11
# nvalues = 1017                        
# units = specified
# name 0 = prDM: Pressure, Digiquartz [db]
# name 1 = t090C: Temperature [ITS-90, deg C]
# name 2 = flC: Fluorescence, Chelsea Aqua 3 Chl Con [ug/l]
# name 3 = CStarTr0: Beam Transmission, WET Labs C-Star [%]
# name 4 = par: PAR/Irradiance, Biospherical/Licor
# name 5 = spar: SPAR/Surface Irradiance
# name 6 = sbeox0Mm/Kg: Oxygen, SBE 43 [umol/kg]
# name 7 = potemp090C: Potential Temperature [ITS-90, deg C]
# name 8 = sal00: Salinity, Practical [PSU]
# name 9 = sigma-é00: Density [sigma-theta, kg/m^3]
# name 10 = flag:
# span 0 =      3.000,   1019.000       
# span 1 =    13.1605,    21.3944       
# span 2 =     0.1750,     0.7262       
# span 3 =    92.0291,    98.3138       
# span 4 = -1.567e-07, 1.2626e+03       
# span 5 = 1.0087e+03, 2.5785e+03       
# span 6 =    152.422,    241.145       
# span 7 =    13.0104,    21.3931       
# span 8 =    37.0088,    38.5940       
# span 9 =    25.9411,    29.1066       
# span 10 = 0.0000e+00, 0.0000e+00      
# interval = decibars: 1                
# start_time = Jun 05 2017 08:54:06 [NMEA time, first data scan]
# bad_flag = -9.990e-29
*END*
[from data line 919]
    922.000    13.1952     0.1855    98.3035 1.0000e-12 2.3523e+03    167.293    13.0595    38.5136    29.1056 0.0000e+00
    923.000    13.1953     0.1901    98.2965 1.0000e-12 2.3468e+03    167.611    13.0596    38.5136    29.1056 0.0000e+00
    924.000    13.1955     0.1900    98.3012 1.0000e-12 2.3523e+03    167.681    13.0595    38.5135    29.1056 0.0000e+00
    925.000    13.1957     0.1928    98.2973 1.0000e-12 2.3494e+03    167.555    13.0596    38.5135    29.1056 0.0000e+00
    926.000    13.1955     0.1903    98.3010 1.0000e-12 2.3522e+03    167.589    13.0592    38.5133    29.1055 0.0000e+00
    927.000    13.1952     0.1896    98.2973 1.0000e-12 2.3511e+03    167.398    13.0588    38.5132    29.1055 0.0000e+00
    928.000    13.1951     0.1919 -9.990e-29 1.0000e-12 2.3443e+03    167.197    13.0586    38.5133    29.1056 0.0000e+00
    929.000    13.1952     0.1893 -9.990e-29 1.0000e-12 2.3454e+03    167.324    13.0585    38.5133    29.1056 0.0000e+00
    930.000    13.1950     0.1881    98.2915 1.0000e-12 2.3456e+03    167.749    13.0582    38.5133    29.1056 0.0000e+00
    931.000    13.1952     0.1877    98.2935 1.0000e-12 2.3432e+03    167.665    13.0582    38.5132    29.1056 0.0000e+00
    932.000    13.1952     0.1855    98.3001 1.0000e-12 2.3430e+03    167.637    13.0581    38.5131    29.1055 0.0000e+00
    933.000    13.1944     0.1875    98.2973 1.0000e-12 2.3458e+03    167.449    13.0571    38.5129    29.1056 0.0000e+00
    934.000    13.1935     0.1873    98.2980 1.0000e-12 2.3466e+03    167.995    13.0561    38.5127    29.1056 0.0000e+00
    935.000    13.1926     0.1839    98.3002 1.0000e-12 2.3504e+03    167.852    13.0550    38.5124    29.1056 0.0000e+00
    936.000    13.1919     0.1847    98.3017 1.0000e-12 2.3480e+03    167.598    13.0542    38.5122    29.1056 0.0000e+00
    937.000    13.1915     0.1879    98.3001 1.0000e-12 2.3541e+03    167.549    13.0537    38.5119    29.1055 0.0000e+00
    938.000    13.1911     0.1896    98.3056 1.0000e-12 2.3544e+03    167.464    13.0530    38.5119    29.1057 0.0000e+00
    939.000    13.1896     0.1835    98.2981 1.0000e-12 2.3546e+03    167.776    13.0515    38.5116    29.1057 0.0000e+00
    940.000    13.1891     0.1831    98.2977 1.0000e-12 2.3492e+03    167.828    13.0508    38.5116    29.1059 0.0000e+00
    941.000    13.1891     0.1817    98.2989 1.0000e-12 2.3563e+03    167.859    13.0507    38.5114    29.1058 0.0000e+00
    942.000    13.1890     0.1883    98.3030 -9.990e-29 2.3565e+03    167.917    13.0504    38.5112    29.1056 0.0000e+00
    943.000    13.1890     0.1883    98.2997 -9.990e-29 2.3564e+03    167.829    13.0502    38.5111    29.1057 0.0000e+00
    944.000    13.1887     0.1933    98.2992 -9.990e-29 2.3592e+03    167.784    13.0498    38.5113    29.1059 0.0000e+00
    945.000    13.1881     0.1905    98.3057 1.0000e-12 2.3618e+03    167.802    13.0490    38.5111    29.1058 0.0000e+00
    946.000    13.1873     0.1848    98.2954 1.0000e-12 2.3587e+03    167.800    13.0481    38.5108    29.1058 0.0000e+00
    947.000    13.1871     0.1817    98.3002 1.0000e-12 2.3579e+03    167.863    13.0478    38.5107    29.1058 0.0000e+00
    948.000    13.1871     0.1870    98.3029 1.0000e-12 2.3599e+03    167.883    13.0475    38.5107    29.1058 0.0000e+00
    949.000    13.1861     0.1919    98.3052 1.0000e-12 2.3628e+03    168.018    13.0465    38.5106    29.1060 0.0000e+00
    950.000    13.1858     0.1861    98.2997 1.0000e-12 2.3601e+03    168.148    13.0460    38.5105    29.1061 0.0000e+00
    951.000    13.1860     0.1929    98.2963 1.0000e-12 2.3577e+03    168.070    13.0461    38.5103    29.1059 0.0000e+00
    952.000    13.1858     0.1900    98.3038 1.0000e-12 2.3544e+03    168.257    13.0457    38.5101    29.1058 0.0000e+00
    953.000    13.1852     0.1875    98.3054 1.0000e-12 2.3587e+03    168.231    13.0449    38.5101    29.1060 0.0000e+00
    954.000    13.1845     0.1893    98.3028 1.0000e-12 2.3629e+03    168.061    13.0441    38.5098    29.1059 0.0000e+00
    955.000    13.1838     0.1848    98.3041 1.0000e-12 2.3590e+03    168.493    13.0433    38.5098    29.1061 0.0000e+00
    956.000    13.1831     0.1882    98.3061 1.0000e-12 2.3617e+03    168.093    13.0424    38.5096    29.1061 0.0000e+00
    957.000    13.1820     0.1837    98.3035 1.0000e-12 2.3619e+03    167.843    13.0412    38.5093    29.1061 0.0000e+00
    958.000    13.1818     0.1833    98.3024 1.0000e-12 2.3646e+03    168.057    13.0408    38.5092    29.1061 0.0000e+00
    959.000    13.1816     0.1840    98.3025 1.0000e-12 2.3641e+03    168.419    13.0404    38.5090    29.1060 0.0000e+00
    960.000    13.1808     0.1892    98.3026 1.0000e-12 2.3502e+03    168.562    13.0396    38.5088    29.1060 0.0000e+00
    961.000    13.1788     0.1907    98.3021 -9.990e-29 2.3028e+03    168.448    13.0374    38.5084    29.1062 0.0000e+00
    962.000    13.1776     0.1916    98.3087 -9.990e-29 2.2978e+03    168.288    13.0360    38.5081    29.1063 0.0000e+00
    963.000    13.1769     0.1916    98.3105 1.0000e-12 2.3184e+03    168.208    13.0352    38.5080    29.1063 0.0000e+00
    964.000    13.1764     0.1917    98.3018 1.0000e-12 2.3098e+03    167.982    13.0345    38.5077    29.1063 0.0000e+00
    965.000    13.1754     0.1900    98.3088 1.0000e-12 2.3318e+03    168.325    13.0334    38.5074    29.1063 0.0000e+00
    966.000    13.1747     0.1886    98.3054 1.0000e-12 2.3014e+03    168.478    13.0326    38.5072    29.1063 0.0000e+00
    967.000    13.1745     0.1890    98.3104 1.0000e-12 2.2702e+03    168.725    13.0322    38.5072    29.1064 0.0000e+00
    968.000    13.1745     0.1842    98.3096 1.0000e-12 2.3266e+03    168.631    13.0320    38.5072    29.1064 0.0000e+00
    969.000    13.1745     0.1864    98.3119 1.0000e-12 2.3720e+03    168.816    13.0318    38.5072    29.1064 0.0000e+00
    970.000    13.1746     0.1827    98.3057 1.0000e-12 2.3868e+03    168.993    13.0318    38.5071    29.1064 0.0000e+00
    971.000    13.1748     0.1805    98.3103 1.0000e-12 2.3848e+03    168.979    13.0319    38.5070    29.1063 0.0000e+00
    972.000    13.1748     0.1874    98.3014 1.0000e-12 2.3889e+03    169.117    13.0317    38.5070    29.1063 0.0000e+00
    973.000    13.1749     0.1854    98.3129 1.0000e-12 2.3809e+03    168.630    13.0317    38.5070    29.1063 0.0000e+00
    974.000    13.1751     0.1885    98.3071 1.0000e-12 2.3866e+03    168.359    13.0317    38.5070    29.1063 0.0000e+00
    975.000    13.1752     0.1871    98.3070 -9.990e-29 2.3851e+03    168.379    13.0317    38.5070    29.1063 0.0000e+00
    976.000    13.1752     0.1902    98.3051 -9.990e-29 2.3854e+03    168.523    13.0315    38.5069    29.1063 0.0000e+00
    977.000    13.1752     0.1946    98.3076 -9.990e-29 2.3818e+03    168.538    13.0313    38.5070    29.1064 0.0000e+00
    978.000    13.1756     0.1958    98.3035 1.0000e-12 2.3712e+03    168.441    13.0316    38.5070    29.1063 0.0000e+00
    979.000    13.1757     0.1910    98.3085 1.0000e-12 2.3600e+03    168.635    13.0315    38.5071    29.1064 0.0000e+00
    980.000    13.1759     0.1929    98.3086 1.0000e-12 2.3582e+03    168.633    13.0316    38.5070    29.1063 0.0000e+00
    981.000    13.1759     0.1886    98.3080 1.0000e-12 2.3651e+03    168.367    13.0314    38.5070    29.1063 0.0000e+00
    982.000    13.1758     0.1914    98.3076 1.0000e-12 2.3693e+03    168.333    13.0312    38.5069    29.1063 0.0000e+00
    983.000    13.1759     0.1893    98.3097 1.0000e-12 2.3780e+03    168.310    13.0311    38.5069    29.1064 0.0000e+00
    984.000    13.1761     0.1902    98.3122 1.0000e-12 2.3802e+03    168.651    13.0312    38.5070    29.1064 0.0000e+00
    985.000    13.1763     0.1890    98.3056 1.0000e-12 2.3758e+03    168.624    13.0312    38.5070    29.1064 0.0000e+00
    986.000    13.1765     0.1887    98.3078 1.0000e-12 2.3757e+03    168.154    13.0313    38.5068    29.1063 0.0000e+00
    987.000    13.1765     0.1900    98.3113 -9.990e-29 2.3726e+03    168.460    13.0312    38.5068    29.1063 0.0000e+00
    988.000    13.1767     0.1903    98.3136 -9.990e-29 2.3707e+03    168.782    13.0311    38.5069    29.1064 0.0000e+00
    989.000    13.1769     0.1890    98.3045 1.0000e-12 2.3728e+03    168.469    13.0312    38.5067    29.1062 0.0000e+00
    990.000    13.1769     0.1834    98.3092 1.0000e-12 2.3697e+03    168.606    13.0311    38.5069    29.1064 0.0000e+00
    991.000    13.1771     0.1830    98.3072 1.0000e-12 2.3706e+03    168.661    13.0311    38.5069    29.1063 0.0000e+00
    992.000    13.1772     0.1885    98.2981 1.0000e-12 2.3724e+03    168.477    13.0311    38.5068    29.1063 0.0000e+00
    993.000    13.1773     0.1841    98.3066 1.0000e-12 2.3756e+03    168.604    13.0310    38.5068    29.1063 0.0000e+00
    994.000    13.1774     0.1820    98.3055 1.0000e-12 2.3708e+03    168.702    13.0309    38.5069    29.1064 0.0000e+00
    995.000    13.1777     0.1859    98.3056 1.0000e-12 2.3730e+03    168.277    13.0311    38.5068    29.1063 0.0000e+00
    996.000    13.1778     0.1869    98.3067 1.0000e-12 2.3694e+03    167.977    13.0311    38.5069    29.1063 0.0000e+00
    997.000    13.1780     0.1856    98.2997 1.0000e-12 2.3622e+03    168.237    13.0312    38.5069    29.1063 0.0000e+00
    998.000    13.1782     0.1902    98.3106 -9.990e-29 2.3595e+03    168.676    13.0312    38.5069    29.1063 0.0000e+00
    999.000    13.1783     0.1908    98.3060 -9.990e-29 2.3579e+03    169.068    13.0311    38.5069    29.1064 0.0000e+00
   1000.000    13.1784     0.1852    98.3061 -9.990e-29 2.3343e+03    168.884    13.0310    38.5069    29.1064 0.0000e+00
   1001.000    13.1787     0.1861    98.3085 -9.990e-29 2.3410e+03    168.742    13.0312    38.5068    29.1062 0.0000e+00
   1002.000    13.1787     0.1863    98.3128 -9.990e-29 2.3487e+03    168.419    13.0310    38.5069    29.1064 0.0000e+00
   1003.000    13.1784     0.1864    98.3064 -9.990e-29 2.3488e+03    168.328    13.0306    38.5067    29.1063 0.0000e+00
   1004.000    13.1787     0.1917    98.3079 1.0000e-12 2.3433e+03    168.535    13.0307    38.5067    29.1063 0.0000e+00
   1005.000    13.1785     0.1954    98.3020 1.0000e-12 2.3372e+03    168.661    13.0304    38.5066    29.1063 0.0000e+00
   1006.000    13.1787     0.1818    98.3067 1.0000e-12 2.3252e+03    168.269    13.0304    38.5065    29.1062 0.0000e+00
   1007.000    13.1787     0.1852    98.3098 1.0000e-12 2.3375e+03    168.254    13.0303    38.5066    29.1063 0.0000e+00
   1008.000    13.1783     0.1852    98.3087 1.0000e-12 2.3451e+03    168.962    13.0298    38.5062    29.1061 0.0000e+00
   1009.000    13.1783     0.1862    98.3105 1.0000e-12 2.3428e+03    169.149    13.0296    38.5063    29.1062 0.0000e+00
   1010.000    13.1750     0.1858    98.3101 1.0000e-12 2.3559e+03    169.071    13.0261    38.5053    29.1061 0.0000e+00
   1011.000    13.1725     0.1811    98.3084 -9.990e-29 2.3601e+03    169.077    13.0235    38.5048    29.1063 0.0000e+00
   1012.000    13.1732     0.1859    98.3088 1.0000e-12 2.3537e+03    169.044    13.0241    38.5050    29.1064 0.0000e+00
   1013.000    13.1701     0.1905    98.3116 1.0000e-12 2.3012e+03    168.844    13.0209    38.5042    29.1064 0.0000e+00
   1014.000    13.1694     0.1892    98.3102 1.0000e-12 2.2567e+03    169.260    13.0199    38.5040    29.1064 0.0000e+00
   1015.000    13.1714     0.1828    98.3105 1.0000e-12 2.3123e+03    169.121    13.0218    38.5043    29.1063 0.0000e+00
   1016.000    13.1682     0.1883    98.3091 1.0000e-12 2.3811e+03    169.458    13.0185    38.5036    29.1064 0.0000e+00
   1017.000    13.1682     0.1859    98.3138 1.0000e-12 2.3630e+03    169.277    13.0183    38.5036    29.1064 0.0000e+00
   1018.000    13.1661     0.1845    98.3080 1.0000e-12 2.3506e+03    169.260    13.0161    38.5032    29.1066 0.0000e+00
   1019.000    13.1605     0.1843    98.3080 1.0000e-12 2.3393e+03    170.014    13.0104    38.5016    29.1065 0.0000e+00
