Data/ruptures/PEACETIME/FAST/PEACETIME_FAST_CTD_063.cnv
* Sea-Bird SBE 9 Data File:
* FileName = C:\CTD\rawCTD\PEACETIME_FAST_CTD_063.hdr
* Software Version Seasave V 7.23.2
* Temperature SN = 1378
* Conductivity SN = 2929
* Number of Bytes Per Scan = 38
* Number of Voltage Words = 5
* Number of Scans Averaged by the Deck Unit = 1
* NMEA Latitude = 37 56.83 N
* NMEA Longitude = 002 54.91 E
* NMEA UTC (Time) = Jun 04 2017  08:30:31
* NMEA baud rate = 4800
** Cruise:   PEACETIME
** Station:   FAST_CTD_063
# nquan = 11
# nvalues = 501                         
# units = specified
# name 0 = prDM: Pressure, Digiquartz [db]
# name 1 = t090C: Temperature [ITS-90, deg C]
# name 2 = flC: Fluorescence, Chelsea Aqua 3 Chl Con [ug/l]
# name 3 = CStarTr0: Beam Transmission, WET Labs C-Star [%]
# name 4 = par: PAR/Irradiance, Biospherical/Licor
# name 5 = spar: SPAR/Surface Irradiance
# name 6 = sbeox0Mm/Kg: Oxygen, SBE 43 [umol/kg]
# name 7 = potemp090C: Potential Temperature [ITS-90, deg C]
# name 8 = sal00: Salinity, Practical [PSU]
# name 9 = sigma-é00: Density [sigma-theta, kg/m^3]
# name 10 = flag:
# span 0 =      1.000,    501.000       
# span 1 =    13.4322,    21.4713       
# span 2 =     0.1734,     0.5955       
# span 3 =    94.4546,    98.2702       
# span 4 = -1.032e-07, 1.1133e+03       
# span 5 = 1.9344e+03, 2.2086e+03       
# span 6 =    152.283,    242.650       
# span 7 =    13.3586,    21.4711       
# span 8 =    37.0230,    38.5922       
# span 9 =    25.9162,    29.0899       
# span 10 = 0.0000e+00, 0.0000e+00      
# interval = decibars: 1                
# start_time = Jun 04 2017 08:32:51 [NMEA time, first data scan]
# bad_flag = -9.990e-29
*END*
      1.000    21.4713     0.2447    96.4327 1.1133e+03 2.1368e+03    199.520    21.4711    37.0384    25.9162 0.0000e+00
      2.000    21.4571     0.2180    96.9578 9.0625e+02 2.0726e+03    210.031    21.4567    37.0431    25.9238 0.0000e+00
      3.000    21.4324     0.2047    96.9507 8.2309e+02 2.0385e+03    210.004    21.4318    37.0419    25.9299 0.0000e+00
      4.000    21.3853     0.2090    96.9311 6.8712e+02 2.0174e+03    209.487    21.3845    37.0429    25.9438 0.0000e+00
      5.000    21.3478     0.2062    96.9329 5.9215e+02 2.0061e+03    209.933    21.3469    37.0434    25.9546 0.0000e+00
      6.000    21.3330     0.2037    96.9557 5.4892e+02 2.0114e+03    210.735    21.3318    37.0433    25.9587 0.0000e+00
      7.000    21.3278     0.2077    96.9578 4.9240e+02 2.0125e+03    210.866    21.3264    37.0438    25.9606 0.0000e+00
      8.000    21.3173     0.2062    97.0063 4.4588e+02 2.0138e+03    211.038    21.3158    37.0439    25.9636 0.0000e+00
      9.000    21.2695     0.2038    97.0138 4.4624e+02 2.0375e+03    210.962    21.2678    37.0441    25.9771 0.0000e+00
     10.000    21.1828     0.2066    96.9650 3.9987e+02 2.0667e+03    210.989    21.1808    37.0469    26.0033 0.0000e+00
     11.000    21.1431     0.2004    96.9685 4.0601e+02 2.0835e+03    211.699    21.1409    37.0502    26.0168 0.0000e+00
     12.000    21.0193     0.2040    96.9515 3.8042e+02 2.1016e+03    211.699    21.0169    37.0546    26.0544 0.0000e+00
     13.000    20.7203     0.2047    96.8895 3.6893e+02 2.1149e+03    212.051    20.7178    37.0700    26.1480 0.0000e+00
     14.000    20.4262     0.2047    96.8686 3.5137e+02 2.1157e+03    214.663    20.4236    37.0706    26.2284 0.0000e+00
     15.000    20.3644     0.2074    96.8957 3.2921e+02 2.1125e+03    216.204    20.3616    37.0658    26.2415 0.0000e+00
     16.000    20.3375     0.2086    96.9198 3.0913e+02 2.1124e+03    215.924    20.3345    37.0654    26.2485 0.0000e+00
     17.000    20.3147     0.2105    96.9060 3.0642e+02 2.1132e+03    216.258    20.3115    37.0661    26.2552 0.0000e+00
     18.000    20.2799     0.2043    96.8937 2.8241e+02 2.1080e+03    216.626    20.2765    37.0671    26.2654 0.0000e+00
     19.000    20.1233     0.2064    96.9002 2.6632e+02 2.1031e+03    216.660    20.1197    37.0715    26.3108 0.0000e+00
     20.000    19.7658     0.2036    96.8367 2.5102e+02 2.0967e+03    219.663    19.7621    37.0895    26.4198 0.0000e+00
     21.000    19.3866     0.2082    96.8110 2.3756e+02 2.0847e+03    222.796    19.3828    37.1067    26.5328 0.0000e+00
     22.000    18.9766     0.2087    96.8358 2.2061e+02 2.0668e+03    225.178    18.9727    37.0553    26.6000 0.0000e+00
     23.000    18.3755     0.2105    96.8233 2.1353e+02 2.0580e+03    229.848    18.3714    37.0230    26.7290 0.0000e+00
     24.000    18.1628     0.2062    96.7886 2.0744e+02 2.0622e+03    232.628    18.1587    37.0407    26.7963 0.0000e+00
     25.000    18.0498     0.2015    96.9263 1.9059e+02 2.0632e+03    234.389    18.0455    37.0497    26.8316 0.0000e+00
     26.000    18.0024     0.2102    96.9474 1.8397e+02 2.0805e+03    235.051    17.9979    37.0564    26.8486 0.0000e+00
     27.000    17.9258     0.2081    96.9561 1.7384e+02 2.0910e+03    233.933    17.9211    37.0552    26.8668 0.0000e+00
     28.000    17.8172     0.2021    96.9546 1.6362e+02 2.0934e+03    234.528    17.8123    37.0598    26.8975 0.0000e+00
     29.000    17.7831     0.2073    96.9641 1.6335e+02 2.1030e+03    234.880    17.7781    37.0697    26.9135 0.0000e+00
     30.000    17.7737     0.2114    96.9739 1.5216e+02 2.1155e+03    234.745    17.7686    37.0713    26.9172 0.0000e+00
     31.000    17.7615     0.2107    96.9566 1.4388e+02 2.1191e+03    235.198    17.7561    37.0809    26.9276 0.0000e+00
     32.000    17.7571     0.2061    96.9908 1.3909e+02 2.1243e+03    234.776    17.7516    37.0877    26.9339 0.0000e+00
     33.000    17.7626     0.2057    97.0036 1.3296e+02 2.1262e+03    234.607    17.7569    37.1144    26.9531 0.0000e+00
     34.000    17.6768     0.2095    96.9579 1.2660e+02 2.1302e+03    234.698    17.6710    37.1483    27.0004 0.0000e+00
     35.000    17.5605     0.2129    96.9449 1.2189e+02 2.1354e+03    235.855    17.5545    37.1816    27.0547 0.0000e+00
     36.000    17.4264     0.2114    96.8914 1.1732e+02 2.1397e+03    236.559    17.4203    37.1902    27.0942 0.0000e+00
     37.000    17.2967     0.2150    96.8590 1.1170e+02 2.1479e+03    237.660    17.2905    37.2074    27.1393 0.0000e+00
     38.000    17.2731     0.2071    96.8904 1.0690e+02 2.1618e+03    237.599    17.2667    37.2278    27.1607 0.0000e+00
     39.000    16.8698     0.2126    96.8122 1.0244e+02 2.1679e+03    239.490    16.8633    37.2790    27.2977 0.0000e+00
     40.000    16.6974     0.2137    96.7984 9.9079e+01 2.1521e+03    241.672    16.6908    37.2638    27.3274 0.0000e+00
     41.000    16.6548     0.2180    96.8073 9.2275e+01 2.1392e+03    242.650    16.6481    37.2703    27.3426 0.0000e+00
     42.000    16.6734     0.2111    96.8157 8.6075e+01 2.1213e+03    241.499    16.6664    37.3002    27.3612 0.0000e+00
     43.000    16.6326     0.2117    96.8128 8.2739e+01 2.1049e+03    241.319    16.6256    37.3234    27.3888 0.0000e+00
     44.000    16.6179     0.2178    96.7858 7.5991e+01 2.0828e+03    240.948    16.6106    37.3380    27.4036 0.0000e+00
     45.000    16.5972     0.2165    96.8159 7.1569e+01 2.0670e+03    240.509    16.5898    37.3513    27.4188 0.0000e+00
     46.000    16.5733     0.2190    96.8282 6.8754e+01 2.0653e+03    240.601    16.5657    37.3635    27.4339 0.0000e+00
     47.000    16.5411     0.2203    96.8335 6.3697e+01 2.0722e+03    239.422    16.5334    37.3784    27.4531 0.0000e+00
     48.000    16.4752     0.2193    96.8653 6.0807e+01 2.0788e+03    238.700    16.4673    37.3897    27.4774 0.0000e+00
     49.000    16.3388     0.2197    96.8936 5.8019e+01 2.0811e+03    237.694    16.3308    37.4064    27.5226 0.0000e+00
     50.000    16.2584     0.2252    96.9153 5.4743e+01 2.0803e+03    238.449    16.2503    37.4145    27.5478 0.0000e+00
     51.000    16.1868     0.2173    96.9063 5.1471e+01 2.0750e+03    237.894    16.1786    37.4103    27.5614 0.0000e+00
     52.000    16.1098     0.2227    96.9185 4.9012e+01 2.0724e+03    238.174    16.1014    37.4096    27.5790 0.0000e+00
     53.000    16.0693     0.2137    96.9554 4.6425e+01 2.0667e+03    237.058    16.0608    37.4319    27.6057 0.0000e+00
     54.000    15.9561     0.2188    96.9894 4.4233e+01 2.0631e+03    237.147    15.9474    37.4355    27.6348 0.0000e+00
     55.000    15.9137     0.2236    96.9768 4.1954e+01 2.0633e+03    237.841    15.9049    37.4458    27.6527 0.0000e+00
     56.000    15.8863     0.2226    96.9903 3.9818e+01 2.0742e+03    237.376    15.8774    37.4468    27.6599 0.0000e+00
     57.000    15.8344     0.2159    96.9549 3.8352e+01 2.0904e+03    237.536    15.8254    37.4412    27.6676 0.0000e+00
     58.000    15.7745     0.2224    96.9381 3.5977e+01 2.1003e+03    236.685    15.7653    37.4378    27.6788 0.0000e+00
     59.000    15.7204     0.2220    96.9193 3.4875e+01 2.1079e+03    236.725    15.7110    37.4394    27.6926 0.0000e+00
     60.000    15.6929     0.2212    96.9351 3.3258e+01 2.1170e+03    236.189    15.6834    37.4476    27.7053 0.0000e+00
     61.000    15.5962     0.2223    96.9606 3.1277e+01 2.1265e+03    235.417    15.5866    37.4758    27.7493 0.0000e+00
     62.000    15.5622     0.2215    96.9510 3.0146e+01 2.1327e+03    234.858    15.5524    37.4938    27.7710 0.0000e+00
     63.000    15.5170     0.2259    96.9228 2.8554e+01 2.1353e+03    234.107    15.5071    37.5170    27.7993 0.0000e+00
     64.000    15.4832     0.2268    96.8840 2.6951e+01 2.1455e+03    234.559    15.4732    37.5645    27.8437 0.0000e+00
     65.000    15.4609     0.2253    96.9919 2.5615e+01 2.1512e+03    233.769    15.4507    37.5895    27.8681 0.0000e+00
     66.000    15.4097     0.2243    97.0212 2.4053e+01 2.1538e+03    232.325    15.3993    37.6013    27.8889 0.0000e+00
     67.000    15.3427     0.2254    97.0077 2.2943e+01 2.1601e+03    232.250    15.3322    37.6141    27.9141 0.0000e+00
     68.000    15.3297     0.2353    96.9974 2.1747e+01 2.1672e+03    232.717    15.3191    37.6319    27.9308 0.0000e+00
     69.000    15.2830     0.2342    96.9265 2.0634e+01 2.1707e+03    232.019    15.2722    37.6376    27.9458 0.0000e+00
     70.000    15.1749     0.2527    96.1647 1.9629e+01 2.1756e+03    230.158    15.1641    37.6267    27.9619 0.0000e+00
     71.000    15.1063     0.2891    95.5450 1.8481e+01 2.1790e+03    227.258    15.0953    37.6185    27.9711 0.0000e+00
     72.000    15.0347     0.3606    94.6779 1.7581e+01 2.1812e+03    225.437    15.0236    37.6459    28.0084 0.0000e+00
     73.000    14.9942     0.3936    94.6355 1.6386e+01 2.1856e+03    224.085    14.9829    37.6709    28.0369 0.0000e+00
     74.000    14.9985     0.4547    94.8924 1.5011e+01 2.1902e+03    228.610    14.9871    37.7079    28.0645 0.0000e+00
     75.000    14.9906     0.3873    96.1367 1.3699e+01 2.1903e+03    228.773    14.9790    37.7281    28.0819 0.0000e+00
     76.000    14.9502     0.3974    95.1187 1.2135e+01 2.1908e+03    222.225    14.9385    37.7310    28.0933 0.0000e+00
     77.000    14.8673     0.5095    94.4546 1.0908e+01 2.1916e+03    210.275    14.8555    37.7219    28.1048 0.0000e+00
     78.000    14.8319     0.5233    94.5804 9.7659e+00 2.1882e+03    206.885    14.8200    37.7319    28.1205 0.0000e+00
     79.000    14.8196     0.5513    94.9051 8.6500e+00 2.1861e+03    206.008    14.8075    37.7407    28.1300 0.0000e+00
     80.000    14.8051     0.5955    95.1279 7.6876e+00 2.1819e+03    203.254    14.7928    37.7537    28.1433 0.0000e+00
     81.000    14.7904     0.5173    95.3616 6.7869e+00 2.1796e+03    201.277    14.7780    37.7703    28.1595 0.0000e+00
     82.000    14.7761     0.4477    95.5390 6.0047e+00 2.1763e+03    200.138    14.7636    37.7784    28.1690 0.0000e+00
     83.000    14.7562     0.4555    95.4765 5.3391e+00 2.1749e+03    201.487    14.7435    37.7879    28.1808 0.0000e+00
     84.000    14.7216     0.4348    95.8295 4.7930e+00 2.1734e+03    201.200    14.7088    37.8129    28.2078 0.0000e+00
     85.000    14.7235     0.4375    96.3731 4.2842e+00 2.1726e+03    208.233    14.7105    37.8460    28.2330 0.0000e+00
     86.000    14.7375     0.3600    96.7571 3.8618e+00 2.1695e+03    211.640    14.7244    37.8586    28.2396 0.0000e+00
     87.000    14.7137     0.3235    96.6375 3.5185e+00 2.1631e+03    209.917    14.7005    37.8621    28.2477 0.0000e+00
     88.000    14.7250     0.3091    96.7357 3.2001e+00 2.1547e+03    215.221    14.7115    37.8774    28.2571 0.0000e+00
     89.000    14.6849     0.3476    96.7505 2.9411e+00 2.1498e+03    214.602    14.6713    37.8971    28.2812 0.0000e+00
     90.000    14.6499     0.2911    97.1561 2.7150e+00 2.1466e+03    212.632    14.6362    37.9088    28.2980 0.0000e+00
     91.000    14.6129     0.3307    97.0321 2.5039e+00 2.1457e+03    209.733    14.5990    37.9128    28.3094 0.0000e+00
     92.000    14.5864     0.3697    96.9389 2.3243e+00 2.1413e+03    207.518    14.5725    37.9226    28.3228 0.0000e+00
     93.000    14.5488     0.3161    97.0252 2.1554e+00 2.1338e+03    206.956    14.5347    37.9263    28.3341 0.0000e+00
     94.000    14.5278     0.3069    97.1244 2.0071e+00 2.1301e+03    205.679    14.5136    37.9317    28.3428 0.0000e+00
     95.000    14.5109     0.3099    97.1691 1.8717e+00 2.1310e+03    204.199    14.4966    37.9448    28.3568 0.0000e+00
     96.000    14.4831     0.2868    97.2064 1.7480e+00 2.1346e+03    203.604    14.4686    37.9613    28.3757 0.0000e+00
     97.000    14.4576     0.2814    97.3229 1.6384e+00 2.1433e+03    202.207    14.4429    37.9751    28.3920 0.0000e+00
     98.000    14.4364     0.2766    97.4366 1.5367e+00 2.1465e+03    200.762    14.4216    37.9957    28.4126 0.0000e+00
     99.000    14.3908     0.2598    97.5570 1.4516e+00 2.1501e+03    203.404    14.3759    38.0058    28.4305 0.0000e+00
    100.000    14.3368     0.2578    97.5276 1.3715e+00 2.1535e+03    207.750    14.3217    38.0071    28.4434 0.0000e+00
    101.000    14.3158     0.2524    97.5351 1.2926e+00 2.1546e+03    209.225    14.3006    38.0104    28.4505 0.0000e+00
    102.000    14.3040     0.2527    97.5655 1.2266e+00 2.1443e+03    210.073    14.2887    38.0149    28.4566 0.0000e+00
    103.000    14.2980     0.2468    97.5996 1.1490e+00 2.0862e+03    210.006    14.2825    38.0178    28.4602 0.0000e+00
    104.000    14.2923     0.3215    97.6751 1.0866e+00 2.0706e+03    208.219    14.2767    38.0252    28.4672 0.0000e+00
    105.000    14.2784     0.2414    97.7102 1.0323e+00 2.0694e+03    208.194    14.2626    38.0323    28.4758 0.0000e+00
    106.000    14.2602     0.2342    97.7181 9.7993e-01 2.0664e+03    210.382    14.2443    38.0380    28.4842 0.0000e+00
    107.000    14.2615     0.2322    97.7347 9.2452e-01 2.0527e+03    210.044    14.2454    38.0409    28.4862 0.0000e+00
    108.000    14.2796     0.2279    97.6982 8.7233e-01 2.0366e+03    201.373    14.2634    38.0601    28.4972 0.0000e+00
    109.000    14.2878     0.2374    97.7007 8.2287e-01 2.0239e+03    197.586    14.2714    38.0702    28.5032 0.0000e+00
    110.000    14.2861     0.2359    97.7161 7.8298e-01 2.0242e+03    196.953    14.2696    38.0740    28.5065 0.0000e+00
    111.000    14.2816     0.2362    97.6962 7.4688e-01 2.0306e+03    196.547    14.2649    38.0765    28.5095 0.0000e+00
    112.000    14.2711     0.2413    97.6251 7.0736e-01 2.0333e+03    196.366    14.2543    38.0803    28.5148 0.0000e+00
    113.000    14.2576     0.2325    97.7389 6.7175e-01 2.0332e+03    196.861    14.2407    38.0858    28.5220 0.0000e+00
    114.000    14.2403     0.2351    97.7812 6.3906e-01 2.0266e+03    196.811    14.2232    38.0939    28.5321 0.0000e+00
    115.000    14.2277     0.2361    97.8029 6.0693e-01 2.0276e+03    196.463    14.2105    38.0994    28.5391 0.0000e+00
    116.000    14.2131     0.2264    97.8044 5.7671e-01 2.0254e+03    196.262    14.1957    38.1038    28.5457 0.0000e+00
    117.000    14.1886     0.2254    97.8011 5.4839e-01 2.0268e+03    194.721    14.1711    38.1083    28.5546 0.0000e+00
    118.000    14.1608     0.2229    97.8587 5.2051e-01 2.0271e+03    190.690    14.1431    38.1130    28.5643 0.0000e+00
    119.000    14.1472     0.2227    97.8550 4.9577e-01 2.0346e+03    189.843    14.1295    38.1164    28.5699 0.0000e+00
    120.000    14.1279     0.2200    97.8198 4.7220e-01 2.0416e+03    196.576    14.1100    38.1196    28.5766 0.0000e+00
    121.000    14.1051     0.2175    97.9289 4.5090e-01 2.0500e+03    197.868    14.0871    38.1240    28.5850 0.0000e+00
    122.000    14.1061     0.2093    97.9258 4.3272e-01 2.0525e+03    194.701    14.0879    38.1325    28.5914 0.0000e+00
    123.000    14.0865     0.2090    97.9340 4.1676e-01 2.0582e+03    192.277    14.0682    38.1421    28.6031 0.0000e+00
    124.000    14.0789     0.2076    97.8971 4.0002e-01 2.0588e+03    192.850    14.0604    38.1478    28.6092 0.0000e+00
    125.000    14.0734     0.2098    97.9483 3.8433e-01 2.0592e+03    195.828    14.0548    38.1544    28.6155 0.0000e+00
    126.000    14.0574     0.2042    97.9692 3.7185e-01 2.0617e+03    194.122    14.0387    38.1606    28.6238 0.0000e+00
    127.000    14.0435     0.2018    97.9763 3.5528e-01 2.0687e+03    193.527    14.0247    38.1659    28.6310 0.0000e+00
    128.000    14.0272     0.2004    98.0039 3.4178e-01 2.0718e+03    195.258    14.0082    38.1696    28.6374 0.0000e+00
    129.000    14.0129     0.1944    98.0382 3.2813e-01 2.0750e+03    196.246    13.9938    38.1730    28.6432 0.0000e+00
    130.000    14.0014     0.1953    98.0259 3.1677e-01 2.0821e+03    196.209    13.9822    38.1781    28.6496 0.0000e+00
    131.000    13.9897     0.2009    98.0574 3.0177e-01 2.0892e+03    196.552    13.9702    38.1818    28.6551 0.0000e+00
