Data/ruptures/PEACETIME/FAST/PEACETIME_FAST_CTD_091.cnv
* Sea-Bird SBE 9 Data File:
* FileName = C:\CTD\rawCTD\PEACETIME_FAST_CTD_091.hdr
* Software Version Seasave V 7.23.2
* Temperature SN = 1378
* Conductivity SN = 2929
* Number of Bytes Per Scan = 38
* Number of Voltage Words = 5
* Number of Scans Averaged by the Deck Unit = 1
* NMEA Latitude = 37 56.81 N
* NMEA Longitude = 002 54.94 E
* NMEA UTC (Time) = Jun 09 2017  04:33:13
* NMEA baud rate = 4800
** Cruise:   PEACETIME
** Station:   FAST_CTD_091
# nquan = 11
# nvalues = 498                         
# units = specified
# name 0 = prDM: Pressure, Digiquartz [db]
# name 1 = t090C: Temperature [ITS-90, deg C]
# name 2 = flC: Fluorescence, Chelsea Aqua 3 Chl Con [ug/l]
# name 3 = CStarTr0: Beam Transmission, WET Labs C-Star [%]
# name 4 = par: PAR/Irradiance, Biospherical/Licor
# name 5 = spar: SPAR/Surface Irradiance
# name 6 = sbeox0Mm/Kg: Oxygen, SBE 43 [umol/kg]
# name 7 = potemp090C: Potential Temperature [ITS-90, deg C]
# name 8 = sal00: Salinity, Practical [PSU]
# name 9 = sigma-é00: Density [sigma-theta, kg/m^3]
# name 10 = flag:
# span 0 =      3.000,    500.000       
# span 1 =    13.4556,    21.5679       
# span 2 =     0.1735,     0.3541       
# span 3 =    94.8539,    98.1279       
# span 4 = 1.0000e-12, 8.5855e+00       
# span 5 = 4.5438e+01, 1.4785e+02       
# span 6 =    151.998,    240.321       
# span 7 =    13.3826,    21.5655       
# span 8 =    37.0614,    38.5971       
# span 9 =    25.9540,    29.0894       
# span 10 = 0.0000e+00, 0.0000e+00      
# interval = decibars: 1                
# start_time = Jun 09 2017 04:33:13 [NMEA time, first data scan]
# bad_flag = -9.990e-29
*END*
[from data line 132]
    135.000    13.9502     0.1957    97.8960 1.0000e-12 7.0227e+01    193.401    13.9303    38.2021    28.6794 0.0000e+00
    136.000    13.9446     0.2008    97.8903 1.0000e-12 6.9934e+01    191.520    13.9244    38.2036    28.6819 0.0000e+00
    137.000    13.9236     0.1949    97.9006 1.0000e-12 6.6018e+01    190.610    13.9034    38.2107    28.6919 0.0000e+00
    138.000    13.9158     0.1915    97.9166 1.0000e-12 6.9234e+01    189.132    13.8954    38.2135    28.6958 0.0000e+00
    139.000    13.9113     0.1925    97.9144 1.0000e-12 6.8064e+01    188.017    13.8907    38.2150    28.6980 0.0000e+00
    140.000    13.8928     0.1862    97.9180 1.0000e-12 6.8739e+01    184.863    13.8721    38.2199    28.7057 0.0000e+00
    141.000    13.8808     0.1862    97.9143 1.0000e-12 7.1336e+01    184.008    13.8600    38.2248    28.7122 0.0000e+00
    142.000    13.8775     0.1881    97.9201 1.0000e-12 7.2639e+01    184.086    13.8566    38.2267    28.7144 0.0000e+00
    143.000    13.8731     0.1901    97.9160 1.0000e-12 6.5897e+01    183.362    13.8520    38.2283    28.7166 0.0000e+00
    144.000    13.8597     0.1903    97.9055 1.0000e-12 7.1714e+01    182.443    13.8385    38.2340    28.7239 0.0000e+00
    145.000    13.8548     0.1899    97.9168 1.0000e-12 7.3752e+01    182.053    13.8334    38.2361    28.7266 0.0000e+00
    146.000    13.8552     0.1842 -9.990e-29 1.0000e-12 7.0249e+01    182.497    13.8337    38.2365    28.7268 0.0000e+00
    147.000    13.8457     0.1891 -9.990e-29 1.0000e-12 7.2441e+01    182.013    13.8240    38.2402    28.7318 0.0000e+00
    148.000    13.8424     0.1885 -9.990e-29 1.0000e-12 7.4403e+01    181.922    13.8206    38.2416    28.7336 0.0000e+00
    149.000    13.8404     0.1918 -9.990e-29 1.0000e-12 7.7466e+01    181.858    13.8184    38.2430    28.7352 0.0000e+00
    150.000    13.8378     0.1884    97.9158 1.0000e-12 7.6228e+01    182.492    13.8157    38.2454    28.7376 0.0000e+00
    151.000    13.8292     0.1832    97.9176 1.0000e-12 7.4357e+01    183.146    13.8069    38.2499    28.7430 0.0000e+00
    152.000    13.8204     0.1846    97.9212 1.0000e-12 7.8461e+01    184.185    13.7980    38.2549    28.7488 0.0000e+00
    153.000    13.8153     0.1944    97.9092 1.0000e-12 7.8310e+01    185.296    13.7927    38.2586    28.7528 0.0000e+00
    154.000    13.8149     0.1894    97.9136 1.0000e-12 7.8224e+01    185.224    13.7922    38.2587    28.7529 0.0000e+00
    155.000    13.8012     0.1873    97.9324 1.0000e-12 8.0283e+01    186.282    13.7784    38.2658    28.7614 0.0000e+00
    156.000    13.7955     0.1932    97.9218 1.0000e-12 8.0210e+01    185.842    13.7725    38.2680    28.7644 0.0000e+00
    157.000    13.7906     0.1926    97.9284 1.0000e-12 8.1516e+01    184.987    13.7675    38.2687    28.7661 0.0000e+00
    158.000    13.7746     0.1959    97.9302 1.0000e-12 7.5196e+01    183.383    13.7514    38.2745    28.7740 0.0000e+00
    159.000    13.7696     0.1939    97.9258 1.0000e-12 7.3940e+01    183.127    13.7462    38.2765    28.7767 0.0000e+00
    160.000    13.7673     0.1915    97.9343 1.0000e-12 7.9525e+01    183.344    13.7438    38.2780    28.7783 0.0000e+00
    161.000    13.7635     0.1930    97.9306 1.0000e-12 8.2350e+01    183.658    13.7399    38.2794    28.7803 0.0000e+00
    162.000    13.7584     0.1857    97.9273 1.0000e-12 7.7893e+01    183.695    13.7346    38.2840    28.7849 0.0000e+00
    163.000    13.7570     0.1845    97.9472 1.0000e-12 7.7564e+01    184.225    13.7330    38.2857    28.7866 0.0000e+00
    164.000    13.7559     0.1845    97.9434 1.0000e-12 7.6723e+01    184.257    13.7318    38.2861    28.7872 0.0000e+00
    165.000    13.7537     0.1858    97.9470 1.0000e-12 7.6432e+01    184.303    13.7295    38.2873    28.7886 0.0000e+00
    166.000    13.7571     0.1847    97.9461 1.0000e-12 7.5263e+01    186.538    13.7327    38.2925    28.7919 0.0000e+00
    167.000    13.7581     0.1856    97.9751 1.0000e-12 7.4937e+01    188.109    13.7335    38.2966    28.7949 0.0000e+00
    168.000    13.7528     0.1822    98.0103 1.0000e-12 7.9085e+01    187.257    13.7281    38.3019    28.8002 0.0000e+00
    169.000    13.7476     0.1884    98.0030 1.0000e-12 7.4558e+01    187.231    13.7228    38.3059    28.8044 0.0000e+00
    170.000    13.7445     0.1864    98.0145 1.0000e-12 8.0654e+01    186.821    13.7195    38.3080    28.8068 0.0000e+00
    171.000    13.7436     0.1916    98.0122 1.0000e-12 7.6830e+01    186.819    13.7185    38.3083    28.8072 0.0000e+00
    172.000    13.7409     0.1894    98.0178 1.0000e-12 8.5038e+01    186.967    13.7156    38.3101    28.8092 0.0000e+00
    173.000    13.7358     0.1877    98.0254 1.0000e-12 7.4411e+01    186.290    13.7104    38.3135    28.8130 0.0000e+00
    174.000    13.7334     0.1863    98.0310 1.0000e-12 8.7522e+01    185.881    13.7079    38.3153    28.8149 0.0000e+00
    175.000    13.7328     0.1817    98.0179 1.0000e-12 7.7740e+01    185.844    13.7071    38.3158    28.8155 0.0000e+00
    176.000    13.7232     0.1874    98.0333 1.0000e-12 8.5378e+01    184.969    13.6974    38.3236    28.8236 0.0000e+00
    177.000    13.7176     0.1805    98.0291 1.0000e-12 7.6932e+01    184.226    13.6916    38.3295    28.8294 0.0000e+00
    178.000    13.7159     0.1842    98.0192 1.0000e-12 7.7346e+01    184.133    13.6898    38.3309    28.8309 0.0000e+00
    179.000    13.7115     0.1884    98.0139 1.0000e-12 7.8065e+01    183.753    13.6853    38.3339    28.8341 0.0000e+00
    180.000    13.7004     0.1795    98.0322 1.0000e-12 7.4091e+01    183.228    13.6740    38.3370    28.8390 0.0000e+00
    181.000    13.6833     0.1786    98.0185 1.0000e-12 7.5553e+01    182.840    13.6568    38.3373    28.8429 0.0000e+00
    182.000    13.6880     0.1807    98.0058 1.0000e-12 7.4260e+01    183.043    13.6613    38.3374    28.8420 0.0000e+00
    183.000    13.6791     0.1845    98.0085 1.0000e-12 7.8720e+01    182.526    13.6522    38.3425    28.8479 0.0000e+00
    184.000    13.6868     0.1844    98.0035 1.0000e-12 7.4157e+01    182.031    13.6598    38.3547    28.8557 0.0000e+00
    185.000    13.6874     0.1890    98.0155 1.0000e-12 7.8935e+01    181.483    13.6602    38.3573    28.8576 0.0000e+00
    186.000    13.6890     0.1868    98.0179 1.0000e-12 7.8229e+01    181.561    13.6618    38.3573    28.8573 0.0000e+00
    187.000    13.6893     0.1792    98.0198 1.0000e-12 8.0616e+01    180.750    13.6619    38.3614    28.8605 0.0000e+00
    188.000    13.6866     0.1781    98.0139 1.0000e-12 7.4543e+01    180.320    13.6590    38.3667    28.8652 0.0000e+00
    189.000    13.6829     0.1827    98.0399 1.0000e-12 7.4807e+01    180.484    13.6552    38.3680    28.8670 0.0000e+00
    190.000    13.6857     0.1890    98.0423 1.0000e-12 7.9510e+01    179.746    13.6579    38.3733    28.8705 0.0000e+00
    191.000    13.6900     0.1916    98.0450 1.0000e-12 8.1415e+01    179.017    13.6619    38.3817    28.8762 0.0000e+00
    192.000    13.6834     0.1862    98.0576 1.0000e-12 7.7314e+01    178.305    13.6553    38.3844    28.8797 0.0000e+00
    193.000    13.6771     0.1851    98.0574 1.0000e-12 7.5265e+01    178.338    13.6487    38.3890    28.8847 0.0000e+00
    194.000    13.6756     0.1851    98.0509 1.0000e-12 7.1444e+01    178.210    13.6472    38.3898    28.8857 0.0000e+00
    195.000    13.6706     0.1834    98.0528 1.0000e-12 7.8073e+01    178.024    13.6420    38.3898    28.8867 0.0000e+00
    196.000    13.6691     0.1817    98.0584 1.0000e-12 7.5974e+01    178.122    13.6404    38.3906    28.8877 0.0000e+00
    197.000    13.6715     0.1821    98.0618 1.0000e-12 7.6454e+01    177.507    13.6426    38.3946    28.8903 0.0000e+00
    198.000    13.6739     0.1811    98.0641 1.0000e-12 7.0802e+01    177.416    13.6448    38.3947    28.8899 0.0000e+00
    199.000    13.6749     0.1911    98.0675 1.0000e-12 7.7380e+01    177.178    13.6457    38.3989    28.8929 0.0000e+00
    200.000    13.6755     0.1876    98.0669 1.0000e-12 7.2572e+01    177.826    13.6462    38.4002    28.8939 0.0000e+00
    201.000    13.6758     0.1832    98.0641 1.0000e-12 7.3905e+01    177.661    13.6463    38.4006    28.8942 0.0000e+00
    202.000    13.6758     0.1794    98.0764 1.0000e-12 7.2815e+01    177.264    13.6462    38.4016    28.8950 0.0000e+00
    203.000    13.6753     0.1844    98.0651 1.0000e-12 7.3804e+01    176.920    13.6455    38.4032    28.8964 0.0000e+00
    204.000    13.6746     0.1871    98.0761 1.0000e-12 7.0082e+01    177.207    13.6446    38.4047    28.8977 0.0000e+00
    205.000    13.6748     0.1930    98.0589 1.0000e-12 7.3492e+01    176.807    13.6447    38.4048    28.8978 0.0000e+00
    206.000    13.6680     0.1882    98.0778 1.0000e-12 7.0933e+01    175.745    13.6377    38.4070    28.9010 0.0000e+00
    207.000    13.6444     0.1891    98.0647 -9.990e-29 7.9614e+01    174.481    13.6141    38.4057    28.9050 0.0000e+00
    208.000    13.6470     0.1858    98.0428 1.0000e-12 7.4822e+01    174.239    13.6165    38.4072    28.9056 0.0000e+00
    209.000    13.6479     0.1832    98.0722 1.0000e-12 7.3156e+01    173.110    13.6173    38.4095    28.9072 0.0000e+00
    210.000    13.6598     0.1856    98.0700 1.0000e-12 7.2639e+01    171.081    13.6290    38.4184    28.9116 0.0000e+00
    211.000    13.6622     0.1820    98.0790 1.0000e-12 7.3927e+01    170.596    13.6312    38.4221    28.9140 0.0000e+00
    212.000    13.6608     0.1806    98.0722 1.0000e-12 7.0043e+01    171.254    13.6297    38.4266    28.9179 0.0000e+00
    213.000    13.6597     0.1851    98.0849 1.0000e-12 7.1897e+01    172.761    13.6284    38.4298    28.9206 0.0000e+00
    214.000    13.6595     0.1842 -9.990e-29 1.0000e-12 7.2360e+01    172.779    13.6281    38.4308    28.9215 0.0000e+00
    215.000    13.6598     0.1864 -9.990e-29 1.0000e-12 7.8348e+01    172.506    13.6283    38.4319    28.9223 0.0000e+00
    216.000    13.6598     0.1805    98.0807 1.0000e-12 7.9037e+01    172.759    13.6281    38.4338    28.9238 0.0000e+00
    217.000    13.6590     0.1735    98.0834 1.0000e-12 7.9526e+01    170.164    13.6272    38.4383    28.9274 0.0000e+00
    218.000    13.6592     0.1796    98.0870 1.0000e-12 7.8077e+01    168.327    13.6272    38.4411    28.9296 0.0000e+00
    219.000    13.6537     0.1812    98.0807 1.0000e-12 7.2002e+01    169.386    13.6215    38.4440    28.9331 0.0000e+00
    220.000    13.6485     0.1820    98.0834 1.0000e-12 7.6915e+01    170.819    13.6163    38.4451    28.9351 0.0000e+00
    221.000    13.6460     0.1849    98.0828 -9.990e-29 7.5327e+01    170.284    13.6136    38.4479    28.9378 0.0000e+00
    222.000    13.6468     0.1824    98.0926 -9.990e-29 7.7919e+01    169.077    13.6143    38.4530    28.9416 0.0000e+00
    223.000    13.6467     0.1804    98.0873 1.0000e-12 7.8227e+01    168.216    13.6140    38.4546    28.9429 0.0000e+00
    224.000    13.6460     0.1808    98.0761 1.0000e-12 8.0061e+01    167.474    13.6132    38.4568    28.9448 0.0000e+00
    225.000    13.6420     0.1853    98.0903 1.0000e-12 7.6112e+01    166.796    13.6090    38.4638    28.9511 0.0000e+00
    226.000    13.6406     0.1792    98.0959 1.0000e-12 7.8644e+01    166.194    13.6075    38.4659    28.9530 0.0000e+00
    227.000    13.6401     0.1801    98.0987 1.0000e-12 7.7608e+01    166.101    13.6068    38.4669    28.9540 0.0000e+00
    228.000    13.6401     0.1820    98.0992 1.0000e-12 8.1387e+01    166.315    13.6066    38.4669    28.9540 0.0000e+00
    229.000    13.6393     0.1764    98.0911 1.0000e-12 7.6494e+01    166.335    13.6057    38.4673    28.9546 0.0000e+00
    230.000    13.6373     0.1789    98.0985 1.0000e-12 7.4317e+01    166.500    13.6035    38.4685    28.9559 0.0000e+00
    231.000    13.6347     0.1848    98.0851 1.0000e-12 7.4897e+01    166.855    13.6008    38.4698    28.9575 0.0000e+00
    232.000    13.6342     0.1847    98.0929 1.0000e-12 7.7782e+01    166.607    13.6002    38.4714    28.9589 0.0000e+00
    233.000    13.6358     0.1823    98.0675 1.0000e-12 7.1733e+01    166.152    13.6016    38.4745    28.9610 0.0000e+00
    234.000    13.6386     0.1797    98.0860 1.0000e-12 7.7532e+01    165.699    13.6042    38.4770    28.9624 0.0000e+00
    235.000    13.6392     0.1833    98.0875 1.0000e-12 7.8879e+01    165.558    13.6047    38.4780    28.9630 0.0000e+00
    236.000    13.6398     0.1854    98.0927 1.0000e-12 7.7267e+01    165.252    13.6052    38.4796    28.9642 0.0000e+00
    237.000    13.6414     0.1872    98.0728 1.0000e-12 7.0922e+01    164.230    13.6066    38.4824    28.9661 0.0000e+00
    238.000    13.6418     0.1895    98.0952 1.0000e-12 8.1432e+01    163.911    13.6069    38.4832    28.9666 0.0000e+00
    239.000    13.6417     0.1810    98.0973 1.0000e-12 7.7419e+01    164.437    13.6066    38.4823    28.9660 0.0000e+00
    240.000    13.6420     0.1858    98.0907 1.0000e-12 7.2409e+01    164.033    13.6068    38.4840    28.9672 0.0000e+00
    241.000    13.6414     0.1867    98.0934 1.0000e-12 7.7326e+01    164.026    13.6061    38.4850    28.9682 0.0000e+00
    242.000    13.6412     0.1847    98.0938 1.0000e-12 7.9005e+01    163.684    13.6057    38.4862    28.9691 0.0000e+00
    243.000    13.6416     0.1823    98.0895 1.0000e-12 7.5296e+01    163.496    13.6059    38.4860    28.9690 0.0000e+00
    244.000    13.6412     0.1802    98.0920 1.0000e-12 7.2833e+01    163.312    13.6054    38.4886    28.9711 0.0000e+00
    245.000    13.6413     0.1783    98.0890 1.0000e-12 7.7779e+01    163.079    13.6053    38.4905    28.9726 0.0000e+00
    246.000    13.6416     0.1820    98.0973 1.0000e-12 8.0230e+01    163.094    13.6055    38.4921    28.9738 0.0000e+00
    247.000    13.6417     0.1780    98.0936 1.0000e-12 7.6981e+01    163.143    13.6055    38.4920    28.9737 0.0000e+00
    248.000    13.6400     0.1738    98.0941 1.0000e-12 7.9769e+01    162.789    13.6035    38.4938    28.9755 0.0000e+00
    249.000    13.6378     0.1762    98.0860 1.0000e-12 7.8839e+01    162.922    13.6012    38.4939    28.9761 0.0000e+00
    250.000    13.6339     0.1762    98.0909 1.0000e-12 8.2213e+01    163.157    13.5972    38.4939    28.9770 0.0000e+00
    251.000    13.6349     0.1776    98.0730 1.0000e-12 7.5885e+01    162.848    13.5980    38.4942    28.9770 0.0000e+00
    252.000    13.6198     0.1799    98.0862 1.0000e-12 7.8586e+01    164.415    13.5828    38.4911    28.9778 0.0000e+00
    253.000    13.5860     0.1821    97.6287 1.0000e-12 8.7064e+01    167.201    13.5489    38.4843    28.9798 0.0000e+00
    254.000    13.5755     0.1854    98.0625 1.0000e-12 7.9584e+01    168.837    13.5384    38.4827    28.9809 0.0000e+00
    255.000    13.5758     0.1836    97.8999 1.0000e-12 8.1221e+01    168.677    13.5384    38.4853    28.9828 0.0000e+00
    256.000    13.5716     0.1819    98.0937 1.0000e-12 8.2545e+01    169.160    13.5341    38.4842    28.9829 0.0000e+00
    257.000    13.5689     0.1846    98.0803 1.0000e-12 8.0556e+01    169.027    13.5313    38.4859    28.9848 0.0000e+00
    258.000    13.5733     0.1828    98.0676 1.0000e-12 8.2322e+01    169.047    13.5355    38.4882    28.9857 0.0000e+00
    259.000    13.5817     0.1835    98.0436 1.0000e-12 7.9811e+01    167.748    13.5438    38.4923    28.9872 0.0000e+00
    260.000    13.5924     0.1818    98.0806 1.0000e-12 8.3480e+01    166.133    13.5543    38.4983    28.9895 0.0000e+00
    261.000    13.5950     0.1832    98.0893 1.0000e-12 8.0635e+01    165.204    13.5567    38.5008    28.9909 0.0000e+00
    262.000    13.5983     0.1787    98.0908 1.0000e-12 7.8856e+01    164.748    13.5599    38.5049    28.9934 0.0000e+00
    263.000    13.6031     0.1830    98.1003 1.0000e-12 8.0139e+01    163.903    13.5645    38.5084    28.9952 0.0000e+00
    264.000    13.6044     0.1822    98.0910 1.0000e-12 7.6656e+01    163.684    13.5656    38.5085    28.9951 0.0000e+00
