Data/ruptures/PEACETIME/FAST/PEACETIME_FAST_CTD_081.cnv
* Sea-Bird SBE 9 Data File:
* FileName = C:\CTD\rawCTD\PEACETIME_FAST_CTD_081.hdr
* Software Version Seasave V 7.23.2
* Temperature SN = 1378
* Conductivity SN = 2929
* Number of Bytes Per Scan = 38
* Number of Voltage Words = 5
* Number of Scans Averaged by the Deck Unit = 1
* NMEA Latitude = 37 56.79 N
* NMEA Longitude = 002 55.00 E
* NMEA UTC (Time) = Jun 07 2017  02:17:49
* NMEA baud rate = 4800
** Cruise:   PEACETIME
** Station:   CTD_FAST_081
# nquan = 11
# nvalues = 501                         
# units = specified
# name 0 = prDM: Pressure, Digiquartz [db]
# name 1 = t090C: Temperature [ITS-90, deg C]
# name 2 = flC: Fluorescence, Chelsea Aqua 3 Chl Con [ug/l]
# name 3 = CStarTr0: Beam Transmission, WET Labs C-Star [%]
# name 4 = par: PAR/Irradiance, Biospherical/Licor
# name 5 = spar: SPAR/Surface Irradiance
# name 6 = sbeox0Mm/Kg: Oxygen, SBE 43 [umol/kg]
# name 7 = potemp090C: Potential Temperature [ITS-90, deg C]
# name 8 = sal00: Salinity, Practical [PSU]
# name 9 = sigma-é00: Density [sigma-theta, kg/m^3]
# name 10 = flag:
# span 0 =      1.000,    501.000       
# span 1 =    13.4336,    21.7261       
# span 2 =     0.1741,     0.5334       
# span 3 =    93.4815,    98.1958       
# span 4 = -2.808e-06, 3.0823e-01       
# span 5 = 1.3663e+00, 4.5312e+00       
# span 6 =    152.117,    240.808       
# span 7 =    13.3600,    21.7259       
# span 8 =    37.0595,    38.5946       
# span 9 =    25.8753,    29.0896       
# span 10 = 0.0000e+00, 0.0000e+00      
# interval = decibars: 1                
# start_time = Jun 07 2017 02:17:49 [NMEA time, first data scan]
# bad_flag = -9.990e-29
*END*
[from data line 263]
    264.000    13.6252     0.1826    98.1457 1.4518e-03 1.9280e+00    163.008    13.5864    38.4983    28.9827 0.0000e+00
    265.000    13.6289     0.1811    98.1467 2.1253e-03 2.6185e+00    161.964    13.5900    38.5013    28.9842 0.0000e+00
    266.000    13.6304     0.1819    98.1499 1.4238e-03 2.6835e+00    161.556    13.5913    38.5026    28.9850 0.0000e+00
    267.000    13.6328     0.1840    98.1524 1.6105e-03 1.4229e+00    161.102    13.5935    38.5051    28.9864 0.0000e+00
    268.000    13.6298     0.1824    98.1536 3.2757e-03 2.4862e+00    161.283    13.5904    38.5060    28.9878 0.0000e+00
    269.000    13.6218     0.1843    98.1492 2.6423e-03 2.6375e+00    161.643    13.5823    38.5058    28.9894 0.0000e+00
    270.000    13.6210     0.1850    98.1342 1.7153e-03 3.2162e+00    161.478    13.5814    38.5066    28.9902 0.0000e+00
    271.000    13.6202     0.1818    98.1533 8.3953e-04 2.4120e+00    161.095    13.5804    38.5080    28.9915 0.0000e+00
    272.000    13.6203     0.1822    98.1514 1.0882e-03 2.6664e+00    160.728    13.5804    38.5090    28.9922 0.0000e+00
    273.000    13.6211     0.1862    98.1517 4.3896e-04 2.2308e+00    160.986    13.5811    38.5101    28.9930 0.0000e+00
    274.000    13.6217     0.1792    98.1436 3.2810e-04 1.5445e+00    160.409    13.5814    38.5114    28.9939 0.0000e+00
    275.000    13.6211     0.1809    98.1516 3.1153e-03 2.5103e+00    160.179    13.5807    38.5123    28.9948 0.0000e+00
    276.000    13.6204     0.1825    98.1533 2.9250e-03 2.7835e+00    160.069    13.5798    38.5135    28.9959 0.0000e+00
    277.000    13.6220     0.1867    98.1587 1.9298e-03 3.3308e+00    159.742    13.5813    38.5160    28.9975 0.0000e+00
    278.000    13.6225     0.1853    98.1614 8.6646e-04 2.4813e+00    159.828    13.5817    38.5177    28.9987 0.0000e+00
    279.000    13.6222     0.1797    98.1495 1.1838e-03 2.9040e+00    159.731    13.5812    38.5194    29.0002 0.0000e+00
    280.000    13.6226     0.1837    98.1438 2.1986e-03 3.6210e+00    159.577    13.5815    38.5200    29.0006 0.0000e+00
    281.000    13.6234     0.1853    98.1466 1.6310e-03 2.0328e+00    159.393    13.5822    38.5214    29.0015 0.0000e+00
    282.000    13.6241     0.1840    98.1462 1.9213e-03 3.2169e+00    159.206    13.5826    38.5228    29.0025 0.0000e+00
    283.000    13.6239     0.1840    98.1421 1.7130e-03 2.5527e+00    159.104    13.5823    38.5229    29.0027 0.0000e+00
    284.000    13.6243     0.1793    98.1445 1.6089e-03 3.2467e+00    159.053    13.5826    38.5232    29.0028 0.0000e+00
    285.000    13.6253     0.1786    98.1494 1.2375e-03 2.4112e+00    158.821    13.5834    38.5237    29.0030 0.0000e+00
    286.000    13.6275     0.1837    98.1574 7.6133e-04 2.1263e+00    158.837    13.5855    38.5250    29.0035 0.0000e+00
    287.000    13.6278     0.1848    98.1442 1.9467e-03 2.6582e+00    158.466    13.5856    38.5254    29.0039 0.0000e+00
    288.000    13.6271     0.1880    98.1520 9.8667e-04 1.9801e+00    158.051    13.5847    38.5252    29.0039 0.0000e+00
    289.000    13.6251     0.1854    98.1366 7.2227e-04 2.7335e+00    158.438    13.5826    38.5251    29.0043 0.0000e+00
    290.000    13.6235     0.1827    98.1521 3.5022e-04 2.7867e+00    158.451    13.5809    38.5263    29.0056 0.0000e+00
    291.000    13.6241     0.1838    98.1554 2.4984e-04 2.5451e+00    158.407    13.5814    38.5291    29.0076 0.0000e+00
    292.000    13.6247     0.1831    98.1422 3.3146e-04 2.5012e+00    157.974    13.5818    38.5297    29.0080 0.0000e+00
    293.000    13.6250     0.1777    98.1585 9.0022e-04 2.3271e+00    158.100    13.5820    38.5310    29.0090 0.0000e+00
    294.000    13.6261     0.1848    98.1529 1.7407e-03 2.9339e+00    157.611    13.5829    38.5321    29.0096 0.0000e+00
    295.000    13.6247     0.1792    98.1514 9.7473e-04 1.9694e+00    157.613    13.5814    38.5328    29.0105 0.0000e+00
    296.000    13.6244     0.1843    98.1575 2.5209e-04 3.0859e+00    157.163    13.5809    38.5332    29.0109 0.0000e+00
    297.000    13.6246     0.1844    98.1567 -2.437e-06 3.0001e+00    157.141    13.5809    38.5338    29.0114 0.0000e+00
    298.000    13.6267     0.1822    98.1404 1.0489e-05 2.2897e+00    156.683    13.5828    38.5380    29.0142 0.0000e+00
    299.000    13.6273     0.1848    98.1612 4.0067e-04 2.5894e+00    156.438    13.5833    38.5407    29.0162 0.0000e+00
    300.000    13.6264     0.1867    98.1614 4.5283e-04 2.7230e+00    156.365    13.5823    38.5415    29.0171 0.0000e+00
    301.000    13.6255     0.1879    98.1614 2.1954e-04 2.4387e+00    156.274    13.5813    38.5422    29.0178 0.0000e+00
    302.000    13.6245     0.1801    98.1614 1.3401e-03 2.3169e+00    155.652    13.5801    38.5446    29.0199 0.0000e+00
    303.000    13.6238     0.1802    98.1614 1.8125e-03 2.7821e+00    155.566    13.5792    38.5456    29.0209 0.0000e+00
    304.000    13.6244     0.1867    98.1645 1.7368e-03 2.2831e+00    155.679    13.5797    38.5462    29.0212 0.0000e+00
    305.000    13.6244     0.1815    98.1670 1.8240e-03 3.3582e+00    155.407    13.5795    38.5464    29.0215 0.0000e+00
    306.000    13.6241     0.1830    98.1587 8.0011e-04 2.4537e+00    155.703    13.5791    38.5467    29.0218 0.0000e+00
    307.000    13.6232     0.1848    98.1614 1.7785e-03 2.9942e+00    155.793    13.5781    38.5469    29.0222 0.0000e+00
    308.000    13.6230     0.1844    98.1614 1.9055e-03 2.8954e+00    155.757    13.5777    38.5471    29.0224 0.0000e+00
    309.000    13.6229     0.1853    98.1561 5.2083e-04 3.1725e+00    155.450    13.5775    38.5475    29.0227 0.0000e+00
    310.000    13.6233     0.1854    98.1647 1.7621e-03 2.9259e+00    155.300    13.5777    38.5482    29.0232 0.0000e+00
    311.000    13.6233     0.1838    98.1621 1.5543e-03 2.5567e+00    155.775    13.5776    38.5488    29.0238 0.0000e+00
    312.000    13.6216     0.1832    98.1640 3.1751e-04 1.7461e+00    155.130    13.5757    38.5496    29.0248 0.0000e+00
    313.000    13.6169     0.1849    98.1647 2.0553e-04 2.0004e+00    154.801    13.5709    38.5506    29.0265 0.0000e+00
    314.000    13.6087     0.1866    98.1432 1.2907e-03 2.1396e+00    154.764    13.5625    38.5534    29.0305 0.0000e+00
    315.000    13.6046     0.1847    98.1493 7.4928e-04 2.3827e+00    154.327    13.5583    38.5544    29.0322 0.0000e+00
    316.000    13.6023     0.1881    98.1545 1.1731e-03 2.2988e+00    154.444    13.5559    38.5547    29.0329 0.0000e+00
    317.000    13.6012     0.1842    98.1517 4.2125e-04 2.8841e+00    154.394    13.5546    38.5545    29.0330 0.0000e+00
    318.000    13.6002     0.1839    98.1569 9.8213e-04 2.1144e+00    154.461    13.5535    38.5546    29.0334 0.0000e+00
    319.000    13.5996     0.1802    98.1478 9.5607e-04 2.0900e+00    154.163    13.5528    38.5546    29.0335 0.0000e+00
    320.000    13.5990     0.1805    98.1327 3.8774e-04 2.8800e+00    154.104    13.5520    38.5545    29.0336 0.0000e+00
    321.000    13.5993     0.1819    98.1621 6.2831e-04 1.8239e+00    154.190    13.5521    38.5555    29.0343 0.0000e+00
    322.000    13.6029     0.1877    98.1614 1.7759e-03 3.2693e+00    154.011    13.5556    38.5575    29.0352 0.0000e+00
    323.000    13.6062     0.1907    98.1614 9.0805e-04 1.3663e+00    153.908    13.5587    38.5593    29.0358 0.0000e+00
    324.000    13.6091     0.1924    98.1614 4.9790e-04 2.9793e+00    154.046    13.5614    38.5604    29.0362 0.0000e+00
    325.000    13.6103     0.1830    98.1614 3.3997e-04 2.7443e+00    154.313    13.5625    38.5617    29.0369 0.0000e+00
    326.000    13.6096     0.1788    98.1681 4.9975e-04 2.9184e+00    154.123    13.5616    38.5631    29.0382 0.0000e+00
    327.000    13.6081     0.1795    98.1715 2.7860e-04 2.7783e+00    153.577    13.5600    38.5631    29.0386 0.0000e+00
    328.000    13.6056     0.1850    98.1676 3.6288e-04 2.7452e+00    153.684    13.5574    38.5630    29.0390 0.0000e+00
    329.000    13.6024     0.1857    98.1614 8.5651e-04 2.2209e+00    153.610    13.5540    38.5636    29.0402 0.0000e+00
    330.000    13.5963     0.1845    98.1614 6.3614e-04 3.1212e+00    153.336    13.5478    38.5640    29.0418 0.0000e+00
    331.000    13.5942     0.1873    98.1608 2.2121e-03 3.3995e+00    153.274    13.5455    38.5647    29.0429 0.0000e+00
    332.000    13.5928     0.1913    98.1558 1.2043e-03 3.9937e+00    153.433    13.5440    38.5649    29.0433 0.0000e+00
    333.000    13.5925     0.1851    98.1722 1.1642e-03 2.5410e+00    153.552    13.5435    38.5650    29.0435 0.0000e+00
    334.000    13.5922     0.1844    98.1595 1.8866e-03 2.1016e+00    153.561    13.5431    38.5652    29.0437 0.0000e+00
    335.000    13.5921     0.1844    98.1661 7.5428e-04 4.2661e+00    153.430    13.5428    38.5656    29.0442 0.0000e+00
    336.000    13.5923     0.1854    98.1682 3.2744e-04 2.3771e+00    152.859    13.5429    38.5657    29.0442 0.0000e+00
    337.000    13.5917     0.1896    98.1663 7.1743e-04 2.5329e+00    153.467    13.5421    38.5663    29.0448 0.0000e+00
    338.000    13.5912     0.1820    98.1712 2.4595e-03 2.7638e+00    153.438    13.5415    38.5672    29.0457 0.0000e+00
    339.000    13.5911     0.1807    98.1653 1.8707e-03 2.1449e+00    152.886    13.5413    38.5675    29.0460 0.0000e+00
    340.000    13.5916     0.1763    98.1660 1.7333e-03 1.5894e+00    153.248    13.5416    38.5688    29.0469 0.0000e+00
    341.000    13.5929     0.1857    98.1640 6.7917e-04 1.8983e+00    153.073    13.5428    38.5697    29.0473 0.0000e+00
    342.000    13.5940     0.1815    98.1689 4.0650e-04 3.7192e+00    153.068    13.5437    38.5707    29.0479 0.0000e+00
    343.000    13.5900     0.1853    98.1594 6.8256e-04 3.0877e+00    152.813    13.5395    38.5701    29.0483 0.0000e+00
    344.000    13.5872     0.1906    98.1528 1.2370e-03 2.5626e+00    152.841    13.5366    38.5705    29.0493 0.0000e+00
    345.000    13.5887     0.1880    98.1699 5.2254e-04 2.6083e+00    152.865    13.5379    38.5716    29.0498 0.0000e+00
    346.000    13.5949     0.1862    98.1646 1.6041e-03 2.1808e+00    152.935    13.5440    38.5745    29.0508 0.0000e+00
    347.000    13.5965     0.1794    98.1769 3.5678e-03 1.7828e+00    153.048    13.5454    38.5757    29.0514 0.0000e+00
    348.000    13.5959     0.1825    98.1790 3.3773e-03 2.4153e+00    152.814    13.5447    38.5758    29.0517 0.0000e+00
    349.000    13.5961     0.1835    98.1754 3.2144e-03 2.5771e+00    152.801    13.5448    38.5760    29.0518 0.0000e+00
    350.000    13.5964     0.1818    98.1790 5.1129e-03 2.2774e+00    152.900    13.5449    38.5762    29.0519 0.0000e+00
    351.000    13.5971     0.1916    98.1768 3.9731e-03 2.8077e+00    152.851    13.5455    38.5766    29.0521 0.0000e+00
    352.000    13.5986     0.1866    98.1769 3.6510e-03 2.3589e+00    153.001    13.5468    38.5775    29.0525 0.0000e+00
    353.000    13.5997     0.1861    98.1712 5.0059e-03 2.3976e+00    153.085    13.5477    38.5780    29.0527 0.0000e+00
    354.000    13.6019     0.1882    98.1729 3.2691e-03 2.6451e+00    152.871    13.5498    38.5792    29.0532 0.0000e+00
    355.000    13.6034     0.1900    98.1589 2.3611e-03 2.1262e+00    153.103    13.5511    38.5801    29.0536 0.0000e+00
    356.000    13.6020     0.1885    98.1758 5.2330e-03 3.0226e+00    153.120    13.5496    38.5802    29.0540 0.0000e+00
    357.000    13.5959     0.1860    98.1735 2.9728e-03 3.2535e+00    152.853    13.5434    38.5796    29.0549 0.0000e+00
    358.000    13.5932     0.1889    98.1757 2.8052e-03 2.6328e+00    152.783    13.5406    38.5796    29.0555 0.0000e+00
    359.000    13.5929     0.1904    98.1726 2.2226e-03 2.2851e+00    152.914    13.5401    38.5797    29.0556 0.0000e+00
    360.000    13.5927     0.1885    98.1826 3.5881e-03 2.2835e+00    152.815    13.5398    38.5797    29.0557 0.0000e+00
    361.000    13.5924     0.1870    98.1731 4.0684e-03 2.2204e+00    152.663    13.5393    38.5797    29.0558 0.0000e+00
    362.000    13.5894     0.1872    98.1638 2.2829e-03 2.0783e+00    152.795    13.5362    38.5795    29.0563 0.0000e+00
    363.000    13.5868     0.1844    98.1670 2.0181e-03 1.8590e+00    152.912    13.5334    38.5793    29.0568 0.0000e+00
    364.000    13.5848     0.1788    98.1762 3.3695e-03 2.4336e+00    152.627    13.5313    38.5792    29.0571 0.0000e+00
    365.000    13.5843     0.1874    98.1790 2.2465e-03 2.2348e+00    152.854    13.5306    38.5793    29.0573 0.0000e+00
    366.000    13.5828     0.1895    98.1657 1.7283e-03 2.1925e+00    153.021    13.5290    38.5794    29.0578 0.0000e+00
    367.000    13.5795     0.1884    98.1816 9.1864e-04 2.5355e+00    152.716    13.5255    38.5792    29.0583 0.0000e+00
    368.000    13.5785     0.1847    98.1714 1.0999e-03 2.7512e+00    152.958    13.5243    38.5794    29.0588 0.0000e+00
    369.000    13.5778     0.1830    98.1778 2.4249e-03 2.7975e+00    152.506    13.5235    38.5799    29.0593 0.0000e+00
    370.000    13.5752     0.1852    98.1744 1.7341e-03 2.2766e+00    152.560    13.5207    38.5800    29.0600 0.0000e+00
    371.000    13.5727     0.1792    98.1744 1.6115e-03 2.1137e+00    152.434    13.5182    38.5803    29.0607 0.0000e+00
    372.000    13.5724     0.1756    98.1762 2.1604e-03 2.3980e+00    152.525    13.5177    38.5804    29.0609 0.0000e+00
    373.000    13.5722     0.1806    98.1738 7.8231e-04 1.8032e+00    152.250    13.5173    38.5804    29.0611 0.0000e+00
    374.000    13.5713     0.1928    98.1717 4.3003e-04 3.8103e+00    152.117    13.5163    38.5808    29.0616 0.0000e+00
    375.000    13.5704     0.1897    98.1699 4.5410e-04 2.1882e+00    152.475    13.5153    38.5810    29.0620 0.0000e+00
    376.000    13.5663     0.1840    98.1772 8.8865e-04 1.6912e+00    152.685    13.5110    38.5804    29.0624 0.0000e+00
    377.000    13.5642     0.1835    98.1815 1.0185e-03 2.6787e+00    152.407    13.5088    38.5807    29.0631 0.0000e+00
    378.000    13.5650     0.1841    98.1816 1.4926e-04 3.0853e+00    152.703    13.5094    38.5819    29.0639 0.0000e+00
    379.000    13.5634     0.1866    98.1780 1.9993e-04 2.4428e+00    152.242    13.5077    38.5818    29.0642 0.0000e+00
    380.000    13.5607     0.1896    98.1818 1.4235e-04 2.3393e+00    152.313    13.5049    38.5815    29.0646 0.0000e+00
    381.000    13.5579     0.1893    98.1795 1.7429e-03 2.8947e+00    152.325    13.5019    38.5815    29.0652 0.0000e+00
    382.000    13.5531     0.1826    98.1772 1.8463e-03 2.3047e+00    152.262    13.4970    38.5806    29.0655 0.0000e+00
    383.000    13.5520     0.1767    98.1719 2.3743e-03 1.5912e+00    152.312    13.4957    38.5810    29.0661 0.0000e+00
    384.000    13.5571     0.1863    98.1628 1.7792e-03 3.4438e+00    152.537    13.5006    38.5829    29.0665 0.0000e+00
    385.000    13.5592     0.1917    98.1789 9.5591e-04 2.0043e+00    152.502    13.5025    38.5835    29.0666 0.0000e+00
    386.000    13.5722     0.1882    98.1849 1.2934e-03 2.1135e+00    152.868    13.5154    38.5888    29.0680 0.0000e+00
    387.000    13.5753     0.1896    98.1845 6.5180e-04 3.0964e+00    152.851    13.5184    38.5898    29.0681 0.0000e+00
    388.000    13.5759     0.1907    98.1796 9.6473e-04 2.6416e+00    153.154    13.5188    38.5903    29.0684 0.0000e+00
    389.000    13.5770     0.1861    98.1862 3.3842e-04 3.2077e+00    153.248    13.5197    38.5908    29.0686 0.0000e+00
    390.000    13.5770     0.1884    98.1793 1.5401e-03 1.7896e+00    153.174    13.5195    38.5908    29.0686 0.0000e+00
    391.000    13.5765     0.1845    98.1779 3.1186e-03 2.3834e+00    152.995    13.5189    38.5910    29.0689 0.0000e+00
    392.000    13.5766     0.1860    98.1876 1.2961e-03 2.6585e+00    153.070    13.5189    38.5912    29.0691 0.0000e+00
    393.000    13.5759     0.1845    98.1875 3.9501e-04 2.8039e+00    152.854    13.5181    38.5911    29.0692 0.0000e+00
