Data/ruptures/PEACETIME/FAST/PEACETIME_FAST_CTD_060.cnv
* Sea-Bird SBE 9 Data File:
* FileName = C:\CTD\rawCTD\PEACETIME_FAST_CTD_060.hdr
* Software Version Seasave V 7.23.2
* Temperature SN = 1378
* Conductivity SN = 2929
* Number of Bytes Per Scan = 38
* Number of Voltage Words = 5
* Number of Scans Averaged by the Deck Unit = 1
* NMEA Latitude = 37 56.82 N
* NMEA Longitude = 002 54.91 E
* NMEA UTC (Time) = Jun 03 2017  18:30:48
* NMEA baud rate = 4800
** Cruise:   PEACETIME
** Station:   FAST_CTD_060
# nquan = 11
# nvalues = 221                         
# units = specified
# name 0 = prDM: Pressure, Digiquartz [db]
# name 1 = t090C: Temperature [ITS-90, deg C]
# name 2 = flC: Fluorescence, Chelsea Aqua 3 Chl Con [ug/l]
# name 3 = CStarTr0: Beam Transmission, WET Labs C-Star [%]
# name 4 = par: PAR/Irradiance, Biospherical/Licor
# name 5 = spar: SPAR/Surface Irradiance
# name 6 = sbeox0Mm/Kg: Oxygen, SBE 43 [umol/kg]
# name 7 = potemp090C: Potential Temperature [ITS-90, deg C]
# name 8 = sal00: Salinity, Practical [PSU]
# name 9 = sigma-é00: Density [sigma-theta, kg/m^3]
# name 10 = flag:
# span 0 =      1.000,    221.000       
# span 1 =    13.6544,    21.4771       
# span 2 =     0.1747,     0.5885       
# span 3 =    95.8625,    98.2853       
# span 4 = 1.8058e-05, 4.1688e+01       
# span 5 = 1.2028e+02, 1.9523e+02       
# span 6 =    173.509,    238.426       
# span 7 =    13.6220,    21.4766       
# span 8 =    37.0347,    38.4293       
# span 9 =    25.9137,    28.9216       
# span 10 = 0.0000e+00, 0.0000e+00      
# interval = decibars: 1                
# start_time = Jun 03 2017 18:40:20 [NMEA time, first data scan]
# bad_flag = -9.990e-29
*END*
[from data line 132]
    133.000    13.9637     0.1863    98.1337 1.3436e-02 1.6253e+02    197.969    13.9440    38.1898    28.6670 0.0000e+00
    134.000    13.9546     0.1880    98.1320 9.6125e-03 1.6234e+02    197.971    13.9347    38.1948    28.6728 0.0000e+00
    135.000    13.9486     0.1875    98.1376 8.8039e-03 1.6114e+02    197.771    13.9286    38.1977    28.6763 0.0000e+00
    136.000    13.9437     0.1857    98.1334 9.7883e-03 1.5761e+02    197.883    13.9236    38.2020    28.6808 0.0000e+00
    137.000    13.9385     0.1871    98.1371 1.0154e-02 1.5617e+02    196.783    13.9182    38.2058    28.6849 0.0000e+00
    138.000    13.9340     0.1879    98.1430 9.6147e-03 1.5576e+02    196.921    13.9136    38.2082    28.6877 0.0000e+00
    139.000    13.9247     0.1865    98.1473 8.4776e-03 1.5215e+02    196.845    13.9041    38.2119    28.6927 0.0000e+00
    140.000    13.9178     0.1842    98.1563 8.6013e-03 1.4839e+02    196.456    13.8971    38.2163    28.6976 0.0000e+00
    141.000    13.9145     0.1821    98.1420 8.7639e-03 1.4847e+02    195.858    13.8936    38.2194    28.7007 0.0000e+00
    142.000    13.9114     0.1870    98.1563 6.1074e-03 1.4698e+02    196.195    13.8904    38.2197    28.7016 0.0000e+00
    143.000    13.9063     0.1943    98.1656 7.4363e-03 1.4571e+02    195.359    13.8851    38.2220    28.7046 0.0000e+00
    144.000    13.8972     0.1860    98.1687 5.8246e-03 1.4501e+02    194.972    13.8759    38.2267    28.7102 0.0000e+00
    145.000    13.8903     0.1863    98.1326 7.1791e-03 1.4598e+02    195.224    13.8688    38.2298    28.7141 0.0000e+00
    146.000    13.8846     0.1843    98.1733 5.9126e-03 1.4885e+02    195.501    13.8631    38.2325    28.7174 0.0000e+00
    147.000    13.8785     0.1800    98.1794 4.8781e-03 1.4727e+02    194.840    13.8568    38.2358    28.7213 0.0000e+00
    148.000    13.8737     0.1902    98.1850 6.8656e-03 1.4596e+02    194.402    13.8519    38.2382    28.7243 0.0000e+00
    149.000    13.8705     0.1819    98.1740 7.0347e-03 1.4282e+02    194.408    13.8485    38.2401    28.7265 0.0000e+00
    150.000    13.8649     0.1838    98.1565 5.6328e-03 1.4558e+02    193.948    13.8427    38.2431    28.7301 0.0000e+00
    151.000    13.8604     0.1835    98.1722 5.6343e-03 1.4617e+02    193.495    13.8381    38.2454    28.7328 0.0000e+00
    152.000    13.8550     0.1903    98.1784 3.0295e-03 1.4409e+02    193.501    13.8326    38.2482    28.7362 0.0000e+00
    153.000    13.8470     0.1875    98.1618 4.6472e-03 1.4354e+02    193.152    13.8244    38.2527    28.7414 0.0000e+00
    154.000    13.8406     0.1864    98.1766 5.3215e-03 1.4478e+02    192.691    13.8179    38.2574    28.7465 0.0000e+00
    155.000    13.8371     0.1850    98.1935 5.4313e-03 1.4393e+02    192.023    13.8142    38.2597    28.7491 0.0000e+00
    156.000    13.8279     0.1835    98.1869 4.2540e-03 1.4163e+02    191.881    13.8049    38.2629    28.7535 0.0000e+00
    157.000    13.8173     0.1884    98.1906 4.8970e-03 1.4128e+02    191.880    13.7941    38.2676    28.7594 0.0000e+00
    158.000    13.8118     0.1867    98.1974 3.4795e-03 1.4033e+02    191.917    13.7885    38.2698    28.7623 0.0000e+00
    159.000    13.8067     0.1887    98.1872 3.6056e-03 1.4065e+02    191.638    13.7833    38.2724    28.7655 0.0000e+00
    160.000    13.7964     0.1876    98.1624 3.4598e-03 1.4119e+02    190.170    13.7728    38.2775    28.7717 0.0000e+00
    161.000    13.7870     0.1766    98.1949 2.9753e-03 1.4184e+02    190.409    13.7634    38.2820    28.7773 0.0000e+00
    162.000    13.7801     0.1771    98.2124 1.6743e-03 1.4077e+02    190.685    13.7563    38.2852    28.7812 0.0000e+00
    163.000    13.7750     0.1763    98.1901 3.6903e-03 1.4397e+02    190.059    13.7510    38.2878    28.7844 0.0000e+00
    164.000    13.7690     0.1793    98.2078 3.1193e-03 1.4683e+02    190.038    13.7448    38.2910    28.7882 0.0000e+00
    165.000    13.7659     0.1828    98.2101 1.9707e-03 1.4791e+02    189.686    13.7417    38.2928    28.7902 0.0000e+00
    166.000    13.7609     0.1855    98.1793 1.2263e-03 1.4569e+02    189.436    13.7365    38.2958    28.7937 0.0000e+00
    167.000    13.7551     0.1787    98.2120 1.2626e-03 1.4691e+02    188.492    13.7306    38.2991    28.7975 0.0000e+00
    168.000    13.7509     0.1770    98.2135 2.6869e-03 1.4693e+02    188.410    13.7262    38.3014    28.8002 0.0000e+00
    169.000    13.7466     0.1781    98.2190 7.3724e-04 1.4530e+02    188.381    13.7217    38.3038    28.8030 0.0000e+00
    170.000    13.7396     0.1819    98.2213 1.3201e-04 1.4188e+02    187.939    13.7147    38.3075    28.8074 0.0000e+00
    171.000    13.7334     0.1838    98.2181 3.6423e-04 1.4215e+02    187.532    13.7083    38.3106    28.8112 0.0000e+00
    172.000    13.7247     0.1812    98.2231 2.8042e-05 1.4387e+02    186.972    13.6995    38.3153    28.8167 0.0000e+00
    173.000    13.7208     0.1800    98.2218 1.0764e-03 1.4019e+02    187.123    13.6955    38.3174    28.8192 0.0000e+00
    174.000    13.7181     0.1812    98.2200 5.9310e-04 1.4198e+02    186.819    13.6926    38.3193    28.8212 0.0000e+00
    175.000    13.7170     0.1817    98.2125 1.0742e-03 1.3941e+02    186.741    13.6913    38.3205    28.8225 0.0000e+00
    176.000    13.7148     0.1838    98.2169 1.1501e-03 1.3962e+02    186.266    13.6889    38.3218    28.8240 0.0000e+00
    177.000    13.7112     0.1796    98.2100 2.0800e-03 1.3898e+02    186.236    13.6852    38.3246    28.8269 0.0000e+00
    178.000    13.7067     0.1830    98.2241 1.0629e-03 1.3817e+02    185.632    13.6805    38.3289    28.8313 0.0000e+00
    179.000    13.7041     0.1832    98.2099 1.8497e-03 1.3876e+02    184.423    13.6779    38.3321    28.8344 0.0000e+00
    180.000    13.7033     0.1862    98.2342 1.3144e-03 1.3422e+02    184.001    13.6768    38.3340    28.8361 0.0000e+00
    181.000    13.7027     0.1824    98.2300 1.2491e-03 1.3573e+02    184.046    13.6762    38.3353    28.8372 0.0000e+00
    182.000    13.7017     0.1795    98.2316 4.7730e-04 1.3613e+02    183.627    13.6750    38.3368    28.8386 0.0000e+00
    183.000    13.7002     0.1773    98.2264 9.2490e-04 1.3391e+02    182.977    13.6733    38.3399    28.8413 0.0000e+00
    184.000    13.6990     0.1817    98.2288 5.6343e-04 1.3082e+02    182.197    13.6720    38.3427    28.8438 0.0000e+00
    185.000    13.6972     0.1835    98.2247 2.9031e-04 1.3429e+02    181.851    13.6700    38.3467    28.8473 0.0000e+00
    186.000    13.6971     0.1820    98.2087 1.8058e-05 1.3251e+02    181.301    13.6698    38.3478    28.8483 0.0000e+00
    187.000    13.6969     0.1791    98.2178 5.6617e-04 1.3342e+02    181.087    13.6695    38.3500    28.8500 0.0000e+00
    188.000    13.6953     0.1845    98.2379 1.1721e-03 1.3348e+02    180.872    13.6678    38.3548    28.8541 0.0000e+00
    189.000    13.6951     0.1795    98.2395 4.5721e-04 1.3275e+02    181.299    13.6673    38.3572    28.8560 0.0000e+00
    190.000    13.6946     0.1780    98.2375 2.0379e-04 1.3055e+02    181.140    13.6667    38.3582    28.8570 0.0000e+00
    191.000    13.6911     0.1838    98.2401 1.1422e-03 1.3161e+02    180.254    13.6631    38.3646    28.8627 0.0000e+00
    192.000    13.6833     0.1855    98.2502 8.6575e-04 1.3112e+02    178.876    13.6551    38.3758    28.8731 0.0000e+00
    193.000    13.6817     0.1819    98.2560 1.4075e-03 1.3024e+02    178.660    13.6534    38.3809    28.8773 0.0000e+00
    194.000    13.6809     0.1747    98.2596 2.0973e-03 1.2934e+02    178.466    13.6524    38.3820    28.8784 0.0000e+00
    195.000    13.6800     0.1756    98.2620 4.3919e-04 1.2864e+02    178.419    13.6514    38.3836    28.8799 0.0000e+00
    196.000    13.6799     0.1850    98.2591 1.8008e-03 1.2982e+02    178.119    13.6511    38.3854    28.8814 0.0000e+00
    197.000    13.6801     0.1908    98.2526 5.5638e-04 1.2821e+02    178.183    13.6512    38.3869    28.8825 0.0000e+00
    198.000    13.6803     0.1875 -9.990e-29 1.9895e-03 1.3091e+02    178.380    13.6513    38.3871    28.8826 0.0000e+00
    199.000    13.6806     0.1864 -9.990e-29 1.7223e-03 1.3036e+02    178.305    13.6514    38.3878    28.8832 0.0000e+00
    200.000    13.6812     0.1781 -9.990e-29 2.8874e-03 1.2800e+02    178.034    13.6518    38.3893    28.8842 0.0000e+00
    201.000    13.6796     0.1779    98.2565 4.9600e-03 1.3122e+02    178.212    13.6501    38.3918    28.8865 0.0000e+00
    202.000    13.6784     0.1805    98.2621 3.6708e-03 1.2836e+02    177.813    13.6487    38.3949    28.8892 0.0000e+00
    203.000    13.6793     0.1791    98.2611 2.7994e-03 1.3073e+02    177.611    13.6496    38.3942    28.8885 0.0000e+00
    204.000    13.6796     0.1792    98.2650 2.5985e-03 1.2784e+02    177.573    13.6496    38.3953    28.8893 0.0000e+00
    205.000    13.6786     0.1815    98.2719 2.8592e-03 1.2545e+02    177.116    13.6486    38.4075    28.8990 0.0000e+00
    206.000    13.6770     0.1806    98.2663 1.6314e-03 1.2513e+02    176.581    13.6467    38.4109    28.9021 0.0000e+00
    207.000    13.6756     0.1785    98.2771 2.5305e-03 1.2230e+02    176.990    13.6452    38.4131    28.9041 0.0000e+00
    208.000    13.6750     0.1797 -9.990e-29 2.5592e-03 1.2620e+02    176.884    13.6444    38.4148    28.9056 0.0000e+00
    209.000    13.6704     0.1802    98.2681 1.4400e-03 1.2503e+02    176.833    13.6397    38.4162    28.9077 0.0000e+00
    210.000    13.6626     0.1862    98.2638 2.3535e-03 1.2270e+02    176.267    13.6317    38.4189    28.9114 0.0000e+00
    211.000    13.6612     0.1826    98.2751 2.2200e-03 1.2190e+02    176.087    13.6302    38.4216    28.9139 0.0000e+00
    212.000    13.6600     0.1864    98.2765 1.6702e-03 1.2494e+02    175.835    13.6289    38.4228    28.9151 0.0000e+00
    213.000    13.6594     0.1834    98.2691 2.7133e-03 1.2616e+02    175.912    13.6282    38.4237    28.9159 0.0000e+00
    214.000    13.6595     0.1768    98.2730 1.8731e-03 1.2472e+02    175.614    13.6281    38.4236    28.9159 0.0000e+00
    215.000    13.6581     0.1834    98.2824 7.9359e-04 1.2511e+02    175.507    13.6266    38.4246    28.9170 0.0000e+00
    216.000    13.6569     0.1793    98.2827 1.7003e-03 1.2312e+02    174.829    13.6252    38.4257    28.9182 0.0000e+00
    217.000    13.6574     0.1821    98.2744 6.7685e-04 1.2303e+02    174.167    13.6256    38.4267    28.9188 0.0000e+00
    218.000    13.6585     0.1835    98.2853 1.7209e-03 1.2233e+02    174.270    13.6265    38.4272    28.9190 0.0000e+00
    219.000    13.6581     0.1808    98.2656 1.5452e-03 1.2339e+02    174.241    13.6259    38.4278    28.9196 0.0000e+00
    220.000    13.6572     0.1846    98.2715 1.2442e-03 1.2445e+02    174.093    13.6249    38.4284    28.9203 0.0000e+00
    221.000    13.6544     0.1832    98.2827 1.5241e-03 1.2028e+02    173.509    13.6220    38.4293    28.9216 0.0000e+00
