Data/ruptures/PEACETIME/FAST/PEACETIME_FAST_CTD_083.cnv
* Sea-Bird SBE 9 Data File:
* FileName = C:\CTD\rawCTD\PEACETIME_FAST_CTD_083.hdr
* Software Version Seasave V 7.23.2
* Temperature SN = 1378
* Conductivity SN = 2929
* Number of Bytes Per Scan = 38
* Number of Voltage Words = 5
* Number of Scans Averaged by the Deck Unit = 1
* NMEA Latitude = 37 56.80 N
* NMEA Longitude = 002 55.00 E
* NMEA UTC (Time) = Jun 07 2017  08:58:44
* NMEA baud rate = 4800
** Cruise:   PEACETIME
** Station:   CTD_FAST_83
# nquan = 11
# nvalues = 2502                        
# units = specified
# name 0 = prDM: Pressure, Digiquartz [db]
# name 1 = t090C: Temperature [ITS-90, deg C]
# name 2 = flC: Fluorescence, Chelsea Aqua 3 Chl Con [ug/l]
# name 3 = CStarTr0: Beam Transmission, WET Labs C-Star [%]
# name 4 = par: PAR/Irradiance, Biospherical/Licor
# name 5 = spar: SPAR/Surface Irradiance
# name 6 = sbeox0Mm/Kg: Oxygen, SBE 43 [umol/kg]
# name 7 = potemp090C: Potential Temperature [ITS-90, deg C]
# name 8 = sal00: Salinity, Practical [PSU]
# name 9 = sigma-é00: Density [sigma-theta, kg/m^3]
# name 10 = flag:
# span 0 =      3.000,   2504.000       
# span 1 =    13.1236,    21.6067       
# span 2 =     0.1734,     0.5482       
# span 3 =    93.6383,    98.2395       
# span 4 = -9.324e-06, 8.6846e+02       
# span 5 = 1.0075e+03, 2.8561e+03       
# span 6 =    151.896,    239.357       
# span 7 =    12.9043,    21.6061       
# span 8 =    37.0168,    38.5941       
# span 9 =    25.9079,    29.1158       
# span 10 = 0.0000e+00, 0.0000e+00      
# interval = decibars: 1                
# start_time = Jun 07 2017 09:01:04 [NMEA time, first data scan]
# bad_flag = -9.990e-29
*END*
[from data line 1968]
   1971.000    13.2053     0.1849    98.2242 9.6162e-04 2.6606e+03    178.440    12.9057    38.4819    29.1129 0.0000e+00
   1972.000    13.2055     0.1864    98.2204 2.5133e-04 2.6611e+03    178.417    12.9057    38.4818    29.1129 0.0000e+00
   1973.000    13.2056     0.1893    98.2248 9.3931e-04 2.6696e+03    178.671    12.9056    38.4819    29.1130 0.0000e+00
   1974.000    13.2058     0.1922    98.2236 9.4584e-04 2.6746e+03    178.402    12.9057    38.4818    29.1129 0.0000e+00
   1975.000    13.2058     0.1886    98.2252 3.5458e-04 2.6793e+03    178.439    12.9055    38.4820    29.1130 0.0000e+00
   1976.000    13.2060     0.1879    98.2252 2.8565e-04 2.6573e+03    178.463    12.9055    38.4820    29.1131 0.0000e+00
   1977.000    13.2061     0.1858    98.2230 7.7783e-06 2.6872e+03    178.212    12.9055    38.4820    29.1130 0.0000e+00
   1978.000    13.2063     0.1845    98.2273 2.5233e-04 2.7127e+03    178.226    12.9055    38.4819    29.1130 0.0000e+00
   1979.000    13.2065     0.1833    98.2241 1.0175e-03 2.6963e+03    178.249    12.9055    38.4819    29.1130 0.0000e+00
   1980.000    13.2066     0.1892    98.2352 5.2767e-04 2.6397e+03    178.314    12.9055    38.4820    29.1131 0.0000e+00
   1981.000    13.2068     0.1838    98.2251 1.7243e-04 2.1326e+03    178.307    12.9055    38.4820    29.1130 0.0000e+00
   1982.000    13.2069     0.1873    98.2260 2.3842e-05 1.2452e+03    178.479    12.9055    38.4819    29.1130 0.0000e+00
   1983.000    13.2070     0.1865    98.2265 1.1202e-03 1.0845e+03    178.326    12.9054    38.4820    29.1131 0.0000e+00
   1984.000    13.2073     0.1837    98.2216 3.3840e-06 1.0363e+03    178.302    12.9055    38.4819    29.1130 0.0000e+00
   1985.000    13.2073     0.1903    98.2274 1.3999e-03 1.0205e+03    178.190    12.9054    38.4820    29.1131 0.0000e+00
   1986.000    13.2075     0.1922    98.2278 5.8437e-04 1.0143e+03    178.719    12.9054    38.4820    29.1131 0.0000e+00
   1987.000    13.2077     0.1886    98.2274 2.2860e-04 1.0099e+03    178.541    12.9055    38.4819    29.1130 0.0000e+00
   1988.000    13.2078     0.1924    98.2239 9.9594e-04 1.0075e+03    178.098    12.9054    38.4820    29.1131 0.0000e+00
   1989.000    13.2080     0.1918    98.2248 2.6334e-04 1.0169e+03    178.387    12.9055    38.4820    29.1131 0.0000e+00
   1990.000    13.2082     0.1899    98.2249 4.0459e-04 1.0219e+03    178.452    12.9054    38.4820    29.1131 0.0000e+00
   1991.000    13.2083     0.1836    98.2261 8.7256e-05 1.0238e+03    178.310    12.9054    38.4820    29.1130 0.0000e+00
   1992.000    13.2085     0.1899    98.2204 6.8576e-04 1.0314e+03    178.677    12.9054    38.4819    29.1131 0.0000e+00
   1993.000    13.2086     0.1882    98.2231 7.0300e-04 1.0324e+03    178.288    12.9054    38.4819    29.1131 0.0000e+00
   1994.000    13.2088     0.1818    98.2230 1.1909e-03 1.0324e+03    178.341    12.9054    38.4819    29.1130 0.0000e+00
   1995.000    13.2090     0.1828    98.2283 4.0680e-03 1.0453e+03    178.490    12.9054    38.4819    29.1130 0.0000e+00
   1996.000    13.2091     0.1849    98.2178 4.9079e-03 1.0561e+03    178.662    12.9053    38.4819    29.1131 0.0000e+00
   1997.000    13.2092     0.1886    98.2222 5.1689e-03 1.0757e+03    178.700    12.9053    38.4820    29.1131 0.0000e+00
   1998.000    13.2094     0.1886    98.2227 6.0995e-03 1.1093e+03    178.858    12.9053    38.4819    29.1131 0.0000e+00
   1999.000    13.2095     0.1893    98.2232 6.7089e-03 1.1764e+03    178.633    12.9053    38.4820    29.1131 0.0000e+00
   2000.000    13.2097     0.1932    98.2270 3.6951e-03 1.2769e+03    178.350    12.9053    38.4820    29.1131 0.0000e+00
   2001.000    13.2099     0.1874    98.2256 5.6361e-03 1.2915e+03    178.258    12.9053    38.4819    29.1130 0.0000e+00
   2002.000    13.2099     0.1896    98.2274 4.4826e-03 1.3169e+03    178.406    12.9052    38.4820    29.1132 0.0000e+00
   2003.000    13.2100     0.1906    98.2274 4.6877e-03 1.4155e+03    178.322    12.9051    38.4822    29.1133 0.0000e+00
   2004.000    13.2101     0.1910    98.2249 2.9029e-03 1.4034e+03    178.168    12.9051    38.4821    29.1132 0.0000e+00
   2005.000    13.2102     0.1877    98.2292 3.9719e-03 1.3843e+03    178.630    12.9050    38.4821    29.1133 0.0000e+00
   2006.000    13.2103     0.1881    98.2265 5.4921e-03 1.4722e+03    178.986    12.9050    38.4821    29.1133 0.0000e+00
   2007.000    13.2105     0.1920    98.2261 5.1749e-03 1.9159e+03    178.846    12.9049    38.4822    29.1133 0.0000e+00
   2008.000    13.2106     0.1874    98.2175 5.2435e-03 2.1347e+03    178.714    12.9049    38.4821    29.1133 0.0000e+00
   2009.000    13.2108     0.1884    98.2215 4.9590e-03 2.0540e+03    178.633    12.9049    38.4821    29.1133 0.0000e+00
   2010.000    13.2110     0.1927    98.2215 4.8414e-03 2.2092e+03    178.566    12.9050    38.4820    29.1132 0.0000e+00
   2011.000    13.2111     0.1895    98.2195 6.0572e-03 2.2152e+03    178.512    12.9050    38.4820    29.1132 0.0000e+00
   2012.000    13.2113     0.1871    98.2304 4.0495e-03 2.1608e+03    178.634    12.9049    38.4820    29.1132 0.0000e+00
   2013.000    13.2114     0.1841    98.2167 5.8147e-03 2.2666e+03    178.567    12.9049    38.4820    29.1132 0.0000e+00
   2014.000    13.2116     0.1820    98.2236 5.8535e-03 2.4459e+03    178.589    12.9049    38.4821    29.1133 0.0000e+00
   2015.000    13.2117     0.1825    98.2239 5.8516e-03 2.6600e+03    178.531    12.9049    38.4820    29.1132 0.0000e+00
   2016.000    13.2119     0.1845    98.2287 4.7758e-03 2.7679e+03    178.184    12.9049    38.4820    29.1132 0.0000e+00
   2017.000    13.2120     0.1905    98.2218 3.6557e-03 2.8319e+03    178.270    12.9048    38.4820    29.1133 0.0000e+00
   2018.000    13.2121     0.1858    98.2294 3.2599e-03 2.8497e+03    178.401    12.9048    38.4820    29.1133 0.0000e+00
   2019.000    13.2122     0.1810    98.2315 3.3586e-03 2.8235e+03    178.658    12.9047    38.4821    29.1133 0.0000e+00
   2020.000    13.2123     0.1849    98.2259 2.0978e-03 2.3361e+03    178.707    12.9047    38.4821    29.1133 0.0000e+00
   2021.000    13.2125     0.1956    98.2218 3.8172e-03 1.8197e+03    178.384    12.9047    38.4821    29.1134 0.0000e+00
   2022.000    13.2127     0.1898    98.2254 4.2211e-03 1.8234e+03    178.216    12.9047    38.4822    29.1134 0.0000e+00
   2023.000    13.2129     0.1867    98.2243 7.7988e-03 1.8116e+03    178.225    12.9047    38.4821    29.1133 0.0000e+00
   2024.000    13.2130     0.1800    98.2260 5.1375e-03 2.0186e+03    178.223    12.9047    38.4821    29.1133 0.0000e+00
   2025.000    13.2132     0.1849    98.2196 6.5578e-03 2.1260e+03    178.201    12.9047    38.4821    29.1133 0.0000e+00
   2026.000    13.2133     0.1874    98.2249 5.2502e-03 2.0930e+03    178.469    12.9047    38.4821    29.1133 0.0000e+00
   2027.000    13.2134     0.1929    98.2281 4.4888e-03 1.8730e+03    178.704    12.9046    38.4822    29.1134 0.0000e+00
   2028.000    13.2136     0.1951    98.2218 3.9016e-03 1.8862e+03    178.752    12.9046    38.4822    29.1134 0.0000e+00
   2029.000    13.2138     0.1897    98.2243 5.0753e-03 1.9024e+03    178.452    12.9047    38.4821    29.1133 0.0000e+00
   2030.000    13.2140     0.1850    98.2218 5.3533e-03 1.9064e+03    178.296    12.9047    38.4821    29.1133 0.0000e+00
   2031.000    13.2141     0.1859    98.2254 5.8348e-03 2.1779e+03    178.452    12.9047    38.4821    29.1134 0.0000e+00
   2032.000    13.2143     0.1887    98.2218 3.8255e-03 2.4433e+03    178.571    12.9046    38.4821    29.1133 0.0000e+00
   2033.000    13.2144     0.1895    98.2218 4.3516e-03 2.6110e+03    178.640    12.9046    38.4821    29.1133 0.0000e+00
   2034.000    13.2146     0.1858    98.2271 5.8718e-03 2.7514e+03    178.916    12.9046    38.4821    29.1133 0.0000e+00
   2035.000    13.2147     0.1918    98.2270 4.0407e-03 2.8099e+03    178.512    12.9046    38.4821    29.1133 0.0000e+00
   2036.000    13.2149     0.1938    98.2210 4.1429e-03 2.8099e+03    178.416    12.9046    38.4821    29.1134 0.0000e+00
   2037.000    13.2149     0.1939    98.2208 2.9583e-03 2.7981e+03    178.507    12.9045    38.4822    29.1134 0.0000e+00
   2038.000    13.2151     0.1855    98.2208 2.8650e-03 2.7808e+03    178.685    12.9045    38.4822    29.1134 0.0000e+00
   2039.000    13.2152     0.1850    98.2260 3.6973e-03 2.7761e+03    178.414    12.9045    38.4822    29.1135 0.0000e+00
   2040.000    13.2154     0.1843    98.2243 3.1907e-03 2.7457e+03    178.129    12.9045    38.4822    29.1134 0.0000e+00
   2041.000    13.2155     0.1886    98.2233 2.6073e-03 2.7157e+03    178.469    12.9044    38.4822    29.1135 0.0000e+00
   2042.000    13.2157     0.1882    98.2211 4.9545e-03 2.7425e+03    178.554    12.9045    38.4822    29.1135 0.0000e+00
   2043.000    13.2159     0.1853    98.2166 5.4663e-03 2.7533e+03    178.527    12.9044    38.4822    29.1134 0.0000e+00
   2044.000    13.2160     0.1911    98.2265 5.0519e-03 2.5895e+03    178.741    12.9044    38.4822    29.1135 0.0000e+00
   2045.000    13.2161     0.1880    98.2221 4.2645e-03 2.4187e+03    178.597    12.9044    38.4822    29.1135 0.0000e+00
   2046.000    13.2164     0.1828    98.2282 3.6735e-03 2.5088e+03    178.394    12.9045    38.4821    29.1134 0.0000e+00
   2047.000    13.2165     0.1908    98.2222 3.7168e-03 2.6578e+03    178.416    12.9045    38.4821    29.1134 0.0000e+00
   2048.000    13.2167     0.1916    98.2211 3.1249e-03 2.6738e+03    178.194    12.9045    38.4821    29.1134 0.0000e+00
   2049.000    13.2168     0.1907    98.2260 1.5802e-03 2.6983e+03    178.308    12.9044    38.4823    29.1135 0.0000e+00
   2050.000    13.2169     0.1911    98.2225 2.5384e-03 2.7326e+03    178.427    12.9044    38.4823    29.1136 0.0000e+00
   2051.000    13.2171     0.1909    98.2145 1.2846e-03 2.7260e+03    178.588    12.9043    38.4823    29.1135 0.0000e+00
   2052.000    13.2173     0.1892    98.2243 2.9447e-03 2.7206e+03    178.603    12.9044    38.4822    29.1135 0.0000e+00
   2053.000    13.2175     0.1882    98.2203 4.2639e-03 2.7122e+03    178.556    12.9045    38.4822    29.1134 0.0000e+00
   2054.000    13.2178     0.1901    98.2233 2.3077e-03 2.7057e+03    178.429    12.9045    38.4822    29.1134 0.0000e+00
   2055.000    13.2178     0.1919    98.2225 2.6051e-03 2.7002e+03    178.545    12.9044    38.4823    29.1135 0.0000e+00
   2056.000    13.2180     0.1881    98.2197 6.2113e-03 2.6958e+03    178.709    12.9044    38.4822    29.1135 0.0000e+00
   2057.000    13.2181     0.1868    98.2157 9.2026e-04 2.6938e+03    178.679    12.9044    38.4823    29.1135 0.0000e+00
   2058.000    13.2184     0.1883    98.2189 1.3405e-03 2.6935e+03    178.616    12.9045    38.4822    29.1135 0.0000e+00
   2059.000    13.2185     0.1875    98.2197 1.5746e-03 2.6940e+03    178.488    12.9045    38.4822    29.1134 0.0000e+00
   2060.000    13.2186     0.1885    98.2093 2.9873e-03 2.6927e+03    178.534    12.9044    38.4823    29.1135 0.0000e+00
   2061.000    13.2188     0.1932    98.2210 2.0163e-03 2.6901e+03    178.902    12.9044    38.4823    29.1135 0.0000e+00
   2062.000    13.2189     0.1962    98.2189 2.4317e-03 2.6886e+03    178.868    12.9044    38.4822    29.1135 0.0000e+00
   2063.000    13.2191     0.1937    98.2187 2.0090e-03 2.6840e+03    178.732    12.9045    38.4822    29.1135 0.0000e+00
   2064.000    13.2193     0.1912    98.2208 2.6069e-03 2.6836e+03    178.231    12.9044    38.4822    29.1134 0.0000e+00
   2065.000    13.2194     0.1892    98.2243 2.8351e-03 2.6843e+03    178.067    12.9044    38.4823    29.1135 0.0000e+00
   2066.000    13.2196     0.1843    98.2239 6.1632e-04 2.6817e+03    178.272    12.9044    38.4824    29.1136 0.0000e+00
   2067.000    13.2198     0.1847    98.2265 6.9031e-04 2.6832e+03    178.442    12.9044    38.4823    29.1136 0.0000e+00
   2068.000    13.2199     0.1877    98.2211 2.9115e-03 2.6816e+03    178.693    12.9044    38.4823    29.1135 0.0000e+00
   2069.000    13.2201     0.1850    98.2211 8.4507e-04 2.6866e+03    178.792    12.9044    38.4823    29.1135 0.0000e+00
   2070.000    13.2202     0.1839    98.2265 2.2415e-03 2.6822e+03    178.794    12.9044    38.4822    29.1135 0.0000e+00
   2071.000    13.2205     0.1842    98.2219 2.4383e-03 2.6915e+03    178.484    12.9045    38.4821    29.1134 0.0000e+00
   2072.000    13.2206     0.1881    98.2218 2.3066e-03 2.7145e+03    178.506    12.9044    38.4822    29.1135 0.0000e+00
   2073.000    13.2208     0.1862    98.2197 2.6047e-03 2.7322e+03    178.474    12.9044    38.4822    29.1134 0.0000e+00
   2074.000    13.2209     0.1898    98.2166 4.8247e-03 2.3669e+03    178.412    12.9044    38.4822    29.1135 0.0000e+00
   2075.000    13.2210     0.1923    98.2237 3.5559e-03 1.8648e+03    178.477    12.9043    38.4824    29.1136 0.0000e+00
   2076.000    13.2213     0.1886    98.2260 3.2868e-03 1.5634e+03    178.518    12.9045    38.4823    29.1135 0.0000e+00
   2077.000    13.2214     0.1840    98.2156 5.8391e-03 1.4674e+03    178.768    12.9044    38.4823    29.1136 0.0000e+00
   2078.000    13.2216     0.1816    98.2270 4.1102e-03 1.6933e+03    178.737    12.9044    38.4824    29.1136 0.0000e+00
   2079.000    13.2218     0.1864    98.2305 1.7546e-03 2.0766e+03    178.499    12.9044    38.4823    29.1135 0.0000e+00
   2080.000    13.2219     0.1910    98.2264 9.1439e-04 2.3807e+03    178.502    12.9044    38.4824    29.1136 0.0000e+00
   2081.000    13.2221     0.1860    98.2232 9.0633e-04 2.5984e+03    178.527    12.9044    38.4823    29.1135 0.0000e+00
   2082.000    13.2223     0.1884    98.2170 1.1692e-03 2.6613e+03    178.593    12.9045    38.4823    29.1135 0.0000e+00
   2083.000    13.2225     0.1861    98.2191 2.2129e-03 2.6477e+03    178.566    12.9045    38.4824    29.1136 0.0000e+00
   2084.000    13.2226     0.1878    98.2187 7.0129e-04 2.6411e+03    178.496    12.9044    38.4824    29.1136 0.0000e+00
   2085.000    13.2228     0.1848    98.2211 1.6679e-03 2.6354e+03    178.520    12.9044    38.4823    29.1135 0.0000e+00
   2086.000    13.2229     0.1871    98.2218 4.9610e-04 2.6324e+03    178.400    12.9044    38.4824    29.1136 0.0000e+00
   2087.000    13.2231     0.1856    98.2187 3.2125e-03 2.6307e+03    178.545    12.9045    38.4824    29.1136 0.0000e+00
   2088.000    13.2232     0.1863    98.2211 4.3355e-03 2.6303e+03    178.849    12.9044    38.4825    29.1137 0.0000e+00
   2089.000    13.2235     0.1856    98.2180 2.3734e-03 2.6264e+03    178.838    12.9045    38.4825    29.1136 0.0000e+00
   2090.000    13.2237     0.1850    98.2222 1.9949e-03 2.6228e+03    178.664    12.9046    38.4823    29.1135 0.0000e+00
   2091.000    13.2237     0.1919    98.2208 1.0620e-03 2.6300e+03    178.591    12.9044    38.4824    29.1136 0.0000e+00
   2092.000    13.2239     0.1921    98.2197 1.9928e-03 2.6249e+03    178.951    12.9045    38.4824    29.1136 0.0000e+00
   2093.000    13.2242     0.1917    98.2239 3.2854e-03 2.6254e+03    178.908    12.9045    38.4824    29.1136 0.0000e+00
   2094.000    13.2243     0.1879    98.2203 1.6190e-03 2.6270e+03    178.847    12.9045    38.4825    29.1137 0.0000e+00
   2095.000    13.2244     0.1892    98.2214 1.4990e-03 2.6177e+03    178.898    12.9044    38.4826    29.1138 0.0000e+00
   2096.000    13.2247     0.1871    98.2287 2.7930e-03 2.6228e+03    178.885    12.9045    38.4824    29.1136 0.0000e+00
   2097.000    13.2248     0.1913    98.2281 2.1965e-03 2.6154e+03    178.734    12.9045    38.4825    29.1136 0.0000e+00
   2098.000    13.2250     0.1913    98.2166 2.6090e-03 2.6126e+03    178.118    12.9045    38.4825    29.1136 0.0000e+00
   2099.000    13.2251     0.1874    98.2211 2.6925e-03 2.6052e+03    178.108    12.9045    38.4825    29.1137 0.0000e+00
   2100.000    13.2253     0.1872    98.2200 3.0333e-03 2.6101e+03    178.031    12.9045    38.4825    29.1137 0.0000e+00
