Data/ruptures/PEACETIME/FAST/PEACETIME_FAST_CTD_056.cnv
* Sea-Bird SBE 9 Data File:
* FileName = C:\CTD\rawCTD\PEACETIME_FAST_CTD_056.hdr
* Software Version Seasave V 7.23.2
* Temperature SN = 1378
* Conductivity SN = 2929
* Number of Bytes Per Scan = 38
* Number of Voltage Words = 5
* Number of Scans Averaged by the Deck Unit = 1
* NMEA Latitude = 37 56.76 N
* NMEA Longitude = 002 54.12 E
* NMEA UTC (Time) = Jun 02 2017  16:37:11
* NMEA baud rate = 4800
** Cruise:   PEACETIME
** Station:   FAST_CTD_056
# nquan = 11
# nvalues = 502                         
# units = specified
# name 0 = prDM: Pressure, Digiquartz [db]
# name 1 = t090C: Temperature [ITS-90, deg C]
# name 2 = flC: Fluorescence, Chelsea Aqua 3 Chl Con [ug/l]
# name 3 = CStarTr0: Beam Transmission, WET Labs C-Star [%]
# name 4 = par: PAR/Irradiance, Biospherical/Licor
# name 5 = spar: SPAR/Surface Irradiance
# name 6 = sbeox0Mm/Kg: Oxygen, SBE 43 [umol/kg]
# name 7 = potemp090C: Potential Temperature [ITS-90, deg C]
# name 8 = sal00: Salinity, Practical [PSU]
# name 9 = sigma-é00: Density [sigma-theta, kg/m^3]
# name 10 = flag:
# span 0 =      1.000,    502.000       
# span 1 =    13.4424,    21.2186       
# span 2 =     0.1765,     0.3887       
# span 3 =    93.1024,    98.4175       
# span 4 = 3.7081e-06, 1.2524e+02       
# span 5 = 1.8443e+03, 1.9273e+03       
# span 6 =    151.760,    242.422       
# span 7 =    13.3707,    21.2183       
# span 8 =    36.9954,    38.5859       
# span 9 =    26.0098,    29.0891       
# span 10 = 0.0000e+00, 0.0000e+00      
# interval = decibars: 1                
# start_time = Jun 02 2017 16:37:11 [NMEA time, first data scan]
# bad_flag = -9.990e-29
*END*
[from data line 132]
    133.000    14.0048     0.2091    98.0945 1.4591e-01 1.8916e+03    185.718    13.9850    38.2118    28.6751 0.0000e+00
    134.000    13.9947     0.2145    98.0890 1.4246e-01 1.8932e+03    185.415    13.9748    38.2157    28.6803 0.0000e+00
    135.000    13.9856     0.2102    98.1007 1.3394e-01 1.8930e+03    184.819    13.9656    38.2207    28.6862 0.0000e+00
    136.000    13.9724     0.2054    98.1012 1.2998e-01 1.8943e+03    184.323    13.9522    38.2255    28.6928 0.0000e+00
    137.000    13.9657     0.2007    98.1150 1.2676e-01 1.8926e+03    184.473    13.9454    38.2285    28.6966 0.0000e+00
    138.000    13.9623     0.1988    98.1149 1.2263e-01 1.8958e+03    184.496    13.9418    38.2299    28.6984 0.0000e+00
    139.000    13.9551     0.2007    98.0803 1.1988e-01 1.8950e+03    184.299    13.9346    38.2323    28.7019 0.0000e+00
    140.000    13.9443     0.2037    98.1470 1.1318e-01 1.8974e+03    183.940    13.9235    38.2360    28.7071 0.0000e+00
    141.000    13.9342     0.2036    98.1644 1.0760e-01 1.8962e+03    183.366    13.9133    38.2401    28.7125 0.0000e+00
    142.000    13.9258     0.2015    98.1652 1.0469e-01 1.8960e+03    183.456    13.9048    38.2431    28.7166 0.0000e+00
    143.000    13.9180     0.1975    98.1580 9.8069e-02 1.8943e+03    183.184    13.8969    38.2463    28.7208 0.0000e+00
    144.000    13.9124     0.1955    98.1741 9.3580e-02 1.8929e+03    183.041    13.8911    38.2482    28.7236 0.0000e+00
    145.000    13.8972     0.1941    98.1766 9.1080e-02 1.8964e+03    181.992    13.8757    38.2545    28.7317 0.0000e+00
    146.000    13.8911     0.1964    98.1689 8.8391e-02 1.8917e+03    181.930    13.8695    38.2566    28.7347 0.0000e+00
    147.000    13.8838     0.1994    98.1895 8.4272e-02 1.8959e+03    181.780    13.8621    38.2584    28.7377 0.0000e+00
    148.000    13.8680     0.1947    98.2086 7.8385e-02 1.8942e+03    181.970    13.8462    38.2625    28.7443 0.0000e+00
    149.000    13.8631     0.1950    98.2172 7.5112e-02 1.8930e+03    181.744    13.8411    38.2643    28.7468 0.0000e+00
    150.000    13.8620     0.1978    98.1962 7.2377e-02 1.8987e+03    181.789    13.8398    38.2646    28.7473 0.0000e+00
    151.000    13.8596     0.2009    98.2075 6.9820e-02 1.8943e+03    181.896    13.8373    38.2656    28.7486 0.0000e+00
    152.000    13.8509     0.1963    98.2135 6.9655e-02 1.8962e+03    181.596    13.8285    38.2686    28.7528 0.0000e+00
    153.000    13.8378     0.1922    98.2135 6.6483e-02 1.8972e+03    181.457    13.8153    38.2731    28.7592 0.0000e+00
    154.000    13.8292     0.1852    98.2260 6.3222e-02 1.8940e+03    181.577    13.8065    38.2761    28.7634 0.0000e+00
    155.000    13.8221     0.1904    98.2294 6.1085e-02 1.8890e+03    181.933    13.7993    38.2785    28.7668 0.0000e+00
    156.000    13.8169     0.1891    98.2327 5.8466e-02 1.8920e+03    182.142    13.7939    38.2803    28.7693 0.0000e+00
    157.000    13.8128     0.1906    98.2343 5.7823e-02 1.8931e+03    181.966    13.7896    38.2818    28.7715 0.0000e+00
    158.000    13.8095     0.1873    98.2459 5.3655e-02 1.8921e+03    181.191    13.7862    38.2839    28.7738 0.0000e+00
    159.000    13.8043     0.1887    98.2402 5.0903e-02 1.8953e+03    180.638    13.7809    38.2870    28.7773 0.0000e+00
    160.000    13.7968     0.1901    98.2416 4.8755e-02 1.8885e+03    181.006    13.7733    38.2900    28.7813 0.0000e+00
    161.000    13.7838     0.1882    98.2604 4.6763e-02 1.8890e+03    182.133    13.7601    38.2955    28.7884 0.0000e+00
    162.000    13.7726     0.1854    98.2683 4.4848e-02 1.8877e+03    183.575    13.7487    38.2979    28.7927 0.0000e+00
    163.000    13.7613     0.1853    98.2791 4.2255e-02 1.8888e+03    184.773    13.7373    38.3005    28.7971 0.0000e+00
    164.000    13.7603     0.1856    98.2726 3.9859e-02 1.8856e+03    184.081    13.7362    38.3026    28.7990 0.0000e+00
    165.000    13.7562     0.1812    98.2916 3.7059e-02 1.8819e+03    184.116    13.7320    38.3050    28.8018 0.0000e+00
    166.000    13.7548     0.1877 -9.990e-29 3.7037e-02 1.8836e+03    183.782    13.7304    38.3064    28.8032 0.0000e+00
    167.000    13.7569     0.1878 -9.990e-29 3.5363e-02 1.8822e+03    183.037    13.7324    38.3090    28.8048 0.0000e+00
    168.000    13.7553     0.1872    98.2900 3.4719e-02 1.8822e+03    182.894    13.7306    38.3117    28.8072 0.0000e+00
    169.000    13.7534     0.1898    98.3000 3.3299e-02 1.8844e+03    182.141    13.7285    38.3156    28.8107 0.0000e+00
    170.000    13.7526     0.1891    98.3009 3.1937e-02 1.8818e+03    179.595    13.7276    38.3203    28.8145 0.0000e+00
    171.000    13.7458     0.1911    98.2981 3.1605e-02 1.8780e+03    178.947    13.7206    38.3222    28.8175 0.0000e+00
    172.000    13.7434     0.1878    98.2936 2.8935e-02 1.8797e+03    180.344    13.7181    38.3247    28.8200 0.0000e+00
    173.000    13.7387     0.1830    98.3038 2.9385e-02 1.8821e+03    181.412    13.7132    38.3261    28.8221 0.0000e+00
    174.000    13.7291     0.1832    98.2997 2.7032e-02 1.8798e+03    179.585    13.7035    38.3273    28.8251 0.0000e+00
    175.000    13.7209     0.1840    98.3082 2.5501e-02 1.8842e+03    178.114    13.6952    38.3289    28.8282 0.0000e+00
    176.000    13.7123     0.1900    98.3109 2.5967e-02 1.8857e+03    178.457    13.6865    38.3292    28.8303 0.0000e+00
    177.000    13.7086     0.1930    98.3053 2.4500e-02 1.8829e+03    178.765    13.6826    38.3294    28.8312 0.0000e+00
    178.000    13.7047     0.1931    98.3160 2.2583e-02 1.8860e+03    180.101    13.6786    38.3349    28.8363 0.0000e+00
    179.000    13.7045     0.1894    98.3062 2.1326e-02 1.8836e+03    181.758    13.6782    38.3383    28.8391 0.0000e+00
    180.000    13.6937     0.1843    98.3181 2.2382e-02 1.8827e+03    183.880    13.6673    38.3374    28.8407 0.0000e+00
    181.000    13.6861     0.1869    98.3119 2.3215e-02 1.8798e+03    183.205    13.6596    38.3382    28.8430 0.0000e+00
    182.000    13.6876     0.1863    98.3154 2.3402e-02 1.8801e+03    181.492    13.6610    38.3436    28.8468 0.0000e+00
    183.000    13.6782     0.1825    98.3090 2.0664e-02 1.8770e+03    182.808    13.6513    38.3431    28.8485 0.0000e+00
    184.000    13.6563     0.1831    98.3100 1.9106e-02 1.8808e+03    185.681    13.6294    38.3388    28.8499 0.0000e+00
    185.000    13.6479     0.1833    98.3030 1.8660e-02 1.8799e+03    185.688    13.6209    38.3392    28.8520 0.0000e+00
    186.000    13.6637     0.1846    98.3132 2.0448e-02 1.8825e+03    179.791    13.6364    38.3535    28.8598 0.0000e+00
    187.000    13.6707     0.1857    98.3258 2.0088e-02 1.8811e+03    176.771    13.6433    38.3615    28.8645 0.0000e+00
    188.000    13.6631     0.1854    98.3302 1.9919e-02 1.8828e+03    176.780    13.6356    38.3615    28.8662 0.0000e+00
    189.000    13.6612     0.1840    98.3347 1.9008e-02 1.8804e+03    176.508    13.6335    38.3649    28.8692 0.0000e+00
    190.000    13.6612     0.1862    98.3225 1.7553e-02 1.8826e+03    176.405    13.6334    38.3666    28.8706 0.0000e+00
    191.000    13.6655     0.1874    98.3430 1.8708e-02 1.8807e+03    176.445    13.6375    38.3731    28.8748 0.0000e+00
    192.000    13.6682     0.1834    98.3369 1.6644e-02 1.8765e+03    175.707    13.6401    38.3801    28.8796 0.0000e+00
    193.000    13.6672     0.1823    98.3429 1.7035e-02 1.8761e+03    175.285    13.6389    38.3820    28.8813 0.0000e+00
    194.000    13.6659     0.1839    98.3499 1.6800e-02 1.8777e+03    176.243    13.6375    38.3846    28.8836 0.0000e+00
    195.000    13.6679     0.1834    98.3494 1.6818e-02 1.8751e+03    176.165    13.6393    38.3876    28.8856 0.0000e+00
    196.000    13.6684     0.1836    98.3606 1.2966e-02 1.8731e+03    175.550    13.6397    38.3884    28.8861 0.0000e+00
    197.000    13.6696     0.1862    98.3533 1.2996e-02 1.8755e+03    174.322    13.6407    38.3903    28.8874 0.0000e+00
    198.000    13.6683     0.1823    98.3508 1.3954e-02 1.8719e+03    173.255    13.6393    38.3926    28.8895 0.0000e+00
    199.000    13.6503     0.1840    98.3428 1.3197e-02 1.8755e+03    176.576    13.6211    38.3885    28.8901 0.0000e+00
    200.000    13.5607     0.1914    98.3401 1.2041e-02 1.8823e+03    186.364    13.5315    38.3653    28.8913 0.0000e+00
    201.000    13.4818     0.1867    98.3162 1.5632e-02 1.8888e+03    193.257    13.4526    38.3509    28.8968 0.0000e+00
    202.000    13.4687     0.1833    98.3074 1.4195e-02 1.8816e+03    195.134    13.4393    38.3498    28.8988 0.0000e+00
    203.000    13.4702     0.1845    98.2937 1.3389e-02 1.8848e+03    194.632    13.4407    38.3537    28.9016 0.0000e+00
    204.000    13.4841     0.1880    98.3034 1.1315e-02 1.8770e+03    192.439    13.4544    38.3611    28.9043 0.0000e+00
    205.000    13.4930     0.1845    98.3084 1.0511e-02 1.8801e+03    191.102    13.4631    38.3656    28.9060 0.0000e+00
    206.000    13.4758     0.1818    98.2929 9.7019e-03 1.8840e+03    191.690    13.4458    38.3621    28.9070 0.0000e+00
    207.000    13.4899     0.1842    98.2833 1.1739e-02 1.8796e+03    190.241    13.4598    38.3734    28.9127 0.0000e+00
    208.000    13.4936     0.1835    98.3087 9.1686e-03 1.8821e+03    189.593    13.4633    38.3756    28.9137 0.0000e+00
    209.000    13.4785     0.1815    98.3056 9.3443e-03 1.8809e+03    190.215    13.4481    38.3727    28.9147 0.0000e+00
    210.000    13.5040     0.1867    98.3115 9.6293e-03 1.8833e+03    186.767    13.4735    38.3866    28.9201 0.0000e+00
    211.000    13.5359     0.1861    98.3130 1.0302e-02 1.8785e+03    182.891    13.5051    38.3979    28.9222 0.0000e+00
    212.000    13.5341     0.1845    98.3216 8.4574e-03 1.8810e+03    182.487    13.5032    38.3975    28.9223 0.0000e+00
    213.000    13.5125     0.1867    98.3042 7.3712e-03 1.8798e+03    184.203    13.4814    38.3931    28.9235 0.0000e+00
    214.000    13.5007     0.1874    98.3177 5.8662e-03 1.8802e+03    185.461    13.4695    38.3923    28.9254 0.0000e+00
    215.000    13.5082     0.1819 -9.990e-29 7.7870e-03 1.8800e+03    184.172    13.4768    38.3969    28.9274 0.0000e+00
    216.000    13.5117     0.1851 -9.990e-29 7.1473e-03 1.8780e+03    184.697    13.4803    38.3997    28.9288 0.0000e+00
    217.000    13.5012     0.1850 -9.990e-29 8.6181e-03 1.8826e+03    185.123    13.4696    38.3992    28.9307 0.0000e+00
    218.000    13.4988     0.1848 -9.990e-29 7.2035e-03 1.8797e+03    185.345    13.4670    38.3984    28.9306 0.0000e+00
    219.000    13.4943     0.1855 -9.990e-29 5.3779e-03 1.8765e+03    185.568    13.4624    38.3976    28.9309 0.0000e+00
    220.000    13.4962     0.1896    98.3111 5.9090e-03 1.8779e+03    185.872    13.4642    38.3986    28.9314 0.0000e+00
    221.000    13.5030     0.1893    98.3094 7.2809e-03 1.8741e+03    184.663    13.4708    38.4018    28.9325 0.0000e+00
    222.000    13.5125     0.1869    98.3146 6.8968e-03 1.8730e+03    182.724    13.4802    38.4078    28.9351 0.0000e+00
    223.000    13.5181     0.1872    98.3176 8.3571e-03 1.8715e+03    181.267    13.4856    38.4111    28.9365 0.0000e+00
    224.000    13.5294     0.1916 -9.990e-29 6.4662e-03 1.8726e+03    180.034    13.4967    38.4153    28.9374 0.0000e+00
    225.000    13.5257     0.1906 -9.990e-29 5.4098e-03 1.8721e+03    180.390    13.4929    38.4149    28.9379 0.0000e+00
    226.000    13.5309     0.1892    98.3221 5.0457e-03 1.8729e+03    179.153    13.4979    38.4196    28.9405 0.0000e+00
    227.000    13.5462     0.1872    98.3228 5.1044e-03 1.8713e+03    177.450    13.5130    38.4260    28.9423 0.0000e+00
    228.000    13.5477     0.1835    98.3295 4.3084e-03 1.8719e+03    177.445    13.5144    38.4262    28.9421 0.0000e+00
    229.000    13.5317     0.1852    98.3227 4.1626e-03 1.8728e+03    178.139    13.4982    38.4248    28.9444 0.0000e+00
    230.000    13.5329     0.1829    98.3314 4.5493e-03 1.8764e+03    178.439    13.4994    38.4273    28.9462 0.0000e+00
    231.000    13.5311     0.1893    98.3284 2.9622e-03 1.8748e+03    178.895    13.4974    38.4272    28.9465 0.0000e+00
    232.000    13.5100     0.1863    98.3245 1.9148e-03 1.8756e+03    180.282    13.4762    38.4229    28.9476 0.0000e+00
    233.000    13.4905     0.1828    98.3125 4.0666e-03 1.8734e+03    181.760    13.4566    38.4195    28.9491 0.0000e+00
    234.000    13.4837     0.1823    98.3023 4.7740e-03 1.8750e+03    182.261    13.4496    38.4184    28.9498 0.0000e+00
    235.000    13.4779     0.1799    98.3056 3.0985e-03 1.8751e+03    183.494    13.4437    38.4169    28.9499 0.0000e+00
    236.000    13.4638     0.1835    98.2968 3.7254e-03 1.8759e+03    184.774    13.4295    38.4155    28.9518 0.0000e+00
    237.000    13.4708     0.1868    98.2973 3.5410e-03 1.8771e+03    183.830    13.4363    38.4232    28.9564 0.0000e+00
    238.000    13.4784     0.1812    98.2970 4.2636e-03 1.8720e+03    182.504    13.4438    38.4264    28.9572 0.0000e+00
    239.000    13.4845     0.1852    98.2986 2.8389e-03 1.8755e+03    181.439    13.4497    38.4312    28.9597 0.0000e+00
    240.000    13.4858     0.1846    98.3032 3.7501e-03 1.8733e+03    180.815    13.4509    38.4328    28.9607 0.0000e+00
    241.000    13.4851     0.1802    98.2922 5.0276e-03 1.8725e+03    181.344    13.4500    38.4332    28.9612 0.0000e+00
    242.000    13.4832     0.1815    98.2928 3.4768e-03 1.8702e+03    180.987    13.4480    38.4332    28.9616 0.0000e+00
    243.000    13.4823     0.1916    98.2886 4.2218e-03 1.8702e+03    180.930    13.4469    38.4358    28.9639 0.0000e+00
    244.000    13.4835     0.1808    98.2858 3.5372e-03 1.8729e+03    180.976    13.4479    38.4382    28.9655 0.0000e+00
    245.000    13.4844     0.1829    98.2875 4.0257e-03 1.8687e+03    181.254    13.4487    38.4388    28.9658 0.0000e+00
    246.000    13.4852     0.1811    98.2886 3.1161e-03 1.8675e+03    180.718    13.4494    38.4404    28.9669 0.0000e+00
    247.000    13.4898     0.1835    98.2887 4.3187e-03 1.8636e+03    180.250    13.4538    38.4443    28.9690 0.0000e+00
    248.000    13.4913     0.1885    98.2950 1.6352e-03 1.8691e+03    179.792    13.4552    38.4454    28.9696 0.0000e+00
    249.000    13.4931     0.1851    98.2844 3.0267e-03 1.8644e+03    179.711    13.4568    38.4464    28.9700 0.0000e+00
    250.000    13.4946     0.1861    98.2838 9.5160e-04 1.8663e+03    179.239    13.4582    38.4472    28.9703 0.0000e+00
    251.000    13.4964     0.1830    98.2916 1.8542e-03 1.8671e+03    178.584    13.4598    38.4485    28.9710 0.0000e+00
    252.000    13.5001     0.1841    98.2894 2.4849e-03 1.8658e+03    177.937    13.4633    38.4516    28.9726 0.0000e+00
    253.000    13.4985     0.1832    98.2825 2.4924e-03 1.8688e+03    178.256    13.4616    38.4536    28.9745 0.0000e+00
    254.000    13.4973     0.1896 -9.990e-29 2.1850e-03 1.8665e+03    178.429    13.4602    38.4551    28.9760 0.0000e+00
    255.000    13.4982     0.1919 -9.990e-29 2.2788e-03 1.8686e+03    178.301    13.4610    38.4566    28.9770 0.0000e+00
    256.000    13.4981     0.1955    98.2729 4.3414e-03 1.8627e+03    178.314    13.4607    38.4581    28.9782 0.0000e+00
    257.000    13.4987     0.1906    98.2795 3.5145e-03 1.8672e+03    178.081    13.4612    38.4603    28.9798 0.0000e+00
    258.000    13.5021     0.1927    98.2834 2.7004e-03 1.8620e+03    177.170    13.4644    38.4630    28.9813 0.0000e+00
    259.000    13.5088     0.1852    98.2838 2.2368e-03 1.8610e+03    175.331    13.4710    38.4664    28.9825 0.0000e+00
    260.000    13.5316     0.1834    98.2936 3.1281e-04 1.8629e+03    171.508    13.4936    38.4765    28.9855 0.0000e+00
    261.000    13.5402     0.1934    98.3141 1.7243e-03 1.8612e+03    169.917    13.5020    38.4795    28.9861 0.0000e+00
    262.000    13.5402     0.1866 -9.990e-29 1.2975e-03 1.8574e+03    170.755    13.5019    38.4794    28.9860 0.0000e+00
