Data/ruptures/PEACETIME/FAST/PEACETIME_FAST_CTD_058.cnv
* Sea-Bird SBE 9 Data File:
* FileName = C:\CTD\rawCTD\PEACETIME_FAST_CTD_058.hdr
* Software Version Seasave V 7.23.2
* Temperature SN = 1378
* Conductivity SN = 2929
* Number of Bytes Per Scan = 38
* Number of Voltage Words = 5
* Number of Scans Averaged by the Deck Unit = 1
* NMEA Latitude = 37 56.82 N
* NMEA Longitude = 002 54.92 E
* NMEA UTC (Time) = Jun 03 2017  04:19:58
* NMEA baud rate = 4800
** Cruise:   PEACETIME
** Station:   FAST_CTD_058
# nquan = 11
# nvalues = 2822                        
# units = specified
# name 0 = prDM: Pressure, Digiquartz [db]
# name 1 = t090C: Temperature [ITS-90, deg C]
# name 2 = flC: Fluorescence, Chelsea Aqua 3 Chl Con [ug/l]
# name 3 = CStarTr0: Beam Transmission, WET Labs C-Star [%]
# name 4 = par: PAR/Irradiance, Biospherical/Licor
# name 5 = spar: SPAR/Surface Irradiance
# name 6 = sbeox0Mm/Kg: Oxygen, SBE 43 [umol/kg]
# name 7 = potemp090C: Potential Temperature [ITS-90, deg C]
# name 8 = sal00: Salinity, Practical [PSU]
# name 9 = sigma-é00: Density [sigma-theta, kg/m^3]
# name 10 = flag:
# span 0 =      1.000,   2822.000       
# span 1 =    13.1213,    21.0562       
# span 2 =     0.1732,     0.3995       
# span 3 =    95.6297,    98.4580       
# span 4 = -5.928e-06, 3.8156e+00       
# span 5 = 9.2733e+00, 4.8341e+02       
# span 6 =    152.236,    239.457       
# span 7 =    12.9037,    21.0548       
# span 8 =    37.0458,    38.5868       
# span 9 =    26.0383,    29.1162       
# span 10 = 0.0000e+00, 0.0000e+00      
# interval = decibars: 1                
# start_time = Jun 03 2017 04:21:58 [NMEA time, first data scan]
# bad_flag = -9.990e-29
*END*
[from data line 1837]
   1838.000    13.1844     0.1851 -9.990e-29 5.4472e-04 2.2411e+02    178.242    12.9063    38.4813    29.1124 0.0000e+00
   1839.000    13.1844     0.1897 -9.990e-29 5.5551e-04 2.2076e+02    178.164    12.9062    38.4812    29.1123 0.0000e+00
   1840.000    13.1846     0.1933 -9.990e-29 1.8207e-03 2.2544e+02    178.194    12.9062    38.4811    29.1122 0.0000e+00
   1841.000    13.1847     0.1927 -9.990e-29 8.2964e-04 2.2334e+02    177.930    12.9061    38.4811    29.1122 0.0000e+00
   1842.000    13.1849     0.1922 -9.990e-29 2.1748e-03 2.1879e+02    177.820    12.9062    38.4813    29.1124 0.0000e+00
   1843.000    13.1852     0.1888 -9.990e-29 2.3088e-03 2.2255e+02    178.053    12.9063    38.4812    29.1123 0.0000e+00
   1844.000    13.1853     0.1832 -9.990e-29 2.4482e-03 2.2650e+02    178.508    12.9062    38.4813    29.1124 0.0000e+00
   1845.000    13.1854     0.1842 -9.990e-29 1.4935e-03 2.2692e+02    178.376    12.9062    38.4813    29.1124 0.0000e+00
   1846.000    13.1856     0.1875 -9.990e-29 8.7128e-04 2.2211e+02    178.271    12.9063    38.4813    29.1124 0.0000e+00
   1847.000    13.1857     0.1875 -9.990e-29 2.5530e-03 2.2759e+02    178.630    12.9062    38.4813    29.1124 0.0000e+00
   1848.000    13.1859     0.1856 -9.990e-29 3.4458e-03 2.2713e+02    178.561    12.9062    38.4812    29.1123 0.0000e+00
   1849.000    13.1860     0.1850 -9.990e-29 2.4096e-03 2.2543e+02    178.278    12.9061    38.4813    29.1124 0.0000e+00
   1850.000    13.1862     0.1848 -9.990e-29 5.4885e-04 2.2352e+02    178.006    12.9062    38.4811    29.1123 0.0000e+00
   1851.000    13.1863     0.1836 -9.990e-29 9.2111e-04 2.2387e+02    178.087    12.9061    38.4813    29.1124 0.0000e+00
   1852.000    13.1865     0.1863 -9.990e-29 6.2643e-04 2.2621e+02    178.011    12.9061    38.4812    29.1124 0.0000e+00
   1853.000    13.1866     0.1825 -9.990e-29 1.4597e-03 2.2581e+02    177.777    12.9061    38.4813    29.1124 0.0000e+00
   1854.000    13.1868     0.1879 -9.990e-29 3.6844e-04 2.2490e+02    178.050    12.9062    38.4813    29.1124 0.0000e+00
   1855.000    13.1870     0.1877 -9.990e-29 2.1004e-03 2.2513e+02    178.071    12.9062    38.4812    29.1123 0.0000e+00
   1856.000    13.1871     0.1841 -9.990e-29 1.4194e-03 2.2720e+02    177.885    12.9061    38.4813    29.1124 0.0000e+00
   1857.000    13.1872     0.1898 -9.990e-29 3.7931e-03 2.2247e+02    177.985    12.9060    38.4813    29.1124 0.0000e+00
   1858.000    13.1873     0.1911 -9.990e-29 1.2048e-03 2.2533e+02    177.965    12.9060    38.4812    29.1124 0.0000e+00
   1859.000    13.1874     0.1909 -9.990e-29 1.5183e-03 2.2581e+02    178.032    12.9059    38.4812    29.1124 0.0000e+00
   1860.000    13.1876     0.1899 -9.990e-29 1.4301e-03 2.2156e+02    177.839    12.9059    38.4812    29.1124 0.0000e+00
   1861.000    13.1877     0.1901 -9.990e-29 3.3042e-03 2.2198e+02    177.910    12.9059    38.4812    29.1124 0.0000e+00
   1862.000    13.1879     0.1930 -9.990e-29 2.0100e-03 2.2673e+02    177.973    12.9060    38.4811    29.1123 0.0000e+00
   1863.000    13.1880     0.1904 -9.990e-29 7.7232e-04 2.2568e+02    178.027    12.9059    38.4811    29.1123 0.0000e+00
   1864.000    13.1883     0.1895 -9.990e-29 9.0015e-04 2.2641e+02    177.942    12.9060    38.4812    29.1123 0.0000e+00
   1865.000    13.1884     0.1881 -9.990e-29 2.2747e-03 2.2628e+02    177.812    12.9059    38.4812    29.1123 0.0000e+00
   1866.000    13.1885     0.1904 -9.990e-29 4.3574e-04 2.2327e+02    177.748    12.9059    38.4812    29.1123 0.0000e+00
   1867.000    13.1887     0.1888 -9.990e-29 1.9631e-03 2.2478e+02    177.704    12.9059    38.4812    29.1123 0.0000e+00
   1868.000    13.1888     0.1844 -9.990e-29 3.1233e-03 2.2819e+02    177.888    12.9059    38.4812    29.1124 0.0000e+00
   1869.000    13.1891     0.1830 -9.990e-29 7.3023e-04 2.2631e+02    178.157    12.9060    38.4812    29.1123 0.0000e+00
   1870.000    13.1892     0.1877 -9.990e-29 1.4776e-03 2.1352e+02    178.191    12.9059    38.4812    29.1124 0.0000e+00
   1871.000    13.1893     0.1855 -9.990e-29 2.2331e-03 2.1901e+02    178.390    12.9059    38.4813    29.1125 0.0000e+00
   1872.000    13.1895     0.1904 -9.990e-29 1.2555e-03 2.1255e+02    178.453    12.9059    38.4813    29.1124 0.0000e+00
   1873.000    13.1896     0.1933 -9.990e-29 1.7003e-03 2.1652e+02    178.202    12.9059    38.4812    29.1124 0.0000e+00
   1874.000    13.1897     0.1915 -9.990e-29 9.9746e-04 2.0513e+02    178.353    12.9059    38.4813    29.1124 0.0000e+00
   1875.000    13.1897     0.1944 -9.990e-29 1.0858e-03 2.0522e+02    178.448    12.9057    38.4814    29.1126 0.0000e+00
   1876.000    13.1900     0.1929 -9.990e-29 2.6246e-03 1.9800e+02    178.051    12.9057    38.4812    29.1124 0.0000e+00
   1877.000    13.1899     0.1876 -9.990e-29 2.0461e-03 1.9873e+02    178.078    12.9055    38.4813    29.1125 0.0000e+00
   1878.000    13.1899     0.1864 -9.990e-29 1.0100e-03 1.9464e+02    178.104    12.9054    38.4814    29.1126 0.0000e+00
   1879.000    13.1902     0.1872    98.4476 3.4899e-03 2.0020e+02    178.123    12.9055    38.4813    29.1125 0.0000e+00
   1880.000    13.1904     0.1852    98.4487 5.1435e-03 1.9410e+02    178.215    12.9055    38.4813    29.1125 0.0000e+00
   1881.000    13.1905     0.1884    98.4509 5.8239e-03 1.9845e+02    177.986    12.9055    38.4812    29.1125 0.0000e+00
   1882.000    13.1907     0.1948    98.4476 3.9086e-03 1.9640e+02    178.306    12.9055    38.4812    29.1124 0.0000e+00
   1883.000    13.1908     0.1917    98.4027 4.6996e-03 1.9720e+02    178.246    12.9055    38.4812    29.1125 0.0000e+00
   1884.000    13.1910     0.1863 -9.990e-29 3.2897e-03 1.9655e+02    177.992    12.9055    38.4813    29.1125 0.0000e+00
   1885.000    13.1913     0.1878 -9.990e-29 2.2183e-03 1.9368e+02    177.771    12.9056    38.4812    29.1124 0.0000e+00
   1886.000    13.1914     0.1858 -9.990e-29 1.4631e-04 1.9428e+02    177.870    12.9056    38.4811    29.1124 0.0000e+00
   1887.000    13.1915     0.1827 -9.990e-29 2.1795e-03 1.9997e+02    178.151    12.9055    38.4812    29.1125 0.0000e+00
   1888.000    13.1917     0.1846 -9.990e-29 2.4108e-03 1.9862e+02    178.395    12.9055    38.4812    29.1124 0.0000e+00
   1889.000    13.1918     0.1842 -9.990e-29 2.3226e-03 1.9805e+02    178.358    12.9055    38.4813    29.1125 0.0000e+00
   1890.000    13.1919     0.1869 -9.990e-29 9.1670e-04 2.0385e+02    178.180    12.9054    38.4813    29.1125 0.0000e+00
   1891.000    13.1920     0.1842 -9.990e-29 2.4961e-03 2.0579e+02    178.029    12.9054    38.4813    29.1126 0.0000e+00
   1892.000    13.1922     0.1828 -9.990e-29 1.7953e-03 2.0415e+02    178.166    12.9054    38.4812    29.1125 0.0000e+00
   1893.000    13.1923     0.1902 -9.990e-29 1.1111e-03 2.0660e+02    178.579    12.9054    38.4812    29.1125 0.0000e+00
   1894.000    13.1924     0.1844 -9.990e-29 1.4843e-03 2.0235e+02    178.623    12.9053    38.4812    29.1125 0.0000e+00
   1895.000    13.1926     0.1848 -9.990e-29 1.1047e-03 2.0326e+02    178.348    12.9053    38.4813    29.1126 0.0000e+00
   1896.000    13.1927     0.1858 -9.990e-29 2.5123e-03 2.0832e+02    178.286    12.9053    38.4813    29.1125 0.0000e+00
   1897.000    13.1928     0.1832 -9.990e-29 4.3973e-03 2.2025e+02    178.030    12.9052    38.4813    29.1126 0.0000e+00
   1898.000    13.1930     0.1795 -9.990e-29 2.3528e-03 2.2139e+02    177.742    12.9053    38.4812    29.1125 0.0000e+00
   1899.000    13.1932     0.1820 -9.990e-29 2.4734e-03 2.2126e+02    178.148    12.9052    38.4813    29.1126 0.0000e+00
   1900.000    13.1934     0.1862 -9.990e-29 2.9822e-03 2.2381e+02    178.663    12.9053    38.4813    29.1126 0.0000e+00
   1901.000    13.1936     0.1927 -9.990e-29 1.4250e-03 2.2452e+02    178.520    12.9054    38.4813    29.1126 0.0000e+00
   1902.000    13.1937     0.1896 -9.990e-29 8.9814e-04 2.2088e+02    178.465    12.9053    38.4813    29.1125 0.0000e+00
   1903.000    13.1940     0.1886 -9.990e-29 1.9462e-03 2.2677e+02    178.421    12.9054    38.4814    29.1126 0.0000e+00
   1904.000    13.1942     0.1859 -9.990e-29 1.6157e-03 2.2138e+02    178.121    12.9055    38.4813    29.1125 0.0000e+00
   1905.000    13.1944     0.1865 -9.990e-29 1.1358e-03 2.2767e+02    178.048    12.9055    38.4813    29.1126 0.0000e+00
   1906.000    13.1945     0.1822 -9.990e-29 1.1083e-03 2.2276e+02    178.165    12.9054    38.4815    29.1127 0.0000e+00
   1907.000    13.1947     0.1881 -9.990e-29 1.4013e-03 2.1846e+02    178.333    12.9054    38.4814    29.1127 0.0000e+00
   1908.000    13.1948     0.1923 -9.990e-29 2.7937e-03 2.1544e+02    178.423    12.9054    38.4814    29.1126 0.0000e+00
   1909.000    13.1950     0.1908 -9.990e-29 2.1680e-03 2.2050e+02    178.592    12.9055    38.4813    29.1126 0.0000e+00
   1910.000    13.1952     0.1839 -9.990e-29 1.7236e-03 2.2183e+02    178.479    12.9054    38.4814    29.1126 0.0000e+00
   1911.000    13.1954     0.1848 -9.990e-29 1.1421e-03 2.2166e+02    178.436    12.9055    38.4814    29.1126 0.0000e+00
   1912.000    13.1956     0.1849 -9.990e-29 8.3713e-04 2.1417e+02    178.393    12.9055    38.4814    29.1126 0.0000e+00
   1913.000    13.1957     0.1795 -9.990e-29 5.3032e-04 2.1121e+02    178.452    12.9055    38.4814    29.1126 0.0000e+00
   1914.000    13.1958     0.1809 -9.990e-29 1.8150e-03 2.2386e+02    178.645    12.9054    38.4814    29.1127 0.0000e+00
   1915.000    13.1959     0.1846 -9.990e-29 1.1213e-03 2.2830e+02    178.604    12.9054    38.4814    29.1127 0.0000e+00
   1916.000    13.1961     0.1888 -9.990e-29 3.5578e-04 2.2935e+02    178.410    12.9054    38.4815    29.1127 0.0000e+00
   1917.000    13.1961     0.1903 -9.990e-29 2.3683e-03 2.0702e+02    178.154    12.9053    38.4815    29.1127 0.0000e+00
   1918.000    13.1962     0.1927 -9.990e-29 4.6758e-04 2.1189e+02    177.778    12.9052    38.4815    29.1127 0.0000e+00
   1919.000    13.1964     0.1854 -9.990e-29 5.7837e-04 2.2353e+02    177.748    12.9052    38.4814    29.1127 0.0000e+00
   1920.000    13.1966     0.1854 -9.990e-29 1.1792e-03 2.2465e+02    177.721    12.9052    38.4815    29.1127 0.0000e+00
   1921.000    13.1967     0.1866 -9.990e-29 1.4228e-03 2.2307e+02    177.921    12.9052    38.4815    29.1127 0.0000e+00
   1922.000    13.1968     0.1852 -9.990e-29 1.0116e-03 2.1479e+02    178.346    12.9051    38.4815    29.1127 0.0000e+00
   1923.000    13.1970     0.1862 -9.990e-29 1.0765e-03 2.1968e+02    178.525    12.9051    38.4815    29.1128 0.0000e+00
   1924.000    13.1972     0.1829 -9.990e-29 3.6321e-03 2.1678e+02    178.257    12.9052    38.4814    29.1127 0.0000e+00
   1925.000    13.1973     0.1811 -9.990e-29 2.7753e-03 2.1566e+02    178.300    12.9051    38.4814    29.1127 0.0000e+00
   1926.000    13.1975     0.1877 -9.990e-29 2.4976e-03 2.2493e+02    178.431    12.9051    38.4813    29.1126 0.0000e+00
   1927.000    13.1976     0.1915 -9.990e-29 1.6370e-03 2.2060e+02    178.583    12.9051    38.4814    29.1127 0.0000e+00
   1928.000    13.1977     0.1881 -9.990e-29 1.5729e-03 2.1615e+02    178.803    12.9051    38.4814    29.1127 0.0000e+00
   1929.000    13.1979     0.1874 -9.990e-29 2.8582e-03 2.0769e+02    178.711    12.9051    38.4814    29.1127 0.0000e+00
   1930.000    13.1981     0.1879 -9.990e-29 2.8865e-03 2.1845e+02    178.554    12.9051    38.4814    29.1127 0.0000e+00
   1931.000    13.1983     0.1914 -9.990e-29 2.9986e-03 2.2685e+02    178.235    12.9051    38.4814    29.1127 0.0000e+00
   1932.000    13.1984     0.1947 -9.990e-29 3.1310e-03 2.2739e+02    177.723    12.9051    38.4815    29.1128 0.0000e+00
   1933.000    13.1986     0.1901 -9.990e-29 1.5014e-03 2.1922e+02    177.682    12.9052    38.4815    29.1127 0.0000e+00
   1934.000    13.1986     0.1899 -9.990e-29 2.3611e-03 2.1542e+02    178.125    12.9050    38.4815    29.1128 0.0000e+00
   1935.000    13.1989     0.1865 -9.990e-29 4.7322e-03 2.1805e+02    178.390    12.9051    38.4815    29.1127 0.0000e+00
   1936.000    13.1990     0.1893 -9.990e-29 4.2658e-03 2.1528e+02    178.387    12.9051    38.4814    29.1127 0.0000e+00
   1937.000    13.1991     0.1867 -9.990e-29 3.7573e-03 2.1927e+02    178.326    12.9050    38.4815    29.1128 0.0000e+00
   1938.000    13.1993     0.1837 -9.990e-29 3.5029e-03 2.1731e+02    178.263    12.9051    38.4814    29.1128 0.0000e+00
   1939.000    13.1994     0.1829 -9.990e-29 3.5550e-03 2.1332e+02    178.124    12.9049    38.4815    29.1128 0.0000e+00
   1940.000    13.1996     0.1833 -9.990e-29 2.2338e-03 2.2113e+02    178.034    12.9050    38.4815    29.1128 0.0000e+00
   1941.000    13.1997     0.1817 -9.990e-29 4.0364e-03 2.1582e+02    178.011    12.9049    38.4816    29.1129 0.0000e+00
   1942.000    13.1999     0.1855 -9.990e-29 3.3196e-03 2.1534e+02    178.142    12.9050    38.4815    29.1128 0.0000e+00
   1943.000    13.2000     0.1883 -9.990e-29 3.0849e-03 2.1551e+02    178.295    12.9049    38.4815    29.1128 0.0000e+00
   1944.000    13.2002     0.1910 -9.990e-29 3.8087e-03 2.1783e+02    178.220    12.9050    38.4815    29.1128 0.0000e+00
   1945.000    13.2004     0.1904 -9.990e-29 5.4275e-04 2.2850e+02    178.356    12.9050    38.4816    29.1129 0.0000e+00
   1946.000    13.2006     0.1921 -9.990e-29 7.9562e-04 2.1459e+02    178.394    12.9050    38.4816    29.1129 0.0000e+00
   1947.000    13.2007     0.1927 -9.990e-29 1.1567e-03 2.1845e+02    178.499    12.9050    38.4816    29.1129 0.0000e+00
   1948.000    13.2010     0.1906 -9.990e-29 4.4353e-04 2.1964e+02    178.484    12.9050    38.4816    29.1128 0.0000e+00
   1949.000    13.2011     0.1911 -9.990e-29 1.1337e-03 2.2355e+02    178.536    12.9050    38.4816    29.1129 0.0000e+00
   1950.000    13.2013     0.1901 -9.990e-29 4.0244e-04 2.1896e+02    178.549    12.9050    38.4818    29.1130 0.0000e+00
   1951.000    13.2015     0.1894 -9.990e-29 5.5088e-04 2.1653e+02    178.335    12.9051    38.4816    29.1128 0.0000e+00
   1952.000    13.2017     0.1945 -9.990e-29 1.8874e-03 2.1387e+02    177.820    12.9052    38.4816    29.1128 0.0000e+00
   1953.000    13.2017     0.1958 -9.990e-29 6.7796e-04 2.1881e+02    177.804    12.9050    38.4817    29.1130 0.0000e+00
   1954.000    13.2019     0.1861 -9.990e-29 1.5356e-03 2.1399e+02    178.274    12.9050    38.4817    29.1129 0.0000e+00
   1955.000    13.2021     0.1869 -9.990e-29 2.9556e-03 2.0903e+02    178.273    12.9050    38.4817    29.1129 0.0000e+00
   1956.000    13.2023     0.1844 -9.990e-29 4.6806e-04 2.1601e+02    178.306    12.9051    38.4816    29.1128 0.0000e+00
   1957.000    13.2024     0.1842 -9.990e-29 5.9008e-04 2.1041e+02    178.474    12.9051    38.4816    29.1129 0.0000e+00
   1958.000    13.2024     0.1877 -9.990e-29 1.2404e-03 2.1285e+02    178.478    12.9049    38.4817    29.1129 0.0000e+00
   1959.000    13.2025     0.1917 -9.990e-29 2.2248e-03 2.2329e+02    178.445    12.9049    38.4817    29.1130 0.0000e+00
   1960.000    13.2028     0.1875 -9.990e-29 2.2469e-03 2.1807e+02    178.295    12.9049    38.4816    29.1129 0.0000e+00
   1961.000    13.2029     0.1879 -9.990e-29 2.5233e-04 2.1436e+02    178.444    12.9049    38.4816    29.1129 0.0000e+00
   1962.000    13.2031     0.1892 -9.990e-29 2.5362e-03 2.1961e+02    178.046    12.9049    38.4815    29.1128 0.0000e+00
   1963.000    13.2030     0.1909 -9.990e-29 3.4135e-03 2.1827e+02    177.937    12.9047    38.4817    29.1130 0.0000e+00
   1964.000    13.2032     0.1896 -9.990e-29 1.4565e-03 2.1165e+02    177.986    12.9047    38.4815    29.1129 0.0000e+00
   1965.000    13.2033     0.1860 -9.990e-29 1.9551e-03 2.1704e+02    177.979    12.9047    38.4816    29.1129 0.0000e+00
   1966.000    13.2034     0.1861 -9.990e-29 2.7922e-03 2.1971e+02    178.143    12.9046    38.4816    29.1130 0.0000e+00
   1967.000    13.2036     0.1891 -9.990e-29 2.6653e-03 2.1670e+02    178.201    12.9046    38.4816    29.1130 0.0000e+00
