Data/ruptures/PEACETIME/FAST/PEACETIME_FAST_CTD_090.cnv
* Sea-Bird SBE 9 Data File:
* FileName = C:\CTD\rawCTD\PEACETIME_FAST_CTD_090.hdr
* Software Version Seasave V 7.23.2
* Temperature SN = 1378
* Conductivity SN = 2929
* Number of Bytes Per Scan = 38
* Number of Voltage Words = 5
* Number of Scans Averaged by the Deck Unit = 1
* NMEA Latitude = 37 56.81 N
* NMEA Longitude = 002 54.94 E
* NMEA UTC (Time) = Jun 09 2017  02:40:30
* NMEA baud rate = 4800
** Cruise:   PEACETIME
** Station:   FAST_CTD_090
# nquan = 11
# nvalues = 498                         
# units = specified
# name 0 = prDM: Pressure, Digiquartz [db]
# name 1 = t090C: Temperature [ITS-90, deg C]
# name 2 = flC: Fluorescence, Chelsea Aqua 3 Chl Con [ug/l]
# name 3 = CStarTr0: Beam Transmission, WET Labs C-Star [%]
# name 4 = par: PAR/Irradiance, Biospherical/Licor
# name 5 = spar: SPAR/Surface Irradiance
# name 6 = sbeox0Mm/Kg: Oxygen, SBE 43 [umol/kg]
# name 7 = potemp090C: Potential Temperature [ITS-90, deg C]
# name 8 = sal00: Salinity, Practical [PSU]
# name 9 = sigma-é00: Density [sigma-theta, kg/m^3]
# name 10 = flag:
# span 0 =      3.000,    500.000       
# span 1 =    13.4539,    21.5563       
# span 2 =     0.1763,     0.3979       
# span 3 =    94.6848,    98.1494       
# span 4 = -1.151e-05, 1.7362e-01       
# span 5 = 1.2269e+00, 5.1693e+00       
# span 6 =    151.963,    240.503       
# span 7 =    13.3806,    21.5541       
# span 8 =    37.0335,    38.5954       
# span 9 =    25.9491,    29.0895       
# span 10 = 0.0000e+00, 0.0000e+00      
# interval = decibars: 1                
# start_time = Jun 09 2017 02:40:31 [NMEA time, first data scan]
# bad_flag = -9.990e-29
*END*
      3.000    21.5460     0.2222    96.7351 1.7362e-01 4.1375e+00    209.350    21.5454    37.1118    25.9513 0.0000e+00
      4.000    21.5427     0.2112    96.7388 1.1561e-01 3.0661e+00    209.436    21.5419    37.1120    25.9525 0.0000e+00
      5.000    21.5374     0.2179    96.7539 6.1477e-02 3.1366e+00    209.889    21.5364    37.1124    25.9544 0.0000e+00
      6.000    21.5295     0.2149    96.7521 4.5243e-02 2.8472e+00    209.948    21.5283    37.1129    25.9570 0.0000e+00
      7.000    21.5432     0.2095    96.7539 3.5328e-02 3.0074e+00    210.271    21.5418    37.1125    25.9529 0.0000e+00
      8.000    21.5494     0.2083    96.7411 2.5787e-02 3.0778e+00    210.479    21.5479    37.1122    25.9510 0.0000e+00
      9.000    21.5518     0.2072    96.7493 1.6727e-02 3.7798e+00    210.383    21.5500    37.1121    25.9503 0.0000e+00
     10.000    21.5355     0.2080    96.7440 8.2917e-03 2.5412e+00    210.701    21.5336    37.1131    25.9557 0.0000e+00
     11.000    21.5563     0.2034    96.7583 6.6817e-03 3.4367e+00    210.849    21.5541    37.1120    25.9491 0.0000e+00
     12.000    21.5559     0.2079    96.7453 2.8849e-03 3.3050e+00    210.644    21.5536    37.1121    25.9493 0.0000e+00
     13.000    21.5325     0.2017    96.7580 1.9758e-03 2.5329e+00    210.927    21.5300    37.1124    25.9561 0.0000e+00
     14.000    21.5161     0.2098    96.7449 5.0061e-04 3.8587e+00    211.139    21.5133    37.1127    25.9610 0.0000e+00
     15.000    21.5142     0.2126    96.7564 -1.151e-05 3.4949e+00    210.812    21.5112    37.1135    25.9622 0.0000e+00
     16.000    21.5114     0.2056    96.7699 1.0000e-12 3.3510e+00    210.986    21.5083    37.1144    25.9637 0.0000e+00
     17.000    21.5043     0.2051    96.7612 1.0000e-12 2.2841e+00    211.228    21.5009    37.1145    25.9658 0.0000e+00
     18.000    21.4972     0.2032    96.7645 1.0000e-12 3.2577e+00    210.865    21.4937    37.1145    25.9678 0.0000e+00
     19.000    21.4657     0.2021    96.7605 1.0000e-12 3.0890e+00    211.017    21.4620    37.1161    25.9779 0.0000e+00
     20.000    21.3079     0.2005    96.7538 1.0000e-12 3.3698e+00    211.704    21.3040    37.1111    26.0181 0.0000e+00
     21.000    21.0165     0.2019    96.6933 1.0000e-12 3.2096e+00    213.242    21.0125    37.0988    26.0892 0.0000e+00
     22.000    20.8775     0.2026    96.6627 1.0000e-12 2.7702e+00    213.847    20.8732    37.1000    26.1284 0.0000e+00
     23.000    20.4844     0.2037    96.7026 1.0000e-12 3.7414e+00    216.564    20.4801    37.0656    26.2093 0.0000e+00
     24.000    20.4521     0.2032    96.8211 1.0000e-12 3.9083e+00    216.946    20.4475    37.0841    26.2320 0.0000e+00
     25.000    20.1628     0.2031    96.8842 1.0000e-12 3.6460e+00    218.362    20.1581    37.0749    26.3030 0.0000e+00
     26.000    19.6320     0.2061    96.8799 1.0000e-12 3.2618e+00    222.550    19.6272    37.0335    26.4127 0.0000e+00
     27.000    19.6133     0.2002    96.9074 1.0000e-12 3.1470e+00    223.378    19.6083    37.0469    26.4277 0.0000e+00
     28.000    18.9797     0.2004    96.9405 1.0000e-12 2.9153e+00    226.501    18.9747    37.0500    26.5954 0.0000e+00
     29.000    18.7928     0.2016    96.9586 1.0000e-12 2.9225e+00    228.229    18.7876    37.0596    26.6511 0.0000e+00
     30.000    18.6383     0.2037    96.9921 1.0000e-12 3.5987e+00    229.156    18.6329    37.0719    26.7001 0.0000e+00
     31.000    18.4976     0.1985    96.9699 1.0000e-12 2.4201e+00    230.258    18.4921    37.0688    26.7335 0.0000e+00
     32.000    18.4525     0.1985    96.9531 1.0000e-12 3.4139e+00    231.538    18.4468    37.0946    26.7648 0.0000e+00
     33.000    18.3887     0.2010    96.9601 1.0000e-12 2.9586e+00    230.603    18.3829    37.0922    26.7791 0.0000e+00
     34.000    18.3125     0.2016    96.9765 1.0000e-12 2.5924e+00    230.578    18.3065    37.0887    26.7958 0.0000e+00
     35.000    17.9716     0.2013    96.9328 1.0000e-12 3.1480e+00    232.780    17.9655    37.0842    26.8780 0.0000e+00
     36.000    17.9194     0.2033    96.8869 1.0000e-12 3.4372e+00    232.010    17.9132    37.1022    26.9048 0.0000e+00
     37.000    17.7871     0.1996    96.8547 1.0000e-12 3.9010e+00    232.790    17.7807    37.1100    26.9438 0.0000e+00
     38.000    17.5577     0.2081    96.7885 1.0000e-12 3.1870e+00    234.787    17.5512    37.1264    27.0131 0.0000e+00
     39.000    17.5044     0.2078    96.8238 1.0000e-12 3.3796e+00    234.922    17.4978    37.1473    27.0423 0.0000e+00
     40.000    17.3942     0.2043    96.7812 1.0000e-12 2.9605e+00    234.797    17.3875    37.1588    27.0782 0.0000e+00
     41.000    17.2732     0.2070    96.7604 1.0000e-12 2.7524e+00    235.526    17.2662    37.1652    27.1128 0.0000e+00
     42.000    17.1006     0.2104    96.7199 1.0000e-12 3.5285e+00    236.664    17.0936    37.1867    27.1712 0.0000e+00
     43.000    17.0403     0.2078    96.7253 1.0000e-12 3.1149e+00    237.659    17.0331    37.1944    27.1918 0.0000e+00
     44.000    16.9620     0.2082    96.6755 1.0000e-12 4.0592e+00    237.981    16.9547    37.2052    27.2190 0.0000e+00
     45.000    16.8391     0.2117    96.6365 1.0000e-12 3.6092e+00    238.869    16.8317    37.2196    27.2597 0.0000e+00
     46.000    16.6668     0.2151    96.6297 1.0000e-12 3.9707e+00    239.835    16.6592    37.2395    27.3162 0.0000e+00
     47.000    16.5898     0.2145    96.6292 1.0000e-12 3.0526e+00    240.387    16.5821    37.2530    27.3450 0.0000e+00
     48.000    16.5410     0.2132    96.5951 1.0000e-12 3.2840e+00    240.412    16.5331    37.2609    27.3627 0.0000e+00
     49.000    16.4275     0.2166    96.5640 1.0000e-12 4.2514e+00    239.272    16.4195    37.2619    27.3904 0.0000e+00
     50.000    16.2078     0.2171    96.6289 1.0000e-12 2.5821e+00    240.503    16.1998    37.3127    27.4813 0.0000e+00
     51.000    16.1504     0.2243    96.6177 1.0000e-12 4.5280e+00    239.958    16.1421    37.3297    27.5079 0.0000e+00
     52.000    16.0811     0.2174    96.6577 1.0000e-12 3.5837e+00    239.966    16.0727    37.3393    27.5315 0.0000e+00
     53.000    16.0441     0.2213    96.6203 1.0000e-12 2.4921e+00    239.490    16.0355    37.3768    27.5691 0.0000e+00
     54.000    16.0007     0.2190    96.6575 1.0000e-12 2.5573e+00    238.925    15.9920    37.3975    27.5952 0.0000e+00
     55.000    15.9350     0.2225    96.5947 1.0000e-12 5.1693e+00    238.984    15.9262    37.4081    27.6186 0.0000e+00
     56.000    15.9623     0.2251    96.5398 1.0000e-12 3.1809e+00    239.328    15.9533    37.4333    27.6318 0.0000e+00
     57.000    15.8666     0.2230    96.5004 1.0000e-12 2.3521e+00    236.561    15.8575    37.4433    27.6617 0.0000e+00
     58.000    15.7881     0.2287    96.5031 1.0000e-12 3.1666e+00    237.121    15.7788    37.4357    27.6741 0.0000e+00
     59.000    15.7219     0.2271    96.5929 1.0000e-12 2.6417e+00    236.438    15.7126    37.4563    27.7053 0.0000e+00
     60.000    15.6541     0.2291    96.6005 1.0000e-12 3.5161e+00    235.967    15.6446    37.4716    27.7327 0.0000e+00
     61.000    15.5844     0.2297    96.4906 1.0000e-12 2.8281e+00    234.364    15.5748    37.4861    27.7599 0.0000e+00
     62.000    15.4926     0.2402    96.5053 1.0000e-12 2.7686e+00    234.362    15.4828    37.5234    27.8098 0.0000e+00
     63.000    15.4946     0.2377    96.5835 1.0000e-12 3.0828e+00    233.755    15.4847    37.5611    27.8384 0.0000e+00
     64.000    15.4486     0.2422    96.5418 1.0000e-12 3.8157e+00    233.199    15.4385    37.5739    27.8589 0.0000e+00
     65.000    15.3479     0.2547    96.4051 1.0000e-12 3.4614e+00    231.527    15.3378    37.5726    27.8808 0.0000e+00
     66.000    15.2224     0.2593    95.9827 1.0000e-12 3.1275e+00    229.368    15.2122    37.5573    27.8975 0.0000e+00
     67.000    15.2110     0.2689    96.0009 1.0000e-12 4.1973e+00    229.152    15.2006    37.5766    27.9150 0.0000e+00
     68.000    15.1314     0.2859    95.8817 1.0000e-12 2.8994e+00    226.308    15.1208    37.5854    27.9398 0.0000e+00
     69.000    15.0762     0.3043    95.5140 1.0000e-12 4.1170e+00    223.460    15.0656    37.5962    27.9606 0.0000e+00
     70.000    15.0550     0.3259    95.2254 1.0000e-12 3.8537e+00    222.562    15.0442    37.6060    27.9730 0.0000e+00
     71.000    15.0391     0.3489    94.9010 1.0000e-12 3.8729e+00    222.150    15.0281    37.6163    27.9846 0.0000e+00
     72.000    15.0529     0.3640    94.9035 1.0000e-12 3.1159e+00    223.078    15.0418    37.6378    27.9981 0.0000e+00
     73.000    15.0494     0.3664    94.8527 1.0000e-12 3.0388e+00    223.320    15.0381    37.6454    28.0048 0.0000e+00
     74.000    15.0261     0.3730    94.6848 1.0000e-12 3.1650e+00    221.031    15.0147    37.6572    28.0191 0.0000e+00
     75.000    15.0206     0.3979    94.8539 1.0000e-12 3.7089e+00    223.522    15.0090    37.6898    28.0457 0.0000e+00
     76.000    15.1018     0.3285    95.5300 1.0000e-12 2.2272e+00    230.018    15.0900    37.7403    28.0664 0.0000e+00
     77.000    15.1067     0.3263    95.7426 1.0000e-12 1.9587e+00    230.575    15.0947    37.7510    28.0736 0.0000e+00
     78.000    15.0785     0.3142    95.6812 1.0000e-12 3.0483e+00    230.644    15.0664    37.7660    28.0915 0.0000e+00
     79.000    15.0687     0.3558    95.5985 1.0000e-12 3.0419e+00    230.347    15.0565    37.7704    28.0972 0.0000e+00
     80.000    15.0347     0.3165    95.9805 1.0000e-12 2.8976e+00    228.842    15.0224    37.7817    28.1136 0.0000e+00
     81.000    15.0197     0.2997    96.2332 1.0000e-12 2.7764e+00    228.334    15.0072    37.7858    28.1202 0.0000e+00
     82.000    14.9852     0.2845    96.4142 1.0000e-12 2.5338e+00    226.945    14.9725    37.8010    28.1397 0.0000e+00
     83.000    14.9381     0.3016    96.4703 1.0000e-12 3.3613e+00    225.556    14.9253    37.8209    28.1657 0.0000e+00
     84.000    14.8794     0.3008    96.4003 1.0000e-12 2.3122e+00    223.189    14.8665    37.8387    28.1926 0.0000e+00
     85.000    14.8550     0.2968    96.3992 1.0000e-12 2.5658e+00    221.990    14.8419    37.8451    28.2030 0.0000e+00
     86.000    14.8292     0.2999    96.4007 1.0000e-12 2.6776e+00    221.611    14.8160    37.8607    28.2209 0.0000e+00
     87.000    14.7763     0.3381    96.2456 1.0000e-12 3.2623e+00    218.550    14.7630    37.8743    28.2432 0.0000e+00
     88.000    14.7424     0.3520    96.2208 1.0000e-12 3.2987e+00    217.500    14.7290    37.8866    28.2602 0.0000e+00
     89.000    14.6849     0.3620    96.2481 1.0000e-12 2.9396e+00    216.007    14.6714    37.9079    28.2896 0.0000e+00
     90.000    14.6789     0.3297    96.5477 1.0000e-12 3.5703e+00    214.101    14.6652    37.9102    28.2927 0.0000e+00
     91.000    14.6314     0.3232    96.6176 1.0000e-12 3.3715e+00    212.517    14.6175    37.9291    28.3179 0.0000e+00
     92.000    14.6027     0.3140    96.8223 1.0000e-12 2.3324e+00    210.772    14.5887    37.9459    28.3373 0.0000e+00
     93.000    14.5737     0.3004    97.0459 1.0000e-12 2.4110e+00    208.541    14.5596    37.9578    28.3529 0.0000e+00
     94.000    14.5541     0.2809    97.1112 1.0000e-12 2.8375e+00    206.945    14.5398    37.9671    28.3644 0.0000e+00
     95.000    14.5185     0.2767    97.1784 1.0000e-12 2.6891e+00    205.429    14.5041    37.9814    28.3834 0.0000e+00
     96.000    14.4928     0.2879    97.1885 1.0000e-12 2.9806e+00    203.466    14.4782    37.9876    28.3939 0.0000e+00
     97.000    14.4699     0.2952    97.1716 1.0000e-12 2.9734e+00    202.595    14.4552    37.9921    28.4024 0.0000e+00
     98.000    14.4523     0.2909    97.1629 1.0000e-12 2.4812e+00    202.484    14.4375    37.9963    28.4096 0.0000e+00
     99.000    14.4409     0.2882    97.1744 1.0000e-12 2.6552e+00    201.955    14.4260    38.0005    28.4153 0.0000e+00
    100.000    14.4332     0.2839    97.2318 1.0000e-12 3.0973e+00    201.609    14.4181    38.0037    28.4196 0.0000e+00
    101.000    14.4120     0.2712    97.3033 9.3484e-07 2.9628e+00    201.470    14.3967    38.0103    28.4294 0.0000e+00
    102.000    14.4056     0.2750    97.2929 1.2761e-06 3.6408e+00    201.991    14.3903    38.0150    28.4344 0.0000e+00
    103.000    14.4011     0.2713    97.3077 1.0096e-05 2.6291e+00    201.960    14.3856    38.0173    28.4373 0.0000e+00
    104.000    14.3877     0.2791    97.3301 2.0610e-07 2.6655e+00    202.221    14.3720    38.0238    28.4453 0.0000e+00
    105.000    14.3729     0.2686    97.3751 8.4371e-07 3.0111e+00    201.487    14.3571    38.0316    28.4546 0.0000e+00
    106.000    14.3714     0.2655    97.3863 1.9902e-06 2.7746e+00    201.291    14.3554    38.0327    28.4558 0.0000e+00
    107.000    14.3605     0.2618    97.4210 3.2885e-06 2.5449e+00    201.652    14.3444    38.0381    28.4624 0.0000e+00
    108.000    14.3522     0.2702    97.4475 -9.990e-29 3.2346e+00    201.352    14.3359    38.0432    28.4681 0.0000e+00
    109.000    14.3456     0.2587    97.4655 1.0000e-12 2.3720e+00    201.456    14.3292    38.0479    28.4733 0.0000e+00
    110.000    14.3362     0.2509    97.4858 1.0000e-12 3.2008e+00    199.797    14.3197    38.0516    28.4783 0.0000e+00
    111.000    14.3173     0.2486    97.5197 2.7568e-04 3.3135e+00    198.685    14.3006    38.0576    28.4871 0.0000e+00
    112.000    14.3021     0.2452    97.5434 1.5850e-05 3.2539e+00    198.778    14.2853    38.0666    28.4974 0.0000e+00
    113.000    14.2893     0.2453    97.5572 -9.990e-29 2.0262e+00    197.441    14.2724    38.0684    28.5016 0.0000e+00
    114.000    14.2738     0.2382    97.5549 -9.990e-29 3.1528e+00    197.189    14.2567    38.0738    28.5092 0.0000e+00
    115.000    14.2512     0.2352    97.6143 -9.990e-29 2.9437e+00    197.148    14.2340    38.0812    28.5199 0.0000e+00
    116.000    14.2488     0.2286    97.6247 1.0000e-12 3.7292e+00    196.838    14.2314    38.0829    28.5218 0.0000e+00
    117.000    14.2126     0.2266    97.6540 1.0000e-12 2.8192e+00    197.165    14.1951    38.0981    28.5414 0.0000e+00
    118.000    14.2164     0.2315    97.6517 4.6764e-06 3.1126e+00    196.738    14.1987    38.0972    28.5399 0.0000e+00
    119.000    14.2025     0.2255    97.6433 -8.625e-08 3.5754e+00    196.510    14.1847    38.1038    28.5481 0.0000e+00
    120.000    14.1773     0.2201    97.7268 -9.990e-29 2.9172e+00    196.435    14.1594    38.1127    28.5605 0.0000e+00
    121.000    14.1774     0.2197    97.7166 2.4319e-06 3.0626e+00    196.516    14.1593    38.1132    28.5610 0.0000e+00
    122.000    14.1524     0.2201    97.7496 -5.034e-08 2.9706e+00    196.330    14.1342    38.1234    28.5743 0.0000e+00
    123.000    14.1346     0.2218    97.7633 1.7165e-05 3.3834e+00    196.349    14.1163    38.1317    28.5846 0.0000e+00
    124.000    14.1278     0.2186    97.7387 1.1681e-05 2.0464e+00    195.654    14.1094    38.1349    28.5886 0.0000e+00
    125.000    14.0957     0.2158    97.8041 -4.622e-07 1.2269e+00    195.581    14.0771    38.1471    28.6051 0.0000e+00
    126.000    14.0768     0.2131    97.8115 1.0000e-12 2.0787e+00    195.255    14.0580    38.1544    28.6148 0.0000e+00
    127.000    14.0658     0.2109    97.8137 1.1789e-04 2.5472e+00    196.067    14.0469    38.1594    28.6212 0.0000e+00
    128.000    14.0516     0.2112    97.8154 1.1185e-04 3.5128e+00    196.158    14.0325    38.1652    28.6287 0.0000e+00
    129.000    14.0379     0.2079    97.8297 5.1705e-04 3.8831e+00    196.895    14.0187    38.1708    28.6360 0.0000e+00
    130.000    14.0293     0.2038    97.8515 1.9433e-04 2.4391e+00    197.239    14.0100    38.1745    28.6408 0.0000e+00
    131.000    14.0248     0.2069    97.8565 3.6384e-04 3.2329e+00    197.133    14.0054    38.1760    28.6430 0.0000e+00
    132.000    14.0076     0.2029    97.8541 4.7126e-05 3.4274e+00    197.749    13.9880    38.1821    28.6515 0.0000e+00
    133.000    13.9967     0.2044    97.8742 9.4685e-05 2.6384e+00    198.074    13.9770    38.1861    28.6569 0.0000e+00
