Data/ruptures/PEACETIME/FAST/PEACETIME_FAST_CTD_090.cnv
* Sea-Bird SBE 9 Data File:
* FileName = C:\CTD\rawCTD\PEACETIME_FAST_CTD_090.hdr
* Software Version Seasave V 7.23.2
* Temperature SN = 1378
* Conductivity SN = 2929
* Number of Bytes Per Scan = 38
* Number of Voltage Words = 5
* Number of Scans Averaged by the Deck Unit = 1
* NMEA Latitude = 37 56.81 N
* NMEA Longitude = 002 54.94 E
* NMEA UTC (Time) = Jun 09 2017  02:40:30
* NMEA baud rate = 4800
** Cruise:   PEACETIME
** Station:   FAST_CTD_090
# nquan = 11
# nvalues = 498                         
# units = specified
# name 0 = prDM: Pressure, Digiquartz [db]
# name 1 = t090C: Temperature [ITS-90, deg C]
# name 2 = flC: Fluorescence, Chelsea Aqua 3 Chl Con [ug/l]
# name 3 = CStarTr0: Beam Transmission, WET Labs C-Star [%]
# name 4 = par: PAR/Irradiance, Biospherical/Licor
# name 5 = spar: SPAR/Surface Irradiance
# name 6 = sbeox0Mm/Kg: Oxygen, SBE 43 [umol/kg]
# name 7 = potemp090C: Potential Temperature [ITS-90, deg C]
# name 8 = sal00: Salinity, Practical [PSU]
# name 9 = sigma-é00: Density [sigma-theta, kg/m^3]
# name 10 = flag:
# span 0 =      3.000,    500.000       
# span 1 =    13.4539,    21.5563       
# span 2 =     0.1763,     0.3979       
# span 3 =    94.6848,    98.1494       
# span 4 = -1.151e-05, 1.7362e-01       
# span 5 = 1.2269e+00, 5.1693e+00       
# span 6 =    151.963,    240.503       
# span 7 =    13.3806,    21.5541       
# span 8 =    37.0335,    38.5954       
# span 9 =    25.9491,    29.0895       
# span 10 = 0.0000e+00, 0.0000e+00      
# interval = decibars: 1                
# start_time = Jun 09 2017 02:40:31 [NMEA time, first data scan]
# bad_flag = -9.990e-29
*END*
[from data line 132]
    135.000    13.9726     0.2051    97.9128 1.4433e-04 2.6935e+00    195.706    13.9526    38.1945    28.6687 0.0000e+00
    136.000    13.9687     0.2059    97.9178 1.5188e-04 2.8370e+00    195.755    13.9486    38.1960    28.6708 0.0000e+00
    137.000    13.9628     0.2046    97.9213 9.1464e-05 2.0533e+00    194.760    13.9425    38.1983    28.6738 0.0000e+00
    138.000    13.9452     0.1989    97.9473 2.0871e-04 2.5156e+00    192.024    13.9248    38.2031    28.6814 0.0000e+00
    139.000    13.9417     0.1936    97.9414 2.0640e-04 2.9634e+00    191.502    13.9211    38.2044    28.6832 0.0000e+00
    140.000    13.9336     0.1986    97.9513 1.1860e-04 1.9326e+00    190.732    13.9128    38.2076    28.6875 0.0000e+00
    141.000    13.9120     0.1991    97.9614 6.4612e-04 2.9419e+00    187.941    13.8911    38.2144    28.6974 0.0000e+00
    142.000    13.9039     0.1950    97.9617 6.1632e-04 3.1064e+00    187.437    13.8829    38.2176    28.7016 0.0000e+00
    143.000    13.8966     0.1944    97.9670 2.7677e-04 3.3763e+00    185.208    13.8754    38.2195    28.7047 0.0000e+00
    144.000    13.8786     0.1976    97.9584 3.4355e-04 2.9513e+00    183.345    13.8573    38.2260    28.7136 0.0000e+00
    145.000    13.8722     0.1948    97.9636 -9.990e-29 2.2887e+00    182.853    13.8508    38.2287    28.7171 0.0000e+00
    146.000    13.8651     0.1923    97.9582 1.0000e-12 2.2475e+00    182.270    13.8436    38.2314    28.7208 0.0000e+00
    147.000    13.8561     0.1865    97.9550 1.0000e-12 3.3161e+00    181.523    13.8344    38.2353    28.7258 0.0000e+00
    148.000    13.8468     0.1949    97.9681 4.3548e-05 1.8783e+00    181.189    13.8249    38.2393    28.7310 0.0000e+00
    149.000    13.8423     0.1905    97.9611 4.8897e-04 2.6172e+00    181.559    13.8204    38.2409    28.7331 0.0000e+00
    150.000    13.8379     0.1869    97.9512 4.9941e-05 4.2598e+00    181.118    13.8157    38.2437    28.7363 0.0000e+00
    151.000    13.8351     0.1940    97.9679 6.2522e-05 3.1765e+00    182.037    13.8128    38.2460    28.7387 0.0000e+00
    152.000    13.8275     0.1848    97.9493 6.7104e-06 2.6062e+00    182.177    13.8051    38.2501    28.7435 0.0000e+00
    153.000    13.8173     0.1878    97.9532 1.7971e-05 3.3838e+00    183.459    13.7948    38.2555    28.7499 0.0000e+00
    154.000    13.8108     0.1896    97.9493 1.5660e-06 3.4411e+00    184.399    13.7881    38.2592    28.7542 0.0000e+00
    155.000    13.8001     0.1942    97.9655 -1.783e-08 2.1279e+00    184.868    13.7773    38.2645    28.7607 0.0000e+00
    156.000    13.7931     0.1961    97.9749 -9.990e-29 3.7270e+00    185.433    13.7702    38.2677    28.7646 0.0000e+00
    157.000    13.7899     0.1917    97.9734 1.0000e-12 2.8041e+00    184.966    13.7668    38.2691    28.7665 0.0000e+00
    158.000    13.7821     0.1854    97.9678 1.0000e-12 3.0693e+00    183.592    13.7588    38.2715    28.7700 0.0000e+00
    159.000    13.7755     0.1856    97.9805 2.3808e-05 3.7204e+00    183.247    13.7522    38.2736    28.7731 0.0000e+00
    160.000    13.7723     0.1842    97.9657 1.8696e-05 2.5489e+00    182.873    13.7487    38.2755    28.7753 0.0000e+00
    161.000    13.7709     0.1800    97.9689 2.6324e-05 4.1167e+00    183.244    13.7472    38.2772    28.7769 0.0000e+00
    162.000    13.7706     0.1827    97.9719 -9.990e-29 3.4792e+00    183.984    13.7467    38.2791    28.7785 0.0000e+00
    163.000    13.7679     0.1861    97.9855 3.6426e-04 2.0750e+00    184.499    13.7439    38.2827    28.7819 0.0000e+00
    164.000    13.7654     0.1861    97.9965 2.3377e-04 2.0974e+00    185.337    13.7413    38.2851    28.7843 0.0000e+00
    165.000    13.7645     0.1859    98.0061 1.4384e-04 2.8095e+00    185.575    13.7402    38.2864    28.7856 0.0000e+00
    166.000    13.7662     0.1839    98.0122 7.4536e-05 2.6209e+00    186.617    13.7418    38.2877    28.7863 0.0000e+00
    167.000    13.7672     0.1867    98.0153 1.4741e-04 3.3301e+00    187.260    13.7426    38.2888    28.7870 0.0000e+00
    168.000    13.7635     0.1914    98.0168 -1.783e-06 2.7226e+00    186.695    13.7388    38.2919    28.7901 0.0000e+00
    169.000    13.7591     0.1886    98.0209 1.5257e-06 2.9214e+00    187.268    13.7342    38.2944    28.7930 0.0000e+00
    170.000    13.7557     0.1891    98.0322 2.0088e-04 3.2514e+00    188.151    13.7307    38.2970    28.7959 0.0000e+00
    171.000    13.7498     0.1904    98.0332 8.9057e-05 2.4426e+00    187.149    13.7247    38.3022    28.8012 0.0000e+00
    172.000    13.7451     0.1893    98.0595 8.3956e-04 2.7584e+00    186.757    13.7198    38.3067    28.8057 0.0000e+00
    173.000    13.7415     0.1857    98.0518 5.2688e-04 1.8229e+00    186.824    13.7161    38.3092    28.8085 0.0000e+00
    174.000    13.7395     0.1851    98.0685 3.8351e-04 3.8843e+00    186.604    13.7139    38.3100    28.8095 0.0000e+00
    175.000    13.7379     0.1945    98.0673 3.9920e-04 3.0112e+00    186.712    13.7122    38.3113    28.8109 0.0000e+00
    176.000    13.7363     0.1901    98.0710 9.1787e-06 3.0869e+00    185.860    13.7104    38.3126    28.8123 0.0000e+00
    177.000    13.7354     0.1877    98.0762 4.2340e-06 2.6745e+00    185.597    13.7094    38.3136    28.8132 0.0000e+00
    178.000    13.7331     0.1889    98.0616 1.6867e-04 3.2671e+00    185.539    13.7070    38.3164    28.8160 0.0000e+00
    179.000    13.7290     0.1954    98.0576 6.1479e-04 4.3753e+00    184.949    13.7027    38.3223    28.8214 0.0000e+00
    180.000    13.7233     0.1922    98.0574 9.7053e-04 2.9272e+00    184.167    13.6969    38.3271    28.8264 0.0000e+00
    181.000    13.7183     0.1870    98.0683 9.0954e-04 2.1811e+00    184.101    13.6918    38.3307    28.8303 0.0000e+00
    182.000    13.7105     0.1855    98.0698 1.3924e-03 3.5484e+00    183.568    13.6837    38.3350    28.8353 0.0000e+00
    183.000    13.6925     0.1847    98.0715 8.3732e-04 3.5100e+00    182.937    13.6657    38.3369    28.8407 0.0000e+00
    184.000    13.6868     0.1873    98.0630 4.1389e-04 2.4083e+00    182.600    13.6599    38.3417    28.8457 0.0000e+00
    185.000    13.6923     0.1849    98.0738 1.2576e-04 3.3656e+00    182.776    13.6651    38.3467    28.8484 0.0000e+00
    186.000    13.6948     0.1767    98.0731 3.8596e-04 3.5066e+00    182.051    13.6675    38.3511    28.8513 0.0000e+00
    187.000    13.6935     0.1830    98.0777 -9.990e-29 2.7651e+00    181.741    13.6660    38.3540    28.8538 0.0000e+00
    188.000    13.6923     0.1885    98.0692 1.6804e-05 2.0154e+00    181.729    13.6648    38.3560    28.8556 0.0000e+00
    189.000    13.6923     0.1942    98.0700 5.1286e-05 2.0649e+00    181.101    13.6646    38.3590    28.8581 0.0000e+00
    190.000    13.6926     0.1874    98.0794 5.6300e-05 3.4921e+00    181.061    13.6647    38.3606    28.8592 0.0000e+00
    191.000    13.6933     0.1797    98.0892 -9.969e-07 2.3804e+00    180.580    13.6653    38.3641    28.8618 0.0000e+00
    192.000    13.6926     0.1884    98.0921 1.0000e-12 2.9452e+00    180.178    13.6645    38.3716    28.8678 0.0000e+00
    193.000    13.6920     0.1882    98.0853 1.1135e-04 1.8971e+00    179.591    13.6637    38.3751    28.8707 0.0000e+00
    194.000    13.6895     0.1820    98.0940 1.1740e-04 2.6941e+00    179.324    13.6610    38.3768    28.8726 0.0000e+00
    195.000    13.6892     0.1858    98.1028 1.2421e-06 3.6163e+00    178.931    13.6606    38.3829    28.8774 0.0000e+00
    196.000    13.6901     0.1855    98.1030 1.0000e-12 2.8388e+00    178.475    13.6613    38.3872    28.8806 0.0000e+00
    197.000    13.6825     0.1822    98.0892 1.0000e-12 2.3336e+00    178.143    13.6536    38.3871    28.8821 0.0000e+00
    198.000    13.6875     0.1891    98.0943 4.5207e-05 3.2483e+00    178.097    13.6584    38.3885    28.8822 0.0000e+00
    199.000    13.6856     0.1864 -9.990e-29 4.5806e-04 2.2548e+00    178.210    13.6564    38.3909    28.8845 0.0000e+00
    200.000    13.6784     0.1876 -9.990e-29 3.6408e-04 3.4118e+00    177.908    13.6490    38.3927    28.8874 0.0000e+00
    201.000    13.6784     0.1885    98.1024 5.5565e-04 2.9516e+00    177.702    13.6489    38.3928    28.8876 0.0000e+00
    202.000    13.6759     0.1869    98.0959 1.2810e-03 3.5312e+00    176.907    13.6462    38.3952    28.8900 0.0000e+00
    203.000    13.6718     0.1907    98.1009 2.6053e-04 4.6666e+00    177.230    13.6421    38.3994    28.8941 0.0000e+00
    204.000    13.6728     0.1875    98.1065 9.4822e-04 2.6090e+00    177.238    13.6429    38.4013    28.8954 0.0000e+00
    205.000    13.6735     0.1839    98.0974 9.9257e-04 4.1927e+00    176.605    13.6435    38.4023    28.8961 0.0000e+00
    206.000    13.6734     0.1842 -9.990e-29 1.0787e-03 4.3987e+00    176.391    13.6431    38.4063    28.8993 0.0000e+00
    207.000    13.6718     0.1889    98.1220 1.0538e-04 2.6796e+00    175.759    13.6414    38.4094    28.9021 0.0000e+00
    208.000    13.6719     0.1861    98.1217 3.4191e-04 2.0698e+00    175.976    13.6413    38.4109    28.9032 0.0000e+00
    209.000    13.6723     0.1812    98.1199 2.9458e-04 2.5156e+00    175.435    13.6416    38.4117    28.9038 0.0000e+00
    210.000    13.6728     0.1843    98.1111 6.3774e-04 2.4069e+00    176.089    13.6420    38.4136    28.9052 0.0000e+00
    211.000    13.6734     0.1840    98.1143 2.1149e-03 2.8865e+00    176.190    13.6425    38.4148    28.9060 0.0000e+00
    212.000    13.6735     0.1852    98.1219 1.6673e-03 2.4684e+00    176.107    13.6424    38.4168    28.9075 0.0000e+00
    213.000    13.6727     0.1855    98.1269 1.2000e-03 3.6156e+00    175.364    13.6414    38.4192    28.9096 0.0000e+00
    214.000    13.6711     0.1827    98.1209 5.5368e-04 3.1447e+00    175.445    13.6397    38.4206    28.9110 0.0000e+00
    215.000    13.6685     0.1862    98.1195 6.2140e-04 4.3110e+00    174.907    13.6370    38.4215    28.9124 0.0000e+00
    216.000    13.6635     0.1870    98.1233 1.8249e-03 2.7907e+00    173.766    13.6318    38.4233    28.9148 0.0000e+00
    217.000    13.6626     0.1903    98.1193 2.3637e-03 2.9892e+00    173.748    13.6307    38.4245    28.9160 0.0000e+00
    218.000    13.6620     0.1929    98.1208 6.0865e-04 3.0488e+00    173.901    13.6300    38.4266    28.9178 0.0000e+00
    219.000    13.6620     0.1917    98.1185 7.7315e-04 2.8845e+00    173.741    13.6298    38.4298    28.9203 0.0000e+00
    220.000    13.6625     0.1839    98.1204 7.6353e-04 2.9732e+00    173.226    13.6302    38.4328    28.9226 0.0000e+00
    221.000    13.6616     0.1862    98.1218 3.4148e-04 3.1820e+00    173.018    13.6292    38.4353    28.9247 0.0000e+00
    222.000    13.6591     0.1875    98.1351 5.6050e-04 2.9794e+00    172.779    13.6265    38.4384    28.9277 0.0000e+00
    223.000    13.6528     0.1858 -9.990e-29 5.7861e-04 2.2512e+00    172.374    13.6200    38.4400    28.9303 0.0000e+00
    224.000    13.6488     0.1846    98.1313 6.7521e-04 3.2536e+00    171.705    13.6159    38.4417    28.9325 0.0000e+00
    225.000    13.6502     0.1921    98.1246 1.7719e-04 2.8995e+00    171.021    13.6171    38.4444    28.9344 0.0000e+00
    226.000    13.6491     0.1890    98.1231 4.2810e-04 2.9461e+00    170.578    13.6159    38.4454    28.9354 0.0000e+00
    227.000    13.6482     0.1861    98.1250 3.6208e-04 3.4461e+00    169.981    13.6149    38.4473    28.9371 0.0000e+00
    228.000    13.6469     0.1873    98.1196 8.6592e-04 3.0034e+00    169.872    13.6134    38.4488    28.9385 0.0000e+00
    229.000    13.6407     0.1867    98.1221 7.8524e-04 2.4408e+00    170.578    13.6071    38.4497    28.9406 0.0000e+00
    230.000    13.6357     0.1849    98.1273 8.5329e-04 2.8724e+00    169.822    13.6020    38.4516    28.9432 0.0000e+00
    231.000    13.6370     0.1840    98.1252 1.0674e-03 3.4658e+00    169.575    13.6032    38.4533    28.9442 0.0000e+00
    232.000    13.6355     0.1916    98.1178 2.2182e-04 3.3830e+00    168.816    13.6015    38.4557    28.9465 0.0000e+00
    233.000    13.6343     0.1808    98.1318 2.7952e-04 1.8573e+00    168.595    13.6001    38.4592    28.9494 0.0000e+00
    234.000    13.6359     0.1799    98.1173 2.5234e-05 2.8531e+00    168.022    13.6015    38.4618    28.9512 0.0000e+00
    235.000    13.6382     0.1876    98.1288 8.1638e-05 3.1283e+00    167.065    13.6037    38.4651    28.9533 0.0000e+00
    236.000    13.6402     0.1838    98.1238 3.7129e-04 3.2749e+00    165.965    13.6055    38.4673    28.9546 0.0000e+00
    237.000    13.6400     0.1830    98.1041 3.9081e-04 1.4853e+00    166.538    13.6052    38.4678    28.9551 0.0000e+00
    238.000    13.6378     0.1816    98.1269 2.5892e-04 2.9663e+00    166.802    13.6029    38.4688    28.9563 0.0000e+00
    239.000    13.6399     0.1844    98.1289 2.9332e-04 3.1268e+00    166.174    13.6049    38.4707    28.9574 0.0000e+00
    240.000    13.6414     0.1821    98.1313 2.1956e-04 2.5519e+00    165.516    13.6061    38.4722    28.9583 0.0000e+00
    241.000    13.6418     0.1864    98.1297 3.5395e-04 3.1428e+00    165.510    13.6064    38.4741    28.9597 0.0000e+00
    242.000    13.6417     0.1843    98.1285 3.5344e-04 2.8905e+00    165.272    13.6061    38.4756    28.9609 0.0000e+00
    243.000    13.6423     0.1836    98.1277 2.0170e-04 3.1330e+00    164.844    13.6066    38.4773    28.9621 0.0000e+00
    244.000    13.6440     0.1827    98.1289 1.0890e-04 2.6247e+00    164.664    13.6082    38.4798    28.9637 0.0000e+00
    245.000    13.6438     0.1860    98.1300 6.5813e-06 3.8893e+00    164.327    13.6079    38.4813    28.9649 0.0000e+00
    246.000    13.6427     0.1859    98.1225 4.6641e-04 2.7363e+00    164.005    13.6065    38.4832    28.9667 0.0000e+00
    247.000    13.6424     0.1908 -9.990e-29 1.5438e-03 2.8693e+00    163.810    13.6061    38.4850    28.9682 0.0000e+00
    248.000    13.6422     0.1909 -9.990e-29 2.5485e-03 2.4512e+00    163.852    13.6057    38.4871    28.9698 0.0000e+00
    249.000    13.6421     0.1883 -9.990e-29 1.9311e-03 1.9104e+00    163.417    13.6056    38.4877    28.9703 0.0000e+00
    250.000    13.6426     0.1855    98.1283 2.9727e-04 3.6101e+00    162.725    13.6059    38.4883    28.9707 0.0000e+00
    251.000    13.6432     0.1869    98.1267 1.7970e-03 2.9239e+00    163.277    13.6064    38.4905    28.9724 0.0000e+00
    252.000    13.6356     0.1875    98.1271 7.2902e-04 2.3224e+00    164.046    13.5986    38.4901    28.9737 0.0000e+00
    253.000    13.6223     0.1899    98.1317 3.7522e-04 2.2865e+00    165.151    13.5852    38.4882    28.9751 0.0000e+00
    254.000    13.6145     0.1904    98.1197 1.5674e-04 1.8819e+00    165.507    13.5772    38.4874    28.9762 0.0000e+00
    255.000    13.6178     0.1907    98.1178 1.0981e-04 2.5578e+00    164.911    13.5804    38.4904    28.9778 0.0000e+00
    256.000    13.5962     0.1888    98.1304 3.3555e-04 2.2010e+00    166.915    13.5586    38.4855    28.9787 0.0000e+00
    257.000    13.5802     0.1869    98.1276 5.6556e-04 1.4388e+00    168.488    13.5426    38.4839    28.9808 0.0000e+00
    258.000    13.5829     0.1839    98.1258 3.4514e-04 3.7640e+00    168.115    13.5451    38.4850    28.9812 0.0000e+00
    259.000    13.5846     0.1848    98.1250 1.1633e-03 2.3533e+00    167.864    13.5467    38.4856    28.9813 0.0000e+00
    260.000    13.5795     0.1862    98.1168 1.7354e-03 3.3482e+00    168.660    13.5415    38.4854    28.9822 0.0000e+00
    261.000    13.5706     0.1836    98.1183 2.5684e-04 2.7497e+00    169.230    13.5324    38.4845    28.9835 0.0000e+00
    262.000    13.5677     0.1876    98.1160 1.7925e-03 3.1692e+00    169.795    13.5294    38.4854    28.9849 0.0000e+00
    263.000    13.5689     0.1860    98.1194 1.5816e-03 2.5542e+00    169.301    13.5304    38.4870    28.9859 0.0000e+00
    264.000    13.5887     0.1884    98.0762 1.8116e-03 3.7050e+00    166.480    13.5500    38.4958    28.9885 0.0000e+00
