Data/ruptures/PEACETIME/FAST/PEACETIME_FAST_CTD_066.cnv
* Sea-Bird SBE 9 Data File:
* FileName = C:\CTD\rawCTD\PEACETIME_FAST_CTD_066.hdr
* Software Version Seasave V 7.23.2
* Temperature SN = 1378
* Conductivity SN = 2929
* Number of Bytes Per Scan = 38
* Number of Voltage Words = 5
* Number of Scans Averaged by the Deck Unit = 1
* NMEA Latitude = 37 56.81 N
* NMEA Longitude = 002 54.99 E
* NMEA UTC (Time) = Jun 05 2017  04:20:45
* NMEA baud rate = 4800
** Cruise:   PEACETIME
** Station:   FAST_CTD_066
# nquan = 11
# nvalues = 2815                        
# units = specified
# name 0 = prDM: Pressure, Digiquartz [db]
# name 1 = t090C: Temperature [ITS-90, deg C]
# name 2 = flC: Fluorescence, Chelsea Aqua 3 Chl Con [ug/l]
# name 3 = CStarTr0: Beam Transmission, WET Labs C-Star [%]
# name 4 = par: PAR/Irradiance, Biospherical/Licor
# name 5 = spar: SPAR/Surface Irradiance
# name 6 = sbeox0Mm/Kg: Oxygen, SBE 43 [umol/kg]
# name 7 = potemp090C: Potential Temperature [ITS-90, deg C]
# name 8 = sal00: Salinity, Practical [PSU]
# name 9 = sigma-é00: Density [sigma-theta, kg/m^3]
# name 10 = flag:
# span 0 =      2.000,   2816.000       
# span 1 =    13.1203,    21.4129       
# span 2 =     0.1689,     0.5547       
# span 3 =    93.9269,    98.3482       
# span 4 = -1.198e-06, 2.4395e+00       
# span 5 = 4.9515e+00, 9.3009e+02       
# span 6 =    152.219,    239.160       
# span 7 =    12.9041,    21.4109       
# span 8 =    36.9919,    38.5936       
# span 9 =    25.9417,    29.1161       
# span 10 = 0.0000e+00, 0.0000e+00      
# interval = decibars: 1                
# start_time = Jun 05 2017 04:23:16 [NMEA time, first data scan]
# bad_flag = -9.990e-29
*END*
[from data line 787]
    789.000    13.2484     0.1912 -9.990e-29 -9.990e-29 7.7507e+01    164.904    13.1326    38.5303    29.1033 0.0000e+00
    790.000    13.2486     0.1858 -9.990e-29 -9.990e-29 8.0511e+01    164.822    13.1326    38.5302    29.1033 0.0000e+00
    791.000    13.2487     0.1849 -9.990e-29 -9.990e-29 8.1531e+01    164.732    13.1326    38.5302    29.1033 0.0000e+00
    792.000    13.2488     0.1874 -9.990e-29 1.0000e-12 8.1741e+01    164.834    13.1325    38.5304    29.1034 0.0000e+00
    793.000    13.2490     0.1890 -9.990e-29 1.0000e-12 8.2903e+01    164.429    13.1326    38.5302    29.1033 0.0000e+00
    794.000    13.2492     0.1896 -9.990e-29 1.0000e-12 7.8149e+01    164.309    13.1326    38.5303    29.1033 0.0000e+00
    795.000    13.2493     0.1857 -9.990e-29 1.0000e-12 7.5173e+01    164.526    13.1325    38.5303    29.1033 0.0000e+00
    796.000    13.2495     0.1884    98.2779 1.0000e-12 7.7761e+01    164.684    13.1326    38.5303    29.1033 0.0000e+00
    797.000    13.2496     0.1908    98.2905 -9.990e-29 8.3458e+01    164.739    13.1325    38.5302    29.1033 0.0000e+00
    798.000    13.2498     0.1873    98.2873 -9.990e-29 7.8848e+01    164.718    13.1326    38.5303    29.1033 0.0000e+00
    799.000    13.2500     0.1868    98.2868 -9.990e-29 7.8015e+01    164.819    13.1327    38.5302    29.1033 0.0000e+00
    800.000    13.2501     0.1894    98.2880 -9.990e-29 8.0324e+01    164.593    13.1326    38.5303    29.1033 0.0000e+00
    801.000    13.2502     0.1855    98.2785 -9.990e-29 7.5168e+01    164.566    13.1326    38.5303    29.1034 0.0000e+00
    802.000    13.2504     0.1883    98.2895 -9.990e-29 8.1584e+01    164.648    13.1326    38.5301    29.1032 0.0000e+00
    803.000    13.2505     0.1905    98.2880 1.0000e-12 7.5670e+01    164.519    13.1326    38.5303    29.1033 0.0000e+00
    804.000    13.2507     0.1928    98.2850 1.0000e-12 7.9590e+01    164.877    13.1326    38.5302    29.1033 0.0000e+00
    805.000    13.2508     0.1920    98.2853 1.0000e-12 8.0582e+01    164.822    13.1326    38.5303    29.1034 0.0000e+00
    806.000    13.2510     0.1957    98.2814 1.0000e-12 7.9165e+01    164.791    13.1326    38.5302    29.1033 0.0000e+00
    807.000    13.2511     0.1921    98.2746 1.0000e-12 7.8103e+01    165.085    13.1325    38.5302    29.1033 0.0000e+00
    808.000    13.2511     0.1829    98.2887 1.0000e-12 8.0935e+01    164.876    13.1324    38.5302    29.1033 0.0000e+00
    809.000    13.2513     0.1804    98.2882 -9.990e-29 7.7840e+01    164.829    13.1325    38.5301    29.1032 0.0000e+00
    810.000    13.2513     0.1864    98.2753 -9.990e-29 8.0858e+01    164.425    13.1322    38.5302    29.1033 0.0000e+00
    811.000    13.2513     0.1911    98.2901 -9.990e-29 7.8161e+01    164.146    13.1321    38.5303    29.1034 0.0000e+00
    812.000    13.2513     0.1925    98.2875 1.0000e-12 7.8905e+01    164.445    13.1320    38.5301    29.1033 0.0000e+00
    813.000    13.2518     0.1894    98.2827 8.7151e-06 7.4947e+01    164.713    13.1323    38.5302    29.1033 0.0000e+00
    814.000    13.2519     0.1891    98.2844 -8.335e-08 7.6935e+01    164.704    13.1323    38.5300    29.1032 0.0000e+00
    815.000    13.2517     0.1892    98.2881 2.6426e-06 7.6406e+01    164.725    13.1320    38.5300    29.1033 0.0000e+00
    816.000    13.2518     0.1910    98.2835 1.9484e-05 7.4905e+01    164.995    13.1319    38.5300    29.1032 0.0000e+00
    817.000    13.2511     0.1946    98.2878 -9.990e-29 8.1234e+01    164.843    13.1310    38.5297    29.1032 0.0000e+00
    818.000    13.2495     0.1975    98.2822 -9.990e-29 7.3554e+01    164.836    13.1293    38.5293    29.1033 0.0000e+00
    819.000    13.2484     0.1903    98.2883 -9.990e-29 7.6574e+01    164.870    13.1280    38.5291    29.1033 0.0000e+00
    820.000    13.2474     0.1865    98.2873 -9.990e-29 7.7372e+01    164.902    13.1269    38.5288    29.1034 0.0000e+00
    821.000    13.2465     0.1869    98.2873 -9.990e-29 7.5694e+01    164.887    13.1258    38.5285    29.1034 0.0000e+00
    822.000    13.2424     0.1909    98.2821 -9.990e-29 7.9518e+01    164.942    13.1216    38.5275    29.1035 0.0000e+00
    823.000    13.2408     0.1904    98.2883 -9.990e-29 7.9652e+01    164.757    13.1198    38.5272    29.1036 0.0000e+00
    824.000    13.2399     0.1860    98.2914 -9.990e-29 8.3706e+01    164.978    13.1188    38.5269    29.1036 0.0000e+00
    825.000    13.2384     0.1824 -9.990e-29 -9.990e-29 7.7138e+01    165.140    13.1172    38.5265    29.1036 0.0000e+00
    826.000    13.2374     0.1839 -9.990e-29 -9.990e-29 7.7714e+01    164.949    13.1160    38.5263    29.1037 0.0000e+00
    827.000    13.2368     0.1851 -9.990e-29 -9.990e-29 7.9513e+01    165.054    13.1153    38.5261    29.1037 0.0000e+00
    828.000    13.2368     0.1856 -9.990e-29 1.0000e-12 7.7291e+01    164.954    13.1151    38.5260    29.1037 0.0000e+00
    829.000    13.2365     0.1865 -9.990e-29 1.0000e-12 7.5750e+01    165.121    13.1147    38.5260    29.1037 0.0000e+00
    830.000    13.2354     0.1867 -9.990e-29 1.0000e-12 7.5712e+01    165.146    13.1135    38.5257    29.1037 0.0000e+00
    831.000    13.2347     0.1899 -9.990e-29 1.0000e-12 8.1090e+01    165.239    13.1126    38.5254    29.1037 0.0000e+00
    832.000    13.2337     0.1888 -9.990e-29 1.0000e-12 7.8863e+01    165.016    13.1115    38.5250    29.1037 0.0000e+00
    833.000    13.2332     0.1864 -9.990e-29 1.0000e-12 8.2495e+01    165.008    13.1108    38.5250    29.1038 0.0000e+00
    834.000    13.2327     0.1877 -9.990e-29 1.0000e-12 8.1357e+01    165.116    13.1102    38.5249    29.1038 0.0000e+00
    835.000    13.2324     0.1852 -9.990e-29 1.0000e-12 8.0943e+01    165.023    13.1097    38.5248    29.1039 0.0000e+00
    836.000    13.2318     0.1869    98.2901 1.0000e-12 7.7854e+01    165.523    13.1090    38.5246    29.1039 0.0000e+00
    837.000    13.2295     0.1911    98.2856 5.3808e-06 7.7803e+01    165.932    13.1065    38.5239    29.1038 0.0000e+00
    838.000    13.2267     0.1891    98.2816 2.6680e-06 8.2992e+01    166.296    13.1036    38.5234    29.1040 0.0000e+00
    839.000    13.2256     0.1898    98.2824 2.5490e-06 8.0453e+01    166.168    13.1023    38.5230    29.1040 0.0000e+00
    840.000    13.2251     0.1882    98.2870 6.3650e-08 7.5602e+01    165.834    13.1016    38.5230    29.1041 0.0000e+00
    841.000    13.2250     0.1863    98.2907 -9.990e-29 8.2862e+01    165.508    13.1015    38.5230    29.1041 0.0000e+00
    842.000    13.2245     0.1866    98.2811 -9.990e-29 7.7998e+01    164.958    13.1008    38.5228    29.1042 0.0000e+00
    843.000    13.2238     0.1810    98.2719 -9.990e-29 8.3714e+01    164.795    13.1000    38.5227    29.1042 0.0000e+00
    844.000    13.2226     0.1815    98.2779 1.0000e-12 8.8048e+01    165.394    13.0986    38.5223    29.1043 0.0000e+00
    845.000    13.2212     0.1871    98.2903 1.0000e-12 8.0309e+01    165.776    13.0971    38.5218    29.1041 0.0000e+00
    846.000    13.2197     0.1913    98.2845 1.0000e-12 8.3730e+01    165.742    13.0954    38.5215    29.1043 0.0000e+00
    847.000    13.2187     0.1965    98.2872 1.0000e-12 8.4810e+01    165.849    13.0943    38.5213    29.1044 0.0000e+00
    848.000    13.2195     0.1958    98.2915 1.0000e-12 8.0746e+01    165.935    13.0949    38.5214    29.1043 0.0000e+00
    849.000    13.2187     0.1937 -9.990e-29 1.0000e-12 8.1995e+01    165.970    13.0939    38.5213    29.1044 0.0000e+00
    850.000    13.2181     0.1869 -9.990e-29 1.0000e-12 7.9091e+01    165.953    13.0933    38.5210    29.1043 0.0000e+00
    851.000    13.2179     0.1856 -9.990e-29 1.0000e-12 8.5143e+01    166.207    13.0929    38.5208    29.1043 0.0000e+00
    852.000    13.2181     0.1971    98.2893 1.0000e-12 7.8631e+01    166.220    13.0929    38.5210    29.1044 0.0000e+00
    853.000    13.2180     0.2000    98.2870 5.9571e-06 8.5247e+01    166.277    13.0926    38.5210    29.1044 0.0000e+00
    854.000    13.2179     0.1909    98.2775 2.4908e-06 7.9453e+01    166.347    13.0924    38.5209    29.1044 0.0000e+00
    855.000    13.2173     0.1863    98.2912 4.7035e-08 8.2404e+01    166.344    13.0917    38.5206    29.1044 0.0000e+00
    856.000    13.2149     0.1893    98.2900 1.0000e-12 8.2620e+01    166.274    13.0891    38.5201    29.1045 0.0000e+00
    857.000    13.2132     0.1856 -9.990e-29 1.0000e-12 8.2315e+01    166.073    13.0873    38.5197    29.1045 0.0000e+00
    858.000    13.2124     0.1893 -9.990e-29 1.0000e-12 7.3899e+01    166.171    13.0864    38.5196    29.1047 0.0000e+00
    859.000    13.2111     0.1905 -9.990e-29 1.0000e-12 8.4832e+01    166.447    13.0849    38.5191    29.1046 0.0000e+00
    860.000    13.2106     0.1876 -9.990e-29 1.0000e-12 8.7564e+01    166.554    13.0843    38.5191    29.1047 0.0000e+00
    861.000    13.2100     0.1928 -9.990e-29 1.0000e-12 8.5658e+01    166.518    13.0835    38.5189    29.1047 0.0000e+00
    862.000    13.2093     0.1902 -9.990e-29 1.0000e-12 8.5329e+01    166.189    13.0827    38.5187    29.1048 0.0000e+00
    863.000    13.2058     0.1879 -9.990e-29 1.0000e-12 8.4591e+01    166.256    13.0791    38.5177    29.1047 0.0000e+00
    864.000    13.2012     0.1828 -9.990e-29 1.0000e-12 8.5298e+01    166.286    13.0743    38.5167    29.1050 0.0000e+00
    865.000    13.1998     0.1836 -9.990e-29 -9.990e-29 8.0034e+01    166.506    13.0728    38.5165    29.1051 0.0000e+00
    866.000    13.1990     0.1883 -9.990e-29 -9.990e-29 8.8514e+01    166.862    13.0718    38.5163    29.1051 0.0000e+00
    867.000    13.1967     0.1905 -9.990e-29 -9.990e-29 8.3078e+01    167.402    13.0694    38.5158    29.1053 0.0000e+00
    868.000    13.1943     0.1895 -9.990e-29 -9.990e-29 8.3185e+01    167.604    13.0668    38.5152    29.1054 0.0000e+00
    869.000    13.1926     0.1895 -9.990e-29 -9.990e-29 8.3197e+01    167.350    13.0650    38.5149    29.1055 0.0000e+00
    870.000    13.1914     0.1910 -9.990e-29 -9.990e-29 8.5861e+01    167.248    13.0636    38.5147    29.1056 0.0000e+00
    871.000    13.1912     0.1883 -9.990e-29 -9.990e-29 8.3160e+01    167.506    13.0634    38.5146    29.1056 0.0000e+00
    872.000    13.1910     0.1897    98.3002 1.0000e-12 8.2777e+01    167.491    13.0630    38.5144    29.1055 0.0000e+00
    873.000    13.1906     0.1902    98.2915 4.8683e-06 8.6594e+01    167.123    13.0624    38.5143    29.1055 0.0000e+00
    874.000    13.1904     0.1897    98.3020 -1.560e-08 8.5237e+01    167.273    13.0620    38.5142    29.1055 0.0000e+00
    875.000    13.1901     0.1932    98.2956 1.0000e-12 8.4325e+01    167.535    13.0616    38.5141    29.1056 0.0000e+00
    876.000    13.1899     0.1859    98.2994 1.0000e-12 9.1551e+01    167.504    13.0613    38.5141    29.1057 0.0000e+00
    877.000    13.1902     0.1878    98.2938 1.0000e-12 8.2217e+01    167.678    13.0615    38.5143    29.1057 0.0000e+00
    878.000    13.1897     0.1875    98.2982 1.0000e-12 8.5656e+01    167.848    13.0608    38.5139    29.1056 0.0000e+00
    879.000    13.1900     0.1893    98.2992 1.0000e-12 8.7001e+01    167.732    13.0609    38.5141    29.1057 0.0000e+00
    880.000    13.1899     0.1895    98.2969 1.0000e-12 8.2657e+01    167.604    13.0607    38.5140    29.1057 0.0000e+00
    881.000    13.1899     0.1830    98.2974 1.0000e-12 8.5668e+01    167.352    13.0606    38.5139    29.1056 0.0000e+00
    882.000    13.1901     0.1819    98.2994 1.0000e-12 8.4319e+01    167.423    13.0605    38.5139    29.1057 0.0000e+00
    883.000    13.1902     0.1814    98.2962 1.0000e-12 8.9126e+01    167.817    13.0605    38.5139    29.1056 0.0000e+00
    884.000    13.1903     0.1877    98.3037 1.0000e-12 8.4800e+01    167.895    13.0605    38.5139    29.1057 0.0000e+00
    885.000    13.1906     0.1886    98.3024 1.0000e-12 8.6238e+01    167.290    13.0606    38.5138    29.1056 0.0000e+00
    886.000    13.1906     0.1870    98.3022 1.0000e-12 8.9099e+01    167.297    13.0605    38.5140    29.1058 0.0000e+00
    887.000    13.1908     0.1900    98.2964 1.0000e-12 8.1436e+01    167.326    13.0605    38.5139    29.1056 0.0000e+00
    888.000    13.1908     0.1854    98.2926 1.0000e-12 8.3381e+01    167.503    13.0603    38.5139    29.1057 0.0000e+00
    889.000    13.1908     0.1839    98.3027 -9.990e-29 8.8714e+01    167.645    13.0602    38.5138    29.1056 0.0000e+00
    890.000    13.1910     0.1810    98.3005 -9.990e-29 8.4472e+01    167.810    13.0603    38.5138    29.1056 0.0000e+00
    891.000    13.1910     0.1836    98.2936 -9.990e-29 8.6976e+01    167.744    13.0601    38.5137    29.1056 0.0000e+00
    892.000    13.1911     0.1868    98.2986 -9.990e-29 9.1393e+01    167.595    13.0601    38.5138    29.1056 0.0000e+00
    893.000    13.1913     0.1879 -9.990e-29 -9.990e-29 8.4967e+01    167.558    13.0601    38.5138    29.1057 0.0000e+00
    894.000    13.1913     0.1841 -9.990e-29 -9.990e-29 8.7264e+01    167.688    13.0599    38.5136    29.1055 0.0000e+00
    895.000    13.1914     0.1860 -9.990e-29 -9.990e-29 9.2183e+01    167.678    13.0599    38.5137    29.1056 0.0000e+00
    896.000    13.1912     0.1899    98.2915 -9.990e-29 8.7792e+01    167.392    13.0595    38.5135    29.1055 0.0000e+00
    897.000    13.1910     0.1927    98.3009 -9.990e-29 8.7061e+01    167.208    13.0592    38.5135    29.1056 0.0000e+00
    898.000    13.1912     0.1946    98.2945 -9.990e-29 8.7844e+01    167.719    13.0592    38.5136    29.1057 0.0000e+00
    899.000    13.1914     0.1935    98.2969 -9.990e-29 8.8729e+01    167.900    13.0593    38.5137    29.1057 0.0000e+00
    900.000    13.1916     0.1975    98.2926 -9.990e-29 8.9594e+01    167.962    13.0593    38.5136    29.1057 0.0000e+00
    901.000    13.1915     0.1978 -9.990e-29 -9.990e-29 8.3249e+01    167.514    13.0591    38.5137    29.1058 0.0000e+00
    902.000    13.1916     0.1943 -9.990e-29 -9.990e-29 8.4822e+01    167.249    13.0591    38.5135    29.1056 0.0000e+00
    903.000    13.1916     0.1933 -9.990e-29 -9.990e-29 8.7621e+01    167.373    13.0589    38.5136    29.1057 0.0000e+00
    904.000    13.1916     0.1886 -9.990e-29 -9.990e-29 8.6373e+01    167.380    13.0588    38.5134    29.1057 0.0000e+00
    905.000    13.1918     0.1870    98.2945 -9.990e-29 8.8273e+01    167.161    13.0587    38.5134    29.1056 0.0000e+00
    906.000    13.1918     0.1904    98.3010 -9.990e-29 8.7570e+01    167.266    13.0586    38.5134    29.1056 0.0000e+00
    907.000    13.1917     0.1888    98.2867 -9.990e-29 8.9726e+01    167.614    13.0583    38.5133    29.1056 0.0000e+00
    908.000    13.1917     0.1860    98.2950 -9.990e-29 8.5529e+01    167.712    13.0582    38.5133    29.1057 0.0000e+00
    909.000    13.1917     0.1797    98.2957 -9.990e-29 8.9912e+01    167.611    13.0581    38.5132    29.1056 0.0000e+00
    910.000    13.1916     0.1855    98.2985 -9.990e-29 8.5217e+01    167.426    13.0579    38.5132    29.1057 0.0000e+00
    911.000    13.1917     0.1923    98.2924 -9.990e-29 8.9533e+01    167.446    13.0578    38.5133    29.1057 0.0000e+00
    912.000    13.1917     0.1868    98.3021 -9.990e-29 8.6895e+01    167.412    13.0576    38.5132    29.1057 0.0000e+00
    913.000    13.1917     0.1849    98.3009 2.3262e-06 8.2829e+01    167.654    13.0575    38.5131    29.1057 0.0000e+00
    914.000    13.1918     0.1883    98.2945 -3.291e-08 8.8110e+01    167.606    13.0574    38.5131    29.1057 0.0000e+00
    915.000    13.1915     0.1896    98.3036 1.2741e-05 8.7226e+01    167.179    13.0570    38.5131    29.1058 0.0000e+00
    916.000    13.1916     0.1872    98.3030 5.9421e-08 8.7322e+01    167.095    13.0569    38.5130    29.1057 0.0000e+00
    917.000    13.1915     0.1856    98.3045 1.0000e-12 8.6363e+01    167.444    13.0567    38.5129    29.1057 0.0000e+00
    918.000    13.1918     0.1874 -9.990e-29 -9.990e-29 8.3963e+01    167.859    13.0568    38.5130    29.1058 0.0000e+00
    919.000    13.1920     0.1876 -9.990e-29 -9.990e-29 8.5067e+01    167.721    13.0569    38.5129    29.1057 0.0000e+00
