Data/ruptures/PEACETIME/FAST/PEACETIME_FAST_CTD_058.cnv
* Sea-Bird SBE 9 Data File:
* FileName = C:\CTD\rawCTD\PEACETIME_FAST_CTD_058.hdr
* Software Version Seasave V 7.23.2
* Temperature SN = 1378
* Conductivity SN = 2929
* Number of Bytes Per Scan = 38
* Number of Voltage Words = 5
* Number of Scans Averaged by the Deck Unit = 1
* NMEA Latitude = 37 56.82 N
* NMEA Longitude = 002 54.92 E
* NMEA UTC (Time) = Jun 03 2017  04:19:58
* NMEA baud rate = 4800
** Cruise:   PEACETIME
** Station:   FAST_CTD_058
# nquan = 11
# nvalues = 2822                        
# units = specified
# name 0 = prDM: Pressure, Digiquartz [db]
# name 1 = t090C: Temperature [ITS-90, deg C]
# name 2 = flC: Fluorescence, Chelsea Aqua 3 Chl Con [ug/l]
# name 3 = CStarTr0: Beam Transmission, WET Labs C-Star [%]
# name 4 = par: PAR/Irradiance, Biospherical/Licor
# name 5 = spar: SPAR/Surface Irradiance
# name 6 = sbeox0Mm/Kg: Oxygen, SBE 43 [umol/kg]
# name 7 = potemp090C: Potential Temperature [ITS-90, deg C]
# name 8 = sal00: Salinity, Practical [PSU]
# name 9 = sigma-é00: Density [sigma-theta, kg/m^3]
# name 10 = flag:
# span 0 =      1.000,   2822.000       
# span 1 =    13.1213,    21.0562       
# span 2 =     0.1732,     0.3995       
# span 3 =    95.6297,    98.4580       
# span 4 = -5.928e-06, 3.8156e+00       
# span 5 = 9.2733e+00, 4.8341e+02       
# span 6 =    152.236,    239.457       
# span 7 =    12.9037,    21.0548       
# span 8 =    37.0458,    38.5868       
# span 9 =    26.0383,    29.1162       
# span 10 = 0.0000e+00, 0.0000e+00      
# interval = decibars: 1                
# start_time = Jun 03 2017 04:21:58 [NMEA time, first data scan]
# bad_flag = -9.990e-29
*END*
[from data line 263]
    264.000    13.6086     0.1955    98.3286 3.0305e-05 2.2018e+01    160.427    13.5698    38.5001    28.9876 0.0000e+00
    265.000    13.6077     0.1902    98.3375 1.2597e-03 2.1697e+01    160.371    13.5688    38.5011    28.9886 0.0000e+00
    266.000    13.6051     0.1851    98.3301 4.0452e-04 2.1007e+01    159.912    13.5660    38.5019    28.9898 0.0000e+00
    267.000    13.6060     0.1833    98.3342 3.4770e-05 1.8661e+01    159.342    13.5668    38.5036    28.9910 0.0000e+00
    268.000    13.6078     0.1860    98.3363 -8.638e-08 1.8531e+01    159.180    13.5685    38.5061    28.9926 0.0000e+00
    269.000    13.6088     0.1855    98.3356 1.2860e-05 1.9001e+01    159.449    13.5693    38.5074    28.9934 0.0000e+00
    270.000    13.6104     0.1899    98.3414 2.5664e-06 1.9436e+01    159.819    13.5707    38.5089    28.9942 0.0000e+00
    271.000    13.6136     0.1976    98.3436 2.9313e-04 1.9832e+01    159.746    13.5738    38.5107    28.9950 0.0000e+00
    272.000    13.6172     0.1975 -9.990e-29 3.5702e-04 2.3629e+01    159.688    13.5773    38.5127    28.9958 0.0000e+00
    273.000    13.6214     0.1939 -9.990e-29 1.7972e-04 2.1190e+01    159.773    13.5813    38.5154    28.9970 0.0000e+00
    274.000    13.6250     0.1854    98.3176 2.2249e-04 1.8765e+01    159.715    13.5847    38.5174    28.9978 0.0000e+00
    275.000    13.6263     0.1848    98.3394 2.0532e-05 2.1449e+01    159.087    13.5859    38.5181    28.9982 0.0000e+00
    276.000    13.6275     0.1892    98.3384 3.2004e-07 1.6851e+01    159.255    13.5869    38.5188    28.9985 0.0000e+00
    277.000    13.6287     0.1912    98.3350 4.6898e-04 2.4075e+01    159.639    13.5880    38.5195    28.9988 0.0000e+00
    278.000    13.6295     0.1868    98.3329 2.3608e-04 2.5044e+01    159.390    13.5886    38.5210    28.9998 0.0000e+00
    279.000    13.6293     0.1846 -9.990e-29 -1.485e-06 2.0153e+01    158.602    13.5883    38.5240    29.0022 0.0000e+00
    280.000    13.6313     0.1919 -9.990e-29 4.4235e-06 1.9780e+01    158.749    13.5901    38.5281    29.0050 0.0000e+00
    281.000    13.6341     0.1926 -9.990e-29 2.5534e-06 1.8367e+01    158.809    13.5928    38.5296    29.0056 0.0000e+00
    282.000    13.6359     0.1938 -9.990e-29 -4.835e-09 2.2886e+01    157.966    13.5944    38.5314    29.0066 0.0000e+00
    283.000    13.6322     0.1954 -9.990e-29 -9.990e-29 2.1939e+01    157.724    13.5906    38.5328    29.0085 0.0000e+00
    284.000    13.6286     0.1956 -9.990e-29 -9.990e-29 2.3843e+01    157.346    13.5869    38.5332    29.0096 0.0000e+00
    285.000    13.6253     0.1878 -9.990e-29 -9.990e-29 2.0543e+01    157.127    13.5834    38.5335    29.0106 0.0000e+00
    286.000    13.6257     0.1849    98.3349 1.0000e-12 2.2994e+01    157.374    13.5837    38.5346    29.0114 0.0000e+00
    287.000    13.6305     0.1883    98.3300 3.6299e-05 2.2554e+01    157.428    13.5883    38.5370    29.0123 0.0000e+00
    288.000    13.6338     0.1867    98.3163 -5.939e-07 2.1865e+01    157.548    13.5915    38.5391    29.0132 0.0000e+00
    289.000    13.6396     0.1939    98.3343 1.7206e-04 2.0217e+01    157.429    13.5970    38.5426    29.0147 0.0000e+00
    290.000    13.6433     0.1920    98.3461 7.2991e-07 1.9914e+01    157.298    13.6007    38.5455    29.0162 0.0000e+00
    291.000    13.6424     0.1922 -9.990e-29 -9.990e-29 2.1009e+01    157.006    13.5996    38.5465    29.0173 0.0000e+00
    292.000    13.6414     0.1966 -9.990e-29 -9.990e-29 2.3410e+01    156.658    13.5984    38.5476    29.0184 0.0000e+00
    293.000    13.6386     0.1925 -9.990e-29 -9.990e-29 2.3603e+01    156.453    13.5955    38.5494    29.0203 0.0000e+00
    294.000    13.6381     0.1908 -9.990e-29 -9.990e-29 2.3838e+01    156.462    13.5948    38.5497    29.0207 0.0000e+00
    295.000    13.6356     0.1925 -9.990e-29 -9.990e-29 1.9617e+01    156.020    13.5923    38.5503    29.0217 0.0000e+00
    296.000    13.6347     0.1958 -9.990e-29 -9.990e-29 2.2531e+01    155.749    13.5912    38.5520    29.0233 0.0000e+00
    297.000    13.6354     0.1920 -9.990e-29 -9.990e-29 2.3564e+01    155.942    13.5917    38.5548    29.0254 0.0000e+00
    298.000    13.6354     0.1864    98.3465 5.3476e-04 1.8832e+01    155.600    13.5915    38.5561    29.0264 0.0000e+00
    299.000    13.6354     0.1850    98.3321 4.6002e-05 2.0461e+01    155.533    13.5914    38.5567    29.0269 0.0000e+00
    300.000    13.6353     0.1800    98.3528 7.4997e-04 2.4872e+01    155.599    13.5911    38.5574    29.0274 0.0000e+00
    301.000    13.6354     0.1835    98.3490 2.9230e-04 2.0550e+01    155.182    13.5911    38.5575    29.0275 0.0000e+00
    302.000    13.6355     0.1897    98.3480 5.3488e-06 2.5176e+01    155.498    13.5911    38.5576    29.0276 0.0000e+00
    303.000    13.6357     0.1971    98.3494 8.1689e-05 1.9705e+01    155.622    13.5912    38.5576    29.0276 0.0000e+00
    304.000    13.6363     0.1942    98.3513 2.3360e-06 2.5280e+01    155.423    13.5915    38.5581    29.0280 0.0000e+00
    305.000    13.6368     0.1864    98.3509 -4.939e-08 2.1674e+01    155.549    13.5920    38.5595    29.0289 0.0000e+00
    306.000    13.6397     0.1860    98.3522 4.7561e-05 2.3277e+01    155.410    13.5947    38.5626    29.0307 0.0000e+00
    307.000    13.6368     0.1887    98.3533 5.7918e-06 2.3165e+01    155.058    13.5916    38.5631    29.0318 0.0000e+00
    308.000    13.6363     0.1970    98.3485 2.4444e-05 1.8772e+01    154.722    13.5910    38.5642    29.0328 0.0000e+00
    309.000    13.6363     0.2003    98.3513 -2.034e-07 2.4672e+01    154.731    13.5908    38.5646    29.0331 0.0000e+00
    310.000    13.6360     0.1912    98.3519 1.0000e-12 2.2739e+01    154.848    13.5904    38.5650    29.0335 0.0000e+00
    311.000    13.6344     0.1932    98.3468 -9.990e-29 2.4965e+01    154.466    13.5887    38.5645    29.0335 0.0000e+00
    312.000    13.6307     0.1932    98.3436 -9.990e-29 2.5228e+01    154.595    13.5848    38.5641    29.0341 0.0000e+00
    313.000    13.6297     0.1920    98.3495 -9.990e-29 2.4766e+01    154.899    13.5837    38.5651    29.0351 0.0000e+00
    314.000    13.6328     0.1881    98.3456 -9.990e-29 2.3136e+01    154.997    13.5865    38.5665    29.0355 0.0000e+00
    315.000    13.6338     0.1955    98.3535 -9.990e-29 2.3319e+01    154.822    13.5874    38.5676    29.0362 0.0000e+00
    316.000    13.6340     0.1947    98.3479 -9.990e-29 2.1002e+01    154.535    13.5875    38.5683    29.0367 0.0000e+00
    317.000    13.6338     0.1963    98.3479 -9.990e-29 2.5426e+01    154.646    13.5871    38.5685    29.0370 0.0000e+00
    318.000    13.6344     0.1959    98.3551 1.6598e-05 2.4569e+01    154.586    13.5876    38.5696    29.0377 0.0000e+00
    319.000    13.6342     0.1978    98.3566 1.5919e-05 2.2505e+01    154.611    13.5873    38.5706    29.0385 0.0000e+00
    320.000    13.6357     0.1990    98.3495 -1.913e-07 2.7253e+01    154.273    13.5885    38.5719    29.0393 0.0000e+00
    321.000    13.6383     0.1967    98.3545 1.0000e-12 2.1090e+01    154.077    13.5910    38.5731    29.0397 0.0000e+00
    322.000    13.6386     0.1936    98.3478 1.0000e-12 2.3330e+01    154.345    13.5912    38.5732    29.0398 0.0000e+00
    323.000    13.6388     0.1922    98.3397 1.0000e-12 2.2890e+01    153.952    13.5913    38.5736    29.0400 0.0000e+00
    324.000    13.6413     0.1901    98.3486 7.0042e-05 2.5059e+01    154.235    13.5936    38.5755    29.0410 0.0000e+00
    325.000    13.6433     0.1882    98.3519 2.6876e-05 2.1021e+01    154.487    13.5954    38.5772    29.0419 0.0000e+00
    326.000    13.6444     0.1844    98.3555 3.7309e-05 2.4924e+01    154.261    13.5964    38.5787    29.0428 0.0000e+00
    327.000    13.6460     0.1822    98.3546 1.2892e-04 2.1680e+01    153.937    13.5978    38.5804    29.0439 0.0000e+00
    328.000    13.6495     0.1868    98.3506 8.7042e-06 2.2198e+01    153.834    13.6012    38.5833    29.0454 0.0000e+00
    329.000    13.6511     0.1883    98.3591 4.4558e-04 2.5795e+01    154.239    13.6026    38.5839    29.0456 0.0000e+00
    330.000    13.6512     0.1918    98.3561 7.2558e-05 2.5230e+01    154.406    13.6025    38.5838    29.0456 0.0000e+00
    331.000    13.6508     0.1932    98.3643 2.1933e-04 2.1312e+01    154.147    13.6020    38.5838    29.0456 0.0000e+00
    332.000    13.6514     0.1903    98.3552 1.6497e-04 2.3301e+01    154.312    13.6025    38.5841    29.0458 0.0000e+00
    333.000    13.6489     0.1850    98.3566 1.9969e-04 2.3012e+01    154.125    13.5998    38.5836    29.0459 0.0000e+00
    334.000    13.6404     0.1880    98.3516 6.2151e-05 2.6455e+01    153.978    13.5912    38.5821    29.0466 0.0000e+00
    335.000    13.6370     0.1867    98.3540 5.4464e-05 2.1093e+01    154.159    13.5876    38.5816    29.0470 0.0000e+00
    336.000    13.6379     0.1833    98.3571 7.3047e-05 2.6775e+01    153.953    13.5884    38.5823    29.0474 0.0000e+00
    337.000    13.6390     0.1859    98.3612 1.1773e-04 2.6467e+01    153.319    13.5893    38.5830    29.0477 0.0000e+00
    338.000    13.6309     0.1875    98.3616 1.9824e-04 2.5132e+01    153.212    13.5811    38.5811    29.0480 0.0000e+00
    339.000    13.6077     0.1885    98.3515 1.6093e-04 2.3548e+01    153.259    13.5578    38.5761    29.0491 0.0000e+00
    340.000    13.6015     0.1892    98.3498 9.7508e-05 2.7661e+01    153.011    13.5515    38.5759    29.0503 0.0000e+00
    341.000    13.5977     0.1840    98.3501 1.8024e-04 2.4987e+01    153.089    13.5475    38.5750    29.0504 0.0000e+00
    342.000    13.5945     0.1854    98.3556 1.3931e-03 2.2551e+01    153.335    13.5442    38.5745    29.0508 0.0000e+00
    343.000    13.5923     0.1966    98.3473 4.9169e-04 2.3576e+01    153.312    13.5418    38.5743    29.0511 0.0000e+00
    344.000    13.5916     0.1950    98.3466 1.0129e-03 2.6188e+01    153.359    13.5410    38.5745    29.0514 0.0000e+00
    345.000    13.5917     0.1945    98.3556 -5.928e-06 2.0693e+01    153.504    13.5410    38.5744    29.0514 0.0000e+00
    346.000    13.5894     0.1944    98.3536 -9.990e-29 2.6768e+01    153.329    13.5385    38.5737    29.0514 0.0000e+00
    347.000    13.5891     0.1990    98.3485 -9.990e-29 2.3635e+01    153.155    13.5380    38.5739    29.0516 0.0000e+00
    348.000    13.5885     0.1976    98.3494 -9.990e-29 2.5791e+01    153.132    13.5373    38.5739    29.0517 0.0000e+00
    349.000    13.5866     0.1852    98.3476 1.0000e-12 2.2123e+01    153.236    13.5353    38.5743    29.0525 0.0000e+00
    350.000    13.5874     0.1889    98.3561 7.8809e-04 1.8212e+01    152.983    13.5359    38.5751    29.0530 0.0000e+00
    351.000    13.5779     0.1907    98.3516 9.7240e-05 2.6353e+01    152.713    13.5263    38.5736    29.0539 0.0000e+00
    352.000    13.5743     0.1889    98.3415 1.1112e-03 2.7307e+01    153.112    13.5226    38.5732    29.0543 0.0000e+00
    353.000    13.5813     0.1880    98.3504 2.1051e-04 2.5644e+01    153.113    13.5294    38.5764    29.0554 0.0000e+00
    354.000    13.5949     0.1886    98.3526 1.2078e-03 2.9066e+01    153.185    13.5429    38.5802    29.0555 0.0000e+00
    355.000    13.6076     0.1898    98.3607 1.2062e-03 2.2696e+01    153.363    13.5553    38.5852    29.0566 0.0000e+00
    356.000    13.6072     0.1890    98.3619 7.1450e-04 2.6028e+01    153.294    13.5548    38.5846    29.0563 0.0000e+00
    357.000    13.6048     0.1856    98.3623 3.7479e-04 2.7299e+01    153.483    13.5523    38.5848    29.0570 0.0000e+00
    358.000    13.5988     0.1876    98.3654 5.9498e-04 2.3398e+01    153.429    13.5461    38.5832    29.0571 0.0000e+00
    359.000    13.5924     0.1885    98.3575 6.1768e-04 2.9664e+01    153.106    13.5396    38.5826    29.0580 0.0000e+00
    360.000    13.5951     0.1925    98.3626 1.2528e-03 2.4813e+01    153.071    13.5422    38.5835    29.0581 0.0000e+00
    361.000    13.5965     0.1897    98.3546 5.8436e-05 2.6686e+01    152.911    13.5433    38.5842    29.0585 0.0000e+00
    362.000    13.5972     0.1924    98.3633 1.8433e-03 2.4920e+01    152.630    13.5439    38.5847    29.0587 0.0000e+00
    363.000    13.5937     0.1904    98.3658 3.8448e-04 2.6976e+01    152.846    13.5402    38.5841    29.0590 0.0000e+00
    364.000    13.5931     0.1883    98.3648 9.9896e-04 2.7513e+01    152.895    13.5395    38.5844    29.0594 0.0000e+00
    365.000    13.5963     0.1906    98.3675 1.6536e-04 2.5222e+01    152.789    13.5425    38.5859    29.0600 0.0000e+00
    366.000    13.5911     0.1839    98.3656 3.1072e-04 2.3450e+01    152.551    13.5372    38.5847    29.0602 0.0000e+00
    367.000    13.5859     0.1873    98.3385 2.1357e-03 2.2308e+01    152.236    13.5319    38.5835    29.0603 0.0000e+00
    368.000    13.5657     0.1922    98.3593 4.0935e-04 2.8260e+01    152.260    13.5115    38.5784    29.0607 0.0000e+00
    369.000    13.5573     0.1887    98.3546 6.3731e-05 2.9127e+01    152.704    13.5030    38.5774    29.0617 0.0000e+00
    370.000    13.5555     0.1850    98.3561 6.1303e-04 2.4720e+01    152.743    13.5011    38.5769    29.0617 0.0000e+00
    371.000    13.5558     0.1861    98.3536 1.9893e-05 2.4569e+01    152.591    13.5013    38.5772    29.0620 0.0000e+00
    372.000    13.5546     0.1883    98.3506 2.1702e-04 2.6820e+01    152.329    13.4999    38.5773    29.0623 0.0000e+00
    373.000    13.5539     0.1895    98.3552 1.7814e-04 2.3060e+01    152.307    13.4991    38.5772    29.0624 0.0000e+00
    374.000    13.5506     0.1897    98.3507 2.2133e-06 2.4860e+01    152.416    13.4956    38.5765    29.0626 0.0000e+00
    375.000    13.5474     0.1834    98.3526 2.3451e-04 2.8751e+01    152.595    13.4923    38.5765    29.0633 0.0000e+00
    376.000    13.5465     0.1786    98.3546 1.6154e-04 2.1465e+01    152.499    13.4912    38.5769    29.0639 0.0000e+00
    377.000    13.5475     0.1823    98.3546 3.9362e-04 2.3488e+01    152.632    13.4921    38.5776    29.0642 0.0000e+00
    378.000    13.5502     0.1854    98.3506 2.3469e-04 2.8517e+01    153.066    13.4947    38.5790    29.0648 0.0000e+00
    379.000    13.5556     0.1915    98.3580 4.6463e-04 2.4906e+01    153.088    13.4999    38.5816    29.0657 0.0000e+00
    380.000    13.5592     0.1927    98.3561 -1.841e-06 2.6143e+01    152.955    13.5034    38.5827    29.0658 0.0000e+00
    381.000    13.5592     0.1904    98.3606 3.5257e-04 2.7510e+01    152.654    13.5032    38.5831    29.0661 0.0000e+00
    382.000    13.5586     0.1877    98.3613 7.8838e-04 2.4469e+01    152.746    13.5024    38.5831    29.0663 0.0000e+00
    383.000    13.5572     0.1877    98.3575 2.8472e-04 2.7566e+01    153.191    13.5009    38.5830    29.0665 0.0000e+00
    384.000    13.5565     0.1858    98.3566 7.7463e-04 2.5635e+01    153.076    13.5000    38.5830    29.0667 0.0000e+00
    385.000    13.5602     0.1878    98.3624 7.6654e-05 2.8825e+01    152.983    13.5036    38.5850    29.0675 0.0000e+00
    386.000    13.5648     0.1905    98.3644 1.4664e-04 2.7238e+01    152.964    13.5081    38.5864    29.0677 0.0000e+00
    387.000    13.5646     0.1919    98.3648 4.6717e-04 2.8887e+01    152.662    13.5077    38.5865    29.0678 0.0000e+00
    388.000    13.5635     0.1944    98.3658 1.5641e-04 2.6241e+01    152.854    13.5064    38.5866    29.0682 0.0000e+00
    389.000    13.5603     0.1921    98.3686 6.4100e-05 2.4617e+01    152.818    13.5031    38.5862    29.0686 0.0000e+00
    390.000    13.5574     0.1903    98.3593 7.3397e-07 2.8371e+01    152.450    13.5000    38.5860    29.0690 0.0000e+00
    391.000    13.5526     0.1867    98.3602 1.0000e-12 2.4397e+01    152.363    13.4951    38.5846    29.0690 0.0000e+00
    392.000    13.5497     0.1877    98.3695 1.0000e-12 2.3453e+01    152.372    13.4920    38.5847    29.0697 0.0000e+00
    393.000    13.5503     0.1880    98.3696 1.0000e-12 2.9862e+01    152.592    13.4925    38.5849    29.0698 0.0000e+00
