Data/ruptures/PEACETIME/FAST/PEACETIME_FAST_CTD_082.cnv
* Sea-Bird SBE 9 Data File:
* FileName = C:\CTD\rawCTD\PEACETIME_FAST_CTD_082.hdr
* Software Version Seasave V 7.23.2
* Temperature SN = 1378
* Conductivity SN = 2929
* Number of Bytes Per Scan = 38
* Number of Voltage Words = 5
* Number of Scans Averaged by the Deck Unit = 1
* NMEA Latitude = 37 56.79 N
* NMEA Longitude = 002 55.00 E
* NMEA UTC (Time) = Jun 07 2017  04:09:51
* NMEA baud rate = 4800
** Cruise:   PEACETIME
** Station:   FAST_CTD_082
# nquan = 11
# nvalues = 2819                        
# units = specified
# name 0 = prDM: Pressure, Digiquartz [db]
# name 1 = t090C: Temperature [ITS-90, deg C]
# name 2 = flC: Fluorescence, Chelsea Aqua 3 Chl Con [ug/l]
# name 3 = CStarTr0: Beam Transmission, WET Labs C-Star [%]
# name 4 = par: PAR/Irradiance, Biospherical/Licor
# name 5 = spar: SPAR/Surface Irradiance
# name 6 = sbeox0Mm/Kg: Oxygen, SBE 43 [umol/kg]
# name 7 = potemp090C: Potential Temperature [ITS-90, deg C]
# name 8 = sal00: Salinity, Practical [PSU]
# name 9 = sigma-é00: Density [sigma-theta, kg/m^3]
# name 10 = flag:
# span 0 =      1.000,   2819.000       
# span 1 =    13.1234,    21.6408       
# span 2 =     0.1756,     0.5795       
# span 3 =    93.1335,    98.2594       
# span 4 = -7.240e-06, 1.4908e+00       
# span 5 = 6.6536e+00, 7.1989e+02       
# span 6 =    151.928,    241.034       
# span 7 =    12.9040,    21.6398       
# span 8 =    37.0412,    38.5940       
# span 9 =    25.8959,    29.1159       
# span 10 = 0.0000e+00, 0.0000e+00      
# interval = decibars: 1                
# start_time = Jun 07 2017 04:12:11 [NMEA time, first data scan]
# bad_flag = -9.990e-29
*END*
[from data line 919]
    920.000    13.2026     0.1833    98.2021 1.3818e-03 6.9975e+01    167.461    13.0672    38.5160    29.1059 0.0000e+00
    921.000    13.2009     0.1827    98.2062 1.6811e-03 7.3635e+01    167.507    13.0654    38.5155    29.1059 0.0000e+00
    922.000    13.1998     0.1882    98.2081 2.8917e-03 6.7312e+01    167.374    13.0642    38.5153    29.1060 0.0000e+00
    923.000    13.1994     0.1832    98.2031 1.0324e-03 7.0596e+01    167.671    13.0636    38.5151    29.1060 0.0000e+00
    924.000    13.1978     0.1881    98.2070 1.6982e-03 6.6463e+01    167.704    13.0619    38.5146    29.1059 0.0000e+00
    925.000    13.1962     0.1902    98.2065 8.9907e-04 6.9773e+01    167.856    13.0601    38.5142    29.1060 0.0000e+00
    926.000    13.1949     0.1908    98.2093 2.6148e-03 7.7547e+01    168.175    13.0587    38.5139    29.1060 0.0000e+00
    927.000    13.1938     0.1851    98.2113 1.4498e-03 6.7347e+01    168.007    13.0574    38.5135    29.1060 0.0000e+00
    928.000    13.1925     0.1820    98.2135 7.2956e-04 7.4785e+01    168.092    13.0560    38.5133    29.1061 0.0000e+00
    929.000    13.1919     0.1889    98.2135 1.2159e-04 7.4295e+01    168.335    13.0553    38.5131    29.1061 0.0000e+00
    930.000    13.1909     0.1900    98.2135 3.4112e-04 7.4451e+01    168.475    13.0541    38.5129    29.1062 0.0000e+00
    931.000    13.1902     0.1901    98.2135 1.0374e-03 7.7183e+01    168.170    13.0532    38.5126    29.1062 0.0000e+00
    932.000    13.1898     0.1920    98.2135 4.5614e-04 7.5783e+01    167.873    13.0527    38.5125    29.1062 0.0000e+00
    933.000    13.1890     0.1906    98.2135 5.7773e-04 7.3976e+01    167.918    13.0517    38.5121    29.1061 0.0000e+00
    934.000    13.1856     0.1884    98.2135 1.8467e-04 7.6414e+01    168.190    13.0482    38.5115    29.1063 0.0000e+00
    935.000    13.1854     0.1863    98.2135 1.5967e-04 7.1853e+01    168.106    13.0478    38.5115    29.1064 0.0000e+00
    936.000    13.1857     0.1866    98.2135 1.0740e-06 7.1794e+01    168.008    13.0480    38.5114    29.1063 0.0000e+00
    937.000    13.1857     0.1896    98.2135 1.0000e-12 7.1794e+01    168.535    13.0478    38.5112    29.1062 0.0000e+00
    938.000    13.1858     0.1900    98.2135 2.3981e-05 7.6229e+01    168.472    13.0479    38.5114    29.1064 0.0000e+00
    939.000    13.1859     0.1842    98.2135 2.8857e-07 7.5755e+01    168.189    13.0477    38.5114    29.1063 0.0000e+00
    940.000    13.1836     0.1822    98.2135 4.9244e-04 7.7180e+01    168.364    13.0453    38.5106    29.1062 0.0000e+00
    941.000    13.1823     0.1843    98.2135 4.9971e-04 7.7830e+01    168.243    13.0439    38.5103    29.1064 0.0000e+00
    942.000    13.1815     0.1904    98.2135 1.8745e-03 7.2952e+01    168.346    13.0429    38.5101    29.1063 0.0000e+00
    943.000    13.1802     0.1861    98.2114 1.4594e-03 7.5753e+01    168.507    13.0415    38.5096    29.1063 0.0000e+00
    944.000    13.1799     0.1858    98.2083 4.8899e-04 7.4328e+01    168.615    13.0410    38.5095    29.1063 0.0000e+00
    945.000    13.1798     0.1853    98.2083 9.9199e-04 6.9199e+01    168.662    13.0408    38.5096    29.1064 0.0000e+00
    946.000    13.1789     0.1784    98.2103 9.1840e-04 7.8148e+01    168.699    13.0397    38.5091    29.1062 0.0000e+00
    947.000    13.1781     0.1771    98.2059 1.0171e-03 7.4275e+01    168.734    13.0388    38.5089    29.1063 0.0000e+00
    948.000    13.1783     0.1844    98.2135 7.0700e-04 7.5034e+01    168.567    13.0388    38.5090    29.1064 0.0000e+00
    949.000    13.1764     0.1870    98.2135 4.4343e-05 7.4123e+01    168.255    13.0368    38.5084    29.1063 0.0000e+00
    950.000    13.1756     0.1863    98.2135 1.9513e-04 7.8082e+01    168.398    13.0359    38.5082    29.1064 0.0000e+00
    951.000    13.1733     0.1825    98.2135 5.8559e-04 7.7232e+01    168.645    13.0334    38.5076    29.1064 0.0000e+00
    952.000    13.1733     0.1835    98.2091 6.6151e-04 7.9132e+01    168.502    13.0332    38.5075    29.1064 0.0000e+00
    953.000    13.1734     0.1892    98.2073 4.4629e-04 6.9773e+01    168.422    13.0333    38.5075    29.1064 0.0000e+00
    954.000    13.1737     0.1912    98.1972 7.2673e-04 7.7379e+01    168.072    13.0334    38.5076    29.1064 0.0000e+00
    955.000    13.1736     0.1860    98.2032 1.1418e-03 8.0866e+01    168.274    13.0332    38.5074    29.1063 0.0000e+00
    956.000    13.1736     0.1854    98.2041 4.3914e-04 7.8342e+01    168.585    13.0330    38.5075    29.1064 0.0000e+00
    957.000    13.1736     0.1847    98.2083 1.4175e-03 7.4050e+01    168.655    13.0329    38.5074    29.1064 0.0000e+00
    958.000    13.1739     0.1864    98.2045 3.8999e-05 7.3775e+01    168.469    13.0329    38.5073    29.1063 0.0000e+00
    959.000    13.1741     0.1870    98.2104 1.4000e-04 7.2440e+01    168.596    13.0330    38.5074    29.1064 0.0000e+00
    960.000    13.1741     0.1913    98.2081 5.0810e-04 8.1310e+01    168.639    13.0328    38.5074    29.1064 0.0000e+00
    961.000    13.1742     0.1885    98.2081 4.8112e-04 7.6526e+01    168.732    13.0328    38.5075    29.1065 0.0000e+00
    962.000    13.1744     0.1880    98.2038 4.2000e-05 7.6734e+01    168.782    13.0329    38.5075    29.1064 0.0000e+00
    963.000    13.1748     0.1865    98.2084 1.6822e-04 7.9098e+01    168.311    13.0331    38.5076    29.1065 0.0000e+00
    964.000    13.1752     0.1851    98.2025 2.1559e-05 7.9026e+01    168.275    13.0333    38.5075    29.1064 0.0000e+00
    965.000    13.1754     0.1905    98.1945 1.4395e-04 7.4979e+01    168.541    13.0334    38.5077    29.1064 0.0000e+00
    966.000    13.1756     0.1944    98.2026 4.0975e-06 7.7851e+01    168.282    13.0334    38.5076    29.1064 0.0000e+00
    967.000    13.1757     0.1957    98.2076 -4.630e-09 7.6248e+01    167.856    13.0334    38.5076    29.1064 0.0000e+00
    968.000    13.1758     0.1923    98.2092 1.0000e-12 7.6604e+01    168.098    13.0334    38.5077    29.1065 0.0000e+00
    969.000    13.1762     0.1878    98.2020 1.5702e-04 7.9722e+01    168.420    13.0336    38.5077    29.1065 0.0000e+00
    970.000    13.1764     0.1859    98.2019 2.3342e-04 7.5801e+01    168.779    13.0336    38.5077    29.1064 0.0000e+00
    971.000    13.1766     0.1806    98.2052 3.2378e-04 7.7576e+01    168.766    13.0337    38.5075    29.1063 0.0000e+00
    972.000    13.1767     0.1892    98.1978 9.6830e-04 7.7373e+01    168.863    13.0336    38.5076    29.1064 0.0000e+00
    973.000    13.1768     0.1926    98.2045 1.0676e-03 7.6469e+01    168.787    13.0335    38.5076    29.1064 0.0000e+00
    974.000    13.1769     0.1942    98.2070 1.1356e-03 7.7015e+01    168.560    13.0336    38.5077    29.1065 0.0000e+00
    975.000    13.1771     0.1884    98.1982 7.8494e-04 8.1127e+01    168.117    13.0336    38.5077    29.1064 0.0000e+00
    976.000    13.1774     0.1909    98.2136 3.0331e-04 7.5439e+01    168.318    13.0337    38.5077    29.1064 0.0000e+00
    977.000    13.1775     0.1894    98.2135 8.2015e-05 7.4126e+01    168.835    13.0337    38.5077    29.1064 0.0000e+00
    978.000    13.1777     0.1900    98.2135 2.3972e-06 7.8660e+01    169.004    13.0337    38.5077    29.1064 0.0000e+00
    979.000    13.1783     0.1953    98.2135 5.8985e-05 7.9000e+01    168.720    13.0341    38.5078    29.1064 0.0000e+00
    980.000    13.1786     0.1886    98.2135 5.6033e-04 7.9968e+01    168.267    13.0343    38.5080    29.1065 0.0000e+00
    981.000    13.1790     0.1863    98.2135 2.0348e-04 7.0045e+01    168.382    13.0346    38.5079    29.1064 0.0000e+00
    982.000    13.1793     0.1869    98.2135 -1.176e-06 7.2962e+01    168.616    13.0347    38.5080    29.1065 0.0000e+00
    983.000    13.1797     0.1905    98.2135 4.2132e-05 7.8538e+01    168.600    13.0349    38.5081    29.1065 0.0000e+00
    984.000    13.1804     0.1947    98.2046 4.9810e-07 7.7785e+01    168.382    13.0354    38.5081    29.1064 0.0000e+00
    985.000    13.1808     0.1912    98.2083 1.0000e-12 7.4478e+01    168.377    13.0358    38.5084    29.1066 0.0000e+00
    986.000    13.1811     0.1865    98.2083 1.0000e-12 7.7837e+01    168.638    13.0359    38.5084    29.1065 0.0000e+00
    987.000    13.1814     0.1801    98.2123 2.6513e-06 7.4031e+01    168.473    13.0360    38.5083    29.1064 0.0000e+00
    988.000    13.1816     0.1865    98.2121 1.4654e-08 7.8003e+01    168.458    13.0361    38.5084    29.1065 0.0000e+00
    989.000    13.1818     0.1914    98.2135 -9.990e-29 7.8544e+01    168.446    13.0361    38.5084    29.1065 0.0000e+00
    990.000    13.1819     0.1935    98.2135 -9.990e-29 7.8838e+01    168.993    13.0361    38.5084    29.1065 0.0000e+00
    991.000    13.1820     0.1912    98.2135 -9.990e-29 7.4457e+01    168.966    13.0360    38.5085    29.1066 0.0000e+00
    992.000    13.1821     0.1864    98.2135 1.0000e-12 7.9881e+01    168.738    13.0359    38.5085    29.1065 0.0000e+00
    993.000    13.1823     0.1828    98.2135 1.0000e-12 8.1154e+01    168.545    13.0360    38.5085    29.1066 0.0000e+00
    994.000    13.1820     0.1830    98.2135 2.8012e-05 7.4809e+01    168.544    13.0356    38.5083    29.1065 0.0000e+00
    995.000    13.1818     0.1864    98.2135 1.0350e-05 8.1189e+01    168.525    13.0352    38.5082    29.1065 0.0000e+00
    996.000    13.1819     0.1897    98.2135 -2.116e-07 7.7429e+01    168.367    13.0351    38.5082    29.1065 0.0000e+00
    997.000    13.1794     0.1854    98.2135 4.1379e-04 8.1054e+01    168.749    13.0325    38.5074    29.1064 0.0000e+00
    998.000    13.1766     0.1850    98.2135 1.5434e-03 8.0870e+01    168.946    13.0295    38.5067    29.1065 0.0000e+00
    999.000    13.1735     0.1850    98.2135 6.1947e-04 8.2150e+01    169.157    13.0264    38.5059    29.1065 0.0000e+00
   1000.000    13.1722     0.1866    98.2156 9.6464e-04 8.2960e+01    169.088    13.0249    38.5055    29.1066 0.0000e+00
   1001.000    13.1723     0.1880    98.2000 1.2024e-03 8.6397e+01    168.925    13.0248    38.5057    29.1067 0.0000e+00
   1002.000    13.1725     0.1895    98.2134 1.7845e-03 8.4084e+01    169.294    13.0249    38.5055    29.1066 0.0000e+00
   1003.000    13.1724     0.1832    98.2071 9.1522e-04 8.2246e+01    169.336    13.0247    38.5056    29.1067 0.0000e+00
   1004.000    13.1723     0.1846    98.2134 4.2197e-05 8.3627e+01    169.208    13.0244    38.5055    29.1067 0.0000e+00
   1005.000    13.1721     0.1874    98.2135 1.2856e-08 8.5407e+01    169.212    13.0241    38.5054    29.1067 0.0000e+00
   1006.000    13.1705     0.1894    98.2135 1.0000e-12 8.4181e+01    169.581    13.0223    38.5049    29.1066 0.0000e+00
   1007.000    13.1692     0.1885    98.2135 4.5487e-06 8.2941e+01    169.312    13.0209    38.5048    29.1068 0.0000e+00
   1008.000    13.1694     0.1856    98.2135 8.8874e-05 8.0724e+01    169.284    13.0209    38.5049    29.1069 0.0000e+00
   1009.000    13.1696     0.1850    98.2135 1.6176e-04 8.7604e+01    169.603    13.0210    38.5047    29.1068 0.0000e+00
   1010.000    13.1692     0.1901    98.2135 6.6965e-04 9.0084e+01    169.583    13.0204    38.5045    29.1067 0.0000e+00
   1011.000    13.1673     0.1896    98.2135 3.9907e-04 8.4866e+01    169.487    13.0183    38.5040    29.1067 0.0000e+00
   1012.000    13.1666     0.1847    98.2135 3.3538e-04 8.6107e+01    169.115    13.0175    38.5039    29.1069 0.0000e+00
   1013.000    13.1654     0.1865    98.2135 7.0081e-04 8.7111e+01    169.312    13.0162    38.5035    29.1068 0.0000e+00
   1014.000    13.1639     0.1868    98.2135 2.2694e-05 8.5960e+01    169.557    13.0146    38.5031    29.1068 0.0000e+00
   1015.000    13.1642     0.1859    98.2135 5.0723e-04 8.7369e+01    169.542    13.0146    38.5034    29.1070 0.0000e+00
   1016.000    13.1642     0.1853    98.2135 9.8190e-05 8.5949e+01    169.305    13.0145    38.5031    29.1069 0.0000e+00
   1017.000    13.1627     0.1864    98.2135 4.1153e-04 8.6678e+01    169.448    13.0129    38.5028    29.1069 0.0000e+00
   1018.000    13.1613     0.1924    98.2135 7.8591e-04 9.0079e+01    169.955    13.0114    38.5023    29.1069 0.0000e+00
   1019.000    13.1586     0.1883    98.2135 1.1338e-05 9.1352e+01    170.221    13.0085    38.5017    29.1070 0.0000e+00
   1020.000    13.1581     0.1901    98.2135 5.4853e-04 9.0334e+01    170.381    13.0078    38.5016    29.1071 0.0000e+00
   1021.000    13.1578     0.1902    98.2135 5.9630e-04 8.6722e+01    170.110    13.0074    38.5014    29.1070 0.0000e+00
   1022.000    13.1565     0.1878    98.2135 4.7585e-04 8.9155e+01    169.767    13.0059    38.5011    29.1070 0.0000e+00
   1023.000    13.1553     0.1886    98.2135 4.4272e-04 9.1895e+01    169.735    13.0046    38.5007    29.1071 0.0000e+00
   1024.000    13.1551     0.1910    98.2135 8.9810e-05 9.1296e+01    169.606    13.0043    38.5008    29.1072 0.0000e+00
   1025.000    13.1548     0.1829    98.2185 2.9069e-04 8.9419e+01    169.655    13.0038    38.5005    29.1070 0.0000e+00
   1026.000    13.1528     0.1776    98.2205 2.8570e-04 9.2937e+01    169.685    13.0017    38.5001    29.1072 0.0000e+00
   1027.000    13.1529     0.1810    98.2235 4.4758e-04 8.4098e+01    169.803    13.0017    38.5000    29.1071 0.0000e+00
   1028.000    13.1533     0.1857    98.2155 9.4176e-05 8.4005e+01    170.071    13.0019    38.5002    29.1072 0.0000e+00
   1029.000    13.1522     0.1894    98.2200 4.0548e-05 8.9692e+01    170.041    13.0007    38.4996    29.1070 0.0000e+00
   1030.000    13.1512     0.1852    98.2187 1.0029e-04 9.0246e+01    170.190    12.9994    38.4994    29.1071 0.0000e+00
   1031.000    13.1508     0.1813    98.2207 1.9656e-04 8.8913e+01    170.206    12.9990    38.4993    29.1072 0.0000e+00
   1032.000    13.1509     0.1849    98.2195 1.0952e-04 8.7855e+01    170.099    12.9989    38.4994    29.1072 0.0000e+00
   1033.000    13.1507     0.1817    98.2185 1.6290e-04 8.7341e+01    170.019    12.9985    38.4992    29.1071 0.0000e+00
   1034.000    13.1500     0.1803    98.2208 2.7424e-04 9.1166e+01    170.360    12.9977    38.4992    29.1073 0.0000e+00
   1035.000    13.1493     0.1887    98.2187 1.0675e-03 8.7538e+01    170.586    12.9968    38.4988    29.1072 0.0000e+00
   1036.000    13.1493     0.1905    98.2136 2.4102e-04 8.7966e+01    170.437    12.9967    38.4989    29.1073 0.0000e+00
   1037.000    13.1484     0.1886    98.2135 1.7334e-04 9.3074e+01    170.279    12.9957    38.4985    29.1072 0.0000e+00
   1038.000    13.1482     0.1814    98.2135 5.9061e-05 8.8065e+01    170.414    12.9953    38.4985    29.1072 0.0000e+00
   1039.000    13.1483     0.1839    98.2135 1.9888e-04 9.1874e+01    170.374    12.9952    38.4984    29.1072 0.0000e+00
   1040.000    13.1483     0.1873    98.2135 7.8131e-04 9.2402e+01    170.318    12.9950    38.4984    29.1072 0.0000e+00
   1041.000    13.1483     0.1893    98.2135 8.0431e-04 8.7949e+01    170.581    12.9949    38.4984    29.1073 0.0000e+00
   1042.000    13.1483     0.1840    98.2135 3.9599e-04 9.1682e+01    170.618    12.9948    38.4983    29.1072 0.0000e+00
   1043.000    13.1485     0.1842    98.2135 1.0135e-03 8.9841e+01    170.143    12.9948    38.4985    29.1074 0.0000e+00
   1044.000    13.1487     0.1874    98.2218 1.7279e-04 8.9729e+01    170.194    12.9948    38.4984    29.1073 0.0000e+00
   1045.000    13.1489     0.1895    98.2197 5.7729e-04 9.3503e+01    170.422    12.9950    38.4985    29.1073 0.0000e+00
   1046.000    13.1491     0.1868    98.2215 3.4898e-04 9.5602e+01    170.289    12.9949    38.4985    29.1073 0.0000e+00
   1047.000    13.1491     0.1858    98.2225 4.5970e-04 8.9320e+01    170.385    12.9948    38.4984    29.1073 0.0000e+00
   1048.000    13.1493     0.1793    98.2218 9.1435e-04 9.2552e+01    170.534    12.9949    38.4983    29.1072 0.0000e+00
   1049.000    13.1495     0.1852    98.2208 1.1845e-03 8.9388e+01    170.281    12.9949    38.4984    29.1073 0.0000e+00
