Data/ruptures/PEACETIME/FAST/PEACETIME_FAST_CTD_084.cnv
* Sea-Bird SBE 9 Data File:
* FileName = C:\CTD\rawCTD\PEACETIME_FAST_CTD_084.hdr
* Software Version Seasave V 7.23.2
* Temperature SN = 1378
* Conductivity SN = 2929
* Number of Bytes Per Scan = 38
* Number of Voltage Words = 5
* Number of Scans Averaged by the Deck Unit = 1
* NMEA Latitude = 37 56.80 N
* NMEA Longitude = 002 55.00 E
* NMEA UTC (Time) = Jun 07 2017  14:00:33
* NMEA baud rate = 4800
** Cruise:   PEACETIME
** Station:   FAST_CTD_084
# nquan = 11
# nvalues = 199                         
# units = specified
# name 0 = prDM: Pressure, Digiquartz [db]
# name 1 = t090C: Temperature [ITS-90, deg C]
# name 2 = flC: Fluorescence, Chelsea Aqua 3 Chl Con [ug/l]
# name 3 = CStarTr0: Beam Transmission, WET Labs C-Star [%]
# name 4 = par: PAR/Irradiance, Biospherical/Licor
# name 5 = spar: SPAR/Surface Irradiance
# name 6 = sbeox0Mm/Kg: Oxygen, SBE 43 [umol/kg]
# name 7 = potemp090C: Potential Temperature [ITS-90, deg C]
# name 8 = sal00: Salinity, Practical [PSU]
# name 9 = sigma-é00: Density [sigma-theta, kg/m^3]
# name 10 = flag:
# span 0 =      3.000,    201.000       
# span 1 =    13.6211,    21.9151       
# span 2 =     0.1740,     0.5709       
# span 3 =    94.1427,    98.0224       
# span 4 = 1.8535e-02, 1.3645e+03       
# span 5 = 2.2655e+03, 2.2776e+03       
# span 6 =    183.027,    240.706       
# span 7 =    13.5918,    21.9143       
# span 8 =    37.0472,    38.3600       
# span 9 =    25.8870,    28.8742       
# span 10 = 0.0000e+00, 0.0000e+00      
# interval = decibars: 1                
# start_time = Jun 07 2017 14:01:55 [NMEA time, first data scan]
# bad_flag = -9.990e-29
*END*
[from data line 132]
    135.000    13.9757     0.2010    97.7814 2.8841e-01 2.2720e+03    193.152    13.9557    38.1962    28.6693 0.0000e+00
    136.000    13.9731     0.2068    97.7849 2.7551e-01 2.2663e+03    194.118    13.9530    38.1984    28.6717 0.0000e+00
    137.000    13.9714     0.2001    97.8014 2.6488e-01 2.2681e+03    193.929    13.9511    38.2022    28.6750 0.0000e+00
    138.000    13.9718     0.2032    97.8016 2.5219e-01 2.2702e+03    194.192    13.9513    38.2038    28.6762 0.0000e+00
    139.000    13.9711     0.2019    97.7759 2.3924e-01 2.2708e+03    194.095    13.9505    38.2096    28.6808 0.0000e+00
    140.000    13.9542     0.1996    97.8060 2.2849e-01 2.2702e+03    193.827    13.9334    38.2169    28.6902 0.0000e+00
    141.000    13.9399     0.2006    97.8278 2.1796e-01 2.2673e+03    193.152    13.9191    38.2247    28.6994 0.0000e+00
    142.000    13.9334     0.2028    97.8409 2.1007e-01 2.2685e+03    192.817    13.9124    38.2283    28.7035 0.0000e+00
    143.000    13.9287     0.1948    97.8478 2.0329e-01 2.2707e+03    191.058    13.9075    38.2307    28.7065 0.0000e+00
    144.000    13.9142     0.1957    97.8604 1.9702e-01 2.2741e+03    189.987    13.8929    38.2321    28.7107 0.0000e+00
    145.000    13.9061     0.1954    97.8528 1.8740e-01 2.2721e+03    190.372    13.8846    38.2365    28.7159 0.0000e+00
    146.000    13.9032     0.1972    97.8515 1.7851e-01 2.2672e+03    191.724    13.8816    38.2457    28.7237 0.0000e+00
    147.000    13.8998     0.1966    97.8528 1.7305e-01 2.2719e+03    191.642    13.8781    38.2480    28.7262 0.0000e+00
    148.000    13.8940     0.1929    97.8692 1.6141e-01 2.2688e+03    190.902    13.8721    38.2525    28.7310 0.0000e+00
    149.000    13.8831     0.1940    97.8767 1.5552e-01 2.2721e+03    190.656    13.8611    38.2558    28.7359 0.0000e+00
    150.000    13.8722     0.1918    97.8844 1.4863e-01 2.2704e+03    189.897    13.8501    38.2563    28.7387 0.0000e+00
    151.000    13.8497     0.1901    97.8941 1.4344e-01 2.2699e+03    188.878    13.8274    38.2556    28.7430 0.0000e+00
    152.000    13.8418     0.1880    97.8788 1.3810e-01 2.2695e+03    189.355    13.8194    38.2599    28.7481 0.0000e+00
    153.000    13.8342     0.1893    97.9013 1.3364e-01 2.2678e+03    190.897    13.8117    38.2686    28.7565 0.0000e+00
    154.000    13.8313     0.1870    97.9164 1.2792e-01 2.2680e+03    190.703    13.8086    38.2726    28.7602 0.0000e+00
    155.000    13.8331     0.1929    97.9027 1.2643e-01 2.2690e+03    190.380    13.8102    38.2739    28.7608 0.0000e+00
    156.000    13.8232     0.1865    97.9200 1.1872e-01 2.2699e+03    190.639    13.8003    38.2727    28.7621 0.0000e+00
    157.000    13.8146     0.1841    97.9158 1.1413e-01 2.2702e+03    190.726    13.7914    38.2738    28.7648 0.0000e+00
    158.000    13.8047     0.1836    97.9383 1.0991e-01 2.2712e+03    190.673    13.7814    38.2736    28.7669 0.0000e+00
    159.000    13.7980     0.1866    97.9418 1.0540e-01 2.2698e+03    190.424    13.7746    38.2754    28.7697 0.0000e+00
    160.000    13.7953     0.1875    97.9242 1.0150e-01 2.2660e+03    190.467    13.7718    38.2775    28.7719 0.0000e+00
    161.000    13.7921     0.1860    97.9462 9.8247e-02 2.2692e+03    190.651    13.7684    38.2796    28.7743 0.0000e+00
    162.000    13.7875     0.1816    97.9399 9.3847e-02 2.2685e+03    190.271    13.7637    38.2829    28.7778 0.0000e+00
    163.000    13.7826     0.1759    97.9333 9.2381e-02 2.2677e+03    190.485    13.7586    38.2858    28.7812 0.0000e+00
    164.000    13.7774     0.1848    97.9437 8.5653e-02 2.2721e+03    189.766    13.7532    38.2897    28.7854 0.0000e+00
    165.000    13.7559     0.1873    97.9570 8.2995e-02 2.2715e+03    189.492    13.7316    38.2935    28.7929 0.0000e+00
    166.000    13.7432     0.1826    97.9427 7.8766e-02 2.2706e+03    189.971    13.7188    38.2971    28.7984 0.0000e+00
    167.000    13.7409     0.1766    97.9573 7.6888e-02 2.2709e+03    189.830    13.7164    38.2995    28.8008 0.0000e+00
    168.000    13.7353     0.1779    97.9635 7.5486e-02 2.2702e+03    191.112    13.7106    38.3029    28.8047 0.0000e+00
    169.000    13.7215     0.1816    97.9645 7.1966e-02 2.2715e+03    192.224    13.6967    38.3049    28.8093 0.0000e+00
    170.000    13.7182     0.1862 -9.990e-29 6.9832e-02 2.2739e+03    191.455    13.6933    38.3055    28.8105 0.0000e+00
    171.000    13.7096     0.1847 -9.990e-29 6.6757e-02 2.2707e+03    190.036    13.6845    38.3061    28.8128 0.0000e+00
    172.000    13.7020     0.1876    97.9793 6.4516e-02 2.2720e+03    189.295    13.6768    38.3077    28.8157 0.0000e+00
    173.000    13.7008     0.1866    97.9806 6.0098e-02 2.2721e+03    190.008    13.6755    38.3087    28.8167 0.0000e+00
    174.000    13.6951     0.1879    97.9844 5.7285e-02 2.2678e+03    189.615    13.6696    38.3100    28.8190 0.0000e+00
    175.000    13.6879     0.1817    97.9813 5.6474e-02 2.2680e+03    189.550    13.6623    38.3115    28.8217 0.0000e+00
    176.000    13.6825     0.1825    97.9861 5.4328e-02 2.2699e+03    189.644    13.6568    38.3135    28.8245 0.0000e+00
    177.000    13.6755     0.1780    97.9829 5.2924e-02 2.2695e+03    188.280    13.6496    38.3147    28.8269 0.0000e+00
    178.000    13.6744     0.1814    97.9876 4.9384e-02 2.2681e+03    188.178    13.6483    38.3165    28.8286 0.0000e+00
    179.000    13.6710     0.1826    97.9832 4.6807e-02 2.2705e+03    187.589    13.6447    38.3175    28.8301 0.0000e+00
    180.000    13.6697     0.1837    97.9753 4.3773e-02 2.2707e+03    187.104    13.6434    38.3182    28.8309 0.0000e+00
    181.000    13.6686     0.1822    97.9667 4.4527e-02 2.2655e+03    187.985    13.6420    38.3195    28.8322 0.0000e+00
    182.000    13.6686     0.1799    97.9848 4.3108e-02 2.2686e+03    188.797    13.6419    38.3208    28.8332 0.0000e+00
    183.000    13.6724     0.1820    97.9877 4.1834e-02 2.2689e+03    187.692    13.6456    38.3246    28.8355 0.0000e+00
    184.000    13.6720     0.1797    97.9915 4.0045e-02 2.2729e+03    188.053    13.6450    38.3252    28.8360 0.0000e+00
    185.000    13.6621     0.1808    97.9822 3.8289e-02 2.2708e+03    189.930    13.6350    38.3252    28.8382 0.0000e+00
    186.000    13.6527     0.1775    97.9794 3.6079e-02 2.2685e+03    191.817    13.6255    38.3251    28.8401 0.0000e+00
    187.000    13.6467     0.1809    97.9738 3.3539e-02 2.2683e+03    193.178    13.6193    38.3251    28.8414 0.0000e+00
    188.000    13.6408     0.1825    97.9770 3.3333e-02 2.2706e+03    194.169    13.6133    38.3262    28.8436 0.0000e+00
    189.000    13.6348     0.1799    97.9955 3.2195e-02 2.2683e+03    195.621    13.6072    38.3272    28.8456 0.0000e+00
    190.000    13.6315     0.1740    98.0024 2.8192e-02 2.2693e+03    195.546    13.6037    38.3286    28.8474 0.0000e+00
    191.000    13.6297     0.1765    97.9985 2.8480e-02 2.2685e+03    195.443    13.6018    38.3300    28.8490 0.0000e+00
    192.000    13.6293     0.1763    98.0159 2.8589e-02 2.2683e+03    193.672    13.6012    38.3323    28.8508 0.0000e+00
    193.000    13.6307     0.1819    98.0031 2.5520e-02 2.2699e+03    191.594    13.6025    38.3357    28.8532 0.0000e+00
    194.000    13.6310     0.1830    98.0083 2.6108e-02 2.2673e+03    190.718    13.6026    38.3399    28.8565 0.0000e+00
    195.000    13.6304     0.1802    98.0157 2.3442e-02 2.2699e+03    188.775    13.6018    38.3436    28.8595 0.0000e+00
    196.000    13.6286     0.1780    98.0224 2.2894e-02 2.2704e+03    185.985    13.6000    38.3469    28.8625 0.0000e+00
    197.000    13.6270     0.1777    98.0139 2.1959e-02 2.2669e+03    185.102    13.5982    38.3487    28.8642 0.0000e+00
    198.000    13.6300     0.1783    98.0212 2.2645e-02 2.2694e+03    183.885    13.6011    38.3545    28.8681 0.0000e+00
    199.000    13.6238     0.1805    98.0218 2.1252e-02 2.2704e+03    183.424    13.5947    38.3569    28.8713 0.0000e+00
    200.000    13.6211     0.1783    98.0139 2.1203e-02 2.2689e+03    183.027    13.5918    38.3592    28.8737 0.0000e+00
    201.000    13.6219     0.1829    98.0176 1.8535e-02 2.2684e+03    183.050    13.5925    38.3600    28.8742 0.0000e+00
