Data/ruptures/PEACETIME/FAST/PEACETIME_FAST_CTD_081.cnv
* Sea-Bird SBE 9 Data File:
* FileName = C:\CTD\rawCTD\PEACETIME_FAST_CTD_081.hdr
* Software Version Seasave V 7.23.2
* Temperature SN = 1378
* Conductivity SN = 2929
* Number of Bytes Per Scan = 38
* Number of Voltage Words = 5
* Number of Scans Averaged by the Deck Unit = 1
* NMEA Latitude = 37 56.79 N
* NMEA Longitude = 002 55.00 E
* NMEA UTC (Time) = Jun 07 2017  02:17:49
* NMEA baud rate = 4800
** Cruise:   PEACETIME
** Station:   CTD_FAST_081
# nquan = 11
# nvalues = 501                         
# units = specified
# name 0 = prDM: Pressure, Digiquartz [db]
# name 1 = t090C: Temperature [ITS-90, deg C]
# name 2 = flC: Fluorescence, Chelsea Aqua 3 Chl Con [ug/l]
# name 3 = CStarTr0: Beam Transmission, WET Labs C-Star [%]
# name 4 = par: PAR/Irradiance, Biospherical/Licor
# name 5 = spar: SPAR/Surface Irradiance
# name 6 = sbeox0Mm/Kg: Oxygen, SBE 43 [umol/kg]
# name 7 = potemp090C: Potential Temperature [ITS-90, deg C]
# name 8 = sal00: Salinity, Practical [PSU]
# name 9 = sigma-é00: Density [sigma-theta, kg/m^3]
# name 10 = flag:
# span 0 =      1.000,    501.000       
# span 1 =    13.4336,    21.7261       
# span 2 =     0.1741,     0.5334       
# span 3 =    93.4815,    98.1958       
# span 4 = -2.808e-06, 3.0823e-01       
# span 5 = 1.3663e+00, 4.5312e+00       
# span 6 =    152.117,    240.808       
# span 7 =    13.3600,    21.7259       
# span 8 =    37.0595,    38.5946       
# span 9 =    25.8753,    29.0896       
# span 10 = 0.0000e+00, 0.0000e+00      
# interval = decibars: 1                
# start_time = Jun 07 2017 02:17:49 [NMEA time, first data scan]
# bad_flag = -9.990e-29
*END*
[from data line 394]
    395.000    13.5742     0.1809    98.1875 7.5371e-04 1.9558e+00    153.227    13.5160    38.5908    29.0694 0.0000e+00
    396.000    13.5730     0.1820    98.1875 6.3503e-04 2.2535e+00    153.053    13.5147    38.5909    29.0697 0.0000e+00
    397.000    13.5726     0.1805    98.1875 9.4581e-04 2.4383e+00    153.220    13.5142    38.5909    29.0699 0.0000e+00
    398.000    13.5724     0.1803    98.1875 2.4055e-03 2.5868e+00    152.696    13.5138    38.5910    29.0700 0.0000e+00
    399.000    13.5724     0.1842    98.1875 3.1277e-03 2.2293e+00    152.555    13.5136    38.5913    29.0703 0.0000e+00
    400.000    13.5718     0.1872    98.1875 3.7878e-03 2.8500e+00    152.817    13.5129    38.5916    29.0707 0.0000e+00
    401.000    13.5708     0.1855    98.1875 6.6907e-04 2.1463e+00    152.947    13.5118    38.5920    29.0712 0.0000e+00
    402.000    13.5698     0.1824    98.1875 5.3220e-04 2.8986e+00    152.922    13.5106    38.5923    29.0717 0.0000e+00
    403.000    13.5701     0.1811    98.1875 1.7448e-03 3.0133e+00    152.970    13.5108    38.5929    29.0721 0.0000e+00
    404.000    13.5680     0.1822    98.1875 1.1919e-03 2.2584e+00    152.844    13.5085    38.5927    29.0725 0.0000e+00
    405.000    13.5668     0.1824    98.1875 8.5683e-04 1.9742e+00    153.035    13.5071    38.5928    29.0728 0.0000e+00
    406.000    13.5662     0.1873    98.1875 2.4120e-04 3.0861e+00    153.363    13.5065    38.5929    29.0730 0.0000e+00
    407.000    13.5654     0.1880    98.1875 1.6052e-03 1.8656e+00    152.956    13.5055    38.5931    29.0734 0.0000e+00
    408.000    13.5636     0.1887    98.1875 1.7840e-03 2.4589e+00    153.244    13.5035    38.5935    29.0741 0.0000e+00
    409.000    13.5622     0.1855    98.1875 7.5761e-04 2.5760e+00    153.251    13.5020    38.5942    29.0750 0.0000e+00
    410.000    13.5620     0.1834    98.1875 1.0886e-03 1.8692e+00    152.610    13.5017    38.5942    29.0751 0.0000e+00
    411.000    13.5616     0.1821    98.1875 1.8209e-04 2.0433e+00    153.230    13.5011    38.5945    29.0754 0.0000e+00
    412.000    13.5617     0.1789    98.1882 1.0400e-03 2.5120e+00    153.566    13.5010    38.5946    29.0755 0.0000e+00
    413.000    13.5615     0.1860    98.1949 1.9064e-03 2.0162e+00    153.357    13.5007    38.5946    29.0756 0.0000e+00
    414.000    13.5600     0.1917    98.1894 1.2112e-03 2.3764e+00    153.173    13.4990    38.5943    29.0757 0.0000e+00
    415.000    13.5583     0.1896    98.1917 1.6287e-03 3.1039e+00    152.896    13.4972    38.5942    29.0760 0.0000e+00
    416.000    13.5569     0.1844    98.1887 1.4149e-03 2.3929e+00    153.109    13.4957    38.5941    29.0762 0.0000e+00
    417.000    13.5560     0.1846    98.1921 6.9239e-04 2.0608e+00    153.404    13.4946    38.5939    29.0764 0.0000e+00
    418.000    13.5550     0.1838    98.1875 4.2886e-04 2.8741e+00    153.451    13.4935    38.5939    29.0766 0.0000e+00
    419.000    13.5541     0.1805    98.1875 1.2045e-03 2.1994e+00    153.350    13.4924    38.5940    29.0769 0.0000e+00
    420.000    13.5543     0.1819    98.1875 3.9344e-04 1.7825e+00    153.589    13.4925    38.5941    29.0769 0.0000e+00
    421.000    13.5537     0.1873    98.1875 1.9621e-03 1.8628e+00    153.437    13.4917    38.5939    29.0770 0.0000e+00
    422.000    13.5536     0.1839    98.1875 1.2074e-03 1.9865e+00    153.270    13.4915    38.5939    29.0770 0.0000e+00
    423.000    13.5537     0.1866    98.1875 1.0784e-03 2.6604e+00    153.532    13.4914    38.5939    29.0770 0.0000e+00
    424.000    13.5538     0.1821    98.1883 2.6289e-03 3.3249e+00    153.503    13.4913    38.5939    29.0771 0.0000e+00
    425.000    13.5532     0.1836    98.1934 1.2611e-03 2.1516e+00    153.258    13.4907    38.5939    29.0772 0.0000e+00
    426.000    13.5523     0.1807    98.1945 1.0060e-03 2.3412e+00    153.400    13.4896    38.5941    29.0775 0.0000e+00
    427.000    13.5528     0.1796    98.1940 1.2661e-03 2.6810e+00    153.612    13.4899    38.5942    29.0776 0.0000e+00
    428.000    13.5528     0.1876    98.1926 1.5377e-03 2.7914e+00    153.369    13.4898    38.5943    29.0777 0.0000e+00
    429.000    13.5519     0.1847    98.1952 1.1333e-03 1.9660e+00    153.561    13.4887    38.5942    29.0779 0.0000e+00
    430.000    13.5507     0.1792    98.1957 1.4087e-03 2.2684e+00    153.773    13.4874    38.5943    29.0782 0.0000e+00
    431.000    13.5478     0.1776    98.1924 1.0882e-03 3.8382e+00    153.610    13.4843    38.5940    29.0786 0.0000e+00
    432.000    13.5443     0.1804    98.1880 1.0100e-03 2.6285e+00    153.654    13.4807    38.5937    29.0792 0.0000e+00
    433.000    13.5421     0.1809    98.1958 3.9145e-04 2.4962e+00    153.935    13.4784    38.5934    29.0794 0.0000e+00
    434.000    13.5418     0.1793    98.1825 9.2039e-04 2.6949e+00    153.641    13.4779    38.5933    29.0794 0.0000e+00
    435.000    13.5417     0.1823    98.1886 1.7261e-03 2.6467e+00    154.037    13.4777    38.5934    29.0795 0.0000e+00
    436.000    13.5412     0.1829    98.1927 2.0784e-03 3.3286e+00    153.651    13.4771    38.5936    29.0798 0.0000e+00
    437.000    13.5403     0.1821    98.1875 6.8047e-04 2.2668e+00    153.629    13.4760    38.5935    29.0800 0.0000e+00
    438.000    13.5379     0.1875    98.1875 6.4571e-04 2.0585e+00    153.923    13.4734    38.5931    29.0803 0.0000e+00
    439.000    13.5347     0.1818    98.1875 3.2446e-04 2.1807e+00    154.018    13.4701    38.5926    29.0806 0.0000e+00
    440.000    13.5307     0.1797    98.1875 1.3023e-04 2.4569e+00    153.713    13.4659    38.5919    29.0809 0.0000e+00
    441.000    13.5285     0.1823    98.1817 3.2481e-05 2.9817e+00    153.811    13.4637    38.5916    29.0811 0.0000e+00
    442.000    13.5266     0.1841    98.1911 3.0107e-05 2.4734e+00    154.112    13.4615    38.5912    29.0813 0.0000e+00
    443.000    13.5221     0.1885    98.1919 1.4262e-06 2.8925e+00    153.890    13.4569    38.5902    29.0815 0.0000e+00
    444.000    13.5172     0.1868    98.1876 4.9698e-04 3.0500e+00    154.011    13.4519    38.5896    29.0821 0.0000e+00
    445.000    13.5161     0.1857    98.1875 8.9442e-04 1.9260e+00    153.703    13.4506    38.5893    29.0821 0.0000e+00
    446.000    13.5161     0.1835    98.1875 2.1004e-04 2.8628e+00    153.456    13.4505    38.5893    29.0822 0.0000e+00
    447.000    13.5167     0.1848    98.1875 1.0990e-04 2.5439e+00    153.791    13.4510    38.5897    29.0824 0.0000e+00
    448.000    13.5179     0.1859    98.1875 1.2599e-04 2.8444e+00    154.470    13.4520    38.5902    29.0825 0.0000e+00
    449.000    13.5159     0.1801    98.1875 9.8542e-04 4.0725e+00    154.318    13.4498    38.5896    29.0825 0.0000e+00
    450.000    13.5068     0.1869    98.1875 1.7466e-03 2.7934e+00    154.216    13.4406    38.5881    29.0833 0.0000e+00
    451.000    13.5062     0.1863    98.1875 2.6791e-03 2.5589e+00    153.844    13.4399    38.5882    29.0835 0.0000e+00
    452.000    13.5058     0.1851    98.1875 1.5309e-03 2.1257e+00    154.017    13.4393    38.5880    29.0835 0.0000e+00
    453.000    13.5048     0.1853    98.1875 1.5970e-03 1.9052e+00    153.964    13.4382    38.5877    29.0835 0.0000e+00
    454.000    13.5027     0.1818    98.1875 1.4904e-03 2.8653e+00    154.434    13.4360    38.5873    29.0837 0.0000e+00
    455.000    13.5005     0.1837    98.1875 1.3498e-03 1.9975e+00    154.283    13.4336    38.5868    29.0838 0.0000e+00
    456.000    13.4986     0.1866    98.1875 7.0634e-04 1.7469e+00    154.448    13.4316    38.5864    29.0839 0.0000e+00
    457.000    13.4932     0.1886    98.1875 8.5913e-04 1.8247e+00    154.396    13.4261    38.5852    29.0842 0.0000e+00
    458.000    13.4921     0.1844    98.1875 3.6718e-03 3.1244e+00    154.318    13.4248    38.5850    29.0843 0.0000e+00
    459.000    13.4908     0.1868    98.1875 2.7955e-03 2.3153e+00    154.546    13.4233    38.5847    29.0844 0.0000e+00
    460.000    13.4902     0.1863    98.1875 1.6179e-03 2.4986e+00    154.384    13.4226    38.5846    29.0844 0.0000e+00
    461.000    13.4901     0.1859    98.1875 1.0119e-03 2.3731e+00    154.442    13.4224    38.5846    29.0845 0.0000e+00
    462.000    13.4896     0.1860    98.1875 5.0083e-04 2.0759e+00    154.456    13.4217    38.5846    29.0846 0.0000e+00
    463.000    13.4889     0.1808    98.1875 1.9790e-04 2.8152e+00    154.390    13.4209    38.5843    29.0845 0.0000e+00
    464.000    13.4840     0.1822    98.1875 2.7263e-04 2.9688e+00    154.595    13.4158    38.5832    29.0848 0.0000e+00
    465.000    13.4799     0.1793    98.1875 9.7564e-04 3.1146e+00    154.522    13.4116    38.5823    29.0850 0.0000e+00
    466.000    13.4759     0.1784    98.1875 1.1535e-03 2.8659e+00    154.374    13.4075    38.5815    29.0852 0.0000e+00
    467.000    13.4722     0.1850    98.1875 1.2496e-03 2.4166e+00    154.737    13.4036    38.5810    29.0856 0.0000e+00
    468.000    13.4713     0.1847    98.1875 1.0597e-03 3.3058e+00    154.544    13.4026    38.5808    29.0857 0.0000e+00
    469.000    13.4685     0.1880    98.1875 5.5126e-05 1.9128e+00    154.279    13.3996    38.5802    29.0859 0.0000e+00
    470.000    13.4656     0.1880    98.1861 1.6920e-03 2.9758e+00    154.827    13.3966    38.5798    29.0862 0.0000e+00
    471.000    13.4640     0.1811    98.1829 2.1377e-03 2.6404e+00    154.649    13.3948    38.5795    29.0864 0.0000e+00
    472.000    13.4610     0.1843    98.1813 1.9355e-03 2.1648e+00    155.026    13.3917    38.5790    29.0866 0.0000e+00
    473.000    13.4610     0.1891    98.1823 4.0820e-03 1.5413e+00    154.822    13.3916    38.5790    29.0866 0.0000e+00
    474.000    13.4601     0.1851    98.1821 3.4366e-03 2.6963e+00    154.502    13.3905    38.5789    29.0868 0.0000e+00
    475.000    13.4592     0.1854    98.1797 1.2087e-03 2.2371e+00    154.677    13.3895    38.5788    29.0869 0.0000e+00
    476.000    13.4586     0.1791    98.1738 2.6518e-03 2.7096e+00    154.782    13.3887    38.5787    29.0870 0.0000e+00
    477.000    13.4579     0.1805    98.1770 3.4121e-03 2.2380e+00    155.225    13.3879    38.5786    29.0871 0.0000e+00
    478.000    13.4569     0.1823    98.1777 3.0330e-03 2.3150e+00    155.040    13.3867    38.5783    29.0871 0.0000e+00
    479.000    13.4540     0.1848    98.1754 2.0707e-03 3.2094e+00    155.049    13.3837    38.5778    29.0874 0.0000e+00
    480.000    13.4496     0.1859    98.1650 2.5385e-03 3.2510e+00    155.210    13.3791    38.5772    29.0879 0.0000e+00
    481.000    13.4474     0.1831    98.1690 3.1264e-03 2.6612e+00    155.577    13.3768    38.5769    29.0881 0.0000e+00
    482.000    13.4466     0.1830    98.1690 2.1653e-03 2.7352e+00    155.517    13.3758    38.5768    29.0883 0.0000e+00
    483.000    13.4462     0.1859    98.1721 7.9991e-04 2.3380e+00    155.358    13.3753    38.5768    29.0884 0.0000e+00
    484.000    13.4455     0.1867    98.1722 7.6992e-04 2.7322e+00    155.420    13.3745    38.5766    29.0884 0.0000e+00
    485.000    13.4452     0.1862    98.1748 1.2283e-03 2.0949e+00    155.274    13.3741    38.5767    29.0886 0.0000e+00
    486.000    13.4455     0.1812    98.1748 1.2985e-03 2.9027e+00    156.010    13.3742    38.5768    29.0886 0.0000e+00
    487.000    13.4458     0.1827    98.1710 2.6324e-03 2.6572e+00    155.603    13.3744    38.5769    29.0887 0.0000e+00
    488.000    13.4462     0.1836    98.1699 1.5357e-03 2.7991e+00    155.737    13.3745    38.5770    29.0887 0.0000e+00
    489.000    13.4455     0.1741    98.1745 1.3818e-03 2.8447e+00    155.631    13.3737    38.5770    29.0888 0.0000e+00
    490.000    13.4451     0.1766    98.1748 2.6472e-03 2.7926e+00    155.767    13.3731    38.5768    29.0889 0.0000e+00
    491.000    13.4446     0.1812    98.1640 1.8538e-03 3.0491e+00    155.557    13.3725    38.5768    29.0889 0.0000e+00
    492.000    13.4441     0.1822    98.1697 1.2759e-03 2.1384e+00    155.574    13.3719    38.5766    29.0890 0.0000e+00
    493.000    13.4421     0.1817    98.1745 1.2605e-03 2.7107e+00    156.067    13.3697    38.5761    29.0890 0.0000e+00
    494.000    13.4405     0.1836    98.1690 1.2889e-03 3.2489e+00    155.779    13.3680    38.5757    29.0891 0.0000e+00
    495.000    13.4398     0.1875    98.1718 2.0332e-03 2.8513e+00    155.893    13.3671    38.5756    29.0892 0.0000e+00
    496.000    13.4388     0.1807    98.1663 2.3847e-03 3.0981e+00    155.946    13.3660    38.5755    29.0893 0.0000e+00
    497.000    13.4379     0.1798    98.1719 3.8127e-03 2.1867e+00    155.928    13.3650    38.5753    29.0894 0.0000e+00
    498.000    13.4372     0.1798    98.1708 9.4111e-04 3.0785e+00    155.992    13.3641    38.5750    29.0894 0.0000e+00
    499.000    13.4357     0.1827    98.1641 1.0294e-03 1.5097e+00    155.856    13.3624    38.5748    29.0896 0.0000e+00
    500.000    13.4339     0.1833    98.1751 2.1359e-03 2.4431e+00    155.818    13.3605    38.5743    29.0896 0.0000e+00
    501.000    13.4336     0.1827    98.1770 2.0216e-03 2.7138e+00    156.298    13.3600    38.5743    29.0896 0.0000e+00
