Data/ruptures/PEACETIME/FAST/PEACETIME_FAST_CTD_089.cnv
* Sea-Bird SBE 9 Data File:
* FileName = C:\CTD\rawCTD\PEACETIME_ST10_CTD_089.hdr
* Software Version Seasave V 7.23.2
* Temperature SN = 1378
* Conductivity SN = 2929
* Number of Bytes Per Scan = 38
* Number of Voltage Words = 5
* Number of Scans Averaged by the Deck Unit = 1
* NMEA Latitude = 37 56.81 N
* NMEA Longitude = 002 54.96 E
* NMEA UTC (Time) = Jun 08 2017  20:39:28
* NMEA baud rate = 4800
** Cruise:   PEACETIME
** Station:   FAST_CTD_089
# nquan = 11
# nvalues = 997                         
# units = specified
# name 0 = prDM: Pressure, Digiquartz [db]
# name 1 = t090C: Temperature [ITS-90, deg C]
# name 2 = flC: Fluorescence, Chelsea Aqua 3 Chl Con [ug/l]
# name 3 = CStarTr0: Beam Transmission, WET Labs C-Star [%]
# name 4 = par: PAR/Irradiance, Biospherical/Licor
# name 5 = spar: SPAR/Surface Irradiance
# name 6 = sbeox0Mm/Kg: Oxygen, SBE 43 [umol/kg]
# name 7 = potemp090C: Potential Temperature [ITS-90, deg C]
# name 8 = sal00: Salinity, Practical [PSU]
# name 9 = sigma-é00: Density [sigma-theta, kg/m^3]
# name 10 = flag:
# span 0 =      4.000,   1000.000       
# span 1 =    13.1783,    21.6579       
# span 2 =     0.1685,     0.5026       
# span 3 =    94.8459,    98.2138       
# span 4 = -6.303e-05, 1.1284e-01       
# span 5 = 6.3263e-01, 4.4933e+00       
# span 6 =    152.200,    239.835       
# span 7 =    13.0317,    21.6568       
# span 8 =    36.9844,    38.5872       
# span 9 =    25.9128,    29.1066       
# span 10 = 0.0000e+00, 0.0000e+00      
# interval = decibars: 1                
# start_time = Jun 08 2017 20:39:28 [NMEA time, first data scan]
# bad_flag = -9.990e-29
*END*
[from data line 525]
    529.000    13.4602     0.1782    98.1381 9.6769e-05 1.9763e+00    157.319    13.3824    38.5826    29.0914 0.0000e+00
    530.000    13.4595     0.1822    98.1311 3.6812e-04 2.5265e+00    157.197    13.3815    38.5826    29.0915 0.0000e+00
    531.000    13.4575     0.1863    98.1406 8.5749e-04 2.4053e+00    157.332    13.3794    38.5821    29.0916 0.0000e+00
    532.000    13.4556     0.1888    98.1450 4.8438e-04 1.9932e+00    157.273    13.3773    38.5817    29.0917 0.0000e+00
    533.000    13.4535     0.1896    98.1475 7.3160e-04 1.9153e+00    157.366    13.3751    38.5813    29.0919 0.0000e+00
    534.000    13.4524     0.1813    98.1431 2.3848e-04 1.6661e+00    157.376    13.3739    38.5812    29.0920 0.0000e+00
    535.000    13.4510     0.1764    98.1485 5.3994e-04 2.7454e+00    157.167    13.3723    38.5807    29.0920 0.0000e+00
    536.000    13.4482     0.1762    98.1467 3.5114e-04 2.1885e+00    157.299    13.3694    38.5800    29.0921 0.0000e+00
    537.000    13.4492     0.1791    98.1397 3.8694e-04 2.6427e+00    157.264    13.3702    38.5805    29.0923 0.0000e+00
    538.000    13.4489     0.1755    98.1474 1.0384e-04 1.7520e+00    157.412    13.3698    38.5802    29.0922 0.0000e+00
    539.000    13.4464     0.1804    98.1431 9.6285e-05 2.8977e+00    157.373    13.3672    38.5796    29.0923 0.0000e+00
    540.000    13.4436     0.1799    98.1398 7.2674e-04 1.9367e+00    157.333    13.3642    38.5789    29.0924 0.0000e+00
    541.000    13.4420     0.1808    98.1444 5.6499e-04 1.5108e+00    157.217    13.3625    38.5786    29.0925 0.0000e+00
    542.000    13.4333     0.1815    98.1434 8.3890e-04 1.6874e+00    157.251    13.3537    38.5765    29.0927 0.0000e+00
    543.000    13.4198     0.1773    98.1444 2.7997e-04 1.8750e+00    157.476    13.3401    38.5729    29.0928 0.0000e+00
    544.000    13.4100     0.1788    98.1426 1.7910e-04 1.5696e+00    157.616    13.3301    38.5709    29.0934 0.0000e+00
    545.000    13.4094     0.1833    98.1454 2.2472e-04 3.1770e+00    157.277    13.3294    38.5707    29.0934 0.0000e+00
    546.000    13.4087     0.1809    98.1337 3.4202e-04 2.4046e+00    157.506    13.3286    38.5706    29.0935 0.0000e+00
    547.000    13.4079     0.1818    98.1464 2.8337e-04 2.0680e+00    157.540    13.3276    38.5704    29.0935 0.0000e+00
    548.000    13.4080     0.1856    98.1397 2.9733e-03 2.0318e+00    157.406    13.3275    38.5704    29.0935 0.0000e+00
    549.000    13.4072     0.1839    98.1412 7.7682e-04 2.4663e+00    157.540    13.3266    38.5701    29.0935 0.0000e+00
    550.000    13.4065     0.1836    98.1440 2.4936e-04 2.1206e+00    157.580    13.3258    38.5701    29.0936 0.0000e+00
    551.000    13.4054     0.1870    98.1528 3.6482e-03 1.2930e+00    157.671    13.3245    38.5697    29.0936 0.0000e+00
    552.000    13.4016     0.1833    98.1354 2.7089e-03 1.4513e+00    157.920    13.3206    38.5690    29.0939 0.0000e+00
    553.000    13.3998     0.1813    98.1397 1.9407e-03 1.8376e+00    158.026    13.3187    38.5685    29.0939 0.0000e+00
    554.000    13.3996     0.1873    98.1453 2.0879e-03 1.3416e+00    157.584    13.3183    38.5685    29.0940 0.0000e+00
    555.000    13.3991     0.1819    98.1506 2.8467e-03 2.2116e+00    157.689    13.3177    38.5683    29.0939 0.0000e+00
    556.000    13.3994     0.1848    98.1411 8.3314e-04 2.7763e+00    158.211    13.3178    38.5686    29.0942 0.0000e+00
    557.000    13.4008     0.1831    98.1417 2.5723e-04 3.0271e+00    158.044    13.3190    38.5689    29.0941 0.0000e+00
    558.000    13.4008     0.1848    98.1421 9.1517e-04 1.7901e+00    158.228    13.3189    38.5690    29.0942 0.0000e+00
    559.000    13.4009     0.1838    98.1466 1.4763e-03 2.3269e+00    158.382    13.3188    38.5689    29.0942 0.0000e+00
    560.000    13.4011     0.1825    98.1530 7.0552e-04 2.3222e+00    158.182    13.3189    38.5690    29.0943 0.0000e+00
    561.000    13.4021     0.1775    98.1553 9.5166e-04 1.7884e+00    158.108    13.3198    38.5695    29.0945 0.0000e+00
    562.000    13.4023     0.1785    98.1516 8.4313e-04 3.3638e+00    158.432    13.3198    38.5695    29.0944 0.0000e+00
    563.000    13.4027     0.1774    98.1488 -1.203e-07 2.8575e+00    158.516    13.3200    38.5695    29.0944 0.0000e+00
    564.000    13.4028     0.1833    98.1537 8.0726e-04 2.1117e+00    158.126    13.3200    38.5695    29.0944 0.0000e+00
    565.000    13.4030     0.1831    98.1501 1.8337e-03 2.8734e+00    158.253    13.3200    38.5696    29.0944 0.0000e+00
    566.000    13.4062     0.1770    98.1530 3.8722e-03 2.3066e+00    158.315    13.3231    38.5706    29.0946 0.0000e+00
    567.000    13.4094     0.1827    98.1519 1.3564e-03 2.2225e+00    158.178    13.3261    38.5717    29.0948 0.0000e+00
    568.000    13.4116     0.1811    98.1519 4.3332e-03 1.7902e+00    158.612    13.3282    38.5723    29.0948 0.0000e+00
    569.000    13.4124     0.1795    98.1571 1.2081e-03 2.2393e+00    158.336    13.3288    38.5724    29.0948 0.0000e+00
    570.000    13.4126     0.1848    98.1614 1.3816e-03 3.0906e+00    157.972    13.3288    38.5724    29.0948 0.0000e+00
    571.000    13.4129     0.1849    98.1614 3.9095e-04 1.5778e+00    158.036    13.3290    38.5725    29.0949 0.0000e+00
    572.000    13.4131     0.1865    98.1600 7.5360e-04 1.6237e+00    158.274    13.3291    38.5725    29.0948 0.0000e+00
    573.000    13.4133     0.1908    98.1529 1.2484e-03 2.1053e+00    158.663    13.3291    38.5724    29.0947 0.0000e+00
    574.000    13.4132     0.1882    98.1519 1.0560e-03 2.0683e+00    158.370    13.3289    38.5724    29.0948 0.0000e+00
    575.000    13.4134     0.1832    98.1568 4.1166e-04 2.9102e+00    158.402    13.3288    38.5724    29.0948 0.0000e+00
    576.000    13.4134     0.1781    98.1614 2.0656e-03 3.3789e+00    158.556    13.3287    38.5717    29.0942 0.0000e+00
    577.000    13.4137     0.1737    98.1614 3.3464e-03 3.3673e+00    158.289    13.3288    38.5724    29.0948 0.0000e+00
    578.000    13.4151     0.1797    98.1614 3.1588e-03 2.4886e+00    158.599    13.3302    38.5727    29.0948 0.0000e+00
    579.000    13.4165     0.1840    98.1614 3.1231e-03 1.8526e+00    158.672    13.3314    38.5733    29.0949 0.0000e+00
    580.000    13.4174     0.1832    98.1614 2.7297e-03 2.9598e+00    158.397    13.3321    38.5736    29.0950 0.0000e+00
    581.000    13.4197     0.1899    98.1614 1.0659e-03 1.6925e+00    158.570    13.3343    38.5745    29.0952 0.0000e+00
    582.000    13.4200     0.1904    98.1614 1.3174e-03 1.7365e+00    158.793    13.3344    38.5743    29.0951 0.0000e+00
    583.000    13.4200     0.1874 -9.990e-29 8.7486e-04 2.6196e+00    158.839    13.3343    38.5743    29.0951 0.0000e+00
    584.000    13.4200     0.1810 -9.990e-29 1.0599e-03 2.3513e+00    158.405    13.3341    38.5743    29.0951 0.0000e+00
    585.000    13.4193     0.1803 -9.990e-29 1.7946e-03 2.0259e+00    158.590    13.3333    38.5740    29.0951 0.0000e+00
    586.000    13.4176     0.1849    98.1614 1.9910e-03 2.6542e+00    158.884    13.3314    38.5735    29.0951 0.0000e+00
    587.000    13.4156     0.1880    98.1614 3.5374e-03 3.1713e+00    159.189    13.3293    38.5731    29.0952 0.0000e+00
    588.000    13.4129     0.1776    98.1614 3.7549e-03 1.9857e+00    159.125    13.3264    38.5724    29.0952 0.0000e+00
    589.000    13.4052     0.1776    98.1614 3.9431e-03 1.5640e+00    159.167    13.3187    38.5707    29.0956 0.0000e+00
    590.000    13.4038     0.1811    98.1552 1.9513e-03 1.7558e+00    159.157    13.3171    38.5707    29.0959 0.0000e+00
    591.000    13.4035     0.1813    98.1593 9.0416e-04 1.9966e+00    159.226    13.3167    38.5705    29.0959 0.0000e+00
    592.000    13.4045     0.1825    98.1501 3.8354e-04 1.6344e+00    159.305    13.3174    38.5707    29.0959 0.0000e+00
    593.000    13.4047     0.1782 -9.990e-29 8.4782e-04 3.0098e+00    159.372    13.3175    38.5708    29.0959 0.0000e+00
    594.000    13.4047     0.1774 -9.990e-29 8.2921e-04 2.7880e+00    159.528    13.3174    38.5708    29.0960 0.0000e+00
    595.000    13.4038     0.1774 -9.990e-29 3.2921e-04 1.9072e+00    159.386    13.3163    38.5705    29.0960 0.0000e+00
    596.000    13.4036     0.1797    98.1614 6.5729e-04 2.5470e+00    159.238    13.3160    38.5707    29.0962 0.0000e+00
    597.000    13.4034     0.1785    98.1614 2.0389e-03 2.4375e+00    159.376    13.3157    38.5706    29.0962 0.0000e+00
    598.000    13.3986     0.1778    98.1614 1.9383e-03 2.3538e+00    159.383    13.3107    38.5696    29.0965 0.0000e+00
    599.000    13.3917     0.1777    98.1614 1.4888e-03 2.9678e+00    159.338    13.3037    38.5677    29.0964 0.0000e+00
    600.000    13.3899     0.1801    98.1614 1.1567e-03 2.0075e+00    159.381    13.3018    38.5674    29.0966 0.0000e+00
    601.000    13.3898     0.1840    98.1614 1.9335e-03 1.7257e+00    159.901    13.3015    38.5675    29.0967 0.0000e+00
    602.000    13.3890     0.1831    98.1614 1.6599e-03 2.1953e+00    159.870    13.3005    38.5673    29.0968 0.0000e+00
    603.000    13.3881     0.1818    98.1614 9.0126e-04 1.2351e+00    159.603    13.2995    38.5672    29.0970 0.0000e+00
    604.000    13.3878     0.1793    98.1614 2.2369e-03 2.2755e+00    159.695    13.2990    38.5670    29.0969 0.0000e+00
    605.000    13.3876     0.1846    98.1614 2.3509e-03 2.1696e+00    159.593    13.2987    38.5669    29.0968 0.0000e+00
    606.000    13.3876     0.1826    98.1614 1.5001e-03 1.3220e+00    159.367    13.2986    38.5670    29.0970 0.0000e+00
    607.000    13.3881     0.1782    98.1614 2.9770e-04 1.4804e+00    159.209    13.2989    38.5672    29.0970 0.0000e+00
    608.000    13.3879     0.1812    98.1614 3.4758e-04 2.0485e+00    159.637    13.2985    38.5672    29.0971 0.0000e+00
    609.000    13.3875     0.1834    98.1614 7.4269e-04 2.5516e+00    159.766    13.2980    38.5670    29.0971 0.0000e+00
    610.000    13.3863     0.1798 -9.990e-29 1.0523e-03 2.9992e+00    159.869    13.2967    38.5666    29.0971 0.0000e+00
    611.000    13.3835     0.1752 -9.990e-29 6.2469e-04 2.2341e+00    160.117    13.2938    38.5661    29.0973 0.0000e+00
    612.000    13.3828     0.1815 -9.990e-29 6.6108e-04 2.3684e+00    160.033    13.2928    38.5659    29.0973 0.0000e+00
    613.000    13.3793     0.1785 -9.990e-29 7.3765e-04 1.7950e+00    159.922    13.2892    38.5650    29.0974 0.0000e+00
    614.000    13.3775     0.1804 -9.990e-29 2.9545e-03 2.6850e+00    159.843    13.2873    38.5646    29.0975 0.0000e+00
    615.000    13.3763     0.1844 -9.990e-29 1.0550e-03 2.4657e+00    159.943    13.2860    38.5643    29.0975 0.0000e+00
    616.000    13.3721     0.1850    98.1614 8.9863e-04 2.5549e+00    160.007    13.2816    38.5634    29.0977 0.0000e+00
    617.000    13.3717     0.1793    98.1614 1.4071e-03 2.0804e+00    160.178    13.2811    38.5633    29.0978 0.0000e+00
    618.000    13.3716     0.1775    98.1614 3.6348e-04 2.8378e+00    160.309    13.2808    38.5631    29.0977 0.0000e+00
    619.000    13.3706     0.1850    98.1564 5.2383e-04 1.7577e+00    160.122    13.2797    38.5630    29.0979 0.0000e+00
    620.000    13.3697     0.1867    98.1614 1.4523e-03 2.5173e+00    160.193    13.2787    38.5629    29.0980 0.0000e+00
    621.000    13.3684     0.1881    98.1523 5.1188e-04 1.7279e+00    160.068    13.2771    38.5625    29.0980 0.0000e+00
    622.000    13.3677     0.1791    98.1579 4.2541e-04 2.7445e+00    160.012    13.2763    38.5622    29.0979 0.0000e+00
    623.000    13.3668     0.1808    98.1608 9.7571e-05 2.2683e+00    160.486    13.2753    38.5619    29.0979 0.0000e+00
    624.000    13.3648     0.1840    98.1614 2.2461e-04 1.9753e+00    160.252    13.2731    38.5613    29.0979 0.0000e+00
    625.000    13.3629     0.1849    98.1614 9.8886e-05 1.5453e+00    160.035    13.2711    38.5611    29.0982 0.0000e+00
    626.000    13.3628     0.1818    98.1614 4.7044e-04 2.0427e+00    160.259    13.2708    38.5610    29.0981 0.0000e+00
    627.000    13.3629     0.1759    98.1614 1.0841e-03 2.5488e+00    160.237    13.2708    38.5610    29.0981 0.0000e+00
    628.000    13.3621     0.1819    98.1614 1.3030e-03 1.8235e+00    160.503    13.2698    38.5607    29.0981 0.0000e+00
    629.000    13.3598     0.1788    98.1614 8.2802e-04 2.3868e+00    160.358    13.2675    38.5603    29.0983 0.0000e+00
    630.000    13.3605     0.1769    98.1614 6.2362e-05 3.5276e+00    160.464    13.2679    38.5605    29.0984 0.0000e+00
    631.000    13.3615     0.1753    98.1614 5.7938e-04 2.3599e+00    160.452    13.2688    38.5608    29.0985 0.0000e+00
    632.000    13.3612     0.1765    98.1614 8.8568e-04 3.5291e+00    160.803    13.2684    38.5608    29.0985 0.0000e+00
    633.000    13.3624     0.1784    98.1614 2.4340e-04 1.9998e+00    160.887    13.2694    38.5611    29.0985 0.0000e+00
    634.000    13.3630     0.1805    98.1614 8.7273e-04 1.9810e+00    160.758    13.2698    38.5613    29.0986 0.0000e+00
    635.000    13.3631     0.1758    98.1614 1.7824e-05 3.8998e+00    160.379    13.2699    38.5613    29.0986 0.0000e+00
    636.000    13.3631     0.1777    98.1614 5.8172e-04 2.9486e+00    160.581    13.2696    38.5613    29.0987 0.0000e+00
    637.000    13.3629     0.1791    98.1614 9.8776e-04 1.5102e+00    160.873    13.2693    38.5612    29.0987 0.0000e+00
    638.000    13.3630     0.1834    98.1614 2.2578e-03 2.7085e+00    160.906    13.2692    38.5612    29.0987 0.0000e+00
    639.000    13.3632     0.1850    98.1653 5.2712e-04 2.5048e+00    160.901    13.2693    38.5612    29.0986 0.0000e+00
    640.000    13.3634     0.1780    98.1665 9.2552e-04 2.3028e+00    160.502    13.2694    38.5613    29.0987 0.0000e+00
    641.000    13.3635     0.1734    98.1645 1.2451e-03 3.3960e+00    160.516    13.2693    38.5612    29.0986 0.0000e+00
    642.000    13.3615     0.1731    98.1681 5.4825e-04 2.7799e+00    160.660    13.2671    38.5605    29.0985 0.0000e+00
    643.000    13.3596     0.1801    98.1616 4.7411e-04 2.2488e+00    160.742    13.2651    38.5599    29.0985 0.0000e+00
    644.000    13.3506     0.1866    98.1614 2.8821e-03 2.2666e+00    160.725    13.2561    38.5573    29.0984 0.0000e+00
    645.000    13.3451     0.1854    98.1614 1.9147e-03 1.2933e+00    160.981    13.2503    38.5562    29.0988 0.0000e+00
    646.000    13.3461     0.1784    98.1650 9.8221e-04 2.5122e+00    161.331    13.2512    38.5565    29.0988 0.0000e+00
    647.000    13.3480     0.1816    98.1648 3.0859e-04 1.6754e+00    161.075    13.2530    38.5571    29.0989 0.0000e+00
    648.000    13.3488     0.1870    98.1624 1.7985e-04 3.5542e+00    161.251    13.2536    38.5573    29.0989 0.0000e+00
    649.000    13.3493     0.1818    98.1548 1.9794e-03 2.0035e+00    161.137    13.2540    38.5574    29.0989 0.0000e+00
    650.000    13.3497     0.1823    98.1612 1.4913e-03 2.4947e+00    161.041    13.2542    38.5575    29.0989 0.0000e+00
    651.000    13.3499     0.1840    98.1614 1.9466e-03 2.7602e+00    161.206    13.2542    38.5575    29.0989 0.0000e+00
    652.000    13.3503     0.1803    98.1614 1.6207e-03 2.2172e+00    161.045    13.2545    38.5577    29.0990 0.0000e+00
    653.000    13.3508     0.1753    98.1614 1.9331e-03 2.2107e+00    161.083    13.2548    38.5578    29.0990 0.0000e+00
    654.000    13.3509     0.1789    98.1614 9.2961e-04 1.6428e+00    161.426    13.2549    38.5579    29.0991 0.0000e+00
    655.000    13.3508     0.1777    98.1614 1.1243e-03 1.7519e+00    161.470    13.2546    38.5578    29.0991 0.0000e+00
    656.000    13.3478     0.1828    98.1658 1.0006e-03 2.7828e+00    161.517    13.2515    38.5572    29.0993 0.0000e+00
    657.000    13.3456     0.1853    98.1723 4.0201e-04 2.7089e+00    161.606    13.2490    38.5570    29.0996 0.0000e+00
    658.000    13.3444     0.1849    98.1691 7.8264e-04 2.1737e+00    161.581    13.2478    38.5565    29.0995 0.0000e+00
