Data/ruptures/PEACETIME/FAST/PEACETIME_FAST_CTD_063.cnv
* Sea-Bird SBE 9 Data File:
* FileName = C:\CTD\rawCTD\PEACETIME_FAST_CTD_063.hdr
* Software Version Seasave V 7.23.2
* Temperature SN = 1378
* Conductivity SN = 2929
* Number of Bytes Per Scan = 38
* Number of Voltage Words = 5
* Number of Scans Averaged by the Deck Unit = 1
* NMEA Latitude = 37 56.83 N
* NMEA Longitude = 002 54.91 E
* NMEA UTC (Time) = Jun 04 2017  08:30:31
* NMEA baud rate = 4800
** Cruise:   PEACETIME
** Station:   FAST_CTD_063
# nquan = 11
# nvalues = 501                         
# units = specified
# name 0 = prDM: Pressure, Digiquartz [db]
# name 1 = t090C: Temperature [ITS-90, deg C]
# name 2 = flC: Fluorescence, Chelsea Aqua 3 Chl Con [ug/l]
# name 3 = CStarTr0: Beam Transmission, WET Labs C-Star [%]
# name 4 = par: PAR/Irradiance, Biospherical/Licor
# name 5 = spar: SPAR/Surface Irradiance
# name 6 = sbeox0Mm/Kg: Oxygen, SBE 43 [umol/kg]
# name 7 = potemp090C: Potential Temperature [ITS-90, deg C]
# name 8 = sal00: Salinity, Practical [PSU]
# name 9 = sigma-é00: Density [sigma-theta, kg/m^3]
# name 10 = flag:
# span 0 =      1.000,    501.000       
# span 1 =    13.4322,    21.4713       
# span 2 =     0.1734,     0.5955       
# span 3 =    94.4546,    98.2702       
# span 4 = -1.032e-07, 1.1133e+03       
# span 5 = 1.9344e+03, 2.2086e+03       
# span 6 =    152.283,    242.650       
# span 7 =    13.3586,    21.4711       
# span 8 =    37.0230,    38.5922       
# span 9 =    25.9162,    29.0899       
# span 10 = 0.0000e+00, 0.0000e+00      
# interval = decibars: 1                
# start_time = Jun 04 2017 08:32:51 [NMEA time, first data scan]
# bad_flag = -9.990e-29
*END*
[from data line 132]
    133.000    13.9744     0.1965    98.0673 2.8078e-01 2.0962e+03    197.459    13.9547    38.1867    28.6622 0.0000e+00
    134.000    13.9632     0.1966    98.0817 2.6938e-01 2.0999e+03    198.010    13.9433    38.1907    28.6678 0.0000e+00
    135.000    13.9501     0.1996    98.0944 2.5874e-01 2.1070e+03    198.097    13.9301    38.1966    28.6752 0.0000e+00
    136.000    13.9419     0.2003    98.0916 2.4931e-01 2.1098e+03    197.710    13.9218    38.2010    28.6804 0.0000e+00
    137.000    13.9325     0.2078    98.1196 2.4003e-01 2.1150e+03    197.063    13.9122    38.2073    28.6874 0.0000e+00
    138.000    13.9224     0.2012    98.1250 2.3025e-01 2.1187e+03    196.732    13.9020    38.2119    28.6931 0.0000e+00
    139.000    13.9154     0.1939    98.1158 2.1943e-01 2.1243e+03    196.523    13.8949    38.2154    28.6973 0.0000e+00
    140.000    13.9106     0.1953    98.1348 2.1045e-01 2.1290e+03    196.121    13.8899    38.2179    28.7004 0.0000e+00
    141.000    13.9043     0.1927    98.1331 2.0478e-01 2.1346e+03    195.817    13.8835    38.2214    28.7045 0.0000e+00
    142.000    13.8956     0.1906    98.1368 2.0003e-01 2.1402e+03    195.437    13.8747    38.2261    28.7100 0.0000e+00
    143.000    13.8838     0.1963    98.1428 1.9003e-01 2.1451e+03    194.725    13.8627    38.2324    28.7174 0.0000e+00
    144.000    13.8756     0.1942    98.1298 1.8317e-01 2.1433e+03    193.803    13.8544    38.2366    28.7225 0.0000e+00
    145.000    13.8698     0.1983    98.1460 1.7727e-01 2.1445e+03    193.526    13.8484    38.2401    28.7265 0.0000e+00
    146.000    13.8612     0.1972    98.1488 1.7109e-01 2.1460e+03    193.441    13.8397    38.2446    28.7319 0.0000e+00
    147.000    13.8575     0.1931    98.1309 1.6335e-01 2.1484e+03    193.646    13.8358    38.2470    28.7345 0.0000e+00
    148.000    13.8550     0.1979    98.1394 1.5582e-01 2.1481e+03    193.677    13.8332    38.2483    28.7361 0.0000e+00
    149.000    13.8535     0.1961    98.1548 1.4912e-01 2.1501e+03    193.525    13.8315    38.2491    28.7371 0.0000e+00
    150.000    13.8521     0.1929    98.1484 1.4300e-01 2.1519e+03    193.364    13.8300    38.2497    28.7379 0.0000e+00
    151.000    13.8505     0.1869    98.1599 1.3948e-01 2.1511e+03    192.936    13.8283    38.2507    28.7390 0.0000e+00
    152.000    13.8475     0.1895    98.1559 1.3287e-01 2.1527e+03    193.031    13.8251    38.2522    28.7409 0.0000e+00
    153.000    13.8463     0.1877    98.1163 1.3046e-01 2.1492e+03    193.135    13.8237    38.2529    28.7417 0.0000e+00
    154.000    13.8449     0.1870    98.1475 1.2458e-01 2.1473e+03    193.241    13.8221    38.2535    28.7425 0.0000e+00
    155.000    13.8404     0.1906    98.1568 1.1883e-01 2.1448e+03    192.998    13.8175    38.2557    28.7452 0.0000e+00
    156.000    13.8348     0.1895    98.1613 1.1529e-01 2.1477e+03    192.709    13.8118    38.2585    28.7486 0.0000e+00
    157.000    13.8314     0.1880    98.1614 1.0863e-01 2.1398e+03    192.254    13.8082    38.2601    28.7507 0.0000e+00
    158.000    13.8277     0.1968    98.1614 1.0453e-01 2.1374e+03    192.144    13.8044    38.2619    28.7528 0.0000e+00
    159.000    13.8226     0.1960    98.1504 1.0060e-01 2.1320e+03    191.693    13.7992    38.2643    28.7559 0.0000e+00
    160.000    13.8147     0.1885    98.1176 9.5915e-02 2.1294e+03    191.245    13.7911    38.2683    28.7607 0.0000e+00
    161.000    13.8107     0.1819    98.1125 9.2024e-02 2.1246e+03    191.702    13.7870    38.2700    28.7629 0.0000e+00
    162.000    13.8077     0.1886    98.1619 8.8440e-02 2.1195e+03    191.257    13.7838    38.2721    28.7651 0.0000e+00
    163.000    13.7991     0.1882    98.1614 8.4271e-02 2.1138e+03    190.903    13.7751    38.2770    28.7708 0.0000e+00
    164.000    13.7915     0.1923    98.1647 8.1694e-02 2.1137e+03    190.536    13.7674    38.2810    28.7756 0.0000e+00
    165.000    13.7839     0.1945    98.1694 7.8615e-02 2.1113e+03    190.134    13.7597    38.2848    28.7802 0.0000e+00
    166.000    13.7764     0.1914    98.1614 7.7466e-02 2.1025e+03    189.783    13.7519    38.2884    28.7846 0.0000e+00
    167.000    13.7715     0.1877    98.1614 7.4465e-02 2.1037e+03    189.969    13.7469    38.2911    28.7878 0.0000e+00
    168.000    13.7664     0.1817    98.1708 7.0244e-02 2.0971e+03    189.424    13.7417    38.2938    28.7910 0.0000e+00
    169.000    13.7627     0.1876    98.1799 6.6777e-02 2.0960e+03    188.752    13.7379    38.2958    28.7934 0.0000e+00
    170.000    13.7556     0.1917    98.1646 6.4058e-02 2.0954e+03    188.489    13.7307    38.2993    28.7976 0.0000e+00
    171.000    13.7523     0.1879    98.1691 6.2715e-02 2.0973e+03    188.111    13.7272    38.3011    28.7997 0.0000e+00
    172.000    13.7522     0.1892    98.1781 6.1860e-02 2.0929e+03    188.373    13.7269    38.3012    28.7999 0.0000e+00
    173.000    13.7519     0.1912    98.1791 6.0041e-02 2.0955e+03    188.447    13.7265    38.3014    28.8001 0.0000e+00
    174.000    13.7516     0.1931    98.1821 5.5014e-02 2.0930e+03    187.985    13.7261    38.3016    28.8004 0.0000e+00
    175.000    13.7501     0.1978    98.1744 5.1910e-02 2.0933e+03    188.653    13.7243    38.3024    28.8014 0.0000e+00
    176.000    13.7464     0.1956    98.1801 5.1567e-02 2.0909e+03    188.482    13.7206    38.3048    28.8040 0.0000e+00
    177.000    13.7441     0.1931    98.1701 4.8870e-02 2.0883e+03    188.421    13.7181    38.3060    28.8055 0.0000e+00
    178.000    13.7412     0.1910    98.1736 4.6441e-02 2.0952e+03    188.239    13.7151    38.3073    28.8072 0.0000e+00
    179.000    13.7373     0.1894    98.1759 4.4342e-02 2.1005e+03    188.075    13.7110    38.3095    28.8098 0.0000e+00
    180.000    13.7294     0.1930    98.1775 4.0760e-02 2.0974e+03    186.931    13.7029    38.3149    28.8157 0.0000e+00
    181.000    13.7236     0.1937    98.1710 4.0835e-02 2.0975e+03    186.472    13.6970    38.3189    28.8200 0.0000e+00
    182.000    13.7234     0.1858    98.1822 4.0231e-02 2.0993e+03    186.534    13.6967    38.3193    28.8204 0.0000e+00
    183.000    13.7230     0.1883    98.1634 3.9642e-02 2.0993e+03    186.259    13.6961    38.3197    28.8208 0.0000e+00
    184.000    13.7207     0.1873    98.1661 3.5289e-02 2.1013e+03    186.019    13.6937    38.3224    28.8235 0.0000e+00
    185.000    13.7161     0.1875    98.1843 3.2934e-02 2.1070e+03    185.512    13.6889    38.3280    28.8288 0.0000e+00
    186.000    13.7137     0.1920    98.1785 3.0310e-02 2.1039e+03    184.645    13.6864    38.3307    28.8314 0.0000e+00
    187.000    13.7106     0.1898    98.1883 3.1859e-02 2.1012e+03    184.141    13.6831    38.3347    28.8352 0.0000e+00
    188.000    13.7085     0.1913    98.1875 3.0247e-02 2.1056e+03    183.659    13.6809    38.3376    28.8379 0.0000e+00
    189.000    13.7038     0.1918    98.1875 2.9549e-02 2.1026e+03    182.897    13.6760    38.3439    28.8439 0.0000e+00
    190.000    13.6991     0.1881    98.1894 2.9676e-02 2.1034e+03    182.238    13.6712    38.3496    28.8493 0.0000e+00
    191.000    13.6974     0.1879    98.1890 2.7035e-02 2.1066e+03    182.170    13.6694    38.3519    28.8515 0.0000e+00
    192.000    13.6970     0.1868    98.1932 2.7423e-02 2.1042e+03    181.643    13.6688    38.3525    28.8521 0.0000e+00
    193.000    13.6965     0.1867    98.1938 2.7084e-02 2.1034e+03    181.779    13.6682    38.3529    28.8525 0.0000e+00
    194.000    13.6963     0.1885    98.1883 2.5173e-02 2.1040e+03    181.843    13.6678    38.3531    28.8528 0.0000e+00
    195.000    13.6961     0.1862    98.1904 2.3443e-02 2.1005e+03    181.803    13.6675    38.3534    28.8530 0.0000e+00
    196.000    13.6956     0.1882    98.1972 2.1886e-02 2.0933e+03    181.723    13.6669    38.3539    28.8536 0.0000e+00
    197.000    13.6956     0.1925    98.1868 2.1702e-02 2.0912e+03    181.883    13.6667    38.3540    28.8537 0.0000e+00
    198.000    13.6951     0.1929    98.1875 2.2657e-02 2.0915e+03    181.773    13.6661    38.3545    28.8542 0.0000e+00
    199.000    13.6948     0.1899    98.1934 2.0219e-02 2.0899e+03    181.690    13.6656    38.3549    28.8546 0.0000e+00
    200.000    13.6937     0.1893    98.1974 2.1674e-02 2.0960e+03    181.297    13.6643    38.3564    28.8561 0.0000e+00
    201.000    13.6915     0.1891    98.2017 1.9272e-02 2.0982e+03    180.515    13.6620    38.3600    28.8594 0.0000e+00
    202.000    13.6869     0.1929    98.2038 1.6212e-02 2.0997e+03    180.356    13.6573    38.3677    28.8663 0.0000e+00
    203.000    13.6858     0.1907    98.2098 1.6083e-02 2.0965e+03    180.300    13.6560    38.3704    28.8687 0.0000e+00
    204.000    13.6850     0.1890    98.2088 1.6622e-02 2.0930e+03    179.626    13.6551    38.3724    28.8705 0.0000e+00
    205.000    13.6848     0.1888    98.2085 1.4277e-02 2.0868e+03    179.639    13.6547    38.3735    28.8714 0.0000e+00
    206.000    13.6843     0.1915    98.2136 1.3242e-02 2.0824e+03    179.760    13.6540    38.3749    28.8726 0.0000e+00
    207.000    13.6806     0.1844    98.2135 1.2906e-02 2.0801e+03    178.670    13.6502    38.3869    28.8827 0.0000e+00
    208.000    13.6782     0.1839    98.2135 1.1353e-02 2.0792e+03    178.031    13.6477    38.3945    28.8891 0.0000e+00
    209.000    13.6752     0.1952    98.2135 1.0263e-02 2.0783e+03    177.349    13.6446    38.3990    28.8933 0.0000e+00
    210.000    13.6715     0.1986    98.2135 1.2240e-02 2.0749e+03    176.846    13.6407    38.4043    28.8983 0.0000e+00
    211.000    13.6715     0.1976    98.2135 1.0750e-02 2.0742e+03    176.579    13.6405    38.4044    28.8984 0.0000e+00
    212.000    13.6716     0.1974    98.2135 1.0202e-02 2.0746e+03    176.880    13.6404    38.4046    28.8985 0.0000e+00
    213.000    13.6711     0.1919    98.2135 9.3130e-03 2.0733e+03    176.612    13.6398    38.4058    28.8996 0.0000e+00
    214.000    13.6701     0.1875    98.2065 8.8524e-03 2.0663e+03    176.008    13.6387    38.4079    28.9015 0.0000e+00
    215.000    13.6684     0.1857    98.2259 8.4138e-03 2.0628e+03    175.186    13.6368    38.4123    28.9053 0.0000e+00
    216.000    13.6630     0.1920    98.2180 7.7001e-03 2.0593e+03    174.713    13.6313    38.4157    28.9091 0.0000e+00
    217.000    13.6593     0.1928    98.2194 6.2648e-03 2.0581e+03    174.486    13.6275    38.4171    28.9109 0.0000e+00
    218.000    13.6570     0.1980    98.2105 5.7539e-03 2.0531e+03    173.377    13.6250    38.4188    28.9128 0.0000e+00
    219.000    13.6537     0.1929    98.2157 5.9989e-03 2.0447e+03    172.625    13.6216    38.4225    28.9164 0.0000e+00
    220.000    13.6547     0.1896    98.1930 4.1040e-03 2.0424e+03    172.594    13.6224    38.4270    28.9197 0.0000e+00
    221.000    13.6547     0.1854    98.2209 6.1305e-03 2.0431e+03    173.367    13.6223    38.4307    28.9226 0.0000e+00
    222.000    13.6523     0.1906    98.2316 6.7300e-03 2.0345e+03    173.346    13.6197    38.4310    28.9234 0.0000e+00
    223.000    13.6504     0.1824    98.2328 4.4829e-03 2.0257e+03    173.049    13.6177    38.4329    28.9253 0.0000e+00
    224.000    13.6482     0.1870    98.2291 2.5795e-03 2.0247e+03    172.613    13.6154    38.4348    28.9273 0.0000e+00
    225.000    13.6447     0.1932    98.1991 2.1351e-03 2.0164e+03    172.080    13.6117    38.4380    28.9305 0.0000e+00
    226.000    13.6439     0.1924    98.2272 2.0870e-03 2.0065e+03    171.319    13.6107    38.4393    28.9318 0.0000e+00
    227.000    13.6419     0.1936    98.2258 1.7203e-03 1.9969e+03    169.954    13.6086    38.4425    28.9347 0.0000e+00
    228.000    13.6417     0.1936    98.2381 1.5720e-03 1.9850e+03    168.447    13.6083    38.4464    28.9378 0.0000e+00
    229.000    13.6417     0.1899    98.2285 2.9277e-03 1.9832e+03    167.816    13.6081    38.4497    28.9404 0.0000e+00
    230.000    13.6428     0.1907    98.2372 6.2779e-04 1.9872e+03    167.324    13.6090    38.4529    28.9427 0.0000e+00
    231.000    13.6416     0.1964    98.2364 2.6444e-04 1.9796e+03    167.115    13.6078    38.4554    28.9449 0.0000e+00
    232.000    13.6456     0.1921    98.2395 2.3226e-04 1.9730e+03    166.058    13.6116    38.4588    28.9467 0.0000e+00
    233.000    13.6462     0.1903    98.2395 6.0567e-04 1.9722e+03    165.553    13.6120    38.4606    28.9480 0.0000e+00
    234.000    13.6469     0.1939    98.2395 1.5027e-04 1.9807e+03    165.327    13.6125    38.4620    28.9490 0.0000e+00
    235.000    13.6478     0.1881    98.2395 9.0014e-05 1.9917e+03    164.968    13.6133    38.4637    28.9501 0.0000e+00
    236.000    13.6477     0.1886    98.2395 1.5086e-04 2.0085e+03    164.914    13.6131    38.4651    28.9513 0.0000e+00
    237.000    13.6473     0.1877    98.2395 2.6402e-05 2.0226e+03    164.728    13.6125    38.4654    28.9516 0.0000e+00
    238.000    13.6472     0.1855    98.2395 2.7143e-07 2.0290e+03    164.255    13.6122    38.4668    28.9528 0.0000e+00
    239.000    13.6451     0.1841    98.2395 1.0288e-05 2.0299e+03    163.916    13.6101    38.4685    28.9545 0.0000e+00
    240.000    13.6426     0.1846    98.2395 -6.149e-08 2.0353e+03    163.730    13.6073    38.4709    28.9570 0.0000e+00
    241.000    13.6410     0.1879    98.2395 1.0000e-12 2.0409e+03    164.029    13.6056    38.4721    28.9583 0.0000e+00
    242.000    13.6395     0.1892    98.2395 6.2244e-06 2.0454e+03    163.808    13.6039    38.4732    28.9595 0.0000e+00
    243.000    13.6382     0.1868    98.2395 2.4143e-04 2.0476e+03    164.098    13.6026    38.4739    28.9603 0.0000e+00
    244.000    13.6389     0.1882    98.2395 5.8480e-04 2.0542e+03    163.904    13.6031    38.4743    28.9606 0.0000e+00
    245.000    13.6371     0.1831    98.2395 1.2130e-03 2.0596e+03    163.663    13.6012    38.4751    28.9616 0.0000e+00
    246.000    13.6357     0.1874    98.2395 8.3512e-04 2.0681e+03    164.009    13.5996    38.4754    28.9621 0.0000e+00
    247.000    13.6335     0.1968    98.2395 6.8405e-04 2.0757e+03    163.614    13.5972    38.4760    28.9631 0.0000e+00
    248.000    13.6328     0.1960    98.2367 4.8149e-04 2.0848e+03    163.466    13.5964    38.4767    28.9638 0.0000e+00
    249.000    13.6328     0.1915    98.2260 4.2008e-05 2.0879e+03    163.271    13.5962    38.4771    28.9642 0.0000e+00
    250.000    13.6321     0.1861    98.2394 2.1566e-05 2.0949e+03    163.107    13.5954    38.4773    28.9645 0.0000e+00
    251.000    13.6308     0.1862    98.2403 -1.032e-07 2.1028e+03    162.996    13.5939    38.4774    28.9649 0.0000e+00
    252.000    13.6299     0.1865    98.2419 -9.990e-29 2.1098e+03    162.758    13.5929    38.4788    28.9661 0.0000e+00
    253.000    13.6279     0.1850    98.2447 -9.990e-29 2.1188e+03    162.115    13.5907    38.4796    28.9672 0.0000e+00
    254.000    13.6215     0.1846    98.2409 -9.990e-29 2.1331e+03    161.761    13.5842    38.4814    28.9701 0.0000e+00
    255.000    13.6154     0.1873    98.2474 -9.990e-29 2.1490e+03    161.643    13.5780    38.4864    28.9752 0.0000e+00
    256.000    13.6111     0.1881    98.2450 -9.990e-29 2.1583e+03    161.059    13.5735    38.4904    28.9793 0.0000e+00
    257.000    13.6110     0.1894    98.2431 -9.990e-29 2.1635e+03    160.647    13.5733    38.4931    28.9814 0.0000e+00
    258.000    13.6118     0.1810    98.2387 -9.990e-29 2.1667e+03    160.782    13.5739    38.4944    28.9823 0.0000e+00
    259.000    13.6112     0.1816    98.2349 -9.990e-29 2.1738e+03    160.818    13.5732    38.4942    28.9823 0.0000e+00
    260.000    13.6096     0.1852    98.2386 1.0000e-12 2.1679e+03    160.336    13.5715    38.4942    28.9827 0.0000e+00
    261.000    13.6094     0.1890    98.2395 1.0000e-12 2.1716e+03    160.438    13.5711    38.4955    28.9838 0.0000e+00
    262.000    13.6079     0.1835    98.2395 1.0000e-12 2.1717e+03    160.711    13.5694    38.4967    28.9851 0.0000e+00
