Data/ruptures/PEACETIME/FAST/PEACETIME_FAST_CTD_059.cnv
* Sea-Bird SBE 9 Data File:
* FileName = C:\CTD\rawCTD\PEACETIME_FAST_CTD_059.hdr
* Software Version Seasave V 7.23.2
* Temperature SN = 1378
* Conductivity SN = 2929
* Number of Bytes Per Scan = 38
* Number of Voltage Words = 5
* Number of Scans Averaged by the Deck Unit = 1
* NMEA Latitude = 37 56.82 N
* NMEA Longitude = 002 54.92 E
* NMEA UTC (Time) = Jun 03 2017  08:01:52
* NMEA baud rate = 4800
** Cruise:   PEACETIME
** Station:   FAST_CTD_059
# nquan = 11
# nvalues = 2499                        
# units = specified
# name 0 = prDM: Pressure, Digiquartz [db]
# name 1 = t090C: Temperature [ITS-90, deg C]
# name 2 = flC: Fluorescence, Chelsea Aqua 3 Chl Con [ug/l]
# name 3 = CStarTr0: Beam Transmission, WET Labs C-Star [%]
# name 4 = par: PAR/Irradiance, Biospherical/Licor
# name 5 = spar: SPAR/Surface Irradiance
# name 6 = sbeox0Mm/Kg: Oxygen, SBE 43 [umol/kg]
# name 7 = potemp090C: Potential Temperature [ITS-90, deg C]
# name 8 = sal00: Salinity, Practical [PSU]
# name 9 = sigma-é00: Density [sigma-theta, kg/m^3]
# name 10 = flag:
# span 0 =      3.000,   2501.000       
# span 1 =    13.1246,    21.0253       
# span 2 =     0.1751,     0.9015       
# span 3 =    96.0806,    98.4076       
# span 4 = -2.621e-05, 8.3730e+02       
# span 5 = 2.0187e+03, 2.1644e+03       
# span 6 =    151.951,    241.312       
# span 7 =    12.9039,    21.0237       
# span 8 =    37.0117,    38.5877       
# span 9 =    26.0499,    29.1159       
# span 10 = 0.0000e+00, 0.0000e+00      
# interval = decibars: 1                
# start_time = Jun 03 2017 08:03:46 [NMEA time, first data scan]
# bad_flag = -9.990e-29
*END*
[from data line 263]
    266.000    13.6015     0.1854    98.2835 4.2882e-05 2.0462e+03    161.812    13.5625    38.4950    28.9852 0.0000e+00
    267.000    13.6015     0.1813    98.2872 1.0513e-08 2.0492e+03    161.401    13.5623    38.4981    28.9877 0.0000e+00
    268.000    13.6014     0.1777    98.2858 1.0000e-12 2.0499e+03    161.106    13.5621    38.4996    28.9889 0.0000e+00
    269.000    13.6016     0.1840    98.2870 1.0000e-12 2.0520e+03    161.112    13.5622    38.5007    28.9897 0.0000e+00
    270.000    13.6032     0.1873    98.2873 -9.990e-29 2.0480e+03    160.519    13.5636    38.5029    28.9911 0.0000e+00
    271.000    13.6065     0.1895    98.2893 -9.990e-29 2.0508e+03    160.080    13.5668    38.5065    28.9932 0.0000e+00
    272.000    13.6097     0.1919    98.2842 -9.990e-29 2.0472e+03    160.488    13.5698    38.5086    28.9942 0.0000e+00
    273.000    13.6105     0.1869    98.2795 -9.990e-29 2.0480e+03    160.672    13.5704    38.5092    28.9945 0.0000e+00
    274.000    13.6111     0.1859 -9.990e-29 -9.990e-29 2.0459e+03    160.296    13.5708    38.5093    28.9946 0.0000e+00
    275.000    13.6116     0.1904 -9.990e-29 -9.990e-29 2.0501e+03    160.167    13.5712    38.5095    28.9946 0.0000e+00
    276.000    13.6113     0.1922 -9.990e-29 -9.990e-29 2.0494e+03    160.034    13.5708    38.5113    28.9961 0.0000e+00
    277.000    13.6104     0.1875    98.2915 -9.990e-29 2.0536e+03    160.064    13.5697    38.5117    28.9966 0.0000e+00
    278.000    13.6111     0.1859    98.2865 -9.990e-29 2.0540e+03    160.114    13.5703    38.5124    28.9970 0.0000e+00
    279.000    13.6114     0.1848    98.2883 -9.990e-29 2.0459e+03    160.021    13.5705    38.5130    28.9975 0.0000e+00
    280.000    13.6109     0.1877    98.2829 -9.990e-29 2.0473e+03    160.030    13.5698    38.5135    28.9980 0.0000e+00
    281.000    13.6193     0.1889    98.2839 -9.990e-29 2.0528e+03    159.846    13.5781    38.5183    29.0000 0.0000e+00
    282.000    13.6218     0.1911    98.2863 -9.990e-29 2.0491e+03    159.596    13.5804    38.5196    29.0005 0.0000e+00
    283.000    13.6251     0.1885    98.2832 -9.990e-29 2.0488e+03    159.501    13.5835    38.5216    29.0013 0.0000e+00
    284.000    13.6270     0.1931    98.2871 -9.990e-29 2.0488e+03    159.270    13.5853    38.5250    29.0036 0.0000e+00
    285.000    13.6262     0.1987    98.2848 1.0000e-12 2.0469e+03    159.015    13.5843    38.5265    29.0050 0.0000e+00
    286.000    13.6273     0.1927    98.2903 1.0000e-12 2.0470e+03    158.788    13.5853    38.5283    29.0062 0.0000e+00
    287.000    13.6284     0.1922    98.2652 1.0000e-12 2.0492e+03    158.481    13.5862    38.5296    29.0070 0.0000e+00
    288.000    13.6294     0.1938    98.2844 1.0000e-12 2.0480e+03    158.636    13.5870    38.5308    29.0078 0.0000e+00
    289.000    13.6317     0.1936    98.2859 1.0000e-12 2.0535e+03    158.323    13.5892    38.5330    29.0090 0.0000e+00
    290.000    13.6335     0.1926    98.2785 1.0000e-12 2.0506e+03    158.020    13.5909    38.5345    29.0098 0.0000e+00
    291.000    13.6329     0.1867 -9.990e-29 1.0000e-12 2.0503e+03    157.959    13.5901    38.5352    29.0105 0.0000e+00
    292.000    13.6343     0.1879 -9.990e-29 1.0000e-12 2.0526e+03    157.952    13.5914    38.5373    29.0119 0.0000e+00
    293.000    13.6393     0.1843 -9.990e-29 1.0000e-12 2.0540e+03    157.692    13.5962    38.5413    29.0139 0.0000e+00
    294.000    13.6408     0.1870 -9.990e-29 1.0000e-12 2.0460e+03    157.424    13.5975    38.5425    29.0146 0.0000e+00
    295.000    13.6433     0.1865 -9.990e-29 -9.990e-29 2.0466e+03    157.436    13.5999    38.5457    29.0165 0.0000e+00
    296.000    13.6443     0.1869 -9.990e-29 -9.990e-29 2.0472e+03    157.009    13.6008    38.5473    29.0176 0.0000e+00
    297.000    13.6394     0.1857 -9.990e-29 -9.990e-29 2.0481e+03    156.694    13.5957    38.5477    29.0190 0.0000e+00
    298.000    13.6434     0.1909    98.3017 1.0000e-12 2.0466e+03    156.834    13.5995    38.5506    29.0204 0.0000e+00
    299.000    13.6451     0.1943    98.2928 1.0000e-12 2.0509e+03    156.811    13.6011    38.5512    29.0206 0.0000e+00
    300.000    13.6447     0.1931    98.2937 1.0000e-12 2.0505e+03    156.766    13.6006    38.5511    29.0206 0.0000e+00
    301.000    13.6415     0.1917    98.2969 1.0000e-12 2.0537e+03    156.505    13.5972    38.5505    29.0208 0.0000e+00
    302.000    13.6368     0.1906    98.2986 1.0000e-12 2.0469e+03    156.384    13.5924    38.5497    29.0212 0.0000e+00
    303.000    13.6367     0.1902 -9.990e-29 1.0000e-12 2.0511e+03    156.427    13.5922    38.5500    29.0215 0.0000e+00
    304.000    13.6408     0.1905 -9.990e-29 1.0000e-12 2.0488e+03    156.648    13.5961    38.5517    29.0220 0.0000e+00
    305.000    13.6435     0.1898 -9.990e-29 1.0000e-12 2.0525e+03    156.703    13.5986    38.5533    29.0227 0.0000e+00
    306.000    13.6433     0.1883    98.2980 1.0000e-12 2.0543e+03    156.449    13.5982    38.5552    29.0242 0.0000e+00
    307.000    13.6429     0.1845    98.2978 1.0000e-12 2.0503e+03    156.257    13.5977    38.5560    29.0250 0.0000e+00
    308.000    13.6447     0.1877    98.2988 1.0000e-12 2.0497e+03    156.181    13.5993    38.5569    29.0253 0.0000e+00
    309.000    13.6439     0.1949    98.2998 1.0000e-12 2.0479e+03    155.811    13.5984    38.5572    29.0258 0.0000e+00
    310.000    13.6389     0.1841    98.2959 1.0000e-12 2.0539e+03    155.614    13.5932    38.5571    29.0268 0.0000e+00
    311.000    13.6349     0.1822    98.2991 1.0000e-12 2.0500e+03    155.539    13.5891    38.5577    29.0282 0.0000e+00
    312.000    13.6341     0.1869    98.3017 1.0000e-12 2.0513e+03    155.398    13.5882    38.5582    29.0287 0.0000e+00
    313.000    13.6305     0.1858    98.2957 1.0000e-12 2.0534e+03    155.245    13.5844    38.5586    29.0299 0.0000e+00
    314.000    13.6284     0.1838    98.2988 1.0000e-12 2.0498e+03    155.080    13.5821    38.5589    29.0306 0.0000e+00
    315.000    13.6278     0.1844    98.3002 1.0000e-12 2.0525e+03    154.888    13.5815    38.5592    29.0309 0.0000e+00
    316.000    13.6274     0.1858    98.3013 1.0000e-12 2.0529e+03    154.683    13.5809    38.5592    29.0311 0.0000e+00
    317.000    13.6268     0.1852    98.3073 1.0000e-12 2.0492e+03    155.161    13.5801    38.5592    29.0312 0.0000e+00
    318.000    13.6256     0.1878    98.3024 1.0000e-12 2.0555e+03    155.194    13.5788    38.5594    29.0316 0.0000e+00
    319.000    13.6381     0.1868    98.3100 1.0000e-12 2.0535e+03    155.104    13.5912    38.5651    29.0334 0.0000e+00
    320.000    13.6445     0.1847    98.3012 1.0000e-12 2.0489e+03    154.599    13.5973    38.5676    29.0341 0.0000e+00
    321.000    13.6387     0.1822    98.3046 1.0000e-12 2.0498e+03    154.683    13.5914    38.5673    29.0351 0.0000e+00
    322.000    13.6271     0.1814    98.3035 1.0000e-12 2.0519e+03    154.388    13.5797    38.5647    29.0356 0.0000e+00
    323.000    13.6216     0.1839    98.3082 1.0000e-12 2.0515e+03    154.292    13.5741    38.5636    29.0359 0.0000e+00
    324.000    13.6205     0.1820    98.2938 1.0000e-12 2.0540e+03    154.403    13.5728    38.5651    29.0374 0.0000e+00
    325.000    13.6269     0.1834    98.2967 1.0000e-12 2.0504e+03    154.224    13.5790    38.5692    29.0392 0.0000e+00
    326.000    13.6372     0.1901    98.3098 1.0000e-12 2.0537e+03    154.559    13.5891    38.5727    29.0398 0.0000e+00
    327.000    13.6539     0.1848    98.3132 1.0000e-12 2.0539e+03    155.349    13.6057    38.5785    29.0407 0.0000e+00
    328.000    13.6596     0.1867    98.3145 1.0000e-12 2.0524e+03    155.115    13.6112    38.5805    29.0411 0.0000e+00
    329.000    13.6601     0.1915    98.3071 1.0000e-12 2.0540e+03    154.514    13.6115    38.5818    29.0420 0.0000e+00
    330.000    13.6593     0.1914    98.3039 1.0000e-12 2.0521e+03    154.384    13.6106    38.5825    29.0428 0.0000e+00
    331.000    13.6598     0.1942    98.3089 1.0000e-12 2.0556e+03    154.664    13.6110    38.5834    29.0434 0.0000e+00
    332.000    13.6600     0.1915    98.3089 1.0000e-12 2.0545e+03    154.484    13.6110    38.5842    29.0440 0.0000e+00
    333.000    13.6594     0.1851    98.3100 1.0000e-12 2.0538e+03    154.635    13.6103    38.5846    29.0445 0.0000e+00
    334.000    13.6585     0.1916    98.3061 1.0000e-12 2.0550e+03    154.482    13.6092    38.5845    29.0446 0.0000e+00
    335.000    13.6554     0.1946    98.3110 1.0000e-12 2.0530e+03    154.425    13.6059    38.5841    29.0450 0.0000e+00
    336.000    13.6531     0.1856    98.3097 1.0000e-12 2.0546e+03    154.270    13.6035    38.5835    29.0451 0.0000e+00
    337.000    13.6464     0.1826    98.3040 1.0000e-12 2.0526e+03    154.176    13.5967    38.5819    29.0453 0.0000e+00
    338.000    13.6384     0.1896    98.3093 1.0000e-12 2.0545e+03    154.097    13.5886    38.5814    29.0466 0.0000e+00
    339.000    13.6349     0.1898    98.3113 1.0000e-12 2.0552e+03    153.892    13.5850    38.5813    29.0473 0.0000e+00
    340.000    13.6355     0.1899    98.3034 1.0000e-12 2.0554e+03    153.514    13.5854    38.5823    29.0480 0.0000e+00
    341.000    13.6362     0.1906    98.3090 1.0000e-12 2.0546e+03    153.053    13.5859    38.5825    29.0480 0.0000e+00
    342.000    13.6363     0.1948    98.3089 1.0000e-12 2.0504e+03    153.485    13.5859    38.5824    29.0480 0.0000e+00
    343.000    13.6304     0.1916    98.3061 1.0000e-12 2.0544e+03    153.382    13.5798    38.5812    29.0484 0.0000e+00
    344.000    13.6195     0.1914    98.3006 1.0000e-12 2.0518e+03    153.564    13.5689    38.5796    29.0494 0.0000e+00
    345.000    13.6092     0.1877    98.3002 1.0000e-12 2.0570e+03    153.486    13.5585    38.5780    29.0504 0.0000e+00
    346.000    13.6090     0.1850    98.3035 1.0000e-12 2.0539e+03    153.562    13.5580    38.5782    29.0507 0.0000e+00
    347.000    13.6115     0.1884    98.3061 1.0000e-12 2.0520e+03    153.636    13.5604    38.5793    29.0511 0.0000e+00
    348.000    13.6112     0.1906    98.2958 1.0000e-12 2.0499e+03    153.222    13.5599    38.5795    29.0513 0.0000e+00
    349.000    13.6091     0.1845    98.3030 1.0000e-12 2.0513e+03    153.266    13.5578    38.5793    29.0516 0.0000e+00
    350.000    13.6117     0.1869    98.3024 1.0000e-12 2.0523e+03    153.376    13.5601    38.5802    29.0518 0.0000e+00
    351.000    13.6141     0.1837    98.2988 1.0000e-12 2.0541e+03    153.213    13.5624    38.5814    29.0522 0.0000e+00
    352.000    13.6170     0.1825    98.3035 -9.990e-29 2.0515e+03    153.348    13.5652    38.5829    29.0528 0.0000e+00
    353.000    13.6107     0.1886    98.2988 -9.990e-29 2.0526e+03    153.574    13.5588    38.5823    29.0537 0.0000e+00
    354.000    13.6166     0.1876    98.3088 -9.990e-29 2.0555e+03    153.493    13.5645    38.5851    29.0547 0.0000e+00
    355.000    13.6233     0.1892    98.3166 -9.990e-29 2.0492e+03    153.466    13.5710    38.5872    29.0549 0.0000e+00
    356.000    13.6247     0.1900 -9.990e-29 1.0000e-12 2.0508e+03    153.653    13.5723    38.5877    29.0550 0.0000e+00
    357.000    13.6249     0.1884 -9.990e-29 1.0000e-12 2.0528e+03    153.582    13.5723    38.5877    29.0550 0.0000e+00
    358.000    13.6236     0.1930 -9.990e-29 1.0000e-12 2.0494e+03    153.246    13.5708    38.5875    29.0551 0.0000e+00
    359.000    13.6223     0.1852 -9.990e-29 1.0000e-12 2.0551e+03    153.023    13.5694    38.5874    29.0554 0.0000e+00
    360.000    13.6143     0.1848    98.3082 1.0000e-12 2.0562e+03    152.836    13.5612    38.5855    29.0557 0.0000e+00
    361.000    13.6081     0.1860    98.3135 1.0000e-12 2.0552e+03    153.236    13.5549    38.5845    29.0563 0.0000e+00
    362.000    13.6037     0.1918    98.3085 1.0000e-12 2.0575e+03    153.386    13.5504    38.5836    29.0565 0.0000e+00
    363.000    13.6020     0.1865    98.2971 1.0000e-12 2.0529e+03    152.870    13.5486    38.5832    29.0566 0.0000e+00
    364.000    13.5971     0.1833    98.3115 1.0000e-12 2.0498e+03    152.906    13.5435    38.5820    29.0567 0.0000e+00
    365.000    13.5879     0.1884    98.3076 1.0000e-12 2.0535e+03    153.100    13.5342    38.5802    29.0573 0.0000e+00
    366.000    13.5877     0.1848    98.3072 1.0000e-12 2.0567e+03    152.792    13.5338    38.5804    29.0576 0.0000e+00
    367.000    13.5871     0.1791    98.3119 1.0000e-12 2.0577e+03    152.444    13.5331    38.5807    29.0579 0.0000e+00
    368.000    13.5850     0.1778    98.3097 1.0000e-12 2.0539e+03    152.451    13.5308    38.5805    29.0582 0.0000e+00
    369.000    13.5823     0.1831    98.3024 1.0000e-12 2.0561e+03    152.194    13.5281    38.5800    29.0585 0.0000e+00
    370.000    13.5805     0.1869    98.3051 1.0000e-12 2.0549e+03    152.436    13.5261    38.5798    29.0587 0.0000e+00
    371.000    13.5766     0.1828    98.3099 1.0000e-12 2.0498e+03    152.712    13.5220    38.5793    29.0592 0.0000e+00
    372.000    13.5751     0.1833    98.3074 1.0000e-12 2.0516e+03    152.489    13.5204    38.5791    29.0594 0.0000e+00
    373.000    13.5717     0.1811    98.3045 1.0000e-12 2.0535e+03    152.644    13.5168    38.5782    29.0594 0.0000e+00
    374.000    13.5688     0.1826    98.2979 1.0000e-12 2.0545e+03    152.457    13.5138    38.5778    29.0598 0.0000e+00
    375.000    13.5641     0.1878    98.2995 1.0000e-12 2.0548e+03    152.331    13.5090    38.5773    29.0604 0.0000e+00
    376.000    13.5638     0.1863    98.3066 1.0000e-12 2.0566e+03    152.327    13.5086    38.5775    29.0606 0.0000e+00
    377.000    13.5628     0.1834    98.3029 1.0000e-12 2.0585e+03    152.548    13.5073    38.5772    29.0607 0.0000e+00
    378.000    13.5604     0.1855    98.3017 1.0000e-12 2.0551e+03    152.628    13.5048    38.5772    29.0612 0.0000e+00
    379.000    13.5620     0.1907    98.3060 1.0000e-12 2.0572e+03    152.691    13.5063    38.5785    29.0619 0.0000e+00
    380.000    13.5616     0.1985    98.3012 1.0000e-12 2.0583e+03    152.706    13.5058    38.5788    29.0623 0.0000e+00
    381.000    13.5594     0.1941    98.3046 1.0000e-12 2.0533e+03    152.233    13.5033    38.5786    29.0626 0.0000e+00
    382.000    13.5584     0.1914    98.2925 1.0000e-12 2.0567e+03    152.359    13.5022    38.5784    29.0627 0.0000e+00
    383.000    13.5579     0.1907    98.3017 1.0000e-12 2.0584e+03    152.812    13.5016    38.5783    29.0627 0.0000e+00
    384.000    13.5571     0.1856    98.2995 1.0000e-12 2.0544e+03    152.646    13.5006    38.5779    29.0627 0.0000e+00
    385.000    13.5554     0.1854    98.3002 1.0000e-12 2.0553e+03    152.353    13.4988    38.5777    29.0629 0.0000e+00
    386.000    13.5535     0.1882    98.3072 1.0000e-12 2.0568e+03    152.312    13.4968    38.5773    29.0630 0.0000e+00
    387.000    13.5512     0.1860    98.2972 1.0000e-12 2.0542e+03    152.281    13.4943    38.5770    29.0633 0.0000e+00
    388.000    13.5482     0.1837    98.3001 1.0000e-12 2.0540e+03    152.176    13.4911    38.5763    29.0635 0.0000e+00
    389.000    13.5434     0.1839    98.2999 1.0000e-12 2.0597e+03    152.074    13.4863    38.5754    29.0638 0.0000e+00
    390.000    13.5422     0.1830    98.2995 1.0000e-12 2.0556e+03    152.118    13.4849    38.5753    29.0640 0.0000e+00
    391.000    13.5396     0.1836    98.3015 1.0000e-12 2.0530e+03    152.298    13.4821    38.5751    29.0644 0.0000e+00
    392.000    13.5380     0.1885    98.3002 1.0000e-12 2.0582e+03    152.125    13.4804    38.5749    29.0647 0.0000e+00
    393.000    13.5311     0.1842 -9.990e-29 1.0000e-12 2.0607e+03    152.009    13.4733    38.5736    29.0651 0.0000e+00
    394.000    13.5290     0.1845 -9.990e-29 1.0000e-12 2.0582e+03    152.065    13.4711    38.5739    29.0658 0.0000e+00
    395.000    13.5304     0.1899 -9.990e-29 1.0000e-12 2.0586e+03    152.315    13.4723    38.5744    29.0660 0.0000e+00
