Data/ruptures/PEACETIME/FAST/PEACETIME_FAST_CTD_073.cnv
* Sea-Bird SBE 9 Data File:
* FileName = C:\CTD\rawCTD\PEACETIME_FAST_CTD_073.hdr
* Software Version Seasave V 7.23.2
* Temperature SN = 1378
* Conductivity SN = 2929
* Number of Bytes Per Scan = 38
* Number of Voltage Words = 5
* Number of Scans Averaged by the Deck Unit = 1
* NMEA Latitude = 37 56.80 N
* NMEA Longitude = 002 55.01 E
* NMEA UTC (Time) = Jun 06 2017  02:02:57
* NMEA baud rate = 4800
** Cruise:   PEACETIME
** Station:   FAST_CTD_073
# nquan = 11
# nvalues = 201                         
# units = specified
# name 0 = prDM: Pressure, Digiquartz [db]
# name 1 = t090C: Temperature [ITS-90, deg C]
# name 2 = flC: Fluorescence, Chelsea Aqua 3 Chl Con [ug/l]
# name 3 = CStarTr0: Beam Transmission, WET Labs C-Star [%]
# name 4 = par: PAR/Irradiance, Biospherical/Licor
# name 5 = spar: SPAR/Surface Irradiance
# name 6 = sbeox0Mm/Kg: Oxygen, SBE 43 [umol/kg]
# name 7 = potemp090C: Potential Temperature [ITS-90, deg C]
# name 8 = sal00: Salinity, Practical [PSU]
# name 9 = sigma-é00: Density [sigma-theta, kg/m^3]
# name 10 = flag:
# span 0 =      2.000,    202.000       
# span 1 =    13.6765,    21.3708       
# span 2 =     0.1810,     0.5002       
# span 3 =    94.2394,    98.1810       
# span 4 = -2.086e-05, 1.4423e-01       
# span 5 = -2.741e+00, 4.6124e+00       
# span 6 =    177.774,    241.114       
# span 7 =    13.6479,    21.3697       
# span 8 =    37.0335,    38.3874       
# span 9 =    25.9667,    28.8829       
# span 10 = 0.0000e+00, 0.0000e+00      
# interval = decibars: 1                
# start_time = Jun 06 2017 02:04:33 [NMEA time, first data scan]
# bad_flag = -9.990e-29
*END*
[from data line 132]
    134.000    13.9895     0.2095    97.9154 1.0000e-12 4.0318e+00    194.029    13.9696    38.1927    28.6636 0.0000e+00
    135.000    13.9864     0.2067    97.9107 1.0000e-12 2.6187e+00    194.436    13.9664    38.1960    28.6669 0.0000e+00
    136.000    13.9855     0.2112    97.9026 1.0000e-12 2.0952e+00    194.827    13.9654    38.1966    28.6676 0.0000e+00
    137.000    13.9786     0.2099    97.9206 1.0000e-12 2.4251e+00    194.829    13.9583    38.1989    28.6709 0.0000e+00
    138.000    13.9697     0.2084    97.9230 1.0000e-12 2.6802e+00    194.632    13.9492    38.2032    28.6762 0.0000e+00
    139.000    13.9630     0.2059    97.9410 1.0000e-12 2.7497e+00    193.831    13.9424    38.2055    28.6794 0.0000e+00
    140.000    13.9431     0.1961    97.9521 1.0000e-12 2.2587e+00    193.516    13.9223    38.2079    28.6857 0.0000e+00
    141.000    13.9462     0.2005    97.9378 1.3410e-06 4.1461e+00    194.493    13.9253    38.2168    28.6918 0.0000e+00
    142.000    13.9376     0.2078    97.9587 1.0782e-06 3.0248e+00    194.213    13.9166    38.2196    28.6959 0.0000e+00
    143.000    13.9269     0.2041    97.9549 2.9038e-06 2.7598e+00    193.417    13.9058    38.2226    28.7006 0.0000e+00
    144.000    13.9201     0.2099    97.9695 4.3232e-08 1.7695e+00    193.707    13.8988    38.2259    28.7047 0.0000e+00
    145.000    13.9193     0.2094    97.9794 -9.990e-29 3.6386e+00    193.718    13.8978    38.2269    28.7056 0.0000e+00
    146.000    13.9136     0.2044    97.9697 1.0000e-12 3.5341e+00    192.284    13.8920    38.2294    28.7088 0.0000e+00
    147.000    13.9069     0.2007    97.9723 1.0000e-12 2.4979e+00    191.844    13.8852    38.2340    28.7139 0.0000e+00
    148.000    13.8950     0.2048    97.9945 1.0000e-12 2.9116e+00    190.672    13.8732    38.2365    28.7184 0.0000e+00
    149.000    13.8799     0.2054    97.9876 1.0000e-12 3.1162e+00    187.694    13.8579    38.2387    28.7233 0.0000e+00
    150.000    13.8646     0.1965    97.9986 1.0000e-12 3.2522e+00    187.416    13.8424    38.2425    28.7296 0.0000e+00
    151.000    13.8681     0.1983    98.0024 1.0000e-12 3.2162e+00    189.521    13.8458    38.2486    28.7337 0.0000e+00
    152.000    13.8643     0.1989    98.0179 1.0000e-12 3.5490e+00    189.005    13.8419    38.2494    28.7351 0.0000e+00
    153.000    13.8506     0.1976    98.0160 1.0000e-12 2.9053e+00    187.921    13.8280    38.2545    28.7420 0.0000e+00
    154.000    13.8469     0.1983    98.0210 1.0000e-12 2.0399e+00    187.759    13.8242    38.2570    28.7448 0.0000e+00
    155.000    13.8508     0.1919    98.0225 1.0000e-12 2.2423e+00    188.234    13.8279    38.2568    28.7439 0.0000e+00
    156.000    13.8398     0.1899    98.0424 1.0000e-12 2.2549e+00    188.482    13.8168    38.2629    28.7510 0.0000e+00
    157.000    13.8300     0.2005    98.0477 1.0000e-12 2.6019e+00    188.268    13.8068    38.2650    28.7547 0.0000e+00
    158.000    13.8336     0.1946    98.0406 1.0000e-12 3.2259e+00    188.517    13.8103    38.2642    28.7533 0.0000e+00
    159.000    13.8243     0.1913    98.0475 1.0000e-12 1.6024e+00    189.201    13.8009    38.2679    28.7582 0.0000e+00
    160.000    13.8140     0.1921    98.0523 1.0000e-12 2.2353e+00    189.434    13.7905    38.2688    28.7612 0.0000e+00
    161.000    13.8087     0.1923    98.0418 1.0000e-12 2.5983e+00    189.531    13.7850    38.2706    28.7638 0.0000e+00
    162.000    13.8012     0.1922    98.0469 1.0000e-12 2.6715e+00    189.169    13.7774    38.2722    28.7666 0.0000e+00
    163.000    13.8025     0.1924    98.0235 1.0000e-12 2.9920e+00    189.249    13.7785    38.2761    28.7694 0.0000e+00
    164.000    13.8008     0.1908    98.0335 1.0000e-12 2.4469e+00    189.442    13.7766    38.2782    28.7714 0.0000e+00
    165.000    13.7950     0.1895    98.0590 1.3251e-06 2.1046e+00    188.939    13.7707    38.2802    28.7743 0.0000e+00
    166.000    13.7767     0.1959    98.0710 5.8843e-06 2.8585e+00    188.046    13.7523    38.2814    28.7791 0.0000e+00
    167.000    13.7658     0.1915    98.0754 1.3060e-06 3.2199e+00    188.259    13.7413    38.2857    28.7848 0.0000e+00
    168.000    13.7638     0.1952    98.0827 1.2785e-08 1.7642e+00    189.102    13.7391    38.2930    28.7909 0.0000e+00
    169.000    13.7564     0.1892    98.0867 3.5249e-06 3.0967e+00    188.567    13.7316    38.2980    28.7964 0.0000e+00
    170.000    13.7492     0.1881    98.1068 -4.505e-08 2.1793e+00    187.744    13.7242    38.3022    28.8012 0.0000e+00
    171.000    13.7459     0.1863    98.0917 7.0331e-06 3.4452e+00    186.943    13.7207    38.3049    28.8041 0.0000e+00
    172.000    13.7402     0.1908    98.1164 1.3375e-06 3.3301e+00    186.535    13.7149    38.3101    28.8094 0.0000e+00
    173.000    13.7353     0.1846    98.1237 1.0246e-05 2.3751e+00    186.347    13.7099    38.3129    28.8126 0.0000e+00
    174.000    13.7334     0.1856    98.1121 4.2364e-04 2.9060e+00    186.426    13.7079    38.3140    28.8139 0.0000e+00
    175.000    13.7274     0.1876    98.1113 4.2307e-04 2.3966e+00    186.403    13.7017    38.3173    28.8178 0.0000e+00
    176.000    13.7202     0.1892    98.1317 -9.990e-29 3.5787e+00    185.838    13.6944    38.3235    28.8242 0.0000e+00
    177.000    13.7134     0.1902    98.1289 1.0000e-12 2.9349e+00    184.992    13.6875    38.3263    28.8278 0.0000e+00
    178.000    13.7229     0.1900 -9.990e-29 1.8442e-06 2.2429e+00    184.975    13.6967    38.3245    28.8244 0.0000e+00
    179.000    13.7181     0.1883    98.1513 -2.737e-08 3.3734e+00    182.990    13.6918    38.3350    28.8336 0.0000e+00
    180.000    13.7135     0.1897    98.1414 -9.990e-29 2.2689e+00    183.079    13.6870    38.3392    28.8379 0.0000e+00
    181.000    13.7157     0.1866    98.1405 1.0000e-12 2.5179e+00    183.300    13.6891    38.3367    28.8355 0.0000e+00
    182.000    13.7108     0.1898    98.1435 1.0000e-12 1.9007e+00    182.831    13.6841    38.3412    28.8401 0.0000e+00
    183.000    13.7071     0.1892    98.1370 2.9999e-05 2.2257e+00    182.540    13.6802    38.3435    28.8427 0.0000e+00
    184.000    13.7057     0.1846    98.1432 7.2252e-04 2.2501e+00    182.360    13.6787    38.3443    28.8436 0.0000e+00
    185.000    13.7072     0.1867    98.1388 2.6665e-04 2.6696e+00    182.454    13.6800    38.3436    28.8428 0.0000e+00
    186.000    13.7057     0.1902    98.1485 -2.086e-05 3.1068e+00    182.415    13.6784    38.3443    28.8437 0.0000e+00
    187.000    13.7009     0.1913    98.1353 1.0000e-12 3.3550e+00    181.462    13.6735    38.3481    28.8477 0.0000e+00
    188.000    13.6963     0.1873    98.1495 1.0206e-06 3.1791e+00    181.254    13.6687    38.3565    28.8552 0.0000e+00
    189.000    13.6981     0.1883    98.1472 1.6420e-04 1.8518e+00    180.868    13.6703    38.3549    28.8536 0.0000e+00
    190.000    13.6909     0.1891    98.1501 3.2575e-04 1.6332e+00    180.449    13.6630    38.3647    28.8628 0.0000e+00
    191.000    13.6908     0.1921    98.1571 1.4980e-04 2.5521e+00    179.818    13.6627    38.3659    28.8637 0.0000e+00
    192.000    13.6885     0.1846    98.1530 -9.990e-29 2.9267e+00    179.423    13.6604    38.3703    28.8677 0.0000e+00
    193.000    13.6871     0.1810    98.1515 1.0000e-12 2.5510e+00    179.197    13.6588    38.3740    28.8709 0.0000e+00
    194.000    13.6838     0.1844    98.1571 1.0000e-12 3.9002e+00    179.133    13.6553    38.3752    28.8726 0.0000e+00
    195.000    13.6765     0.1874    98.1564 2.1976e-05 2.8248e+00    179.309    13.6479    38.3766    28.8752 0.0000e+00
    196.000    13.6802     0.1908    98.1537 -9.990e-29 2.5527e+00    178.900    13.6514    38.3794    28.8766 0.0000e+00
    197.000    13.6821     0.1866    98.1583 -9.990e-29 2.8469e+00    178.759    13.6532    38.3797    28.8765 0.0000e+00
    198.000    13.6842     0.1883    98.1561 -9.990e-29 2.4396e+00    178.023    13.6551    38.3833    28.8789 0.0000e+00
    199.000    13.6837     0.1887    98.1492 1.0000e-12 3.5303e+00    177.774    13.6545    38.3852    28.8805 0.0000e+00
    200.000    13.6824     0.1869    98.1674 1.0000e-12 2.7610e+00    178.244    13.6530    38.3864    28.8817 0.0000e+00
    201.000    13.6810     0.1891    98.1810 1.0000e-12 2.2558e+00    177.956    13.6515    38.3874    28.8829 0.0000e+00
    202.000    13.6855     0.1869    98.1539 1.4015e-04 2.4043e+00    178.403    13.6559    38.3787    28.8751 0.0000e+00
