Data/ruptures/PEACETIME/FAST/PEACETIME_FAST_CTD_074.cnv
* Sea-Bird SBE 9 Data File:
* FileName = C:\CTD\rawCTD\PEACETIME_FAST_CTD_074.hdr
* Software Version Seasave V 7.23.2
* Temperature SN = 1378
* Conductivity SN = 2929
* Number of Bytes Per Scan = 38
* Number of Voltage Words = 5
* Number of Scans Averaged by the Deck Unit = 1
* NMEA Latitude = 37 56.79 N
* NMEA Longitude = 002 55.01 E
* NMEA UTC (Time) = Jun 06 2017  02:51:16
* NMEA baud rate = 4800
** Cruise:   PEACETIME
** Station:   FAST_CTD_074
# nquan = 11
# nvalues = 500                         
# units = specified
# name 0 = prDM: Pressure, Digiquartz [db]
# name 1 = t090C: Temperature [ITS-90, deg C]
# name 2 = flC: Fluorescence, Chelsea Aqua 3 Chl Con [ug/l]
# name 3 = CStarTr0: Beam Transmission, WET Labs C-Star [%]
# name 4 = par: PAR/Irradiance, Biospherical/Licor
# name 5 = spar: SPAR/Surface Irradiance
# name 6 = sbeox0Mm/Kg: Oxygen, SBE 43 [umol/kg]
# name 7 = potemp090C: Potential Temperature [ITS-90, deg C]
# name 8 = sal00: Salinity, Practical [PSU]
# name 9 = sigma-é00: Density [sigma-theta, kg/m^3]
# name 10 = flag:
# span 0 =      2.000,    501.000       
# span 1 =    13.4404,    21.3526       
# span 2 =     0.1840,     0.4196       
# span 3 =    94.3797,    98.2339       
# span 4 = -1.234e-05, 1.7484e-01       
# span 5 = 9.8001e-01, 5.3158e+00       
# span 6 =    152.310,    240.283       
# span 7 =    13.3669,    21.3505       
# span 8 =    37.0189,    38.5920       
# span 9 =    25.9734,    29.0893       
# span 10 = 0.0000e+00, 0.0000e+00      
# interval = decibars: 1                
# start_time = Jun 06 2017 02:51:16 [NMEA time, first data scan]
# bad_flag = -9.990e-29
*END*
[from data line 263]
    265.000    13.6157     0.2001    98.1940 7.8664e-04 3.4175e+00    161.172    13.5768    38.5034    28.9887 0.0000e+00
    266.000    13.6157     0.1961    98.1922 7.9419e-04 2.7364e+00    161.304    13.5767    38.5038    28.9891 0.0000e+00
    267.000    13.6159     0.1971    98.1950 3.5174e-04 2.1790e+00    161.257    13.5767    38.5044    28.9895 0.0000e+00
    268.000    13.6161     0.1957    98.1965 6.1160e-04 2.9294e+00    161.218    13.5767    38.5047    28.9897 0.0000e+00
    269.000    13.6161     0.1938    98.1940 1.6854e-03 2.9123e+00    161.351    13.5767    38.5056    28.9904 0.0000e+00
    270.000    13.6164     0.1940    98.1743 1.0860e-03 2.7758e+00    161.107    13.5767    38.5063    28.9909 0.0000e+00
    271.000    13.6165     0.1941    98.1875 1.9738e-03 2.1198e+00    160.564    13.5767    38.5076    28.9920 0.0000e+00
    272.000    13.6171     0.1970    98.1760 1.7553e-03 1.8855e+00    159.904    13.5772    38.5131    28.9961 0.0000e+00
    273.000    13.6177     0.1967    98.2008 1.1548e-03 2.3438e+00    159.646    13.5776    38.5161    28.9983 0.0000e+00
    274.000    13.6186     0.2034    98.1922 1.1877e-03 2.0447e+00    159.533    13.5784    38.5171    28.9990 0.0000e+00
    275.000    13.6196     0.2043    98.1896 1.1787e-04 2.3083e+00    159.516    13.5792    38.5181    28.9996 0.0000e+00
    276.000    13.6201     0.1954    98.1875 9.1564e-04 1.2900e+00    159.539    13.5796    38.5196    29.0006 0.0000e+00
    277.000    13.6209     0.1958    98.1875 2.3874e-03 4.3324e+00    159.098    13.5802    38.5215    29.0020 0.0000e+00
    278.000    13.6218     0.1949    98.1875 1.0334e-03 2.3317e+00    158.668    13.5809    38.5233    29.0033 0.0000e+00
    279.000    13.6232     0.1921    98.1875 6.9726e-04 2.8394e+00    158.510    13.5822    38.5255    29.0046 0.0000e+00
    280.000    13.6244     0.1935    98.1767 9.0456e-04 1.7384e+00    158.640    13.5832    38.5277    29.0062 0.0000e+00
    281.000    13.6250     0.1965    98.1946 7.9436e-04 3.3750e+00    158.232    13.5837    38.5309    29.0085 0.0000e+00
    282.000    13.6251     0.1961    98.1975 3.5160e-04 3.2500e+00    157.993    13.5837    38.5327    29.0099 0.0000e+00
    283.000    13.6262     0.1984    98.1930 1.1811e-03 2.4808e+00    157.890    13.5846    38.5335    29.0104 0.0000e+00
    284.000    13.6271     0.1913    98.1875 2.2987e-03 3.4078e+00    158.161    13.5854    38.5340    29.0106 0.0000e+00
    285.000    13.6277     0.1875    98.1822 2.3811e-03 4.1305e+00    158.221    13.5858    38.5342    29.0107 0.0000e+00
    286.000    13.6279     0.1953    98.1867 2.8985e-03 2.0973e+00    158.149    13.5859    38.5344    29.0107 0.0000e+00
    287.000    13.6280     0.1990    98.1986 4.1151e-03 2.2524e+00    157.879    13.5858    38.5345    29.0109 0.0000e+00
    288.000    13.6284     0.1997    98.1886 4.3461e-03 2.1666e+00    158.064    13.5860    38.5347    29.0110 0.0000e+00
    289.000    13.6290     0.2023    98.1848 3.5953e-03 1.9473e+00    158.320    13.5865    38.5356    29.0115 0.0000e+00
    290.000    13.6317     0.1951    98.1910 2.0290e-03 2.2900e+00    157.782    13.5891    38.5400    29.0145 0.0000e+00
    291.000    13.6321     0.1933    98.1930 1.8423e-03 1.8083e+00    157.632    13.5893    38.5410    29.0151 0.0000e+00
    292.000    13.6316     0.1967    98.1953 2.1087e-03 3.4292e+00    157.417    13.5887    38.5417    29.0158 0.0000e+00
    293.000    13.6324     0.1922    98.1906 1.5070e-03 4.3663e+00    157.186    13.5893    38.5438    29.0173 0.0000e+00
    294.000    13.6328     0.1957    98.1934 3.1115e-03 3.1043e+00    156.948    13.5896    38.5455    29.0186 0.0000e+00
    295.000    13.6331     0.1969    98.1957 1.6654e-03 2.0842e+00    156.620    13.5898    38.5462    29.0191 0.0000e+00
    296.000    13.6334     0.1931    98.1887 2.5892e-03 4.4221e+00    156.504    13.5898    38.5464    29.0192 0.0000e+00
    297.000    13.6337     0.1898    98.1921 1.8484e-03 2.8034e+00    156.619    13.5900    38.5469    29.0196 0.0000e+00
    298.000    13.6336     0.1900    98.1894 3.5586e-03 3.4225e+00    156.523    13.5897    38.5478    29.0204 0.0000e+00
    299.000    13.6317     0.1907    98.1986 2.9217e-04 1.7981e+00    156.368    13.5877    38.5492    29.0218 0.0000e+00
    300.000    13.6291     0.1881    98.1940 1.4858e-03 2.7121e+00    156.107    13.5850    38.5502    29.0232 0.0000e+00
    301.000    13.6305     0.1891    98.1922 2.3922e-04 3.9870e+00    155.834    13.5862    38.5526    29.0248 0.0000e+00
    302.000    13.6268     0.1924    98.1887 1.1624e-03 1.0897e+00    155.365    13.5824    38.5533    29.0262 0.0000e+00
    303.000    13.6251     0.1905    98.2007 5.6448e-04 2.4952e+00    154.991    13.5805    38.5540    29.0271 0.0000e+00
    304.000    13.6228     0.1937    98.1957 5.0665e-04 2.0840e+00    154.963    13.5781    38.5545    29.0280 0.0000e+00
    305.000    13.6208     0.1918    98.2083 2.1409e-03 2.1308e+00    154.883    13.5759    38.5545    29.0285 0.0000e+00
    306.000    13.6198     0.1928    98.1982 1.6115e-03 1.1367e+00    154.353    13.5748    38.5555    29.0295 0.0000e+00
    307.000    13.6179     0.1970    98.1788 5.2350e-04 3.0231e+00    154.280    13.5727    38.5556    29.0300 0.0000e+00
    308.000    13.6171     0.1982    98.2036 5.3240e-04 3.0292e+00    154.416    13.5719    38.5571    29.0314 0.0000e+00
    309.000    13.6188     0.1996    98.1835 1.1163e-03 2.0513e+00    154.446    13.5733    38.5590    29.0325 0.0000e+00
    310.000    13.6179     0.2034    98.1943 2.2628e-03 3.0184e+00    154.528    13.5724    38.5596    29.0332 0.0000e+00
    311.000    13.6176     0.1998    98.2115 2.7226e-03 3.1849e+00    154.132    13.5718    38.5598    29.0335 0.0000e+00
    312.000    13.6168     0.1999    98.2113 3.7974e-03 1.4249e+00    154.279    13.5709    38.5599    29.0337 0.0000e+00
    313.000    13.6228     0.2012    98.1757 2.2603e-03 2.6269e+00    154.604    13.5767    38.5630    29.0349 0.0000e+00
    314.000    13.6377     0.1965    98.1950 2.6128e-03 2.2042e+00    154.765    13.5914    38.5684    29.0360 0.0000e+00
    315.000    13.6406     0.1969    98.1985 2.6780e-03 5.0657e+00    154.456    13.5942    38.5693    29.0360 0.0000e+00
    316.000    13.6422     0.1960    98.2148 2.9363e-03 1.9224e+00    154.433    13.5956    38.5696    29.0360 0.0000e+00
    317.000    13.6436     0.1923    98.2100 3.5418e-03 4.9430e+00    154.511    13.5969    38.5705    29.0364 0.0000e+00
    318.000    13.6436     0.1917    98.2001 1.6498e-03 1.1405e+00    154.562    13.5968    38.5718    29.0375 0.0000e+00
    319.000    13.6428     0.1934    98.2113 1.9199e-04 2.1723e+00    154.471    13.5958    38.5727    29.0383 0.0000e+00
    320.000    13.6407     0.1915    98.2114 5.6245e-04 2.9330e+00    153.889    13.5936    38.5730    29.0391 0.0000e+00
    321.000    13.6361     0.1950    98.2135 5.7487e-05 2.5054e+00    153.605    13.5888    38.5742    29.0410 0.0000e+00
    322.000    13.6355     0.1948    98.2135 5.3427e-05 3.1228e+00    154.157    13.5881    38.5754    29.0421 0.0000e+00
    323.000    13.6450     0.1905    98.2135 1.9133e-04 2.7711e+00    154.535    13.5975    38.5798    29.0435 0.0000e+00
    324.000    13.6492     0.1885    98.2135 8.0449e-04 3.1152e+00    154.537    13.6015    38.5813    29.0438 0.0000e+00
    325.000    13.6501     0.1874    98.2135 1.5680e-05 2.0861e+00    154.506    13.6022    38.5819    29.0441 0.0000e+00
    326.000    13.6511     0.1868    98.2135 1.1239e-04 3.0173e+00    154.467    13.6031    38.5825    29.0444 0.0000e+00
    327.000    13.6507     0.1848    98.2135 1.7706e-03 2.0791e+00    154.137    13.6025    38.5828    29.0448 0.0000e+00
    328.000    13.6491     0.1902    98.2135 1.6596e-04 2.1058e+00    153.845    13.6008    38.5837    29.0458 0.0000e+00
    329.000    13.6485     0.1995    98.2135 6.1618e-04 3.7186e+00    153.772    13.6000    38.5839    29.0461 0.0000e+00
    330.000    13.6480     0.2007    98.2135 1.8530e-06 3.4089e+00    154.262    13.5994    38.5843    29.0466 0.0000e+00
    331.000    13.6452     0.2001    98.2135 1.0397e-03 3.7740e+00    154.098    13.5964    38.5850    29.0478 0.0000e+00
    332.000    13.6426     0.1977    98.2135 7.2995e-04 2.4695e+00    153.869    13.5936    38.5856    29.0488 0.0000e+00
    333.000    13.6406     0.1944    98.2135 2.2467e-03 4.0887e+00    153.803    13.5915    38.5858    29.0494 0.0000e+00
    334.000    13.6395     0.1903    98.2135 1.3821e-03 1.9358e+00    153.758    13.5903    38.5857    29.0496 0.0000e+00
    335.000    13.6393     0.1880    98.2135 1.7109e-03 2.4655e+00    153.737    13.5899    38.5858    29.0498 0.0000e+00
    336.000    13.6393     0.1923    98.2135 9.6982e-04 2.9525e+00    153.755    13.5898    38.5858    29.0498 0.0000e+00
    337.000    13.6391     0.1916    98.2135 -1.234e-05 2.1318e+00    154.210    13.5894    38.5862    29.0502 0.0000e+00
    338.000    13.6377     0.1925    98.2135 7.0594e-08 2.3541e+00    154.052    13.5879    38.5864    29.0506 0.0000e+00
    339.000    13.6332     0.1929    98.2135 1.0000e-12 1.1882e+00    153.757    13.5832    38.5863    29.0516 0.0000e+00
    340.000    13.6301     0.1903    98.2135 1.0000e-12 2.4377e+00    153.648    13.5800    38.5863    29.0522 0.0000e+00
    341.000    13.6258     0.1901    98.2135 -9.990e-29 2.7311e+00    153.696    13.5755    38.5858    29.0528 0.0000e+00
    342.000    13.6255     0.1919    98.2135 -9.990e-29 3.2334e+00    153.785    13.5751    38.5869    29.0538 0.0000e+00
    343.000    13.6298     0.1945    98.2135 -9.990e-29 1.9615e+00    153.404    13.5793    38.5888    29.0543 0.0000e+00
    344.000    13.6313     0.1952    98.2135 1.2357e-04 4.2436e+00    153.546    13.5806    38.5894    29.0545 0.0000e+00
    345.000    13.6309     0.1992    98.2135 1.0683e-06 3.5010e+00    153.653    13.5800    38.5896    29.0548 0.0000e+00
    346.000    13.6301     0.1990    98.2135 1.0082e-03 3.1665e+00    153.486    13.5791    38.5893    29.0548 0.0000e+00
    347.000    13.6296     0.1962    98.2135 1.4785e-03 2.2489e+00    153.028    13.5785    38.5893    29.0549 0.0000e+00
    348.000    13.6296     0.1935    98.2153 1.7255e-03 2.9495e+00    153.356    13.5784    38.5894    29.0550 0.0000e+00
    349.000    13.6296     0.1934    98.2177 3.9411e-04 2.2926e+00    153.790    13.5782    38.5894    29.0551 0.0000e+00
    350.000    13.6293     0.1945    98.2156 9.4332e-04 2.2340e+00    153.667    13.5778    38.5897    29.0553 0.0000e+00
    351.000    13.6277     0.1974    98.2034 8.8916e-04 1.8522e+00    153.422    13.5759    38.5900    29.0560 0.0000e+00
    352.000    13.6281     0.1975    98.2266 4.3449e-04 3.4029e+00    153.352    13.5763    38.5910    29.0567 0.0000e+00
    353.000    13.6262     0.1909    98.2250 4.6980e-04 1.8328e+00    153.262    13.5742    38.5908    29.0570 0.0000e+00
    354.000    13.6243     0.1886    98.2204 4.0336e-04 2.7063e+00    152.714    13.5722    38.5906    29.0573 0.0000e+00
    355.000    13.6230     0.1935    98.2219 7.1913e-05 2.7877e+00    153.169    13.5707    38.5906    29.0576 0.0000e+00
    356.000    13.6222     0.1965    98.2260 9.4049e-04 3.1264e+00    153.302    13.5698    38.5905    29.0577 0.0000e+00
    357.000    13.6206     0.1992    98.2229 1.5730e-03 1.6173e+00    152.861    13.5679    38.5903    29.0580 0.0000e+00
    358.000    13.6200     0.1983    98.2158 2.2920e-03 1.1055e+00    152.804    13.5672    38.5903    29.0581 0.0000e+00
    359.000    13.6166     0.1987    98.2156 2.0937e-03 1.6853e+00    153.208    13.5637    38.5899    29.0585 0.0000e+00
    360.000    13.6119     0.2010    98.2154 9.3329e-04 2.5434e+00    153.308    13.5589    38.5893    29.0591 0.0000e+00
    361.000    13.6070     0.1959    98.2213 5.6106e-04 2.6552e+00    152.923    13.5539    38.5888    29.0598 0.0000e+00
    362.000    13.6060     0.1940    98.2228 1.5289e-03 1.8419e+00    153.117    13.5526    38.5887    29.0599 0.0000e+00
    363.000    13.6057     0.1970    98.2260 1.2287e-03 2.0846e+00    153.227    13.5522    38.5886    29.0600 0.0000e+00
    364.000    13.6051     0.1961    98.2253 3.2481e-03 3.4052e+00    153.371    13.5515    38.5887    29.0602 0.0000e+00
    365.000    13.6047     0.1966    98.2206 2.4804e-03 2.2173e+00    153.376    13.5510    38.5884    29.0601 0.0000e+00
    366.000    13.6038     0.1938    98.2187 1.7945e-03 3.6186e+00    153.017    13.5499    38.5885    29.0604 0.0000e+00
    367.000    13.6029     0.1917    98.2276 1.3825e-03 2.7427e+00    153.013    13.5489    38.5883    29.0604 0.0000e+00
    368.000    13.6023     0.1951    98.2256 9.3204e-04 2.0482e+00    152.882    13.5481    38.5884    29.0607 0.0000e+00
    369.000    13.6010     0.1910    98.2198 1.8916e-03 9.8001e-01    152.780    13.5467    38.5882    29.0608 0.0000e+00
    370.000    13.6002     0.1867    98.2235 1.2387e-03 1.8786e+00    152.996    13.5458    38.5883    29.0611 0.0000e+00
    371.000    13.5997     0.1925    98.2295 6.3292e-04 2.7006e+00    153.227    13.5450    38.5882    29.0612 0.0000e+00
    372.000    13.5994     0.1919    98.2246 1.1996e-03 2.7741e+00    153.005    13.5446    38.5883    29.0613 0.0000e+00
    373.000    13.5991     0.1894    98.2279 6.4228e-04 3.1076e+00    153.113    13.5441    38.5883    29.0615 0.0000e+00
    374.000    13.5991     0.1927    98.2278 2.8202e-03 2.6587e+00    153.041    13.5441    38.5885    29.0616 0.0000e+00
    375.000    13.5996     0.1955    98.2259 3.2175e-03 2.8641e+00    153.187    13.5443    38.5891    29.0620 0.0000e+00
    376.000    13.6006     0.1914    98.2178 1.4463e-03 2.1648e+00    153.015    13.5452    38.5897    29.0623 0.0000e+00
    377.000    13.6009     0.1930    98.2230 1.0238e-03 2.3090e+00    152.868    13.5454    38.5903    29.0627 0.0000e+00
    378.000    13.5957     0.1944    98.2240 8.5774e-04 3.2033e+00    152.802    13.5401    38.5893    29.0631 0.0000e+00
    379.000    13.5945     0.1928    98.2323 1.5107e-03 2.6789e+00    152.927    13.5387    38.5889    29.0631 0.0000e+00
    380.000    13.5898     0.1878    98.2268 8.0626e-04 1.7730e+00    152.807    13.5338    38.5879    29.0633 0.0000e+00
    381.000    13.5841     0.1947    98.2265 1.7014e-03 3.1974e+00    152.508    13.5280    38.5871    29.0640 0.0000e+00
    382.000    13.5819     0.1906    98.2191 2.1513e-03 2.6071e+00    152.369    13.5256    38.5869    29.0643 0.0000e+00
    383.000    13.5807     0.1917    98.2252 1.3321e-03 2.9266e+00    152.310    13.5243    38.5867    29.0645 0.0000e+00
    384.000    13.5783     0.1954    98.2226 2.7773e-03 3.7882e+00    152.661    13.5217    38.5864    29.0647 0.0000e+00
    385.000    13.5770     0.1918    98.2222 7.8535e-04 2.6658e+00    152.926    13.5204    38.5871    29.0656 0.0000e+00
    386.000    13.5761     0.1978    98.2249 2.3316e-03 2.5979e+00    152.910    13.5193    38.5873    29.0660 0.0000e+00
    387.000    13.5748     0.1931    98.2201 2.2048e-03 2.6154e+00    152.869    13.5179    38.5875    29.0664 0.0000e+00
    388.000    13.5745     0.1914    98.2239 2.4120e-03 2.6824e+00    152.766    13.5174    38.5878    29.0667 0.0000e+00
    389.000    13.5745     0.1928    98.2190 1.3301e-03 2.6520e+00    152.711    13.5172    38.5878    29.0668 0.0000e+00
    390.000    13.5756     0.1933    98.2225 1.6547e-03 2.5461e+00    152.762    13.5182    38.5886    29.0672 0.0000e+00
    391.000    13.5771     0.1927    98.2245 1.1790e-03 2.3710e+00    152.880    13.5195    38.5892    29.0674 0.0000e+00
    392.000    13.5778     0.1899    98.2286 1.7000e-03 3.7916e+00    153.029    13.5201    38.5899    29.0678 0.0000e+00
    393.000    13.5791     0.1919    98.2185 2.1963e-03 2.0428e+00    152.878    13.5213    38.5905    29.0681 0.0000e+00
    394.000    13.5804     0.1952    98.2222 2.3567e-03 2.3991e+00    152.591    13.5223    38.5910    29.0682 0.0000e+00
