Data/ruptures/PEACETIME/FAST/PEACETIME_FAST_CTD_076.cnv
* Sea-Bird SBE 9 Data File:
* FileName = C:\CTD\rawCTD\PEACETIME_FAST_CTD_076.hdr
* Software Version Seasave V 7.23.2
* Temperature SN = 1378
* Conductivity SN = 2929
* Number of Bytes Per Scan = 38
* Number of Voltage Words = 5
* Number of Scans Averaged by the Deck Unit = 1
* NMEA Latitude = 37 56.80 N
* NMEA Longitude = 002 55.01 E
* NMEA UTC (Time) = Jun 06 2017  09:25:41
* NMEA baud rate = 4800
** Cruise:   PEACETIME
** Station:   FAST_CTD_076
# nquan = 11
# nvalues = 2015                        
# units = specified
# name 0 = prDM: Pressure, Digiquartz [db]
# name 1 = t090C: Temperature [ITS-90, deg C]
# name 2 = flC: Fluorescence, Chelsea Aqua 3 Chl Con [ug/l]
# name 3 = CStarTr0: Beam Transmission, WET Labs C-Star [%]
# name 4 = par: PAR/Irradiance, Biospherical/Licor
# name 5 = spar: SPAR/Surface Irradiance
# name 6 = sbeox0Mm/Kg: Oxygen, SBE 43 [umol/kg]
# name 7 = potemp090C: Potential Temperature [ITS-90, deg C]
# name 8 = sal00: Salinity, Practical [PSU]
# name 9 = sigma-é00: Density [sigma-theta, kg/m^3]
# name 10 = flag:
# span 0 =      3.000,   2017.000       
# span 1 =    13.1243,    21.4737       
# span 2 =     0.1674,     0.4507       
# span 3 =    94.0055,    98.3091       
# span 4 = -7.165e-06, 9.7727e+01       
# span 5 = 1.6597e+03, 2.3384e+03       
# span 6 =    152.658,    240.193       
# span 7 =    12.9047,    21.4729       
# span 8 =    37.0131,    38.5938       
# span 9 =    25.9297,    29.1132       
# span 10 = 0.0000e+00, 0.0000e+00      
# interval = decibars: 1                
# start_time = Jun 06 2017 09:27:13 [NMEA time, first data scan]
# bad_flag = -9.990e-29
*END*
[from data line 525]
    528.000    13.4107     0.1800    98.2135 1.0000e-12 2.0736e+03    157.017    13.3333    38.5705    29.0924 0.0000e+00
    529.000    13.4101     0.1741    98.2135 1.0000e-12 2.0490e+03    156.889    13.3325    38.5703    29.0923 0.0000e+00
    530.000    13.4087     0.1748    98.2135 1.0000e-12 2.0310e+03    157.030    13.3310    38.5701    29.0925 0.0000e+00
    531.000    13.4066     0.1767    98.2135 1.0000e-12 2.0200e+03    157.303    13.3287    38.5697    29.0927 0.0000e+00
    532.000    13.4053     0.1782    98.2135 1.0000e-12 2.0179e+03    157.527    13.3273    38.5696    29.0929 0.0000e+00
    533.000    13.4049     0.1755    98.2154 1.0000e-12 2.0332e+03    157.753    13.3267    38.5693    29.0928 0.0000e+00
    534.000    13.4033     0.1785    98.2135 -9.990e-29 2.0444e+03    157.484    13.3250    38.5692    29.0931 0.0000e+00
    535.000    13.4019     0.1786    98.2177 -9.990e-29 2.0540e+03    157.223    13.3235    38.5689    29.0932 0.0000e+00
    536.000    13.4011     0.1817    98.1963 -9.990e-29 2.0519e+03    157.371    13.3225    38.5687    29.0932 0.0000e+00
    537.000    13.3992     0.1785    98.2123 1.0000e-12 2.0519e+03    157.855    13.3204    38.5683    29.0934 0.0000e+00
    538.000    13.3985     0.1815    98.2135 1.0000e-12 2.0520e+03    157.611    13.3196    38.5681    29.0934 0.0000e+00
    539.000    13.3975     0.1771    98.2135 1.0000e-12 2.0615e+03    157.612    13.3184    38.5680    29.0936 0.0000e+00
    540.000    13.3967     0.1770    98.2135 1.0000e-12 2.0669e+03    158.060    13.3175    38.5679    29.0937 0.0000e+00
    541.000    13.3965     0.1783    98.2135 6.2171e-05 2.0720e+03    157.858    13.3171    38.5677    29.0936 0.0000e+00
    542.000    13.3958     0.1794    98.2135 2.3435e-05 2.0627e+03    157.720    13.3163    38.5676    29.0937 0.0000e+00
    543.000    13.3946     0.1824    98.2135 1.1402e-04 2.0571e+03    157.925    13.3150    38.5674    29.0938 0.0000e+00
    544.000    13.3939     0.1879    98.2135 6.8165e-05 2.0487e+03    157.672    13.3141    38.5673    29.0939 0.0000e+00
    545.000    13.3934     0.1800    98.2135 8.1884e-07 2.0556e+03    157.716    13.3134    38.5670    29.0939 0.0000e+00
    546.000    13.3930     0.1763    98.2135 1.0000e-12 2.0672e+03    157.964    13.3129    38.5670    29.0940 0.0000e+00
    547.000    13.3926     0.1737    98.2135 1.0000e-12 2.0677e+03    157.944    13.3124    38.5669    29.0940 0.0000e+00
    548.000    13.3926     0.1795    98.2135 1.0000e-12 2.0592e+03    157.994    13.3122    38.5669    29.0940 0.0000e+00
    549.000    13.3927     0.1794    98.2135 -9.990e-29 2.0438e+03    157.778    13.3122    38.5669    29.0940 0.0000e+00
    550.000    13.3927     0.1814    98.2135 -9.990e-29 2.0255e+03    157.674    13.3121    38.5669    29.0941 0.0000e+00
    551.000    13.3930     0.1842    98.2135 1.0000e-12 2.0051e+03    158.293    13.3122    38.5670    29.0941 0.0000e+00
    552.000    13.3939     0.1835    98.2172 1.0000e-12 1.9990e+03    158.575    13.3129    38.5671    29.0940 0.0000e+00
    553.000    13.3944     0.1811    98.2162 1.0000e-12 1.9927e+03    158.454    13.3133    38.5673    29.0941 0.0000e+00
    554.000    13.3949     0.1752    98.2154 1.0000e-12 1.9866e+03    158.421    13.3136    38.5675    29.0942 0.0000e+00
    555.000    13.3952     0.1746    98.2173 1.0000e-12 1.9743e+03    158.507    13.3137    38.5675    29.0942 0.0000e+00
    556.000    13.3954     0.1780    98.2205 1.0000e-12 1.9668e+03    158.394    13.3138    38.5675    29.0941 0.0000e+00
    557.000    13.3958     0.1795    98.2185 1.0000e-12 1.9651e+03    157.978    13.3141    38.5676    29.0942 0.0000e+00
    558.000    13.3961     0.1819    98.2183 1.0000e-12 1.9712e+03    158.024    13.3142    38.5677    29.0942 0.0000e+00
    559.000    13.3964     0.1866    98.2231 1.0000e-12 1.9847e+03    158.302    13.3143    38.5676    29.0941 0.0000e+00
    560.000    13.3964     0.1843    98.2255 1.0000e-12 1.9982e+03    158.416    13.3142    38.5676    29.0942 0.0000e+00
    561.000    13.3965     0.1817    98.2237 1.0000e-12 2.0175e+03    158.287    13.3142    38.5677    29.0942 0.0000e+00
    562.000    13.3967     0.1822    98.2181 1.0368e-05 2.0310e+03    158.148    13.3142    38.5676    29.0941 0.0000e+00
    563.000    13.3966     0.1759    98.2242 -9.990e-29 2.0534e+03    158.396    13.3140    38.5676    29.0942 0.0000e+00
    564.000    13.3967     0.1773    98.2205 -9.990e-29 2.0548e+03    158.584    13.3139    38.5675    29.0941 0.0000e+00
    565.000    13.3967     0.1820    98.2205 -9.990e-29 2.0602e+03    158.653    13.3137    38.5676    29.0942 0.0000e+00
    566.000    13.3966     0.1778    98.2233 1.0000e-12 2.0638e+03    158.540    13.3135    38.5674    29.0941 0.0000e+00
    567.000    13.3960     0.1795    98.2187 1.0000e-12 2.0679e+03    158.592    13.3128    38.5673    29.0942 0.0000e+00
    568.000    13.3953     0.1840    98.2212 1.0000e-12 2.0593e+03    158.835    13.3119    38.5673    29.0944 0.0000e+00
    569.000    13.3944     0.1884    98.2200 4.4775e-06 2.0614e+03    158.845    13.3108    38.5670    29.0944 0.0000e+00
    570.000    13.3936     0.1841    98.2177 -1.242e-09 2.0587e+03    158.659    13.3099    38.5667    29.0943 0.0000e+00
    571.000    13.3932     0.1784    98.2096 -9.990e-29 2.0622e+03    158.669    13.3093    38.5667    29.0945 0.0000e+00
    572.000    13.3933     0.1800    98.2225 -9.990e-29 2.0629e+03    158.804    13.3094    38.5666    29.0944 0.0000e+00
    573.000    13.3935     0.1825    98.2248 -9.990e-29 2.0719e+03    158.650    13.3094    38.5665    29.0943 0.0000e+00
    574.000    13.3923     0.1801    98.2270 -9.990e-29 2.0783e+03    158.490    13.3081    38.5664    29.0945 0.0000e+00
    575.000    13.3922     0.1797    98.2136 -9.990e-29 2.0720e+03    158.368    13.3078    38.5663    29.0944 0.0000e+00
    576.000    13.3910     0.1803    98.1968 -9.990e-29 2.0708e+03    158.312    13.3064    38.5659    29.0945 0.0000e+00
    577.000    13.3895     0.1800    98.2163 1.0000e-12 2.0573e+03    158.565    13.3048    38.5655    29.0945 0.0000e+00
    578.000    13.3885     0.1818    98.2145 9.0176e-04 2.0452e+03    158.677    13.3037    38.5655    29.0947 0.0000e+00
    579.000    13.3871     0.1817    98.1936 8.1614e-04 2.0377e+03    158.859    13.3021    38.5650    29.0947 0.0000e+00
    580.000    13.3831     0.1791    98.2191 2.6749e-03 2.0226e+03    158.840    13.2979    38.5643    29.0950 0.0000e+00
    581.000    13.3789     0.1786    98.2172 8.5640e-04 2.0255e+03    158.956    13.2936    38.5633    29.0952 0.0000e+00
    582.000    13.3751     0.1768    98.2135 5.4513e-04 2.0223e+03    159.074    13.2897    38.5625    29.0953 0.0000e+00
    583.000    13.3705     0.1799    98.2135 3.0120e-04 2.0224e+03    158.905    13.2850    38.5615    29.0956 0.0000e+00
    584.000    13.3666     0.1798    98.2135 1.9074e-04 2.0198e+03    158.821    13.2809    38.5610    29.0960 0.0000e+00
    585.000    13.3644     0.1843    98.2135 7.7237e-05 2.0114e+03    159.060    13.2786    38.5605    29.0961 0.0000e+00
    586.000    13.3624     0.1828    98.2135 3.2488e-07 2.0121e+03    159.146    13.2764    38.5600    29.0962 0.0000e+00
    587.000    13.3602     0.1780    98.2135 1.0000e-12 2.0084e+03    159.183    13.2742    38.5593    29.0961 0.0000e+00
    588.000    13.3553     0.1805    98.2135 1.0000e-12 2.0152e+03    159.319    13.2691    38.5585    29.0966 0.0000e+00
    589.000    13.3518     0.1779    98.2135 1.0000e-12 2.0310e+03    159.524    13.2655    38.5578    29.0968 0.0000e+00
    590.000    13.3492     0.1797    98.2135 9.7790e-05 2.0444e+03    159.613    13.2627    38.5572    29.0969 0.0000e+00
    591.000    13.3472     0.1773    98.2135 5.7519e-05 2.0556e+03    159.822    13.2605    38.5568    29.0970 0.0000e+00
    592.000    13.3450     0.1766    98.2135 5.3009e-07 2.0707e+03    159.720    13.2582    38.5563    29.0971 0.0000e+00
    593.000    13.3443     0.1762    98.2135 7.0788e-05 2.0866e+03    159.782    13.2573    38.5560    29.0971 0.0000e+00
    594.000    13.3437     0.1757    98.2135 1.9784e-07 2.0927e+03    160.040    13.2567    38.5559    29.0972 0.0000e+00
    595.000    13.3438     0.1802    98.2135 2.5625e-04 2.0924e+03    160.023    13.2566    38.5559    29.0972 0.0000e+00
    596.000    13.3419     0.1802    98.2135 -9.990e-29 2.0861e+03    159.686    13.2546    38.5554    29.0973 0.0000e+00
    597.000    13.3392     0.1803    98.2135 -9.990e-29 2.0803e+03    159.605    13.2517    38.5548    29.0974 0.0000e+00
    598.000    13.3365     0.1814    98.2135 -9.990e-29 2.0722e+03    160.027    13.2489    38.5542    29.0975 0.0000e+00
    599.000    13.3347     0.1783    98.2146 1.0000e-12 2.0623e+03    160.055    13.2469    38.5539    29.0977 0.0000e+00
    600.000    13.3345     0.1815    98.2187 1.0000e-12 2.0573e+03    160.143    13.2465    38.5537    29.0976 0.0000e+00
    601.000    13.3345     0.1822    98.2178 2.3308e-06 2.0582e+03    160.319    13.2464    38.5538    29.0977 0.0000e+00
    602.000    13.3348     0.1747    98.2197 1.8883e-08 2.0502e+03    160.362    13.2465    38.5538    29.0977 0.0000e+00
    603.000    13.3349     0.1772    98.2163 1.0000e-12 2.0390e+03    160.262    13.2466    38.5538    29.0977 0.0000e+00
    604.000    13.3351     0.1736    98.2135 1.0000e-12 2.0323e+03    160.395    13.2466    38.5539    29.0977 0.0000e+00
    605.000    13.3353     0.1707    98.2135 1.0000e-12 2.0198e+03    160.369    13.2466    38.5539    29.0977 0.0000e+00
    606.000    13.3355     0.1736    98.2135 2.6603e-06 2.0094e+03    160.305    13.2467    38.5539    29.0978 0.0000e+00
    607.000    13.3358     0.1749    98.2135 4.3300e-08 2.0050e+03    160.330    13.2468    38.5539    29.0977 0.0000e+00
    608.000    13.3360     0.1783    98.2135 -9.990e-29 2.0063e+03    160.176    13.2469    38.5539    29.0977 0.0000e+00
    609.000    13.3364     0.1799    98.2135 -9.990e-29 2.0117e+03    160.069    13.2471    38.5540    29.0977 0.0000e+00
    610.000    13.3367     0.1850    98.2135 -9.990e-29 2.0240e+03    160.429    13.2473    38.5541    29.0978 0.0000e+00
    611.000    13.3372     0.1854    98.2236 1.0000e-12 2.0403e+03    160.663    13.2476    38.5543    29.0979 0.0000e+00
    612.000    13.3377     0.1766    98.2203 2.6775e-06 2.0489e+03    160.705    13.2480    38.5543    29.0978 0.0000e+00
    613.000    13.3378     0.1747    98.2208 1.7760e-05 2.0634e+03    160.652    13.2479    38.5543    29.0978 0.0000e+00
    614.000    13.3382     0.1795    98.2207 7.7531e-08 2.0777e+03    160.711    13.2481    38.5543    29.0977 0.0000e+00
    615.000    13.3384     0.1778    98.2161 -9.990e-29 2.0911e+03    160.883    13.2482    38.5544    29.0978 0.0000e+00
    616.000    13.3385     0.1787    98.2185 -9.990e-29 2.1007e+03    160.566    13.2482    38.5545    29.0979 0.0000e+00
    617.000    13.3391     0.1811    98.2225 -9.990e-29 2.1024e+03    160.319    13.2486    38.5545    29.0978 0.0000e+00
    618.000    13.3390     0.1767    98.2218 1.0000e-12 2.0966e+03    160.437    13.2484    38.5544    29.0978 0.0000e+00
    619.000    13.3391     0.1824    98.2187 1.0000e-12 2.0902e+03    160.605    13.2483    38.5544    29.0978 0.0000e+00
    620.000    13.3392     0.1793    98.2205 1.0000e-12 2.0773e+03    160.682    13.2483    38.5546    29.0979 0.0000e+00
    621.000    13.3392     0.1805    98.2173 1.0000e-12 2.0697e+03    160.701    13.2481    38.5543    29.0977 0.0000e+00
    622.000    13.3385     0.1830    98.2255 1.0000e-12 2.0699e+03    160.606    13.2472    38.5543    29.0979 0.0000e+00
    623.000    13.3383     0.1792    98.2232 1.0000e-12 2.0775e+03    160.663    13.2470    38.5543    29.0980 0.0000e+00
    624.000    13.3385     0.1751    98.2215 1.0000e-12 2.0874e+03    161.005    13.2469    38.5541    29.0978 0.0000e+00
    625.000    13.3382     0.1803    98.2256 1.0000e-12 2.0989e+03    160.771    13.2466    38.5541    29.0979 0.0000e+00
    626.000    13.3375     0.1831    98.2161 1.0000e-12 2.1078e+03    160.602    13.2456    38.5540    29.0980 0.0000e+00
    627.000    13.3358     0.1791    98.2187 1.0000e-12 2.1035e+03    160.525    13.2438    38.5534    29.0980 0.0000e+00
    628.000    13.3342     0.1773    98.2015 1.0000e-12 2.1023e+03    160.478    13.2421    38.5531    29.0981 0.0000e+00
    629.000    13.3333     0.1754    98.2220 1.0000e-12 2.1020e+03    160.746    13.2411    38.5529    29.0981 0.0000e+00
    630.000    13.3322     0.1756    98.2200 1.0000e-12 2.1019e+03    160.814    13.2399    38.5527    29.0982 0.0000e+00
    631.000    13.3306     0.1749    98.2212 1.0000e-12 2.0970e+03    160.558    13.2380    38.5523    29.0983 0.0000e+00
    632.000    13.3284     0.1811    98.2162 1.0000e-12 2.0921e+03    161.037    13.2358    38.5517    29.0984 0.0000e+00
    633.000    13.3262     0.1766    98.2222 1.0000e-12 2.0676e+03    160.773    13.2334    38.5513    29.0985 0.0000e+00
    634.000    13.3247     0.1742    98.2193 4.2767e-06 2.0471e+03    160.314    13.2318    38.5510    29.0986 0.0000e+00
    635.000    13.3218     0.1817    98.2222 9.0252e-09 2.0336e+03    161.074    13.2287    38.5504    29.0988 0.0000e+00
    636.000    13.3191     0.1860    98.2239 1.0000e-12 2.0157e+03    161.575    13.2258    38.5499    29.0990 0.0000e+00
    637.000    13.3172     0.1821    98.2229 1.0000e-12 2.0105e+03    161.552    13.2238    38.5494    29.0990 0.0000e+00
    638.000    13.3168     0.1806    98.2256 -9.990e-29 2.0094e+03    161.281    13.2233    38.5492    29.0990 0.0000e+00
    639.000    13.3164     0.1803    98.2270 -9.990e-29 2.0113e+03    161.299    13.2227    38.5491    29.0991 0.0000e+00
    640.000    13.3159     0.1795    98.2237 -9.990e-29 2.0075e+03    161.605    13.2221    38.5490    29.0991 0.0000e+00
    641.000    13.3148     0.1810    98.2177 1.0000e-12 1.9971e+03    161.427    13.2208    38.5487    29.0991 0.0000e+00
    642.000    13.3137     0.1761    98.2270 1.0000e-12 1.9799e+03    161.263    13.2196    38.5485    29.0992 0.0000e+00
    643.000    13.3087     0.1772    98.2187 1.0000e-12 1.9673e+03    161.461    13.2145    38.5474    29.0994 0.0000e+00
    644.000    13.3063     0.1794    98.2292 1.0000e-12 1.9560e+03    161.987    13.2119    38.5471    29.0998 0.0000e+00
    645.000    13.3043     0.1720    98.2287 1.0000e-12 1.9546e+03    162.055    13.2098    38.5465    29.0997 0.0000e+00
    646.000    13.3036     0.1790    98.2321 1.0000e-12 1.9639e+03    161.978    13.2089    38.5463    29.0997 0.0000e+00
    647.000    13.3026     0.1777    98.2308 1.0000e-12 1.9717e+03    162.039    13.2078    38.5460    29.0998 0.0000e+00
    648.000    13.3010     0.1782    98.2301 1.0000e-12 1.9758e+03    162.103    13.2060    38.5457    29.0999 0.0000e+00
    649.000    13.2988     0.1789    98.2270 1.0000e-12 1.9757e+03    162.099    13.2037    38.5453    29.1000 0.0000e+00
    650.000    13.2971     0.1798    98.2299 1.0000e-12 1.9754e+03    162.130    13.2018    38.5448    29.1001 0.0000e+00
    651.000    13.2947     0.1821    98.2321 1.0000e-12 1.9790e+03    162.363    13.1993    38.5443    29.1002 0.0000e+00
    652.000    13.2933     0.1804    98.2274 1.0000e-12 1.9935e+03    162.411    13.1978    38.5441    29.1004 0.0000e+00
    653.000    13.2925     0.1803    98.2284 1.0000e-12 2.0103e+03    162.044    13.1968    38.5437    29.1003 0.0000e+00
    654.000    13.2912     0.1753    98.2260 1.0000e-12 2.0282e+03    162.271    13.1954    38.5434    29.1004 0.0000e+00
    655.000    13.2887     0.1797    98.2295 1.0000e-12 2.0389e+03    162.723    13.1927    38.5430    29.1006 0.0000e+00
    656.000    13.2878     0.1816    98.2301 1.0000e-12 2.0273e+03    162.561    13.1918    38.5428    29.1006 0.0000e+00
    657.000    13.2876     0.1827    98.2255 -9.990e-29 2.0155e+03    162.420    13.1913    38.5429    29.1008 0.0000e+00
