Data/ruptures/PEACETIME/FAST/PEACETIME_FAST_CTD_069.cnv
* Sea-Bird SBE 9 Data File:
* FileName = C:\CTD\rawCTD\PEACETIME_FAST_CTD_069.hdr
* Software Version Seasave V 7.23.2
* Temperature SN = 1378
* Conductivity SN = 2929
* Number of Bytes Per Scan = 38
* Number of Voltage Words = 5
* Number of Scans Averaged by the Deck Unit = 1
* NMEA Latitude = 37 56.79 N
* NMEA Longitude = 002 55.01 E
* NMEA UTC (Time) = Jun 05 2017  12:59:36
* NMEA baud rate = 4800
** Cruise:   PEACETIME
** Station:   FAST_CTD_069
# nquan = 11
# nvalues = 400                         
# units = specified
# name 0 = prDM: Pressure, Digiquartz [db]
# name 1 = t090C: Temperature [ITS-90, deg C]
# name 2 = flC: Fluorescence, Chelsea Aqua 3 Chl Con [ug/l]
# name 3 = CStarTr0: Beam Transmission, WET Labs C-Star [%]
# name 4 = par: PAR/Irradiance, Biospherical/Licor
# name 5 = spar: SPAR/Surface Irradiance
# name 6 = sbeox0Mm/Kg: Oxygen, SBE 43 [umol/kg]
# name 7 = potemp090C: Potential Temperature [ITS-90, deg C]
# name 8 = sal00: Salinity, Practical [PSU]
# name 9 = sigma-é00: Density [sigma-theta, kg/m^3]
# name 10 = flag:
# span 0 =      2.000,    401.000       
# span 1 =    13.5713,    21.4512       
# span 2 =     0.1792,     0.7130       
# span 3 =    89.2038,    98.2654       
# span 4 = -3.559e-05, 2.7930e+02       
# span 5 = 1.4620e+03, 3.1049e+03       
# span 6 =    152.311,    241.139       
# span 7 =    13.5123,    21.4502       
# span 8 =    36.9794,    38.5933       
# span 9 =    25.9229,    29.0721       
# span 10 = 0.0000e+00, 0.0000e+00      
# interval = decibars: 1                
# start_time = Jun 05 2017 12:59:36 [NMEA time, first data scan]
# bad_flag = -9.990e-29
*END*
      2.000    21.3797     0.1932    96.7803 2.7930e+02 3.1049e+03    211.255    21.3792    37.0370    25.9407 0.0000e+00
      3.000    21.4180     0.1989    96.8177 2.7571e+02 2.4734e+03    210.997    21.4174    37.0390    25.9316 0.0000e+00
      4.000    21.4488     0.2054    96.8231 2.5132e+02 1.6376e+03    211.309    21.4480    37.0388    25.9229 0.0000e+00
      5.000    21.4512     0.2027    96.8332 2.1127e+02 1.5843e+03    211.594    21.4502    37.0396    25.9229 0.0000e+00
      6.000    21.4123     0.2008    96.8277 2.0293e+02 1.6421e+03    211.294    21.4111    37.0391    25.9334 0.0000e+00
      7.000    21.3595     0.2005    96.8194 1.9089e+02 1.9953e+03    211.636    21.3581    37.0398    25.9488 0.0000e+00
      8.000    21.3242     0.2047    96.7885 1.7356e+02 2.2140e+03    212.337    21.3226    37.0408    25.9594 0.0000e+00
      9.000    21.3257     0.2060    96.7856 1.7308e+02 2.1443e+03    212.474    21.3239    37.0408    25.9590 0.0000e+00
     10.000    21.3316     0.1937    96.7909 1.5500e+02 1.8816e+03    211.684    21.3296    37.0403    25.9570 0.0000e+00
     11.000    21.2213     0.2046    96.7544 1.5398e+02 1.6395e+03    212.126    21.2192    37.0420    25.9890 0.0000e+00
     12.000    21.1667     0.2010    96.7311 1.4110e+02 1.6213e+03    212.885    21.1643    37.0443    26.0059 0.0000e+00
     13.000    21.1621     0.2042    96.7227 1.3814e+02 1.7564e+03    213.054    21.1596    37.0448    26.0075 0.0000e+00
     14.000    21.1504     0.2032    96.7137 1.3571e+02 1.9987e+03    211.892    21.1477    37.0456    26.0115 0.0000e+00
     15.000    20.8838     0.2018    96.6741 1.2506e+02 2.0447e+03    211.507    20.8809    37.0467    26.0856 0.0000e+00
     16.000    20.4919     0.2006    96.6176 1.2646e+02 1.8358e+03    214.101    20.4889    37.0587    26.2016 0.0000e+00
     17.000    20.4276     0.1977    96.6363 1.1832e+02 1.8240e+03    215.432    20.4244    37.0611    26.2209 0.0000e+00
     18.000    20.3976     0.1949    96.6840 1.1573e+02 2.0271e+03    215.715    20.3942    37.0613    26.2292 0.0000e+00
     19.000    20.3544     0.1962    96.6822 1.1424e+02 2.1147e+03    216.053    20.3508    37.0622    26.2416 0.0000e+00
     20.000    20.3292     0.1951    96.7967 1.1040e+02 2.1608e+03    216.607    20.3254    37.0651    26.2507 0.0000e+00
     21.000    20.2621     0.1973    96.8380 1.0487e+02 2.2106e+03    216.376    20.2582    37.0666    26.2700 0.0000e+00
     22.000    20.1806     0.1984    96.9055 1.0549e+02 2.3928e+03    215.662    20.1765    37.0691    26.2938 0.0000e+00
     23.000    19.9182     0.2006    96.8783 1.0303e+02 2.4838e+03    215.921    19.9139    37.0589    26.3561 0.0000e+00
     24.000    19.4566     0.2057    96.8474 9.7360e+01 2.4892e+03    220.525    19.4522    37.0529    26.4735 0.0000e+00
     25.000    19.2464     0.2067    96.8023 9.2936e+01 2.4473e+03    222.897    19.2419    37.0420    26.5202 0.0000e+00
     26.000    19.0355     0.2073    96.7685 9.1830e+01 2.3968e+03    222.374    19.0308    37.0251    26.5619 0.0000e+00
     27.000    18.4953     0.2091    96.6924 8.7243e+01 2.3957e+03    225.908    18.4905    36.9889    26.6727 0.0000e+00
     28.000    18.1876     0.2023    96.7391 8.3082e+01 2.3330e+03    229.018    18.1827    36.9794    26.7432 0.0000e+00
     29.000    18.0633     0.1951    96.8496 8.1384e+01 2.2570e+03    231.041    18.0582    36.9871    26.7804 0.0000e+00
     30.000    17.9625     0.1994    96.9023 7.7169e+01 2.1782e+03    233.164    17.9574    37.0404    26.8465 0.0000e+00
     31.000    17.9661     0.2018    96.9189 7.3349e+01 2.0811e+03    233.217    17.9607    37.0709    26.8690 0.0000e+00
     32.000    17.9822     0.2003    96.9259 7.1086e+01 2.0474e+03    233.712    17.9767    37.1100    26.8951 0.0000e+00
     33.000    17.9918     0.1997    96.9374 6.8874e+01 2.0448e+03    233.782    17.9861    37.1539    26.9264 0.0000e+00
     34.000    18.0566     0.2001    96.9027 6.6044e+01 2.0782e+03    232.707    18.0507    37.2184    26.9597 0.0000e+00
     35.000    18.0431     0.2023    96.9333 6.5462e+01 2.1756e+03    230.869    18.0370    37.2472    26.9851 0.0000e+00
     36.000    17.7000     0.2080    96.8568 6.4647e+01 2.2906e+03    231.949    17.6938    37.1960    27.0313 0.0000e+00
     37.000    17.5095     0.2080    96.8171 6.2221e+01 2.3379e+03    233.545    17.5032    37.1723    27.0601 0.0000e+00
     38.000    17.4721     0.2002    96.8029 6.0920e+01 2.3498e+03    234.893    17.4657    37.1868    27.0805 0.0000e+00
     39.000    17.4781     0.2081    96.7792 5.9714e+01 2.3636e+03    233.323    17.4715    37.2327    27.1143 0.0000e+00
     40.000    17.2356     0.2033    96.7433 5.7294e+01 2.4010e+03    232.536    17.2288    37.2087    27.1552 0.0000e+00
     41.000    16.9106     0.2043    96.6939 5.5071e+01 2.4048e+03    232.719    16.9038    37.1731    27.2066 0.0000e+00
     42.000    16.6644     0.2143    96.6876 5.3755e+01 2.4002e+03    234.988    16.6575    37.1395    27.2397 0.0000e+00
     43.000    16.5418     0.2151    96.6660 5.1053e+01 2.3629e+03    236.645    16.5348    37.1275    27.2597 0.0000e+00
     44.000    16.5194     0.2161    96.6777 4.8611e+01 2.2561e+03    237.991    16.5122    37.1351    27.2709 0.0000e+00
     45.000    16.5340     0.2190    96.6964 4.6463e+01 2.1652e+03    239.430    16.5266    37.1755    27.2985 0.0000e+00
     46.000    16.5036     0.2171    96.7084 4.3691e+01 2.0837e+03    239.730    16.4961    37.1884    27.3157 0.0000e+00
     47.000    16.4611     0.2214    96.6918 4.2043e+01 2.0625e+03    241.139    16.4534    37.2026    27.3368 0.0000e+00
     48.000    16.4675     0.2165    96.7326 4.1117e+01 2.1515e+03    241.044    16.4596    37.2195    27.3483 0.0000e+00
     49.000    16.4937     0.2088    96.7105 3.9867e+01 2.2237e+03    239.803    16.4857    37.2687    27.3800 0.0000e+00
     50.000    16.4561     0.2084    96.6916 3.8778e+01 2.2524e+03    238.099    16.4479    37.3308    27.4367 0.0000e+00
     51.000    16.3059     0.2133    96.7427 3.8652e+01 2.3073e+03    237.112    16.2976    37.3611    27.4956 0.0000e+00
     52.000    16.1273     0.2159    96.7583 3.8787e+01 2.4716e+03    237.367    16.1189    37.3671    27.5422 0.0000e+00
     53.000    15.9967     0.2210    96.7513 3.8353e+01 2.5976e+03    237.719    15.9882    37.3742    27.5781 0.0000e+00
     54.000    15.8879     0.2264    96.7495 3.7830e+01 2.6367e+03    238.226    15.8793    37.3844    27.6113 0.0000e+00
     55.000    15.8580     0.2180    96.7388 3.6634e+01 2.6629e+03    238.919    15.8492    37.3890    27.6218 0.0000e+00
     56.000    15.8430     0.2186    96.7698 3.5392e+01 2.6822e+03    238.898    15.8340    37.3975    27.6319 0.0000e+00
     57.000    15.8083     0.2258    96.8110 3.4065e+01 2.6721e+03    237.573    15.7992    37.4050    27.6457 0.0000e+00
     58.000    15.7352     0.2273    96.8343 3.2758e+01 2.6567e+03    236.049    15.7260    37.4224    27.6760 0.0000e+00
     59.000    15.6693     0.2340    96.7893 3.1274e+01 2.6423e+03    235.875    15.6599    37.4608    27.7209 0.0000e+00
     60.000    15.6318     0.2365    96.7746 3.0014e+01 2.6134e+03    235.721    15.6223    37.4703    27.7369 0.0000e+00
     61.000    15.6095     0.2395    96.7169 2.8760e+01 2.5760e+03    235.526    15.5999    37.4735    27.7445 0.0000e+00
     62.000    15.5632     0.2443    96.6186 2.7695e+01 2.5837e+03    234.389    15.5535    37.4897    27.7676 0.0000e+00
     63.000    15.4776     0.2536    96.4646 2.6688e+01 2.6086e+03    233.107    15.4677    37.4964    27.7924 0.0000e+00
     64.000    15.3934     0.2595    96.2395 2.6163e+01 2.6331e+03    232.878    15.3834    37.5016    27.8156 0.0000e+00
     65.000    15.3314     0.2743    95.9894 2.5289e+01 2.6537e+03    232.055    15.3212    37.5099    27.8362 0.0000e+00
     66.000    15.2658     0.2912    95.8140 2.4226e+01 2.6688e+03    232.265    15.2555    37.5243    27.8622 0.0000e+00
     67.000    15.2244     0.2983    95.6820 2.3093e+01 2.6893e+03    231.547    15.2140    37.5327    27.8781 0.0000e+00
     68.000    15.1901     0.3098    95.4533 2.2202e+01 2.7045e+03    230.395    15.1796    37.5397    27.8913 0.0000e+00
     69.000    15.1184     0.3309    95.0533 2.1063e+01 2.7202e+03    228.212    15.1077    37.5481    27.9140 0.0000e+00
     70.000    15.0711     0.3448    95.0679 1.9664e+01 2.7456e+03    225.467    15.0603    37.5752    27.9456 0.0000e+00
     71.000    15.0050     0.3627    93.9878 1.8123e+01 2.7608e+03    222.818    14.9941    37.5965    27.9769 0.0000e+00
     72.000    14.9534     0.4654    92.9476 1.6754e+01 2.7381e+03    222.763    14.9423    37.6065    27.9963 0.0000e+00
     73.000    14.9766     0.5503    91.1880 1.5104e+01 2.7074e+03    222.451    14.9653    37.6495    28.0243 0.0000e+00
     74.000    14.9928     0.6425    89.2038 1.3333e+01 2.6804e+03    224.442    14.9814    37.6741    28.0397 0.0000e+00
     75.000    15.0072     0.7130    90.0004 1.1879e+01 2.6309e+03    226.208    14.9956    37.6953    28.0529 0.0000e+00
     76.000    14.9779     0.6441    92.4834 1.0122e+01 2.4739e+03    223.584    14.9662    37.6970    28.0608 0.0000e+00
     77.000    15.0167     0.6934    90.7848 8.6271e+00 2.3055e+03    226.150    15.0048    37.7455    28.0895 0.0000e+00
     78.000    14.9847     0.4761    94.8422 7.1944e+00 2.2813e+03    226.581    14.9727    37.7518    28.1017 0.0000e+00
     79.000    14.9522     0.3418    93.4812 6.1123e+00 2.2796e+03    224.391    14.9400    37.7589    28.1145 0.0000e+00
     80.000    14.9106     0.3369    92.5432 5.3494e+00 2.2437e+03    220.718    14.8983    37.7656    28.1290 0.0000e+00
     81.000    14.8657     0.3501    93.0698 4.8902e+00 2.2545e+03    219.472    14.8533    37.7761    28.1471 0.0000e+00
     82.000    14.8372     0.3659    95.5949 4.6267e+00 2.3668e+03    218.983    14.8247    37.7808    28.1572 0.0000e+00
     83.000    14.8250     0.3886    94.4939 4.4614e+00 2.4449e+03    218.832    14.8123    37.7863    28.1642 0.0000e+00
     84.000    14.8047     0.3998    91.3639 4.2111e+00 2.4887e+03    220.018    14.7919    37.7944    28.1750 0.0000e+00
     85.000    14.7753     0.4130    94.1645 3.9426e+00 2.5560e+03    219.759    14.7623    37.8035    28.1887 0.0000e+00
     86.000    14.7507     0.3964    91.9806 3.6647e+00 2.6340e+03    218.439    14.7375    37.8178    28.2052 0.0000e+00
     87.000    14.7399     0.4476    94.4397 3.5024e+00 2.6658e+03    217.579    14.7266    37.8282    28.2157 0.0000e+00
     88.000    14.7360     0.4458    92.9149 3.3066e+00 2.6948e+03    215.233    14.7226    37.8378    28.2240 0.0000e+00
     89.000    14.6988     0.4201    91.3906 3.0749e+00 2.7309e+03    210.630    14.6852    37.8454    28.2382 0.0000e+00
     90.000    14.6525     0.5389    92.1187 2.9529e+00 2.7779e+03    207.432    14.6388    37.8662    28.2645 0.0000e+00
     91.000    14.6445     0.5932    93.1388 2.7516e+00 2.7816e+03    206.798    14.6307    37.8859    28.2816 0.0000e+00
     92.000    14.5935     0.4767    94.2578 2.4264e+00 2.6860e+03    204.420    14.5796    37.8931    28.2985 0.0000e+00
     93.000    14.5797     0.4348    95.0916 2.1057e+00 2.5585e+03    203.633    14.5656    37.8978    28.3052 0.0000e+00
     94.000    14.5533     0.4193    95.2872 1.8738e+00 2.4937e+03    203.546    14.5391    37.9031    28.3151 0.0000e+00
     95.000    14.5124     0.3851    94.3924 1.7238e+00 2.5712e+03    203.287    14.4981    37.9218    28.3386 0.0000e+00
     96.000    14.5095     0.3810    94.6779 1.6100e+00 2.6531e+03    202.775    14.4949    37.9376    28.3515 0.0000e+00
     97.000    14.4857     0.3415    96.4240 1.5214e+00 2.6101e+03    201.492    14.4710    37.9447    28.3623 0.0000e+00
     98.000    14.4767     0.3150    94.8261 1.4423e+00 2.5062e+03    199.449    14.4619    37.9581    28.3746 0.0000e+00
     99.000    14.4635     0.3574    95.6417 1.3854e+00 2.6043e+03    198.220    14.4486    37.9659    28.3836 0.0000e+00
    100.000    14.4499     0.3427    95.9731 1.3304e+00 2.8480e+03    197.696    14.4348    37.9760    28.3945 0.0000e+00
    101.000    14.4398     0.3136    96.4083 1.2591e+00 3.0056e+03    198.362    14.4245    37.9846    28.4034 0.0000e+00
    102.000    14.4294     0.3011    96.1844 1.1627e+00 2.8004e+03    200.190    14.4140    37.9972    28.4155 0.0000e+00
    103.000    14.4292     0.2989    93.9236 1.0610e+00 2.5746e+03    202.709    14.4136    38.0108    28.4261 0.0000e+00
    104.000    14.4283     0.3043    96.6870 9.7164e-01 2.4953e+03    202.890    14.4126    38.0138    28.4286 0.0000e+00
    105.000    14.3828     0.3462    97.3192 8.5364e-01 2.4612e+03    202.278    14.3670    38.0417    28.4602 0.0000e+00
    106.000    14.3668     0.2884    97.3774 8.5459e-01 2.6064e+03    202.100    14.3508    38.0467    28.4676 0.0000e+00
    107.000    14.3421     0.2901    97.5054 8.2443e-01 2.6955e+03    201.884    14.3260    38.0553    28.4797 0.0000e+00
    108.000    14.3293     0.2722    97.5432 7.8079e-01 2.5584e+03    201.780    14.3130    38.0626    28.4882 0.0000e+00
    109.000    14.3211     0.2578    97.5874 7.2692e-01 2.5223e+03    201.869    14.3047    38.0661    28.4927 0.0000e+00
    110.000    14.2930     0.2509    97.6347 6.9141e-01 2.3969e+03    198.641    14.2765    38.0732    28.5044 0.0000e+00
    111.000    14.2738     0.2483    97.6827 6.6783e-01 2.3577e+03    196.984    14.2571    38.0767    28.5113 0.0000e+00
    112.000    14.2564     0.2462    97.6796 6.4662e-01 2.4436e+03    196.049    14.2396    38.0813    28.5187 0.0000e+00
    113.000    14.2271     0.2387    97.7332 6.3067e-01 2.5560e+03    195.534    14.2102    38.0924    28.5337 0.0000e+00
    114.000    14.2202     0.2357    97.7316 6.0452e-01 2.4910e+03    195.674    14.2031    38.0950    28.5373 0.0000e+00
    115.000    14.1955     0.2352    97.7391 5.8674e-01 2.8875e+03    193.698    14.1783    38.1027    28.5487 0.0000e+00
    116.000    14.1739     0.2431    97.7915 5.8060e-01 3.0127e+03    191.788    14.1565    38.1108    28.5597 0.0000e+00
    117.000    14.1652     0.2348    97.8255 5.5243e-01 3.0086e+03    192.600    14.1478    38.1144    28.5644 0.0000e+00
    118.000    14.1624     0.2271    97.8327 4.9687e-01 2.8313e+03    192.669    14.1448    38.1159    28.5662 0.0000e+00
    119.000    14.1582     0.2257    97.8398 4.4440e-01 2.7565e+03    192.754    14.1404    38.1179    28.5687 0.0000e+00
    120.000    14.1481     0.2234    97.8403 4.0484e-01 2.7214e+03    191.632    14.1302    38.1206    28.5730 0.0000e+00
    121.000    14.1284     0.2261    97.8211 3.8876e-01 2.6554e+03    190.111    14.1104    38.1258    28.5813 0.0000e+00
    122.000    14.1088     0.2224    97.8675 3.8721e-01 2.6858e+03    191.338    14.0906    38.1328    28.5911 0.0000e+00
    123.000    14.0987     0.2214    97.8761 3.8184e-01 2.5538e+03    191.233    14.0804    38.1364    28.5961 0.0000e+00
    124.000    14.0812     0.2180    97.8639 3.6289e-01 2.1920e+03    190.279    14.0628    38.1426    28.6047 0.0000e+00
    125.000    14.0710     0.2197    97.8690 3.3224e-01 2.0152e+03    190.735    14.0524    38.1474    28.6107 0.0000e+00
    126.000    14.0601     0.2213    97.8926 3.0080e-01 1.9136e+03    191.606    14.0414    38.1512    28.6160 0.0000e+00
    127.000    14.0460     0.2153    97.8844 2.6893e-01 1.8279e+03    191.383    14.0272    38.1569    28.6235 0.0000e+00
    128.000    14.0300     0.2109    97.9244 2.4551e-01 1.8181e+03    189.816    14.0110    38.1610    28.6302 0.0000e+00
    129.000    14.0121     0.2158    97.9098 2.2880e-01 1.8407e+03    193.459    13.9930    38.1667    28.6385 0.0000e+00
    130.000    14.0069     0.2099    97.9176 2.2507e-01 1.8748e+03    195.838    13.9876    38.1707    28.6428 0.0000e+00
    131.000    13.9954     0.2129    97.9308 2.2936e-01 1.9151e+03    196.225    13.9760    38.1744    28.6481 0.0000e+00
    132.000    13.9895     0.2137    97.7885 2.3430e-01 1.9433e+03    194.251    13.9699    38.1774    28.6517 0.0000e+00
