Data/ruptures/PEACETIME/FAST/PEACETIME_FAST_CTD_089.cnv
* Sea-Bird SBE 9 Data File:
* FileName = C:\CTD\rawCTD\PEACETIME_ST10_CTD_089.hdr
* Software Version Seasave V 7.23.2
* Temperature SN = 1378
* Conductivity SN = 2929
* Number of Bytes Per Scan = 38
* Number of Voltage Words = 5
* Number of Scans Averaged by the Deck Unit = 1
* NMEA Latitude = 37 56.81 N
* NMEA Longitude = 002 54.96 E
* NMEA UTC (Time) = Jun 08 2017  20:39:28
* NMEA baud rate = 4800
** Cruise:   PEACETIME
** Station:   FAST_CTD_089
# nquan = 11
# nvalues = 997                         
# units = specified
# name 0 = prDM: Pressure, Digiquartz [db]
# name 1 = t090C: Temperature [ITS-90, deg C]
# name 2 = flC: Fluorescence, Chelsea Aqua 3 Chl Con [ug/l]
# name 3 = CStarTr0: Beam Transmission, WET Labs C-Star [%]
# name 4 = par: PAR/Irradiance, Biospherical/Licor
# name 5 = spar: SPAR/Surface Irradiance
# name 6 = sbeox0Mm/Kg: Oxygen, SBE 43 [umol/kg]
# name 7 = potemp090C: Potential Temperature [ITS-90, deg C]
# name 8 = sal00: Salinity, Practical [PSU]
# name 9 = sigma-é00: Density [sigma-theta, kg/m^3]
# name 10 = flag:
# span 0 =      4.000,   1000.000       
# span 1 =    13.1783,    21.6579       
# span 2 =     0.1685,     0.5026       
# span 3 =    94.8459,    98.2138       
# span 4 = -6.303e-05, 1.1284e-01       
# span 5 = 6.3263e-01, 4.4933e+00       
# span 6 =    152.200,    239.835       
# span 7 =    13.0317,    21.6568       
# span 8 =    36.9844,    38.5872       
# span 9 =    25.9128,    29.1066       
# span 10 = 0.0000e+00, 0.0000e+00      
# interval = decibars: 1                
# start_time = Jun 08 2017 20:39:28 [NMEA time, first data scan]
# bad_flag = -9.990e-29
*END*
      4.000    21.6537     0.2141    96.5002 1.1284e-01 2.0999e+00    209.083    21.6529    37.1020    25.9138 0.0000e+00
      5.000    21.6578     0.2037    96.5113 7.2580e-02 2.0620e+00    208.978    21.6568    37.1021    25.9128 0.0000e+00
      6.000    21.6552     0.2064    96.5258 4.4087e-02 2.6836e+00    208.739    21.6540    37.1019    25.9134 0.0000e+00
      7.000    21.6312     0.2079    96.5214 2.9248e-02 2.4853e+00    208.889    21.6298    37.0999    25.9187 0.0000e+00
      8.000    21.6354     0.2103    96.5157 2.1475e-02 2.4706e+00    208.583    21.6339    37.1010    25.9184 0.0000e+00
      9.000    21.6566     0.2056    96.5093 1.5393e-02 1.7680e+00    209.005    21.6549    37.1021    25.9133 0.0000e+00
     10.000    21.6579     0.2058    96.5263 5.7871e-03 2.6798e+00    208.429    21.6559    37.1023    25.9132 0.0000e+00
     11.000    21.6554     0.2041    96.5235 2.6516e-03 2.2281e+00    208.180    21.6532    37.1022    25.9139 0.0000e+00
     12.000    21.6569     0.2082    96.5208 8.1483e-04 2.9090e+00    208.621    21.6545    37.1024    25.9137 0.0000e+00
     13.000    21.6459     0.2088    96.5223 7.6435e-05 2.8083e+00    208.878    21.6433    37.1007    25.9155 0.0000e+00
     14.000    21.6121     0.2046    96.5183 -1.009e-06 2.7309e+00    209.712    21.6094    37.0990    25.9237 0.0000e+00
     15.000    21.6159     0.2076    96.5179 -9.990e-29 2.6577e+00    209.152    21.6129    37.0990    25.9227 0.0000e+00
     16.000    21.5999     0.2097    96.5208 1.0000e-12 2.6077e+00    209.133    21.5968    37.0977    25.9262 0.0000e+00
     17.000    21.5678     0.2017    96.5090 1.0000e-12 2.4204e+00    208.929    21.5645    37.0958    25.9339 0.0000e+00
     18.000    21.3499     0.1958    96.5238 1.0000e-12 2.9946e+00    207.847    21.3464    37.0772    25.9803 0.0000e+00
     19.000    20.6748     0.1976    96.5008 1.0000e-12 2.6348e+00    211.331    20.6712    37.0240    26.1256 0.0000e+00
     20.000    20.1380     0.1953    96.5497 1.0000e-12 2.4222e+00    217.155    20.1342    36.9844    26.2404 0.0000e+00
     21.000    19.9935     0.2036    96.6249 1.0000e-12 2.9096e+00    219.477    19.9896    36.9882    26.2820 0.0000e+00
     22.000    19.8868     0.2008    96.6590 1.0000e-12 2.6222e+00    221.151    19.8827    37.0100    26.3271 0.0000e+00
     23.000    19.8268     0.2036    96.6992 1.0000e-12 2.3317e+00    221.460    19.8225    37.0373    26.3639 0.0000e+00
     24.000    19.7772     0.2005    96.7628 1.0000e-12 2.2748e+00    221.505    19.7727    37.0542    26.3901 0.0000e+00
     25.000    19.6852     0.1985    96.7818 1.0000e-12 2.2834e+00    221.248    19.6806    37.0669    26.4241 0.0000e+00
     26.000    19.5874     0.2023    96.8132 1.0000e-12 2.7344e+00    222.534    19.5826    37.0837    26.4628 0.0000e+00
     27.000    19.3423     0.1994    96.8336 1.0000e-12 3.7099e+00    221.867    19.3374    37.0489    26.5004 0.0000e+00
     28.000    19.0011     0.1971    96.8959 1.0000e-12 2.8014e+00    224.502    18.9961    37.0466    26.5874 0.0000e+00
     29.000    18.8039     0.1969    96.9050 1.0000e-12 1.9179e+00    226.644    18.7987    37.0618    26.6499 0.0000e+00
     30.000    18.6741     0.1960    96.8689 1.0000e-12 2.8348e+00    227.181    18.6688    37.0437    26.6693 0.0000e+00
     31.000    18.5218     0.2021    96.8679 1.0000e-12 2.6235e+00    227.846    18.5163    37.0450    26.7092 0.0000e+00
     32.000    18.3929     0.1999    96.8888 1.0000e-12 2.1633e+00    229.013    18.3872    37.0469    26.7434 0.0000e+00
     33.000    18.2820     0.2001    96.8506 1.0000e-12 3.3347e+00    229.993    18.2762    37.0619    26.7830 0.0000e+00
     34.000    18.1644     0.1946    96.8868 1.0000e-12 2.0358e+00    231.240    18.1585    37.0573    26.8091 0.0000e+00
     35.000    18.0575     0.1990    96.8941 1.0000e-12 2.4679e+00    230.999    18.0515    37.0654    26.8421 0.0000e+00
     36.000    17.8628     0.2065    96.8106 1.0000e-12 3.9588e+00    231.830    17.8566    37.0763    26.8991 0.0000e+00
     37.000    17.7418     0.2035    96.7882 1.0000e-12 2.5788e+00    232.165    17.7355    37.0851    26.9359 0.0000e+00
     38.000    17.6924     0.2076    96.6995 1.0000e-12 3.1164e+00    233.457    17.6858    37.1170    26.9727 0.0000e+00
     39.000    17.6618     0.2056    96.7058 1.0000e-12 2.1281e+00    234.376    17.6551    37.1304    26.9905 0.0000e+00
     40.000    17.6056     0.2057    96.7190 1.0000e-12 3.3215e+00    233.570    17.5988    37.1415    27.0130 0.0000e+00
     41.000    17.5165     0.2013    96.6563 1.0000e-12 3.2516e+00    234.384    17.5095    37.1616    27.0504 0.0000e+00
     42.000    17.4130     0.2012    96.6650 1.0000e-12 1.8058e+00    235.579    17.4058    37.1769    27.0876 0.0000e+00
     43.000    17.3658     0.2047    96.6477 1.0000e-12 2.5077e+00    235.207    17.3585    37.1819    27.1030 0.0000e+00
     44.000    17.2976     0.2160    96.6581 1.0000e-12 3.0077e+00    235.042    17.2902    37.1759    27.1151 0.0000e+00
     45.000    17.1211     0.2079    96.6651 1.0000e-12 3.0440e+00    236.162    17.1136    37.1859    27.1657 0.0000e+00
     46.000    16.9653     0.2108    96.5568 1.0000e-12 1.9283e+00    236.679    16.9576    37.2144    27.2253 0.0000e+00
     47.000    16.8009     0.2124    96.5614 1.0000e-12 1.9420e+00    237.479    16.7931    37.2282    27.2755 0.0000e+00
     48.000    16.7868     0.2157    96.5710 1.0000e-12 2.4227e+00    238.784    16.7789    37.2330    27.2826 0.0000e+00
     49.000    16.4653     0.2143    96.5013 1.0000e-12 1.2415e+00    237.432    16.4573    37.2383    27.3633 0.0000e+00
     50.000    16.3169     0.2233    96.5092 1.0000e-12 2.2503e+00    238.798    16.3088    37.2891    27.4375 0.0000e+00
     51.000    16.2192     0.2259    96.5361 1.0000e-12 2.4062e+00    239.835    16.2109    37.3087    27.4756 0.0000e+00
     52.000    16.1002     0.2222    96.5435 1.0000e-12 2.2342e+00    239.274    16.0918    37.3344    27.5233 0.0000e+00
     53.000    16.0412     0.2245    96.5607 1.0000e-12 2.1430e+00    237.790    16.0327    37.3525    27.5510 0.0000e+00
     54.000    15.9610     0.2266    96.5745 1.0000e-12 2.1078e+00    238.744    15.9523    37.3637    27.5784 0.0000e+00
     55.000    15.8499     0.2280    96.5571 1.0000e-12 3.1702e+00    236.899    15.8411    37.3854    27.6209 0.0000e+00
     56.000    15.7535     0.2247    96.5796 1.0000e-12 2.9246e+00    236.345    15.7446    37.4082    27.6609 0.0000e+00
     57.000    15.7134     0.2251    96.6070 1.0000e-12 2.9619e+00    236.198    15.7044    37.4238    27.6821 0.0000e+00
     58.000    15.6446     0.2281    96.5817 1.0000e-12 1.8222e+00    234.695    15.6354    37.4459    27.7150 0.0000e+00
     59.000    15.5898     0.2302    96.5554 1.0000e-12 2.4573e+00    234.058    15.5805    37.4677    27.7445 0.0000e+00
     60.000    15.5665     0.2337    96.5244 1.0000e-12 2.0113e+00    234.697    15.5570    37.4805    27.7597 0.0000e+00
     61.000    15.5303     0.2382    96.5831 1.0000e-12 2.3253e+00    233.462    15.5207    37.4982    27.7817 0.0000e+00
     62.000    15.4794     0.2307    96.6129 1.0000e-12 2.4158e+00    233.015    15.4696    37.5296    27.8175 0.0000e+00
     63.000    15.4887     0.2360    96.5731 1.0000e-12 2.4105e+00    233.735    15.4788    37.5554    27.8354 0.0000e+00
     64.000    15.4780     0.2405    96.6269 1.0000e-12 2.5123e+00    233.626    15.4679    37.5899    27.8644 0.0000e+00
     65.000    15.3268     0.2491    96.2060 1.0000e-12 2.4004e+00    228.978    15.3166    37.5718    27.8850 0.0000e+00
     66.000    15.1860     0.2761    95.6562 -9.990e-29 1.8491e+00    228.853    15.1758    37.5856    27.9275 0.0000e+00
     67.000    15.2428     0.2954    95.7990 1.0000e-12 3.2988e+00    230.706    15.2324    37.6474    27.9625 0.0000e+00
     68.000    15.2163     0.3020    95.6555 1.0000e-12 2.5612e+00    230.320    15.2058    37.6811    27.9945 0.0000e+00
     69.000    15.2156     0.3283    95.5630 1.0000e-12 3.6478e+00    230.994    15.2049    37.7101    28.0171 0.0000e+00
     70.000    15.2086     0.3423    95.6870 1.0000e-12 2.2509e+00    231.204    15.1977    37.7218    28.0278 0.0000e+00
     71.000    15.1719     0.3448    95.7225 1.0000e-12 2.9389e+00    230.852    15.1608    37.7416    28.0514 0.0000e+00
     72.000    15.1079     0.3464    95.5932 1.0000e-12 2.1841e+00    226.887    15.0967    37.7458    28.0691 0.0000e+00
     73.000    15.0118     0.4509    94.9185 1.0000e-12 2.9122e+00    221.716    15.0005    37.7403    28.0865 0.0000e+00
     74.000    14.9618     0.5026    94.8459 1.0000e-12 2.5928e+00    219.388    14.9504    37.7462    28.1023 0.0000e+00
     75.000    14.9481     0.4561    95.3042 1.0000e-12 3.2605e+00    218.157    14.9366    37.7613    28.1171 0.0000e+00
     76.000    14.9267     0.4100    95.4020 1.0000e-12 2.5391e+00    215.988    14.9150    37.7669    28.1262 0.0000e+00
     77.000    14.8174     0.4077    95.6937 1.0000e-12 2.7370e+00    208.862    14.8056    37.7884    28.1673 0.0000e+00
     78.000    14.7707     0.4108    95.7379 1.0000e-12 2.4092e+00    204.685    14.7588    37.8035    28.1894 0.0000e+00
     79.000    14.7649     0.4356    95.8961 1.0000e-12 2.9425e+00    204.189    14.7529    37.8073    28.1937 0.0000e+00
     80.000    14.7301     0.4243    96.1223 1.0000e-12 2.3282e+00    202.685    14.7179    37.8250    28.2151 0.0000e+00
     81.000    14.7094     0.3762    96.1528 1.0000e-12 2.3704e+00    200.956    14.6970    37.8336    28.2265 0.0000e+00
     82.000    14.6840     0.3568    96.4255 1.0000e-12 2.1753e+00    202.052    14.6715    37.8492    28.2441 0.0000e+00
     83.000    14.6745     0.3521    96.5660 1.0000e-12 1.7805e+00    204.134    14.6619    37.8621    28.2563 0.0000e+00
     84.000    14.6769     0.3266    96.7880 1.0000e-12 2.6850e+00    210.772    14.6641    37.8850    28.2735 0.0000e+00
     85.000    14.6493     0.3209    96.7350 1.0000e-12 2.7096e+00    208.949    14.6364    37.8906    28.2839 0.0000e+00
     86.000    14.6297     0.3248    96.7610 1.0000e-12 1.8282e+00    207.563    14.6166    37.8982    28.2942 0.0000e+00
     87.000    14.6099     0.3258    96.7252 1.0000e-12 2.9830e+00    206.785    14.5967    37.9071    28.3055 0.0000e+00
     88.000    14.6040     0.3364    96.7264 1.0000e-12 2.8814e+00    207.614    14.5906    37.9125    28.3109 0.0000e+00
     89.000    14.5957     0.3479    96.6259 1.0000e-12 3.0484e+00    207.709    14.5822    37.9155    28.3152 0.0000e+00
     90.000    14.5882     0.3502    96.7495 1.0000e-12 1.4770e+00    208.431    14.5746    37.9208    28.3210 0.0000e+00
     91.000    14.5673     0.3309    96.7809 1.0000e-12 2.8204e+00    208.539    14.5534    37.9298    28.3326 0.0000e+00
     92.000    14.5448     0.3282    96.9070 -9.990e-29 2.3399e+00    208.911    14.5308    37.9391    28.3447 0.0000e+00
     93.000    14.5366     0.3163    96.9114 1.0000e-12 2.0562e+00    206.998    14.5225    37.9496    28.3548 0.0000e+00
     94.000    14.5255     0.3003    97.1082 1.0000e-12 3.1011e+00    204.580    14.5113    37.9642    28.3685 0.0000e+00
     95.000    14.5084     0.2966    97.1270 1.0000e-12 2.6079e+00    204.873    14.4940    37.9717    28.3781 0.0000e+00
     96.000    14.5075     0.3027    97.1379 1.0000e-12 2.2957e+00    206.151    14.4929    37.9783    28.3834 0.0000e+00
     97.000    14.4959     0.2983    97.2079 1.0000e-12 2.4071e+00    205.954    14.4812    37.9848    28.3911 0.0000e+00
     98.000    14.4520     0.2869    97.2408 1.0000e-12 3.2084e+00    205.739    14.4372    37.9855    28.4013 0.0000e+00
     99.000    14.4327     0.2839    97.2959 1.0000e-12 2.0703e+00    205.298    14.4177    37.9897    28.4088 0.0000e+00
    100.000    14.4213     0.2869    97.3311 1.0000e-12 1.8051e+00    204.062    14.4063    37.9984    28.4181 0.0000e+00
    101.000    14.4099     0.2886    97.2833 1.0000e-12 2.6230e+00    202.994    14.3947    38.0098    28.4294 0.0000e+00
    102.000    14.3941     0.2906    97.3116 1.0000e-12 2.7846e+00    199.537    14.3788    38.0131    28.4355 0.0000e+00
    103.000    14.3815     0.2810    97.3862 1.0000e-12 2.9116e+00    198.668    14.3660    38.0178    28.4419 0.0000e+00
    104.000    14.3990     0.2631    97.4151 1.0000e-12 2.2861e+00    199.470    14.3833    38.0144    28.4355 0.0000e+00
    105.000    14.4170     0.2625    97.4529 1.0000e-12 3.0285e+00    198.305    14.4012    38.0049    28.4242 0.0000e+00
    106.000    14.3198     0.2566    97.4907 1.0000e-12 1.7346e+00    194.361    14.3039    38.0472    28.4783 0.0000e+00
    107.000    14.2980     0.2524    97.5189 1.0000e-12 1.7590e+00    194.096    14.2819    38.0563    28.4901 0.0000e+00
    108.000    14.2731     0.2445    97.5646 1.0000e-12 2.2946e+00    193.994    14.2569    38.0692    28.5056 0.0000e+00
    109.000    14.2427     0.2406    97.5907 1.0000e-12 3.0224e+00    194.242    14.2264    38.0823    28.5224 0.0000e+00
    110.000    14.2345     0.2407    97.5925 1.0000e-12 2.0196e+00    195.463    14.2180    38.0861    28.5271 0.0000e+00
    111.000    14.2317     0.2370    97.6060 1.0000e-12 1.8864e+00    196.520    14.2150    38.0873    28.5287 0.0000e+00
    112.000    14.2223     0.2348    97.5772 1.0000e-12 2.3761e+00    197.108    14.2055    38.0942    28.5362 0.0000e+00
    113.000    14.2043     0.2365    97.6322 1.0000e-12 2.5099e+00    197.437    14.1874    38.1048    28.5483 0.0000e+00
    114.000    14.1858     0.2260    97.6825 1.0000e-12 2.4151e+00    196.698    14.1688    38.1107    28.5569 0.0000e+00
    115.000    14.1659     0.2275    97.7281 1.0000e-12 1.5608e+00    195.877    14.1487    38.1190    28.5677 0.0000e+00
    116.000    14.1484     0.2235    97.7520 1.0000e-12 3.0534e+00    196.235    14.1311    38.1255    28.5766 0.0000e+00
    117.000    14.1351     0.2248    97.7529 1.0000e-12 2.8924e+00    196.118    14.1177    38.1307    28.5835 0.0000e+00
    118.000    14.1286     0.2209    97.7659 1.0000e-12 1.8337e+00    195.522    14.1111    38.1340    28.5875 0.0000e+00
    119.000    14.1243     0.2190    97.7648 1.0000e-12 2.5228e+00    195.611    14.1066    38.1364    28.5904 0.0000e+00
    120.000    14.0998     0.2147    97.7788 1.0000e-12 2.4963e+00    195.570    14.0820    38.1482    28.6049 0.0000e+00
    121.000    14.0856     0.2153    97.7951 -9.990e-29 2.4390e+00    195.393    14.0675    38.1535    28.6121 0.0000e+00
    122.000    14.0698     0.2181    97.7914 -9.990e-29 2.6417e+00    195.723    14.0517    38.1592    28.6199 0.0000e+00
    123.000    14.0550     0.2189    97.8088 -9.990e-29 1.8115e+00    196.795    14.0367    38.1641    28.6269 0.0000e+00
    124.000    14.0297     0.2144    97.8291 -9.990e-29 2.1115e+00    197.650    14.0113    38.1742    28.6403 0.0000e+00
    125.000    14.0198     0.2116    97.8281 -9.990e-29 2.5312e+00    197.893    14.0012    38.1780    28.6454 0.0000e+00
    126.000    14.0038     0.2153    97.8538 1.0000e-12 1.8550e+00    196.675    13.9851    38.1835    28.6532 0.0000e+00
    127.000    13.9869     0.2132    97.8800 1.0000e-12 2.1024e+00    193.981    13.9680    38.1886    28.6608 0.0000e+00
    128.000    13.9764     0.2029    97.8946 1.0000e-12 2.1678e+00    190.205    13.9575    38.1912    28.6651 0.0000e+00
    129.000    13.9612     0.1961    97.9031 1.0000e-12 2.4373e+00    187.963    13.9421    38.1951    28.6715 0.0000e+00
    130.000    13.9505     0.1963    97.9043 1.0000e-12 2.9129e+00    189.791    13.9312    38.1995    28.6772 0.0000e+00
    131.000    13.9443     0.1948    97.9295 1.0000e-12 2.3271e+00    191.749    13.9249    38.2028    28.6811 0.0000e+00
    132.000    13.9411     0.1964    97.9263 1.0000e-12 2.6165e+00    190.090    13.9216    38.2036    28.6824 0.0000e+00
    133.000    13.9303     0.1950    97.9273 1.0000e-12 2.0088e+00    187.006    13.9107    38.2059    28.6866 0.0000e+00
    134.000    13.9215     0.1993    97.9257 -9.990e-29 2.4238e+00    185.446    13.9017    38.2085    28.6905 0.0000e+00
