Data/ruptures/PEACETIME/FAST/PEACETIME_FAST_CTD_070.cnv
* Sea-Bird SBE 9 Data File:
* FileName = C:\CTD\rawCTD\PEACETIME_FAST_CTD_070.hdr
* Software Version Seasave V 7.23.2
* Temperature SN = 1378
* Conductivity SN = 2929
* Number of Bytes Per Scan = 38
* Number of Voltage Words = 5
* Number of Scans Averaged by the Deck Unit = 1
* NMEA Latitude = 37 56.79 N
* NMEA Longitude = 002 55.01 E
* NMEA UTC (Time) = Jun 05 2017  14:50:25
* NMEA baud rate = 4800
** Cruise:   PEACETIME
** Station:   FAST_CTD_070
# nquan = 11
# nvalues = 206                         
# units = specified
# name 0 = prDM: Pressure, Digiquartz [db]
# name 1 = t090C: Temperature [ITS-90, deg C]
# name 2 = flC: Fluorescence, Chelsea Aqua 3 Chl Con [ug/l]
# name 3 = CStarTr0: Beam Transmission, WET Labs C-Star [%]
# name 4 = par: PAR/Irradiance, Biospherical/Licor
# name 5 = spar: SPAR/Surface Irradiance
# name 6 = sbeox0Mm/Kg: Oxygen, SBE 43 [umol/kg]
# name 7 = potemp090C: Potential Temperature [ITS-90, deg C]
# name 8 = sal00: Salinity, Practical [PSU]
# name 9 = sigma-é00: Density [sigma-theta, kg/m^3]
# name 10 = flag:
# span 0 =      3.000,    208.000       
# span 1 =    13.6756,    21.4614       
# span 2 =     0.1832,     0.7090       
# span 3 =    91.4603,    98.1877       
# span 4 = 3.4742e-03, 3.1501e+02       
# span 5 = 1.3348e+03, 2.6222e+03       
# span 6 =    176.329,    240.416       
# span 7 =    13.6450,    21.4606       
# span 8 =    37.0429,    38.3957       
# span 9 =    25.9240,    28.8906       
# span 10 = 0.0000e+00, 0.0000e+00      
# interval = decibars: 1                
# start_time = Jun 05 2017 14:50:25 [NMEA time, first data scan]
# bad_flag = -9.990e-29
*END*
      3.000    21.4576     0.2318    96.7954 3.1501e+02 1.8191e+03    211.183    21.4570    37.0443    25.9247 0.0000e+00
      4.000    21.4614     0.2090    96.7656 2.5294e+02 1.9506e+03    211.222    21.4606    37.0448    25.9240 0.0000e+00
      5.000    21.4527     0.2142    96.7744 2.2912e+02 1.9530e+03    211.210    21.4517    37.0445    25.9263 0.0000e+00
      6.000    21.4520     0.2202    96.7652 2.0163e+02 1.9831e+03    211.115    21.4509    37.0442    25.9263 0.0000e+00
      7.000    21.4408     0.2170    96.7627 1.8726e+02 2.1101e+03    211.358    21.4395    37.0432    25.9287 0.0000e+00
      8.000    21.4440     0.2146    96.7653 1.7090e+02 2.3578e+03    211.251    21.4424    37.0442    25.9286 0.0000e+00
      9.000    21.4481     0.2122    96.7656 1.6261e+02 2.5522e+03    211.492    21.4463    37.0442    25.9275 0.0000e+00
     10.000    21.4464     0.2133    96.7601 1.4904e+02 2.5099e+03    211.050    21.4444    37.0443    25.9281 0.0000e+00
     11.000    21.4413     0.2158    96.7529 1.3775e+02 2.3925e+03    210.957    21.4392    37.0439    25.9293 0.0000e+00
     12.000    21.4375     0.2100    96.7657 1.3048e+02 2.6067e+03    211.233    21.4352    37.0438    25.9303 0.0000e+00
     13.000    21.4353     0.2119    96.7559 1.2265e+02 2.6134e+03    211.339    21.4327    37.0436    25.9309 0.0000e+00
     14.000    21.3877     0.2097    96.7565 1.1919e+02 2.4287e+03    211.151    21.3849    37.0429    25.9437 0.0000e+00
     15.000    21.3072     0.2115    96.7523 1.0922e+02 2.5605e+03    211.154    21.3043    37.0499    25.9713 0.0000e+00
     16.000    21.0387     0.2109    96.6883 1.0688e+02 2.4838e+03    209.188    21.0356    37.0478    26.0439 0.0000e+00
     17.000    20.5060     0.2138    96.6387 9.9710e+01 2.4683e+03    213.611    20.5027    37.0664    26.2037 0.0000e+00
     18.000    20.4519     0.2162    96.7278 9.4895e+01 2.3296e+03    215.530    20.4484    37.0700    26.2212 0.0000e+00
     19.000    20.3934     0.2087    96.8240 9.3435e+01 2.2006e+03    215.672    20.3898    37.0740    26.2401 0.0000e+00
     20.000    20.2674     0.2070    96.8289 8.6816e+01 2.1417e+03    216.621    20.2636    37.0736    26.2738 0.0000e+00
     21.000    20.2225     0.2137    96.7996 8.3868e+01 2.0709e+03    217.257    20.2186    37.0731    26.2856 0.0000e+00
     22.000    20.1554     0.2118    96.8720 7.9603e+01 2.0069e+03    217.504    20.1512    37.0751    26.3051 0.0000e+00
     23.000    20.0695     0.2096    96.8970 7.7304e+01 2.0676e+03    216.588    20.0652    37.0824    26.3338 0.0000e+00
     24.000    19.7016     0.2146    96.8545 7.3968e+01 2.1302e+03    218.890    19.6972    37.0823    26.4315 0.0000e+00
     25.000    19.3730     0.2117    96.8062 7.0567e+01 2.0053e+03    221.934    19.3684    37.0750    26.5123 0.0000e+00
     26.000    19.1032     0.2164    96.7843 6.8361e+01 1.8966e+03    225.073    19.0985    37.0544    26.5668 0.0000e+00
     27.000    18.9434     0.2100    96.7651 6.5504e+01 1.8280e+03    227.363    18.9386    37.0568    26.6101 0.0000e+00
     28.000    18.8128     0.2134    96.7896 6.5342e+01 1.8488e+03    227.636    18.8078    37.0661    26.6508 0.0000e+00
     29.000    18.6289     0.2095    96.8022 6.3492e+01 1.9464e+03    229.806    18.6237    37.0865    26.7136 0.0000e+00
     30.000    18.4977     0.2133    96.8741 6.3395e+01 2.1695e+03    228.751    18.4924    37.0890    26.7489 0.0000e+00
     31.000    18.0878     0.2125    96.9064 6.2370e+01 2.2982e+03    231.158    18.0824    37.0583    26.8289 0.0000e+00
     32.000    18.0225     0.2155    96.9309 6.1537e+01 2.3058e+03    232.826    18.0169    37.0632    26.8491 0.0000e+00
     33.000    18.0182     0.2191    96.9491 6.0794e+01 2.3748e+03    233.409    18.0125    37.0806    26.8636 0.0000e+00
     34.000    18.0681     0.2178    96.9597 5.9834e+01 2.3096e+03    233.286    18.0622    37.1443    26.8999 0.0000e+00
     35.000    18.0970     0.2112    96.9309 5.9782e+01 2.6222e+03    232.822    18.0909    37.1645    26.9083 0.0000e+00
     36.000    18.1613     0.2174    96.8919 5.9571e+01 2.5701e+03    232.433    18.1550    37.2541    26.9608 0.0000e+00
     37.000    18.1473     0.2158    96.9104 5.7003e+01 2.3759e+03    231.647    18.1408    37.2653    26.9730 0.0000e+00
     38.000    17.8808     0.2172    96.8822 5.5147e+01 2.3859e+03    229.015    17.8742    37.2334    27.0151 0.0000e+00
     39.000    17.4367     0.2193    96.8103 5.2812e+01 2.3535e+03    232.255    17.4300    37.2393    27.1295 0.0000e+00
     40.000    17.0672     0.2168    96.6255 5.1998e+01 2.0962e+03    231.611    17.0605    37.1831    27.1763 0.0000e+00
     41.000    16.6417     0.2148    96.6408 5.1882e+01 2.0603e+03    235.121    16.6350    37.1246    27.2337 0.0000e+00
     42.000    16.5480     0.2248    96.5435 5.3025e+01 2.3088e+03    237.374    16.5412    37.1187    27.2514 0.0000e+00
     43.000    16.5363     0.2233    96.6254 5.1850e+01 2.3002e+03    240.416    16.5293    37.1408    27.2713 0.0000e+00
     44.000    16.6558     0.2276    96.6906 5.0239e+01 2.3746e+03    239.663    16.6485    37.2171    27.3016 0.0000e+00
     45.000    16.6357     0.2272    96.6826 4.8264e+01 2.3184e+03    238.723    16.6283    37.2474    27.3297 0.0000e+00
     46.000    16.6088     0.2293    96.7027 4.6219e+01 2.2026e+03    239.441    16.6012    37.2548    27.3418 0.0000e+00
     47.000    16.5950     0.2238    96.6970 4.4568e+01 1.8808e+03    239.765    16.5873    37.2609    27.3498 0.0000e+00
     48.000    16.5301     0.2225    96.6935 4.1660e+01 1.9841e+03    239.662    16.5222    37.2902    27.3879 0.0000e+00
     49.000    16.4630     0.2199    96.7307 4.1700e+01 1.6745e+03    238.458    16.4550    37.3064    27.4163 0.0000e+00
     50.000    16.2197     0.2237    96.7022 4.1009e+01 1.6816e+03    237.367    16.2116    37.3360    27.4964 0.0000e+00
     51.000    16.0472     0.2206    96.7015 3.8983e+01 1.7626e+03    238.126    16.0390    37.3737    27.5659 0.0000e+00
     52.000    15.9438     0.2301    96.7006 3.7440e+01 1.8327e+03    237.937    15.9355    37.3863    27.5997 0.0000e+00
     53.000    15.9277     0.2325    96.7584 3.5649e+01 1.7569e+03    239.181    15.9193    37.3893    27.6058 0.0000e+00
     54.000    15.8904     0.2254    96.7768 3.4546e+01 1.9953e+03    238.325    15.8817    37.3907    27.6156 0.0000e+00
     55.000    15.7979     0.2278    96.8050 3.2231e+01 1.7653e+03    237.659    15.7892    37.4048    27.6479 0.0000e+00
     56.000    15.7062     0.2375    96.8059 2.9327e+01 1.7933e+03    236.559    15.6973    37.4152    27.6771 0.0000e+00
     57.000    15.6584     0.2378    96.7054 2.7591e+01 1.8116e+03    235.517    15.6493    37.4478    27.7133 0.0000e+00
     58.000    15.6037     0.2386    96.6714 2.6896e+01 1.7438e+03    235.585    15.5945    37.4762    27.7478 0.0000e+00
     59.000    15.5743     0.2504    96.5529 2.5367e+01 1.7291e+03    234.860    15.5650    37.4866    27.7626 0.0000e+00
     60.000    15.4682     0.2570    96.3960 2.2861e+01 1.5896e+03    233.147    15.4588    37.4913    27.7905 0.0000e+00
     61.000    15.3610     0.2785    95.9066 2.1449e+01 1.5688e+03    232.804    15.3514    37.4974    27.8197 0.0000e+00
     62.000    15.3325     0.2871    95.8421 2.0431e+01 1.5457e+03    231.958    15.3229    37.5093    27.8354 0.0000e+00
     63.000    15.2636     0.2898    95.7184 2.0573e+01 1.5954e+03    232.850    15.2538    37.5146    27.8551 0.0000e+00
     64.000    15.2042     0.3041    95.3633 2.0629e+01 1.7452e+03    231.172    15.1943    37.5319    27.8819 0.0000e+00
     65.000    15.1663     0.3250    95.0792 1.9030e+01 1.6163e+03    230.427    15.1562    37.5436    27.8996 0.0000e+00
     66.000    15.1205     0.3377    94.9855 1.7358e+01 1.6269e+03    229.713    15.1103    37.5432    27.9097 0.0000e+00
     67.000    15.0624     0.3689    94.6825 1.4643e+01 1.5740e+03    229.490    15.0521    37.5532    27.9305 0.0000e+00
     68.000    15.0437     0.3778    94.4211 1.2565e+01 1.5637e+03    225.387    15.0332    37.5834    27.9581 0.0000e+00
     69.000    14.9450     0.4085    93.3868 1.1162e+01 1.5232e+03    222.599    14.9344    37.5915    27.9865 0.0000e+00
     70.000    14.9612     0.5000    92.6977 9.9752e+00 1.5226e+03    222.647    14.9504    37.6414    28.0214 0.0000e+00
     71.000    14.9770     0.6316    91.4603 8.7764e+00 1.5865e+03    223.921    14.9661    37.6794    28.0472 0.0000e+00
     72.000    14.9929     0.6536    92.4597 7.6047e+00 1.5632e+03    225.300    14.9818    37.7003    28.0598 0.0000e+00
     73.000    14.9879     0.7090    92.4298 6.8618e+00 1.5510e+03    223.710    14.9766    37.6935    28.0557 0.0000e+00
     74.000    14.9610     0.6616    93.6117 6.2244e+00 1.6092e+03    223.803    14.9496    37.7257    28.0867 0.0000e+00
     75.000    14.9859     0.5944    94.3714 5.4762e+00 1.6661e+03    225.477    14.9744    37.7427    28.0942 0.0000e+00
     76.000    14.9728     0.5422    94.7770 4.7920e+00 1.7778e+03    223.989    14.9611    37.7395    28.0948 0.0000e+00
     77.000    14.9193     0.4025    96.0278 4.2502e+00 1.7814e+03    220.931    14.9075    37.7628    28.1247 0.0000e+00
     78.000    14.8820     0.3722    95.9228 3.9555e+00 1.7587e+03    219.693    14.8701    37.7713    28.1397 0.0000e+00
     79.000    14.8325     0.4011    95.7425 3.7330e+00 1.8347e+03    218.166    14.8203    37.7807    28.1580 0.0000e+00
     80.000    14.8088     0.4006    95.7420 3.3813e+00 1.8322e+03    219.537    14.7965    37.7872    28.1684 0.0000e+00
     81.000    14.7948     0.4050    95.6977 3.1125e+00 1.7846e+03    219.755    14.7824    37.7955    28.1780 0.0000e+00
     82.000    14.7474     0.4237    95.4968 2.8933e+00 1.7935e+03    217.770    14.7349    37.8179    28.2058 0.0000e+00
     83.000    14.7469     0.4532    95.3599 2.6829e+00 1.7976e+03    217.416    14.7342    37.8244    28.2110 0.0000e+00
     84.000    14.7396     0.4496    95.6217 2.5388e+00 1.6517e+03    215.961    14.7268    37.8308    28.2176 0.0000e+00
     85.000    14.7085     0.4336    95.9177 2.3379e+00 1.6219e+03    211.835    14.6956    37.8489    28.2385 0.0000e+00
     86.000    14.6772     0.4194    95.9637 2.0626e+00 1.7933e+03    208.421    14.6641    37.8583    28.2528 0.0000e+00
     87.000    14.6321     0.4397    95.7986 1.8410e+00 1.7273e+03    205.598    14.6189    37.8793    28.2791 0.0000e+00
     88.000    14.5804     0.4399    96.1588 1.6676e+00 1.4944e+03    203.521    14.5670    37.8976    28.3047 0.0000e+00
     89.000    14.5633     0.3940    96.4498 1.5310e+00 1.5179e+03    203.870    14.5498    37.9081    28.3166 0.0000e+00
     90.000    14.5533     0.3922    96.4970 1.4222e+00 1.6425e+03    203.731    14.5397    37.9148    28.3240 0.0000e+00
     91.000    14.5433     0.3921    96.4844 1.3219e+00 1.7672e+03    203.328    14.5295    37.9224    28.3321 0.0000e+00
     92.000    14.5150     0.3649    96.8093 1.2171e+00 1.7459e+03    202.399    14.5011    37.9285    28.3432 0.0000e+00
     93.000    14.5134     0.3618    96.7751 1.1238e+00 1.6292e+03    201.974    14.4993    37.9318    28.3461 0.0000e+00
     94.000    14.5183     0.3556    96.6151 1.0243e+00 1.5964e+03    201.855    14.5041    37.9422    28.3531 0.0000e+00
     95.000    14.4840     0.4014    96.5591 9.3980e-01 1.6691e+03    200.860    14.4697    37.9473    28.3646 0.0000e+00
     96.000    14.4674     0.4016    96.7333 8.6522e-01 1.4949e+03    199.286    14.4529    37.9575    28.3762 0.0000e+00
     97.000    14.4543     0.3553    97.1817 8.0322e-01 1.5642e+03    197.495    14.4397    37.9731    28.3912 0.0000e+00
     98.000    14.4378     0.3096    97.2294 7.4637e-01 1.6123e+03    197.942    14.4230    37.9842    28.4034 0.0000e+00
     99.000    14.4328     0.3091    97.2633 6.9683e-01 1.5330e+03    198.874    14.4178    37.9972    28.4146 0.0000e+00
    100.000    14.4264     0.3039    97.3356 6.5714e-01 1.5357e+03    201.218    14.4114    38.0102    28.4261 0.0000e+00
    101.000    14.4189     0.2918    97.3409 6.1893e-01 1.5797e+03    202.710    14.4037    38.0200    28.4353 0.0000e+00
    102.000    14.4058     0.2863    97.3443 5.9094e-01 1.5873e+03    203.035    14.3904    38.0301    28.4461 0.0000e+00
    103.000    14.3887     0.2882    97.3449 5.6732e-01 1.4786e+03    203.356    14.3731    38.0378    28.4559 0.0000e+00
    104.000    14.3708     0.2819    97.4084 5.3528e-01 1.7041e+03    203.120    14.3552    38.0468    28.4667 0.0000e+00
    105.000    14.3636     0.2857    97.4325 4.9779e-01 1.6953e+03    202.683    14.3478    38.0504    28.4711 0.0000e+00
    106.000    14.3586     0.2846    97.4286 4.5715e-01 1.4703e+03    202.011    14.3426    38.0521    28.4736 0.0000e+00
    107.000    14.3231     0.2811    97.5357 4.3001e-01 1.5756e+03    201.137    14.3070    38.0655    28.4918 0.0000e+00
    108.000    14.2906     0.2712    97.5483 3.9619e-01 1.5678e+03    199.833    14.2744    38.0733    28.5049 0.0000e+00
    109.000    14.2694     0.2692    97.6082 3.6900e-01 1.5448e+03    198.248    14.2530    38.0821    28.5164 0.0000e+00
    110.000    14.2472     0.2563    97.6505 3.4418e-01 1.5252e+03    197.367    14.2308    38.0883    28.5261 0.0000e+00
    111.000    14.2345     0.2540    97.7069 3.2231e-01 1.5470e+03    197.623    14.2179    38.0926    28.5322 0.0000e+00
    112.000    14.2174     0.2514    97.6714 3.0532e-01 1.5368e+03    195.713    14.2007    38.0967    28.5392 0.0000e+00
    113.000    14.1927     0.2421    97.7450 2.9010e-01 1.5479e+03    193.231    14.1758    38.1044    28.5506 0.0000e+00
    114.000    14.1745     0.2385    97.7844 2.7629e-01 1.5276e+03    192.420    14.1575    38.1110    28.5596 0.0000e+00
    115.000    14.1641     0.2362    97.7978 2.6337e-01 1.4319e+03    192.454    14.1469    38.1148    28.5648 0.0000e+00
    116.000    14.1599     0.2321    97.7779 2.4832e-01 1.4314e+03    194.867    14.1426    38.1167    28.5673 0.0000e+00
    117.000    14.1487     0.2378    97.7933 2.2764e-01 1.5471e+03    195.332    14.1313    38.1220    28.5738 0.0000e+00
    118.000    14.1377     0.2324    97.7988 2.0844e-01 1.5572e+03    193.714    14.1201    38.1256    28.5791 0.0000e+00
    119.000    14.1185     0.2284    97.8292 1.9073e-01 1.5885e+03    190.029    14.1007    38.1296    28.5864 0.0000e+00
    120.000    14.1040     0.2236    97.8514 1.7302e-01 1.5352e+03    187.711    14.0861    38.1337    28.5927 0.0000e+00
    121.000    14.0926     0.2247    97.8604 1.5653e-01 1.4558e+03    187.009    14.0746    38.1377    28.5983 0.0000e+00
    122.000    14.0695     0.2340    97.8758 1.4786e-01 1.4214e+03    186.073    14.0514    38.1478    28.6112 0.0000e+00
    123.000    14.0627     0.2195    97.8841 1.4009e-01 1.4089e+03    186.179    14.0444    38.1505    28.6148 0.0000e+00
    124.000    14.0548     0.2135    97.8787 1.3257e-01 1.4079e+03    186.949    14.0363    38.1528    28.6183 0.0000e+00
    125.000    14.0384     0.2132    97.8888 1.2734e-01 1.3975e+03    188.936    14.0198    38.1574    28.6255 0.0000e+00
    126.000    14.0260     0.2166    97.8848 1.2245e-01 1.3809e+03    188.975    14.0073    38.1617    28.6315 0.0000e+00
    127.000    14.0201     0.2167    97.9092 1.1317e-01 1.3734e+03    188.600    14.0013    38.1631    28.6338 0.0000e+00
    128.000    14.0144     0.2170    97.9003 1.1031e-01 1.3634e+03    190.051    13.9954    38.1654    28.6369 0.0000e+00
    129.000    14.0110     0.2158    97.8983 1.0681e-01 1.3685e+03    190.946    13.9919    38.1682    28.6398 0.0000e+00
    130.000    14.0067     0.2209    97.8965 1.0218e-01 1.3667e+03    191.226    13.9874    38.1703    28.6424 0.0000e+00
    131.000    14.0047     0.2139    97.9128 9.5372e-02 1.3487e+03    190.959    13.9853    38.1716    28.6439 0.0000e+00
    132.000    14.0029     0.2081    97.9081 9.1350e-02 1.3673e+03    190.958    13.9833    38.1728    28.6453 0.0000e+00
    133.000    14.0000     0.2087    97.9165 8.8684e-02 1.3540e+03    191.451    13.9802    38.1739    28.6468 0.0000e+00
