Data/ruptures/PEACETIME/FAST/PEACETIME_FAST_CTD_089.cnv
* Sea-Bird SBE 9 Data File:
* FileName = C:\CTD\rawCTD\PEACETIME_ST10_CTD_089.hdr
* Software Version Seasave V 7.23.2
* Temperature SN = 1378
* Conductivity SN = 2929
* Number of Bytes Per Scan = 38
* Number of Voltage Words = 5
* Number of Scans Averaged by the Deck Unit = 1
* NMEA Latitude = 37 56.81 N
* NMEA Longitude = 002 54.96 E
* NMEA UTC (Time) = Jun 08 2017  20:39:28
* NMEA baud rate = 4800
** Cruise:   PEACETIME
** Station:   FAST_CTD_089
# nquan = 11
# nvalues = 997                         
# units = specified
# name 0 = prDM: Pressure, Digiquartz [db]
# name 1 = t090C: Temperature [ITS-90, deg C]
# name 2 = flC: Fluorescence, Chelsea Aqua 3 Chl Con [ug/l]
# name 3 = CStarTr0: Beam Transmission, WET Labs C-Star [%]
# name 4 = par: PAR/Irradiance, Biospherical/Licor
# name 5 = spar: SPAR/Surface Irradiance
# name 6 = sbeox0Mm/Kg: Oxygen, SBE 43 [umol/kg]
# name 7 = potemp090C: Potential Temperature [ITS-90, deg C]
# name 8 = sal00: Salinity, Practical [PSU]
# name 9 = sigma-é00: Density [sigma-theta, kg/m^3]
# name 10 = flag:
# span 0 =      4.000,   1000.000       
# span 1 =    13.1783,    21.6579       
# span 2 =     0.1685,     0.5026       
# span 3 =    94.8459,    98.2138       
# span 4 = -6.303e-05, 1.1284e-01       
# span 5 = 6.3263e-01, 4.4933e+00       
# span 6 =    152.200,    239.835       
# span 7 =    13.0317,    21.6568       
# span 8 =    36.9844,    38.5872       
# span 9 =    25.9128,    29.1066       
# span 10 = 0.0000e+00, 0.0000e+00      
# interval = decibars: 1                
# start_time = Jun 08 2017 20:39:28 [NMEA time, first data scan]
# bad_flag = -9.990e-29
*END*
[from data line 919]
    923.000    13.2000     0.1871    98.2028 3.1709e-05 2.1594e+00    167.269    13.0642    38.5149    29.1056 0.0000e+00
    924.000    13.1999     0.1864    98.1904 4.7177e-05 2.3182e+00    167.567    13.0639    38.5149    29.1057 0.0000e+00
    925.000    13.2000     0.1823    98.2026 2.4784e-04 1.9089e+00    167.465    13.0639    38.5150    29.1058 0.0000e+00
    926.000    13.2002     0.1861    98.2019 8.3531e-05 1.4441e+00    167.436    13.0640    38.5150    29.1058 0.0000e+00
    927.000    13.2004     0.1870    98.2058 2.1355e-06 2.1319e+00    167.486    13.0640    38.5148    29.1056 0.0000e+00
    928.000    13.2004     0.1789    98.2070 3.0261e-06 3.5008e+00    167.353    13.0639    38.5148    29.1056 0.0000e+00
    929.000    13.2007     0.1838    98.2072 -6.949e-08 2.7869e+00    167.119    13.0640    38.5148    29.1056 0.0000e+00
    930.000    13.2005     0.1811    98.1980 -9.990e-29 1.5034e+00    167.281    13.0637    38.5149    29.1058 0.0000e+00
    931.000    13.2005     0.1816    98.1996 -9.990e-29 2.2553e+00    167.684    13.0635    38.5148    29.1057 0.0000e+00
    932.000    13.2006     0.1827    98.2020 -9.990e-29 1.9601e+00    167.881    13.0634    38.5147    29.1057 0.0000e+00
    933.000    13.2004     0.1830    98.2000 -9.990e-29 2.0750e+00    167.677    13.0631    38.5147    29.1057 0.0000e+00
    934.000    13.2004     0.1825    98.2049 -9.990e-29 2.2226e+00    167.447    13.0629    38.5148    29.1058 0.0000e+00
    935.000    13.2014     0.1859    98.2036 -9.990e-29 1.9598e+00    167.526    13.0638    38.5150    29.1058 0.0000e+00
    936.000    13.2021     0.1846    98.1955 1.7781e-05 3.5693e+00    167.391    13.0643    38.5151    29.1058 0.0000e+00
    937.000    13.2022     0.1816    98.0410 8.4271e-04 1.9115e+00    167.768    13.0642    38.5151    29.1058 0.0000e+00
    938.000    13.2021     0.1816    98.2051 4.7218e-04 1.9781e+00    167.797    13.0640    38.5148    29.1056 0.0000e+00
    939.000    13.2008     0.1805    98.2013 1.0507e-04 2.0607e+00    167.915    13.0626    38.5146    29.1058 0.0000e+00
    940.000    13.2004     0.1792    98.2010 7.2053e-04 2.1457e+00    167.430    13.0621    38.5145    29.1058 0.0000e+00
    941.000    13.1996     0.1808    98.2027 5.0093e-04 1.8549e+00    167.418    13.0611    38.5142    29.1058 0.0000e+00
    942.000    13.1986     0.1821    98.2079 5.6231e-04 2.4577e+00    167.821    13.0599    38.5140    29.1058 0.0000e+00
    943.000    13.1978     0.1853    98.2081 1.3591e-03 2.5777e+00    168.090    13.0590    38.5139    29.1059 0.0000e+00
    944.000    13.1978     0.1859    98.2099 6.2854e-04 2.9663e+00    167.970    13.0588    38.5138    29.1059 0.0000e+00
    945.000    13.1979     0.1868    98.1907 1.7776e-04 2.1583e+00    167.838    13.0587    38.5137    29.1059 0.0000e+00
    946.000    13.1953     0.1893    98.2048 2.7413e-04 2.3005e+00    168.099    13.0561    38.5132    29.1060 0.0000e+00
    947.000    13.1940     0.1859    98.2055 1.6253e-04 3.2055e+00    168.157    13.0546    38.5128    29.1060 0.0000e+00
    948.000    13.1937     0.1822    98.2058 2.5528e-06 2.4709e+00    167.946    13.0542    38.5127    29.1061 0.0000e+00
    949.000    13.1939     0.1780    98.1978 1.7923e-04 2.3059e+00    168.105    13.0542    38.5126    29.1060 0.0000e+00
    950.000    13.1925     0.1822    98.2081 5.1084e-05 1.8174e+00    167.960    13.0527    38.5122    29.1060 0.0000e+00
    951.000    13.1902     0.1790    98.1999 5.1927e-05 2.6005e+00    168.151    13.0502    38.5119    29.1063 0.0000e+00
    952.000    13.1898     0.1803    98.2074 3.5203e-05 2.4397e+00    168.150    13.0497    38.5117    29.1062 0.0000e+00
    953.000    13.1896     0.1830    98.2134 3.4936e-05 2.1553e+00    168.116    13.0493    38.5116    29.1062 0.0000e+00
    954.000    13.1896     0.1805    98.2135 1.8984e-06 2.3326e+00    167.838    13.0492    38.5115    29.1061 0.0000e+00
    955.000    13.1895     0.1777    98.2135 -3.019e-08 2.2533e+00    167.899    13.0489    38.5116    29.1062 0.0000e+00
    956.000    13.1895     0.1802    98.2103 3.5181e-05 2.0790e+00    168.038    13.0488    38.5115    29.1062 0.0000e+00
    957.000    13.1895     0.1796    98.2052 2.2448e-04 2.4688e+00    168.266    13.0486    38.5112    29.1061 0.0000e+00
    958.000    13.1889     0.1789    98.2108 5.4009e-04 3.1828e+00    168.298    13.0478    38.5111    29.1061 0.0000e+00
    959.000    13.1890     0.1788    98.2053 2.9369e-04 2.0916e+00    168.467    13.0479    38.5111    29.1062 0.0000e+00
    960.000    13.1882     0.1811    98.2068 1.9755e-04 1.6204e+00    168.545    13.0468    38.5111    29.1063 0.0000e+00
    961.000    13.1871     0.1805    98.2061 2.0891e-05 2.8082e+00    168.504    13.0456    38.5107    29.1062 0.0000e+00
    962.000    13.1843     0.1760    98.2042 3.0985e-04 1.8626e+00    168.341    13.0427    38.5098    29.1062 0.0000e+00
    963.000    13.1829     0.1781    98.2108 3.0546e-05 1.7340e+00    168.126    13.0411    38.5094    29.1062 0.0000e+00
    964.000    13.1837     0.1780    98.2059 9.9328e-06 2.4385e+00    167.931    13.0418    38.5096    29.1062 0.0000e+00
    965.000    13.1830     0.1827    98.2082 4.5770e-06 2.2393e+00    168.279    13.0410    38.5094    29.1062 0.0000e+00
    966.000    13.1816     0.1784    98.2135 2.7366e-08 2.5269e+00    168.498    13.0394    38.5090    29.1062 0.0000e+00
    967.000    13.1807     0.1762    98.2135 1.0000e-12 2.1227e+00    168.300    13.0384    38.5087    29.1063 0.0000e+00
    968.000    13.1798     0.1794    98.2135 1.0000e-12 2.5913e+00    168.349    13.0373    38.5085    29.1063 0.0000e+00
    969.000    13.1792     0.1785    98.2101 1.0000e-12 2.6926e+00    168.491    13.0365    38.5083    29.1063 0.0000e+00
    970.000    13.1792     0.1800    98.2112 1.0000e-12 2.5332e+00    168.628    13.0364    38.5083    29.1063 0.0000e+00
    971.000    13.1791     0.1835    98.1995 4.4831e-06 1.9124e+00    168.750    13.0362    38.5082    29.1063 0.0000e+00
    972.000    13.1786     0.1820    98.2134 1.1841e-04 2.3673e+00    168.740    13.0355    38.5082    29.1064 0.0000e+00
    973.000    13.1783     0.1825    98.2084 2.3780e-04 2.7225e+00    168.601    13.0351    38.5080    29.1064 0.0000e+00
    974.000    13.1785     0.1800    98.2050 4.5324e-04 3.1400e+00    168.794    13.0351    38.5079    29.1063 0.0000e+00
    975.000    13.1787     0.1813    98.2096 2.9063e-04 2.1792e+00    168.426    13.0351    38.5081    29.1065 0.0000e+00
    976.000    13.1789     0.1806    98.2136 -9.990e-29 1.1895e+00    168.623    13.0352    38.5081    29.1064 0.0000e+00
    977.000    13.1789     0.1747    98.2135 -9.990e-29 2.4481e+00    168.664    13.0350    38.5081    29.1064 0.0000e+00
    978.000    13.1790     0.1790    98.2135 -9.990e-29 1.6973e+00    168.743    13.0350    38.5081    29.1065 0.0000e+00
    979.000    13.1791     0.1777    98.2135 -9.990e-29 2.5235e+00    168.576    13.0350    38.5080    29.1064 0.0000e+00
    980.000    13.1793     0.1834    98.2135 -9.990e-29 1.7705e+00    168.767    13.0350    38.5081    29.1065 0.0000e+00
    981.000    13.1792     0.1815    98.2135 -9.990e-29 2.8011e+00    168.588    13.0347    38.5081    29.1065 0.0000e+00
    982.000    13.1793     0.1800    98.2091 1.0000e-12 2.1543e+00    168.566    13.0347    38.5080    29.1065 0.0000e+00
    983.000    13.1793     0.1781    98.1931 1.0000e-12 2.4427e+00    168.834    13.0346    38.5080    29.1065 0.0000e+00
    984.000    13.1794     0.1813    98.2014 1.0000e-12 2.2071e+00    168.994    13.0345    38.5081    29.1065 0.0000e+00
    985.000    13.1795     0.1805    98.2092 1.0000e-12 3.3923e+00    168.781    13.0345    38.5080    29.1065 0.0000e+00
    986.000    13.1796     0.1817    98.2134 7.7362e-05 2.5234e+00    168.995    13.0343    38.5079    29.1064 0.0000e+00
    987.000    13.1795     0.1817    98.2135 1.5668e-04 2.3691e+00    168.675    13.0342    38.5078    29.1064 0.0000e+00
    988.000    13.1795     0.1785    98.2135 1.7073e-04 2.2745e+00    168.642    13.0340    38.5079    29.1065 0.0000e+00
    989.000    13.1797     0.1785    98.2135 1.5170e-04 2.5787e+00    168.876    13.0340    38.5079    29.1065 0.0000e+00
    990.000    13.1799     0.1790    98.2135 1.5040e-04 2.7088e+00    168.713    13.0341    38.5079    29.1065 0.0000e+00
    991.000    13.1800     0.1774    98.2135 2.2112e-04 2.7092e+00    168.590    13.0340    38.5078    29.1065 0.0000e+00
    992.000    13.1802     0.1788    98.2135 1.1416e-04 2.0047e+00    168.675    13.0340    38.5077    29.1063 0.0000e+00
    993.000    13.1802     0.1786    98.2135 -1.747e-06 2.3019e+00    168.539    13.0339    38.5079    29.1066 0.0000e+00
    994.000    13.1801     0.1757    98.2135 4.5626e-04 2.8088e+00    168.522    13.0337    38.5077    29.1065 0.0000e+00
    995.000    13.1800     0.1772    98.2071 3.0900e-04 2.7274e+00    168.776    13.0334    38.5076    29.1064 0.0000e+00
    996.000    13.1800     0.1824    98.2058 1.1590e-04 2.9685e+00    169.148    13.0332    38.5075    29.1064 0.0000e+00
    997.000    13.1797     0.1845    98.2135 5.1607e-05 2.1709e+00    168.984    13.0328    38.5076    29.1065 0.0000e+00
    998.000    13.1797     0.1795    98.2135 -9.990e-29 2.3728e+00    168.749    13.0326    38.5074    29.1065 0.0000e+00
    999.000    13.1801     0.1751    98.2135 -9.990e-29 2.1387e+00    168.843    13.0329    38.5075    29.1064 0.0000e+00
   1000.000    13.1791     0.1847    98.2135 1.0000e-12 2.1195e+00    168.973    13.0317    38.5071    29.1064 0.0000e+00
