Data/ruptures/PEACETIME/FAST/PEACETIME_FAST_CTD_073.cnv
* Sea-Bird SBE 9 Data File:
* FileName = C:\CTD\rawCTD\PEACETIME_FAST_CTD_073.hdr
* Software Version Seasave V 7.23.2
* Temperature SN = 1378
* Conductivity SN = 2929
* Number of Bytes Per Scan = 38
* Number of Voltage Words = 5
* Number of Scans Averaged by the Deck Unit = 1
* NMEA Latitude = 37 56.80 N
* NMEA Longitude = 002 55.01 E
* NMEA UTC (Time) = Jun 06 2017  02:02:57
* NMEA baud rate = 4800
** Cruise:   PEACETIME
** Station:   FAST_CTD_073
# nquan = 11
# nvalues = 201                         
# units = specified
# name 0 = prDM: Pressure, Digiquartz [db]
# name 1 = t090C: Temperature [ITS-90, deg C]
# name 2 = flC: Fluorescence, Chelsea Aqua 3 Chl Con [ug/l]
# name 3 = CStarTr0: Beam Transmission, WET Labs C-Star [%]
# name 4 = par: PAR/Irradiance, Biospherical/Licor
# name 5 = spar: SPAR/Surface Irradiance
# name 6 = sbeox0Mm/Kg: Oxygen, SBE 43 [umol/kg]
# name 7 = potemp090C: Potential Temperature [ITS-90, deg C]
# name 8 = sal00: Salinity, Practical [PSU]
# name 9 = sigma-é00: Density [sigma-theta, kg/m^3]
# name 10 = flag:
# span 0 =      2.000,    202.000       
# span 1 =    13.6765,    21.3708       
# span 2 =     0.1810,     0.5002       
# span 3 =    94.2394,    98.1810       
# span 4 = -2.086e-05, 1.4423e-01       
# span 5 = -2.741e+00, 4.6124e+00       
# span 6 =    177.774,    241.114       
# span 7 =    13.6479,    21.3697       
# span 8 =    37.0335,    38.3874       
# span 9 =    25.9667,    28.8829       
# span 10 = 0.0000e+00, 0.0000e+00      
# interval = decibars: 1                
# start_time = Jun 06 2017 02:04:33 [NMEA time, first data scan]
# bad_flag = -9.990e-29
*END*
      2.000    21.3520     0.1952    96.5974 1.6728e-02 -2.741e+00    207.977    21.3516    37.0640    25.9690 0.0000e+00
      3.000    21.3501     0.2002    96.7101 1.4423e-01 2.8757e+00    208.448    21.3495    37.0646    25.9700 0.0000e+00
      4.000    21.3643     0.2074    96.7901 9.6011e-02 4.3945e+00    209.247    21.3635    37.0666    25.9677 0.0000e+00
      5.000    21.3680     0.2040    96.7726 6.8400e-02 2.8869e+00    209.729    21.3671    37.0672    25.9671 0.0000e+00
      6.000    21.3708     0.1998    96.7956 5.4300e-02 2.7260e+00    209.644    21.3697    37.0676    25.9667 0.0000e+00
      7.000    21.3644     0.1973    96.8172 3.3375e-02 3.1705e+00    209.805    21.3630    37.0665    25.9677 0.0000e+00
      8.000    21.3617     0.2007    96.7706 1.8260e-02 3.0675e+00    210.760    21.3602    37.0667    25.9686 0.0000e+00
      9.000    21.2997     0.1992    96.7802 7.6617e-03 2.8387e+00    210.487    21.2979    37.0627    25.9829 0.0000e+00
     10.000    21.2758     0.2000    96.7429 7.5044e-03 3.7777e+00    210.780    21.2739    37.0611    25.9884 0.0000e+00
     11.000    21.2002     0.1947    96.7244 2.2170e-03 3.3023e+00    211.531    21.1981    37.0574    26.0065 0.0000e+00
     12.000    21.2050     0.1995    96.7193 7.3254e-04 2.9905e+00    211.004    21.2026    37.0589    26.0064 0.0000e+00
     13.000    21.0404     0.2046    96.6654 4.9114e-05 3.2257e+00    210.426    21.0379    37.0469    26.0427 0.0000e+00
     14.000    20.5956     0.2029    96.6531 -9.570e-07 3.2515e+00    214.043    20.5930    37.0550    26.1706 0.0000e+00
     15.000    20.5035     0.2022    96.7432 1.0000e-12 1.9428e+00    215.059    20.5007    37.0597    26.1992 0.0000e+00
     16.000    20.4778     0.2020    96.7838 1.0000e-12 3.9494e+00    215.753    20.4748    37.0596    26.2061 0.0000e+00
     17.000    20.4154     0.1970    96.8143 -9.990e-29 2.1616e+00    215.851    20.4122    37.0635    26.2260 0.0000e+00
     18.000    20.3216     0.1988    96.8830 -9.990e-29 3.0324e+00    216.159    20.3182    37.0643    26.2520 0.0000e+00
     19.000    20.2074     0.1978    96.9156 1.0000e-12 2.8809e+00    217.637    20.2039    37.0652    26.2835 0.0000e+00
     20.000    20.1684     0.1976    96.9215 1.0000e-12 3.0282e+00    217.680    20.1646    37.0677    26.2959 0.0000e+00
     21.000    20.0922     0.1983    96.8854 1.0000e-12 3.2108e+00    217.025    20.0883    37.0667    26.3156 0.0000e+00
     22.000    19.7988     0.2047    96.8029 1.0000e-12 2.3407e+00    219.893    19.7947    37.0721    26.3978 0.0000e+00
     23.000    19.5758     0.1998    96.7828 1.0000e-12 3.0633e+00    218.912    19.5716    37.0572    26.4452 0.0000e+00
     24.000    18.7706     0.1909    96.7781 1.0000e-12 2.7781e+00    227.256    18.7663    37.0335    26.6366 0.0000e+00
     25.000    18.7071     0.1948    96.8839 1.0000e-12 4.3049e+00    229.802    18.7026    37.0781    26.6870 0.0000e+00
     26.000    18.6742     0.1977    96.8848 1.0000e-12 4.6124e+00    229.455    18.6696    37.0870    26.7023 0.0000e+00
     27.000    18.5068     0.1924    96.9699 1.0000e-12 1.8992e+00    230.422    18.5020    37.1005    26.7554 0.0000e+00
     28.000    18.4695     0.1911    96.9848 1.0000e-12 3.7891e+00    230.572    18.4646    37.1298    26.7873 0.0000e+00
     29.000    18.3969     0.1938    96.9696 1.0000e-12 3.2439e+00    231.052    18.3917    37.1672    26.8345 0.0000e+00
     30.000    18.3438     0.2026    96.9788 1.0000e-12 3.5149e+00    232.210    18.3385    37.1910    26.8662 0.0000e+00
     31.000    18.4135     0.1966    96.9662 -9.990e-29 2.7744e+00    230.848    18.4080    37.1986    26.8544 0.0000e+00
     32.000    18.1261     0.2026    96.9213 1.0000e-12 2.6093e+00    230.066    18.1205    37.2503    26.9666 0.0000e+00
     33.000    18.0015     0.2027    96.8353 1.0000e-12 2.3107e+00    231.948    17.9958    37.2442    26.9931 0.0000e+00
     34.000    18.0549     0.2036    96.9069 1.0000e-12 3.5884e+00    231.890    18.0490    37.2458    26.9810 0.0000e+00
     35.000    17.7584     0.1973    96.8286 1.0000e-12 2.3663e+00    229.628    17.7524    37.2240    27.0382 0.0000e+00
     36.000    17.3824     0.2013    96.7764 1.0000e-12 2.6737e+00    233.669    17.3763    37.1785    27.0960 0.0000e+00
     37.000    17.3500     0.2030    96.7931 1.0000e-12 3.9452e+00    235.216    17.3437    37.1832    27.1077 0.0000e+00
     38.000    17.2317     0.2038    96.7866 1.0000e-12 2.8100e+00    236.428    17.2253    37.1714    27.1275 0.0000e+00
     39.000    17.1604     0.2003    96.7561 1.0000e-12 2.3819e+00    235.999    17.1538    37.1692    27.1431 0.0000e+00
     40.000    16.9862     0.2064    96.7195 -9.990e-29 2.2829e+00    236.789    16.9795    37.1695    27.1856 0.0000e+00
     41.000    16.9100     0.2087    96.7594 1.0000e-12 2.4744e+00    238.947    16.9031    37.1981    27.2260 0.0000e+00
     42.000    16.9148     0.2065    96.6643 1.0000e-12 3.7956e+00    237.946    16.9078    37.2807    27.2884 0.0000e+00
     43.000    16.8158     0.2054    96.8248 1.0000e-12 2.9224e+00    238.270    16.8087    37.2864    27.3166 0.0000e+00
     44.000    16.6123     0.2080    96.8054 1.0000e-12 3.0516e+00    238.237    16.6050    37.3089    27.3825 0.0000e+00
     45.000    16.3446     0.2114    96.7484 1.0000e-12 3.3987e+00    239.381    16.3372    37.3026    27.4412 0.0000e+00
     46.000    16.2213     0.2181    96.7259 1.0000e-12 2.8887e+00    239.657    16.2139    37.2937    27.4633 0.0000e+00
     47.000    16.0677     0.2200    96.7375 1.0000e-12 3.1916e+00    240.235    16.0602    37.2796    27.4885 0.0000e+00
     48.000    16.0551     0.2195    96.7155 1.0000e-12 3.6029e+00    241.114    16.0474    37.2915    27.5006 0.0000e+00
     49.000    16.0698     0.2170    96.7738 1.0000e-12 3.1734e+00    241.069    16.0619    37.3040    27.5069 0.0000e+00
     50.000    15.9551     0.2174    96.7638 1.0000e-12 4.5377e+00    237.951    15.9471    37.3074    27.5362 0.0000e+00
     51.000    15.8240     0.2251    96.6645 1.0000e-12 3.8482e+00    238.576    15.8159    37.3149    27.5724 0.0000e+00
     52.000    15.8141     0.2238    96.6717 1.0000e-12 3.7587e+00    240.036    15.8058    37.3167    27.5761 0.0000e+00
     53.000    15.7421     0.2245    96.6117 1.0000e-12 2.1635e+00    236.896    15.7337    37.3459    27.6152 0.0000e+00
     54.000    15.5925     0.2330    96.4516 1.0000e-12 2.3350e+00    238.012    15.5840    37.3529    27.6551 0.0000e+00
     55.000    15.6105     0.2353    96.5160 1.0000e-12 2.7082e+00    238.297    15.6018    37.3512    27.6497 0.0000e+00
     56.000    15.4942     0.2373    96.4007 1.0000e-12 2.9852e+00    237.276    15.4854    37.3654    27.6874 0.0000e+00
     57.000    15.4509     0.2499    96.0167 1.0000e-12 2.4329e+00    236.763    15.4419    37.4053    27.7280 0.0000e+00
     58.000    15.4036     0.2570    95.9734 1.0000e-12 3.1548e+00    237.948    15.3945    37.4144    27.7459 0.0000e+00
     59.000    15.3232     0.2652    95.5364 1.0000e-12 2.2234e+00    236.783    15.3140    37.4310    27.7770 0.0000e+00
     60.000    15.2727     0.2894    95.1937 1.0000e-12 3.7563e+00    236.571    15.2633    37.4519    27.8046 0.0000e+00
     61.000    15.2870     0.2960    95.3170 1.0000e-12 2.8920e+00    236.706    15.2775    37.4565    27.8049 0.0000e+00
     62.000    15.2502     0.2907    95.2808 1.0000e-12 2.6684e+00    232.671    15.2406    37.4721    27.8253 0.0000e+00
     63.000    15.1524     0.3075    95.0300 1.0000e-12 3.5360e+00    230.539    15.1426    37.5033    27.8715 0.0000e+00
     64.000    15.1411     0.3220    95.0087 1.0000e-12 3.2543e+00    231.031    15.1312    37.5086    27.8782 0.0000e+00
     65.000    15.1080     0.3172    95.0294 1.0000e-12 2.7243e+00    228.878    15.0980    37.5257    27.8989 0.0000e+00
     66.000    15.0375     0.3435    94.4183 1.0000e-12 2.8803e+00    226.395    15.0273    37.5538    27.9365 0.0000e+00
     67.000    15.0225     0.3699    94.2394 1.0000e-12 3.3062e+00    225.705    15.0122    37.5685    27.9512 0.0000e+00
     68.000    15.0812     0.5002    94.3602 1.0000e-12 2.6969e+00    227.786    15.0707    37.6110    27.9709 0.0000e+00
     69.000    15.1970     0.3965    95.5058 1.0000e-12 2.7201e+00    233.799    15.1863    37.6755    27.9946 0.0000e+00
     70.000    15.1764     0.3067    96.1581 1.0000e-12 2.1213e+00    232.511    15.1655    37.6935    28.0132 0.0000e+00
     71.000    15.1288     0.2758    96.5434 1.0000e-12 2.2906e+00    230.737    15.1178    37.7139    28.0397 0.0000e+00
     72.000    15.0609     0.2742    96.5290 1.0000e-12 3.9890e+00    229.616    15.0497    37.7144    28.0554 0.0000e+00
     73.000    15.0629     0.2760    96.5375 1.0000e-12 2.2486e+00    230.764    15.0516    37.7192    28.0588 0.0000e+00
     74.000    15.0731     0.2769    96.6982 1.0000e-12 3.2419e+00    229.983    15.0616    37.7548    28.0840 0.0000e+00
     75.000    14.9979     0.2794    96.4641 -9.990e-29 3.4902e+00    228.066    14.9864    37.7555    28.1015 0.0000e+00
     76.000    15.0058     0.2964    96.2091 1.0000e-12 2.5294e+00    229.212    14.9941    37.7757    28.1153 0.0000e+00
     77.000    15.0281     0.2811    96.5794 1.0000e-12 2.8409e+00    230.019    15.0162    37.7774    28.1117 0.0000e+00
     78.000    15.0169     0.2758    96.8747 1.0000e-12 3.4253e+00    229.926    15.0049    37.8147    28.1430 0.0000e+00
     79.000    14.9951     0.2705    96.9063 1.0000e-12 4.1240e+00    229.644    14.9829    37.8209    28.1527 0.0000e+00
     80.000    15.0029     0.2729    96.8239 1.0000e-12 2.9854e+00    228.635    14.9906    37.8158    28.1471 0.0000e+00
     81.000    14.9361     0.2791    96.8466 1.0000e-12 2.0527e+00    225.812    14.9237    37.8260    28.1699 0.0000e+00
     82.000    14.8826     0.2805    96.8600 1.0000e-12 2.8146e+00    225.120    14.8700    37.8309    28.1858 0.0000e+00
     83.000    14.8826     0.2704    96.8322 1.0000e-12 2.9352e+00    224.865    14.8698    37.8314    28.1862 0.0000e+00
     84.000    14.7857     0.2865    96.7439 1.0000e-12 2.8421e+00    219.061    14.7729    37.8297    28.2065 0.0000e+00
     85.000    14.7378     0.3111    96.4627 1.0000e-12 2.5708e+00    216.894    14.7249    37.8391    28.2245 0.0000e+00
     86.000    14.7587     0.3203    96.5422 1.0000e-12 2.5804e+00    218.788    14.7455    37.8507    28.2288 0.0000e+00
     87.000    14.7616     0.3053    96.8075 1.0000e-12 2.6179e+00    219.264    14.7483    37.8682    28.2418 0.0000e+00
     88.000    14.7048     0.2985    96.7775 1.0000e-12 3.1653e+00    215.269    14.6914    37.8739    28.2588 0.0000e+00
     89.000    14.6930     0.3242    96.7085 1.0000e-12 2.7957e+00    216.666    14.6794    37.8872    28.2717 0.0000e+00
     90.000    14.6910     0.3289    96.8607 1.0000e-12 2.7342e+00    218.121    14.6773    37.8941    28.2775 0.0000e+00
     91.000    14.6843     0.3075    97.1132 1.0000e-12 2.9189e+00    217.306    14.6704    37.9021    28.2853 0.0000e+00
     92.000    14.6464     0.2899    97.1949 1.0000e-12 4.4696e+00    215.597    14.6324    37.9180    28.3060 0.0000e+00
     93.000    14.6447     0.2845    97.1868 1.0000e-12 3.7837e+00    215.179    14.6305    37.9196    28.3076 0.0000e+00
     94.000    14.6159     0.2819    97.1745 1.0000e-12 2.3017e+00    212.676    14.6016    37.9262    28.3192 0.0000e+00
     95.000    14.5757     0.2852    97.1492 1.0000e-12 3.6306e+00    211.715    14.5613    37.9393    28.3382 0.0000e+00
     96.000    14.5760     0.2949    97.1552 1.0000e-12 2.9065e+00    211.494    14.5614    37.9438    28.3416 0.0000e+00
     97.000    14.5465     0.2970    97.1922 -9.990e-29 3.0686e+00    208.396    14.5318    37.9578    28.3590 0.0000e+00
     98.000    14.5156     0.2970    97.1900 1.0000e-12 2.5957e+00    208.418    14.5007    37.9714    28.3764 0.0000e+00
     99.000    14.5020     0.2937    97.1135 1.0000e-12 2.6471e+00    207.627    14.4871    37.9825    28.3880 0.0000e+00
    100.000    14.4695     0.3010    97.2270 1.0000e-12 3.4413e+00    206.566    14.4544    37.9984    28.4075 0.0000e+00
    101.000    14.4560     0.2966    97.2743 1.0000e-12 2.8674e+00    205.959    14.4408    38.0111    28.4203 0.0000e+00
    102.000    14.4400     0.2880    97.1550 1.0000e-12 2.9398e+00    205.971    14.4246    38.0255    28.4350 0.0000e+00
    103.000    14.4143     0.2819    97.2341 1.0000e-12 2.8588e+00    204.842    14.3987    38.0349    28.4480 0.0000e+00
    104.000    14.4031     0.2763    97.3102 1.0000e-12 2.9322e+00    204.267    14.3874    38.0389    28.4536 0.0000e+00
    105.000    14.3734     0.2784    97.3410 1.0000e-12 3.5662e+00    203.002    14.3575    38.0468    28.4662 0.0000e+00
    106.000    14.3542     0.2602    97.4296 1.0000e-12 2.6861e+00    202.482    14.3383    38.0537    28.4758 0.0000e+00
    107.000    14.3371     0.2546    97.4241 1.0000e-12 3.6558e+00    201.592    14.3210    38.0580    28.4829 0.0000e+00
    108.000    14.3328     0.2591    97.4364 1.0000e-12 2.3911e+00    200.875    14.3166    38.0586    28.4844 0.0000e+00
    109.000    14.3106     0.2580    97.4279 -9.990e-29 2.9578e+00    199.195    14.2942    38.0637    28.4932 0.0000e+00
    110.000    14.2931     0.2606    97.4904 1.0000e-12 2.4597e+00    199.336    14.2766    38.0696    28.5016 0.0000e+00
    111.000    14.2782     0.2561    97.5049 1.0000e-12 2.9851e+00    199.612    14.2615    38.0754    28.5094 0.0000e+00
    112.000    14.2970     0.2490    97.4614 1.0000e-12 4.2136e+00    199.051    14.2802    38.0699    28.5010 0.0000e+00
    113.000    14.2734     0.2434    97.5428 1.0000e-12 3.5026e+00    199.334    14.2564    38.0898    28.5216 0.0000e+00
    114.000    14.2507     0.2473    97.5624 1.0000e-12 3.2356e+00    199.202    14.2337    38.0963    28.5316 0.0000e+00
    115.000    14.2573     0.2500    97.5433 1.0000e-12 1.4809e+00    198.947    14.2400    38.0912    28.5263 0.0000e+00
    116.000    14.2070     0.2442    97.6578 1.0000e-12 3.5501e+00    197.906    14.1896    38.1059    28.5487 0.0000e+00
    117.000    14.2106     0.2367    97.6346 1.0000e-12 2.2660e+00    197.935    14.1931    38.1139    28.5541 0.0000e+00
    118.000    14.2078     0.2469    97.6492 1.0000e-12 3.4251e+00    196.770    14.1902    38.1193    28.5590 0.0000e+00
    119.000    14.1865     0.2446    97.7068 1.0000e-12 2.3695e+00    196.906    14.1688    38.1221    28.5658 0.0000e+00
    120.000    14.1525     0.2305    97.7217 1.0000e-12 2.1456e+00    195.189    14.1346    38.1228    28.5737 0.0000e+00
    121.000    14.1211     0.2235    97.7798 1.0000e-12 3.5365e+00    192.160    14.1030    38.1299    28.5861 0.0000e+00
    122.000    14.1029     0.2250    97.7752 1.0000e-12 3.4228e+00    190.605    14.0847    38.1356    28.5945 0.0000e+00
    123.000    14.0886     0.2255    97.8460 1.0000e-12 3.2441e+00    187.542    14.0703    38.1400    28.6010 0.0000e+00
    124.000    14.0690     0.2129    97.8741 1.0000e-12 3.1956e+00    186.670    14.0505    38.1483    28.6117 0.0000e+00
    125.000    14.0681     0.2143    97.8663 1.0000e-12 3.8952e+00    187.174    14.0495    38.1502    28.6135 0.0000e+00
    126.000    14.0754     0.2196    97.8491 1.0000e-12 3.4013e+00    188.030    14.0567    38.1467    28.6091 0.0000e+00
    127.000    14.0306     0.2149    97.8618 1.0000e-12 4.0371e+00    189.369    14.0117    38.1618    28.6306 0.0000e+00
    128.000    14.0158     0.2120    97.8858 1.0000e-12 3.3267e+00    189.979    13.9968    38.1671    28.6379 0.0000e+00
    129.000    14.0269     0.2102    97.8589 1.0000e-12 2.5447e+00    190.103    14.0077    38.1645    28.6335 0.0000e+00
    130.000    14.0124     0.2103    97.8874 -9.990e-29 2.9202e+00    191.522    13.9932    38.1690    28.6402 0.0000e+00
    131.000    13.9910     0.2041    97.8947 -9.990e-29 4.4573e+00    193.363    13.9715    38.1779    28.6518 0.0000e+00
    132.000    13.9965     0.2045    97.8924 1.0000e-12 2.6100e+00    193.399    13.9770    38.1808    28.6528 0.0000e+00
