Data/ruptures/PEACETIME/FAST/PEACETIME_FAST_CTD_065.cnv
* Sea-Bird SBE 9 Data File:
* FileName = C:\CTD\rawCTD\PEACETIME_FAST_CTD_065.hdr
* Software Version Seasave V 7.23.2
* Temperature SN = 1378
* Conductivity SN = 2929
* Number of Bytes Per Scan = 38
* Number of Voltage Words = 5
* Number of Scans Averaged by the Deck Unit = 1
* NMEA Latitude = 37 56.81 N
* NMEA Longitude = 002 54.98 E
* NMEA UTC (Time) = Jun 05 2017  02:44:50
* NMEA baud rate = 4800
** Cruise:   PEACETIME
** Station:   FAST_CTD_065
# nquan = 11
# nvalues = 504                         
# units = specified
# name 0 = prDM: Pressure, Digiquartz [db]
# name 1 = t090C: Temperature [ITS-90, deg C]
# name 2 = flC: Fluorescence, Chelsea Aqua 3 Chl Con [ug/l]
# name 3 = CStarTr0: Beam Transmission, WET Labs C-Star [%]
# name 4 = par: PAR/Irradiance, Biospherical/Licor
# name 5 = spar: SPAR/Surface Irradiance
# name 6 = sbeox0Mm/Kg: Oxygen, SBE 43 [umol/kg]
# name 7 = potemp090C: Potential Temperature [ITS-90, deg C]
# name 8 = sal00: Salinity, Practical [PSU]
# name 9 = sigma-é00: Density [sigma-theta, kg/m^3]
# name 10 = flag:
# span 0 =      1.000,    504.000       
# span 1 =    13.4109,    21.3780       
# span 2 =     0.1820,     0.4758       
# span 3 =    94.1593,    98.2915       
# span 4 = -2.230e-05, 2.7320e-01       
# span 5 = 1.4284e+00, 5.3548e+00       
# span 6 =    152.497,    239.190       
# span 7 =    13.3370,    21.3778       
# span 8 =    36.9858,    38.5934       
# span 9 =    25.9477,    29.0912       
# span 10 = 0.0000e+00, 0.0000e+00      
# interval = decibars: 1                
# start_time = Jun 05 2017 02:44:51 [NMEA time, first data scan]
# bad_flag = -9.990e-29
*END*
[from data line 263]
    264.000    13.6140     0.1846    98.2527 4.3399e-04 3.7962e+00    160.266    13.5753    38.5076    28.9923 0.0000e+00
    265.000    13.6132     0.1891    98.2631 3.9310e-04 3.0983e+00    160.106    13.5743    38.5077    28.9925 0.0000e+00
    266.000    13.6119     0.1901    98.2614 5.5260e-06 3.3251e+00    160.428    13.5729    38.5080    28.9931 0.0000e+00
    267.000    13.6115     0.1961    98.2624 3.1836e-04 4.7213e+00    160.279    13.5723    38.5087    28.9937 0.0000e+00
    268.000    13.6122     0.2012    98.2533 6.5305e-04 2.0758e+00    159.634    13.5729    38.5103    28.9948 0.0000e+00
    269.000    13.6141     0.2000    98.2630 2.8847e-04 1.8183e+00    159.238    13.5746    38.5131    28.9967 0.0000e+00
    270.000    13.6145     0.1941    98.2615 4.9432e-04 2.9353e+00    159.085    13.5749    38.5146    28.9977 0.0000e+00
    271.000    13.6152     0.1953 -9.990e-29 5.1027e-04 2.7136e+00    158.904    13.5754    38.5153    28.9982 0.0000e+00
    272.000    13.6158     0.1902 -9.990e-29 2.4834e-04 2.0078e+00    158.581    13.5759    38.5172    28.9996 0.0000e+00
    273.000    13.6183     0.1849 -9.990e-29 -3.890e-06 3.4468e+00    158.674    13.5782    38.5207    29.0018 0.0000e+00
    274.000    13.6186     0.1919    98.2590 7.3316e-05 2.7717e+00    158.803    13.5783    38.5223    29.0030 0.0000e+00
    275.000    13.6238     0.1915    98.2635 1.3185e-04 1.9473e+00    157.794    13.5834    38.5269    29.0055 0.0000e+00
    276.000    13.6340     0.1953    98.2591 9.9215e-05 3.6726e+00    158.076    13.5934    38.5322    29.0074 0.0000e+00
    277.000    13.6347     0.1927    98.2669 -9.990e-29 2.8578e+00    157.820    13.5940    38.5336    29.0084 0.0000e+00
    278.000    13.6349     0.1894    98.2597 -9.990e-29 2.9671e+00    157.675    13.5941    38.5352    29.0096 0.0000e+00
    279.000    13.6393     0.1919    98.2558 7.7557e-06 2.1959e+00    157.242    13.5983    38.5403    29.0127 0.0000e+00
    280.000    13.6409     0.1903    98.2589 1.9591e-05 4.6210e+00    157.382    13.5997    38.5417    29.0135 0.0000e+00
    281.000    13.6413     0.1927    98.2612 6.1393e-04 2.2408e+00    157.188    13.6000    38.5423    29.0139 0.0000e+00
    282.000    13.6405     0.1922 -9.990e-29 5.3360e-04 2.5706e+00    156.324    13.5991    38.5434    29.0150 0.0000e+00
    283.000    13.6357     0.1944 -9.990e-29 4.5337e-04 3.7426e+00    156.389    13.5941    38.5443    29.0167 0.0000e+00
    284.000    13.6374     0.1877 -9.990e-29 3.5894e-04 3.7674e+00    156.757    13.5956    38.5465    29.0181 0.0000e+00
    285.000    13.6383     0.1885    98.2684 8.3456e-04 3.4336e+00    156.497    13.5964    38.5474    29.0186 0.0000e+00
    286.000    13.6389     0.1936    98.2726 1.3565e-03 3.5458e+00    156.513    13.5968    38.5481    29.0191 0.0000e+00
    287.000    13.6390     0.1924    98.2707 3.8687e-04 3.7198e+00    156.184    13.5968    38.5486    29.0194 0.0000e+00
    288.000    13.6392     0.1976 -9.990e-29 2.8705e-04 3.7425e+00    156.680    13.5968    38.5488    29.0196 0.0000e+00
    289.000    13.6394     0.1975    98.2655 9.3071e-04 3.1461e+00    156.330    13.5969    38.5492    29.0199 0.0000e+00
    290.000    13.6389     0.1925    98.2648 4.5705e-04 3.5022e+00    156.034    13.5963    38.5502    29.0208 0.0000e+00
    291.000    13.6387     0.1926    98.2663 5.2828e-04 2.5468e+00    156.229    13.5959    38.5509    29.0215 0.0000e+00
    292.000    13.6391     0.1870    98.2655 1.0143e-04 2.9940e+00    156.276    13.5962    38.5517    29.0220 0.0000e+00
    293.000    13.6355     0.1858    98.2675 7.3287e-05 3.7929e+00    156.169    13.5924    38.5539    29.0245 0.0000e+00
    294.000    13.6339     0.1838    98.2570 3.0837e-05 2.7488e+00    155.829    13.5906    38.5544    29.0253 0.0000e+00
    295.000    13.6333     0.1869    98.2709 7.8383e-05 4.0033e+00    155.844    13.5899    38.5548    29.0257 0.0000e+00
    296.000    13.6329     0.1984 -9.990e-29 3.5524e-06 2.6058e+00    155.512    13.5894    38.5554    29.0263 0.0000e+00
    297.000    13.6328     0.1912 -9.990e-29 3.7533e-05 3.1955e+00    155.533    13.5891    38.5559    29.0267 0.0000e+00
    298.000    13.6328     0.1945 -9.990e-29 4.8123e-04 2.2683e+00    155.382    13.5889    38.5564    29.0272 0.0000e+00
    299.000    13.6326     0.1923 -9.990e-29 7.0979e-04 2.7636e+00    155.373    13.5886    38.5570    29.0277 0.0000e+00
    300.000    13.6326     0.1820 -9.990e-29 1.1142e-03 1.8543e+00    155.539    13.5885    38.5582    29.0287 0.0000e+00
    301.000    13.6332     0.1913 -9.990e-29 1.5948e-03 2.0852e+00    155.392    13.5889    38.5613    29.0310 0.0000e+00
    302.000    13.6362     0.1959 -9.990e-29 1.4945e-03 2.0658e+00    155.133    13.5918    38.5643    29.0327 0.0000e+00
    303.000    13.6381     0.1905 -9.990e-29 4.7105e-04 3.1217e+00    155.211    13.5935    38.5657    29.0334 0.0000e+00
    304.000    13.6395     0.1934 -9.990e-29 1.7859e-04 3.2191e+00    155.215    13.5947    38.5668    29.0340 0.0000e+00
    305.000    13.6398     0.2013 -9.990e-29 1.1504e-03 3.1117e+00    155.029    13.5949    38.5674    29.0344 0.0000e+00
    306.000    13.6404     0.2004 -9.990e-29 2.3004e-03 3.1490e+00    154.850    13.5953    38.5682    29.0350 0.0000e+00
    307.000    13.6412     0.1956 -9.990e-29 1.5524e-03 3.0992e+00    155.197    13.5960    38.5686    29.0351 0.0000e+00
    308.000    13.6447     0.1949    98.2454 8.4487e-04 3.5432e+00    155.076    13.5994    38.5704    29.0358 0.0000e+00
    309.000    13.6461     0.1894    98.2687 1.3582e-03 3.4180e+00    154.841    13.6006    38.5716    29.0365 0.0000e+00
    310.000    13.6461     0.1868    98.2675 1.8890e-04 2.9773e+00    154.901    13.6004    38.5726    29.0373 0.0000e+00
    311.000    13.6457     0.1889    98.2724 8.0176e-04 2.3588e+00    154.952    13.5999    38.5730    29.0377 0.0000e+00
    312.000    13.6460     0.1934    98.2731 2.4233e-03 1.9399e+00    155.051    13.6000    38.5741    29.0385 0.0000e+00
    313.000    13.6471     0.1933    98.2748 5.8399e-04 3.2132e+00    155.059    13.6009    38.5754    29.0394 0.0000e+00
    314.000    13.6487     0.1919    98.2703 8.1580e-04 2.6429e+00    154.544    13.6024    38.5773    29.0405 0.0000e+00
    315.000    13.6485     0.1957    98.2644 1.1433e-03 2.6234e+00    154.421    13.6021    38.5781    29.0412 0.0000e+00
    316.000    13.6457     0.1965    98.2798 1.6296e-03 3.1670e+00    154.441    13.5991    38.5789    29.0424 0.0000e+00
    317.000    13.6413     0.1875    98.2718 3.5099e-05 2.2181e+00    154.461    13.5946    38.5810    29.0451 0.0000e+00
    318.000    13.6394     0.1921    98.2766 7.2998e-04 3.1809e+00    153.872    13.5926    38.5830    29.0470 0.0000e+00
    319.000    13.6364     0.1922    98.2699 1.3982e-03 3.9054e+00    154.202    13.5894    38.5833    29.0479 0.0000e+00
    320.000    13.6355     0.1873    98.2710 2.1715e-04 2.3309e+00    154.012    13.5883    38.5834    29.0483 0.0000e+00
    321.000    13.6346     0.1916    98.2723 6.6044e-04 3.3557e+00    153.549    13.5873    38.5833    29.0484 0.0000e+00
    322.000    13.6336     0.1924    98.2724 4.7903e-04 2.7186e+00    154.015    13.5862    38.5832    29.0485 0.0000e+00
    323.000    13.6332     0.1966    98.2747 7.0350e-04 3.6649e+00    153.965    13.5856    38.5832    29.0487 0.0000e+00
    324.000    13.6331     0.1938    98.2725 4.5716e-04 2.5648e+00    153.901    13.5853    38.5831    29.0487 0.0000e+00
    325.000    13.6332     0.1957    98.2744 2.2960e-03 3.5622e+00    154.325    13.5853    38.5834    29.0489 0.0000e+00
    326.000    13.6332     0.1959    98.2780 5.2357e-04 3.1282e+00    154.123    13.5852    38.5834    29.0489 0.0000e+00
    327.000    13.6323     0.1950    98.2734 7.0925e-04 3.4887e+00    154.219    13.5841    38.5833    29.0491 0.0000e+00
    328.000    13.6312     0.1961    98.2711 3.4873e-04 1.7347e+00    153.982    13.5828    38.5832    29.0493 0.0000e+00
    329.000    13.6306     0.2035    98.2722 1.9368e-03 2.1493e+00    153.612    13.5821    38.5831    29.0493 0.0000e+00
    330.000    13.6311     0.1979    98.2767 2.7431e-03 2.3267e+00    154.170    13.5825    38.5832    29.0493 0.0000e+00
    331.000    13.6314     0.1870    98.2690 2.9181e-03 2.9157e+00    153.824    13.5826    38.5833    29.0493 0.0000e+00
    332.000    13.6309     0.1867    98.2766 2.2807e-03 3.4878e+00    153.816    13.5820    38.5832    29.0494 0.0000e+00
    333.000    13.6302     0.1889    98.2799 8.4768e-04 3.1759e+00    153.671    13.5811    38.5835    29.0499 0.0000e+00
    334.000    13.6280     0.1918    98.2757 1.4913e-03 3.0239e+00    153.872    13.5788    38.5838    29.0506 0.0000e+00
    335.000    13.6238     0.1912    98.2731 2.6596e-04 2.0535e+00    153.858    13.5745    38.5834    29.0512 0.0000e+00
    336.000    13.6214     0.1950    98.2691 1.0312e-03 3.4604e+00    153.816    13.5719    38.5832    29.0516 0.0000e+00
    337.000    13.6204     0.1900    98.2735 1.5014e-03 2.6648e+00    153.858    13.5708    38.5832    29.0519 0.0000e+00
    338.000    13.6204     0.1896    98.2701 3.1896e-03 2.2418e+00    153.450    13.5706    38.5838    29.0523 0.0000e+00
    339.000    13.6214     0.1947    98.2694 2.2633e-03 2.4387e+00    153.303    13.5715    38.5844    29.0526 0.0000e+00
    340.000    13.6209     0.1873    98.2763 2.8286e-03 3.8561e+00    153.466    13.5709    38.5850    29.0532 0.0000e+00
    341.000    13.6201     0.1866    98.2743 3.2066e-03 2.7268e+00    153.405    13.5699    38.5850    29.0534 0.0000e+00
    342.000    13.6189     0.1865    98.2683 2.8540e-03 4.0957e+00    153.507    13.5686    38.5850    29.0537 0.0000e+00
    343.000    13.6176     0.1879    98.2650 3.7981e-03 2.3142e+00    153.599    13.5671    38.5850    29.0540 0.0000e+00
    344.000    13.6163     0.1909    98.2793 2.2108e-03 2.5900e+00    153.763    13.5657    38.5853    29.0545 0.0000e+00
    345.000    13.6156     0.1891    98.2674 2.2106e-03 3.1088e+00    153.572    13.5648    38.5854    29.0548 0.0000e+00
    346.000    13.6152     0.1901    98.2779 3.5727e-03 3.8604e+00    153.343    13.5642    38.5855    29.0550 0.0000e+00
    347.000    13.6146     0.1874    98.2749 1.9101e-03 2.6351e+00    153.216    13.5635    38.5856    29.0552 0.0000e+00
    348.000    13.6138     0.1898    98.2707 7.6319e-04 2.9281e+00    153.206    13.5625    38.5853    29.0552 0.0000e+00
    349.000    13.6127     0.1889    98.2697 2.2465e-03 2.4366e+00    153.442    13.5613    38.5851    29.0553 0.0000e+00
    350.000    13.6117     0.1889    98.2695 1.8843e-03 2.8751e+00    153.064    13.5602    38.5850    29.0555 0.0000e+00
    351.000    13.6117     0.1900    98.2611 7.8852e-04 3.5120e+00    153.364    13.5600    38.5850    29.0555 0.0000e+00
    352.000    13.6115     0.1880 -9.990e-29 1.2820e-03 3.0926e+00    152.873    13.5597    38.5850    29.0555 0.0000e+00
    353.000    13.6090     0.1921    98.2754 6.3495e-04 2.8196e+00    153.215    13.5570    38.5854    29.0564 0.0000e+00
    354.000    13.6074     0.1937    98.2742 1.2889e-03 4.0264e+00    153.230    13.5552    38.5862    29.0575 0.0000e+00
    355.000    13.6074     0.1892    98.2723 6.3892e-04 2.8467e+00    153.389    13.5551    38.5871    29.0582 0.0000e+00
    356.000    13.6075     0.1923    98.2636 -2.230e-05 2.8298e+00    153.702    13.5550    38.5874    29.0584 0.0000e+00
    357.000    13.6076     0.1917    98.2764 1.4036e-04 2.9984e+00    153.477    13.5550    38.5877    29.0587 0.0000e+00
    358.000    13.6085     0.1924    98.2762 1.0233e-03 2.1502e+00    153.511    13.5558    38.5882    29.0589 0.0000e+00
    359.000    13.6091     0.1901    98.2772 1.7476e-03 2.6784e+00    153.012    13.5562    38.5889    29.0594 0.0000e+00
    360.000    13.6101     0.1880    98.2807 1.2254e-03 3.2303e+00    153.090    13.5571    38.5898    29.0599 0.0000e+00
    361.000    13.6104     0.1879    98.2856 4.7528e-04 2.3423e+00    153.008    13.5572    38.5903    29.0602 0.0000e+00
    362.000    13.6094     0.1876    98.2746 7.0068e-04 2.3080e+00    152.916    13.5560    38.5903    29.0605 0.0000e+00
    363.000    13.6072     0.1878    98.2756 1.6363e-04 2.8458e+00    153.276    13.5537    38.5904    29.0611 0.0000e+00
    364.000    13.6065     0.1884    98.2711 3.6213e-04 3.0920e+00    153.475    13.5529    38.5906    29.0614 0.0000e+00
    365.000    13.6060     0.1921    98.2829 4.7497e-04 2.9455e+00    152.761    13.5523    38.5912    29.0620 0.0000e+00
    366.000    13.6058     0.1906    98.2824 8.1494e-04 2.6525e+00    153.235    13.5519    38.5913    29.0621 0.0000e+00
    367.000    13.6054     0.1916    98.2879 2.6293e-04 2.4555e+00    153.031    13.5513    38.5914    29.0623 0.0000e+00
    368.000    13.6050     0.1852    98.2777 2.4825e-04 2.9383e+00    153.271    13.5508    38.5914    29.0624 0.0000e+00
    369.000    13.6039     0.1871    98.2772 3.5477e-04 3.3285e+00    153.374    13.5496    38.5916    29.0629 0.0000e+00
    370.000    13.6029     0.1914    98.2808 1.2949e-03 3.8669e+00    153.430    13.5484    38.5919    29.0634 0.0000e+00
    371.000    13.6025     0.1934    98.2870 2.2806e-04 2.7309e+00    152.985    13.5479    38.5920    29.0635 0.0000e+00
    372.000    13.6007     0.1846    98.2864 1.0060e-04 3.0722e+00    153.188    13.5459    38.5921    29.0640 0.0000e+00
    373.000    13.5997     0.1909    98.2842 8.1060e-06 3.3920e+00    152.954    13.5447    38.5923    29.0644 0.0000e+00
    374.000    13.5972     0.1889    98.2872 -6.151e-08 3.9533e+00    152.942    13.5422    38.5920    29.0647 0.0000e+00
    375.000    13.5951     0.1893    98.2790 2.1454e-04 2.9608e+00    153.256    13.5399    38.5920    29.0653 0.0000e+00
    376.000    13.5950     0.1946    98.2898 3.6398e-04 3.9869e+00    153.053    13.5397    38.5920    29.0653 0.0000e+00
    377.000    13.5937     0.1922    98.2862 3.0065e-04 2.2456e+00    152.696    13.5382    38.5918    29.0655 0.0000e+00
    378.000    13.5928     0.1893 -9.990e-29 4.6130e-05 2.5600e+00    153.204    13.5371    38.5918    29.0657 0.0000e+00
    379.000    13.5918     0.1886    98.2859 1.0750e-04 2.1821e+00    152.989    13.5360    38.5920    29.0661 0.0000e+00
    380.000    13.5904     0.1881    98.2847 -9.990e-29 2.9813e+00    152.853    13.5345    38.5927    29.0669 0.0000e+00
    381.000    13.5900     0.1888    98.2885 1.0000e-12 2.9259e+00    153.108    13.5339    38.5928    29.0671 0.0000e+00
    382.000    13.5898     0.1915 -9.990e-29 7.7081e-06 2.5768e+00    152.563    13.5335    38.5930    29.0674 0.0000e+00
    383.000    13.5896     0.1912 -9.990e-29 2.1385e-05 2.4086e+00    152.939    13.5332    38.5931    29.0675 0.0000e+00
    384.000    13.5873     0.1913 -9.990e-29 1.2893e-03 3.1624e+00    152.932    13.5307    38.5934    29.0683 0.0000e+00
    385.000    13.5858     0.1885 -9.990e-29 1.1709e-03 4.0800e+00    153.278    13.5291    38.5934    29.0686 0.0000e+00
    386.000    13.5853     0.1898 -9.990e-29 2.4120e-03 3.2836e+00    152.618    13.5285    38.5932    29.0686 0.0000e+00
    387.000    13.5850     0.1921    98.2915 1.7037e-03 3.2510e+00    152.580    13.5280    38.5931    29.0686 0.0000e+00
    388.000    13.5840     0.1888    98.2865 1.0522e-03 3.6488e+00    152.782    13.5269    38.5931    29.0688 0.0000e+00
    389.000    13.5830     0.1940    98.2850 1.0609e-03 2.9101e+00    152.502    13.5257    38.5930    29.0690 0.0000e+00
    390.000    13.5793     0.1915 -9.990e-29 1.0307e-03 3.4587e+00    153.016    13.5219    38.5924    29.0694 0.0000e+00
    391.000    13.5773     0.1942 -9.990e-29 1.1375e-03 3.1816e+00    152.497    13.5197    38.5921    29.0696 0.0000e+00
    392.000    13.5671     0.1876 -9.990e-29 4.1917e-04 3.0582e+00    152.596    13.5095    38.5903    29.0704 0.0000e+00
    393.000    13.5628     0.1869 -9.990e-29 1.0991e-03 3.5748e+00    152.531    13.5049    38.5895    29.0707 0.0000e+00
