Data/ruptures/PEACETIME/FAST/PEACETIME_FAST_CTD_065.cnv
* Sea-Bird SBE 9 Data File:
* FileName = C:\CTD\rawCTD\PEACETIME_FAST_CTD_065.hdr
* Software Version Seasave V 7.23.2
* Temperature SN = 1378
* Conductivity SN = 2929
* Number of Bytes Per Scan = 38
* Number of Voltage Words = 5
* Number of Scans Averaged by the Deck Unit = 1
* NMEA Latitude = 37 56.81 N
* NMEA Longitude = 002 54.98 E
* NMEA UTC (Time) = Jun 05 2017  02:44:50
* NMEA baud rate = 4800
** Cruise:   PEACETIME
** Station:   FAST_CTD_065
# nquan = 11
# nvalues = 504                         
# units = specified
# name 0 = prDM: Pressure, Digiquartz [db]
# name 1 = t090C: Temperature [ITS-90, deg C]
# name 2 = flC: Fluorescence, Chelsea Aqua 3 Chl Con [ug/l]
# name 3 = CStarTr0: Beam Transmission, WET Labs C-Star [%]
# name 4 = par: PAR/Irradiance, Biospherical/Licor
# name 5 = spar: SPAR/Surface Irradiance
# name 6 = sbeox0Mm/Kg: Oxygen, SBE 43 [umol/kg]
# name 7 = potemp090C: Potential Temperature [ITS-90, deg C]
# name 8 = sal00: Salinity, Practical [PSU]
# name 9 = sigma-é00: Density [sigma-theta, kg/m^3]
# name 10 = flag:
# span 0 =      1.000,    504.000       
# span 1 =    13.4109,    21.3780       
# span 2 =     0.1820,     0.4758       
# span 3 =    94.1593,    98.2915       
# span 4 = -2.230e-05, 2.7320e-01       
# span 5 = 1.4284e+00, 5.3548e+00       
# span 6 =    152.497,    239.190       
# span 7 =    13.3370,    21.3778       
# span 8 =    36.9858,    38.5934       
# span 9 =    25.9477,    29.0912       
# span 10 = 0.0000e+00, 0.0000e+00      
# interval = decibars: 1                
# start_time = Jun 05 2017 02:44:51 [NMEA time, first data scan]
# bad_flag = -9.990e-29
*END*
[from data line 394]
    395.000    13.5555     0.1923 -9.990e-29 1.0608e-03 2.5176e+00    152.733    13.4974    38.5883    29.0714 0.0000e+00
    396.000    13.5500     0.1963 -9.990e-29 1.0900e-03 3.3000e+00    152.919    13.4917    38.5869    29.0716 0.0000e+00
    397.000    13.5456     0.1906 -9.990e-29 1.3951e-04 2.9800e+00    152.904    13.4873    38.5862    29.0720 0.0000e+00
    398.000    13.5449     0.1911 -9.990e-29 1.1086e-03 3.5868e+00    152.674    13.4863    38.5861    29.0721 0.0000e+00
    399.000    13.5440     0.1902 -9.990e-29 2.8538e-04 3.2193e+00    152.921    13.4854    38.5858    29.0720 0.0000e+00
    400.000    13.5416     0.1897    98.2847 9.7577e-04 1.8145e+00    152.785    13.4828    38.5855    29.0723 0.0000e+00
    401.000    13.5398     0.1893    98.2844 1.5354e-03 2.3353e+00    152.728    13.4808    38.5852    29.0725 0.0000e+00
    402.000    13.5387     0.1866    98.2843 2.5610e-03 2.4882e+00    152.624    13.4796    38.5850    29.0726 0.0000e+00
    403.000    13.5371     0.1859 -9.990e-29 2.2161e-03 2.3044e+00    153.035    13.4778    38.5847    29.0728 0.0000e+00
    404.000    13.5352     0.1875    98.2876 2.8556e-04 2.9830e+00    152.756    13.4758    38.5847    29.0732 0.0000e+00
    405.000    13.5311     0.1933    98.2776 7.1648e-05 2.6731e+00    152.711    13.4716    38.5841    29.0736 0.0000e+00
    406.000    13.5277     0.1934    98.2850 2.8040e-04 3.3413e+00    152.725    13.4680    38.5837    29.0741 0.0000e+00
    407.000    13.5273     0.1934    98.2798 8.6255e-04 2.6783e+00    152.744    13.4674    38.5841    29.0745 0.0000e+00
    408.000    13.5280     0.1938    98.2849 3.6613e-04 2.5934e+00    152.786    13.4680    38.5848    29.0749 0.0000e+00
    409.000    13.5286     0.1930    98.2832 8.8673e-04 3.3888e+00    152.911    13.4685    38.5849    29.0749 0.0000e+00
    410.000    13.5333     0.1879    98.2858 1.3643e-03 2.4798e+00    152.733    13.4730    38.5872    29.0758 0.0000e+00
    411.000    13.5346     0.1892    98.2873 2.0152e-03 3.4588e+00    152.903    13.4742    38.5874    29.0757 0.0000e+00
    412.000    13.5344     0.1820    98.2859 3.8461e-03 4.2198e+00    153.354    13.4738    38.5874    29.0757 0.0000e+00
    413.000    13.5336     0.1900    98.2813 2.5144e-03 4.0650e+00    153.095    13.4729    38.5880    29.0764 0.0000e+00
    414.000    13.5333     0.1910    98.2845 1.7450e-03 2.0005e+00    152.881    13.4724    38.5881    29.0766 0.0000e+00
    415.000    13.5315     0.1952    98.2894 2.3072e-03 1.9076e+00    152.903    13.4705    38.5879    29.0768 0.0000e+00
    416.000    13.5304     0.2011    98.2795 2.0335e-03 3.4779e+00    153.079    13.4692    38.5878    29.0770 0.0000e+00
    417.000    13.5301     0.1940    98.2790 1.8364e-03 2.8519e+00    152.961    13.4688    38.5878    29.0771 0.0000e+00
    418.000    13.5292     0.1951    98.2860 3.8293e-04 2.7176e+00    153.444    13.4677    38.5877    29.0773 0.0000e+00
    419.000    13.5285     0.1946    98.2842 3.6394e-04 3.2370e+00    153.207    13.4669    38.5876    29.0773 0.0000e+00
    420.000    13.5271     0.1968    98.2817 1.4182e-03 4.2260e+00    152.939    13.4653    38.5873    29.0774 0.0000e+00
    421.000    13.5227     0.1894    98.2870 1.0436e-03 2.9692e+00    153.299    13.4608    38.5863    29.0776 0.0000e+00
    422.000    13.5210     0.1905    98.2829 8.2947e-04 3.1086e+00    153.466    13.4590    38.5859    29.0777 0.0000e+00
    423.000    13.5183     0.1868    98.2784 5.5057e-04 1.5038e+00    153.193    13.4562    38.5853    29.0779 0.0000e+00
    424.000    13.5145     0.1884    98.2867 1.4534e-03 2.5458e+00    153.033    13.4522    38.5846    29.0781 0.0000e+00
    425.000    13.5115     0.1969    98.2755 1.7950e-03 3.1611e+00    152.986    13.4491    38.5839    29.0782 0.0000e+00
    426.000    13.5061     0.1928    98.2741 9.7185e-04 2.8771e+00    153.130    13.4435    38.5829    29.0787 0.0000e+00
    427.000    13.5021     0.1901    98.2817 9.4313e-04 2.2524e+00    153.404    13.4394    38.5823    29.0790 0.0000e+00
    428.000    13.4991     0.1918 -9.990e-29 5.0619e-04 4.0025e+00    153.355    13.4362    38.5820    29.0795 0.0000e+00
    429.000    13.4982     0.1927    98.2698 9.2023e-04 4.0313e+00    153.472    13.4352    38.5818    29.0795 0.0000e+00
    430.000    13.4975     0.1904    98.2571 3.8060e-04 2.8286e+00    153.218    13.4344    38.5817    29.0797 0.0000e+00
    431.000    13.4970     0.1900    98.2478 1.1013e-04 2.6742e+00    153.525    13.4337    38.5818    29.0799 0.0000e+00
    432.000    13.4966     0.1833 -9.990e-29 7.9872e-04 2.6454e+00    153.252    13.4332    38.5817    29.0799 0.0000e+00
    433.000    13.4959     0.1823 -9.990e-29 1.0181e-03 3.1781e+00    153.549    13.4323    38.5817    29.0801 0.0000e+00
    434.000    13.4943     0.1917 -9.990e-29 4.9613e-05 2.4097e+00    153.730    13.4306    38.5819    29.0807 0.0000e+00
    435.000    13.4938     0.1880 -9.990e-29 5.7677e-05 2.1166e+00    153.555    13.4299    38.5820    29.0809 0.0000e+00
    436.000    13.4922     0.1916 -9.990e-29 1.9105e-04 2.3620e+00    153.293    13.4282    38.5820    29.0812 0.0000e+00
    437.000    13.4915     0.1855 -9.990e-29 6.5336e-05 3.1425e+00    153.571    13.4273    38.5819    29.0813 0.0000e+00
    438.000    13.4907     0.1885 -9.990e-29 4.4828e-04 2.9412e+00    153.798    13.4264    38.5818    29.0814 0.0000e+00
    439.000    13.4894     0.1884 -9.990e-29 4.9055e-04 2.5460e+00    153.855    13.4250    38.5816    29.0816 0.0000e+00
    440.000    13.4895     0.1874 -9.990e-29 1.0711e-03 2.8754e+00    153.458    13.4249    38.5821    29.0819 0.0000e+00
    441.000    13.4896     0.1894 -9.990e-29 4.3117e-04 3.4297e+00    153.790    13.4248    38.5820    29.0819 0.0000e+00
    442.000    13.4882     0.1894 -9.990e-29 6.1551e-04 2.1311e+00    153.963    13.4233    38.5820    29.0822 0.0000e+00
    443.000    13.4872     0.1860 -9.990e-29 5.5754e-04 2.9506e+00    153.946    13.4221    38.5819    29.0824 0.0000e+00
    444.000    13.4871     0.1858 -9.990e-29 5.6930e-04 3.5615e+00    153.729    13.4219    38.5819    29.0825 0.0000e+00
    445.000    13.4866     0.1870 -9.990e-29 2.6810e-05 3.2124e+00    153.599    13.4213    38.5822    29.0828 0.0000e+00
    446.000    13.4864     0.1865 -9.990e-29 2.4440e-04 2.7893e+00    153.966    13.4209    38.5824    29.0830 0.0000e+00
    447.000    13.4863     0.1888 -9.990e-29 3.5112e-04 2.8177e+00    153.590    13.4207    38.5825    29.0832 0.0000e+00
    448.000    13.4864     0.1897 -9.990e-29 3.7684e-04 3.5564e+00    154.126    13.4206    38.5824    29.0832 0.0000e+00
    449.000    13.4860     0.1899 -9.990e-29 6.6737e-04 2.8143e+00    154.274    13.4201    38.5825    29.0833 0.0000e+00
    450.000    13.4859     0.1883    98.2686 5.4491e-04 2.8134e+00    154.253    13.4198    38.5824    29.0833 0.0000e+00
    451.000    13.4855     0.1895    98.2629 9.4415e-04 3.1226e+00    154.304    13.4193    38.5824    29.0834 0.0000e+00
    452.000    13.4837     0.1937    98.2552 7.2183e-04 2.4144e+00    154.078    13.4173    38.5821    29.0836 0.0000e+00
    453.000    13.4808     0.1943 -9.990e-29 1.1838e-03 2.5840e+00    154.461    13.4143    38.5817    29.0839 0.0000e+00
    454.000    13.4787     0.1865 -9.990e-29 1.5513e-03 2.5635e+00    154.309    13.4120    38.5812    29.0840 0.0000e+00
    455.000    13.4768     0.1901 -9.990e-29 3.6659e-04 1.5825e+00    154.446    13.4100    38.5810    29.0843 0.0000e+00
    456.000    13.4734     0.1908 -9.990e-29 1.1653e-04 2.9914e+00    154.315    13.4065    38.5804    29.0846 0.0000e+00
    457.000    13.4701     0.1923 -9.990e-29 3.4963e-06 1.9537e+00    154.465    13.4031    38.5798    29.0848 0.0000e+00
    458.000    13.4664     0.1928 -9.990e-29 3.4552e-05 2.4164e+00    154.676    13.3992    38.5791    29.0851 0.0000e+00
    459.000    13.4580     0.1920 -9.990e-29 1.3738e-04 3.5772e+00    155.041    13.3906    38.5778    29.0859 0.0000e+00
    460.000    13.4566     0.1909    98.2568 1.2116e-03 2.8110e+00    154.415    13.3891    38.5777    29.0861 0.0000e+00
    461.000    13.4561     0.1859    98.2646 5.5315e-04 2.3061e+00    154.554    13.3885    38.5777    29.0863 0.0000e+00
    462.000    13.4548     0.1899    98.2601 8.8406e-04 2.3813e+00    154.858    13.3871    38.5773    29.0863 0.0000e+00
    463.000    13.4541     0.1911    98.2241 6.3807e-05 3.2474e+00    154.907    13.3861    38.5771    29.0863 0.0000e+00
    464.000    13.4529     0.1910 -9.990e-29 1.6361e-06 1.8169e+00    154.706    13.3848    38.5770    29.0865 0.0000e+00
    465.000    13.4514     0.1900 -9.990e-29 4.0754e-04 3.7264e+00    155.138    13.3832    38.5767    29.0867 0.0000e+00
    466.000    13.4502     0.1853 -9.990e-29 4.6178e-04 2.6392e+00    154.866    13.3819    38.5765    29.0868 0.0000e+00
    467.000    13.4492     0.1863    98.2609 3.9340e-04 3.2445e+00    154.728    13.3807    38.5763    29.0869 0.0000e+00
    468.000    13.4491     0.1882    98.2610 1.4781e-03 3.5527e+00    154.778    13.3805    38.5762    29.0868 0.0000e+00
    469.000    13.4484     0.1941    98.2656 1.1534e-03 3.1304e+00    154.713    13.3796    38.5761    29.0870 0.0000e+00
    470.000    13.4480     0.1896 -9.990e-29 1.0340e-03 2.8285e+00    154.713    13.3791    38.5762    29.0871 0.0000e+00
    471.000    13.4478     0.1974 -9.990e-29 1.1660e-03 2.3701e+00    154.720    13.3787    38.5760    29.0870 0.0000e+00
    472.000    13.4463     0.1920 -9.990e-29 9.0088e-04 2.5138e+00    155.062    13.3771    38.5758    29.0873 0.0000e+00
    473.000    13.4456     0.1918    98.2534 2.0061e-04 2.3441e+00    154.906    13.3762    38.5757    29.0873 0.0000e+00
    474.000    13.4448     0.1863    98.2562 3.8464e-04 1.9592e+00    154.926    13.3752    38.5754    29.0873 0.0000e+00
    475.000    13.4421     0.1852    98.2641 6.6319e-04 3.5060e+00    155.227    13.3724    38.5751    29.0876 0.0000e+00
    476.000    13.4390     0.1914 -9.990e-29 7.9224e-04 2.4210e+00    155.433    13.3692    38.5747    29.0880 0.0000e+00
    477.000    13.4364     0.1885 -9.990e-29 8.9519e-04 3.0684e+00    155.289    13.3664    38.5743    29.0883 0.0000e+00
    478.000    13.4363     0.1875 -9.990e-29 1.4442e-03 2.3828e+00    155.351    13.3662    38.5742    29.0883 0.0000e+00
    479.000    13.4360     0.1910 -9.990e-29 8.5622e-04 2.9996e+00    155.424    13.3658    38.5743    29.0884 0.0000e+00
    480.000    13.4356     0.1908 -9.990e-29 3.9065e-04 2.2684e+00    155.660    13.3652    38.5741    29.0884 0.0000e+00
    481.000    13.4353     0.1898 -9.990e-29 3.5885e-04 4.3172e+00    155.213    13.3648    38.5740    29.0884 0.0000e+00
    482.000    13.4347     0.1928 -9.990e-29 3.2530e-04 3.2719e+00    155.666    13.3640    38.5740    29.0886 0.0000e+00
    483.000    13.4333     0.1905 -9.990e-29 2.3621e-04 3.6966e+00    155.299    13.3624    38.5736    29.0886 0.0000e+00
    484.000    13.4328     0.1910 -9.990e-29 1.3947e-03 1.7393e+00    155.415    13.3619    38.5736    29.0888 0.0000e+00
    485.000    13.4319     0.1908    98.2568 4.9082e-04 1.9100e+00    154.966    13.3607    38.5734    29.0888 0.0000e+00
    486.000    13.4317     0.1903    98.2581 2.0335e-03 2.9189e+00    155.645    13.3604    38.5734    29.0889 0.0000e+00
    487.000    13.4316     0.1918    98.2644 1.8136e-03 2.6018e+00    155.625    13.3602    38.5736    29.0890 0.0000e+00
    488.000    13.4307     0.1854 -9.990e-29 2.2532e-03 3.2409e+00    155.501    13.3592    38.5732    29.0890 0.0000e+00
    489.000    13.4291     0.1876 -9.990e-29 7.1702e-04 2.2631e+00    156.064    13.3574    38.5729    29.0892 0.0000e+00
    490.000    13.4292     0.1855    98.2589 1.6829e-03 2.5177e+00    155.935    13.3574    38.5730    29.0892 0.0000e+00
    491.000    13.4285     0.1887    98.2572 1.8964e-03 2.5605e+00    155.427    13.3565    38.5727    29.0892 0.0000e+00
    492.000    13.4264     0.1971    98.2654 1.3578e-04 2.4401e+00    155.942    13.3542    38.5725    29.0895 0.0000e+00
    493.000    13.4263     0.1960 -9.990e-29 1.0658e-03 3.1603e+00    155.919    13.3540    38.5725    29.0895 0.0000e+00
    494.000    13.4254     0.1942 -9.990e-29 9.2236e-04 2.0521e+00    156.159    13.3530    38.5724    29.0897 0.0000e+00
    495.000    13.4247     0.1898 -9.990e-29 3.7137e-03 2.6502e+00    155.794    13.3521    38.5723    29.0898 0.0000e+00
    496.000    13.4243     0.1867 -9.990e-29 2.6130e-03 3.8066e+00    156.093    13.3515    38.5723    29.0899 0.0000e+00
    497.000    13.4201     0.1910 -9.990e-29 1.9292e-03 2.4369e+00    156.160    13.3472    38.5715    29.0902 0.0000e+00
    498.000    13.4165     0.1924    98.2596 1.4431e-03 2.9074e+00    156.261    13.3435    38.5709    29.0905 0.0000e+00
    499.000    13.4147     0.1926    98.2550 2.9249e-03 1.8179e+00    156.607    13.3416    38.5707    29.0908 0.0000e+00
    500.000    13.4136     0.1969    98.2624 6.4210e-04 2.9501e+00    156.147    13.3403    38.5704    29.0908 0.0000e+00
    501.000    13.4135     0.1973 -9.990e-29 9.6122e-04 3.2252e+00    155.925    13.3400    38.5704    29.0909 0.0000e+00
    502.000    13.4132     0.1904 -9.990e-29 2.2213e-03 2.7991e+00    156.439    13.3396    38.5705    29.0910 0.0000e+00
    503.000    13.4130     0.1888 -9.990e-29 1.9344e-03 2.4310e+00    156.268    13.3393    38.5703    29.0910 0.0000e+00
    504.000    13.4109     0.1892 -9.990e-29 2.5392e-03 2.5879e+00    156.403    13.3370    38.5700    29.0912 0.0000e+00
