Data/ruptures/PEACETIME/FAST/PEACETIME_FAST_CTD_090.cnv
* Sea-Bird SBE 9 Data File:
* FileName = C:\CTD\rawCTD\PEACETIME_FAST_CTD_090.hdr
* Software Version Seasave V 7.23.2
* Temperature SN = 1378
* Conductivity SN = 2929
* Number of Bytes Per Scan = 38
* Number of Voltage Words = 5
* Number of Scans Averaged by the Deck Unit = 1
* NMEA Latitude = 37 56.81 N
* NMEA Longitude = 002 54.94 E
* NMEA UTC (Time) = Jun 09 2017  02:40:30
* NMEA baud rate = 4800
** Cruise:   PEACETIME
** Station:   FAST_CTD_090
# nquan = 11
# nvalues = 498                         
# units = specified
# name 0 = prDM: Pressure, Digiquartz [db]
# name 1 = t090C: Temperature [ITS-90, deg C]
# name 2 = flC: Fluorescence, Chelsea Aqua 3 Chl Con [ug/l]
# name 3 = CStarTr0: Beam Transmission, WET Labs C-Star [%]
# name 4 = par: PAR/Irradiance, Biospherical/Licor
# name 5 = spar: SPAR/Surface Irradiance
# name 6 = sbeox0Mm/Kg: Oxygen, SBE 43 [umol/kg]
# name 7 = potemp090C: Potential Temperature [ITS-90, deg C]
# name 8 = sal00: Salinity, Practical [PSU]
# name 9 = sigma-é00: Density [sigma-theta, kg/m^3]
# name 10 = flag:
# span 0 =      3.000,    500.000       
# span 1 =    13.4539,    21.5563       
# span 2 =     0.1763,     0.3979       
# span 3 =    94.6848,    98.1494       
# span 4 = -1.151e-05, 1.7362e-01       
# span 5 = 1.2269e+00, 5.1693e+00       
# span 6 =    151.963,    240.503       
# span 7 =    13.3806,    21.5541       
# span 8 =    37.0335,    38.5954       
# span 9 =    25.9491,    29.0895       
# span 10 = 0.0000e+00, 0.0000e+00      
# interval = decibars: 1                
# start_time = Jun 09 2017 02:40:31 [NMEA time, first data scan]
# bad_flag = -9.990e-29
*END*
[from data line 263]
    266.000    13.6273     0.1872    98.1346 2.6357e-04 3.4278e+00    161.455    13.5882    38.5094    28.9909 0.0000e+00
    267.000    13.6292     0.1907    98.1354 1.6396e-03 2.0735e+00    160.570    13.5900    38.5103    28.9912 0.0000e+00
    268.000    13.6306     0.1910 -9.990e-29 1.0298e-03 3.2986e+00    160.840    13.5913    38.5117    28.9921 0.0000e+00
    269.000    13.6282     0.1894    98.1300 1.0248e-03 2.9015e+00    160.755    13.5887    38.5124    28.9931 0.0000e+00
    270.000    13.6278     0.1869    98.1298 7.8355e-04 2.6665e+00    160.456    13.5881    38.5132    28.9939 0.0000e+00
    271.000    13.6287     0.1871    98.1355 1.5500e-03 2.1709e+00    160.664    13.5889    38.5152    28.9952 0.0000e+00
    272.000    13.6301     0.1877    98.1354 1.3210e-03 3.6602e+00    159.869    13.5901    38.5188    28.9978 0.0000e+00
    273.000    13.6284     0.1867    98.1329 7.6634e-04 2.9135e+00    159.782    13.5883    38.5205    28.9995 0.0000e+00
    274.000    13.6237     0.1893    98.1325 6.4976e-04 3.1417e+00    159.733    13.5834    38.5202    29.0003 0.0000e+00
    275.000    13.6006     0.1903    98.1227 1.1265e-03 3.4608e+00    161.448    13.5603    38.5166    29.0024 0.0000e+00
    276.000    13.5954     0.1892    98.1293 1.3501e-03 3.5448e+00    161.547    13.5549    38.5177    29.0045 0.0000e+00
    277.000    13.5987     0.1870    98.1144 1.3393e-03 3.5658e+00    160.510    13.5581    38.5205    29.0059 0.0000e+00
    278.000    13.6028     0.1905    98.1345 1.9147e-03 2.1012e+00    159.686    13.5620    38.5259    29.0093 0.0000e+00
    279.000    13.6103     0.1954    98.1314 9.1760e-04 3.8536e+00    158.683    13.5693    38.5296    29.0106 0.0000e+00
    280.000    13.6121     0.1867    98.1303 5.3454e-04 3.3279e+00    158.138    13.5710    38.5308    29.0112 0.0000e+00
    281.000    13.6124     0.1892    98.1112 1.4363e-03 2.9747e+00    158.319    13.5711    38.5314    29.0116 0.0000e+00
    282.000    13.6121     0.1902    98.1362 6.5653e-04 3.1404e+00    158.177    13.5706    38.5319    29.0121 0.0000e+00
    283.000    13.6130     0.1878 -9.990e-29 4.3601e-04 2.8891e+00    158.041    13.5714    38.5328    29.0126 0.0000e+00
    284.000    13.6133     0.1896    98.1330 1.3106e-03 2.3899e+00    158.237    13.5716    38.5330    29.0127 0.0000e+00
    285.000    13.6136     0.1879    98.1242 2.1200e-03 3.4010e+00    158.174    13.5717    38.5333    29.0129 0.0000e+00
    286.000    13.6149     0.1889    98.1340 1.7493e-03 2.9288e+00    157.966    13.5729    38.5342    29.0134 0.0000e+00
    287.000    13.6187     0.1908    98.1270 1.0464e-03 2.4291e+00    157.431    13.5765    38.5362    29.0142 0.0000e+00
    288.000    13.6207     0.1910    98.1351 1.5304e-03 3.0856e+00    157.408    13.5783    38.5377    29.0149 0.0000e+00
    289.000    13.6199     0.1859    98.1354 2.2246e-03 2.4665e+00    157.501    13.5775    38.5382    29.0155 0.0000e+00
    290.000    13.6062     0.1884    98.1319 1.1288e-03 1.4697e+00    159.406    13.5636    38.5354    29.0163 0.0000e+00
    291.000    13.5989     0.1902    98.1267 1.6341e-03 3.2604e+00    160.369    13.5561    38.5343    29.0170 0.0000e+00
    292.000    13.5990     0.1912    98.1354 8.2945e-04 3.7334e+00    160.559    13.5562    38.5360    29.0184 0.0000e+00
    293.000    13.6013     0.1955 -9.990e-29 1.3678e-03 1.9961e+00    160.090    13.5582    38.5376    29.0192 0.0000e+00
    294.000    13.6049     0.1929    98.1412 1.5655e-03 2.4522e+00    159.344    13.5617    38.5391    29.0196 0.0000e+00
    295.000    13.6100     0.1939    98.1301 7.2118e-04 2.7123e+00    158.339    13.5666    38.5414    29.0203 0.0000e+00
    296.000    13.6091     0.1915    98.1301 6.1883e-04 2.8503e+00    158.854    13.5656    38.5427    29.0216 0.0000e+00
    297.000    13.6027     0.1923    98.1326 4.6512e-04 2.1979e+00    159.800    13.5591    38.5417    29.0222 0.0000e+00
    298.000    13.5979     0.1835    98.1183 6.8437e-04 3.2977e+00    160.140    13.5542    38.5408    29.0225 0.0000e+00
    299.000    13.5983     0.1817    98.1327 1.5706e-03 2.1301e+00    160.499    13.5544    38.5413    29.0229 0.0000e+00
    300.000    13.5994     0.1850    98.1283 1.5934e-03 2.5858e+00    160.222    13.5553    38.5427    29.0237 0.0000e+00
    301.000    13.5998     0.1900 -9.990e-29 1.5463e-03 2.8519e+00    159.911    13.5556    38.5434    29.0242 0.0000e+00
    302.000    13.6033     0.1813 -9.990e-29 1.0839e-03 2.5432e+00    159.174    13.5589    38.5460    29.0255 0.0000e+00
    303.000    13.6060     0.1807    98.1283 8.6057e-04 2.9416e+00    158.501    13.5615    38.5486    29.0270 0.0000e+00
    304.000    13.6051     0.1810    98.1340 4.0811e-04 2.0060e+00    158.705    13.5604    38.5490    29.0276 0.0000e+00
    305.000    13.6038     0.1778    98.1367 1.8864e-03 2.5639e+00    158.629    13.5590    38.5493    29.0281 0.0000e+00
    306.000    13.6079     0.1799    98.1123 7.4220e-04 2.1833e+00    156.467    13.5630    38.5521    29.0294 0.0000e+00
    307.000    13.6091     0.1814    98.1253 2.2068e-04 4.3651e+00    154.990    13.5640    38.5539    29.0305 0.0000e+00
    308.000    13.6042     0.1888    98.1356 1.0722e-03 2.2737e+00    154.386    13.5589    38.5554    29.0328 0.0000e+00
    309.000    13.6018     0.1872    98.1348 1.7357e-03 2.8356e+00    154.472    13.5564    38.5558    29.0337 0.0000e+00
    310.000    13.6009     0.1859    98.1252 3.3559e-03 3.4120e+00    154.637    13.5554    38.5562    29.0342 0.0000e+00
    311.000    13.6000     0.1857    98.1259 3.4109e-03 3.2504e+00    154.636    13.5543    38.5571    29.0351 0.0000e+00
    312.000    13.5988     0.1840    98.1363 2.8982e-03 2.6532e+00    155.035    13.5529    38.5589    29.0368 0.0000e+00
    313.000    13.5969     0.1802    98.1305 1.1282e-03 2.3123e+00    155.246    13.5509    38.5596    29.0378 0.0000e+00
    314.000    13.5958     0.1878    98.1337 2.5072e-03 2.3650e+00    155.266    13.5497    38.5602    29.0385 0.0000e+00
    315.000    13.5942     0.1881    98.1266 2.9682e-03 3.0264e+00    155.398    13.5480    38.5605    29.0391 0.0000e+00
    316.000    13.5937     0.1824 -9.990e-29 2.3002e-03 3.6083e+00    155.088    13.5473    38.5614    29.0399 0.0000e+00
    317.000    13.5961     0.1867 -9.990e-29 2.4067e-03 2.4538e+00    155.036    13.5495    38.5647    29.0420 0.0000e+00
    318.000    13.5964     0.1821 -9.990e-29 4.0860e-03 1.9806e+00    155.078    13.5497    38.5655    29.0426 0.0000e+00
    319.000    13.5966     0.1823 -9.990e-29 3.0911e-03 2.2841e+00    155.336    13.5497    38.5654    29.0426 0.0000e+00
    320.000    13.5945     0.1828    98.1354 1.0221e-03 2.9350e+00    155.099    13.5475    38.5655    29.0430 0.0000e+00
    321.000    13.5917     0.1844    98.1354 7.4108e-04 2.9032e+00    154.489    13.5446    38.5650    29.0433 0.0000e+00
    322.000    13.5849     0.1816    98.1354 2.9106e-03 3.1322e+00    153.844    13.5376    38.5637    29.0438 0.0000e+00
    323.000    13.5773     0.1851    98.1314 8.0034e-04 1.8422e+00    153.209    13.5298    38.5621    29.0442 0.0000e+00
    324.000    13.5748     0.1842    98.1227 1.5622e-03 2.8267e+00    153.050    13.5272    38.5617    29.0445 0.0000e+00
    325.000    13.5743     0.1885    98.1291 1.6357e-03 2.3842e+00    153.544    13.5266    38.5624    29.0451 0.0000e+00
    326.000    13.5776     0.1893    98.1302 1.2501e-03 3.6123e+00    153.493    13.5297    38.5642    29.0458 0.0000e+00
    327.000    13.5797     0.1857    98.1276 9.0769e-04 2.5740e+00    153.582    13.5316    38.5649    29.0460 0.0000e+00
    328.000    13.5887     0.1782    98.1371 8.2554e-04 3.3466e+00    154.923    13.5405    38.5687    29.0471 0.0000e+00
    329.000    13.5916     0.1821 -9.990e-29 2.1255e-03 2.7498e+00    154.753    13.5432    38.5696    29.0472 0.0000e+00
    330.000    13.5899     0.1866    98.1354 1.5330e-03 2.7035e+00    154.404    13.5413    38.5691    29.0472 0.0000e+00
    331.000    13.5901     0.1846    98.1354 2.1170e-03 2.5968e+00    154.018    13.5414    38.5696    29.0475 0.0000e+00
    332.000    13.5943     0.1833    98.1354 3.5011e-03 1.7677e+00    155.312    13.5454    38.5722    29.0487 0.0000e+00
    333.000    13.5960     0.1874 -9.990e-29 3.7338e-03 3.0495e+00    155.363    13.5470    38.5732    29.0492 0.0000e+00
    334.000    13.5956     0.1871    98.1354 2.8900e-03 3.4431e+00    155.133    13.5465    38.5734    29.0494 0.0000e+00
    335.000    13.5945     0.1847    98.1354 4.1700e-03 2.8482e+00    155.249    13.5453    38.5741    29.0502 0.0000e+00
    336.000    13.5944     0.1829    98.1354 4.3086e-03 2.4583e+00    155.382    13.5450    38.5743    29.0504 0.0000e+00
    337.000    13.5944     0.1807    98.1354 2.9420e-03 2.0452e+00    155.056    13.5449    38.5745    29.0506 0.0000e+00
    338.000    13.5940     0.1843    98.1354 3.0079e-03 1.4791e+00    155.072    13.5443    38.5754    29.0514 0.0000e+00
    339.000    13.5941     0.1877    98.1354 2.3593e-03 2.7272e+00    154.882    13.5442    38.5770    29.0526 0.0000e+00
    340.000    13.5911     0.1888    98.1354 3.9919e-03 3.2464e+00    154.629    13.5411    38.5775    29.0537 0.0000e+00
    341.000    13.5863     0.1896    98.1354 2.9713e-03 2.3639e+00    154.162    13.5362    38.5772    29.0546 0.0000e+00
    342.000    13.5817     0.1889    98.1354 2.6760e-03 2.3645e+00    153.967    13.5315    38.5769    29.0553 0.0000e+00
    343.000    13.5795     0.1876    98.1354 2.2229e-03 2.5711e+00    154.069    13.5291    38.5769    29.0558 0.0000e+00
    344.000    13.5798     0.1848 -9.990e-29 1.1369e-03 2.4693e+00    154.461    13.5292    38.5776    29.0564 0.0000e+00
    345.000    13.5841     0.1867 -9.990e-29 2.9183e-03 2.8731e+00    154.620    13.5334    38.5794    29.0568 0.0000e+00
    346.000    13.5853     0.1887 -9.990e-29 1.4027e-03 2.0239e+00    154.579    13.5344    38.5801    29.0571 0.0000e+00
    347.000    13.5853     0.1882    98.1196 1.3601e-03 1.9978e+00    154.341    13.5343    38.5806    29.0575 0.0000e+00
    348.000    13.5850     0.1841    98.1367 5.9288e-04 2.3184e+00    154.208    13.5338    38.5808    29.0579 0.0000e+00
    349.000    13.5846     0.1807    98.1379 1.0956e-03 2.2246e+00    153.767    13.5333    38.5808    29.0580 0.0000e+00
    350.000    13.5836     0.1765    98.1354 7.8230e-04 2.7758e+00    153.687    13.5321    38.5813    29.0586 0.0000e+00
    351.000    13.5830     0.1861    98.1354 2.7531e-04 1.8654e+00    153.789    13.5314    38.5815    29.0589 0.0000e+00
    352.000    13.5822     0.1842    98.1354 7.5039e-05 2.5890e+00    153.827    13.5304    38.5818    29.0594 0.0000e+00
    353.000    13.5816     0.1830    98.1354 3.1274e-04 2.7845e+00    153.994    13.5297    38.5822    29.0598 0.0000e+00
    354.000    13.5816     0.1906 -9.990e-29 7.9325e-04 2.2530e+00    153.793    13.5295    38.5820    29.0597 0.0000e+00
    355.000    13.5813     0.1945    98.1328 5.3074e-04 3.4626e+00    153.358    13.5291    38.5819    29.0597 0.0000e+00
    356.000    13.5799     0.1855    98.1347 1.3781e-03 2.7495e+00    153.709    13.5276    38.5818    29.0599 0.0000e+00
    357.000    13.5776     0.1846    98.1273 1.4143e-03 2.2725e+00    153.526    13.5251    38.5811    29.0599 0.0000e+00
    358.000    13.5761     0.1866    98.1364 1.6874e-03 2.5561e+00    153.487    13.5234    38.5814    29.0606 0.0000e+00
    359.000    13.5735     0.1846    98.1248 1.7450e-03 3.3465e+00    153.374    13.5207    38.5814    29.0611 0.0000e+00
    360.000    13.5710     0.1869    98.1273 1.6175e-03 3.3040e+00    152.717    13.5180    38.5813    29.0616 0.0000e+00
    361.000    13.5688     0.1844    98.1323 6.5730e-04 2.8444e+00    152.574    13.5157    38.5814    29.0622 0.0000e+00
    362.000    13.5684     0.1867    98.1345 2.8258e-04 2.5637e+00    152.998    13.5152    38.5817    29.0625 0.0000e+00
    363.000    13.5674     0.1890    98.1327 1.7022e-04 2.3091e+00    152.581    13.5140    38.5818    29.0629 0.0000e+00
    364.000    13.5668     0.1891    98.1238 6.7474e-04 2.1292e+00    152.833    13.5133    38.5817    29.0629 0.0000e+00
    365.000    13.5657     0.1763    98.1330 8.0826e-04 2.1163e+00    152.598    13.5120    38.5814    29.0629 0.0000e+00
    366.000    13.5637     0.1788    98.1354 6.2008e-04 3.2334e+00    153.140    13.5099    38.5813    29.0633 0.0000e+00
    367.000    13.5638     0.1827    98.1354 8.9489e-04 3.1393e+00    152.807    13.5099    38.5812    29.0632 0.0000e+00
    368.000    13.5630     0.1823    98.1354 2.0340e-03 3.0725e+00    152.501    13.5089    38.5811    29.0634 0.0000e+00
    369.000    13.5576     0.1893 -9.990e-29 5.3692e-04 3.0133e+00    152.214    13.5033    38.5803    29.0639 0.0000e+00
    370.000    13.5548     0.1894    98.1354 3.4585e-04 2.4861e+00    152.434    13.5004    38.5798    29.0641 0.0000e+00
    371.000    13.5542     0.1860    98.1354 1.2335e-03 2.2438e+00    152.116    13.4997    38.5796    29.0642 0.0000e+00
    372.000    13.5550     0.1903    98.1354 1.2585e-03 3.5544e+00    152.206    13.5004    38.5803    29.0646 0.0000e+00
    373.000    13.5576     0.1881 -9.990e-29 7.6707e-04 3.0480e+00    152.376    13.5028    38.5814    29.0649 0.0000e+00
    374.000    13.5579     0.1910    98.1335 5.8570e-04 2.6540e+00    152.444    13.5029    38.5816    29.0650 0.0000e+00
    375.000    13.5563     0.1863    98.1232 3.6481e-04 2.1682e+00    152.464    13.5012    38.5816    29.0654 0.0000e+00
    376.000    13.5517     0.1865    98.1350 3.9116e-04 1.6430e+00    152.413    13.4965    38.5810    29.0659 0.0000e+00
    377.000    13.5491     0.1847 -9.990e-29 6.1950e-05 3.7189e+00    152.572    13.4937    38.5808    29.0664 0.0000e+00
    378.000    13.5483     0.1889    98.1354 1.9951e-05 2.3156e+00    152.644    13.4928    38.5817    29.0673 0.0000e+00
    379.000    13.5473     0.1902    98.1354 6.3946e-04 3.0396e+00    152.364    13.4917    38.5822    29.0679 0.0000e+00
    380.000    13.5468     0.1836    98.1307 1.0658e-03 2.8493e+00    152.429    13.4910    38.5821    29.0680 0.0000e+00
    381.000    13.5467     0.1899    98.1386 3.0353e-04 2.4288e+00    152.358    13.4907    38.5823    29.0681 0.0000e+00
    382.000    13.5464     0.1860    98.1368 7.5997e-04 2.9506e+00    152.682    13.4903    38.5824    29.0683 0.0000e+00
    383.000    13.5466     0.1823    98.1354 6.8887e-04 3.1560e+00    152.737    13.4903    38.5823    29.0682 0.0000e+00
    384.000    13.5468     0.1901    98.1354 1.2040e-03 2.5906e+00    152.179    13.4903    38.5829    29.0687 0.0000e+00
    385.000    13.5472     0.1865    98.1354 3.3124e-04 3.2188e+00    152.308    13.4906    38.5833    29.0689 0.0000e+00
    386.000    13.5477     0.1916    98.1354 2.9110e-03 2.8028e+00    151.963    13.4910    38.5836    29.0691 0.0000e+00
    387.000    13.5492     0.1907 -9.990e-29 1.3745e-03 2.1808e+00    152.643    13.4923    38.5842    29.0693 0.0000e+00
    388.000    13.5528     0.1873 -9.990e-29 1.6116e-03 2.6828e+00    152.691    13.4958    38.5855    29.0696 0.0000e+00
    389.000    13.5514     0.1880 -9.990e-29 5.7506e-04 3.0149e+00    152.339    13.4942    38.5862    29.0704 0.0000e+00
    390.000    13.5483     0.1887 -9.990e-29 4.8445e-04 2.7927e+00    152.648    13.4909    38.5859    29.0709 0.0000e+00
    391.000    13.5483     0.1860 -9.990e-29 4.3505e-04 2.9745e+00    152.755    13.4908    38.5859    29.0710 0.0000e+00
    392.000    13.5460     0.1855 -9.990e-29 3.3010e-04 2.3158e+00    153.001    13.4883    38.5857    29.0713 0.0000e+00
    393.000    13.5427     0.1801 -9.990e-29 3.0344e-04 2.0235e+00    153.004    13.4849    38.5853    29.0717 0.0000e+00
    394.000    13.5393     0.1825    98.1391 2.7028e-03 2.5794e+00    153.014    13.4814    38.5846    29.0719 0.0000e+00
    395.000    13.5361     0.1838    98.1426 1.5506e-03 2.9960e+00    152.915    13.4780    38.5840    29.0722 0.0000e+00
