Data/ruptures/PEACETIME/FAST/PEACETIME_FAST_CTD_078.cnv
* Sea-Bird SBE 9 Data File:
* FileName = C:\CTD\rawCTD\PEACETIME_FAST_CTD_078.hdr
* Software Version Seasave V 7.23.2
* Temperature SN = 1378
* Conductivity SN = 2929
* Number of Bytes Per Scan = 38
* Number of Voltage Words = 5
* Number of Scans Averaged by the Deck Unit = 1
* NMEA Latitude = 37 56.80 N
* NMEA Longitude = 002 55.00 E
* NMEA UTC (Time) = Jun 06 2017  17:02:24
* NMEA baud rate = 4800
** Cruise:   PEACETIME
** Station:   FAST_CTD_078
# nquan = 11
# nvalues = 200                         
# units = specified
# name 0 = prDM: Pressure, Digiquartz [db]
# name 1 = t090C: Temperature [ITS-90, deg C]
# name 2 = flC: Fluorescence, Chelsea Aqua 3 Chl Con [ug/l]
# name 3 = CStarTr0: Beam Transmission, WET Labs C-Star [%]
# name 4 = par: PAR/Irradiance, Biospherical/Licor
# name 5 = spar: SPAR/Surface Irradiance
# name 6 = sbeox0Mm/Kg: Oxygen, SBE 43 [umol/kg]
# name 7 = potemp090C: Potential Temperature [ITS-90, deg C]
# name 8 = sal00: Salinity, Practical [PSU]
# name 9 = sigma-é00: Density [sigma-theta, kg/m^3]
# name 10 = flag:
# span 0 =      1.000,    200.000       
# span 1 =    13.6643,    22.0390       
# span 2 =     0.1715,     0.7556       
# span 3 =    92.9523,    98.1475       
# span 4 = -5.188e-08, 5.3138e+02       
# span 5 = 1.6559e+03, 1.8595e+03       
# span 6 =    178.488,    241.185       
# span 7 =    13.6350,    22.0384       
# span 8 =    37.0603,    38.3820       
# span 9 =    25.7848,    28.8816       
# span 10 = 0.0000e+00, 0.0000e+00      
# interval = decibars: 1                
# start_time = Jun 06 2017 17:02:25 [NMEA time, first data scan]
# bad_flag = -9.990e-29
*END*
[from data line 132]
    133.000    13.9684     0.1966    97.9092 2.7144e-02 1.7674e+03    193.969    13.9487    38.2009    28.6745 0.0000e+00
    134.000    13.9644     0.1946    97.9052 2.6988e-02 1.7629e+03    194.296    13.9446    38.2033    28.6772 0.0000e+00
    135.000    13.9641     0.1958    97.9080 2.4597e-02 1.7607e+03    193.960    13.9441    38.2052    28.6788 0.0000e+00
    136.000    13.9638     0.1986    97.9037 2.2080e-02 1.7589e+03    193.622    13.9436    38.2090    28.6819 0.0000e+00
    137.000    13.9601     0.2022    97.8997 2.0685e-02 1.7587e+03    193.613    13.9398    38.2124    28.6853 0.0000e+00
    138.000    13.9564     0.2010    97.9018 1.7177e-02 1.7620e+03    194.225    13.9359    38.2152    28.6883 0.0000e+00
    139.000    13.9494     0.1998    97.9249 1.6853e-02 1.7624e+03    194.366    13.9289    38.2189    28.6927 0.0000e+00
    140.000    13.9450     0.2019    97.9176 1.7418e-02 1.7676e+03    193.605    13.9243    38.2224    28.6965 0.0000e+00
    141.000    13.9423     0.2003    97.9137 1.5942e-02 1.7726e+03    193.302    13.9215    38.2259    28.6997 0.0000e+00
    142.000    13.9342     0.1937    97.9341 1.2589e-02 1.7751e+03    191.639    13.9132    38.2274    28.7027 0.0000e+00
    143.000    13.8993     0.1934    97.9462 1.1107e-02 1.7719e+03    187.820    13.8782    38.2234    28.7071 0.0000e+00
    144.000    13.8863     0.1837    97.9719 1.0786e-02 1.7664e+03    188.584    13.8651    38.2282    28.7137 0.0000e+00
    145.000    13.8809     0.1840    97.9795 9.4271e-03 1.7623e+03    188.754    13.8595    38.2313    28.7173 0.0000e+00
    146.000    13.8819     0.1857    97.9680 1.0014e-02 1.7492e+03    190.842    13.8604    38.2381    28.7223 0.0000e+00
    147.000    13.8836     0.1899    97.9861 9.0213e-03 1.7442e+03    191.003    13.8619    38.2442    28.7267 0.0000e+00
    148.000    13.8713     0.1928    97.9990 7.5928e-03 1.7370e+03    189.703    13.8494    38.2485    28.7328 0.0000e+00
    149.000    13.8414     0.1881    98.0074 6.8322e-03 1.7329e+03    187.545    13.8195    38.2510    28.7412 0.0000e+00
    150.000    13.8312     0.1861    98.0136 6.0770e-03 1.7311e+03    187.121    13.8091    38.2519    28.7441 0.0000e+00
    151.000    13.8271     0.1878    98.0207 5.2892e-03 1.7292e+03    187.463    13.8048    38.2528    28.7457 0.0000e+00
    152.000    13.8197     0.1871    98.0220 3.3562e-03 1.7236e+03    187.130    13.7973    38.2551    28.7491 0.0000e+00
    153.000    13.8086     0.1818    98.0158 2.1549e-03 1.7235e+03    187.163    13.7861    38.2599    28.7552 0.0000e+00
    154.000    13.8006     0.1755    98.0015 1.0588e-03 1.7224e+03    187.279    13.7780    38.2649    28.7608 0.0000e+00
    155.000    13.7942     0.1765    97.9942 1.3320e-03 1.7201e+03    188.011    13.7714    38.2684    28.7649 0.0000e+00
    156.000    13.7978     0.1761    98.0202 1.7920e-03 1.7170e+03    190.669    13.7749    38.2745    28.7690 0.0000e+00
    157.000    13.7947     0.1823    98.0416 8.6566e-04 1.7137e+03    190.039    13.7716    38.2774    28.7719 0.0000e+00
    158.000    13.7858     0.1869    98.0079 3.8737e-04 1.7131e+03    189.038    13.7625    38.2793    28.7753 0.0000e+00
    159.000    13.7780     0.1872    98.0609 4.0814e-04 1.7043e+03    189.361    13.7547    38.2849    28.7814 0.0000e+00
    160.000    13.7703     0.1858    98.0712 3.0958e-04 1.7042e+03    188.574    13.7467    38.2870    28.7846 0.0000e+00
    161.000    13.7647     0.1823    98.0546 9.6368e-04 1.6971e+03    189.118    13.7411    38.2920    28.7898 0.0000e+00
    162.000    13.7606     0.1872    98.0620 4.4281e-04 1.6921e+03    188.748    13.7368    38.2948    28.7928 0.0000e+00
    163.000    13.7557     0.1835    98.0674 7.8141e-04 1.6928e+03    189.366    13.7318    38.2975    28.7960 0.0000e+00
    164.000    13.7502     0.1816    98.0542 4.0709e-04 1.6870e+03    188.868    13.7261    38.2999    28.7991 0.0000e+00
    165.000    13.7495     0.1813    98.0323 3.2284e-04 1.6904e+03    188.505    13.7253    38.3005    28.7998 0.0000e+00
    166.000    13.7480     0.1853    98.0431 1.4872e-05 1.6931e+03    188.892    13.7237    38.3014    28.8008 0.0000e+00
    167.000    13.7447     0.1776 -9.990e-29 6.5386e-05 1.6953e+03    188.784    13.7201    38.3031    28.8028 0.0000e+00
    168.000    13.7449     0.1768    98.0928 2.9091e-04 1.7031e+03    188.328    13.7203    38.3041    28.8036 0.0000e+00
    169.000    13.7344     0.1752    98.0827 1.3151e-04 1.7080e+03    187.197    13.7095    38.3094    28.8100 0.0000e+00
    170.000    13.7235     0.1799    98.0779 6.1131e-06 1.7070e+03    186.708    13.6985    38.3153    28.8169 0.0000e+00
    171.000    13.7218     0.1715    98.0870 1.0000e-12 1.7109e+03    186.211    13.6967    38.3177    28.8191 0.0000e+00
    172.000    13.7201     0.1794    98.0803 1.0000e-12 1.7142e+03    186.380    13.6948    38.3201    28.8214 0.0000e+00
    173.000    13.7191     0.1754    98.0920 3.4826e-06 1.7120e+03    186.009    13.6937    38.3217    28.8229 0.0000e+00
    174.000    13.7168     0.1782    98.1061 -5.188e-08 1.7102e+03    186.000    13.6912    38.3233    28.8247 0.0000e+00
    175.000    13.7187     0.1760    98.0984 1.0000e-12 1.7094e+03    185.174    13.6930    38.3255    28.8260 0.0000e+00
    176.000    13.7220     0.1808    98.1160 1.0000e-12 1.7138e+03    184.028    13.6962    38.3290    28.8281 0.0000e+00
    177.000    13.7090     0.1792    98.1021 1.0000e-12 1.7133e+03    184.637    13.6830    38.3301    28.8317 0.0000e+00
    178.000    13.6956     0.1803    98.1039 1.0000e-12 1.7121e+03    184.870    13.6695    38.3330    28.8368 0.0000e+00
    179.000    13.6986     0.1832    98.1025 1.0000e-12 1.7089e+03    183.792    13.6724    38.3388    28.8407 0.0000e+00
    180.000    13.7049     0.1807    98.1172 1.0000e-12 1.7085e+03    182.258    13.6785    38.3442    28.8436 0.0000e+00
    181.000    13.7044     0.1741    98.1101 1.0000e-12 1.7057e+03    182.356    13.6778    38.3446    28.8441 0.0000e+00
    182.000    13.7042     0.1801    98.1069 1.0000e-12 1.6938e+03    182.447    13.6775    38.3452    28.8446 0.0000e+00
    183.000    13.7012     0.1805    98.0914 1.0000e-12 1.6886e+03    182.787    13.6744    38.3461    28.8459 0.0000e+00
    184.000    13.7020     0.1821    98.1085 1.0000e-12 1.6780e+03    181.890    13.6750    38.3470    28.8465 0.0000e+00
    185.000    13.7013     0.1780    98.1233 1.0000e-12 1.6689e+03    181.801    13.6742    38.3486    28.8479 0.0000e+00
    186.000    13.6998     0.1799    98.1196 1.0000e-12 1.6590e+03    181.191    13.6725    38.3523    28.8511 0.0000e+00
    187.000    13.6961     0.1800    98.1327 1.0000e-12 1.6571e+03    181.027    13.6687    38.3562    28.8550 0.0000e+00
    188.000    13.6940     0.1783    98.1224 1.0000e-12 1.6559e+03    180.639    13.6664    38.3588    28.8575 0.0000e+00
    189.000    13.6931     0.1731    98.1344 1.0000e-12 1.6612e+03    180.768    13.6653    38.3607    28.8592 0.0000e+00
    190.000    13.6902     0.1837    98.1261 1.0000e-12 1.6731e+03    180.284    13.6623    38.3636    28.8621 0.0000e+00
    191.000    13.6847     0.1765    98.1208 1.0000e-12 1.6845e+03    179.848    13.6566    38.3677    28.8665 0.0000e+00
    192.000    13.6862     0.1820    98.1268 1.0000e-12 1.6929e+03    179.704    13.6580    38.3691    28.8673 0.0000e+00
    193.000    13.6865     0.1803    98.1299 1.0000e-12 1.6980e+03    179.814    13.6582    38.3708    28.8686 0.0000e+00
    194.000    13.6871     0.1800    98.1403 1.0000e-12 1.7036e+03    179.459    13.6586    38.3722    28.8696 0.0000e+00
    195.000    13.6873     0.1796    98.1424 1.0000e-12 1.7105e+03    178.881    13.6587    38.3746    28.8714 0.0000e+00
    196.000    13.6861     0.1782    98.1331 1.0000e-12 1.7116e+03    178.797    13.6573    38.3772    28.8737 0.0000e+00
    197.000    13.6853     0.1788    98.1436 1.0000e-12 1.7158e+03    178.488    13.6564    38.3796    28.8758 0.0000e+00
    198.000    13.6846     0.1788    98.1475 -9.990e-29 1.7168e+03    178.640    13.6555    38.3817    28.8775 0.0000e+00
    199.000    13.6762     0.1775    98.1455 1.0000e-12 1.7159e+03    178.746    13.6470    38.3820    28.8796 0.0000e+00
    200.000    13.6643     0.1819    98.1469 1.0000e-12 1.7176e+03    179.345    13.6350    38.3812    28.8816 0.0000e+00
