Data/ruptures/PEACETIME/FAST/PEACETIME_FAST_CTD_059.cnv
* Sea-Bird SBE 9 Data File:
* FileName = C:\CTD\rawCTD\PEACETIME_FAST_CTD_059.hdr
* Software Version Seasave V 7.23.2
* Temperature SN = 1378
* Conductivity SN = 2929
* Number of Bytes Per Scan = 38
* Number of Voltage Words = 5
* Number of Scans Averaged by the Deck Unit = 1
* NMEA Latitude = 37 56.82 N
* NMEA Longitude = 002 54.92 E
* NMEA UTC (Time) = Jun 03 2017  08:01:52
* NMEA baud rate = 4800
** Cruise:   PEACETIME
** Station:   FAST_CTD_059
# nquan = 11
# nvalues = 2499                        
# units = specified
# name 0 = prDM: Pressure, Digiquartz [db]
# name 1 = t090C: Temperature [ITS-90, deg C]
# name 2 = flC: Fluorescence, Chelsea Aqua 3 Chl Con [ug/l]
# name 3 = CStarTr0: Beam Transmission, WET Labs C-Star [%]
# name 4 = par: PAR/Irradiance, Biospherical/Licor
# name 5 = spar: SPAR/Surface Irradiance
# name 6 = sbeox0Mm/Kg: Oxygen, SBE 43 [umol/kg]
# name 7 = potemp090C: Potential Temperature [ITS-90, deg C]
# name 8 = sal00: Salinity, Practical [PSU]
# name 9 = sigma-é00: Density [sigma-theta, kg/m^3]
# name 10 = flag:
# span 0 =      3.000,   2501.000       
# span 1 =    13.1246,    21.0253       
# span 2 =     0.1751,     0.9015       
# span 3 =    96.0806,    98.4076       
# span 4 = -2.621e-05, 8.3730e+02       
# span 5 = 2.0187e+03, 2.1644e+03       
# span 6 =    151.951,    241.312       
# span 7 =    12.9039,    21.0237       
# span 8 =    37.0117,    38.5877       
# span 9 =    26.0499,    29.1159       
# span 10 = 0.0000e+00, 0.0000e+00      
# interval = decibars: 1                
# start_time = Jun 03 2017 08:03:46 [NMEA time, first data scan]
# bad_flag = -9.990e-29
*END*
[from data line 1837]
   1840.000    13.1847     0.1856    98.3956 1.0000e-12 2.1359e+03    177.751    12.9063    38.4809    29.1120 0.0000e+00
   1841.000    13.1849     0.1911    98.3956 1.0000e-12 2.1318e+03    178.051    12.9064    38.4807    29.1119 0.0000e+00
   1842.000    13.1850     0.1816    98.3956 2.1716e-04 2.1297e+03    178.324    12.9063    38.4808    29.1120 0.0000e+00
   1843.000    13.1852     0.1873    98.3956 2.1846e-04 2.1313e+03    178.184    12.9063    38.4808    29.1120 0.0000e+00
   1844.000    13.1853     0.1881    98.3956 1.7504e-04 2.1238e+03    178.187    12.9062    38.4809    29.1120 0.0000e+00
   1845.000    13.1855     0.1861    98.3956 2.5263e-07 2.1313e+03    178.051    12.9063    38.4808    29.1120 0.0000e+00
   1846.000    13.1857     0.1900    98.3956 -9.990e-29 2.1348e+03    177.599    12.9064    38.4808    29.1120 0.0000e+00
   1847.000    13.1858     0.1952    98.3956 -9.990e-29 2.1298e+03    177.795    12.9063    38.4809    29.1120 0.0000e+00
   1848.000    13.1860     0.1955    98.3956 -9.990e-29 2.1284e+03    177.835    12.9063    38.4809    29.1120 0.0000e+00
   1849.000    13.1861     0.1919    98.3846 1.0000e-12 2.1303e+03    177.841    12.9063    38.4809    29.1121 0.0000e+00
   1850.000    13.1863     0.1919    98.3967 3.0285e-04 2.1279e+03    177.694    12.9063    38.4809    29.1121 0.0000e+00
   1851.000    13.1865     0.1907    98.4012 1.4541e-04 2.1303e+03    178.019    12.9063    38.4809    29.1121 0.0000e+00
   1852.000    13.1866     0.1889    98.3966 1.8386e-04 2.1284e+03    177.957    12.9063    38.4809    29.1121 0.0000e+00
   1853.000    13.1868     0.1892    98.3956 1.3120e-06 2.1318e+03    177.949    12.9063    38.4809    29.1121 0.0000e+00
   1854.000    13.1868     0.1856    98.3956 1.0172e-09 2.1320e+03    177.997    12.9062    38.4810    29.1121 0.0000e+00
   1855.000    13.1870     0.1864    98.3956 5.9455e-06 2.1309e+03    177.722    12.9062    38.4810    29.1121 0.0000e+00
   1856.000    13.1872     0.1880    98.3956 -3.640e-08 2.1354e+03    178.135    12.9063    38.4809    29.1121 0.0000e+00
   1857.000    13.1874     0.1892    98.3956 1.0000e-12 2.1319e+03    178.339    12.9063    38.4809    29.1121 0.0000e+00
   1858.000    13.1876     0.1877    98.3956 -9.990e-29 2.1313e+03    178.203    12.9063    38.4810    29.1121 0.0000e+00
   1859.000    13.1877     0.1881    98.3956 -9.990e-29 2.1343e+03    177.900    12.9062    38.4811    29.1122 0.0000e+00
   1860.000    13.1879     0.1865    98.3956 -9.990e-29 2.1310e+03    177.743    12.9063    38.4811    29.1122 0.0000e+00
   1861.000    13.1881     0.1887    98.3956 1.0000e-12 2.1292e+03    178.083    12.9064    38.4811    29.1122 0.0000e+00
   1862.000    13.1883     0.1881    98.3956 1.0000e-12 2.1326e+03    178.324    12.9064    38.4810    29.1121 0.0000e+00
   1863.000    13.1885     0.1903    98.3956 1.0000e-12 2.1344e+03    178.345    12.9063    38.4811    29.1122 0.0000e+00
   1864.000    13.1886     0.1911    98.3956 1.0000e-12 2.1290e+03    178.212    12.9063    38.4811    29.1122 0.0000e+00
   1865.000    13.1888     0.1930    98.3956 1.8759e-04 2.1337e+03    177.871    12.9064    38.4810    29.1121 0.0000e+00
   1866.000    13.1890     0.1902    98.3956 1.1436e-06 2.1277e+03    177.905    12.9064    38.4810    29.1121 0.0000e+00
   1867.000    13.1892     0.1876    98.3956 6.4980e-04 2.1277e+03    177.905    12.9064    38.4810    29.1121 0.0000e+00
   1868.000    13.1893     0.1880    98.3956 3.0951e-04 2.1342e+03    177.954    12.9064    38.4811    29.1122 0.0000e+00
   1869.000    13.1894     0.1909    98.3956 1.9706e-04 2.1287e+03    177.973    12.9063    38.4812    29.1123 0.0000e+00
   1870.000    13.1897     0.1815    98.3956 -9.990e-29 2.1286e+03    177.904    12.9064    38.4811    29.1122 0.0000e+00
   1871.000    13.1898     0.1824    98.3956 -9.990e-29 2.1332e+03    178.086    12.9064    38.4811    29.1122 0.0000e+00
   1872.000    13.1899     0.1881    98.3956 -9.990e-29 2.1357e+03    178.328    12.9063    38.4812    29.1123 0.0000e+00
   1873.000    13.1900     0.1870    98.3956 1.0000e-12 2.1291e+03    178.350    12.9062    38.4811    29.1123 0.0000e+00
   1874.000    13.1902     0.1795    98.3956 2.9644e-06 2.1332e+03    178.017    12.9063    38.4811    29.1123 0.0000e+00
   1875.000    13.1903     0.1842    98.3956 1.3352e-08 2.1319e+03    177.867    12.9063    38.4812    29.1123 0.0000e+00
   1876.000    13.1904     0.1778    98.3956 1.0000e-12 2.1308e+03    178.146    12.9062    38.4811    29.1122 0.0000e+00
   1877.000    13.1905     0.1832    98.3956 1.2947e-05 2.1288e+03    178.018    12.9061    38.4811    29.1122 0.0000e+00
   1878.000    13.1907     0.1886    98.3956 -9.990e-29 2.1305e+03    177.939    12.9062    38.4810    29.1121 0.0000e+00
   1879.000    13.1907     0.1886    98.3956 -9.990e-29 2.1335e+03    178.150    12.9060    38.4812    29.1123 0.0000e+00
   1880.000    13.1910     0.1946    98.3956 -9.990e-29 2.1305e+03    178.193    12.9061    38.4811    29.1122 0.0000e+00
   1881.000    13.1911     0.1890    98.3956 1.0000e-12 2.1309e+03    178.100    12.9060    38.4811    29.1123 0.0000e+00
   1882.000    13.1912     0.1829    98.3956 4.7786e-06 2.1319e+03    178.128    12.9060    38.4811    29.1123 0.0000e+00
   1883.000    13.1914     0.1829    98.3956 2.5395e-06 2.1289e+03    177.902    12.9060    38.4811    29.1123 0.0000e+00
   1884.000    13.1916     0.1887    98.3956 -3.812e-08 2.1324e+03    177.859    12.9061    38.4811    29.1123 0.0000e+00
   1885.000    13.1917     0.1923    98.3956 1.0000e-12 2.1274e+03    178.110    12.9061    38.4811    29.1123 0.0000e+00
   1886.000    13.1919     0.1923    98.3956 1.0000e-12 2.1347e+03    178.031    12.9060    38.4811    29.1122 0.0000e+00
   1887.000    13.1920     0.1909    98.3956 4.4961e-06 2.1328e+03    177.535    12.9060    38.4811    29.1123 0.0000e+00
   1888.000    13.1921     0.1865    98.3956 -4.466e-08 2.1340e+03    177.866    12.9060    38.4811    29.1123 0.0000e+00
   1889.000    13.1923     0.1836    98.3956 1.0000e-12 2.1350e+03    178.093    12.9060    38.4811    29.1123 0.0000e+00
   1890.000    13.1924     0.1875    98.3956 -9.990e-29 2.1341e+03    178.088    12.9060    38.4811    29.1123 0.0000e+00
   1891.000    13.1927     0.1848    98.3956 -9.990e-29 2.1334e+03    178.084    12.9060    38.4811    29.1123 0.0000e+00
   1892.000    13.1928     0.1877    98.3956 -9.990e-29 2.1313e+03    178.252    12.9060    38.4811    29.1123 0.0000e+00
   1893.000    13.1929     0.1887    98.3956 -9.990e-29 2.1314e+03    177.913    12.9059    38.4811    29.1123 0.0000e+00
   1894.000    13.1931     0.1922    98.3956 -9.990e-29 2.1304e+03    177.849    12.9060    38.4810    29.1122 0.0000e+00
   1895.000    13.1933     0.1878    98.3956 -9.990e-29 2.1322e+03    177.906    12.9060    38.4811    29.1123 0.0000e+00
   1896.000    13.1934     0.1873    98.3956 -9.990e-29 2.1325e+03    178.099    12.9059    38.4811    29.1123 0.0000e+00
   1897.000    13.1936     0.1886    98.3956 -9.990e-29 2.1334e+03    178.346    12.9060    38.4811    29.1123 0.0000e+00
   1898.000    13.1937     0.1890    98.3956 2.4691e-05 2.1319e+03    178.211    12.9060    38.4811    29.1123 0.0000e+00
   1899.000    13.1938     0.1793    98.3956 2.3967e-06 2.1333e+03    177.823    12.9059    38.4812    29.1124 0.0000e+00
   1900.000    13.1940     0.1849    98.3956 -2.127e-08 2.1317e+03    177.905    12.9059    38.4812    29.1124 0.0000e+00
   1901.000    13.1941     0.1920    98.3956 1.0000e-12 2.1337e+03    177.966    12.9059    38.4812    29.1124 0.0000e+00
   1902.000    13.1944     0.1905    98.3956 1.0000e-12 2.1388e+03    178.161    12.9060    38.4811    29.1123 0.0000e+00
   1903.000    13.1946     0.1864    98.3956 1.0000e-12 2.1337e+03    178.354    12.9060    38.4811    29.1123 0.0000e+00
   1904.000    13.1946     0.1778    98.3956 1.0000e-12 2.1342e+03    178.295    12.9059    38.4813    29.1124 0.0000e+00
   1905.000    13.1947     0.1814    98.3956 2.2457e-06 2.1326e+03    178.102    12.9058    38.4813    29.1125 0.0000e+00
   1906.000    13.1948     0.1850    98.3956 -1.740e-08 2.1345e+03    178.199    12.9058    38.4812    29.1124 0.0000e+00
   1907.000    13.1950     0.1823    98.3956 -9.990e-29 2.1323e+03    178.457    12.9058    38.4813    29.1124 0.0000e+00
   1908.000    13.1952     0.1792    98.3956 -9.990e-29 2.1324e+03    178.100    12.9058    38.4813    29.1125 0.0000e+00
   1909.000    13.1952     0.1832    98.3956 -9.990e-29 2.1297e+03    178.036    12.9056    38.4813    29.1125 0.0000e+00
   1910.000    13.1954     0.1883    98.3956 1.0000e-12 2.1332e+03    178.429    12.9057    38.4812    29.1124 0.0000e+00
   1911.000    13.1955     0.1878    98.3956 1.0000e-12 2.1328e+03    178.502    12.9056    38.4813    29.1125 0.0000e+00
   1912.000    13.1957     0.1908    98.3956 1.0000e-12 2.1318e+03    178.166    12.9056    38.4813    29.1125 0.0000e+00
   1913.000    13.1959     0.1815    98.3956 1.0000e-12 2.1329e+03    178.087    12.9056    38.4813    29.1125 0.0000e+00
   1914.000    13.1960     0.1768    98.3956 1.0000e-12 2.1315e+03    178.251    12.9056    38.4813    29.1125 0.0000e+00
   1915.000    13.1961     0.1829    98.3956 1.0000e-12 2.1294e+03    178.315    12.9055    38.4814    29.1126 0.0000e+00
   1916.000    13.1963     0.1860    98.3956 1.0000e-12 2.1305e+03    178.399    12.9056    38.4813    29.1125 0.0000e+00
   1917.000    13.1965     0.1942    98.3956 1.0000e-12 2.1291e+03    178.303    12.9057    38.4812    29.1125 0.0000e+00
   1918.000    13.1967     0.1902    98.3956 1.0000e-12 2.1301e+03    177.953    12.9057    38.4813    29.1124 0.0000e+00
   1919.000    13.1969     0.1859    98.3956 1.0000e-12 2.1310e+03    177.881    12.9058    38.4812    29.1124 0.0000e+00
   1920.000    13.1970     0.1911    98.3956 1.0000e-12 2.1288e+03    178.173    12.9056    38.4815    29.1126 0.0000e+00
   1921.000    13.1972     0.1925    98.3956 1.0000e-12 2.1313e+03    178.299    12.9056    38.4814    29.1126 0.0000e+00
   1922.000    13.1974     0.1862    98.3956 1.0000e-12 2.1317e+03    178.142    12.9057    38.4814    29.1125 0.0000e+00
   1923.000    13.1975     0.1841    98.3956 1.0000e-12 2.1353e+03    178.008    12.9056    38.4813    29.1125 0.0000e+00
   1924.000    13.1975     0.1818    98.3956 1.0000e-12 2.1310e+03    177.997    12.9055    38.4814    29.1126 0.0000e+00
   1925.000    13.1977     0.1820    98.3956 1.0000e-12 2.1321e+03    178.271    12.9056    38.4813    29.1125 0.0000e+00
   1926.000    13.1978     0.1847    98.3956 1.0000e-12 2.1347e+03    178.095    12.9055    38.4813    29.1125 0.0000e+00
   1927.000    13.1980     0.1835    98.3956 -9.990e-29 2.1324e+03    178.087    12.9056    38.4813    29.1125 0.0000e+00
   1928.000    13.1983     0.1850    98.3956 -9.990e-29 2.1258e+03    177.815    12.9056    38.4814    29.1126 0.0000e+00
   1929.000    13.1983     0.1798    98.3956 -9.990e-29 2.1300e+03    177.723    12.9055    38.4814    29.1126 0.0000e+00
   1930.000    13.1986     0.1765    98.3956 -9.990e-29 2.1320e+03    178.208    12.9056    38.4814    29.1126 0.0000e+00
   1931.000    13.1987     0.1820    98.3956 -9.990e-29 2.1307e+03    178.408    12.9056    38.4814    29.1126 0.0000e+00
   1932.000    13.1989     0.1809    98.3956 -9.990e-29 2.1331e+03    178.579    12.9056    38.4814    29.1126 0.0000e+00
   1933.000    13.1990     0.1838    98.3956 -9.990e-29 2.1297e+03    178.525    12.9056    38.4813    29.1125 0.0000e+00
   1934.000    13.1991     0.1871    98.3956 -9.990e-29 2.1306e+03    178.241    12.9055    38.4814    29.1126 0.0000e+00
   1935.000    13.1993     0.1893    98.3956 -9.990e-29 2.1333e+03    178.296    12.9055    38.4814    29.1126 0.0000e+00
   1936.000    13.1994     0.1887    98.3956 -9.990e-29 2.1312e+03    178.410    12.9054    38.4815    29.1127 0.0000e+00
   1937.000    13.1995     0.1815    98.3956 -9.990e-29 2.1349e+03    178.385    12.9054    38.4814    29.1126 0.0000e+00
   1938.000    13.1997     0.1796    98.3956 1.0000e-12 2.1255e+03    178.391    12.9054    38.4814    29.1126 0.0000e+00
   1939.000    13.1998     0.1810    98.3956 6.8316e-05 2.1353e+03    178.302    12.9054    38.4815    29.1127 0.0000e+00
   1940.000    13.2002     0.1833    98.3956 2.4215e-05 2.1338e+03    178.199    12.9055    38.4814    29.1126 0.0000e+00
   1941.000    13.2005     0.1842    98.3956 1.5327e-05 2.1341e+03    178.303    12.9057    38.4815    29.1126 0.0000e+00
   1942.000    13.2007     0.1871    98.3956 8.9252e-09 2.1346e+03    178.447    12.9057    38.4815    29.1126 0.0000e+00
   1943.000    13.2008     0.1863    98.3956 1.0000e-12 2.1351e+03    178.182    12.9057    38.4815    29.1127 0.0000e+00
   1944.000    13.2010     0.1848    98.3956 1.0000e-12 2.1350e+03    178.175    12.9057    38.4816    29.1128 0.0000e+00
   1945.000    13.2014     0.1812    98.3956 1.0000e-12 2.1333e+03    178.320    12.9059    38.4818    29.1128 0.0000e+00
   1946.000    13.2017     0.1864    98.3945 1.0000e-12 2.1325e+03    178.132    12.9061    38.4818    29.1128 0.0000e+00
   1947.000    13.2018     0.1863    98.3824 1.0452e-05 2.1311e+03    178.346    12.9061    38.4818    29.1128 0.0000e+00
   1948.000    13.2020     0.1880    98.3912 -1.108e-07 2.1326e+03    178.537    12.9061    38.4816    29.1127 0.0000e+00
   1949.000    13.2020     0.1890    98.3956 1.0000e-12 2.1310e+03    178.418    12.9059    38.4817    29.1127 0.0000e+00
   1950.000    13.2023     0.1869    98.3976 1.2078e-05 2.1314e+03    178.479    12.9060    38.4818    29.1128 0.0000e+00
   1951.000    13.2028     0.1877    98.3956 -9.990e-29 2.1336e+03    178.232    12.9064    38.4818    29.1128 0.0000e+00
   1952.000    13.2030     0.1834    98.3956 -9.990e-29 2.1311e+03    178.328    12.9065    38.4820    29.1128 0.0000e+00
   1953.000    13.2033     0.1831    98.3956 -9.990e-29 2.1343e+03    178.389    12.9065    38.4820    29.1128 0.0000e+00
   1954.000    13.2033     0.1862    98.3956 -9.990e-29 2.1284e+03    178.601    12.9064    38.4819    29.1128 0.0000e+00
   1955.000    13.2035     0.1854    98.3956 -9.990e-29 2.1316e+03    178.634    12.9065    38.4819    29.1128 0.0000e+00
   1956.000    13.2037     0.1869    98.3956 -9.990e-29 2.1313e+03    178.650    12.9064    38.4819    29.1128 0.0000e+00
   1957.000    13.2038     0.1862    98.3956 -9.990e-29 2.1331e+03    178.397    12.9064    38.4819    29.1128 0.0000e+00
   1958.000    13.2041     0.1854    98.3956 -9.990e-29 2.1347e+03    178.028    12.9065    38.4818    29.1127 0.0000e+00
   1959.000    13.2041     0.1862    98.3956 1.0825e-05 2.1299e+03    178.142    12.9064    38.4819    29.1128 0.0000e+00
   1960.000    13.2042     0.1849    98.3956 2.0382e-06 2.1296e+03    178.037    12.9063    38.4819    29.1128 0.0000e+00
   1961.000    13.2044     0.1806    98.3956 9.4370e-06 2.1298e+03    178.249    12.9064    38.4820    29.1129 0.0000e+00
   1962.000    13.2045     0.1841    98.3956 -1.404e-07 2.1324e+03    178.617    12.9063    38.4819    29.1128 0.0000e+00
   1963.000    13.2047     0.1854    98.3956 5.2249e-05 2.1330e+03    178.689    12.9064    38.4819    29.1128 0.0000e+00
   1964.000    13.2049     0.1849    98.3956 3.3255e-06 2.1331e+03    178.576    12.9064    38.4819    29.1128 0.0000e+00
   1965.000    13.2050     0.1846    98.3956 -2.617e-08 2.1343e+03    178.283    12.9063    38.4820    29.1129 0.0000e+00
   1966.000    13.2052     0.1835    98.3956 6.3764e-05 2.1351e+03    178.093    12.9063    38.4819    29.1128 0.0000e+00
   1967.000    13.2054     0.1834    98.3868 -9.521e-07 2.1389e+03    177.950    12.9064    38.4820    29.1129 0.0000e+00
   1968.000    13.2055     0.1896    98.3926 5.1172e-04 2.1348e+03    178.381    12.9063    38.4819    29.1128 0.0000e+00
   1969.000    13.2056     0.1923    98.3916 2.2229e-04 2.1389e+03    178.689    12.9063    38.4821    29.1130 0.0000e+00
