Data/ruptures/PEACETIME/FAST/PEACETIME_FAST_CTD_056.cnv
* Sea-Bird SBE 9 Data File:
* FileName = C:\CTD\rawCTD\PEACETIME_FAST_CTD_056.hdr
* Software Version Seasave V 7.23.2
* Temperature SN = 1378
* Conductivity SN = 2929
* Number of Bytes Per Scan = 38
* Number of Voltage Words = 5
* Number of Scans Averaged by the Deck Unit = 1
* NMEA Latitude = 37 56.76 N
* NMEA Longitude = 002 54.12 E
* NMEA UTC (Time) = Jun 02 2017  16:37:11
* NMEA baud rate = 4800
** Cruise:   PEACETIME
** Station:   FAST_CTD_056
# nquan = 11
# nvalues = 502                         
# units = specified
# name 0 = prDM: Pressure, Digiquartz [db]
# name 1 = t090C: Temperature [ITS-90, deg C]
# name 2 = flC: Fluorescence, Chelsea Aqua 3 Chl Con [ug/l]
# name 3 = CStarTr0: Beam Transmission, WET Labs C-Star [%]
# name 4 = par: PAR/Irradiance, Biospherical/Licor
# name 5 = spar: SPAR/Surface Irradiance
# name 6 = sbeox0Mm/Kg: Oxygen, SBE 43 [umol/kg]
# name 7 = potemp090C: Potential Temperature [ITS-90, deg C]
# name 8 = sal00: Salinity, Practical [PSU]
# name 9 = sigma-é00: Density [sigma-theta, kg/m^3]
# name 10 = flag:
# span 0 =      1.000,    502.000       
# span 1 =    13.4424,    21.2186       
# span 2 =     0.1765,     0.3887       
# span 3 =    93.1024,    98.4175       
# span 4 = 3.7081e-06, 1.2524e+02       
# span 5 = 1.8443e+03, 1.9273e+03       
# span 6 =    151.760,    242.422       
# span 7 =    13.3707,    21.2183       
# span 8 =    36.9954,    38.5859       
# span 9 =    26.0098,    29.0891       
# span 10 = 0.0000e+00, 0.0000e+00      
# interval = decibars: 1                
# start_time = Jun 02 2017 16:37:11 [NMEA time, first data scan]
# bad_flag = -9.990e-29
*END*
[from data line 263]
    264.000    13.5301     0.1818    98.3156 2.5344e-03 1.8633e+03    170.537    13.4916    38.4805    28.9890 0.0000e+00
    265.000    13.5258     0.1899    98.3168 2.6663e-03 1.8687e+03    170.366    13.4870    38.4808    28.9903 0.0000e+00
    266.000    13.5216     0.1852    98.3224 4.4623e-03 1.8666e+03    170.838    13.4827    38.4817    28.9919 0.0000e+00
    267.000    13.5206     0.1882 -9.990e-29 1.9804e-03 1.8673e+03    171.280    13.4816    38.4833    28.9934 0.0000e+00
    268.000    13.5207     0.1866 -9.990e-29 2.4536e-03 1.8678e+03    171.127    13.4816    38.4844    28.9942 0.0000e+00
    269.000    13.5208     0.1840    98.3154 1.6866e-03 1.8694e+03    170.939    13.4815    38.4850    28.9946 0.0000e+00
    270.000    13.5214     0.1854    98.3128 2.3194e-03 1.8677e+03    170.978    13.4820    38.4860    28.9954 0.0000e+00
    271.000    13.5214     0.1907    98.3062 1.6636e-03 1.8683e+03    170.706    13.4818    38.4869    28.9961 0.0000e+00
    272.000    13.5210     0.1860    98.3134 1.3823e-03 1.8663e+03    170.699    13.4812    38.4879    28.9970 0.0000e+00
    273.000    13.5205     0.1802    98.3056 1.5842e-03 1.8708e+03    170.436    13.4806    38.4885    28.9976 0.0000e+00
    274.000    13.5204     0.1843    98.3113 3.6017e-03 1.8619e+03    169.944    13.4804    38.4893    28.9983 0.0000e+00
    275.000    13.5207     0.1886    98.3114 4.5860e-03 1.8643e+03    169.426    13.4806    38.4903    28.9990 0.0000e+00
    276.000    13.5211     0.1912    98.3190 3.0178e-03 1.8652e+03    169.324    13.4808    38.4913    28.9998 0.0000e+00
    277.000    13.5211     0.1909    98.2864 2.1450e-03 1.8597e+03    169.296    13.4806    38.4926    29.0007 0.0000e+00
    278.000    13.5211     0.1957    98.3055 3.0616e-03 1.8654e+03    169.114    13.4805    38.4937    29.0017 0.0000e+00
    279.000    13.5215     0.1881    98.3014 2.4663e-03 1.8696e+03    169.351    13.4807    38.4948    29.0024 0.0000e+00
    280.000    13.5217     0.1896    98.3155 3.3622e-03 1.8693e+03    169.530    13.4807    38.4965    29.0037 0.0000e+00
    281.000    13.5208     0.1877    98.3057 5.3086e-03 1.8711e+03    169.346    13.4797    38.4979    29.0050 0.0000e+00
    282.000    13.5198     0.1897    98.2902 2.9238e-03 1.8714e+03    169.782    13.4786    38.4999    29.0069 0.0000e+00
    283.000    13.5189     0.1902    98.3052 4.4741e-03 1.8662e+03    169.884    13.4775    38.5014    29.0082 0.0000e+00
    284.000    13.5188     0.1859    98.2907 3.1688e-03 1.8703e+03    169.732    13.4773    38.5020    29.0088 0.0000e+00
    285.000    13.5197     0.1859    98.2962 2.4040e-03 1.8688e+03    168.738    13.4781    38.5032    29.0095 0.0000e+00
    286.000    13.5162     0.1839 -9.990e-29 4.0400e-03 1.8699e+03    164.833    13.4744    38.5035    29.0106 0.0000e+00
    287.000    13.5125     0.1846 -9.990e-29 5.8068e-03 1.8701e+03    162.289    13.4705    38.5040    29.0117 0.0000e+00
    288.000    13.5116     0.1814    98.2903 3.0255e-03 1.8723e+03    161.322    13.4695    38.5049    29.0127 0.0000e+00
    289.000    13.5114     0.1788    98.2868 3.2571e-03 1.8655e+03    161.209    13.4691    38.5056    29.0132 0.0000e+00
    290.000    13.5115     0.1833    98.2929 3.8436e-03 1.8654e+03    160.846    13.4691    38.5059    29.0135 0.0000e+00
    291.000    13.5116     0.1862    98.2866 2.8375e-03 1.8642e+03    160.861    13.4691    38.5061    29.0137 0.0000e+00
    292.000    13.5118     0.1846    98.3000 2.1332e-03 1.8665e+03    160.867    13.4691    38.5071    29.0144 0.0000e+00
    293.000    13.5110     0.1885    98.2887 4.8982e-03 1.8609e+03    160.171    13.4682    38.5087    29.0159 0.0000e+00
    294.000    13.5103     0.1888 -9.990e-29 3.6510e-03 1.8637e+03    159.693    13.4673    38.5097    29.0168 0.0000e+00
    295.000    13.5100     0.1882 -9.990e-29 1.9599e-03 1.8559e+03    159.297    13.4669    38.5114    29.0183 0.0000e+00
    296.000    13.5080     0.1877    98.2915 1.8894e-03 1.8580e+03    158.628    13.4648    38.5122    29.0193 0.0000e+00
    297.000    13.5070     0.1908    98.2908 4.8696e-03 1.8595e+03    158.188    13.4636    38.5125    29.0198 0.0000e+00
    298.000    13.5066     0.1913    98.2814 3.8857e-03 1.8584e+03    158.073    13.4630    38.5126    29.0200 0.0000e+00
    299.000    13.5064     0.1869    98.2826 3.2977e-03 1.8584e+03    158.374    13.4626    38.5128    29.0202 0.0000e+00
    300.000    13.5062     0.1913    98.2894 4.0933e-03 1.8573e+03    158.194    13.4623    38.5130    29.0205 0.0000e+00
    301.000    13.5067     0.1905    98.2836 1.6513e-03 1.8629e+03    158.309    13.4627    38.5139    29.0211 0.0000e+00
    302.000    13.5087     0.1873    98.2867 3.2406e-03 1.8660e+03    158.338    13.4645    38.5158    29.0222 0.0000e+00
    303.000    13.5104     0.1833    98.2895 2.8684e-04 1.8649e+03    158.496    13.4661    38.5178    29.0234 0.0000e+00
    304.000    13.5102     0.1912    98.2719 1.0459e-03 1.8651e+03    158.424    13.4658    38.5189    29.0243 0.0000e+00
    305.000    13.5118     0.1919 -9.990e-29 7.3885e-04 1.8677e+03    159.097    13.4672    38.5207    29.0254 0.0000e+00
    306.000    13.5149     0.1856 -9.990e-29 6.3552e-04 1.8655e+03    162.582    13.4701    38.5230    29.0265 0.0000e+00
    307.000    13.5184     0.1842    98.3109 1.9064e-03 1.8653e+03    165.371    13.4735    38.5252    29.0276 0.0000e+00
    308.000    13.5199     0.1839    98.3163 1.1827e-03 1.8657e+03    165.745    13.4749    38.5269    29.0286 0.0000e+00
    309.000    13.5175     0.1857    98.3116 8.8469e-04 1.8653e+03    165.759    13.4723    38.5267    29.0290 0.0000e+00
    310.000    13.5170     0.1898    98.3112 8.1865e-04 1.8637e+03    165.559    13.4717    38.5271    29.0294 0.0000e+00
    311.000    13.5223     0.1851    98.3217 5.2165e-04 1.8635e+03    165.177    13.4768    38.5290    29.0298 0.0000e+00
    312.000    13.5171     0.1835    98.3100 4.9045e-04 1.8617e+03    165.493    13.4714    38.5278    29.0300 0.0000e+00
    313.000    13.5154     0.1816    98.3223 1.1644e-03 1.8608e+03    165.389    13.4696    38.5281    29.0307 0.0000e+00
    314.000    13.5152     0.1815    98.3190 8.3405e-04 1.8546e+03    165.776    13.4692    38.5286    29.0311 0.0000e+00
    315.000    13.5149     0.1824    98.3280 9.3060e-04 1.8563e+03    165.413    13.4688    38.5291    29.0316 0.0000e+00
    316.000    13.5150     0.1830    98.3162 1.1233e-03 1.8603e+03    165.073    13.4687    38.5292    29.0317 0.0000e+00
    317.000    13.5151     0.1852    98.3300 9.1602e-04 1.8577e+03    165.172    13.4687    38.5294    29.0318 0.0000e+00
    318.000    13.5150     0.1853 -9.990e-29 9.5826e-04 1.8597e+03    165.369    13.4684    38.5300    29.0324 0.0000e+00
    319.000    13.5141     0.1916 -9.990e-29 1.5999e-03 1.8632e+03    165.050    13.4674    38.5310    29.0334 0.0000e+00
    320.000    13.5128     0.1837    98.3176 2.3822e-03 1.8634e+03    164.983    13.4660    38.5322    29.0346 0.0000e+00
    321.000    13.5117     0.1826    98.3264 1.4375e-03 1.8664e+03    164.920    13.4647    38.5332    29.0356 0.0000e+00
    322.000    13.5106     0.1780    98.3265 7.1231e-04 1.8645e+03    164.391    13.4634    38.5344    29.0368 0.0000e+00
    323.000    13.5102     0.1817    98.3279 2.5475e-03 1.8632e+03    164.281    13.4629    38.5355    29.0378 0.0000e+00
    324.000    13.5099     0.1841    98.3176 1.7724e-03 1.8548e+03    164.318    13.4625    38.5359    29.0382 0.0000e+00
    325.000    13.5114     0.1868    98.3228 1.6892e-03 1.8594e+03    164.330    13.4638    38.5376    29.0392 0.0000e+00
    326.000    13.5158     0.1797    98.3269 5.9582e-04 1.8605e+03    163.835    13.4680    38.5407    29.0407 0.0000e+00
    327.000    13.5136     0.1818    98.3369 1.0034e-03 1.8638e+03    163.615    13.4658    38.5405    29.0411 0.0000e+00
    328.000    13.5124     0.1875    98.3224 8.1527e-05 1.8637e+03    163.796    13.4643    38.5405    29.0414 0.0000e+00
    329.000    13.5091     0.1866    98.3255 1.7073e-04 1.8640e+03    163.882    13.4610    38.5400    29.0417 0.0000e+00
    330.000    13.5072     0.1858    98.3313 6.5258e-04 1.8605e+03    163.763    13.4588    38.5401    29.0422 0.0000e+00
    331.000    13.5076     0.1854    98.3077 2.1995e-03 1.8578e+03    163.554    13.4592    38.5408    29.0427 0.0000e+00
    332.000    13.5088     0.1829    98.3332 1.8429e-03 1.8571e+03    163.337    13.4602    38.5420    29.0434 0.0000e+00
    333.000    13.5088     0.1855    98.3329 1.2721e-03 1.8608e+03    163.638    13.4600    38.5423    29.0437 0.0000e+00
    334.000    13.5094     0.1862    98.3345 1.5982e-03 1.8643e+03    162.702    13.4605    38.5425    29.0438 0.0000e+00
    335.000    13.5093     0.1878    98.3402 9.4272e-04 1.8583e+03    162.749    13.4602    38.5425    29.0438 0.0000e+00
    336.000    13.5093     0.1917    98.3340 2.6801e-04 1.8596e+03    162.747    13.4601    38.5426    29.0439 0.0000e+00
    337.000    13.5095     0.1868    98.3333 2.0810e-04 1.8595e+03    163.358    13.4601    38.5426    29.0439 0.0000e+00
    338.000    13.5093     0.1838    98.3340 1.2886e-03 1.8624e+03    163.511    13.4598    38.5426    29.0440 0.0000e+00
    339.000    13.5115     0.1869    98.3345 1.3874e-03 1.8609e+03    162.967    13.4619    38.5438    29.0444 0.0000e+00
    340.000    13.5181     0.1835    98.3392 1.4243e-03 1.8535e+03    161.544    13.4683    38.5468    29.0454 0.0000e+00
    341.000    13.5389     0.1855    98.3526 3.5891e-04 1.8611e+03    157.846    13.4889    38.5564    29.0485 0.0000e+00
    342.000    13.5483     0.1873    98.3559 2.4504e-04 1.8569e+03    155.532    13.4981    38.5596    29.0490 0.0000e+00
    343.000    13.5501     0.1882    98.3555 4.3992e-04 1.8603e+03    154.965    13.4997    38.5601    29.0490 0.0000e+00
    344.000    13.5511     0.1881    98.3650 3.7999e-04 1.8553e+03    154.589    13.5006    38.5607    29.0493 0.0000e+00
    345.000    13.5519     0.1855    98.3696 8.9687e-04 1.8610e+03    154.573    13.5013    38.5610    29.0494 0.0000e+00
    346.000    13.5520     0.1802    98.3704 8.2817e-04 1.8658e+03    154.411    13.5013    38.5612    29.0496 0.0000e+00
    347.000    13.5517     0.1849    98.3703 8.6424e-04 1.8690e+03    154.475    13.5008    38.5615    29.0499 0.0000e+00
    348.000    13.5472     0.1874    98.3614 1.9315e-03 1.8659e+03    154.187    13.4961    38.5613    29.0507 0.0000e+00
    349.000    13.5458     0.1885    98.3704 1.2086e-04 1.8693e+03    153.391    13.4946    38.5623    29.0518 0.0000e+00
    350.000    13.5472     0.1848    98.3696 4.4920e-05 1.8668e+03    152.947    13.4959    38.5638    29.0527 0.0000e+00
    351.000    13.5491     0.1785    98.3696 6.9345e-04 1.8646e+03    153.160    13.4975    38.5646    29.0530 0.0000e+00
    352.000    13.5511     0.1786    98.3703 5.7093e-04 1.8654e+03    153.275    13.4994    38.5654    29.0533 0.0000e+00
    353.000    13.5524     0.1814    98.3663 3.8119e-05 1.8642e+03    152.976    13.5005    38.5665    29.0539 0.0000e+00
    354.000    13.5521     0.1841    98.3884 2.3967e-03 1.8614e+03    152.754    13.5001    38.5669    29.0542 0.0000e+00
    355.000    13.5497     0.1809    98.3836 2.6635e-04 1.8638e+03    152.579    13.4975    38.5667    29.0547 0.0000e+00
    356.000    13.5474     0.1905    98.3865 2.1338e-03 1.8654e+03    152.828    13.4951    38.5668    29.0552 0.0000e+00
    357.000    13.5468     0.1877    98.3754 1.5983e-03 1.8594e+03    152.707    13.4944    38.5669    29.0555 0.0000e+00
    358.000    13.5461     0.1854    98.3881 1.5477e-03 1.8623e+03    152.435    13.4935    38.5673    29.0559 0.0000e+00
    359.000    13.5446     0.1812    98.3829 5.9295e-04 1.8649e+03    152.539    13.4919    38.5675    29.0565 0.0000e+00
    360.000    13.5446     0.1778    98.3844 8.6459e-04 1.8611e+03    152.288    13.4917    38.5679    29.0568 0.0000e+00
    361.000    13.5434     0.1831    98.3837 6.0676e-04 1.8626e+03    152.241    13.4904    38.5685    29.0576 0.0000e+00
    362.000    13.5415     0.1826    98.3826 1.5571e-03 1.8579e+03    151.883    13.4883    38.5683    29.0578 0.0000e+00
    363.000    13.5396     0.1868    98.3724 9.5724e-04 1.8582e+03    152.424    13.4863    38.5686    29.0585 0.0000e+00
    364.000    13.5382     0.1830    98.3859 8.2472e-04 1.8595e+03    152.355    13.4847    38.5689    29.0590 0.0000e+00
    365.000    13.5365     0.1768    98.3940 6.1004e-04 1.8593e+03    151.967    13.4829    38.5692    29.0597 0.0000e+00
    366.000    13.5339     0.1796    98.3956 2.4669e-05 1.8642e+03    152.160    13.4802    38.5696    29.0605 0.0000e+00
    367.000    13.5322     0.1868    98.3912 3.5370e-04 1.8644e+03    151.905    13.4784    38.5696    29.0610 0.0000e+00
    368.000    13.5307     0.1862    98.3850 6.8621e-04 1.8619e+03    151.977    13.4766    38.5694    29.0612 0.0000e+00
    369.000    13.5289     0.1853    98.3869 1.1342e-03 1.8589e+03    152.133    13.4747    38.5693    29.0615 0.0000e+00
    370.000    13.5280     0.1802    98.3921 2.1878e-04 1.8633e+03    152.272    13.4737    38.5695    29.0618 0.0000e+00
    371.000    13.5273     0.1765    98.3743 2.4086e-04 1.8621e+03    152.111    13.4728    38.5696    29.0621 0.0000e+00
    372.000    13.5269     0.1804    98.3826 3.8071e-04 1.8616e+03    152.093    13.4723    38.5700    29.0625 0.0000e+00
    373.000    13.5266     0.1824    98.3853 1.8874e-05 1.8591e+03    152.159    13.4719    38.5705    29.0630 0.0000e+00
    374.000    13.5235     0.1830    98.3921 1.1665e-03 1.8639e+03    151.982    13.4686    38.5706    29.0638 0.0000e+00
    375.000    13.5238     0.1786    98.3884 7.8339e-04 1.8629e+03    152.093    13.4687    38.5710    29.0641 0.0000e+00
    376.000    13.5239     0.1791    98.3849 7.8561e-05 1.8617e+03    152.395    13.4687    38.5712    29.0643 0.0000e+00
    377.000    13.5252     0.1836    98.3879 1.0498e-04 1.8611e+03    152.053    13.4699    38.5722    29.0648 0.0000e+00
    378.000    13.5266     0.1814    98.3955 6.8741e-04 1.8651e+03    152.115    13.4711    38.5732    29.0653 0.0000e+00
    379.000    13.5259     0.1838    98.3956 9.3186e-04 1.8637e+03    151.760    13.4703    38.5729    29.0652 0.0000e+00
    380.000    13.5242     0.1817    98.3956 3.0014e-04 1.8658e+03    152.043    13.4684    38.5724    29.0653 0.0000e+00
    381.000    13.5224     0.1801    98.3875 3.7081e-06 1.8674e+03    151.881    13.4665    38.5722    29.0655 0.0000e+00
    382.000    13.5247     0.1827    98.3884 1.6245e-03 1.8611e+03    152.171    13.4686    38.5736    29.0661 0.0000e+00
    383.000    13.5285     0.1801    98.3898 1.9777e-03 1.8628e+03    152.259    13.4722    38.5752    29.0666 0.0000e+00
    384.000    13.5291     0.1857    98.3934 3.0177e-03 1.8634e+03    152.414    13.4727    38.5756    29.0668 0.0000e+00
    385.000    13.5281     0.1861    98.3911 8.2200e-04 1.8640e+03    152.159    13.4716    38.5763    29.0676 0.0000e+00
    386.000    13.5302     0.1799    98.3957 1.0730e-03 1.8631e+03    151.846    13.4735    38.5771    29.0678 0.0000e+00
    387.000    13.5288     0.1831    98.3956 1.1905e-03 1.8640e+03    151.964    13.4720    38.5768    29.0678 0.0000e+00
    388.000    13.5211     0.1844    98.3921 2.5224e-03 1.8690e+03    152.096    13.4641    38.5754    29.0685 0.0000e+00
    389.000    13.5178     0.1834    98.3911 2.5938e-03 1.8644e+03    152.336    13.4607    38.5752    29.0690 0.0000e+00
    390.000    13.5181     0.1838    98.3989 8.7440e-04 1.8649e+03    152.444    13.4608    38.5754    29.0692 0.0000e+00
    391.000    13.5201     0.1842    98.3956 3.5181e-04 1.8679e+03    152.327    13.4627    38.5763    29.0695 0.0000e+00
    392.000    13.5217     0.1853    98.3956 4.8355e-04 1.8604e+03    152.755    13.4642    38.5770    29.0697 0.0000e+00
    393.000    13.5218     0.1849    98.3929 1.0557e-03 1.8615e+03    152.168    13.4641    38.5772    29.0699 0.0000e+00
