Data/ruptures/PEACETIME/FAST/PEACETIME_FAST_CTD_091.cnv
* Sea-Bird SBE 9 Data File:
* FileName = C:\CTD\rawCTD\PEACETIME_FAST_CTD_091.hdr
* Software Version Seasave V 7.23.2
* Temperature SN = 1378
* Conductivity SN = 2929
* Number of Bytes Per Scan = 38
* Number of Voltage Words = 5
* Number of Scans Averaged by the Deck Unit = 1
* NMEA Latitude = 37 56.81 N
* NMEA Longitude = 002 54.94 E
* NMEA UTC (Time) = Jun 09 2017  04:33:13
* NMEA baud rate = 4800
** Cruise:   PEACETIME
** Station:   FAST_CTD_091
# nquan = 11
# nvalues = 498                         
# units = specified
# name 0 = prDM: Pressure, Digiquartz [db]
# name 1 = t090C: Temperature [ITS-90, deg C]
# name 2 = flC: Fluorescence, Chelsea Aqua 3 Chl Con [ug/l]
# name 3 = CStarTr0: Beam Transmission, WET Labs C-Star [%]
# name 4 = par: PAR/Irradiance, Biospherical/Licor
# name 5 = spar: SPAR/Surface Irradiance
# name 6 = sbeox0Mm/Kg: Oxygen, SBE 43 [umol/kg]
# name 7 = potemp090C: Potential Temperature [ITS-90, deg C]
# name 8 = sal00: Salinity, Practical [PSU]
# name 9 = sigma-é00: Density [sigma-theta, kg/m^3]
# name 10 = flag:
# span 0 =      3.000,    500.000       
# span 1 =    13.4556,    21.5679       
# span 2 =     0.1735,     0.3541       
# span 3 =    94.8539,    98.1279       
# span 4 = 1.0000e-12, 8.5855e+00       
# span 5 = 4.5438e+01, 1.4785e+02       
# span 6 =    151.998,    240.321       
# span 7 =    13.3826,    21.5655       
# span 8 =    37.0614,    38.5971       
# span 9 =    25.9540,    29.0894       
# span 10 = 0.0000e+00, 0.0000e+00      
# interval = decibars: 1                
# start_time = Jun 09 2017 04:33:13 [NMEA time, first data scan]
# bad_flag = -9.990e-29
*END*
[from data line 263]
    266.000    13.6027     0.1864    98.0824 1.0000e-12 8.1576e+01    163.785    13.5637    38.5100    28.9966 0.0000e+00
    267.000    13.6025     0.1810    98.0951 1.0000e-12 8.2756e+01    163.408    13.5634    38.5110    28.9974 0.0000e+00
    268.000    13.6006     0.1844    98.0914 1.0000e-12 8.2047e+01    162.957    13.5613    38.5107    28.9977 0.0000e+00
    269.000    13.5908     0.1819    98.0847 1.0000e-12 8.3229e+01    163.668    13.5514    38.5104    28.9995 0.0000e+00
    270.000    13.5883     0.1816    98.0948 1.0000e-12 8.2669e+01    163.505    13.5487    38.5118    29.0011 0.0000e+00
    271.000    13.5906     0.1827    98.0978 1.0000e-12 8.3691e+01    163.150    13.5509    38.5133    29.0019 0.0000e+00
    272.000    13.5922     0.1811    98.0939 1.0000e-12 7.9654e+01    162.318    13.5524    38.5142    29.0022 0.0000e+00
    273.000    13.5956     0.1796    98.0931 1.0000e-12 8.5721e+01    161.792    13.5556    38.5179    29.0045 0.0000e+00
    274.000    13.5921     0.1862    98.0947 1.0000e-12 8.1025e+01    162.497    13.5520    38.5189    29.0060 0.0000e+00
    275.000    13.5822     0.1845    98.1014 1.0000e-12 8.0078e+01    163.955    13.5419    38.5166    29.0064 0.0000e+00
    276.000    13.5726     0.1839    98.0971 1.0000e-12 8.2699e+01    165.230    13.5322    38.5162    29.0081 0.0000e+00
    277.000    13.5746     0.1838    98.0903 1.0000e-12 8.1239e+01    164.902    13.5340    38.5177    29.0089 0.0000e+00
    278.000    13.5823     0.1825    98.1063 1.0000e-12 8.6203e+01    163.720    13.5415    38.5214    29.0101 0.0000e+00
    279.000    13.5853     0.1822    98.0915 1.0000e-12 8.5614e+01    163.489    13.5444    38.5226    29.0105 0.0000e+00
    280.000    13.5762     0.1819    97.9617 1.0000e-12 8.7583e+01    164.605    13.5351    38.5204    29.0108 0.0000e+00
    281.000    13.5713     0.1808    97.8881 1.0000e-12 9.0601e+01    165.153    13.5301    38.5204    29.0118 0.0000e+00
    282.000    13.5720     0.1810    98.0396 1.0000e-12 9.1948e+01    165.238    13.5307    38.5209    29.0121 0.0000e+00
    283.000    13.5768     0.1746    98.0874 1.0000e-12 8.6914e+01    164.793    13.5354    38.5239    29.0134 0.0000e+00
    284.000    13.5745     0.1816    98.0712 1.0000e-12 9.2841e+01    164.954    13.5329    38.5245    29.0144 0.0000e+00
    285.000    13.5741     0.1841    98.0122 1.0000e-12 9.4487e+01    164.596    13.5323    38.5250    29.0149 0.0000e+00
    286.000    13.5753     0.1878    98.0150 1.0000e-12 9.2551e+01    164.193    13.5333    38.5262    29.0156 0.0000e+00
    287.000    13.5748     0.1892    98.1058 1.0000e-12 9.2186e+01    164.637    13.5328    38.5267    29.0161 0.0000e+00
    288.000    13.5756     0.1826    98.0847 1.0000e-12 9.0869e+01    164.403    13.5333    38.5274    29.0165 0.0000e+00
    289.000    13.5792     0.1772    98.1004 1.0000e-12 9.1066e+01    164.193    13.5368    38.5294    29.0173 0.0000e+00
    290.000    13.5798     0.1780    98.0853 1.0000e-12 8.8001e+01    163.755    13.5373    38.5295    29.0173 0.0000e+00
    291.000    13.5810     0.1795    98.1046 1.0000e-12 8.5877e+01    163.313    13.5383    38.5314    29.0186 0.0000e+00
    292.000    13.5844     0.1805    98.0953 1.0000e-12 9.1915e+01    162.888    13.5416    38.5335    29.0195 0.0000e+00
    293.000    13.5891     0.1825    98.1040 1.0000e-12 8.7296e+01    162.237    13.5461    38.5359    29.0204 0.0000e+00
    294.000    13.6012     0.1830    98.1065 1.0000e-12 8.7020e+01    159.848    13.5580    38.5408    29.0217 0.0000e+00
    295.000    13.6100     0.1889    98.1031 1.0000e-12 8.9767e+01    158.329    13.5667    38.5439    29.0222 0.0000e+00
    296.000    13.6131     0.1861    98.1010 1.0000e-12 8.7589e+01    157.720    13.5696    38.5447    29.0222 0.0000e+00
    297.000    13.6130     0.1774    98.1034 1.0000e-12 9.3880e+01    157.815    13.5693    38.5447    29.0223 0.0000e+00
    298.000    13.6067     0.1809    98.0995 1.0000e-12 8.9236e+01    159.253    13.5629    38.5439    29.0230 0.0000e+00
    299.000    13.6026     0.1876    98.1054 1.0000e-12 8.8118e+01    160.177    13.5587    38.5436    29.0237 0.0000e+00
    300.000    13.6004     0.1823    98.1110 1.0000e-12 9.2491e+01    159.592    13.5564    38.5440    29.0245 0.0000e+00
    301.000    13.6033     0.1823    98.1080 1.0000e-12 9.3970e+01    159.067    13.5590    38.5466    29.0259 0.0000e+00
    302.000    13.6066     0.1837    98.1094 1.0000e-12 8.9324e+01    158.028    13.5622    38.5486    29.0268 0.0000e+00
    303.000    13.6076     0.1787 -9.990e-29 1.0000e-12 8.7811e+01    157.928    13.5631    38.5494    29.0273 0.0000e+00
    304.000    13.6074     0.1780 -9.990e-29 1.0000e-12 8.9445e+01    158.015    13.5628    38.5501    29.0279 0.0000e+00
    305.000    13.6074     0.1804 -9.990e-29 1.0000e-12 8.7840e+01    158.080    13.5625    38.5510    29.0286 0.0000e+00
    306.000    13.6057     0.1809 -9.990e-29 1.0000e-12 8.9445e+01    158.109    13.5607    38.5511    29.0291 0.0000e+00
    307.000    13.6046     0.1841    98.0975 1.0000e-12 9.1839e+01    157.503    13.5595    38.5519    29.0299 0.0000e+00
    308.000    13.6041     0.1817    98.1078 1.0000e-12 8.9286e+01    156.371    13.5588    38.5530    29.0309 0.0000e+00
    309.000    13.6024     0.1846    98.1041 1.0000e-12 8.7940e+01    155.098    13.5570    38.5546    29.0326 0.0000e+00
    310.000    13.6006     0.1803    98.0993 1.0000e-12 9.0416e+01    154.402    13.5551    38.5555    29.0337 0.0000e+00
    311.000    13.5999     0.1769    98.1030 1.0000e-12 9.6626e+01    154.526    13.5542    38.5556    29.0340 0.0000e+00
    312.000    13.6001     0.1802    98.0997 1.0000e-12 9.4492e+01    154.419    13.5542    38.5553    29.0337 0.0000e+00
    313.000    13.5983     0.1858    98.1029 1.0000e-12 8.5467e+01    154.213    13.5523    38.5557    29.0345 0.0000e+00
    314.000    13.5959     0.1840    98.0940 1.0000e-12 9.1642e+01    154.343    13.5497    38.5565    29.0356 0.0000e+00
    315.000    13.5943     0.1847    98.1000 1.0000e-12 9.4411e+01    154.611    13.5481    38.5574    29.0366 0.0000e+00
    316.000    13.5954     0.1835    98.1087 1.0000e-12 9.1124e+01    154.383    13.5489    38.5572    29.0363 0.0000e+00
    317.000    13.5926     0.1845    98.1008 1.0000e-12 9.2350e+01    154.502    13.5461    38.5581    29.0376 0.0000e+00
    318.000    13.5905     0.1826    98.0961 1.0000e-12 9.4737e+01    154.533    13.5437    38.5583    29.0383 0.0000e+00
    319.000    13.5889     0.1813    98.1008 1.0000e-12 9.5137e+01    154.218    13.5420    38.5582    29.0386 0.0000e+00
    320.000    13.5858     0.1797    98.0963 1.0000e-12 9.4611e+01    153.793    13.5388    38.5584    29.0394 0.0000e+00
    321.000    13.5845     0.1791    98.0973 1.0000e-12 9.5377e+01    153.262    13.5373    38.5583    29.0397 0.0000e+00
    322.000    13.5836     0.1829    98.0923 -9.990e-29 9.4798e+01    153.556    13.5363    38.5588    29.0402 0.0000e+00
    323.000    13.5834     0.1879    98.0957 -9.990e-29 9.3675e+01    153.113    13.5359    38.5597    29.0411 0.0000e+00
    324.000    13.5820     0.1842    98.1000 1.0000e-12 9.5294e+01    153.553    13.5344    38.5606    29.0420 0.0000e+00
    325.000    13.5820     0.1862    98.0987 1.0000e-12 9.1775e+01    153.574    13.5343    38.5617    29.0429 0.0000e+00
    326.000    13.5839     0.1850    98.0988 1.0000e-12 9.3589e+01    153.422    13.5360    38.5626    29.0433 0.0000e+00
    327.000    13.5889     0.1819 -9.990e-29 1.0000e-12 9.7806e+01    154.497    13.5408    38.5644    29.0436 0.0000e+00
    328.000    13.5937     0.1835 -9.990e-29 1.0000e-12 1.0689e+02    154.747    13.5455    38.5668    29.0445 0.0000e+00
    329.000    13.5869     0.1871    98.1015 1.0000e-12 1.0796e+02    154.193    13.5386    38.5663    29.0456 0.0000e+00
    330.000    13.5826     0.1871    98.1022 -9.990e-29 1.0902e+02    153.851    13.5341    38.5656    29.0460 0.0000e+00
    331.000    13.5810     0.1809    98.0982 1.0000e-12 1.0857e+02    153.786    13.5323    38.5655    29.0463 0.0000e+00
    332.000    13.5798     0.1882    98.1048 1.0000e-12 1.1019e+02    153.601    13.5310    38.5656    29.0466 0.0000e+00
    333.000    13.5825     0.1846    98.0956 1.0000e-12 1.1531e+02    153.728    13.5335    38.5672    29.0473 0.0000e+00
    334.000    13.5829     0.1852    98.0937 1.0000e-12 1.1077e+02    153.372    13.5338    38.5678    29.0478 0.0000e+00
    335.000    13.5828     0.1869    98.1036 1.0000e-12 1.1144e+02    153.529    13.5336    38.5678    29.0478 0.0000e+00
    336.000    13.5818     0.1846    98.0999 1.0000e-12 1.1057e+02    153.407    13.5324    38.5681    29.0483 0.0000e+00
    337.000    13.5878     0.1880    98.0921 -9.990e-29 1.1763e+02    154.207    13.5383    38.5727    29.0506 0.0000e+00
    338.000    13.5973     0.1870    98.1113 -9.990e-29 1.1366e+02    155.120    13.5475    38.5760    29.0512 0.0000e+00
    339.000    13.5962     0.1822    98.1139 1.0000e-12 1.1707e+02    155.075    13.5463    38.5753    29.0509 0.0000e+00
    340.000    13.5939     0.1788    98.1122 1.0000e-12 1.1102e+02    154.782    13.5439    38.5749    29.0511 0.0000e+00
    341.000    13.5925     0.1807 -9.990e-29 1.0000e-12 1.1441e+02    155.161    13.5423    38.5772    29.0533 0.0000e+00
    342.000    13.5918     0.1777 -9.990e-29 1.0000e-12 1.2257e+02    154.977    13.5415    38.5781    29.0541 0.0000e+00
    343.000    13.5920     0.1860    98.1007 1.0000e-12 1.2219e+02    155.029    13.5416    38.5781    29.0541 0.0000e+00
    344.000    13.5920     0.1856    98.1149 1.0000e-12 1.1589e+02    155.156    13.5414    38.5784    29.0543 0.0000e+00
    345.000    13.5914     0.1859    98.1015 1.0000e-12 1.1211e+02    155.205    13.5406    38.5791    29.0551 0.0000e+00
    346.000    13.5907     0.1844    98.1116 1.0000e-12 1.1550e+02    154.391    13.5398    38.5789    29.0551 0.0000e+00
    347.000    13.5905     0.1827    98.1124 1.0000e-12 1.1857e+02    154.689    13.5394    38.5788    29.0551 0.0000e+00
    348.000    13.5878     0.1844    98.1092 1.0000e-12 1.0133e+02    154.380    13.5366    38.5783    29.0553 0.0000e+00
    349.000    13.5777     0.1848    98.1045 1.0000e-12 9.6003e+01    153.502    13.5264    38.5765    29.0561 0.0000e+00
    350.000    13.5737     0.1785    98.1052 1.0000e-12 1.0784e+02    153.215    13.5222    38.5758    29.0564 0.0000e+00
    351.000    13.5744     0.1863    98.1037 1.0000e-12 1.0851e+02    153.137    13.5228    38.5762    29.0566 0.0000e+00
    352.000    13.5738     0.1880    98.1090 1.0000e-12 9.9066e+01    153.267    13.5220    38.5769    29.0573 0.0000e+00
    353.000    13.5721     0.1847    98.1077 1.0000e-12 9.4498e+01    153.148    13.5202    38.5773    29.0580 0.0000e+00
    354.000    13.5725     0.1810    98.0960 1.0000e-12 9.8521e+01    153.014    13.5204    38.5778    29.0584 0.0000e+00
    355.000    13.5729     0.1819    98.1032 1.0000e-12 9.6502e+01    152.680    13.5207    38.5779    29.0584 0.0000e+00
    356.000    13.5729     0.1844    98.1019 1.0000e-12 9.9431e+01    152.967    13.5205    38.5786    29.0590 0.0000e+00
    357.000    13.5734     0.1839    98.1045 1.0000e-12 9.8222e+01    152.907    13.5209    38.5790    29.0592 0.0000e+00
    358.000    13.5725     0.1821    98.1047 1.0000e-12 1.0025e+02    152.756    13.5199    38.5792    29.0595 0.0000e+00
    359.000    13.5725     0.1767    98.0994 1.0000e-12 9.7360e+01    153.143    13.5197    38.5793    29.0596 0.0000e+00
    360.000    13.5724     0.1813    98.1069 1.0000e-12 1.0196e+02    152.927    13.5195    38.5798    29.0601 0.0000e+00
    361.000    13.5718     0.1805    98.0904 1.0000e-12 1.0851e+02    152.906    13.5187    38.5800    29.0605 0.0000e+00
    362.000    13.5720     0.1894    98.1050 1.0000e-12 1.0071e+02    152.946    13.5188    38.5804    29.0608 0.0000e+00
    363.000    13.5716     0.1864    98.0961 1.0000e-12 1.0135e+02    152.617    13.5183    38.5805    29.0609 0.0000e+00
    364.000    13.5711     0.1843    98.0389 1.0000e-12 1.0593e+02    152.127    13.5175    38.5808    29.0613 0.0000e+00
    365.000    13.5713     0.1832    98.0958 1.0000e-12 1.1388e+02    152.960    13.5176    38.5806    29.0612 0.0000e+00
    366.000    13.5717     0.1834    98.1152 1.0000e-12 1.0346e+02    152.710    13.5179    38.5810    29.0614 0.0000e+00
    367.000    13.5726     0.1808    98.0999 1.0000e-12 1.0100e+02    153.023    13.5187    38.5819    29.0619 0.0000e+00
    368.000    13.5734     0.1804    98.0852 1.0000e-12 1.0069e+02    152.884    13.5193    38.5823    29.0621 0.0000e+00
    369.000    13.5736     0.1810    98.1010 1.0000e-12 1.0416e+02    152.795    13.5193    38.5823    29.0621 0.0000e+00
    370.000    13.5737     0.1856    98.1074 1.0000e-12 1.0374e+02    152.798    13.5193    38.5823    29.0621 0.0000e+00
    371.000    13.5736     0.1824    98.1079 1.0000e-12 1.0268e+02    152.955    13.5191    38.5825    29.0623 0.0000e+00
    372.000    13.5720     0.1839    98.0988 1.0000e-12 1.0137e+02    152.626    13.5173    38.5822    29.0624 0.0000e+00
    373.000    13.5628     0.1870    98.0984 1.0000e-12 1.0508e+02    152.463    13.5080    38.5810    29.0635 0.0000e+00
    374.000    13.5622     0.1824    98.1093 1.0000e-12 1.0270e+02    152.515    13.5072    38.5803    29.0631 0.0000e+00
    375.000    13.5618     0.1813    98.0991 1.0000e-12 9.8140e+01    152.196    13.5066    38.5818    29.0644 0.0000e+00
    376.000    13.5597     0.1824    98.0995 1.0000e-12 1.0359e+02    152.461    13.5044    38.5813    29.0645 0.0000e+00
    377.000    13.5598     0.1813    98.1046 1.0000e-12 1.0265e+02    152.681    13.5044    38.5810    29.0643 0.0000e+00
    378.000    13.5574     0.1853    98.0719 1.0000e-12 1.0142e+02    152.308    13.5019    38.5805    29.0644 0.0000e+00
    379.000    13.5537     0.1851    98.1053 1.0000e-12 1.0584e+02    152.610    13.4980    38.5801    29.0649 0.0000e+00
    380.000    13.5552     0.1859    98.1079 -9.990e-29 1.0493e+02    152.613    13.4994    38.5806    29.0650 0.0000e+00
    381.000    13.5535     0.1851    98.1022 -9.990e-29 1.0105e+02    152.541    13.4975    38.5805    29.0653 0.0000e+00
    382.000    13.5516     0.1860    98.1026 1.0000e-12 1.0002e+02    152.380    13.4954    38.5803    29.0656 0.0000e+00
    383.000    13.5493     0.1867    98.1075 1.0000e-12 1.0329e+02    152.460    13.4930    38.5801    29.0660 0.0000e+00
    384.000    13.5494     0.1851    98.1024 1.0000e-12 1.0212e+02    152.526    13.4930    38.5810    29.0667 0.0000e+00
    385.000    13.5492     0.1828 -9.990e-29 -9.990e-29 1.0382e+02    152.524    13.4926    38.5813    29.0670 0.0000e+00
    386.000    13.5469     0.1873    98.1137 1.0000e-12 1.0830e+02    151.998    13.4902    38.5813    29.0675 0.0000e+00
    387.000    13.5483     0.1843    98.1026 1.0000e-12 1.0510e+02    152.687    13.4915    38.5824    29.0681 0.0000e+00
    388.000    13.5509     0.1853    98.0771 1.0000e-12 1.1474e+02    152.713    13.4939    38.5834    29.0683 0.0000e+00
    389.000    13.5520     0.1859    98.1132 1.0000e-12 1.1711e+02    152.983    13.4948    38.5838    29.0685 0.0000e+00
    390.000    13.5534     0.1915    98.1133 1.0000e-12 1.2232e+02    152.983    13.4961    38.5851    29.0692 0.0000e+00
    391.000    13.5547     0.1856    98.1177 1.0000e-12 1.2841e+02    152.865    13.4972    38.5857    29.0694 0.0000e+00
    392.000    13.5553     0.1851    98.1167 1.0000e-12 1.3347e+02    152.946    13.4977    38.5859    29.0695 0.0000e+00
    393.000    13.5540     0.1879    98.1092 1.0000e-12 1.4561e+02    152.847    13.4962    38.5863    29.0701 0.0000e+00
    394.000    13.5529     0.1878    98.1138 1.0000e-12 1.4785e+02    152.548    13.4949    38.5865    29.0705 0.0000e+00
    395.000    13.5528     0.1850    98.1132 1.0000e-12 1.4721e+02    152.793    13.4947    38.5865    29.0706 0.0000e+00
