Data/ruptures/PEACETIME/FAST/PEACETIME_FAST_CTD_082.cnv
* Sea-Bird SBE 9 Data File:
* FileName = C:\CTD\rawCTD\PEACETIME_FAST_CTD_082.hdr
* Software Version Seasave V 7.23.2
* Temperature SN = 1378
* Conductivity SN = 2929
* Number of Bytes Per Scan = 38
* Number of Voltage Words = 5
* Number of Scans Averaged by the Deck Unit = 1
* NMEA Latitude = 37 56.79 N
* NMEA Longitude = 002 55.00 E
* NMEA UTC (Time) = Jun 07 2017  04:09:51
* NMEA baud rate = 4800
** Cruise:   PEACETIME
** Station:   FAST_CTD_082
# nquan = 11
# nvalues = 2819                        
# units = specified
# name 0 = prDM: Pressure, Digiquartz [db]
# name 1 = t090C: Temperature [ITS-90, deg C]
# name 2 = flC: Fluorescence, Chelsea Aqua 3 Chl Con [ug/l]
# name 3 = CStarTr0: Beam Transmission, WET Labs C-Star [%]
# name 4 = par: PAR/Irradiance, Biospherical/Licor
# name 5 = spar: SPAR/Surface Irradiance
# name 6 = sbeox0Mm/Kg: Oxygen, SBE 43 [umol/kg]
# name 7 = potemp090C: Potential Temperature [ITS-90, deg C]
# name 8 = sal00: Salinity, Practical [PSU]
# name 9 = sigma-é00: Density [sigma-theta, kg/m^3]
# name 10 = flag:
# span 0 =      1.000,   2819.000       
# span 1 =    13.1234,    21.6408       
# span 2 =     0.1756,     0.5795       
# span 3 =    93.1335,    98.2594       
# span 4 = -7.240e-06, 1.4908e+00       
# span 5 = 6.6536e+00, 7.1989e+02       
# span 6 =    151.928,    241.034       
# span 7 =    12.9040,    21.6398       
# span 8 =    37.0412,    38.5940       
# span 9 =    25.8959,    29.1159       
# span 10 = 0.0000e+00, 0.0000e+00      
# interval = decibars: 1                
# start_time = Jun 07 2017 04:12:11 [NMEA time, first data scan]
# bad_flag = -9.990e-29
*END*
      1.000    21.6033     0.2151    96.5624 1.4908e+00 8.3904e+00    208.210    21.6031    37.0723    25.9052 0.0000e+00
      2.000    21.6159     0.2099    96.7469 1.3130e+00 7.4737e+00    208.505    21.6155    37.0727    25.9020 0.0000e+00
      3.000    21.6231     0.2074    96.8242 1.0892e+00 9.9662e+00    208.785    21.6225    37.0727    25.9000 0.0000e+00
      4.000    21.6332     0.2076    96.8376 9.0105e-01 8.8138e+00    209.255    21.6324    37.0729    25.8974 0.0000e+00
      5.000    21.6408     0.2076    96.8473 7.8700e-01 9.8963e+00    209.354    21.6398    37.0736    25.8959 0.0000e+00
      6.000    21.6405     0.2075    96.8565 7.0423e-01 7.9044e+00    209.438    21.6394    37.0737    25.8960 0.0000e+00
      7.000    21.6376     0.2111    96.8449 6.4633e-01 9.2242e+00    209.489    21.6363    37.0732    25.8965 0.0000e+00
      8.000    21.6239     0.2055    96.8523 5.8152e-01 8.5734e+00    209.134    21.6223    37.0721    25.8997 0.0000e+00
      9.000    21.6049     0.2038    96.8409 5.4755e-01 1.1199e+01    209.583    21.6032    37.0705    25.9038 0.0000e+00
     10.000    21.5373     0.2080    96.8434 5.2360e-01 9.8689e+00    208.444    21.5354    37.0665    25.9197 0.0000e+00
     11.000    21.4538     0.2084    96.8221 4.7709e-01 9.8693e+00    209.464    21.4517    37.0632    25.9405 0.0000e+00
     12.000    21.3981     0.1991    96.8227 4.5987e-01 1.0195e+01    210.310    21.3957    37.0617    25.9549 0.0000e+00
     13.000    21.3808     0.2063    96.7990 4.3592e-01 7.3532e+00    210.120    21.3782    37.0616    25.9597 0.0000e+00
     14.000    21.3749     0.2072    96.8665 4.0980e-01 1.0818e+01    210.545    21.3721    37.0621    25.9618 0.0000e+00
     15.000    21.3700     0.1969    96.8534 3.9177e-01 7.0156e+00    210.283    21.3671    37.0625    25.9635 0.0000e+00
     16.000    21.3587     0.2037    96.8667 3.7560e-01 8.3319e+00    210.241    21.3556    37.0628    25.9669 0.0000e+00
     17.000    21.2845     0.2049    96.8522 3.5804e-01 9.9025e+00    209.370    21.2812    37.0607    25.9860 0.0000e+00
     18.000    20.8915     0.2091    96.8259 3.4078e-01 9.8887e+00    211.431    20.8881    37.0491    26.0853 0.0000e+00
     19.000    20.5139     0.2071    96.8443 3.3087e-01 9.3578e+00    215.573    20.5103    37.0612    26.1978 0.0000e+00
     20.000    20.4651     0.2102    96.9020 3.1431e-01 7.0776e+00    216.344    20.4613    37.0642    26.2133 0.0000e+00
     21.000    20.4232     0.2083    96.9913 2.9763e-01 1.0277e+01    215.155    20.4192    37.0688    26.2282 0.0000e+00
     22.000    20.0495     0.2093    96.9460 2.8595e-01 8.7820e+00    216.582    20.0454    37.0496    26.3138 0.0000e+00
     23.000    19.5135     0.2041    96.8333 2.7480e-01 9.6904e+00    221.867    19.5092    37.0512    26.4572 0.0000e+00
     24.000    19.1591     0.2035    96.8299 2.6587e-01 9.8983e+00    226.053    19.1548    37.0427    26.5433 0.0000e+00
     25.000    18.9965     0.2040    96.7945 2.5421e-01 1.0106e+01    227.542    18.9920    37.0787    26.6130 0.0000e+00
     26.000    18.8081     0.2071    96.8195 2.4167e-01 8.8063e+00    229.729    18.8034    37.0735    26.6577 0.0000e+00
     27.000    18.6296     0.2068    96.8669 2.3109e-01 8.9225e+00    231.293    18.6248    37.0623    26.6948 0.0000e+00
     28.000    18.4839     0.2096    96.9159 2.2233e-01 1.0167e+01    232.012    18.4790    37.0443    26.7182 0.0000e+00
     29.000    18.3807     0.2073    96.8928 2.1230e-01 6.6536e+00    233.456    18.3756    37.0412    26.7420 0.0000e+00
     30.000    18.4235     0.2080    96.9301 2.0510e-01 9.7136e+00    232.866    18.4182    37.1551    26.8184 0.0000e+00
     31.000    18.4187     0.2023    96.9423 2.0079e-01 1.0559e+01    232.262    18.4132    37.1688    26.8302 0.0000e+00
     32.000    18.3588     0.1985    96.9130 1.9468e-01 8.9355e+00    232.077    18.3532    37.2010    26.8701 0.0000e+00
     33.000    18.2340     0.2036    96.8358 1.8795e-01 1.0363e+01    232.014    18.2282    37.1976    26.8990 0.0000e+00
     34.000    18.1053     0.2045    96.7565 1.7988e-01 9.8227e+00    231.458    18.0993    37.1840    26.9210 0.0000e+00
     35.000    17.8255     0.2063    96.7576 1.7326e-01 8.4600e+00    230.912    17.8194    37.1331    26.9519 0.0000e+00
     36.000    17.4967     0.2101    96.7393 1.6471e-01 1.0624e+01    232.950    17.4905    37.1034    27.0104 0.0000e+00
     37.000    17.3829     0.2065    96.7373 1.5856e-01 8.3061e+00    235.497    17.3766    37.1238    27.0540 0.0000e+00
     38.000    17.3720     0.2151    96.7124 1.5136e-01 8.8594e+00    235.350    17.3656    37.1568    27.0820 0.0000e+00
     39.000    17.3342     0.2166    96.7147 1.4531e-01 1.0538e+01    236.113    17.3276    37.1822    27.1108 0.0000e+00
     40.000    17.2558     0.2139    96.6932 1.3980e-01 9.6944e+00    235.771    17.2490    37.2178    27.1573 0.0000e+00
     41.000    17.1309     0.2131    96.6503 1.3510e-01 7.4187e+00    235.327    17.1240    37.2112    27.1827 0.0000e+00
     42.000    17.0277     0.2158    96.6406 1.2986e-01 9.0196e+00    235.382    17.0207    37.2383    27.2285 0.0000e+00
     43.000    16.7303     0.2171    96.6158 1.2371e-01 8.4586e+00    235.895    16.7232    37.2488    27.3081 0.0000e+00
     44.000    16.4727     0.2170    96.6320 1.1571e-01 9.7103e+00    235.265    16.4655    37.2301    27.3550 0.0000e+00
     45.000    16.1863     0.2169    96.6476 1.1105e-01 1.0380e+01    238.092    16.1790    37.2228    27.4169 0.0000e+00
     46.000    16.2168     0.2209    96.7078 1.0385e-01 9.6183e+00    239.545    16.2093    37.2657    27.4429 0.0000e+00
     47.000    16.1419     0.2210    96.7109 9.9947e-02 8.9899e+00    241.034    16.1343    37.2730    27.4661 0.0000e+00
     48.000    16.2402     0.2246    96.7196 9.5735e-02 9.9865e+00    240.675    16.2324    37.3372    27.4925 0.0000e+00
     49.000    16.1931     0.2196    96.7331 9.0708e-02 9.6209e+00    239.510    16.1852    37.3473    27.5113 0.0000e+00
     50.000    16.1669     0.2203    96.7311 8.7887e-02 7.8354e+00    240.273    16.1589    37.3574    27.5253 0.0000e+00
     51.000    16.1463     0.2171    96.7736 8.3178e-02 9.8503e+00    239.922    16.1380    37.3647    27.5359 0.0000e+00
     52.000    16.0583     0.2187    96.7690 7.8137e-02 1.0626e+01    239.208    16.0499    37.3632    27.5553 0.0000e+00
     53.000    15.9816     0.2233    96.7118 7.2539e-02 6.8618e+00    238.515    15.9731    37.3777    27.5843 0.0000e+00
     54.000    15.8337     0.2207    96.6884 6.9090e-02 1.1417e+01    236.985    15.8251    37.3736    27.6155 0.0000e+00
     55.000    15.7081     0.2282    96.4554 6.3431e-02 1.0313e+01    236.757    15.6993    37.3673    27.6398 0.0000e+00
     56.000    15.6446     0.2416    96.4303 6.1008e-02 1.0056e+01    236.503    15.6357    37.3602    27.6489 0.0000e+00
     57.000    15.5729     0.2376    96.3271 5.6717e-02 8.9721e+00    235.638    15.5640    37.3699    27.6729 0.0000e+00
     58.000    15.5532     0.2405    96.3067 5.2987e-02 8.6166e+00    234.202    15.5441    37.3767    27.6826 0.0000e+00
     59.000    15.5024     0.2372    96.2349 4.8055e-02 1.2511e+01    233.740    15.4931    37.3741    27.6923 0.0000e+00
     60.000    15.4984     0.2455    96.1761 4.4938e-02 9.4146e+00    234.208    15.4890    37.4229    27.7308 0.0000e+00
     61.000    15.5258     0.2467    96.1795 3.9231e-02 9.1013e+00    234.533    15.5162    37.4717    27.7623 0.0000e+00
     62.000    15.4811     0.2472    96.1225 3.6284e-02 7.2097e+00    234.007    15.4714    37.4770    27.7766 0.0000e+00
     63.000    15.4116     0.2561    96.1292 3.3664e-02 1.0298e+01    232.510    15.4017    37.4937    27.8054 0.0000e+00
     64.000    15.3044     0.2652    95.9993 2.7488e-02 9.9740e+00    232.578    15.2944    37.5188    27.8491 0.0000e+00
     65.000    15.2951     0.2682    96.0497 2.6247e-02 1.2556e+01    231.458    15.2849    37.5656    27.8874 0.0000e+00
     66.000    15.2121     0.2698    96.0775 2.5307e-02 1.0173e+01    226.738    15.2018    37.6025    27.9348 0.0000e+00
     67.000    15.0585     0.2846    95.4516 2.3908e-02 8.4011e+00    221.281    15.0482    37.6026    27.9695 0.0000e+00
     68.000    15.0154     0.3400    94.7315 2.2430e-02 1.1555e+01    220.510    15.0049    37.6219    27.9941 0.0000e+00
     69.000    14.9996     0.3811    94.4677 1.9292e-02 8.7319e+00    220.219    14.9890    37.6349    28.0077 0.0000e+00
     70.000    14.9742     0.4208    94.1122 1.7204e-02 8.8843e+00    219.012    14.9634    37.6576    28.0309 0.0000e+00
     71.000    14.9517     0.4586    93.7791 1.3690e-02 1.0089e+01    217.355    14.9408    37.6750    28.0495 0.0000e+00
     72.000    14.9345     0.5103    93.5836 1.1135e-02 7.8045e+00    215.469    14.9234    37.6856    28.0615 0.0000e+00
     73.000    14.9204     0.5496    93.1335 6.5896e-03 7.4350e+00    214.319    14.9092    37.6931    28.0706 0.0000e+00
     74.000    14.9063     0.5795    93.6271 3.5535e-03 1.1894e+01    212.746    14.8949    37.7010    28.0799 0.0000e+00
     75.000    14.8880     0.4941    94.2830 2.5047e-03 1.2161e+01    211.089    14.8765    37.7112    28.0918 0.0000e+00
     76.000    14.8700     0.4951    94.5281 1.3170e-03 9.7676e+00    209.012    14.8583    37.7192    28.1021 0.0000e+00
     77.000    14.8465     0.4544    94.8148 5.2932e-04 1.0238e+01    206.569    14.8347    37.7359    28.1202 0.0000e+00
     78.000    14.8212     0.4596    94.6166 1.1562e-04 9.7581e+00    203.210    14.8093    37.7523    28.1386 0.0000e+00
     79.000    14.8007     0.4746    95.1921 5.5216e-04 1.0268e+01    203.403    14.7886    37.7680    28.1554 0.0000e+00
     80.000    14.7776     0.4487    95.5611 -9.990e-29 1.4066e+01    204.243    14.7653    37.7912    28.1785 0.0000e+00
     81.000    14.7549     0.3992    96.0779 1.0000e-12 8.9119e+00    209.870    14.7426    37.8107    28.1986 0.0000e+00
     82.000    14.7405     0.3779    96.3726 1.0000e-12 9.5827e+00    215.454    14.7280    37.8273    28.2146 0.0000e+00
     83.000    14.7349     0.3640    96.4282 1.0000e-12 1.1065e+01    217.194    14.7222    37.8327    28.2201 0.0000e+00
     84.000    14.7226     0.3235    96.5662 1.0000e-12 9.6894e+00    217.464    14.7098    37.8410    28.2293 0.0000e+00
     85.000    14.7087     0.3477    96.1167 1.0000e-12 1.0604e+01    215.729    14.6957    37.8604    28.2474 0.0000e+00
     86.000    14.6940     0.3917    95.7817 1.0000e-12 9.4158e+00    213.720    14.6809    37.8866    28.2710 0.0000e+00
     87.000    14.6465     0.3647    96.3564 1.0000e-12 1.1522e+01    211.308    14.6333    37.9057    28.2963 0.0000e+00
     88.000    14.6220     0.3189    96.7420 1.0000e-12 1.1755e+01    209.711    14.6086    37.9175    28.3109 0.0000e+00
     89.000    14.5835     0.3117    96.7480 1.0000e-12 1.0213e+01    209.420    14.5700    37.9323    28.3308 0.0000e+00
     90.000    14.5434     0.3084    97.0178 1.0000e-12 1.0694e+01    209.186    14.5297    37.9495    28.3531 0.0000e+00
     91.000    14.5383     0.3140    97.0604 1.0000e-12 7.0295e+00    208.577    14.5245    37.9543    28.3579 0.0000e+00
     92.000    14.5285     0.2947    97.0946 1.0000e-12 9.3725e+00    208.303    14.5146    37.9603    28.3648 0.0000e+00
     93.000    14.4719     0.2924    97.1387 1.0000e-12 7.4329e+00    208.231    14.4579    37.9725    28.3867 0.0000e+00
     94.000    14.4382     0.3025    97.1792 1.0000e-12 1.2826e+01    207.419    14.4240    37.9871    28.4054 0.0000e+00
     95.000    14.4132     0.2788    97.2506 1.0000e-12 9.0747e+00    206.519    14.3989    38.0020    28.4225 0.0000e+00
     96.000    14.3957     0.2771    97.3137 1.0000e-12 1.0225e+01    205.827    14.3813    38.0162    28.4374 0.0000e+00
     97.000    14.3914     0.2695    97.3845 1.0000e-12 9.2128e+00    205.270    14.3768    38.0205    28.4417 0.0000e+00
     98.000    14.3888     0.2780    97.3586 -9.990e-29 9.6873e+00    205.530    14.3741    38.0224    28.4437 0.0000e+00
     99.000    14.3865     0.2772    97.3655 1.0000e-12 1.1044e+01    205.745    14.3716    38.0239    28.4454 0.0000e+00
    100.000    14.3813     0.2727    97.3521 1.0000e-12 8.9929e+00    204.900    14.3663    38.0298    28.4512 0.0000e+00
    101.000    14.3742     0.2695    97.4054 1.0000e-12 1.0351e+01    204.171    14.3590    38.0391    28.4599 0.0000e+00
    102.000    14.3650     0.2660    97.4294 1.0000e-12 1.0222e+01    202.353    14.3497    38.0473    28.4684 0.0000e+00
    103.000    14.3529     0.2629    97.4186 -9.990e-29 9.5490e+00    202.202    14.3374    38.0523    28.4749 0.0000e+00
    104.000    14.3901     0.2556    97.4244 1.0000e-12 9.6322e+00    203.323    14.3744    38.0303    28.4497 0.0000e+00
    105.000    14.3363     0.2539    97.3804 1.0000e-12 1.1685e+01    201.553    14.3205    38.0519    28.4783 0.0000e+00
    106.000    14.3276     0.2618    97.4696 1.0000e-12 1.1660e+01    201.402    14.3117    38.0614    28.4875 0.0000e+00
    107.000    14.3104     0.2648    97.4919 1.0000e-12 1.1491e+01    200.930    14.2944    38.0696    28.4977 0.0000e+00
    108.000    14.2993     0.2551    97.4927 1.0000e-12 1.2349e+01    200.115    14.2831    38.0735    28.5032 0.0000e+00
    109.000    14.2712     0.2546    97.4730 1.0000e-12 1.0517e+01    198.625    14.2549    38.0880    28.5206 0.0000e+00
    110.000    14.2454     0.2502    97.5402 1.0000e-12 1.0437e+01    197.907    14.2290    38.0996    28.5352 0.0000e+00
    111.000    14.2180     0.2473    97.5884 1.0000e-12 1.1574e+01    198.910    14.2014    38.1042    28.5448 0.0000e+00
    112.000    14.1996     0.2462    97.5807 1.0000e-12 1.2394e+01    199.350    14.1829    38.1094    28.5529 0.0000e+00
    113.000    14.1887     0.2429    97.6356 1.0000e-12 1.0387e+01    198.945    14.1719    38.1152    28.5597 0.0000e+00
    114.000    14.1875     0.2424    97.6415 1.0000e-12 1.0806e+01    197.721    14.1704    38.1201    28.5638 0.0000e+00
    115.000    14.1792     0.2373    97.6505 1.0000e-12 1.1051e+01    195.474    14.1620    38.1311    28.5742 0.0000e+00
    116.000    14.1514     0.2335    97.6845 -9.990e-29 9.5610e+00    196.376    14.1341    38.1336    28.5822 0.0000e+00
    117.000    14.1298     0.2285    97.7538 1.0000e-12 1.3698e+01    196.714    14.1124    38.1352    28.5882 0.0000e+00
    118.000    14.1072     0.2255    97.7906 1.0000e-12 9.9137e+00    196.048    14.0897    38.1399    28.5967 0.0000e+00
    119.000    14.0812     0.2226    97.8094 1.0000e-12 1.0168e+01    196.118    14.0634    38.1510    28.6110 0.0000e+00
    120.000    14.0673     0.2212    97.8145 1.0000e-12 1.1541e+01    196.684    14.0494    38.1579    28.6194 0.0000e+00
    121.000    14.0573     0.2101    97.8242 1.0000e-12 8.8273e+00    195.565    14.0393    38.1615    28.6244 0.0000e+00
    122.000    14.0438     0.2109    97.8416 1.0000e-12 9.6351e+00    191.657    14.0256    38.1623    28.6279 0.0000e+00
    123.000    14.0364     0.2055    97.8576 1.0000e-12 1.3674e+01    189.721    14.0181    38.1629    28.6301 0.0000e+00
    124.000    14.0216     0.2102    97.8583 1.0000e-12 8.3281e+00    188.444    14.0032    38.1669    28.6364 0.0000e+00
    125.000    14.0174     0.2052    97.8536 1.0000e-12 1.3952e+01    188.614    13.9989    38.1689    28.6389 0.0000e+00
    126.000    14.0062     0.1989    96.7910 1.0000e-12 1.3698e+01    189.754    13.9875    38.1723    28.6440 0.0000e+00
    127.000    13.9978     0.2001    95.4999 1.0000e-12 8.9060e+00    191.614    13.9790    38.1753    28.6482 0.0000e+00
    128.000    13.9941     0.2051    94.0781 1.0000e-12 1.1332e+01    191.052    13.9751    38.1767    28.6501 0.0000e+00
    129.000    13.9873     0.2061    95.2610 -9.990e-29 1.2065e+01    190.019    13.9681    38.1793    28.6536 0.0000e+00
    130.000    13.9777     0.2093    96.8854 1.0000e-12 1.1746e+01    188.407    13.9585    38.1840    28.6593 0.0000e+00
    131.000    13.9675     0.2055    97.8675 1.0000e-12 1.0666e+01    186.391    13.9481    38.1900    28.6662 0.0000e+00
