Data/ruptures/PEACETIME/FAST/PEACETIME_FAST_CTD_056.cnv
* Sea-Bird SBE 9 Data File:
* FileName = C:\CTD\rawCTD\PEACETIME_FAST_CTD_056.hdr
* Software Version Seasave V 7.23.2
* Temperature SN = 1378
* Conductivity SN = 2929
* Number of Bytes Per Scan = 38
* Number of Voltage Words = 5
* Number of Scans Averaged by the Deck Unit = 1
* NMEA Latitude = 37 56.76 N
* NMEA Longitude = 002 54.12 E
* NMEA UTC (Time) = Jun 02 2017  16:37:11
* NMEA baud rate = 4800
** Cruise:   PEACETIME
** Station:   FAST_CTD_056
# nquan = 11
# nvalues = 502                         
# units = specified
# name 0 = prDM: Pressure, Digiquartz [db]
# name 1 = t090C: Temperature [ITS-90, deg C]
# name 2 = flC: Fluorescence, Chelsea Aqua 3 Chl Con [ug/l]
# name 3 = CStarTr0: Beam Transmission, WET Labs C-Star [%]
# name 4 = par: PAR/Irradiance, Biospherical/Licor
# name 5 = spar: SPAR/Surface Irradiance
# name 6 = sbeox0Mm/Kg: Oxygen, SBE 43 [umol/kg]
# name 7 = potemp090C: Potential Temperature [ITS-90, deg C]
# name 8 = sal00: Salinity, Practical [PSU]
# name 9 = sigma-é00: Density [sigma-theta, kg/m^3]
# name 10 = flag:
# span 0 =      1.000,    502.000       
# span 1 =    13.4424,    21.2186       
# span 2 =     0.1765,     0.3887       
# span 3 =    93.1024,    98.4175       
# span 4 = 3.7081e-06, 1.2524e+02       
# span 5 = 1.8443e+03, 1.9273e+03       
# span 6 =    151.760,    242.422       
# span 7 =    13.3707,    21.2183       
# span 8 =    36.9954,    38.5859       
# span 9 =    26.0098,    29.0891       
# span 10 = 0.0000e+00, 0.0000e+00      
# interval = decibars: 1                
# start_time = Jun 02 2017 16:37:11 [NMEA time, first data scan]
# bad_flag = -9.990e-29
*END*
[from data line 394]
    395.000    13.5194     0.1816    98.3942 1.6733e-03 1.8655e+03    152.389    13.4614    38.5768    29.0701 0.0000e+00
    396.000    13.5198     0.1850    98.3956 1.7423e-03 1.8652e+03    152.395    13.4616    38.5774    29.0706 0.0000e+00
    397.000    13.5204     0.1808    98.3880 6.6203e-04 1.8702e+03    152.360    13.4621    38.5777    29.0707 0.0000e+00
    398.000    13.5202     0.1811    98.3869 1.0995e-03 1.8680e+03    152.625    13.4617    38.5777    29.0707 0.0000e+00
    399.000    13.5199     0.1865    98.3963 1.3717e-04 1.8651e+03    152.447    13.4613    38.5777    29.0708 0.0000e+00
    400.000    13.5226     0.1887    98.3874 1.9786e-03 1.8672e+03    152.112    13.4638    38.5789    29.0712 0.0000e+00
    401.000    13.5291     0.1875    98.3950 2.3962e-03 1.8683e+03    152.676    13.4702    38.5813    29.0718 0.0000e+00
    402.000    13.5308     0.1900    98.4015 1.3690e-03 1.8625e+03    152.788    13.4718    38.5820    29.0720 0.0000e+00
    403.000    13.5308     0.1855    98.3929 1.0017e-03 1.8666e+03    152.574    13.4716    38.5822    29.0722 0.0000e+00
    404.000    13.5309     0.1870    98.3926 1.3776e-03 1.8659e+03    152.979    13.4715    38.5826    29.0725 0.0000e+00
    405.000    13.5304     0.1869    98.3956 1.3510e-03 1.8668e+03    152.178    13.4709    38.5825    29.0726 0.0000e+00
    406.000    13.5292     0.1811    98.3949 1.2080e-03 1.8649e+03    152.684    13.4696    38.5824    29.0727 0.0000e+00
    407.000    13.5290     0.1807    98.3963 2.6097e-03 1.8615e+03    152.952    13.4692    38.5825    29.0729 0.0000e+00
    408.000    13.5290     0.1820    98.3997 1.6226e-03 1.8630e+03    152.875    13.4691    38.5824    29.0729 0.0000e+00
    409.000    13.5283     0.1797    98.4055 8.4316e-04 1.8650e+03    152.588    13.4682    38.5823    29.0730 0.0000e+00
    410.000    13.5245     0.1798    98.4059 1.5418e-03 1.8644e+03    152.806    13.4642    38.5818    29.0734 0.0000e+00
    411.000    13.5274     0.1768    98.3862 2.0044e-03 1.8635e+03    153.252    13.4670    38.5833    29.0740 0.0000e+00
    412.000    13.5355     0.1890    98.4040 6.8067e-04 1.8646e+03    153.448    13.4750    38.5859    29.0743 0.0000e+00
    413.000    13.5349     0.1901    98.4045 9.9101e-04 1.8638e+03    153.078    13.4742    38.5856    29.0743 0.0000e+00
    414.000    13.5341     0.1891    98.4008 2.9045e-03 1.8607e+03    152.874    13.4732    38.5855    29.0744 0.0000e+00
    415.000    13.5297     0.1846    98.4060 2.2704e-03 1.8605e+03    152.669    13.4687    38.5846    29.0747 0.0000e+00
    416.000    13.5216     0.1841    98.3896 1.5992e-03 1.8623e+03    152.664    13.4605    38.5828    29.0750 0.0000e+00
    417.000    13.5147     0.1888    98.3957 1.9549e-03 1.8597e+03    153.204    13.4535    38.5821    29.0759 0.0000e+00
    418.000    13.5148     0.1852    98.4065 8.2162e-04 1.8596e+03    153.215    13.4533    38.5822    29.0760 0.0000e+00
    419.000    13.5146     0.1825    98.4134 1.5361e-03 1.8608e+03    153.253    13.4530    38.5820    29.0760 0.0000e+00
    420.000    13.5147     0.1794    98.4018 5.9351e-04 1.8643e+03    153.154    13.4530    38.5820    29.0760 0.0000e+00
    421.000    13.5146     0.1781    98.4053 2.2762e-03 1.8633e+03    153.227    13.4528    38.5820    29.0760 0.0000e+00
    422.000    13.5124     0.1811    98.4018 1.7217e-03 1.8581e+03    153.131    13.4504    38.5816    29.0762 0.0000e+00
    423.000    13.5101     0.1853    98.4062 2.7784e-03 1.8640e+03    153.018    13.4479    38.5814    29.0766 0.0000e+00
    424.000    13.5091     0.1844    98.4004 3.2393e-03 1.8585e+03    152.959    13.4468    38.5813    29.0767 0.0000e+00
    425.000    13.5067     0.1781    98.3997 2.5169e-03 1.8598e+03    152.568    13.4443    38.5810    29.0770 0.0000e+00
    426.000    13.5025     0.1822    98.4063 1.5220e-03 1.8599e+03    153.133    13.4399    38.5805    29.0775 0.0000e+00
    427.000    13.5014     0.1850    98.4040 2.9737e-04 1.8608e+03    153.327    13.4387    38.5803    29.0776 0.0000e+00
    428.000    13.4978     0.1901    98.4093 8.1253e-04 1.8574e+03    153.238    13.4350    38.5798    29.0781 0.0000e+00
    429.000    13.4953     0.1919    98.3971 2.4372e-03 1.8571e+03    153.408    13.4323    38.5796    29.0784 0.0000e+00
    430.000    13.4943     0.1891    98.4075 1.3575e-03 1.8613e+03    153.411    13.4311    38.5797    29.0788 0.0000e+00
    431.000    13.4937     0.1882    98.4082 1.3943e-03 1.8602e+03    153.292    13.4305    38.5794    29.0787 0.0000e+00
    432.000    13.4890     0.1831    98.4073 1.3106e-03 1.8579e+03    153.233    13.4256    38.5788    29.0793 0.0000e+00
    433.000    13.4881     0.1803    98.3975 2.1888e-04 1.8596e+03    153.355    13.4246    38.5788    29.0795 0.0000e+00
    434.000    13.4876     0.1845    98.4059 3.9368e-04 1.8625e+03    153.525    13.4239    38.5788    29.0797 0.0000e+00
    435.000    13.4875     0.1804    98.4100 1.9894e-03 1.8625e+03    153.298    13.4237    38.5789    29.0798 0.0000e+00
    436.000    13.4876     0.1821    98.4060 4.3114e-04 1.8634e+03    153.453    13.4236    38.5789    29.0798 0.0000e+00
    437.000    13.4869     0.1792    98.3969 1.4994e-03 1.8621e+03    153.456    13.4227    38.5790    29.0800 0.0000e+00
    438.000    13.4861     0.1838    98.4028 1.4867e-03 1.8653e+03    153.683    13.4218    38.5789    29.0802 0.0000e+00
    439.000    13.4851     0.1863    98.4100 1.8665e-03 1.8589e+03    153.387    13.4207    38.5790    29.0805 0.0000e+00
    440.000    13.4836     0.1881    98.3893 1.4189e-03 1.8638e+03    153.105    13.4190    38.5789    29.0808 0.0000e+00
    441.000    13.4833     0.1854    98.4041 1.5325e-03 1.8638e+03    153.254    13.4186    38.5790    29.0809 0.0000e+00
    442.000    13.4835     0.1837    98.4040 1.8651e-03 1.8560e+03    153.641    13.4186    38.5789    29.0808 0.0000e+00
    443.000    13.4836     0.1819    98.3983 1.5842e-03 1.8568e+03    153.698    13.4185    38.5790    29.0809 0.0000e+00
    444.000    13.4838     0.1798    98.4027 2.8717e-03 1.8565e+03    153.343    13.4186    38.5789    29.0809 0.0000e+00
    445.000    13.4840     0.1848    98.4082 3.6084e-03 1.8536e+03    153.397    13.4186    38.5792    29.0810 0.0000e+00
    446.000    13.4844     0.1802    98.4005 1.7081e-03 1.8517e+03    153.700    13.4189    38.5792    29.0810 0.0000e+00
    447.000    13.4851     0.1829    98.3988 1.7315e-03 1.8513e+03    153.696    13.4194    38.5794    29.0811 0.0000e+00
    448.000    13.4854     0.1790    98.3934 9.6125e-04 1.8520e+03    153.384    13.4196    38.5796    29.0812 0.0000e+00
    449.000    13.4859     0.1826    98.4021 4.0888e-04 1.8531e+03    153.735    13.4199    38.5799    29.0813 0.0000e+00
    450.000    13.4861     0.1804    98.3976 2.7585e-03 1.8572e+03    153.800    13.4201    38.5800    29.0814 0.0000e+00
    451.000    13.4866     0.1836    98.3980 2.4056e-03 1.8551e+03    153.636    13.4203    38.5801    29.0814 0.0000e+00
    452.000    13.4868     0.1862    98.3956 2.1027e-03 1.8537e+03    153.147    13.4204    38.5802    29.0815 0.0000e+00
    453.000    13.4870     0.1881    98.3971 1.4281e-03 1.8524e+03    153.071    13.4205    38.5802    29.0814 0.0000e+00
    454.000    13.4855     0.1853    98.4034 9.7749e-04 1.8501e+03    153.465    13.4188    38.5800    29.0816 0.0000e+00
    455.000    13.4824     0.1824    98.3976 1.0589e-03 1.8488e+03    153.933    13.4156    38.5798    29.0822 0.0000e+00
    456.000    13.4812     0.1792    98.3990 7.3060e-04 1.8492e+03    154.210    13.4143    38.5799    29.0825 0.0000e+00
    457.000    13.4811     0.1820    98.4056 3.8116e-04 1.8500e+03    154.223    13.4140    38.5799    29.0825 0.0000e+00
    458.000    13.4812     0.1841    98.3935 5.1115e-04 1.8534e+03    154.053    13.4140    38.5799    29.0826 0.0000e+00
    459.000    13.4813     0.1865    98.4034 1.6998e-04 1.8494e+03    153.889    13.4139    38.5799    29.0826 0.0000e+00
    460.000    13.4812     0.1874    98.3996 5.4665e-04 1.8469e+03    153.661    13.4136    38.5800    29.0827 0.0000e+00
    461.000    13.4811     0.1886    98.4036 2.9492e-04 1.8483e+03    153.646    13.4134    38.5799    29.0827 0.0000e+00
    462.000    13.4809     0.1862    98.3964 3.0034e-04 1.8474e+03    154.256    13.4131    38.5799    29.0828 0.0000e+00
    463.000    13.4793     0.1908    98.4010 2.3024e-04 1.8474e+03    154.333    13.4113    38.5798    29.0831 0.0000e+00
    464.000    13.4768     0.1879    98.4075 2.8586e-05 1.8454e+03    153.805    13.4086    38.5796    29.0835 0.0000e+00
    465.000    13.4758     0.1849    98.3995 6.0777e-04 1.8476e+03    153.879    13.4075    38.5795    29.0837 0.0000e+00
    466.000    13.4734     0.1841    98.3999 1.6537e-03 1.8490e+03    154.259    13.4049    38.5792    29.0839 0.0000e+00
    467.000    13.4713     0.1765    98.4045 1.6526e-03 1.8545e+03    154.327    13.4027    38.5789    29.0842 0.0000e+00
    468.000    13.4696     0.1816    98.3944 1.4046e-03 1.8571e+03    154.171    13.4009    38.5787    29.0845 0.0000e+00
    469.000    13.4666     0.1915    98.3985 1.5676e-03 1.8578e+03    154.420    13.3977    38.5783    29.0848 0.0000e+00
    470.000    13.4633     0.1885    98.3993 1.8508e-03 1.8608e+03    154.295    13.3943    38.5777    29.0850 0.0000e+00
    471.000    13.4612     0.1861    98.4055 1.5125e-03 1.8530e+03    154.554    13.3921    38.5774    29.0853 0.0000e+00
    472.000    13.4604     0.1885    98.4067 9.3952e-04 1.8568e+03    154.958    13.3911    38.5773    29.0854 0.0000e+00
    473.000    13.4600     0.1881    98.4072 2.1717e-03 1.8543e+03    154.562    13.3906    38.5772    29.0855 0.0000e+00
    474.000    13.4599     0.1860    98.3869 1.0702e-03 1.8585e+03    154.513    13.3903    38.5772    29.0855 0.0000e+00
    475.000    13.4596     0.1810    98.4004 1.0476e-03 1.8535e+03    154.722    13.3898    38.5773    29.0857 0.0000e+00
    476.000    13.4597     0.1826    98.4026 2.1155e-03 1.8526e+03    154.871    13.3898    38.5773    29.0857 0.0000e+00
    477.000    13.4594     0.1839    98.4029 1.8481e-03 1.8544e+03    154.846    13.3894    38.5774    29.0859 0.0000e+00
    478.000    13.4587     0.1882    98.4008 2.0952e-03 1.8496e+03    154.478    13.3885    38.5772    29.0859 0.0000e+00
    479.000    13.4574     0.1872    98.4055 1.8449e-03 1.8495e+03    154.817    13.3870    38.5770    29.0860 0.0000e+00
    480.000    13.4559     0.1865    98.4045 1.5228e-03 1.8574e+03    155.256    13.3855    38.5768    29.0862 0.0000e+00
    481.000    13.4558     0.1837    98.3999 2.1371e-03 1.8541e+03    154.825    13.3852    38.5770    29.0864 0.0000e+00
    482.000    13.4564     0.1919    98.4065 8.8013e-04 1.8568e+03    154.560    13.3856    38.5772    29.0865 0.0000e+00
    483.000    13.4522     0.1859    98.4066 1.5482e-03 1.8478e+03    155.107    13.3813    38.5764    29.0868 0.0000e+00
    484.000    13.4487     0.1804    98.4082 1.5592e-03 1.8500e+03    155.188    13.3777    38.5759    29.0872 0.0000e+00
    485.000    13.4471     0.1877    98.4045 1.7079e-03 1.8536e+03    155.264    13.3759    38.5756    29.0873 0.0000e+00
    486.000    13.4454     0.1831    98.4016 2.5652e-03 1.8503e+03    154.899    13.3741    38.5754    29.0875 0.0000e+00
    487.000    13.4430     0.1839    98.3962 2.0521e-03 1.8512e+03    154.894    13.3715    38.5751    29.0878 0.0000e+00
    488.000    13.4425     0.1844    98.3985 2.4010e-03 1.8537e+03    155.510    13.3708    38.5751    29.0880 0.0000e+00
    489.000    13.4424     0.1853    98.4042 1.4063e-03 1.8512e+03    155.709    13.3707    38.5754    29.0883 0.0000e+00
    490.000    13.4431     0.1905    98.4063 1.9161e-03 1.8549e+03    155.613    13.3712    38.5757    29.0884 0.0000e+00
    491.000    13.4443     0.1875    98.4010 3.3925e-03 1.8541e+03    155.336    13.3722    38.5763    29.0887 0.0000e+00
    492.000    13.4450     0.1900    98.3997 1.0550e-03 1.8511e+03    155.183    13.3728    38.5768    29.0889 0.0000e+00
    493.000    13.4454     0.1868    98.4135 1.2727e-03 1.8509e+03    155.653    13.3731    38.5769    29.0890 0.0000e+00
    494.000    13.4456     0.1942    98.4037 2.3294e-03 1.8527e+03    156.174    13.3731    38.5770    29.0890 0.0000e+00
    495.000    13.4458     0.1891    98.4086 2.3508e-03 1.8524e+03    155.535    13.3732    38.5770    29.0890 0.0000e+00
    496.000    13.4466     0.1855    98.4142 4.0118e-03 1.8494e+03    155.286    13.3738    38.5773    29.0891 0.0000e+00
    497.000    13.4472     0.1866    98.4116 7.4970e-04 1.8500e+03    155.821    13.3743    38.5775    29.0891 0.0000e+00
    498.000    13.4472     0.1815    98.4175 2.1548e-03 1.8533e+03    155.836    13.3741    38.5774    29.0891 0.0000e+00
    499.000    13.4471     0.1822    98.4093 1.9348e-03 1.8443e+03    156.042    13.3739    38.5774    29.0891 0.0000e+00
    500.000    13.4469     0.1836    98.4109 1.6994e-03 1.8501e+03    156.263    13.3735    38.5773    29.0891 0.0000e+00
    501.000    13.4466     0.1778    98.4108 2.7561e-03 1.8502e+03    156.232    13.3730    38.5772    29.0891 0.0000e+00
    502.000    13.4461     0.1770    98.4158 1.3853e-03 1.8450e+03    156.028    13.3723    38.5769    29.0891 0.0000e+00
