Data/ruptures/PEACETIME/FAST/PEACETIME_FAST_CTD_080.cnv
* Sea-Bird SBE 9 Data File:
* FileName = C:\CTD\rawCTD\PEACETIME_FAST_CTD_080.hdr
* Software Version Seasave V 7.23.2
* Temperature SN = 1378
* Conductivity SN = 2929
* Number of Bytes Per Scan = 38
* Number of Voltage Words = 5
* Number of Scans Averaged by the Deck Unit = 1
* NMEA Latitude = 37 56.80 N
* NMEA Longitude = 002 55.00 E
* NMEA UTC (Time) = Jun 06 2017  21:02:29
* NMEA baud rate = 4800
** Cruise:   PEACETIME
** Station:   CTD_FAST_080
# nquan = 11
# nvalues = 204                         
# units = specified
# name 0 = prDM: Pressure, Digiquartz [db]
# name 1 = t090C: Temperature [ITS-90, deg C]
# name 2 = flC: Fluorescence, Chelsea Aqua 3 Chl Con [ug/l]
# name 3 = CStarTr0: Beam Transmission, WET Labs C-Star [%]
# name 4 = par: PAR/Irradiance, Biospherical/Licor
# name 5 = spar: SPAR/Surface Irradiance
# name 6 = sbeox0Mm/Kg: Oxygen, SBE 43 [umol/kg]
# name 7 = potemp090C: Potential Temperature [ITS-90, deg C]
# name 8 = sal00: Salinity, Practical [PSU]
# name 9 = sigma-é00: Density [sigma-theta, kg/m^3]
# name 10 = flag:
# span 0 =      1.000,    204.000       
# span 1 =    13.6348,    21.5054       
# span 2 =     0.1839,     0.6228       
# span 3 =    93.5212,    98.1133       
# span 4 = 1.0000e-12, 1.0086e-01       
# span 5 = 7.2876e-02, 5.2328e+00       
# span 6 =    179.761,    239.897       
# span 7 =    13.6069,    21.5052       
# span 8 =    37.0176,    38.3825       
# span 9 =    25.9444,    28.8883       
# span 10 = 0.0000e+00, 0.0000e+00      
# interval = decibars: 1                
# start_time = Jun 06 2017 21:02:59 [NMEA time, first data scan]
# bad_flag = -9.990e-29
*END*
      1.000    21.5054     0.2205    96.5627 1.0086e-01 2.8002e+00    209.622    21.5052    37.0880    25.9444 0.0000e+00
      2.000    21.5029     0.2190    96.5216 7.5642e-02 2.7643e+00    209.760    21.5025    37.0893    25.9462 0.0000e+00
      3.000    21.5032     0.2151    96.6563 6.7667e-02 3.9601e+00    210.521    21.5026    37.0889    25.9459 0.0000e+00
      4.000    21.4877     0.2150    96.6594 2.2332e-02 2.8117e+00    210.058    21.4869    37.0912    25.9521 0.0000e+00
      5.000    21.4465     0.2184    96.6456 1.3720e-02 3.4081e+00    210.448    21.4455    37.0933    25.9651 0.0000e+00
      6.000    21.4636     0.2197    96.6598 6.6024e-03 3.6388e+00    210.960    21.4625    37.0920    25.9594 0.0000e+00
      7.000    21.4474     0.2128    96.6731 2.4569e-03 2.8739e+00    210.459    21.4460    37.0927    25.9645 0.0000e+00
      8.000    21.4358     0.2135    96.6557 5.8240e-04 3.5660e+00    210.755    21.4343    37.0937    25.9686 0.0000e+00
      9.000    21.4123     0.2085    96.6607 1.9887e-04 2.2892e+00    210.502    21.4105    37.0948    25.9761 0.0000e+00
     10.000    21.4132     0.2122    96.6808 -9.990e-29 3.7729e+00    209.972    21.4113    37.0949    25.9759 0.0000e+00
     11.000    21.4034     0.2095    96.6823 1.0000e-12 2.5959e+00    210.286    21.4012    37.0950    25.9788 0.0000e+00
     12.000    21.3951     0.2080    96.6934 1.0000e-12 3.0262e+00    210.462    21.3927    37.0957    25.9817 0.0000e+00
     13.000    21.3891     0.2154    96.6924 1.0000e-12 2.6785e+00    210.426    21.3866    37.0958    25.9835 0.0000e+00
     14.000    21.3662     0.2053    96.7479 1.0000e-12 3.3148e+00    210.547    21.3634    37.0936    25.9883 0.0000e+00
     15.000    21.3545     0.2071    96.8104 1.0000e-12 4.0902e+00    210.895    21.3515    37.0930    25.9911 0.0000e+00
     16.000    21.3324     0.2145    96.8176 1.0000e-12 4.9730e+00    209.566    21.3293    37.0891    25.9943 0.0000e+00
     17.000    21.0523     0.2113    96.6760 1.0000e-12 2.2914e+00    209.683    21.0490    37.0640    26.0527 0.0000e+00
     18.000    20.6790     0.2069    96.6139 1.0000e-12 2.0788e+00    213.319    20.6756    37.0562    26.1490 0.0000e+00
     19.000    20.5659     0.2135    96.7160 1.0000e-12 3.6163e+00    214.687    20.5623    37.0585    26.1816 0.0000e+00
     20.000    20.4999     0.2144    96.7161 1.0000e-12 4.0454e+00    215.178    20.4961    37.0602    26.2008 0.0000e+00
     21.000    20.4396     0.2121    96.7742 1.0000e-12 3.5889e+00    214.962    20.4357    37.0630    26.2193 0.0000e+00
     22.000    20.3283     0.2104    96.7734 1.0000e-12 3.5593e+00    215.013    20.3241    37.0631    26.2495 0.0000e+00
     23.000    20.0950     0.2077    96.8380 1.0000e-12 2.4149e+00    216.612    20.0907    37.0606    26.3102 0.0000e+00
     24.000    19.8133     0.2094    96.8313 1.0000e-12 3.3844e+00    217.492    19.8088    37.0539    26.3801 0.0000e+00
     25.000    19.3390     0.2108    96.7616 1.0000e-12 3.1579e+00    221.122    19.3344    37.0501    26.5022 0.0000e+00
     26.000    19.0461     0.2117    96.7179 1.0000e-12 3.2503e+00    223.171    19.0414    37.0291    26.5622 0.0000e+00
     27.000    18.5839     0.2116    96.7281 1.0000e-12 3.3230e+00    228.973    18.5791    37.0176    26.6722 0.0000e+00
     28.000    18.5595     0.2145    96.7280 1.0000e-12 3.1276e+00    230.171    18.5545    37.0852    26.7303 0.0000e+00
     29.000    18.4524     0.2094    96.7036 1.0000e-12 3.7386e+00    230.487    18.4473    37.0838    26.7564 0.0000e+00
     30.000    18.3549     0.2068    96.7847 1.0000e-12 3.5568e+00    231.207    18.3497    37.0920    26.7875 0.0000e+00
     31.000    18.4217     0.2027    96.8782 -9.990e-29 3.5430e+00    231.167    18.4162    37.1867    26.8431 0.0000e+00
     32.000    18.3846     0.2111    96.8020 -9.990e-29 2.9877e+00    230.709    18.3790    37.2236    26.8809 0.0000e+00
     33.000    18.2395     0.2094    96.7290 1.0000e-12 3.4639e+00    232.472    18.2338    37.2448    26.9339 0.0000e+00
     34.000    18.1727     0.2150    96.7581 1.0000e-12 2.0674e+00    232.181    18.1668    37.2473    26.9526 0.0000e+00
     35.000    18.1226     0.2148    96.7791 1.0000e-12 3.9861e+00    232.708    18.1165    37.2448    26.9633 0.0000e+00
     36.000    18.0553     0.2162    96.7697 1.0000e-12 1.7517e+00    232.260    18.0491    37.2395    26.9762 0.0000e+00
     37.000    17.8379     0.2210    96.6750 1.0000e-12 3.5577e+00    233.002    17.8316    37.2284    27.0220 0.0000e+00
     38.000    17.7171     0.2157    96.6460 1.0000e-12 3.2130e+00    232.159    17.7106    37.2185    27.0445 0.0000e+00
     39.000    17.4738     0.2142    96.6584 1.0000e-12 3.4794e+00    233.152    17.4672    37.1863    27.0797 0.0000e+00
     40.000    17.3349     0.2156    96.6596 1.0000e-12 2.1945e+00    234.767    17.3281    37.1753    27.1054 0.0000e+00
     41.000    17.2877     0.2219    96.6308 1.0000e-12 2.5278e+00    234.723    17.2807    37.1885    27.1271 0.0000e+00
     42.000    17.1556     0.2290    96.6407 1.0000e-12 3.5051e+00    236.290    17.1486    37.2038    27.1711 0.0000e+00
     43.000    17.1101     0.2263    96.6216 1.0000e-12 3.4401e+00    236.242    17.1029    37.2508    27.2182 0.0000e+00
     44.000    16.9777     0.2232    96.5925 1.0000e-12 3.2058e+00    235.877    16.9704    37.2480    27.2481 0.0000e+00
     45.000    16.8777     0.2203    96.5983 1.0000e-12 2.6616e+00    236.665    16.8702    37.2383    27.2648 0.0000e+00
     46.000    16.7955     0.2172    96.5959 1.0000e-12 4.9921e+00    238.475    16.7878    37.2318    27.2796 0.0000e+00
     47.000    16.7601     0.2214    96.5858 1.0000e-12 2.8929e+00    237.952    16.7524    37.2567    27.3072 0.0000e+00
     48.000    16.6995     0.2163    96.6103 1.0000e-12 3.0596e+00    237.407    16.6916    37.2924    27.3492 0.0000e+00
     49.000    16.5521     0.2175    96.6241 1.0000e-12 2.7059e+00    235.847    16.5441    37.2875    27.3806 0.0000e+00
     50.000    16.2072     0.2219    96.6093 1.0000e-12 3.2199e+00    238.028    16.1991    37.2561    27.4379 0.0000e+00
     51.000    16.1494     0.2289    96.5781 1.0000e-12 3.3815e+00    237.649    16.1412    37.2900    27.4775 0.0000e+00
     52.000    15.9593     0.2305    96.5986 1.0000e-12 3.4817e+00    236.799    15.9510    37.2890    27.5211 0.0000e+00
     53.000    15.7977     0.2280    96.3091 1.0000e-12 3.3310e+00    239.897    15.7892    37.3096    27.5745 0.0000e+00
     54.000    15.8269     0.2382    96.2427 1.0000e-12 2.7657e+00    238.246    15.8183    37.3627    27.6087 0.0000e+00
     55.000    15.7461     0.2363    96.3858 1.0000e-12 2.6165e+00    235.036    15.7374    37.3817    27.6420 0.0000e+00
     56.000    15.5732     0.2335    96.3013 1.0000e-12 3.1222e+00    234.775    15.5643    37.3798    27.6804 0.0000e+00
     57.000    15.5838     0.2453    96.2409 1.0000e-12 5.2328e+00    233.632    15.5748    37.4240    27.7120 0.0000e+00
     58.000    15.5415     0.2482    96.1511 1.0000e-12 3.1737e+00    235.590    15.5324    37.4474    27.7398 0.0000e+00
     59.000    15.6369     0.2560    96.2601 1.0000e-12 4.0821e+00    236.246    15.6276    37.5023    27.7603 0.0000e+00
     60.000    15.5375     0.2538    96.2675 1.0000e-12 2.3021e+00    232.956    15.5280    37.4802    27.7661 0.0000e+00
     61.000    15.3868     0.2598    96.0311 1.0000e-12 1.8993e+00    231.131    15.3772    37.4727    27.7948 0.0000e+00
     62.000    15.3204     0.2677    95.9592 1.0000e-12 2.9939e+00    231.884    15.3107    37.4844    27.8189 0.0000e+00
     63.000    15.3124     0.2666    95.8647 1.0000e-12 1.8963e+00    232.542    15.3025    37.5026    27.8348 0.0000e+00
     64.000    15.2829     0.2704    95.7425 1.0000e-12 2.7447e+00    231.984    15.2729    37.5235    27.8577 0.0000e+00
     65.000    15.2348     0.2874    95.6517 1.0000e-12 2.6427e+00    229.950    15.2246    37.5380    27.8798 0.0000e+00
     66.000    15.1491     0.3030    95.3859 1.0000e-12 1.9795e+00    227.768    15.1388    37.5508    27.9091 0.0000e+00
     67.000    15.0965     0.3178    95.3148 1.0000e-12 2.6126e+00    226.196    15.0861    37.5688    27.9349 0.0000e+00
     68.000    15.0723     0.3356    95.0994 1.0000e-12 2.4572e+00    224.797    15.0618    37.5853    27.9531 0.0000e+00
     69.000    15.0674     0.3458    95.1346 1.0000e-12 1.8247e+00    224.143    15.0567    37.5968    27.9630 0.0000e+00
     70.000    15.0422     0.3577    94.8299 1.0000e-12 2.9750e+00    223.255    15.0314    37.6047    27.9749 0.0000e+00
     71.000    15.0160     0.3801    94.2945 1.0000e-12 3.0949e+00    221.583    15.0050    37.6241    27.9958 0.0000e+00
     72.000    14.9979     0.4329    93.5212 1.0000e-12 3.3843e+00    220.423    14.9868    37.6389    28.0113 0.0000e+00
     73.000    14.9816     0.4572    93.5328 1.0000e-12 2.5542e+00    218.730    14.9703    37.6527    28.0256 0.0000e+00
     74.000    14.9648     0.4899    93.7897 1.0000e-12 3.1317e+00    217.197    14.9535    37.6649    28.0389 0.0000e+00
     75.000    14.9434     0.5577    93.8881 1.0000e-12 3.3386e+00    215.214    14.9319    37.6768    28.0529 0.0000e+00
     76.000    14.9136     0.5501    93.7877 1.0000e-12 2.3047e+00    212.879    14.9020    37.6945    28.0733 0.0000e+00
     77.000    14.8786     0.5472    94.1723 1.0000e-12 3.0604e+00    210.117    14.8668    37.7166    28.0982 0.0000e+00
     78.000    14.8452     0.5894    94.2887 1.0000e-12 3.6999e+00    206.491    14.8333    37.7310    28.1168 0.0000e+00
     79.000    14.8198     0.5815    94.3809 1.0000e-12 2.0546e+00    203.522    14.8077    37.7420    28.1310 0.0000e+00
     80.000    14.8086     0.6228    94.7876 1.0000e-12 2.8563e+00    203.307    14.7963    37.7509    28.1404 0.0000e+00
     81.000    14.7902     0.5286    95.2733 1.0000e-12 2.4797e+00    203.973    14.7778    37.7713    28.1603 0.0000e+00
     82.000    14.7641     0.5027    95.4580 1.0000e-12 2.4163e+00    204.672    14.7515    37.7929    28.1828 0.0000e+00
     83.000    14.7569     0.4315    95.9123 1.0000e-12 2.4016e+00    206.084    14.7443    37.8055    28.1942 0.0000e+00
     84.000    14.7359     0.4070    96.2860 1.0000e-12 3.3631e+00    211.734    14.7230    37.8192    28.2095 0.0000e+00
     85.000    14.7004     0.3731    96.6034 1.0000e-12 2.6318e+00    214.847    14.6874    37.8435    28.2362 0.0000e+00
     86.000    14.6918     0.3675    96.5575 1.0000e-12 2.5088e+00    213.668    14.6786    37.8635    28.2536 0.0000e+00
     87.000    14.6906     0.3738    95.9914 1.0000e-12 3.8412e+00    212.383    14.6773    37.8739    28.2620 0.0000e+00
     88.000    14.6770     0.3566    96.0821 1.0000e-12 2.9019e+00    210.675    14.6636    37.8757    28.2664 0.0000e+00
     89.000    14.6453     0.3646    96.3005 1.0000e-12 2.2783e+00    209.638    14.6317    37.8830    28.2791 0.0000e+00
     90.000    14.6379     0.3720    96.6348 1.0000e-12 3.3970e+00    210.062    14.6242    37.8928    28.2884 0.0000e+00
     91.000    14.6416     0.3614    96.5459 1.0000e-12 3.5727e+00    211.837    14.6278    37.9053    28.2972 0.0000e+00
     92.000    14.6377     0.3488    96.8425 1.0000e-12 3.5856e+00    213.208    14.6237    37.9169    28.3070 0.0000e+00
     93.000    14.6286     0.3191    96.7931 1.0000e-12 2.7362e+00    212.346    14.6145    37.9225    28.3135 0.0000e+00
     94.000    14.6139     0.2943    97.0821 1.0000e-12 2.5783e+00    211.189    14.5996    37.9331    28.3249 0.0000e+00
     95.000    14.5933     0.3184    97.1191 1.0000e-12 2.3202e+00    208.770    14.5789    37.9383    28.3335 0.0000e+00
     96.000    14.5710     0.3206    96.9986 1.0000e-12 3.7496e+00    208.370    14.5565    37.9507    28.3481 0.0000e+00
     97.000    14.5412     0.3261    96.9899 1.0000e-12 4.0864e+00    208.207    14.5265    37.9647    28.3655 0.0000e+00
     98.000    14.5085     0.3205    96.4504 1.0000e-12 3.2997e+00    207.351    14.4937    37.9667    28.3743 0.0000e+00
     99.000    14.4940     0.3200    96.9553 1.0000e-12 2.4683e+00    207.149    14.4791    37.9719    28.3815 0.0000e+00
    100.000    14.4692     0.3648    96.8394 1.0000e-12 1.9185e+00    206.122    14.4540    37.9802    28.3935 0.0000e+00
    101.000    14.4578     0.3883    96.8369 1.0000e-12 2.1503e+00    204.685    14.4425    37.9858    28.4003 0.0000e+00
    102.000    14.4472     0.3309    97.0199 1.0000e-12 2.8083e+00    204.901    14.4318    37.9904    28.4063 0.0000e+00
    103.000    14.4228     0.3089    97.0652 1.0000e-12 2.8356e+00    205.802    14.4073    37.9981    28.4176 0.0000e+00
    104.000    14.4012     0.2991    97.2809 1.0000e-12 3.5904e+00    206.488    14.3855    38.0065    28.4289 0.0000e+00
    105.000    14.3921     0.3028    97.2887 1.0000e-12 2.6966e+00    205.841    14.3763    38.0208    28.4420 0.0000e+00
    106.000    14.3845     0.3133    97.3157 1.0000e-12 3.1342e+00    205.743    14.3686    38.0271    28.4486 0.0000e+00
    107.000    14.3762     0.2923    97.4274 1.0000e-12 2.6851e+00    204.864    14.3600    38.0345    28.4561 0.0000e+00
    108.000    14.3630     0.2802    97.3797 1.0000e-12 2.9150e+00    203.782    14.3467    38.0442    28.4665 0.0000e+00
    109.000    14.3462     0.2741    97.2895 1.0000e-12 2.7247e+00    202.744    14.3298    38.0557    28.4792 0.0000e+00
    110.000    14.3253     0.2911    97.3864 1.0000e-12 2.8960e+00    201.581    14.3088    38.0648    28.4909 0.0000e+00
    111.000    14.2966     0.2848    97.4380 1.0000e-12 3.2478e+00    199.696    14.2799    38.0739    28.5042 0.0000e+00
    112.000    14.2661     0.2648    97.3348 1.0000e-12 3.2083e+00    199.256    14.2493    38.0839    28.5186 0.0000e+00
    113.000    14.2545     0.2563    97.5034 1.0000e-12 2.8098e+00    198.937    14.2375    38.0914    28.5270 0.0000e+00
    114.000    14.2502     0.2526    97.5943 1.0000e-12 3.1675e+00    198.607    14.2331    38.0933    28.5295 0.0000e+00
    115.000    14.2362     0.2532    97.6104 1.0000e-12 2.1597e+00    198.875    14.2190    38.0963    28.5349 0.0000e+00
    116.000    14.2185     0.2476    97.6691 1.0000e-12 3.1676e+00    199.176    14.2011    38.1022    28.5433 0.0000e+00
    117.000    14.2126     0.2428    97.6646 1.0000e-12 2.3138e+00    199.207    14.1951    38.1082    28.5493 0.0000e+00
    118.000    14.2067     0.2382    97.5953 1.0000e-12 2.6567e+00    199.443    14.1890    38.1104    28.5523 0.0000e+00
    119.000    14.1979     0.2423    97.7041 1.0000e-12 2.4917e+00    199.781    14.1801    38.1132    28.5564 0.0000e+00
    120.000    14.1781     0.2501    97.7314 1.0000e-12 2.5339e+00    198.849    14.1602    38.1179    28.5644 0.0000e+00
    121.000    14.1566     0.2450    97.7478 1.0000e-12 2.0538e+00    197.370    14.1385    38.1271    28.5762 0.0000e+00
    122.000    14.1453     0.2380    97.7572 1.0000e-12 3.0271e+00    196.047    14.1271    38.1309    28.5817 0.0000e+00
    123.000    14.1343     0.2325    97.7769 1.0000e-12 3.1315e+00    195.472    14.1160    38.1358    28.5878 0.0000e+00
    124.000    14.1256     0.2316    97.7833 1.0000e-12 3.7378e+00    194.522    14.1071    38.1398    28.5929 0.0000e+00
    125.000    14.1192     0.2279    97.7888 1.0000e-12 2.4018e+00    194.081    14.1006    38.1447    28.5981 0.0000e+00
    126.000    14.1204     0.2312    97.7880 1.0000e-12 3.6126e+00    194.500    14.1016    38.1480    28.6004 0.0000e+00
    127.000    14.1037     0.2336    97.7958 1.0000e-12 2.9497e+00    194.350    14.0847    38.1564    28.6106 0.0000e+00
    128.000    14.1019     0.2272    97.7891 1.0000e-12 2.9971e+00    194.378    14.0828    38.1617    28.6151 0.0000e+00
    129.000    14.0967     0.2353    97.8066 1.0000e-12 3.4696e+00    194.039    14.0774    38.1652    28.6190 0.0000e+00
    130.000    14.0896     0.2323    97.8173 1.0000e-12 2.4684e+00    193.523    14.0703    38.1673    28.6222 0.0000e+00
    131.000    14.0653     0.2392    97.7730 1.0000e-12 3.1150e+00    193.478    14.0458    38.1733    28.6322 0.0000e+00
