Data/ruptures/PEACETIME/FAST/PEACETIME_FAST_CTD_063.cnv
* Sea-Bird SBE 9 Data File:
* FileName = C:\CTD\rawCTD\PEACETIME_FAST_CTD_063.hdr
* Software Version Seasave V 7.23.2
* Temperature SN = 1378
* Conductivity SN = 2929
* Number of Bytes Per Scan = 38
* Number of Voltage Words = 5
* Number of Scans Averaged by the Deck Unit = 1
* NMEA Latitude = 37 56.83 N
* NMEA Longitude = 002 54.91 E
* NMEA UTC (Time) = Jun 04 2017  08:30:31
* NMEA baud rate = 4800
** Cruise:   PEACETIME
** Station:   FAST_CTD_063
# nquan = 11
# nvalues = 501                         
# units = specified
# name 0 = prDM: Pressure, Digiquartz [db]
# name 1 = t090C: Temperature [ITS-90, deg C]
# name 2 = flC: Fluorescence, Chelsea Aqua 3 Chl Con [ug/l]
# name 3 = CStarTr0: Beam Transmission, WET Labs C-Star [%]
# name 4 = par: PAR/Irradiance, Biospherical/Licor
# name 5 = spar: SPAR/Surface Irradiance
# name 6 = sbeox0Mm/Kg: Oxygen, SBE 43 [umol/kg]
# name 7 = potemp090C: Potential Temperature [ITS-90, deg C]
# name 8 = sal00: Salinity, Practical [PSU]
# name 9 = sigma-é00: Density [sigma-theta, kg/m^3]
# name 10 = flag:
# span 0 =      1.000,    501.000       
# span 1 =    13.4322,    21.4713       
# span 2 =     0.1734,     0.5955       
# span 3 =    94.4546,    98.2702       
# span 4 = -1.032e-07, 1.1133e+03       
# span 5 = 1.9344e+03, 2.2086e+03       
# span 6 =    152.283,    242.650       
# span 7 =    13.3586,    21.4711       
# span 8 =    37.0230,    38.5922       
# span 9 =    25.9162,    29.0899       
# span 10 = 0.0000e+00, 0.0000e+00      
# interval = decibars: 1                
# start_time = Jun 04 2017 08:32:51 [NMEA time, first data scan]
# bad_flag = -9.990e-29
*END*
[from data line 394]
    395.000    13.5381     0.1825    98.2562 1.0000e-12 2.0540e+03    152.653    13.4800    38.5804    29.0690 0.0000e+00
    396.000    13.5374     0.1853    98.2481 1.0000e-12 2.0513e+03    152.755    13.4792    38.5803    29.0690 0.0000e+00
    397.000    13.5372     0.1830    98.2511 1.0000e-12 2.0503e+03    152.537    13.4788    38.5803    29.0692 0.0000e+00
    398.000    13.5370     0.1867    98.2469 1.0000e-12 2.0493e+03    152.382    13.4785    38.5805    29.0693 0.0000e+00
    399.000    13.5373     0.1918    98.2460 -9.990e-29 2.0500e+03    152.671    13.4787    38.5803    29.0692 0.0000e+00
    400.000    13.5372     0.1961    98.2478 -9.990e-29 2.0513e+03    153.084    13.4784    38.5803    29.0692 0.0000e+00
    401.000    13.5367     0.1911    98.2414 1.0000e-12 2.0539e+03    152.464    13.4777    38.5803    29.0694 0.0000e+00
    402.000    13.5360     0.1912    98.2515 1.0000e-12 2.0603e+03    152.401    13.4769    38.5803    29.0695 0.0000e+00
    403.000    13.5351     0.1898    98.2520 1.0000e-12 2.0623e+03    152.535    13.4758    38.5802    29.0697 0.0000e+00
    404.000    13.5335     0.1913    98.2462 1.0000e-12 2.0681e+03    152.597    13.4741    38.5802    29.0700 0.0000e+00
    405.000    13.5310     0.1869    98.2451 1.0000e-12 2.0777e+03    152.528    13.4715    38.5806    29.0709 0.0000e+00
    406.000    13.5309     0.1845    98.2432 1.0000e-12 2.0829e+03    152.920    13.4712    38.5812    29.0714 0.0000e+00
    407.000    13.5308     0.1931    98.2475 1.0000e-12 2.0857e+03    153.023    13.4710    38.5813    29.0716 0.0000e+00
    408.000    13.5306     0.1869    98.2443 1.0000e-12 2.0841e+03    152.846    13.4707    38.5820    29.0722 0.0000e+00
    409.000    13.5303     0.1888    98.2535 1.0000e-12 2.0902e+03    152.912    13.4702    38.5825    29.0727 0.0000e+00
    410.000    13.5295     0.1881    98.2459 1.0000e-12 2.0960e+03    153.037    13.4693    38.5825    29.0729 0.0000e+00
    411.000    13.5290     0.1793    98.2497 1.0000e-12 2.0979e+03    153.006    13.4685    38.5825    29.0731 0.0000e+00
    412.000    13.5271     0.1866    98.2485 1.0000e-12 2.0971e+03    152.886    13.4666    38.5820    29.0731 0.0000e+00
    413.000    13.5237     0.1881    98.2515 -9.990e-29 2.1047e+03    152.946    13.4630    38.5813    29.0732 0.0000e+00
    414.000    13.5202     0.1909    98.2433 -9.990e-29 2.1072e+03    152.567    13.4593    38.5805    29.0735 0.0000e+00
    415.000    13.5142     0.1893    98.2447 -9.990e-29 2.1169e+03    152.467    13.4532    38.5793    29.0738 0.0000e+00
    416.000    13.5144     0.1875    98.2465 1.0000e-12 2.1269e+03    152.283    13.4532    38.5796    29.0740 0.0000e+00
    417.000    13.5154     0.1893    98.2462 1.0000e-12 2.1318e+03    152.536    13.4542    38.5801    29.0742 0.0000e+00
    418.000    13.5148     0.1866    98.2442 1.0000e-12 2.1432e+03    152.855    13.4534    38.5803    29.0746 0.0000e+00
    419.000    13.5139     0.1842    98.2433 1.0000e-12 2.1484e+03    153.010    13.4523    38.5802    29.0747 0.0000e+00
    420.000    13.5102     0.1856    98.2395 1.0000e-12 2.1502e+03    153.139    13.4485    38.5803    29.0756 0.0000e+00
    421.000    13.5096     0.1858    98.2395 1.0000e-12 2.1501e+03    152.960    13.4478    38.5804    29.0758 0.0000e+00
    422.000    13.5102     0.1950    98.2395 1.0000e-12 2.1518e+03    152.918    13.4482    38.5809    29.0761 0.0000e+00
    423.000    13.5119     0.1896    98.2424 1.0000e-12 2.1510e+03    152.803    13.4498    38.5817    29.0764 0.0000e+00
    424.000    13.5132     0.1890    98.2469 1.0000e-12 2.1551e+03    152.801    13.4509    38.5823    29.0766 0.0000e+00
    425.000    13.5136     0.1891    98.2462 1.0000e-12 2.1545e+03    153.168    13.4512    38.5824    29.0766 0.0000e+00
    426.000    13.5136     0.1874    98.2443 1.0000e-12 2.1557e+03    153.102    13.4510    38.5824    29.0767 0.0000e+00
    427.000    13.5130     0.1829    98.2497 1.0000e-12 2.1554e+03    153.287    13.4503    38.5824    29.0769 0.0000e+00
    428.000    13.5124     0.1782    98.2460 1.0000e-12 2.1619e+03    153.351    13.4495    38.5825    29.0771 0.0000e+00
    429.000    13.5126     0.1823    98.2469 1.0000e-12 2.1618e+03    153.153    13.4496    38.5826    29.0771 0.0000e+00
    430.000    13.5128     0.1843    98.2488 1.0000e-12 2.1677e+03    153.214    13.4496    38.5828    29.0773 0.0000e+00
    431.000    13.5125     0.1898    98.2414 1.0000e-12 2.1709e+03    153.035    13.4491    38.5829    29.0775 0.0000e+00
    432.000    13.5125     0.1881    98.2498 1.0000e-12 2.1685e+03    152.753    13.4490    38.5828    29.0774 0.0000e+00
    433.000    13.5123     0.1834    98.2469 1.0000e-12 2.1754e+03    153.026    13.4487    38.5828    29.0775 0.0000e+00
    434.000    13.5111     0.1831    98.2535 1.0000e-12 2.1734e+03    153.272    13.4474    38.5830    29.0780 0.0000e+00
    435.000    13.5100     0.1859    98.2615 1.0000e-12 2.1770e+03    153.478    13.4460    38.5838    29.0788 0.0000e+00
    436.000    13.5098     0.1905    98.2597 1.0000e-12 2.1746e+03    153.719    13.4457    38.5839    29.0790 0.0000e+00
    437.000    13.5097     0.1885    98.2599 1.0000e-12 2.1782e+03    153.419    13.4454    38.5841    29.0792 0.0000e+00
    438.000    13.5094     0.1858    98.2581 1.0000e-12 2.1803e+03    153.134    13.4450    38.5842    29.0794 0.0000e+00
    439.000    13.5089     0.1821    98.2555 1.0000e-12 2.1779e+03    153.074    13.4444    38.5843    29.0795 0.0000e+00
    440.000    13.5078     0.1815    98.2618 1.0000e-12 2.1751e+03    153.056    13.4431    38.5845    29.0800 0.0000e+00
    441.000    13.5070     0.1799    98.2573 1.0000e-12 2.1779e+03    153.460    13.4422    38.5845    29.0801 0.0000e+00
    442.000    13.5063     0.1827 -9.990e-29 1.0000e-12 2.1778e+03    153.749    13.4413    38.5844    29.0803 0.0000e+00
    443.000    13.5037     0.1868 -9.990e-29 1.0000e-12 2.1802e+03    153.717    13.4386    38.5839    29.0805 0.0000e+00
    444.000    13.5020     0.1910 -9.990e-29 1.0000e-12 2.1801e+03    153.661    13.4368    38.5837    29.0807 0.0000e+00
    445.000    13.4999     0.1858 -9.990e-29 1.0000e-12 2.1843e+03    153.482    13.4345    38.5833    29.0809 0.0000e+00
    446.000    13.4985     0.1859 -9.990e-29 1.0000e-12 2.1852e+03    153.678    13.4330    38.5831    29.0811 0.0000e+00
    447.000    13.4970     0.1853 -9.990e-29 1.0000e-12 2.1884e+03    153.987    13.4313    38.5829    29.0812 0.0000e+00
    448.000    13.4966     0.1841 -9.990e-29 1.0000e-12 2.1883e+03    154.022    13.4307    38.5832    29.0816 0.0000e+00
    449.000    13.4966     0.1844 -9.990e-29 1.0000e-12 2.1870e+03    153.973    13.4306    38.5835    29.0819 0.0000e+00
    450.000    13.4965     0.1868 -9.990e-29 1.0000e-12 2.1871e+03    153.946    13.4303    38.5836    29.0820 0.0000e+00
    451.000    13.4951     0.1860 -9.990e-29 1.0000e-12 2.1863e+03    153.675    13.4288    38.5833    29.0821 0.0000e+00
    452.000    13.4947     0.1824 -9.990e-29 1.0000e-12 2.1852e+03    153.612    13.4283    38.5835    29.0824 0.0000e+00
    453.000    13.4952     0.1828 -9.990e-29 1.0000e-12 2.1920e+03    153.541    13.4286    38.5837    29.0825 0.0000e+00
    454.000    13.4942     0.1856 -9.990e-29 1.0000e-12 2.1907e+03    153.770    13.4275    38.5835    29.0825 0.0000e+00
    455.000    13.4935     0.1867 -9.990e-29 1.0000e-12 2.1945e+03    153.733    13.4267    38.5836    29.0828 0.0000e+00
    456.000    13.4939     0.1858 -9.990e-29 1.0000e-12 2.1948e+03    153.749    13.4269    38.5838    29.0829 0.0000e+00
    457.000    13.4933     0.1857 -9.990e-29 1.0000e-12 2.1961e+03    153.916    13.4262    38.5838    29.0830 0.0000e+00
    458.000    13.4930     0.1847 -9.990e-29 1.0000e-12 2.1894e+03    153.881    13.4257    38.5839    29.0832 0.0000e+00
    459.000    13.4928     0.1843 -9.990e-29 1.0000e-12 2.1947e+03    154.093    13.4253    38.5838    29.0832 0.0000e+00
    460.000    13.4920     0.1852 -9.990e-29 1.0000e-12 2.1924e+03    154.282    13.4244    38.5836    29.0833 0.0000e+00
    461.000    13.4919     0.1820 -9.990e-29 1.0000e-12 2.1957e+03    154.232    13.4241    38.5840    29.0836 0.0000e+00
    462.000    13.4910     0.1821 -9.990e-29 1.0000e-12 2.1973e+03    154.332    13.4231    38.5843    29.0841 0.0000e+00
    463.000    13.4891     0.1847 -9.990e-29 1.0000e-12 2.1964e+03    154.258    13.4211    38.5839    29.0842 0.0000e+00
    464.000    13.4888     0.1879 -9.990e-29 1.0000e-12 2.1974e+03    153.857    13.4206    38.5838    29.0842 0.0000e+00
    465.000    13.4875     0.1878 -9.990e-29 1.0000e-12 2.1988e+03    154.130    13.4192    38.5836    29.0843 0.0000e+00
    466.000    13.4862     0.1887 -9.990e-29 1.0000e-12 2.1968e+03    154.460    13.4177    38.5832    29.0843 0.0000e+00
    467.000    13.4843     0.1912    98.2555 1.0000e-12 2.1974e+03    154.719    13.4157    38.5827    29.0844 0.0000e+00
    468.000    13.4810     0.1866    98.2609 1.0000e-12 2.2007e+03    154.830    13.4122    38.5819    29.0845 0.0000e+00
    469.000    13.4762     0.1899    98.2550 1.0000e-12 2.2010e+03    154.682    13.4073    38.5810    29.0848 0.0000e+00
    470.000    13.4736     0.1924    98.2507 1.0000e-12 2.1971e+03    154.300    13.4046    38.5806    29.0852 0.0000e+00
    471.000    13.4724     0.1876    98.2485 1.0000e-12 2.2024e+03    154.725    13.4032    38.5802    29.0851 0.0000e+00
    472.000    13.4703     0.1804    98.2530 1.0000e-12 2.2020e+03    154.625    13.4010    38.5798    29.0852 0.0000e+00
    473.000    13.4681     0.1874    98.2540 1.0000e-12 2.1996e+03    154.537    13.3987    38.5796    29.0856 0.0000e+00
    474.000    13.4674     0.1864    98.2452 1.0000e-12 2.2028e+03    154.687    13.3978    38.5793    29.0855 0.0000e+00
    475.000    13.4656     0.1794    98.2432 1.0000e-12 2.2046e+03    154.529    13.3959    38.5790    29.0857 0.0000e+00
    476.000    13.4634     0.1823    98.2492 1.0000e-12 2.2010e+03    154.626    13.3935    38.5786    29.0859 0.0000e+00
    477.000    13.4610     0.1848    98.2472 1.0000e-12 2.1985e+03    154.063    13.3910    38.5784    29.0863 0.0000e+00
    478.000    13.4588     0.1827    98.2595 1.0000e-12 2.2039e+03    154.092    13.3886    38.5780    29.0865 0.0000e+00
    479.000    13.4582     0.1841    98.2562 1.0000e-12 2.2010e+03    154.753    13.3878    38.5780    29.0867 0.0000e+00
    480.000    13.4571     0.1835    98.2600 1.0000e-12 2.1982e+03    155.255    13.3866    38.5777    29.0867 0.0000e+00
    481.000    13.4558     0.1892    98.2565 1.0000e-12 2.2035e+03    155.231    13.3852    38.5777    29.0870 0.0000e+00
    482.000    13.4551     0.1910    98.2544 1.0000e-12 2.2057e+03    154.573    13.3843    38.5776    29.0871 0.0000e+00
    483.000    13.4541     0.1861    98.2610 1.0000e-12 2.2046e+03    154.740    13.3832    38.5773    29.0871 0.0000e+00
    484.000    13.4505     0.1914    98.2563 1.0000e-12 2.2061e+03    155.008    13.3795    38.5765    29.0873 0.0000e+00
    485.000    13.4491     0.1952    98.2568 1.0000e-12 2.2076e+03    155.238    13.3779    38.5764    29.0875 0.0000e+00
    486.000    13.4472     0.1958    98.2571 1.0000e-12 2.2039e+03    155.384    13.3758    38.5759    29.0876 0.0000e+00
    487.000    13.4456     0.1956    98.2482 1.0000e-12 2.2052e+03    155.208    13.3741    38.5755    29.0876 0.0000e+00
    488.000    13.4421     0.1897    98.2415 1.0000e-12 2.2080e+03    154.694    13.3705    38.5747    29.0877 0.0000e+00
    489.000    13.4377     0.1845    98.2395 1.0000e-12 2.2039e+03    155.279    13.3660    38.5740    29.0882 0.0000e+00
    490.000    13.4362     0.1873    98.2395 1.0000e-12 2.2051e+03    155.004    13.3643    38.5739    29.0885 0.0000e+00
    491.000    13.4362     0.1899    98.2395 1.0000e-12 2.2061e+03    154.837    13.3641    38.5740    29.0886 0.0000e+00
    492.000    13.4363     0.1907    98.2439 1.0000e-12 2.2072e+03    155.098    13.3641    38.5741    29.0886 0.0000e+00
    493.000    13.4367     0.1878    98.2449 1.0000e-12 2.2073e+03    155.422    13.3643    38.5742    29.0887 0.0000e+00
    494.000    13.4368     0.1827    98.2453 1.0000e-12 2.2061e+03    155.629    13.3643    38.5742    29.0886 0.0000e+00
    495.000    13.4368     0.1849    98.2453 1.0000e-12 2.2042e+03    155.507    13.3642    38.5741    29.0887 0.0000e+00
    496.000    13.4368     0.1884    98.2405 1.0000e-12 2.2076e+03    155.372    13.3640    38.5740    29.0886 0.0000e+00
    497.000    13.4357     0.1864    98.2395 1.0000e-12 2.2070e+03    155.376    13.3627    38.5739    29.0888 0.0000e+00
    498.000    13.4345     0.1849    98.2395 1.0000e-12 2.2055e+03    155.733    13.3614    38.5738    29.0890 0.0000e+00
    499.000    13.4333     0.1885    98.2405 1.0000e-12 2.2049e+03    156.292    13.3601    38.5737    29.0892 0.0000e+00
    500.000    13.4330     0.1891    98.2461 1.0000e-12 2.2070e+03    156.096    13.3596    38.5737    29.0893 0.0000e+00
    501.000    13.4322     0.1839    98.2456 1.0000e-12 2.2086e+03    155.597    13.3586    38.5742    29.0899 0.0000e+00
