Data/ruptures/PEACETIME/FAST/PEACETIME_FAST_CTD_077.cnv
* Sea-Bird SBE 9 Data File:
* FileName = C:\CTD\rawCTD\PEACETIME_FAST_CTD_077.hdr
* Software Version Seasave V 7.23.2
* Temperature SN = 1378
* Conductivity SN = 2929
* Number of Bytes Per Scan = 38
* Number of Voltage Words = 5
* Number of Scans Averaged by the Deck Unit = 1
* NMEA Latitude = 37 56.80 N
* NMEA Longitude = 002 55.01 E
* NMEA UTC (Time) = Jun 06 2017  13:56:37
* NMEA baud rate = 4800
** Cruise:   PEACETIME
** Station:   FAST_CTD_077
# nquan = 11
# nvalues = 202                         
# units = specified
# name 0 = prDM: Pressure, Digiquartz [db]
# name 1 = t090C: Temperature [ITS-90, deg C]
# name 2 = flC: Fluorescence, Chelsea Aqua 3 Chl Con [ug/l]
# name 3 = CStarTr0: Beam Transmission, WET Labs C-Star [%]
# name 4 = par: PAR/Irradiance, Biospherical/Licor
# name 5 = spar: SPAR/Surface Irradiance
# name 6 = sbeox0Mm/Kg: Oxygen, SBE 43 [umol/kg]
# name 7 = potemp090C: Potential Temperature [ITS-90, deg C]
# name 8 = sal00: Salinity, Practical [PSU]
# name 9 = sigma-é00: Density [sigma-theta, kg/m^3]
# name 10 = flag:
# span 0 =      1.000,    202.000       
# span 1 =    13.6293,    21.9631       
# span 2 =     0.1784,     0.6129       
# span 3 =    92.9319,    98.1382       
# span 4 = 7.2583e-03, 1.7085e+03       
# span 5 = 2.2321e+03, 2.2465e+03       
# span 6 =    177.726,    241.125       
# span 7 =    13.5997,    21.9629       
# span 8 =    37.0112,    38.3849       
# span 9 =    25.8020,    28.8919       
# span 10 = 0.0000e+00, 0.0000e+00      
# interval = decibars: 1                
# start_time = Jun 06 2017 13:59:35 [NMEA time, first data scan]
# bad_flag = -9.990e-29
*END*
[from data line 132]
    133.000    14.0179     0.2055    97.8579 2.0348e-01 2.2401e+03    195.116    13.9982    38.1867    28.6528 0.0000e+00
    134.000    14.0124     0.2108    97.8618 1.9646e-01 2.2403e+03    195.141    13.9925    38.1912    28.6575 0.0000e+00
    135.000    14.0069     0.2046    97.8668 1.8753e-01 2.2413e+03    193.726    13.9868    38.1991    28.6649 0.0000e+00
    136.000    13.9959     0.2078    97.8700 1.7866e-01 2.2390e+03    193.297    13.9757    38.2019    28.6694 0.0000e+00
    137.000    13.9733     0.2061    97.8888 1.6620e-01 2.2416e+03    193.749    13.9530    38.2000    28.6729 0.0000e+00
    138.000    13.9705     0.2009    97.8833 1.5899e-01 2.2389e+03    193.622    13.9500    38.2037    28.6764 0.0000e+00
    139.000    13.9644     0.1999    97.8942 1.5319e-01 2.2417e+03    193.625    13.9438    38.2091    28.6819 0.0000e+00
    140.000    13.9595     0.2075    97.8907 1.4563e-01 2.2394e+03    193.801    13.9387    38.2132    28.6862 0.0000e+00
    141.000    13.9494     0.2104    97.8993 1.4150e-01 2.2412e+03    193.509    13.9285    38.2185    28.6925 0.0000e+00
    142.000    13.9411     0.2084    97.9132 1.3629e-01 2.2396e+03    193.319    13.9201    38.2242    28.6987 0.0000e+00
    143.000    13.9397     0.1987    97.9089 1.3006e-01 2.2404e+03    193.050    13.9185    38.2284    28.7023 0.0000e+00
    144.000    13.9357     0.1962    97.9268 1.2626e-01 2.2389e+03    193.062    13.9143    38.2309    28.7052 0.0000e+00
    145.000    13.9299     0.2030    97.9330 1.2052e-01 2.2388e+03    192.534    13.9085    38.2339    28.7087 0.0000e+00
    146.000    13.9208     0.2058    97.9440 1.1478e-01 2.2388e+03    192.486    13.8992    38.2350    28.7116 0.0000e+00
    147.000    13.9087     0.2030    97.9566 1.1066e-01 2.2386e+03    191.931    13.8869    38.2343    28.7137 0.0000e+00
    148.000    13.9031     0.2007    97.9539 1.0289e-01 2.2415e+03    192.349    13.8812    38.2392    28.7187 0.0000e+00
    149.000    13.8965     0.1978    97.9699 9.9666e-02 2.2383e+03    192.212    13.8745    38.2435    28.7235 0.0000e+00
    150.000    13.8875     0.1959    97.9801 9.5749e-02 2.2378e+03    191.500    13.8654    38.2474    28.7285 0.0000e+00
    151.000    13.8742     0.1945    97.9893 9.2938e-02 2.2413e+03    191.306    13.8519    38.2485    28.7323 0.0000e+00
    152.000    13.8605     0.1963    98.0032 8.8313e-02 2.2435e+03    190.919    13.8381    38.2484    28.7352 0.0000e+00
    153.000    13.8427     0.1933    98.0115 8.3761e-02 2.2403e+03    187.788    13.8201    38.2477    28.7385 0.0000e+00
    154.000    13.8253     0.1901    98.0045 8.1512e-02 2.2412e+03    185.032    13.8026    38.2482    28.7426 0.0000e+00
    155.000    13.8230     0.1909    98.0164 7.6915e-02 2.2395e+03    186.059    13.8002    38.2513    28.7455 0.0000e+00
    156.000    13.8189     0.1910    98.0080 7.3753e-02 2.2397e+03    186.793    13.7959    38.2537    28.7483 0.0000e+00
    157.000    13.8123     0.1917    98.0123 7.1840e-02 2.2400e+03    186.725    13.7892    38.2574    28.7526 0.0000e+00
    158.000    13.8041     0.1893    98.0108 6.8417e-02 2.2384e+03    186.052    13.7808    38.2619    28.7579 0.0000e+00
    159.000    13.7930     0.1910    98.0021 6.7650e-02 2.2380e+03    184.660    13.7696    38.2651    28.7628 0.0000e+00
    160.000    13.7886     0.1888    97.9923 6.4984e-02 2.2411e+03    185.628    13.7651    38.2686    28.7664 0.0000e+00
    161.000    13.7924     0.1883    97.9918 5.9542e-02 2.2418e+03    188.445    13.7687    38.2745    28.7703 0.0000e+00
    162.000    13.7887     0.1820    98.0239 5.7057e-02 2.2393e+03    188.050    13.7649    38.2794    28.7749 0.0000e+00
    163.000    13.7873     0.1854    98.0328 5.6442e-02 2.2388e+03    188.566    13.7633    38.2837    28.7786 0.0000e+00
    164.000    13.7816     0.1842    98.0469 5.3887e-02 2.2385e+03    187.554    13.7575    38.2842    28.7802 0.0000e+00
    165.000    13.7784     0.1851    98.0433 5.2255e-02 2.2410e+03    186.658    13.7542    38.2857    28.7821 0.0000e+00
    166.000    13.7729     0.1841    98.0380 4.9941e-02 2.2389e+03    187.398    13.7485    38.2864    28.7838 0.0000e+00
    167.000    13.7673     0.1929    98.0377 4.6750e-02 2.2358e+03    188.647    13.7427    38.2908    28.7884 0.0000e+00
    168.000    13.7612     0.1860    98.0416 4.5263e-02 2.2364e+03    188.466    13.7365    38.2942    28.7925 0.0000e+00
    169.000    13.7551     0.1856    98.0476 4.2941e-02 2.2371e+03    187.728    13.7303    38.2980    28.7967 0.0000e+00
    170.000    13.7519     0.1816    98.0559 3.9969e-02 2.2386e+03    188.363    13.7269    38.3002    28.7991 0.0000e+00
    171.000    13.7484     0.1850    98.0716 4.0005e-02 2.2369e+03    188.111    13.7232    38.3024    28.8016 0.0000e+00
    172.000    13.7462     0.1898    98.0745 3.9623e-02 2.2377e+03    188.211    13.7209    38.3034    28.8029 0.0000e+00
    173.000    13.7420     0.1898    98.0707 3.7708e-02 2.2375e+03    188.075    13.7166    38.3054    28.8054 0.0000e+00
    174.000    13.7310     0.1860    98.0793 3.5150e-02 2.2352e+03    187.115    13.7054    38.3117    28.8126 0.0000e+00
    175.000    13.7233     0.1910    98.0912 3.3253e-02 2.2352e+03    186.376    13.6976    38.3158    28.8175 0.0000e+00
    176.000    13.7170     0.1858    98.0843 3.1063e-02 2.2353e+03    185.567    13.6912    38.3204    28.8224 0.0000e+00
    177.000    13.7156     0.1918    98.0636 3.0132e-02 2.2357e+03    185.668    13.6896    38.3214    28.8236 0.0000e+00
    178.000    13.7133     0.1940    98.0759 2.9568e-02 2.2371e+03    185.431    13.6872    38.3224    28.8248 0.0000e+00
    179.000    13.7047     0.1889    98.0884 2.7797e-02 2.2364e+03    185.211    13.6784    38.3263    28.8297 0.0000e+00
    180.000    13.6940     0.1846    98.0997 2.7383e-02 2.2362e+03    184.430    13.6676    38.3320    28.8364 0.0000e+00
    181.000    13.6865     0.1825    98.0905 2.7265e-02 2.2340e+03    183.915    13.6600    38.3381    28.8428 0.0000e+00
    182.000    13.6890     0.1853    98.0981 2.6114e-02 2.2369e+03    183.490    13.6623    38.3432    28.8463 0.0000e+00
    183.000    13.6949     0.1894    98.1019 2.3449e-02 2.2384e+03    182.342    13.6681    38.3473    28.8482 0.0000e+00
    184.000    13.6969     0.1878    98.1124 2.3507e-02 2.2349e+03    181.826    13.6699    38.3488    28.8490 0.0000e+00
    185.000    13.6993     0.1883    98.1173 2.3061e-02 2.2357e+03    181.503    13.6722    38.3521    28.8510 0.0000e+00
    186.000    13.6960     0.1981    98.1213 2.2620e-02 2.2371e+03    180.736    13.6687    38.3562    28.8550 0.0000e+00
    187.000    13.6923     0.1859    98.1255 2.2881e-02 2.2355e+03    180.636    13.6648    38.3593    28.8582 0.0000e+00
    188.000    13.6846     0.1820    98.1215 2.0261e-02 2.2344e+03    180.332    13.6570    38.3665    28.8655 0.0000e+00
    189.000    13.6863     0.1840    98.1218 1.9340e-02 2.2347e+03    179.298    13.6585    38.3705    28.8682 0.0000e+00
    190.000    13.6850     0.1814    98.1295 1.8121e-02 2.2343e+03    178.925    13.6571    38.3736    28.8709 0.0000e+00
    191.000    13.6869     0.1812    98.1382 1.8710e-02 2.2357e+03    178.748    13.6589    38.3761    28.8725 0.0000e+00
    192.000    13.6860     0.1826    98.1241 1.9524e-02 2.2373e+03    178.699    13.6578    38.3769    28.8733 0.0000e+00
    193.000    13.6860     0.1847    98.1353 1.8084e-02 2.2351e+03    178.386    13.6577    38.3778    28.8741 0.0000e+00
    194.000    13.6862     0.1859    98.1273 1.7264e-02 2.2321e+03    177.726    13.6578    38.3795    28.8754 0.0000e+00
    195.000    13.6862     0.1815    98.1353 1.5744e-02 2.2328e+03    177.896    13.6576    38.3812    28.8767 0.0000e+00
    196.000    13.6854     0.1832 -9.990e-29 1.4078e-02 2.2364e+03    178.220    13.6566    38.3818    28.8774 0.0000e+00
    197.000    13.6815     0.1849    98.1288 1.3895e-02 2.2358e+03    177.878    13.6526    38.3837    28.8797 0.0000e+00
    198.000    13.6707     0.1882    98.1339 1.4094e-02 2.2354e+03    178.590    13.6417    38.3822    28.8809 0.0000e+00
    199.000    13.6515     0.1846    98.1308 1.0951e-02 2.2366e+03    179.428    13.6223    38.3793    28.8828 0.0000e+00
    200.000    13.6350     0.1879    98.1318 1.0185e-02 2.2327e+03    180.343    13.6057    38.3795    28.8865 0.0000e+00
    201.000    13.6317     0.1837 -9.990e-29 1.0511e-02 2.2331e+03    180.290    13.6023    38.3815    28.8887 0.0000e+00
    202.000    13.6293     0.1784 -9.990e-29 7.2583e-03 2.2323e+03    180.132    13.5997    38.3849    28.8919 0.0000e+00
