Data/ruptures/PEACETIME/FAST/PEACETIME_FAST_CTD_062.cnv
* Sea-Bird SBE 9 Data File:
* FileName = C:\CTD\rawCTD\PEACETIME_FAST_CTD_062.hdr
* Software Version Seasave V 7.23.2
* Temperature SN = 1378
* Conductivity SN = 2929
* Number of Bytes Per Scan = 38
* Number of Voltage Words = 5
* Number of Scans Averaged by the Deck Unit = 1
* NMEA Latitude = 37 56.83 N
* NMEA Longitude = 002 54.92 E
* NMEA UTC (Time) = Jun 04 2017  04:42:07
* NMEA baud rate = 4800
** Cruise:   PEACETIME
** Station:   FAST_CTD_062
# nquan = 11
# nvalues = 2823                        
# units = specified
# name 0 = prDM: Pressure, Digiquartz [db]
# name 1 = t090C: Temperature [ITS-90, deg C]
# name 2 = flC: Fluorescence, Chelsea Aqua 3 Chl Con [ug/l]
# name 3 = CStarTr0: Beam Transmission, WET Labs C-Star [%]
# name 4 = par: PAR/Irradiance, Biospherical/Licor
# name 5 = spar: SPAR/Surface Irradiance
# name 6 = sbeox0Mm/Kg: Oxygen, SBE 43 [umol/kg]
# name 7 = potemp090C: Potential Temperature [ITS-90, deg C]
# name 8 = sal00: Salinity, Practical [PSU]
# name 9 = sigma-é00: Density [sigma-theta, kg/m^3]
# name 10 = flag:
# span 0 =      1.000,   2823.000       
# span 1 =    13.1174,    21.3104       
# span 2 =     0.1752,     0.6568       
# span 3 =    93.6205,    98.3905       
# span 4 = -3.721e-05, 1.2455e+01       
# span 5 = 3.3200e+01, 4.3772e+02       
# span 6 =    152.316,    240.193       
# span 7 =    12.9039,    21.3092       
# span 8 =    36.9870,    38.5924       
# span 9 =    25.9703,    29.1162       
# span 10 = 0.0000e+00, 0.0000e+00      
# interval = decibars: 1                
# start_time = Jun 04 2017 04:43:55 [NMEA time, first data scan]
# bad_flag = -9.990e-29
*END*
[from data line 919]
    920.000    13.1937     0.1823    98.3394 8.2787e-04 1.1867e+02    167.317    13.0584    38.5132    29.1055 0.0000e+00
    921.000    13.1938     0.1818    98.3417 8.1637e-04 1.1608e+02    167.474    13.0584    38.5132    29.1056 0.0000e+00
    922.000    13.1940     0.1870    98.3379 7.3212e-05 1.1828e+02    167.591    13.0584    38.5132    29.1056 0.0000e+00
    923.000    13.1943     0.1907    98.3376 1.9817e-04 1.1879e+02    167.421    13.0586    38.5132    29.1055 0.0000e+00
    924.000    13.1945     0.1922    98.3342 7.2346e-05 1.2023e+02    167.522    13.0585    38.5132    29.1055 0.0000e+00
    925.000    13.1941     0.1881    98.3424 1.6327e-04 1.2081e+02    167.691    13.0581    38.5131    29.1055 0.0000e+00
    926.000    13.1940     0.1839 -9.990e-29 4.1491e-04 1.1949e+02    167.395    13.0578    38.5130    29.1055 0.0000e+00
    927.000    13.1940     0.1833 -9.990e-29 4.8575e-04 1.2022e+02    167.423    13.0577    38.5130    29.1056 0.0000e+00
    928.000    13.1938     0.1839 -9.990e-29 1.2778e-04 1.1849e+02    167.546    13.0573    38.5129    29.1055 0.0000e+00
    929.000    13.1939     0.1836 -9.990e-29 9.2213e-07 1.2158e+02    167.443    13.0572    38.5128    29.1055 0.0000e+00
    930.000    13.1937     0.1847 -9.990e-29 6.3950e-06 1.2003e+02    167.558    13.0569    38.5129    29.1056 0.0000e+00
    931.000    13.1938     0.1909 -9.990e-29 -1.654e-08 1.2088e+02    167.724    13.0569    38.5129    29.1056 0.0000e+00
    932.000    13.1938     0.1866 -9.990e-29 3.0143e-05 1.1489e+02    167.458    13.0566    38.5128    29.1056 0.0000e+00
    933.000    13.1937     0.1859 -9.990e-29 5.3317e-05 1.1798e+02    167.143    13.0564    38.5127    29.1056 0.0000e+00
    934.000    13.1935     0.1876 -9.990e-29 1.5621e-04 1.2026e+02    167.057    13.0561    38.5127    29.1056 0.0000e+00
    935.000    13.1933     0.1915 -9.990e-29 1.1883e-04 1.1891e+02    167.277    13.0558    38.5125    29.1056 0.0000e+00
    936.000    13.1916     0.1958 -9.990e-29 5.0377e-04 1.2335e+02    167.396    13.0539    38.5121    29.1056 0.0000e+00
    937.000    13.1905     0.1942 -9.990e-29 7.2648e-04 1.2504e+02    167.753    13.0526    38.5117    29.1056 0.0000e+00
    938.000    13.1894     0.1855 -9.990e-29 1.1467e-03 1.1889e+02    167.736    13.0514    38.5115    29.1057 0.0000e+00
    939.000    13.1884     0.1825 -9.990e-29 2.8976e-04 1.2105e+02    167.904    13.0503    38.5112    29.1057 0.0000e+00
    940.000    13.1879     0.1815 -9.990e-29 2.5963e-04 1.1756e+02    168.230    13.0496    38.5110    29.1057 0.0000e+00
    941.000    13.1870     0.1915 -9.990e-29 2.5367e-04 1.2320e+02    167.962    13.0485    38.5108    29.1057 0.0000e+00
    942.000    13.1858     0.1921 -9.990e-29 8.4077e-04 1.2551e+02    167.622    13.0472    38.5105    29.1058 0.0000e+00
    943.000    13.1851     0.1886 -9.990e-29 8.8887e-04 1.2121e+02    167.680    13.0463    38.5104    29.1059 0.0000e+00
    944.000    13.1846     0.1877 -9.990e-29 2.3927e-03 1.2149e+02    168.083    13.0457    38.5103    29.1059 0.0000e+00
    945.000    13.1837     0.1904 -9.990e-29 1.5408e-03 1.2215e+02    168.209    13.0447    38.5099    29.1059 0.0000e+00
    946.000    13.1820     0.1874 -9.990e-29 8.6696e-04 1.2007e+02    168.000    13.0428    38.5094    29.1058 0.0000e+00
    947.000    13.1801     0.1821 -9.990e-29 1.3171e-04 1.2539e+02    168.070    13.0408    38.5091    29.1060 0.0000e+00
    948.000    13.1794     0.1802 -9.990e-29 2.8745e-04 1.2387e+02    168.451    13.0399    38.5089    29.1060 0.0000e+00
    949.000    13.1789     0.1854 -9.990e-29 1.1086e-03 1.2599e+02    168.375    13.0393    38.5087    29.1060 0.0000e+00
    950.000    13.1782     0.1850 -9.990e-29 9.5857e-04 1.1797e+02    168.208    13.0384    38.5084    29.1060 0.0000e+00
    951.000    13.1768     0.1872 -9.990e-29 2.2079e-03 1.1974e+02    168.567    13.0369    38.5080    29.1060 0.0000e+00
    952.000    13.1759     0.1869 -9.990e-29 3.3412e-04 1.2190e+02    168.371    13.0359    38.5079    29.1061 0.0000e+00
    953.000    13.1756     0.1873 -9.990e-29 2.6867e-06 1.2205e+02    168.061    13.0354    38.5078    29.1062 0.0000e+00
    954.000    13.1753     0.1825 -9.990e-29 7.6226e-04 1.2319e+02    168.079    13.0350    38.5077    29.1062 0.0000e+00
    955.000    13.1747     0.1784 -9.990e-29 5.4292e-04 1.1875e+02    168.499    13.0342    38.5076    29.1062 0.0000e+00
    956.000    13.1746     0.1811 -9.990e-29 5.2646e-04 1.1274e+02    168.868    13.0339    38.5075    29.1062 0.0000e+00
    957.000    13.1743     0.1845 -9.990e-29 1.1158e-03 1.2450e+02    168.486    13.0335    38.5073    29.1062 0.0000e+00
    958.000    13.1736     0.1879 -9.990e-29 1.4890e-03 1.2181e+02    168.165    13.0327    38.5072    29.1063 0.0000e+00
    959.000    13.1736     0.1897 -9.990e-29 2.7788e-03 1.2450e+02    168.364    13.0325    38.5071    29.1062 0.0000e+00
    960.000    13.1721     0.1898 -9.990e-29 2.7932e-03 1.2221e+02    168.726    13.0309    38.5066    29.1061 0.0000e+00
    961.000    13.1710     0.1817 -9.990e-29 1.8899e-03 1.2413e+02    168.727    13.0296    38.5063    29.1062 0.0000e+00
    962.000    13.1710     0.1798 -9.990e-29 5.3199e-04 1.1984e+02    168.471    13.0295    38.5064    29.1063 0.0000e+00
    963.000    13.1711     0.1855 -9.990e-29 1.3260e-03 1.1770e+02    168.675    13.0294    38.5065    29.1064 0.0000e+00
    964.000    13.1713     0.1897 -9.990e-29 1.4297e-03 1.2617e+02    168.858    13.0295    38.5064    29.1063 0.0000e+00
    965.000    13.1715     0.1882 -9.990e-29 2.8340e-04 1.2230e+02    168.490    13.0295    38.5064    29.1063 0.0000e+00
    966.000    13.1717     0.1909 -9.990e-29 1.9008e-03 1.2545e+02    168.458    13.0295    38.5063    29.1062 0.0000e+00
    967.000    13.1719     0.1935 -9.990e-29 8.6136e-04 1.2140e+02    168.553    13.0296    38.5064    29.1063 0.0000e+00
    968.000    13.1720     0.1910 -9.990e-29 2.4754e-03 1.2015e+02    168.552    13.0295    38.5064    29.1063 0.0000e+00
    969.000    13.1720     0.1835 -9.990e-29 2.6176e-03 1.2206e+02    168.626    13.0294    38.5064    29.1063 0.0000e+00
    970.000    13.1718     0.1827 -9.990e-29 9.5376e-04 1.2627e+02    168.623    13.0290    38.5063    29.1063 0.0000e+00
    971.000    13.1718     0.1854 -9.990e-29 1.0197e-03 1.2068e+02    169.043    13.0289    38.5063    29.1063 0.0000e+00
    972.000    13.1718     0.1857 -9.990e-29 2.5639e-03 1.2130e+02    169.289    13.0288    38.5062    29.1063 0.0000e+00
    973.000    13.1720     0.1835 -9.990e-29 7.6173e-04 1.2438e+02    168.964    13.0288    38.5063    29.1063 0.0000e+00
    974.000    13.1722     0.1838 -9.990e-29 7.6196e-04 1.2261e+02    168.647    13.0288    38.5061    29.1062 0.0000e+00
    975.000    13.1722     0.1857 -9.990e-29 5.1237e-04 1.2061e+02    168.561    13.0287    38.5062    29.1063 0.0000e+00
    976.000    13.1725     0.1841 -9.990e-29 1.4409e-03 1.2469e+02    168.271    13.0288    38.5062    29.1062 0.0000e+00
    977.000    13.1726     0.1874 -9.990e-29 1.9439e-03 1.2261e+02    168.387    13.0288    38.5062    29.1063 0.0000e+00
    978.000    13.1727     0.1895 -9.990e-29 2.6198e-03 1.2471e+02    168.457    13.0288    38.5062    29.1063 0.0000e+00
    979.000    13.1728     0.1901 -9.990e-29 2.4606e-03 1.2415e+02    168.716    13.0287    38.5062    29.1063 0.0000e+00
    980.000    13.1729     0.1870 -9.990e-29 1.1982e-03 1.2132e+02    168.965    13.0286    38.5062    29.1063 0.0000e+00
    981.000    13.1729     0.1868 -9.990e-29 1.8511e-03 1.2133e+02    168.837    13.0285    38.5061    29.1063 0.0000e+00
    982.000    13.1729     0.1902 -9.990e-29 1.4711e-03 1.2627e+02    168.891    13.0283    38.5061    29.1063 0.0000e+00
    983.000    13.1731     0.1878    98.3436 1.6371e-03 1.2601e+02    169.206    13.0284    38.5060    29.1062 0.0000e+00
    984.000    13.1733     0.1866    98.3479 1.2462e-03 1.2477e+02    169.271    13.0284    38.5060    29.1062 0.0000e+00
    985.000    13.1733     0.1843    98.3465 1.3019e-03 1.2273e+02    169.295    13.0283    38.5061    29.1063 0.0000e+00
    986.000    13.1734     0.1825    98.3340 8.4723e-04 1.2372e+02    169.037    13.0282    38.5059    29.1062 0.0000e+00
    987.000    13.1733     0.1917    98.3480 1.6149e-03 1.2576e+02    168.872    13.0280    38.5060    29.1063 0.0000e+00
    988.000    13.1734     0.1846 -9.990e-29 1.7225e-03 1.2437e+02    168.921    13.0279    38.5059    29.1062 0.0000e+00
    989.000    13.1735     0.1859 -9.990e-29 3.1354e-03 1.2637e+02    168.845    13.0279    38.5060    29.1064 0.0000e+00
    990.000    13.1737     0.1845 -9.990e-29 1.9312e-03 1.2292e+02    168.568    13.0279    38.5059    29.1063 0.0000e+00
    991.000    13.1738     0.1873 -9.990e-29 3.4115e-03 1.2285e+02    168.767    13.0279    38.5059    29.1062 0.0000e+00
    992.000    13.1739     0.1826 -9.990e-29 1.8810e-03 1.2380e+02    168.875    13.0278    38.5059    29.1063 0.0000e+00
    993.000    13.1741     0.1849 -9.990e-29 2.3843e-03 1.2588e+02    168.770    13.0278    38.5058    29.1062 0.0000e+00
    994.000    13.1742     0.1869 -9.990e-29 3.3624e-03 1.2070e+02    168.631    13.0278    38.5059    29.1063 0.0000e+00
    995.000    13.1741     0.1944 -9.990e-29 1.7550e-03 1.2391e+02    168.363    13.0275    38.5060    29.1064 0.0000e+00
    996.000    13.1742     0.1886 -9.990e-29 1.6967e-03 1.2548e+02    168.610    13.0275    38.5058    29.1062 0.0000e+00
    997.000    13.1745     0.1864 -9.990e-29 2.7022e-03 1.2945e+02    169.133    13.0276    38.5058    29.1062 0.0000e+00
    998.000    13.1743     0.1897 -9.990e-29 1.0104e-03 1.2423e+02    169.070    13.0273    38.5059    29.1063 0.0000e+00
    999.000    13.1744     0.1924 -9.990e-29 1.8300e-03 1.2639e+02    168.800    13.0273    38.5059    29.1063 0.0000e+00
   1000.000    13.1745     0.1883 -9.990e-29 1.6483e-03 1.2157e+02    168.498    13.0272    38.5058    29.1063 0.0000e+00
   1001.000    13.1744     0.1908 -9.990e-29 2.5505e-03 1.2668e+02    168.869    13.0270    38.5057    29.1063 0.0000e+00
   1002.000    13.1724     0.1859 -9.990e-29 9.3791e-04 1.2268e+02    168.899    13.0248    38.5051    29.1063 0.0000e+00
   1003.000    13.1720     0.1899 -9.990e-29 6.0263e-04 1.2329e+02    168.707    13.0242    38.5051    29.1063 0.0000e+00
   1004.000    13.1712     0.1889 -9.990e-29 1.0538e-03 1.2328e+02    168.343    13.0233    38.5048    29.1063 0.0000e+00
   1005.000    13.1680     0.1855 -9.990e-29 2.6735e-03 1.2915e+02    168.548    13.0200    38.5040    29.1064 0.0000e+00
   1006.000    13.1649     0.1875 -9.990e-29 1.7527e-03 1.2866e+02    168.965    13.0168    38.5032    29.1065 0.0000e+00
   1007.000    13.1623     0.1887 -9.990e-29 8.1456e-04 1.2676e+02    169.353    13.0140    38.5026    29.1065 0.0000e+00
   1008.000    13.1592     0.1912 -9.990e-29 2.5857e-03 1.2427e+02    169.591    13.0108    38.5019    29.1067 0.0000e+00
   1009.000    13.1570     0.1902 -9.990e-29 4.9042e-04 1.2841e+02    169.938    13.0085    38.5013    29.1067 0.0000e+00
   1010.000    13.1555     0.1918 -9.990e-29 5.4694e-04 1.2915e+02    170.036    13.0068    38.5009    29.1067 0.0000e+00
   1011.000    13.1545     0.1854    98.3492 1.2923e-03 1.2928e+02    169.869    13.0056    38.5007    29.1068 0.0000e+00
   1012.000    13.1546     0.1842    98.3503 5.4250e-04 1.2763e+02    169.649    13.0056    38.5006    29.1068 0.0000e+00
   1013.000    13.1533     0.1826    98.3479 7.0519e-05 1.2658e+02    169.649    13.0042    38.5003    29.1069 0.0000e+00
   1014.000    13.1514     0.1806    98.3496 3.7378e-04 1.2480e+02    169.589    13.0021    38.4999    29.1069 0.0000e+00
   1015.000    13.1492     0.1843    98.3486 3.3177e-04 1.2597e+02    169.956    12.9998    38.4993    29.1070 0.0000e+00
   1016.000    13.1488     0.1814    98.3523 1.0431e-03 1.2433e+02    170.270    12.9993    38.4992    29.1070 0.0000e+00
   1017.000    13.1486     0.1799    98.3487 9.7919e-04 1.2594e+02    170.022    12.9989    38.4992    29.1070 0.0000e+00
   1018.000    13.1482     0.1806    98.3526 1.9703e-03 1.2554e+02    169.921    12.9983    38.4991    29.1071 0.0000e+00
   1019.000    13.1482     0.1830    98.3475 2.3998e-03 1.2426e+02    170.270    12.9982    38.4990    29.1070 0.0000e+00
   1020.000    13.1480     0.1886    98.3515 4.8606e-03 1.2806e+02    170.144    12.9978    38.4990    29.1071 0.0000e+00
   1021.000    13.1475     0.1894    98.3478 2.1437e-03 1.2835e+02    169.914    12.9972    38.4988    29.1071 0.0000e+00
   1022.000    13.1478     0.1901    98.3479 2.6524e-03 1.2939e+02    170.176    12.9973    38.4988    29.1071 0.0000e+00
   1023.000    13.1475     0.1833 -9.990e-29 1.8857e-03 1.2981e+02    170.337    12.9969    38.4987    29.1071 0.0000e+00
   1024.000    13.1469     0.1834 -9.990e-29 1.2493e-03 1.2712e+02    170.240    12.9962    38.4986    29.1071 0.0000e+00
   1025.000    13.1465     0.1844 -9.990e-29 3.1388e-03 1.3079e+02    170.282    12.9956    38.4985    29.1072 0.0000e+00
   1026.000    13.1464     0.1885    98.3498 2.4895e-03 1.2803e+02    170.165    12.9953    38.4984    29.1072 0.0000e+00
   1027.000    13.1464     0.1904    98.3501 2.9131e-03 1.2593e+02    169.998    12.9952    38.4983    29.1072 0.0000e+00
   1028.000    13.1458     0.1892    98.3510 3.4828e-03 1.2447e+02    169.858    12.9944    38.4982    29.1072 0.0000e+00
   1029.000    13.1455     0.1843    98.3456 2.1758e-03 1.2666e+02    170.373    12.9940    38.4981    29.1072 0.0000e+00
   1030.000    13.1447     0.1797    98.3529 2.2938e-03 1.2692e+02    170.445    12.9930    38.4978    29.1072 0.0000e+00
   1031.000    13.1438     0.1784    98.3532 2.0180e-03 1.2756e+02    170.021    12.9920    38.4977    29.1073 0.0000e+00
   1032.000    13.1431     0.1857    98.3551 2.1916e-03 1.2949e+02    169.948    12.9911    38.4973    29.1072 0.0000e+00
   1033.000    13.1430     0.1902    98.3495 2.5935e-03 1.2531e+02    170.503    12.9909    38.4974    29.1073 0.0000e+00
   1034.000    13.1430     0.1837    98.3561 3.6061e-03 1.3052e+02    170.722    12.9908    38.4973    29.1073 0.0000e+00
   1035.000    13.1433     0.1844    98.3536 2.9953e-03 1.2710e+02    170.715    12.9909    38.4972    29.1072 0.0000e+00
   1036.000    13.1434     0.1890    98.3579 1.7926e-03 1.2830e+02    170.469    12.9909    38.4973    29.1072 0.0000e+00
   1037.000    13.1434     0.1868    98.3580 7.0708e-04 1.2757e+02    170.373    12.9907    38.4973    29.1073 0.0000e+00
   1038.000    13.1436     0.1888    98.3508 2.3032e-04 1.2988e+02    170.624    12.9907    38.4973    29.1073 0.0000e+00
   1039.000    13.1437     0.1836    98.3597 1.5824e-03 1.2935e+02    170.508    12.9906    38.4973    29.1073 0.0000e+00
   1040.000    13.1438     0.1833    98.3590 9.3309e-04 1.2872e+02    169.807    12.9906    38.4972    29.1073 0.0000e+00
   1041.000    13.1440     0.1869    98.3503 2.6981e-03 1.2511e+02    170.028    12.9906    38.4972    29.1072 0.0000e+00
   1042.000    13.1441     0.1917    98.3594 3.1605e-03 1.3080e+02    170.660    12.9907    38.4972    29.1072 0.0000e+00
   1043.000    13.1442     0.1863    98.3503 5.1358e-03 1.2805e+02    170.744    12.9905    38.4972    29.1073 0.0000e+00
   1044.000    13.1444     0.1891    98.3540 5.7288e-03 1.2816e+02    170.728    12.9906    38.4972    29.1072 0.0000e+00
   1045.000    13.1445     0.1924    98.3530 5.6289e-03 1.2887e+02    170.562    12.9906    38.4973    29.1073 0.0000e+00
   1046.000    13.1447     0.1855    98.3532 6.4947e-03 1.2823e+02    170.260    12.9906    38.4973    29.1073 0.0000e+00
   1047.000    13.1449     0.1802    98.3464 2.9511e-03 1.3139e+02    170.298    12.9906    38.4973    29.1073 0.0000e+00
   1048.000    13.1450     0.1869    98.3496 4.1253e-03 1.3079e+02    170.401    12.9906    38.4972    29.1073 0.0000e+00
   1049.000    13.1451     0.1875    98.3561 2.9475e-03 1.3052e+02    170.213    12.9905    38.4973    29.1073 0.0000e+00
