Data/ruptures/PEACETIME/FAST/PEACETIME_FAST_CTD_067.cnv
* Sea-Bird SBE 9 Data File:
* FileName = C:\CTD\rawCTD\PEACETIME_FAST_CTD_067.hdr
* Software Version Seasave V 7.23.2
* Temperature SN = 1378
* Conductivity SN = 2929
* Number of Bytes Per Scan = 38
* Number of Voltage Words = 5
* Number of Scans Averaged by the Deck Unit = 1
* NMEA Latitude = 37 56.82 N
* NMEA Longitude = 002 54.99 E
* NMEA UTC (Time) = Jun 05 2017  07:24:18
* NMEA baud rate = 4800
** Cruise:   PEACETIME
** Station:   FAST_CTD_067
# nquan = 11
# nvalues = 198                         
# units = specified
# name 0 = prDM: Pressure, Digiquartz [db]
# name 1 = t090C: Temperature [ITS-90, deg C]
# name 2 = flC: Fluorescence, Chelsea Aqua 3 Chl Con [ug/l]
# name 3 = CStarTr0: Beam Transmission, WET Labs C-Star [%]
# name 4 = par: PAR/Irradiance, Biospherical/Licor
# name 5 = spar: SPAR/Surface Irradiance
# name 6 = sbeox0Mm/Kg: Oxygen, SBE 43 [umol/kg]
# name 7 = potemp090C: Potential Temperature [ITS-90, deg C]
# name 8 = sal00: Salinity, Practical [PSU]
# name 9 = sigma-é00: Density [sigma-theta, kg/m^3]
# name 10 = flag:
# span 0 =      3.000,    200.000       
# span 1 =    13.6335,    21.3978       
# span 2 =     0.1867,     0.6518       
# span 3 =    92.3272,    98.1383       
# span 4 = 1.3138e-03, 6.6286e+02       
# span 5 = 2.1800e+03, 2.2447e+03       
# span 6 =    179.269,    240.535       
# span 7 =    13.6043,    21.3967       
# span 8 =    36.9965,    38.3877       
# span 9 =    25.9434,    28.8931       
# span 10 = 0.0000e+00, 0.0000e+00      
# interval = decibars: 1                
# start_time = Jun 05 2017 07:26:15 [NMEA time, first data scan]
# bad_flag = -9.990e-29
*END*
[from data line 132]
    135.000    13.9331     0.2010    98.0019 9.7241e-02 2.2313e+03    195.488    13.9132    38.2081    28.6877 0.0000e+00
    136.000    13.9297     0.2017    98.0138 9.2933e-02 2.2281e+03    195.481    13.9096    38.2104    28.6903 0.0000e+00
    137.000    13.9238     0.2014    98.0514 8.9085e-02 2.2302e+03    194.922    13.9035    38.2133    28.6939 0.0000e+00
    138.000    13.9199     0.1993    98.0427 8.4289e-02 2.2284e+03    196.296    13.8995    38.2170    28.6976 0.0000e+00
    139.000    13.9110     0.1976    98.0262 8.0255e-02 2.2269e+03    195.741    13.8904    38.2217    28.7032 0.0000e+00
    140.000    13.9018     0.1984    98.0640 7.6607e-02 2.2291e+03    194.900    13.8812    38.2243    28.7072 0.0000e+00
    141.000    13.8884     0.1953    98.0574 7.3903e-02 2.2261e+03    192.936    13.8675    38.2259    28.7114 0.0000e+00
    142.000    13.8773     0.1991    98.0687 7.0780e-02 2.2321e+03    191.816    13.8563    38.2276    28.7151 0.0000e+00
    143.000    13.8715     0.1926    98.0701 6.6824e-02 2.2278e+03    191.104    13.8504    38.2293    28.7177 0.0000e+00
    144.000    13.8692     0.1972    98.0686 6.3477e-02 2.2301e+03    191.740    13.8479    38.2303    28.7190 0.0000e+00
    145.000    13.8657     0.1997    98.0799 6.0676e-02 2.2322e+03    192.487    13.8443    38.2333    28.7221 0.0000e+00
    146.000    13.8626     0.1991    98.0732 5.9159e-02 2.2325e+03    191.520    13.8411    38.2368    28.7255 0.0000e+00
    147.000    13.8612     0.2031    98.0812 5.3410e-02 2.2315e+03    191.541    13.8395    38.2383    28.7270 0.0000e+00
    148.000    13.8593     0.2014    98.0784 5.2559e-02 2.2341e+03    191.357    13.8374    38.2397    28.7286 0.0000e+00
    149.000    13.8571     0.1886    98.0787 4.9404e-02 2.2348e+03    190.507    13.8351    38.2424    28.7311 0.0000e+00
    150.000    13.8501     0.1869    98.0561 4.6641e-02 2.2350e+03    188.668    13.8280    38.2467    28.7360 0.0000e+00
    151.000    13.8445     0.1932    98.0419 4.4394e-02 2.2333e+03    190.172    13.8223    38.2511    28.7406 0.0000e+00
    152.000    13.8374     0.1959    98.0682 4.4362e-02 2.2408e+03    191.238    13.8150    38.2558    28.7458 0.0000e+00
    153.000    13.8306     0.1977    98.0900 4.2894e-02 2.2398e+03    192.101    13.8081    38.2598    28.7505 0.0000e+00
    154.000    13.8292     0.1927    98.0964 3.8031e-02 2.2349e+03    191.875    13.8065    38.2609    28.7516 0.0000e+00
    155.000    13.8271     0.1960    98.0950 3.7314e-02 2.2348e+03    191.167    13.8043    38.2620    28.7529 0.0000e+00
    156.000    13.8221     0.1950    98.0975 3.7009e-02 2.2345e+03    190.910    13.7991    38.2647    28.7562 0.0000e+00
    157.000    13.8120     0.1911    98.0990 3.5017e-02 2.2318e+03    190.308    13.7889    38.2697    28.7623 0.0000e+00
    158.000    13.8046     0.1894    98.0967 3.4406e-02 2.2304e+03    190.187    13.7813    38.2743    28.7674 0.0000e+00
    159.000    13.8026     0.1895    98.1002 3.3199e-02 2.2360e+03    189.739    13.7792    38.2758    28.7690 0.0000e+00
    160.000    13.7937     0.1958    98.1064 3.3145e-02 2.2355e+03    188.962    13.7702    38.2818    28.7756 0.0000e+00
    161.000    13.7889     0.1987    98.1002 3.0356e-02 2.2298e+03    189.148    13.7652    38.2838    28.7782 0.0000e+00
    162.000    13.7795     0.1947    98.1043 2.8038e-02 2.2329e+03    188.478    13.7557    38.2875    28.7831 0.0000e+00
    163.000    13.7696     0.1955    98.1003 2.8191e-02 2.2332e+03    187.628    13.7456    38.2927    28.7893 0.0000e+00
    164.000    13.7639     0.1948    98.1129 2.7329e-02 2.2324e+03    187.267    13.7398    38.2960    28.7931 0.0000e+00
    165.000    13.7576     0.1920    98.0966 2.6761e-02 2.2301e+03    186.287    13.7334    38.2973    28.7955 0.0000e+00
    166.000    13.7363     0.1939    98.0928 2.5319e-02 2.2281e+03    183.861    13.7119    38.2955    28.7987 0.0000e+00
    167.000    13.7212     0.1922    98.0454 2.3056e-02 2.2336e+03    183.542    13.6967    38.2983    28.8041 0.0000e+00
    168.000    13.7308     0.1891    98.0567 2.4815e-02 2.2347e+03    185.565    13.7061    38.3060    28.8080 0.0000e+00
    169.000    13.7295     0.1962    98.0732 2.4514e-02 2.2341e+03    185.587    13.7047    38.3073    28.8094 0.0000e+00
    170.000    13.7233     0.1975    98.0683 2.1058e-02 2.2348e+03    184.679    13.6983    38.3071    28.8106 0.0000e+00
    171.000    13.6999     0.2025    98.0636 1.9325e-02 2.2363e+03    184.078    13.6749    38.3071    28.8156 0.0000e+00
    172.000    13.6884     0.1985    98.0644 1.8435e-02 2.2341e+03    184.728    13.6631    38.3099    28.8203 0.0000e+00
    173.000    13.6908     0.2000    98.0708 1.9806e-02 2.2309e+03    184.219    13.6654    38.3174    28.8256 0.0000e+00
    174.000    13.6939     0.1994    98.0675 2.0850e-02 2.2309e+03    184.250    13.6684    38.3251    28.8310 0.0000e+00
    175.000    13.6957     0.1943    98.0829 1.9263e-02 2.2329e+03    183.961    13.6700    38.3267    28.8319 0.0000e+00
    176.000    13.6934     0.1931    98.0914 1.6881e-02 2.2388e+03    183.554    13.6676    38.3276    28.8331 0.0000e+00
    177.000    13.6883     0.1902    98.0895 1.5997e-02 2.2435e+03    183.708    13.6623    38.3286    28.8350 0.0000e+00
    178.000    13.6879     0.1906    98.0799 1.3724e-02 2.2420e+03    183.357    13.6618    38.3333    28.8387 0.0000e+00
    179.000    13.6833     0.1922    98.0847 1.3214e-02 2.2396e+03    183.689    13.6570    38.3356    28.8415 0.0000e+00
    180.000    13.6824     0.1902    98.0923 1.2738e-02 2.2396e+03    183.205    13.6560    38.3386    28.8441 0.0000e+00
    181.000    13.6755     0.1918    98.0850 1.1572e-02 2.2317e+03    182.829    13.6489    38.3434    28.8493 0.0000e+00
    182.000    13.6741     0.1923    98.0913 1.2246e-02 2.2304e+03    183.043    13.6474    38.3453    28.8511 0.0000e+00
    183.000    13.6760     0.1877    98.0989 1.2128e-02 2.2371e+03    183.230    13.6491    38.3482    28.8529 0.0000e+00
    184.000    13.6781     0.1940    98.1077 1.0313e-02 2.2377e+03    183.125    13.6511    38.3513    28.8549 0.0000e+00
    185.000    13.6798     0.1894    98.1144 7.5505e-03 2.2377e+03    183.063    13.6526    38.3536    28.8564 0.0000e+00
    186.000    13.6787     0.1887    98.1265 8.9744e-03 2.2416e+03    182.871    13.6514    38.3541    28.8570 0.0000e+00
    187.000    13.6754     0.1917    98.1325 7.5300e-03 2.2447e+03    182.360    13.6480    38.3561    28.8593 0.0000e+00
    188.000    13.6675     0.1944    98.1268 6.0682e-03 2.2409e+03    181.363    13.6399    38.3610    28.8648 0.0000e+00
    189.000    13.6663     0.1931    98.1091 7.1615e-03 2.2429e+03    181.623    13.6386    38.3625    28.8663 0.0000e+00
    190.000    13.6635     0.1945    98.1260 7.6973e-03 2.2392e+03    180.770    13.6357    38.3656    28.8693 0.0000e+00
    191.000    13.6582     0.1991    98.1269 6.0810e-03 2.2381e+03    181.281    13.6302    38.3651    28.8701 0.0000e+00
    192.000    13.6527     0.1995    98.1354 4.5952e-03 2.2414e+03    181.855    13.6246    38.3650    28.8712 0.0000e+00
    193.000    13.6468     0.1932 -9.990e-29 5.5025e-03 2.2405e+03    181.644    13.6185    38.3655    28.8729 0.0000e+00
    194.000    13.6410     0.1947    98.1259 5.2389e-03 2.2446e+03    180.760    13.6126    38.3680    28.8761 0.0000e+00
    195.000    13.6371     0.1951    98.1331 4.1767e-03 2.2426e+03    181.055    13.6086    38.3688    28.8776 0.0000e+00
    196.000    13.6355     0.1867    98.1353 3.9052e-03 2.2360e+03    180.834    13.6068    38.3710    28.8796 0.0000e+00
    197.000    13.6353     0.1878    98.1250 3.8893e-03 2.2405e+03    180.813    13.6064    38.3754    28.8832 0.0000e+00
    198.000    13.6335     0.2006    98.1303 1.9724e-03 2.2325e+03    180.584    13.6045    38.3791    28.8865 0.0000e+00
    199.000    13.6341     0.2016    98.1334 1.3138e-03 2.2302e+03    179.857    13.6050    38.3845    28.8905 0.0000e+00
    200.000    13.6335     0.1946    98.1383 1.4912e-03 2.2315e+03    179.269    13.6043    38.3877    28.8931 0.0000e+00
