Data/ruptures/PEACETIME/FAST/PEACETIME_FAST_CTD_076.cnv
* Sea-Bird SBE 9 Data File:
* FileName = C:\CTD\rawCTD\PEACETIME_FAST_CTD_076.hdr
* Software Version Seasave V 7.23.2
* Temperature SN = 1378
* Conductivity SN = 2929
* Number of Bytes Per Scan = 38
* Number of Voltage Words = 5
* Number of Scans Averaged by the Deck Unit = 1
* NMEA Latitude = 37 56.80 N
* NMEA Longitude = 002 55.01 E
* NMEA UTC (Time) = Jun 06 2017  09:25:41
* NMEA baud rate = 4800
** Cruise:   PEACETIME
** Station:   FAST_CTD_076
# nquan = 11
# nvalues = 2015                        
# units = specified
# name 0 = prDM: Pressure, Digiquartz [db]
# name 1 = t090C: Temperature [ITS-90, deg C]
# name 2 = flC: Fluorescence, Chelsea Aqua 3 Chl Con [ug/l]
# name 3 = CStarTr0: Beam Transmission, WET Labs C-Star [%]
# name 4 = par: PAR/Irradiance, Biospherical/Licor
# name 5 = spar: SPAR/Surface Irradiance
# name 6 = sbeox0Mm/Kg: Oxygen, SBE 43 [umol/kg]
# name 7 = potemp090C: Potential Temperature [ITS-90, deg C]
# name 8 = sal00: Salinity, Practical [PSU]
# name 9 = sigma-é00: Density [sigma-theta, kg/m^3]
# name 10 = flag:
# span 0 =      3.000,   2017.000       
# span 1 =    13.1243,    21.4737       
# span 2 =     0.1674,     0.4507       
# span 3 =    94.0055,    98.3091       
# span 4 = -7.165e-06, 9.7727e+01       
# span 5 = 1.6597e+03, 2.3384e+03       
# span 6 =    152.658,    240.193       
# span 7 =    12.9047,    21.4729       
# span 8 =    37.0131,    38.5938       
# span 9 =    25.9297,    29.1132       
# span 10 = 0.0000e+00, 0.0000e+00      
# interval = decibars: 1                
# start_time = Jun 06 2017 09:27:13 [NMEA time, first data scan]
# bad_flag = -9.990e-29
*END*
[from data line 263]
    266.000    13.6195     0.1760    98.1764 1.3971e-04 1.8337e+03    161.717    13.5804    38.5033    28.9879 0.0000e+00
    267.000    13.6210     0.1784    98.1830 5.9141e-05 1.8357e+03    161.597    13.5818    38.5045    28.9885 0.0000e+00
    268.000    13.6223     0.1790    98.1825 4.6683e-05 1.8355e+03    161.376    13.5830    38.5056    28.9891 0.0000e+00
    269.000    13.6233     0.1774    98.1540 3.1727e-05 1.8380e+03    161.348    13.5838    38.5063    28.9895 0.0000e+00
    270.000    13.6230     0.1785    98.1825 3.0152e-04 1.8379e+03    161.300    13.5833    38.5075    28.9905 0.0000e+00
    271.000    13.6218     0.1795    98.1792 8.6523e-04 1.8394e+03    160.912    13.5820    38.5097    28.9924 0.0000e+00
    272.000    13.6215     0.1783    98.1802 3.8877e-04 1.8388e+03    160.634    13.5816    38.5107    28.9933 0.0000e+00
    273.000    13.6211     0.1784    98.1818 1.9206e-04 1.8309e+03    160.388    13.5810    38.5125    28.9948 0.0000e+00
    274.000    13.6208     0.1800    98.1778 -9.990e-29 1.8111e+03    160.238    13.5805    38.5138    28.9959 0.0000e+00
    275.000    13.6204     0.1785    98.1844 -9.990e-29 1.7905e+03    160.279    13.5800    38.5152    28.9971 0.0000e+00
    276.000    13.6202     0.1758    98.1808 -9.990e-29 1.7780e+03    160.356    13.5797    38.5160    28.9978 0.0000e+00
    277.000    13.6199     0.1794    98.1709 1.0000e-12 1.7665e+03    160.145    13.5792    38.5178    28.9993 0.0000e+00
    278.000    13.6199     0.1759    98.1777 1.9134e-06 1.7505e+03    160.071    13.5791    38.5187    29.0001 0.0000e+00
    279.000    13.6197     0.1764    98.1705 1.4647e-05 1.7381e+03    159.929    13.5787    38.5193    29.0006 0.0000e+00
    280.000    13.6191     0.1761    98.1793 2.0778e-06 1.7273e+03    159.609    13.5780    38.5213    29.0023 0.0000e+00
    281.000    13.6194     0.1782    98.1714 -2.280e-09 1.7207e+03    159.324    13.5781    38.5233    29.0038 0.0000e+00
    282.000    13.6218     0.1754    98.1704 1.0000e-12 1.7105e+03    159.051    13.5803    38.5289    29.0077 0.0000e+00
    283.000    13.6241     0.1703    98.1779 1.0000e-12 1.7041e+03    158.534    13.5825    38.5314    29.0092 0.0000e+00
    284.000    13.6246     0.1718    98.1820 2.3052e-04 1.7054e+03    158.107    13.5828    38.5319    29.0094 0.0000e+00
    285.000    13.6255     0.1818    98.1729 5.3332e-04 1.7048e+03    158.377    13.5836    38.5332    29.0103 0.0000e+00
    286.000    13.6262     0.1829    98.1885 3.5731e-05 1.7055e+03    158.332    13.5842    38.5343    29.0111 0.0000e+00
    287.000    13.6270     0.1836    98.1866 5.5455e-07 1.7045e+03    158.232    13.5849    38.5359    29.0122 0.0000e+00
    288.000    13.6278     0.1762    98.1875 -9.990e-29 1.6933e+03    158.158    13.5854    38.5376    29.0133 0.0000e+00
    289.000    13.6287     0.1769    98.1875 -9.990e-29 1.6747e+03    158.025    13.5862    38.5396    29.0148 0.0000e+00
    290.000    13.6288     0.1741    98.1875 -9.990e-29 1.6648e+03    157.482    13.5862    38.5411    29.0159 0.0000e+00
    291.000    13.6294     0.1761    98.1875 1.0000e-12 1.6597e+03    157.576    13.5866    38.5419    29.0164 0.0000e+00
    292.000    13.6307     0.1749    98.1875 1.0000e-12 1.6720e+03    157.556    13.5877    38.5431    29.0171 0.0000e+00
    293.000    13.6311     0.1741    98.1875 9.3526e-06 1.6859e+03    157.170    13.5880    38.5444    29.0181 0.0000e+00
    294.000    13.6325     0.1743    98.1816 -7.002e-08 1.7003e+03    156.919    13.5893    38.5470    29.0198 0.0000e+00
    295.000    13.6340     0.1734    98.1744 -9.990e-29 1.7141e+03    156.817    13.5906    38.5490    29.0211 0.0000e+00
    296.000    13.6347     0.1763    98.1794 -9.990e-29 1.7293e+03    156.464    13.5912    38.5501    29.0218 0.0000e+00
    297.000    13.6349     0.1750    98.1875 -9.990e-29 1.7307e+03    156.613    13.5912    38.5509    29.0224 0.0000e+00
    298.000    13.6353     0.1787    98.1886 -9.990e-29 1.7426e+03    156.536    13.5915    38.5512    29.0226 0.0000e+00
    299.000    13.6357     0.1761    98.1875 -9.990e-29 1.7516e+03    156.603    13.5917    38.5516    29.0229 0.0000e+00
    300.000    13.6362     0.1780    98.1875 -9.990e-29 1.7647e+03    156.551    13.5921    38.5523    29.0233 0.0000e+00
    301.000    13.6364     0.1770    98.1875 -9.990e-29 1.7780e+03    156.292    13.5922    38.5530    29.0239 0.0000e+00
    302.000    13.6365     0.1804    98.1875 -9.990e-29 1.7931e+03    156.411    13.5921    38.5537    29.0244 0.0000e+00
    303.000    13.6374     0.1835    98.1875 -9.990e-29 1.8020e+03    156.273    13.5928    38.5550    29.0253 0.0000e+00
    304.000    13.6375     0.1839    98.1875 -9.990e-29 1.8128e+03    155.910    13.5928    38.5566    29.0265 0.0000e+00
    305.000    13.6338     0.1771    98.1875 -9.990e-29 1.8235e+03    155.628    13.5889    38.5564    29.0271 0.0000e+00
    306.000    13.6261     0.1734    98.1875 -9.990e-29 1.8277e+03    155.576    13.5810    38.5561    29.0286 0.0000e+00
    307.000    13.6268     0.1757    98.1875 -9.990e-29 1.8399e+03    155.630    13.5816    38.5573    29.0295 0.0000e+00
    308.000    13.6334     0.1743    98.1875 -9.990e-29 1.8400e+03    155.354    13.5881    38.5600    29.0301 0.0000e+00
    309.000    13.6347     0.1769    98.1875 -9.990e-29 1.8448e+03    155.415    13.5893    38.5601    29.0300 0.0000e+00
    310.000    13.6361     0.1761    98.1875 -9.990e-29 1.8514e+03    155.544    13.5904    38.5607    29.0302 0.0000e+00
    311.000    13.6383     0.1769    98.1875 -9.990e-29 1.8674e+03    155.600    13.5925    38.5619    29.0307 0.0000e+00
    312.000    13.6396     0.1800    98.1875 -9.990e-29 1.8846e+03    155.620    13.5937    38.5626    29.0309 0.0000e+00
    313.000    13.6413     0.1863    98.1875 -9.990e-29 1.9004e+03    155.471    13.5952    38.5643    29.0320 0.0000e+00
    314.000    13.6420     0.1816    98.1852 -9.990e-29 1.9089e+03    155.280    13.5958    38.5652    29.0325 0.0000e+00
    315.000    13.6426     0.1810    98.1606 -9.990e-29 1.9102e+03    155.011    13.5962    38.5665    29.0334 0.0000e+00
    316.000    13.6435     0.1824    98.1899 -9.990e-29 1.9160e+03    154.749    13.5969    38.5688    29.0351 0.0000e+00
    317.000    13.6340     0.1811    98.1875 -9.990e-29 1.9186e+03    154.464    13.5873    38.5669    29.0357 0.0000e+00
    318.000    13.6174     0.1746    98.1875 -9.990e-29 1.9246e+03    154.611    13.5706    38.5635    29.0366 0.0000e+00
    319.000    13.6112     0.1785    98.1875 1.0000e-12 1.9308e+03    154.648    13.5642    38.5625    29.0372 0.0000e+00
    320.000    13.6096     0.1766    98.1875 1.0000e-12 1.9403e+03    154.242    13.5626    38.5623    29.0374 0.0000e+00
    321.000    13.6089     0.1754    98.1875 1.0000e-12 1.9450e+03    154.117    13.5617    38.5623    29.0375 0.0000e+00
    322.000    13.6088     0.1725    98.1875 1.0000e-12 1.9630e+03    154.546    13.5614    38.5628    29.0380 0.0000e+00
    323.000    13.6090     0.1711    98.1911 1.0000e-12 1.9723e+03    154.542    13.5615    38.5632    29.0383 0.0000e+00
    324.000    13.6075     0.1760    98.1990 -9.990e-29 1.9798e+03    154.334    13.5598    38.5632    29.0386 0.0000e+00
    325.000    13.6086     0.1775    98.1941 -9.990e-29 1.9832e+03    154.231    13.5608    38.5639    29.0390 0.0000e+00
    326.000    13.6085     0.1766    98.1927 -9.990e-29 1.9899e+03    154.257    13.5606    38.5646    29.0396 0.0000e+00
    327.000    13.6083     0.1750    98.1914 -9.990e-29 1.9963e+03    154.215    13.5602    38.5655    29.0403 0.0000e+00
    328.000    13.6096     0.1751    98.1911 -9.990e-29 2.0141e+03    154.003    13.5614    38.5673    29.0415 0.0000e+00
    329.000    13.6108     0.1778    98.1975 -9.990e-29 2.0453e+03    153.795    13.5624    38.5685    29.0422 0.0000e+00
    330.000    13.6117     0.1775    98.1940 -9.990e-29 2.0611e+03    153.989    13.5631    38.5692    29.0426 0.0000e+00
    331.000    13.6128     0.1766    98.1981 -9.990e-29 2.0822e+03    154.007    13.5641    38.5700    29.0430 0.0000e+00
    332.000    13.6149     0.1776    98.1876 -9.990e-29 2.0916e+03    154.003    13.5661    38.5719    29.0440 0.0000e+00
    333.000    13.6112     0.1782    98.1987 -9.990e-29 2.1027e+03    153.733    13.5621    38.5721    29.0451 0.0000e+00
    334.000    13.6130     0.1749    98.1985 -9.990e-29 2.1139e+03    153.365    13.5638    38.5736    29.0458 0.0000e+00
    335.000    13.6186     0.1726    98.1965 -9.990e-29 2.1196e+03    153.947    13.5692    38.5757    29.0463 0.0000e+00
    336.000    13.6207     0.1763    98.1789 -9.990e-29 2.1243e+03    154.016    13.5713    38.5769    29.0469 0.0000e+00
    337.000    13.6230     0.1773    98.2030 -9.990e-29 2.1322e+03    154.264    13.5734    38.5786    29.0477 0.0000e+00
    338.000    13.6244     0.1797    98.1979 1.0000e-12 2.1401e+03    153.969    13.5747    38.5796    29.0482 0.0000e+00
    339.000    13.6254     0.1780    98.2070 1.0000e-12 2.1482e+03    153.948    13.5754    38.5801    29.0484 0.0000e+00
    340.000    13.6261     0.1756    98.2085 1.0000e-12 2.1646e+03    154.383    13.5760    38.5805    29.0486 0.0000e+00
    341.000    13.6277     0.1816    98.2061 1.0000e-12 2.1771e+03    154.367    13.5774    38.5813    29.0490 0.0000e+00
    342.000    13.6283     0.1762    98.2066 -9.990e-29 2.1868e+03    154.034    13.5779    38.5816    29.0491 0.0000e+00
    343.000    13.6300     0.1778    98.1956 -9.990e-29 2.1917e+03    153.871    13.5795    38.5833    29.0501 0.0000e+00
    344.000    13.6306     0.1813    98.2028 -9.990e-29 2.1989e+03    153.986    13.5799    38.5846    29.0510 0.0000e+00
    345.000    13.6315     0.1777    98.2075 -9.990e-29 2.1966e+03    153.960    13.5806    38.5853    29.0514 0.0000e+00
    346.000    13.6319     0.1760    98.2134 -9.990e-29 2.1900e+03    153.738    13.5809    38.5857    29.0516 0.0000e+00
    347.000    13.6349     0.1785    98.2135 -9.990e-29 2.1911e+03    153.924    13.5838    38.5875    29.0524 0.0000e+00
    348.000    13.6362     0.1824    98.2135 -9.990e-29 2.1851e+03    153.886    13.5849    38.5881    29.0526 0.0000e+00
    349.000    13.6367     0.1812    98.2135 1.0000e-12 2.1801e+03    153.680    13.5853    38.5887    29.0530 0.0000e+00
    350.000    13.6366     0.1809    98.2135 1.0000e-12 2.1802e+03    153.900    13.5850    38.5890    29.0533 0.0000e+00
    351.000    13.6368     0.1788    98.2135 1.0000e-12 2.1791e+03    153.935    13.5851    38.5890    29.0533 0.0000e+00
    352.000    13.6369     0.1765    98.2135 1.0000e-12 2.1930e+03    153.957    13.5850    38.5890    29.0533 0.0000e+00
    353.000    13.6367     0.1730    98.2101 1.0000e-12 2.1995e+03    153.626    13.5846    38.5888    29.0533 0.0000e+00
    354.000    13.6357     0.1757    98.2019 1.0000e-12 2.2001e+03    153.543    13.5835    38.5886    29.0533 0.0000e+00
    355.000    13.6309     0.1721    98.2147 1.0000e-12 2.2046e+03    153.799    13.5786    38.5882    29.0540 0.0000e+00
    356.000    13.6297     0.1746    98.2161 1.0000e-12 2.1949e+03    153.638    13.5773    38.5880    29.0542 0.0000e+00
    357.000    13.6273     0.1759    98.2135 -9.990e-29 2.1954e+03    153.551    13.5747    38.5884    29.0550 0.0000e+00
    358.000    13.6270     0.1771    98.2135 -9.990e-29 2.1946e+03    153.868    13.5742    38.5885    29.0552 0.0000e+00
    359.000    13.6259     0.1774    98.2135 -9.990e-29 2.1950e+03    153.764    13.5730    38.5886    29.0556 0.0000e+00
    360.000    13.6247     0.1744    98.2042 -9.990e-29 2.1981e+03    153.442    13.5717    38.5885    29.0558 0.0000e+00
    361.000    13.6238     0.1742    98.2096 -9.990e-29 2.2008e+03    153.609    13.5706    38.5886    29.0560 0.0000e+00
    362.000    13.6205     0.1775    98.1971 -9.990e-29 2.2024e+03    153.973    13.5672    38.5884    29.0566 0.0000e+00
    363.000    13.6176     0.1754    98.2082 -9.990e-29 2.2067e+03    153.869    13.5641    38.5885    29.0574 0.0000e+00
    364.000    13.6160     0.1797    98.2135 -9.990e-29 2.2115e+03    153.611    13.5623    38.5889    29.0580 0.0000e+00
    365.000    13.6142     0.1772    98.2135 -9.990e-29 2.2247e+03    153.636    13.5604    38.5891    29.0586 0.0000e+00
    366.000    13.6104     0.1766    98.2135 -9.990e-29 2.2351e+03    153.628    13.5565    38.5892    29.0595 0.0000e+00
    367.000    13.6039     0.1731    98.2135 1.0000e-12 2.2422e+03    153.467    13.5499    38.5886    29.0605 0.0000e+00
    368.000    13.6002     0.1724    98.2135 1.0000e-12 2.2458e+03    153.208    13.5460    38.5884    29.0611 0.0000e+00
    369.000    13.5990     0.1777    98.2135 1.0000e-12 2.2451e+03    153.081    13.5446    38.5881    29.0612 0.0000e+00
    370.000    13.5972     0.1771    98.2135 1.0000e-12 2.2449e+03    152.941    13.5427    38.5878    29.0614 0.0000e+00
    371.000    13.5966     0.1758    98.2135 1.0000e-12 2.2464e+03    153.185    13.5420    38.5878    29.0615 0.0000e+00
    372.000    13.5963     0.1811    98.2135 -9.990e-29 2.2478e+03    153.286    13.5416    38.5878    29.0616 0.0000e+00
    373.000    13.5962     0.1734    98.2135 -9.990e-29 2.2414e+03    153.288    13.5413    38.5878    29.0617 0.0000e+00
    374.000    13.5961     0.1702    98.2135 1.1181e-04 2.2393e+03    153.315    13.5411    38.5878    29.0618 0.0000e+00
    375.000    13.5961     0.1714    98.2135 1.1201e-05 2.2377e+03    153.374    13.5409    38.5878    29.0618 0.0000e+00
    376.000    13.5961     0.1743    98.2135 4.0761e-06 2.2276e+03    153.064    13.5408    38.5879    29.0619 0.0000e+00
    377.000    13.5921     0.1735    98.2010 1.3614e-08 2.2245e+03    152.875    13.5366    38.5873    29.0623 0.0000e+00
    378.000    13.5855     0.1786    98.2106 1.0000e-12 2.2175e+03    153.019    13.5299    38.5874    29.0638 0.0000e+00
    379.000    13.5822     0.1783    98.2135 1.0000e-12 2.2198e+03    152.881    13.5264    38.5870    29.0642 0.0000e+00
    380.000    13.5811     0.1800    98.2135 1.0000e-12 2.2271e+03    152.949    13.5252    38.5869    29.0644 0.0000e+00
    381.000    13.5812     0.1789    98.2135 1.0000e-12 2.2352e+03    152.955    13.5252    38.5873    29.0647 0.0000e+00
    382.000    13.5807     0.1721    98.2135 2.3116e-06 2.2420e+03    153.021    13.5245    38.5872    29.0648 0.0000e+00
    383.000    13.5793     0.1724    98.2135 -1.029e-08 2.2434e+03    153.094    13.5229    38.5870    29.0650 0.0000e+00
    384.000    13.5783     0.1705    98.2135 1.0000e-12 2.2407e+03    153.046    13.5218    38.5875    29.0656 0.0000e+00
    385.000    13.5829     0.1707    98.2135 1.0000e-12 2.2390e+03    153.098    13.5262    38.5902    29.0668 0.0000e+00
    386.000    13.5845     0.1753    98.2135 1.0000e-12 2.2415e+03    153.349    13.5277    38.5910    29.0670 0.0000e+00
    387.000    13.5863     0.1805    98.2135 6.3690e-04 2.2473e+03    153.412    13.5293    38.5918    29.0673 0.0000e+00
    388.000    13.5858     0.1783    98.2135 6.5933e-04 2.2462e+03    153.328    13.5286    38.5922    29.0678 0.0000e+00
    389.000    13.5848     0.1792    98.2135 9.7472e-08 2.2429e+03    153.407    13.5275    38.5918    29.0677 0.0000e+00
    390.000    13.5849     0.1774    98.2135 1.9739e-06 2.2459e+03    153.087    13.5274    38.5917    29.0676 0.0000e+00
    391.000    13.5845     0.1740    98.2135 -7.487e-09 2.2398e+03    152.881    13.5269    38.5915    29.0676 0.0000e+00
    392.000    13.5844     0.1778    98.2135 1.0000e-12 2.2339e+03    152.980    13.5266    38.5915    29.0677 0.0000e+00
    393.000    13.5848     0.1748    98.2135 1.0000e-12 2.2267e+03    152.658    13.5269    38.5924    29.0683 0.0000e+00
    394.000    13.5832     0.1744    98.2135 2.0677e-06 2.2193e+03    153.119    13.5252    38.5923    29.0686 0.0000e+00
    395.000    13.5812     0.1785    98.2135 -9.495e-09 2.2164e+03    153.160    13.5230    38.5921    29.0689 0.0000e+00
