Data/ruptures/PEACETIME/FAST/PEACETIME_FAST_CTD_081.cnv
* Sea-Bird SBE 9 Data File:
* FileName = C:\CTD\rawCTD\PEACETIME_FAST_CTD_081.hdr
* Software Version Seasave V 7.23.2
* Temperature SN = 1378
* Conductivity SN = 2929
* Number of Bytes Per Scan = 38
* Number of Voltage Words = 5
* Number of Scans Averaged by the Deck Unit = 1
* NMEA Latitude = 37 56.79 N
* NMEA Longitude = 002 55.00 E
* NMEA UTC (Time) = Jun 07 2017  02:17:49
* NMEA baud rate = 4800
** Cruise:   PEACETIME
** Station:   CTD_FAST_081
# nquan = 11
# nvalues = 501                         
# units = specified
# name 0 = prDM: Pressure, Digiquartz [db]
# name 1 = t090C: Temperature [ITS-90, deg C]
# name 2 = flC: Fluorescence, Chelsea Aqua 3 Chl Con [ug/l]
# name 3 = CStarTr0: Beam Transmission, WET Labs C-Star [%]
# name 4 = par: PAR/Irradiance, Biospherical/Licor
# name 5 = spar: SPAR/Surface Irradiance
# name 6 = sbeox0Mm/Kg: Oxygen, SBE 43 [umol/kg]
# name 7 = potemp090C: Potential Temperature [ITS-90, deg C]
# name 8 = sal00: Salinity, Practical [PSU]
# name 9 = sigma-é00: Density [sigma-theta, kg/m^3]
# name 10 = flag:
# span 0 =      1.000,    501.000       
# span 1 =    13.4336,    21.7261       
# span 2 =     0.1741,     0.5334       
# span 3 =    93.4815,    98.1958       
# span 4 = -2.808e-06, 3.0823e-01       
# span 5 = 1.3663e+00, 4.5312e+00       
# span 6 =    152.117,    240.808       
# span 7 =    13.3600,    21.7259       
# span 8 =    37.0595,    38.5946       
# span 9 =    25.8753,    29.0896       
# span 10 = 0.0000e+00, 0.0000e+00      
# interval = decibars: 1                
# start_time = Jun 07 2017 02:17:49 [NMEA time, first data scan]
# bad_flag = -9.990e-29
*END*
      1.000    21.7261     0.1987    96.7237 3.0823e-01 2.7016e+00    208.904    21.7259    37.0783    25.8753 0.0000e+00
      2.000    21.7257     0.2031    96.7613 2.3845e-01 2.8019e+00    209.319    21.7253    37.0781    25.8753 0.0000e+00
      3.000    21.7229     0.2021    96.7584 1.5878e-01 2.5345e+00    209.174    21.7223    37.0776    25.8758 0.0000e+00
      4.000    21.7071     0.1985    96.8213 1.1298e-01 2.9864e+00    209.724    21.7063    37.0758    25.8789 0.0000e+00
      5.000    21.7094     0.1942    96.8231 7.2261e-02 2.8549e+00    209.469    21.7085    37.0756    25.8781 0.0000e+00
      6.000    21.6025     0.1932    96.8164 4.6109e-02 3.1999e+00    209.199    21.6013    37.0697    25.9037 0.0000e+00
      7.000    21.5428     0.1872    96.7985 3.7171e-02 3.5411e+00    209.347    21.5415    37.0665    25.9180 0.0000e+00
      8.000    21.4909     0.1889    96.7856 1.9899e-02 2.8646e+00    210.431    21.4893    37.0657    25.9319 0.0000e+00
      9.000    21.4765     0.1858    96.7758 1.6366e-02 2.8053e+00    210.727    21.4747    37.0648    25.9353 0.0000e+00
     10.000    21.4774     0.1890    96.7688 5.4677e-03 2.0540e+00    210.698    21.4755    37.0662    25.9362 0.0000e+00
     11.000    21.4355     0.1965    96.7624 4.8319e-03 3.9531e+00    210.437    21.4333    37.0633    25.9457 0.0000e+00
     12.000    21.4121     0.1934    96.7810 2.9620e-03 4.0630e+00    210.488    21.4097    37.0632    25.9522 0.0000e+00
     13.000    21.4056     0.1949    96.7999 2.6994e-04 2.4908e+00    210.566    21.4030    37.0655    25.9558 0.0000e+00
     14.000    21.3982     0.1941    96.7986 -2.808e-06 3.2899e+00    210.670    21.3955    37.0636    25.9565 0.0000e+00
     15.000    21.3905     0.1874    96.8071 1.0000e-12 2.7374e+00    211.445    21.3876    37.0638    25.9588 0.0000e+00
     16.000    21.3839     0.1879    96.8113 1.0000e-12 3.3128e+00    210.842    21.3808    37.0640    25.9608 0.0000e+00
     17.000    21.2316     0.1934    96.7507 1.0000e-12 3.5949e+00    211.296    21.2283    37.0659    26.0046 0.0000e+00
     18.000    20.9092     0.1919    96.6425 1.0000e-12 3.0388e+00    212.444    20.9057    37.0601    26.0890 0.0000e+00
     19.000    20.5994     0.1916    96.7703 1.0000e-12 1.8651e+00    215.399    20.5957    37.0711    26.1821 0.0000e+00
     20.000    20.5190     0.1926    96.8751 1.0000e-12 2.9725e+00    215.342    20.5152    37.0659    26.2000 0.0000e+00
     21.000    20.4684     0.1891    96.8861 1.0000e-12 3.2787e+00    216.656    20.4644    37.0672    26.2148 0.0000e+00
     22.000    20.4342     0.1882    96.8976 1.0000e-12 2.6255e+00    216.959    20.4300    37.0683    26.2249 0.0000e+00
     23.000    20.3669     0.1916    96.9501 1.0000e-12 2.9244e+00    216.887    20.3625    37.0710    26.2451 0.0000e+00
     24.000    20.2213     0.1903    96.9154 1.0000e-12 2.2664e+00    216.986    20.2168    37.0704    26.2839 0.0000e+00
     25.000    19.8518     0.1904    96.8972 1.0000e-12 2.4079e+00    218.645    19.8472    37.0595    26.3742 0.0000e+00
     26.000    19.3382     0.1938    96.8434 1.0000e-12 2.7354e+00    223.429    19.3335    37.0617    26.5113 0.0000e+00
     27.000    18.9390     0.1905    96.8379 1.0000e-12 2.7487e+00    227.468    18.9341    37.0819    26.6304 0.0000e+00
     28.000    18.6715     0.1904    96.8537 1.0000e-12 3.4332e+00    230.353    18.6665    37.0910    26.7061 0.0000e+00
     29.000    18.5203     0.1951    96.8610 1.0000e-12 2.4654e+00    232.278    18.5152    37.0926    26.7459 0.0000e+00
     30.000    18.5066     0.1952    96.8755 1.0000e-12 2.7095e+00    232.245    18.5013    37.1293    26.7776 0.0000e+00
     31.000    18.4622     0.1953    96.8667 1.0000e-12 2.6601e+00    231.952    18.4567    37.1672    26.8179 0.0000e+00
     32.000    18.3757     0.1940    96.9354 1.0000e-12 1.5967e+00    231.441    18.3700    37.1746    26.8456 0.0000e+00
     33.000    18.2454     0.1977    96.9482 1.0000e-12 1.7682e+00    233.094    18.2396    37.1747    26.8787 0.0000e+00
     34.000    18.2819     0.1956    96.8933 1.0000e-12 2.4311e+00    232.740    18.2760    37.2272    26.9097 0.0000e+00
     35.000    18.1720     0.1936    96.8876 1.0000e-12 2.1509e+00    232.770    18.1659    37.2322    26.9413 0.0000e+00
     36.000    18.0912     0.2019    96.8523 1.0000e-12 2.7994e+00    233.164    18.0849    37.2275    26.9580 0.0000e+00
     37.000    18.0447     0.1975    96.8620 1.0000e-12 3.1917e+00    232.245    18.0383    37.2263    26.9688 0.0000e+00
     38.000    17.6753     0.1932    96.8287 1.0000e-12 3.6944e+00    233.190    17.6688    37.2022    27.0423 0.0000e+00
     39.000    17.4882     0.1985    96.7445 1.0000e-12 2.7080e+00    234.631    17.4816    37.1876    27.0772 0.0000e+00
     40.000    17.3584     0.1959    96.7518 1.0000e-12 2.6995e+00    235.536    17.3516    37.1739    27.0986 0.0000e+00
     41.000    17.3030     0.2007    96.7387 1.0000e-12 2.3897e+00    236.581    17.2960    37.1849    27.1206 0.0000e+00
     42.000    17.2659     0.2059    96.7094 1.0000e-12 2.6796e+00    236.702    17.2588    37.1980    27.1398 0.0000e+00
     43.000    17.2033     0.2013    96.6954 1.0000e-12 3.1599e+00    236.597    17.1960    37.2126    27.1662 0.0000e+00
     44.000    17.1040     0.2039    96.7121 1.0000e-12 4.1909e+00    236.563    17.0966    37.2237    27.1989 0.0000e+00
     45.000    16.9493     0.2076    96.6692 1.0000e-12 3.0068e+00    237.042    16.9418    37.2196    27.2331 0.0000e+00
     46.000    16.8657     0.2056    96.6655 1.0000e-12 1.9048e+00    237.464    16.8580    37.2427    27.2711 0.0000e+00
     47.000    16.6956     0.2055    96.6362 1.0000e-12 2.4537e+00    237.938    16.6878    37.2789    27.3397 0.0000e+00
     48.000    16.5414     0.2048    96.6283 1.0000e-12 2.1391e+00    240.477    16.5335    37.3100    27.4004 0.0000e+00
     49.000    16.4698     0.2106    96.6875 1.0000e-12 3.0227e+00    239.619    16.4618    37.3228    27.4273 0.0000e+00
     50.000    16.3417     0.2098    96.7210 1.0000e-12 2.5700e+00    240.808    16.3335    37.3154    27.4519 0.0000e+00
     51.000    16.3140     0.2107    96.6863 1.0000e-12 2.7177e+00    240.156    16.3057    37.3414    27.4785 0.0000e+00
     52.000    16.2677     0.2129    96.6944 1.0000e-12 2.6045e+00    240.344    16.2592    37.3537    27.4989 0.0000e+00
     53.000    16.2142     0.2069    96.7383 1.0000e-12 2.2692e+00    240.148    16.2056    37.3580    27.5148 0.0000e+00
     54.000    16.1314     0.2046    96.7566 1.0000e-12 2.3421e+00    238.510    16.1227    37.3557    27.5324 0.0000e+00
     55.000    15.8700     0.2090    96.6193 1.0000e-12 2.3133e+00    238.275    15.8612    37.3225    27.5678 0.0000e+00
     56.000    15.8260     0.2247    96.5124 1.0000e-12 2.3917e+00    238.751    15.8171    37.3392    27.5909 0.0000e+00
     57.000    15.7882     0.2237    96.4983 1.0000e-12 3.7210e+00    237.547    15.7792    37.3612    27.6166 0.0000e+00
     58.000    15.8512     0.2256    96.4624 1.0000e-12 3.0363e+00    238.951    15.8420    37.4308    27.6557 0.0000e+00
     59.000    15.9795     0.2337    96.5786 1.0000e-12 2.3186e+00    240.128    15.9701    37.5155    27.6912 0.0000e+00
     60.000    15.9810     0.2266    96.6503 1.0000e-12 3.2869e+00    239.450    15.9714    37.5286    27.7010 0.0000e+00
     61.000    15.8707     0.2287    96.5951 1.0000e-12 2.7317e+00    237.469    15.8610    37.5319    27.7292 0.0000e+00
     62.000    15.7012     0.2253    96.5063 1.0000e-12 3.0723e+00    236.323    15.6913    37.5152    27.7556 0.0000e+00
     63.000    15.6944     0.2288    96.4766 1.0000e-12 2.8648e+00    236.468    15.6844    37.5446    27.7798 0.0000e+00
     64.000    15.5325     0.2341    96.3808 1.0000e-12 3.5333e+00    234.674    15.5224    37.5440    27.8166 0.0000e+00
     65.000    15.3669     0.2401    96.2514 1.0000e-12 2.7957e+00    230.873    15.3567    37.5508    27.8596 0.0000e+00
     66.000    15.2183     0.2590    96.0876 1.0000e-12 3.0603e+00    230.116    15.2081    37.5580    27.8990 0.0000e+00
     67.000    15.2176     0.2753    95.9741 1.0000e-12 3.0194e+00    229.345    15.2072    37.5914    27.9249 0.0000e+00
     68.000    15.1257     0.2854    95.7980 1.0000e-12 2.8578e+00    224.933    15.1151    37.5925    27.9466 0.0000e+00
     69.000    15.0492     0.3025    95.3674 1.0000e-12 2.7877e+00    222.063    15.0385    37.6030    27.9719 0.0000e+00
     70.000    15.0240     0.3516    94.9248 1.0000e-12 3.1074e+00    221.745    15.0132    37.6164    27.9880 0.0000e+00
     71.000    15.0061     0.3988    94.5834 1.0000e-12 2.7617e+00    220.447    14.9952    37.6310    28.0033 0.0000e+00
     72.000    14.9659     0.4213    94.1965 1.0000e-12 2.2620e+00    218.428    14.9548    37.6639    28.0378 0.0000e+00
     73.000    14.9320     0.5108    93.4815 1.0000e-12 2.6819e+00    214.794    14.9208    37.6872    28.0634 0.0000e+00
     74.000    14.9058     0.5334    93.6558 1.0000e-12 2.3891e+00    212.523    14.8944    37.7018    28.0806 0.0000e+00
     75.000    14.8829     0.4991    94.1818 1.0000e-12 4.0885e+00    211.080    14.8713    37.7149    28.0958 0.0000e+00
     76.000    14.8543     0.5178    94.6070 1.0000e-12 4.0634e+00    207.253    14.8427    37.7307    28.1145 0.0000e+00
     77.000    14.8246     0.5331    94.6849 1.0000e-12 2.4403e+00    204.366    14.8128    37.7500    28.1361 0.0000e+00
     78.000    14.8013     0.5036    94.9559 1.0000e-12 3.6268e+00    204.323    14.7894    37.7686    28.1556 0.0000e+00
     79.000    14.7876     0.4200    95.4567 1.0000e-12 2.7046e+00    203.849    14.7756    37.7794    28.1670 0.0000e+00
     80.000    14.7804     0.4169    95.4987 1.0000e-12 2.1485e+00    203.513    14.7682    37.7854    28.1733 0.0000e+00
     81.000    14.7701     0.4699    95.7432 -9.990e-29 2.2297e+00    204.974    14.7577    37.7983    28.1856 0.0000e+00
     82.000    14.7597     0.4225    95.9496 1.0000e-12 2.5370e+00    206.074    14.7471    37.8069    28.1947 0.0000e+00
     83.000    14.7425     0.3859    96.2413 1.0000e-12 2.6987e+00    210.686    14.7298    37.8199    28.2086 0.0000e+00
     84.000    14.7269     0.3958    96.4596 1.0000e-12 4.5312e+00    214.862    14.7141    37.8300    28.2198 0.0000e+00
     85.000    14.7074     0.3585    96.5885 1.0000e-12 2.7449e+00    215.362    14.6944    37.8508    28.2403 0.0000e+00
     86.000    14.6963     0.3348    96.2578 1.0000e-12 3.4216e+00    215.153    14.6832    37.8603    28.2501 0.0000e+00
     87.000    14.7072     0.4334    96.0228 1.0000e-12 1.6041e+00    216.517    14.6940    37.8756    28.2596 0.0000e+00
     88.000    14.7071     0.5070    95.8971 1.0000e-12 2.3167e+00    216.259    14.6937    37.8893    28.2702 0.0000e+00
     89.000    14.6867     0.4360    95.8540 1.0000e-12 2.0712e+00    214.979    14.6731    37.8964    28.2802 0.0000e+00
     90.000    14.6536     0.3638    96.5069 1.0000e-12 3.7387e+00    211.418    14.6398    37.9108    28.2988 0.0000e+00
     91.000    14.6058     0.3169    96.8190 1.0000e-12 2.5206e+00    208.313    14.5919    37.9235    28.3192 0.0000e+00
     92.000    14.5927     0.3310    96.9910 1.0000e-12 2.5798e+00    208.284    14.5787    37.9302    28.3273 0.0000e+00
     93.000    14.5809     0.3290    96.8972 1.0000e-12 2.7091e+00    208.382    14.5667    37.9387    28.3365 0.0000e+00
     94.000    14.5379     0.3091    96.9972 1.0000e-12 3.0492e+00    207.905    14.5236    37.9575    28.3606 0.0000e+00
     95.000    14.5231     0.3026    96.9800 1.0000e-12 3.0743e+00    208.406    14.5087    37.9621    28.3674 0.0000e+00
     96.000    14.5107     0.3053    97.0457 1.0000e-12 2.5063e+00    207.603    14.4961    37.9639    28.3716 0.0000e+00
     97.000    14.4785     0.3217    97.1228 1.0000e-12 3.8510e+00    208.466    14.4638    37.9701    28.3835 0.0000e+00
     98.000    14.4547     0.2990    97.1733 1.0000e-12 3.1078e+00    209.240    14.4399    37.9774    28.3945 0.0000e+00
     99.000    14.4396     0.4024    96.8427 1.0000e-12 2.9544e+00    208.609    14.4247    37.9840    28.4029 0.0000e+00
    100.000    14.4254     0.3602    96.9482 1.0000e-12 2.1191e+00    206.803    14.4103    37.9947    28.4143 0.0000e+00
    101.000    14.4055     0.2911    97.3490 1.0000e-12 3.3865e+00    205.572    14.3903    38.0122    28.4322 0.0000e+00
    102.000    14.4023     0.2768    97.3561 1.0000e-12 3.2759e+00    205.842    14.3869    38.0180    28.4375 0.0000e+00
    103.000    14.4213     0.3044    96.9312 1.0000e-12 2.4837e+00    205.037    14.4058    38.0088    28.4263 0.0000e+00
    104.000    14.4017     0.2967    97.2078 1.0000e-12 3.1915e+00    204.191    14.3860    38.0221    28.4409 0.0000e+00
    105.000    14.3944     0.2834    97.3138 1.0000e-12 1.7996e+00    203.732    14.3785    38.0299    28.4486 0.0000e+00
    106.000    14.3875     0.2670    97.3881 1.0000e-12 2.8664e+00    203.995    14.3715    38.0341    28.4533 0.0000e+00
    107.000    14.3807     0.2638    97.4144 1.0000e-12 2.8253e+00    203.647    14.3646    38.0374    28.4574 0.0000e+00
    108.000    14.3672     0.2569    97.2983 1.0000e-12 2.7078e+00    202.648    14.3510    38.0428    28.4646 0.0000e+00
    109.000    14.3527     0.2643    97.3764 1.0000e-12 3.1351e+00    203.210    14.3363    38.0522    28.4751 0.0000e+00
    110.000    14.3447     0.2626    97.3609 1.0000e-12 3.2895e+00    202.892    14.3281    38.0570    28.4806 0.0000e+00
    111.000    14.3314     0.2633    97.2739 1.0000e-12 2.2314e+00    201.589    14.3147    38.0632    28.4883 0.0000e+00
    112.000    14.3048     0.2666    97.4336 1.0000e-12 3.3387e+00    200.010    14.2880    38.0735    28.5021 0.0000e+00
    113.000    14.2824     0.2559    97.5120 1.0000e-12 3.5985e+00    199.185    14.2654    38.0824    28.5140 0.0000e+00
    114.000    14.2589     0.2528    97.5486 1.0000e-12 1.8835e+00    198.566    14.2418    38.0926    28.5270 0.0000e+00
    115.000    14.2248     0.2491    97.5993 1.0000e-12 2.7870e+00    198.551    14.2076    38.0995    28.5398 0.0000e+00
    116.000    14.2054     0.2423    97.6256 1.0000e-12 2.9676e+00    199.056    14.1881    38.1073    28.5501 0.0000e+00
    117.000    14.1940     0.2310    97.6194 1.0000e-12 2.4618e+00    198.884    14.1765    38.1135    28.5574 0.0000e+00
    118.000    14.1884     0.2325    97.6480 1.0000e-12 3.6022e+00    198.986    14.1708    38.1154    28.5602 0.0000e+00
    119.000    14.1830     0.2330    97.6332 1.0000e-12 2.4346e+00    196.822    14.1652    38.1219    28.5664 0.0000e+00
    120.000    14.1452     0.2304    97.6963 1.0000e-12 2.9737e+00    195.185    14.1273    38.1370    28.5863 0.0000e+00
    121.000    14.1032     0.2191    97.8070 1.0000e-12 3.3302e+00    195.875    14.0852    38.1420    28.5994 0.0000e+00
    122.000    14.0930     0.2181    97.8276 1.0000e-12 3.9894e+00    194.784    14.0748    38.1437    28.6029 0.0000e+00
    123.000    14.0743     0.2142    97.8352 1.0000e-12 3.8081e+00    195.597    14.0560    38.1534    28.6145 0.0000e+00
    124.000    14.0676     0.2123    97.8331 1.0000e-12 2.6345e+00    195.098    14.0492    38.1569    28.6187 0.0000e+00
    125.000    14.0646     0.2107    97.8167 1.0000e-12 2.3570e+00    195.666    14.0460    38.1580    28.6202 0.0000e+00
    126.000    14.0547     0.2055    97.8387 1.0000e-12 2.7682e+00    194.839    14.0360    38.1616    28.6252 0.0000e+00
    127.000    14.0424     0.2040    97.8492 1.0000e-12 2.9190e+00    194.656    14.0236    38.1652    28.6307 0.0000e+00
    128.000    14.0321     0.2133    97.8702 1.0000e-12 3.1713e+00    191.844    14.0131    38.1670    28.6344 0.0000e+00
    129.000    14.0177     0.2099    97.8554 1.0000e-12 3.0440e+00    188.474    13.9986    38.1683    28.6385 0.0000e+00
    130.000    14.0054     0.2042    97.8764 1.0000e-12 3.2494e+00    189.249    13.9861    38.1706    28.6429 0.0000e+00
    131.000    13.9968     0.1995    97.8831 1.0000e-12 2.7268e+00    189.389    13.9774    38.1742    28.6476 0.0000e+00
