Data/ruptures/PEACETIME/FAST/PEACETIME_FAST_CTD_061.cnv
* Sea-Bird SBE 9 Data File:
* FileName = C:\CTD\rawCTD\PEACETIME_FAST_CTD_061.hdr
* Software Version Seasave V 7.23.2
* Temperature SN = 1378
* Conductivity SN = 2929
* Number of Bytes Per Scan = 38
* Number of Voltage Words = 5
* Number of Scans Averaged by the Deck Unit = 1
* NMEA Latitude = 37 56.83 N
* NMEA Longitude = 002 54.92 E
* NMEA UTC (Time) = Jun 04 2017  02:40:36
* NMEA baud rate = 4800
** Cruise:   PEACETIME
** Station:   FAST_CTD_061
# nquan = 11
# nvalues = 500                         
# units = specified
# name 0 = prDM: Pressure, Digiquartz [db]
# name 1 = t090C: Temperature [ITS-90, deg C]
# name 2 = flC: Fluorescence, Chelsea Aqua 3 Chl Con [ug/l]
# name 3 = CStarTr0: Beam Transmission, WET Labs C-Star [%]
# name 4 = par: PAR/Irradiance, Biospherical/Licor
# name 5 = spar: SPAR/Surface Irradiance
# name 6 = sbeox0Mm/Kg: Oxygen, SBE 43 [umol/kg]
# name 7 = potemp090C: Potential Temperature [ITS-90, deg C]
# name 8 = sal00: Salinity, Practical [PSU]
# name 9 = sigma-é00: Density [sigma-theta, kg/m^3]
# name 10 = flag:
# span 0 =      1.000,    500.000       
# span 1 =    13.4330,    21.3175       
# span 2 =     0.1718,     0.6026       
# span 3 =    93.7293,    98.3225       
# span 4 = -2.986e-06, 3.0736e-01       
# span 5 = 1.1234e+00, 4.6651e+00       
# span 6 =    152.069,    242.260       
# span 7 =    13.3597,    21.3162       
# span 8 =    37.0216,    38.5919       
# span 9 =    25.9712,    29.0891       
# span 10 = 0.0000e+00, 0.0000e+00      
# interval = decibars: 1                
# start_time = Jun 04 2017 02:40:37 [NMEA time, first data scan]
# bad_flag = -9.990e-29
*END*
[from data line 263]
    264.000    13.6168     0.1830 -9.990e-29 1.0202e-05 3.0255e+00    159.615    13.5780    38.4998    28.9856 0.0000e+00
    265.000    13.6182     0.1811 -9.990e-29 7.7764e-06 2.5113e+00    159.660    13.5793    38.5030    28.9878 0.0000e+00
    266.000    13.6168     0.1862 -9.990e-29 -9.990e-29 3.0695e+00    159.224    13.5777    38.5056    28.9902 0.0000e+00
    267.000    13.6136     0.1832 -9.990e-29 -9.990e-29 3.1744e+00    158.774    13.5744    38.5080    28.9927 0.0000e+00
    268.000    13.6121     0.1836 -9.990e-29 -9.990e-29 3.4271e+00    158.777    13.5727    38.5091    28.9940 0.0000e+00
    269.000    13.6119     0.1866 -9.990e-29 -9.990e-29 1.8817e+00    158.859    13.5724    38.5107    28.9953 0.0000e+00
    270.000    13.6126     0.1820 -9.990e-29 8.7560e-05 2.6151e+00    158.553    13.5730    38.5119    28.9961 0.0000e+00
    271.000    13.6131     0.1834 -9.990e-29 6.1480e-04 2.6976e+00    158.466    13.5734    38.5124    28.9964 0.0000e+00
    272.000    13.6148     0.1849    98.2942 3.8452e-04 1.9605e+00    158.468    13.5749    38.5145    28.9977 0.0000e+00
    273.000    13.6158     0.1901    98.2833 2.5691e-04 2.8002e+00    158.542    13.5758    38.5153    28.9981 0.0000e+00
    274.000    13.6172     0.1859    98.2881 5.1626e-04 3.8442e+00    158.139    13.5769    38.5166    28.9989 0.0000e+00
    275.000    13.6188     0.1837    98.2857 4.8602e-06 2.8117e+00    158.705    13.5784    38.5179    28.9996 0.0000e+00
    276.000    13.6214     0.1807    98.2861 -1.942e-08 2.5321e+00    158.907    13.5808    38.5193    29.0002 0.0000e+00
    277.000    13.6235     0.1756    98.2880 1.0000e-12 2.1035e+00    159.321    13.5828    38.5210    29.0010 0.0000e+00
    278.000    13.6245     0.1795    98.2926 1.0000e-12 2.9075e+00    159.327    13.5837    38.5225    29.0020 0.0000e+00
    279.000    13.6241     0.1812    98.2896 1.7364e-04 2.6823e+00    159.046    13.5831    38.5241    29.0034 0.0000e+00
    280.000    13.6249     0.1832    98.2855 6.4812e-05 2.4287e+00    158.364    13.5837    38.5259    29.0046 0.0000e+00
    281.000    13.6271     0.1857    98.2900 3.2933e-04 2.2293e+00    158.457    13.5858    38.5285    29.0062 0.0000e+00
    282.000    13.6273     0.1831    98.2869 7.1165e-04 1.7111e+00    158.372    13.5859    38.5304    29.0077 0.0000e+00
    283.000    13.6295     0.1792    98.2928 9.2831e-04 3.1510e+00    158.224    13.5879    38.5328    29.0091 0.0000e+00
    284.000    13.6325     0.1773 -9.990e-29 3.1049e-04 2.7549e+00    157.796    13.5908    38.5359    29.0109 0.0000e+00
    285.000    13.6322     0.1835 -9.990e-29 5.3873e-04 3.6793e+00    157.206    13.5903    38.5381    29.0127 0.0000e+00
    286.000    13.6312     0.1841    98.2975 -2.986e-06 2.4824e+00    156.927    13.5892    38.5394    29.0139 0.0000e+00
    287.000    13.6317     0.1799    98.2969 2.1703e-05 2.7127e+00    156.560    13.5895    38.5403    29.0146 0.0000e+00
    288.000    13.6320     0.1816    98.2961 2.4102e-05 2.7208e+00    157.087    13.5896    38.5406    29.0148 0.0000e+00
    289.000    13.6321     0.1849    98.2954 2.2674e-05 1.8106e+00    157.055    13.5896    38.5406    29.0147 0.0000e+00
    290.000    13.6323     0.1805    98.2967 1.6569e-04 2.0599e+00    156.840    13.5896    38.5407    29.0148 0.0000e+00
    291.000    13.6327     0.1806 -9.990e-29 5.8476e-04 2.2673e+00    156.823    13.5899    38.5411    29.0151 0.0000e+00
    292.000    13.6331     0.1846    98.3024 1.6365e-04 2.1924e+00    156.734    13.5902    38.5415    29.0153 0.0000e+00
    293.000    13.6338     0.1886    98.2939 6.5429e-05 2.0328e+00    156.925    13.5907    38.5424    29.0159 0.0000e+00
    294.000    13.6340     0.1908    98.2978 3.6518e-04 2.6519e+00    156.873    13.5907    38.5434    29.0167 0.0000e+00
    295.000    13.6325     0.1874    98.3028 6.5736e-04 1.8360e+00    156.264    13.5891    38.5444    29.0178 0.0000e+00
    296.000    13.6276     0.1876    98.2898 8.9965e-04 3.9029e+00    156.382    13.5841    38.5445    29.0190 0.0000e+00
    297.000    13.6217     0.1850    98.2949 1.7827e-04 3.3851e+00    156.026    13.5780    38.5440    29.0199 0.0000e+00
    298.000    13.6226     0.1847    98.2939 2.4098e-04 3.4023e+00    155.971    13.5788    38.5454    29.0208 0.0000e+00
    299.000    13.6235     0.1876    98.2921 2.6538e-04 3.3616e+00    155.602    13.5796    38.5463    29.0213 0.0000e+00
    300.000    13.6224     0.1812    98.2938 2.2245e-04 2.7176e+00    155.395    13.5783    38.5475    29.0226 0.0000e+00
    301.000    13.6247     0.1799    98.3016 3.1669e-04 2.4759e+00    155.054    13.5804    38.5499    29.0239 0.0000e+00
    302.000    13.6281     0.1842    98.2998 2.8742e-06 1.8404e+00    155.451    13.5837    38.5537    29.0262 0.0000e+00
    303.000    13.6275     0.1823    98.3040 1.2744e-05 2.3666e+00    155.622    13.5829    38.5550    29.0274 0.0000e+00
    304.000    13.6265     0.1868    98.3031 3.3352e-05 3.0009e+00    155.495    13.5817    38.5554    29.0279 0.0000e+00
    305.000    13.6286     0.1837    98.3067 3.6226e-04 3.2506e+00    155.343    13.5838    38.5572    29.0289 0.0000e+00
    306.000    13.6276     0.1850    98.2966 6.2200e-04 3.4990e+00    154.941    13.5825    38.5584    29.0301 0.0000e+00
    307.000    13.6249     0.1827    98.3044 8.0757e-04 2.8089e+00    155.062    13.5798    38.5580    29.0304 0.0000e+00
    308.000    13.6234     0.1836    98.3012 1.4101e-04 2.5333e+00    154.859    13.5781    38.5585    29.0311 0.0000e+00
    309.000    13.6189     0.1803    98.3008 2.7071e-04 2.4563e+00    154.947    13.5735    38.5588    29.0324 0.0000e+00
    310.000    13.6146     0.1835    98.3014 4.3064e-04 2.7116e+00    154.442    13.5691    38.5582    29.0328 0.0000e+00
    311.000    13.6151     0.1850    98.3031 2.4213e-03 3.3195e+00    154.388    13.5693    38.5594    29.0337 0.0000e+00
    312.000    13.6256     0.1865    98.2992 1.3620e-03 3.2505e+00    154.541    13.5796    38.5646    29.0355 0.0000e+00
    313.000    13.6241     0.1813    98.3060 1.7496e-03 2.2826e+00    154.754    13.5780    38.5650    29.0361 0.0000e+00
    314.000    13.6234     0.1816    98.3003 8.9654e-04 2.9870e+00    154.298    13.5772    38.5660    29.0371 0.0000e+00
    315.000    13.6311     0.1857    98.3055 1.8006e-03 2.3024e+00    154.172    13.5847    38.5699    29.0385 0.0000e+00
    316.000    13.6376     0.1838    98.3111 1.0967e-03 2.5842e+00    154.440    13.5911    38.5723    29.0390 0.0000e+00
    317.000    13.6367     0.1813    98.3111 1.6613e-03 1.7581e+00    154.734    13.5900    38.5722    29.0392 0.0000e+00
    318.000    13.6222     0.1799    98.3100 1.1657e-03 2.0978e+00    154.313    13.5754    38.5684    29.0393 0.0000e+00
    319.000    13.6163     0.1786    98.3133 2.5755e-03 2.8459e+00    154.294    13.5693    38.5672    29.0397 0.0000e+00
    320.000    13.6198     0.1814    98.3015 3.4902e-03 3.0688e+00    154.496    13.5728    38.5695    29.0408 0.0000e+00
    321.000    13.6189     0.1812    98.3039 1.5575e-03 2.5538e+00    153.740    13.5717    38.5696    29.0411 0.0000e+00
    322.000    13.6010     0.1857    98.3057 8.2438e-04 3.4860e+00    153.602    13.5536    38.5659    29.0421 0.0000e+00
    323.000    13.5954     0.1867    98.3089 3.4000e-03 2.0961e+00    153.891    13.5479    38.5650    29.0426 0.0000e+00
    324.000    13.5900     0.1831    98.2965 1.8005e-03 2.6501e+00    153.655    13.5424    38.5642    29.0432 0.0000e+00
    325.000    13.5818     0.1813    98.2994 3.4795e-03 2.6150e+00    153.598    13.5341    38.5632    29.0441 0.0000e+00
    326.000    13.5797     0.1820    98.2970 4.2039e-03 3.2102e+00    153.627    13.5318    38.5633    29.0447 0.0000e+00
    327.000    13.5795     0.1841    98.3051 1.9174e-03 2.4038e+00    152.998    13.5314    38.5641    29.0454 0.0000e+00
    328.000    13.5784     0.1749    98.3081 2.3632e-03 2.5494e+00    153.413    13.5302    38.5640    29.0456 0.0000e+00
    329.000    13.5774     0.1718    98.3081 2.6572e-03 2.1441e+00    153.367    13.5290    38.5636    29.0455 0.0000e+00
    330.000    13.5740     0.1862    98.3057 1.1123e-03 2.3688e+00    153.421    13.5255    38.5634    29.0461 0.0000e+00
    331.000    13.5751     0.1891    98.3027 1.1961e-03 2.2896e+00    153.068    13.5264    38.5652    29.0473 0.0000e+00
    332.000    13.5772     0.1900    98.3051 1.1742e-03 2.2264e+00    153.139    13.5285    38.5665    29.0479 0.0000e+00
    333.000    13.5774     0.1846    98.3045 6.7812e-04 3.6247e+00    153.314    13.5285    38.5668    29.0482 0.0000e+00
    334.000    13.5789     0.1853    98.3079 9.4583e-04 3.2544e+00    153.564    13.5299    38.5674    29.0483 0.0000e+00
    335.000    13.5810     0.1849    98.3101 1.0248e-03 2.6320e+00    153.538    13.5317    38.5681    29.0485 0.0000e+00
    336.000    13.5879     0.1807    98.3101 2.3852e-03 2.9769e+00    153.386    13.5385    38.5709    29.0491 0.0000e+00
    337.000    13.5932     0.1831    98.3126 2.6561e-03 2.6643e+00    153.585    13.5436    38.5725    29.0493 0.0000e+00
    338.000    13.5945     0.1824    98.3010 1.2625e-03 2.5492e+00    153.478    13.5448    38.5732    29.0496 0.0000e+00
    339.000    13.5982     0.1892    98.3033 2.6747e-03 2.5127e+00    153.735    13.5484    38.5748    29.0501 0.0000e+00
    340.000    13.6080     0.1897    98.3081 9.8435e-04 3.6593e+00    153.312    13.5580    38.5787    29.0511 0.0000e+00
    341.000    13.6115     0.1817    98.3045 1.5001e-03 2.6487e+00    153.451    13.5613    38.5799    29.0513 0.0000e+00
    342.000    13.6213     0.1854    98.3087 2.5397e-03 3.5057e+00    153.863    13.5709    38.5837    29.0522 0.0000e+00
    343.000    13.6260     0.1889    98.3120 1.8326e-03 1.6602e+00    153.889    13.5755    38.5856    29.0527 0.0000e+00
    344.000    13.6347     0.1882    98.3124 1.0732e-03 2.1545e+00    153.935    13.5840    38.5891    29.0536 0.0000e+00
    345.000    13.6359     0.1885 -9.990e-29 7.8077e-04 2.1336e+00    153.920    13.5851    38.5898    29.0539 0.0000e+00
    346.000    13.6362     0.1906 -9.990e-29 1.1996e-03 2.5489e+00    154.034    13.5852    38.5900    29.0540 0.0000e+00
    347.000    13.6364     0.1862 -9.990e-29 1.3327e-03 2.5089e+00    154.081    13.5853    38.5900    29.0540 0.0000e+00
    348.000    13.6378     0.1873 -9.990e-29 5.4739e-04 2.1206e+00    153.644    13.5865    38.5907    29.0543 0.0000e+00
    349.000    13.6383     0.1873 -9.990e-29 2.0014e-04 3.0082e+00    153.805    13.5868    38.5912    29.0546 0.0000e+00
    350.000    13.6373     0.1879 -9.990e-29 1.3938e-03 2.1153e+00    153.867    13.5857    38.5912    29.0549 0.0000e+00
    351.000    13.6342     0.1871 -9.990e-29 1.8090e-03 2.4705e+00    153.727    13.5825    38.5913    29.0556 0.0000e+00
    352.000    13.6325     0.1850 -9.990e-29 6.6503e-04 2.8124e+00    153.808    13.5807    38.5915    29.0561 0.0000e+00
    353.000    13.6320     0.1837 -9.990e-29 1.6189e-05 3.1796e+00    153.507    13.5800    38.5916    29.0564 0.0000e+00
    354.000    13.6313     0.1833 -9.990e-29 2.5345e-04 2.8982e+00    153.721    13.5791    38.5916    29.0566 0.0000e+00
    355.000    13.6297     0.1833    98.3121 1.3244e-03 2.8008e+00    153.618    13.5774    38.5917    29.0570 0.0000e+00
    356.000    13.6274     0.1845    98.3164 5.5333e-04 3.1775e+00    153.595    13.5749    38.5918    29.0576 0.0000e+00
    357.000    13.6263     0.1868    98.3023 2.3177e-04 2.6453e+00    153.639    13.5736    38.5918    29.0579 0.0000e+00
    358.000    13.6222     0.1892 -9.990e-29 3.8405e-04 3.3900e+00    153.587    13.5695    38.5919    29.0588 0.0000e+00
    359.000    13.6202     0.1879 -9.990e-29 4.6466e-04 2.7800e+00    153.398    13.5673    38.5919    29.0593 0.0000e+00
    360.000    13.6182     0.1802 -9.990e-29 5.3830e-04 3.2162e+00    153.378    13.5652    38.5918    29.0597 0.0000e+00
    361.000    13.6142     0.1806 -9.990e-29 4.8708e-04 3.0798e+00    153.379    13.5610    38.5914    29.0603 0.0000e+00
    362.000    13.6118     0.1852 -9.990e-29 2.3634e-04 2.5852e+00    153.292    13.5584    38.5912    29.0606 0.0000e+00
    363.000    13.6090     0.1888 -9.990e-29 2.0419e-04 2.4371e+00    152.968    13.5555    38.5909    29.0611 0.0000e+00
    364.000    13.6087     0.1815 -9.990e-29 2.1127e-04 2.6931e+00    153.234    13.5550    38.5909    29.0612 0.0000e+00
    365.000    13.6087     0.1856 -9.990e-29 5.4471e-04 2.8475e+00    153.074    13.5549    38.5912    29.0614 0.0000e+00
    366.000    13.6086     0.1856 -9.990e-29 1.1882e-04 1.7257e+00    153.178    13.5547    38.5912    29.0615 0.0000e+00
    367.000    13.6090     0.1842 -9.990e-29 3.3637e-04 2.4756e+00    153.407    13.5550    38.5913    29.0615 0.0000e+00
    368.000    13.6092     0.1769 -9.990e-29 1.6284e-03 1.9387e+00    153.682    13.5550    38.5913    29.0615 0.0000e+00
    369.000    13.6089     0.1858 -9.990e-29 6.4054e-04 3.0357e+00    153.263    13.5546    38.5912    29.0615 0.0000e+00
    370.000    13.6084     0.1855    98.3159 2.2783e-04 1.7926e+00    152.988    13.5538    38.5913    29.0617 0.0000e+00
    371.000    13.6079     0.1829    98.3125 1.8772e-03 2.1201e+00    153.275    13.5532    38.5914    29.0619 0.0000e+00
    372.000    13.6075     0.1882    98.3176 1.2919e-03 2.6447e+00    152.955    13.5527    38.5914    29.0620 0.0000e+00
    373.000    13.6074     0.1746    98.3140 2.2538e-03 2.8669e+00    153.345    13.5524    38.5915    29.0622 0.0000e+00
    374.000    13.6063     0.1856    98.3152 2.6534e-03 2.4516e+00    153.075    13.5512    38.5915    29.0624 0.0000e+00
    375.000    13.6052     0.1899    98.3104 1.4170e-03 3.3053e+00    153.257    13.5499    38.5915    29.0627 0.0000e+00
    376.000    13.6043     0.1844    98.3225 1.3994e-03 2.4432e+00    152.884    13.5489    38.5915    29.0629 0.0000e+00
    377.000    13.6028     0.1813 -9.990e-29 5.1118e-04 2.2420e+00    152.750    13.5473    38.5916    29.0633 0.0000e+00
    378.000    13.6022     0.1798 -9.990e-29 4.6174e-04 2.9588e+00    152.931    13.5465    38.5917    29.0636 0.0000e+00
    379.000    13.6020     0.1820 -9.990e-29 1.7825e-03 2.3829e+00    153.155    13.5462    38.5918    29.0637 0.0000e+00
    380.000    13.6005     0.1855 -9.990e-29 1.7267e-03 2.1578e+00    153.099    13.5445    38.5914    29.0638 0.0000e+00
    381.000    13.5959     0.1871 -9.990e-29 6.0701e-04 2.9997e+00    152.938    13.5397    38.5907    29.0642 0.0000e+00
    382.000    13.5836     0.1886 -9.990e-29 2.0750e-03 2.2748e+00    152.870    13.5274    38.5877    29.0645 0.0000e+00
    383.000    13.5750     0.1848    98.2916 1.1079e-03 2.4923e+00    152.782    13.5187    38.5857    29.0649 0.0000e+00
    384.000    13.5650     0.1824    98.3169 5.5336e-04 2.8244e+00    152.990    13.5086    38.5837    29.0655 0.0000e+00
    385.000    13.5637     0.1857    98.3000 7.7619e-04 2.1826e+00    152.712    13.5070    38.5837    29.0658 0.0000e+00
    386.000    13.5607     0.1856    98.3099 5.8759e-04 1.6603e+00    152.473    13.5039    38.5834    29.0662 0.0000e+00
    387.000    13.5544     0.1848    98.3095 5.3157e-04 2.4074e+00    152.295    13.4975    38.5820    29.0665 0.0000e+00
    388.000    13.5508     0.1844    98.3031 2.5523e-04 2.5617e+00    152.505    13.4937    38.5814    29.0668 0.0000e+00
    389.000    13.5497     0.1871    98.3014 4.5022e-04 2.6006e+00    152.767    13.4925    38.5816    29.0673 0.0000e+00
    390.000    13.5464     0.1874    98.3091 1.1976e-03 3.5002e+00    152.418    13.4890    38.5815    29.0679 0.0000e+00
    391.000    13.5411     0.1855    98.3126 2.7210e-04 2.7685e+00    152.175    13.4836    38.5812    29.0689 0.0000e+00
    392.000    13.5378     0.1870    98.2987 3.4217e-06 3.6541e+00    152.517    13.4802    38.5811    29.0695 0.0000e+00
    393.000    13.5371     0.1850    98.3006 1.4050e-04 3.0464e+00    152.438    13.4794    38.5810    29.0696 0.0000e+00
