Data/ruptures/PEACETIME/FAST/PEACETIME_FAST_CTD_068.cnv
* Sea-Bird SBE 9 Data File:
* FileName = C:\CTD\rawCTD\PEACETIME_FAST_CTD_068.hdr
* Software Version Seasave V 7.23.2
* Temperature SN = 1378
* Conductivity SN = 2929
* Number of Bytes Per Scan = 38
* Number of Voltage Words = 5
* Number of Scans Averaged by the Deck Unit = 1
* NMEA Latitude = 37 56.79 N
* NMEA Longitude = 002 55.01 E
* NMEA UTC (Time) = Jun 05 2017  08:51:39
* NMEA baud rate = 4800
** Cruise:   PEACETIME
** Station:   FAST_CTD_068
# nquan = 11
# nvalues = 1017                        
# units = specified
# name 0 = prDM: Pressure, Digiquartz [db]
# name 1 = t090C: Temperature [ITS-90, deg C]
# name 2 = flC: Fluorescence, Chelsea Aqua 3 Chl Con [ug/l]
# name 3 = CStarTr0: Beam Transmission, WET Labs C-Star [%]
# name 4 = par: PAR/Irradiance, Biospherical/Licor
# name 5 = spar: SPAR/Surface Irradiance
# name 6 = sbeox0Mm/Kg: Oxygen, SBE 43 [umol/kg]
# name 7 = potemp090C: Potential Temperature [ITS-90, deg C]
# name 8 = sal00: Salinity, Practical [PSU]
# name 9 = sigma-é00: Density [sigma-theta, kg/m^3]
# name 10 = flag:
# span 0 =      3.000,   1019.000       
# span 1 =    13.1605,    21.3944       
# span 2 =     0.1750,     0.7262       
# span 3 =    92.0291,    98.3138       
# span 4 = -1.567e-07, 1.2626e+03       
# span 5 = 1.0087e+03, 2.5785e+03       
# span 6 =    152.422,    241.145       
# span 7 =    13.0104,    21.3931       
# span 8 =    37.0088,    38.5940       
# span 9 =    25.9411,    29.1066       
# span 10 = 0.0000e+00, 0.0000e+00      
# interval = decibars: 1                
# start_time = Jun 05 2017 08:54:06 [NMEA time, first data scan]
# bad_flag = -9.990e-29
*END*
[from data line 132]
    135.000    13.9752     0.2011    98.0076 1.6661e-01 2.3559e+03    194.141    13.9551    38.1883    28.6634 0.0000e+00
    136.000    13.9672     0.2025    98.0079 1.5925e-01 2.3530e+03    193.781    13.9470    38.1910    28.6672 0.0000e+00
    137.000    13.9623     0.2046    98.0235 1.5111e-01 2.3502e+03    190.375    13.9420    38.1942    28.6707 0.0000e+00
    138.000    13.9468     0.2029    98.0100 1.4423e-01 2.3471e+03    187.573    13.9264    38.2018    28.6800 0.0000e+00
    139.000    13.9400     0.1988    98.0107 1.3718e-01 2.3441e+03    186.952    13.9194    38.2042    28.6834 0.0000e+00
    140.000    13.9412     0.2029    98.0113 1.3360e-01 2.3404e+03    187.169    13.9205    38.2045    28.6834 0.0000e+00
    141.000    13.9311     0.2035    98.0196 1.2852e-01 2.3441e+03    186.885    13.9103    38.2093    28.6893 0.0000e+00
    142.000    13.9169     0.1975    98.0291 1.2180e-01 2.3416e+03    185.616    13.8959    38.2140    28.6961 0.0000e+00
    143.000    13.9085     0.1960    98.0265 1.1685e-01 2.3440e+03    185.078    13.8873    38.2173    28.7004 0.0000e+00
    144.000    13.9041     0.1969    98.0109 1.1205e-01 2.3458e+03    186.900    13.8828    38.2193    28.7030 0.0000e+00
    145.000    13.9064     0.1960    98.0406 1.0737e-01 2.3481e+03    190.643    13.8849    38.2222    28.7048 0.0000e+00
    146.000    13.9026     0.1948    98.0866 1.0286e-01 2.3473e+03    194.137    13.8811    38.2275    28.7097 0.0000e+00
    147.000    13.8953     0.1951    98.0822 9.5942e-02 2.3464e+03    194.211    13.8736    38.2316    28.7145 0.0000e+00
    148.000    13.8876     0.1910    98.0965 9.0377e-02 2.3470e+03    194.327    13.8658    38.2350    28.7188 0.0000e+00
    149.000    13.8839     0.1930    98.0932 8.6909e-02 2.3484e+03    194.341    13.8619    38.2390    28.7227 0.0000e+00
    150.000    13.8820     0.1927    98.1045 8.6792e-02 2.3487e+03    193.938    13.8598    38.2402    28.7241 0.0000e+00
    151.000    13.8792     0.2010    98.1142 8.4967e-02 2.3451e+03    193.000    13.8569    38.2411    28.7254 0.0000e+00
    152.000    13.8623     0.1940    98.1049 8.1922e-02 2.3460e+03    191.415    13.8399    38.2469    28.7336 0.0000e+00
    153.000    13.8548     0.1881    98.1163 7.6486e-02 2.3455e+03    191.781    13.8322    38.2497    28.7374 0.0000e+00
    154.000    13.8515     0.1862    98.1231 7.4871e-02 2.3484e+03    192.788    13.8288    38.2533    28.7409 0.0000e+00
    155.000    13.8493     0.1885    98.1258 7.2281e-02 2.3454e+03    192.831    13.8265    38.2544    28.7423 0.0000e+00
    156.000    13.8413     0.1912    98.1318 6.8667e-02 2.3486e+03    192.288    13.8183    38.2570    28.7460 0.0000e+00
    157.000    13.8299     0.1904    98.1222 6.5233e-02 2.3479e+03    191.907    13.8067    38.2609    28.7515 0.0000e+00
    158.000    13.8269     0.1910    98.1367 6.3226e-02 2.3484e+03    191.940    13.8036    38.2623    28.7533 0.0000e+00
    159.000    13.8252     0.1945    98.1230 5.8710e-02 2.3472e+03    191.322    13.8018    38.2634    28.7546 0.0000e+00
    160.000    13.8196     0.1988    98.1316 5.6565e-02 2.3476e+03    190.529    13.7960    38.2676    28.7590 0.0000e+00
    161.000    13.8145     0.1979    98.0572 5.5525e-02 2.3477e+03    190.793    13.7908    38.2717    28.7633 0.0000e+00
    162.000    13.8085     0.1969    98.1448 5.1693e-02 2.3474e+03    189.697    13.7846    38.2761    28.7681 0.0000e+00
    163.000    13.8012     0.1969    98.1255 4.9140e-02 2.3455e+03    187.593    13.7772    38.2779    28.7711 0.0000e+00
    164.000    13.7863     0.1993    98.1234 4.7399e-02 2.3423e+03    185.431    13.7622    38.2771    28.7737 0.0000e+00
    165.000    13.7695     0.1926    98.0897 4.2920e-02 2.3462e+03    183.084    13.7453    38.2759    28.7763 0.0000e+00
    166.000    13.7630     0.1864    98.0638 4.3552e-02 2.3399e+03    181.597    13.7386    38.2761    28.7780 0.0000e+00
    167.000    13.7579     0.1893    98.0674 4.2286e-02 2.3436e+03    182.367    13.7334    38.2793    28.7816 0.0000e+00
    168.000    13.7499     0.1901    98.0591 3.9574e-02 2.3408e+03    182.925    13.7252    38.2844    28.7873 0.0000e+00
    169.000    13.7462     0.1869    98.0619 3.7572e-02 2.3384e+03    184.461    13.7214    38.2870    28.7901 0.0000e+00
    170.000    13.7467     0.1866    98.0758 3.4515e-02 2.3401e+03    186.307    13.7217    38.2926    28.7944 0.0000e+00
    171.000    13.7482     0.1912    98.0932 3.6149e-02 2.3410e+03    186.377    13.7230    38.2974    28.7978 0.0000e+00
    172.000    13.7428     0.1977    98.0893 3.3775e-02 2.3444e+03    186.536    13.7175    38.2972    28.7988 0.0000e+00
    173.000    13.7375     0.1930    98.0876 3.3854e-02 2.3408e+03    186.542    13.7120    38.2971    28.7999 0.0000e+00
    174.000    13.7330     0.1910    98.0844 3.1157e-02 2.3405e+03    186.667    13.7075    38.2975    28.8012 0.0000e+00
    175.000    13.7290     0.1882    98.0915 3.0136e-02 2.3417e+03    186.607    13.7033    38.2979    28.8024 0.0000e+00
    176.000    13.7310     0.1938    98.0954 2.9284e-02 2.3442e+03    186.686    13.7052    38.3026    28.8057 0.0000e+00
    177.000    13.7385     0.1952    98.1082 2.5000e-02 2.3457e+03    187.405    13.7125    38.3065    28.8071 0.0000e+00
    178.000    13.7416     0.1959    98.1286 2.3353e-02 2.3471e+03    187.260    13.7155    38.3105    28.8096 0.0000e+00
    179.000    13.7357     0.1960    98.1400 2.2033e-02 2.3462e+03    185.814    13.7094    38.3144    28.8139 0.0000e+00
    180.000    13.7269     0.1957    98.1402 2.0639e-02 2.3472e+03    184.529    13.7005    38.3188    28.8192 0.0000e+00
    181.000    13.6999     0.1938    98.1344 2.0728e-02 2.3439e+03    184.386    13.6734    38.3193    28.8254 0.0000e+00
    182.000    13.6878     0.1917    98.1101 2.2220e-02 2.3443e+03    184.497    13.6611    38.3225    28.8304 0.0000e+00
    183.000    13.6956     0.1902    98.1188 1.7840e-02 2.3436e+03    184.594    13.6687    38.3293    28.8341 0.0000e+00
    184.000    13.6997     0.1943    98.1250 1.6909e-02 2.3409e+03    184.636    13.6727    38.3326    28.8358 0.0000e+00
    185.000    13.7021     0.1914    98.1365 1.6328e-02 2.3415e+03    184.206    13.6750    38.3349    28.8371 0.0000e+00
    186.000    13.6968     0.1894    98.1034 1.5961e-02 2.3471e+03    183.808    13.6696    38.3375    28.8403 0.0000e+00
    187.000    13.6898     0.1868    98.1292 1.3856e-02 2.3435e+03    183.678    13.6624    38.3419    28.8452 0.0000e+00
    188.000    13.6796     0.1893    98.1501 1.3849e-02 2.3453e+03    183.872    13.6520    38.3421    28.8476 0.0000e+00
    189.000    13.6736     0.1944    98.1450 1.1646e-02 2.3459e+03    183.903    13.6459    38.3442    28.8506 0.0000e+00
    190.000    13.6772     0.1946    98.1497 1.2696e-02 2.3477e+03    183.336    13.6494    38.3482    28.8529 0.0000e+00
    191.000    13.6762     0.1961    98.1469 1.0887e-02 2.3492e+03    182.811    13.6482    38.3507    28.8551 0.0000e+00
    192.000    13.6736     0.1913    98.1494 6.6767e-03 2.3422e+03    182.991    13.6454    38.3536    28.8580 0.0000e+00
    193.000    13.6726     0.1929    98.1572 6.8271e-03 2.3414e+03    182.408    13.6443    38.3562    28.8602 0.0000e+00
    194.000    13.6704     0.1931    98.1561 8.5704e-03 2.3403e+03    181.668    13.6420    38.3600    28.8637 0.0000e+00
    195.000    13.6715     0.1939    98.1606 7.7017e-03 2.3375e+03    181.568    13.6429    38.3627    28.8655 0.0000e+00
    196.000    13.6604     0.1895    98.1566 6.9039e-03 2.3392e+03    181.371    13.6317    38.3649    28.8696 0.0000e+00
    197.000    13.6495     0.1870    98.1624 5.0196e-03 2.3390e+03    181.496    13.6206    38.3640    28.8713 0.0000e+00
    198.000    13.6431     0.1911    98.1415 3.0409e-03 2.3435e+03    181.775    13.6141    38.3643    28.8729 0.0000e+00
    199.000    13.6392     0.1908    98.1558 5.4992e-03 2.3385e+03    181.783    13.6100    38.3654    28.8746 0.0000e+00
    200.000    13.6375     0.1877    98.1450 4.7699e-03 2.3389e+03    181.497    13.6083    38.3685    28.8774 0.0000e+00
    201.000    13.6355     0.1893    98.1596 3.5167e-03 2.3401e+03    181.017    13.6061    38.3734    28.8817 0.0000e+00
    202.000    13.6354     0.1881    98.1634 1.7312e-03 2.3424e+03    180.430    13.6058    38.3754    28.8833 0.0000e+00
    203.000    13.6362     0.1855    98.1604 2.2338e-03 2.3432e+03    180.261    13.6065    38.3776    28.8849 0.0000e+00
    204.000    13.6369     0.1865    98.1570 2.2685e-03 2.3426e+03    180.490    13.6070    38.3791    28.8859 0.0000e+00
    205.000    13.6356     0.1892    98.1680 3.6309e-03 2.3435e+03    180.258    13.6055    38.3806    28.8874 0.0000e+00
    206.000    13.6345     0.1910    98.1777 2.3633e-03 2.3434e+03    180.295    13.6044    38.3820    28.8887 0.0000e+00
    207.000    13.6322     0.1880    98.1816 8.8409e-04 2.3384e+03    179.680    13.6018    38.3841    28.8909 0.0000e+00
    208.000    13.6298     0.1910    98.1708 5.4316e-04 2.3418e+03    179.288    13.5994    38.3850    28.8921 0.0000e+00
    209.000    13.6284     0.1911    98.1851 4.7888e-06 2.3371e+03    179.510    13.5978    38.3874    28.8943 0.0000e+00
    210.000    13.6275     0.1930    98.1735 3.6934e-04 2.3393e+03    178.807    13.5968    38.3908    28.8972 0.0000e+00
    211.000    13.6277     0.1915    98.1646 3.4782e-04 2.3381e+03    178.648    13.5968    38.3921    28.8981 0.0000e+00
    212.000    13.6246     0.1890    98.1879 1.1007e-03 2.3377e+03    178.844    13.5936    38.3949    28.9010 0.0000e+00
    213.000    13.6222     0.1841    98.1914 3.9048e-04 2.3390e+03    178.991    13.5910    38.3966    28.9029 0.0000e+00
    214.000    13.6208     0.1840    98.1875 3.9036e-04 2.3295e+03    178.466    13.5894    38.3986    28.9048 0.0000e+00
    215.000    13.6196     0.1864    98.1875 9.7997e-04 2.3356e+03    178.137    13.5882    38.4010    28.9069 0.0000e+00
    216.000    13.6198     0.1859    98.1888 1.2721e-04 2.3345e+03    177.886    13.5882    38.4027    28.9082 0.0000e+00
    217.000    13.6193     0.1930    98.1900 4.8167e-06 2.3329e+03    177.405    13.5875    38.4067    28.9115 0.0000e+00
    218.000    13.6390     0.1991    98.1985 2.3417e-06 2.3328e+03    175.868    13.6071    38.4198    28.9174 0.0000e+00
    219.000    13.6335     0.1931    98.1994 2.4311e-06 2.3337e+03    175.090    13.6014    38.4219    28.9202 0.0000e+00
    220.000    13.6299     0.1887    98.2005 1.1860e-05 2.3370e+03    174.846    13.5977    38.4236    28.9223 0.0000e+00
    221.000    13.6292     0.1861    98.2043 1.6228e-06 2.3337e+03    174.770    13.5969    38.4253    28.9239 0.0000e+00
    222.000    13.6259     0.1889    98.1863 1.8537e-06 2.3346e+03    174.408    13.5934    38.4275    28.9263 0.0000e+00
    223.000    13.6243     0.1914    98.2017 -2.709e-08 2.3370e+03    174.071    13.5916    38.4316    28.9299 0.0000e+00
    224.000    13.6205     0.1871    98.1842 3.2830e-05 2.3317e+03    173.919    13.5877    38.4327    28.9315 0.0000e+00
    225.000    13.6187     0.1883    98.2003 4.2954e-05 2.3270e+03    173.861    13.5857    38.4334    28.9325 0.0000e+00
    226.000    13.6179     0.1905    98.2081 2.1129e-05 2.3288e+03    173.275    13.5848    38.4351    28.9340 0.0000e+00
    227.000    13.6192     0.1880    98.2135 -1.567e-07 2.3341e+03    172.980    13.5859    38.4367    28.9350 0.0000e+00
    228.000    13.6205     0.1880    98.2135 1.0000e-12 2.3329e+03    172.931    13.5871    38.4386    28.9363 0.0000e+00
    229.000    13.6266     0.1816    98.2135 1.0000e-12 2.3323e+03    171.739    13.5930    38.4434    28.9388 0.0000e+00
    230.000    13.6303     0.1884    98.2135 1.0000e-12 2.3338e+03    171.305    13.5965    38.4472    28.9409 0.0000e+00
    231.000    13.6311     0.1909    98.2135 -9.990e-29 2.3331e+03    170.981    13.5972    38.4485    28.9417 0.0000e+00
    232.000    13.6322     0.1933    98.2135 -9.990e-29 2.3313e+03    169.835    13.5982    38.4507    28.9432 0.0000e+00
    233.000    13.6333     0.1922    98.2147 1.0000e-12 2.3335e+03    169.391    13.5992    38.4533    28.9451 0.0000e+00
    234.000    13.6338     0.1936    98.2202 1.0000e-12 2.3349e+03    169.337    13.5995    38.4536    28.9453 0.0000e+00
    235.000    13.6334     0.1910    98.2228 1.0000e-12 2.3297e+03    169.135    13.5989    38.4542    28.9458 0.0000e+00
    236.000    13.6330     0.1905    98.2068 1.0000e-12 2.3309e+03    169.150    13.5984    38.4548    28.9464 0.0000e+00
    237.000    13.6328     0.1909    98.2055 -9.990e-29 2.3296e+03    168.580    13.5980    38.4558    28.9472 0.0000e+00
    238.000    13.6331     0.1929    98.2173 -9.990e-29 2.3366e+03    168.410    13.5982    38.4560    28.9474 0.0000e+00
    239.000    13.6322     0.1925    98.2173 -9.990e-29 2.3290e+03    168.839    13.5972    38.4560    28.9476 0.0000e+00
    240.000    13.6316     0.1876    98.2212 1.0000e-12 2.3325e+03    168.665    13.5964    38.4561    28.9478 0.0000e+00
    241.000    13.6307     0.1869    98.2169 1.0000e-12 2.3322e+03    168.247    13.5954    38.4578    28.9493 0.0000e+00
    242.000    13.6304     0.1902    98.2146 1.0000e-12 2.3318e+03    168.230    13.5949    38.4590    28.9504 0.0000e+00
    243.000    13.6300     0.1922    98.2269 1.0000e-12 2.3340e+03    167.884    13.5944    38.4607    28.9518 0.0000e+00
    244.000    13.6296     0.1834    98.2131 1.0000e-12 2.3320e+03    167.197    13.5938    38.4619    28.9529 0.0000e+00
    245.000    13.6279     0.1850    98.2276 1.0000e-12 2.3292e+03    166.624    13.5919    38.4651    28.9558 0.0000e+00
    246.000    13.6271     0.1875    98.2255 1.0000e-12 2.3328e+03    166.320    13.5910    38.4665    28.9571 0.0000e+00
    247.000    13.6226     0.1847    98.2265 -9.990e-29 2.3297e+03    165.531    13.5864    38.4692    28.9601 0.0000e+00
    248.000    13.6166     0.1861    98.2205 -9.990e-29 2.3289e+03    164.761    13.5802    38.4759    28.9666 0.0000e+00
    249.000    13.6155     0.1878    98.2334 -9.990e-29 2.3339e+03    164.213    13.5790    38.4788    28.9692 0.0000e+00
    250.000    13.6154     0.1899    98.2339 1.0000e-12 2.3333e+03    163.955    13.5788    38.4800    28.9701 0.0000e+00
    251.000    13.6156     0.1855    98.2348 1.0000e-12 2.3314e+03    163.501    13.5788    38.4810    28.9709 0.0000e+00
    252.000    13.6159     0.1886    98.2337 1.0000e-12 2.3322e+03    163.837    13.5790    38.4825    28.9720 0.0000e+00
    253.000    13.6177     0.1932    98.2326 1.0000e-12 2.3344e+03    163.169    13.5806    38.4854    28.9739 0.0000e+00
    254.000    13.6203     0.1853    98.2328 1.0000e-12 2.3324e+03    162.685    13.5830    38.4896    28.9766 0.0000e+00
    255.000    13.6195     0.1845    98.2366 1.0000e-12 2.3377e+03    162.643    13.5821    38.4908    28.9778 0.0000e+00
    256.000    13.6195     0.1853    98.2293 1.0000e-12 2.3358e+03    162.641    13.5820    38.4916    28.9784 0.0000e+00
    257.000    13.6202     0.1836    98.2344 1.0000e-12 2.3364e+03    162.789    13.5825    38.4930    28.9794 0.0000e+00
    258.000    13.6208     0.1816    98.2289 1.0000e-12 2.3349e+03    162.639    13.5830    38.4936    28.9798 0.0000e+00
    259.000    13.6210     0.1864    98.2302 1.0000e-12 2.3358e+03    162.260    13.5830    38.4940    28.9801 0.0000e+00
    260.000    13.6219     0.1877    98.2367 1.0000e-12 2.3336e+03    162.354    13.5837    38.4973    28.9825 0.0000e+00
    261.000    13.6218     0.1935    98.2323 1.0000e-12 2.3387e+03    162.178    13.5835    38.4989    28.9838 0.0000e+00
    262.000    13.6216     0.1920    98.2336 1.0000e-12 2.3356e+03    161.932    13.5832    38.5000    28.9847 0.0000e+00
    263.000    13.6215     0.1852    98.2349 1.0000e-12 2.3296e+03    161.312    13.5829    38.5006    28.9852 0.0000e+00
    264.000    13.6214     0.1827    98.2271 1.0000e-12 2.3349e+03    161.019    13.5827    38.5016    28.9860 0.0000e+00
