Data/ruptures/PEACETIME/FAST/PEACETIME_FAST_CTD_083.cnv
* Sea-Bird SBE 9 Data File:
* FileName = C:\CTD\rawCTD\PEACETIME_FAST_CTD_083.hdr
* Software Version Seasave V 7.23.2
* Temperature SN = 1378
* Conductivity SN = 2929
* Number of Bytes Per Scan = 38
* Number of Voltage Words = 5
* Number of Scans Averaged by the Deck Unit = 1
* NMEA Latitude = 37 56.80 N
* NMEA Longitude = 002 55.00 E
* NMEA UTC (Time) = Jun 07 2017  08:58:44
* NMEA baud rate = 4800
** Cruise:   PEACETIME
** Station:   CTD_FAST_83
# nquan = 11
# nvalues = 2502                        
# units = specified
# name 0 = prDM: Pressure, Digiquartz [db]
# name 1 = t090C: Temperature [ITS-90, deg C]
# name 2 = flC: Fluorescence, Chelsea Aqua 3 Chl Con [ug/l]
# name 3 = CStarTr0: Beam Transmission, WET Labs C-Star [%]
# name 4 = par: PAR/Irradiance, Biospherical/Licor
# name 5 = spar: SPAR/Surface Irradiance
# name 6 = sbeox0Mm/Kg: Oxygen, SBE 43 [umol/kg]
# name 7 = potemp090C: Potential Temperature [ITS-90, deg C]
# name 8 = sal00: Salinity, Practical [PSU]
# name 9 = sigma-é00: Density [sigma-theta, kg/m^3]
# name 10 = flag:
# span 0 =      3.000,   2504.000       
# span 1 =    13.1236,    21.6067       
# span 2 =     0.1734,     0.5482       
# span 3 =    93.6383,    98.2395       
# span 4 = -9.324e-06, 8.6846e+02       
# span 5 = 1.0075e+03, 2.8561e+03       
# span 6 =    151.896,    239.357       
# span 7 =    12.9043,    21.6061       
# span 8 =    37.0168,    38.5941       
# span 9 =    25.9079,    29.1158       
# span 10 = 0.0000e+00, 0.0000e+00      
# interval = decibars: 1                
# start_time = Jun 07 2017 09:01:04 [NMEA time, first data scan]
# bad_flag = -9.990e-29
*END*
[from data line 787]
    790.000    13.2517     0.1887 -9.990e-29 8.0418e-04 2.5467e+03    164.663    13.1356    38.5309    29.1032 0.0000e+00
    791.000    13.2475     0.1860 -9.990e-29 6.7427e-04 2.5478e+03    164.954    13.1313    38.5298    29.1032 0.0000e+00
    792.000    13.2455     0.1884 -9.990e-29 6.1186e-04 2.5456e+03    165.200    13.1292    38.5293    29.1033 0.0000e+00
    793.000    13.2431     0.1908 -9.990e-29 2.3380e-04 2.5497e+03    164.947    13.1267    38.5286    29.1033 0.0000e+00
    794.000    13.2408     0.1867 -9.990e-29 3.8891e-04 2.5512e+03    164.890    13.1242    38.5282    29.1034 0.0000e+00
    795.000    13.2400     0.1878 -9.990e-29 2.7560e-04 2.5491e+03    165.283    13.1233    38.5278    29.1034 0.0000e+00
    796.000    13.2382     0.1888 -9.990e-29 8.8968e-05 2.5473e+03    164.887    13.1214    38.5272    29.1033 0.0000e+00
    797.000    13.2360     0.1901 -9.990e-29 5.9669e-04 2.5458e+03    165.082    13.1190    38.5267    29.1034 0.0000e+00
    798.000    13.2342     0.1843 -9.990e-29 1.1841e-03 2.5483e+03    165.388    13.1171    38.5264    29.1035 0.0000e+00
    799.000    13.2324     0.1865 -9.990e-29 6.2922e-04 2.5462e+03    165.632    13.1152    38.5260    29.1036 0.0000e+00
    800.000    13.2320     0.1869 -9.990e-29 1.5487e-03 2.5411e+03    165.520    13.1145    38.5258    29.1036 0.0000e+00
    801.000    13.2321     0.1848 -9.990e-29 1.5375e-03 2.5362e+03    165.604    13.1145    38.5258    29.1036 0.0000e+00
    802.000    13.2313     0.1869 -9.990e-29 4.5004e-04 2.4935e+03    165.518    13.1136    38.5256    29.1037 0.0000e+00
    803.000    13.2294     0.1824 -9.990e-29 1.5415e-03 2.5102e+03    165.496    13.1116    38.5251    29.1037 0.0000e+00
    804.000    13.2290     0.1871    98.1614 1.4482e-03 2.5238e+03    165.452    13.1110    38.5251    29.1038 0.0000e+00
    805.000    13.2283     0.1852    98.1614 6.8835e-04 2.5225e+03    165.342    13.1101    38.5248    29.1038 0.0000e+00
    806.000    13.2263     0.1863    98.1614 1.1468e-04 2.5298e+03    165.530    13.1080    38.5243    29.1038 0.0000e+00
    807.000    13.2258     0.1898    98.1614 1.8130e-04 2.5304e+03    165.947    13.1073    38.5243    29.1039 0.0000e+00
    808.000    13.2258     0.1887    98.1614 -2.534e-06 2.5310e+03    165.854    13.1072    38.5242    29.1039 0.0000e+00
    809.000    13.2257     0.1851    98.1614 7.2349e-04 2.5272e+03    165.636    13.1070    38.5241    29.1039 0.0000e+00
    810.000    13.2252     0.1870    98.1614 2.2419e-06 2.5320e+03    165.544    13.1063    38.5240    29.1039 0.0000e+00
    811.000    13.2227     0.1887    98.1614 2.4955e-04 2.5281e+03    165.715    13.1037    38.5234    29.1040 0.0000e+00
    812.000    13.2206     0.1859    98.1614 1.3189e-03 2.5323e+03    166.213    13.1014    38.5229    29.1041 0.0000e+00
    813.000    13.2200     0.1891    98.1614 1.0722e-03 2.5374e+03    166.305    13.1007    38.5228    29.1042 0.0000e+00
    814.000    13.2191     0.1907    98.1614 4.5549e-04 2.5417e+03    166.027    13.0997    38.5225    29.1041 0.0000e+00
    815.000    13.2175     0.1905    98.1614 3.4144e-04 2.5432e+03    165.862    13.0979    38.5221    29.1043 0.0000e+00
    816.000    13.2166     0.1900    98.1614 1.0928e-04 2.5000e+03    165.690    13.0968    38.5219    29.1043 0.0000e+00
    817.000    13.2164     0.1896    98.1614 3.4798e-04 2.3882e+03    165.795    13.0965    38.5218    29.1043 0.0000e+00
    818.000    13.2160     0.1875    98.1614 7.5752e-04 2.4329e+03    165.752    13.0959    38.5217    29.1043 0.0000e+00
    819.000    13.2160     0.1887    98.1614 4.2579e-04 2.5377e+03    166.382    13.0958    38.5215    29.1042 0.0000e+00
    820.000    13.2158     0.1854    98.1614 5.4294e-05 2.5609e+03    166.332    13.0954    38.5216    29.1043 0.0000e+00
    821.000    13.2156     0.1864    98.1614 3.7875e-04 2.5536e+03    166.275    13.0951    38.5214    29.1043 0.0000e+00
    822.000    13.2148     0.1889    98.1614 8.5353e-04 2.5144e+03    166.568    13.0942    38.5212    29.1043 0.0000e+00
    823.000    13.2142     0.1894    98.1614 1.5478e-03 2.4272e+03    166.337    13.0935    38.5212    29.1044 0.0000e+00
    824.000    13.2137     0.1851    98.1614 1.3011e-03 2.3683e+03    166.486    13.0928    38.5210    29.1044 0.0000e+00
    825.000    13.2135     0.1877    98.1614 1.4045e-03 2.3749e+03    166.454    13.0924    38.5208    29.1043 0.0000e+00
    826.000    13.2107     0.1850    98.1651 2.4854e-03 2.4380e+03    166.620    13.0895    38.5201    29.1044 0.0000e+00
    827.000    13.2083     0.1808    98.1670 1.6325e-03 2.5419e+03    166.509    13.0870    38.5196    29.1045 0.0000e+00
    828.000    13.2067     0.1792    98.1653 2.7240e-03 2.5684e+03    166.082    13.0853    38.5192    29.1046 0.0000e+00
    829.000    13.2033     0.1784    98.1695 1.7300e-03 2.5657e+03    166.492    13.0817    38.5182    29.1046 0.0000e+00
    830.000    13.1997     0.1815    98.1652 2.5823e-03 2.5597e+03    166.786    13.0780    38.5174    29.1048 0.0000e+00
    831.000    13.1978     0.1831    98.1720 1.4648e-03 2.5528e+03    166.678    13.0759    38.5170    29.1049 0.0000e+00
    832.000    13.1973     0.1833    98.1698 1.5501e-03 2.5535e+03    166.720    13.0752    38.5169    29.1049 0.0000e+00
    833.000    13.1955     0.1839    98.1652 1.8030e-03 2.5488e+03    166.765    13.0734    38.5164    29.1049 0.0000e+00
    834.000    13.1942     0.1788    98.1698 1.9396e-03 2.5438e+03    167.000    13.0719    38.5161    29.1050 0.0000e+00
    835.000    13.1937     0.1857    98.1698 8.9549e-04 2.5440e+03    167.288    13.0713    38.5161    29.1051 0.0000e+00
    836.000    13.1933     0.1878    98.1749 5.2135e-04 2.5407e+03    167.611    13.0707    38.5160    29.1051 0.0000e+00
    837.000    13.1929     0.1808    98.1696 1.5832e-03 2.5448e+03    167.497    13.0701    38.5159    29.1052 0.0000e+00
    838.000    13.1937     0.1863    98.1820 9.6276e-04 2.5428e+03    167.122    13.0708    38.5162    29.1053 0.0000e+00
    839.000    13.1939     0.1885    98.1701 2.7219e-03 2.5384e+03    167.153    13.0708    38.5163    29.1054 0.0000e+00
    840.000    13.1925     0.1893    98.1682 2.1486e-03 2.5359e+03    167.371    13.0693    38.5157    29.1052 0.0000e+00
    841.000    13.1922     0.1909    98.1712 2.3985e-03 2.5403e+03    167.168    13.0688    38.5157    29.1053 0.0000e+00
    842.000    13.1925     0.1940    98.1717 2.9920e-03 2.5392e+03    166.912    13.0690    38.5159    29.1055 0.0000e+00
    843.000    13.1921     0.1864    98.1791 6.4318e-04 2.5423e+03    166.705    13.0685    38.5158    29.1055 0.0000e+00
    844.000    13.1914     0.1888    98.1769 1.0185e-03 2.5386e+03    166.929    13.0676    38.5157    29.1056 0.0000e+00
    845.000    13.1909     0.1868    98.1763 1.8611e-03 2.5381e+03    167.157    13.0669    38.5155    29.1055 0.0000e+00
    846.000    13.1906     0.1846    98.1726 1.8921e-03 2.5400e+03    167.508    13.0665    38.5154    29.1056 0.0000e+00
    847.000    13.1899     0.1836    98.1800 2.7263e-03 2.5322e+03    167.385    13.0657    38.5152    29.1056 0.0000e+00
    848.000    13.1900     0.1876    98.1726 1.5795e-03 2.5304e+03    167.423    13.0656    38.5152    29.1056 0.0000e+00
    849.000    13.1902     0.1911    98.1660 1.3258e-03 2.5377e+03    167.580    13.0656    38.5152    29.1056 0.0000e+00
    850.000    13.1903     0.1920    98.1782 1.0475e-03 2.5345e+03    167.636    13.0656    38.5152    29.1056 0.0000e+00
    851.000    13.1904     0.1894    98.1855 1.4867e-03 2.5325e+03    167.649    13.0656    38.5151    29.1056 0.0000e+00
    852.000    13.1907     0.1843    98.1785 9.4568e-04 2.5309e+03    167.269    13.0657    38.5152    29.1056 0.0000e+00
    853.000    13.1909     0.1830    98.1819 1.8802e-03 2.5300e+03    167.359    13.0657    38.5153    29.1056 0.0000e+00
    854.000    13.1911     0.1855    98.1603 7.6468e-04 2.5304e+03    167.037    13.0658    38.5153    29.1056 0.0000e+00
    855.000    13.1913     0.1897    98.1784 2.4223e-03 2.5321e+03    167.333    13.0659    38.5153    29.1056 0.0000e+00
    856.000    13.1917     0.1970    98.1735 2.5198e-03 2.5280e+03    167.708    13.0660    38.5152    29.1055 0.0000e+00
    857.000    13.1919     0.1963    98.1717 7.3643e-04 2.5251e+03    167.335    13.0661    38.5153    29.1056 0.0000e+00
    858.000    13.1920     0.1865    98.1759 2.6473e-04 2.5228e+03    167.433    13.0660    38.5153    29.1056 0.0000e+00
    859.000    13.1921     0.1854    98.1801 8.6617e-04 2.5234e+03    167.661    13.0660    38.5153    29.1056 0.0000e+00
    860.000    13.1923     0.1892    98.1782 6.5015e-04 2.5248e+03    167.798    13.0660    38.5153    29.1056 0.0000e+00
    861.000    13.1923     0.1847    98.1830 8.1028e-04 2.5266e+03    167.668    13.0660    38.5154    29.1056 0.0000e+00
    862.000    13.1924     0.1881    98.1817 1.8564e-03 2.5277e+03    167.455    13.0659    38.5153    29.1056 0.0000e+00
    863.000    13.1926     0.1926    98.1807 3.3763e-03 2.5287e+03    167.604    13.0660    38.5153    29.1056 0.0000e+00
    864.000    13.1929     0.1876    98.1810 2.0493e-03 2.5269e+03    167.254    13.0661    38.5153    29.1056 0.0000e+00
    865.000    13.1931     0.1879    98.1830 2.0373e-03 2.5270e+03    167.331    13.0661    38.5154    29.1056 0.0000e+00
    866.000    13.1934     0.1945    98.1764 1.2340e-03 2.5273e+03    167.558    13.0662    38.5155    29.1057 0.0000e+00
    867.000    13.1936     0.1901    98.1769 4.6631e-03 2.5293e+03    167.548    13.0663    38.5155    29.1057 0.0000e+00
    868.000    13.1937     0.1848    98.1716 1.7481e-03 2.5275e+03    167.661    13.0663    38.5154    29.1056 0.0000e+00
    869.000    13.1939     0.1881    98.1758 3.0435e-03 2.5298e+03    167.362    13.0663    38.5154    29.1056 0.0000e+00
    870.000    13.1940     0.1891    98.1847 3.3886e-03 2.5324e+03    167.675    13.0663    38.5155    29.1057 0.0000e+00
    871.000    13.1940     0.1921    98.1740 2.0774e-03 2.5323e+03    167.602    13.0662    38.5155    29.1057 0.0000e+00
    872.000    13.1943     0.1942    98.1816 1.7731e-03 2.5355e+03    167.605    13.0662    38.5153    29.1056 0.0000e+00
    873.000    13.1944     0.1909    98.1765 3.0506e-03 2.5346e+03    167.491    13.0662    38.5153    29.1056 0.0000e+00
    874.000    13.1945     0.1912    98.1772 2.2722e-03 2.5384e+03    167.601    13.0661    38.5153    29.1056 0.0000e+00
    875.000    13.1946     0.1857    98.1806 3.0495e-03 2.5455e+03    167.255    13.0661    38.5154    29.1056 0.0000e+00
    876.000    13.1948     0.1876    98.1831 3.8702e-03 2.5478e+03    167.246    13.0662    38.5154    29.1056 0.0000e+00
    877.000    13.1950     0.1869    98.1778 3.2341e-03 2.5445e+03    167.125    13.0662    38.5153    29.1056 0.0000e+00
    878.000    13.1952     0.1910    98.1864 5.2872e-03 2.5410e+03    166.888    13.0663    38.5154    29.1056 0.0000e+00
    879.000    13.1954     0.1880    98.1764 4.3832e-03 2.5524e+03    167.076    13.0663    38.5154    29.1056 0.0000e+00
    880.000    13.1956     0.1845    98.1668 2.6448e-03 2.5552e+03    167.577    13.0664    38.5154    29.1056 0.0000e+00
    881.000    13.1958     0.1858    98.1722 1.4415e-03 2.5563e+03    167.240    13.0664    38.5156    29.1057 0.0000e+00
    882.000    13.1961     0.1905    98.1717 9.3139e-04 2.5603e+03    167.330    13.0665    38.5154    29.1056 0.0000e+00
    883.000    13.1962     0.1949    98.1744 1.0553e-03 2.5692e+03    167.316    13.0664    38.5154    29.1056 0.0000e+00
    884.000    13.1965     0.1959    98.1692 1.3486e-03 2.5686e+03    167.605    13.0666    38.5155    29.1056 0.0000e+00
    885.000    13.1967     0.1922    98.1772 3.3322e-03 2.5849e+03    167.558    13.0667    38.5156    29.1056 0.0000e+00
    886.000    13.1969     0.1931    98.1776 2.9563e-03 2.6078e+03    167.463    13.0668    38.5155    29.1056 0.0000e+00
    887.000    13.1971     0.1876    98.1730 3.1817e-03 2.4651e+03    167.321    13.0667    38.5155    29.1056 0.0000e+00
    888.000    13.1973     0.1850    98.1810 2.5412e-03 2.0677e+03    167.544    13.0668    38.5156    29.1056 0.0000e+00
    889.000    13.1975     0.1896    98.1800 1.2135e-03 2.1944e+03    167.624    13.0668    38.5156    29.1057 0.0000e+00
    890.000    13.1976     0.1875    98.1828 1.3749e-03 2.3869e+03    167.250    13.0668    38.5156    29.1057 0.0000e+00
    891.000    13.1978     0.1908    98.1839 1.5741e-03 2.4868e+03    167.309    13.0669    38.5155    29.1056 0.0000e+00
    892.000    13.1979     0.1918    98.1754 1.2037e-03 2.5489e+03    167.531    13.0668    38.5156    29.1056 0.0000e+00
    893.000    13.1981     0.1881    98.1740 2.1611e-03 2.5766e+03    167.697    13.0668    38.5157    29.1057 0.0000e+00
    894.000    13.1982     0.1926    98.1708 1.5725e-03 2.5055e+03    167.563    13.0668    38.5156    29.1056 0.0000e+00
    895.000    13.1983     0.1949    98.1754 2.3221e-03 2.4810e+03    167.623    13.0667    38.5156    29.1057 0.0000e+00
    896.000    13.1984     0.1940    98.1839 1.5127e-03 2.5401e+03    167.657    13.0667    38.5156    29.1057 0.0000e+00
    897.000    13.1986     0.1898    98.1782 3.2246e-03 2.5936e+03    167.575    13.0667    38.5156    29.1057 0.0000e+00
    898.000    13.1988     0.1935    98.1776 1.8806e-03 2.5958e+03    167.358    13.0667    38.5156    29.1057 0.0000e+00
    899.000    13.1989     0.1923    98.1726 3.2098e-03 2.5925e+03    167.564    13.0667    38.5157    29.1057 0.0000e+00
    900.000    13.1991     0.1891    98.1809 2.9170e-03 2.5905e+03    167.578    13.0668    38.5156    29.1057 0.0000e+00
    901.000    13.1993     0.1865    98.1828 2.6071e-03 2.5915e+03    167.453    13.0668    38.5156    29.1057 0.0000e+00
    902.000    13.1997     0.1933    98.1798 1.4229e-03 2.5975e+03    167.617    13.0670    38.5157    29.1057 0.0000e+00
    903.000    13.2000     0.1977    98.1769 1.8006e-03 2.5951e+03    167.330    13.0672    38.5157    29.1057 0.0000e+00
    904.000    13.2003     0.1954    98.1821 1.9287e-03 2.5507e+03    167.266    13.0673    38.5158    29.1057 0.0000e+00
    905.000    13.2005     0.1896    98.1776 3.8405e-03 2.5566e+03    167.404    13.0675    38.5159    29.1058 0.0000e+00
    906.000    13.2007     0.1872    98.1803 1.6083e-03 2.6048e+03    167.186    13.0674    38.5160    29.1058 0.0000e+00
    907.000    13.2008     0.1865    98.1807 2.6081e-03 2.6037e+03    167.403    13.0675    38.5160    29.1058 0.0000e+00
    908.000    13.2010     0.1929    98.1735 3.8983e-03 2.6116e+03    167.497    13.0675    38.5159    29.1058 0.0000e+00
    909.000    13.2011     0.1922    98.1785 2.7664e-03 2.6158e+03    167.374    13.0674    38.5160    29.1058 0.0000e+00
    910.000    13.2013     0.1885    98.1814 1.6751e-03 2.6189e+03    167.603    13.0674    38.5159    29.1057 0.0000e+00
    911.000    13.2014     0.1886    98.1798 3.5856e-03 2.6247e+03    167.893    13.0674    38.5159    29.1058 0.0000e+00
    912.000    13.2016     0.1860    98.1827 2.9451e-03 2.6268e+03    167.828    13.0674    38.5159    29.1058 0.0000e+00
    913.000    13.2017     0.1855    98.1660 2.5870e-03 2.6297e+03    167.569    13.0674    38.5159    29.1057 0.0000e+00
    914.000    13.2018     0.1875    98.1837 3.2446e-03 2.6319e+03    167.338    13.0674    38.5158    29.1057 0.0000e+00
    915.000    13.2020     0.1855    98.1819 2.2352e-03 2.6363e+03    167.078    13.0674    38.5158    29.1057 0.0000e+00
    916.000    13.2022     0.1853    98.1758 2.8908e-03 2.6415e+03    167.052    13.0674    38.5158    29.1057 0.0000e+00
    917.000    13.2023     0.1825    98.1791 2.4428e-03 2.6469e+03    167.618    13.0674    38.5159    29.1057 0.0000e+00
    918.000    13.2025     0.1888    98.1741 2.9573e-03 2.6433e+03    167.560    13.0675    38.5159    29.1057 0.0000e+00
    919.000    13.2025     0.1861    98.1802 4.0534e-03 2.6299e+03    167.600    13.0673    38.5159    29.1058 0.0000e+00
    920.000    13.2021     0.1897    98.1856 2.0602e-03 2.6180e+03    168.086    13.0667    38.5156    29.1057 0.0000e+00
