Data/ruptures/PEACETIME/FAST/PEACETIME_FAST_CTD_078.cnv
* Sea-Bird SBE 9 Data File:
* FileName = C:\CTD\rawCTD\PEACETIME_FAST_CTD_078.hdr
* Software Version Seasave V 7.23.2
* Temperature SN = 1378
* Conductivity SN = 2929
* Number of Bytes Per Scan = 38
* Number of Voltage Words = 5
* Number of Scans Averaged by the Deck Unit = 1
* NMEA Latitude = 37 56.80 N
* NMEA Longitude = 002 55.00 E
* NMEA UTC (Time) = Jun 06 2017  17:02:24
* NMEA baud rate = 4800
** Cruise:   PEACETIME
** Station:   FAST_CTD_078
# nquan = 11
# nvalues = 200                         
# units = specified
# name 0 = prDM: Pressure, Digiquartz [db]
# name 1 = t090C: Temperature [ITS-90, deg C]
# name 2 = flC: Fluorescence, Chelsea Aqua 3 Chl Con [ug/l]
# name 3 = CStarTr0: Beam Transmission, WET Labs C-Star [%]
# name 4 = par: PAR/Irradiance, Biospherical/Licor
# name 5 = spar: SPAR/Surface Irradiance
# name 6 = sbeox0Mm/Kg: Oxygen, SBE 43 [umol/kg]
# name 7 = potemp090C: Potential Temperature [ITS-90, deg C]
# name 8 = sal00: Salinity, Practical [PSU]
# name 9 = sigma-é00: Density [sigma-theta, kg/m^3]
# name 10 = flag:
# span 0 =      1.000,    200.000       
# span 1 =    13.6643,    22.0390       
# span 2 =     0.1715,     0.7556       
# span 3 =    92.9523,    98.1475       
# span 4 = -5.188e-08, 5.3138e+02       
# span 5 = 1.6559e+03, 1.8595e+03       
# span 6 =    178.488,    241.185       
# span 7 =    13.6350,    22.0384       
# span 8 =    37.0603,    38.3820       
# span 9 =    25.7848,    28.8816       
# span 10 = 0.0000e+00, 0.0000e+00      
# interval = decibars: 1                
# start_time = Jun 06 2017 17:02:25 [NMEA time, first data scan]
# bad_flag = -9.990e-29
*END*
      1.000    21.9745     0.2069    95.3530 5.3138e+02 1.8595e+03    206.708    21.9742    37.0744    25.8023 0.0000e+00
      2.000    22.0043     0.2061    95.7652 5.2169e+02 1.8502e+03    208.796    22.0039    37.0739    25.7935 0.0000e+00
      3.000    22.0390     0.2007    96.6349 4.7422e+02 1.8421e+03    208.959    22.0384    37.0753    25.7848 0.0000e+00
      4.000    22.0093     0.1971    96.8083 3.7845e+02 1.8409e+03    208.734    22.0085    37.0749    25.7930 0.0000e+00
      5.000    21.9156     0.1982    96.7464 3.5012e+02 1.8391e+03    208.879    21.9146    37.0734    25.8184 0.0000e+00
      6.000    21.8155     0.1984    96.6706 2.6394e+02 1.8405e+03    208.660    21.8143    37.0681    25.8426 0.0000e+00
      7.000    21.6874     0.2015    96.7063 2.7650e+02 1.8389e+03    209.797    21.6860    37.0674    25.8782 0.0000e+00
      8.000    21.6746     0.1959    96.7056 2.2864e+02 1.8382e+03    209.757    21.6730    37.0676    25.8820 0.0000e+00
      9.000    21.5092     0.1986    96.6473 2.2470e+02 1.8363e+03    210.274    21.5074    37.0643    25.9258 0.0000e+00
     10.000    21.4294     0.1945    96.5827 1.9913e+02 1.8381e+03    210.482    21.4274    37.0652    25.9488 0.0000e+00
     11.000    21.4162     0.1952    96.6020 1.8798e+02 1.8353e+03    210.613    21.4140    37.0661    25.9532 0.0000e+00
     12.000    21.3906     0.1970    96.6441 1.7095e+02 1.8403e+03    210.433    21.3883    37.0659    25.9602 0.0000e+00
     13.000    21.3753     0.1928    96.6555 1.5681e+02 1.8377e+03    210.783    21.3728    37.0663    25.9649 0.0000e+00
     14.000    21.2901     0.1934    96.6245 1.4737e+02 1.8344e+03    209.235    21.2874    37.0639    25.9866 0.0000e+00
     15.000    20.7033     0.1928    96.5990 1.4753e+02 1.8335e+03    212.831    20.7004    37.0715    26.1539 0.0000e+00
     16.000    20.5410     0.1922    96.6316 1.3183e+02 1.8332e+03    215.466    20.5379    37.0794    26.2041 0.0000e+00
     17.000    20.5010     0.1968    96.6472 1.2674e+02 1.8262e+03    214.694    20.4978    37.0799    26.2154 0.0000e+00
     18.000    20.4727     0.1965    96.6357 1.2019e+02 1.8245e+03    215.954    20.4693    37.0788    26.2223 0.0000e+00
     19.000    20.4544     0.1973    96.6373 1.0716e+02 1.8153e+03    216.288    20.4508    37.0795    26.2278 0.0000e+00
     20.000    20.4514     0.1964    96.6572 1.0692e+02 1.8136e+03    216.497    20.4477    37.0844    26.2324 0.0000e+00
     21.000    20.4388     0.1977    96.6952 1.0318e+02 1.8044e+03    216.539    20.4348    37.0877    26.2384 0.0000e+00
     22.000    20.4037     0.2009    96.7233 9.7128e+01 1.7998e+03    216.189    20.3996    37.0884    26.2485 0.0000e+00
     23.000    20.3190     0.1980    96.7135 9.1430e+01 1.7969e+03    217.200    20.3146    37.0864    26.2699 0.0000e+00
     24.000    20.0976     0.1980    96.7106 8.2250e+01 1.7945e+03    217.731    20.0931    37.0683    26.3154 0.0000e+00
     25.000    19.7903     0.2001    96.6309 8.3290e+01 1.7917e+03    220.301    19.7857    37.0647    26.3946 0.0000e+00
     26.000    19.3377     0.1908    96.6268 7.7127e+01 1.7905e+03    223.355    19.3329    37.0603    26.5103 0.0000e+00
     27.000    18.8775     0.1929    96.6531 7.3598e+01 1.7900e+03    227.716    18.8727    37.0689    26.6362 0.0000e+00
     28.000    18.6548     0.1968    96.7233 6.8846e+01 1.7925e+03    231.806    18.6498    37.0707    26.6948 0.0000e+00
     29.000    18.5636     0.1938    96.7367 6.5110e+01 1.7891e+03    232.612    18.5585    37.1189    26.7551 0.0000e+00
     30.000    18.4660     0.1937    96.6948 6.2595e+01 1.7889e+03    232.725    18.4607    37.1551    26.8077 0.0000e+00
     31.000    18.3430     0.1958    96.6899 6.0207e+01 1.7880e+03    232.891    18.3375    37.1876    26.8638 0.0000e+00
     32.000    18.1598     0.1935    96.6620 5.7562e+01 1.7888e+03    234.169    18.1542    37.1864    26.9091 0.0000e+00
     33.000    18.0814     0.1944    96.6380 5.4382e+01 1.7909e+03    234.879    18.0756    37.1847    26.9276 0.0000e+00
     34.000    17.9712     0.2000    96.6154 5.2526e+01 1.7916e+03    234.798    17.9653    37.1772    26.9494 0.0000e+00
     35.000    17.7448     0.2079    96.5575 5.0081e+01 1.7906e+03    233.828    17.7388    37.1509    26.9856 0.0000e+00
     36.000    17.5112     0.2029    96.5781 4.6372e+01 1.7955e+03    235.477    17.5051    37.1223    27.0213 0.0000e+00
     37.000    17.4375     0.1992    96.5952 4.4908e+01 1.7987e+03    236.282    17.4313    37.1300    27.0453 0.0000e+00
     38.000    17.3630     0.2023    96.5973 4.3459e+01 1.8009e+03    237.450    17.3566    37.1749    27.0981 0.0000e+00
     39.000    17.3701     0.2037    96.6004 4.0362e+01 1.8067e+03    237.705    17.3635    37.1825    27.1023 0.0000e+00
     40.000    17.3462     0.1954    96.5878 3.9114e+01 1.8054e+03    237.532    17.3395    37.1998    27.1214 0.0000e+00
     41.000    17.2590     0.2030    96.5943 3.6470e+01 1.8038e+03    237.174    17.2520    37.2254    27.1624 0.0000e+00
     42.000    17.0941     0.2048    96.5725 3.5184e+01 1.8040e+03    237.342    17.0870    37.2476    27.2195 0.0000e+00
     43.000    16.9508     0.2099    96.5660 3.3306e+01 1.8053e+03    238.177    16.9436    37.2456    27.2528 0.0000e+00
     44.000    16.8601     0.2030    96.4680 3.1704e+01 1.8080e+03    239.135    16.8528    37.2555    27.2822 0.0000e+00
     45.000    16.8012     0.2050    96.4960 2.9994e+01 1.8067e+03    239.999    16.7938    37.2789    27.3143 0.0000e+00
     46.000    16.7188     0.2072    96.5312 2.8242e+01 1.8106e+03    238.374    16.7112    37.2809    27.3356 0.0000e+00
     47.000    16.4071     0.2093    96.5339 2.6955e+01 1.8170e+03    237.526    16.3994    37.2451    27.3822 0.0000e+00
     48.000    16.0952     0.2098    96.4861 2.5343e+01 1.8181e+03    238.580    16.0874    37.2229    27.4384 0.0000e+00
     49.000    15.9968     0.2173    96.4827 2.3963e+01 1.8224e+03    238.921    15.9890    37.2659    27.4945 0.0000e+00
     50.000    15.7877     0.2249    96.0697 2.2431e+01 1.8261e+03    241.185    15.7798    37.3013    27.5703 0.0000e+00
     51.000    15.7786     0.2206    96.3069 2.1130e+01 1.8268e+03    240.205    15.7705    37.3440    27.6053 0.0000e+00
     52.000    15.7791     0.2213    96.4790 1.9717e+01 1.8272e+03    240.246    15.7708    37.3815    27.6342 0.0000e+00
     53.000    15.7737     0.2220    96.5423 1.8384e+01 1.8299e+03    240.100    15.7653    37.4033    27.6522 0.0000e+00
     54.000    15.7332     0.2165    96.5475 1.7404e+01 1.8338e+03    238.783    15.7246    37.4225    27.6764 0.0000e+00
     55.000    15.6296     0.2277    96.3607 1.6249e+01 1.8350e+03    238.239    15.6209    37.4216    27.6996 0.0000e+00
     56.000    15.5010     0.2363    95.9773 1.5328e+01 1.8385e+03    238.948    15.4922    37.4255    27.7322 0.0000e+00
     57.000    15.4427     0.2404    95.9047 1.4310e+01 1.8375e+03    238.488    15.4337    37.4317    27.7502 0.0000e+00
     58.000    15.3732     0.2458    95.4282 1.3306e+01 1.8381e+03    238.520    15.3641    37.4416    27.7738 0.0000e+00
     59.000    15.3519     0.2599    95.2874 1.2405e+01 1.8427e+03    237.185    15.3427    37.4574    27.7908 0.0000e+00
     60.000    15.3709     0.2652    95.3346 1.1457e+01 1.8427e+03    236.982    15.3615    37.4822    27.8057 0.0000e+00
     61.000    15.3809     0.2658    95.4821 1.0596e+01 1.8487e+03    235.524    15.3714    37.5045    27.8206 0.0000e+00
     62.000    15.3570     0.2591    95.7485 9.7876e+00 1.8505e+03    233.562    15.3473    37.5261    27.8427 0.0000e+00
     63.000    15.3046     0.2625    95.6583 9.0324e+00 1.8552e+03    232.464    15.2947    37.5411    27.8663 0.0000e+00
     64.000    15.2291     0.2709    95.6359 8.4622e+00 1.8563e+03    229.449    15.2191    37.5518    27.8917 0.0000e+00
     65.000    15.1384     0.2866    95.3486 7.7679e+00 1.8562e+03    228.370    15.1284    37.5572    27.9164 0.0000e+00
     66.000    15.1066     0.2998    95.2574 7.1979e+00 1.8568e+03    227.934    15.0964    37.5639    27.9288 0.0000e+00
     67.000    15.0940     0.3098    95.2547 6.5954e+00 1.8566e+03    226.517    15.0836    37.5716    27.9376 0.0000e+00
     68.000    15.0595     0.3266    94.9371 6.0168e+00 1.8556e+03    225.306    15.0490    37.5895    27.9591 0.0000e+00
     69.000    15.0326     0.3550    94.4591 5.4794e+00 1.8527e+03    224.125    15.0219    37.6098    27.9809 0.0000e+00
     70.000    15.0055     0.3843    93.3466 4.9912e+00 1.8472e+03    222.214    14.9947    37.6328    28.0048 0.0000e+00
     71.000    14.9931     0.4655    93.4154 4.4748e+00 1.8506e+03    221.188    14.9822    37.6460    28.0178 0.0000e+00
     72.000    14.9888     0.4910    92.9523 3.9804e+00 1.8448e+03    220.624    14.9777    37.6515    28.0231 0.0000e+00
     73.000    14.9830     0.4937    93.0126 3.4848e+00 1.8435e+03    219.808    14.9718    37.6586    28.0299 0.0000e+00
     74.000    14.9638     0.5253    93.1203 3.0608e+00 1.8463e+03    218.638    14.9524    37.6668    28.0406 0.0000e+00
     75.000    14.9486     0.5061    93.3129 2.6672e+00 1.8416e+03    217.064    14.9370    37.6760    28.0511 0.0000e+00
     76.000    14.9212     0.5272    93.4770 2.3390e+00 1.8424e+03    214.843    14.9095    37.6925    28.0700 0.0000e+00
     77.000    14.8954     0.5083    93.3800 2.0430e+00 1.8423e+03    213.051    14.8836    37.7078    28.0876 0.0000e+00
     78.000    14.8470     0.5481    93.7158 1.8026e+00 1.8433e+03    207.504    14.8350    37.7299    28.1155 0.0000e+00
     79.000    14.8215     0.7556    94.2538 1.5772e+00 1.8447e+03    205.218    14.8094    37.7428    28.1312 0.0000e+00
     80.000    14.7987     0.5554    94.7065 1.3776e+00 1.8441e+03    204.307    14.7865    37.7588    28.1487 0.0000e+00
     81.000    14.7810     0.5759    95.0113 1.2105e+00 1.8400e+03    204.055    14.7686    37.7743    28.1647 0.0000e+00
     82.000    14.7600     0.5460    95.4597 1.0624e+00 1.8388e+03    202.696    14.7475    37.7900    28.1815 0.0000e+00
     83.000    14.7330     0.4248    95.8908 9.4593e-01 1.8402e+03    206.952    14.7203    37.8123    28.2048 0.0000e+00
     84.000    14.7189     0.5132    96.1069 8.5228e-01 1.8368e+03    210.662    14.7061    37.8300    28.2216 0.0000e+00
     85.000    14.7009     0.3835    96.4782 7.7242e-01 1.8358e+03    212.229    14.6879    37.8381    28.2319 0.0000e+00
     86.000    14.6832     0.3738    96.4880 7.0615e-01 1.8331e+03    206.084    14.6701    37.8481    28.2436 0.0000e+00
     87.000    14.6676     0.3416    96.2892 6.4566e-01 1.8318e+03    200.992    14.6543    37.8592    28.2557 0.0000e+00
     88.000    14.6537     0.3564    96.4165 5.9781e-01 1.8294e+03    208.026    14.6403    37.8714    28.2682 0.0000e+00
     89.000    14.6436     0.3469    96.4403 5.5204e-01 1.8312e+03    212.706    14.6301    37.8940    28.2880 0.0000e+00
     90.000    14.6613     0.3228    96.7731 5.0426e-01 1.8301e+03    213.673    14.6476    37.9195    28.3038 0.0000e+00
     91.000    14.6136     0.3267    96.8309 4.6430e-01 1.8316e+03    208.750    14.5998    37.9219    28.3162 0.0000e+00
     92.000    14.5729     0.3013    96.8356 4.2847e-01 1.8344e+03    208.857    14.5590    37.9406    28.3397 0.0000e+00
     93.000    14.5423     0.3006    96.8288 3.9813e-01 1.8343e+03    208.615    14.5283    37.9610    28.3622 0.0000e+00
     94.000    14.5071     0.3224    96.6511 3.6761e-01 1.8377e+03    207.368    14.4929    37.9705    28.3774 0.0000e+00
     95.000    14.4760     0.3047    96.6715 3.3931e-01 1.8385e+03    205.864    14.4616    37.9791    28.3910 0.0000e+00
     96.000    14.4526     0.2967    96.9524 3.0954e-01 1.8387e+03    205.359    14.4381    37.9858    28.4013 0.0000e+00
     97.000    14.4493     0.2923    96.9758 2.8402e-01 1.8391e+03    204.613    14.4347    37.9899    28.4052 0.0000e+00
     98.000    14.4448     0.2881    97.1467 2.6587e-01 1.8425e+03    205.395    14.4300    37.9918    28.4078 0.0000e+00
     99.000    14.4253     0.2957    97.1545 2.4739e-01 1.8397e+03    206.126    14.4104    37.9979    28.4168 0.0000e+00
    100.000    14.4074     0.2840    97.2405 2.2741e-01 1.8442e+03    206.239    14.3924    38.0053    28.4265 0.0000e+00
    101.000    14.3960     0.2705    97.2800 2.1122e-01 1.8492e+03    205.906    14.3807    38.0126    28.4347 0.0000e+00
    102.000    14.3924     0.2734    97.2766 2.0179e-01 1.8498e+03    205.858    14.3770    38.0207    28.4418 0.0000e+00
    103.000    14.3921     0.2674    97.3218 1.8798e-01 1.8544e+03    206.197    14.3766    38.0264    28.4462 0.0000e+00
    104.000    14.3743     0.2662    97.2826 1.7534e-01 1.8528e+03    204.778    14.3586    38.0355    28.4572 0.0000e+00
    105.000    14.3643     0.2701    97.3541 1.6237e-01 1.8548e+03    203.743    14.3485    38.0428    28.4651 0.0000e+00
    106.000    14.3526     0.2636    97.3977 1.5349e-01 1.8532e+03    203.324    14.3366    38.0511    28.4742 0.0000e+00
    107.000    14.3410     0.2566    97.2391 1.4422e-01 1.8507e+03    202.865    14.3250    38.0570    28.4813 0.0000e+00
    108.000    14.3179     0.2520    97.3281 1.3663e-01 1.8514e+03    201.571    14.3016    38.0648    28.4924 0.0000e+00
    109.000    14.2890     0.2494    97.2048 1.2738e-01 1.8455e+03    199.954    14.2726    38.0738    28.5057 0.0000e+00
    110.000    14.2680     0.2412    97.4001 1.1806e-01 1.8419e+03    199.448    14.2515    38.0843    28.5185 0.0000e+00
    111.000    14.2543     0.2414    97.5619 1.0989e-01 1.8393e+03    199.232    14.2377    38.1008    28.5342 0.0000e+00
    112.000    14.2308     0.2332    97.5773 1.0422e-01 1.8387e+03    198.783    14.2140    38.1072    28.5444 0.0000e+00
    113.000    14.2130     0.2294    97.6582 9.4952e-02 1.8358e+03    198.937    14.1960    38.1115    28.5516 0.0000e+00
    114.000    14.1970     0.2253    97.6811 8.8791e-02 1.8307e+03    199.460    14.1799    38.1131    28.5564 0.0000e+00
    115.000    14.1845     0.2172    97.6988 8.5278e-02 1.8303e+03    199.078    14.1673    38.1177    28.5627 0.0000e+00
    116.000    14.1796     0.2202    97.7224 8.0180e-02 1.8308e+03    198.285    14.1623    38.1194    28.5651 0.0000e+00
    117.000    14.1681     0.2210    97.7150 7.3100e-02 1.8246e+03    197.362    14.1506    38.1246    28.5717 0.0000e+00
    118.000    14.1510     0.2234    97.7271 7.0171e-02 1.8196e+03    196.326    14.1334    38.1309    28.5803 0.0000e+00
    119.000    14.1228     0.2165    97.7599 6.4995e-02 1.8178e+03    195.165    14.1050    38.1360    28.5904 0.0000e+00
    120.000    14.1060     0.2063    97.7909 5.7453e-02 1.8157e+03    194.363    14.0882    38.1399    28.5971 0.0000e+00
    121.000    14.0951     0.2044    97.8026 5.6706e-02 1.8126e+03    194.023    14.0771    38.1488    28.6064 0.0000e+00
    122.000    14.0844     0.2086    97.8116 5.4935e-02 1.8090e+03    194.103    14.0663    38.1545    28.6131 0.0000e+00
    123.000    14.0766     0.2125    97.8154 4.9582e-02 1.8076e+03    193.851    14.0583    38.1573    28.6171 0.0000e+00
    124.000    14.0672     0.2030    97.8205 4.6949e-02 1.8119e+03    193.192    14.0487    38.1613    28.6222 0.0000e+00
    125.000    14.0552     0.2069    97.8204 4.4686e-02 1.8141e+03    193.836    14.0366    38.1684    28.6304 0.0000e+00
    126.000    14.0565     0.2023    97.8118 4.0573e-02 1.8104e+03    195.542    14.0378    38.1743    28.6346 0.0000e+00
    127.000    14.0404     0.2080    97.8294 3.8496e-02 1.8111e+03    195.982    14.0215    38.1773    28.6405 0.0000e+00
    128.000    14.0293     0.2042    97.8315 3.5443e-02 1.8085e+03    195.863    14.0103    38.1816    28.6462 0.0000e+00
    129.000    14.0166     0.1999    97.8675 3.2506e-02 1.8020e+03    195.580    13.9975    38.1880    28.6540 0.0000e+00
    130.000    14.0057     0.2079    97.8601 3.0754e-02 1.7957e+03    193.894    13.9864    38.1963    28.6628 0.0000e+00
    131.000    13.9927     0.2006    97.8765 2.7860e-02 1.7883e+03    193.540    13.9732    38.1996    28.6682 0.0000e+00
