Data/ruptures/PEACETIME/FAST/PEACETIME_FAST_CTD_082.cnv
* Sea-Bird SBE 9 Data File:
* FileName = C:\CTD\rawCTD\PEACETIME_FAST_CTD_082.hdr
* Software Version Seasave V 7.23.2
* Temperature SN = 1378
* Conductivity SN = 2929
* Number of Bytes Per Scan = 38
* Number of Voltage Words = 5
* Number of Scans Averaged by the Deck Unit = 1
* NMEA Latitude = 37 56.79 N
* NMEA Longitude = 002 55.00 E
* NMEA UTC (Time) = Jun 07 2017  04:09:51
* NMEA baud rate = 4800
** Cruise:   PEACETIME
** Station:   FAST_CTD_082
# nquan = 11
# nvalues = 2819                        
# units = specified
# name 0 = prDM: Pressure, Digiquartz [db]
# name 1 = t090C: Temperature [ITS-90, deg C]
# name 2 = flC: Fluorescence, Chelsea Aqua 3 Chl Con [ug/l]
# name 3 = CStarTr0: Beam Transmission, WET Labs C-Star [%]
# name 4 = par: PAR/Irradiance, Biospherical/Licor
# name 5 = spar: SPAR/Surface Irradiance
# name 6 = sbeox0Mm/Kg: Oxygen, SBE 43 [umol/kg]
# name 7 = potemp090C: Potential Temperature [ITS-90, deg C]
# name 8 = sal00: Salinity, Practical [PSU]
# name 9 = sigma-é00: Density [sigma-theta, kg/m^3]
# name 10 = flag:
# span 0 =      1.000,   2819.000       
# span 1 =    13.1234,    21.6408       
# span 2 =     0.1756,     0.5795       
# span 3 =    93.1335,    98.2594       
# span 4 = -7.240e-06, 1.4908e+00       
# span 5 = 6.6536e+00, 7.1989e+02       
# span 6 =    151.928,    241.034       
# span 7 =    12.9040,    21.6398       
# span 8 =    37.0412,    38.5940       
# span 9 =    25.8959,    29.1159       
# span 10 = 0.0000e+00, 0.0000e+00      
# interval = decibars: 1                
# start_time = Jun 07 2017 04:12:11 [NMEA time, first data scan]
# bad_flag = -9.990e-29
*END*
[from data line 394]
    395.000    13.5777     0.1875    98.1614 9.4775e-05 2.2293e+01    152.658    13.5195    38.5925    29.0700 0.0000e+00
    396.000    13.5728     0.1938    98.1614 1.7763e-06 2.0724e+01    152.879    13.5145    38.5915    29.0703 0.0000e+00
    397.000    13.5716     0.1994    98.1605 1.9119e-06 2.4712e+01    152.164    13.5132    38.5912    29.0703 0.0000e+00
    398.000    13.5707     0.1956    98.1633 3.9753e-06 1.9301e+01    152.531    13.5121    38.5912    29.0705 0.0000e+00
    399.000    13.5704     0.1905    98.1549 2.0478e-06 1.7290e+01    152.529    13.5116    38.5911    29.0706 0.0000e+00
    400.000    13.5706     0.1937    98.1553 -1.570e-09 2.0213e+01    152.700    13.5117    38.5914    29.0707 0.0000e+00
    401.000    13.5707     0.1949    98.1614 1.0000e-12 2.0977e+01    153.197    13.5117    38.5917    29.0710 0.0000e+00
    402.000    13.5698     0.1923    98.1614 1.0000e-12 1.9982e+01    153.129    13.5106    38.5918    29.0713 0.0000e+00
    403.000    13.5689     0.1836    98.1614 1.0000e-12 2.0529e+01    152.730    13.5095    38.5917    29.0715 0.0000e+00
    404.000    13.5682     0.1885    98.1614 1.0000e-12 1.9960e+01    152.418    13.5087    38.5920    29.0719 0.0000e+00
    405.000    13.5666     0.1924 -9.990e-29 -9.990e-29 2.0966e+01    153.111    13.5070    38.5919    29.0721 0.0000e+00
    406.000    13.5663     0.1840 -9.990e-29 -9.990e-29 1.8063e+01    153.249    13.5065    38.5924    29.0727 0.0000e+00
    407.000    13.5665     0.1806    98.1654 -9.990e-29 2.1635e+01    152.829    13.5066    38.5929    29.0730 0.0000e+00
    408.000    13.5662     0.1819    98.1606 -9.990e-29 1.8095e+01    153.224    13.5062    38.5931    29.0732 0.0000e+00
    409.000    13.5655     0.1819    98.1657 -9.990e-29 1.8367e+01    153.340    13.5052    38.5930    29.0734 0.0000e+00
    410.000    13.5641     0.1868    98.1670 1.0000e-12 2.0130e+01    153.024    13.5037    38.5928    29.0736 0.0000e+00
    411.000    13.5632     0.1890    98.1613 1.0058e-05 1.8625e+01    153.066    13.5027    38.5927    29.0737 0.0000e+00
    412.000    13.5632     0.1868    98.1614 -6.985e-08 2.4532e+01    153.540    13.5026    38.5929    29.0739 0.0000e+00
    413.000    13.5630     0.1898    98.1614 1.0000e-12 2.0346e+01    153.342    13.5022    38.5931    29.0741 0.0000e+00
    414.000    13.5621     0.1887    98.1614 1.0000e-12 2.0347e+01    152.954    13.5011    38.5931    29.0744 0.0000e+00
    415.000    13.5603     0.1903    98.1614 1.0000e-12 1.9362e+01    153.380    13.4993    38.5928    29.0745 0.0000e+00
    416.000    13.5590     0.1855    98.1614 7.2102e-06 2.2312e+01    153.298    13.4978    38.5925    29.0746 0.0000e+00
    417.000    13.5594     0.1879    98.1614 4.9136e-04 1.9016e+01    153.430    13.4980    38.5926    29.0746 0.0000e+00
    418.000    13.5577     0.1940    98.1614 5.5687e-04 2.3121e+01    153.117    13.4962    38.5928    29.0752 0.0000e+00
    419.000    13.5574     0.1896    98.1614 2.9698e-04 2.1569e+01    153.063    13.4957    38.5932    29.0756 0.0000e+00
    420.000    13.5569     0.1918    98.1624 2.6445e-04 2.0401e+01    153.422    13.4950    38.5934    29.0758 0.0000e+00
    421.000    13.5559     0.1926    98.1655 2.6470e-04 2.0623e+01    153.668    13.4939    38.5933    29.0760 0.0000e+00
    422.000    13.5553     0.1886    98.1632 1.6097e-03 2.0627e+01    153.474    13.4932    38.5932    29.0761 0.0000e+00
    423.000    13.5550     0.1924    98.1586 3.8243e-04 2.2749e+01    153.190    13.4927    38.5931    29.0762 0.0000e+00
    424.000    13.5549     0.1888    98.1534 1.5271e-03 2.1631e+01    153.094    13.4924    38.5932    29.0762 0.0000e+00
    425.000    13.5545     0.1888    98.1673 1.5706e-03 2.2235e+01    153.274    13.4920    38.5931    29.0763 0.0000e+00
    426.000    13.5547     0.1861    98.1666 1.0046e-03 2.0355e+01    153.364    13.4919    38.5937    29.0767 0.0000e+00
    427.000    13.5525     0.1895    98.1539 6.7920e-04 2.4351e+01    153.619    13.4896    38.5934    29.0770 0.0000e+00
    428.000    13.5518     0.1906    98.1631 1.5258e-03 2.3627e+01    153.463    13.4888    38.5936    29.0773 0.0000e+00
    429.000    13.5513     0.1892    98.1664 1.0556e-03 2.2397e+01    153.320    13.4881    38.5940    29.0778 0.0000e+00
    430.000    13.5509     0.1892    98.1675 2.7162e-04 2.3849e+01    153.438    13.4876    38.5939    29.0778 0.0000e+00
    431.000    13.5510     0.1933    98.1614 4.3388e-04 2.3077e+01    153.257    13.4876    38.5939    29.0779 0.0000e+00
    432.000    13.5509     0.1923    98.1614 1.8328e-03 2.1257e+01    153.001    13.4873    38.5939    29.0779 0.0000e+00
    433.000    13.5501     0.1921    98.1614 7.5532e-04 2.3971e+01    152.981    13.4864    38.5940    29.0782 0.0000e+00
    434.000    13.5495     0.1948    98.1614 1.1741e-03 2.1920e+01    153.164    13.4856    38.5940    29.0783 0.0000e+00
    435.000    13.5494     0.1948    98.1623 2.4741e-03 2.2375e+01    152.901    13.4853    38.5939    29.0783 0.0000e+00
    436.000    13.5493     0.1909    98.1528 9.7169e-05 2.4854e+01    152.929    13.4851    38.5940    29.0785 0.0000e+00
    437.000    13.5477     0.1906    98.1641 1.6622e-04 2.0180e+01    153.688    13.4833    38.5939    29.0787 0.0000e+00
    438.000    13.5464     0.1860    98.1561 1.3667e-04 2.2943e+01    153.778    13.4819    38.5938    29.0790 0.0000e+00
    439.000    13.5456     0.1876    98.1614 6.6488e-04 1.9532e+01    153.633    13.4810    38.5937    29.0791 0.0000e+00
    440.000    13.5449     0.1918    98.1623 4.8910e-04 2.0148e+01    153.535    13.4801    38.5937    29.0793 0.0000e+00
    441.000    13.5444     0.1921    98.1673 4.3871e-04 2.3900e+01    153.414    13.4795    38.5937    29.0794 0.0000e+00
    442.000    13.5435     0.1930    98.1631 7.2423e-04 2.4658e+01    153.316    13.4784    38.5936    29.0796 0.0000e+00
    443.000    13.5407     0.1907    98.1623 1.5752e-04 2.7481e+01    153.584    13.4754    38.5934    29.0800 0.0000e+00
    444.000    13.5367     0.1884    98.1623 5.1887e-05 2.1878e+01    153.908    13.4714    38.5929    29.0805 0.0000e+00
    445.000    13.5347     0.1871    98.1667 1.0739e-03 2.3965e+01    154.327    13.4692    38.5926    29.0807 0.0000e+00
    446.000    13.5328     0.1831    98.1670 1.8310e-03 2.4092e+01    154.205    13.4672    38.5921    29.0808 0.0000e+00
    447.000    13.5292     0.1877    98.1615 4.3972e-04 2.4918e+01    153.767    13.4635    38.5913    29.0810 0.0000e+00
    448.000    13.5265     0.1878    98.1614 5.4422e-04 2.4596e+01    153.623    13.4605    38.5909    29.0812 0.0000e+00
    449.000    13.5223     0.1898    98.1614 1.2512e-03 2.1951e+01    154.081    13.4562    38.5898    29.0813 0.0000e+00
    450.000    13.5169     0.1872    98.1614 4.8553e-04 2.4973e+01    153.546    13.4507    38.5889    29.0818 0.0000e+00
    451.000    13.5184     0.1902    98.1614 1.2791e-03 2.3054e+01    153.536    13.4521    38.5892    29.0817 0.0000e+00
    452.000    13.5174     0.1825 -9.990e-29 1.5382e-04 2.9396e+01    153.843    13.4509    38.5888    29.0817 0.0000e+00
    453.000    13.5165     0.1878 -9.990e-29 5.5812e-04 2.5205e+01    153.896    13.4499    38.5887    29.0818 0.0000e+00
    454.000    13.5140     0.1908 -9.990e-29 7.4592e-05 2.1780e+01    153.756    13.4473    38.5884    29.0822 0.0000e+00
    455.000    13.5097     0.1917 -9.990e-29 3.1215e-04 2.1794e+01    154.004    13.4427    38.5880    29.0827 0.0000e+00
    456.000    13.5096     0.1909 -9.990e-29 2.6453e-04 2.0482e+01    154.444    13.4426    38.5883    29.0831 0.0000e+00
    457.000    13.5108     0.1941 -9.990e-29 1.7194e-03 2.1699e+01    154.414    13.4436    38.5887    29.0832 0.0000e+00
    458.000    13.5106     0.1945    98.1522 1.4470e-03 2.0414e+01    154.400    13.4432    38.5887    29.0832 0.0000e+00
    459.000    13.5102     0.1957    98.1567 1.5260e-03 2.0320e+01    154.263    13.4427    38.5887    29.0834 0.0000e+00
    460.000    13.5092     0.1943    98.1614 1.4190e-03 2.1837e+01    154.096    13.4415    38.5885    29.0834 0.0000e+00
    461.000    13.5074     0.1913    98.1682 2.7757e-03 2.3321e+01    154.014    13.4396    38.5880    29.0835 0.0000e+00
    462.000    13.5053     0.1915 -9.990e-29 7.8254e-04 2.3261e+01    154.298    13.4374    38.5877    29.0837 0.0000e+00
    463.000    13.5046     0.1952 -9.990e-29 1.0704e-03 2.4784e+01    154.123    13.4365    38.5875    29.0837 0.0000e+00
    464.000    13.5049     0.1919 -9.990e-29 1.1178e-03 2.4383e+01    153.991    13.4367    38.5877    29.0838 0.0000e+00
    465.000    13.5028     0.1873    98.1651 2.8863e-03 2.2806e+01    154.363    13.4345    38.5869    29.0837 0.0000e+00
    466.000    13.4969     0.1889    98.1552 9.2910e-04 2.5151e+01    154.648    13.4284    38.5856    29.0840 0.0000e+00
    467.000    13.4927     0.1928    98.1528 2.3714e-03 2.5664e+01    154.347    13.4241    38.5847    29.0842 0.0000e+00
    468.000    13.4887     0.1918    98.0647 3.3010e-03 2.5527e+01    154.394    13.4199    38.5837    29.0843 0.0000e+00
    469.000    13.4846     0.1826    98.1617 1.7920e-03 2.6916e+01    154.605    13.4156    38.5829    29.0846 0.0000e+00
    470.000    13.4829     0.1853    98.1614 6.8237e-04 1.8881e+01    154.680    13.4138    38.5827    29.0848 0.0000e+00
    471.000    13.4802     0.1881    98.1614 7.9123e-04 2.6700e+01    154.790    13.4109    38.5822    29.0850 0.0000e+00
    472.000    13.4796     0.1836    98.1614 9.8954e-04 2.6362e+01    154.753    13.4102    38.5821    29.0851 0.0000e+00
    473.000    13.4779     0.1901    98.1614 1.1492e-03 2.4128e+01    154.866    13.4084    38.5816    29.0851 0.0000e+00
    474.000    13.4736     0.1890    98.1614 2.1654e-03 2.6629e+01    154.729    13.4039    38.5810    29.0855 0.0000e+00
    475.000    13.4701     0.1837    98.1614 2.5150e-03 2.7038e+01    154.326    13.4003    38.5804    29.0859 0.0000e+00
    476.000    13.4682     0.1854    98.1577 4.2223e-03 2.3764e+01    154.306    13.3983    38.5801    29.0861 0.0000e+00
    477.000    13.4658     0.1856    98.1516 9.1221e-04 2.1610e+01    154.653    13.3957    38.5797    29.0863 0.0000e+00
    478.000    13.4640     0.1846    98.1498 2.6869e-03 2.4178e+01    154.887    13.3938    38.5792    29.0863 0.0000e+00
    479.000    13.4610     0.1880    98.1533 1.6728e-03 2.7090e+01    154.783    13.3906    38.5788    29.0867 0.0000e+00
    480.000    13.4594     0.1860    98.1562 9.9586e-04 2.4577e+01    154.751    13.3889    38.5786    29.0869 0.0000e+00
    481.000    13.4592     0.1815    97.9852 1.4422e-03 2.2226e+01    154.995    13.3886    38.5785    29.0869 0.0000e+00
    482.000    13.4581     0.1863    98.1454 2.4509e-03 2.5810e+01    154.687    13.3874    38.5783    29.0870 0.0000e+00
    483.000    13.4568     0.1889    98.1380 2.5763e-03 2.3024e+01    154.682    13.3858    38.5780    29.0870 0.0000e+00
    484.000    13.4532     0.1848    98.1441 2.1159e-03 2.8209e+01    154.978    13.3822    38.5772    29.0872 0.0000e+00
    485.000    13.4499     0.1885    98.1483 3.8817e-03 2.2457e+01    155.100    13.3787    38.5767    29.0875 0.0000e+00
    486.000    13.4474     0.1808    98.1501 1.8676e-03 2.3556e+01    155.376    13.3760    38.5763    29.0879 0.0000e+00
    487.000    13.4455     0.1870    98.1425 1.3658e-03 2.5117e+01    155.451    13.3741    38.5760    29.0880 0.0000e+00
    488.000    13.4452     0.1845    98.1476 9.3958e-04 2.7262e+01    155.655    13.3736    38.5762    29.0883 0.0000e+00
    489.000    13.4457     0.1896    98.1475 2.6872e-03 2.7459e+01    155.574    13.3739    38.5764    29.0883 0.0000e+00
    490.000    13.4461     0.1948    98.1503 1.9264e-03 2.4494e+01    155.486    13.3741    38.5765    29.0884 0.0000e+00
    491.000    13.4465     0.1900    98.1524 1.5873e-03 2.6455e+01    155.210    13.3744    38.5766    29.0884 0.0000e+00
    492.000    13.4467     0.1890    98.1471 6.4232e-04 2.9689e+01    154.991    13.3745    38.5768    29.0885 0.0000e+00
    493.000    13.4470     0.1970    98.1505 4.2455e-04 2.7695e+01    155.118    13.3747    38.5768    29.0885 0.0000e+00
    494.000    13.4472     0.1876    98.1484 3.8360e-04 2.3741e+01    155.512    13.3747    38.5767    29.0884 0.0000e+00
    495.000    13.4469     0.1831    98.1465 1.1556e-03 2.5921e+01    155.288    13.3742    38.5769    29.0886 0.0000e+00
    496.000    13.4466     0.1911    98.1444 8.9788e-04 2.6684e+01    155.140    13.3737    38.5770    29.0888 0.0000e+00
    497.000    13.4464     0.1944    98.1507 1.0599e-03 2.4993e+01    155.421    13.3734    38.5769    29.0889 0.0000e+00
    498.000    13.4461     0.1887    98.1513 3.0961e-04 2.7262e+01    156.108    13.3730    38.5770    29.0890 0.0000e+00
    499.000    13.4460     0.1865    98.1390 2.1663e-04 2.5052e+01    156.012    13.3728    38.5769    29.0890 0.0000e+00
    500.000    13.4455     0.1858    98.1470 7.8677e-04 2.7460e+01    155.956    13.3721    38.5768    29.0890 0.0000e+00
    501.000    13.4426     0.1896    98.1506 5.8937e-04 2.8533e+01    155.855    13.3690    38.5760    29.0891 0.0000e+00
    502.000    13.4401     0.1878    98.1470 1.8888e-04 2.7684e+01    155.743    13.3664    38.5758    29.0894 0.0000e+00
    503.000    13.4397     0.1896    98.1443 5.5767e-04 2.7746e+01    155.812    13.3659    38.5756    29.0894 0.0000e+00
    504.000    13.4389     0.1917    98.1475 2.1918e-03 3.1588e+01    155.933    13.3649    38.5752    29.0894 0.0000e+00
    505.000    13.4359     0.1872    98.1450 1.8810e-03 2.7514e+01    155.936    13.3618    38.5747    29.0896 0.0000e+00
    506.000    13.4327     0.1820    98.1337 2.1918e-03 2.8466e+01    156.263    13.3584    38.5741    29.0898 0.0000e+00
    507.000    13.4313     0.1786    98.1505 9.7923e-04 2.3351e+01    156.288    13.3569    38.5738    29.0899 0.0000e+00
    508.000    13.4299     0.1814    98.1480 3.1056e-04 2.6734e+01    156.251    13.3553    38.5735    29.0900 0.0000e+00
    509.000    13.4283     0.1838    98.1449 2.6609e-04 2.7806e+01    156.152    13.3536    38.5731    29.0901 0.0000e+00
    510.000    13.4276     0.1876    98.1507 2.9529e-04 2.7859e+01    156.340    13.3528    38.5730    29.0902 0.0000e+00
    511.000    13.4276     0.1912    98.1515 1.5014e-03 3.0766e+01    156.252    13.3526    38.5729    29.0901 0.0000e+00
    512.000    13.4268     0.1910    98.1515 6.6496e-04 2.7017e+01    155.739    13.3516    38.5728    29.0903 0.0000e+00
    513.000    13.4260     0.1844    98.1412 1.0159e-04 2.8060e+01    155.465    13.3507    38.5726    29.0903 0.0000e+00
    514.000    13.4217     0.1888    98.1488 7.9407e-04 2.5897e+01    155.761    13.3463    38.5716    29.0905 0.0000e+00
    515.000    13.4210     0.1883    98.1435 7.2150e-04 2.8857e+01    156.353    13.3455    38.5717    29.0907 0.0000e+00
    516.000    13.4212     0.1909    98.1471 1.0587e-03 3.1276e+01    156.615    13.3455    38.5719    29.0909 0.0000e+00
    517.000    13.4198     0.1948    98.1449 6.2532e-04 2.7219e+01    156.191    13.3440    38.5715    29.0909 0.0000e+00
    518.000    13.4186     0.1935    98.1525 1.2849e-04 3.1200e+01    156.131    13.3426    38.5712    29.0909 0.0000e+00
    519.000    13.4156     0.1938    98.1493 7.0999e-04 2.5343e+01    156.325    13.3394    38.5707    29.0912 0.0000e+00
    520.000    13.4131     0.1894    98.1462 1.0581e-03 2.7237e+01    156.711    13.3368    38.5701    29.0913 0.0000e+00
    521.000    13.4087     0.1951    98.1423 1.2123e-03 2.5018e+01    156.811    13.3322    38.5694    29.0917 0.0000e+00
    522.000    13.4055     0.1931    98.1452 3.1477e-03 2.5611e+01    156.715    13.3289    38.5689    29.0920 0.0000e+00
    523.000    13.4038     0.1890    98.1444 2.8852e-03 2.7872e+01    156.416    13.3271    38.5687    29.0923 0.0000e+00
    524.000    13.4025     0.1916    98.1449 2.5590e-03 3.0481e+01    156.858    13.3257    38.5683    29.0922 0.0000e+00
