Data/ruptures/PEACETIME/FAST/PEACETIME_FAST_CTD_059.cnv
* Sea-Bird SBE 9 Data File:
* FileName = C:\CTD\rawCTD\PEACETIME_FAST_CTD_059.hdr
* Software Version Seasave V 7.23.2
* Temperature SN = 1378
* Conductivity SN = 2929
* Number of Bytes Per Scan = 38
* Number of Voltage Words = 5
* Number of Scans Averaged by the Deck Unit = 1
* NMEA Latitude = 37 56.82 N
* NMEA Longitude = 002 54.92 E
* NMEA UTC (Time) = Jun 03 2017  08:01:52
* NMEA baud rate = 4800
** Cruise:   PEACETIME
** Station:   FAST_CTD_059
# nquan = 11
# nvalues = 2499                        
# units = specified
# name 0 = prDM: Pressure, Digiquartz [db]
# name 1 = t090C: Temperature [ITS-90, deg C]
# name 2 = flC: Fluorescence, Chelsea Aqua 3 Chl Con [ug/l]
# name 3 = CStarTr0: Beam Transmission, WET Labs C-Star [%]
# name 4 = par: PAR/Irradiance, Biospherical/Licor
# name 5 = spar: SPAR/Surface Irradiance
# name 6 = sbeox0Mm/Kg: Oxygen, SBE 43 [umol/kg]
# name 7 = potemp090C: Potential Temperature [ITS-90, deg C]
# name 8 = sal00: Salinity, Practical [PSU]
# name 9 = sigma-é00: Density [sigma-theta, kg/m^3]
# name 10 = flag:
# span 0 =      3.000,   2501.000       
# span 1 =    13.1246,    21.0253       
# span 2 =     0.1751,     0.9015       
# span 3 =    96.0806,    98.4076       
# span 4 = -2.621e-05, 8.3730e+02       
# span 5 = 2.0187e+03, 2.1644e+03       
# span 6 =    151.951,    241.312       
# span 7 =    12.9039,    21.0237       
# span 8 =    37.0117,    38.5877       
# span 9 =    26.0499,    29.1159       
# span 10 = 0.0000e+00, 0.0000e+00      
# interval = decibars: 1                
# start_time = Jun 03 2017 08:03:46 [NMEA time, first data scan]
# bad_flag = -9.990e-29
*END*
[from data line 132]
    135.000    13.9307     0.1965    98.1476 3.0962e-01 2.0413e+03    197.425    13.9108    38.2079    28.6881 0.0000e+00
    136.000    13.9235     0.1964    98.1567 2.9421e-01 2.0414e+03    196.625    13.9034    38.2134    28.6939 0.0000e+00
    137.000    13.9185     0.1994    98.1605 2.8339e-01 2.0444e+03    196.320    13.8983    38.2175    28.6983 0.0000e+00
    138.000    13.9055     0.1895    98.1473 2.7365e-01 2.0414e+03    195.413    13.8852    38.2234    28.7057 0.0000e+00
    139.000    13.8953     0.1959    98.1576 2.6273e-01 2.0438e+03    193.818    13.8748    38.2311    28.7138 0.0000e+00
    140.000    13.8844     0.1974    98.1624 2.5153e-01 2.0461e+03    193.905    13.8637    38.2344    28.7188 0.0000e+00
    141.000    13.8764     0.1981    98.1667 2.3942e-01 2.0385e+03    194.493    13.8556    38.2372    28.7227 0.0000e+00
    142.000    13.8730     0.1934    98.1744 2.2928e-01 2.0469e+03    194.641    13.8520    38.2387    28.7246 0.0000e+00
    143.000    13.8661     0.1986    98.1780 2.1999e-01 2.0410e+03    194.651    13.8450    38.2415    28.7283 0.0000e+00
    144.000    13.8608     0.2011    98.1716 2.1161e-01 2.0484e+03    194.491    13.8395    38.2447    28.7320 0.0000e+00
    145.000    13.8577     0.2005    98.1892 2.0318e-01 2.0418e+03    194.024    13.8363    38.2463    28.7339 0.0000e+00
    146.000    13.8535     0.2021    98.1776 1.9711e-01 2.0428e+03    193.923    13.8319    38.2486    28.7366 0.0000e+00
    147.000    13.8443     0.1963    98.1931 1.8824e-01 2.0441e+03    193.950    13.8226    38.2533    28.7423 0.0000e+00
    148.000    13.8390     0.1930    98.1965 1.8414e-01 2.0457e+03    193.697    13.8171    38.2560    28.7455 0.0000e+00
    149.000    13.8323     0.1930    98.1827 1.7607e-01 2.0415e+03    192.633    13.8104    38.2595    28.7497 0.0000e+00
    150.000    13.8269     0.1938    98.1960 1.6743e-01 2.0420e+03    192.133    13.8048    38.2625    28.7532 0.0000e+00
    151.000    13.8239     0.1925    98.1894 1.6280e-01 2.0415e+03    192.302    13.8017    38.2640    28.7551 0.0000e+00
    152.000    13.8178     0.1903    98.1903 1.5364e-01 2.0411e+03    192.000    13.7954    38.2670    28.7587 0.0000e+00
    153.000    13.8153     0.1901    98.2010 1.4891e-01 2.0451e+03    192.181    13.7927    38.2681    28.7602 0.0000e+00
    154.000    13.8126     0.1967    98.2115 1.4269e-01 2.0439e+03    192.024    13.7899    38.2696    28.7619 0.0000e+00
    155.000    13.8105     0.1996    98.2049 1.3724e-01 2.0428e+03    191.817    13.7876    38.2705    28.7631 0.0000e+00
    156.000    13.8048     0.2000    98.2029 1.3228e-01 2.0468e+03    191.672    13.7818    38.2735    28.7667 0.0000e+00
    157.000    13.8004     0.1957    98.2051 1.2929e-01 2.0390e+03    191.439    13.7773    38.2756    28.7693 0.0000e+00
    158.000    13.7983     0.1925    98.2087 1.2499e-01 2.0439e+03    191.506    13.7750    38.2767    28.7706 0.0000e+00
    159.000    13.7947     0.1873    98.1912 1.1929e-01 2.0412e+03    190.983    13.7713    38.2786    28.7729 0.0000e+00
    160.000    13.7889     0.1896    98.1875 1.1286e-01 2.0407e+03    190.450    13.7654    38.2816    28.7765 0.0000e+00
    161.000    13.7800     0.1911    98.2067 1.0962e-01 2.0387e+03    190.767    13.7564    38.2858    28.7817 0.0000e+00
    162.000    13.7754     0.1905    98.2035 1.0540e-01 2.0409e+03    190.601    13.7516    38.2879    28.7843 0.0000e+00
    163.000    13.7725     0.1874    98.2087 1.0242e-01 2.0452e+03    190.558    13.7486    38.2894    28.7861 0.0000e+00
    164.000    13.7694     0.1925    98.2016 9.6766e-02 2.0392e+03    190.200    13.7453    38.2911    28.7881 0.0000e+00
    165.000    13.7655     0.1915    98.2134 9.3849e-02 2.0455e+03    189.695    13.7412    38.2933    28.7907 0.0000e+00
    166.000    13.7624     0.1909    98.2135 9.1246e-02 2.0426e+03    189.900    13.7380    38.2950    28.7927 0.0000e+00
    167.000    13.7582     0.1948    98.2135 8.6632e-02 2.0437e+03    189.611    13.7336    38.2973    28.7955 0.0000e+00
    168.000    13.7540     0.1969    98.2135 8.4521e-02 2.0447e+03    189.079    13.7293    38.2998    28.7983 0.0000e+00
    169.000    13.7454     0.1941    98.2135 7.8005e-02 2.0444e+03    188.238    13.7206    38.3047    28.8039 0.0000e+00
    170.000    13.7381     0.1954    98.2135 7.4638e-02 2.0397e+03    188.045    13.7131    38.3083    28.8083 0.0000e+00
    171.000    13.7365     0.1971    98.2135 7.3539e-02 2.0396e+03    188.018    13.7113    38.3092    28.8094 0.0000e+00
    172.000    13.7354     0.1888    98.2185 7.0623e-02 2.0451e+03    187.890    13.7101    38.3098    28.8102 0.0000e+00
    173.000    13.7333     0.1838    98.2024 6.9704e-02 2.0444e+03    188.055    13.7079    38.3109    28.8115 0.0000e+00
    174.000    13.7297     0.1858    98.1989 6.5233e-02 2.0470e+03    187.822    13.7041    38.3128    28.8138 0.0000e+00
    175.000    13.7261     0.1936    98.2196 6.3042e-02 2.0448e+03    187.392    13.7004    38.3148    28.8161 0.0000e+00
    176.000    13.7199     0.1968    98.2164 6.1490e-02 2.0420e+03    187.022    13.6941    38.3181    28.8200 0.0000e+00
    177.000    13.7167     0.1951    98.2166 5.9191e-02 2.0385e+03    186.827    13.6908    38.3198    28.8221 0.0000e+00
    178.000    13.7147     0.1972    98.1946 5.7084e-02 2.0434e+03    186.484    13.6886    38.3210    28.8234 0.0000e+00
    179.000    13.7118     0.1928    98.2057 5.0362e-02 2.0418e+03    186.536    13.6856    38.3228    28.8255 0.0000e+00
    180.000    13.7087     0.1953    98.2135 4.8876e-02 2.0424e+03    186.535    13.6823    38.3250    28.8279 0.0000e+00
    181.000    13.7049     0.1949    98.2206 4.6278e-02 2.0362e+03    186.248    13.6783    38.3291    28.8320 0.0000e+00
    182.000    13.7006     0.1924    98.2255 4.5212e-02 2.0442e+03    185.949    13.6738    38.3328    28.8357 0.0000e+00
    183.000    13.7003     0.1937    98.2259 4.2920e-02 2.0412e+03    185.426    13.6734    38.3340    28.8368 0.0000e+00
    184.000    13.7010     0.1949    98.2254 4.2605e-02 2.0419e+03    185.012    13.6740    38.3351    28.8375 0.0000e+00
    185.000    13.7017     0.1886    98.2334 4.1826e-02 2.0401e+03    184.680    13.6746    38.3356    28.8378 0.0000e+00
    186.000    13.7025     0.1913    98.2238 4.0587e-02 2.0394e+03    184.829    13.6752    38.3361    28.8380 0.0000e+00
    187.000    13.7025     0.1930    98.2287 3.9481e-02 2.0380e+03    184.713    13.6750    38.3372    28.8389 0.0000e+00
    188.000    13.6995     0.1953    98.2137 3.7159e-02 2.0432e+03    183.984    13.6719    38.3397    28.8415 0.0000e+00
    189.000    13.6987     0.1964    98.2231 3.3861e-02 2.0420e+03    183.481    13.6710    38.3412    28.8429 0.0000e+00
    190.000    13.6976     0.1893    98.2193 3.3192e-02 2.0394e+03    183.708    13.6697    38.3426    28.8442 0.0000e+00
    191.000    13.6920     0.1896    98.2250 3.3249e-02 2.0359e+03    183.191    13.6640    38.3482    28.8498 0.0000e+00
    192.000    13.6855     0.1907    98.2309 3.2247e-02 2.0403e+03    182.375    13.6574    38.3558    28.8571 0.0000e+00
    193.000    13.6850     0.1893    98.2373 2.9348e-02 2.0361e+03    181.707    13.6567    38.3566    28.8579 0.0000e+00
    194.000    13.6843     0.1931    98.2302 2.9970e-02 2.0450e+03    180.965    13.6559    38.3583    28.8593 0.0000e+00
    195.000    13.6838     0.1924    98.2343 2.7681e-02 2.0442e+03    180.562    13.6552    38.3611    28.8617 0.0000e+00
    196.000    13.6846     0.1908    98.2405 2.4958e-02 2.0452e+03    180.515    13.6559    38.3651    28.8646 0.0000e+00
    197.000    13.6853     0.1897    98.2395 2.3176e-02 2.0448e+03    180.337    13.6564    38.3674    28.8663 0.0000e+00
    198.000    13.6873     0.1911    98.2395 2.0639e-02 2.0431e+03    179.755    13.6582    38.3716    28.8692 0.0000e+00
    199.000    13.6882     0.1948    98.2395 2.0288e-02 2.0461e+03    179.495    13.6590    38.3747    28.8714 0.0000e+00
    200.000    13.6899     0.1977    98.2456 1.8700e-02 2.0441e+03    179.243    13.6605    38.3783    28.8738 0.0000e+00
    201.000    13.6918     0.1934    98.2455 1.7592e-02 2.0504e+03    178.669    13.6623    38.3811    28.8757 0.0000e+00
    202.000    13.6945     0.1861    98.2453 1.7207e-02 2.0487e+03    178.081    13.6649    38.3850    28.8781 0.0000e+00
    203.000    13.6959     0.1896    98.2468 1.5738e-02 2.0463e+03    177.817    13.6661    38.3879    28.8801 0.0000e+00
    204.000    13.6943     0.1920    98.2246 1.6081e-02 2.0504e+03    177.942    13.6644    38.3934    28.8847 0.0000e+00
    205.000    13.6945     0.1926    98.2297 1.3937e-02 2.0507e+03    177.732    13.6644    38.3965    28.8872 0.0000e+00
    206.000    13.6927     0.1904    98.2437 1.2721e-02 2.0486e+03    177.553    13.6624    38.4000    28.8902 0.0000e+00
    207.000    13.6893     0.1909    98.2584 1.4817e-02 2.0449e+03    177.321    13.6589    38.4032    28.8935 0.0000e+00
    208.000    13.6840     0.1913    98.2612 1.3401e-02 2.0466e+03    176.709    13.6535    38.4046    28.8958 0.0000e+00
    209.000    13.6755     0.1841    98.2633 1.2105e-02 2.0461e+03    175.919    13.6448    38.4055    28.8983 0.0000e+00
    210.000    13.6640     0.1839    98.2394 1.2146e-02 2.0490e+03    175.146    13.6332    38.4047    28.9002 0.0000e+00
    211.000    13.6562     0.1842    98.2486 1.1123e-02 2.0507e+03    174.792    13.6253    38.4048    28.9019 0.0000e+00
    212.000    13.6506     0.1862    98.2509 1.4659e-02 2.0478e+03    175.307    13.6195    38.4053    28.9035 0.0000e+00
    213.000    13.6567     0.1882    98.2620 9.8400e-03 2.0449e+03    175.868    13.6254    38.4110    28.9067 0.0000e+00
    214.000    13.6615     0.1903    98.2490 9.7578e-03 2.0525e+03    176.314    13.6301    38.4147    28.9086 0.0000e+00
    215.000    13.6598     0.1820    98.2655 7.9216e-03 2.0478e+03    176.119    13.6283    38.4185    28.9119 0.0000e+00
    216.000    13.6548     0.1812    98.2583 9.8864e-03 2.0461e+03    174.733    13.6231    38.4203    28.9144 0.0000e+00
    217.000    13.6479     0.1869 -9.990e-29 7.8545e-03 2.0518e+03    173.479    13.6161    38.4214    28.9167 0.0000e+00
    218.000    13.6444     0.1853 -9.990e-29 7.4460e-03 2.0482e+03    171.732    13.6125    38.4233    28.9190 0.0000e+00
    219.000    13.6443     0.1891 -9.990e-29 8.9023e-03 2.0464e+03    170.948    13.6122    38.4261    28.9212 0.0000e+00
    220.000    13.6430     0.1913 -9.990e-29 5.1110e-03 2.0491e+03    170.887    13.6108    38.4316    28.9258 0.0000e+00
    221.000    13.6505     0.1884 -9.990e-29 3.9279e-03 2.0457e+03    169.594    13.6181    38.4379    28.9292 0.0000e+00
    222.000    13.6519     0.1871 -9.990e-29 4.3580e-03 2.0476e+03    168.919    13.6193    38.4399    28.9304 0.0000e+00
    223.000    13.6412     0.1918 -9.990e-29 5.9150e-03 2.0468e+03    168.490    13.6085    38.4390    28.9320 0.0000e+00
    224.000    13.6488     0.1915    98.2735 4.4334e-03 2.0526e+03    167.669    13.6160    38.4454    28.9354 0.0000e+00
    225.000    13.6555     0.1971    98.2751 5.1442e-03 2.0487e+03    167.113    13.6225    38.4497    28.9373 0.0000e+00
    226.000    13.6545     0.1960    98.2774 5.7488e-03 2.0468e+03    166.794    13.6213    38.4506    28.9383 0.0000e+00
    227.000    13.6538     0.1895    98.2773 3.8560e-03 2.0524e+03    166.174    13.6205    38.4516    28.9392 0.0000e+00
    228.000    13.6553     0.1879    98.2734 2.2317e-03 2.0498e+03    165.694    13.6218    38.4543    28.9410 0.0000e+00
    229.000    13.6566     0.1902    98.2789 3.0162e-03 2.0502e+03    166.048    13.6230    38.4560    28.9421 0.0000e+00
    230.000    13.6558     0.1924    98.2758 2.9734e-03 2.0513e+03    166.267    13.6221    38.4572    28.9432 0.0000e+00
    231.000    13.6555     0.1936    98.2780 2.1334e-03 2.0473e+03    166.036    13.6216    38.4590    28.9447 0.0000e+00
    232.000    13.6573     0.1809    98.2870 1.8796e-03 2.0443e+03    165.741    13.6232    38.4624    28.9470 0.0000e+00
    233.000    13.6591     0.1823    98.2825 2.3282e-03 2.0513e+03    165.525    13.6249    38.4651    28.9487 0.0000e+00
    234.000    13.6606     0.1841    98.2790 3.2310e-04 2.0481e+03    165.234    13.6263    38.4666    28.9496 0.0000e+00
    235.000    13.6600     0.1858    98.2825 6.1956e-04 2.0441e+03    165.073    13.6254    38.4682    28.9510 0.0000e+00
    236.000    13.6592     0.1882    98.2769 1.2079e-03 2.0491e+03    164.791    13.6246    38.4696    28.9523 0.0000e+00
    237.000    13.6580     0.1903    98.2828 9.5240e-04 2.0477e+03    164.708    13.6232    38.4712    28.9538 0.0000e+00
    238.000    13.6566     0.1854    98.2852 3.0591e-04 2.0455e+03    164.502    13.6216    38.4725    28.9552 0.0000e+00
    239.000    13.6543     0.1856    98.2872 4.1110e-04 2.0495e+03    164.462    13.6192    38.4737    28.9566 0.0000e+00
    240.000    13.6521     0.1874    98.2872 9.1329e-05 2.0496e+03    164.367    13.6169    38.4747    28.9579 0.0000e+00
    241.000    13.6498     0.1822    98.2861 8.1612e-04 2.0525e+03    164.230    13.6144    38.4748    28.9585 0.0000e+00
    242.000    13.6479     0.1795    98.2839 4.9896e-04 2.0475e+03    164.166    13.6124    38.4751    28.9592 0.0000e+00
    243.000    13.6421     0.1871    98.2758 1.4205e-03 2.0494e+03    164.544    13.6065    38.4759    28.9611 0.0000e+00
    244.000    13.6348     0.1899    98.2833 -2.621e-05 2.0500e+03    164.778    13.5990    38.4764    28.9631 0.0000e+00
    245.000    13.6283     0.1867    98.2807 1.7432e-04 2.0484e+03    164.004    13.5923    38.4770    28.9649 0.0000e+00
    246.000    13.6272     0.1846    98.2858 3.0932e-07 2.0513e+03    163.795    13.5911    38.4782    28.9661 0.0000e+00
    247.000    13.6268     0.1859    98.2785 1.1581e-04 2.0522e+03    164.228    13.5905    38.4783    28.9663 0.0000e+00
    248.000    13.6259     0.1865    98.2805 2.1530e-07 2.0517e+03    163.992    13.5896    38.4784    28.9666 0.0000e+00
    249.000    13.6253     0.1862    98.2821 -9.990e-29 2.0471e+03    163.912    13.5888    38.4791    28.9673 0.0000e+00
    250.000    13.6248     0.1845    98.2839 -9.990e-29 2.0492e+03    163.705    13.5881    38.4795    28.9677 0.0000e+00
    251.000    13.6256     0.1834    98.2904 -9.990e-29 2.0547e+03    163.527    13.5888    38.4803    28.9682 0.0000e+00
    252.000    13.6308     0.1881    98.2874 1.0000e-12 2.0519e+03    163.043    13.5939    38.4834    28.9695 0.0000e+00
    253.000    13.6325     0.1885    98.2829 2.0660e-05 2.0495e+03    162.833    13.5953    38.4852    28.9707 0.0000e+00
    254.000    13.6307     0.1874    98.2863 5.7690e-04 2.0476e+03    162.520    13.5934    38.4854    28.9711 0.0000e+00
    255.000    13.6267     0.1841    98.2839 1.1380e-03 2.0471e+03    162.446    13.5893    38.4856    28.9722 0.0000e+00
    256.000    13.6250     0.1792    98.2796 3.3949e-04 2.0490e+03    162.193    13.5874    38.4860    28.9730 0.0000e+00
    257.000    13.6244     0.1789    98.2839 3.2647e-04 2.0483e+03    162.173    13.5867    38.4861    28.9732 0.0000e+00
    258.000    13.6233     0.1786    98.2871 5.6421e-04 2.0530e+03    162.147    13.5854    38.4866    28.9738 0.0000e+00
    259.000    13.6204     0.1836    98.2776 1.6015e-03 2.0515e+03    161.986    13.5824    38.4884    28.9759 0.0000e+00
    260.000    13.6157     0.1855    98.2882 1.8671e-04 2.0503e+03    161.762    13.5775    38.4894    28.9777 0.0000e+00
    261.000    13.6117     0.1872    98.2855 9.3883e-05 2.0470e+03    161.380    13.5734    38.4896    28.9787 0.0000e+00
    262.000    13.6085     0.1900    98.2861 7.5365e-04 2.0512e+03    161.320    13.5700    38.4897    28.9795 0.0000e+00
    263.000    13.6071     0.1870    98.2828 2.9065e-04 2.0464e+03    161.342    13.5685    38.4898    28.9799 0.0000e+00
    264.000    13.6051     0.1842    98.2807 6.5637e-06 2.0520e+03    161.510    13.5663    38.4906    28.9810 0.0000e+00
