Data/ruptures/PEACETIME/FAST/PEACETIME_FAST_CTD_075.cnv
* Sea-Bird SBE 9 Data File:
* FileName = C:\CTD\rawCTD\PEACETIME_FAST_CTD_075.hdr
* Software Version Seasave V 7.23.2
* Temperature SN = 1378
* Conductivity SN = 2929
* Number of Bytes Per Scan = 38
* Number of Voltage Words = 5
* Number of Scans Averaged by the Deck Unit = 1
* NMEA Latitude = 37 56.79 N
* NMEA Longitude = 002 55.01 E
* NMEA UTC (Time) = Jun 06 2017  04:37:41
* NMEA baud rate = 4800
** Cruise:   PEACETIME
** Station:   FAST_CTD_075
# nquan = 11
# nvalues = 2822                        
# units = specified
# name 0 = prDM: Pressure, Digiquartz [db]
# name 1 = t090C: Temperature [ITS-90, deg C]
# name 2 = flC: Fluorescence, Chelsea Aqua 3 Chl Con [ug/l]
# name 3 = CStarTr0: Beam Transmission, WET Labs C-Star [%]
# name 4 = par: PAR/Irradiance, Biospherical/Licor
# name 5 = spar: SPAR/Surface Irradiance
# name 6 = sbeox0Mm/Kg: Oxygen, SBE 43 [umol/kg]
# name 7 = potemp090C: Potential Temperature [ITS-90, deg C]
# name 8 = sal00: Salinity, Practical [PSU]
# name 9 = sigma-é00: Density [sigma-theta, kg/m^3]
# name 10 = flag:
# span 0 =      2.000,   2823.000       
# span 1 =    13.1244,    21.3350       
# span 2 =     0.1702,     0.3354       
# span 3 =    95.4736,    98.3430       
# span 4 = -9.482e-06, 1.5477e+01       
# span 5 = 6.3399e+01, 1.2977e+03       
# span 6 =    152.508,    238.807       
# span 7 =    12.9040,    21.3333       
# span 8 =    36.9983,    38.5923       
# span 9 =    25.9798,    29.1161       
# span 10 = 0.0000e+00, 0.0000e+00      
# interval = decibars: 1                
# start_time = Jun 06 2017 04:38:39 [NMEA time, first data scan]
# bad_flag = -9.990e-29
*END*
[from data line 1050]
   1052.000    13.1455     0.1821 -9.990e-29 2.2042e-04 6.5155e+02    169.845    12.9905    38.4970    29.1071 0.0000e+00
   1053.000    13.1456     0.1835 -9.990e-29 7.9513e-05 6.5112e+02    170.129    12.9904    38.4970    29.1071 0.0000e+00
   1054.000    13.1457     0.1841 -9.990e-29 1.8870e-05 6.5431e+02    170.591    12.9904    38.4970    29.1071 0.0000e+00
   1055.000    13.1458     0.1891 -9.990e-29 7.6909e-06 6.6068e+02    170.114    12.9904    38.4970    29.1071 0.0000e+00
   1056.000    13.1460     0.1930 -9.990e-29 2.2406e-06 6.5820e+02    170.186    12.9904    38.4969    29.1071 0.0000e+00
   1057.000    13.1462     0.1875 -9.990e-29 3.1693e-08 6.5450e+02    169.973    12.9904    38.4970    29.1071 0.0000e+00
   1058.000    13.1463     0.1857 -9.990e-29 1.0000e-12 6.5414e+02    169.828    12.9904    38.4971    29.1072 0.0000e+00
   1059.000    13.1463     0.1779 -9.990e-29 -9.990e-29 6.6357e+02    170.261    12.9902    38.4970    29.1072 0.0000e+00
   1060.000    13.1465     0.1796 -9.990e-29 -9.990e-29 6.7007e+02    170.399    12.9902    38.4970    29.1071 0.0000e+00
   1061.000    13.1466     0.1818 -9.990e-29 -9.990e-29 6.6758e+02    170.246    12.9902    38.4970    29.1072 0.0000e+00
   1062.000    13.1468     0.1780 -9.990e-29 1.0000e-12 6.6569e+02    170.064    12.9902    38.4970    29.1071 0.0000e+00
   1063.000    13.1470     0.1846 -9.990e-29 1.0000e-12 6.5676e+02    170.356    12.9903    38.4968    29.1070 0.0000e+00
   1064.000    13.1471     0.1885 -9.990e-29 1.0000e-12 6.6868e+02    170.428    12.9902    38.4969    29.1071 0.0000e+00
   1065.000    13.1472     0.1838 -9.990e-29 1.0000e-12 6.6826e+02    170.480    12.9902    38.4968    29.1070 0.0000e+00
   1066.000    13.1473     0.1820 -9.990e-29 1.0000e-12 6.6461e+02    170.579    12.9902    38.4969    29.1071 0.0000e+00
   1067.000    13.1475     0.1766 -9.990e-29 -9.990e-29 6.6982e+02    170.547    12.9902    38.4969    29.1071 0.0000e+00
   1068.000    13.1475     0.1826 -9.990e-29 -9.990e-29 6.6670e+02    170.305    12.9900    38.4969    29.1071 0.0000e+00
   1069.000    13.1476     0.1833 -9.990e-29 6.7650e-04 6.6659e+02    170.285    12.9900    38.4969    29.1072 0.0000e+00
   1070.000    13.1478     0.1796 -9.990e-29 1.6310e-04 6.7147e+02    170.494    12.9900    38.4968    29.1071 0.0000e+00
   1071.000    13.1479     0.1835 -9.990e-29 4.3381e-04 6.7388e+02    170.646    12.9900    38.4969    29.1071 0.0000e+00
   1072.000    13.1479     0.1901 -9.990e-29 2.2506e-04 6.7046e+02    170.530    12.9898    38.4968    29.1071 0.0000e+00
   1073.000    13.1479     0.1869 -9.990e-29 3.3483e-04 6.7357e+02    170.010    12.9897    38.4968    29.1071 0.0000e+00
   1074.000    13.1481     0.1853 -9.990e-29 5.3461e-04 6.7689e+02    170.222    12.9897    38.4968    29.1071 0.0000e+00
   1075.000    13.1484     0.1907 -9.990e-29 6.5261e-05 6.8172e+02    170.436    12.9898    38.4968    29.1071 0.0000e+00
   1076.000    13.1485     0.1824 -9.990e-29 2.5753e-04 6.7690e+02    170.348    12.9898    38.4968    29.1071 0.0000e+00
   1077.000    13.1486     0.1799 -9.990e-29 7.1725e-04 6.7417e+02    170.302    12.9898    38.4968    29.1071 0.0000e+00
   1078.000    13.1487     0.1832 -9.990e-29 1.9991e-04 6.7459e+02    170.208    12.9897    38.4968    29.1071 0.0000e+00
   1079.000    13.1489     0.1813 -9.990e-29 -6.224e-06 6.8179e+02    169.824    12.9897    38.4967    29.1070 0.0000e+00
   1080.000    13.1490     0.1851 -9.990e-29 5.2153e-06 6.8330e+02    170.020    12.9897    38.4968    29.1071 0.0000e+00
   1081.000    13.1492     0.1830 -9.990e-29 1.2439e-04 6.8311e+02    170.270    12.9897    38.4969    29.1072 0.0000e+00
   1082.000    13.1493     0.1814 -9.990e-29 2.0386e-06 6.8076e+02    170.341    12.9896    38.4968    29.1071 0.0000e+00
   1083.000    13.1494     0.1831 -9.990e-29 1.0809e-04 6.6508e+02    169.915    12.9897    38.4969    29.1072 0.0000e+00
   1084.000    13.1497     0.1844 -9.990e-29 1.2649e-06 6.8129e+02    169.712    12.9897    38.4967    29.1070 0.0000e+00
   1085.000    13.1498     0.1836 -9.990e-29 1.1346e-04 6.8443e+02    169.953    12.9897    38.4967    29.1071 0.0000e+00
   1086.000    13.1500     0.1820 -9.990e-29 1.6800e-06 6.8587e+02    170.143    12.9897    38.4967    29.1070 0.0000e+00
   1087.000    13.1500     0.1818 -9.990e-29 9.0625e-05 6.8344e+02    170.071    12.9896    38.4968    29.1071 0.0000e+00
   1088.000    13.1501     0.1854 -9.990e-29 4.1837e-04 6.8463e+02    170.074    12.9896    38.4968    29.1071 0.0000e+00
   1089.000    13.1504     0.1836 -9.990e-29 9.8535e-05 6.8574e+02    170.198    12.9896    38.4968    29.1071 0.0000e+00
   1090.000    13.1505     0.1853 -9.990e-29 3.2036e-04 6.9063e+02    170.103    12.9897    38.4969    29.1071 0.0000e+00
   1091.000    13.1507     0.1861 -9.990e-29 8.6293e-04 6.8465e+02    170.179    12.9897    38.4968    29.1071 0.0000e+00
   1092.000    13.1508     0.1815 -9.990e-29 7.2390e-04 6.8308e+02    170.432    12.9896    38.4968    29.1071 0.0000e+00
   1093.000    13.1509     0.1819 -9.990e-29 1.1151e-03 6.8596e+02    170.512    12.9896    38.4967    29.1071 0.0000e+00
   1094.000    13.1510     0.1856 -9.990e-29 2.7949e-04 6.8855e+02    170.594    12.9895    38.4967    29.1071 0.0000e+00
   1095.000    13.1511     0.1805 -9.990e-29 2.2301e-04 6.9257e+02    170.329    12.9895    38.4968    29.1071 0.0000e+00
   1096.000    13.1512     0.1817    98.2915 9.0184e-05 6.8945e+02    170.285    12.9895    38.4967    29.1071 0.0000e+00
   1097.000    13.1515     0.1802    98.2792 2.4891e-05 6.8999e+02    170.120    12.9895    38.4967    29.1071 0.0000e+00
   1098.000    13.1515     0.1809    98.2963 5.0995e-07 6.8936e+02    170.106    12.9894    38.4967    29.1071 0.0000e+00
   1099.000    13.1516     0.1806    98.2969 4.3051e-05 6.9073e+02    170.107    12.9894    38.4967    29.1071 0.0000e+00
   1100.000    13.1518     0.1809    98.2915 1.4937e-06 6.8861e+02    169.979    12.9894    38.4966    29.1070 0.0000e+00
   1101.000    13.1519     0.1798 -9.990e-29 9.7565e-05 6.9119e+02    170.161    12.9894    38.4966    29.1070 0.0000e+00
   1102.000    13.1520     0.1792 -9.990e-29 5.6306e-05 6.9529e+02    170.333    12.9893    38.4967    29.1071 0.0000e+00
   1103.000    13.1522     0.1803 -9.990e-29 7.9387e-05 6.9343e+02    170.638    12.9893    38.4968    29.1072 0.0000e+00
   1104.000    13.1523     0.1772 -9.990e-29 2.7384e-06 6.9074e+02    170.333    12.9893    38.4968    29.1072 0.0000e+00
   1105.000    13.1526     0.1868 -9.990e-29 8.4457e-10 6.9727e+02    170.253    12.9894    38.4967    29.1071 0.0000e+00
   1106.000    13.1527     0.1867 -9.990e-29 1.0000e-12 6.9523e+02    170.301    12.9894    38.4967    29.1071 0.0000e+00
   1107.000    13.1528     0.1867 -9.990e-29 1.0000e-12 6.9475e+02    170.390    12.9894    38.4967    29.1071 0.0000e+00
   1108.000    13.1529     0.1812 -9.990e-29 3.2411e-05 6.9594e+02    170.446    12.9893    38.4967    29.1071 0.0000e+00
   1109.000    13.1531     0.1805 -9.990e-29 -6.132e-07 6.9971e+02    170.395    12.9893    38.4967    29.1071 0.0000e+00
   1110.000    13.1530     0.1822 -9.990e-29 1.0000e-12 6.9881e+02    170.469    12.9891    38.4967    29.1072 0.0000e+00
   1111.000    13.1531     0.1832 -9.990e-29 4.1789e-06 6.9151e+02    170.299    12.9891    38.4966    29.1071 0.0000e+00
   1112.000    13.1531     0.1821 -9.990e-29 -9.990e-29 6.9773e+02    170.244    12.9889    38.4966    29.1072 0.0000e+00
   1113.000    13.1531     0.1826 -9.990e-29 -9.990e-29 6.9689e+02    170.564    12.9887    38.4965    29.1071 0.0000e+00
   1114.000    13.1532     0.1828 -9.990e-29 -9.990e-29 6.9719e+02    170.491    12.9886    38.4966    29.1071 0.0000e+00
   1115.000    13.1522     0.1875 -9.990e-29 5.1243e-05 7.0539e+02    170.389    12.9875    38.4963    29.1072 0.0000e+00
   1116.000    13.1507     0.1871 -9.990e-29 2.2186e-07 7.0079e+02    170.517    12.9859    38.4959    29.1072 0.0000e+00
   1117.000    13.1505     0.1823 -9.990e-29 8.0544e-06 6.9661e+02    170.294    12.9855    38.4957    29.1071 0.0000e+00
   1118.000    13.1495     0.1805 -9.990e-29 3.0076e-05 6.9896e+02    170.126    12.9844    38.4954    29.1071 0.0000e+00
   1119.000    13.1488     0.1791    98.2974 1.3818e-07 6.9769e+02    170.714    12.9835    38.4951    29.1071 0.0000e+00
   1120.000    13.1471     0.1822    98.2775 1.5172e-05 7.0056e+02    170.893    12.9817    38.4946    29.1071 0.0000e+00
   1121.000    13.1453     0.1870    98.2964 2.8795e-07 7.0124e+02    170.353    12.9797    38.4943    29.1072 0.0000e+00
   1122.000    13.1449     0.1850    98.3004 7.1987e-05 7.0007e+02    170.283    12.9792    38.4941    29.1072 0.0000e+00
   1123.000    13.1445     0.1812 -9.990e-29 4.7387e-04 7.0518e+02    170.715    12.9786    38.4941    29.1073 0.0000e+00
   1124.000    13.1438     0.1816 -9.990e-29 1.5271e-04 7.0569e+02    170.995    12.9778    38.4938    29.1072 0.0000e+00
   1125.000    13.1431     0.1820 -9.990e-29 -1.265e-07 7.0437e+02    170.907    12.9769    38.4937    29.1074 0.0000e+00
   1126.000    13.1426     0.1841 -9.990e-29 9.4971e-05 6.9929e+02    170.954    12.9763    38.4935    29.1073 0.0000e+00
   1127.000    13.1427     0.1810 -9.990e-29 8.3150e-05 7.0232e+02    170.910    12.9763    38.4934    29.1073 0.0000e+00
   1128.000    13.1425     0.1860 -9.990e-29 8.6368e-05 7.0474e+02    171.131    12.9759    38.4933    29.1072 0.0000e+00
   1129.000    13.1423     0.1833 -9.990e-29 2.9221e-04 7.0342e+02    170.942    12.9756    38.4933    29.1073 0.0000e+00
   1130.000    13.1421     0.1859    98.2937 1.6941e-04 7.0644e+02    171.021    12.9752    38.4933    29.1074 0.0000e+00
   1131.000    13.1419     0.1850    98.3040 1.4001e-04 7.1176e+02    171.363    12.9749    38.4930    29.1072 0.0000e+00
   1132.000    13.1402     0.1811    98.2973 2.8547e-04 7.1168e+02    171.453    12.9730    38.4926    29.1073 0.0000e+00
   1133.000    13.1386     0.1862    98.2946 3.2881e-04 7.0757e+02    171.337    12.9713    38.4921    29.1073 0.0000e+00
   1134.000    13.1383     0.1887    98.2945 7.2053e-04 7.0654e+02    171.084    12.9708    38.4921    29.1074 0.0000e+00
   1135.000    13.1377     0.1862    98.3019 9.9115e-05 7.1455e+02    171.099    12.9701    38.4920    29.1074 0.0000e+00
   1136.000    13.1369     0.1864    98.2990 4.2797e-04 7.1598e+02    171.404    12.9691    38.4917    29.1074 0.0000e+00
   1137.000    13.1371     0.1787    98.3056 1.7813e-04 7.1394e+02    171.301    12.9691    38.4916    29.1073 0.0000e+00
   1138.000    13.1367     0.1776    98.2928 2.3189e-04 7.1485e+02    171.023    12.9686    38.4917    29.1075 0.0000e+00
   1139.000    13.1356     0.1828    98.2962 2.6458e-04 7.1741e+02    171.292    12.9674    38.4913    29.1075 0.0000e+00
   1140.000    13.1351     0.1844    98.2990 1.1620e-05 7.1894e+02    171.446    12.9667    38.4912    29.1075 0.0000e+00
   1141.000    13.1345     0.1845    98.3043 1.7802e-04 7.1756e+02    171.483    12.9660    38.4909    29.1075 0.0000e+00
   1142.000    13.1339     0.1857    98.3083 2.0277e-04 7.1520e+02    171.506    12.9652    38.4907    29.1075 0.0000e+00
   1143.000    13.1316     0.1859    98.2977 2.2657e-05 7.1290e+02    171.857    12.9628    38.4902    29.1076 0.0000e+00
   1144.000    13.1305     0.1819    98.2967 6.0106e-05 7.1279e+02    172.065    12.9616    38.4899    29.1076 0.0000e+00
   1145.000    13.1305     0.1865    98.2961 3.3215e-04 7.1529e+02    172.042    12.9614    38.4900    29.1077 0.0000e+00
   1146.000    13.1301     0.1843    98.3038 1.5928e-04 7.1346e+02    171.846    12.9609    38.4896    29.1075 0.0000e+00
   1147.000    13.1291     0.1832    98.3053 7.2948e-04 7.1586e+02    171.688    12.9597    38.4894    29.1076 0.0000e+00
   1148.000    13.1284     0.1826    98.3030 3.5008e-04 7.2025e+02    171.638    12.9589    38.4894    29.1078 0.0000e+00
   1149.000    13.1285     0.1838    98.2980 6.4565e-05 7.1628e+02    171.438    12.9588    38.4894    29.1078 0.0000e+00
   1150.000    13.1283     0.1851    98.2956 7.1303e-05 7.2053e+02    171.422    12.9584    38.4893    29.1078 0.0000e+00
   1151.000    13.1285     0.1883    98.3052 3.6110e-04 7.2290e+02    171.695    12.9585    38.4891    29.1076 0.0000e+00
   1152.000    13.1287     0.1872    98.3088 1.0730e-03 7.1798e+02    171.924    12.9585    38.4892    29.1077 0.0000e+00
   1153.000    13.1286     0.1868    98.3037 5.7097e-04 7.1541e+02    171.654    12.9583    38.4891    29.1077 0.0000e+00
   1154.000    13.1284     0.1796    98.3060 1.7092e-04 7.1897e+02    171.294    12.9579    38.4892    29.1078 0.0000e+00
   1155.000    13.1280     0.1761    98.3010 9.5944e-05 7.2204e+02    171.676    12.9574    38.4891    29.1078 0.0000e+00
   1156.000    13.1283     0.1775    98.3022 6.1575e-05 7.2122e+02    171.899    12.9575    38.4890    29.1077 0.0000e+00
   1157.000    13.1282     0.1783    98.3045 1.1254e-04 7.2224e+02    171.585    12.9573    38.4891    29.1078 0.0000e+00
   1158.000    13.1283     0.1803    98.3113 3.1020e-04 7.1850e+02    171.422    12.9572    38.4889    29.1077 0.0000e+00
   1159.000    13.1284     0.1874    98.3054 1.1074e-04 7.2010e+02    172.234    12.9572    38.4889    29.1077 0.0000e+00
   1160.000    13.1285     0.1869    98.2992 2.9791e-05 7.1986e+02    172.190    12.9571    38.4888    29.1077 0.0000e+00
   1161.000    13.1287     0.1833    98.3101 -3.786e-07 7.2162e+02    171.859    12.9571    38.4890    29.1078 0.0000e+00
   1162.000    13.1287     0.1812    98.3063 2.5161e-05 7.2004e+02    171.693    12.9570    38.4890    29.1078 0.0000e+00
   1163.000    13.1285     0.1826    98.3121 1.4606e-05 7.1638e+02    171.629    12.9567    38.4888    29.1078 0.0000e+00
   1164.000    13.1284     0.1841    98.3021 1.9683e-04 7.1918e+02    171.934    12.9564    38.4887    29.1078 0.0000e+00
   1165.000    13.1283     0.1908    98.3092 4.6922e-04 7.2380e+02    172.174    12.9561    38.4887    29.1078 0.0000e+00
   1166.000    13.1284     0.1862    98.3086 1.5118e-03 7.3333e+02    171.942    12.9561    38.4886    29.1077 0.0000e+00
   1167.000    13.1281     0.1859    98.2982 7.9741e-04 7.3824e+02    171.912    12.9557    38.4887    29.1079 0.0000e+00
   1168.000    13.1284     0.1844    98.2962 1.6830e-04 7.2498e+02    172.244    12.9558    38.4886    29.1078 0.0000e+00
   1169.000    13.1283     0.1814    98.3062 6.9847e-04 7.2922e+02    172.083    12.9556    38.4885    29.1078 0.0000e+00
   1170.000    13.1285     0.1828    98.2988 4.1742e-04 7.2775e+02    171.999    12.9556    38.4886    29.1078 0.0000e+00
   1171.000    13.1288     0.1802    98.2987 4.5949e-04 7.3017e+02    171.830    12.9558    38.4884    29.1077 0.0000e+00
   1172.000    13.1289     0.1864    98.3024 1.0836e-03 7.3151e+02    171.821    12.9556    38.4885    29.1077 0.0000e+00
   1173.000    13.1291     0.1840    98.2983 6.7478e-06 7.2678e+02    171.750    12.9558    38.4885    29.1077 0.0000e+00
   1174.000    13.1291     0.1837    98.3014 2.5647e-04 7.2745e+02    171.739    12.9556    38.4886    29.1078 0.0000e+00
   1175.000    13.1293     0.1791    98.3045 2.4691e-04 7.3457e+02    172.030    12.9556    38.4885    29.1077 0.0000e+00
   1176.000    13.1294     0.1846    98.3056 1.2371e-07 7.3698e+02    172.020    12.9555    38.4885    29.1077 0.0000e+00
   1177.000    13.1295     0.1776    98.3098 4.3073e-06 7.3696e+02    172.055    12.9555    38.4885    29.1078 0.0000e+00
   1178.000    13.1297     0.1784    98.3017 3.8157e-06 7.2783e+02    172.310    12.9555    38.4885    29.1078 0.0000e+00
   1179.000    13.1299     0.1757    98.3030 8.9257e-06 7.2673e+02    172.331    12.9556    38.4885    29.1077 0.0000e+00
   1180.000    13.1301     0.1734    98.2989 6.4448e-04 7.3091e+02    172.294    12.9557    38.4885    29.1077 0.0000e+00
   1181.000    13.1303     0.1781    98.3039 1.5201e-03 7.4011e+02    172.214    12.9557    38.4885    29.1077 0.0000e+00
