Data/ruptures/PEACETIME/FAST/PEACETIME_FAST_CTD_065.cnv
* Sea-Bird SBE 9 Data File:
* FileName = C:\CTD\rawCTD\PEACETIME_FAST_CTD_065.hdr
* Software Version Seasave V 7.23.2
* Temperature SN = 1378
* Conductivity SN = 2929
* Number of Bytes Per Scan = 38
* Number of Voltage Words = 5
* Number of Scans Averaged by the Deck Unit = 1
* NMEA Latitude = 37 56.81 N
* NMEA Longitude = 002 54.98 E
* NMEA UTC (Time) = Jun 05 2017  02:44:50
* NMEA baud rate = 4800
** Cruise:   PEACETIME
** Station:   FAST_CTD_065
# nquan = 11
# nvalues = 504                         
# units = specified
# name 0 = prDM: Pressure, Digiquartz [db]
# name 1 = t090C: Temperature [ITS-90, deg C]
# name 2 = flC: Fluorescence, Chelsea Aqua 3 Chl Con [ug/l]
# name 3 = CStarTr0: Beam Transmission, WET Labs C-Star [%]
# name 4 = par: PAR/Irradiance, Biospherical/Licor
# name 5 = spar: SPAR/Surface Irradiance
# name 6 = sbeox0Mm/Kg: Oxygen, SBE 43 [umol/kg]
# name 7 = potemp090C: Potential Temperature [ITS-90, deg C]
# name 8 = sal00: Salinity, Practical [PSU]
# name 9 = sigma-é00: Density [sigma-theta, kg/m^3]
# name 10 = flag:
# span 0 =      1.000,    504.000       
# span 1 =    13.4109,    21.3780       
# span 2 =     0.1820,     0.4758       
# span 3 =    94.1593,    98.2915       
# span 4 = -2.230e-05, 2.7320e-01       
# span 5 = 1.4284e+00, 5.3548e+00       
# span 6 =    152.497,    239.190       
# span 7 =    13.3370,    21.3778       
# span 8 =    36.9858,    38.5934       
# span 9 =    25.9477,    29.0912       
# span 10 = 0.0000e+00, 0.0000e+00      
# interval = decibars: 1                
# start_time = Jun 05 2017 02:44:51 [NMEA time, first data scan]
# bad_flag = -9.990e-29
*END*
      1.000    21.3780     0.3321    95.2157 2.7320e-01 1.4284e+00    211.108    21.3778    37.0486    25.9500 0.0000e+00
      2.000    21.3761     0.2247    96.8298 1.7189e-01 3.5847e+00    210.912    21.3757    37.0449    25.9477 0.0000e+00
      3.000    21.3575     0.2156    96.8120 1.6408e-01 3.3700e+00    211.096    21.3569    37.0484    25.9556 0.0000e+00
      4.000    21.3308     0.2126    96.9532 7.7519e-02 3.9150e+00    211.446    21.3300    37.0499    25.9642 0.0000e+00
      5.000    21.3262     0.2158    96.7678 6.1470e-02 3.8612e+00    210.614    21.3253    37.0492    25.9650 0.0000e+00
      6.000    21.3002     0.2119    96.9954 4.0310e-02 3.6196e+00    210.694    21.2990    37.0494    25.9725 0.0000e+00
      7.000    21.3221     0.2069    97.0024 2.3772e-02 2.6255e+00    210.795    21.3208    37.0494    25.9664 0.0000e+00
      8.000    21.3301     0.2026    97.0014 1.8152e-02 4.1519e+00    210.503    21.3285    37.0502    25.9648 0.0000e+00
      9.000    21.3354     0.2018    97.0155 1.8764e-02 4.2924e+00    210.232    21.3336    37.0490    25.9625 0.0000e+00
     10.000    21.2799     0.2087    97.0135 6.6714e-03 2.0655e+00    209.928    21.2780    37.0523    25.9805 0.0000e+00
     11.000    21.0419     0.2091    96.9963 2.2820e-03 2.6144e+00    210.720    21.0398    37.0505    26.0449 0.0000e+00
     12.000    20.8378     0.2113    96.9592 5.0338e-04 4.0617e+00    211.560    20.8355    37.0611    26.1090 0.0000e+00
     13.000    20.5527     0.2110    96.9588 1.8673e-04 4.8430e+00    213.148    20.5503    37.0615    26.1871 0.0000e+00
     14.000    20.4336     0.2087    96.9809 7.5038e-05 4.5805e+00    215.491    20.4309    37.0657    26.2227 0.0000e+00
     15.000    20.3973     0.2023    96.9661 -9.990e-29 3.5036e+00    215.760    20.3944    37.0734    26.2384 0.0000e+00
     16.000    20.3418     0.2080    97.0001 1.0000e-12 3.2837e+00    215.992    20.3388    37.0784    26.2572 0.0000e+00
     17.000    20.2941     0.2088    97.0174 1.0000e-12 3.5542e+00    215.422    20.2909    37.0829    26.2736 0.0000e+00
     18.000    19.8461     0.2098    96.9329 1.0000e-12 2.6373e+00    216.313    19.8428    37.0563    26.3728 0.0000e+00
     19.000    19.3535     0.2121    96.8712 1.0000e-12 2.4620e+00    221.919    19.3500    37.0424    26.4922 0.0000e+00
     20.000    19.2012     0.2118    96.8538 1.0000e-12 4.5820e+00    224.351    19.1976    37.0461    26.5348 0.0000e+00
     21.000    19.1185     0.2126    96.8386 1.0000e-12 2.5127e+00    224.980    19.1147    37.0367    26.5491 0.0000e+00
     22.000    18.9315     0.2075    96.8776 1.0000e-12 2.9941e+00    226.165    18.9275    37.0223    26.5865 0.0000e+00
     23.000    18.7458     0.2083    96.8696 1.0000e-12 3.6235e+00    228.571    18.7417    37.0121    26.6265 0.0000e+00
     24.000    18.6315     0.2145    96.8746 1.0000e-12 3.8028e+00    227.912    18.6273    37.0048    26.6501 0.0000e+00
     25.000    18.3284     0.2118    96.9185 1.0000e-12 3.0253e+00    229.588    18.3240    36.9858    26.7125 0.0000e+00
     26.000    18.1027     0.2105    96.9462 1.0000e-12 4.5436e+00    231.939    18.0982    37.0122    26.7896 0.0000e+00
     27.000    18.0070     0.2091    96.9707 1.0000e-12 2.4185e+00    232.969    18.0024    37.0213    26.8206 0.0000e+00
     28.000    17.9370     0.2162    97.0342 1.0000e-12 2.0046e+00    234.682    17.9321    37.0334    26.8474 0.0000e+00
     29.000    17.9427     0.2161    97.0632 1.0000e-12 3.2705e+00    234.349    17.9376    37.0497    26.8585 0.0000e+00
     30.000    17.9667     0.2147    97.0577 1.0000e-12 2.2827e+00    233.442    17.9615    37.0884    26.8823 0.0000e+00
     31.000    17.9492     0.2103    97.0452 1.0000e-12 2.5343e+00    232.982    17.9438    37.1118    26.9046 0.0000e+00
     32.000    17.8945     0.2070    97.0486 1.0000e-12 5.0436e+00    233.192    17.8889    37.1272    26.9301 0.0000e+00
     33.000    17.8949     0.2089    97.0304 1.0000e-12 5.3548e+00    233.803    17.8892    37.1496    26.9472 0.0000e+00
     34.000    17.8507     0.2168    97.0099 1.0000e-12 3.6352e+00    232.795    17.8448    37.1520    26.9601 0.0000e+00
     35.000    17.7846     0.2125    96.9744 1.0000e-12 3.3186e+00    233.119    17.7786    37.1599    26.9827 0.0000e+00
     36.000    17.6695     0.2107    96.9220 1.0000e-12 3.6940e+00    232.193    17.6633    37.1745    27.0224 0.0000e+00
     37.000    17.4322     0.2165    96.8892 1.0000e-12 3.2549e+00    232.989    17.4259    37.1584    27.0684 0.0000e+00
     38.000    17.2582     0.2168    96.8916 1.0000e-12 3.9734e+00    233.372    17.2518    37.1485    27.1034 0.0000e+00
     39.000    17.0394     0.2227    96.8760 1.0000e-12 3.5370e+00    236.839    17.0329    37.1898    27.1883 0.0000e+00
     40.000    17.0639     0.2230    96.8946 1.0000e-12 3.3507e+00    237.309    17.0572    37.2814    27.2528 0.0000e+00
     41.000    16.9570     0.2252    96.8459 1.0000e-12 2.3032e+00    237.844    16.9502    37.3150    27.3045 0.0000e+00
     42.000    16.8795     0.2210    96.8492 1.0000e-12 2.9845e+00    238.771    16.8726    37.3254    27.3311 0.0000e+00
     43.000    16.8288     0.2195    96.8835 1.0000e-12 4.9628e+00    237.850    16.8217    37.3308    27.3476 0.0000e+00
     44.000    16.6953     0.2248    96.8865 1.0000e-12 4.8415e+00    237.842    16.6881    37.3241    27.3744 0.0000e+00
     45.000    16.5554     0.2236    96.8997 1.0000e-12 2.4492e+00    236.770    16.5480    37.3330    27.4146 0.0000e+00
     46.000    16.2775     0.2204    96.8996 1.0000e-12 4.1640e+00    237.967    16.2700    37.3133    27.4652 0.0000e+00
     47.000    16.1658     0.2267    96.8772 1.0000e-12 3.6576e+00    238.912    16.1582    37.3371    27.5098 0.0000e+00
     48.000    16.0868     0.2314    96.8461 1.0000e-12 3.3933e+00    239.190    16.0790    37.3544    27.5417 0.0000e+00
     49.000    16.0561     0.2323    96.8397 1.0000e-12 4.0735e+00    238.893    16.0482    37.3610    27.5539 0.0000e+00
     50.000    15.9958     0.2343    96.8750 1.0000e-12 3.7293e+00    237.797    15.9878    37.3531    27.5619 0.0000e+00
     51.000    15.8660     0.2347    96.8836 1.0000e-12 2.9364e+00    238.088    15.8578    37.3624    27.5993 0.0000e+00
     52.000    15.8432     0.2332    96.9589 1.0000e-12 2.3955e+00    238.134    15.8349    37.3972    27.6314 0.0000e+00
     53.000    15.7771     0.2366    96.9386 1.0000e-12 4.2671e+00    237.787    15.7687    37.4112    27.6576 0.0000e+00
     54.000    15.7231     0.2303    96.9409 1.0000e-12 2.2521e+00    237.040    15.7146    37.4241    27.6800 0.0000e+00
     55.000    15.6638     0.2355    96.9262 1.0000e-12 3.4009e+00    235.126    15.6550    37.4468    27.7112 0.0000e+00
     56.000    15.6001     0.2399    96.8293 1.0000e-12 3.1215e+00    235.163    15.5913    37.4514    27.7294 0.0000e+00
     57.000    15.5463     0.2384    96.7491 1.0000e-12 3.2194e+00    235.326    15.5373    37.4553    27.7448 0.0000e+00
     58.000    15.4738     0.2521    96.4527 1.0000e-12 2.3040e+00    234.888    15.4646    37.4645    27.7685 0.0000e+00
     59.000    15.3935     0.2656    96.1639 1.0000e-12 3.1283e+00    234.668    15.3843    37.4672    27.7889 0.0000e+00
     60.000    15.3596     0.2736    96.0199 1.0000e-12 3.6980e+00    234.097    15.3503    37.4931    27.8167 0.0000e+00
     61.000    15.3679     0.2798    96.0918 1.0000e-12 4.5319e+00    234.042    15.3584    37.5265    27.8405 0.0000e+00
     62.000    15.3833     0.2761    96.3890 1.0000e-12 2.4480e+00    233.889    15.3736    37.5578    27.8612 0.0000e+00
     63.000    15.3670     0.2695    96.5820 1.0000e-12 2.7849e+00    233.386    15.3572    37.5712    27.8753 0.0000e+00
     64.000    15.3497     0.2660    96.5783 1.0000e-12 3.9001e+00    233.567    15.3397    37.5761    27.8831 0.0000e+00
     65.000    15.3258     0.2637    96.4565 1.0000e-12 3.3147e+00    231.537    15.3156    37.5776    27.8897 0.0000e+00
     66.000    15.1299     0.2858    95.6331 1.0000e-12 2.1669e+00    227.271    15.1197    37.5522    27.9144 0.0000e+00
     67.000    15.0711     0.3669    94.1593 1.0000e-12 3.3598e+00    224.660    15.0607    37.5857    27.9536 0.0000e+00
     68.000    15.1568     0.4343    94.5649 1.0000e-12 3.8722e+00    233.228    15.1463    37.6510    27.9847 0.0000e+00
     69.000    15.2781     0.3720    96.1260 1.0000e-12 2.6062e+00    236.949    15.2673    37.7194    28.0101 0.0000e+00
     70.000    15.2482     0.3081    96.5725 1.0000e-12 3.3620e+00    234.691    15.2372    37.7308    28.0258 0.0000e+00
     71.000    15.2094     0.2856    96.5647 1.0000e-12 3.3527e+00    234.254    15.1983    37.7397    28.0414 0.0000e+00
     72.000    15.1602     0.2797    96.7776 1.0000e-12 2.7149e+00    232.226    15.1490    37.7522    28.0622 0.0000e+00
     73.000    15.0982     0.2847    96.7680 1.0000e-12 4.0102e+00    230.231    15.0869    37.7684    28.0888 0.0000e+00
     74.000    15.0447     0.2922    96.6935 1.0000e-12 3.0167e+00    229.375    15.0332    37.7754    28.1063 0.0000e+00
     75.000    15.0195     0.3032    96.7838 1.0000e-12 2.3392e+00    228.425    15.0079    37.7764    28.1128 0.0000e+00
     76.000    14.9755     0.2922    96.8746 1.0000e-12 4.3537e+00    226.564    14.9638    37.7766    28.1228 0.0000e+00
     77.000    14.9277     0.2807    96.8810 1.0000e-12 2.8770e+00    225.605    14.9159    37.7778    28.1344 0.0000e+00
     78.000    14.9068     0.2805    96.8331 1.0000e-12 2.6447e+00    225.906    14.8948    37.7946    28.1522 0.0000e+00
     79.000    14.9085     0.2870    96.8989 1.0000e-12 2.6771e+00    225.014    14.8964    37.8091    28.1630 0.0000e+00
     80.000    14.8859     0.2888    96.9346 1.0000e-12 3.1026e+00    224.011    14.8736    37.8097    28.1686 0.0000e+00
     81.000    14.8506     0.2997    96.8635 1.0000e-12 2.5820e+00    223.068    14.8381    37.8122    28.1785 0.0000e+00
     82.000    14.8099     0.3087    96.6666 1.0000e-12 3.5867e+00    219.875    14.7973    37.8184    28.1923 0.0000e+00
     83.000    14.7466     0.3348    96.2970 1.0000e-12 2.7920e+00    214.311    14.7340    37.8387    28.2222 0.0000e+00
     84.000    14.7042     0.4172    95.5773 1.0000e-12 3.6407e+00    211.818    14.6914    37.8547    28.2439 0.0000e+00
     85.000    14.6837     0.4758    95.9186 1.0000e-12 2.6752e+00    212.279    14.6708    37.8734    28.2630 0.0000e+00
     86.000    14.6479     0.4395    96.3397 1.0000e-12 3.4141e+00    210.859    14.6349    37.8866    28.2811 0.0000e+00
     87.000    14.6219     0.3931    96.3763 1.0000e-12 4.2745e+00    207.926    14.6086    37.8890    28.2889 0.0000e+00
     88.000    14.6045     0.3999    96.1598 1.0000e-12 3.1082e+00    206.175    14.5912    37.8931    28.2958 0.0000e+00
     89.000    14.5816     0.4229    96.2501 1.0000e-12 2.9353e+00    203.907    14.5681    37.8999    28.3063 0.0000e+00
     90.000    14.5653     0.4217    96.3940 1.0000e-12 2.6713e+00    203.707    14.5517    37.9045    28.3134 0.0000e+00
     91.000    14.5582     0.4015    96.5365 1.0000e-12 2.7578e+00    204.068    14.5444    37.9084    28.3180 0.0000e+00
     92.000    14.5354     0.4139    96.6730 1.0000e-12 3.0711e+00    204.715    14.5215    37.9264    28.3370 0.0000e+00
     93.000    14.5279     0.4131    96.8764 1.0000e-12 2.8680e+00    204.083    14.5138    37.9347    28.3451 0.0000e+00
     94.000    14.5114     0.3821    96.9767 1.0000e-12 3.0184e+00    203.669    14.4971    37.9475    28.3587 0.0000e+00
     95.000    14.5052     0.3462    97.1025 1.0000e-12 2.8383e+00    204.294    14.4909    37.9692    28.3769 0.0000e+00
     96.000    14.4896     0.3391    97.2487 1.0000e-12 3.9333e+00    204.737    14.4750    37.9934    28.3991 0.0000e+00
     97.000    14.4433     0.3185    97.3396 1.0000e-12 3.2921e+00    202.971    14.4287    38.0069    28.4197 0.0000e+00
     98.000    14.4254     0.2880    97.3905 1.0000e-12 3.3590e+00    204.226    14.4106    38.0206    28.4343 0.0000e+00
     99.000    14.4115     0.2838    97.4746 1.0000e-12 2.8475e+00    204.088    14.3966    38.0323    28.4465 0.0000e+00
    100.000    14.3982     0.2817    97.4795 1.0000e-12 2.5891e+00    203.561    14.3832    38.0384    28.4541 0.0000e+00
    101.000    14.3845     0.2748    97.5064 1.0000e-12 1.6041e+00    203.281    14.3693    38.0437    28.4612 0.0000e+00
    102.000    14.3701     0.2744    97.5301 1.0000e-12 2.9795e+00    201.399    14.3548    38.0479    28.4677 0.0000e+00
    103.000    14.3578     0.2708    97.6072 1.0000e-12 2.5943e+00    200.748    14.3423    38.0507    28.4726 0.0000e+00
    104.000    14.3934     0.2855    97.4319 1.0000e-12 2.7050e+00    202.293    14.3777    38.0334    28.4515 0.0000e+00
    105.000    14.4156     0.2886    97.3254 1.0000e-12 4.0248e+00    202.350    14.3998    38.0248    28.4400 0.0000e+00
    106.000    14.3762     0.2639    97.6313 1.0000e-12 2.2789e+00    199.157    14.3602    38.0391    28.4597 0.0000e+00
    107.000    14.3020     0.2601    97.6688 1.0000e-12 4.0770e+00    196.395    14.2859    38.0655    28.4964 0.0000e+00
    108.000    14.2905     0.2616    97.6989 1.0000e-12 3.1187e+00    196.606    14.2743    38.0686    28.5013 0.0000e+00
    109.000    14.2784     0.2570    97.7262 1.0000e-12 3.2560e+00    196.693    14.2621    38.0738    28.5081 0.0000e+00
    110.000    14.2679     0.2535    97.7286 1.0000e-12 3.6103e+00    197.773    14.2514    38.0762    28.5122 0.0000e+00
    111.000    14.2649     0.2481    97.7382 1.0000e-12 3.5379e+00    197.530    14.2482    38.0778    28.5141 0.0000e+00
    112.000    14.2486     0.2467    97.7667 1.0000e-12 3.5762e+00    196.477    14.2319    38.0868    28.5247 0.0000e+00
    113.000    14.2408     0.2475    97.7522 1.0000e-12 2.6280e+00    196.063    14.2239    38.0901    28.5290 0.0000e+00
    114.000    14.2380     0.2523    97.7332 1.0000e-12 2.0720e+00    195.361    14.2209    38.0902    28.5297 0.0000e+00
    115.000    14.2158     0.2544    97.7748 -9.990e-29 1.9676e+00    193.929    14.1986    38.0962    28.5392 0.0000e+00
    116.000    14.1851     0.2430    97.8215 1.0000e-12 2.5860e+00    192.754    14.1677    38.1070    28.5543 0.0000e+00
    117.000    14.1572     0.2336    97.8750 1.0000e-12 4.4107e+00    191.465    14.1397    38.1168    28.5680 0.0000e+00
    118.000    14.1479     0.2298    97.8886 1.0000e-12 2.8668e+00    191.471    14.1303    38.1197    28.5723 0.0000e+00
    119.000    14.1425     0.2319    97.8941 1.0000e-12 3.9063e+00    191.231    14.1248    38.1219    28.5752 0.0000e+00
    120.000    14.1316     0.2317    97.8927 1.0000e-12 2.7874e+00    192.164    14.1137    38.1267    28.5814 0.0000e+00
    121.000    14.1212     0.2306    97.8834 1.0000e-12 2.7448e+00    193.574    14.1031    38.1347    28.5898 0.0000e+00
    122.000    14.1102     0.2249    97.9102 -9.990e-29 3.0449e+00    193.350    14.0920    38.1397    28.5960 0.0000e+00
    123.000    14.1023     0.2164    97.9333 1.0000e-12 2.4508e+00    192.772    14.0839    38.1426    28.6001 0.0000e+00
    124.000    14.0885     0.2202    97.9199 1.0000e-12 2.8956e+00    190.529    14.0700    38.1488    28.6079 0.0000e+00
    125.000    14.0616     0.2188    97.9348 1.0000e-12 2.4314e+00    187.106    14.0430    38.1529    28.6170 0.0000e+00
    126.000    14.0527     0.2134    97.9306 1.0000e-12 2.6845e+00    188.610    14.0340    38.1579    28.6228 0.0000e+00
    127.000    14.0552     0.2081    97.9637 1.0000e-12 4.5794e+00    189.467    14.0363    38.1664    28.6289 0.0000e+00
    128.000    14.0515     0.2073    97.9903 1.0000e-12 3.4584e+00    188.394    14.0325    38.1723    28.6342 0.0000e+00
    129.000    14.0369     0.2157    98.0076 1.0000e-12 3.7337e+00    187.865    14.0177    38.1746    28.6392 0.0000e+00
    130.000    14.0314     0.2130    98.0116 1.0000e-12 2.4941e+00    187.659    14.0121    38.1754    28.6411 0.0000e+00
    131.000    14.0242     0.2063    98.0117 1.0000e-12 3.0661e+00    186.932    14.0048    38.1773    28.6441 0.0000e+00
