Data/ruptures/PEACETIME/FAST/PEACETIME_FAST_CTD_062.cnv
* Sea-Bird SBE 9 Data File:
* FileName = C:\CTD\rawCTD\PEACETIME_FAST_CTD_062.hdr
* Software Version Seasave V 7.23.2
* Temperature SN = 1378
* Conductivity SN = 2929
* Number of Bytes Per Scan = 38
* Number of Voltage Words = 5
* Number of Scans Averaged by the Deck Unit = 1
* NMEA Latitude = 37 56.83 N
* NMEA Longitude = 002 54.92 E
* NMEA UTC (Time) = Jun 04 2017  04:42:07
* NMEA baud rate = 4800
** Cruise:   PEACETIME
** Station:   FAST_CTD_062
# nquan = 11
# nvalues = 2823                        
# units = specified
# name 0 = prDM: Pressure, Digiquartz [db]
# name 1 = t090C: Temperature [ITS-90, deg C]
# name 2 = flC: Fluorescence, Chelsea Aqua 3 Chl Con [ug/l]
# name 3 = CStarTr0: Beam Transmission, WET Labs C-Star [%]
# name 4 = par: PAR/Irradiance, Biospherical/Licor
# name 5 = spar: SPAR/Surface Irradiance
# name 6 = sbeox0Mm/Kg: Oxygen, SBE 43 [umol/kg]
# name 7 = potemp090C: Potential Temperature [ITS-90, deg C]
# name 8 = sal00: Salinity, Practical [PSU]
# name 9 = sigma-é00: Density [sigma-theta, kg/m^3]
# name 10 = flag:
# span 0 =      1.000,   2823.000       
# span 1 =    13.1174,    21.3104       
# span 2 =     0.1752,     0.6568       
# span 3 =    93.6205,    98.3905       
# span 4 = -3.721e-05, 1.2455e+01       
# span 5 = 3.3200e+01, 4.3772e+02       
# span 6 =    152.316,    240.193       
# span 7 =    12.9039,    21.3092       
# span 8 =    36.9870,    38.5924       
# span 9 =    25.9703,    29.1162       
# span 10 = 0.0000e+00, 0.0000e+00      
# interval = decibars: 1                
# start_time = Jun 04 2017 04:43:55 [NMEA time, first data scan]
# bad_flag = -9.990e-29
*END*
[from data line 787]
    788.000    13.2425     0.1897    98.3219 4.7585e-03 1.0734e+02    165.458    13.1268    38.5288    29.1034 0.0000e+00
    789.000    13.2424     0.1862    98.3290 4.3320e-03 1.0292e+02    165.174    13.1266    38.5287    29.1034 0.0000e+00
    790.000    13.2414     0.1874    98.3324 2.5856e-03 1.0640e+02    165.310    13.1255    38.5284    29.1033 0.0000e+00
    791.000    13.2391     0.1911    98.3230 4.2895e-03 1.0207e+02    165.405    13.1230    38.5279    29.1035 0.0000e+00
    792.000    13.2374     0.1888    98.3269 4.7542e-03 1.0718e+02    165.038    13.1212    38.5275    29.1035 0.0000e+00
    793.000    13.2356     0.1885    98.3256 2.0829e-03 1.0449e+02    165.204    13.1192    38.5270    29.1035 0.0000e+00
    794.000    13.2346     0.1860    98.3330 2.7741e-03 1.0469e+02    165.335    13.1181    38.5268    29.1036 0.0000e+00
    795.000    13.2338     0.1833    98.3280 3.2208e-03 1.0403e+02    165.318    13.1171    38.5265    29.1036 0.0000e+00
    796.000    13.2327     0.1853    98.3249 4.1721e-03 1.0435e+02    165.420    13.1159    38.5263    29.1037 0.0000e+00
    797.000    13.2321     0.1875    98.3305 1.2654e-03 1.1101e+02    165.309    13.1152    38.5262    29.1038 0.0000e+00
    798.000    13.2321     0.1905    98.3310 7.9279e-04 1.0712e+02    165.449    13.1150    38.5260    29.1037 0.0000e+00
    799.000    13.2322     0.1862    98.3246 3.2191e-04 1.1754e+02    165.615    13.1150    38.5261    29.1038 0.0000e+00
    800.000    13.2323     0.1840    98.3210 1.2444e-03 1.0681e+02    165.608    13.1149    38.5261    29.1038 0.0000e+00
    801.000    13.2320     0.1841    98.3251 2.1580e-03 1.0528e+02    165.481    13.1144    38.5259    29.1037 0.0000e+00
    802.000    13.2294     0.1870    98.3232 9.0407e-04 1.1364e+02    165.535    13.1117    38.5253    29.1038 0.0000e+00
    803.000    13.2272     0.1841    98.3248 2.2505e-04 1.1025e+02    165.639    13.1094    38.5248    29.1039 0.0000e+00
    804.000    13.2258     0.1874    98.3241 5.5862e-04 1.0268e+02    165.958    13.1078    38.5244    29.1039 0.0000e+00
    805.000    13.2249     0.1865    98.3376 9.0237e-04 1.0344e+02    166.183    13.1068    38.5241    29.1039 0.0000e+00
    806.000    13.2241     0.1862    98.3267 8.0584e-04 1.0762e+02    166.077    13.1058    38.5240    29.1041 0.0000e+00
    807.000    13.2230     0.1824    98.3334 6.8348e-04 1.0664e+02    166.158    13.1046    38.5237    29.1040 0.0000e+00
    808.000    13.2226     0.1798    98.3281 1.0419e-03 1.0992e+02    165.858    13.1041    38.5235    29.1040 0.0000e+00
    809.000    13.2211     0.1872    98.3270 5.7682e-04 1.1262e+02    165.890    13.1024    38.5231    29.1041 0.0000e+00
    810.000    13.2210     0.1823    98.3241 1.8414e-03 1.0524e+02    166.141    13.1022    38.5232    29.1042 0.0000e+00
    811.000    13.2194     0.1824    98.3311 3.2096e-05 1.0428e+02    166.102    13.1004    38.5227    29.1042 0.0000e+00
    812.000    13.2182     0.1841    98.3311 1.7877e-03 1.0829e+02    166.152    13.0991    38.5224    29.1042 0.0000e+00
    813.000    13.2161     0.1794    98.3276 1.2277e-03 1.0541e+02    166.027    13.0969    38.5219    29.1043 0.0000e+00
    814.000    13.2122     0.1805    98.3342 8.7310e-04 1.1118e+02    165.685    13.0927    38.5210    29.1044 0.0000e+00
    815.000    13.2079     0.1853    98.3366 4.3741e-04 1.0510e+02    166.001    13.0884    38.5200    29.1046 0.0000e+00
    816.000    13.2052     0.1860    98.3349 6.5319e-04 1.0954e+02    166.382    13.0856    38.5193    29.1046 0.0000e+00
    817.000    13.2048     0.1884    98.3320 3.2808e-04 1.0703e+02    166.813    13.0850    38.5192    29.1047 0.0000e+00
    818.000    13.2048     0.1911    98.3392 1.5444e-03 1.0728e+02    166.779    13.0848    38.5191    29.1046 0.0000e+00
    819.000    13.2021     0.1916    98.3338 1.0436e-03 1.0565e+02    166.688    13.0819    38.5186    29.1048 0.0000e+00
    820.000    13.1993     0.1958    98.3291 1.5443e-03 1.1214e+02    166.986    13.0790    38.5177    29.1047 0.0000e+00
    821.000    13.1908     0.1921    98.3371 1.4555e-04 1.0919e+02    167.012    13.0705    38.5157    29.1050 0.0000e+00
    822.000    13.1847     0.1902 -9.990e-29 6.9475e-04 1.0839e+02    166.853    13.0642    38.5144    29.1053 0.0000e+00
    823.000    13.1812     0.1876 -9.990e-29 1.4309e-03 1.0842e+02    167.363    13.0606    38.5137    29.1055 0.0000e+00
    824.000    13.1810     0.1891 -9.990e-29 5.0584e-04 1.1078e+02    167.925    13.0602    38.5136    29.1055 0.0000e+00
    825.000    13.1809     0.1877 -9.990e-29 4.5474e-04 1.0441e+02    167.730    13.0600    38.5136    29.1055 0.0000e+00
    826.000    13.1809     0.1825 -9.990e-29 6.3167e-04 1.0573e+02    167.573    13.0599    38.5136    29.1056 0.0000e+00
    827.000    13.1811     0.1845 -9.990e-29 9.3551e-04 1.0600e+02    167.713    13.0599    38.5137    29.1056 0.0000e+00
    828.000    13.1812     0.1805 -9.990e-29 8.3511e-04 1.1006e+02    167.661    13.0599    38.5137    29.1056 0.0000e+00
    829.000    13.1814     0.1780 -9.990e-29 2.4890e-03 1.1141e+02    167.712    13.0599    38.5137    29.1056 0.0000e+00
    830.000    13.1815     0.1864 -9.990e-29 7.2528e-04 1.1174e+02    167.868    13.0599    38.5136    29.1056 0.0000e+00
    831.000    13.1817     0.1902 -9.990e-29 1.9301e-03 1.1098e+02    167.747    13.0599    38.5137    29.1056 0.0000e+00
    832.000    13.1818     0.1857 -9.990e-29 2.4056e-03 1.0871e+02    167.701    13.0599    38.5137    29.1056 0.0000e+00
    833.000    13.1819     0.1858 -9.990e-29 3.1656e-03 1.0921e+02    167.873    13.0598    38.5137    29.1056 0.0000e+00
    834.000    13.1820     0.1868 -9.990e-29 2.8447e-03 1.1509e+02    167.619    13.0598    38.5137    29.1057 0.0000e+00
    835.000    13.1822     0.1898 -9.990e-29 3.1598e-03 1.1489e+02    167.839    13.0598    38.5137    29.1056 0.0000e+00
    836.000    13.1823     0.1883 -9.990e-29 2.4559e-03 1.1177e+02    167.846    13.0597    38.5138    29.1057 0.0000e+00
    837.000    13.1824     0.1896 -9.990e-29 3.2123e-03 1.1485e+02    167.476    13.0597    38.5138    29.1057 0.0000e+00
    838.000    13.1826     0.1888 -9.990e-29 8.8831e-04 1.1717e+02    167.227    13.0597    38.5136    29.1056 0.0000e+00
    839.000    13.1827     0.1890 -9.990e-29 9.5952e-04 1.1685e+02    167.480    13.0597    38.5137    29.1057 0.0000e+00
    840.000    13.1830     0.1881    98.3404 1.5158e-03 1.0827e+02    167.392    13.0599    38.5138    29.1057 0.0000e+00
    841.000    13.1832     0.1841    98.3307 4.4876e-04 1.1337e+02    167.211    13.0599    38.5138    29.1057 0.0000e+00
    842.000    13.1832     0.1827    98.3433 1.7906e-03 1.1136e+02    167.015    13.0598    38.5138    29.1057 0.0000e+00
    843.000    13.1834     0.1819    98.3406 1.5353e-03 1.1863e+02    167.122    13.0597    38.5138    29.1057 0.0000e+00
    844.000    13.1836     0.1809    98.3416 2.5304e-03 1.1175e+02    167.461    13.0598    38.5137    29.1057 0.0000e+00
    845.000    13.1836     0.1839 -9.990e-29 3.7074e-03 1.0961e+02    167.528    13.0597    38.5138    29.1057 0.0000e+00
    846.000    13.1838     0.1881 -9.990e-29 3.7669e-03 1.0916e+02    167.620    13.0597    38.5137    29.1057 0.0000e+00
    847.000    13.1839     0.1898 -9.990e-29 3.2406e-03 1.1630e+02    167.428    13.0597    38.5137    29.1057 0.0000e+00
    848.000    13.1841     0.1920 -9.990e-29 1.3178e-03 1.1038e+02    167.568    13.0597    38.5138    29.1057 0.0000e+00
    849.000    13.1841     0.1890 -9.990e-29 2.1205e-03 1.1250e+02    167.526    13.0596    38.5136    29.1056 0.0000e+00
    850.000    13.1844     0.1878 -9.990e-29 4.7566e-03 1.1241e+02    167.197    13.0597    38.5137    29.1056 0.0000e+00
    851.000    13.1845     0.1847 -9.990e-29 3.0637e-03 1.1520e+02    167.373    13.0597    38.5137    29.1057 0.0000e+00
    852.000    13.1847     0.1826 -9.990e-29 1.6329e-03 1.0875e+02    167.523    13.0597    38.5138    29.1057 0.0000e+00
    853.000    13.1847     0.1880 -9.990e-29 1.6136e-03 1.1305e+02    167.525    13.0596    38.5136    29.1056 0.0000e+00
    854.000    13.1848     0.1929 -9.990e-29 1.4616e-03 1.0839e+02    167.535    13.0595    38.5137    29.1057 0.0000e+00
    855.000    13.1851     0.1862 -9.990e-29 1.4602e-03 1.0902e+02    167.261    13.0597    38.5138    29.1057 0.0000e+00
    856.000    13.1853     0.1896 -9.990e-29 3.4577e-03 1.0860e+02    167.311    13.0597    38.5137    29.1057 0.0000e+00
    857.000    13.1856     0.1915 -9.990e-29 2.7324e-03 1.1283e+02    167.490    13.0598    38.5137    29.1056 0.0000e+00
    858.000    13.1856     0.1915 -9.990e-29 1.2721e-03 1.1535e+02    167.337    13.0597    38.5137    29.1057 0.0000e+00
    859.000    13.1857     0.1872 -9.990e-29 5.5852e-04 1.1219e+02    167.043    13.0597    38.5137    29.1056 0.0000e+00
    860.000    13.1859     0.1859    98.3396 1.1249e-03 1.1944e+02    167.249    13.0597    38.5135    29.1055 0.0000e+00
    861.000    13.1860     0.1848    98.3416 4.4676e-04 1.1507e+02    167.593    13.0597    38.5136    29.1056 0.0000e+00
    862.000    13.1862     0.1849    98.3384 3.0611e-03 1.1457e+02    167.211    13.0598    38.5137    29.1056 0.0000e+00
    863.000    13.1863     0.1843    98.3357 2.2689e-03 1.1808e+02    167.278    13.0597    38.5137    29.1057 0.0000e+00
    864.000    13.1859     0.1853 -9.990e-29 2.7405e-03 1.0995e+02    167.371    13.0591    38.5135    29.1056 0.0000e+00
    865.000    13.1860     0.1872 -9.990e-29 1.7760e-03 1.1274e+02    167.509    13.0590    38.5133    29.1055 0.0000e+00
    866.000    13.1861     0.1857 -9.990e-29 3.9685e-04 1.1572e+02    167.791    13.0590    38.5133    29.1055 0.0000e+00
    867.000    13.1862     0.1934 -9.990e-29 6.8414e-04 1.1477e+02    167.875    13.0590    38.5134    29.1056 0.0000e+00
    868.000    13.1864     0.1943 -9.990e-29 7.3803e-04 1.1132e+02    167.914    13.0590    38.5134    29.1056 0.0000e+00
    869.000    13.1866     0.1880 -9.990e-29 1.4023e-03 1.1296e+02    167.573    13.0590    38.5133    29.1055 0.0000e+00
    870.000    13.1866     0.1897 -9.990e-29 2.0725e-03 1.1553e+02    167.628    13.0589    38.5135    29.1057 0.0000e+00
    871.000    13.1869     0.1889 -9.990e-29 1.5172e-03 1.0995e+02    167.454    13.0590    38.5133    29.1055 0.0000e+00
    872.000    13.1869     0.1890 -9.990e-29 2.1497e-03 1.1605e+02    167.434    13.0589    38.5135    29.1057 0.0000e+00
    873.000    13.1870     0.1928 -9.990e-29 1.8167e-03 1.1868e+02    167.478    13.0589    38.5134    29.1056 0.0000e+00
    874.000    13.1872     0.1830 -9.990e-29 9.1561e-04 1.1821e+02    167.496    13.0589    38.5134    29.1056 0.0000e+00
    875.000    13.1873     0.1788 -9.990e-29 5.8119e-04 1.1138e+02    167.825    13.0589    38.5135    29.1057 0.0000e+00
    876.000    13.1875     0.1819 -9.990e-29 1.1046e-03 1.1619e+02    167.612    13.0589    38.5134    29.1056 0.0000e+00
    877.000    13.1876     0.1809 -9.990e-29 1.4903e-03 1.1233e+02    167.489    13.0589    38.5135    29.1057 0.0000e+00
    878.000    13.1879     0.1826 -9.990e-29 1.4033e-03 1.1694e+02    166.909    13.0590    38.5133    29.1055 0.0000e+00
    879.000    13.1879     0.1831 -9.990e-29 1.7213e-03 1.2182e+02    166.968    13.0588    38.5134    29.1056 0.0000e+00
    880.000    13.1881     0.1859 -9.990e-29 2.2947e-04 1.2091e+02    167.728    13.0589    38.5134    29.1056 0.0000e+00
    881.000    13.1883     0.1822 -9.990e-29 2.2697e-04 1.1204e+02    167.839    13.0589    38.5135    29.1056 0.0000e+00
    882.000    13.1885     0.1819 -9.990e-29 1.0420e-03 1.1639e+02    167.460    13.0589    38.5134    29.1056 0.0000e+00
    883.000    13.1884     0.1812 -9.990e-29 5.1831e-05 1.2016e+02    167.481    13.0588    38.5134    29.1056 0.0000e+00
    884.000    13.1886     0.1831 -9.990e-29 3.9580e-04 1.1521e+02    167.533    13.0587    38.5134    29.1056 0.0000e+00
    885.000    13.1887     0.1896 -9.990e-29 1.8880e-04 1.1679e+02    168.004    13.0587    38.5133    29.1056 0.0000e+00
    886.000    13.1889     0.1924 -9.990e-29 6.9732e-04 1.2159e+02    167.907    13.0588    38.5134    29.1056 0.0000e+00
    887.000    13.1891     0.1892 -9.990e-29 2.1718e-05 1.0915e+02    167.812    13.0588    38.5133    29.1055 0.0000e+00
    888.000    13.1891     0.1886 -9.990e-29 2.6374e-04 1.1766e+02    167.607    13.0587    38.5133    29.1056 0.0000e+00
    889.000    13.1893     0.1843 -9.990e-29 9.8649e-04 1.1330e+02    167.422    13.0587    38.5133    29.1055 0.0000e+00
    890.000    13.1895     0.1846 -9.990e-29 2.0567e-03 1.1827e+02    167.586    13.0588    38.5133    29.1056 0.0000e+00
    891.000    13.1897     0.1830 -9.990e-29 2.7936e-03 1.2045e+02    167.565    13.0588    38.5133    29.1056 0.0000e+00
    892.000    13.1898     0.1834 -9.990e-29 8.0431e-04 1.1773e+02    167.337    13.0587    38.5134    29.1056 0.0000e+00
    893.000    13.1899     0.1836 -9.990e-29 4.9744e-04 1.1799e+02    167.360    13.0587    38.5133    29.1055 0.0000e+00
    894.000    13.1901     0.1859    98.3436 1.0972e-04 1.1913e+02    167.536    13.0588    38.5133    29.1055 0.0000e+00
    895.000    13.1903     0.1877    98.3436 1.3150e-03 1.1572e+02    167.741    13.0588    38.5134    29.1056 0.0000e+00
    896.000    13.1906     0.1845    98.3393 1.7528e-03 1.1782e+02    167.645    13.0589    38.5134    29.1056 0.0000e+00
    897.000    13.1907     0.1907    98.3275 2.5782e-03 1.1504e+02    167.606    13.0588    38.5134    29.1056 0.0000e+00
    898.000    13.1908     0.1880    98.3439 3.1466e-03 1.1923e+02    167.463    13.0589    38.5134    29.1056 0.0000e+00
    899.000    13.1911     0.1869 -9.990e-29 8.1721e-04 1.2083e+02    167.663    13.0590    38.5133    29.1055 0.0000e+00
    900.000    13.1912     0.1805 -9.990e-29 1.4828e-03 1.1574e+02    167.530    13.0589    38.5134    29.1056 0.0000e+00
    901.000    13.1913     0.1811 -9.990e-29 1.2478e-03 1.1607e+02    167.223    13.0589    38.5134    29.1056 0.0000e+00
    902.000    13.1914     0.1828    98.3410 2.2737e-03 1.1783e+02    167.117    13.0589    38.5133    29.1055 0.0000e+00
    903.000    13.1916     0.1863    98.3352 1.9186e-03 1.1735e+02    166.992    13.0589    38.5133    29.1055 0.0000e+00
    904.000    13.1916     0.1895    98.3338 1.1053e-03 1.1765e+02    167.218    13.0588    38.5134    29.1056 0.0000e+00
    905.000    13.1918     0.1891    98.3376 5.8570e-04 1.1673e+02    167.460    13.0587    38.5134    29.1057 0.0000e+00
    906.000    13.1919     0.1928    98.3367 1.6507e-03 1.1864e+02    167.687    13.0587    38.5133    29.1056 0.0000e+00
    907.000    13.1918     0.1894 -9.990e-29 8.7940e-04 1.1547e+02    167.775    13.0585    38.5133    29.1056 0.0000e+00
    908.000    13.1922     0.1850 -9.990e-29 1.6683e-03 1.1224e+02    167.853    13.0587    38.5133    29.1056 0.0000e+00
    909.000    13.1922     0.1849 -9.990e-29 2.2262e-03 1.1694e+02    167.853    13.0586    38.5134    29.1057 0.0000e+00
    910.000    13.1923     0.1808    98.3338 3.9377e-04 1.1404e+02    167.651    13.0586    38.5133    29.1056 0.0000e+00
    911.000    13.1925     0.1854    98.3388 5.6039e-04 1.1994e+02    167.715    13.0586    38.5133    29.1056 0.0000e+00
    912.000    13.1927     0.1872    98.3426 6.6169e-05 1.1810e+02    167.703    13.0586    38.5133    29.1056 0.0000e+00
    913.000    13.1928     0.1838    98.3374 4.2096e-04 1.1736e+02    168.012    13.0586    38.5134    29.1057 0.0000e+00
    914.000    13.1930     0.1876    98.3339 2.4981e-04 1.1797e+02    167.807    13.0586    38.5133    29.1056 0.0000e+00
    915.000    13.1931     0.1882 -9.990e-29 8.0285e-04 1.1747e+02    167.521    13.0585    38.5133    29.1056 0.0000e+00
    916.000    13.1932     0.1824 -9.990e-29 4.0069e-04 1.2224e+02    167.391    13.0585    38.5132    29.1055 0.0000e+00
    917.000    13.1933     0.1859 -9.990e-29 4.9445e-04 1.1925e+02    167.807    13.0585    38.5132    29.1055 0.0000e+00
    918.000    13.1935     0.1913    98.3341 1.8301e-04 1.1368e+02    167.835    13.0585    38.5131    29.1054 0.0000e+00
