Data/ruptures/PEACETIME/FAST/PEACETIME_FAST_CTD_066.cnv
* Sea-Bird SBE 9 Data File:
* FileName = C:\CTD\rawCTD\PEACETIME_FAST_CTD_066.hdr
* Software Version Seasave V 7.23.2
* Temperature SN = 1378
* Conductivity SN = 2929
* Number of Bytes Per Scan = 38
* Number of Voltage Words = 5
* Number of Scans Averaged by the Deck Unit = 1
* NMEA Latitude = 37 56.81 N
* NMEA Longitude = 002 54.99 E
* NMEA UTC (Time) = Jun 05 2017  04:20:45
* NMEA baud rate = 4800
** Cruise:   PEACETIME
** Station:   FAST_CTD_066
# nquan = 11
# nvalues = 2815                        
# units = specified
# name 0 = prDM: Pressure, Digiquartz [db]
# name 1 = t090C: Temperature [ITS-90, deg C]
# name 2 = flC: Fluorescence, Chelsea Aqua 3 Chl Con [ug/l]
# name 3 = CStarTr0: Beam Transmission, WET Labs C-Star [%]
# name 4 = par: PAR/Irradiance, Biospherical/Licor
# name 5 = spar: SPAR/Surface Irradiance
# name 6 = sbeox0Mm/Kg: Oxygen, SBE 43 [umol/kg]
# name 7 = potemp090C: Potential Temperature [ITS-90, deg C]
# name 8 = sal00: Salinity, Practical [PSU]
# name 9 = sigma-é00: Density [sigma-theta, kg/m^3]
# name 10 = flag:
# span 0 =      2.000,   2816.000       
# span 1 =    13.1203,    21.4129       
# span 2 =     0.1689,     0.5547       
# span 3 =    93.9269,    98.3482       
# span 4 = -1.198e-06, 2.4395e+00       
# span 5 = 4.9515e+00, 9.3009e+02       
# span 6 =    152.219,    239.160       
# span 7 =    12.9041,    21.4109       
# span 8 =    36.9919,    38.5936       
# span 9 =    25.9417,    29.1161       
# span 10 = 0.0000e+00, 0.0000e+00      
# interval = decibars: 1                
# start_time = Jun 05 2017 04:23:16 [NMEA time, first data scan]
# bad_flag = -9.990e-29
*END*
[from data line 2099]
   2101.000    13.2255     0.1762 -9.990e-29 1.0000e-12 5.2815e+02    178.631    12.9046    38.4828    29.1139 0.0000e+00
   2102.000    13.2257     0.1775 -9.990e-29 1.0000e-12 5.2859e+02    178.637    12.9046    38.4827    29.1138 0.0000e+00
   2103.000    13.2259     0.1771 -9.990e-29 1.0000e-12 5.3305e+02    178.548    12.9046    38.4828    29.1139 0.0000e+00
   2104.000    13.2259     0.1819 -9.990e-29 1.0000e-12 5.3270e+02    178.599    12.9045    38.4829    29.1140 0.0000e+00
   2105.000    13.2261     0.1852 -9.990e-29 1.0000e-12 5.3332e+02    178.742    12.9045    38.4828    29.1139 0.0000e+00
   2106.000    13.2263     0.1828 -9.990e-29 1.0000e-12 5.3486e+02    178.766    12.9045    38.4829    29.1140 0.0000e+00
   2107.000    13.2264     0.1819 -9.990e-29 1.0000e-12 5.3981e+02    178.783    12.9045    38.4828    29.1139 0.0000e+00
   2108.000    13.2265     0.1795 -9.990e-29 1.0000e-12 5.4351e+02    178.661    12.9044    38.4829    29.1140 0.0000e+00
   2109.000    13.2268     0.1782 -9.990e-29 1.0000e-12 5.4463e+02    178.585    12.9045    38.4828    29.1139 0.0000e+00
   2110.000    13.2269     0.1790 -9.990e-29 1.0000e-12 5.4514e+02    178.693    12.9044    38.4829    29.1140 0.0000e+00
   2111.000    13.2271     0.1788 -9.990e-29 1.0000e-12 5.4968e+02    178.455    12.9045    38.4828    29.1140 0.0000e+00
   2112.000    13.2272     0.1831 -9.990e-29 1.0000e-12 5.4836e+02    178.390    12.9045    38.4829    29.1140 0.0000e+00
   2113.000    13.2274     0.1838 -9.990e-29 1.0000e-12 5.5270e+02    178.551    12.9044    38.4828    29.1139 0.0000e+00
   2114.000    13.2274     0.1783 -9.990e-29 1.0000e-12 5.5444e+02    178.305    12.9044    38.4829    29.1140 0.0000e+00
   2115.000    13.2276     0.1825 -9.990e-29 1.0000e-12 5.5180e+02    178.185    12.9044    38.4829    29.1140 0.0000e+00
   2116.000    13.2278     0.1791 -9.990e-29 1.0000e-12 5.5533e+02    178.271    12.9044    38.4829    29.1140 0.0000e+00
   2117.000    13.2279     0.1806 -9.990e-29 1.0000e-12 5.6023e+02    178.185    12.9044    38.4829    29.1140 0.0000e+00
   2118.000    13.2280     0.1812 -9.990e-29 1.0000e-12 5.6318e+02    178.445    12.9043    38.4829    29.1141 0.0000e+00
   2119.000    13.2282     0.1827 -9.990e-29 1.0000e-12 5.6832e+02    178.519    12.9043    38.4829    29.1140 0.0000e+00
   2120.000    13.2284     0.1821 -9.990e-29 1.0000e-12 5.6744e+02    178.708    12.9043    38.4829    29.1140 0.0000e+00
   2121.000    13.2286     0.1834 -9.990e-29 1.0000e-12 5.6982e+02    178.551    12.9043    38.4829    29.1140 0.0000e+00
   2122.000    13.2287     0.1855 -9.990e-29 1.0000e-12 5.6914e+02    178.588    12.9043    38.4830    29.1141 0.0000e+00
   2123.000    13.2288     0.1842 -9.990e-29 1.0000e-12 5.7380e+02    178.743    12.9043    38.4829    29.1140 0.0000e+00
   2124.000    13.2289     0.1867 -9.990e-29 1.0000e-12 5.7457e+02    178.753    12.9041    38.4830    29.1141 0.0000e+00
   2125.000    13.2290     0.1821 -9.990e-29 1.0000e-12 5.7577e+02    178.649    12.9042    38.4830    29.1141 0.0000e+00
   2126.000    13.2293     0.1814 -9.990e-29 1.0000e-12 5.7459e+02    178.701    12.9043    38.4829    29.1140 0.0000e+00
   2127.000    13.2295     0.1798 -9.990e-29 1.0000e-12 5.8075e+02    178.752    12.9043    38.4829    29.1140 0.0000e+00
   2128.000    13.2297     0.1761 -9.990e-29 1.0000e-12 5.7999e+02    178.797    12.9043    38.4829    29.1141 0.0000e+00
   2129.000    13.2298     0.1782 -9.990e-29 1.0000e-12 5.7750e+02    178.829    12.9043    38.4830    29.1141 0.0000e+00
   2130.000    13.2300     0.1843 -9.990e-29 1.0000e-12 5.8404e+02    178.685    12.9043    38.4830    29.1141 0.0000e+00
   2131.000    13.2301     0.1853 -9.990e-29 1.0000e-12 5.8124e+02    178.628    12.9042    38.4830    29.1141 0.0000e+00
   2132.000    13.2303     0.1818 -9.990e-29 1.0000e-12 5.8542e+02    178.968    12.9042    38.4830    29.1141 0.0000e+00
   2133.000    13.2304     0.1804 -9.990e-29 1.0000e-12 5.8128e+02    179.042    12.9042    38.4831    29.1142 0.0000e+00
   2134.000    13.2305     0.1827 -9.990e-29 1.0000e-12 5.8227e+02    178.870    12.9042    38.4830    29.1142 0.0000e+00
   2135.000    13.2307     0.1833 -9.990e-29 1.0000e-12 5.8600e+02    178.836    12.9042    38.4831    29.1142 0.0000e+00
   2136.000    13.2309     0.1821 -9.990e-29 1.0000e-12 5.8218e+02    178.821    12.9042    38.4830    29.1142 0.0000e+00
   2137.000    13.2311     0.1861 -9.990e-29 1.0000e-12 5.8194e+02    178.820    12.9042    38.4830    29.1141 0.0000e+00
   2138.000    13.2313     0.1845 -9.990e-29 1.0000e-12 5.7994e+02    178.743    12.9043    38.4830    29.1141 0.0000e+00
   2139.000    13.2314     0.1823 -9.990e-29 1.0000e-12 5.8562e+02    178.548    12.9042    38.4831    29.1142 0.0000e+00
   2140.000    13.2314     0.1832 -9.990e-29 1.0000e-12 5.8102e+02    178.526    12.9041    38.4832    29.1143 0.0000e+00
   2141.000    13.2317     0.1834 -9.990e-29 1.0000e-12 5.7778e+02    178.336    12.9041    38.4831    29.1143 0.0000e+00
   2142.000    13.2318     0.1809 -9.990e-29 1.0000e-12 5.7462e+02    178.606    12.9041    38.4832    29.1143 0.0000e+00
   2143.000    13.2320     0.1789 -9.990e-29 1.0000e-12 5.7543e+02    178.904    12.9041    38.4832    29.1143 0.0000e+00
   2144.000    13.2321     0.1800 -9.990e-29 1.0000e-12 5.7630e+02    179.089    12.9041    38.4831    29.1142 0.0000e+00
   2145.000    13.2323     0.1779 -9.990e-29 1.0000e-12 5.6678e+02    178.789    12.9041    38.4832    29.1143 0.0000e+00
   2146.000    13.2325     0.1874 -9.990e-29 1.0000e-12 5.6753e+02    178.636    12.9041    38.4832    29.1143 0.0000e+00
   2147.000    13.2327     0.1866 -9.990e-29 1.0000e-12 5.6431e+02    178.770    12.9042    38.4832    29.1143 0.0000e+00
   2148.000    13.2328     0.1839 -9.990e-29 1.0000e-12 5.6590e+02    178.625    12.9041    38.4832    29.1143 0.0000e+00
   2149.000    13.2330     0.1833 -9.990e-29 1.0000e-12 5.6148e+02    178.736    12.9041    38.4833    29.1144 0.0000e+00
   2150.000    13.2332     0.1844 -9.990e-29 1.0000e-12 5.5716e+02    178.838    12.9042    38.4833    29.1143 0.0000e+00
   2151.000    13.2333     0.1844 -9.990e-29 1.0000e-12 5.5094e+02    178.805    12.9041    38.4834    29.1144 0.0000e+00
   2152.000    13.2336     0.1840 -9.990e-29 1.0000e-12 5.5287e+02    178.954    12.9042    38.4833    29.1143 0.0000e+00
   2153.000    13.2337     0.1823 -9.990e-29 1.0000e-12 5.5237e+02    178.816    12.9041    38.4832    29.1143 0.0000e+00
   2154.000    13.2339     0.1813 -9.990e-29 1.0000e-12 5.5415e+02    178.705    12.9042    38.4833    29.1143 0.0000e+00
   2155.000    13.2340     0.1875 -9.990e-29 1.0000e-12 5.5033e+02    178.941    12.9041    38.4833    29.1144 0.0000e+00
   2156.000    13.2341     0.1807 -9.990e-29 1.0000e-12 5.5147e+02    178.754    12.9041    38.4833    29.1144 0.0000e+00
   2157.000    13.2344     0.1865 -9.990e-29 1.0000e-12 5.4756e+02    178.506    12.9042    38.4833    29.1144 0.0000e+00
   2158.000    13.2346     0.1892 -9.990e-29 1.0000e-12 5.3795e+02    178.452    12.9042    38.4833    29.1143 0.0000e+00
   2159.000    13.2346     0.1858 -9.990e-29 1.0000e-12 5.4121e+02    178.615    12.9041    38.4833    29.1144 0.0000e+00
   2160.000    13.2348     0.1797 -9.990e-29 1.0000e-12 5.3968e+02    178.726    12.9041    38.4835    29.1145 0.0000e+00
   2161.000    13.2351     0.1794    98.3436 1.0000e-12 5.3639e+02    178.659    12.9042    38.4832    29.1143 0.0000e+00
   2162.000    13.2351     0.1791    98.3482 1.0000e-12 5.3251e+02    178.473    12.9041    38.4834    29.1144 0.0000e+00
   2163.000    13.2353     0.1786    98.3448 1.0000e-12 5.3204e+02    178.380    12.9041    38.4834    29.1144 0.0000e+00
   2164.000    13.2355     0.1876    98.3303 1.0000e-12 5.3169e+02    178.418    12.9041    38.4833    29.1144 0.0000e+00
   2165.000    13.2357     0.1879    98.3436 1.0000e-12 5.3103e+02    178.934    12.9042    38.4833    29.1143 0.0000e+00
   2166.000    13.2360     0.1813    98.3436 1.0000e-12 5.2459e+02    179.084    12.9043    38.4833    29.1143 0.0000e+00
   2167.000    13.2360     0.1807 -9.990e-29 1.0000e-12 5.1836e+02    179.014    12.9042    38.4834    29.1144 0.0000e+00
   2168.000    13.2362     0.1768 -9.990e-29 1.0000e-12 5.2021e+02    178.543    12.9042    38.4834    29.1144 0.0000e+00
   2169.000    13.2363     0.1760 -9.990e-29 1.0000e-12 5.1338e+02    178.278    12.9042    38.4834    29.1144 0.0000e+00
   2170.000    13.2365     0.1837 -9.990e-29 1.0000e-12 5.0942e+02    178.454    12.9042    38.4834    29.1144 0.0000e+00
   2171.000    13.2367     0.1864 -9.990e-29 1.0000e-12 5.1272e+02    178.684    12.9042    38.4833    29.1144 0.0000e+00
   2172.000    13.2368     0.1876 -9.990e-29 1.0000e-12 5.1337e+02    178.768    12.9042    38.4834    29.1145 0.0000e+00
   2173.000    13.2369     0.1841 -9.990e-29 1.0000e-12 5.1030e+02    178.885    12.9041    38.4835    29.1145 0.0000e+00
   2174.000    13.2372     0.1826 -9.990e-29 1.0000e-12 5.0766e+02    178.891    12.9042    38.4834    29.1144 0.0000e+00
   2175.000    13.2373     0.1787 -9.990e-29 1.0000e-12 5.1063e+02    178.519    12.9042    38.4835    29.1145 0.0000e+00
   2176.000    13.2374     0.1797 -9.990e-29 1.0000e-12 5.0728e+02    178.690    12.9041    38.4834    29.1144 0.0000e+00
   2177.000    13.2376     0.1800 -9.990e-29 1.0000e-12 4.9909e+02    178.753    12.9042    38.4835    29.1145 0.0000e+00
   2178.000    13.2378     0.1829 -9.990e-29 1.0000e-12 4.9911e+02    178.792    12.9041    38.4835    29.1145 0.0000e+00
   2179.000    13.2380     0.1874 -9.990e-29 1.0000e-12 4.9487e+02    178.677    12.9042    38.4836    29.1146 0.0000e+00
   2180.000    13.2382     0.1886 -9.990e-29 1.0000e-12 4.8994e+02    178.936    12.9042    38.4835    29.1145 0.0000e+00
   2181.000    13.2383     0.1894 -9.990e-29 1.0000e-12 4.9161e+02    178.984    12.9042    38.4834    29.1144 0.0000e+00
   2182.000    13.2385     0.1848 -9.990e-29 1.0000e-12 4.8922e+02    178.918    12.9042    38.4835    29.1145 0.0000e+00
   2183.000    13.2387     0.1879 -9.990e-29 1.0000e-12 4.8645e+02    178.761    12.9042    38.4835    29.1145 0.0000e+00
   2184.000    13.2388     0.1885 -9.990e-29 1.0000e-12 4.8384e+02    178.791    12.9042    38.4834    29.1144 0.0000e+00
   2185.000    13.2391     0.1923 -9.990e-29 1.0000e-12 4.8593e+02    178.770    12.9042    38.4835    29.1145 0.0000e+00
   2186.000    13.2391     0.1878 -9.990e-29 1.0000e-12 4.8053e+02    178.790    12.9041    38.4834    29.1145 0.0000e+00
   2187.000    13.2394     0.1822 -9.990e-29 1.0000e-12 4.8129e+02    178.856    12.9042    38.4834    29.1145 0.0000e+00
   2188.000    13.2395     0.1850 -9.990e-29 1.0000e-12 4.8283e+02    179.004    12.9042    38.4834    29.1145 0.0000e+00
   2189.000    13.2396     0.1851 -9.990e-29 1.0000e-12 4.8146e+02    179.051    12.9041    38.4835    29.1145 0.0000e+00
   2190.000    13.2398     0.1840 -9.990e-29 1.0000e-12 4.8337e+02    179.016    12.9041    38.4835    29.1145 0.0000e+00
   2191.000    13.2400     0.1873 -9.990e-29 1.0000e-12 4.7529e+02    178.632    12.9042    38.4835    29.1145 0.0000e+00
   2192.000    13.2401     0.1801 -9.990e-29 1.0000e-12 4.7614e+02    178.643    12.9042    38.4835    29.1145 0.0000e+00
   2193.000    13.2403     0.1751 -9.990e-29 1.0000e-12 4.7927e+02    178.974    12.9042    38.4836    29.1146 0.0000e+00
   2194.000    13.2405     0.1779 -9.990e-29 1.0000e-12 4.7714e+02    178.864    12.9042    38.4835    29.1145 0.0000e+00
   2195.000    13.2407     0.1812 -9.990e-29 1.0000e-12 4.7753e+02    178.638    12.9043    38.4834    29.1144 0.0000e+00
   2196.000    13.2408     0.1821 -9.990e-29 1.0000e-12 4.7603e+02    178.841    12.9041    38.4835    29.1145 0.0000e+00
   2197.000    13.2409     0.1847 -9.990e-29 1.0000e-12 4.7146e+02    178.980    12.9041    38.4836    29.1146 0.0000e+00
   2198.000    13.2412     0.1853 -9.990e-29 1.0000e-12 4.7668e+02    178.760    12.9043    38.4835    29.1145 0.0000e+00
   2199.000    13.2413     0.1848 -9.990e-29 1.0000e-12 4.7510e+02    178.439    12.9042    38.4835    29.1145 0.0000e+00
   2200.000    13.2415     0.1795 -9.990e-29 1.0000e-12 4.7191e+02    178.352    12.9042    38.4835    29.1145 0.0000e+00
   2201.000    13.2417     0.1803 -9.990e-29 1.0000e-12 4.7194e+02    178.372    12.9042    38.4836    29.1146 0.0000e+00
   2202.000    13.2418     0.1787 -9.990e-29 -9.990e-29 4.7608e+02    178.694    12.9042    38.4835    29.1146 0.0000e+00
   2203.000    13.2420     0.1805 -9.990e-29 -9.990e-29 4.7748e+02    178.902    12.9042    38.4836    29.1146 0.0000e+00
   2204.000    13.2421     0.1857 -9.990e-29 -9.990e-29 4.7824e+02    178.946    12.9042    38.4836    29.1146 0.0000e+00
   2205.000    13.2423     0.1864 -9.990e-29 -9.990e-29 4.7740e+02    178.786    12.9042    38.4836    29.1146 0.0000e+00
   2206.000    13.2425     0.1807 -9.990e-29 1.0000e-12 4.7231e+02    178.869    12.9042    38.4836    29.1146 0.0000e+00
   2207.000    13.2427     0.1789 -9.990e-29 1.0000e-12 4.7854e+02    178.968    12.9042    38.4837    29.1147 0.0000e+00
   2208.000    13.2428     0.1827 -9.990e-29 1.0000e-12 4.8536e+02    178.750    12.9042    38.4837    29.1146 0.0000e+00
   2209.000    13.2431     0.1806 -9.990e-29 1.0000e-12 4.8310e+02    178.893    12.9043    38.4836    29.1146 0.0000e+00
   2210.000    13.2431     0.1828 -9.990e-29 1.0000e-12 4.7879e+02    178.816    12.9042    38.4836    29.1146 0.0000e+00
   2211.000    13.2434     0.1857 -9.990e-29 1.0000e-12 4.8332e+02    179.052    12.9043    38.4836    29.1145 0.0000e+00
   2212.000    13.2435     0.1863 -9.990e-29 1.0000e-12 4.8824e+02    179.012    12.9043    38.4836    29.1146 0.0000e+00
   2213.000    13.2437     0.1899 -9.990e-29 1.0000e-12 4.8565e+02    178.879    12.9042    38.4837    29.1146 0.0000e+00
   2214.000    13.2438     0.1830 -9.990e-29 1.0000e-12 4.8493e+02    178.750    12.9042    38.4837    29.1146 0.0000e+00
   2215.000    13.2440     0.1805 -9.990e-29 1.0000e-12 4.9580e+02    178.920    12.9043    38.4836    29.1146 0.0000e+00
   2216.000    13.2441     0.1864 -9.990e-29 1.0000e-12 4.9232e+02    179.129    12.9042    38.4838    29.1148 0.0000e+00
   2217.000    13.2443     0.1855 -9.990e-29 1.0000e-12 4.9410e+02    179.275    12.9042    38.4837    29.1147 0.0000e+00
   2218.000    13.2445     0.1867 -9.990e-29 1.0000e-12 4.9586e+02    179.126    12.9043    38.4837    29.1146 0.0000e+00
   2219.000    13.2448     0.1848 -9.990e-29 1.0000e-12 4.9282e+02    179.075    12.9043    38.4836    29.1145 0.0000e+00
   2220.000    13.2449     0.1795 -9.990e-29 1.0000e-12 4.9606e+02    178.832    12.9043    38.4836    29.1146 0.0000e+00
   2221.000    13.2450     0.1781 -9.990e-29 1.0000e-12 4.9779e+02    178.888    12.9043    38.4838    29.1147 0.0000e+00
   2222.000    13.2452     0.1782 -9.990e-29 1.0000e-12 5.0872e+02    179.099    12.9043    38.4838    29.1147 0.0000e+00
   2223.000    13.2455     0.1751 -9.990e-29 1.0000e-12 5.0947e+02    179.109    12.9044    38.4837    29.1146 0.0000e+00
   2224.000    13.2456     0.1758 -9.990e-29 1.0000e-12 5.1107e+02    178.982    12.9043    38.4838    29.1147 0.0000e+00
   2225.000    13.2458     0.1775 -9.990e-29 1.0000e-12 5.1142e+02    178.878    12.9043    38.4837    29.1147 0.0000e+00
   2226.000    13.2460     0.1789 -9.990e-29 1.0000e-12 5.1642e+02    178.938    12.9044    38.4837    29.1146 0.0000e+00
   2227.000    13.2462     0.1789 -9.990e-29 1.0000e-12 5.2367e+02    178.845    12.9044    38.4837    29.1146 0.0000e+00
   2228.000    13.2464     0.1785 -9.990e-29 1.0000e-12 5.2449e+02    178.872    12.9045    38.4836    29.1145 0.0000e+00
   2229.000    13.2465     0.1816 -9.990e-29 1.0000e-12 5.2555e+02    178.806    12.9044    38.4838    29.1147 0.0000e+00
   2230.000    13.2466     0.1796 -9.990e-29 1.0000e-12 5.3431e+02    178.835    12.9044    38.4838    29.1147 0.0000e+00
