Data/ruptures/PEACETIME/FAST/PEACETIME_FAST_CTD_085.cnv
* Sea-Bird SBE 9 Data File:
* FileName = C:\CTD\rawCTD\PEACETIME_FAST_CTD_085.hdr
* Software Version Seasave V 7.23.2
* Temperature SN = 1378
* Conductivity SN = 2929
* Number of Bytes Per Scan = 38
* Number of Voltage Words = 5
* Number of Scans Averaged by the Deck Unit = 1
* NMEA Latitude = 37 56.80 N
* NMEA Longitude = 002 55.00 E
* NMEA UTC (Time) = Jun 07 2017  17:13:44
* NMEA baud rate = 4800
** Cruise:   PEACETIME
** Station:   FAST_CTD_085
# nquan = 11
# nvalues = 510                         
# units = specified
# name 0 = prDM: Pressure, Digiquartz [db]
# name 1 = t090C: Temperature [ITS-90, deg C]
# name 2 = flC: Fluorescence, Chelsea Aqua 3 Chl Con [ug/l]
# name 3 = CStarTr0: Beam Transmission, WET Labs C-Star [%]
# name 4 = par: PAR/Irradiance, Biospherical/Licor
# name 5 = spar: SPAR/Surface Irradiance
# name 6 = sbeox0Mm/Kg: Oxygen, SBE 43 [umol/kg]
# name 7 = potemp090C: Potential Temperature [ITS-90, deg C]
# name 8 = sal00: Salinity, Practical [PSU]
# name 9 = sigma-é00: Density [sigma-theta, kg/m^3]
# name 10 = flag:
# span 0 =      4.000,    513.000       
# span 1 =    13.4467,    21.8412       
# span 2 =     0.1790,     0.4177       
# span 3 =    88.1151,    98.1942       
# span 4 = -3.567e-06, 6.2801e+01       
# span 5 = 1.4551e+03, 1.7347e+03       
# span 6 =    151.902,    240.775       
# span 7 =    13.3715,    21.8393       
# span 8 =    37.0360,    38.5936       
# span 9 =    25.8758,    29.0902       
# span 10 = 0.0000e+00, 0.0000e+00      
# interval = decibars: 1                
# start_time = Jun 07 2017 17:13:45 [NMEA time, first data scan]
# bad_flag = -9.990e-29
*END*
[from data line 394]
    398.000    13.5629     0.1897    98.1354 1.0000e-12 1.4975e+03    152.714    13.5044    38.5896    29.0710 0.0000e+00
    399.000    13.5636     0.1888 -9.990e-29 -9.990e-29 1.4989e+03    152.751    13.5049    38.5900    29.0711 0.0000e+00
    400.000    13.5630     0.1887    98.1322 -9.990e-29 1.4956e+03    153.050    13.5041    38.5899    29.0712 0.0000e+00
    401.000    13.5611     0.1873    98.1252 -9.990e-29 1.4915e+03    152.978    13.5021    38.5895    29.0713 0.0000e+00
    402.000    13.5583     0.1856    98.1360 -9.990e-29 1.4952e+03    152.597    13.4992    38.5890    29.0716 0.0000e+00
    403.000    13.5557     0.1856 -9.990e-29 -9.990e-29 1.4941e+03    152.518    13.4964    38.5885    29.0718 0.0000e+00
    404.000    13.5538     0.1877    98.1354 1.0000e-12 1.4984e+03    152.900    13.4944    38.5882    29.0719 0.0000e+00
    405.000    13.5519     0.1953    98.1354 1.0000e-12 1.4992e+03    152.789    13.4923    38.5878    29.0721 0.0000e+00
    406.000    13.5481     0.1873    98.1354 1.0000e-12 1.4994e+03    152.761    13.4883    38.5871    29.0724 0.0000e+00
    407.000    13.5440     0.1907    98.1354 1.0000e-12 1.5035e+03    152.831    13.4841    38.5862    29.0726 0.0000e+00
    408.000    13.5399     0.1874    98.1354 1.0000e-12 1.5002e+03    153.081    13.4799    38.5855    29.0729 0.0000e+00
    409.000    13.5377     0.1915    98.1354 1.0000e-12 1.4990e+03    152.660    13.4776    38.5851    29.0731 0.0000e+00
    410.000    13.5358     0.1902    98.1354 1.0000e-12 1.5012e+03    152.679    13.4756    38.5847    29.0733 0.0000e+00
    411.000    13.5343     0.1958    98.1354 1.0000e-12 1.4998e+03    152.860    13.4738    38.5847    29.0736 0.0000e+00
    412.000    13.5330     0.1923 -9.990e-29 1.0000e-12 1.5022e+03    152.715    13.4725    38.5845    29.0737 0.0000e+00
    413.000    13.5332     0.1898 -9.990e-29 1.0000e-12 1.4992e+03    152.613    13.4725    38.5847    29.0739 0.0000e+00
    414.000    13.5320     0.1918 -9.990e-29 1.0000e-12 1.4983e+03    152.741    13.4712    38.5848    29.0743 0.0000e+00
    415.000    13.5369     0.1938 -9.990e-29 1.0000e-12 1.4945e+03    152.597    13.4758    38.5871    29.0751 0.0000e+00
    416.000    13.5325     0.1906    98.1354 1.0000e-12 1.4967e+03    152.989    13.4713    38.5859    29.0751 0.0000e+00
    417.000    13.5287     0.1889    98.1354 1.0000e-12 1.4954e+03    152.847    13.4674    38.5852    29.0754 0.0000e+00
    418.000    13.5264     0.1796    98.1354 1.0000e-12 1.4939e+03    152.841    13.4650    38.5846    29.0754 0.0000e+00
    419.000    13.5275     0.1857    98.1325 -9.990e-29 1.4945e+03    153.093    13.4660    38.5851    29.0756 0.0000e+00
    420.000    13.5254     0.1856    98.1091 -9.990e-29 1.4900e+03    153.253    13.4637    38.5851    29.0761 0.0000e+00
    421.000    13.5323     0.1900    98.1349 1.0000e-12 1.4896e+03    153.740    13.4704    38.5884    29.0772 0.0000e+00
    422.000    13.5361     0.1911    98.1354 1.0000e-12 1.4899e+03    153.475    13.4740    38.5900    29.0777 0.0000e+00
    423.000    13.5403     0.1918    98.1354 1.0000e-12 1.4988e+03    153.281    13.4780    38.5920    29.0783 0.0000e+00
    424.000    13.5428     0.1882    98.1354 1.0000e-12 1.4961e+03    153.093    13.4804    38.5932    29.0788 0.0000e+00
    425.000    13.5429     0.1949    98.1362 1.0000e-12 1.4897e+03    153.412    13.4804    38.5932    29.0788 0.0000e+00
    426.000    13.5431     0.1916    98.1394 1.0000e-12 1.4874e+03    153.439    13.4804    38.5931    29.0787 0.0000e+00
    427.000    13.5432     0.1906    98.1412 1.0000e-12 1.4927e+03    153.396    13.4804    38.5930    29.0787 0.0000e+00
    428.000    13.5434     0.1835 -9.990e-29 1.0000e-12 1.4914e+03    153.573    13.4804    38.5932    29.0788 0.0000e+00
    429.000    13.5443     0.1880 -9.990e-29 1.0000e-12 1.4847e+03    153.755    13.4811    38.5936    29.0790 0.0000e+00
    430.000    13.5445     0.1909    98.1403 1.0000e-12 1.4854e+03    153.742    13.4812    38.5936    29.0789 0.0000e+00
    431.000    13.5432     0.1845    98.1284 1.0000e-12 1.4892e+03    153.288    13.4798    38.5932    29.0790 0.0000e+00
    432.000    13.5403     0.1913    98.1411 1.0000e-12 1.4908e+03    153.467    13.4768    38.5928    29.0793 0.0000e+00
    433.000    13.5385     0.1875    98.1353 -9.990e-29 1.4910e+03    153.860    13.4748    38.5924    29.0794 0.0000e+00
    434.000    13.5358     0.1885    98.1354 -9.990e-29 1.4881e+03    153.527    13.4720    38.5918    29.0795 0.0000e+00
    435.000    13.5327     0.1888    98.1276 -9.990e-29 1.4876e+03    153.322    13.4687    38.5911    29.0797 0.0000e+00
    436.000    13.5300     0.1930    98.1328 -9.990e-29 1.4952e+03    153.623    13.4659    38.5905    29.0798 0.0000e+00
    437.000    13.5264     0.1989    98.1347 1.0000e-12 1.4886e+03    153.129    13.4621    38.5900    29.0802 0.0000e+00
    438.000    13.5249     0.1897    98.1354 1.0000e-12 1.4858e+03    153.375    13.4605    38.5902    29.0807 0.0000e+00
    439.000    13.5266     0.1856    98.1354 1.0000e-12 1.4865e+03    154.086    13.4620    38.5909    29.0809 0.0000e+00
    440.000    13.5252     0.1964    98.1354 1.0000e-12 1.4893e+03    153.873    13.4605    38.5906    29.0810 0.0000e+00
    441.000    13.5205     0.1899    98.1354 1.0000e-12 1.4886e+03    153.613    13.4556    38.5896    29.0813 0.0000e+00
    442.000    13.5175     0.1845    98.1229 1.0000e-12 1.4864e+03    153.476    13.4525    38.5893    29.0817 0.0000e+00
    443.000    13.5163     0.1893    98.1326 1.0000e-12 1.4842e+03    153.757    13.4511    38.5891    29.0819 0.0000e+00
    444.000    13.5155     0.1932    98.1370 1.0000e-12 1.4887e+03    153.954    13.4502    38.5891    29.0820 0.0000e+00
    445.000    13.5153     0.1948    98.1323 1.0000e-12 1.4890e+03    154.348    13.4499    38.5890    29.0820 0.0000e+00
    446.000    13.5152     0.1950    98.1341 1.0000e-12 1.4867e+03    153.775    13.4496    38.5888    29.0820 0.0000e+00
    447.000    13.5145     0.1920    98.1354 1.0000e-12 1.4868e+03    153.763    13.4487    38.5888    29.0821 0.0000e+00
    448.000    13.5141     0.1907    98.1354 1.0000e-12 1.4891e+03    154.360    13.4483    38.5887    29.0822 0.0000e+00
    449.000    13.5133     0.1855    98.1354 1.0000e-12 1.4883e+03    154.316    13.4473    38.5886    29.0823 0.0000e+00
    450.000    13.5140     0.1908    98.1354 -9.990e-29 1.4864e+03    153.829    13.4478    38.5888    29.0823 0.0000e+00
    451.000    13.5137     0.1851    98.1354 1.0000e-12 1.4914e+03    154.225    13.4474    38.5890    29.0825 0.0000e+00
    452.000    13.5119     0.1863    98.1354 1.0000e-12 1.4882e+03    154.239    13.4455    38.5886    29.0827 0.0000e+00
    453.000    13.5093     0.1860    98.1354 1.0000e-12 1.4791e+03    154.169    13.4426    38.5881    29.0829 0.0000e+00
    454.000    13.5076     0.1866    98.1354 1.0000e-12 1.4842e+03    154.476    13.4408    38.5878    29.0830 0.0000e+00
    455.000    13.5067     0.1879    98.1354 1.0000e-12 1.4869e+03    154.286    13.4398    38.5879    29.0833 0.0000e+00
    456.000    13.5069     0.1927    98.1354 1.0000e-12 1.4861e+03    154.185    13.4398    38.5880    29.0834 0.0000e+00
    457.000    13.5066     0.1930    98.1354 1.0000e-12 1.4813e+03    154.236    13.4394    38.5880    29.0835 0.0000e+00
    458.000    13.5083     0.1883    98.1354 1.0000e-12 1.4843e+03    154.131    13.4409    38.5886    29.0837 0.0000e+00
    459.000    13.5098     0.1922    98.1354 1.0000e-12 1.4846e+03    154.017    13.4423    38.5894    29.0839 0.0000e+00
    460.000    13.5065     0.1954    98.1354 1.0000e-12 1.4827e+03    153.898    13.4389    38.5884    29.0839 0.0000e+00
    461.000    13.5034     0.1880    98.1354 1.0000e-12 1.4844e+03    154.373    13.4357    38.5877    29.0841 0.0000e+00
    462.000    13.5032     0.1875    98.1354 1.0000e-12 1.4849e+03    154.589    13.4353    38.5879    29.0843 0.0000e+00
    463.000    13.5033     0.1903    98.1334 1.0000e-12 1.4784e+03    154.374    13.4352    38.5880    29.0844 0.0000e+00
    464.000    13.5032     0.1938    98.1334 1.0000e-12 1.4774e+03    154.291    13.4349    38.5880    29.0845 0.0000e+00
    465.000    13.5034     0.1889    98.1390 1.0000e-12 1.4766e+03    154.731    13.4350    38.5883    29.0846 0.0000e+00
    466.000    13.5037     0.1879    98.1422 1.0000e-12 1.4804e+03    154.691    13.4351    38.5885    29.0848 0.0000e+00
    467.000    13.4979     0.1872    98.1388 1.0000e-12 1.4808e+03    154.351    13.4292    38.5869    29.0848 0.0000e+00
    468.000    13.4963     0.1864 -9.990e-29 -9.990e-29 1.4734e+03    154.273    13.4274    38.5871    29.0853 0.0000e+00
    469.000    13.4954     0.1891    98.1419 1.0000e-12 1.4767e+03    154.420    13.4264    38.5868    29.0853 0.0000e+00
    470.000    13.4936     0.1940    98.1401 4.7705e-06 1.4775e+03    154.748    13.4245    38.5864    29.0854 0.0000e+00
    471.000    13.4967     0.1940    98.1421 -2.947e-08 1.4766e+03    155.097    13.4274    38.5876    29.0857 0.0000e+00
    472.000    13.4976     0.1913    98.1396 1.0000e-12 1.4752e+03    155.086    13.4282    38.5879    29.0858 0.0000e+00
    473.000    13.4979     0.1883    98.1424 1.0000e-12 1.4723e+03    154.877    13.4284    38.5881    29.0859 0.0000e+00
    474.000    13.4972     0.1856    98.1375 1.0000e-12 1.4740e+03    155.214    13.4275    38.5879    29.0859 0.0000e+00
    475.000    13.4964     0.1909    98.1382 1.0000e-12 1.4735e+03    154.737    13.4265    38.5876    29.0859 0.0000e+00
    476.000    13.4940     0.1864    98.1388 1.0000e-12 1.4723e+03    154.549    13.4240    38.5872    29.0861 0.0000e+00
    477.000    13.4912     0.1910 -9.990e-29 1.0000e-12 1.4740e+03    154.740    13.4211    38.5867    29.0863 0.0000e+00
    478.000    13.4885     0.1919 -9.990e-29 1.0000e-12 1.4751e+03    155.230    13.4183    38.5861    29.0865 0.0000e+00
    479.000    13.4872     0.1917 -9.990e-29 1.0000e-12 1.4716e+03    155.446    13.4168    38.5859    29.0866 0.0000e+00
    480.000    13.4832     0.1907 -9.990e-29 -9.990e-29 1.4735e+03    155.009    13.4126    38.5849    29.0868 0.0000e+00
    481.000    13.4772     0.1906 -9.990e-29 -9.990e-29 1.4731e+03    155.388    13.4065    38.5837    29.0871 0.0000e+00
    482.000    13.4720     0.1926 -9.990e-29 -9.990e-29 1.4730e+03    155.199    13.4012    38.5827    29.0875 0.0000e+00
    483.000    13.4684     0.1873 -9.990e-29 1.0000e-12 1.4729e+03    155.342    13.3974    38.5819    29.0877 0.0000e+00
    484.000    13.4647     0.1908 -9.990e-29 1.0000e-12 1.4715e+03    155.299    13.3936    38.5813    29.0880 0.0000e+00
    485.000    13.4624     0.1908 -9.990e-29 1.0000e-12 1.4711e+03    155.493    13.3912    38.5807    29.0880 0.0000e+00
    486.000    13.4601     0.1915    98.1354 1.0000e-12 1.4692e+03    155.379    13.3887    38.5803    29.0883 0.0000e+00
    487.000    13.4573     0.1888    98.1354 1.0000e-12 1.4678e+03    155.494    13.3858    38.5796    29.0883 0.0000e+00
    488.000    13.4550     0.1921    98.1354 1.0000e-12 1.4673e+03    155.644    13.3834    38.5793    29.0886 0.0000e+00
    489.000    13.4537     0.1970    98.1354 1.0000e-12 1.4706e+03    155.500    13.3819    38.5789    29.0886 0.0000e+00
    490.000    13.4529     0.1953    98.1354 1.0000e-12 1.4678e+03    155.139    13.3810    38.5787    29.0886 0.0000e+00
    491.000    13.4534     0.1936    98.1354 1.0000e-12 1.4668e+03    155.174    13.3813    38.5789    29.0888 0.0000e+00
    492.000    13.4536     0.1918    98.1354 1.0000e-12 1.4758e+03    155.626    13.3814    38.5789    29.0887 0.0000e+00
    493.000    13.4539     0.1893    98.1354 1.0000e-12 1.4715e+03    155.784    13.3815    38.5790    29.0888 0.0000e+00
    494.000    13.4562     0.1859    98.1354 1.0000e-12 1.4763e+03    155.857    13.3836    38.5797    29.0889 0.0000e+00
    495.000    13.4571     0.1908    98.1354 1.0000e-12 1.4754e+03    155.898    13.3844    38.5799    29.0889 0.0000e+00
    496.000    13.4584     0.1908    98.1354 1.0000e-12 1.4723e+03    156.055    13.3856    38.5805    29.0891 0.0000e+00
    497.000    13.4641     0.1895    98.1380 1.0000e-12 1.4702e+03    156.011    13.3911    38.5825    29.0895 0.0000e+00
    498.000    13.4647     0.1891    98.1406 -9.990e-29 1.4764e+03    155.939    13.3915    38.5825    29.0894 0.0000e+00
    499.000    13.4647     0.1927    98.1390 -9.990e-29 1.4753e+03    155.540    13.3913    38.5825    29.0894 0.0000e+00
    500.000    13.4644     0.1915    98.1460 -9.990e-29 1.4715e+03    155.438    13.3909    38.5825    29.0895 0.0000e+00
    501.000    13.4644     0.1925    98.1409 -9.990e-29 1.4753e+03    155.977    13.3908    38.5825    29.0895 0.0000e+00
    502.000    13.4638     0.1948    98.1436 2.2222e-05 1.4730e+03    156.389    13.3900    38.5824    29.0896 0.0000e+00
    503.000    13.4632     0.1941    98.1428 5.6359e-07 1.4661e+03    156.378    13.3893    38.5822    29.0896 0.0000e+00
    504.000    13.4623     0.1874    98.1326 2.8944e-06 1.4743e+03    156.645    13.3883    38.5820    29.0896 0.0000e+00
    505.000    13.4605     0.1848 -9.990e-29 -4.256e-08 1.4742e+03    156.528    13.3862    38.5813    29.0896 0.0000e+00
    506.000    13.4586     0.1888 -9.990e-29 1.0000e-12 1.4729e+03    156.107    13.3843    38.5808    29.0896 0.0000e+00
    507.000    13.4580     0.1889    98.1354 1.0000e-12 1.4735e+03    155.953    13.3835    38.5808    29.0897 0.0000e+00
    508.000    13.4545     0.1893    98.1354 1.0000e-12 1.4736e+03    156.301    13.3798    38.5798    29.0897 0.0000e+00
    509.000    13.4507     0.1872    98.1354 1.0000e-12 1.4703e+03    156.188    13.3760    38.5790    29.0900 0.0000e+00
    510.000    13.4494     0.1839    98.1354 7.1457e-06 1.4761e+03    156.215    13.3745    38.5787    29.0900 0.0000e+00
    511.000    13.4478     0.1886    98.1354 -9.990e-29 1.4724e+03    156.191    13.3728    38.5783    29.0901 0.0000e+00
    512.000    13.4467     0.1953    98.1361 2.3262e-06 1.4656e+03    156.684    13.3715    38.5781    29.0902 0.0000e+00
    513.000    13.4631     0.1919    98.1942 -3.031e-06 1.4551e+03    156.342    13.3877    38.5811    29.0892 0.0000e+00
