Data/ruptures/PEACETIME/FAST/PEACETIME_FAST_CTD_069.cnv
* Sea-Bird SBE 9 Data File:
* FileName = C:\CTD\rawCTD\PEACETIME_FAST_CTD_069.hdr
* Software Version Seasave V 7.23.2
* Temperature SN = 1378
* Conductivity SN = 2929
* Number of Bytes Per Scan = 38
* Number of Voltage Words = 5
* Number of Scans Averaged by the Deck Unit = 1
* NMEA Latitude = 37 56.79 N
* NMEA Longitude = 002 55.01 E
* NMEA UTC (Time) = Jun 05 2017  12:59:36
* NMEA baud rate = 4800
** Cruise:   PEACETIME
** Station:   FAST_CTD_069
# nquan = 11
# nvalues = 400                         
# units = specified
# name 0 = prDM: Pressure, Digiquartz [db]
# name 1 = t090C: Temperature [ITS-90, deg C]
# name 2 = flC: Fluorescence, Chelsea Aqua 3 Chl Con [ug/l]
# name 3 = CStarTr0: Beam Transmission, WET Labs C-Star [%]
# name 4 = par: PAR/Irradiance, Biospherical/Licor
# name 5 = spar: SPAR/Surface Irradiance
# name 6 = sbeox0Mm/Kg: Oxygen, SBE 43 [umol/kg]
# name 7 = potemp090C: Potential Temperature [ITS-90, deg C]
# name 8 = sal00: Salinity, Practical [PSU]
# name 9 = sigma-é00: Density [sigma-theta, kg/m^3]
# name 10 = flag:
# span 0 =      2.000,    401.000       
# span 1 =    13.5713,    21.4512       
# span 2 =     0.1792,     0.7130       
# span 3 =    89.2038,    98.2654       
# span 4 = -3.559e-05, 2.7930e+02       
# span 5 = 1.4620e+03, 3.1049e+03       
# span 6 =    152.311,    241.139       
# span 7 =    13.5123,    21.4502       
# span 8 =    36.9794,    38.5933       
# span 9 =    25.9229,    29.0721       
# span 10 = 0.0000e+00, 0.0000e+00      
# interval = decibars: 1                
# start_time = Jun 05 2017 12:59:36 [NMEA time, first data scan]
# bad_flag = -9.990e-29
*END*
[from data line 132]
    134.000    13.9834     0.2122    97.9507 2.5117e-01 2.3052e+03    193.835    13.9635    38.1821    28.6567 0.0000e+00
    135.000    13.9798     0.2157    97.9539 2.4557e-01 2.5075e+03    194.738    13.9597    38.1850    28.6598 0.0000e+00
    136.000    13.9616     0.2130    97.9573 2.4383e-01 2.5555e+03    191.085    13.9415    38.1927    28.6697 0.0000e+00
    137.000    13.9444     0.2083    97.9870 2.4902e-01 2.5424e+03    187.535    13.9241    38.1993    28.6786 0.0000e+00
    138.000    13.9390     0.2036    97.9801 2.4177e-01 2.5829e+03    186.483    13.9186    38.2012    28.6813 0.0000e+00
    139.000    13.9324     0.1997    98.0088 2.2887e-01 2.6202e+03    185.134    13.9119    38.2035    28.6845 0.0000e+00
    140.000    13.9113     0.1956    97.9985 2.2116e-01 2.5771e+03    182.466    13.8906    38.2118    28.6955 0.0000e+00
    141.000    13.8832     0.1946    98.0126 2.1381e-01 2.4794e+03    181.372    13.8624    38.2206    28.7084 0.0000e+00
    142.000    13.8750     0.1965    98.0274 2.0403e-01 2.3925e+03    181.170    13.8540    38.2236    28.7125 0.0000e+00
    143.000    13.8710     0.1954    98.0204 1.9264e-01 2.2815e+03    180.769    13.8499    38.2250    28.7145 0.0000e+00
    144.000    13.8670     0.1915    98.0103 1.7636e-01 2.2497e+03    181.092    13.8458    38.2265    28.7165 0.0000e+00
    145.000    13.8573     0.1979    98.0315 1.5286e-01 2.2030e+03    181.661    13.8359    38.2315    28.7225 0.0000e+00
    146.000    13.8535     0.1905    98.0297 1.3628e-01 2.1008e+03    181.058    13.8320    38.2343    28.7255 0.0000e+00
    147.000    13.8485     0.1848    98.0197 1.2679e-01 2.0253e+03    180.879    13.8269    38.2370    28.7287 0.0000e+00
    148.000    13.8419     0.1922    98.0134 1.1665e-01 2.0152e+03    181.191    13.8200    38.2400    28.7325 0.0000e+00
    149.000    13.8371     0.1954    98.0188 1.0655e-01 2.0653e+03    182.126    13.8152    38.2445    28.7370 0.0000e+00
    150.000    13.8231     0.1921    98.0391 9.8046e-02 2.0202e+03    181.531    13.8010    38.2498    28.7442 0.0000e+00
    151.000    13.8178     0.1936    98.0374 9.2901e-02 1.8915e+03    181.718    13.7956    38.2519    28.7470 0.0000e+00
    152.000    13.8172     0.1965    98.0344 8.8273e-02 1.7955e+03    181.420    13.7949    38.2520    28.7472 0.0000e+00
    153.000    13.8167     0.1912    98.0595 8.5064e-02 1.7710e+03    184.694    13.7941    38.2569    28.7512 0.0000e+00
    154.000    13.8088     0.1898    98.0666 8.5482e-02 1.8049e+03    183.964    13.7861    38.2587    28.7543 0.0000e+00
    155.000    13.7936     0.1883    98.0655 8.5069e-02 1.8426e+03    182.252    13.7708    38.2617    28.7599 0.0000e+00
    156.000    13.7890     0.1920    98.0453 8.5534e-02 1.8674e+03    183.482    13.7660    38.2648    28.7634 0.0000e+00
    157.000    13.7836     0.1964    98.0304 8.1768e-02 1.8970e+03    184.402    13.7605    38.2686    28.7674 0.0000e+00
    158.000    13.7808     0.1953    98.0619 7.6481e-02 1.9533e+03    186.294    13.7575    38.2732    28.7716 0.0000e+00
    159.000    13.7784     0.1929    98.0560 7.3250e-02 1.9339e+03    186.797    13.7550    38.2746    28.7733 0.0000e+00
    160.000    13.7769     0.1943    98.0580 6.7737e-02 1.9038e+03    187.555    13.7534    38.2756    28.7744 0.0000e+00
    161.000    13.7755     0.1993    98.0594 6.2562e-02 1.9030e+03    188.116    13.7519    38.2787    28.7772 0.0000e+00
    162.000    13.7738     0.1965    98.0673 5.9062e-02 1.9471e+03    189.733    13.7500    38.2830    28.7808 0.0000e+00
    163.000    13.7790     0.1940    98.0761 5.5502e-02 2.0272e+03    189.892    13.7551    38.2890    28.7844 0.0000e+00
    164.000    13.7715     0.1942    98.1001 4.9050e-02 1.9419e+03    189.895    13.7473    38.2902    28.7870 0.0000e+00
    165.000    13.7599     0.1981    98.1064 4.3123e-02 1.8320e+03    189.187    13.7356    38.2906    28.7898 0.0000e+00
    166.000    13.7457     0.1984    98.0768 4.0308e-02 1.8257e+03    186.718    13.7213    38.2915    28.7936 0.0000e+00
    167.000    13.7395     0.2023    98.0855 3.9390e-02 1.8434e+03    186.892    13.7149    38.2929    28.7960 0.0000e+00
    168.000    13.7327     0.1972    98.0818 3.5193e-02 1.8522e+03    186.263    13.7080    38.2945    28.7988 0.0000e+00
    169.000    13.7314     0.1968    98.0637 3.3970e-02 1.8210e+03    189.305    13.7065    38.2989    28.8025 0.0000e+00
    170.000    13.7276     0.1952    98.0917 3.2062e-02 1.7925e+03    188.069    13.7026    38.3001    28.8042 0.0000e+00
    171.000    13.7186     0.1975    98.0905 3.0171e-02 1.7736e+03    186.445    13.6935    38.2997    28.8059 0.0000e+00
    172.000    13.7119     0.2015    98.0957 2.7735e-02 1.7511e+03    189.476    13.6867    38.3039    28.8106 0.0000e+00
    173.000    13.7144     0.2018    98.1047 2.5505e-02 1.7158e+03    190.271    13.6890    38.3056    28.8115 0.0000e+00
    174.000    13.7101     0.1998    98.1197 2.4402e-02 1.6914e+03    185.756    13.6846    38.3084    28.8145 0.0000e+00
    175.000    13.7013     0.1964    98.1096 2.3303e-02 1.6725e+03    185.454    13.6757    38.3107    28.8182 0.0000e+00
    176.000    13.6905     0.1895    98.0939 2.0997e-02 1.6572e+03    185.437    13.6647    38.3107    28.8205 0.0000e+00
    177.000    13.6859     0.1915    98.1082 2.0874e-02 1.6521e+03    185.201    13.6599    38.3142    28.8243 0.0000e+00
    178.000    13.6850     0.1858    98.1195 1.9937e-02 1.6697e+03    185.418    13.6589    38.3190    28.8282 0.0000e+00
    179.000    13.6828     0.1847    98.0958 1.9432e-02 1.6652e+03    184.471    13.6565    38.3198    28.8293 0.0000e+00
    180.000    13.6786     0.1946    98.1009 1.7878e-02 1.6406e+03    184.406    13.6522    38.3204    28.8307 0.0000e+00
    181.000    13.6795     0.1969    98.1064 1.5966e-02 1.6222e+03    184.350    13.6530    38.3232    28.8328 0.0000e+00
    182.000    13.6670     0.1909    98.1184 1.4734e-02 1.6033e+03    184.485    13.6404    38.3228    28.8351 0.0000e+00
    183.000    13.6594     0.1863    98.1079 1.3945e-02 1.6011e+03    184.013    13.6326    38.3243    28.8379 0.0000e+00
    184.000    13.6586     0.1935    98.1105 1.2835e-02 1.6003e+03    183.962    13.6316    38.3292    28.8420 0.0000e+00
    185.000    13.6697     0.1909    98.1078 9.9466e-03 1.5918e+03    183.423    13.6425    38.3357    28.8446 0.0000e+00
    186.000    13.6727     0.1903    98.1109 1.1494e-02 1.5790e+03    183.641    13.6455    38.3390    28.8466 0.0000e+00
    187.000    13.6700     0.1914 -9.990e-29 1.0509e-02 1.5649e+03    183.599    13.6426    38.3405    28.8484 0.0000e+00
    188.000    13.6684     0.1895    98.1315 7.6678e-03 1.5515e+03    183.132    13.6408    38.3441    28.8516 0.0000e+00
    189.000    13.6731     0.1870    98.1301 4.8512e-03 1.5480e+03    182.730    13.6454    38.3537    28.8580 0.0000e+00
    190.000    13.6735     0.1896    98.1587 4.4614e-03 1.5468e+03    181.868    13.6457    38.3580    28.8613 0.0000e+00
    191.000    13.6730     0.2000    98.1627 6.0553e-03 1.5447e+03    181.182    13.6450    38.3639    28.8660 0.0000e+00
    192.000    13.6837     0.1933    98.1737 4.6037e-03 1.5447e+03    179.595    13.6556    38.3701    28.8685 0.0000e+00
    193.000    13.6872     0.1894    98.1791 5.4226e-03 1.5446e+03    179.368    13.6589    38.3725    28.8697 0.0000e+00
    194.000    13.6873     0.1875    98.1604 4.5093e-03 1.5486e+03    179.030    13.6588    38.3739    28.8708 0.0000e+00
    195.000    13.6861     0.1943    98.1808 4.2607e-03 1.5499e+03    178.624    13.6574    38.3763    28.8730 0.0000e+00
    196.000    13.6852     0.1905    98.1883 8.2322e-03 1.5508e+03    178.152    13.6564    38.3779    28.8744 0.0000e+00
    197.000    13.6837     0.1891    98.1892 5.9080e-03 1.5622e+03    178.300    13.6548    38.3791    28.8757 0.0000e+00
    198.000    13.6826     0.1909    98.1679 6.4379e-03 1.5762e+03    178.011    13.6536    38.3813    28.8777 0.0000e+00
    199.000    13.6803     0.1894    98.1918 5.4026e-03 1.5871e+03    177.968    13.6511    38.3850    28.8811 0.0000e+00
    200.000    13.6780     0.1957    98.1962 3.3831e-03 1.6043e+03    177.641    13.6487    38.3868    28.8830 0.0000e+00
    201.000    13.6781     0.1924    98.1942 2.0470e-03 1.6205e+03    177.758    13.6486    38.3878    28.8838 0.0000e+00
    202.000    13.6780     0.1942    98.1861 1.5514e-03 1.6170e+03    177.294    13.6483    38.3889    28.8847 0.0000e+00
    203.000    13.6774     0.1945    98.1840 1.4742e-03 1.6107e+03    176.861    13.6476    38.3899    28.8856 0.0000e+00
    204.000    13.6767     0.1891    98.1964 1.6607e-03 1.5985e+03    176.334    13.6467    38.3912    28.8868 0.0000e+00
    205.000    13.6749     0.1935    98.1952 1.9294e-03 1.5884e+03    176.136    13.6448    38.3950    28.8902 0.0000e+00
    206.000    13.6725     0.2016    98.2016 1.2209e-03 1.5873e+03    176.096    13.6422    38.3992    28.8940 0.0000e+00
    207.000    13.6715     0.2003    98.1962 1.0220e-03 1.5858e+03    176.383    13.6412    38.4014    28.8959 0.0000e+00
    208.000    13.6725     0.1931    98.2050 1.0651e-03 1.5807e+03    176.175    13.6420    38.4016    28.8958 0.0000e+00
    209.000    13.6716     0.1934    98.1974 9.2260e-04 1.5846e+03    176.064    13.6409    38.4052    28.8989 0.0000e+00
    210.000    13.6668     0.1916    98.2104 1.3861e-03 1.5850e+03    175.794    13.6360    38.4098    28.9035 0.0000e+00
    211.000    13.6620     0.1828    98.2136 1.4489e-03 1.5897e+03    174.781    13.6311    38.4137    28.9076 0.0000e+00
    212.000    13.6545     0.1824    98.2112 7.7039e-04 1.5922e+03    173.767    13.6234    38.4210    28.9149 0.0000e+00
    213.000    13.6536     0.1875    98.2144 6.4399e-04 1.5941e+03    173.147    13.6223    38.4233    28.9169 0.0000e+00
    214.000    13.6512     0.1864    98.2023 4.5205e-04 1.5925e+03    173.261    13.6198    38.4245    28.9184 0.0000e+00
    215.000    13.6466     0.1851    98.2136 1.4055e-04 1.5933e+03    172.740    13.6151    38.4259    28.9204 0.0000e+00
    216.000    13.6434     0.1878    98.2120 3.8170e-04 1.6001e+03    172.472    13.6117    38.4281    28.9229 0.0000e+00
    217.000    13.6410     0.1898    98.1997 -3.559e-05 1.6023e+03    171.988    13.6092    38.4307    28.9254 0.0000e+00
    218.000    13.6345     0.1863    98.2152 -1.099e-08 1.6035e+03    171.242    13.6025    38.4365    28.9313 0.0000e+00
    219.000    13.6355     0.1866    98.2047 9.2933e-07 1.6068e+03    170.608    13.6034    38.4383    28.9326 0.0000e+00
    220.000    13.6357     0.1887    98.2104 -1.219e-07 1.6068e+03    170.416    13.6035    38.4385    28.9327 0.0000e+00
    221.000    13.6344     0.1930    98.2135 1.0000e-12 1.6129e+03    170.550    13.6020    38.4418    28.9355 0.0000e+00
    222.000    13.6351     0.1913    98.2135 -9.990e-29 1.6140e+03    170.514    13.6025    38.4425    28.9360 0.0000e+00
    223.000    13.6360     0.1893    98.2130 -9.990e-29 1.6117e+03    170.226    13.6033    38.4430    28.9362 0.0000e+00
    224.000    13.6365     0.1836    98.2162 -9.990e-29 1.6116e+03    169.601    13.6036    38.4465    28.9388 0.0000e+00
    225.000    13.6359     0.1822    98.2155 1.0000e-12 1.6154e+03    170.039    13.6029    38.4474    28.9397 0.0000e+00
    226.000    13.6360     0.1884    98.2133 1.0000e-12 1.6141e+03    169.979    13.6029    38.4474    28.9397 0.0000e+00
    227.000    13.6341     0.1892    98.2135 1.0000e-12 1.6166e+03    169.726    13.6009    38.4495    28.9418 0.0000e+00
    228.000    13.6327     0.1893    98.2135 -9.990e-29 1.6244e+03    169.380    13.5993    38.4504    28.9428 0.0000e+00
    229.000    13.6329     0.1912    98.2148 -9.990e-29 1.6394e+03    169.333    13.5993    38.4504    28.9428 0.0000e+00
    230.000    13.6317     0.1930    98.2196 -9.990e-29 1.6602e+03    169.284    13.5979    38.4512    28.9437 0.0000e+00
    231.000    13.6309     0.1890    98.2163 -9.990e-29 1.6896e+03    169.397    13.5970    38.4522    28.9447 0.0000e+00
    232.000    13.6312     0.1943    98.2212 1.0000e-12 1.7402e+03    168.637    13.5971    38.4540    28.9460 0.0000e+00
    233.000    13.6302     0.1935    98.2205 1.0000e-12 1.8018e+03    167.769    13.5960    38.4589    28.9501 0.0000e+00
    234.000    13.6297     0.1923    98.2212 1.0000e-12 1.8825e+03    166.986    13.5954    38.4627    28.9531 0.0000e+00
    235.000    13.6300     0.1900    98.2282 1.0000e-12 2.0066e+03    166.825    13.5955    38.4646    28.9546 0.0000e+00
    236.000    13.6300     0.1883    98.2262 1.0000e-12 2.0812e+03    167.011    13.5954    38.4657    28.9555 0.0000e+00
    237.000    13.6295     0.1927    98.2213 -9.990e-29 2.0918e+03    166.582    13.5947    38.4665    28.9563 0.0000e+00
    238.000    13.6301     0.1900    98.2316 1.0000e-12 2.0562e+03    165.811    13.5952    38.4686    28.9578 0.0000e+00
    239.000    13.6288     0.1880    98.2263 1.0000e-12 2.0620e+03    165.195    13.5937    38.4746    28.9628 0.0000e+00
    240.000    13.6197     0.1857    98.2281 1.0000e-12 2.0836e+03    164.963    13.5845    38.4777    28.9672 0.0000e+00
    241.000    13.6177     0.1874    98.2268 1.0000e-12 2.0621e+03    164.258    13.5824    38.4790    28.9686 0.0000e+00
    242.000    13.6180     0.1896    98.2280 1.0000e-12 1.9922e+03    164.102    13.5825    38.4801    28.9694 0.0000e+00
    243.000    13.6182     0.1850    98.2322 1.0000e-12 1.9365e+03    164.362    13.5825    38.4806    28.9698 0.0000e+00
    244.000    13.6177     0.1917    98.2329 1.0000e-12 1.8902e+03    163.614    13.5819    38.4848    28.9732 0.0000e+00
    245.000    13.6179     0.1920    98.2395 1.0000e-12 1.8112e+03    162.940    13.5820    38.4866    28.9745 0.0000e+00
    246.000    13.6179     0.1903    98.2395 1.0000e-12 1.7416e+03    162.703    13.5819    38.4882    28.9758 0.0000e+00
    247.000    13.6174     0.1928    98.2333 1.0000e-12 1.6960e+03    162.890    13.5811    38.4891    28.9767 0.0000e+00
    248.000    13.6173     0.1893    98.2362 1.0000e-12 1.6686e+03    163.352    13.5809    38.4896    28.9771 0.0000e+00
    249.000    13.6174     0.1920    98.2207 1.0000e-12 1.6384e+03    162.987    13.5809    38.4898    28.9773 0.0000e+00
    250.000    13.6174     0.1879    98.0494 1.0000e-12 1.6200e+03    162.906    13.5807    38.4904    28.9778 0.0000e+00
    251.000    13.6180     0.1891    98.2356 1.0000e-12 1.5962e+03    162.777    13.5812    38.4914    28.9785 0.0000e+00
    252.000    13.6189     0.1906    98.2361 -9.990e-29 1.5870e+03    162.074    13.5820    38.4929    28.9794 0.0000e+00
    253.000    13.6197     0.1929    98.2318 1.0000e-12 1.5785e+03    161.998    13.5825    38.4951    28.9810 0.0000e+00
    254.000    13.6205     0.1920    98.2397 1.0000e-12 1.5617e+03    162.022    13.5833    38.4969    28.9822 0.0000e+00
    255.000    13.6209     0.1904    98.2395 1.0000e-12 1.5578e+03    161.861    13.5835    38.4989    28.9838 0.0000e+00
    256.000    13.6208     0.1866    98.2347 1.0000e-12 1.5531e+03    161.556    13.5833    38.4999    28.9846 0.0000e+00
    257.000    13.6209     0.1892    98.2341 1.0000e-12 1.5470e+03    161.765    13.5831    38.5004    28.9850 0.0000e+00
    258.000    13.6207     0.1914    98.2340 1.0000e-12 1.5461e+03    161.438    13.5829    38.5009    28.9855 0.0000e+00
    259.000    13.6204     0.1931    98.2321 -9.990e-29 1.5415e+03    160.841    13.5824    38.5028    28.9870 0.0000e+00
    260.000    13.6188     0.1931    98.2364 1.0000e-12 1.5359e+03    160.662    13.5806    38.5082    28.9916 0.0000e+00
    261.000    13.6186     0.1938    98.2279 1.0000e-12 1.5305e+03    160.414    13.5803    38.5100    28.9931 0.0000e+00
    262.000    13.6187     0.1926    98.2363 1.0000e-12 1.5363e+03    160.270    13.5803    38.5103    28.9933 0.0000e+00
    263.000    13.6188     0.1888    98.2395 1.0000e-12 1.5317e+03    160.346    13.5802    38.5107    28.9936 0.0000e+00
