Data/ruptures/PEACETIME/FAST/PEACETIME_FAST_CTD_072.cnv
* Sea-Bird SBE 9 Data File:
* FileName = C:\CTD\rawCTD\PEACETIME_FAST_CTD_072.hdr
* Software Version Seasave V 7.23.2
* Temperature SN = 1378
* Conductivity SN = 2929
* Number of Bytes Per Scan = 38
* Number of Voltage Words = 5
* Number of Scans Averaged by the Deck Unit = 1
* NMEA Latitude = 37 56.79 N
* NMEA Longitude = 002 55.01 E
* NMEA UTC (Time) = Jun 05 2017  18:53:11
* NMEA baud rate = 4800
** Cruise:   PEACETIME
** Station:   FAST_CTD_072
# nquan = 11
# nvalues = 196                         
# units = specified
# name 0 = prDM: Pressure, Digiquartz [db]
# name 1 = t090C: Temperature [ITS-90, deg C]
# name 2 = flC: Fluorescence, Chelsea Aqua 3 Chl Con [ug/l]
# name 3 = CStarTr0: Beam Transmission, WET Labs C-Star [%]
# name 4 = par: PAR/Irradiance, Biospherical/Licor
# name 5 = spar: SPAR/Surface Irradiance
# name 6 = sbeox0Mm/Kg: Oxygen, SBE 43 [umol/kg]
# name 7 = potemp090C: Potential Temperature [ITS-90, deg C]
# name 8 = sal00: Salinity, Practical [PSU]
# name 9 = sigma-é00: Density [sigma-theta, kg/m^3]
# name 10 = flag:
# span 0 =      9.000,    204.000       
# span 1 =    13.6662,    21.4241       
# span 2 =     0.1870,     0.6022       
# span 3 =    91.9120,    98.1663       
# span 4 = -4.009e-06, 6.7754e+00       
# span 5 = 4.1899e+01, 7.3043e+01       
# span 6 =    175.826,    239.745       
# span 7 =    13.6365,    21.4223       
# span 8 =    37.0289,    38.4046       
# span 9 =    25.9362,    28.8993       
# span 10 = 0.0000e+00, 0.0000e+00      
# interval = decibars: 1                
# start_time = Jun 05 2017 18:53:11 [NMEA time, first data scan]
# bad_flag = -9.990e-29
*END*
      9.000    21.4241     0.2009    96.7337 6.6663e+00 7.0056e+01    211.104    21.4223    37.0468    25.9362 0.0000e+00
     10.000    21.4238     0.2068    96.7267 6.7754e+00 6.9188e+01    210.885    21.4219    37.0473    25.9367 0.0000e+00
     11.000    21.4238     0.2183    96.7430 6.3760e+00 6.7784e+01    210.569    21.4217    37.0474    25.9368 0.0000e+00
     12.000    21.4240     0.2106    96.7392 5.8350e+00 6.7510e+01    211.127    21.4216    37.0474    25.9369 0.0000e+00
     13.000    21.4198     0.2122    96.7342 5.6860e+00 6.9377e+01    211.220    21.4173    37.0476    25.9382 0.0000e+00
     14.000    21.3536     0.2106    96.7394 5.1498e+00 7.3039e+01    209.975    21.3509    37.0473    25.9564 0.0000e+00
     15.000    21.1696     0.2065    96.7196 4.9537e+00 7.3043e+01    208.638    21.1667    37.0505    26.0098 0.0000e+00
     16.000    20.6515     0.2085    96.6979 4.7932e+00 6.9689e+01    212.558    20.6484    37.0725    26.1688 0.0000e+00
     17.000    20.4156     0.2058    96.6601 4.4477e+00 6.9539e+01    215.422    20.4124    37.0716    26.2322 0.0000e+00
     18.000    20.3528     0.2082    96.7207 4.3502e+00 6.9846e+01    216.138    20.3494    37.0734    26.2505 0.0000e+00
     19.000    20.3074     0.2103    96.7404 4.2277e+00 6.7221e+01    216.069    20.3038    37.0781    26.2665 0.0000e+00
     20.000    20.0952     0.2117    96.8152 3.9527e+00 6.7693e+01    215.118    20.0914    37.0773    26.3228 0.0000e+00
     21.000    19.4899     0.2125    96.8137 3.8250e+00 7.0591e+01    219.373    19.4860    37.0439    26.4575 0.0000e+00
     22.000    18.9920     0.2178    96.8033 3.6940e+00 6.7699e+01    223.820    18.9880    37.0526    26.5941 0.0000e+00
     23.000    18.7999     0.2196    96.7595 3.5541e+00 6.7685e+01    225.164    18.7958    37.0590    26.6485 0.0000e+00
     24.000    18.5556     0.2084    96.7659 3.3984e+00 6.6894e+01    226.610    18.5513    37.0482    26.7027 0.0000e+00
     25.000    18.3001     0.2104    96.7555 3.2483e+00 6.8064e+01    228.410    18.2957    37.0431    26.7636 0.0000e+00
     26.000    18.0811     0.2102    96.7374 3.1716e+00 6.7749e+01    230.618    18.0766    37.0289    26.8078 0.0000e+00
     27.000    17.9489     0.2022    96.7633 3.0433e+00 6.6558e+01    233.313    17.9443    37.0353    26.8458 0.0000e+00
     28.000    17.9315     0.2108    96.8352 2.9366e+00 6.8535e+01    234.519    17.9267    37.0557    26.8659 0.0000e+00
     29.000    17.9450     0.2111    96.8551 2.8065e+00 6.6989e+01    234.031    17.9399    37.0862    26.8860 0.0000e+00
     30.000    17.9570     0.2080    96.8823 2.7496e+00 6.7034e+01    234.790    17.9518    37.1009    26.8943 0.0000e+00
     31.000    17.9959     0.2087    96.8711 2.6650e+00 6.8718e+01    234.043    17.9905    37.1389    26.9138 0.0000e+00
     32.000    17.9993     0.2121    96.8991 2.5359e+00 6.8798e+01    233.876    17.9938    37.1530    26.9237 0.0000e+00
     33.000    17.9584     0.2145    96.8768 2.4578e+00 6.7888e+01    232.914    17.9526    37.1483    26.9304 0.0000e+00
     34.000    17.8587     0.2172    96.8145 2.3701e+00 7.1691e+01    232.795    17.8528    37.1360    26.9459 0.0000e+00
     35.000    17.7631     0.2102    96.8455 2.2878e+00 6.8468e+01    232.832    17.7571    37.1414    26.9738 0.0000e+00
     36.000    17.6541     0.2111    96.8387 2.2087e+00 6.7677e+01    233.098    17.6479    37.1410    27.0004 0.0000e+00
     37.000    17.4771     0.2123    96.7926 2.1186e+00 6.8994e+01    234.964    17.4708    37.1267    27.0331 0.0000e+00
     38.000    17.4490     0.2174    96.7648 2.0333e+00 7.0959e+01    236.301    17.4425    37.1790    27.0803 0.0000e+00
     39.000    17.4215     0.2191    96.7437 1.9826e+00 6.9319e+01    234.801    17.4149    37.2186    27.1174 0.0000e+00
     40.000    17.0920     0.2206    96.6742 1.8993e+00 6.9864e+01    234.759    17.0853    37.1842    27.1713 0.0000e+00
     41.000    16.9186     0.2223    96.6383 1.8104e+00 6.8451e+01    236.341    16.9118    37.1653    27.1986 0.0000e+00
     42.000    16.8134     0.2174    96.6330 1.7309e+00 6.7233e+01    239.062    16.8064    37.2250    27.2699 0.0000e+00
     43.000    16.8848     0.2145    96.6973 1.6682e+00 7.0122e+01    238.678    16.8777    37.2909    27.3034 0.0000e+00
     44.000    16.8375     0.2195    96.6859 1.5909e+00 6.3756e+01    235.875    16.8302    37.2993    27.3213 0.0000e+00
     45.000    16.5345     0.2214    96.6774 1.5056e+00 6.6457e+01    238.841    16.5271    37.2988    27.3933 0.0000e+00
     46.000    16.4907     0.2197    96.6660 1.4308e+00 6.9258e+01    239.388    16.4831    37.3577    27.4490 0.0000e+00
     47.000    16.3707     0.2199    96.6795 1.3749e+00 6.7586e+01    237.299    16.3631    37.3539    27.4746 0.0000e+00
     48.000    16.0024     0.2267    96.6528 1.3039e+00 6.6547e+01    237.506    15.9947    37.3346    27.5461 0.0000e+00
     49.000    15.8903     0.2375    96.6248 1.2286e+00 6.5917e+01    238.862    15.8825    37.3452    27.5804 0.0000e+00
     50.000    15.8714     0.2352    96.6817 1.1671e+00 6.6397e+01    239.422    15.8635    37.3670    27.6016 0.0000e+00
     51.000    15.8675     0.2304    96.7366 1.1036e+00 6.9091e+01    239.745    15.8593    37.3738    27.6077 0.0000e+00
     52.000    15.7748     0.2271    96.6965 1.0451e+00 6.6776e+01    237.706    15.7666    37.3820    27.6356 0.0000e+00
     53.000    15.7241     0.2334    96.6763 9.8489e-01 6.7217e+01    237.571    15.7157    37.4052    27.6652 0.0000e+00
     54.000    15.6823     0.2339    96.6888 9.2250e-01 6.8308e+01    236.792    15.6737    37.4263    27.6911 0.0000e+00
     55.000    15.6290     0.2361    96.6191 8.7069e-01 7.0144e+01    235.802    15.6203    37.4445    27.7175 0.0000e+00
     56.000    15.5335     0.2429    96.4068 8.2695e-01 6.7741e+01    236.089    15.5247    37.4585    27.7502 0.0000e+00
     57.000    15.5406     0.2497    96.3403 7.7317e-01 6.5256e+01    235.765    15.5316    37.4897    27.7726 0.0000e+00
     58.000    15.5109     0.2504    96.4198 7.2136e-01 6.7537e+01    235.277    15.5018    37.5102    27.7953 0.0000e+00
     59.000    15.4953     0.2530    96.4123 6.8170e-01 6.8273e+01    235.375    15.4860    37.5156    27.8031 0.0000e+00
     60.000    15.4804     0.2503    96.4107 6.3878e-01 6.8061e+01    235.678    15.4709    37.5197    27.8097 0.0000e+00
     61.000    15.4692     0.2506    96.3827 5.9841e-01 6.4014e+01    235.296    15.4596    37.5349    27.8240 0.0000e+00
     62.000    15.4618     0.2548    96.4347 5.6252e-01 6.3876e+01    235.592    15.4521    37.5452    27.8336 0.0000e+00
     63.000    15.4539     0.2502    96.5920 5.2747e-01 6.8266e+01    235.106    15.4440    37.5596    27.8466 0.0000e+00
     64.000    15.4387     0.2468    96.6034 4.9235e-01 6.8138e+01    234.730    15.4286    37.5670    27.8558 0.0000e+00
     65.000    15.4084     0.2546    96.4919 4.6040e-01 6.5108e+01    234.508    15.3983    37.5710    27.8658 0.0000e+00
     66.000    15.3610     0.2637    96.3695 4.3268e-01 6.4184e+01    234.238    15.3507    37.5732    27.8784 0.0000e+00
     67.000    15.3052     0.2739    96.1590 4.0452e-01 6.4349e+01    232.728    15.2948    37.5679    27.8870 0.0000e+00
     68.000    15.1857     0.2883    95.6091 3.8282e-01 6.4843e+01    229.237    15.1751    37.5577    27.9062 0.0000e+00
     69.000    15.0664     0.3187    94.9849 3.5813e-01 6.5283e+01    227.671    15.0558    37.5647    27.9385 0.0000e+00
     70.000    15.0373     0.3679    94.5280 3.3004e-01 6.3017e+01    226.309    15.0265    37.6022    27.9741 0.0000e+00
     71.000    14.9618     0.4028    93.7327 2.9941e-01 6.5843e+01    221.392    14.9509    37.6253    28.0089 0.0000e+00
     72.000    14.9255     0.4861    92.1330 2.7350e-01 6.9160e+01    218.887    14.9145    37.6476    28.0342 0.0000e+00
     73.000    14.9557     0.6022    91.9120 2.3773e-01 6.2454e+01    218.888    14.9444    37.6661    28.0418 0.0000e+00
     74.000    15.0290     0.5696    94.1524 2.0544e-01 6.5917e+01    228.597    15.0176    37.7330    28.0771 0.0000e+00
     75.000    15.0343     0.5017    96.0810 1.7163e-01 6.6553e+01    229.116    15.0227    37.7773    28.1101 0.0000e+00
     76.000    14.9988     0.3873    96.1221 1.4929e-01 6.4854e+01    228.457    14.9871    37.7848    28.1239 0.0000e+00
     77.000    14.9948     0.3771    95.9382 1.3568e-01 6.4898e+01    227.100    14.9829    37.7790    28.1203 0.0000e+00
     78.000    14.9191     0.3668    96.1253 1.2394e-01 6.3146e+01    222.539    14.9071    37.7837    28.1410 0.0000e+00
     79.000    14.8463     0.3456    95.9920 1.1240e-01 6.5632e+01    220.828    14.8342    37.7953    28.1663 0.0000e+00
     80.000    14.8225     0.3692    95.9352 9.9745e-02 6.8084e+01    220.457    14.8102    37.8024    28.1771 0.0000e+00
     81.000    14.7899     0.3640    95.7325 9.2415e-02 6.2998e+01    218.297    14.7775    37.8076    28.1884 0.0000e+00
     82.000    14.7312     0.4600    94.5514 8.3655e-02 6.4434e+01    216.912    14.7187    37.8248    28.2148 0.0000e+00
     83.000    14.7227     0.5560    94.5229 7.5648e-02 6.3692e+01    215.622    14.7101    37.8286    28.2197 0.0000e+00
     84.000    14.7158     0.5677    94.8133 6.6718e-02 6.7828e+01    214.597    14.7030    37.8398    28.2298 0.0000e+00
     85.000    14.7121     0.5429    95.0981 5.6516e-02 6.5714e+01    214.261    14.6991    37.8458    28.2354 0.0000e+00
     86.000    14.6973     0.5135    95.7664 4.6690e-02 6.5655e+01    210.786    14.6842    37.8520    28.2435 0.0000e+00
     87.000    14.6439     0.4532    96.2951 3.9799e-02 6.4304e+01    207.266    14.6306    37.8827    28.2791 0.0000e+00
     88.000    14.6127     0.4296    96.1835 3.4314e-02 6.5002e+01    206.663    14.5993    37.8933    28.2942 0.0000e+00
     89.000    14.6231     0.4438    96.0899 3.1110e-02 6.1179e+01    206.983    14.6096    37.8914    28.2905 0.0000e+00
     90.000    14.5698     0.4053    96.2616 2.8762e-02 6.7624e+01    207.059    14.5561    37.9240    28.3276 0.0000e+00
     91.000    14.5705     0.3902    96.6207 2.5332e-02 6.6020e+01    209.022    14.5567    37.9487    28.3465 0.0000e+00
     92.000    14.5545     0.3614    96.8830 2.1390e-02 6.2140e+01    207.378    14.5405    37.9553    28.3551 0.0000e+00
     93.000    14.5403     0.3708    96.8324 1.9542e-02 6.3940e+01    206.799    14.5262    37.9626    28.3640 0.0000e+00
     94.000    14.5115     0.3322    97.2956 1.6666e-02 6.3253e+01    207.611    14.4973    37.9727    28.3781 0.0000e+00
     95.000    14.4838     0.3013    97.2897 1.5115e-02 6.3200e+01    208.794    14.4695    37.9812    28.3909 0.0000e+00
     96.000    14.4798     0.2907    97.3564 1.3186e-02 6.4343e+01    208.306    14.4653    37.9844    28.3943 0.0000e+00
     97.000    14.4661     0.2925    97.3296 1.1400e-02 6.1916e+01    206.599    14.4514    37.9950    28.4055 0.0000e+00
     98.000    14.4543     0.2973    97.3689 1.2456e-02 6.1266e+01    206.700    14.4395    37.9994    28.4116 0.0000e+00
     99.000    14.4529     0.2973    97.3726 8.9810e-03 6.3684e+01    206.097    14.4379    38.0075    28.4182 0.0000e+00
    100.000    14.4452     0.2897    97.3123 7.5507e-03 6.2471e+01    206.131    14.4301    38.0212    28.4305 0.0000e+00
    101.000    14.4307     0.2851    97.3563 6.7310e-03 6.3888e+01    205.495    14.4154    38.0262    28.4376 0.0000e+00
    102.000    14.4195     0.2799    97.4284 5.6346e-03 6.2824e+01    204.480    14.4041    38.0311    28.4438 0.0000e+00
    103.000    14.4030     0.2864    97.4146 5.5331e-03 6.2067e+01    203.658    14.3874    38.0384    28.4531 0.0000e+00
    104.000    14.3696     0.2882    97.3975 3.4349e-03 6.3093e+01    203.319    14.3540    38.0501    28.4696 0.0000e+00
    105.000    14.3398     0.2828    97.3979 3.0299e-03 6.3671e+01    202.530    14.3240    38.0605    28.4842 0.0000e+00
    106.000    14.3152     0.2698    97.4281 3.2966e-03 6.1200e+01    201.437    14.2993    38.0724    28.4988 0.0000e+00
    107.000    14.2794     0.2617    97.4894 1.6722e-03 6.4670e+01    200.232    14.2633    38.0791    28.5118 0.0000e+00
    108.000    14.2592     0.2653    97.5522 3.7698e-03 6.4766e+01    198.785    14.2430    38.0816    28.5182 0.0000e+00
    109.000    14.2378     0.2586    97.5893 1.6600e-03 5.9724e+01    197.222    14.2215    38.0879    28.5278 0.0000e+00
    110.000    14.2166     0.2438    97.6433 1.4003e-03 6.1361e+01    196.412    14.2001    38.0968    28.5394 0.0000e+00
    111.000    14.1884     0.2399    97.6806 2.2855e-04 6.0736e+01    195.482    14.1718    38.1062    28.5528 0.0000e+00
    112.000    14.1857     0.2375    97.7496 9.2127e-04 6.2734e+01    195.191    14.1689    38.1072    28.5542 0.0000e+00
    113.000    14.1606     0.2340    97.7466 4.5532e-04 6.3312e+01    194.309    14.1438    38.1148    28.5655 0.0000e+00
    114.000    14.1443     0.2327    97.7549 5.6812e-04 5.8891e+01    193.227    14.1273    38.1207    28.5737 0.0000e+00
    115.000    14.1288     0.2328    97.7879 1.2160e-03 5.9805e+01    190.797    14.1116    38.1254    28.5808 0.0000e+00
    116.000    14.1046     0.2247    97.8092 5.7243e-04 5.8802e+01    188.787    14.0874    38.1344    28.5930 0.0000e+00
    117.000    14.0892     0.2188    97.8388 4.8337e-04 6.2319e+01    188.293    14.0717    38.1413    28.6017 0.0000e+00
    118.000    14.0911     0.2224    97.8638 1.1246e-04 6.0400e+01    187.459    14.0736    38.1392    28.5997 0.0000e+00
    119.000    14.0752     0.2209    97.8626 3.6057e-05 6.0516e+01    186.943    14.0575    38.1463    28.6087 0.0000e+00
    120.000    14.0637     0.2191    97.8449 2.3244e-04 5.8068e+01    187.498    14.0459    38.1504    28.6144 0.0000e+00
    121.000    14.0663     0.2227    97.8339 -9.990e-29 5.9537e+01    188.223    14.0483    38.1508    28.6141 0.0000e+00
    122.000    14.0414     0.2267    97.8355 1.0000e-12 5.9970e+01    189.492    14.0233    38.1645    28.6302 0.0000e+00
    123.000    14.0345     0.2217    97.8399 7.5661e-05 6.2835e+01    190.225    14.0162    38.1661    28.6330 0.0000e+00
    124.000    14.0317     0.2224    97.8572 1.4867e-04 5.8261e+01    190.963    14.0133    38.1679    28.6350 0.0000e+00
    125.000    14.0035     0.2235    97.8538 -4.009e-06 6.2037e+01    193.269    13.9849    38.1846    28.6540 0.0000e+00
    126.000    13.9932     0.2217    97.8662 1.0000e-12 6.1327e+01    193.567    13.9746    38.1878    28.6588 0.0000e+00
    127.000    13.9929     0.2188    97.8624 1.0000e-12 5.8429e+01    193.766    13.9741    38.1883    28.6592 0.0000e+00
    128.000    13.9894     0.2208    97.8508 1.0000e-12 6.2099e+01    194.187    13.9704    38.1899    28.6613 0.0000e+00
    129.000    13.9879     0.2188    97.8858 1.0000e-12 5.8290e+01    194.251    13.9688    38.1919    28.6632 0.0000e+00
    130.000    13.9859     0.2199    97.8829 1.0000e-12 5.6864e+01    194.570    13.9667    38.1950    28.6660 0.0000e+00
    131.000    13.9830     0.2124    97.8530 1.0000e-12 5.8425e+01    194.902    13.9636    38.1996    28.6703 0.0000e+00
    132.000    13.9803     0.2175    97.8658 1.0000e-12 5.9137e+01    194.816    13.9608    38.2014    28.6723 0.0000e+00
    133.000    13.9804     0.2196    97.8923 1.0000e-12 5.9566e+01    195.192    13.9607    38.2016    28.6725 0.0000e+00
    134.000    13.9635     0.2161    97.8694 1.0000e-12 5.8944e+01    195.654    13.9436    38.1996    28.6746 0.0000e+00
    135.000    13.9516     0.2136    97.9021 1.0000e-12 6.1934e+01    194.922    13.9316    38.2031    28.6799 0.0000e+00
    136.000    13.9571     0.2062    97.8978 1.0000e-12 5.7431e+01    195.013    13.9370    38.2076    28.6822 0.0000e+00
    137.000    13.9568     0.2116    97.9176 1.0000e-12 5.5788e+01    194.510    13.9365    38.2133    28.6868 0.0000e+00
    138.000    13.9456     0.2077    97.9234 1.0000e-12 5.9544e+01    193.440    13.9252    38.2125    28.6886 0.0000e+00
    139.000    13.9310     0.2087    97.9374 1.0000e-12 6.0182e+01    190.451    13.9104    38.2130    28.6922 0.0000e+00
