Data/ruptures/PEACETIME/FAST/PEACETIME_FAST_CTD_061.cnv
* Sea-Bird SBE 9 Data File:
* FileName = C:\CTD\rawCTD\PEACETIME_FAST_CTD_061.hdr
* Software Version Seasave V 7.23.2
* Temperature SN = 1378
* Conductivity SN = 2929
* Number of Bytes Per Scan = 38
* Number of Voltage Words = 5
* Number of Scans Averaged by the Deck Unit = 1
* NMEA Latitude = 37 56.83 N
* NMEA Longitude = 002 54.92 E
* NMEA UTC (Time) = Jun 04 2017  02:40:36
* NMEA baud rate = 4800
** Cruise:   PEACETIME
** Station:   FAST_CTD_061
# nquan = 11
# nvalues = 500                         
# units = specified
# name 0 = prDM: Pressure, Digiquartz [db]
# name 1 = t090C: Temperature [ITS-90, deg C]
# name 2 = flC: Fluorescence, Chelsea Aqua 3 Chl Con [ug/l]
# name 3 = CStarTr0: Beam Transmission, WET Labs C-Star [%]
# name 4 = par: PAR/Irradiance, Biospherical/Licor
# name 5 = spar: SPAR/Surface Irradiance
# name 6 = sbeox0Mm/Kg: Oxygen, SBE 43 [umol/kg]
# name 7 = potemp090C: Potential Temperature [ITS-90, deg C]
# name 8 = sal00: Salinity, Practical [PSU]
# name 9 = sigma-é00: Density [sigma-theta, kg/m^3]
# name 10 = flag:
# span 0 =      1.000,    500.000       
# span 1 =    13.4330,    21.3175       
# span 2 =     0.1718,     0.6026       
# span 3 =    93.7293,    98.3225       
# span 4 = -2.986e-06, 3.0736e-01       
# span 5 = 1.1234e+00, 4.6651e+00       
# span 6 =    152.069,    242.260       
# span 7 =    13.3597,    21.3162       
# span 8 =    37.0216,    38.5919       
# span 9 =    25.9712,    29.0891       
# span 10 = 0.0000e+00, 0.0000e+00      
# interval = decibars: 1                
# start_time = Jun 04 2017 02:40:37 [NMEA time, first data scan]
# bad_flag = -9.990e-29
*END*
      1.000    21.3050     0.2009    96.8834 3.0736e-01 4.6651e+00    210.011    21.3048    37.0534    25.9739 0.0000e+00
      2.000    21.3077     0.2013    96.9339 1.8319e-01 3.6369e+00    210.347    21.3073    37.0538    25.9735 0.0000e+00
      3.000    21.3053     0.1933    96.9534 1.3270e-01 3.7153e+00    210.578    21.3047    37.0537    25.9742 0.0000e+00
      4.000    21.3073     0.1966    96.9558 9.9404e-02 3.1434e+00    211.109    21.3065    37.0538    25.9738 0.0000e+00
      5.000    21.3119     0.1958    96.9355 5.3615e-02 2.9766e+00    211.231    21.3109    37.0540    25.9726 0.0000e+00
      6.000    21.3160     0.1951    96.9445 4.2728e-02 2.9846e+00    211.685    21.3149    37.0540    25.9715 0.0000e+00
      7.000    21.3175     0.1934    96.9451 2.5512e-02 2.1554e+00    211.214    21.3162    37.0540    25.9712 0.0000e+00
      8.000    21.3158     0.1921    96.9305 1.4263e-02 2.1140e+00    211.182    21.3143    37.0541    25.9718 0.0000e+00
      9.000    21.3063     0.1951    96.9652 9.3639e-03 2.9904e+00    210.637    21.3046    37.0537    25.9742 0.0000e+00
     10.000    21.1739     0.1891    96.9762 4.2787e-03 3.2880e+00    211.304    21.1720    37.0515    26.0092 0.0000e+00
     11.000    21.0172     0.1894    97.0064 1.4989e-03 2.4565e+00    212.307    21.0151    37.0501    26.0514 0.0000e+00
     12.000    20.9461     0.1865    96.9879 7.9778e-05 4.1076e+00    212.438    20.9438    37.0493    26.0704 0.0000e+00
     13.000    20.7586     0.1902    96.9084 3.7440e-07 3.2890e+00    212.253    20.7561    37.0489    26.1215 0.0000e+00
     14.000    20.4966     0.1900    96.9495 -9.990e-29 2.4617e+00    213.447    20.4940    37.0404    26.1862 0.0000e+00
     15.000    20.3468     0.1887    96.8942 1.0000e-12 2.2878e+00    215.052    20.3440    37.0423    26.2283 0.0000e+00
     16.000    20.2994     0.1909    96.9004 1.0000e-12 3.3509e+00    215.393    20.2964    37.0538    26.2499 0.0000e+00
     17.000    20.2523     0.1928    96.8932 1.0000e-12 2.3116e+00    216.549    20.2491    37.0665    26.2723 0.0000e+00
     18.000    20.2025     0.1930    96.9012 1.0000e-12 3.1177e+00    216.604    20.1991    37.0703    26.2886 0.0000e+00
     19.000    20.0552     0.1928    96.8956 1.0000e-12 2.2230e+00    216.304    20.0516    37.0752    26.3319 0.0000e+00
     20.000    19.6168     0.1979    96.8423 1.0000e-12 2.6844e+00    218.654    19.6131    37.0700    26.4442 0.0000e+00
     21.000    19.1666     0.1980    96.8490 1.0000e-12 2.8019e+00    222.625    19.1628    37.0473    26.5447 0.0000e+00
     22.000    18.8511     0.1967    96.8429 1.0000e-12 3.0233e+00    225.385    18.8471    37.0314    26.6142 0.0000e+00
     23.000    18.6212     0.1978    96.8449 1.0000e-12 2.8104e+00    226.566    18.6171    37.0216    26.6656 0.0000e+00
     24.000    18.3387     0.1956    96.8476 1.0000e-12 2.0182e+00    228.077    18.3345    37.0239    26.7391 0.0000e+00
     25.000    18.1640     0.1930    96.9135 1.0000e-12 2.8351e+00    229.780    18.1596    37.0334    26.7905 0.0000e+00
     26.000    17.9672     0.1893    96.9417 1.0000e-12 2.1858e+00    232.209    17.9627    37.0265    26.8345 0.0000e+00
     27.000    17.8792     0.1966    96.9386 1.0000e-12 3.4774e+00    234.340    17.8746    37.0270    26.8569 0.0000e+00
     28.000    17.8519     0.1983    96.9850 1.0000e-12 3.1088e+00    235.371    17.8471    37.0427    26.8757 0.0000e+00
     29.000    17.8272     0.1904    97.0174 1.0000e-12 3.1854e+00    235.196    17.8222    37.0557    26.8919 0.0000e+00
     30.000    17.8086     0.1999    97.0206 1.0000e-12 3.0759e+00    234.925    17.8034    37.0730    26.9098 0.0000e+00
     31.000    17.8005     0.2027    97.0022 1.0000e-12 2.1226e+00    234.574    17.7951    37.1085    26.9391 0.0000e+00
     32.000    17.7918     0.2000    96.9966 1.0000e-12 3.5160e+00    234.839    17.7862    37.1172    26.9480 0.0000e+00
     33.000    17.7432     0.1966    96.9829 1.0000e-12 3.1377e+00    233.672    17.7376    37.1261    26.9669 0.0000e+00
     34.000    17.6775     0.1973    96.9916 1.0000e-12 2.3172e+00    234.674    17.6717    37.1236    26.9813 0.0000e+00
     35.000    17.6584     0.1994    97.0043 1.0000e-12 2.6034e+00    235.116    17.6525    37.1251    26.9871 0.0000e+00
     36.000    17.6156     0.1936    96.9973 1.0000e-12 3.1034e+00    233.646    17.6095    37.1705    27.0326 0.0000e+00
     37.000    17.2339     0.1984    96.9579 1.0000e-12 2.5256e+00    234.400    17.2277    37.1921    27.1426 0.0000e+00
     38.000    16.8327     0.2010    96.8569 1.0000e-12 3.0578e+00    237.913    16.8264    37.2340    27.2720 0.0000e+00
     39.000    16.6888     0.2046    96.8124 1.0000e-12 3.1408e+00    240.826    16.6824    37.2652    27.3305 0.0000e+00
     40.000    16.6739     0.1988    96.7990 1.0000e-12 2.5826e+00    241.284    16.6673    37.2736    27.3405 0.0000e+00
     41.000    16.6472     0.2048    96.8326 1.0000e-12 2.5007e+00    241.359    16.6404    37.2953    27.3636 0.0000e+00
     42.000    16.6244     0.2092    96.8408 1.0000e-12 2.4565e+00    240.961    16.6175    37.3090    27.3796 0.0000e+00
     43.000    16.6127     0.2084    96.8336 -9.990e-29 4.5229e+00    240.779    16.6057    37.3190    27.3901 0.0000e+00
     44.000    16.5778     0.2115    96.7772 1.0000e-12 2.7764e+00    240.482    16.5706    37.3156    27.3959 0.0000e+00
     45.000    16.4895     0.2089    96.8121 1.0000e-12 2.6843e+00    242.260    16.4822    37.3011    27.4057 0.0000e+00
     46.000    16.5107     0.2103    96.8256 1.0000e-12 3.7046e+00    240.800    16.5032    37.3608    27.4467 0.0000e+00
     47.000    16.5040     0.2137    96.8711 1.0000e-12 3.2413e+00    239.808    16.4963    37.3899    27.4708 0.0000e+00
     48.000    16.4397     0.2157    96.8909 1.0000e-12 2.3069e+00    238.578    16.4319    37.3994    27.4934 0.0000e+00
     49.000    16.3286     0.2097    96.9231 1.0000e-12 4.0758e+00    238.269    16.3206    37.4078    27.5261 0.0000e+00
     50.000    16.2287     0.2084    96.9380 1.0000e-12 2.4943e+00    237.458    16.2206    37.4064    27.5486 0.0000e+00
     51.000    16.1080     0.2080    96.9622 1.0000e-12 3.1767e+00    237.439    16.0998    37.4088    27.5787 0.0000e+00
     52.000    16.0538     0.2079    96.9557 1.0000e-12 2.9565e+00    237.266    16.0454    37.4390    27.6147 0.0000e+00
     53.000    15.9851     0.2118    97.0040 1.0000e-12 2.7326e+00    236.700    15.9766    37.4444    27.6349 0.0000e+00
     54.000    15.8734     0.2062    97.0322 1.0000e-12 2.3609e+00    236.761    15.8648    37.4545    27.6687 0.0000e+00
     55.000    15.8013     0.2083    97.0143 1.0000e-12 2.2818e+00    235.882    15.7926    37.4706    27.6978 0.0000e+00
     56.000    15.7465     0.2069    97.0218 1.0000e-12 2.9195e+00    235.442    15.7376    37.4643    27.7057 0.0000e+00
     57.000    15.6516     0.2132    96.9846 1.0000e-12 2.6780e+00    235.272    15.6425    37.4634    27.7269 0.0000e+00
     58.000    15.5983     0.2167    96.9717 1.0000e-12 2.3121e+00    235.719    15.5892    37.4910    27.7604 0.0000e+00
     59.000    15.5761     0.2140    97.0501 1.0000e-12 4.1739e+00    234.913    15.5668    37.5028    27.7747 0.0000e+00
     60.000    15.5157     0.2106    97.0694 1.0000e-12 3.4060e+00    233.830    15.5063    37.5159    27.7987 0.0000e+00
     61.000    15.4921     0.2182    97.0687 1.0000e-12 2.3666e+00    233.483    15.4825    37.5481    27.8289 0.0000e+00
     62.000    15.4912     0.2094    97.0572 1.0000e-12 2.7966e+00    234.081    15.4815    37.5663    27.8432 0.0000e+00
     63.000    15.4727     0.2137    97.0838 1.0000e-12 2.8200e+00    234.122    15.4628    37.5807    27.8585 0.0000e+00
     64.000    15.4651     0.2205    97.0803 1.0000e-12 2.2129e+00    234.513    15.4550    37.5979    27.8736 0.0000e+00
     65.000    15.4585     0.2273    97.0400 1.0000e-12 3.9288e+00    234.630    15.4483    37.6042    27.8800 0.0000e+00
     66.000    15.4411     0.2275    97.0659 1.0000e-12 2.8617e+00    233.966    15.4308    37.6092    27.8879 0.0000e+00
     67.000    15.4032     0.2218    97.1126 -9.990e-29 3.2146e+00    233.715    15.3927    37.6262    27.9097 0.0000e+00
     68.000    15.3478     0.2195    97.0809 1.0000e-12 3.0436e+00    233.118    15.3372    37.6385    27.9318 0.0000e+00
     69.000    15.3184     0.2255    97.0492 1.0000e-12 3.7312e+00    232.733    15.3076    37.6419    27.9412 0.0000e+00
     70.000    15.2917     0.2438    97.0409 1.0000e-12 2.1514e+00    231.153    15.2808    37.6479    27.9519 0.0000e+00
     71.000    15.2037     0.2402    96.8580 1.0000e-12 2.4755e+00    229.543    15.1926    37.6510    27.9742 0.0000e+00
     72.000    15.1223     0.2493    96.5660 1.0000e-12 2.8448e+00    229.060    15.1112    37.6578    27.9979 0.0000e+00
     73.000    15.1010     0.2645    96.7234 1.0000e-12 2.3117e+00    229.238    15.0897    37.6734    28.0148 0.0000e+00
     74.000    15.0854     0.2642    96.6686 1.0000e-12 3.4218e+00    229.437    15.0739    37.6808    28.0241 0.0000e+00
     75.000    15.0689     0.2693    96.6878 1.0000e-12 3.3669e+00    229.089    15.0573    37.6880    28.0334 0.0000e+00
     76.000    15.0428     0.2701    96.2870 1.0000e-12 2.0914e+00    229.100    15.0311    37.6955    28.0450 0.0000e+00
     77.000    15.0103     0.2935    95.5655 1.0000e-12 3.4185e+00    225.906    14.9984    37.6966    28.0533 0.0000e+00
     78.000    14.9481     0.3726    94.2411 1.0000e-12 2.4558e+00    218.776    14.9361    37.7097    28.0773 0.0000e+00
     79.000    14.8691     0.5351    93.7293 1.0000e-12 2.6235e+00    209.522    14.8570    37.7154    28.0995 0.0000e+00
     80.000    14.8412     0.5914    94.5080 1.0000e-12 3.7721e+00    207.674    14.8290    37.7253    28.1134 0.0000e+00
     81.000    14.8306     0.6026    94.5628 1.0000e-12 3.1755e+00    205.692    14.8182    37.7389    28.1263 0.0000e+00
     82.000    14.8004     0.5239    95.1787 1.0000e-12 3.3214e+00    202.740    14.7879    37.7621    28.1510 0.0000e+00
     83.000    14.7777     0.4569    95.3943 1.0000e-12 3.1762e+00    200.857    14.7651    37.7722    28.1638 0.0000e+00
     84.000    14.7644     0.4724    95.4542 1.0000e-12 2.5848e+00    199.697    14.7516    37.7838    28.1758 0.0000e+00
     85.000    14.7441     0.4379    95.6933 1.0000e-12 3.3577e+00    199.030    14.7311    37.7955    28.1894 0.0000e+00
     86.000    14.7142     0.3939    96.0265 1.0000e-12 3.5837e+00    200.115    14.7011    37.8155    28.2115 0.0000e+00
     87.000    14.7134     0.3633    96.4659 1.0000e-12 1.2721e+00    205.486    14.7001    37.8460    28.2353 0.0000e+00
     88.000    14.6941     0.3397    96.6852 1.0000e-12 2.0954e+00    201.154    14.6806    37.8500    28.2427 0.0000e+00
     89.000    14.6524     0.4009    96.3066 1.0000e-12 2.9140e+00    196.527    14.6389    37.8594    28.2593 0.0000e+00
     90.000    14.6374     0.4306    96.4376 1.0000e-12 4.2135e+00    199.911    14.6237    37.8736    28.2736 0.0000e+00
     91.000    14.6608     0.3370    96.8716 1.0000e-12 2.6563e+00    211.604    14.6469    37.8976    28.2870 0.0000e+00
     92.000    14.6324     0.2942    97.1570 1.0000e-12 2.6705e+00    210.835    14.6184    37.9156    28.3072 0.0000e+00
     93.000    14.6091     0.2918    97.2498 1.0000e-12 2.6230e+00    208.386    14.5950    37.9234    28.3185 0.0000e+00
     94.000    14.5918     0.2976    97.2801 1.0000e-12 1.1234e+00    206.978    14.5775    37.9283    28.3261 0.0000e+00
     95.000    14.5607     0.2924    97.2421 1.0000e-12 3.2557e+00    205.810    14.5463    37.9505    28.3502 0.0000e+00
     96.000    14.5332     0.2784    97.2248 1.0000e-12 2.2293e+00    204.378    14.5187    37.9658    28.3681 0.0000e+00
     97.000    14.5053     0.2648    97.4287 1.0000e-12 2.7351e+00    203.345    14.4906    37.9846    28.3888 0.0000e+00
     98.000    14.4798     0.2693    97.4672 1.0000e-12 2.5925e+00    200.959    14.4650    37.9946    28.4022 0.0000e+00
     99.000    14.4469     0.2636    97.5133 1.0000e-12 3.1606e+00    199.451    14.4320    38.0081    28.4199 0.0000e+00
    100.000    14.3915     0.2655    97.5969 1.0000e-12 3.8533e+00    200.595    14.3764    38.0175    28.4394 0.0000e+00
    101.000    14.3205     0.2602    97.6092 -9.990e-29 2.7048e+00    208.552    14.3053    38.0183    28.4556 0.0000e+00
    102.000    14.3076     0.2615    97.5397 1.0000e-12 2.3563e+00    208.840    14.2923    38.0216    28.4611 0.0000e+00
    103.000    14.2834     0.2552    97.5711 1.0000e-12 2.2895e+00    210.244    14.2680    38.0263    28.4700 0.0000e+00
    104.000    14.2776     0.2427    97.6289 1.0000e-12 2.9927e+00    209.945    14.2621    38.0292    28.4735 0.0000e+00
    105.000    14.2724     0.2386    97.6881 1.0000e-12 2.2962e+00    209.947    14.2566    38.0349    28.4792 0.0000e+00
    106.000    14.2762     0.2357    97.7094 1.0000e-12 2.5610e+00    204.884    14.2603    38.0520    28.4915 0.0000e+00
    107.000    14.2722     0.2333    97.7383 1.0000e-12 3.5444e+00    200.931    14.2561    38.0687    28.5054 0.0000e+00
    108.000    14.2430     0.2308    97.7734 1.0000e-12 1.8817e+00    200.813    14.2269    38.0707    28.5133 0.0000e+00
    109.000    14.2261     0.2247    97.8061 1.0000e-12 3.3449e+00    199.918    14.2098    38.0761    28.5213 0.0000e+00
    110.000    14.2236     0.2275    97.8155 1.0000e-12 2.6269e+00    197.623    14.2072    38.0930    28.5349 0.0000e+00
    111.000    14.2148     0.2231    97.8593 1.0000e-12 1.8759e+00    197.730    14.1982    38.0973    28.5402 0.0000e+00
    112.000    14.2032     0.2233    97.8746 1.0000e-12 3.6237e+00    198.228    14.1864    38.1015    28.5460 0.0000e+00
    113.000    14.1988     0.2230    97.8721 1.0000e-12 2.6062e+00    198.391    14.1819    38.1055    28.5500 0.0000e+00
    114.000    14.1888     0.2235    97.8706 1.0000e-12 3.9353e+00    197.943    14.1717    38.1107    28.5563 0.0000e+00
    115.000    14.1494     0.2229    97.9000 1.0000e-12 3.3676e+00    197.336    14.1322    38.1287    28.5788 0.0000e+00
    116.000    14.1357     0.2163    97.9477 1.0000e-12 3.3148e+00    196.859    14.1185    38.1354    28.5870 0.0000e+00
    117.000    14.1296     0.2124    97.9655 1.0000e-12 4.0762e+00    196.236    14.1121    38.1389    28.5911 0.0000e+00
    118.000    14.1183     0.2155    97.9204 1.0000e-12 2.0617e+00    196.023    14.1007    38.1447    28.5981 0.0000e+00
    119.000    14.1044     0.2135    97.9753 1.0000e-12 2.7306e+00    195.549    14.0866    38.1484    28.6040 0.0000e+00
    120.000    14.0856     0.2071    97.9971 1.0000e-12 3.3256e+00    196.585    14.0677    38.1541    28.6125 0.0000e+00
    121.000    14.0634     0.2061    97.9693 1.0000e-12 3.9004e+00    198.043    14.0454    38.1553    28.6183 0.0000e+00
    122.000    14.0387     0.2041    98.0092 1.0000e-12 3.6316e+00    198.937    14.0206    38.1596    28.6270 0.0000e+00
    123.000    14.0186     0.1999    98.0559 1.0000e-12 3.4994e+00    199.566    14.0003    38.1627    28.6337 0.0000e+00
    124.000    14.0153     0.2032    98.0678 1.0000e-12 3.8025e+00    200.028    13.9969    38.1636    28.6352 0.0000e+00
    125.000    14.0142     0.2020    98.0618 1.0000e-12 2.8241e+00    199.905    13.9957    38.1643    28.6360 0.0000e+00
    126.000    14.0114     0.1979    98.0684 1.0000e-12 2.9261e+00    199.457    13.9927    38.1659    28.6379 0.0000e+00
    127.000    14.0046     0.2039    98.0771 1.0000e-12 2.5533e+00    199.496    13.9858    38.1687    28.6416 0.0000e+00
    128.000    13.9969     0.2000    98.0893 1.0000e-12 3.3644e+00    199.122    13.9779    38.1722    28.6460 0.0000e+00
    129.000    13.9801     0.1948    98.0710 1.0000e-12 3.4228e+00    198.522    13.9610    38.1812    28.6566 0.0000e+00
    130.000    13.9593     0.1951    98.1166 1.0000e-12 2.9394e+00    197.801    13.9400    38.1921    28.6696 0.0000e+00
    131.000    13.9506     0.1960    98.1313 1.0000e-12 2.9185e+00    198.432    13.9313    38.1962    28.6747 0.0000e+00
