Data/ruptures/PEACETIME/FAST/PEACETIME_FAST_CTD_069.cnv
* Sea-Bird SBE 9 Data File:
* FileName = C:\CTD\rawCTD\PEACETIME_FAST_CTD_069.hdr
* Software Version Seasave V 7.23.2
* Temperature SN = 1378
* Conductivity SN = 2929
* Number of Bytes Per Scan = 38
* Number of Voltage Words = 5
* Number of Scans Averaged by the Deck Unit = 1
* NMEA Latitude = 37 56.79 N
* NMEA Longitude = 002 55.01 E
* NMEA UTC (Time) = Jun 05 2017  12:59:36
* NMEA baud rate = 4800
** Cruise:   PEACETIME
** Station:   FAST_CTD_069
# nquan = 11
# nvalues = 400                         
# units = specified
# name 0 = prDM: Pressure, Digiquartz [db]
# name 1 = t090C: Temperature [ITS-90, deg C]
# name 2 = flC: Fluorescence, Chelsea Aqua 3 Chl Con [ug/l]
# name 3 = CStarTr0: Beam Transmission, WET Labs C-Star [%]
# name 4 = par: PAR/Irradiance, Biospherical/Licor
# name 5 = spar: SPAR/Surface Irradiance
# name 6 = sbeox0Mm/Kg: Oxygen, SBE 43 [umol/kg]
# name 7 = potemp090C: Potential Temperature [ITS-90, deg C]
# name 8 = sal00: Salinity, Practical [PSU]
# name 9 = sigma-é00: Density [sigma-theta, kg/m^3]
# name 10 = flag:
# span 0 =      2.000,    401.000       
# span 1 =    13.5713,    21.4512       
# span 2 =     0.1792,     0.7130       
# span 3 =    89.2038,    98.2654       
# span 4 = -3.559e-05, 2.7930e+02       
# span 5 = 1.4620e+03, 3.1049e+03       
# span 6 =    152.311,    241.139       
# span 7 =    13.5123,    21.4502       
# span 8 =    36.9794,    38.5933       
# span 9 =    25.9229,    29.0721       
# span 10 = 0.0000e+00, 0.0000e+00      
# interval = decibars: 1                
# start_time = Jun 05 2017 12:59:36 [NMEA time, first data scan]
# bad_flag = -9.990e-29
*END*
[from data line 263]
    265.000    13.6186     0.1888    98.2340 1.0000e-12 1.5264e+03    160.063    13.5797    38.5135    28.9959 0.0000e+00
    266.000    13.6176     0.1836    98.2311 1.0000e-12 1.5248e+03    160.101    13.5785    38.5146    28.9970 0.0000e+00
    267.000    13.6169     0.1903    98.2326 1.0000e-12 1.5271e+03    159.733    13.5777    38.5177    28.9995 0.0000e+00
    268.000    13.6175     0.1887    98.2171 1.0000e-12 1.5239e+03    159.303    13.5781    38.5209    29.0019 0.0000e+00
    269.000    13.6180     0.1880    98.2213 1.0000e-12 1.5227e+03    159.466    13.5785    38.5216    29.0024 0.0000e+00
    270.000    13.6189     0.1912    98.2263 1.0000e-12 1.5265e+03    159.516    13.5792    38.5225    29.0030 0.0000e+00
    271.000    13.6201     0.1890    98.2262 1.0000e-12 1.5252e+03    159.049    13.5803    38.5246    29.0043 0.0000e+00
    272.000    13.6231     0.1807    98.2239 1.0000e-12 1.5235e+03    158.701    13.5831    38.5277    29.0062 0.0000e+00
    273.000    13.6239     0.1840    98.2332 1.0000e-12 1.5274e+03    158.434    13.5838    38.5290    29.0070 0.0000e+00
    274.000    13.6238     0.1916    98.2319 1.0000e-12 1.5278e+03    158.001    13.5835    38.5297    29.0077 0.0000e+00
    275.000    13.6230     0.1877    98.2320 1.0000e-12 1.5295e+03    157.790    13.5826    38.5323    29.0098 0.0000e+00
    276.000    13.6234     0.1901    98.2249 1.0000e-12 1.5284e+03    158.031    13.5829    38.5331    29.0104 0.0000e+00
    277.000    13.6243     0.1915    98.2301 1.0000e-12 1.5315e+03    157.658    13.5836    38.5341    29.0110 0.0000e+00
    278.000    13.6244     0.1927    98.2295 1.0000e-12 1.5321e+03    157.541    13.5836    38.5362    29.0127 0.0000e+00
    279.000    13.6249     0.1920    98.2346 1.0000e-12 1.5362e+03    157.506    13.5840    38.5391    29.0148 0.0000e+00
    280.000    13.6250     0.1858    98.2334 1.0000e-12 1.5382e+03    156.872    13.5839    38.5413    29.0166 0.0000e+00
    281.000    13.6243     0.1861    98.2265 1.0000e-12 1.5382e+03    155.991    13.5830    38.5428    29.0179 0.0000e+00
    282.000    13.6242     0.1857    98.2314 1.0000e-12 1.5347e+03    156.457    13.5828    38.5431    29.0182 0.0000e+00
    283.000    13.6244     0.1871    98.2329 1.0000e-12 1.5377e+03    156.577    13.5829    38.5432    29.0183 0.0000e+00
    284.000    13.6244     0.1873    98.2338 1.0000e-12 1.5336e+03    156.126    13.5826    38.5434    29.0184 0.0000e+00
    285.000    13.6242     0.1886    98.2257 1.0000e-12 1.5277e+03    156.516    13.5823    38.5441    29.0191 0.0000e+00
    286.000    13.6249     0.1895    98.2291 1.0000e-12 1.5248e+03    156.226    13.5828    38.5449    29.0196 0.0000e+00
    287.000    13.6248     0.1923    98.2334 1.0000e-12 1.5223e+03    156.367    13.5826    38.5452    29.0198 0.0000e+00
    288.000    13.6235     0.1912    98.2373 1.0000e-12 1.5198e+03    156.315    13.5812    38.5461    29.0208 0.0000e+00
    289.000    13.6247     0.1914    98.2301 1.0000e-12 1.5199e+03    156.303    13.5822    38.5486    29.0226 0.0000e+00
    290.000    13.6280     0.1927    98.2346 1.0000e-12 1.5183e+03    156.065    13.5854    38.5513    29.0240 0.0000e+00
    291.000    13.6294     0.1873    98.2396 1.0000e-12 1.5157e+03    155.857    13.5867    38.5535    29.0254 0.0000e+00
    292.000    13.6291     0.1891    98.2395 1.0000e-12 1.5166e+03    155.586    13.5861    38.5542    29.0261 0.0000e+00
    293.000    13.6276     0.1905    98.2395 1.0000e-12 1.5147e+03    155.494    13.5845    38.5539    29.0262 0.0000e+00
    294.000    13.6265     0.1863    98.2395 1.0000e-12 1.5141e+03    155.288    13.5832    38.5536    29.0263 0.0000e+00
    295.000    13.6244     0.1892    98.2403 1.0000e-12 1.5148e+03    154.918    13.5810    38.5535    29.0266 0.0000e+00
    296.000    13.6243     0.1913    98.2425 1.0000e-12 1.5167e+03    155.041    13.5808    38.5539    29.0270 0.0000e+00
    297.000    13.6245     0.1932    98.2361 1.0000e-12 1.5162e+03    155.249    13.5809    38.5542    29.0272 0.0000e+00
    298.000    13.6260     0.1935    98.2396 1.0000e-12 1.5191e+03    155.088    13.5822    38.5556    29.0280 0.0000e+00
    299.000    13.6278     0.1967    98.2395 1.0000e-12 1.5188e+03    154.738    13.5839    38.5572    29.0289 0.0000e+00
    300.000    13.6279     0.1901    98.2395 1.0000e-12 1.5237e+03    155.109    13.5838    38.5570    29.0287 0.0000e+00
    301.000    13.6268     0.1920    98.2404 1.0000e-12 1.5294e+03    155.175    13.5826    38.5575    29.0294 0.0000e+00
    302.000    13.6241     0.1941    98.2435 1.0000e-12 1.5345e+03    154.719    13.5797    38.5570    29.0296 0.0000e+00
    303.000    13.6236     0.1876    98.2427 1.0000e-12 1.5370e+03    155.009    13.5790    38.5569    29.0297 0.0000e+00
    304.000    13.6232     0.1812    98.2293 1.0000e-12 1.5388e+03    154.704    13.5784    38.5569    29.0298 0.0000e+00
    305.000    13.6230     0.1819    98.2398 1.0000e-12 1.5410e+03    154.878    13.5782    38.5568    29.0298 0.0000e+00
    306.000    13.6230     0.1922    98.2395 1.0000e-12 1.5453e+03    154.895    13.5780    38.5568    29.0299 0.0000e+00
    307.000    13.6217     0.1848    98.2395 1.0000e-12 1.5514e+03    154.873    13.5765    38.5566    29.0300 0.0000e+00
    308.000    13.6215     0.1864    98.2428 1.0000e-12 1.5565e+03    154.991    13.5762    38.5569    29.0303 0.0000e+00
    309.000    13.6236     0.1905    98.2374 1.0000e-12 1.5625e+03    154.833    13.5782    38.5602    29.0324 0.0000e+00
    310.000    13.6243     0.1945    98.2455 1.0000e-12 1.5690e+03    154.408    13.5786    38.5620    29.0337 0.0000e+00
    311.000    13.6245     0.1908    98.2537 1.0000e-12 1.5624e+03    154.621    13.5787    38.5621    29.0338 0.0000e+00
    312.000    13.6265     0.1951    98.2433 1.0000e-12 1.5589e+03    154.343    13.5806    38.5644    29.0351 0.0000e+00
    313.000    13.6292     0.1922    98.2441 1.0000e-12 1.5584e+03    154.435    13.5831    38.5666    29.0363 0.0000e+00
    314.000    13.6315     0.1921    98.2491 1.0000e-12 1.5527e+03    154.356    13.5853    38.5675    29.0365 0.0000e+00
    315.000    13.6416     0.1960    98.2474 1.0000e-12 1.5612e+03    154.411    13.5952    38.5728    29.0385 0.0000e+00
    316.000    13.6455     0.1897    98.2460 1.0000e-12 1.5693e+03    154.572    13.5990    38.5741    29.0388 0.0000e+00
    317.000    13.6457     0.1895    98.2444 1.0000e-12 1.5806e+03    154.545    13.5990    38.5740    29.0387 0.0000e+00
    318.000    13.6455     0.1862    98.2419 1.0000e-12 1.5970e+03    154.312    13.5987    38.5740    29.0387 0.0000e+00
    319.000    13.6458     0.1908    98.2447 1.0000e-12 1.6201e+03    154.621    13.5988    38.5748    29.0394 0.0000e+00
    320.000    13.6471     0.1855    98.2388 1.0000e-12 1.6349e+03    154.433    13.5999    38.5763    29.0402 0.0000e+00
    321.000    13.6473     0.1894    98.2486 1.0000e-12 1.6588e+03    154.228    13.6001    38.5770    29.0408 0.0000e+00
    322.000    13.6468     0.1879    98.2415 1.0000e-12 1.7060e+03    154.415    13.5993    38.5777    29.0415 0.0000e+00
    323.000    13.6458     0.1837    98.2423 1.0000e-12 1.7313e+03    154.448    13.5983    38.5788    29.0425 0.0000e+00
    324.000    13.6459     0.1862    98.2359 1.0000e-12 1.6687e+03    154.332    13.5982    38.5791    29.0428 0.0000e+00
    325.000    13.6460     0.1865    98.2465 1.0000e-12 1.5976e+03    154.446    13.5982    38.5793    29.0429 0.0000e+00
    326.000    13.6462     0.1857    98.2462 1.0000e-12 1.5655e+03    154.033    13.5982    38.5794    29.0431 0.0000e+00
    327.000    13.6463     0.1893    98.2451 1.0000e-12 1.5489e+03    154.408    13.5982    38.5797    29.0433 0.0000e+00
    328.000    13.6462     0.1913    98.2462 1.0000e-12 1.5291e+03    154.805    13.5978    38.5808    29.0442 0.0000e+00
    329.000    13.6454     0.1881    98.2478 1.0000e-12 1.5222e+03    154.446    13.5969    38.5815    29.0450 0.0000e+00
    330.000    13.6424     0.1839    98.2486 1.0000e-12 1.5113e+03    153.767    13.5937    38.5826    29.0465 0.0000e+00
    331.000    13.6397     0.1879    98.2535 1.0000e-12 1.5022e+03    153.717    13.5909    38.5836    29.0478 0.0000e+00
    332.000    13.6379     0.1864    98.2395 1.0000e-12 1.4960e+03    153.625    13.5890    38.5840    29.0486 0.0000e+00
    333.000    13.6362     0.1938    98.2442 1.0000e-12 1.4947e+03    153.882    13.5871    38.5845    29.0494 0.0000e+00
    334.000    13.6355     0.1914    98.2429 1.0000e-12 1.4884e+03    153.712    13.5863    38.5847    29.0496 0.0000e+00
    335.000    13.6355     0.1932    98.2470 1.0000e-12 1.4859e+03    153.917    13.5861    38.5849    29.0499 0.0000e+00
    336.000    13.6355     0.1880    98.2565 1.0000e-12 1.4810e+03    153.395    13.5860    38.5850    29.0500 0.0000e+00
    337.000    13.6357     0.1836    98.2384 1.0000e-12 1.4808e+03    153.715    13.5861    38.5850    29.0500 0.0000e+00
    338.000    13.6360     0.1867    98.2504 1.0000e-12 1.4800e+03    153.749    13.5862    38.5850    29.0499 0.0000e+00
    339.000    13.6360     0.1912    98.2461 1.0000e-12 1.4799e+03    153.936    13.5860    38.5852    29.0501 0.0000e+00
    340.000    13.6362     0.1836    98.2479 1.0000e-12 1.4796e+03    153.549    13.5860    38.5865    29.0511 0.0000e+00
    341.000    13.6351     0.1879    98.2516 1.0000e-12 1.4753e+03    153.499    13.5849    38.5873    29.0520 0.0000e+00
    342.000    13.6336     0.1933    98.2481 1.0000e-12 1.4778e+03    153.582    13.5832    38.5876    29.0526 0.0000e+00
    343.000    13.6331     0.1876    98.2533 -9.990e-29 1.4733e+03    153.907    13.5825    38.5879    29.0530 0.0000e+00
    344.000    13.6326     0.1907    98.2525 1.0000e-12 1.4766e+03    154.014    13.5819    38.5882    29.0533 0.0000e+00
    345.000    13.6312     0.1867    98.2528 1.0000e-12 1.4728e+03    153.932    13.5804    38.5880    29.0535 0.0000e+00
    346.000    13.6287     0.1854    98.2571 1.0000e-12 1.4758e+03    153.469    13.5777    38.5876    29.0537 0.0000e+00
    347.000    13.6264     0.1876    98.2610 1.0000e-12 1.4764e+03    153.706    13.5752    38.5878    29.0545 0.0000e+00
    348.000    13.6285     0.1863    98.2466 1.0000e-12 1.4742e+03    153.348    13.5772    38.5889    29.0549 0.0000e+00
    349.000    13.6305     0.1875    98.2538 1.0000e-12 1.4691e+03    153.591    13.5791    38.5904    29.0556 0.0000e+00
    350.000    13.6303     0.1888    98.2486 1.0000e-12 1.4735e+03    153.611    13.5787    38.5904    29.0557 0.0000e+00
    351.000    13.6293     0.1870    98.2573 1.0000e-12 1.4691e+03    153.604    13.5775    38.5902    29.0558 0.0000e+00
    352.000    13.6225     0.1796    98.2572 1.0000e-12 1.4685e+03    153.285    13.5707    38.5898    29.0570 0.0000e+00
    353.000    13.6193     0.1792    98.2477 1.0000e-12 1.4681e+03    153.374    13.5672    38.5902    29.0580 0.0000e+00
    354.000    13.6165     0.1893    98.2594 1.0000e-12 1.4673e+03    153.456    13.5644    38.5907    29.0590 0.0000e+00
    355.000    13.6155     0.1865    98.2596 1.0000e-12 1.4658e+03    153.136    13.5632    38.5911    29.0596 0.0000e+00
    356.000    13.6109     0.1881 -9.990e-29 1.0000e-12 1.4634e+03    152.829    13.5584    38.5910    29.0605 0.0000e+00
    357.000    13.6087     0.1871    98.2506 1.0000e-12 1.4658e+03    153.404    13.5561    38.5907    29.0608 0.0000e+00
    358.000    13.6075     0.1914    98.2603 1.0000e-12 1.4637e+03    153.342    13.5548    38.5906    29.0610 0.0000e+00
    359.000    13.6041     0.1854    98.2630 1.0000e-12 1.4635e+03    153.039    13.5512    38.5905    29.0617 0.0000e+00
    360.000    13.6028     0.1915    98.2566 1.0000e-12 1.4642e+03    152.881    13.5498    38.5905    29.0620 0.0000e+00
    361.000    13.6016     0.1944    98.2490 1.0000e-12 1.4623e+03    153.192    13.5485    38.5904    29.0621 0.0000e+00
    362.000    13.5994     0.1903 -9.990e-29 1.0000e-12 1.4623e+03    152.963    13.5461    38.5902    29.0625 0.0000e+00
    363.000    13.5989     0.1908 -9.990e-29 1.0000e-12 1.4643e+03    153.027    13.5455    38.5905    29.0629 0.0000e+00
    364.000    13.5982     0.1894 -9.990e-29 1.0000e-12 1.4621e+03    152.976    13.5446    38.5907    29.0632 0.0000e+00
    365.000    13.5965     0.1947 -9.990e-29 -9.990e-29 1.4620e+03    152.743    13.5428    38.5907    29.0637 0.0000e+00
    366.000    13.5937     0.1962    98.2580 1.0000e-12 1.4628e+03    152.728    13.5399    38.5907    29.0642 0.0000e+00
    367.000    13.5927     0.1898    98.2600 1.0000e-12 1.4627e+03    152.934    13.5387    38.5906    29.0644 0.0000e+00
    368.000    13.5923     0.1882    98.2598 1.0000e-12 1.4653e+03    153.100    13.5382    38.5907    29.0646 0.0000e+00
    369.000    13.5923     0.1900    98.2493 1.0000e-12 1.4625e+03    152.949    13.5380    38.5908    29.0647 0.0000e+00
    370.000    13.5922     0.1864    98.2614 1.0000e-12 1.4636e+03    152.661    13.5377    38.5908    29.0647 0.0000e+00
    371.000    13.5917     0.1867    98.2654 1.0000e-12 1.4680e+03    153.177    13.5371    38.5909    29.0649 0.0000e+00
    372.000    13.5911     0.1889    98.2591 1.0000e-12 1.4661e+03    152.898    13.5363    38.5909    29.0651 0.0000e+00
    373.000    13.5908     0.1903    98.2612 1.0000e-12 1.4651e+03    153.075    13.5359    38.5909    29.0652 0.0000e+00
    374.000    13.5907     0.1910    98.2621 1.0000e-12 1.4673e+03    152.890    13.5356    38.5909    29.0653 0.0000e+00
    375.000    13.5903     0.1854    98.2566 1.0000e-12 1.4647e+03    153.123    13.5350    38.5908    29.0653 0.0000e+00
    376.000    13.5871     0.1870    98.2627 1.0000e-12 1.4651e+03    153.022    13.5318    38.5905    29.0658 0.0000e+00
    377.000    13.5838     0.1904 -9.990e-29 1.0000e-12 1.4664e+03    152.993    13.5283    38.5904    29.0664 0.0000e+00
    378.000    13.5833     0.1910 -9.990e-29 1.0000e-12 1.4660e+03    153.034    13.5276    38.5903    29.0665 0.0000e+00
    379.000    13.5832     0.1873 -9.990e-29 1.0000e-12 1.4681e+03    152.311    13.5274    38.5906    29.0668 0.0000e+00
    380.000    13.5831     0.1903 -9.990e-29 1.0000e-12 1.4673e+03    152.805    13.5272    38.5905    29.0668 0.0000e+00
    381.000    13.5830     0.1916 -9.990e-29 1.0000e-12 1.4688e+03    152.861    13.5269    38.5905    29.0668 0.0000e+00
    382.000    13.5826     0.1931 -9.990e-29 1.0000e-12 1.4702e+03    152.817    13.5263    38.5906    29.0670 0.0000e+00
    383.000    13.5821     0.1922    98.2584 1.0000e-12 1.4679e+03    152.902    13.5257    38.5905    29.0671 0.0000e+00
    384.000    13.5811     0.1862    98.2648 1.0000e-12 1.4709e+03    153.008    13.5245    38.5905    29.0673 0.0000e+00
    385.000    13.5805     0.1863    98.2636 1.0000e-12 1.4722e+03    152.889    13.5239    38.5906    29.0676 0.0000e+00
    386.000    13.5798     0.1924 -9.990e-29 1.0000e-12 1.4723e+03    152.767    13.5229    38.5906    29.0678 0.0000e+00
    387.000    13.5796     0.1924 -9.990e-29 1.0000e-12 1.4710e+03    153.021    13.5226    38.5908    29.0680 0.0000e+00
    388.000    13.5792     0.1884 -9.990e-29 -9.990e-29 1.4705e+03    152.735    13.5221    38.5910    29.0682 0.0000e+00
    389.000    13.5791     0.1895 -9.990e-29 1.0000e-12 1.4744e+03    152.607    13.5219    38.5909    29.0682 0.0000e+00
    390.000    13.5789     0.1905 -9.990e-29 1.0000e-12 1.4724e+03    152.686    13.5214    38.5909    29.0683 0.0000e+00
    391.000    13.5765     0.1922 -9.990e-29 1.0000e-12 1.4726e+03    152.822    13.5190    38.5913    29.0692 0.0000e+00
    392.000    13.5767     0.1882 -9.990e-29 1.0000e-12 1.4714e+03    153.031    13.5190    38.5913    29.0692 0.0000e+00
    393.000    13.5767     0.1899 -9.990e-29 1.0000e-12 1.4743e+03    152.859    13.5188    38.5917    29.0695 0.0000e+00
    394.000    13.5762     0.1881 -9.990e-29 1.0000e-12 1.4737e+03    152.684    13.5182    38.5920    29.0699 0.0000e+00
