Data/ruptures/PEACETIME/FAST/PEACETIME_FAST_CTD_074.cnv
* Sea-Bird SBE 9 Data File:
* FileName = C:\CTD\rawCTD\PEACETIME_FAST_CTD_074.hdr
* Software Version Seasave V 7.23.2
* Temperature SN = 1378
* Conductivity SN = 2929
* Number of Bytes Per Scan = 38
* Number of Voltage Words = 5
* Number of Scans Averaged by the Deck Unit = 1
* NMEA Latitude = 37 56.79 N
* NMEA Longitude = 002 55.01 E
* NMEA UTC (Time) = Jun 06 2017  02:51:16
* NMEA baud rate = 4800
** Cruise:   PEACETIME
** Station:   FAST_CTD_074
# nquan = 11
# nvalues = 500                         
# units = specified
# name 0 = prDM: Pressure, Digiquartz [db]
# name 1 = t090C: Temperature [ITS-90, deg C]
# name 2 = flC: Fluorescence, Chelsea Aqua 3 Chl Con [ug/l]
# name 3 = CStarTr0: Beam Transmission, WET Labs C-Star [%]
# name 4 = par: PAR/Irradiance, Biospherical/Licor
# name 5 = spar: SPAR/Surface Irradiance
# name 6 = sbeox0Mm/Kg: Oxygen, SBE 43 [umol/kg]
# name 7 = potemp090C: Potential Temperature [ITS-90, deg C]
# name 8 = sal00: Salinity, Practical [PSU]
# name 9 = sigma-é00: Density [sigma-theta, kg/m^3]
# name 10 = flag:
# span 0 =      2.000,    501.000       
# span 1 =    13.4404,    21.3526       
# span 2 =     0.1840,     0.4196       
# span 3 =    94.3797,    98.2339       
# span 4 = -1.234e-05, 1.7484e-01       
# span 5 = 9.8001e-01, 5.3158e+00       
# span 6 =    152.310,    240.283       
# span 7 =    13.3669,    21.3505       
# span 8 =    37.0189,    38.5920       
# span 9 =    25.9734,    29.0893       
# span 10 = 0.0000e+00, 0.0000e+00      
# interval = decibars: 1                
# start_time = Jun 06 2017 02:51:16 [NMEA time, first data scan]
# bad_flag = -9.990e-29
*END*
      2.000    21.3423     0.2299    96.2903 1.7484e-01 1.4245e+00    210.052    21.3420    37.0676    25.9744 0.0000e+00
      3.000    21.3458     0.2344    96.7518 1.5806e-01 3.5141e+00    210.108    21.3452    37.0678    25.9737 0.0000e+00
      4.000    21.3469     0.2393    96.7211 7.6141e-02 2.3373e+00    210.595    21.3461    37.0683    25.9738 0.0000e+00
      5.000    21.3484     0.2337    96.8003 7.4223e-02 2.0037e+00    210.574    21.3474    37.0686    25.9736 0.0000e+00
      6.000    21.3471     0.2268    96.7605 5.4479e-02 3.0178e+00    211.279    21.3460    37.0686    25.9741 0.0000e+00
      7.000    21.3442     0.2276    96.7825 3.2240e-02 1.6619e+00    210.744    21.3428    37.0688    25.9751 0.0000e+00
      8.000    21.3507     0.2316    96.8232 2.3858e-02 3.1893e+00    210.717    21.3491    37.0689    25.9734 0.0000e+00
      9.000    21.3509     0.2294    96.8343 1.8242e-02 3.2904e+00    211.023    21.3491    37.0692    25.9736 0.0000e+00
     10.000    21.3505     0.2266    96.8353 1.7492e-02 3.0667e+00    211.531    21.3486    37.0692    25.9737 0.0000e+00
     11.000    21.3526     0.2240    96.8356 6.5258e-03 2.2611e+00    211.317    21.3505    37.0695    25.9735 0.0000e+00
     12.000    21.3503     0.2269    96.8305 1.4371e-03 3.3872e+00    211.317    21.3480    37.0696    25.9743 0.0000e+00
     13.000    21.3453     0.2252    96.8300 4.7983e-03 2.7554e+00    210.265    21.3428    37.0691    25.9753 0.0000e+00
     14.000    21.2906     0.2321    96.8346 2.4889e-04 2.7096e+00    209.106    21.2878    37.0636    25.9864 0.0000e+00
     15.000    20.7967     0.2236    96.7666 1.6854e-04 2.2956e+00    212.450    20.7938    37.0537    26.1148 0.0000e+00
     16.000    20.5743     0.2252    96.7206 -9.990e-29 2.3488e+00    214.158    20.5712    37.0571    26.1781 0.0000e+00
     17.000    20.4407     0.2278    96.7336 1.0000e-12 2.3326e+00    215.593    20.4374    37.0599    26.2165 0.0000e+00
     18.000    20.3136     0.2239    96.8700 1.0000e-12 3.0811e+00    215.654    20.3103    37.0611    26.2517 0.0000e+00
     19.000    20.2189     0.2184    96.8954 1.0000e-12 3.7964e+00    216.151    20.2153    37.0621    26.2780 0.0000e+00
     20.000    20.0418     0.2169    96.8966 1.0000e-12 4.1645e+00    217.619    20.0380    37.0659    26.3284 0.0000e+00
     21.000    19.8332     0.2211    96.8357 1.0000e-12 1.8224e+00    220.332    19.8293    37.0743    26.3903 0.0000e+00
     22.000    19.7628     0.2263    96.8164 1.0000e-12 3.1405e+00    221.555    19.7588    37.0784    26.4122 0.0000e+00
     23.000    19.7252     0.2270    96.8099 1.0000e-12 3.7621e+00    219.185    19.7209    37.0783    26.4222 0.0000e+00
     24.000    19.3444     0.2210    96.7900 1.0000e-12 1.8877e+00    220.418    19.3401    37.0292    26.4842 0.0000e+00
     25.000    18.6553     0.2227    96.8121 1.0000e-12 2.6937e+00    228.899    18.6509    37.0189    26.6549 0.0000e+00
     26.000    18.5085     0.2235    96.8874 1.0000e-12 2.2329e+00    231.561    18.5039    37.0705    26.7319 0.0000e+00
     27.000    18.4830     0.2219    96.9313 1.0000e-12 3.2555e+00    231.217    18.4782    37.0803    26.7459 0.0000e+00
     28.000    18.3729     0.2264    96.9560 1.0000e-12 3.1792e+00    233.236    18.3680    37.0705    26.7664 0.0000e+00
     29.000    18.4195     0.2268    96.9959 1.0000e-12 3.1244e+00    232.380    18.4144    37.0908    26.7702 0.0000e+00
     30.000    18.2689     0.2143    96.9863 1.0000e-12 2.6274e+00    230.523    18.2636    37.2137    26.9024 0.0000e+00
     31.000    18.0522     0.2143    96.9183 1.0000e-12 2.7405e+00    232.102    18.0468    37.2415    26.9784 0.0000e+00
     32.000    17.9480     0.2182    96.8783 1.0000e-12 3.7518e+00    232.972    17.9424    37.2428    27.0054 0.0000e+00
     33.000    17.8781     0.2272    96.8637 1.0000e-12 3.3418e+00    232.157    17.8724    37.2434    27.0234 0.0000e+00
     34.000    17.5742     0.2317    96.8053 -9.990e-29 3.1991e+00    234.315    17.5684    37.2163    27.0779 0.0000e+00
     35.000    17.4720     0.2292    96.7581 -9.990e-29 4.1004e+00    235.947    17.4661    37.2058    27.0950 0.0000e+00
     36.000    17.4154     0.2266    96.7892 1.0000e-12 4.0026e+00    235.542    17.4093    37.1964    27.1017 0.0000e+00
     37.000    17.2509     0.2251    96.7803 1.0000e-12 2.8903e+00    236.422    17.2446    37.1664    27.1189 0.0000e+00
     38.000    17.2243     0.2252    96.7939 1.0000e-12 3.7929e+00    236.812    17.2179    37.1678    27.1265 0.0000e+00
     39.000    17.2194     0.2227    96.7917 1.0000e-12 3.1666e+00    237.461    17.2128    37.1703    27.1296 0.0000e+00
     40.000    17.1104     0.2311    96.7776 1.0000e-12 2.2153e+00    236.966    17.1037    37.1607    27.1487 0.0000e+00
     41.000    16.9650     0.2271    96.7738 1.0000e-12 3.2120e+00    238.225    16.9582    37.1887    27.2054 0.0000e+00
     42.000    16.9979     0.2322    96.8086 1.0000e-12 2.8375e+00    238.101    16.9909    37.2507    27.2452 0.0000e+00
     43.000    16.9774     0.2246    96.8435 -9.990e-29 1.7073e+00    238.111    16.9703    37.2533    27.2522 0.0000e+00
     44.000    16.8273     0.2250    96.8086 1.0000e-12 3.8335e+00    236.394    16.8200    37.2798    27.3088 0.0000e+00
     45.000    16.5579     0.2277    96.7860 1.0000e-12 2.5457e+00    237.281    16.5505    37.3130    27.3986 0.0000e+00
     46.000    16.3444     0.2335    96.6995 1.0000e-12 3.0426e+00    240.283    16.3369    37.3074    27.4449 0.0000e+00
     47.000    16.3808     0.2367    96.6960 1.0000e-12 2.4886e+00    238.777    16.3732    37.2957    27.4273 0.0000e+00
     48.000    16.0495     0.2397    96.7860 1.0000e-12 4.6447e+00    239.998    16.0417    37.2920    27.5023 0.0000e+00
     49.000    16.0730     0.2338    96.8058 1.0000e-12 3.4172e+00    240.100    16.0651    37.3280    27.5246 0.0000e+00
     50.000    16.0013     0.2319    96.7992 1.0000e-12 2.5852e+00    239.497    15.9932    37.3251    27.5392 0.0000e+00
     51.000    15.8647     0.2409    96.7347 1.0000e-12 4.3474e+00    237.812    15.8566    37.3107    27.5598 0.0000e+00
     52.000    15.7837     0.2444    96.6592 1.0000e-12 2.0986e+00    239.339    15.7755    37.3172    27.5836 0.0000e+00
     53.000    15.7641     0.2487    96.5921 1.0000e-12 3.7651e+00    238.643    15.7556    37.3378    27.6040 0.0000e+00
     54.000    15.6087     0.2545    96.5472 1.0000e-12 2.6691e+00    237.409    15.6002    37.3417    27.6428 0.0000e+00
     55.000    15.5290     0.2536    96.4596 1.0000e-12 2.8227e+00    237.272    15.5204    37.3402    27.6599 0.0000e+00
     56.000    15.4757     0.2626    96.4051 1.0000e-12 3.2475e+00    236.686    15.4670    37.3487    27.6786 0.0000e+00
     57.000    15.4607     0.2720    96.2977 1.0000e-12 3.3695e+00    237.320    15.4518    37.3853    27.7103 0.0000e+00
     58.000    15.4223     0.2787    95.9749 1.0000e-12 1.9406e+00    236.981    15.4132    37.4119    27.7396 0.0000e+00
     59.000    15.3202     0.2937    95.5714 1.0000e-12 2.5276e+00    237.485    15.3110    37.4319    27.7784 0.0000e+00
     60.000    15.2760     0.3128    95.2943 1.0000e-12 3.5013e+00    236.864    15.2667    37.4514    27.8034 0.0000e+00
     61.000    15.2861     0.3042    95.2335 1.0000e-12 3.0126e+00    235.369    15.2766    37.4633    27.8104 0.0000e+00
     62.000    15.3215     0.3421    95.5563 1.0000e-12 3.0334e+00    232.996    15.3118    37.5438    27.8645 0.0000e+00
     63.000    15.2391     0.3300    95.6869 1.0000e-12 3.3796e+00    230.757    15.2293    37.5310    27.8733 0.0000e+00
     64.000    15.2123     0.3285    95.5182 1.0000e-12 3.6101e+00    230.371    15.2023    37.5219    27.8724 0.0000e+00
     65.000    15.0596     0.3380    94.6665 1.0000e-12 2.9164e+00    225.757    15.0496    37.5387    27.9199 0.0000e+00
     66.000    15.0415     0.3709    94.3797 1.0000e-12 3.5422e+00    225.178    15.0313    37.5638    27.9433 0.0000e+00
     67.000    15.0581     0.3946    94.3838 1.0000e-12 3.0335e+00    224.310    15.0477    37.5909    27.9606 0.0000e+00
     68.000    15.1004     0.4196    94.4836 1.0000e-12 2.6985e+00    226.186    15.0899    37.6021    27.9597 0.0000e+00
     69.000    15.1858     0.3805    96.0931 1.0000e-12 2.0641e+00    232.368    15.1751    37.6770    27.9983 0.0000e+00
     70.000    15.1387     0.3268    96.5730 1.0000e-12 3.4058e+00    231.035    15.1279    37.7041    28.0299 0.0000e+00
     71.000    15.0895     0.2995    96.6442 1.0000e-12 2.9730e+00    230.166    15.0785    37.7156    28.0499 0.0000e+00
     72.000    15.0678     0.2922    96.6013 1.0000e-12 2.6422e+00    229.867    15.0567    37.7168    28.0557 0.0000e+00
     73.000    15.0699     0.2957    96.5210 1.0000e-12 2.8067e+00    231.086    15.0586    37.7327    28.0676 0.0000e+00
     74.000    15.0878     0.2949    96.6689 1.0000e-12 2.6023e+00    231.202    15.0763    37.7546    28.0805 0.0000e+00
     75.000    15.0685     0.2905    96.7031 1.0000e-12 2.3296e+00    229.523    15.0569    37.7591    28.0883 0.0000e+00
     76.000    14.9915     0.3083    96.3475 1.0000e-12 3.4033e+00    227.913    14.9798    37.7560    28.1033 0.0000e+00
     77.000    15.0159     0.3420    96.3931 1.0000e-12 3.1621e+00    229.431    15.0040    37.7917    28.1254 0.0000e+00
     78.000    15.0039     0.3230    96.6811 1.0000e-12 1.9424e+00    228.778    14.9918    37.8128    28.1444 0.0000e+00
     79.000    14.9736     0.2972    96.8474 1.0000e-12 2.1800e+00    228.532    14.9614    37.8207    28.1574 0.0000e+00
     80.000    14.9543     0.2922    96.8460 1.0000e-12 3.3358e+00    227.169    14.9419    37.8306    28.1694 0.0000e+00
     81.000    14.9156     0.2993    96.8606 1.0000e-12 3.5754e+00    225.314    14.9031    37.8374    28.1834 0.0000e+00
     82.000    14.8639     0.2938    96.8819 1.0000e-12 3.3239e+00    224.386    14.8514    37.8387    28.1960 0.0000e+00
     83.000    14.8279     0.2932    96.8539 1.0000e-12 3.4880e+00    220.945    14.8152    37.8459    28.2096 0.0000e+00
     84.000    14.7703     0.3200    96.6311 1.0000e-12 3.3429e+00    217.818    14.7574    37.8480    28.2241 0.0000e+00
     85.000    14.7676     0.3410    96.6536 1.0000e-12 1.7049e+00    219.386    14.7546    37.8599    28.2339 0.0000e+00
     86.000    14.7879     0.3242    96.7875 1.0000e-12 2.4896e+00    221.125    14.7748    37.8599    28.2294 0.0000e+00
     87.000    14.7244     0.3131    96.8951 1.0000e-12 3.6111e+00    216.677    14.7112    37.8752    28.2554 0.0000e+00
     88.000    14.6951     0.3190    96.8413 1.0000e-12 1.3138e+00    216.729    14.6817    37.8867    28.2709 0.0000e+00
     89.000    14.6931     0.3267    96.8962 1.0000e-12 2.8028e+00    217.949    14.6796    37.8945    28.2773 0.0000e+00
     90.000    14.7070     0.3266    96.8787 1.0000e-12 3.5122e+00    217.473    14.6933    37.8873    28.2688 0.0000e+00
     91.000    14.6852     0.3302    96.8580 1.0000e-12 1.9652e+00    215.977    14.6713    37.8989    28.2826 0.0000e+00
     92.000    14.6618     0.3349    97.0455 1.0000e-12 2.2358e+00    215.487    14.6477    37.9112    28.2973 0.0000e+00
     93.000    14.6352     0.3188    97.3043 1.0000e-12 2.4869e+00    214.700    14.6211    37.9224    28.3119 0.0000e+00
     94.000    14.6554     0.3079    97.1882 1.0000e-12 2.7849e+00    215.375    14.6411    37.9149    28.3017 0.0000e+00
     95.000    14.6112     0.3071    97.1674 1.0000e-12 2.4997e+00    212.331    14.5967    37.9267    28.3206 0.0000e+00
     96.000    14.5794     0.3130    97.2145 1.0000e-12 2.2101e+00    211.377    14.5648    37.9419    28.3394 0.0000e+00
     97.000    14.5685     0.3174    97.1939 1.0000e-12 2.7230e+00    210.193    14.5538    37.9492    28.3476 0.0000e+00
     98.000    14.5580     0.3167    97.1230 1.0000e-12 3.0005e+00    210.238    14.5431    37.9534    28.3531 0.0000e+00
     99.000    14.5059     0.3099    97.1858 1.0000e-12 1.9620e+00    207.660    14.4910    37.9750    28.3814 0.0000e+00
    100.000    14.4877     0.3160    97.1775 1.0000e-12 2.1660e+00    206.708    14.4725    37.9913    28.3980 0.0000e+00
    101.000    14.4637     0.3088    97.2621 1.0000e-12 2.6852e+00    205.423    14.4485    38.0047    28.4137 0.0000e+00
    102.000    14.4567     0.3011    97.2299 1.0000e-12 3.8562e+00    206.082    14.4413    38.0144    28.4227 0.0000e+00
    103.000    14.4427     0.2990    97.2529 1.0000e-12 2.1044e+00    205.310    14.4272    38.0214    28.4313 0.0000e+00
    104.000    14.5106     0.2976    97.1951 1.0000e-12 2.7264e+00    208.697    14.4949    37.9859    28.3889 0.0000e+00
    105.000    14.5565     0.3385    97.2078 1.0000e-12 3.0993e+00    207.249    14.5406    37.9605    28.3592 0.0000e+00
    106.000    14.3913     0.3291    97.3377 1.0000e-12 4.3147e+00    202.988    14.3753    38.0371    28.4548 0.0000e+00
    107.000    14.3593     0.2963    97.4045 1.0000e-12 4.4285e+00    202.032    14.3432    38.0501    28.4719 0.0000e+00
    108.000    14.3277     0.2889    97.4353 1.0000e-12 2.9225e+00    199.374    14.3114    38.0585    28.4854 0.0000e+00
    109.000    14.3015     0.2866    97.4693 1.0000e-12 1.3289e+00    198.246    14.2852    38.0680    28.4985 0.0000e+00
    110.000    14.2821     0.2852    97.4779 1.0000e-12 2.1824e+00    198.092    14.2656    38.0719    28.5058 0.0000e+00
    111.000    14.2688     0.2723    97.5027 1.0000e-12 2.4031e+00    198.594    14.2521    38.0810    28.5157 0.0000e+00
    112.000    14.2584     0.2812    97.5594 1.0000e-12 1.5483e+00    198.737    14.2416    38.0842    28.5206 0.0000e+00
    113.000    14.2352     0.2829    97.5656 1.0000e-12 3.4421e+00    198.507    14.2183    38.0932    28.5326 0.0000e+00
    114.000    14.2235     0.2759    97.6110 1.0000e-12 2.8543e+00    198.152    14.2064    38.1014    28.5415 0.0000e+00
    115.000    14.2130     0.2654    97.5914 1.0000e-12 1.3265e+00    197.883    14.1958    38.1065    28.5478 0.0000e+00
    116.000    14.2098     0.2580    97.6341 1.0000e-12 1.6686e+00    197.536    14.1925    38.1135    28.5539 0.0000e+00
    117.000    14.2081     0.2578    97.6523 1.0000e-12 3.6232e+00    197.015    14.1906    38.1169    28.5570 0.0000e+00
    118.000    14.1792     0.2582    97.6828 1.0000e-12 3.4999e+00    195.409    14.1616    38.1210    28.5665 0.0000e+00
    119.000    14.1301     0.2586    97.7635 1.0000e-12 2.8878e+00    193.879    14.1124    38.1282    28.5827 0.0000e+00
    120.000    14.1121     0.2463    97.8019 1.0000e-12 2.8631e+00    191.587    14.0942    38.1334    28.5907 0.0000e+00
    121.000    14.0912     0.2379    97.8244 1.0000e-12 1.2384e+00    189.350    14.0732    38.1388    28.5994 0.0000e+00
    122.000    14.0754     0.2327    97.8373 1.0000e-12 4.2604e+00    187.607    14.0572    38.1440    28.6069 0.0000e+00
    123.000    14.0645     0.2276    97.8440 1.0000e-12 4.1922e+00    186.652    14.0462    38.1486    28.6129 0.0000e+00
    124.000    14.0603     0.2277    97.8173 1.0000e-12 2.3294e+00    187.507    14.0418    38.1507    28.6155 0.0000e+00
    125.000    14.0513     0.2319    97.8593 1.0000e-12 2.9248e+00    191.311    14.0327    38.1547    28.6206 0.0000e+00
    126.000    14.0371     0.2276    97.8673 1.0000e-12 4.7068e+00    192.747    14.0184    38.1632    28.6302 0.0000e+00
    127.000    14.0007     0.2259    97.8869 1.0000e-12 4.8838e+00    192.752    13.9819    38.1720    28.6449 0.0000e+00
    128.000    13.9914     0.2270    97.9001 1.0000e-12 3.9552e+00    192.722    13.9724    38.1791    28.6525 0.0000e+00
    129.000    13.9910     0.2232    97.8805 1.0000e-12 1.9399e+00    193.155    13.9719    38.1830    28.6556 0.0000e+00
    130.000    13.9957     0.2191    97.8777 1.0000e-12 3.7588e+00    193.507    13.9764    38.1881    28.6586 0.0000e+00
    131.000    13.9940     0.2295    97.8811 1.0000e-12 2.0446e+00    194.112    13.9746    38.1892    28.6598 0.0000e+00
    132.000    13.9861     0.2304    97.8867 1.0000e-12 2.8022e+00    194.302    13.9666    38.1890    28.6614 0.0000e+00
