Data/ruptures/PEACETIME/FAST/PEACETIME_FAST_CTD_062.cnv
* Sea-Bird SBE 9 Data File:
* FileName = C:\CTD\rawCTD\PEACETIME_FAST_CTD_062.hdr
* Software Version Seasave V 7.23.2
* Temperature SN = 1378
* Conductivity SN = 2929
* Number of Bytes Per Scan = 38
* Number of Voltage Words = 5
* Number of Scans Averaged by the Deck Unit = 1
* NMEA Latitude = 37 56.83 N
* NMEA Longitude = 002 54.92 E
* NMEA UTC (Time) = Jun 04 2017  04:42:07
* NMEA baud rate = 4800
** Cruise:   PEACETIME
** Station:   FAST_CTD_062
# nquan = 11
# nvalues = 2823                        
# units = specified
# name 0 = prDM: Pressure, Digiquartz [db]
# name 1 = t090C: Temperature [ITS-90, deg C]
# name 2 = flC: Fluorescence, Chelsea Aqua 3 Chl Con [ug/l]
# name 3 = CStarTr0: Beam Transmission, WET Labs C-Star [%]
# name 4 = par: PAR/Irradiance, Biospherical/Licor
# name 5 = spar: SPAR/Surface Irradiance
# name 6 = sbeox0Mm/Kg: Oxygen, SBE 43 [umol/kg]
# name 7 = potemp090C: Potential Temperature [ITS-90, deg C]
# name 8 = sal00: Salinity, Practical [PSU]
# name 9 = sigma-é00: Density [sigma-theta, kg/m^3]
# name 10 = flag:
# span 0 =      1.000,   2823.000       
# span 1 =    13.1174,    21.3104       
# span 2 =     0.1752,     0.6568       
# span 3 =    93.6205,    98.3905       
# span 4 = -3.721e-05, 1.2455e+01       
# span 5 = 3.3200e+01, 4.3772e+02       
# span 6 =    152.316,    240.193       
# span 7 =    12.9039,    21.3092       
# span 8 =    36.9870,    38.5924       
# span 9 =    25.9703,    29.1162       
# span 10 = 0.0000e+00, 0.0000e+00      
# interval = decibars: 1                
# start_time = Jun 04 2017 04:43:55 [NMEA time, first data scan]
# bad_flag = -9.990e-29
*END*
[from data line 1574]
   1575.000    13.1490     0.1878    98.3696 1.1880e-04 2.2632e+02    176.945    12.9130    38.4808    29.1106 0.0000e+00
   1576.000    13.1492     0.1863    98.3696 3.5369e-05 2.3002e+02    176.967    12.9130    38.4807    29.1105 0.0000e+00
   1577.000    13.1493     0.1888    98.3696 5.0656e-05 2.2331e+02    176.946    12.9130    38.4807    29.1105 0.0000e+00
   1578.000    13.1495     0.1917    98.3696 1.3123e-03 2.2421e+02    176.827    12.9130    38.4806    29.1105 0.0000e+00
   1579.000    13.1496     0.1903    98.3696 1.9080e-04 2.3137e+02    176.911    12.9130    38.4808    29.1106 0.0000e+00
   1580.000    13.1498     0.1845    98.3696 1.2540e-03 2.2747e+02    176.932    12.9130    38.4807    29.1105 0.0000e+00
   1581.000    13.1499     0.1805    98.3696 1.3902e-03 2.2336e+02    176.959    12.9130    38.4807    29.1105 0.0000e+00
   1582.000    13.1500     0.1831    98.3696 2.1194e-03 2.2251e+02    177.195    12.9129    38.4808    29.1107 0.0000e+00
   1583.000    13.1502     0.1811    98.3696 2.6062e-03 2.2501e+02    177.177    12.9129    38.4807    29.1105 0.0000e+00
   1584.000    13.1503     0.1852    98.3696 1.9725e-03 2.2542e+02    177.121    12.9129    38.4808    29.1106 0.0000e+00
   1585.000    13.1505     0.1786    98.3696 1.1349e-04 2.2473e+02    177.042    12.9130    38.4807    29.1105 0.0000e+00
   1586.000    13.1507     0.1763    98.3696 6.6733e-05 2.2712e+02    176.913    12.9130    38.4808    29.1106 0.0000e+00
   1587.000    13.1508     0.1782    98.3696 3.9994e-04 2.2519e+02    177.179    12.9129    38.4807    29.1105 0.0000e+00
   1588.000    13.1510     0.1885    98.3696 4.4105e-04 2.2720e+02    177.236    12.9130    38.4807    29.1105 0.0000e+00
   1589.000    13.1511     0.1893    98.3696 5.4931e-04 2.2076e+02    177.099    12.9129    38.4807    29.1106 0.0000e+00
   1590.000    13.1512     0.1839    98.3696 6.1478e-04 2.2561e+02    177.238    12.9129    38.4808    29.1106 0.0000e+00
   1591.000    13.1514     0.1825    98.3696 1.2843e-03 2.2522e+02    177.197    12.9128    38.4807    29.1105 0.0000e+00
   1592.000    13.1515     0.1857    98.3696 2.8478e-04 2.2773e+02    177.081    12.9128    38.4807    29.1105 0.0000e+00
   1593.000    13.1516     0.1894    98.3696 1.3451e-04 2.2170e+02    177.039    12.9128    38.4808    29.1107 0.0000e+00
   1594.000    13.1518     0.1882    98.3696 5.0938e-05 2.2797e+02    176.519    12.9128    38.4807    29.1106 0.0000e+00
   1595.000    13.1519     0.1844    98.3696 1.2798e-08 2.2432e+02    176.426    12.9127    38.4807    29.1106 0.0000e+00
   1596.000    13.1520     0.1862    98.3696 4.2029e-05 2.2461e+02    176.941    12.9127    38.4808    29.1107 0.0000e+00
   1597.000    13.1521     0.1841    98.3696 1.1352e-04 2.2771e+02    177.311    12.9127    38.4808    29.1107 0.0000e+00
   1598.000    13.1523     0.1814 -9.990e-29 -9.990e-29 2.2875e+02    177.158    12.9127    38.4808    29.1107 0.0000e+00
   1599.000    13.1525     0.1779 -9.990e-29 -9.990e-29 2.2770e+02    177.223    12.9127    38.4808    29.1106 0.0000e+00
   1600.000    13.1526     0.1781 -9.990e-29 -9.990e-29 2.2684e+02    177.393    12.9127    38.4808    29.1107 0.0000e+00
   1601.000    13.1527     0.1778 -9.990e-29 -9.990e-29 2.2788e+02    177.489    12.9126    38.4808    29.1107 0.0000e+00
   1602.000    13.1529     0.1779    98.3696 1.3513e-05 2.2764e+02    177.158    12.9126    38.4809    29.1107 0.0000e+00
   1603.000    13.1530     0.1777    98.3696 5.2187e-04 2.2953e+02    177.026    12.9126    38.4809    29.1107 0.0000e+00
   1604.000    13.1532     0.1858    98.3696 9.5615e-04 2.2770e+02    177.434    12.9126    38.4809    29.1107 0.0000e+00
   1605.000    13.1533     0.1889    98.3696 -1.253e-06 2.2576e+02    177.697    12.9126    38.4807    29.1106 0.0000e+00
   1606.000    13.1534     0.1863    98.3696 1.2466e-04 2.2619e+02    177.545    12.9125    38.4808    29.1107 0.0000e+00
   1607.000    13.1536     0.1867    98.3696 4.0449e-05 2.2505e+02    177.031    12.9126    38.4807    29.1106 0.0000e+00
   1608.000    13.1536     0.1875    98.3696 3.8559e-04 2.2938e+02    176.827    12.9124    38.4809    29.1108 0.0000e+00
   1609.000    13.1538     0.1818    98.3696 7.1893e-05 2.2289e+02    177.075    12.9124    38.4808    29.1107 0.0000e+00
   1610.000    13.1539     0.1842    98.3716 -9.990e-29 2.2872e+02    177.067    12.9124    38.4808    29.1107 0.0000e+00
   1611.000    13.1541     0.1840    98.3764 -9.990e-29 2.2829e+02    177.088    12.9124    38.4808    29.1107 0.0000e+00
   1612.000    13.1543     0.1844    98.3805 -9.990e-29 2.2928e+02    177.317    12.9124    38.4808    29.1107 0.0000e+00
   1613.000    13.1544     0.1849    98.3750 1.0000e-12 2.2643e+02    177.252    12.9123    38.4810    29.1109 0.0000e+00
   1614.000    13.1546     0.1845    98.3697 7.1936e-06 2.2522e+02    177.134    12.9124    38.4808    29.1107 0.0000e+00
   1615.000    13.1546     0.1823    98.3696 -2.839e-08 2.2758e+02    177.212    12.9123    38.4809    29.1108 0.0000e+00
   1616.000    13.1549     0.1820    98.3696 1.0000e-12 2.3176e+02    177.128    12.9124    38.4808    29.1107 0.0000e+00
   1617.000    13.1550     0.1824    98.3696 1.0000e-12 2.2838e+02    177.455    12.9124    38.4808    29.1107 0.0000e+00
   1618.000    13.1552     0.1852    98.3696 -9.990e-29 2.3027e+02    177.274    12.9123    38.4808    29.1107 0.0000e+00
   1619.000    13.1552     0.1826    98.3696 -9.990e-29 2.2919e+02    177.359    12.9122    38.4808    29.1108 0.0000e+00
   1620.000    13.1553     0.1803    98.3696 -9.990e-29 2.2774e+02    177.341    12.9122    38.4809    29.1108 0.0000e+00
   1621.000    13.1555     0.1837    98.3696 1.0000e-12 2.3070e+02    177.346    12.9122    38.4809    29.1108 0.0000e+00
   1622.000    13.1557     0.1861    98.3696 1.0000e-12 2.2781e+02    177.599    12.9122    38.4809    29.1108 0.0000e+00
   1623.000    13.1559     0.1876    98.3696 2.1954e-06 2.3144e+02    177.648    12.9122    38.4808    29.1107 0.0000e+00
   1624.000    13.1560     0.1881    98.3696 3.4942e-08 2.2821e+02    177.537    12.9123    38.4808    29.1108 0.0000e+00
   1625.000    13.1561     0.1872    98.3696 7.2807e-06 2.3188e+02    177.148    12.9122    38.4809    29.1109 0.0000e+00
   1626.000    13.1563     0.1830    98.3696 -9.990e-29 2.2915e+02    176.980    12.9122    38.4809    29.1108 0.0000e+00
   1627.000    13.1565     0.1808    98.3696 -9.990e-29 2.3050e+02    177.276    12.9122    38.4808    29.1108 0.0000e+00
   1628.000    13.1565     0.1855    98.3696 -9.990e-29 2.3180e+02    177.412    12.9121    38.4808    29.1108 0.0000e+00
   1629.000    13.1567     0.1839    98.3696 -9.990e-29 2.3135e+02    177.204    12.9122    38.4808    29.1108 0.0000e+00
   1630.000    13.1569     0.1827    98.3696 -9.990e-29 2.3421e+02    177.091    12.9122    38.4809    29.1108 0.0000e+00
   1631.000    13.1571     0.1805    98.3696 -9.990e-29 2.3134e+02    177.292    12.9122    38.4808    29.1108 0.0000e+00
   1632.000    13.1572     0.1849    98.3696 -9.990e-29 2.2928e+02    177.569    12.9121    38.4810    29.1109 0.0000e+00
   1633.000    13.1573     0.1838    98.3696 1.0000e-12 2.3145e+02    177.610    12.9121    38.4809    29.1108 0.0000e+00
   1634.000    13.1575     0.1906    98.3696 1.0000e-12 2.3002e+02    177.199    12.9122    38.4809    29.1108 0.0000e+00
   1635.000    13.1576     0.1911    98.3696 1.0000e-12 2.2894e+02    177.220    12.9121    38.4809    29.1108 0.0000e+00
   1636.000    13.1577     0.1954    98.3696 1.0000e-12 2.2926e+02    177.075    12.9120    38.4808    29.1108 0.0000e+00
   1637.000    13.1578     0.1926    98.3696 1.0000e-12 2.2840e+02    177.399    12.9120    38.4809    29.1109 0.0000e+00
   1638.000    13.1579     0.1924    98.3696 1.0000e-12 2.3263e+02    177.634    12.9119    38.4809    29.1109 0.0000e+00
   1639.000    13.1581     0.1871    98.3696 1.0000e-12 2.2851e+02    177.378    12.9120    38.4809    29.1109 0.0000e+00
   1640.000    13.1583     0.1833    98.3696 1.0000e-12 2.2777e+02    177.431    12.9120    38.4809    29.1109 0.0000e+00
   1641.000    13.1584     0.1768    98.3696 -9.990e-29 2.3370e+02    177.496    12.9119    38.4809    29.1109 0.0000e+00
   1642.000    13.1585     0.1797    98.3696 -9.990e-29 2.3080e+02    177.421    12.9119    38.4808    29.1108 0.0000e+00
   1643.000    13.1587     0.1854    98.3696 -9.990e-29 2.3388e+02    177.332    12.9119    38.4808    29.1108 0.0000e+00
   1644.000    13.1588     0.1844    98.3696 -9.990e-29 2.3407e+02    177.157    12.9119    38.4808    29.1108 0.0000e+00
   1645.000    13.1589     0.1817    98.3696 -9.990e-29 2.2740e+02    177.104    12.9118    38.4809    29.1109 0.0000e+00
   1646.000    13.1591     0.1805    98.3696 -9.990e-29 2.2769e+02    177.312    12.9118    38.4808    29.1109 0.0000e+00
   1647.000    13.1593     0.1796    98.3696 -9.990e-29 2.2757e+02    177.530    12.9119    38.4808    29.1108 0.0000e+00
   1648.000    13.1593     0.1861    98.3696 -9.990e-29 2.3260e+02    177.352    12.9117    38.4809    29.1110 0.0000e+00
   1649.000    13.1595     0.1873    98.3696 -9.990e-29 2.3396e+02    177.430    12.9117    38.4809    29.1109 0.0000e+00
   1650.000    13.1597     0.1868    98.3696 -9.990e-29 2.3078e+02    177.425    12.9117    38.4808    29.1109 0.0000e+00
   1651.000    13.1597     0.1878    98.3696 1.0000e-12 2.3487e+02    177.233    12.9117    38.4809    29.1110 0.0000e+00
   1652.000    13.1599     0.1845    98.3696 1.0000e-12 2.3333e+02    177.199    12.9116    38.4810    29.1110 0.0000e+00
   1653.000    13.1601     0.1846    98.3696 1.0000e-12 2.3186e+02    177.194    12.9117    38.4808    29.1109 0.0000e+00
   1654.000    13.1601     0.1868    98.3696 1.0000e-12 2.3379e+02    177.394    12.9116    38.4810    29.1111 0.0000e+00
   1655.000    13.1604     0.1832    98.3696 1.0000e-12 2.3437e+02    177.824    12.9117    38.4809    29.1109 0.0000e+00
   1656.000    13.1605     0.1809    98.3696 -9.990e-29 2.3420e+02    177.663    12.9116    38.4809    29.1109 0.0000e+00
   1657.000    13.1606     0.1858    98.3696 -9.990e-29 2.2835e+02    177.318    12.9115    38.4809    29.1110 0.0000e+00
   1658.000    13.1606     0.1845    98.3696 -9.990e-29 2.3571e+02    177.183    12.9114    38.4810    29.1110 0.0000e+00
   1659.000    13.1608     0.1807    98.3696 -9.990e-29 2.3213e+02    177.618    12.9115    38.4809    29.1110 0.0000e+00
   1660.000    13.1611     0.1864    98.3696 -9.990e-29 2.3147e+02    177.813    12.9116    38.4809    29.1109 0.0000e+00
   1661.000    13.1612     0.1831    98.3696 -9.990e-29 2.3382e+02    177.750    12.9115    38.4809    29.1110 0.0000e+00
   1662.000    13.1612     0.1797    98.3696 -9.990e-29 2.3452e+02    177.819    12.9114    38.4810    29.1110 0.0000e+00
   1663.000    13.1614     0.1851    98.3696 -9.990e-29 2.3288e+02    177.509    12.9114    38.4809    29.1110 0.0000e+00
   1664.000    13.1615     0.1860    98.3696 -9.990e-29 2.3105e+02    177.357    12.9114    38.4809    29.1110 0.0000e+00
   1665.000    13.1617     0.1861    98.3696 -9.990e-29 2.3504e+02    177.373    12.9114    38.4810    29.1111 0.0000e+00
   1666.000    13.1618     0.1865    98.3696 2.3182e-04 2.3301e+02    177.341    12.9113    38.4810    29.1111 0.0000e+00
   1667.000    13.1620     0.1835    98.3696 3.3025e-04 2.3649e+02    177.584    12.9113    38.4809    29.1110 0.0000e+00
   1668.000    13.1622     0.1788    98.3696 1.2928e-04 2.3355e+02    177.742    12.9114    38.4809    29.1110 0.0000e+00
   1669.000    13.1622     0.1796    98.3696 3.1597e-04 2.3311e+02    177.477    12.9113    38.4809    29.1110 0.0000e+00
   1670.000    13.1624     0.1901    98.3749 1.0130e-04 2.3284e+02    177.559    12.9113    38.4809    29.1110 0.0000e+00
   1671.000    13.1625     0.1890    98.3733 2.4715e-04 2.3825e+02    177.627    12.9112    38.4810    29.1111 0.0000e+00
   1672.000    13.1626     0.1841    98.3766 6.8205e-04 2.3467e+02    177.551    12.9112    38.4809    29.1110 0.0000e+00
   1673.000    13.1628     0.1823    98.3726 2.9550e-04 2.3128e+02    177.454    12.9112    38.4809    29.1110 0.0000e+00
   1674.000    13.1629     0.1834    98.3695 -4.899e-06 2.3335e+02    177.637    12.9112    38.4809    29.1111 0.0000e+00
   1675.000    13.1630     0.1914    98.3696 1.0000e-12 2.3225e+02    177.507    12.9111    38.4810    29.1111 0.0000e+00
   1676.000    13.1632     0.1856    98.3696 1.0000e-12 2.3497e+02    177.265    12.9112    38.4810    29.1111 0.0000e+00
   1677.000    13.1634     0.1867    98.3696 1.0000e-12 2.3646e+02    177.432    12.9112    38.4809    29.1110 0.0000e+00
   1678.000    13.1635     0.1858    98.3696 1.0000e-12 2.3216e+02    177.311    12.9111    38.4809    29.1110 0.0000e+00
   1679.000    13.1636     0.1885    98.3696 1.0000e-12 2.3032e+02    177.024    12.9111    38.4809    29.1111 0.0000e+00
   1680.000    13.1637     0.1898    98.3696 1.0000e-12 2.3250e+02    177.271    12.9110    38.4810    29.1111 0.0000e+00
   1681.000    13.1638     0.1883    98.3696 -9.990e-29 2.3544e+02    177.471    12.9110    38.4810    29.1112 0.0000e+00
   1682.000    13.1641     0.1902    98.3696 -9.990e-29 2.3496e+02    177.753    12.9110    38.4809    29.1111 0.0000e+00
   1683.000    13.1642     0.1875    98.3696 -9.990e-29 2.3383e+02    177.619    12.9110    38.4810    29.1112 0.0000e+00
   1684.000    13.1644     0.1862    98.3696 -9.990e-29 2.3285e+02    177.552    12.9110    38.4810    29.1112 0.0000e+00
   1685.000    13.1645     0.1877    98.3696 -9.990e-29 2.3299e+02    177.728    12.9110    38.4810    29.1112 0.0000e+00
   1686.000    13.1646     0.1861    98.3696 -9.990e-29 2.3597e+02    177.715    12.9109    38.4810    29.1112 0.0000e+00
   1687.000    13.1647     0.1841    98.3696 -9.990e-29 2.3589e+02    177.685    12.9109    38.4810    29.1111 0.0000e+00
   1688.000    13.1650     0.1845    98.3696 2.1401e-06 2.3486e+02    177.488    12.9110    38.4808    29.1110 0.0000e+00
   1689.000    13.1649     0.1845    98.3696 6.1906e-04 2.3420e+02    177.069    12.9108    38.4810    29.1112 0.0000e+00
   1690.000    13.1651     0.1872    98.3696 2.1728e-08 2.3673e+02    177.272    12.9108    38.4809    29.1112 0.0000e+00
   1691.000    13.1652     0.1903    98.3696 1.0000e-12 2.3458e+02    177.522    12.9108    38.4811    29.1113 0.0000e+00
   1692.000    13.1654     0.1906    98.3696 -9.990e-29 2.3479e+02    177.464    12.9108    38.4811    29.1112 0.0000e+00
   1693.000    13.1655     0.1906    98.3696 -9.990e-29 2.3258e+02    177.431    12.9107    38.4810    29.1112 0.0000e+00
   1694.000    13.1656     0.1923    98.3696 -9.990e-29 2.3673e+02    177.734    12.9107    38.4810    29.1112 0.0000e+00
   1695.000    13.1658     0.1884    98.3696 -9.990e-29 2.3169e+02    177.805    12.9107    38.4811    29.1113 0.0000e+00
   1696.000    13.1660     0.1865 -9.990e-29 -9.990e-29 2.3083e+02    177.707    12.9108    38.4809    29.1112 0.0000e+00
   1697.000    13.1660     0.1816 -9.990e-29 -9.990e-29 2.3627e+02    177.453    12.9106    38.4811    29.1113 0.0000e+00
   1698.000    13.1662     0.1866    98.3696 1.0000e-12 2.3321e+02    177.427    12.9106    38.4811    29.1113 0.0000e+00
   1699.000    13.1664     0.1866    98.3696 1.0000e-12 2.3244e+02    177.597    12.9106    38.4811    29.1113 0.0000e+00
   1700.000    13.1666     0.1880    98.3696 1.0000e-12 2.3263e+02    177.552    12.9107    38.4811    29.1113 0.0000e+00
   1701.000    13.1667     0.1890    98.3696 1.0000e-12 2.3492e+02    177.644    12.9107    38.4810    29.1112 0.0000e+00
   1702.000    13.1669     0.1870    98.3696 1.0000e-12 2.3331e+02    177.830    12.9107    38.4810    29.1112 0.0000e+00
   1703.000    13.1670     0.1830    98.3696 -9.990e-29 2.3535e+02    177.895    12.9107    38.4811    29.1113 0.0000e+00
   1704.000    13.1671     0.1823    98.3696 -9.990e-29 2.3431e+02    177.712    12.9106    38.4810    29.1113 0.0000e+00
