Data/ruptures/PEACETIME/FAST/PEACETIME_FAST_CTD_075.cnv
* Sea-Bird SBE 9 Data File:
* FileName = C:\CTD\rawCTD\PEACETIME_FAST_CTD_075.hdr
* Software Version Seasave V 7.23.2
* Temperature SN = 1378
* Conductivity SN = 2929
* Number of Bytes Per Scan = 38
* Number of Voltage Words = 5
* Number of Scans Averaged by the Deck Unit = 1
* NMEA Latitude = 37 56.79 N
* NMEA Longitude = 002 55.01 E
* NMEA UTC (Time) = Jun 06 2017  04:37:41
* NMEA baud rate = 4800
** Cruise:   PEACETIME
** Station:   FAST_CTD_075
# nquan = 11
# nvalues = 2822                        
# units = specified
# name 0 = prDM: Pressure, Digiquartz [db]
# name 1 = t090C: Temperature [ITS-90, deg C]
# name 2 = flC: Fluorescence, Chelsea Aqua 3 Chl Con [ug/l]
# name 3 = CStarTr0: Beam Transmission, WET Labs C-Star [%]
# name 4 = par: PAR/Irradiance, Biospherical/Licor
# name 5 = spar: SPAR/Surface Irradiance
# name 6 = sbeox0Mm/Kg: Oxygen, SBE 43 [umol/kg]
# name 7 = potemp090C: Potential Temperature [ITS-90, deg C]
# name 8 = sal00: Salinity, Practical [PSU]
# name 9 = sigma-é00: Density [sigma-theta, kg/m^3]
# name 10 = flag:
# span 0 =      2.000,   2823.000       
# span 1 =    13.1244,    21.3350       
# span 2 =     0.1702,     0.3354       
# span 3 =    95.4736,    98.3430       
# span 4 = -9.482e-06, 1.5477e+01       
# span 5 = 6.3399e+01, 1.2977e+03       
# span 6 =    152.508,    238.807       
# span 7 =    12.9040,    21.3333       
# span 8 =    36.9983,    38.5923       
# span 9 =    25.9798,    29.1161       
# span 10 = 0.0000e+00, 0.0000e+00      
# interval = decibars: 1                
# start_time = Jun 06 2017 04:38:39 [NMEA time, first data scan]
# bad_flag = -9.990e-29
*END*
[from data line 656]
    658.000    13.2830     0.1808 -9.990e-29 1.0000e-12 1.4748e+02    162.307    13.1867    38.5417    29.1009 0.0000e+00
    659.000    13.2832     0.1813 -9.990e-29 1.0000e-12 1.4706e+02    162.479    13.1867    38.5417    29.1008 0.0000e+00
    660.000    13.2834     0.1810 -9.990e-29 1.0000e-12 1.5002e+02    162.676    13.1867    38.5418    29.1010 0.0000e+00
    661.000    13.2836     0.1767 -9.990e-29 1.0000e-12 1.4673e+02    163.011    13.1868    38.5419    29.1010 0.0000e+00
    662.000    13.2842     0.1751 -9.990e-29 1.0000e-12 1.5379e+02    163.137    13.1873    38.5419    29.1010 0.0000e+00
    663.000    13.2846     0.1776 -9.990e-29 1.0000e-12 1.4941e+02    162.843    13.1875    38.5420    29.1009 0.0000e+00
    664.000    13.2847     0.1761 -9.990e-29 1.0000e-12 1.4646e+02    162.807    13.1874    38.5420    29.1010 0.0000e+00
    665.000    13.2849     0.1752 -9.990e-29 1.0000e-12 1.5242e+02    163.013    13.1875    38.5420    29.1010 0.0000e+00
    666.000    13.2851     0.1831 -9.990e-29 1.0000e-12 1.5204e+02    163.009    13.1875    38.5420    29.1009 0.0000e+00
    667.000    13.2855     0.1830 -9.990e-29 1.0000e-12 1.5470e+02    162.803    13.1877    38.5422    29.1010 0.0000e+00
    668.000    13.2858     0.1781 -9.990e-29 1.0000e-12 1.5576e+02    162.749    13.1879    38.5422    29.1010 0.0000e+00
    669.000    13.2860     0.1803 -9.990e-29 1.0000e-12 1.6149e+02    162.786    13.1880    38.5422    29.1010 0.0000e+00
    670.000    13.2862     0.1815 -9.990e-29 1.0000e-12 1.5803e+02    163.110    13.1880    38.5423    29.1010 0.0000e+00
    671.000    13.2864     0.1834 -9.990e-29 1.0000e-12 1.6985e+02    163.106    13.1881    38.5421    29.1008 0.0000e+00
    672.000    13.2864     0.1721 -9.990e-29 1.0000e-12 1.6481e+02    162.961    13.1879    38.5421    29.1009 0.0000e+00
    673.000    13.2866     0.1784    98.2640 1.0000e-12 1.6990e+02    163.279    13.1879    38.5422    29.1010 0.0000e+00
    674.000    13.2870     0.1765    98.2436 -9.990e-29 1.6555e+02    162.973    13.1882    38.5422    29.1009 0.0000e+00
    675.000    13.2873     0.1781    98.2653 -9.990e-29 1.7406e+02    162.763    13.1884    38.5423    29.1010 0.0000e+00
    676.000    13.2874     0.1818    98.2528 -9.990e-29 1.6916e+02    162.884    13.1884    38.5422    29.1009 0.0000e+00
    677.000    13.2876     0.1817    98.2656 -9.990e-29 1.7726e+02    162.792    13.1884    38.5421    29.1008 0.0000e+00
    678.000    13.2876     0.1840 -9.990e-29 -9.990e-29 1.8464e+02    162.609    13.1882    38.5422    29.1009 0.0000e+00
    679.000    13.2880     0.1859 -9.990e-29 -9.990e-29 1.9593e+02    162.997    13.1885    38.5423    29.1010 0.0000e+00
    680.000    13.2882     0.1804 -9.990e-29 -9.990e-29 1.9514e+02    162.948    13.1886    38.5423    29.1010 0.0000e+00
    681.000    13.2884     0.1801 -9.990e-29 1.0000e-12 2.0088e+02    162.943    13.1886    38.5424    29.1010 0.0000e+00
    682.000    13.2885     0.1780 -9.990e-29 1.0000e-12 2.0574e+02    163.143    13.1885    38.5423    29.1009 0.0000e+00
    683.000    13.2886     0.1767 -9.990e-29 1.0000e-12 2.0976e+02    163.306    13.1884    38.5422    29.1009 0.0000e+00
    684.000    13.2888     0.1818 -9.990e-29 1.0000e-12 2.2218e+02    162.977    13.1885    38.5423    29.1010 0.0000e+00
    685.000    13.2890     0.1845 -9.990e-29 1.1119e-04 2.2924e+02    162.866    13.1886    38.5422    29.1009 0.0000e+00
    686.000    13.2891     0.1836 -9.990e-29 9.1203e-05 2.3443e+02    162.839    13.1885    38.5424    29.1010 0.0000e+00
    687.000    13.2893     0.1832 -9.990e-29 -1.518e-06 2.3997e+02    163.021    13.1886    38.5424    29.1010 0.0000e+00
    688.000    13.2894     0.1832 -9.990e-29 2.6999e-04 2.4763e+02    163.204    13.1886    38.5425    29.1011 0.0000e+00
    689.000    13.2895     0.1809 -9.990e-29 8.6707e-06 2.5846e+02    163.156    13.1885    38.5425    29.1011 0.0000e+00
    690.000    13.2898     0.1861 -9.990e-29 1.0000e-12 2.6916e+02    162.993    13.1886    38.5423    29.1010 0.0000e+00
    691.000    13.2899     0.1848 -9.990e-29 1.0000e-12 2.7659e+02    162.621    13.1885    38.5424    29.1010 0.0000e+00
    692.000    13.2899     0.1842    98.2628 1.0000e-12 2.8497e+02    162.850    13.1884    38.5423    29.1009 0.0000e+00
    693.000    13.2901     0.1793    98.2581 1.0000e-12 2.8982e+02    162.815    13.1885    38.5423    29.1010 0.0000e+00
    694.000    13.2903     0.1785    98.2621 1.0000e-12 2.9723e+02    162.743    13.1885    38.5422    29.1009 0.0000e+00
    695.000    13.2904     0.1814    98.2625 1.0000e-12 3.0543e+02    162.813    13.1884    38.5423    29.1010 0.0000e+00
    696.000    13.2906     0.1810    98.2561 1.0000e-12 3.1813e+02    163.020    13.1885    38.5422    29.1009 0.0000e+00
    697.000    13.2907     0.1846 -9.990e-29 -9.990e-29 3.2102e+02    163.214    13.1884    38.5423    29.1010 0.0000e+00
    698.000    13.2910     0.1818 -9.990e-29 -9.990e-29 3.2752e+02    162.963    13.1886    38.5423    29.1009 0.0000e+00
    699.000    13.2910     0.1825 -9.990e-29 1.0000e-12 3.3220e+02    163.074    13.1884    38.5423    29.1010 0.0000e+00
    700.000    13.2911     0.1862 -9.990e-29 1.0000e-12 3.4173e+02    163.208    13.1884    38.5423    29.1009 0.0000e+00
    701.000    13.2913     0.1862 -9.990e-29 1.0000e-12 3.4683e+02    163.151    13.1885    38.5423    29.1009 0.0000e+00
    702.000    13.2909     0.1779 -9.990e-29 1.0000e-12 3.5797e+02    162.951    13.1879    38.5419    29.1008 0.0000e+00
    703.000    13.2904     0.1760 -9.990e-29 1.0000e-12 3.7095e+02    163.113    13.1873    38.5418    29.1008 0.0000e+00
    704.000    13.2883     0.1782 -9.990e-29 1.0000e-12 3.7603e+02    162.935    13.1850    38.5414    29.1009 0.0000e+00
    705.000    13.2862     0.1802 -9.990e-29 1.0000e-12 3.8114e+02    163.216    13.1828    38.5409    29.1010 0.0000e+00
    706.000    13.2822     0.1859 -9.990e-29 1.0000e-12 3.8675e+02    163.432    13.1786    38.5398    29.1010 0.0000e+00
    707.000    13.2770     0.1814 -9.990e-29 1.0000e-12 3.9493e+02    163.182    13.1733    38.5389    29.1015 0.0000e+00
    708.000    13.2763     0.1775 -9.990e-29 1.0000e-12 3.9601e+02    163.099    13.1724    38.5387    29.1015 0.0000e+00
    709.000    13.2751     0.1812 -9.990e-29 1.0000e-12 3.9626e+02    163.339    13.1711    38.5384    29.1016 0.0000e+00
    710.000    13.2744     0.1803 -9.990e-29 1.0000e-12 4.0424e+02    163.422    13.1703    38.5383    29.1017 0.0000e+00
    711.000    13.2731     0.1768 -9.990e-29 1.0000e-12 4.1307e+02    163.757    13.1688    38.5380    29.1017 0.0000e+00
    712.000    13.2709     0.1734 -9.990e-29 1.0000e-12 4.1387e+02    163.712    13.1665    38.5375    29.1018 0.0000e+00
    713.000    13.2697     0.1751 -9.990e-29 1.0000e-12 4.1794e+02    163.435    13.1652    38.5373    29.1020 0.0000e+00
    714.000    13.2685     0.1796 -9.990e-29 1.0000e-12 4.2575e+02    163.608    13.1638    38.5370    29.1020 0.0000e+00
    715.000    13.2661     0.1801 -9.990e-29 1.0000e-12 4.3343e+02    163.767    13.1612    38.5362    29.1019 0.0000e+00
    716.000    13.2621     0.1816 -9.990e-29 1.0000e-12 4.3471e+02    163.781    13.1571    38.5355    29.1022 0.0000e+00
    717.000    13.2611     0.1832 -9.990e-29 1.0000e-12 4.3678e+02    163.933    13.1560    38.5353    29.1023 0.0000e+00
    718.000    13.2594     0.1842 -9.990e-29 1.0000e-12 4.3996e+02    164.139    13.1542    38.5349    29.1024 0.0000e+00
    719.000    13.2578     0.1788 -9.990e-29 1.0000e-12 4.3447e+02    163.933    13.1524    38.5345    29.1024 0.0000e+00
    720.000    13.2556     0.1802 -9.990e-29 1.0000e-12 4.3352e+02    164.162    13.1500    38.5340    29.1025 0.0000e+00
    721.000    13.2535     0.1847 -9.990e-29 1.0000e-12 4.3675e+02    164.584    13.1478    38.5334    29.1025 0.0000e+00
    722.000    13.2500     0.1855 -9.990e-29 1.0000e-12 4.4707e+02    164.733    13.1442    38.5326    29.1027 0.0000e+00
    723.000    13.2447     0.1841 -9.990e-29 1.0000e-12 4.4252e+02    164.874    13.1388    38.5315    29.1029 0.0000e+00
    724.000    13.2414     0.1787 -9.990e-29 1.0000e-12 4.3709e+02    165.131    13.1354    38.5308    29.1032 0.0000e+00
    725.000    13.2408     0.1753 -9.990e-29 1.0000e-12 4.3230e+02    165.138    13.1346    38.5306    29.1032 0.0000e+00
    726.000    13.2407     0.1757    98.2797 1.0000e-12 4.3316e+02    165.126    13.1344    38.5306    29.1032 0.0000e+00
    727.000    13.2407     0.1810    98.2764 -9.990e-29 4.3821e+02    165.258    13.1342    38.5306    29.1032 0.0000e+00
    728.000    13.2408     0.1836    98.2803 -9.990e-29 4.4211e+02    164.922    13.1342    38.5306    29.1032 0.0000e+00
    729.000    13.2409     0.1785    98.2741 -9.990e-29 4.4780e+02    164.922    13.1341    38.5306    29.1032 0.0000e+00
    730.000    13.2410     0.1795    98.2742 1.0000e-12 4.4896e+02    164.752    13.1341    38.5306    29.1033 0.0000e+00
    731.000    13.2413     0.1829    98.2768 6.2388e-05 4.5174e+02    164.909    13.1342    38.5306    29.1032 0.0000e+00
    732.000    13.2414     0.1822    98.2681 2.2288e-04 4.4654e+02    164.741    13.1342    38.5306    29.1032 0.0000e+00
    733.000    13.2415     0.1806    98.2711 1.7831e-04 4.4617e+02    164.688    13.1341    38.5307    29.1033 0.0000e+00
    734.000    13.2417     0.1835    98.2714 1.4456e-06 4.6059e+02    164.906    13.1341    38.5307    29.1033 0.0000e+00
    735.000    13.2419     0.1831    98.2731 -9.990e-29 4.7023e+02    165.000    13.1342    38.5306    29.1032 0.0000e+00
    736.000    13.2419     0.1811    98.2781 -9.990e-29 4.7110e+02    165.003    13.1341    38.5307    29.1033 0.0000e+00
    737.000    13.2421     0.1783    98.2745 -9.990e-29 4.6557e+02    165.213    13.1341    38.5306    29.1032 0.0000e+00
    738.000    13.2423     0.1797    98.2753 -9.990e-29 4.6334e+02    164.996    13.1341    38.5306    29.1033 0.0000e+00
    739.000    13.2423     0.1841    98.2728 -9.990e-29 4.7116e+02    164.999    13.1340    38.5306    29.1033 0.0000e+00
    740.000    13.2424     0.1872    98.2776 -9.990e-29 4.7707e+02    165.261    13.1339    38.5307    29.1034 0.0000e+00
    741.000    13.2426     0.1864    98.2733 1.0000e-12 4.7546e+02    164.994    13.1340    38.5306    29.1033 0.0000e+00
    742.000    13.2427     0.1819    98.2683 3.5331e-05 4.7513e+02    165.224    13.1339    38.5306    29.1032 0.0000e+00
    743.000    13.2429     0.1872    98.2728 7.1391e-05 4.7524e+02    165.233    13.1340    38.5305    29.1032 0.0000e+00
    744.000    13.2431     0.1796    98.2723 6.5118e-05 4.8497e+02    165.073    13.1341    38.5305    29.1032 0.0000e+00
    745.000    13.2432     0.1805    98.2734 1.1445e-06 4.8136e+02    164.813    13.1340    38.5307    29.1033 0.0000e+00
    746.000    13.2434     0.1783    98.2697 4.1991e-06 4.7688e+02    164.817    13.1341    38.5306    29.1032 0.0000e+00
    747.000    13.2435     0.1776    98.2766 1.3011e-04 4.8082e+02    164.990    13.1340    38.5307    29.1034 0.0000e+00
    748.000    13.2437     0.1762    98.2672 2.9011e-05 4.8650e+02    164.711    13.1340    38.5306    29.1033 0.0000e+00
    749.000    13.2439     0.1772    98.2706 2.7981e-05 4.8596e+02    164.922    13.1341    38.5306    29.1032 0.0000e+00
    750.000    13.2440     0.1792    98.2742 4.6663e-06 4.8494e+02    164.882    13.1340    38.5307    29.1033 0.0000e+00
    751.000    13.2441     0.1806    98.2709 1.2027e-08 4.8258e+02    164.852    13.1340    38.5306    29.1033 0.0000e+00
    752.000    13.2443     0.1836    98.2665 1.0000e-12 4.7817e+02    165.171    13.1340    38.5306    29.1033 0.0000e+00
    753.000    13.2445     0.1894    98.2690 1.3206e-05 4.8580e+02    165.075    13.1341    38.5306    29.1033 0.0000e+00
    754.000    13.2446     0.1865 -9.990e-29 1.6485e-08 4.8796e+02    164.652    13.1341    38.5306    29.1032 0.0000e+00
    755.000    13.2448     0.1859 -9.990e-29 1.2433e-05 4.8412e+02    164.654    13.1341    38.5306    29.1033 0.0000e+00
    756.000    13.2450     0.1850 -9.990e-29 9.2686e-08 4.8465e+02    164.998    13.1342    38.5307    29.1033 0.0000e+00
    757.000    13.2452     0.1833 -9.990e-29 1.0000e-12 4.8429e+02    164.964    13.1342    38.5306    29.1032 0.0000e+00
    758.000    13.2454     0.1765 -9.990e-29 -9.990e-29 4.8446e+02    164.736    13.1342    38.5306    29.1032 0.0000e+00
    759.000    13.2455     0.1769 -9.990e-29 -9.990e-29 4.8857e+02    164.785    13.1341    38.5307    29.1033 0.0000e+00
    760.000    13.2456     0.1790 -9.990e-29 -9.990e-29 4.8698e+02    164.855    13.1341    38.5307    29.1033 0.0000e+00
    761.000    13.2458     0.1817    98.2742 1.0000e-12 4.9090e+02    164.818    13.1341    38.5305    29.1032 0.0000e+00
    762.000    13.2458     0.1787    98.2725 1.2274e-04 4.9612e+02    164.706    13.1341    38.5306    29.1033 0.0000e+00
    763.000    13.2459     0.1784    98.2686 3.8329e-04 4.9826e+02    164.685    13.1340    38.5307    29.1034 0.0000e+00
    764.000    13.2461     0.1840    98.2698 2.0216e-04 4.8789e+02    164.515    13.1341    38.5306    29.1033 0.0000e+00
    765.000    13.2462     0.1837    98.2675 -5.061e-07 4.8590e+02    164.544    13.1340    38.5307    29.1033 0.0000e+00
    766.000    13.2464     0.1878    98.2730 1.0000e-12 4.8686e+02    164.585    13.1341    38.5306    29.1032 0.0000e+00
    767.000    13.2464     0.1847    98.2689 1.0000e-12 4.9521e+02    164.669    13.1339    38.5306    29.1033 0.0000e+00
    768.000    13.2467     0.1828    98.2739 1.0000e-12 5.0700e+02    164.821    13.1340    38.5306    29.1032 0.0000e+00
    769.000    13.2468     0.1844    98.2720 1.0000e-12 5.0716e+02    164.458    13.1339    38.5305    29.1032 0.0000e+00
    770.000    13.2469     0.1856    98.2682 1.0000e-12 5.0343e+02    164.189    13.1340    38.5306    29.1033 0.0000e+00
    771.000    13.2470     0.1840    98.2706 9.4630e-06 4.9263e+02    164.636    13.1339    38.5306    29.1033 0.0000e+00
    772.000    13.2472     0.1827    98.2781 1.0779e-05 4.8935e+02    165.091    13.1339    38.5304    29.1031 0.0000e+00
    773.000    13.2473     0.1809    98.2753 1.6585e-06 5.0195e+02    165.175    13.1339    38.5305    29.1032 0.0000e+00
    774.000    13.2475     0.1831    98.2711 -3.274e-08 5.0869e+02    164.583    13.1339    38.5305    29.1032 0.0000e+00
    775.000    13.2477     0.1868    98.2707 1.2498e-05 5.1140e+02    164.646    13.1339    38.5306    29.1033 0.0000e+00
    776.000    13.2478     0.1821    98.2714 7.1654e-06 5.0447e+02    164.970    13.1339    38.5307    29.1033 0.0000e+00
    777.000    13.2479     0.1825    98.2703 1.1095e-03 5.0116e+02    164.933    13.1339    38.5306    29.1033 0.0000e+00
    778.000    13.2480     0.1872    98.2710 1.3104e-03 5.0041e+02    164.966    13.1338    38.5305    29.1032 0.0000e+00
    779.000    13.2480     0.1889    98.2711 1.4300e-03 5.0716e+02    165.188    13.1337    38.5305    29.1033 0.0000e+00
    780.000    13.2482     0.1828    98.2723 4.5501e-04 5.1041e+02    165.165    13.1337    38.5304    29.1032 0.0000e+00
    781.000    13.2483     0.1817    98.2762 1.0185e-04 5.0854e+02    164.839    13.1337    38.5306    29.1033 0.0000e+00
    782.000    13.2486     0.1799    98.2697 9.6546e-05 5.0821e+02    164.655    13.1338    38.5305    29.1032 0.0000e+00
    783.000    13.2487     0.1759    98.2683 2.2226e-04 5.0592e+02    164.713    13.1337    38.5305    29.1033 0.0000e+00
    784.000    13.2488     0.1823    98.2711 1.2567e-05 5.0858e+02    164.956    13.1337    38.5305    29.1033 0.0000e+00
    785.000    13.2490     0.1820 -9.990e-29 4.9380e-04 5.0861e+02    164.910    13.1337    38.5305    29.1033 0.0000e+00
    786.000    13.2491     0.1838 -9.990e-29 1.8249e-04 5.1076e+02    165.030    13.1337    38.5305    29.1032 0.0000e+00
    787.000    13.2494     0.1807 -9.990e-29 1.1541e-04 5.0844e+02    165.028    13.1338    38.5306    29.1033 0.0000e+00
