Data/ruptures/PEACETIME/FAST/PEACETIME_FAST_CTD_066.cnv
* Sea-Bird SBE 9 Data File:
* FileName = C:\CTD\rawCTD\PEACETIME_FAST_CTD_066.hdr
* Software Version Seasave V 7.23.2
* Temperature SN = 1378
* Conductivity SN = 2929
* Number of Bytes Per Scan = 38
* Number of Voltage Words = 5
* Number of Scans Averaged by the Deck Unit = 1
* NMEA Latitude = 37 56.81 N
* NMEA Longitude = 002 54.99 E
* NMEA UTC (Time) = Jun 05 2017  04:20:45
* NMEA baud rate = 4800
** Cruise:   PEACETIME
** Station:   FAST_CTD_066
# nquan = 11
# nvalues = 2815                        
# units = specified
# name 0 = prDM: Pressure, Digiquartz [db]
# name 1 = t090C: Temperature [ITS-90, deg C]
# name 2 = flC: Fluorescence, Chelsea Aqua 3 Chl Con [ug/l]
# name 3 = CStarTr0: Beam Transmission, WET Labs C-Star [%]
# name 4 = par: PAR/Irradiance, Biospherical/Licor
# name 5 = spar: SPAR/Surface Irradiance
# name 6 = sbeox0Mm/Kg: Oxygen, SBE 43 [umol/kg]
# name 7 = potemp090C: Potential Temperature [ITS-90, deg C]
# name 8 = sal00: Salinity, Practical [PSU]
# name 9 = sigma-é00: Density [sigma-theta, kg/m^3]
# name 10 = flag:
# span 0 =      2.000,   2816.000       
# span 1 =    13.1203,    21.4129       
# span 2 =     0.1689,     0.5547       
# span 3 =    93.9269,    98.3482       
# span 4 = -1.198e-06, 2.4395e+00       
# span 5 = 4.9515e+00, 9.3009e+02       
# span 6 =    152.219,    239.160       
# span 7 =    12.9041,    21.4109       
# span 8 =    36.9919,    38.5936       
# span 9 =    25.9417,    29.1161       
# span 10 = 0.0000e+00, 0.0000e+00      
# interval = decibars: 1                
# start_time = Jun 05 2017 04:23:16 [NMEA time, first data scan]
# bad_flag = -9.990e-29
*END*
[from data line 1968]
   1970.000    13.2041     0.1821 -9.990e-29 1.0000e-12 3.7934e+02    178.510    12.9046    38.4818    29.1131 0.0000e+00
   1971.000    13.2042     0.1832 -9.990e-29 1.0000e-12 3.7902e+02    178.681    12.9045    38.4818    29.1131 0.0000e+00
   1972.000    13.2044     0.1813 -9.990e-29 1.0000e-12 3.7719e+02    178.638    12.9045    38.4817    29.1130 0.0000e+00
   1973.000    13.2046     0.1805 -9.990e-29 1.0000e-12 3.7196e+02    178.349    12.9046    38.4817    29.1131 0.0000e+00
   1974.000    13.2047     0.1809 -9.990e-29 1.0000e-12 3.7483e+02    178.250    12.9046    38.4816    29.1130 0.0000e+00
   1975.000    13.2048     0.1827 -9.990e-29 1.0000e-12 3.7407e+02    178.174    12.9045    38.4818    29.1131 0.0000e+00
   1976.000    13.2050     0.1777 -9.990e-29 1.0000e-12 3.7786e+02    178.464    12.9045    38.4818    29.1131 0.0000e+00
   1977.000    13.2052     0.1813 -9.990e-29 1.0000e-12 3.6973e+02    178.530    12.9046    38.4817    29.1131 0.0000e+00
   1978.000    13.2054     0.1826 -9.990e-29 1.0000e-12 3.7363e+02    178.629    12.9046    38.4818    29.1131 0.0000e+00
   1979.000    13.2055     0.1767 -9.990e-29 1.0000e-12 3.7516e+02    178.634    12.9046    38.4818    29.1131 0.0000e+00
   1980.000    13.2057     0.1816 -9.990e-29 1.0000e-12 3.7659e+02    178.596    12.9046    38.4818    29.1131 0.0000e+00
   1981.000    13.2059     0.1823 -9.990e-29 1.0000e-12 3.7611e+02    178.436    12.9046    38.4818    29.1131 0.0000e+00
   1982.000    13.2061     0.1773 -9.990e-29 1.0000e-12 3.7593e+02    178.564    12.9047    38.4817    29.1130 0.0000e+00
   1983.000    13.2062     0.1762 -9.990e-29 1.0000e-12 3.7537e+02    178.911    12.9046    38.4819    29.1132 0.0000e+00
   1984.000    13.2065     0.1778 -9.990e-29 1.0000e-12 3.7980e+02    178.757    12.9047    38.4818    29.1131 0.0000e+00
   1985.000    13.2065     0.1787 -9.990e-29 1.0000e-12 3.7848e+02    178.569    12.9046    38.4819    29.1132 0.0000e+00
   1986.000    13.2068     0.1797 -9.990e-29 1.0000e-12 3.8105e+02    178.359    12.9047    38.4818    29.1131 0.0000e+00
   1987.000    13.2069     0.1807 -9.990e-29 1.0000e-12 3.7796e+02    178.323    12.9047    38.4819    29.1132 0.0000e+00
   1988.000    13.2072     0.1808 -9.990e-29 1.0000e-12 3.8072e+02    178.510    12.9047    38.4819    29.1131 0.0000e+00
   1989.000    13.2073     0.1819 -9.990e-29 1.0000e-12 3.7769e+02    178.369    12.9047    38.4819    29.1132 0.0000e+00
   1990.000    13.2076     0.1845 -9.990e-29 1.0000e-12 3.8176e+02    178.551    12.9048    38.4819    29.1131 0.0000e+00
   1991.000    13.2078     0.1858 -9.990e-29 1.0000e-12 3.8292e+02    178.784    12.9048    38.4819    29.1131 0.0000e+00
   1992.000    13.2079     0.1825 -9.990e-29 1.0000e-12 3.8620e+02    178.724    12.9048    38.4818    29.1130 0.0000e+00
   1993.000    13.2080     0.1790 -9.990e-29 1.0000e-12 3.8452e+02    178.493    12.9048    38.4820    29.1132 0.0000e+00
   1994.000    13.2082     0.1820 -9.990e-29 1.0000e-12 3.8592e+02    178.457    12.9048    38.4821    29.1133 0.0000e+00
   1995.000    13.2083     0.1842 -9.990e-29 1.0000e-12 3.8345e+02    178.301    12.9048    38.4820    29.1132 0.0000e+00
   1996.000    13.2085     0.1833 -9.990e-29 1.0000e-12 3.8186e+02    178.337    12.9048    38.4820    29.1132 0.0000e+00
   1997.000    13.2087     0.1806 -9.990e-29 1.0000e-12 3.8423e+02    178.528    12.9048    38.4819    29.1131 0.0000e+00
   1998.000    13.2089     0.1756 -9.990e-29 1.0000e-12 3.8884e+02    178.539    12.9048    38.4820    29.1132 0.0000e+00
   1999.000    13.2090     0.1746 -9.990e-29 1.0000e-12 3.8413e+02    178.502    12.9048    38.4821    29.1133 0.0000e+00
   2000.000    13.2092     0.1762 -9.990e-29 1.0000e-12 3.8609e+02    178.471    12.9048    38.4821    29.1133 0.0000e+00
   2001.000    13.2093     0.1771 -9.990e-29 1.0000e-12 3.9160e+02    178.381    12.9048    38.4820    29.1132 0.0000e+00
   2002.000    13.2095     0.1772 -9.990e-29 1.0000e-12 3.9248e+02    178.211    12.9048    38.4820    29.1132 0.0000e+00
   2003.000    13.2097     0.1778 -9.990e-29 1.0000e-12 3.9154e+02    178.537    12.9048    38.4820    29.1132 0.0000e+00
   2004.000    13.2098     0.1768 -9.990e-29 1.0000e-12 3.9107e+02    178.833    12.9048    38.4820    29.1132 0.0000e+00
   2005.000    13.2100     0.1818 -9.990e-29 1.0000e-12 3.9535e+02    179.002    12.9048    38.4821    29.1133 0.0000e+00
   2006.000    13.2103     0.1882 -9.990e-29 1.0000e-12 3.9462e+02    178.338    12.9049    38.4819    29.1131 0.0000e+00
   2007.000    13.2104     0.1896 -9.990e-29 1.0000e-12 3.9857e+02    178.075    12.9048    38.4820    29.1133 0.0000e+00
   2008.000    13.2104     0.1885 -9.990e-29 1.0000e-12 3.9765e+02    178.302    12.9048    38.4821    29.1133 0.0000e+00
   2009.000    13.2106     0.1873 -9.990e-29 1.0000e-12 4.0062e+02    178.079    12.9048    38.4820    29.1132 0.0000e+00
   2010.000    13.2108     0.1908 -9.990e-29 1.0000e-12 4.0969e+02    178.322    12.9048    38.4820    29.1132 0.0000e+00
   2011.000    13.2110     0.1867 -9.990e-29 1.0000e-12 4.1557e+02    178.470    12.9048    38.4820    29.1133 0.0000e+00
   2012.000    13.2111     0.1898 -9.990e-29 1.0000e-12 4.1573e+02    178.447    12.9048    38.4821    29.1133 0.0000e+00
   2013.000    13.2114     0.1879 -9.990e-29 1.0000e-12 4.1479e+02    178.694    12.9049    38.4821    29.1133 0.0000e+00
   2014.000    13.2115     0.1848 -9.990e-29 1.0000e-12 4.1603e+02    178.679    12.9048    38.4821    29.1133 0.0000e+00
   2015.000    13.2116     0.1808 -9.990e-29 1.0000e-12 4.1862e+02    178.560    12.9048    38.4821    29.1133 0.0000e+00
   2016.000    13.2118     0.1808 -9.990e-29 1.0000e-12 4.1801e+02    178.339    12.9048    38.4821    29.1133 0.0000e+00
   2017.000    13.2120     0.1856 -9.990e-29 1.0000e-12 4.2173e+02    178.267    12.9048    38.4822    29.1133 0.0000e+00
   2018.000    13.2122     0.1871 -9.990e-29 1.0000e-12 4.1929e+02    178.432    12.9049    38.4821    29.1133 0.0000e+00
   2019.000    13.2123     0.1786 -9.990e-29 1.0000e-12 4.3008e+02    178.489    12.9048    38.4822    29.1134 0.0000e+00
   2020.000    13.2125     0.1811 -9.990e-29 -9.990e-29 4.2818e+02    178.307    12.9049    38.4821    29.1133 0.0000e+00
   2021.000    13.2127     0.1822 -9.990e-29 -9.990e-29 4.2262e+02    178.671    12.9048    38.4821    29.1133 0.0000e+00
   2022.000    13.2129     0.1781 -9.990e-29 -9.990e-29 4.2668e+02    178.702    12.9049    38.4822    29.1134 0.0000e+00
   2023.000    13.2131     0.1749 -9.990e-29 -9.990e-29 4.2756e+02    178.686    12.9049    38.4822    29.1133 0.0000e+00
   2024.000    13.2132     0.1775 -9.990e-29 -9.990e-29 4.2790e+02    178.642    12.9049    38.4822    29.1134 0.0000e+00
   2025.000    13.2133     0.1814 -9.990e-29 -9.990e-29 4.3322e+02    178.582    12.9049    38.4821    29.1133 0.0000e+00
   2026.000    13.2135     0.1824 -9.990e-29 -9.990e-29 4.2891e+02    178.626    12.9048    38.4822    29.1134 0.0000e+00
   2027.000    13.2136     0.1839 -9.990e-29 -9.990e-29 4.3208e+02    178.391    12.9047    38.4823    29.1135 0.0000e+00
   2028.000    13.2138     0.1794 -9.990e-29 -9.990e-29 4.3117e+02    178.194    12.9048    38.4822    29.1134 0.0000e+00
   2029.000    13.2140     0.1790 -9.990e-29 -9.990e-29 4.3249e+02    178.301    12.9049    38.4821    29.1133 0.0000e+00
   2030.000    13.2141     0.1836 -9.990e-29 1.0000e-12 4.3166e+02    178.660    12.9048    38.4822    29.1134 0.0000e+00
   2031.000    13.2142     0.1833 -9.990e-29 1.0000e-12 4.3169e+02    178.739    12.9048    38.4822    29.1134 0.0000e+00
   2032.000    13.2144     0.1857 -9.990e-29 1.0000e-12 4.3517e+02    178.766    12.9047    38.4822    29.1134 0.0000e+00
   2033.000    13.2146     0.1868 -9.990e-29 1.0000e-12 4.3116e+02    178.562    12.9048    38.4822    29.1134 0.0000e+00
   2034.000    13.2146     0.1890 -9.990e-29 1.0000e-12 4.3487e+02    178.384    12.9047    38.4823    29.1135 0.0000e+00
   2035.000    13.2149     0.1898 -9.990e-29 -9.990e-29 4.3342e+02    178.380    12.9048    38.4821    29.1133 0.0000e+00
   2036.000    13.2150     0.1906 -9.990e-29 -9.990e-29 4.3425e+02    178.447    12.9048    38.4823    29.1135 0.0000e+00
   2037.000    13.2151     0.1850 -9.990e-29 1.0000e-12 4.3988e+02    178.441    12.9047    38.4823    29.1134 0.0000e+00
   2038.000    13.2153     0.1823 -9.990e-29 1.0000e-12 4.3848e+02    178.484    12.9047    38.4823    29.1135 0.0000e+00
   2039.000    13.2156     0.1831 -9.990e-29 1.0000e-12 4.3550e+02    178.641    12.9048    38.4822    29.1133 0.0000e+00
   2040.000    13.2157     0.1805 -9.990e-29 1.0000e-12 4.3686e+02    178.788    12.9047    38.4822    29.1134 0.0000e+00
   2041.000    13.2159     0.1820 -9.990e-29 1.0000e-12 4.3720e+02    178.280    12.9048    38.4823    29.1134 0.0000e+00
   2042.000    13.2160     0.1812 -9.990e-29 1.0000e-12 4.3469e+02    178.326    12.9048    38.4823    29.1134 0.0000e+00
   2043.000    13.2161     0.1831 -9.990e-29 1.0000e-12 4.3829e+02    178.586    12.9047    38.4824    29.1135 0.0000e+00
   2044.000    13.2163     0.1839 -9.990e-29 1.0000e-12 4.3881e+02    178.521    12.9047    38.4823    29.1134 0.0000e+00
   2045.000    13.2164     0.1774 -9.990e-29 1.0000e-12 4.3571e+02    178.805    12.9047    38.4823    29.1135 0.0000e+00
   2046.000    13.2166     0.1776 -9.990e-29 -9.990e-29 4.3317e+02    178.827    12.9047    38.4823    29.1134 0.0000e+00
   2047.000    13.2168     0.1822 -9.990e-29 -9.990e-29 4.3887e+02    178.365    12.9047    38.4823    29.1135 0.0000e+00
   2048.000    13.2169     0.1887 -9.990e-29 -9.990e-29 4.3958e+02    177.951    12.9047    38.4823    29.1135 0.0000e+00
   2049.000    13.2171     0.1878 -9.990e-29 1.0000e-12 4.3699e+02    178.425    12.9047    38.4823    29.1135 0.0000e+00
   2050.000    13.2172     0.1848 -9.990e-29 1.0000e-12 4.3471e+02    178.463    12.9047    38.4824    29.1135 0.0000e+00
   2051.000    13.2175     0.1813 -9.990e-29 1.0000e-12 4.4005e+02    178.477    12.9048    38.4822    29.1134 0.0000e+00
   2052.000    13.2176     0.1794 -9.990e-29 1.0000e-12 4.3977e+02    178.704    12.9047    38.4824    29.1136 0.0000e+00
   2053.000    13.2177     0.1797 -9.990e-29 1.0000e-12 4.4197e+02    178.784    12.9047    38.4823    29.1135 0.0000e+00
   2054.000    13.2179     0.1813 -9.990e-29 1.0000e-12 4.4763e+02    178.334    12.9046    38.4823    29.1135 0.0000e+00
   2055.000    13.2181     0.1822 -9.990e-29 1.0000e-12 4.4412e+02    178.410    12.9047    38.4822    29.1134 0.0000e+00
   2056.000    13.2182     0.1833 -9.990e-29 1.0000e-12 4.4488e+02    178.408    12.9046    38.4824    29.1136 0.0000e+00
   2057.000    13.2183     0.1863 -9.990e-29 1.0000e-12 4.4656e+02    178.357    12.9046    38.4824    29.1136 0.0000e+00
   2058.000    13.2186     0.1902 -9.990e-29 1.0000e-12 4.4684e+02    178.657    12.9047    38.4823    29.1135 0.0000e+00
   2059.000    13.2186     0.1905 -9.990e-29 1.0000e-12 4.5292e+02    178.606    12.9046    38.4824    29.1136 0.0000e+00
   2060.000    13.2189     0.1876 -9.990e-29 1.0000e-12 4.5769e+02    178.086    12.9047    38.4823    29.1135 0.0000e+00
   2061.000    13.2190     0.1860 -9.990e-29 1.0000e-12 4.5845e+02    178.238    12.9046    38.4824    29.1136 0.0000e+00
   2062.000    13.2192     0.1868 -9.990e-29 1.0000e-12 4.6048e+02    178.736    12.9047    38.4824    29.1135 0.0000e+00
   2063.000    13.2194     0.1877 -9.990e-29 1.0000e-12 4.6441e+02    178.824    12.9047    38.4824    29.1135 0.0000e+00
   2064.000    13.2195     0.1851 -9.990e-29 1.0000e-12 4.6043e+02    178.715    12.9047    38.4824    29.1136 0.0000e+00
   2065.000    13.2197     0.1820 -9.990e-29 1.0000e-12 4.6570e+02    178.668    12.9047    38.4825    29.1136 0.0000e+00
   2066.000    13.2198     0.1799 -9.990e-29 1.0000e-12 4.6988e+02    178.581    12.9046    38.4825    29.1136 0.0000e+00
   2067.000    13.2200     0.1807 -9.990e-29 1.0000e-12 4.7831e+02    178.418    12.9047    38.4824    29.1136 0.0000e+00
   2068.000    13.2202     0.1812 -9.990e-29 1.0000e-12 4.8103e+02    178.611    12.9047    38.4824    29.1135 0.0000e+00
   2069.000    13.2204     0.1830 -9.990e-29 1.0000e-12 4.7673e+02    178.666    12.9047    38.4824    29.1136 0.0000e+00
   2070.000    13.2205     0.1852 -9.990e-29 1.0000e-12 4.7369e+02    178.221    12.9047    38.4825    29.1137 0.0000e+00
   2071.000    13.2207     0.1891 -9.990e-29 1.0000e-12 4.7701e+02    178.132    12.9046    38.4825    29.1136 0.0000e+00
   2072.000    13.2209     0.1896 -9.990e-29 1.0000e-12 4.8058e+02    178.388    12.9047    38.4825    29.1136 0.0000e+00
   2073.000    13.2210     0.1806 -9.990e-29 1.0000e-12 4.7654e+02    178.742    12.9046    38.4824    29.1136 0.0000e+00
   2074.000    13.2210     0.1848 -9.990e-29 1.0000e-12 4.8258e+02    178.787    12.9045    38.4826    29.1137 0.0000e+00
   2075.000    13.2212     0.1828 -9.990e-29 1.0000e-12 4.8196e+02    178.602    12.9045    38.4826    29.1137 0.0000e+00
   2076.000    13.2215     0.1814 -9.990e-29 1.0000e-12 4.7803e+02    178.752    12.9046    38.4825    29.1137 0.0000e+00
   2077.000    13.2217     0.1833 -9.990e-29 1.0000e-12 4.8155e+02    178.462    12.9047    38.4825    29.1136 0.0000e+00
   2078.000    13.2218     0.1775 -9.990e-29 1.0000e-12 4.8301e+02    178.369    12.9046    38.4826    29.1137 0.0000e+00
   2079.000    13.2219     0.1751 -9.990e-29 1.0000e-12 4.8511e+02    178.485    12.9046    38.4825    29.1137 0.0000e+00
   2080.000    13.2221     0.1769 -9.990e-29 1.0000e-12 4.8670e+02    178.776    12.9046    38.4827    29.1138 0.0000e+00
   2081.000    13.2223     0.1770 -9.990e-29 1.0000e-12 4.8772e+02    178.635    12.9046    38.4826    29.1137 0.0000e+00
   2082.000    13.2225     0.1810 -9.990e-29 1.0000e-12 4.9123e+02    178.355    12.9046    38.4825    29.1137 0.0000e+00
   2083.000    13.2225     0.1816 -9.990e-29 1.0000e-12 4.9028e+02    178.563    12.9046    38.4826    29.1137 0.0000e+00
   2084.000    13.2228     0.1802 -9.990e-29 1.0000e-12 4.9529e+02    178.595    12.9046    38.4826    29.1137 0.0000e+00
   2085.000    13.2229     0.1809 -9.990e-29 1.0000e-12 4.9508e+02    178.636    12.9046    38.4827    29.1138 0.0000e+00
   2086.000    13.2231     0.1853 -9.990e-29 1.0000e-12 4.9985e+02    178.730    12.9047    38.4826    29.1137 0.0000e+00
   2087.000    13.2233     0.1849 -9.990e-29 1.0000e-12 5.0205e+02    178.767    12.9046    38.4826    29.1137 0.0000e+00
   2088.000    13.2233     0.1871 -9.990e-29 1.0000e-12 5.0142e+02    178.738    12.9045    38.4827    29.1138 0.0000e+00
   2089.000    13.2235     0.1869 -9.990e-29 1.0000e-12 5.0834e+02    178.700    12.9045    38.4827    29.1139 0.0000e+00
   2090.000    13.2237     0.1814 -9.990e-29 1.0000e-12 5.0207e+02    178.352    12.9046    38.4828    29.1139 0.0000e+00
   2091.000    13.2239     0.1801 -9.990e-29 1.0000e-12 5.0506e+02    178.385    12.9046    38.4827    29.1138 0.0000e+00
   2092.000    13.2240     0.1824 -9.990e-29 1.0000e-12 5.1179e+02    178.243    12.9045    38.4826    29.1138 0.0000e+00
   2093.000    13.2241     0.1852 -9.990e-29 1.0000e-12 5.0808e+02    178.515    12.9045    38.4828    29.1139 0.0000e+00
   2094.000    13.2243     0.1892 -9.990e-29 1.0000e-12 5.1456e+02    178.712    12.9045    38.4826    29.1138 0.0000e+00
   2095.000    13.2245     0.1896 -9.990e-29 1.0000e-12 5.1654e+02    178.653    12.9046    38.4827    29.1138 0.0000e+00
   2096.000    13.2247     0.1831 -9.990e-29 1.0000e-12 5.1289e+02    178.694    12.9046    38.4827    29.1138 0.0000e+00
   2097.000    13.2249     0.1837 -9.990e-29 1.0000e-12 5.1887e+02    178.544    12.9047    38.4827    29.1138 0.0000e+00
   2098.000    13.2251     0.1812 -9.990e-29 1.0000e-12 5.2161e+02    178.456    12.9046    38.4827    29.1138 0.0000e+00
   2099.000    13.2252     0.1758 -9.990e-29 1.0000e-12 5.2615e+02    178.587    12.9046    38.4827    29.1138 0.0000e+00
