Data/ruptures/PEACETIME/FAST/PEACETIME_FAST_CTD_068.cnv
* Sea-Bird SBE 9 Data File:
* FileName = C:\CTD\rawCTD\PEACETIME_FAST_CTD_068.hdr
* Software Version Seasave V 7.23.2
* Temperature SN = 1378
* Conductivity SN = 2929
* Number of Bytes Per Scan = 38
* Number of Voltage Words = 5
* Number of Scans Averaged by the Deck Unit = 1
* NMEA Latitude = 37 56.79 N
* NMEA Longitude = 002 55.01 E
* NMEA UTC (Time) = Jun 05 2017  08:51:39
* NMEA baud rate = 4800
** Cruise:   PEACETIME
** Station:   FAST_CTD_068
# nquan = 11
# nvalues = 1017                        
# units = specified
# name 0 = prDM: Pressure, Digiquartz [db]
# name 1 = t090C: Temperature [ITS-90, deg C]
# name 2 = flC: Fluorescence, Chelsea Aqua 3 Chl Con [ug/l]
# name 3 = CStarTr0: Beam Transmission, WET Labs C-Star [%]
# name 4 = par: PAR/Irradiance, Biospherical/Licor
# name 5 = spar: SPAR/Surface Irradiance
# name 6 = sbeox0Mm/Kg: Oxygen, SBE 43 [umol/kg]
# name 7 = potemp090C: Potential Temperature [ITS-90, deg C]
# name 8 = sal00: Salinity, Practical [PSU]
# name 9 = sigma-é00: Density [sigma-theta, kg/m^3]
# name 10 = flag:
# span 0 =      3.000,   1019.000       
# span 1 =    13.1605,    21.3944       
# span 2 =     0.1750,     0.7262       
# span 3 =    92.0291,    98.3138       
# span 4 = -1.567e-07, 1.2626e+03       
# span 5 = 1.0087e+03, 2.5785e+03       
# span 6 =    152.422,    241.145       
# span 7 =    13.0104,    21.3931       
# span 8 =    37.0088,    38.5940       
# span 9 =    25.9411,    29.1066       
# span 10 = 0.0000e+00, 0.0000e+00      
# interval = decibars: 1                
# start_time = Jun 05 2017 08:54:06 [NMEA time, first data scan]
# bad_flag = -9.990e-29
*END*
[from data line 656]
    659.000    13.2991     0.1856    98.2732 1.0000e-12 2.3177e+03    161.931    13.2025    38.5453    29.1003 0.0000e+00
    660.000    13.2960     0.1882    98.2707 1.0000e-12 2.3175e+03    162.676    13.1993    38.5448    29.1006 0.0000e+00
    661.000    13.2954     0.1876    98.2758 1.0000e-12 2.3195e+03    162.881    13.1986    38.5444    29.1005 0.0000e+00
    662.000    13.2944     0.1869    98.2812 1.0000e-12 2.3209e+03    162.466    13.1974    38.5443    29.1006 0.0000e+00
    663.000    13.2905     0.1850    98.2807 1.0000e-12 2.3140e+03    162.073    13.1933    38.5434    29.1008 0.0000e+00
    664.000    13.2884     0.1881    98.2790 1.0000e-12 2.3157e+03    162.119    13.1911    38.5430    29.1009 0.0000e+00
    665.000    13.2874     0.1906    98.2838 1.0000e-12 2.3144e+03    162.519    13.1900    38.5427    29.1009 0.0000e+00
    666.000    13.2872     0.1886    98.2735 1.0000e-12 2.3085e+03    162.395    13.1896    38.5426    29.1009 0.0000e+00
    667.000    13.2871     0.1836    98.2814 1.0000e-12 2.3113e+03    162.591    13.1894    38.5425    29.1009 0.0000e+00
    668.000    13.2867     0.1807    98.2793 1.0000e-12 2.3099e+03    163.045    13.1889    38.5424    29.1010 0.0000e+00
    669.000    13.2869     0.1758    98.2813 1.0000e-12 2.3108e+03    162.864    13.1889    38.5425    29.1010 0.0000e+00
    670.000    13.2871     0.1807    98.2771 1.0000e-12 2.2892e+03    162.760    13.1889    38.5425    29.1010 0.0000e+00
    671.000    13.2872     0.1836    98.2834 1.0000e-12 2.2126e+03    162.709    13.1889    38.5426    29.1011 0.0000e+00
    672.000    13.2874     0.1792    98.2711 1.0000e-12 2.1049e+03    162.396    13.1889    38.5425    29.1010 0.0000e+00
    673.000    13.2876     0.1818    98.2502 1.0000e-12 2.1123e+03    162.469    13.1890    38.5424    29.1009 0.0000e+00
    674.000    13.2877     0.1855    98.2786 1.0000e-12 2.0845e+03    162.556    13.1889    38.5426    29.1011 0.0000e+00
    675.000    13.2881     0.1845    98.2848 1.0000e-12 2.1464e+03    162.667    13.1892    38.5427    29.1011 0.0000e+00
    676.000    13.2883     0.1814    98.2865 1.0000e-12 2.2463e+03    162.755    13.1892    38.5428    29.1012 0.0000e+00
    677.000    13.2886     0.1879    98.2841 1.0000e-12 2.3056e+03    162.685    13.1894    38.5427    29.1011 0.0000e+00
    678.000    13.2889     0.1856    98.2658 1.0000e-12 2.3092e+03    162.875    13.1895    38.5426    29.1010 0.0000e+00
    679.000    13.2891     0.1833    98.2881 1.0000e-12 2.3179e+03    162.828    13.1895    38.5427    29.1010 0.0000e+00
    680.000    13.2891     0.1888    98.2818 1.0000e-12 2.3124e+03    162.930    13.1895    38.5427    29.1011 0.0000e+00
    681.000    13.2894     0.1891    98.2894 1.0000e-12 2.3137e+03    163.066    13.1895    38.5428    29.1011 0.0000e+00
    682.000    13.2896     0.1866    98.2871 1.0000e-12 2.3125e+03    162.953    13.1896    38.5427    29.1010 0.0000e+00
    683.000    13.2898     0.1830    98.2850 1.0000e-12 2.3165e+03    162.959    13.1896    38.5427    29.1010 0.0000e+00
    684.000    13.2898     0.1793    98.2858 1.0000e-12 2.3136e+03    162.936    13.1895    38.5428    29.1011 0.0000e+00
    685.000    13.2900     0.1775    98.2853 1.0000e-12 2.3133e+03    162.755    13.1895    38.5428    29.1011 0.0000e+00
    686.000    13.2903     0.1778    98.2898 1.0000e-12 2.3137e+03    162.509    13.1897    38.5427    29.1010 0.0000e+00
    687.000    13.2904     0.1795 -9.990e-29 1.0000e-12 2.3127e+03    162.902    13.1896    38.5427    29.1010 0.0000e+00
    688.000    13.2905     0.1830 -9.990e-29 1.0000e-12 2.3093e+03    162.987    13.1896    38.5427    29.1010 0.0000e+00
    689.000    13.2906     0.1831    98.2857 1.0000e-12 2.3090e+03    162.475    13.1895    38.5428    29.1011 0.0000e+00
    690.000    13.2907     0.1814    98.2845 1.0000e-12 2.3086e+03    162.835    13.1896    38.5429    29.1012 0.0000e+00
    691.000    13.2910     0.1847    98.2868 1.0000e-12 2.3078e+03    162.915    13.1896    38.5427    29.1010 0.0000e+00
    692.000    13.2911     0.1807    98.2762 1.0000e-12 2.3112e+03    163.037    13.1896    38.5428    29.1011 0.0000e+00
    693.000    13.2913     0.1842    98.2801 1.0000e-12 2.3064e+03    163.365    13.1897    38.5427    29.1010 0.0000e+00
    694.000    13.2915     0.1885    98.2834 1.0000e-12 2.3099e+03    163.268    13.1897    38.5428    29.1011 0.0000e+00
    695.000    13.2916     0.1909    98.2895 1.0000e-12 2.3090e+03    163.100    13.1897    38.5427    29.1010 0.0000e+00
    696.000    13.2918     0.1890    98.2891 1.0000e-12 2.3057e+03    162.924    13.1897    38.5427    29.1010 0.0000e+00
    697.000    13.2920     0.1866    98.2874 1.0000e-12 2.3092e+03    162.847    13.1898    38.5428    29.1010 0.0000e+00
    698.000    13.2920     0.1831    98.2856 1.0000e-12 2.3064e+03    163.102    13.1896    38.5428    29.1011 0.0000e+00
    699.000    13.2922     0.1832    98.2784 1.0000e-12 2.3092e+03    163.339    13.1896    38.5429    29.1011 0.0000e+00
    700.000    13.2924     0.1800    98.2870 1.0000e-12 2.3040e+03    162.865    13.1897    38.5428    29.1011 0.0000e+00
    701.000    13.2927     0.1832    98.2832 1.0000e-12 2.3071e+03    162.905    13.1898    38.5427    29.1010 0.0000e+00
    702.000    13.2928     0.1875    98.2877 1.0000e-12 2.3067e+03    162.901    13.1898    38.5427    29.1010 0.0000e+00
    703.000    13.2929     0.1914    98.2745 1.0000e-12 2.3072e+03    163.041    13.1897    38.5428    29.1011 0.0000e+00
    704.000    13.2931     0.1841    98.2800 1.0000e-12 2.3076e+03    163.202    13.1898    38.5428    29.1010 0.0000e+00
    705.000    13.2932     0.1846    98.2849 1.0000e-12 2.3101e+03    162.786    13.1897    38.5428    29.1011 0.0000e+00
    706.000    13.2934     0.1851    98.2839 1.0000e-12 2.3070e+03    162.500    13.1898    38.5426    29.1009 0.0000e+00
    707.000    13.2934     0.1879    98.2800 1.0000e-12 2.3049e+03    162.300    13.1897    38.5427    29.1010 0.0000e+00
    708.000    13.2935     0.1884    98.2867 1.0000e-12 2.3095e+03    162.683    13.1896    38.5428    29.1011 0.0000e+00
    709.000    13.2938     0.1820    98.2879 1.0000e-12 2.3036e+03    162.776    13.1897    38.5426    29.1009 0.0000e+00
    710.000    13.2939     0.1827    98.2829 1.0000e-12 2.3049e+03    162.725    13.1897    38.5427    29.1010 0.0000e+00
    711.000    13.2940     0.1803    98.2857 1.0000e-12 2.3057e+03    162.730    13.1897    38.5427    29.1010 0.0000e+00
    712.000    13.2943     0.1841    98.2848 1.0000e-12 2.3018e+03    162.778    13.1898    38.5427    29.1010 0.0000e+00
    713.000    13.2943     0.1857    98.2848 1.0000e-12 2.3012e+03    162.918    13.1896    38.5428    29.1011 0.0000e+00
    714.000    13.2945     0.1827    98.2828 1.0000e-12 2.3038e+03    162.823    13.1896    38.5427    29.1010 0.0000e+00
    715.000    13.2947     0.1841    98.2844 1.0000e-12 2.3047e+03    163.044    13.1897    38.5427    29.1010 0.0000e+00
    716.000    13.2948     0.1876    98.2846 1.0000e-12 2.3031e+03    163.030    13.1897    38.5428    29.1010 0.0000e+00
    717.000    13.2949     0.1940    98.2789 1.0000e-12 2.3024e+03    162.919    13.1896    38.5428    29.1011 0.0000e+00
    718.000    13.2951     0.1881    98.2780 1.0000e-12 2.3023e+03    162.986    13.1896    38.5428    29.1011 0.0000e+00
    719.000    13.2954     0.1835    98.2748 1.0000e-12 2.3063e+03    162.706    13.1898    38.5427    29.1010 0.0000e+00
    720.000    13.2954     0.1812    98.2823 -9.990e-29 2.3045e+03    162.402    13.1897    38.5428    29.1011 0.0000e+00
    721.000    13.2956     0.1879    98.2798 -9.990e-29 2.3048e+03    162.876    13.1897    38.5428    29.1011 0.0000e+00
    722.000    13.2958     0.1799    98.2816 1.0000e-12 2.3055e+03    162.775    13.1898    38.5428    29.1011 0.0000e+00
    723.000    13.2960     0.1815    98.2804 1.0000e-12 2.3030e+03    162.439    13.1899    38.5427    29.1009 0.0000e+00
    724.000    13.2960     0.1814    98.2813 1.0000e-12 2.3015e+03    162.793    13.1897    38.5428    29.1011 0.0000e+00
    725.000    13.2950     0.1863    98.2864 1.0000e-12 2.3040e+03    162.996    13.1885    38.5423    29.1010 0.0000e+00
    726.000    13.2894     0.1897    98.2799 1.0000e-12 2.3051e+03    163.257    13.1828    38.5410    29.1011 0.0000e+00
    727.000    13.2854     0.1820    98.2867 1.0000e-12 2.3064e+03    163.379    13.1787    38.5402    29.1013 0.0000e+00
    728.000    13.2816     0.1866    98.2845 1.0000e-12 2.3045e+03    163.279    13.1748    38.5393    29.1015 0.0000e+00
    729.000    13.2797     0.1932    98.2826 1.0000e-12 2.3041e+03    163.225    13.1727    38.5388    29.1015 0.0000e+00
    730.000    13.2749     0.1904    98.2833 1.0000e-12 2.3056e+03    163.340    13.1678    38.5375    29.1016 0.0000e+00
    731.000    13.2714     0.1837    98.2800 1.0000e-12 2.2983e+03    163.673    13.1641    38.5370    29.1019 0.0000e+00
    732.000    13.2671     0.1903    98.2854 1.0000e-12 2.3010e+03    163.874    13.1597    38.5359    29.1020 0.0000e+00
    733.000    13.2653     0.1969    98.2841 1.0000e-12 2.2918e+03    163.825    13.1577    38.5355    29.1021 0.0000e+00
    734.000    13.2610     0.1940    98.2785 1.0000e-12 2.2948e+03    164.054    13.1534    38.5344    29.1021 0.0000e+00
    735.000    13.2577     0.1914    98.2864 1.0000e-12 2.2933e+03    164.085    13.1499    38.5336    29.1023 0.0000e+00
    736.000    13.2547     0.1874    98.2863 1.0000e-12 2.2841e+03    164.062    13.1468    38.5329    29.1024 0.0000e+00
    737.000    13.2456     0.1829    98.2865 1.0000e-12 2.2840e+03    164.439    13.1376    38.5308    29.1027 0.0000e+00
    738.000    13.2413     0.1816    98.2885 1.0000e-12 2.2920e+03    164.371    13.1331    38.5300    29.1030 0.0000e+00
    739.000    13.2387     0.1866    98.2772 1.0000e-12 2.2864e+03    163.930    13.1304    38.5294    29.1031 0.0000e+00
    740.000    13.2384     0.1893 -9.990e-29 1.0000e-12 2.2848e+03    164.314    13.1300    38.5292    29.1030 0.0000e+00
    741.000    13.2386     0.1851 -9.990e-29 1.0000e-12 2.2849e+03    164.647    13.1300    38.5291    29.1029 0.0000e+00
    742.000    13.2384     0.1812    98.2869 1.0000e-12 2.2852e+03    164.608    13.1297    38.5291    29.1030 0.0000e+00
    743.000    13.2385     0.1763    98.2845 1.0000e-12 2.2998e+03    164.460    13.1297    38.5292    29.1031 0.0000e+00
    744.000    13.2386     0.1827    98.2876 1.0000e-12 2.3036e+03    164.699    13.1295    38.5291    29.1031 0.0000e+00
    745.000    13.2386     0.1834    98.2869 1.0000e-12 2.3037e+03    164.598    13.1295    38.5292    29.1031 0.0000e+00
    746.000    13.2388     0.1904    98.2786 1.0000e-12 2.2948e+03    164.707    13.1294    38.5292    29.1031 0.0000e+00
    747.000    13.2390     0.1835 -9.990e-29 1.0000e-12 2.2898e+03    164.865    13.1295    38.5291    29.1030 0.0000e+00
    748.000    13.2390     0.1834 -9.990e-29 1.0000e-12 2.2776e+03    164.823    13.1294    38.5292    29.1031 0.0000e+00
    749.000    13.2392     0.1937 -9.990e-29 1.0000e-12 2.2649e+03    164.566    13.1294    38.5293    29.1032 0.0000e+00
    750.000    13.2394     0.1980 -9.990e-29 1.0000e-12 2.2519e+03    164.538    13.1295    38.5293    29.1032 0.0000e+00
    751.000    13.2396     0.1900 -9.990e-29 1.0000e-12 2.2340e+03    164.521    13.1295    38.5292    29.1031 0.0000e+00
    752.000    13.2398     0.1845    98.2843 1.0000e-12 2.2234e+03    164.677    13.1296    38.5291    29.1030 0.0000e+00
    753.000    13.2399     0.1894    98.2880 1.0000e-12 2.2656e+03    164.893    13.1295    38.5292    29.1032 0.0000e+00
    754.000    13.2400     0.1866    98.2824 1.0000e-12 2.2940e+03    165.162    13.1295    38.5292    29.1031 0.0000e+00
    755.000    13.2402     0.1841    98.2877 1.0000e-12 2.3029e+03    164.611    13.1295    38.5293    29.1032 0.0000e+00
    756.000    13.2404     0.1843 -9.990e-29 1.0000e-12 2.3003e+03    164.609    13.1296    38.5292    29.1031 0.0000e+00
    757.000    13.2404     0.1834 -9.990e-29 1.0000e-12 2.3029e+03    165.143    13.1295    38.5293    29.1032 0.0000e+00
    758.000    13.2406     0.1813 -9.990e-29 1.0000e-12 2.3059e+03    164.979    13.1295    38.5293    29.1032 0.0000e+00
    759.000    13.2408     0.1847 -9.990e-29 1.0000e-12 2.3025e+03    164.507    13.1295    38.5293    29.1032 0.0000e+00
    760.000    13.2411     0.1878 -9.990e-29 1.0000e-12 2.2996e+03    164.680    13.1296    38.5291    29.1030 0.0000e+00
    761.000    13.2412     0.1878 -9.990e-29 1.0000e-12 2.2967e+03    164.636    13.1296    38.5292    29.1031 0.0000e+00
    762.000    13.2413     0.1859 -9.990e-29 1.0000e-12 2.2983e+03    164.292    13.1295    38.5292    29.1032 0.0000e+00
    763.000    13.2414     0.1898 -9.990e-29 1.0000e-12 2.2961e+03    164.663    13.1295    38.5294    29.1032 0.0000e+00
    764.000    13.2416     0.1856 -9.990e-29 1.0000e-12 2.3031e+03    164.931    13.1296    38.5293    29.1032 0.0000e+00
    765.000    13.2419     0.1880 -9.990e-29 1.0000e-12 2.3014e+03    164.673    13.1297    38.5292    29.1031 0.0000e+00
    766.000    13.2420     0.1878 -9.990e-29 1.0000e-12 2.3023e+03    164.763    13.1297    38.5293    29.1031 0.0000e+00
    767.000    13.2422     0.1841 -9.990e-29 1.0000e-12 2.2984e+03    164.823    13.1297    38.5293    29.1032 0.0000e+00
    768.000    13.2425     0.1846 -9.990e-29 1.0000e-12 2.3034e+03    165.000    13.1299    38.5294    29.1032 0.0000e+00
    769.000    13.2427     0.1850    98.2885 -9.990e-29 2.3065e+03    164.796    13.1299    38.5294    29.1032 0.0000e+00
    770.000    13.2430     0.1852    98.2826 -9.990e-29 2.3038e+03    164.897    13.1300    38.5295    29.1032 0.0000e+00
    771.000    13.2432     0.1838    98.2793 -9.990e-29 2.3059e+03    164.748    13.1301    38.5294    29.1032 0.0000e+00
    772.000    13.2434     0.1916    98.2855 1.0000e-12 2.3064e+03    164.890    13.1301    38.5294    29.1031 0.0000e+00
    773.000    13.2436     0.1905    98.2828 1.0000e-12 2.3072e+03    164.904    13.1302    38.5296    29.1033 0.0000e+00
    774.000    13.2439     0.1915    98.2868 1.0000e-12 2.3089e+03    165.237    13.1303    38.5295    29.1032 0.0000e+00
    775.000    13.2439     0.1882    98.2853 1.0000e-12 2.3076e+03    165.103    13.1302    38.5294    29.1032 0.0000e+00
    776.000    13.2442     0.1876 -9.990e-29 1.0000e-12 2.3057e+03    164.832    13.1303    38.5294    29.1031 0.0000e+00
    777.000    13.2442     0.1938 -9.990e-29 1.0000e-12 2.3057e+03    164.710    13.1302    38.5294    29.1031 0.0000e+00
    778.000    13.2444     0.1900 -9.990e-29 1.0000e-12 2.3096e+03    164.725    13.1302    38.5295    29.1033 0.0000e+00
    779.000    13.2447     0.1876 -9.990e-29 1.0000e-12 2.3044e+03    164.611    13.1303    38.5296    29.1033 0.0000e+00
    780.000    13.2449     0.1877 -9.990e-29 1.0000e-12 2.3070e+03    164.736    13.1304    38.5295    29.1032 0.0000e+00
    781.000    13.2453     0.1832 -9.990e-29 1.0000e-12 2.3045e+03    164.740    13.1306    38.5294    29.1030 0.0000e+00
    782.000    13.2453     0.1780 -9.990e-29 1.0000e-12 2.3063e+03    164.837    13.1305    38.5296    29.1032 0.0000e+00
    783.000    13.2456     0.1825 -9.990e-29 1.0000e-12 2.3044e+03    164.825    13.1306    38.5294    29.1030 0.0000e+00
    784.000    13.2457     0.1820 -9.990e-29 1.0000e-12 2.3086e+03    164.605    13.1307    38.5297    29.1033 0.0000e+00
    785.000    13.2459     0.1852 -9.990e-29 1.0000e-12 2.3082e+03    164.600    13.1307    38.5296    29.1032 0.0000e+00
    786.000    13.2459     0.1899 -9.990e-29 -9.990e-29 2.3098e+03    164.984    13.1305    38.5295    29.1032 0.0000e+00
    787.000    13.2461     0.1864 -9.990e-29 -9.990e-29 2.3099e+03    164.903    13.1306    38.5294    29.1031 0.0000e+00
    788.000    13.2463     0.1793    98.2886 1.0000e-12 2.3110e+03    164.684    13.1306    38.5295    29.1032 0.0000e+00
