Data/ruptures/PEACETIME/FAST/PEACETIME_FAST_CTD_083.cnv
* Sea-Bird SBE 9 Data File:
* FileName = C:\CTD\rawCTD\PEACETIME_FAST_CTD_083.hdr
* Software Version Seasave V 7.23.2
* Temperature SN = 1378
* Conductivity SN = 2929
* Number of Bytes Per Scan = 38
* Number of Voltage Words = 5
* Number of Scans Averaged by the Deck Unit = 1
* NMEA Latitude = 37 56.80 N
* NMEA Longitude = 002 55.00 E
* NMEA UTC (Time) = Jun 07 2017  08:58:44
* NMEA baud rate = 4800
** Cruise:   PEACETIME
** Station:   CTD_FAST_83
# nquan = 11
# nvalues = 2502                        
# units = specified
# name 0 = prDM: Pressure, Digiquartz [db]
# name 1 = t090C: Temperature [ITS-90, deg C]
# name 2 = flC: Fluorescence, Chelsea Aqua 3 Chl Con [ug/l]
# name 3 = CStarTr0: Beam Transmission, WET Labs C-Star [%]
# name 4 = par: PAR/Irradiance, Biospherical/Licor
# name 5 = spar: SPAR/Surface Irradiance
# name 6 = sbeox0Mm/Kg: Oxygen, SBE 43 [umol/kg]
# name 7 = potemp090C: Potential Temperature [ITS-90, deg C]
# name 8 = sal00: Salinity, Practical [PSU]
# name 9 = sigma-é00: Density [sigma-theta, kg/m^3]
# name 10 = flag:
# span 0 =      3.000,   2504.000       
# span 1 =    13.1236,    21.6067       
# span 2 =     0.1734,     0.5482       
# span 3 =    93.6383,    98.2395       
# span 4 = -9.324e-06, 8.6846e+02       
# span 5 = 1.0075e+03, 2.8561e+03       
# span 6 =    151.896,    239.357       
# span 7 =    12.9043,    21.6061       
# span 8 =    37.0168,    38.5941       
# span 9 =    25.9079,    29.1158       
# span 10 = 0.0000e+00, 0.0000e+00      
# interval = decibars: 1                
# start_time = Jun 07 2017 09:01:04 [NMEA time, first data scan]
# bad_flag = -9.990e-29
*END*
[from data line 1443]
   1446.000    13.1331     0.1858    98.2135 1.5010e-03 2.4611e+03    175.801    12.9175    38.4804    29.1094 0.0000e+00
   1447.000    13.1334     0.1909    98.2135 1.2032e-03 2.4641e+03    176.035    12.9176    38.4803    29.1093 0.0000e+00
   1448.000    13.1335     0.1908    98.2135 1.3301e-03 2.4652e+03    175.925    12.9175    38.4804    29.1093 0.0000e+00
   1449.000    13.1336     0.1915    98.2135 1.3499e-03 2.4670e+03    175.958    12.9175    38.4804    29.1094 0.0000e+00
   1450.000    13.1337     0.1858    98.2135 1.5052e-03 2.4654e+03    175.947    12.9174    38.4804    29.1094 0.0000e+00
   1451.000    13.1338     0.1855    98.2135 2.1193e-04 2.4681e+03    176.023    12.9174    38.4804    29.1094 0.0000e+00
   1452.000    13.1338     0.1865    98.2205 1.5193e-03 2.4765e+03    176.240    12.9173    38.4804    29.1094 0.0000e+00
   1453.000    13.1341     0.1805    98.2265 1.6528e-03 2.4745e+03    175.952    12.9174    38.4804    29.1094 0.0000e+00
   1454.000    13.1342     0.1895    98.2197 7.4859e-04 2.4643e+03    175.830    12.9174    38.4805    29.1094 0.0000e+00
   1455.000    13.1345     0.1883    98.2198 1.7697e-03 2.4470e+03    176.177    12.9174    38.4803    29.1093 0.0000e+00
   1456.000    13.1346     0.1863    98.2191 1.7563e-03 2.4487e+03    176.377    12.9173    38.4804    29.1094 0.0000e+00
   1457.000    13.1347     0.1838    98.2187 2.6830e-03 2.4529e+03    176.369    12.9173    38.4804    29.1094 0.0000e+00
   1458.000    13.1348     0.1889    98.2198 1.6888e-03 2.4556e+03    176.076    12.9173    38.4803    29.1094 0.0000e+00
   1459.000    13.1350     0.1906    98.2204 9.4996e-04 2.4669e+03    176.047    12.9173    38.4805    29.1095 0.0000e+00
   1460.000    13.1352     0.1859    98.2242 1.5376e-03 2.4679e+03    176.295    12.9173    38.4804    29.1093 0.0000e+00
   1461.000    13.1353     0.1860    98.2274 2.2589e-03 2.4710e+03    176.366    12.9173    38.4804    29.1094 0.0000e+00
   1462.000    13.1354     0.1862    98.2297 2.4958e-03 2.4795e+03    176.491    12.9173    38.4805    29.1094 0.0000e+00
   1463.000    13.1356     0.1867    98.2219 3.1379e-03 2.4768e+03    176.381    12.9173    38.4804    29.1094 0.0000e+00
   1464.000    13.1357     0.1860    98.2247 4.1985e-03 2.4825e+03    176.673    12.9172    38.4804    29.1094 0.0000e+00
   1465.000    13.1358     0.1846    98.2228 5.8755e-03 2.4850e+03    176.386    12.9171    38.4804    29.1094 0.0000e+00
   1466.000    13.1359     0.1875    98.2189 3.9337e-03 2.4901e+03    176.087    12.9171    38.4805    29.1095 0.0000e+00
   1467.000    13.1361     0.1887    98.2292 4.3530e-03 2.4869e+03    176.103    12.9172    38.4804    29.1094 0.0000e+00
   1468.000    13.1363     0.1834    98.2173 1.2160e-03 2.4934e+03    176.033    12.9172    38.4803    29.1094 0.0000e+00
   1469.000    13.1363     0.1836    98.2216 3.0694e-03 2.4895e+03    176.253    12.9171    38.4805    29.1095 0.0000e+00
   1470.000    13.1365     0.1833    98.2265 1.6414e-03 2.4969e+03    176.290    12.9171    38.4805    29.1095 0.0000e+00
   1471.000    13.1367     0.1856    98.2321 3.0298e-03 2.5002e+03    176.382    12.9171    38.4805    29.1095 0.0000e+00
   1472.000    13.1368     0.1799    98.2269 3.8377e-03 2.5005e+03    176.529    12.9171    38.4805    29.1095 0.0000e+00
   1473.000    13.1370     0.1831    98.2261 4.4992e-03 2.5056e+03    176.266    12.9171    38.4804    29.1095 0.0000e+00
   1474.000    13.1372     0.1910    98.2294 4.1039e-03 2.5099e+03    175.993    12.9171    38.4805    29.1095 0.0000e+00
   1475.000    13.1372     0.1894    98.2282 4.7046e-03 2.5163e+03    175.992    12.9170    38.4805    29.1095 0.0000e+00
   1476.000    13.1374     0.1867    98.2314 4.0041e-03 2.5195e+03    176.242    12.9170    38.4805    29.1095 0.0000e+00
   1477.000    13.1376     0.1843    98.2261 2.7318e-03 2.5285e+03    176.513    12.9171    38.4804    29.1094 0.0000e+00
   1478.000    13.1377     0.1841    98.2348 3.1279e-03 2.5343e+03    176.579    12.9170    38.4805    29.1096 0.0000e+00
   1479.000    13.1379     0.1869    98.2323 5.3682e-03 2.5435e+03    176.664    12.9170    38.4805    29.1095 0.0000e+00
   1480.000    13.1379     0.1811    98.2326 3.7559e-03 2.5510e+03    176.716    12.9169    38.4806    29.1096 0.0000e+00
   1481.000    13.1380     0.1814    98.2278 4.8390e-03 2.5593e+03    176.644    12.9169    38.4804    29.1095 0.0000e+00
   1482.000    13.1381     0.1792    98.2274 4.8697e-03 2.5785e+03    176.556    12.9168    38.4804    29.1095 0.0000e+00
   1483.000    13.1382     0.1803    98.2323 3.6317e-03 2.5956e+03    176.255    12.9168    38.4804    29.1095 0.0000e+00
   1484.000    13.1384     0.1846    98.2305 6.3045e-03 2.6064e+03    176.331    12.9168    38.4804    29.1095 0.0000e+00
   1485.000    13.1385     0.1807    98.2332 2.9467e-03 2.5557e+03    176.577    12.9167    38.4806    29.1096 0.0000e+00
   1486.000    13.1387     0.1817    98.2339 2.1568e-03 2.2284e+03    176.765    12.9168    38.4805    29.1095 0.0000e+00
   1487.000    13.1389     0.1884    98.2367 1.7347e-03 1.9321e+03    176.636    12.9168    38.4805    29.1095 0.0000e+00
   1488.000    13.1390     0.1895    98.2354 2.8225e-03 1.7750e+03    176.454    12.9167    38.4805    29.1095 0.0000e+00
   1489.000    13.1391     0.1841    98.2300 2.3694e-03 1.8499e+03    176.169    12.9167    38.4804    29.1095 0.0000e+00
   1490.000    13.1393     0.1868    98.2314 3.1101e-03 1.4920e+03    176.133    12.9167    38.4805    29.1096 0.0000e+00
   1491.000    13.1395     0.1886    98.2284 4.1300e-03 1.3707e+03    176.082    12.9167    38.4805    29.1096 0.0000e+00
   1492.000    13.1396     0.1875    98.2320 5.1451e-03 1.3856e+03    176.433    12.9167    38.4805    29.1096 0.0000e+00
   1493.000    13.1396     0.1841    98.2343 1.9542e-03 1.4501e+03    176.822    12.9166    38.4806    29.1097 0.0000e+00
   1494.000    13.1398     0.1861    98.2320 1.8894e-03 1.5524e+03    176.548    12.9166    38.4806    29.1096 0.0000e+00
   1495.000    13.1399     0.1832    98.2349 3.5243e-03 1.7878e+03    176.657    12.9165    38.4807    29.1097 0.0000e+00
   1496.000    13.1401     0.1830    98.2335 2.5872e-03 1.7276e+03    176.768    12.9166    38.4805    29.1096 0.0000e+00
   1497.000    13.1403     0.1881    98.2395 5.4928e-04 1.5144e+03    176.603    12.9166    38.4806    29.1096 0.0000e+00
   1498.000    13.1404     0.1824    98.2395 8.2278e-04 1.6453e+03    176.408    12.9165    38.4805    29.1096 0.0000e+00
   1499.000    13.1403     0.1834    98.2395 1.5578e-04 1.9801e+03    176.475    12.9163    38.4804    29.1096 0.0000e+00
   1500.000    13.1403     0.1805    98.2362 4.8881e-04 1.9551e+03    176.279    12.9161    38.4804    29.1096 0.0000e+00
   1501.000    13.1405     0.1843    98.2311 1.4173e-03 1.6848e+03    176.665    12.9162    38.4805    29.1097 0.0000e+00
   1502.000    13.1403     0.1838    98.2323 3.6748e-03 1.5077e+03    176.892    12.9158    38.4804    29.1097 0.0000e+00
   1503.000    13.1401     0.1847    98.2275 2.0985e-03 1.6321e+03    176.867    12.9155    38.4802    29.1096 0.0000e+00
   1504.000    13.1400     0.1893    98.2248 3.1217e-03 1.7304e+03    176.585    12.9153    38.4803    29.1097 0.0000e+00
   1505.000    13.1402     0.1855    98.2278 3.1138e-03 1.7724e+03    176.604    12.9153    38.4804    29.1098 0.0000e+00
   1506.000    13.1405     0.1830    98.2289 3.4079e-03 1.7596e+03    176.402    12.9154    38.4803    29.1097 0.0000e+00
   1507.000    13.1402     0.1871    98.2252 2.7858e-03 1.8053e+03    176.360    12.9150    38.4802    29.1098 0.0000e+00
   1508.000    13.1404     0.1882    98.2219 3.3452e-03 1.9670e+03    176.327    12.9150    38.4802    29.1097 0.0000e+00
   1509.000    13.1404     0.1876    98.2222 3.7388e-03 2.1867e+03    176.448    12.9149    38.4803    29.1099 0.0000e+00
   1510.000    13.1405     0.1890    98.2066 2.8475e-03 1.9566e+03    176.565    12.9148    38.4803    29.1098 0.0000e+00
   1511.000    13.1407     0.1922    98.2190 1.7661e-03 1.7129e+03    176.935    12.9149    38.4802    29.1098 0.0000e+00
   1512.000    13.1409     0.1842    98.2230 2.9461e-03 1.7871e+03    176.787    12.9149    38.4801    29.1097 0.0000e+00
   1513.000    13.1409     0.1797    98.2301 1.9109e-03 2.0024e+03    176.533    12.9147    38.4803    29.1099 0.0000e+00
   1514.000    13.1410     0.1819    98.2206 1.0160e-03 2.0002e+03    176.427    12.9147    38.4803    29.1099 0.0000e+00
   1515.000    13.1413     0.1865    98.2200 1.4109e-03 1.8864e+03    176.169    12.9148    38.4802    29.1098 0.0000e+00
   1516.000    13.1412     0.1852    98.2180 7.7761e-04 2.1185e+03    176.412    12.9146    38.4803    29.1099 0.0000e+00
   1517.000    13.1414     0.1859    98.2261 2.8784e-03 2.3514e+03    176.479    12.9146    38.4802    29.1098 0.0000e+00
   1518.000    13.1415     0.1902    98.2239 1.4185e-03 2.5888e+03    176.141    12.9145    38.4802    29.1098 0.0000e+00
   1519.000    13.1417     0.1884    98.2212 1.9586e-03 2.5071e+03    175.987    12.9145    38.4802    29.1098 0.0000e+00
   1520.000    13.1417     0.1905    98.2274 7.6248e-04 2.4959e+03    176.232    12.9145    38.4802    29.1098 0.0000e+00
   1521.000    13.1419     0.1898    98.2282 5.3334e-04 2.6107e+03    176.450    12.9144    38.4803    29.1099 0.0000e+00
   1522.000    13.1420     0.1902    98.2221 8.0200e-05 2.6243e+03    176.747    12.9145    38.4802    29.1098 0.0000e+00
   1523.000    13.1421     0.1922    98.2186 5.7242e-04 2.6253e+03    176.885    12.9143    38.4802    29.1099 0.0000e+00
   1524.000    13.1420     0.1969    98.2234 1.0277e-03 2.6330e+03    176.829    12.9141    38.4802    29.1099 0.0000e+00
   1525.000    13.1420     0.1936    98.2293 2.8510e-03 2.6304e+03    176.752    12.9139    38.4802    29.1099 0.0000e+00
   1526.000    13.1420     0.1901    98.2192 2.6506e-03 2.6321e+03    176.620    12.9138    38.4802    29.1099 0.0000e+00
   1527.000    13.1422     0.1916    98.2204 3.3264e-03 2.6265e+03    176.831    12.9139    38.4802    29.1100 0.0000e+00
   1528.000    13.1424     0.1900    98.2216 1.6015e-03 2.5285e+03    176.823    12.9139    38.4801    29.1099 0.0000e+00
   1529.000    13.1425     0.1850    98.2219 2.6228e-03 2.5332e+03    176.845    12.9138    38.4802    29.1099 0.0000e+00
   1530.000    13.1425     0.1841    98.2181 3.4442e-03 2.5952e+03    176.640    12.9137    38.4803    29.1101 0.0000e+00
   1531.000    13.1428     0.1853    98.2222 2.6026e-03 2.6006e+03    176.792    12.9138    38.4801    29.1099 0.0000e+00
   1532.000    13.1429     0.1892    98.2189 2.4345e-03 2.6102e+03    177.007    12.9137    38.4802    29.1100 0.0000e+00
   1533.000    13.1430     0.1915    98.2189 3.4791e-03 2.6131e+03    176.773    12.9137    38.4801    29.1099 0.0000e+00
   1534.000    13.1431     0.1941    98.2204 2.4879e-03 2.5656e+03    176.715    12.9136    38.4801    29.1100 0.0000e+00
   1535.000    13.1433     0.1946    98.2171 2.1790e-03 2.1679e+03    176.693    12.9136    38.4801    29.1099 0.0000e+00
   1536.000    13.1434     0.1933    98.2197 2.2276e-03 1.8347e+03    176.484    12.9136    38.4801    29.1099 0.0000e+00
   1537.000    13.1434     0.1903    98.2191 1.9788e-03 1.9948e+03    176.835    12.9134    38.4801    29.1100 0.0000e+00
   1538.000    13.1435     0.1893    98.2187 3.3480e-03 2.1716e+03    177.120    12.9134    38.4801    29.1100 0.0000e+00
   1539.000    13.1436     0.1894    98.2207 3.2853e-03 2.0457e+03    176.785    12.9134    38.4801    29.1100 0.0000e+00
   1540.000    13.1437     0.1984    98.2189 2.3417e-03 1.9899e+03    176.697    12.9132    38.4801    29.1100 0.0000e+00
   1541.000    13.1439     0.1905    98.2163 1.9901e-03 1.6295e+03    177.048    12.9133    38.4801    29.1100 0.0000e+00
   1542.000    13.1440     0.1862    98.2135 1.6405e-03 1.4084e+03    177.004    12.9133    38.4801    29.1100 0.0000e+00
   1543.000    13.1443     0.1946    98.2135 1.5236e-03 1.4949e+03    176.763    12.9134    38.4801    29.1100 0.0000e+00
   1544.000    13.1447     0.1906    98.2146 1.2326e-03 1.6692e+03    176.779    12.9136    38.4802    29.1100 0.0000e+00
   1545.000    13.1451     0.1936    98.2234 2.3921e-03 1.6271e+03    177.003    12.9139    38.4803    29.1100 0.0000e+00
   1546.000    13.1452     0.1987    98.2211 2.4719e-03 1.8859e+03    177.128    12.9138    38.4804    29.1101 0.0000e+00
   1547.000    13.1454     0.1924    98.2180 3.5043e-03 2.1011e+03    176.913    12.9139    38.4803    29.1101 0.0000e+00
   1548.000    13.1456     0.1939    98.2135 3.5784e-03 2.2846e+03    176.690    12.9139    38.4805    29.1101 0.0000e+00
   1549.000    13.1457     0.1922    98.1949 2.6997e-03 2.4527e+03    176.772    12.9139    38.4804    29.1101 0.0000e+00
   1550.000    13.1459     0.1928    98.2191 2.0180e-03 2.5764e+03    177.068    12.9138    38.4804    29.1101 0.0000e+00
   1551.000    13.1460     0.1914    98.2216 1.6570e-03 2.5760e+03    176.837    12.9139    38.4804    29.1101 0.0000e+00
   1552.000    13.1462     0.1876    98.2251 2.5253e-03 2.5618e+03    176.589    12.9139    38.4804    29.1101 0.0000e+00
   1553.000    13.1463     0.1848    98.2234 1.2370e-03 2.5549e+03    176.796    12.9138    38.4803    29.1101 0.0000e+00
   1554.000    13.1465     0.1841    98.2239 2.1521e-03 2.5485e+03    176.758    12.9138    38.4804    29.1101 0.0000e+00
   1555.000    13.1467     0.1879    98.2269 4.6464e-03 2.5433e+03    176.867    12.9138    38.4804    29.1101 0.0000e+00
   1556.000    13.1467     0.1899    98.2287 5.0683e-03 2.5351e+03    177.160    12.9137    38.4805    29.1102 0.0000e+00
   1557.000    13.1469     0.1785    98.2279 2.3271e-03 2.5299e+03    176.980    12.9137    38.4805    29.1102 0.0000e+00
   1558.000    13.1469     0.1816    98.2209 2.7995e-03 2.5304e+03    176.998    12.9136    38.4803    29.1101 0.0000e+00
   1559.000    13.1471     0.1895    98.2225 2.5003e-03 2.5261e+03    177.013    12.9136    38.4803    29.1101 0.0000e+00
   1560.000    13.1472     0.1913    98.2286 5.2477e-03 2.5258e+03    177.132    12.9136    38.4804    29.1101 0.0000e+00
   1561.000    13.1472     0.1878    98.2222 1.6565e-03 2.5173e+03    177.269    12.9135    38.4805    29.1103 0.0000e+00
   1562.000    13.1474     0.1907    98.2204 3.2450e-03 2.5179e+03    177.012    12.9135    38.4804    29.1102 0.0000e+00
   1563.000    13.1475     0.1885    98.2218 3.9063e-03 2.5143e+03    177.059    12.9134    38.4805    29.1103 0.0000e+00
   1564.000    13.1477     0.1951    98.2250 4.7242e-03 2.5089e+03    177.067    12.9135    38.4804    29.1102 0.0000e+00
   1565.000    13.1478     0.1929    98.2188 4.2341e-03 2.5089e+03    177.105    12.9134    38.4804    29.1102 0.0000e+00
   1566.000    13.1478     0.1991    98.2222 3.5119e-03 2.5019e+03    176.928    12.9132    38.4805    29.1103 0.0000e+00
   1567.000    13.1480     0.1933    98.2239 2.5343e-03 2.5010e+03    177.316    12.9132    38.4804    29.1103 0.0000e+00
   1568.000    13.1481     0.1905    98.2279 4.2103e-03 2.5006e+03    177.274    12.9132    38.4805    29.1103 0.0000e+00
   1569.000    13.1482     0.1869    98.2251 3.6941e-03 2.4987e+03    177.232    12.9132    38.4804    29.1103 0.0000e+00
   1570.000    13.1484     0.1834    98.2234 2.0167e-03 2.5013e+03    177.182    12.9132    38.4805    29.1103 0.0000e+00
   1571.000    13.1485     0.1884    98.2288 1.6842e-03 2.4945e+03    177.316    12.9131    38.4806    29.1104 0.0000e+00
   1572.000    13.1487     0.1967    98.2239 2.9543e-03 2.4962e+03    177.033    12.9131    38.4805    29.1103 0.0000e+00
   1573.000    13.1488     0.1908    98.2287 2.1439e-03 2.4887e+03    176.975    12.9131    38.4805    29.1103 0.0000e+00
   1574.000    13.1489     0.1897    98.2239 1.3240e-03 2.4903e+03    177.021    12.9131    38.4806    29.1104 0.0000e+00
   1575.000    13.1491     0.1855    98.2173 6.1923e-04 2.4866e+03    177.331    12.9131    38.4806    29.1104 0.0000e+00
