Data/ruptures/PEACETIME/FAST/PEACETIME_FAST_CTD_072.cnv
* Sea-Bird SBE 9 Data File:
* FileName = C:\CTD\rawCTD\PEACETIME_FAST_CTD_072.hdr
* Software Version Seasave V 7.23.2
* Temperature SN = 1378
* Conductivity SN = 2929
* Number of Bytes Per Scan = 38
* Number of Voltage Words = 5
* Number of Scans Averaged by the Deck Unit = 1
* NMEA Latitude = 37 56.79 N
* NMEA Longitude = 002 55.01 E
* NMEA UTC (Time) = Jun 05 2017  18:53:11
* NMEA baud rate = 4800
** Cruise:   PEACETIME
** Station:   FAST_CTD_072
# nquan = 11
# nvalues = 196                         
# units = specified
# name 0 = prDM: Pressure, Digiquartz [db]
# name 1 = t090C: Temperature [ITS-90, deg C]
# name 2 = flC: Fluorescence, Chelsea Aqua 3 Chl Con [ug/l]
# name 3 = CStarTr0: Beam Transmission, WET Labs C-Star [%]
# name 4 = par: PAR/Irradiance, Biospherical/Licor
# name 5 = spar: SPAR/Surface Irradiance
# name 6 = sbeox0Mm/Kg: Oxygen, SBE 43 [umol/kg]
# name 7 = potemp090C: Potential Temperature [ITS-90, deg C]
# name 8 = sal00: Salinity, Practical [PSU]
# name 9 = sigma-é00: Density [sigma-theta, kg/m^3]
# name 10 = flag:
# span 0 =      9.000,    204.000       
# span 1 =    13.6662,    21.4241       
# span 2 =     0.1870,     0.6022       
# span 3 =    91.9120,    98.1663       
# span 4 = -4.009e-06, 6.7754e+00       
# span 5 = 4.1899e+01, 7.3043e+01       
# span 6 =    175.826,    239.745       
# span 7 =    13.6365,    21.4223       
# span 8 =    37.0289,    38.4046       
# span 9 =    25.9362,    28.8993       
# span 10 = 0.0000e+00, 0.0000e+00      
# interval = decibars: 1                
# start_time = Jun 05 2017 18:53:11 [NMEA time, first data scan]
# bad_flag = -9.990e-29
*END*
[from data line 132]
    141.000    13.8897     0.1991    97.9695 1.0000e-12 5.6891e+01    182.732    13.8689    38.2206    28.7070 0.0000e+00
    142.000    13.8822     0.2012    97.9577 1.0000e-12 6.1195e+01    181.191    13.8612    38.2232    28.7106 0.0000e+00
    143.000    13.8653     0.2006    97.9699 1.0000e-12 5.5537e+01    181.236    13.8442    38.2279    28.7180 0.0000e+00
    144.000    13.8632     0.2051    97.9771 1.0000e-12 5.9562e+01    181.582    13.8419    38.2304    28.7204 0.0000e+00
    145.000    13.8648     0.2050    97.9718 3.2264e-06 5.6931e+01    181.498    13.8434    38.2305    28.7202 0.0000e+00
    146.000    13.8534     0.2032    97.9371 -9.990e-29 5.7418e+01    181.061    13.8319    38.2347    28.7259 0.0000e+00
    147.000    13.8458     0.2041    97.9555 1.0000e-12 5.5637e+01    181.348    13.8241    38.2380    28.7301 0.0000e+00
    148.000    13.8459     0.1997    97.9659 1.0000e-12 5.7108e+01    181.686    13.8241    38.2384    28.7304 0.0000e+00
    149.000    13.8365     0.2017    97.9771 1.0000e-12 5.6653e+01    184.929    13.8145    38.2516    28.7427 0.0000e+00
    150.000    13.8373     0.2000    97.9878 1.0000e-12 5.6815e+01    187.242    13.8152    38.2568    28.7466 0.0000e+00
    151.000    13.8399     0.2045    97.9875 1.0000e-12 5.9013e+01    188.277    13.8177    38.2607    28.7491 0.0000e+00
    152.000    13.8277     0.2050    98.0253 1.0000e-12 5.7732e+01    186.919    13.8053    38.2623    28.7529 0.0000e+00
    153.000    13.8126     0.2022    98.0177 1.0000e-12 5.6471e+01    185.775    13.7901    38.2625    28.7564 0.0000e+00
    154.000    13.8097     0.2040    98.0220 1.0000e-12 5.4332e+01    186.211    13.7870    38.2633    28.7576 0.0000e+00
    155.000    13.8074     0.2049    98.0104 1.0000e-12 5.7297e+01    188.668    13.7846    38.2688    28.7624 0.0000e+00
    156.000    13.8037     0.2028    98.0294 1.0000e-12 5.6237e+01    189.547    13.7807    38.2715    28.7654 0.0000e+00
    157.000    13.8001     0.1924    98.0160 1.0000e-12 5.5863e+01    189.672    13.7770    38.2739    28.7680 0.0000e+00
    158.000    13.7986     0.1974    98.0321 1.0000e-12 5.5227e+01    190.423    13.7753    38.2759    28.7700 0.0000e+00
    159.000    13.7952     0.2020    98.0450 4.2240e-06 5.4418e+01    189.525    13.7718    38.2762    28.7709 0.0000e+00
    160.000    13.7793     0.1969    98.0298 5.5758e-08 5.9035e+01    186.781    13.7558    38.2778    28.7756 0.0000e+00
    161.000    13.7741     0.1931    98.0308 1.8159e-04 5.7491e+01    187.803    13.7505    38.2826    28.7805 0.0000e+00
    162.000    13.7722     0.1991    98.0398 2.4697e-05 5.5723e+01    188.892    13.7484    38.2875    28.7847 0.0000e+00
    163.000    13.7683     0.1961    98.0878 -7.901e-07 5.7045e+01    188.675    13.7443    38.2921    28.7892 0.0000e+00
    164.000    13.7628     0.1977    98.0895 1.0000e-12 5.5621e+01    188.093    13.7387    38.2947    28.7923 0.0000e+00
    165.000    13.7524     0.1990    98.0944 -9.990e-29 5.3201e+01    187.017    13.7282    38.3014    28.7998 0.0000e+00
    166.000    13.7477     0.1935    98.0854 1.0000e-12 5.4348e+01    186.873    13.7234    38.3041    28.8029 0.0000e+00
    167.000    13.7378     0.1929    98.1026 1.0000e-12 5.3977e+01    185.166    13.7133    38.3137    28.8125 0.0000e+00
    168.000    13.7381     0.1919    98.1035 1.0000e-12 5.3689e+01    184.773    13.7135    38.3170    28.8150 0.0000e+00
    169.000    13.7371     0.1966    98.1090 1.0000e-12 5.3919e+01    185.276    13.7123    38.3174    28.8156 0.0000e+00
    170.000    13.7355     0.1963    98.1218 1.0000e-12 5.3078e+01    185.074    13.7106    38.3179    28.8164 0.0000e+00
    171.000    13.7291     0.1947    98.1020 1.0000e-12 5.3022e+01    184.829    13.7039    38.3222    28.8211 0.0000e+00
    172.000    13.7284     0.1996    98.1159 1.0000e-12 5.5129e+01    184.841    13.7031    38.3231    28.8220 0.0000e+00
    173.000    13.7285     0.2024    98.1272 1.0000e-12 5.2469e+01    184.246    13.7031    38.3239    28.8226 0.0000e+00
    174.000    13.7263     0.1975    98.1177 1.0000e-12 5.4105e+01    184.265    13.7008    38.3261    28.8248 0.0000e+00
    175.000    13.7240     0.1930    98.1223 1.0000e-12 5.2153e+01    183.953    13.6983    38.3288    28.8274 0.0000e+00
    176.000    13.7215     0.1995    98.1241 -9.990e-29 5.2522e+01    183.642    13.6957    38.3310    28.8296 0.0000e+00
    177.000    13.7189     0.2050    98.1259 1.0000e-12 5.2971e+01    183.627    13.6929    38.3330    28.8318 0.0000e+00
    178.000    13.7186     0.1942    98.1281 1.0000e-12 5.3182e+01    183.225    13.6924    38.3335    28.8323 0.0000e+00
    179.000    13.7165     0.1938    98.1218 1.0000e-12 5.1698e+01    183.000    13.6902    38.3354    28.8343 0.0000e+00
    180.000    13.7075     0.1972    98.1265 -9.990e-29 5.2886e+01    182.416    13.6811    38.3448    28.8435 0.0000e+00
    181.000    13.7019     0.2010    98.1329 1.0000e-12 4.8263e+01    181.844    13.6753    38.3514    28.8498 0.0000e+00
    182.000    13.6998     0.1991    98.0980 1.0000e-12 5.3050e+01    181.326    13.6731    38.3539    28.8522 0.0000e+00
    183.000    13.6991     0.1930    98.1117 1.0000e-12 4.9072e+01    181.359    13.6722    38.3553    28.8535 0.0000e+00
    184.000    13.6987     0.1881    98.1303 1.0000e-12 4.8310e+01    181.129    13.6717    38.3559    28.8541 0.0000e+00
    185.000    13.6976     0.1882    98.1257 1.0000e-12 5.2119e+01    181.152    13.6705    38.3574    28.8555 0.0000e+00
    186.000    13.6923     0.1896    98.1290 1.0000e-12 4.6930e+01    180.622    13.6650    38.3610    28.8595 0.0000e+00
    187.000    13.6885     0.1933    98.1333 1.0000e-12 4.4825e+01    180.349    13.6610    38.3647    28.8632 0.0000e+00
    188.000    13.6878     0.1924    98.1267 1.0000e-12 4.7822e+01    180.614    13.6603    38.3661    28.8644 0.0000e+00
    189.000    13.6870     0.1906    98.1446 1.0000e-12 4.6347e+01    180.256    13.6593    38.3672    28.8655 0.0000e+00
    190.000    13.6850     0.1929    98.1474 1.0000e-12 4.6515e+01    179.791    13.6572    38.3715    28.8693 0.0000e+00
    191.000    13.6827     0.1927    98.1381 1.0000e-12 4.8298e+01    179.277    13.6547    38.3767    28.8738 0.0000e+00
    192.000    13.6819     0.1943    98.1381 1.0000e-12 4.7421e+01    178.962    13.6537    38.3790    28.8758 0.0000e+00
    193.000    13.6813     0.1969    98.1537 1.0000e-12 4.4604e+01    178.483    13.6530    38.3829    28.8790 0.0000e+00
    194.000    13.6809     0.1920    98.1547 1.0000e-12 4.9014e+01    178.496    13.6525    38.3839    28.8799 0.0000e+00
    195.000    13.6806     0.1977    98.1542 1.9133e-06 4.7095e+01    178.211    13.6520    38.3844    28.8804 0.0000e+00
    196.000    13.6802     0.1958    98.1482 -5.490e-08 4.8709e+01    178.054    13.6515    38.3855    28.8814 0.0000e+00
    197.000    13.6803     0.1870    98.1523 1.0000e-12 4.8105e+01    177.365    13.6514    38.3892    28.8842 0.0000e+00
    198.000    13.6809     0.1951    98.1599 1.0000e-12 4.5873e+01    177.475    13.6519    38.3911    28.8856 0.0000e+00
    199.000    13.6815     0.1944    98.1469 -9.990e-29 4.7945e+01    177.946    13.6523    38.3920    28.8862 0.0000e+00
    200.000    13.6795     0.1919    98.1526 -9.990e-29 4.8215e+01    177.067    13.6501    38.3944    28.8886 0.0000e+00
    201.000    13.6717     0.1917    98.1412 -9.990e-29 4.7272e+01    176.340    13.6422    38.3996    28.8943 0.0000e+00
    202.000    13.6691     0.1914    98.1506 -9.990e-29 4.5044e+01    175.826    13.6395    38.4024    28.8971 0.0000e+00
    203.000    13.6662     0.1955    98.1563 -9.990e-29 4.5090e+01    176.136    13.6365    38.4046    28.8993 0.0000e+00
    204.000    13.6667     0.1924    98.1663 -9.990e-29 4.1899e+01    176.060    13.6367    38.4042    28.8989 0.0000e+00
