Data/ruptures/PEACETIME/FAST/PEACETIME_FAST_CTD_056.cnv
* Sea-Bird SBE 9 Data File:
* FileName = C:\CTD\rawCTD\PEACETIME_FAST_CTD_056.hdr
* Software Version Seasave V 7.23.2
* Temperature SN = 1378
* Conductivity SN = 2929
* Number of Bytes Per Scan = 38
* Number of Voltage Words = 5
* Number of Scans Averaged by the Deck Unit = 1
* NMEA Latitude = 37 56.76 N
* NMEA Longitude = 002 54.12 E
* NMEA UTC (Time) = Jun 02 2017  16:37:11
* NMEA baud rate = 4800
** Cruise:   PEACETIME
** Station:   FAST_CTD_056
# nquan = 11
# nvalues = 502                         
# units = specified
# name 0 = prDM: Pressure, Digiquartz [db]
# name 1 = t090C: Temperature [ITS-90, deg C]
# name 2 = flC: Fluorescence, Chelsea Aqua 3 Chl Con [ug/l]
# name 3 = CStarTr0: Beam Transmission, WET Labs C-Star [%]
# name 4 = par: PAR/Irradiance, Biospherical/Licor
# name 5 = spar: SPAR/Surface Irradiance
# name 6 = sbeox0Mm/Kg: Oxygen, SBE 43 [umol/kg]
# name 7 = potemp090C: Potential Temperature [ITS-90, deg C]
# name 8 = sal00: Salinity, Practical [PSU]
# name 9 = sigma-é00: Density [sigma-theta, kg/m^3]
# name 10 = flag:
# span 0 =      1.000,    502.000       
# span 1 =    13.4424,    21.2186       
# span 2 =     0.1765,     0.3887       
# span 3 =    93.1024,    98.4175       
# span 4 = 3.7081e-06, 1.2524e+02       
# span 5 = 1.8443e+03, 1.9273e+03       
# span 6 =    151.760,    242.422       
# span 7 =    13.3707,    21.2183       
# span 8 =    36.9954,    38.5859       
# span 9 =    26.0098,    29.0891       
# span 10 = 0.0000e+00, 0.0000e+00      
# interval = decibars: 1                
# start_time = Jun 02 2017 16:37:11 [NMEA time, first data scan]
# bad_flag = -9.990e-29
*END*
      1.000    21.2186     0.2258    93.1024 1.2524e+02 1.9199e+03    213.174    21.2183    37.0691    26.0098 0.0000e+00
      2.000    21.2048     0.2203    94.7616 9.0044e+01 1.9178e+03    212.352    21.2044    37.0686    26.0133 0.0000e+00
      3.000    21.0984     0.2120    95.9797 9.1946e+01 1.9135e+03    211.017    21.0978    37.0658    26.0406 0.0000e+00
      4.000    20.8536     0.2115    96.8370 7.6148e+01 1.9137e+03    209.290    20.8529    37.0637    26.1061 0.0000e+00
      5.000    20.3767     0.2074    96.8746 7.6000e+01 1.9120e+03    212.905    20.3757    37.0669    26.2384 0.0000e+00
      6.000    20.3039     0.2076    96.8879 6.5016e+01 1.9171e+03    215.022    20.3027    37.0674    26.2586 0.0000e+00
      7.000    20.2604     0.2045    96.8534 6.4080e+01 1.9140e+03    215.643    20.2591    37.0681    26.2708 0.0000e+00
      8.000    20.2091     0.2081    96.8738 5.8932e+01 1.9173e+03    216.245    20.2076    37.0682    26.2848 0.0000e+00
      9.000    20.1797     0.2059    96.8912 5.6288e+01 1.9191e+03    216.936    20.1780    37.0698    26.2939 0.0000e+00
     10.000    20.2586     0.2032    96.8977 5.1125e+01 1.9221e+03    216.643    20.2567    37.0694    26.2724 0.0000e+00
     11.000    20.2490     0.2029    96.8868 5.0665e+01 1.9156e+03    216.551    20.2469    37.0709    26.2763 0.0000e+00
     12.000    20.2404     0.2019    96.8854 4.6650e+01 1.9273e+03    216.670    20.2382    37.0720    26.2795 0.0000e+00
     13.000    20.2143     0.2008    96.8981 4.5183e+01 1.9264e+03    216.592    20.2119    37.0726    26.2870 0.0000e+00
     14.000    20.1938     0.2024    96.8539 4.4430e+01 1.9205e+03    216.895    20.1912    37.0732    26.2929 0.0000e+00
     15.000    20.1623     0.2061    96.8678 4.0869e+01 1.9204e+03    216.887    20.1595    37.0731    26.3014 0.0000e+00
     16.000    20.1311     0.2057    96.8661 4.0472e+01 1.9229e+03    217.260    20.1281    37.0732    26.3098 0.0000e+00
     17.000    20.1111     0.2042    96.8626 3.8769e+01 1.9200e+03    216.748    20.1079    37.0733    26.3153 0.0000e+00
     18.000    19.9663     0.2058    96.8737 3.6887e+01 1.9207e+03    216.765    19.9629    37.0744    26.3549 0.0000e+00
     19.000    19.6289     0.2090    96.8363 3.6014e+01 1.9218e+03    219.408    19.6254    37.0698    26.4409 0.0000e+00
     20.000    19.3954     0.2070    96.8476 3.4407e+01 1.9171e+03    220.792    19.3918    37.0665    26.4997 0.0000e+00
     21.000    19.1511     0.2069    96.8407 3.3378e+01 1.9145e+03    222.935    19.1473    37.0586    26.5575 0.0000e+00
     22.000    18.8915     0.2058    96.8067 3.2390e+01 1.9132e+03    224.413    18.8875    37.0558    26.6225 0.0000e+00
     23.000    18.5656     0.2067    96.8372 3.1180e+01 1.9116e+03    224.483    18.5616    37.0375    26.6918 0.0000e+00
     24.000    18.0385     0.2020    96.8810 3.0010e+01 1.9077e+03    227.981    18.0343    36.9968    26.7938 0.0000e+00
     25.000    17.8125     0.2023    96.9578 2.9203e+01 1.9124e+03    231.403    17.8082    36.9954    26.8491 0.0000e+00
     26.000    17.7915     0.2104    96.9911 2.8324e+01 1.9114e+03    232.778    17.7870    37.0179    26.8716 0.0000e+00
     27.000    17.7672     0.2018    96.9480 2.7273e+01 1.9055e+03    233.544    17.7625    37.0513    26.9033 0.0000e+00
     28.000    17.6993     0.2003    96.9862 2.6533e+01 1.9077e+03    233.702    17.6945    37.0586    26.9258 0.0000e+00
     29.000    17.5888     0.2081    96.9893 2.5934e+01 1.9071e+03    234.858    17.5838    37.0587    26.9531 0.0000e+00
     30.000    17.5694     0.2033    96.9313 2.4874e+01 1.9073e+03    235.203    17.5642    37.0707    26.9671 0.0000e+00
     31.000    17.5736     0.2050    96.9318 2.4294e+01 1.9105e+03    234.664    17.5683    37.0873    26.9789 0.0000e+00
     32.000    17.5161     0.2048    96.9577 2.3739e+01 1.9111e+03    234.141    17.5107    37.1221    27.0198 0.0000e+00
     33.000    17.3677     0.2068    96.9482 2.2996e+01 1.9132e+03    235.643    17.3621    37.1503    27.0779 0.0000e+00
     34.000    17.2506     0.2126    96.9195 2.2505e+01 1.9129e+03    236.656    17.2448    37.1795    27.1289 0.0000e+00
     35.000    17.2288     0.2120    96.8657 2.2113e+01 1.9141e+03    236.839    17.2229    37.2060    27.1546 0.0000e+00
     36.000    17.2149     0.2129    96.7697 2.1388e+01 1.9142e+03    236.776    17.2089    37.2208    27.1694 0.0000e+00
     37.000    17.1222     0.2080    96.8010 2.0901e+01 1.9183e+03    235.435    17.1160    37.2258    27.1958 0.0000e+00
     38.000    16.8331     0.2176    96.7732 2.0437e+01 1.9124e+03    237.210    16.8268    37.2397    27.2762 0.0000e+00
     39.000    16.5335     0.2202    96.7228 1.9879e+01 1.9165e+03    240.694    16.5271    37.2599    27.3634 0.0000e+00
     40.000    16.4827     0.2189    96.7141 1.9357e+01 1.9169e+03    240.679    16.4761    37.2673    27.3812 0.0000e+00
     41.000    16.4223     0.2186    96.7000 1.8800e+01 1.9192e+03    241.353    16.4156    37.2726    27.3996 0.0000e+00
     42.000    16.3618     0.2197    96.7092 1.8166e+01 1.9138e+03    242.422    16.3550    37.2816    27.4209 0.0000e+00
     43.000    16.3338     0.2204    96.6986 1.7573e+01 1.9084e+03    241.794    16.3268    37.2924    27.4358 0.0000e+00
     44.000    16.2788     0.2248    96.7101 1.7024e+01 1.9087e+03    240.625    16.2716    37.3189    27.4692 0.0000e+00
     45.000    16.1919     0.2239    96.7512 1.6401e+01 1.9056e+03    240.867    16.1846    37.3411    27.5067 0.0000e+00
     46.000    16.1176     0.2157    96.7734 1.5850e+01 1.9075e+03    242.124    16.1102    37.3497    27.5308 0.0000e+00
     47.000    16.1850     0.2146    96.7887 1.5291e+01 1.9097e+03    240.087    16.1774    37.4296    27.5765 0.0000e+00
     48.000    16.1849     0.2126    96.8336 1.4780e+01 1.9110e+03    239.961    16.1771    37.4490    27.5916 0.0000e+00
     49.000    16.1012     0.2162    96.8509 1.4279e+01 1.9081e+03    238.687    16.0933    37.4476    27.6102 0.0000e+00
     50.000    15.9981     0.2243    96.8874 1.3819e+01 1.9092e+03    238.822    15.9900    37.4350    27.6246 0.0000e+00
     51.000    15.9685     0.2294    96.8574 1.3375e+01 1.9108e+03    239.445    15.9603    37.4498    27.6429 0.0000e+00
     52.000    15.9838     0.2177    96.9224 1.2891e+01 1.9144e+03    238.347    15.9755    37.4779    27.6610 0.0000e+00
     53.000    15.9173     0.2160    96.9205 1.2437e+01 1.9097e+03    237.558    15.9088    37.4805    27.6785 0.0000e+00
     54.000    15.8342     0.2195    96.9340 1.2049e+01 1.9093e+03    236.346    15.8256    37.4865    27.7025 0.0000e+00
     55.000    15.7445     0.2209    96.9180 1.1607e+01 1.9112e+03    235.284    15.7358    37.4873    27.7238 0.0000e+00
     56.000    15.6061     0.2216    96.9024 1.1242e+01 1.9043e+03    235.700    15.5973    37.4950    27.7617 0.0000e+00
     57.000    15.5959     0.2270    96.9422 1.0841e+01 1.9038e+03    236.218    15.5869    37.5058    27.7724 0.0000e+00
     58.000    15.5827     0.2242    96.9566 1.0392e+01 1.9032e+03    235.776    15.5735    37.5281    27.7926 0.0000e+00
     59.000    15.5555     0.2224    96.9697 9.9951e+00 1.9050e+03    235.287    15.5462    37.5447    27.8117 0.0000e+00
     60.000    15.5192     0.2202    96.9445 9.6003e+00 1.9026e+03    234.065    15.5098    37.5580    27.8303 0.0000e+00
     61.000    15.4134     0.2201    97.0105 9.1491e+00 1.9043e+03    232.532    15.4038    37.5655    27.8603 0.0000e+00
     62.000    15.3576     0.2285    97.0223 8.7826e+00 1.9036e+03    232.845    15.3479    37.5794    27.8838 0.0000e+00
     63.000    15.3254     0.2333    96.9838 8.4299e+00 1.9051e+03    233.003    15.3156    37.5945    27.9028 0.0000e+00
     64.000    15.2821     0.2341    97.0055 8.0021e+00 1.9040e+03    232.680    15.2721    37.6141    27.9277 0.0000e+00
     65.000    15.2188     0.2384    96.9592 7.6145e+00 1.9043e+03    232.202    15.2087    37.6286    27.9533 0.0000e+00
     66.000    15.2112     0.2370    96.9136 7.2928e+00 1.9000e+03    232.120    15.2010    37.6309    27.9568 0.0000e+00
     67.000    15.1827     0.2378    96.9424 6.9142e+00 1.9018e+03    231.454    15.1723    37.6352    27.9667 0.0000e+00
     68.000    15.1279     0.2365    96.9463 6.5891e+00 1.9059e+03    230.195    15.1174    37.6445    27.9863 0.0000e+00
     69.000    15.0883     0.2372    96.9846 6.2814e+00 1.9051e+03    230.154    15.0777    37.6562    28.0042 0.0000e+00
     70.000    15.0668     0.2387    97.0119 5.9703e+00 1.9030e+03    229.688    15.0559    37.6696    28.0194 0.0000e+00
     71.000    15.0485     0.2429    96.9285 5.6715e+00 1.9043e+03    230.302    15.0375    37.6809    28.0323 0.0000e+00
     72.000    15.0444     0.2534    96.9020 5.3783e+00 1.9070e+03    231.323    15.0333    37.6993    28.0475 0.0000e+00
     73.000    15.0646     0.2622    96.9630 5.1160e+00 1.9020e+03    231.077    15.0534    37.7251    28.0629 0.0000e+00
     74.000    15.0499     0.2565    96.9922 4.8383e+00 1.8997e+03    230.491    15.0384    37.7296    28.0697 0.0000e+00
     75.000    15.0291     0.2473    97.0048 4.5759e+00 1.9024e+03    230.406    15.0175    37.7283    28.0734 0.0000e+00
     76.000    14.9880     0.2510    97.0252 4.3332e+00 1.9032e+03    230.315    14.9763    37.7268    28.0816 0.0000e+00
     77.000    14.9628     0.2543    97.0081 4.1101e+00 1.9028e+03    229.096    14.9509    37.7301    28.0898 0.0000e+00
     78.000    14.9330     0.2563    96.8785 3.8787e+00 1.9023e+03    229.079    14.9210    37.7401    28.1042 0.0000e+00
     79.000    14.9234     0.2632    96.8661 3.6625e+00 1.9080e+03    228.909    14.9113    37.7577    28.1200 0.0000e+00
     80.000    14.8869     0.2689    97.0035 3.4560e+00 1.9042e+03    227.360    14.8746    37.7779    28.1438 0.0000e+00
     81.000    14.8495     0.2733    97.0375 3.2492e+00 1.9058e+03    226.204    14.8371    37.7959    28.1661 0.0000e+00
     82.000    14.8116     0.2830    96.9875 3.0593e+00 1.9032e+03    224.963    14.7990    37.8035    28.1804 0.0000e+00
     83.000    14.7838     0.3033    96.7205 2.8735e+00 1.9051e+03    224.163    14.7711    37.8102    28.1918 0.0000e+00
     84.000    14.7625     0.3139    96.9027 2.6898e+00 1.9003e+03    224.099    14.7497    37.8177    28.2024 0.0000e+00
     85.000    14.7491     0.3368    96.7550 2.5073e+00 1.9013e+03    223.699    14.7361    37.8231    28.2096 0.0000e+00
     86.000    14.7338     0.3535    96.8106 2.3268e+00 1.9014e+03    222.944    14.7207    37.8280    28.2169 0.0000e+00
     87.000    14.7215     0.3291    96.9599 2.1656e+00 1.9017e+03    222.730    14.7082    37.8326    28.2231 0.0000e+00
     88.000    14.7091     0.3267    96.8770 2.0165e+00 1.8997e+03    221.850    14.6957    37.8375    28.2297 0.0000e+00
     89.000    14.6988     0.3485    96.7449 1.8767e+00 1.8978e+03    219.893    14.6852    37.8432    28.2365 0.0000e+00
     90.000    14.6841     0.3563    96.7366 1.7494e+00 1.8989e+03    215.714    14.6704    37.8514    28.2461 0.0000e+00
     91.000    14.6516     0.3655    96.7858 1.6253e+00 1.8980e+03    206.429    14.6378    37.8667    28.2652 0.0000e+00
     92.000    14.6311     0.3724    96.7539 1.5057e+00 1.9019e+03    199.095    14.6171    37.8752    28.2763 0.0000e+00
     93.000    14.5992     0.3838    96.7300 1.3948e+00 1.9036e+03    196.366    14.5850    37.8926    28.2969 0.0000e+00
     94.000    14.5761     0.3758    96.7273 1.2890e+00 1.9005e+03    194.753    14.5618    37.9117    28.3168 0.0000e+00
     95.000    14.5583     0.3652    96.8202 1.1920e+00 1.9061e+03    192.962    14.5439    37.9268    28.3324 0.0000e+00
     96.000    14.5508     0.3717    96.7414 1.0985e+00 1.9014e+03    192.050    14.5362    37.9339    28.3396 0.0000e+00
     97.000    14.5298     0.3887    96.9306 1.0188e+00 1.9011e+03    189.520    14.5152    37.9459    28.3535 0.0000e+00
     98.000    14.5031     0.3367    96.8919 9.4543e-01 1.8966e+03    190.040    14.4883    37.9594    28.3699 0.0000e+00
     99.000    14.4890     0.3100    96.9830 8.7790e-01 1.8997e+03    190.416    14.4740    37.9659    28.3780 0.0000e+00
    100.000    14.4811     0.2933    97.1368 8.1874e-01 1.8989e+03    197.960    14.4660    37.9896    28.3981 0.0000e+00
    101.000    14.4752     0.2796    97.0853 7.6644e-01 1.9028e+03    202.313    14.4600    38.0002    28.4076 0.0000e+00
    102.000    14.4287     0.2750    97.4809 7.1915e-01 1.8997e+03    202.720    14.4133    38.0080    28.4240 0.0000e+00
    103.000    14.4163     0.3101    97.3304 6.6604e-01 1.8999e+03    202.358    14.4007    38.0141    28.4314 0.0000e+00
    104.000    14.4022     0.2788    97.5315 6.2684e-01 1.8964e+03    202.526    14.3865    38.0225    28.4411 0.0000e+00
    105.000    14.3846     0.2685    97.5320 5.8966e-01 1.8963e+03    202.091    14.3687    38.0318    28.4521 0.0000e+00
    106.000    14.3582     0.2657    97.5915 5.5413e-01 1.8963e+03    200.326    14.3422    38.0434    28.4670 0.0000e+00
    107.000    14.3549     0.2497    97.6478 5.2038e-01 1.8951e+03    202.439    14.3388    38.0549    28.4766 0.0000e+00
    108.000    14.3367     0.2430    97.7135 4.9240e-01 1.8927e+03    202.020    14.3205    38.0680    28.4907 0.0000e+00
    109.000    14.3102     0.2414    97.7781 4.6590e-01 1.8990e+03    200.438    14.2938    38.0758    28.5027 0.0000e+00
    110.000    14.2830     0.2364    97.8286 4.4161e-01 1.8970e+03    197.257    14.2664    38.0856    28.5162 0.0000e+00
    111.000    14.2610     0.2412    97.8752 4.1923e-01 1.9001e+03    195.140    14.2444    38.0941    28.5276 0.0000e+00
    112.000    14.2400     0.2350    97.9052 3.9634e-01 1.8989e+03    194.671    14.2232    38.1024    28.5386 0.0000e+00
    113.000    14.2242     0.2345    97.9227 3.7789e-01 1.8946e+03    195.035    14.2073    38.1077    28.5462 0.0000e+00
    114.000    14.2111     0.2305    97.9435 3.5942e-01 1.8964e+03    194.784    14.1941    38.1129    28.5531 0.0000e+00
    115.000    14.2009     0.2318    97.9654 3.4106e-01 1.8973e+03    194.123    14.1837    38.1165    28.5581 0.0000e+00
    116.000    14.1819     0.2259    97.8640 3.2562e-01 1.8981e+03    193.904    14.1645    38.1253    28.5692 0.0000e+00
    117.000    14.1689     0.2256    97.9478 3.1023e-01 1.8964e+03    193.088    14.1514    38.1337    28.5785 0.0000e+00
    118.000    14.1493     0.2264    97.9738 2.9387e-01 1.8967e+03    193.369    14.1317    38.1414    28.5887 0.0000e+00
    119.000    14.1278     0.2240    97.9493 2.8072e-01 1.8970e+03    193.305    14.1101    38.1470    28.5978 0.0000e+00
    120.000    14.1172     0.2235    98.0139 2.6802e-01 1.8969e+03    193.232    14.0994    38.1524    28.6043 0.0000e+00
    121.000    14.1078     0.2243    98.0007 2.5500e-01 1.8973e+03    192.455    14.0898    38.1578    28.6106 0.0000e+00
    122.000    14.1060     0.2157    97.9865 2.4343e-01 1.9021e+03    191.576    14.0878    38.1612    28.6136 0.0000e+00
    123.000    14.1015     0.2140    97.9751 2.3279e-01 1.8992e+03    191.147    14.0832    38.1643    28.6171 0.0000e+00
    124.000    14.1019     0.2170    97.9964 2.2086e-01 1.8957e+03    189.014    14.0834    38.1708    28.6220 0.0000e+00
    125.000    14.0953     0.2222    97.9792 2.1082e-01 1.8913e+03    187.710    14.0767    38.1756    28.6272 0.0000e+00
    126.000    14.0870     0.2201    98.0052 2.0256e-01 1.8960e+03    187.597    14.0682    38.1811    28.6333 0.0000e+00
    127.000    14.0749     0.2177    98.0198 1.9209e-01 1.8955e+03    187.803    14.0560    38.1848    28.6388 0.0000e+00
    128.000    14.0634     0.2168    98.0380 1.8339e-01 1.8989e+03    187.059    14.0444    38.1904    28.6457 0.0000e+00
    129.000    14.0535     0.2119    98.0539 1.7524e-01 1.8986e+03    186.341    14.0343    38.1944    28.6509 0.0000e+00
    130.000    14.0391     0.2132    98.0382 1.6754e-01 1.8930e+03    186.290    14.0198    38.1992    28.6578 0.0000e+00
    131.000    14.0275     0.2096    98.0219 1.5745e-01 1.8937e+03    186.430    14.0081    38.2037    28.6639 0.0000e+00
