Data/ruptures/PEACETIME/FAST/PEACETIME_FAST_CTD_071.cnv
* Sea-Bird SBE 9 Data File:
* FileName = C:\CTD\rawCTD\PEACETIME_FAST_CTD_071.hdr
* Software Version Seasave V 7.23.2
* Temperature SN = 1378
* Conductivity SN = 2929
* Number of Bytes Per Scan = 38
* Number of Voltage Words = 5
* Number of Scans Averaged by the Deck Unit = 1
* NMEA Latitude = 37 56.79 N
* NMEA Longitude = 002 55.01 E
* NMEA UTC (Time) = Jun 05 2017  16:53:28
* NMEA baud rate = 4800
** Cruise:   PEACETIME
** Station:   FAST_CTD_71
# nquan = 11
# nvalues = 207                         
# units = specified
# name 0 = prDM: Pressure, Digiquartz [db]
# name 1 = t090C: Temperature [ITS-90, deg C]
# name 2 = flC: Fluorescence, Chelsea Aqua 3 Chl Con [ug/l]
# name 3 = CStarTr0: Beam Transmission, WET Labs C-Star [%]
# name 4 = par: PAR/Irradiance, Biospherical/Licor
# name 5 = spar: SPAR/Surface Irradiance
# name 6 = sbeox0Mm/Kg: Oxygen, SBE 43 [umol/kg]
# name 7 = potemp090C: Potential Temperature [ITS-90, deg C]
# name 8 = sal00: Salinity, Practical [PSU]
# name 9 = sigma-é00: Density [sigma-theta, kg/m^3]
# name 10 = flag:
# span 0 =      2.000,    208.000       
# span 1 =    13.6617,    21.4722       
# span 2 =     0.1887,     0.7229       
# span 3 =    91.1640,    98.1873       
# span 4 = -6.229e-05, 7.5114e+01       
# span 5 = 8.2864e+02, 1.7760e+03       
# span 6 =    174.583,    240.989       
# span 7 =    13.6311,    21.4710       
# span 8 =    37.0326,    38.4139       
# span 9 =    25.9211,    28.9077       
# span 10 = 0.0000e+00, 0.0000e+00      
# interval = decibars: 1                
# start_time = Jun 05 2017 16:53:28 [NMEA time, first data scan]
# bad_flag = -9.990e-29
*END*
[from data line 132]
    134.000    13.9729     0.2079    97.9148 3.8362e-02 1.2356e+03    194.611    13.9531    38.1928    28.6673 0.0000e+00
    135.000    13.9664     0.2084    97.9302 3.7019e-02 1.5394e+03    194.226    13.9464    38.1952    28.6706 0.0000e+00
    136.000    13.9590     0.2165    97.9142 3.5751e-02 1.2165e+03    193.534    13.9389    38.1983    28.6746 0.0000e+00
    137.000    13.9443     0.2124    97.9492 3.5019e-02 1.4934e+03    189.447    13.9240    38.2013    28.6802 0.0000e+00
    138.000    13.9264     0.2053    97.9520 3.3134e-02 1.4010e+03    185.819    13.9060    38.2052    28.6871 0.0000e+00
    139.000    13.9219     0.2032    97.9764 3.0128e-02 1.4756e+03    184.551    13.9013    38.2059    28.6886 0.0000e+00
    140.000    13.9199     0.2013    97.9734 2.8864e-02 1.4727e+03    184.124    13.8992    38.2069    28.6898 0.0000e+00
    141.000    13.9159     0.1977    97.9725 2.9221e-02 1.3976e+03    183.493    13.8950    38.2096    28.6928 0.0000e+00
    142.000    13.8892     0.1963    97.9839 2.8102e-02 1.5094e+03    181.370    13.8682    38.2195    28.7062 0.0000e+00
    143.000    13.8758     0.1994    97.9715 2.6247e-02 1.3028e+03    180.990    13.8547    38.2246    28.7131 0.0000e+00
    144.000    13.8637     0.1980    97.9930 2.2494e-02 1.3627e+03    180.901    13.8425    38.2289    28.7191 0.0000e+00
    145.000    13.8532     0.1992    97.9740 2.1133e-02 1.4880e+03    180.889    13.8318    38.2335    28.7249 0.0000e+00
    146.000    13.8425     0.1987    97.9858 1.8910e-02 1.1872e+03    181.633    13.8210    38.2403    28.7326 0.0000e+00
    147.000    13.8265     0.1931    97.9911 2.1161e-02 1.4116e+03    182.059    13.8048    38.2472    28.7413 0.0000e+00
    148.000    13.8237     0.1990    97.9829 1.9874e-02 1.2635e+03    183.867    13.8019    38.2529    28.7464 0.0000e+00
    149.000    13.8169     0.1984    97.9957 1.7725e-02 1.4871e+03    186.337    13.7950    38.2592    28.7528 0.0000e+00
    150.000    13.8147     0.2007    98.0138 1.8082e-02 1.2039e+03    186.559    13.7926    38.2611    28.7547 0.0000e+00
    151.000    13.8034     0.1981    98.0316 1.8161e-02 1.2909e+03    187.671    13.7811    38.2652    28.7604 0.0000e+00
    152.000    13.7977     0.1988    98.0419 1.6023e-02 1.1340e+03    189.238    13.7754    38.2683    28.7640 0.0000e+00
    153.000    13.7949     0.2001    98.0374 1.6724e-02 1.0314e+03    190.272    13.7723    38.2736    28.7688 0.0000e+00
    154.000    13.7943     0.2003    98.0516 1.6982e-02 1.3229e+03    190.287    13.7717    38.2792    28.7732 0.0000e+00
    155.000    13.7862     0.2011    98.0531 1.3470e-02 1.1691e+03    189.159    13.7634    38.2812    28.7766 0.0000e+00
    156.000    13.7686     0.1989    98.0591 1.3072e-02 1.3434e+03    187.751    13.7457    38.2849    28.7832 0.0000e+00
    157.000    13.7681     0.1932    98.0582 1.3047e-02 1.3140e+03    188.483    13.7450    38.2873    28.7853 0.0000e+00
    158.000    13.7675     0.2010    98.0619 1.1319e-02 1.4255e+03    188.581    13.7443    38.2885    28.7863 0.0000e+00
    159.000    13.7666     0.1995    98.0717 1.0238e-02 1.2296e+03    188.896    13.7433    38.2906    28.7882 0.0000e+00
    160.000    13.7655     0.1955    98.0673 1.0571e-02 1.3945e+03    188.956    13.7419    38.2925    28.7899 0.0000e+00
    161.000    13.7573     0.1976    98.0831 1.1252e-02 1.3614e+03    188.181    13.7336    38.2969    28.7952 0.0000e+00
    162.000    13.7452     0.1966    98.1091 1.0213e-02 1.2392e+03    187.433    13.7214    38.3029    28.8024 0.0000e+00
    163.000    13.7401     0.1974    98.0980 8.6189e-03 1.1563e+03    186.317    13.7162    38.3061    28.8060 0.0000e+00
    164.000    13.7356     0.2001    98.1091 8.7543e-03 1.0663e+03    185.936    13.7116    38.3104    28.8103 0.0000e+00
    165.000    13.7364     0.1957    98.1047 8.3898e-03 1.0271e+03    185.847    13.7122    38.3137    28.8127 0.0000e+00
    166.000    13.7378     0.1980    98.1068 8.2061e-03 1.0761e+03    185.316    13.7134    38.3163    28.8145 0.0000e+00
    167.000    13.7378     0.1960    98.0997 7.7640e-03 1.2470e+03    184.887    13.7133    38.3174    28.8154 0.0000e+00
    168.000    13.7374     0.1977    98.1106 7.4642e-03 1.1256e+03    184.919    13.7128    38.3179    28.8159 0.0000e+00
    169.000    13.7318     0.1976    98.1250 7.2687e-03 1.3446e+03    184.798    13.7070    38.3201    28.8188 0.0000e+00
    170.000    13.7303     0.1896    98.1275 5.6141e-03 1.2904e+03    184.716    13.7054    38.3213    28.8201 0.0000e+00
    171.000    13.7264     0.1919    98.1310 3.7484e-03 1.2489e+03    184.810    13.7013    38.3236    28.8227 0.0000e+00
    172.000    13.7251     0.1973    98.1281 3.3115e-03 1.1667e+03    184.223    13.6998    38.3260    28.8250 0.0000e+00
    173.000    13.7214     0.1908    98.1293 4.7242e-03 1.1865e+03    183.785    13.6960    38.3287    28.8278 0.0000e+00
    174.000    13.7218     0.1910    98.1336 1.7369e-03 1.2210e+03    184.227    13.6963    38.3293    28.8282 0.0000e+00
    175.000    13.7186     0.1887 -9.990e-29 2.7366e-03 1.4934e+03    183.896    13.6929    38.3326    28.8315 0.0000e+00
    176.000    13.7181     0.1916    98.1206 5.0360e-03 1.0921e+03    183.231    13.6922    38.3333    28.8322 0.0000e+00
    177.000    13.7124     0.1910    98.1344 3.2932e-03 1.1189e+03    182.871    13.6865    38.3387    28.8376 0.0000e+00
    178.000    13.7114     0.1958    98.1354 2.2893e-03 1.2058e+03    182.526    13.6853    38.3403    28.8392 0.0000e+00
    179.000    13.7044     0.1974    98.1408 1.7545e-03 1.0277e+03    182.311    13.6781    38.3475    28.8462 0.0000e+00
    180.000    13.7024     0.1998    98.1472 1.9018e-03 8.5995e+02    181.489    13.6759    38.3502    28.8487 0.0000e+00
    181.000    13.6987     0.1940    98.1403 1.5240e-03 8.2864e+02    181.303    13.6721    38.3543    28.8528 0.0000e+00
    182.000    13.6978     0.1936    98.1435 2.4945e-03 8.9757e+02    181.090    13.6711    38.3557    28.8541 0.0000e+00
    183.000    13.6973     0.1899    98.1472 7.3315e-04 1.0986e+03    180.766    13.6704    38.3566    28.8549 0.0000e+00
    184.000    13.6957     0.1956    98.1461 4.1587e-04 1.1645e+03    180.830    13.6687    38.3586    28.8568 0.0000e+00
    185.000    13.6933     0.1982    98.1438 1.7430e-03 1.1657e+03    180.107    13.6661    38.3631    28.8609 0.0000e+00
    186.000    13.6915     0.1913    98.1456 2.3552e-03 1.1290e+03    179.966    13.6642    38.3657    28.8633 0.0000e+00
    187.000    13.6868     0.1938    98.1539 1.1615e-03 1.1124e+03    180.156    13.6594    38.3672    28.8655 0.0000e+00
    188.000    13.6868     0.1938    98.1492 7.7364e-04 1.1416e+03    179.881    13.6592    38.3683    28.8664 0.0000e+00
    189.000    13.6857     0.1940    98.1533 7.6861e-04 1.4311e+03    179.703    13.6580    38.3705    28.8683 0.0000e+00
    190.000    13.6835     0.1967    98.1611 2.6041e-04 1.1688e+03    179.268    13.6556    38.3750    28.8724 0.0000e+00
    191.000    13.6834     0.2000    98.1472 9.1951e-04 1.4248e+03    179.083    13.6554    38.3774    28.8742 0.0000e+00
    192.000    13.6833     0.2008    98.1608 4.1086e-04 1.1917e+03    178.688    13.6551    38.3793    28.8758 0.0000e+00
    193.000    13.6823     0.1987    98.1553 8.2244e-04 1.2813e+03    178.728    13.6540    38.3811    28.8774 0.0000e+00
    194.000    13.6820     0.1934    98.1663 8.8272e-04 1.4350e+03    178.437    13.6535    38.3830    28.8790 0.0000e+00
    195.000    13.6812     0.1944    98.1659 3.4072e-04 1.0845e+03    178.109    13.6526    38.3839    28.8799 0.0000e+00
    196.000    13.6808     0.1898    98.1464 7.9899e-04 1.5413e+03    178.245    13.6520    38.3845    28.8804 0.0000e+00
    197.000    13.6803     0.1929    98.1624 2.7149e-05 1.1887e+03    177.664    13.6514    38.3849    28.8809 0.0000e+00
    198.000    13.6796     0.1952    98.1618 1.2971e-03 1.3247e+03    177.507    13.6506    38.3856    28.8816 0.0000e+00
    199.000    13.6801     0.1986    98.1552 -6.229e-05 1.4241e+03    177.183    13.6509    38.3869    28.8826 0.0000e+00
    200.000    13.6817     0.1959    98.1568 7.8303e-06 1.1699e+03    177.527    13.6523    38.3906    28.8852 0.0000e+00
    201.000    13.6812     0.1967    98.1673 4.1579e-04 1.4580e+03    177.438    13.6517    38.3919    28.8863 0.0000e+00
    202.000    13.6754     0.2007    98.1662 5.6038e-04 1.4644e+03    176.401    13.6458    38.3965    28.8911 0.0000e+00
    203.000    13.6730     0.1991    98.1719 -9.990e-29 1.2688e+03    176.298    13.6433    38.4012    28.8953 0.0000e+00
    204.000    13.6730     0.1934    98.1775 1.0000e-12 1.2072e+03    175.971    13.6430    38.4019    28.8958 0.0000e+00
    205.000    13.6725     0.1893    98.1771 1.0000e-12 1.0387e+03    176.024    13.6424    38.4027    28.8967 0.0000e+00
    206.000    13.6695     0.1941    98.1873 1.0000e-12 8.7968e+02    175.541    13.6393    38.4046    28.8987 0.0000e+00
    207.000    13.6639     0.1939    98.1807 1.0000e-12 1.1059e+03    175.057    13.6335    38.4104    28.9045 0.0000e+00
    208.000    13.6617     0.1899    98.1796 1.1786e-04 9.7163e+02    174.583    13.6311    38.4139    28.9077 0.0000e+00
