Data/ruptures/PEACETIME/FAST/PEACETIME_FAST_CTD_060.cnv
* Sea-Bird SBE 9 Data File:
* FileName = C:\CTD\rawCTD\PEACETIME_FAST_CTD_060.hdr
* Software Version Seasave V 7.23.2
* Temperature SN = 1378
* Conductivity SN = 2929
* Number of Bytes Per Scan = 38
* Number of Voltage Words = 5
* Number of Scans Averaged by the Deck Unit = 1
* NMEA Latitude = 37 56.82 N
* NMEA Longitude = 002 54.91 E
* NMEA UTC (Time) = Jun 03 2017  18:30:48
* NMEA baud rate = 4800
** Cruise:   PEACETIME
** Station:   FAST_CTD_060
# nquan = 11
# nvalues = 221                         
# units = specified
# name 0 = prDM: Pressure, Digiquartz [db]
# name 1 = t090C: Temperature [ITS-90, deg C]
# name 2 = flC: Fluorescence, Chelsea Aqua 3 Chl Con [ug/l]
# name 3 = CStarTr0: Beam Transmission, WET Labs C-Star [%]
# name 4 = par: PAR/Irradiance, Biospherical/Licor
# name 5 = spar: SPAR/Surface Irradiance
# name 6 = sbeox0Mm/Kg: Oxygen, SBE 43 [umol/kg]
# name 7 = potemp090C: Potential Temperature [ITS-90, deg C]
# name 8 = sal00: Salinity, Practical [PSU]
# name 9 = sigma-é00: Density [sigma-theta, kg/m^3]
# name 10 = flag:
# span 0 =      1.000,    221.000       
# span 1 =    13.6544,    21.4771       
# span 2 =     0.1747,     0.5885       
# span 3 =    95.8625,    98.2853       
# span 4 = 1.8058e-05, 4.1688e+01       
# span 5 = 1.2028e+02, 1.9523e+02       
# span 6 =    173.509,    238.426       
# span 7 =    13.6220,    21.4766       
# span 8 =    37.0347,    38.4293       
# span 9 =    25.9137,    28.9216       
# span 10 = 0.0000e+00, 0.0000e+00      
# interval = decibars: 1                
# start_time = Jun 03 2017 18:40:20 [NMEA time, first data scan]
# bad_flag = -9.990e-29
*END*
      1.000    21.4768     0.2091    96.1469 4.1688e+01 1.9523e+02    210.687    21.4766    37.0371    25.9137 0.0000e+00
      2.000    21.4747     0.1946    96.4833 2.8398e+01 1.9216e+02    211.434    21.4743    37.0373    25.9145 0.0000e+00
      3.000    21.4771     0.1979    96.7988 2.3264e+01 1.9490e+02    211.401    21.4765    37.0372    25.9138 0.0000e+00
      4.000    21.4762     0.1999    96.8090 2.0244e+01 1.9039e+02    211.654    21.4754    37.0376    25.9144 0.0000e+00
      5.000    21.4485     0.1936    96.8179 1.8311e+01 1.9232e+02    211.401    21.4475    37.0374    25.9220 0.0000e+00
      6.000    21.4096     0.1973    96.8076 1.6471e+01 1.9193e+02    211.541    21.4085    37.0368    25.9325 0.0000e+00
      7.000    21.3575     0.1987    96.8005 1.4789e+01 1.9136e+02    210.856    21.3561    37.0378    25.9478 0.0000e+00
      8.000    21.2848     0.1968    96.7969 1.4538e+01 1.8976e+02    211.057    21.2833    37.0396    25.9694 0.0000e+00
      9.000    21.2013     0.1889    96.8151 1.2465e+01 1.8609e+02    210.588    21.1996    37.0382    25.9914 0.0000e+00
     10.000    21.0631     0.1911    96.8167 1.1989e+01 1.9192e+02    211.342    21.0612    37.0368    26.0286 0.0000e+00
     11.000    20.9500     0.1898    96.8312 1.1875e+01 1.8804e+02    211.979    20.9479    37.0375    26.0603 0.0000e+00
     12.000    20.7569     0.1878    96.8243 1.0478e+01 1.8656e+02    212.135    20.7546    37.0347    26.1111 0.0000e+00
     13.000    20.4646     0.1886    96.7568 1.0041e+01 1.9025e+02    213.935    20.4622    37.0438    26.1975 0.0000e+00
     14.000    20.4204     0.1912    96.7070 9.6685e+00 1.8686e+02    215.099    20.4177    37.0501    26.2144 0.0000e+00
     15.000    20.3882     0.1997    96.7499 8.8765e+00 1.8785e+02    215.060    20.3854    37.0484    26.2218 0.0000e+00
     16.000    20.3426     0.1920    96.7844 8.2007e+00 1.8807e+02    215.531    20.3396    37.0469    26.2330 0.0000e+00
     17.000    20.3092     0.1896    96.8117 8.0125e+00 1.8775e+02    215.716    20.3060    37.0459    26.2413 0.0000e+00
     18.000    20.2382     0.1920    96.8222 7.5311e+00 1.8565e+02    214.979    20.2348    37.0440    26.2589 0.0000e+00
     19.000    20.0814     0.1956    96.7255 7.0378e+00 1.9200e+02    213.470    20.0778    37.0395    26.2975 0.0000e+00
     20.000    19.2929     0.1954    96.6059 6.8463e+00 1.8879e+02    220.225    19.2892    37.0829    26.5390 0.0000e+00
     21.000    18.8652     0.1904    96.7127 6.5615e+00 1.9066e+02    225.515    18.8615    37.0784    26.6464 0.0000e+00
     22.000    18.7269     0.1914    96.7378 6.2079e+00 1.8822e+02    228.247    18.7230    37.1015    26.6997 0.0000e+00
     23.000    18.7290     0.1890    96.7317 6.0989e+00 1.8821e+02    228.157    18.7249    37.1343    26.7243 0.0000e+00
     24.000    18.5023     0.1904    96.7827 5.7955e+00 1.8721e+02    229.184    18.4980    37.1042    26.7591 0.0000e+00
     25.000    18.3154     0.1931    96.7993 5.6850e+00 1.9489e+02    231.520    18.3111    37.0744    26.7837 0.0000e+00
     26.000    18.3169     0.1921    96.8362 5.4330e+00 1.8732e+02    232.279    18.3124    37.1036    26.8057 0.0000e+00
     27.000    18.4878     0.1956    96.8505 5.3436e+00 1.8748e+02    232.152    18.4831    37.2072    26.8419 0.0000e+00
     28.000    18.6137     0.1949    96.8565 5.1526e+00 1.8586e+02    229.892    18.6088    37.2715    26.8591 0.0000e+00
     29.000    18.5044     0.1932    96.8824 5.0185e+00 1.8426e+02    229.858    18.4992    37.2743    26.8892 0.0000e+00
     30.000    18.3434     0.1916    96.9142 4.8896e+00 1.8345e+02    230.199    18.3381    37.2829    26.9367 0.0000e+00
     31.000    18.2040     0.1805    96.8912 4.7671e+00 1.8351e+02    231.006    18.1985    37.2828    26.9718 0.0000e+00
     32.000    18.0654     0.1887    96.8914 4.6211e+00 1.8017e+02    230.961    18.0599    37.2719    26.9984 0.0000e+00
     33.000    17.9328     0.1923    96.8913 4.5123e+00 1.8017e+02    232.119    17.9271    37.2700    27.0301 0.0000e+00
     34.000    17.8633     0.1978    96.8558 4.3794e+00 1.8298e+02    232.895    17.8574    37.2761    27.0522 0.0000e+00
     35.000    17.8331     0.1947    96.8564 4.2431e+00 1.8328e+02    232.935    17.8270    37.2760    27.0596 0.0000e+00
     36.000    17.7767     0.1954    96.8600 4.1433e+00 1.8163e+02    232.780    17.7705    37.2691    27.0685 0.0000e+00
     37.000    17.7613     0.1911    96.8344 3.9866e+00 1.8350e+02    232.778    17.7549    37.2666    27.0704 0.0000e+00
     38.000    17.5991     0.1887    96.8258 3.8644e+00 1.8602e+02    231.681    17.5927    37.2320    27.0839 0.0000e+00
     39.000    17.1659     0.1954    96.7298 3.7485e+00 1.7725e+02    235.203    17.1594    37.1901    27.1578 0.0000e+00
     40.000    16.9566     0.1974    96.6760 3.6045e+00 1.8327e+02    237.029    16.9499    37.2167    27.2290 0.0000e+00
     41.000    16.8901     0.2018    96.7221 3.4829e+00 1.8113e+02    237.825    16.8832    37.2633    27.2809 0.0000e+00
     42.000    16.8649     0.1972    96.7332 3.3421e+00 1.8219e+02    237.777    16.8580    37.3260    27.3351 0.0000e+00
     43.000    16.7932     0.2005    96.7558 3.1990e+00 1.8262e+02    238.426    16.7861    37.3391    27.3625 0.0000e+00
     44.000    16.7059     0.2021    96.7368 3.0791e+00 1.7628e+02    237.984    16.6986    37.3487    27.3909 0.0000e+00
     45.000    16.5480     0.1953    96.7327 2.9422e+00 1.8182e+02    238.424    16.5407    37.3701    27.4450 0.0000e+00
     46.000    16.4265     0.2000    96.7510 2.8204e+00 1.8536e+02    236.613    16.4190    37.4130    27.5068 0.0000e+00
     47.000    16.2442     0.2025    96.7371 2.6930e+00 1.8437e+02    236.784    16.2366    37.4233    27.5578 0.0000e+00
     48.000    16.1231     0.2069    96.7647 2.5687e+00 1.8396e+02    237.028    16.1153    37.4268    27.5890 0.0000e+00
     49.000    16.0163     0.2103    96.7884 2.4477e+00 1.8109e+02    236.797    16.0084    37.4412    27.6251 0.0000e+00
     50.000    15.9745     0.2045    96.8341 2.3281e+00 1.8025e+02    236.893    15.9664    37.4445    27.6374 0.0000e+00
     51.000    15.9244     0.1978    96.8526 2.2202e+00 1.8877e+02    237.123    15.9162    37.4493    27.6528 0.0000e+00
     52.000    15.8494     0.1974    96.8366 2.1069e+00 1.8275e+02    236.557    15.8412    37.4523    27.6725 0.0000e+00
     53.000    15.7422     0.1998    96.8630 2.0119e+00 1.8437e+02    235.749    15.7337    37.4508    27.6962 0.0000e+00
     54.000    15.6066     0.2110    96.8606 1.9101e+00 1.8529e+02    235.286    15.5980    37.4785    27.7487 0.0000e+00
     55.000    15.5602     0.2131    96.8760 1.8103e+00 1.8278e+02    234.766    15.5516    37.5015    27.7772 0.0000e+00
     56.000    15.5343     0.2128    96.8889 1.7160e+00 1.8086e+02    234.495    15.5255    37.5175    27.7955 0.0000e+00
     57.000    15.5247     0.2115    96.8616 1.6215e+00 1.8557e+02    233.890    15.5158    37.5294    27.8069 0.0000e+00
     58.000    15.5167     0.2182    96.8771 1.5314e+00 1.8361e+02    234.166    15.5076    37.5451    27.8209 0.0000e+00
     59.000    15.4953     0.2181    96.8588 1.4480e+00 1.7913e+02    233.665    15.4860    37.5562    27.8343 0.0000e+00
     60.000    15.4766     0.2204    96.8843 1.3695e+00 1.8323e+02    234.284    15.4671    37.5740    27.8524 0.0000e+00
     61.000    15.4543     0.2194    96.9265 1.2932e+00 1.8295e+02    234.155    15.4447    37.6004    27.8779 0.0000e+00
     62.000    15.4264     0.2204    96.9336 1.2224e+00 1.8311e+02    234.169    15.4166    37.6139    27.8947 0.0000e+00
     63.000    15.4139     0.2226    96.9647 1.1583e+00 1.7853e+02    233.348    15.4040    37.6211    27.9032 0.0000e+00
     64.000    15.3772     0.2237    96.9930 1.0947e+00 1.7662e+02    233.123    15.3672    37.6298    27.9183 0.0000e+00
     65.000    15.3297     0.2231    96.9881 1.0360e+00 1.7173e+02    232.661    15.3195    37.6442    27.9402 0.0000e+00
     66.000    15.2814     0.2273    96.9700 9.7785e-01 1.7344e+02    232.696    15.2711    37.6522    27.9574 0.0000e+00
     67.000    15.2626     0.2266    96.9962 9.2631e-01 1.7393e+02    232.354    15.2521    37.6595    27.9674 0.0000e+00
     68.000    15.2344     0.2218    96.9892 8.7654e-01 1.7202e+02    231.698    15.2239    37.6704    27.9822 0.0000e+00
     69.000    15.1903     0.2283    96.8893 8.2689e-01 1.7110e+02    231.631    15.1796    37.6803    27.9998 0.0000e+00
     70.000    15.1482     0.2451    96.8939 7.8154e-01 1.7476e+02    230.976    15.1374    37.6965    28.0219 0.0000e+00
     71.000    15.1096     0.2412    96.9341 7.4014e-01 1.7164e+02    230.333    15.0986    37.7083    28.0397 0.0000e+00
     72.000    15.0480     0.2414    96.8223 6.9557e-01 1.6721e+02    229.704    15.0369    37.7165    28.0600 0.0000e+00
     73.000    15.0081     0.2418    96.8203 6.5694e-01 1.6950e+02    229.009    14.9968    37.7303    28.0796 0.0000e+00
     74.000    14.9878     0.2496    96.8933 6.1738e-01 1.6815e+02    229.047    14.9764    37.7374    28.0897 0.0000e+00
     75.000    14.9704     0.2424    96.9040 5.8208e-01 1.6990e+02    228.145    14.9589    37.7438    28.0985 0.0000e+00
     76.000    14.9513     0.2506    96.8544 5.4479e-01 1.7002e+02    228.789    14.9396    37.7551    28.1116 0.0000e+00
     77.000    14.9246     0.2563    96.7842 5.0927e-01 1.6884e+02    228.200    14.9127    37.7598    28.1213 0.0000e+00
     78.000    14.8978     0.2530    96.7693 4.7447e-01 1.6714e+02    227.724    14.8858    37.7661    28.1322 0.0000e+00
     79.000    14.8813     0.2515    96.8511 4.4510e-01 1.6954e+02    226.002    14.8691    37.7823    28.1484 0.0000e+00
     80.000    14.8423     0.2715    96.6798 4.1563e-01 1.6700e+02    221.939    14.8301    37.7902    28.1632 0.0000e+00
     81.000    14.8118     0.3361    96.1479 3.9054e-01 1.6743e+02    218.045    14.7994    37.7968    28.1752 0.0000e+00
     82.000    14.7860     0.3674    95.9435 3.6651e-01 1.6670e+02    216.384    14.7734    37.8060    28.1881 0.0000e+00
     83.000    14.7707     0.4029    95.8625 3.3907e-01 1.6886e+02    210.801    14.7580    37.8060    28.1916 0.0000e+00
     84.000    14.7316     0.4399    96.1277 3.1117e-01 1.7008e+02    202.916    14.7187    37.8071    28.2011 0.0000e+00
     85.000    14.7091     0.4070    96.2180 2.8196e-01 1.7042e+02    199.455    14.6961    37.8154    28.2125 0.0000e+00
     86.000    14.6850     0.3736    96.2144 2.5836e-01 1.7225e+02    196.657    14.6719    37.8290    28.2284 0.0000e+00
     87.000    14.6601     0.3862    96.1367 2.3656e-01 1.7027e+02    195.475    14.6468    37.8459    28.2470 0.0000e+00
     88.000    14.6406     0.3742    96.3774 2.1518e-01 1.7295e+02    195.590    14.6272    37.8610    28.2631 0.0000e+00
     89.000    14.6283     0.3455    96.6691 1.9914e-01 1.7086e+02    195.327    14.6147    37.8745    28.2763 0.0000e+00
     90.000    14.6188     0.3305    96.8607 1.8224e-01 1.7138e+02    194.839    14.6051    37.8823    28.2844 0.0000e+00
     91.000    14.6129     0.3241    96.8367 1.6854e-01 1.6620e+02    193.958    14.5991    37.8873    28.2897 0.0000e+00
     92.000    14.5852     0.3204    97.0245 1.5419e-01 1.6710e+02    193.012    14.5712    37.9055    28.3099 0.0000e+00
     93.000    14.5651     0.3064    96.9259 1.4255e-01 1.6355e+02    195.092    14.5510    37.9213    28.3266 0.0000e+00
     94.000    14.5541     0.3014    96.7639 1.3231e-01 1.7324e+02    200.574    14.5398    37.9295    28.3354 0.0000e+00
     95.000    14.5402     0.3072    96.9479 1.2583e-01 1.6855e+02    202.261    14.5258    37.9385    28.3454 0.0000e+00
     96.000    14.5294     0.3060    97.0626 1.1531e-01 1.6642e+02    203.743    14.5149    37.9490    28.3559 0.0000e+00
     97.000    14.5157     0.2981    97.0051 1.0656e-01 1.6867e+02    203.929    14.5011    37.9538    28.3627 0.0000e+00
     98.000    14.5166     0.3094    97.1229 9.9889e-02 1.6466e+02    205.309    14.5018    37.9682    28.3737 0.0000e+00
     99.000    14.5083     0.5885    97.3696 9.2745e-02 1.6892e+02    204.219    14.4933    37.9844    28.3881 0.0000e+00
    100.000    14.4890     0.3368    97.4624 8.6016e-02 1.7309e+02    203.426    14.4739    37.9928    28.3989 0.0000e+00
    101.000    14.4791     0.2687    97.4775 7.9460e-02 1.6254e+02    202.128    14.4639    37.9973    28.4046 0.0000e+00
    102.000    14.4586     0.2546    97.3872 7.3887e-02 1.6905e+02    199.418    14.4432    38.0017    28.4125 0.0000e+00
    103.000    14.4361     0.2563    97.5119 7.0829e-02 1.6648e+02    198.893    14.4206    38.0076    28.4221 0.0000e+00
    104.000    14.4167     0.2758    97.5126 6.5313e-02 1.6335e+02    198.785    14.4010    38.0128    28.4304 0.0000e+00
    105.000    14.3981     0.2546    97.4828 6.2399e-02 1.6159e+02    198.679    14.3823    38.0164    28.4373 0.0000e+00
    106.000    14.3792     0.2517    97.5637 5.7998e-02 1.6618e+02    198.981    14.3632    38.0283    28.4507 0.0000e+00
    107.000    14.3565     0.2511    97.7074 5.2386e-02 1.6280e+02    199.265    14.3404    38.0365    28.4620 0.0000e+00
    108.000    14.3510     0.2457    97.6960 4.9228e-02 1.6288e+02    198.621    14.3348    38.0411    28.4668 0.0000e+00
    109.000    14.3163     0.2373    97.6263 4.5643e-02 1.6140e+02    199.837    14.2999    38.0481    28.4798 0.0000e+00
    110.000    14.2868     0.2352    97.7499 4.3396e-02 1.6517e+02    199.182    14.2703    38.0633    28.4981 0.0000e+00
    111.000    14.2699     0.2773    97.7722 3.8629e-02 1.6665e+02    198.863    14.2533    38.0702    28.5072 0.0000e+00
    112.000    14.2769     0.3373    97.7736 3.5930e-02 1.6238e+02    194.693    14.2601    38.0872    28.5188 0.0000e+00
    113.000    14.2739     0.2555    97.7794 3.4094e-02 1.6160e+02    192.484    14.2570    38.0956    28.5260 0.0000e+00
    114.000    14.2694     0.2379    97.7865 3.3286e-02 1.6272e+02    192.750    14.2523    38.0974    28.5284 0.0000e+00
    115.000    14.2635     0.2293    97.7816 3.0889e-02 1.6398e+02    192.167    14.2463    38.0991    28.5310 0.0000e+00
    116.000    14.2561     0.2349    97.7858 3.0208e-02 1.5908e+02    191.709    14.2387    38.1021    28.5350 0.0000e+00
    117.000    14.2471     0.2287    97.8182 2.9905e-02 1.6667e+02    193.453    14.2296    38.1047    28.5390 0.0000e+00
    118.000    14.2199     0.2241    97.8059 2.5805e-02 1.6277e+02    196.003    14.2023    38.1047    28.5450 0.0000e+00
    119.000    14.1820     0.2199    97.8998 2.5421e-02 1.6134e+02    196.380    14.1642    38.1014    28.5507 0.0000e+00
    120.000    14.1695     0.2142    97.9164 2.4239e-02 1.6636e+02    195.401    14.1516    38.1051    28.5564 0.0000e+00
    121.000    14.1557     0.2125    97.9408 2.2714e-02 1.6295e+02    195.728    14.1376    38.1096    28.5629 0.0000e+00
    122.000    14.1312     0.2092    97.9729 2.1549e-02 1.6156e+02    196.163    14.1130    38.1224    28.5781 0.0000e+00
    123.000    14.1184     0.2033    97.9509 2.1235e-02 1.6245e+02    195.941    14.1001    38.1342    28.5900 0.0000e+00
    124.000    14.1067     0.2030    97.9826 2.1461e-02 1.5964e+02    196.076    14.0883    38.1422    28.5988 0.0000e+00
    125.000    14.0933     0.2036    97.9984 1.8945e-02 1.6116e+02    195.215    14.0747    38.1492    28.6072 0.0000e+00
    126.000    14.0759     0.1965    98.0184 1.9361e-02 1.6159e+02    195.143    14.0571    38.1566    28.6167 0.0000e+00
    127.000    14.0595     0.1975    98.0096 1.7621e-02 1.5613e+02    195.409    14.0406    38.1628    28.6251 0.0000e+00
    128.000    14.0374     0.1946    98.0576 1.6600e-02 1.5759e+02    197.529    14.0184    38.1651    28.6317 0.0000e+00
    129.000    14.0132     0.2000    98.0561 1.7230e-02 1.6408e+02    198.303    13.9941    38.1700    28.6407 0.0000e+00
    130.000    13.9886     0.2174    98.0680 1.5411e-02 1.5704e+02    198.233    13.9693    38.1787    28.6529 0.0000e+00
    131.000    13.9758     0.1913    98.1227 1.5011e-02 1.6200e+02    197.872    13.9564    38.1839    28.6597 0.0000e+00
