Data/ruptures/PEACETIME/FAST/PEACETIME_FAST_CTD_057.cnv
* Sea-Bird SBE 9 Data File:
* FileName = C:\CTD\rawCTD\PEACETIME_FAST_CTD_057.hdr
* Software Version Seasave V 7.23.2
* Temperature SN = 1378
* Conductivity SN = 2929
* Number of Bytes Per Scan = 38
* Number of Voltage Words = 5
* Number of Scans Averaged by the Deck Unit = 1
* NMEA Latitude = 37 56.82 N
* NMEA Longitude = 002 54.92 E
* NMEA UTC (Time) = Jun 03 2017  02:32:56
* NMEA baud rate = 4800
** Cruise:   PEACETIME
** Station:   FAST_CTD_057
# nquan = 11
# nvalues = 599                         
# units = specified
# name 0 = prDM: Pressure, Digiquartz [db]
# name 1 = t090C: Temperature [ITS-90, deg C]
# name 2 = flC: Fluorescence, Chelsea Aqua 3 Chl Con [ug/l]
# name 3 = CStarTr0: Beam Transmission, WET Labs C-Star [%]
# name 4 = par: PAR/Irradiance, Biospherical/Licor
# name 5 = spar: SPAR/Surface Irradiance
# name 6 = sbeox0Mm/Kg: Oxygen, SBE 43 [umol/kg]
# name 7 = potemp090C: Potential Temperature [ITS-90, deg C]
# name 8 = sal00: Salinity, Practical [PSU]
# name 9 = sigma-é00: Density [sigma-theta, kg/m^3]
# name 10 = flag:
# span 0 =      3.000,    601.000       
# span 1 =    13.3362,    21.0548       
# span 2 =     0.1738,     0.3838       
# span 3 =    96.3095,    98.4052       
# span 4 = -2.198e-06, 1.5958e-01       
# span 5 = 5.6195e-01, 4.9564e+00       
# span 6 =    151.755,    239.455       
# span 7 =    13.2481,    21.0534       
# span 8 =    37.0244,    38.5875       
# span 9 =    26.0380,    29.0978       
# span 10 = 0.0000e+00, 0.0000e+00      
# interval = decibars: 1                
# start_time = Jun 03 2017 02:32:57 [NMEA time, first data scan]
# bad_flag = -9.990e-29
*END*
[from data line 394]
    397.000    13.5091     0.1836    98.3956 2.5156e-03 2.4455e+00    152.520    13.4508    38.5768    29.0724 0.0000e+00
    398.000    13.5070     0.1820    98.3956 2.5959e-03 2.1958e+00    152.446    13.4486    38.5764    29.0726 0.0000e+00
    399.000    13.5069     0.1850    98.3956 2.5837e-03 2.4587e+00    152.216    13.4483    38.5763    29.0725 0.0000e+00
    400.000    13.5074     0.1856    98.3956 2.2441e-03 3.2578e+00    152.497    13.4487    38.5770    29.0730 0.0000e+00
    401.000    13.5090     0.1864    98.3956 3.1499e-03 2.7942e+00    152.838    13.4502    38.5779    29.0733 0.0000e+00
    402.000    13.5106     0.1870    98.3956 2.7209e-03 2.2150e+00    152.438    13.4515    38.5784    29.0735 0.0000e+00
    403.000    13.5114     0.1891    98.3956 2.4694e-03 3.1053e+00    152.818    13.4522    38.5790    29.0738 0.0000e+00
    404.000    13.5132     0.1851    98.3956 1.5570e-03 2.7898e+00    152.686    13.4539    38.5796    29.0739 0.0000e+00
    405.000    13.5132     0.1859    98.3956 2.1658e-03 3.4658e+00    152.656    13.4537    38.5796    29.0740 0.0000e+00
    406.000    13.5162     0.1887    98.3956 1.8550e-03 2.2745e+00    152.746    13.4566    38.5812    29.0746 0.0000e+00
    407.000    13.5175     0.1851    98.3956 2.1117e-03 1.7458e+00    152.536    13.4577    38.5819    29.0748 0.0000e+00
    408.000    13.5171     0.1862    98.3956 1.0836e-03 2.2698e+00    152.716    13.4572    38.5822    29.0752 0.0000e+00
    409.000    13.5212     0.1907    98.3956 2.0223e-03 2.5879e+00    152.847    13.4611    38.5839    29.0757 0.0000e+00
    410.000    13.5243     0.1890    98.3956 1.5854e-03 2.2966e+00    153.193    13.4640    38.5851    29.0760 0.0000e+00
    411.000    13.5250     0.1925    98.3956 9.4104e-04 2.8054e+00    153.049    13.4646    38.5855    29.0762 0.0000e+00
    412.000    13.5215     0.1881    98.3956 1.8658e-03 2.5682e+00    153.126    13.4609    38.5849    29.0765 0.0000e+00
    413.000    13.5207     0.1876    98.3956 1.9463e-03 2.5380e+00    153.089    13.4600    38.5852    29.0769 0.0000e+00
    414.000    13.5183     0.1824    98.3956 2.7049e-03 2.2228e+00    153.510    13.4575    38.5848    29.0772 0.0000e+00
    415.000    13.5155     0.1826    98.3956 2.1764e-03 2.2352e+00    153.346    13.4546    38.5847    29.0777 0.0000e+00
    416.000    13.5146     0.1788    98.3944 1.4871e-03 3.9240e+00    153.343    13.4535    38.5846    29.0779 0.0000e+00
    417.000    13.5131     0.1853    98.3886 2.5943e-03 2.4258e+00    153.484    13.4519    38.5846    29.0782 0.0000e+00
    418.000    13.5105     0.1819    98.3911 1.7212e-03 3.0294e+00    153.590    13.4491    38.5843    29.0785 0.0000e+00
    419.000    13.5099     0.1800    98.3955 2.4896e-03 2.8297e+00    153.581    13.4483    38.5844    29.0788 0.0000e+00
    420.000    13.5083     0.1828    98.3956 4.0871e-03 2.6940e+00    153.614    13.4466    38.5844    29.0792 0.0000e+00
    421.000    13.5064     0.1824    98.3956 3.6019e-03 3.1685e+00    153.504    13.4446    38.5841    29.0794 0.0000e+00
    422.000    13.5054     0.1820    98.3618 4.2681e-03 2.3550e+00    153.442    13.4434    38.5839    29.0795 0.0000e+00
    423.000    13.5035     0.1872    98.3938 3.2971e-03 3.0538e+00    153.564    13.4414    38.5839    29.0799 0.0000e+00
    424.000    13.5034     0.1870    98.3956 2.6423e-03 2.3514e+00    153.227    13.4412    38.5840    29.0800 0.0000e+00
    425.000    13.5033     0.1896    98.3956 3.4456e-03 2.7547e+00    153.242    13.4409    38.5840    29.0801 0.0000e+00
    426.000    13.5031     0.1839    98.3956 2.1269e-03 2.4007e+00    153.889    13.4405    38.5840    29.0802 0.0000e+00
    427.000    13.5021     0.1858    98.3956 1.8454e-03 2.4382e+00    153.822    13.4393    38.5841    29.0805 0.0000e+00
    428.000    13.4995     0.1835    98.3894 3.7864e-03 2.7461e+00    153.701    13.4367    38.5837    29.0807 0.0000e+00
    429.000    13.4981     0.1815    98.3891 3.4202e-03 2.6221e+00    153.392    13.4351    38.5836    29.0810 0.0000e+00
    430.000    13.4975     0.1821    98.3928 4.9992e-03 2.5932e+00    153.585    13.4343    38.5836    29.0811 0.0000e+00
    431.000    13.4970     0.1826    98.3956 5.3914e-03 2.3624e+00    153.834    13.4337    38.5836    29.0812 0.0000e+00
    432.000    13.4966     0.1852    98.3956 2.6550e-03 3.5020e+00    153.782    13.4331    38.5834    29.0813 0.0000e+00
    433.000    13.4961     0.1822    98.3956 1.2908e-03 2.6053e+00    153.787    13.4325    38.5833    29.0813 0.0000e+00
    434.000    13.4946     0.1847    98.3956 8.7219e-04 3.0283e+00    154.288    13.4309    38.5830    29.0814 0.0000e+00
    435.000    13.4946     0.1858    98.3930 1.4331e-03 2.7165e+00    153.899    13.4308    38.5832    29.0816 0.0000e+00
    436.000    13.4936     0.1836    98.3929 1.5682e-03 2.3038e+00    153.790    13.4295    38.5829    29.0816 0.0000e+00
    437.000    13.4916     0.1865    98.3841 1.4120e-03 1.2996e+00    154.012    13.4275    38.5830    29.0821 0.0000e+00
    438.000    13.4915     0.1919    98.3885 1.0412e-03 2.3930e+00    154.267    13.4271    38.5830    29.0822 0.0000e+00
    439.000    13.4913     0.1925    98.3926 1.0087e-03 2.8085e+00    154.264    13.4268    38.5830    29.0823 0.0000e+00
    440.000    13.4918     0.1860    98.3956 2.3176e-04 2.3581e+00    154.397    13.4272    38.5834    29.0825 0.0000e+00
    441.000    13.4930     0.1807    98.3956 3.7051e-04 2.6199e+00    153.969    13.4283    38.5838    29.0826 0.0000e+00
    442.000    13.4935     0.1847    98.3956 7.3319e-04 2.7496e+00    154.165    13.4285    38.5842    29.0828 0.0000e+00
    443.000    13.4922     0.1848    98.3956 1.5716e-03 2.5583e+00    154.075    13.4271    38.5840    29.0830 0.0000e+00
    444.000    13.4913     0.1905    98.3991 6.3494e-04 3.0060e+00    154.230    13.4261    38.5839    29.0831 0.0000e+00
    445.000    13.4902     0.1857    98.4028 5.2273e-05 1.2730e+00    154.464    13.4249    38.5838    29.0833 0.0000e+00
    446.000    13.4883     0.1807    98.3982 2.1882e-04 1.7000e+00    153.703    13.4228    38.5835    29.0835 0.0000e+00
    447.000    13.4850     0.1811    98.3956 -6.588e-07 2.7651e+00    154.291    13.4194    38.5829    29.0838 0.0000e+00
    448.000    13.4816     0.1795    98.3956 3.5801e-06 2.0977e+00    154.682    13.4158    38.5825    29.0842 0.0000e+00
    449.000    13.4807     0.1883    98.3956 9.4389e-05 2.9711e+00    154.512    13.4148    38.5823    29.0843 0.0000e+00
    450.000    13.4801     0.1847    98.3956 5.6677e-04 1.8603e+00    154.547    13.4140    38.5823    29.0844 0.0000e+00
    451.000    13.4796     0.1860    98.3956 1.4709e-03 1.6622e+00    154.434    13.4133    38.5822    29.0845 0.0000e+00
    452.000    13.4786     0.1841    98.3956 3.1703e-04 2.4219e+00    154.560    13.4122    38.5819    29.0845 0.0000e+00
    453.000    13.4766     0.1818    98.3956 6.7522e-04 2.9489e+00    154.489    13.4101    38.5815    29.0847 0.0000e+00
    454.000    13.4745     0.1816    98.3956 7.7217e-04 2.6703e+00    153.800    13.4078    38.5811    29.0848 0.0000e+00
    455.000    13.4709     0.1861    98.3956 1.2537e-03 2.6462e+00    154.315    13.4041    38.5804    29.0851 0.0000e+00
    456.000    13.4683     0.1831    98.3950 2.3262e-03 1.5340e+00    154.715    13.4013    38.5800    29.0853 0.0000e+00
    457.000    13.4634     0.1863    98.3932 1.8067e-03 4.5260e+00    154.504    13.3964    38.5790    29.0856 0.0000e+00
    458.000    13.4617     0.1860    98.3844 1.5350e-03 2.7459e+00    154.931    13.3945    38.5788    29.0859 0.0000e+00
    459.000    13.4612     0.1871    98.3926 1.0029e-03 2.2674e+00    154.776    13.3938    38.5788    29.0860 0.0000e+00
    460.000    13.4602     0.1885    98.3932 2.4495e-03 2.3273e+00    154.720    13.3927    38.5785    29.0860 0.0000e+00
    461.000    13.4587     0.1880    98.3956 2.0082e-03 2.0920e+00    154.518    13.3911    38.5783    29.0862 0.0000e+00
    462.000    13.4567     0.1866    98.3956 1.5027e-03 2.8710e+00    154.647    13.3889    38.5779    29.0864 0.0000e+00
    463.000    13.4560     0.1884    98.3956 1.2245e-03 2.5521e+00    154.737    13.3880    38.5778    29.0865 0.0000e+00
    464.000    13.4560     0.1893    98.3956 6.4322e-04 3.3950e+00    154.787    13.3879    38.5778    29.0865 0.0000e+00
    465.000    13.4550     0.1830    98.3956 8.9006e-04 3.2515e+00    154.822    13.3868    38.5777    29.0866 0.0000e+00
    466.000    13.4529     0.1817    98.3956 8.7328e-04 2.7761e+00    155.087    13.3845    38.5774    29.0869 0.0000e+00
    467.000    13.4515     0.1829    98.3956 1.0750e-04 3.2171e+00    154.950    13.3830    38.5772    29.0871 0.0000e+00
    468.000    13.4511     0.1831    98.3956 4.9053e-04 1.9269e+00    155.232    13.3824    38.5772    29.0872 0.0000e+00
    469.000    13.4510     0.1839    98.3956 5.1721e-04 2.8422e+00    155.282    13.3821    38.5771    29.0872 0.0000e+00
    470.000    13.4506     0.1857    98.3956 1.3883e-03 3.1414e+00    155.312    13.3817    38.5771    29.0872 0.0000e+00
    471.000    13.4505     0.1874    98.3956 2.5523e-03 2.9642e+00    154.720    13.3814    38.5771    29.0873 0.0000e+00
    472.000    13.4502     0.1852    98.3956 1.1546e-03 2.8643e+00    154.475    13.3810    38.5771    29.0874 0.0000e+00
    473.000    13.4493     0.1853    98.3956 8.9035e-04 1.9502e+00    155.296    13.3799    38.5769    29.0875 0.0000e+00
    474.000    13.4483     0.1792    98.3956 6.2694e-04 2.4589e+00    155.122    13.3787    38.5768    29.0876 0.0000e+00
    475.000    13.4472     0.1828    98.3956 2.7457e-04 2.8485e+00    154.995    13.3775    38.5766    29.0877 0.0000e+00
    476.000    13.4466     0.1883    98.3956 1.0835e-04 2.6423e+00    155.116    13.3768    38.5766    29.0879 0.0000e+00
    477.000    13.4462     0.1882    98.3956 3.7727e-04 3.2847e+00    155.237    13.3762    38.5765    29.0879 0.0000e+00
    478.000    13.4453     0.1841    98.3956 2.7127e-04 2.1955e+00    155.601    13.3752    38.5764    29.0881 0.0000e+00
    479.000    13.4446     0.1901    98.3911 1.2939e-04 2.9068e+00    155.013    13.3743    38.5762    29.0881 0.0000e+00
    480.000    13.4437     0.1853    98.3861 6.6362e-04 3.9177e+00    155.461    13.3733    38.5760    29.0882 0.0000e+00
    481.000    13.4435     0.1812    98.3886 6.0510e-04 2.8109e+00    155.362    13.3730    38.5760    29.0883 0.0000e+00
    482.000    13.4436     0.1798    98.3861 2.9996e-04 2.1385e+00    155.353    13.3728    38.5761    29.0883 0.0000e+00
    483.000    13.4430     0.1798    98.3926 7.6917e-04 2.0894e+00    155.540    13.3721    38.5759    29.0883 0.0000e+00
    484.000    13.4425     0.1819    98.3956 2.1513e-03 3.3299e+00    155.376    13.3715    38.5760    29.0886 0.0000e+00
    485.000    13.4420     0.1864    98.3956 1.6745e-03 2.2931e+00    155.634    13.3708    38.5757    29.0885 0.0000e+00
    486.000    13.4413     0.1859    98.3956 7.9607e-04 2.4191e+00    155.108    13.3700    38.5758    29.0887 0.0000e+00
    487.000    13.4406     0.1878    98.3956 4.0238e-04 2.9881e+00    155.740    13.3691    38.5755    29.0887 0.0000e+00
    488.000    13.4392     0.1852    98.3956 4.0655e-04 2.7954e+00    155.706    13.3676    38.5754    29.0889 0.0000e+00
    489.000    13.4386     0.1838    98.3956 4.8650e-04 3.0328e+00    155.530    13.3668    38.5752    29.0889 0.0000e+00
    490.000    13.4383     0.1828    98.3956 1.0416e-03 2.6146e+00    155.755    13.3664    38.5752    29.0890 0.0000e+00
    491.000    13.4379     0.1813    98.3956 5.5691e-04 3.0482e+00    155.520    13.3658    38.5752    29.0891 0.0000e+00
    492.000    13.4380     0.1804    98.3956 5.3920e-04 1.9691e+00    156.121    13.3658    38.5751    29.0891 0.0000e+00
    493.000    13.4379     0.1835    98.3956 7.9253e-04 2.2554e+00    155.984    13.3655    38.5752    29.0892 0.0000e+00
    494.000    13.4378     0.1846    98.3956 3.3256e-04 3.4932e+00    156.075    13.3653    38.5751    29.0891 0.0000e+00
    495.000    13.4378     0.1861    98.3956 5.0331e-04 2.6578e+00    156.055    13.3652    38.5752    29.0892 0.0000e+00
    496.000    13.4377     0.1893    98.3956 1.8875e-03 2.2246e+00    156.031    13.3649    38.5752    29.0893 0.0000e+00
    497.000    13.4377     0.1886    98.3956 1.7354e-03 2.7427e+00    155.994    13.3648    38.5750    29.0892 0.0000e+00
    498.000    13.4377     0.1841    98.3956 1.4701e-03 1.9589e+00    155.996    13.3646    38.5752    29.0894 0.0000e+00
    499.000    13.4376     0.1833    98.3956 1.0743e-03 1.7424e+00    155.974    13.3643    38.5752    29.0894 0.0000e+00
    500.000    13.4374     0.1846    98.3956 1.9910e-03 3.2396e+00    156.069    13.3641    38.5751    29.0894 0.0000e+00
    501.000    13.4370     0.1820    98.3956 3.0570e-03 2.4559e+00    155.875    13.3635    38.5750    29.0894 0.0000e+00
    502.000    13.4358     0.1855    98.3942 2.7909e-03 2.9757e+00    156.134    13.3621    38.5746    29.0895 0.0000e+00
    503.000    13.4309     0.1873    98.3907 2.0099e-03 2.4926e+00    156.241    13.3571    38.5736    29.0898 0.0000e+00
    504.000    13.4281     0.1841    98.3891 4.0548e-04 3.1670e+00    156.066    13.3541    38.5733    29.0901 0.0000e+00
    505.000    13.4276     0.1839    98.3905 1.1391e-03 1.9963e+00    156.479    13.3535    38.5732    29.0902 0.0000e+00
    506.000    13.4260     0.1802    98.3873 8.4052e-04 2.5062e+00    156.587    13.3518    38.5727    29.0902 0.0000e+00
    507.000    13.4247     0.1800    98.3901 1.2508e-03 2.6790e+00    156.469    13.3503    38.5726    29.0904 0.0000e+00
    508.000    13.4230     0.1829    98.3861 6.2966e-04 3.1433e+00    156.124    13.3484    38.5722    29.0905 0.0000e+00
    509.000    13.4205     0.1839    98.3880 1.6136e-03 2.7814e+00    156.717    13.3458    38.5717    29.0907 0.0000e+00
    510.000    13.4190     0.1813    98.3858 2.6699e-04 2.9640e+00    156.843    13.3441    38.5715    29.0908 0.0000e+00
    511.000    13.4154     0.1824    98.3921 2.0663e-03 2.3996e+00    156.821    13.3404    38.5709    29.0911 0.0000e+00
    512.000    13.4140     0.1853    98.3869 3.6357e-04 2.7267e+00    156.514    13.3389    38.5705    29.0912 0.0000e+00
    513.000    13.4121     0.1837    98.3847 1.3470e-03 2.9893e+00    156.477    13.3368    38.5702    29.0914 0.0000e+00
    514.000    13.4102     0.1810    98.3880 2.0762e-03 2.2198e+00    156.947    13.3348    38.5698    29.0915 0.0000e+00
    515.000    13.4099     0.1869    98.3877 1.6231e-03 2.3823e+00    156.639    13.3343    38.5697    29.0916 0.0000e+00
    516.000    13.4084     0.1895    98.3818 2.2004e-03 2.8499e+00    156.304    13.3327    38.5694    29.0916 0.0000e+00
    517.000    13.4075     0.1875    98.3817 1.2669e-03 2.1875e+00    156.729    13.3317    38.5693    29.0917 0.0000e+00
    518.000    13.4073     0.1866    98.3851 7.0509e-04 2.9542e+00    156.641    13.3314    38.5692    29.0918 0.0000e+00
    519.000    13.4075     0.1875    98.3852 2.4167e-03 1.8363e+00    156.803    13.3314    38.5692    29.0917 0.0000e+00
    520.000    13.4068     0.1890    98.3898 4.1716e-03 2.1578e+00    156.400    13.3306    38.5692    29.0919 0.0000e+00
    521.000    13.4068     0.1877    98.3868 4.1917e-03 2.3616e+00    156.520    13.3304    38.5690    29.0918 0.0000e+00
    522.000    13.4060     0.1893    98.3825 2.9430e-03 2.4396e+00    156.759    13.3295    38.5689    29.0919 0.0000e+00
    523.000    13.4036     0.1921    98.3835 1.9932e-03 3.3667e+00    156.821    13.3270    38.5683    29.0920 0.0000e+00
    524.000    13.4003     0.1874    98.3840 2.5479e-03 2.6383e+00    156.970    13.3234    38.5678    29.0923 0.0000e+00
    525.000    13.3981     0.1864    98.3894 2.4119e-03 2.2049e+00    156.762    13.3212    38.5675    29.0926 0.0000e+00
    526.000    13.3963     0.1847    98.3839 1.8409e-03 2.1295e+00    157.094    13.3192    38.5671    29.0927 0.0000e+00
