Data/ruptures/PEACETIME/FAST/PEACETIME_FAST_CTD_081.cnv
* Sea-Bird SBE 9 Data File:
* FileName = C:\CTD\rawCTD\PEACETIME_FAST_CTD_081.hdr
* Software Version Seasave V 7.23.2
* Temperature SN = 1378
* Conductivity SN = 2929
* Number of Bytes Per Scan = 38
* Number of Voltage Words = 5
* Number of Scans Averaged by the Deck Unit = 1
* NMEA Latitude = 37 56.79 N
* NMEA Longitude = 002 55.00 E
* NMEA UTC (Time) = Jun 07 2017  02:17:49
* NMEA baud rate = 4800
** Cruise:   PEACETIME
** Station:   CTD_FAST_081
# nquan = 11
# nvalues = 501                         
# units = specified
# name 0 = prDM: Pressure, Digiquartz [db]
# name 1 = t090C: Temperature [ITS-90, deg C]
# name 2 = flC: Fluorescence, Chelsea Aqua 3 Chl Con [ug/l]
# name 3 = CStarTr0: Beam Transmission, WET Labs C-Star [%]
# name 4 = par: PAR/Irradiance, Biospherical/Licor
# name 5 = spar: SPAR/Surface Irradiance
# name 6 = sbeox0Mm/Kg: Oxygen, SBE 43 [umol/kg]
# name 7 = potemp090C: Potential Temperature [ITS-90, deg C]
# name 8 = sal00: Salinity, Practical [PSU]
# name 9 = sigma-é00: Density [sigma-theta, kg/m^3]
# name 10 = flag:
# span 0 =      1.000,    501.000       
# span 1 =    13.4336,    21.7261       
# span 2 =     0.1741,     0.5334       
# span 3 =    93.4815,    98.1958       
# span 4 = -2.808e-06, 3.0823e-01       
# span 5 = 1.3663e+00, 4.5312e+00       
# span 6 =    152.117,    240.808       
# span 7 =    13.3600,    21.7259       
# span 8 =    37.0595,    38.5946       
# span 9 =    25.8753,    29.0896       
# span 10 = 0.0000e+00, 0.0000e+00      
# interval = decibars: 1                
# start_time = Jun 07 2017 02:17:49 [NMEA time, first data scan]
# bad_flag = -9.990e-29
*END*
[from data line 132]
    133.000    13.9810     0.1912    97.9034 1.0000e-12 3.4231e+00    187.556    13.9613    38.1823    28.6574 0.0000e+00
    134.000    13.9719     0.1944    97.8946 1.0000e-12 1.7387e+00    186.869    13.9520    38.1863    28.6625 0.0000e+00
    135.000    13.9632     0.1997    97.9008 1.0000e-12 3.5216e+00    185.970    13.9432    38.1917    28.6686 0.0000e+00
    136.000    13.9612     0.1917    97.9046 1.0000e-12 3.1248e+00    185.799    13.9411    38.1922    28.6694 0.0000e+00
    137.000    13.9525     0.1938    97.9007 1.0000e-12 2.7240e+00    186.799    13.9322    38.1952    28.6737 0.0000e+00
    138.000    13.9365     0.2001    97.8988 1.0000e-12 2.8660e+00    185.066    13.9161    38.2004    28.6812 0.0000e+00
    139.000    13.9170     0.1906    97.9040 1.0000e-12 1.8335e+00    184.220    13.8964    38.2095    28.6925 0.0000e+00
    140.000    13.9091     0.1922    97.9126 -9.990e-29 3.0391e+00    183.589    13.8884    38.2132    28.6970 0.0000e+00
    141.000    13.8986     0.1930    97.9181 1.0000e-12 2.3928e+00    184.940    13.8778    38.2182    28.7032 0.0000e+00
    142.000    13.8853     0.1895    97.9407 1.0000e-12 2.1798e+00    186.174    13.8644    38.2253    28.7116 0.0000e+00
    143.000    13.8778     0.1881    97.9465 1.0000e-12 3.8309e+00    186.305    13.8567    38.2283    28.7155 0.0000e+00
    144.000    13.8741     0.1933    97.9403 1.3346e-05 3.6578e+00    186.554    13.8529    38.2316    28.7190 0.0000e+00
    145.000    13.8697     0.1871    97.9419 -9.990e-29 2.8468e+00    187.207    13.8483    38.2343    28.7220 0.0000e+00
    146.000    13.8608     0.1869    97.9504 1.0000e-12 2.9559e+00    188.055    13.8393    38.2416    28.7296 0.0000e+00
    147.000    13.8562     0.1856    97.9482 1.0000e-12 2.7755e+00    189.784    13.8345    38.2462    28.7342 0.0000e+00
    148.000    13.8563     0.1894    97.9565 1.0000e-12 2.5775e+00    190.990    13.8345    38.2537    28.7400 0.0000e+00
    149.000    13.8475     0.1860    97.9539 1.0000e-12 2.5842e+00    189.742    13.8255    38.2568    28.7443 0.0000e+00
    150.000    13.8452     0.1925    97.9042 1.0000e-12 2.8027e+00    189.473    13.8231    38.2624    28.7492 0.0000e+00
    151.000    13.8474     0.1891    97.9474 1.0000e-12 2.9472e+00    189.468    13.8251    38.2684    28.7535 0.0000e+00
    152.000    13.8387     0.1878    97.9822 1.0000e-12 2.3151e+00    189.643    13.8163    38.2763    28.7614 0.0000e+00
    153.000    13.8301     0.1943    98.0025 1.0000e-12 3.2430e+00    189.427    13.8075    38.2784    28.7650 0.0000e+00
    154.000    13.8128     0.1939    98.0066 -9.990e-29 1.9635e+00    190.107    13.7901    38.2787    28.7690 0.0000e+00
    155.000    13.8015     0.1908    98.0066 -9.990e-29 3.3279e+00    190.989    13.7787    38.2803    28.7726 0.0000e+00
    156.000    13.7968     0.1871    98.0153 -9.990e-29 2.8211e+00    191.008    13.7739    38.2815    28.7745 0.0000e+00
    157.000    13.7953     0.1878    98.0066 -9.990e-29 2.8447e+00    190.291    13.7722    38.2824    28.7756 0.0000e+00
    158.000    13.7939     0.1915    98.0225 1.0000e-12 2.3780e+00    190.032    13.7707    38.2841    28.7773 0.0000e+00
    159.000    13.7925     0.1917    98.0167 1.0000e-12 3.4991e+00    189.965    13.7691    38.2859    28.7790 0.0000e+00
    160.000    13.7835     0.1946    98.0184 1.0000e-12 3.0461e+00    190.643    13.7599    38.2870    28.7818 0.0000e+00
    161.000    13.7775     0.1860    98.0231 1.0000e-12 2.9345e+00    189.980    13.7538    38.2906    28.7859 0.0000e+00
    162.000    13.7748     0.1872    98.0159 7.9841e-06 3.7097e+00    189.448    13.7510    38.2919    28.7875 0.0000e+00
    163.000    13.7697     0.1913    98.0281 4.8103e-05 2.0798e+00    189.145    13.7457    38.2924    28.7890 0.0000e+00
    164.000    13.7668     0.1967    98.0301 -9.990e-29 2.4363e+00    189.072    13.7426    38.2923    28.7896 0.0000e+00
    165.000    13.7581     0.1972    98.0130 -9.990e-29 4.2875e+00    189.713    13.7339    38.2934    28.7924 0.0000e+00
    166.000    13.7505     0.1936    98.0276 1.0000e-12 1.9347e+00    190.568    13.7262    38.2955    28.7956 0.0000e+00
    167.000    13.7458     0.1909    98.0274 1.0000e-12 1.4596e+00    191.340    13.7213    38.2976    28.7983 0.0000e+00
    168.000    13.7365     0.1906    98.0314 1.0000e-12 2.6292e+00    190.876    13.7118    38.2990    28.8014 0.0000e+00
    169.000    13.7312     0.1801    98.0414 1.0000e-12 2.8654e+00    190.187    13.7064    38.3021    28.8050 0.0000e+00
    170.000    13.7209     0.1847    98.0481 1.4469e-06 1.4997e+00    189.611    13.6959    38.3037    28.8085 0.0000e+00
    171.000    13.7048     0.1796    98.0352 2.1744e-04 3.0100e+00    186.723    13.6797    38.3060    28.8138 0.0000e+00
    172.000    13.6880     0.1781    98.0340 2.9952e-06 2.1089e+00    183.400    13.6628    38.3083    28.8191 0.0000e+00
    173.000    13.6811     0.1830    98.0193 8.5150e-06 1.7829e+00    182.796    13.6558    38.3097    28.8217 0.0000e+00
    174.000    13.6740     0.1865    98.0202 -9.990e-29 3.9370e+00    182.854    13.6485    38.3120    28.8251 0.0000e+00
    175.000    13.6672     0.1852    98.0177 1.0000e-12 2.1723e+00    183.192    13.6416    38.3136    28.8277 0.0000e+00
    176.000    13.6651     0.1868    98.0146 1.2158e-05 2.6302e+00    183.526    13.6393    38.3143    28.8288 0.0000e+00
    177.000    13.6604     0.1805    98.0153 1.4190e-06 2.9184e+00    183.705    13.6345    38.3148    28.8302 0.0000e+00
    178.000    13.6534     0.1877    98.0171 3.0617e-06 2.3593e+00    183.271    13.6274    38.3158    28.8325 0.0000e+00
    179.000    13.6361     0.1855    98.0128 -4.069e-09 2.1671e+00    183.188    13.6099    38.3188    28.8385 0.0000e+00
    180.000    13.6256     0.1835    98.0060 1.0000e-12 2.8820e+00    183.911    13.5993    38.3207    28.8423 0.0000e+00
    181.000    13.6212     0.1861    98.0214 1.8184e-04 3.3275e+00    184.578    13.5948    38.3217    28.8440 0.0000e+00
    182.000    13.6159     0.1871    98.0276 4.4632e-04 3.1317e+00    184.745    13.5893    38.3224    28.8457 0.0000e+00
    183.000    13.6103     0.1869    98.0334 1.4014e-07 2.3548e+00    184.827    13.5836    38.3223    28.8469 0.0000e+00
    184.000    13.6056     0.1845    98.0227 1.3719e-06 2.4767e+00    185.552    13.5788    38.3251    28.8501 0.0000e+00
    185.000    13.6203     0.1829    98.0339 1.6209e-06 3.4873e+00    188.167    13.5933    38.3379    28.8569 0.0000e+00
    186.000    13.6255     0.1832    98.0598 -9.990e-29 2.2863e+00    187.906    13.5983    38.3447    28.8611 0.0000e+00
    187.000    13.6343     0.1773    98.0671 -9.990e-29 2.0750e+00    184.948    13.6069    38.3509    28.8641 0.0000e+00
    188.000    13.6422     0.1784    98.0682 5.9165e-04 2.6129e+00    183.626    13.6147    38.3550    28.8656 0.0000e+00
    189.000    13.6490     0.1824    98.0687 4.5370e-04 1.8741e+00    183.053    13.6213    38.3587    28.8670 0.0000e+00
    190.000    13.6519     0.1862    98.0561 8.5832e-05 2.8541e+00    182.531    13.6241    38.3606    28.8679 0.0000e+00
    191.000    13.6534     0.1795    98.0475 1.0078e-04 2.9029e+00    182.150    13.6254    38.3620    28.8687 0.0000e+00
    192.000    13.6563     0.1835    98.0668 8.3193e-04 4.3434e+00    181.232    13.6281    38.3657    28.8710 0.0000e+00
    193.000    13.6509     0.1797    98.0763 1.7547e-04 2.8025e+00    181.942    13.6226    38.3671    28.8733 0.0000e+00
    194.000    13.6491     0.1794    98.0822 -9.990e-29 1.5888e+00    181.441    13.6207    38.3685    28.8748 0.0000e+00
    195.000    13.6480     0.1795    98.0659 -9.990e-29 2.4692e+00    181.240    13.6195    38.3698    28.8760 0.0000e+00
    196.000    13.6389     0.1807    98.0820 -9.990e-29 2.3106e+00    181.269    13.6102    38.3694    28.8777 0.0000e+00
    197.000    13.6341     0.1783    98.0815 -9.990e-29 3.5046e+00    181.105    13.6053    38.3711    28.8800 0.0000e+00
    198.000    13.6351     0.1821    98.0621 1.0000e-12 2.4088e+00    180.865    13.6061    38.3737    28.8819 0.0000e+00
    199.000    13.6413     0.1812    98.0834 2.7219e-05 1.8384e+00    179.610    13.6121    38.3790    28.8847 0.0000e+00
    200.000    13.6411     0.1778    98.0808 7.7447e-05 2.5566e+00    179.801    13.6118    38.3802    28.8857 0.0000e+00
    201.000    13.6389     0.1769    98.0790 4.6300e-04 2.9313e+00    179.688    13.6095    38.3829    28.8883 0.0000e+00
    202.000    13.6386     0.1827    98.0834 6.2636e-04 3.2923e+00    179.208    13.6091    38.3849    28.8900 0.0000e+00
    203.000    13.6390     0.1772    98.0828 8.8382e-05 2.7336e+00    179.093    13.6092    38.3860    28.8908 0.0000e+00
    204.000    13.6390     0.1809    98.0815 9.7687e-07 2.8152e+00    178.816    13.6091    38.3880    28.8923 0.0000e+00
    205.000    13.6359     0.1845    98.0861 -3.777e-09 3.3359e+00    178.764    13.6059    38.3898    28.8944 0.0000e+00
    206.000    13.6349     0.1799    98.0871 1.0000e-12 3.5615e+00    178.596    13.6048    38.3910    28.8956 0.0000e+00
    207.000    13.6338     0.1809    98.0854 3.0527e-06 3.3764e+00    178.269    13.6035    38.3931    28.8975 0.0000e+00
    208.000    13.6332     0.1826    98.0722 2.7543e-08 2.3848e+00    178.385    13.6028    38.3942    28.8985 0.0000e+00
    209.000    13.6317     0.1809    98.0878 -9.990e-29 2.1670e+00    177.826    13.6011    38.3959    28.9002 0.0000e+00
    210.000    13.6300     0.1826    98.0938 -9.990e-29 3.2089e+00    177.705    13.5993    38.3977    28.9020 0.0000e+00
    211.000    13.6281     0.1885    98.1047 -9.990e-29 3.2927e+00    177.363    13.5972    38.3997    28.9040 0.0000e+00
    212.000    13.6268     0.1846    98.1056 -9.990e-29 2.8506e+00    177.519    13.5958    38.4011    28.9053 0.0000e+00
    213.000    13.6250     0.1897    98.1050 -9.990e-29 2.2964e+00    177.402    13.5938    38.4026    28.9070 0.0000e+00
    214.000    13.6220     0.1866    98.0961 -9.990e-29 3.0408e+00    177.231    13.5906    38.4042    28.9089 0.0000e+00
    215.000    13.6193     0.1795    98.1075 8.0369e-05 1.4992e+00    177.282    13.5878    38.4051    28.9101 0.0000e+00
    216.000    13.6159     0.1832    98.1049 4.5875e-04 2.9809e+00    177.414    13.5843    38.4069    28.9123 0.0000e+00
    217.000    13.6135     0.1881    98.0989 4.4036e-04 3.3787e+00    177.237    13.5818    38.4080    28.9137 0.0000e+00
    218.000    13.6139     0.1855    98.1094 2.0074e-04 2.3734e+00    176.790    13.5819    38.4084    28.9140 0.0000e+00
    219.000    13.6134     0.1870    98.0739 8.0034e-04 4.0304e+00    176.321    13.5814    38.4098    28.9151 0.0000e+00
    220.000    13.6131     0.1798    98.1123 2.4770e-04 2.9996e+00    176.426    13.5809    38.4100    28.9154 0.0000e+00
    221.000    13.6142     0.1813    98.1145 6.2253e-04 2.7741e+00    176.324    13.5818    38.4111    28.9160 0.0000e+00
    222.000    13.6179     0.1846    98.1023 2.0984e-04 3.3744e+00    175.484    13.5853    38.4150    28.9183 0.0000e+00
    223.000    13.6221     0.1823    98.1134 3.8521e-04 2.7987e+00    173.895    13.5894    38.4200    28.9214 0.0000e+00
    224.000    13.6310     0.1785    98.1174 2.3071e-04 1.7543e+00    171.788    13.5982    38.4271    28.9250 0.0000e+00
    225.000    13.6342     0.1773    98.1236 3.8148e-04 3.8025e+00    171.320    13.6013    38.4308    28.9272 0.0000e+00
    226.000    13.6331     0.1825    98.1054 3.3494e-04 2.6936e+00    170.873    13.5999    38.4323    28.9286 0.0000e+00
    227.000    13.6309     0.1809    98.1253 1.7904e-04 1.5706e+00    170.949    13.5976    38.4352    28.9314 0.0000e+00
    228.000    13.6296     0.1804    98.1294 7.6711e-05 2.4598e+00    170.999    13.5962    38.4366    28.9327 0.0000e+00
    229.000    13.6267     0.1767    98.1303 1.1729e-04 2.3395e+00    171.655    13.5931    38.4380    28.9346 0.0000e+00
    230.000    13.6236     0.1803    98.1322 2.6167e-04 2.5372e+00    171.648    13.5898    38.4386    28.9357 0.0000e+00
    231.000    13.6222     0.1847    98.1289 1.1294e-03 2.6408e+00    171.754    13.5884    38.4393    28.9365 0.0000e+00
    232.000    13.6216     0.1895    98.1321 7.6147e-04 1.8293e+00    171.389    13.5876    38.4398    28.9371 0.0000e+00
    233.000    13.6213     0.1821    98.1322 8.6578e-04 2.7335e+00    171.817    13.5872    38.4400    28.9373 0.0000e+00
    234.000    13.6210     0.1808    98.1266 3.0472e-05 2.1865e+00    171.773    13.5867    38.4401    28.9375 0.0000e+00
    235.000    13.6208     0.1858    98.1186 9.8864e-05 2.8998e+00    171.671    13.5863    38.4402    28.9377 0.0000e+00
    236.000    13.6205     0.1807    98.1185 2.3124e-05 3.8608e+00    171.332    13.5859    38.4405    28.9380 0.0000e+00
    237.000    13.6259     0.1834    98.1303 4.0495e-05 3.0300e+00    169.999    13.5911    38.4485    28.9431 0.0000e+00
    238.000    13.6301     0.1843    98.1321 3.1997e-04 2.6438e+00    169.468    13.5952    38.4531    28.9458 0.0000e+00
    239.000    13.6314     0.1849    98.1342 4.1234e-04 2.5928e+00    169.034    13.5964    38.4546    28.9467 0.0000e+00
    240.000    13.6339     0.1853    98.1252 1.0352e-03 2.4973e+00    168.645    13.5987    38.4569    28.9480 0.0000e+00
    241.000    13.6337     0.1875    98.1340 1.3846e-03 3.1662e+00    168.328    13.5983    38.4586    28.9494 0.0000e+00
    242.000    13.6331     0.1826    98.1306 1.1353e-03 2.7826e+00    168.404    13.5976    38.4594    28.9502 0.0000e+00
    243.000    13.6341     0.1849    98.1310 1.7395e-03 3.2127e+00    168.036    13.5985    38.4619    28.9519 0.0000e+00
    244.000    13.6365     0.1836    98.1368 4.6480e-04 2.8403e+00    167.298    13.6007    38.4657    28.9544 0.0000e+00
    245.000    13.6369     0.1841    98.1413 1.2279e-04 2.7232e+00    167.401    13.6009    38.4671    28.9554 0.0000e+00
    246.000    13.6380     0.1876 -9.990e-29 1.1675e-04 3.3705e+00    166.992    13.6018    38.4688    28.9565 0.0000e+00
    247.000    13.6336     0.1872 -9.990e-29 5.1187e-04 2.3524e+00    167.182    13.5974    38.4697    28.9582 0.0000e+00
    248.000    13.6234     0.1852    98.1334 4.7730e-04 2.7171e+00    167.620    13.5871    38.4681    28.9591 0.0000e+00
    249.000    13.6166     0.1853    98.1342 3.9368e-04 1.9043e+00    168.101    13.5801    38.4682    28.9607 0.0000e+00
    250.000    13.6200     0.1914    98.1231 6.9080e-04 2.1913e+00    167.653    13.5833    38.4725    28.9634 0.0000e+00
    251.000    13.6207     0.1846 -9.990e-29 1.5355e-03 2.1807e+00    166.881    13.5839    38.4756    28.9656 0.0000e+00
    252.000    13.6249     0.1855    98.1354 8.8551e-04 2.4180e+00    166.618    13.5879    38.4819    28.9696 0.0000e+00
    253.000    13.6190     0.1839    98.1311 1.7445e-03 3.0544e+00    166.455    13.5819    38.4821    28.9711 0.0000e+00
    254.000    13.6157     0.1901    98.1366 7.7264e-04 2.8160e+00    166.301    13.5784    38.4827    28.9723 0.0000e+00
    255.000    13.6137     0.1838    98.1384 6.7381e-04 2.1880e+00    166.438    13.5763    38.4834    28.9733 0.0000e+00
    256.000    13.6151     0.1805    98.1434 1.4655e-03 2.1673e+00    166.011    13.5776    38.4850    28.9743 0.0000e+00
    257.000    13.6204     0.1840    98.1406 1.4766e-03 1.7524e+00    165.027    13.5827    38.4880    28.9755 0.0000e+00
    258.000    13.6209     0.1816    98.1318 8.9052e-04 3.5377e+00    164.633    13.5830    38.4894    28.9765 0.0000e+00
    259.000    13.6238     0.1827    98.1409 1.4784e-03 3.0948e+00    164.091    13.5857    38.4912    28.9773 0.0000e+00
    260.000    13.6252     0.1817    98.1280 2.2705e-03 2.6653e+00    163.616    13.5870    38.4930    28.9785 0.0000e+00
    261.000    13.6244     0.1847    98.1347 2.0893e-03 2.8435e+00    163.516    13.5861    38.4941    28.9795 0.0000e+00
    262.000    13.6239     0.1842    98.1413 1.3397e-03 2.1474e+00    163.357    13.5854    38.4949    28.9803 0.0000e+00
