Data/ruptures/PEACETIME/FAST/PEACETIME_FAST_CTD_089.cnv
* Sea-Bird SBE 9 Data File:
* FileName = C:\CTD\rawCTD\PEACETIME_ST10_CTD_089.hdr
* Software Version Seasave V 7.23.2
* Temperature SN = 1378
* Conductivity SN = 2929
* Number of Bytes Per Scan = 38
* Number of Voltage Words = 5
* Number of Scans Averaged by the Deck Unit = 1
* NMEA Latitude = 37 56.81 N
* NMEA Longitude = 002 54.96 E
* NMEA UTC (Time) = Jun 08 2017  20:39:28
* NMEA baud rate = 4800
** Cruise:   PEACETIME
** Station:   FAST_CTD_089
# nquan = 11
# nvalues = 997                         
# units = specified
# name 0 = prDM: Pressure, Digiquartz [db]
# name 1 = t090C: Temperature [ITS-90, deg C]
# name 2 = flC: Fluorescence, Chelsea Aqua 3 Chl Con [ug/l]
# name 3 = CStarTr0: Beam Transmission, WET Labs C-Star [%]
# name 4 = par: PAR/Irradiance, Biospherical/Licor
# name 5 = spar: SPAR/Surface Irradiance
# name 6 = sbeox0Mm/Kg: Oxygen, SBE 43 [umol/kg]
# name 7 = potemp090C: Potential Temperature [ITS-90, deg C]
# name 8 = sal00: Salinity, Practical [PSU]
# name 9 = sigma-é00: Density [sigma-theta, kg/m^3]
# name 10 = flag:
# span 0 =      4.000,   1000.000       
# span 1 =    13.1783,    21.6579       
# span 2 =     0.1685,     0.5026       
# span 3 =    94.8459,    98.2138       
# span 4 = -6.303e-05, 1.1284e-01       
# span 5 = 6.3263e-01, 4.4933e+00       
# span 6 =    152.200,    239.835       
# span 7 =    13.0317,    21.6568       
# span 8 =    36.9844,    38.5872       
# span 9 =    25.9128,    29.1066       
# span 10 = 0.0000e+00, 0.0000e+00      
# interval = decibars: 1                
# start_time = Jun 08 2017 20:39:28 [NMEA time, first data scan]
# bad_flag = -9.990e-29
*END*
[from data line 787]
    791.000    13.2528     0.1769    98.1875 1.6661e-03 2.6569e+00    164.342    13.1366    38.5313    29.1033 0.0000e+00
    792.000    13.2528     0.1837    98.1875 6.8913e-04 2.8734e+00    164.542    13.1365    38.5314    29.1034 0.0000e+00
    793.000    13.2531     0.1831    98.1875 1.0752e-03 2.6750e+00    164.549    13.1366    38.5314    29.1033 0.0000e+00
    794.000    13.2532     0.1814    98.1875 1.3189e-03 2.5188e+00    164.965    13.1366    38.5313    29.1033 0.0000e+00
    795.000    13.2534     0.1806    98.1875 1.2942e-03 2.1209e+00    164.849    13.1366    38.5314    29.1033 0.0000e+00
    796.000    13.2535     0.1819    98.1875 3.6084e-04 2.5755e+00    164.683    13.1365    38.5314    29.1034 0.0000e+00
    797.000    13.2537     0.1759    98.1875 2.2131e-03 2.0083e+00    164.375    13.1366    38.5314    29.1033 0.0000e+00
    798.000    13.2538     0.1691    98.1875 1.8763e-03 3.1572e+00    164.460    13.1366    38.5315    29.1034 0.0000e+00
    799.000    13.2540     0.1795    98.1875 1.3596e-03 2.4382e+00    164.646    13.1366    38.5314    29.1033 0.0000e+00
    800.000    13.2544     0.1804    98.1875 2.3639e-04 2.1044e+00    164.711    13.1368    38.5314    29.1033 0.0000e+00
    801.000    13.2553     0.1798    98.1875 5.2190e-04 1.1959e+00    164.962    13.1376    38.5317    29.1034 0.0000e+00
    802.000    13.2559     0.1789    98.1875 1.1401e-03 2.2926e+00    164.904    13.1381    38.5318    29.1034 0.0000e+00
    803.000    13.2561     0.1787    98.1830 1.4545e-03 2.0987e+00    164.702    13.1381    38.5318    29.1034 0.0000e+00
    804.000    13.2564     0.1773    98.1892 1.7575e-03 2.8610e+00    164.823    13.1382    38.5319    29.1034 0.0000e+00
    805.000    13.2574     0.1806    98.1731 4.1530e-03 2.5812e+00    165.081    13.1391    38.5322    29.1034 0.0000e+00
    806.000    13.2582     0.1826    98.1878 2.0482e-03 2.9189e+00    165.011    13.1398    38.5326    29.1036 0.0000e+00
    807.000    13.2587     0.1851    98.1875 1.0285e-03 3.3359e+00    165.098    13.1401    38.5326    29.1036 0.0000e+00
    808.000    13.2591     0.1848    98.1875 9.6119e-04 3.1182e+00    164.964    13.1403    38.5327    29.1036 0.0000e+00
    809.000    13.2592     0.1817    98.1875 6.6263e-04 1.9815e+00    165.147    13.1403    38.5326    29.1035 0.0000e+00
    810.000    13.2593     0.1818    98.1875 1.8657e-03 3.0018e+00    165.133    13.1403    38.5327    29.1036 0.0000e+00
    811.000    13.2596     0.1756    98.1875 9.3681e-04 2.1802e+00    164.939    13.1403    38.5327    29.1036 0.0000e+00
    812.000    13.2597     0.1775    98.1875 1.4077e-03 3.2441e+00    164.812    13.1403    38.5327    29.1036 0.0000e+00
    813.000    13.2598     0.1795    98.1875 1.2454e-03 2.1534e+00    164.940    13.1403    38.5328    29.1036 0.0000e+00
    814.000    13.2600     0.1801    98.1875 7.0546e-04 2.0337e+00    165.285    13.1404    38.5327    29.1036 0.0000e+00
    815.000    13.2601     0.1795    98.1875 1.6864e-03 2.2979e+00    165.240    13.1402    38.5328    29.1037 0.0000e+00
    816.000    13.2604     0.1817    98.1875 2.1283e-03 3.3151e+00    165.275    13.1404    38.5327    29.1036 0.0000e+00
    817.000    13.2605     0.1802    98.1875 2.3082e-03 1.8785e+00    165.600    13.1404    38.5327    29.1036 0.0000e+00
    818.000    13.2606     0.1829    98.1875 2.3036e-03 2.8308e+00    165.444    13.1403    38.5326    29.1036 0.0000e+00
    819.000    13.2603     0.1819    98.1875 2.4341e-03 2.5233e+00    165.441    13.1399    38.5326    29.1036 0.0000e+00
    820.000    13.2591     0.1811    98.1875 1.6655e-03 1.5213e+00    165.601    13.1385    38.5323    29.1037 0.0000e+00
    821.000    13.2583     0.1797    98.1875 2.4477e-03 2.8332e+00    165.381    13.1376    38.5321    29.1037 0.0000e+00
    822.000    13.2577     0.1837    98.1875 2.5609e-03 1.5597e+00    164.988    13.1368    38.5319    29.1037 0.0000e+00
    823.000    13.2577     0.1838    98.1875 1.6754e-03 3.1994e+00    165.041    13.1367    38.5319    29.1037 0.0000e+00
    824.000    13.2574     0.1814    98.1875 2.6790e-03 1.9581e+00    165.081    13.1362    38.5318    29.1037 0.0000e+00
    825.000    13.2570     0.1755    98.1875 1.9046e-03 2.7574e+00    165.280    13.1357    38.5317    29.1037 0.0000e+00
    826.000    13.2565     0.1783    98.1875 2.6785e-03 3.5362e+00    165.443    13.1350    38.5315    29.1037 0.0000e+00
    827.000    13.2545     0.1768    98.1875 4.7491e-03 1.9108e+00    165.299    13.1329    38.5309    29.1037 0.0000e+00
    828.000    13.2553     0.1834    98.1875 3.3993e-03 2.1147e+00    164.993    13.1335    38.5311    29.1038 0.0000e+00
    829.000    13.2546     0.1826    98.1875 2.0213e-03 1.4155e+00    165.303    13.1327    38.5308    29.1037 0.0000e+00
    830.000    13.2542     0.1811    98.1875 1.3117e-03 3.1814e+00    165.303    13.1322    38.5308    29.1038 0.0000e+00
    831.000    13.2532     0.1853    98.1875 2.4238e-03 2.0039e+00    165.250    13.1310    38.5304    29.1038 0.0000e+00
    832.000    13.2526     0.1854    98.1875 2.1362e-03 2.6794e+00    165.219    13.1302    38.5304    29.1039 0.0000e+00
    833.000    13.2512     0.1809    98.1875 3.2172e-03 1.2708e+00    165.361    13.1288    38.5299    29.1038 0.0000e+00
    834.000    13.2481     0.1785    98.1875 3.0742e-03 2.6806e+00    165.528    13.1255    38.5292    29.1040 0.0000e+00
    835.000    13.2476     0.1770    98.1875 2.3676e-03 3.0652e+00    165.763    13.1248    38.5291    29.1041 0.0000e+00
    836.000    13.2473     0.1802    98.1875 1.6337e-03 2.2965e+00    165.686    13.1244    38.5290    29.1041 0.0000e+00
    837.000    13.2467     0.1772    98.1875 1.7557e-04 2.5337e+00    165.666    13.1236    38.5287    29.1040 0.0000e+00
    838.000    13.2443     0.1769    98.1875 1.2100e-03 3.2710e+00    165.268    13.1211    38.5282    29.1041 0.0000e+00
    839.000    13.2425     0.1804    98.1875 1.7323e-03 2.7076e+00    165.512    13.1191    38.5278    29.1042 0.0000e+00
    840.000    13.2405     0.1774    98.1875 1.5905e-03 2.3965e+00    165.868    13.1170    38.5272    29.1042 0.0000e+00
    841.000    13.2388     0.1769    98.1875 3.0865e-03 2.8596e+00    165.923    13.1152    38.5268    29.1042 0.0000e+00
    842.000    13.2381     0.1759    98.1875 1.3527e-03 1.6042e+00    166.000    13.1143    38.5265    29.1042 0.0000e+00
    843.000    13.2381     0.1800    98.1875 5.4123e-04 2.1807e+00    165.673    13.1142    38.5266    29.1043 0.0000e+00
    844.000    13.2378     0.1864    98.1875 7.3100e-04 1.3685e+00    165.656    13.1138    38.5266    29.1044 0.0000e+00
    845.000    13.2371     0.1846    98.1875 8.5007e-04 2.7673e+00    166.065    13.1129    38.5264    29.1044 0.0000e+00
    846.000    13.2350     0.1770    98.1905 8.6870e-04 2.7466e+00    166.082    13.1106    38.5256    29.1043 0.0000e+00
    847.000    13.2307     0.1774    98.1927 3.8418e-04 2.0059e+00    166.253    13.1062    38.5246    29.1044 0.0000e+00
    848.000    13.2306     0.1731    98.1956 5.0468e-04 2.2848e+00    165.952    13.1059    38.5247    29.1046 0.0000e+00
    849.000    13.2284     0.1710    98.1946 2.7280e-05 2.6653e+00    165.995    13.1037    38.5240    29.1045 0.0000e+00
    850.000    13.2268     0.1700    98.1947 9.7724e-05 2.9208e+00    166.411    13.1019    38.5237    29.1046 0.0000e+00
    851.000    13.2240     0.1752    98.1912 4.4752e-04 2.9607e+00    166.460    13.0989    38.5229    29.1046 0.0000e+00
    852.000    13.2207     0.1837    98.1949 4.0639e-04 2.7311e+00    166.783    13.0955    38.5220    29.1046 0.0000e+00
    853.000    13.2158     0.1841    98.1929 5.8454e-05 2.1570e+00    166.851    13.0905    38.5208    29.1048 0.0000e+00
    854.000    13.2129     0.1850    98.1874 1.0283e-05 1.9466e+00    166.568    13.0875    38.5202    29.1049 0.0000e+00
    855.000    13.2120     0.1849    98.1934 1.4138e-03 2.4177e+00    166.582    13.0865    38.5201    29.1050 0.0000e+00
    856.000    13.2109     0.1756    98.1951 1.4012e-03 2.3023e+00    166.257    13.0852    38.5196    29.1049 0.0000e+00
    857.000    13.2083     0.1715    98.1965 8.4127e-04 2.0688e+00    166.779    13.0824    38.5190    29.1050 0.0000e+00
    858.000    13.2075     0.1766    98.1810 1.1184e-03 1.7208e+00    166.989    13.0815    38.5186    29.1049 0.0000e+00
    859.000    13.2054     0.1817    98.2060 1.0582e-03 2.6152e+00    167.064    13.0793    38.5181    29.1050 0.0000e+00
    860.000    13.2025     0.1837    98.1816 5.5021e-04 1.9984e+00    167.024    13.0762    38.5176    29.1053 0.0000e+00
    861.000    13.1980     0.1833    98.1947 7.5244e-05 1.7713e+00    166.829    13.0715    38.5163    29.1052 0.0000e+00
    862.000    13.1943     0.1815    98.1928 4.2819e-04 1.8914e+00    166.972    13.0678    38.5155    29.1054 0.0000e+00
    863.000    13.1933     0.1806    98.1670 1.7979e-03 2.4749e+00    167.188    13.0667    38.5151    29.1053 0.0000e+00
    864.000    13.1897     0.1785    98.1918 9.1839e-04 2.7357e+00    167.924    13.0629    38.5144    29.1055 0.0000e+00
    865.000    13.1894     0.1778    98.2066 2.1665e-03 2.4346e+00    167.701    13.0624    38.5143    29.1056 0.0000e+00
    866.000    13.1893     0.1784    98.2011 1.6494e-05 1.3512e+00    167.396    13.0622    38.5144    29.1057 0.0000e+00
    867.000    13.1896     0.1776    98.2026 1.8007e-03 2.2459e+00    167.355    13.0623    38.5141    29.1055 0.0000e+00
    868.000    13.1897     0.1772    98.1940 1.3987e-03 2.3229e+00    167.790    13.0623    38.5142    29.1055 0.0000e+00
    869.000    13.1898     0.1771    98.2007 9.1428e-04 1.2222e+00    167.495    13.0622    38.5143    29.1056 0.0000e+00
    870.000    13.1899     0.1772    98.1954 9.5499e-04 2.0551e+00    167.433    13.0622    38.5143    29.1056 0.0000e+00
    871.000    13.1901     0.1794    98.1976 5.6245e-04 3.2130e+00    167.845    13.0622    38.5143    29.1057 0.0000e+00
    872.000    13.1903     0.1831    98.2047 1.6328e-03 2.2661e+00    167.778    13.0623    38.5142    29.1055 0.0000e+00
    873.000    13.1905     0.1818    98.2106 3.5215e-04 2.7541e+00    167.811    13.0623    38.5143    29.1056 0.0000e+00
    874.000    13.1907     0.1847    98.2013 9.6347e-04 1.7261e+00    167.325    13.0623    38.5143    29.1056 0.0000e+00
    875.000    13.1908     0.1848    98.2024 4.1672e-04 1.7806e+00    167.136    13.0623    38.5144    29.1056 0.0000e+00
    876.000    13.1909     0.1856    98.1980 8.7415e-04 2.0721e+00    167.293    13.0623    38.5143    29.1056 0.0000e+00
    877.000    13.1912     0.1852    98.2023 4.0910e-04 2.2435e+00    166.985    13.0624    38.5141    29.1054 0.0000e+00
    878.000    13.1911     0.1780    98.2080 2.9233e-04 2.7083e+00    167.140    13.0622    38.5143    29.1056 0.0000e+00
    879.000    13.1914     0.1778    98.1918 1.5737e-03 2.9717e+00    167.594    13.0623    38.5143    29.1056 0.0000e+00
    880.000    13.1917     0.1808    98.1981 1.8814e-03 1.3382e+00    167.690    13.0625    38.5143    29.1055 0.0000e+00
    881.000    13.1917     0.1836    98.2024 1.9240e-03 2.6046e+00    167.301    13.0623    38.5143    29.1056 0.0000e+00
    882.000    13.1919     0.1830    98.2066 7.0964e-04 2.4538e+00    167.177    13.0624    38.5142    29.1055 0.0000e+00
    883.000    13.1920     0.1800    98.2036 2.7083e-03 2.5243e+00    166.722    13.0623    38.5143    29.1056 0.0000e+00
    884.000    13.1921     0.1800    98.2010 4.1358e-03 2.4058e+00    167.248    13.0623    38.5144    29.1057 0.0000e+00
    885.000    13.1923     0.1796    98.2018 3.4455e-03 2.2485e+00    167.499    13.0623    38.5143    29.1056 0.0000e+00
    886.000    13.1925     0.1795    98.2068 4.0945e-03 3.1605e+00    167.557    13.0624    38.5142    29.1055 0.0000e+00
    887.000    13.1925     0.1785    98.1661 1.3679e-03 1.4920e+00    167.628    13.0622    38.5143    29.1056 0.0000e+00
    888.000    13.1927     0.1802    98.1996 1.3493e-03 2.8155e+00    167.515    13.0622    38.5144    29.1057 0.0000e+00
    889.000    13.1929     0.1820    98.1976 1.5900e-03 2.1651e+00    167.600    13.0623    38.5142    29.1055 0.0000e+00
    890.000    13.1931     0.1765    98.2059 8.2178e-04 2.7325e+00    167.310    13.0623    38.5142    29.1055 0.0000e+00
    891.000    13.1932     0.1802    98.2090 8.2529e-04 3.6890e+00    167.357    13.0623    38.5143    29.1056 0.0000e+00
    892.000    13.1935     0.1839    98.2004 1.0912e-03 3.3145e+00    167.839    13.0624    38.5144    29.1056 0.0000e+00
    893.000    13.1938     0.1797    98.1983 5.8377e-04 2.5397e+00    167.708    13.0626    38.5144    29.1056 0.0000e+00
    894.000    13.1939     0.1782    98.1994 3.6796e-04 2.3709e+00    167.615    13.0625    38.5145    29.1057 0.0000e+00
    895.000    13.1947     0.1806    98.2047 1.4225e-03 2.6038e+00    167.760    13.0632    38.5146    29.1056 0.0000e+00
    896.000    13.1950     0.1761    98.2029 1.1857e-03 2.2837e+00    167.422    13.0633    38.5146    29.1056 0.0000e+00
    897.000    13.1953     0.1756    98.2041 5.6225e-05 2.6008e+00    167.193    13.0635    38.5147    29.1057 0.0000e+00
    898.000    13.1955     0.1776    98.2025 2.9398e-04 3.5444e+00    167.617    13.0636    38.5147    29.1056 0.0000e+00
    899.000    13.1957     0.1765    98.1973 7.7845e-06 2.6712e+00    167.623    13.0636    38.5147    29.1056 0.0000e+00
    900.000    13.1964     0.1796    98.2067 1.0000e-12 2.9971e+00    167.437    13.0642    38.5148    29.1056 0.0000e+00
    901.000    13.1967     0.1773    98.2082 1.1067e-05 1.6522e+00    167.451    13.0642    38.5151    29.1058 0.0000e+00
    902.000    13.1972     0.1753    98.2037 2.1842e-06 2.8641e+00    167.554    13.0646    38.5152    29.1058 0.0000e+00
    903.000    13.1975     0.1721    98.2005 1.3459e-08 1.6999e+00    167.550    13.0648    38.5152    29.1058 0.0000e+00
    904.000    13.1977     0.1758    98.2084 1.0000e-12 2.3021e+00    167.481    13.0648    38.5150    29.1056 0.0000e+00
    905.000    13.1978     0.1796    98.2080 8.5580e-06 2.0401e+00    167.512    13.0648    38.5152    29.1058 0.0000e+00
    906.000    13.1980     0.1800    98.2059 -9.990e-29 2.3079e+00    167.606    13.0648    38.5152    29.1058 0.0000e+00
    907.000    13.1983     0.1815    98.1944 -9.990e-29 1.9145e+00    167.721    13.0650    38.5152    29.1057 0.0000e+00
    908.000    13.1984     0.1825    98.2082 -9.990e-29 2.4280e+00    167.675    13.0649    38.5152    29.1057 0.0000e+00
    909.000    13.1987     0.1798    98.2078 1.0000e-12 2.2627e+00    167.598    13.0650    38.5150    29.1056 0.0000e+00
    910.000    13.1986     0.1756    98.2011 7.2484e-05 1.2669e+00    167.932    13.0648    38.5151    29.1057 0.0000e+00
    911.000    13.1987     0.1810    98.1971 4.9870e-05 1.9904e+00    167.877    13.0647    38.5151    29.1057 0.0000e+00
    912.000    13.1987     0.1839    98.2058 4.3807e-05 2.4312e+00    167.506    13.0645    38.5151    29.1057 0.0000e+00
    913.000    13.1988     0.1854    98.2030 1.2512e-06 1.8242e+00    167.491    13.0646    38.5150    29.1057 0.0000e+00
    914.000    13.1991     0.1821    98.2048 -9.990e-29 2.0249e+00    167.798    13.0647    38.5150    29.1056 0.0000e+00
    915.000    13.1993     0.1808    98.2065 -9.990e-29 2.6969e+00    167.940    13.0647    38.5150    29.1056 0.0000e+00
    916.000    13.1995     0.1790    98.1976 1.0000e-12 2.5525e+00    168.040    13.0647    38.5151    29.1057 0.0000e+00
    917.000    13.1996     0.1845    98.2016 1.0000e-12 2.9164e+00    167.926    13.0647    38.5151    29.1057 0.0000e+00
    918.000    13.1997     0.1880    98.2019 1.0000e-12 1.5775e+00    167.743    13.0647    38.5150    29.1057 0.0000e+00
    919.000    13.1997     0.1863    98.2034 1.0000e-12 2.8180e+00    167.605    13.0645    38.5149    29.1056 0.0000e+00
    920.000    13.1995     0.1823    98.2138 -9.990e-29 2.0576e+00    167.329    13.0642    38.5150    29.1057 0.0000e+00
    921.000    13.1997     0.1833    98.1983 -9.990e-29 2.3160e+00    167.138    13.0642    38.5149    29.1057 0.0000e+00
