Data/ruptures/PEACETIME/FAST/PEACETIME_FAST_CTD_064.cnv
* Sea-Bird SBE 9 Data File:
* FileName = C:\CTD\rawCTD\PEACETIME_FAST_CTD_064.hdr
* Software Version Seasave V 7.23.2
* Temperature SN = 1378
* Conductivity SN = 2929
* Number of Bytes Per Scan = 38
* Number of Voltage Words = 5
* Number of Scans Averaged by the Deck Unit = 1
* NMEA Latitude = 37 56.81 N
* NMEA Longitude = 002 54.92 E
* NMEA UTC (Time) = Jun 04 2017  19:27:30
* NMEA baud rate = 4800
** Cruise:   PEACETIME
** Station:   FAST_CTD_064
# nquan = 11
# nvalues = 200                         
# units = specified
# name 0 = prDM: Pressure, Digiquartz [db]
# name 1 = t090C: Temperature [ITS-90, deg C]
# name 2 = flC: Fluorescence, Chelsea Aqua 3 Chl Con [ug/l]
# name 3 = CStarTr0: Beam Transmission, WET Labs C-Star [%]
# name 4 = par: PAR/Irradiance, Biospherical/Licor
# name 5 = spar: SPAR/Surface Irradiance
# name 6 = sbeox0Mm/Kg: Oxygen, SBE 43 [umol/kg]
# name 7 = potemp090C: Potential Temperature [ITS-90, deg C]
# name 8 = sal00: Salinity, Practical [PSU]
# name 9 = sigma-é00: Density [sigma-theta, kg/m^3]
# name 10 = flag:
# span 0 =      1.000,    200.000       
# span 1 =    13.6678,    21.5787       
# span 2 =     0.1812,     0.6251       
# span 3 =    93.6154,    98.2388       
# span 4 = 1.0000e-12, 3.9501e-01       
# span 5 = 1.2665e+00, 5.1699e+00       
# span 6 =    178.356,    239.520       
# span 7 =    13.6406,    21.5779       
# span 8 =    37.0109,    38.3796       
# span 9 =    25.8955,    28.8769       
# span 10 = 0.0000e+00, 0.0000e+00      
# interval = decibars: 1                
# start_time = Jun 04 2017 19:30:05 [NMEA time, first data scan]
# bad_flag = -9.990e-29
*END*
[from data line 132]
    133.000    13.9738     0.1976    98.1049 1.0000e-12 2.0949e+00    198.497    13.9541    38.1846    28.6607 0.0000e+00
    134.000    13.9714     0.2015    98.1177 1.0000e-12 3.0119e+00    198.806    13.9515    38.1857    28.6622 0.0000e+00
    135.000    13.9656     0.1971    98.1165 1.0000e-12 4.2649e+00    198.048    13.9456    38.1887    28.6657 0.0000e+00
    136.000    13.9590     0.1954    98.1354 1.0000e-12 2.2994e+00    197.752    13.9388    38.1928    28.6704 0.0000e+00
    137.000    13.9498     0.2005    98.1254 1.0000e-12 3.9719e+00    196.681    13.9295    38.1978    28.6762 0.0000e+00
    138.000    13.9337     0.1960    98.1259 1.0000e-12 3.4913e+00    196.233    13.9133    38.2069    28.6868 0.0000e+00
    139.000    13.9221     0.1955    98.1367 1.0000e-12 2.4406e+00    195.590    13.9015    38.2137    28.6946 0.0000e+00
    140.000    13.9136     0.1959    98.1455 1.0000e-12 3.5207e+00    195.040    13.8929    38.2186    28.7003 0.0000e+00
    141.000    13.9049     0.1960    98.1270 1.0000e-12 3.0778e+00    193.473    13.8841    38.2237    28.7061 0.0000e+00
    142.000    13.9002     0.1949    98.1408 1.0000e-12 3.8629e+00    193.885    13.8792    38.2269    28.7096 0.0000e+00
    143.000    13.8934     0.1927    98.1582 1.0000e-12 3.3287e+00    193.754    13.8723    38.2290    28.7128 0.0000e+00
    144.000    13.8849     0.1990    98.1500 1.0000e-12 3.2514e+00    193.727    13.8637    38.2317    28.7167 0.0000e+00
    145.000    13.8787     0.1980    98.1604 1.0000e-12 4.0981e+00    193.608    13.8573    38.2380    28.7229 0.0000e+00
    146.000    13.8676     0.1895    98.1735 1.0000e-12 2.9744e+00    192.498    13.8461    38.2410    28.7277 0.0000e+00
    147.000    13.8600     0.1938    98.1675 1.0000e-12 3.5448e+00    192.856    13.8383    38.2429    28.7308 0.0000e+00
    148.000    13.8582     0.1941    98.1629 1.0000e-12 3.5379e+00    192.865    13.8364    38.2466    28.7341 0.0000e+00
    149.000    13.8526     0.1881    98.1731 1.0000e-12 3.7130e+00    192.716    13.8306    38.2496    28.7377 0.0000e+00
    150.000    13.8337     0.1928    98.1762 1.0000e-12 1.8039e+00    192.613    13.8116    38.2585    28.7486 0.0000e+00
    151.000    13.8250     0.1935    98.1781 1.0000e-12 3.1154e+00    192.240    13.8028    38.2623    28.7535 0.0000e+00
    152.000    13.8187     0.1918    98.1752 1.0000e-12 2.3571e+00    191.288    13.7963    38.2655    28.7573 0.0000e+00
    153.000    13.8137     0.1949    98.1810 1.4121e-06 2.6831e+00    190.806    13.7911    38.2685    28.7608 0.0000e+00
    154.000    13.8090     0.1894    98.1678 7.2107e-09 2.9422e+00    190.251    13.7864    38.2705    28.7634 0.0000e+00
    155.000    13.8057     0.1867    98.1744 1.0000e-12 3.9261e+00    190.152    13.7828    38.2724    28.7656 0.0000e+00
    156.000    13.8016     0.1897    98.1829 1.0000e-12 3.2925e+00    190.403    13.7787    38.2753    28.7687 0.0000e+00
    157.000    13.7959     0.1892    98.1847 1.0000e-12 3.6766e+00    190.083    13.7728    38.2785    28.7725 0.0000e+00
    158.000    13.7877     0.1830    98.1788 1.0000e-12 2.9780e+00    189.894    13.7644    38.2831    28.7778 0.0000e+00
    159.000    13.7809     0.1873    98.1784 -9.990e-29 2.6861e+00    189.637    13.7575    38.2866    28.7820 0.0000e+00
    160.000    13.7755     0.1919    98.1835 -9.990e-29 3.1275e+00    189.241    13.7519    38.2896    28.7856 0.0000e+00
    161.000    13.7722     0.1917    98.1929 -9.990e-29 4.2769e+00    188.757    13.7485    38.2915    28.7877 0.0000e+00
    162.000    13.7685     0.1901    98.1915 -9.990e-29 1.8047e+00    188.554    13.7447    38.2933    28.7900 0.0000e+00
    163.000    13.7638     0.1913    98.2084 -9.990e-29 2.5984e+00    188.499    13.7398    38.2963    28.7934 0.0000e+00
    164.000    13.7582     0.1933    98.1880 -9.990e-29 2.6945e+00    187.506    13.7341    38.2999    28.7974 0.0000e+00
    165.000    13.7561     0.1928    98.1918 -9.990e-29 3.5864e+00    187.134    13.7319    38.3012    28.7988 0.0000e+00
    166.000    13.7476     0.1914    98.1874 -9.990e-29 2.0268e+00    185.982    13.7232    38.3035    28.8025 0.0000e+00
    167.000    13.7219     0.1922    98.1883 -9.990e-29 3.4344e+00    184.333    13.6973    38.3062    28.8101 0.0000e+00
    168.000    13.7159     0.1915    98.1777 -9.990e-29 3.6060e+00    183.862    13.6913    38.3079    28.8128 0.0000e+00
    169.000    13.7087     0.1846    98.1652 -9.990e-29 2.5830e+00    183.582    13.6839    38.3076    28.8141 0.0000e+00
    170.000    13.6955     0.1821    98.1353 -9.990e-29 3.2676e+00    183.281    13.6705    38.3062    28.8158 0.0000e+00
    171.000    13.6932     0.1869    98.1414 1.0000e-12 2.7816e+00    183.467    13.6681    38.3076    28.8175 0.0000e+00
    172.000    13.7045     0.1919    98.1634 1.0000e-12 3.6144e+00    183.753    13.6793    38.3128    28.8191 0.0000e+00
    173.000    13.7185     0.1906    98.1943 1.2927e-06 3.0350e+00    184.762    13.6931    38.3197    28.8215 0.0000e+00
    174.000    13.7209     0.1864    98.1909 5.4279e-06 4.1061e+00    184.953    13.6954    38.3219    28.8227 0.0000e+00
    175.000    13.7226     0.1875    98.2144 -9.990e-29 3.2454e+00    185.045    13.6969    38.3243    28.8242 0.0000e+00
    176.000    13.7213     0.1869    98.2074 -9.990e-29 3.0227e+00    184.854    13.6955    38.3254    28.8254 0.0000e+00
    177.000    13.7183     0.1850    98.2162 -9.990e-29 3.2949e+00    184.312    13.6923    38.3267    28.8271 0.0000e+00
    178.000    13.7089     0.1868    98.2056 -9.990e-29 3.5922e+00    184.860    13.6828    38.3296    28.8314 0.0000e+00
    179.000    13.7023     0.1812    98.1988 1.0000e-12 4.2144e+00    184.244    13.6761    38.3284    28.8318 0.0000e+00
    180.000    13.6897     0.1829    98.1780 1.0000e-12 2.5496e+00    183.789    13.6633    38.3279    28.8342 0.0000e+00
    181.000    13.6977     0.1828    98.1802 1.0000e-12 4.2338e+00    183.632    13.6711    38.3336    28.8370 0.0000e+00
    182.000    13.6908     0.1881    98.1896 1.0000e-12 1.9364e+00    183.689    13.6641    38.3343    28.8390 0.0000e+00
    183.000    13.6819     0.1848    98.1875 -9.990e-29 2.1874e+00    182.974    13.6551    38.3365    28.8427 0.0000e+00
    184.000    13.6721     0.1879    98.1520 1.0000e-12 3.2613e+00    182.897    13.6451    38.3370    28.8451 0.0000e+00
    185.000    13.6685     0.1867    98.1795 1.8435e-06 2.2584e+00    183.156    13.6414    38.3411    28.8491 0.0000e+00
    186.000    13.6678     0.1898    98.1808 3.5246e-08 2.8641e+00    182.882    13.6406    38.3460    28.8531 0.0000e+00
    187.000    13.6692     0.1836    98.1868 1.0035e-05 2.9260e+00    182.680    13.6418    38.3509    28.8566 0.0000e+00
    188.000    13.6749     0.1888    98.1778 1.5852e-05 3.2499e+00    181.991    13.6473    38.3539    28.8578 0.0000e+00
    189.000    13.6815     0.1924    98.2077 1.9176e-07 2.9130e+00    181.844    13.6538    38.3564    28.8583 0.0000e+00
    190.000    13.6815     0.1814    98.2128 5.6947e-05 3.5895e+00    181.445    13.6536    38.3575    28.8592 0.0000e+00
    191.000    13.6815     0.1837    98.2128 1.0856e-05 3.3344e+00    180.831    13.6535    38.3603    28.8614 0.0000e+00
    192.000    13.6832     0.1876    98.2238 2.9926e-05 3.7662e+00    180.087    13.6550    38.3649    28.8646 0.0000e+00
    193.000    13.6878     0.1890    98.2330 2.7002e-04 2.7144e+00    179.492    13.6595    38.3713    28.8686 0.0000e+00
    194.000    13.6877     0.1926    98.2388 7.5504e-05 2.3647e+00    178.856    13.6592    38.3730    28.8701 0.0000e+00
    195.000    13.6867     0.1839    98.2369 5.8376e-05 2.0133e+00    178.486    13.6581    38.3748    28.8716 0.0000e+00
    196.000    13.6855     0.1889    98.2245 3.0680e-06 3.1561e+00    178.704    13.6567    38.3767    28.8734 0.0000e+00
    197.000    13.6843     0.1901    98.2352 3.3419e-06 2.3266e+00    178.949    13.6554    38.3780    28.8747 0.0000e+00
    198.000    13.6824     0.1817    98.2319 -9.990e-29 2.3760e+00    178.387    13.6533    38.3792    28.8761 0.0000e+00
    199.000    13.6801     0.1839    98.2355 -9.990e-29 3.5689e+00    178.356    13.6509    38.3796    28.8769 0.0000e+00
    200.000    13.6864     0.1902    98.2173 1.0000e-12 1.2665e+00    181.152    13.6570    38.3585    28.8591 0.0000e+00
