Data/ruptures/PEACETIME/FAST/PEACETIME_FAST_CTD_083.cnv
* Sea-Bird SBE 9 Data File:
* FileName = C:\CTD\rawCTD\PEACETIME_FAST_CTD_083.hdr
* Software Version Seasave V 7.23.2
* Temperature SN = 1378
* Conductivity SN = 2929
* Number of Bytes Per Scan = 38
* Number of Voltage Words = 5
* Number of Scans Averaged by the Deck Unit = 1
* NMEA Latitude = 37 56.80 N
* NMEA Longitude = 002 55.00 E
* NMEA UTC (Time) = Jun 07 2017  08:58:44
* NMEA baud rate = 4800
** Cruise:   PEACETIME
** Station:   CTD_FAST_83
# nquan = 11
# nvalues = 2502                        
# units = specified
# name 0 = prDM: Pressure, Digiquartz [db]
# name 1 = t090C: Temperature [ITS-90, deg C]
# name 2 = flC: Fluorescence, Chelsea Aqua 3 Chl Con [ug/l]
# name 3 = CStarTr0: Beam Transmission, WET Labs C-Star [%]
# name 4 = par: PAR/Irradiance, Biospherical/Licor
# name 5 = spar: SPAR/Surface Irradiance
# name 6 = sbeox0Mm/Kg: Oxygen, SBE 43 [umol/kg]
# name 7 = potemp090C: Potential Temperature [ITS-90, deg C]
# name 8 = sal00: Salinity, Practical [PSU]
# name 9 = sigma-é00: Density [sigma-theta, kg/m^3]
# name 10 = flag:
# span 0 =      3.000,   2504.000       
# span 1 =    13.1236,    21.6067       
# span 2 =     0.1734,     0.5482       
# span 3 =    93.6383,    98.2395       
# span 4 = -9.324e-06, 8.6846e+02       
# span 5 = 1.0075e+03, 2.8561e+03       
# span 6 =    151.896,    239.357       
# span 7 =    12.9043,    21.6061       
# span 8 =    37.0168,    38.5941       
# span 9 =    25.9079,    29.1158       
# span 10 = 0.0000e+00, 0.0000e+00      
# interval = decibars: 1                
# start_time = Jun 07 2017 09:01:04 [NMEA time, first data scan]
# bad_flag = -9.990e-29
*END*
[from data line 2361]
   2364.000    13.2733     0.1883    98.1875 4.2582e-03 2.3055e+03    178.865    12.9086    38.4857    29.1153 0.0000e+00
   2365.000    13.2736     0.1897    98.1875 4.9836e-03 2.3510e+03    178.787    12.9088    38.4857    29.1152 0.0000e+00
   2366.000    13.2739     0.1933    98.1875 2.7691e-03 2.5660e+03    178.821    12.9089    38.4857    29.1153 0.0000e+00
   2367.000    13.2740     0.1945    98.1875 4.5884e-03 2.5550e+03    178.535    12.9088    38.4857    29.1153 0.0000e+00
   2368.000    13.2741     0.1903    98.1875 5.0910e-03 2.5845e+03    178.303    12.9088    38.4858    29.1154 0.0000e+00
   2369.000    13.2744     0.1920    98.1875 2.9037e-03 2.7220e+03    178.516    12.9088    38.4858    29.1153 0.0000e+00
   2370.000    13.2747     0.1953    98.1875 2.6485e-03 2.7265e+03    178.458    12.9090    38.4858    29.1153 0.0000e+00
   2371.000    13.2749     0.1937    98.1875 2.7048e-03 2.7273e+03    178.615    12.9091    38.4858    29.1153 0.0000e+00
   2372.000    13.2751     0.1832    98.1875 5.1418e-03 2.7264e+03    178.732    12.9091    38.4858    29.1153 0.0000e+00
   2373.000    13.2753     0.1857    98.1875 4.7643e-03 2.7247e+03    179.042    12.9091    38.4859    29.1154 0.0000e+00
   2374.000    13.2756     0.1895    98.1875 5.5751e-03 2.7111e+03    179.069    12.9093    38.4860    29.1154 0.0000e+00
   2375.000    13.2758     0.1878    98.1875 4.3238e-03 2.7088e+03    178.968    12.9093    38.4859    29.1153 0.0000e+00
   2376.000    13.2760     0.1921    98.1875 3.3618e-03 2.7035e+03    178.843    12.9093    38.4860    29.1154 0.0000e+00
   2377.000    13.2762     0.1933    98.1875 2.3976e-03 2.7100e+03    178.764    12.9093    38.4861    29.1154 0.0000e+00
   2378.000    13.2764     0.1857    98.1875 2.2199e-03 2.7054e+03    178.682    12.9093    38.4861    29.1155 0.0000e+00
   2379.000    13.2766     0.1834    98.1875 4.3375e-03 2.7064e+03    179.098    12.9094    38.4862    29.1155 0.0000e+00
   2380.000    13.2768     0.1884    98.1875 2.8716e-03 2.7045e+03    178.844    12.9095    38.4859    29.1153 0.0000e+00
   2381.000    13.2770     0.1919    98.1875 3.7796e-03 2.6951e+03    178.462    12.9095    38.4860    29.1153 0.0000e+00
   2382.000    13.2771     0.1907    98.1875 5.7323e-03 2.6984e+03    178.176    12.9094    38.4859    29.1153 0.0000e+00
   2383.000    13.2772     0.1875    98.1875 4.3573e-03 2.6895e+03    178.441    12.9094    38.4861    29.1154 0.0000e+00
   2384.000    13.2776     0.1844    98.1875 4.0947e-03 2.6844e+03    178.665    12.9096    38.4860    29.1153 0.0000e+00
   2385.000    13.2777     0.1868    98.1875 4.7358e-03 2.6822e+03    178.820    12.9095    38.4860    29.1154 0.0000e+00
   2386.000    13.2780     0.1883    98.1875 4.3534e-03 2.6742e+03    178.937    12.9096    38.4860    29.1153 0.0000e+00
   2387.000    13.2783     0.1881    98.1875 2.2618e-03 2.6716e+03    178.824    12.9097    38.4861    29.1154 0.0000e+00
   2388.000    13.2784     0.1913    98.1875 3.8253e-03 2.6753e+03    178.715    12.9097    38.4861    29.1154 0.0000e+00
   2389.000    13.2785     0.1897    98.1875 3.7686e-03 2.6634e+03    178.512    12.9097    38.4863    29.1155 0.0000e+00
   2390.000    13.2789     0.1837    98.1875 3.5253e-03 2.6605e+03    178.468    12.9098    38.4860    29.1153 0.0000e+00
   2391.000    13.2791     0.1807    98.1875 4.8463e-03 2.6585e+03    178.573    12.9098    38.4862    29.1155 0.0000e+00
   2392.000    13.2793     0.1889    98.1875 4.5931e-03 2.6566e+03    178.514    12.9099    38.4862    29.1154 0.0000e+00
   2393.000    13.2794     0.1887    98.1875 2.5444e-03 2.6515e+03    178.460    12.9099    38.4863    29.1155 0.0000e+00
   2394.000    13.2797     0.1880    98.1875 4.3539e-03 2.6476e+03    178.664    12.9100    38.4863    29.1155 0.0000e+00
   2395.000    13.2800     0.1907    98.1875 3.5020e-03 2.6408e+03    178.986    12.9101    38.4863    29.1154 0.0000e+00
   2396.000    13.2802     0.1868    98.1875 5.1441e-03 2.6442e+03    178.578    12.9102    38.4864    29.1155 0.0000e+00
   2397.000    13.2806     0.1879    98.1875 4.6421e-03 2.6398e+03    178.254    12.9104    38.4865    29.1155 0.0000e+00
   2398.000    13.2808     0.1934    98.1854 5.3732e-03 2.6392e+03    178.717    12.9104    38.4865    29.1156 0.0000e+00
   2399.000    13.2811     0.1931    98.1823 4.7214e-03 2.6333e+03    178.986    12.9105    38.4864    29.1155 0.0000e+00
   2400.000    13.2812     0.1886    98.1812 5.7481e-03 2.6325e+03    178.960    12.9105    38.4866    29.1156 0.0000e+00
   2401.000    13.2814     0.1858    98.1792 5.8314e-03 2.6291e+03    178.856    12.9105    38.4866    29.1156 0.0000e+00
   2402.000    13.2816     0.1880    98.1856 4.0590e-03 2.6269e+03    178.572    12.9105    38.4865    29.1156 0.0000e+00
   2403.000    13.2817     0.1915    98.1826 4.1864e-03 2.6229e+03    178.673    12.9104    38.4866    29.1156 0.0000e+00
   2404.000    13.2819     0.1886    98.1794 4.8039e-03 2.6115e+03    178.487    12.9105    38.4865    29.1156 0.0000e+00
   2405.000    13.2822     0.1979    98.1744 5.8534e-03 2.6125e+03    178.453    12.9106    38.4865    29.1155 0.0000e+00
   2406.000    13.2824     0.1976    98.1803 4.3520e-03 2.6121e+03    178.724    12.9106    38.4865    29.1155 0.0000e+00
   2407.000    13.2825     0.1881    98.1699 3.3600e-03 2.6082e+03    178.524    12.9106    38.4866    29.1156 0.0000e+00
   2408.000    13.2827     0.1824    98.1753 3.4076e-03 2.6059e+03    178.709    12.9106    38.4867    29.1156 0.0000e+00
   2409.000    13.2828     0.1833    98.1807 2.6454e-03 2.6051e+03    178.613    12.9105    38.4866    29.1156 0.0000e+00
   2410.000    13.2830     0.1909    98.1802 3.5035e-03 2.6003e+03    178.553    12.9106    38.4867    29.1157 0.0000e+00
   2411.000    13.2832     0.1937    98.1810 3.5285e-03 2.6001e+03    178.597    12.9106    38.4866    29.1156 0.0000e+00
   2412.000    13.2834     0.1885    98.1760 3.7620e-03 2.6002e+03    178.416    12.9106    38.4867    29.1157 0.0000e+00
   2413.000    13.2835     0.1940    98.1804 3.8191e-03 2.5971e+03    177.983    12.9106    38.4865    29.1155 0.0000e+00
   2414.000    13.2837     0.1940    98.1819 5.2144e-03 2.5982e+03    177.981    12.9106    38.4867    29.1157 0.0000e+00
   2415.000    13.2839     0.1898    98.1774 3.4873e-03 2.5939e+03    178.339    12.9107    38.4866    29.1156 0.0000e+00
   2416.000    13.2841     0.1940    98.1815 2.8148e-03 2.5935e+03    178.386    12.9106    38.4866    29.1156 0.0000e+00
   2417.000    13.2843     0.1948    98.1751 3.2365e-03 2.5877e+03    178.542    12.9107    38.4866    29.1156 0.0000e+00
   2418.000    13.2844     0.1905    98.1824 3.4632e-03 2.5922e+03    178.892    12.9107    38.4866    29.1156 0.0000e+00
   2419.000    13.2846     0.1836    98.1835 2.7568e-03 2.5929e+03    178.889    12.9107    38.4866    29.1156 0.0000e+00
   2420.000    13.2848     0.1783    98.1808 5.7449e-03 2.5908e+03    178.330    12.9107    38.4867    29.1157 0.0000e+00
   2421.000    13.2850     0.1822    98.1785 5.2580e-03 2.5896e+03    178.201    12.9107    38.4867    29.1156 0.0000e+00
   2422.000    13.2851     0.1838    98.1740 6.3067e-03 2.5907e+03    178.592    12.9107    38.4866    29.1155 0.0000e+00
   2423.000    13.2853     0.1882    98.1760 7.2149e-03 2.5880e+03    178.739    12.9107    38.4866    29.1156 0.0000e+00
   2424.000    13.2855     0.1908    98.1792 5.5225e-03 2.5890e+03    178.657    12.9107    38.4867    29.1156 0.0000e+00
   2425.000    13.2856     0.1885    98.1730 4.5436e-03 2.5872e+03    178.461    12.9107    38.4867    29.1156 0.0000e+00
   2426.000    13.2859     0.1877    98.1734 4.4786e-03 2.5882e+03    178.602    12.9108    38.4866    29.1156 0.0000e+00
   2427.000    13.2860     0.1924    98.1734 2.7334e-03 2.5901e+03    178.942    12.9107    38.4867    29.1157 0.0000e+00
   2428.000    13.2863     0.1883    98.1734 3.4607e-03 2.5816e+03    178.932    12.9109    38.4868    29.1157 0.0000e+00
   2429.000    13.2865     0.1879    98.1781 4.8777e-03 2.5811e+03    178.850    12.9109    38.4868    29.1157 0.0000e+00
   2430.000    13.2867     0.1880    98.1771 4.1740e-03 2.5832e+03    178.857    12.9109    38.4868    29.1156 0.0000e+00
   2431.000    13.2870     0.1889    98.1778 2.8861e-03 2.5820e+03    178.845    12.9110    38.4869    29.1157 0.0000e+00
   2432.000    13.2872     0.1884    98.1704 1.4879e-03 2.5741e+03    178.597    12.9110    38.4868    29.1157 0.0000e+00
   2433.000    13.2874     0.1854    98.1785 3.0883e-03 2.5685e+03    178.324    12.9111    38.4869    29.1157 0.0000e+00
   2434.000    13.2875     0.1920    98.1788 3.6676e-03 2.5687e+03    178.497    12.9110    38.4868    29.1156 0.0000e+00
   2435.000    13.2877     0.1943    98.1734 2.6620e-03 2.5659e+03    178.229    12.9110    38.4868    29.1156 0.0000e+00
   2436.000    13.2878     0.1933    98.1724 3.5736e-03 2.5679e+03    178.316    12.9110    38.4869    29.1157 0.0000e+00
   2437.000    13.2880     0.1925    98.1714 2.9384e-03 2.5649e+03    178.311    12.9110    38.4868    29.1157 0.0000e+00
   2438.000    13.2882     0.1870    98.1735 3.0206e-03 2.5635e+03    178.052    12.9111    38.4870    29.1158 0.0000e+00
   2439.000    13.2885     0.1932    98.1654 3.7559e-03 2.5677e+03    178.373    12.9112    38.4868    29.1156 0.0000e+00
   2440.000    13.2886     0.1929    98.1734 2.9533e-03 2.5639e+03    178.625    12.9112    38.4868    29.1157 0.0000e+00
   2441.000    13.2888     0.1922    98.1721 3.6624e-03 2.5674e+03    178.450    12.9112    38.4869    29.1157 0.0000e+00
   2442.000    13.2890     0.1908    98.1674 2.2510e-03 2.5738e+03    178.301    12.9112    38.4869    29.1157 0.0000e+00
   2443.000    13.2891     0.1883    98.1704 3.4408e-03 2.5605e+03    178.247    12.9112    38.4869    29.1157 0.0000e+00
   2444.000    13.2893     0.1867    98.1701 1.8449e-03 2.2946e+03    178.600    12.9112    38.4869    29.1157 0.0000e+00
   2445.000    13.2895     0.1843    98.1698 1.1701e-03 2.0834e+03    178.302    12.9112    38.4869    29.1157 0.0000e+00
   2446.000    13.2896     0.1907    98.1623 3.2042e-03 2.3111e+03    178.552    12.9112    38.4869    29.1157 0.0000e+00
   2447.000    13.2898     0.1921    98.1594 2.7823e-03 2.4332e+03    178.341    12.9111    38.4870    29.1158 0.0000e+00
   2448.000    13.2900     0.1960    98.1682 4.9604e-03 2.5240e+03    178.254    12.9112    38.4869    29.1157 0.0000e+00
   2449.000    13.2901     0.1875    98.1656 3.0394e-03 2.5384e+03    178.208    12.9111    38.4869    29.1157 0.0000e+00
   2450.000    13.2903     0.1865    98.1715 3.5180e-03 2.5291e+03    178.347    12.9112    38.4869    29.1157 0.0000e+00
   2451.000    13.2906     0.1888    98.1672 4.1565e-03 2.5278e+03    178.601    12.9113    38.4868    29.1156 0.0000e+00
   2452.000    13.2907     0.1880    98.1744 5.4237e-03 2.5305e+03    178.415    12.9112    38.4869    29.1157 0.0000e+00
   2453.000    13.2908     0.1866    98.1725 4.5614e-03 2.5395e+03    178.433    12.9112    38.4868    29.1157 0.0000e+00
   2454.000    13.2909     0.1920    98.1625 3.7614e-03 2.5402e+03    178.311    12.9111    38.4869    29.1157 0.0000e+00
   2455.000    13.2911     0.1911    98.1719 4.3799e-03 2.5402e+03    178.615    12.9111    38.4869    29.1157 0.0000e+00
   2456.000    13.2913     0.1848    98.1698 4.4559e-03 2.4881e+03    178.643    12.9112    38.4869    29.1157 0.0000e+00
   2457.000    13.2915     0.1839    98.1664 4.2185e-03 2.5040e+03    178.647    12.9112    38.4869    29.1157 0.0000e+00
   2458.000    13.2916     0.1864    98.1718 4.3840e-03 2.5126e+03    178.492    12.9111    38.4870    29.1158 0.0000e+00
   2459.000    13.2919     0.1886    98.1664 3.3573e-03 2.5284e+03    178.381    12.9113    38.4868    29.1156 0.0000e+00
   2460.000    13.2921     0.1912    98.1654 3.6298e-03 2.5295e+03    178.600    12.9112    38.4868    29.1156 0.0000e+00
   2461.000    13.2922     0.1950    98.1694 4.3888e-03 2.5305e+03    178.778    12.9112    38.4869    29.1157 0.0000e+00
   2462.000    13.2924     0.1874    98.1684 3.7353e-03 2.5393e+03    178.617    12.9112    38.4869    29.1157 0.0000e+00
   2463.000    13.2925     0.1807    98.1691 5.5248e-03 2.5368e+03    178.357    12.9111    38.4869    29.1157 0.0000e+00
   2464.000    13.2927     0.1833    98.1625 5.2439e-03 2.5350e+03    178.324    12.9112    38.4869    29.1157 0.0000e+00
   2465.000    13.2929     0.1918    98.1614 6.0792e-03 2.5345e+03    178.455    12.9112    38.4869    29.1157 0.0000e+00
   2466.000    13.2931     0.1908    98.1614 5.0217e-03 2.5284e+03    178.800    12.9112    38.4868    29.1156 0.0000e+00
   2467.000    13.2931     0.1909    98.1614 3.7522e-03 2.5289e+03    178.914    12.9111    38.4870    29.1158 0.0000e+00
   2468.000    13.2934     0.1874    98.1720 5.6466e-03 2.5257e+03    178.827    12.9112    38.4869    29.1157 0.0000e+00
   2469.000    13.2935     0.1848    98.1662 4.7378e-03 2.5226e+03    178.323    12.9112    38.4868    29.1156 0.0000e+00
   2470.000    13.2937     0.1905    98.1664 2.5265e-03 2.5207e+03    178.441    12.9112    38.4868    29.1157 0.0000e+00
   2471.000    13.2939     0.1884    98.1674 4.1551e-03 2.5209e+03    178.293    12.9112    38.4869    29.1157 0.0000e+00
   2472.000    13.2940     0.1867    98.1614 1.5548e-03 2.5179e+03    178.350    12.9112    38.4869    29.1157 0.0000e+00
   2473.000    13.2943     0.1930    98.1614 1.0362e-03 2.5206e+03    178.241    12.9112    38.4869    29.1157 0.0000e+00
   2474.000    13.2944     0.1896    98.1614 1.7169e-03 2.5110e+03    178.079    12.9112    38.4869    29.1157 0.0000e+00
   2475.000    13.2945     0.1849    98.1657 1.4571e-03 2.5108e+03    178.458    12.9111    38.4870    29.1158 0.0000e+00
   2476.000    13.2948     0.1833    98.1749 2.0386e-03 2.5034e+03    178.398    12.9112    38.4868    29.1156 0.0000e+00
   2477.000    13.2949     0.1827    98.1633 1.5181e-03 2.5111e+03    178.522    12.9112    38.4869    29.1158 0.0000e+00
   2478.000    13.2951     0.1829    98.1674 3.0270e-03 2.5140e+03    178.439    12.9112    38.4868    29.1156 0.0000e+00
   2479.000    13.2952     0.1840    98.1668 3.7394e-03 2.5108e+03    178.654    12.9111    38.4869    29.1157 0.0000e+00
   2480.000    13.2954     0.1832    98.1684 4.7923e-03 2.5133e+03    178.413    12.9112    38.4868    29.1156 0.0000e+00
   2481.000    13.2955     0.1852    98.1625 3.6323e-03 2.5093e+03    178.258    12.9112    38.4868    29.1157 0.0000e+00
   2482.000    13.2957     0.1828    98.1690 1.8504e-03 2.5156e+03    178.114    12.9112    38.4867    29.1156 0.0000e+00
   2483.000    13.2958     0.1877    98.1672 1.9898e-03 2.5169e+03    178.130    12.9111    38.4869    29.1157 0.0000e+00
   2484.000    13.2960     0.1907    98.1697 3.3489e-03 2.5256e+03    178.443    12.9112    38.4869    29.1157 0.0000e+00
   2485.000    13.2962     0.1928    98.1656 9.2013e-04 2.5209e+03    178.747    12.9112    38.4869    29.1157 0.0000e+00
   2486.000    13.2964     0.1890    98.1686 3.1306e-03 2.5293e+03    178.396    12.9112    38.4868    29.1156 0.0000e+00
   2487.000    13.2966     0.1878    98.1615 3.5992e-03 2.5307e+03    178.353    12.9112    38.4868    29.1156 0.0000e+00
   2488.000    13.2967     0.1906    98.1664 3.2196e-03 2.5338e+03    178.782    12.9111    38.4869    29.1157 0.0000e+00
   2489.000    13.2970     0.1866    98.1704 3.0239e-03 2.5329e+03    178.789    12.9112    38.4867    29.1156 0.0000e+00
   2490.000    13.2971     0.1859    98.1689 6.2268e-03 2.5364e+03    178.516    12.9112    38.4869    29.1157 0.0000e+00
   2491.000    13.2973     0.1905    98.1686 2.7651e-03 2.5385e+03    178.446    12.9112    38.4868    29.1156 0.0000e+00
   2492.000    13.2975     0.1899    98.1706 1.7291e-03 2.5430e+03    178.800    12.9112    38.4868    29.1157 0.0000e+00
   2493.000    13.2976     0.1851    98.1658 3.6201e-03 2.5385e+03    178.426    12.9112    38.4868    29.1156 0.0000e+00
