Data/ruptures/PEACETIME/FAST/PEACETIME_FAST_CTD_076.cnv
* Sea-Bird SBE 9 Data File:
* FileName = C:\CTD\rawCTD\PEACETIME_FAST_CTD_076.hdr
* Software Version Seasave V 7.23.2
* Temperature SN = 1378
* Conductivity SN = 2929
* Number of Bytes Per Scan = 38
* Number of Voltage Words = 5
* Number of Scans Averaged by the Deck Unit = 1
* NMEA Latitude = 37 56.80 N
* NMEA Longitude = 002 55.01 E
* NMEA UTC (Time) = Jun 06 2017  09:25:41
* NMEA baud rate = 4800
** Cruise:   PEACETIME
** Station:   FAST_CTD_076
# nquan = 11
# nvalues = 2015                        
# units = specified
# name 0 = prDM: Pressure, Digiquartz [db]
# name 1 = t090C: Temperature [ITS-90, deg C]
# name 2 = flC: Fluorescence, Chelsea Aqua 3 Chl Con [ug/l]
# name 3 = CStarTr0: Beam Transmission, WET Labs C-Star [%]
# name 4 = par: PAR/Irradiance, Biospherical/Licor
# name 5 = spar: SPAR/Surface Irradiance
# name 6 = sbeox0Mm/Kg: Oxygen, SBE 43 [umol/kg]
# name 7 = potemp090C: Potential Temperature [ITS-90, deg C]
# name 8 = sal00: Salinity, Practical [PSU]
# name 9 = sigma-é00: Density [sigma-theta, kg/m^3]
# name 10 = flag:
# span 0 =      3.000,   2017.000       
# span 1 =    13.1243,    21.4737       
# span 2 =     0.1674,     0.4507       
# span 3 =    94.0055,    98.3091       
# span 4 = -7.165e-06, 9.7727e+01       
# span 5 = 1.6597e+03, 2.3384e+03       
# span 6 =    152.658,    240.193       
# span 7 =    12.9047,    21.4729       
# span 8 =    37.0131,    38.5938       
# span 9 =    25.9297,    29.1132       
# span 10 = 0.0000e+00, 0.0000e+00      
# interval = decibars: 1                
# start_time = Jun 06 2017 09:27:13 [NMEA time, first data scan]
# bad_flag = -9.990e-29
*END*
[from data line 1705]
   1708.000    13.1658     0.1833 -9.990e-29 1.1727e-03 2.2954e+03    177.729    12.9086    38.4806    29.1114 0.0000e+00
   1709.000    13.1659     0.1834 -9.990e-29 -1.990e-07 2.3007e+03    177.744    12.9086    38.4806    29.1113 0.0000e+00
   1710.000    13.1661     0.1843 -9.990e-29 1.9439e-04 2.2976e+03    177.458    12.9087    38.4805    29.1113 0.0000e+00
   1711.000    13.1663     0.1838 -9.990e-29 3.8523e-04 2.3016e+03    177.454    12.9087    38.4804    29.1112 0.0000e+00
   1712.000    13.1664     0.1840 -9.990e-29 -9.990e-29 2.3005e+03    177.524    12.9086    38.4804    29.1112 0.0000e+00
   1713.000    13.1665     0.1882 -9.990e-29 -9.990e-29 2.3057e+03    177.740    12.9086    38.4805    29.1113 0.0000e+00
   1714.000    13.1667     0.1873 -9.990e-29 -9.990e-29 2.3031e+03    177.854    12.9086    38.4805    29.1113 0.0000e+00
   1715.000    13.1669     0.1861 -9.990e-29 1.0000e-12 2.3015e+03    177.928    12.9086    38.4805    29.1112 0.0000e+00
   1716.000    13.1670     0.1874 -9.990e-29 1.0239e-05 2.3019e+03    177.524    12.9085    38.4805    29.1113 0.0000e+00
   1717.000    13.1671     0.1883 -9.990e-29 2.6369e-07 2.3029e+03    177.436    12.9085    38.4804    29.1112 0.0000e+00
   1718.000    13.1673     0.1879    98.2915 1.0000e-12 2.2973e+03    177.801    12.9085    38.4805    29.1112 0.0000e+00
   1719.000    13.1674     0.1868    98.2915 1.0000e-12 2.2959e+03    177.607    12.9085    38.4806    29.1113 0.0000e+00
   1720.000    13.1674     0.1800    98.2915 1.6007e-04 2.2956e+03    177.441    12.9084    38.4806    29.1114 0.0000e+00
   1721.000    13.1676     0.1800    98.2915 1.2310e-04 2.2978e+03    177.842    12.9084    38.4806    29.1114 0.0000e+00
   1722.000    13.1678     0.1818    98.2915 3.3860e-04 2.2989e+03    177.943    12.9084    38.4806    29.1114 0.0000e+00
   1723.000    13.1680     0.1849 -9.990e-29 8.3518e-04 2.3012e+03    177.710    12.9084    38.4805    29.1113 0.0000e+00
   1724.000    13.1681     0.1877 -9.990e-29 1.6234e-04 2.3052e+03    177.887    12.9084    38.4805    29.1113 0.0000e+00
   1725.000    13.1682     0.1867 -9.990e-29 -2.589e-06 2.2994e+03    177.995    12.9083    38.4806    29.1114 0.0000e+00
   1726.000    13.1684     0.1939 -9.990e-29 -9.990e-29 2.3019e+03    177.506    12.9083    38.4806    29.1114 0.0000e+00
   1727.000    13.1686     0.1876 -9.990e-29 -9.990e-29 2.3018e+03    177.406    12.9084    38.4807    29.1115 0.0000e+00
   1728.000    13.1689     0.1881 -9.990e-29 -9.990e-29 2.2976e+03    177.717    12.9085    38.4806    29.1113 0.0000e+00
   1729.000    13.1690     0.1862 -9.990e-29 1.0000e-12 2.2950e+03    177.930    12.9085    38.4806    29.1113 0.0000e+00
   1730.000    13.1691     0.1865 -9.990e-29 1.0000e-12 2.2968e+03    177.783    12.9084    38.4807    29.1114 0.0000e+00
   1731.000    13.1693     0.1841 -9.990e-29 1.0000e-12 2.2986e+03    177.482    12.9084    38.4807    29.1115 0.0000e+00
   1732.000    13.1695     0.1862 -9.990e-29 1.0000e-12 2.2995e+03    177.557    12.9085    38.4807    29.1115 0.0000e+00
   1733.000    13.1697     0.1867 -9.990e-29 1.0000e-12 2.2941e+03    177.580    12.9085    38.4807    29.1115 0.0000e+00
   1734.000    13.1699     0.1832 -9.990e-29 -9.990e-29 2.2989e+03    177.817    12.9086    38.4807    29.1114 0.0000e+00
   1735.000    13.1699     0.1774 -9.990e-29 -9.990e-29 2.2955e+03    177.668    12.9084    38.4808    29.1115 0.0000e+00
   1736.000    13.1702     0.1788 -9.990e-29 1.0000e-12 2.2955e+03    177.842    12.9085    38.4808    29.1115 0.0000e+00
   1737.000    13.1703     0.1831 -9.990e-29 1.0000e-12 2.2908e+03    178.000    12.9085    38.4807    29.1115 0.0000e+00
   1738.000    13.1705     0.1800 -9.990e-29 1.0000e-12 2.2890e+03    177.864    12.9085    38.4807    29.1114 0.0000e+00
   1739.000    13.1706     0.1822 -9.990e-29 1.0000e-12 2.2862e+03    177.815    12.9084    38.4807    29.1115 0.0000e+00
   1740.000    13.1707     0.1843 -9.990e-29 1.0000e-12 2.2864e+03    177.848    12.9084    38.4808    29.1116 0.0000e+00
   1741.000    13.1709     0.1821 -9.990e-29 -9.990e-29 2.2842e+03    178.106    12.9084    38.4807    29.1115 0.0000e+00
   1742.000    13.1711     0.1837 -9.990e-29 -9.990e-29 2.2795e+03    177.942    12.9085    38.4808    29.1115 0.0000e+00
   1743.000    13.1714     0.1823 -9.990e-29 -9.990e-29 2.2753e+03    178.023    12.9086    38.4807    29.1114 0.0000e+00
   1744.000    13.1715     0.1848 -9.990e-29 -9.990e-29 2.2769e+03    177.740    12.9085    38.4807    29.1114 0.0000e+00
   1745.000    13.1716     0.1819 -9.990e-29 -9.990e-29 2.2713e+03    177.936    12.9085    38.4807    29.1114 0.0000e+00
   1746.000    13.1715     0.1878 -9.990e-29 -9.990e-29 2.2776e+03    178.014    12.9083    38.4806    29.1114 0.0000e+00
   1747.000    13.1715     0.1909 -9.990e-29 1.0000e-12 2.2775e+03    177.815    12.9081    38.4808    29.1116 0.0000e+00
   1748.000    13.1717     0.1838 -9.990e-29 1.0000e-12 2.2772e+03    177.672    12.9081    38.4807    29.1115 0.0000e+00
   1749.000    13.1717     0.1832 -9.990e-29 1.0000e-12 2.2786e+03    177.318    12.9080    38.4808    29.1116 0.0000e+00
   1750.000    13.1718     0.1816 -9.990e-29 1.0000e-12 2.2751e+03    177.622    12.9079    38.4809    29.1117 0.0000e+00
   1751.000    13.1720     0.1819    98.2915 1.0000e-12 2.2778e+03    177.794    12.9079    38.4807    29.1116 0.0000e+00
   1752.000    13.1722     0.1891    98.2915 4.6133e-06 2.2832e+03    177.671    12.9080    38.4807    29.1115 0.0000e+00
   1753.000    13.1723     0.1883    98.2915 2.1996e-06 2.2834e+03    177.881    12.9080    38.4807    29.1116 0.0000e+00
   1754.000    13.1725     0.1843    98.2915 1.1119e-08 2.2861e+03    177.780    12.9079    38.4807    29.1116 0.0000e+00
   1755.000    13.1726     0.1856    98.2915 1.0000e-12 2.2888e+03    178.197    12.9079    38.4808    29.1117 0.0000e+00
   1756.000    13.1727     0.1862    98.2915 1.0000e-12 2.2941e+03    177.990    12.9079    38.4809    29.1117 0.0000e+00
   1757.000    13.1730     0.1856    98.2915 1.0000e-12 2.2932e+03    177.622    12.9079    38.4808    29.1116 0.0000e+00
   1758.000    13.1731     0.1893    98.2915 1.0000e-12 2.2930e+03    177.913    12.9079    38.4808    29.1116 0.0000e+00
   1759.000    13.1732     0.1866 -9.990e-29 -9.990e-29 2.2939e+03    177.959    12.9079    38.4808    29.1116 0.0000e+00
   1760.000    13.1734     0.1840 -9.990e-29 -9.990e-29 2.2974e+03    177.985    12.9079    38.4808    29.1116 0.0000e+00
   1761.000    13.1736     0.1824 -9.990e-29 -9.990e-29 2.2956e+03    178.103    12.9079    38.4809    29.1117 0.0000e+00
   1762.000    13.1738     0.1830 -9.990e-29 -9.990e-29 2.2932e+03    178.086    12.9079    38.4808    29.1116 0.0000e+00
   1763.000    13.1739     0.1808 -9.990e-29 -9.990e-29 2.2984e+03    178.282    12.9079    38.4808    29.1116 0.0000e+00
   1764.000    13.1741     0.1800 -9.990e-29 -9.990e-29 2.2903e+03    178.327    12.9079    38.4807    29.1116 0.0000e+00
   1765.000    13.1742     0.1832 -9.990e-29 1.0000e-12 2.2914e+03    177.986    12.9078    38.4808    29.1117 0.0000e+00
   1766.000    13.1743     0.1849 -9.990e-29 1.0000e-12 2.2873e+03    177.985    12.9078    38.4809    29.1117 0.0000e+00
   1767.000    13.1744     0.1833 -9.990e-29 1.0000e-12 2.2872e+03    177.933    12.9078    38.4808    29.1117 0.0000e+00
   1768.000    13.1746     0.1859 -9.990e-29 1.0000e-12 2.2838e+03    178.159    12.9078    38.4808    29.1116 0.0000e+00
   1769.000    13.1748     0.1814 -9.990e-29 -9.990e-29 2.2875e+03    178.201    12.9078    38.4808    29.1117 0.0000e+00
   1770.000    13.1749     0.1783 -9.990e-29 -9.990e-29 2.2858e+03    177.984    12.9078    38.4807    29.1116 0.0000e+00
   1771.000    13.1750     0.1779 -9.990e-29 -9.990e-29 2.2875e+03    177.900    12.9077    38.4808    29.1117 0.0000e+00
   1772.000    13.1751     0.1774    98.2959 -9.990e-29 2.2877e+03    177.756    12.9077    38.4807    29.1116 0.0000e+00
   1773.000    13.1753     0.1813    98.3009 -9.990e-29 2.2881e+03    177.793    12.9077    38.4808    29.1117 0.0000e+00
   1774.000    13.1754     0.1828    98.2943 -9.990e-29 2.2898e+03    177.765    12.9077    38.4808    29.1117 0.0000e+00
   1775.000    13.1757     0.1853    98.2975 -9.990e-29 2.2893e+03    177.779    12.9077    38.4808    29.1117 0.0000e+00
   1776.000    13.1758     0.1846    98.2916 1.0000e-12 2.2883e+03    177.837    12.9077    38.4808    29.1117 0.0000e+00
   1777.000    13.1759     0.1883 -9.990e-29 4.4098e-06 2.2895e+03    178.021    12.9077    38.4808    29.1117 0.0000e+00
   1778.000    13.1761     0.1865 -9.990e-29 -2.297e-08 2.2926e+03    178.111    12.9077    38.4808    29.1117 0.0000e+00
   1779.000    13.1763     0.1863 -9.990e-29 1.0000e-12 2.2901e+03    177.721    12.9077    38.4808    29.1117 0.0000e+00
   1780.000    13.1764     0.1887 -9.990e-29 1.0000e-12 2.2924e+03    177.726    12.9077    38.4808    29.1117 0.0000e+00
   1781.000    13.1765     0.1882 -9.990e-29 2.1854e-05 2.2881e+03    177.850    12.9076    38.4808    29.1118 0.0000e+00
   1782.000    13.1768     0.1862 -9.990e-29 1.6439e-05 2.2855e+03    178.253    12.9077    38.4808    29.1117 0.0000e+00
   1783.000    13.1768     0.1857    98.2964 -1.935e-07 2.2860e+03    178.339    12.9076    38.4808    29.1117 0.0000e+00
   1784.000    13.1770     0.1873    98.3008 -9.990e-29 2.2914e+03    178.013    12.9077    38.4808    29.1117 0.0000e+00
   1785.000    13.1772     0.1859    98.2960 -9.990e-29 2.2972e+03    177.334    12.9077    38.4807    29.1116 0.0000e+00
   1786.000    13.1772     0.1837    98.2967 1.0000e-12 2.2965e+03    177.591    12.9075    38.4809    29.1118 0.0000e+00
   1787.000    13.1774     0.1768    98.3009 1.0000e-12 2.2945e+03    178.078    12.9076    38.4808    29.1117 0.0000e+00
   1788.000    13.1776     0.1793    98.2952 2.1349e-06 2.2972e+03    178.186    12.9076    38.4809    29.1118 0.0000e+00
   1789.000    13.1778     0.1819    98.2965 2.2289e-06 2.2961e+03    177.888    12.9076    38.4809    29.1118 0.0000e+00
   1790.000    13.1779     0.1860    98.2985 3.3058e-05 2.2944e+03    177.560    12.9075    38.4809    29.1118 0.0000e+00
   1791.000    13.1780     0.1831 -9.990e-29 6.0164e-05 2.2939e+03    177.808    12.9075    38.4809    29.1118 0.0000e+00
   1792.000    13.1782     0.1841 -9.990e-29 3.7279e-05 2.2929e+03    177.962    12.9076    38.4809    29.1118 0.0000e+00
   1793.000    13.1784     0.1848 -9.990e-29 3.0345e-05 2.2891e+03    177.965    12.9075    38.4809    29.1118 0.0000e+00
   1794.000    13.1785     0.1856 -9.990e-29 3.1372e-07 2.2865e+03    178.021    12.9075    38.4810    29.1119 0.0000e+00
   1795.000    13.1788     0.1869 -9.990e-29 6.1238e-06 2.2866e+03    178.142    12.9076    38.4809    29.1118 0.0000e+00
   1796.000    13.1788     0.1914 -9.990e-29 2.3344e-06 2.2946e+03    178.027    12.9075    38.4809    29.1118 0.0000e+00
   1797.000    13.1789     0.1914 -9.990e-29 3.3418e-06 2.2902e+03    178.139    12.9075    38.4810    29.1119 0.0000e+00
   1798.000    13.1792     0.1868 -9.990e-29 -9.990e-29 2.2909e+03    178.281    12.9075    38.4810    29.1119 0.0000e+00
   1799.000    13.1793     0.1858 -9.990e-29 -9.990e-29 2.2920e+03    177.906    12.9075    38.4811    29.1119 0.0000e+00
   1800.000    13.1796     0.1880 -9.990e-29 -9.990e-29 2.2915e+03    177.940    12.9076    38.4811    29.1120 0.0000e+00
   1801.000    13.1797     0.1894 -9.990e-29 1.0000e-12 2.2904e+03    178.083    12.9076    38.4809    29.1118 0.0000e+00
   1802.000    13.1798     0.1858 -9.990e-29 1.0000e-12 2.2951e+03    178.338    12.9076    38.4810    29.1119 0.0000e+00
   1803.000    13.1799     0.1856 -9.990e-29 1.0000e-12 2.2927e+03    178.378    12.9075    38.4810    29.1119 0.0000e+00
   1804.000    13.1800     0.1855 -9.990e-29 1.0000e-12 2.2947e+03    178.361    12.9074    38.4811    29.1120 0.0000e+00
   1805.000    13.1801     0.1828 -9.990e-29 -9.990e-29 2.2969e+03    178.352    12.9074    38.4812    29.1121 0.0000e+00
   1806.000    13.1803     0.1875 -9.990e-29 -9.990e-29 2.3018e+03    178.393    12.9074    38.4812    29.1120 0.0000e+00
   1807.000    13.1804     0.1848 -9.990e-29 -9.990e-29 2.3001e+03    178.036    12.9073    38.4811    29.1120 0.0000e+00
   1808.000    13.1806     0.1848 -9.990e-29 -9.990e-29 2.3013e+03    178.108    12.9074    38.4811    29.1120 0.0000e+00
   1809.000    13.1807     0.1858 -9.990e-29 -9.990e-29 2.3013e+03    178.347    12.9073    38.4812    29.1121 0.0000e+00
   1810.000    13.1810     0.1870 -9.990e-29 -9.990e-29 2.3037e+03    178.224    12.9074    38.4811    29.1120 0.0000e+00
   1811.000    13.1810     0.1804 -9.990e-29 -9.990e-29 2.3025e+03    178.104    12.9073    38.4812    29.1120 0.0000e+00
   1812.000    13.1813     0.1901 -9.990e-29 -9.990e-29 2.2980e+03    177.982    12.9074    38.4811    29.1120 0.0000e+00
   1813.000    13.1814     0.1915 -9.990e-29 -9.990e-29 2.3025e+03    178.213    12.9074    38.4811    29.1120 0.0000e+00
   1814.000    13.1815     0.1882 -9.990e-29 -9.990e-29 2.3044e+03    178.302    12.9073    38.4812    29.1121 0.0000e+00
   1815.000    13.1817     0.1880    98.2975 -9.990e-29 2.3005e+03    178.218    12.9074    38.4811    29.1120 0.0000e+00
   1816.000    13.1818     0.1917    98.2957 -9.990e-29 2.2999e+03    178.221    12.9073    38.4811    29.1120 0.0000e+00
   1817.000    13.1820     0.1961    98.3019 -9.990e-29 2.3030e+03    178.318    12.9073    38.4811    29.1120 0.0000e+00
   1818.000    13.1821     0.1937    98.2934 -9.990e-29 2.2968e+03    178.311    12.9073    38.4811    29.1120 0.0000e+00
   1819.000    13.1822     0.1853    98.3002 -9.990e-29 2.3008e+03    178.207    12.9072    38.4811    29.1120 0.0000e+00
   1820.000    13.1823     0.1867 -9.990e-29 -9.990e-29 2.3008e+03    177.714    12.9071    38.4811    29.1120 0.0000e+00
   1821.000    13.1825     0.1856 -9.990e-29 -9.990e-29 2.3050e+03    177.662    12.9071    38.4812    29.1121 0.0000e+00
   1822.000    13.1827     0.1930    98.3046 1.0000e-12 2.3020e+03    178.050    12.9072    38.4812    29.1121 0.0000e+00
   1823.000    13.1829     0.1913    98.2937 1.0000e-12 2.3090e+03    178.152    12.9072    38.4810    29.1120 0.0000e+00
   1824.000    13.1829     0.1823    98.2996 1.0000e-12 2.3056e+03    178.317    12.9071    38.4811    29.1121 0.0000e+00
   1825.000    13.1830     0.1830    98.2956 1.0000e-12 2.3084e+03    178.210    12.9070    38.4813    29.1122 0.0000e+00
   1826.000    13.1831     0.1798    98.2981 6.4902e-05 2.3063e+03    178.260    12.9070    38.4812    29.1122 0.0000e+00
   1827.000    13.1833     0.1810 -9.990e-29 4.3137e-07 2.3033e+03    178.223    12.9070    38.4812    29.1122 0.0000e+00
   1828.000    13.1836     0.1849 -9.990e-29 7.1349e-05 2.3026e+03    178.172    12.9071    38.4812    29.1121 0.0000e+00
   1829.000    13.1836     0.1872 -9.990e-29 1.0736e-04 2.3058e+03    178.292    12.9070    38.4812    29.1122 0.0000e+00
   1830.000    13.1838     0.1915 -9.990e-29 5.3415e-07 2.3056e+03    178.453    12.9070    38.4811    29.1121 0.0000e+00
   1831.000    13.1839     0.1855 -9.990e-29 1.9132e-06 2.3085e+03    178.225    12.9070    38.4813    29.1122 0.0000e+00
   1832.000    13.1842     0.1818 -9.990e-29 2.6759e-06 2.3074e+03    178.168    12.9071    38.4812    29.1121 0.0000e+00
   1833.000    13.1844     0.1814    98.2952 2.9174e-08 2.3037e+03    178.323    12.9071    38.4811    29.1121 0.0000e+00
   1834.000    13.1844     0.1810    98.2958 1.0000e-12 2.3094e+03    177.920    12.9070    38.4812    29.1122 0.0000e+00
   1835.000    13.1845     0.1834    98.2987 1.0000e-12 2.3057e+03    178.002    12.9069    38.4813    29.1123 0.0000e+00
   1836.000    13.1847     0.1824    98.2945 1.0000e-12 2.3038e+03    178.063    12.9070    38.4813    29.1122 0.0000e+00
   1837.000    13.1849     0.1838    98.2988 1.0000e-12 2.3059e+03    178.231    12.9070    38.4814    29.1123 0.0000e+00
   1838.000    13.1852     0.1866    98.2990 1.0221e-05 2.3057e+03    178.270    12.9071    38.4812    29.1121 0.0000e+00
