Data/ruptures/PEACETIME/FAST/PEACETIME_FAST_CTD_085.cnv
* Sea-Bird SBE 9 Data File:
* FileName = C:\CTD\rawCTD\PEACETIME_FAST_CTD_085.hdr
* Software Version Seasave V 7.23.2
* Temperature SN = 1378
* Conductivity SN = 2929
* Number of Bytes Per Scan = 38
* Number of Voltage Words = 5
* Number of Scans Averaged by the Deck Unit = 1
* NMEA Latitude = 37 56.80 N
* NMEA Longitude = 002 55.00 E
* NMEA UTC (Time) = Jun 07 2017  17:13:44
* NMEA baud rate = 4800
** Cruise:   PEACETIME
** Station:   FAST_CTD_085
# nquan = 11
# nvalues = 510                         
# units = specified
# name 0 = prDM: Pressure, Digiquartz [db]
# name 1 = t090C: Temperature [ITS-90, deg C]
# name 2 = flC: Fluorescence, Chelsea Aqua 3 Chl Con [ug/l]
# name 3 = CStarTr0: Beam Transmission, WET Labs C-Star [%]
# name 4 = par: PAR/Irradiance, Biospherical/Licor
# name 5 = spar: SPAR/Surface Irradiance
# name 6 = sbeox0Mm/Kg: Oxygen, SBE 43 [umol/kg]
# name 7 = potemp090C: Potential Temperature [ITS-90, deg C]
# name 8 = sal00: Salinity, Practical [PSU]
# name 9 = sigma-é00: Density [sigma-theta, kg/m^3]
# name 10 = flag:
# span 0 =      4.000,    513.000       
# span 1 =    13.4467,    21.8412       
# span 2 =     0.1790,     0.4177       
# span 3 =    88.1151,    98.1942       
# span 4 = -3.567e-06, 6.2801e+01       
# span 5 = 1.4551e+03, 1.7347e+03       
# span 6 =    151.902,    240.775       
# span 7 =    13.3715,    21.8393       
# span 8 =    37.0360,    38.5936       
# span 9 =    25.8758,    29.0902       
# span 10 = 0.0000e+00, 0.0000e+00      
# interval = decibars: 1                
# start_time = Jun 07 2017 17:13:45 [NMEA time, first data scan]
# bad_flag = -9.990e-29
*END*
      4.000    21.8397     0.2035    96.4813 6.2801e+01 1.7264e+03    209.166    21.8389    37.1214    25.8763 0.0000e+00
      5.000    21.8383     0.2172    96.5306 5.7972e+01 1.7287e+03    209.161    21.8373    37.1209    25.8764 0.0000e+00
      6.000    21.8393     0.2196    96.5337 5.5098e+01 1.7293e+03    209.438    21.8381    37.1211    25.8763 0.0000e+00
      7.000    21.8404     0.2045    96.5802 4.8765e+01 1.7264e+03    209.718    21.8390    37.1217    25.8765 0.0000e+00
      8.000    21.8406     0.2001    96.5886 4.7477e+01 1.7313e+03    209.752    21.8390    37.1215    25.8764 0.0000e+00
      9.000    21.8411     0.1970    96.5844 4.2118e+01 1.7301e+03    209.883    21.8393    37.1218    25.8765 0.0000e+00
     10.000    21.8402     0.1960    96.5839 4.1565e+01 1.7241e+03    209.872    21.8382    37.1218    25.8767 0.0000e+00
     11.000    21.8412     0.2007    96.5869 3.9139e+01 1.7260e+03    209.788    21.8390    37.1209    25.8758 0.0000e+00
     12.000    21.8378     0.2007    96.5849 3.7179e+01 1.7347e+03    210.074    21.8354    37.1197    25.8760 0.0000e+00
     13.000    21.8285     0.2008    96.5679 3.5906e+01 1.7304e+03    210.621    21.8260    37.1171    25.8766 0.0000e+00
     14.000    21.8134     0.2036    96.5618 3.3482e+01 1.7304e+03    211.047    21.8106    37.1144    25.8789 0.0000e+00
     15.000    21.8080     0.1990    96.5567 3.2698e+01 1.7281e+03    210.893    21.8050    37.1147    25.8807 0.0000e+00
     16.000    21.7769     0.2005    96.5507 3.1242e+01 1.7268e+03    209.766    21.7737    37.1133    25.8885 0.0000e+00
     17.000    21.4966     0.2017    96.5227 3.0357e+01 1.7262e+03    210.955    21.4933    37.1021    25.9585 0.0000e+00
     18.000    21.3845     0.1989    96.4954 2.9599e+01 1.7259e+03    210.316    21.3810    37.0960    25.9852 0.0000e+00
     19.000    20.9395     0.2021    96.5240 2.8259e+01 1.7233e+03    211.788    20.9358    37.0610    26.0813 0.0000e+00
     20.000    20.5400     0.2029    96.5517 2.7733e+01 1.7230e+03    214.996    20.5362    37.0527    26.1843 0.0000e+00
     21.000    20.4193     0.1985    96.5675 2.6642e+01 1.7196e+03    216.571    20.4154    37.0555    26.2190 0.0000e+00
     22.000    20.3416     0.1987    96.5841 2.5694e+01 1.7224e+03    218.563    20.3375    37.0606    26.2440 0.0000e+00
     23.000    20.3299     0.2010    96.5824 2.5288e+01 1.7282e+03    218.334    20.3255    37.0626    26.2487 0.0000e+00
     24.000    20.2910     0.2019    96.6089 2.4507e+01 1.7209e+03    217.271    20.2865    37.0634    26.2599 0.0000e+00
     25.000    20.0440     0.2013    96.5985 2.4168e+01 1.7146e+03    219.957    20.0393    37.0615    26.3247 0.0000e+00
     26.000    19.8367     0.1962    96.6298 2.3093e+01 1.7187e+03    219.581    19.8319    37.0611    26.3795 0.0000e+00
     27.000    19.0565     0.1964    96.6322 2.2915e+01 1.7211e+03    225.428    19.0516    37.0360    26.5648 0.0000e+00
     28.000    18.7151     0.1960    96.6067 2.2168e+01 1.7142e+03    228.793    18.7101    37.0729    26.6811 0.0000e+00
     29.000    18.5668     0.1996    96.6897 2.1338e+01 1.7110e+03    231.138    18.5617    37.0991    26.7390 0.0000e+00
     30.000    18.5524     0.1937    96.6765 2.0886e+01 1.7244e+03    230.329    18.5471    37.1295    26.7661 0.0000e+00
     31.000    18.3768     0.1940    96.7370 2.0603e+01 1.7116e+03    231.121    18.3713    37.1752    26.8458 0.0000e+00
     32.000    18.3195     0.2053    96.6869 2.0168e+01 1.7090e+03    231.547    18.3139    37.2158    26.8914 0.0000e+00
     33.000    18.0591     0.2060    96.5940 1.9449e+01 1.7132e+03    232.247    18.0533    37.1956    26.9415 0.0000e+00
     34.000    17.9308     0.2034    96.5161 1.9341e+01 1.7110e+03    234.825    17.9250    37.1869    26.9669 0.0000e+00
     35.000    17.8620     0.2052    96.4359 1.8813e+01 1.7078e+03    234.197    17.8560    37.1835    26.9815 0.0000e+00
     36.000    17.6497     0.2039    96.4470 1.8309e+01 1.7096e+03    231.562    17.6435    37.1549    27.0122 0.0000e+00
     37.000    17.2633     0.2051    96.4279 1.7753e+01 1.7082e+03    234.634    17.2571    37.1011    27.0657 0.0000e+00
     38.000    17.1281     0.2056    96.4508 1.7262e+01 1.7114e+03    235.287    17.1217    37.0821    27.0840 0.0000e+00
     39.000    17.0089     0.2176    96.4483 1.6901e+01 1.7148e+03    237.704    17.0024    37.1032    27.1292 0.0000e+00
     40.000    17.0406     0.2195    96.4815 1.6267e+01 1.7106e+03    237.604    17.0339    37.1515    27.1586 0.0000e+00
     41.000    17.0581     0.2143    96.5292 1.5804e+01 1.7098e+03    238.136    17.0512    37.1975    27.1898 0.0000e+00
     42.000    17.0758     0.2084    96.5259 1.5208e+01 1.7146e+03    237.643    17.0687    37.2479    27.2243 0.0000e+00
     43.000    17.0261     0.2130    96.5265 1.4928e+01 1.7113e+03    237.006    17.0189    37.2510    27.2387 0.0000e+00
     44.000    16.9318     0.2135    96.5399 1.4330e+01 1.7078e+03    236.655    16.9244    37.2604    27.2687 0.0000e+00
     45.000    16.7710     0.2110    96.4689 1.3885e+01 1.7106e+03    237.322    16.7636    37.2550    27.3032 0.0000e+00
     46.000    16.5334     0.2134    96.4230 1.3437e+01 1.7155e+03    235.767    16.5259    37.2279    27.3390 0.0000e+00
     47.000    16.3707     0.2162    96.4253 1.3071e+01 1.7123e+03    238.004    16.3630    37.2229    27.3738 0.0000e+00
     48.000    16.4114     0.2226    96.4523 1.2469e+01 1.7082e+03    238.883    16.4036    37.2966    27.4209 0.0000e+00
     49.000    16.4581     0.2203    96.5088 1.1969e+01 1.7124e+03    239.344    16.4500    37.3616    27.4599 0.0000e+00
     50.000    16.4326     0.2163    96.5234 1.1502e+01 1.7070e+03    238.410    16.4244    37.3777    27.4784 0.0000e+00
     51.000    16.3222     0.2227    96.4862 1.1012e+01 1.7116e+03    238.244    16.3139    37.3742    27.5018 0.0000e+00
     52.000    16.2740     0.2260    96.5259 1.0678e+01 1.7085e+03    238.165    16.2656    37.3821    27.5193 0.0000e+00
     53.000    16.2003     0.2183    96.5375 1.0279e+01 1.7059e+03    239.729    16.1917    37.4141    27.5613 0.0000e+00
     54.000    16.2323     0.2233    96.5846 9.7583e+00 1.7092e+03    240.775    16.2236    37.4624    27.5910 0.0000e+00
     55.000    16.2243     0.2190    96.5534 9.3864e+00 1.7102e+03    239.681    16.2153    37.5052    27.6258 0.0000e+00
     56.000    16.1109     0.2174    96.5710 9.0261e+00 1.7053e+03    239.053    16.1019    37.5111    27.6570 0.0000e+00
     57.000    16.0091     0.2229    96.5446 8.6978e+00 1.7074e+03    239.059    15.9999    37.5180    27.6862 0.0000e+00
     58.000    15.9516     0.2270    96.4757 8.2613e+00 1.7073e+03    238.712    15.9423    37.5267    27.7063 0.0000e+00
     59.000    15.8926     0.2205    96.4297 7.8590e+00 1.7112e+03    238.839    15.8831    37.5333    27.7252 0.0000e+00
     60.000    15.8011     0.2291    96.4263 7.6486e+00 1.7093e+03    238.912    15.7915    37.5665    27.7720 0.0000e+00
     61.000    15.7184     0.2357    96.4059 7.2690e+00 1.7070e+03    238.780    15.7087    37.6023    27.8188 0.0000e+00
     62.000    15.6565     0.2360    96.4131 6.8123e+00 1.7085e+03    238.625    15.6467    37.6214    27.8478 0.0000e+00
     63.000    15.5775     0.2393    96.3273 6.5214e+00 1.7100e+03    237.720    15.5676    37.6304    27.8729 0.0000e+00
     64.000    15.4783     0.2451    96.2701 6.2139e+00 1.7063e+03    236.222    15.4683    37.6364    27.9003 0.0000e+00
     65.000    15.3848     0.2516    96.1399 5.9059e+00 1.7081e+03    235.919    15.3746    37.6535    27.9348 0.0000e+00
     66.000    15.3722     0.2535    96.2859 5.4946e+00 1.7063e+03    235.846    15.3618    37.6689    27.9496 0.0000e+00
     67.000    15.3639     0.2535    96.4623 5.1990e+00 1.7103e+03    236.939    15.3534    37.6866    27.9652 0.0000e+00
     68.000    15.3469     0.2491    96.5427 4.9541e+00 1.7025e+03    237.208    15.3362    37.7089    27.9863 0.0000e+00
     69.000    15.2994     0.2404    96.4943 4.6487e+00 1.7057e+03    236.286    15.2886    37.7254    28.0099 0.0000e+00
     70.000    15.2692     0.2456    96.5608 4.3405e+00 1.7082e+03    235.888    15.2583    37.7335    28.0230 0.0000e+00
     71.000    15.2219     0.2513    96.6490 4.1672e+00 1.7056e+03    233.639    15.2108    37.7338    28.0340 0.0000e+00
     72.000    15.1534     0.2448    96.6967 3.9360e+00 1.7018e+03    232.631    15.1422    37.7458    28.0588 0.0000e+00
     73.000    15.1189     0.2480    96.6783 3.6564e+00 1.7052e+03    231.418    15.1076    37.7625    28.0795 0.0000e+00
     74.000    15.0870     0.2494    96.7517 3.4527e+00 1.7039e+03    230.537    15.0756    37.7774    28.0982 0.0000e+00
     75.000    15.0463     0.2543    95.2661 3.2731e+00 1.7034e+03    228.408    15.0347    37.7934    28.1198 0.0000e+00
     76.000    14.9775     0.2932    94.7732 3.0591e+00 1.7063e+03    221.748    14.9657    37.7962    28.1375 0.0000e+00
     77.000    14.9038     0.3531    92.8054 2.8694e+00 1.7065e+03    217.852    14.8919    37.7966    28.1543 0.0000e+00
     78.000    14.8414     0.3593    95.5441 2.6760e+00 1.7057e+03    212.453    14.8295    37.8087    28.1777 0.0000e+00
     79.000    14.7549     0.3774    91.3642 2.4517e+00 1.7051e+03    203.958    14.7429    37.8067    28.1955 0.0000e+00
     80.000    14.7108     0.3992    92.5053 2.2585e+00 1.7043e+03    199.408    14.6986    37.8213    28.2166 0.0000e+00
     81.000    14.6890     0.4002    95.5390 2.0727e+00 1.7056e+03    198.905    14.6766    37.8356    28.2325 0.0000e+00
     82.000    14.6758     0.3834    95.7617 1.9039e+00 1.6958e+03    198.831    14.6633    37.8454    28.2430 0.0000e+00
     83.000    14.6438     0.4177    94.5672 1.7380e+00 1.6973e+03    199.298    14.6312    37.8718    28.2705 0.0000e+00
     84.000    14.6297     0.3678    95.9159 1.5884e+00 1.6982e+03    201.978    14.6169    37.8910    28.2885 0.0000e+00
     85.000    14.6228     0.3692    96.5786 1.4666e+00 1.6969e+03    204.577    14.6099    37.9002    28.2972 0.0000e+00
     86.000    14.6014     0.3409    94.0772 1.3584e+00 1.6926e+03    206.675    14.5884    37.9098    28.3094 0.0000e+00
     87.000    14.5765     0.3474    88.1151 1.2583e+00 1.6922e+03    207.751    14.5633    37.9250    28.3267 0.0000e+00
     88.000    14.5657     0.3129    95.8749 1.1602e+00 1.6972e+03    207.029    14.5524    37.9364    28.3379 0.0000e+00
     89.000    14.5589     0.2862    97.0335 1.0819e+00 1.6964e+03    207.014    14.5454    37.9392    28.3416 0.0000e+00
     90.000    14.5534     0.2990    96.9935 1.0070e+00 1.6933e+03    207.282    14.5397    37.9437    28.3463 0.0000e+00
     91.000    14.5730     0.3112    96.9275 9.4884e-01 1.6942e+03    206.652    14.5592    37.9341    28.3346 0.0000e+00
     92.000    14.5050     0.3015    97.0949 8.8236e-01 1.6947e+03    207.974    14.4911    37.9645    28.3732 0.0000e+00
     93.000    14.4886     0.2967    97.1549 8.2439e-01 1.6949e+03    207.923    14.4745    37.9697    28.3808 0.0000e+00
     94.000    14.4817     0.2949    97.1244 7.7091e-01 1.6943e+03    207.889    14.4675    37.9773    28.3883 0.0000e+00
     95.000    14.4833     0.2922    97.0655 7.2181e-01 1.6978e+03    207.828    14.4689    37.9828    28.3922 0.0000e+00
     96.000    14.4776     0.2903    97.1508 6.7621e-01 1.6962e+03    207.304    14.4631    37.9842    28.3946 0.0000e+00
     97.000    14.4631     0.2815    97.1305 6.3190e-01 1.6946e+03    206.276    14.4484    37.9868    28.3999 0.0000e+00
     98.000    14.4322     0.2848    97.1766 5.9338e-01 1.6911e+03    201.692    14.4174    37.9937    28.4120 0.0000e+00
     99.000    14.4172     0.2848    97.1717 5.5459e-01 1.6903e+03    199.758    14.4022    37.9989    28.4193 0.0000e+00
    100.000    14.3938     0.2705    97.2276 5.1784e-01 1.6910e+03    197.896    14.3788    38.0078    28.4314 0.0000e+00
    101.000    14.3918     0.2726    97.2459 4.8509e-01 1.6901e+03    197.742    14.3766    38.0085    28.4324 0.0000e+00
    102.000    14.3846     0.2697    97.1825 4.5738e-01 1.6881e+03    197.463    14.3692    38.0127    28.4373 0.0000e+00
    103.000    14.3604     0.2735    97.1929 4.2982e-01 1.6871e+03    196.925    14.3449    38.0266    28.4534 0.0000e+00
    104.000    14.3429     0.2558    97.3305 4.0334e-01 1.6872e+03    196.540    14.3273    38.0348    28.4636 0.0000e+00
    105.000    14.3299     0.2542    97.3362 3.8026e-01 1.6824e+03    196.733    14.3142    38.0411    28.4713 0.0000e+00
    106.000    14.3103     0.2532    97.3537 3.5834e-01 1.6861e+03    197.450    14.2943    38.0501    28.4826 0.0000e+00
    107.000    14.3015     0.2539    97.4604 3.3654e-01 1.6773e+03    197.256    14.2855    38.0545    28.4879 0.0000e+00
    108.000    14.3146     0.2659    97.4026 3.1670e-01 1.6783e+03    197.470    14.2983    38.0488    28.4808 0.0000e+00
    109.000    14.2735     0.2456    97.5006 2.9861e-01 1.6764e+03    198.968    14.2571    38.0738    28.5091 0.0000e+00
    110.000    14.2511     0.2270    97.5516 2.8151e-01 1.6780e+03    199.861    14.2346    38.0917    28.5279 0.0000e+00
    111.000    14.2295     0.2286    97.5627 2.6806e-01 1.6731e+03    199.952    14.2129    38.1006    28.5395 0.0000e+00
    112.000    14.2198     0.2283    97.5942 2.5634e-01 1.6747e+03    199.427    14.2030    38.1065    28.5462 0.0000e+00
    113.000    14.1966     0.2223    97.6436 2.4019e-01 1.6721e+03    198.693    14.1797    38.1148    28.5577 0.0000e+00
    114.000    14.1876     0.2222    97.6398 2.3009e-01 1.6731e+03    198.196    14.1706    38.1175    28.5618 0.0000e+00
    115.000    14.1736     0.2241    97.6345 2.1740e-01 1.6672e+03    197.776    14.1565    38.1220    28.5683 0.0000e+00
    116.000    14.1646     0.2310    97.6675 2.0597e-01 1.6603e+03    197.100    14.1473    38.1245    28.5723 0.0000e+00
    117.000    14.1610     0.2218    97.6589 1.9678e-01 1.6661e+03    197.188    14.1435    38.1252    28.5737 0.0000e+00
    118.000    14.1364     0.2198    97.7167 1.8724e-01 1.6625e+03    196.040    14.1188    38.1320    28.5843 0.0000e+00
    119.000    14.1353     0.2183    97.7276 1.7682e-01 1.6607e+03    196.326    14.1176    38.1327    28.5851 0.0000e+00
    120.000    14.1059     0.2099    97.7579 1.6636e-01 1.6642e+03    194.494    14.0881    38.1402    28.5973 0.0000e+00
    121.000    14.0801     0.2091    97.7844 1.5762e-01 1.6591e+03    192.077    14.0621    38.1478    28.6088 0.0000e+00
    122.000    14.0768     0.2041    97.7814 1.5107e-01 1.6617e+03    192.793    14.0587    38.1497    28.6111 0.0000e+00
    123.000    14.0731     0.2034    97.8025 1.4341e-01 1.6595e+03    194.452    14.0548    38.1536    28.6150 0.0000e+00
    124.000    14.0712     0.2044    97.8070 1.3905e-01 1.6582e+03    194.727    14.0527    38.1552    28.6166 0.0000e+00
    125.000    14.0432     0.2054    97.8139 1.3570e-01 1.6545e+03    190.698    14.0246    38.1619    28.6279 0.0000e+00
    126.000    14.0228     0.2058    97.8301 1.2710e-01 1.6519e+03    189.264    14.0041    38.1691    28.6379 0.0000e+00
    127.000    14.0172     0.2019    97.8111 1.2108e-01 1.6546e+03    188.593    13.9983    38.1709    28.6406 0.0000e+00
    128.000    14.0103     0.1937    97.8610 1.1634e-01 1.6535e+03    188.071    13.9913    38.1745    28.6448 0.0000e+00
    129.000    14.0041     0.1960    97.8698 1.1110e-01 1.6541e+03    188.220    13.9850    38.1794    28.6500 0.0000e+00
    130.000    13.9914     0.1945    97.8699 1.0667e-01 1.6452e+03    187.420    13.9721    38.1822    28.6550 0.0000e+00
    131.000    13.9830     0.1915    97.8726 1.0468e-01 1.6464e+03    187.430    13.9635    38.1832    28.6576 0.0000e+00
    132.000    13.9757     0.1963    97.8738 9.7242e-02 1.6447e+03    187.205    13.9562    38.1850    28.6606 0.0000e+00
    133.000    13.9665     0.1953    97.8673 9.3487e-02 1.6479e+03    189.179    13.9468    38.1914    28.6675 0.0000e+00
    134.000    13.9680     0.1980    97.8410 9.0072e-02 1.6468e+03    191.502    13.9481    38.1964    28.6712 0.0000e+00
