Data/ruptures/PEACETIME/FAST/PEACETIME_FAST_CTD_091.cnv
* Sea-Bird SBE 9 Data File:
* FileName = C:\CTD\rawCTD\PEACETIME_FAST_CTD_091.hdr
* Software Version Seasave V 7.23.2
* Temperature SN = 1378
* Conductivity SN = 2929
* Number of Bytes Per Scan = 38
* Number of Voltage Words = 5
* Number of Scans Averaged by the Deck Unit = 1
* NMEA Latitude = 37 56.81 N
* NMEA Longitude = 002 54.94 E
* NMEA UTC (Time) = Jun 09 2017  04:33:13
* NMEA baud rate = 4800
** Cruise:   PEACETIME
** Station:   FAST_CTD_091
# nquan = 11
# nvalues = 498                         
# units = specified
# name 0 = prDM: Pressure, Digiquartz [db]
# name 1 = t090C: Temperature [ITS-90, deg C]
# name 2 = flC: Fluorescence, Chelsea Aqua 3 Chl Con [ug/l]
# name 3 = CStarTr0: Beam Transmission, WET Labs C-Star [%]
# name 4 = par: PAR/Irradiance, Biospherical/Licor
# name 5 = spar: SPAR/Surface Irradiance
# name 6 = sbeox0Mm/Kg: Oxygen, SBE 43 [umol/kg]
# name 7 = potemp090C: Potential Temperature [ITS-90, deg C]
# name 8 = sal00: Salinity, Practical [PSU]
# name 9 = sigma-é00: Density [sigma-theta, kg/m^3]
# name 10 = flag:
# span 0 =      3.000,    500.000       
# span 1 =    13.4556,    21.5679       
# span 2 =     0.1735,     0.3541       
# span 3 =    94.8539,    98.1279       
# span 4 = 1.0000e-12, 8.5855e+00       
# span 5 = 4.5438e+01, 1.4785e+02       
# span 6 =    151.998,    240.321       
# span 7 =    13.3826,    21.5655       
# span 8 =    37.0614,    38.5971       
# span 9 =    25.9540,    29.0894       
# span 10 = 0.0000e+00, 0.0000e+00      
# interval = decibars: 1                
# start_time = Jun 09 2017 04:33:13 [NMEA time, first data scan]
# bad_flag = -9.990e-29
*END*
[from data line 394]
    397.000    13.5507     0.1867    98.1048 1.0000e-12 1.3615e+02    152.650    13.4924    38.5866    29.0712 0.0000e+00
    398.000    13.5500     0.1846    98.1156 1.0000e-12 1.4479e+02    152.930    13.4914    38.5866    29.0713 0.0000e+00
    399.000    13.5482     0.1868    98.1080 1.0000e-12 1.4329e+02    152.435    13.4896    38.5863    29.0715 0.0000e+00
    400.000    13.5452     0.1894    98.1165 1.0000e-12 1.3600e+02    152.632    13.4863    38.5859    29.0719 0.0000e+00
    401.000    13.5436     0.1920    98.1043 1.0000e-12 1.4501e+02    152.911    13.4846    38.5854    29.0719 0.0000e+00
    402.000    13.5364     0.1891 -9.990e-29 1.0000e-12 1.4584e+02    152.968    13.4773    38.5842    29.0725 0.0000e+00
    403.000    13.5293     0.1833    98.1210 1.0000e-12 1.4509e+02    152.553    13.4700    38.5828    29.0730 0.0000e+00
    404.000    13.5274     0.1847    98.1161 1.0000e-12 1.3355e+02    152.588    13.4681    38.5826    29.0732 0.0000e+00
    405.000    13.5300     0.1877    98.1155 1.0000e-12 1.3136e+02    153.115    13.4705    38.5836    29.0735 0.0000e+00
    406.000    13.5347     0.1857    98.1162 1.0000e-12 1.3603e+02    153.567    13.4750    38.5853    29.0739 0.0000e+00
    407.000    13.5416     0.1831    98.1174 1.0000e-12 1.3271e+02    153.549    13.4818    38.5875    29.0741 0.0000e+00
    408.000    13.5464     0.1802    98.1143 1.0000e-12 1.3468e+02    153.255    13.4863    38.5898    29.0749 0.0000e+00
    409.000    13.5623     0.1824    98.1203 1.0000e-12 1.2188e+02    153.423    13.5021    38.5954    29.0759 0.0000e+00
    410.000    13.5683     0.1865    98.1153 1.0000e-12 1.1952e+02    153.951    13.5079    38.5964    29.0755 0.0000e+00
    411.000    13.5640     0.1863    98.1264 1.0000e-12 1.2818e+02    153.743    13.5035    38.5956    29.0757 0.0000e+00
    412.000    13.5601     0.1878    98.1195 1.0000e-12 1.2953e+02    153.509    13.4994    38.5949    29.0761 0.0000e+00
    413.000    13.5466     0.1849    98.1110 1.0000e-12 1.2298e+02    153.646    13.4859    38.5915    29.0763 0.0000e+00
    414.000    13.5436     0.1798    98.1190 1.0000e-12 1.2367e+02    153.643    13.4827    38.5907    29.0764 0.0000e+00
    415.000    13.5380     0.1829    98.1110 1.0000e-12 1.2746e+02    153.687    13.4769    38.5897    29.0768 0.0000e+00
    416.000    13.5372     0.1818    98.1187 1.0000e-12 1.3267e+02    153.489    13.4760    38.5897    29.0771 0.0000e+00
    417.000    13.5374     0.1822    98.1226 1.0000e-12 1.2713e+02    153.370    13.4761    38.5897    29.0770 0.0000e+00
    418.000    13.5386     0.1863    98.1166 1.0000e-12 1.2231e+02    153.731    13.4772    38.5897    29.0768 0.0000e+00
    419.000    13.5510     0.1871    98.1179 1.0000e-12 1.3227e+02    153.976    13.4893    38.5955    29.0787 0.0000e+00
    420.000    13.5571     0.1864    98.1211 1.0000e-12 1.2991e+02    154.355    13.4953    38.5970    29.0786 0.0000e+00
    421.000    13.5572     0.1839    98.1251 1.0000e-12 1.2779e+02    154.497    13.4952    38.5969    29.0786 0.0000e+00
    422.000    13.5563     0.1911    98.1245 1.0000e-12 1.3129e+02    154.260    13.4942    38.5971    29.0789 0.0000e+00
    423.000    13.5551     0.1839    98.1189 1.0000e-12 1.2899e+02    154.227    13.4928    38.5970    29.0792 0.0000e+00
    424.000    13.5536     0.1800    98.1226 1.0000e-12 1.2790e+02    154.135    13.4911    38.5967    29.0793 0.0000e+00
    425.000    13.5536     0.1815    98.1182 1.0000e-12 1.3019e+02    153.902    13.4911    38.5967    29.0792 0.0000e+00
    426.000    13.5510     0.1921    98.1090 1.0000e-12 1.2967e+02    154.176    13.4882    38.5963    29.0795 0.0000e+00
    427.000    13.5489     0.1926    98.1148 1.0000e-12 1.2976e+02    154.307    13.4860    38.5959    29.0797 0.0000e+00
    428.000    13.5476     0.1852    98.1135 1.0000e-12 1.2246e+02    154.426    13.4846    38.5963    29.0803 0.0000e+00
    429.000    13.5490     0.1866    98.1208 1.0000e-12 1.2848e+02    153.987    13.4859    38.5969    29.0806 0.0000e+00
    430.000    13.5464     0.1842    98.1241 1.0000e-12 1.2479e+02    154.333    13.4831    38.5970    29.0812 0.0000e+00
    431.000    13.5397     0.1876    98.1232 1.0000e-12 1.2237e+02    154.434    13.4763    38.5956    29.0816 0.0000e+00
    432.000    13.5397     0.1841    98.1199 1.0000e-12 1.2243e+02    154.387    13.4761    38.5954    29.0815 0.0000e+00
    433.000    13.5342     0.1813    98.0899 -9.990e-29 1.2390e+02    154.486    13.4705    38.5945    29.0820 0.0000e+00
    434.000    13.5296     0.1800    98.1219 -9.990e-29 1.2536e+02    154.545    13.4658    38.5936    29.0822 0.0000e+00
    435.000    13.5279     0.1839    98.1239 1.0000e-12 1.1727e+02    154.521    13.4640    38.5933    29.0824 0.0000e+00
    436.000    13.5271     0.1839    98.1238 1.0000e-12 1.2145e+02    154.473    13.4630    38.5932    29.0825 0.0000e+00
    437.000    13.5273     0.1865    98.1211 1.0000e-12 1.2098e+02    154.420    13.4630    38.5932    29.0825 0.0000e+00
    438.000    13.5288     0.1882    98.1251 -9.990e-29 1.1810e+02    154.566    13.4644    38.5936    29.0826 0.0000e+00
    439.000    13.5295     0.1859    98.1224 1.0000e-12 1.1817e+02    154.597    13.4649    38.5939    29.0826 0.0000e+00
    440.000    13.5287     0.1870    98.1257 1.0000e-12 1.1455e+02    154.567    13.4640    38.5938    29.0827 0.0000e+00
    441.000    13.5257     0.1834    98.1146 1.0000e-12 1.1790e+02    154.918    13.4608    38.5931    29.0829 0.0000e+00
    442.000    13.5245     0.1832    98.1165 1.0000e-12 1.1208e+02    154.889    13.4595    38.5930    29.0831 0.0000e+00
    443.000    13.5240     0.1841    98.1221 1.0000e-12 1.1175e+02    154.305    13.4589    38.5929    29.0831 0.0000e+00
    444.000    13.5183     0.1791    98.1184 1.0000e-12 1.1142e+02    154.523    13.4530    38.5911    29.0830 0.0000e+00
    445.000    13.5073     0.1819    98.1085 1.0000e-12 1.1078e+02    154.430    13.4419    38.5886    29.0834 0.0000e+00
    446.000    13.5022     0.1829    98.1157 1.0000e-12 1.1199e+02    154.187    13.4367    38.5874    29.0836 0.0000e+00
    447.000    13.5023     0.1871    98.1210 1.0000e-12 1.1460e+02    154.315    13.4366    38.5872    29.0835 0.0000e+00
    448.000    13.4971     0.1861    98.1155 1.0000e-12 1.0669e+02    154.671    13.4313    38.5863    29.0839 0.0000e+00
    449.000    13.4957     0.1899    98.1130 1.0000e-12 1.0832e+02    154.421    13.4297    38.5859    29.0839 0.0000e+00
    450.000    13.4957     0.1862    98.1163 1.0000e-12 1.1559e+02    154.268    13.4295    38.5861    29.0841 0.0000e+00
    451.000    13.4945     0.1892    98.1145 1.0000e-12 1.1465e+02    154.582    13.4282    38.5860    29.0843 0.0000e+00
    452.000    13.4940     0.1835    98.1174 1.0000e-12 1.0927e+02    154.267    13.4276    38.5857    29.0842 0.0000e+00
    453.000    13.4924     0.1845    98.1151 1.0000e-12 1.0541e+02    154.756    13.4258    38.5857    29.0846 0.0000e+00
    454.000    13.4904     0.1891    98.1163 1.0000e-12 1.0856e+02    154.506    13.4237    38.5854    29.0848 0.0000e+00
    455.000    13.4897     0.1944    98.1208 -9.990e-29 1.1272e+02    154.778    13.4229    38.5852    29.0848 0.0000e+00
    456.000    13.4887     0.1845    98.1237 1.0000e-12 1.0789e+02    154.745    13.4217    38.5851    29.0850 0.0000e+00
    457.000    13.4865     0.1850    98.1224 1.0000e-12 1.1505e+02    154.800    13.4193    38.5845    29.0850 0.0000e+00
    458.000    13.4838     0.1846    98.1190 1.0000e-12 1.1162e+02    154.958    13.4165    38.5841    29.0853 0.0000e+00
    459.000    13.4820     0.1782    98.1226 1.0000e-12 1.1338e+02    155.036    13.4146    38.5838    29.0855 0.0000e+00
    460.000    13.4838     0.1842    98.1168 1.0000e-12 1.1076e+02    154.590    13.4162    38.5836    29.0850 0.0000e+00
    461.000    13.4812     0.1850    98.1092 1.0000e-12 1.0528e+02    154.662    13.4134    38.5836    29.0856 0.0000e+00
    462.000    13.4812     0.1815    98.1169 1.0000e-12 1.1018e+02    154.908    13.4133    38.5837    29.0857 0.0000e+00
    463.000    13.4802     0.1844    98.1110 1.0000e-12 1.1052e+02    154.773    13.4122    38.5835    29.0857 0.0000e+00
    464.000    13.4803     0.1810    98.1162 1.0000e-12 1.0568e+02    154.708    13.4122    38.5836    29.0858 0.0000e+00
    465.000    13.4782     0.1832    98.1227 1.0000e-12 1.0753e+02    154.378    13.4099    38.5833    29.0861 0.0000e+00
    466.000    13.4759     0.1906    98.1191 1.0000e-12 1.1208e+02    154.861    13.4074    38.5830    29.0864 0.0000e+00
    467.000    13.4751     0.1885    98.1189 1.0000e-12 1.0979e+02    155.358    13.4065    38.5828    29.0864 0.0000e+00
    468.000    13.4756     0.1881    98.1201 1.0000e-12 1.0372e+02    154.916    13.4068    38.5826    29.0862 0.0000e+00
    469.000    13.4726     0.1776    98.1178 1.0000e-12 1.0953e+02    155.021    13.4038    38.5824    29.0867 0.0000e+00
    470.000    13.4718     0.1837    98.1205 1.0000e-12 1.1130e+02    154.897    13.4028    38.5823    29.0868 0.0000e+00
    471.000    13.4714     0.1906    98.1206 1.0000e-12 1.1053e+02    154.714    13.4022    38.5821    29.0868 0.0000e+00
    472.000    13.4692     0.1834    98.1185 1.0000e-12 1.1133e+02    154.976    13.3998    38.5819    29.0871 0.0000e+00
    473.000    13.4666     0.1779    98.1183 1.0000e-12 1.1192e+02    154.919    13.3971    38.5813    29.0873 0.0000e+00
    474.000    13.4664     0.1799    98.1209 1.0000e-12 1.0585e+02    154.968    13.3968    38.5815    29.0875 0.0000e+00
    475.000    13.4667     0.1890    98.1227 1.0000e-12 1.0956e+02    155.273    13.3969    38.5816    29.0876 0.0000e+00
    476.000    13.4652     0.1900    98.1224 -9.990e-29 1.1023e+02    155.219    13.3953    38.5814    29.0877 0.0000e+00
    477.000    13.4646     0.1865    98.1152 -9.990e-29 1.0418e+02    155.249    13.3946    38.5812    29.0877 0.0000e+00
    478.000    13.4645     0.1844    98.1271 1.0000e-12 1.1412e+02    155.467    13.3943    38.5812    29.0878 0.0000e+00
    479.000    13.4629     0.1857    98.1209 1.0000e-12 1.1174e+02    155.660    13.3926    38.5810    29.0879 0.0000e+00
    480.000    13.4628     0.1803    98.1186 1.0000e-12 1.0886e+02    155.443    13.3923    38.5809    29.0879 0.0000e+00
    481.000    13.4615     0.1762    98.1206 1.0000e-12 1.1025e+02    155.047    13.3908    38.5808    29.0882 0.0000e+00
    482.000    13.4608     0.1774    98.1244 1.0000e-12 1.1293e+02    155.130    13.3900    38.5808    29.0883 0.0000e+00
    483.000    13.4605     0.1816    98.1190 1.0000e-12 1.1350e+02    155.166    13.3896    38.5805    29.0882 0.0000e+00
    484.000    13.4608     0.1843    98.1261 1.0000e-12 1.0886e+02    155.664    13.3897    38.5804    29.0881 0.0000e+00
    485.000    13.4584     0.1821    98.1231 1.0000e-12 1.1330e+02    155.681    13.3872    38.5802    29.0885 0.0000e+00
    486.000    13.4578     0.1772    98.1224 1.0000e-12 1.1524e+02    155.385    13.3864    38.5800    29.0885 0.0000e+00
    487.000    13.4566     0.1823    98.1268 1.0000e-12 1.1327e+02    155.875    13.3851    38.5795    29.0884 0.0000e+00
    488.000    13.4556     0.1854    98.1212 1.0000e-12 1.1276e+02    155.709    13.3839    38.5794    29.0886 0.0000e+00
    489.000    13.4570     0.1853    98.1235 1.0000e-12 1.1290e+02    155.857    13.3852    38.5800    29.0887 0.0000e+00
    490.000    13.4575     0.1875    98.1207 1.0000e-12 1.1480e+02    156.104    13.3856    38.5801    29.0888 0.0000e+00
    491.000    13.4572     0.1894    98.1244 1.0000e-12 1.1362e+02    155.301    13.3851    38.5801    29.0888 0.0000e+00
    492.000    13.4564     0.1871    98.1217 1.0000e-12 1.1415e+02    155.629    13.3842    38.5799    29.0889 0.0000e+00
    493.000    13.4575     0.1874    98.1152 1.0000e-12 1.1231e+02    155.809    13.3850    38.5803    29.0890 0.0000e+00
    494.000    13.4576     0.1873    98.1257 1.0000e-12 1.1458e+02    155.697    13.3851    38.5802    29.0889 0.0000e+00
    495.000    13.4574     0.1839    98.1263 1.0000e-12 1.1156e+02    155.957    13.3847    38.5803    29.0891 0.0000e+00
    496.000    13.4576     0.1821    98.1192 1.0000e-12 1.1495e+02    155.873    13.3847    38.5803    29.0891 0.0000e+00
    497.000    13.4575     0.1819    98.1146 1.0000e-12 1.1551e+02    156.139    13.3845    38.5802    29.0891 0.0000e+00
    498.000    13.4571     0.1898    98.1232 1.0000e-12 1.1065e+02    155.945    13.3839    38.5802    29.0892 0.0000e+00
    499.000    13.4564     0.1841    98.1219 1.0000e-12 1.1332e+02    155.918    13.3831    38.5802    29.0894 0.0000e+00
    500.000    13.4560     0.1839    98.1279 1.0000e-12 1.1631e+02    155.995    13.3826    38.5802    29.0894 0.0000e+00
