Data/ruptures/PEACETIME/FAST/PEACETIME_FAST_CTD_066.cnv
* Sea-Bird SBE 9 Data File:
* FileName = C:\CTD\rawCTD\PEACETIME_FAST_CTD_066.hdr
* Software Version Seasave V 7.23.2
* Temperature SN = 1378
* Conductivity SN = 2929
* Number of Bytes Per Scan = 38
* Number of Voltage Words = 5
* Number of Scans Averaged by the Deck Unit = 1
* NMEA Latitude = 37 56.81 N
* NMEA Longitude = 002 54.99 E
* NMEA UTC (Time) = Jun 05 2017  04:20:45
* NMEA baud rate = 4800
** Cruise:   PEACETIME
** Station:   FAST_CTD_066
# nquan = 11
# nvalues = 2815                        
# units = specified
# name 0 = prDM: Pressure, Digiquartz [db]
# name 1 = t090C: Temperature [ITS-90, deg C]
# name 2 = flC: Fluorescence, Chelsea Aqua 3 Chl Con [ug/l]
# name 3 = CStarTr0: Beam Transmission, WET Labs C-Star [%]
# name 4 = par: PAR/Irradiance, Biospherical/Licor
# name 5 = spar: SPAR/Surface Irradiance
# name 6 = sbeox0Mm/Kg: Oxygen, SBE 43 [umol/kg]
# name 7 = potemp090C: Potential Temperature [ITS-90, deg C]
# name 8 = sal00: Salinity, Practical [PSU]
# name 9 = sigma-é00: Density [sigma-theta, kg/m^3]
# name 10 = flag:
# span 0 =      2.000,   2816.000       
# span 1 =    13.1203,    21.4129       
# span 2 =     0.1689,     0.5547       
# span 3 =    93.9269,    98.3482       
# span 4 = -1.198e-06, 2.4395e+00       
# span 5 = 4.9515e+00, 9.3009e+02       
# span 6 =    152.219,    239.160       
# span 7 =    12.9041,    21.4109       
# span 8 =    36.9919,    38.5936       
# span 9 =    25.9417,    29.1161       
# span 10 = 0.0000e+00, 0.0000e+00      
# interval = decibars: 1                
# start_time = Jun 05 2017 04:23:16 [NMEA time, first data scan]
# bad_flag = -9.990e-29
*END*
[from data line 525]
    527.000    13.4134     0.1882    98.2710 1.0000e-12 4.6958e+01    157.533    13.3360    38.5728    29.0936 0.0000e+00
    528.000    13.4128     0.1859    98.2785 1.0000e-12 4.8570e+01    158.005    13.3354    38.5727    29.0937 0.0000e+00
    529.000    13.4113     0.1822    98.2801 1.0000e-12 4.9502e+01    157.759    13.3337    38.5724    29.0937 0.0000e+00
    530.000    13.4105     0.1895    98.2713 1.0000e-12 4.8760e+01    157.990    13.3327    38.5721    29.0937 0.0000e+00
    531.000    13.4104     0.1981    98.2766 1.0000e-12 4.4526e+01    157.957    13.3325    38.5722    29.0939 0.0000e+00
    532.000    13.4104     0.1910    98.2785 1.0000e-12 5.0219e+01    157.788    13.3323    38.5722    29.0938 0.0000e+00
    533.000    13.4100     0.1923    98.2819 1.0000e-12 5.1789e+01    157.881    13.3318    38.5721    29.0939 0.0000e+00
    534.000    13.4067     0.1915    98.2800 -9.990e-29 4.8606e+01    158.150    13.3284    38.5714    29.0941 0.0000e+00
    535.000    13.4054     0.1934    98.2797 -9.990e-29 5.0153e+01    158.406    13.3269    38.5712    29.0942 0.0000e+00
    536.000    13.4053     0.1963    98.2820 -9.990e-29 4.8417e+01    158.126    13.3266    38.5712    29.0943 0.0000e+00
    537.000    13.4052     0.1927    98.2807 1.0000e-12 4.9958e+01    157.862    13.3264    38.5711    29.0943 0.0000e+00
    538.000    13.4051     0.1903    98.2753 1.0000e-12 4.9851e+01    158.062    13.3262    38.5711    29.0943 0.0000e+00
    539.000    13.4049     0.1924    98.2779 1.0000e-12 5.0317e+01    158.177    13.3258    38.5710    29.0944 0.0000e+00
    540.000    13.4041     0.1970    98.2817 1.0000e-12 4.9442e+01    158.339    13.3248    38.5707    29.0943 0.0000e+00
    541.000    13.4027     0.1974    98.2773 1.0000e-12 5.0251e+01    158.458    13.3233    38.5704    29.0944 0.0000e+00
    542.000    13.4018     0.1907    98.2802 1.0000e-12 5.1102e+01    158.462    13.3223    38.5700    29.0943 0.0000e+00
    543.000    13.4009     0.1923    98.2813 1.0000e-12 5.0022e+01    158.863    13.3212    38.5699    29.0944 0.0000e+00
    544.000    13.4009     0.1958    98.2745 1.0000e-12 5.3438e+01    159.149    13.3211    38.5700    29.0945 0.0000e+00
    545.000    13.4010     0.1967    98.2820 1.0000e-12 5.1954e+01    158.796    13.3210    38.5699    29.0945 0.0000e+00
    546.000    13.4008     0.1975    98.2796 1.0000e-12 5.3293e+01    158.582    13.3206    38.5699    29.0945 0.0000e+00
    547.000    13.4006     0.1941    98.2687 1.0000e-12 5.0994e+01    158.646    13.3204    38.5698    29.0946 0.0000e+00
    548.000    13.4007     0.1885    98.2787 1.0000e-12 5.0517e+01    158.806    13.3203    38.5698    29.0946 0.0000e+00
    549.000    13.4013     0.1941    98.2828 1.0000e-12 5.3030e+01    158.833    13.3207    38.5699    29.0946 0.0000e+00
    550.000    13.4014     0.1946    98.2764 1.0000e-12 5.1696e+01    158.460    13.3207    38.5700    29.0947 0.0000e+00
    551.000    13.4017     0.1923    98.2801 1.0000e-12 5.3911e+01    158.496    13.3208    38.5698    29.0945 0.0000e+00
    552.000    13.4016     0.1887    98.2790 1.0000e-12 5.8218e+01    158.136    13.3206    38.5698    29.0945 0.0000e+00
    553.000    13.4018     0.1851    98.2708 1.0000e-12 5.2325e+01    158.373    13.3206    38.5699    29.0946 0.0000e+00
    554.000    13.4017     0.1845    98.2780 1.0000e-12 5.2155e+01    158.831    13.3204    38.5699    29.0946 0.0000e+00
    555.000    13.4019     0.1870    98.2768 1.0000e-12 5.6252e+01    158.682    13.3205    38.5698    29.0945 0.0000e+00
    556.000    13.4020     0.1932    98.2807 1.0000e-12 5.3111e+01    158.737    13.3204    38.5698    29.0946 0.0000e+00
    557.000    13.4022     0.1966    98.2799 1.0000e-12 5.0450e+01    158.824    13.3204    38.5697    29.0945 0.0000e+00
    558.000    13.4019     0.1930    98.2790 1.0000e-12 5.5078e+01    158.860    13.3200    38.5698    29.0946 0.0000e+00
    559.000    13.4021     0.1901    98.2710 1.0000e-12 5.5491e+01    158.804    13.3201    38.5697    29.0946 0.0000e+00
    560.000    13.4020     0.1889    98.2802 1.0000e-12 5.6259e+01    158.309    13.3198    38.5698    29.0946 0.0000e+00
    561.000    13.4018     0.1908    98.2735 1.0000e-12 5.2614e+01    158.371    13.3195    38.5695    29.0945 0.0000e+00
    562.000    13.4017     0.1949    98.2779 1.0000e-12 5.2345e+01    158.643    13.3192    38.5695    29.0946 0.0000e+00
    563.000    13.4009     0.1932    98.2790 1.0000e-12 5.2986e+01    158.996    13.3182    38.5691    29.0944 0.0000e+00
    564.000    13.3997     0.1881    98.2807 1.0000e-12 5.4869e+01    158.800    13.3168    38.5689    29.0946 0.0000e+00
    565.000    13.3990     0.1843    98.2763 1.0000e-12 5.3980e+01    158.619    13.3160    38.5688    29.0947 0.0000e+00
    566.000    13.3979     0.1877    98.2802 1.0000e-12 5.4766e+01    158.757    13.3148    38.5683    29.0946 0.0000e+00
    567.000    13.3951     0.1961    98.2697 -9.990e-29 5.3004e+01    158.642    13.3119    38.5678    29.0948 0.0000e+00
    568.000    13.3929     0.1962    98.2753 -9.990e-29 5.4123e+01    158.490    13.3095    38.5673    29.0949 0.0000e+00
    569.000    13.3924     0.1998    98.2752 -9.990e-29 5.3980e+01    158.642    13.3088    38.5672    29.0950 0.0000e+00
    570.000    13.3906     0.1937    98.2824 -9.990e-29 5.5617e+01    158.935    13.3070    38.5668    29.0950 0.0000e+00
    571.000    13.3885     0.1915    98.2765 1.0000e-12 5.6327e+01    158.906    13.3047    38.5663    29.0951 0.0000e+00
    572.000    13.3859     0.1904    98.2705 1.0000e-12 5.7509e+01    158.843    13.3020    38.5657    29.0952 0.0000e+00
    573.000    13.3813     0.1857    98.2757 1.0000e-12 5.5750e+01    158.903    13.2972    38.5645    29.0953 0.0000e+00
    574.000    13.3769     0.1856    98.2757 1.0000e-12 5.5124e+01    159.218    13.2927    38.5634    29.0954 0.0000e+00
    575.000    13.3735     0.1848    98.2699 1.0000e-12 5.8258e+01    159.181    13.2892    38.5628    29.0957 0.0000e+00
    576.000    13.3708     0.1832 -9.990e-29 -9.990e-29 5.3528e+01    158.960    13.2864    38.5624    29.0960 0.0000e+00
    577.000    13.3694     0.1853 -9.990e-29 -9.990e-29 5.7328e+01    158.999    13.2848    38.5619    29.0959 0.0000e+00
    578.000    13.3679     0.1904 -9.990e-29 -9.990e-29 5.5020e+01    159.121    13.2831    38.5616    29.0960 0.0000e+00
    579.000    13.3657     0.1906 -9.990e-29 -9.990e-29 5.4728e+01    159.118    13.2808    38.5608    29.0959 0.0000e+00
    580.000    13.3622     0.1875 -9.990e-29 -9.990e-29 5.9368e+01    158.930    13.2772    38.5601    29.0961 0.0000e+00
    581.000    13.3564     0.1826 -9.990e-29 -9.990e-29 5.5337e+01    158.922    13.2713    38.5588    29.0964 0.0000e+00
    582.000    13.3545     0.1845 -9.990e-29 -9.990e-29 5.8225e+01    159.304    13.2691    38.5587    29.0968 0.0000e+00
    583.000    13.3542     0.1869 -9.990e-29 1.0000e-12 6.1010e+01    159.492    13.2687    38.5585    29.0967 0.0000e+00
    584.000    13.3530     0.1868 -9.990e-29 1.0000e-12 6.1458e+01    159.415    13.2674    38.5583    29.0968 0.0000e+00
    585.000    13.3516     0.1871 -9.990e-29 1.0000e-12 5.8809e+01    159.573    13.2659    38.5579    29.0968 0.0000e+00
    586.000    13.3507     0.1863 -9.990e-29 1.0000e-12 5.3987e+01    159.512    13.2648    38.5577    29.0969 0.0000e+00
    587.000    13.3507     0.1868 -9.990e-29 1.0000e-12 5.8150e+01    159.272    13.2646    38.5575    29.0968 0.0000e+00
    588.000    13.3505     0.1891 -9.990e-29 1.0000e-12 5.8396e+01    159.274    13.2643    38.5576    29.0969 0.0000e+00
    589.000    13.3499     0.1914 -9.990e-29 1.0000e-12 5.7976e+01    159.347    13.2636    38.5574    29.0969 0.0000e+00
    590.000    13.3489     0.1927 -9.990e-29 1.0000e-12 5.7707e+01    159.078    13.2625    38.5573    29.0970 0.0000e+00
    591.000    13.3480     0.1957 -9.990e-29 1.0000e-12 5.9295e+01    158.970    13.2613    38.5570    29.0970 0.0000e+00
    592.000    13.3476     0.1901 -9.990e-29 1.0000e-12 6.0883e+01    159.088    13.2608    38.5568    29.0970 0.0000e+00
    593.000    13.3455     0.1887 -9.990e-29 1.0000e-12 6.2223e+01    159.048    13.2586    38.5564    29.0972 0.0000e+00
    594.000    13.3444     0.1887 -9.990e-29 1.0000e-12 6.0278e+01    159.325    13.2574    38.5561    29.0972 0.0000e+00
    595.000    13.3428     0.1937 -9.990e-29 1.0000e-12 6.0497e+01    159.487    13.2556    38.5558    29.0973 0.0000e+00
    596.000    13.3425     0.1947 -9.990e-29 1.0000e-12 5.8646e+01    159.554    13.2551    38.5557    29.0974 0.0000e+00
    597.000    13.3427     0.1920 -9.990e-29 1.0000e-12 6.0413e+01    159.797    13.2552    38.5558    29.0974 0.0000e+00
    598.000    13.3414     0.1888 -9.990e-29 1.0000e-12 6.0146e+01    159.921    13.2537    38.5554    29.0974 0.0000e+00
    599.000    13.3405     0.1937 -9.990e-29 1.0000e-12 5.6688e+01    160.054    13.2527    38.5553    29.0975 0.0000e+00
    600.000    13.3402     0.1932 -9.990e-29 1.0000e-12 5.9632e+01    160.031    13.2522    38.5552    29.0975 0.0000e+00
    601.000    13.3390     0.1890 -9.990e-29 1.0000e-12 6.2591e+01    159.725    13.2509    38.5548    29.0975 0.0000e+00
    602.000    13.3384     0.1906 -9.990e-29 1.0000e-12 6.3974e+01    160.053    13.2502    38.5547    29.0976 0.0000e+00
    603.000    13.3376     0.1876 -9.990e-29 1.0000e-12 5.8473e+01    160.206    13.2492    38.5546    29.0977 0.0000e+00
    604.000    13.3374     0.1913 -9.990e-29 1.0000e-12 6.1223e+01    160.052    13.2489    38.5546    29.0978 0.0000e+00
    605.000    13.3377     0.1927 -9.990e-29 1.0000e-12 5.8813e+01    160.255    13.2491    38.5546    29.0978 0.0000e+00
    606.000    13.3377     0.1970 -9.990e-29 1.0000e-12 5.9060e+01    160.235    13.2488    38.5546    29.0978 0.0000e+00
    607.000    13.3378     0.1941 -9.990e-29 1.0000e-12 6.0496e+01    160.274    13.2488    38.5545    29.0978 0.0000e+00
    608.000    13.3374     0.1905 -9.990e-29 1.0000e-12 5.5248e+01    160.387    13.2482    38.5544    29.0978 0.0000e+00
    609.000    13.3375     0.1876 -9.990e-29 1.0000e-12 5.5853e+01    160.492    13.2482    38.5543    29.0977 0.0000e+00
    610.000    13.3375     0.1846 -9.990e-29 1.0000e-12 5.9889e+01    160.455    13.2481    38.5545    29.0979 0.0000e+00
    611.000    13.3379     0.1850 -9.990e-29 1.0000e-12 6.0597e+01    160.542    13.2484    38.5544    29.0977 0.0000e+00
    612.000    13.3380     0.1880 -9.990e-29 1.0000e-12 5.7695e+01    160.475    13.2482    38.5545    29.0979 0.0000e+00
    613.000    13.3384     0.1904 -9.990e-29 1.0000e-12 5.8960e+01    160.355    13.2485    38.5544    29.0977 0.0000e+00
    614.000    13.3397     0.1932 -9.990e-29 1.0000e-12 6.0465e+01    160.234    13.2497    38.5551    29.0980 0.0000e+00
    615.000    13.3402     0.1915 -9.990e-29 1.0000e-12 6.0620e+01    159.983    13.2500    38.5551    29.0979 0.0000e+00
    616.000    13.3412     0.1917    98.2742 1.0000e-12 6.2395e+01    160.317    13.2508    38.5553    29.0979 0.0000e+00
    617.000    13.3418     0.1896    98.2742 1.0000e-12 6.1639e+01    160.482    13.2513    38.5554    29.0979 0.0000e+00
    618.000    13.3420     0.1880    98.2752 1.0000e-12 5.7254e+01    160.225    13.2514    38.5555    29.0980 0.0000e+00
    619.000    13.3422     0.1902    98.2709 1.0000e-12 5.4181e+01    160.189    13.2514    38.5554    29.0979 0.0000e+00
    620.000    13.3426     0.1949    98.2666 1.0000e-12 6.1774e+01    160.256    13.2516    38.5554    29.0979 0.0000e+00
    621.000    13.3429     0.1973    98.2696 1.0000e-12 6.2351e+01    160.261    13.2518    38.5555    29.0979 0.0000e+00
    622.000    13.3432     0.1960    98.2655 1.0000e-12 6.2312e+01    160.469    13.2519    38.5556    29.0979 0.0000e+00
    623.000    13.3433     0.1928    98.2746 1.0000e-12 6.6188e+01    160.625    13.2519    38.5556    29.0979 0.0000e+00
    624.000    13.3437     0.1907    98.2796 1.0000e-12 6.2901e+01    160.829    13.2521    38.5556    29.0979 0.0000e+00
    625.000    13.3439     0.1855    98.2845 -9.990e-29 6.4383e+01    161.011    13.2522    38.5556    29.0979 0.0000e+00
    626.000    13.3444     0.1909    98.2759 -9.990e-29 6.3980e+01    160.703    13.2526    38.5558    29.0980 0.0000e+00
    627.000    13.3452     0.1919    98.2763 -9.990e-29 6.1635e+01    160.400    13.2532    38.5559    29.0979 0.0000e+00
    628.000    13.3452     0.1887    98.2679 -9.990e-29 6.1548e+01    160.250    13.2531    38.5560    29.0980 0.0000e+00
    629.000    13.3453     0.1906    98.2807 -9.990e-29 6.3806e+01    160.361    13.2529    38.5558    29.0979 0.0000e+00
    630.000    13.3459     0.1936    98.2832 -9.990e-29 5.8894e+01    160.634    13.2535    38.5560    29.0980 0.0000e+00
    631.000    13.3462     0.1918    98.2805 -9.990e-29 5.6366e+01    160.593    13.2536    38.5561    29.0980 0.0000e+00
    632.000    13.3465     0.1884    98.2779 -9.990e-29 5.5260e+01    160.512    13.2537    38.5561    29.0980 0.0000e+00
    633.000    13.3466     0.1913    98.2791 1.0000e-12 6.4774e+01    160.496    13.2537    38.5561    29.0980 0.0000e+00
    634.000    13.3467     0.1931    98.2775 1.0000e-12 5.6857e+01    160.487    13.2536    38.5560    29.0979 0.0000e+00
    635.000    13.3469     0.1870    98.2755 1.0000e-12 6.5279e+01    160.864    13.2536    38.5560    29.0979 0.0000e+00
    636.000    13.3463     0.1876    98.2805 1.0000e-12 6.5210e+01    160.677    13.2530    38.5559    29.0979 0.0000e+00
    637.000    13.3464     0.1871    98.2764 1.0000e-12 6.2017e+01    160.392    13.2529    38.5559    29.0979 0.0000e+00
    638.000    13.3469     0.1899    98.2820 1.0000e-12 6.3825e+01    160.560    13.2533    38.5561    29.0981 0.0000e+00
    639.000    13.3470     0.1922    98.2774 1.0000e-12 6.4959e+01    160.382    13.2532    38.5558    29.0979 0.0000e+00
    640.000    13.3464     0.1912    98.2785 1.0000e-12 6.4767e+01    160.054    13.2524    38.5557    29.0979 0.0000e+00
    641.000    13.3465     0.1892    98.2785 1.0000e-12 5.9537e+01    160.196    13.2524    38.5557    29.0979 0.0000e+00
    642.000    13.3456     0.1848    98.2825 1.0000e-12 6.0991e+01    160.700    13.2513    38.5554    29.0979 0.0000e+00
    643.000    13.3443     0.1846    98.2759 1.0000e-12 6.3669e+01    161.017    13.2499    38.5550    29.0979 0.0000e+00
    644.000    13.3402     0.1927    98.2794 1.0000e-12 6.1374e+01    161.065    13.2457    38.5541    29.0981 0.0000e+00
    645.000    13.3376     0.1916    98.2675 1.0000e-12 6.4281e+01    161.140    13.2430    38.5534    29.0981 0.0000e+00
    646.000    13.3330     0.1845 -9.990e-29 -9.990e-29 6.4314e+01    160.767    13.2382    38.5524    29.0983 0.0000e+00
    647.000    13.3308     0.1885 -9.990e-29 -9.990e-29 6.3915e+01    160.852    13.2359    38.5520    29.0985 0.0000e+00
    648.000    13.3296     0.1840 -9.990e-29 -9.990e-29 6.5824e+01    161.013    13.2345    38.5517    29.0986 0.0000e+00
    649.000    13.3287     0.1889 -9.990e-29 1.0000e-12 6.4960e+01    161.077    13.2335    38.5515    29.0986 0.0000e+00
    650.000    13.3271     0.1921 -9.990e-29 1.0000e-12 6.4172e+01    161.117    13.2317    38.5509    29.0986 0.0000e+00
    651.000    13.3247     0.1899 -9.990e-29 1.0000e-12 6.7201e+01    161.071    13.2292    38.5505    29.0988 0.0000e+00
    652.000    13.3210     0.1948 -9.990e-29 1.0000e-12 6.2727e+01    161.307    13.2254    38.5498    29.0990 0.0000e+00
    653.000    13.3201     0.1926    98.2742 1.0000e-12 6.1155e+01    161.598    13.2243    38.5496    29.0991 0.0000e+00
    654.000    13.3195     0.1896    98.2749 1.0000e-12 6.3943e+01    161.804    13.2236    38.5494    29.0991 0.0000e+00
    655.000    13.3153     0.1915    98.2715 1.0000e-12 6.2537e+01    161.579    13.2192    38.5485    29.0993 0.0000e+00
    656.000    13.3142     0.1930    98.2725 1.0000e-12 6.7209e+01    161.413    13.2179    38.5482    29.0993 0.0000e+00
