Data/ruptures/PEACETIME/FAST/PEACETIME_FAST_CTD_067.cnv
* Sea-Bird SBE 9 Data File:
* FileName = C:\CTD\rawCTD\PEACETIME_FAST_CTD_067.hdr
* Software Version Seasave V 7.23.2
* Temperature SN = 1378
* Conductivity SN = 2929
* Number of Bytes Per Scan = 38
* Number of Voltage Words = 5
* Number of Scans Averaged by the Deck Unit = 1
* NMEA Latitude = 37 56.82 N
* NMEA Longitude = 002 54.99 E
* NMEA UTC (Time) = Jun 05 2017  07:24:18
* NMEA baud rate = 4800
** Cruise:   PEACETIME
** Station:   FAST_CTD_067
# nquan = 11
# nvalues = 198                         
# units = specified
# name 0 = prDM: Pressure, Digiquartz [db]
# name 1 = t090C: Temperature [ITS-90, deg C]
# name 2 = flC: Fluorescence, Chelsea Aqua 3 Chl Con [ug/l]
# name 3 = CStarTr0: Beam Transmission, WET Labs C-Star [%]
# name 4 = par: PAR/Irradiance, Biospherical/Licor
# name 5 = spar: SPAR/Surface Irradiance
# name 6 = sbeox0Mm/Kg: Oxygen, SBE 43 [umol/kg]
# name 7 = potemp090C: Potential Temperature [ITS-90, deg C]
# name 8 = sal00: Salinity, Practical [PSU]
# name 9 = sigma-é00: Density [sigma-theta, kg/m^3]
# name 10 = flag:
# span 0 =      3.000,    200.000       
# span 1 =    13.6335,    21.3978       
# span 2 =     0.1867,     0.6518       
# span 3 =    92.3272,    98.1383       
# span 4 = 1.3138e-03, 6.6286e+02       
# span 5 = 2.1800e+03, 2.2447e+03       
# span 6 =    179.269,    240.535       
# span 7 =    13.6043,    21.3967       
# span 8 =    36.9965,    38.3877       
# span 9 =    25.9434,    28.8931       
# span 10 = 0.0000e+00, 0.0000e+00      
# interval = decibars: 1                
# start_time = Jun 05 2017 07:26:15 [NMEA time, first data scan]
# bad_flag = -9.990e-29
*END*
      3.000    21.3960     0.2184    96.8552 6.6286e+02 2.1800e+03    208.895    21.3954    37.0464    25.9434 0.0000e+00
      4.000    21.3958     0.2191    96.8615 6.3327e+02 2.1935e+03    209.360    21.3950    37.0476    25.9444 0.0000e+00
      5.000    21.3977     0.2158    96.8821 5.4163e+02 2.1869e+03    208.717    21.3967    37.0476    25.9440 0.0000e+00
      6.000    21.3978     0.2083    96.9234 5.0227e+02 2.1908e+03    209.662    21.3966    37.0475    25.9439 0.0000e+00
      7.000    21.3971     0.2148    96.9212 3.6092e+02 2.1915e+03    209.960    21.3957    37.0478    25.9444 0.0000e+00
      8.000    21.3965     0.2163    96.9301 3.8979e+02 2.1905e+03    209.848    21.3949    37.0476    25.9444 0.0000e+00
      9.000    21.3976     0.2163    96.9290 4.0446e+02 2.1984e+03    210.018    21.3958    37.0477    25.9442 0.0000e+00
     10.000    21.3973     0.2175    96.9128 3.0593e+02 2.1947e+03    210.679    21.3953    37.0478    25.9445 0.0000e+00
     11.000    21.3975     0.2200    96.9224 3.4973e+02 2.2022e+03    210.155    21.3953    37.0478    25.9445 0.0000e+00
     12.000    21.3969     0.2162 -9.990e-29 3.0152e+02 2.1957e+03    209.971    21.3945    37.0479    25.9448 0.0000e+00
     13.000    21.3559     0.2173 -9.990e-29 3.0209e+02 2.1980e+03    210.024    21.3534    37.0473    25.9557 0.0000e+00
     14.000    21.3315     0.2196    96.9229 2.5963e+02 2.2009e+03    210.142    21.3287    37.0477    25.9629 0.0000e+00
     15.000    21.2643     0.2176    96.9034 2.5497e+02 2.1983e+03    208.234    21.2614    37.0455    25.9800 0.0000e+00
     16.000    20.8493     0.2173    96.8147 2.5214e+02 2.1943e+03    210.131    20.8463    37.0492    26.0968 0.0000e+00
     17.000    20.5386     0.2166    96.7717 2.2180e+02 2.1977e+03    212.553    20.5354    37.0566    26.1874 0.0000e+00
     18.000    20.4292     0.2174    96.7599 1.9820e+02 2.2008e+03    214.677    20.4258    37.0609    26.2204 0.0000e+00
     19.000    20.3453     0.2200    96.7367 2.0118e+02 2.2002e+03    215.693    20.3417    37.0637    26.2452 0.0000e+00
     20.000    20.3503     0.2170    96.7572 1.9207e+02 2.2004e+03    216.352    20.3465    37.0672    26.2466 0.0000e+00
     21.000    20.3498     0.2261    96.7565 1.9475e+02 2.2039e+03    215.479    20.3458    37.0669    26.2465 0.0000e+00
     22.000    20.0815     0.2211    96.7441 1.9131e+02 2.2071e+03    217.351    20.0774    37.0700    26.3210 0.0000e+00
     23.000    19.9632     0.2144    96.7411 1.5886e+02 2.2043e+03    217.714    19.9590    37.0737    26.3554 0.0000e+00
     24.000    19.5250     0.2136    96.7061 1.5256e+02 2.2057e+03    217.739    19.5206    37.0489    26.4524 0.0000e+00
     25.000    18.8221     0.2201    96.7765 1.3800e+02 2.2054e+03    224.475    18.8176    36.9965    26.5948 0.0000e+00
     26.000    18.6477     0.2175    96.8483 1.3682e+02 2.2029e+03    226.911    18.6431    37.0161    26.6545 0.0000e+00
     27.000    18.0576     0.2160    96.9200 1.2421e+02 2.2005e+03    230.608    18.0529    37.0097    26.7991 0.0000e+00
     28.000    17.9748     0.2196    96.9423 1.2616e+02 2.2014e+03    233.139    17.9699    37.0441    26.8461 0.0000e+00
     29.000    17.9551     0.2158    96.9565 1.1055e+02 2.2069e+03    233.476    17.9501    37.0582    26.8619 0.0000e+00
     30.000    17.9006     0.2163    96.9660 1.0289e+02 2.2023e+03    234.652    17.8954    37.1007    26.9082 0.0000e+00
     31.000    17.9390     0.2203    97.0064 1.1449e+02 2.2060e+03    234.414    17.9337    37.1434    26.9314 0.0000e+00
     32.000    17.9175     0.2180    96.9837 8.8470e+01 2.2053e+03    233.764    17.9120    37.1537    26.9447 0.0000e+00
     33.000    17.7724     0.2143    96.9687 9.7716e+01 2.2075e+03    233.357    17.7667    37.1435    26.9730 0.0000e+00
     34.000    17.6092     0.2217    96.9586 9.4302e+01 2.2079e+03    233.467    17.6034    37.1373    27.0086 0.0000e+00
     35.000    17.4180     0.2218    96.8974 8.9084e+01 2.2081e+03    234.691    17.4121    37.1444    27.0611 0.0000e+00
     36.000    17.2672     0.2202    96.8778 8.3868e+01 2.2065e+03    235.239    17.2611    37.1333    27.0894 0.0000e+00
     37.000    17.1898     0.2172    96.8301 7.8536e+01 2.2137e+03    237.081    17.1836    37.1414    27.1146 0.0000e+00
     38.000    17.1956     0.2226    96.8004 7.6718e+01 2.2107e+03    237.555    17.1892    37.1661    27.1322 0.0000e+00
     39.000    17.1764     0.2227    96.7458 7.2753e+01 2.2134e+03    237.637    17.1699    37.1736    27.1426 0.0000e+00
     40.000    17.0967     0.2278    96.7993 6.8245e+01 2.2177e+03    237.563    17.0900    37.1776    27.1651 0.0000e+00
     41.000    17.0236     0.2243    96.7649 6.5018e+01 2.2118e+03    239.351    17.0167    37.1939    27.1954 0.0000e+00
     42.000    17.0652     0.2232    96.8327 6.2762e+01 2.2106e+03    238.640    17.0582    37.2554    27.2326 0.0000e+00
     43.000    16.9320     0.2207    96.8326 5.9274e+01 2.2218e+03    236.396    16.9248    37.2681    27.2745 0.0000e+00
     44.000    16.6222     0.2187    96.8075 5.2706e+01 2.2137e+03    239.170    16.6149    37.3292    27.3958 0.0000e+00
     45.000    16.5702     0.2254    96.7960 5.2679e+01 2.2129e+03    240.535    16.5628    37.3394    27.4161 0.0000e+00
     46.000    16.6155     0.2312    96.8057 5.2111e+01 2.2175e+03    238.431    16.6079    37.3269    27.3957 0.0000e+00
     47.000    16.3860     0.2276    96.8498 4.4681e+01 2.2129e+03    236.616    16.3784    37.3528    27.4702 0.0000e+00
     48.000    16.2008     0.2313    96.8763 4.3212e+01 2.2098e+03    237.829    16.1930    37.3519    27.5130 0.0000e+00
     49.000    16.1151     0.2329    96.8681 4.3969e+01 2.2183e+03    239.404    16.1072    37.3506    27.5322 0.0000e+00
     50.000    15.9587     0.2275    96.8051 3.9064e+01 2.2189e+03    237.580    15.9507    37.3467    27.5657 0.0000e+00
     51.000    15.8458     0.2273    96.7878 3.7385e+01 2.2119e+03    237.488    15.8377    37.3561    27.5992 0.0000e+00
     52.000    15.8360     0.2248    96.7830 3.6631e+01 2.2156e+03    238.332    15.8277    37.3547    27.6003 0.0000e+00
     53.000    15.6449     0.2336    96.6933 3.2962e+01 2.2188e+03    235.345    15.6365    37.3354    27.6295 0.0000e+00
     54.000    15.4901     0.2443    96.5106 3.1108e+01 2.2155e+03    236.306    15.4817    37.3418    27.6700 0.0000e+00
     55.000    15.5029     0.2448    96.4758 3.0162e+01 2.2155e+03    236.128    15.4943    37.3825    27.6985 0.0000e+00
     56.000    15.4820     0.2448    96.4501 2.7041e+01 2.2215e+03    236.024    15.4732    37.4010    27.7176 0.0000e+00
     57.000    15.4420     0.2575    96.3548 2.5265e+01 2.2189e+03    235.455    15.4330    37.4345    27.7526 0.0000e+00
     58.000    15.4303     0.2664    96.2843 2.4871e+01 2.2185e+03    235.136    15.4212    37.4560    27.7719 0.0000e+00
     59.000    15.4244     0.2656    96.2622 2.2450e+01 2.2209e+03    234.331    15.4151    37.4729    27.7863 0.0000e+00
     60.000    15.3575     0.2742    95.8699 2.0976e+01 2.2185e+03    234.778    15.3482    37.4782    27.8056 0.0000e+00
     61.000    15.3938     0.2811    95.9958 2.0177e+01 2.2192e+03    233.995    15.3842    37.5089    27.8211 0.0000e+00
     62.000    15.3603     0.2778    96.1259 1.8098e+01 2.2173e+03    232.442    15.3506    37.5151    27.8335 0.0000e+00
     63.000    15.2568     0.2892    95.8450 1.6839e+01 2.2166e+03    231.844    15.2469    37.5181    27.8594 0.0000e+00
     64.000    15.2347     0.3022    95.7152 1.5799e+01 2.2198e+03    231.535    15.2248    37.5378    27.8796 0.0000e+00
     65.000    15.1898     0.3017    95.7443 1.4821e+01 2.2179e+03    230.626    15.1797    37.5433    27.8940 0.0000e+00
     66.000    15.1597     0.3161    95.4500 1.3349e+01 2.2140e+03    230.995    15.1495    37.5524    27.9079 0.0000e+00
     67.000    15.1629     0.3253    95.5520 1.2308e+01 2.2167e+03    228.977    15.1525    37.5650    27.9170 0.0000e+00
     68.000    15.0591     0.3269    95.6297 1.1464e+01 2.2189e+03    226.174    15.0486    37.5761    27.9490 0.0000e+00
     69.000    15.0176     0.3383    95.0186 1.0265e+01 2.2210e+03    226.096    15.0069    37.6096    27.9842 0.0000e+00
     70.000    15.0116     0.3740    94.7527 9.2673e+00 2.2181e+03    224.704    15.0008    37.6274    27.9993 0.0000e+00
     71.000    14.9959     0.4039    94.4537 8.7107e+00 2.2182e+03    222.664    14.9850    37.6413    28.0136 0.0000e+00
     72.000    14.9723     0.4767    92.5337 7.7252e+00 2.2211e+03    220.473    14.9612    37.6527    28.0277 0.0000e+00
     73.000    14.9845     0.6147    92.3272 6.9540e+00 2.2202e+03    222.096    14.9732    37.6832    28.0485 0.0000e+00
     74.000    15.0174     0.6518    93.2755 6.1723e+00 2.2239e+03    226.126    15.0060    37.7247    28.0733 0.0000e+00
     75.000    15.0711     0.5566    95.5570 5.3693e+00 2.2242e+03    229.721    15.0595    37.7634    28.0911 0.0000e+00
     76.000    15.0080     0.3875    96.3430 4.5094e+00 2.2189e+03    227.537    14.9962    37.7640    28.1058 0.0000e+00
     77.000    14.9730     0.3527    96.1336 3.9382e+00 2.2251e+03    226.016    14.9611    37.7684    28.1171 0.0000e+00
     78.000    14.9593     0.3617    96.3626 3.5920e+00 2.2257e+03    225.492    14.9472    37.7797    28.1289 0.0000e+00
     79.000    14.9252     0.3239    96.5293 3.3362e+00 2.2201e+03    223.632    14.9131    37.7922    28.1462 0.0000e+00
     80.000    14.8969     0.3263    96.5193 3.0914e+00 2.2223e+03    221.865    14.8846    37.7927    28.1530 0.0000e+00
     81.000    14.8831     0.3355    96.4019 2.8336e+00 2.2283e+03    221.738    14.8707    37.7924    28.1558 0.0000e+00
     82.000    14.8537     0.3424    96.4657 2.7048e+00 2.2278e+03    220.945    14.8412    37.8011    28.1692 0.0000e+00
     83.000    14.8258     0.3283    96.4805 2.4976e+00 2.2297e+03    221.047    14.8131    37.8099    28.1822 0.0000e+00
     84.000    14.8086     0.3173    96.5383 2.2871e+00 2.2314e+03    220.405    14.7958    37.8171    28.1917 0.0000e+00
     85.000    14.7726     0.3276    96.3236 2.1241e+00 2.2312e+03    216.873    14.7596    37.8418    28.2188 0.0000e+00
     86.000    14.7263     0.3468    96.1499 1.9752e+00 2.2255e+03    214.603    14.7131    37.8542    28.2388 0.0000e+00
     87.000    14.7075     0.3640    96.0892 1.8140e+00 2.2309e+03    212.187    14.6943    37.8569    28.2451 0.0000e+00
     88.000    14.6770     0.4160    95.5479 1.6804e+00 2.2265e+03    209.684    14.6636    37.8593    28.2537 0.0000e+00
     89.000    14.6621     0.4541    95.8079 1.5291e+00 2.2267e+03    209.231    14.6486    37.8766    28.2704 0.0000e+00
     90.000    14.6164     0.4276    95.9823 1.3857e+00 2.2325e+03    204.719    14.6027    37.8840    28.2863 0.0000e+00
     91.000    14.6005     0.4370    95.9247 1.2480e+00 2.2272e+03    207.143    14.5867    37.8936    28.2973 0.0000e+00
     92.000    14.5970     0.4476    96.2390 1.1253e+00 2.2337e+03    207.899    14.5831    37.8983    28.3017 0.0000e+00
     93.000    14.5673     0.4058    96.5881 1.0241e+00 2.2294e+03    205.141    14.5532    37.9084    28.3161 0.0000e+00
     94.000    14.5501     0.3754    96.6308 9.3549e-01 2.2270e+03    205.136    14.5359    37.9156    28.3255 0.0000e+00
     95.000    14.5431     0.3572    96.7130 8.5493e-01 2.2306e+03    205.752    14.5288    37.9240    28.3336 0.0000e+00
     96.000    14.5264     0.3354    96.8885 7.8552e-01 2.2256e+03    204.471    14.5118    37.9333    28.3445 0.0000e+00
     97.000    14.5207     0.3346    96.8630 7.3492e-01 2.2234e+03    204.336    14.5060    37.9372    28.3487 0.0000e+00
     98.000    14.5220     0.3312    96.8810 6.7745e-01 2.2252e+03    203.962    14.5071    37.9413    28.3517 0.0000e+00
     99.000    14.5033     0.3398    97.0705 6.2878e-01 2.2225e+03    201.807    14.4883    37.9612    28.3712 0.0000e+00
    100.000    14.4916     0.3298    97.1194 5.8702e-01 2.2259e+03    202.825    14.4765    37.9716    28.3819 0.0000e+00
    101.000    14.4886     0.3228    97.1037 5.4298e-01 2.2303e+03    203.579    14.4734    37.9896    28.3965 0.0000e+00
    102.000    14.4382     0.3065    97.2598 5.1116e-01 2.2191e+03    204.126    14.4228    38.0140    28.4265 0.0000e+00
    103.000    14.4120     0.2876    97.3455 4.7432e-01 2.2165e+03    203.911    14.3965    38.0315    28.4458 0.0000e+00
    104.000    14.4235     0.2910    97.2595 4.4327e-01 2.2169e+03    203.998    14.4078    38.0237    28.4373 0.0000e+00
    105.000    14.3991     0.2957    97.2776 4.2195e-01 2.2168e+03    202.080    14.3833    38.0295    28.4472 0.0000e+00
    106.000    14.4162     0.2868    97.2937 3.9693e-01 2.2173e+03    202.976    14.4003    38.0209    28.4368 0.0000e+00
    107.000    14.3809     0.2819    97.3270 3.7686e-01 2.2183e+03    200.184    14.3648    38.0331    28.4540 0.0000e+00
    108.000    14.3836     0.2654    97.3844 3.5421e-01 2.2271e+03    201.288    14.3674    38.0349    28.4549 0.0000e+00
    109.000    14.3530     0.2800    97.4582 3.3726e-01 2.2245e+03    197.442    14.3366    38.0443    28.4689 0.0000e+00
    110.000    14.2514     0.2755    97.6593 3.1351e-01 2.2233e+03    194.475    14.2349    38.0849    28.5226 0.0000e+00
    111.000    14.2301     0.2547    97.6988 2.9085e-01 2.2225e+03    194.542    14.2135    38.0927    28.5333 0.0000e+00
    112.000    14.2005     0.2427    97.7349 2.8289e-01 2.2194e+03    194.632    14.1838    38.1012    28.5463 0.0000e+00
    113.000    14.1845     0.2353    97.7673 2.6832e-01 2.2192e+03    196.128    14.1676    38.1098    28.5565 0.0000e+00
    114.000    14.1703     0.2247    97.7846 2.5444e-01 2.2199e+03    194.505    14.1533    38.1132    28.5623 0.0000e+00
    115.000    14.1541     0.2233    97.8171 2.4675e-01 2.2181e+03    191.800    14.1369    38.1173    28.5690 0.0000e+00
    116.000    14.1423     0.2236    97.8143 2.3185e-01 2.2253e+03    191.120    14.1250    38.1220    28.5753 0.0000e+00
    117.000    14.1145     0.2212    97.8131 2.2114e-01 2.2240e+03    190.567    14.0970    38.1318    28.5889 0.0000e+00
    118.000    14.1051     0.2115    97.8413 2.1028e-01 2.2226e+03    192.172    14.0875    38.1380    28.5958 0.0000e+00
    119.000    14.1048     0.2145    97.8541 2.0182e-01 2.2297e+03    194.806    14.0870    38.1424    28.5992 0.0000e+00
    120.000    14.1007     0.2168    97.8612 1.9163e-01 2.2220e+03    194.864    14.0828    38.1438    28.6013 0.0000e+00
    121.000    14.0935     0.2154    97.8792 1.8227e-01 2.2292e+03    194.915    14.0754    38.1468    28.6052 0.0000e+00
    122.000    14.0794     0.2170    97.8839 1.7429e-01 2.2285e+03    194.233    14.0613    38.1564    28.6157 0.0000e+00
    123.000    14.0693     0.2112    97.9217 1.6329e-01 2.2300e+03    194.798    14.0510    38.1601    28.6208 0.0000e+00
    124.000    14.0290     0.2103    97.9450 1.5741e-01 2.2298e+03    197.560    14.0106    38.1626    28.6315 0.0000e+00
    125.000    14.0233     0.2052    97.9483 1.4840e-01 2.2207e+03    194.282    14.0047    38.1694    28.6380 0.0000e+00
    126.000    14.0077     0.2082    97.9301 1.4258e-01 2.2202e+03    188.947    13.9890    38.1788    28.6487 0.0000e+00
    127.000    13.9968     0.2016    97.9566 1.3640e-01 2.2188e+03    191.217    13.9780    38.1820    28.6535 0.0000e+00
    128.000    13.9880     0.1976    97.9635 1.3083e-01 2.2229e+03    190.690    13.9690    38.1887    28.6606 0.0000e+00
    129.000    13.9727     0.2033    97.9651 1.2420e-01 2.2180e+03    190.475    13.9536    38.1902    28.6651 0.0000e+00
    130.000    13.9669     0.2032    97.9815 1.2236e-01 2.2185e+03    187.987    13.9476    38.1918    28.6677 0.0000e+00
    131.000    13.9605     0.2017    97.9752 1.1443e-01 2.2188e+03    187.298    13.9411    38.1935    28.6704 0.0000e+00
    132.000    13.9568     0.1995    97.9737 1.0990e-01 2.2275e+03    189.576    13.9373    38.1959    28.6731 0.0000e+00
    133.000    13.9424     0.2003    97.9892 1.0567e-01 2.2275e+03    193.866    13.9227    38.2029    28.6817 0.0000e+00
