Data/ruptures/PEACETIME/FAST/PEACETIME_FAST_CTD_057.cnv
* Sea-Bird SBE 9 Data File:
* FileName = C:\CTD\rawCTD\PEACETIME_FAST_CTD_057.hdr
* Software Version Seasave V 7.23.2
* Temperature SN = 1378
* Conductivity SN = 2929
* Number of Bytes Per Scan = 38
* Number of Voltage Words = 5
* Number of Scans Averaged by the Deck Unit = 1
* NMEA Latitude = 37 56.82 N
* NMEA Longitude = 002 54.92 E
* NMEA UTC (Time) = Jun 03 2017  02:32:56
* NMEA baud rate = 4800
** Cruise:   PEACETIME
** Station:   FAST_CTD_057
# nquan = 11
# nvalues = 599                         
# units = specified
# name 0 = prDM: Pressure, Digiquartz [db]
# name 1 = t090C: Temperature [ITS-90, deg C]
# name 2 = flC: Fluorescence, Chelsea Aqua 3 Chl Con [ug/l]
# name 3 = CStarTr0: Beam Transmission, WET Labs C-Star [%]
# name 4 = par: PAR/Irradiance, Biospherical/Licor
# name 5 = spar: SPAR/Surface Irradiance
# name 6 = sbeox0Mm/Kg: Oxygen, SBE 43 [umol/kg]
# name 7 = potemp090C: Potential Temperature [ITS-90, deg C]
# name 8 = sal00: Salinity, Practical [PSU]
# name 9 = sigma-é00: Density [sigma-theta, kg/m^3]
# name 10 = flag:
# span 0 =      3.000,    601.000       
# span 1 =    13.3362,    21.0548       
# span 2 =     0.1738,     0.3838       
# span 3 =    96.3095,    98.4052       
# span 4 = -2.198e-06, 1.5958e-01       
# span 5 = 5.6195e-01, 4.9564e+00       
# span 6 =    151.755,    239.455       
# span 7 =    13.2481,    21.0534       
# span 8 =    37.0244,    38.5875       
# span 9 =    26.0380,    29.0978       
# span 10 = 0.0000e+00, 0.0000e+00      
# interval = decibars: 1                
# start_time = Jun 03 2017 02:32:57 [NMEA time, first data scan]
# bad_flag = -9.990e-29
*END*
      3.000    21.0409     0.2015    97.0155 1.5958e-01 2.8838e+00    211.965    21.0403    37.0459    26.0413 0.0000e+00
      4.000    21.0542     0.1998    96.9790 1.0180e-01 4.0483e+00    212.018    21.0534    37.0464    26.0380 0.0000e+00
      5.000    21.0498     0.1960    97.0063 8.0838e-02 2.5636e+00    211.850    21.0488    37.0460    26.0390 0.0000e+00
      6.000    21.0535     0.1994    97.0198 4.5914e-02 3.5391e+00    212.174    21.0523    37.0465    26.0385 0.0000e+00
      7.000    21.0548     0.2040    97.0154 3.5425e-02 2.7602e+00    212.074    21.0534    37.0464    26.0381 0.0000e+00
      8.000    21.0532     0.2008    97.0200 1.9174e-02 3.0419e+00    212.343    21.0516    37.0461    26.0383 0.0000e+00
      9.000    21.0518     0.1969    97.0310 8.3363e-03 2.6738e+00    212.263    21.0501    37.0460    26.0387 0.0000e+00
     10.000    21.0382     0.1946    97.0272 5.3564e-03 2.4851e+00    212.093    21.0362    37.0456    26.0422 0.0000e+00
     11.000    20.9987     0.1936    97.0209 5.2056e-04 2.7053e+00    212.741    20.9966    37.0436    26.0516 0.0000e+00
     12.000    20.9810     0.1995    96.9916 2.4789e-04 2.1208e+00    212.267    20.9787    37.0432    26.0562 0.0000e+00
     13.000    20.9326     0.1965    97.0240 2.1915e-04 2.8159e+00    212.799    20.9301    37.0424    26.0689 0.0000e+00
     14.000    20.8978     0.1987    97.0137 6.7167e-05 3.6906e+00    211.765    20.8951    37.0399    26.0766 0.0000e+00
     15.000    20.5646     0.1959    97.0218 8.0861e-04 2.9640e+00    212.576    20.5618    37.0275    26.1580 0.0000e+00
     16.000    20.3668     0.1974    97.0445 -9.990e-29 2.3838e+00    214.179    20.3638    37.0244    26.2093 0.0000e+00
     17.000    20.3184     0.1954    97.0427 1.0000e-12 3.0577e+00    215.012    20.3152    37.0258    26.2235 0.0000e+00
     18.000    20.3026     0.1961    97.0443 1.0000e-12 2.2588e+00    215.107    20.2992    37.0318    26.2323 0.0000e+00
     19.000    20.2637     0.1963    97.0027 1.0000e-12 2.8655e+00    214.996    20.2602    37.0320    26.2430 0.0000e+00
     20.000    20.1624     0.1960    96.9876 1.0000e-12 2.6776e+00    215.835    20.1587    37.0447    26.2799 0.0000e+00
     21.000    20.1050     0.1926    97.0419 1.0000e-12 3.1549e+00    216.245    20.1011    37.0594    26.3066 0.0000e+00
     22.000    19.9912     0.1941    97.0282 1.0000e-12 2.6337e+00    214.376    19.9871    37.0729    26.3473 0.0000e+00
     23.000    19.2979     0.1932    96.9614 1.0000e-12 2.7405e+00    219.481    19.2938    37.1683    26.6031 0.0000e+00
     24.000    18.8664     0.1931    97.0182 1.0000e-12 2.5123e+00    223.186    18.8621    37.2004    26.7397 0.0000e+00
     25.000    18.5005     0.1910    97.0139 1.0000e-12 3.8748e+00    225.807    18.4961    37.1510    26.7955 0.0000e+00
     26.000    18.1169     0.1921    96.9988 1.0000e-12 3.0795e+00    227.653    18.1123    37.0938    26.8485 0.0000e+00
     27.000    17.8643     0.1944    97.0050 1.0000e-12 3.7240e+00    232.389    17.8596    37.0539    26.8812 0.0000e+00
     28.000    17.8198     0.1938    97.0201 1.0000e-12 2.6342e+00    233.875    17.8149    37.0518    26.8907 0.0000e+00
     29.000    17.7762     0.1948    97.0352 1.0000e-12 2.6286e+00    234.466    17.7713    37.0526    26.9022 0.0000e+00
     30.000    17.7464     0.1916    97.0374 1.0000e-12 2.9947e+00    234.779    17.7412    37.0641    26.9184 0.0000e+00
     31.000    17.7474     0.1956    97.0310 1.0000e-12 2.3211e+00    234.747    17.7421    37.0814    26.9314 0.0000e+00
     32.000    17.7444     0.2000    97.0639 1.0000e-12 2.5462e+00    235.146    17.7389    37.0969    26.9441 0.0000e+00
     33.000    17.7381     0.1941    97.0681 1.0000e-12 1.9533e+00    235.282    17.7325    37.1261    26.9681 0.0000e+00
     34.000    17.8111     0.1918    97.0609 1.0000e-12 3.0939e+00    233.774    17.8052    37.1987    27.0058 0.0000e+00
     35.000    17.6461     0.2003    97.0602 1.0000e-12 2.9101e+00    233.734    17.6401    37.1556    27.0137 0.0000e+00
     36.000    17.5459     0.1987    97.0410 1.0000e-12 2.5881e+00    234.480    17.5398    37.1339    27.0217 0.0000e+00
     37.000    17.5117     0.1966    97.0262 1.0000e-12 3.2567e+00    234.563    17.5054    37.1412    27.0358 0.0000e+00
     38.000    17.4532     0.2032    97.0319 1.0000e-12 3.1452e+00    235.610    17.4468    37.1512    27.0578 0.0000e+00
     39.000    17.3965     0.1977    97.0243 1.0000e-12 1.7655e+00    236.083    17.3899    37.1617    27.0798 0.0000e+00
     40.000    17.3402     0.1968    97.0266 1.0000e-12 2.1405e+00    236.148    17.3334    37.1700    27.1001 0.0000e+00
     41.000    17.2329     0.2053    97.0006 1.0000e-12 2.9061e+00    236.143    17.2260    37.1708    27.1269 0.0000e+00
     42.000    17.0641     0.2024    96.9554 1.0000e-12 2.1465e+00    236.898    17.0571    37.1786    27.1738 0.0000e+00
     43.000    16.8830     0.2044    96.9079 1.0000e-12 2.6800e+00    239.455    16.8759    37.2256    27.2537 0.0000e+00
     44.000    16.9208     0.2046    96.9776 1.0000e-12 2.4018e+00    237.993    16.9135    37.3162    27.3142 0.0000e+00
     45.000    16.8482     0.2031    96.9552 1.0000e-12 3.1103e+00    237.258    16.8407    37.3319    27.3438 0.0000e+00
     46.000    16.6938     0.2054    96.9335 1.0000e-12 3.7312e+00    237.427    16.6862    37.3447    27.3907 0.0000e+00
     47.000    16.4547     0.2051    96.9375 1.0000e-12 2.7373e+00    239.043    16.4470    37.3384    27.4428 0.0000e+00
     48.000    16.3904     0.2074    96.9096 1.0000e-12 2.7454e+00    238.572    16.3826    37.3775    27.4882 0.0000e+00
     49.000    16.2724     0.2106    96.9004 1.0000e-12 2.8540e+00    236.165    16.2644    37.4159    27.5455 0.0000e+00
     50.000    16.0538     0.2174    96.9696 1.0000e-12 3.5679e+00    235.138    16.0458    37.4308    27.6083 0.0000e+00
     51.000    15.9173     0.2110    97.0494 1.0000e-12 2.6516e+00    236.320    15.9091    37.4467    27.6523 0.0000e+00
     52.000    15.8865     0.2113    97.0500 1.0000e-12 2.9471e+00    236.580    15.8781    37.4509    27.6628 0.0000e+00
     53.000    15.8315     0.2159    97.0556 1.0000e-12 3.3201e+00    236.543    15.8231    37.4604    27.6829 0.0000e+00
     54.000    15.7628     0.2167    96.9872 1.0000e-12 3.5339e+00    236.167    15.7542    37.4827    27.7161 0.0000e+00
     55.000    15.7236     0.2193    97.0070 1.0000e-12 2.9359e+00    235.438    15.7149    37.4969    27.7361 0.0000e+00
     56.000    15.5992     0.2142    97.0407 1.0000e-12 2.4245e+00    235.763    15.5904    37.4988    27.7662 0.0000e+00
     57.000    15.5646     0.2207    97.0641 1.0000e-12 3.1566e+00    234.915    15.5556    37.5135    27.7854 0.0000e+00
     58.000    15.4996     0.2277    97.0948 1.0000e-12 2.4921e+00    233.317    15.4904    37.5318    27.8145 0.0000e+00
     59.000    15.4354     0.2300    97.1380 1.0000e-12 3.0001e+00    233.146    15.4262    37.5452    27.8395 0.0000e+00
     60.000    15.4186     0.2331    97.1224 1.0000e-12 3.5778e+00    233.079    15.4092    37.5700    27.8626 0.0000e+00
     61.000    15.3949     0.2454    97.0867 1.0000e-12 2.7472e+00    234.015    15.3853    37.5939    27.8864 0.0000e+00
     62.000    15.3829     0.2359    96.9327 1.0000e-12 3.7842e+00    233.784    15.3732    37.6029    27.8961 0.0000e+00
     63.000    15.3731     0.2322    96.9441 1.0000e-12 1.7745e+00    233.978    15.3632    37.6080    27.9023 0.0000e+00
     64.000    15.3567     0.2271    97.0939 1.0000e-12 1.4614e+00    234.063    15.3467    37.6129    27.9099 0.0000e+00
     65.000    15.3196     0.2268    97.1388 1.0000e-12 3.1480e+00    232.732    15.3095    37.6190    27.9230 0.0000e+00
     66.000    15.2745     0.2324    97.1245 1.0000e-12 2.0474e+00    232.444    15.2642    37.6318    27.9432 0.0000e+00
     67.000    15.2565     0.2330    97.1240 1.0000e-12 4.5332e+00    231.201    15.2461    37.6600    27.9691 0.0000e+00
     68.000    15.1790     0.2346    97.1067 1.0000e-12 2.8200e+00    230.630    15.1685    37.6728    27.9965 0.0000e+00
     69.000    15.1503     0.2410    97.0963 1.0000e-12 3.5494e+00    231.039    15.1396    37.6766    28.0060 0.0000e+00
     70.000    15.1294     0.2467    97.0673 1.0000e-12 2.1444e+00    230.765    15.1185    37.6795    28.0130 0.0000e+00
     71.000    15.1070     0.2558    97.1182 1.0000e-12 2.0961e+00    230.324    15.0960    37.6959    28.0307 0.0000e+00
     72.000    15.0565     0.2507    97.1322 1.0000e-12 2.6938e+00    229.728    15.0453    37.7096    28.0527 0.0000e+00
     73.000    15.0161     0.2545    97.0360 1.0000e-12 2.9010e+00    229.130    15.0048    37.7249    28.0737 0.0000e+00
     74.000    15.0079     0.2574    97.0149 1.0000e-12 3.2872e+00    230.014    14.9965    37.7299    28.0794 0.0000e+00
     75.000    15.0024     0.2560    97.0628 1.0000e-12 2.1056e+00    229.894    14.9909    37.7335    28.0834 0.0000e+00
     76.000    14.9918     0.2614    97.0987 1.0000e-12 2.7439e+00    228.985    14.9801    37.7375    28.0889 0.0000e+00
     77.000    14.9515     0.2590    96.9904 1.0000e-12 2.3667e+00    228.433    14.9397    37.7484    28.1064 0.0000e+00
     78.000    14.9278     0.2602    96.9504 1.0000e-12 2.4026e+00    227.940    14.9158    37.7512    28.1139 0.0000e+00
     79.000    14.9119     0.2626    96.9318 1.0000e-12 2.6323e+00    227.793    14.8997    37.7572    28.1222 0.0000e+00
     80.000    14.8997     0.2691    97.0017 1.0000e-12 2.8769e+00    227.339    14.8874    37.7661    28.1318 0.0000e+00
     81.000    14.8553     0.2662    97.0226 1.0000e-12 2.5035e+00    225.345    14.8429    37.7846    28.1561 0.0000e+00
     82.000    14.8321     0.2775    97.0470 1.0000e-12 2.1918e+00    223.815    14.8195    37.7968    28.1707 0.0000e+00
     83.000    14.8104     0.3150    96.6348 1.0000e-12 3.1024e+00    221.468    14.7977    37.8037    28.1809 0.0000e+00
     84.000    14.7898     0.3614    96.4509 1.0000e-12 3.0700e+00    220.430    14.7770    37.8099    28.1903 0.0000e+00
     85.000    14.7726     0.3537    96.3095 1.0000e-12 2.7914e+00    217.596    14.7596    37.8166    28.1993 0.0000e+00
     86.000    14.7398     0.3715    96.3774 1.0000e-12 1.7672e+00    215.646    14.7267    37.8287    28.2160 0.0000e+00
     87.000    14.7141     0.3838    96.8356 1.0000e-12 2.6004e+00    215.379    14.7009    37.8388    28.2296 0.0000e+00
     88.000    14.6911     0.3530    96.8815 1.0000e-12 2.7209e+00    214.471    14.6777    37.8495    28.2430 0.0000e+00
     89.000    14.6813     0.3448    96.9260 1.0000e-12 2.3806e+00    212.094    14.6677    37.8528    28.2478 0.0000e+00
     90.000    14.6507     0.3457    96.8229 1.0000e-12 1.8056e+00    203.043    14.6370    37.8640    28.2632 0.0000e+00
     91.000    14.6231     0.3496    96.7047 1.0000e-12 2.8878e+00    194.827    14.6092    37.8778    28.2800 0.0000e+00
     92.000    14.5989     0.3547    96.7605 1.0000e-12 3.1452e+00    191.667    14.5850    37.8956    28.2992 0.0000e+00
     93.000    14.5708     0.3439    96.9517 1.0000e-12 2.8119e+00    190.413    14.5566    37.9156    28.3209 0.0000e+00
     94.000    14.5375     0.3295    97.0580 1.0000e-12 3.7066e+00    189.965    14.5232    37.9372    28.3450 0.0000e+00
     95.000    14.5110     0.3107    97.1349 1.0000e-12 2.8037e+00    190.030    14.4966    37.9537    28.3636 0.0000e+00
     96.000    14.4937     0.3010    97.0934 1.0000e-12 2.7326e+00    189.568    14.4792    37.9634    28.3750 0.0000e+00
     97.000    14.4763     0.2911    97.1628 1.0000e-12 3.3608e+00    190.231    14.4617    37.9764    28.3888 0.0000e+00
     98.000    14.4706     0.2821    97.4393 1.0000e-12 2.9803e+00    198.976    14.4558    37.9958    28.4052 0.0000e+00
     99.000    14.4491     0.2739    97.5564 1.0000e-12 2.3280e+00    203.212    14.4342    38.0119    28.4224 0.0000e+00
    100.000    14.4174     0.2666    97.5026 1.0000e-12 2.0497e+00    202.239    14.4024    38.0163    28.4328 0.0000e+00
    101.000    14.4048     0.2596    97.6355 1.0000e-12 2.6938e+00    202.089    14.3896    38.0279    28.4446 0.0000e+00
    102.000    14.4360     0.2665    97.5519 1.0000e-12 2.8381e+00    200.567    14.4206    38.0111    28.4248 0.0000e+00
    103.000    14.4070     0.2609    97.6725 1.0000e-12 3.9188e+00    198.053    14.3915    38.0212    28.4390 0.0000e+00
    104.000    14.3444     0.2578    97.6738 1.0000e-12 3.0540e+00    196.641    14.3288    38.0453    28.4714 0.0000e+00
    105.000    14.3282     0.2588    97.7615 1.0000e-12 2.2435e+00    196.752    14.3124    38.0542    28.4819 0.0000e+00
    106.000    14.3122     0.2469    97.7646 1.0000e-12 2.1919e+00    195.690    14.2963    38.0632    28.4923 0.0000e+00
    107.000    14.2946     0.3039    97.6223 1.0000e-12 2.5551e+00    194.575    14.2785    38.0732    28.5039 0.0000e+00
    108.000    14.2880     0.3563    97.6485 1.0000e-12 2.8989e+00    194.218    14.2718    38.0799    28.5107 0.0000e+00
    109.000    14.2842     0.2683    97.7619 1.0000e-12 2.4680e+00    193.812    14.2678    38.0865    28.5166 0.0000e+00
    110.000    14.2687     0.2591    97.7452 1.0000e-12 3.5003e+00    193.683    14.2522    38.0922    28.5244 0.0000e+00
    111.000    14.2520     0.2541    97.7543 1.0000e-12 1.9629e+00    193.248    14.2354    38.1000    28.5341 0.0000e+00
    112.000    14.2357     0.2471    97.8341 1.0000e-12 2.5705e+00    192.473    14.2190    38.1099    28.5454 0.0000e+00
    113.000    14.2295     0.2493    97.8693 1.0000e-12 2.8735e+00    191.435    14.2126    38.1150    28.5507 0.0000e+00
    114.000    14.2120     0.2436    97.8890 1.0000e-12 3.9593e+00    191.015    14.1949    38.1238    28.5614 0.0000e+00
    115.000    14.1903     0.2437    97.8883 1.0000e-12 2.9472e+00    190.233    14.1731    38.1337    28.5738 0.0000e+00
    116.000    14.1754     0.2368    97.9092 1.0000e-12 3.0954e+00    189.867    14.1581    38.1411    28.5828 0.0000e+00
    117.000    14.1669     0.2391    97.8610 1.0000e-12 2.9267e+00    189.492    14.1495    38.1455    28.5881 0.0000e+00
    118.000    14.1570     0.2358    97.9040 1.0000e-12 3.0612e+00    188.951    14.1394    38.1502    28.5939 0.0000e+00
    119.000    14.1454     0.2229    97.9345 1.0000e-12 2.1045e+00    188.385    14.1277    38.1564    28.6013 0.0000e+00
    120.000    14.1303     0.2246    97.9548 1.0000e-12 2.3087e+00    188.374    14.1124    38.1636    28.6101 0.0000e+00
    121.000    14.1126     0.2258    97.9712 1.0000e-12 2.2687e+00    188.385    14.0946    38.1706    28.6194 0.0000e+00
    122.000    14.1009     0.2122    97.8972 1.0000e-12 2.2158e+00    187.534    14.0827    38.1749    28.6253 0.0000e+00
    123.000    14.0870     0.2169    98.0057 1.0000e-12 2.7246e+00    187.697    14.0687    38.1819    28.6339 0.0000e+00
    124.000    14.0744     0.2172    98.0530 1.0000e-12 1.9855e+00    188.429    14.0559    38.1822    28.6368 0.0000e+00
    125.000    14.0601     0.2106    97.9944 1.0000e-12 2.9939e+00    188.497    14.0415    38.1854    28.6425 0.0000e+00
    126.000    14.0313     0.2064    98.0638 1.0000e-12 3.5909e+00    190.610    14.0126    38.1864    28.6494 0.0000e+00
    127.000    14.0155     0.2006    98.1152 1.0000e-12 2.5274e+00    191.873    13.9966    38.1868    28.6532 0.0000e+00
    128.000    14.0219     0.2019    98.1034 1.0000e-12 2.3826e+00    190.430    14.0029    38.1918    28.6557 0.0000e+00
    129.000    14.0171     0.2097    98.1177 1.0000e-12 2.5123e+00    190.831    13.9980    38.1921    28.6570 0.0000e+00
    130.000    14.0139     0.2079    98.1298 1.0000e-12 2.0986e+00    189.769    13.9946    38.1987    28.6629 0.0000e+00
    131.000    14.0066     0.2088    98.1152 1.0000e-12 2.7794e+00    190.321    13.9872    38.2022    28.6672 0.0000e+00
    132.000    13.9921     0.2075    98.1392 1.0000e-12 2.5537e+00    191.619    13.9726    38.2054    28.6728 0.0000e+00
    133.000    13.9532     0.1989    98.1487 1.0000e-12 2.8353e+00    195.242    13.9335    38.2046    28.6806 0.0000e+00
