Data/ruptures/PEACETIME/FAST/PEACETIME_FAST_CTD_061.cnv
* Sea-Bird SBE 9 Data File:
* FileName = C:\CTD\rawCTD\PEACETIME_FAST_CTD_061.hdr
* Software Version Seasave V 7.23.2
* Temperature SN = 1378
* Conductivity SN = 2929
* Number of Bytes Per Scan = 38
* Number of Voltage Words = 5
* Number of Scans Averaged by the Deck Unit = 1
* NMEA Latitude = 37 56.83 N
* NMEA Longitude = 002 54.92 E
* NMEA UTC (Time) = Jun 04 2017  02:40:36
* NMEA baud rate = 4800
** Cruise:   PEACETIME
** Station:   FAST_CTD_061
# nquan = 11
# nvalues = 500                         
# units = specified
# name 0 = prDM: Pressure, Digiquartz [db]
# name 1 = t090C: Temperature [ITS-90, deg C]
# name 2 = flC: Fluorescence, Chelsea Aqua 3 Chl Con [ug/l]
# name 3 = CStarTr0: Beam Transmission, WET Labs C-Star [%]
# name 4 = par: PAR/Irradiance, Biospherical/Licor
# name 5 = spar: SPAR/Surface Irradiance
# name 6 = sbeox0Mm/Kg: Oxygen, SBE 43 [umol/kg]
# name 7 = potemp090C: Potential Temperature [ITS-90, deg C]
# name 8 = sal00: Salinity, Practical [PSU]
# name 9 = sigma-é00: Density [sigma-theta, kg/m^3]
# name 10 = flag:
# span 0 =      1.000,    500.000       
# span 1 =    13.4330,    21.3175       
# span 2 =     0.1718,     0.6026       
# span 3 =    93.7293,    98.3225       
# span 4 = -2.986e-06, 3.0736e-01       
# span 5 = 1.1234e+00, 4.6651e+00       
# span 6 =    152.069,    242.260       
# span 7 =    13.3597,    21.3162       
# span 8 =    37.0216,    38.5919       
# span 9 =    25.9712,    29.0891       
# span 10 = 0.0000e+00, 0.0000e+00      
# interval = decibars: 1                
# start_time = Jun 04 2017 02:40:37 [NMEA time, first data scan]
# bad_flag = -9.990e-29
*END*
[from data line 132]
    133.000    13.9344     0.1936    98.1408 1.0000e-12 2.6272e+00    197.565    13.9147    38.2054    28.6854 0.0000e+00
    134.000    13.9315     0.1970    98.1452 1.0000e-12 2.8893e+00    196.572    13.9117    38.2084    28.6883 0.0000e+00
    135.000    13.9236     0.1921    98.1509 1.0000e-12 2.4902e+00    195.959    13.9036    38.2130    28.6936 0.0000e+00
    136.000    13.9229     0.1888    98.1315 1.0000e-12 4.3577e+00    195.680    13.9028    38.2148    28.6952 0.0000e+00
    137.000    13.9203     0.1919    98.1546 1.0000e-12 2.0162e+00    195.363    13.9001    38.2164    28.6970 0.0000e+00
    138.000    13.9128     0.1894    98.1535 1.0000e-12 1.5126e+00    195.674    13.8924    38.2189    28.7006 0.0000e+00
    139.000    13.9031     0.2023    98.1591 1.0000e-12 2.6498e+00    195.970    13.8825    38.2233    28.7061 0.0000e+00
    140.000    13.8980     0.1992    98.1614 -9.990e-29 3.3222e+00    195.825    13.8773    38.2255    28.7090 0.0000e+00
    141.000    13.8926     0.1929    98.1526 1.0000e-12 2.2226e+00    195.348    13.8718    38.2283    28.7123 0.0000e+00
    142.000    13.8847     0.1890    98.1368 1.0000e-12 2.0426e+00    194.800    13.8638    38.2323    28.7171 0.0000e+00
    143.000    13.8797     0.1842    98.1557 1.0000e-12 2.3745e+00    194.436    13.8586    38.2347    28.7201 0.0000e+00
    144.000    13.8761     0.1878    98.1633 1.0000e-12 2.9503e+00    194.449    13.8548    38.2365    28.7223 0.0000e+00
    145.000    13.8702     0.1899    98.1846 1.0000e-12 3.3182e+00    193.962    13.8488    38.2400    28.7263 0.0000e+00
    146.000    13.8603     0.1861    98.1821 1.0000e-12 3.5217e+00    193.507    13.8387    38.2452    28.7326 0.0000e+00
    147.000    13.8526     0.1891    98.1751 1.0000e-12 1.3588e+00    193.571    13.8310    38.2494    28.7374 0.0000e+00
    148.000    13.8508     0.1968    98.1742 1.0000e-12 2.5683e+00    193.280    13.8289    38.2504    28.7387 0.0000e+00
    149.000    13.8450     0.1921    98.1925 1.0000e-12 2.2119e+00    192.804    13.8230    38.2534    28.7422 0.0000e+00
    150.000    13.8373     0.1924    98.1846 1.0000e-12 2.9257e+00    192.714    13.8152    38.2573    28.7470 0.0000e+00
    151.000    13.8329     0.1924    98.1964 1.0000e-12 3.5988e+00    192.703    13.8106    38.2595    28.7496 0.0000e+00
    152.000    13.8278     0.1890    98.1918 1.0000e-12 2.5050e+00    192.432    13.8054    38.2621    28.7528 0.0000e+00
    153.000    13.8246     0.1841    98.1931 1.0000e-12 2.6143e+00    192.033    13.8020    38.2636    28.7547 0.0000e+00
    154.000    13.8215     0.1840    98.2035 1.0000e-12 3.1515e+00    192.158    13.7988    38.2650    28.7565 0.0000e+00
    155.000    13.8191     0.1806    98.2031 -9.990e-29 2.9618e+00    192.071    13.7962    38.2661    28.7579 0.0000e+00
    156.000    13.8153     0.1816    98.1936 -9.990e-29 3.6128e+00    191.959    13.7923    38.2683    28.7604 0.0000e+00
    157.000    13.8128     0.1827    98.1988 1.0000e-12 1.6833e+00    191.635    13.7897    38.2695    28.7619 0.0000e+00
    158.000    13.8052     0.1889    98.1944 1.0000e-12 2.3844e+00    191.346    13.7820    38.2731    28.7664 0.0000e+00
    159.000    13.7993     0.1940    98.2018 1.0000e-12 2.9151e+00    190.573    13.7759    38.2765    28.7703 0.0000e+00
    160.000    13.7944     0.1845    98.2038 1.0000e-12 2.0166e+00    191.078    13.7708    38.2790    28.7733 0.0000e+00
    161.000    13.7902     0.1847    98.1979 1.0000e-12 3.2026e+00    190.118    13.7665    38.2810    28.7758 0.0000e+00
    162.000    13.7820     0.1811    98.1980 1.0000e-12 2.2071e+00    189.785    13.7581    38.2856    28.7812 0.0000e+00
    163.000    13.7764     0.1816    98.2111 1.0000e-12 2.7676e+00    189.940    13.7524    38.2884    28.7845 0.0000e+00
    164.000    13.7720     0.1814    98.2096 -9.990e-29 2.8701e+00    189.296    13.7478    38.2906    28.7872 0.0000e+00
    165.000    13.7676     0.1788    98.2135 1.0000e-12 2.6710e+00    189.211    13.7433    38.2931    28.7901 0.0000e+00
    166.000    13.7616     0.1868    98.2135 1.0000e-12 2.9173e+00    189.422    13.7372    38.2961    28.7938 0.0000e+00
    167.000    13.7561     0.1892    98.2135 1.0000e-12 2.4192e+00    188.889    13.7316    38.2989    28.7971 0.0000e+00
    168.000    13.7533     0.1810    98.2135 1.0000e-12 3.0711e+00    188.201    13.7286    38.3004    28.7989 0.0000e+00
    169.000    13.7513     0.1802    98.2135 1.0000e-12 2.5830e+00    188.868    13.7264    38.3015    28.8003 0.0000e+00
    170.000    13.7492     0.1864    98.2017 1.0000e-12 2.5594e+00    188.495    13.7243    38.3026    28.8015 0.0000e+00
    171.000    13.7475     0.1879    98.2152 1.0000e-12 3.4297e+00    188.452    13.7224    38.3035    28.8027 0.0000e+00
    172.000    13.7468     0.1838    98.2180 1.0000e-12 2.3336e+00    188.261    13.7215    38.3040    28.8032 0.0000e+00
    173.000    13.7453     0.1791    98.2036 1.0000e-12 2.9297e+00    188.455    13.7199    38.3048    28.8042 0.0000e+00
    174.000    13.7427     0.1837    98.2048 1.0000e-12 3.6354e+00    188.300    13.7171    38.3062    28.8059 0.0000e+00
    175.000    13.7382     0.1864    98.2195 1.0000e-12 2.5681e+00    187.878    13.7125    38.3088    28.8088 0.0000e+00
    176.000    13.7348     0.1782    98.2238 1.0000e-12 2.1568e+00    187.914    13.7090    38.3109    28.8112 0.0000e+00
    177.000    13.7258     0.1823    98.2243 1.0000e-12 2.7738e+00    186.868    13.6998    38.3172    28.8181 0.0000e+00
    178.000    13.7196     0.1805    98.2181 1.0000e-12 3.6856e+00    186.097    13.6935    38.3227    28.8237 0.0000e+00
    179.000    13.7163     0.1816    98.2212 1.0000e-12 2.5350e+00    185.048    13.6900    38.3261    28.8271 0.0000e+00
    180.000    13.7123     0.1834    98.2313 1.0000e-12 2.1788e+00    184.228    13.6858    38.3315    28.8321 0.0000e+00
    181.000    13.7081     0.1792    98.2189 1.0000e-12 2.9510e+00    182.973    13.6816    38.3368    28.8372 0.0000e+00
    182.000    13.7052     0.1778    98.2357 1.0000e-12 3.0790e+00    182.791    13.6785    38.3410    28.8411 0.0000e+00
    183.000    13.7033     0.1816    98.2307 1.0000e-12 2.0359e+00    182.408    13.6764    38.3435    28.8435 0.0000e+00
    184.000    13.7022     0.1862    98.2334 1.0000e-12 3.6370e+00    182.608    13.6752    38.3447    28.8447 0.0000e+00
    185.000    13.7001     0.1813    98.2062 1.0000e-12 2.6447e+00    182.307    13.6729    38.3475    28.8474 0.0000e+00
    186.000    13.6994     0.1780    98.2394 1.0000e-12 2.1802e+00    181.989    13.6721    38.3492    28.8488 0.0000e+00
    187.000    13.6982     0.1828    98.2389 1.0000e-12 2.3847e+00    181.566    13.6707    38.3508    28.8503 0.0000e+00
    188.000    13.6970     0.1822    98.2250 -9.990e-29 2.1235e+00    181.352    13.6694    38.3522    28.8517 0.0000e+00
    189.000    13.6948     0.1814    98.2366 -9.990e-29 2.8528e+00    181.369    13.6671    38.3541    28.8537 0.0000e+00
    190.000    13.6947     0.1843    98.2301 -9.990e-29 1.6273e+00    181.983    13.6668    38.3542    28.8538 0.0000e+00
    191.000    13.6940     0.1850    98.2405 -9.990e-29 4.1637e+00    181.371    13.6660    38.3547    28.8544 0.0000e+00
    192.000    13.6940     0.1869    98.2406 1.0000e-12 2.6565e+00    181.790    13.6658    38.3548    28.8545 0.0000e+00
    193.000    13.6939     0.1907    98.2293 1.0000e-12 2.5437e+00    181.843    13.6656    38.3549    28.8547 0.0000e+00
    194.000    13.6937     0.1854    98.2469 1.0000e-12 3.3252e+00    181.846    13.6652    38.3554    28.8551 0.0000e+00
    195.000    13.6917     0.1791    98.2390 1.0000e-12 2.6508e+00    181.734    13.6631    38.3577    28.8574 0.0000e+00
    196.000    13.6859     0.1765    98.2030 1.0000e-12 3.8048e+00    181.145    13.6571    38.3630    28.8627 0.0000e+00
    197.000    13.6837     0.1830    98.2328 1.0000e-12 2.9979e+00    180.517    13.6548    38.3638    28.8638 0.0000e+00
    198.000    13.6826     0.1799    98.2385 1.0000e-12 2.3793e+00    180.851    13.6536    38.3640    28.8643 0.0000e+00
    199.000    13.6817     0.1834    98.2282 -9.990e-29 2.4387e+00    181.115    13.6525    38.3646    28.8649 0.0000e+00
    200.000    13.6813     0.1779    98.2399 -9.990e-29 2.8373e+00    180.994    13.6519    38.3653    28.8656 0.0000e+00
    201.000    13.6804     0.1809    98.2480 -9.990e-29 2.3388e+00    180.011    13.6509    38.3686    28.8684 0.0000e+00
    202.000    13.6810     0.1820    98.2486 -9.990e-29 2.0423e+00    179.135    13.6514    38.3784    28.8759 0.0000e+00
    203.000    13.6817     0.1822    98.2517 1.0000e-12 2.7623e+00    178.260    13.6519    38.3841    28.8802 0.0000e+00
    204.000    13.6816     0.1839    98.2506 1.0000e-12 2.3615e+00    177.628    13.6517    38.3850    28.8809 0.0000e+00
    205.000    13.6815     0.1810    98.2571 1.0000e-12 3.2083e+00    177.563    13.6514    38.3853    28.8812 0.0000e+00
    206.000    13.6803     0.1856    98.2584 -9.990e-29 2.4336e+00    177.615    13.6501    38.3899    28.8851 0.0000e+00
    207.000    13.6771     0.1869    98.2543 1.0000e-12 2.8401e+00    177.553    13.6467    38.3978    28.8919 0.0000e+00
    208.000    13.6753     0.1881    98.2052 1.0000e-12 2.6513e+00    177.168    13.6448    38.4017    28.8953 0.0000e+00
    209.000    13.6748     0.1879    98.2658 1.0000e-12 2.7334e+00    177.009    13.6442    38.4057    28.8986 0.0000e+00
    210.000    13.6741     0.1833    98.2667 1.0000e-12 2.9168e+00    177.295    13.6432    38.4089    28.9013 0.0000e+00
    211.000    13.6712     0.1804    98.2693 1.0000e-12 3.0473e+00    176.943    13.6403    38.4103    28.9030 0.0000e+00
    212.000    13.6699     0.1807    98.2655 1.0000e-12 2.6190e+00    176.795    13.6388    38.4116    28.9043 0.0000e+00
    213.000    13.6691     0.1832 -9.990e-29 1.0000e-12 2.9371e+00    176.733    13.6378    38.4139    28.9063 0.0000e+00
    214.000    13.6673     0.1819    98.2686 1.0000e-12 2.7543e+00    176.730    13.6359    38.4157    28.9081 0.0000e+00
    215.000    13.6654     0.1867    98.2724 -9.990e-29 2.3565e+00    176.401    13.6338    38.4170    28.9095 0.0000e+00
    216.000    13.6642     0.1898    98.2705 -9.990e-29 2.7440e+00    176.774    13.6325    38.4175    28.9103 0.0000e+00
    217.000    13.6593     0.1856    98.2714 -9.990e-29 2.5850e+00    176.080    13.6274    38.4198    28.9131 0.0000e+00
    218.000    13.6546     0.1835    98.2706 1.0000e-12 2.1753e+00    175.473    13.6227    38.4232    28.9167 0.0000e+00
    219.000    13.6545     0.1756    98.2739 2.1830e-05 4.0808e+00    175.410    13.6224    38.4234    28.9170 0.0000e+00
    220.000    13.6537     0.1843    98.2738 1.7992e-04 3.1970e+00    175.698    13.6214    38.4237    28.9174 0.0000e+00
    221.000    13.6524     0.1801    98.2735 3.9563e-04 2.6732e+00    175.296    13.6200    38.4239    28.9179 0.0000e+00
    222.000    13.6516     0.1776    98.2722 4.5455e-06 4.2701e+00    174.922    13.6190    38.4251    28.9190 0.0000e+00
    223.000    13.6525     0.1801    98.2744 1.0000e-12 2.6298e+00    173.935    13.6198    38.4282    28.9212 0.0000e+00
    224.000    13.6533     0.1828    98.2716 -9.990e-29 2.5335e+00    173.306    13.6205    38.4301    28.9226 0.0000e+00
    225.000    13.6505     0.1810    98.2771 3.8382e-04 2.0915e+00    172.413    13.6175    38.4331    28.9255 0.0000e+00
    226.000    13.6478     0.1837    98.2797 4.1273e-04 3.2494e+00    172.250    13.6146    38.4346    28.9273 0.0000e+00
    227.000    13.6467     0.1778    98.2796 2.6602e-04 3.1798e+00    172.005    13.6134    38.4356    28.9284 0.0000e+00
    228.000    13.6459     0.1805    98.2815 1.6551e-04 2.2826e+00    171.555    13.6124    38.4376    28.9301 0.0000e+00
    229.000    13.6429     0.1877    98.2832 1.3849e-05 2.8019e+00    171.313    13.6093    38.4412    28.9335 0.0000e+00
    230.000    13.6406     0.1863    98.2582 -9.990e-29 2.2043e+00    171.105    13.6068    38.4427    28.9352 0.0000e+00
    231.000    13.6396     0.1884    98.2745 -9.990e-29 3.1791e+00    170.613    13.6057    38.4443    28.9367 0.0000e+00
    232.000    13.6400     0.1831    98.2804 -9.990e-29 2.6445e+00    169.337    13.6060    38.4470    28.9387 0.0000e+00
    233.000    13.6415     0.1846    98.2808 -9.990e-29 2.9005e+00    169.197    13.6074    38.4488    28.9399 0.0000e+00
    234.000    13.6438     0.1859    98.2794 9.7735e-06 3.8544e+00    168.403    13.6095    38.4504    28.9406 0.0000e+00
    235.000    13.6482     0.1850    98.2828 5.1014e-06 2.2417e+00    166.771    13.6137    38.4547    28.9431 0.0000e+00
    236.000    13.6497     0.1804    98.2763 1.2856e-05 2.7656e+00    166.183    13.6151    38.4573    28.9448 0.0000e+00
    237.000    13.6513     0.1805    98.2813 1.3326e-05 1.6735e+00    165.876    13.6166    38.4600    28.9466 0.0000e+00
    238.000    13.6524     0.1831    98.2823 1.2105e-05 2.9419e+00    166.090    13.6175    38.4623    28.9482 0.0000e+00
    239.000    13.6531     0.1850    98.2878 1.1678e-08 3.5987e+00    165.518    13.6181    38.4655    28.9505 0.0000e+00
    240.000    13.6535     0.1821    98.2791 1.4404e-06 4.5197e+00    165.220    13.6182    38.4667    28.9514 0.0000e+00
    241.000    13.6539     0.1848    98.2876 1.2703e-06 2.7824e+00    164.831    13.6186    38.4691    28.9532 0.0000e+00
    242.000    13.6570     0.1815    98.2841 5.6295e-06 3.3282e+00    164.314    13.6215    38.4719    28.9547 0.0000e+00
    243.000    13.6544     0.1760    98.2865 8.9900e-08 2.1972e+00    163.645    13.6187    38.4742    28.9571 0.0000e+00
    244.000    13.6361     0.1794    98.2771 1.0000e-12 2.6430e+00    163.716    13.6003    38.4743    28.9611 0.0000e+00
    245.000    13.6327     0.1849    98.2858 1.0000e-12 3.7129e+00    163.512    13.5967    38.4752    28.9626 0.0000e+00
    246.000    13.6323     0.1820 -9.990e-29 1.0000e-12 2.2685e+00    163.595    13.5962    38.4768    28.9639 0.0000e+00
    247.000    13.6330     0.1870 -9.990e-29 1.0000e-12 2.3865e+00    163.022    13.5967    38.4788    28.9653 0.0000e+00
    248.000    13.6355     0.1845 -9.990e-29 -9.990e-29 3.0630e+00    163.334    13.5991    38.4804    28.9661 0.0000e+00
    249.000    13.6381     0.1857 -9.990e-29 -9.990e-29 2.7837e+00    162.590    13.6015    38.4825    28.9672 0.0000e+00
    250.000    13.6389     0.1854 -9.990e-29 1.0000e-12 2.3485e+00    162.295    13.6022    38.4845    28.9686 0.0000e+00
    251.000    13.6388     0.1823 -9.990e-29 1.4434e-06 2.9544e+00    162.566    13.6019    38.4847    28.9689 0.0000e+00
    252.000    13.6388     0.1853 -9.990e-29 -4.226e-09 3.6595e+00    162.512    13.6018    38.4848    28.9690 0.0000e+00
    253.000    13.6382     0.1869 -9.990e-29 -9.990e-29 2.2084e+00    162.403    13.6011    38.4853    28.9695 0.0000e+00
    254.000    13.6349     0.1879 -9.990e-29 1.0000e-12 1.5625e+00    161.952    13.5976    38.4868    28.9714 0.0000e+00
    255.000    13.6310     0.1874 -9.990e-29 1.0000e-12 3.0053e+00    161.742    13.5935    38.4877    28.9730 0.0000e+00
    256.000    13.6238     0.1824    98.2915 1.0000e-12 3.2844e+00    161.282    13.5862    38.4884    28.9750 0.0000e+00
    257.000    13.6163     0.1860    98.2863 1.0000e-12 2.1372e+00    161.296    13.5786    38.4904    28.9782 0.0000e+00
    258.000    13.6136     0.1833    98.2878 1.0000e-12 3.1027e+00    160.818    13.5757    38.4931    28.9809 0.0000e+00
    259.000    13.6132     0.1811    98.2915 1.1825e-06 3.1492e+00    160.512    13.5752    38.4935    28.9814 0.0000e+00
    260.000    13.6126     0.1909 -9.990e-29 1.3058e-06 2.3584e+00    160.425    13.5744    38.4937    28.9817 0.0000e+00
    261.000    13.6109     0.1913 -9.990e-29 1.9493e-08 2.9772e+00    160.760    13.5726    38.4946    28.9828 0.0000e+00
    262.000    13.6142     0.1901 -9.990e-29 -9.990e-29 2.8980e+00    160.393    13.5758    38.4971    28.9840 0.0000e+00
