Data/ruptures/PEACETIME/FAST/PEACETIME_FAST_CTD_085.cnv
* Sea-Bird SBE 9 Data File:
* FileName = C:\CTD\rawCTD\PEACETIME_FAST_CTD_085.hdr
* Software Version Seasave V 7.23.2
* Temperature SN = 1378
* Conductivity SN = 2929
* Number of Bytes Per Scan = 38
* Number of Voltage Words = 5
* Number of Scans Averaged by the Deck Unit = 1
* NMEA Latitude = 37 56.80 N
* NMEA Longitude = 002 55.00 E
* NMEA UTC (Time) = Jun 07 2017  17:13:44
* NMEA baud rate = 4800
** Cruise:   PEACETIME
** Station:   FAST_CTD_085
# nquan = 11
# nvalues = 510                         
# units = specified
# name 0 = prDM: Pressure, Digiquartz [db]
# name 1 = t090C: Temperature [ITS-90, deg C]
# name 2 = flC: Fluorescence, Chelsea Aqua 3 Chl Con [ug/l]
# name 3 = CStarTr0: Beam Transmission, WET Labs C-Star [%]
# name 4 = par: PAR/Irradiance, Biospherical/Licor
# name 5 = spar: SPAR/Surface Irradiance
# name 6 = sbeox0Mm/Kg: Oxygen, SBE 43 [umol/kg]
# name 7 = potemp090C: Potential Temperature [ITS-90, deg C]
# name 8 = sal00: Salinity, Practical [PSU]
# name 9 = sigma-é00: Density [sigma-theta, kg/m^3]
# name 10 = flag:
# span 0 =      4.000,    513.000       
# span 1 =    13.4467,    21.8412       
# span 2 =     0.1790,     0.4177       
# span 3 =    88.1151,    98.1942       
# span 4 = -3.567e-06, 6.2801e+01       
# span 5 = 1.4551e+03, 1.7347e+03       
# span 6 =    151.902,    240.775       
# span 7 =    13.3715,    21.8393       
# span 8 =    37.0360,    38.5936       
# span 9 =    25.8758,    29.0902       
# span 10 = 0.0000e+00, 0.0000e+00      
# interval = decibars: 1                
# start_time = Jun 07 2017 17:13:45 [NMEA time, first data scan]
# bad_flag = -9.990e-29
*END*
[from data line 263]
    267.000    13.5826     0.1892    98.1028 1.1876e-05 1.5583e+03    167.261    13.5434    38.4947    28.9890 0.0000e+00
    268.000    13.5841     0.1795    98.1047 1.3490e-05 1.5621e+03    167.036    13.5448    38.4960    28.9898 0.0000e+00
    269.000    13.5845     0.1828    98.1002 -9.990e-29 1.5610e+03    166.752    13.5451    38.4972    28.9906 0.0000e+00
    270.000    13.5859     0.1860    98.1041 5.3365e-04 1.5596e+03    166.458    13.5463    38.4981    28.9911 0.0000e+00
    271.000    13.5887     0.1904    98.1058 3.4676e-04 1.5559e+03    164.784    13.5490    38.5000    28.9919 0.0000e+00
    272.000    13.6002     0.1908    98.0722 8.6758e-05 1.5555e+03    163.359    13.5603    38.5058    28.9941 0.0000e+00
    273.000    13.6045     0.1921    98.1005 6.3283e-06 1.5577e+03    162.995    13.5644    38.5090    28.9957 0.0000e+00
    274.000    13.6133     0.1909    98.1092 -8.870e-08 1.5595e+03    161.672    13.5730    38.5138    28.9976 0.0000e+00
    275.000    13.6182     0.1863    98.1068 -9.990e-29 1.5576e+03    160.605    13.5778    38.5161    28.9983 0.0000e+00
    276.000    13.6209     0.1911    98.1063 -9.990e-29 1.5546e+03    160.500    13.5804    38.5169    28.9984 0.0000e+00
    277.000    13.6243     0.1851    98.1049 1.0000e-12 1.5515e+03    160.264    13.5836    38.5189    28.9992 0.0000e+00
    278.000    13.6307     0.1865    98.1141 6.1972e-06 1.5601e+03    158.648    13.5898    38.5227    29.0008 0.0000e+00
    279.000    13.6295     0.1906    98.1115 -1.742e-07 1.5559e+03    158.765    13.5885    38.5232    29.0016 0.0000e+00
    280.000    13.6292     0.1885    98.1162 3.6214e-06 1.5489e+03    158.280    13.5880    38.5237    29.0020 0.0000e+00
    281.000    13.6274     0.1811    98.1198 3.1723e-06 1.5512e+03    157.989    13.5861    38.5255    29.0039 0.0000e+00
    282.000    13.6272     0.1882    98.1268 -7.832e-08 1.5568e+03    158.223    13.5858    38.5274    29.0053 0.0000e+00
    283.000    13.6274     0.1922    98.1235 1.0000e-12 1.5535e+03    158.114    13.5858    38.5292    29.0067 0.0000e+00
    284.000    13.6278     0.1936    98.1217 1.0000e-12 1.5534e+03    157.909    13.5860    38.5305    29.0078 0.0000e+00
    285.000    13.6294     0.1880    98.1202 1.0000e-12 1.5521e+03    157.616    13.5875    38.5329    29.0093 0.0000e+00
    286.000    13.6315     0.1885    98.1237 1.1334e-06 1.5488e+03    157.341    13.5894    38.5345    29.0101 0.0000e+00
    287.000    13.6316     0.1889    98.1325 2.4927e-05 1.5545e+03    157.279    13.5894    38.5348    29.0104 0.0000e+00
    288.000    13.6303     0.1877    98.1271 3.5949e-06 1.5481e+03    156.751    13.5880    38.5357    29.0114 0.0000e+00
    289.000    13.6302     0.1926    98.1245 1.4672e-06 1.5425e+03    156.850    13.5878    38.5360    29.0116 0.0000e+00
    290.000    13.6298     0.1871    98.1251 7.2713e-08 1.5440e+03    156.751    13.5871    38.5364    29.0120 0.0000e+00
    291.000    13.6274     0.1873    98.1140 -9.990e-29 1.5528e+03    156.792    13.5846    38.5376    29.0135 0.0000e+00
    292.000    13.6250     0.1855    98.1256 1.0000e-12 1.5470e+03    156.519    13.5821    38.5394    29.0155 0.0000e+00
    293.000    13.6236     0.1870    98.1153 1.3603e-06 1.5484e+03    155.954    13.5805    38.5416    29.0175 0.0000e+00
    294.000    13.6234     0.1906    98.1273 2.8425e-08 1.5465e+03    156.123    13.5802    38.5423    29.0181 0.0000e+00
    295.000    13.6230     0.1886    98.1191 -9.990e-29 1.5441e+03    156.313    13.5797    38.5427    29.0186 0.0000e+00
    296.000    13.6234     0.1864    98.1165 -9.990e-29 1.5415e+03    156.035    13.5799    38.5436    29.0192 0.0000e+00
    297.000    13.6229     0.1882    98.1173 -9.990e-29 1.5446e+03    155.767    13.5792    38.5445    29.0201 0.0000e+00
    298.000    13.6218     0.1880    98.1261 1.0000e-12 1.5384e+03    155.741    13.5780    38.5456    29.0212 0.0000e+00
    299.000    13.6215     0.1850    98.1241 9.8990e-07 1.5403e+03    155.061    13.5776    38.5469    29.0222 0.0000e+00
    300.000    13.6192     0.1878    98.1231 -3.444e-08 1.5409e+03    155.568    13.5751    38.5488    29.0243 0.0000e+00
    301.000    13.6170     0.1886    98.1166 1.3125e-06 1.5363e+03    155.459    13.5728    38.5514    29.0268 0.0000e+00
    302.000    13.6164     0.1840    98.1280 5.6770e-08 1.5319e+03    154.646    13.5720    38.5524    29.0277 0.0000e+00
    303.000    13.6156     0.1868    98.1248 -9.990e-29 1.5390e+03    154.847    13.5711    38.5528    29.0282 0.0000e+00
    304.000    13.6155     0.1876    98.1148 1.2225e-05 1.5362e+03    154.729    13.5708    38.5531    29.0285 0.0000e+00
    305.000    13.6157     0.1892    98.1295 2.5147e-04 1.5362e+03    154.716    13.5709    38.5536    29.0288 0.0000e+00
    306.000    13.6159     0.1889    98.1229 5.5935e-06 1.5324e+03    154.966    13.5709    38.5537    29.0289 0.0000e+00
    307.000    13.6165     0.1886    98.1180 4.2892e-05 1.5357e+03    154.889    13.5714    38.5543    29.0293 0.0000e+00
    308.000    13.6169     0.1946    98.1322 2.0588e-04 1.5391e+03    154.607    13.5716    38.5548    29.0296 0.0000e+00
    309.000    13.6178     0.1915    98.1287 2.6652e-04 1.5329e+03    154.538    13.5724    38.5559    29.0303 0.0000e+00
    310.000    13.6203     0.1885    98.1270 3.5592e-04 1.5307e+03    154.506    13.5747    38.5573    29.0309 0.0000e+00
    311.000    13.6274     0.1855    98.1252 -9.990e-29 1.5314e+03    154.405    13.5817    38.5602    29.0317 0.0000e+00
    312.000    13.6318     0.1900    98.1245 1.0000e-12 1.5416e+03    154.852    13.5859    38.5625    29.0326 0.0000e+00
    313.000    13.6336     0.1925    98.1291 2.3858e-04 1.5293e+03    154.622    13.5875    38.5640    29.0334 0.0000e+00
    314.000    13.6317     0.1892    98.1291 2.8380e-04 1.5313e+03    154.355    13.5854    38.5648    29.0344 0.0000e+00
    315.000    13.6341     0.1864    98.1324 3.9350e-06 1.5325e+03    154.605    13.5878    38.5654    29.0344 0.0000e+00
    316.000    13.6390     0.1866    98.1216 1.5590e-04 1.5352e+03    154.238    13.5925    38.5675    29.0351 0.0000e+00
    317.000    13.6357     0.1857    98.1294 2.8766e-04 1.5304e+03    154.616    13.5891    38.5672    29.0355 0.0000e+00
    318.000    13.6332     0.1865    98.1269 1.0182e-04 1.5296e+03    154.553    13.5863    38.5673    29.0362 0.0000e+00
    319.000    13.6241     0.1892    98.1179 -1.545e-06 1.5307e+03    154.219    13.5771    38.5655    29.0368 0.0000e+00
    320.000    13.6089     0.1913    98.1221 1.0000e-12 1.5282e+03    153.961    13.5618    38.5628    29.0379 0.0000e+00
    321.000    13.6110     0.1928    98.1250 -9.990e-29 1.5333e+03    154.122    13.5637    38.5639    29.0384 0.0000e+00
    322.000    13.6105     0.1814    98.1303 1.0000e-12 1.5301e+03    154.213    13.5632    38.5644    29.0389 0.0000e+00
    323.000    13.6075     0.1819    98.1279 1.0000e-12 1.5261e+03    153.996    13.5600    38.5644    29.0395 0.0000e+00
    324.000    13.6017     0.1870    98.1301 2.1226e-06 1.5276e+03    153.674    13.5541    38.5636    29.0402 0.0000e+00
    325.000    13.5897     0.1892    98.1255 3.9121e-08 1.5234e+03    153.331    13.5419    38.5616    29.0412 0.0000e+00
    326.000    13.5881     0.1839    98.1274 1.0000e-12 1.5260e+03    153.255    13.5402    38.5631    29.0428 0.0000e+00
    327.000    13.5904     0.1858    98.1284 -9.990e-29 1.5193e+03    153.096    13.5423    38.5645    29.0434 0.0000e+00
    328.000    13.5880     0.1851    98.1276 1.0000e-12 1.5234e+03    153.417    13.5398    38.5646    29.0440 0.0000e+00
    329.000    13.5875     0.1895    98.1174 1.0000e-12 1.5242e+03    153.217    13.5392    38.5648    29.0443 0.0000e+00
    330.000    13.5863     0.1864    98.1242 1.0000e-12 1.5230e+03    153.307    13.5378    38.5648    29.0446 0.0000e+00
    331.000    13.5865     0.1898    98.1298 -9.990e-29 1.5179e+03    153.119    13.5378    38.5658    29.0453 0.0000e+00
    332.000    13.5868     0.1899    98.1314 -9.990e-29 1.5221e+03    153.109    13.5380    38.5664    29.0458 0.0000e+00
    333.000    13.5866     0.1903    98.1214 -9.990e-29 1.5205e+03    153.137    13.5377    38.5667    29.0461 0.0000e+00
    334.000    13.5853     0.1883    98.1224 -9.990e-29 1.5181e+03    153.115    13.5362    38.5667    29.0464 0.0000e+00
    335.000    13.5844     0.1892    98.1166 1.0000e-12 1.5207e+03    152.966    13.5351    38.5667    29.0467 0.0000e+00
    336.000    13.5833     0.1891    98.1253 1.0000e-12 1.5253e+03    152.859    13.5339    38.5669    29.0470 0.0000e+00
    337.000    13.5825     0.1863    98.1245 1.0000e-12 1.5204e+03    152.698    13.5330    38.5670    29.0473 0.0000e+00
    338.000    13.5820     0.1890    98.1280 1.0000e-12 1.5217e+03    152.985    13.5324    38.5670    29.0475 0.0000e+00
    339.000    13.5807     0.1917    98.1297 1.0000e-12 1.5270e+03    153.351    13.5308    38.5671    29.0478 0.0000e+00
    340.000    13.5785     0.1974    98.1242 1.0000e-12 1.5271e+03    152.869    13.5285    38.5679    29.0490 0.0000e+00
    341.000    13.5784     0.1973    98.1206 1.0000e-12 1.5230e+03    152.824    13.5283    38.5684    29.0494 0.0000e+00
    342.000    13.5785     0.1916    98.1108 1.0000e-12 1.5302e+03    153.061    13.5283    38.5687    29.0496 0.0000e+00
    343.000    13.5793     0.1907    98.1105 1.0000e-12 1.5320e+03    152.881    13.5289    38.5695    29.0501 0.0000e+00
    344.000    13.5803     0.1914    98.1287 1.0000e-12 1.5304e+03    152.797    13.5298    38.5699    29.0503 0.0000e+00
    345.000    13.5811     0.1917    98.1256 1.0000e-12 1.5229e+03    152.825    13.5304    38.5708    29.0508 0.0000e+00
    346.000    13.5815     0.1851    98.1298 1.0000e-12 1.5232e+03    153.133    13.5307    38.5713    29.0511 0.0000e+00
    347.000    13.5819     0.1888    98.1154 1.7509e-06 1.5279e+03    152.808    13.5309    38.5715    29.0513 0.0000e+00
    348.000    13.5893     0.1962    98.1320 -9.990e-29 1.5258e+03    152.646    13.5381    38.5756    29.0529 0.0000e+00
    349.000    13.6001     0.1935    98.1293 -9.990e-29 1.5215e+03    152.822    13.5488    38.5803    29.0543 0.0000e+00
    350.000    13.6009     0.1853    98.1259 -9.990e-29 1.5205e+03    153.092    13.5494    38.5804    29.0542 0.0000e+00
    351.000    13.6000     0.1807    98.1192 1.0000e-12 1.5239e+03    152.967    13.5483    38.5803    29.0544 0.0000e+00
    352.000    13.5987     0.1852    98.1361 1.0000e-12 1.5240e+03    153.053    13.5469    38.5801    29.0545 0.0000e+00
    353.000    13.5978     0.1801    98.1354 1.0000e-12 1.5187e+03    152.780    13.5459    38.5799    29.0546 0.0000e+00
    354.000    13.5969     0.1869    98.1354 1.0000e-12 1.5186e+03    152.838    13.5448    38.5797    29.0547 0.0000e+00
    355.000    13.5959     0.1958    98.1340 1.0000e-12 1.5239e+03    153.143    13.5436    38.5795    29.0547 0.0000e+00
    356.000    13.5935     0.1934    98.1142 1.0000e-12 1.5175e+03    152.985    13.5411    38.5791    29.0550 0.0000e+00
    357.000    13.5919     0.1935    98.1349 1.0000e-12 1.5104e+03    152.629    13.5394    38.5789    29.0552 0.0000e+00
    358.000    13.5896     0.1864    98.1330 1.0000e-12 1.5189e+03    151.902    13.5370    38.5783    29.0553 0.0000e+00
    359.000    13.5874     0.1882 -9.990e-29 -9.990e-29 1.5174e+03    152.584    13.5346    38.5784    29.0558 0.0000e+00
    360.000    13.5859     0.1847 -9.990e-29 -9.990e-29 1.5159e+03    152.765    13.5329    38.5789    29.0566 0.0000e+00
    361.000    13.5847     0.1884 -9.990e-29 1.0000e-12 1.5180e+03    152.660    13.5316    38.5797    29.0575 0.0000e+00
    362.000    13.5831     0.1876 -9.990e-29 1.0000e-12 1.5143e+03    152.519    13.5299    38.5802    29.0582 0.0000e+00
    363.000    13.5820     0.1856    98.1324 1.0000e-12 1.5122e+03    152.138    13.5286    38.5801    29.0584 0.0000e+00
    364.000    13.5813     0.1790    98.1263 1.0000e-12 1.5159e+03    152.656    13.5277    38.5801    29.0586 0.0000e+00
    365.000    13.5780     0.1855    98.1198 1.0000e-12 1.5132e+03    152.464    13.5244    38.5802    29.0594 0.0000e+00
    366.000    13.5779     0.1918 -9.990e-29 1.0000e-12 1.5151e+03    152.336    13.5240    38.5802    29.0595 0.0000e+00
    367.000    13.5776     0.1876 -9.990e-29 1.0000e-12 1.5093e+03    152.474    13.5236    38.5805    29.0598 0.0000e+00
    368.000    13.5758     0.1863 -9.990e-29 1.0000e-12 1.5126e+03    152.729    13.5217    38.5803    29.0600 0.0000e+00
    369.000    13.5719     0.1816 -9.990e-29 7.1725e-06 1.5155e+03    152.758    13.5176    38.5795    29.0603 0.0000e+00
    370.000    13.5727     0.1898    98.1307 1.6911e-07 1.5129e+03    152.338    13.5182    38.5805    29.0609 0.0000e+00
    371.000    13.5728     0.1950    98.1213 2.1129e-06 1.5120e+03    152.598    13.5182    38.5809    29.0612 0.0000e+00
    372.000    13.5712     0.1870    98.1303 -6.451e-08 1.5160e+03    152.495    13.5165    38.5810    29.0617 0.0000e+00
    373.000    13.5728     0.1900    98.1308 1.0000e-12 1.5116e+03    152.455    13.5179    38.5822    29.0623 0.0000e+00
    374.000    13.5744     0.1899    98.1281 1.0000e-12 1.5149e+03    152.601    13.5194    38.5836    29.0631 0.0000e+00
    375.000    13.5747     0.1895    98.1355 1.0000e-12 1.5143e+03    152.700    13.5195    38.5838    29.0632 0.0000e+00
    376.000    13.5748     0.1908    98.1354 1.0000e-12 1.5047e+03    152.557    13.5195    38.5841    29.0635 0.0000e+00
    377.000    13.5752     0.1889    98.1343 1.0000e-12 1.5098e+03    152.395    13.5197    38.5844    29.0637 0.0000e+00
    378.000    13.5742     0.1851    98.1327 1.0000e-12 1.5049e+03    152.787    13.5186    38.5843    29.0637 0.0000e+00
    379.000    13.5707     0.1884    98.1119 1.0000e-12 1.5018e+03    152.788    13.5149    38.5838    29.0642 0.0000e+00
    380.000    13.5692     0.1878    98.1263 1.0000e-12 1.5014e+03    152.569    13.5133    38.5837    29.0644 0.0000e+00
    381.000    13.5693     0.1900    98.1311 1.0000e-12 1.4988e+03    152.787    13.5132    38.5839    29.0647 0.0000e+00
    382.000    13.5714     0.1889    98.1353 1.0000e-12 1.4997e+03    152.878    13.5152    38.5848    29.0649 0.0000e+00
    383.000    13.5737     0.1911    98.1354 1.0000e-12 1.5046e+03    152.874    13.5174    38.5856    29.0651 0.0000e+00
    384.000    13.5732     0.1870    98.1268 1.0000e-12 1.4999e+03    152.747    13.5167    38.5857    29.0653 0.0000e+00
    385.000    13.5711     0.1882    98.1369 1.0000e-12 1.5001e+03    152.731    13.5144    38.5856    29.0657 0.0000e+00
    386.000    13.5709     0.1911    98.1354 1.0000e-12 1.4997e+03    152.722    13.5141    38.5859    29.0660 0.0000e+00
    387.000    13.5710     0.1848    98.1354 1.0000e-12 1.4994e+03    152.914    13.5140    38.5867    29.0667 0.0000e+00
    388.000    13.5651     0.1947    98.1354 1.0000e-12 1.5017e+03    152.930    13.5080    38.5857    29.0671 0.0000e+00
    389.000    13.5603     0.1903 -9.990e-29 1.0000e-12 1.5033e+03    152.735    13.5031    38.5852    29.0678 0.0000e+00
    390.000    13.5599     0.1886 -9.990e-29 1.0000e-12 1.5039e+03    152.421    13.5026    38.5852    29.0679 0.0000e+00
    391.000    13.5588     0.1855 -9.990e-29 1.0000e-12 1.5001e+03    152.295    13.5013    38.5851    29.0681 0.0000e+00
    392.000    13.5572     0.1867 -9.990e-29 -9.990e-29 1.4998e+03    152.531    13.4995    38.5851    29.0685 0.0000e+00
    393.000    13.5582     0.1857    98.1261 -9.990e-29 1.4999e+03    152.371    13.5004    38.5861    29.0691 0.0000e+00
    394.000    13.5594     0.1905    98.1346 -9.990e-29 1.4988e+03    152.420    13.5015    38.5868    29.0694 0.0000e+00
    395.000    13.5598     0.1910    98.1324 1.0000e-12 1.4969e+03    152.654    13.5017    38.5870    29.0695 0.0000e+00
    396.000    13.5599     0.1882    98.1355 1.0000e-12 1.5003e+03    152.583    13.5017    38.5871    29.0696 0.0000e+00
