Data/ruptures/PEACETIME/FAST/PEACETIME_FAST_CTD_074.cnv
* Sea-Bird SBE 9 Data File:
* FileName = C:\CTD\rawCTD\PEACETIME_FAST_CTD_074.hdr
* Software Version Seasave V 7.23.2
* Temperature SN = 1378
* Conductivity SN = 2929
* Number of Bytes Per Scan = 38
* Number of Voltage Words = 5
* Number of Scans Averaged by the Deck Unit = 1
* NMEA Latitude = 37 56.79 N
* NMEA Longitude = 002 55.01 E
* NMEA UTC (Time) = Jun 06 2017  02:51:16
* NMEA baud rate = 4800
** Cruise:   PEACETIME
** Station:   FAST_CTD_074
# nquan = 11
# nvalues = 500                         
# units = specified
# name 0 = prDM: Pressure, Digiquartz [db]
# name 1 = t090C: Temperature [ITS-90, deg C]
# name 2 = flC: Fluorescence, Chelsea Aqua 3 Chl Con [ug/l]
# name 3 = CStarTr0: Beam Transmission, WET Labs C-Star [%]
# name 4 = par: PAR/Irradiance, Biospherical/Licor
# name 5 = spar: SPAR/Surface Irradiance
# name 6 = sbeox0Mm/Kg: Oxygen, SBE 43 [umol/kg]
# name 7 = potemp090C: Potential Temperature [ITS-90, deg C]
# name 8 = sal00: Salinity, Practical [PSU]
# name 9 = sigma-é00: Density [sigma-theta, kg/m^3]
# name 10 = flag:
# span 0 =      2.000,    501.000       
# span 1 =    13.4404,    21.3526       
# span 2 =     0.1840,     0.4196       
# span 3 =    94.3797,    98.2339       
# span 4 = -1.234e-05, 1.7484e-01       
# span 5 = 9.8001e-01, 5.3158e+00       
# span 6 =    152.310,    240.283       
# span 7 =    13.3669,    21.3505       
# span 8 =    37.0189,    38.5920       
# span 9 =    25.9734,    29.0893       
# span 10 = 0.0000e+00, 0.0000e+00      
# interval = decibars: 1                
# start_time = Jun 06 2017 02:51:16 [NMEA time, first data scan]
# bad_flag = -9.990e-29
*END*
[from data line 132]
    134.000    13.9739     0.2223    97.9108 -9.990e-29 2.3648e+00    194.799    13.9541    38.1941    28.6681 0.0000e+00
    135.000    13.9694     0.2222    97.9065 -9.990e-29 2.6836e+00    195.676    13.9494    38.1961    28.6707 0.0000e+00
    136.000    13.9665     0.2181    97.9260 -9.990e-29 2.7862e+00    194.964    13.9464    38.1995    28.6739 0.0000e+00
    137.000    13.9595     0.2237    97.9204 1.0000e-12 2.4470e+00    192.384    13.9392    38.2025    28.6778 0.0000e+00
    138.000    13.9379     0.2212    97.9317 1.0000e-12 2.5221e+00    190.152    13.9174    38.2027    28.6827 0.0000e+00
    139.000    13.9367     0.2124    97.9418 1.0000e-12 2.9542e+00    192.275    13.9162    38.2098    28.6884 0.0000e+00
    140.000    13.9432     0.2169    97.9431 1.0000e-12 2.7560e+00    193.935    13.9225    38.2179    28.6933 0.0000e+00
    141.000    13.9334     0.2196    97.9450 1.0000e-12 2.7956e+00    194.256    13.9125    38.2220    28.6986 0.0000e+00
    142.000    13.9269     0.2172    97.9645 1.0000e-12 2.1202e+00    194.008    13.9059    38.2241    28.7017 0.0000e+00
    143.000    13.9220     0.2148    97.9735 1.0000e-12 3.7287e+00    193.453    13.9008    38.2265    28.7047 0.0000e+00
    144.000    13.9195     0.2186    97.9633 1.0000e-12 3.1242e+00    193.254    13.8982    38.2276    28.7061 0.0000e+00
    145.000    13.9132     0.2180    97.9699 1.0000e-12 3.1210e+00    192.778    13.8917    38.2294    28.7089 0.0000e+00
    146.000    13.9053     0.2168    97.9696 1.0000e-12 3.2508e+00    191.488    13.8837    38.2346    28.7147 0.0000e+00
    147.000    13.8904     0.2137    97.9698 1.0000e-12 3.1024e+00    189.511    13.8686    38.2405    28.7224 0.0000e+00
    148.000    13.8736     0.2108    98.0111 1.0000e-12 1.6211e+00    188.209    13.8517    38.2415    28.7269 0.0000e+00
    149.000    13.8676     0.2086    97.9848 1.0000e-12 3.4089e+00    188.433    13.8456    38.2436    28.7298 0.0000e+00
    150.000    13.8647     0.2099    98.0140 -9.990e-29 2.5977e+00    188.473    13.8426    38.2456    28.7321 0.0000e+00
    151.000    13.8618     0.2098    98.0090 -9.990e-29 3.0232e+00    188.185    13.8396    38.2475    28.7341 0.0000e+00
    152.000    13.8525     0.2112    98.0007 -9.990e-29 5.1721e+00    187.652    13.8301    38.2510    28.7389 0.0000e+00
    153.000    13.8457     0.2095    98.0130 -9.990e-29 4.5566e+00    187.885    13.8231    38.2553    28.7437 0.0000e+00
    154.000    13.8427     0.2108    98.0291 -9.990e-29 3.6910e+00    187.973    13.8200    38.2584    28.7468 0.0000e+00
    155.000    13.8308     0.2145    98.0347 -9.990e-29 3.1206e+00    188.229    13.8079    38.2627    28.7527 0.0000e+00
    156.000    13.8205     0.2116    98.0295 -9.990e-29 1.9591e+00    187.787    13.7975    38.2635    28.7556 0.0000e+00
    157.000    13.8188     0.2131    98.0225 1.0000e-12 1.9807e+00    187.963    13.7957    38.2660    28.7579 0.0000e+00
    158.000    13.8169     0.2103    98.0372 1.0000e-12 3.3308e+00    189.085    13.7937    38.2684    28.7602 0.0000e+00
    159.000    13.8154     0.2120    98.0457 1.0000e-12 2.8353e+00    189.833    13.7920    38.2708    28.7624 0.0000e+00
    160.000    13.8109     0.2123    98.0404 1.0000e-12 3.5866e+00    190.222    13.7874    38.2730    28.7651 0.0000e+00
    161.000    13.8075     0.2104    98.0507 1.0000e-12 2.6435e+00    190.345    13.7838    38.2750    28.7674 0.0000e+00
    162.000    13.8017     0.2101    98.0561 -9.990e-29 2.0163e+00    189.907    13.7778    38.2782    28.7712 0.0000e+00
    163.000    13.7914     0.2083    98.0425 -9.990e-29 2.8118e+00    188.808    13.7674    38.2810    28.7756 0.0000e+00
    164.000    13.7760     0.2052    98.0637 1.0000e-12 2.3573e+00    187.597    13.7519    38.2824    28.7800 0.0000e+00
    165.000    13.7639     0.2065    98.0647 1.0000e-12 3.7491e+00    187.514    13.7397    38.2854    28.7849 0.0000e+00
    166.000    13.7613     0.2020    98.0456 1.0000e-12 3.3303e+00    187.819    13.7369    38.2891    28.7883 0.0000e+00
    167.000    13.7562     0.2080    98.0762 1.0000e-12 1.9857e+00    188.122    13.7317    38.2956    28.7945 0.0000e+00
    168.000    13.7538     0.2128    98.0858 1.0000e-12 1.8716e+00    187.745    13.7291    38.2987    28.7975 0.0000e+00
    169.000    13.7459     0.2135    98.0835 1.0000e-12 1.2065e+00    187.056    13.7210    38.3015    28.8014 0.0000e+00
    170.000    13.7435     0.2110    98.0730 1.0000e-12 1.3815e+00    186.821    13.7185    38.3046    28.8044 0.0000e+00
    171.000    13.7374     0.2065    98.0956 1.0000e-12 3.4259e+00    186.455    13.7123    38.3110    28.8107 0.0000e+00
    172.000    13.7330     0.2052    98.1129 1.0000e-12 3.4635e+00    185.989    13.7077    38.3130    28.8132 0.0000e+00
    173.000    13.7236     0.2076 -9.990e-29 1.0000e-12 3.3250e+00    185.817    13.6982    38.3124    28.8147 0.0000e+00
    174.000    13.7133     0.2051 -9.990e-29 1.0000e-12 3.8088e+00    185.099    13.6877    38.3141    28.8183 0.0000e+00
    175.000    13.7096     0.2054 -9.990e-29 1.0000e-12 2.5077e+00    184.948    13.6839    38.3170    28.8214 0.0000e+00
    176.000    13.7061     0.2014    98.0834 1.0000e-12 2.5290e+00    185.188    13.6803    38.3188    28.8235 0.0000e+00
    177.000    13.7092     0.2033    98.1018 1.0000e-12 2.4008e+00    185.112    13.6832    38.3247    28.8274 0.0000e+00
    178.000    13.7004     0.2088    98.0890 1.0000e-12 2.7592e+00    185.042    13.6742    38.3244    28.8291 0.0000e+00
    179.000    13.7030     0.2065    98.0902 1.0000e-12 2.2685e+00    185.316    13.6767    38.3282    28.8316 0.0000e+00
    180.000    13.7033     0.2066    98.1153 1.0000e-12 2.5480e+00    184.904    13.6769    38.3338    28.8359 0.0000e+00
    181.000    13.7011     0.2049    98.1276 1.0000e-12 2.1117e+00    184.492    13.6746    38.3367    28.8386 0.0000e+00
    182.000    13.6978     0.2035    98.1274 1.0000e-12 3.7947e+00    184.060    13.6711    38.3378    28.8402 0.0000e+00
    183.000    13.6963     0.2033    98.1229 1.0000e-12 1.9488e+00    183.751    13.6694    38.3380    28.8407 0.0000e+00
    184.000    13.6956     0.2031    98.1255 1.0000e-12 3.1816e+00    183.510    13.6686    38.3400    28.8425 0.0000e+00
    185.000    13.6956     0.2012    98.1374 -9.990e-29 2.6468e+00    182.691    13.6685    38.3442    28.8457 0.0000e+00
    186.000    13.6987     0.1996    98.1271 -9.990e-29 2.1813e+00    182.327    13.6714    38.3475    28.8477 0.0000e+00
    187.000    13.6993     0.2061    98.1371 -9.990e-29 3.0196e+00    181.897    13.6718    38.3481    28.8480 0.0000e+00
    188.000    13.6986     0.2042    98.1281 1.0000e-12 2.2109e+00    181.721    13.6711    38.3492    28.8491 0.0000e+00
    189.000    13.6978     0.2010    98.1354 1.0000e-12 1.9200e+00    181.329    13.6701    38.3527    28.8520 0.0000e+00
    190.000    13.6962     0.2016    98.1229 1.0000e-12 2.9736e+00    180.645    13.6683    38.3581    28.8565 0.0000e+00
    191.000    13.6926     0.2014    98.1325 1.0000e-12 3.1327e+00    180.005    13.6646    38.3628    28.8610 0.0000e+00
    192.000    13.6910     0.2010    98.1502 1.0000e-12 2.8928e+00    180.033    13.6628    38.3648    28.8629 0.0000e+00
    193.000    13.6888     0.2044    98.1391 1.8423e-04 1.6668e+00    179.805    13.6605    38.3694    28.8669 0.0000e+00
    194.000    13.6866     0.2011    98.1448 1.5557e-04 3.6180e+00    179.325    13.6581    38.3721    28.8695 0.0000e+00
    195.000    13.6860     0.1990    98.1496 1.9473e-04 3.5470e+00    179.344    13.6574    38.3721    28.8697 0.0000e+00
    196.000    13.6761     0.2060    98.1413 1.3439e-04 3.0308e+00    179.366    13.6473    38.3730    28.8726 0.0000e+00
    197.000    13.6784     0.2062    98.1603 -9.990e-29 3.3184e+00    178.884    13.6495    38.3793    28.8770 0.0000e+00
    198.000    13.6776     0.2041    98.1509 -9.990e-29 2.7722e+00    178.739    13.6486    38.3793    28.8772 0.0000e+00
    199.000    13.6767     0.1999    98.1461 -9.990e-29 1.8928e+00    178.972    13.6475    38.3812    28.8789 0.0000e+00
    200.000    13.6831     0.1954    98.1342 1.0000e-12 4.2085e+00    178.053    13.6537    38.3858    28.8811 0.0000e+00
    201.000    13.6824     0.1978    98.1540 1.0000e-12 1.7074e+00    177.408    13.6529    38.3871    28.8823 0.0000e+00
    202.000    13.6815     0.2000    98.1527 1.0000e-12 3.9370e+00    177.547    13.6519    38.3882    28.8834 0.0000e+00
    203.000    13.6801     0.2032    98.1467 1.0000e-12 3.8345e+00    177.943    13.6503    38.3898    28.8849 0.0000e+00
    204.000    13.6783     0.2036    98.1510 1.0000e-12 2.3943e+00    177.587    13.6484    38.3913    28.8865 0.0000e+00
    205.000    13.6777     0.2018    98.1570 1.0000e-12 3.2431e+00    177.409    13.6476    38.3940    28.8888 0.0000e+00
    206.000    13.6778     0.2038    98.1700 2.5358e-06 2.7117e+00    177.369    13.6476    38.3957    28.8901 0.0000e+00
    207.000    13.6775     0.1974    98.1656 1.5672e-08 1.6968e+00    177.150    13.6472    38.3969    28.8911 0.0000e+00
    208.000    13.6773     0.1995    98.1706 1.0000e-12 2.3086e+00    176.711    13.6468    38.3979    28.8919 0.0000e+00
    209.000    13.6745     0.1971    98.1727 -9.990e-29 2.3298e+00    176.324    13.6438    38.4016    28.8955 0.0000e+00
    210.000    13.6726     0.1958    98.1564 -9.990e-29 1.9653e+00    176.271    13.6418    38.4033    28.8972 0.0000e+00
    211.000    13.6718     0.1936    98.1659 -9.990e-29 2.2399e+00    175.987    13.6408    38.4054    28.8991 0.0000e+00
    212.000    13.6714     0.1970    98.1770 2.9953e-04 2.4380e+00    175.925    13.6403    38.4082    28.9014 0.0000e+00
    213.000    13.6688     0.1989    98.1614 5.1153e-04 2.9932e+00    175.898    13.6375    38.4097    28.9031 0.0000e+00
    214.000    13.6669     0.1988    98.1678 6.6553e-04 2.6113e+00    175.475    13.6355    38.4110    28.9045 0.0000e+00
    215.000    13.6638     0.2043    98.1643 8.5390e-04 1.7308e+00    175.025    13.6322    38.4120    28.9060 0.0000e+00
    216.000    13.6592     0.1999    98.1685 1.7550e-04 2.7110e+00    175.204    13.6275    38.4106    28.9059 0.0000e+00
    217.000    13.6460     0.1981    98.1528 -8.733e-06 2.2324e+00    175.239    13.6142    38.4132    28.9108 0.0000e+00
    218.000    13.6585     0.1957    98.1644 1.0000e-12 3.2706e+00    174.109    13.6265    38.4222    28.9151 0.0000e+00
    219.000    13.6445     0.1934    98.1799 1.0000e-12 2.5783e+00    174.196    13.6124    38.4234    28.9191 0.0000e+00
    220.000    13.6228     0.1942    98.1701 1.0000e-12 3.7041e+00    175.251    13.5906    38.4212    28.9220 0.0000e+00
    221.000    13.6151     0.2033    98.1758 -9.990e-29 2.8871e+00    175.657    13.5827    38.4212    28.9237 0.0000e+00
    222.000    13.6139     0.1990    98.1735 -9.990e-29 2.3880e+00    174.906    13.5814    38.4230    28.9254 0.0000e+00
    223.000    13.6129     0.1934    98.1716 1.7803e-04 2.2115e+00    174.477    13.5803    38.4251    28.9272 0.0000e+00
    224.000    13.6085     0.1973    98.1693 7.0132e-04 1.3384e+00    174.548    13.5757    38.4291    28.9313 0.0000e+00
    225.000    13.6033     0.1932    98.1724 5.3145e-05 1.9653e+00    174.482    13.5703    38.4297    28.9329 0.0000e+00
    226.000    13.6047     0.1914    98.1644 7.0149e-07 4.2129e+00    173.252    13.5716    38.4345    28.9364 0.0000e+00
    227.000    13.6199     0.1941    98.1640 1.7142e-04 2.8784e+00    171.924    13.5866    38.4399    28.9374 0.0000e+00
    228.000    13.6190     0.1958    98.1561 8.6139e-06 2.1684e+00    172.116    13.5856    38.4399    28.9376 0.0000e+00
    229.000    13.6181     0.1962    98.1718 1.0000e-12 2.3354e+00    171.783    13.5846    38.4412    28.9388 0.0000e+00
    230.000    13.6162     0.2000    98.1782 7.0786e-06 3.3962e+00    171.595    13.5825    38.4429    28.9406 0.0000e+00
    231.000    13.6181     0.2003    98.1801 6.6833e-06 3.4062e+00    171.417    13.5842    38.4448    28.9417 0.0000e+00
    232.000    13.6172     0.1957    98.1750 6.9657e-04 4.1149e+00    171.411    13.5832    38.4471    28.9437 0.0000e+00
    233.000    13.6136     0.1873    98.1638 6.1723e-06 4.2393e+00    171.211    13.5795    38.4493    28.9462 0.0000e+00
    234.000    13.6177     0.1900    98.1747 1.5331e-04 2.5127e+00    170.442    13.5834    38.4527    28.9480 0.0000e+00
    235.000    13.6186     0.1919    98.1782 2.2480e-05 4.0297e+00    170.058    13.5842    38.4548    28.9495 0.0000e+00
    236.000    13.6239     0.1964    98.1722 2.4206e-04 1.7362e+00    169.301    13.5893    38.4590    28.9516 0.0000e+00
    237.000    13.6306     0.1962    98.1777 4.6124e-04 2.8465e+00    168.385    13.5959    38.4636    28.9538 0.0000e+00
    238.000    13.6325     0.1970    98.1837 1.0378e-04 2.4792e+00    167.689    13.5975    38.4671    28.9561 0.0000e+00
    239.000    13.6337     0.2004    98.1751 6.7826e-05 3.2509e+00    166.750    13.5986    38.4687    28.9572 0.0000e+00
    240.000    13.6353     0.1947    98.1750 2.1016e-04 2.3517e+00    166.339    13.6001    38.4720    28.9594 0.0000e+00
    241.000    13.6359     0.1923    98.1811 1.5423e-04 2.6840e+00    166.047    13.6006    38.4734    28.9604 0.0000e+00
    242.000    13.6366     0.2010    98.1849 1.1260e-04 3.3024e+00    165.721    13.6011    38.4745    28.9611 0.0000e+00
    243.000    13.6384     0.2006    98.1781 3.7781e-04 2.8115e+00    165.167    13.6027    38.4762    28.9621 0.0000e+00
    244.000    13.6389     0.1996    98.1876 1.1348e-03 1.9742e+00    164.858    13.6031    38.4772    28.9628 0.0000e+00
    245.000    13.6390     0.1998    98.1875 1.4178e-03 3.6090e+00    165.022    13.6030    38.4781    28.9635 0.0000e+00
    246.000    13.6393     0.2008    98.1875 9.0558e-04 1.6535e+00    164.607    13.6032    38.4789    28.9641 0.0000e+00
    247.000    13.6391     0.1964    98.1875 1.1646e-03 1.7489e+00    164.220    13.6028    38.4793    28.9645 0.0000e+00
    248.000    13.6379     0.1969    98.1899 1.4383e-03 3.7055e+00    164.053    13.6015    38.4795    28.9649 0.0000e+00
    249.000    13.6347     0.1978    98.1832 2.3662e-03 1.9779e+00    164.268    13.5982    38.4796    28.9656 0.0000e+00
    250.000    13.6256     0.1988    98.1907 2.9989e-03 2.4739e+00    164.232    13.5889    38.4797    28.9677 0.0000e+00
    251.000    13.6217     0.2033    98.1847 1.4110e-03 2.8109e+00    164.144    13.5849    38.4801    28.9689 0.0000e+00
    252.000    13.6204     0.2029    98.1875 5.2295e-04 2.5185e+00    164.739    13.5835    38.4803    28.9694 0.0000e+00
    253.000    13.6183     0.2021    98.1875 1.9066e-04 4.6944e+00    165.097    13.5812    38.4804    28.9699 0.0000e+00
    254.000    13.6174     0.2007    98.1875 1.7016e-04 3.0792e+00    165.062    13.5802    38.4805    28.9702 0.0000e+00
    255.000    13.6186     0.1975    98.1839 5.9479e-04 2.3699e+00    164.893    13.5812    38.4810    28.9704 0.0000e+00
    256.000    13.6164     0.2009    98.1869 7.6713e-04 2.6587e+00    164.344    13.5789    38.4831    28.9725 0.0000e+00
    257.000    13.6157     0.2027    98.1990 7.9531e-04 2.3991e+00    164.260    13.5780    38.4848    28.9740 0.0000e+00
    258.000    13.6164     0.2001    98.1834 2.2147e-03 5.3158e+00    164.333    13.5786    38.4858    28.9747 0.0000e+00
    259.000    13.6160     0.1969    98.1969 1.8463e-03 2.3516e+00    163.940    13.5780    38.4858    28.9748 0.0000e+00
    260.000    13.6161     0.1957    98.1979 1.4123e-03 2.3553e+00    163.181    13.5780    38.4884    28.9768 0.0000e+00
    261.000    13.6160     0.1911    98.1973 1.4316e-03 1.5176e+00    162.562    13.5777    38.4928    28.9802 0.0000e+00
    262.000    13.6158     0.1944    98.1992 1.7210e-03 3.2870e+00    162.023    13.5774    38.4941    28.9813 0.0000e+00
    263.000    13.6155     0.1929    98.1973 1.9797e-03 4.1729e+00    161.778    13.5769    38.4987    28.9850 0.0000e+00
