Data/ruptures/PEACETIME/FAST/PEACETIME_FAST_CTD_065.cnv
* Sea-Bird SBE 9 Data File:
* FileName = C:\CTD\rawCTD\PEACETIME_FAST_CTD_065.hdr
* Software Version Seasave V 7.23.2
* Temperature SN = 1378
* Conductivity SN = 2929
* Number of Bytes Per Scan = 38
* Number of Voltage Words = 5
* Number of Scans Averaged by the Deck Unit = 1
* NMEA Latitude = 37 56.81 N
* NMEA Longitude = 002 54.98 E
* NMEA UTC (Time) = Jun 05 2017  02:44:50
* NMEA baud rate = 4800
** Cruise:   PEACETIME
** Station:   FAST_CTD_065
# nquan = 11
# nvalues = 504                         
# units = specified
# name 0 = prDM: Pressure, Digiquartz [db]
# name 1 = t090C: Temperature [ITS-90, deg C]
# name 2 = flC: Fluorescence, Chelsea Aqua 3 Chl Con [ug/l]
# name 3 = CStarTr0: Beam Transmission, WET Labs C-Star [%]
# name 4 = par: PAR/Irradiance, Biospherical/Licor
# name 5 = spar: SPAR/Surface Irradiance
# name 6 = sbeox0Mm/Kg: Oxygen, SBE 43 [umol/kg]
# name 7 = potemp090C: Potential Temperature [ITS-90, deg C]
# name 8 = sal00: Salinity, Practical [PSU]
# name 9 = sigma-é00: Density [sigma-theta, kg/m^3]
# name 10 = flag:
# span 0 =      1.000,    504.000       
# span 1 =    13.4109,    21.3780       
# span 2 =     0.1820,     0.4758       
# span 3 =    94.1593,    98.2915       
# span 4 = -2.230e-05, 2.7320e-01       
# span 5 = 1.4284e+00, 5.3548e+00       
# span 6 =    152.497,    239.190       
# span 7 =    13.3370,    21.3778       
# span 8 =    36.9858,    38.5934       
# span 9 =    25.9477,    29.0912       
# span 10 = 0.0000e+00, 0.0000e+00      
# interval = decibars: 1                
# start_time = Jun 05 2017 02:44:51 [NMEA time, first data scan]
# bad_flag = -9.990e-29
*END*
[from data line 132]
    133.000    13.9993     0.2117    98.0210 1.0000e-12 3.9007e+00    185.377    13.9796    38.1812    28.6526 0.0000e+00
    134.000    13.9871     0.2091    98.0206 1.3355e-06 3.6049e+00    185.301    13.9672    38.1834    28.6570 0.0000e+00
    135.000    13.9750     0.2055    98.0414 2.8891e-08 3.5971e+00    186.121    13.9550    38.1888    28.6638 0.0000e+00
    136.000    13.9706     0.2045    98.0253 -9.990e-29 3.1825e+00    187.456    13.9505    38.1915    28.6669 0.0000e+00
    137.000    13.9671     0.2026    98.0365 1.0000e-12 3.9732e+00    187.684    13.9468    38.1946    28.6700 0.0000e+00
    138.000    13.9609     0.2033    98.0482 1.0000e-12 3.2462e+00    187.459    13.9405    38.1969    28.6732 0.0000e+00
    139.000    13.9509     0.2052    98.0376 1.0000e-12 2.9704e+00    186.787    13.9303    38.2012    28.6787 0.0000e+00
    140.000    13.9373     0.2052    98.0504 1.0000e-12 3.8042e+00    186.759    13.9166    38.2048    28.6844 0.0000e+00
    141.000    13.9322     0.2023    98.0632 -9.990e-29 2.9899e+00    188.133    13.9114    38.2069    28.6872 0.0000e+00
    142.000    13.9255     0.2035    98.0654 -9.990e-29 3.2107e+00    190.470    13.9045    38.2119    28.6926 0.0000e+00
    143.000    13.9160     0.1982    98.0951 -9.990e-29 2.6969e+00    194.779    13.8949    38.2191    28.7002 0.0000e+00
    144.000    13.9100     0.2025    98.0926 -9.990e-29 2.0531e+00    195.667    13.8887    38.2227    28.7043 0.0000e+00
    145.000    13.8992     0.2015    98.1265 -9.990e-29 3.7421e+00    194.042    13.8778    38.2282    28.7110 0.0000e+00
    146.000    13.8928     0.2044    98.1247 1.6213e-06 3.6643e+00    192.656    13.8712    38.2317    28.7151 0.0000e+00
    147.000    13.8845     0.1993    98.1194 -5.267e-09 3.7686e+00    193.258    13.8628    38.2372    28.7211 0.0000e+00
    148.000    13.8712     0.1964    98.1391 1.0000e-12 2.4320e+00    191.970    13.8494    38.2400    28.7262 0.0000e+00
    149.000    13.8593     0.1933    98.1220 -9.990e-29 2.5512e+00    191.190    13.8373    38.2435    28.7315 0.0000e+00
    150.000    13.8520     0.1949    98.0822 1.0000e-12 2.4388e+00    191.403    13.8299    38.2482    28.7368 0.0000e+00
    151.000    13.8468     0.1972    98.1302 2.2210e-04 3.5082e+00    191.743    13.8245    38.2499    28.7392 0.0000e+00
    152.000    13.8420     0.1940    98.1587 9.5200e-05 3.3801e+00    191.652    13.8196    38.2519    28.7418 0.0000e+00
    153.000    13.8401     0.1905    98.1517 1.5568e-05 3.0433e+00    191.722    13.8175    38.2543    28.7441 0.0000e+00
    154.000    13.8355     0.1964    98.1580 2.4411e-05 2.2924e+00    191.872    13.8128    38.2573    28.7475 0.0000e+00
    155.000    13.8300     0.1971    98.1549 5.1550e-06 2.6794e+00    191.943    13.8072    38.2618    28.7522 0.0000e+00
    156.000    13.8215     0.1949    98.1660 1.8178e-07 2.5978e+00    191.676    13.7986    38.2664    28.7576 0.0000e+00
    157.000    13.8145     0.1962    98.1577 -9.990e-29 3.9688e+00    192.650    13.7914    38.2681    28.7604 0.0000e+00
    158.000    13.8096     0.1944    98.1517 -9.990e-29 3.2341e+00    191.807    13.7863    38.2707    28.7635 0.0000e+00
    159.000    13.8023     0.1945    98.1221 -9.990e-29 2.8876e+00    191.044    13.7789    38.2746    28.7681 0.0000e+00
    160.000    13.7979     0.1955    98.1613 1.0000e-12 3.2884e+00    190.810    13.7744    38.2770    28.7710 0.0000e+00
    161.000    13.7917     0.1971    98.1506 1.0324e-06 3.1294e+00    190.283    13.7680    38.2805    28.7750 0.0000e+00
    162.000    13.7895     0.1974    98.1722 1.1912e-06 3.4522e+00    189.023    13.7656    38.2831    28.7776 0.0000e+00
    163.000    13.7864     0.2042    98.1644 7.9127e-09 3.2890e+00    188.425    13.7625    38.2853    28.7800 0.0000e+00
    164.000    13.7687     0.2006    98.1625 1.0000e-12 3.6487e+00    186.204    13.7446    38.2878    28.7857 0.0000e+00
    165.000    13.7539     0.1971    98.1409 -9.990e-29 2.6215e+00    185.335    13.7296    38.2906    28.7911 0.0000e+00
    166.000    13.7449     0.1913    98.1398 -9.990e-29 3.6256e+00    185.652    13.7206    38.2956    28.7969 0.0000e+00
    167.000    13.7366     0.1976    98.1419 5.5508e-05 3.7147e+00    184.969    13.7120    38.2984    28.8009 0.0000e+00
    168.000    13.7316     0.1952 -9.990e-29 1.6468e-04 3.5658e+00    184.594    13.7069    38.3003    28.8035 0.0000e+00
    169.000    13.7279     0.1944    98.1414 9.2952e-05 2.5223e+00    184.192    13.7031    38.3020    28.8056 0.0000e+00
    170.000    13.7204     0.1992    98.1294 5.7482e-06 3.7013e+00    183.341    13.6955    38.3023    28.8075 0.0000e+00
    171.000    13.7115     0.2005    98.1177 1.9557e-04 2.6268e+00    182.829    13.6864    38.3026    28.8096 0.0000e+00
    172.000    13.7043     0.1970    98.0741 9.5322e-05 3.2349e+00    182.793    13.6791    38.3032    28.8117 0.0000e+00
    173.000    13.6963     0.1941    98.1088 1.2146e-04 3.9078e+00    182.988    13.6709    38.3070    28.8164 0.0000e+00
    174.000    13.6969     0.1911    98.1151 9.4780e-05 2.8356e+00    183.558    13.6713    38.3114    28.8197 0.0000e+00
    175.000    13.7053     0.1948    98.1206 7.3163e-05 3.9975e+00    184.264    13.6797    38.3196    28.8243 0.0000e+00
    176.000    13.7035     0.1992    98.1336 -9.990e-29 3.2147e+00    184.646    13.6777    38.3264    28.8299 0.0000e+00
    177.000    13.7008     0.1941    98.1395 2.6042e-05 3.6334e+00    184.666    13.6748    38.3300    28.8333 0.0000e+00
    178.000    13.6944     0.1938    98.1555 7.1663e-05 3.2129e+00    183.759    13.6683    38.3327    28.8369 0.0000e+00
    179.000    13.6847     0.1944    98.1520 1.0141e-04 2.8043e+00    183.365    13.6585    38.3343    28.8402 0.0000e+00
    180.000    13.6798     0.1895    98.1470 1.1717e-03 3.1831e+00    183.600    13.6535    38.3357    28.8424 0.0000e+00
    181.000    13.6781     0.1958    98.1552 4.5214e-04 4.1123e+00    183.470    13.6515    38.3378    28.8443 0.0000e+00
    182.000    13.6731     0.1976    98.1616 7.4296e-05 3.6805e+00    182.728    13.6464    38.3396    28.8469 0.0000e+00
    183.000    13.6721     0.1938    98.1620 1.4340e-04 3.4865e+00    182.583    13.6453    38.3459    28.8520 0.0000e+00
    184.000    13.6784     0.1882    98.1811 1.4839e-04 2.0484e+00    181.735    13.6514    38.3542    28.8571 0.0000e+00
    185.000    13.6756     0.1912    98.1757 8.3307e-05 2.9430e+00    181.747    13.6485    38.3557    28.8589 0.0000e+00
    186.000    13.6810     0.1938    98.1855 -9.990e-29 3.4287e+00    180.880    13.6537    38.3611    28.8620 0.0000e+00
    187.000    13.6817     0.1948    98.1875 1.0000e-12 2.9710e+00    180.977    13.6542    38.3624    28.8629 0.0000e+00
    188.000    13.6807     0.1936    98.1986 1.0000e-12 2.6259e+00    181.078    13.6532    38.3631    28.8637 0.0000e+00
    189.000    13.6792     0.1922    98.1990 1.4789e-04 3.1728e+00    180.670    13.6515    38.3639    28.8646 0.0000e+00
    190.000    13.6832     0.1914    98.2000 1.8178e-04 2.1803e+00    179.982    13.6553    38.3705    28.8689 0.0000e+00
    191.000    13.6858     0.1952    98.2139 3.0810e-04 3.3606e+00    178.739    13.6578    38.3748    28.8717 0.0000e+00
    192.000    13.6839     0.1922    98.2166 4.8002e-04 2.0904e+00    178.610    13.6557    38.3772    28.8740 0.0000e+00
    193.000    13.6839     0.1912    98.2123 2.0982e-03 2.4581e+00    178.588    13.6555    38.3775    28.8743 0.0000e+00
    194.000    13.6826     0.1975    98.2034 1.7651e-03 3.4191e+00    178.799    13.6542    38.3775    28.8746 0.0000e+00
    195.000    13.6804     0.2023    98.2111 8.7308e-04 2.5737e+00    178.533    13.6518    38.3790    28.8763 0.0000e+00
    196.000    13.6809     0.1995    98.2208 5.9090e-04 2.0031e+00    177.773    13.6522    38.3805    28.8773 0.0000e+00
    197.000    13.6810     0.1951    98.2131 7.7842e-04 2.0973e+00    178.096    13.6521    38.3821    28.8786 0.0000e+00
    198.000    13.6812     0.1925    98.2104 7.1241e-04 3.7365e+00    177.904    13.6522    38.3834    28.8796 0.0000e+00
    199.000    13.6796     0.1897    98.2106 1.4962e-03 1.9022e+00    177.656    13.6504    38.3854    28.8815 0.0000e+00
    200.000    13.6737     0.1900    98.2093 9.4583e-04 2.7993e+00    176.789    13.6444    38.3884    28.8851 0.0000e+00
    201.000    13.6675     0.1928    98.2211 9.6152e-04 1.7975e+00    176.592    13.6380    38.3933    28.8903 0.0000e+00
    202.000    13.6661     0.1937    98.2311 5.5634e-04 3.0502e+00    177.091    13.6365    38.3952    28.8920 0.0000e+00
    203.000    13.6661     0.1908    98.2074 7.9359e-04 2.9924e+00    176.750    13.6363    38.3963    28.8930 0.0000e+00
    204.000    13.6654     0.1883    98.2258 1.5085e-03 3.7127e+00    176.745    13.6355    38.3989    28.8952 0.0000e+00
    205.000    13.6642     0.1904    98.2335 4.6686e-04 3.3639e+00    176.843    13.6341    38.4011    28.8971 0.0000e+00
    206.000    13.6642     0.1915    98.2183 4.0243e-04 3.8456e+00    176.360    13.6339    38.4035    28.8991 0.0000e+00
    207.000    13.6608     0.1944    98.2331 1.4231e-05 3.1470e+00    176.186    13.6305    38.4037    28.8999 0.0000e+00
    208.000    13.6419     0.1960    98.2324 7.2239e-05 3.3988e+00    176.903    13.6115    38.4008    28.9018 0.0000e+00
    209.000    13.6235     0.1961    98.2165 2.6562e-05 2.9512e+00    177.435    13.5929    38.3990    28.9044 0.0000e+00
    210.000    13.6167     0.1941    98.2189 2.6945e-05 2.7806e+00    177.358    13.5860    38.4010    28.9073 0.0000e+00
    211.000    13.6134     0.1978    98.2227 2.0597e-05 2.9943e+00    177.082    13.5826    38.4041    28.9105 0.0000e+00
    212.000    13.6113     0.1933    98.2257 5.4176e-05 3.4069e+00    177.183    13.5803    38.4055    28.9120 0.0000e+00
    213.000    13.6090     0.1834    98.2193 -9.990e-29 2.3448e+00    176.989    13.5779    38.4079    28.9145 0.0000e+00
    214.000    13.6075     0.1867    98.2241 1.0000e-12 2.8473e+00    176.525    13.5762    38.4114    28.9175 0.0000e+00
    215.000    13.6076     0.1944    98.2189 1.3088e-04 2.6402e+00    176.364    13.5761    38.4144    28.9198 0.0000e+00
    216.000    13.6075     0.1983    98.2074 6.6864e-05 2.6630e+00    176.215    13.5759    38.4149    28.9203 0.0000e+00
    217.000    13.6075     0.1960    98.2210 2.8536e-04 2.8887e+00    176.170    13.5757    38.4173    28.9222 0.0000e+00
    218.000    13.6057     0.1930    98.2280 2.9669e-04 2.5045e+00    175.816    13.5738    38.4203    28.9249 0.0000e+00
    219.000    13.6016     0.1930    98.2186 6.5515e-06 3.8464e+00    175.731    13.5696    38.4226    28.9276 0.0000e+00
    220.000    13.6019     0.1918    98.2318 5.7293e-06 2.6765e+00    175.072    13.5697    38.4266    28.9306 0.0000e+00
    221.000    13.6046     0.1895    98.2316 -9.990e-29 2.5679e+00    174.369    13.5722    38.4302    28.9329 0.0000e+00
    222.000    13.6072     0.1919    98.2297 -9.990e-29 1.8645e+00    173.778    13.5747    38.4314    28.9333 0.0000e+00
    223.000    13.6122     0.1970    98.2343 3.7931e-05 3.8805e+00    173.378    13.5796    38.4349    28.9350 0.0000e+00
    224.000    13.6157     0.1962    98.2352 -4.256e-07 2.9701e+00    172.838    13.5829    38.4372    28.9360 0.0000e+00
    225.000    13.6159     0.1988    98.2277 1.0000e-12 3.1819e+00    172.129    13.5829    38.4384    28.9370 0.0000e+00
    226.000    13.6172     0.1956    98.2292 -9.990e-29 3.3161e+00    172.351    13.5841    38.4404    28.9383 0.0000e+00
    227.000    13.6217     0.1927    98.2364 3.6898e-06 2.7280e+00    171.939    13.5884    38.4441    28.9402 0.0000e+00
    228.000    13.6238     0.1913    98.2394 1.4714e-07 2.7588e+00    170.917    13.5904    38.4475    28.9424 0.0000e+00
    229.000    13.6243     0.1917    98.2440 4.7833e-05 2.3561e+00    170.277    13.5907    38.4503    28.9445 0.0000e+00
    230.000    13.6237     0.1932    98.2359 7.7200e-05 3.0009e+00    169.559    13.5899    38.4526    28.9465 0.0000e+00
    231.000    13.6240     0.1912    98.2385 1.2150e-04 2.6624e+00    169.497    13.5901    38.4543    28.9478 0.0000e+00
    232.000    13.6243     0.1887    98.2461 1.0460e-04 3.2602e+00    169.170    13.5902    38.4556    28.9488 0.0000e+00
    233.000    13.6244     0.1899    98.2357 6.6196e-05 3.7046e+00    168.362    13.5903    38.4579    28.9505 0.0000e+00
    234.000    13.6242     0.1938    98.2457 -9.990e-29 3.1181e+00    167.383    13.5899    38.4603    28.9525 0.0000e+00
    235.000    13.6238     0.1941    98.2383 -9.990e-29 3.5293e+00    167.373    13.5893    38.4619    28.9538 0.0000e+00
    236.000    13.6236     0.1961    98.2519 -9.990e-29 2.5139e+00    167.115    13.5890    38.4626    28.9545 0.0000e+00
    237.000    13.6230     0.1971    98.2536 1.0000e-12 3.1860e+00    166.991    13.5883    38.4636    28.9554 0.0000e+00
    238.000    13.6225     0.1920    98.2458 1.0000e-12 2.7968e+00    167.017    13.5877    38.4642    28.9560 0.0000e+00
    239.000    13.6221     0.1899    98.2464 7.9673e-05 3.1304e+00    166.910    13.5871    38.4647    28.9565 0.0000e+00
    240.000    13.6217     0.1932    98.2489 5.1812e-04 2.7300e+00    166.730    13.5865    38.4653    28.9571 0.0000e+00
    241.000    13.6206     0.1890    98.2504 2.3321e-05 3.2753e+00    166.382    13.5853    38.4669    28.9586 0.0000e+00
    242.000    13.6193     0.1952    98.2556 7.1601e-06 2.6254e+00    165.439    13.5838    38.4727    28.9634 0.0000e+00
    243.000    13.6188     0.1893    98.2577 1.5143e-07 2.4423e+00    164.496    13.5832    38.4784    28.9680 0.0000e+00
    244.000    13.6189     0.1899    98.2526 1.1571e-04 2.1151e+00    163.559    13.5832    38.4831    28.9716 0.0000e+00
    245.000    13.6193     0.1862    98.2629 7.9292e-05 1.7467e+00    163.072    13.5833    38.4879    28.9753 0.0000e+00
    246.000    13.6201     0.1887    98.2600 1.9750e-06 3.8836e+00    162.758    13.5840    38.4917    28.9781 0.0000e+00
    247.000    13.6202     0.1934    98.2623 5.7835e-06 2.4318e+00    162.558    13.5840    38.4917    28.9781 0.0000e+00
    248.000    13.6204     0.1912    98.2622 4.5268e-06 2.7479e+00    162.554    13.5841    38.4919    28.9782 0.0000e+00
    249.000    13.6206     0.1941    98.2585 1.0154e-07 3.2758e+00    162.611    13.5840    38.4924    28.9786 0.0000e+00
    250.000    13.6204     0.1942    98.2620 1.9830e-04 3.2504e+00    162.202    13.5837    38.4939    28.9799 0.0000e+00
    251.000    13.6204     0.1895    98.2630 2.1753e-04 3.8944e+00    161.981    13.5836    38.4951    28.9808 0.0000e+00
    252.000    13.6217     0.1877    98.2504 3.2224e-04 2.5304e+00    161.940    13.5847    38.4970    28.9821 0.0000e+00
    253.000    13.6226     0.1956    98.2419 6.2152e-04 1.9878e+00    161.640    13.5855    38.4996    28.9839 0.0000e+00
    254.000    13.6222     0.1868    98.2657 1.9162e-04 3.1055e+00    161.049    13.5850    38.5011    28.9852 0.0000e+00
    255.000    13.6217     0.1862 -9.990e-29 1.4088e-04 2.3977e+00    160.695    13.5843    38.5020    28.9860 0.0000e+00
    256.000    13.6218     0.1924    98.2445 3.7357e-04 3.7620e+00    160.917    13.5843    38.5022    28.9862 0.0000e+00
    257.000    13.6223     0.1938    98.2600 8.9873e-04 3.3206e+00    160.973    13.5845    38.5024    28.9863 0.0000e+00
    258.000    13.6205     0.1920    98.2589 2.7398e-04 2.7295e+00    161.377    13.5827    38.5037    28.9876 0.0000e+00
    259.000    13.6200     0.1874    98.2577 2.4586e-04 3.1234e+00    161.316    13.5820    38.5049    28.9888 0.0000e+00
    260.000    13.6195     0.1875    98.2611 8.0113e-05 3.4303e+00    160.924    13.5813    38.5059    28.9897 0.0000e+00
    261.000    13.6180     0.1882    98.2575 9.2141e-06 3.0613e+00    160.827    13.5797    38.5069    28.9908 0.0000e+00
    262.000    13.6166     0.1903    98.2607 8.3287e-06 2.7840e+00    160.760    13.5782    38.5076    28.9917 0.0000e+00
