Data/ruptures/PEACETIME/FAST/PEACETIME_FAST_CTD_084.cnv
* Sea-Bird SBE 9 Data File:
* FileName = C:\CTD\rawCTD\PEACETIME_FAST_CTD_084.hdr
* Software Version Seasave V 7.23.2
* Temperature SN = 1378
* Conductivity SN = 2929
* Number of Bytes Per Scan = 38
* Number of Voltage Words = 5
* Number of Scans Averaged by the Deck Unit = 1
* NMEA Latitude = 37 56.80 N
* NMEA Longitude = 002 55.00 E
* NMEA UTC (Time) = Jun 07 2017  14:00:33
* NMEA baud rate = 4800
** Cruise:   PEACETIME
** Station:   FAST_CTD_084
# nquan = 11
# nvalues = 199                         
# units = specified
# name 0 = prDM: Pressure, Digiquartz [db]
# name 1 = t090C: Temperature [ITS-90, deg C]
# name 2 = flC: Fluorescence, Chelsea Aqua 3 Chl Con [ug/l]
# name 3 = CStarTr0: Beam Transmission, WET Labs C-Star [%]
# name 4 = par: PAR/Irradiance, Biospherical/Licor
# name 5 = spar: SPAR/Surface Irradiance
# name 6 = sbeox0Mm/Kg: Oxygen, SBE 43 [umol/kg]
# name 7 = potemp090C: Potential Temperature [ITS-90, deg C]
# name 8 = sal00: Salinity, Practical [PSU]
# name 9 = sigma-é00: Density [sigma-theta, kg/m^3]
# name 10 = flag:
# span 0 =      3.000,    201.000       
# span 1 =    13.6211,    21.9151       
# span 2 =     0.1740,     0.5709       
# span 3 =    94.1427,    98.0224       
# span 4 = 1.8535e-02, 1.3645e+03       
# span 5 = 2.2655e+03, 2.2776e+03       
# span 6 =    183.027,    240.706       
# span 7 =    13.5918,    21.9143       
# span 8 =    37.0472,    38.3600       
# span 9 =    25.8870,    28.8742       
# span 10 = 0.0000e+00, 0.0000e+00      
# interval = decibars: 1                
# start_time = Jun 07 2017 14:01:55 [NMEA time, first data scan]
# bad_flag = -9.990e-29
*END*
      3.000    21.8834     0.2025    95.9471 1.3645e+03 2.2752e+03    208.073    21.8828    37.1529    25.8879 0.0000e+00
      4.000    21.9151     0.1848    96.1991 1.0248e+03 2.2727e+03    208.870    21.9143    37.1634    25.8870 0.0000e+00
      5.000    21.9139     0.1907    96.6684 1.0178e+03 2.2734e+03    208.644    21.9129    37.1639    25.8877 0.0000e+00
      6.000    21.9035     0.1877    96.6541 8.6881e+02 2.2742e+03    209.069    21.9023    37.1626    25.8897 0.0000e+00
      7.000    21.8859     0.1855    96.6507 7.4105e+02 2.2733e+03    208.042    21.8845    37.1592    25.8922 0.0000e+00
      8.000    21.8357     0.1902    96.6349 8.2567e+02 2.2733e+03    208.644    21.8342    37.1495    25.8990 0.0000e+00
      9.000    21.7956     0.1878    96.6106 7.0361e+02 2.2697e+03    209.600    21.7938    37.1404    25.9035 0.0000e+00
     10.000    21.7835     0.1876    96.6194 7.3411e+02 2.2765e+03    209.445    21.7815    37.1380    25.9051 0.0000e+00
     11.000    21.7571     0.1890    96.6287 6.3392e+02 2.2762e+03    209.978    21.7549    37.1329    25.9086 0.0000e+00
     12.000    21.7376     0.1957    96.6045 5.5997e+02 2.2776e+03    209.828    21.7352    37.1282    25.9107 0.0000e+00
     13.000    21.6881     0.1952    96.5800 6.2768e+02 2.2714e+03    209.977    21.6856    37.1199    25.9183 0.0000e+00
     14.000    21.6481     0.1958    96.5772 6.1700e+02 2.2727e+03    209.735    21.6453    37.1156    25.9263 0.0000e+00
     15.000    21.5734     0.1945    96.5790 5.2379e+02 2.2740e+03    210.078    21.5704    37.1109    25.9437 0.0000e+00
     16.000    21.4995     0.1896    96.5436 4.9038e+02 2.2750e+03    210.323    21.4964    37.1084    25.9624 0.0000e+00
     17.000    21.4259     0.1859    96.5024 4.7648e+02 2.2734e+03    210.127    21.4225    37.1034    25.9792 0.0000e+00
     18.000    21.3610     0.1893    96.5106 4.9359e+02 2.2755e+03    209.958    21.3575    37.0925    25.9890 0.0000e+00
     19.000    21.0376     0.1907    96.4940 4.1630e+02 2.2746e+03    210.797    21.0339    37.0659    26.0582 0.0000e+00
     20.000    20.5782     0.1927    96.5561 3.9780e+02 2.2731e+03    213.970    20.5744    37.0682    26.1857 0.0000e+00
     21.000    20.4895     0.1894    96.6491 3.8155e+02 2.2745e+03    215.543    20.4856    37.0716    26.2124 0.0000e+00
     22.000    20.4506     0.1855    96.7249 3.6377e+02 2.2738e+03    215.729    20.4464    37.0738    26.2247 0.0000e+00
     23.000    20.3441     0.1900    96.7500 3.6812e+02 2.2747e+03    215.682    20.3398    37.0684    26.2493 0.0000e+00
     24.000    19.9743     0.1924    96.6566 3.3664e+02 2.2749e+03    217.932    19.9699    37.0617    26.3434 0.0000e+00
     25.000    19.6957     0.1957    96.5940 3.1733e+02 2.2721e+03    219.939    19.6911    37.0537    26.4112 0.0000e+00
     26.000    19.2613     0.1999    96.5935 2.9776e+02 2.2720e+03    223.759    19.2566    37.0472    26.5202 0.0000e+00
     27.000    19.0614     0.2002    96.6285 2.9309e+02 2.2712e+03    226.337    19.0566    37.0772    26.5952 0.0000e+00
     28.000    18.8646     0.1980    96.6609 2.6748e+02 2.2722e+03    229.098    18.8596    37.0752    26.6445 0.0000e+00
     29.000    18.7176     0.1936    96.6867 2.6864e+02 2.2743e+03    230.995    18.7124    37.0993    26.7007 0.0000e+00
     30.000    18.5966     0.1923    96.6997 2.4524e+02 2.2714e+03    231.149    18.5912    37.1153    26.7440 0.0000e+00
     31.000    18.4020     0.1966    96.6597 2.4241e+02 2.2743e+03    231.867    18.3965    37.1068    26.7870 0.0000e+00
     32.000    18.2570     0.1992    96.6361 2.2927e+02 2.2717e+03    233.003    18.2514    37.1119    26.8275 0.0000e+00
     33.000    18.1605     0.2002    96.6614 2.1954e+02 2.2750e+03    232.767    18.1548    37.1486    26.8800 0.0000e+00
     34.000    17.9950     0.1974    96.5637 2.1940e+02 2.2720e+03    233.404    17.9891    37.1473    26.9205 0.0000e+00
     35.000    17.8692     0.1987    96.5748 1.8820e+02 2.2702e+03    234.346    17.8631    37.1330    26.9410 0.0000e+00
     36.000    17.7328     0.2046    96.5375 2.0520e+02 2.2718e+03    234.950    17.7267    37.1505    26.9883 0.0000e+00
     37.000    17.5927     0.2047    96.4643 1.6549e+02 2.2675e+03    234.703    17.5864    37.1378    27.0132 0.0000e+00
     38.000    17.4212     0.2033    96.5131 1.8267e+02 2.2718e+03    235.502    17.4148    37.0977    27.0246 0.0000e+00
     39.000    17.2828     0.2022    96.5487 1.6168e+02 2.2712e+03    236.126    17.2763    37.0836    27.0476 0.0000e+00
     40.000    17.1499     0.2035    96.5154 1.5682e+02 2.2711e+03    237.560    17.1432    37.1039    27.0956 0.0000e+00
     41.000    17.1177     0.2089    96.4967 1.4778e+02 2.2704e+03    237.694    17.1109    37.1147    27.1117 0.0000e+00
     42.000    17.0681     0.2147    96.5382 1.4376e+02 2.2703e+03    238.789    17.0611    37.1208    27.1284 0.0000e+00
     43.000    17.0599     0.2097    96.5323 1.3028e+02 2.2749e+03    239.315    17.0527    37.1554    27.1570 0.0000e+00
     44.000    17.0790     0.2078    96.5341 1.2843e+02 2.2722e+03    238.372    17.0717    37.2239    27.2051 0.0000e+00
     45.000    17.0039     0.2098    96.5068 1.1908e+02 2.2751e+03    237.436    16.9964    37.2449    27.2395 0.0000e+00
     46.000    16.7921     0.2164    96.4558 1.1840e+02 2.2775e+03    235.238    16.7845    37.2486    27.2933 0.0000e+00
     47.000    16.4041     0.2191    96.3951 1.0951e+02 2.2738e+03    237.070    16.3964    37.2185    27.3624 0.0000e+00
     48.000    16.2811     0.2228    96.3929 1.0551e+02 2.2731e+03    240.592    16.2733    37.2290    27.3996 0.0000e+00
     49.000    16.4259     0.2190    96.4630 9.4750e+01 2.2738e+03    240.706    16.4179    37.3357    27.4476 0.0000e+00
     50.000    16.4493     0.2222    96.5014 9.2717e+01 2.2753e+03    239.462    16.4411    37.3782    27.4748 0.0000e+00
     51.000    16.3851     0.2146    96.5432 8.4765e+01 2.2709e+03    237.996    16.3768    37.3848    27.4951 0.0000e+00
     52.000    16.2142     0.2238    96.5233 8.4067e+01 2.2735e+03    237.049    16.2058    37.3566    27.5137 0.0000e+00
     53.000    16.0138     0.2258    96.4717 7.8123e+01 2.2751e+03    238.187    16.0053    37.3549    27.5593 0.0000e+00
     54.000    15.9023     0.2296    96.3670 7.2896e+01 2.2722e+03    237.158    15.8936    37.3551    27.5854 0.0000e+00
     55.000    15.7230     0.2321    96.2351 6.9351e+01 2.2705e+03    239.440    15.7142    37.3391    27.6146 0.0000e+00
     56.000    15.8122     0.2339    96.2574 6.5352e+01 2.2723e+03    239.336    15.8032    37.4300    27.6640 0.0000e+00
     57.000    15.8034     0.2302    96.2768 6.0257e+01 2.2719e+03    237.714    15.7943    37.4575    27.6873 0.0000e+00
     58.000    15.6976     0.2343    96.2077 5.6738e+01 2.2761e+03    238.580    15.6884    37.4818    27.7305 0.0000e+00
     59.000    15.7312     0.2438    96.3005 5.4561e+01 2.2724e+03    238.436    15.7218    37.5220    27.7538 0.0000e+00
     60.000    15.6615     0.2472    96.3527 4.9555e+01 2.2706e+03    238.718    15.6519    37.5368    27.7813 0.0000e+00
     61.000    15.6794     0.2386    96.3248 4.8633e+01 2.2708e+03    239.784    15.6697    37.5804    27.8109 0.0000e+00
     62.000    15.6425     0.2486    96.3195 4.4676e+01 2.2713e+03    237.974    15.6327    37.6030    27.8368 0.0000e+00
     63.000    15.5256     0.2485    96.2007 4.1903e+01 2.2683e+03    235.970    15.5157    37.6004    27.8616 0.0000e+00
     64.000    15.4479     0.2573    96.0432 3.9822e+01 2.2745e+03    233.596    15.4378    37.6074    27.8848 0.0000e+00
     65.000    15.2743     0.2692    95.7132 3.7065e+01 2.2750e+03    227.577    15.2642    37.5761    27.9003 0.0000e+00
     66.000    15.1254     0.2916    95.3829 3.5098e+01 2.2726e+03    225.599    15.1151    37.5564    27.9188 0.0000e+00
     67.000    15.0960     0.3085    95.2857 3.2490e+01 2.2735e+03    226.043    15.0857    37.5696    27.9356 0.0000e+00
     68.000    15.0784     0.3349    95.0576 2.9926e+01 2.2701e+03    225.307    15.0679    37.5808    27.9482 0.0000e+00
     69.000    15.0851     0.3359    95.0299 2.7476e+01 2.2727e+03    226.266    15.0744    37.5960    27.9585 0.0000e+00
     70.000    15.1626     0.3511    95.0754 2.4997e+01 2.2698e+03    230.362    15.1517    37.6485    27.9816 0.0000e+00
     71.000    15.1983     0.3357    95.3796 2.2772e+01 2.2706e+03    229.973    15.1872    37.6683    27.9888 0.0000e+00
     72.000    15.1246     0.3344    95.4392 2.0870e+01 2.2720e+03    225.835    15.1134    37.6811    28.0154 0.0000e+00
     73.000    15.0409     0.3606    94.9077 1.9109e+01 2.2684e+03    220.698    15.0296    37.6931    28.0436 0.0000e+00
     74.000    14.9603     0.4347    94.5034 1.7716e+01 2.2690e+03    216.794    14.9489    37.6966    28.0643 0.0000e+00
     75.000    14.9556     0.5280    94.1427 1.5884e+01 2.2725e+03    218.568    14.9441    37.7123    28.0776 0.0000e+00
     76.000    14.9614     0.5709    94.4871 1.4321e+01 2.2721e+03    218.602    14.9497    37.7261    28.0870 0.0000e+00
     77.000    14.9318     0.5049    94.5333 1.2912e+01 2.2716e+03    216.448    14.9200    37.7291    28.0959 0.0000e+00
     78.000    14.8960     0.4912    94.6224 1.1431e+01 2.2725e+03    213.344    14.8840    37.7330    28.1071 0.0000e+00
     79.000    14.8550     0.5010    94.4699 1.0378e+01 2.2738e+03    211.710    14.8429    37.7556    28.1336 0.0000e+00
     80.000    14.8288     0.5037    95.1143 9.2331e+00 2.2702e+03    211.002    14.8166    37.7761    28.1554 0.0000e+00
     81.000    14.8142     0.4777    95.4024 8.2072e+00 2.2736e+03    208.774    14.8018    37.7859    28.1663 0.0000e+00
     82.000    14.7706     0.4678    95.3994 7.3438e+00 2.2714e+03    203.852    14.7581    37.7927    28.1812 0.0000e+00
     83.000    14.7422     0.4546    95.3878 6.6617e+00 2.2720e+03    202.566    14.7296    37.8068    28.1985 0.0000e+00
     84.000    14.7211     0.4369    95.6249 6.0134e+00 2.2732e+03    200.450    14.7083    37.8183    28.2121 0.0000e+00
     85.000    14.6882     0.4011    96.0758 5.4505e+00 2.2727e+03    198.034    14.6753    37.8357    28.2328 0.0000e+00
     86.000    14.6817     0.3793    96.2705 4.9416e+00 2.2726e+03    198.162    14.6686    37.8409    28.2384 0.0000e+00
     87.000    14.6693     0.3557    96.3896 4.5550e+00 2.2730e+03    199.165    14.6561    37.8524    28.2500 0.0000e+00
     88.000    14.6426     0.3418    96.3620 4.1874e+00 2.2728e+03    199.788    14.6293    37.8752    28.2736 0.0000e+00
     89.000    14.6173     0.3338    96.5193 3.9164e+00 2.2704e+03    201.736    14.6037    37.8930    28.2930 0.0000e+00
     90.000    14.6101     0.3453    96.5834 3.6032e+00 2.2734e+03    203.256    14.5965    37.8995    28.2996 0.0000e+00
     91.000    14.5966     0.3321    96.7229 3.3665e+00 2.2739e+03    204.816    14.5827    37.9072    28.3087 0.0000e+00
     92.000    14.5758     0.3047    96.8028 3.1234e+00 2.2755e+03    206.055    14.5619    37.9197    28.3230 0.0000e+00
     93.000    14.5673     0.2971    96.8567 2.9307e+00 2.2734e+03    206.488    14.5532    37.9257    28.3295 0.0000e+00
     94.000    14.5599     0.3010    96.8790 2.7152e+00 2.2696e+03    206.103    14.5456    37.9328    28.3366 0.0000e+00
     95.000    14.5542     0.2977    96.9105 2.5428e+00 2.2709e+03    207.080    14.5398    37.9417    28.3448 0.0000e+00
     96.000    14.5308     0.2916    96.7949 2.3750e+00 2.2679e+03    208.159    14.5163    37.9506    28.3569 0.0000e+00
     97.000    14.5154     0.3004    96.8774 2.2117e+00 2.2686e+03    207.563    14.5007    37.9587    28.3666 0.0000e+00
     98.000    14.4992     0.2962    97.0672 2.0672e+00 2.2738e+03    206.774    14.4844    37.9708    28.3796 0.0000e+00
     99.000    14.4624     0.3021    97.1365 1.9255e+00 2.2685e+03    202.534    14.4474    37.9813    28.3958 0.0000e+00
    100.000    14.4262     0.2936    97.1841 1.8053e+00 2.2692e+03    198.185    14.4111    37.9942    28.4138 0.0000e+00
    101.000    14.4042     0.2804    97.2588 1.6858e+00 2.2718e+03    197.635    14.3890    38.0029    28.4254 0.0000e+00
    102.000    14.3937     0.2658    97.2458 1.5831e+00 2.2688e+03    197.586    14.3784    38.0083    28.4318 0.0000e+00
    103.000    14.3785     0.2684    97.2096 1.4834e+00 2.2699e+03    196.866    14.3630    38.0147    28.4402 0.0000e+00
    104.000    14.3618     0.2659    97.2440 1.3988e+00 2.2685e+03    196.612    14.3462    38.0256    28.4523 0.0000e+00
    105.000    14.3439     0.3367    97.2559 1.3135e+00 2.2697e+03    195.303    14.3282    38.0359    28.4642 0.0000e+00
    106.000    14.3365     0.3084    97.2912 1.2309e+00 2.2681e+03    196.576    14.3206    38.0394    28.4686 0.0000e+00
    107.000    14.3321     0.2733    97.3170 1.1629e+00 2.2749e+03    197.664    14.3160    38.0423    28.4718 0.0000e+00
    108.000    14.3070     0.2536    97.3611 1.0960e+00 2.2728e+03    197.800    14.2907    38.0531    28.4857 0.0000e+00
    109.000    14.2920     0.2422    97.4065 1.0359e+00 2.2747e+03    197.808    14.2757    38.0615    28.4955 0.0000e+00
    110.000    14.2844     0.2373    97.4713 9.7598e-01 2.2701e+03    197.853    14.2678    38.0669    28.5014 0.0000e+00
    111.000    14.2794     0.2366    97.4842 9.2212e-01 2.2712e+03    198.495    14.2628    38.0714    28.5060 0.0000e+00
    112.000    14.2767     0.2396    97.5087 8.6934e-01 2.2725e+03    200.057    14.2599    38.0785    28.5122 0.0000e+00
    113.000    14.2673     0.2360    97.5104 8.2000e-01 2.2705e+03    200.803    14.2504    38.0870    28.5208 0.0000e+00
    114.000    14.2477     0.2364    97.4816 7.7924e-01 2.2711e+03    200.383    14.2306    38.0958    28.5319 0.0000e+00
    115.000    14.2413     0.2354    97.4997 7.3722e-01 2.2676e+03    200.378    14.2241    38.0979    28.5350 0.0000e+00
    116.000    14.2382     0.2330    97.5379 6.9935e-01 2.2682e+03    200.239    14.2209    38.0994    28.5368 0.0000e+00
    117.000    14.2357     0.2311    97.5607 6.6417e-01 2.2713e+03    200.580    14.2182    38.1018    28.5393 0.0000e+00
    118.000    14.2240     0.2318    97.5558 6.3072e-01 2.2707e+03    199.131    14.2064    38.1072    28.5460 0.0000e+00
    119.000    14.1691     0.2215    97.6373 5.9771e-01 2.2696e+03    196.721    14.1513    38.1232    28.5704 0.0000e+00
    120.000    14.1456     0.2181    97.6726 5.6747e-01 2.2681e+03    195.781    14.1277    38.1301    28.5809 0.0000e+00
    121.000    14.1256     0.2125    97.7014 5.3993e-01 2.2655e+03    196.139    14.1076    38.1351    28.5891 0.0000e+00
    122.000    14.1173     0.2125    97.7158 5.1415e-01 2.2713e+03    195.514    14.0991    38.1377    28.5930 0.0000e+00
    123.000    14.0874     0.2107    97.7483 4.8675e-01 2.2694e+03    192.455    14.0691    38.1451    28.6052 0.0000e+00
    124.000    14.0704     0.2044    97.7711 4.6388e-01 2.2691e+03    192.275    14.0519    38.1518    28.6142 0.0000e+00
    125.000    14.0636     0.2007    97.7534 4.4231e-01 2.2676e+03    191.373    14.0450    38.1555    28.6185 0.0000e+00
    126.000    14.0468     0.2072    97.7906 4.2318e-01 2.2726e+03    188.832    14.0281    38.1571    28.6234 0.0000e+00
    127.000    14.0337     0.2049    97.7952 4.0753e-01 2.2688e+03    189.863    14.0149    38.1645    28.6320 0.0000e+00
    128.000    14.0240     0.2021    97.7911 3.8991e-01 2.2699e+03    190.076    14.0050    38.1690    28.6377 0.0000e+00
    129.000    14.0149     0.1973    97.8165 3.7524e-01 2.2675e+03    189.573    13.9958    38.1716    28.6416 0.0000e+00
    130.000    14.0087     0.1955    97.8180 3.5944e-01 2.2728e+03    191.087    13.9894    38.1737    28.6447 0.0000e+00
    131.000    14.0027     0.2019    97.7904 3.4316e-01 2.2687e+03    192.575    13.9832    38.1828    28.6530 0.0000e+00
    132.000    13.9941     0.2067    97.7885 3.2838e-01 2.2683e+03    192.347    13.9745    38.1861    28.6575 0.0000e+00
    133.000    13.9857     0.2014    97.8001 3.1592e-01 2.2723e+03    192.093    13.9660    38.1882    28.6610 0.0000e+00
