Data/ruptures/PEACETIME/FAST/PEACETIME_FAST_CTD_075.cnv
* Sea-Bird SBE 9 Data File:
* FileName = C:\CTD\rawCTD\PEACETIME_FAST_CTD_075.hdr
* Software Version Seasave V 7.23.2
* Temperature SN = 1378
* Conductivity SN = 2929
* Number of Bytes Per Scan = 38
* Number of Voltage Words = 5
* Number of Scans Averaged by the Deck Unit = 1
* NMEA Latitude = 37 56.79 N
* NMEA Longitude = 002 55.01 E
* NMEA UTC (Time) = Jun 06 2017  04:37:41
* NMEA baud rate = 4800
** Cruise:   PEACETIME
** Station:   FAST_CTD_075
# nquan = 11
# nvalues = 2822                        
# units = specified
# name 0 = prDM: Pressure, Digiquartz [db]
# name 1 = t090C: Temperature [ITS-90, deg C]
# name 2 = flC: Fluorescence, Chelsea Aqua 3 Chl Con [ug/l]
# name 3 = CStarTr0: Beam Transmission, WET Labs C-Star [%]
# name 4 = par: PAR/Irradiance, Biospherical/Licor
# name 5 = spar: SPAR/Surface Irradiance
# name 6 = sbeox0Mm/Kg: Oxygen, SBE 43 [umol/kg]
# name 7 = potemp090C: Potential Temperature [ITS-90, deg C]
# name 8 = sal00: Salinity, Practical [PSU]
# name 9 = sigma-é00: Density [sigma-theta, kg/m^3]
# name 10 = flag:
# span 0 =      2.000,   2823.000       
# span 1 =    13.1244,    21.3350       
# span 2 =     0.1702,     0.3354       
# span 3 =    95.4736,    98.3430       
# span 4 = -9.482e-06, 1.5477e+01       
# span 5 = 6.3399e+01, 1.2977e+03       
# span 6 =    152.508,    238.807       
# span 7 =    12.9040,    21.3333       
# span 8 =    36.9983,    38.5923       
# span 9 =    25.9798,    29.1161       
# span 10 = 0.0000e+00, 0.0000e+00      
# interval = decibars: 1                
# start_time = Jun 06 2017 04:38:39 [NMEA time, first data scan]
# bad_flag = -9.990e-29
*END*
      2.000    21.3270     0.2037    96.8039 1.5477e+01 6.3399e+01    209.988    21.3266    37.0707    25.9811 0.0000e+00
      3.000    21.3257     0.2115    96.8393 1.3002e+01 6.5798e+01    210.344    21.3252    37.0709    25.9816 0.0000e+00
      4.000    21.3287     0.1993    96.8418 1.1910e+01 6.9134e+01    209.876    21.3280    37.0712    25.9810 0.0000e+00
      5.000    21.3252     0.1962    96.8656 1.1141e+01 6.6529e+01    210.078    21.3242    37.0709    25.9819 0.0000e+00
      6.000    21.3245     0.2036    96.8629 9.6217e+00 6.7646e+01    209.887    21.3233    37.0709    25.9821 0.0000e+00
      7.000    21.3200     0.2020    96.8578 9.4183e+00 6.9001e+01    210.302    21.3186    37.0707    25.9832 0.0000e+00
      8.000    21.3267     0.2034    96.8552 8.4370e+00 7.1806e+01    210.225    21.3251    37.0714    25.9820 0.0000e+00
      9.000    21.3350     0.2008    96.8500 7.7506e+00 6.8018e+01    209.953    21.3333    37.0715    25.9798 0.0000e+00
     10.000    21.3180     0.2013    96.8441 7.3997e+00 6.8953e+01    209.997    21.3161    37.0708    25.9840 0.0000e+00
     11.000    21.3121     0.2020    96.8381 7.3197e+00 6.7001e+01    210.237    21.3099    37.0702    25.9853 0.0000e+00
     12.000    21.3091     0.1954    96.8502 6.7995e+00 7.0473e+01    211.277    21.3067    37.0704    25.9863 0.0000e+00
     13.000    21.3119     0.2012    96.8536 6.3355e+00 6.7518e+01    211.560    21.3093    37.0703    25.9855 0.0000e+00
     14.000    21.2973     0.2006    96.8390 6.0189e+00 7.1129e+01    211.410    21.2945    37.0698    25.9893 0.0000e+00
     15.000    21.2917     0.2021    96.8454 5.7575e+00 6.7168e+01    211.760    21.2888    37.0694    25.9905 0.0000e+00
     16.000    21.2137     0.1984    96.8374 5.4599e+00 6.7186e+01    211.627    21.2106    37.0691    26.0119 0.0000e+00
     17.000    21.1699     0.1979    96.8205 5.1168e+00 6.7266e+01    211.140    21.1666    37.0652    26.0211 0.0000e+00
     18.000    20.8212     0.2027    96.7598 5.1218e+00 6.8863e+01    212.280    20.8178    37.0541    26.1083 0.0000e+00
     19.000    20.5126     0.2025    96.7033 4.6293e+00 6.7850e+01    215.490    20.5090    37.0595    26.1968 0.0000e+00
     20.000    20.4716     0.2038    96.6475 4.5574e+00 6.9867e+01    216.350    20.4678    37.0601    26.2084 0.0000e+00
     21.000    20.4228     0.2035    96.6922 4.4286e+00 7.1979e+01    216.124    20.4188    37.0636    26.2244 0.0000e+00
     22.000    20.2844     0.2002    96.7628 4.0907e+00 7.1544e+01    216.916    20.2802    37.0654    26.2630 0.0000e+00
     23.000    20.0949     0.1983    96.8390 4.0205e+00 7.3170e+01    217.630    20.0906    37.0689    26.3166 0.0000e+00
     24.000    19.7882     0.1998    96.8268 3.8936e+00 7.1006e+01    219.845    19.7838    37.0744    26.4026 0.0000e+00
     25.000    19.5746     0.1953    96.8925 3.6335e+00 7.3095e+01    221.528    19.5700    37.0580    26.4465 0.0000e+00
     26.000    19.4755     0.1971    96.8798 3.5778e+00 7.1931e+01    222.810    19.4707    37.0555    26.4706 0.0000e+00
     27.000    19.2714     0.2038    96.8438 3.3939e+00 7.8243e+01    222.043    19.2665    37.0442    26.5153 0.0000e+00
     28.000    18.6446     0.2050    96.8461 3.2995e+00 7.6538e+01    226.925    18.6397    37.0169    26.6562 0.0000e+00
     29.000    18.4052     0.2040    96.8803 3.1646e+00 7.3554e+01    230.203    18.4001    37.0161    26.7166 0.0000e+00
     30.000    18.3701     0.1992    96.8921 3.0453e+00 7.7816e+01    230.778    18.3648    37.0232    26.7309 0.0000e+00
     31.000    18.1129     0.1983    96.9539 2.9492e+00 7.5001e+01    231.557    18.1075    36.9983    26.7766 0.0000e+00
     32.000    18.0136     0.1990    96.9695 2.8413e+00 7.5548e+01    233.347    18.0081    37.0113    26.8115 0.0000e+00
     33.000    18.1426     0.2057    96.9849 2.7537e+00 7.8126e+01    232.879    18.1368    37.1294    26.8698 0.0000e+00
     34.000    18.1372     0.2017    97.0246 2.6420e+00 7.8712e+01    232.643    18.1312    37.1712    26.9033 0.0000e+00
     35.000    18.0812     0.2021    97.0089 2.5669e+00 7.8569e+01    230.607    18.0751    37.2301    26.9625 0.0000e+00
     36.000    17.8083     0.2020    96.9460 2.4866e+00 7.7487e+01    231.056    17.8021    37.2431    27.0406 0.0000e+00
     37.000    17.6470     0.2076    96.9178 2.3685e+00 7.4780e+01    232.501    17.6407    37.2499    27.0858 0.0000e+00
     38.000    17.4845     0.2092    96.8619 2.3056e+00 7.3435e+01    232.951    17.4780    37.2323    27.1123 0.0000e+00
     39.000    17.2305     0.2059    96.7975 2.2173e+00 7.7492e+01    234.034    17.2239    37.1810    27.1352 0.0000e+00
     40.000    17.1377     0.2080    96.8169 2.1152e+00 7.5317e+01    235.321    17.1310    37.1685    27.1481 0.0000e+00
     41.000    17.1154     0.2044    96.7860 2.0381e+00 7.5599e+01    235.919    17.1086    37.1719    27.1562 0.0000e+00
     42.000    17.0477     0.2063    96.7986 1.9544e+00 7.7823e+01    236.193    17.0407    37.1765    27.1762 0.0000e+00
     43.000    17.0642     0.2085    96.8272 1.8666e+00 7.4332e+01    237.073    17.0570    37.2055    27.1945 0.0000e+00
     44.000    17.1062     0.2080    96.8668 1.7871e+00 7.7490e+01    237.144    17.0988    37.2560    27.2232 0.0000e+00
     45.000    17.0942     0.2034    96.8798 1.7088e+00 7.5640e+01    235.157    17.0866    37.2800    27.2446 0.0000e+00
     46.000    16.9591     0.2042    96.8321 1.6366e+00 7.5815e+01    235.187    16.9514    37.2734    27.2722 0.0000e+00
     47.000    16.7672     0.2096    96.8063 1.5625e+00 7.2501e+01    237.048    16.7595    37.2595    27.3077 0.0000e+00
     48.000    16.6514     0.2113    96.7992 1.4896e+00 7.5526e+01    237.341    16.6434    37.2538    27.3310 0.0000e+00
     49.000    16.4978     0.2065    96.8287 1.4263e+00 7.4310e+01    237.312    16.4898    37.3042    27.4063 0.0000e+00
     50.000    16.4163     0.2102    96.8182 1.3566e+00 7.1395e+01    236.917    16.4082    37.3293    27.4450 0.0000e+00
     51.000    16.2400     0.2147    96.7942 1.2934e+00 7.3952e+01    238.807    16.2317    37.3340    27.4902 0.0000e+00
     52.000    16.2070     0.2138    96.8470 1.2341e+00 7.0378e+01    237.678    16.1985    37.3719    27.5272 0.0000e+00
     53.000    16.0462     0.2162    96.8173 1.1749e+00 7.3440e+01    236.848    16.0377    37.3604    27.5560 0.0000e+00
     54.000    15.9103     0.2213    96.7392 1.1160e+00 7.2105e+01    238.182    15.9017    37.3403    27.5721 0.0000e+00
     55.000    15.8646     0.2237    96.7283 1.0619e+00 7.2837e+01    237.836    15.8558    37.3355    27.5791 0.0000e+00
     56.000    15.7763     0.2221    96.6964 9.9957e-01 7.4405e+01    237.654    15.7674    37.3494    27.6102 0.0000e+00
     57.000    15.7360     0.2176    96.6220 9.4520e-01 7.2866e+01    236.608    15.7269    37.3498    27.6198 0.0000e+00
     58.000    15.5159     0.2313    96.3293 8.9856e-01 7.1079e+01    235.014    15.5067    37.3501    27.6706 0.0000e+00
     59.000    15.4669     0.2346    96.2478 8.4260e-01 7.3962e+01    236.618    15.4576    37.3794    27.7044 0.0000e+00
     60.000    15.4897     0.2413    96.2577 7.8831e-01 7.3499e+01    236.085    15.4803    37.3887    27.7064 0.0000e+00
     61.000    15.3628     0.2541    95.7725 7.4552e-01 7.3434e+01    236.716    15.3532    37.4237    27.7624 0.0000e+00
     62.000    15.3348     0.2670    95.5349 6.9524e-01 7.3050e+01    236.482    15.3252    37.4513    27.7901 0.0000e+00
     63.000    15.3321     0.2690    95.5590 6.4607e-01 7.2208e+01    234.930    15.3222    37.4668    27.8027 0.0000e+00
     64.000    15.3387     0.2760    95.5172 6.0297e-01 7.3540e+01    233.360    15.3287    37.5233    27.8448 0.0000e+00
     65.000    15.2648     0.2769    95.6264 5.6040e-01 7.5949e+01    232.142    15.2546    37.5505    27.8826 0.0000e+00
     66.000    15.3027     0.2838    95.7244 5.1596e-01 7.3090e+01    231.534    15.2924    37.5898    27.9044 0.0000e+00
     67.000    15.1833     0.2892    95.5727 4.7896e-01 7.6752e+01    228.141    15.1729    37.6181    27.9533 0.0000e+00
     68.000    15.1764     0.3325    95.4736 4.4325e-01 7.4995e+01    230.415    15.1658    37.6479    27.9779 0.0000e+00
     69.000    15.2049     0.3354    95.7630 4.0537e-01 7.1079e+01    232.261    15.1942    37.6681    27.9871 0.0000e+00
     70.000    15.1594     0.2935    96.4853 3.7609e-01 7.1680e+01    230.553    15.1485    37.6818    28.0080 0.0000e+00
     71.000    15.1011     0.2678    96.6554 3.4760e-01 7.2753e+01    230.437    15.0901    37.7065    28.0403 0.0000e+00
     72.000    15.0929     0.2591    96.7012 3.2176e-01 7.3434e+01    230.723    15.0817    37.7167    28.0500 0.0000e+00
     73.000    15.1141     0.2527    96.6402 3.0142e-01 7.5813e+01    230.720    15.1028    37.7055    28.0366 0.0000e+00
     74.000    15.0866     0.2522    96.7013 2.8391e-01 7.5175e+01    230.469    15.0752    37.7494    28.0767 0.0000e+00
     75.000    15.0705     0.2533    96.6435 2.6569e-01 7.4705e+01    229.914    15.0589    37.7596    28.0883 0.0000e+00
     76.000    15.0477     0.2638    96.6200 2.4880e-01 7.3926e+01    229.036    15.0359    37.7530    28.0883 0.0000e+00
     77.000    14.9930     0.2840    96.3107 2.3552e-01 7.4686e+01    228.279    14.9811    37.7716    28.1150 0.0000e+00
     78.000    14.9916     0.2955    96.5939 2.1747e-01 7.4634e+01    228.828    14.9795    37.8024    28.1392 0.0000e+00
     79.000    14.9661     0.2811    96.7278 2.0168e-01 7.4398e+01    227.674    14.9539    37.8189    28.1577 0.0000e+00
     80.000    14.9327     0.2735    96.7578 1.8867e-01 7.7004e+01    226.816    14.9203    37.8297    28.1735 0.0000e+00
     81.000    14.8981     0.2769    96.7831 1.7300e-01 7.6943e+01    225.698    14.8856    37.8447    28.1930 0.0000e+00
     82.000    14.8473     0.2775    96.8518 1.5846e-01 7.6023e+01    221.391    14.8347    37.8501    28.2085 0.0000e+00
     83.000    14.7381     0.2918    96.4938 1.4699e-01 7.7095e+01    216.632    14.7254    37.8451    28.2290 0.0000e+00
     84.000    14.7372     0.3128    96.6267 1.3678e-01 7.5976e+01    215.449    14.7244    37.8595    28.2404 0.0000e+00
     85.000    14.7356     0.3072    96.6177 1.2726e-01 7.7016e+01    214.977    14.7226    37.8605    28.2415 0.0000e+00
     86.000    14.7029     0.3157    96.7575 1.1666e-01 7.3485e+01    214.413    14.6898    37.8751    28.2601 0.0000e+00
     87.000    14.6944     0.3186    96.8096 1.0774e-01 7.5386e+01    216.862    14.6812    37.8874    28.2715 0.0000e+00
     88.000    14.6934     0.3072    96.9681 9.9371e-02 7.4732e+01    216.722    14.6800    37.8923    28.2756 0.0000e+00
     89.000    14.6820     0.3037    96.9220 8.9538e-02 7.3977e+01    214.364    14.6684    37.8948    28.2801 0.0000e+00
     90.000    14.6555     0.3222    96.7688 8.3531e-02 7.6193e+01    213.716    14.6418    37.9053    28.2940 0.0000e+00
     91.000    14.6556     0.3114    96.9948 7.6876e-02 8.2625e+01    214.989    14.6417    37.9148    28.3015 0.0000e+00
     92.000    14.6428     0.2896    97.1986 7.3238e-02 7.5293e+01    214.612    14.6288    37.9239    28.3113 0.0000e+00
     93.000    14.6318     0.2937    97.3157 6.8032e-02 7.5843e+01    212.928    14.6176    37.9270    28.3162 0.0000e+00
     94.000    14.5933     0.2773    97.2989 6.0935e-02 7.9676e+01    211.940    14.5791    37.9328    28.3292 0.0000e+00
     95.000    14.5797     0.2837    97.2651 5.7039e-02 7.5826e+01    211.516    14.5652    37.9425    28.3398 0.0000e+00
     96.000    14.5782     0.2895    97.2856 5.1586e-02 7.8242e+01    210.633    14.5636    37.9449    28.3420 0.0000e+00
     97.000    14.5284     0.2869    97.2835 4.8899e-02 7.5432e+01    207.957    14.5137    37.9657    28.3691 0.0000e+00
     98.000    14.4980     0.2900    97.2047 4.3032e-02 7.6578e+01    208.080    14.4832    37.9793    28.3864 0.0000e+00
     99.000    14.4849     0.2862    97.1910 3.9224e-02 7.9036e+01    206.325    14.4699    37.9894    28.3971 0.0000e+00
    100.000    14.4706     0.2906    97.1456 3.6017e-02 7.7368e+01    205.400    14.4555    38.0037    28.4114 0.0000e+00
    101.000    14.4632     0.2964    97.2133 3.2500e-02 7.7659e+01    205.435    14.4479    38.0113    28.4189 0.0000e+00
    102.000    14.4478     0.2778    97.1855 3.0359e-02 7.8674e+01    205.965    14.4323    38.0197    28.4288 0.0000e+00
    103.000    14.4948     0.2918    97.2273 2.8952e-02 7.9061e+01    206.375    14.4792    37.9926    28.3975 0.0000e+00
    104.000    14.4253     0.2810    97.2733 2.3996e-02 7.7074e+01    203.720    14.4096    38.0288    28.4409 0.0000e+00
    105.000    14.3743     0.2756    97.3367 2.2104e-02 8.3009e+01    202.270    14.3585    38.0452    28.4648 0.0000e+00
    106.000    14.3506     0.2676    97.4518 2.0591e-02 8.5244e+01    201.543    14.3346    38.0527    28.4758 0.0000e+00
    107.000    14.3361     0.2502    97.4092 1.9141e-02 8.0327e+01    200.857    14.3200    38.0575    28.4828 0.0000e+00
    108.000    14.3130     0.2549    97.4470 1.7027e-02 8.4699e+01    199.650    14.2968    38.0661    28.4945 0.0000e+00
    109.000    14.3023     0.2517    97.4701 1.6522e-02 7.9671e+01    199.620    14.2859    38.0690    28.4991 0.0000e+00
    110.000    14.2943     0.2493    97.5060 1.5669e-02 7.9977e+01    201.123    14.2778    38.0752    28.5057 0.0000e+00
    111.000    14.2866     0.2452    97.5194 1.2912e-02 8.2211e+01    200.901    14.2700    38.0829    28.5133 0.0000e+00
    112.000    14.2637     0.2428    97.5343 1.0953e-02 7.9259e+01    199.388    14.2469    38.0874    28.5219 0.0000e+00
    113.000    14.2496     0.2456    97.5361 9.5863e-03 8.3380e+01    197.964    14.2327    38.0962    28.5318 0.0000e+00
    114.000    14.2300     0.2412    97.6025 7.8587e-03 8.3746e+01    197.686    14.2129    38.0999    28.5389 0.0000e+00
    115.000    14.2164     0.2370    97.6200 5.7573e-03 8.3466e+01    197.766    14.1992    38.1076    28.5479 0.0000e+00
    116.000    14.2085     0.2359    97.6671 5.0738e-03 7.9270e+01    196.912    14.1911    38.1136    28.5543 0.0000e+00
    117.000    14.1900     0.2378    97.6924 5.5980e-03 7.6495e+01    196.518    14.1725    38.1157    28.5600 0.0000e+00
    118.000    14.1596     0.2368    97.7293 2.4548e-03 8.2602e+01    196.192    14.1420    38.1238    28.5729 0.0000e+00
    119.000    14.1442     0.2314    97.7578 4.2156e-03 8.3567e+01    195.737    14.1265    38.1266    28.5785 0.0000e+00
    120.000    14.1346     0.2271    97.7712 3.4183e-03 8.1217e+01    195.169    14.1167    38.1291    28.5826 0.0000e+00
    121.000    14.1286     0.2196    97.7771 2.9848e-03 7.8013e+01    195.571    14.1105    38.1333    28.5871 0.0000e+00
    122.000    14.1201     0.2184    97.7827 1.5488e-03 8.3969e+01    194.996    14.1019    38.1404    28.5945 0.0000e+00
    123.000    14.0927     0.2163    97.7915 1.4646e-03 8.2529e+01    192.416    14.0743    38.1425    28.6021 0.0000e+00
    124.000    14.0795     0.2104    97.8328 1.8505e-03 7.9835e+01    190.369    14.0610    38.1446    28.6066 0.0000e+00
    125.000    14.0735     0.2073    97.8629 1.3794e-03 8.7277e+01    191.148    14.0549    38.1466    28.6095 0.0000e+00
    126.000    14.0580     0.2066    97.8653 6.2273e-04 8.0907e+01    191.196    14.0393    38.1530    28.6178 0.0000e+00
    127.000    14.0362     0.2062    97.8956 9.1801e-04 7.7181e+01    189.668    14.0173    38.1600    28.6280 0.0000e+00
    128.000    14.0222     0.2030    97.9023 9.3180e-04 8.1370e+01    188.781    14.0032    38.1632    28.6335 0.0000e+00
    129.000    14.0096     0.2049    97.8937 8.2647e-04 8.4478e+01    189.897    13.9905    38.1675    28.6396 0.0000e+00
    130.000    13.9953     0.1970    97.8921 9.1173e-04 8.1273e+01    192.580    13.9761    38.1744    28.6481 0.0000e+00
    131.000    13.9898     0.2025    97.9012 9.5868e-04 8.1276e+01    192.766    13.9704    38.1784    28.6524 0.0000e+00
    132.000    13.9869     0.2012    97.9205 1.0725e-06 8.2478e+01    192.836    13.9674    38.1801    28.6544 0.0000e+00
