Data/ruptures/PEACETIME/FAST/PEACETIME_FAST_CTD_090.cnv
* Sea-Bird SBE 9 Data File:
* FileName = C:\CTD\rawCTD\PEACETIME_FAST_CTD_090.hdr
* Software Version Seasave V 7.23.2
* Temperature SN = 1378
* Conductivity SN = 2929
* Number of Bytes Per Scan = 38
* Number of Voltage Words = 5
* Number of Scans Averaged by the Deck Unit = 1
* NMEA Latitude = 37 56.81 N
* NMEA Longitude = 002 54.94 E
* NMEA UTC (Time) = Jun 09 2017  02:40:30
* NMEA baud rate = 4800
** Cruise:   PEACETIME
** Station:   FAST_CTD_090
# nquan = 11
# nvalues = 498                         
# units = specified
# name 0 = prDM: Pressure, Digiquartz [db]
# name 1 = t090C: Temperature [ITS-90, deg C]
# name 2 = flC: Fluorescence, Chelsea Aqua 3 Chl Con [ug/l]
# name 3 = CStarTr0: Beam Transmission, WET Labs C-Star [%]
# name 4 = par: PAR/Irradiance, Biospherical/Licor
# name 5 = spar: SPAR/Surface Irradiance
# name 6 = sbeox0Mm/Kg: Oxygen, SBE 43 [umol/kg]
# name 7 = potemp090C: Potential Temperature [ITS-90, deg C]
# name 8 = sal00: Salinity, Practical [PSU]
# name 9 = sigma-é00: Density [sigma-theta, kg/m^3]
# name 10 = flag:
# span 0 =      3.000,    500.000       
# span 1 =    13.4539,    21.5563       
# span 2 =     0.1763,     0.3979       
# span 3 =    94.6848,    98.1494       
# span 4 = -1.151e-05, 1.7362e-01       
# span 5 = 1.2269e+00, 5.1693e+00       
# span 6 =    151.963,    240.503       
# span 7 =    13.3806,    21.5541       
# span 8 =    37.0335,    38.5954       
# span 9 =    25.9491,    29.0895       
# span 10 = 0.0000e+00, 0.0000e+00      
# interval = decibars: 1                
# start_time = Jun 09 2017 02:40:31 [NMEA time, first data scan]
# bad_flag = -9.990e-29
*END*
[from data line 394]
    397.000    13.5307     0.1828    98.1459 2.5349e-03 2.4226e+00    152.801    13.4723    38.5832    29.0728 0.0000e+00
    398.000    13.5278     0.1817 -9.990e-29 1.0622e-03 3.3353e+00    152.553    13.4694    38.5826    29.0730 0.0000e+00
    399.000    13.5243     0.1858 -9.990e-29 1.3212e-03 3.0296e+00    152.564    13.4657    38.5821    29.0734 0.0000e+00
    400.000    13.5212     0.1807 -9.990e-29 2.1260e-03 2.3161e+00    152.612    13.4624    38.5816    29.0736 0.0000e+00
    401.000    13.5196     0.1841 -9.990e-29 1.3719e-03 1.7230e+00    152.752    13.4607    38.5814    29.0738 0.0000e+00
    402.000    13.5183     0.1897 -9.990e-29 1.9331e-03 3.2710e+00    152.608    13.4592    38.5813    29.0741 0.0000e+00
    403.000    13.5173     0.1894    98.1399 1.2362e-03 2.7439e+00    152.790    13.4582    38.5815    29.0745 0.0000e+00
    404.000    13.5172     0.1864    98.1429 1.8233e-03 2.3965e+00    152.896    13.4579    38.5815    29.0745 0.0000e+00
    405.000    13.5172     0.1876    98.1293 3.9173e-03 2.3577e+00    152.454    13.4577    38.5820    29.0750 0.0000e+00
    406.000    13.5165     0.1812    98.1393 1.4886e-03 2.1126e+00    152.811    13.4569    38.5822    29.0753 0.0000e+00
    407.000    13.5158     0.1856    98.1355 1.9234e-03 1.4831e+00    152.958    13.4560    38.5821    29.0754 0.0000e+00
    408.000    13.5129     0.1884    98.1390 1.6661e-03 3.0163e+00    152.923    13.4530    38.5815    29.0755 0.0000e+00
    409.000    13.5124     0.1827    98.1360 1.5104e-03 2.6162e+00    152.894    13.4523    38.5817    29.0759 0.0000e+00
    410.000    13.5169     0.1797    98.1360 3.7495e-03 1.8452e+00    153.223    13.4567    38.5836    29.0764 0.0000e+00
    411.000    13.5171     0.1834    98.1450 4.6113e-03 2.2812e+00    153.105    13.4568    38.5841    29.0767 0.0000e+00
    412.000    13.5196     0.1878    98.1428 3.4361e-03 3.3521e+00    153.301    13.4590    38.5853    29.0772 0.0000e+00
    413.000    13.5197     0.1843    98.1380 2.8251e-03 2.4431e+00    153.321    13.4590    38.5852    29.0772 0.0000e+00
    414.000    13.5207     0.1807    98.1426 3.2329e-03 3.4543e+00    153.024    13.4598    38.5856    29.0773 0.0000e+00
    415.000    13.5266     0.1823    98.1422 2.3181e-03 1.8484e+00    153.395    13.4656    38.5872    29.0773 0.0000e+00
    416.000    13.5281     0.1830    98.1410 1.2541e-03 3.3331e+00    153.651    13.4669    38.5875    29.0773 0.0000e+00
    417.000    13.5469     0.1869    98.1427 2.9671e-03 3.0581e+00    153.849    13.4856    38.5948    29.0789 0.0000e+00
    418.000    13.5509     0.1866    98.1409 2.5924e-03 2.8418e+00    153.767    13.4894    38.5954    29.0786 0.0000e+00
    419.000    13.5483     0.1837    98.1334 1.2665e-03 3.6623e+00    153.770    13.4866    38.5949    29.0788 0.0000e+00
    420.000    13.5416     0.1828 -9.990e-29 1.7076e-03 3.5318e+00    153.947    13.4798    38.5933    29.0790 0.0000e+00
    421.000    13.5434     0.1857 -9.990e-29 1.5086e-03 1.8676e+00    153.945    13.4814    38.5940    29.0792 0.0000e+00
    422.000    13.5442     0.1871    98.1389 2.1428e-03 3.6890e+00    153.722    13.4821    38.5942    29.0792 0.0000e+00
    423.000    13.5452     0.1854    98.1397 3.9345e-04 2.2287e+00    153.940    13.4830    38.5948    29.0795 0.0000e+00
    424.000    13.5434     0.1845    98.1388 9.5381e-04 3.8409e+00    154.105    13.4810    38.5946    29.0798 0.0000e+00
    425.000    13.5350     0.1856    98.1409 6.5990e-04 2.5270e+00    153.698    13.4725    38.5929    29.0802 0.0000e+00
    426.000    13.5325     0.1875    98.1333 1.9663e-03 3.0094e+00    153.937    13.4698    38.5926    29.0806 0.0000e+00
    427.000    13.5306     0.1889    98.1354 1.9698e-03 3.3597e+00    154.009    13.4678    38.5923    29.0808 0.0000e+00
    428.000    13.5284     0.1861    98.1354 2.4374e-03 2.7751e+00    153.752    13.4655    38.5919    29.0810 0.0000e+00
    429.000    13.5293     0.1867 -9.990e-29 7.8840e-04 2.0941e+00    153.870    13.4662    38.5921    29.0810 0.0000e+00
    430.000    13.5260     0.1871    98.1395 1.4626e-03 2.4937e+00    153.805    13.4627    38.5913    29.0811 0.0000e+00
    431.000    13.5261     0.1885    98.1411 1.8176e-03 2.7649e+00    153.852    13.4627    38.5913    29.0811 0.0000e+00
    432.000    13.5267     0.1868    98.1316 4.2573e-03 2.7264e+00    153.994    13.4631    38.5915    29.0812 0.0000e+00
    433.000    13.5265     0.1843 -9.990e-29 3.0554e-03 2.7211e+00    153.927    13.4629    38.5916    29.0813 0.0000e+00
    434.000    13.5267     0.1861    98.1354 3.7321e-03 2.5989e+00    154.326    13.4629    38.5916    29.0813 0.0000e+00
    435.000    13.5277     0.1905    98.1392 4.3871e-03 2.9319e+00    154.473    13.4637    38.5922    29.0816 0.0000e+00
    436.000    13.5334     0.1821    98.1438 2.2543e-03 2.2021e+00    154.585    13.4692    38.5945    29.0821 0.0000e+00
    437.000    13.5340     0.1856    98.1416 2.7802e-03 3.8391e+00    154.375    13.4697    38.5947    29.0822 0.0000e+00
    438.000    13.5341     0.1854    98.1389 3.9762e-03 2.7928e+00    153.883    13.4697    38.5947    29.0823 0.0000e+00
    439.000    13.5322     0.1826    98.1425 3.3034e-03 2.1364e+00    154.354    13.4676    38.5942    29.0823 0.0000e+00
    440.000    13.5295     0.1811    98.1494 2.2376e-03 2.8172e+00    154.316    13.4647    38.5936    29.0824 0.0000e+00
    441.000    13.5287     0.1801 -9.990e-29 2.4344e-03 3.6973e+00    154.789    13.4639    38.5936    29.0826 0.0000e+00
    442.000    13.5285     0.1810 -9.990e-29 1.4505e-03 2.3575e+00    154.745    13.4635    38.5934    29.0826 0.0000e+00
    443.000    13.5243     0.1826 -9.990e-29 1.6811e-03 3.0573e+00    154.348    13.4592    38.5922    29.0825 0.0000e+00
    444.000    13.5135     0.1852 -9.990e-29 3.6723e-03 1.9794e+00    154.117    13.4482    38.5893    29.0826 0.0000e+00
    445.000    13.5010     0.1880 -9.990e-29 2.9826e-03 2.5799e+00    154.272    13.4356    38.5866    29.0832 0.0000e+00
    446.000    13.4962     0.1938    98.1428 4.1969e-03 2.3440e+00    154.297    13.4307    38.5856    29.0835 0.0000e+00
    447.000    13.4953     0.1828    98.1415 5.2463e-03 2.8436e+00    154.145    13.4297    38.5854    29.0836 0.0000e+00
    448.000    13.4944     0.1847    98.1390 3.7158e-03 2.9800e+00    154.025    13.4285    38.5856    29.0839 0.0000e+00
    449.000    13.4948     0.1875    98.1344 5.4349e-03 3.0315e+00    154.522    13.4288    38.5859    29.0841 0.0000e+00
    450.000    13.4950     0.1856    98.1414 6.2138e-03 2.9938e+00    154.460    13.4288    38.5861    29.0842 0.0000e+00
    451.000    13.4948     0.1859    98.1392 5.6606e-03 2.5333e+00    154.708    13.4286    38.5862    29.0844 0.0000e+00
    452.000    13.4948     0.1864    98.1342 4.1781e-03 2.5803e+00    154.626    13.4284    38.5860    29.0843 0.0000e+00
    453.000    13.4949     0.1820    98.1420 4.8499e-03 2.6581e+00    154.211    13.4283    38.5860    29.0843 0.0000e+00
    454.000    13.4933     0.1789    98.1370 3.8601e-03 2.2798e+00    153.990    13.4266    38.5859    29.0846 0.0000e+00
    455.000    13.4917     0.1850    98.1368 4.1120e-03 2.3313e+00    154.594    13.4249    38.5856    29.0847 0.0000e+00
    456.000    13.4922     0.1860    98.1390 4.6920e-03 2.8266e+00    154.293    13.4252    38.5856    29.0846 0.0000e+00
    457.000    13.4864     0.1814    98.1353 6.2441e-03 3.4358e+00    154.568    13.4192    38.5848    29.0853 0.0000e+00
    458.000    13.4846     0.1811    98.1354 4.4994e-03 2.8663e+00    154.724    13.4174    38.5844    29.0854 0.0000e+00
    459.000    13.4861     0.1868    98.1354 3.5342e-03 2.5274e+00    154.578    13.4186    38.5846    29.0853 0.0000e+00
    460.000    13.4825     0.1870    98.1354 2.8627e-03 2.9089e+00    154.367    13.4149    38.5840    29.0856 0.0000e+00
    461.000    13.4812     0.1850    98.1361 3.8856e-03 3.4179e+00    154.755    13.4135    38.5838    29.0857 0.0000e+00
    462.000    13.4798     0.1845    98.1433 4.4103e-03 2.5511e+00    154.713    13.4119    38.5835    29.0859 0.0000e+00
    463.000    13.4780     0.1838    98.1349 4.7279e-03 2.6125e+00    154.735    13.4100    38.5833    29.0860 0.0000e+00
    464.000    13.4771     0.1845 -9.990e-29 3.7719e-03 3.0813e+00    154.985    13.4089    38.5831    29.0861 0.0000e+00
    465.000    13.4756     0.1832 -9.990e-29 2.2623e-03 2.7652e+00    154.871    13.4073    38.5829    29.0863 0.0000e+00
    466.000    13.4746     0.1853 -9.990e-29 1.2751e-03 2.2850e+00    154.913    13.4062    38.5827    29.0864 0.0000e+00
    467.000    13.4735     0.1846    98.1423 2.9391e-03 3.0874e+00    155.132    13.4049    38.5825    29.0866 0.0000e+00
    468.000    13.4707     0.1878    98.1371 2.4643e-03 1.8724e+00    155.400    13.4020    38.5823    29.0870 0.0000e+00
    469.000    13.4684     0.1827    98.1365 3.3654e-03 2.9976e+00    155.144    13.3996    38.5819    29.0872 0.0000e+00
    470.000    13.4669     0.1857    98.1391 3.4824e-03 2.2766e+00    155.198    13.3979    38.5816    29.0873 0.0000e+00
    471.000    13.4665     0.1841    98.1295 3.3218e-03 3.0082e+00    155.317    13.3973    38.5814    29.0873 0.0000e+00
    472.000    13.4655     0.1808    98.1354 1.3044e-03 3.5622e+00    154.914    13.3962    38.5814    29.0875 0.0000e+00
    473.000    13.4648     0.1812    98.1354 1.3022e-03 2.4749e+00    154.694    13.3953    38.5812    29.0875 0.0000e+00
    474.000    13.4644     0.1876 -9.990e-29 1.7971e-03 3.0932e+00    155.225    13.3948    38.5811    29.0876 0.0000e+00
    475.000    13.4645     0.1853 -9.990e-29 3.3165e-03 1.9494e+00    155.443    13.3948    38.5813    29.0877 0.0000e+00
    476.000    13.4643     0.1863 -9.990e-29 2.2687e-03 2.7054e+00    155.338    13.3944    38.5812    29.0877 0.0000e+00
    477.000    13.4647     0.1837    98.1415 1.7682e-03 2.7485e+00    155.134    13.3946    38.5812    29.0877 0.0000e+00
    478.000    13.4638     0.1889    98.1329 1.6915e-03 3.6620e+00    155.215    13.3936    38.5811    29.0879 0.0000e+00
    479.000    13.4625     0.1899    98.1220 1.9251e-03 2.0618e+00    155.637    13.3922    38.5810    29.0881 0.0000e+00
    480.000    13.4618     0.1891    98.1421 1.1764e-03 2.5160e+00    155.275    13.3914    38.5809    29.0882 0.0000e+00
    481.000    13.4615     0.1835    98.1373 1.1487e-03 2.5013e+00    155.518    13.3908    38.5809    29.0882 0.0000e+00
    482.000    13.4610     0.1870    98.1353 3.9353e-05 2.2903e+00    155.434    13.3903    38.5809    29.0884 0.0000e+00
    483.000    13.4614     0.1857    98.1354 7.8655e-04 2.6693e+00    155.412    13.3904    38.5809    29.0884 0.0000e+00
    484.000    13.4620     0.1859    98.1325 5.7985e-04 3.1011e+00    155.391    13.3909    38.5810    29.0884 0.0000e+00
    485.000    13.4602     0.1818    98.1355 1.4550e-03 2.7571e+00    155.740    13.3890    38.5806    29.0885 0.0000e+00
    486.000    13.4582     0.1824    98.1380 6.8993e-04 2.2547e+00    155.227    13.3869    38.5804    29.0887 0.0000e+00
    487.000    13.4578     0.1838    98.1303 1.2746e-03 2.4303e+00    155.769    13.3863    38.5803    29.0888 0.0000e+00
    488.000    13.4573     0.1837    98.1363 2.1181e-03 3.1432e+00    155.780    13.3856    38.5803    29.0889 0.0000e+00
    489.000    13.4571     0.1852    98.1412 6.3877e-04 3.2056e+00    155.884    13.3853    38.5804    29.0891 0.0000e+00
    490.000    13.4573     0.1827    98.1431 2.9871e-04 3.4977e+00    155.749    13.3853    38.5803    29.0890 0.0000e+00
    491.000    13.4571     0.1846 -9.990e-29 5.8788e-04 2.3552e+00    155.708    13.3850    38.5804    29.0891 0.0000e+00
    492.000    13.4573     0.1841    98.1402 5.3604e-04 2.2605e+00    155.791    13.3851    38.5802    29.0890 0.0000e+00
    493.000    13.4573     0.1778    98.1438 1.0664e-03 3.2229e+00    156.020    13.3849    38.5804    29.0891 0.0000e+00
    494.000    13.4573     0.1827    98.1389 1.8485e-04 2.5588e+00    155.917    13.3848    38.5805    29.0892 0.0000e+00
    495.000    13.4575     0.1912    98.1289 8.7264e-04 2.4143e+00    156.076    13.3848    38.5803    29.0890 0.0000e+00
    496.000    13.4573     0.1850    98.1435 4.5643e-04 2.8210e+00    156.298    13.3844    38.5805    29.0893 0.0000e+00
    497.000    13.4560     0.1881    98.1318 1.2606e-03 2.1366e+00    156.020    13.3830    38.5801    29.0893 0.0000e+00
    498.000    13.4539     0.1862    98.1355 2.0856e-03 1.8661e+00    156.152    13.3808    38.5797    29.0894 0.0000e+00
    499.000    13.4539     0.1812    98.1403 2.1503e-03 3.3834e+00    156.022    13.3806    38.5797    29.0895 0.0000e+00
    500.000    13.4542     0.1857    98.1304 2.9849e-03 3.6684e+00    156.272    13.3807    38.5796    29.0894 0.0000e+00
