Data/ruptures/PEACETIME/FAST/PEACETIME_FAST_CTD_080.cnv
* Sea-Bird SBE 9 Data File:
* FileName = C:\CTD\rawCTD\PEACETIME_FAST_CTD_080.hdr
* Software Version Seasave V 7.23.2
* Temperature SN = 1378
* Conductivity SN = 2929
* Number of Bytes Per Scan = 38
* Number of Voltage Words = 5
* Number of Scans Averaged by the Deck Unit = 1
* NMEA Latitude = 37 56.80 N
* NMEA Longitude = 002 55.00 E
* NMEA UTC (Time) = Jun 06 2017  21:02:29
* NMEA baud rate = 4800
** Cruise:   PEACETIME
** Station:   CTD_FAST_080
# nquan = 11
# nvalues = 204                         
# units = specified
# name 0 = prDM: Pressure, Digiquartz [db]
# name 1 = t090C: Temperature [ITS-90, deg C]
# name 2 = flC: Fluorescence, Chelsea Aqua 3 Chl Con [ug/l]
# name 3 = CStarTr0: Beam Transmission, WET Labs C-Star [%]
# name 4 = par: PAR/Irradiance, Biospherical/Licor
# name 5 = spar: SPAR/Surface Irradiance
# name 6 = sbeox0Mm/Kg: Oxygen, SBE 43 [umol/kg]
# name 7 = potemp090C: Potential Temperature [ITS-90, deg C]
# name 8 = sal00: Salinity, Practical [PSU]
# name 9 = sigma-é00: Density [sigma-theta, kg/m^3]
# name 10 = flag:
# span 0 =      1.000,    204.000       
# span 1 =    13.6348,    21.5054       
# span 2 =     0.1839,     0.6228       
# span 3 =    93.5212,    98.1133       
# span 4 = 1.0000e-12, 1.0086e-01       
# span 5 = 7.2876e-02, 5.2328e+00       
# span 6 =    179.761,    239.897       
# span 7 =    13.6069,    21.5052       
# span 8 =    37.0176,    38.3825       
# span 9 =    25.9444,    28.8883       
# span 10 = 0.0000e+00, 0.0000e+00      
# interval = decibars: 1                
# start_time = Jun 06 2017 21:02:59 [NMEA time, first data scan]
# bad_flag = -9.990e-29
*END*
[from data line 132]
    133.000    14.0071     0.2311    97.8619 1.0000e-12 1.9693e+00    191.103    13.9874    38.1799    28.6499 0.0000e+00
    134.000    13.9954     0.2207    97.9007 1.0000e-12 3.3053e+00    190.673    13.9755    38.1795    28.6521 0.0000e+00
    135.000    13.9898     0.2144    97.8954 1.0000e-12 2.7004e+00    191.021    13.9698    38.1814    28.6548 0.0000e+00
    136.000    13.9869     0.2067    97.9013 1.0000e-12 2.7430e+00    191.441    13.9668    38.1830    28.6568 0.0000e+00
    137.000    13.9848     0.2098    97.9109 1.0000e-12 4.0293e+00    191.927    13.9645    38.1846    28.6585 0.0000e+00
    138.000    13.9838     0.2097    97.9017 1.0000e-12 2.9088e+00    192.788    13.9633    38.1862    28.6600 0.0000e+00
    139.000    13.9881     0.2077    97.8730 1.0000e-12 2.7493e+00    193.987    13.9675    38.1933    28.6646 0.0000e+00
    140.000    13.9833     0.2169    97.8982 1.0000e-12 3.4423e+00    193.020    13.9626    38.2004    28.6711 0.0000e+00
    141.000    13.9715     0.2158    97.9109 1.0000e-12 3.0145e+00    193.160    13.9506    38.2000    28.6734 0.0000e+00
    142.000    13.9636     0.2093    97.9138 1.0000e-12 2.3296e+00    192.040    13.9426    38.1994    28.6746 0.0000e+00
    143.000    13.9481     0.2109    97.9180 1.0000e-12 4.3690e+00    188.143    13.9269    38.2023    28.6803 0.0000e+00
    144.000    13.9206     0.2135    97.9313 1.0000e-12 3.2675e+00    185.431    13.8993    38.2088    28.6913 0.0000e+00
    145.000    13.9116     0.2047    97.9411 1.0000e-12 2.1352e+00    185.619    13.8901    38.2145    28.6977 0.0000e+00
    146.000    13.9141     0.1990    97.9504 1.0000e-12 3.7267e+00    186.180    13.8925    38.2151    28.6976 0.0000e+00
    147.000    13.8960     0.2004    97.9533 1.0000e-12 1.9599e+00    185.364    13.8743    38.2226    28.7073 0.0000e+00
    148.000    13.8857     0.1985    97.9593 1.0000e-12 1.4432e+00    185.763    13.8638    38.2268    28.7129 0.0000e+00
    149.000    13.8808     0.2045    97.9595 1.0000e-12 4.0190e+00    187.322    13.8588    38.2333    28.7190 0.0000e+00
    150.000    13.8746     0.2006    97.9675 1.0000e-12 3.1383e+00    188.806    13.8525    38.2395    28.7252 0.0000e+00
    151.000    13.8671     0.1977    97.9774 1.0000e-12 3.6320e+00    189.950    13.8448    38.2497    28.7347 0.0000e+00
    152.000    13.8599     0.2048    97.9801 1.0000e-12 2.4744e+00    189.941    13.8375    38.2561    28.7413 0.0000e+00
    153.000    13.8509     0.2025    97.9950 1.0000e-12 3.2783e+00    189.290    13.8283    38.2594    28.7458 0.0000e+00
    154.000    13.8352     0.2025    97.9956 1.0000e-12 3.8210e+00    188.607    13.8125    38.2605    28.7500 0.0000e+00
    155.000    13.8203     0.2037    98.0129 1.0000e-12 2.4977e+00    189.317    13.7975    38.2673    28.7585 0.0000e+00
    156.000    13.8060     0.1957    98.0107 1.0000e-12 3.0718e+00    189.029    13.7830    38.2719    28.7651 0.0000e+00
    157.000    13.7993     0.1908    98.0162 1.0000e-12 2.3493e+00    188.790    13.7761    38.2732    28.7677 0.0000e+00
    158.000    13.7965     0.1899    98.0232 1.0000e-12 2.6975e+00    189.319    13.7732    38.2749    28.7696 0.0000e+00
    159.000    13.7988     0.1954    98.0329 1.0000e-12 3.5238e+00    189.664    13.7754    38.2799    28.7730 0.0000e+00
    160.000    13.7950     0.1913    98.0378 1.0000e-12 3.7352e+00    189.970    13.7715    38.2822    28.7756 0.0000e+00
    161.000    13.7859     0.2024    98.0281 1.0000e-12 3.4937e+00    190.154    13.7622    38.2855    28.7802 0.0000e+00
    162.000    13.7764     0.2046    98.0247 1.0000e-12 3.1219e+00    189.460    13.7525    38.2880    28.7842 0.0000e+00
    163.000    13.7591     0.2009    98.0482 1.0000e-12 2.7071e+00    188.893    13.7351    38.2889    28.7886 0.0000e+00
    164.000    13.7483     0.1979    98.0502 1.0000e-12 4.1106e+00    188.138    13.7242    38.2943    28.7952 0.0000e+00
    165.000    13.7386     0.1949    98.0472 1.0000e-12 3.2270e+00    187.117    13.7143    38.2974    28.7996 0.0000e+00
    166.000    13.7305     0.1940    98.0489 1.0000e-12 2.7263e+00    186.803    13.7061    38.2996    28.8031 0.0000e+00
    167.000    13.7240     0.1948    98.0536 1.0000e-12 2.9301e+00    186.873    13.6995    38.3013    28.8058 0.0000e+00
    168.000    13.7249     0.2005    98.0493 1.0000e-12 1.9113e+00    186.346    13.7002    38.3039    28.8077 0.0000e+00
    169.000    13.7180     0.1932    98.0507 1.0000e-12 2.4100e+00    186.468    13.6932    38.3038    28.8091 0.0000e+00
    170.000    13.7080     0.1936    98.0467 1.0000e-12 2.2149e+00    186.417    13.6831    38.3040    28.8114 0.0000e+00
    171.000    13.7026     0.1884    98.0478 1.0000e-12 2.7044e+00    186.715    13.6775    38.3059    28.8141 0.0000e+00
    172.000    13.7035     0.1915    98.0694 1.0000e-12 2.7720e+00    188.305    13.6782    38.3086    28.8160 0.0000e+00
    173.000    13.7009     0.1898    98.0584 1.0000e-12 3.7096e+00    188.227    13.6755    38.3112    28.8186 0.0000e+00
    174.000    13.7007     0.1938    98.0831 1.0000e-12 2.8544e+00    185.698    13.6752    38.3169    28.8231 0.0000e+00
    175.000    13.6971     0.1865    98.0763 1.0000e-12 2.7671e+00    185.457    13.6714    38.3226    28.8283 0.0000e+00
    176.000    13.6999     0.1875    98.0806 1.0000e-12 3.3340e+00    184.202    13.6741    38.3278    28.8318 0.0000e+00
    177.000    13.6934     0.1932    98.0766 1.0000e-12 3.7187e+00    183.834    13.6675    38.3296    28.8347 0.0000e+00
    178.000    13.6866     0.1932    98.0803 1.0000e-12 2.0167e+00    184.331    13.6605    38.3324    28.8383 0.0000e+00
    179.000    13.6801     0.1913    98.0814 1.0000e-12 2.0426e+00    184.141    13.6539    38.3350    28.8417 0.0000e+00
    180.000    13.6734     0.1952    98.0781 1.0000e-12 2.2095e+00    184.000    13.6470    38.3355    28.8436 0.0000e+00
    181.000    13.6615     0.1928    98.0793 1.0000e-12 3.4439e+00    184.219    13.6349    38.3353    28.8460 0.0000e+00
    182.000    13.6550     0.1900    98.0834 1.0000e-12 2.1594e+00    184.618    13.6283    38.3354    28.8475 0.0000e+00
    183.000    13.6415     0.1883    98.0717 1.0000e-12 3.9356e+00    185.983    13.6147    38.3338    28.8491 0.0000e+00
    184.000    13.6348     0.1957    98.0731 1.0000e-12 1.7368e+00    186.545    13.6078    38.3344    28.8511 0.0000e+00
    185.000    13.6361     0.1931    98.0651 1.0000e-12 4.3087e+00    185.837    13.6091    38.3385    28.8540 0.0000e+00
    186.000    13.6371     0.1925    98.0700 1.0000e-12 3.0623e+00    186.182    13.6099    38.3431    28.8574 0.0000e+00
    187.000    13.6451     0.1892    98.0829 1.0000e-12 2.9096e+00    185.449    13.6177    38.3481    28.8596 0.0000e+00
    188.000    13.6377     0.1891    98.0722 1.0000e-12 3.6802e+00    184.503    13.6101    38.3488    28.8617 0.0000e+00
    189.000    13.6367     0.1940    98.0804 1.0000e-12 2.3791e+00    184.085    13.6090    38.3494    28.8625 0.0000e+00
    190.000    13.6366     0.1963    98.1021 1.0000e-12 2.8725e+00    184.197    13.6088    38.3502    28.8631 0.0000e+00
    191.000    13.6402     0.1925    98.0740 1.0000e-12 2.9826e+00    183.616    13.6122    38.3528    28.8644 0.0000e+00
    192.000    13.6444     0.1970    98.0938 1.0000e-12 2.5524e+00    183.025    13.6163    38.3552    28.8654 0.0000e+00
    193.000    13.6518     0.1973    98.0952 1.0000e-12 2.2350e+00    182.641    13.6236    38.3590    28.8668 0.0000e+00
    194.000    13.6375     0.1901    98.0979 1.0000e-12 2.8749e+00    182.453    13.6091    38.3601    28.8708 0.0000e+00
    195.000    13.6355     0.1923    98.0967 1.0000e-12 1.7154e+00    181.615    13.6069    38.3650    28.8750 0.0000e+00
    196.000    13.6384     0.1839    98.0998 1.0000e-12 2.6021e+00    181.390    13.6097    38.3678    28.8765 0.0000e+00
    197.000    13.6391     0.1867    98.1087 1.0000e-12 1.5630e+00    181.478    13.6102    38.3688    28.8772 0.0000e+00
    198.000    13.6395     0.1892    98.1031 1.0000e-12 3.1246e+00    181.165    13.6105    38.3714    28.8792 0.0000e+00
    199.000    13.6411     0.1944    98.1030 1.0000e-12 2.9716e+00    180.752    13.6120    38.3729    28.8801 0.0000e+00
    200.000    13.6419     0.1894    98.1020 1.0000e-12 2.5931e+00    180.698    13.6126    38.3743    28.8810 0.0000e+00
    201.000    13.6390     0.1903    98.1058 1.0000e-12 4.6713e+00    180.102    13.6096    38.3776    28.8842 0.0000e+00
    202.000    13.6396     0.1910    98.1031 1.0000e-12 2.7263e+00    179.761    13.6101    38.3797    28.8857 0.0000e+00
    203.000    13.6397     0.1906    98.1123 1.0000e-12 2.8170e+00    180.101    13.6099    38.3811    28.8868 0.0000e+00
    204.000    13.6377     0.1865    98.1133 1.0000e-12 7.2876e-02    180.475    13.6079    38.3825    28.8883 0.0000e+00
