Data/ruptures/PEACETIME/FAST/PEACETIME_FAST_CTD_063.cnv
* Sea-Bird SBE 9 Data File:
* FileName = C:\CTD\rawCTD\PEACETIME_FAST_CTD_063.hdr
* Software Version Seasave V 7.23.2
* Temperature SN = 1378
* Conductivity SN = 2929
* Number of Bytes Per Scan = 38
* Number of Voltage Words = 5
* Number of Scans Averaged by the Deck Unit = 1
* NMEA Latitude = 37 56.83 N
* NMEA Longitude = 002 54.91 E
* NMEA UTC (Time) = Jun 04 2017  08:30:31
* NMEA baud rate = 4800
** Cruise:   PEACETIME
** Station:   FAST_CTD_063
# nquan = 11
# nvalues = 501                         
# units = specified
# name 0 = prDM: Pressure, Digiquartz [db]
# name 1 = t090C: Temperature [ITS-90, deg C]
# name 2 = flC: Fluorescence, Chelsea Aqua 3 Chl Con [ug/l]
# name 3 = CStarTr0: Beam Transmission, WET Labs C-Star [%]
# name 4 = par: PAR/Irradiance, Biospherical/Licor
# name 5 = spar: SPAR/Surface Irradiance
# name 6 = sbeox0Mm/Kg: Oxygen, SBE 43 [umol/kg]
# name 7 = potemp090C: Potential Temperature [ITS-90, deg C]
# name 8 = sal00: Salinity, Practical [PSU]
# name 9 = sigma-é00: Density [sigma-theta, kg/m^3]
# name 10 = flag:
# span 0 =      1.000,    501.000       
# span 1 =    13.4322,    21.4713       
# span 2 =     0.1734,     0.5955       
# span 3 =    94.4546,    98.2702       
# span 4 = -1.032e-07, 1.1133e+03       
# span 5 = 1.9344e+03, 2.2086e+03       
# span 6 =    152.283,    242.650       
# span 7 =    13.3586,    21.4711       
# span 8 =    37.0230,    38.5922       
# span 9 =    25.9162,    29.0899       
# span 10 = 0.0000e+00, 0.0000e+00      
# interval = decibars: 1                
# start_time = Jun 04 2017 08:32:51 [NMEA time, first data scan]
# bad_flag = -9.990e-29
*END*
[from data line 263]
    264.000    13.6077     0.1896    98.2363 -9.990e-29 2.1725e+03    159.621    13.5690    38.4984    28.9865 0.0000e+00
    265.000    13.6087     0.1883    98.2323 -9.990e-29 2.1725e+03    159.783    13.5699    38.5009    28.9882 0.0000e+00
    266.000    13.6098     0.1899    98.2373 1.0000e-12 2.1743e+03    159.705    13.5707    38.5027    28.9894 0.0000e+00
    267.000    13.6111     0.1946    98.2396 1.0000e-12 2.1715e+03    159.362    13.5719    38.5039    28.9901 0.0000e+00
    268.000    13.6128     0.1872    98.2395 1.0000e-12 2.1715e+03    159.218    13.5735    38.5064    28.9917 0.0000e+00
    269.000    13.6154     0.1791    98.2395 1.0000e-12 2.1709e+03    159.021    13.5759    38.5111    28.9948 0.0000e+00
    270.000    13.6167     0.1824    98.2395 1.0000e-12 2.1708e+03    159.086    13.5770    38.5131    28.9962 0.0000e+00
    271.000    13.6203     0.1856    98.2395 1.0000e-12 2.1714e+03    159.637    13.5805    38.5156    28.9974 0.0000e+00
    272.000    13.6218     0.1906    98.2395 1.0000e-12 2.1728e+03    159.578    13.5819    38.5169    28.9981 0.0000e+00
    273.000    13.6245     0.1882    98.2395 1.0000e-12 2.1683e+03    159.519    13.5844    38.5200    28.9999 0.0000e+00
    274.000    13.6250     0.1902    98.2395 1.0000e-12 2.1697e+03    159.517    13.5847    38.5210    29.0006 0.0000e+00
    275.000    13.6258     0.1867    98.2395 1.0000e-12 2.1659e+03    159.094    13.5854    38.5226    29.0017 0.0000e+00
    276.000    13.6308     0.1894    98.2395 1.0000e-12 2.1633e+03    158.790    13.5902    38.5266    29.0038 0.0000e+00
    277.000    13.6300     0.1877    98.2395 1.0000e-12 2.1630e+03    158.656    13.5893    38.5279    29.0051 0.0000e+00
    278.000    13.6293     0.1879    98.2395 1.0000e-12 2.1601e+03    158.348    13.5885    38.5301    29.0069 0.0000e+00
    279.000    13.6299     0.1903    98.2395 1.0000e-12 2.1570e+03    157.876    13.5889    38.5326    29.0087 0.0000e+00
    280.000    13.6302     0.1899    98.2395 1.0000e-12 2.1555e+03    157.778    13.5891    38.5328    29.0089 0.0000e+00
    281.000    13.6303     0.1867    98.2460 1.0000e-12 2.1482e+03    157.688    13.5890    38.5327    29.0088 0.0000e+00
    282.000    13.6303     0.1888    98.2432 1.0000e-12 2.1504e+03    157.709    13.5889    38.5334    29.0094 0.0000e+00
    283.000    13.6311     0.1820    98.2472 1.0000e-12 2.1486e+03    157.522    13.5895    38.5359    29.0111 0.0000e+00
    284.000    13.6303     0.1767    98.2465 1.0000e-12 2.1500e+03    157.558    13.5885    38.5372    29.0124 0.0000e+00
    285.000    13.6298     0.1785    98.2445 1.0000e-12 2.1473e+03    157.233    13.5879    38.5379    29.0131 0.0000e+00
    286.000    13.6267     0.1856    98.2414 1.0000e-12 2.1456e+03    157.201    13.5847    38.5379    29.0137 0.0000e+00
    287.000    13.6273     0.1842    98.2472 1.0000e-12 2.1414e+03    157.353    13.5851    38.5387    29.0143 0.0000e+00
    288.000    13.6290     0.1784    98.2423 1.0000e-12 2.1390e+03    156.946    13.5867    38.5405    29.0153 0.0000e+00
    289.000    13.6280     0.1822    98.2445 -9.990e-29 2.1327e+03    156.682    13.5855    38.5415    29.0163 0.0000e+00
    290.000    13.6257     0.1871    98.2443 -9.990e-29 2.1278e+03    156.799    13.5831    38.5423    29.0175 0.0000e+00
    291.000    13.6252     0.1887    98.2425 -9.990e-29 2.1237e+03    156.328    13.5824    38.5438    29.0188 0.0000e+00
    292.000    13.6263     0.1877    98.2395 -9.990e-29 2.1172e+03    156.160    13.5834    38.5449    29.0195 0.0000e+00
    293.000    13.6258     0.1889    98.2395 -9.990e-29 2.1160e+03    156.270    13.5827    38.5452    29.0198 0.0000e+00
    294.000    13.6267     0.1900    98.2395 -9.990e-29 2.1145e+03    156.241    13.5834    38.5459    29.0202 0.0000e+00
    295.000    13.6292     0.1862    98.2419 1.0000e-12 2.1094e+03    156.147    13.5858    38.5474    29.0209 0.0000e+00
    296.000    13.6299     0.1872    98.2520 1.0000e-12 2.1082e+03    156.252    13.5864    38.5485    29.0216 0.0000e+00
    297.000    13.6307     0.1874    98.2497 1.0000e-12 2.1059e+03    156.105    13.5870    38.5495    29.0223 0.0000e+00
    298.000    13.6301     0.1879    98.2434 1.0000e-12 2.1070e+03    156.171    13.5863    38.5504    29.0231 0.0000e+00
    299.000    13.6285     0.1845    98.2455 1.0000e-12 2.1041e+03    155.980    13.5845    38.5499    29.0231 0.0000e+00
    300.000    13.6254     0.1835    98.2491 1.0000e-12 2.1008e+03    155.884    13.5813    38.5497    29.0236 0.0000e+00
    301.000    13.6236     0.1817    98.2520 1.0000e-12 2.0985e+03    155.775    13.5794    38.5501    29.0243 0.0000e+00
    302.000    13.6208     0.1874    98.2520 1.0000e-12 2.0972e+03    155.718    13.5764    38.5503    29.0251 0.0000e+00
    303.000    13.6169     0.1890    98.2525 1.0000e-12 2.0930e+03    155.362    13.5724    38.5508    29.0264 0.0000e+00
    304.000    13.6203     0.1887    98.2495 1.0000e-12 2.0893e+03    155.148    13.5756    38.5545    29.0285 0.0000e+00
    305.000    13.6264     0.1923    98.2545 1.0000e-12 2.0802e+03    155.025    13.5816    38.5572    29.0294 0.0000e+00
    306.000    13.6289     0.1945    98.2597 1.0000e-12 2.0717e+03    155.275    13.5839    38.5584    29.0298 0.0000e+00
    307.000    13.6292     0.1927    98.2590 1.0000e-12 2.0616e+03    155.307    13.5841    38.5594    29.0305 0.0000e+00
    308.000    13.6305     0.1892    98.2581 1.0000e-12 2.0625e+03    155.057    13.5852    38.5604    29.0311 0.0000e+00
    309.000    13.6333     0.1859    98.2476 1.0000e-12 2.0569e+03    154.744    13.5879    38.5628    29.0324 0.0000e+00
    310.000    13.6363     0.1826    98.2534 1.0000e-12 2.0519e+03    154.830    13.5907    38.5649    29.0334 0.0000e+00
    311.000    13.6331     0.1843    98.2559 1.0000e-12 2.0489e+03    154.411    13.5873    38.5645    29.0338 0.0000e+00
    312.000    13.6223     0.1906    98.2534 1.0000e-12 2.0404e+03    154.752    13.5764    38.5635    29.0354 0.0000e+00
    313.000    13.6232     0.1951    98.2558 1.0000e-12 2.0315e+03    154.579    13.5772    38.5642    29.0357 0.0000e+00
    314.000    13.6223     0.1931    98.2485 1.0000e-12 2.0255e+03    154.228    13.5761    38.5651    29.0367 0.0000e+00
    315.000    13.6155     0.1921    98.2587 1.0000e-12 2.0163e+03    153.862    13.5692    38.5651    29.0381 0.0000e+00
    316.000    13.6142     0.1836    98.2590 1.0000e-12 2.0125e+03    153.553    13.5677    38.5654    29.0387 0.0000e+00
    317.000    13.6154     0.1832    98.2588 1.0000e-12 2.0103e+03    154.009    13.5687    38.5662    29.0390 0.0000e+00
    318.000    13.6155     0.1839    98.2578 1.0000e-12 2.0061e+03    154.326    13.5687    38.5661    29.0390 0.0000e+00
    319.000    13.6156     0.1869    98.2565 1.0000e-12 2.0005e+03    154.445    13.5687    38.5664    29.0393 0.0000e+00
    320.000    13.6162     0.1860    98.2627 1.0000e-12 1.9981e+03    154.417    13.5691    38.5666    29.0393 0.0000e+00
    321.000    13.6156     0.1828    98.2600 1.0000e-12 1.9967e+03    154.000    13.5684    38.5666    29.0395 0.0000e+00
    322.000    13.6171     0.1888    98.2605 1.0000e-12 1.9997e+03    154.148    13.5698    38.5676    29.0399 0.0000e+00
    323.000    13.6133     0.1892    98.2595 1.0000e-12 1.9980e+03    154.199    13.5658    38.5670    29.0403 0.0000e+00
    324.000    13.6098     0.1915    98.2493 1.0000e-12 2.0001e+03    154.011    13.5622    38.5669    29.0410 0.0000e+00
    325.000    13.6097     0.1873    98.2547 1.0000e-12 2.0036e+03    154.115    13.5619    38.5677    29.0417 0.0000e+00
    326.000    13.6144     0.1872    98.2599 1.0000e-12 1.9974e+03    154.110    13.5665    38.5697    29.0423 0.0000e+00
    327.000    13.6208     0.1893    98.2272 1.0000e-12 1.9980e+03    154.037    13.5727    38.5729    29.0435 0.0000e+00
    328.000    13.6297     0.1907    98.2550 1.0000e-12 1.9912e+03    154.014    13.5814    38.5757    29.0438 0.0000e+00
    329.000    13.6256     0.1934    98.2525 1.0000e-12 1.9942e+03    153.800    13.5771    38.5751    29.0442 0.0000e+00
    330.000    13.6209     0.1949 -9.990e-29 1.0000e-12 1.9847e+03    153.626    13.5724    38.5760    29.0459 0.0000e+00
    331.000    13.6190     0.1912 -9.990e-29 1.0000e-12 1.9928e+03    153.494    13.5702    38.5781    29.0480 0.0000e+00
    332.000    13.6155     0.1868 -9.990e-29 1.0000e-12 1.9889e+03    153.523    13.5667    38.5781    29.0488 0.0000e+00
    333.000    13.6136     0.1906 -9.990e-29 1.0000e-12 1.9873e+03    153.480    13.5646    38.5780    29.0491 0.0000e+00
    334.000    13.6138     0.1950 -9.990e-29 1.0000e-12 1.9786e+03    153.484    13.5647    38.5781    29.0492 0.0000e+00
    335.000    13.6131     0.1950 -9.990e-29 1.0000e-12 1.9696e+03    153.406    13.5638    38.5778    29.0491 0.0000e+00
    336.000    13.6107     0.1918    98.2441 1.0000e-12 1.9650e+03    153.302    13.5613    38.5776    29.0495 0.0000e+00
    337.000    13.6104     0.1861    98.2566 1.0000e-12 1.9644e+03    153.585    13.5608    38.5780    29.0499 0.0000e+00
    338.000    13.6135     0.1873    98.2645 1.0000e-12 1.9618e+03    153.914    13.5637    38.5797    29.0506 0.0000e+00
    339.000    13.6220     0.1845    98.2578 1.0000e-12 1.9576e+03    153.645    13.5721    38.5833    29.0517 0.0000e+00
    340.000    13.6281     0.1854    98.2568 1.0000e-12 1.9470e+03    153.674    13.5781    38.5863    29.0527 0.0000e+00
    341.000    13.6324     0.1872 -9.990e-29 1.0000e-12 1.9452e+03    153.892    13.5822    38.5884    29.0534 0.0000e+00
    342.000    13.6324     0.1914 -9.990e-29 1.0000e-12 1.9458e+03    154.013    13.5820    38.5890    29.0540 0.0000e+00
    343.000    13.6327     0.1915 -9.990e-29 1.0000e-12 1.9344e+03    154.035    13.5821    38.5896    29.0544 0.0000e+00
    344.000    13.6332     0.1902 -9.990e-29 1.0000e-12 1.9401e+03    154.222    13.5825    38.5899    29.0546 0.0000e+00
    345.000    13.6346     0.1883 -9.990e-29 1.0000e-12 1.9365e+03    153.577    13.5837    38.5906    29.0548 0.0000e+00
    346.000    13.6360     0.1892 -9.990e-29 1.0000e-12 1.9369e+03    153.687    13.5850    38.5911    29.0549 0.0000e+00
    347.000    13.6358     0.1863 -9.990e-29 1.0000e-12 1.9435e+03    153.930    13.5846    38.5911    29.0550 0.0000e+00
    348.000    13.6356     0.1863 -9.990e-29 1.0000e-12 1.9428e+03    154.003    13.5843    38.5911    29.0551 0.0000e+00
    349.000    13.6358     0.1875 -9.990e-29 1.0000e-12 1.9481e+03    153.741    13.5843    38.5913    29.0552 0.0000e+00
    350.000    13.6342     0.1876 -9.990e-29 1.0000e-12 1.9550e+03    153.549    13.5826    38.5919    29.0560 0.0000e+00
    351.000    13.6328     0.1872 -9.990e-29 1.0000e-12 1.9604e+03    153.622    13.5810    38.5919    29.0564 0.0000e+00
    352.000    13.6317     0.1881 -9.990e-29 1.0000e-12 1.9626e+03    153.683    13.5799    38.5920    29.0567 0.0000e+00
    353.000    13.6297     0.1851 -9.990e-29 1.0000e-12 1.9676e+03    153.591    13.5777    38.5919    29.0571 0.0000e+00
    354.000    13.6280     0.1952 -9.990e-29 1.0000e-12 1.9770e+03    153.047    13.5759    38.5918    29.0574 0.0000e+00
    355.000    13.6268     0.1908 -9.990e-29 1.0000e-12 1.9772e+03    153.101    13.5745    38.5920    29.0578 0.0000e+00
    356.000    13.6266     0.1843 -9.990e-29 1.0000e-12 1.9835e+03    153.028    13.5742    38.5919    29.0578 0.0000e+00
    357.000    13.6256     0.1837 -9.990e-29 1.0000e-12 1.9855e+03    152.726    13.5730    38.5920    29.0582 0.0000e+00
    358.000    13.6228     0.1899 -9.990e-29 1.0000e-12 1.9866e+03    152.775    13.5700    38.5918    29.0587 0.0000e+00
    359.000    13.6208     0.1845 -9.990e-29 1.0000e-12 1.9940e+03    153.116    13.5679    38.5917    29.0591 0.0000e+00
    360.000    13.6196     0.1859 -9.990e-29 1.0000e-12 1.9980e+03    153.846    13.5666    38.5916    29.0593 0.0000e+00
    361.000    13.6181     0.1880    98.2655 1.0000e-12 1.9970e+03    153.897    13.5649    38.5916    29.0596 0.0000e+00
    362.000    13.6152     0.1896    98.2655 1.0000e-12 2.0031e+03    153.375    13.5619    38.5916    29.0602 0.0000e+00
    363.000    13.6130     0.1872    98.2625 1.0000e-12 2.0092e+03    153.266    13.5595    38.5915    29.0607 0.0000e+00
    364.000    13.6115     0.1883    98.2597 1.0000e-12 2.0139e+03    152.842    13.5579    38.5915    29.0610 0.0000e+00
    365.000    13.6097     0.1878    98.2638 1.0000e-12 2.0217e+03    152.954    13.5559    38.5916    29.0615 0.0000e+00
    366.000    13.6085     0.1885 -9.990e-29 1.0000e-12 2.0282e+03    153.258    13.5546    38.5916    29.0618 0.0000e+00
    367.000    13.6081     0.1914 -9.990e-29 1.0000e-12 2.0364e+03    153.479    13.5540    38.5916    29.0620 0.0000e+00
    368.000    13.6072     0.1903 -9.990e-29 1.0000e-12 2.0452e+03    153.410    13.5530    38.5917    29.0622 0.0000e+00
    369.000    13.6066     0.1889    98.2666 1.0000e-12 2.0491e+03    153.187    13.5523    38.5919    29.0625 0.0000e+00
    370.000    13.6056     0.1873    98.2588 1.0000e-12 2.0620e+03    153.155    13.5511    38.5920    29.0629 0.0000e+00
    371.000    13.6038     0.1849    98.2656 1.0000e-12 2.0665e+03    153.101    13.5491    38.5922    29.0634 0.0000e+00
    372.000    13.6022     0.1856    98.2655 1.0000e-12 2.0762e+03    153.125    13.5474    38.5921    29.0637 0.0000e+00
    373.000    13.6005     0.1858    98.2526 1.0000e-12 2.0801e+03    152.980    13.5456    38.5919    29.0639 0.0000e+00
    374.000    13.5992     0.1821    98.2663 1.0000e-12 2.0793e+03    153.271    13.5441    38.5917    29.0641 0.0000e+00
    375.000    13.5966     0.1823    98.2702 1.0000e-12 2.0845e+03    153.069    13.5414    38.5913    29.0644 0.0000e+00
    376.000    13.5955     0.1823    98.2655 1.0000e-12 2.0937e+03    152.882    13.5401    38.5912    29.0646 0.0000e+00
    377.000    13.5934     0.1765 -9.990e-29 1.0000e-12 2.0958e+03    152.856    13.5379    38.5911    29.0649 0.0000e+00
    378.000    13.5927     0.1734 -9.990e-29 1.0000e-12 2.1016e+03    152.792    13.5370    38.5910    29.0651 0.0000e+00
    379.000    13.5920     0.1745 -9.990e-29 1.0000e-12 2.1084e+03    153.077    13.5362    38.5910    29.0652 0.0000e+00
    380.000    13.5909     0.1771 -9.990e-29 1.0000e-12 2.1079e+03    152.698    13.5350    38.5907    29.0653 0.0000e+00
    381.000    13.5858     0.1818 -9.990e-29 1.0000e-12 2.1049e+03    152.311    13.5297    38.5898    29.0657 0.0000e+00
    382.000    13.5798     0.1876 -9.990e-29 1.0000e-12 2.1019e+03    152.398    13.5236    38.5888    29.0663 0.0000e+00
    383.000    13.5764     0.1844    98.2560 1.0000e-12 2.1037e+03    152.348    13.5201    38.5883    29.0666 0.0000e+00
    384.000    13.5748     0.1847    98.2681 1.0000e-12 2.1019e+03    152.942    13.5183    38.5879    29.0666 0.0000e+00
    385.000    13.5716     0.1887    98.2572 1.0000e-12 2.1014e+03    152.999    13.5150    38.5873    29.0669 0.0000e+00
    386.000    13.5658     0.1870    98.2636 1.0000e-12 2.0932e+03    152.850    13.5090    38.5862    29.0673 0.0000e+00
    387.000    13.5625     0.1879    98.2655 1.0000e-12 2.0847e+03    152.767    13.5056    38.5858    29.0677 0.0000e+00
    388.000    13.5615     0.1886 -9.990e-29 1.0000e-12 2.0672e+03    152.412    13.5044    38.5854    29.0677 0.0000e+00
    389.000    13.5576     0.1887 -9.990e-29 1.0000e-12 2.0623e+03    152.501    13.5004    38.5846    29.0679 0.0000e+00
    390.000    13.5546     0.1912    98.2568 1.0000e-12 2.0525e+03    152.691    13.4972    38.5836    29.0678 0.0000e+00
    391.000    13.5483     0.1894    98.2636 1.0000e-12 2.0469e+03    152.753    13.4908    38.5822    29.0681 0.0000e+00
    392.000    13.5447     0.1864    98.2578 1.0000e-12 2.0532e+03    152.549    13.4870    38.5816    29.0684 0.0000e+00
    393.000    13.5419     0.1850    98.2578 1.0000e-12 2.0481e+03    152.469    13.4841    38.5810    29.0686 0.0000e+00
