Data/ruptures/PEACETIME/FAST/PEACETIME_FAST_CTD_071.cnv
* Sea-Bird SBE 9 Data File:
* FileName = C:\CTD\rawCTD\PEACETIME_FAST_CTD_071.hdr
* Software Version Seasave V 7.23.2
* Temperature SN = 1378
* Conductivity SN = 2929
* Number of Bytes Per Scan = 38
* Number of Voltage Words = 5
* Number of Scans Averaged by the Deck Unit = 1
* NMEA Latitude = 37 56.79 N
* NMEA Longitude = 002 55.01 E
* NMEA UTC (Time) = Jun 05 2017  16:53:28
* NMEA baud rate = 4800
** Cruise:   PEACETIME
** Station:   FAST_CTD_71
# nquan = 11
# nvalues = 207                         
# units = specified
# name 0 = prDM: Pressure, Digiquartz [db]
# name 1 = t090C: Temperature [ITS-90, deg C]
# name 2 = flC: Fluorescence, Chelsea Aqua 3 Chl Con [ug/l]
# name 3 = CStarTr0: Beam Transmission, WET Labs C-Star [%]
# name 4 = par: PAR/Irradiance, Biospherical/Licor
# name 5 = spar: SPAR/Surface Irradiance
# name 6 = sbeox0Mm/Kg: Oxygen, SBE 43 [umol/kg]
# name 7 = potemp090C: Potential Temperature [ITS-90, deg C]
# name 8 = sal00: Salinity, Practical [PSU]
# name 9 = sigma-é00: Density [sigma-theta, kg/m^3]
# name 10 = flag:
# span 0 =      2.000,    208.000       
# span 1 =    13.6617,    21.4722       
# span 2 =     0.1887,     0.7229       
# span 3 =    91.1640,    98.1873       
# span 4 = -6.229e-05, 7.5114e+01       
# span 5 = 8.2864e+02, 1.7760e+03       
# span 6 =    174.583,    240.989       
# span 7 =    13.6311,    21.4710       
# span 8 =    37.0326,    38.4139       
# span 9 =    25.9211,    28.9077       
# span 10 = 0.0000e+00, 0.0000e+00      
# interval = decibars: 1                
# start_time = Jun 05 2017 16:53:28 [NMEA time, first data scan]
# bad_flag = -9.990e-29
*END*
      2.000    21.4588     0.2215    96.5425 7.5114e+01 1.7760e+03    209.579    21.4584    37.0426    25.9229 0.0000e+00
      3.000    21.4666     0.2133    96.6762 6.9951e+01 1.6309e+03    209.648    21.4660    37.0430    25.9212 0.0000e+00
      4.000    21.4712     0.2054    96.6976 6.3185e+01 1.5951e+03    210.527    21.4704    37.0447    25.9212 0.0000e+00
      5.000    21.4720     0.2055    96.7034 5.4221e+01 1.6755e+03    210.584    21.4710    37.0447    25.9211 0.0000e+00
      6.000    21.4722     0.2096    96.7045 5.3910e+01 1.5530e+03    210.058    21.4710    37.0448    25.9211 0.0000e+00
      7.000    21.4681     0.2095    96.7029 5.0140e+01 1.6642e+03    210.910    21.4667    37.0444    25.9220 0.0000e+00
      8.000    21.4639     0.2088    96.7034 4.5285e+01 1.5672e+03    210.854    21.4623    37.0444    25.9232 0.0000e+00
      9.000    21.4688     0.2120    96.7049 4.3482e+01 1.6158e+03    210.814    21.4670    37.0449    25.9223 0.0000e+00
     10.000    21.4671     0.2113    96.7104 4.0296e+01 1.6086e+03    210.876    21.4652    37.0447    25.9227 0.0000e+00
     11.000    21.4528     0.2094    96.7058 3.8428e+01 1.6367e+03    211.255    21.4506    37.0442    25.9263 0.0000e+00
     12.000    21.4502     0.2143    96.7007 3.6443e+01 1.6207e+03    210.960    21.4479    37.0440    25.9269 0.0000e+00
     13.000    21.4347     0.2138    96.6920 3.4483e+01 1.5793e+03    211.403    21.4322    37.0441    25.9314 0.0000e+00
     14.000    21.4273     0.2131    96.6932 3.3680e+01 1.6137e+03    211.441    21.4245    37.0441    25.9335 0.0000e+00
     15.000    21.3765     0.2104    96.6967 3.1845e+01 1.6106e+03    211.429    21.3736    37.0449    25.9483 0.0000e+00
     16.000    21.2510     0.2101    96.6898 3.1518e+01 1.6142e+03    210.748    21.2479    37.0464    25.9843 0.0000e+00
     17.000    20.8174     0.2093    96.6521 2.9701e+01 1.6157e+03    211.183    20.8141    37.0574    26.1121 0.0000e+00
     18.000    20.4329     0.2099    96.6244 2.9462e+01 1.6336e+03    214.747    20.4295    37.0694    26.2259 0.0000e+00
     19.000    20.3585     0.2058    96.6232 2.8148e+01 1.5698e+03    215.718    20.3549    37.0718    26.2478 0.0000e+00
     20.000    20.3250     0.2082    96.7246 2.7517e+01 1.5839e+03    216.552    20.3213    37.0746    26.2590 0.0000e+00
     21.000    20.2824     0.2132    96.8322 2.6589e+01 1.6037e+03    216.780    20.2785    37.0884    26.2811 0.0000e+00
     22.000    20.1590     0.2093    96.8214 2.6294e+01 1.6072e+03    217.108    20.1549    37.0982    26.3218 0.0000e+00
     23.000    19.8577     0.2060    96.8560 2.5854e+01 1.5167e+03    217.055    19.8534    37.0886    26.3949 0.0000e+00
     24.000    19.2459     0.2024    96.7465 2.5541e+01 1.5842e+03    222.077    19.2416    37.0584    26.5325 0.0000e+00
     25.000    18.7196     0.2065    96.7806 2.5259e+01 1.5465e+03    225.580    18.7152    37.0515    26.6635 0.0000e+00
     26.000    18.4986     0.2045    96.8001 2.5128e+01 1.5450e+03    228.238    18.4940    37.0579    26.7247 0.0000e+00
     27.000    18.2787     0.2080    96.7937 2.5331e+01 1.6249e+03    230.381    18.2740    37.0457    26.7711 0.0000e+00
     28.000    18.0907     0.2089    96.8006 2.4999e+01 1.5830e+03    231.937    18.0859    37.0367    26.8115 0.0000e+00
     29.000    17.9866     0.2188    96.8093 2.5596e+01 1.5004e+03    232.573    17.9816    37.0326    26.8345 0.0000e+00
     30.000    17.9115     0.2140    96.8605 2.4817e+01 1.6327e+03    234.473    17.9064    37.0484    26.8653 0.0000e+00
     31.000    17.9684     0.2176    96.8773 2.5447e+01 1.5222e+03    235.567    17.9630    37.1112    26.8994 0.0000e+00
     32.000    18.0420     0.2124    96.8711 2.5148e+01 1.5904e+03    234.226    18.0365    37.1661    26.9231 0.0000e+00
     33.000    18.0389     0.2110    96.8510 2.5771e+01 1.5743e+03    234.502    18.0332    37.2053    26.9540 0.0000e+00
     34.000    18.0685     0.2122    96.8035 2.5209e+01 1.5237e+03    234.202    18.0626    37.2602    26.9887 0.0000e+00
     35.000    18.0544     0.2172    96.7885 2.6237e+01 1.5434e+03    233.658    18.0483    37.2851    27.0114 0.0000e+00
     36.000    17.9087     0.2116    96.7027 2.5373e+01 1.5679e+03    233.820    17.9025    37.2729    27.0385 0.0000e+00
     37.000    17.8691     0.2142    96.7185 2.6561e+01 1.5150e+03    234.204    17.8627    37.2680    27.0447 0.0000e+00
     38.000    17.7886     0.2207    96.6780 2.5687e+01 1.6501e+03    234.902    17.7820    37.2676    27.0644 0.0000e+00
     39.000    17.6527     0.2209    96.6999 2.6244e+01 1.4946e+03    233.405    17.6460    37.2607    27.0928 0.0000e+00
     40.000    17.2521     0.2245    96.6644 2.5707e+01 1.5641e+03    234.976    17.2454    37.2085    27.1510 0.0000e+00
     41.000    16.8861     0.2169    96.6035 2.4954e+01 1.5527e+03    236.796    16.8793    37.1730    27.2123 0.0000e+00
     42.000    16.8232     0.2201    96.6251 2.5248e+01 1.5702e+03    239.302    16.8162    37.2393    27.2785 0.0000e+00
     43.000    16.9261     0.2196    96.6731 2.4226e+01 1.5308e+03    239.311    16.9189    37.2777    27.2834 0.0000e+00
     44.000    16.9446     0.2268    96.6399 2.3809e+01 1.5233e+03    238.580    16.9372    37.2920    27.2899 0.0000e+00
     45.000    16.7525     0.2207    96.6871 2.3207e+01 1.5502e+03    238.667    16.7450    37.2609    27.3121 0.0000e+00
     46.000    16.5974     0.2216    96.6309 2.1930e+01 1.5851e+03    239.288    16.5898    37.2615    27.3497 0.0000e+00
     47.000    16.4303     0.2214    96.6451 2.1383e+01 1.5315e+03    240.551    16.4226    37.2773    27.4015 0.0000e+00
     48.000    16.4177     0.2242    96.6661 2.0886e+01 1.5727e+03    240.989    16.4098    37.3115    27.4309 0.0000e+00
     49.000    16.3962     0.2273    96.6388 1.9746e+01 1.5859e+03    240.593    16.3882    37.3694    27.4806 0.0000e+00
     50.000    16.3258     0.2287    96.6402 1.8718e+01 1.5826e+03    240.246    16.3177    37.3854    27.5095 0.0000e+00
     51.000    16.2433     0.2241    96.6914 1.7999e+01 1.5520e+03    239.280    16.2350    37.3991    27.5396 0.0000e+00
     52.000    16.0097     0.2272    96.7040 1.7173e+01 1.5646e+03    238.320    16.0014    37.3868    27.5848 0.0000e+00
     53.000    15.9539     0.2209    96.7093 1.6328e+01 1.6497e+03    239.221    15.9455    37.3905    27.6006 0.0000e+00
     54.000    15.8304     0.2230    96.7469 1.5411e+01 1.5714e+03    239.577    15.8218    37.3981    27.6352 0.0000e+00
     55.000    15.7818     0.2291    96.7417 1.4910e+01 1.5890e+03    238.248    15.7730    37.4107    27.6561 0.0000e+00
     56.000    15.6950     0.2379    96.7014 1.4080e+01 1.5751e+03    236.711    15.6862    37.4268    27.6887 0.0000e+00
     57.000    15.6098     0.2416    96.5738 1.3516e+01 1.5793e+03    235.668    15.6008    37.4554    27.7303 0.0000e+00
     58.000    15.5664     0.2455    96.5747 1.2733e+01 1.5682e+03    235.586    15.5572    37.5001    27.7748 0.0000e+00
     59.000    15.5357     0.2500    96.4120 1.2182e+01 1.5866e+03    235.666    15.5265    37.4995    27.7814 0.0000e+00
     60.000    15.4992     0.2540    96.2922 1.1391e+01 1.5684e+03    235.299    15.4898    37.5013    27.7911 0.0000e+00
     61.000    15.4369     0.2645    96.1779 1.0765e+01 1.5628e+03    233.484    15.4273    37.4985    27.8033 0.0000e+00
     62.000    15.3599     0.2758    95.8242 1.0217e+01 1.5109e+03    234.126    15.3502    37.5014    27.8230 0.0000e+00
     63.000    15.4214     0.2775    96.1176 9.4847e+00 1.5962e+03    234.592    15.4115    37.5393    27.8384 0.0000e+00
     64.000    15.3881     0.2814    96.1167 8.8452e+00 1.5472e+03    233.571    15.3781    37.5494    27.8538 0.0000e+00
     65.000    15.3019     0.2856    95.8632 8.2774e+00 1.5017e+03    233.213    15.2918    37.5550    27.8777 0.0000e+00
     66.000    15.2204     0.2963    95.5199 7.6868e+00 1.5720e+03    231.683    15.2101    37.5553    27.8964 0.0000e+00
     67.000    15.1594     0.3267    95.2485 7.1848e+00 1.5263e+03    229.855    15.1490    37.5522    27.9079 0.0000e+00
     68.000    15.1043     0.3459    94.8286 6.6179e+00 1.5167e+03    229.728    15.0938    37.5518    27.9200 0.0000e+00
     69.000    15.0688     0.3529    94.7699 6.0436e+00 1.5421e+03    228.966    15.0581    37.5632    27.9368 0.0000e+00
     70.000    15.0405     0.3759    94.1423 5.5151e+00 1.4892e+03    226.739    15.0297    37.5811    27.9570 0.0000e+00
     71.000    14.9493     0.4546    92.8048 4.9735e+00 1.5604e+03    222.543    14.9384    37.5965    27.9894 0.0000e+00
     72.000    14.9375     0.5980    91.1640 4.4402e+00 1.4852e+03    220.758    14.9264    37.6284    28.0167 0.0000e+00
     73.000    14.9737     0.7229    92.4407 3.8537e+00 1.5742e+03    218.194    14.9625    37.6916    28.0575 0.0000e+00
     74.000    14.9987     0.6254    93.2582 3.2461e+00 1.4949e+03    221.744    14.9873    37.7176    28.0720 0.0000e+00
     75.000    14.9913     0.5320    94.4916 2.7840e+00 1.5372e+03    220.960    14.9797    37.7395    28.0905 0.0000e+00
     76.000    14.9627     0.6195    94.1379 2.4248e+00 1.5374e+03    219.070    14.9510    37.7387    28.0964 0.0000e+00
     77.000    14.9840     0.5401    95.1673 2.1528e+00 1.5384e+03    226.457    14.9722    37.7708    28.1164 0.0000e+00
     78.000    14.9491     0.3977    95.8056 1.8841e+00 1.4934e+03    223.429    14.9370    37.7696    28.1234 0.0000e+00
     79.000    14.8735     0.3372    95.9818 1.7235e+00 1.5337e+03    218.744    14.8614    37.7702    28.1408 0.0000e+00
     80.000    14.8482     0.3931    95.6695 1.5663e+00 1.5284e+03    219.075    14.8359    37.7766    28.1514 0.0000e+00
     81.000    14.8279     0.4114    95.7456 1.4494e+00 1.5719e+03    219.736    14.8155    37.7931    28.1688 0.0000e+00
     82.000    14.7786     0.4129    95.7723 1.3098e+00 1.4948e+03    218.290    14.7660    37.8038    28.1880 0.0000e+00
     83.000    14.7469     0.5211    95.3633 1.2005e+00 1.5386e+03    215.913    14.7342    37.8192    28.2070 0.0000e+00
     84.000    14.7241     0.4837    95.3803 1.0850e+00 1.5577e+03    214.985    14.7113    37.8297    28.2203 0.0000e+00
     85.000    14.7202     0.4818    95.5329 9.8188e-01 1.4940e+03    214.806    14.7073    37.8383    28.2278 0.0000e+00
     86.000    14.7072     0.4787    95.7231 8.8966e-01 1.5966e+03    212.018    14.6941    37.8506    28.2402 0.0000e+00
     87.000    14.6885     0.4202    95.9199 8.0554e-01 1.5549e+03    210.664    14.6752    37.8639    28.2546 0.0000e+00
     88.000    14.6435     0.4136    96.3133 7.3580e-01 1.4742e+03    207.455    14.6302    37.8845    28.2806 0.0000e+00
     89.000    14.6183     0.4056    96.2222 6.6853e-01 1.5347e+03    206.808    14.6047    37.8904    28.2908 0.0000e+00
     90.000    14.5814     0.4217    96.1505 6.1279e-01 1.5597e+03    204.059    14.5677    37.8961    28.3034 0.0000e+00
     91.000    14.5383     0.4127    96.2528 5.5980e-01 1.6029e+03    204.521    14.5245    37.9106    28.3242 0.0000e+00
     92.000    14.5281     0.4009    96.3914 5.0674e-01 1.5130e+03    203.812    14.5142    37.9248    28.3374 0.0000e+00
     93.000    14.5105     0.3409    96.9333 4.6095e-01 1.5181e+03    203.073    14.4965    37.9358    28.3498 0.0000e+00
     94.000    14.5095     0.3138    97.0095 4.2538e-01 1.5756e+03    203.183    14.4953    37.9420    28.3549 0.0000e+00
     95.000    14.4873     0.3115    97.0489 3.9704e-01 1.5345e+03    201.445    14.4729    37.9541    28.3691 0.0000e+00
     96.000    14.5022     0.3302    96.9158 3.7207e-01 1.5033e+03    204.047    14.4877    37.9738    28.3811 0.0000e+00
     97.000    14.5101     0.3398    97.0927 3.4719e-01 1.5536e+03    205.822    14.4954    37.9814    28.3853 0.0000e+00
     98.000    14.4987     0.3096    97.1491 3.2232e-01 1.5796e+03    206.788    14.4838    37.9909    28.3952 0.0000e+00
     99.000    14.4902     0.2943    97.1903 2.9856e-01 1.5164e+03    206.260    14.4753    37.9981    28.4027 0.0000e+00
    100.000    14.4858     0.3002    97.2477 2.7921e-01 1.5285e+03    206.546    14.4706    38.0042    28.4084 0.0000e+00
    101.000    14.4658     0.3046    97.2456 2.6172e-01 1.5666e+03    205.646    14.4506    38.0126    28.4193 0.0000e+00
    102.000    14.4480     0.2876    97.2765 2.4247e-01 1.5556e+03    204.963    14.4326    38.0216    28.4303 0.0000e+00
    103.000    14.4263     0.2891    97.3436 2.2781e-01 1.4963e+03    204.340    14.4108    38.0286    28.4404 0.0000e+00
    104.000    14.4094     0.2810    97.3774 2.1043e-01 1.5360e+03    203.658    14.3937    38.0353    28.4494 0.0000e+00
    105.000    14.3863     0.2764    97.4016 1.9762e-01 1.5057e+03    202.704    14.3705    38.0450    28.4620 0.0000e+00
    106.000    14.3672     0.2724    97.4395 1.8524e-01 1.5495e+03    202.281    14.3512    38.0508    28.4707 0.0000e+00
    107.000    14.3513     0.2616    97.4622 1.7289e-01 1.5624e+03    202.093    14.3352    38.0563    28.4785 0.0000e+00
    108.000    14.3193     0.2594    97.4923 1.6076e-01 1.4924e+03    201.167    14.3031    38.0664    28.4934 0.0000e+00
    109.000    14.2971     0.2602    97.5346 1.5068e-01 1.4549e+03    200.344    14.2807    38.0724    28.5028 0.0000e+00
    110.000    14.2778     0.2628    97.5687 1.4459e-01 1.5446e+03    200.225    14.2613    38.0762    28.5101 0.0000e+00
    111.000    14.2576     0.2536    97.6252 1.3689e-01 1.5186e+03    199.259    14.2410    38.0827    28.5195 0.0000e+00
    112.000    14.2463     0.2477    97.6536 1.2925e-01 1.5042e+03    198.878    14.2296    38.0873    28.5256 0.0000e+00
    113.000    14.2343     0.2486    97.6698 1.2357e-01 1.5047e+03    197.301    14.2173    38.0920    28.5319 0.0000e+00
    114.000    14.2091     0.2410    97.6907 1.1671e-01 1.5138e+03    195.344    14.1920    38.1010    28.5444 0.0000e+00
    115.000    14.1807     0.2362    97.7446 1.0854e-01 1.4051e+03    193.501    14.1636    38.1084    28.5563 0.0000e+00
    116.000    14.1622     0.2255    97.7624 1.0508e-01 1.5339e+03    193.476    14.1448    38.1142    28.5649 0.0000e+00
    117.000    14.1401     0.2256    97.7856 1.0113e-01 1.4809e+03    191.456    14.1226    38.1221    28.5758 0.0000e+00
    118.000    14.1217     0.2181    97.8011 9.5189e-02 1.5477e+03    190.122    14.1041    38.1282    28.5845 0.0000e+00
    119.000    14.1140     0.2151    97.8385 9.0919e-02 1.4879e+03    189.574    14.0962    38.1304    28.5880 0.0000e+00
    120.000    14.1050     0.2176    97.8451 8.5591e-02 1.4745e+03    188.814    14.0871    38.1343    28.5930 0.0000e+00
    121.000    14.0855     0.2209    97.8513 8.2961e-02 1.3418e+03    187.389    14.0675    38.1409    28.6023 0.0000e+00
    122.000    14.0751     0.2139    97.8636 7.9302e-02 1.5284e+03    186.653    14.0569    38.1459    28.6085 0.0000e+00
    123.000    14.0677     0.2102    97.8636 7.3659e-02 1.2191e+03    186.791    14.0494    38.1505    28.6137 0.0000e+00
    124.000    14.0503     0.2115    97.8589 7.1245e-02 1.5563e+03    187.763    14.0319    38.1553    28.6212 0.0000e+00
    125.000    14.0404     0.2136    97.8571 6.7696e-02 1.2292e+03    188.183    14.0218    38.1579    28.6254 0.0000e+00
    126.000    14.0219     0.2215    97.8590 6.5081e-02 1.4956e+03    191.792    14.0032    38.1663    28.6359 0.0000e+00
    127.000    14.0206     0.2158    97.8509 5.9502e-02 1.3525e+03    192.084    14.0018    38.1706    28.6396 0.0000e+00
    128.000    14.0023     0.2191    97.8806 5.6197e-02 1.4839e+03    193.101    13.9834    38.1727    28.6452 0.0000e+00
    129.000    13.9922     0.2160    97.8886 5.2801e-02 1.4581e+03    193.661    13.9730    38.1758    28.6498 0.0000e+00
    130.000    13.9888     0.2138    97.9077 4.9604e-02 1.4858e+03    193.176    13.9696    38.1800    28.6538 0.0000e+00
    131.000    13.9877     0.2150    97.8904 4.8782e-02 1.4903e+03    193.052    13.9683    38.1823    28.6559 0.0000e+00
    132.000    13.9835     0.2041    97.9099 4.5855e-02 1.3815e+03    193.823    13.9639    38.1855    28.6592 0.0000e+00
