Data/ruptures/PEACETIME/FAST/PEACETIME_FAST_CTD_088.cnv
* Sea-Bird SBE 9 Data File:
* FileName = C:\CTD\rawCTD\PEACETIME_FAST_CTD_088.hdr
* Software Version Seasave V 7.23.2
* Temperature SN = 1378
* Conductivity SN = 2929
* Number of Bytes Per Scan = 38
* Number of Voltage Words = 5
* Number of Scans Averaged by the Deck Unit = 1
* NMEA Latitude = 37 56.81 N
* NMEA Longitude = 002 54.96 E
* NMEA UTC (Time) = Jun 08 2017  19:18:19
* NMEA baud rate = 4800
** Cruise:   PEACETIME
** Station:   FAST_CTD_088
# nquan = 11
# nvalues = 198                         
# units = specified
# name 0 = prDM: Pressure, Digiquartz [db]
# name 1 = t090C: Temperature [ITS-90, deg C]
# name 2 = flC: Fluorescence, Chelsea Aqua 3 Chl Con [ug/l]
# name 3 = CStarTr0: Beam Transmission, WET Labs C-Star [%]
# name 4 = par: PAR/Irradiance, Biospherical/Licor
# name 5 = spar: SPAR/Surface Irradiance
# name 6 = sbeox0Mm/Kg: Oxygen, SBE 43 [umol/kg]
# name 7 = potemp090C: Potential Temperature [ITS-90, deg C]
# name 8 = sal00: Salinity, Practical [PSU]
# name 9 = sigma-é00: Density [sigma-theta, kg/m^3]
# name 10 = flag:
# span 0 =      3.000,    200.000       
# span 1 =    13.6265,    21.6651       
# span 2 =     0.1746,     0.4382       
# span 3 =    95.1432,    98.1164       
# span 4 = -7.677e-07, 1.2857e+00       
# span 5 = 2.1304e+00, 1.1494e+01       
# span 6 =    179.057,    240.772       
# span 7 =    13.5982,    21.6634       
# span 8 =    36.9953,    38.3859       
# span 9 =    25.9096,    28.8913       
# span 10 = 0.0000e+00, 0.0000e+00      
# interval = decibars: 1                
# start_time = Jun 08 2017 19:18:19 [NMEA time, first data scan]
# bad_flag = -9.990e-29
*END*
      3.000    21.6621     0.1986    96.5096 1.2857e+00 8.5257e+00    209.088    21.6615    37.0997    25.9096 0.0000e+00
      4.000    21.6641     0.2020    96.5349 1.0532e+00 8.0312e+00    209.248    21.6633    37.1004    25.9096 0.0000e+00
      5.000    21.6643     0.1993    96.5660 8.5593e-01 6.9110e+00    209.337    21.6633    37.1003    25.9096 0.0000e+00
      6.000    21.6611     0.1968    96.5734 7.6619e-01 1.0392e+01    209.117    21.6599    37.1004    25.9106 0.0000e+00
      7.000    21.6602     0.2000    96.5709 6.9269e-01 8.2005e+00    209.224    21.6589    37.1003    25.9109 0.0000e+00
      8.000    21.6648     0.1995    96.5695 6.4100e-01 9.1640e+00    209.688    21.6632    37.1006    25.9099 0.0000e+00
      9.000    21.6651     0.1991    96.5639 5.7983e-01 9.2476e+00    209.569    21.6634    37.1006    25.9098 0.0000e+00
     10.000    21.6646     0.1997    96.5568 5.5286e-01 9.0087e+00    209.597    21.6626    37.1003    25.9098 0.0000e+00
     11.000    21.6609     0.1992    96.5707 5.0879e-01 8.2623e+00    209.450    21.6588    37.0998    25.9105 0.0000e+00
     12.000    21.6184     0.1988    96.5690 4.5954e-01 6.4368e+00    209.872    21.6160    37.0971    25.9204 0.0000e+00
     13.000    21.5894     0.1979    96.5481 4.3036e-01 8.6127e+00    210.190    21.5868    37.0960    25.9277 0.0000e+00
     14.000    21.6043     0.1930    96.5505 3.8065e-01 9.1127e+00    210.156    21.6015    37.0970    25.9244 0.0000e+00
     15.000    21.5624     0.1905    96.5451 3.4537e-01 7.9261e+00    210.115    21.5594    37.0929    25.9331 0.0000e+00
     16.000    21.5204     0.1924    96.5513 3.3185e-01 8.3079e+00    209.757    21.5173    37.0917    25.9439 0.0000e+00
     17.000    21.2516     0.1891    96.5222 3.0571e-01 7.0866e+00    210.401    21.2483    37.0741    26.0052 0.0000e+00
     18.000    21.0875     0.1953    96.4918 3.0508e-01 8.3651e+00    212.061    21.0840    37.0725    26.0495 0.0000e+00
     19.000    20.8767     0.1938    96.4320 2.7735e-01 7.6498e+00    212.222    20.8731    37.0671    26.1033 0.0000e+00
     20.000    20.6032     0.1959    96.5173 2.6447e-01 7.5034e+00    213.853    20.5994    37.0859    26.1924 0.0000e+00
     21.000    20.2789     0.1948    96.6568 2.5945e-01 5.5417e+00    216.695    20.2750    37.0276    26.2355 0.0000e+00
     22.000    20.0074     0.1934    96.6823 2.4848e-01 7.7317e+00    219.535    20.0033    36.9953    26.2838 0.0000e+00
     23.000    19.9389     0.1920    96.7494 2.3216e-01 9.7292e+00    220.923    19.9346    37.0053    26.3097 0.0000e+00
     24.000    19.8960     0.1932    96.7866 2.2806e-01 6.5367e+00    220.427    19.8915    37.0240    26.3355 0.0000e+00
     25.000    19.7152     0.1942    96.8801 2.1574e-01 8.2155e+00    220.256    19.7106    37.0279    26.3864 0.0000e+00
     26.000    19.2269     0.1915    96.8488 2.0805e-01 1.0482e+01    223.919    19.2221    37.0163    26.5056 0.0000e+00
     27.000    19.0511     0.1931    96.8166 1.9974e-01 8.5116e+00    225.788    19.0462    37.0271    26.5596 0.0000e+00
     28.000    18.8950     0.1910    96.8819 1.9278e-01 8.0554e+00    225.752    18.8900    37.0390    26.6090 0.0000e+00
     29.000    18.6732     0.1919    96.9318 1.8391e-01 7.5384e+00    226.378    18.6681    37.0385    26.6655 0.0000e+00
     30.000    18.4883     0.1939    96.8990 1.7729e-01 1.1494e+01    228.402    18.4830    37.0362    26.7109 0.0000e+00
     31.000    18.4011     0.1974    96.8891 1.6814e-01 7.5890e+00    229.610    18.3957    37.0394    26.7355 0.0000e+00
     32.000    18.3155     0.1927    96.8888 1.6100e-01 1.1157e+01    229.800    18.3099    37.0414    26.7587 0.0000e+00
     33.000    18.1856     0.1927    96.9315 1.5578e-01 9.8547e+00    230.524    18.1799    37.0668    26.8110 0.0000e+00
     34.000    18.0797     0.1954    96.9145 1.4694e-01 8.6929e+00    231.143    18.0738    37.0714    26.8411 0.0000e+00
     35.000    17.9853     0.1967    96.8703 1.4140e-01 6.0333e+00    230.725    17.9793    37.0789    26.8705 0.0000e+00
     36.000    17.7865     0.1963    96.8062 1.3647e-01 6.9581e+00    232.503    17.7803    37.1105    26.9443 0.0000e+00
     37.000    17.7315     0.1935    96.7896 1.3127e-01 8.7234e+00    232.668    17.7252    37.1234    26.9678 0.0000e+00
     38.000    17.6674     0.1911    96.7920 1.2590e-01 8.2136e+00    232.423    17.6609    37.1196    26.9809 0.0000e+00
     39.000    17.4873     0.1957    96.7247 1.2063e-01 8.2316e+00    234.509    17.4806    37.1283    27.0320 0.0000e+00
     40.000    17.4863     0.2001    96.7505 1.1403e-01 6.3143e+00    235.615    17.4795    37.1327    27.0356 0.0000e+00
     41.000    17.4715     0.1960    96.7695 1.0799e-01 9.6038e+00    235.159    17.4645    37.1437    27.0478 0.0000e+00
     42.000    17.4344     0.1997    96.7044 1.0240e-01 9.4982e+00    234.428    17.4273    37.1580    27.0679 0.0000e+00
     43.000    17.2756     0.2050    96.6922 9.7517e-02 8.6338e+00    235.159    17.2683    37.1639    27.1112 0.0000e+00
     44.000    17.1403     0.2040    96.6849 9.1048e-02 9.9995e+00    235.411    17.1329    37.1900    27.1642 0.0000e+00
     45.000    16.9643     0.2059    96.5463 8.4823e-02 6.4574e+00    236.966    16.9568    37.2121    27.2238 0.0000e+00
     46.000    16.8256     0.2020    96.5230 8.0508e-02 7.1936e+00    239.051    16.8180    37.2284    27.2697 0.0000e+00
     47.000    16.7573     0.2091    96.5245 7.7975e-02 8.1309e+00    239.886    16.7496    37.2379    27.2934 0.0000e+00
     48.000    16.6395     0.2067    96.5350 7.0712e-02 6.9864e+00    236.845    16.6316    37.2368    27.3207 0.0000e+00
     49.000    16.2996     0.2092    96.4075 6.7112e-02 6.5880e+00    238.592    16.2916    37.2235    27.3910 0.0000e+00
     50.000    16.3947     0.2086    96.3805 6.1599e-02 7.8049e+00    238.760    16.3866    37.2335    27.3763 0.0000e+00
     51.000    16.1971     0.2159    96.3864 5.7645e-02 7.8932e+00    240.772    16.1888    37.2772    27.4565 0.0000e+00
     52.000    16.1621     0.2125    96.4694 5.2501e-02 7.7015e+00    239.212    16.1537    37.3188    27.4968 0.0000e+00
     53.000    16.0903     0.2152    96.5252 4.7594e-02 7.5819e+00    239.863    16.0817    37.3402    27.5301 0.0000e+00
     54.000    15.9904     0.2108    96.5274 4.3545e-02 8.1636e+00    238.022    15.9817    37.3767    27.5816 0.0000e+00
     55.000    15.7883     0.2096    96.5551 3.8853e-02 7.9417e+00    237.440    15.7796    37.3965    27.6437 0.0000e+00
     56.000    15.7322     0.2221    96.5181 3.7514e-02 7.2044e+00    237.011    15.7234    37.4140    27.6702 0.0000e+00
     57.000    15.7116     0.2219    96.5371 3.4402e-02 8.2923e+00    237.158    15.7026    37.4209    27.6803 0.0000e+00
     58.000    15.6843     0.2138    96.5712 3.0964e-02 7.1182e+00    236.271    15.6751    37.4340    27.6968 0.0000e+00
     59.000    15.6441     0.2164    96.5215 2.8000e-02 7.5190e+00    235.766    15.6348    37.4509    27.7190 0.0000e+00
     60.000    15.6342     0.2227    96.5363 2.6177e-02 7.7435e+00    235.836    15.6247    37.4595    27.7280 0.0000e+00
     61.000    15.6362     0.2175    96.5593 2.4095e-02 7.2908e+00    235.809    15.6265    37.4820    27.7449 0.0000e+00
     62.000    15.6042     0.2163    96.5944 2.2117e-02 5.0055e+00    235.242    15.5944    37.5072    27.7718 0.0000e+00
     63.000    15.5710     0.2208    96.3369 2.0801e-02 5.8514e+00    234.995    15.5611    37.5417    27.8059 0.0000e+00
     64.000    15.5613     0.2284    96.6105 1.8689e-02 6.8386e+00    234.474    15.5512    37.5683    27.8287 0.0000e+00
     65.000    15.4908     0.2274    96.6018 1.5259e-02 7.1390e+00    232.977    15.4806    37.5706    27.8467 0.0000e+00
     66.000    15.3366     0.2295    96.4564 1.3421e-02 7.2437e+00    231.352    15.3263    37.5477    27.8642 0.0000e+00
     67.000    15.3210     0.2423    96.1015 1.3801e-02 7.1871e+00    233.978    15.3105    37.5805    27.8931 0.0000e+00
     68.000    15.4528     0.2464    96.1474 1.1062e-02 7.4863e+00    235.102    15.4421    37.6573    27.9224 0.0000e+00
     69.000    15.3181     0.2506    96.1115 8.2033e-03 6.8198e+00    233.274    15.3073    37.6572    27.9530 0.0000e+00
     70.000    15.2459     0.2688    95.8363 8.0010e-03 6.7572e+00    233.229    15.2349    37.6731    27.9817 0.0000e+00
     71.000    15.2177     0.2787    95.7104 7.5042e-03 6.2346e+00    233.488    15.2066    37.6924    28.0030 0.0000e+00
     72.000    15.1741     0.2975    95.7326 6.2285e-03 6.1595e+00    232.242    15.1629    37.7015    28.0200 0.0000e+00
     73.000    15.1427     0.3191    95.5965 5.0737e-03 6.7576e+00    231.657    15.1314    37.7188    28.0404 0.0000e+00
     74.000    15.1250     0.3254    95.4231 4.6035e-03 6.2434e+00    231.996    15.1135    37.7328    28.0553 0.0000e+00
     75.000    15.0983     0.3257    95.1432 3.1456e-03 6.5920e+00    231.484    15.0867    37.7562    28.0794 0.0000e+00
     76.000    15.0498     0.3357    95.4430 3.3196e-03 5.9517e+00    225.036    15.0381    37.7601    28.0933 0.0000e+00
     77.000    14.9726     0.3700    95.3247 2.6872e-03 6.2335e+00    219.928    14.9607    37.7622    28.1124 0.0000e+00
     78.000    14.8803     0.4111    95.1608 1.8683e-03 5.8053e+00    213.679    14.8683    37.7559    28.1282 0.0000e+00
     79.000    14.8503     0.4105    95.2139 1.5800e-03 5.7068e+00    210.860    14.8381    37.7628    28.1403 0.0000e+00
     80.000    14.8479     0.4169    95.2915 2.6413e-04 7.4475e+00    210.454    14.8356    37.7702    28.1466 0.0000e+00
     81.000    14.7862     0.4382    95.4910 7.7765e-05 5.8514e+00    205.485    14.7738    37.7875    28.1737 0.0000e+00
     82.000    14.7468     0.4109    95.7728 4.6076e-04 7.4096e+00    201.909    14.7342    37.8018    28.1936 0.0000e+00
     83.000    14.7346     0.3820    95.9432 2.6202e-04 6.8906e+00    204.944    14.7219    37.8157    28.2070 0.0000e+00
     84.000    14.7262     0.3756    96.1604 6.0513e-06 5.8459e+00    203.302    14.7133    37.8221    28.2139 0.0000e+00
     85.000    14.7078     0.3509    96.3243 9.1479e-06 5.3678e+00    204.400    14.6948    37.8351    28.2280 0.0000e+00
     86.000    14.6920     0.3309    96.5062 5.4135e-05 6.9110e+00    208.929    14.6789    37.8522    28.2448 0.0000e+00
     87.000    14.6901     0.3351    96.6402 2.9726e-06 5.7695e+00    211.771    14.6769    37.8651    28.2552 0.0000e+00
     88.000    14.7040     0.3286    96.6583 -9.990e-29 5.8803e+00    214.845    14.6906    37.8823    28.2655 0.0000e+00
     89.000    14.6972     0.3119    96.6583 -9.990e-29 5.5818e+00    213.099    14.6836    37.8877    28.2712 0.0000e+00
     90.000    14.6555     0.3002    96.7602 1.0000e-12 6.8984e+00    209.542    14.6418    37.8919    28.2837 0.0000e+00
     91.000    14.6244     0.3094    96.8042 1.0000e-12 5.7503e+00    207.922    14.6106    37.8998    28.2967 0.0000e+00
     92.000    14.6087     0.3122    96.7024 1.0000e-12 5.4295e+00    208.414    14.5947    37.9094    28.3077 0.0000e+00
     93.000    14.5959     0.3025    96.8130 1.0000e-12 5.7482e+00    208.124    14.5817    37.9160    28.3157 0.0000e+00
     94.000    14.5785     0.2956    96.7826 1.0000e-12 4.8644e+00    208.064    14.5643    37.9274    28.3283 0.0000e+00
     95.000    14.5527     0.3070    96.8306 1.0000e-12 5.3905e+00    208.021    14.5383    37.9387    28.3429 0.0000e+00
     96.000    14.5321     0.3111    97.0497 1.0000e-12 4.7189e+00    210.065    14.5175    37.9455    28.3527 0.0000e+00
     97.000    14.5083     0.2962    97.0320 1.0000e-12 4.2645e+00    206.464    14.4936    37.9553    28.3655 0.0000e+00
     98.000    14.4898     0.2836    97.1406 1.0000e-12 4.4313e+00    207.504    14.4750    37.9634    28.3759 0.0000e+00
     99.000    14.4566     0.2765    97.2967 1.0000e-12 5.7512e+00    208.633    14.4416    37.9756    28.3927 0.0000e+00
    100.000    14.4466     0.2686    97.2865 1.0000e-12 5.6348e+00    207.106    14.4315    37.9805    28.3987 0.0000e+00
    101.000    14.4323     0.2727    97.2943 1.0000e-12 4.7733e+00    205.365    14.4171    37.9940    28.4123 0.0000e+00
    102.000    14.4344     0.2773    97.2870 1.0000e-12 4.8082e+00    204.732    14.4190    38.0007    28.4171 0.0000e+00
    103.000    14.4141     0.2769    97.2651 1.0000e-12 4.1845e+00    201.094    14.3986    38.0066    28.4261 0.0000e+00
    104.000    14.3875     0.2705    97.3662 1.0000e-12 4.5614e+00    198.052    14.3719    38.0132    28.4371 0.0000e+00
    105.000    14.3745     0.2596    97.4254 1.0000e-12 5.4878e+00    196.401    14.3587    38.0217    28.4466 0.0000e+00
    106.000    14.3450     0.2554    97.4186 1.0000e-12 5.7124e+00    194.923    14.3291    38.0376    28.4653 0.0000e+00
    107.000    14.3179     0.2528    97.5121 1.0000e-12 6.1160e+00    195.341    14.3018    38.0522    28.4826 0.0000e+00
    108.000    14.2947     0.2492    97.5509 1.0000e-12 4.9304e+00    195.473    14.2785    38.0584    28.4925 0.0000e+00
    109.000    14.2774     0.2386    97.5675 1.0000e-12 5.5622e+00    195.844    14.2611    38.0667    28.5027 0.0000e+00
    110.000    14.2430     0.2296    97.6056 -9.990e-29 4.0280e+00    196.078    14.2265    38.0831    28.5230 0.0000e+00
    111.000    14.2279     0.2237    97.6388 -9.990e-29 5.5966e+00    196.424    14.2112    38.0887    28.5306 0.0000e+00
    112.000    14.2317     0.2215    97.6555 1.0000e-12 3.8194e+00    196.516    14.2150    38.0878    28.5291 0.0000e+00
    113.000    14.2244     0.2231    97.6308 1.0000e-12 4.7533e+00    196.868    14.2075    38.0915    28.5336 0.0000e+00
    114.000    14.2052     0.2187    97.7076 -9.990e-29 5.6738e+00    197.036    14.1881    38.1022    28.5462 0.0000e+00
    115.000    14.1837     0.2155    97.7203 -9.990e-29 4.8383e+00    196.922    14.1665    38.1117    28.5582 0.0000e+00
    116.000    14.1830     0.2198    97.7410 1.0000e-12 4.8013e+00    196.557    14.1656    38.1124    28.5589 0.0000e+00
    117.000    14.1736     0.2174    97.7536 3.2220e-06 4.0913e+00    196.776    14.1561    38.1166    28.5643 0.0000e+00
    118.000    14.1542     0.2110    97.7898 6.8959e-05 4.5468e+00    196.689    14.1366    38.1235    28.5739 0.0000e+00
    119.000    14.1445     0.2081    97.7988 -9.990e-29 6.3673e+00    196.154    14.1267    38.1281    28.5796 0.0000e+00
    120.000    14.1158     0.2113    97.8071 1.0000e-12 4.7100e+00    196.094    14.0979    38.1413    28.5961 0.0000e+00
    121.000    14.0862     0.2057    97.8313 1.0000e-12 4.2017e+00    196.276    14.0682    38.1517    28.6105 0.0000e+00
    122.000    14.0839     0.2065    97.8411 1.0000e-12 4.8981e+00    195.907    14.0657    38.1533    28.6123 0.0000e+00
    123.000    14.0636     0.2013    97.8314 1.0000e-12 5.5545e+00    196.606    14.0453    38.1608    28.6226 0.0000e+00
    124.000    14.0337     0.2011    97.8789 1.0000e-12 4.3599e+00    196.970    14.0153    38.1711    28.6371 0.0000e+00
    125.000    14.0114     0.1970    97.8856 1.0183e-06 4.3911e+00    194.959    13.9929    38.1789    28.6479 0.0000e+00
    126.000    14.0032     0.1976    97.9142 2.0383e-05 5.9345e+00    196.798    13.9845    38.1825    28.6525 0.0000e+00
    127.000    13.9928     0.2002    97.9230 1.2406e-05 5.3173e+00    193.537    13.9739    38.1858    28.6574 0.0000e+00
    128.000    13.9784     0.1935    97.9509 4.2242e-05 3.7559e+00    188.882    13.9594    38.1885    28.6626 0.0000e+00
    129.000    13.9655     0.1909    97.9516 4.1626e-04 6.0100e+00    187.970    13.9464    38.1937    28.6695 0.0000e+00
    130.000    13.9568     0.1873    97.9567 7.2391e-04 5.5166e+00    187.628    13.9376    38.1965    28.6735 0.0000e+00
    131.000    13.9377     0.1877    97.9619 3.9790e-05 4.5905e+00    186.348    13.9183    38.2024    28.6822 0.0000e+00
    132.000    13.9264     0.1897    97.9611 4.6350e-05 4.5248e+00    185.904    13.9068    38.2063    28.6877 0.0000e+00
    133.000    13.9233     0.1873    97.9644 3.5904e-04 4.8523e+00    191.045    13.9036    38.2091    28.6906 0.0000e+00
