Data/ruptures/PEACETIME/FAST/PEACETIME_FAST_CTD_058.cnv
* Sea-Bird SBE 9 Data File:
* FileName = C:\CTD\rawCTD\PEACETIME_FAST_CTD_058.hdr
* Software Version Seasave V 7.23.2
* Temperature SN = 1378
* Conductivity SN = 2929
* Number of Bytes Per Scan = 38
* Number of Voltage Words = 5
* Number of Scans Averaged by the Deck Unit = 1
* NMEA Latitude = 37 56.82 N
* NMEA Longitude = 002 54.92 E
* NMEA UTC (Time) = Jun 03 2017  04:19:58
* NMEA baud rate = 4800
** Cruise:   PEACETIME
** Station:   FAST_CTD_058
# nquan = 11
# nvalues = 2822                        
# units = specified
# name 0 = prDM: Pressure, Digiquartz [db]
# name 1 = t090C: Temperature [ITS-90, deg C]
# name 2 = flC: Fluorescence, Chelsea Aqua 3 Chl Con [ug/l]
# name 3 = CStarTr0: Beam Transmission, WET Labs C-Star [%]
# name 4 = par: PAR/Irradiance, Biospherical/Licor
# name 5 = spar: SPAR/Surface Irradiance
# name 6 = sbeox0Mm/Kg: Oxygen, SBE 43 [umol/kg]
# name 7 = potemp090C: Potential Temperature [ITS-90, deg C]
# name 8 = sal00: Salinity, Practical [PSU]
# name 9 = sigma-é00: Density [sigma-theta, kg/m^3]
# name 10 = flag:
# span 0 =      1.000,   2822.000       
# span 1 =    13.1213,    21.0562       
# span 2 =     0.1732,     0.3995       
# span 3 =    95.6297,    98.4580       
# span 4 = -5.928e-06, 3.8156e+00       
# span 5 = 9.2733e+00, 4.8341e+02       
# span 6 =    152.236,    239.457       
# span 7 =    12.9037,    21.0548       
# span 8 =    37.0458,    38.5868       
# span 9 =    26.0383,    29.1162       
# span 10 = 0.0000e+00, 0.0000e+00      
# interval = decibars: 1                
# start_time = Jun 03 2017 04:21:58 [NMEA time, first data scan]
# bad_flag = -9.990e-29
*END*
[from data line 1574]
   1575.000    13.1482     0.1846 -9.990e-29 2.6951e-03 1.6751e+02    176.707    12.9122    38.4803    29.1104 0.0000e+00
   1576.000    13.1482     0.1853 -9.990e-29 2.4747e-03 1.6844e+02    176.716    12.9121    38.4803    29.1104 0.0000e+00
   1577.000    13.1481     0.1808 -9.990e-29 2.0526e-03 1.6828e+02    177.293    12.9118    38.4803    29.1104 0.0000e+00
   1578.000    13.1482     0.1824 -9.990e-29 2.2293e-03 1.6918e+02    177.372    12.9118    38.4804    29.1105 0.0000e+00
   1579.000    13.1481     0.1856 -9.990e-29 7.8017e-04 1.7062e+02    177.238    12.9115    38.4802    29.1104 0.0000e+00
   1580.000    13.1482     0.1868 -9.990e-29 3.5077e-03 1.6891e+02    177.092    12.9115    38.4802    29.1105 0.0000e+00
   1581.000    13.1485     0.1931 -9.990e-29 1.7497e-03 1.7350e+02    176.933    12.9115    38.4802    29.1104 0.0000e+00
   1582.000    13.1486     0.1930 -9.990e-29 1.2153e-03 1.6972e+02    176.975    12.9115    38.4803    29.1105 0.0000e+00
   1583.000    13.1488     0.1925 -9.990e-29 7.3398e-04 1.7534e+02    176.930    12.9115    38.4804    29.1106 0.0000e+00
   1584.000    13.1490     0.1847 -9.990e-29 1.5209e-03 1.7446e+02    176.761    12.9116    38.4803    29.1105 0.0000e+00
   1585.000    13.1491     0.1842 -9.990e-29 2.8425e-03 1.7183e+02    176.987    12.9116    38.4803    29.1105 0.0000e+00
   1586.000    13.1492     0.1861 -9.990e-29 2.5243e-03 1.6649e+02    176.708    12.9114    38.4805    29.1107 0.0000e+00
   1587.000    13.1493     0.1863 -9.990e-29 2.5064e-03 1.7217e+02    176.911    12.9115    38.4805    29.1107 0.0000e+00
   1588.000    13.1497     0.1815 -9.990e-29 1.0402e-03 1.7668e+02    177.165    12.9116    38.4805    29.1107 0.0000e+00
   1589.000    13.1499     0.1754 -9.990e-29 8.4454e-04 1.7086e+02    176.946    12.9117    38.4805    29.1107 0.0000e+00
   1590.000    13.1501     0.1775 -9.990e-29 1.3083e-03 1.7386e+02    177.052    12.9117    38.4805    29.1106 0.0000e+00
   1591.000    13.1501     0.1828 -9.990e-29 3.2390e-04 1.7182e+02    177.254    12.9116    38.4805    29.1107 0.0000e+00
   1592.000    13.1505     0.1835 -9.990e-29 7.2313e-04 1.7088e+02    176.958    12.9119    38.4806    29.1107 0.0000e+00
   1593.000    13.1509     0.1849 -9.990e-29 1.3805e-04 1.7507e+02    177.305    12.9121    38.4805    29.1106 0.0000e+00
   1594.000    13.1510     0.1865 -9.990e-29 1.6913e-07 1.7581e+02    177.477    12.9120    38.4806    29.1106 0.0000e+00
   1595.000    13.1513     0.1878 -9.990e-29 6.4516e-04 1.7379e+02    177.291    12.9122    38.4807    29.1107 0.0000e+00
   1596.000    13.1514     0.1888 -9.990e-29 1.0596e-03 1.7345e+02    177.104    12.9121    38.4807    29.1107 0.0000e+00
   1597.000    13.1516     0.1897 -9.990e-29 2.1420e-03 1.7322e+02    177.013    12.9121    38.4806    29.1106 0.0000e+00
   1598.000    13.1517     0.1937 -9.990e-29 1.3790e-03 1.7559e+02    177.113    12.9121    38.4806    29.1106 0.0000e+00
   1599.000    13.1519     0.1924 -9.990e-29 3.2954e-04 1.7594e+02    177.226    12.9121    38.4806    29.1106 0.0000e+00
   1600.000    13.1520     0.1913 -9.990e-29 9.4360e-04 1.7440e+02    177.328    12.9121    38.4807    29.1107 0.0000e+00
   1601.000    13.1520     0.1888 -9.990e-29 1.3515e-03 1.7584e+02    177.315    12.9119    38.4807    29.1107 0.0000e+00
   1602.000    13.1521     0.1868 -9.990e-29 3.5492e-04 1.7085e+02    177.000    12.9118    38.4805    29.1106 0.0000e+00
   1603.000    13.1522     0.1876 -9.990e-29 5.3535e-04 1.7115e+02    176.724    12.9117    38.4807    29.1108 0.0000e+00
   1604.000    13.1523     0.1867 -9.990e-29 1.3506e-03 1.7074e+02    176.678    12.9118    38.4806    29.1107 0.0000e+00
   1605.000    13.1526     0.1870 -9.990e-29 9.2208e-04 1.7339e+02    176.685    12.9118    38.4806    29.1107 0.0000e+00
   1606.000    13.1527     0.1844    98.4476 3.1992e-04 1.7224e+02    177.017    12.9118    38.4806    29.1107 0.0000e+00
   1607.000    13.1529     0.1836    98.4465 1.8298e-03 1.7387e+02    177.306    12.9118    38.4806    29.1107 0.0000e+00
   1608.000    13.1530     0.1856    98.4476 4.5714e-04 1.7454e+02    177.283    12.9118    38.4806    29.1107 0.0000e+00
   1609.000    13.1529     0.1866    98.4318 8.1360e-04 1.7243e+02    177.326    12.9116    38.4808    29.1109 0.0000e+00
   1610.000    13.1531     0.1868    98.4454 1.3288e-03 1.7603e+02    177.622    12.9116    38.4806    29.1107 0.0000e+00
   1611.000    13.1533     0.1910    98.4346 1.1601e-03 1.7666e+02    177.481    12.9116    38.4807    29.1108 0.0000e+00
   1612.000    13.1535     0.1894 -9.990e-29 4.1377e-04 1.7133e+02    177.313    12.9116    38.4806    29.1107 0.0000e+00
   1613.000    13.1536     0.1866 -9.990e-29 1.4743e-03 1.7564e+02    177.252    12.9116    38.4806    29.1107 0.0000e+00
   1614.000    13.1537     0.1891 -9.990e-29 8.0723e-04 1.7614e+02    177.252    12.9115    38.4807    29.1108 0.0000e+00
   1615.000    13.1539     0.1891 -9.990e-29 3.3339e-03 1.7562e+02    177.134    12.9115    38.4806    29.1107 0.0000e+00
   1616.000    13.1540     0.1856 -9.990e-29 2.0452e-03 1.8046e+02    176.927    12.9115    38.4806    29.1107 0.0000e+00
   1617.000    13.1542     0.1780 -9.990e-29 1.4402e-03 1.7774e+02    177.269    12.9115    38.4805    29.1107 0.0000e+00
   1618.000    13.1543     0.1810 -9.990e-29 3.4816e-03 1.7603e+02    177.656    12.9115    38.4806    29.1107 0.0000e+00
   1619.000    13.1544     0.1879 -9.990e-29 3.4865e-03 1.8009e+02    177.497    12.9115    38.4807    29.1108 0.0000e+00
   1620.000    13.1545     0.1886 -9.990e-29 5.0909e-04 1.7716e+02    177.282    12.9114    38.4806    29.1108 0.0000e+00
   1621.000    13.1547     0.1875 -9.990e-29 1.7360e-03 1.7679e+02    177.121    12.9114    38.4806    29.1107 0.0000e+00
   1622.000    13.1548     0.1912 -9.990e-29 2.1774e-03 1.7413e+02    177.415    12.9113    38.4806    29.1108 0.0000e+00
   1623.000    13.1549     0.1938 -9.990e-29 3.6722e-03 1.8059e+02    177.603    12.9113    38.4807    29.1108 0.0000e+00
   1624.000    13.1552     0.1912 -9.990e-29 2.5358e-03 1.7634e+02    177.514    12.9114    38.4807    29.1109 0.0000e+00
   1625.000    13.1553     0.1876 -9.990e-29 2.2526e-03 1.7670e+02    177.319    12.9114    38.4807    29.1109 0.0000e+00
   1626.000    13.1554     0.1852 -9.990e-29 1.2446e-03 1.8034e+02    177.154    12.9114    38.4808    29.1109 0.0000e+00
   1627.000    13.1555     0.1885    98.4396 1.0566e-03 1.7525e+02    176.754    12.9113    38.4807    29.1108 0.0000e+00
   1628.000    13.1558     0.1885    98.4422 1.6722e-03 1.8071e+02    177.114    12.9113    38.4807    29.1109 0.0000e+00
   1629.000    13.1557     0.1929    98.4444 3.8664e-03 1.7684e+02    177.325    12.9111    38.4808    29.1110 0.0000e+00
   1630.000    13.1558     0.1961    98.4355 2.6805e-03 1.7809e+02    177.229    12.9111    38.4806    29.1108 0.0000e+00
   1631.000    13.1558     0.1912    98.4477 3.1994e-03 1.7822e+02    177.450    12.9109    38.4807    29.1109 0.0000e+00
   1632.000    13.1560     0.1893 -9.990e-29 2.3690e-03 1.7509e+02    177.502    12.9110    38.4807    29.1109 0.0000e+00
   1633.000    13.1561     0.1882 -9.990e-29 2.1627e-03 1.8182e+02    177.642    12.9109    38.4806    29.1109 0.0000e+00
   1634.000    13.1562     0.1890 -9.990e-29 2.8459e-03 1.8423e+02    177.571    12.9109    38.4807    29.1109 0.0000e+00
   1635.000    13.1563     0.1887    98.4346 4.1265e-03 1.8813e+02    177.288    12.9108    38.4806    29.1109 0.0000e+00
   1636.000    13.1563     0.1842    98.4400 1.8616e-03 1.8149e+02    177.308    12.9106    38.4807    29.1110 0.0000e+00
   1637.000    13.1565     0.1871    98.4424 6.0950e-04 1.8329e+02    177.568    12.9106    38.4806    29.1109 0.0000e+00
   1638.000    13.1566     0.1812    98.4445 2.8120e-03 1.8198e+02    177.662    12.9106    38.4808    29.1111 0.0000e+00
   1639.000    13.1568     0.1864    98.4476 4.7023e-03 1.8055e+02    177.634    12.9107    38.4807    29.1110 0.0000e+00
   1640.000    13.1570     0.1879 -9.990e-29 3.6812e-03 1.8400e+02    177.484    12.9107    38.4808    29.1111 0.0000e+00
   1641.000    13.1571     0.1871 -9.990e-29 4.0328e-03 1.8135e+02    177.391    12.9107    38.4807    29.1110 0.0000e+00
   1642.000    13.1573     0.1855 -9.990e-29 3.2272e-03 1.8112e+02    177.332    12.9107    38.4807    29.1110 0.0000e+00
   1643.000    13.1573     0.1916 -9.990e-29 3.2824e-03 1.7658e+02    177.226    12.9106    38.4807    29.1110 0.0000e+00
   1644.000    13.1575     0.1889 -9.990e-29 3.4534e-03 1.8226e+02    177.358    12.9105    38.4807    29.1110 0.0000e+00
   1645.000    13.1576     0.1893 -9.990e-29 4.7712e-03 1.7789e+02    177.792    12.9105    38.4807    29.1111 0.0000e+00
   1646.000    13.1578     0.1849 -9.990e-29 3.5607e-03 1.8184e+02    178.006    12.9105    38.4806    29.1110 0.0000e+00
   1647.000    13.1579     0.1888    98.4476 5.4632e-03 1.8521e+02    177.770    12.9105    38.4807    29.1111 0.0000e+00
   1648.000    13.1581     0.1899    98.4413 2.2215e-03 1.8945e+02    177.452    12.9105    38.4806    29.1110 0.0000e+00
   1649.000    13.1582     0.1869    98.4403 3.7420e-03 1.8438e+02    177.522    12.9105    38.4807    29.1110 0.0000e+00
   1650.000    13.1584     0.1913    98.4422 2.4462e-03 1.8369e+02    177.593    12.9104    38.4808    29.1111 0.0000e+00
   1651.000    13.1586     0.1895    98.4443 3.8906e-03 1.7897e+02    177.717    12.9105    38.4806    29.1110 0.0000e+00
   1652.000    13.1587     0.1881    98.4476 3.4424e-03 1.8457e+02    177.714    12.9105    38.4807    29.1110 0.0000e+00
   1653.000    13.1588     0.1901 -9.990e-29 4.7816e-03 1.8634e+02    177.859    12.9104    38.4808    29.1111 0.0000e+00
   1654.000    13.1590     0.1867 -9.990e-29 4.8534e-03 1.8093e+02    177.831    12.9105    38.4807    29.1110 0.0000e+00
   1655.000    13.1590     0.1837 -9.990e-29 6.5252e-03 1.8009e+02    177.531    12.9103    38.4808    29.1111 0.0000e+00
   1656.000    13.1593     0.1916 -9.990e-29 4.8626e-03 1.8582e+02    177.531    12.9104    38.4807    29.1110 0.0000e+00
   1657.000    13.1592     0.1922 -9.990e-29 2.1512e-03 1.8401e+02    177.512    12.9102    38.4807    29.1111 0.0000e+00
   1658.000    13.1594     0.1882 -9.990e-29 4.9500e-03 1.8349e+02    177.206    12.9102    38.4806    29.1110 0.0000e+00
   1659.000    13.1595     0.1894 -9.990e-29 4.3668e-03 1.8622e+02    177.295    12.9102    38.4807    29.1111 0.0000e+00
   1660.000    13.1596     0.1874 -9.990e-29 2.9321e-03 1.8243e+02    177.664    12.9101    38.4807    29.1111 0.0000e+00
   1661.000    13.1598     0.1832 -9.990e-29 3.7884e-03 1.8436e+02    177.803    12.9101    38.4806    29.1110 0.0000e+00
   1662.000    13.1600     0.1840 -9.990e-29 3.1677e-03 1.8979e+02    177.694    12.9101    38.4807    29.1111 0.0000e+00
   1663.000    13.1602     0.1847 -9.990e-29 2.2480e-03 1.8608e+02    177.736    12.9102    38.4807    29.1111 0.0000e+00
   1664.000    13.1603     0.1864 -9.990e-29 2.8488e-03 1.8437e+02    177.900    12.9101    38.4807    29.1111 0.0000e+00
   1665.000    13.1602     0.1879 -9.990e-29 2.6321e-03 1.8481e+02    177.410    12.9099    38.4806    29.1111 0.0000e+00
   1666.000    13.1603     0.1868 -9.990e-29 4.8617e-03 1.8650e+02    177.206    12.9098    38.4805    29.1110 0.0000e+00
   1667.000    13.1601     0.1808 -9.990e-29 2.0296e-03 1.8212e+02    177.440    12.9095    38.4806    29.1111 0.0000e+00
   1668.000    13.1601     0.1812 -9.990e-29 3.6962e-03 1.8534e+02    177.208    12.9094    38.4805    29.1111 0.0000e+00
   1669.000    13.1603     0.1839 -9.990e-29 4.4030e-03 1.8410e+02    177.188    12.9093    38.4805    29.1111 0.0000e+00
   1670.000    13.1605     0.1860 -9.990e-29 4.1599e-03 1.8519e+02    177.466    12.9094    38.4804    29.1111 0.0000e+00
   1671.000    13.1607     0.1861 -9.990e-29 5.1131e-03 1.8525e+02    177.395    12.9094    38.4805    29.1111 0.0000e+00
   1672.000    13.1609     0.1841    98.4394 5.3929e-03 1.9053e+02    177.172    12.9095    38.4805    29.1111 0.0000e+00
   1673.000    13.1610     0.1897    98.4352 4.7773e-03 1.8313e+02    177.282    12.9095    38.4805    29.1111 0.0000e+00
   1674.000    13.1610     0.1852    98.4455 3.7814e-03 1.8522e+02    177.501    12.9093    38.4806    29.1112 0.0000e+00
   1675.000    13.1612     0.1886    98.4386 5.3855e-03 1.8518e+02    177.542    12.9093    38.4806    29.1112 0.0000e+00
   1676.000    13.1614     0.1858    98.4389 4.8223e-03 1.8814e+02    177.459    12.9093    38.4805    29.1111 0.0000e+00
   1677.000    13.1615     0.1846 -9.990e-29 1.7739e-03 1.8196e+02    177.338    12.9093    38.4805    29.1111 0.0000e+00
   1678.000    13.1616     0.1833 -9.990e-29 1.8434e-03 1.8725e+02    177.294    12.9093    38.4804    29.1111 0.0000e+00
   1679.000    13.1617     0.1838 -9.990e-29 4.1673e-03 1.7842e+02    177.312    12.9092    38.4805    29.1112 0.0000e+00
   1680.000    13.1616     0.1821 -9.990e-29 2.0685e-03 1.8199e+02    177.594    12.9090    38.4804    29.1111 0.0000e+00
   1681.000    13.1616     0.1819 -9.990e-29 1.5340e-03 1.8226e+02    177.392    12.9088    38.4805    29.1112 0.0000e+00
   1682.000    13.1618     0.1813 -9.990e-29 3.3119e-03 1.7853e+02    177.567    12.9088    38.4805    29.1112 0.0000e+00
   1683.000    13.1619     0.1829 -9.990e-29 7.1581e-03 1.8165e+02    177.763    12.9088    38.4804    29.1112 0.0000e+00
   1684.000    13.1620     0.1814 -9.990e-29 3.5790e-03 1.8541e+02    177.906    12.9086    38.4804    29.1112 0.0000e+00
   1685.000    13.1620     0.1867 -9.990e-29 3.9230e-03 1.8104e+02    177.461    12.9086    38.4804    29.1112 0.0000e+00
   1686.000    13.1621     0.1886 -9.990e-29 2.4457e-03 1.8605e+02    177.079    12.9084    38.4804    29.1112 0.0000e+00
   1687.000    13.1621     0.1853 -9.990e-29 1.8674e-03 1.8596e+02    177.537    12.9083    38.4803    29.1112 0.0000e+00
   1688.000    13.1623     0.1824 -9.990e-29 4.3328e-03 1.8538e+02    177.797    12.9083    38.4804    29.1113 0.0000e+00
   1689.000    13.1625     0.1879 -9.990e-29 3.4040e-03 1.8128e+02    177.651    12.9084    38.4804    29.1113 0.0000e+00
   1690.000    13.1629     0.1833 -9.990e-29 4.0636e-03 1.8543e+02    177.583    12.9086    38.4804    29.1112 0.0000e+00
   1691.000    13.1630     0.1755 -9.990e-29 4.3685e-03 1.8699e+02    177.371    12.9086    38.4805    29.1113 0.0000e+00
   1692.000    13.1631     0.1776 -9.990e-29 5.0358e-03 1.8956e+02    177.679    12.9085    38.4804    29.1113 0.0000e+00
   1693.000    13.1633     0.1859 -9.990e-29 2.1476e-03 1.8785e+02    177.822    12.9085    38.4805    29.1113 0.0000e+00
   1694.000    13.1634     0.1843 -9.990e-29 3.2721e-03 1.9199e+02    177.557    12.9085    38.4805    29.1113 0.0000e+00
   1695.000    13.1635     0.1895 -9.990e-29 1.6274e-03 1.9104e+02    177.351    12.9085    38.4805    29.1113 0.0000e+00
   1696.000    13.1636     0.1869 -9.990e-29 3.0092e-03 1.9071e+02    177.544    12.9084    38.4806    29.1114 0.0000e+00
   1697.000    13.1639     0.1848 -9.990e-29 4.4054e-03 1.9075e+02    177.637    12.9085    38.4805    29.1112 0.0000e+00
   1698.000    13.1640     0.1882 -9.990e-29 3.8473e-03 1.9169e+02    177.709    12.9085    38.4805    29.1113 0.0000e+00
   1699.000    13.1641     0.1862 -9.990e-29 3.9525e-03 1.9449e+02    177.746    12.9084    38.4806    29.1113 0.0000e+00
   1700.000    13.1642     0.1945 -9.990e-29 2.2897e-03 1.9445e+02    177.561    12.9084    38.4805    29.1113 0.0000e+00
   1701.000    13.1644     0.1935 -9.990e-29 5.2552e-03 1.8758e+02    177.443    12.9083    38.4806    29.1114 0.0000e+00
   1702.000    13.1645     0.1890 -9.990e-29 4.1521e-03 1.9179e+02    177.396    12.9083    38.4805    29.1113 0.0000e+00
   1703.000    13.1645     0.1858 -9.990e-29 4.5344e-03 1.9443e+02    177.342    12.9082    38.4807    29.1115 0.0000e+00
   1704.000    13.1648     0.1868 -9.990e-29 3.3624e-03 1.9111e+02    177.402    12.9083    38.4805    29.1113 0.0000e+00
