Data/ruptures/PEACETIME/FAST/PEACETIME_FAST_CTD_082.cnv
* Sea-Bird SBE 9 Data File:
* FileName = C:\CTD\rawCTD\PEACETIME_FAST_CTD_082.hdr
* Software Version Seasave V 7.23.2
* Temperature SN = 1378
* Conductivity SN = 2929
* Number of Bytes Per Scan = 38
* Number of Voltage Words = 5
* Number of Scans Averaged by the Deck Unit = 1
* NMEA Latitude = 37 56.79 N
* NMEA Longitude = 002 55.00 E
* NMEA UTC (Time) = Jun 07 2017  04:09:51
* NMEA baud rate = 4800
** Cruise:   PEACETIME
** Station:   FAST_CTD_082
# nquan = 11
# nvalues = 2819                        
# units = specified
# name 0 = prDM: Pressure, Digiquartz [db]
# name 1 = t090C: Temperature [ITS-90, deg C]
# name 2 = flC: Fluorescence, Chelsea Aqua 3 Chl Con [ug/l]
# name 3 = CStarTr0: Beam Transmission, WET Labs C-Star [%]
# name 4 = par: PAR/Irradiance, Biospherical/Licor
# name 5 = spar: SPAR/Surface Irradiance
# name 6 = sbeox0Mm/Kg: Oxygen, SBE 43 [umol/kg]
# name 7 = potemp090C: Potential Temperature [ITS-90, deg C]
# name 8 = sal00: Salinity, Practical [PSU]
# name 9 = sigma-é00: Density [sigma-theta, kg/m^3]
# name 10 = flag:
# span 0 =      1.000,   2819.000       
# span 1 =    13.1234,    21.6408       
# span 2 =     0.1756,     0.5795       
# span 3 =    93.1335,    98.2594       
# span 4 = -7.240e-06, 1.4908e+00       
# span 5 = 6.6536e+00, 7.1989e+02       
# span 6 =    151.928,    241.034       
# span 7 =    12.9040,    21.6398       
# span 8 =    37.0412,    38.5940       
# span 9 =    25.8959,    29.1159       
# span 10 = 0.0000e+00, 0.0000e+00      
# interval = decibars: 1                
# start_time = Jun 07 2017 04:12:11 [NMEA time, first data scan]
# bad_flag = -9.990e-29
*END*
[from data line 1705]
   1706.000    13.1683     0.1950    98.2395 7.2874e-04 2.7329e+02    177.745    12.9114    38.4811    29.1112 0.0000e+00
   1707.000    13.1684     0.1924    98.2395 4.6293e-04 2.7263e+02    177.537    12.9114    38.4811    29.1111 0.0000e+00
   1708.000    13.1686     0.1925    98.2395 8.3760e-05 2.7615e+02    177.684    12.9114    38.4811    29.1111 0.0000e+00
   1709.000    13.1687     0.1885    98.2395 3.6398e-04 2.7245e+02    177.694    12.9114    38.4811    29.1111 0.0000e+00
   1710.000    13.1689     0.1883    98.2395 5.8205e-04 2.7619e+02    177.734    12.9113    38.4811    29.1112 0.0000e+00
   1711.000    13.1689     0.1943    98.2395 5.3253e-04 2.7552e+02    177.602    12.9112    38.4811    29.1112 0.0000e+00
   1712.000    13.1691     0.1901    98.2395 7.7190e-04 2.7206e+02    177.558    12.9113    38.4811    29.1112 0.0000e+00
   1713.000    13.1694     0.1886    98.2395 1.0148e-03 2.7690e+02    177.552    12.9114    38.4810    29.1111 0.0000e+00
   1714.000    13.1695     0.1869    98.2395 9.9100e-04 2.7128e+02    177.279    12.9113    38.4811    29.1111 0.0000e+00
   1715.000    13.1696     0.1879    98.2395 1.9988e-03 2.7929e+02    177.185    12.9113    38.4811    29.1112 0.0000e+00
   1716.000    13.1697     0.1901    98.2395 2.6075e-03 2.7525e+02    177.256    12.9113    38.4811    29.1112 0.0000e+00
   1717.000    13.1698     0.1895    98.2395 2.8025e-03 2.7746e+02    177.416    12.9112    38.4812    29.1113 0.0000e+00
   1718.000    13.1700     0.1928    98.2395 1.9989e-03 2.7622e+02    177.757    12.9112    38.4811    29.1112 0.0000e+00
   1719.000    13.1701     0.1923    98.2395 1.8237e-03 2.7979e+02    177.852    12.9112    38.4812    29.1113 0.0000e+00
   1720.000    13.1705     0.1905    98.2395 1.6148e-03 2.7266e+02    177.711    12.9113    38.4813    29.1113 0.0000e+00
   1721.000    13.1707     0.1926    98.2395 4.3564e-04 2.7977e+02    177.638    12.9114    38.4813    29.1113 0.0000e+00
   1722.000    13.1709     0.1890    98.2395 1.5931e-04 2.8286e+02    177.579    12.9114    38.4812    29.1112 0.0000e+00
   1723.000    13.1710     0.1799    98.2395 2.3526e-04 2.7649e+02    177.636    12.9114    38.4812    29.1113 0.0000e+00
   1724.000    13.1713     0.1834    98.2395 1.9866e-03 2.7734e+02    177.580    12.9115    38.4813    29.1113 0.0000e+00
   1725.000    13.1714     0.1883    98.2395 5.5849e-04 2.7866e+02    177.579    12.9115    38.4813    29.1112 0.0000e+00
   1726.000    13.1714     0.1863    98.2395 4.9595e-04 2.8096e+02    177.786    12.9113    38.4812    29.1113 0.0000e+00
   1727.000    13.1715     0.1811    98.2395 3.2733e-04 2.8052e+02    177.878    12.9112    38.4812    29.1112 0.0000e+00
   1728.000    13.1716     0.1839    98.2395 3.9141e-04 2.7435e+02    177.725    12.9112    38.4812    29.1113 0.0000e+00
   1729.000    13.1718     0.1890    98.2395 6.9883e-04 2.8522e+02    177.505    12.9112    38.4813    29.1113 0.0000e+00
   1730.000    13.1720     0.1882    98.2395 4.3280e-05 2.7661e+02    177.837    12.9113    38.4813    29.1114 0.0000e+00
   1731.000    13.1722     0.1881    98.2395 4.6279e-04 2.8588e+02    177.879    12.9113    38.4814    29.1114 0.0000e+00
   1732.000    13.1724     0.1881    98.2395 6.7716e-04 2.8201e+02    177.508    12.9113    38.4813    29.1113 0.0000e+00
   1733.000    13.1724     0.1864    98.2395 9.0014e-04 2.8212e+02    177.496    12.9112    38.4812    29.1113 0.0000e+00
   1734.000    13.1724     0.1843    98.2395 6.3833e-04 2.8533e+02    177.960    12.9111    38.4814    29.1115 0.0000e+00
   1735.000    13.1724     0.1878    98.2395 1.0806e-04 2.7838e+02    178.218    12.9108    38.4812    29.1114 0.0000e+00
   1736.000    13.1721     0.1861    98.2395 6.2634e-04 2.8441e+02    178.129    12.9105    38.4813    29.1115 0.0000e+00
   1737.000    13.1726     0.1863    98.2395 3.9519e-04 2.8440e+02    177.950    12.9108    38.4814    29.1115 0.0000e+00
   1738.000    13.1730     0.1910    98.2395 1.0825e-03 2.7959e+02    177.871    12.9110    38.4813    29.1114 0.0000e+00
   1739.000    13.1734     0.1923    98.2395 1.8610e-03 2.8120e+02    177.728    12.9112    38.4814    29.1115 0.0000e+00
   1740.000    13.1736     0.1907    98.2420 5.3738e-04 2.8668e+02    177.544    12.9112    38.4815    29.1115 0.0000e+00
   1741.000    13.1739     0.1868    98.2445 7.6935e-04 2.7872e+02    177.775    12.9114    38.4815    29.1115 0.0000e+00
   1742.000    13.1739     0.1840    98.2447 1.1722e-03 2.8567e+02    178.071    12.9113    38.4817    29.1116 0.0000e+00
   1743.000    13.1741     0.1863    98.2447 2.6397e-03 2.8050e+02    177.944    12.9113    38.4815    29.1115 0.0000e+00
   1744.000    13.1743     0.1828    98.2438 9.5995e-04 2.8305e+02    177.916    12.9113    38.4815    29.1114 0.0000e+00
   1745.000    13.1744     0.1814    98.2395 6.0256e-04 2.8582e+02    177.815    12.9113    38.4815    29.1115 0.0000e+00
   1746.000    13.1746     0.1868    98.2395 1.0430e-03 2.8714e+02    178.136    12.9113    38.4816    29.1116 0.0000e+00
   1747.000    13.1747     0.1920    98.2395 6.6356e-04 2.8731e+02    178.036    12.9113    38.4815    29.1115 0.0000e+00
   1748.000    13.1748     0.1929    98.2395 3.5571e-04 2.8746e+02    177.708    12.9112    38.4816    29.1115 0.0000e+00
   1749.000    13.1750     0.1915    98.2395 1.5499e-03 2.8688e+02    177.668    12.9112    38.4815    29.1115 0.0000e+00
   1750.000    13.1751     0.1890    98.2395 3.3534e-04 2.8240e+02    177.580    12.9111    38.4817    29.1117 0.0000e+00
   1751.000    13.1752     0.1895    98.2395 1.0558e-03 2.8285e+02    177.848    12.9111    38.4814    29.1114 0.0000e+00
   1752.000    13.1753     0.1876    98.2395 8.5977e-04 2.8577e+02    177.707    12.9111    38.4815    29.1115 0.0000e+00
   1753.000    13.1755     0.1845    98.2395 1.5773e-03 2.8871e+02    178.008    12.9111    38.4815    29.1115 0.0000e+00
   1754.000    13.1756     0.1921    98.2395 1.0686e-03 2.8535e+02    178.237    12.9110    38.4814    29.1115 0.0000e+00
   1755.000    13.1756     0.1894    98.2395 2.6495e-04 2.8429e+02    177.814    12.9109    38.4816    29.1116 0.0000e+00
   1756.000    13.1758     0.1813    98.2442 2.2357e-03 2.8534e+02    177.757    12.9109    38.4816    29.1116 0.0000e+00
   1757.000    13.1759     0.1826    98.2433 1.3991e-03 2.8439e+02    177.702    12.9108    38.4814    29.1115 0.0000e+00
   1758.000    13.1760     0.1808    98.2445 1.2832e-03 2.8787e+02    177.669    12.9107    38.4815    29.1116 0.0000e+00
   1759.000    13.1759     0.1839    98.2395 9.7959e-04 2.8859e+02    178.063    12.9106    38.4816    29.1117 0.0000e+00
   1760.000    13.1762     0.1841    98.2395 1.3652e-03 2.8709e+02    178.078    12.9106    38.4815    29.1116 0.0000e+00
   1761.000    13.1763     0.1842    98.2395 1.0079e-03 2.8034e+02    178.028    12.9106    38.4814    29.1116 0.0000e+00
   1762.000    13.1764     0.1898    98.2395 6.1534e-04 2.8541e+02    177.784    12.9105    38.4814    29.1116 0.0000e+00
   1763.000    13.1766     0.1903    98.2395 7.2903e-04 2.8262e+02    177.788    12.9106    38.4814    29.1116 0.0000e+00
   1764.000    13.1767     0.1890    98.2395 1.1023e-03 2.8399e+02    177.855    12.9105    38.4815    29.1116 0.0000e+00
   1765.000    13.1769     0.1941    98.2395 5.5810e-04 2.8799e+02    177.986    12.9106    38.4815    29.1116 0.0000e+00
   1766.000    13.1772     0.1893    98.2395 1.2290e-03 2.8580e+02    178.177    12.9107    38.4816    29.1117 0.0000e+00
   1767.000    13.1775     0.1877    98.2395 2.3240e-04 2.8339e+02    178.112    12.9108    38.4816    29.1117 0.0000e+00
   1768.000    13.1777     0.1870    98.2489 4.6869e-05 2.8028e+02    177.877    12.9108    38.4816    29.1117 0.0000e+00
   1769.000    13.1778     0.1875    98.2499 -2.996e-07 2.8933e+02    177.837    12.9108    38.4816    29.1117 0.0000e+00
   1770.000    13.1780     0.1884    98.2439 7.6270e-05 2.8296e+02    178.104    12.9109    38.4816    29.1116 0.0000e+00
   1771.000    13.1782     0.1884    98.2465 2.9979e-05 2.8167e+02    178.049    12.9109    38.4816    29.1116 0.0000e+00
   1772.000    13.1783     0.1884    98.2453 5.9115e-05 2.7643e+02    178.034    12.9108    38.4816    29.1117 0.0000e+00
   1773.000    13.1783     0.1919    98.2443 2.6325e-04 2.8076e+02    178.197    12.9107    38.4816    29.1117 0.0000e+00
   1774.000    13.1784     0.1923    98.2468 8.9740e-04 2.7715e+02    177.899    12.9106    38.4817    29.1118 0.0000e+00
   1775.000    13.1786     0.1889    98.2427 2.3633e-04 2.7853e+02    177.740    12.9106    38.4816    29.1117 0.0000e+00
   1776.000    13.1787     0.1882    98.2503 1.2705e-03 2.7716e+02    177.806    12.9106    38.4816    29.1117 0.0000e+00
   1777.000    13.1788     0.1925    98.2446 1.1157e-03 2.7613e+02    177.897    12.9105    38.4817    29.1118 0.0000e+00
   1778.000    13.1790     0.1868    98.2472 1.3893e-03 2.7580e+02    178.117    12.9105    38.4816    29.1118 0.0000e+00
   1779.000    13.1791     0.1869    98.2445 6.1969e-04 2.7303e+02    178.003    12.9105    38.4816    29.1117 0.0000e+00
   1780.000    13.1793     0.1939    98.2445 1.3812e-03 2.7100e+02    177.976    12.9105    38.4816    29.1117 0.0000e+00
   1781.000    13.1793     0.1935    98.2468 3.6539e-04 2.6904e+02    178.132    12.9104    38.4816    29.1117 0.0000e+00
   1782.000    13.1794     0.1994    98.2468 1.0714e-04 2.6957e+02    178.137    12.9104    38.4816    29.1117 0.0000e+00
   1783.000    13.1796     0.1986    98.2457 1.3562e-03 2.6873e+02    177.920    12.9103    38.4817    29.1118 0.0000e+00
   1784.000    13.1798     0.1943    98.2443 1.4688e-03 2.6597e+02    177.925    12.9104    38.4816    29.1117 0.0000e+00
   1785.000    13.1798     0.1870    98.2472 1.5891e-03 2.6586e+02    177.848    12.9103    38.4817    29.1119 0.0000e+00
   1786.000    13.1799     0.1860    98.2468 1.3523e-03 2.6186e+02    177.944    12.9102    38.4817    29.1119 0.0000e+00
   1787.000    13.1801     0.1875    98.2457 1.5604e-03 2.5658e+02    177.850    12.9103    38.4817    29.1118 0.0000e+00
   1788.000    13.1803     0.1903    98.2437 1.4769e-03 2.5579e+02    177.934    12.9103    38.4816    29.1118 0.0000e+00
   1789.000    13.1804     0.1898    98.2455 1.8822e-03 2.5173e+02    178.024    12.9102    38.4816    29.1118 0.0000e+00
   1790.000    13.1806     0.1957    98.2404 2.2351e-03 2.5240e+02    178.049    12.9103    38.4816    29.1118 0.0000e+00
   1791.000    13.1808     0.1926    98.2440 1.6275e-03 2.5146e+02    177.833    12.9103    38.4817    29.1118 0.0000e+00
   1792.000    13.1809     0.1883    98.2396 1.9064e-03 2.4996e+02    177.814    12.9103    38.4816    29.1118 0.0000e+00
   1793.000    13.1812     0.1854    98.2395 3.0688e-03 2.4768e+02    177.637    12.9103    38.4817    29.1118 0.0000e+00
   1794.000    13.1812     0.1900    98.2395 1.9694e-03 2.4285e+02    177.540    12.9102    38.4816    29.1118 0.0000e+00
   1795.000    13.1814     0.1857    98.2395 1.2578e-03 2.3889e+02    177.641    12.9103    38.4816    29.1118 0.0000e+00
   1796.000    13.1816     0.1873    98.2395 1.3351e-03 2.3612e+02    177.851    12.9103    38.4816    29.1118 0.0000e+00
   1797.000    13.1818     0.1891    98.2395 1.7005e-03 2.4021e+02    178.096    12.9103    38.4815    29.1117 0.0000e+00
   1798.000    13.1819     0.1824    98.2395 8.0800e-04 2.4116e+02    177.953    12.9102    38.4816    29.1118 0.0000e+00
   1799.000    13.1820     0.1850    98.2395 2.4030e-03 2.4038e+02    177.919    12.9102    38.4815    29.1117 0.0000e+00
   1800.000    13.1821     0.1874    98.2395 2.3211e-03 2.3919e+02    178.208    12.9101    38.4816    29.1118 0.0000e+00
   1801.000    13.1822     0.1873    98.2395 3.2459e-03 2.3726e+02    178.238    12.9101    38.4816    29.1118 0.0000e+00
   1802.000    13.1824     0.1874    98.2395 3.9171e-03 2.4037e+02    178.013    12.9101    38.4816    29.1118 0.0000e+00
   1803.000    13.1824     0.1857    98.2470 4.1313e-03 2.4172e+02    177.793    12.9100    38.4816    29.1118 0.0000e+00
   1804.000    13.1824     0.1793    98.2460 5.7079e-03 2.4449e+02    177.962    12.9098    38.4816    29.1119 0.0000e+00
   1805.000    13.1823     0.1819    98.2475 4.8943e-03 2.4164e+02    177.954    12.9096    38.4816    29.1119 0.0000e+00
   1806.000    13.1825     0.1852    98.2485 2.3606e-03 2.4462e+02    177.871    12.9095    38.4816    29.1120 0.0000e+00
   1807.000    13.1827     0.1882    98.2038 8.0090e-04 2.4546e+02    177.894    12.9096    38.4816    29.1119 0.0000e+00
   1808.000    13.1827     0.1906    98.2530 6.7784e-04 2.4911e+02    177.939    12.9094    38.4816    29.1120 0.0000e+00
   1809.000    13.1829     0.1906    98.2445 1.3541e-03 2.5101e+02    177.964    12.9094    38.4817    29.1120 0.0000e+00
   1810.000    13.1829     0.1886    98.2344 3.4666e-03 2.4944e+02    178.091    12.9094    38.4817    29.1120 0.0000e+00
   1811.000    13.1831     0.1876    98.2502 3.4596e-03 2.5342e+02    178.227    12.9093    38.4816    29.1120 0.0000e+00
   1812.000    13.1833     0.1906    98.2485 1.5240e-03 2.5415e+02    178.143    12.9094    38.4816    29.1120 0.0000e+00
   1813.000    13.1834     0.1914    98.2482 2.5311e-03 2.6201e+02    178.011    12.9094    38.4815    29.1119 0.0000e+00
   1814.000    13.1835     0.1946    98.2425 1.0084e-03 2.6605e+02    178.287    12.9093    38.4816    29.1119 0.0000e+00
   1815.000    13.1838     0.1911    98.2468 4.8370e-03 2.6684e+02    178.190    12.9094    38.4816    29.1120 0.0000e+00
   1816.000    13.1840     0.1928    98.2468 3.7068e-03 2.6685e+02    178.173    12.9094    38.4816    29.1119 0.0000e+00
   1817.000    13.1838     0.1899    98.2415 1.6340e-03 2.7693e+02    178.250    12.9091    38.4816    29.1120 0.0000e+00
   1818.000    13.1839     0.1935    98.2443 1.8029e-03 2.7682e+02    177.828    12.9090    38.4816    29.1120 0.0000e+00
   1819.000    13.1840     0.1929    98.2489 6.2947e-04 2.7123e+02    178.051    12.9090    38.4815    29.1120 0.0000e+00
   1820.000    13.1841     0.1926    98.2465 1.5896e-03 2.7359e+02    178.059    12.9089    38.4816    29.1121 0.0000e+00
   1821.000    13.1844     0.1898    98.2458 2.1275e-03 2.7655e+02    177.854    12.9091    38.4814    29.1119 0.0000e+00
   1822.000    13.1845     0.1895    98.2395 1.9154e-03 2.7438e+02    177.723    12.9090    38.4816    29.1120 0.0000e+00
   1823.000    13.1845     0.1895    98.2455 1.5310e-03 2.8061e+02    177.988    12.9089    38.4815    29.1120 0.0000e+00
   1824.000    13.1846     0.1890    98.2475 8.8685e-04 2.7739e+02    178.123    12.9087    38.4816    29.1121 0.0000e+00
   1825.000    13.1847     0.1853    98.2455 1.0884e-03 2.7721e+02    178.124    12.9087    38.4815    29.1120 0.0000e+00
   1826.000    13.1848     0.1867    98.2531 1.3633e-03 2.7803e+02    178.148    12.9086    38.4815    29.1121 0.0000e+00
   1827.000    13.1848     0.1907    98.2436 1.2624e-03 2.8138e+02    178.046    12.9085    38.4815    29.1121 0.0000e+00
   1828.000    13.1851     0.1902    98.2445 7.1755e-04 2.7971e+02    178.049    12.9087    38.4814    29.1120 0.0000e+00
   1829.000    13.1852     0.1931    98.2465 1.6852e-03 2.7749e+02    178.229    12.9086    38.4816    29.1122 0.0000e+00
   1830.000    13.1854     0.1940    98.2455 1.1135e-03 2.7684e+02    178.080    12.9086    38.4816    29.1121 0.0000e+00
   1831.000    13.1856     0.1882    98.2478 2.3857e-03 2.7007e+02    177.874    12.9087    38.4815    29.1120 0.0000e+00
   1832.000    13.1858     0.1841    98.2485 1.1214e-03 2.7266e+02    177.781    12.9086    38.4815    29.1120 0.0000e+00
   1833.000    13.1859     0.1859    98.2465 1.0860e-03 2.7197e+02    177.880    12.9087    38.4815    29.1121 0.0000e+00
   1834.000    13.1862     0.1864    98.2471 2.4580e-03 2.7086e+02    178.211    12.9087    38.4816    29.1121 0.0000e+00
   1835.000    13.1863     0.1848    98.1909 2.5129e-03 2.6700e+02    178.159    12.9087    38.4816    29.1121 0.0000e+00
   1836.000    13.1864     0.1897    98.2461 1.1699e-03 2.6706e+02    178.081    12.9087    38.4816    29.1121 0.0000e+00
