Data/ruptures/PEACETIME/FAST/PEACETIME_FAST_CTD_070.cnv
* Sea-Bird SBE 9 Data File:
* FileName = C:\CTD\rawCTD\PEACETIME_FAST_CTD_070.hdr
* Software Version Seasave V 7.23.2
* Temperature SN = 1378
* Conductivity SN = 2929
* Number of Bytes Per Scan = 38
* Number of Voltage Words = 5
* Number of Scans Averaged by the Deck Unit = 1
* NMEA Latitude = 37 56.79 N
* NMEA Longitude = 002 55.01 E
* NMEA UTC (Time) = Jun 05 2017  14:50:25
* NMEA baud rate = 4800
** Cruise:   PEACETIME
** Station:   FAST_CTD_070
# nquan = 11
# nvalues = 206                         
# units = specified
# name 0 = prDM: Pressure, Digiquartz [db]
# name 1 = t090C: Temperature [ITS-90, deg C]
# name 2 = flC: Fluorescence, Chelsea Aqua 3 Chl Con [ug/l]
# name 3 = CStarTr0: Beam Transmission, WET Labs C-Star [%]
# name 4 = par: PAR/Irradiance, Biospherical/Licor
# name 5 = spar: SPAR/Surface Irradiance
# name 6 = sbeox0Mm/Kg: Oxygen, SBE 43 [umol/kg]
# name 7 = potemp090C: Potential Temperature [ITS-90, deg C]
# name 8 = sal00: Salinity, Practical [PSU]
# name 9 = sigma-é00: Density [sigma-theta, kg/m^3]
# name 10 = flag:
# span 0 =      3.000,    208.000       
# span 1 =    13.6756,    21.4614       
# span 2 =     0.1832,     0.7090       
# span 3 =    91.4603,    98.1877       
# span 4 = 3.4742e-03, 3.1501e+02       
# span 5 = 1.3348e+03, 2.6222e+03       
# span 6 =    176.329,    240.416       
# span 7 =    13.6450,    21.4606       
# span 8 =    37.0429,    38.3957       
# span 9 =    25.9240,    28.8906       
# span 10 = 0.0000e+00, 0.0000e+00      
# interval = decibars: 1                
# start_time = Jun 05 2017 14:50:25 [NMEA time, first data scan]
# bad_flag = -9.990e-29
*END*
[from data line 132]
    135.000    13.9853     0.2156    97.9280 8.1156e-02 1.3714e+03    194.311    13.9652    38.1816    28.6560 0.0000e+00
    136.000    13.9847     0.2075    97.9143 8.1021e-02 1.3698e+03    192.759    13.9645    38.1828    28.6571 0.0000e+00
    137.000    13.9561     0.2092    97.9620 7.7973e-02 1.3841e+03    188.383    13.9358    38.1953    28.6730 0.0000e+00
    138.000    13.9497     0.2081    97.9810 7.3863e-02 1.3762e+03    187.240    13.9293    38.1981    28.6765 0.0000e+00
    139.000    13.9536     0.2039    97.9679 7.2557e-02 1.3723e+03    187.490    13.9330    38.1964    28.6744 0.0000e+00
    140.000    13.9272     0.2027    97.9962 6.9722e-02 1.3766e+03    184.616    13.9065    38.2066    28.6880 0.0000e+00
    141.000    13.9207     0.2021    97.9921 6.6524e-02 1.3794e+03    184.192    13.8998    38.2086    28.6910 0.0000e+00
    142.000    13.9097     0.1976    98.0056 6.4724e-02 1.3769e+03    182.788    13.8887    38.2114    28.6956 0.0000e+00
    143.000    13.9065     0.2010    98.0103 6.2690e-02 1.3974e+03    182.680    13.8854    38.2130    28.6976 0.0000e+00
    144.000    13.8981     0.2077    98.0068 5.7562e-02 1.4215e+03    182.357    13.8768    38.2164    28.7020 0.0000e+00
    145.000    13.8871     0.2000    97.9957 5.2537e-02 1.4573e+03    181.890    13.8657    38.2206    28.7077 0.0000e+00
    146.000    13.8728     0.1945    98.0174 5.1624e-02 1.4409e+03    180.758    13.8513    38.2257    28.7147 0.0000e+00
    147.000    13.8554     0.1983    98.0070 4.8527e-02 1.4408e+03    180.401    13.8337    38.2323    28.7236 0.0000e+00
    148.000    13.8520     0.2018    98.0101 4.5410e-02 1.3885e+03    180.643    13.8302    38.2348    28.7263 0.0000e+00
    149.000    13.8364     0.2007    97.9991 4.3127e-02 1.3892e+03    181.160    13.8145    38.2426    28.7357 0.0000e+00
    150.000    13.8334     0.1959    98.0019 4.0247e-02 1.3900e+03    181.923    13.8113    38.2457    28.7388 0.0000e+00
    151.000    13.8330     0.1995    98.0068 3.6774e-02 1.3787e+03    182.252    13.8108    38.2465    28.7395 0.0000e+00
    152.000    13.8300     0.1929    98.0182 3.7083e-02 1.3689e+03    184.216    13.8076    38.2530    28.7453 0.0000e+00
    153.000    13.8217     0.2025    98.0141 3.5013e-02 1.3621e+03    184.297    13.7991    38.2565    28.7497 0.0000e+00
    154.000    13.8102     0.1954    98.0260 3.2248e-02 1.3508e+03    184.869    13.7875    38.2605    28.7553 0.0000e+00
    155.000    13.7980     0.2018    98.0399 3.2439e-02 1.3705e+03    185.072    13.7752    38.2635    28.7603 0.0000e+00
    156.000    13.7966     0.2015    98.0473 3.2134e-02 1.3631e+03    185.706    13.7736    38.2654    28.7622 0.0000e+00
    157.000    13.7879     0.1984    98.0397 3.1509e-02 1.3543e+03    184.420    13.7648    38.2669    28.7652 0.0000e+00
    158.000    13.7843     0.1991    98.0359 3.0594e-02 1.3481e+03    184.967    13.7611    38.2695    28.7680 0.0000e+00
    159.000    13.7819     0.1993    98.0333 2.9294e-02 1.3395e+03    185.863    13.7585    38.2710    28.7697 0.0000e+00
    160.000    13.7817     0.1958    98.0486 2.7640e-02 1.3361e+03    187.605    13.7582    38.2742    28.7723 0.0000e+00
    161.000    13.7867     0.1966    98.0623 2.5587e-02 1.3376e+03    189.039    13.7630    38.2789    28.7749 0.0000e+00
    162.000    13.7940     0.1937    98.0648 2.6372e-02 1.3823e+03    189.786    13.7701    38.2832    28.7767 0.0000e+00
    163.000    13.7889     0.2029    98.0685 2.3455e-02 1.3705e+03    189.877    13.7649    38.2847    28.7790 0.0000e+00
    164.000    13.7763     0.1939    98.0889 2.3893e-02 1.3408e+03    190.858    13.7522    38.2875    28.7839 0.0000e+00
    165.000    13.7640     0.1977    98.0914 2.1684e-02 1.3665e+03    190.316    13.7397    38.2900    28.7885 0.0000e+00
    166.000    13.7492     0.2013    98.0916 2.0534e-02 1.3484e+03    188.494    13.7248    38.2924    28.7936 0.0000e+00
    167.000    13.7437     0.2011    98.0856 1.9979e-02 1.3348e+03    186.809    13.7192    38.2965    28.7979 0.0000e+00
    168.000    13.7461     0.1958    98.0834 2.0162e-02 1.3572e+03    187.092    13.7214    38.3003    28.8004 0.0000e+00
    169.000    13.7473     0.1946    98.0985 1.8267e-02 1.3749e+03    187.661    13.7224    38.3024    28.8018 0.0000e+00
    170.000    13.7449     0.1981    98.1200 1.8884e-02 1.3700e+03    187.339    13.7199    38.3046    28.8040 0.0000e+00
    171.000    13.7401     0.1871    98.1215 2.0715e-02 1.4005e+03    186.794    13.7150    38.3084    28.8080 0.0000e+00
    172.000    13.7374     0.1966    98.1274 2.0535e-02 1.4331e+03    186.326    13.7122    38.3119    28.8113 0.0000e+00
    173.000    13.7389     0.1961    98.1264 1.9765e-02 1.4572e+03    185.742    13.7135    38.3138    28.8125 0.0000e+00
    174.000    13.7369     0.1932    98.1318 1.8038e-02 1.5582e+03    185.576    13.7114    38.3163    28.8150 0.0000e+00
    175.000    13.7365     0.1982    98.1329 1.6073e-02 1.5312e+03    185.766    13.7108    38.3164    28.8152 0.0000e+00
    176.000    13.7349     0.1917    98.1303 1.4984e-02 1.4694e+03    185.557    13.7091    38.3173    28.8162 0.0000e+00
    177.000    13.7304     0.1935    98.1462 1.4917e-02 1.5310e+03    184.673    13.7044    38.3204    28.8196 0.0000e+00
    178.000    13.7289     0.1948    98.1428 1.5110e-02 1.4813e+03    184.491    13.7028    38.3225    28.8216 0.0000e+00
    179.000    13.7257     0.1953    98.1530 1.5212e-02 1.5313e+03    183.986    13.6994    38.3279    28.8265 0.0000e+00
    180.000    13.7217     0.1909    98.1444 1.4091e-02 1.6198e+03    183.206    13.6953    38.3317    28.8303 0.0000e+00
    181.000    13.7196     0.1899    98.1487 1.6484e-02 1.6906e+03    183.634    13.6930    38.3334    28.8321 0.0000e+00
    182.000    13.7178     0.1965    98.1606 1.6317e-02 1.6391e+03    183.217    13.6911    38.3354    28.8340 0.0000e+00
    183.000    13.7127     0.1954    98.1614 1.5698e-02 1.6453e+03    182.431    13.6858    38.3404    28.8391 0.0000e+00
    184.000    13.7065     0.1958    98.1635 1.3839e-02 1.7135e+03    181.468    13.6795    38.3465    28.8452 0.0000e+00
    185.000    13.7041     0.1888    98.1600 1.4233e-02 1.7035e+03    181.514    13.6770    38.3490    28.8476 0.0000e+00
    186.000    13.6988     0.1904    98.1572 1.4135e-02 1.7985e+03    181.333    13.6715    38.3521    28.8512 0.0000e+00
    187.000    13.6959     0.2015    98.1613 1.3390e-02 1.9425e+03    181.056    13.6684    38.3546    28.8538 0.0000e+00
    188.000    13.6965     0.1950    98.1385 1.1241e-02 1.9949e+03    181.426    13.6689    38.3541    28.8533 0.0000e+00
    189.000    13.6929     0.1930    98.1571 7.8747e-03 1.7910e+03    181.404    13.6652    38.3554    28.8551 0.0000e+00
    190.000    13.6903     0.1939    98.1602 6.8563e-03 1.5704e+03    180.621    13.6624    38.3580    28.8577 0.0000e+00
    191.000    13.6914     0.1948    98.1587 9.3390e-03 1.5079e+03    180.284    13.6634    38.3619    28.8605 0.0000e+00
    192.000    13.6913     0.1922    98.1653 8.0200e-03 1.4824e+03    180.025    13.6631    38.3636    28.8619 0.0000e+00
    193.000    13.6909     0.1914    98.1749 8.7127e-03 1.4545e+03    179.900    13.6626    38.3648    28.8630 0.0000e+00
    194.000    13.6899     0.1967    98.1673 7.8627e-03 1.4499e+03    180.036    13.6615    38.3667    28.8647 0.0000e+00
    195.000    13.6874     0.1951    98.1722 5.5111e-03 1.4523e+03    179.478    13.6588    38.3711    28.8686 0.0000e+00
    196.000    13.6866     0.1985    98.1734 5.0854e-03 1.4433e+03    179.260    13.6578    38.3728    28.8701 0.0000e+00
    197.000    13.6863     0.1976    98.1808 3.4742e-03 1.4579e+03    179.292    13.6574    38.3742    28.8713 0.0000e+00
    198.000    13.6851     0.1984    98.1672 7.1117e-03 1.4725e+03    178.652    13.6560    38.3762    28.8732 0.0000e+00
    199.000    13.6825     0.1956    98.1828 5.9708e-03 1.4756e+03    178.540    13.6533    38.3797    28.8765 0.0000e+00
    200.000    13.6789     0.1920    98.1876 3.9564e-03 1.4829e+03    177.723    13.6496    38.3846    28.8811 0.0000e+00
    201.000    13.6797     0.1832    98.1875 5.2067e-03 1.4897e+03    177.428    13.6502    38.3870    28.8828 0.0000e+00
    202.000    13.6798     0.1876    98.1875 5.9104e-03 1.4931e+03    177.559    13.6502    38.3872    28.8830 0.0000e+00
    203.000    13.6798     0.1935    98.1875 5.0364e-03 1.4819e+03    177.608    13.6501    38.3876    28.8833 0.0000e+00
    204.000    13.6801     0.1913    98.1815 4.4093e-03 1.4822e+03    177.649    13.6501    38.3879    28.8835 0.0000e+00
    205.000    13.6804     0.1929    98.1690 5.4634e-03 1.4812e+03    177.604    13.6503    38.3882    28.8837 0.0000e+00
    206.000    13.6784     0.1940    98.1877 6.0498e-03 1.4880e+03    176.995    13.6481    38.3906    28.8860 0.0000e+00
    207.000    13.6763     0.2022    98.1846 3.6766e-03 1.4801e+03    176.337    13.6459    38.3933    28.8886 0.0000e+00
    208.000    13.6756     0.1919    98.1564 6.2903e-03 1.8000e+03    176.329    13.6450    38.3957    28.8906 0.0000e+00
