Data/ruptures/PEACETIME/FAST/PEACETIME_FAST_CTD_068.cnv
* Sea-Bird SBE 9 Data File:
* FileName = C:\CTD\rawCTD\PEACETIME_FAST_CTD_068.hdr
* Software Version Seasave V 7.23.2
* Temperature SN = 1378
* Conductivity SN = 2929
* Number of Bytes Per Scan = 38
* Number of Voltage Words = 5
* Number of Scans Averaged by the Deck Unit = 1
* NMEA Latitude = 37 56.79 N
* NMEA Longitude = 002 55.01 E
* NMEA UTC (Time) = Jun 05 2017  08:51:39
* NMEA baud rate = 4800
** Cruise:   PEACETIME
** Station:   FAST_CTD_068
# nquan = 11
# nvalues = 1017                        
# units = specified
# name 0 = prDM: Pressure, Digiquartz [db]
# name 1 = t090C: Temperature [ITS-90, deg C]
# name 2 = flC: Fluorescence, Chelsea Aqua 3 Chl Con [ug/l]
# name 3 = CStarTr0: Beam Transmission, WET Labs C-Star [%]
# name 4 = par: PAR/Irradiance, Biospherical/Licor
# name 5 = spar: SPAR/Surface Irradiance
# name 6 = sbeox0Mm/Kg: Oxygen, SBE 43 [umol/kg]
# name 7 = potemp090C: Potential Temperature [ITS-90, deg C]
# name 8 = sal00: Salinity, Practical [PSU]
# name 9 = sigma-é00: Density [sigma-theta, kg/m^3]
# name 10 = flag:
# span 0 =      3.000,   1019.000       
# span 1 =    13.1605,    21.3944       
# span 2 =     0.1750,     0.7262       
# span 3 =    92.0291,    98.3138       
# span 4 = -1.567e-07, 1.2626e+03       
# span 5 = 1.0087e+03, 2.5785e+03       
# span 6 =    152.422,    241.145       
# span 7 =    13.0104,    21.3931       
# span 8 =    37.0088,    38.5940       
# span 9 =    25.9411,    29.1066       
# span 10 = 0.0000e+00, 0.0000e+00      
# interval = decibars: 1                
# start_time = Jun 05 2017 08:54:06 [NMEA time, first data scan]
# bad_flag = -9.990e-29
*END*
      3.000    21.3920     0.2291    96.8173 1.2626e+03 2.2754e+03    210.422    21.3915    37.0422    25.9413 0.0000e+00
      4.000    21.3930     0.1900    96.8826 8.9316e+02 2.0212e+03    209.972    21.3922    37.0424    25.9412 0.0000e+00
      5.000    21.3924     0.1978    96.8713 8.2235e+02 2.3483e+03    210.254    21.3914    37.0425    25.9416 0.0000e+00
      6.000    21.3927     0.2053    96.8703 7.5423e+02 2.4190e+03    209.953    21.3915    37.0424    25.9414 0.0000e+00
      7.000    21.3944     0.2051    96.9097 8.7737e+02 2.4177e+03    210.225    21.3931    37.0425    25.9411 0.0000e+00
      8.000    21.3940     0.2099    96.9139 7.7369e+02 2.4464e+03    210.284    21.3925    37.0423    25.9411 0.0000e+00
      9.000    21.3928     0.2113    96.9248 6.9586e+02 2.4558e+03    210.191    21.3910    37.0422    25.9414 0.0000e+00
     10.000    21.3928     0.2113    96.9201 6.6008e+02 2.4627e+03    210.631    21.3908    37.0421    25.9414 0.0000e+00
     11.000    21.3930     0.2066    96.9148 6.0434e+02 2.4679e+03    210.882    21.3909    37.0425    25.9417 0.0000e+00
     12.000    21.3927     0.2039    96.9228 6.3742e+02 2.4733e+03    210.981    21.3904    37.0422    25.9416 0.0000e+00
     13.000    21.3876     0.2032    96.9193 5.3024e+02 2.4764e+03    211.034    21.3851    37.0420    25.9429 0.0000e+00
     14.000    21.3842     0.2034    96.9125 5.4206e+02 2.4347e+03    210.906    21.3815    37.0419    25.9439 0.0000e+00
     15.000    21.3257     0.2089    96.8878 4.7477e+02 2.1881e+03    211.441    21.3228    37.0409    25.9594 0.0000e+00
     16.000    21.2440     0.2097    96.8458 4.6808e+02 1.9639e+03    209.200    21.2409    37.0409    25.9821 0.0000e+00
     17.000    20.6886     0.2128    96.7350 3.9586e+02 2.0007e+03    211.591    20.6854    37.0421    26.1353 0.0000e+00
     18.000    20.2848     0.2103    96.6848 3.8159e+02 2.1614e+03    214.837    20.2814    37.0553    26.2550 0.0000e+00
     19.000    20.1845     0.2050    96.6727 3.7625e+02 2.1237e+03    215.992    20.1809    37.0623    26.2874 0.0000e+00
     20.000    20.1150     0.2124    96.6561 3.3730e+02 2.2074e+03    217.065    20.1112    37.0646    26.3078 0.0000e+00
     21.000    20.0720     0.2154    96.6687 2.7428e+02 2.3415e+03    217.717    20.0680    37.0697    26.3233 0.0000e+00
     22.000    19.9651     0.2165    96.6683 3.0319e+02 2.2772e+03    216.847    19.9610    37.0660    26.3490 0.0000e+00
     23.000    19.5703     0.2155    96.7335 2.7379e+02 2.2901e+03    219.262    19.5661    37.0531    26.4436 0.0000e+00
     24.000    19.0021     0.2065    96.8192 2.9484e+02 2.0409e+03    221.204    18.9978    37.0253    26.5703 0.0000e+00
     25.000    18.3776     0.2076    96.8742 2.7650e+02 1.8607e+03    227.619    18.3732    37.0088    26.7177 0.0000e+00
     26.000    18.1665     0.2059    96.8507 2.5685e+02 1.8532e+03    230.984    18.1619    37.0128    26.7740 0.0000e+00
     27.000    18.0800     0.2067    96.9119 2.0365e+02 1.8264e+03    233.221    18.0753    37.0250    26.8052 0.0000e+00
     28.000    18.0058     0.2099    96.9837 2.0918e+02 2.0124e+03    233.273    18.0009    37.0446    26.8388 0.0000e+00
     29.000    17.9458     0.2037    97.0171 1.6961e+02 1.8129e+03    232.559    17.9408    37.0577    26.8639 0.0000e+00
     30.000    17.8042     0.2066    97.0241 1.6490e+02 1.7257e+03    233.831    17.7990    37.0443    26.8888 0.0000e+00
     31.000    17.8116     0.2088    97.0124 1.3074e+02 1.9227e+03    235.066    17.8062    37.0792    26.9138 0.0000e+00
     32.000    17.8092     0.2148    97.0061 1.1700e+02 1.8928e+03    234.013    17.8037    37.1200    26.9458 0.0000e+00
     33.000    17.7745     0.2140    97.0107 1.1339e+02 2.0101e+03    234.341    17.7688    37.1197    26.9542 0.0000e+00
     34.000    17.7489     0.2161    97.0221 1.2530e+02 2.4422e+03    233.530    17.7430    37.1264    26.9657 0.0000e+00
     35.000    17.6422     0.2176    96.9849 1.2950e+02 2.2959e+03    234.052    17.6362    37.1345    26.9984 0.0000e+00
     36.000    17.5213     0.2137    96.9061 1.3607e+02 2.2543e+03    234.236    17.5152    37.1517    27.0414 0.0000e+00
     37.000    17.3522     0.2134    96.8658 1.2705e+02 2.0246e+03    235.512    17.3460    37.1413    27.0749 0.0000e+00
     38.000    17.2548     0.2161    96.8744 1.3200e+02 2.1113e+03    235.919    17.2484    37.1523    27.1072 0.0000e+00
     39.000    17.2009     0.2134    96.8771 1.2321e+02 2.3205e+03    236.652    17.1943    37.1701    27.1340 0.0000e+00
     40.000    17.1315     0.2152    96.8604 1.0805e+02 2.3295e+03    237.572    17.1248    37.1749    27.1546 0.0000e+00
     41.000    17.0727     0.2185    96.8162 1.0387e+02 2.5785e+03    238.562    17.0658    37.1770    27.1705 0.0000e+00
     42.000    17.0419     0.2203    96.8473 8.7205e+01 2.5515e+03    239.175    17.0348    37.2313    27.2197 0.0000e+00
     43.000    17.0503     0.2158    96.8866 8.3949e+01 2.1895e+03    238.165    17.0431    37.2943    27.2661 0.0000e+00
     44.000    16.8958     0.2121    96.8605 8.2419e+01 1.8464e+03    238.915    16.8885    37.3227    27.3252 0.0000e+00
     45.000    16.7035     0.2217    96.8536 8.7261e+01 1.8990e+03    237.760    16.6961    37.3153    27.3657 0.0000e+00
     46.000    16.4455     0.2237    96.8352 7.4274e+01 1.7268e+03    236.741    16.4380    37.3271    27.4362 0.0000e+00
     47.000    16.1879     0.2237    96.8557 6.2813e+01 1.6272e+03    239.892    16.1803    37.3358    27.5036 0.0000e+00
     48.000    16.2774     0.2233    96.8927 6.5029e+01 1.8343e+03    240.348    16.2696    37.3428    27.4880 0.0000e+00
     49.000    16.0906     0.2238    96.8475 5.5195e+01 1.8991e+03    238.936    16.0827    37.3511    27.5383 0.0000e+00
     50.000    16.0301     0.2269    96.8248 5.3284e+01 2.1780e+03    240.112    16.0220    37.3569    27.5569 0.0000e+00
     51.000    15.9864     0.2279    96.8411 5.6725e+01 2.5303e+03    241.145    15.9782    37.3683    27.5759 0.0000e+00
     52.000    16.0111     0.2328    96.8296 4.9916e+01 2.5338e+03    235.900    16.0027    37.3531    27.5584 0.0000e+00
     53.000    15.5273     0.2360    96.5448 5.7227e+01 2.3849e+03    235.965    15.5190    37.3396    27.6598 0.0000e+00
     54.000    15.4688     0.2481    96.4051 5.9292e+01 2.3114e+03    237.465    15.4604    37.3548    27.6848 0.0000e+00
     55.000    15.5029     0.2530    96.3472 5.3592e+01 2.5149e+03    237.134    15.4943    37.3674    27.6868 0.0000e+00
     56.000    15.4577     0.2501    96.3045 4.6634e+01 2.4762e+03    237.319    15.4489    37.3877    27.7129 0.0000e+00
     57.000    15.4469     0.2548    96.3261 4.6707e+01 2.3937e+03    237.808    15.4380    37.4056    27.7292 0.0000e+00
     58.000    15.4575     0.2599    96.3661 4.0967e+01 2.5660e+03    237.004    15.4484    37.4313    27.7466 0.0000e+00
     59.000    15.4588     0.2598    96.3379 3.7635e+01 2.3226e+03    236.336    15.4495    37.4597    27.7682 0.0000e+00
     60.000    15.4474     0.2704    96.3044 3.9405e+01 1.8032e+03    236.042    15.4380    37.4686    27.7777 0.0000e+00
     61.000    15.4642     0.2741    96.4245 3.2339e+01 1.4619e+03    235.465    15.4546    37.4940    27.7936 0.0000e+00
     62.000    15.4610     0.2672    96.6466 2.9063e+01 1.3436e+03    234.124    15.4512    37.5355    27.8263 0.0000e+00
     63.000    15.4089     0.2592    96.5632 2.6738e+01 1.3410e+03    234.117    15.3990    37.5363    27.8388 0.0000e+00
     64.000    15.3935     0.2697    96.3373 2.1208e+01 1.5459e+03    233.578    15.3835    37.5307    27.8380 0.0000e+00
     65.000    15.2994     0.2844    96.1268 1.8757e+01 1.7457e+03    231.901    15.2893    37.5405    27.8671 0.0000e+00
     66.000    15.2379     0.2919    95.9001 1.9221e+01 1.7824e+03    232.108    15.2276    37.5484    27.8871 0.0000e+00
     67.000    15.2046     0.2988    95.8118 1.9500e+01 1.7511e+03    232.711    15.1942    37.5530    27.8982 0.0000e+00
     68.000    15.1957     0.3021    95.8258 1.6697e+01 1.6686e+03    229.353    15.1851    37.5509    27.8987 0.0000e+00
     69.000    15.0721     0.3179    95.5048 1.5839e+01 1.4965e+03    225.447    15.0614    37.5736    27.9441 0.0000e+00
     70.000    15.0344     0.3381    95.4250 1.5773e+01 1.5111e+03    225.756    15.0236    37.5983    27.9717 0.0000e+00
     71.000    15.0178     0.3582    95.2118 1.5142e+01 1.6701e+03    226.380    15.0069    37.6094    27.9840 0.0000e+00
     72.000    15.0180     0.4010    94.5701 1.4271e+01 1.8825e+03    223.569    15.0069    37.6208    27.9928 0.0000e+00
     73.000    14.9613     0.6171    92.4394 1.1977e+01 1.8620e+03    218.905    14.9500    37.6509    28.0288 0.0000e+00
     74.000    14.9460     0.7262    92.0291 9.9339e+00 1.8663e+03    221.705    14.9346    37.6726    28.0490 0.0000e+00
     75.000    15.0333     0.7109    93.7084 8.8040e+00 1.8156e+03    227.725    15.0217    37.7350    28.0777 0.0000e+00
     76.000    15.0468     0.5497    95.0867 7.6139e+00 1.5598e+03    228.256    15.0350    37.7393    28.0780 0.0000e+00
     77.000    14.9943     0.4475    96.3332 6.4011e+00 1.3373e+03    227.273    14.9824    37.7636    28.1085 0.0000e+00
     78.000    14.9726     0.3742    96.1582 5.4710e+00 1.5439e+03    226.739    14.9605    37.7760    28.1231 0.0000e+00
     79.000    14.9603     0.3764    96.2179 4.8442e+00 1.6945e+03    226.540    14.9481    37.7834    28.1316 0.0000e+00
     80.000    14.9471     0.3626    96.4444 4.2841e+00 1.6401e+03    224.988    14.9348    37.7872    28.1375 0.0000e+00
     81.000    14.8883     0.3684    96.3270 3.9644e+00 2.2825e+03    220.800    14.8758    37.7901    28.1530 0.0000e+00
     82.000    14.8540     0.3661    96.2187 4.0179e+00 2.3174e+03    219.981    14.8414    37.7948    28.1643 0.0000e+00
     83.000    14.8310     0.3500    96.1884 4.2008e+00 1.8435e+03    219.822    14.8182    37.8053    28.1776 0.0000e+00
     84.000    14.8163     0.3707    95.8865 4.0439e+00 1.7670e+03    219.766    14.8035    37.8129    28.1868 0.0000e+00
     85.000    14.7930     0.3880    95.8253 3.7630e+00 1.9409e+03    218.581    14.7800    37.8121    28.1913 0.0000e+00
     86.000    14.7690     0.4241    95.5205 3.5205e+00 1.7983e+03    216.666    14.7559    37.8140    28.1982 0.0000e+00
     87.000    14.7142     0.4412    94.7279 3.0921e+00 1.6332e+03    212.298    14.7010    37.8399    28.2304 0.0000e+00
     88.000    14.7009     0.5077    94.6333 2.7720e+00 1.5221e+03    212.957    14.6875    37.8542    28.2445 0.0000e+00
     89.000    14.7017     0.4518    95.6981 2.4841e+00 1.3540e+03    213.552    14.6882    37.8601    28.2489 0.0000e+00
     90.000    14.6944     0.4125    96.0078 1.8966e+00 2.0530e+03    210.005    14.6807    37.8591    28.2497 0.0000e+00
     91.000    14.6406     0.4233    95.5324 1.4612e+00 2.4414e+03    205.597    14.6268    37.8705    28.2705 0.0000e+00
     92.000    14.6215     0.4739    95.4153 1.2413e+00 2.5625e+03    204.721    14.6075    37.8795    28.2818 0.0000e+00
     93.000    14.6164     0.5405    95.5663 1.1618e+00 2.5434e+03    204.347    14.6023    37.8840    28.2864 0.0000e+00
     94.000    14.5830     0.5393    96.2614 1.2090e+00 2.5145e+03    203.750    14.5688    37.8985    28.3050 0.0000e+00
     95.000    14.5618     0.4072    96.5325 1.2542e+00 2.4946e+03    205.139    14.5474    37.9089    28.3178 0.0000e+00
     96.000    14.5521     0.3431    96.7354 1.3044e+00 2.4874e+03    206.610    14.5375    37.9203    28.3288 0.0000e+00
     97.000    14.5387     0.3241    96.9086 1.2968e+00 2.4851e+03    206.701    14.5240    37.9289    28.3384 0.0000e+00
     98.000    14.5244     0.3239    97.0272 1.1835e+00 2.4758e+03    205.879    14.5095    37.9404    28.3505 0.0000e+00
     99.000    14.5078     0.3226    97.0579 1.1034e+00 2.4708e+03    205.819    14.4928    37.9466    28.3589 0.0000e+00
    100.000    14.4998     0.3070    97.0807 1.0512e+00 2.4669e+03    204.551    14.4847    37.9559    28.3679 0.0000e+00
    101.000    14.4989     0.3023    97.1785 9.8181e-01 2.4626e+03    204.226    14.4836    37.9603    28.3716 0.0000e+00
    102.000    14.4979     0.2929    97.0946 8.8538e-01 2.4615e+03    204.327    14.4825    37.9548    28.3676 0.0000e+00
    103.000    14.4514     0.2896    97.2574 8.4676e-01 2.4563e+03    205.136    14.4358    37.9734    28.3923 0.0000e+00
    104.000    14.4399     0.2847    97.2613 8.2906e-01 2.4139e+03    204.555    14.4242    37.9800    28.3999 0.0000e+00
    105.000    14.4396     0.2810    97.3263 7.9050e-01 2.3917e+03    204.335    14.4237    38.0036    28.4183 0.0000e+00
    106.000    14.4142     0.2658    97.3666 7.2938e-01 2.3928e+03    204.101    14.3982    38.0268    28.4418 0.0000e+00
    107.000    14.3928     0.2586    97.4084 6.9790e-01 2.3915e+03    202.794    14.3766    38.0377    28.4550 0.0000e+00
    108.000    14.3664     0.2566    97.4366 6.4178e-01 2.3840e+03    201.137    14.3501    38.0482    28.4689 0.0000e+00
    109.000    14.3480     0.2621    97.5407 6.1243e-01 2.3828e+03    200.426    14.3316    38.0542    28.4776 0.0000e+00
    110.000    14.3373     0.2680    97.5328 5.8473e-01 2.3801e+03    199.708    14.3208    38.0572    28.4823 0.0000e+00
    111.000    14.3198     0.2599    97.5096 5.4226e-01 2.3735e+03    199.062    14.3032    38.0621    28.4900 0.0000e+00
    112.000    14.2889     0.2549    97.6234 5.1479e-01 2.3699e+03    198.427    14.2721    38.0732    28.5054 0.0000e+00
    113.000    14.2533     0.2477    97.6553 4.8521e-01 2.3688e+03    196.388    14.2364    38.0839    28.5215 0.0000e+00
    114.000    14.2273     0.2369    97.7141 4.5653e-01 2.3637e+03    195.361    14.2102    38.0923    28.5336 0.0000e+00
    115.000    14.2018     0.2336    97.7321 4.3452e-01 2.3615e+03    195.514    14.1846    38.1023    28.5470 0.0000e+00
    116.000    14.1953     0.2305    97.7605 4.0933e-01 2.3645e+03    195.587    14.1780    38.1063    28.5515 0.0000e+00
    117.000    14.1897     0.2335    97.7983 3.8905e-01 2.3654e+03    194.112    14.1722    38.1066    28.5530 0.0000e+00
    118.000    14.1782     0.2271    97.8157 3.7342e-01 2.3656e+03    194.781    14.1605    38.1108    28.5588 0.0000e+00
    119.000    14.1698     0.2216    97.8359 3.5370e-01 2.3663e+03    194.060    14.1521    38.1135    28.5628 0.0000e+00
    120.000    14.1611     0.2218    97.8367 3.3520e-01 2.3652e+03    192.153    14.1432    38.1161    28.5667 0.0000e+00
    121.000    14.1515     0.2174    97.8424 3.2218e-01 2.3629e+03    191.131    14.1334    38.1188    28.5709 0.0000e+00
    122.000    14.1298     0.2170    97.8485 3.0536e-01 2.3641e+03    191.322    14.1116    38.1264    28.5815 0.0000e+00
    123.000    14.1092     0.2107    97.8686 2.8748e-01 2.3633e+03    193.090    14.0909    38.1377    28.5948 0.0000e+00
    124.000    14.1000     0.2147    97.8912 2.7556e-01 2.3575e+03    193.780    14.0816    38.1418    28.6000 0.0000e+00
    125.000    14.0973     0.2232    97.9074 2.5981e-01 2.3567e+03    193.798    14.0787    38.1428    28.6013 0.0000e+00
    126.000    14.0966     0.2243    97.9075 2.5155e-01 2.3626e+03    194.448    14.0778    38.1434    28.6020 0.0000e+00
    127.000    14.0944     0.2200    97.9066 2.4038e-01 2.3571e+03    195.329    14.0755    38.1449    28.6037 0.0000e+00
    128.000    14.0781     0.2159    97.9306 2.2926e-01 2.3579e+03    194.873    14.0590    38.1509    28.6119 0.0000e+00
    129.000    14.0708     0.2139    97.9154 2.1568e-01 2.3570e+03    192.130    14.0516    38.1561    28.6175 0.0000e+00
    130.000    14.0551     0.2126    97.9338 2.0708e-01 2.3595e+03    193.690    14.0358    38.1608    28.6246 0.0000e+00
    131.000    14.0455     0.2124    97.9407 2.0109e-01 2.3547e+03    193.101    14.0260    38.1651    28.6301 0.0000e+00
    132.000    14.0304     0.2016    97.9350 1.9290e-01 2.3460e+03    190.634    14.0107    38.1706    28.6376 0.0000e+00
    133.000    14.0182     0.2058    97.9507 1.8156e-01 2.3484e+03    189.593    13.9985    38.1767    28.6450 0.0000e+00
