Data/ruptures/PEACETIME/FAST/PEACETIME_FAST_CTD_058.cnv
* Sea-Bird SBE 9 Data File:
* FileName = C:\CTD\rawCTD\PEACETIME_FAST_CTD_058.hdr
* Software Version Seasave V 7.23.2
* Temperature SN = 1378
* Conductivity SN = 2929
* Number of Bytes Per Scan = 38
* Number of Voltage Words = 5
* Number of Scans Averaged by the Deck Unit = 1
* NMEA Latitude = 37 56.82 N
* NMEA Longitude = 002 54.92 E
* NMEA UTC (Time) = Jun 03 2017  04:19:58
* NMEA baud rate = 4800
** Cruise:   PEACETIME
** Station:   FAST_CTD_058
# nquan = 11
# nvalues = 2822                        
# units = specified
# name 0 = prDM: Pressure, Digiquartz [db]
# name 1 = t090C: Temperature [ITS-90, deg C]
# name 2 = flC: Fluorescence, Chelsea Aqua 3 Chl Con [ug/l]
# name 3 = CStarTr0: Beam Transmission, WET Labs C-Star [%]
# name 4 = par: PAR/Irradiance, Biospherical/Licor
# name 5 = spar: SPAR/Surface Irradiance
# name 6 = sbeox0Mm/Kg: Oxygen, SBE 43 [umol/kg]
# name 7 = potemp090C: Potential Temperature [ITS-90, deg C]
# name 8 = sal00: Salinity, Practical [PSU]
# name 9 = sigma-é00: Density [sigma-theta, kg/m^3]
# name 10 = flag:
# span 0 =      1.000,   2822.000       
# span 1 =    13.1213,    21.0562       
# span 2 =     0.1732,     0.3995       
# span 3 =    95.6297,    98.4580       
# span 4 = -5.928e-06, 3.8156e+00       
# span 5 = 9.2733e+00, 4.8341e+02       
# span 6 =    152.236,    239.457       
# span 7 =    12.9037,    21.0548       
# span 8 =    37.0458,    38.5868       
# span 9 =    26.0383,    29.1162       
# span 10 = 0.0000e+00, 0.0000e+00      
# interval = decibars: 1                
# start_time = Jun 03 2017 04:21:58 [NMEA time, first data scan]
# bad_flag = -9.990e-29
*END*
[from data line 656]
    657.000    13.3302     0.1948    98.3696 3.0927e-04 5.0434e+01    161.151    13.2337    38.5514    29.0985 0.0000e+00
    658.000    13.3282     0.1923    98.3696 1.3778e-03 5.2453e+01    161.259    13.2317    38.5509    29.0986 0.0000e+00
    659.000    13.3272     0.1929    98.3696 8.0371e-04 5.2771e+01    161.163    13.2304    38.5507    29.0987 0.0000e+00
    660.000    13.3265     0.1911    98.3696 1.0693e-03 5.3372e+01    160.848    13.2296    38.5506    29.0988 0.0000e+00
    661.000    13.3258     0.1945    98.3696 2.2503e-04 5.4452e+01    160.860    13.2288    38.5504    29.0988 0.0000e+00
    662.000    13.3247     0.1934    98.3696 6.2087e-04 5.2550e+01    161.404    13.2275    38.5501    29.0988 0.0000e+00
    663.000    13.3227     0.1913    98.3696 2.9481e-04 5.3659e+01    161.468    13.2254    38.5497    29.0989 0.0000e+00
    664.000    13.3185     0.1918    98.3696 1.0661e-03 5.1760e+01    161.271    13.2211    38.5488    29.0991 0.0000e+00
    665.000    13.3140     0.1930    98.3696 7.0151e-04 5.3237e+01    161.339    13.2165    38.5477    29.0993 0.0000e+00
    666.000    13.3115     0.1899    98.3696 4.1824e-04 5.1376e+01    161.382    13.2139    38.5473    29.0995 0.0000e+00
    667.000    13.3112     0.1904    98.3696 8.8781e-04 5.0558e+01    160.997    13.2133    38.5472    29.0996 0.0000e+00
    668.000    13.3096     0.1900    98.3696 4.4296e-04 5.4288e+01    161.703    13.2116    38.5468    29.0995 0.0000e+00
    669.000    13.3071     0.1879    98.3696 6.1387e-04 5.3636e+01    162.238    13.2090    38.5463    29.0997 0.0000e+00
    670.000    13.3046     0.1898    98.3696 2.4809e-04 5.7803e+01    162.094    13.2064    38.5456    29.0998 0.0000e+00
    671.000    13.3021     0.1891    98.3696 -8.548e-07 4.7606e+01    161.885    13.2037    38.5451    29.0999 0.0000e+00
    672.000    13.2974     0.1886    98.3696 1.2218e-04 5.0401e+01    161.837    13.1989    38.5443    29.1003 0.0000e+00
    673.000    13.2946     0.1905    98.3696 7.8852e-05 4.9483e+01    161.955    13.1959    38.5435    29.1003 0.0000e+00
    674.000    13.2918     0.1921    98.3789 3.0303e-04 4.7866e+01    161.780    13.1930    38.5430    29.1005 0.0000e+00
    675.000    13.2889     0.1921    98.3769 2.4268e-04 5.5066e+01    161.959    13.1900    38.5422    29.1006 0.0000e+00
    676.000    13.2861     0.1973    98.3742 6.0367e-04 5.1432e+01    161.960    13.1870    38.5417    29.1008 0.0000e+00
    677.000    13.2844     0.2002    98.3754 4.3897e-04 4.9070e+01    162.204    13.1852    38.5412    29.1008 0.0000e+00
    678.000    13.2837     0.1943    98.3810 4.6936e-04 5.1825e+01    162.320    13.1844    38.5411    29.1009 0.0000e+00
    679.000    13.2835     0.1913    98.3806 1.9628e-04 5.5304e+01    162.481    13.1840    38.5410    29.1009 0.0000e+00
    680.000    13.2837     0.1828    98.3866 9.4440e-05 5.0968e+01    162.572    13.1840    38.5411    29.1009 0.0000e+00
    681.000    13.2839     0.1835    98.3811 7.7204e-04 5.2390e+01    162.614    13.1841    38.5411    29.1009 0.0000e+00
    682.000    13.2842     0.1892    98.3806 2.1060e-04 5.2517e+01    162.645    13.1842    38.5411    29.1009 0.0000e+00
    683.000    13.2843     0.1931    98.3776 1.9693e-04 5.0105e+01    162.192    13.1842    38.5410    29.1009 0.0000e+00
    684.000    13.2843     0.1942    98.3754 5.2019e-04 5.4018e+01    162.132    13.1841    38.5411    29.1009 0.0000e+00
    685.000    13.2846     0.1915    98.3793 8.7535e-04 5.7348e+01    162.210    13.1841    38.5413    29.1010 0.0000e+00
    686.000    13.2849     0.1958    98.3744 2.4805e-04 5.5991e+01    162.584    13.1843    38.5412    29.1009 0.0000e+00
    687.000    13.2850     0.1963    98.3726 8.6197e-05 5.7864e+01    162.659    13.1843    38.5412    29.1009 0.0000e+00
    688.000    13.2852     0.1922    98.3736 6.6562e-04 5.6097e+01    162.893    13.1843    38.5411    29.1009 0.0000e+00
    689.000    13.2854     0.1879    98.3771 8.4025e-04 5.6022e+01    162.711    13.1844    38.5411    29.1009 0.0000e+00
    690.000    13.2857     0.1917    98.3761 1.0052e-03 5.6023e+01    162.738    13.1845    38.5414    29.1010 0.0000e+00
    691.000    13.2876     0.1849    98.3772 4.3900e-04 6.0638e+01    162.822    13.1863    38.5420    29.1011 0.0000e+00
    692.000    13.2883     0.1903    98.3857 1.3808e-04 5.8627e+01    162.747    13.1869    38.5421    29.1011 0.0000e+00
    693.000    13.2884     0.1872    98.3866 1.0031e-03 5.7013e+01    162.547    13.1868    38.5420    29.1011 0.0000e+00
    694.000    13.2887     0.1892    98.3863 1.7770e-03 5.6662e+01    162.457    13.1869    38.5421    29.1011 0.0000e+00
    695.000    13.2889     0.1883    98.3789 1.1372e-03 5.8140e+01    162.549    13.1869    38.5421    29.1011 0.0000e+00
    696.000    13.2889     0.1970    98.3826 7.0382e-04 5.7640e+01    162.510    13.1868    38.5420    29.1011 0.0000e+00
    697.000    13.2891     0.1966    98.3802 5.9377e-04 5.9835e+01    162.819    13.1868    38.5420    29.1011 0.0000e+00
    698.000    13.2892     0.1913    98.3840 1.7839e-03 5.6965e+01    162.806    13.1868    38.5421    29.1011 0.0000e+00
    699.000    13.2893     0.1912    98.3826 1.4723e-03 5.9568e+01    162.677    13.1868    38.5421    29.1011 0.0000e+00
    700.000    13.2894     0.1910    98.3796 2.2358e-03 5.7662e+01    161.992    13.1867    38.5422    29.1012 0.0000e+00
    701.000    13.2897     0.1939    98.3790 1.8898e-03 6.0848e+01    162.389    13.1868    38.5420    29.1011 0.0000e+00
    702.000    13.2897     0.1946    98.3773 3.0381e-03 5.8575e+01    162.782    13.1867    38.5421    29.1012 0.0000e+00
    703.000    13.2899     0.1948    98.3798 1.6945e-03 6.0559e+01    163.012    13.1867    38.5420    29.1011 0.0000e+00
    704.000    13.2900     0.1957    98.3841 1.0467e-03 5.9411e+01    163.132    13.1867    38.5420    29.1011 0.0000e+00
    705.000    13.2901     0.1937    98.3779 7.0896e-04 5.7193e+01    162.667    13.1867    38.5419    29.1010 0.0000e+00
    706.000    13.2899     0.1905    98.3786 1.1144e-03 5.9926e+01    162.832    13.1863    38.5419    29.1011 0.0000e+00
    707.000    13.2896     0.1953    98.3770 2.7832e-03 6.0494e+01    162.844    13.1858    38.5417    29.1010 0.0000e+00
    708.000    13.2887     0.1961    98.3783 1.3153e-03 5.8403e+01    162.542    13.1848    38.5415    29.1011 0.0000e+00
    709.000    13.2873     0.1917    98.3786 2.1586e-03 6.1803e+01    162.512    13.1833    38.5412    29.1012 0.0000e+00
    710.000    13.2865     0.1916    98.3816 4.2030e-03 6.2080e+01    163.127    13.1823    38.5410    29.1012 0.0000e+00
    711.000    13.2862     0.1868    98.3773 2.6923e-03 5.7233e+01    163.277    13.1818    38.5408    29.1012 0.0000e+00
    712.000    13.2848     0.1890    98.3783 6.4910e-05 5.9943e+01    163.100    13.1804    38.5405    29.1012 0.0000e+00
    713.000    13.2850     0.1915    98.3796 1.3049e-03 5.9266e+01    162.782    13.1804    38.5405    29.1012 0.0000e+00
    714.000    13.2851     0.1925    98.3786 6.8582e-04 5.9707e+01    163.111    13.1803    38.5405    29.1013 0.0000e+00
    715.000    13.2852     0.1962    98.3756 2.1366e-03 6.0331e+01    163.136    13.1803    38.5405    29.1013 0.0000e+00
    716.000    13.2849     0.1916    98.3802 6.1217e-04 5.8628e+01    163.114    13.1799    38.5405    29.1013 0.0000e+00
    717.000    13.2849     0.1895    98.3789 2.1297e-03 6.1091e+01    163.289    13.1797    38.5404    29.1013 0.0000e+00
    718.000    13.2846     0.1901    98.3746 7.1851e-04 6.0013e+01    163.198    13.1793    38.5402    29.1013 0.0000e+00
    719.000    13.2841     0.1912    98.3780 1.2687e-03 6.2577e+01    162.815    13.1786    38.5400    29.1012 0.0000e+00
    720.000    13.2835     0.1893    98.3796 7.0405e-04 6.5290e+01    162.747    13.1779    38.5399    29.1013 0.0000e+00
    721.000    13.2834     0.1927    98.3826 2.2649e-03 5.9755e+01    162.890    13.1776    38.5399    29.1013 0.0000e+00
    722.000    13.2822     0.1907    98.3864 1.1050e-03 6.0679e+01    162.964    13.1762    38.5395    29.1013 0.0000e+00
    723.000    13.2773     0.1880    98.3776 9.7559e-04 6.0896e+01    162.965    13.1713    38.5382    29.1014 0.0000e+00
    724.000    13.2727     0.1925    98.3779 7.1733e-04 5.8834e+01    163.457    13.1665    38.5372    29.1016 0.0000e+00
    725.000    13.2663     0.1909    98.3754 2.5207e-03 5.6116e+01    163.553    13.1600    38.5359    29.1020 0.0000e+00
    726.000    13.2634     0.1905    98.3845 4.9380e-04 6.5094e+01    163.422    13.1569    38.5351    29.1020 0.0000e+00
    727.000    13.2554     0.1887    98.3845 3.7774e-04 6.2127e+01    163.451    13.1489    38.5333    29.1023 0.0000e+00
    728.000    13.2532     0.1874    98.3894 3.7932e-04 6.2485e+01    163.823    13.1465    38.5328    29.1024 0.0000e+00
    729.000    13.2508     0.1888    98.3886 5.7994e-04 6.6103e+01    164.259    13.1439    38.5323    29.1025 0.0000e+00
    730.000    13.2456     0.1920    98.3889 1.2372e-03 5.8980e+01    164.353    13.1386    38.5312    29.1028 0.0000e+00
    731.000    13.2417     0.1970    98.3956 1.5420e-03 6.2641e+01    164.317    13.1346    38.5302    29.1029 0.0000e+00
    732.000    13.2407     0.1959    98.3956 2.0252e-03 6.0733e+01    164.451    13.1335    38.5303    29.1031 0.0000e+00
    733.000    13.2408     0.1888    98.3956 1.5905e-03 6.3246e+01    164.614    13.1334    38.5301    29.1030 0.0000e+00
    734.000    13.2394     0.1842    98.3956 4.5822e-03 6.1252e+01    164.830    13.1319    38.5298    29.1031 0.0000e+00
    735.000    13.2386     0.1850    98.3956 4.2857e-03 5.9910e+01    164.335    13.1309    38.5295    29.1031 0.0000e+00
    736.000    13.2387     0.1866    98.3956 4.5546e-03 6.6697e+01    164.417    13.1308    38.5296    29.1032 0.0000e+00
    737.000    13.2390     0.1846    98.3956 4.5643e-03 5.9711e+01    164.867    13.1310    38.5297    29.1032 0.0000e+00
    738.000    13.2391     0.1806    98.3956 4.9288e-03 6.1411e+01    164.864    13.1309    38.5298    29.1033 0.0000e+00
    739.000    13.2393     0.1881    98.3956 2.8949e-03 6.0957e+01    164.821    13.1310    38.5296    29.1031 0.0000e+00
    740.000    13.2394     0.1886    98.3956 3.5785e-03 6.2839e+01    164.779    13.1310    38.5297    29.1032 0.0000e+00
    741.000    13.2394     0.1902    98.3956 2.2115e-03 6.0898e+01    164.818    13.1308    38.5297    29.1032 0.0000e+00
    742.000    13.2393     0.1978    98.3956 1.8174e-03 6.3337e+01    164.529    13.1306    38.5297    29.1033 0.0000e+00
    743.000    13.2397     0.1941    98.3956 2.8983e-03 6.1335e+01    164.716    13.1308    38.5298    29.1033 0.0000e+00
    744.000    13.2399     0.1886    98.3956 1.1521e-03 6.5365e+01    164.661    13.1309    38.5298    29.1033 0.0000e+00
    745.000    13.2400     0.1934    98.3956 2.9061e-03 6.6933e+01    164.475    13.1308    38.5298    29.1033 0.0000e+00
    746.000    13.2402     0.1902    98.3956 1.9559e-03 6.3089e+01    164.531    13.1309    38.5297    29.1032 0.0000e+00
    747.000    13.2404     0.1917    98.3956 9.7189e-04 6.8178e+01    164.881    13.1309    38.5297    29.1032 0.0000e+00
    748.000    13.2404     0.1926    98.3956 8.9668e-04 6.1911e+01    165.088    13.1308    38.5297    29.1032 0.0000e+00
    749.000    13.2404     0.1910    98.3956 2.8342e-03 6.3008e+01    165.254    13.1306    38.5297    29.1033 0.0000e+00
    750.000    13.2403     0.1932    98.3956 2.9030e-03 6.5233e+01    165.051    13.1304    38.5297    29.1033 0.0000e+00
    751.000    13.2405     0.1924    98.3956 1.7762e-03 6.7602e+01    165.009    13.1304    38.5295    29.1032 0.0000e+00
    752.000    13.2406     0.1952    98.3956 1.2334e-03 6.4126e+01    165.036    13.1304    38.5297    29.1033 0.0000e+00
    753.000    13.2408     0.1931    98.3956 1.3863e-03 6.0020e+01    164.648    13.1304    38.5297    29.1033 0.0000e+00
    754.000    13.2410     0.1851    98.3956 3.1677e-04 6.5414e+01    164.370    13.1304    38.5296    29.1032 0.0000e+00
    755.000    13.2411     0.1893    98.3956 1.3271e-03 6.4902e+01    164.861    13.1304    38.5295    29.1032 0.0000e+00
    756.000    13.2413     0.1972    98.3956 9.7165e-04 6.1193e+01    165.008    13.1304    38.5296    29.1033 0.0000e+00
    757.000    13.2414     0.1986    98.3800 1.1567e-03 6.8053e+01    165.220    13.1304    38.5296    29.1033 0.0000e+00
    758.000    13.2415     0.1903    98.3936 9.5522e-04 6.7728e+01    164.856    13.1304    38.5295    29.1032 0.0000e+00
    759.000    13.2417     0.1894    98.3976 1.3961e-03 6.5399e+01    164.877    13.1304    38.5296    29.1032 0.0000e+00
    760.000    13.2417     0.1893    98.3966 2.4820e-03 6.1150e+01    165.041    13.1303    38.5297    29.1033 0.0000e+00
    761.000    13.2420     0.1859    98.3956 2.1044e-03 6.1644e+01    164.882    13.1304    38.5296    29.1032 0.0000e+00
    762.000    13.2421     0.1860    98.3956 9.6465e-04 6.8100e+01    165.001    13.1304    38.5296    29.1033 0.0000e+00
    763.000    13.2423     0.1907    98.3956 2.2199e-03 6.6442e+01    164.875    13.1303    38.5297    29.1033 0.0000e+00
    764.000    13.2424     0.1893    98.3956 1.8317e-03 6.6648e+01    164.862    13.1303    38.5297    29.1034 0.0000e+00
    765.000    13.2426     0.1855    98.3956 1.5481e-03 6.2587e+01    165.083    13.1303    38.5296    29.1033 0.0000e+00
    766.000    13.2428     0.1906    98.3956 9.5477e-04 6.1517e+01    165.176    13.1304    38.5295    29.1032 0.0000e+00
    767.000    13.2429     0.1931    98.3956 1.5189e-03 6.8924e+01    165.146    13.1304    38.5296    29.1033 0.0000e+00
    768.000    13.2430     0.1875    98.3956 1.9164e-03 6.5468e+01    165.039    13.1304    38.5295    29.1032 0.0000e+00
    769.000    13.2431     0.1889    98.3956 2.6007e-03 6.6258e+01    165.045    13.1303    38.5295    29.1032 0.0000e+00
    770.000    13.2432     0.1935    98.3956 1.3612e-03 6.1766e+01    165.111    13.1303    38.5296    29.1033 0.0000e+00
    771.000    13.2434     0.1885    98.3956 2.9232e-03 6.2087e+01    164.902    13.1303    38.5295    29.1032 0.0000e+00
    772.000    13.2435     0.1900    98.3956 4.2098e-03 6.0317e+01    164.909    13.1302    38.5296    29.1032 0.0000e+00
    773.000    13.2437     0.1919    98.3956 2.7370e-03 6.2552e+01    164.868    13.1302    38.5295    29.1032 0.0000e+00
    774.000    13.2439     0.1898    98.3956 2.9387e-03 6.3785e+01    164.705    13.1303    38.5296    29.1033 0.0000e+00
    775.000    13.2440     0.1856    98.3956 2.5390e-03 6.7184e+01    164.276    13.1302    38.5296    29.1033 0.0000e+00
    776.000    13.2441     0.1893    98.3956 2.0994e-03 6.6707e+01    164.453    13.1302    38.5296    29.1033 0.0000e+00
    777.000    13.2442     0.1989    98.3956 1.6043e-03 6.6060e+01    165.082    13.1302    38.5295    29.1033 0.0000e+00
    778.000    13.2445     0.1903    98.3956 4.0465e-03 6.6061e+01    165.091    13.1303    38.5295    29.1032 0.0000e+00
    779.000    13.2446     0.1906    98.3956 3.1899e-03 6.4425e+01    164.959    13.1303    38.5295    29.1032 0.0000e+00
    780.000    13.2448     0.1888    98.3956 3.0771e-03 6.6661e+01    165.217    13.1303    38.5296    29.1032 0.0000e+00
    781.000    13.2450     0.1859    98.3956 3.1162e-03 6.7154e+01    165.392    13.1303    38.5295    29.1032 0.0000e+00
    782.000    13.2451     0.1883    98.3956 2.1686e-03 6.5000e+01    165.197    13.1303    38.5295    29.1032 0.0000e+00
    783.000    13.2452     0.1949    98.3956 1.7477e-03 6.4501e+01    164.952    13.1303    38.5296    29.1032 0.0000e+00
    784.000    13.2453     0.1923    98.3956 2.0709e-03 6.7125e+01    164.641    13.1303    38.5295    29.1032 0.0000e+00
    785.000    13.2455     0.1910    98.3956 6.8529e-04 6.4331e+01    164.607    13.1303    38.5294    29.1031 0.0000e+00
    786.000    13.2456     0.1943    98.3956 2.4470e-03 6.2904e+01    164.336    13.1302    38.5295    29.1032 0.0000e+00
