Data/ruptures/PEACETIME/FAST/PEACETIME_FAST_CTD_059.cnv
* Sea-Bird SBE 9 Data File:
* FileName = C:\CTD\rawCTD\PEACETIME_FAST_CTD_059.hdr
* Software Version Seasave V 7.23.2
* Temperature SN = 1378
* Conductivity SN = 2929
* Number of Bytes Per Scan = 38
* Number of Voltage Words = 5
* Number of Scans Averaged by the Deck Unit = 1
* NMEA Latitude = 37 56.82 N
* NMEA Longitude = 002 54.92 E
* NMEA UTC (Time) = Jun 03 2017  08:01:52
* NMEA baud rate = 4800
** Cruise:   PEACETIME
** Station:   FAST_CTD_059
# nquan = 11
# nvalues = 2499                        
# units = specified
# name 0 = prDM: Pressure, Digiquartz [db]
# name 1 = t090C: Temperature [ITS-90, deg C]
# name 2 = flC: Fluorescence, Chelsea Aqua 3 Chl Con [ug/l]
# name 3 = CStarTr0: Beam Transmission, WET Labs C-Star [%]
# name 4 = par: PAR/Irradiance, Biospherical/Licor
# name 5 = spar: SPAR/Surface Irradiance
# name 6 = sbeox0Mm/Kg: Oxygen, SBE 43 [umol/kg]
# name 7 = potemp090C: Potential Temperature [ITS-90, deg C]
# name 8 = sal00: Salinity, Practical [PSU]
# name 9 = sigma-é00: Density [sigma-theta, kg/m^3]
# name 10 = flag:
# span 0 =      3.000,   2501.000       
# span 1 =    13.1246,    21.0253       
# span 2 =     0.1751,     0.9015       
# span 3 =    96.0806,    98.4076       
# span 4 = -2.621e-05, 8.3730e+02       
# span 5 = 2.0187e+03, 2.1644e+03       
# span 6 =    151.951,    241.312       
# span 7 =    12.9039,    21.0237       
# span 8 =    37.0117,    38.5877       
# span 9 =    26.0499,    29.1159       
# span 10 = 0.0000e+00, 0.0000e+00      
# interval = decibars: 1                
# start_time = Jun 03 2017 08:03:46 [NMEA time, first data scan]
# bad_flag = -9.990e-29
*END*
[from data line 525]
    528.000    13.4264     0.1951    98.2938 1.0000e-12 2.0631e+03    156.497    13.3489    38.5725    29.0906 0.0000e+00
    529.000    13.4255     0.1910    98.3003 1.0000e-12 2.0693e+03    156.296    13.3479    38.5722    29.0906 0.0000e+00
    530.000    13.4250     0.1855    98.2967 1.0000e-12 2.0689e+03    156.158    13.3472    38.5721    29.0907 0.0000e+00
    531.000    13.4216     0.1839 -9.990e-29 1.0000e-12 2.0687e+03    156.285    13.3436    38.5713    29.0908 0.0000e+00
    532.000    13.4161     0.1821 -9.990e-29 1.0000e-12 2.0708e+03    156.284    13.3380    38.5702    29.0911 0.0000e+00
    533.000    13.4121     0.1812 -9.990e-29 1.0000e-12 2.0658e+03    156.488    13.3339    38.5695    29.0914 0.0000e+00
    534.000    13.4103     0.1867    98.2971 1.0000e-12 2.0665e+03    156.641    13.3319    38.5694    29.0918 0.0000e+00
    535.000    13.4092     0.1950    98.2978 1.0000e-12 2.0632e+03    156.337    13.3307    38.5692    29.0919 0.0000e+00
    536.000    13.4088     0.1930    98.2960 1.0000e-12 2.0662e+03    156.096    13.3301    38.5691    29.0920 0.0000e+00
    537.000    13.4080     0.1870    98.2959 1.0000e-12 2.0631e+03    156.481    13.3292    38.5688    29.0919 0.0000e+00
    538.000    13.4070     0.1832    98.2995 1.0000e-12 2.0636e+03    156.660    13.3280    38.5686    29.0920 0.0000e+00
    539.000    13.4007     0.1837    98.3015 1.0000e-12 2.0638e+03    157.096    13.3216    38.5674    29.0924 0.0000e+00
    540.000    13.3940     0.1847    98.3035 1.0000e-12 2.0610e+03    156.971    13.3148    38.5664    29.0931 0.0000e+00
    541.000    13.3935     0.1847    98.2982 1.0000e-12 2.0637e+03    157.068    13.3142    38.5662    29.0931 0.0000e+00
    542.000    13.3931     0.1877    98.2937 1.0000e-12 2.0609e+03    157.421    13.3136    38.5660    29.0930 0.0000e+00
    543.000    13.3904     0.1930    98.2820 1.0000e-12 2.0608e+03    157.497    13.3108    38.5655    29.0932 0.0000e+00
    544.000    13.3892     0.1875    98.2983 1.0000e-12 2.0637e+03    157.140    13.3094    38.5654    29.0935 0.0000e+00
    545.000    13.3886     0.1853    98.3019 1.0000e-12 2.0641e+03    157.351    13.3087    38.5653    29.0935 0.0000e+00
    546.000    13.3878     0.1854    98.2959 1.0000e-12 2.0621e+03    157.554    13.3077    38.5651    29.0935 0.0000e+00
    547.000    13.3876     0.1888    98.2994 1.0000e-12 2.0646e+03    157.416    13.3074    38.5651    29.0936 0.0000e+00
    548.000    13.3876     0.1891    98.2978 1.0000e-12 2.0645e+03    157.487    13.3072    38.5650    29.0936 0.0000e+00
    549.000    13.3874     0.1900    98.2973 1.0000e-12 2.0640e+03    157.745    13.3069    38.5652    29.0938 0.0000e+00
    550.000    13.3875     0.1887    98.2935 1.0000e-12 2.0651e+03    157.631    13.3068    38.5652    29.0938 0.0000e+00
    551.000    13.3876     0.1826    98.2949 1.0000e-12 2.0648e+03    157.316    13.3068    38.5652    29.0938 0.0000e+00
    552.000    13.3879     0.1810    98.3017 1.0000e-12 2.0627e+03    157.632    13.3069    38.5652    29.0938 0.0000e+00
    553.000    13.3881     0.1810    98.3030 1.0000e-12 2.0642e+03    158.178    13.3070    38.5653    29.0939 0.0000e+00
    554.000    13.3882     0.1875    98.3031 1.0000e-12 2.0622e+03    157.801    13.3070    38.5653    29.0939 0.0000e+00
    555.000    13.3882     0.1855    98.2924 1.0000e-12 2.0638e+03    157.436    13.3067    38.5653    29.0939 0.0000e+00
    556.000    13.3884     0.1775    98.3030 1.0000e-12 2.0641e+03    157.768    13.3069    38.5653    29.0939 0.0000e+00
    557.000    13.3886     0.1792    98.2950 1.0000e-12 2.0665e+03    158.018    13.3069    38.5654    29.0940 0.0000e+00
    558.000    13.3888     0.1864    98.2974 1.0000e-12 2.0663e+03    158.212    13.3069    38.5654    29.0939 0.0000e+00
    559.000    13.3893     0.1884 -9.990e-29 -9.990e-29 2.0669e+03    158.142    13.3073    38.5656    29.0940 0.0000e+00
    560.000    13.3898     0.1835 -9.990e-29 -9.990e-29 2.0643e+03    158.114    13.3077    38.5657    29.0941 0.0000e+00
    561.000    13.3902     0.1859 -9.990e-29 -9.990e-29 2.0672e+03    158.053    13.3079    38.5658    29.0941 0.0000e+00
    562.000    13.3905     0.1875    98.2655 1.0000e-12 2.0693e+03    158.008    13.3081    38.5659    29.0941 0.0000e+00
    563.000    13.3908     0.1822    98.3088 1.0000e-12 2.0652e+03    158.204    13.3081    38.5659    29.0941 0.0000e+00
    564.000    13.3909     0.1799    98.3135 1.0000e-12 2.0669e+03    158.114    13.3081    38.5659    29.0941 0.0000e+00
    565.000    13.3910     0.1915    98.3082 1.0000e-12 2.0649e+03    158.028    13.3081    38.5660    29.0942 0.0000e+00
    566.000    13.3911     0.1932    98.3100 1.0000e-12 2.0648e+03    157.618    13.3081    38.5660    29.0942 0.0000e+00
    567.000    13.3914     0.1918    98.3056 1.0000e-12 2.0644e+03    157.880    13.3081    38.5660    29.0941 0.0000e+00
    568.000    13.3916     0.1882    98.3056 1.0000e-12 2.0672e+03    158.086    13.3082    38.5659    29.0941 0.0000e+00
    569.000    13.3919     0.1867    98.3031 1.0000e-12 2.0645e+03    158.244    13.3083    38.5658    29.0940 0.0000e+00
    570.000    13.3921     0.1897    98.3145 1.0000e-12 2.0643e+03    158.484    13.3084    38.5660    29.0942 0.0000e+00
    571.000    13.3924     0.1911    98.3165 1.0000e-12 2.0653e+03    158.175    13.3086    38.5662    29.0943 0.0000e+00
    572.000    13.3928     0.1896    98.3131 1.0000e-12 2.0650e+03    157.744    13.3088    38.5660    29.0941 0.0000e+00
    573.000    13.3929     0.1882    98.3100 1.0000e-12 2.0657e+03    158.239    13.3088    38.5661    29.0941 0.0000e+00
    574.000    13.3930     0.1879    98.3096 1.0000e-12 2.0646e+03    158.349    13.3088    38.5661    29.0941 0.0000e+00
    575.000    13.3933     0.1895    98.3106 1.0000e-12 2.0646e+03    158.280    13.3088    38.5661    29.0941 0.0000e+00
    576.000    13.3935     0.1866    98.3111 1.0000e-12 2.0651e+03    158.188    13.3089    38.5661    29.0941 0.0000e+00
    577.000    13.3936     0.1837    98.3129 1.0000e-12 2.0631e+03    157.677    13.3089    38.5661    29.0941 0.0000e+00
    578.000    13.3937     0.1877    98.3078 1.0000e-12 2.0643e+03    157.843    13.3088    38.5660    29.0940 0.0000e+00
    579.000    13.3937     0.1856    98.3176 1.0000e-12 2.0642e+03    158.293    13.3087    38.5661    29.0941 0.0000e+00
    580.000    13.3938     0.1857 -9.990e-29 1.0000e-12 2.0625e+03    158.236    13.3087    38.5661    29.0941 0.0000e+00
    581.000    13.3939     0.1851 -9.990e-29 1.0000e-12 2.0643e+03    158.292    13.3085    38.5660    29.0941 0.0000e+00
    582.000    13.3935     0.1854 -9.990e-29 1.0000e-12 2.0642e+03    158.450    13.3080    38.5658    29.0941 0.0000e+00
    583.000    13.3921     0.1832    98.3149 1.0000e-12 2.0645e+03    158.312    13.3065    38.5655    29.0942 0.0000e+00
    584.000    13.3918     0.1856    98.3104 1.0000e-12 2.0625e+03    158.140    13.3060    38.5655    29.0943 0.0000e+00
    585.000    13.3917     0.1859    98.3144 1.0000e-12 2.0620e+03    158.219    13.3058    38.5654    29.0942 0.0000e+00
    586.000    13.3910     0.1817    98.3110 1.0000e-12 2.0603e+03    158.221    13.3049    38.5653    29.0943 0.0000e+00
    587.000    13.3884     0.1864    98.3055 1.0000e-12 2.0654e+03    158.073    13.3022    38.5647    29.0944 0.0000e+00
    588.000    13.3876     0.1923    98.3061 1.0000e-12 2.0622e+03    158.240    13.3013    38.5645    29.0945 0.0000e+00
    589.000    13.3846     0.1898    98.3078 1.0000e-12 2.0642e+03    158.623    13.2981    38.5638    29.0946 0.0000e+00
    590.000    13.3827     0.1884    98.3103 1.0000e-12 2.0632e+03    158.454    13.2961    38.5635    29.0948 0.0000e+00
    591.000    13.3808     0.1895    98.3076 1.0000e-12 2.0645e+03    158.358    13.2940    38.5630    29.0948 0.0000e+00
    592.000    13.3790     0.1831    98.3089 1.0000e-12 2.0634e+03    158.368    13.2921    38.5628    29.0951 0.0000e+00
    593.000    13.3766     0.1865    98.3017 1.0000e-12 2.0663e+03    158.623    13.2896    38.5622    29.0952 0.0000e+00
    594.000    13.3737     0.1911    98.3045 1.0000e-12 2.0660e+03    158.605    13.2865    38.5614    29.0952 0.0000e+00
    595.000    13.3697     0.1815    98.3055 1.0000e-12 2.0660e+03    158.394    13.2824    38.5606    29.0954 0.0000e+00
    596.000    13.3675     0.1782    98.3060 1.0000e-12 2.0639e+03    158.627    13.2800    38.5603    29.0957 0.0000e+00
    597.000    13.3666     0.1870    98.2968 1.0000e-12 2.0667e+03    158.901    13.2789    38.5601    29.0957 0.0000e+00
    598.000    13.3664     0.1851    98.3006 1.0000e-12 2.0636e+03    158.835    13.2786    38.5599    29.0957 0.0000e+00
    599.000    13.3661     0.1821    98.2961 1.0000e-12 2.0669e+03    158.809    13.2782    38.5596    29.0956 0.0000e+00
    600.000    13.3649     0.1766    98.3011 -9.990e-29 2.0657e+03    159.034    13.2769    38.5596    29.0958 0.0000e+00
    601.000    13.3640     0.1813    98.2992 -9.990e-29 2.0656e+03    158.988    13.2758    38.5596    29.0960 0.0000e+00
    602.000    13.3637     0.1849    98.2983 -9.990e-29 2.0644e+03    158.690    13.2754    38.5594    29.0960 0.0000e+00
    603.000    13.3627     0.1896    98.2986 1.0000e-12 2.0707e+03    158.340    13.2742    38.5592    29.0961 0.0000e+00
    604.000    13.3611     0.1880    98.3013 1.0000e-12 2.0690e+03    158.714    13.2724    38.5586    29.0960 0.0000e+00
    605.000    13.3582     0.1904    98.3031 1.0000e-12 2.0690e+03    159.182    13.2695    38.5584    29.0964 0.0000e+00
    606.000    13.3554     0.1900    98.3155 1.0000e-12 2.0662e+03    159.329    13.2665    38.5579    29.0966 0.0000e+00
    607.000    13.3524     0.1904    98.3120 1.0000e-12 2.0615e+03    159.786    13.2634    38.5573    29.0969 0.0000e+00
    608.000    13.3501     0.1843 -9.990e-29 -9.990e-29 2.0650e+03    159.956    13.2609    38.5568    29.0970 0.0000e+00
    609.000    13.3496     0.1838 -9.990e-29 -9.990e-29 2.0647e+03    160.007    13.2602    38.5566    29.0970 0.0000e+00
    610.000    13.3489     0.1814 -9.990e-29 -9.990e-29 2.0697e+03    159.923    13.2595    38.5564    29.0970 0.0000e+00
    611.000    13.3476     0.1820 -9.990e-29 1.0000e-12 2.0716e+03    159.751    13.2580    38.5562    29.0971 0.0000e+00
    612.000    13.3457     0.1847 -9.990e-29 1.0000e-12 2.0694e+03    159.686    13.2559    38.5558    29.0972 0.0000e+00
    613.000    13.3451     0.1915 -9.990e-29 1.0000e-12 2.0692e+03    159.757    13.2551    38.5557    29.0973 0.0000e+00
    614.000    13.3430     0.1911 -9.990e-29 1.0000e-12 2.0681e+03    159.853    13.2530    38.5551    29.0974 0.0000e+00
    615.000    13.3412     0.1927 -9.990e-29 1.0000e-12 2.0681e+03    160.189    13.2510    38.5548    29.0975 0.0000e+00
    616.000    13.3403     0.1891 -9.990e-29 1.0000e-12 2.0761e+03    160.077    13.2500    38.5547    29.0976 0.0000e+00
    617.000    13.3396     0.1875 -9.990e-29 1.0000e-12 2.0708e+03    159.986    13.2491    38.5545    29.0976 0.0000e+00
    618.000    13.3398     0.1874 -9.990e-29 1.0000e-12 2.0756e+03    160.198    13.2491    38.5546    29.0977 0.0000e+00
    619.000    13.3396     0.1850 -9.990e-29 1.0000e-12 2.0704e+03    160.182    13.2488    38.5545    29.0977 0.0000e+00
    620.000    13.3396     0.1831 -9.990e-29 1.0000e-12 2.0685e+03    160.218    13.2486    38.5545    29.0978 0.0000e+00
    621.000    13.3396     0.1840 -9.990e-29 1.0000e-12 2.0668e+03    160.438    13.2486    38.5544    29.0977 0.0000e+00
    622.000    13.3398     0.1896 -9.990e-29 1.0000e-12 2.0742e+03    160.507    13.2485    38.5545    29.0978 0.0000e+00
    623.000    13.3399     0.1900 -9.990e-29 1.0000e-12 2.0715e+03    160.123    13.2486    38.5545    29.0978 0.0000e+00
    624.000    13.3402     0.1911 -9.990e-29 1.0000e-12 2.0703e+03    160.069    13.2486    38.5544    29.0977 0.0000e+00
    625.000    13.3403     0.1916 -9.990e-29 1.0000e-12 2.0705e+03    160.359    13.2487    38.5544    29.0977 0.0000e+00
    626.000    13.3403     0.1912 -9.990e-29 1.0000e-12 2.0647e+03    160.474    13.2485    38.5545    29.0978 0.0000e+00
    627.000    13.3405     0.1839 -9.990e-29 1.0000e-12 2.0702e+03    160.369    13.2485    38.5544    29.0978 0.0000e+00
    628.000    13.3407     0.1774 -9.990e-29 1.0000e-12 2.0702e+03    160.160    13.2485    38.5545    29.0978 0.0000e+00
    629.000    13.3407     0.1796 -9.990e-29 1.0000e-12 2.0742e+03    159.906    13.2485    38.5545    29.0978 0.0000e+00
    630.000    13.3409     0.1797 -9.990e-29 1.0000e-12 2.0702e+03    159.985    13.2485    38.5544    29.0977 0.0000e+00
    631.000    13.3410     0.1773 -9.990e-29 1.0000e-12 2.0682e+03    160.467    13.2484    38.5545    29.0978 0.0000e+00
    632.000    13.3410     0.1824 -9.990e-29 1.0000e-12 2.0688e+03    160.506    13.2483    38.5546    29.0979 0.0000e+00
    633.000    13.3413     0.1844 -9.990e-29 1.0000e-12 2.0737e+03    160.351    13.2484    38.5544    29.0978 0.0000e+00
    634.000    13.3415     0.1826 -9.990e-29 1.0000e-12 2.0723e+03    160.495    13.2485    38.5544    29.0977 0.0000e+00
    635.000    13.3415     0.1808 -9.990e-29 1.0000e-12 2.0749e+03    160.215    13.2484    38.5544    29.0978 0.0000e+00
    636.000    13.3416     0.1813 -9.990e-29 1.0000e-12 2.0711e+03    160.254    13.2483    38.5544    29.0978 0.0000e+00
    637.000    13.3418     0.1817 -9.990e-29 1.0000e-12 2.0764e+03    160.689    13.2483    38.5544    29.0978 0.0000e+00
    638.000    13.3419     0.1813 -9.990e-29 1.0000e-12 2.0777e+03    160.520    13.2482    38.5544    29.0978 0.0000e+00
    639.000    13.3421     0.1820 -9.990e-29 1.0000e-12 2.0773e+03    160.136    13.2484    38.5543    29.0977 0.0000e+00
    640.000    13.3423     0.1844 -9.990e-29 1.0000e-12 2.0752e+03    160.396    13.2483    38.5544    29.0978 0.0000e+00
    641.000    13.3423     0.1868 -9.990e-29 1.0000e-12 2.0763e+03    160.659    13.2482    38.5543    29.0977 0.0000e+00
    642.000    13.3424     0.1831 -9.990e-29 1.0000e-12 2.0777e+03    160.675    13.2481    38.5544    29.0978 0.0000e+00
    643.000    13.3426     0.1834 -9.990e-29 1.0000e-12 2.0755e+03    160.528    13.2482    38.5544    29.0978 0.0000e+00
    644.000    13.3427     0.1839 -9.990e-29 1.0000e-12 2.0734e+03    160.214    13.2481    38.5543    29.0977 0.0000e+00
    645.000    13.3429     0.1789 -9.990e-29 1.0000e-12 2.0796e+03    160.383    13.2482    38.5543    29.0977 0.0000e+00
    646.000    13.3427     0.1797 -9.990e-29 1.0000e-12 2.0761e+03    160.150    13.2479    38.5545    29.0979 0.0000e+00
    647.000    13.3424     0.1853 -9.990e-29 1.0000e-12 2.0753e+03    159.652    13.2474    38.5541    29.0978 0.0000e+00
    648.000    13.3412     0.1885 -9.990e-29 1.0000e-12 2.0737e+03    159.608    13.2460    38.5539    29.0979 0.0000e+00
    649.000    13.3385     0.1918 -9.990e-29 1.0000e-12 2.0725e+03    160.122    13.2432    38.5534    29.0980 0.0000e+00
    650.000    13.3377     0.1913 -9.990e-29 1.0000e-12 2.0785e+03    160.593    13.2423    38.5532    29.0981 0.0000e+00
    651.000    13.3374     0.1864 -9.990e-29 1.0000e-12 2.0709e+03    160.663    13.2419    38.5530    29.0980 0.0000e+00
    652.000    13.3369     0.1844 -9.990e-29 1.0000e-12 2.0747e+03    160.594    13.2412    38.5529    29.0981 0.0000e+00
    653.000    13.3367     0.1870 -9.990e-29 1.0000e-12 2.0779e+03    160.534    13.2408    38.5529    29.0982 0.0000e+00
    654.000    13.3359     0.1941 -9.990e-29 1.0000e-12 2.0782e+03    160.202    13.2398    38.5527    29.0982 0.0000e+00
    655.000    13.3352     0.1936 -9.990e-29 1.0000e-12 2.0744e+03    160.480    13.2391    38.5524    29.0982 0.0000e+00
    656.000    13.3344     0.1896 -9.990e-29 1.0000e-12 2.0802e+03    160.717    13.2381    38.5522    29.0982 0.0000e+00
    657.000    13.3334     0.1910 -9.990e-29 1.0000e-12 2.0756e+03    160.992    13.2370    38.5521    29.0983 0.0000e+00
