Data/ruptures/PEACETIME/FAST/PEACETIME_FAST_CTD_064.cnv
* Sea-Bird SBE 9 Data File:
* FileName = C:\CTD\rawCTD\PEACETIME_FAST_CTD_064.hdr
* Software Version Seasave V 7.23.2
* Temperature SN = 1378
* Conductivity SN = 2929
* Number of Bytes Per Scan = 38
* Number of Voltage Words = 5
* Number of Scans Averaged by the Deck Unit = 1
* NMEA Latitude = 37 56.81 N
* NMEA Longitude = 002 54.92 E
* NMEA UTC (Time) = Jun 04 2017  19:27:30
* NMEA baud rate = 4800
** Cruise:   PEACETIME
** Station:   FAST_CTD_064
# nquan = 11
# nvalues = 200                         
# units = specified
# name 0 = prDM: Pressure, Digiquartz [db]
# name 1 = t090C: Temperature [ITS-90, deg C]
# name 2 = flC: Fluorescence, Chelsea Aqua 3 Chl Con [ug/l]
# name 3 = CStarTr0: Beam Transmission, WET Labs C-Star [%]
# name 4 = par: PAR/Irradiance, Biospherical/Licor
# name 5 = spar: SPAR/Surface Irradiance
# name 6 = sbeox0Mm/Kg: Oxygen, SBE 43 [umol/kg]
# name 7 = potemp090C: Potential Temperature [ITS-90, deg C]
# name 8 = sal00: Salinity, Practical [PSU]
# name 9 = sigma-é00: Density [sigma-theta, kg/m^3]
# name 10 = flag:
# span 0 =      1.000,    200.000       
# span 1 =    13.6678,    21.5787       
# span 2 =     0.1812,     0.6251       
# span 3 =    93.6154,    98.2388       
# span 4 = 1.0000e-12, 3.9501e-01       
# span 5 = 1.2665e+00, 5.1699e+00       
# span 6 =    178.356,    239.520       
# span 7 =    13.6406,    21.5779       
# span 8 =    37.0109,    38.3796       
# span 9 =    25.8955,    28.8769       
# span 10 = 0.0000e+00, 0.0000e+00      
# interval = decibars: 1                
# start_time = Jun 04 2017 19:30:05 [NMEA time, first data scan]
# bad_flag = -9.990e-29
*END*
      1.000    21.3955     0.2110    95.2284 3.9501e-01 4.9260e+00    210.431    21.3953    37.0463    25.9434 0.0000e+00
      2.000    21.4260     0.2171    96.6086 2.7036e-01 3.2354e+00    211.639    21.4256    37.0480    25.9362 0.0000e+00
      3.000    21.5083     0.2106    96.8494 2.1506e-01 4.0140e+00    211.999    21.5077    37.0484    25.9136 0.0000e+00
      4.000    21.5787     0.2084    96.8732 1.6217e-01 3.0660e+00    211.208    21.5779    37.0504    25.8955 0.0000e+00
      5.000    21.5297     0.2090    96.8795 1.2896e-01 4.8603e+00    210.919    21.5287    37.0478    25.9072 0.0000e+00
      6.000    21.4065     0.2073    96.9112 1.0154e-01 3.5249e+00    210.732    21.4054    37.0476    25.9416 0.0000e+00
      7.000    21.2651     0.2074    96.9423 8.6814e-02 4.5884e+00    211.488    21.2638    37.0456    25.9794 0.0000e+00
      8.000    21.2066     0.2035    96.9427 7.4952e-02 3.0957e+00    211.969    21.2050    37.0473    25.9969 0.0000e+00
      9.000    21.1353     0.2023    96.9301 6.6906e-02 3.5151e+00    212.022    21.1336    37.0468    26.0163 0.0000e+00
     10.000    21.0760     0.2023    96.9120 5.8995e-02 3.3864e+00    211.581    21.0741    37.0426    26.0295 0.0000e+00
     11.000    20.8783     0.2049    96.9030 5.0783e-02 3.1692e+00    211.743    20.8762    37.0436    26.0846 0.0000e+00
     12.000    20.7873     0.2021    96.8673 4.5968e-02 4.5020e+00    213.332    20.7850    37.0464    26.1117 0.0000e+00
     13.000    20.7070     0.2067    96.8797 4.2056e-02 3.2093e+00    214.698    20.7045    37.0459    26.1333 0.0000e+00
     14.000    20.6309     0.2076    96.8880 4.1391e-02 3.8390e+00    214.428    20.6282    37.0476    26.1553 0.0000e+00
     15.000    20.4742     0.2040    96.8825 3.3526e-02 4.0548e+00    215.781    20.4714    37.0517    26.2010 0.0000e+00
     16.000    20.4357     0.2064    96.7887 3.1761e-02 3.8046e+00    216.778    20.4327    37.0563    26.2150 0.0000e+00
     17.000    20.3658     0.2099    96.7839 2.7456e-02 2.0670e+00    216.774    20.3626    37.0577    26.2350 0.0000e+00
     18.000    20.2924     0.2079    96.7980 2.3528e-02 3.5714e+00    217.072    20.2890    37.0642    26.2598 0.0000e+00
     19.000    20.2053     0.2037    96.7707 2.2109e-02 3.4487e+00    217.142    20.2017    37.0667    26.2852 0.0000e+00
     20.000    20.0156     0.2030    96.7832 2.0869e-02 3.5354e+00    218.370    20.0119    37.0736    26.3412 0.0000e+00
     21.000    19.8307     0.2031    96.8440 1.8326e-02 4.0715e+00    219.533    19.8268    37.0739    26.3908 0.0000e+00
     22.000    19.6038     0.2059    96.8319 1.4712e-02 2.8124e+00    217.503    19.5998    37.0562    26.4371 0.0000e+00
     23.000    18.7443     0.2093    96.7360 1.3923e-02 3.3576e+00    224.174    18.7402    37.0130    26.6273 0.0000e+00
     24.000    18.4292     0.2097    96.7837 1.1113e-02 3.0962e+00    227.868    18.4249    37.0109    26.7062 0.0000e+00
     25.000    18.1735     0.2101    96.8124 8.1810e-03 3.1853e+00    230.065    18.1691    37.0160    26.7748 0.0000e+00
     26.000    17.9886     0.2148    96.8454 5.6871e-03 3.7413e+00    231.189    17.9841    37.0240    26.8272 0.0000e+00
     27.000    17.9047     0.2141    96.9229 7.2589e-03 4.2967e+00    232.740    17.9001    37.0241    26.8482 0.0000e+00
     28.000    17.8781     0.2124    96.9314 4.9913e-03 3.9157e+00    233.252    17.8733    37.0261    26.8565 0.0000e+00
     29.000    17.8338     0.2149    96.8920 3.3272e-03 3.8174e+00    234.673    17.8288    37.0372    26.8761 0.0000e+00
     30.000    17.8047     0.2090    96.9265 2.8830e-03 3.0937e+00    235.254    17.7995    37.0821    26.9177 0.0000e+00
     31.000    17.8594     0.2140    96.9016 5.7922e-04 3.0359e+00    234.597    17.8540    37.1559    26.9608 0.0000e+00
     32.000    17.8398     0.2136    96.9080 1.0877e-03 3.4686e+00    233.998    17.8343    37.1699    26.9765 0.0000e+00
     33.000    17.7586     0.2130    96.8459 4.2440e-04 2.8406e+00    232.430    17.7529    37.1672    26.9947 0.0000e+00
     34.000    17.4098     0.2189    96.7932 2.0907e-04 3.8706e+00    235.597    17.4041    37.1893    27.0975 0.0000e+00
     35.000    17.3337     0.2179    96.7714 1.3013e-06 3.2171e+00    236.973    17.3278    37.2045    27.1279 0.0000e+00
     36.000    17.3327     0.2172    96.7442 2.5175e-07 3.5049e+00    237.637    17.3266    37.2077    27.1307 0.0000e+00
     37.000    17.3201     0.2158    96.7744 1.0000e-12 2.3396e+00    237.519    17.3139    37.2097    27.1353 0.0000e+00
     38.000    17.2694     0.2173    96.7493 1.0000e-12 5.0688e+00    236.964    17.2630    37.2078    27.1463 0.0000e+00
     39.000    17.1894     0.2124    96.6664 1.0000e-12 2.7545e+00    238.196    17.1828    37.2118    27.1688 0.0000e+00
     40.000    17.1522     0.2151    96.7168 1.0000e-12 2.6444e+00    237.620    17.1454    37.2213    27.1852 0.0000e+00
     41.000    17.0610     0.2145    96.7242 1.0000e-12 2.7738e+00    237.338    17.0542    37.2380    27.2202 0.0000e+00
     42.000    16.8240     0.2125    96.7701 1.0000e-12 5.1699e+00    239.297    16.8170    37.3000    27.3250 0.0000e+00
     43.000    16.8262     0.2121    96.8030 1.0000e-12 3.0747e+00    239.520    16.8190    37.3174    27.3379 0.0000e+00
     44.000    16.7965     0.2126    96.8057 1.0000e-12 2.4059e+00    239.165    16.7892    37.3390    27.3617 0.0000e+00
     45.000    16.7391     0.2094    96.7238 1.0000e-12 3.5941e+00    239.311    16.7317    37.3396    27.3759 0.0000e+00
     46.000    16.6619     0.2169    96.7465 1.0000e-12 3.2550e+00    239.312    16.6543    37.3450    27.3986 0.0000e+00
     47.000    16.5499     0.2234    96.7687 1.0000e-12 4.6920e+00    239.313    16.5421    37.3437    27.4243 0.0000e+00
     48.000    16.4805     0.2189    96.8021 1.0000e-12 2.9367e+00    239.054    16.4726    37.3478    27.4440 0.0000e+00
     49.000    16.3974     0.2236    96.7868 1.0000e-12 4.9420e+00    238.175    16.3894    37.3748    27.4844 0.0000e+00
     50.000    16.2841     0.2235    96.7972 1.0000e-12 3.7676e+00    237.386    16.2760    37.3939    27.5259 0.0000e+00
     51.000    16.1495     0.2143    96.8676 1.0000e-12 3.2867e+00    236.887    16.1413    37.3941    27.5577 0.0000e+00
     52.000    16.0303     0.2134    96.8337 1.0000e-12 3.6733e+00    237.898    16.0220    37.4071    27.5956 0.0000e+00
     53.000    15.9563     0.2138    96.8241 1.0000e-12 3.8978e+00    238.433    15.9478    37.4174    27.6208 0.0000e+00
     54.000    15.9165     0.2110    96.8726 1.0000e-12 2.3715e+00    238.417    15.9079    37.4192    27.6315 0.0000e+00
     55.000    15.8326     0.2171    96.8400 1.0000e-12 3.2926e+00    236.461    15.8238    37.4265    27.6566 0.0000e+00
     56.000    15.6867     0.2208    96.8624 1.0000e-12 3.3267e+00    235.329    15.6778    37.4426    27.7027 0.0000e+00
     57.000    15.5883     0.2214    96.7692 1.0000e-12 3.3505e+00    235.092    15.5793    37.4672    27.7443 0.0000e+00
     58.000    15.5682     0.2254    96.7507 1.0000e-12 3.3812e+00    234.870    15.5591    37.4917    27.7679 0.0000e+00
     59.000    15.5357     0.2293    96.8052 1.0000e-12 2.8308e+00    235.631    15.5264    37.5136    27.7923 0.0000e+00
     60.000    15.5273     0.2366    96.7787 1.0000e-12 3.3738e+00    235.645    15.5179    37.5261    27.8038 0.0000e+00
     61.000    15.5303     0.2427    96.8246 1.0000e-12 3.5157e+00    233.984    15.5207    37.5292    27.8056 0.0000e+00
     62.000    15.3574     0.2443    96.2277 1.0000e-12 3.7224e+00    232.440    15.3477    37.5079    27.8286 0.0000e+00
     63.000    15.1934     0.3020    94.6139 1.0000e-12 4.2831e+00    234.884    15.1836    37.4891    27.8513 0.0000e+00
     64.000    15.1412     0.3620    94.0826 1.0000e-12 3.8022e+00    235.163    15.1313    37.4896    27.8635 0.0000e+00
     65.000    15.1292     0.3827    94.1798 1.0000e-12 2.7243e+00    233.262    15.1191    37.4949    27.8704 0.0000e+00
     66.000    15.1228     0.3803    94.1386 1.0000e-12 2.6416e+00    231.931    15.1125    37.5033    27.8783 0.0000e+00
     67.000    15.1103     0.3693    94.2679 1.0000e-12 3.6676e+00    231.877    15.0999    37.5138    27.8893 0.0000e+00
     68.000    15.0947     0.3705    94.2624 1.0000e-12 3.0360e+00    231.345    15.0842    37.5201    27.8977 0.0000e+00
     69.000    15.0689     0.3830    94.2075 1.0000e-12 2.6074e+00    228.835    15.0582    37.5352    27.9152 0.0000e+00
     70.000    15.0233     0.3931    93.9940 1.0000e-12 2.9862e+00    226.364    15.0125    37.5551    27.9409 0.0000e+00
     71.000    14.9977     0.4228    93.6154 1.0000e-12 3.9112e+00    224.567    14.9868    37.5714    27.9592 0.0000e+00
     72.000    14.9967     0.4749    93.8244 1.0000e-12 3.1260e+00    222.447    14.9856    37.5906    27.9743 0.0000e+00
     73.000    15.0144     0.4834    94.0137 1.0000e-12 3.7158e+00    222.889    15.0031    37.6291    28.0001 0.0000e+00
     74.000    15.0885     0.6251    94.4347 1.0000e-12 4.5141e+00    228.707    15.0770    37.6703    28.0152 0.0000e+00
     75.000    15.1533     0.4433    95.0590 1.0000e-12 3.4896e+00    233.124    15.1416    37.7169    28.0367 0.0000e+00
     76.000    15.1199     0.3778    95.5784 1.0000e-12 3.0590e+00    230.166    15.1082    37.7458    28.0665 0.0000e+00
     77.000    15.0530     0.3843    95.4139 1.0000e-12 3.7780e+00    227.543    15.0411    37.7609    28.0933 0.0000e+00
     78.000    15.0301     0.3540    96.1579 1.0000e-12 2.1993e+00    228.335    15.0181    37.7803    28.1134 0.0000e+00
     79.000    14.9936     0.3108    96.5564 1.0000e-12 2.6866e+00    227.219    14.9814    37.7904    28.1295 0.0000e+00
     80.000    14.9539     0.2901    96.8308 1.0000e-12 5.1478e+00    226.055    14.9415    37.7989    28.1450 0.0000e+00
     81.000    14.9197     0.2930    96.7182 1.0000e-12 3.0617e+00    225.116    14.9072    37.8029    28.1558 0.0000e+00
     82.000    14.8815     0.2963    96.7813 1.0000e-12 3.6394e+00    224.190    14.8689    37.8042    28.1654 0.0000e+00
     83.000    14.8473     0.3026    96.7219 1.0000e-12 2.6751e+00    222.125    14.8346    37.8171    28.1830 0.0000e+00
     84.000    14.8020     0.3204    96.6945 1.0000e-12 2.9085e+00    220.959    14.7891    37.8270    28.2008 0.0000e+00
     85.000    14.7917     0.3211    96.7178 1.0000e-12 3.3852e+00    219.931    14.7787    37.8294    28.2050 0.0000e+00
     86.000    14.7496     0.3236    96.3619 -9.990e-29 3.6673e+00    217.724    14.7365    37.8493    28.2298 0.0000e+00
     87.000    14.7302     0.3353    96.2829 1.0000e-12 3.3416e+00    216.011    14.7169    37.8568    28.2399 0.0000e+00
     88.000    14.7184     0.3577    96.4139 1.0000e-12 4.2900e+00    214.924    14.7049    37.8628    28.2472 0.0000e+00
     89.000    14.6708     0.3673    96.5590 1.0000e-12 2.8869e+00    212.717    14.6572    37.8827    28.2732 0.0000e+00
     90.000    14.6425     0.3447    96.6396 1.0000e-12 2.5316e+00    212.127    14.6288    37.8931    28.2876 0.0000e+00
     91.000    14.6329     0.3566    96.6330 1.0000e-12 2.2930e+00    209.392    14.6191    37.9047    28.2987 0.0000e+00
     92.000    14.6045     0.3598    96.7946 1.0000e-12 1.6349e+00    206.686    14.5906    37.9243    28.3201 0.0000e+00
     93.000    14.5759     0.3387    97.0124 1.0000e-12 4.0504e+00    205.661    14.5618    37.9380    28.3371 0.0000e+00
     94.000    14.5468     0.3113    97.2911 1.0000e-12 3.9209e+00    203.612    14.5325    37.9519    28.3543 0.0000e+00
     95.000    14.5350     0.3013    97.2925 1.0000e-12 1.8054e+00    202.734    14.5206    37.9554    28.3596 0.0000e+00
     96.000    14.5283     0.2882    97.2236 1.0000e-12 4.1361e+00    201.899    14.5137    37.9549    28.3608 0.0000e+00
     97.000    14.5165     0.3200    97.2215 1.0000e-12 3.0791e+00    201.282    14.5018    37.9566    28.3647 0.0000e+00
     98.000    14.4924     0.3075    97.3495 1.0000e-12 2.9201e+00    199.890    14.4776    37.9755    28.3846 0.0000e+00
     99.000    14.4703     0.2784    97.3574 1.0000e-12 3.7169e+00    197.431    14.4554    37.9866    28.3981 0.0000e+00
    100.000    14.4428     0.2812    97.4902 1.0000e-12 2.5292e+00    198.642    14.4277    37.9996    28.4143 0.0000e+00
    101.000    14.4216     0.2753    97.5628 1.0000e-12 3.4343e+00    198.940    14.4063    38.0100    28.4270 0.0000e+00
    102.000    14.4038     0.2709    97.5799 1.0000e-12 2.0110e+00    198.516    14.3885    38.0172    28.4366 0.0000e+00
    103.000    14.4018     0.2657    97.6103 1.0000e-12 3.0001e+00    198.627    14.3863    38.0215    28.4403 0.0000e+00
    104.000    14.3772     0.2627    97.6311 1.0000e-12 3.3451e+00    197.115    14.3615    38.0356    28.4567 0.0000e+00
    105.000    14.3634     0.2523    97.6990 1.0000e-12 3.1176e+00    196.416    14.3476    38.0430    28.4654 0.0000e+00
    106.000    14.3494     0.2509    97.7208 1.0000e-12 2.8406e+00    196.056    14.3335    38.0535    28.4767 0.0000e+00
    107.000    14.2929     0.2562    97.7769 1.0000e-12 3.3950e+00    203.092    14.2768    38.0509    28.4871 0.0000e+00
    108.000    14.2469     0.2439    97.8221 1.0000e-12 3.3895e+00    208.239    14.2307    38.0485    28.4953 0.0000e+00
    109.000    14.2416     0.2355    97.8157 1.0000e-12 3.3671e+00    206.672    14.2253    38.0526    28.4996 0.0000e+00
    110.000    14.2468     0.2378    97.8270 1.0000e-12 3.5783e+00    202.200    14.2303    38.0630    28.5066 0.0000e+00
    111.000    14.2576     0.2459    97.7399 1.0000e-12 3.6355e+00    196.623    14.2410    38.0846    28.5210 0.0000e+00
    112.000    14.2474     0.2386    97.7881 1.0000e-12 2.4867e+00    195.901    14.2306    38.0925    28.5294 0.0000e+00
    113.000    14.2336     0.2332    97.7443 1.0000e-12 4.2847e+00    195.103    14.2167    38.0973    28.5361 0.0000e+00
    114.000    14.2175     0.2300    97.8254 1.0000e-12 2.2802e+00    196.042    14.2004    38.1043    28.5451 0.0000e+00
    115.000    14.2040     0.2294    97.8542 1.0000e-12 3.4072e+00    196.504    14.1868    38.1105    28.5529 0.0000e+00
    116.000    14.1891     0.2281    97.8832 1.0000e-12 3.6037e+00    197.390    14.1718    38.1151    28.5597 0.0000e+00
    117.000    14.1698     0.2233    97.9078 1.0000e-12 1.7795e+00    198.272    14.1524    38.1188    28.5668 0.0000e+00
    118.000    14.1550     0.2213    97.9265 1.0000e-12 3.2403e+00    198.243    14.1374    38.1229    28.5732 0.0000e+00
    119.000    14.1311     0.2225    97.9548 1.0000e-12 3.4714e+00    198.192    14.1134    38.1314    28.5850 0.0000e+00
    120.000    14.0912     0.2205    97.9910 1.0000e-12 2.6143e+00    198.605    14.0734    38.1340    28.5957 0.0000e+00
    121.000    14.0873     0.2133    97.9864 1.0000e-12 2.7661e+00    193.762    14.0693    38.1408    28.6019 0.0000e+00
    122.000    14.0810     0.2098    97.9731 1.0000e-12 3.2544e+00    190.828    14.0629    38.1485    28.6092 0.0000e+00
    123.000    14.0745     0.2130    97.9852 1.0000e-12 3.0667e+00    192.785    14.0562    38.1579    28.6180 0.0000e+00
    124.000    14.0595     0.2132    97.9816 1.0000e-12 3.1641e+00    194.722    14.0411    38.1612    28.6238 0.0000e+00
    125.000    14.0401     0.2088    98.0113 1.0000e-12 2.3405e+00    195.150    14.0215    38.1669    28.6324 0.0000e+00
    126.000    14.0249     0.2071    98.0250 1.0000e-12 3.4395e+00    195.961    14.0062    38.1704    28.6384 0.0000e+00
    127.000    14.0099     0.2029    98.0566 1.0000e-12 3.1278e+00    196.695    13.9910    38.1721    28.6431 0.0000e+00
    128.000    14.0053     0.2022    98.0687 1.0000e-12 1.6590e+00    196.945    13.9863    38.1729    28.6447 0.0000e+00
    129.000    14.0010     0.2040    98.0864 1.0000e-12 3.1985e+00    197.195    13.9819    38.1745    28.6469 0.0000e+00
    130.000    13.9980     0.2030    98.0834 1.0000e-12 2.2769e+00    197.334    13.9788    38.1759    28.6487 0.0000e+00
    131.000    13.9894     0.2010    98.0911 1.0000e-12 3.3063e+00    197.582    13.9700    38.1793    28.6532 0.0000e+00
