Data/ruptures/PEACETIME/FAST/PEACETIME_FAST_CTD_057.cnv
* Sea-Bird SBE 9 Data File:
* FileName = C:\CTD\rawCTD\PEACETIME_FAST_CTD_057.hdr
* Software Version Seasave V 7.23.2
* Temperature SN = 1378
* Conductivity SN = 2929
* Number of Bytes Per Scan = 38
* Number of Voltage Words = 5
* Number of Scans Averaged by the Deck Unit = 1
* NMEA Latitude = 37 56.82 N
* NMEA Longitude = 002 54.92 E
* NMEA UTC (Time) = Jun 03 2017  02:32:56
* NMEA baud rate = 4800
** Cruise:   PEACETIME
** Station:   FAST_CTD_057
# nquan = 11
# nvalues = 599                         
# units = specified
# name 0 = prDM: Pressure, Digiquartz [db]
# name 1 = t090C: Temperature [ITS-90, deg C]
# name 2 = flC: Fluorescence, Chelsea Aqua 3 Chl Con [ug/l]
# name 3 = CStarTr0: Beam Transmission, WET Labs C-Star [%]
# name 4 = par: PAR/Irradiance, Biospherical/Licor
# name 5 = spar: SPAR/Surface Irradiance
# name 6 = sbeox0Mm/Kg: Oxygen, SBE 43 [umol/kg]
# name 7 = potemp090C: Potential Temperature [ITS-90, deg C]
# name 8 = sal00: Salinity, Practical [PSU]
# name 9 = sigma-é00: Density [sigma-theta, kg/m^3]
# name 10 = flag:
# span 0 =      3.000,    601.000       
# span 1 =    13.3362,    21.0548       
# span 2 =     0.1738,     0.3838       
# span 3 =    96.3095,    98.4052       
# span 4 = -2.198e-06, 1.5958e-01       
# span 5 = 5.6195e-01, 4.9564e+00       
# span 6 =    151.755,    239.455       
# span 7 =    13.2481,    21.0534       
# span 8 =    37.0244,    38.5875       
# span 9 =    26.0380,    29.0978       
# span 10 = 0.0000e+00, 0.0000e+00      
# interval = decibars: 1                
# start_time = Jun 03 2017 02:32:57 [NMEA time, first data scan]
# bad_flag = -9.990e-29
*END*
[from data line 132]
    135.000    13.9366     0.1976    98.1715 1.0000e-12 2.8429e+00    196.481    13.9166    38.2077    28.6867 0.0000e+00
    136.000    13.9299     0.1891    98.1806 1.0000e-12 1.9385e+00    197.179    13.9097    38.2104    28.6903 0.0000e+00
    137.000    13.9191     0.1951    98.2067 1.0000e-12 2.1402e+00    197.464    13.8989    38.2143    28.6956 0.0000e+00
    138.000    13.9167     0.1943    98.1901 1.0000e-12 2.5701e+00    196.300    13.8963    38.2175    28.6987 0.0000e+00
    139.000    13.9124     0.1899    98.1980 1.0000e-12 2.2067e+00    196.274    13.8918    38.2201    28.7016 0.0000e+00
    140.000    13.9071     0.1936    98.2042 1.0000e-12 3.0598e+00    195.472    13.8864    38.2216    28.7040 0.0000e+00
    141.000    13.9054     0.1965    98.2153 1.0000e-12 2.0695e+00    194.439    13.8845    38.2271    28.7086 0.0000e+00
    142.000    13.9024     0.1953    98.2040 1.0000e-12 2.7738e+00    193.641    13.8814    38.2294    28.7111 0.0000e+00
    143.000    13.8969     0.1975    98.2178 1.0000e-12 3.0099e+00    193.750    13.8757    38.2319    28.7142 0.0000e+00
    144.000    13.8869     0.1904    98.2320 1.0000e-12 2.8294e+00    194.790    13.8656    38.2339    28.7180 0.0000e+00
    145.000    13.8689     0.1842    98.2433 1.0000e-12 2.3398e+00    195.521    13.8475    38.2397    28.7264 0.0000e+00
    146.000    13.8566     0.1872    98.2527 1.0000e-12 3.5393e+00    194.844    13.8351    38.2451    28.7333 0.0000e+00
    147.000    13.8462     0.1850    98.2310 1.0000e-12 2.9484e+00    195.184    13.8245    38.2499    28.7392 0.0000e+00
    148.000    13.8385     0.1888    98.2605 1.0000e-12 2.7870e+00    195.010    13.8167    38.2542    28.7443 0.0000e+00
    149.000    13.8300     0.1927    98.2618 1.0000e-12 3.8340e+00    193.704    13.8080    38.2598    28.7504 0.0000e+00
    150.000    13.8233     0.1814    98.2697 1.0000e-12 3.4019e+00    192.889    13.8012    38.2642    28.7553 0.0000e+00
    151.000    13.8212     0.1894    98.2631 1.0000e-12 2.9116e+00    192.194    13.7989    38.2657    28.7569 0.0000e+00
    152.000    13.8189     0.1895    98.2751 1.0000e-12 3.5103e+00    192.577    13.7965    38.2664    28.7580 0.0000e+00
    153.000    13.8184     0.1875    98.2712 1.0000e-12 3.3218e+00    192.570    13.7958    38.2665    28.7583 0.0000e+00
    154.000    13.8165     0.1904    98.2707 1.0000e-12 3.6573e+00    192.601    13.7938    38.2672    28.7592 0.0000e+00
    155.000    13.8087     0.1893    98.2643 1.0000e-12 2.5536e+00    191.977    13.7859    38.2708    28.7637 0.0000e+00
    156.000    13.7975     0.1939    98.2755 1.0000e-12 2.5595e+00    191.405    13.7745    38.2771    28.7710 0.0000e+00
    157.000    13.7876     0.1901    98.2889 1.0000e-12 2.3950e+00    191.256    13.7645    38.2813    28.7765 0.0000e+00
    158.000    13.7814     0.1919 -9.990e-29 1.0000e-12 2.8670e+00    190.765    13.7581    38.2843    28.7801 0.0000e+00
    159.000    13.7729     0.1844 -9.990e-29 1.0000e-12 2.9117e+00    190.001    13.7495    38.2886    28.7853 0.0000e+00
    160.000    13.7671     0.1857    98.2763 1.0000e-12 2.4970e+00    189.856    13.7435    38.2914    28.7888 0.0000e+00
    161.000    13.7588     0.1775    98.2905 1.0000e-12 2.1769e+00    189.653    13.7352    38.2956    28.7938 0.0000e+00
    162.000    13.7531     0.1792    98.2915 1.0000e-12 3.0185e+00    189.312    13.7293    38.2991    28.7978 0.0000e+00
    163.000    13.7513     0.1801    98.2951 1.0000e-12 2.7159e+00    188.790    13.7274    38.3004    28.7992 0.0000e+00
    164.000    13.7475     0.1773    98.2985 1.0000e-12 2.6364e+00    188.560    13.7234    38.3026    28.8017 0.0000e+00
    165.000    13.7417     0.1806    98.3013 1.0000e-12 2.6821e+00    188.162    13.7175    38.3056    28.8054 0.0000e+00
    166.000    13.7395     0.1798    98.3023 1.0000e-12 2.2644e+00    188.017    13.7151    38.3069    28.8068 0.0000e+00
    167.000    13.7372     0.1803    98.3025 1.0000e-12 2.7785e+00    187.123    13.7127    38.3096    28.8094 0.0000e+00
    168.000    13.7333     0.1831    98.3000 1.0000e-12 2.2751e+00    187.037    13.7087    38.3131    28.8130 0.0000e+00
    169.000    13.7322     0.1814    98.3022 1.0000e-12 4.9564e+00    186.455    13.7074    38.3172    28.8165 0.0000e+00
    170.000    13.7296     0.1892    98.3021 1.0000e-12 2.9752e+00    185.583    13.7046    38.3192    28.8186 0.0000e+00
    171.000    13.7238     0.1841    98.2916 1.0000e-12 1.8976e+00    184.874    13.6987    38.3218    28.8219 0.0000e+00
    172.000    13.7127     0.1832    98.2903 1.0000e-12 3.4919e+00    184.123    13.6874    38.3289    28.8298 0.0000e+00
    173.000    13.7073     0.1830    98.3029 1.0000e-12 4.0816e+00    184.452    13.6819    38.3335    28.8346 0.0000e+00
    174.000    13.7025     0.1830    98.3023 1.0000e-12 3.0252e+00    184.644    13.6769    38.3352    28.8369 0.0000e+00
    175.000    13.6987     0.1906    98.3000 1.0000e-12 3.5904e+00    184.236    13.6731    38.3380    28.8399 0.0000e+00
    176.000    13.7003     0.1817    98.2998 1.0000e-12 3.1668e+00    182.362    13.6745    38.3419    28.8427 0.0000e+00
    177.000    13.6967     0.1804    98.3039 1.0000e-12 2.5620e+00    180.429    13.6707    38.3440    28.8451 0.0000e+00
    178.000    13.6891     0.1848    98.3006 1.0000e-12 2.4382e+00    178.877    13.6630    38.3482    28.8500 0.0000e+00
    179.000    13.6852     0.1780    98.3019 1.0000e-12 2.3569e+00    179.083    13.6589    38.3498    28.8521 0.0000e+00
    180.000    13.6808     0.1819    98.3048 1.0000e-12 3.4853e+00    178.557    13.6544    38.3517    28.8545 0.0000e+00
    181.000    13.6767     0.1767    98.3000 1.0000e-12 2.0350e+00    178.084    13.6502    38.3532    28.8566 0.0000e+00
    182.000    13.6740     0.1825    98.2993 1.0000e-12 3.2795e+00    178.365    13.6473    38.3550    28.8586 0.0000e+00
    183.000    13.6734     0.1821    98.3026 1.0000e-12 2.6389e+00    178.671    13.6466    38.3585    28.8615 0.0000e+00
    184.000    13.6704     0.1790    98.3052 1.0000e-12 2.5930e+00    178.487    13.6435    38.3634    28.8659 0.0000e+00
    185.000    13.6838     0.1845    98.3184 1.0000e-12 2.9784e+00    179.030    13.6567    38.3728    28.8704 0.0000e+00
    186.000    13.6864     0.1887    98.3280 1.0000e-12 2.7117e+00    178.766    13.6591    38.3748    28.8714 0.0000e+00
    187.000    13.6845     0.1877    98.3247 -9.990e-29 3.1399e+00    178.123    13.6570    38.3771    28.8737 0.0000e+00
    188.000    13.6814     0.1845    98.3359 1.0000e-12 2.2528e+00    178.120    13.6538    38.3789    28.8758 0.0000e+00
    189.000    13.6831     0.1829    98.3278 1.0000e-12 4.1930e+00    177.871    13.6554    38.3825    28.8782 0.0000e+00
    190.000    13.6875     0.1791    98.3325 1.0000e-12 2.8320e+00    177.786    13.6596    38.3866    28.8804 0.0000e+00
    191.000    13.6920     0.1827    98.3363 1.4531e-05 2.8763e+00    177.667    13.6639    38.3897    28.8819 0.0000e+00
    192.000    13.6904     0.1802    98.3297 1.3678e-07 2.6584e+00    177.544    13.6623    38.3907    28.8831 0.0000e+00
    193.000    13.6880     0.1790    98.3392 1.0000e-12 2.1940e+00    177.267    13.6597    38.3907    28.8836 0.0000e+00
    194.000    13.6855     0.1753 -9.990e-29 -9.990e-29 2.2063e+00    177.684    13.6570    38.3901    28.8838 0.0000e+00
    195.000    13.6824     0.1775 -9.990e-29 1.0000e-12 2.7181e+00    177.436    13.6537    38.3899    28.8843 0.0000e+00
    196.000    13.6804     0.1838 -9.990e-29 1.2135e-06 2.6505e+00    177.445    13.6517    38.3926    28.8868 0.0000e+00
    197.000    13.6737     0.1886    98.3393 -2.141e-08 2.8178e+00    176.970    13.6448    38.3952    28.8903 0.0000e+00
    198.000    13.6687     0.1887    98.3379 1.0000e-12 2.0307e+00    176.027    13.6397    38.3958    28.8918 0.0000e+00
    199.000    13.6666     0.1838    98.3401 1.0000e-12 2.7035e+00    175.964    13.6374    38.3964    28.8928 0.0000e+00
    200.000    13.6636     0.1765    98.3229 1.0000e-12 3.8078e+00    174.477    13.6343    38.3969    28.8939 0.0000e+00
    201.000    13.6527     0.1774    98.3368 1.0000e-12 2.3067e+00    173.021    13.6232    38.3975    28.8967 0.0000e+00
    202.000    13.6490     0.1859    98.3426 1.0000e-12 2.2452e+00    172.697    13.6194    38.3991    28.8987 0.0000e+00
    203.000    13.6468     0.1880 -9.990e-29 1.0000e-12 2.9621e+00    172.037    13.6171    38.4000    28.9000 0.0000e+00
    204.000    13.6452     0.1830 -9.990e-29 1.0000e-12 2.4026e+00    171.384    13.6153    38.4011    28.9012 0.0000e+00
    205.000    13.6453     0.1786 -9.990e-29 1.0000e-12 2.7530e+00    171.089    13.6153    38.4034    28.9029 0.0000e+00
    206.000    13.6459     0.1808 -9.990e-29 -9.990e-29 3.3721e+00    171.221    13.6157    38.4055    28.9045 0.0000e+00
    207.000    13.6461     0.1859    98.3376 1.0000e-12 3.6478e+00    171.028    13.6158    38.4081    28.9065 0.0000e+00
    208.000    13.6462     0.1834    98.3478 1.0000e-12 3.5461e+00    170.100    13.6158    38.4119    28.9094 0.0000e+00
    209.000    13.6414     0.1775    98.3471 1.0000e-12 2.5547e+00    169.823    13.6108    38.4135    28.9118 0.0000e+00
    210.000    13.6402     0.1857 -9.990e-29 -9.990e-29 3.4314e+00    170.635    13.6094    38.4163    28.9142 0.0000e+00
    211.000    13.6450     0.1879 -9.990e-29 -9.990e-29 2.2411e+00    171.150    13.6140    38.4212    28.9170 0.0000e+00
    212.000    13.6448     0.1829    98.3457 -9.990e-29 2.2994e+00    170.951    13.6137    38.4245    28.9196 0.0000e+00
    213.000    13.6467     0.1870    98.3543 -9.990e-29 1.7919e+00    170.374    13.6155    38.4278    28.9218 0.0000e+00
    214.000    13.6523     0.1882    98.3540 1.0000e-12 2.7647e+00    169.845    13.6209    38.4316    28.9236 0.0000e+00
    215.000    13.6546     0.1880    98.3573 1.0000e-12 3.6116e+00    169.339    13.6230    38.4339    28.9250 0.0000e+00
    216.000    13.6572     0.1870    98.3566 1.0000e-12 3.2117e+00    169.420    13.6255    38.4354    28.9256 0.0000e+00
    217.000    13.6594     0.1845    98.3599 2.7225e-06 2.8006e+00    168.939    13.6276    38.4373    28.9266 0.0000e+00
    218.000    13.6620     0.1863    98.3648 1.3371e-06 2.7974e+00    167.988    13.6300    38.4424    28.9300 0.0000e+00
    219.000    13.6646     0.1830    98.3605 8.3134e-06 3.2520e+00    166.673    13.6324    38.4465    28.9327 0.0000e+00
    220.000    13.6651     0.1782    98.3626 -6.146e-08 2.8117e+00    167.041    13.6328    38.4482    28.9339 0.0000e+00
    221.000    13.6638     0.1832    98.3660 1.0000e-12 3.2496e+00    167.173    13.6314    38.4488    28.9347 0.0000e+00
    222.000    13.6630     0.1868    98.3691 -9.990e-29 4.0239e+00    166.771    13.6304    38.4504    28.9361 0.0000e+00
    223.000    13.6638     0.1842    98.3620 -9.990e-29 1.7460e+00    166.140    13.6310    38.4516    28.9369 0.0000e+00
    224.000    13.6657     0.1799    98.3616 1.0000e-12 2.7106e+00    166.363    13.6328    38.4543    28.9387 0.0000e+00
    225.000    13.6664     0.1742    98.3640 1.0000e-12 2.9010e+00    166.012    13.6334    38.4562    28.9401 0.0000e+00
    226.000    13.6658     0.1774    98.3709 1.0000e-12 3.1759e+00    166.577    13.6326    38.4566    28.9405 0.0000e+00
    227.000    13.6658     0.1795    98.3709 -9.990e-29 1.6717e+00    166.518    13.6325    38.4572    28.9410 0.0000e+00
    228.000    13.6651     0.1830    98.3628 -9.990e-29 2.3642e+00    166.014    13.6316    38.4589    28.9425 0.0000e+00
    229.000    13.6619     0.1831    98.3704 -9.990e-29 2.2981e+00    166.626    13.6282    38.4604    28.9444 0.0000e+00
    230.000    13.6559     0.1884    98.3633 -9.990e-29 2.6165e+00    166.825    13.6221    38.4605    28.9458 0.0000e+00
    231.000    13.6535     0.1811    98.3614 1.0000e-12 2.6703e+00    167.231    13.6196    38.4606    28.9464 0.0000e+00
    232.000    13.6485     0.1879    98.3696 3.2945e-05 2.8634e+00    166.788    13.6145    38.4614    28.9481 0.0000e+00
    233.000    13.6450     0.1802    98.3696 2.3175e-05 3.6334e+00    166.338    13.6108    38.4630    28.9502 0.0000e+00
    234.000    13.6431     0.1769    98.3696 4.8110e-05 2.2895e+00    165.994    13.6088    38.4662    28.9531 0.0000e+00
    235.000    13.6472     0.1826    98.3696 1.7640e-05 2.8072e+00    165.013    13.6127    38.4699    28.9550 0.0000e+00
    236.000    13.6482     0.1859    98.3666 6.8268e-06 3.3970e+00    164.635    13.6135    38.4712    28.9559 0.0000e+00
    237.000    13.6475     0.1801    98.3696 -1.408e-08 2.7961e+00    165.154    13.6127    38.4714    28.9562 0.0000e+00
    238.000    13.6437     0.1738    98.3647 8.2551e-05 2.8040e+00    164.584    13.6087    38.4721    28.9576 0.0000e+00
    239.000    13.6396     0.1776    98.3696 4.2250e-05 3.2088e+00    164.659    13.6045    38.4732    28.9594 0.0000e+00
    240.000    13.6330     0.1841    98.3696 1.1750e-04 2.3035e+00    164.910    13.5978    38.4742    28.9616 0.0000e+00
    241.000    13.6374     0.1815    98.3696 -2.416e-07 3.1439e+00    163.841    13.6020    38.4774    28.9631 0.0000e+00
    242.000    13.6369     0.1875    98.3696 1.1960e-05 2.9187e+00    164.025    13.6014    38.4782    28.9639 0.0000e+00
    243.000    13.6175     0.1852    98.3696 1.6262e-08 2.4956e+00    165.261    13.5819    38.4752    28.9658 0.0000e+00
    244.000    13.6043     0.1744    98.3696 -9.990e-29 2.5327e+00    165.187    13.5685    38.4769    28.9699 0.0000e+00
    245.000    13.6101     0.1821    98.3656 7.6299e-05 2.9770e+00    163.430    13.5742    38.4802    28.9713 0.0000e+00
    246.000    13.6270     0.1848    98.3773 2.3181e-05 1.4702e+00    161.977    13.5909    38.4873    28.9732 0.0000e+00
    247.000    13.6261     0.1845    98.3702 1.8695e-07 3.6395e+00    161.664    13.5899    38.4877    28.9737 0.0000e+00
    248.000    13.6237     0.1808    98.3742 2.6605e-04 2.5043e+00    161.459    13.5874    38.4882    28.9746 0.0000e+00
    249.000    13.6195     0.1784    98.3768 1.0123e-04 3.6195e+00    161.077    13.5830    38.4879    28.9753 0.0000e+00
    250.000    13.6143     0.1852    98.3709 4.1411e-05 2.3732e+00    161.425    13.5777    38.4873    28.9760 0.0000e+00
    251.000    13.6109     0.1910    98.3696 1.8540e-04 2.5543e+00    160.995    13.5741    38.4870    28.9765 0.0000e+00
    252.000    13.6075     0.1866    98.3696 2.7699e-04 2.7358e+00    161.258    13.5705    38.4874    28.9776 0.0000e+00
    253.000    13.6087     0.1866    98.3780 6.3674e-04 2.3992e+00    161.232    13.5716    38.4887    28.9784 0.0000e+00
    254.000    13.6147     0.1903    98.3754 3.0291e-04 1.7711e+00    160.620    13.5774    38.4913    28.9792 0.0000e+00
    255.000    13.6183     0.1862    98.3721 3.2262e-04 2.7140e+00    160.301    13.5808    38.4942    28.9807 0.0000e+00
    256.000    13.6154     0.1850    98.3755 9.4549e-04 4.7585e+00    160.285    13.5778    38.4949    28.9819 0.0000e+00
    257.000    13.6114     0.1800    98.3713 5.2132e-04 2.6785e+00    160.184    13.5737    38.4948    28.9827 0.0000e+00
    258.000    13.6059     0.1806    98.3750 2.5133e-04 2.0294e+00    160.105    13.5681    38.4950    28.9840 0.0000e+00
    259.000    13.6050     0.1834    98.3763 8.2881e-04 3.2377e+00    160.373    13.5670    38.4971    28.9859 0.0000e+00
    260.000    13.6064     0.1830    98.3785 1.0395e-03 2.5821e+00    160.489    13.5682    38.4985    28.9867 0.0000e+00
    261.000    13.6113     0.1855    98.3695 1.3691e-04 3.9944e+00    159.814    13.5730    38.5014    28.9880 0.0000e+00
    262.000    13.6160     0.1824    98.3761 4.7492e-07 2.8890e+00    159.730    13.5775    38.5037    28.9888 0.0000e+00
    263.000    13.6210     0.1800    98.3804 1.0000e-12 1.5643e+00    159.777    13.5824    38.5064    28.9898 0.0000e+00
    264.000    13.6302     0.1844    98.3793 1.3744e-06 2.3074e+00    160.155    13.5914    38.5109    28.9914 0.0000e+00
