Data/ruptures/PEACETIME/FAST/PEACETIME_FAST_CTD_088.cnv
* Sea-Bird SBE 9 Data File:
* FileName = C:\CTD\rawCTD\PEACETIME_FAST_CTD_088.hdr
* Software Version Seasave V 7.23.2
* Temperature SN = 1378
* Conductivity SN = 2929
* Number of Bytes Per Scan = 38
* Number of Voltage Words = 5
* Number of Scans Averaged by the Deck Unit = 1
* NMEA Latitude = 37 56.81 N
* NMEA Longitude = 002 54.96 E
* NMEA UTC (Time) = Jun 08 2017  19:18:19
* NMEA baud rate = 4800
** Cruise:   PEACETIME
** Station:   FAST_CTD_088
# nquan = 11
# nvalues = 198                         
# units = specified
# name 0 = prDM: Pressure, Digiquartz [db]
# name 1 = t090C: Temperature [ITS-90, deg C]
# name 2 = flC: Fluorescence, Chelsea Aqua 3 Chl Con [ug/l]
# name 3 = CStarTr0: Beam Transmission, WET Labs C-Star [%]
# name 4 = par: PAR/Irradiance, Biospherical/Licor
# name 5 = spar: SPAR/Surface Irradiance
# name 6 = sbeox0Mm/Kg: Oxygen, SBE 43 [umol/kg]
# name 7 = potemp090C: Potential Temperature [ITS-90, deg C]
# name 8 = sal00: Salinity, Practical [PSU]
# name 9 = sigma-é00: Density [sigma-theta, kg/m^3]
# name 10 = flag:
# span 0 =      3.000,    200.000       
# span 1 =    13.6265,    21.6651       
# span 2 =     0.1746,     0.4382       
# span 3 =    95.1432,    98.1164       
# span 4 = -7.677e-07, 1.2857e+00       
# span 5 = 2.1304e+00, 1.1494e+01       
# span 6 =    179.057,    240.772       
# span 7 =    13.5982,    21.6634       
# span 8 =    36.9953,    38.3859       
# span 9 =    25.9096,    28.8913       
# span 10 = 0.0000e+00, 0.0000e+00      
# interval = decibars: 1                
# start_time = Jun 08 2017 19:18:19 [NMEA time, first data scan]
# bad_flag = -9.990e-29
*END*
[from data line 132]
    135.000    13.9138     0.1856    98.0357 7.7080e-06 5.1097e+00    196.010    13.8938    38.2159    28.6980 0.0000e+00
    136.000    13.9094     0.1896    98.0339 4.1295e-06 3.7238e+00    195.823    13.8893    38.2183    28.7008 0.0000e+00
    137.000    13.9064     0.1932    98.0331 -9.990e-29 3.4065e+00    195.416    13.8862    38.2203    28.7030 0.0000e+00
    138.000    13.8949     0.1864    98.0279 -9.990e-29 3.5792e+00    191.077    13.8745    38.2247    28.7089 0.0000e+00
    139.000    13.8901     0.1846    98.0206 1.1759e-06 3.8639e+00    190.527    13.8696    38.2268    28.7116 0.0000e+00
    140.000    13.8839     0.1867    98.0075 2.7515e-04 4.1611e+00    191.349    13.8632    38.2304    28.7158 0.0000e+00
    141.000    13.8799     0.1811    98.0026 -7.677e-07 3.5510e+00    189.422    13.8590    38.2326    28.7184 0.0000e+00
    142.000    13.8745     0.1867    98.0113 5.1424e-07 4.9617e+00    187.887    13.8535    38.2351    28.7215 0.0000e+00
    143.000    13.8622     0.1879    97.9810 9.4141e-05 4.4324e+00    184.963    13.8411    38.2377    28.7262 0.0000e+00
    144.000    13.8509     0.1875    97.9874 3.4114e-06 3.8744e+00    182.202    13.8296    38.2382    28.7291 0.0000e+00
    145.000    13.8441     0.1855    97.9834 2.5129e-05 4.4181e+00    182.325    13.8228    38.2414    28.7330 0.0000e+00
    146.000    13.8385     0.1835    97.9937 1.7989e-06 4.2409e+00    182.584    13.8170    38.2442    28.7365 0.0000e+00
    147.000    13.8328     0.1805    97.9937 1.3847e-05 4.8638e+00    181.948    13.8112    38.2464    28.7394 0.0000e+00
    148.000    13.8286     0.1898    97.9898 -9.990e-29 5.3290e+00    181.568    13.8068    38.2477    28.7413 0.0000e+00
    149.000    13.8212     0.1865    97.9869 1.0000e-12 3.9145e+00    182.364    13.7993    38.2517    28.7460 0.0000e+00
    150.000    13.8118     0.1861    97.9793 1.6415e-06 2.6976e+00    182.224    13.7898    38.2558    28.7513 0.0000e+00
    151.000    13.8051     0.1833    97.9842 7.7674e-09 4.4839e+00    182.081    13.7829    38.2587    28.7550 0.0000e+00
    152.000    13.7981     0.1829    98.0013 2.9591e-05 4.6080e+00    181.520    13.7757    38.2609    28.7582 0.0000e+00
    153.000    13.7946     0.1845    97.9996 1.9300e-05 3.7998e+00    181.985    13.7721    38.2628    28.7605 0.0000e+00
    154.000    13.7847     0.1843    98.0024 2.1554e-04 4.9758e+00    182.218    13.7620    38.2675    28.7663 0.0000e+00
    155.000    13.7828     0.1812    97.9977 2.8103e-04 3.4370e+00    183.143    13.7600    38.2698    28.7685 0.0000e+00
    156.000    13.7799     0.1832    98.0171 1.6456e-04 3.3796e+00    183.194    13.7570    38.2719    28.7708 0.0000e+00
    157.000    13.7741     0.1824    98.0071 1.0744e-04 4.3517e+00    183.762    13.7510    38.2769    28.7759 0.0000e+00
    158.000    13.7766     0.1844    98.0281 2.7888e-05 4.3042e+00    185.518    13.7534    38.2793    28.7773 0.0000e+00
    159.000    13.7744     0.1843    98.0642 -9.990e-29 5.0074e+00    188.577    13.7510    38.2873    28.7840 0.0000e+00
    160.000    13.7742     0.1805    98.0763 1.0000e-12 4.2333e+00    188.475    13.7506    38.2876    28.7843 0.0000e+00
    161.000    13.7716     0.1840    98.0845 2.3228e-06 4.0287e+00    188.662    13.7480    38.2897    28.7865 0.0000e+00
    162.000    13.7696     0.1822    98.0806 2.0218e-04 5.0138e+00    188.642    13.7458    38.2909    28.7879 0.0000e+00
    163.000    13.7620     0.1866    98.0856 3.0053e-04 4.0317e+00    188.422    13.7380    38.2948    28.7925 0.0000e+00
    164.000    13.7563     0.1842    98.0861 1.3505e-05 4.8910e+00    187.519    13.7322    38.2959    28.7946 0.0000e+00
    165.000    13.7434     0.1824    98.0712 4.3825e-05 4.8358e+00    187.148    13.7192    38.2965    28.7979 0.0000e+00
    166.000    13.7271     0.1823    98.0601 2.3422e-04 4.6854e+00    187.499    13.7027    38.3023    28.8060 0.0000e+00
    167.000    13.7214     0.1774    98.0616 1.0856e-03 3.9795e+00    187.796    13.6969    38.3024    28.8072 0.0000e+00
    168.000    13.7023     0.1805    98.0470 6.8967e-04 4.6013e+00    188.888    13.6777    38.3075    28.8153 0.0000e+00
    169.000    13.6975     0.1794    98.0598 9.6077e-04 3.9614e+00    189.138    13.6728    38.3089    28.8175 0.0000e+00
    170.000    13.7018     0.1852    98.0537 7.4328e-04 2.8482e+00    188.582    13.6768    38.3121    28.8191 0.0000e+00
    171.000    13.6838     0.1829    98.0618 7.2849e-04 3.1538e+00    189.198    13.6588    38.3152    28.8253 0.0000e+00
    172.000    13.6883     0.1838    98.0692 1.4738e-03 4.6482e+00    187.698    13.6631    38.3182    28.8268 0.0000e+00
    173.000    13.7058     0.1859    98.0881 2.9645e-04 3.5338e+00    185.520    13.6804    38.3275    28.8302 0.0000e+00
    174.000    13.7116     0.1781    98.0929 2.3102e-04 4.4767e+00    183.950    13.6861    38.3325    28.8329 0.0000e+00
    175.000    13.7086     0.1823    98.1164 3.7943e-04 4.2924e+00    183.674    13.6830    38.3357    28.8360 0.0000e+00
    176.000    13.7043     0.1776    98.1159 4.8725e-04 3.9841e+00    183.518    13.6784    38.3378    28.8387 0.0000e+00
    177.000    13.7025     0.1795    98.1079 1.1035e-03 3.3289e+00    183.834    13.6765    38.3379    28.8391 0.0000e+00
    178.000    13.6987     0.1746    98.1036 8.8236e-04 3.3892e+00    183.712    13.6726    38.3398    28.8414 0.0000e+00
    179.000    13.6968     0.1818    98.1107 4.1544e-04 4.7242e+00    183.360    13.6706    38.3429    28.8443 0.0000e+00
    180.000    13.6939     0.1826    98.1145 1.1190e-03 3.6994e+00    182.901    13.6675    38.3457    28.8471 0.0000e+00
    181.000    13.6760     0.1793    98.0922 2.9488e-03 3.6789e+00    183.403    13.6495    38.3429    28.8488 0.0000e+00
    182.000    13.6500     0.1822    98.0975 1.1256e-03 4.4839e+00    184.917    13.6234    38.3393    28.8515 0.0000e+00
    183.000    13.6703     0.1802    98.0841 1.1523e-03 4.1483e+00    182.813    13.6434    38.3514    28.8567 0.0000e+00
    184.000    13.6748     0.1818    98.1055 8.3111e-04 3.1798e+00    181.411    13.6478    38.3574    28.8604 0.0000e+00
    185.000    13.6586     0.1845    98.0974 1.2922e-03 3.9837e+00    181.449    13.6315    38.3610    28.8666 0.0000e+00
    186.000    13.6714     0.1812    98.1124 1.5783e-03 3.9990e+00    180.747    13.6442    38.3667    28.8683 0.0000e+00
    187.000    13.6692     0.1872    98.1104 1.4124e-03 3.8866e+00    180.766    13.6418    38.3667    28.8689 0.0000e+00
    188.000    13.6462     0.1817    98.0858 2.0828e-03 3.4419e+00    181.180    13.6187    38.3635    28.8713 0.0000e+00
    189.000    13.6385     0.1803    98.0933 1.4674e-03 3.9714e+00    181.307    13.6109    38.3630    28.8726 0.0000e+00
    190.000    13.6338     0.1803    98.0993 1.2071e-03 4.2483e+00    181.406    13.6060    38.3640    28.8744 0.0000e+00
    191.000    13.6332     0.1804    98.0960 1.8225e-03 4.3276e+00    181.055    13.6052    38.3664    28.8765 0.0000e+00
    192.000    13.6293     0.1796    98.0971 1.7970e-03 2.8951e+00    180.846    13.6012    38.3703    28.8803 0.0000e+00
    193.000    13.6290     0.1839    98.0994 2.9206e-03 3.6149e+00    180.249    13.6007    38.3742    28.8834 0.0000e+00
    194.000    13.6265     0.1815    98.0980 2.2135e-03 4.1340e+00    180.109    13.5982    38.3774    28.8865 0.0000e+00
    195.000    13.6279     0.1838    98.0918 2.1174e-03 3.4505e+00    180.269    13.5993    38.3783    28.8869 0.0000e+00
    196.000    13.6299     0.1843    98.1047 1.1473e-03 4.7363e+00    179.688    13.6012    38.3810    28.8886 0.0000e+00
    197.000    13.6323     0.1830    98.1065 1.6347e-04 3.9870e+00    179.395    13.6034    38.3833    28.8899 0.0000e+00
    198.000    13.6321     0.1785    98.0998 5.7194e-04 3.1868e+00    179.123    13.6032    38.3820    28.8889 0.0000e+00
    199.000    13.6342     0.1821    98.0974 1.2467e-04 2.1304e+00    179.057    13.6050    38.3854    28.8912 0.0000e+00
    200.000    13.6356     0.1831    98.1064 4.5239e-04 3.3768e+00    179.099    13.6063    38.3859    28.8913 0.0000e+00
