Data/ruptures/PEACETIME/FAST/PEACETIME_FAST_CTD_079.cnv
* Sea-Bird SBE 9 Data File:
* FileName = C:\CTD\rawCTD\PEACETIME_FAST_CTD_079.hdr
* Software Version Seasave V 7.23.2
* Temperature SN = 1378
* Conductivity SN = 2929
* Number of Bytes Per Scan = 38
* Number of Voltage Words = 5
* Number of Scans Averaged by the Deck Unit = 1
* NMEA Latitude = 37 56.80 N
* NMEA Longitude = 002 55.00 E
* NMEA UTC (Time) = Jun 06 2017  19:03:36
* NMEA baud rate = 4800
** Cruise:   PEACETIME
** Station:   CTD_FAST_079
# nquan = 11
# nvalues = 203                         
# units = specified
# name 0 = prDM: Pressure, Digiquartz [db]
# name 1 = t090C: Temperature [ITS-90, deg C]
# name 2 = flC: Fluorescence, Chelsea Aqua 3 Chl Con [ug/l]
# name 3 = CStarTr0: Beam Transmission, WET Labs C-Star [%]
# name 4 = par: PAR/Irradiance, Biospherical/Licor
# name 5 = spar: SPAR/Surface Irradiance
# name 6 = sbeox0Mm/Kg: Oxygen, SBE 43 [umol/kg]
# name 7 = potemp090C: Potential Temperature [ITS-90, deg C]
# name 8 = sal00: Salinity, Practical [PSU]
# name 9 = sigma-é00: Density [sigma-theta, kg/m^3]
# name 10 = flag:
# span 0 =      1.000,    203.000       
# span 1 =    13.6716,    21.8303       
# span 2 =     0.1750,     0.9943       
# span 3 =    92.7495,    98.1331       
# span 4 = -7.867e-08, 1.0514e+01       
# span 5 = 1.8184e+01, 4.3678e+01       
# span 6 =    178.005,    241.680       
# span 7 =    13.6436,    21.8301       
# span 8 =    37.0409,    38.3890       
# span 9 =    25.8383,    28.8841       
# span 10 = 0.0000e+00, 0.0000e+00      
# interval = decibars: 1                
# start_time = Jun 06 2017 19:04:55 [NMEA time, first data scan]
# bad_flag = -9.990e-29
*END*
[from data line 132]
    133.000    13.9969     0.2134    97.8513 1.0000e-12 2.7122e+01    194.144    13.9772    38.2030    28.6699 0.0000e+00
    134.000    13.9939     0.2103    97.8714 1.0000e-12 2.4023e+01    194.644    13.9741    38.2035    28.6710 0.0000e+00
    135.000    13.9915     0.2073    97.8841 1.0000e-12 2.5668e+01    194.560    13.9715    38.2035    28.6716 0.0000e+00
    136.000    13.9842     0.2120    97.8866 1.0000e-12 2.4898e+01    194.096    13.9640    38.2030    28.6728 0.0000e+00
    137.000    13.9758     0.2099    97.9077 1.0000e-12 2.4293e+01    194.451    13.9555    38.2043    28.6757 0.0000e+00
    138.000    13.9660     0.2076    97.9013 1.0000e-12 2.4334e+01    191.627    13.9455    38.2087    28.6812 0.0000e+00
    139.000    13.9289     0.2114    97.9277 1.0000e-12 2.2995e+01    186.262    13.9083    38.2072    28.6881 0.0000e+00
    140.000    13.9105     0.1993    97.9373 1.0000e-12 2.5636e+01    184.911    13.8898    38.2135    28.6970 0.0000e+00
    141.000    13.9066     0.1965    97.8967 1.0000e-12 2.1581e+01    185.184    13.8857    38.2164    28.7001 0.0000e+00
    142.000    13.8994     0.1973    97.9298 1.0000e-12 2.0765e+01    185.071    13.8784    38.2188    28.7036 0.0000e+00
    143.000    13.8955     0.2015    97.9391 1.0000e-12 2.3700e+01    184.985    13.8744    38.2210    28.7061 0.0000e+00
    144.000    13.8898     0.1915    97.9330 1.0000e-12 2.3939e+01    185.120    13.8685    38.2242    28.7098 0.0000e+00
    145.000    13.8835     0.1908    97.9444 1.0000e-12 2.1111e+01    185.787    13.8621    38.2260    28.7126 0.0000e+00
    146.000    13.8759     0.1948    97.9509 1.0000e-12 2.1181e+01    187.373    13.8543    38.2325    28.7193 0.0000e+00
    147.000    13.8682     0.1916    97.9750 1.0000e-12 2.8744e+01    188.796    13.8465    38.2381    28.7253 0.0000e+00
    148.000    13.8599     0.1929    97.9693 1.0000e-12 2.6939e+01    190.002    13.8381    38.2430    28.7309 0.0000e+00
    149.000    13.8564     0.1918    97.9735 1.0000e-12 2.4508e+01    189.587    13.8344    38.2468    28.7347 0.0000e+00
    150.000    13.8463     0.1905    97.9770 1.0000e-12 2.6215e+01    188.284    13.8242    38.2490    28.7386 0.0000e+00
    151.000    13.8337     0.1827    97.9843 1.0000e-12 2.3079e+01    187.752    13.8114    38.2527    28.7442 0.0000e+00
    152.000    13.8272     0.1865    97.9717 1.0000e-12 2.3848e+01    188.799    13.8048    38.2591    28.7506 0.0000e+00
    153.000    13.8186     0.1916    97.9988 1.0000e-12 2.1856e+01    189.067    13.7960    38.2652    28.7572 0.0000e+00
    154.000    13.8073     0.1898    97.9995 1.0000e-12 2.3442e+01    188.351    13.7847    38.2681    28.7619 0.0000e+00
    155.000    13.8034     0.1947    97.9984 1.0000e-12 2.4660e+01    187.330    13.7806    38.2673    28.7622 0.0000e+00
    156.000    13.8014     0.1936    98.0017 1.0000e-12 2.2487e+01    187.312    13.7785    38.2678    28.7629 0.0000e+00
    157.000    13.7994     0.1912    97.9766 1.0000e-12 2.0569e+01    188.572    13.7762    38.2707    28.7657 0.0000e+00
    158.000    13.8054     0.1941    97.9906 1.0000e-12 2.3571e+01    190.744    13.7821    38.2762    28.7687 0.0000e+00
    159.000    13.8070     0.1851    97.9934 1.0000e-12 2.3724e+01    190.264    13.7836    38.2816    28.7725 0.0000e+00
    160.000    13.7956     0.1859    98.0335 1.0000e-12 2.2668e+01    189.693    13.7721    38.2846    28.7773 0.0000e+00
    161.000    13.7790     0.1857    98.0367 1.0000e-12 2.4443e+01    189.815    13.7553    38.2864    28.7823 0.0000e+00
    162.000    13.7678     0.1883    98.0503 1.0000e-12 2.1057e+01    188.431    13.7440    38.2881    28.7861 0.0000e+00
    163.000    13.7621     0.1912    98.0332 1.0000e-12 2.2474e+01    187.859    13.7382    38.2914    28.7899 0.0000e+00
    164.000    13.7601     0.1858    98.0363 1.0000e-12 2.4308e+01    187.354    13.7360    38.2929    28.7915 0.0000e+00
    165.000    13.7587     0.1849    98.0421 1.0000e-12 1.9335e+01    187.751    13.7345    38.2938    28.7926 0.0000e+00
    166.000    13.7560     0.1822    98.0256 1.0000e-12 2.3366e+01    187.872    13.7316    38.2967    28.7954 0.0000e+00
    167.000    13.7530     0.1876    98.0423 1.0000e-12 2.3033e+01    187.840    13.7284    38.2999    28.7986 0.0000e+00
    168.000    13.7504     0.1863    98.0510 1.0000e-12 2.4657e+01    188.340    13.7257    38.3010    28.8000 0.0000e+00
    169.000    13.7476     0.1854    98.0487 1.0000e-12 1.9816e+01    188.360    13.7228    38.3032    28.8023 0.0000e+00
    170.000    13.7437     0.1854    98.0629 1.0000e-12 2.0787e+01    188.022    13.7187    38.3054    28.8049 0.0000e+00
    171.000    13.7384     0.1872    98.0714 1.0000e-12 2.2484e+01    187.747    13.7133    38.3074    28.8076 0.0000e+00
    172.000    13.7285     0.1834    98.0708 1.0000e-12 1.9730e+01    186.471    13.7032    38.3104    28.8121 0.0000e+00
    173.000    13.7188     0.1826    98.0658 1.0000e-12 2.3890e+01    186.046    13.6934    38.3168    28.8192 0.0000e+00
    174.000    13.7156     0.1838    98.0689 1.0000e-12 2.1911e+01    185.962    13.6900    38.3206    28.8228 0.0000e+00
    175.000    13.7144     0.1838    98.0793 1.0000e-12 2.3427e+01    185.540    13.6887    38.3232    28.8252 0.0000e+00
    176.000    13.7127     0.1898    98.0796 1.0000e-12 2.2596e+01    185.375    13.6868    38.3257    28.8275 0.0000e+00
    177.000    13.7095     0.1922    98.0810 1.0000e-12 2.2756e+01    185.170    13.6836    38.3277    28.8297 0.0000e+00
    178.000    13.7032     0.1875    98.0812 1.0000e-12 1.8194e+01    185.388    13.6770    38.3311    28.8337 0.0000e+00
    179.000    13.6991     0.1863    98.0886 1.0000e-12 2.4841e+01    185.288    13.6728    38.3322    28.8355 0.0000e+00
    180.000    13.6968     0.1767    98.0716 1.0000e-12 2.1754e+01    184.782    13.6704    38.3327    28.8364 0.0000e+00
    181.000    13.6934     0.1750    98.0823 1.0000e-12 1.9722e+01    184.651    13.6668    38.3343    28.8384 0.0000e+00
    182.000    13.6896     0.1797    98.0880 1.0000e-12 2.2572e+01    183.927    13.6629    38.3378    28.8420 0.0000e+00
    183.000    13.6890     0.1860    98.0880 1.0000e-12 2.4641e+01    183.410    13.6622    38.3408    28.8444 0.0000e+00
    184.000    13.6916     0.1846    98.0885 1.0000e-12 2.0843e+01    182.960    13.6646    38.3459    28.8479 0.0000e+00
    185.000    13.6933     0.1841    98.1037 1.0000e-12 2.2591e+01    182.846    13.6662    38.3481    28.8493 0.0000e+00
    186.000    13.6929     0.1822    98.0945 1.0000e-12 2.0005e+01    182.781    13.6656    38.3486    28.8498 0.0000e+00
    187.000    13.6887     0.1860    98.1022 1.0000e-12 2.1254e+01    183.234    13.6613    38.3478    28.8501 0.0000e+00
    188.000    13.6785     0.1894    98.0993 1.0000e-12 2.3896e+01    183.736    13.6510    38.3466    28.8514 0.0000e+00
    189.000    13.6769     0.1838    98.0825 1.0000e-12 1.9759e+01    183.184    13.6491    38.3502    28.8545 0.0000e+00
    190.000    13.6731     0.1867    98.0791 1.0000e-12 2.6090e+01    183.259    13.6453    38.3535    28.8579 0.0000e+00
    191.000    13.6716     0.1817    98.1001 1.0000e-12 2.2959e+01    182.668    13.6436    38.3565    28.8605 0.0000e+00
    192.000    13.6806     0.1767    98.1153 1.0000e-12 1.9983e+01    181.530    13.6525    38.3630    28.8637 0.0000e+00
    193.000    13.6832     0.1767    98.1159 1.0000e-12 2.2845e+01    180.412    13.6549    38.3659    28.8654 0.0000e+00
    194.000    13.6873     0.1771    98.1220 1.0000e-12 2.1635e+01    179.774    13.6589    38.3727    28.8699 0.0000e+00
    195.000    13.6872     0.1777    98.1232 1.0000e-12 1.9372e+01    179.084    13.6586    38.3738    28.8707 0.0000e+00
    196.000    13.6869     0.1827    98.1328 1.0000e-12 2.0488e+01    179.100    13.6581    38.3749    28.8718 0.0000e+00
    197.000    13.6863     0.1860    98.1130 1.0000e-12 2.1629e+01    179.234    13.6574    38.3763    28.8730 0.0000e+00
    198.000    13.6860     0.1831    98.1294 1.0000e-12 1.8184e+01    179.056    13.6569    38.3779    28.8743 0.0000e+00
    199.000    13.6845     0.1860    98.1200 1.0000e-12 1.8419e+01    178.453    13.6553    38.3815    28.8774 0.0000e+00
    200.000    13.6835     0.1845    98.1246 1.0000e-12 2.1321e+01    178.319    13.6542    38.3826    28.8785 0.0000e+00
    201.000    13.6829     0.1836    98.1296 1.0000e-12 2.1457e+01    178.570    13.6534    38.3841    28.8799 0.0000e+00
    202.000    13.6819     0.1858    98.1331 1.0000e-12 2.3208e+01    178.260    13.6522    38.3875    28.8828 0.0000e+00
    203.000    13.6813     0.1857    98.1322 1.0000e-12 1.8878e+01    178.005    13.6515    38.3890    28.8841 0.0000e+00
