Data/ruptures/PEACETIME/FAST/PEACETIME_FAST_CTD_061.cnv
* Sea-Bird SBE 9 Data File:
* FileName = C:\CTD\rawCTD\PEACETIME_FAST_CTD_061.hdr
* Software Version Seasave V 7.23.2
* Temperature SN = 1378
* Conductivity SN = 2929
* Number of Bytes Per Scan = 38
* Number of Voltage Words = 5
* Number of Scans Averaged by the Deck Unit = 1
* NMEA Latitude = 37 56.83 N
* NMEA Longitude = 002 54.92 E
* NMEA UTC (Time) = Jun 04 2017  02:40:36
* NMEA baud rate = 4800
** Cruise:   PEACETIME
** Station:   FAST_CTD_061
# nquan = 11
# nvalues = 500                         
# units = specified
# name 0 = prDM: Pressure, Digiquartz [db]
# name 1 = t090C: Temperature [ITS-90, deg C]
# name 2 = flC: Fluorescence, Chelsea Aqua 3 Chl Con [ug/l]
# name 3 = CStarTr0: Beam Transmission, WET Labs C-Star [%]
# name 4 = par: PAR/Irradiance, Biospherical/Licor
# name 5 = spar: SPAR/Surface Irradiance
# name 6 = sbeox0Mm/Kg: Oxygen, SBE 43 [umol/kg]
# name 7 = potemp090C: Potential Temperature [ITS-90, deg C]
# name 8 = sal00: Salinity, Practical [PSU]
# name 9 = sigma-é00: Density [sigma-theta, kg/m^3]
# name 10 = flag:
# span 0 =      1.000,    500.000       
# span 1 =    13.4330,    21.3175       
# span 2 =     0.1718,     0.6026       
# span 3 =    93.7293,    98.3225       
# span 4 = -2.986e-06, 3.0736e-01       
# span 5 = 1.1234e+00, 4.6651e+00       
# span 6 =    152.069,    242.260       
# span 7 =    13.3597,    21.3162       
# span 8 =    37.0216,    38.5919       
# span 9 =    25.9712,    29.0891       
# span 10 = 0.0000e+00, 0.0000e+00      
# interval = decibars: 1                
# start_time = Jun 04 2017 02:40:37 [NMEA time, first data scan]
# bad_flag = -9.990e-29
*END*
[from data line 394]
    395.000    13.5368     0.1788    98.3040 5.8028e-04 1.7699e+00    152.477    13.4787    38.5810    29.0697 0.0000e+00
    396.000    13.5366     0.1854    98.3057 8.2065e-04 3.3267e+00    152.664    13.4784    38.5809    29.0697 0.0000e+00
    397.000    13.5367     0.1856    98.3018 2.2202e-03 2.4989e+00    152.458    13.4783    38.5809    29.0697 0.0000e+00
    398.000    13.5367     0.1843    98.3028 1.8571e-03 3.1776e+00    152.336    13.4782    38.5809    29.0698 0.0000e+00
    399.000    13.5369     0.1778    98.2989 2.2716e-03 2.7257e+00    152.578    13.4783    38.5809    29.0698 0.0000e+00
    400.000    13.5366     0.1788    98.3029 3.1161e-03 2.1841e+00    152.854    13.4778    38.5809    29.0698 0.0000e+00
    401.000    13.5363     0.1823    98.3008 5.8151e-04 2.4534e+00    152.544    13.4773    38.5809    29.0699 0.0000e+00
    402.000    13.5355     0.1833    98.3040 3.6610e-03 3.1114e+00    152.450    13.4764    38.5809    29.0701 0.0000e+00
    403.000    13.5356     0.1861    98.3026 4.3157e-03 3.2848e+00    152.430    13.4763    38.5809    29.0702 0.0000e+00
    404.000    13.5357     0.1826    98.3060 2.4618e-03 2.2443e+00    152.069    13.4764    38.5809    29.0701 0.0000e+00
    405.000    13.5359     0.1781    98.3001 3.9226e-03 2.7842e+00    152.472    13.4764    38.5809    29.0701 0.0000e+00
    406.000    13.5354     0.1813    98.3009 1.4390e-03 3.6285e+00    152.729    13.4758    38.5810    29.0704 0.0000e+00
    407.000    13.5335     0.1854    98.2950 3.5892e-03 3.4308e+00    152.452    13.4736    38.5809    29.0707 0.0000e+00
    408.000    13.5278     0.1869    98.3001 3.2156e-03 1.7625e+00    152.841    13.4679    38.5811    29.0721 0.0000e+00
    409.000    13.5250     0.1869    98.3006 2.8944e-03 2.6662e+00    152.808    13.4649    38.5817    29.0732 0.0000e+00
    410.000    13.5210     0.1882    98.3010 2.9637e-03 2.4040e+00    153.318    13.4607    38.5825    29.0747 0.0000e+00
    411.000    13.5206     0.1857    98.3052 3.3053e-03 2.6464e+00    153.122    13.4602    38.5826    29.0749 0.0000e+00
    412.000    13.5205     0.1815    98.3010 5.1517e-03 2.6966e+00    152.924    13.4600    38.5826    29.0750 0.0000e+00
    413.000    13.5196     0.1866    98.2987 3.6245e-03 3.1493e+00    153.099    13.4590    38.5828    29.0753 0.0000e+00
    414.000    13.5182     0.1836    98.2956 1.5541e-03 2.2380e+00    153.215    13.4574    38.5835    29.0762 0.0000e+00
    415.000    13.5159     0.1882    98.3087 2.3253e-03 2.8013e+00    153.137    13.4549    38.5837    29.0769 0.0000e+00
    416.000    13.5163     0.1889    98.3095 1.3087e-03 3.1114e+00    153.244    13.4552    38.5840    29.0770 0.0000e+00
    417.000    13.5173     0.1852    98.3101 1.6722e-03 3.4282e+00    153.215    13.4561    38.5846    29.0773 0.0000e+00
    418.000    13.5175     0.1846    98.3028 2.4538e-03 3.0409e+00    153.121    13.4561    38.5845    29.0773 0.0000e+00
    419.000    13.5167     0.1824    98.3091 2.4545e-03 2.5351e+00    153.146    13.4552    38.5843    29.0772 0.0000e+00
    420.000    13.5159     0.1871    98.3076 2.4341e-03 3.3783e+00    153.004    13.4541    38.5842    29.0774 0.0000e+00
    421.000    13.5154     0.1831    98.3037 2.1067e-03 2.1540e+00    153.102    13.4535    38.5840    29.0774 0.0000e+00
    422.000    13.5161     0.1833    98.2950 1.7631e-03 2.7091e+00    153.042    13.4541    38.5844    29.0776 0.0000e+00
    423.000    13.5156     0.1860    98.2904 5.3874e-04 2.0638e+00    153.415    13.4535    38.5844    29.0777 0.0000e+00
    424.000    13.5103     0.1836    98.3027 1.8964e-03 2.9240e+00    153.599    13.4480    38.5833    29.0780 0.0000e+00
    425.000    13.5060     0.1869    98.3115 1.0299e-03 3.0789e+00    153.172    13.4436    38.5827    29.0785 0.0000e+00
    426.000    13.4997     0.1899    98.3042 8.0389e-04 2.6059e+00    153.150    13.4371    38.5821    29.0794 0.0000e+00
    427.000    13.4940     0.1799    98.2960 1.6781e-03 3.0735e+00    153.415    13.4313    38.5815    29.0801 0.0000e+00
    428.000    13.4917     0.1810    98.3093 2.1793e-03 2.8951e+00    153.459    13.4288    38.5813    29.0805 0.0000e+00
    429.000    13.4919     0.1772    98.3022 2.9870e-03 2.6975e+00    153.753    13.4289    38.5814    29.0806 0.0000e+00
    430.000    13.4920     0.1823    98.3071 1.6178e-03 2.6977e+00    153.851    13.4289    38.5815    29.0807 0.0000e+00
    431.000    13.4924     0.1787    98.3074 7.8108e-04 2.7569e+00    153.728    13.4291    38.5818    29.0809 0.0000e+00
    432.000    13.4924     0.1835    98.3057 3.4841e-04 2.8269e+00    153.196    13.4290    38.5818    29.0809 0.0000e+00
    433.000    13.4930     0.1848    98.3074 1.2144e-03 3.4997e+00    153.447    13.4294    38.5821    29.0811 0.0000e+00
    434.000    13.4932     0.1810    98.3014 8.6533e-04 2.6788e+00    153.745    13.4295    38.5821    29.0810 0.0000e+00
    435.000    13.4931     0.1777    98.3074 2.2576e-03 2.4026e+00    153.764    13.4292    38.5821    29.0811 0.0000e+00
    436.000    13.4929     0.1835    98.3026 8.7917e-04 3.1379e+00    153.817    13.4288    38.5820    29.0811 0.0000e+00
    437.000    13.4929     0.1797    98.3004 6.9399e-04 3.0777e+00    153.781    13.4287    38.5821    29.0812 0.0000e+00
    438.000    13.4926     0.1804    98.3034 8.0407e-05 3.1806e+00    153.532    13.4282    38.5820    29.0812 0.0000e+00
    439.000    13.4924     0.1824    98.3045 4.5487e-04 2.7953e+00    153.501    13.4280    38.5820    29.0813 0.0000e+00
    440.000    13.4923     0.1917    98.3040 2.4272e-04 2.0328e+00    154.039    13.4277    38.5821    29.0814 0.0000e+00
    441.000    13.4916     0.1891    98.3110 7.4768e-04 2.1667e+00    153.603    13.4269    38.5822    29.0817 0.0000e+00
    442.000    13.4898     0.1938    98.3150 1.2269e-03 2.9616e+00    153.868    13.4249    38.5821    29.0820 0.0000e+00
    443.000    13.4878     0.1842 -9.990e-29 2.7257e-03 2.1767e+00    154.115    13.4227    38.5822    29.0825 0.0000e+00
    444.000    13.4869     0.1876    98.3160 1.6140e-03 2.3667e+00    154.186    13.4217    38.5828    29.0832 0.0000e+00
    445.000    13.4857     0.1803    98.3078 4.5400e-04 2.9789e+00    154.533    13.4203    38.5828    29.0835 0.0000e+00
    446.000    13.4835     0.1791    98.3031 1.7175e-03 2.7454e+00    154.496    13.4180    38.5825    29.0838 0.0000e+00
    447.000    13.4837     0.1814    98.3024 1.1230e-03 1.9967e+00    154.649    13.4180    38.5825    29.0838 0.0000e+00
    448.000    13.4840     0.1811    98.3008 2.5459e-03 3.2609e+00    154.381    13.4182    38.5826    29.0838 0.0000e+00
    449.000    13.4842     0.1802    98.2962 1.0878e-03 2.9314e+00    154.636    13.4183    38.5825    29.0837 0.0000e+00
    450.000    13.4843     0.1784    98.3029 1.2880e-03 3.4319e+00    154.490    13.4182    38.5825    29.0837 0.0000e+00
    451.000    13.4837     0.1879    98.3002 2.0515e-03 1.9450e+00    154.501    13.4175    38.5824    29.0838 0.0000e+00
    452.000    13.4834     0.1873    98.3059 1.9427e-03 2.6976e+00    154.427    13.4170    38.5823    29.0838 0.0000e+00
    453.000    13.4829     0.1864    98.3046 7.6725e-04 2.1218e+00    154.633    13.4164    38.5822    29.0838 0.0000e+00
    454.000    13.4809     0.1872    98.3019 9.6817e-04 2.3117e+00    154.537    13.4142    38.5818    29.0840 0.0000e+00
    455.000    13.4786     0.1874    98.3035 1.0783e-03 2.0433e+00    154.198    13.4117    38.5813    29.0842 0.0000e+00
    456.000    13.4772     0.1810 -9.990e-29 2.3611e-03 2.5312e+00    154.132    13.4103    38.5812    29.0844 0.0000e+00
    457.000    13.4772     0.1840 -9.990e-29 2.7360e-03 2.2099e+00    154.179    13.4101    38.5811    29.0843 0.0000e+00
    458.000    13.4772     0.1802 -9.990e-29 2.4002e-03 2.3234e+00    154.432    13.4100    38.5811    29.0844 0.0000e+00
    459.000    13.4765     0.1846    98.3176 8.4773e-04 1.9807e+00    154.464    13.4091    38.5809    29.0844 0.0000e+00
    460.000    13.4749     0.1863    98.3128 1.7374e-03 2.6999e+00    154.673    13.4073    38.5807    29.0846 0.0000e+00
    461.000    13.4736     0.1843    98.3067 1.3737e-03 2.7431e+00    154.368    13.4059    38.5804    29.0847 0.0000e+00
    462.000    13.4722     0.1831    98.3126 1.4538e-03 3.4456e+00    154.626    13.4044    38.5803    29.0849 0.0000e+00
    463.000    13.4717     0.1861    98.3100 1.5421e-03 3.3537e+00    154.480    13.4037    38.5803    29.0851 0.0000e+00
    464.000    13.4716     0.1829    98.3104 2.1876e-03 2.4700e+00    154.529    13.4034    38.5800    29.0849 0.0000e+00
    465.000    13.4710     0.1883    98.3077 3.2571e-03 1.9423e+00    154.572    13.4027    38.5800    29.0850 0.0000e+00
    466.000    13.4682     0.1847    98.2956 1.7675e-03 2.3042e+00    154.587    13.3998    38.5795    29.0853 0.0000e+00
    467.000    13.4648     0.1865    98.3034 2.4701e-03 3.2226e+00    154.715    13.3963    38.5789    29.0856 0.0000e+00
    468.000    13.4635     0.1856    98.3014 1.7107e-03 2.3985e+00    154.703    13.3947    38.5786    29.0856 0.0000e+00
    469.000    13.4599     0.1876    98.2987 2.8954e-03 3.4410e+00    154.780    13.3910    38.5777    29.0857 0.0000e+00
    470.000    13.4564     0.1864    98.2990 5.6836e-03 2.7790e+00    154.653    13.3874    38.5774    29.0863 0.0000e+00
    471.000    13.4554     0.1880    98.2989 4.9500e-03 1.9570e+00    154.884    13.3863    38.5771    29.0863 0.0000e+00
    472.000    13.4519     0.1838    98.3024 3.5603e-03 2.8570e+00    154.670    13.3826    38.5767    29.0867 0.0000e+00
    473.000    13.4519     0.1859    98.3006 3.2680e-03 2.3425e+00    154.700    13.3825    38.5766    29.0867 0.0000e+00
    474.000    13.4488     0.1823    98.3065 3.3014e-03 1.9394e+00    154.731    13.3792    38.5761    29.0870 0.0000e+00
    475.000    13.4469     0.1847    98.3019 2.4248e-03 2.3494e+00    154.849    13.3772    38.5758    29.0872 0.0000e+00
    476.000    13.4441     0.1868    98.2950 2.4279e-03 2.7886e+00    155.169    13.3743    38.5754    29.0875 0.0000e+00
    477.000    13.4424     0.1823    98.2987 2.9298e-03 2.9671e+00    155.385    13.3725    38.5753    29.0878 0.0000e+00
    478.000    13.4422     0.1850 -9.990e-29 3.1609e-03 2.8622e+00    154.839    13.3721    38.5752    29.0878 0.0000e+00
    479.000    13.4419     0.1850    98.3025 2.6778e-03 2.7083e+00    154.901    13.3716    38.5752    29.0879 0.0000e+00
    480.000    13.4415     0.1816    98.2943 3.2978e-03 2.3165e+00    155.416    13.3711    38.5751    29.0880 0.0000e+00
    481.000    13.4417     0.1884    98.2956 2.8570e-03 2.0944e+00    154.954    13.3711    38.5752    29.0880 0.0000e+00
    482.000    13.4417     0.1889    98.2965 1.9272e-03 2.6902e+00    155.314    13.3710    38.5752    29.0880 0.0000e+00
    483.000    13.4412     0.1870    98.2991 2.4965e-03 2.3453e+00    155.146    13.3704    38.5751    29.0881 0.0000e+00
    484.000    13.4412     0.1850    98.3010 1.6459e-04 3.4842e+00    155.382    13.3701    38.5751    29.0881 0.0000e+00
    485.000    13.4411     0.1801    98.2980 1.0513e-03 2.7466e+00    155.570    13.3700    38.5751    29.0882 0.0000e+00
    486.000    13.4404     0.1894    98.2995 1.3148e-03 2.8630e+00    155.569    13.3690    38.5750    29.0883 0.0000e+00
    487.000    13.4390     0.1919    98.2998 6.7992e-04 2.3693e+00    155.554    13.3675    38.5748    29.0885 0.0000e+00
    488.000    13.4379     0.1879    98.2986 8.9341e-04 2.2359e+00    155.510    13.3663    38.5747    29.0886 0.0000e+00
    489.000    13.4379     0.1823    98.2960 1.1789e-03 2.9756e+00    155.599    13.3661    38.5746    29.0886 0.0000e+00
    490.000    13.4379     0.1840    98.2965 8.0393e-04 3.1719e+00    155.277    13.3660    38.5745    29.0886 0.0000e+00
    491.000    13.4376     0.1781    98.2978 6.6240e-04 2.3395e+00    155.516    13.3656    38.5745    29.0887 0.0000e+00
    492.000    13.4377     0.1822    98.2968 1.0833e-03 2.5148e+00    155.296    13.3656    38.5744    29.0886 0.0000e+00
    493.000    13.4371     0.1867    98.2963 8.0766e-04 2.9824e+00    155.530    13.3648    38.5743    29.0886 0.0000e+00
    494.000    13.4366     0.1882    98.2973 1.1412e-03 2.3913e+00    155.756    13.3641    38.5742    29.0888 0.0000e+00
    495.000    13.4369     0.1866 -9.990e-29 1.5479e-03 2.4767e+00    155.778    13.3642    38.5743    29.0888 0.0000e+00
    496.000    13.4356     0.1869 -9.990e-29 1.3960e-03 1.9801e+00    155.825    13.3628    38.5740    29.0888 0.0000e+00
    497.000    13.4346     0.1840    98.3014 1.3219e-03 2.0062e+00    155.429    13.3617    38.5739    29.0890 0.0000e+00
    498.000    13.4343     0.1824    98.2938 1.1544e-03 1.7718e+00    155.669    13.3612    38.5737    29.0890 0.0000e+00
    499.000    13.4330     0.1849    98.2952 1.5844e-03 2.6127e+00    155.777    13.3597    38.5735    29.0891 0.0000e+00
    500.000    13.4334     0.1801    98.2986 1.3512e-04 2.0558e+00    155.710    13.3601    38.5733    29.0889 0.0000e+00
