Data/ruptures/PEACETIME/FAST/PEACETIME_FAST_CTD_091.cnv
* Sea-Bird SBE 9 Data File:
* FileName = C:\CTD\rawCTD\PEACETIME_FAST_CTD_091.hdr
* Software Version Seasave V 7.23.2
* Temperature SN = 1378
* Conductivity SN = 2929
* Number of Bytes Per Scan = 38
* Number of Voltage Words = 5
* Number of Scans Averaged by the Deck Unit = 1
* NMEA Latitude = 37 56.81 N
* NMEA Longitude = 002 54.94 E
* NMEA UTC (Time) = Jun 09 2017  04:33:13
* NMEA baud rate = 4800
** Cruise:   PEACETIME
** Station:   FAST_CTD_091
# nquan = 11
# nvalues = 498                         
# units = specified
# name 0 = prDM: Pressure, Digiquartz [db]
# name 1 = t090C: Temperature [ITS-90, deg C]
# name 2 = flC: Fluorescence, Chelsea Aqua 3 Chl Con [ug/l]
# name 3 = CStarTr0: Beam Transmission, WET Labs C-Star [%]
# name 4 = par: PAR/Irradiance, Biospherical/Licor
# name 5 = spar: SPAR/Surface Irradiance
# name 6 = sbeox0Mm/Kg: Oxygen, SBE 43 [umol/kg]
# name 7 = potemp090C: Potential Temperature [ITS-90, deg C]
# name 8 = sal00: Salinity, Practical [PSU]
# name 9 = sigma-é00: Density [sigma-theta, kg/m^3]
# name 10 = flag:
# span 0 =      3.000,    500.000       
# span 1 =    13.4556,    21.5679       
# span 2 =     0.1735,     0.3541       
# span 3 =    94.8539,    98.1279       
# span 4 = 1.0000e-12, 8.5855e+00       
# span 5 = 4.5438e+01, 1.4785e+02       
# span 6 =    151.998,    240.321       
# span 7 =    13.3826,    21.5655       
# span 8 =    37.0614,    38.5971       
# span 9 =    25.9540,    29.0894       
# span 10 = 0.0000e+00, 0.0000e+00      
# interval = decibars: 1                
# start_time = Jun 09 2017 04:33:13 [NMEA time, first data scan]
# bad_flag = -9.990e-29
*END*
      3.000    21.5654     0.1975    96.7685 8.5855e+00 5.1544e+01    209.979    21.5647    37.1225    25.9541 0.0000e+00
      4.000    21.5659     0.1970    96.7504 7.5692e+00 4.7841e+01    209.388    21.5651    37.1228    25.9542 0.0000e+00
      5.000    21.5663     0.2042    96.7456 6.7623e+00 4.9530e+01    209.813    21.5653    37.1226    25.9540 0.0000e+00
      6.000    21.5661     0.2002    96.7453 6.1066e+00 5.1037e+01    209.448    21.5649    37.1228    25.9543 0.0000e+00
      7.000    21.5663     0.2044    96.7400 5.7305e+00 5.2410e+01    209.838    21.5649    37.1229    25.9544 0.0000e+00
      8.000    21.5663     0.1985    96.7354 5.0219e+00 4.9874e+01    209.572    21.5647    37.1229    25.9544 0.0000e+00
      9.000    21.5667     0.1992    96.7513 4.7758e+00 4.9941e+01    209.392    21.5649    37.1229    25.9544 0.0000e+00
     10.000    21.5670     0.1964    96.7341 4.3780e+00 5.2812e+01    209.379    21.5650    37.1228    25.9543 0.0000e+00
     11.000    21.5672     0.1941    96.7452 4.1831e+00 5.1118e+01    209.549    21.5651    37.1226    25.9541 0.0000e+00
     12.000    21.5679     0.1984    96.7457 3.9035e+00 4.8787e+01    209.463    21.5655    37.1229    25.9542 0.0000e+00
     13.000    21.5677     0.1958    96.7462 3.7320e+00 4.9073e+01    209.155    21.5651    37.1228    25.9542 0.0000e+00
     14.000    21.5674     0.1962    96.7422 3.5607e+00 5.0869e+01    208.953    21.5646    37.1228    25.9543 0.0000e+00
     15.000    21.5670     0.1953    96.7456 3.3457e+00 4.5438e+01    209.390    21.5641    37.1227    25.9544 0.0000e+00
     16.000    21.5666     0.1960    96.7450 3.1918e+00 4.9112e+01    209.253    21.5634    37.1227    25.9546 0.0000e+00
     17.000    21.5630     0.1987    96.7307 3.0656e+00 4.9316e+01    209.514    21.5596    37.1224    25.9554 0.0000e+00
     18.000    21.5263     0.1927    96.7505 2.9155e+00 5.1153e+01    208.934    21.5228    37.1249    25.9677 0.0000e+00
     19.000    21.4654     0.1904    96.7571 2.7923e+00 4.6258e+01    209.684    21.4616    37.1306    25.9890 0.0000e+00
     20.000    21.3486     0.1894    96.7755 2.6881e+00 4.8317e+01    210.671    21.3447    37.1415    26.0299 0.0000e+00
     21.000    21.2499     0.1856    96.7820 2.5621e+00 4.8281e+01    211.468    21.2458    37.1583    26.0702 0.0000e+00
     22.000    21.2075     0.1845    96.7948 2.4785e+00 4.9348e+01    209.553    21.2032    37.1668    26.0885 0.0000e+00
     23.000    20.7016     0.1930    96.6723 2.3691e+00 4.8844e+01    211.778    20.6972    37.0830    26.1632 0.0000e+00
     24.000    20.1985     0.1959    96.5810 2.2776e+00 4.8585e+01    216.518    20.1940    37.0614    26.2832 0.0000e+00
     25.000    20.0412     0.1988    96.6350 2.2186e+00 5.0435e+01    218.220    20.0365    37.0664    26.3292 0.0000e+00
     26.000    19.7612     0.1993    96.6887 2.1235e+00 5.1664e+01    220.844    19.7564    37.0697    26.4062 0.0000e+00
     27.000    19.4461     0.1992    96.7272 2.0729e+00 5.2398e+01    224.106    19.4412    37.0693    26.4889 0.0000e+00
     28.000    19.1837     0.1957    96.7298 2.0194e+00 5.0731e+01    227.413    19.1786    37.1071    26.5864 0.0000e+00
     29.000    19.0499     0.1945    96.7344 1.9237e+00 5.2438e+01    228.527    19.0447    37.1227    26.6330 0.0000e+00
     30.000    18.8411     0.1913    96.7775 1.8858e+00 5.1640e+01    229.287    18.8357    37.1123    26.6790 0.0000e+00
     31.000    18.6588     0.1917    96.7670 1.8365e+00 5.4848e+01    229.390    18.6533    37.1454    26.7511 0.0000e+00
     32.000    18.4397     0.1978    96.7543 1.7738e+00 5.3700e+01    231.202    18.4340    37.1381    26.8013 0.0000e+00
     33.000    18.3070     0.1978    96.7876 1.7029e+00 5.4060e+01    232.830    18.3012    37.1336    26.8316 0.0000e+00
     34.000    18.3023     0.1922    96.7932 1.6765e+00 5.3592e+01    231.995    18.2964    37.1533    26.8479 0.0000e+00
     35.000    18.1148     0.1988    96.7622 1.6198e+00 5.3054e+01    230.819    18.1087    37.1347    26.8809 0.0000e+00
     36.000    17.8164     0.1978    96.8241 1.5359e+00 5.4020e+01    232.242    17.8102    37.1008    26.9294 0.0000e+00
     37.000    17.6157     0.1980    96.7782 1.5062e+00 5.3662e+01    234.430    17.6093    37.1146    26.9898 0.0000e+00
     38.000    17.4400     0.1961    96.7600 1.4705e+00 5.4701e+01    235.106    17.4335    37.1169    27.0348 0.0000e+00
     39.000    17.3103     0.1933    96.6973 1.4091e+00 5.5504e+01    235.699    17.3038    37.1078    27.0595 0.0000e+00
     40.000    17.1813     0.1915    96.7034 1.3569e+00 5.3669e+01    237.392    17.1746    37.1107    27.0932 0.0000e+00
     41.000    17.1958     0.1977    96.7373 1.3063e+00 5.7155e+01    237.075    17.1889    37.1431    27.1146 0.0000e+00
     42.000    17.1433     0.2026    96.7377 1.2629e+00 5.0966e+01    235.997    17.1362    37.1725    27.1499 0.0000e+00
     43.000    17.0048     0.2028    96.6833 1.2124e+00 5.3328e+01    237.295    16.9976    37.2070    27.2100 0.0000e+00
     44.000    16.9379     0.2103    96.6593 1.1647e+00 5.3503e+01    238.065    16.9306    37.2132    27.2309 0.0000e+00
     45.000    16.9163     0.2068    96.6600 1.1097e+00 5.4979e+01    238.401    16.9088    37.2146    27.2373 0.0000e+00
     46.000    16.8810     0.1987    96.6500 1.0788e+00 5.4926e+01    236.998    16.8734    37.2153    27.2464 0.0000e+00
     47.000    16.7875     0.2076    96.6125 1.0307e+00 5.6788e+01    236.679    16.7798    37.2204    27.2728 0.0000e+00
     48.000    16.6233     0.2073    96.6128 9.7729e-01 5.8241e+01    238.157    16.6154    37.2219    27.3131 0.0000e+00
     49.000    16.5131     0.2122    96.5736 9.4292e-01 5.4959e+01    237.428    16.5051    37.2281    27.3441 0.0000e+00
     50.000    16.2814     0.2169    96.5509 9.0175e-01 5.7146e+01    237.911    16.2733    37.2344    27.4038 0.0000e+00
     51.000    16.2761     0.2182    96.6143 8.5357e-01 5.7974e+01    237.625    16.2678    37.2908    27.4485 0.0000e+00
     52.000    16.2655     0.2162    96.6470 8.0991e-01 6.0290e+01    238.656    16.2571    37.3092    27.4652 0.0000e+00
     53.000    16.1749     0.2093    96.6352 7.7773e-01 5.8940e+01    239.282    16.1663    37.3313    27.5035 0.0000e+00
     54.000    16.0364     0.2148    96.5603 7.3686e-01 5.7172e+01    239.462    16.0277    37.3400    27.5426 0.0000e+00
     55.000    16.0155     0.2209    96.5638 7.0053e-01 5.8509e+01    240.321    16.0067    37.3773    27.5762 0.0000e+00
     56.000    16.0745     0.2196    96.5621 6.6520e-01 5.9175e+01    239.370    16.0655    37.4366    27.6081 0.0000e+00
     57.000    16.0352     0.2194    96.5971 6.3184e-01 5.6165e+01    236.034    16.0260    37.4698    27.6430 0.0000e+00
     58.000    15.8440     0.2209    96.4740 6.0140e-01 5.8361e+01    236.661    15.8347    37.4735    27.6903 0.0000e+00
     59.000    15.7957     0.2278    96.4703 5.7009e-01 6.0033e+01    237.298    15.7863    37.4986    27.7209 0.0000e+00
     60.000    15.8152     0.2208    96.6401 5.4191e-01 5.7242e+01    239.059    15.8057    37.5819    27.7806 0.0000e+00
     61.000    15.7179     0.2264    96.5877 5.1422e-01 5.6896e+01    238.481    15.7082    37.6027    27.8191 0.0000e+00
     62.000    15.6442     0.2282    96.5819 4.8610e-01 5.8256e+01    238.787    15.6344    37.6206    27.8499 0.0000e+00
     63.000    15.6206     0.2248    96.6902 4.6051e-01 5.9687e+01    238.048    15.6107    37.6481    27.8766 0.0000e+00
     64.000    15.4655     0.2263    96.5330 4.3713e-01 5.7537e+01    235.188    15.4554    37.6584    27.9202 0.0000e+00
     65.000    15.3636     0.2381    96.2124 4.1552e-01 5.7666e+01    234.314    15.3534    37.6520    27.9386 0.0000e+00
     66.000    15.3818     0.2446    96.3357 3.9387e-01 6.1154e+01    236.477    15.3715    37.6792    27.9554 0.0000e+00
     67.000    15.3968     0.2370    96.5769 3.7197e-01 5.5904e+01    235.990    15.3863    37.6906    27.9608 0.0000e+00
     68.000    15.2551     0.2456    96.1761 3.4852e-01 5.6409e+01    232.570    15.2444    37.6947    27.9963 0.0000e+00
     69.000    15.2122     0.2721    95.7848 3.2890e-01 6.1060e+01    231.789    15.2015    37.7025    28.0120 0.0000e+00
     70.000    15.1662     0.2961    95.5007 3.0754e-01 6.1450e+01    230.207    15.1553    37.7074    28.0263 0.0000e+00
     71.000    15.1196     0.3168    95.1546 2.8463e-01 5.8745e+01    229.393    15.1086    37.7101    28.0389 0.0000e+00
     72.000    15.0985     0.3488    94.8539 2.6403e-01 5.6258e+01    229.987    15.0874    37.7313    28.0600 0.0000e+00
     73.000    15.1034     0.3173    96.0181 2.4167e-01 5.6824e+01    231.787    15.0921    37.7619    28.0826 0.0000e+00
     74.000    15.0956     0.2772    96.4887 2.2116e-01 5.9376e+01    231.722    15.0841    37.7741    28.0938 0.0000e+00
     75.000    15.0743     0.2677    96.6337 2.0515e-01 6.1248e+01    230.473    15.0627    37.7820    28.1047 0.0000e+00
     76.000    15.0500     0.2543    96.8016 1.9253e-01 6.0229e+01    230.241    15.0383    37.7948    28.1201 0.0000e+00
     77.000    15.0293     0.2442    97.0764 1.8024e-01 6.3563e+01    229.464    15.0174    37.8043    28.1322 0.0000e+00
     78.000    15.0140     0.2517    97.1124 1.6738e-01 6.1181e+01    228.811    15.0019    37.8101    28.1401 0.0000e+00
     79.000    14.9698     0.2400    97.0796 1.5721e-01 6.0143e+01    226.366    14.9576    37.8220    28.1592 0.0000e+00
     80.000    14.9166     0.2321    97.0472 1.4692e-01 5.8953e+01    224.391    14.9043    37.8398    28.1850 0.0000e+00
     81.000    14.8827     0.2364    97.1165 1.3884e-01 6.0643e+01    223.447    14.8702    37.8567    28.2056 0.0000e+00
     82.000    14.8448     0.2311    97.0592 1.3187e-01 6.5493e+01    221.904    14.8323    37.8659    28.2213 0.0000e+00
     83.000    14.7891     0.2466    96.7724 1.2479e-01 6.1551e+01    220.026    14.7764    37.8806    28.2450 0.0000e+00
     84.000    14.7375     0.3016    96.3566 1.1815e-01 6.2900e+01    216.040    14.7246    37.8925    28.2658 0.0000e+00
     85.000    14.6752     0.3284    96.2673 1.0942e-01 6.3315e+01    214.002    14.6622    37.9003    28.2857 0.0000e+00
     86.000    14.6540     0.3354    96.3893 1.0203e-01 6.1289e+01    214.100    14.6409    37.9136    28.3007 0.0000e+00
     87.000    14.6347     0.3488    96.3906 9.1827e-02 6.1864e+01    212.348    14.6215    37.9244    28.3133 0.0000e+00
     88.000    14.5797     0.3541    96.4479 8.5691e-02 6.4253e+01    209.637    14.5663    37.9425    28.3396 0.0000e+00
     89.000    14.5583     0.3514    96.5307 7.8283e-02 6.5669e+01    209.218    14.5448    37.9502    28.3503 0.0000e+00
     90.000    14.5370     0.3527    96.5778 7.0348e-02 6.6480e+01    207.799    14.5234    37.9571    28.3603 0.0000e+00
     91.000    14.5251     0.3461    96.5947 6.4186e-02 6.2899e+01    207.146    14.5114    37.9600    28.3653 0.0000e+00
     92.000    14.5040     0.3411    96.6808 5.9381e-02 6.3804e+01    206.189    14.4901    37.9647    28.3736 0.0000e+00
     93.000    14.4954     0.3328    96.7393 5.2758e-02 6.3365e+01    206.212    14.4813    37.9704    28.3799 0.0000e+00
     94.000    14.4686     0.3181    96.8780 4.8660e-02 6.3772e+01    204.466    14.4544    37.9831    28.3957 0.0000e+00
     95.000    14.4510     0.2918    96.9284 4.3893e-02 6.1310e+01    203.547    14.4366    37.9931    28.4073 0.0000e+00
     96.000    14.4392     0.2852    97.0293 3.8730e-02 6.4444e+01    203.883    14.4247    37.9995    28.4149 0.0000e+00
     97.000    14.4359     0.2933    97.1013 3.5138e-02 6.2135e+01    203.430    14.4213    38.0022    28.4178 0.0000e+00
     98.000    14.4136     0.2948    97.1639 3.2988e-02 6.2862e+01    203.140    14.3989    38.0112    28.4296 0.0000e+00
     99.000    14.3993     0.2905    97.2224 2.9252e-02 6.5792e+01    202.675    14.3844    38.0192    28.4390 0.0000e+00
    100.000    14.3943     0.2777    97.2682 2.6591e-02 6.5375e+01    202.290    14.3793    38.0217    28.4420 0.0000e+00
    101.000    14.3750     0.2713    97.2906 2.4838e-02 6.2705e+01    202.033    14.3598    38.0310    28.4535 0.0000e+00
    102.000    14.3616     0.2679    97.3235 2.3538e-02 6.1147e+01    201.442    14.3463    38.0388    28.4625 0.0000e+00
    103.000    14.3560     0.2619    97.3373 2.1261e-02 6.8106e+01    201.587    14.3405    38.0437    28.4676 0.0000e+00
    104.000    14.3507     0.2554    97.3633 1.9485e-02 6.5802e+01    201.031    14.3351    38.0469    28.4713 0.0000e+00
    105.000    14.3344     0.2533    97.3753 1.7997e-02 6.4060e+01    201.001    14.3186    38.0543    28.4805 0.0000e+00
    106.000    14.3179     0.2488    97.4147 1.5950e-02 6.9480e+01    200.578    14.3020    38.0638    28.4915 0.0000e+00
    107.000    14.3070     0.2454    97.4555 1.5968e-02 6.6132e+01    200.327    14.2909    38.0697    28.4985 0.0000e+00
    108.000    14.2907     0.2511    97.4790 1.2204e-02 6.6618e+01    199.862    14.2745    38.0779    28.5085 0.0000e+00
    109.000    14.2659     0.2508    97.5131 9.7043e-03 6.7094e+01    199.023    14.2495    38.0837    28.5184 0.0000e+00
    110.000    14.2579     0.2356    97.5580 9.7007e-03 6.7888e+01    198.467    14.2415    38.0850    28.5212 0.0000e+00
    111.000    14.2476     0.2365    97.5670 8.0950e-03 6.7668e+01    198.175    14.2310    38.0868    28.5249 0.0000e+00
    112.000    14.2403     0.2510    97.5680 7.4290e-03 6.5744e+01    197.179    14.2235    38.0878    28.5273 0.0000e+00
    113.000    14.2118     0.2278    97.5885 8.3667e-03 7.0209e+01    197.226    14.1949    38.0996    28.5427 0.0000e+00
    114.000    14.2022     0.2256    97.6072 7.2583e-03 7.2130e+01    197.285    14.1852    38.1049    28.5489 0.0000e+00
    115.000    14.1935     0.2266    97.6318 5.0301e-03 6.5652e+01    196.635    14.1763    38.1091    28.5541 0.0000e+00
    116.000    14.1635     0.2211    97.7006 4.7645e-03 6.8318e+01    196.102    14.1461    38.1196    28.5688 0.0000e+00
    117.000    14.1463     0.2190    97.7242 4.9247e-03 6.9259e+01    196.225    14.1289    38.1275    28.5786 0.0000e+00
    118.000    14.1400     0.2136    97.7398 2.7847e-03 6.9634e+01    196.340    14.1224    38.1296    28.5817 0.0000e+00
    119.000    14.1220     0.2165    97.7346 1.7173e-03 6.7004e+01    195.633    14.1043    38.1375    28.5918 0.0000e+00
    120.000    14.0908     0.2140    97.7221 2.4888e-03 7.0997e+01    195.833    14.0729    38.1497    28.6080 0.0000e+00
    121.000    14.1737     0.2243    97.6757 1.9333e-03 6.8860e+01    196.747    14.1556    38.1186    28.5659 0.0000e+00
    122.000    14.1679     0.2237    97.7226 1.5796e-03 6.6675e+01    196.181    14.1497    38.1201    28.5684 0.0000e+00
    123.000    14.1083     0.2191    97.7559 1.2094e-03 6.7144e+01    195.588    14.0900    38.1427    28.5989 0.0000e+00
    124.000    14.0600     0.2155    97.7700 4.9043e-04 6.8508e+01    196.598    14.0416    38.1628    28.6249 0.0000e+00
    125.000    14.0292     0.2164    97.8045 3.1208e-04 6.8528e+01    196.920    14.0107    38.1742    28.6404 0.0000e+00
    126.000    14.0200     0.2050    97.8097 2.1799e-06 6.6214e+01    197.627    14.0013    38.1773    28.6449 0.0000e+00
    127.000    14.0155     0.2051    97.8185 3.7617e-05 6.5282e+01    197.464    13.9967    38.1794    28.6475 0.0000e+00
    128.000    14.0162     0.2022    97.8190 3.4178e-05 6.6617e+01    197.620    13.9972    38.1797    28.6476 0.0000e+00
    129.000    13.9981     0.1995    97.8470 -9.990e-29 6.7315e+01    197.280    13.9789    38.1857    28.6562 0.0000e+00
    130.000    13.9857     0.1979    97.8610 -9.990e-29 7.2360e+01    196.464    13.9664    38.1898    28.6621 0.0000e+00
    131.000    13.9795     0.1967    97.8622 -9.990e-29 6.9837e+01    196.292    13.9601    38.1920    28.6652 0.0000e+00
    132.000    13.9754     0.2022    97.8706 -9.990e-29 6.7822e+01    196.142    13.9559    38.1937    28.6674 0.0000e+00
    133.000    13.9633     0.1995    97.8768 1.0000e-12 6.4840e+01    195.149    13.9436    38.1976    28.6730 0.0000e+00
