Data/ruptures/PEACETIME/FAST/PEACETIME_FAST_CTD_057.cnv
* Sea-Bird SBE 9 Data File:
* FileName = C:\CTD\rawCTD\PEACETIME_FAST_CTD_057.hdr
* Software Version Seasave V 7.23.2
* Temperature SN = 1378
* Conductivity SN = 2929
* Number of Bytes Per Scan = 38
* Number of Voltage Words = 5
* Number of Scans Averaged by the Deck Unit = 1
* NMEA Latitude = 37 56.82 N
* NMEA Longitude = 002 54.92 E
* NMEA UTC (Time) = Jun 03 2017  02:32:56
* NMEA baud rate = 4800
** Cruise:   PEACETIME
** Station:   FAST_CTD_057
# nquan = 11
# nvalues = 599                         
# units = specified
# name 0 = prDM: Pressure, Digiquartz [db]
# name 1 = t090C: Temperature [ITS-90, deg C]
# name 2 = flC: Fluorescence, Chelsea Aqua 3 Chl Con [ug/l]
# name 3 = CStarTr0: Beam Transmission, WET Labs C-Star [%]
# name 4 = par: PAR/Irradiance, Biospherical/Licor
# name 5 = spar: SPAR/Surface Irradiance
# name 6 = sbeox0Mm/Kg: Oxygen, SBE 43 [umol/kg]
# name 7 = potemp090C: Potential Temperature [ITS-90, deg C]
# name 8 = sal00: Salinity, Practical [PSU]
# name 9 = sigma-é00: Density [sigma-theta, kg/m^3]
# name 10 = flag:
# span 0 =      3.000,    601.000       
# span 1 =    13.3362,    21.0548       
# span 2 =     0.1738,     0.3838       
# span 3 =    96.3095,    98.4052       
# span 4 = -2.198e-06, 1.5958e-01       
# span 5 = 5.6195e-01, 4.9564e+00       
# span 6 =    151.755,    239.455       
# span 7 =    13.2481,    21.0534       
# span 8 =    37.0244,    38.5875       
# span 9 =    26.0380,    29.0978       
# span 10 = 0.0000e+00, 0.0000e+00      
# interval = decibars: 1                
# start_time = Jun 03 2017 02:32:57 [NMEA time, first data scan]
# bad_flag = -9.990e-29
*END*
[from data line 263]
    266.000    13.6257     0.1878    98.3733 1.6548e-04 3.0931e+00    159.279    13.5866    38.5120    28.9933 0.0000e+00
    267.000    13.6235     0.1869    98.3760 -2.198e-06 3.4540e+00    159.120    13.5843    38.5147    28.9958 0.0000e+00
    268.000    13.6164     0.1846    98.3747 5.3497e-05 3.7228e+00    158.895    13.5771    38.5139    28.9968 0.0000e+00
    269.000    13.6164     0.1831    98.3739 1.1128e-04 2.3608e+00    158.792    13.5770    38.5142    28.9970 0.0000e+00
    270.000    13.6134     0.1813    98.3606 -8.174e-07 2.4588e+00    158.382    13.5737    38.5149    28.9983 0.0000e+00
    271.000    13.6164     0.1861    98.3288 2.1892e-05 2.4581e+00    158.389    13.5766    38.5186    29.0005 0.0000e+00
    272.000    13.6148     0.1820    98.3677 2.6564e-04 3.1007e+00    158.396    13.5748    38.5194    29.0015 0.0000e+00
    273.000    13.6153     0.1790    98.3769 3.5423e-04 1.8082e+00    158.476    13.5753    38.5203    29.0021 0.0000e+00
    274.000    13.6256     0.1855    98.3722 1.8918e-04 2.0315e+00    158.518    13.5853    38.5252    29.0037 0.0000e+00
    275.000    13.6343     0.1848    98.3787 4.7899e-04 2.7595e+00    158.575    13.5939    38.5286    29.0046 0.0000e+00
    276.000    13.6334     0.1773    98.3776 5.5658e-04 2.3722e+00    158.204    13.5929    38.5295    29.0055 0.0000e+00
    277.000    13.6322     0.1813    98.3785 3.5912e-04 2.6111e+00    158.096    13.5915    38.5302    29.0063 0.0000e+00
    278.000    13.6296     0.1880    98.3808 2.6318e-04 2.8082e+00    157.831    13.5887    38.5301    29.0068 0.0000e+00
    279.000    13.6290     0.1826    98.3853 5.8951e-04 3.5456e+00    157.520    13.5880    38.5303    29.0071 0.0000e+00
    280.000    13.6257     0.1797    98.3826 4.3774e-05 2.0791e+00    157.758    13.5846    38.5302    29.0078 0.0000e+00
    281.000    13.6245     0.1859    98.3863 5.6694e-04 1.8793e+00    157.549    13.5832    38.5302    29.0081 0.0000e+00
    282.000    13.6224     0.1848    98.3858 -1.878e-06 1.9103e+00    157.231    13.5809    38.5310    29.0092 0.0000e+00
    283.000    13.6213     0.1835    98.3817 6.3563e-08 3.1844e+00    157.090    13.5797    38.5329    29.0109 0.0000e+00
    284.000    13.6231     0.1815    98.3765 1.0000e-12 2.5221e+00    156.995    13.5814    38.5357    29.0127 0.0000e+00
    285.000    13.6268     0.1902    98.3754 2.0153e-04 2.4786e+00    157.089    13.5849    38.5403    29.0155 0.0000e+00
    286.000    13.6331     0.1852    98.3825 3.7539e-06 2.9575e+00    156.741    13.5911    38.5442    29.0173 0.0000e+00
    287.000    13.6381     0.1849    98.3875 1.1896e-04 2.0569e+00    156.825    13.5959    38.5470    29.0184 0.0000e+00
    288.000    13.6411     0.1852    98.3829 1.1008e-03 2.4209e+00    156.670    13.5987    38.5495    29.0197 0.0000e+00
    289.000    13.6368     0.1940    98.3848 1.4537e-03 2.4960e+00    156.258    13.5943    38.5494    29.0206 0.0000e+00
    290.000    13.6357     0.1871    98.3843 1.2909e-03 2.6894e+00    155.821    13.5931    38.5496    29.0210 0.0000e+00
    291.000    13.6372     0.1849    98.3876 1.6085e-03 2.9152e+00    156.125    13.5944    38.5510    29.0218 0.0000e+00
    292.000    13.6396     0.1843    98.3889 3.1207e-03 2.6481e+00    156.090    13.5967    38.5530    29.0229 0.0000e+00
    293.000    13.6411     0.1815    98.3884 1.7815e-03 2.6565e+00    156.240    13.5980    38.5541    29.0234 0.0000e+00
    294.000    13.6413     0.1808    98.3955 1.4146e-03 3.6313e+00    155.948    13.5980    38.5553    29.0244 0.0000e+00
    295.000    13.6425     0.1791    98.3956 1.2070e-03 2.7083e+00    156.036    13.5991    38.5567    29.0252 0.0000e+00
    296.000    13.6398     0.1870    98.3891 1.8224e-03 1.9975e+00    155.515    13.5963    38.5569    29.0260 0.0000e+00
    297.000    13.6412     0.1820    98.3799 8.7992e-04 2.9583e+00    155.669    13.5975    38.5583    29.0268 0.0000e+00
    298.000    13.6410     0.1795    98.3914 2.6022e-03 2.6464e+00    155.698    13.5972    38.5583    29.0269 0.0000e+00
    299.000    13.6410     0.1745    98.3912 2.7683e-03 2.2244e+00    155.851    13.5970    38.5585    29.0271 0.0000e+00
    300.000    13.6410     0.1804    98.3894 2.9402e-03 2.3814e+00    155.558    13.5968    38.5589    29.0274 0.0000e+00
    301.000    13.6390     0.1838    98.3956 1.7617e-03 3.1715e+00    155.729    13.5947    38.5592    29.0281 0.0000e+00
    302.000    13.6403     0.1890    98.3956 2.0206e-03 3.2114e+00    155.461    13.5959    38.5608    29.0291 0.0000e+00
    303.000    13.6411     0.1830    98.3956 2.7776e-03 2.6938e+00    155.510    13.5965    38.5614    29.0295 0.0000e+00
    304.000    13.6409     0.1795    98.3956 3.4973e-03 2.1981e+00    155.292    13.5961    38.5616    29.0297 0.0000e+00
    305.000    13.6387     0.1833    98.3956 3.0485e-03 2.2203e+00    155.509    13.5938    38.5618    29.0303 0.0000e+00
    306.000    13.6379     0.1871    98.3879 3.7141e-03 2.1547e+00    155.526    13.5929    38.5624    29.0310 0.0000e+00
    307.000    13.6364     0.1859    98.3939 2.0619e-03 2.5800e+00    154.902    13.5912    38.5626    29.0315 0.0000e+00
    308.000    13.6344     0.1825    98.3956 3.2252e-03 2.1525e+00    154.301    13.5890    38.5626    29.0320 0.0000e+00
    309.000    13.6329     0.1804    98.3956 4.8623e-03 2.8788e+00    154.557    13.5875    38.5633    29.0328 0.0000e+00
    310.000    13.6356     0.1801    98.3969 5.0246e-03 3.0306e+00    154.624    13.5899    38.5643    29.0331 0.0000e+00
    311.000    13.6334     0.1867    98.3943 2.3915e-03 3.0069e+00    154.656    13.5877    38.5641    29.0334 0.0000e+00
    312.000    13.6326     0.1843    98.3874 2.5044e-03 3.4831e+00    154.888    13.5866    38.5646    29.0340 0.0000e+00
    313.000    13.6284     0.1816    98.3957 3.3406e-03 2.0363e+00    154.617    13.5824    38.5639    29.0344 0.0000e+00
    314.000    13.6246     0.1781    98.3956 1.9022e-03 2.0840e+00    154.511    13.5784    38.5633    29.0348 0.0000e+00
    315.000    13.6247     0.1771    98.3956 1.1869e-03 2.2736e+00    154.645    13.5783    38.5648    29.0360 0.0000e+00
    316.000    13.6294     0.1818    98.3956 6.1070e-04 2.1394e+00    154.565    13.5829    38.5673    29.0369 0.0000e+00
    317.000    13.6347     0.1798    98.3956 4.5294e-04 2.1409e+00    155.117    13.5880    38.5695    29.0375 0.0000e+00
    318.000    13.6374     0.1815    98.3956 8.9134e-04 3.0313e+00    154.717    13.5905    38.5707    29.0379 0.0000e+00
    319.000    13.6365     0.1848    98.3956 3.3326e-03 2.5834e+00    154.244    13.5896    38.5706    29.0381 0.0000e+00
    320.000    13.6333     0.1848    98.3956 2.9992e-03 1.7235e+00    154.254    13.5862    38.5703    29.0385 0.0000e+00
    321.000    13.6368     0.1842    98.3956 1.5115e-03 2.7856e+00    154.503    13.5895    38.5725    29.0395 0.0000e+00
    322.000    13.6409     0.1798    98.3956 7.9898e-04 1.5747e+00    154.469    13.5934    38.5738    29.0397 0.0000e+00
    323.000    13.6338     0.1828    98.3956 1.5676e-04 2.1355e+00    154.433    13.5862    38.5722    29.0400 0.0000e+00
    324.000    13.6356     0.1863    98.3950 1.6291e-03 1.9554e+00    154.422    13.5879    38.5744    29.0413 0.0000e+00
    325.000    13.6358     0.1864    98.3969 1.5875e-03 2.8331e+00    154.357    13.5879    38.5751    29.0419 0.0000e+00
    326.000    13.6339     0.1909    98.3907 1.5347e-03 2.5949e+00    154.276    13.5859    38.5754    29.0425 0.0000e+00
    327.000    13.6350     0.1903    98.3942 1.4076e-03 2.9880e+00    154.240    13.5869    38.5762    29.0429 0.0000e+00
    328.000    13.6447     0.1859    98.3956 2.5269e-03 2.9410e+00    154.305    13.5964    38.5815    29.0450 0.0000e+00
    329.000    13.6385     0.1844    98.3956 2.5196e-03 1.9828e+00    153.930    13.5900    38.5804    29.0455 0.0000e+00
    330.000    13.6373     0.1824    98.3956 2.1179e-03 2.3216e+00    154.066    13.5886    38.5805    29.0459 0.0000e+00
    331.000    13.6398     0.1788    98.3956 1.3128e-03 2.8283e+00    153.990    13.5911    38.5818    29.0464 0.0000e+00
    332.000    13.6470     0.1798    98.3956 1.1039e-03 3.3707e+00    154.118    13.5981    38.5848    29.0473 0.0000e+00
    333.000    13.6488     0.1796    98.3956 3.7316e-03 2.5356e+00    154.075    13.5997    38.5855    29.0474 0.0000e+00
    334.000    13.6481     0.1847    98.3956 2.6070e-03 2.0417e+00    154.290    13.5989    38.5858    29.0478 0.0000e+00
    335.000    13.6429     0.1861    98.3956 2.6116e-03 2.4144e+00    153.953    13.5935    38.5850    29.0484 0.0000e+00
    336.000    13.6418     0.1832    98.3969 1.1492e-03 2.0044e+00    153.925    13.5923    38.5850    29.0487 0.0000e+00
    337.000    13.6416     0.1751    98.3999 2.7420e-03 2.0038e+00    153.915    13.5919    38.5850    29.0487 0.0000e+00
    338.000    13.6409     0.1766    98.4033 3.2099e-03 2.4134e+00    154.030    13.5910    38.5851    29.0490 0.0000e+00
    339.000    13.6415     0.1825    98.3964 1.5617e-03 2.6575e+00    153.832    13.5916    38.5855    29.0492 0.0000e+00
    340.000    13.6435     0.1781    98.3956 1.6642e-03 2.6070e+00    154.177    13.5933    38.5865    29.0495 0.0000e+00
    341.000    13.6417     0.1798    98.3956 2.1089e-03 3.5507e+00    153.680    13.5914    38.5862    29.0497 0.0000e+00
    342.000    13.6370     0.1835    98.3956 1.7931e-04 2.9786e+00    153.513    13.5866    38.5855    29.0503 0.0000e+00
    343.000    13.6302     0.1840    98.3956 8.8641e-04 2.2660e+00    153.983    13.5797    38.5844    29.0509 0.0000e+00
    344.000    13.6242     0.1811    98.3956 2.2931e-03 2.3971e+00    153.440    13.5735    38.5835    29.0515 0.0000e+00
    345.000    13.6204     0.1865    98.3956 2.6340e-03 3.6263e+00    152.998    13.5695    38.5831    29.0520 0.0000e+00
    346.000    13.6135     0.1840    98.3956 3.9808e-03 2.2666e+00    153.595    13.5626    38.5828    29.0532 0.0000e+00
    347.000    13.6159     0.1822    98.3956 3.1620e-03 3.0167e+00    153.609    13.5648    38.5840    29.0537 0.0000e+00
    348.000    13.6171     0.1815    98.3956 1.3294e-03 2.1145e+00    153.300    13.5658    38.5848    29.0541 0.0000e+00
    349.000    13.6166     0.1837    98.3956 8.6319e-04 2.5802e+00    153.169    13.5652    38.5850    29.0544 0.0000e+00
    350.000    13.6136     0.1824    98.3956 9.2256e-04 2.3974e+00    153.408    13.5621    38.5845    29.0547 0.0000e+00
    351.000    13.6124     0.1818    98.3980 6.4010e-04 2.4193e+00    153.899    13.5608    38.5848    29.0552 0.0000e+00
    352.000    13.6167     0.1844    98.4028 4.7219e-04 2.4569e+00    153.191    13.5648    38.5870    29.0561 0.0000e+00
    353.000    13.6148     0.1808    98.3991 6.0126e-04 2.0452e+00    152.693    13.5628    38.5870    29.0564 0.0000e+00
    354.000    13.6144     0.1874    98.3956 8.3812e-04 2.7457e+00    153.105    13.5623    38.5873    29.0568 0.0000e+00
    355.000    13.6112     0.1819    98.4003 1.5339e-03 3.1710e+00    153.375    13.5589    38.5875    29.0577 0.0000e+00
    356.000    13.6051     0.1813    98.4052 1.9289e-03 2.4241e+00    153.346    13.5527    38.5868    29.0585 0.0000e+00
    357.000    13.5979     0.1804    98.3980 6.2044e-04 1.8502e+00    153.316    13.5453    38.5850    29.0587 0.0000e+00
    358.000    13.5969     0.1848    98.3988 1.2071e-03 2.9707e+00    152.788    13.5442    38.5857    29.0594 0.0000e+00
    359.000    13.5974     0.1804    98.4038 1.6186e-03 2.4425e+00    153.175    13.5446    38.5860    29.0596 0.0000e+00
    360.000    13.5969     0.1790    98.4009 1.9805e-03 2.2175e+00    153.059    13.5439    38.5859    29.0597 0.0000e+00
    361.000    13.5948     0.1821    98.4036 2.6220e-03 2.0124e+00    152.828    13.5417    38.5855    29.0598 0.0000e+00
    362.000    13.5939     0.1810    98.4016 7.2921e-04 2.5705e+00    152.969    13.5406    38.5853    29.0599 0.0000e+00
    363.000    13.5929     0.1822    98.4004 1.3266e-03 3.4023e+00    153.195    13.5394    38.5852    29.0601 0.0000e+00
    364.000    13.5899     0.1831    98.4032 1.1076e-03 3.1310e+00    153.307    13.5364    38.5845    29.0601 0.0000e+00
    365.000    13.5867     0.1855    98.3957 9.9943e-04 1.6484e+00    152.568    13.5330    38.5840    29.0605 0.0000e+00
    366.000    13.5827     0.1858    98.3956 1.3432e-03 3.0985e+00    152.425    13.5289    38.5829    29.0605 0.0000e+00
    367.000    13.5726     0.1811    98.3956 2.7763e-05 2.7518e+00    152.532    13.5186    38.5809    29.0611 0.0000e+00
    368.000    13.5666     0.1852    98.3956 7.2891e-04 2.4408e+00    152.351    13.5125    38.5803    29.0620 0.0000e+00
    369.000    13.5566     0.1855    98.3963 4.2537e-04 1.8560e+00    152.372    13.5024    38.5780    29.0623 0.0000e+00
    370.000    13.5429     0.1855    98.3897 1.5411e-03 3.1692e+00    152.222    13.4885    38.5752    29.0631 0.0000e+00
    371.000    13.5377     0.1824    98.3784 1.3219e-03 2.4424e+00    152.414    13.4832    38.5741    29.0634 0.0000e+00
    372.000    13.5370     0.1820    98.3954 6.2447e-04 2.6541e+00    151.755    13.4824    38.5743    29.0637 0.0000e+00
    373.000    13.5371     0.1862    98.3956 6.7108e-04 2.7454e+00    152.160    13.4824    38.5742    29.0637 0.0000e+00
    374.000    13.5380     0.1857    98.3956 7.1620e-04 3.3368e+00    152.339    13.4831    38.5749    29.0641 0.0000e+00
    375.000    13.5399     0.1828    98.3956 1.0238e-03 1.9279e+00    152.554    13.4849    38.5761    29.0646 0.0000e+00
    376.000    13.5424     0.1821    98.3956 8.6060e-04 2.5309e+00    152.325    13.4871    38.5773    29.0651 0.0000e+00
    377.000    13.5432     0.1809    98.3956 1.8072e-03 2.0708e+00    152.486    13.4878    38.5778    29.0653 0.0000e+00
    378.000    13.5416     0.1796    98.3956 1.7153e-03 2.0513e+00    152.215    13.4860    38.5780    29.0658 0.0000e+00
    379.000    13.5405     0.1809    98.3956 1.8496e-03 3.0081e+00    152.376    13.4848    38.5781    29.0661 0.0000e+00
    380.000    13.5378     0.1817    98.3956 6.1097e-04 2.0237e+00    152.291    13.4820    38.5776    29.0664 0.0000e+00
    381.000    13.5340     0.1745    98.3956 5.2875e-04 2.8037e+00    152.610    13.4781    38.5774    29.0670 0.0000e+00
    382.000    13.5323     0.1752    98.3956 1.9275e-03 2.9715e+00    152.307    13.4762    38.5776    29.0676 0.0000e+00
    383.000    13.5292     0.1804    98.3956 1.8660e-03 2.6169e+00    152.611    13.4729    38.5770    29.0678 0.0000e+00
    384.000    13.5282     0.1853    98.3956 2.2163e-03 1.9902e+00    152.382    13.4719    38.5770    29.0681 0.0000e+00
    385.000    13.5278     0.1784    98.3956 1.8900e-03 2.6711e+00    152.147    13.4712    38.5770    29.0682 0.0000e+00
    386.000    13.5250     0.1799    98.3956 1.4568e-03 2.1278e+00    152.525    13.4683    38.5766    29.0685 0.0000e+00
    387.000    13.5208     0.1858    98.3956 1.6119e-03 3.4114e+00    152.716    13.4639    38.5760    29.0690 0.0000e+00
    388.000    13.5197     0.1858    98.3879 1.2342e-03 2.6351e+00    152.568    13.4628    38.5759    29.0692 0.0000e+00
    389.000    13.5176     0.1826    98.3902 1.9809e-03 3.4555e+00    152.160    13.4605    38.5756    29.0694 0.0000e+00
    390.000    13.5151     0.1806    98.3949 8.2692e-04 2.4985e+00    152.319    13.4578    38.5757    29.0700 0.0000e+00
    391.000    13.5132     0.1773    98.3956 1.1218e-03 2.3346e+00    152.321    13.4558    38.5755    29.0703 0.0000e+00
    392.000    13.5126     0.1818    98.3956 2.2588e-03 2.6350e+00    152.375    13.4551    38.5755    29.0705 0.0000e+00
    393.000    13.5116     0.1838    98.3836 5.6003e-04 2.7750e+00    152.355    13.4539    38.5754    29.0706 0.0000e+00
    394.000    13.5101     0.1870    98.3928 6.1682e-04 2.5260e+00    152.661    13.4523    38.5755    29.0710 0.0000e+00
    395.000    13.5107     0.1894    98.3950 8.6854e-04 3.6975e+00    152.431    13.4528    38.5761    29.0715 0.0000e+00
