Data/ruptures/PEACETIME/FAST/PEACETIME_FAST_CTD_076.cnv
* Sea-Bird SBE 9 Data File:
* FileName = C:\CTD\rawCTD\PEACETIME_FAST_CTD_076.hdr
* Software Version Seasave V 7.23.2
* Temperature SN = 1378
* Conductivity SN = 2929
* Number of Bytes Per Scan = 38
* Number of Voltage Words = 5
* Number of Scans Averaged by the Deck Unit = 1
* NMEA Latitude = 37 56.80 N
* NMEA Longitude = 002 55.01 E
* NMEA UTC (Time) = Jun 06 2017  09:25:41
* NMEA baud rate = 4800
** Cruise:   PEACETIME
** Station:   FAST_CTD_076
# nquan = 11
# nvalues = 2015                        
# units = specified
# name 0 = prDM: Pressure, Digiquartz [db]
# name 1 = t090C: Temperature [ITS-90, deg C]
# name 2 = flC: Fluorescence, Chelsea Aqua 3 Chl Con [ug/l]
# name 3 = CStarTr0: Beam Transmission, WET Labs C-Star [%]
# name 4 = par: PAR/Irradiance, Biospherical/Licor
# name 5 = spar: SPAR/Surface Irradiance
# name 6 = sbeox0Mm/Kg: Oxygen, SBE 43 [umol/kg]
# name 7 = potemp090C: Potential Temperature [ITS-90, deg C]
# name 8 = sal00: Salinity, Practical [PSU]
# name 9 = sigma-é00: Density [sigma-theta, kg/m^3]
# name 10 = flag:
# span 0 =      3.000,   2017.000       
# span 1 =    13.1243,    21.4737       
# span 2 =     0.1674,     0.4507       
# span 3 =    94.0055,    98.3091       
# span 4 = -7.165e-06, 9.7727e+01       
# span 5 = 1.6597e+03, 2.3384e+03       
# span 6 =    152.658,    240.193       
# span 7 =    12.9047,    21.4729       
# span 8 =    37.0131,    38.5938       
# span 9 =    25.9297,    29.1132       
# span 10 = 0.0000e+00, 0.0000e+00      
# interval = decibars: 1                
# start_time = Jun 06 2017 09:27:13 [NMEA time, first data scan]
# bad_flag = -9.990e-29
*END*
[from data line 919]
    922.000    13.1837     0.1902    98.2603 -9.990e-29 2.0877e+03    167.768    13.0481    38.5106    29.1056 0.0000e+00
    923.000    13.1833     0.1855    98.2605 -9.990e-29 2.0834e+03    168.169    13.0476    38.5107    29.1058 0.0000e+00
    924.000    13.1831     0.1821    98.2581 -9.990e-29 2.0781e+03    168.253    13.0472    38.5104    29.1057 0.0000e+00
    925.000    13.1829     0.1844    98.2394 5.5468e-05 2.0762e+03    167.888    13.0469    38.5103    29.1057 0.0000e+00
    926.000    13.1823     0.1823 -9.990e-29 1.8313e-04 2.0833e+03    167.727    13.0461    38.5102    29.1058 0.0000e+00
    927.000    13.1821     0.1815 -9.990e-29 4.2934e-05 2.0855e+03    167.884    13.0459    38.5101    29.1058 0.0000e+00
    928.000    13.1818     0.1834 -9.990e-29 3.3396e-04 2.0908e+03    168.338    13.0453    38.5099    29.1057 0.0000e+00
    929.000    13.1816     0.1819 -9.990e-29 1.0826e-03 2.0927e+03    168.496    13.0450    38.5098    29.1057 0.0000e+00
    930.000    13.1812     0.1820 -9.990e-29 4.6974e-04 2.0937e+03    168.567    13.0445    38.5097    29.1057 0.0000e+00
    931.000    13.1796     0.1778 -9.990e-29 6.3853e-04 2.0982e+03    168.673    13.0427    38.5093    29.1058 0.0000e+00
    932.000    13.1785     0.1763 -9.990e-29 7.1551e-06 2.0987e+03    168.329    13.0415    38.5091    29.1059 0.0000e+00
    933.000    13.1775     0.1769 -9.990e-29 3.8853e-04 2.1089e+03    168.230    13.0403    38.5087    29.1058 0.0000e+00
    934.000    13.1759     0.1797 -9.990e-29 1.2978e-03 2.1126e+03    168.395    13.0386    38.5082    29.1058 0.0000e+00
    935.000    13.1757     0.1825 -9.990e-29 1.2496e-03 2.1182e+03    168.271    13.0382    38.5082    29.1059 0.0000e+00
    936.000    13.1754     0.1782 -9.990e-29 1.0816e-03 2.1245e+03    168.547    13.0378    38.5081    29.1059 0.0000e+00
    937.000    13.1733     0.1814 -9.990e-29 3.1081e-05 2.1283e+03    168.827    13.0356    38.5074    29.1058 0.0000e+00
    938.000    13.1697     0.1885 -9.990e-29 8.0477e-04 2.1315e+03    168.939    13.0318    38.5067    29.1060 0.0000e+00
    939.000    13.1689     0.1850 -9.990e-29 1.2994e-03 2.1312e+03    169.035    13.0309    38.5064    29.1060 0.0000e+00
    940.000    13.1681     0.1781    98.2655 9.2543e-04 2.1377e+03    169.034    13.0300    38.5062    29.1060 0.0000e+00
    941.000    13.1682     0.1773    98.2468 7.0704e-05 2.1443e+03    168.801    13.0299    38.5062    29.1060 0.0000e+00
    942.000    13.1679     0.1848    98.2638 -5.245e-07 2.1448e+03    168.534    13.0294    38.5062    29.1062 0.0000e+00
    943.000    13.1675     0.1831    98.2615 1.0000e-12 2.1494e+03    168.807    13.0288    38.5060    29.1061 0.0000e+00
    944.000    13.1682     0.1794    98.2655 1.0000e-12 2.1522e+03    168.821    13.0294    38.5061    29.1061 0.0000e+00
    945.000    13.1680     0.1779 -9.990e-29 -9.990e-29 2.1536e+03    168.484    13.0290    38.5061    29.1061 0.0000e+00
    946.000    13.1677     0.1777 -9.990e-29 -9.990e-29 2.1537e+03    168.542    13.0287    38.5060    29.1061 0.0000e+00
    947.000    13.1678     0.1723 -9.990e-29 -9.990e-29 2.1567e+03    168.631    13.0286    38.5060    29.1062 0.0000e+00
    948.000    13.1678     0.1743 -9.990e-29 6.8483e-04 2.1567e+03    168.723    13.0284    38.5059    29.1061 0.0000e+00
    949.000    13.1684     0.1774 -9.990e-29 6.8407e-07 2.1539e+03    168.989    13.0289    38.5061    29.1061 0.0000e+00
    950.000    13.1685     0.1780 -9.990e-29 1.0000e-12 2.1542e+03    168.984    13.0289    38.5062    29.1062 0.0000e+00
    951.000    13.1685     0.1779 -9.990e-29 6.9403e-04 2.1545e+03    168.739    13.0286    38.5061    29.1062 0.0000e+00
    952.000    13.1684     0.1794 -9.990e-29 3.7910e-04 2.1534e+03    168.937    13.0284    38.5058    29.1061 0.0000e+00
    953.000    13.1685     0.1791 -9.990e-29 7.4100e-04 2.1558e+03    168.771    13.0283    38.5059    29.1061 0.0000e+00
    954.000    13.1687     0.1806 -9.990e-29 8.4268e-06 2.1501e+03    169.160    13.0284    38.5059    29.1061 0.0000e+00
    955.000    13.1689     0.1779 -9.990e-29 1.6364e-04 2.1543e+03    169.300    13.0284    38.5059    29.1061 0.0000e+00
    956.000    13.1690     0.1795 -9.990e-29 2.1864e-06 2.1433e+03    169.019    13.0284    38.5058    29.1061 0.0000e+00
    957.000    13.1689     0.1741 -9.990e-29 1.4510e-04 2.1429e+03    169.038    13.0281    38.5057    29.1060 0.0000e+00
    958.000    13.1689     0.1773 -9.990e-29 2.3356e-04 2.1450e+03    168.867    13.0280    38.5057    29.1061 0.0000e+00
    959.000    13.1690     0.1754    98.2599 8.5271e-05 2.1410e+03    169.131    13.0279    38.5057    29.1061 0.0000e+00
    960.000    13.1690     0.1757    98.2561 1.5285e-06 2.1386e+03    168.890    13.0278    38.5058    29.1062 0.0000e+00
    961.000    13.1691     0.1787    98.2624 7.5309e-09 2.1332e+03    168.593    13.0278    38.5058    29.1062 0.0000e+00
    962.000    13.1693     0.1764    98.2601 1.0000e-12 2.1249e+03    168.482    13.0278    38.5057    29.1061 0.0000e+00
    963.000    13.1693     0.1824    98.2612 9.1783e-05 2.1182e+03    168.680    13.0277    38.5057    29.1061 0.0000e+00
    964.000    13.1695     0.1851 -9.990e-29 1.2749e-04 2.1216e+03    168.788    13.0277    38.5057    29.1061 0.0000e+00
    965.000    13.1695     0.1852 -9.990e-29 3.1262e-05 2.1225e+03    168.688    13.0276    38.5059    29.1063 0.0000e+00
    966.000    13.1698     0.1868 -9.990e-29 2.3293e-04 2.1261e+03    168.888    13.0277    38.5057    29.1061 0.0000e+00
    967.000    13.1700     0.1855 -9.990e-29 -4.336e-07 2.1257e+03    168.829    13.0277    38.5057    29.1061 0.0000e+00
    968.000    13.1700     0.1901 -9.990e-29 1.6356e-05 2.1228e+03    168.713    13.0276    38.5057    29.1061 0.0000e+00
    969.000    13.1701     0.1880 -9.990e-29 -1.766e-07 2.1227e+03    168.956    13.0276    38.5057    29.1062 0.0000e+00
    970.000    13.1704     0.1787 -9.990e-29 1.9522e-05 2.1186e+03    168.906    13.0277    38.5056    29.1061 0.0000e+00
    971.000    13.1702     0.1769 -9.990e-29 1.2039e-04 2.1159e+03    168.882    13.0273    38.5055    29.1061 0.0000e+00
    972.000    13.1703     0.1807 -9.990e-29 2.4607e-04 2.1284e+03    168.958    13.0273    38.5056    29.1061 0.0000e+00
    973.000    13.1704     0.1798 -9.990e-29 3.5705e-04 2.1296e+03    169.174    13.0272    38.5057    29.1062 0.0000e+00
    974.000    13.1706     0.1825 -9.990e-29 1.5738e-04 2.1389e+03    169.234    13.0272    38.5055    29.1061 0.0000e+00
    975.000    13.1708     0.1802 -9.990e-29 1.1500e-03 2.1506e+03    168.969    13.0273    38.5056    29.1061 0.0000e+00
    976.000    13.1710     0.1798 -9.990e-29 1.3952e-04 2.1576e+03    168.672    13.0274    38.5056    29.1061 0.0000e+00
    977.000    13.1709     0.1789 -9.990e-29 5.5202e-04 2.1654e+03    168.640    13.0271    38.5056    29.1062 0.0000e+00
    978.000    13.1713     0.1826 -9.990e-29 1.4380e-04 2.1731e+03    168.611    13.0273    38.5056    29.1062 0.0000e+00
    979.000    13.1715     0.1786 -9.990e-29 2.9532e-04 2.1744e+03    168.367    13.0274    38.5056    29.1061 0.0000e+00
    980.000    13.1715     0.1813 -9.990e-29 3.8619e-04 2.1757e+03    168.362    13.0273    38.5056    29.1061 0.0000e+00
    981.000    13.1716     0.1841 -9.990e-29 7.8900e-04 2.1794e+03    168.397    13.0272    38.5056    29.1062 0.0000e+00
    982.000    13.1718     0.1835    98.2560 2.2459e-04 2.1775e+03    168.391    13.0273    38.5055    29.1061 0.0000e+00
    983.000    13.1718     0.1818    98.2568 1.4539e-03 2.1850e+03    168.792    13.0271    38.5055    29.1061 0.0000e+00
    984.000    13.1719     0.1810    98.2595 1.2001e-03 2.1907e+03    169.163    13.0271    38.5056    29.1062 0.0000e+00
    985.000    13.1722     0.1821    98.2611 1.0685e-03 2.2007e+03    169.171    13.0271    38.5055    29.1061 0.0000e+00
    986.000    13.1724     0.1796    98.2612 1.9914e-04 2.2026e+03    169.135    13.0272    38.5055    29.1061 0.0000e+00
    987.000    13.1728     0.1735 -9.990e-29 8.5254e-04 2.2102e+03    169.143    13.0274    38.5054    29.1060 0.0000e+00
    988.000    13.1730     0.1786 -9.990e-29 6.3166e-04 2.2114e+03    169.060    13.0275    38.5057    29.1061 0.0000e+00
    989.000    13.1730     0.1850 -9.990e-29 1.0641e-03 2.2172e+03    169.106    13.0274    38.5056    29.1061 0.0000e+00
    990.000    13.1731     0.1808 -9.990e-29 8.5376e-04 2.2179e+03    168.878    13.0273    38.5057    29.1062 0.0000e+00
    991.000    13.1731     0.1855 -9.990e-29 8.5013e-04 2.2211e+03    168.576    13.0272    38.5055    29.1061 0.0000e+00
    992.000    13.1736     0.1868 -9.990e-29 1.0547e-03 2.2223e+03    168.713    13.0275    38.5056    29.1061 0.0000e+00
    993.000    13.1737     0.1793 -9.990e-29 1.7485e-03 2.2199e+03    168.938    13.0275    38.5055    29.1060 0.0000e+00
    994.000    13.1735     0.1781 -9.990e-29 4.5613e-04 2.2181e+03    169.177    13.0271    38.5055    29.1061 0.0000e+00
    995.000    13.1728     0.1767 -9.990e-29 6.2901e-04 2.2166e+03    169.042    13.0263    38.5052    29.1060 0.0000e+00
    996.000    13.1727     0.1781 -9.990e-29 4.6829e-04 2.2159e+03    169.119    13.0260    38.5052    29.1061 0.0000e+00
    997.000    13.1711     0.1802 -9.990e-29 1.3675e-03 2.2129e+03    169.083    13.0243    38.5048    29.1062 0.0000e+00
    998.000    13.1708     0.1822 -9.990e-29 9.7466e-04 2.2160e+03    169.162    13.0238    38.5047    29.1062 0.0000e+00
    999.000    13.1712     0.1862 -9.990e-29 1.3181e-05 2.2169e+03    169.227    13.0241    38.5048    29.1061 0.0000e+00
   1000.000    13.1707     0.1845 -9.990e-29 2.1178e-04 2.2172e+03    169.247    13.0234    38.5045    29.1061 0.0000e+00
   1001.000    13.1704     0.1812 -9.990e-29 9.4953e-05 2.2191e+03    168.978    13.0230    38.5045    29.1062 0.0000e+00
   1002.000    13.1703     0.1784 -9.990e-29 1.4679e-07 2.2246e+03    169.163    13.0228    38.5045    29.1062 0.0000e+00
   1003.000    13.1700     0.1818 -9.990e-29 1.2461e-05 2.2263e+03    169.263    13.0222    38.5042    29.1061 0.0000e+00
   1004.000    13.1696     0.1832 -9.990e-29 -7.708e-08 2.2251e+03    169.086    13.0217    38.5044    29.1063 0.0000e+00
   1005.000    13.1697     0.1798 -9.990e-29 3.3721e-05 2.2243e+03    169.181    13.0217    38.5043    29.1063 0.0000e+00
   1006.000    13.1691     0.1851 -9.990e-29 3.9680e-04 2.2233e+03    168.916    13.0209    38.5039    29.1062 0.0000e+00
   1007.000    13.1681     0.1830 -9.990e-29 5.9930e-04 2.2278e+03    168.655    13.0197    38.5038    29.1063 0.0000e+00
   1008.000    13.1673     0.1787 -9.990e-29 4.3291e-04 2.2319e+03    169.037    13.0188    38.5036    29.1063 0.0000e+00
   1009.000    13.1667     0.1707 -9.990e-29 1.9781e-04 2.2319e+03    169.424    13.0180    38.5034    29.1064 0.0000e+00
   1010.000    13.1663     0.1760 -9.990e-29 2.2293e-03 2.2365e+03    169.387    13.0176    38.5032    29.1063 0.0000e+00
   1011.000    13.1657     0.1826 -9.990e-29 2.1668e-03 2.2295e+03    169.390    13.0167    38.5029    29.1062 0.0000e+00
   1012.000    13.1647     0.1818 -9.990e-29 7.4323e-04 2.2336e+03    169.454    13.0156    38.5028    29.1064 0.0000e+00
   1013.000    13.1645     0.1820 -9.990e-29 1.4482e-03 2.2335e+03    169.131    13.0152    38.5027    29.1064 0.0000e+00
   1014.000    13.1633     0.1830 -9.990e-29 3.6036e-05 2.2330e+03    169.158    13.0139    38.5023    29.1064 0.0000e+00
   1015.000    13.1611     0.1799 -9.990e-29 2.6493e-07 2.2308e+03    169.146    13.0116    38.5018    29.1064 0.0000e+00
   1016.000    13.1547     0.1767 -9.990e-29 3.7580e-04 2.2302e+03    169.422    13.0051    38.5003    29.1066 0.0000e+00
   1017.000    13.1509     0.1783 -9.990e-29 -9.990e-29 2.2287e+03    170.084    13.0011    38.4994    29.1067 0.0000e+00
   1018.000    13.1483     0.1788 -9.990e-29 -9.990e-29 2.2259e+03    170.293    12.9985    38.4988    29.1068 0.0000e+00
   1019.000    13.1479     0.1764 -9.990e-29 -9.990e-29 2.2290e+03    170.386    12.9979    38.4988    29.1069 0.0000e+00
   1020.000    13.1482     0.1764 -9.990e-29 1.0000e-12 2.2240e+03    169.954    12.9980    38.4990    29.1071 0.0000e+00
   1021.000    13.1482     0.1776 -9.990e-29 1.2550e-03 2.2234e+03    170.090    12.9979    38.4988    29.1069 0.0000e+00
   1022.000    13.1470     0.1806 -9.990e-29 1.0109e-03 2.2193e+03    170.238    12.9966    38.4985    29.1070 0.0000e+00
   1023.000    13.1457     0.1782 -9.990e-29 6.9313e-04 2.2195e+03    170.419    12.9951    38.4980    29.1070 0.0000e+00
   1024.000    13.1455     0.1791 -9.990e-29 8.3867e-05 2.2272e+03    170.211    12.9947    38.4982    29.1071 0.0000e+00
   1025.000    13.1453     0.1815 -9.990e-29 6.7275e-04 2.2240e+03    170.305    12.9944    38.4981    29.1072 0.0000e+00
   1026.000    13.1451     0.1878 -9.990e-29 9.5455e-04 2.2288e+03    170.534    12.9941    38.4978    29.1070 0.0000e+00
   1027.000    13.1446     0.1810 -9.990e-29 7.2288e-04 2.2256e+03    170.732    12.9934    38.4979    29.1072 0.0000e+00
   1028.000    13.1442     0.1820 -9.990e-29 5.0184e-04 2.2208e+03    170.541    12.9928    38.4977    29.1072 0.0000e+00
   1029.000    13.1439     0.1812 -9.990e-29 1.8549e-04 2.2183e+03    170.383    12.9924    38.4975    29.1071 0.0000e+00
   1030.000    13.1438     0.1781 -9.990e-29 1.5624e-04 2.2187e+03    170.304    12.9921    38.4975    29.1072 0.0000e+00
   1031.000    13.1440     0.1794 -9.990e-29 -1.658e-06 2.2188e+03    170.152    12.9922    38.4974    29.1071 0.0000e+00
   1032.000    13.1442     0.1784 -9.990e-29 1.0000e-12 2.2174e+03    170.094    12.9922    38.4974    29.1070 0.0000e+00
   1033.000    13.1442     0.1782 -9.990e-29 1.0000e-12 2.2213e+03    170.231    12.9921    38.4975    29.1071 0.0000e+00
   1034.000    13.1443     0.1808 -9.990e-29 1.0000e-12 2.2198e+03    170.198    12.9920    38.4975    29.1072 0.0000e+00
   1035.000    13.1443     0.1842 -9.990e-29 1.0000e-12 2.2260e+03    170.179    12.9919    38.4975    29.1072 0.0000e+00
   1036.000    13.1445     0.1852 -9.990e-29 8.2183e-06 2.2245e+03    170.221    12.9920    38.4975    29.1072 0.0000e+00
   1037.000    13.1447     0.1817 -9.990e-29 2.6541e-05 2.2148e+03    170.511    12.9920    38.4974    29.1071 0.0000e+00
   1038.000    13.1448     0.1832 -9.990e-29 3.7091e-07 2.2041e+03    170.297    12.9920    38.4974    29.1071 0.0000e+00
   1039.000    13.1449     0.1820 -9.990e-29 2.0588e-06 2.1888e+03    170.005    12.9919    38.4975    29.1072 0.0000e+00
   1040.000    13.1451     0.1815 -9.990e-29 2.8440e-04 2.1738e+03    170.230    12.9919    38.4975    29.1072 0.0000e+00
   1041.000    13.1452     0.1836 -9.990e-29 8.1932e-04 2.1676e+03    169.946    12.9919    38.4974    29.1072 0.0000e+00
   1042.000    13.1452     0.1821 -9.990e-29 3.4417e-04 2.1754e+03    170.101    12.9917    38.4975    29.1073 0.0000e+00
   1043.000    13.1453     0.1809 -9.990e-29 -2.989e-06 2.1759e+03    170.440    12.9917    38.4973    29.1071 0.0000e+00
   1044.000    13.1453     0.1806 -9.990e-29 -9.990e-29 2.1791e+03    170.429    12.9915    38.4974    29.1072 0.0000e+00
   1045.000    13.1455     0.1745 -9.990e-29 -9.990e-29 2.1818e+03    170.458    12.9916    38.4972    29.1070 0.0000e+00
   1046.000    13.1456     0.1723    98.2692 1.0000e-12 2.1841e+03    170.440    12.9915    38.4974    29.1072 0.0000e+00
   1047.000    13.1458     0.1750    98.2685 2.3064e-04 2.1930e+03    170.468    12.9915    38.4974    29.1072 0.0000e+00
   1048.000    13.1460     0.1774    98.2599 1.9022e-04 2.1900e+03    170.444    12.9916    38.4973    29.1071 0.0000e+00
   1049.000    13.1461     0.1860    98.2654 3.1580e-04 2.1917e+03    170.524    12.9916    38.4973    29.1071 0.0000e+00
   1050.000    13.1463     0.1880    98.2630 4.2190e-05 2.1764e+03    170.226    12.9916    38.4972    29.1071 0.0000e+00
   1051.000    13.1463     0.1837 -9.990e-29 5.9779e-09 2.1720e+03    170.054    12.9915    38.4974    29.1072 0.0000e+00
