Data/ruptures/PEACETIME/FAST/PEACETIME_FAST_CTD_085.cnv
* Sea-Bird SBE 9 Data File:
* FileName = C:\CTD\rawCTD\PEACETIME_FAST_CTD_085.hdr
* Software Version Seasave V 7.23.2
* Temperature SN = 1378
* Conductivity SN = 2929
* Number of Bytes Per Scan = 38
* Number of Voltage Words = 5
* Number of Scans Averaged by the Deck Unit = 1
* NMEA Latitude = 37 56.80 N
* NMEA Longitude = 002 55.00 E
* NMEA UTC (Time) = Jun 07 2017  17:13:44
* NMEA baud rate = 4800
** Cruise:   PEACETIME
** Station:   FAST_CTD_085
# nquan = 11
# nvalues = 510                         
# units = specified
# name 0 = prDM: Pressure, Digiquartz [db]
# name 1 = t090C: Temperature [ITS-90, deg C]
# name 2 = flC: Fluorescence, Chelsea Aqua 3 Chl Con [ug/l]
# name 3 = CStarTr0: Beam Transmission, WET Labs C-Star [%]
# name 4 = par: PAR/Irradiance, Biospherical/Licor
# name 5 = spar: SPAR/Surface Irradiance
# name 6 = sbeox0Mm/Kg: Oxygen, SBE 43 [umol/kg]
# name 7 = potemp090C: Potential Temperature [ITS-90, deg C]
# name 8 = sal00: Salinity, Practical [PSU]
# name 9 = sigma-é00: Density [sigma-theta, kg/m^3]
# name 10 = flag:
# span 0 =      4.000,    513.000       
# span 1 =    13.4467,    21.8412       
# span 2 =     0.1790,     0.4177       
# span 3 =    88.1151,    98.1942       
# span 4 = -3.567e-06, 6.2801e+01       
# span 5 = 1.4551e+03, 1.7347e+03       
# span 6 =    151.902,    240.775       
# span 7 =    13.3715,    21.8393       
# span 8 =    37.0360,    38.5936       
# span 9 =    25.8758,    29.0902       
# span 10 = 0.0000e+00, 0.0000e+00      
# interval = decibars: 1                
# start_time = Jun 07 2017 17:13:45 [NMEA time, first data scan]
# bad_flag = -9.990e-29
*END*
[from data line 132]
    136.000    13.9760     0.2036    97.8434 8.1739e-02 1.6447e+03    193.437    13.9558    38.2040    28.6754 0.0000e+00
    137.000    13.9663     0.2008    97.8467 7.8650e-02 1.6454e+03    193.834    13.9460    38.2089    28.6813 0.0000e+00
    138.000    13.9535     0.2008    97.8514 7.4737e-02 1.6409e+03    194.137    13.9330    38.2150    28.6888 0.0000e+00
    139.000    13.9416     0.1993    97.8594 6.9966e-02 1.6413e+03    192.918    13.9210    38.2225    28.6972 0.0000e+00
    140.000    13.9295     0.2012    97.8767 6.6163e-02 1.6450e+03    192.771    13.9087    38.2298    28.7055 0.0000e+00
    141.000    13.9277     0.2021    97.8864 6.3223e-02 1.6493e+03    192.229    13.9069    38.2316    28.7073 0.0000e+00
    142.000    13.9240     0.2034    97.8819 6.0793e-02 1.6479e+03    191.831    13.9029    38.2336    28.7097 0.0000e+00
    143.000    13.9194     0.2016    97.8908 5.5810e-02 1.6434e+03    191.919    13.8982    38.2372    28.7135 0.0000e+00
    144.000    13.9094     0.2018    97.9012 5.2252e-02 1.6384e+03    191.531    13.8881    38.2439    28.7209 0.0000e+00
    145.000    13.9018     0.1963    97.8934 5.0637e-02 1.6371e+03    191.299    13.8804    38.2478    28.7256 0.0000e+00
    146.000    13.8911     0.2027    97.9127 5.1027e-02 1.6296e+03    191.405    13.8696    38.2504    28.7299 0.0000e+00
    147.000    13.8806     0.2003    97.9204 4.7492e-02 1.6308e+03    190.742    13.8589    38.2533    28.7344 0.0000e+00
    148.000    13.8709     0.1944    97.9253 4.4102e-02 1.6293e+03    190.682    13.8491    38.2556    28.7383 0.0000e+00
    149.000    13.8638     0.1960    97.9444 4.3432e-02 1.6301e+03    190.697    13.8418    38.2604    28.7436 0.0000e+00
    150.000    13.8609     0.1978    97.9564 4.1094e-02 1.6352e+03    190.608    13.8388    38.2638    28.7469 0.0000e+00
    151.000    13.8540     0.1951    97.9734 4.0456e-02 1.6369e+03    190.351    13.8317    38.2662    28.7503 0.0000e+00
    152.000    13.8465     0.1946    97.9687 3.7007e-02 1.6392e+03    189.774    13.8241    38.2662    28.7519 0.0000e+00
    153.000    13.8367     0.1942    97.9600 3.4185e-02 1.6417e+03    189.401    13.8141    38.2664    28.7542 0.0000e+00
    154.000    13.8292     0.1924    97.9681 3.4589e-02 1.6379e+03    189.150    13.8065    38.2664    28.7559 0.0000e+00
    155.000    13.8094     0.1912    97.9695 3.2244e-02 1.6289e+03    188.379    13.7865    38.2654    28.7594 0.0000e+00
    156.000    13.8024     0.1875    97.9647 3.2036e-02 1.6309e+03    188.281    13.7795    38.2672    28.7623 0.0000e+00
    157.000    13.7952     0.1876    97.9605 2.8862e-02 1.6311e+03    187.330    13.7721    38.2702    28.7662 0.0000e+00
    158.000    13.7892     0.1868    97.9571 2.8165e-02 1.6345e+03    186.536    13.7659    38.2718    28.7688 0.0000e+00
    159.000    13.7832     0.1916    97.9779 2.6239e-02 1.6342e+03    186.897    13.7598    38.2753    28.7728 0.0000e+00
    160.000    13.7811     0.1867    97.9692 2.3682e-02 1.6305e+03    188.024    13.7575    38.2780    28.7754 0.0000e+00
    161.000    13.7739     0.1897    97.9510 2.2942e-02 1.6305e+03    188.794    13.7503    38.2832    28.7809 0.0000e+00
    162.000    13.7674     0.1853    97.9672 2.0981e-02 1.6303e+03    188.469    13.7436    38.2867    28.7851 0.0000e+00
    163.000    13.7576     0.1865    97.9749 2.0198e-02 1.6329e+03    188.995    13.7337    38.2909    28.7905 0.0000e+00
    164.000    13.7353     0.1851    97.9887 1.9336e-02 1.6410e+03    186.680    13.7112    38.2935    28.7973 0.0000e+00
    165.000    13.7188     0.1878    97.9841 1.7399e-02 1.6394e+03    185.955    13.6946    38.3001    28.8060 0.0000e+00
    166.000    13.7121     0.1877    98.0000 1.6831e-02 1.6345e+03    187.013    13.6877    38.3026    28.8094 0.0000e+00
    167.000    13.7099     0.1888    97.9984 1.7374e-02 1.6376e+03    186.120    13.6854    38.3037    28.8107 0.0000e+00
    168.000    13.7032     0.1843    97.9915 1.6764e-02 1.6351e+03    184.419    13.6786    38.3043    28.8127 0.0000e+00
    169.000    13.7002     0.1908    97.9999 1.4349e-02 1.6376e+03    185.741    13.6754    38.3062    28.8148 0.0000e+00
    170.000    13.6991     0.1881    97.9969 1.3368e-02 1.6356e+03    187.166    13.6742    38.3073    28.8159 0.0000e+00
    171.000    13.6904     0.1909    97.9948 1.3137e-02 1.6287e+03    185.268    13.6653    38.3085    28.8187 0.0000e+00
    172.000    13.6816     0.1887    97.9945 1.3959e-02 1.6257e+03    183.561    13.6564    38.3096    28.8215 0.0000e+00
    173.000    13.6779     0.1819    97.9976 1.3482e-02 1.6220e+03    183.116    13.6526    38.3103    28.8229 0.0000e+00
    174.000    13.6630     0.1853    97.9726 1.1979e-02 1.6186e+03    182.559    13.6376    38.3142    28.8291 0.0000e+00
    175.000    13.6562     0.1884    97.9941 1.0320e-02 1.6151e+03    182.834    13.6306    38.3152    28.8313 0.0000e+00
    176.000    13.6514     0.1847    98.0038 9.6327e-03 1.6145e+03    182.820    13.6256    38.3161    28.8331 0.0000e+00
    177.000    13.6426     0.1876    97.9909 8.6499e-03 1.6120e+03    183.430    13.6167    38.3177    28.8362 0.0000e+00
    178.000    13.6321     0.1886    97.9883 8.4718e-03 1.6089e+03    183.921    13.6061    38.3200    28.8403 0.0000e+00
    179.000    13.6250     0.1862    97.9843 1.0261e-02 1.6087e+03    184.691    13.5988    38.3221    28.8435 0.0000e+00
    180.000    13.6194     0.1814    97.9779 9.8526e-03 1.6099e+03    185.524    13.5931    38.3237    28.8459 0.0000e+00
    181.000    13.6216     0.1873    98.0076 8.1940e-03 1.6088e+03    187.747    13.5952    38.3259    28.8472 0.0000e+00
    182.000    13.6205     0.1879    98.0139 7.5780e-03 1.6087e+03    187.121    13.5939    38.3270    28.8483 0.0000e+00
    183.000    13.6165     0.1868    98.0108 9.3962e-03 1.6047e+03    186.135    13.5898    38.3284    28.8503 0.0000e+00
    184.000    13.6126     0.1895    98.0175 8.0789e-03 1.6038e+03    185.733    13.5857    38.3307    28.8529 0.0000e+00
    185.000    13.6024     0.1875    98.0245 5.9065e-03 1.6027e+03    185.408    13.5754    38.3302    28.8547 0.0000e+00
    186.000    13.5968     0.1906    97.9988 6.1050e-03 1.6099e+03    185.038    13.5696    38.3313    28.8568 0.0000e+00
    187.000    13.5950     0.1864    98.0139 3.1599e-03 1.6009e+03    185.398    13.5677    38.3318    28.8576 0.0000e+00
    188.000    13.6001     0.1817    98.0059 4.0860e-03 1.6048e+03    184.742    13.5727    38.3376    28.8611 0.0000e+00
    189.000    13.6079     0.1900    98.0259 6.1622e-03 1.5997e+03    183.752    13.5802    38.3469    28.8667 0.0000e+00
    190.000    13.6083     0.1862    98.0213 5.5462e-03 1.5979e+03    183.590    13.5805    38.3464    28.8662 0.0000e+00
    191.000    13.6078     0.1824    98.0259 4.6234e-03 1.6033e+03    183.169    13.5799    38.3480    28.8676 0.0000e+00
    192.000    13.6040     0.1884    98.0308 6.8936e-03 1.6053e+03    183.187    13.5760    38.3493    28.8694 0.0000e+00
    193.000    13.6042     0.1870    98.0243 5.6082e-03 1.6094e+03    183.138    13.5760    38.3515    28.8711 0.0000e+00
    194.000    13.6071     0.1855    98.0295 6.3175e-03 1.6042e+03    182.604    13.5788    38.3553    28.8734 0.0000e+00
    195.000    13.6100     0.1846    98.0311 5.3120e-03 1.6053e+03    181.989    13.5815    38.3581    28.8750 0.0000e+00
    196.000    13.6136     0.1852    98.0358 2.7551e-03 1.6042e+03    182.017    13.5849    38.3618    28.8772 0.0000e+00
    197.000    13.6191     0.1936    98.0335 1.7236e-03 1.6040e+03    181.516    13.5903    38.3679    28.8808 0.0000e+00
    198.000    13.6249     0.1903    98.0421 5.6064e-03 1.6007e+03    180.531    13.5960    38.3743    28.8845 0.0000e+00
    199.000    13.6294     0.1877    98.0509 5.7529e-03 1.5992e+03    180.182    13.6003    38.3783    28.8867 0.0000e+00
    200.000    13.6295     0.1900    98.0571 6.5470e-03 1.6003e+03    180.378    13.6002    38.3790    28.8873 0.0000e+00
    201.000    13.6297     0.1866    98.0516 5.3840e-03 1.6018e+03    180.152    13.6003    38.3796    28.8877 0.0000e+00
    202.000    13.6304     0.1874    98.0531 4.8137e-03 1.5987e+03    180.134    13.6008    38.3807    28.8884 0.0000e+00
    203.000    13.6324     0.1886    98.0565 4.3920e-03 1.5943e+03    179.612    13.6026    38.3845    28.8910 0.0000e+00
    204.000    13.6325     0.1860    98.0599 3.1477e-03 1.5931e+03    179.292    13.6026    38.3856    28.8919 0.0000e+00
    205.000    13.6332     0.1907    98.0552 4.0920e-03 1.5899e+03    178.917    13.6032    38.3872    28.8930 0.0000e+00
    206.000    13.6328     0.1899    98.0622 3.5568e-03 1.5874e+03    178.878    13.6026    38.3891    28.8946 0.0000e+00
    207.000    13.6303     0.1889    98.0632 4.3194e-03 1.5864e+03    178.159    13.6000    38.3937    28.8988 0.0000e+00
    208.000    13.6293     0.1867    98.0623 1.9240e-03 1.5852e+03    177.305    13.5989    38.3971    28.9016 0.0000e+00
    209.000    13.6299     0.1873    98.0609 2.1992e-03 1.5837e+03    177.184    13.5993    38.3990    28.9029 0.0000e+00
    210.000    13.6300     0.1929    98.0736 8.6378e-04 1.5831e+03    177.087    13.5993    38.3999    28.9036 0.0000e+00
    211.000    13.6318     0.1911    98.0761 2.2761e-03 1.5794e+03    176.223    13.6009    38.4038    28.9063 0.0000e+00
    212.000    13.6371     0.1922    98.0769 1.1716e-03 1.5818e+03    175.646    13.6060    38.4081    28.9086 0.0000e+00
    213.000    13.6416     0.1849    98.0835 8.6301e-04 1.5804e+03    175.630    13.6104    38.4113    28.9102 0.0000e+00
    214.000    13.6496     0.1913    98.0870 8.5188e-04 1.5805e+03    175.304    13.6182    38.4182    28.9138 0.0000e+00
    215.000    13.6485     0.1874    98.0894 9.7739e-04 1.5755e+03    174.050    13.6169    38.4215    28.9166 0.0000e+00
    216.000    13.6441     0.1857    98.0957 1.4076e-03 1.5755e+03    172.972    13.6124    38.4226    28.9185 0.0000e+00
    217.000    13.6440     0.1911    98.0906 5.0776e-04 1.5673e+03    172.898    13.6121    38.4248    28.9202 0.0000e+00
    218.000    13.6421     0.1904    98.0957 1.3762e-03 1.5636e+03    172.715    13.6101    38.4255    28.9212 0.0000e+00
    219.000    13.6364     0.1880    98.0986 2.0176e-03 1.5702e+03    173.093    13.6043    38.4249    28.9220 0.0000e+00
    220.000    13.6299     0.1910    98.0875 1.3572e-03 1.5715e+03    172.527    13.5977    38.4241    28.9228 0.0000e+00
    221.000    13.6195     0.1877    98.0903 2.1381e-03 1.5704e+03    173.433    13.5871    38.4239    28.9248 0.0000e+00
    222.000    13.6221     0.1871    98.0931 1.7008e-03 1.5741e+03    172.881    13.5895    38.4280    28.9275 0.0000e+00
    223.000    13.6167     0.1847    98.1010 1.1437e-03 1.5766e+03    173.587    13.5840    38.4276    28.9284 0.0000e+00
    224.000    13.6148     0.1831    98.0898 1.6752e-04 1.5749e+03    173.394    13.5820    38.4286    28.9296 0.0000e+00
    225.000    13.6261     0.1831    98.0914 4.6990e-04 1.5723e+03    172.057    13.5932    38.4346    28.9319 0.0000e+00
    226.000    13.6352     0.1865    98.0872 1.5560e-04 1.5726e+03    170.278    13.6021    38.4397    28.9339 0.0000e+00
    227.000    13.6360     0.1903    98.0991 -3.567e-06 1.5721e+03    170.432    13.6027    38.4432    28.9365 0.0000e+00
    228.000    13.6397     0.1870    98.0965 1.0000e-12 1.5662e+03    170.631    13.6062    38.4461    28.9380 0.0000e+00
    229.000    13.6369     0.1890    98.1016 1.8626e-04 1.5732e+03    170.350    13.6034    38.4470    28.9393 0.0000e+00
    230.000    13.6331     0.1852    98.0903 2.7957e-04 1.5736e+03    170.036    13.5994    38.4471    28.9402 0.0000e+00
    231.000    13.6322     0.1849    98.0994 -1.912e-06 1.5792e+03    169.642    13.5983    38.4494    28.9423 0.0000e+00
    232.000    13.6329     0.1830    98.0943 -8.353e-08 1.5699e+03    169.249    13.5988    38.4516    28.9438 0.0000e+00
    233.000    13.6349     0.1806    98.1001 1.0000e-12 1.5626e+03    168.774    13.6007    38.4553    28.9463 0.0000e+00
    234.000    13.6323     0.1858    98.1028 -9.990e-29 1.5722e+03    168.974    13.5979    38.4557    28.9472 0.0000e+00
    235.000    13.6291     0.1876    98.1047 -9.990e-29 1.5654e+03    169.360    13.5946    38.4552    28.9475 0.0000e+00
    236.000    13.6268     0.1869    98.1013 -9.990e-29 1.5655e+03    169.621    13.5922    38.4559    28.9485 0.0000e+00
    237.000    13.6226     0.1851    98.0933 -9.990e-29 1.5619e+03    169.580    13.5879    38.4564    28.9499 0.0000e+00
    238.000    13.6114     0.1846    98.0973 -9.990e-29 1.5647e+03    169.818    13.5766    38.4563    28.9522 0.0000e+00
    239.000    13.6124     0.1912    98.0919 1.0000e-12 1.5638e+03    168.953    13.5774    38.4597    28.9547 0.0000e+00
    240.000    13.6154     0.1919    98.0959 1.0000e-12 1.5657e+03    168.596    13.5803    38.4612    28.9552 0.0000e+00
    241.000    13.6167     0.1909    98.1011 1.0000e-12 1.5674e+03    169.240    13.5813    38.4621    28.9557 0.0000e+00
    242.000    13.6165     0.1906    98.0984 -9.990e-29 1.5624e+03    168.659    13.5811    38.4648    28.9578 0.0000e+00
    243.000    13.6181     0.1849    98.1022 1.0000e-12 1.5626e+03    168.007    13.5824    38.4677    28.9598 0.0000e+00
    244.000    13.6217     0.1801    98.1020 1.0000e-12 1.5697e+03    167.445    13.5859    38.4705    28.9613 0.0000e+00
    245.000    13.6323     0.1909    98.0843 1.0000e-12 1.5705e+03    166.410    13.5964    38.4759    28.9632 0.0000e+00
    246.000    13.6413     0.1957    98.0998 -9.990e-29 1.5650e+03    164.698    13.6052    38.4802    28.9646 0.0000e+00
    247.000    13.6437     0.1883    98.1060 1.0000e-12 1.5670e+03    164.405    13.6074    38.4808    28.9647 0.0000e+00
    248.000    13.6455     0.1875    98.1085 1.0000e-12 1.5726e+03    164.557    13.6091    38.4824    28.9656 0.0000e+00
    249.000    13.6452     0.1906    98.1045 1.1796e-06 1.5652e+03    163.908    13.6086    38.4840    28.9669 0.0000e+00
    250.000    13.6449     0.1888    98.1085 -1.743e-08 1.5638e+03    163.148    13.6082    38.4852    28.9679 0.0000e+00
    251.000    13.6436     0.1924    98.0976 -9.990e-29 1.5651e+03    163.077    13.6068    38.4881    28.9704 0.0000e+00
    252.000    13.6412     0.1910    98.1003 1.0000e-12 1.5651e+03    163.524    13.6042    38.4889    28.9716 0.0000e+00
    253.000    13.6402     0.1935    98.0989 1.3439e-04 1.5626e+03    163.336    13.6031    38.4899    28.9726 0.0000e+00
    254.000    13.6247     0.1921    98.1023 1.4825e-04 1.5613e+03    165.012    13.5874    38.4867    28.9735 0.0000e+00
    255.000    13.5997     0.1884    98.0977 6.4459e-06 1.5582e+03    166.857    13.5623    38.4835    28.9764 0.0000e+00
    256.000    13.5987     0.1884    98.1103 -5.217e-09 1.5582e+03    167.195    13.5612    38.4845    28.9774 0.0000e+00
    257.000    13.5837     0.1929    98.0915 1.0000e-12 1.5614e+03    167.990    13.5461    38.4821    28.9787 0.0000e+00
    258.000    13.5789     0.1893    98.1054 1.0000e-12 1.5510e+03    168.386    13.5411    38.4838    28.9810 0.0000e+00
    259.000    13.5885     0.1893    98.0993 9.1398e-06 1.5525e+03    167.191    13.5505    38.4882    28.9825 0.0000e+00
    260.000    13.5879     0.1871    98.1013 1.1412e-06 1.5610e+03    166.652    13.5498    38.4891    28.9833 0.0000e+00
    261.000    13.5855     0.1889    98.1052 3.9022e-05 1.5549e+03    167.404    13.5473    38.4891    28.9839 0.0000e+00
    262.000    13.5758     0.1922    98.1054 5.1980e-05 1.5545e+03    168.320    13.5374    38.4879    28.9850 0.0000e+00
    263.000    13.5724     0.1901    98.1094 1.0699e-04 1.5522e+03    169.269    13.5338    38.4877    28.9857 0.0000e+00
    264.000    13.5740     0.1881    98.0944 5.4211e-04 1.5601e+03    169.061    13.5353    38.4889    28.9863 0.0000e+00
    265.000    13.5761     0.1918    98.1031 2.1319e-04 1.5628e+03    168.190    13.5373    38.4904    28.9870 0.0000e+00
