Data/ruptures/PEACETIME/FAST/PEACETIME_FAST_CTD_074.cnv
* Sea-Bird SBE 9 Data File:
* FileName = C:\CTD\rawCTD\PEACETIME_FAST_CTD_074.hdr
* Software Version Seasave V 7.23.2
* Temperature SN = 1378
* Conductivity SN = 2929
* Number of Bytes Per Scan = 38
* Number of Voltage Words = 5
* Number of Scans Averaged by the Deck Unit = 1
* NMEA Latitude = 37 56.79 N
* NMEA Longitude = 002 55.01 E
* NMEA UTC (Time) = Jun 06 2017  02:51:16
* NMEA baud rate = 4800
** Cruise:   PEACETIME
** Station:   FAST_CTD_074
# nquan = 11
# nvalues = 500                         
# units = specified
# name 0 = prDM: Pressure, Digiquartz [db]
# name 1 = t090C: Temperature [ITS-90, deg C]
# name 2 = flC: Fluorescence, Chelsea Aqua 3 Chl Con [ug/l]
# name 3 = CStarTr0: Beam Transmission, WET Labs C-Star [%]
# name 4 = par: PAR/Irradiance, Biospherical/Licor
# name 5 = spar: SPAR/Surface Irradiance
# name 6 = sbeox0Mm/Kg: Oxygen, SBE 43 [umol/kg]
# name 7 = potemp090C: Potential Temperature [ITS-90, deg C]
# name 8 = sal00: Salinity, Practical [PSU]
# name 9 = sigma-é00: Density [sigma-theta, kg/m^3]
# name 10 = flag:
# span 0 =      2.000,    501.000       
# span 1 =    13.4404,    21.3526       
# span 2 =     0.1840,     0.4196       
# span 3 =    94.3797,    98.2339       
# span 4 = -1.234e-05, 1.7484e-01       
# span 5 = 9.8001e-01, 5.3158e+00       
# span 6 =    152.310,    240.283       
# span 7 =    13.3669,    21.3505       
# span 8 =    37.0189,    38.5920       
# span 9 =    25.9734,    29.0893       
# span 10 = 0.0000e+00, 0.0000e+00      
# interval = decibars: 1                
# start_time = Jun 06 2017 02:51:16 [NMEA time, first data scan]
# bad_flag = -9.990e-29
*END*
[from data line 394]
    396.000    13.5827     0.1902    98.2168 4.8627e-03 3.1039e+00    152.762    13.5244    38.5920    29.0685 0.0000e+00
    397.000    13.5804     0.1917    98.2163 2.4671e-03 2.9037e+00    152.508    13.5220    38.5915    29.0687 0.0000e+00
    398.000    13.5757     0.1895    98.2048 3.1370e-03 1.9885e+00    152.964    13.5171    38.5908    29.0691 0.0000e+00
    399.000    13.5734     0.1897    98.2115 3.8475e-03 2.8797e+00    152.917    13.5147    38.5908    29.0696 0.0000e+00
    400.000    13.5699     0.1878    98.2245 3.5102e-03 2.2524e+00    152.846    13.5111    38.5903    29.0701 0.0000e+00
    401.000    13.5692     0.1840    98.2270 2.8233e-03 1.5624e+00    152.544    13.5102    38.5909    29.0707 0.0000e+00
    402.000    13.5701     0.1898    98.2333 4.2087e-03 1.9505e+00    152.389    13.5109    38.5913    29.0708 0.0000e+00
    403.000    13.5687     0.1923    98.2276 1.3695e-03 3.1807e+00    152.496    13.5094    38.5913    29.0712 0.0000e+00
    404.000    13.5652     0.1936    98.2248 1.8648e-03 2.8971e+00    152.736    13.5057    38.5907    29.0715 0.0000e+00
    405.000    13.5645     0.1925    98.2265 4.8074e-03 3.1844e+00    152.850    13.5049    38.5907    29.0717 0.0000e+00
    406.000    13.5632     0.1914    98.2251 3.1251e-03 2.7176e+00    152.941    13.5035    38.5903    29.0717 0.0000e+00
    407.000    13.5612     0.1942    98.2261 3.7299e-03 2.3234e+00    153.043    13.5013    38.5899    29.0718 0.0000e+00
    408.000    13.5524     0.1898    98.2290 4.0987e-03 2.2331e+00    152.924    13.4923    38.5882    29.0724 0.0000e+00
    409.000    13.5486     0.1919    98.2210 3.4167e-03 2.0975e+00    152.789    13.4885    38.5877    29.0728 0.0000e+00
    410.000    13.5471     0.1910    98.2286 3.0183e-03 1.9671e+00    152.788    13.4868    38.5876    29.0731 0.0000e+00
    411.000    13.5466     0.1874    98.2193 2.3145e-03 1.9867e+00    152.885    13.4861    38.5875    29.0732 0.0000e+00
    412.000    13.5461     0.1910    98.2162 2.5041e-03 2.9822e+00    152.980    13.4855    38.5873    29.0732 0.0000e+00
    413.000    13.5451     0.1952    98.2165 2.4153e-03 3.5442e+00    152.987    13.4843    38.5870    29.0732 0.0000e+00
    414.000    13.5428     0.1943    98.2200 4.0662e-03 1.7923e+00    152.644    13.4819    38.5868    29.0736 0.0000e+00
    415.000    13.5514     0.1898    98.2155 5.3359e-03 2.2147e+00    152.899    13.4903    38.5910    29.0750 0.0000e+00
    416.000    13.5431     0.1942    98.2184 4.9103e-03 1.1764e+00    153.184    13.4819    38.5888    29.0751 0.0000e+00
    417.000    13.5363     0.1973    98.2221 5.0403e-03 2.6688e+00    153.139    13.4749    38.5877    29.0757 0.0000e+00
    418.000    13.5346     0.1932    98.2222 4.1565e-03 2.0494e+00    152.948    13.4732    38.5876    29.0760 0.0000e+00
    419.000    13.5337     0.1934    98.2222 3.4198e-03 4.4860e+00    152.875    13.4721    38.5874    29.0761 0.0000e+00
    420.000    13.5348     0.1900    98.2219 2.5638e-03 2.7264e+00    152.667    13.4731    38.5878    29.0762 0.0000e+00
    421.000    13.5355     0.1935    98.2195 2.6450e-03 1.6894e+00    152.708    13.4736    38.5882    29.0764 0.0000e+00
    422.000    13.5354     0.1948    98.2280 2.7790e-03 3.1029e+00    152.623    13.4733    38.5882    29.0764 0.0000e+00
    423.000    13.5351     0.1951    98.2236 6.5424e-03 3.0025e+00    153.090    13.4729    38.5882    29.0765 0.0000e+00
    424.000    13.5349     0.1936    98.2145 5.0363e-03 2.3586e+00    153.605    13.4725    38.5880    29.0765 0.0000e+00
    425.000    13.5357     0.1928    98.2229 4.1745e-03 1.7893e+00    153.341    13.4731    38.5890    29.0771 0.0000e+00
    426.000    13.5264     0.1942    98.2233 2.5527e-03 2.0374e+00    153.498    13.4638    38.5874    29.0778 0.0000e+00
    427.000    13.5235     0.1920    98.2226 1.1306e-03 1.5360e+00    153.453    13.4607    38.5874    29.0785 0.0000e+00
    428.000    13.5224     0.1910    98.2239 4.9172e-03 2.6177e+00    153.180    13.4595    38.5874    29.0787 0.0000e+00
    429.000    13.5223     0.1879    98.2233 5.1858e-03 3.4418e+00    153.036    13.4592    38.5876    29.0790 0.0000e+00
    430.000    13.5215     0.1931    98.2250 6.2428e-03 3.3442e+00    153.548    13.4583    38.5878    29.0793 0.0000e+00
    431.000    13.5202     0.1980    98.2165 4.4424e-03 3.4576e+00    153.632    13.4568    38.5877    29.0796 0.0000e+00
    432.000    13.5151     0.1890    98.2194 2.8649e-03 3.3983e+00    153.435    13.4516    38.5868    29.0799 0.0000e+00
    433.000    13.5134     0.1889    98.2185 3.9761e-03 1.3987e+00    153.388    13.4498    38.5867    29.0803 0.0000e+00
    434.000    13.5142     0.1893    98.2252 5.0682e-03 2.2779e+00    153.615    13.4504    38.5876    29.0808 0.0000e+00
    435.000    13.5131     0.1946    98.2292 3.9298e-03 2.7239e+00    154.129    13.4492    38.5875    29.0810 0.0000e+00
    436.000    13.5069     0.1929    98.2208 5.6671e-03 1.8233e+00    154.128    13.4429    38.5863    29.0814 0.0000e+00
    437.000    13.5059     0.1920    98.2255 5.3541e-03 3.7051e+00    153.964    13.4417    38.5861    29.0816 0.0000e+00
    438.000    13.5129     0.1845    98.2214 4.4656e-03 3.8880e+00    154.269    13.4485    38.5893    29.0826 0.0000e+00
    439.000    13.5166     0.1877    98.2282 3.2468e-03 3.3237e+00    154.314    13.4521    38.5902    29.0825 0.0000e+00
    440.000    13.5171     0.1925    98.2255 5.0404e-03 2.8187e+00    153.853    13.4524    38.5902    29.0824 0.0000e+00
    441.000    13.5172     0.1924    98.2334 5.2254e-03 2.0051e+00    153.923    13.4524    38.5903    29.0825 0.0000e+00
    442.000    13.5174     0.1874    98.2339 4.7553e-03 3.5619e+00    153.699    13.4524    38.5904    29.0826 0.0000e+00
    443.000    13.5160     0.1938    98.2270 3.4393e-03 2.0328e+00    154.003    13.4508    38.5898    29.0825 0.0000e+00
    444.000    13.5143     0.2002    98.2159 4.1814e-03 3.7260e+00    153.837    13.4490    38.5894    29.0825 0.0000e+00
    445.000    13.5122     0.2040    98.2291 4.2851e-03 2.4915e+00    153.764    13.4468    38.5888    29.0825 0.0000e+00
    446.000    13.5050     0.2028    98.2245 4.9237e-03 2.1591e+00    153.729    13.4395    38.5868    29.0826 0.0000e+00
    447.000    13.4987     0.1930    98.2204 3.5802e-03 2.9860e+00    153.995    13.4330    38.5859    29.0832 0.0000e+00
    448.000    13.4996     0.1905    98.2261 4.8776e-03 2.3960e+00    153.833    13.4338    38.5867    29.0837 0.0000e+00
    449.000    13.5002     0.1876    98.2222 5.2862e-03 3.0868e+00    153.875    13.4342    38.5871    29.0839 0.0000e+00
    450.000    13.4992     0.1919    98.2185 5.6756e-03 4.1636e+00    154.160    13.4331    38.5867    29.0838 0.0000e+00
    451.000    13.4993     0.1977    98.2248 6.0109e-03 1.8655e+00    154.254    13.4330    38.5869    29.0840 0.0000e+00
    452.000    13.4997     0.1953    98.2274 5.8093e-03 3.1720e+00    154.132    13.4333    38.5870    29.0840 0.0000e+00
    453.000    13.4997     0.1972    98.2221 4.4441e-03 3.2513e+00    153.985    13.4331    38.5871    29.0841 0.0000e+00
    454.000    13.4995     0.1953    98.2256 4.7768e-03 1.3666e+00    154.196    13.4327    38.5871    29.0842 0.0000e+00
    455.000    13.4984     0.1925    98.2305 4.4276e-03 1.7736e+00    154.517    13.4315    38.5868    29.0842 0.0000e+00
    456.000    13.4966     0.1938    98.2324 2.3003e-03 3.0486e+00    154.539    13.4295    38.5865    29.0844 0.0000e+00
    457.000    13.4963     0.1920    98.2212 2.9605e-03 2.3765e+00    154.162    13.4291    38.5864    29.0845 0.0000e+00
    458.000    13.4952     0.1906    98.2171 5.3747e-03 2.2993e+00    153.845    13.4279    38.5861    29.0844 0.0000e+00
    459.000    13.4918     0.1929    98.2257 5.6664e-03 3.2615e+00    153.982    13.4244    38.5853    29.0846 0.0000e+00
    460.000    13.4891     0.2059    98.2275 5.2979e-03 2.2356e+00    154.025    13.4215    38.5848    29.0848 0.0000e+00
    461.000    13.4878     0.2029    98.2249 3.5325e-03 1.9495e+00    154.268    13.4201    38.5844    29.0848 0.0000e+00
    462.000    13.4839     0.1938    98.2212 2.7646e-03 1.1426e+00    154.824    13.4160    38.5838    29.0852 0.0000e+00
    463.000    13.4823     0.1905    98.2255 3.2629e-03 2.8755e+00    154.574    13.4143    38.5833    29.0852 0.0000e+00
    464.000    13.4808     0.1910    98.2323 4.6627e-03 1.8794e+00    154.530    13.4127    38.5830    29.0853 0.0000e+00
    465.000    13.4787     0.1878    98.2228 7.0733e-03 2.9972e+00    154.767    13.4104    38.5825    29.0853 0.0000e+00
    466.000    13.4768     0.1906    98.2145 5.7925e-03 2.7958e+00    154.739    13.4083    38.5820    29.0855 0.0000e+00
    467.000    13.4748     0.1897    98.2254 5.5031e-03 2.5053e+00    154.787    13.4062    38.5818    29.0858 0.0000e+00
    468.000    13.4735     0.1933    98.2271 6.2033e-03 3.1877e+00    154.455    13.4048    38.5816    29.0859 0.0000e+00
    469.000    13.4720     0.1959    98.2215 4.4601e-03 3.1264e+00    154.073    13.4031    38.5812    29.0859 0.0000e+00
    470.000    13.4708     0.1917    98.2188 4.8003e-03 2.4556e+00    154.442    13.4018    38.5810    29.0860 0.0000e+00
    471.000    13.4698     0.1936    98.2219 5.3543e-03 2.0114e+00    154.719    13.4006    38.5806    29.0860 0.0000e+00
    472.000    13.4681     0.1994    98.2202 5.6591e-03 2.1703e+00    154.561    13.3988    38.5803    29.0861 0.0000e+00
    473.000    13.4657     0.1971    98.2209 3.8763e-03 2.1674e+00    154.547    13.3963    38.5797    29.0862 0.0000e+00
    474.000    13.4627     0.1919    98.2193 5.2221e-03 2.3502e+00    154.538    13.3931    38.5792    29.0864 0.0000e+00
    475.000    13.4594     0.1910    98.2150 5.7226e-03 2.7083e+00    154.649    13.3896    38.5785    29.0866 0.0000e+00
    476.000    13.4581     0.1938    98.2145 6.7288e-03 2.5125e+00    154.544    13.3882    38.5782    29.0867 0.0000e+00
    477.000    13.4586     0.1931    98.2158 4.7943e-03 2.8305e+00    154.500    13.3886    38.5783    29.0867 0.0000e+00
    478.000    13.4574     0.1935    98.2134 4.9425e-03 2.1435e+00    154.779    13.3873    38.5781    29.0869 0.0000e+00
    479.000    13.4571     0.1940    98.2135 3.4517e-03 1.8662e+00    154.721    13.3868    38.5779    29.0868 0.0000e+00
    480.000    13.4555     0.1913    98.2135 1.1832e-03 2.4371e+00    154.776    13.3850    38.5776    29.0870 0.0000e+00
    481.000    13.4537     0.1926    98.2135 2.4651e-03 2.3127e+00    154.887    13.3831    38.5775    29.0872 0.0000e+00
    482.000    13.4530     0.1943    98.2135 3.7389e-03 1.7930e+00    154.859    13.3822    38.5773    29.0873 0.0000e+00
    483.000    13.4524     0.1869    98.2135 4.0456e-03 2.5822e+00    154.815    13.3815    38.5772    29.0874 0.0000e+00
    484.000    13.4513     0.1903    98.2135 2.5271e-03 3.2646e+00    154.846    13.3803    38.5770    29.0875 0.0000e+00
    485.000    13.4509     0.1868    98.2135 1.2037e-03 2.3719e+00    154.802    13.3797    38.5770    29.0876 0.0000e+00
    486.000    13.4499     0.1903    98.2135 2.3613e-03 1.6284e+00    155.470    13.3785    38.5768    29.0877 0.0000e+00
    487.000    13.4489     0.1911    98.2135 2.1137e-03 1.5552e+00    155.457    13.3774    38.5767    29.0878 0.0000e+00
    488.000    13.4489     0.1923    98.2135 2.0437e-03 2.5130e+00    155.412    13.3772    38.5768    29.0880 0.0000e+00
    489.000    13.4490     0.1954    98.2135 3.8151e-03 2.3647e+00    155.498    13.3773    38.5769    29.0881 0.0000e+00
    490.000    13.4491     0.1954    98.2135 3.1800e-03 1.7728e+00    155.323    13.3772    38.5770    29.0881 0.0000e+00
    491.000    13.4490     0.1920    98.2135 2.5016e-03 1.7689e+00    154.978    13.3769    38.5769    29.0882 0.0000e+00
    492.000    13.4491     0.1901    98.2135 3.0440e-03 3.1139e+00    155.224    13.3769    38.5770    29.0882 0.0000e+00
    493.000    13.4492     0.1944    98.2135 4.8079e-03 3.5289e+00    155.340    13.3768    38.5770    29.0882 0.0000e+00
    494.000    13.4463     0.1973    98.2135 2.7438e-03 3.9410e+00    155.555    13.3738    38.5765    29.0885 0.0000e+00
    495.000    13.4454     0.1991    98.2135 3.0798e-03 3.3417e+00    155.738    13.3728    38.5765    29.0887 0.0000e+00
    496.000    13.4442     0.1958    98.2135 1.7945e-03 2.7503e+00    155.755    13.3714    38.5762    29.0887 0.0000e+00
    497.000    13.4430     0.1958    98.2135 3.6589e-03 2.1332e+00    156.019    13.3700    38.5759    29.0888 0.0000e+00
    498.000    13.4423     0.1905    98.2135 1.9992e-03 1.9426e+00    155.959    13.3692    38.5758    29.0889 0.0000e+00
    499.000    13.4421     0.1918    98.2135 4.3646e-03 2.7226e+00    156.150    13.3689    38.5762    29.0893 0.0000e+00
    500.000    13.4416     0.1906    98.2135 3.1088e-03 2.9700e+00    155.901    13.3682    38.5758    29.0891 0.0000e+00
    501.000    13.4404     0.1898    98.2135 3.1180e-03 2.2623e+00    155.559    13.3669    38.5755    29.0892 0.0000e+00
