Data/ruptures/PEACETIME/FAST/PEACETIME_FAST_CTD_079.cnv
* Sea-Bird SBE 9 Data File:
* FileName = C:\CTD\rawCTD\PEACETIME_FAST_CTD_079.hdr
* Software Version Seasave V 7.23.2
* Temperature SN = 1378
* Conductivity SN = 2929
* Number of Bytes Per Scan = 38
* Number of Voltage Words = 5
* Number of Scans Averaged by the Deck Unit = 1
* NMEA Latitude = 37 56.80 N
* NMEA Longitude = 002 55.00 E
* NMEA UTC (Time) = Jun 06 2017  19:03:36
* NMEA baud rate = 4800
** Cruise:   PEACETIME
** Station:   CTD_FAST_079
# nquan = 11
# nvalues = 203                         
# units = specified
# name 0 = prDM: Pressure, Digiquartz [db]
# name 1 = t090C: Temperature [ITS-90, deg C]
# name 2 = flC: Fluorescence, Chelsea Aqua 3 Chl Con [ug/l]
# name 3 = CStarTr0: Beam Transmission, WET Labs C-Star [%]
# name 4 = par: PAR/Irradiance, Biospherical/Licor
# name 5 = spar: SPAR/Surface Irradiance
# name 6 = sbeox0Mm/Kg: Oxygen, SBE 43 [umol/kg]
# name 7 = potemp090C: Potential Temperature [ITS-90, deg C]
# name 8 = sal00: Salinity, Practical [PSU]
# name 9 = sigma-é00: Density [sigma-theta, kg/m^3]
# name 10 = flag:
# span 0 =      1.000,    203.000       
# span 1 =    13.6716,    21.8303       
# span 2 =     0.1750,     0.9943       
# span 3 =    92.7495,    98.1331       
# span 4 = -7.867e-08, 1.0514e+01       
# span 5 = 1.8184e+01, 4.3678e+01       
# span 6 =    178.005,    241.680       
# span 7 =    13.6436,    21.8301       
# span 8 =    37.0409,    38.3890       
# span 9 =    25.8383,    28.8841       
# span 10 = 0.0000e+00, 0.0000e+00      
# interval = decibars: 1                
# start_time = Jun 06 2017 19:04:55 [NMEA time, first data scan]
# bad_flag = -9.990e-29
*END*
      1.000    21.8303     0.2210    92.7495 1.0514e+01 4.3678e+01    209.153    21.8301    37.0712    25.8406 0.0000e+00
      2.000    21.8254     0.2132    94.8011 9.5393e+00 3.7356e+01    209.536    21.8250    37.0663    25.8383 0.0000e+00
      3.000    21.8205     0.2192    95.8367 8.3176e+00 3.5894e+01    209.689    21.8199    37.0702    25.8427 0.0000e+00
      4.000    21.8070     0.2145    96.1925 6.5388e+00 3.7109e+01    209.357    21.8062    37.0710    25.8471 0.0000e+00
      5.000    21.7330     0.2114    96.6786 6.3291e+00 3.6929e+01    210.073    21.7320    37.0712    25.8682 0.0000e+00
      6.000    21.7041     0.2074    96.6709 5.2144e+00 3.5948e+01    209.693    21.7029    37.0711    25.8762 0.0000e+00
      7.000    21.6920     0.2037    96.6765 5.1920e+00 3.3078e+01    210.209    21.6906    37.0705    25.8792 0.0000e+00
      8.000    21.6376     0.2068    96.6505 4.4267e+00 3.5069e+01    209.350    21.6360    37.0665    25.8915 0.0000e+00
      9.000    21.4406     0.2065    96.6022 4.3607e+00 3.5322e+01    210.302    21.4388    37.0727    25.9513 0.0000e+00
     10.000    21.4274     0.2022    96.6084 3.9580e+00 3.4883e+01    210.081    21.4254    37.0814    25.9617 0.0000e+00
     11.000    21.4092     0.2062    96.6156 3.7412e+00 3.3596e+01    209.753    21.4070    37.0874    25.9714 0.0000e+00
     12.000    21.3908     0.2041    96.6183 3.4738e+00 3.3785e+01    210.093    21.3885    37.0893    25.9780 0.0000e+00
     13.000    21.3367     0.2022    96.6787 3.3001e+00 3.3701e+01    208.575    21.3342    37.0793    25.9855 0.0000e+00
     14.000    20.6539     0.1995    96.6618 3.0541e+00 3.4404e+01    212.585    20.6513    37.0502    26.1510 0.0000e+00
     15.000    20.5175     0.1978    96.7337 2.9588e+00 3.3530e+01    214.713    20.5147    37.0637    26.1985 0.0000e+00
     16.000    20.4852     0.1999    96.7663 2.7394e+00 3.2798e+01    215.625    20.4822    37.0655    26.2086 0.0000e+00
     17.000    20.4583     0.1927    96.8052 2.6042e+00 3.3624e+01    215.612    20.4551    37.0670    26.2171 0.0000e+00
     18.000    20.4197     0.2019    96.7220 2.4617e+00 3.3497e+01    216.494    20.4163    37.0680    26.2284 0.0000e+00
     19.000    20.3924     0.1962    96.6430 2.3340e+00 3.3269e+01    216.921    20.3888    37.0689    26.2365 0.0000e+00
     20.000    20.3689     0.2062    96.6258 2.2139e+00 3.1964e+01    217.389    20.3651    37.0697    26.2435 0.0000e+00
     21.000    20.3090     0.2089    96.6240 2.0988e+00 2.9813e+01    217.280    20.3050    37.0671    26.2577 0.0000e+00
     22.000    20.1779     0.2056    96.6642 2.0144e+00 3.1909e+01    217.606    20.1737    37.0661    26.2922 0.0000e+00
     23.000    20.0889     0.2002    96.7068 1.9181e+00 3.0322e+01    218.730    20.0846    37.0691    26.3184 0.0000e+00
     24.000    20.0570     0.2004    96.7639 1.8103e+00 3.0797e+01    219.268    20.0525    37.0671    26.3254 0.0000e+00
     25.000    19.9798     0.1954    96.7823 1.7435e+00 3.3948e+01    219.506    19.9751    37.0654    26.3448 0.0000e+00
     26.000    19.8455     0.1996    96.7680 1.6699e+00 3.1738e+01    218.632    19.8406    37.0553    26.3728 0.0000e+00
     27.000    19.2363     0.1961    96.7341 1.5881e+00 3.1084e+01    222.598    19.2314    37.0409    26.5220 0.0000e+00
     28.000    18.7963     0.2038    96.6363 1.5270e+00 3.1200e+01    226.275    18.7913    37.0712    26.6589 0.0000e+00
     29.000    18.4976     0.2054    96.7429 1.4529e+00 3.2179e+01    229.166    18.4925    37.0788    26.7411 0.0000e+00
     30.000    18.3604     0.2049    96.7328 1.3903e+00 2.9921e+01    231.620    18.3551    37.0833    26.7794 0.0000e+00
     31.000    18.3821     0.2018    96.7408 1.3467e+00 3.0894e+01    230.863    18.3767    37.1569    26.8304 0.0000e+00
     32.000    18.2542     0.2024    96.7501 1.2710e+00 3.0127e+01    230.302    18.2486    37.1851    26.8844 0.0000e+00
     33.000    18.0350     0.1989    96.6911 1.2219e+00 3.1223e+01    230.893    18.0293    37.2301    26.9739 0.0000e+00
     34.000    17.8804     0.1949    96.6578 1.1763e+00 2.9963e+01    232.062    17.8746    37.2370    27.0179 0.0000e+00
     35.000    17.5974     0.2048    96.6008 1.1162e+00 3.1475e+01    232.102    17.5914    37.1835    27.0470 0.0000e+00
     36.000    17.3721     0.2088    96.6066 1.0721e+00 3.0426e+01    234.178    17.3660    37.1381    27.0676 0.0000e+00
     37.000    17.3063     0.2045    96.6035 1.0319e+00 2.9843e+01    235.014    17.3001    37.1688    27.1072 0.0000e+00
     38.000    17.2655     0.2070    96.6185 9.7472e-01 3.1576e+01    235.825    17.2591    37.2232    27.1590 0.0000e+00
     39.000    17.2669     0.2076    96.6059 9.2391e-01 3.1386e+01    236.865    17.2603    37.2325    27.1659 0.0000e+00
     40.000    17.2064     0.2114    96.6146 8.9328e-01 2.9571e+01    236.504    17.1996    37.2529    27.1963 0.0000e+00
     41.000    17.1754     0.2100    96.6140 8.4801e-01 3.1359e+01    235.386    17.1685    37.2672    27.2148 0.0000e+00
     42.000    16.9902     0.2103    96.5739 7.9734e-01 3.0779e+01    237.705    16.9832    37.2550    27.2504 0.0000e+00
     43.000    16.9473     0.2136    96.5372 7.6164e-01 3.0443e+01    237.256    16.9401    37.2568    27.2621 0.0000e+00
     44.000    16.8028     0.2100    96.5322 7.2610e-01 3.0466e+01    236.774    16.7955    37.2763    27.3120 0.0000e+00
     45.000    16.7312     0.2107    96.5714 6.8849e-01 2.9496e+01    233.633    16.7237    37.2976    27.3455 0.0000e+00
     46.000    16.2770     0.2137    96.6051 6.4736e-01 3.1419e+01    235.431    16.2695    37.2393    27.4083 0.0000e+00
     47.000    16.0442     0.2169    96.5214 6.1319e-01 3.1182e+01    238.102    16.0366    37.2397    27.4633 0.0000e+00
     48.000    15.9997     0.2158    96.5119 5.8031e-01 3.2131e+01    238.125    15.9920    37.2702    27.4971 0.0000e+00
     49.000    15.8226     0.2175    96.2903 5.4863e-01 3.0252e+01    238.738    15.8148    37.3233    27.5792 0.0000e+00
     50.000    15.7892     0.2222    96.4082 5.1058e-01 2.8708e+01    238.026    15.7812    37.3411    27.6006 0.0000e+00
     51.000    15.7145     0.2254    96.2854 4.7722e-01 2.9290e+01    239.538    15.7064    37.3441    27.6202 0.0000e+00
     52.000    15.6512     0.2358    95.9194 4.4873e-01 3.1156e+01    241.680    15.6430    37.3568    27.6446 0.0000e+00
     53.000    15.6404     0.2399    95.7273 4.2317e-01 3.2481e+01    239.197    15.6320    37.4001    27.6805 0.0000e+00
     54.000    15.6103     0.2398    96.1368 3.9293e-01 2.8170e+01    234.353    15.6018    37.4173    27.7007 0.0000e+00
     55.000    15.4663     0.2366    96.1991 3.6530e-01 2.8616e+01    233.549    15.4577    37.4165    27.7331 0.0000e+00
     56.000    15.4552     0.2450    96.0591 3.4248e-01 2.9321e+01    235.645    15.4464    37.4528    27.7636 0.0000e+00
     57.000    15.4751     0.2456    95.9124 3.1962e-01 3.0749e+01    234.505    15.4661    37.4825    27.7821 0.0000e+00
     58.000    15.3271     0.2503    95.9566 2.9194e-01 2.9762e+01    232.738    15.3181    37.4752    27.8101 0.0000e+00
     59.000    15.2731     0.2571    95.7689 2.7156e-01 3.0260e+01    231.866    15.2639    37.4932    27.8363 0.0000e+00
     60.000    15.2220     0.2764    95.6018 2.5195e-01 3.1623e+01    232.029    15.2127    37.5101    27.8610 0.0000e+00
     61.000    15.2269     0.2792    95.6420 2.3323e-01 3.0922e+01    231.846    15.2174    37.5406    27.8834 0.0000e+00
     62.000    15.1819     0.2835    95.5746 2.1507e-01 2.7734e+01    229.767    15.1723    37.5511    27.9017 0.0000e+00
     63.000    15.1339     0.2888    95.3879 1.9777e-01 2.7151e+01    228.065    15.1242    37.5609    27.9201 0.0000e+00
     64.000    15.0922     0.3027    95.2084 1.8152e-01 2.8797e+01    227.359    15.0823    37.5744    27.9400 0.0000e+00
     65.000    15.0780     0.3191    95.1718 1.6492e-01 2.9037e+01    226.839    15.0680    37.5824    27.9494 0.0000e+00
     66.000    15.0625     0.3234    94.9753 1.4819e-01 2.9526e+01    226.293    15.0523    37.5924    27.9607 0.0000e+00
     67.000    15.0282     0.3360    94.4727 1.3440e-01 2.8007e+01    224.757    15.0178    37.6157    27.9864 0.0000e+00
     68.000    14.9994     0.3886    93.6981 1.2224e-01 2.8465e+01    222.513    14.9890    37.6380    28.0101 0.0000e+00
     69.000    14.9761     0.4413    93.5862 1.0636e-01 2.8173e+01    220.246    14.9655    37.6593    28.0318 0.0000e+00
     70.000    14.9549     0.5163    93.5473 9.1518e-02 2.4868e+01    218.966    14.9441    37.6746    28.0485 0.0000e+00
     71.000    14.9346     0.5361    93.3605 7.8208e-02 2.7304e+01    216.954    14.9237    37.6863    28.0621 0.0000e+00
     72.000    14.9189     0.5216    93.5283 6.6049e-02 2.9462e+01    215.059    14.9078    37.6928    28.0706 0.0000e+00
     73.000    14.9055     0.5348    93.6409 5.3275e-02 2.6002e+01    214.422    14.8943    37.7009    28.0800 0.0000e+00
     74.000    14.8843     0.5605    93.5675 4.7303e-02 2.5693e+01    212.047    14.8729    37.7140    28.0948 0.0000e+00
     75.000    14.8396     0.5680    93.8355 3.7654e-02 2.8262e+01    206.989    14.8281    37.7348    28.1209 0.0000e+00
     76.000    14.8111     0.5407    94.5156 2.9048e-02 2.9104e+01    204.918    14.7995    37.7483    28.1377 0.0000e+00
     77.000    14.8035     0.4981    94.9592 2.2713e-02 2.8018e+01    205.099    14.7918    37.7557    28.1451 0.0000e+00
     78.000    14.7978     0.4924    95.1031 1.9537e-02 2.8833e+01    204.970    14.7858    37.7627    28.1519 0.0000e+00
     79.000    14.7810     0.4897    95.5318 1.5719e-02 2.4877e+01    205.388    14.7690    37.7781    28.1675 0.0000e+00
     80.000    14.7528     0.5972    95.8100 1.1938e-02 2.9449e+01    209.131    14.7405    37.8108    28.1991 0.0000e+00
     81.000    14.7258     0.4335    96.2399 7.4411e-03 2.7069e+01    213.707    14.7135    37.8298    28.2198 0.0000e+00
     82.000    14.7101     0.3452    96.3062 1.4843e-03 2.6864e+01    215.751    14.6976    37.8400    28.2313 0.0000e+00
     83.000    14.7130     0.3239    96.6221 1.2352e-03 2.5845e+01    216.069    14.7004    37.8511    28.2392 0.0000e+00
     84.000    14.7080     0.3096    96.5347 6.5698e-04 2.5388e+01    216.569    14.6952    37.8566    28.2446 0.0000e+00
     85.000    14.6944     0.3158    96.4612 1.0613e-03 2.6742e+01    214.600    14.6814    37.8635    28.2530 0.0000e+00
     86.000    14.6647     0.3138    96.5012 5.9695e-06 2.6864e+01    212.966    14.6516    37.8685    28.2634 0.0000e+00
     87.000    14.6401     0.3311    96.5350 -7.867e-08 2.6593e+01    212.006    14.6268    37.8773    28.2758 0.0000e+00
     88.000    14.6315     0.3301    96.6842 -9.990e-29 2.7917e+01    210.918    14.6182    37.8837    28.2827 0.0000e+00
     89.000    14.6346     0.3244    96.7673 -9.990e-29 2.6221e+01    211.728    14.6211    37.8913    28.2878 0.0000e+00
     90.000    14.6484     0.3315    96.5406 1.0000e-12 2.4685e+01    213.440    14.6347    37.9124    28.3011 0.0000e+00
     91.000    14.6387     0.3404    96.7081 1.0000e-12 2.4090e+01    212.732    14.6249    37.9278    28.3152 0.0000e+00
     92.000    14.6010     0.3132    97.0444 1.0000e-12 2.6660e+01    209.771    14.5870    37.9366    28.3304 0.0000e+00
     93.000    14.5715     0.2977    96.9985 1.0000e-12 2.7437e+01    209.099    14.5574    37.9439    28.3426 0.0000e+00
     94.000    14.5688     0.3051    96.9136 1.0000e-12 2.7063e+01    210.141    14.5545    37.9577    28.3539 0.0000e+00
     95.000    14.5419     0.3324    96.7151 1.0000e-12 2.6550e+01    208.841    14.5275    37.9674    28.3674 0.0000e+00
     96.000    14.5097     0.3073    96.8271 1.0000e-12 2.9039e+01    207.720    14.4952    37.9749    28.3803 0.0000e+00
     97.000    14.4881     0.6546    96.8813 1.0000e-12 2.5741e+01    207.209    14.4734    37.9797    28.3889 0.0000e+00
     98.000    14.4759     0.9943    96.7958 1.0000e-12 2.6798e+01    205.874    14.4610    37.9825    28.3938 0.0000e+00
     99.000    14.4554     0.4352    96.9667 1.0000e-12 2.5800e+01    205.018    14.4405    37.9873    28.4019 0.0000e+00
    100.000    14.4449     0.3251    97.0501 1.0000e-12 2.5599e+01    205.305    14.4298    37.9922    28.4081 0.0000e+00
    101.000    14.4398     0.3215    97.0995 1.0000e-12 2.9224e+01    205.461    14.4246    37.9943    28.4109 0.0000e+00
    102.000    14.4237     0.2950    97.1316 1.0000e-12 2.8263e+01    205.491    14.4083    38.0012    28.4198 0.0000e+00
    103.000    14.4030     0.2756    97.1327 1.0000e-12 2.3648e+01    206.046    14.3875    38.0087    28.4301 0.0000e+00
    104.000    14.3943     0.2786    97.2179 1.0000e-12 2.7410e+01    206.634    14.3787    38.0170    28.4386 0.0000e+00
    105.000    14.3938     0.2768    97.3140 1.0000e-12 2.9014e+01    206.578    14.3780    38.0236    28.4438 0.0000e+00
    106.000    14.3853     0.2705    97.3183 1.0000e-12 2.4460e+01    205.826    14.3693    38.0299    28.4505 0.0000e+00
    107.000    14.3751     0.2724    97.3980 1.0000e-12 2.5781e+01    205.223    14.3589    38.0356    28.4572 0.0000e+00
    108.000    14.3690     0.2765    97.4069 1.0000e-12 2.6602e+01    204.667    14.3527    38.0403    28.4622 0.0000e+00
    109.000    14.3574     0.2723    97.3466 1.0000e-12 2.0298e+01    203.828    14.3410    38.0499    28.4722 0.0000e+00
    110.000    14.3410     0.3497    97.2809 1.0000e-12 2.4311e+01    202.095    14.3244    38.0584    28.4825 0.0000e+00
    111.000    14.2952     0.3973    97.3504 1.0000e-12 2.4594e+01    200.157    14.2786    38.0740    28.5046 0.0000e+00
    112.000    14.2540     0.2903    97.4637 1.0000e-12 2.7975e+01    199.044    14.2372    38.0913    28.5270 0.0000e+00
    113.000    14.2315     0.2569    97.6021 1.0000e-12 2.6581e+01    198.714    14.2146    38.0978    28.5370 0.0000e+00
    114.000    14.2139     0.2479    97.6394 1.0000e-12 2.6999e+01    199.257    14.1968    38.1057    28.5470 0.0000e+00
    115.000    14.1931     0.2359    97.3905 1.0000e-12 2.2968e+01    199.468    14.1759    38.1113    28.5559 0.0000e+00
    116.000    14.1837     0.2313    97.6853 1.0000e-12 2.5466e+01    199.078    14.1664    38.1142    28.5601 0.0000e+00
    117.000    14.1825     0.2319    97.7105 1.0000e-12 2.4444e+01    199.471    14.1650    38.1153    28.5613 0.0000e+00
    118.000    14.1725     0.2293    97.7218 1.0000e-12 2.5106e+01    198.685    14.1548    38.1199    28.5671 0.0000e+00
    119.000    14.1420     0.2252    97.7361 1.0000e-12 2.4547e+01    197.067    14.1242    38.1298    28.5814 0.0000e+00
    120.000    14.1234     0.2312    97.7653 1.0000e-12 2.5439e+01    195.250    14.1055    38.1364    28.5906 0.0000e+00
    121.000    14.1092     0.2276    97.7789 1.0000e-12 2.6172e+01    195.470    14.0911    38.1405    28.5969 0.0000e+00
    122.000    14.0952     0.2246    97.7920 1.0000e-12 2.4080e+01    195.101    14.0771    38.1462    28.6044 0.0000e+00
    123.000    14.0864     0.2172    97.7860 1.0000e-12 2.3640e+01    194.511    14.0681    38.1510    28.6100 0.0000e+00
    124.000    14.0821     0.2234    97.7901 1.0000e-12 2.1995e+01    193.891    14.0636    38.1553    28.6144 0.0000e+00
    125.000    14.0778     0.2171    97.7842 1.0000e-12 2.1891e+01    193.570    14.0592    38.1585    28.6178 0.0000e+00
    126.000    14.0657     0.2152    97.7946 1.0000e-12 2.5939e+01    193.778    14.0470    38.1682    28.6279 0.0000e+00
    127.000    14.0464     0.2182    97.8173 1.0000e-12 2.5714e+01    193.890    14.0275    38.1735    28.6362 0.0000e+00
    128.000    14.0263     0.2143    97.8120 1.0000e-12 2.5071e+01    195.284    14.0073    38.1813    28.6467 0.0000e+00
    129.000    14.0142     0.2169    97.8133 1.0000e-12 2.4434e+01    195.836    13.9950    38.1867    28.6535 0.0000e+00
    130.000    14.0038     0.2111    97.8399 1.0000e-12 2.5288e+01    195.322    13.9845    38.1941    28.6615 0.0000e+00
    131.000    14.0057     0.2079    97.8464 1.0000e-12 2.2880e+01    194.554    13.9862    38.1991    28.6650 0.0000e+00
