Data/ruptures/PEACETIME/FAST/PEACETIME_FAST_CTD_062.cnv
* Sea-Bird SBE 9 Data File:
* FileName = C:\CTD\rawCTD\PEACETIME_FAST_CTD_062.hdr
* Software Version Seasave V 7.23.2
* Temperature SN = 1378
* Conductivity SN = 2929
* Number of Bytes Per Scan = 38
* Number of Voltage Words = 5
* Number of Scans Averaged by the Deck Unit = 1
* NMEA Latitude = 37 56.83 N
* NMEA Longitude = 002 54.92 E
* NMEA UTC (Time) = Jun 04 2017  04:42:07
* NMEA baud rate = 4800
** Cruise:   PEACETIME
** Station:   FAST_CTD_062
# nquan = 11
# nvalues = 2823                        
# units = specified
# name 0 = prDM: Pressure, Digiquartz [db]
# name 1 = t090C: Temperature [ITS-90, deg C]
# name 2 = flC: Fluorescence, Chelsea Aqua 3 Chl Con [ug/l]
# name 3 = CStarTr0: Beam Transmission, WET Labs C-Star [%]
# name 4 = par: PAR/Irradiance, Biospherical/Licor
# name 5 = spar: SPAR/Surface Irradiance
# name 6 = sbeox0Mm/Kg: Oxygen, SBE 43 [umol/kg]
# name 7 = potemp090C: Potential Temperature [ITS-90, deg C]
# name 8 = sal00: Salinity, Practical [PSU]
# name 9 = sigma-é00: Density [sigma-theta, kg/m^3]
# name 10 = flag:
# span 0 =      1.000,   2823.000       
# span 1 =    13.1174,    21.3104       
# span 2 =     0.1752,     0.6568       
# span 3 =    93.6205,    98.3905       
# span 4 = -3.721e-05, 1.2455e+01       
# span 5 = 3.3200e+01, 4.3772e+02       
# span 6 =    152.316,    240.193       
# span 7 =    12.9039,    21.3092       
# span 8 =    36.9870,    38.5924       
# span 9 =    25.9703,    29.1162       
# span 10 = 0.0000e+00, 0.0000e+00      
# interval = decibars: 1                
# start_time = Jun 04 2017 04:43:55 [NMEA time, first data scan]
# bad_flag = -9.990e-29
*END*
      1.000    21.2940     0.2247    96.8421 1.2455e+01 3.3200e+01    209.043    21.2938    37.0493    25.9739 0.0000e+00
      2.000    21.2998     0.2166    96.9470 1.1646e+01 3.6879e+01    209.950    21.2994    37.0500    25.9728 0.0000e+00
      3.000    21.3039     0.2158    96.9853 1.0903e+01 3.4529e+01    210.021    21.3033    37.0502    25.9718 0.0000e+00
      4.000    21.3091     0.2192    96.9916 9.5760e+00 3.5224e+01    210.258    21.3083    37.0501    25.9704 0.0000e+00
      5.000    21.3100     0.2188    96.9475 8.5869e+00 3.3832e+01    210.863    21.3091    37.0502    25.9703 0.0000e+00
      6.000    21.3104     0.2151    96.9680 7.8948e+00 3.5759e+01    210.733    21.3092    37.0502    25.9703 0.0000e+00
      7.000    21.3089     0.2095    97.0026 7.3780e+00 3.5165e+01    210.805    21.3075    37.0501    25.9706 0.0000e+00
      8.000    21.2940     0.2149    97.0045 6.9802e+00 3.5758e+01    210.551    21.2924    37.0497    25.9745 0.0000e+00
      9.000    21.1673     0.2143    97.0068 6.4741e+00 3.7506e+01    210.687    21.1656    37.0513    26.0109 0.0000e+00
     10.000    21.1089     0.2027    97.0139 6.1838e+00 3.5623e+01    211.591    21.1070    37.0533    26.0286 0.0000e+00
     11.000    21.0879     0.2084    97.0282 5.8601e+00 3.6000e+01    211.912    21.0858    37.0524    26.0337 0.0000e+00
     12.000    21.0369     0.2055    97.0377 5.5130e+00 3.6903e+01    211.396    21.0346    37.0481    26.0446 0.0000e+00
     13.000    20.8565     0.2020    96.9890 5.2971e+00 3.8113e+01    211.457    20.8540    37.0485    26.0944 0.0000e+00
     14.000    20.6893     0.2088    96.9113 5.0380e+00 3.8146e+01    212.285    20.6866    37.0499    26.1412 0.0000e+00
     15.000    20.4327     0.2141    96.8218 4.7888e+00 3.8790e+01    214.237    20.4298    37.0527    26.2131 0.0000e+00
     16.000    20.3469     0.2190    96.8446 4.5905e+00 4.1496e+01    215.784    20.3439    37.0586    26.2407 0.0000e+00
     17.000    20.3096     0.2162    96.9403 4.3587e+00 4.0921e+01    216.223    20.3064    37.0620    26.2534 0.0000e+00
     18.000    20.2487     0.2104    96.9503 4.1861e+00 3.7825e+01    216.888    20.2453    37.0661    26.2731 0.0000e+00
     19.000    20.1474     0.2075    96.9172 4.0055e+00 4.2952e+01    216.687    20.1438    37.0661    26.3003 0.0000e+00
     20.000    19.8277     0.2089    96.9438 3.8518e+00 3.7114e+01    216.872    19.8240    37.0607    26.3813 0.0000e+00
     21.000    19.1673     0.2134    96.8761 3.6834e+00 4.1000e+01    222.195    19.1635    37.0315    26.5324 0.0000e+00
     22.000    18.8872     0.2127    96.8934 3.5373e+00 4.0444e+01    225.487    18.8832    37.0264    26.6011 0.0000e+00
     23.000    18.6108     0.2085    96.9178 3.3967e+00 4.1435e+01    225.280    18.6067    37.0069    26.6569 0.0000e+00
     24.000    18.0968     0.2095    96.9246 3.2485e+00 3.8455e+01    229.426    18.0926    36.9870    26.7717 0.0000e+00
     25.000    17.8849     0.2105    96.9905 3.1211e+00 4.5407e+01    232.249    17.8806    37.0109    26.8430 0.0000e+00
     26.000    17.8384     0.2148    96.9936 2.9840e+00 4.1240e+01    233.937    17.8339    37.0160    26.8585 0.0000e+00
     27.000    17.8144     0.2124    97.0122 2.8574e+00 4.0250e+01    234.742    17.8098    37.0324    26.8771 0.0000e+00
     28.000    17.7868     0.2136    97.0060 2.7372e+00 4.4513e+01    234.932    17.7820    37.0445    26.8933 0.0000e+00
     29.000    17.7723     0.2096    97.0289 2.6259e+00 4.0084e+01    235.069    17.7673    37.0535    26.9038 0.0000e+00
     30.000    17.7828     0.2109    97.0270 2.5134e+00 4.1501e+01    234.827    17.7776    37.0770    26.9192 0.0000e+00
     31.000    17.7772     0.2092    97.0491 2.4234e+00 3.9181e+01    234.317    17.7718    37.1142    26.9492 0.0000e+00
     32.000    17.7787     0.2136    96.9907 2.3151e+00 4.4176e+01    233.411    17.7732    37.1411    26.9696 0.0000e+00
     33.000    17.6998     0.2164    97.0197 2.2436e+00 4.1940e+01    234.384    17.6942    37.1516    26.9972 0.0000e+00
     34.000    17.6156     0.2178    97.0005 2.1506e+00 4.2642e+01    234.146    17.6098    37.1668    27.0297 0.0000e+00
     35.000    17.4280     0.2119    96.9616 2.0746e+00 3.9868e+01    234.300    17.4221    37.1836    27.0887 0.0000e+00
     36.000    17.1668     0.2105    96.8984 2.0100e+00 3.8768e+01    235.856    17.1608    37.2068    27.1704 0.0000e+00
     37.000    16.8793     0.2143    96.8428 1.9298e+00 4.1110e+01    237.659    16.8731    37.2228    27.2521 0.0000e+00
     38.000    16.6990     0.2174    96.8358 1.8682e+00 4.1819e+01    239.453    16.6928    37.2628    27.3261 0.0000e+00
     39.000    16.6761     0.2179    96.8474 1.7908e+00 4.1538e+01    240.117    16.6697    37.2767    27.3424 0.0000e+00
     40.000    16.7077     0.2132    96.8614 1.7186e+00 4.4070e+01    240.193    16.7011    37.3124    27.3623 0.0000e+00
     41.000    16.7136     0.2117    96.9075 1.6411e+00 4.0178e+01    238.792    16.7068    37.3342    27.3777 0.0000e+00
     42.000    16.5813     0.2163    96.8499 1.5702e+00 4.2673e+01    239.877    16.5744    37.3151    27.3947 0.0000e+00
     43.000    16.5230     0.2211    96.8215 1.5029e+00 4.3938e+01    239.912    16.5160    37.3181    27.4108 0.0000e+00
     44.000    16.5365     0.2197    96.8663 1.4373e+00 4.1960e+01    240.042    16.5293    37.3573    27.4378 0.0000e+00
     45.000    16.5650     0.2174    96.8949 1.3831e+00 4.2137e+01    238.375    16.5576    37.3752    27.4449 0.0000e+00
     46.000    16.4222     0.2260    96.9334 1.3177e+00 4.0945e+01    236.419    16.4147    37.3926    27.4922 0.0000e+00
     47.000    16.2300     0.2213    96.9614 1.2617e+00 4.3587e+01    235.670    16.2224    37.4036    27.5459 0.0000e+00
     48.000    16.1215     0.2237    96.9831 1.2129e+00 4.2950e+01    236.624    16.1137    37.4083    27.5751 0.0000e+00
     49.000    16.0005     0.2225    97.0063 1.1579e+00 4.1457e+01    236.992    15.9927    37.4256    27.6167 0.0000e+00
     50.000    15.9400     0.2196    97.0600 1.1059e+00 4.4643e+01    236.136    15.9320    37.4492    27.6490 0.0000e+00
     51.000    15.8463     0.2169    97.0518 1.0585e+00 4.1875e+01    235.678    15.8382    37.4572    27.6769 0.0000e+00
     52.000    15.7760     0.2265    97.0132 1.0066e+00 4.1497e+01    236.008    15.7678    37.4684    27.7019 0.0000e+00
     53.000    15.7187     0.2229    97.0172 9.6198e-01 4.1986e+01    236.011    15.7103    37.4752    27.7204 0.0000e+00
     54.000    15.6962     0.2253    96.9770 9.1391e-01 4.2873e+01    236.410    15.6876    37.4848    27.7330 0.0000e+00
     55.000    15.7026     0.2231    97.0291 8.7070e-01 4.4109e+01    235.838    15.6938    37.4939    27.7386 0.0000e+00
     56.000    15.6349     0.2185    97.0540 8.2816e-01 4.4910e+01    235.522    15.6260    37.4931    27.7536 0.0000e+00
     57.000    15.5651     0.2223    97.0685 7.8855e-01 4.2189e+01    234.577    15.5561    37.5036    27.7777 0.0000e+00
     58.000    15.5246     0.2271    97.0809 7.5130e-01 4.5375e+01    233.727    15.5154    37.5393    27.8146 0.0000e+00
     59.000    15.5078     0.2292    97.0920 7.1368e-01 4.6037e+01    234.089    15.4985    37.5578    27.8327 0.0000e+00
     60.000    15.4824     0.2319    97.0706 6.7744e-01 4.0105e+01    233.931    15.4730    37.5693    27.8475 0.0000e+00
     61.000    15.4542     0.2317    97.0854 6.4194e-01 4.1815e+01    233.766    15.4446    37.5881    27.8684 0.0000e+00
     62.000    15.4373     0.2328    97.0578 6.1087e-01 4.4266e+01    233.434    15.4275    37.5996    27.8812 0.0000e+00
     63.000    15.4200     0.2368    97.0482 5.8187e-01 4.3275e+01    233.873    15.4101    37.5985    27.8843 0.0000e+00
     64.000    15.3765     0.2378    96.9770 5.5373e-01 4.4853e+01    233.161    15.3665    37.6032    27.8979 0.0000e+00
     65.000    15.3475     0.2429    96.9954 5.2234e-01 4.5152e+01    233.355    15.3373    37.6168    27.9150 0.0000e+00
     66.000    15.3358     0.2403    96.9518 4.9495e-01 4.4243e+01    232.956    15.3255    37.6314    27.9290 0.0000e+00
     67.000    15.2916     0.2399    96.9191 4.6617e-01 4.6564e+01    232.594    15.2812    37.6439    27.9487 0.0000e+00
     68.000    15.2537     0.2483    96.8119 4.4157e-01 4.5734e+01    232.594    15.2431    37.6425    27.9563 0.0000e+00
     69.000    15.2215     0.2667    96.7871 4.1933e-01 4.6077e+01    231.584    15.2108    37.6462    27.9664 0.0000e+00
     70.000    15.1630     0.2677    96.7133 3.9602e-01 4.5765e+01    230.280    15.1521    37.6502    27.9828 0.0000e+00
     71.000    15.1493     0.2737    96.6562 3.7396e-01 4.5341e+01    230.653    15.1383    37.6554    27.9899 0.0000e+00
     72.000    15.1042     0.2740    96.5009 3.5332e-01 4.5777e+01    228.945    15.0931    37.6685    28.0102 0.0000e+00
     73.000    15.0603     0.2971    96.1541 3.3236e-01 4.6342e+01    229.073    15.0490    37.6856    28.0333 0.0000e+00
     74.000    15.0327     0.3057    96.1874 3.1057e-01 4.6395e+01    227.872    15.0212    37.6970    28.0484 0.0000e+00
     75.000    14.9971     0.3271    95.3976 2.8425e-01 4.7383e+01    225.912    14.9855    37.7114    28.0676 0.0000e+00
     76.000    14.9115     0.4632    94.2236 2.6621e-01 4.3142e+01    215.268    14.8998    37.7172    28.0913 0.0000e+00
     77.000    14.8657     0.6388    93.6205 2.4155e-01 4.6711e+01    210.018    14.8539    37.7141    28.0991 0.0000e+00
     78.000    14.8485     0.6568    93.9072 2.1233e-01 4.6514e+01    208.091    14.8366    37.7238    28.1105 0.0000e+00
     79.000    14.8290     0.6151    94.6661 1.8803e-01 4.4823e+01    204.921    14.8169    37.7433    28.1300 0.0000e+00
     80.000    14.7970     0.5421    95.0773 1.6138e-01 4.4124e+01    202.252    14.7847    37.7636    28.1528 0.0000e+00
     81.000    14.7772     0.4932    95.4816 1.4329e-01 4.6780e+01    199.994    14.7648    37.7770    28.1676 0.0000e+00
     82.000    14.7486     0.4782    95.6106 1.2763e-01 4.7969e+01    199.401    14.7361    37.7939    28.1870 0.0000e+00
     83.000    14.7160     0.5616    95.8100 1.1225e-01 4.6311e+01    203.634    14.7034    37.8229    28.2168 0.0000e+00
     84.000    14.7421     0.4342    96.4366 1.0075e-01 4.5112e+01    214.127    14.7293    37.8577    28.2379 0.0000e+00
     85.000    14.7393     0.3271    96.9283 9.1642e-02 4.7024e+01    216.533    14.7263    37.8737    28.2509 0.0000e+00
     86.000    14.7286     0.3338    97.1196 8.5325e-02 4.7453e+01    217.375    14.7155    37.8803    28.2584 0.0000e+00
     87.000    14.7157     0.2985    97.1007 7.9011e-02 4.6977e+01    216.577    14.7024    37.8837    28.2639 0.0000e+00
     88.000    14.6887     0.2956    97.2410 7.3272e-02 4.8260e+01    214.310    14.6753    37.8896    28.2745 0.0000e+00
     89.000    14.6661     0.2943    97.2195 7.0170e-02 4.8930e+01    213.158    14.6526    37.8992    28.2870 0.0000e+00
     90.000    14.6477     0.2966    97.1054 6.6197e-02 5.1661e+01    211.736    14.6340    37.9067    28.2969 0.0000e+00
     91.000    14.6118     0.2955    97.0865 5.9860e-02 4.6582e+01    209.678    14.5979    37.9119    28.3089 0.0000e+00
     92.000    14.5908     0.3149    97.1156 5.5113e-02 4.6862e+01    208.540    14.5768    37.9163    28.3170 0.0000e+00
     93.000    14.5623     0.3171    97.1159 5.2089e-02 5.1762e+01    205.722    14.5482    37.9251    28.3301 0.0000e+00
     94.000    14.5371     0.3126    97.1812 4.5824e-02 5.0823e+01    204.610    14.5229    37.9413    28.3482 0.0000e+00
     95.000    14.5171     0.3040    97.3535 4.3058e-02 5.0253e+01    203.631    14.5027    37.9598    28.3670 0.0000e+00
     96.000    14.4919     0.2883    97.4092 3.7889e-02 5.2967e+01    199.774    14.4773    37.9740    28.3836 0.0000e+00
     97.000    14.4598     0.2884    97.4863 3.5729e-02 5.2291e+01    197.270    14.4451    37.9889    28.4021 0.0000e+00
     98.000    14.4424     0.2796    97.4870 3.3152e-02 5.2769e+01    199.355    14.4276    37.9998    28.4145 0.0000e+00
     99.000    14.3772     0.2708    97.5867 3.1692e-02 5.1844e+01    205.094    14.3622    38.0079    28.4351 0.0000e+00
    100.000    14.3304     0.2747    97.4995 3.0315e-02 5.4750e+01    208.303    14.3154    38.0099    28.4469 0.0000e+00
    101.000    14.3046     0.2775    97.5446 2.7833e-02 5.5490e+01    209.424    14.2894    38.0146    28.4562 0.0000e+00
    102.000    14.2967     0.2604    97.5846 2.8482e-02 5.4972e+01    209.932    14.2814    38.0190    28.4614 0.0000e+00
    103.000    14.2840     0.2505    97.6652 2.5942e-02 5.6451e+01    210.573    14.2686    38.0229    28.4673 0.0000e+00
    104.000    14.2763     0.2427    97.7160 2.3856e-02 5.5468e+01    210.563    14.2608    38.0271    28.4722 0.0000e+00
    105.000    14.2675     0.2496    97.7083 2.3093e-02 5.5822e+01    210.090    14.2517    38.0342    28.4797 0.0000e+00
    106.000    14.2800     0.2438    97.7271 2.0855e-02 5.9617e+01    202.403    14.2641    38.0571    28.4947 0.0000e+00
    107.000    14.2782     0.2389    97.7427 1.8626e-02 5.5975e+01    197.425    14.2622    38.0745    28.5085 0.0000e+00
    108.000    14.2528     0.2312    97.7492 1.9251e-02 5.5566e+01    197.034    14.2367    38.0863    28.5233 0.0000e+00
    109.000    14.2421     0.2329    97.7981 1.5932e-02 5.6126e+01    197.708    14.2258    38.0909    28.5292 0.0000e+00
    110.000    14.2342     0.2329    97.8198 1.6405e-02 5.4383e+01    198.135    14.2177    38.0934    28.5329 0.0000e+00
    111.000    14.2253     0.2334    97.8468 1.3647e-02 5.7627e+01    197.813    14.2087    38.0972    28.5378 0.0000e+00
    112.000    14.2117     0.2306    97.8505 1.3716e-02 5.7850e+01    196.512    14.1950    38.1053    28.5471 0.0000e+00
    113.000    14.2022     0.2322    97.8473 1.2873e-02 5.4672e+01    196.294    14.1853    38.1104    28.5531 0.0000e+00
    114.000    14.1874     0.2313    97.8493 1.3275e-02 5.5225e+01    197.620    14.1704    38.1145    28.5595 0.0000e+00
    115.000    14.1611     0.2269    97.9039 1.0178e-02 5.4577e+01    198.857    14.1440    38.1232    28.5720 0.0000e+00
    116.000    14.1418     0.2240    97.9216 1.0241e-02 5.7914e+01    199.327    14.1245    38.1290    28.5808 0.0000e+00
    117.000    14.1281     0.2204    97.9341 1.0559e-02 5.5852e+01    198.154    14.1107    38.1356    28.5889 0.0000e+00
    118.000    14.1165     0.2197    97.9531 1.0067e-02 5.5784e+01    197.648    14.0990    38.1417    28.5962 0.0000e+00
    119.000    14.0890     0.2180    97.9730 8.3382e-03 5.6700e+01    198.473    14.0713    38.1431    28.6032 0.0000e+00
    120.000    14.0722     0.2185    97.9887 8.7487e-03 5.7661e+01    199.369    14.0544    38.1453    28.6086 0.0000e+00
    121.000    14.0644     0.2150    98.0113 6.7688e-03 5.6612e+01    199.418    14.0464    38.1460    28.6109 0.0000e+00
    122.000    14.0534     0.2083    98.0147 7.0865e-03 5.8052e+01    199.464    14.0353    38.1490    28.6156 0.0000e+00
    123.000    14.0425     0.2074    98.0285 5.4904e-03 5.6589e+01    199.883    14.0243    38.1544    28.6221 0.0000e+00
    124.000    14.0284     0.2093    98.0076 6.0829e-03 5.8490e+01    200.202    14.0100    38.1574    28.6275 0.0000e+00
    125.000    14.0238     0.2068    98.0577 7.7126e-03 6.1157e+01    200.059    14.0053    38.1596    28.6303 0.0000e+00
    126.000    14.0099     0.2067    98.0669 6.8785e-03 5.5062e+01    199.533    13.9912    38.1653    28.6378 0.0000e+00
    127.000    13.9976     0.2025    98.0818 6.9879e-03 5.3637e+01    199.705    13.9787    38.1713    28.6451 0.0000e+00
    128.000    13.9832     0.2063    98.0925 6.7470e-03 5.7560e+01    199.790    13.9642    38.1798    28.6548 0.0000e+00
    129.000    13.9722     0.2059    98.0995 5.0748e-03 5.6670e+01    199.174    13.9531    38.1852    28.6614 0.0000e+00
    130.000    13.9640     0.2047    98.1134 2.8365e-03 5.9069e+01    198.559    13.9448    38.1890    28.6661 0.0000e+00
    131.000    13.9561     0.2070    98.1133 2.9550e-03 5.8019e+01    198.028    13.9367    38.1933    28.6712 0.0000e+00
