Data/ruptures/DY032/PAP/d20150624_DY032_CTD01.cnv
* Sea-Bird SBE 9 Data File:
* FileName = C:\CTD\DY032\20150624_DY032_CTD01.hdr
* Software Version Seasave V 7.23.2
* Temperature SN = 2112
* Conductivity SN = 3159
* Number of Bytes Per Scan = 35
* Number of Voltage Words = 4
* Number of Scans Averaged by the Deck Unit = 1
* NMEA Latitude = 49 01.67 N
* NMEA Longitude = 016 24.88 W
* NMEA UTC (Time) = Jun 24 2015 00:31:13
** Ship:
** Station:
** Operator:
# nquan = 28
# nvalues = 1005                        
# units = specified
# name 0 = prDM: Pressure, Digiquartz [db]
# name 1 = t090C: Temperature [ITS-90, deg C]
# name 2 = c0S/m: Conductivity [S/m]
# name 3 = sbeox0V: Oxygen raw, SBE 43 [V]
# name 4 = flC: Fluorescence, Chelsea Aqua 3 Chl Con [ug/l]
# name 5 = timeJ: Julian Days
# name 6 = latitude: Latitude [deg]
# name 7 = longitude: Longitude [deg]
# name 8 = par: PAR/Irradiance, Biospherical/Licor
# name 9 = sal00: Salinity, Practical [PSU]
# name 10 = potemp090C: Potential Temperature [ITS-90, deg C]
# name 11 = CStarTr0: Beam Transmission, WET Labs C-Star [%]
# name 12 = depSM: Depth [salt water, m]
# name 13 = timeQ: Time, NMEA [seconds]
# name 14 = v0: Voltage 0
# name 15 = v1: Voltage 1
# name 16 = v2: Voltage 2
# name 17 = v3: Voltage 3
# name 18 = v4: Voltage 4
# name 19 = v5: Voltage 5
# name 20 = v6: Voltage 6
# name 21 = v7: Voltage 7
# name 22 = potemp090C: Potential Temperature [ITS-90, deg C]
# name 23 = sal00: Salinity, Practical [PSU]
# name 24 = sigma-é00: Density [sigma-theta, kg/m^3]
# name 25 = sbeox0ML/L: Oxygen, SBE 43 [ml/l], WS = 2
# name 26 = sbeox0Mm/Kg: Oxygen, SBE 43 [umol/kg], WS = 2
# name 27 = flag: flag
# span 0 =      1.000,   1005.000       
# span 1 =     7.5902,    15.3783       
# span 2 =   3.637353,   4.388068       
# span 3 =     1.6891,     2.6879       
# span 4 =     0.0109,     1.7392       
# span 5 = 175.027180, 175.044962       
# span 6 =   49.02764,   49.02784       
# span 7 =  -16.41726,  -16.41466       
# span 8 = 1.0000e-12, 1.0000e-12       
# span 9 =    35.1150,    35.5445       
# span 10 =     7.4874,    15.3772      
# span 11 =    84.8509,    99.9704      
# span 12 =      0.981,    994.073      
# span 13 =  488421548,  488423084      
# span 14 =     0.6033,     2.4684      
# span 15 =     1.6893,     2.6877      
# span 16 =     4.0082,     4.7224      
# span 17 =     0.0000,     0.0000      
# span 18 =     0.0160,     0.2434      
# span 19 =     0.0000,     0.0000      
# span 20 =     0.0000,     0.0000      
# span 21 =     0.0000,     0.0000      
# span 22 =     7.4874,    15.3772      
# span 23 =    35.1114,    35.5449      
# span 24 =    26.2984,    27.5097      
# span 25 =    4.25578,    6.18732      
# span 26 =    185.174,    269.032      
# span 27 = 0.0000e+00, 0.0000e+00      
# interval = decibars: 1                
# start_time = Jun 24 2015 00:38:02 [NMEA time, first data scan]
# bad_flag = -9.990e-29
*END*
[from data line 208]
    209.000    11.3665   4.000574     2.2713     0.0244 175.033087   49.02780  -16.41510 1.0000e-12    35.5156    11.3401    99.7135    207.123  488422058     0.7974     2.2719     4.7103     0.0000     0.0474     0.0000     0.0000     0.0000    11.3401    35.5162    27.1150    5.48336    238.475 0.0000e+00
    210.000    11.3766   4.001942     2.2717     0.0226 175.033117   49.02780  -16.41510 1.0000e-12    35.5190    11.3500    99.6533    208.110  488422061     0.7762     2.2711     4.7074     0.0000     0.0468     0.0000     0.0000     0.0000    11.3500    35.5196    27.1159    5.48451    238.524 0.0000e+00
    211.000    11.3939   4.004210     2.2713     0.0240 175.033138   49.02780  -16.41510 1.0000e-12    35.5241    11.3671    99.7219    209.100  488422063     0.7931     2.2712     4.7107     0.0000     0.0476     0.0000     0.0000     0.0000    11.3671    35.5250    27.1169    5.48006    238.329 0.0000e+00
    212.000    11.3906   4.003935     2.2713     0.0266 175.033152   49.02780  -16.41510 1.0000e-12    35.5243    11.3637    99.7062    210.093  488422064     0.8223     2.2716     4.7099     0.0000     0.0489     0.0000     0.0000     0.0000    11.3637    35.5250    27.1175    5.48444    238.520 0.0000e+00
    213.000    11.3878   4.003883     2.2729     0.0285 175.033168   49.02780  -16.41512 1.0000e-12    35.5263    11.3608    99.6958    211.088  488422065     0.8427     2.2711     4.7094     0.0000     0.0515     0.0000     0.0000     0.0000    11.3608    35.5268    27.1194    5.49446    238.955 0.0000e+00
    214.000    11.3861   4.003659     2.2737     0.0311 175.033191   49.02780  -16.41512 1.0000e-12    35.5254    11.3589    99.6170    212.076  488422067     0.8689     2.2721     4.7057     0.0000     0.0427     0.0000     0.0000     0.0000    11.3589    35.5257    27.1190    5.49132    238.819 0.0000e+00
    215.000    11.3865   4.003734     2.2727     0.0267 175.033221   49.02780  -16.41512 1.0000e-12    35.5254    11.3592    99.6993    213.065  488422070     0.8231     2.2735     4.7096     0.0000     0.0457     0.0000     0.0000     0.0000    11.3592    35.5256    27.1188    5.48721    238.640 0.0000e+00
    216.000    11.3843   4.003669     2.2724     0.0265 175.033251   49.02780  -16.41514 1.0000e-12    35.5266    11.3569    99.6886    214.053  488422073     0.8215     2.2723     4.7091     0.0000     0.0451     0.0000     0.0000     0.0000    11.3568    35.5267    27.1201    5.48956    238.742 0.0000e+00
    217.000    11.3832   4.003606     2.2733     0.0253 175.033274   49.02780  -16.41514 1.0000e-12    35.5266    11.3557    99.6736    215.045  488422075     0.8080     2.2722     4.7084     0.0000     0.0521     0.0000     0.0000     0.0000    11.3557    35.5266    27.1203    5.49654    239.046 0.0000e+00
    218.000    11.3811   4.003397     2.2739     0.0218 175.033296   49.02780  -16.41514 1.0000e-12    35.5261    11.3535    99.7111    216.038  488422077     0.7653     2.2727     4.7102     0.0000     0.0476     0.0000     0.0000     0.0000    11.3535    35.5261    27.1203    5.49564    239.007 0.0000e+00
    219.000    11.3805   4.003372     2.2737     0.0209 175.033323   49.02780  -16.41514 1.0000e-12    35.5260    11.3527    99.7025    217.025  488422079     0.7541     2.2736     4.7098     0.0000     0.0480     0.0000     0.0000     0.0000    11.3528    35.5260    27.1203    5.49364    238.920 0.0000e+00
    220.000    11.3705   4.002228     2.2725     0.0266 175.033344   49.02780  -16.41514 1.0000e-12    35.5242    11.3425    99.6995    218.015  488422081     0.8223     2.2735     4.7096     0.0000     0.0492     0.0000     0.0000     0.0000    11.3426    35.5239    27.1206    5.49166    238.834 0.0000e+00
    221.000    11.3606   4.001130     2.2719     0.0262 175.033362   49.02780  -16.41515 1.0000e-12    35.5225    11.3326    99.7147    219.009  488422082     0.8178     2.2729     4.7103     0.0000     0.0537     0.0000     0.0000     0.0000    11.3325    35.5221    27.1210    5.49336    238.909 0.0000e+00
    222.000    11.3601   4.001139     2.2722     0.0222 175.033388   49.02780  -16.41516 1.0000e-12    35.5225    11.3320    99.7049    220.000  488422084     0.7706     2.2720     4.7099     0.0000     0.0510     0.0000     0.0000     0.0000    11.3320    35.5221    27.1212    5.49468    238.966 0.0000e+00
    223.000    11.3586   4.000950     2.2698     0.0247 175.033420   49.02780  -16.41516 1.0000e-12    35.5217    11.3303    99.7211    220.984  488422087     0.8007     2.2722     4.7106     0.0000     0.0541     0.0000     0.0000     0.0000    11.3303    35.5213    27.1208    5.48209    238.419 0.0000e+00
    224.000    11.3090   3.995283     2.2689     0.0282 175.033437   49.02780  -16.41516 1.0000e-12    35.5136    11.2807    99.7191    221.978  488422089     0.8393     2.2710     4.7105     0.0000     0.0452     0.0000     0.0000     0.0000    11.2807    35.5122    27.1230    5.49320    238.905 0.0000e+00
    225.000    11.3058   3.995102     2.2689     0.0301 175.033455   49.02780  -16.41516 1.0000e-12    35.5144    11.2774    99.6988    222.971  488422090     0.8589     2.2689     4.7096     0.0000     0.0458     0.0000     0.0000     0.0000    11.2774    35.5131    27.1242    5.49482    238.975 0.0000e+00
    226.000    11.3105   3.995877     2.2696     0.0277 175.033476   49.02780  -16.41516 1.0000e-12    35.5167    11.2819    99.7071    223.960  488422092     0.8345     2.2686     4.7100     0.0000     0.0491     0.0000     0.0000     0.0000    11.2819    35.5158    27.1256    5.49974    239.189 0.0000e+00
    227.000    11.3228   3.997483     2.2699     0.0254 175.033497   49.02780  -16.41518 1.0000e-12    35.5198    11.2941    99.7003    224.950  488422094     0.8091     2.2688     4.7097     0.0000     0.0496     0.0000     0.0000     0.0000    11.2941    35.5195    27.1261    5.49697    239.067 0.0000e+00
    228.000    11.3256   3.997933     2.2706     0.0249 175.033517   49.02780  -16.41518 1.0000e-12    35.5210    11.2967    99.7010    225.943  488422096     0.8031     2.2696     4.7097     0.0000     0.0516     0.0000     0.0000     0.0000    11.2967    35.5208    27.1267    5.50267    239.315 0.0000e+00
    229.000    11.3239   3.997800     2.2710     0.0290 175.033543   49.02780  -16.41518 1.0000e-12    35.5209    11.2949    99.7203    226.928  488422098     0.8476     2.2702     4.7106     0.0000     0.0457     0.0000     0.0000     0.0000    11.2949    35.5207    27.1269    5.49891    239.151 0.0000e+00
    230.000    11.3305   3.998701     2.2697     0.0256 175.033565   49.02780  -16.41518 1.0000e-12    35.5229    11.3014    99.6730    227.920  488422100     0.8112     2.2710     4.7084     0.0000     0.0437     0.0000     0.0000     0.0000    11.3013    35.5229    27.1274    5.49371    238.925 0.0000e+00
    231.000    11.3245   3.998156     2.2690     0.0240 175.033579   49.02780  -16.41520 1.0000e-12    35.5229    11.2952    99.7262    228.912  488422101     0.7928     2.2703     4.7109     0.0000     0.0431     0.0000     0.0000     0.0000    11.2952    35.5228    27.1285    5.49472    238.969 0.0000e+00
    232.000    11.3177   3.997411     2.2689     0.0230 175.033594   49.02780  -16.41520 1.0000e-12    35.5218    11.2883    99.7234    229.907  488422102     0.7810     2.2694     4.7107     0.0000     0.0405     0.0000     0.0000     0.0000    11.2883    35.5215    27.1288    5.49898    239.155 0.0000e+00
    233.000    11.3169   3.997351     2.2697     0.0229 175.033621   49.02780  -16.41520 1.0000e-12    35.5214    11.2874    99.7199    230.894  488422105     0.7800     2.2688     4.7106     0.0000     0.0419     0.0000     0.0000     0.0000    11.2874    35.5212    27.1287    5.50063    239.226 0.0000e+00
    234.000    11.3139   3.997016     2.2687     0.0245 175.033650   49.02780  -16.41520 1.0000e-12    35.5205    11.2843    99.6331    231.879  488422107     0.7981     2.2697     4.7065     0.0000     0.0475     0.0000     0.0000     0.0000    11.2843    35.5203    27.1286    5.49824    239.123 0.0000e+00
    235.000    11.3052   3.996116     2.2687     0.0245 175.033667   49.02780  -16.41520 1.0000e-12    35.5197    11.2755    99.7479    232.872  488422109     0.7984     2.2687     4.7119     0.0000     0.0345     0.0000     0.0000     0.0000    11.2755    35.5193    27.1295    5.49817    239.120 0.0000e+00
    236.000    11.3091   3.996688     2.2678     0.0227 175.033683   49.02780  -16.41520 1.0000e-12    35.5210    11.2793    99.7294    233.866  488422110     0.7781     2.2685     4.7110     0.0000     0.0409     0.0000     0.0000     0.0000    11.2792    35.5208    27.1299    5.49606    239.028 0.0000e+00
    237.000    11.3040   3.996172     2.2670     0.0241 175.033704   49.02780  -16.41521 1.0000e-12    35.5204    11.2741    99.6922    234.857  488422112     0.7948     2.2679     4.7093     0.0000     0.0398     0.0000     0.0000     0.0000    11.2741    35.5201    27.1303    5.49406    238.941 0.0000e+00
    238.000    11.3026   3.996086     2.2666     0.0235 175.033727   49.02780  -16.41522 1.0000e-12    35.5205    11.2725    99.7162    235.843  488422114     0.7875     2.2669     4.7104     0.0000     0.0430     0.0000     0.0000     0.0000    11.2725    35.5202    27.1307    5.49649    239.047 0.0000e+00
    239.000    11.3014   3.996094     2.2665     0.0268 175.033747   49.02780  -16.41522 1.0000e-12    35.5212    11.2712    99.7281    236.832  488422116     0.8240     2.2662     4.7109     0.0000     0.0373     0.0000     0.0000     0.0000    11.2712    35.5209    27.1315    5.49682    239.061 0.0000e+00
    240.000    11.2999   3.995986     2.2665     0.0237 175.033763   49.02780  -16.41522 1.0000e-12    35.5211    11.2695    99.7262    237.827  488422117     0.7893     2.2662     4.7109     0.0000     0.0445     0.0000     0.0000     0.0000    11.2695    35.5209    27.1318    5.49967    239.185 0.0000e+00
    241.000    11.2993   3.995972     2.2674     0.0232 175.033780   49.02780  -16.41522 1.0000e-12    35.5211    11.2688    99.7183    238.818  488422118     0.7831     2.2662     4.7105     0.0000     0.0457     0.0000     0.0000     0.0000    11.2688    35.5209    27.1319    5.50416    239.380 0.0000e+00
    242.000    11.3001   3.996105     2.2671     0.0227 175.033803   49.02780  -16.41522 1.0000e-12    35.5211    11.2695    99.7196    239.807  488422120     0.7774     2.2668     4.7106     0.0000     0.0464     0.0000     0.0000     0.0000    11.2695    35.5209    27.1318    5.49816    239.119 0.0000e+00
    243.000    11.3024   3.996529     2.2664     0.0229 175.033825   49.02780  -16.41522 1.0000e-12    35.5225    11.2717    99.7075    240.792  488422122     0.7799     2.2673     4.7100     0.0000     0.0419     0.0000     0.0000     0.0000    11.2717    35.5225    27.1326    5.49732    239.082 0.0000e+00
    244.000    11.3051   3.996972     2.2654     0.0256 175.033840   49.02780  -16.41524 1.0000e-12    35.5239    11.2742    99.7156    241.788  488422123     0.8111     2.2663     4.7104     0.0000     0.0440     0.0000     0.0000     0.0000    11.2742    35.5239    27.1332    5.49462    238.964 0.0000e+00
    245.000    11.3044   3.997028     2.2661     0.0310 175.033858   49.02780  -16.41524 1.0000e-12    35.5246    11.2734    99.7169    242.781  488422125     0.8681     2.2658     4.7104     0.0000     0.0446     0.0000     0.0000     0.0000    11.2734    35.5246    27.1340    5.50198    239.285 0.0000e+00
    246.000    11.3048   3.997074     2.2665     0.0238 175.033887   49.02780  -16.41524 1.0000e-12    35.5243    11.2737    99.6917    243.761  488422128     0.7901     2.2657     4.7093     0.0000     0.0537     0.0000     0.0000     0.0000    11.2736    35.5243    27.1337    5.50049    239.220 0.0000e+00
    247.000    11.3005   3.996764     2.2665     0.0220 175.033903   49.02780  -16.41524 1.0000e-12    35.5250    11.2693    99.6744    244.754  488422129     0.7681     2.2663     4.7084     0.0000     0.0467     0.0000     0.0000     0.0000    11.2693    35.5249    27.1349    5.50347    239.349 0.0000e+00
    248.000    11.2933   3.996151     2.2669     0.0250 175.033915   49.02780  -16.41524 1.0000e-12    35.5255    11.2620    99.7180    245.752  488422130     0.8043     2.2661     4.7105     0.0000     0.0375     0.0000     0.0000     0.0000    11.2619    35.5253    27.1366    5.51085    239.671 0.0000e+00
    249.000    11.2937   3.996259     2.2686     0.0244 175.033931   49.02780  -16.41524 1.0000e-12    35.5257    11.2623    99.6963    246.744  488422131     0.7971     2.2662     4.7095     0.0000     0.0471     0.0000     0.0000     0.0000    11.2622    35.5255    27.1367    5.51514    239.857 0.0000e+00
    250.000    11.2950   3.996415     2.2690     0.0223 175.033959   49.02780  -16.41525 1.0000e-12    35.5255    11.2633    99.7176    247.725  488422134     0.7731     2.2682     4.7105     0.0000     0.0463     0.0000     0.0000     0.0000    11.2633    35.5254    27.1365    5.51213    239.726 0.0000e+00
    251.000    11.2926   3.996244     2.2680     0.0219 175.033976   49.02779  -16.41526 1.0000e-12    35.5257    11.2608    99.7207    248.717  488422135     0.7683     2.2686     4.7106     0.0000     0.0564     0.0000     0.0000     0.0000    11.2608    35.5255    27.1370    5.50721    239.512 0.0000e+00
    252.000    11.2872   3.995747     2.2677     0.0215 175.033991   49.02778  -16.41526 1.0000e-12    35.5256    11.2553    99.7206    249.708  488422137     0.7629     2.2686     4.7106     0.0000     0.0491     0.0000     0.0000     0.0000    11.2553    35.5254    27.1379    5.51417    239.815 0.0000e+00
    253.000    11.2861   3.995697     2.2689     0.0203 175.034005   49.02778  -16.41526 1.0000e-12    35.5257    11.2541    99.7173    250.698  488422138     0.7476     2.2677     4.7104     0.0000     0.0477     0.0000     0.0000     0.0000    11.2541    35.5255    27.1382    5.51916    240.032 0.0000e+00
    254.000    11.2829   3.995392     2.2689     0.0227 175.034021   49.02778  -16.41526 1.0000e-12    35.5253    11.2508    99.7173    251.694  488422139     0.7774     2.2676     4.7104     0.0000     0.0432     0.0000     0.0000     0.0000    11.2508    35.5251    27.1385    5.51728    239.950 0.0000e+00
    255.000    11.2825   3.995384     2.2686     0.0204 175.034042   49.02779  -16.41526 1.0000e-12    35.5251    11.2503    99.7226    252.679  488422141     0.7488     2.2686     4.7107     0.0000     0.0504     0.0000     0.0000     0.0000    11.2503    35.5249    27.1385    5.51390    239.803 0.0000e+00
    256.000    11.2755   3.994621     2.2675     0.0218 175.034059   49.02780  -16.41526 1.0000e-12    35.5240    11.2431    99.7088    253.670  488422142     0.7659     2.2685     4.7101     0.0000     0.0430     0.0000     0.0000     0.0000    11.2431    35.5237    27.1388    5.51147    239.698 0.0000e+00
    257.000    11.2715   3.994216     2.2672     0.0216 175.034075   49.02780  -16.41527 1.0000e-12    35.5234    11.2390    99.7021    254.664  488422144     0.7632     2.2679     4.7097     0.0000     0.0426     0.0000     0.0000     0.0000    11.2390    35.5230    27.1391    5.51765    239.967 0.0000e+00
    258.000    11.2684   3.993919     2.2673     0.0260 175.034095   49.02778  -16.41528 1.0000e-12    35.5230    11.2358    99.6987    255.651  488422146     0.8160     2.2668     4.7096     0.0000     0.0367     0.0000     0.0000     0.0000    11.2358    35.5226    27.1393    5.51387    239.803 0.0000e+00
