Data/ruptures/DY032/PAP/d20150702_DY032_CTD15.cnv
* Sea-Bird SBE 9 Data File:
* FileName = C:\CTD\DY032\20150629_DY032_CTD15.hdr
* Software Version Seasave V 7.23.2
* Temperature SN = 2112
* Conductivity SN = 3159
* Number of Bytes Per Scan = 35
* Number of Voltage Words = 4
* Number of Scans Averaged by the Deck Unit = 1
* NMEA Latitude = 48 40.93 N
* NMEA Longitude = 017 03.56 W
* NMEA UTC (Time) = Jul 02 2015 20:29:41
** Ship:
** Station:
** Operator:
# nquan = 28
# nvalues = 1008                        
# units = specified
# name 0 = prDM: Pressure, Digiquartz [db]
# name 1 = t090C: Temperature [ITS-90, deg C]
# name 2 = c0S/m: Conductivity [S/m]
# name 3 = sbeox0V: Oxygen raw, SBE 43 [V]
# name 4 = flC: Fluorescence, Chelsea Aqua 3 Chl Con [ug/l]
# name 5 = timeJ: Julian Days
# name 6 = latitude: Latitude [deg]
# name 7 = longitude: Longitude [deg]
# name 8 = par: PAR/Irradiance, Biospherical/Licor
# name 9 = sal00: Salinity, Practical [PSU]
# name 10 = potemp090C: Potential Temperature [ITS-90, deg C]
# name 11 = CStarTr0: Beam Transmission, WET Labs C-Star [%]
# name 12 = depSM: Depth [salt water, m]
# name 13 = timeQ: Time, NMEA [seconds]
# name 14 = v0: Voltage 0
# name 15 = v1: Voltage 1
# name 16 = v2: Voltage 2
# name 17 = v3: Voltage 3
# name 18 = v4: Voltage 4
# name 19 = v5: Voltage 5
# name 20 = v6: Voltage 6
# name 21 = v7: Voltage 7
# name 22 = potemp090C: Potential Temperature [ITS-90, deg C]
# name 23 = sal00: Salinity, Practical [PSU]
# name 24 = sigma-é00: Density [sigma-theta, kg/m^3]
# name 25 = sbeox0ML/L: Oxygen, SBE 43 [ml/l], WS = 2
# name 26 = sbeox0Mm/Kg: Oxygen, SBE 43 [umol/kg], WS = 2
# name 27 = flag: flag
# span 0 =      7.000,   1014.000       
# span 1 =     7.4779,    15.3878       
# span 2 =   3.633778,   4.380059       
# span 3 =     1.6801,     2.5558       
# span 4 =     0.0142,     1.5375       
# span 5 = 183.857133, 183.884345       
# span 6 =   48.68220,   48.68362       
# span 7 =  -17.06284,  -17.05928       
# span 8 = -5.318e-05, 1.5078e+00       
# span 9 =    35.1888,    35.5633       
# span 10 =     7.3749,    15.3867      
# span 11 =    90.6886,    99.9384      
# span 12 =      6.942,   1003.001      
# span 13 =  489184456,  489186807      
# span 14 =     0.6587,     2.4144      
# span 15 =     1.6744,     2.5565      
# span 16 =     4.2840,     4.7209      
# span 17 =     0.0056,     1.4916      
# span 18 =     0.0160,     0.3207      
# span 19 =    -0.0063,     0.6276      
# span 20 =     0.1995,     0.2227      
# span 21 =     0.3035,     2.1659      
# span 22 =     7.3749,    15.3867      
# span 23 =    35.1808,    35.5631      
# span 24 =    26.2338,    27.5304      
# span 25 =    4.31169,    5.71746      
# span 26 =    187.594,    248.606      
# span 27 = 0.0000e+00, 0.0000e+00      
# interval = decibars: 1                
# start_time = Jul 02 2015 20:33:55 [NMEA time, first data scan]
# bad_flag = -9.990e-29
*END*
[from data line 777]
    784.000     9.9913   3.883980     1.9743     0.0201 183.869648   48.68272  -17.06058 1.0000e-12    35.4194     9.8972    99.8455    775.903  489185537     0.7435     1.9854     4.7165     0.0061     0.0198     0.3704     0.2188     0.4930     9.8972    35.4185    27.2966    5.00729    217.819 0.0000e+00
    785.000     9.9589   3.880369     1.9678     0.0189 183.869659   48.68272  -17.06058 1.0000e-12    35.4145     9.8648    99.8412    776.892  489185538     0.7277     1.9838     4.7163     0.0061     0.0182     0.2179     0.2192     0.4508     9.8648    35.4128    27.2977    4.99937    217.476 0.0000e+00
    786.000     9.9173   3.875842     1.9634     0.0216 183.869669   48.68272  -17.06058 1.0000e-12    35.4092     9.8234    99.8463    777.879  489185539     0.7636     1.9784     4.7165     0.0061     0.0186     0.4016     0.2190     0.4780     9.8234    35.4067    27.2999    5.00566    217.752 0.0000e+00
    787.000     9.8807   3.871671     1.9612     0.0215 183.869681   48.68272  -17.06058 1.0000e-12    35.4025     9.7869    99.8385    778.879  489185540     0.7625     1.9709     4.7162     0.0061     0.0220     0.3286     0.2191     0.4718     9.7869    35.3992    27.3003    5.02580    218.630 0.0000e+00
    788.000     9.8443   3.867614     1.9628     0.0198 183.869696   48.68272  -17.06058 1.0000e-12    35.3965     9.7506    99.8031    779.854  489185541     0.7402     1.9633     4.7145     0.0061     0.0203     0.5539     0.2192     0.4501     9.7506    35.3929    27.3015    5.05355    219.839 0.0000e+00
    789.000     9.8396   3.867117     1.9648     0.0204 183.869710   48.68272  -17.06058 1.0000e-12    35.3952     9.7458    99.8581    780.840  489185543     0.7486     1.9600     4.7171     0.0061     0.0224     0.3486     0.2189     0.4691     9.7458    35.3919    27.3016    5.05766    220.018 0.0000e+00
    790.000     9.8406   3.867269     1.9656     0.0239 183.869720   48.68272  -17.06058 1.0000e-12    35.3948     9.7467    99.8496    781.826  489185543     0.7917     1.9610     4.7167     0.0061     0.0209     0.4415     0.2190     0.4894     9.7466    35.3920    27.3015    5.05315    219.822 0.0000e+00
    791.000     9.8288   3.866016     1.9651     0.0210 183.869729   48.68272  -17.06058 1.0000e-12    35.3932     9.7347    99.8527    782.817  489185544     0.7557     1.9626     4.7168     0.0061     0.0210    -0.0063     0.2190     0.5622     9.7347    35.3903    27.3022    5.04093    219.291 0.0000e+00
    792.000     9.8256   3.865855     1.9633     0.0239 183.869738   48.68272  -17.06058 1.0000e-12    35.3939     9.7315    99.8512    783.809  489185545     0.7911     1.9637     4.7168     0.0061     0.0211     0.4861     0.2191     0.5043     9.7315    35.3913    27.3036    5.02333    218.526 0.0000e+00
    793.000     9.8218   3.865634     1.9602     0.0229 183.869746   48.68272  -17.06058 1.0000e-12    35.3948     9.7276    99.8498    784.797  489185546     0.7801     1.9644     4.7167     0.0061     0.0210     0.4887     0.2193     0.4923     9.7276    35.3923    27.3050    5.00664    217.800 0.0000e+00
    794.000     9.8173   3.865345     1.9565     0.0232 183.869756   48.68272  -17.06058 1.0000e-12    35.3956     9.7230    99.8498    785.787  489185547     0.7834     1.9643     4.7167     0.0061     0.0231     0.4191     0.2195     0.4816     9.7230    35.3933    27.3066    4.99044    217.095 0.0000e+00
    795.000     9.8141   3.865146     1.9515     0.0237 183.869766   48.68272  -17.06059 1.0000e-12    35.3961     9.7196    99.8487    786.775  489185547     0.7890     1.9623     4.7166     0.0061     0.0241     0.3835     0.2191     0.4736     9.7197    35.3940    27.3077    4.96105    215.816 0.0000e+00
    796.000     9.8083   3.864770     1.9434     0.0228 183.869778   48.68272  -17.06060 1.0000e-12    35.3973     9.7138    99.8488    787.762  489185548     0.7785     1.9580     4.7167     0.0061     0.0223     0.3396     0.2192     0.4730     9.7138    35.3953    27.3097    4.91742    213.918 0.0000e+00
    797.000     9.7917   3.863045     1.9320     0.0231 183.869792   48.68272  -17.06060 1.0000e-12    35.3956     9.6971    99.8498    788.747  489185550     0.7827     1.9525     4.7167     0.0061     0.0258     0.3038     0.2189     0.4956     9.6971    35.3935    27.3111    4.87717    212.168 0.0000e+00
    798.000     9.7849   3.862352     1.9214     0.0224 183.869806   48.68272  -17.06060 1.0000e-12    35.3944     9.6903    99.8498    789.734  489185551     0.7739     1.9434     4.7167     0.0061     0.0228     0.3035     0.2190     0.4792     9.6903    35.3925    27.3114    4.85229    211.086 0.0000e+00
    799.000     9.7771   3.861399     1.9127     0.0221 183.869819   48.68272  -17.06060 1.0000e-12    35.3919     9.6824    99.8530    790.718  489185552     0.7699     1.9324     4.7168     0.0061     0.0268     0.3534     0.2192     0.4824     9.6824    35.3899    27.3108    4.82103    209.727 0.0000e+00
    800.000     9.7605   3.859570     1.9041     0.0219 183.869830   48.68272  -17.06060 1.0000e-12    35.3891     9.6657    99.8484    791.702  489185553     0.7677     1.9237     4.7166     0.0061     0.0279     0.4199     0.2190     0.4680     9.6657    35.3870    27.3113    4.78278    208.064 0.0000e+00
    801.000     9.7059   3.853099     1.8960     0.0214 183.869839   48.68274  -17.06060 1.0000e-12    35.3770     9.6114    99.8411    792.694  489185554     0.7613     1.9175     4.7163     0.0061     0.0200     0.4890     0.2190     0.4629     9.6114    35.3734    27.3098    4.75708    206.949 0.0000e+00
    802.000     9.6172   3.843398     1.8884     0.0231 183.869848   48.68274  -17.06060 1.0000e-12    35.3656     9.5231    99.8422    793.690  489185554     0.7826     1.9123     4.7163     0.0061     0.0231     0.5167     0.2189     0.5008     9.5231    35.3601    27.3143    4.73875    206.157 0.0000e+00
    803.000     9.6100   3.842533     1.8801     0.0223 183.869857   48.68274  -17.06060 1.0000e-12    35.3629     9.5158    99.8716    794.679  489185555     0.7733     1.9052     4.7177     0.0061     0.0210     0.0802     0.2191     0.4613     9.5158    35.3578    27.3137    4.71413    205.086 0.0000e+00
    804.000     9.5689   3.837888     1.8706     0.0239 183.869868   48.68274  -17.06060 1.0000e-12    35.3553     9.4749    99.8747    795.666  489185556     0.7924     1.8952     4.7179     0.0061     0.0237     0.5598     0.2191     0.4445     9.4749    35.3498    27.3142    4.69755    204.367 0.0000e+00
    805.000     9.5407   3.834801     1.8610     0.0209 183.869883   48.68274  -17.06061 1.0000e-12    35.3505     9.4467    99.8757    796.645  489185558     0.7547     1.8821     4.7179     0.0061     0.0224     0.2966     0.2190     0.4444     9.4467    35.3451    27.3153    4.68274    203.724 0.0000e+00
    806.000     9.5408   3.834823     1.8549     0.0207 183.869896   48.68274  -17.06062 1.0000e-12    35.3494     9.4467    99.8787    797.634  489185559     0.7521     1.8711     4.7181     0.0061     0.0211     0.3383     0.2192     0.4524     9.4467    35.3448    27.3150    4.67499    203.387 0.0000e+00
    807.000     9.5324   3.833956     1.8505     0.0213 183.869907   48.68274  -17.06062 1.0000e-12    35.3479     9.4382    99.8910    798.622  489185560     0.7599     1.8631     4.7187     0.0061     0.0215     0.3999     0.2190     0.4612     9.4382    35.3437    27.3155    4.66672    203.028 0.0000e+00
    808.000     9.5253   3.833222     1.8473     0.0198 183.869918   48.68274  -17.06062 1.0000e-12    35.3465     9.4310    99.8755    799.609  489185561     0.7400     1.8573     4.7179     0.0061     0.0233     0.4176     0.2192     0.4703     9.4310    35.3427    27.3160    4.65940    202.709 0.0000e+00
    809.000     9.5263   3.833582     1.8442     0.0218 183.869927   48.68274  -17.06062 1.0000e-12    35.3483     9.4319    99.8811    800.595  489185561     0.7665     1.8535     4.7182     0.0061     0.0233     0.2470     0.2190     0.4814     9.4319    35.3449    27.3176    4.64347    202.016 0.0000e+00
    810.000     9.5248   3.833505     1.8404     0.0229 183.869936   48.68274  -17.06062 1.0000e-12    35.3484     9.4302    99.8757    801.585  489185562     0.7805     1.8500     4.7179     0.0061     0.0233     0.2425     0.2192     0.4758     9.4302    35.3452    27.3180    4.62831    201.356 0.0000e+00
    811.000     9.4891   3.829771     1.8372     0.0213 183.869944   48.68274  -17.06062 1.0000e-12    35.3449     9.3946    99.9000    802.578  489185563     0.7602     1.8475     4.7191     0.0061     0.0255     0.4866     0.2191     0.4631     9.3946    35.3412    27.3208    4.62251    201.106 0.0000e+00
    812.000     9.4636   3.827137     1.8333     0.0194 183.869954   48.68274  -17.06062 1.0000e-12    35.3426     9.3692    99.8958    803.571  489185564     0.7359     1.8447     4.7189     0.0061     0.0284     0.4021     0.2191     0.4746     9.3692    35.3385    27.3230    4.61197    200.648 0.0000e+00
    813.000     9.4446   3.825173     1.8282     0.0232 183.869967   48.68274  -17.06062 1.0000e-12    35.3403     9.3502    99.8829    804.554  489185565     0.7820     1.8391     4.7183     0.0061     0.0198     0.2626     0.2191     0.4553     9.3502    35.3364    27.3244    4.59822    200.051 0.0000e+00
    814.000     9.4325   3.823973     1.8221     0.0267 183.869983   48.68274  -17.06062 1.0000e-12    35.3390     9.3380    99.9002    805.534  489185566     0.8232     1.8326     4.7191     0.0061     0.0198     0.5727     0.2190     0.4535     9.3380    35.3354    27.3257    4.58212    199.351 0.0000e+00
    815.000     9.4098   3.821773     1.8179     0.0221 183.869996   48.68274  -17.06062 1.0000e-12    35.3381     9.3153    99.9015    806.523  489185567     0.7705     1.8276     4.7192     0.0061     0.0213     0.3660     0.2191     0.4346     9.3153    35.3345    27.3287    4.57306    198.958 0.0000e+00
    816.000     9.4012   3.820967     1.8150     0.0241 183.870007   48.68274  -17.06062 1.0000e-12    35.3378     9.3067    99.9015    807.508  489185568     0.7939     1.8235     4.7192     0.0061     0.0211     0.0716     0.2186     0.4439     9.3067    35.3341    27.3299    4.57034    198.840 0.0000e+00
    817.000     9.3816   3.819081     1.8127     0.0261 183.870017   48.68274  -17.06062 1.0000e-12    35.3369     9.2870    99.8885    808.499  489185569     0.8173     1.8203     4.7185     0.0061     0.0221     0.3619     0.2190     0.4553     9.2870    35.3335    27.3326    4.56424    198.575 0.0000e+00
    818.000     9.3797   3.819330     1.8102     0.0270 183.870027   48.68274  -17.06062 1.0000e-12    35.3407     9.2850    99.8824    809.487  489185570     0.8271     1.8170     4.7182     0.0061     0.0249     0.4615     0.2191     0.4806     9.2851    35.3374    27.3360    4.55195    198.040 0.0000e+00
    819.000     9.3787   3.819359     1.8073     0.0269 183.870036   48.68274  -17.06062 1.0000e-12    35.3412     9.2840    99.8948    810.476  489185571     0.8251     1.8148     4.7189     0.0061     0.0260     0.4608     0.2192     0.4830     9.2840    35.3382    27.3368    4.54001    197.520 0.0000e+00
    820.000     9.3689   3.818466     1.8043     0.0225 183.870045   48.68274  -17.06063 1.0000e-12    35.3411     9.2740    99.8822    811.468  489185572     0.7752     1.8126     4.7182     0.0061     0.0275     0.4379     0.2192     0.4426     9.2740    35.3382    27.3384    4.52902    197.042 0.0000e+00
    821.000     9.3599   3.817666     1.8004     0.0226 183.870056   48.68274  -17.06064 1.0000e-12    35.3411     9.2650    99.8889    812.460  489185572     0.7765     1.8099     4.7186     0.0061     0.0235     0.3535     0.2193     0.4562     9.2650    35.3384    27.3400    4.51504    196.435 0.0000e+00
    822.000     9.3447   3.816266     1.7956     0.0238 183.870070   48.68274  -17.06064 1.0000e-12    35.3410     9.2498    99.8947    813.439  489185574     0.7909     1.8052     4.7189     0.0061     0.0237     0.2578     0.2192     0.9755     9.2498    35.3383    27.3425    4.50665    196.070 0.0000e+00
    823.000     9.3368   3.815518     1.7918     0.0223 183.870085   48.68274  -17.06064 1.0000e-12    35.3403     9.2418    99.9017    814.419  489185575     0.7729     1.8001     4.7192     0.0061     0.0285     0.3524     0.2193     1.8949     9.2418    35.3379    27.3435    4.50115    195.831 0.0000e+00
    824.000     9.3368   3.815572     1.7899     0.0251 183.870096   48.68274  -17.06064 1.0000e-12    35.3401     9.2417    99.8921    815.408  489185576     0.8059     1.7963     4.7187     0.0061     0.0215     0.4397     0.2189     1.8691     9.2417    35.3380    27.3435    4.49981    195.773 0.0000e+00
    825.000     9.3365   3.815588     1.7885     0.0226 183.870105   48.68274  -17.06064 1.0000e-12    35.3399     9.2413    99.8865    816.401  489185577     0.7760     1.7939     4.7184     0.0061     0.0224     0.4585     0.2191     1.8628     9.2413    35.3380    27.3436    4.49865    195.722 0.0000e+00
    826.000     9.3361   3.815587     1.7878     0.0232 183.870114   48.68274  -17.06064 1.0000e-12    35.3396     9.2408    99.8985    817.400  489185577     0.7836     1.7916     4.7190     0.0061     0.0210     0.4356     0.2192     1.8675     9.2408    35.3379    27.3436    4.50132    195.838 0.0000e+00
    827.000     9.3351   3.815528     1.7868     0.0217 183.870125   48.68274  -17.06064 1.0000e-12    35.3393     9.2397    99.8996    818.381  489185578     0.7652     1.7896     4.7191     0.0061     0.0235     0.3153     0.2193     1.8630     9.2397    35.3378    27.3437    4.49428    195.532 0.0000e+00
    828.000     9.3335   3.815399     1.7851     0.0240 183.870139   48.68274  -17.06064 1.0000e-12    35.3390     9.2379    99.9006    819.360  489185580     0.7931     1.7877     4.7192     0.0061     0.0241     0.3221     0.2194     1.8618     9.2379    35.3376    27.3439    4.48935    195.318 0.0000e+00
    829.000     9.3109   3.813243     1.7835     0.0238 183.870150   48.68274  -17.06064 1.0000e-12    35.3388     9.2153    99.8990    820.347  489185581     0.7903     1.7870     4.7191     0.0061     0.0199     0.4139     0.2195     1.8669     9.2153    35.3370    27.3471    4.48204    195.001 0.0000e+00
    830.000     9.2992   3.812259     1.7820     0.0184 183.870160   48.68274  -17.06064 1.0000e-12    35.3398     9.2036    99.8986    821.335  489185581     0.7213     1.7858     4.7191     0.0061     0.0241     0.4812     0.2193     1.8621     9.2036    35.3379    27.3497    4.47789    194.820 0.0000e+00
    831.000     9.3023   3.812756     1.7804     0.0193 183.870168   48.68274  -17.06064 1.0000e-12    35.3412     9.2065    99.8958    822.333  489185582     0.7335     1.7850     4.7189     0.0061     0.0249     0.0098     0.2196     1.8722     9.2066    35.3395    27.3505    4.47333    194.621 0.0000e+00
    832.000     9.3063   3.813360     1.7789     0.0248 183.870178   48.68274  -17.06064 1.0000e-12    35.3428     9.2104    99.8990    823.322  489185583     0.8017     1.7836     4.7191     0.0061     0.0242     0.4026     0.2194     1.8642     9.2104    35.3414    27.3514    4.46930    194.445 0.0000e+00
    833.000     9.3045   3.813282     1.7770     0.0265 183.870191   48.68275  -17.06066 1.0000e-12    35.3431     9.2084    99.8871    824.307  489185584     0.8215     1.7813     4.7185     0.0061     0.0231     0.4926     0.2195     1.8709     9.2085    35.3419    27.3521    4.46287    194.166 0.0000e+00
    834.000     9.2947   3.812439     1.7749     0.0189 183.870207   48.68276  -17.06066 1.0000e-12    35.3436     9.1986    99.8992    825.280  489185586     0.7290     1.7787     4.7191     0.0061     0.0257     0.3133     0.2198     1.8850     9.1986    35.3424    27.3541    4.46213    194.134 0.0000e+00
