Data/ruptures/DY032/PAP/d20150629_DY032_CTD10.cnv
* Sea-Bird SBE 9 Data File:
* FileName = C:\CTD\DY032\20150629_DY032_CTD10.hdr
* Software Version Seasave V 7.23.2
* Temperature SN = 2112
* Conductivity SN = 3159
* Number of Bytes Per Scan = 35
* Number of Voltage Words = 4
* Number of Scans Averaged by the Deck Unit = 1
* NMEA Latitude = 48 49.15 N
* NMEA Longitude = 016 31.24 W
* NMEA UTC (Time) = Jun 29 2015 15:22:28
** Ship:
** Station:
** Operator:
# nquan = 28
# nvalues = 497                         
# units = specified
# name 0 = prDM: Pressure, Digiquartz [db]
# name 1 = t090C: Temperature [ITS-90, deg C]
# name 2 = c0S/m: Conductivity [S/m]
# name 3 = sbeox0V: Oxygen raw, SBE 43 [V]
# name 4 = flC: Fluorescence, Chelsea Aqua 3 Chl Con [ug/l]
# name 5 = timeJ: Julian Days
# name 6 = latitude: Latitude [deg]
# name 7 = longitude: Longitude [deg]
# name 8 = par: PAR/Irradiance, Biospherical/Licor
# name 9 = sal00: Salinity, Practical [PSU]
# name 10 = potemp090C: Potential Temperature [ITS-90, deg C]
# name 11 = CStarTr0: Beam Transmission, WET Labs C-Star [%]
# name 12 = depSM: Depth [salt water, m]
# name 13 = timeQ: Time, NMEA [seconds]
# name 14 = v0: Voltage 0
# name 15 = v1: Voltage 1
# name 16 = v2: Voltage 2
# name 17 = v3: Voltage 3
# name 18 = v4: Voltage 4
# name 19 = v5: Voltage 5
# name 20 = v6: Voltage 6
# name 21 = v7: Voltage 7
# name 22 = potemp090C: Potential Temperature [ITS-90, deg C]
# name 23 = sal00: Salinity, Practical [PSU]
# name 24 = sigma-é00: Density [sigma-theta, kg/m^3]
# name 25 = sbeox0ML/L: Oxygen, SBE 43 [ml/l], WS = 2
# name 26 = sbeox0Mm/Kg: Oxygen, SBE 43 [umol/kg], WS = 2
# name 27 = flag: flag
# span 0 =      6.000,    502.000       
# span 1 =    10.7380,    15.1399       
# span 2 =   3.949211,   4.362656       
# span 3 =     2.1406,     2.5471       
# span 4 =     0.0170,     1.4385       
# span 5 = 180.644066, 180.654150       
# span 6 =   48.81887,   48.81930       
# span 7 =  -16.52069,  -16.52056       
# span 8 = -2.144e-06, 1.4001e+02       
# span 9 =    35.4722,    35.5485       
# span 10 =    10.6760,    15.1374      
# span 11 =    89.6507,    99.8564      
# span 12 =      5.932,    497.160      
# span 13 =  488906848,  488907719      
# span 14 =     0.7015,     2.3867      
# span 15 =     2.1396,     2.5474      
# span 16 =     4.2349,     4.7170      
# span 17 =     0.0061,     3.4445      
# span 18 =     0.0180,     0.3746      
# span 19 =    -0.0065,     0.6167      
# span 20 =     0.0000,     0.0000      
# span 21 =     0.0000,     0.0000      
# span 22 =    10.6760,    15.1374      
# span 23 =    35.4683,    35.5373      
# span 24 =    26.3377,    27.2080      
# span 25 =    5.34320,    5.75235      
# span 26 =    232.400,    250.136      
# span 27 = 0.0000e+00, 0.0000e+00      
# interval = decibars: 1                
# start_time = Jun 29 2015 15:27:18 [NMEA time, first data scan]
# bad_flag = -9.990e-29
*END*
[from data line 415]
    421.000    10.9553   3.969149     2.1896     0.0216 180.651877   48.81924  -16.52058 1.0000e-12    35.5051    10.9027    99.8042    417.003  488907522     0.7635     2.1901     4.7146     0.0061     0.0315     0.3827     0.0000     0.0000    10.9027    35.5048    27.1866    5.41683    235.593 0.0000e+00
    422.000    10.9455   3.968149     2.1888     0.0213 180.651886   48.81924  -16.52058 1.0000e-12    35.5043    10.8928    99.7908    417.996  488907523     0.7595     2.1895     4.7140     0.0061     0.0314     0.4881     0.0000     0.0000    10.8928    35.5038    27.1876    5.41641    235.575 0.0000e+00
    423.000    10.9455   3.968199     2.1886     0.0219 180.651894   48.81924  -16.52056 1.0000e-12    35.5043    10.8927    99.8197    418.991  488907524     0.7677     2.1893     4.7153     0.0061     0.0306     0.0790     0.0000     0.0000    10.8927    35.5038    27.1876    5.41922    235.697 0.0000e+00
    424.000    10.9438   3.968040     2.1884     0.0269 180.651903   48.81924  -16.52057 1.0000e-12    35.5039    10.8909    99.8010    419.985  488907525     0.8251     2.1892     4.7144     0.0061     0.0258     0.3867     0.0000     0.0000    10.8909    35.5034    27.1876    5.42301    235.862 0.0000e+00
    425.000    10.9413   3.967809     2.1894     0.0311 180.651914   48.81924  -16.52058 1.0000e-12    35.5036    10.8883    99.8276    420.981  488907526     0.8688     2.1882     4.7157     0.0061     0.0263     0.3284     0.0000     0.0000    10.8883    35.5031    27.1878    5.42815    236.086 0.0000e+00
    426.000    10.9405   3.967765     2.1896     0.0264 180.651933   48.81924  -16.52058 1.0000e-12    35.5034    10.8873    99.8313    421.960  488907527     0.8193     2.1882     4.7158     0.0061     0.0265     0.4961     0.0000     0.0000    10.8873    35.5030    27.1879    5.42661    236.019 0.0000e+00
    427.000    10.9414   3.967885     2.1892     0.0196 180.651955   48.81924  -16.52058 1.0000e-12    35.5032    10.8881    99.8246    422.945  488907529     0.7379     2.1890     4.7155     0.0061     0.0314     0.2395     0.0000     0.0000    10.8881    35.5029    27.1877    5.42119    235.783 0.0000e+00
    428.000    10.9370   3.967459     2.1883     0.0224 180.651972   48.81924  -16.52058 1.0000e-12    35.5028    10.8835    99.8233    423.939  488907531     0.7729     2.1891     4.7155     0.0061     0.0281     0.4718     0.0000     0.0000    10.8835    35.5025    27.1882    5.41957    235.713 0.0000e+00
    429.000    10.9351   3.967289     2.1866     0.0261 180.651989   48.81924  -16.52058 1.0000e-12    35.5025    10.8815    99.8240    424.922  488907532     0.8167     2.1881     4.7155     0.0061     0.0299     0.2773     0.0000     0.0000    10.8815    35.5022    27.1883    5.41369    235.457 0.0000e+00
    430.000    10.9316   3.967003     2.1862     0.0234 180.652002   48.81924  -16.52058 1.0000e-12    35.5026    10.8779    99.8137    425.911  488907533     0.7862     2.1877     4.7150     0.0061     0.0292     0.3836     0.0000     0.0000    10.8779    35.5022    27.1890    5.41845    235.664 0.0000e+00
    431.000    10.9318   3.967068     2.1861     0.0216 180.652012   48.81924  -16.52058 1.0000e-12    35.5026    10.8779    99.8020    426.906  488907534     0.7644     2.1866     4.7145     0.0061     0.0308     0.4379     0.0000     0.0000    10.8779    35.5022    27.1890    5.41921    235.698 0.0000e+00
    432.000    10.9339   3.967452     2.1863     0.0195 180.652022   48.81924  -16.52056 1.0000e-12    35.5037    10.8800    99.7982    427.900  488907535     0.7365     2.1856     4.7143     0.0061     0.0263     0.4184     0.0000     0.0000    10.8800    35.5036    27.1897    5.42190    235.814 0.0000e+00
    433.000    10.9502   3.969516     2.1868     0.0213 180.652034   48.81924  -16.52056 1.0000e-12    35.5078    10.8961    99.7918    428.889  488907536     0.7605     2.1856     4.7140     0.0061     0.0277     0.3161     0.0000     0.0000    10.8961    35.5080    27.1903    5.42431    235.918 0.0000e+00
    434.000    10.9490   3.969453     2.1875     0.0208 180.652048   48.81924  -16.52056 1.0000e-12    35.5080    10.8947    99.8029    429.872  488907537     0.7541     2.1855     4.7145     0.0061     0.0326     0.3144     0.0000     0.0000    10.8947    35.5082    27.1906    5.42545    235.967 0.0000e+00
    435.000    10.9511   3.969821     2.1877     0.0179 180.652060   48.81924  -16.52058 1.0000e-12    35.5091    10.8968    99.8233    430.864  488907538     0.7143     2.1859     4.7155     0.0061     0.0349     0.3671     0.0000     0.0000    10.8967    35.5093    27.1911    5.42483    235.940 0.0000e+00
    436.000    10.9539   3.970225     2.1873     0.0192 180.652072   48.81924  -16.52058 1.0000e-12    35.5100    10.8994    99.8186    431.858  488907539     0.7325     2.1867     4.7152     0.0061     0.0294     0.3150     0.0000     0.0000    10.8994    35.5102    27.1914    5.41920    235.695 0.0000e+00
    437.000    10.9541   3.970266     2.1865     0.0244 180.652094   48.81924  -16.52058 1.0000e-12    35.5098    10.8995    99.8064    432.846  488907541     0.7966     2.1866     4.7147     0.0061     0.0306     0.3704     0.0000     0.0000    10.8995    35.5100    27.1912    5.41959    235.712 0.0000e+00
    438.000    10.9533   3.970241     2.1846     0.0279 180.652124   48.81924  -16.52057 1.0000e-12    35.5100    10.8985    99.8108    433.823  488907544     0.8366     2.1857     4.7149     0.0061     0.0298     0.3688     0.0000     0.0000    10.8985    35.5101    27.1914    5.40582    235.113 0.0000e+00
    439.000    10.9406   3.968817     2.1823     0.0271 180.652135   48.81924  -16.52056 1.0000e-12    35.5079    10.8857    99.7980    434.810  488907545     0.8280     2.1856     4.7143     0.0061     0.0259     0.2126     0.0000     0.0000    10.8857    35.5076    27.1918    5.39743    234.749 0.0000e+00
    440.000    10.9370   3.968424     2.1807     0.0298 180.652144   48.81924  -16.52056 1.0000e-12    35.5070    10.8820    99.8206    435.807  488907545     0.8561     2.1849     4.7153     0.0061     0.0237     0.5462     0.0000     0.0000    10.8820    35.5067    27.1918    5.39382    234.592 0.0000e+00
    441.000    10.9333   3.968065     2.1790     0.0292 180.652151   48.81924  -16.52056 1.0000e-12    35.5067    10.8782    99.8051    436.802  488907546     0.8495     2.1842     4.7146     0.0061     0.0269     0.5837     0.0000     0.0000    10.8782    35.5063    27.1922    5.39546    234.663 0.0000e+00
    442.000    10.9380   3.968701     2.1789     0.0273 180.652159   48.81924  -16.52056 1.0000e-12    35.5079    10.8828    99.8046    437.796  488907547     0.8300     2.1827     4.7146     0.0061     0.0295     0.0063     0.0000     0.0000    10.8828    35.5077    27.1924    5.40643    235.141 0.0000e+00
    443.000    10.9388   3.968866     2.1803     0.0304 180.652167   48.81924  -16.52057 1.0000e-12    35.5083    10.8834    99.8134    438.789  488907547     0.8615     2.1812     4.7150     0.0061     0.0252     0.4286     0.0000     0.0000    10.8834    35.5081    27.1926    5.41658    235.582 0.0000e+00
    444.000    10.9370   3.968746     2.1813     0.0275 180.652181   48.81924  -16.52058 1.0000e-12    35.5084    10.8815    99.8071    439.778  488907549     0.8315     2.1788     4.7147     0.0061     0.0230     0.4387     0.0000     0.0000    10.8815    35.5082    27.1930    5.41470    235.500 0.0000e+00
    445.000    10.9387   3.968896     2.1811     0.0253 180.652210   48.81922  -16.52058 1.0000e-12    35.5077    10.8830    99.8161    440.755  488907551     0.8058     2.1805     4.7151     0.0061     0.0286     0.3717     0.0000     0.0000    10.8830    35.5076    27.1923    5.40882    235.244 0.0000e+00
    446.000    10.9371   3.968801     2.1802     0.0267 180.652234   48.81922  -16.52058 1.0000e-12    35.5079    10.8813    99.8226    441.739  488907553     0.8235     2.1807     4.7154     0.0061     0.0246     0.2996     0.0000     0.0000    10.8813    35.5078    27.1928    5.40907    235.255 0.0000e+00
    447.000    10.9327   3.968439     2.1802     0.0316 180.652245   48.81922  -16.52056 1.0000e-12    35.5081    10.8769    99.8178    442.730  488907554     0.8737     2.1802     4.7152     0.0061     0.0238     0.4184     0.0000     0.0000    10.8769    35.5079    27.1937    5.41088    235.334 0.0000e+00
    448.000    10.9311   3.968295     2.1802     0.0330 180.652254   48.81922  -16.52056 1.0000e-12    35.5078    10.8751    99.7982    443.726  488907555     0.8874     2.1795     4.7143     0.0061     0.0281     0.2760     0.0000     0.0000    10.8751    35.5076    27.1937    5.41387    235.464 0.0000e+00
    449.000    10.9273   3.967925     2.1807     0.0295 180.652262   48.81922  -16.52056 1.0000e-12    35.5074    10.8712    99.7981    444.716  488907556     0.8537     2.1795     4.7143     0.0061     0.0240     0.2286     0.0000     0.0000    10.8712    35.5071    27.1941    5.41987    235.725 0.0000e+00
    450.000    10.9238   3.967587     2.1814     0.0263 180.652271   48.81922  -16.52057 1.0000e-12    35.5070    10.8676    99.7981    445.712  488907556     0.8185     2.1795     4.7143     0.0061     0.0234     0.4524     0.0000     0.0000    10.8676    35.5067    27.1944    5.42513    235.954 0.0000e+00
    451.000    10.9221   3.967446     2.1827     0.0242 180.652281   48.81922  -16.52058 1.0000e-12    35.5068    10.8658    99.7962    446.703  488907557     0.7953     2.1795     4.7142     0.0061     0.0251     0.3423     0.0000     0.0000    10.8658    35.5064    27.1945    5.42756    236.060 0.0000e+00
    452.000    10.9229   3.967558     2.1829     0.0227 180.652298   48.81922  -16.52058 1.0000e-12    35.5067    10.8664    99.8020    447.686  488907559     0.7769     2.1808     4.7145     0.0061     0.0254     0.3953     0.0000     0.0000    10.8664    35.5064    27.1944    5.42415    235.912 0.0000e+00
    453.000    10.9216   3.967456     2.1827     0.0201 180.652319   48.81922  -16.52058 1.0000e-12    35.5065    10.8650    99.8199    448.671  488907561     0.7443     2.1821     4.7153     0.0061     0.0280     0.4497     0.0000     0.0000    10.8650    35.5062    27.1945    5.42423    235.915 0.0000e+00
    454.000    10.9166   3.966957     2.1827     0.0220 180.652335   48.81922  -16.52058 1.0000e-12    35.5059    10.8599    99.8114    449.661  488907562     0.7694     2.1820     4.7149     0.0061     0.0245     0.3007     0.0000     0.0000    10.8599    35.5056    27.1949    5.42588    235.987 0.0000e+00
    455.000    10.9167   3.967110     2.1829     0.0209 180.652349   48.81921  -16.52058 1.0000e-12    35.5068    10.8599    99.8188    450.654  488907563     0.7555     2.1819     4.7153     0.0061     0.0294     0.2922     0.0000     0.0000    10.8599    35.5066    27.1957    5.43122    236.219 0.0000e+00
    456.000    10.9185   3.967419     2.1844     0.0235 180.652363   48.81920  -16.52058 1.0000e-12    35.5076    10.8616    99.8212    451.637  488907564     0.7870     2.1819     4.7154     0.0061     0.0316     0.3248     0.0000     0.0000    10.8616    35.5074    27.1960    5.44005    236.603 0.0000e+00
    457.000    10.9189   3.967515     2.1855     0.0235 180.652375   48.81920  -16.52058 1.0000e-12    35.5077    10.8618    99.8172    452.627  488907565     0.7874     2.1819     4.7152     0.0061     0.0313     0.3815     0.0000     0.0000    10.8618    35.5076    27.1961    5.44181    236.680 0.0000e+00
    458.000    10.9175   3.967413     2.1860     0.0220 180.652385   48.81920  -16.52058 1.0000e-12    35.5076    10.8603    99.8046    453.619  488907566     0.7695     2.1829     4.7146     0.0061     0.0251     0.4369     0.0000     0.0000    10.8603    35.5074    27.1963    5.44055    236.625 0.0000e+00
    459.000    10.9156   3.967255     2.1859     0.0231 180.652395   48.81920  -16.52058 1.0000e-12    35.5074    10.8583    99.7995    454.608  488907567     0.7819     2.1840     4.7144     0.0061     0.0243     0.4598     0.0000     0.0000    10.8583    35.5072    27.1965    5.44060    236.627 0.0000e+00
    460.000    10.9136   3.967113     2.1863     0.0239 180.652405   48.81920  -16.52058 1.0000e-12    35.5076    10.8561    99.8099    455.606  488907568     0.7910     2.1848     4.7148     0.0061     0.0223     0.3978     0.0000     0.0000    10.8561    35.5074    27.1970    5.44400    236.775 0.0000e+00
    461.000    10.9129   3.967126     2.1867     0.0222 180.652418   48.81920  -16.52058 1.0000e-12    35.5079    10.8554    99.7363    456.597  488907569     0.7717     2.1852     4.7114     0.0061     0.0208     0.2478     0.0000     0.0000    10.8554    35.5076    27.1973    5.44612    236.867 0.0000e+00
    462.000    10.9159   3.967472     2.1865     0.0212 180.652447   48.81920  -16.52058 1.0000e-12    35.5079    10.8582    99.8068    457.572  488907572     0.7590     2.1859     4.7147     0.0061     0.0331     0.4114     0.0000     0.0000    10.8581    35.5079    27.1970    5.44205    236.690 0.0000e+00
    463.000    10.9194   3.968043     2.1862     0.0230 180.652467   48.81919  -16.52058 1.0000e-12    35.5096    10.8616    99.7800    458.557  488907573     0.7809     2.1857     4.7135     0.0061     0.0279     0.3628     0.0000     0.0000    10.8616    35.5097    27.1978    5.44181    236.679 0.0000e+00
    464.000    10.9175   3.967863     2.1861     0.0269 180.652476   48.81918  -16.52058 1.0000e-12    35.5094    10.8595    99.7882    459.547  488907574     0.8259     2.1856     4.7138     0.0061     0.0263     0.4877     0.0000     0.0000    10.8595    35.5093    27.1979    5.44306    236.734 0.0000e+00
    465.000    10.9049   3.966472     2.1860     0.0283 180.652484   48.81918  -16.52060 1.0000e-12    35.5075    10.8468    99.7980    460.545  488907575     0.8404     2.1856     4.7143     0.0061     0.0256     0.0075     0.0000     0.0000    10.8468    35.5071    27.1985    5.44618    236.870 0.0000e+00
    466.000    10.8951   3.965411     2.1862     0.0315 180.652492   48.81918  -16.52060 1.0000e-12    35.5061    10.8369    99.7981    461.539  488907576     0.8726     2.1855     4.7143     0.0061     0.0256     0.5337     0.0000     0.0000    10.8369    35.5056    27.1990    5.44954    237.017 0.0000e+00
    467.000    10.8903   3.964915     2.1864     0.0284 180.652501   48.81918  -16.52060 1.0000e-12    35.5054    10.8321    99.7605    462.537  488907576     0.8417     2.1853     4.7125     0.0061     0.0281     0.4223     0.0000     0.0000    10.8321    35.5047    27.1993    5.45127    237.092 0.0000e+00
    468.000    10.8892   3.964814     2.1867     0.0250 180.652515   48.81918  -16.52060 1.0000e-12    35.5050    10.8308    99.6969    463.521  488907577     0.8040     2.1853     4.7095     0.0061     0.0280     0.4159     0.0000     0.0000    10.8308    35.5044    27.1992    5.45321    237.177 0.0000e+00
    469.000    10.8937   3.965379     2.1866     0.0207 180.652539   48.81918  -16.52060 1.0000e-12    35.5055    10.8352    99.7582    464.497  488907580     0.7522     2.1857     4.7124     0.0061     0.0277     0.3864     0.0000     0.0000    10.8352    35.5052    27.1991    5.44990    237.033 0.0000e+00
    470.000    10.8910   3.965101     2.1861     0.0200 180.652555   48.81918  -16.52060 1.0000e-12    35.5049    10.8324    99.7993    465.489  488907581     0.7429     2.1861     4.7144     0.0061     0.0205     0.3216     0.0000     0.0000    10.8324    35.5046    27.1991    5.44637    236.879 0.0000e+00
    471.000    10.8833   3.964288     2.1849     0.0234 180.652567   48.81918  -16.52060 1.0000e-12    35.5039    10.8246    99.8055    466.478  488907582     0.7844     2.1857     4.7146     0.0061     0.0292     0.3493     0.0000     0.0000    10.8246    35.5034    27.1996    5.44276    236.722 0.0000e+00
