Data/ruptures/DY032/PAP/d20150625_DY032_CTD03.cnv
* Sea-Bird SBE 9 Data File:
* FileName = C:\CTD\DY032\20150625_DY032_CTD03.hdr
* Software Version Seasave V 7.23.2
* Temperature SN = 2112
* Conductivity SN = 3159
* Number of Bytes Per Scan = 35
* Number of Voltage Words = 4
* Number of Scans Averaged by the Deck Unit = 1
* NMEA Latitude = 48 50.49 N
* NMEA Longitude = 016 31.22 W
* NMEA UTC (Time) = Jun 25 2015 09:32:00
** Ship:
** Station:
** Operator:
# nquan = 28
# nvalues = 1010                        
# units = specified
# name 0 = prDM: Pressure, Digiquartz [db]
# name 1 = t090C: Temperature [ITS-90, deg C]
# name 2 = c0S/m: Conductivity [S/m]
# name 3 = sbeox0V: Oxygen raw, SBE 43 [V]
# name 4 = flC: Fluorescence, Chelsea Aqua 3 Chl Con [ug/l]
# name 5 = timeJ: Julian Days
# name 6 = latitude: Latitude [deg]
# name 7 = longitude: Longitude [deg]
# name 8 = par: PAR/Irradiance, Biospherical/Licor
# name 9 = sal00: Salinity, Practical [PSU]
# name 10 = potemp090C: Potential Temperature [ITS-90, deg C]
# name 11 = CStarTr0: Beam Transmission, WET Labs C-Star [%]
# name 12 = depSM: Depth [salt water, m]
# name 13 = timeQ: Time, NMEA [seconds]
# name 14 = v0: Voltage 0
# name 15 = v1: Voltage 1
# name 16 = v2: Voltage 2
# name 17 = v3: Voltage 3
# name 18 = v4: Voltage 4
# name 19 = v5: Voltage 5
# name 20 = v6: Voltage 6
# name 21 = v7: Voltage 7
# name 22 = potemp090C: Potential Temperature [ITS-90, deg C]
# name 23 = sal00: Salinity, Practical [PSU]
# name 24 = sigma-é00: Density [sigma-theta, kg/m^3]
# name 25 = sbeox0ML/L: Oxygen, SBE 43 [ml/l], WS = 2
# name 26 = sbeox0Mm/Kg: Oxygen, SBE 43 [umol/kg], WS = 2
# name 27 = flag: flag
# span 0 =      5.000,   1014.000       
# span 1 =     7.6435,    14.9018       
# span 2 =   3.656205,   4.338508       
# span 3 =     1.6769,     2.5855       
# span 4 =     0.0120,     1.4362       
# span 5 =   1.397332,   1.420671       
# span 6 =   48.84140,   48.84148       
# span 7 =  -16.52030,  -16.52022       
# span 8 = -1.038e-06, 2.8737e+01       
# span 9 =    35.2157,    35.5579       
# span 10 =     7.5378,    14.8999      
# span 11 =    88.7330,    99.9164      
# span 12 =      4.937,   1002.983      
# span 13 =  488539930,  488541946      
# span 14 =     0.6228,     2.3861      
# span 15 =     1.6773,     2.5852      
# span 16 =     4.1916,     4.7199      
# span 17 =     0.0060,     2.7616      
# span 18 =     0.0146,     0.3948      
# span 19 =     0.1933,     0.2186      
# span 20 =     0.0000,     1.0411      
# span 21 =     0.0000,     0.8978      
# span 22 =     7.5378,    14.8999      
# span 23 =    35.2081,    35.5587      
# span 24 =    26.3881,    27.5392      
# span 25 =    4.29262,    5.91919      
# span 26 =    186.790,    257.373      
# span 27 = 0.0000e+00, 0.0000e+00      
# interval = decibars: 1                
# start_time = Jan 01 2000 09:32:00 [NMEA time, first data scan]
# bad_flag = -9.990e-29
*END*
[from data line 208]
    213.000    11.3632   4.000026     2.2616     0.0247   1.404386   48.84142  -16.52027 1.0000e-12    35.5131    11.3362    99.6356    211.090  488540539     0.8009     2.2616     4.7066     0.0061     0.0510     0.2104     0.0000     0.0000    11.3362    35.5122    27.1126    5.45889    237.411 0.0000e+00
    214.000    11.3501   3.998599     2.2600     0.0252   1.404431   48.84142  -16.52026 1.0000e-12    35.5111    11.3230    99.6236    212.060  488540543     0.8064     2.2611     4.7060     0.0061     0.0527     0.2106     0.0000     0.0000    11.3230    35.5101    27.1135    5.45466    237.228 0.0000e+00
    215.000    11.3394   3.997450     2.2605     0.0266   1.404438   48.84142  -16.52024 1.0000e-12    35.5098    11.3122    99.6434    213.063  488540544     0.8222     2.2602     4.7070     0.0061     0.0552     0.2109     0.0000     0.0000    11.3122    35.5086    27.1143    5.46330    237.605 0.0000e+00
    216.000    11.3328   3.996755     2.2615     0.0244   1.404445   48.84142  -16.52024 1.0000e-12    35.5088    11.3054    99.6516    214.058  488540544     0.7976     2.2601     4.7074     0.0061     0.0501     0.2106     0.0000     0.0000    11.3054    35.5076    27.1148    5.47160    237.966 0.0000e+00
    217.000    11.3289   3.996368     2.2629     0.0258   1.404452   48.84142  -16.52024 1.0000e-12    35.5083    11.3015    99.6527    215.061  488540545     0.8131     2.2600     4.7074     0.0061     0.0462     0.2108     0.0000     0.0000    11.3015    35.5070    27.1151    5.47785    238.238 0.0000e+00
    218.000    11.3251   3.995972     2.2643     0.0241   1.404472   48.84142  -16.52026 1.0000e-12    35.5074    11.2975    99.6309    216.055  488540547     0.7916     2.2613     4.7064     0.0061     0.0484     0.2106     0.0000     0.0000    11.2975    35.5064    27.1153    5.48062    238.358 0.0000e+00
    219.000    11.3188   3.995359     2.2645     0.0287   1.404518   48.84142  -16.52026 1.0000e-12    35.5067    11.2911    99.6477    217.024  488540551     0.8448     2.2658     4.7072     0.0061     0.0477     0.2104     0.0000     0.0000    11.2911    35.5058    27.1161    5.47946    238.308 0.0000e+00
    220.000    11.3127   3.994759     2.2653     0.0288   1.404529   48.84142  -16.52026 1.0000e-12    35.5062    11.2849    99.6400    218.026  488540552     0.8456     2.2639     4.7068     0.0061     0.0490     0.2105     0.0000     0.0000    11.2849    35.5053    27.1168    5.48329    238.475 0.0000e+00
    221.000    11.3102   3.994564     2.2666     0.0278   1.404544   48.84142  -16.52026 1.0000e-12    35.5061    11.2823    99.6368    219.017  488540553     0.8355     2.2642     4.7067     0.0061     0.0457     0.2106     0.0000     0.0000    11.2823    35.5053    27.1173    5.48913    238.729 0.0000e+00
    222.000    11.3083   3.994431     2.2677     0.0231   1.404570   48.84142  -16.52026 1.0000e-12    35.5060    11.2803    99.6219    219.999  488540555     0.7821     2.2660     4.7059     0.0061     0.0555     0.2110     0.0000     0.0000    11.2803    35.5053    27.1177    5.48791    238.676 0.0000e+00
    223.000    11.3075   3.994458     2.2669     0.0227   1.404590   48.84142  -16.52026 1.0000e-12    35.5065    11.2793    99.6393    220.985  488540557     0.7771     2.2673     4.7068     0.0061     0.0464     0.2111     0.0000     0.0000    11.2793    35.5060    27.1184    5.48643    238.611 0.0000e+00
    224.000    11.3052   3.994410     2.2673     0.0207   1.404602   48.84142  -16.52026 1.0000e-12    35.5077    11.2770    99.6455    221.977  488540558     0.7518     2.2673     4.7071     0.0061     0.0590     0.2110     0.0000     0.0000    11.2769    35.5072    27.1198    5.49134    238.825 0.0000e+00
    225.000    11.3027   3.994320     2.2675     0.0196   1.404612   48.84142  -16.52026 1.0000e-12    35.5088    11.2743    99.6430    222.971  488540559     0.7381     2.2666     4.7070     0.0061     0.0462     0.2112     0.0000     0.0000    11.2743    35.5083    27.1211    5.49174    238.842 0.0000e+00
    226.000    11.2997   3.994126     2.2675     0.0205   1.404621   48.84142  -16.52026 1.0000e-12    35.5094    11.2711    99.6419    223.975  488540560     0.7491     2.2665     4.7069     0.0061     0.0436     0.2112     0.0000     0.0000    11.2711    35.5088    27.1221    5.49111    238.814 0.0000e+00
    227.000    11.2991   3.994117     2.2672     0.0274   1.404651   48.84142  -16.52026 1.0000e-12    35.5093    11.2705    99.6282    224.955  488540562     0.8301     2.2668     4.7063     0.0061     0.0557     0.2111     0.0000     0.0000    11.2704    35.5088    27.1223    5.48901    238.723 0.0000e+00
    228.000    11.2951   3.993840     2.2665     0.0302   1.404683   48.84142  -16.52026 1.0000e-12    35.5100    11.2663    99.6549    225.940  488540565     0.8603     2.2666     4.7075     0.0061     0.0507     0.2111     0.0000     0.0000    11.2663    35.5096    27.1236    5.48798    238.679 0.0000e+00
    229.000    11.2927   3.993648     2.2652     0.0322   1.404696   48.84142  -16.52026 1.0000e-12    35.5098    11.2638    99.6254    226.935  488540566     0.8797     2.2667     4.7061     0.0061     0.0562     0.2110     0.0000     0.0000    11.2638    35.5095    27.1240    5.48082    238.367 0.0000e+00
    230.000    11.2904   3.993456     2.2641     0.0316   1.404710   48.84142  -16.52026 1.0000e-12    35.5097    11.2614    99.6552    227.925  488540567     0.8739     2.2662     4.7076     0.0061     0.0467     0.2110     0.0000     0.0000    11.2614    35.5093    27.1243    5.48106    238.378 0.0000e+00
    231.000    11.2877   3.993199     2.2633     0.0304   1.404723   48.84142  -16.52026 1.0000e-12    35.5094    11.2585    99.5775    228.911  488540568     0.8627     2.2653     4.7039     0.0061     0.0493     0.2111     0.0000     0.0000    11.2585    35.5090    27.1246    5.48081    238.367 0.0000e+00
    232.000    11.2863   3.993101     2.2630     0.0245   1.404734   48.84142  -16.52026 1.0000e-12    35.5093    11.2570    99.6231    229.909  488540569     0.7979     2.2639     4.7060     0.0061     0.0461     0.2110     0.0000     0.0000    11.2570    35.5089    27.1248    5.48188    238.414 0.0000e+00
    233.000    11.2841   3.992926     2.2624     0.0211   1.404746   48.84142  -16.52027 1.0000e-12    35.5092    11.2547    99.6417    230.905  488540570     0.7574     2.2632     4.7069     0.0061     0.0445     0.2111     0.0000     0.0000    11.2547    35.5088    27.1251    5.47844    238.264 0.0000e+00
    234.000    11.2846   3.993038     2.2600     0.0247   1.404788   48.84142  -16.52027 1.0000e-12    35.5092    11.2550    99.6382    231.883  488540574     0.8011     2.2616     4.7068     0.0061     0.0488     0.2108     0.0000     0.0000    11.2550    35.5090    27.1252    5.47158    237.966 0.0000e+00
    235.000    11.2841   3.993091     2.2592     0.0230   1.404810   48.84142  -16.52026 1.0000e-12    35.5098    11.2544    99.6151    232.876  488540576     0.7816     2.2611     4.7056     0.0061     0.0474     0.2110     0.0000     0.0000    11.2544    35.5096    27.1258    5.47389    238.066 0.0000e+00
    236.000    11.2889   3.993858     2.2593     0.0241   1.404822   48.84142  -16.52026 1.0000e-12    35.5122    11.2591    99.6079    233.868  488540577     0.7943     2.2594     4.7053     0.0061     0.0457     0.2108     0.0000     0.0000    11.2591    35.5121    27.1269    5.47689    238.196 0.0000e+00
    237.000    11.2999   3.995411     2.2604     0.0262   1.404834   48.84140  -16.52026 1.0000e-12    35.5162    11.2699    99.6304    234.857  488540578     0.8177     2.2589     4.7064     0.0061     0.0496     0.2107     0.0000     0.0000    11.2699    35.5165    27.1283    5.48403    238.505 0.0000e+00
    238.000    11.3033   3.995873     2.2617     0.0299   1.404846   48.84140  -16.52028 1.0000e-12    35.5170    11.2732    99.6227    235.850  488540579     0.8566     2.2589     4.7060     0.0061     0.0476     0.2111     0.0000     0.0000    11.2732    35.5174    27.1284    5.48600    238.591 0.0000e+00
    239.000    11.2998   3.995511     2.2625     0.0256   1.404859   48.84140  -16.52028 1.0000e-12    35.5165    11.2696    99.6203    236.847  488540580     0.8104     2.2596     4.7059     0.0061     0.0453     0.2112     0.0000     0.0000    11.2696    35.5166    27.1285    5.48719    238.643 0.0000e+00
    240.000    11.2952   3.994999     2.2613     0.0260   1.404891   48.84140  -16.52027 1.0000e-12    35.5156    11.2648    99.6223    237.824  488540583     0.8155     2.2622     4.7060     0.0061     0.0537     0.2112     0.0000     0.0000    11.2648    35.5156    27.1286    5.47792    238.240 0.0000e+00
    241.000    11.2907   3.994642     2.2605     0.0287   1.404911   48.84140  -16.52027 1.0000e-12    35.5160    11.2603    99.6065    238.815  488540585     0.8453     2.2617     4.7052     0.0061     0.0470     0.2112     0.0000     0.0000    11.2603    35.5159    27.1296    5.47996    238.329 0.0000e+00
    242.000    11.2907   3.994785     2.2600     0.0287   1.404923   48.84140  -16.52028 1.0000e-12    35.5170    11.2601    99.6415    239.815  488540586     0.8449     2.2604     4.7069     0.0061     0.0429     0.2112     0.0000     0.0000    11.2601    35.5169    27.1304    5.47799    238.243 0.0000e+00
    243.000    11.2845   3.994186     2.2596     0.0376   1.404940   48.84140  -16.52028 1.0000e-12    35.5167    11.2538    99.6484    240.804  488540587     0.9209     2.2601     4.7072     0.0061     0.0464     0.2110     0.0000     0.0000    11.2538    35.5165    27.1313    5.47889    238.282 0.0000e+00
    244.000    11.2810   3.993849     2.2589     0.0500   1.404965   48.84140  -16.52026 1.0000e-12    35.5162    11.2502    99.6510    241.787  488540589     1.0210     2.2593     4.7074     0.0061     0.0507     0.2106     0.0000     0.0000    11.2502    35.5160    27.1316    5.47793    238.241 0.0000e+00
    245.000    11.2790   3.993690     2.2589     0.0385   1.404983   48.84140  -16.52026 1.0000e-12    35.5162    11.2481    99.6471    242.779  488540591     0.9362     2.2589     4.7072     0.0061     0.0477     0.2111     0.0000     0.0000    11.2481    35.5159    27.1319    5.47937    238.303 0.0000e+00
    246.000    11.2754   3.993360     2.2582     0.0306   1.404999   48.84140  -16.52028 1.0000e-12    35.5160    11.2443    99.6528    243.778  488540592     0.8636     2.2585     4.7075     0.0061     0.0416     0.2111     0.0000     0.0000    11.2443    35.5157    27.1324    5.47897    238.286 0.0000e+00
    247.000    11.2767   3.993539     2.2569     0.0285   1.405045   48.84140  -16.52026 1.0000e-12    35.5159    11.2455    99.6535    244.750  488540596     0.8423     2.2580     4.7075     0.0061     0.0534     0.2110     0.0000     0.0000    11.2455    35.5157    27.1322    5.47101    237.940 0.0000e+00
    248.000    11.2724   3.993246     2.2559     0.0292   1.405056   48.84140  -16.52026 1.0000e-12    35.5168    11.2411    99.6667    245.745  488540597     0.8507     2.2579     4.7081     0.0061     0.0503     0.2108     0.0000     0.0000    11.2411    35.5165    27.1337    5.46936    237.868 0.0000e+00
    249.000    11.2728   3.993413     2.2553     0.0292   1.405065   48.84140  -16.52026 1.0000e-12    35.5176    11.2414    99.6473    246.739  488540598     0.8494     2.2568     4.7072     0.0061     0.0456     0.2107     0.0000     0.0000    11.2414    35.5173    27.1343    5.46681    237.757 0.0000e+00
    250.000    11.2716   3.993381     2.2544     0.0343   1.405073   48.84140  -16.52026 1.0000e-12    35.5179    11.2401    99.6170    247.739  488540599     0.8995     2.2563     4.7057     0.0061     0.0451     0.2107     0.0000     0.0000    11.2401    35.5177    27.1348    5.46745    237.785 0.0000e+00
    251.000    11.2712   3.993391     2.2546     0.0281   1.405083   48.84140  -16.52026 1.0000e-12    35.5180    11.2395    99.6598    248.730  488540599     0.8380     2.2556     4.7078     0.0061     0.0402     0.2106     0.0000     0.0000    11.2395    35.5178    27.1350    5.47238    237.999 0.0000e+00
    252.000    11.2708   3.993384     2.2545     0.0250   1.405106   48.84140  -16.52026 1.0000e-12    35.5178    11.2390    99.6376    249.719  488540602     0.8042     2.2545     4.7067     0.0061     0.0410     0.2105     0.0000     0.0000    11.2390    35.5176    27.1349    5.47186    237.977 0.0000e+00
    253.000    11.2690   3.993272     2.2544     0.0239   1.405158   48.84140  -16.52026 1.0000e-12    35.5180    11.2370    99.6678    250.696  488540606     0.7920     2.2553     4.7082     0.0061     0.0458     0.2110     0.0000     0.0000    11.2370    35.5178    27.1354    5.47180    237.974 0.0000e+00
    254.000    11.2672   3.993119     2.2538     0.0256   1.405171   48.84140  -16.52026 1.0000e-12    35.5178    11.2351    99.6658    251.690  488540607     0.8119     2.2541     4.7081     0.0061     0.0595     0.2111     0.0000     0.0000    11.2351    35.5176    27.1356    5.46492    237.675 0.0000e+00
    255.000    11.2632   3.992699     2.2522     0.0243   1.405181   48.84140  -16.52026 1.0000e-12    35.5171    11.2310    99.6703    252.679  488540608     0.7963     2.2540     4.7083     0.0061     0.0415     0.2110     0.0000     0.0000    11.2310    35.5168    27.1358    5.45997    237.460 0.0000e+00
    256.000    11.2574   3.992080     2.2511     0.0251   1.405190   48.84140  -16.52026 1.0000e-12    35.5162    11.2251    99.6674    253.672  488540609     0.8055     2.2540     4.7081     0.0061     0.0369     0.2111     0.0000     0.0000    11.2251    35.5158    27.1360    5.45577    237.277 0.0000e+00
    257.000    11.2516   3.991463     2.2494     0.0234   1.405199   48.84140  -16.52026 1.0000e-12    35.5153    11.2192    99.6689    254.671  488540610     0.7858     2.2533     4.7082     0.0061     0.0395     0.2112     0.0000     0.0000    11.2191    35.5148    27.1364    5.45194    237.111 0.0000e+00
    258.000    11.2484   3.991127     2.2483     0.0222   1.405215   48.84140  -16.52026 1.0000e-12    35.5146    11.2159    99.6471    255.667  488540611     0.7719     2.2514     4.7072     0.0061     0.0517     0.2111     0.0000     0.0000    11.2159    35.5141    27.1364    5.45602    237.289 0.0000e+00
    259.000    11.2464   3.990894     2.2466     0.0284   1.405264   48.84140  -16.52026 1.0000e-12    35.5137    11.2137    99.5366    256.635  488540615     0.8409     2.2483     4.7019     0.0061     0.0435     0.2112     0.0000     0.0000    11.2137    35.5133    27.1362    5.44298    236.722 0.0000e+00
    260.000    11.2278   3.988837     2.2441     0.0301   1.405274   48.84140  -16.52026 1.0000e-12    35.5111    11.1951    99.6645    257.636  488540616     0.8588     2.2488     4.7080     0.0061     0.0453     0.2112     0.0000     0.0000    11.1951    35.5102    27.1372    5.43763    236.490 0.0000e+00
    261.000    11.2240   3.988433     2.2421     0.0265   1.405285   48.84140  -16.52026 1.0000e-12    35.5102    11.1911    99.6678    258.629  488540617     0.8208     2.2473     4.7081     0.0061     0.0516     0.2112     0.0000     0.0000    11.1912    35.5094    27.1373    5.43520    236.385 0.0000e+00
    262.000    11.2223   3.988288     2.2403     0.0232   1.405298   48.84140  -16.52026 1.0000e-12    35.5099    11.1893    99.6898    259.618  488540618     0.7829     2.2448     4.7092     0.0061     0.0491     0.2112     0.0000     0.0000    11.1893    35.5092    27.1375    5.43352    236.312 0.0000e+00
