Data/ruptures/DY032/PAP/d20150629_DY032_CTD10.cnv
* Sea-Bird SBE 9 Data File:
* FileName = C:\CTD\DY032\20150629_DY032_CTD10.hdr
* Software Version Seasave V 7.23.2
* Temperature SN = 2112
* Conductivity SN = 3159
* Number of Bytes Per Scan = 35
* Number of Voltage Words = 4
* Number of Scans Averaged by the Deck Unit = 1
* NMEA Latitude = 48 49.15 N
* NMEA Longitude = 016 31.24 W
* NMEA UTC (Time) = Jun 29 2015 15:22:28
** Ship:
** Station:
** Operator:
# nquan = 28
# nvalues = 497                         
# units = specified
# name 0 = prDM: Pressure, Digiquartz [db]
# name 1 = t090C: Temperature [ITS-90, deg C]
# name 2 = c0S/m: Conductivity [S/m]
# name 3 = sbeox0V: Oxygen raw, SBE 43 [V]
# name 4 = flC: Fluorescence, Chelsea Aqua 3 Chl Con [ug/l]
# name 5 = timeJ: Julian Days
# name 6 = latitude: Latitude [deg]
# name 7 = longitude: Longitude [deg]
# name 8 = par: PAR/Irradiance, Biospherical/Licor
# name 9 = sal00: Salinity, Practical [PSU]
# name 10 = potemp090C: Potential Temperature [ITS-90, deg C]
# name 11 = CStarTr0: Beam Transmission, WET Labs C-Star [%]
# name 12 = depSM: Depth [salt water, m]
# name 13 = timeQ: Time, NMEA [seconds]
# name 14 = v0: Voltage 0
# name 15 = v1: Voltage 1
# name 16 = v2: Voltage 2
# name 17 = v3: Voltage 3
# name 18 = v4: Voltage 4
# name 19 = v5: Voltage 5
# name 20 = v6: Voltage 6
# name 21 = v7: Voltage 7
# name 22 = potemp090C: Potential Temperature [ITS-90, deg C]
# name 23 = sal00: Salinity, Practical [PSU]
# name 24 = sigma-é00: Density [sigma-theta, kg/m^3]
# name 25 = sbeox0ML/L: Oxygen, SBE 43 [ml/l], WS = 2
# name 26 = sbeox0Mm/Kg: Oxygen, SBE 43 [umol/kg], WS = 2
# name 27 = flag: flag
# span 0 =      6.000,    502.000       
# span 1 =    10.7380,    15.1399       
# span 2 =   3.949211,   4.362656       
# span 3 =     2.1406,     2.5471       
# span 4 =     0.0170,     1.4385       
# span 5 = 180.644066, 180.654150       
# span 6 =   48.81887,   48.81930       
# span 7 =  -16.52069,  -16.52056       
# span 8 = -2.144e-06, 1.4001e+02       
# span 9 =    35.4722,    35.5485       
# span 10 =    10.6760,    15.1374      
# span 11 =    89.6507,    99.8564      
# span 12 =      5.932,    497.160      
# span 13 =  488906848,  488907719      
# span 14 =     0.7015,     2.3867      
# span 15 =     2.1396,     2.5474      
# span 16 =     4.2349,     4.7170      
# span 17 =     0.0061,     3.4445      
# span 18 =     0.0180,     0.3746      
# span 19 =    -0.0065,     0.6167      
# span 20 =     0.0000,     0.0000      
# span 21 =     0.0000,     0.0000      
# span 22 =    10.6760,    15.1374      
# span 23 =    35.4683,    35.5373      
# span 24 =    26.3377,    27.2080      
# span 25 =    5.34320,    5.75235      
# span 26 =    232.400,    250.136      
# span 27 = 0.0000e+00, 0.0000e+00      
# interval = decibars: 1                
# start_time = Jun 29 2015 15:27:18 [NMEA time, first data scan]
# bad_flag = -9.990e-29
*END*
[from data line 259]
    265.000    11.2441   3.991199     2.2494     0.0248 180.649655   48.81925  -16.52058 1.0000e-12    35.5169    11.2107    99.7205    262.589  488907330     0.8022     2.2489     4.7106     0.0061     0.0400     0.4400     0.0000     0.0000    11.2107    35.5158    27.1387    5.46877    237.843 0.0000e+00
    266.000    11.2423   3.991025     2.2493     0.0275 180.649665   48.81924  -16.52058 1.0000e-12    35.5164    11.2087    99.7195    263.583  488907331     0.8315     2.2483     4.7105     0.0061     0.0373     0.3851     0.0000     0.0000    11.2087    35.5154    27.1388    5.46941    237.871 0.0000e+00
    267.000    11.2411   3.990927     2.2494     0.0286 180.649678   48.81925  -16.52059 1.0000e-12    35.5160    11.2074    99.7196    264.570  488907332     0.8439     2.2491     4.7106     0.0061     0.0335     0.3283     0.0000     0.0000    11.2074    35.5151    27.1388    5.47038    237.913 0.0000e+00
    268.000    11.2403   3.990929     2.2494     0.0276 180.649691   48.81926  -16.52060 1.0000e-12    35.5162    11.2065    99.7030    265.560  488907334     0.8332     2.2491     4.7098     0.0061     0.0345     0.3150     0.0000     0.0000    11.2065    35.5155    27.1392    5.47119    237.949 0.0000e+00
    269.000    11.2461   3.991708     2.2495     0.0291 180.649705   48.81926  -16.52060 1.0000e-12    35.5177    11.2121    99.7090    266.550  488907335     0.8486     2.2491     4.7101     0.0061     0.0348     0.4467     0.0000     0.0000    11.2121    35.5172    27.1395    5.47503    238.115 0.0000e+00
    270.000    11.2597   3.993528     2.2513     0.0275 180.649719   48.81926  -16.52060 1.0000e-12    35.5218    11.2256    99.7141    267.539  488907336     0.8323     2.2491     4.7103     0.0061     0.0346     0.4805     0.0000     0.0000    11.2256    35.5218    27.1406    5.48291    238.457 0.0000e+00
    271.000    11.2640   3.994163     2.2519     0.0270 180.649733   48.81926  -16.52060 1.0000e-12    35.5234    11.2298    99.7007    268.529  488907337     0.8266     2.2491     4.7097     0.0061     0.0356     0.2937     0.0000     0.0000    11.2298    35.5234    27.1411    5.47860    238.269 0.0000e+00
    272.000    11.2617   3.993997     2.2522     0.0223 180.649747   48.81924  -16.52060 1.0000e-12    35.5235    11.2274    99.6964    269.521  488907338     0.7722     2.2509     4.7095     0.0061     0.0328     0.2762     0.0000     0.0000    11.2274    35.5235    27.1416    5.48285    238.454 0.0000e+00
    273.000    11.2554   3.993309     2.2529     0.0268 180.649764   48.81924  -16.52060 1.0000e-12    35.5225    11.2209    99.6961    270.511  488907340     0.8233     2.2515     4.7095     0.0061     0.0421     0.4887     0.0000     0.0000    11.2209    35.5224    27.1419    5.48350    238.482 0.0000e+00
    274.000    11.2497   3.992707     2.2523     0.0348 180.649781   48.81924  -16.52060 1.0000e-12    35.5217    11.2151    99.7076    271.495  488907341     0.9046     2.2521     4.7100     0.0061     0.0365     0.2776     0.0000     0.0000    11.2151    35.5213    27.1422    5.48037    238.347 0.0000e+00
    275.000    11.2446   3.992257     2.2520     0.0306 180.649793   48.81924  -16.52060 1.0000e-12    35.5217    11.2099    99.6946    272.488  488907342     0.8644     2.2526     4.7094     0.0061     0.0404     0.3669     0.0000     0.0000    11.2099    35.5213    27.1432    5.48262    238.444 0.0000e+00
    276.000    11.2412   3.992008     2.2519     0.0282 180.649805   48.81924  -16.52060 1.0000e-12    35.5221    11.2064    99.7089    273.482  488907343     0.8399     2.2521     4.7101     0.0061     0.0372     0.3996     0.0000     0.0000    11.2064    35.5217    27.1441    5.48441    238.522 0.0000e+00
    277.000    11.2439   3.992483     2.2521     0.0266 180.649816   48.81924  -16.52060 1.0000e-12    35.5238    11.2089    99.7154    274.474  488907344     0.8229     2.2516     4.7104     0.0061     0.0392     0.3514     0.0000     0.0000    11.2089    35.5234    27.1450    5.48579    238.582 0.0000e+00
    278.000    11.2392   3.992081     2.2520     0.0256 180.649829   48.81924  -16.52060 1.0000e-12    35.5238    11.2041    99.6952    275.464  488907346     0.8112     2.2515     4.7094     0.0061     0.0395     0.2765     0.0000     0.0000    11.2041    35.5235    27.1459    5.48515    238.554 0.0000e+00
    279.000    11.2390   3.992083     2.2515     0.0289 180.649846   48.81924  -16.52060 1.0000e-12    35.5236    11.2038    99.6803    276.453  488907347     0.8469     2.2517     4.7087     0.0061     0.0366     0.4486     0.0000     0.0000    11.2038    35.5233    27.1458    5.47997    238.329 0.0000e+00
    280.000    11.2299   3.991134     2.2490     0.0255 180.649866   48.81924  -16.52060 1.0000e-12    35.5226    11.1946    99.7067    277.441  488907349     0.8095     2.2515     4.7100     0.0061     0.0391     0.4384     0.0000     0.0000    11.1946    35.5221    27.1466    5.46908    237.856 0.0000e+00
    281.000    11.2203   3.990165     2.2457     0.0276 180.649884   48.81924  -16.52060 1.0000e-12    35.5219    11.1849    99.7193    278.428  488907350     0.8337     2.2502     4.7105     0.0061     0.0397     0.2707     0.0000     0.0000    11.1849    35.5213    27.1478    5.45748    237.352 0.0000e+00
    282.000    11.2172   3.989940     2.2431     0.0260 180.649897   48.81924  -16.52059 1.0000e-12    35.5222    11.1817    99.6822    279.417  488907351     0.8154     2.2485     4.7088     0.0061     0.0355     0.3512     0.0000     0.0000    11.1817    35.5216    27.1486    5.45433    237.215 0.0000e+00
    283.000    11.2169   3.989966     2.2421     0.0257 180.649908   48.81924  -16.52058 1.0000e-12    35.5222    11.1813    99.6700    280.411  488907352     0.8126     2.2461     4.7083     0.0061     0.0328     0.3986     0.0000     0.0000    11.1812    35.5217    27.1487    5.45866    237.403 0.0000e+00
    284.000    11.2166   3.989979     2.2421     0.0281 180.649919   48.81924  -16.52058 1.0000e-12    35.5222    11.1808    99.6975    281.407  488907353     0.8390     2.2438     4.7095     0.0061     0.0309     0.3517     0.0000     0.0000    11.1808    35.5217    27.1488    5.46175    237.537 0.0000e+00
    285.000    11.2153   3.989883     2.2421     0.0256 180.649934   48.81924  -16.52058 1.0000e-12    35.5219    11.1794    99.7180    282.397  488907354     0.8111     2.2421     4.7105     0.0061     0.0333     0.4295     0.0000     0.0000    11.1794    35.5215    27.1489    5.46189    237.543 0.0000e+00
    286.000    11.2158   3.989955     2.2415     0.0234 180.649956   48.81924  -16.52058 1.0000e-12    35.5217    11.1797    99.7282    283.380  488907356     0.7850     2.2418     4.7110     0.0061     0.0362     0.2391     0.0000     0.0000    11.1797    35.5213    27.1487    5.45971    237.449 0.0000e+00
    287.000    11.2143   3.989873     2.2412     0.0203 180.649974   48.81924  -16.52058 1.0000e-12    35.5218    11.1781    99.7212    284.368  488907358     0.7467     2.2416     4.7106     0.0061     0.0358     0.5441     0.0000     0.0000    11.1781    35.5215    27.1492    5.45895    237.416 0.0000e+00
    288.000    11.2149   3.990018     2.2403     0.0230 180.649987   48.81924  -16.52058 1.0000e-12    35.5221    11.1786    99.7196    285.363  488907359     0.7807     2.2408     4.7106     0.0061     0.0407     0.3354     0.0000     0.0000    11.1786    35.5219    27.1494    5.45345    237.177 0.0000e+00
    289.000    11.2153   3.990155     2.2392     0.0237 180.649999   48.81924  -16.52058 1.0000e-12    35.5226    11.1788    99.7381    286.351  488907360     0.7897     2.2410     4.7114     0.0061     0.0309     0.3659     0.0000     0.0000    11.1788    35.5225    27.1498    5.45058    237.052 0.0000e+00
    290.000    11.2150   3.990164     2.2385     0.0230 180.650010   48.81924  -16.52058 1.0000e-12    35.5226    11.1784    99.7464    287.341  488907361     0.7810     2.2405     4.7118     0.0061     0.0380     0.3814     0.0000     0.0000    11.1784    35.5224    27.1498    5.45436    237.216 0.0000e+00
    291.000    11.2156   3.990298     2.2390     0.0224 180.650020   48.81924  -16.52058 1.0000e-12    35.5228    11.1789    99.7464    288.333  488907362     0.7740     2.2394     4.7118     0.0061     0.0380     0.4381     0.0000     0.0000    11.1789    35.5226    27.1499    5.46207    237.551 0.0000e+00
    292.000    11.2141   3.990202     2.2400     0.0252 180.650030   48.81924  -16.52058 1.0000e-12    35.5229    11.1773    99.6754    289.326  488907363     0.8065     2.2385     4.7085     0.0061     0.0399     0.0761     0.0000     0.0000    11.1772    35.5227    27.1503    5.47014    237.902 0.0000e+00
    293.000    11.2193   3.991042     2.2419     0.0230 180.650042   48.81924  -16.52058 1.0000e-12    35.5256    11.1823    99.7360    290.321  488907364     0.7817     2.2381     4.7113     0.0061     0.0376     0.5390     0.0000     0.0000    11.1823    35.5256    27.1516    5.47616    238.163 0.0000e+00
    294.000    11.2227   3.991508     2.2442     0.0241 180.650063   48.81924  -16.52058 1.0000e-12    35.5265    11.1856    99.7153    291.305  488907366     0.7945     2.2404     4.7104     0.0061     0.0407     0.3076     0.0000     0.0000    11.1856    35.5266    27.1517    5.47843    238.262 0.0000e+00
    295.000    11.2175   3.990983     2.2443     0.0231 180.650089   48.81924  -16.52058 1.0000e-12    35.5259    11.1803    99.6560    292.290  488907368     0.7822     2.2439     4.7076     0.0061     0.0375     0.4696     0.0000     0.0000    11.1803    35.5258    27.1521    5.47211    237.987 0.0000e+00
    296.000    11.2094   3.990132     2.2433     0.0250 180.650102   48.81924  -16.52058 1.0000e-12    35.5250    11.1721    99.7413    293.276  488907369     0.8045     2.2442     4.7116     0.0061     0.0335     0.3775     0.0000     0.0000    11.1721    35.5247    27.1528    5.47047    237.916 0.0000e+00
    297.000    11.2032   3.989479     2.2425     0.0238 180.650112   48.81924  -16.52058 1.0000e-12    35.5242    11.1657    99.7247    294.270  488907370     0.7907     2.2442     4.7108     0.0061     0.0373    -0.0049     0.0000     0.0000    11.1657    35.5238    27.1533    5.47269    238.013 0.0000e+00
    298.000    11.2018   3.989360     2.2431     0.0245 180.650120   48.81924  -16.52058 1.0000e-12    35.5239    11.1643    99.7479    295.268  488907371     0.7984     2.2435     4.7119     0.0061     0.0345     0.4877     0.0000     0.0000    11.1643    35.5235    27.1533    5.48030    238.344 0.0000e+00
    299.000    11.2004   3.989241     2.2436     0.0241 180.650130   48.81924  -16.52058 1.0000e-12    35.5236    11.1627    99.7444    296.263  488907371     0.7943     2.2430     4.7117     0.0061     0.0317     0.3685     0.0000     0.0000    11.1627    35.5232    27.1533    5.48251    238.440 0.0000e+00
    300.000    11.2004   3.989285     2.2442     0.0271 180.650145   48.81924  -16.52058 1.0000e-12    35.5235    11.1626    99.7428    297.249  488907373     0.8261     2.2425     4.7116     0.0061     0.0347     0.4133     0.0000     0.0000    11.1626    35.5232    27.1533    5.48300    238.462 0.0000e+00
    301.000    11.1998   3.989264     2.2433     0.0321 180.650168   48.81924  -16.52058 1.0000e-12    35.5234    11.1618    99.7430    298.231  488907375     0.8785     2.2437     4.7116     0.0061     0.0350     0.3785     0.0000     0.0000    11.1618    35.5231    27.1534    5.47056    237.921 0.0000e+00
    302.000    11.1721   3.986145     2.2401     0.0321 180.650186   48.81924  -16.52058 1.0000e-12    35.5193    11.1341    99.7436    299.218  488907376     0.8787     2.2441     4.7117     0.0061     0.0341     0.3101     0.0000     0.0000    11.1341    35.5183    27.1548    5.46590    237.720 0.0000e+00
    303.000    11.1629   3.985168     2.2397     0.0268 180.650197   48.81924  -16.52058 1.0000e-12    35.5181    11.1248    99.7465    300.207  488907377     0.8243     2.2427     4.7118     0.0061     0.0362     0.4387     0.0000     0.0000    11.1248    35.5170    27.1555    5.47279    238.020 0.0000e+00
    304.000    11.1624   3.985177     2.2394     0.0214 180.650206   48.81924  -16.52058 1.0000e-12    35.5181    11.1241    99.7478    301.204  488907378     0.7609     2.2413     4.7119     0.0061     0.0280     0.4845     0.0000     0.0000    11.1241    35.5172    27.1557    5.47090    237.938 0.0000e+00
    305.000    11.1620   3.985220     2.2389     0.0194 180.650215   48.81924  -16.52058 1.0000e-12    35.5184    11.1236    99.7590    302.201  488907379     0.7350     2.2397     4.7124     0.0061     0.0298     0.0145     0.0000     0.0000    11.1236    35.5175    27.1561    5.47088    237.937 0.0000e+00
    306.000    11.1599   3.985088     2.2391     0.0184 180.650226   48.81924  -16.52058 1.0000e-12    35.5186    11.1214    99.7480    303.195  488907380     0.7220     2.2393     4.7119     0.0061     0.0364     0.5791     0.0000     0.0000    11.1214    35.5178    27.1567    5.47759    238.228 0.0000e+00
    307.000    11.1597   3.985134     2.2397     0.0197 180.650246   48.81924  -16.52058 1.0000e-12    35.5186    11.1211    99.7625    304.177  488907381     0.7390     2.2387     4.7126     0.0061     0.0336     0.3386     0.0000     0.0000    11.1211    35.5179    27.1569    5.47772    238.234 0.0000e+00
    308.000    11.1594   3.985161     2.2392     0.0221 180.650271   48.81924  -16.52058 1.0000e-12    35.5186    11.1207    99.7629    305.158  488907384     0.7705     2.2394     4.7126     0.0061     0.0338     0.2363     0.0000     0.0000    11.1207    35.5181    27.1571    5.47217    237.993 0.0000e+00
    309.000    11.1580   3.985085     2.2385     0.0237 180.650283   48.81924  -16.52058 1.0000e-12    35.5186    11.1192    99.7317    306.144  488907385     0.7899     2.2393     4.7111     0.0061     0.0341     0.3994     0.0000     0.0000    11.1192    35.5182    27.1574    5.47320    238.037 0.0000e+00
    310.000    11.1575   3.985079     2.2381     0.0248 180.650292   48.81924  -16.52058 1.0000e-12    35.5187    11.1185    99.7665    307.144  488907385     0.8018     2.2393     4.7128     0.0061     0.0364     0.5127     0.0000     0.0000    11.1185    35.5183    27.1576    5.47380    238.064 0.0000e+00
    311.000    11.1567   3.985091     2.2384     0.0257 180.650301   48.81924  -16.52058 1.0000e-12    35.5190    11.1176    99.7490    308.137  488907386     0.8127     2.2386     4.7119     0.0061     0.0323     0.4826     0.0000     0.0000    11.1176    35.5186    27.1580    5.47471    238.103 0.0000e+00
    312.000    11.1553   3.985016     2.2377     0.0280 180.650310   48.81924  -16.52058 1.0000e-12    35.5192    11.1161    99.7511    309.135  488907387     0.8374     2.2381     4.7120     0.0061     0.0301     0.3957     0.0000     0.0000    11.1160    35.5188    27.1585    5.47445    238.092 0.0000e+00
    313.000    11.1544   3.984972     2.2383     0.0261 180.650323   48.81924  -16.52058 1.0000e-12    35.5192    11.1150    99.7505    310.121  488907388     0.8170     2.2378     4.7120     0.0061     0.0323     0.2758     0.0000     0.0000    11.1150    35.5188    27.1587    5.47990    238.329 0.0000e+00
    314.000    11.1552   3.985109     2.2384     0.0236 180.650342   48.81924  -16.52060 1.0000e-12    35.5192    11.1157    99.7575    311.107  488907390     0.7876     2.2376     4.7124     0.0061     0.0361     0.3756     0.0000     0.0000    11.1157    35.5189    27.1586    5.47659    238.185 0.0000e+00
    315.000    11.1567   3.985374     2.2373     0.0243 180.650364   48.81924  -16.52060 1.0000e-12    35.5199    11.1171    99.7739    312.093  488907392     0.7960     2.2381     4.7132     0.0061     0.0305     0.3950     0.0000     0.0000    11.1171    35.5197    27.1590    5.47388    238.067 0.0000e+00
