Data/ruptures/DY032/PAP/d20150627_DY032_CTD07.cnv
* Sea-Bird SBE 9 Data File:
* FileName = C:\CTD\DY032\20150627_DY032_CTD07.hdr
* Software Version Seasave V 7.23.2
* Temperature SN = 2112
* Conductivity SN = 3159
* Number of Bytes Per Scan = 35
* Number of Voltage Words = 4
* Number of Scans Averaged by the Deck Unit = 1
* NMEA Latitude = 49 04.42 N
* NMEA Longitude = 016 15.81 W
* NMEA UTC (Time) = Jun 27 2015 22:01:55
** Ship:
** Station:
** Operator:
# nquan = 28
# nvalues = 1002                        
# units = specified
# name 0 = prDM: Pressure, Digiquartz [db]
# name 1 = t090C: Temperature [ITS-90, deg C]
# name 2 = c0S/m: Conductivity [S/m]
# name 3 = sbeox0V: Oxygen raw, SBE 43 [V]
# name 4 = flC: Fluorescence, Chelsea Aqua 3 Chl Con [ug/l]
# name 5 = timeJ: Julian Days
# name 6 = latitude: Latitude [deg]
# name 7 = longitude: Longitude [deg]
# name 8 = par: PAR/Irradiance, Biospherical/Licor
# name 9 = sal00: Salinity, Practical [PSU]
# name 10 = potemp090C: Potential Temperature [ITS-90, deg C]
# name 11 = CStarTr0: Beam Transmission, WET Labs C-Star [%]
# name 12 = depSM: Depth [salt water, m]
# name 13 = timeQ: Time, NMEA [seconds]
# name 14 = v0: Voltage 0
# name 15 = v1: Voltage 1
# name 16 = v2: Voltage 2
# name 17 = v3: Voltage 3
# name 18 = v4: Voltage 4
# name 19 = v5: Voltage 5
# name 20 = v6: Voltage 6
# name 21 = v7: Voltage 7
# name 22 = potemp090C: Potential Temperature [ITS-90, deg C]
# name 23 = sal00: Salinity, Practical [PSU]
# name 24 = sigma-é00: Density [sigma-theta, kg/m^3]
# name 25 = sbeox0ML/L: Oxygen, SBE 43 [ml/l], WS = 2
# name 26 = sbeox0Mm/Kg: Oxygen, SBE 43 [umol/kg], WS = 2
# name 27 = flag: flag
# span 0 =      6.000,   1007.000       
# span 1 =     8.2835,    15.0054       
# span 2 =   3.727117,   4.350374       
# span 3 =     1.6707,     2.5495       
# span 4 =     0.0119,     1.6756       
# span 5 = 178.921135, 178.939874       
# span 6 =   49.07352,   49.07374       
# span 7 =  -16.26489,  -16.26348       
# span 8 = -2.346e-03, 1.5285e-02       
# span 9 =    35.3305,    35.5428       
# span 10 =     8.1737,    15.0014      
# span 11 =    89.1639,    99.9016      
# span 12 =      5.936,    996.050      
# span 13 =  488757986,  488759605      
# span 14 =     0.6198,     2.4523      
# span 15 =     1.6692,     2.5504      
# span 16 =     4.2119,     4.7192      
# span 17 =    -0.0104,     0.1136      
# span 18 =     0.0140,     0.2530      
# span 19 =    -0.0213,     0.7667      
# span 20 =     0.0000,     0.0000      
# span 21 =     0.0000,     0.0000      
# span 22 =     8.1737,    15.0014      
# span 23 =    35.3281,    35.5313      
# span 24 =    26.3722,    27.5387      
# span 25 =    4.26416,    5.74524      
# span 26 =    185.534,    249.823      
# span 27 = 0.0000e+00, 0.0000e+00      
# interval = decibars: 1                
# start_time = Jun 27 2015 22:06:25 [NMEA time, first data scan]
# bad_flag = -9.990e-29
*END*
[from data line 208]
    214.000    11.4528   4.009011     2.2340     0.0272 178.927201   49.07374  -16.26350 1.0000e-12    35.5140    11.4256    99.5880    212.085  488758510     0.8288     2.2366     4.7043     0.0061     0.0301     0.4748     0.0000     0.0000    11.4256    35.5146    27.0979    5.35517    232.898 0.0000e+00
    215.000    11.4580   4.009686     2.2326     0.0284 178.927225   49.07374  -16.26350 1.0000e-12    35.5153    11.4306    99.6135    213.061  488758512     0.8416     2.2342     4.7056     0.0061     0.0374     0.3164     0.0000     0.0000    11.4306    35.5159    27.0979    5.35255    232.784 0.0000e+00
    216.000    11.4517   4.009152     2.2330     0.0352 178.927246   49.07374  -16.26350 1.0000e-12    35.5160    11.4242    99.6431    214.047  488758514     0.9074     2.2329     4.7070     0.0061     0.0353     0.3201     0.0000     0.0000    11.4242    35.5162    27.0994    5.37082    233.578 0.0000e+00
    217.000    11.4371   4.007581     2.2360     0.0321 178.927257   49.07374  -16.26350 1.0000e-12    35.5144    11.4095    99.6186    215.041  488758515     0.8782     2.2321     4.7058     0.0061     0.0354     0.4312     0.0000     0.0000    11.4095    35.5142    27.1006    5.38664    234.267 0.0000e+00
    218.000    11.4332   4.007159     2.2384     0.0234 178.927266   49.07374  -16.26350 1.0000e-12    35.5137    11.4054    99.6312    216.041  488758516     0.7852     2.2315     4.7064     0.0061     0.0354     0.4317     0.0000     0.0000    11.4054    35.5134    27.1007    5.39700    234.718 0.0000e+00
    219.000    11.4226   4.006040     2.2435     0.0238 178.927282   49.07374  -16.26350 1.0000e-12    35.5125    11.3947    99.6305    217.034  488758517     0.7905     2.2348     4.7064     0.0061     0.0342     0.3320     0.0000     0.0000    11.3947    35.5120    27.1016    5.41083    235.320 0.0000e+00
    220.000    11.4318   4.007050     2.2450     0.0277 178.927316   49.07374  -16.26350 1.0000e-12    35.5128    11.4038    99.6164    218.001  488758520     0.8341     2.2450     4.7057     0.0061     0.0332     0.3993     0.0000     0.0000    11.4038    35.5127    27.1005    5.39820    234.770 0.0000e+00
    221.000    11.4094   4.004679     2.2467     0.0266 178.927326   49.07374  -16.26350 1.0000e-12    35.5110    11.3813    99.6159    219.000  488758521     0.8225     2.2461     4.7056     0.0061     0.0329     0.4323     0.0000     0.0000    11.3813    35.5103    27.1028    5.41805    235.634 0.0000e+00
    222.000    11.3980   4.003544     2.2475     0.0267 178.927335   49.07374  -16.26350 1.0000e-12    35.5104    11.3698    99.6188    219.995  488758521     0.8229     2.2443     4.7058     0.0061     0.0367     0.5082     0.0000     0.0000    11.3698    35.5095    27.1043    5.42001    235.720 0.0000e+00
    223.000    11.3820   4.001709     2.2483     0.0283 178.927344   49.07374  -16.26350 1.0000e-12    35.5076    11.3537    99.6207    220.998  488758522     0.8404     2.2446     4.7059     0.0061     0.0344     0.3965     0.0000     0.0000    11.3537    35.5063    27.1048    5.42426    235.906 0.0000e+00
    224.000    11.3543   3.998691     2.2503     0.0281 178.927360   49.07374  -16.26350 1.0000e-12    35.5042    11.3259    99.6247    221.985  488758524     0.8390     2.2468     4.7061     0.0061     0.0355     0.3390     0.0000     0.0000    11.3259    35.5025    27.1070    5.43752    236.484 0.0000e+00
    225.000    11.3596   3.999261     2.2517     0.0291 178.927388   49.07374  -16.26350 1.0000e-12    35.5037    11.3311    99.6189    222.965  488758526     0.8489     2.2498     4.7058     0.0061     0.0370     0.3201     0.0000     0.0000    11.3311    35.5027    27.1062    5.43170    236.230 0.0000e+00
    226.000    11.3408   3.997237     2.2504     0.0300 178.927410   49.07374  -16.26350 1.0000e-12    35.5015    11.3122    99.6257    223.957  488758528     0.8579     2.2515     4.7061     0.0061     0.0296     0.4339     0.0000     0.0000    11.3121    35.5002    27.1078    5.42948    236.135 0.0000e+00
    227.000    11.3411   3.997332     2.2494     0.0343 178.927427   49.07374  -16.26350 1.0000e-12    35.5014    11.3124    99.5606    224.944  488758529     0.8991     2.2508     4.7031     0.0061     0.0340     0.3169     0.0000     0.0000    11.3124    35.5004    27.1079    5.42932    236.128 0.0000e+00
    228.000    11.3421   3.997510     2.2494     0.0347 178.927438   49.07374  -16.26350 1.0000e-12    35.5016    11.3132    99.6310    225.937  488758530     0.9030     2.2502     4.7064     0.0061     0.0393     0.3767     0.0000     0.0000    11.3132    35.5008    27.1081    5.42836    236.086 0.0000e+00
    229.000    11.3457   3.998029     2.2481     0.0319 178.927449   49.07374  -16.26350 1.0000e-12    35.5027    11.3167    99.6174    226.931  488758531     0.8770     2.2493     4.7057     0.0061     0.0430     0.3931     0.0000     0.0000    11.3166    35.5020    27.1084    5.41779    235.626 0.0000e+00
    230.000    11.3513   3.998864     2.2462     0.0316 178.927460   49.07374  -16.26350 1.0000e-12    35.5049    11.3221    99.5823    227.925  488758532     0.8745     2.2491     4.7041     0.0061     0.0409     0.3473     0.0000     0.0000    11.3221    35.5045    27.1093    5.41249    235.395 0.0000e+00
    231.000    11.3492   3.998745     2.2446     0.0294 178.927474   49.07374  -16.26350 1.0000e-12    35.5053    11.3199    99.6109    228.912  488758533     0.8517     2.2485     4.7054     0.0061     0.0377     0.2901     0.0000     0.0000    11.3199    35.5049    27.1100    5.41381    235.452 0.0000e+00
    232.000    11.3492   3.998853     2.2445     0.0273 178.927489   49.07374  -16.26350 1.0000e-12    35.5059    11.3198    99.6280    229.906  488758535     0.8297     2.2459     4.7062     0.0061     0.0335     0.3384     0.0000     0.0000    11.3198    35.5055    27.1105    5.41598    235.546 0.0000e+00
    233.000    11.3500   3.999003     2.2442     0.0281 178.927516   49.07374  -16.26351 1.0000e-12    35.5060    11.3205    99.6426    230.892  488758537     0.8378     2.2440     4.7070     0.0061     0.0333     0.3816     0.0000     0.0000    11.3205    35.5057    27.1105    5.41792    235.631 0.0000e+00
    234.000    11.3465   3.998775     2.2446     0.0276 178.927547   49.07373  -16.26349 1.0000e-12    35.5067    11.3168    99.6404    231.872  488758540     0.8327     2.2439     4.7069     0.0061     0.0353     0.2636     0.0000     0.0000    11.3168    35.5064    27.1118    5.42078    235.755 0.0000e+00
    235.000    11.3405   3.998225     2.2449     0.0272 178.927558   49.07372  -16.26348 1.0000e-12    35.5067    11.3107    99.6417    232.865  488758541     0.8286     2.2441     4.7069     0.0061     0.0337     0.4386     0.0000     0.0000    11.3107    35.5063    27.1128    5.42480    235.930 0.0000e+00
    236.000    11.3367   3.997822     2.2454     0.0251 178.927567   49.07372  -16.26348 1.0000e-12    35.5059    11.3068    99.6415    233.859  488758542     0.8053     2.2442     4.7069     0.0061     0.0350     0.5116     0.0000     0.0000    11.3068    35.5055    27.1129    5.42473    235.928 0.0000e+00
    237.000    11.3272   3.996824     2.2449     0.0229 178.927575   49.07372  -16.26348 1.0000e-12    35.5049    11.2972    99.6234    234.857  488758542     0.7808     2.2442     4.7060     0.0061     0.0333     0.3778     0.0000     0.0000    11.2972    35.5042    27.1137    5.42541    235.957 0.0000e+00
    238.000    11.3214   3.996219     2.2455     0.0245 178.927583   49.07374  -16.26350 1.0000e-12    35.5041    11.2913    99.6186    235.850  488758543     0.7994     2.2444     4.7058     0.0061     0.0334     0.1263     0.0000     0.0000    11.2913    35.5034    27.1141    5.43248    236.265 0.0000e+00
    239.000    11.3162   3.995764     2.2468     0.0247 178.927598   49.07374  -16.26350 1.0000e-12    35.5042    11.2859    99.6143    236.845  488758544     0.8006     2.2448     4.7056     0.0061     0.0345     0.3607     0.0000     0.0000    11.2859    35.5034    27.1152    5.44135    236.651 0.0000e+00
    240.000    11.3208   3.996358     2.2462     0.0376 178.927650   49.07374  -16.26349 1.0000e-12    35.5048    11.2904    99.6127    237.811  488758549     0.9317     2.2490     4.7055     0.0061     0.0322     0.4960     0.0000     0.0000    11.2905    35.5044    27.1151    5.42566    235.968 0.0000e+00
    241.000    11.3109   3.995429     2.2457     0.0355 178.927658   49.07374  -16.26348 1.0000e-12    35.5049    11.2804    99.6238    238.804  488758549     0.9102     2.2471     4.7060     0.0061     0.0280     0.4334     0.0000     0.0000    11.2805    35.5043    27.1168    5.43326    236.299 0.0000e+00
    242.000    11.3081   3.995155     2.2459     0.0301 178.927666   49.07374  -16.26348 1.0000e-12    35.5044    11.2775    99.6173    239.800  488758550     0.8584     2.2466     4.7057     0.0061     0.0289     0.0088     0.0000     0.0000    11.2775    35.5038    27.1170    5.43870    236.536 0.0000e+00
    243.000    11.3075   3.995117     2.2470     0.0208 178.927674   49.07374  -16.26348 1.0000e-12    35.5042    11.2767    99.6108    240.802  488758551     0.7532     2.2456     4.7054     0.0061     0.0314     0.5334     0.0000     0.0000    11.2767    35.5036    27.1170    5.44463    236.794 0.0000e+00
    244.000    11.3053   3.994910     2.2476     0.0246 178.927682   49.07373  -16.26348 1.0000e-12    35.5038    11.2744    99.6037    241.794  488758552     0.7989     2.2453     4.7051     0.0061     0.0323     0.4591     0.0000     0.0000    11.2744    35.5032    27.1171    5.44634    236.868 0.0000e+00
    245.000    11.3104   3.995678     2.2485     0.0290 178.927694   49.07372  -16.26349 1.0000e-12    35.5058    11.2794    99.6081    242.785  488758553     0.8466     2.2457     4.7053     0.0061     0.0410     0.2811     0.0000     0.0000    11.2794    35.5055    27.1180    5.44896    236.982 0.0000e+00
    246.000    11.3121   3.996002     2.2495     0.0247 178.927714   49.07374  -16.26350 1.0000e-12    35.5069    11.2810    99.6239    243.766  488758554     0.8004     2.2474     4.7060     0.0061     0.0376     0.3714     0.0000     0.0000    11.2810    35.5066    27.1186    5.44855    236.964 0.0000e+00
    247.000    11.3102   3.995868     2.2495     0.0248 178.927734   49.07374  -16.26350 1.0000e-12    35.5069    11.2790    99.6132    244.756  488758556     0.8024     2.2489     4.7055     0.0061     0.0304     0.4458     0.0000     0.0000    11.2790    35.5066    27.1190    5.44907    236.987 0.0000e+00
    248.000    11.3105   3.996031     2.2496     0.0258 178.927756   49.07373  -16.26350 1.0000e-12    35.5077    11.2791    99.6206    245.748  488758558     0.8136     2.2491     4.7059     0.0061     0.0369     0.3364     0.0000     0.0000    11.2791    35.5075    27.1196    5.44898    236.982 0.0000e+00
    249.000    11.3106   3.996092     2.2491     0.0289 178.927778   49.07372  -16.26350 1.0000e-12    35.5077    11.2791    99.6194    246.730  488758560     0.8466     2.2492     4.7058     0.0061     0.0333     0.2455     0.0000     0.0000    11.2791    35.5076    27.1197    5.44614    236.859 0.0000e+00
    250.000    11.3088   3.995978     2.2484     0.0271 178.927791   49.07372  -16.26350 1.0000e-12    35.5079    11.2771    99.6126    247.725  488758561     0.8272     2.2491     4.7055     0.0061     0.0401     0.3815     0.0000     0.0000    11.2771    35.5078    27.1202    5.44759    236.922 0.0000e+00
    251.000    11.3073   3.995873     2.2492     0.0282 178.927802   49.07372  -16.26350 1.0000e-12    35.5079    11.2755    99.6172    248.720  488758562     0.8393     2.2490     4.7057     0.0061     0.0349     0.3972     0.0000     0.0000    11.2755    35.5077    27.1204    5.45476    237.234 0.0000e+00
    252.000    11.3068   3.995886     2.2495     0.0288 178.927814   49.07374  -16.26350 1.0000e-12    35.5080    11.2750    99.6181    249.713  488758563     0.8459     2.2484     4.7058     0.0061     0.0378     0.3266     0.0000     0.0000    11.2750    35.5078    27.1206    5.45312    237.162 0.0000e+00
    253.000    11.3067   3.995912     2.2495     0.0290 178.927830   49.07374  -16.26350 1.0000e-12    35.5079    11.2747    99.6367    250.701  488758564     0.8478     2.2486     4.7067     0.0061     0.0463     0.4462     0.0000     0.0000    11.2747    35.5078    27.1206    5.45293    237.154 0.0000e+00
    254.000    11.3070   3.995983     2.2495     0.0303 178.927849   49.07374  -16.26350 1.0000e-12    35.5078    11.2749    99.6289    251.687  488758566     0.8614     2.2491     4.7063     0.0061     0.0440     0.4690     0.0000     0.0000    11.2749    35.5077    27.1206    5.45381    237.192 0.0000e+00
    255.000    11.3053   3.995958     2.2497     0.0320 178.927866   49.07372  -16.26350 1.0000e-12    35.5088    11.2730    99.6078    252.681  488758567     0.8783     2.2491     4.7053     0.0061     0.0369     0.2377     0.0000     0.0000    11.2730    35.5087    27.1216    5.45772    237.362 0.0000e+00
    256.000    11.3059   3.996100     2.2503     0.0339 178.927885   49.07372  -16.26350 1.0000e-12    35.5092    11.2735    99.5710    253.669  488758569     0.8956     2.2491     4.7036     0.0061     0.0407     0.4567     0.0000     0.0000    11.2735    35.5090    27.1218    5.45575    237.277 0.0000e+00
    257.000    11.3014   3.995664     2.2494     0.0340 178.927902   49.07372  -16.26350 1.0000e-12    35.5088    11.2689    99.6072    254.655  488758570     0.8964     2.2497     4.7052     0.0061     0.0448     0.3006     0.0000     0.0000    11.2689    35.5086    27.1223    5.45410    237.205 0.0000e+00
    258.000    11.2951   3.995070     2.2493     0.0265 178.927915   49.07372  -16.26350 1.0000e-12    35.5087    11.2624    99.6313    255.652  488758572     0.8207     2.2499     4.7064     0.0061     0.0372     0.3259     0.0000     0.0000    11.2625    35.5083    27.1233    5.45804    237.376 0.0000e+00
    259.000    11.2969   3.995430     2.2495     0.0252 178.927930   49.07372  -16.26350 1.0000e-12    35.5099    11.2642    99.6054    256.645  488758573     0.8057     2.2490     4.7052     0.0061     0.0384     0.4351     0.0000     0.0000    11.2642    35.5097    27.1241    5.45861    237.401 0.0000e+00
    260.000    11.2982   3.995594     2.2495     0.0226 178.927951   49.07372  -16.26350 1.0000e-12    35.5098    11.2653    99.5968    257.625  488758575     0.7755     2.2490     4.7048     0.0061     0.0379     0.2131     0.0000     0.0000    11.2653    35.5096    27.1238    5.45809    237.378 0.0000e+00
    261.000    11.2979   3.995698     2.2489     0.0276 178.927965   49.07372  -16.26350 1.0000e-12    35.5107    11.2648    99.6074    258.611  488758576     0.8330     2.2491     4.7052     0.0061     0.0366     0.3885     0.0000     0.0000    11.2648    35.5106    27.1246    5.45058    237.052 0.0000e+00
    262.000    11.2919   3.995158     2.2474     0.0271 178.927975   49.07372  -16.26352 1.0000e-12    35.5108    11.2587    99.6159    259.610  488758577     0.8277     2.2491     4.7056     0.0061     0.0370     0.4629     0.0000     0.0000    11.2587    35.5105    27.1257    5.44723    236.906 0.0000e+00
    263.000    11.2917   3.995241     2.2466     0.0289 178.927984   49.07372  -16.26352 1.0000e-12    35.5113    11.2585    99.6146    260.609  488758578     0.8469     2.2491     4.7056     0.0061     0.0362     0.4396     0.0000     0.0000    11.2585    35.5110    27.1262    5.44674    236.885 0.0000e+00
