Data/ruptures/DY032/PAP/d20150630_DY032_CTD11.cnv
* Sea-Bird SBE 9 Data File:
* FileName = C:\CTD\DY032\20150629_DY032_CTD11.hdr
* Software Version Seasave V 7.23.2
* Temperature SN = 2112
* Conductivity SN = 3159
* Number of Bytes Per Scan = 35
* Number of Voltage Words = 4
* Number of Scans Averaged by the Deck Unit = 1
* NMEA Latitude = 49 04.43 N
* NMEA Longitude = 016 15.81 W
* NMEA UTC (Time) = Jun 30 2015 10:57:04
** Ship:
** Station:
** Operator:
# nquan = 28
# nvalues = 4081                        
# units = specified
# name 0 = prDM: Pressure, Digiquartz [db]
# name 1 = t090C: Temperature [ITS-90, deg C]
# name 2 = c0S/m: Conductivity [S/m]
# name 3 = sbeox0V: Oxygen raw, SBE 43 [V]
# name 4 = flC: Fluorescence, Chelsea Aqua 3 Chl Con [ug/l]
# name 5 = timeJ: Julian Days
# name 6 = latitude: Latitude [deg]
# name 7 = longitude: Longitude [deg]
# name 8 = par: PAR/Irradiance, Biospherical/Licor
# name 9 = sal00: Salinity, Practical [PSU]
# name 10 = potemp090C: Potential Temperature [ITS-90, deg C]
# name 11 = CStarTr0: Beam Transmission, WET Labs C-Star [%]
# name 12 = depSM: Depth [salt water, m]
# name 13 = timeQ: Time, NMEA [seconds]
# name 14 = v0: Voltage 0
# name 15 = v1: Voltage 1
# name 16 = v2: Voltage 2
# name 17 = v3: Voltage 3
# name 18 = v4: Voltage 4
# name 19 = v5: Voltage 5
# name 20 = v6: Voltage 6
# name 21 = v7: Voltage 7
# name 22 = potemp090C: Potential Temperature [ITS-90, deg C]
# name 23 = sal00: Salinity, Practical [PSU]
# name 24 = sigma-é00: Density [sigma-theta, kg/m^3]
# name 25 = sbeox0ML/L: Oxygen, SBE 43 [ml/l], WS = 2
# name 26 = sbeox0Mm/Kg: Oxygen, SBE 43 [umol/kg], WS = 2
# name 27 = flag: flag
# span 0 =      5.000,   4085.000       
# span 1 =     2.5344,    15.0329       
# span 2 =   3.278909,   4.348356       
# span 3 =     1.3070,     2.5374       
# span 4 =     0.0066,     1.4672       
# span 5 = 181.461286, 181.527635       
# span 6 =   49.06687,   49.07348       
# span 7 =  -16.26410,  -16.26253       
# span 8 = -2.993e-01, 1.8107e+02       
# span 9 =    34.9110,    35.5379       
# span 10 =     2.1753,    15.0320      
# span 11 =    89.4724,   100.0704      
# span 12 =      4.946,   4011.768      
# span 13 =  488977455,  488983187      
# span 14 =     0.5151,     2.3951      
# span 15 =     1.2810,     2.5379      
# span 16 =     4.2265,     4.7271      
# span 17 =     0.0008,     3.5636      
# span 18 =     0.0122,     0.3720      
# span 19 =     0.0000,     0.0000      
# span 20 =     0.0000,     0.0000      
# span 21 =     0.2050,     0.2258      
# span 22 =     2.1753,    15.0320      
# span 23 =    34.9111,    35.5384      
# span 24 =    26.3387,    27.8864      
# span 25 =    4.24704,    5.86279      
# span 26 =    184.790,    255.475      
# span 27 = 0.0000e+00, 0.0000e+00      
# interval = decibars: 1                
# start_time = Jun 30 2015 11:03:57 [NMEA time, first data scan]
# bad_flag = -9.990e-29
*END*
[from data line 2589]
   2594.000     3.2733   3.295125     1.6210     0.0270 181.496745   49.06944  -16.26376 1.0000e-12    34.9364     3.0589    99.6700   2556.197  488980519     0.8261     1.6112     4.7083     0.0061     0.0139     0.0000     0.0000     0.2247     3.0589    34.9362    27.8287    5.77018    251.452 0.0000e+00
   2595.000     3.2732   3.295154     1.6203     0.0251 181.496756   49.06944  -16.26376 1.0000e-12    34.9363     3.0587    99.6701   2557.177  488980520     0.8059     1.6109     4.7083     0.0061     0.0142     0.0000     0.0000     0.2247     3.0587    34.9362    27.8287    5.75646    250.854 0.0000e+00
   2596.000     3.2730   3.295178     1.6197     0.0239 181.496767   49.06944  -16.26376 1.0000e-12    34.9363     3.0584    99.6748   2558.159  488980521     0.7915     1.6106     4.7085     0.0061     0.0218     0.0000     0.0000     0.2247     3.0584    34.9362    27.8288    5.76578    251.260 0.0000e+00
   2597.000     3.2729   3.295213     1.6195     0.0249 181.496778   49.06944  -16.26376 1.0000e-12    34.9364     3.0582    99.6719   2559.141  488980521     0.8029     1.6106     4.7083     0.0061     0.0160     0.0000     0.0000     0.2247     3.0582    34.9363    27.8289    5.76259    251.121 0.0000e+00
   2598.000     3.2726   3.295222     1.6183     0.0239 181.496793   49.06944  -16.26376 1.0000e-12    34.9363     3.0579    99.6718   2560.119  488980523     0.7924     1.6094     4.7083     0.0061     0.0179     0.0000     0.0000     0.2247     3.0579    34.9362    27.8289    5.74673    250.430 0.0000e+00
   2599.000     3.2728   3.295284     1.6164     0.0240 181.496811   49.06944  -16.26376 1.0000e-12    34.9364     3.0579    99.6737   2561.093  488980524     0.7926     1.6089     4.7084     0.0061     0.0150     0.0000     0.0000     0.2247     3.0579    34.9364    27.8290    5.72985    249.694 0.0000e+00
   2600.000     3.2737   3.295434     1.6162     0.0181 181.496826   49.06944  -16.26376 1.0000e-12    34.9368     3.0587    99.6730   2562.067  488980526     0.7175     1.6073     4.7084     0.0061     0.0183     0.0000     0.0000     0.2247     3.0587    34.9367    27.8292    5.78750    252.206 0.0000e+00
   2601.000     3.2729   3.295410     1.6174     0.0167 181.496837   49.06944  -16.26376 1.0000e-12    34.9369     3.0578    99.6757   2563.049  488980527     0.6980     1.6071     4.7085     0.0061     0.0163     0.0000     0.0000     0.2247     3.0578    34.9369    27.8294    5.77610    251.710 0.0000e+00
   2602.000     3.2697   3.295157     1.6174     0.0166 181.496845   49.06944  -16.26376 1.0000e-12    34.9369     3.0546    99.6689   2564.029  488980527     0.6958     1.6047     4.7082     0.0061     0.0144     0.0000     0.0000     0.2247     3.0546    34.9367    27.8296    5.76417    251.190 0.0000e+00
   2603.000     3.2683   3.295052     1.6173     0.0192 181.496853   49.06944  -16.26376 1.0000e-12    34.9367     3.0531    99.6689   2565.014  488980528     0.7327     1.6054     4.7082     0.0061     0.0482     0.0000     0.0000     0.2247     3.0531    34.9365    27.8295    5.76439    251.200 0.0000e+00
   2604.000     3.2674   3.295013     1.6173     0.0210 181.496861   49.06944  -16.26376 1.0000e-12    34.9367     3.0522    99.6689   2565.996  488980529     0.7568     1.6067     4.7082     0.0061     0.0435     0.0000     0.0000     0.2247     3.0521    34.9365    27.8296    5.76309    251.143 0.0000e+00
   2605.000     3.2676   3.295054     1.6171     0.0176 181.496869   49.06944  -16.26376 1.0000e-12    34.9365     3.0522    99.6781   2566.974  488980529     0.7107     1.6070     4.7086     0.0061     0.0185     0.0000     0.0000     0.2247     3.0522    34.9364    27.8295    5.75412    250.752 0.0000e+00
   2606.000     3.2673   3.295075     1.6163     0.0171 181.496877   49.06944  -16.26376 1.0000e-12    34.9366     3.0518    99.6716   2567.954  488980530     0.7035     1.6069     4.7083     0.0061     0.0159     0.0000     0.0000     0.2247     3.0518    34.9365    27.8296    5.75208    250.663 0.0000e+00
   2607.000     3.2671   3.295096     1.6162     0.0184 181.496887   49.06942  -16.26376 1.0000e-12    34.9366     3.0515    99.6689   2568.936  488980531     0.7219     1.6068     4.7082     0.0061     0.0153     0.0000     0.0000     0.2247     3.0515    34.9365    27.8297    5.75943    250.984 0.0000e+00
   2608.000     3.2645   3.294898     1.6158     0.0205 181.496899   49.06942  -16.26376 1.0000e-12    34.9366     3.0489    99.6689   2569.918  488980532     0.7496     1.6065     4.7082     0.0061     0.0153     0.0000     0.0000     0.2247     3.0489    34.9364    27.8298    5.74620    250.408 0.0000e+00
   2609.000     3.2607   3.294566     1.6147     0.0172 181.496915   49.06942  -16.26376 1.0000e-12    34.9363     3.0450    99.6696   2570.889  488980533     0.7048     1.6057     4.7082     0.0061     0.0194     0.0000     0.0000     0.2247     3.0450    34.9360    27.8299    5.75008    250.577 0.0000e+00
   2610.000     3.2602   3.294562     1.6146     0.0173 181.496931   49.06942  -16.26376 1.0000e-12    34.9363     3.0444    99.6718   2571.863  488980535     0.7054     1.6050     4.7083     0.0061     0.0187     0.0000     0.0000     0.2247     3.0444    34.9360    27.8299    5.76124    251.063 0.0000e+00
   2611.000     3.2552   3.294117     1.6143     0.0177 181.496943   49.06942  -16.26375 1.0000e-12    34.9359     3.0394    99.6688   2572.843  488980536     0.7120     1.6043     4.7082     0.0061     0.0238     0.0000     0.0000     0.2247     3.0394    34.9355    27.8300    5.72440    249.458 0.0000e+00
   2612.000     3.2518   3.293839     1.6122     0.0164 181.496952   49.06942  -16.26375 1.0000e-12    34.9357     3.0360    99.6704   2573.825  488980537     0.6932     1.6039     4.7083     0.0061     0.0185     0.0000     0.0000     0.2247     3.0361    34.9353    27.8301    5.71825    249.191 0.0000e+00
   2613.000     3.2512   3.293832     1.6119     0.0183 181.496960   49.06942  -16.26376 1.0000e-12    34.9358     3.0354    99.6705   2574.803  488980537     0.7198     1.6044     4.7083     0.0061     0.0165     0.0000     0.0000     0.2247     3.0353    34.9354    27.8303    5.77868    251.824 0.0000e+00
   2614.000     3.2490   3.293672     1.6142     0.0193 181.496968   49.06942  -16.26376 1.0000e-12    34.9358     3.0331    99.6738   2575.784  488980538     0.7335     1.6044     4.7084     0.0061     0.0175     0.0000     0.0000     0.2247     3.0331    34.9354    27.8305    5.80324    252.894 0.0000e+00
   2615.000     3.2486   3.293672     1.6144     0.0204 181.496976   49.06942  -16.26376 1.0000e-12    34.9358     3.0326    99.6690   2576.778  488980539     0.7479     1.6032     4.7082     0.0061     0.0144     0.0000     0.0000     0.2247     3.0326    34.9354    27.8305    5.77366    251.605 0.0000e+00
   2616.000     3.2486   3.293710     1.6147     0.0186 181.496986   49.06942  -16.26376 1.0000e-12    34.9357     3.0325    99.6689   2577.758  488980539     0.7236     1.6013     4.7082     0.0061     0.0165     0.0000     0.0000     0.2247     3.0324    34.9354    27.8305    5.76850    251.381 0.0000e+00
   2617.000     3.2485   3.293739     1.6148     0.0159 181.497003   49.06942  -16.26376 8.9114e+00    34.9356     3.0323    99.6689   2578.724  488980541     0.6848     1.6040     4.7082     0.2386     0.0157     0.0000     0.0000     0.2247     3.0323    34.9353    27.8305    5.76072    251.041 0.0000e+00
   2618.000     3.2484   3.293765     1.6136     0.0151 181.497020   49.06942  -16.26376 4.4696e-02    34.9356     3.0321    99.6689   2579.703  488980542     0.6730     1.6042     4.7082     0.0073     0.0171     0.0000     0.0000     0.2247     3.0321    34.9353    27.8305    5.74331    250.283 0.0000e+00
   2619.000     3.2476   3.293737     1.6129     0.0144 181.497035   49.06942  -16.26375 1.0000e-12    34.9356     3.0312    99.6689   2580.685  488980544     0.6615     1.6042     4.7082     0.0061     0.0217     0.0000     0.0000     0.2247     3.0312    34.9354    27.8306    5.75585    250.829 0.0000e+00
   2620.000     3.2454   3.293583     1.6128     0.0146 181.497050   49.06942  -16.26374 1.0000e-12    34.9357     3.0289    99.6689   2581.655  488980545     0.6652     1.6031     4.7082     0.0061     0.0182     0.0000     0.0000     0.2247     3.0288    34.9354    27.8309    5.75478    250.783 0.0000e+00
   2621.000     3.2434   3.293464     1.6129     0.0143 181.497061   49.06942  -16.26374 1.0000e-12    34.9359     3.0269    99.6689   2582.627  488980546     0.6590     1.6023     4.7082     0.0061     0.0183     0.0000     0.0000     0.2247     3.0268    34.9356    27.8313    5.76405    251.187 0.0000e+00
   2622.000     3.2423   3.293410     1.6128     0.0216 181.497068   49.06941  -16.26374 1.0000e-12    34.9359     3.0257    99.6689   2583.618  488980547     0.7637     1.6023     4.7082     0.0061     0.0180     0.0000     0.0000     0.2247     3.0257    34.9356    27.8314    5.75544    250.812 0.0000e+00
   2623.000     3.2415   3.293395     1.6123     0.0229 181.497075   49.06940  -16.26374 1.0000e-12    34.9361     3.0248    99.6689   2584.594  488980547     0.7802     1.6028     4.7082     0.0061     0.0159     0.0000     0.0000     0.2247     3.0248    34.9359    27.8316    5.74813    250.493 0.0000e+00
   2624.000     3.2410   3.293393     1.6128     0.0192 181.497081   49.06940  -16.26374 1.0000e-12    34.9363     3.0242    99.6689   2585.580  488980548     0.7320     1.6019     4.7082     0.0061     0.0174     0.0000     0.0000     0.2247     3.0241    34.9360    27.8318    5.73803    250.053 0.0000e+00
   2625.000     3.2409   3.293414     1.6112     0.0150 181.497087   49.06940  -16.26374 1.0000e-12    34.9361     3.0240    99.6689   2586.560  488980548     0.6716     1.6023     4.7082     0.0061     0.0178     0.0000     0.0000     0.2247     3.0240    34.9358    27.8317    5.73179    249.781 0.0000e+00
   2626.000     3.2409   3.293447     1.6107     0.0159 181.497093   49.06940  -16.26374 1.0000e-12    34.9360     3.0239    99.6689   2587.551  488980549     0.6852     1.6025     4.7082     0.0061     0.0144     0.0000     0.0000     0.2247     3.0238    34.9358    27.8317    5.74658    250.426 0.0000e+00
   2627.000     3.2405   3.293445     1.6113     0.0220 181.497100   49.06940  -16.26374 1.0000e-12    34.9360     3.0233    99.6689   2588.537  488980549     0.7681     1.6022     4.7082     0.0061     0.0153     0.0000     0.0000     0.2247     3.0234    34.9358    27.8317    5.77556    251.689 0.0000e+00
   2628.000     3.2409   3.293508     1.6119     0.0197 181.497113   49.06940  -16.26376 1.0000e-12    34.9358     3.0236    99.6689   2589.511  488980550     0.7365     1.6013     4.7082     0.0061     0.0148     0.0000     0.0000     0.2247     3.0236    34.9356    27.8316    5.76236    251.113 0.0000e+00
   2629.000     3.2416   3.293620     1.6099     0.0164 181.497148   49.06940  -16.26374 1.0000e-12    34.9358     3.0243    99.6689   2590.460  488980554     0.6925     1.6018     4.7082     0.0061     0.0123     0.0000     0.0000     0.2247     3.0243    34.9357    27.8316    5.73389    249.873 0.0000e+00
   2630.000     3.2396   3.293494     1.6085     0.0164 181.497157   49.06940  -16.26374 1.0000e-12    34.9361     3.0222    99.6689   2591.451  488980554     0.6925     1.6000     4.7082     0.0061     0.0139     0.0000     0.0000     0.2247     3.0222    34.9359    27.8319    5.75897    250.966 0.0000e+00
   2631.000     3.2371   3.293320     1.6110     0.0189 181.497166   49.06940  -16.26374 1.0000e-12    34.9362     3.0197    99.6689   2592.436  488980555     0.7279     1.5998     4.7082     0.0061     0.0138     0.0000     0.0000     0.2247     3.0196    34.9360    27.8322    5.78411    252.062 0.0000e+00
   2632.000     3.2353   3.293221     1.6102     0.0168 181.497175   49.06940  -16.26374 1.0000e-12    34.9366     3.0177    99.6689   2593.409  488980556     0.6989     1.6000     4.7082     0.0061     0.0182     0.0000     0.0000     0.2247     3.0177    34.9363    27.8326    5.74100    250.183 0.0000e+00
   2633.000     3.2345   3.293189     1.6099     0.0192 181.497183   49.06940  -16.26374 1.0000e-12    34.9365     3.0169    99.6689   2594.398  488980557     0.7329     1.5975     4.7082     0.0061     0.0206     0.0000     0.0000     0.2247     3.0169    34.9362    27.8327    5.74067    250.169 0.0000e+00
   2634.000     3.2335   3.293141     1.6093     0.0188 181.497191   49.06940  -16.26374 1.0000e-12    34.9365     3.0159    99.6689   2595.375  488980557     0.7270     1.5995     4.7082     0.0061     0.0170     0.0000     0.0000     0.2247     3.0159    34.9362    27.8328    5.75470    250.780 0.0000e+00
   2635.000     3.2334   3.293167     1.6100     0.0176 181.497199   49.06940  -16.26374 1.0000e-12    34.9364     3.0156    99.6689   2596.361  488980558     0.7106     1.6002     4.7082     0.0061     0.0147     0.0000     0.0000     0.2247     3.0156    34.9362    27.8328    5.75700    250.880 0.0000e+00
   2636.000     3.2332   3.293177     1.6091     0.0144 181.497210   49.06940  -16.26374 1.0000e-12    34.9364     3.0153    99.6689   2597.342  488980559     0.6620     1.5994     4.7082     0.0061     0.0155     0.0000     0.0000     0.2247     3.0153    34.9361    27.8328    5.73081    249.739 0.0000e+00
   2637.000     3.2326   3.293169     1.6081     0.0123 181.497225   49.06940  -16.26374 1.0000e-12    34.9364     3.0146    99.6689   2598.311  488980560     0.6272     1.5991     4.7082     0.0061     0.0159     0.0000     0.0000     0.2247     3.0146    34.9362    27.8329    5.75719    250.889 0.0000e+00
   2638.000     3.2326   3.293221     1.6094     0.0128 181.497239   49.06940  -16.26374 1.0000e-12    34.9365     3.0146    99.6689   2599.277  488980561     0.6355     1.5985     4.7082     0.0061     0.0159     0.0000     0.0000     0.2247     3.0146    34.9363    27.8329    5.75177    250.653 0.0000e+00
   2639.000     3.2321   3.293205     1.6081     0.0166 181.497247   49.06940  -16.26374 1.0000e-12    34.9363     3.0140    99.6689   2600.262  488980562     0.6953     1.5978     4.7082     0.0061     0.0180     0.0000     0.0000     0.2247     3.0140    34.9362    27.8329    5.72733    249.588 0.0000e+00
   2640.000     3.2314   3.293198     1.6079     0.0238 181.497254   49.06940  -16.26374 1.0000e-12    34.9365     3.0132    99.6689   2601.244  488980563     0.7909     1.5971     4.7082     0.0061     0.0168     0.0000     0.0000     0.2247     3.0132    34.9364    27.8331    5.73680    250.000 0.0000e+00
   2641.000     3.2306   3.293158     1.6074     0.0256 181.497261   49.06940  -16.26374 1.0000e-12    34.9365     3.0122    99.6689   2602.229  488980563     0.8110     1.5986     4.7082     0.0061     0.0166     0.0000     0.0000     0.2247     3.0122    34.9364    27.8332    5.74318    250.278 0.0000e+00
   2642.000     3.2302   3.293173     1.6073     0.0234 181.497268   49.06940  -16.26374 1.0000e-12    34.9366     3.0118    99.6689   2603.223  488980564     0.7861     1.5987     4.7082     0.0061     0.0183     0.0000     0.0000     0.2247     3.0118    34.9364    27.8333    5.74859    250.514 0.0000e+00
   2643.000     3.2290   3.293085     1.6075     0.0258 181.497276   49.06940  -16.26374 1.0000e-12    34.9365     3.0104    99.6689   2604.203  488980565     0.8136     1.5976     4.7082     0.0061     0.0182     0.0000     0.0000     0.2247     3.0105    34.9363    27.8333    5.75435    250.765 0.0000e+00
   2644.000     3.2278   3.293040     1.6071     0.0235 181.497294   49.06940  -16.26374 1.0000e-12    34.9367     3.0092    99.6689   2605.169  488980566     0.7872     1.5970     4.7082     0.0061     0.0196     0.0000     0.0000     0.2247     3.0092    34.9365    27.8336    5.74174    250.216 0.0000e+00
