Data/ruptures/DY032/PAP/d20150626_DY032_CTD04.cnv
* Sea-Bird SBE 9 Data File:
* FileName = C:\CTD\DY032\20150625_DY032_CTD04.hdr
* Software Version Seasave V 7.23.2
* Temperature SN = 2112
* Conductivity SN = 3159
* Number of Bytes Per Scan = 35
* Number of Voltage Words = 4
* Number of Scans Averaged by the Deck Unit = 1
* NMEA Latitude = 48 50.41 N
* NMEA Longitude = 016 31.53 W
* NMEA UTC (Time) = Jun 26 2015 10:02:19
** Ship:
** Station:
** Operator:
# nquan = 28
# nvalues = 1009                        
# units = specified
# name 0 = prDM: Pressure, Digiquartz [db]
# name 1 = t090C: Temperature [ITS-90, deg C]
# name 2 = c0S/m: Conductivity [S/m]
# name 3 = sbeox0V: Oxygen raw, SBE 43 [V]
# name 4 = flC: Fluorescence, Chelsea Aqua 3 Chl Con [ug/l]
# name 5 = timeJ: Julian Days
# name 6 = latitude: Latitude [deg]
# name 7 = longitude: Longitude [deg]
# name 8 = par: PAR/Irradiance, Biospherical/Licor
# name 9 = sal00: Salinity, Practical [PSU]
# name 10 = potemp090C: Potential Temperature [ITS-90, deg C]
# name 11 = CStarTr0: Beam Transmission, WET Labs C-Star [%]
# name 12 = depSM: Depth [salt water, m]
# name 13 = timeQ: Time, NMEA [seconds]
# name 14 = v0: Voltage 0
# name 15 = v1: Voltage 1
# name 16 = v2: Voltage 2
# name 17 = v3: Voltage 3
# name 18 = v4: Voltage 4
# name 19 = v5: Voltage 5
# name 20 = v6: Voltage 6
# name 21 = v7: Voltage 7
# name 22 = potemp090C: Potential Temperature [ITS-90, deg C]
# name 23 = sal00: Salinity, Practical [PSU]
# name 24 = sigma-é00: Density [sigma-theta, kg/m^3]
# name 25 = sbeox0ML/L: Oxygen, SBE 43 [ml/l], WS = 2
# name 26 = sbeox0Mm/Kg: Oxygen, SBE 43 [umol/kg], WS = 2
# name 27 = flag: flag
# span 0 =      6.000,   1014.000       
# span 1 =     7.5937,    14.9918       
# span 2 =   3.651975,   4.348866       
# span 3 =     1.6853,     2.5810       
# span 4 =     0.0100,     1.7220       
# span 5 = 177.423966, 177.440036       
# span 6 =   48.83940,   48.84010       
# span 7 =  -16.52758,  -16.52552       
# span 8 = -1.373e-06, 4.4186e+01       
# span 9 =    35.1122,    35.5465       
# span 10 =     7.4883,    14.9908      
# span 11 =    87.8979,    99.9282      
# span 12 =      5.945,   1002.983      
# span 13 =  488628631,  488630019      
# span 14 =     0.5861,     2.4641      
# span 15 =     1.6845,     2.5814      
# span 16 =     4.1522,     4.7204      
# span 17 =     0.0061,     2.9464      
# span 18 =     0.0150,     0.2499      
# span 19 =     0.2087,     1.1373      
# span 20 =     0.0000,     0.0000      
# span 21 =     0.0000,     0.0000      
# span 22 =     7.4884,    14.9908      
# span 23 =    35.1092,    35.5386      
# span 24 =    26.3799,    27.5499      
# span 25 =    4.32423,    5.82575      
# span 26 =    188.169,    253.322      
# span 27 = 0.0000e+00, 0.0000e+00      
# interval = decibars: 1                
# start_time = Jun 26 2015 10:10:13 [NMEA time, first data scan]
# bad_flag = -9.990e-29
*END*
      6.000    14.9879   4.348426     2.5802     0.8186 177.423966   48.84010  -16.52556 4.4186e+01    35.5261    14.9870    88.3579      5.945  488628631     2.1448     2.5814     4.1738     2.9464     0.1332     0.2087     0.0000     0.0000    14.9870    35.5262    26.3806    5.80807    252.536 0.0000e+00
      7.000    14.9918   4.348866     2.5803     0.7833 177.424020   48.84010  -16.52554 3.7463e+01    35.5261    14.9908    88.2554      6.944  488628635     2.1260     2.5807     4.1690     2.8735     0.1683     0.2087     0.0000     0.0000    14.9908    35.5262    26.3799    5.81475    252.826 0.0000e+00
      8.000    14.9867   4.348402     2.5806     0.7745 177.424092   48.84010  -16.52554 3.0944e+01    35.5264    14.9855    88.3610      7.933  488628642     2.1211     2.5810     4.1740     2.7890     0.1557     0.2088     0.0000     0.0000    14.9855    35.5263    26.3811    5.81623    252.891 0.0000e+00
      9.000    14.9830   4.348085     2.5802     0.9594 177.424156   48.84010  -16.52554 2.6187e+01    35.5264    14.9816    87.8979      8.917  488628647     2.2104     2.5811     4.1522     2.7196     0.1447     0.2100     0.0000     0.0000    14.9817    35.5263    26.3820    5.81488    252.832 0.0000e+00
     10.000    14.9831   4.348133     2.5807     1.0462 177.424171   48.84010  -16.52554 2.3263e+01    35.5264    14.9816    88.1765      9.918  488628648     2.2497     2.5804     4.1653     2.6671     0.1380     0.2105     0.0000     0.0000    14.9816    35.5263    26.3819    5.81817    252.975 0.0000e+00
     11.000    14.9849   4.348347     2.5810     1.0941 177.424209   48.84010  -16.52554 1.7832e+01    35.5262    14.9833    88.1299     10.907  488628652     2.2687     2.5804     4.1631     2.5522     0.1332     0.2110     0.0000     0.0000    14.9833    35.5261    26.3814    5.81971    253.042 0.0000e+00
     12.000    14.9774   4.347645     2.5801     1.3738 177.424251   48.84010  -16.52554 1.5796e+01    35.5264    14.9755    88.1426     11.897  488628655     2.3665     2.5811     4.1637     2.4994     0.1524     0.2112     0.0000     0.0000    14.9755    35.5262    26.3832    5.81768    252.954 0.0000e+00
     13.000    14.9666   4.346619     2.5800     1.5586 177.424275   48.84010  -16.52554 1.3574e+01    35.5266    14.9646    88.0374     12.888  488628658     2.4209     2.5800     4.1587     2.4343     0.1556     0.2115     0.0000     0.0000    14.9646    35.5262    26.3856    5.81827    252.979 0.0000e+00
     14.000    14.9604   4.346029     2.5796     1.4460 177.424298   48.84010  -16.52554 1.1527e+01    35.5265    14.9583    87.9721     13.885  488628659     2.3886     2.5799     4.1556     2.3627     0.1411     0.2130     0.0000     0.0000    14.9583    35.5261    26.3869    5.82187    253.136 0.0000e+00
     15.000    14.9637   4.346391     2.5784     1.5855 177.424350   48.84010  -16.52554 1.0196e+01    35.5262    14.9614    88.0048     14.868  488628664     2.4288     2.5798     4.1572     2.3106     0.1553     0.2142     0.0000     0.0000    14.9614    35.5260    26.3861    5.81541    252.855 0.0000e+00
     16.000    14.9569   4.345760     2.5770     1.4758 177.424368   48.84010  -16.52554 8.3485e+00    35.5262    14.9545    87.9405     15.861  488628665     2.3978     2.5784     4.1541     2.2242     0.1640     0.2151     0.0000     0.0000    14.9545    35.5259    26.3876    5.81080    252.655 0.0000e+00
     17.000    14.9523   4.345346     2.5764     1.7220 177.424382   48.84010  -16.52554 7.5226e+00    35.5263    14.9498    88.0481     16.855  488628667     2.4641     2.5785     4.1592     2.1793     0.1566     0.2156     0.0000     0.0000    14.9498    35.5259    26.3887    5.81475    252.826 0.0000e+00
     18.000    14.9481   4.344962     2.5767     1.6460 177.424404   48.84010  -16.52554 6.9447e+00    35.5262    14.9454    88.0981     17.853  488628669     2.4446     2.5772     4.1616     2.1446     0.1697     0.2164     0.0000     0.0000    14.9454    35.5258    26.3895    5.81899    253.010 0.0000e+00
     19.000    14.9455   4.344754     2.5760     1.6361 177.424455   48.84010  -16.52554 5.9902e+00    35.5262    14.9427    88.0765     18.836  488628673     2.4422     2.5788     4.1606     2.0809     0.1677     0.2186     0.0000     0.0000    14.9427    35.5259    26.3902    5.81213    252.713 0.0000e+00
     20.000    14.9431   4.344557     2.5751     1.5714 177.424468   48.84010  -16.52554 5.1448e+00    35.5262    14.9401    88.1395     19.836  488628674     2.4246     2.5776     4.1636     2.0151     0.1696     0.2187     0.0000     0.0000    14.9401    35.5259    26.3907    5.81210    252.711 0.0000e+00
     21.000    14.9429   4.344564     2.5743     1.6110 177.424504   48.84010  -16.52554 4.7148e+00    35.5260    14.9397    88.0221     20.819  488628677     2.4352     2.5752     4.1580     1.9783     0.1645     0.2208     0.0000     0.0000    14.9397    35.5258    26.3907    5.81038    252.637 0.0000e+00
     22.000    14.9332   4.343647     2.5717     1.5779 177.424531   48.84010  -16.52554 4.3599e+00    35.5261    14.9299    88.1171     21.812  488628680     2.4266     2.5747     4.1625     1.9446     0.1589     0.2210     0.0000     0.0000    14.9299    35.5257    26.3929    5.80315    252.322 0.0000e+00
     23.000    14.9322   4.343584     2.5713     1.6393 177.424553   48.84009  -16.52554 3.9936e+00    35.5261    14.9287    88.2286     22.807  488628681     2.4429     2.5727     4.1678     1.9065     0.1657     0.2216     0.0000     0.0000    14.9287    35.5257    26.3931    5.80694    252.487 0.0000e+00
     24.000    14.9341   4.343829     2.5714     1.5677 177.424592   48.84008  -16.52554 3.5270e+00    35.5259    14.9305    88.3304     23.794  488628685     2.4238     2.5711     4.1726     1.8535     0.2016     0.2217     0.0000     0.0000    14.9305    35.5257    26.3928    5.80799    252.532 0.0000e+00
     25.000    14.9271   4.343176     2.5699     1.5361 177.424620   48.84010  -16.52554 3.0078e+00    35.5261    14.9233    88.3616     24.784  488628687     2.4150     2.5713     4.1740     1.7857     0.2198     0.2212     0.0000     0.0000    14.9233    35.5258    26.3944    5.79863    252.126 0.0000e+00
     26.000    14.9209   4.342586     2.5673     1.6224 177.424638   48.84010  -16.52554 2.8439e+00    35.5260    14.9170    88.4257     25.772  488628689     2.4385     2.5714     4.1771     1.7618     0.2034     0.2217     0.0000     0.0000    14.9170    35.5256    26.3956    5.79541    251.986 0.0000e+00
     27.000    14.9212   4.342668     2.5665     1.6386 177.424650   48.84008  -16.52554 2.6837e+00    35.5260    14.9171    88.4333     26.772  488628690     2.4428     2.5695     4.1774     1.7370     0.2499     0.2220     0.0000     0.0000    14.9172    35.5256    26.3956    5.79637    252.027 0.0000e+00
     28.000    14.9173   4.342322     2.5663     1.5442 177.424670   48.84008  -16.52554 2.4068e+00    35.5260    14.9131    88.3847     27.767  488628692     2.4170     2.5674     4.1751     1.6899     0.2085     0.2225     0.0000     0.0000    14.9131    35.5256    26.3965    5.79547    251.988 0.0000e+00
     29.000    14.8884   4.339386     2.5559     1.4777 177.424716   48.84008  -16.52553 2.0206e+00    35.5257    14.8840    88.8135     28.743  488628696     2.3983     2.5664     4.1954     1.6168     0.1908     0.2230     0.0000     0.0000    14.8840    35.5247    26.4022    5.74088    249.615 0.0000e+00
     30.000    14.6267   4.313054     2.5470     1.4210 177.424729   48.84008  -16.52552 1.7889e+00    35.5286    14.6222    89.1521     29.744  488628697     2.3815     2.5644     4.2114     1.5646     0.2357     0.2234     0.0000     0.0000    14.6222    35.5215    26.4569    5.75831    250.376 0.0000e+00
     31.000    14.4788   4.298652     2.5402     1.3053 177.424743   48.84008  -16.52552 1.6497e+00    35.5335    14.4743    89.9900     30.739  488628698     2.3445     2.5551     4.2509     1.5307     0.2036     0.2234     0.0000     0.0000    14.4743    35.5236    26.4906    5.75854    250.387 0.0000e+00
     32.000    14.2938   4.280566     2.5358     1.1232 177.424762   48.84009  -16.52552 1.5698e+00    35.5376    14.2891    91.5789     31.729  488628700     2.2792     2.5447     4.3260     1.5098     0.2021     0.2234     0.0000     0.0000    14.2891    35.5257    26.5320    5.78555    251.562 0.0000e+00
     33.000    14.1814   4.269634     2.5324     1.0176 177.424788   48.84010  -16.52554 1.4374e+00    35.5385    14.1766    92.9522     32.718  488628702     2.2379     2.5359     4.3909     1.4727     0.1962     0.2234     0.0000     0.0000    14.1766    35.5272    26.5572    5.77982    251.314 0.0000e+00
     34.000    13.9309   4.244742     2.5218     1.0129 177.424811   48.84009  -16.52553 1.3066e+00    35.5407    13.9260    93.2080     33.707  488628704     2.2354     2.5341     4.4030     1.4329     0.2057     0.2234     0.0000     0.0000    13.9260    35.5258    26.6092    5.76709    250.764 0.0000e+00
     35.000    13.6535   4.217064     2.5103     0.9447 177.424829   48.84008  -16.52552 1.2251e+00    35.5414    13.6485    93.4695     34.701  488628705     2.2057     2.5273     4.4153     1.4059     0.2027     0.2247     0.0000     0.0000    13.6485    35.5228    26.6650    5.77442    251.087 0.0000e+00
     36.000    13.3964   4.192112     2.5082     0.8275 177.424849   48.84009  -16.52552 1.1071e+00    35.5465    13.3913    94.0098     35.693  488628707     2.1493     2.5158     4.4409     1.3637     0.1570     0.2251     0.0000     0.0000    13.3913    35.5261    26.7208    5.82575    253.322 0.0000e+00
     37.000    13.4483   4.197339     2.5070     0.7522 177.424871   48.84010  -16.52552 1.0234e+00    35.5413    13.4431    95.3880     36.684  488628709     2.1086     2.5078     4.5060     1.3312     0.1317     0.2253     0.0000     0.0000    13.4431    35.5267    26.7106    5.80548    252.440 0.0000e+00
     38.000    13.3472   4.187312     2.5022     0.6537 177.424892   48.84010  -16.52552 9.5289e-01    35.5393    13.3419    95.9874     37.673  488628711     2.0479     2.5080     4.5343     1.3018     0.0979     0.2259     0.0000     0.0000    13.3419    35.5256    26.7306    5.80567    252.450 0.0000e+00
     39.000    13.2664   4.179246     2.4998     0.5808 177.424912   48.84009  -16.52552 9.3413e-01    35.5367    13.2610    96.2383     38.668  488628712     1.9985     2.5040     4.5461     1.2936     0.0915     0.2259     0.0000     0.0000    13.2610    35.5241    26.7460    5.81246    252.746 0.0000e+00
     40.000    13.2478   4.177639     2.4995     0.5735 177.424939   48.84008  -16.52554 8.8838e-01    35.5354    13.2422    96.2372     39.658  488628715     1.9927     2.5002     4.5461     1.2728     0.0804     0.2265     0.0000     0.0000    13.2422    35.5258    26.7512    5.81693    252.941 0.0000e+00
     41.000    13.2501   4.177926     2.4920     0.6096 177.424971   48.84010  -16.52554 8.0738e-01    35.5323    13.2444    96.5327     40.638  488628718     2.0190     2.4997     4.5600     1.2338     0.0778     0.2278     0.0000     0.0000    13.2444    35.5259    26.7508    5.76938    250.873 0.0000e+00
     42.000    13.1211   4.164944     2.4847     0.5977 177.424983   48.84010  -16.52553 7.2919e-01    35.5312    13.1153    96.5483     41.638  488628719     2.0105     2.4993     4.5608     1.1922     0.0555     0.2276     0.0000     0.0000    13.1152    35.5227    26.7747    5.76873    250.848 0.0000e+00
     43.000    13.1085   4.163711     2.4809     0.5552 177.424993   48.84010  -16.52552 6.6907e-01    35.5303    13.1026    96.6429     42.637  488628720     1.9794     2.4948     4.5652     1.1574     0.0537     0.2279     0.0000     0.0000    13.1026    35.5223    26.7769    5.77512    251.126 0.0000e+00
     44.000    13.1242   4.165477     2.4809     0.5145 177.425017   48.84009  -16.52553 6.5857e-01    35.5296    13.1181    96.8235     43.626  488628722     1.9468     2.4855     4.5738     1.1509     0.0548     0.2282     0.0000     0.0000    13.1181    35.5240    26.7750    5.78003    251.339 0.0000e+00
     45.000    13.1208   4.165070     2.4761     0.4899 177.425051   48.84008  -16.52554 6.5169e-01    35.5267    13.1146    97.0486     44.603  488628725     1.9263     2.4826     4.5844     1.1468     0.0558     0.2283     0.0000     0.0000    13.1146    35.5228    26.7749    5.75542    250.269 0.0000e+00
     46.000    13.0807   4.161164     2.4736     0.4407 177.425061   48.84009  -16.52554 6.0281e-01    35.5274    13.0743    97.0448     45.609  488628725     1.8816     2.4818     4.5842     1.1154     0.0575     0.2283     0.0000     0.0000    13.0743    35.5228    26.7830    5.76029    250.481 0.0000e+00
     47.000    13.0677   4.159925     2.4723     0.4249 177.425076   48.84010  -16.52554 5.4873e-01    35.5268    13.0612    97.0660     46.604  488628727     1.8661     2.4770     4.5852     1.0776     0.0633     0.2293     0.0000     0.0000    13.0612    35.5227    26.7856    5.76536    250.702 0.0000e+00
     48.000    13.0886   4.162139     2.4700     0.3854 177.425117   48.84009  -16.52554 5.0190e-01    35.5258    13.0819    97.2431     47.582  488628730     1.8243     2.4713     4.5936     1.0430     0.0573     0.2301     0.0000     0.0000    13.0819    35.5238    26.7823    5.74790    249.942 0.0000e+00
     49.000    13.0243   4.155672     2.4629     0.3254 177.425137   48.84008  -16.52554 4.8922e-01    35.5251    13.0176    97.4761     48.578  488628732     1.7543     2.4715     4.6046     1.0326     0.0539     0.2301     0.0000     0.0000    13.0176    35.5219    26.7938    5.73025    249.176 0.0000e+00
     50.000    12.9789   4.151234     2.4592     0.2914 177.425152   48.84008  -16.52554 4.6092e-01    35.5254    12.9720    97.5803     49.572  488628733     1.7081     2.4674     4.6095     1.0092     0.0459     0.2296     0.0000     0.0000    12.9720    35.5217    26.8029    5.73362    249.323 0.0000e+00
     51.000    12.9631   4.149712     2.4576     0.2505 177.425171   48.84008  -16.52554 4.2121e-01    35.5249    12.9561    97.6968     50.566  488628735     1.6453     2.4615     4.6150     0.9739     0.0418     0.2299     0.0000     0.0000    12.9561    35.5215    26.8060    5.73843    249.533 0.0000e+00
     52.000    12.9754   4.150915     2.4561     0.2779 177.425201   48.84008  -16.52554 3.9486e-01    35.5230    12.9682    97.9963     51.549  488628737     1.6876     2.4572     4.6292     0.9493     0.0505     0.2305     0.0000     0.0000    12.9682    35.5210    26.8031    5.72723    249.046 0.0000e+00
     53.000    12.9120   4.144572     2.4528     0.2467 177.425221   48.84008  -16.52554 3.8105e-01    35.5228    12.9047    98.1754     52.541  488628739     1.6386     2.4571     4.6377     0.9355     0.0457     0.2308     0.0000     0.0000    12.9047    35.5195    26.8147    5.72847    249.101 0.0000e+00
     54.000    12.8686   4.140265     2.4518     0.1972 177.425236   48.84010  -16.52554 3.4840e-01    35.5222    12.8612    98.2751     53.541  488628740     1.5461     2.4548     4.6424     0.9013     0.0369     0.2308     0.0000     0.0000    12.8612    35.5185    26.8227    5.73449    249.364 0.0000e+00
     55.000    12.8736   4.140865     2.4510     0.1836 177.425266   48.84009  -16.52554 3.2437e-01    35.5215    12.8661    98.4250     54.525  488628743     1.5187     2.4517     4.6494     0.8746     0.0387     0.2309     0.0000     0.0000    12.8661    35.5191    26.8222    5.72932    249.139 0.0000e+00
     56.000    12.8477   4.138287     2.4461     0.1846 177.425289   48.84008  -16.52554 3.1495e-01    35.5209    12.8401    98.4818     55.511  488628745     1.5207     2.4517     4.6521     0.8634     0.0412     0.2308     0.0000     0.0000    12.8401    35.5183    26.8268    5.71181    248.378 0.0000e+00
