Data/ruptures/DY032/PAP/d20150630_DY032_CTD12.cnv
* Sea-Bird SBE 9 Data File:
* FileName = C:\CTD\DY032\20150629_DY032_CTD12.hdr
* Software Version Seasave V 7.23.2
* Temperature SN = 2112
* Conductivity SN = 3159
* Number of Bytes Per Scan = 35
* Number of Voltage Words = 4
* Number of Scans Averaged by the Deck Unit = 1
* NMEA Latitude = 49 04.43 N
* NMEA Longitude = 016 15.81 W
* NMEA UTC (Time) = Jun 30 2015 20:36:03
** Ship:
** Station:
** Operator:
# nquan = 28
# nvalues = 4078                        
# units = specified
# name 0 = prDM: Pressure, Digiquartz [db]
# name 1 = t090C: Temperature [ITS-90, deg C]
# name 2 = c0S/m: Conductivity [S/m]
# name 3 = sbeox0V: Oxygen raw, SBE 43 [V]
# name 4 = flC: Fluorescence, Chelsea Aqua 3 Chl Con [ug/l]
# name 5 = timeJ: Julian Days
# name 6 = latitude: Latitude [deg]
# name 7 = longitude: Longitude [deg]
# name 8 = par: PAR/Irradiance, Biospherical/Licor
# name 9 = sal00: Salinity, Practical [PSU]
# name 10 = potemp090C: Potential Temperature [ITS-90, deg C]
# name 11 = CStarTr0: Beam Transmission, WET Labs C-Star [%]
# name 12 = depSM: Depth [salt water, m]
# name 13 = timeQ: Time, NMEA [seconds]
# name 14 = v0: Voltage 0
# name 15 = v1: Voltage 1
# name 16 = v2: Voltage 2
# name 17 = v3: Voltage 3
# name 18 = v4: Voltage 4
# name 19 = v5: Voltage 5
# name 20 = v6: Voltage 6
# name 21 = v7: Voltage 7
# name 22 = potemp090C: Potential Temperature [ITS-90, deg C]
# name 23 = sal00: Salinity, Practical [PSU]
# name 24 = sigma-é00: Density [sigma-theta, kg/m^3]
# name 25 = sbeox0ML/L: Oxygen, SBE 43 [ml/l], WS = 2
# name 26 = sbeox0Mm/Kg: Oxygen, SBE 43 [umol/kg], WS = 2
# name 27 = flag: flag
# span 0 =      5.000,   4082.000       
# span 1 =     2.5556,    15.2975       
# span 2 =   3.277470,   4.374032       
# span 3 =     1.3087,     2.5682       
# span 4 =     0.0071,     1.3974       
# span 5 = 181.861377, 181.924959       
# span 6 =   49.07213,   49.07374       
# span 7 =  -16.26480,  -16.26352       
# span 8 = -1.009e-01, 1.4781e+01       
# span 9 =    34.9132,    35.4899       
# span 10 =     2.1962,    15.2966      
# span 11 =    88.5371,   100.0290      
# span 12 =      4.945,   4008.833      
# span 13 =  489012023,  489017517      
# span 14 =     0.5282,     2.3737      
# span 15 =     1.2832,     2.5681      
# span 16 =     4.1824,     4.7252      
# span 17 =     0.0043,     2.2556      
# span 18 =     0.0120,     0.4063      
# span 19 =    -0.0002,     0.7161      
# span 20 =     0.0000,     0.0000      
# span 21 =     0.1990,     3.9498      
# span 22 =     2.1962,    15.2966      
# span 23 =    34.9132,    35.4919      
# span 24 =    26.2740,    27.8865      
# span 25 =    4.23553,    6.00676      
# span 26 =    184.291,    261.237      
# span 27 = 0.0000e+00, 0.0000e+00      
# interval = decibars: 1                
# start_time = Jun 30 2015 20:40:05 [NMEA time, first data scan]
# bad_flag = -9.990e-29
*END*
[from data line 415]
    420.000    10.8995   3.958886     2.2503     0.0208 181.869038   49.07348  -16.26354 1.0000e-12    35.4565    10.8473    99.7197    416.001  489012685     0.7534     2.2527     4.7106     0.0061     0.0243     0.0000     0.0000     0.2186    10.8472    35.4564    27.1589    5.61845    244.372 0.0000e+00
    421.000    10.8990   3.958878     2.2496     0.0206 181.869047   49.07348  -16.26354 1.0000e-12    35.4564    10.8466    99.7712    416.993  489012686     0.7514     2.2518     4.7130     0.0061     0.0310     0.0000     0.0000     0.2186    10.8466    35.4563    27.1589    5.61953    244.419 0.0000e+00
    422.000    10.8990   3.958904     2.2493     0.0194 181.869053   49.07348  -16.26354 1.0000e-12    35.4563    10.8464    99.7723    417.985  489012686     0.7358     2.2515     4.7131     0.0061     0.0326     0.0000     0.0000     0.2186    10.8464    35.4562    27.1589    5.62073    244.471 0.0000e+00
    423.000    10.8987   3.958940     2.2489     0.0186 181.869060   49.07348  -16.26354 1.0000e-12    35.4565    10.8460    99.7723    418.983  489012687     0.7239     2.2505     4.7131     0.0061     0.0280     0.0000     0.0000     0.2186    10.8461    35.4564    27.1591    5.62146    244.503 0.0000e+00
    424.000    10.8988   3.958973     2.2491     0.0199 181.869066   49.07348  -16.26354 1.0000e-12    35.4563    10.8460    99.7763    419.968  489012687     0.7424     2.2499     4.7133     0.0061     0.0281     0.0000     0.0000     0.2186    10.8460    35.4562    27.1589    5.62569    244.687 0.0000e+00
    425.000    10.8988   3.959025     2.2490     0.0205 181.869072   49.07348  -16.26354 1.0000e-12    35.4563    10.8459    99.7723    420.967  489012688     0.7499     2.2491     4.7131     0.0061     0.0305     0.0000     0.0000     0.2186    10.8459    35.4562    27.1590    5.62771    244.775 0.0000e+00
    426.000    10.8990   3.959074     2.2495     0.0243 181.869079   49.07348  -16.26354 1.0000e-12    35.4562    10.8459    99.7723    421.962  489012689     0.7957     2.2490     4.7131     0.0061     0.0319     0.0000     0.0000     0.2186    10.8459    35.4562    27.1589    5.62989    244.870 0.0000e+00
    427.000    10.8989   3.959103     2.2496     0.0292 181.869089   49.07348  -16.26354 1.0000e-12    35.4561    10.8457    99.7670    422.950  489012689     0.8496     2.2483     4.7128     0.0061     0.0292     0.0000     0.0000     0.2186    10.8457    35.4561    27.1589    5.62966    244.859 0.0000e+00
    428.000    10.8985   3.959106     2.2497     0.0298 181.869109   49.07348  -16.26354 1.0000e-12    35.4560    10.8452    99.7708    423.932  489012691     0.8553     2.2488     4.7130     0.0061     0.0320     0.0000     0.0000     0.2186    10.8452    35.4560    27.1589    5.62966    244.860 0.0000e+00
    429.000    10.8984   3.959148     2.2485     0.0243 181.869139   49.07348  -16.26354 1.0000e-12    35.4561    10.8450    99.7949    424.909  489012694     0.7961     2.2491     4.7142     0.0061     0.0263     0.0000     0.0000     0.2186    10.8450    35.4561    27.1590    5.61707    244.312 0.0000e+00
    430.000    10.8979   3.959131     2.2464     0.0195 181.869151   49.07348  -16.26354 1.0000e-12    35.4560    10.8444    99.7815    425.895  489012695     0.7357     2.2491     4.7135     0.0061     0.0281     0.0000     0.0000     0.2186    10.8444    35.4559    27.1590    5.61270    244.122 0.0000e+00
    431.000    10.8979   3.959184     2.2459     0.0184 181.869160   49.07348  -16.26353 1.0000e-12    35.4561    10.8442    99.7900    426.890  489012696     0.7213     2.2488     4.7139     0.0061     0.0283     0.0000     0.0000     0.2187    10.8442    35.4561    27.1592    5.61362    244.162 0.0000e+00
    432.000    10.8974   3.959177     2.2449     0.0180 181.869167   49.07348  -16.26352 1.0000e-12    35.4560    10.8436    99.7963    427.883  489012696     0.7153     2.2478     4.7142     0.0061     0.0311     0.0000     0.0000     0.2186    10.8436    35.4560    27.1592    5.61013    244.010 0.0000e+00
    433.000    10.8958   3.959040     2.2445     0.0170 181.869174   49.07348  -16.26352 1.0000e-12    35.4558    10.8419    99.7944    428.875  489012697     0.7020     2.2467     4.7141     0.0061     0.0341     0.0000     0.0000     0.2187    10.8419    35.4557    27.1593    5.60996    244.003 0.0000e+00
    434.000    10.8934   3.958817     2.2436     0.0194 181.869181   49.07348  -16.26353 1.0000e-12    35.4555    10.8394    99.7982    429.872  489012697     0.7340     2.2455     4.7143     0.0061     0.0305     0.0000     0.0000     0.2186    10.8394    35.4554    27.1595    5.60696    243.872 0.0000e+00
    435.000    10.8933   3.958852     2.2427     0.0227 181.869189   49.07348  -16.26354 1.0000e-12    35.4555    10.8391    99.7794    430.859  489012698     0.7776     2.2451     4.7134     0.0061     0.0255     0.0000     0.0000     0.2186    10.8391    35.4554    27.1596    5.60772    243.905 0.0000e+00
    436.000    10.8916   3.958702     2.2424     0.0212 181.869198   49.07348  -16.26354 1.0000e-12    35.4552    10.8373    99.7788    431.854  489012699     0.7589     2.2441     4.7134     0.0061     0.0328     0.0000     0.0000     0.2186    10.8373    35.4551    27.1596    5.60871    243.949 0.0000e+00
    437.000    10.8902   3.958596     2.2414     0.0219 181.869212   49.07348  -16.26354 1.0000e-12    35.4551    10.8357    99.7839    432.837  489012700     0.7670     2.2427     4.7136     0.0061     0.0297     0.0000     0.0000     0.2187    10.8357    35.4550    27.1598    5.60525    243.798 0.0000e+00
    438.000    10.8886   3.958466     2.2402     0.0205 181.869229   49.07348  -16.26354 1.0000e-12    35.4549    10.8341    99.7939    433.821  489012702     0.7491     2.2415     4.7141     0.0061     0.0330     0.0000     0.0000     0.2187    10.8341    35.4547    27.1600    5.60289    243.696 0.0000e+00
    439.000    10.8880   3.958447     2.2391     0.0208 181.869244   49.07348  -16.26354 1.0000e-12    35.4549    10.8333    99.7944    434.809  489012703     0.7537     2.2406     4.7141     0.0061     0.0269     0.0000     0.0000     0.2187    10.8333    35.4547    27.1601    5.59615    243.402 0.0000e+00
    440.000    10.8871   3.958385     2.2374     0.0210 181.869257   49.07348  -16.26354 1.0000e-12    35.4546    10.8323    99.7981    435.798  489012704     0.7560     2.2394     4.7143     0.0061     0.0317     0.0000     0.0000     0.2186    10.8323    35.4545    27.1601    5.59134    243.193 0.0000e+00
    441.000    10.8855   3.958262     2.2360     0.0207 181.869268   49.07348  -16.26354 1.0000e-12    35.4545    10.8306    99.7794    436.787  489012705     0.7515     2.2390     4.7134     0.0061     0.0349     0.0000     0.0000     0.2187    10.8306    35.4543    27.1602    5.58653    242.984 0.0000e+00
    442.000    10.8826   3.957971     2.2346     0.0210 181.869278   49.07348  -16.26354 1.0000e-12    35.4541    10.8275    99.7723    437.776  489012706     0.7553     2.2376     4.7131     0.0061     0.0322     0.0000     0.0000     0.2186    10.8275    35.4538    27.1604    5.58156    242.768 0.0000e+00
    443.000    10.8794   3.957667     2.2329     0.0197 181.869288   49.07348  -16.26354 1.0000e-12    35.4537    10.8243    99.7738    438.767  489012707     0.7390     2.2366     4.7132     0.0061     0.0377     0.0000     0.0000     0.2187    10.8243    35.4534    27.1606    5.57816    242.620 0.0000e+00
    444.000    10.8781   3.957577     2.2319     0.0205 181.869296   49.07348  -16.26354 1.0000e-12    35.4536    10.8228    99.7921    439.752  489012707     0.7496     2.2355     4.7140     0.0061     0.0348     0.0000     0.0000     0.2187    10.8228    35.4533    27.1609    5.57862    242.641 0.0000e+00
    445.000    10.8779   3.957588     2.2313     0.0216 181.869304   49.07348  -16.26354 1.0000e-12    35.4535    10.8225    99.7851    440.746  489012708     0.7639     2.2345     4.7137     0.0061     0.0279     0.0000     0.0000     0.2187    10.8225    35.4532    27.1608    5.57789    242.609 0.0000e+00
    446.000    10.8774   3.957582     2.2305     0.0185 181.869311   49.07348  -16.26354 1.0000e-12    35.4534    10.8219    99.7787    441.739  489012709     0.7228     2.2332     4.7134     0.0061     0.0281     0.0000     0.0000     0.2187    10.8219    35.4531    27.1609    5.57804    242.615 0.0000e+00
    447.000    10.8764   3.957524     2.2302     0.0178 181.869318   49.07348  -16.26354 1.0000e-12    35.4533    10.8208    99.7977    442.738  489012709     0.7131     2.2320     4.7143     0.0061     0.0281     0.0000     0.0000     0.2187    10.8208    35.4530    27.1610    5.57814    242.620 0.0000e+00
    448.000    10.8737   3.957254     2.2294     0.0184 181.869328   49.07348  -16.26354 1.0000e-12    35.4528    10.8180    99.7945    443.731  489012710     0.7199     2.2310     4.7141     0.0061     0.0301     0.0000     0.0000     0.2186    10.8180    35.4525    27.1611    5.57480    242.475 0.0000e+00
    449.000    10.8702   3.956917     2.2275     0.0266 181.869351   49.07348  -16.26354 1.0000e-12    35.4524    10.8143    99.7905    444.704  489012712     0.8229     2.2291     4.7139     0.0061     0.0249     0.0000     0.0000     0.2187    10.8143    35.4521    27.1615    5.56997    242.265 0.0000e+00
    450.000    10.8696   3.956899     2.2252     0.0187 181.869373   49.07348  -16.26354 1.0000e-12    35.4523    10.8136    99.7850    445.686  489012714     0.7256     2.2272     4.7137     0.0061     0.0244     0.0000     0.0000     0.2187    10.8136    35.4520    27.1615    5.56298    241.961 0.0000e+00
    451.000    10.8696   3.956934     2.2246     0.0234 181.869384   49.07348  -16.26354 1.0000e-12    35.4522    10.8134    99.7968    446.681  489012715     0.7854     2.2266     4.7142     0.0061     0.0294     0.0000     0.0000     0.2186    10.8134    35.4520    27.1615    5.56525    242.059 0.0000e+00
    452.000    10.8687   3.956884     2.2242     0.0259 181.869393   49.07348  -16.26354 1.0000e-12    35.4521    10.8124    99.7913    447.674  489012716     0.8139     2.2257     4.7140     0.0061     0.0369     0.0000     0.0000     0.2186    10.8124    35.4519    27.1616    5.56080    241.866 0.0000e+00
    453.000    10.8655   3.956568     2.2226     0.0219 181.869403   49.07348  -16.26354 1.0000e-12    35.4516    10.8092    99.7859    448.665  489012717     0.7676     2.2244     4.7137     0.0061     0.0321     0.0000     0.0000     0.2186    10.8092    35.4513    27.1618    5.55209    241.487 0.0000e+00
    454.000    10.8646   3.956503     2.2211     0.0255 181.869413   49.07348  -16.26354 1.0000e-12    35.4514    10.8081    99.7913    449.648  489012717     0.8093     2.2239     4.7140     0.0061     0.0351     0.0000     0.0000     0.2186    10.8081    35.4512    27.1618    5.55070    241.427 0.0000e+00
    455.000    10.8625   3.956334     2.2204     0.0285 181.869421   49.07348  -16.26354 1.0000e-12    35.4513    10.8059    99.7829    450.635  489012718     0.8432     2.2237     4.7136     0.0061     0.0286     0.0000     0.0000     0.2188    10.8059    35.4510    27.1621    5.55033    241.411 0.0000e+00
    456.000    10.8608   3.956174     2.2191     0.0233 181.869429   49.07348  -16.26354 1.0000e-12    35.4510    10.8040    99.7741    451.628  489012719     0.7842     2.2225     4.7132     0.0061     0.0308     0.0000     0.0000     0.2188    10.8040    35.4506    27.1622    5.54592    241.219 0.0000e+00
    457.000    10.8594   3.956060     2.2183     0.0215 181.869436   49.07348  -16.26354 1.0000e-12    35.4507    10.8025    99.7741    452.619  489012719     0.7627     2.2212     4.7132     0.0061     0.0283     0.0000     0.0000     0.2187    10.8026    35.4503    27.1622    5.54688    241.261 0.0000e+00
    458.000    10.8581   3.955972     2.2180     0.0186 181.869443   49.07348  -16.26354 1.0000e-12    35.4507    10.8011    99.7723    453.612  489012720     0.7248     2.2202     4.7131     0.0061     0.0277     0.0000     0.0000     0.2186    10.8011    35.4503    27.1624    5.55113    241.446 0.0000e+00
    459.000    10.8558   3.955755     2.2180     0.0182 181.869450   49.07348  -16.26354 1.0000e-12    35.4503    10.7987    99.7752    454.611  489012721     0.7186     2.2198     4.7132     0.0061     0.0373     0.0000     0.0000     0.2186    10.7987    35.4499    27.1625    5.55326    241.539 0.0000e+00
    460.000    10.8553   3.955742     2.2168     0.0181 181.869471   49.07348  -16.26355 1.0000e-12    35.4501    10.7981    99.7901    455.595  489012722     0.7172     2.2178     4.7139     0.0061     0.0320     0.0000     0.0000     0.2186    10.7981    35.4497    27.1626    5.54506    241.182 0.0000e+00
    461.000    10.8530   3.955510     2.2135     0.0217 181.869505   49.07348  -16.26354 1.0000e-12    35.4496    10.7956    99.7985    456.564  489012725     0.7650     2.2160     4.7143     0.0061     0.0239     0.0000     0.0000     0.2186    10.7957    35.4493    27.1626    5.52820    240.449 0.0000e+00
    462.000    10.8439   3.954567     2.2113     0.0215 181.869513   49.07348  -16.26354 1.0000e-12    35.4486    10.7865    99.8163    457.556  489012726     0.7635     2.2158     4.7151     0.0061     0.0249     0.0000     0.0000     0.2186    10.7865    35.4481    27.1634    5.52266    240.208 0.0000e+00
    463.000    10.8398   3.954167     2.2103     0.0218 181.869520   49.07348  -16.26354 1.0000e-12    35.4482    10.7823    99.8016    458.548  489012727     0.7666     2.2149     4.7145     0.0061     0.0268     0.0000     0.0000     0.2186    10.7823    35.4476    27.1637    5.52411    240.272 0.0000e+00
    464.000    10.8368   3.953863     2.2096     0.0224 181.869526   49.07348  -16.26354 1.0000e-12    35.4477    10.7791    99.7981    459.547  489012727     0.7743     2.2137     4.7143     0.0061     0.0276     0.0000     0.0000     0.2186    10.7791    35.4471    27.1639    5.52484    240.303 0.0000e+00
    465.000    10.8357   3.953793     2.2090     0.0212 181.869533   49.07348  -16.26354 1.0000e-12    35.4475    10.7779    99.7981    460.538  489012728     0.7589     2.2128     4.7143     0.0061     0.0214     0.0000     0.0000     0.2186    10.7779    35.4470    27.1640    5.52422    240.277 0.0000e+00
    466.000    10.8349   3.953746     2.2082     0.0192 181.869540   49.07348  -16.26354 1.0000e-12    35.4474    10.7770    99.7964    461.535  489012728     0.7324     2.2112     4.7142     0.0061     0.0260     0.0000     0.0000     0.2186    10.7770    35.4468    27.1641    5.52008    240.097 0.0000e+00
    467.000    10.8327   3.953531     2.2067     0.0196 181.869548   49.07348  -16.26354 1.0000e-12    35.4469    10.7747    99.7838    462.526  489012729     0.7380     2.2098     4.7136     0.0061     0.0252     0.0000     0.0000     0.2186    10.7747    35.4463    27.1641    5.51404    239.834 0.0000e+00
    468.000    10.8286   3.953127     2.2044     0.0216 181.869562   49.07348  -16.26354 1.0000e-12    35.4464    10.7704    99.7962    463.508  489012730     0.7635     2.2083     4.7142     0.0061     0.0333     0.0000     0.0000     0.2186    10.7704    35.4458    27.1645    5.50630    239.498 0.0000e+00
    469.000    10.8210   3.952351     2.2010     0.0210 181.869580   49.07348  -16.26354 1.0000e-12    35.4455    10.7628    99.7974    464.489  489012732     0.7558     2.2057     4.7143     0.0061     0.0279     0.0000     0.0000     0.2186    10.7628    35.4449    27.1651    5.49816    239.144 0.0000e+00
    470.000    10.8183   3.952078     2.1986     0.0225 181.869594   49.07348  -16.26354 1.0000e-12    35.4450    10.7599    99.7939    465.474  489012733     0.7752     2.2030     4.7141     0.0061     0.0319     0.0000     0.0000     0.2186    10.7599    35.4444    27.1652    5.49105    238.835 0.0000e+00
