Data/ruptures/DY032/PAP/d20150625_DY032_CTD03.cnv
* Sea-Bird SBE 9 Data File:
* FileName = C:\CTD\DY032\20150625_DY032_CTD03.hdr
* Software Version Seasave V 7.23.2
* Temperature SN = 2112
* Conductivity SN = 3159
* Number of Bytes Per Scan = 35
* Number of Voltage Words = 4
* Number of Scans Averaged by the Deck Unit = 1
* NMEA Latitude = 48 50.49 N
* NMEA Longitude = 016 31.22 W
* NMEA UTC (Time) = Jun 25 2015 09:32:00
** Ship:
** Station:
** Operator:
# nquan = 28
# nvalues = 1010                        
# units = specified
# name 0 = prDM: Pressure, Digiquartz [db]
# name 1 = t090C: Temperature [ITS-90, deg C]
# name 2 = c0S/m: Conductivity [S/m]
# name 3 = sbeox0V: Oxygen raw, SBE 43 [V]
# name 4 = flC: Fluorescence, Chelsea Aqua 3 Chl Con [ug/l]
# name 5 = timeJ: Julian Days
# name 6 = latitude: Latitude [deg]
# name 7 = longitude: Longitude [deg]
# name 8 = par: PAR/Irradiance, Biospherical/Licor
# name 9 = sal00: Salinity, Practical [PSU]
# name 10 = potemp090C: Potential Temperature [ITS-90, deg C]
# name 11 = CStarTr0: Beam Transmission, WET Labs C-Star [%]
# name 12 = depSM: Depth [salt water, m]
# name 13 = timeQ: Time, NMEA [seconds]
# name 14 = v0: Voltage 0
# name 15 = v1: Voltage 1
# name 16 = v2: Voltage 2
# name 17 = v3: Voltage 3
# name 18 = v4: Voltage 4
# name 19 = v5: Voltage 5
# name 20 = v6: Voltage 6
# name 21 = v7: Voltage 7
# name 22 = potemp090C: Potential Temperature [ITS-90, deg C]
# name 23 = sal00: Salinity, Practical [PSU]
# name 24 = sigma-é00: Density [sigma-theta, kg/m^3]
# name 25 = sbeox0ML/L: Oxygen, SBE 43 [ml/l], WS = 2
# name 26 = sbeox0Mm/Kg: Oxygen, SBE 43 [umol/kg], WS = 2
# name 27 = flag: flag
# span 0 =      5.000,   1014.000       
# span 1 =     7.6435,    14.9018       
# span 2 =   3.656205,   4.338508       
# span 3 =     1.6769,     2.5855       
# span 4 =     0.0120,     1.4362       
# span 5 =   1.397332,   1.420671       
# span 6 =   48.84140,   48.84148       
# span 7 =  -16.52030,  -16.52022       
# span 8 = -1.038e-06, 2.8737e+01       
# span 9 =    35.2157,    35.5579       
# span 10 =     7.5378,    14.8999      
# span 11 =    88.7330,    99.9164      
# span 12 =      4.937,   1002.983      
# span 13 =  488539930,  488541946      
# span 14 =     0.6228,     2.3861      
# span 15 =     1.6773,     2.5852      
# span 16 =     4.1916,     4.7199      
# span 17 =     0.0060,     2.7616      
# span 18 =     0.0146,     0.3948      
# span 19 =     0.1933,     0.2186      
# span 20 =     0.0000,     1.0411      
# span 21 =     0.0000,     0.8978      
# span 22 =     7.5378,    14.8999      
# span 23 =    35.2081,    35.5587      
# span 24 =    26.3881,    27.5392      
# span 25 =    4.29262,    5.91919      
# span 26 =    186.790,    257.373      
# span 27 = 0.0000e+00, 0.0000e+00      
# interval = decibars: 1                
# start_time = Jan 01 2000 09:32:00 [NMEA time, first data scan]
# bad_flag = -9.990e-29
*END*
[from data line 570]
    575.000    10.7386   3.954797     2.1877     0.0201   1.409872   48.84142  -16.52026 1.0000e-12    35.5020    10.6671    99.7954    569.337  488541013     0.7449     2.1824     4.7142     0.0061     0.0214     0.2149     0.0000     0.0000    10.6671    35.5021    27.2269    5.55822    241.748 0.0000e+00
    576.000    10.7381   3.954781     2.1889     0.0191   1.409881   48.84142  -16.52026 1.0000e-12    35.5020    10.6665    99.7981    570.331  488541014     0.7312     2.1833     4.7143     0.0061     0.0221     0.2149     0.0000     0.0000    10.6665    35.5019    27.2269    5.56319    241.964 0.0000e+00
    577.000    10.7358   3.954548     2.1902     0.0195   1.409890   48.84142  -16.52026 1.0000e-12    35.5014    10.6641    99.7837    571.325  488541015     0.7369     2.1850     4.7136     0.0061     0.0228     0.2149     0.0000     0.0000    10.6641    35.5013    27.2269    5.56909    242.221 0.0000e+00
    578.000    10.7317   3.954107     2.1917     0.0227   1.409902   48.84142  -16.52026 1.0000e-12    35.5006    10.6599    99.7832    572.306  488541016     0.7772     2.1864     4.7136     0.0061     0.0282     0.2149     0.0000     0.0000    10.6599    35.5005    27.2270    5.57248    242.369 0.0000e+00
    579.000    10.7294   3.953893     2.1923     0.0206   1.409914   48.84142  -16.52028 1.0000e-12    35.5003    10.6575    99.8017    573.292  488541017     0.7513     2.1880     4.7145     0.0061     0.0270     0.2149     0.0000     0.0000    10.6575    35.5001    27.2271    5.56788    242.169 0.0000e+00
    580.000    10.7283   3.953785     2.1919     0.0160   1.409925   48.84142  -16.52028 1.0000e-12    35.4998    10.6562    99.8151    574.287  488541018     0.6875     2.1897     4.7151     0.0061     0.0252     0.2149     0.0000     0.0000    10.6562    35.4996    27.2270    5.56386    241.994 0.0000e+00
    581.000    10.7261   3.953590     2.1913     0.0198   1.409938   48.84142  -16.52028 1.0000e-12    35.4996    10.6539    99.8137    575.279  488541019     0.7408     2.1908     4.7150     0.0061     0.0236     0.2149     0.0000     0.0000    10.6539    35.4994    27.2272    5.56570    242.074 0.0000e+00
    582.000    10.7251   3.953522     2.1906     0.0148   1.409957   48.84142  -16.52028 1.0000e-12    35.4994    10.6528    99.8096    576.261  488541021     0.6687     2.1902     4.7148     0.0061     0.0285     0.2149     0.0000     0.0000    10.6528    35.4992    27.2273    5.56171    241.901 0.0000e+00
    583.000    10.7250   3.953564     2.1901     0.0144   1.409975   48.84142  -16.52028 1.0000e-12    35.4995    10.6526    99.8217    577.242  488541022     0.6628     2.1899     4.7154     0.0061     0.0294     0.2149     0.0000     0.0000    10.6525    35.4993    27.2274    5.56370    241.987 0.0000e+00
    584.000    10.7326   3.954598     2.1899     0.0165   1.409986   48.84142  -16.52026 1.0000e-12    35.5018    10.6601    99.8114    578.231  488541023     0.6940     2.1889     4.7149     0.0061     0.0321     0.2151     0.0000     0.0000    10.6601    35.5018    27.2280    5.56218    241.921 0.0000e+00
    585.000    10.7374   3.955233     2.1898     0.0198   1.409994   48.84142  -16.52026 1.0000e-12    35.5029    10.6647    99.7978    579.223  488541024     0.7407     2.1890     4.7143     0.0061     0.0247     0.2149     0.0000     0.0000    10.6647    35.5031    27.2282    5.56730    242.143 0.0000e+00
    586.000    10.7378   3.955322     2.1904     0.0218   1.410001   48.84142  -16.52026 1.0000e-12    35.5031    10.6649    99.8019    580.212  488541024     0.7672     2.1884     4.7145     0.0061     0.0236     0.2150     0.0000     0.0000    10.6649    35.5032    27.2282    5.57498    242.477 0.0000e+00
    587.000    10.7372   3.955290     2.1919     0.0216   1.410008   48.84142  -16.52026 1.0000e-12    35.5029    10.6642    99.7981    581.204  488541025     0.7643     2.1890     4.7143     0.0061     0.0234     0.2151     0.0000     0.0000    10.6642    35.5031    27.2282    5.58016    242.702 0.0000e+00
    588.000    10.7353   3.955117     2.1921     0.0221   1.410015   48.84142  -16.52026 1.0000e-12    35.5026    10.6622    99.8001    582.194  488541026     0.7699     2.1883     4.7144     0.0061     0.0238     0.2153     0.0000     0.0000    10.6622    35.5027    27.2283    5.57899    242.651 0.0000e+00
    589.000    10.7424   3.956115     2.1929     0.0215   1.410022   48.84142  -16.52026 1.0000e-12    35.5051    10.6692    99.7896    583.186  488541026     0.7628     2.1885     4.7139     0.0061     0.0237     0.2151     0.0000     0.0000    10.6692    35.5054    27.2291    5.58033    242.709 0.0000e+00
    590.000    10.7471   3.956748     2.1931     0.0202   1.410029   48.84144  -16.52028 1.0000e-12    35.5064    10.6737    99.7963    584.186  488541027     0.7463     2.1889     4.7142     0.0061     0.0243     0.2153     0.0000     0.0000    10.6737    35.5068    27.2294    5.57719    242.572 0.0000e+00
    591.000    10.7454   3.956599     2.1932     0.0211   1.410040   48.84144  -16.52028 1.0000e-12    35.5062    10.6719    99.7979    585.174  488541028     0.7567     2.1905     4.7143     0.0061     0.0254     0.2157     0.0000     0.0000    10.6719    35.5065    27.2295    5.57826    242.619 0.0000e+00
    592.000    10.7408   3.955977     2.1918     0.0187   1.410086   48.84144  -16.52027 1.0000e-12    35.5042    10.6672    99.7826    586.139  488541032     0.7247     2.1919     4.7136     0.0061     0.0153     0.2154     0.0000     0.0000    10.6672    35.5042    27.2286    5.56414    242.005 0.0000e+00
    593.000    10.7398   3.955993     2.1894     0.0219   1.410097   48.84144  -16.52026 1.0000e-12    35.5050    10.6660    99.7807    587.121  488541033     0.7678     2.1919     4.7135     0.0061     0.0177     0.2154     0.0000     0.0000    10.6660    35.5049    27.2293    5.55629    241.663 0.0000e+00
    594.000    10.7221   3.954062     2.1889     0.0190   1.410105   48.84144  -16.52026 1.0000e-12    35.5026    10.6483    99.7963    588.120  488541033     0.7307     2.1914     4.7142     0.0061     0.0231     0.2154     0.0000     0.0000    10.6483    35.5022    27.2304    5.56379    241.991 0.0000e+00
    595.000    10.7190   3.953770     2.1886     0.0180   1.410111   48.84144  -16.52026 1.0000e-12    35.5024    10.6451    99.7981    589.109  488541034     0.7153     2.1905     4.7143     0.0061     0.0238     0.2150     0.0000     0.0000    10.6451    35.5019    27.2307    5.56607    242.090 0.0000e+00
    596.000    10.7184   3.953744     2.1883     0.0163   1.410117   48.84144  -16.52026 1.0000e-12    35.5022    10.6443    99.7981    590.106  488541034     0.6923     2.1902     4.7143     0.0061     0.0181     0.2150     0.0000     0.0000    10.6443    35.5017    27.2307    5.56645    242.106 0.0000e+00
    597.000    10.7181   3.953754     2.1883     0.0169   1.410122   48.84144  -16.52026 1.0000e-12    35.5021    10.6439    99.7981    591.087  488541035     0.7009     2.1885     4.7143     0.0061     0.0183     0.2150     0.0000     0.0000    10.6439    35.5016    27.2307    5.56825    242.185 0.0000e+00
    598.000    10.7184   3.953835     2.1883     0.0172   1.410128   48.84144  -16.52026 1.0000e-12    35.5022    10.6441    99.7981    592.084  488541035     0.7050     2.1875     4.7143     0.0061     0.0184     0.2149     0.0000     0.0000    10.6441    35.5018    27.2308    5.56892    242.214 0.0000e+00
    599.000    10.7185   3.953889     2.1881     0.0173   1.410134   48.84144  -16.52026 1.0000e-12    35.5021    10.6440    99.7981    593.084  488541036     0.7059     2.1873     4.7143     0.0061     0.0214     0.2152     0.0000     0.0000    10.6440    35.5018    27.2308    5.56913    242.223 0.0000e+00
    600.000    10.7188   3.953963     2.1881     0.0180   1.410142   48.84144  -16.52026 1.0000e-12    35.5021    10.6442    99.7981    594.077  488541037     0.7163     2.1870     4.7143     0.0061     0.0217     0.2158     0.0000     0.0000    10.6442    35.5018    27.2308    5.57147    242.325 0.0000e+00
    601.000    10.7199   3.954128     2.1884     0.0188   1.410163   48.84144  -16.52028 1.0000e-12    35.5021    10.6452    99.7990    595.053  488541038     0.7267     2.1868     4.7143     0.0061     0.0197     0.2153     0.0000     0.0000    10.6452    35.5019    27.2307    5.57203    242.349 0.0000e+00
    602.000    10.7215   3.954329     2.1878     0.0223   1.410196   48.84144  -16.52026 1.0000e-12    35.5021    10.6467    99.8002    596.025  488541041     0.7730     2.1869     4.7144     0.0061     0.0199     0.2152     0.0000     0.0000    10.6466    35.5020    27.2305    5.56445    242.019 0.0000e+00
    603.000    10.7115   3.953306     2.1861     0.0201   1.410208   48.84144  -16.52026 1.0000e-12    35.5013    10.6366    99.7980    597.016  488541042     0.7446     2.1869     4.7143     0.0061     0.0188     0.2156     0.0000     0.0000    10.6366    35.5009    27.2315    5.55351    241.544 0.0000e+00
    604.000    10.6941   3.951402     2.1841     0.0185   1.410216   48.84144  -16.52026 1.0000e-12    35.4990    10.6191    99.7965    598.000  488541043     0.7235     2.1866     4.7142     0.0061     0.0256     0.2151     0.0000     0.0000    10.6191    35.4982    27.2325    5.54811    241.310 0.0000e+00
    605.000    10.6901   3.951006     2.1825     0.0189   1.410223   48.84144  -16.52026 1.0000e-12    35.4984    10.6151    99.7941    598.991  488541044     0.7284     2.1865     4.7141     0.0061     0.0166     0.2152     0.0000     0.0000    10.6151    35.4976    27.2327    5.54836    241.321 0.0000e+00
    606.000    10.6901   3.951013     2.1822     0.0177   1.410230   48.84144  -16.52026 1.0000e-12    35.4981    10.6149    99.7916    599.988  488541044     0.7115     2.1856     4.7140     0.0061     0.0186     0.2152     0.0000     0.0000    10.6149    35.4973    27.2325    5.55095    241.434 0.0000e+00
    607.000    10.6883   3.950859     2.1816     0.0179   1.410235   48.84144  -16.52026 1.0000e-12    35.4978    10.6129    99.8112    600.976  488541045     0.7146     2.1847     4.7149     0.0061     0.0213     0.2152     0.0000     0.0000    10.6129    35.4971    27.2327    5.55132    241.450 0.0000e+00
    608.000    10.6871   3.950759     2.1810     0.0180   1.410241   48.84144  -16.52026 1.0000e-12    35.4975    10.6117    99.8194    601.969  488541045     0.7161     2.1837     4.7153     0.0061     0.0251     0.2151     0.0000     0.0000    10.6117    35.4967    27.2326    5.54859    241.331 0.0000e+00
    609.000    10.6845   3.950488     2.1805     0.0185   1.410246   48.84144  -16.52026 1.0000e-12    35.4968    10.6089    99.8239    602.968  488541046     0.7239     2.1825     4.7155     0.0061     0.0243     0.2153     0.0000     0.0000    10.6089    35.4961    27.2326    5.54880    241.341 0.0000e+00
    610.000    10.6811   3.950128     2.1797     0.0188   1.410254   48.84144  -16.52026 1.0000e-12    35.4961    10.6054    99.8191    603.972  488541046     0.7279     2.1810     4.7153     0.0061     0.0204     0.2150     0.0000     0.0000    10.6054    35.4953    27.2327    5.54706    241.265 0.0000e+00
    611.000    10.6781   3.949851     2.1768     0.0267   1.410276   48.84144  -16.52026 1.0000e-12    35.4956    10.6023    99.8109    604.932  488541048     0.8202     2.1789     4.7149     0.0061     0.0164     0.2151     0.0000     0.0000    10.6023    35.4949    27.2329    5.53603    240.786 0.0000e+00
    612.000    10.6763   3.949677     2.1743     0.0208   1.410298   48.84144  -16.52026 1.0000e-12    35.4951    10.6004    99.8024    605.916  488541050     0.7545     2.1765     4.7145     0.0061     0.0167     0.2150     0.0000     0.0000    10.6003    35.4946    27.2330    5.52851    240.459 0.0000e+00
    613.000    10.6803   3.950302     2.1723     0.0189   1.410309   48.84144  -16.52026 1.0000e-12    35.4969    10.6043    99.8133    606.908  488541051     0.7285     2.1749     4.7150     0.0061     0.0206     0.2150     0.0000     0.0000    10.6043    35.4965    27.2338    5.52077    240.122 0.0000e+00
    614.000    10.6783   3.950139     2.1708     0.0182   1.410320   48.84144  -16.52026 1.0000e-12    35.4967    10.6022    99.8083    607.903  488541052     0.7191     2.1735     4.7148     0.0061     0.0245     0.2149     0.0000     0.0000    10.6022    35.4963    27.2341    5.51701    239.958 0.0000e+00
    615.000    10.6654   3.948745     2.1687     0.0170   1.410332   48.84144  -16.52026 1.0000e-12    35.4950    10.5892    99.8057    608.888  488541053     0.7021     2.1718     4.7147     0.0061     0.0274     0.2149     0.0000     0.0000    10.5892    35.4943    27.2348    5.51129    239.710 0.0000e+00
    616.000    10.6596   3.948091     2.1673     0.0164   1.410344   48.84144  -16.52026 1.0000e-12    35.4937    10.5833    99.7990    609.868  488541054     0.6933     2.1700     4.7143     0.0061     0.0248     0.2149     0.0000     0.0000    10.5833    35.4929    27.2348    5.51458    239.854 0.0000e+00
    617.000    10.6589   3.948069     2.1667     0.0154   1.410354   48.84144  -16.52026 1.0000e-12    35.4937    10.5824    99.7780    610.855  488541055     0.6773     2.1687     4.7134     0.0061     0.0217     0.2149     0.0000     0.0000    10.5824    35.4930    27.2350    5.51151    239.720 0.0000e+00
    618.000    10.6601   3.948263     2.1658     0.0161   1.410361   48.84144  -16.52026 1.0000e-12    35.4940    10.5835    99.8077    611.849  488541056     0.6879     2.1671     4.7147     0.0061     0.0218     0.2149     0.0000     0.0000    10.5835    35.4934    27.2351    5.50882    239.603 0.0000e+00
    619.000    10.6603   3.948325     2.1650     0.0170   1.410368   48.84144  -16.52026 1.0000e-12    35.4938    10.5836    99.8142    612.835  488541056     0.7023     2.1662     4.7150     0.0061     0.0215     0.2150     0.0000     0.0000    10.5836    35.4933    27.2350    5.51037    239.670 0.0000e+00
    620.000    10.6606   3.948402     2.1651     0.0173   1.410374   48.84144  -16.52026 1.0000e-12    35.4938    10.5838    99.7980    613.834  488541057     0.7067     2.1660     4.7143     0.0061     0.0184     0.2152     0.0000     0.0000    10.5838    35.4933    27.2350    5.51588    239.910 0.0000e+00
    621.000    10.6608   3.948479     2.1652     0.0163   1.410380   48.84144  -16.52026 1.0000e-12    35.4939    10.5838    99.8108    614.830  488541057     0.6908     2.1654     4.7149     0.0061     0.0162     0.2151     0.0000     0.0000    10.5838    35.4935    27.2351    5.51935    240.061 0.0000e+00
    622.000    10.6605   3.948477     2.1657     0.0165   1.410388   48.84144  -16.52026 1.0000e-12    35.4938    10.5834    99.8040    615.825  488541058     0.6944     2.1646     4.7146     0.0061     0.0189     0.2153     0.0000     0.0000    10.5834    35.4934    27.2351    5.52001    240.089 0.0000e+00
    623.000    10.6629   3.948762     2.1651     0.0164   1.410420   48.84142  -16.52026 1.0000e-12    35.4937    10.5856    99.8046    616.796  488541061     0.6932     2.1637     4.7146     0.0061     0.0198     0.2152     0.0000     0.0000    10.5856    35.4935    27.2348    5.51325    239.796 0.0000e+00
    624.000    10.6612   3.948650     2.1636     0.0139   1.410446   48.84142  -16.52026 1.0000e-12    35.4937    10.5839    99.8016    617.771  488541063     0.6536     2.1641     4.7145     0.0061     0.0182     0.2152     0.0000     0.0000    10.5839    35.4935    27.2351    5.50596    239.478 0.0000e+00
    625.000    10.6592   3.948471     2.1632     0.0205   1.410453   48.84142  -16.52026 1.0000e-12    35.4934    10.5818    99.7980    618.762  488541064     0.7490     2.1639     4.7143     0.0061     0.0183     0.2155     0.0000     0.0000    10.5818    35.4931    27.2352    5.50558    239.462 0.0000e+00
