Data/ruptures/DY032/PAP/d20150701_DY032_CTD13.cnv
* Sea-Bird SBE 9 Data File:
* FileName = C:\CTD\DY032\20150629_DY032_CTD13.hdr
* Software Version Seasave V 7.23.2
* Temperature SN = 2112
* Conductivity SN = 3159
* Number of Bytes Per Scan = 35
* Number of Voltage Words = 4
* Number of Scans Averaged by the Deck Unit = 1
* NMEA Latitude = 48 59.14 N
* NMEA Longitude = 016 17.12 W
* NMEA UTC (Time) = Jul 01 2015 14:15:45
** Ship:
** Station:
** Operator:
# nquan = 28
# nvalues = 1002                        
# units = specified
# name 0 = prDM: Pressure, Digiquartz [db]
# name 1 = t090C: Temperature [ITS-90, deg C]
# name 2 = c0S/m: Conductivity [S/m]
# name 3 = sbeox0V: Oxygen raw, SBE 43 [V]
# name 4 = flC: Fluorescence, Chelsea Aqua 3 Chl Con [ug/l]
# name 5 = timeJ: Julian Days
# name 6 = latitude: Latitude [deg]
# name 7 = longitude: Longitude [deg]
# name 8 = par: PAR/Irradiance, Biospherical/Licor
# name 9 = sal00: Salinity, Practical [PSU]
# name 10 = potemp090C: Potential Temperature [ITS-90, deg C]
# name 11 = CStarTr0: Beam Transmission, WET Labs C-Star [%]
# name 12 = depSM: Depth [salt water, m]
# name 13 = timeQ: Time, NMEA [seconds]
# name 14 = v0: Voltage 0
# name 15 = v1: Voltage 1
# name 16 = v2: Voltage 2
# name 17 = v3: Voltage 3
# name 18 = v4: Voltage 4
# name 19 = v5: Voltage 5
# name 20 = v6: Voltage 6
# name 21 = v7: Voltage 7
# name 22 = potemp090C: Potential Temperature [ITS-90, deg C]
# name 23 = sal00: Salinity, Practical [PSU]
# name 24 = sigma-é00: Density [sigma-theta, kg/m^3]
# name 25 = sbeox0ML/L: Oxygen, SBE 43 [ml/l], WS = 2
# name 26 = sbeox0Mm/Kg: Oxygen, SBE 43 [umol/kg], WS = 2
# name 27 = flag: flag
# span 0 =      6.000,   1007.000       
# span 1 =     8.5944,    15.4032       
# span 2 =   3.762730,   4.381582       
# span 3 =     1.6752,     2.5690       
# span 4 =     0.0105,     1.5581       
# span 5 = 182.595609, 182.609369       
# span 6 =   48.98570,   48.98572       
# span 7 =  -16.28530,  -16.28526       
# span 8 = 1.0000e-12, 4.4795e+02       
# span 9 =    35.2484,    35.5068       
# span 10 =     8.4822,    15.4023      
# span 11 =    89.5006,    99.9277      
# span 12 =      5.946,    996.051      
# span 13 =  489075461,  489076650      
# span 14 =     0.5949,     2.4208      
# span 15 =     1.6749,     2.5691      
# span 16 =     4.2278,     4.7204      
# span 17 =     0.0061,     3.9501      
# span 18 =     0.0151,     0.4369      
# span 19 =    -0.0063,     0.6313      
# span 20 =     0.2007,     0.2271      
# span 21 =     0.0602,     0.3410      
# span 22 =     8.4822,    15.4023      
# span 23 =    35.2469,    35.5066      
# span 24 =    26.2305,    27.5432      
# span 25 =    4.24284,    5.98362      
# span 26 =    184.597,    260.232      
# span 27 = 0.0000e+00, 0.0000e+00      
# interval = decibars: 1                
# start_time = Jul 01 2015 14:17:27 [NMEA time, first data scan]
# bad_flag = -9.990e-29
*END*
[from data line 208]
    214.000    10.8601   3.943269     2.3034     0.0259 182.599670   48.98571  -16.28530 1.0000e-12    35.4304    10.8338    99.7673    212.079  489075812     0.8149     2.3035     4.7129     0.0061     0.0285     0.3752     0.2161     0.2453    10.8338    35.4304    27.1411    5.65515    245.975 0.0000e+00
    215.000    10.8611   3.943517     2.3007     0.0252 182.599775   48.98572  -16.28530 1.0000e-12    35.4315    10.8346    99.7338    213.067  489075821     0.8066     2.3013     4.7112     0.0061     0.0377     0.2563     0.2160     0.2421    10.8347    35.4315    27.1417    5.64662    245.604 0.0000e+00
    216.000    10.8621   3.943758     2.3001     0.0293 182.599953   48.98570  -16.28529 1.0000e-12    35.4325    10.8355    99.7617    214.058  489075836     0.8500     2.3000     4.7126     0.0061     0.0341     0.3404     0.2160     0.2439    10.8355    35.4325    27.1423    5.64368    245.476 0.0000e+00
    217.000    10.8626   3.943893     2.2977     0.0325 182.600102   48.98570  -16.28528 1.0000e-12    35.4329    10.8359    99.7475    215.050  489075849     0.8802     2.2991     4.7119     0.0061     0.0312     0.4937     0.2159     0.2668    10.8359    35.4329    27.1426    5.63653    245.164 0.0000e+00
    218.000    10.8629   3.943985     2.2981     0.0257 182.600140   48.98570  -16.28528 1.0000e-12    35.4331    10.8361    99.7643    216.038  489075852     0.8105     2.2979     4.7127     0.0061     0.0362     0.3477     0.2161     0.2737    10.8361    35.4331    27.1427    5.64110    245.363 0.0000e+00
    219.000    10.8631   3.944105     2.2982     0.0256 182.600188   48.98570  -16.28528 1.0000e-12    35.4337    10.8361    99.7587    217.023  489075857     0.8102     2.2979     4.7124     0.0061     0.0344     0.3721     0.2164     0.2714    10.8361    35.4337    27.1432    5.64037    245.331 0.0000e+00
    220.000    10.8633   3.944217     2.2975     0.0246 182.600204   48.98570  -16.28526 1.0000e-12    35.4341    10.8362    99.7739    218.015  489075858     0.7994     2.2980     4.7132     0.0061     0.0289     0.2810     0.2158     0.2722    10.8362    35.4341    27.1435    5.63653    245.164 0.0000e+00
    221.000    10.8648   3.944462     2.2973     0.0236 182.600221   48.98570  -16.28526 1.0000e-12    35.4346    10.8376    99.7724    219.014  489075859     0.7877     2.2978     4.7131     0.0061     0.0329     0.4134     0.2160     0.2814    10.8376    35.4347    27.1437    5.63988    245.310 0.0000e+00
    222.000    10.8656   3.944601     2.2969     0.0267 182.600248   48.98570  -16.28527 1.0000e-12    35.4348    10.8383    99.7781    219.999  489075862     0.8219     2.2969     4.7134     0.0061     0.0329     0.3951     0.2164     0.2841    10.8383    35.4349    27.1437    5.63863    245.255 0.0000e+00
    223.000    10.8661   3.944748     2.2970     0.0296 182.600277   48.98570  -16.28528 1.0000e-12    35.4354    10.8386    99.7584    220.989  489075864     0.8532     2.2967     4.7124     0.0061     0.0308     0.3147     0.2173     0.2650    10.8386    35.4354    27.1441    5.63991    245.311 0.0000e+00
    224.000    10.8662   3.944819     2.2964     0.0261 182.600301   48.98570  -16.28528 1.0000e-12    35.4355    10.8386    99.7458    221.977  489075866     0.8174     2.2968     4.7118     0.0061     0.0307     0.4381     0.2173     0.2667    10.8386    35.4356    27.1442    5.63512    245.103 0.0000e+00
    225.000    10.8663   3.944890     2.2958     0.0253 182.600317   48.98570  -16.28527 1.0000e-12    35.4357    10.8386    99.7735    222.969  489075868     0.8072     2.2967     4.7131     0.0061     0.0282     0.2683     0.2173     0.2606    10.8386    35.4357    27.1443    5.63729    245.197 0.0000e+00
    226.000    10.8665   3.944962     2.2958     0.0256 182.600332   48.98570  -16.28526 1.0000e-12    35.4358    10.8387    99.7370    223.959  489075869     0.8116     2.2959     4.7114     0.0061     0.0359     0.2992     0.2173     0.2806    10.8387    35.4358    27.1443    5.63782    245.220 0.0000e+00
    227.000    10.8673   3.945160     2.2956     0.0240 182.600346   48.98570  -16.28526 1.0000e-12    35.4365    10.8394    99.7727    224.950  489075870     0.7926     2.2955     4.7131     0.0061     0.0332     0.3096     0.2173     0.2870    10.8393    35.4366    27.1448    5.63771    245.215 0.0000e+00
    228.000    10.8673   3.945260     2.2958     0.0258 182.600360   48.98570  -16.28526 1.0000e-12    35.4371    10.8392    99.7858    225.945  489075871     0.8133     2.2955     4.7137     0.0061     0.0297     0.5371     0.2173     0.2949    10.8392    35.4371    27.1453    5.64015    245.321 0.0000e+00
    229.000    10.8671   3.945234     2.2958     0.0246 182.600378   48.98570  -16.28527 1.0000e-12    35.4366    10.8389    99.7761    226.936  489075873     0.8005     2.2954     4.7133     0.0061     0.0353     0.3765     0.2173     0.2962    10.8389    35.4366    27.1449    5.64027    245.326 0.0000e+00
    230.000    10.8672   3.945342     2.2957     0.0265 182.600402   48.98570  -16.28528 1.0000e-12    35.4371    10.8388    99.7666    227.918  489075875     0.8195     2.2955     4.7128     0.0061     0.0385     0.1937     0.2173     0.2534    10.8388    35.4372    27.1454    5.64047    245.335 0.0000e+00
    231.000    10.8673   3.945438     2.2958     0.0273 182.600420   48.98570  -16.28528 1.0000e-12    35.4375    10.8389    99.7612    228.911  489075876     0.8293     2.2955     4.7125     0.0061     0.0398     0.5225     0.2173     0.2608    10.8389    35.4375    27.1457    5.64196    245.400 0.0000e+00
    232.000    10.8681   3.945598     2.2958     0.0270 182.600434   48.98570  -16.28528 1.0000e-12    35.4379    10.8395    99.7557    229.901  489075878     0.8265     2.2954     4.7123     0.0061     0.0375     0.3102     0.2173     0.2571    10.8395    35.4380    27.1459    5.64092    245.354 0.0000e+00
    233.000    10.8694   3.945828     2.2950     0.0253 182.600447   48.98570  -16.28528 1.0000e-12    35.4384    10.8407    99.7443    230.892  489075879     0.8078     2.2955     4.7117     0.0061     0.0377     0.3600     0.2173     0.2791    10.8407    35.4385    27.1461    5.63445    245.073 0.0000e+00
    234.000    10.8699   3.945922     2.2941     0.0275 182.600458   48.98570  -16.28528 1.0000e-12    35.4385    10.8410    99.7353    231.883  489075880     0.8318     2.2955     4.7113     0.0061     0.0428     0.3762     0.2173     0.2995    10.8410    35.4386    27.1461    5.63721    245.193 0.0000e+00
    235.000    10.8702   3.946021     2.2945     0.0248 182.600469   48.98570  -16.28528 1.0000e-12    35.4387    10.8412    99.7650    232.879  489075881     0.8024     2.2954     4.7127     0.0061     0.0351     0.3614     0.2173     0.2907    10.8412    35.4388    27.1462    5.64152    245.380 0.0000e+00
    236.000    10.8704   3.946096     2.2948     0.0238 182.600482   48.98570  -16.28528 1.0000e-12    35.4388    10.8413    99.7685    233.867  489075882     0.7902     2.2941     4.7129     0.0061     0.0339     0.3110     0.2173     0.2734    10.8413    35.4389    27.1463    5.64230    245.414 0.0000e+00
    237.000    10.8706   3.946175     2.2946     0.0272 182.600497   48.98570  -16.28528 1.0000e-12    35.4390    10.8414    99.7789    234.855  489075883     0.8291     2.2941     4.7134     0.0061     0.0373     0.4201     0.2173     0.2740    10.8414    35.4390    27.1464    5.64054    245.337 0.0000e+00
    238.000    10.8708   3.946240     2.2939     0.0305 182.600513   48.98570  -16.28528 1.0000e-12    35.4390    10.8415    99.7856    235.845  489075885     0.8638     2.2944     4.7137     0.0061     0.0350     0.3514     0.2173     0.2934    10.8415    35.4390    27.1464    5.63586    245.134 0.0000e+00
    239.000    10.8712   3.946360     2.2933     0.0271 182.600528   48.98570  -16.28528 1.0000e-12    35.4394    10.8417    99.7605    236.836  489075886     0.8275     2.2943     4.7125     0.0061     0.0323     0.2898     0.2173     0.2999    10.8417    35.4395    27.1467    5.64006    245.317 0.0000e+00
    240.000    10.8720   3.946531     2.2938     0.0257 182.600542   48.98570  -16.28528 1.0000e-12    35.4398    10.8424    99.7669    237.826  489075887     0.8120     2.2935     4.7128     0.0061     0.0324     0.2989     0.2173     0.2981    10.8424    35.4399    27.1469    5.64034    245.329 0.0000e+00
    241.000    10.8718   3.946569     2.2933     0.0229 182.600557   48.98570  -16.28528 1.0000e-12    35.4400    10.8421    99.7790    238.816  489075888     0.7803     2.2930     4.7134     0.0061     0.0355     0.5189     0.2174     0.2873    10.8421    35.4400    27.1470    5.63927    245.282 0.0000e+00
    242.000    10.8692   3.946332     2.2933     0.0279 182.600570   48.98570  -16.28528 1.0000e-12    35.4398    10.8393    99.7782    239.805  489075889     0.8366     2.2936     4.7134     0.0061     0.0293     0.4436     0.2173     0.2756    10.8393    35.4397    27.1473    5.64131    245.371 0.0000e+00
    243.000    10.8700   3.946491     2.2933     0.0291 182.600581   48.98570  -16.28528 1.0000e-12    35.4401    10.8401    99.7885    240.796  489075890     0.8492     2.2930     4.7139     0.0061     0.0314     0.3603     0.2173     0.2725    10.8401    35.4401    27.1474    5.64188    245.396 0.0000e+00
    244.000    10.8698   3.946513     2.2933     0.0283 182.600593   48.98570  -16.28528 1.0000e-12    35.4401    10.8397    99.7848    241.792  489075891     0.8402     2.2930     4.7137     0.0061     0.0340     0.3215     0.2173     0.2675    10.8397    35.4401    27.1475    5.64316    245.451 0.0000e+00
    245.000    10.8699   3.946613     2.2940     0.0214 182.600608   48.98570  -16.28528 1.0000e-12    35.4405    10.8397    99.7666    242.781  489075893     0.7599     2.2930     4.7128     0.0061     0.0286     0.2490     0.2173     0.2705    10.8397    35.4405    27.1478    5.64808    245.665 0.0000e+00
    246.000    10.8709   3.946803     2.2936     0.0316 182.600625   48.98570  -16.28528 1.0000e-12    35.4409    10.8406    99.7748    243.764  489075894     0.8735     2.2930     4.7132     0.0061     0.0313     0.5175     0.2173     0.2844    10.8406    35.4410    27.1480    5.64199    245.400 0.0000e+00
    247.000    10.8705   3.946797     2.2934     0.0308 182.600640   48.98570  -16.28528 1.0000e-12    35.4408    10.8401    99.7915    244.760  489075895     0.8661     2.2938     4.7140     0.0061     0.0361     0.3269     0.2173     0.2699    10.8401    35.4408    27.1480    5.64479    245.522 0.0000e+00
    248.000    10.8704   3.946844     2.2934     0.0310 182.600653   48.98570  -16.28528 1.0000e-12    35.4409    10.8399    99.7754    245.751  489075897     0.8678     2.2933     4.7132     0.0061     0.0288     0.2906     0.2173     0.2713    10.8399    35.4410    27.1482    5.64569    245.561 0.0000e+00
    249.000    10.8714   3.947017     2.2934     0.0278 182.600670   48.98570  -16.28528 1.0000e-12    35.4413    10.8407    99.7812    246.740  489075898     0.8336     2.2930     4.7135     0.0061     0.0365     0.3956     0.2173     0.2678    10.8407    35.4413    27.1483    5.64594    245.572 0.0000e+00
    250.000    10.8729   3.947275     2.2931     0.0181 182.600686   48.98570  -16.28528 1.0000e-12    35.4419    10.8421    99.7882    247.726  489075900     0.7172     2.2930     4.7138     0.0061     0.0308     0.3646     0.2173     0.2764    10.8420    35.4420    27.1486    5.64398    245.486 0.0000e+00
    251.000    10.8738   3.947430     2.2924     0.0202 182.600700   48.98570  -16.28528 1.0000e-12    35.4421    10.8429    99.7541    248.720  489075901     0.7450     2.2930     4.7122     0.0061     0.0314     0.3213     0.2173     0.2630    10.8428    35.4422    27.1486    5.64052    245.336 0.0000e+00
    252.000    10.8738   3.947498     2.2921     0.0211 182.600714   48.98572  -16.28528 1.0000e-12    35.4423    10.8428    99.7718    249.714  489075902     0.7578     2.2928     4.7131     0.0061     0.0341     0.2816     0.2173     0.2738    10.8428    35.4424    27.1488    5.64370    245.474 0.0000e+00
    253.000    10.8738   3.947537     2.2919     0.0220 182.600730   48.98572  -16.28528 1.0000e-12    35.4423    10.8426    99.7738    250.700  489075903     0.7689     2.2921     4.7132     0.0061     0.0358     0.4979     0.2173     0.2846    10.8426    35.4424    27.1488    5.64273    245.432 0.0000e+00
    254.000    10.8744   3.947671     2.2916     0.0233 182.600745   48.98571  -16.28528 1.0000e-12    35.4426    10.8431    99.7732    251.684  489075905     0.7849     2.2917     4.7131     0.0061     0.0360     0.3173     0.2173     0.3272    10.8431    35.4427    27.1489    5.64103    245.358 0.0000e+00
    255.000    10.8757   3.947883     2.2911     0.0256 182.600757   48.98570  -16.28528 1.0000e-12    35.4430    10.8443    99.7723    252.674  489075906     0.8116     2.2918     4.7131     0.0061     0.0331     0.4344     0.2173     0.3389    10.8443    35.4431    27.1490    5.64468    245.516 0.0000e+00
    256.000    10.8742   3.947791     2.2920     0.0285 182.600766   48.98570  -16.28528 1.0000e-12    35.4431    10.8427    99.7506    253.672  489075906     0.8432     2.2914     4.7120     0.0061     0.0295     0.0002     0.2173     0.3388    10.8427    35.4432    27.1494    5.65023    245.758 0.0000e+00
    257.000    10.8742   3.947815     2.2921     0.0286 182.600774   48.98570  -16.28528 1.0000e-12    35.4430    10.8425    99.7748    254.669  489075907     0.8442     2.2912     4.7132     0.0061     0.0330     0.4529     0.2173     0.3132    10.8425    35.4430    27.1493    5.64836    245.677 0.0000e+00
    258.000    10.8729   3.947732     2.2922     0.0303 182.600786   48.98570  -16.28528 1.0000e-12    35.4429    10.8411    99.7587    255.660  489075908     0.8614     2.2909     4.7124     0.0061     0.0353     0.3069     0.2173     0.3258    10.8411    35.4429    27.1495    5.65074    245.781 0.0000e+00
    259.000    10.8718   3.947650     2.2930     0.0277 182.600805   48.98571  -16.28528 1.0000e-12    35.4428    10.8398    99.7751    256.645  489075910     0.8342     2.2917     4.7132     0.0061     0.0328     0.4884     0.2173     0.3175    10.8398    35.4428    27.1496    5.65154    245.815 0.0000e+00
    260.000    10.8719   3.947726     2.2917     0.0228 182.600829   48.98572  -16.28528 1.0000e-12    35.4430    10.8399    99.8077    257.626  489075912     0.7789     2.2926     4.7147     0.0061     0.0362     0.2178     0.2173     0.3057    10.8399    35.4429    27.1497    5.64328    245.456 0.0000e+00
    261.000    10.8734   3.947969     2.2907     0.0254 182.600844   48.98572  -16.28528 1.0000e-12    35.4435    10.8412    99.8058    258.620  489075913     0.8085     2.2922     4.7147     0.0061     0.0347     0.3232     0.2173     0.2967    10.8412    35.4435    27.1499    5.64498    245.529 0.0000e+00
    262.000    10.8736   3.948053     2.2909     0.0242 182.600855   48.98572  -16.28528 1.0000e-12    35.4436    10.8413    99.7980    259.609  489075914     0.7945     2.2917     4.7143     0.0061     0.0323     0.3960     0.2173     0.2818    10.8413    35.4437    27.1500    5.64805    245.663 0.0000e+00
    263.000    10.8742   3.948197     2.2909     0.0218 182.600866   48.98572  -16.28528 1.0000e-12    35.4440    10.8418    99.7981    260.603  489075915     0.7666     2.2906     4.7143     0.0061     0.0280     0.4147     0.2173     0.2800    10.8418    35.4441    27.1503    5.64806    245.663 0.0000e+00
