Data/ruptures/DY032/PAP/d20150629_DY032_CTD09.cnv
* Sea-Bird SBE 9 Data File:
* FileName = C:\CTD\DY032\20150629_DY032_CTD09.hdr
* Software Version Seasave V 7.23.2
* Temperature SN = 2112
* Conductivity SN = 3159
* Number of Bytes Per Scan = 35
* Number of Voltage Words = 4
* Number of Scans Averaged by the Deck Unit = 1
* NMEA Latitude = 48 54.39 N
* NMEA Longitude = 016 29.40 W
* NMEA UTC (Time) = Jun 29 2015 02:57:10
** Ship:
** Station:
** Operator:
# nquan = 28
# nvalues = 1006                        
# units = specified
# name 0 = prDM: Pressure, Digiquartz [db]
# name 1 = t090C: Temperature [ITS-90, deg C]
# name 2 = c0S/m: Conductivity [S/m]
# name 3 = sbeox0V: Oxygen raw, SBE 43 [V]
# name 4 = flC: Fluorescence, Chelsea Aqua 3 Chl Con [ug/l]
# name 5 = timeJ: Julian Days
# name 6 = latitude: Latitude [deg]
# name 7 = longitude: Longitude [deg]
# name 8 = par: PAR/Irradiance, Biospherical/Licor
# name 9 = sal00: Salinity, Practical [PSU]
# name 10 = potemp090C: Potential Temperature [ITS-90, deg C]
# name 11 = CStarTr0: Beam Transmission, WET Labs C-Star [%]
# name 12 = depSM: Depth [salt water, m]
# name 13 = timeQ: Time, NMEA [seconds]
# name 14 = v0: Voltage 0
# name 15 = v1: Voltage 1
# name 16 = v2: Voltage 2
# name 17 = v3: Voltage 3
# name 18 = v4: Voltage 4
# name 19 = v5: Voltage 5
# name 20 = v6: Voltage 6
# name 21 = v7: Voltage 7
# name 22 = potemp090C: Potential Temperature [ITS-90, deg C]
# name 23 = sal00: Salinity, Practical [PSU]
# name 24 = sigma-é00: Density [sigma-theta, kg/m^3]
# name 25 = sbeox0ML/L: Oxygen, SBE 43 [ml/l], WS = 2
# name 26 = sbeox0Mm/Kg: Oxygen, SBE 43 [umol/kg], WS = 2
# name 27 = flag: flag
# span 0 =      6.000,   1011.000       
# span 1 =     8.3982,    15.1752       
# span 2 =   3.738323,   4.367249       
# span 3 =     1.6724,     2.5648       
# span 4 =     0.0118,     1.6141       
# span 5 = 180.126758, 180.146790       
# span 6 =   48.90542,   48.90652       
# span 7 =  -16.49100,  -16.49002       
# span 8 = -7.018e-04, 1.7361e-01       
# span 9 =    35.3389,    35.5628       
# span 10 =     8.2874,    15.1737      
# span 11 =    88.7632,    99.9615      
# span 12 =      5.942,   1000.014      
# span 13 =  488862152,  488863884      
# span 14 =     0.6182,     2.4363      
# span 15 =     1.6713,     2.5649      
# span 16 =     4.1930,     4.7220      
# span 17 =     0.0006,     0.6501      
# span 18 =     0.0157,     0.4022      
# span 19 =    -0.0272,     0.8957      
# span 20 =     0.0000,     0.0000      
# span 21 =     0.0000,     0.0000      
# span 22 =     8.2874,    15.1737      
# span 23 =    35.3344,    35.5478      
# span 24 =    26.3366,    27.5246      
# span 25 =    4.25933,    5.80908      
# span 26 =    185.323,    252.602      
# span 27 = 0.0000e+00, 0.0000e+00      
# interval = decibars: 1                
# start_time = Jun 29 2015 03:02:29 [NMEA time, first data scan]
# bad_flag = -9.990e-29
*END*
[from data line 156]
    162.000    11.5216   4.015230     2.2713     0.0292 180.132366   48.90651  -16.49006 1.0000e-12    35.5339    11.5009    99.5651    160.562  488862637     0.8502     2.2734     4.7033     0.0061     0.0440     0.0140     0.0000     0.0000    11.5009    35.5334    27.0984    5.43135    236.207 0.0000e+00
    163.000    11.5202   4.015106     2.2713     0.0303 180.132374   48.90650  -16.49006 1.0000e-12    35.5335    11.4994    99.5937    161.559  488862637     0.8607     2.2722     4.7046     0.0061     0.0500     0.4974     0.0000     0.0000    11.4994    35.5330    27.0984    5.43224    236.245 0.0000e+00
    164.000    11.5145   4.014552     2.2713     0.0319 180.132383   48.90650  -16.49006 1.0000e-12    35.5332    11.4936    99.5905    162.562  488862638     0.8770     2.2712     4.7045     0.0061     0.0420     0.3431     0.0000     0.0000    11.4936    35.5326    27.0991    5.43457    236.347 0.0000e+00
    165.000    11.5128   4.014445     2.2720     0.0304 180.132405   48.90651  -16.49006 1.0000e-12    35.5332    11.4917    99.5909    163.538  488862640     0.8625     2.2711     4.7045     0.0061     0.0415     0.3972     0.0000     0.0000    11.4917    35.5327    27.0996    5.43663    236.436 0.0000e+00
    166.000    11.5082   4.014049     2.2714     0.0316 180.132438   48.90652  -16.49006 1.0000e-12    35.5332    11.4870    99.6036    164.529  488862643     0.8744     2.2716     4.7051     0.0061     0.0404     0.3320     0.0000     0.0000    11.4870    35.5328    27.1005    5.43588    236.404 0.0000e+00
    167.000    11.5091   4.014368     2.2723     0.0290 180.132478   48.90652  -16.49006 1.0000e-12    35.5348    11.4878    99.5901    165.508  488862646     0.8486     2.2710     4.7044     0.0061     0.0439     0.3428     0.0000     0.0000    11.4878    35.5346    27.1018    5.44476    236.790 0.0000e+00
    168.000    11.5194   4.015886     2.2737     0.0302 180.132490   48.90652  -16.49006 1.0000e-12    35.5393    11.4979    99.5468    166.497  488862647     0.8598     2.2712     4.7024     0.0061     0.0431     0.4155     0.0000     0.0000    11.4979    35.5393    27.1036    5.44731    236.900 0.0000e+00
    169.000    11.5186   4.015936     2.2742     0.0343 180.132499   48.90652  -16.49006 1.0000e-12    35.5400    11.4971    99.5608    167.492  488862648     0.8991     2.2718     4.7031     0.0061     0.0454     0.5422     0.0000     0.0000    11.4971    35.5401    27.1043    5.45004    237.018 0.0000e+00
    170.000    11.5079   4.014862     2.2748     0.0383 180.132506   48.90652  -16.49006 1.0000e-12    35.5396    11.4862    99.5655    168.488  488862649     0.9346     2.2723     4.7033     0.0061     0.0337    -0.0009     0.0000     0.0000    11.4862    35.5393    27.1057    5.45615    237.284 0.0000e+00
    171.000    11.4795   4.011858     2.2759     0.0414 180.132514   48.90652  -16.49006 1.0000e-12    35.5374    11.4577    99.5641    169.497  488862649     0.9602     2.2731     4.7032     0.0061     0.0432     0.4658     0.0000     0.0000    11.4577    35.5364    27.1089    5.46381    237.619 0.0000e+00
    172.000    11.4726   4.011094     2.2765     0.0425 180.132534   48.90652  -16.49006 1.0000e-12    35.5361    11.4507    99.5542    170.486  488862651     0.9672     2.2747     4.7028     0.0061     0.0442     0.2732     0.0000     0.0000    11.4507    35.5350    27.1091    5.46355    237.608 0.0000e+00
    173.000    11.4703   4.010887     2.2738     0.0345 180.132582   48.90652  -16.49006 1.0000e-12    35.5355    11.4483    99.5607    171.452  488862655     0.9016     2.2782     4.7031     0.0061     0.0439     0.4165     0.0000     0.0000    11.4483    35.5347    27.1093    5.44714    236.894 0.0000e+00
    174.000    11.4603   4.009823     2.2737     0.0315 180.132591   48.90652  -16.49006 1.0000e-12    35.5345    11.4381    99.5440    172.460  488862656     0.8725     2.2770     4.7023     0.0061     0.0567     0.4341     0.0000     0.0000    11.4381    35.5334    27.1102    5.45406    237.195 0.0000e+00
    175.000    11.4558   4.009357     2.2737     0.0271 180.132602   48.90652  -16.49006 1.0000e-12    35.5338    11.4335    99.5708    173.452  488862657     0.8276     2.2750     4.7035     0.0061     0.0456     0.3287     0.0000     0.0000    11.4335    35.5327    27.1105    5.45483    237.229 0.0000e+00
    176.000    11.4503   4.008791     2.2729     0.0307 180.132619   48.90651  -16.49006 1.0000e-12    35.5329    11.4279    99.5922    174.434  488862659     0.8651     2.2735     4.7045     0.0061     0.0488     0.4059     0.0000     0.0000    11.4279    35.5319    27.1109    5.45102    237.064 0.0000e+00
    177.000    11.4456   4.008302     2.2719     0.0314 180.132638   48.90650  -16.49006 1.0000e-12    35.5320    11.4231    99.5796    175.422  488862660     0.8716     2.2732     4.7040     0.0061     0.0500     0.2532     0.0000     0.0000    11.4231    35.5311    27.1112    5.45135    237.079 0.0000e+00
    178.000    11.4347   4.007132     2.2714     0.0320 180.132654   48.90652  -16.49006 1.0000e-12    35.5306    11.4121    99.6008    176.420  488862661     0.8782     2.2724     4.7049     0.0061     0.0480     0.4780     0.0000     0.0000    11.4121    35.5295    27.1120    5.44965    237.005 0.0000e+00
    179.000    11.4330   4.006989     2.2696     0.0328 180.132676   48.90652  -16.49006 1.0000e-12    35.5301    11.4102    99.5938    177.407  488862663     0.8843     2.2714     4.7046     0.0061     0.0472     0.3117     0.0000     0.0000    11.4102    35.5293    27.1122    5.44475    236.792 0.0000e+00
    180.000    11.4252   4.006230     2.2686     0.0373 180.132706   48.90652  -16.49006 1.0000e-12    35.5296    11.4024    99.6086    178.396  488862666     0.9265     2.2694     4.7053     0.0061     0.0541     0.4203     0.0000     0.0000    11.4024    35.5288    27.1133    5.44544    236.822 0.0000e+00
    181.000    11.4127   4.004918     2.2670     0.0378 180.132730   48.90652  -16.49006 1.0000e-12    35.5283    11.3897    99.5150    179.380  488862668     0.9300     2.2686     4.7009     0.0061     0.0463     0.2642     0.0000     0.0000    11.3897    35.5274    27.1145    5.43805    236.502 0.0000e+00
    182.000    11.4019   4.003765     2.2657     0.0368 180.132743   48.90652  -16.49006 1.0000e-12    35.5269    11.3788    99.5996    180.375  488862669     0.9215     2.2683     4.7049     0.0061     0.0469     0.3842     0.0000     0.0000    11.3788    35.5259    27.1154    5.43608    236.417 0.0000e+00
    183.000    11.3939   4.002904     2.2645     0.0317 180.132753   48.90652  -16.49006 1.0000e-12    35.5257    11.3707    99.6307    181.366  488862670     0.8754     2.2674     4.7064     0.0061     0.0416     0.4380     0.0000     0.0000    11.3707    35.5246    27.1159    5.43527    236.381 0.0000e+00
    184.000    11.3904   4.002551     2.2640     0.0326 180.132762   48.90650  -16.49006 1.0000e-12    35.5251    11.3671    99.6010    182.365  488862671     0.8834     2.2663     4.7050     0.0061     0.0430     0.3986     0.0000     0.0000    11.3671    35.5240    27.1161    5.43873    236.532 0.0000e+00
    185.000    11.3836   4.001897     2.2640     0.0329 180.132775   48.90650  -16.49006 1.0000e-12    35.5247    11.3602    99.6066    183.359  488862672     0.8868     2.2651     4.7052     0.0061     0.0435     0.2743     0.0000     0.0000    11.3602    35.5236    27.1171    5.44162    236.658 0.0000e+00
    186.000    11.3844   4.002102     2.2632     0.0290 180.132817   48.90651  -16.49006 1.0000e-12    35.5252    11.3608    99.6080    184.338  488862676     0.8473     2.2640     4.7053     0.0061     0.0478     0.3561     0.0000     0.0000    11.3608    35.5245    27.1176    5.43906    236.547 0.0000e+00
    187.000    11.3837   4.002206     2.2598     0.0282 180.132859   48.90652  -16.49006 1.0000e-12    35.5263    11.3600    99.6135    185.319  488862679     0.8400     2.2637     4.7056     0.0061     0.0495     0.4422     0.0000     0.0000    11.3600    35.5257    27.1188    5.42147    235.781 0.0000e+00
    188.000    11.3906   4.003197     2.2590     0.0256 180.132866   48.90652  -16.49004 1.0000e-12    35.5289    11.3667    99.6015    186.313  488862680     0.8119     2.2626     4.7050     0.0061     0.0403     0.0497     0.0000     0.0000    11.3667    35.5285    27.1196    5.42368    235.877 0.0000e+00
    189.000    11.3852   4.002638     2.2590     0.0268 180.132873   48.90652  -16.49004 1.0000e-12    35.5281    11.3612    99.6171    187.313  488862680     0.8246     2.2615     4.7057     0.0061     0.0343     0.5287     0.0000     0.0000    11.3612    35.5277    27.1200    5.42731    236.035 0.0000e+00
    190.000    11.3710   4.001074     2.2588     0.0279 180.132880   48.90652  -16.49004 1.0000e-12    35.5262    11.3469    99.6172    188.306  488862681     0.8366     2.2609     4.7057     0.0061     0.0378     0.6228     0.0000     0.0000    11.3469    35.5254    27.1209    5.42901    236.110 0.0000e+00
    191.000    11.3631   4.000254     2.2586     0.0286 180.132887   48.90651  -16.49004 1.0000e-12    35.5253    11.3389    99.6172    189.304  488862682     0.8442     2.2597     4.7057     0.0061     0.0355     0.0199     0.0000     0.0000    11.3389    35.5244    27.1216    5.43170    236.227 0.0000e+00
    192.000    11.3558   3.999472     2.2589     0.0323 180.132896   48.90650  -16.49005 1.0000e-12    35.5242    11.3315    99.6051    190.302  488862682     0.8811     2.2589     4.7051     0.0061     0.0410     0.3437     0.0000     0.0000    11.3315    35.5232    27.1221    5.43866    236.530 0.0000e+00
    193.000    11.3494   3.998813     2.2586     0.0242 180.132951   48.90651  -16.49006 1.0000e-12    35.5232    11.3250    99.6286    191.278  488862687     0.7880     2.2594     4.7063     0.0061     0.0404     0.5033     0.0000     0.0000    11.3250    35.5223    27.1226    5.43086    236.191 0.0000e+00
    194.000    11.3430   3.998102     2.2567     0.0254 180.132979   48.90652  -16.49005 1.0000e-12    35.5219    11.3184    99.6434    192.268  488862690     0.8091     2.2593     4.7070     0.0061     0.0516     0.2914     0.0000     0.0000    11.3184    35.5210    27.1228    5.42564    235.964 0.0000e+00
    195.000    11.3188   3.995344     2.2565     0.0254 180.132987   48.90652  -16.49004 1.0000e-12    35.5178    11.2942    99.6389    193.261  488862690     0.8087     2.2589     4.7068     0.0061     0.0381     0.4658     0.0000     0.0000    11.2942    35.5164    27.1238    5.43316    236.293 0.0000e+00
    196.000    11.3049   3.993851     2.2566     0.0217 180.132997   48.90650  -16.49004 1.0000e-12    35.5161    11.2802    99.6396    194.252  488862691     0.7651     2.2577     4.7068     0.0061     0.0370     0.3839     0.0000     0.0000    11.2802    35.5145    27.1248    5.43691    236.457 0.0000e+00
    197.000    11.3003   3.993349     2.2567     0.0231 180.133010   48.90650  -16.49005 1.0000e-12    35.5151    11.2754    99.6335    195.242  488862692     0.7821     2.2563     4.7065     0.0061     0.0356     0.2791     0.0000     0.0000    11.2754    35.5136    27.1250    5.43840    236.522 0.0000e+00
    198.000    11.3000   3.993438     2.2580     0.0277 180.133030   48.90650  -16.49006 1.0000e-12    35.5155    11.2750    99.6449    196.232  488862694     0.8344     2.2564     4.7071     0.0061     0.0413     0.4324     0.0000     0.0000    11.2750    35.5143    27.1256    5.44628    236.864 0.0000e+00
    199.000    11.3071   3.994208     2.2580     0.0269 180.133068   48.90651  -16.49006 1.0000e-12    35.5151    11.2820    99.6938    197.214  488862697     0.8256     2.2583     4.7094     0.0061     0.0368     0.3620     0.0000     0.0000    11.2820    35.5146    27.1246    5.43875    236.536 0.0000e+00
    200.000    11.3001   3.993581     2.2569     0.0252 180.133087   48.90652  -16.49006 1.0000e-12    35.5154    11.2748    99.6694    198.204  488862699     0.8070     2.2576     4.7082     0.0061     0.0404     0.3517     0.0000     0.0000    11.2748    35.5147    27.1260    5.43687    236.455 0.0000e+00
    201.000    11.2993   3.993630     2.2567     0.0263 180.133099   48.90650  -16.49006 1.0000e-12    35.5160    11.2740    99.6689    199.199  488862700     0.8193     2.2576     4.7082     0.0061     0.0398     0.3540     0.0000     0.0000    11.2740    35.5154    27.1267    5.44044    236.610 0.0000e+00
    202.000    11.3006   3.993877     2.2567     0.0262 180.133111   48.90650  -16.49006 1.0000e-12    35.5168    11.2751    99.6699    200.192  488862701     0.8181     2.2569     4.7082     0.0061     0.0372     0.3537     0.0000     0.0000    11.2751    35.5163    27.1272    5.44101    236.635 0.0000e+00
    203.000    11.3011   3.994027     2.2567     0.0264 180.133124   48.90650  -16.49006 1.0000e-12    35.5172    11.2754    99.6765    201.185  488862702     0.8198     2.2564     4.7086     0.0061     0.0516     0.2961     0.0000     0.0000    11.2754    35.5168    27.1275    5.44414    236.771 0.0000e+00
    204.000    11.3011   3.994056     2.2581     0.0299 180.133143   48.90650  -16.49006 1.0000e-12    35.5170    11.2753    99.6595    202.174  488862704     0.8564     2.2564     4.7078     0.0061     0.0411     0.3385     0.0000     0.0000    11.2753    35.5167    27.1274    5.44850    236.961 0.0000e+00
    205.000    11.3009   3.994067     2.2573     0.0283 180.133168   48.90650  -16.49006 1.0000e-12    35.5167    11.2750    99.6700    203.156  488862706     0.8403     2.2576     4.7083     0.0061     0.0441     0.4347     0.0000     0.0000    11.2750    35.5165    27.1273    5.44002    236.592 0.0000e+00
    206.000    11.2967   3.993723     2.2564     0.0358 180.133183   48.90650  -16.49006 1.0000e-12    35.5170    11.2707    99.6511    204.153  488862707     0.9127     2.2578     4.7074     0.0061     0.0532     0.2972     0.0000     0.0000    11.2707    35.5167    27.1283    5.44299    236.721 0.0000e+00
    207.000    11.2938   3.993495     2.2567     0.0332 180.133201   48.90650  -16.49006 1.0000e-12    35.5171    11.2677    99.6618    205.147  488862709     0.8877     2.2567     4.7079     0.0061     0.0454     0.3769     0.0000     0.0000    11.2677    35.5168    27.1289    5.44514    236.814 0.0000e+00
    208.000    11.2951   3.993651     2.2559     0.0235 180.133228   48.90650  -16.49008 1.0000e-12    35.5168    11.2688    99.6720    206.129  488862711     0.7878     2.2563     4.7083     0.0061     0.0445     0.3294     0.0000     0.0000    11.2688    35.5166    27.1286    5.44073    236.623 0.0000e+00
    209.000    11.2896   3.993136     2.2554     0.0308 180.133245   48.90650  -16.49006 1.0000e-12    35.5167    11.2632    99.6582    207.119  488862713     0.8666     2.2562     4.7077     0.0061     0.0422     0.3748     0.0000     0.0000    11.2632    35.5164    27.1294    5.44105    236.637 0.0000e+00
    210.000    11.2825   3.992462     2.2546     0.0299 180.133257   48.90650  -16.49006 1.0000e-12    35.5165    11.2560    99.6570    208.117  488862714     0.8572     2.2555     4.7077     0.0061     0.0464     0.3691     0.0000     0.0000    11.2560    35.5160    27.1305    5.43841    236.522 0.0000e+00
    211.000    11.2658   3.990727     2.2546     0.0294 180.133272   48.90650  -16.49007 1.0000e-12    35.5152    11.2392    99.6646    209.113  488862715     0.8520     2.2551     4.7080     0.0061     0.0417     0.3559     0.0000     0.0000    11.2392    35.5144    27.1324    5.44594    236.850 0.0000e+00
    212.000    11.2771   3.991791     2.2537     0.0274 180.133310   48.90650  -16.49008 1.0000e-12    35.5139    11.2504    99.6727    210.089  488862718     0.8313     2.2543     4.7084     0.0061     0.0452     0.4256     0.0000     0.0000    11.2504    35.5136    27.1297    5.43483    236.367 0.0000e+00
