Data/ruptures/DY032/PAP/d20150625_DY032_CTD03.cnv
* Sea-Bird SBE 9 Data File:
* FileName = C:\CTD\DY032\20150625_DY032_CTD03.hdr
* Software Version Seasave V 7.23.2
* Temperature SN = 2112
* Conductivity SN = 3159
* Number of Bytes Per Scan = 35
* Number of Voltage Words = 4
* Number of Scans Averaged by the Deck Unit = 1
* NMEA Latitude = 48 50.49 N
* NMEA Longitude = 016 31.22 W
* NMEA UTC (Time) = Jun 25 2015 09:32:00
** Ship:
** Station:
** Operator:
# nquan = 28
# nvalues = 1010                        
# units = specified
# name 0 = prDM: Pressure, Digiquartz [db]
# name 1 = t090C: Temperature [ITS-90, deg C]
# name 2 = c0S/m: Conductivity [S/m]
# name 3 = sbeox0V: Oxygen raw, SBE 43 [V]
# name 4 = flC: Fluorescence, Chelsea Aqua 3 Chl Con [ug/l]
# name 5 = timeJ: Julian Days
# name 6 = latitude: Latitude [deg]
# name 7 = longitude: Longitude [deg]
# name 8 = par: PAR/Irradiance, Biospherical/Licor
# name 9 = sal00: Salinity, Practical [PSU]
# name 10 = potemp090C: Potential Temperature [ITS-90, deg C]
# name 11 = CStarTr0: Beam Transmission, WET Labs C-Star [%]
# name 12 = depSM: Depth [salt water, m]
# name 13 = timeQ: Time, NMEA [seconds]
# name 14 = v0: Voltage 0
# name 15 = v1: Voltage 1
# name 16 = v2: Voltage 2
# name 17 = v3: Voltage 3
# name 18 = v4: Voltage 4
# name 19 = v5: Voltage 5
# name 20 = v6: Voltage 6
# name 21 = v7: Voltage 7
# name 22 = potemp090C: Potential Temperature [ITS-90, deg C]
# name 23 = sal00: Salinity, Practical [PSU]
# name 24 = sigma-é00: Density [sigma-theta, kg/m^3]
# name 25 = sbeox0ML/L: Oxygen, SBE 43 [ml/l], WS = 2
# name 26 = sbeox0Mm/Kg: Oxygen, SBE 43 [umol/kg], WS = 2
# name 27 = flag: flag
# span 0 =      5.000,   1014.000       
# span 1 =     7.6435,    14.9018       
# span 2 =   3.656205,   4.338508       
# span 3 =     1.6769,     2.5855       
# span 4 =     0.0120,     1.4362       
# span 5 =   1.397332,   1.420671       
# span 6 =   48.84140,   48.84148       
# span 7 =  -16.52030,  -16.52022       
# span 8 = -1.038e-06, 2.8737e+01       
# span 9 =    35.2157,    35.5579       
# span 10 =     7.5378,    14.8999      
# span 11 =    88.7330,    99.9164      
# span 12 =      4.937,   1002.983      
# span 13 =  488539930,  488541946      
# span 14 =     0.6228,     2.3861      
# span 15 =     1.6773,     2.5852      
# span 16 =     4.1916,     4.7199      
# span 17 =     0.0060,     2.7616      
# span 18 =     0.0146,     0.3948      
# span 19 =     0.1933,     0.2186      
# span 20 =     0.0000,     1.0411      
# span 21 =     0.0000,     0.8978      
# span 22 =     7.5378,    14.8999      
# span 23 =    35.2081,    35.5587      
# span 24 =    26.3881,    27.5392      
# span 25 =    4.29262,    5.91919      
# span 26 =    186.790,    257.373      
# span 27 = 0.0000e+00, 0.0000e+00      
# interval = decibars: 1                
# start_time = Jan 01 2000 09:32:00 [NMEA time, first data scan]
# bad_flag = -9.990e-29
*END*
[from data line 674]
    679.000    10.3603   3.916976     2.1008     0.0163   1.411048   48.84142  -16.52028 1.0000e-12    35.4430    10.2774    99.8717    672.142  488541115     0.6918     2.1064     4.7177     0.0061     0.0222     0.2162     0.0000     0.0000    10.2774    35.4414    27.2486    5.34432    232.465 0.0000e+00
    680.000    10.3370   3.914353     2.0952     0.0138   1.411060   48.84142  -16.52028 1.0000e-12    35.4389    10.2541    99.8708    673.135  488541116     0.6528     2.1048     4.7177     0.0061     0.0238     0.2160     0.0000     0.0000    10.2541    35.4370    27.2492    5.32615    231.676 0.0000e+00
    681.000    10.3245   3.912944     2.0906     0.0137   1.411070   48.84142  -16.52028 1.0000e-12    35.4365    10.2415    99.8692    674.124  488541117     0.6512     2.1026     4.7176     0.0061     0.0229     0.2162     0.0000     0.0000    10.2415    35.4344    27.2495    5.32388    231.578 0.0000e+00
    682.000    10.3373   3.914671     2.0886     0.0153   1.411079   48.84142  -16.52028 1.0000e-12    35.4405    10.2542    99.8730    675.113  488541118     0.6768     2.0987     4.7178     0.0061     0.0226     0.2163     0.0000     0.0000    10.2542    35.4390    27.2508    5.33084    231.880 0.0000e+00
    683.000    10.3526   3.916549     2.0879     0.0162   1.411088   48.84142  -16.52027 1.0000e-12    35.4437    10.2692    99.8662    676.103  488541118     0.6902     2.0941     4.7175     0.0061     0.0233     0.2162     0.0000     0.0000    10.2692    35.4428    27.2511    5.33646    232.123 0.0000e+00
    684.000    10.3562   3.917053     2.0880     0.0175   1.411097   48.84142  -16.52026 1.0000e-12    35.4446    10.2727    99.8527    677.094  488541119     0.7087     2.0897     4.7168     0.0061     0.0184     0.2162     0.0000     0.0000    10.2727    35.4439    27.2513    5.34028    232.289 0.0000e+00
    685.000    10.3527   3.916701     2.0882     0.0171   1.411107   48.84142  -16.52026 1.0000e-12    35.4440    10.2691    99.8523    678.076  488541120     0.7032     2.0873     4.7168     0.0061     0.0198     0.2163     0.0000     0.0000    10.2691    35.4433    27.2516    5.34620    232.547 0.0000e+00
    686.000    10.3564   3.917332     2.0893     0.0174   1.411117   48.84142  -16.52026 1.0000e-12    35.4462    10.2726    99.8498    679.069  488541121     0.7076     2.0866     4.7167     0.0061     0.0227     0.2163     0.0000     0.0000    10.2726    35.4456    27.2528    5.34972    232.699 0.0000e+00
    687.000    10.3586   3.917664     2.0895     0.0182   1.411128   48.84142  -16.52026 1.0000e-12    35.4468    10.2747    99.8498    680.052  488541122     0.7194     2.0867     4.7167     0.0061     0.0249     0.2163     0.0000     0.0000    10.2747    35.4464    27.2530    5.35100    232.755 0.0000e+00
    688.000    10.3569   3.917503     2.0904     0.0163   1.411137   48.84142  -16.52027 1.0000e-12    35.4465    10.2728    99.8498    681.046  488541123     0.6916     2.0869     4.7167     0.0061     0.0256     0.2163     0.0000     0.0000    10.2728    35.4460    27.2530    5.35372    232.873 0.0000e+00
    689.000    10.3566   3.917529     2.0905     0.0165   1.411147   48.84142  -16.52028 1.0000e-12    35.4465    10.2725    99.8351    682.034  488541123     0.6947     2.0878     4.7160     0.0061     0.0226     0.2163     0.0000     0.0000    10.2725    35.4461    27.2531    5.35147    232.775 0.0000e+00
    690.000    10.3547   3.917345     2.0904     0.0176   1.411158   48.84142  -16.52028 1.0000e-12    35.4460    10.2705    99.8240    683.022  488541124     0.7107     2.0883     4.7155     0.0061     0.0217     0.2164     0.0000     0.0000    10.2705    35.4456    27.2531    5.34710    232.585 0.0000e+00
    691.000    10.3433   3.916086     2.0887     0.0171   1.411172   48.84142  -16.52028 1.0000e-12    35.4441    10.2590    99.8254    684.014  488541126     0.7026     2.0890     4.7156     0.0061     0.0237     0.2165     0.0000     0.0000    10.2591    35.4435    27.2535    5.33745    232.166 0.0000e+00
    692.000    10.3237   3.913872     2.0853     0.0231   1.411193   48.84142  -16.52028 1.0000e-12    35.4406    10.2394    99.8397    684.993  488541127     0.7811     2.0884     4.7162     0.0061     0.0236     0.2165     0.0000     0.0000    10.2394    35.4397    27.2539    5.32443    231.601 0.0000e+00
    693.000    10.3175   3.913122     2.0813     0.0221   1.411211   48.84142  -16.52028 1.0000e-12    35.4387    10.2330    99.8492    685.977  488541129     0.7692     2.0859     4.7167     0.0061     0.0181     0.2164     0.0000     0.0000    10.2330    35.4377    27.2535    5.30636    230.816 0.0000e+00
    694.000    10.2955   3.910702     2.0780     0.0158   1.411221   48.84144  -16.52028 1.0000e-12    35.4356    10.2110    99.8248    686.962  488541130     0.6845     2.0840     4.7155     0.0061     0.0241     0.2164     0.0000     0.0000    10.2110    35.4341    27.2546    5.29352    230.259 0.0000e+00
    695.000    10.2887   3.909927     2.0754     0.0160   1.411229   48.84144  -16.52027 1.0000e-12    35.4339    10.2041    99.8240    687.954  488541131     0.6867     2.0826     4.7155     0.0061     0.0244     0.2162     0.0000     0.0000    10.2041    35.4324    27.2544    5.28639    229.949 0.0000e+00
    696.000    10.2706   3.907915     2.0728     0.0202   1.411236   48.84144  -16.52026 1.0000e-12    35.4310    10.1860    99.8333    688.948  488541131     0.7457     2.0808     4.7159     0.0061     0.0235     0.2165     0.0000     0.0000    10.1860    35.4292    27.2550    5.28204    229.760 0.0000e+00
    697.000    10.2584   3.906562     2.0708     0.0232   1.411243   48.84144  -16.52026 1.0000e-12    35.4288    10.1737    99.8536    689.940  488541132     0.7842     2.0791     4.7169     0.0061     0.0240     0.2163     0.0000     0.0000    10.1738    35.4268    27.2554    5.28070    229.703 0.0000e+00
    698.000    10.2513   3.905801     2.0691     0.0218   1.411250   48.84144  -16.52027 1.0000e-12    35.4276    10.1665    99.8498    690.931  488541132     0.7664     2.0764     4.7167     0.0061     0.0256     0.2164     0.0000     0.0000    10.1665    35.4256    27.2556    5.27842    229.604 0.0000e+00
    699.000    10.2452   3.905173     2.0669     0.0229   1.411258   48.84144  -16.52028 1.0000e-12    35.4267    10.1604    99.8569    691.920  488541133     0.7800     2.0738     4.7170     0.0061     0.0256     0.2165     0.0000     0.0000    10.1604    35.4247    27.2560    5.27548    229.477 0.0000e+00
    700.000    10.2436   3.905025     2.0654     0.0236   1.411268   48.84144  -16.52028 1.0000e-12    35.4261    10.1586    99.8672    692.910  488541134     0.7878     2.0707     4.7175     0.0061     0.0276     0.2166     0.0000     0.0000    10.1586    35.4243    27.2560    5.27844    229.606 0.0000e+00
    701.000    10.2460   3.905350     2.0654     0.0235   1.411286   48.84142  -16.52028 1.0000e-12    35.4262    10.1609    99.8454    693.896  488541135     0.7870     2.0665     4.7165     0.0061     0.0267     0.2165     0.0000     0.0000    10.1609    35.4248    27.2560    5.28854    230.045 0.0000e+00
    702.000    10.2582   3.906812     2.0660     0.0256   1.411322   48.84144  -16.52027 1.0000e-12    35.4280    10.1730    99.8718    694.862  488541139     0.8110     2.0640     4.7177     0.0061     0.0190     0.2167     0.0000     0.0000    10.1729    35.4273    27.2559    5.29693    230.409 0.0000e+00
    703.000    10.2495   3.906077     2.0679     0.0238   1.411330   48.84144  -16.52026 1.0000e-12    35.4287    10.1642    99.8759    695.852  488541139     0.7910     2.0647     4.7179     0.0061     0.0195     0.2167     0.0000     0.0000    10.1642    35.4279    27.2578    5.31882    231.361 0.0000e+00
    704.000    10.2528   3.906552     2.0706     0.0211   1.411337   48.84144  -16.52026 1.0000e-12    35.4296    10.1673    99.8757    696.834  488541140     0.7577     2.0645     4.7179     0.0061     0.0183     0.2164     0.0000     0.0000    10.1673    35.4290    27.2582    5.33253    231.957 0.0000e+00
    705.000    10.2561   3.906999     2.0726     0.0191   1.411344   48.84144  -16.52026 1.0000e-12    35.4305    10.1704    99.8757    697.856  488541140     0.7316     2.0642     4.7179     0.0061     0.0237     0.2161     0.0000     0.0000    10.1704    35.4300    27.2584    5.33636    232.124 0.0000e+00
    706.000    10.2569   3.907176     2.0741     0.0214   1.411349   48.84144  -16.52026 1.0000e-12    35.4310    10.1711    99.8733    698.822  488541141     0.7612     2.0645     4.7178     0.0061     0.0239     0.2163     0.0000     0.0000    10.1711    35.4306    27.2587    5.32793    231.757 0.0000e+00
    707.000    10.2552   3.907020     2.0745     0.0210   1.411355   48.84144  -16.52026 1.0000e-12    35.4307    10.1693    99.8692    699.808  488541141     0.7563     2.0658     4.7176     0.0061     0.0238     0.2163     0.0000     0.0000    10.1693    35.4302    27.2587    5.30982    230.969 0.0000e+00
    708.000    10.2348   3.904616     2.0724     0.0184   1.411360   48.84144  -16.52026 1.0000e-12    35.4263    10.1489    99.8755    700.827  488541142     0.7221     2.0667     4.7179     0.0061     0.0205     0.2164     0.0000     0.0000    10.1489    35.4251    27.2583    5.28729    229.991 0.0000e+00
    709.000    10.1914   3.899846     2.0689     0.0174   1.411366   48.84144  -16.52026 1.0000e-12    35.4204    10.1056    99.8706    701.818  488541142     0.7076     2.0691     4.7177     0.0061     0.0160     0.2167     0.0000     0.0000    10.1056    35.4185    27.2606    5.27215    229.335 0.0000e+00
    710.000    10.2039   3.901272     2.0638     0.0201   1.411384   48.84144  -16.52027 1.0000e-12    35.4217    10.1179    99.8717    702.793  488541144     0.7439     2.0698     4.7177     0.0061     0.0180     0.2165     0.0000     0.0000    10.1179    35.4203    27.2600    5.27828    229.601 0.0000e+00
    711.000    10.2153   3.902574     2.0615     0.0177   1.411416   48.84144  -16.52026 1.0000e-12    35.4227    10.1291    99.8762    703.760  488541147     0.7107     2.0598     4.7179     0.0061     0.0167     0.2166     0.0000     0.0000    10.1291    35.4220    27.2593    5.27570    229.488 0.0000e+00
    712.000    10.2054   3.901557     2.0592     0.0179   1.411427   48.84144  -16.52026 1.0000e-12    35.4218    10.1192    99.8757    704.752  488541148     0.7144     2.0611     4.7179     0.0061     0.0165     0.2164     0.0000     0.0000    10.1192    35.4209    27.2602    5.26531    229.036 0.0000e+00
    713.000    10.1910   3.900101     2.0577     0.0191   1.411436   48.84145  -16.52026 1.0000e-12    35.4209    10.1046    99.8757    705.744  488541148     0.7313     2.0611     4.7179     0.0061     0.0212     0.2165     0.0000     0.0000    10.1047    35.4197    27.2618    5.26875    229.186 0.0000e+00
    714.000    10.1918   3.900256     2.0574     0.0211   1.411444   48.84146  -16.52026 1.0000e-12    35.4211    10.1054    99.8757    706.734  488541149     0.7572     2.0601     4.7179     0.0061     0.0190     0.2164     0.0000     0.0000    10.1054    35.4200    27.2619    5.26967    229.226 0.0000e+00
    715.000    10.1896   3.900051     2.0564     0.0196   1.411452   48.84146  -16.52026 1.0000e-12    35.4206    10.1031    99.8831    707.726  488541150     0.7375     2.0586     4.7183     0.0061     0.0222     0.2165     0.0000     0.0000    10.1031    35.4196    27.2620    5.26394    228.977 0.0000e+00
    716.000    10.1808   3.899125     2.0553     0.0186   1.411460   48.84145  -16.52026 1.0000e-12    35.4195    10.0942    99.8773    708.715  488541151     0.7250     2.0570     4.7180     0.0061     0.0187     0.2163     0.0000     0.0000    10.0942    35.4183    27.2625    5.25936    228.779 0.0000e+00
    717.000    10.1706   3.898048     2.0536     0.0177   1.411469   48.84144  -16.52026 1.0000e-12    35.4181    10.0839    99.8784    709.705  488541151     0.7125     2.0562     4.7180     0.0061     0.0207     0.2165     0.0000     0.0000    10.0839    35.4168    27.2631    5.25338    228.519 0.0000e+00
    718.000    10.1588   3.896773     2.0518     0.0131   1.411480   48.84144  -16.52026 1.0000e-12    35.4164    10.0720    99.8802    710.693  488541152     0.6403     2.0552     4.7181     0.0061     0.0252     0.2164     0.0000     0.0000    10.0720    35.4149    27.2637    5.24711    228.247 0.0000e+00
    719.000    10.1515   3.895989     2.0490     0.0125   1.411491   48.84144  -16.52026 1.0000e-12    35.4151    10.0646    99.8922    711.678  488541153     0.6306     2.0537     4.7187     0.0061     0.0295     0.2165     0.0000     0.0000    10.0646    35.4137    27.2640    5.23488    227.715 0.0000e+00
    720.000    10.1452   3.895326     2.0451     0.0164   1.411504   48.84145  -16.52026 1.0000e-12    35.4140    10.0583    99.8766    712.664  488541154     0.6932     2.0513     4.7179     0.0061     0.0210     0.2164     0.0000     0.0000    10.0583    35.4125    27.2642    5.21271    226.751 0.0000e+00
    721.000    10.1183   3.892287     2.0392     0.0211   1.411516   48.84146  -16.52026 1.0000e-12    35.4094    10.0314    99.8746    713.650  488541155     0.7571     2.0487     4.7178     0.0061     0.0208     0.2167     0.0000     0.0000    10.0314    35.4074    27.2649    5.18156    225.398 0.0000e+00
    722.000    10.0892   3.889120     2.0321     0.0223   1.411527   48.84146  -16.52026 1.0000e-12    35.4055    10.0024    99.8793    714.639  488541156     0.7721     2.0459     4.7181     0.0061     0.0250     0.2164     0.0000     0.0000    10.0024    35.4030    27.2664    5.15608    224.291 0.0000e+00
    723.000    10.0811   3.888247     2.0253     0.0183   1.411537   48.84146  -16.52026 1.0000e-12    35.4039     9.9941    99.8779    715.633  488541157     0.7199     2.0418     4.7180     0.0061     0.0209     0.2165     0.0000     0.0000     9.9941    35.4016    27.2667    5.13792    223.501 0.0000e+00
    724.000    10.0664   3.886672     2.0184     0.0173   1.411550   48.84146  -16.52026 1.0000e-12    35.4019     9.9793    99.8766    716.624  488541158     0.7065     2.0348     4.7180     0.0061     0.0195     0.2165     0.0000     0.0000     9.9794    35.3995    27.2676    5.12451    222.919 0.0000e+00
    725.000    10.0599   3.886000     2.0115     0.0171   1.411566   48.84146  -16.52026 1.0000e-12    35.4008     9.9727    99.8772    717.603  488541160     0.7034     2.0245     4.7180     0.0061     0.0211     0.2166     0.0000     0.0000     9.9727    35.3985    27.2680    5.11209    222.379 0.0000e+00
    726.000    10.0505   3.885015     2.0064     0.0206   1.411580   48.84146  -16.52026 1.0000e-12    35.3992     9.9633    99.8799    718.586  488541161     0.7503     2.0165     4.7181     0.0061     0.0204     0.2165     0.0000     0.0000     9.9633    35.3972    27.2686    5.09807    221.769 0.0000e+00
    727.000    10.0337   3.883241     2.0025     0.0220   1.411590   48.84146  -16.52026 1.0000e-12    35.3972     9.9465    99.8800    719.572  488541162     0.7680     2.0118     4.7181     0.0061     0.0251     0.2167     0.0000     0.0000     9.9464    35.3950    27.2698    5.08701    221.289 0.0000e+00
    728.000    10.0278   3.882626     1.9998     0.0195   1.411599   48.84146  -16.52026 1.0000e-12    35.3962     9.9405    99.8789    720.565  488541162     0.7366     2.0088     4.7181     0.0061     0.0239     0.2165     0.0000     0.0000     9.9404    35.3941    27.2701    5.07995    220.983 0.0000e+00
