Data/ruptures/DY032/PAP/d20150702_DY032_CTD15.cnv
* Sea-Bird SBE 9 Data File:
* FileName = C:\CTD\DY032\20150629_DY032_CTD15.hdr
* Software Version Seasave V 7.23.2
* Temperature SN = 2112
* Conductivity SN = 3159
* Number of Bytes Per Scan = 35
* Number of Voltage Words = 4
* Number of Scans Averaged by the Deck Unit = 1
* NMEA Latitude = 48 40.93 N
* NMEA Longitude = 017 03.56 W
* NMEA UTC (Time) = Jul 02 2015 20:29:41
** Ship:
** Station:
** Operator:
# nquan = 28
# nvalues = 1008                        
# units = specified
# name 0 = prDM: Pressure, Digiquartz [db]
# name 1 = t090C: Temperature [ITS-90, deg C]
# name 2 = c0S/m: Conductivity [S/m]
# name 3 = sbeox0V: Oxygen raw, SBE 43 [V]
# name 4 = flC: Fluorescence, Chelsea Aqua 3 Chl Con [ug/l]
# name 5 = timeJ: Julian Days
# name 6 = latitude: Latitude [deg]
# name 7 = longitude: Longitude [deg]
# name 8 = par: PAR/Irradiance, Biospherical/Licor
# name 9 = sal00: Salinity, Practical [PSU]
# name 10 = potemp090C: Potential Temperature [ITS-90, deg C]
# name 11 = CStarTr0: Beam Transmission, WET Labs C-Star [%]
# name 12 = depSM: Depth [salt water, m]
# name 13 = timeQ: Time, NMEA [seconds]
# name 14 = v0: Voltage 0
# name 15 = v1: Voltage 1
# name 16 = v2: Voltage 2
# name 17 = v3: Voltage 3
# name 18 = v4: Voltage 4
# name 19 = v5: Voltage 5
# name 20 = v6: Voltage 6
# name 21 = v7: Voltage 7
# name 22 = potemp090C: Potential Temperature [ITS-90, deg C]
# name 23 = sal00: Salinity, Practical [PSU]
# name 24 = sigma-é00: Density [sigma-theta, kg/m^3]
# name 25 = sbeox0ML/L: Oxygen, SBE 43 [ml/l], WS = 2
# name 26 = sbeox0Mm/Kg: Oxygen, SBE 43 [umol/kg], WS = 2
# name 27 = flag: flag
# span 0 =      7.000,   1014.000       
# span 1 =     7.4779,    15.3878       
# span 2 =   3.633778,   4.380059       
# span 3 =     1.6801,     2.5558       
# span 4 =     0.0142,     1.5375       
# span 5 = 183.857133, 183.884345       
# span 6 =   48.68220,   48.68362       
# span 7 =  -17.06284,  -17.05928       
# span 8 = -5.318e-05, 1.5078e+00       
# span 9 =    35.1888,    35.5633       
# span 10 =     7.3749,    15.3867      
# span 11 =    90.6886,    99.9384      
# span 12 =      6.942,   1003.001      
# span 13 =  489184456,  489186807      
# span 14 =     0.6587,     2.4144      
# span 15 =     1.6744,     2.5565      
# span 16 =     4.2840,     4.7209      
# span 17 =     0.0056,     1.4916      
# span 18 =     0.0160,     0.3207      
# span 19 =    -0.0063,     0.6276      
# span 20 =     0.1995,     0.2227      
# span 21 =     0.3035,     2.1659      
# span 22 =     7.3749,    15.3867      
# span 23 =    35.1808,    35.5631      
# span 24 =    26.2338,    27.5304      
# span 25 =    4.31169,    5.71746      
# span 26 =    187.594,    248.606      
# span 27 = 0.0000e+00, 0.0000e+00      
# interval = decibars: 1                
# start_time = Jul 02 2015 20:33:55 [NMEA time, first data scan]
# bad_flag = -9.990e-29
*END*
[from data line 933]
    940.000     8.4046   3.727928     1.6991     0.0187 183.871383   48.68282  -17.06084 1.0000e-12    35.2901     8.3018    99.9067    929.944  489185687     0.7256     1.7009     4.7194     0.0061     0.0225     0.4184     0.2198     2.1634     8.3018    35.2893    27.4551    4.33987    188.848 0.0000e+00
    941.000     8.3812   3.725488     1.6974     0.0218 183.871395   48.68282  -17.06084 1.0000e-12    35.2876     8.2784    99.9015    930.932  489185688     0.7669     1.7002     4.7192     0.0061     0.0278     0.3208     0.2198     2.1620     8.2784    35.2863    27.4564    4.34281    188.978 0.0000e+00
    942.000     8.3390   3.721019     1.6974     0.0225 183.871404   48.68282  -17.06084 1.0000e-12    35.2828     8.2364    99.9015    931.918  489185689     0.7747     1.6995     4.7192     0.0061     0.0271     0.4600     0.2198     2.1597     8.2364    35.2805    27.4583    4.35511    189.515 0.0000e+00
    943.000     8.2966   3.716650     1.6975     0.0220 183.871413   48.68282  -17.06084 1.0000e-12    35.2791     8.1942    99.9015    932.906  489185690     0.7690     1.6987     4.7192     0.0061     0.0219     0.5137     0.2198     2.1607     8.1942    35.2759    27.4611    4.36619    190.000 0.0000e+00
    944.000     8.2912   3.716248     1.6985     0.0222 183.871421   48.68282  -17.06084 1.0000e-12    35.2796     8.1887    99.9015    933.903  489185690     0.7712     1.6973     4.7192     0.0061     0.0211     0.5134     0.2198     2.1647     8.1887    35.2766    27.4625    4.37492    190.379 0.0000e+00
    945.000     8.3189   3.719629     1.6995     0.0238 183.871431   48.68282  -17.06084 1.0000e-12    35.2863     8.2161    99.9046    934.893  489185691     0.7912     1.6972     4.7193     0.0061     0.0224     0.3692     0.2198     2.1632     8.2161    35.2844    27.4644    4.37278    190.284 0.0000e+00
    946.000     8.3613   3.724679     1.6994     0.0260 183.871446   48.68282  -17.06084 1.0000e-12    35.2958     8.2581    99.9015    935.872  489185693     0.8153     1.6978     4.7192     0.0061     0.0274     0.2235     0.2198     2.1620     8.2581    35.2953    27.4665    4.35498    189.507 0.0000e+00
    947.000     8.3941   3.728602     1.6979     0.0234 183.871463   48.68284  -17.06086 1.0000e-12    35.3031     8.2905    99.8815    936.851  489185694     0.7860     1.6994     4.7182     0.0061     0.0202     0.3144     0.2198     2.1537     8.2905    35.3037    27.4681    4.34165    188.925 0.0000e+00
    948.000     8.4014   3.729598     1.6965     0.0224 183.871474   48.68284  -17.06086 1.0000e-12    35.3059     8.2977    99.8991    937.837  489185695     0.7746     1.6994     4.7191     0.0061     0.0217     0.4376     0.2198     2.1562     8.2977    35.3065    27.4692    4.33575    188.668 0.0000e+00
    949.000     8.4228   3.732176     1.6954     0.0209 183.871483   48.68284  -17.06086 1.0000e-12    35.3110     8.3188    99.8878    938.830  489185696     0.7551     1.6984     4.7185     0.0061     0.0233     0.4589     0.2198     2.1549     8.3188    35.3120    27.4703    4.32910    188.377 0.0000e+00
    950.000     8.4213   3.732111     1.6944     0.0206 183.871492   48.68284  -17.06086 1.0000e-12    35.3114     8.3172    99.9044    939.823  489185697     0.7509     1.6975     4.7193     0.0061     0.0241     0.4838     0.2198     2.1647     8.3172    35.3123    27.4708    4.32381    188.146 0.0000e+00
    951.000     8.4078   3.730773     1.6928     0.0216 183.871502   48.68284  -17.06086 1.0000e-12    35.3107     8.3036    99.9115    940.811  489185697     0.7641     1.6965     4.7197     0.0061     0.0250     0.3811     0.2198     2.1659     8.3036    35.3112    27.4720    4.32404    188.157 0.0000e+00
    952.000     8.3966   3.729648     1.6921     0.0239 183.871514   48.68284  -17.06086 1.0000e-12    35.3098     8.2925    99.9054    941.793  489185698     0.7921     1.6950     4.7194     0.0061     0.0225     0.3241     0.2198     2.1655     8.2925    35.3099    27.4727    4.32674    188.275 0.0000e+00
    953.000     8.3827   3.728190     1.6912     0.0219 183.871527   48.68284  -17.06086 1.0000e-12    35.3083     8.2785    99.9065    942.776  489185700     0.7678     1.6930     4.7194     0.0061     0.0280     0.3356     0.2198     2.1655     8.2785    35.3079    27.4733    4.32531    188.213 0.0000e+00
    954.000     8.3762   3.727511     1.6902     0.0229 183.871538   48.68284  -17.06086 1.0000e-12    35.3071     8.2720    99.9003    943.760  489185701     0.7804     1.6922     4.7191     0.0061     0.0307     0.4152     0.2198     2.1646     8.2720    35.3067    27.4733    4.32422    188.166 0.0000e+00
    955.000     8.3688   3.726724     1.6901     0.0232 183.871548   48.68284  -17.06086 1.0000e-12    35.3059     8.2645    99.9015    944.754  489185701     0.7840     1.6914     4.7192     0.0061     0.0239     0.4578     0.2198     2.1614     8.2645    35.3053    27.4734    4.33072    188.450 0.0000e+00
    956.000     8.3601   3.725821     1.6902     0.0220 183.871557   48.68284  -17.06086 1.0000e-12    35.3047     8.2557    99.9002    945.746  489185702     0.7693     1.6910     4.7191     0.0061     0.0341     0.0141     0.2198     2.1600     8.2557    35.3040    27.4737    4.33469    188.623 0.0000e+00
    957.000     8.3486   3.724663     1.6906     0.0208 183.871569   48.68284  -17.06086 1.0000e-12    35.3036     8.2442    99.9056    946.733  489185703     0.7533     1.6900     4.7194     0.0061     0.0252     0.5566     0.2198     2.1638     8.2442    35.3026    27.4745    4.33586    188.674 0.0000e+00
    958.000     8.3419   3.723996     1.6901     0.0217 183.871584   48.68284  -17.06086 1.0000e-12    35.3028     8.2374    99.8958    947.708  489185705     0.7646     1.6899     4.7189     0.0061     0.0260     0.2917     0.2198     2.1546     8.2374    35.3018    27.4748    4.33047    188.440 0.0000e+00
    959.000     8.3367   3.723454     1.6891     0.0235 183.871596   48.68284  -17.06086 1.0000e-12    35.3019     8.2321    99.8932    948.697  489185706     0.7872     1.6903     4.7188     0.0061     0.0325     0.4000     0.2198     2.1561     8.2321    35.3008    27.4749    4.32043    188.003 0.0000e+00
    960.000     8.2984   3.719196     1.6877     0.0233 183.871606   48.68284  -17.06086 1.0000e-12    35.2954     8.1940    99.9016    949.683  489185706     0.7853     1.6902     4.7192     0.0061     0.0332     0.4601     0.2198     2.1609     8.1940    35.2934    27.4749    4.32529    188.217 0.0000e+00
    961.000     8.2305   3.711920     1.6877     0.0235 183.871615   48.68284  -17.06086 1.0000e-12    35.2870     8.1265    99.8925    950.674  489185707     0.7870     1.6899     4.7188     0.0061     0.0284     0.0085     0.2198     2.1371     8.1265    35.2833    27.4773    4.34020    188.870 0.0000e+00
    962.000     8.1812   3.706634     1.6877     0.0219 183.871623   48.68284  -17.06088 1.0000e-12    35.2804     8.0774    99.8760    951.669  489185708     0.7685     1.6893     4.7179     0.0061     0.0244     0.5036     0.2198     2.1284     8.0775    35.2758    27.4788    4.35134    189.357 0.0000e+00
    963.000     8.1528   3.703480     1.6887     0.0224 183.871632   48.68284  -17.06088 1.0000e-12    35.2751     8.0491    99.8999    952.657  489185709     0.7738     1.6877     4.7191     0.0061     0.0235     0.3813     0.2198     1.4773     8.0491    35.2701    27.4787    4.36588    189.992 0.0000e+00
    964.000     8.0938   3.697213     1.6904     0.0214 183.871645   48.68284  -17.06088 1.0000e-12    35.2677     7.9904    99.8999    953.639  489185710     0.7614     1.6874     4.7191     0.0061     0.0241     0.2835     0.2198     1.2120     7.9904    35.2618    27.4811    4.38104    190.654 0.0000e+00
    965.000     8.0707   3.694840     1.6925     0.0212 183.871661   48.68284  -17.06088 1.0000e-12    35.2645     7.9674    99.9066    954.622  489185711     0.7591     1.6883     4.7194     0.0061     0.0193     0.5398     0.2198     1.4301     7.9674    35.2591    27.4823    4.38966    191.031 0.0000e+00
    966.000     8.0683   3.694644     1.6939     0.0221 183.871674   48.68284  -17.06088 1.0000e-12    35.2636     7.9649    99.9095    955.606  489185712     0.7697     1.6902     4.7196     0.0061     0.0212     0.3595     0.2198     1.5842     7.9649    35.2589    27.4826    4.38940    191.019 0.0000e+00
    967.000     8.0668   3.694563     1.6939     0.0238 183.871686   48.68284  -17.06088 1.0000e-12    35.2633     7.9633    99.9086    956.595  489185713     0.7904     1.6919     4.7195     0.0061     0.0214     0.3642     0.2198     1.9014     7.9633    35.2591    27.4830    4.38531    190.841 0.0000e+00
    968.000     8.0316   3.690856     1.6940     0.0263 183.871696   48.68284  -17.06088 1.0000e-12    35.2588     7.9282    99.8908    957.584  489185714     0.8193     1.6929     4.7187     0.0061     0.0217     0.1234     0.2198     1.4029     7.9282    35.2543    27.4845    4.39505    191.267 0.0000e+00
    969.000     8.0082   3.688455     1.6950     0.0265 183.871707   48.68284  -17.06088 1.0000e-12    35.2562     7.9049    99.9026    958.569  489185715     0.8208     1.6935     4.7192     0.0061     0.0230     0.3124     0.2198     1.5441     7.9049    35.2516    27.4859    4.40318    191.622 0.0000e+00
    970.000     8.0143   3.689290     1.6952     0.0253 183.871716   48.68284  -17.06088 1.0000e-12    35.2580     7.9108    99.9015    959.557  489185716     0.8085     1.6935     4.7192     0.0061     0.0278     0.4533     0.2198     1.2059     7.9108    35.2540    27.4869    4.40440    191.675 0.0000e+00
    971.000     8.0134   3.689332     1.6962     0.0268 183.871725   48.68284  -17.06088 1.0000e-12    35.2584     7.9098    99.9073    960.543  489185717     0.8243     1.6936     4.7195     0.0061     0.0214     0.4809     0.2198     0.9584     7.9098    35.2548    27.4877    4.40870    191.862 0.0000e+00
    972.000     8.0112   3.689162     1.6965     0.0288 183.871734   48.68284  -17.06088 1.0000e-12    35.2580     7.9075    99.9191    961.538  489185717     0.8462     1.6944     4.7200     0.0061     0.0254     0.4552     0.2198     1.1007     7.9075    35.2547    27.4880    4.40917    191.882 0.0000e+00
    973.000     8.0082   3.688960     1.6971     0.0280 183.871743   48.68284  -17.06088 1.0000e-12    35.2582     7.9044    99.9248    962.521  489185718     0.8375     1.6948     4.7203     0.0061     0.0234     0.2765     0.2198     1.4623     7.9044    35.2552    27.4887    4.41313    192.055 0.0000e+00
    974.000     8.0090   3.689215     1.6976     0.0276 183.871755   48.68285  -17.06090 1.0000e-12    35.2592     7.9051    99.9264    963.511  489185719     0.8333     1.6958     4.7204     0.0061     0.0233     0.4339     0.2198     2.1089     7.9051    35.2566    27.4898    4.41086    191.956 0.0000e+00
    975.000     8.0121   3.689780     1.6976     0.0302 183.871768   48.68286  -17.06090 1.0000e-12    35.2611     7.9081    99.9023    964.490  489185720     0.8601     1.6965     4.7192     0.0061     0.0248     0.2978     0.2198     2.1183     7.9081    35.2590    27.4912    4.40937    191.890 0.0000e+00
    976.000     8.0212   3.691016     1.6976     0.0261 183.871781   48.68286  -17.06090 1.0000e-12    35.2643     7.9170    99.9128    965.474  489185722     0.8174     1.6972     4.7197     0.0061     0.0198     0.3768     0.2198     2.1558     7.9170    35.2627    27.4928    4.40885    191.867 0.0000e+00
    977.000     8.0335   3.692627     1.6976     0.0288 183.871791   48.68286  -17.06090 1.0000e-12    35.2681     7.9290    99.9262    966.466  489185722     0.8463     1.6972     4.7203     0.0061     0.0250     0.4323     0.2198     2.1325     7.9291    35.2672    27.4945    4.40443    191.674 0.0000e+00
    978.000     8.0488   3.694613     1.6969     0.0275 183.871801   48.68286  -17.06090 1.0000e-12    35.2730     7.9441    99.9262    967.456  489185723     0.8323     1.6972     4.7203     0.0061     0.0233     0.2747     0.2198     2.1428     7.9441    35.2726    27.4965    4.39460    191.245 0.0000e+00
    979.000     8.0636   3.696838     1.6957     0.0253 183.871812   48.68286  -17.06090 1.0000e-12    35.2811     7.9587    99.9168    968.445  489185724     0.8074     1.6972     4.7199     0.0061     0.0223     0.3598     0.2198     2.1566     7.9587    35.2811    27.5009    4.38791    190.952 0.0000e+00
    980.000     8.0639   3.697178     1.6944     0.0266 183.871825   48.68286  -17.06090 1.0000e-12    35.2839     7.9589    99.9194    969.428  489185725     0.8219     1.6969     4.7200     0.0061     0.0215     0.3983     0.2198     2.1633     7.9589    35.2839    27.5032    4.38284    190.731 0.0000e+00
    981.000     8.0515   3.695983     1.6929     0.0248 183.871838   48.68286  -17.06090 1.0000e-12    35.2834     7.9465    99.9144    970.410  489185726     0.8013     1.6957     4.7198     0.0061     0.0234     0.3608     0.2198     2.1610     7.9465    35.2831    27.5044    4.38336    190.754 0.0000e+00
    982.000     8.0354   3.694263     1.6927     0.0226 183.871849   48.68286  -17.06090 1.0000e-12    35.2812     7.9303    99.9251    971.399  489185727     0.7760     1.6945     4.7203     0.0061     0.0233     0.3938     0.2198     2.1581     7.9304    35.2804    27.5047    4.39145    191.107 0.0000e+00
    983.000     8.0268   3.693407     1.6927     0.0224 183.871859   48.68286  -17.06090 1.0000e-12    35.2803     7.9217    99.9177    972.391  489185728     0.7739     1.6934     4.7199     0.0061     0.0268     0.2828     0.2198     2.1593     7.9217    35.2794    27.5052    4.39338    191.191 0.0000e+00
    984.000     8.0244   3.693174     1.6927     0.0183 183.871870   48.68286  -17.06092 1.0000e-12    35.2797     7.9192    99.9124    973.374  489185729     0.7206     1.6923     4.7197     0.0061     0.0200     0.3613     0.2198     2.1618     7.9192    35.2788    27.5051    4.39350    191.197 0.0000e+00
    985.000     8.0165   3.692354     1.6926     0.0196 183.871882   48.68286  -17.06092 1.0000e-12    35.2785     7.9113    99.9044    974.365  489185730     0.7380     1.6923     4.7193     0.0061     0.0251     0.4398     0.2198     2.1609     7.9113    35.2775    27.5053    4.39374    191.207 0.0000e+00
    986.000     7.9906   3.689590     1.6922     0.0185 183.871894   48.68286  -17.06092 1.0000e-12    35.2749     7.8855    99.9004    975.345  489185731     0.7229     1.6923     4.7191     0.0061     0.0262     0.3607     0.2198     2.1573     7.8855    35.2734    27.5059    4.39633    191.322 0.0000e+00
    987.000     7.9731   3.687689     1.6925     0.0174 183.871905   48.68286  -17.06092 1.0000e-12    35.2720     7.8680    99.9038    976.335  489185732     0.7070     1.6922     4.7193     0.0061     0.0271     0.2737     0.2198     2.1592     7.8680    35.2702    27.5060    4.40384    191.650 0.0000e+00
    988.000     7.9563   3.685853     1.6927     0.0206 183.871916   48.68286  -17.06092 1.0000e-12    35.2691     7.8512    99.9116    977.323  489185733     0.7504     1.6921     4.7197     0.0061     0.0280     0.2328     0.2198     2.1581     7.8512    35.2669    27.5059    4.40501    191.702 0.0000e+00
    989.000     7.9344   3.683447     1.6927     0.0189 183.871927   48.68286  -17.06092 1.0000e-12    35.2650     7.8294    99.9150    978.309  489185734     0.7288     1.6918     4.7198     0.0061     0.0271     0.2743     0.2198     2.1603     7.8293    35.2626    27.5058    4.40762    191.816 0.0000e+00
