Data/ruptures/DY032/PAP/d20150629_DY032_CTD09.cnv
* Sea-Bird SBE 9 Data File:
* FileName = C:\CTD\DY032\20150629_DY032_CTD09.hdr
* Software Version Seasave V 7.23.2
* Temperature SN = 2112
* Conductivity SN = 3159
* Number of Bytes Per Scan = 35
* Number of Voltage Words = 4
* Number of Scans Averaged by the Deck Unit = 1
* NMEA Latitude = 48 54.39 N
* NMEA Longitude = 016 29.40 W
* NMEA UTC (Time) = Jun 29 2015 02:57:10
** Ship:
** Station:
** Operator:
# nquan = 28
# nvalues = 1006                        
# units = specified
# name 0 = prDM: Pressure, Digiquartz [db]
# name 1 = t090C: Temperature [ITS-90, deg C]
# name 2 = c0S/m: Conductivity [S/m]
# name 3 = sbeox0V: Oxygen raw, SBE 43 [V]
# name 4 = flC: Fluorescence, Chelsea Aqua 3 Chl Con [ug/l]
# name 5 = timeJ: Julian Days
# name 6 = latitude: Latitude [deg]
# name 7 = longitude: Longitude [deg]
# name 8 = par: PAR/Irradiance, Biospherical/Licor
# name 9 = sal00: Salinity, Practical [PSU]
# name 10 = potemp090C: Potential Temperature [ITS-90, deg C]
# name 11 = CStarTr0: Beam Transmission, WET Labs C-Star [%]
# name 12 = depSM: Depth [salt water, m]
# name 13 = timeQ: Time, NMEA [seconds]
# name 14 = v0: Voltage 0
# name 15 = v1: Voltage 1
# name 16 = v2: Voltage 2
# name 17 = v3: Voltage 3
# name 18 = v4: Voltage 4
# name 19 = v5: Voltage 5
# name 20 = v6: Voltage 6
# name 21 = v7: Voltage 7
# name 22 = potemp090C: Potential Temperature [ITS-90, deg C]
# name 23 = sal00: Salinity, Practical [PSU]
# name 24 = sigma-é00: Density [sigma-theta, kg/m^3]
# name 25 = sbeox0ML/L: Oxygen, SBE 43 [ml/l], WS = 2
# name 26 = sbeox0Mm/Kg: Oxygen, SBE 43 [umol/kg], WS = 2
# name 27 = flag: flag
# span 0 =      6.000,   1011.000       
# span 1 =     8.3982,    15.1752       
# span 2 =   3.738323,   4.367249       
# span 3 =     1.6724,     2.5648       
# span 4 =     0.0118,     1.6141       
# span 5 = 180.126758, 180.146790       
# span 6 =   48.90542,   48.90652       
# span 7 =  -16.49100,  -16.49002       
# span 8 = -7.018e-04, 1.7361e-01       
# span 9 =    35.3389,    35.5628       
# span 10 =     8.2874,    15.1737      
# span 11 =    88.7632,    99.9615      
# span 12 =      5.942,   1000.014      
# span 13 =  488862152,  488863884      
# span 14 =     0.6182,     2.4363      
# span 15 =     1.6713,     2.5649      
# span 16 =     4.1930,     4.7220      
# span 17 =     0.0006,     0.6501      
# span 18 =     0.0157,     0.4022      
# span 19 =    -0.0272,     0.8957      
# span 20 =     0.0000,     0.0000      
# span 21 =     0.0000,     0.0000      
# span 22 =     8.2874,    15.1737      
# span 23 =    35.3344,    35.5478      
# span 24 =    26.3366,    27.5246      
# span 25 =    4.25933,    5.80908      
# span 26 =    185.323,    252.602      
# span 27 = 0.0000e+00, 0.0000e+00      
# interval = decibars: 1                
# start_time = Jun 29 2015 03:02:29 [NMEA time, first data scan]
# bad_flag = -9.990e-29
*END*
[from data line 52]
     58.000    12.7310   4.129233     2.4359     0.2253 180.129148   48.90650  -16.49004 1.0000e-12    35.5417    12.7231    98.2488     57.510  488862359     1.6019     2.4419     4.6411     0.0061     0.0541     0.2004     0.0000     0.0000    12.7231    35.5404    26.8674    5.70567    248.109 0.0000e+00
     59.000    12.7128   4.127609     2.4318     0.2057 180.129201   48.90650  -16.49004 1.0000e-12    35.5427    12.7048    98.4217     58.496  488862363     1.5640     2.4345     4.6492     0.0061     0.0566     0.2591     0.0000     0.0000    12.7048    35.5415    26.8719    5.69960    247.845 0.0000e+00
     60.000    12.7100   4.127531     2.4295     0.1763 180.129281   48.90650  -16.49006 1.0000e-12    35.5436    12.7018    98.5416     59.479  488862370     1.5029     2.4301     4.6549     0.0061     0.0552     0.5352     0.0000     0.0000    12.7018    35.5430    26.8736    5.68885    247.378 0.0000e+00
     61.000    12.7048   4.126978     2.4249     0.1868 180.129325   48.90650  -16.49004 1.0000e-12    35.5427    12.6965    98.4818     60.470  488862374     1.5255     2.4297     4.6521     0.0061     0.0531     0.0080     0.0000     0.0000    12.6965    35.5422    26.8740    5.67900    246.950 0.0000e+00
     62.000    12.7000   4.126588     2.4251     0.1890 180.129333   48.90650  -16.49004 1.0000e-12    35.5430    12.6916    98.4592     61.466  488862375     1.5303     2.4286     4.6510     0.0061     0.0548     0.4106     0.0000     0.0000    12.6916    35.5424    26.8752    5.68562    247.237 0.0000e+00
     63.000    12.6972   4.126424     2.4260     0.1904 180.129345   48.90650  -16.49005 1.0000e-12    35.5436    12.6887    98.5351     62.471  488862376     1.5333     2.4258     4.6547     0.0061     0.0513     0.5158     0.0000     0.0000    12.6887    35.5431    26.8763    5.69132    247.485 0.0000e+00
     64.000    12.6962   4.126404     2.4231     0.1764 180.129432   48.90650  -16.49006 1.0000e-12    35.5437    12.6875    98.5575     63.445  488862383     1.5023     2.4253     4.6557     0.0061     0.0471     0.1941     0.0000     0.0000    12.6875    35.5434    26.8768    5.67946    246.969 0.0000e+00
     65.000    12.6918   4.126146     2.4228     0.1784 180.129449   48.90650  -16.49006 1.0000e-12    35.5450    12.6830    98.5574     64.447  488862385     1.5068     2.4235     4.6557     0.0061     0.0539     0.3474     0.0000     0.0000    12.6830    35.5447    26.8786    5.68344    247.142 0.0000e+00
     66.000    12.6855   4.125604     2.4231     0.1762 180.129505   48.90651  -16.49008 1.0000e-12    35.5452    12.6766    98.5439     65.437  488862389     1.5018     2.4231     4.6551     0.0061     0.0491     0.3915     0.0000     0.0000    12.6766    35.5449    26.8800    5.68103    247.038 0.0000e+00
     67.000    12.6797   4.125077     2.4195     0.1728 180.129562   48.90652  -16.49008 1.0000e-12    35.5452    12.6706    98.5701     66.422  488862394     1.4940     2.4230     4.6563     0.0061     0.0615     0.2646     0.0000     0.0000    12.6706    35.5449    26.8813    5.66793    246.468 0.0000e+00
     68.000    12.6731   4.124502     2.4199     0.1692 180.129595   48.90652  -16.49008 1.0000e-12    35.5455    12.6639    98.6269     67.413  488862397     1.4851     2.4207     4.6590     0.0061     0.0544     0.3511     0.0000     0.0000    12.6639    35.5451    26.8828    5.67567    246.805 0.0000e+00
     69.000    12.6677   4.124025     2.4190     0.1602 180.129642   48.90652  -16.49008 1.0000e-12    35.5456    12.6583    98.6624     68.404  488862401     1.4634     2.4195     4.6606     0.0061     0.0494     0.3978     0.0000     0.0000    12.6583    35.5452    26.8840    5.67395    246.730 0.0000e+00
     70.000    12.6591   4.123245     2.4175     0.1493 180.129680   48.90652  -16.49008 1.0000e-12    35.5458    12.6496    98.6953     69.392  488862405     1.4352     2.4189     4.6622     0.0061     0.0470     0.3662     0.0000     0.0000    12.6496    35.5454    26.8858    5.66534    246.356 0.0000e+00
     71.000    12.6414   4.121568     2.4140     0.1387 180.129723   48.90652  -16.49008 1.0000e-12    35.5462    12.6318    98.7463     70.387  488862408     1.4056     2.4175     4.6646     0.0061     0.0535     0.3020     0.0000     0.0000    12.6318    35.5455    26.8895    5.65613    245.956 0.0000e+00
     72.000    12.6088   4.118308     2.4095     0.1243 180.129765   48.90652  -16.49008 1.0000e-12    35.5457    12.5991    98.8222     71.373  488862412     1.3624     2.4160     4.6682     0.0061     0.0631     0.4136     0.0000     0.0000    12.5991    35.5444    26.8950    5.64382    245.421 0.0000e+00
     73.000    12.5994   4.117408     2.4076     0.1184 180.129776   48.90650  -16.49008 1.0000e-12    35.5455    12.5896    98.7831     72.374  488862413     1.3436     2.4138     4.6663     0.0061     0.0613     0.3574     0.0000     0.0000    12.5896    35.5441    26.8967    5.64458    245.454 0.0000e+00
     74.000    12.5852   4.116000     2.4054     0.1127 180.129811   48.90650  -16.49007 1.0000e-12    35.5449    12.5753    98.8120     73.366  488862416     1.3242     2.4098     4.6677     0.0061     0.0556     0.4338     0.0000     0.0000    12.5753    35.5435    26.8991    5.64433    245.444 0.0000e+00
     75.000    12.5741   4.114891     2.3988     0.1085 180.129882   48.90652  -16.49006 1.0000e-12    35.5440    12.5640    98.9228     74.344  488862422     1.3093     2.4072     4.6730     0.0061     0.0473     0.2023     0.0000     0.0000    12.5640    35.5429    26.9009    5.61827    244.311 0.0000e+00
     76.000    12.5424   4.111732     2.3981     0.1070 180.129890   48.90652  -16.49006 1.0000e-12    35.5436    12.5322    98.8316     75.347  488862423     1.3042     2.4052     4.6686     0.0061     0.0501     0.2472     0.0000     0.0000    12.5322    35.5419    26.9064    5.63265    244.937 0.0000e+00
     77.000    12.5064   4.108210     2.3987     0.1029 180.129909   48.90651  -16.49006 1.0000e-12    35.5438    12.4960    98.9221     76.349  488862424     1.2886     2.4015     4.6729     0.0061     0.0507     0.6031     0.0000     0.0000    12.4960    35.5415    26.9132    5.64560    245.501 0.0000e+00
     78.000    12.4567   4.103135     2.3915     0.0950 180.129983   48.90652  -16.49006 1.0000e-12    35.5417    12.4463    98.9700     77.330  488862431     1.2580     2.3989     4.6752     0.0061     0.0472     0.3808     0.0000     0.0000    12.4463    35.5390    26.9210    5.61805    244.304 0.0000e+00
     79.000    12.3936   4.097012     2.3904     0.0862 180.130014   48.90652  -16.49006 1.0000e-12    35.5423    12.3830    99.0734     78.319  488862433     1.2208     2.3927     4.6801     0.0061     0.0505     0.3225     0.0000     0.0000    12.3830    35.5391    26.9335    5.62708    244.699 0.0000e+00
     80.000    12.3553   4.093055     2.3874     0.0853 180.130080   48.90652  -16.49006 1.0000e-12    35.5386    12.3447    99.1525     79.305  488862439     1.2175     2.3894     4.6838     0.0061     0.0432     0.3568     0.0000     0.0000    12.3447    35.5365    26.9391    5.62077    244.425 0.0000e+00
     81.000    12.3290   4.090469     2.3844     0.0835 180.130108   48.90652  -16.49006 1.0000e-12    35.5381    12.3182    99.1598     80.293  488862442     1.2094     2.3875     4.6842     0.0061     0.0428     0.3947     0.0000     0.0000    12.3182    35.5360    26.9438    5.61651    244.240 0.0000e+00
     82.000    12.3034   4.087986     2.3834     0.0817 180.130125   48.90652  -16.49006 1.0000e-12    35.5381    12.2925    99.1707     81.292  488862443     1.2009     2.3854     4.6847     0.0061     0.0372     0.2942     0.0000     0.0000    12.2925    35.5357    26.9486    5.61923    244.359 0.0000e+00
     83.000    12.2820   4.085876     2.3813     0.0743 180.130171   48.90652  -16.49006 1.0000e-12    35.5371    12.2710    99.2029     82.283  488862447     1.1659     2.3838     4.6862     0.0061     0.0399     0.3998     0.0000     0.0000    12.2710    35.5351    26.9524    5.61516    244.183 0.0000e+00
     84.000    12.2592   4.083582     2.3765     0.0750 180.130221   48.90652  -16.49006 1.0000e-12    35.5359    12.2480    99.1664     83.268  488862451     1.1692     2.3816     4.6845     0.0061     0.0508     0.3813     0.0000     0.0000    12.2480    35.5340    26.9560    5.59444    243.283 0.0000e+00
     85.000    12.1973   4.077190     2.3745     0.0715 180.130231   48.90652  -16.49006 1.0000e-12    35.5334    12.1861    99.2047     84.272  488862452     1.1517     2.3804     4.6862     0.0061     0.0473     0.3527     0.0000     0.0000    12.1861    35.5301    26.9650    5.60913    243.924 0.0000e+00
     86.000    12.1292   4.070599     2.3719     0.0670 180.130276   48.90652  -16.49006 1.0000e-12    35.5341    12.1179    99.2364     85.263  488862456     1.1214     2.3774     4.6877     0.0061     0.0464     0.5919     0.0000     0.0000    12.1179    35.5302    26.9783    5.61148    244.027 0.0000e+00
     87.000    12.1254   4.070320     2.3676     0.0567 180.130310   48.90652  -16.49006 1.0000e-12    35.5339    12.1140    99.2736     86.256  488862459     1.0675     2.3738     4.6895     0.0061     0.0441     0.3697     0.0000     0.0000    12.1140    35.5306    26.9794    5.59925    243.495 0.0000e+00
     88.000    12.1184   4.069693     2.3671     0.0626 180.130362   48.90652  -16.49006 1.0000e-12    35.5329    12.1068    99.2645     87.240  488862463     1.1024     2.3693     4.6891     0.0061     0.0394     0.4771     0.0000     0.0000    12.1068    35.5308    26.9809    5.60127    243.583 0.0000e+00
     89.000    12.1128   4.069162     2.3650     0.0560 180.130407   48.90652  -16.49006 1.0000e-12    35.5320    12.1010    99.3098     88.230  488862467     1.0633     2.3666     4.6912     0.0061     0.0367     0.3117     0.0000     0.0000    12.1011    35.5305    26.9818    5.59169    243.167 0.0000e+00
     90.000    12.1085   4.068769     2.3634     0.0624 180.130442   48.90652  -16.49006 1.0000e-12    35.5313    12.0967    99.2994     89.216  488862470     1.1021     2.3645     4.6907     0.0061     0.0420     0.3966     0.0000     0.0000    12.0967    35.5303    26.9825    5.58898    243.049 0.0000e+00
     91.000    12.0951   4.067512     2.3613     0.0586 180.130477   48.90652  -16.49006 1.0000e-12    35.5313    12.0831    99.3246     90.209  488862473     1.0796     2.3628     4.6919     0.0061     0.0400     0.3567     0.0000     0.0000    12.0831    35.5303    26.9852    5.58442    242.851 0.0000e+00
     92.000    12.0615   4.064196     2.3603     0.0589 180.130518   48.90651  -16.49006 1.0000e-12    35.5309    12.0494    99.3376     91.202  488862477     1.0809     2.3606     4.6925     0.0061     0.0453     0.3398     0.0000     0.0000    12.0494    35.5295    26.9911    5.59003    243.096 0.0000e+00
     93.000    12.0443   4.062512     2.3606     0.0587 180.130568   48.90650  -16.49004 1.0000e-12    35.5301    12.0321    99.3465     92.184  488862481     1.0799     2.3604     4.6929     0.0061     0.0524     0.3075     0.0000     0.0000    12.0321    35.5290    26.9940    5.59704    243.401 0.0000e+00
     94.000    12.0150   4.059670     2.3648     0.0574 180.130584   48.90650  -16.49004 1.0000e-12    35.5304    12.0027    99.2622     93.182  488862483     1.0718     2.3603     4.6889     0.0061     0.0376     0.4685     0.0000     0.0000    12.0027    35.5287    26.9994    5.63015    244.842 0.0000e+00
     95.000    12.0018   4.058446     2.3704     0.0511 180.130613   48.90650  -16.49004 1.0000e-12    35.5304    11.9894    99.3247     94.179  488862485     1.0310     2.3629     4.6919     0.0061     0.0424     0.2463     0.0000     0.0000    11.9894    35.5289    27.0021    5.64439    245.461 0.0000e+00
     96.000    11.9937   4.057699     2.3741     0.0484 180.130679   48.90650  -16.49005 1.0000e-12    35.5298    11.9812    99.3478     95.159  488862491     1.0132     2.3702     4.6930     0.0061     0.0461     0.4629     0.0000     0.0000    11.9812    35.5288    27.0036    5.65144    245.768 0.0000e+00
     97.000    11.9906   4.057424     2.3768     0.0509 180.130693   48.90650  -16.49004 1.0000e-12    35.5296    11.9779    99.3498     96.151  488862492     1.0296     2.3720     4.6931     0.0061     0.0513     0.3308     0.0000     0.0000    11.9779    35.5287    27.0042    5.66487    246.352 0.0000e+00
     98.000    11.9852   4.056839     2.3806     0.0576 180.130706   48.90650  -16.49004 1.0000e-12    35.5286    11.9724    99.3749     97.152  488862493     1.0735     2.3738     4.6943     0.0061     0.0462     0.3096     0.0000     0.0000    11.9724    35.5276    27.0044    5.68667    247.300 0.0000e+00
     99.000    11.9628   4.054688     2.3870     0.0575 180.130754   48.90650  -16.49005 1.0000e-12    35.5286    11.9499    99.3626     98.144  488862497     1.0709     2.3796     4.6937     0.0061     0.0431     0.3794     0.0000     0.0000    11.9499    35.5275    27.0086    5.69786    247.788 0.0000e+00
    100.000    11.9538   4.053957     2.3872     0.0493 180.130803   48.90650  -16.49006 1.0000e-12    35.5294    11.9408    99.3650     99.132  488862502     1.0190     2.3856     4.6938     0.0061     0.0370     0.4643     0.0000     0.0000    11.9408    35.5284    27.0111    5.68984    247.439 0.0000e+00
    101.000    11.9282   4.051461     2.3860     0.0505 180.130833   48.90650  -16.49006 1.0000e-12    35.5292    11.9151    99.4088    100.121  488862504     1.0272     2.3869     4.6959     0.0061     0.0400     0.3807     0.0000     0.0000    11.9151    35.5280    27.0157    5.68818    247.367 0.0000e+00
    102.000    11.9044   4.049029     2.3810     0.0489 180.130896   48.90652  -16.49006 1.0000e-12    35.5275    11.8911    99.4547    101.103  488862510     1.0164     2.3852     4.6981     0.0061     0.0412     0.2266     0.0000     0.0000    11.8911    35.5264    27.0191    5.67497    246.793 0.0000e+00
    103.000    11.8961   4.048287     2.3790     0.0448 180.130955   48.90651  -16.49006 1.0000e-12    35.5275    11.8828    99.4305    102.110  488862515     0.9863     2.3816     4.6969     0.0061     0.0346     0.3813     0.0000     0.0000    11.8828    35.5266    27.0208    5.67439    246.769 0.0000e+00
    104.000    11.8952   4.048249     2.3773     0.0440 180.131036   48.90650  -16.49006 1.0000e-12    35.5272    11.8816    99.4358    103.099  488862522     0.9804     2.3779     4.6972     0.0061     0.0347     0.3435     0.0000     0.0000    11.8817    35.5267    27.0211    5.67225    246.675 0.0000e+00
    105.000    11.8940   4.048208     2.3749     0.0404 180.131114   48.90650  -16.49006 1.0000e-12    35.5272    11.8804    99.4212    104.090  488862528     0.9522     2.3773     4.6965     0.0061     0.0389     0.3214     0.0000     0.0000    11.8803    35.5270    27.0216    5.66044    246.162 0.0000e+00
    106.000    11.8927   4.048126     2.3747     0.0425 180.131139   48.90650  -16.49006 1.0000e-12    35.5272    11.8789    99.4428    105.080  488862531     0.9692     2.3755     4.6975     0.0061     0.0409     0.3994     0.0000     0.0000    11.8790    35.5270    27.0218    5.66404    246.319 0.0000e+00
    107.000    11.8899   4.047940     2.3714     0.0434 180.131219   48.90650  -16.49006 1.0000e-12    35.5276    11.8760    99.4264    106.065  488862537     0.9755     2.3756     4.6967     0.0061     0.0470     0.2961     0.0000     0.0000    11.8760    35.5274    27.0227    5.64733    245.592 0.0000e+00
    108.000    11.8846   4.047523     2.3695     0.0382 180.131236   48.90650  -16.49006 1.0000e-12    35.5281    11.8706    99.4097    107.061  488862539     0.9331     2.3731     4.6959     0.0061     0.0416     0.3555     0.0000     0.0000    11.8706    35.5279    27.0241    5.64560    245.517 0.0000e+00
