Data/ruptures/DY032/PAP/d20150630_DY032_CTD11.cnv
* Sea-Bird SBE 9 Data File:
* FileName = C:\CTD\DY032\20150629_DY032_CTD11.hdr
* Software Version Seasave V 7.23.2
* Temperature SN = 2112
* Conductivity SN = 3159
* Number of Bytes Per Scan = 35
* Number of Voltage Words = 4
* Number of Scans Averaged by the Deck Unit = 1
* NMEA Latitude = 49 04.43 N
* NMEA Longitude = 016 15.81 W
* NMEA UTC (Time) = Jun 30 2015 10:57:04
** Ship:
** Station:
** Operator:
# nquan = 28
# nvalues = 4081                        
# units = specified
# name 0 = prDM: Pressure, Digiquartz [db]
# name 1 = t090C: Temperature [ITS-90, deg C]
# name 2 = c0S/m: Conductivity [S/m]
# name 3 = sbeox0V: Oxygen raw, SBE 43 [V]
# name 4 = flC: Fluorescence, Chelsea Aqua 3 Chl Con [ug/l]
# name 5 = timeJ: Julian Days
# name 6 = latitude: Latitude [deg]
# name 7 = longitude: Longitude [deg]
# name 8 = par: PAR/Irradiance, Biospherical/Licor
# name 9 = sal00: Salinity, Practical [PSU]
# name 10 = potemp090C: Potential Temperature [ITS-90, deg C]
# name 11 = CStarTr0: Beam Transmission, WET Labs C-Star [%]
# name 12 = depSM: Depth [salt water, m]
# name 13 = timeQ: Time, NMEA [seconds]
# name 14 = v0: Voltage 0
# name 15 = v1: Voltage 1
# name 16 = v2: Voltage 2
# name 17 = v3: Voltage 3
# name 18 = v4: Voltage 4
# name 19 = v5: Voltage 5
# name 20 = v6: Voltage 6
# name 21 = v7: Voltage 7
# name 22 = potemp090C: Potential Temperature [ITS-90, deg C]
# name 23 = sal00: Salinity, Practical [PSU]
# name 24 = sigma-é00: Density [sigma-theta, kg/m^3]
# name 25 = sbeox0ML/L: Oxygen, SBE 43 [ml/l], WS = 2
# name 26 = sbeox0Mm/Kg: Oxygen, SBE 43 [umol/kg], WS = 2
# name 27 = flag: flag
# span 0 =      5.000,   4085.000       
# span 1 =     2.5344,    15.0329       
# span 2 =   3.278909,   4.348356       
# span 3 =     1.3070,     2.5374       
# span 4 =     0.0066,     1.4672       
# span 5 = 181.461286, 181.527635       
# span 6 =   49.06687,   49.07348       
# span 7 =  -16.26410,  -16.26253       
# span 8 = -2.993e-01, 1.8107e+02       
# span 9 =    34.9110,    35.5379       
# span 10 =     2.1753,    15.0320      
# span 11 =    89.4724,   100.0704      
# span 12 =      4.946,   4011.768      
# span 13 =  488977455,  488983187      
# span 14 =     0.5151,     2.3951      
# span 15 =     1.2810,     2.5379      
# span 16 =     4.2265,     4.7271      
# span 17 =     0.0008,     3.5636      
# span 18 =     0.0122,     0.3720      
# span 19 =     0.0000,     0.0000      
# span 20 =     0.0000,     0.0000      
# span 21 =     0.2050,     0.2258      
# span 22 =     2.1753,    15.0320      
# span 23 =    34.9111,    35.5384      
# span 24 =    26.3387,    27.8864      
# span 25 =    4.24704,    5.86279      
# span 26 =    184.790,    255.475      
# span 27 = 0.0000e+00, 0.0000e+00      
# interval = decibars: 1                
# start_time = Jun 30 2015 11:03:57 [NMEA time, first data scan]
# bad_flag = -9.990e-29
*END*
[from data line 2331]
   2336.000     3.5107   3.305595     1.6743     0.0190 181.493906   49.06966  -16.26384 1.0000e-12    34.9296     3.3180    99.7206   2303.336  488980273     0.7304     1.6652     4.7106     0.0061     0.0159     0.0000     0.0000     0.2247     3.3180    34.9294    27.7987    5.81212    253.262 0.0000e+00
   2337.000     3.5101   3.305574     1.6741     0.0200 181.493915   49.06966  -16.26384 1.0000e-12    34.9296     3.3172    99.7206   2304.325  488980274     0.7432     1.6652     4.7106     0.0061     0.0162     0.0000     0.0000     0.2247     3.3173    34.9294    27.7988    5.81495    253.386 0.0000e+00
   2338.000     3.5085   3.305462     1.6740     0.0199 181.493926   49.06966  -16.26384 1.0000e-12    34.9295     3.3156    99.7206   2305.308  488980275     0.7412     1.6653     4.7106     0.0061     0.0175     0.0000     0.0000     0.2247     3.3156    34.9293    27.7989    5.80774    253.072 0.0000e+00
   2339.000     3.5079   3.305445     1.6732     0.0172 181.493943   49.06966  -16.26384 1.0000e-12    34.9294     3.3149    99.7206   2306.283  488980277     0.7042     1.6649     4.7106     0.0061     0.0160     0.0000     0.0000     0.2247     3.3149    34.9292    27.7989    5.81561    253.415 0.0000e+00
   2340.000     3.5070   3.305412     1.6735     0.0137 181.493962   49.06964  -16.26382 1.0000e-12    34.9295     3.3139    99.7216   2307.250  488980278     0.6515     1.6643     4.7106     0.0061     0.0173     0.0000     0.0000     0.2247     3.3139    34.9293    27.7990    5.79956    252.716 0.0000e+00
   2341.000     3.5051   3.305290     1.6717     0.0116 181.493972   49.06964  -16.26382 1.0000e-12    34.9296     3.3120    99.7233   2308.239  488980279     0.6152     1.6639     4.7107     0.0061     0.0154     0.0000     0.0000     0.2247     3.3120    34.9294    27.7993    5.80987    253.165 0.0000e+00
   2342.000     3.5025   3.305107     1.6733     0.0129 181.493981   49.06964  -16.26382 1.0000e-12    34.9298     3.3094    99.7206   2309.227  488980280     0.6366     1.6643     4.7106     0.0061     0.0175     0.0000     0.0000     0.2247     3.3093    34.9295    27.7996    5.81799    253.519 0.0000e+00
   2343.000     3.5026   3.305140     1.6715     0.0222 181.493991   49.06964  -16.26382 1.0000e-12    34.9296     3.3093    99.7206   2310.206  488980281     0.7707     1.6643     4.7106     0.0061     0.0159     0.0000     0.0000     0.2247     3.3093    34.9293    27.7995    5.79244    252.406 0.0000e+00
   2344.000     3.5015   3.305074     1.6721     0.0196 181.494002   49.06964  -16.26382 1.0000e-12    34.9295     3.3081    99.7206   2311.190  488980282     0.7375     1.6629     4.7106     0.0061     0.0150     0.0000     0.0000     0.2247     3.3081    34.9293    27.7995    5.82318    253.745 0.0000e+00
   2345.000     3.5006   3.305035     1.6722     0.0163 181.494015   49.06964  -16.26382 1.0000e-12    34.9295     3.3071    99.7206   2312.161  488980283     0.6912     1.6636     4.7106     0.0061     0.0141     0.0000     0.0000     0.2247     3.3071    34.9293    27.7997    5.81742    253.494 0.0000e+00
   2346.000     3.5002   3.305046     1.6724     0.0175 181.494026   49.06964  -16.26382 1.0000e-12    34.9296     3.3067    99.7231   2313.140  488980284     0.7084     1.6621     4.7107     0.0061     0.0239     0.0000     0.0000     0.2247     3.3067    34.9293    27.7997    5.81800    253.519 0.0000e+00
   2347.000     3.4976   3.304830     1.6723     0.0172 181.494035   49.06964  -16.26382 1.0000e-12    34.9294     3.3039    99.7206   2314.123  488980285     0.7037     1.6630     4.7106     0.0061     0.0168     0.0000     0.0000     0.2247     3.3039    34.9291    27.7999    5.81776    253.509 0.0000e+00
   2348.000     3.4969   3.304806     1.6723     0.0159 181.494044   49.06964  -16.26382 1.0000e-12    34.9294     3.3032    99.7206   2315.106  488980285     0.6854     1.6630     4.7106     0.0061     0.0195     0.0000     0.0000     0.2247     3.3032    34.9291    27.7999    5.81920    253.572 0.0000e+00
   2349.000     3.4959   3.304775     1.6723     0.0145 181.494052   49.06964  -16.26382 1.0000e-12    34.9295     3.3022    99.7206   2316.092  488980286     0.6641     1.6631     4.7106     0.0061     0.0227     0.0000     0.0000     0.2247     3.3022    34.9292    27.8001    5.81708    253.480 0.0000e+00
   2350.000     3.4957   3.304788     1.6720     0.0143 181.494061   49.06964  -16.26382 1.0000e-12    34.9294     3.3018    99.7206   2317.069  488980287     0.6610     1.6630     4.7106     0.0061     0.0180     0.0000     0.0000     0.2247     3.3018    34.9292    27.8001    5.81739    253.493 0.0000e+00
   2351.000     3.4947   3.304737     1.6722     0.0154 181.494070   49.06964  -16.26383 1.0000e-12    34.9294     3.3007    99.7206   2318.053  488980288     0.6785     1.6630     4.7106     0.0061     0.0175     0.0000     0.0000     0.2247     3.3007    34.9292    27.8002    5.82284    253.731 0.0000e+00
   2352.000     3.4925   3.304561     1.6721     0.0200 181.494081   49.06964  -16.26384 1.0000e-12    34.9292     3.2985    99.7206   2319.037  488980288     0.7424     1.6630     4.7106     0.0061     0.0179     0.0000     0.0000     0.2247     3.2985    34.9290    27.8002    5.81975    253.597 0.0000e+00
   2353.000     3.4919   3.304541     1.6712     0.0225 181.494097   49.06964  -16.26384 1.0000e-12    34.9291     3.2978    99.7218   2320.013  488980290     0.7742     1.6628     4.7107     0.0061     0.0157     0.0000     0.0000     0.2247     3.2978    34.9289    27.8003    5.79969    252.723 0.0000e+00
   2354.000     3.4909   3.304485     1.6692     0.0264 181.494117   49.06964  -16.26383 1.0000e-12    34.9290     3.2967    99.7220   2320.985  488980292     0.8202     1.6627     4.7107     0.0061     0.0150     0.0000     0.0000     0.2247     3.2967    34.9288    27.8003    5.79569    252.548 0.0000e+00
   2355.000     3.4893   3.304387     1.6699     0.0233 181.494131   49.06964  -16.26382 1.0000e-12    34.9291     3.2951    99.7206   2321.964  488980293     0.7846     1.6614     4.7106     0.0061     0.0154     0.0000     0.0000     0.2247     3.2950    34.9288    27.8005    5.82158    253.676 0.0000e+00
   2356.000     3.4862   3.304145     1.6692     0.0168 181.494141   49.06964  -16.26382 1.0000e-12    34.9292     3.2918    99.7206   2322.942  488980294     0.6982     1.6609     4.7106     0.0061     0.0182     0.0000     0.0000     0.2247     3.2919    34.9288    27.8008    5.82716    253.920 0.0000e+00
   2357.000     3.4852   3.304099     1.6710     0.0184 181.494149   49.06964  -16.26382 1.0000e-12    34.9291     3.2908    99.7206   2323.923  488980294     0.7213     1.6592     4.7106     0.0061     0.0183     0.0000     0.0000     0.2247     3.2908    34.9288    27.8009    5.84628    254.753 0.0000e+00
   2358.000     3.4850   3.304129     1.6711     0.0221 181.494156   49.06964  -16.26382 1.0000e-12    34.9292     3.2905    99.7206   2324.916  488980295     0.7706     1.6601     4.7106     0.0061     0.0185     0.0000     0.0000     0.2247     3.2905    34.9289    27.8010    5.82710    253.917 0.0000e+00
   2359.000     3.4849   3.304147     1.6713     0.0218 181.494163   49.06964  -16.26381 1.0000e-12    34.9290     3.2903    99.7206   2325.896  488980296     0.7661     1.6605     4.7106     0.0061     0.0231     0.0000     0.0000     0.2247     3.2903    34.9288    27.8009    5.82299    253.739 0.0000e+00
   2360.000     3.4847   3.304173     1.6710     0.0209 181.494171   49.06964  -16.26380 1.0000e-12    34.9290     3.2901    99.7206   2326.879  488980296     0.7551     1.6600     4.7106     0.0061     0.0192     0.0000     0.0000     0.2247     3.2901    34.9288    27.8009    5.81944    253.584 0.0000e+00
   2361.000     3.4839   3.304137     1.6708     0.0204 181.494179   49.06964  -16.26382 1.0000e-12    34.9290     3.2891    99.7206   2327.862  488980297     0.7478     1.6617     4.7106     0.0061     0.0183     0.0000     0.0000     0.2247     3.2891    34.9288    27.8010    5.82279    253.730 0.0000e+00
   2362.000     3.4826   3.304055     1.6707     0.0176 181.494190   49.06964  -16.26382 1.0000e-12    34.9290     3.2877    99.7206   2328.843  488980298     0.7107     1.6619     4.7106     0.0061     0.0153     0.0000     0.0000     0.2247     3.2877    34.9288    27.8011    5.81084    253.209 0.0000e+00
   2363.000     3.4814   3.303990     1.6692     0.0160 181.494206   49.06964  -16.26382 1.0000e-12    34.9290     3.2865    99.7206   2329.817  488980299     0.6870     1.6617     4.7106     0.0061     0.0170     0.0000     0.0000     0.2247     3.2865    34.9287    27.8012    5.80634    253.013 0.0000e+00
   2364.000     3.4800   3.303913     1.6698     0.0178 181.494223   49.06964  -16.26382 1.0000e-12    34.9291     3.2850    99.7206   2330.788  488980301     0.7138     1.6610     4.7106     0.0061     0.0178     0.0000     0.0000     0.2247     3.2850    34.9289    27.8015    5.83538    254.278 0.0000e+00
   2365.000     3.4791   3.303875     1.6699     0.0173 181.494234   49.06964  -16.26382 1.0000e-12    34.9291     3.2840    99.7206   2331.772  488980302     0.7068     1.6599     4.7106     0.0061     0.0180     0.0000     0.0000     0.2247     3.2840    34.9289    27.8016    5.81318    253.311 0.0000e+00
   2366.000     3.4760   3.303621     1.6690     0.0182 181.494244   49.06964  -16.26382 1.0000e-12    34.9290     3.2809    99.7206   2332.758  488980303     0.7193     1.6595     4.7106     0.0061     0.0159     0.0000     0.0000     0.2247     3.2809    34.9287    27.8017    5.81696    253.476 0.0000e+00
   2367.000     3.4747   3.303540     1.6697     0.0165 181.494254   49.06964  -16.26382 1.0000e-12    34.9289     3.2795    99.7206   2333.740  488980303     0.6947     1.6606     4.7106     0.0061     0.0177     0.0000     0.0000     0.2247     3.2795    34.9286    27.8018    5.83005    254.047 0.0000e+00
   2368.000     3.4746   3.303575     1.6693     0.0170 181.494265   49.06963  -16.26382 1.0000e-12    34.9290     3.2793    99.7206   2334.724  488980304     0.7023     1.6605     4.7106     0.0061     0.0201     0.0000     0.0000     0.2247     3.2793    34.9287    27.8019    5.80879    253.120 0.0000e+00
   2369.000     3.4745   3.303612     1.6687     0.0203 181.494279   49.06962  -16.26382 1.0000e-12    34.9290     3.2791    99.7206   2335.701  488980306     0.7465     1.6600     4.7106     0.0061     0.0146     0.0000     0.0000     0.2247     3.2791    34.9287    27.8019    5.81798    253.521 0.0000e+00
   2370.000     3.4748   3.303663     1.6687     0.0209 181.494294   49.06962  -16.26382 1.0000e-12    34.9288     3.2792    99.7206   2336.666  488980307     0.7551     1.6599     4.7106     0.0061     0.0173     0.0000     0.0000     0.2247     3.2792    34.9286    27.8018    5.82303    253.741 0.0000e+00
   2371.000     3.4747   3.303721     1.6687     0.0222 181.494305   49.06962  -16.26382 1.0000e-12    34.9291     3.2790    99.7206   2337.660  488980308     0.7712     1.6592     4.7106     0.0061     0.0150     0.0000     0.0000     0.2247     3.2791    34.9290    27.8021    5.80331    252.882 0.0000e+00
   2372.000     3.4752   3.303830     1.6669     0.0192 181.494313   49.06962  -16.26382 1.0000e-12    34.9294     3.2795    99.7206   2338.634  488980309     0.7324     1.6592     4.7106     0.0061     0.0137     0.0000     0.0000     0.2247     3.2795    34.9292    27.8023    5.79146    252.365 0.0000e+00
   2373.000     3.4735   3.303699     1.6672     0.0183 181.494321   49.06962  -16.26382 1.0000e-12    34.9292     3.2777    99.7206   2339.624  488980309     0.7202     1.6593     4.7106     0.0061     0.0160     0.0000     0.0000     0.2247     3.2777    34.9290    27.8023    5.83081    254.080 0.0000e+00
   2374.000     3.4699   3.303406     1.6683     0.0176 181.494329   49.06962  -16.26382 1.0000e-12    34.9291     3.2741    99.7206   2340.604  488980310     0.7112     1.6594     4.7106     0.0061     0.0183     0.0000     0.0000     0.2247     3.2741    34.9288    27.8025    5.84803    254.831 0.0000e+00
   2375.000     3.4685   3.303318     1.6688     0.0183 181.494338   49.06962  -16.26382 1.0000e-12    34.9291     3.2726    99.7206   2341.585  488980311     0.7200     1.6590     4.7106     0.0061     0.0230     0.0000     0.0000     0.2247     3.2726    34.9288    27.8026    5.82370    253.771 0.0000e+00
   2376.000     3.4669   3.303203     1.6679     0.0195 181.494348   49.06962  -16.26382 1.0000e-12    34.9290     3.2709    99.7206   2342.568  488980312     0.7360     1.6573     4.7106     0.0061     0.0184     0.0000     0.0000     0.2247     3.2709    34.9287    27.8027    5.80845    253.106 0.0000e+00
   2377.000     3.4644   3.303016     1.6676     0.0201 181.494361   49.06962  -16.26382 1.0000e-12    34.9289     3.2684    99.7206   2343.542  488980313     0.7447     1.6590     4.7106     0.0061     0.0207     0.0000     0.0000     0.2247     3.2684    34.9286    27.8029    5.82254    253.720 0.0000e+00
   2378.000     3.4649   3.303100     1.6676     0.0161 181.494374   49.06962  -16.26382 1.0000e-12    34.9289     3.2688    99.7206   2344.521  488980314     0.6889     1.6588     4.7106     0.0061     0.0177     0.0000     0.0000     0.2247     3.2688    34.9286    27.8028    5.82319    253.748 0.0000e+00
   2379.000     3.4632   3.302990     1.6676     0.0152 181.494385   49.06962  -16.26382 1.0000e-12    34.9289     3.2670    99.7206   2345.500  488980315     0.6748     1.6581     4.7106     0.0061     0.0195     0.0000     0.0000     0.2247     3.2670    34.9287    27.8030    5.82454    253.808 0.0000e+00
   2380.000     3.4619   3.302924     1.6676     0.0143 181.494395   49.06962  -16.26382 1.0000e-12    34.9291     3.2656    99.7206   2346.483  488980316     0.6608     1.6582     4.7106     0.0061     0.0168     0.0000     0.0000     0.2247     3.2656    34.9288    27.8033    5.82072    253.641 0.0000e+00
   2381.000     3.4610   3.302878     1.6672     0.0162 181.494405   49.06962  -16.26382 1.0000e-12    34.9290     3.2646    99.7194   2347.466  488980316     0.6902     1.6581     4.7105     0.0061     0.0162     0.0000     0.0000     0.2247     3.2647    34.9287    27.8033    5.81172    253.249 0.0000e+00
   2382.000     3.4607   3.302893     1.6665     0.0182 181.494415   49.06962  -16.26382 1.0000e-12    34.9289     3.2643    99.7206   2348.449  488980317     0.7186     1.6581     4.7106     0.0061     0.0153     0.0000     0.0000     0.2247     3.2643    34.9287    27.8033    5.81077    253.208 0.0000e+00
   2383.000     3.4606   3.302923     1.6657     0.0229 181.494429   49.06962  -16.26382 1.0000e-12    34.9290     3.2640    99.7206   2349.431  488980319     0.7791     1.6579     4.7106     0.0061     0.0159     0.0000     0.0000     0.2247     3.2640    34.9288    27.8034    5.80402    252.914 0.0000e+00
   2384.000     3.4581   3.302746     1.6654     0.0199 181.494448   49.06962  -16.26382 1.0000e-12    34.9290     3.2615    99.7206   2350.401  488980320     0.7416     1.6570     4.7106     0.0061     0.0192     0.0000     0.0000     0.2247     3.2615    34.9288    27.8037    5.82096    253.652 0.0000e+00
   2385.000     3.4588   3.302845     1.6650     0.0210 181.494462   49.06962  -16.26382 1.0000e-12    34.9290     3.2621    99.7206   2351.379  488980321     0.7560     1.6558     4.7106     0.0061     0.0220     0.0000     0.0000     0.2247     3.2621    34.9288    27.8036    5.78968    252.289 0.0000e+00
