Data/ruptures/DY032/PAP/d20150701_DY032_CTD13.cnv
* Sea-Bird SBE 9 Data File:
* FileName = C:\CTD\DY032\20150629_DY032_CTD13.hdr
* Software Version Seasave V 7.23.2
* Temperature SN = 2112
* Conductivity SN = 3159
* Number of Bytes Per Scan = 35
* Number of Voltage Words = 4
* Number of Scans Averaged by the Deck Unit = 1
* NMEA Latitude = 48 59.14 N
* NMEA Longitude = 016 17.12 W
* NMEA UTC (Time) = Jul 01 2015 14:15:45
** Ship:
** Station:
** Operator:
# nquan = 28
# nvalues = 1002                        
# units = specified
# name 0 = prDM: Pressure, Digiquartz [db]
# name 1 = t090C: Temperature [ITS-90, deg C]
# name 2 = c0S/m: Conductivity [S/m]
# name 3 = sbeox0V: Oxygen raw, SBE 43 [V]
# name 4 = flC: Fluorescence, Chelsea Aqua 3 Chl Con [ug/l]
# name 5 = timeJ: Julian Days
# name 6 = latitude: Latitude [deg]
# name 7 = longitude: Longitude [deg]
# name 8 = par: PAR/Irradiance, Biospherical/Licor
# name 9 = sal00: Salinity, Practical [PSU]
# name 10 = potemp090C: Potential Temperature [ITS-90, deg C]
# name 11 = CStarTr0: Beam Transmission, WET Labs C-Star [%]
# name 12 = depSM: Depth [salt water, m]
# name 13 = timeQ: Time, NMEA [seconds]
# name 14 = v0: Voltage 0
# name 15 = v1: Voltage 1
# name 16 = v2: Voltage 2
# name 17 = v3: Voltage 3
# name 18 = v4: Voltage 4
# name 19 = v5: Voltage 5
# name 20 = v6: Voltage 6
# name 21 = v7: Voltage 7
# name 22 = potemp090C: Potential Temperature [ITS-90, deg C]
# name 23 = sal00: Salinity, Practical [PSU]
# name 24 = sigma-é00: Density [sigma-theta, kg/m^3]
# name 25 = sbeox0ML/L: Oxygen, SBE 43 [ml/l], WS = 2
# name 26 = sbeox0Mm/Kg: Oxygen, SBE 43 [umol/kg], WS = 2
# name 27 = flag: flag
# span 0 =      6.000,   1007.000       
# span 1 =     8.5944,    15.4032       
# span 2 =   3.762730,   4.381582       
# span 3 =     1.6752,     2.5690       
# span 4 =     0.0105,     1.5581       
# span 5 = 182.595609, 182.609369       
# span 6 =   48.98570,   48.98572       
# span 7 =  -16.28530,  -16.28526       
# span 8 = 1.0000e-12, 4.4795e+02       
# span 9 =    35.2484,    35.5068       
# span 10 =     8.4822,    15.4023      
# span 11 =    89.5006,    99.9277      
# span 12 =      5.946,    996.051      
# span 13 =  489075461,  489076650      
# span 14 =     0.5949,     2.4208      
# span 15 =     1.6749,     2.5691      
# span 16 =     4.2278,     4.7204      
# span 17 =     0.0061,     3.9501      
# span 18 =     0.0151,     0.4369      
# span 19 =    -0.0063,     0.6313      
# span 20 =     0.2007,     0.2271      
# span 21 =     0.0602,     0.3410      
# span 22 =     8.4822,    15.4023      
# span 23 =    35.2469,    35.5066      
# span 24 =    26.2305,    27.5432      
# span 25 =    4.24284,    5.98362      
# span 26 =    184.597,    260.232      
# span 27 = 0.0000e+00, 0.0000e+00      
# interval = decibars: 1                
# start_time = Jul 01 2015 14:17:27 [NMEA time, first data scan]
# bad_flag = -9.990e-29
*END*
[from data line 881]
    887.000     8.9336   3.781371     1.7125     0.0224 182.607941   48.98571  -16.28529 1.0000e-12    35.3547     8.8334    99.9225    877.606  489076526     0.7725     1.7134     4.7202     0.0061     0.0252     0.3534     0.2259     0.2967     8.8334    35.3509    27.4199    4.31014    187.530 0.0000e+00
    888.000     8.9256   3.780610     1.7115     0.0259 182.607954   48.98570  -16.28528 1.0000e-12    35.3539     8.8253    99.9129    878.589  489076527     0.8140     1.7131     4.7197     0.0061     0.0227     0.2955     0.2259     0.3097     8.8253    35.3505    27.4209    4.30355    187.244 0.0000e+00
    889.000     8.9356   3.782204     1.7096     0.0271 182.607969   48.98570  -16.28528 1.0000e-12    35.3593     8.8352    99.9248    879.575  489076529     0.8278     1.7124     4.7203     0.0061     0.0254     0.2846     0.2258     0.3086     8.8352    35.3568    27.4242    4.29038    186.670 0.0000e+00
    890.000     8.9335   3.782405     1.7071     0.0271 182.607982   48.98570  -16.28528 1.0000e-12    35.3627     8.8329    99.9274    880.558  489076530     0.8276     1.7116     4.7204     0.0061     0.0237     0.3539     0.2259     0.3035     8.8329    35.3605    27.4275    4.28021    186.227 0.0000e+00
    891.000     8.9302   3.782216     1.7054     0.0259 182.607993   48.98570  -16.28528 1.0000e-12    35.3633     8.8296    99.9261    881.546  489076531     0.8149     1.7102     4.7203     0.0061     0.0212     0.4423     0.2259     0.2925     8.8296    35.3613    27.4286    4.27954    186.198 0.0000e+00
    892.000     8.9231   3.781599     1.7045     0.0289 182.608002   48.98570  -16.28528 1.0000e-12    35.3635     8.8224    99.9243    882.534  489076532     0.8468     1.7090     4.7203     0.0061     0.0270     0.5198     0.2258     0.3021     8.8224    35.3614    27.4299    4.27995    186.216 0.0000e+00
    893.000     8.9134   3.780709     1.7038     0.0285 182.608010   48.98570  -16.28528 1.0000e-12    35.3634     8.8126    99.9228    883.524  489076532     0.8427     1.7073     4.7202     0.0061     0.0298     0.2172     0.2259     0.3019     8.8126    35.3613    27.4313    4.28108    186.265 0.0000e+00
    894.000     8.9092   3.780326     1.7033     0.0266 182.608019   48.98570  -16.28528 1.0000e-12    35.3629     8.8084    99.9247    884.518  489076533     0.8217     1.7060     4.7203     0.0061     0.0261     0.2660     0.2259     0.3057     8.8084    35.3609    27.4318    4.27920    186.184 0.0000e+00
    895.000     8.9041   3.779815     1.7022     0.0233 182.608028   48.98572  -16.28528 1.0000e-12    35.3621     8.8031    99.9261    885.503  489076534     0.7840     1.7048     4.7203     0.0061     0.0225     0.4176     0.2259     0.3180     8.8031    35.3603    27.4320    4.27803    186.133 0.0000e+00
    896.000     8.9000   3.779542     1.7020     0.0212 182.608040   48.98572  -16.28528 1.0000e-12    35.3627     8.7989    99.9156    886.493  489076535     0.7580     1.7037     4.7199     0.0061     0.0195     0.2985     0.2259     0.3143     8.7989    35.3610    27.4333    4.28399    186.393 0.0000e+00
    897.000     8.8988   3.779565     1.7019     0.0227 182.608057   48.98572  -16.28528 1.0000e-12    35.3634     8.7977    99.9232    887.473  489076536     0.7777     1.7024     4.7202     0.0061     0.0235     0.4946     0.2259     0.3241     8.7977    35.3619    27.4342    4.28398    186.392 0.0000e+00
    898.000     8.8989   3.779656     1.7017     0.0220 182.608072   48.98571  -16.28528 1.0000e-12    35.3636     8.7976    99.9275    888.453  489076538     0.7695     1.7021     4.7204     0.0061     0.0212     0.3356     0.2259     0.3397     8.7976    35.3624    27.4346    4.27929    186.188 0.0000e+00
    899.000     8.8991   3.779769     1.7008     0.0200 182.608082   48.98570  -16.28528 1.0000e-12    35.3640     8.7977    99.9145    889.439  489076539     0.7434     1.7021     4.7198     0.0061     0.0219     0.4901     0.2258     0.3408     8.7977    35.3629    27.4350    4.27322    185.923 0.0000e+00
    900.000     8.8989   3.779858     1.6998     0.0214 182.608090   48.98570  -16.28528 1.0000e-12    35.3645     8.7974    99.9171    890.431  489076539     0.7616     1.7019     4.7199     0.0061     0.0235    -0.0030     0.2259     0.3342     8.7974    35.3635    27.4355    4.27248    185.891 0.0000e+00
    901.000     8.8994   3.780019     1.6996     0.0241 182.608098   48.98570  -16.28528 1.0000e-12    35.3652     8.7978    99.9277    891.424  489076540     0.7943     1.7019     4.7204     0.0061     0.0235     0.6033     0.2259     0.3410     8.7977    35.3643    27.4361    4.27603    186.046 0.0000e+00
    902.000     8.9002   3.780218     1.6996     0.0227 182.608105   48.98570  -16.28527 1.0000e-12    35.3659     8.7984    99.9274    892.418  489076541     0.7772     1.7013     4.7204     0.0061     0.0214     0.5198     0.2259     0.3208     8.7984    35.3651    27.4366    4.27822    186.141 0.0000e+00
    903.000     8.9013   3.780493     1.6994     0.0219 182.608115   48.98570  -16.28526 1.0000e-12    35.3671     8.7994    99.9274    893.411  489076541     0.7684     1.7005     4.7204     0.0061     0.0213     0.3766     0.2259     0.3203     8.7994    35.3665    27.4375    4.27515    186.007 0.0000e+00
    904.000     8.9019   3.780700     1.6986     0.0198 182.608130   48.98571  -16.28527 1.0000e-12    35.3682     8.7998    99.9247    894.386  489076543     0.7402     1.6996     4.7203     0.0061     0.0213     0.2338     0.2259     0.3113     8.7998    35.3676    27.4383    4.27300    185.913 0.0000e+00
    905.000     8.9007   3.780638     1.6984     0.0202 182.608147   48.98570  -16.28528 1.0000e-12    35.3681     8.7986    99.9249    895.368  489076544     0.7462     1.6992     4.7203     0.0061     0.0236     0.5709     0.2259     0.3028     8.7986    35.3677    27.4386    4.27370    185.944 0.0000e+00
    906.000     8.8964   3.780273     1.6976     0.0232 182.608161   48.98570  -16.28528 1.0000e-12    35.3682     8.7941    99.9275    896.353  489076545     0.7838     1.6985     4.7204     0.0061     0.0190     0.3535     0.2259     0.2948     8.7941    35.3677    27.4393    4.26906    185.742 0.0000e+00
    907.000     8.8952   3.780297     1.6972     0.0244 182.608172   48.98570  -16.28528 1.0000e-12    35.3691     8.7928    99.9274    897.345  489076546     0.7974     1.6984     4.7204     0.0061     0.0261     0.3275     0.2259     0.2867     8.7928    35.3686    27.4403    4.27202    185.871 0.0000e+00
    908.000     8.8930   3.780187     1.6972     0.0240 182.608182   48.98570  -16.28528 1.0000e-12    35.3697     8.7906    99.9274    898.332  489076547     0.7933     1.6982     4.7204     0.0061     0.0292     0.0820     0.2258     0.2731     8.7906    35.3692    27.4411    4.27325    185.924 0.0000e+00
    909.000     8.8898   3.779986     1.6970     0.0239 182.608191   48.98570  -16.28526 1.0000e-12    35.3703     8.7873    99.9118    899.320  489076548     0.7921     1.6974     4.7197     0.0061     0.0230     0.4418     0.2259     0.2847     8.7873    35.3698    27.4420    4.27146    185.846 0.0000e+00
    910.000     8.8876   3.779904     1.6965     0.0207 182.608201   48.98570  -16.28526 1.0000e-12    35.3712     8.7850    99.9222    900.310  489076549     0.7527     1.6972     4.7202     0.0061     0.0238     0.4415     0.2259     0.2622     8.7850    35.3707    27.4431    4.26857    185.721 0.0000e+00
    911.000     8.8709   3.778326     1.6960     0.0194 182.608211   48.98570  -16.28526 1.0000e-12    35.3712     8.7682    99.9274    901.297  489076550     0.7352     1.6972     4.7204     0.0061     0.0273     0.4205     0.2259     0.2726     8.7682    35.3703    27.4455    4.27063    185.811 0.0000e+00
    912.000     8.8598   3.777264     1.6958     0.0212 182.608222   48.98570  -16.28526 1.0000e-12    35.3707     8.7571    99.9274    902.286  489076551     0.7586     1.6969     4.7204     0.0061     0.0296     0.3541     0.2259     0.2797     8.7571    35.3696    27.4467    4.27324    185.925 0.0000e+00
    913.000     8.8575   3.777245     1.6956     0.0192 182.608235   48.98570  -16.28526 1.0000e-12    35.3723     8.7547    99.9274    903.271  489076552     0.7330     1.6963     4.7204     0.0061     0.0235     0.3163     0.2259     0.2940     8.7547    35.3713    27.4484    4.27068    185.813 0.0000e+00
    914.000     8.8563   3.777213     1.6948     0.0211 182.608248   48.98570  -16.28528 1.0000e-12    35.3726     8.7534    99.9274    904.254  489076553     0.7581     1.6959     4.7204     0.0061     0.0223     0.3280     0.2259     0.2832     8.7534    35.3717    27.4489    4.26675    185.642 0.0000e+00
    915.000     8.8442   3.776047     1.6938     0.0194 182.608260   48.98570  -16.28528 1.0000e-12    35.3721     8.7413    99.9274    905.239  489076554     0.7354     1.6957     4.7204     0.0061     0.0228     0.4036     0.2260     0.2884     8.7413    35.3710    27.4503    4.26419    185.531 0.0000e+00
    916.000     8.8340   3.775162     1.6935     0.0182 182.608270   48.98570  -16.28528 1.0000e-12    35.3726     8.7310    99.9274    906.229  489076555     0.7186     1.6950     4.7204     0.0061     0.0236     0.4419     0.2259     0.2719     8.7310    35.3713    27.4522    4.26956    185.765 0.0000e+00
    917.000     8.8331   3.775153     1.6934     0.0198 182.608279   48.98570  -16.28527 1.0000e-12    35.3728     8.7300    99.9274    907.219  489076556     0.7407     1.6947     4.7204     0.0061     0.0235     0.4647     0.2260     0.2725     8.7300    35.3717    27.4526    4.26812    185.703 0.0000e+00
    918.000     8.8289   3.774823     1.6928     0.0186 182.608289   48.98570  -16.28526 1.0000e-12    35.3731     8.7257    99.9163    908.208  489076556     0.7246     1.6938     4.7199     0.0061     0.0268     0.4214     0.2259     0.2862     8.7257    35.3719    27.4535    4.26651    185.633 0.0000e+00
    919.000     8.8251   3.774529     1.6926     0.0212 182.608300   48.98570  -16.28526 1.0000e-12    35.3733     8.7218    99.9150    909.195  489076557     0.7587     1.6935     4.7198     0.0061     0.0324     0.3846     0.2259     0.2755     8.7218    35.3722    27.4544    4.26828    185.710 0.0000e+00
    920.000     8.8207   3.774202     1.6923     0.0235 182.608311   48.98570  -16.28526 1.0000e-12    35.3737     8.7173    99.9243    910.181  489076558     0.7877     1.6933     4.7203     0.0061     0.0256     0.3538     0.2259     0.2582     8.7173    35.3726    27.4554    4.26919    185.749 0.0000e+00
    921.000     8.8164   3.773875     1.6923     0.0195 182.608323   48.98570  -16.28526 1.0000e-12    35.3741     8.7129    99.9141    911.167  489076559     0.7361     1.6927     4.7198     0.0061     0.0256     0.3534     0.2260     0.2479     8.7129    35.3730    27.4564    4.27041    185.803 0.0000e+00
    922.000     8.8137   3.773723     1.6918     0.0190 182.608335   48.98570  -16.28526 1.0000e-12    35.3747     8.7101    99.9174    912.157  489076560     0.7302     1.6923     4.7199     0.0061     0.0221     0.3400     0.2262     0.2475     8.7101    35.3737    27.4574    4.26455    185.548 0.0000e+00
    923.000     8.8080   3.773502     1.6911     0.0193 182.608348   48.98570  -16.28526 1.0000e-12    35.3775     8.7044    99.9204    913.139  489076561     0.7337     1.6923     4.7201     0.0061     0.0237     0.3397     0.2261     0.2624     8.7044    35.3765    27.4605    4.26317    185.487 0.0000e+00
    924.000     8.8050   3.773469     1.6902     0.0182 182.608360   48.98570  -16.28526 1.0000e-12    35.3796     8.7013    99.9203    914.126  489076562     0.7182     1.6922     4.7201     0.0061     0.0261     0.4018     0.2261     0.2972     8.7013    35.3787    27.4627    4.26034    185.364 0.0000e+00
    925.000     8.8032   3.773405     1.6899     0.0188 182.608370   48.98570  -16.28526 1.0000e-12    35.3803     8.6993    99.9075    915.111  489076563     0.7273     1.6913     4.7195     0.0061     0.0237     0.4195     0.2259     0.2859     8.6993    35.3794    27.4636    4.26529    185.579 0.0000e+00
    926.000     8.8029   3.773561     1.6899     0.0198 182.608380   48.98570  -16.28526 1.0000e-12    35.3816     8.6989    99.9197    916.105  489076564     0.7404     1.6910     4.7200     0.0061     0.0213     0.2202     0.2263     0.2703     8.6989    35.3808    27.4648    4.26648    185.631 0.0000e+00
    927.000     8.8010   3.773483     1.6899     0.0189 182.608390   48.98570  -16.28526 1.0000e-12    35.3822     8.6969    99.9017    917.095  489076565     0.7287     1.6900     4.7192     0.0061     0.0246     0.2520     0.2263     0.2705     8.6969    35.3815    27.4656    4.26720    185.662 0.0000e+00
    928.000     8.7979   3.773318     1.6899     0.0204 182.608402   48.98570  -16.28526 1.0000e-12    35.3831     8.6937    99.9139    918.078  489076566     0.7478     1.6899     4.7198     0.0061     0.0280     0.4747     0.2262     0.2674     8.6937    35.3823    27.4668    4.26456    185.547 0.0000e+00
    929.000     8.7943   3.773080     1.6889     0.0226 182.608414   48.98570  -16.28528 1.0000e-12    35.3837     8.6900    99.9274    919.062  489076567     0.7771     1.6899     4.7204     0.0061     0.0263     0.5047     0.2264     0.2666     8.6900    35.3829    27.4678    4.25745    185.238 0.0000e+00
    930.000     8.7904   3.772819     1.6880     0.0248 182.608426   48.98570  -16.28528 1.0000e-12    35.3844     8.6860    99.9274    920.049  489076568     0.8016     1.6899     4.7204     0.0061     0.0272     0.3380     0.2261     0.2597     8.6860    35.3837    27.4691    4.25710    185.223 0.0000e+00
    931.000     8.7860   3.772507     1.6875     0.0227 182.608437   48.98570  -16.28528 1.0000e-12    35.3850     8.6816    99.9241    921.037  489076569     0.7780     1.6894     4.7202     0.0061     0.0244     0.2465     0.2265     0.2548     8.6816    35.3842    27.4702    4.25994    185.347 0.0000e+00
    932.000     8.7819   3.772173     1.6874     0.0191 182.608448   48.98570  -16.28526 1.0000e-12    35.3852     8.6773    99.9250    922.025  489076570     0.7305     1.6885     4.7203     0.0061     0.0247     0.1940     0.2263     0.2589     8.6773    35.3844    27.4710    4.26193    185.433 0.0000e+00
    933.000     8.7768   3.771702     1.6873     0.0160 182.608458   48.98570  -16.28526 1.0000e-12    35.3849     8.6721    99.9262    923.012  489076571     0.6864     1.6877     4.7203     0.0061     0.0247     0.4165     0.2265     0.2523     8.6721    35.3841    27.4716    4.25956    185.330 0.0000e+00
    934.000     8.7701   3.771343     1.6866     0.0173 182.608468   48.98570  -16.28528 1.0000e-12    35.3873     8.6654    99.9274    924.000  489076572     0.7066     1.6874     4.7204     0.0061     0.0241     0.4183     0.2263     0.2703     8.6654    35.3865    27.4745    4.25721    185.228 0.0000e+00
    935.000     8.7723   3.771811     1.6864     0.0176 182.608479   48.98570  -16.28528 1.0000e-12    35.3895     8.6674    99.9263    924.989  489076573     0.7109     1.6873     4.7203     0.0061     0.0235     0.3815     0.2261     0.2689     8.6674    35.3888    27.4760    4.26042    185.367 0.0000e+00
    936.000     8.7758   3.772369     1.6863     0.0211 182.608490   48.98570  -16.28528 1.0000e-12    35.3912     8.6708    99.9251    925.973  489076574     0.7574     1.6871     4.7203     0.0061     0.0239     0.3818     0.2263     0.2677     8.6708    35.3906    27.4769    4.26043    185.367 0.0000e+00
    937.000     8.7792   3.772930     1.6861     0.0231 182.608501   48.98570  -16.28528 1.0000e-12    35.3931     8.6741    99.9120    926.959  489076575     0.7814     1.6862     4.7197     0.0061     0.0256     0.3996     0.2261     0.2696     8.6741    35.3927    27.4781    4.26054    185.372 0.0000e+00
