Data/ruptures/DY032/PAP/d20150628_DY032_CTD08.cnv
* Sea-Bird SBE 9 Data File:
* FileName = C:\CTD\DY032\20150628_DY032_CTD08.hdr
* Software Version Seasave V 7.23.2
* Temperature SN = 2112
* Conductivity SN = 3159
* Number of Bytes Per Scan = 35
* Number of Voltage Words = 4
* Number of Scans Averaged by the Deck Unit = 1
* NMEA Latitude = 49 00.76 N
* NMEA Longitude = 016 23.71 W
* NMEA UTC (Time) = Jun 28 2015 09:33:05
** Ship:
** Station:
** Operator:
# nquan = 28
# nvalues = 1011                        
# units = specified
# name 0 = prDM: Pressure, Digiquartz [db]
# name 1 = t090C: Temperature [ITS-90, deg C]
# name 2 = c0S/m: Conductivity [S/m]
# name 3 = sbeox0V: Oxygen raw, SBE 43 [V]
# name 4 = flC: Fluorescence, Chelsea Aqua 3 Chl Con [ug/l]
# name 5 = timeJ: Julian Days
# name 6 = latitude: Latitude [deg]
# name 7 = longitude: Longitude [deg]
# name 8 = par: PAR/Irradiance, Biospherical/Licor
# name 9 = sal00: Salinity, Practical [PSU]
# name 10 = potemp090C: Potential Temperature [ITS-90, deg C]
# name 11 = CStarTr0: Beam Transmission, WET Labs C-Star [%]
# name 12 = depSM: Depth [salt water, m]
# name 13 = timeQ: Time, NMEA [seconds]
# name 14 = v0: Voltage 0
# name 15 = v1: Voltage 1
# name 16 = v2: Voltage 2
# name 17 = v3: Voltage 3
# name 18 = v4: Voltage 4
# name 19 = v5: Voltage 5
# name 20 = v6: Voltage 6
# name 21 = v7: Voltage 7
# name 22 = potemp090C: Potential Temperature [ITS-90, deg C]
# name 23 = sal00: Salinity, Practical [PSU]
# name 24 = sigma-é00: Density [sigma-theta, kg/m^3]
# name 25 = sbeox0ML/L: Oxygen, SBE 43 [ml/l], WS = 2
# name 26 = sbeox0Mm/Kg: Oxygen, SBE 43 [umol/kg], WS = 2
# name 27 = flag: flag
# span 0 =      6.000,   1016.000       
# span 1 =     8.4959,    14.9187       
# span 2 =   3.744134,   4.342008       
# span 3 =     1.6624,     2.5414       
# span 4 =     0.0140,     1.4637       
# span 5 = 179.401141, 179.415606       
# span 6 =   49.01154,   49.01274       
# span 7 =  -16.39570,  -16.39520       
# span 8 = -7.021e-06, 1.5506e+02       
# span 9 =    35.3258,    35.6092       
# span 10 =     8.3836,    14.9171      
# span 11 =    90.0267,    99.9608      
# span 12 =      5.948,   1004.922      
# span 13 =  488799458,  488800708      
# span 14 =     0.6557,     2.3940      
# span 15 =     1.6607,     2.5415      
# span 16 =     4.2527,     4.7220      
# span 17 =     0.0061,     3.4898      
# span 18 =     0.0127,     0.2797      
# span 19 =    -0.0180,     0.7909      
# span 20 =     0.0000,     0.0000      
# span 21 =     0.0000,     0.0000      
# span 22 =     8.3835,    14.9171      
# span 23 =    35.3244,    35.6096      
# span 24 =    26.3978,    27.5257      
# span 25 =    4.24397,    5.72393      
# span 26 =    184.659,    248.877      
# span 27 = 0.0000e+00, 0.0000e+00      
# interval = decibars: 1                
# start_time = Jun 28 2015 09:37:14 [NMEA time, first data scan]
# bad_flag = -9.990e-29
*END*
[from data line 674]
    680.000    10.5699   3.941416     2.1344     0.0162 179.410956   49.01258  -16.39526 1.0000e-12    35.4854    10.4858    99.8235    673.132  488800306     0.6895     2.1365     4.7155     0.0061     0.0180     0.3699     0.0000     0.0000    10.4858    35.4844    27.2455    5.46102    237.528 0.0000e+00
    681.000    10.5734   3.941944     2.1339     0.0176 179.410969   49.01258  -16.39527 1.0000e-12    35.4866    10.4892    99.8248    674.116  488800308     0.7103     2.1348     4.7155     0.0061     0.0218     0.2852     0.0000     0.0000    10.4892    35.4859    27.2460    5.46371    237.645 0.0000e+00
    682.000    10.5796   3.942788     2.1348     0.0226 179.410984   49.01258  -16.39528 1.0000e-12    35.4883    10.4952    99.8240    675.097  488800309     0.7772     2.1332     4.7155     0.0061     0.0229     0.3277     0.0000     0.0000    10.4952    35.4879    27.2465    5.47906    238.312 0.0000e+00
    683.000    10.6045   3.945993     2.1373     0.0233 179.410995   49.01258  -16.39528 1.0000e-12    35.4954    10.5198    99.8203    676.086  488800310     0.7847     2.1329     4.7153     0.0061     0.0225     0.4196     0.0000     0.0000    10.5198    35.4956    27.2482    5.49346    238.936 0.0000e+00
    684.000    10.6351   3.949885     2.1403     0.0234 179.411004   49.01258  -16.39528 1.0000e-12    35.5037    10.5502    99.8210    677.075  488800311     0.7866     2.1326     4.7154     0.0061     0.0196     0.5191     0.0000     0.0000    10.5502    35.5047    27.2498    5.50311    239.353 0.0000e+00
    685.000    10.6446   3.951053     2.1427     0.0210 179.411012   49.01258  -16.39528 1.0000e-12    35.5056    10.5595    99.8168    678.071  488800311     0.7567     2.1336     4.7152     0.0061     0.0188     0.2151     0.0000     0.0000    10.5595    35.5068    27.2498    5.50849    239.586 0.0000e+00
    686.000    10.6473   3.951453     2.1450     0.0198 179.411021   49.01258  -16.39528 1.0000e-12    35.5066    10.5621    99.7986    679.062  488800312     0.7403     2.1354     4.7143     0.0061     0.0259     0.2616     0.0000     0.0000    10.5621    35.5078    27.2501    5.51108    239.699 0.0000e+00
    687.000    10.6483   3.951632     2.1466     0.0208 179.411032   49.01256  -16.39528 1.0000e-12    35.5071    10.5629    99.7947    680.053  488800313     0.7533     2.1387     4.7141     0.0061     0.0215     0.4290     0.0000     0.0000    10.5629    35.5082    27.2503    5.50975    239.641 0.0000e+00
    688.000    10.6472   3.951504     2.1478     0.0202 179.411050   49.01256  -16.39528 1.0000e-12    35.5068    10.5617    99.7982    681.030  488800315     0.7452     2.1437     4.7143     0.0061     0.0210     0.3415     0.0000     0.0000    10.5617    35.5076    27.2500    5.50664    239.506 0.0000e+00
    689.000    10.6448   3.951275     2.1471     0.0195 179.411065   49.01256  -16.39528 1.0000e-12    35.5065    10.5592    99.7800    682.012  488800316     0.7371     2.1457     4.7135     0.0061     0.0217     0.3839     0.0000     0.0000    10.5592    35.5071    27.2501    5.49567    239.029 0.0000e+00
    690.000    10.6374   3.950396     2.1455     0.0191 179.411075   49.01256  -16.39528 1.0000e-12    35.5047    10.5517    99.7892    683.003  488800317     0.7309     2.1465     4.7139     0.0061     0.0160     0.5210     0.0000     0.0000    10.5517    35.5050    27.2498    5.48915    238.746 0.0000e+00
    691.000    10.6147   3.947810     2.1445     0.0189 179.411083   49.01256  -16.39528 1.0000e-12    35.5008    10.5290    99.7966    683.995  488800317     0.7294     2.1465     4.7142     0.0061     0.0183     0.4304     0.0000     0.0000    10.5290    35.5005    27.2504    5.48911    238.745 0.0000e+00
    692.000    10.6037   3.946590     2.1429     0.0174 179.411090   49.01256  -16.39528 1.0000e-12    35.4990    10.5179    99.7965    684.989  488800318     0.7078     2.1462     4.7142     0.0061     0.0212     0.1016     0.0000     0.0000    10.5179    35.4984    27.2507    5.48689    238.650 0.0000e+00
    693.000    10.6004   3.946232     2.1420     0.0176 179.411099   49.01256  -16.39528 1.0000e-12    35.4982    10.5146    99.7914    685.979  488800319     0.7105     2.1450     4.7140     0.0061     0.0212     0.4612     0.0000     0.0000    10.5146    35.4975    27.2506    5.48530    238.581 0.0000e+00
    694.000    10.6003   3.946257     2.1404     0.0191 179.411109   49.01256  -16.39528 1.0000e-12    35.4980    10.5143    99.7992    686.967  488800320     0.7309     2.1436     4.7144     0.0061     0.0187     0.3840     0.0000     0.0000    10.5143    35.4975    27.2506    5.47901    238.307 0.0000e+00
    695.000    10.5982   3.946038     2.1382     0.0189 179.411120   49.01256  -16.39528 1.0000e-12    35.4974    10.5120    99.7981    687.947  488800321     0.7291     2.1416     4.7143     0.0061     0.0183     0.3835     0.0000     0.0000    10.5120    35.4969    27.2505    5.46439    237.671 0.0000e+00
    696.000    10.5881   3.944839     2.1344     0.0211 179.411131   49.01255  -16.39528 1.0000e-12    35.4951    10.5019    99.7993    688.938  488800322     0.7572     2.1401     4.7144     0.0061     0.0193     0.4009     0.0000     0.0000    10.5019    35.4942    27.2502    5.44013    236.617 0.0000e+00
    697.000    10.5132   3.936153     2.1293     0.0205 179.411141   49.01254  -16.39528 1.0000e-12    35.4813    10.4272    99.7981    689.927  488800322     0.7502     2.1387     4.7143     0.0061     0.0200     0.4403     0.0000     0.0000    10.4272    35.4788    27.2515    5.42909    236.141 0.0000e+00
    698.000    10.4536   3.929180     2.1241     0.0218 179.411152   49.01254  -16.39528 1.0000e-12    35.4697    10.3678    99.7971    690.924  488800323     0.7660     2.1362     4.7143     0.0061     0.0184     0.3428     0.0000     0.0000    10.3678    35.4658    27.2518    5.42578    236.001 0.0000e+00
    699.000    10.4506   3.928861     2.1179     0.0227 179.411171   49.01254  -16.39528 1.0000e-12    35.4682    10.3647    99.8214    691.903  488800325     0.7761     2.1277     4.7154     0.0061     0.0181     0.3398     0.0000     0.0000    10.3647    35.4650    27.2517    5.41760    235.646 0.0000e+00
    700.000    10.4562   3.929578     2.1133     0.0211 179.411191   49.01254  -16.39528 1.0000e-12    35.4688    10.3701    99.8241    692.876  488800327     0.7572     2.1191     4.7155     0.0061     0.0174     0.3538     0.0000     0.0000    10.3701    35.4664    27.2519    5.40768    235.214 0.0000e+00
    701.000    10.4373   3.927363     2.1114     0.0219 179.411200   49.01254  -16.39528 1.0000e-12    35.4645    10.3513    99.8240    693.868  488800327     0.7676     2.1165     4.7155     0.0061     0.0183     0.5554     0.0000     0.0000    10.3513    35.4619    27.2516    5.40271    234.999 0.0000e+00
    702.000    10.4302   3.926638     2.1098     0.0220 179.411207   49.01254  -16.39528 1.0000e-12    35.4636    10.3440    99.8258    694.858  488800328     0.7698     2.1150     4.7156     0.0061     0.0201     0.0027     0.0000     0.0000    10.3440    35.4611    27.2523    5.39971    234.869 0.0000e+00
    703.000    10.4264   3.926207     2.1087     0.0206 179.411213   49.01254  -16.39528 1.0000e-12    35.4624    10.3401    99.8470    695.850  488800329     0.7516     2.1134     4.7166     0.0061     0.0213     0.7099     0.0000     0.0000    10.3401    35.4599    27.2521    5.40010    234.886 0.0000e+00
    704.000    10.4133   3.924679     2.1078     0.0185 179.411219   49.01254  -16.39528 1.0000e-12    35.4597    10.3269    99.8380    696.842  488800329     0.7231     2.1123     4.7162     0.0061     0.0211    -0.0005     0.0000     0.0000    10.3270    35.4568    27.2519    5.40044    234.902 0.0000e+00
    705.000    10.4016   3.923407     2.1070     0.0172 179.411224   49.01254  -16.39528 1.0000e-12    35.4575    10.3152    99.8239    697.847  488800330     0.7046     2.1115     4.7155     0.0061     0.0221     0.6832     0.0000     0.0000    10.3152    35.4548    27.2524    5.40275    235.003 0.0000e+00
    706.000    10.3978   3.922993     2.1061     0.0161 179.411232   49.01254  -16.39528 1.0000e-12    35.4565    10.3113    99.8450    698.839  488800330     0.6878     2.1095     4.7165     0.0061     0.0226     0.2297     0.0000     0.0000    10.3113    35.4539    27.2524    5.40439    235.075 0.0000e+00
    707.000    10.3971   3.923018     2.1060     0.0174 179.411248   49.01252  -16.39529 1.0000e-12    35.4565    10.3105    99.8494    699.816  488800332     0.7063     2.1067     4.7167     0.0061     0.0234     0.3865     0.0000     0.0000    10.3105    35.4543    27.2529    5.40929    235.288 0.0000e+00
    708.000    10.4239   3.926099     2.1043     0.0219 179.411277   49.01252  -16.39530 1.0000e-12    35.4600    10.3370    99.8276    700.787  488800334     0.7670     2.1045     4.7157     0.0061     0.0226     0.4095     0.0000     0.0000    10.3370    35.4591    27.2519    5.39184    234.527 0.0000e+00
    709.000    10.3867   3.921904     2.1025     0.0192 179.411290   49.01252  -16.39530 1.0000e-12    35.4541    10.2999    99.8416    701.776  488800335     0.7320     2.1048     4.7163     0.0061     0.0165     0.0503     0.0000     0.0000    10.2999    35.4523    27.2532    5.39179    234.527 0.0000e+00
    710.000    10.3730   3.920451     2.1013     0.0197 179.411298   49.01252  -16.39528 1.0000e-12    35.4525    10.2861    99.8533    702.763  488800336     0.7389     2.1040     4.7169     0.0061     0.0205     0.4838     0.0000     0.0000    10.2861    35.4505    27.2542    5.39478    234.658 0.0000e+00
    711.000    10.3664   3.919770     2.1013     0.0207 179.411305   49.01252  -16.39528 1.0000e-12    35.4515    10.2794    99.8498    703.751  488800337     0.7521     2.1029     4.7167     0.0061     0.0202     0.6276     0.0000     0.0000    10.2794    35.4496    27.2546    5.40024    234.896 0.0000e+00
    712.000    10.3643   3.919574     2.1013     0.0191 179.411312   49.01252  -16.39528 1.0000e-12    35.4511    10.2772    99.8476    704.748  488800337     0.7311     2.1025     4.7166     0.0061     0.0183    -0.0123     0.0000     0.0000    10.2772    35.4492    27.2547    5.39948    234.863 0.0000e+00
    713.000    10.3582   3.918940     2.1010     0.0180 179.411318   49.01252  -16.39528 1.0000e-12    35.4501    10.2710    99.8461    705.741  488800338     0.7152     2.1014     4.7165     0.0061     0.0161     0.6321     0.0000     0.0000    10.2710    35.4482    27.2551    5.39484    234.661 0.0000e+00
    714.000    10.3519   3.918219     2.0998     0.0196 179.411324   49.01252  -16.39528 1.0000e-12    35.4487    10.2646    99.8530    706.739  488800338     0.7380     2.1004     4.7168     0.0061     0.0197     0.0232     0.0000     0.0000    10.2646    35.4466    27.2549    5.39006    234.454 0.0000e+00
    715.000    10.3386   3.916781     2.0988     0.0199 179.411333   49.01250  -16.39528 1.0000e-12    35.4465    10.2512    99.8711    707.724  488800339     0.7417     2.1001     4.7177     0.0061     0.0210     0.4505     0.0000     0.0000    10.2512    35.4445    27.2556    5.39247    234.559 0.0000e+00
    716.000    10.3305   3.915896     2.0980     0.0196 179.411345   49.01250  -16.39528 1.0000e-12    35.4450    10.2431    99.8618    708.706  488800340     0.7385     2.0998     4.7173     0.0061     0.0188     0.4246     0.0000     0.0000    10.2431    35.4430    27.2558    5.39346    234.603 0.0000e+00
    717.000    10.3250   3.915308     2.0976     0.0218 179.411361   49.01250  -16.39530 1.0000e-12    35.4437    10.2375    99.8664    709.688  488800341     0.7668     2.0979     4.7175     0.0061     0.0245     0.4016     0.0000     0.0000    10.2375    35.4419    27.2560    5.39832    234.815 0.0000e+00
    718.000    10.3222   3.915049     2.0974     0.0224 179.411376   49.01250  -16.39530 1.0000e-12    35.4431    10.2346    99.8704    710.678  488800343     0.7738     2.0967     4.7177     0.0061     0.0160     0.3023     0.0000     0.0000    10.2346    35.4415    27.2562    5.39653    234.737 0.0000e+00
    719.000    10.3108   3.913833     2.0971     0.0215 179.411390   49.01250  -16.39530 1.0000e-12    35.4415    10.2231    99.8740    711.668  488800344     0.7623     2.0965     4.7178     0.0061     0.0202     0.2839     0.0000     0.0000    10.2232    35.4399    27.2569    5.39988    234.883 0.0000e+00
    720.000    10.3089   3.913720     2.0974     0.0210 179.411406   49.01250  -16.39530 1.0000e-12    35.4415    10.2211    99.8616    712.650  488800345     0.7558     2.0962     4.7172     0.0061     0.0211     0.5561     0.0000     0.0000    10.2211    35.4401    27.2574    5.40976    235.313 0.0000e+00
    721.000    10.3090   3.913892     2.1000     0.0227 179.411419   49.01249  -16.39529 1.0000e-12    35.4425    10.2211    99.8727    713.634  488800346     0.7779     2.0960     4.7178     0.0061     0.0169     0.3752     0.0000     0.0000    10.2211    35.4413    27.2584    5.42961    236.176 0.0000e+00
    722.000    10.3069   3.913735     2.1020     0.0221 179.411428   49.01248  -16.39528 1.0000e-12    35.4424    10.2189    99.8757    714.619  488800347     0.7705     2.0959     4.7179     0.0061     0.0231     0.0003     0.0000     0.0000    10.2189    35.4413    27.2588    5.42663    236.047 0.0000e+00
    723.000    10.3080   3.914012     2.1019     0.0232 179.411435   49.01248  -16.39528 1.0000e-12    35.4437    10.2198    99.8757    715.607  488800348     0.7840     2.0965     4.7179     0.0061     0.0228     0.6158     0.0000     0.0000    10.2198    35.4427    27.2597    5.41586    235.578 0.0000e+00
    724.000    10.3052   3.913788     2.1013     0.0256 179.411442   49.01248  -16.39528 1.0000e-12    35.4437    10.2169    99.8738    716.599  488800348     0.8117     2.0972     4.7178     0.0061     0.0212     0.3594     0.0000     0.0000    10.2169    35.4426    27.2602    5.40844    235.256 0.0000e+00
    725.000    10.2982   3.913105     2.1005     0.0229 179.411448   49.01248  -16.39530 1.0000e-12    35.4431    10.2098    99.8738    717.610  488800349     0.7797     2.0990     4.7178     0.0061     0.0187     0.3004     0.0000     0.0000    10.2098    35.4421    27.2610    5.40409    235.066 0.0000e+00
    726.000    10.3004   3.913504     2.0988     0.0179 179.411456   49.01248  -16.39530 1.0000e-12    35.4443    10.2118    99.8578    718.597  488800350     0.7140     2.1006     4.7171     0.0061     0.0183     0.5102     0.0000     0.0000    10.2119    35.4436    27.2618    5.39621    234.723 0.0000e+00
    727.000    10.3281   3.916884     2.0969     0.0201 179.411467   49.01248  -16.39530 1.0000e-12    35.4506    10.2393    99.8450    719.580  488800350     0.7446     2.1005     4.7165     0.0061     0.0159     0.3110     0.0000     0.0000    10.2393    35.4504    27.2623    5.39214    234.545 0.0000e+00
    728.000    10.3221   3.916128     2.0952     0.0228 179.411485   49.01248  -16.39530 1.0000e-12    35.4484    10.2332    99.8665    720.557  488800352     0.7791     2.0977     4.7175     0.0061     0.0179     0.4199     0.0000     0.0000    10.2332    35.4482    27.2616    5.39094    234.492 0.0000e+00
    729.000    10.3206   3.915978     2.0939     0.0257 179.411502   49.01248  -16.39530 1.0000e-12    35.4479    10.2316    99.8733    721.541  488800354     0.8125     2.0951     4.7178     0.0061     0.0143     0.3078     0.0000     0.0000    10.2316    35.4477    27.2615    5.38945    234.428 0.0000e+00
