Data/ruptures/DY032/PAP/d20150630_DY032_CTD11.cnv
* Sea-Bird SBE 9 Data File:
* FileName = C:\CTD\DY032\20150629_DY032_CTD11.hdr
* Software Version Seasave V 7.23.2
* Temperature SN = 2112
* Conductivity SN = 3159
* Number of Bytes Per Scan = 35
* Number of Voltage Words = 4
* Number of Scans Averaged by the Deck Unit = 1
* NMEA Latitude = 49 04.43 N
* NMEA Longitude = 016 15.81 W
* NMEA UTC (Time) = Jun 30 2015 10:57:04
** Ship:
** Station:
** Operator:
# nquan = 28
# nvalues = 4081                        
# units = specified
# name 0 = prDM: Pressure, Digiquartz [db]
# name 1 = t090C: Temperature [ITS-90, deg C]
# name 2 = c0S/m: Conductivity [S/m]
# name 3 = sbeox0V: Oxygen raw, SBE 43 [V]
# name 4 = flC: Fluorescence, Chelsea Aqua 3 Chl Con [ug/l]
# name 5 = timeJ: Julian Days
# name 6 = latitude: Latitude [deg]
# name 7 = longitude: Longitude [deg]
# name 8 = par: PAR/Irradiance, Biospherical/Licor
# name 9 = sal00: Salinity, Practical [PSU]
# name 10 = potemp090C: Potential Temperature [ITS-90, deg C]
# name 11 = CStarTr0: Beam Transmission, WET Labs C-Star [%]
# name 12 = depSM: Depth [salt water, m]
# name 13 = timeQ: Time, NMEA [seconds]
# name 14 = v0: Voltage 0
# name 15 = v1: Voltage 1
# name 16 = v2: Voltage 2
# name 17 = v3: Voltage 3
# name 18 = v4: Voltage 4
# name 19 = v5: Voltage 5
# name 20 = v6: Voltage 6
# name 21 = v7: Voltage 7
# name 22 = potemp090C: Potential Temperature [ITS-90, deg C]
# name 23 = sal00: Salinity, Practical [PSU]
# name 24 = sigma-é00: Density [sigma-theta, kg/m^3]
# name 25 = sbeox0ML/L: Oxygen, SBE 43 [ml/l], WS = 2
# name 26 = sbeox0Mm/Kg: Oxygen, SBE 43 [umol/kg], WS = 2
# name 27 = flag: flag
# span 0 =      5.000,   4085.000       
# span 1 =     2.5344,    15.0329       
# span 2 =   3.278909,   4.348356       
# span 3 =     1.3070,     2.5374       
# span 4 =     0.0066,     1.4672       
# span 5 = 181.461286, 181.527635       
# span 6 =   49.06687,   49.07348       
# span 7 =  -16.26410,  -16.26253       
# span 8 = -2.993e-01, 1.8107e+02       
# span 9 =    34.9110,    35.5379       
# span 10 =     2.1753,    15.0320      
# span 11 =    89.4724,   100.0704      
# span 12 =      4.946,   4011.768      
# span 13 =  488977455,  488983187      
# span 14 =     0.5151,     2.3951      
# span 15 =     1.2810,     2.5379      
# span 16 =     4.2265,     4.7271      
# span 17 =     0.0008,     3.5636      
# span 18 =     0.0122,     0.3720      
# span 19 =     0.0000,     0.0000      
# span 20 =     0.0000,     0.0000      
# span 21 =     0.2050,     0.2258      
# span 22 =     2.1753,    15.0320      
# span 23 =    34.9111,    35.5384      
# span 24 =    26.3387,    27.8864      
# span 25 =    4.24704,    5.86279      
# span 26 =    184.790,    255.475      
# span 27 = 0.0000e+00, 0.0000e+00      
# interval = decibars: 1                
# start_time = Jun 30 2015 11:03:57 [NMEA time, first data scan]
# bad_flag = -9.990e-29
*END*
[from data line 674]
    679.000    10.0278   3.878341     2.1008     0.0213 181.475580   49.07136  -16.26400 1.0000e-12    35.3723     9.9466    99.8903    672.140  488978690     0.7592     2.1085     4.7186     0.0061     0.0225     0.0000     0.0000     0.2213     9.9466    35.3722    27.2519    5.39632    234.749 0.0000e+00
    680.000    10.0348   3.879279     2.0962     0.0214 181.475594   49.07136  -16.26400 1.0000e-12    35.3744     9.9535    99.8858    673.121  488978691     0.7615     2.1042     4.7184     0.0061     0.0265     0.0000     0.0000     0.2214     9.9535    35.3744    27.2525    5.38322    234.178 0.0000e+00
    681.000    10.0470   3.880932     2.0926     0.0232 181.475607   49.07136  -16.26400 1.0000e-12    35.3786     9.9655    99.8997    674.106  488978692     0.7840     2.1001     4.7191     0.0061     0.0214     0.0000     0.0000     0.2213     9.9655    35.3790    27.2540    5.36857    233.540 0.0000e+00
    682.000    10.0549   3.882028     2.0888     0.0228 181.475617   49.07136  -16.26400 1.0000e-12    35.3814     9.9732    99.8816    675.096  488978693     0.7786     2.0964     4.7182     0.0061     0.0236     0.0000     0.0000     0.2215     9.9732    35.3820    27.2550    5.34886    232.682 0.0000e+00
    683.000    10.0751   3.884631     2.0846     0.0243 181.475627   49.07136  -16.26400 1.0000e-12    35.3874     9.9931    99.8933    676.085  488978694     0.7958     2.0936     4.7188     0.0061     0.0231     0.0000     0.0000     0.2213     9.9931    35.3885    27.2566    5.33121    231.912 0.0000e+00
    684.000    10.0844   3.885832     2.0813     0.0270 181.475636   49.07136  -16.26400 1.0000e-12    35.3899    10.0023    99.8909    677.072  488978695     0.8265     2.0912     4.7187     0.0061     0.0215     0.0000     0.0000     0.2213    10.0023    35.3911    27.2571    5.31906    231.383 0.0000e+00
    685.000    10.0846   3.885938     2.0776     0.0222 181.475644   49.07136  -16.26400 1.0000e-12    35.3905    10.0023    99.8789    678.068  488978696     0.7704     2.0883     4.7181     0.0061     0.0193     0.0000     0.0000     0.2214    10.0023    35.3916    27.2575    5.31130    231.045 0.0000e+00
    686.000    10.0846   3.886017     2.0751     0.0217 181.475652   49.07136  -16.26400 1.0000e-12    35.3910    10.0022    99.8838    679.060  488978696     0.7647     2.0846     4.7183     0.0061     0.0193     0.0000     0.0000     0.2214    10.0022    35.3919    27.2578    5.31062    231.016 0.0000e+00
    687.000    10.0827   3.885851     2.0726     0.0230 181.475664   49.07136  -16.26400 1.0000e-12    35.3909    10.0002    99.8858    680.049  488978697     0.7808     2.0796     4.7184     0.0061     0.0225     0.0000     0.0000     0.2213    10.0002    35.3917    27.2579    5.31226    231.087 0.0000e+00
    688.000    10.0829   3.885924     2.0702     0.0214 181.475683   49.07136  -16.26400 1.0000e-12    35.3911    10.0003    99.8876    681.020  488978699     0.7602     2.0731     4.7185     0.0061     0.0198     0.0000     0.0000     0.2215    10.0003    35.3917    27.2579    5.30824    230.912 0.0000e+00
    689.000    10.0843   3.886130     2.0693     0.0233 181.475695   49.07134  -16.26400 1.0000e-12    35.3915    10.0016    99.8931    682.011  488978700     0.7841     2.0708     4.7188     0.0061     0.0242     0.0000     0.0000     0.2213    10.0016    35.3921    27.2580    5.30754    230.882 0.0000e+00
    690.000    10.0853   3.886294     2.0682     0.0244 181.475704   49.07134  -16.26402 1.0000e-12    35.3918    10.0024    99.8817    682.999  488978701     0.7980     2.0699     4.7182     0.0061     0.0222     0.0000     0.0000     0.2214    10.0025    35.3923    27.2580    5.29931    230.523 0.0000e+00
    691.000    10.0951   3.887626     2.0669     0.0241 181.475712   49.07134  -16.26402 1.0000e-12    35.3951    10.0121    99.8506    683.996  488978701     0.7937     2.0684     4.7167     0.0061     0.0214     0.0000     0.0000     0.2213    10.0121    35.3959    27.2591    5.28993    230.114 0.0000e+00
    692.000    10.1055   3.888961     2.0649     0.0240 181.475720   49.07134  -16.26402 1.0000e-12    35.3979    10.0223    99.8523    684.995  488978702     0.7928     2.0682     4.7168     0.0061     0.0222     0.0000     0.0000     0.2214    10.0223    35.3989    27.2597    5.28016    229.689 0.0000e+00
    693.000    10.1073   3.889268     2.0615     0.0233 181.475734   49.07134  -16.26402 1.0000e-12    35.3990    10.0239    99.8923    685.977  488978703     0.7840     2.0666     4.7187     0.0061     0.0232     0.0000     0.0000     0.2214    10.0239    35.3999    27.2602    5.26773    229.148 0.0000e+00
    694.000    10.1015   3.888653     2.0571     0.0185 181.475755   49.07134  -16.26401 1.0000e-12    35.3983    10.0180    99.8751    686.951  488978705     0.7228     2.0621     4.7179     0.0061     0.0220     0.0000     0.0000     0.2213    10.0180    35.3988    27.2604    5.26228    228.911 0.0000e+00
    695.000    10.0939   3.887832     2.0552     0.0147 181.475769   49.07134  -16.26400 1.0000e-12    35.3971    10.0104    99.8928    687.938  488978706     0.6661     2.0584     4.7188     0.0061     0.0330     0.0000     0.0000     0.2213    10.0104    35.3974    27.2606    5.25522    228.604 0.0000e+00
    696.000    10.0744   3.885604     2.0532     0.0111 181.475779   49.07134  -16.26400 1.0000e-12    35.3935     9.9909    99.8752    688.921  488978707     0.6064     2.0564     4.7179     0.0061     0.0231     0.0000     0.0000     0.2214     9.9908    35.3932    27.2607    5.25368    228.539 0.0000e+00
    697.000    10.0510   3.883013     2.0527     0.0107 181.475786   49.07134  -16.26400 1.0000e-12    35.3902     9.9674    99.8510    689.916  488978708     0.5997     2.0556     4.7168     0.0061     0.0242     0.0000     0.0000     0.2216     9.9674    35.3892    27.2616    5.26346    228.965 0.0000e+00
    698.000    10.0384   3.881620     2.0527     0.0148 181.475793   49.07134  -16.26400 1.0000e-12    35.3880     9.9548    99.8736    690.909  488978708     0.6675     2.0546     4.7178     0.0061     0.0236     0.0000     0.0000     0.2215     9.9548    35.3868    27.2619    5.26930    229.220 0.0000e+00
    699.000    10.0331   3.881084     2.0527     0.0203 181.475799   49.07134  -16.26400 1.0000e-12    35.3872     9.9494    99.8849    691.904  488978709     0.7473     2.0538     4.7184     0.0061     0.0183     0.0000     0.0000     0.2215     9.9494    35.3860    27.2623    5.27074    229.283 0.0000e+00
    700.000    10.0350   3.881319     2.0527     0.0208 181.475806   49.07134  -16.26400 1.0000e-12    35.3872     9.9512    99.8963    692.898  488978710     0.7533     2.0520     4.7189     0.0061     0.0249     0.0000     0.0000     0.2216     9.9512    35.3861    27.2620    5.26867    229.193 0.0000e+00
    701.000    10.0354   3.881431     2.0522     0.0179 181.475815   49.07134  -16.26401 1.0000e-12    35.3874     9.9514    99.8849    693.890  488978710     0.7140     2.0513     4.7184     0.0061     0.0272     0.0000     0.0000     0.2215     9.9514    35.3864    27.2622    5.26322    228.956 0.0000e+00
    702.000    10.0388   3.881938     2.0507     0.0148 181.475829   49.07134  -16.26402 1.0000e-12    35.3886     9.9547    99.8639    694.870  488978711     0.6667     2.0513     4.7174     0.0061     0.0222     0.0000     0.0000     0.2214     9.9547    35.3878    27.2628    5.25567    228.627 0.0000e+00
    703.000    10.0373   3.881815     2.0477     0.0217 181.475849   49.07132  -16.26402 1.0000e-12    35.3882     9.9531    99.8916    695.846  488978713     0.7649     2.0503     4.7187     0.0061     0.0215     0.0000     0.0000     0.2214     9.9531    35.3876    27.2628    5.24202    228.034 0.0000e+00
    704.000    10.0285   3.880839     2.0455     0.0227 181.475862   49.07132  -16.26402 1.0000e-12    35.3866     9.9442    99.9007    696.833  488978714     0.7768     2.0488     4.7192     0.0061     0.0234     0.0000     0.0000     0.2213     9.9442    35.3858    27.2629    5.23892    227.899 0.0000e+00
    705.000     9.9918   3.876628     2.0443     0.0196 181.475872   49.07132  -16.26402 1.0000e-12    35.3798     9.9076    99.8963    697.827  488978715     0.7380     2.0472     4.7189     0.0061     0.0279     0.0000     0.0000     0.2215     9.9076    35.3781    27.2632    5.24934    228.355 0.0000e+00
    706.000     9.9623   3.873248     2.0450     0.0172 181.475882   49.07132  -16.26402 1.0000e-12    35.3743     9.8781    99.8806    698.820  488978716     0.7051     2.0455     4.7181     0.0061     0.0233     0.0000     0.0000     0.2216     9.8781    35.3719    27.2635    5.26759    229.151 0.0000e+00
    707.000     9.9469   3.871498     2.0469     0.0200 181.475894   49.07134  -16.26402 1.0000e-12    35.3710     9.8626    99.8974    699.811  488978717     0.7435     2.0438     4.7190     0.0061     0.0196     0.0000     0.0000     0.2215     9.8626    35.3687    27.2636    5.28190    229.774 0.0000e+00
    708.000     9.9468   3.871577     2.0491     0.0233 181.475908   49.07133  -16.26401 1.0000e-12    35.3711     9.8624    99.8863    700.789  488978718     0.7855     2.0433     4.7184     0.0061     0.0246     0.0000     0.0000     0.2215     9.8624    35.3691    27.2639    5.27700    229.561 0.0000e+00
    709.000     9.9737   3.874871     2.0476     0.0222 181.475922   49.07132  -16.26400 1.0000e-12    35.3770     9.8891    99.8985    701.776  488978720     0.7716     2.0454     4.7191     0.0061     0.0256     0.0000     0.0000     0.2213     9.8891    35.3760    27.2648    5.25227    228.483 0.0000e+00
    710.000     9.9566   3.872858     2.0455     0.0294 181.475932   49.07132  -16.26400 1.0000e-12    35.3732     9.8719    99.8855    702.761  488978720     0.8517     2.0473     4.7184     0.0061     0.0268     0.0000     0.0000     0.2215     9.8719    35.3718    27.2644    5.24980    228.377 0.0000e+00
    711.000     9.9155   3.868217     2.0442     0.0332 181.475940   49.07132  -16.26400 1.0000e-12    35.3661     9.8309    99.8755    703.755  488978721     0.8892     2.0477     4.7179     0.0061     0.0254     0.0000     0.0000     0.2214     9.8309    35.3640    27.2653    5.25823    228.746 0.0000e+00
    712.000     9.9005   3.866562     2.0441     0.0266 181.475948   49.07132  -16.26400 1.0000e-12    35.3638     9.8159    99.8757    704.746  488978722     0.8225     2.0468     4.7179     0.0061     0.0225     0.0000     0.0000     0.2215     9.8159    35.3612    27.2657    5.26844    229.191 0.0000e+00
    713.000     9.8758   3.863786     2.0446     0.0249 181.475956   49.07132  -16.26400 1.0000e-12    35.3593     9.7911    99.8607    705.734  488978723     0.8029     2.0448     4.7172     0.0061     0.0249     0.0000     0.0000     0.2212     9.7912    35.3565    27.2662    5.28088    229.734 0.0000e+00
    714.000     9.8443   3.860210     2.0457     0.0244 181.475965   49.07132  -16.26400 1.0000e-12    35.3538     9.7598    99.8683    706.723  488978723     0.7970     2.0435     4.7176     0.0061     0.0218     0.0000     0.0000     0.2215     9.7597    35.3501    27.2665    5.29429    230.320 0.0000e+00
    715.000     9.8294   3.858499     2.0474     0.0278 181.475973   49.07132  -16.26400 1.0000e-12    35.3503     9.7448    99.8921    707.709  488978724     0.8351     2.0427     4.7187     0.0061     0.0237     0.0000     0.0000     0.2216     9.7448    35.3467    27.2664    5.30396    230.741 0.0000e+00
    716.000     9.8093   3.856299     2.0487     0.0259 181.475982   49.07132  -16.26402 1.0000e-12    35.3471     9.7247    99.8829    708.700  488978725     0.8144     2.0427     4.7183     0.0061     0.0235     0.0000     0.0000     0.2218     9.7247    35.3433    27.2672    5.31046    231.025 0.0000e+00
    717.000     9.8105   3.856436     2.0501     0.0230 181.475991   49.07131  -16.26402 1.0000e-12    35.3464     9.7258    99.8929    709.698  488978726     0.7812     2.0441     4.7188     0.0061     0.0221     0.0000     0.0000     0.2217     9.7258    35.3431    27.2668    5.31039    231.022 0.0000e+00
    718.000     9.8051   3.855936     2.0505     0.0233 181.476010   49.07132  -16.26402 1.0000e-12    35.3455     9.7203    99.8858    710.677  488978727     0.7837     2.0472     4.7184     0.0061     0.0212     0.0000     0.0000     0.2215     9.7203    35.3428    27.2675    5.30592    230.828 0.0000e+00
    719.000     9.8074   3.856223     2.0503     0.0200 181.476036   49.07132  -16.26402 1.0000e-12    35.3450     9.7224    99.9015    711.656  488978730     0.7433     2.0491     4.7192     0.0061     0.0222     0.0000     0.0000     0.2215     9.7224    35.3431    27.2674    5.30313    230.706 0.0000e+00
    720.000     9.8052   3.856063     2.0492     0.0238 181.476049   49.07132  -16.26401 1.0000e-12    35.3448     9.7201    99.8994    712.643  488978731     0.7900     2.0490     4.7191     0.0061     0.0258     0.0000     0.0000     0.2213     9.7201    35.3431    27.2678    5.29382    230.301 0.0000e+00
    721.000     9.8000   3.855550     2.0482     0.0252 181.476060   49.07132  -16.26400 1.0000e-12    35.3441     9.7148    99.9016    713.634  488978731     0.8060     2.0488     4.7192     0.0061     0.0275     0.0000     0.0000     0.2215     9.7148    35.3425    27.2682    5.29205    230.225 0.0000e+00
    722.000     9.8008   3.855759     2.0472     0.0224 181.476068   49.07132  -16.26400 1.0000e-12    35.3449     9.7155    99.9046    714.616  488978732     0.7736     2.0488     4.7193     0.0061     0.0234     0.0000     0.0000     0.2214     9.7155    35.3434    27.2688    5.28720    230.014 0.0000e+00
    723.000     9.8100   3.856906     2.0462     0.0181 181.476075   49.07130  -16.26400 1.0000e-12    35.3468     9.7245    99.8833    715.608  488978733     0.7178     2.0480     4.7183     0.0061     0.0161     0.0000     0.0000     0.2214     9.7245    35.3457    27.2691    5.27963    229.683 0.0000e+00
    724.000     9.8250   3.858769     2.0451     0.0165 181.476082   49.07130  -16.26400 1.0000e-12    35.3504     9.7392    99.8896    716.595  488978733     0.6948     2.0472     4.7186     0.0061     0.0193     0.0000     0.0000     0.2213     9.7392    35.3498    27.2698    5.27094    229.304 0.0000e+00
    725.000     9.8293   3.859277     2.0432     0.0180 181.476088   49.07130  -16.26400 1.0000e-12    35.3508     9.7434    99.9017    717.591  488978734     0.7158     2.0467     4.7192     0.0061     0.0211     0.0000     0.0000     0.2213     9.7434    35.3503    27.2695    5.26236    228.931 0.0000e+00
    726.000     9.8290   3.859314     2.0422     0.0223 181.476094   49.07130  -16.26400 1.0000e-12    35.3509     9.7430    99.8995    718.587  488978734     0.7733     2.0461     4.7191     0.0061     0.0158     0.0000     0.0000     0.2214     9.7430    35.3505    27.2697    5.26233    228.929 0.0000e+00
    727.000     9.8283   3.859234     2.0405     0.0235 181.476101   49.07130  -16.26400 1.0000e-12    35.3505     9.7422    99.8999    719.582  488978735     0.7874     2.0454     4.7191     0.0061     0.0199     0.0000     0.0000     0.2214     9.7422    35.3499    27.2694    5.26503    229.047 0.0000e+00
    728.000     9.8078   3.856945     2.0405     0.0228 181.476113   49.07130  -16.26402 1.0000e-12    35.3469     9.7216    99.8624    720.569  488978736     0.7784     2.0429     4.7173     0.0061     0.0213     0.0000     0.0000     0.2215     9.7217    35.3461    27.2699    5.27646    229.546 0.0000e+00
