Data/ruptures/DY032/PAP/d20150624_DY032_CTD01.cnv
* Sea-Bird SBE 9 Data File:
* FileName = C:\CTD\DY032\20150624_DY032_CTD01.hdr
* Software Version Seasave V 7.23.2
* Temperature SN = 2112
* Conductivity SN = 3159
* Number of Bytes Per Scan = 35
* Number of Voltage Words = 4
* Number of Scans Averaged by the Deck Unit = 1
* NMEA Latitude = 49 01.67 N
* NMEA Longitude = 016 24.88 W
* NMEA UTC (Time) = Jun 24 2015 00:31:13
** Ship:
** Station:
** Operator:
# nquan = 28
# nvalues = 1005                        
# units = specified
# name 0 = prDM: Pressure, Digiquartz [db]
# name 1 = t090C: Temperature [ITS-90, deg C]
# name 2 = c0S/m: Conductivity [S/m]
# name 3 = sbeox0V: Oxygen raw, SBE 43 [V]
# name 4 = flC: Fluorescence, Chelsea Aqua 3 Chl Con [ug/l]
# name 5 = timeJ: Julian Days
# name 6 = latitude: Latitude [deg]
# name 7 = longitude: Longitude [deg]
# name 8 = par: PAR/Irradiance, Biospherical/Licor
# name 9 = sal00: Salinity, Practical [PSU]
# name 10 = potemp090C: Potential Temperature [ITS-90, deg C]
# name 11 = CStarTr0: Beam Transmission, WET Labs C-Star [%]
# name 12 = depSM: Depth [salt water, m]
# name 13 = timeQ: Time, NMEA [seconds]
# name 14 = v0: Voltage 0
# name 15 = v1: Voltage 1
# name 16 = v2: Voltage 2
# name 17 = v3: Voltage 3
# name 18 = v4: Voltage 4
# name 19 = v5: Voltage 5
# name 20 = v6: Voltage 6
# name 21 = v7: Voltage 7
# name 22 = potemp090C: Potential Temperature [ITS-90, deg C]
# name 23 = sal00: Salinity, Practical [PSU]
# name 24 = sigma-é00: Density [sigma-theta, kg/m^3]
# name 25 = sbeox0ML/L: Oxygen, SBE 43 [ml/l], WS = 2
# name 26 = sbeox0Mm/Kg: Oxygen, SBE 43 [umol/kg], WS = 2
# name 27 = flag: flag
# span 0 =      1.000,   1005.000       
# span 1 =     7.5902,    15.3783       
# span 2 =   3.637353,   4.388068       
# span 3 =     1.6891,     2.6879       
# span 4 =     0.0109,     1.7392       
# span 5 = 175.027180, 175.044962       
# span 6 =   49.02764,   49.02784       
# span 7 =  -16.41726,  -16.41466       
# span 8 = 1.0000e-12, 1.0000e-12       
# span 9 =    35.1150,    35.5445       
# span 10 =     7.4874,    15.3772      
# span 11 =    84.8509,    99.9704      
# span 12 =      0.981,    994.073      
# span 13 =  488421548,  488423084      
# span 14 =     0.6033,     2.4684      
# span 15 =     1.6893,     2.6877      
# span 16 =     4.0082,     4.7224      
# span 17 =     0.0000,     0.0000      
# span 18 =     0.0160,     0.2434      
# span 19 =     0.0000,     0.0000      
# span 20 =     0.0000,     0.0000      
# span 21 =     0.0000,     0.0000      
# span 22 =     7.4874,    15.3772      
# span 23 =    35.1114,    35.5449      
# span 24 =    26.2984,    27.5097      
# span 25 =    4.25578,    6.18732      
# span 26 =    185.174,    269.032      
# span 27 = 0.0000e+00, 0.0000e+00      
# interval = decibars: 1                
# start_time = Jun 24 2015 00:38:02 [NMEA time, first data scan]
# bad_flag = -9.990e-29
*END*
[from data line 674]
    675.000    10.5789   3.941763     2.1493     0.0225 175.040193   49.02770  -16.41638 1.0000e-12    35.4821    10.4954    99.8721    668.192  488422672     0.7745     2.1492     4.7177     0.0000     0.0234     0.0000     0.0000     0.0000    10.4954    35.4814    27.2414    5.51071    239.689 0.0000e+00
    676.000    10.5796   3.941870     2.1489     0.0161 175.040219   49.02770  -16.41639 1.0000e-12    35.4819    10.4960    99.8842    669.167  488422675     0.6878     2.1477     4.7183     0.0000     0.0208     0.0000     0.0000     0.0000    10.4960    35.4814    27.2413    5.50720    239.537 0.0000e+00
    677.000    10.5744   3.941286     2.1477     0.0167 175.040237   49.02770  -16.41638 1.0000e-12    35.4806    10.4907    99.8754    670.156  488422676     0.6969     2.1477     4.7179     0.0000     0.0319     0.0000     0.0000     0.0000    10.4907    35.4801    27.2412    5.50255    239.335 0.0000e+00
    678.000    10.5552   3.939165     2.1467     0.0179 175.040248   49.02770  -16.41638 1.0000e-12    35.4778    10.4714    99.8757    671.142  488422677     0.7145     2.1473     4.7179     0.0000     0.0230     0.0000     0.0000     0.0000    10.4714    35.4769    27.2421    5.49995    239.223 0.0000e+00
    679.000    10.5547   3.939172     2.1455     0.0190 175.040258   49.02770  -16.41638 1.0000e-12    35.4778    10.4708    99.8542    672.138  488422678     0.7303     2.1465     4.7169     0.0000     0.0166     0.0000     0.0000     0.0000    10.4709    35.4769    27.2423    5.48864    238.731 0.0000e+00
    680.000    10.5594   3.939840     2.1426     0.0189 175.040267   49.02770  -16.41638 1.0000e-12    35.4794    10.4754    99.8687    673.125  488422679     0.7284     2.1460     4.7176     0.0000     0.0197     0.0000     0.0000     0.0000    10.4754    35.4787    27.2428    5.46815    237.839 0.0000e+00
    681.000    10.5478   3.938611     2.1390     0.0160 175.040277   49.02770  -16.41639 1.0000e-12    35.4780    10.4637    99.8708    674.119  488422680     0.6870     2.1451     4.7177     0.0000     0.0192     0.0000     0.0000     0.0000    10.4637    35.4771    27.2437    5.45757    237.380 0.0000e+00
    682.000    10.5359   3.937292     2.1352     0.0184 175.040288   49.02770  -16.41640 1.0000e-12    35.4759    10.4518    99.8551    675.104  488422681     0.7213     2.1436     4.7169     0.0000     0.0190     0.0000     0.0000     0.0000    10.4518    35.4749    27.2441    5.45244    237.157 0.0000e+00
    683.000    10.5306   3.936702     2.1322     0.0172 175.040301   49.02770  -16.41640 1.0000e-12    35.4748    10.4463    99.8674    676.097  488422682     0.7044     2.1392     4.7175     0.0000     0.0235     0.0000     0.0000     0.0000    10.4463    35.4737    27.2441    5.45087    237.089 0.0000e+00
    684.000    10.5314   3.936862     2.1301     0.0173 175.040324   49.02770  -16.41641 1.0000e-12    35.4748    10.4470    99.8646    677.079  488422684     0.7061     2.1322     4.7174     0.0000     0.0215     0.0000     0.0000     0.0000    10.4470    35.4741    27.2442    5.45590    237.308 0.0000e+00
    685.000    10.5411   3.937950     2.1291     0.0177 175.040349   49.02770  -16.41640 1.0000e-12    35.4756    10.4565    99.8532    678.059  488422686     0.7108     2.1282     4.7169     0.0000     0.0216     0.0000     0.0000     0.0000    10.4565    35.4752    27.2435    5.44962    237.034 0.0000e+00
    686.000    10.5262   3.936404     2.1285     0.0145 175.040361   49.02770  -16.41640 1.0000e-12    35.4743    10.4415    99.8555    679.050  488422687     0.6645     2.1284     4.7170     0.0000     0.0205     0.0000     0.0000     0.0000    10.4415    35.4736    27.2449    5.45782    237.391 0.0000e+00
    687.000    10.5282   3.936791     2.1294     0.0158 175.040371   49.02770  -16.41640 1.0000e-12    35.4757    10.4435    99.8719    680.041  488422688     0.6841     2.1281     4.7177     0.0000     0.0181     0.0000     0.0000     0.0000    10.4434    35.4751    27.2457    5.46940    237.895 0.0000e+00
    688.000    10.5245   3.936403     2.1309     0.0160 175.040380   49.02770  -16.41640 1.0000e-12    35.4749    10.4396    99.8685    681.029  488422689     0.6874     2.1272     4.7176     0.0000     0.0233     0.0000     0.0000     0.0000    10.4397    35.4743    27.2458    5.48092    238.396 0.0000e+00
    689.000    10.5234   3.936312     2.1329     0.0147 175.040389   49.02770  -16.41641 1.0000e-12    35.4746    10.4384    99.8729    682.022  488422689     0.6674     2.1270     4.7178     0.0000     0.0207     0.0000     0.0000     0.0000    10.4385    35.4740    27.2457    5.48650    238.639 0.0000e+00
    690.000    10.5186   3.935761     2.1342     0.0169 175.040399   49.02770  -16.41642 1.0000e-12    35.4734    10.4335    99.8756    683.018  488422690     0.6997     2.1276     4.7179     0.0000     0.0230     0.0000     0.0000     0.0000    10.4335    35.4727    27.2456    5.49095    238.833 0.0000e+00
    691.000    10.5038   3.934078     2.1369     0.0181 175.040414   49.02770  -16.41642 1.0000e-12    35.4705    10.4187    99.8635    684.003  488422691     0.7175     2.1303     4.7173     0.0000     0.0227     0.0000     0.0000     0.0000    10.4187    35.4696    27.2458    5.50177    239.304 0.0000e+00
    692.000    10.5120   3.935088     2.1379     0.0161 175.040441   49.02770  -16.41642 1.0000e-12    35.4719    10.4267    99.8622    684.977  488422694     0.6892     2.1350     4.7173     0.0000     0.0160     0.0000     0.0000     0.0000    10.4267    35.4715    27.2458    5.48708    238.665 0.0000e+00
    693.000    10.5082   3.934777     2.1362     0.0177 175.040456   49.02770  -16.41642 1.0000e-12    35.4720    10.4228    99.8782    685.967  488422695     0.7113     2.1369     4.7180     0.0000     0.0214     0.0000     0.0000     0.0000    10.4228    35.4715    27.2465    5.48220    238.453 0.0000e+00
    694.000    10.5080   3.934940     2.1354     0.0154 175.040467   49.02770  -16.41642 1.0000e-12    35.4733    10.4225    99.8757    686.963  488422696     0.6782     2.1360     4.7179     0.0000     0.0200     0.0000     0.0000     0.0000    10.4224    35.4729    27.2477    5.47877    238.303 0.0000e+00
    695.000    10.5067   3.934851     2.1339     0.0151 175.040479   49.02770  -16.41642 1.0000e-12    35.4732    10.4211    99.8636    687.952  488422697     0.6737     2.1351     4.7173     0.0000     0.0246     0.0000     0.0000     0.0000    10.4211    35.4728    27.2479    5.47496    238.138 0.0000e+00
    696.000    10.5026   3.934442     2.1326     0.0155 175.040494   49.02770  -16.41643 1.0000e-12    35.4727    10.4168    99.8671    688.938  488422698     0.6792     2.1340     4.7175     0.0000     0.0201     0.0000     0.0000     0.0000    10.4168    35.4723    27.2482    5.47099    237.966 0.0000e+00
    697.000    10.5008   3.934338     2.1308     0.0184 175.040507   49.02770  -16.41644 1.0000e-12    35.4729    10.4149    99.8586    689.922  488422700     0.7217     2.1323     4.7171     0.0000     0.0183     0.0000     0.0000     0.0000    10.4149    35.4725    27.2487    5.46436    237.677 0.0000e+00
    698.000    10.4996   3.934239     2.1292     0.0145 175.040519   49.02770  -16.41644 1.0000e-12    35.4727    10.4136    99.8712    690.911  488422701     0.6642     2.1314     4.7177     0.0000     0.0223     0.0000     0.0000     0.0000    10.4136    35.4722    27.2487    5.46034    237.502 0.0000e+00
    699.000    10.4875   3.932856     2.1281     0.0151 175.040530   49.02770  -16.41644 1.0000e-12    35.4702    10.4014    99.8757    691.905  488422701     0.6741     2.1299     4.7179     0.0000     0.0242     0.0000     0.0000     0.0000    10.4014    35.4696    27.2488    5.45757    237.383 0.0000e+00
    700.000    10.4609   3.929835     2.1255     0.0146 175.040542   49.02770  -16.41644 1.0000e-12    35.4657    10.3748    99.8706    692.895  488422703     0.6649     2.1284     4.7177     0.0000     0.0231     0.0000     0.0000     0.0000    10.3748    35.4645    27.2495    5.44431    236.808 0.0000e+00
    701.000    10.4417   3.927728     2.1210     0.0140 175.040558   49.02770  -16.41644 1.0000e-12    35.4627    10.3556    99.8516    693.880  488422704     0.6567     2.1264     4.7168     0.0000     0.0245     0.0000     0.0000     0.0000    10.3556    35.4613    27.2504    5.43324    236.327 0.0000e+00
    702.000    10.4465   3.928261     2.1177     0.0152 175.040577   49.02770  -16.41646 1.0000e-12    35.4629    10.3602    99.8753    694.864  488422706     0.6752     2.1222     4.7179     0.0000     0.0247     0.0000     0.0000     0.0000    10.3602    35.4617    27.2499    5.42891    236.139 0.0000e+00
    703.000    10.4334   3.926847     2.1148     0.0166 175.040594   49.02770  -16.41646 1.0000e-12    35.4608    10.3471    99.8599    695.853  488422707     0.6956     2.1179     4.7172     0.0000     0.0216     0.0000     0.0000     0.0000    10.3471    35.4596    27.2506    5.41902    235.709 0.0000e+00
    704.000    10.4338   3.926963     2.1125     0.0182 175.040607   49.02770  -16.41646 1.0000e-12    35.4609    10.3474    99.8550    696.837  488422708     0.7182     2.1161     4.7169     0.0000     0.0242     0.0000     0.0000     0.0000    10.3474    35.4599    27.2508    5.41570    235.565 0.0000e+00
    705.000    10.4391   3.927638     2.1115     0.0199 175.040618   49.02770  -16.41646 1.0000e-12    35.4619    10.3525    99.8707    697.831  488422709     0.7414     2.1141     4.7177     0.0000     0.0214     0.0000     0.0000     0.0000    10.3525    35.4612    27.2509    5.41787    235.659 0.0000e+00
    706.000    10.4414   3.927983     2.1111     0.0158 175.040628   49.02770  -16.41646 1.0000e-12    35.4626    10.3547    99.8687    698.820  488422710     0.6827     2.1122     4.7176     0.0000     0.0241     0.0000     0.0000     0.0000    10.3547    35.4620    27.2511    5.41828    235.676 0.0000e+00
    707.000    10.4614   3.930553     2.1106     0.0158 175.040639   49.02770  -16.41646 1.0000e-12    35.4681    10.3744    99.8736    699.812  488422711     0.6839     2.1105     4.7178     0.0000     0.0226     0.0000     0.0000     0.0000    10.3744    35.4681    27.2524    5.41320    235.454 0.0000e+00
    708.000    10.4629   3.930823     2.1095     0.0176 175.040654   49.02770  -16.41647 1.0000e-12    35.4689    10.3758    99.8630    700.800  488422712     0.7098     2.1097     4.7173     0.0000     0.0245     0.0000     0.0000     0.0000    10.3758    35.4689    27.2528    5.40814    235.234 0.0000e+00
    709.000    10.4507   3.929402     2.1078     0.0175 175.040671   49.02770  -16.41648 1.0000e-12    35.4663    10.3635    99.8609    701.780  488422714     0.7095     2.1088     4.7172     0.0000     0.0248     0.0000     0.0000     0.0000    10.3635    35.4660    27.2527    5.40235    234.982 0.0000e+00
    710.000    10.4307   3.927184     2.1050     0.0167 175.040687   49.02770  -16.41648 1.0000e-12    35.4632    10.3436    99.8505    702.771  488422715     0.6978     2.1076     4.7167     0.0000     0.0263     0.0000     0.0000     0.0000    10.3435    35.4625    27.2535    5.38934    234.418 0.0000e+00
    711.000    10.4158   3.925507     2.1034     0.0184 175.040700   49.02770  -16.41648 1.0000e-12    35.4606    10.3286    99.8488    703.756  488422716     0.7217     2.1063     4.7167     0.0000     0.0238     0.0000     0.0000     0.0000    10.3286    35.4596    27.2539    5.39452    234.644 0.0000e+00
    712.000    10.4131   3.925222     2.1017     0.0181 175.040713   49.02770  -16.41648 1.0000e-12    35.4599    10.3257    99.8498    704.748  488422717     0.7172     2.1043     4.7167     0.0000     0.0245     0.0000     0.0000     0.0000    10.3257    35.4589    27.2538    5.38546    234.250 0.0000e+00
    713.000    10.4074   3.924599     2.0997     0.0190 175.040725   49.02770  -16.41648 1.0000e-12    35.4587    10.3199    99.8498    705.738  488422718     0.7297     2.1020     4.7167     0.0000     0.0205     0.0000     0.0000     0.0000    10.3199    35.4577    27.2539    5.37921    233.978 0.0000e+00
    714.000    10.3987   3.923641     2.0977     0.0177 175.040738   49.02770  -16.41649 1.0000e-12    35.4571    10.3111    99.8544    706.724  488422719     0.7105     2.1006     4.7169     0.0000     0.0238     0.0000     0.0000     0.0000    10.3111    35.4561    27.2541    5.37710    233.887 0.0000e+00
    715.000    10.3853   3.922128     2.0961     0.0145 175.040752   49.02770  -16.41650 1.0000e-12    35.4545    10.2977    99.8632    707.710  488422721     0.6637     2.0985     4.7173     0.0000     0.0238     0.0000     0.0000     0.0000    10.2977    35.4533    27.2544    5.37366    233.739 0.0000e+00
    716.000    10.3777   3.921300     2.0941     0.0148 175.040765   49.02770  -16.41650 1.0000e-12    35.4531    10.2901    99.8622    708.697  488422722     0.6690     2.0965     4.7173     0.0000     0.0252     0.0000     0.0000     0.0000    10.2901    35.4518    27.2545    5.36859    233.518 0.0000e+00
    717.000    10.3698   3.920430     2.0930     0.0165 175.040776   49.02770  -16.41650 1.0000e-12    35.4515    10.2821    99.8733    709.692  488422723     0.6947     2.0951     4.7178     0.0000     0.0222     0.0000     0.0000     0.0000    10.2821    35.4502    27.2547    5.36962    233.564 0.0000e+00
    718.000    10.3647   3.919872     2.0919     0.0174 175.040789   49.02770  -16.41650 1.0000e-12    35.4504    10.2769    99.8756    710.682  488422724     0.7075     2.0934     4.7179     0.0000     0.0224     0.0000     0.0000     0.0000    10.2769    35.4491    27.2547    5.36761    233.476 0.0000e+00
    719.000    10.3640   3.919844     2.0898     0.0191 175.040806   49.02770  -16.41652 1.0000e-12    35.4501    10.2760    99.8729    711.662  488422725     0.7301     2.0913     4.7178     0.0000     0.0287     0.0000     0.0000     0.0000    10.2760    35.4491    27.2548    5.36156    233.213 0.0000e+00
    720.000    10.3566   3.919014     2.0892     0.0175 175.040822   49.02770  -16.41652 1.0000e-12    35.4485    10.2686    99.8874    712.648  488422727     0.7094     2.0904     4.7185     0.0000     0.0199     0.0000     0.0000     0.0000    10.2686    35.4474    27.2548    5.35765    233.044 0.0000e+00
    721.000    10.3461   3.917856     2.0867     0.0199 175.040833   49.02770  -16.41652 1.0000e-12    35.4466    10.2580    99.8606    713.638  488422728     0.7423     2.0879     4.7172     0.0000     0.0234     0.0000     0.0000     0.0000    10.2580    35.4454    27.2551    5.34478    232.485 0.0000e+00
    722.000    10.3380   3.916937     2.0849     0.0241 175.040843   49.02770  -16.41652 1.0000e-12    35.4449    10.2498    99.8659    714.629  488422729     0.7936     2.0882     4.7174     0.0000     0.0245     0.0000     0.0000     0.0000    10.2498    35.4436    27.2551    5.34197    232.363 0.0000e+00
    723.000    10.3273   3.915757     2.0828     0.0275 175.040853   49.02770  -16.41652 1.0000e-12    35.4429    10.2391    99.8744    715.622  488422729     0.8319     2.0871     4.7178     0.0000     0.0223     0.0000     0.0000     0.0000    10.2391    35.4415    27.2554    5.33843    232.210 0.0000e+00
    724.000    10.3268   3.915711     2.0808     0.0247 175.040866   49.02770  -16.41652 1.0000e-12    35.4424    10.2384    99.8810    716.609  488422731     0.8013     2.0844     4.7182     0.0000     0.0202     0.0000     0.0000     0.0000    10.2384    35.4412    27.2553    5.32709    231.716 0.0000e+00
