Data/ruptures/DY032/PAP/d20150703_DY032_CTD16.cnv
* Sea-Bird SBE 9 Data File:
* FileName = C:\CTD\DY032\20150629_DY032_CTD16.hdr
* Software Version Seasave V 7.23.2
* Temperature SN = 2112
* Conductivity SN = 3159
* Number of Bytes Per Scan = 35
* Number of Voltage Words = 4
* Number of Scans Averaged by the Deck Unit = 1
* NMEA Latitude = 48 58.73 N
* NMEA Longitude = 016 30.80 W
* NMEA UTC (Time) = Jul 03 2015 07:39:55
** Ship:
** Station:
** Operator:
# nquan = 28
# nvalues = 1000                        
# units = specified
# name 0 = prDM: Pressure, Digiquartz [db]
# name 1 = t090C: Temperature [ITS-90, deg C]
# name 2 = c0S/m: Conductivity [S/m]
# name 3 = sbeox0V: Oxygen raw, SBE 43 [V]
# name 4 = flC: Fluorescence, Chelsea Aqua 3 Chl Con [ug/l]
# name 5 = timeJ: Julian Days
# name 6 = latitude: Latitude [deg]
# name 7 = longitude: Longitude [deg]
# name 8 = par: PAR/Irradiance, Biospherical/Licor
# name 9 = sal00: Salinity, Practical [PSU]
# name 10 = potemp090C: Potential Temperature [ITS-90, deg C]
# name 11 = CStarTr0: Beam Transmission, WET Labs C-Star [%]
# name 12 = depSM: Depth [salt water, m]
# name 13 = timeQ: Time, NMEA [seconds]
# name 14 = v0: Voltage 0
# name 15 = v1: Voltage 1
# name 16 = v2: Voltage 2
# name 17 = v3: Voltage 3
# name 18 = v4: Voltage 4
# name 19 = v5: Voltage 5
# name 20 = v6: Voltage 6
# name 21 = v7: Voltage 7
# name 22 = potemp090C: Potential Temperature [ITS-90, deg C]
# name 23 = sal00: Salinity, Practical [PSU]
# name 24 = sigma-é00: Density [sigma-theta, kg/m^3]
# name 25 = sbeox0ML/L: Oxygen, SBE 43 [ml/l], WS = 2
# name 26 = sbeox0Mm/Kg: Oxygen, SBE 43 [umol/kg], WS = 2
# name 27 = flag: flag
# span 0 =      6.000,   1005.000       
# span 1 =     8.7317,    15.3547       
# span 2 =   3.769042,   4.380262       
# span 3 =     1.6645,     2.5191       
# span 4 =     0.0090,     1.2887       
# span 5 = 184.322965, 184.344461       
# span 6 =   48.97823,   48.97886       
# span 7 =  -16.51340,  -16.51264       
# span 8 = 1.0000e-12, 4.4026e+01       
# span 9 =    35.3306,    35.5788       
# span 10 =     8.6189,    15.3536      
# span 11 =    90.6959,    99.9009      
# span 12 =      5.912,    994.102      
# span 13 =  489224705,  489226562      
# span 14 =     0.5667,     2.3392      
# span 15 =     1.6631,     2.5215      
# span 16 =     4.2843,     4.7192      
# span 17 =     0.0061,     2.9457      
# span 18 =     0.0134,     0.2776      
# span 19 =    -0.0467,     0.7549      
# span 20 =    -0.0003,     1.0267      
# span 21 =    -0.0032,     0.0472      
# span 22 =     8.6189,    15.3536      
# span 23 =    35.3295,    35.5789      
# span 24 =    26.2656,    27.4676      
# span 25 =    4.22436,    5.71063      
# span 26 =    183.802,    248.321      
# span 27 = 0.0000e+00, 0.0000e+00      
# interval = decibars: 1                
# start_time = Jul 03 2015 07:45:04 [NMEA time, first data scan]
# bad_flag = -9.990e-29
*END*
[from data line 881]
    887.000     9.4274   3.826677     1.7997     0.0196 184.341897   48.97846  -16.51292 1.0000e-12    35.3365     9.3241    99.8771    877.602  489226340     0.7380     1.7973     4.7180     0.0061     0.0220     0.4587     0.0025     0.0000     9.3241    35.3357    27.3282    4.57469    199.028 0.0000e+00
    888.000     9.4321   3.827344     1.7991     0.0190 184.341914   48.97846  -16.51292 1.0000e-12    35.3381     9.3286    99.8757    878.586  489226342     0.7290     1.7984     4.7179     0.0061     0.0286     0.2798     0.0012     0.0000     9.3286    35.3376    27.3289    4.56853    198.759 0.0000e+00
    889.000     9.4352   3.827784     1.7983     0.0197 184.341928   48.97846  -16.51292 1.0000e-12    35.3389     9.3316    99.8739    879.577  489226343     0.7387     1.7985     4.7178     0.0061     0.0244     0.3002     0.0012     0.0000     9.3316    35.3386    27.3292    4.56711    198.697 0.0000e+00
    890.000     9.4512   3.829844     1.7992     0.0183 184.341942   48.97846  -16.51292 1.0000e-12    35.3435     9.3474    99.8748    880.565  489226344     0.7204     1.7979     4.7179     0.0061     0.0263     0.5917     0.0000     0.0000     9.3474    35.3437    27.3306    4.58072    199.289 0.0000e+00
    891.000     9.4645   3.831672     1.7997     0.0188 184.341955   48.97846  -16.51292 1.0000e-12    35.3487     9.3604    99.8757    881.549  489226345     0.7266     1.7972     4.7179     0.0061     0.0271     0.3489     0.0009     0.0000     9.3605    35.3491    27.3327    4.57401    198.995 0.0000e+00
    892.000     9.4663   3.832075     1.7997     0.0225 184.341968   48.97846  -16.51292 1.0000e-12    35.3506     9.3621    99.8757    882.540  489226346     0.7744     1.7977     4.7179     0.0061     0.0281     0.3229     0.0000     0.0000     9.3621    35.3511    27.3340    4.57221    198.916 0.0000e+00
    893.000     9.4638   3.831900     1.7992     0.0191 184.341982   48.97845  -16.51292 1.0000e-12    35.3510     9.3595    99.8749    883.530  489226347     0.7301     1.7985     4.7179     0.0061     0.0264     0.2661     0.0000     0.0000     9.3595    35.3513    27.3346    4.56773    198.722 0.0000e+00
    894.000     9.4591   3.831416     1.7981     0.0202 184.342009   48.97844  -16.51292 1.0000e-12    35.3504     9.3547    99.8680    884.513  489226350     0.7446     1.7980     4.7175     0.0061     0.0246     0.3386     0.0000     0.0000     9.3547    35.3505    27.3347    4.56468    198.589 0.0000e+00
    895.000     9.4452   3.830047     1.7954     0.0215 184.342036   48.97846  -16.51292 1.0000e-12    35.3498     9.3408    99.8600    885.489  489226352     0.7627     1.7973     4.7172     0.0061     0.0240     0.6145     0.0000     0.0000     9.3408    35.3495    27.3362    4.54900    197.908 0.0000e+00
    896.000     9.4383   3.829523     1.7937     0.0198 184.342047   48.97846  -16.51292 1.0000e-12    35.3509     9.3338    99.8760    886.479  489226353     0.7401     1.7968     4.7179     0.0061     0.0251    -0.0086     0.0000     0.0000     9.3338    35.3504    27.3381    4.54198    197.602 0.0000e+00
    897.000     9.4342   3.829241     1.7923     0.0201 184.342055   48.97846  -16.51292 1.0000e-12    35.3516     9.3296    99.8757    887.468  489226354     0.7445     1.7954     4.7179     0.0061     0.0233     0.5795     0.0000     0.0000     9.3296    35.3511    27.3393    4.53998    197.516 0.0000e+00
    898.000     9.4283   3.828851     1.7913     0.0197 184.342062   48.97845  -16.51291 1.0000e-12    35.3529     9.3237    99.8725    888.464  489226354     0.7386     1.7948     4.7178     0.0061     0.0213     0.5411     0.0000     0.0000     9.3237    35.3523    27.3413    4.53825    197.440 0.0000e+00
    899.000     9.4179   3.827975     1.7900     0.0195 184.342070   48.97844  -16.51290 1.0000e-12    35.3539     9.3132    99.8726    889.460  489226355     0.7364     1.7934     4.7178     0.0061     0.0249     0.0257     0.0000     0.0000     9.3132    35.3530    27.3436    4.53656    197.367 0.0000e+00
    900.000     9.4164   3.827812     1.7889     0.0194 184.342086   48.97844  -16.51290 1.0000e-12    35.3531     9.3116    99.8734    890.445  489226357     0.7348     1.7909     4.7178     0.0061     0.0257     0.3628     0.0000     0.0000     9.3116    35.3524    27.3433    4.53988    197.511 0.0000e+00
    901.000     9.4155   3.827694     1.7867     0.0212 184.342122   48.97844  -16.51290 1.0000e-12    35.3521     9.3106    99.8745    891.419  489226360     0.7585     1.7872     4.7178     0.0061     0.0202     0.2712     0.0000     0.0000     9.3106    35.3516    27.3428    4.52586    196.902 0.0000e+00
    902.000     9.3961   3.825909     1.7832     0.0196 184.342141   48.97844  -16.51290 1.0000e-12    35.3527     9.2911    99.8742    892.408  489226361     0.7374     1.7865     4.7178     0.0061     0.0205     0.5114     0.0000     0.0000     9.2911    35.3518    27.3463    4.51135    196.271 0.0000e+00
    903.000     9.3897   3.825351     1.7807     0.0211 184.342155   48.97844  -16.51290 1.0000e-12    35.3527     9.2847    99.8768    893.393  489226362     0.7575     1.7847     4.7180     0.0061     0.0262     0.3445     0.0002     0.0000     9.2847    35.3518    27.3473    4.50313    195.913 0.0000e+00
    904.000     9.3834   3.824725     1.7784     0.0207 184.342166   48.97844  -16.51290 1.0000e-12    35.3521     9.2783    99.8819    894.385  489226363     0.7530     1.7829     4.7182     0.0061     0.0272     0.4123 -4.714e-07     0.0000     9.2783    35.3511    27.3478    4.49856    195.715 0.0000e+00
    905.000     9.3689   3.823209     1.7772     0.0226 184.342176   48.97844  -16.51290 1.0000e-12    35.3505     9.2637    99.8758    895.377  489226364     0.7758     1.7808     4.7179     0.0061     0.0256     0.3765     0.0000     0.0000     9.2637    35.3492    27.3487    4.50251    195.887 0.0000e+00
    906.000     9.3651   3.822912     1.7760     0.0256 184.342190   48.97844  -16.51290 1.0000e-12    35.3506     9.2598    99.8738    896.366  489226365     0.8114     1.7783     4.7178     0.0061     0.0266     0.2373     0.0000     0.0000     9.2598    35.3494    27.3495    4.49746    195.668 0.0000e+00
    907.000     9.3426   3.820607     1.7737     0.0260 184.342211   48.97844  -16.51290 1.0000e-12    35.3487     9.2374    99.8644    897.344  489226367     0.8153     1.7756     4.7174     0.0061     0.0312     0.4174     0.0000     0.0000     9.2374    35.3472    27.3515    4.49425    195.529 0.0000e+00
    908.000     9.3103   3.817356     1.7720     0.0242 184.342231   48.97844  -16.51290 1.0000e-12    35.3467     9.2052    99.8747    898.338  489226369     0.7952     1.7735     4.7179     0.0061     0.0251     0.3527     0.0000     0.0000     9.2052    35.3448    27.3549    4.49359    195.502 0.0000e+00
    909.000     9.3065   3.817039     1.7697     0.0245 184.342258   48.97844  -16.51290 1.0000e-12    35.3463     9.2013    99.8651    899.311  489226371     0.7986     1.7708     4.7174     0.0061     0.0285     0.4003     0.0000     0.0000     9.2013    35.3448    27.3556    4.48601    195.172 0.0000e+00
    910.000     9.3031   3.816901     1.7691     0.0257 184.342271   48.97844  -16.51290 1.0000e-12    35.3477     9.1977    99.8595    900.300  489226373     0.8124     1.7702     4.7172     0.0061     0.0314     0.4135     0.0008     0.0000     9.1977    35.3463    27.3573    4.49072    195.377 0.0000e+00
    911.000     9.2997   3.816861     1.7690     0.0242 184.342280   48.97844  -16.51290 1.0000e-12    35.3501     9.1942    99.8729    901.295  489226373     0.7948     1.7692     4.7178     0.0061     0.0260     0.4822     0.0001     0.0000     9.1942    35.3488    27.3598    4.49103    195.390 0.0000e+00
    912.000     9.3017   3.817382     1.7689     0.0283 184.342290   48.97844  -16.51288 1.0000e-12    35.3528     9.1961    99.8504    902.294  489226374     0.8408     1.7684     4.7167     0.0061     0.0241     0.1435     0.0000     0.0000     9.1962    35.3517    27.3618    4.49229    195.444 0.0000e+00
    913.000     9.3095   3.818478     1.7690     0.0267 184.342305   48.97842  -16.51288 1.0000e-12    35.3557     9.2038    99.8493    903.277  489226375     0.8232     1.7679     4.7167     0.0061     0.0265     0.3476     0.0000     0.0000     9.2038    35.3550    27.3631    4.49376    195.507 0.0000e+00
    914.000     9.3283   3.820926     1.7706     0.0263 184.342332   48.97842  -16.51288 1.0000e-12    35.3614     9.2223    99.8493    904.255  489226378     0.8182     1.7679     4.7167     0.0061     0.0210     0.4163     0.0002     0.0000     9.2223    35.3614    27.3651    4.50949    196.191 0.0000e+00
    915.000     9.3738   3.826707     1.7754     0.0224 184.342354   48.97842  -16.51288 1.0000e-12    35.3750     9.2673    99.8334    905.242  489226380     0.7736     1.7684     4.7159     0.0061     0.0282     0.2316    -0.0000     0.0000     9.2673    35.3761    27.3692    4.53011    197.084 0.0000e+00
    916.000     9.3768   3.827103     1.7784     0.0287 184.342370   48.97844  -16.51288 1.0000e-12    35.3758     9.2702    99.8170    906.227  489226381     0.8453     1.7709     4.7152     0.0061     0.0271     0.5459     0.0000     0.0000     9.2702    35.3768    27.3692    4.53244    197.185 0.0000e+00
    917.000     9.3787   3.827373     1.7797     0.0238 184.342382   48.97842  -16.51288 1.0000e-12    35.3763     9.2720    99.7977    907.214  489226382     0.7905     1.7739     4.7143     0.0061     0.0236     0.1046     0.0000     0.0000     9.2720    35.3773    27.3693    4.53699    197.383 0.0000e+00
    918.000     9.3810   3.827684     1.7813     0.0168 184.342391   48.97842  -16.51288 1.0000e-12    35.3769     9.2741    99.7824    908.206  489226383     0.6980     1.7760     4.7136     0.0061     0.0255     0.4388     0.0000     0.0000     9.2741    35.3778    27.3694    4.54071    197.545 0.0000e+00
    919.000     9.3839   3.828126     1.7819     0.0176 184.342401   48.97842  -16.51288 1.0000e-12    35.3782     9.2769    99.7748    909.196  489226384     0.7108     1.7774     4.7132     0.0061     0.0217     0.4149     0.0000     0.0000     9.2769    35.3791    27.3699    4.54106    197.560 0.0000e+00
    920.000     9.3850   3.828405     1.7829     0.0225 184.342412   48.97842  -16.51288 1.0000e-12    35.3796     9.2779    99.7890    910.186  489226385     0.7739     1.7788     4.7139     0.0061     0.0235     0.3260     0.0017     0.0000     9.2779    35.3804    27.3708    4.54363    197.671 0.0000e+00
    921.000     9.3838   3.828380     1.7837     0.0236 184.342431   48.97842  -16.51288 1.0000e-12    35.3802     9.2766    99.7753    911.173  489226386     0.7878     1.7807     4.7132     0.0061     0.0238     0.4277     0.0013     0.0000     9.2766    35.3808    27.3713    4.54388    197.682 0.0000e+00
    922.000     9.3822   3.828254     1.7838     0.0230 184.342466   48.97842  -16.51287 1.0000e-12    35.3803     9.2749    99.7754    912.147  489226389     0.7799     1.7829     4.7132     0.0061     0.0201     0.2897     0.0002     0.0000     9.2749    35.3807    27.3715    4.53714    197.389 0.0000e+00
    923.000     9.3754   3.827642     1.7821     0.0190 184.342481   48.97842  -16.51286 1.0000e-12    35.3805     9.2680    99.7692    913.137  489226391     0.7289     1.7827     4.7129     0.0061     0.0238     0.3371     0.0009     0.0000     9.2680    35.3806    27.3726    4.52727    196.960 0.0000e+00
    924.000     9.3706   3.827154     1.7810     0.0188 184.342493   48.97842  -16.51286 1.0000e-12    35.3799     9.2631    99.7688    914.129  489226392     0.7271     1.7825     4.7129     0.0061     0.0328     0.3980    -0.0000     0.0000     9.2631    35.3798    27.3728    4.52089    196.683 0.0000e+00
    925.000     9.3635   3.826426     1.7788     0.0154 184.342503   48.97841  -16.51286 1.0000e-12    35.3790     9.2559    99.7606    915.116  489226393     0.6775     1.7817     4.7125     0.0061     0.0281     0.3981     0.0000     0.0000     9.2559    35.3788    27.3732    4.51090    196.248 0.0000e+00
    926.000     9.3522   3.825276     1.7770     0.0158 184.342514   48.97840  -16.51286 1.0000e-12    35.3780     9.2446    99.7690    916.109  489226394     0.6831     1.7804     4.7129     0.0061     0.0261     0.3518     0.0004     0.0000     9.2446    35.3776    27.3741    4.51169    196.283 0.0000e+00
    927.000     9.3368   3.823646     1.7754     0.0171 184.342528   48.97840  -16.51286 1.0000e-12    35.3762     9.2291    99.7693    917.094  489226395     0.7031     1.7782     4.7130     0.0061     0.0309     0.2733     0.0023     0.0000     9.2292    35.3754    27.3749    4.50896    196.165 0.0000e+00
    928.000     9.3238   3.822293     1.7724     0.0167 184.342552   48.97840  -16.51286 1.0000e-12    35.3747     9.2161    99.7740    918.078  489226397     0.6974     1.7748     4.7132     0.0061     0.0251     0.4331     0.0083     0.0000     9.2161    35.3737    27.3757    4.49891    195.729 0.0000e+00
    929.000     9.3089   3.820687     1.7688     0.0139 184.342574   48.97840  -16.51286 1.0000e-12    35.3724     9.2012    99.7756    919.059  489226399     0.6541     1.7720     4.7133     0.0061     0.0254     0.2684     0.0124     0.0000     9.2012    35.3713    27.3763    4.48286    195.031 0.0000e+00
    930.000     9.2874   3.818436     1.7659     0.0157 184.342587   48.97840  -16.51286 1.0000e-12    35.3701     9.1798    99.7733    920.049  489226400     0.6817     1.7703     4.7131     0.0061     0.0295     0.3670     0.0078     0.0000     9.1797    35.3686    27.3777    4.47207    194.563 0.0000e+00
    931.000     9.2782   3.817488     1.7633     0.0162 184.342599   48.97840  -16.51286 1.0000e-12    35.3690     9.1705    99.7917    921.037  489226401     0.6904     1.7684     4.7140     0.0061     0.0355     0.3815     0.0153     0.0000     9.1705    35.3674    27.3783    4.46287    194.163 0.0000e+00
    932.000     9.2631   3.815897     1.7604     0.0161 184.342610   48.97840  -16.51286 1.0000e-12    35.3672     9.1553    99.7981    922.027  489226402     0.6881     1.7663     4.7143     0.0061     0.0282     0.3815     0.0103     0.0000     9.1553    35.3654    27.3791    4.45292    193.731 0.0000e+00
    933.000     9.2517   3.814729     1.7575     0.0165 184.342621   48.97840  -16.51285 1.0000e-12    35.3659     9.1439    99.7981    923.016  489226403     0.6947     1.7636     4.7143     0.0061     0.0271     0.3512     0.0032     0.0000     9.1439    35.3640    27.3799    4.45037    193.620 0.0000e+00
    934.000     9.2398   3.813502     1.7555     0.0157 184.342634   48.97840  -16.51286 1.0000e-12    35.3644     9.1320    99.8076    924.007  489226404     0.6815     1.7604     4.7147     0.0061     0.0290     0.3901     0.0053     0.0000     9.1320    35.3625    27.3807    4.45138    193.665 0.0000e+00
    935.000     9.2312   3.812580     1.7509     0.0147 184.342678   48.97840  -16.51285 1.0000e-12    35.3624     9.1234    99.8219    924.982  489226408     0.6674     1.7534     4.7154     0.0061     0.0218     0.4500     0.0025     0.0000     9.1234    35.3609    27.3809    4.42476    192.507 0.0000e+00
    936.000     9.1818   3.807367     1.7463     0.0174 184.342699   48.97840  -16.51284 1.0000e-12    35.3576     9.0741    99.8240    925.964  489226409     0.7074     1.7523     4.7155     0.0061     0.0190     0.5838     0.0014     0.0000     9.0741    35.3550    27.3843    4.40260    191.545 0.0000e+00
    937.000     9.1416   3.803442     1.7437     0.0160 184.342706   48.97840  -16.51284 1.0000e-12    35.3568     9.0341    99.8038    926.958  489226410     0.6866     1.7517     4.7146     0.0061     0.0235     0.0053     0.0000     0.0000     9.0341    35.3533    27.3894    4.39831    191.360 0.0000e+00
