Data/ruptures/DY032/PAP/d20150629_DY032_CTD09.cnv
* Sea-Bird SBE 9 Data File:
* FileName = C:\CTD\DY032\20150629_DY032_CTD09.hdr
* Software Version Seasave V 7.23.2
* Temperature SN = 2112
* Conductivity SN = 3159
* Number of Bytes Per Scan = 35
* Number of Voltage Words = 4
* Number of Scans Averaged by the Deck Unit = 1
* NMEA Latitude = 48 54.39 N
* NMEA Longitude = 016 29.40 W
* NMEA UTC (Time) = Jun 29 2015 02:57:10
** Ship:
** Station:
** Operator:
# nquan = 28
# nvalues = 1006                        
# units = specified
# name 0 = prDM: Pressure, Digiquartz [db]
# name 1 = t090C: Temperature [ITS-90, deg C]
# name 2 = c0S/m: Conductivity [S/m]
# name 3 = sbeox0V: Oxygen raw, SBE 43 [V]
# name 4 = flC: Fluorescence, Chelsea Aqua 3 Chl Con [ug/l]
# name 5 = timeJ: Julian Days
# name 6 = latitude: Latitude [deg]
# name 7 = longitude: Longitude [deg]
# name 8 = par: PAR/Irradiance, Biospherical/Licor
# name 9 = sal00: Salinity, Practical [PSU]
# name 10 = potemp090C: Potential Temperature [ITS-90, deg C]
# name 11 = CStarTr0: Beam Transmission, WET Labs C-Star [%]
# name 12 = depSM: Depth [salt water, m]
# name 13 = timeQ: Time, NMEA [seconds]
# name 14 = v0: Voltage 0
# name 15 = v1: Voltage 1
# name 16 = v2: Voltage 2
# name 17 = v3: Voltage 3
# name 18 = v4: Voltage 4
# name 19 = v5: Voltage 5
# name 20 = v6: Voltage 6
# name 21 = v7: Voltage 7
# name 22 = potemp090C: Potential Temperature [ITS-90, deg C]
# name 23 = sal00: Salinity, Practical [PSU]
# name 24 = sigma-é00: Density [sigma-theta, kg/m^3]
# name 25 = sbeox0ML/L: Oxygen, SBE 43 [ml/l], WS = 2
# name 26 = sbeox0Mm/Kg: Oxygen, SBE 43 [umol/kg], WS = 2
# name 27 = flag: flag
# span 0 =      6.000,   1011.000       
# span 1 =     8.3982,    15.1752       
# span 2 =   3.738323,   4.367249       
# span 3 =     1.6724,     2.5648       
# span 4 =     0.0118,     1.6141       
# span 5 = 180.126758, 180.146790       
# span 6 =   48.90542,   48.90652       
# span 7 =  -16.49100,  -16.49002       
# span 8 = -7.018e-04, 1.7361e-01       
# span 9 =    35.3389,    35.5628       
# span 10 =     8.2874,    15.1737      
# span 11 =    88.7632,    99.9615      
# span 12 =      5.942,   1000.014      
# span 13 =  488862152,  488863884      
# span 14 =     0.6182,     2.4363      
# span 15 =     1.6713,     2.5649      
# span 16 =     4.1930,     4.7220      
# span 17 =     0.0006,     0.6501      
# span 18 =     0.0157,     0.4022      
# span 19 =    -0.0272,     0.8957      
# span 20 =     0.0000,     0.0000      
# span 21 =     0.0000,     0.0000      
# span 22 =     8.2874,    15.1737      
# span 23 =    35.3344,    35.5478      
# span 24 =    26.3366,    27.5246      
# span 25 =    4.25933,    5.80908      
# span 26 =    185.323,    252.602      
# span 27 = 0.0000e+00, 0.0000e+00      
# interval = decibars: 1                
# start_time = Jun 29 2015 03:02:29 [NMEA time, first data scan]
# bad_flag = -9.990e-29
*END*
[from data line 881]
    887.000     9.5653   3.849785     1.7591     0.0188 180.144517   48.90602  -16.49068 1.0000e-12    35.4311     9.4610    99.9235    877.608  488863687     0.7266     1.7548     4.7202     0.0061     0.0266    -0.0120     0.0000     0.0000     9.4609    35.4387    27.3861    4.41933    192.251 0.0000e+00
    888.000     9.5960   3.853480     1.7591     0.0171 180.144523   48.90602  -16.49068 1.0000e-12    35.4374     9.4914    99.9015    878.600  488863688     0.7035     1.7535     4.7192     0.0061     0.0247     0.6197     0.0000     0.0000     9.4914    35.4462    27.3868    4.41032    191.857 0.0000e+00
    889.000     9.6146   3.855865     1.7590     0.0176 180.144530   48.90602  -16.49069 1.0000e-12    35.4437     9.5098    99.8874    879.597  488863689     0.7094     1.7554     4.7185     0.0061     0.0214     0.5441     0.0000     0.0000     9.5097    35.4520    27.3883    4.40221    191.503 0.0000e+00
    890.000     9.6031   3.854311     1.7570     0.0205 180.144549   48.90602  -16.49070 1.0000e-12    35.4404     9.4982    99.8811    880.587  488863690     0.7498     1.7563     4.7182     0.0061     0.0241     0.3031     0.0000     0.0000     9.4982    35.4468    27.3862    4.38380    190.703 0.0000e+00
    891.000     9.5415   3.847120     1.7548     0.0178 180.144601   48.90601  -16.49070 1.0000e-12    35.4289     9.4368    99.8809    881.551  488863695     0.7134     1.7509     4.7182     0.0061     0.0211     0.5767     0.0000     0.0000     9.4368    35.4328    27.3855    4.40884    191.796 0.0000e+00
    892.000     9.5901   3.852972     1.7554     0.0167 180.144607   48.90600  -16.49070 1.0000e-12    35.4397     9.4850    99.8797    882.537  488863695     0.6972     1.7520     4.7181     0.0061     0.0214     0.0025     0.0000     0.0000     9.4850    35.4449    27.3870    4.40424    191.593 0.0000e+00
    893.000     9.5989   3.854172     1.7555     0.0183 180.144614   48.90600  -16.49070 1.0000e-12    35.4435     9.4936    99.8867    883.538  488863696     0.7201     1.7526     4.7185     0.0061     0.0219     0.6099     0.0000     0.0000     9.4936    35.4483    27.3881    4.40013    191.414 0.0000e+00
    894.000     9.5933   3.853636     1.7554     0.0173 180.144621   48.90600  -16.49070 1.0000e-12    35.4435     9.4880    99.8761    884.529  488863696     0.7055     1.7534     4.7179     0.0061     0.0234     0.0244     0.0000     0.0000     9.4880    35.4477    27.3886    4.40052    191.431 0.0000e+00
    895.000     9.5912   3.853442     1.7554     0.0172 180.144630   48.90600  -16.49070 1.0000e-12    35.4437     9.4857    99.8746    885.523  488863697     0.7044     1.7540     4.7179     0.0061     0.0209     0.3553     0.0000     0.0000     9.4857    35.4474    27.3887    4.39741    191.296 0.0000e+00
    896.000     9.5749   3.851347     1.7542     0.0181 180.144654   48.90600  -16.49071 1.0000e-12    35.4390     9.4694    99.8773    886.495  488863699     0.7168     1.7543     4.7180     0.0061     0.0186     0.4376     0.0000     0.0000     9.4694    35.4413    27.3867    4.39774    191.311 0.0000e+00
    897.000     9.5554   3.849025     1.7540     0.0146 180.144684   48.90599  -16.49072 1.0000e-12    35.4350     9.4499    99.8633    887.474  488863702     0.6650     1.7532     4.7173     0.0061     0.0163     0.2283     0.0000     0.0000     9.4499    35.4361    27.3860    4.39542    191.211 0.0000e+00
    898.000     9.5856   3.853044     1.7520     0.0148 180.144698   48.90598  -16.49074 1.0000e-12    35.4457     9.4798    99.8759    888.466  488863703     0.6685     1.7532     4.7179     0.0061     0.0222     0.3350     0.0000     0.0000     9.4798    35.4474    27.3898    4.37436    190.293 0.0000e+00
    899.000     9.5784   3.852344     1.7490     0.0194 180.144710   48.90598  -16.49074 1.0000e-12    35.4455     9.4725    99.8746    889.453  488863704     0.7345     1.7533     4.7179     0.0061     0.0241     0.3465     0.0000     0.0000     9.4725    35.4469    27.3905    4.35997    189.667 0.0000e+00
    900.000     9.5675   3.851173     1.7465     0.0176 180.144722   48.90598  -16.49074 1.0000e-12    35.4442     9.4615    99.8801    890.443  488863705     0.7110     1.7519     4.7181     0.0061     0.0271     0.3604     0.0000     0.0000     9.4615    35.4451    27.3910    4.36002    189.670 0.0000e+00
    901.000     9.5528   3.849561     1.7448     0.0181 180.144733   48.90598  -16.49074 1.0000e-12    35.4422     9.4468    99.8882    891.426  488863706     0.7165     1.7498     4.7185     0.0061     0.0244     0.3765     0.0000     0.0000     9.4468    35.4425    27.3914    4.35528    189.464 0.0000e+00
    902.000     9.5335   3.847429     1.7427     0.0210 180.144744   48.90596  -16.49074 1.0000e-12    35.4390     9.4275    99.8616    892.419  488863707     0.7560     1.7468     4.7172     0.0061     0.0256     0.3931     0.0000     0.0000     9.4275    35.4390    27.3919    4.34994    189.233 0.0000e+00
    903.000     9.5193   3.845813     1.7406     0.0198 180.144756   48.90596  -16.49074 1.0000e-12    35.4364     9.4133    99.8678    893.414  488863708     0.7398     1.7449     4.7175     0.0061     0.0266     0.2881     0.0000     0.0000     9.4133    35.4358    27.3917    4.34740    189.123 0.0000e+00
    904.000     9.5109   3.844914     1.7385     0.0241 180.144777   48.90596  -16.49074 1.0000e-12    35.4349     9.4049    99.8793    894.389  488863710     0.7930     1.7411     4.7181     0.0061     0.0301     0.4620     0.0000     0.0000     9.4049    35.4343    27.3920    4.34818    189.158 0.0000e+00
    905.000     9.5158   3.845496     1.7371     0.0258 180.144795   48.90596  -16.49074 1.0000e-12    35.4354     9.4096    99.8805    895.371  488863711     0.8136     1.7384     4.7181     0.0061     0.0299     0.4348     0.0000     0.0000     9.4096    35.4350    27.3918    4.34479    189.010 0.0000e+00
    906.000     9.5110   3.845047     1.7366     0.0255 180.144807   48.90596  -16.49075 1.0000e-12    35.4351     9.4047    99.8756    896.364  488863712     0.8098     1.7375     4.7179     0.0061     0.0298     0.3675     0.0000     0.0000     9.4047    35.4347    27.3923    4.34056    188.826 0.0000e+00
    907.000     9.5115   3.845153     1.7350     0.0250 180.144817   48.90596  -16.49076 1.0000e-12    35.4353     9.4050    99.8757    897.355  488863713     0.8044     1.7368     4.7179     0.0061     0.0241     0.1287     0.0000     0.0000     9.4050    35.4349    27.3924    4.31690    187.797 0.0000e+00
    908.000     9.5025   3.844024     1.7302     0.0216 180.144829   48.90595  -16.49076 1.0000e-12    35.4326     9.3960    99.8837    898.343  488863714     0.7628     1.7362     4.7183     0.0061     0.0277     0.5205     0.0000     0.0000     9.3960    35.4316    27.3914    4.31034    187.512 0.0000e+00
    909.000     9.3846   3.830949     1.7322     0.0190 180.144855   48.90594  -16.49076 1.0000e-12    35.4146     9.2788    99.8878    899.330  488863717     0.7280     1.7326     4.7185     0.0061     0.0312     0.2651     0.0000     0.0000     9.2788    35.4118    27.3951    4.34799    189.156 0.0000e+00
    910.000     9.4316   3.835803     1.7272     0.0226 180.144888   48.90594  -16.49076 1.0000e-12    35.4166     9.3254    99.9005    900.304  488863719     0.7760     1.7335     4.7191     0.0061     0.0194     0.5320     0.0000     0.0000     9.3254    35.4154    27.3904    4.29460    186.831 0.0000e+00
    911.000     9.1916   3.809226     1.7248     0.0261 180.144897   48.90594  -16.49076 1.0000e-12    35.3832     9.0868    99.9030    901.297  488863720     0.8166     1.7332     4.7193     0.0061     0.0251     0.1427     0.0000     0.0000     9.0868    35.3759    27.3986    4.33340    188.532 0.0000e+00
    912.000     9.1667   3.806398     1.7242     0.0295 180.144906   48.90594  -16.49076 1.0000e-12    35.3779     9.0619    99.9059    902.289  488863721     0.8537     1.7302     4.7194     0.0061     0.0274     0.4868     0.0000     0.0000     9.0619    35.3706    27.3985    4.33492    188.599 0.0000e+00
    913.000     9.1491   3.804310     1.7229     0.0309 180.144915   48.90592  -16.49076 1.0000e-12    35.3728     9.0444    99.9054    903.282  488863722     0.8668     1.7265     4.7194     0.0061     0.0243     0.4323     0.0000     0.0000     9.0444    35.3657    27.3975    4.33637    188.663 0.0000e+00
    914.000     9.1282   3.801915     1.7226     0.0284 180.144925   48.90592  -16.49076 1.0000e-12    35.3678     9.0235    99.9006    904.270  488863723     0.8415     1.7242     4.7192     0.0061     0.0245     0.3490     0.0000     0.0000     9.0235    35.3610    27.3971    4.34236    188.925 0.0000e+00
    915.000     9.1178   3.800769     1.7224     0.0217 180.144939   48.90592  -16.49076 1.0000e-12    35.3648     9.0131    99.9041    905.248  488863724     0.7649     1.7227     4.7193     0.0061     0.0259     0.2886     0.0000     0.0000     9.0131    35.3588    27.3972    4.34542    189.059 0.0000e+00
    916.000     9.1240   3.801531     1.7224     0.0221 180.144953   48.90592  -16.49076 1.0000e-12    35.3651     9.0191    99.9217    906.240  488863725     0.7710     1.7219     4.7201     0.0061     0.0257     0.3090     0.0000     0.0000     9.0192    35.3602    27.3973    4.34588    189.079 0.0000e+00
    917.000     9.1423   3.803652     1.7226     0.0221 180.144977   48.90592  -16.49078 1.0000e-12    35.3673     9.0372    99.9158    907.231  488863727     0.7699     1.7223     4.7199     0.0061     0.0236     0.4303     0.0000     0.0000     9.0372    35.3637    27.3971    4.34846    189.190 0.0000e+00
    918.000     9.1626   3.806040     1.7215     0.0216 180.145024   48.90590  -16.49076 1.0000e-12    35.3702     9.0572    99.9120    908.196  488863731     0.7633     1.7254     4.7197     0.0061     0.0256     0.5120     0.0000     0.0000     9.0572    35.3682    27.3973    4.32619    188.220 0.0000e+00
    919.000     9.1305   3.802744     1.7204     0.0215 180.145030   48.90590  -16.49076 1.0000e-12    35.3678     9.0252    99.9259    909.193  488863732     0.7629     1.7248     4.7203     0.0061     0.0238     0.6197     0.0000     0.0000     9.0253    35.3650    27.4000    4.32504    188.171 0.0000e+00
    920.000     9.1521   3.805435     1.7191     0.0228 180.145036   48.90590  -16.49076 1.0000e-12    35.3737     9.0465    99.9219    910.188  488863732     0.7795     1.7235     4.7201     0.0061     0.0249     0.0058     0.0000     0.0000     9.0465    35.3713    27.4015    4.32465    188.153 0.0000e+00
    921.000     9.1380   3.804109     1.7192     0.0243 180.145043   48.90590  -16.49076 1.0000e-12    35.3733     9.0324    99.9214    911.182  488863733     0.7964     1.7216     4.7201     0.0061     0.0250     0.6532     0.0000     0.0000     9.0324    35.3709    27.4035    4.33292    188.513 0.0000e+00
    922.000     9.1077   3.800908     1.7192     0.0277 180.145050   48.90590  -16.49077 1.0000e-12    35.3701     9.0022    99.9089    912.175  488863733     0.8343     1.7209     4.7195     0.0061     0.0244     0.4658     0.0000     0.0000     9.0022    35.3671    27.4054    4.33860    188.761 0.0000e+00
    923.000     9.0802   3.798070     1.7193     0.0223 180.145065   48.90589  -16.49078 1.0000e-12    35.3674     8.9747    99.9215    913.159  488863735     0.7716     1.7190     4.7201     0.0061     0.0268     0.3673     0.0000     0.0000     8.9747    35.3643    27.4076    4.34577    189.075 0.0000e+00
    924.000     9.1507   3.805291     1.7191     0.0233 180.145110   48.90588  -16.49078 1.0000e-12    35.3696     9.0447    99.9172    914.124  488863739     0.7854     1.7189     4.7199     0.0061     0.0163     0.3471     0.0000     0.0000     9.0447    35.3694    27.4003    4.32264    188.065 0.0000e+00
    925.000     9.1016   3.800101     1.7158     0.0278 180.145121   48.90588  -16.49078 1.0000e-12    35.3650     8.9958    99.9228    915.114  488863740     0.8345     1.7191     4.7202     0.0061     0.0202     0.3963     0.0000     0.0000     8.9958    35.3633    27.4035    4.31252    187.628 0.0000e+00
    926.000     9.0312   3.792702     1.7146     0.0216 180.145131   48.90587  -16.49078 1.0000e-12    35.3586     8.9257    99.9206    916.106  488863740     0.7638     1.7186     4.7201     0.0061     0.0212     0.3386     0.0000     0.0000     8.9257    35.3553    27.4085    4.32250    188.065 0.0000e+00
    927.000     9.0131   3.790678     1.7136     0.0206 180.145140   48.90586  -16.49078 1.0000e-12    35.3550     8.9077    99.9246    917.100  488863741     0.7504     1.7174     4.7203     0.0061     0.0276     0.1236     0.0000     0.0000     8.9077    35.3515    27.4085    4.32224    188.055 0.0000e+00
    928.000     9.0016   3.789535     1.7126     0.0206 180.145150   48.90586  -16.49078 1.0000e-12    35.3540     8.8961    99.9251    918.092  488863742     0.7509     1.7151     4.7203     0.0061     0.0231     0.3693     0.0000     0.0000     8.8961    35.3506    27.4096    4.32122    188.010 0.0000e+00
    929.000     8.9858   3.788014     1.7111     0.0218 180.145164   48.90586  -16.49078 1.0000e-12    35.3532     8.8803    99.9280    919.076  488863743     0.7661     1.7134     4.7204     0.0061     0.0291     0.4794     0.0000     0.0000     8.8803    35.3498    27.4115    4.31745    187.847 0.0000e+00
    930.000     8.9785   3.787370     1.7096     0.0192 180.145182   48.90586  -16.49078 1.0000e-12    35.3526     8.8729    99.9376    920.054  488863745     0.7318     1.7114     4.7209     0.0061     0.0239     0.2377     0.0000     0.0000     8.8729    35.3498    27.4127    4.31370    187.684 0.0000e+00
    931.000     8.9591   3.785444     1.7077     0.0190 180.145197   48.90586  -16.49078 1.0000e-12    35.3513     8.8536    99.9126    921.046  488863746     0.7301     1.7098     4.7197     0.0061     0.0280     0.4081     0.0000     0.0000     8.8536    35.3484    27.4147    4.31039    187.541 0.0000e+00
    932.000     8.9711   3.786872     1.7076     0.0174 180.145220   48.90585  -16.49079 1.0000e-12    35.3529     8.8654    99.9253    922.035  488863748     0.7073     1.7078     4.7203     0.0061     0.0256     0.3700     0.0000     0.0000     8.8653    35.3510    27.4148    4.31602    187.785 0.0000e+00
    933.000     8.9985   3.789581     1.7054     0.0215 180.145255   48.90584  -16.49080 1.0000e-12    35.3525     8.8924    99.9274    923.005  488863751     0.7627     1.7070     4.7204     0.0061     0.0240     0.2641     0.0000     0.0000     8.8924    35.3519    27.4112    4.28883    186.601 0.0000e+00
    934.000     8.9243   3.782158     1.7041     0.0203 180.145264   48.90584  -16.49080 1.0000e-12    35.3497     8.8186    99.9303    923.996  488863752     0.7466     1.7071     4.7205     0.0061     0.0303     0.4875     0.0000     0.0000     8.8186    35.3471    27.4193    4.30673    187.383 0.0000e+00
    935.000     8.9075   3.780539     1.7040     0.0183 180.145272   48.90584  -16.49080 1.0000e-12    35.3492     8.8018    99.9274    924.988  488863753     0.7194     1.7070     4.7204     0.0061     0.0311     0.5800     0.0000     0.0000     8.8018    35.3464    27.4214    4.30651    187.374 0.0000e+00
    936.000     8.9056   3.780401     1.7029     0.0189 180.145279   48.90584  -16.49080 1.0000e-12    35.3490     8.7998    99.9292    925.981  488863753     0.7289     1.7051     4.7205     0.0061     0.0274     0.0053     0.0000     0.0000     8.7998    35.3464    27.4217    4.30107    187.137 0.0000e+00
    937.000     8.9019   3.780119     1.7026     0.0189 180.145286   48.90582  -16.49080 1.0000e-12    35.3491     8.7960    99.9290    926.978  488863754     0.7286     1.7035     4.7205     0.0061     0.0188     0.5404     0.0000     0.0000     8.7960    35.3466    27.4225    4.30630    187.365 0.0000e+00
