Data/ruptures/DY032/PAP/d20150702_DY032_CTD14.cnv
* Sea-Bird SBE 9 Data File:
* FileName = C:\CTD\DY032\20150629_DY032_CTD14.hdr
* Software Version Seasave V 7.23.2
* Temperature SN = 2112
* Conductivity SN = 3159
* Number of Bytes Per Scan = 35
* Number of Voltage Words = 4
* Number of Scans Averaged by the Deck Unit = 1
* NMEA Latitude = 48 40.94 N
* NMEA Longitude = 017 03.54 W
* NMEA UTC (Time) = Jul 02 2015 14:59:17
** Ship:
** Station:
** Operator:
# nquan = 28
# nvalues = 1003                        
# units = specified
# name 0 = prDM: Pressure, Digiquartz [db]
# name 1 = t090C: Temperature [ITS-90, deg C]
# name 2 = c0S/m: Conductivity [S/m]
# name 3 = sbeox0V: Oxygen raw, SBE 43 [V]
# name 4 = flC: Fluorescence, Chelsea Aqua 3 Chl Con [ug/l]
# name 5 = timeJ: Julian Days
# name 6 = latitude: Latitude [deg]
# name 7 = longitude: Longitude [deg]
# name 8 = par: PAR/Irradiance, Biospherical/Licor
# name 9 = sal00: Salinity, Practical [PSU]
# name 10 = potemp090C: Potential Temperature [ITS-90, deg C]
# name 11 = CStarTr0: Beam Transmission, WET Labs C-Star [%]
# name 12 = depSM: Depth [salt water, m]
# name 13 = timeQ: Time, NMEA [seconds]
# name 14 = v0: Voltage 0
# name 15 = v1: Voltage 1
# name 16 = v2: Voltage 2
# name 17 = v3: Voltage 3
# name 18 = v4: Voltage 4
# name 19 = v5: Voltage 5
# name 20 = v6: Voltage 6
# name 21 = v7: Voltage 7
# name 22 = potemp090C: Potential Temperature [ITS-90, deg C]
# name 23 = sal00: Salinity, Practical [PSU]
# name 24 = sigma-é00: Density [sigma-theta, kg/m^3]
# name 25 = sbeox0ML/L: Oxygen, SBE 43 [ml/l], WS = 2
# name 26 = sbeox0Mm/Kg: Oxygen, SBE 43 [umol/kg], WS = 2
# name 27 = flag: flag
# span 0 =      5.000,   1007.000       
# span 1 =     7.5685,    15.5127       
# span 2 =   3.642600,   4.395634       
# span 3 =     1.6874,     2.5709       
# span 4 =     0.0110,     1.8512       
# span 5 = 183.627080, 183.645720       
# span 6 =   48.68228,   48.68231       
# span 7 =  -17.05901,  -17.05894       
# span 8 = 1.0000e-12, 2.3862e+02       
# span 9 =    35.1849,    35.5927       
# span 10 =     7.4675,    15.5111      
# span 11 =    88.5326,    99.9523      
# span 12 =      4.921,    996.084      
# span 13 =  489164580,  489166190      
# span 14 =     0.6045,     2.4943      
# span 15 =     1.6851,     2.5720      
# span 16 =     4.1822,     4.7216      
# span 17 =     0.0061,     3.6837      
# span 18 =     0.0138,     0.2832      
# span 19 =    -0.0175,     0.7772      
# span 20 =     0.1917,     0.2221      
# span 21 =     0.1240,     0.6735      
# span 22 =     7.4675,    15.5111      
# span 23 =    35.1828,    35.5955      
# span 24 =    26.2265,    27.5499      
# span 25 =    4.29309,    5.75761      
# span 26 =    186.811,    250.349      
# span 27 = 0.0000e+00, 0.0000e+00      
# interval = decibars: 1                
# start_time = Jul 02 2015 15:03:00 [NMEA time, first data scan]
# bad_flag = -9.990e-29
*END*
[from data line 881]
    886.000     8.5853   3.742556     1.7264     0.0163 183.640139   48.68230  -17.05900 1.0000e-12    35.2887     8.4875    99.9100    876.651  489165708     0.6921     1.7295     4.7196     0.0061     0.0262     0.4798     0.2191     0.5267     8.4875    35.2890    27.4260    4.38522    190.816 0.0000e+00
    887.000     8.6072   3.745248     1.7244     0.0172 183.640150   48.68230  -17.05900 1.0000e-12    35.2942     8.5092    99.9111    877.630  489165708     0.7045     1.7287     4.7196     0.0061     0.0271     0.3270     0.2191     0.5256     8.5092    35.2951    27.4274    4.37479    190.361 0.0000e+00
    888.000     8.6264   3.747667     1.7216     0.0212 183.640164   48.68230  -17.05900 1.0000e-12    35.2999     8.5281    99.9072    878.613  489165710     0.7594     1.7272     4.7195     0.0061     0.0233     0.3236     0.2189     0.5258     8.5281    35.3011    27.4292    4.36042    189.734 0.0000e+00
    889.000     8.6337   3.748646     1.7180     0.0202 183.640177   48.68230  -17.05900 1.0000e-12    35.3024     8.5353    99.9058    879.604  489165711     0.7456     1.7246     4.7194     0.0061     0.0239     0.2923     0.2189     0.5446     8.5353    35.3037    27.4301    4.34373    189.008 0.0000e+00
    890.000     8.5803   3.742943     1.7144     0.0216 183.640195   48.68230  -17.05900 1.0000e-12    35.2966     8.4821    99.9011    880.589  489165712     0.7635     1.7207     4.7192     0.0061     0.0246     0.3779     0.2189     0.5119     8.4821    35.2962    27.4325    4.34799    189.195 0.0000e+00
    891.000     8.5271   3.737205     1.7123     0.0240 183.640215   48.68230  -17.05900 1.0000e-12    35.2898     8.4291    99.9088    881.566  489165714     0.7926     1.7155     4.7195     0.0061     0.0309     0.5847     0.2199     0.5359     8.4291    35.2880    27.4344    4.35490    189.499 0.0000e+00
    892.000     8.4952   3.733766     1.7122     0.0204 183.640226   48.68230  -17.05898 1.0000e-12    35.2852     8.3973    99.8883    882.547  489165715     0.7482     1.7140     4.7185     0.0061     0.0266    -0.0137     0.2198     0.5331     8.3973    35.2829    27.4354    4.36816    190.078 0.0000e+00
    893.000     8.4875   3.732886     1.7127     0.0202 183.640234   48.68230  -17.05898 1.0000e-12    35.2833     8.3896    99.8841    883.544  489165716     0.7461     1.7131     4.7183     0.0061     0.0233     0.6039     0.2197     0.5434     8.3896    35.2808    27.4349    4.37272    190.277 0.0000e+00
    894.000     8.4749   3.731529     1.7132     0.0205 183.640241   48.68230  -17.05898 1.0000e-12    35.2809     8.3770    99.9286    884.528  489165716     0.7497     1.7122     4.7205     0.0061     0.0213     0.6100     0.2198     0.5372     8.3770    35.2785    27.4350    4.37756    190.488 0.0000e+00
    895.000     8.4692   3.730924     1.7135     0.0209 183.640248   48.68230  -17.05898 1.0000e-12    35.2799     8.3712    99.9054    885.530  489165717     0.7549     1.7119     4.7194     0.0061     0.0214     0.0230     0.2194     0.5469     8.3712    35.2774    27.4350    4.38055    190.619 0.0000e+00
    896.000     8.4661   3.730805     1.7145     0.0206 183.640254   48.68230  -17.05899 1.0000e-12    35.2811     8.3679    99.9016    886.521  489165717     0.7509     1.7120     4.7192     0.0061     0.0212     0.6062     0.2197     0.5550     8.3679    35.2788    27.4366    4.38306    190.728 0.0000e+00
    897.000     8.4709   3.731463     1.7143     0.0212 183.640262   48.68230  -17.05900 1.0000e-12    35.2824     8.3726    99.9015    887.513  489165718     0.7586     1.7125     4.7192     0.0061     0.0247     0.3717     0.2198     0.5520     8.3727    35.2804    27.4372    4.37655    190.444 0.0000e+00
    898.000     8.4684   3.731270     1.7139     0.0238 183.640278   48.68230  -17.05900 1.0000e-12    35.2821     8.3701    99.9035    888.492  489165719     0.7905     1.7136     4.7193     0.0061     0.0263     0.3672     0.2197     0.5491     8.3701    35.2804    27.4376    4.37425    190.344 0.0000e+00
    899.000     8.4696   3.731543     1.7132     0.0207 183.640300   48.68230  -17.05900 1.0000e-12    35.2830     8.3711    99.9043    889.467  489165721     0.7522     1.7140     4.7193     0.0061     0.0279     0.2766     0.2195     0.5410     8.3711    35.2817    27.4384    4.36838    190.088 0.0000e+00
    900.000     8.4709   3.731801     1.7120     0.0179 183.640315   48.68230  -17.05900 1.0000e-12    35.2837     8.3722    99.9036    890.455  489165723     0.7152     1.7137     4.7193     0.0061     0.0276     0.3533     0.2196     0.5419     8.3722    35.2827    27.4390    4.36598    189.984 0.0000e+00
    901.000     8.4726   3.732137     1.7118     0.0192 183.640325   48.68230  -17.05900 1.0000e-12    35.2850     8.3738    99.9029    891.442  489165724     0.7316     1.7132     4.7193     0.0061     0.0223     0.4644     0.2195     0.5324     8.3738    35.2841    27.4399    4.36442    189.916 0.0000e+00
    902.000     8.4652   3.731473     1.7112     0.0201 183.640334   48.68230  -17.05900 1.0000e-12    35.2849     8.3663    99.9015    892.428  489165724     0.7452     1.7128     4.7192     0.0061     0.0279     0.5170     0.2197     0.5379     8.3663    35.2839    27.4409    4.35695    189.591 0.0000e+00
    903.000     8.4673   3.732058     1.7096     0.0215 183.640341   48.68230  -17.05898 1.0000e-12    35.2883     8.3683    99.9066    893.421  489165725     0.7634     1.7118     4.7194     0.0061     0.0236     0.0124     0.2196     0.5413     8.3683    35.2876    27.4435    4.35518    189.513 0.0000e+00
    904.000     8.4760   3.733380     1.7096     0.0205 183.640349   48.68230  -17.05898 1.0000e-12    35.2930     8.3768    99.9127    894.408  489165726     0.7499     1.7118     4.7197     0.0061     0.0234     0.6360     0.2198     0.5362     8.3768    35.2924    27.4460    4.35927    189.690 0.0000e+00
    905.000     8.4705   3.733076     1.7094     0.0191 183.640355   48.68230  -17.05898 1.0000e-12    35.2948     8.3713    99.9013    895.398  489165726     0.7312     1.7116     4.7192     0.0061     0.0245     0.2376     0.2196     0.5422     8.3713    35.2942    27.4482    4.35925    189.689 0.0000e+00
    906.000     8.4665   3.732825     1.7089     0.0192 183.640363   48.68230  -17.05900 1.0000e-12    35.2958     8.3672    99.9015    896.389  489165727     0.7324     1.7109     4.7192     0.0061     0.0263     0.3214     0.2198     0.5282     8.3672    35.2951    27.4495    4.35634    189.563 0.0000e+00
    907.000     8.4682   3.733015     1.7083     0.0171 183.640371   48.68230  -17.05900 1.0000e-12    35.2955     8.3687    99.9042    897.383  489165728     0.7024     1.7094     4.7193     0.0061     0.0267     0.4612     0.2198     0.5346     8.3687    35.2950    27.4492    4.35180    189.365 0.0000e+00
    908.000     8.4705   3.733207     1.7072     0.0196 183.640395   48.68230  -17.05900 1.0000e-12    35.2946     8.3709    99.9078    898.360  489165730     0.7355     1.7083     4.7195     0.0061     0.0225     0.3348     0.2198     0.5445     8.3709    35.2943    27.4483    4.35267    189.403 0.0000e+00
    909.000     8.4702   3.733380     1.7060     0.0231 183.640420   48.68230  -17.05900 1.0000e-12    35.2962     8.3705    99.9090    899.331  489165732     0.7826     1.7069     4.7195     0.0061     0.0142     0.4255     0.2198     0.5601     8.3705    35.2959    27.4497    4.34324    188.993 0.0000e+00
    910.000     8.4685   3.733517     1.7053     0.0202 183.640428   48.68230  -17.05899 1.0000e-12    35.2989     8.3687    99.9013    900.323  489165732     0.7463     1.7070     4.7192     0.0061     0.0181     0.5932     0.2198     0.5436     8.3687    35.2986    27.4520    4.34407    189.028 0.0000e+00
    911.000     8.4660   3.733433     1.7048     0.0201 183.640434   48.68230  -17.05898 1.0000e-12    35.3001     8.3661    99.9108    901.311  489165733     0.7447     1.7070     4.7196     0.0061     0.0237    -0.0042     0.2198     0.5255     8.3662    35.2997    27.4533    4.34616    189.119 0.0000e+00
    912.000     8.4634   3.733295     1.7047     0.0205 183.640440   48.68230  -17.05899 1.0000e-12    35.3008     8.3634    99.9017    902.300  489165734     0.7498     1.7069     4.7192     0.0061     0.0233     0.7180     0.2198     0.5135     8.3634    35.3004    27.4543    4.34901    189.243 0.0000e+00
    913.000     8.4614   3.733235     1.7047     0.0204 183.640446   48.68230  -17.05900 1.0000e-12    35.3016     8.3613    99.9015    903.295  489165734     0.7485     1.7061     4.7192     0.0061     0.0225     0.0289     0.2198     0.5038     8.3613    35.3013    27.4553    4.34749    189.177 0.0000e+00
    914.000     8.4732   3.734998     1.7046     0.0231 183.640451   48.68230  -17.05900 1.0000e-12    35.3078     8.3729    99.8994    904.299  489165735     0.7824     1.7055     4.7191     0.0061     0.0214     0.7015     0.2198     0.5145     8.3729    35.3077    27.4586    4.34079    188.884 0.0000e+00
    915.000     8.4831   3.736590     1.7032     0.0230 183.640459   48.68230  -17.05900 1.0000e-12    35.3140     8.3826    99.9057    905.299  489165735     0.7804     1.7049     4.7194     0.0061     0.0226     0.4524     0.2198     0.5353     8.3826    35.3142    27.4622    4.33290    188.540 0.0000e+00
    916.000     8.4774   3.735546     1.7004     0.0230 183.640494   48.68230  -17.05900 1.0000e-12    35.3084     8.3769    99.9044    906.244  489165738     0.7813     1.7026     4.7193     0.0061     0.0169     0.3591     0.2198     0.5439     8.3769    35.3084    27.4585    4.32760    188.310 0.0000e+00
    917.000     8.4805   3.736315     1.6991     0.0248 183.640507   48.68230  -17.05900 1.0000e-12    35.3129     8.3798    99.8765    907.232  489165739     0.8019     1.7018     4.7180     0.0061     0.0177     0.4672     0.2198     0.5454     8.3798    35.3130    27.4616    4.31883    187.928 0.0000e+00
    918.000     8.4807   3.736637     1.6979     0.0206 183.640515   48.68230  -17.05900 1.0000e-12    35.3157     8.3799    99.7769    908.222  489165740     0.7517     1.7010     4.7133     0.0061     0.0234     0.0004     0.2198     0.5502     8.3799    35.3157    27.4638    4.31668    187.834 0.0000e+00
    919.000     8.4749   3.736199     1.6974     0.0224 183.640522   48.68230  -17.05900 1.0000e-12    35.3165     8.3740    99.9145    909.216  489165741     0.7735     1.7004     4.7198     0.0061     0.0238     0.6844     0.2198     0.5527     8.3740    35.3164    27.4652    4.32151    188.044 0.0000e+00
    920.000     8.4712   3.735851     1.6973     0.0250 183.640529   48.68230  -17.05900 1.0000e-12    35.3161     8.3702    99.9050    910.206  489165741     0.8043     1.6997     4.7194     0.0061     0.0295    -0.0175     0.2198     0.5526     8.3702    35.3159    27.4654    4.32305    188.111 0.0000e+00
    921.000     8.4673   3.735453     1.6971     0.0243 183.640535   48.68230  -17.05900 1.0000e-12    35.3156     8.3662    99.9015    911.197  489165742     0.7958     1.6990     4.7192     0.0061     0.0280     0.5882     0.2198     0.5416     8.3662    35.3152    27.4655    4.32004    187.980 0.0000e+00
    922.000     8.4618   3.734924     1.6962     0.0246 183.640543   48.68230  -17.05900 1.0000e-12    35.3150     8.3606    99.9015    912.190  489165742     0.7999     1.6979     4.7192     0.0061     0.0240     0.5212     0.2198     0.5376     8.3606    35.3146    27.4659    4.31995    187.977 0.0000e+00
    923.000     8.4557   3.734284     1.6962     0.0246 183.640553   48.68230  -17.05900 1.0000e-12    35.3139     8.3545    99.9071    913.180  489165743     0.8003     1.6972     4.7195     0.0061     0.0246     0.3504     0.2198     0.5063     8.3545    35.3134    27.4659    4.32496    188.195 0.0000e+00
    924.000     8.4515   3.733864     1.6956     0.0210 183.640571   48.68230  -17.05900 1.0000e-12    35.3133     8.3502    99.9073    914.155  489165745     0.7563     1.6963     4.7194     0.0061     0.0312     0.3604     0.2198     0.5114     8.3502    35.3127    27.4660    4.31952    187.959 0.0000e+00
    925.000     8.4438   3.733028     1.6934     0.0192 183.640593   48.68230  -17.05900 1.0000e-12    35.3117     8.3424    99.9187    915.134  489165747     0.7316     1.6958     4.7200     0.0061     0.0201     0.2390     0.2198     0.5149     8.3424    35.3111    27.4660    4.29791    187.019 0.0000e+00
    926.000     8.4005   3.728164     1.6897     0.0217 183.640606   48.68230  -17.05900 1.0000e-12    35.3043     8.2994    99.9240    916.119  489165748     0.7655     1.6949     4.7202     0.0061     0.0263     0.4063     0.2198     0.5198     8.2993    35.3022    27.4656    4.29309    186.811 0.0000e+00
    927.000     8.2776   3.714679     1.6891     0.0200 183.640615   48.68230  -17.05900 1.0000e-12    35.2862     8.1771    99.9213    917.106  489165749     0.7437     1.6946     4.7201     0.0061     0.0281     0.5205     0.2198     0.5147     8.1771    35.2813    27.4680    4.32474    188.196 0.0000e+00
    928.000     8.1637   3.702336     1.6900     0.0159 183.640623   48.68230  -17.05900 1.0000e-12    35.2710     8.0640    99.9088    918.096  489165749     0.6853     1.6931     4.7195     0.0061     0.0281     0.6273     0.2198     0.5089     8.0640    35.2631    27.4709    4.35472    189.506 0.0000e+00
    929.000     8.1113   3.696758     1.6914     0.0163 183.640630   48.68230  -17.05900 1.0000e-12    35.2645     8.0117    99.9014    919.089  489165750     0.6914     1.6909     4.7192     0.0061     0.0252    -0.0023     0.2198     0.5107     8.0117    35.2556    27.4730    4.37622    190.445 0.0000e+00
    930.000     8.0860   3.694144     1.6937     0.0167 183.640636   48.68230  -17.05900 1.0000e-12    35.2609     7.9865    99.9015    920.076  489165750     0.6973     1.6893     4.7192     0.0061     0.0235     0.6345     0.2198     0.5174     7.9865    35.2526    27.4744    4.39392    191.216 0.0000e+00
    931.000     8.0825   3.693710     1.6958     0.0202 183.640643   48.68230  -17.05900 1.0000e-12    35.2591     7.9829    99.9083    921.078  489165751     0.7461     1.6889     4.7195     0.0061     0.0237     0.0158     0.2198     0.5380     7.9829    35.2509    27.4736    4.40545    191.719 0.0000e+00
    932.000     8.0797   3.693527     1.6995     0.0224 183.640653   48.68230  -17.05900 1.0000e-12    35.2586     7.9800    99.9222    922.071  489165752     0.7734     1.6902     4.7202     0.0061     0.0227     0.5019     0.2198     0.5415     7.9800    35.2514    27.4744    4.41633    192.192 0.0000e+00
    933.000     8.1591   3.701972     1.7043     0.0177 183.640693   48.68230  -17.05900 1.0000e-12    35.2641     8.0588    99.9141    923.023  489165755     0.7112     1.7023     4.7198     0.0061     0.0158     0.3199     0.2198     0.5209     8.0588    35.2615    27.4705    4.38693    190.909 0.0000e+00
    934.000     8.1119   3.698005     1.7028     0.0159 183.640704   48.68230  -17.05900 1.0000e-12    35.2695     8.0118    99.9250    924.012  489165756     0.6849     1.7037     4.7203     0.0061     0.0183     0.4685     0.2198     0.5226     8.0118    35.2659    27.4810    4.38908    191.003 0.0000e+00
    935.000     8.1170   3.698765     1.7025     0.0181 183.640712   48.68230  -17.05898 1.0000e-12    35.2717     8.0167    99.9203    925.006  489165757     0.7172     1.7034     4.7201     0.0061     0.0166    -0.0154     0.2198     0.5446     8.0167    35.2685    27.4823    4.39075    191.075 0.0000e+00
    936.000     8.1105   3.698127     1.7024     0.0220 183.640719   48.68230  -17.05898 1.0000e-12    35.2707     8.0102    99.9011    925.994  489165758     0.7691     1.7033     4.7192     0.0061     0.0192     0.6444     0.2198     0.5375     8.0102    35.2677    27.4827    4.39359    191.199 0.0000e+00
