Data/ruptures/DY032/PAP/d20150627_DY032_CTD06.cnv
* Sea-Bird SBE 9 Data File:
* FileName = C:\CTD\DY032\20150627_DY032_CTD06.hdr
* Software Version Seasave V 7.23.2
* Temperature SN = 2112
* Conductivity SN = 3159
* Number of Bytes Per Scan = 35
* Number of Voltage Words = 4
* Number of Scans Averaged by the Deck Unit = 1
* NMEA Latitude = 49 04.63 N
* NMEA Longitude = 016 15.46 W
* NMEA UTC (Time) = Jun 27 2015 18:57:36
** Ship:
** Station:
** Operator:
# nquan = 28
# nvalues = 1207                        
# units = specified
# name 0 = prDM: Pressure, Digiquartz [db]
# name 1 = t090C: Temperature [ITS-90, deg C]
# name 2 = c0S/m: Conductivity [S/m]
# name 3 = sbeox0V: Oxygen raw, SBE 43 [V]
# name 4 = flC: Fluorescence, Chelsea Aqua 3 Chl Con [ug/l]
# name 5 = timeJ: Julian Days
# name 6 = latitude: Latitude [deg]
# name 7 = longitude: Longitude [deg]
# name 8 = par: PAR/Irradiance, Biospherical/Licor
# name 9 = sal00: Salinity, Practical [PSU]
# name 10 = potemp090C: Potential Temperature [ITS-90, deg C]
# name 11 = CStarTr0: Beam Transmission, WET Labs C-Star [%]
# name 12 = depSM: Depth [salt water, m]
# name 13 = timeQ: Time, NMEA [seconds]
# name 14 = v0: Voltage 0
# name 15 = v1: Voltage 1
# name 16 = v2: Voltage 2
# name 17 = v3: Voltage 3
# name 18 = v4: Voltage 4
# name 19 = v5: Voltage 5
# name 20 = v6: Voltage 6
# name 21 = v7: Voltage 7
# name 22 = potemp090C: Potential Temperature [ITS-90, deg C]
# name 23 = sal00: Salinity, Practical [PSU]
# name 24 = sigma-é00: Density [sigma-theta, kg/m^3]
# name 25 = sbeox0ML/L: Oxygen, SBE 43 [ml/l], WS = 2
# name 26 = sbeox0Mm/Kg: Oxygen, SBE 43 [umol/kg], WS = 2
# name 27 = flag: flag
# span 0 =      6.000,   1212.000       
# span 1 =     6.3398,    15.0828       
# span 2 =   3.533992,   4.357209       
# span 3 =     1.6716,     2.5743       
# span 4 =     0.0116,     2.0155       
# span 5 = 178.793880, 178.820416       
# span 6 =   49.07539,   49.07696       
# span 7 =  -16.26093,  -16.25816       
# span 8 = -4.827e-01, 2.0318e+02       
# span 9 =    35.1557,    35.5439       
# span 10 =     6.2259,    15.0816      
# span 11 =    86.8654,    99.9716      
# span 12 =      5.941,   1198.231      
# span 13 =  488746992,  488749284      
# span 14 =     0.6159,     2.5314      
# span 15 =     1.6699,     2.5750      
# span 16 =     4.1034,     4.7225      
# span 17 =    -0.0063,     3.6078      
# span 18 =     0.0169,     0.2635      
# span 19 =    -0.0702,     0.8209      
# span 20 =     0.0000,     0.0000      
# span 21 =     0.0000,     0.0000      
# span 22 =     6.2259,    15.0816      
# span 23 =    35.1523,    35.5419      
# span 24 =    26.3544,    27.6631      
# span 25 =    4.25561,    5.79796      
# span 26 =    185.161,    252.114      
# span 27 = 0.0000e+00, 0.0000e+00      
# interval = decibars: 1                
# start_time = Jun 27 2015 19:02:59 [NMEA time, first data scan]
# bad_flag = -9.990e-29
*END*
[from data line 984]
    990.000     8.6101   3.758901     1.6744     0.0168 178.815528   49.07566  -16.26046 1.0000e-12    35.3901     8.4999    99.9309    979.256  488748862     0.6991     1.6734     4.7206     0.0061     0.0307     0.2872     0.0000     0.0000     8.4999    35.3891    27.5026    4.26430    185.541 0.0000e+00
    991.000     8.6008   3.758201     1.6744     0.0203 178.815541   49.07566  -16.26046 1.0000e-12    35.3916     8.4905    99.9222    980.247  488748863     0.7476     1.6729     4.7202     0.0061     0.0233     0.3461     0.0000     0.0000     8.4905    35.3905    27.5052    4.26656    185.639 0.0000e+00
    992.000     8.5966   3.757924     1.6748     0.0210 178.815553   49.07564  -16.26046 1.0000e-12    35.3923     8.4863    99.9232    981.234  488748864     0.7566     1.6728     4.7202     0.0061     0.0259     0.3454     0.0000     0.0000     8.4863    35.3913    27.5065    4.27203    185.877 0.0000e+00
    993.000     8.5951   3.757859     1.6750     0.0192 178.815566   49.07564  -16.26048 1.0000e-12    35.3925     8.4847    99.9273    982.226  488748865     0.7327     1.6728     4.7204     0.0061     0.0280     0.5019     0.0000     0.0000     8.4847    35.3916    27.5070    4.26835    185.717 0.0000e+00
    994.000     8.5939   3.757804     1.6746     0.0170 178.815582   49.07564  -16.26048 1.0000e-12    35.3926     8.4833    99.9289    983.214  488748867     0.7009     1.6731     4.7205     0.0061     0.0234     0.3159     0.0000     0.0000     8.4833    35.3918    27.5074    4.26773    185.690 0.0000e+00
    995.000     8.6011   3.758456     1.6744     0.0140 178.815624   49.07564  -16.26048 1.0000e-12    35.3914     8.4904    99.9207    984.191  488748870     0.6561     1.6730     4.7201     0.0061     0.0245     0.3493     0.0000     0.0000     8.4904    35.3911    27.5057    4.26739    185.675 0.0000e+00
    996.000     8.5943   3.757901     1.6738     0.0192 178.815648   49.07564  -16.26048 1.0000e-12    35.3920     8.4835    99.9265    985.168  488748872     0.7330     1.6728     4.7204     0.0061     0.0223     0.3605     0.0000     0.0000     8.4835    35.3915    27.5071    4.26053    185.377 0.0000e+00
    997.000     8.5747   3.756130     1.6732     0.0190 178.815657   49.07564  -16.26048 1.0000e-12    35.3928     8.4639    99.9258    986.162  488748873     0.7296     1.6728     4.7203     0.0061     0.0237     0.5289     0.0000     0.0000     8.4639    35.3919    27.5105    4.26457    185.553 0.0000e+00
    998.000     8.5726   3.755967     1.6732     0.0202 178.815664   49.07564  -16.26048 1.0000e-12    35.3928     8.4617    99.9032    987.156  488748874     0.7453     1.6728     4.7193     0.0061     0.0237     0.5384     0.0000     0.0000     8.4617    35.3919    27.5108    4.26877    185.736 0.0000e+00
    999.000     8.5651   3.755180     1.6733     0.0211 178.815672   49.07564  -16.26048 1.0000e-12    35.3916     8.4541    99.9164    988.152  488748874     0.7573     1.6726     4.7199     0.0061     0.0241     0.1526     0.0000     0.0000     8.4542    35.3906    27.5109    4.27530    186.021 0.0000e+00
   1000.000     8.5612   3.754803     1.6742     0.0201 178.815685   49.07564  -16.26048 1.0000e-12    35.3910     8.4501    99.9251    989.144  488748876     0.7444     1.6719     4.7203     0.0061     0.0262     0.4422     0.0000     0.0000     8.4501    35.3900    27.5111    4.27779    186.129 0.0000e+00
   1001.000     8.5829   3.756981     1.6743     0.0146 178.815734   49.07564  -16.26048 1.0000e-12    35.3910     8.4716    99.9271    990.105  488748880     0.6664     1.6730     4.7204     0.0061     0.0219     0.2856     0.0000     0.0000     8.4716    35.3909    27.5085    4.26844    185.721 0.0000e+00
   1002.000     8.5627   3.755015     1.6728     0.0165 178.815747   49.07564  -16.26048 1.0000e-12    35.3904     8.4514    99.9244    991.100  488748881     0.6944     1.6728     4.7203     0.0061     0.0240     0.3323     0.0000     0.0000     8.4514    35.3898    27.5108    4.26208    185.446 0.0000e+00
   1003.000     8.5413   3.753128     1.6724     0.0167 178.815760   49.07564  -16.26048 1.0000e-12    35.3919     8.4301    99.9255    992.095  488748882     0.6972     1.6728     4.7203     0.0061     0.0205     0.3092     0.0000     0.0000     8.4301    35.3908    27.5149    4.27252    185.900 0.0000e+00
   1004.000     8.5334   3.752466     1.6734     0.0177 178.815776   49.07564  -16.26048 1.0000e-12    35.3923     8.4221    99.9268    993.077  488748883     0.7118     1.6713     4.7204     0.0061     0.0260     0.4193     0.0000     0.0000     8.4221    35.3912    27.5165    4.27988    186.221 0.0000e+00
   1005.000     8.5316   3.752343     1.6733     0.0169 178.815795   49.07564  -16.26050 1.0000e-12    35.3921     8.4202    99.9266    994.061  488748885     0.7006     1.6710     4.7204     0.0061     0.0227     0.2532     0.0000     0.0000     8.4202    35.3912    27.5167    4.27504    186.010 0.0000e+00
   1006.000     8.5224   3.751560     1.6735     0.0182 178.815813   49.07564  -16.26050 1.0000e-12    35.3926     8.4110    99.9264    995.054  488748887     0.7183     1.6718     4.7204     0.0061     0.0218     0.3516     0.0000     0.0000     8.4110    35.3916    27.5185    4.28062    186.253 0.0000e+00
   1007.000     8.5286   3.752167     1.6734     0.0171 178.815845   49.07564  -16.26050 1.0000e-12    35.3920     8.4170    99.9341    996.032  488748889     0.7026     1.6718     4.7207     0.0061     0.0259     0.4206     0.0000     0.0000     8.4169    35.3915    27.5175    4.27300    185.921 0.0000e+00
   1008.000     8.5176   3.751133     1.6721     0.0175 178.815864   49.07564  -16.26050 1.0000e-12    35.3917     8.4059    99.9301    997.015  488748891     0.7091     1.6720     4.7205     0.0061     0.0232     0.3056     0.0000     0.0000     8.4060    35.3910    27.5188    4.27259    185.904 0.0000e+00
   1009.000     8.5066   3.750059     1.6722     0.0168 178.815875   49.07562  -16.26050 1.0000e-12    35.3911     8.3949    99.9299    998.005  488748892     0.6990     1.6715     4.7205     0.0061     0.0226     0.4125     0.0000     0.0000     8.3950    35.3901    27.5198    4.28026    186.238 0.0000e+00
   1010.000     8.5015   3.749553     1.6726     0.0196 178.815885   49.07562  -16.26050 1.0000e-12    35.3903     8.3898    99.9274    998.998  488748893     0.7380     1.6708     4.7204     0.0061     0.0237     0.4322     0.0000     0.0000     8.3898    35.3894    27.5201    4.28541    186.463 0.0000e+00
   1011.000     8.4957   3.748945     1.6732     0.0206 178.815895   49.07562  -16.26050 1.0000e-12    35.3893     8.3839    99.9284    999.992  488748894     0.7511     1.6704     4.7204     0.0061     0.0245     0.3632     0.0000     0.0000     8.3839    35.3884    27.5202    4.28510    186.450 0.0000e+00
   1012.000     8.4903   3.748420     1.6731     0.0206 178.815911   49.07562  -16.26050 1.0000e-12    35.3887     8.3783    99.9280   1000.976  488748895     0.7511     1.6709     4.7204     0.0061     0.0228     0.3830     0.0000     0.0000     8.3784    35.3878    27.5206    4.28439    186.419 0.0000e+00
   1013.000     8.4906   3.748499     1.6733     0.0213 178.815941   49.07562  -16.26052 1.0000e-12    35.3884     8.3786    99.9202   1001.957  488748898     0.7604     1.6714     4.7201     0.0061     0.0262     0.3206     0.0000     0.0000     8.3786    35.3878    27.5205    4.28469    186.432 0.0000e+00
   1014.000     8.4987   3.749380     1.6721     0.0200 178.815976   49.07562  -16.26052 1.0000e-12    35.3888     8.3865    99.9288   1002.937  488748901     0.7433     1.6716     4.7205     0.0061     0.0281     0.3923     0.0000     0.0000     8.3865    35.3886    27.5199    4.27404    185.968 0.0000e+00
   1015.000     8.4623   3.745419     1.6716     0.0204 178.815990   49.07562  -16.26052 1.0000e-12    35.3837     8.3502    99.9347   1003.924  488748902     0.7481     1.6715     4.7207     0.0061     0.0216     0.3461     0.0000     0.0000     8.3502    35.3826    27.5208    4.28426    186.415 0.0000e+00
   1016.000     8.4316   3.742302     1.6720     0.0205 178.816001   49.07562  -16.26052 1.0000e-12    35.3817     8.3196    99.9384   1004.913  488748903     0.7489     1.6704     4.7209     0.0061     0.0231     0.4119     0.0000     0.0000     8.3196    35.3798    27.5234    4.28970    186.653 0.0000e+00
   1017.000     8.4199   3.741112     1.6718     0.0220 178.816011   49.07562  -16.26052 1.0000e-12    35.3803     8.3079    99.9437   1005.908  488748904     0.7692     1.6699     4.7212     0.0061     0.0264     0.3945     0.0000     0.0000     8.3079    35.3784    27.5241    4.28988    186.661 0.0000e+00
   1018.000     8.4107   3.740181     1.6722     0.0214 178.816025   49.07562  -16.26052 1.0000e-12    35.3791     8.2987    99.9311   1006.899  488748905     0.7601     1.6700     4.7206     0.0061     0.0229     0.2565     0.0000     0.0000     8.2987    35.3772    27.5246    4.29823    187.025 0.0000e+00
   1019.000     8.4265   3.741914     1.6739     0.0223 178.816059   49.07562  -16.26052 1.0000e-12    35.3803     8.3143    99.9275   1007.874  488748908     0.7709     1.6709     4.7204     0.0061     0.0251     0.4910     0.0000     0.0000     8.3143    35.3793    27.5239    4.29787    187.008 0.0000e+00
   1020.000     8.4202   3.741340     1.6735     0.0221 178.816083   49.07562  -16.26052 1.0000e-12    35.3799     8.3079    99.9283   1008.860  488748910     0.7700     1.6724     4.7204     0.0061     0.0254     0.3062     0.0000     0.0000     8.3079    35.3790    27.5246    4.29611    186.932 0.0000e+00
   1021.000     8.4197   3.741540     1.6731     0.0194 178.816096   49.07562  -16.26052 1.0000e-12    35.3819     8.3073    99.9274   1009.850  488748911     0.7343     1.6721     4.7204     0.0061     0.0237     0.3218     0.0000     0.0000     8.3073    35.3812    27.5264    4.29010    186.670 0.0000e+00
   1022.000     8.4104   3.740637     1.6721     0.0201 178.816109   49.07562  -16.26052 1.0000e-12    35.3814     8.2980    99.9266   1010.841  488748912     0.7447     1.6717     4.7204     0.0061     0.0253     0.5426     0.0000     0.0000     8.2979    35.3805    27.5273    4.29246    186.773 0.0000e+00
   1023.000     8.3872   3.738182     1.6728     0.0216 178.816126   49.07562  -16.26053 1.0000e-12    35.3785     8.2748    99.9267   1011.824  488748914     0.7642     1.6711     4.7204     0.0061     0.0308     0.2570     0.0000     0.0000     8.2748    35.3772    27.5283    4.30569    187.350 0.0000e+00
   1024.000     8.3802   3.737461     1.6728     0.0228 178.816142   49.07562  -16.26054 1.0000e-12    35.3774     8.2677    99.9155   1012.809  488748915     0.7783     1.6703     4.7199     0.0061     0.0252     0.2808     0.0000     0.0000     8.2677    35.3761    27.5285    4.29584    186.922 0.0000e+00
   1025.000     8.3392   3.733153     1.6724     0.0215 178.816158   49.07562  -16.26054 1.0000e-12    35.3731     8.2269    99.9299   1013.802  488748916     0.7626     1.6712     4.7205     0.0061     0.0246     0.4266     0.0000     0.0000     8.2269    35.3709    27.5307    4.30884    187.490 0.0000e+00
   1026.000     8.3215   3.731265     1.6744     0.0196 178.816187   49.07562  -16.26054 1.0000e-12    35.3700     8.2092    99.9096   1014.783  488748919     0.7374     1.6709     4.7195     0.0061     0.0253     0.3430     0.0000     0.0000     8.2092    35.3681    27.5312    4.31877    187.923 0.0000e+00
   1027.000     8.3222   3.731353     1.6746     0.0170 178.816215   49.07562  -16.26054 1.0000e-12    35.3692     8.2098    99.9296   1015.762  488748921     0.7015     1.6729     4.7205     0.0061     0.0258     0.4628     0.0000     0.0000     8.2098    35.3679    27.5310    4.31571    187.789 0.0000e+00
   1028.000     8.2964   3.728566     1.6746     0.0206 178.816230   49.07562  -16.26054 1.0000e-12    35.3653     8.1841    99.9314   1016.757  488748923     0.7514     1.6728     4.7206     0.0061     0.0244     0.3334     0.0000     0.0000     8.1841    35.3636    27.5316    4.31933    187.948 0.0000e+00
   1029.000     8.2850   3.727337     1.6743     0.0208 178.816242   49.07562  -16.26054 1.0000e-12    35.3634     8.1726    99.9241   1017.743  488748924     0.7533     1.6727     4.7202     0.0061     0.0248     0.3637     0.0000     0.0000     8.1726    35.3615    27.5316    4.31462    187.744 0.0000e+00
   1030.000     8.2592   3.724537     1.6736     0.0219 178.816254   49.07562  -16.26054 1.0000e-12    35.3594     8.1470    99.9105   1018.737  488748925     0.7657     1.6728     4.7196     0.0061     0.0266     0.2931     0.0000     0.0000     8.1470    35.3570    27.5320    4.32074    188.012 0.0000e+00
   1031.000     8.2126   3.719603     1.6747     0.0227 178.816274   49.07562  -16.26054 1.0903e+01    35.3536     8.1006    99.9143   1019.718  488748926     0.7766     1.6722     4.7198     0.1869     0.0236     0.3223     0.0000     0.0000     8.1006    35.3507    27.5341    4.33669    188.709 0.0000e+00
   1032.000     8.2221   3.720554     1.6757     0.0207 178.816299   49.07562  -16.26054 -2.734e-01    35.3529     8.1100    99.9246   1020.702  488748929     0.7516     1.6725     4.7203     0.0016     0.0280     0.4077     0.0000     0.0000     8.1099    35.3508    27.5328    4.33634    188.693 0.0000e+00
   1033.000     8.1993   3.718252     1.6760     0.0220 178.816317   49.07562  -16.26054 1.0000e-12    35.3508     8.0871    99.9274   1021.686  488748930     0.7687     1.6735     4.7204     0.0061     0.0276     0.4547     0.0000     0.0000     8.0871    35.3487    27.5347    4.33970    188.840 0.0000e+00
   1034.000     8.1999   3.718548     1.6762     0.0195 178.816332   49.07562  -16.26055 1.0000e-12    35.3525     8.0877    99.9274   1022.675  488748931     0.7368     1.6739     4.7204     0.0061     0.0251     0.3972     0.0000     0.0000     8.0877    35.3508    27.5362    4.34329    188.996 0.0000e+00
   1035.000     8.2050   3.719361     1.6770     0.0187 178.816345   49.07562  -16.26056 1.0000e-12    35.3553     8.0926    99.9258   1023.669  488748932     0.7253     1.6740     4.7203     0.0061     0.0238     0.2858     0.0000     0.0000     8.0926    35.3539    27.5379    4.34663    189.141 0.0000e+00
   1036.000     8.2073   3.719887     1.6769     0.0212 178.816373   49.07560  -16.26056 1.0000e-12    35.3577     8.0947    99.9215   1024.650  488748935     0.7580     1.6749     4.7201     0.0061     0.0262     0.3226     0.0000     0.0000     8.0947    35.3567    27.5398    4.33963    188.836 0.0000e+00
   1037.000     8.2095   3.720077     1.6760     0.0179 178.816402   49.07560  -16.26056 1.0000e-12    35.3567     8.0968    99.9259   1025.628  488748938     0.7148     1.6752     4.7203     0.0061     0.0267     0.5504     0.0000     0.0000     8.0968    35.3561    27.5389    4.33673    188.709 0.0000e+00
   1038.000     8.2041   3.719762     1.6756     0.0253 178.816414   49.07560  -16.26056 1.0000e-12    35.3584     8.0913    99.9249   1026.619  488748938     0.8080     1.6745     4.7203     0.0061     0.0221     0.4161     0.0000     0.0000     8.0913    35.3577    27.5411    4.33842    188.783 0.0000e+00
   1039.000     8.1933   3.718742     1.6760     0.0211 178.816424   49.07560  -16.26056 1.0000e-12    35.3581     8.0805    99.9239   1027.612  488748939     0.7565     1.6743     4.7202     0.0061     0.0207     0.3171     0.0000     0.0000     8.0805    35.3572    27.5423    4.34793    189.197 0.0000e+00
   1040.000     8.1879   3.718463     1.6769     0.0221 178.816437   49.07560  -16.26056 1.0000e-12    35.3600     8.0750    99.9252   1028.605  488748940     0.7697     1.6739     4.7203     0.0061     0.0244     0.2960     0.0000     0.0000     8.0750    35.3591    27.5447    4.35107    189.334 0.0000e+00
