Data/ruptures/DY032/PAP/d20150702_DY032_CTD14.cnv
* Sea-Bird SBE 9 Data File:
* FileName = C:\CTD\DY032\20150629_DY032_CTD14.hdr
* Software Version Seasave V 7.23.2
* Temperature SN = 2112
* Conductivity SN = 3159
* Number of Bytes Per Scan = 35
* Number of Voltage Words = 4
* Number of Scans Averaged by the Deck Unit = 1
* NMEA Latitude = 48 40.94 N
* NMEA Longitude = 017 03.54 W
* NMEA UTC (Time) = Jul 02 2015 14:59:17
** Ship:
** Station:
** Operator:
# nquan = 28
# nvalues = 1003                        
# units = specified
# name 0 = prDM: Pressure, Digiquartz [db]
# name 1 = t090C: Temperature [ITS-90, deg C]
# name 2 = c0S/m: Conductivity [S/m]
# name 3 = sbeox0V: Oxygen raw, SBE 43 [V]
# name 4 = flC: Fluorescence, Chelsea Aqua 3 Chl Con [ug/l]
# name 5 = timeJ: Julian Days
# name 6 = latitude: Latitude [deg]
# name 7 = longitude: Longitude [deg]
# name 8 = par: PAR/Irradiance, Biospherical/Licor
# name 9 = sal00: Salinity, Practical [PSU]
# name 10 = potemp090C: Potential Temperature [ITS-90, deg C]
# name 11 = CStarTr0: Beam Transmission, WET Labs C-Star [%]
# name 12 = depSM: Depth [salt water, m]
# name 13 = timeQ: Time, NMEA [seconds]
# name 14 = v0: Voltage 0
# name 15 = v1: Voltage 1
# name 16 = v2: Voltage 2
# name 17 = v3: Voltage 3
# name 18 = v4: Voltage 4
# name 19 = v5: Voltage 5
# name 20 = v6: Voltage 6
# name 21 = v7: Voltage 7
# name 22 = potemp090C: Potential Temperature [ITS-90, deg C]
# name 23 = sal00: Salinity, Practical [PSU]
# name 24 = sigma-é00: Density [sigma-theta, kg/m^3]
# name 25 = sbeox0ML/L: Oxygen, SBE 43 [ml/l], WS = 2
# name 26 = sbeox0Mm/Kg: Oxygen, SBE 43 [umol/kg], WS = 2
# name 27 = flag: flag
# span 0 =      5.000,   1007.000       
# span 1 =     7.5685,    15.5127       
# span 2 =   3.642600,   4.395634       
# span 3 =     1.6874,     2.5709       
# span 4 =     0.0110,     1.8512       
# span 5 = 183.627080, 183.645720       
# span 6 =   48.68228,   48.68231       
# span 7 =  -17.05901,  -17.05894       
# span 8 = 1.0000e-12, 2.3862e+02       
# span 9 =    35.1849,    35.5927       
# span 10 =     7.4675,    15.5111      
# span 11 =    88.5326,    99.9523      
# span 12 =      4.921,    996.084      
# span 13 =  489164580,  489166190      
# span 14 =     0.6045,     2.4943      
# span 15 =     1.6851,     2.5720      
# span 16 =     4.1822,     4.7216      
# span 17 =     0.0061,     3.6837      
# span 18 =     0.0138,     0.2832      
# span 19 =    -0.0175,     0.7772      
# span 20 =     0.1917,     0.2221      
# span 21 =     0.1240,     0.6735      
# span 22 =     7.4675,    15.5111      
# span 23 =    35.1828,    35.5955      
# span 24 =    26.2265,    27.5499      
# span 25 =    4.29309,    5.75761      
# span 26 =    186.811,    250.349      
# span 27 = 0.0000e+00, 0.0000e+00      
# interval = decibars: 1                
# start_time = Jul 02 2015 15:03:00 [NMEA time, first data scan]
# bad_flag = -9.990e-29
*END*
[from data line 777]
    782.000     9.5967   3.839950     1.8849     0.0256 183.638976   48.68230  -17.05896 1.0000e-12    35.3594     9.5051    99.8757    773.939  489165607     0.8110     1.9078     4.7179     0.0061     0.0221     0.0009     0.2187     0.5274     9.5051    35.3537    27.3122    4.71661    205.195 0.0000e+00
    783.000     9.5675   3.836637     1.8763     0.0225 183.638986   48.68230  -17.05896 1.0000e-12    35.3535     9.4760    99.8777    774.928  489165608     0.7753     1.9012     4.7180     0.0061     0.0213     0.3361     0.2190     0.5270     9.4760    35.3477    27.3124    4.69887    204.425 0.0000e+00
    784.000     9.5506   3.834769     1.8656     0.0179 183.639001   48.68230  -17.05896 1.0000e-12    35.3498     9.4591    99.8934    775.907  489165609     0.7130     1.8883     4.7188     0.0061     0.0235     0.4892     0.2191     0.5445     9.4591    35.3445    27.3127    4.68096    203.647 0.0000e+00
    785.000     9.5164   3.831083     1.8563     0.0151 183.639018   48.68230  -17.05896 1.0000e-12    35.3449     9.4250    99.9111    776.889  489165611     0.6741     1.8733     4.7196     0.0061     0.0218     0.2666     0.2191     0.5412     9.4250    35.3396    27.3145    4.66367    202.896 0.0000e+00
    786.000     9.5099   3.830418     1.8502     0.0171 183.639032   48.68230  -17.05896 1.0000e-12    35.3432     9.4184    99.9215    777.877  489165612     0.7031     1.8637     4.7201     0.0061     0.0234     0.3408     0.2187     0.5371     9.4184    35.3387    27.3149    4.65486    202.513 0.0000e+00
    787.000     9.5088   3.830450     1.8466     0.0211 183.639044   48.68230  -17.05896 1.0000e-12    35.3436     9.4171    99.9215    778.866  489165613     0.7579     1.8573     4.7201     0.0061     0.0233     0.4028     0.2186     0.5265     9.4171    35.3396    27.3159    4.64951    202.280 0.0000e+00
    788.000     9.5091   3.830795     1.8439     0.0206 183.639054   48.68230  -17.05896 1.0000e-12    35.3460     9.4173    99.9014    779.852  489165614     0.7510     1.8526     4.7192     0.0061     0.0212     0.4420     0.2187     0.5411     9.4173    35.3425    27.3181    4.64565    202.112 0.0000e+00
    789.000     9.5130   3.831371     1.8423     0.0223 183.639063   48.68230  -17.05896 1.0000e-12    35.3472     9.4211    99.9015    780.844  489165615     0.7730     1.8491     4.7192     0.0061     0.0215     0.5203     0.2187     0.5420     9.4211    35.3441    27.3187    4.64772    202.202 0.0000e+00
    790.000     9.5156   3.831733     1.8417     0.0234 183.639071   48.68230  -17.05896 1.0000e-12    35.3476     9.4235    99.9015    781.830  489165615     0.7862     1.8467     4.7192     0.0061     0.0235     0.2338     0.2187     0.5461     9.4235    35.3449    27.3189    4.65186    202.382 0.0000e+00
    791.000     9.5158   3.831813     1.8414     0.0221 183.639079   48.68230  -17.05896 1.0000e-12    35.3475     9.4235    99.9072    782.821  489165616     0.7705     1.8443     4.7195     0.0061     0.0218     0.2646     0.2191     0.5550     9.4236    35.3450    27.3190    4.65039    202.318 0.0000e+00
    792.000     9.5168   3.831978     1.8405     0.0226 183.639088   48.68230  -17.05896 1.0000e-12    35.3475     9.4244    99.9043    783.812  489165617     0.7761     1.8426     4.7193     0.0061     0.0168     0.4598     0.2189     0.5535     9.4244    35.3454    27.3191    4.64878    202.247 0.0000e+00
    793.000     9.5165   3.831977     1.8402     0.0198 183.639098   48.68230  -17.05896 1.0000e-12    35.3471     9.4240    99.9059    784.804  489165618     0.7404     1.8413     4.7194     0.0061     0.0240     0.3868     0.2190     0.5435     9.4240    35.3452    27.3191    4.64914    202.263 0.0000e+00
    794.000     9.5154   3.831944     1.8395     0.0182 183.639111   48.68230  -17.05896 1.0000e-12    35.3471     9.4228    99.9032    785.787  489165619     0.7187     1.8406     4.7193     0.0061     0.0214     0.2802     0.2190     0.5530     9.4228    35.3454    27.3195    4.64844    202.233 0.0000e+00
    795.000     9.5151   3.831969     1.8393     0.0191 183.639128   48.68230  -17.05896 1.0000e-12    35.3469     9.4224    99.9015    786.772  489165620     0.7306     1.8396     4.7192     0.0061     0.0189     0.4618     0.2191     0.5705     9.4224    35.3456    27.3196    4.64882    202.249 0.0000e+00
    796.000     9.5122   3.831754     1.8380     0.0176 183.639146   48.68230  -17.05896 1.0000e-12    35.3469     9.4194    99.9068    787.755  489165622     0.7105     1.8389     4.7194     0.0061     0.0169     0.2474     0.2194     0.5658     9.4194    35.3457    27.3203    4.64193    201.949 0.0000e+00
    797.000     9.5118   3.831806     1.8370     0.0202 183.639160   48.68230  -17.05896 1.0000e-12    35.3472     9.4189    99.9222    788.738  489165623     0.7455     1.8388     4.7202     0.0061     0.0239     0.3865     0.2191     0.5588     9.4189    35.3462    27.3207    4.63811    201.783 0.0000e+00
    798.000     9.5123   3.831987     1.8364     0.0200 183.639170   48.68230  -17.05896 1.0000e-12    35.3480     9.4192    99.9008    789.725  489165624     0.7434     1.8378     4.7192     0.0061     0.0262     0.4927     0.2191     0.5597     9.4192    35.3471    27.3214    4.63628    201.703 0.0000e+00
    799.000     9.5086   3.831685     1.8356     0.0226 183.639178   48.68230  -17.05896 1.0000e-12    35.3481     9.4154    99.9015    790.717  489165624     0.7771     1.8376     4.7192     0.0061     0.0256     0.5877     0.2189     0.5740     9.4154    35.3472    27.3221    4.63144    201.493 0.0000e+00
    800.000     9.4996   3.830820     1.8345     0.0215 183.639185   48.68230  -17.05896 1.0000e-12    35.3477     9.4064    99.9015    791.707  489165625     0.7628     1.8371     4.7192     0.0061     0.0256    -0.0109     0.2189     0.5486     9.4064    35.3467    27.3232    4.62952    201.410 0.0000e+00
    801.000     9.4964   3.830531     1.8340     0.0214 183.639192   48.68230  -17.05896 1.0000e-12    35.3474     9.4031    99.8959    792.702  489165626     0.7611     1.8364     4.7189     0.0061     0.0249     0.6359     0.2189     0.5307     9.4031    35.3463    27.3234    4.62616    201.264 0.0000e+00
    802.000     9.4878   3.829622     1.8327     0.0205 183.639199   48.68230  -17.05896 1.0000e-12    35.3461     9.3944    99.8745    793.692  489165626     0.7497     1.8361     4.7178     0.0061     0.0213     0.4863     0.2190     0.5376     9.3944    35.3449    27.3238    4.62275    201.116 0.0000e+00
    803.000     9.4787   3.828653     1.8316     0.0216 183.639207   48.68230  -17.05896 1.0000e-12    35.3448     9.3853    99.8854    794.690  489165627     0.7635     1.8350     4.7184     0.0061     0.0213     0.1427     0.2196     0.5343     9.3853    35.3434    27.3241    4.62000    200.997 0.0000e+00
    804.000     9.4674   3.827466     1.8282     0.0204 183.639227   48.68230  -17.05898 1.0000e-12    35.3431     9.3739    99.9013    795.662  489165629     0.7478     1.8324     4.7192     0.0061     0.0209     0.4105     0.2196     0.5405     9.3739    35.3418    27.3247    4.60659    200.414 0.0000e+00
    805.000     9.4397   3.824451     1.8226     0.0179 183.639250   48.68230  -17.05897 1.0000e-12    35.3391     9.3463    99.9015    796.634  489165631     0.7144     1.8290     4.7192     0.0061     0.0143     0.3088     0.2195     0.5837     9.3463    35.3374    27.3258    4.57679    199.119 0.0000e+00
    806.000     9.4185   3.822331     1.8184     0.0196 183.639261   48.68230  -17.05896 1.0000e-12    35.3379     9.3251    99.9043    797.634  489165632     0.7373     1.8272     4.7193     0.0061     0.0217     0.4665     0.2189     0.5856     9.3251    35.3358    27.3281    4.56107    198.436 0.0000e+00
    807.000     9.4098   3.821411     1.8150     0.0251 183.639269   48.68230  -17.05896 1.0000e-12    35.3365     9.3163    99.9122    798.621  489165632     0.8062     1.8252     4.7197     0.0061     0.0223     0.5151     0.2192     0.5913     9.3162    35.3344    27.3285    4.55054    197.978 0.0000e+00
    808.000     9.4049   3.820916     1.8121     0.0255 183.639277   48.68230  -17.05896 1.0000e-12    35.3358     9.3113    99.9015    799.610  489165633     0.8104     1.8230     4.7192     0.0061     0.0210     0.0006     0.2194     0.5855     9.3113    35.3336    27.3287    4.54454    197.718 0.0000e+00
    809.000     9.3807   3.818380     1.8095     0.0219 183.639284   48.68230  -17.05897 1.0000e-12    35.3334     9.2871    99.9015    800.602  489165634     0.7678     1.8202     4.7192     0.0061     0.0213     0.5497     0.2194     0.5889     9.2871    35.3307    27.3304    4.54082    197.557 0.0000e+00
    810.000     9.3478   3.815061     1.8069     0.0224 183.639292   48.68230  -17.05898 1.0000e-12    35.3313     9.2543    99.9106    801.588  489165634     0.7736     1.8170     4.7196     0.0061     0.0213     0.5144     0.2195     0.5723     9.2543    35.3282    27.3338    4.53694    197.389 0.0000e+00
    811.000     9.3404   3.814335     1.8041     0.0226 183.639301   48.68230  -17.05898 1.0000e-12    35.3306     9.2468    99.9118    802.584  489165635     0.7762     1.8135     4.7197     0.0061     0.0187     0.0967     0.2198     0.6040     9.2468    35.3275    27.3345    4.53253    197.198 0.0000e+00
    812.000     9.3397   3.814293     1.8015     0.0218 183.639313   48.68230  -17.05898 1.0000e-12    35.3300     9.2460    99.9150    803.571  489165636     0.7662     1.8092     4.7198     0.0061     0.0232     0.4422     0.2194     0.6015     9.2460    35.3273    27.3345    4.53048    197.108 0.0000e+00
    813.000     9.3369   3.814051     1.7978     0.0239 183.639333   48.68230  -17.05898 1.0000e-12    35.3293     9.2431    99.9131    804.545  489165638     0.7920     1.8029     4.7197     0.0061     0.0171     0.4125     0.2196     0.5821     9.2431    35.3271    27.3348    4.52066    196.681 0.0000e+00
    814.000     9.3289   3.813282     1.7952     0.0251 183.639349   48.68230  -17.05898 1.0000e-12    35.3285     9.2351    99.9078    805.530  489165639     0.8057     1.8000     4.7195     0.0061     0.0181     0.3618     0.2191     0.5870     9.2351    35.3265    27.3356    4.51584    196.472 0.0000e+00
    815.000     9.3218   3.812649     1.7942     0.0261 183.639359   48.68230  -17.05898 1.0000e-12    35.3284     9.2279    99.9028    806.519  489165640     0.8167     1.7981     4.7193     0.0061     0.0242    -0.0033     0.2192     0.5872     9.2279    35.3265    27.3368    4.51417    196.400 0.0000e+00
    816.000     9.3197   3.812829     1.7928     0.0270 183.639367   48.68230  -17.05898 1.0000e-12    35.3318     9.2256    99.9015    807.509  489165641     0.8267     1.7969     4.7192     0.0061     0.0250     0.5486     0.2196     0.5735     9.2256    35.3300    27.3399    4.50552    196.022 0.0000e+00
    817.000     9.3199   3.813169     1.7912     0.0251 183.639375   48.68230  -17.05898 1.0000e-12    35.3345     9.2257    99.9106    808.505  489165642     0.8054     1.7952     4.7196     0.0061     0.0235     0.5121     0.2197     0.6005     9.2257    35.3328    27.3421    4.49594    195.606 0.0000e+00
    818.000     9.3229   3.813698     1.7892     0.0258 183.639383   48.68230  -17.05898 1.0000e-12    35.3364     9.2285    99.9122    809.491  489165642     0.8133     1.7946     4.7197     0.0061     0.0233     0.2981     0.2197     0.5933     9.2285    35.3350    27.3434    4.48664    195.201 0.0000e+00
    819.000     9.3223   3.813752     1.7868     0.0249 183.639392   48.68230  -17.05898 1.0000e-12    35.3370     9.2278    99.9055    810.481  489165643     0.8035     1.7933     4.7194     0.0061     0.0221     0.1863     0.2198     0.5713     9.2278    35.3357    27.3440    4.47907    194.871 0.0000e+00
    820.000     9.3012   3.811874     1.7843     0.0201 183.639402   48.68230  -17.05898 1.0000e-12    35.3382     9.2067    99.9016    811.469  489165644     0.7442     1.7913     4.7192     0.0061     0.0244     0.3745     0.2198     0.5719     9.2068    35.3365    27.3481    4.47521    194.703 0.0000e+00
    821.000     9.2928   3.811258     1.7814     0.0187 183.639416   48.68230  -17.05898 1.0000e-12    35.3396     9.1982    99.9015    812.457  489165645     0.7262     1.7879     4.7192     0.0061     0.0227     0.4913     0.2198     0.5745     9.1982    35.3379    27.3506    4.46770    194.377 0.0000e+00
    822.000     9.2906   3.811109     1.7776     0.0203 183.639435   48.68230  -17.05898 1.0000e-12    35.3394     9.1960    99.9015    813.434  489165647     0.7467     1.7833     4.7192     0.0061     0.0268     0.2235     0.2194     0.5606     9.1960    35.3380    27.3511    4.45882    193.991 0.0000e+00
    823.000     9.2894   3.811075     1.7755     0.0269 183.639449   48.68230  -17.05898 1.0000e-12    35.3396     9.1946    99.9048    814.417  489165648     0.8256     1.7802     4.7194     0.0061     0.0249     0.3658     0.2186     0.5280     9.1946    35.3384    27.3516    4.45838    193.971 0.0000e+00
    824.000     9.2885   3.811119     1.7748     0.0239 183.639459   48.68230  -17.05898 1.0000e-12    35.3403     9.1937    99.9058    815.410  489165649     0.7916     1.7782     4.7194     0.0061     0.0243     0.4829     0.2190     0.5485     9.1937    35.3393    27.3524    4.45856    193.979 0.0000e+00
    825.000     9.2880   3.811247     1.7742     0.0247 183.639467   48.68230  -17.05898 1.0000e-12    35.3417     9.1930    99.9048    816.396  489165649     0.8015     1.7769     4.7194     0.0061     0.0256     0.5406     0.2193     0.5727     9.1930    35.3407    27.3536    4.45670    193.898 0.0000e+00
    826.000     9.2895   3.811720     1.7736     0.0227 183.639474   48.68230  -17.05898 1.0000e-12    35.3445     9.1944    99.9015    817.392  489165650     0.7771     1.7756     4.7192     0.0061     0.0256     0.0020     0.2196     0.6004     9.1944    35.3437    27.3558    4.45464    193.808 0.0000e+00
    827.000     9.3040   3.813750     1.7730     0.0219 183.639482   48.68230  -17.05898 1.0000e-12    35.3504     9.2087    99.9015    818.384  489165651     0.7675     1.7752     4.7192     0.0061     0.0256     0.4774     0.2195     0.6232     9.2087    35.3500    27.3584    4.44823    193.528 0.0000e+00
    828.000     9.2923   3.812647     1.7715     0.0202 183.639492   48.68230  -17.05898 1.0000e-12    35.3503     9.1969    99.9015    819.375  489165652     0.7453     1.7743     4.7192     0.0061     0.0220     0.3967     0.2198     0.5989     9.1969    35.3496    27.3600    4.44271    193.288 0.0000e+00
    829.000     9.2844   3.812062     1.7703     0.0209 183.639504   48.68230  -17.05899 1.0000e-12    35.3516     9.1889    99.9015    820.354  489165653     0.7542     1.7733     4.7192     0.0061     0.0246     0.2889     0.2198     0.5890     9.1890    35.3508    27.3623    4.44483    193.380 0.0000e+00
    830.000     9.2928   3.813369     1.7691     0.0191 183.639519   48.68230  -17.05900 1.0000e-12    35.3561     9.1972    99.9015    821.337  489165654     0.7310     1.7717     4.7192     0.0061     0.0248     0.3122     0.2198     0.5392     9.1972    35.3557    27.3647    4.44004    193.171 0.0000e+00
    831.000     9.2992   3.814279     1.7681     0.0184 183.639531   48.68230  -17.05898 1.0000e-12    35.3586     9.2034    99.9015    822.324  489165655     0.7197     1.7703     4.7192     0.0061     0.0232     0.4277     0.2198     0.5369     9.2034    35.3584    27.3658    4.43551    192.973 0.0000e+00
    832.000     9.3010   3.814692     1.7667     0.0210 183.639543   48.68230  -17.05898 1.0000e-12    35.3606     9.2051    99.8993    823.315  489165656     0.7560     1.7693     4.7191     0.0061     0.0273     0.2921     0.2198     0.5582     9.2051    35.3604    27.3671    4.42837    192.663 0.0000e+00
