Data/ruptures/DY032/PAP/d20150625_DY032_CTD03.cnv
* Sea-Bird SBE 9 Data File:
* FileName = C:\CTD\DY032\20150625_DY032_CTD03.hdr
* Software Version Seasave V 7.23.2
* Temperature SN = 2112
* Conductivity SN = 3159
* Number of Bytes Per Scan = 35
* Number of Voltage Words = 4
* Number of Scans Averaged by the Deck Unit = 1
* NMEA Latitude = 48 50.49 N
* NMEA Longitude = 016 31.22 W
* NMEA UTC (Time) = Jun 25 2015 09:32:00
** Ship:
** Station:
** Operator:
# nquan = 28
# nvalues = 1010                        
# units = specified
# name 0 = prDM: Pressure, Digiquartz [db]
# name 1 = t090C: Temperature [ITS-90, deg C]
# name 2 = c0S/m: Conductivity [S/m]
# name 3 = sbeox0V: Oxygen raw, SBE 43 [V]
# name 4 = flC: Fluorescence, Chelsea Aqua 3 Chl Con [ug/l]
# name 5 = timeJ: Julian Days
# name 6 = latitude: Latitude [deg]
# name 7 = longitude: Longitude [deg]
# name 8 = par: PAR/Irradiance, Biospherical/Licor
# name 9 = sal00: Salinity, Practical [PSU]
# name 10 = potemp090C: Potential Temperature [ITS-90, deg C]
# name 11 = CStarTr0: Beam Transmission, WET Labs C-Star [%]
# name 12 = depSM: Depth [salt water, m]
# name 13 = timeQ: Time, NMEA [seconds]
# name 14 = v0: Voltage 0
# name 15 = v1: Voltage 1
# name 16 = v2: Voltage 2
# name 17 = v3: Voltage 3
# name 18 = v4: Voltage 4
# name 19 = v5: Voltage 5
# name 20 = v6: Voltage 6
# name 21 = v7: Voltage 7
# name 22 = potemp090C: Potential Temperature [ITS-90, deg C]
# name 23 = sal00: Salinity, Practical [PSU]
# name 24 = sigma-é00: Density [sigma-theta, kg/m^3]
# name 25 = sbeox0ML/L: Oxygen, SBE 43 [ml/l], WS = 2
# name 26 = sbeox0Mm/Kg: Oxygen, SBE 43 [umol/kg], WS = 2
# name 27 = flag: flag
# span 0 =      5.000,   1014.000       
# span 1 =     7.6435,    14.9018       
# span 2 =   3.656205,   4.338508       
# span 3 =     1.6769,     2.5855       
# span 4 =     0.0120,     1.4362       
# span 5 =   1.397332,   1.420671       
# span 6 =   48.84140,   48.84148       
# span 7 =  -16.52030,  -16.52022       
# span 8 = -1.038e-06, 2.8737e+01       
# span 9 =    35.2157,    35.5579       
# span 10 =     7.5378,    14.8999      
# span 11 =    88.7330,    99.9164      
# span 12 =      4.937,   1002.983      
# span 13 =  488539930,  488541946      
# span 14 =     0.6228,     2.3861      
# span 15 =     1.6773,     2.5852      
# span 16 =     4.1916,     4.7199      
# span 17 =     0.0060,     2.7616      
# span 18 =     0.0146,     0.3948      
# span 19 =     0.1933,     0.2186      
# span 20 =     0.0000,     1.0411      
# span 21 =     0.0000,     0.8978      
# span 22 =     7.5378,    14.8999      
# span 23 =    35.2081,    35.5587      
# span 24 =    26.3881,    27.5392      
# span 25 =    4.29262,    5.91919      
# span 26 =    186.790,    257.373      
# span 27 = 0.0000e+00, 0.0000e+00      
# interval = decibars: 1                
# start_time = Jan 01 2000 09:32:00 [NMEA time, first data scan]
# bad_flag = -9.990e-29
*END*
[from data line 829]
    834.000     9.5713   3.844661     1.8316     0.0231   1.412776   48.84142  -16.52026 1.0000e-12    35.4038     9.4735    99.7366    825.278  488541264     0.7830     1.8381     4.7114     0.0061     0.0386     0.2169     0.0000     0.0000     9.4735    35.4037    27.3566    4.61799    200.898 0.0000e+00
    835.000     9.5499   3.842604     1.8292     0.0231   1.412786   48.84142  -16.52026 1.0000e-12    35.4037     9.4521    99.7482    826.273  488541265     0.7827     1.8356     4.7119     0.0061     0.0431     0.2165     0.0000     0.0000     9.4521    35.4031    27.3597    4.61270    200.669 0.0000e+00
    836.000     9.5134   3.838616     1.8250     0.0185   1.412800   48.84142  -16.52026 1.0000e-12    35.3989     9.4157    99.7302    827.254  488541266     0.7228     1.8323     4.7111     0.0061     0.0334     0.2169     0.0000     0.0000     9.4157    35.3973    27.3613    4.59052    199.706 0.0000e+00
    837.000     9.4776   3.834739     1.8183     0.0176   1.412815   48.84142  -16.52026 1.0000e-12    35.3942     9.3800    99.7496    828.234  488541268     0.7104     1.8288     4.7120     0.0061     0.0339     0.2169     0.0000     0.0000     9.3800    35.3920    27.3630    4.56143    198.442 0.0000e+00
    838.000     9.4304   3.829329     1.8128     0.0184   1.412826   48.84143  -16.52026 1.0000e-12    35.3850     9.3330    99.7529    829.224  488541268     0.7215     1.8257     4.7121     0.0061     0.0374     0.2170     0.0000     0.0000     9.3330    35.3820    27.3630    4.54362    197.670 0.0000e+00
    839.000     9.4249   3.828804     1.8073     0.0184   1.412835   48.84144  -16.52026 1.0000e-12    35.3846     9.3274    99.7622    830.213  488541269     0.7211     1.8221     4.7126     0.0061     0.0384     0.2172     0.0000     0.0000     9.3274    35.3816    27.3635    4.51565    196.453 0.0000e+00
    840.000     9.4140   3.827527     1.8013     0.0191   1.412843   48.84144  -16.52026 1.0000e-12    35.3816     9.3164    99.7825    831.204  488541270     0.7312     1.8179     4.7136     0.0061     0.0355     0.2171     0.0000     0.0000     9.3164    35.3786    27.3631    4.48834    195.266 0.0000e+00
    841.000     9.3569   3.820940     1.7947     0.0188   1.412852   48.84144  -16.52024 1.0000e-12    35.3710     9.2596    99.7950    832.194  488541271     0.7269     1.8138     4.7142     0.0061     0.0354     0.2172     0.0000     0.0000     9.2596    35.3661    27.3626    4.46300    194.166 0.0000e+00
    842.000     9.2663   3.810968     1.7865     0.0197   1.412861   48.84144  -16.52024 1.0000e-12    35.3572     9.1694    99.7981    833.183  488541271     0.7396     1.8089     4.7143     0.0061     0.0347     0.2171     0.0000     0.0000     9.1694    35.3514    27.3660    4.44175    193.247 0.0000e+00
    843.000     9.2562   3.809845     1.7782     0.0204   1.412871   48.84145  -16.52025 1.0000e-12    35.3551     9.1593    99.8191    834.169  488541272     0.7479     1.8019     4.7153     0.0061     0.0396     0.2168     0.0000     0.0000     9.1593    35.3493    27.3659    4.42471    192.506 0.0000e+00
    844.000     9.2491   3.809079     1.7709     0.0206   1.412881   48.84146  -16.52026 1.0000e-12    35.3532     9.1520    99.8328    835.157  488541273     0.7509     1.7933     4.7159     0.0061     0.0379     0.2165     0.0000     0.0000     9.1521    35.3479    27.3660    4.41383    192.033 0.0000e+00
    845.000     9.2114   3.804903     1.7616     0.0185   1.412901   48.84146  -16.52026 1.0000e-12    35.3464     9.1145    99.8576    836.146  488541275     0.7226     1.7775     4.7171     0.0061     0.0349     0.2167     0.0000     0.0000     9.1145    35.3411    27.3668    4.40197    191.519 0.0000e+00
    846.000     9.1670   3.799863     1.7509     0.0195   1.412934   48.84146  -16.52026 1.0000e-12    35.3366     9.0703    99.8590    837.118  488541278     0.7364     1.7588     4.7171     0.0061     0.0291     0.2167     0.0000     0.0000     9.0703    35.3320    27.3669    4.38032    190.580 0.0000e+00
    847.000     9.1371   3.796238     1.7471     0.0190   1.412946   48.84146  -16.52024 1.0000e-12    35.3278     9.0405    99.8734    838.104  488541279     0.7293     1.7555     4.7178     0.0061     0.0306     0.2166     0.0000     0.0000     9.0405    35.3233    27.3649    4.36544    189.934 0.0000e+00
    848.000     9.0898   3.790776     1.7444     0.0183   1.412954   48.84147  -16.52024 1.0000e-12    35.3186     8.9933    99.8740    839.091  488541280     0.7199     1.7536     4.7178     0.0061     0.0272     0.2166     0.0000     0.0000     8.9933    35.3126    27.3642    4.36378    189.865 0.0000e+00
    849.000     9.0222   3.783417     1.7424     0.0178   1.412960   48.84148  -16.52024 1.0000e-12    35.3087     8.9260    99.8795    840.087  488541280     0.7136     1.7512     4.7181     0.0061     0.0265     0.2169     0.0000     0.0000     8.9260    35.3021    27.3668    4.37011    190.143 0.0000e+00
    850.000     8.9958   3.780451     1.7406     0.0170   1.412966   48.84148  -16.52024 1.0000e-12    35.3039     8.8997    99.8758    841.079  488541281     0.7015     1.7497     4.7179     0.0061     0.0281     0.2171     0.0000     0.0000     8.8997    35.2967    27.3668    4.38077    190.609 0.0000e+00
    851.000     8.9438   3.774152     1.7408     0.0169   1.412973   48.84148  -16.52024 1.0000e-12    35.2903     8.8479    99.8757    842.067  488541281     0.6998     1.7480     4.7179     0.0061     0.0370     0.2171     0.0000     0.0000     8.8479    35.2818    27.3634    4.41317    192.023 0.0000e+00
    852.000     8.8271   3.760987     1.7428     0.0169   1.412979   48.84148  -16.52024 1.0000e-12    35.2699     8.7318    99.8757    843.067  488541282     0.6998     1.7453     4.7179     0.0061     0.0324     0.2166     0.0000     0.0000     8.7318    35.2588    27.3638    4.46319    194.206 0.0000e+00
    853.000     8.6884   3.745741     1.7480     0.0166   1.412986   48.84148  -16.52025 1.0000e-12    35.2490     8.5939    99.8757    844.060  488541282     0.6956     1.7432     4.7179     0.0061     0.0263     0.2168     0.0000     0.0000     8.5939    35.2354    27.3674    4.51798    196.597 0.0000e+00
    854.000     8.7550   3.753217     1.7573     0.0185   1.413004   48.84148  -16.52026 1.0000e-12    35.2570     8.6599    99.8747    845.034  488541284     0.7230     1.7441     4.7179     0.0061     0.0270     0.2171     0.0000     0.0000     8.6599    35.2477    27.3665    4.50736    196.131 0.0000e+00
    855.000     8.7348   3.750830     1.7593     0.0196   1.413033   48.84148  -16.52026 1.0000e-12    35.2494     8.6397    99.8775    846.006  488541286     0.7382     1.7591     4.7180     0.0061     0.0200     0.2172     0.0000     0.0000     8.6397    35.2421    27.3654    4.48417    195.124 0.0000e+00
    856.000     8.6648   3.742933     1.7593     0.0180   1.413044   48.84148  -16.52026 1.0000e-12    35.2365     8.5701    99.8810    846.994  488541287     0.7156     1.7596     4.7182     0.0061     0.0171     0.2172     0.0000     0.0000     8.5701    35.2279    27.3651    4.51006    196.254 0.0000e+00
    857.000     8.5589   3.731402     1.7611     0.0198   1.413053   48.84148  -16.52024 1.0000e-12    35.2211     8.4648    99.8757    847.988  488541288     0.7407     1.7594     4.7179     0.0061     0.0211     0.2173     0.0000     0.0000     8.4648    35.2108    27.3683    4.53634    197.404 0.0000e+00
    858.000     8.5457   3.730051     1.7630     0.0197   1.413060   48.84148  -16.52024 1.0000e-12    35.2190     8.4515    99.8725    848.976  488541289     0.7392     1.7589     4.7178     0.0061     0.0238     0.2173     0.0000     0.0000     8.4515    35.2092    27.3691    4.54519    197.790 0.0000e+00
    859.000     8.5435   3.729804     1.7642     0.0178   1.413068   48.84148  -16.52024 1.0000e-12    35.2174     8.4492    99.8740    849.971  488541289     0.7130     1.7585     4.7178     0.0061     0.0221     0.2171     0.0000     0.0000     8.4492    35.2084    27.3688    4.54701    197.869 0.0000e+00
    860.000     8.5418   3.729667     1.7654     0.0174   1.413076   48.84148  -16.52024 1.0000e-12    35.2163     8.4474    99.8699    850.958  488541290     0.7083     1.7598     4.7176     0.0061     0.0246     0.2172     0.0000     0.0000     8.4474    35.2081    27.3689    4.55086    198.037 0.0000e+00
    861.000     8.5422   3.729813     1.7668     0.0160   1.413085   48.84148  -16.52024 1.0000e-12    35.2160     8.4477    99.8705    851.943  488541291     0.6864     1.7615     4.7177     0.0061     0.0317     0.2172     0.0000     0.0000     8.4477    35.2088    27.3693    4.55506    198.219 0.0000e+00
    862.000     8.5569   3.731656     1.7680     0.0164   1.413095   48.84148  -16.52024 1.0000e-12    35.2193     8.4622    99.8596    852.930  488541292     0.6937     1.7636     4.7172     0.0061     0.0271     0.2172     0.0000     0.0000     8.4622    35.2133    27.3706    4.55532    198.229 0.0000e+00
    863.000     8.5742   3.733884     1.7689     0.0162   1.413105   48.84148  -16.52024 1.0000e-12    35.2240     8.4793    99.8746    853.912  488541293     0.6895     1.7650     4.7178     0.0061     0.0317     0.2173     0.0000     0.0000     8.4793    35.2191    27.3725    4.54922    197.962 0.0000e+00
    864.000     8.6144   3.739121     1.7685     0.0160   1.413114   48.84148  -16.52025 1.0000e-12    35.2369     8.5190    99.8757    854.902  488541293     0.6863     1.7664     4.7179     0.0061     0.0286     0.2172     0.0000     0.0000     8.5190    35.2341    27.3780    4.52231    196.789 0.0000e+00
    865.000     8.6950   3.748855     1.7649     0.0182   1.413124   48.84148  -16.52026 1.0000e-12    35.2571     8.5990    99.8713    855.901  488541294     0.7185     1.7675     4.7177     0.0061     0.0229     0.2172     0.0000     0.0000     8.5990    35.2562    27.3828    4.48499    195.159 0.0000e+00
    866.000     8.6950   3.748665     1.7574     0.0187   1.413146   48.84148  -16.52026 1.0000e-12    35.2542     8.5989    99.8711    856.881  488541296     0.7262     1.7657     4.7177     0.0061     0.0235     0.2172     0.0000     0.0000     8.5989    35.2537    27.3809    4.47019    194.515 0.0000e+00
    867.000     8.6782   3.746879     1.7536     0.0172   1.413174   48.84148  -16.52025 1.0000e-12    35.2520     8.5821    99.8760    857.850  488541299     0.7054     1.7563     4.7179     0.0061     0.0186     0.2172     0.0000     0.0000     8.5821    35.2512    27.3816    4.47674    194.801 0.0000e+00
    868.000     8.7233   3.752517     1.7528     0.0165   1.413183   48.84148  -16.52024 1.0000e-12    35.2648     8.6268    99.8757    858.838  488541299     0.6952     1.7544     4.7179     0.0061     0.0222     0.2171     0.0000     0.0000     8.6267    35.2653    27.3856    4.45553    193.875 0.0000e+00
    869.000     8.7402   3.754603     1.7508     0.0175   1.413190   48.84148  -16.52024 1.0000e-12    35.2690     8.6435    99.8757    859.831  488541300     0.7087     1.7540     4.7179     0.0061     0.0256     0.2168     0.0000     0.0000     8.6435    35.2700    27.3867    4.43611    193.028 0.0000e+00
    870.000     8.7571   3.756685     1.7488     0.0176   1.413196   48.84148  -16.52024 1.0000e-12    35.2733     8.6601    99.8390    860.819  488541300     0.7103     1.7536     4.7162     0.0061     0.0303     0.2170     0.0000     0.0000     8.6601    35.2747    27.3877    4.42473    192.532 0.0000e+00
    871.000     8.7630   3.757520     1.7464     0.0193   1.413201   48.84148  -16.52024 1.0000e-12    35.2757     8.6659    99.8238    861.809  488541301     0.7344     1.7534     4.7155     0.0061     0.0308     0.2171     0.0000     0.0000     8.6659    35.2771    27.3887    4.41540    192.126 0.0000e+00
    872.000     8.7613   3.757514     1.7447     0.0206   1.413207   48.84148  -16.52024 1.0000e-12    35.2770     8.6641    99.8746    862.811  488541301     0.7509     1.7534     4.7178     0.0061     0.0280     0.2173     0.0000     0.0000     8.6641    35.2783    27.3899    4.41330    192.034 0.0000e+00
    873.000     8.7512   3.756674     1.7431     0.0201   1.413212   48.84148  -16.52026 1.0000e-12    35.2781     8.6539    99.8735    863.799  488541302     0.7452     1.7523     4.7178     0.0061     0.0261     0.2172     0.0000     0.0000     8.6539    35.2790    27.3921    4.41172    191.966 0.0000e+00
    874.000     8.7433   3.756031     1.7416     0.0200   1.413218   48.84148  -16.52026 1.0000e-12    35.2790     8.6459    99.8702    864.790  488541302     0.7434     1.7505     4.7176     0.0061     0.0244     0.2173     0.0000     0.0000     8.6459    35.2796    27.3938    4.40739    191.778 0.0000e+00
    875.000     8.7407   3.755830     1.7389     0.0209   1.413226   48.84148  -16.52026 1.0000e-12    35.2791     8.6432    99.8742    865.784  488541303     0.7555     1.7476     4.7178     0.0061     0.0339     0.2173     0.0000     0.0000     8.6432    35.2797    27.3943    4.40150    191.521 0.0000e+00
    876.000     8.7363   3.755449     1.7359     0.0219   1.413244   48.84148  -16.52026 1.0000e-12    35.2793     8.6387    99.8695    866.757  488541305     0.7673     1.7420     4.7176     0.0061     0.0327     0.2171     0.0000     0.0000     8.6387    35.2796    27.3949    4.40280    191.578 0.0000e+00
    877.000     8.7416   3.755672     1.7336     0.0165   1.413276   48.84148  -16.52027 1.0000e-12    35.2759     8.6439    99.8666    867.734  488541307     0.6947     1.7349     4.7175     0.0061     0.0264     0.2171     0.0000     0.0000     8.6439    35.2762    27.3914    4.40280    191.578 0.0000e+00
    878.000     8.7258   3.754418     1.7315     0.0215   1.413294   48.84148  -16.52026 1.0000e-12    35.2784     8.6281    99.8655    868.711  488541309     0.7617     1.7337     4.7174     0.0061     0.0214     0.2171     0.0000     0.0000     8.6281    35.2782    27.3955    4.38484    190.797 0.0000e+00
    879.000     8.7044   3.752471     1.7297     0.0251   1.413302   48.84148  -16.52025 1.0000e-12    35.2792     8.6067    99.8757    869.704  488541310     0.8054     1.7338     4.7179     0.0061     0.0273     0.2171     0.0000     0.0000     8.6067    35.2785    27.3991    4.37670    190.444 0.0000e+00
    880.000     8.6942   3.751459     1.7283     0.0231   1.413309   48.84148  -16.52024 1.0000e-12    35.2785     8.5965    99.8757    870.687  488541310     0.7825     1.7335     4.7179     0.0061     0.0380     0.2173     0.0000     0.0000     8.5965    35.2774    27.3999    4.37171    190.226 0.0000e+00
    881.000     8.6811   3.750151     1.7265     0.0209   1.413314   48.84146  -16.52024 1.0000e-12    35.2775     8.5834    99.8757    871.685  488541311     0.7551     1.7326     4.7179     0.0061     0.0264     0.2173     0.0000     0.0000     8.5833    35.2762    27.4010    4.37037    190.169 0.0000e+00
    882.000     8.6717   3.749211     1.7255     0.0208   1.413320   48.84146  -16.52024 1.0000e-12    35.2767     8.5738    99.8757    872.667  488541311     0.7538     1.7315     4.7179     0.0061     0.0299     0.2173     0.0000     0.0000     8.5738    35.2752    27.4017    4.37290    190.280 0.0000e+00
    883.000     8.6664   3.748721     1.7249     0.0223   1.413325   48.84146  -16.52025 1.0000e-12    35.2764     8.5684    99.8688    873.664  488541312     0.7729     1.7309     4.7176     0.0061     0.0413     0.2173     0.0000     0.0000     8.5685    35.2749    27.4023    4.37719    190.467 0.0000e+00
    884.000     8.6612   3.748251     1.7243     0.0220   1.413330   48.84146  -16.52026 1.0000e-12    35.2761     8.5632    99.8641    874.636  488541312     0.7689     1.7296     4.7174     0.0061     0.0325     0.2173     0.0000     0.0000     8.5632    35.2746    27.4029    4.38043    190.607 0.0000e+00
