Data/ruptures/DY032/PAP/d20150624_DY032_CTD02.cnv
* Sea-Bird SBE 9 Data File:
* FileName = C:\CTD\DY032\20150624_DY032_CTD02.hdr
* Software Version Seasave V 7.23.2
* Temperature SN = 2112
* Conductivity SN = 3159
* Number of Bytes Per Scan = 35
* Number of Voltage Words = 4
* Number of Scans Averaged by the Deck Unit = 1
* NMEA Latitude = 49 02.51 N
* NMEA Longitude = 016 24.61 W
* NMEA UTC (Time) = Jun 24 2015 15:53:01
** Ship:
** Station:
** Operator:
# nquan = 28
# nvalues = 4720                        
# units = specified
# name 0 = prDM: Pressure, Digiquartz [db]
# name 1 = t090C: Temperature [ITS-90, deg C]
# name 2 = c0S/m: Conductivity [S/m]
# name 3 = sbeox0V: Oxygen raw, SBE 43 [V]
# name 4 = flC: Fluorescence, Chelsea Aqua 3 Chl Con [ug/l]
# name 5 = timeJ: Julian Days
# name 6 = latitude: Latitude [deg]
# name 7 = longitude: Longitude [deg]
# name 8 = par: PAR/Irradiance, Biospherical/Licor
# name 9 = sal00: Salinity, Practical [PSU]
# name 10 = potemp090C: Potential Temperature [ITS-90, deg C]
# name 11 = CStarTr0: Beam Transmission, WET Labs C-Star [%]
# name 12 = depSM: Depth [salt water, m]
# name 13 = timeQ: Time, NMEA [seconds]
# name 14 = v0: Voltage 0
# name 15 = v1: Voltage 1
# name 16 = v2: Voltage 2
# name 17 = v3: Voltage 3
# name 18 = v4: Voltage 4
# name 19 = v5: Voltage 5
# name 20 = v6: Voltage 6
# name 21 = v7: Voltage 7
# name 22 = potemp090C: Potential Temperature [ITS-90, deg C]
# name 23 = sal00: Salinity, Practical [PSU]
# name 24 = sigma-é00: Density [sigma-theta, kg/m^3]
# name 25 = sbeox0ML/L: Oxygen, SBE 43 [ml/l], WS = 2
# name 26 = sbeox0Mm/Kg: Oxygen, SBE 43 [umol/kg], WS = 2
# name 27 = flag: flag
# span 0 =      6.000,   4725.000       
# span 1 =     2.5513,    15.6027       
# span 2 =   3.278284,   4.411120       
# span 3 =     1.2411,     2.6844       
# span 4 =     0.0023,     1.7985       
# span 5 = 175.673281, 175.745849       
# span 6 =   49.03462,   49.04080       
# span 7 =  -16.41022,  -16.41010       
# span 8 = 1.0000e-12, 2.5260e+02       
# span 9 =    34.9045,    35.5796       
# span 10 =     2.1213,    15.6014      
# span 11 =    83.5842,   100.0679      
# span 12 =      5.939,   4633.601      
# span 13 =  488477372,  488483642      
# span 14 =     0.4075,     2.4829      
# span 15 =     1.2187,     2.6854      
# span 16 =     3.9484,     4.7270      
# span 17 =     0.0060,     3.7038      
# span 18 =     0.0123,     0.2915      
# span 19 =     0.0000,     0.0000      
# span 20 =     0.0000,     0.0000      
# span 21 =     0.0000,     0.0000      
# span 22 =     2.1213,    15.6014      
# span 23 =    34.9046,    35.5796      
# span 24 =    26.2519,    27.8860      
# span 25 =    4.24037,    6.23327      
# span 26 =    184.505,    271.035      
# span 27 = 0.0000e+00, 0.0000e+00      
# interval = decibars: 1                
# start_time = Jun 24 2015 16:09:17 [NMEA time, first data scan]
# bad_flag = -9.990e-29
*END*
[from data line 2538]
   2544.000     3.2886   3.294191     1.6388     0.0277 175.719611   49.03554  -16.41016 1.0000e-12    34.9321     3.0790    99.4621   2507.228  488481374     0.8341     1.6264     4.6984     0.0061     0.0148     0.0000     0.0000     0.0000     3.0790    34.9320    27.8235    5.83084    254.095 0.0000e+00
   2545.000     3.2887   3.294223     1.6388     0.0246 175.719626   49.03554  -16.41016 1.0000e-12    34.9319     3.0790    99.4621   2508.215  488481376     0.7991     1.6264     4.6984     0.0061     0.0159     0.0000     0.0000     0.0000     3.0790    34.9318    27.8234    5.83116    254.109 0.0000e+00
   2546.000     3.2914   3.294529     1.6376     0.0198 175.719687   49.03552  -16.41014 1.0000e-12    34.9321     3.0816    99.4621   2509.164  488481381     0.7400     1.6264     4.6984     0.0061     0.0144     0.0000     0.0000     0.0000     3.0815    34.9321    27.8233    5.80952    253.165 0.0000e+00
   2547.000     3.2876   3.294251     1.6373     0.0166 175.719692   49.03552  -16.41014 1.0000e-12    34.9325     3.0777    99.4621   2510.158  488481381     0.6962     1.6264     4.6984     0.0061     0.0159     0.0000     0.0000     0.0000     3.0777    34.9324    27.8239    5.80693    253.053 0.0000e+00
   2548.000     3.2845   3.294042     1.6364     0.0187 175.719698   49.03552  -16.41014 1.0000e-12    34.9329     3.0746    99.4621   2511.147  488481382     0.7261     1.6263     4.6984     0.0061     0.0204     0.0000     0.0000     0.0000     3.0746    34.9326    27.8244    5.80660    253.039 0.0000e+00
   2549.000     3.2826   3.293922     1.6363     0.0190 175.719703   49.03552  -16.41014 1.0000e-12    34.9331     3.0726    99.4621   2512.104  488481382     0.7302     1.6260     4.6984     0.0061     0.0202     0.0000     0.0000     0.0000     3.0726    34.9328    27.8248    5.81527    253.417 0.0000e+00
   2550.000     3.2823   3.293931     1.6363     0.0192 175.719708   49.03552  -16.41014 1.0000e-12    34.9330     3.0722    99.4621   2513.098  488481383     0.7330     1.6256     4.6984     0.0061     0.0183     0.0000     0.0000     0.0000     3.0722    34.9327    27.8247    5.82442    253.815 0.0000e+00
   2551.000     3.2820   3.293929     1.6364     0.0166 175.719713   49.03552  -16.41014 1.0000e-12    34.9328     3.0718    99.4621   2514.109  488481383     0.6959     1.6252     4.6984     0.0061     0.0169     0.0000     0.0000     0.0000     3.0718    34.9326    27.8246    5.82606    253.887 0.0000e+00
   2552.000     3.2820   3.293967     1.6364     0.0131 175.719719   49.03552  -16.41014 1.0000e-12    34.9329     3.0717    99.4621   2515.074  488481384     0.6410     1.6249     4.6984     0.0061     0.0159     0.0000     0.0000     0.0000     3.0717    34.9326    27.8247    5.82603    253.885 0.0000e+00
   2553.000     3.2815   3.293965     1.6364     0.0174 175.719726   49.03552  -16.41015 1.0000e-12    34.9329     3.0711    99.4621   2516.067  488481384     0.7058     1.6242     4.6984     0.0061     0.0159     0.0000     0.0000     0.0000     3.0711    34.9326    27.8247    5.82637    253.900 0.0000e+00
   2554.000     3.2833   3.294148     1.6363     0.0223 175.719763   49.03553  -16.41016 1.0000e-12    34.9325     3.0728    99.4621   2517.027  488481388     0.7725     1.6238     4.6984     0.0061     0.0135     0.0000     0.0000     0.0000     3.0728    34.9324    27.8244    5.82735    253.943 0.0000e+00
   2555.000     3.2839   3.294242     1.6359     0.0191 175.719809   49.03554  -16.41014 1.0000e-12    34.9325     3.0733    99.4621   2517.987  488481392     0.7311     1.6239     4.6984     0.0061     0.0146     0.0000     0.0000     0.0000     3.0733    34.9325    27.8244    5.80748    253.077 0.0000e+00
   2556.000     3.2825   3.294168     1.6347     0.0187 175.719817   49.03554  -16.41014 1.0000e-12    34.9327     3.0718    99.4621   2518.968  488481392     0.7260     1.6239     4.6984     0.0061     0.0421     0.0000     0.0000     0.0000     3.0718    34.9325    27.8246    5.79534    252.548 0.0000e+00
   2557.000     3.2794   3.293950     1.6339     0.0178 175.719824   49.03552  -16.41014 1.0000e-12    34.9330     3.0686    99.4621   2519.954  488481393     0.7126     1.6238     4.6984     0.0061     0.0180     0.0000     0.0000     0.0000     3.0686    34.9328    27.8251    5.80335    252.897 0.0000e+00
   2558.000     3.2787   3.293942     1.6339     0.0170 175.719831   49.03552  -16.41014 1.0000e-12    34.9332     3.0679    99.4621   2520.918  488481393     0.7022     1.6236     4.6984     0.0061     0.0183     0.0000     0.0000     0.0000     3.0678    34.9330    27.8254    5.81596    253.447 0.0000e+00
   2559.000     3.2782   3.293953     1.6339     0.0158 175.719836   49.03552  -16.41014 1.0000e-12    34.9333     3.0673    99.4621   2521.922  488481394     0.6842     1.6229     4.6984     0.0061     0.0183     0.0000     0.0000     0.0000     3.0673    34.9332    27.8255    5.81192    253.271 0.0000e+00
   2560.000     3.2780   3.293946     1.6337     0.0125 175.719841   49.03552  -16.41014 1.0000e-12    34.9330     3.0670    99.4621   2522.911  488481394     0.6307     1.6229     4.6984     0.0061     0.0182     0.0000     0.0000     0.0000     3.0670    34.9328    27.8253    5.80678    253.047 0.0000e+00
   2561.000     3.2780   3.293998     1.6333     0.0113 175.719847   49.03552  -16.41014 1.0000e-12    34.9332     3.0669    99.4621   2523.872  488481395     0.6107     1.6220     4.6984     0.0061     0.0160     0.0000     0.0000     0.0000     3.0669    34.9330    27.8254    5.80820    253.109 0.0000e+00
   2562.000     3.2778   3.293999     1.6330     0.0113 175.719852   49.03552  -16.41014 1.0000e-12    34.9329     3.0666    99.4596   2524.876  488481395     0.6106     1.6215     4.6983     0.0061     0.0145     0.0000     0.0000     0.0000     3.0666    34.9328    27.8253    5.81688    253.487 0.0000e+00
   2563.000     3.2769   3.293975     1.6334     0.0128 175.719857   49.03554  -16.41016 1.0000e-12    34.9331     3.0656    99.4621   2525.854  488481396     0.6367     1.6215     4.6984     0.0061     0.0137     0.0000     0.0000     0.0000     3.0656    34.9330    27.8255    5.82667    253.914 0.0000e+00
   2564.000     3.2760   3.293942     1.6336     0.0174 175.719874   49.03554  -16.41016 1.0000e-12    34.9333     3.0646    99.4621   2526.855  488481397     0.7065     1.6214     4.6984     0.0061     0.0168     0.0000     0.0000     0.0000     3.0646    34.9331    27.8257    5.82645    253.904 0.0000e+00
   2565.000     3.2784   3.294198     1.6327     0.0207 175.719933   49.03554  -16.41014 1.0000e-12    34.9331     3.0669    99.4621   2527.799  488481402     0.7525     1.6204     4.6984     0.0061     0.0209     0.0000     0.0000     0.0000     3.0669    34.9331    27.8255    5.80965    253.172 0.0000e+00
   2566.000     3.2780   3.294192     1.6325     0.0203 175.719939   49.03554  -16.41014 1.0000e-12    34.9331     3.0663    99.4621   2528.783  488481403     0.7471     1.6205     4.6984     0.0061     0.0173     0.0000     0.0000     0.0000     3.0664    34.9330    27.8255    5.80273    252.871 0.0000e+00
   2567.000     3.2750   3.293973     1.6320     0.0187 175.719945   49.03554  -16.41014 1.0000e-12    34.9333     3.0633    99.4621   2529.776  488481403     0.7263     1.6203     4.6984     0.0061     0.0159     0.0000     0.0000     0.0000     3.0633    34.9331    27.8259    5.80209    252.843 0.0000e+00
   2568.000     3.2727   3.293816     1.6317     0.0179 175.719952   49.03554  -16.41014 1.0000e-12    34.9334     3.0610    99.4621   2530.749  488481404     0.7141     1.6203     4.6984     0.0061     0.0161     0.0000     0.0000     0.0000     3.0609    34.9333    27.8262    5.80768    253.086 0.0000e+00
   2569.000     3.2715   3.293739     1.6315     0.0180 175.719963   49.03554  -16.41014 1.0000e-12    34.9333     3.0597    99.4621   2531.724  488481405     0.7154     1.6202     4.6984     0.0061     0.0182     0.0000     0.0000     0.0000     3.0597    34.9331    27.8262    5.80888    253.139 0.0000e+00
   2570.000     3.2678   3.293453     1.6311     0.0175 175.719978   49.03554  -16.41014 1.0000e-12    34.9335     3.0559    99.4621   2532.697  488481406     0.7096     1.6193     4.6984     0.0061     0.0183     0.0000     0.0000     0.0000     3.0560    34.9332    27.8266    5.81394    253.359 0.0000e+00
   2571.000     3.2679   3.293508     1.6316     0.0189 175.719992   49.03554  -16.41014 1.0000e-12    34.9335     3.0559    99.4621   2533.670  488481407     0.7292     1.6190     4.6984     0.0061     0.0208     0.0000     0.0000     0.0000     3.0559    34.9333    27.8267    5.82237    253.727 0.0000e+00
   2572.000     3.2672   3.293485     1.6316     0.0190 175.720003   49.03554  -16.41015 1.0000e-12    34.9335     3.0551    99.4610   2534.658  488481408     0.7298     1.6185     4.6983     0.0061     0.0215     0.0000     0.0000     0.0000     3.0552    34.9333    27.8268    5.81869    253.567 0.0000e+00
   2573.000     3.2659   3.293419     1.6315     0.0181 175.720018   49.03554  -16.41016 1.0000e-12    34.9336     3.0538    99.4620   2535.646  488481410     0.7176     1.6189     4.6984     0.0061     0.0186     0.0000     0.0000     0.0000     3.0538    34.9334    27.8270    5.81784    253.530 0.0000e+00
   2574.000     3.2667   3.293533     1.6301     0.0159 175.720067   49.03554  -16.41014 1.0000e-12    34.9335     3.0545    99.4621   2536.595  488481414     0.6863     1.6190     4.6984     0.0061     0.0164     0.0000     0.0000     0.0000     3.0545    34.9334    27.8269    5.79784    252.658 0.0000e+00
   2575.000     3.2650   3.293418     1.6296     0.0177 175.720073   49.03554  -16.41014 1.0000e-12    34.9336     3.0527    99.4621   2537.587  488481414     0.7124     1.6188     4.6984     0.0061     0.0182     0.0000     0.0000     0.0000     3.0527    34.9334    27.8271    5.79840    252.683 0.0000e+00
   2576.000     3.2616   3.293171     1.6295     0.0177 175.720079   49.03554  -16.41014 1.0000e-12    34.9338     3.0493    99.4621   2538.576  488481415     0.7118     1.6184     4.6984     0.0061     0.0251     0.0000     0.0000     0.0000     3.0493    34.9336    27.8275    5.80079    252.787 0.0000e+00
   2577.000     3.2603   3.293093     1.6293     0.0151 175.720085   49.03554  -16.41014 1.0000e-12    34.9338     3.0479    99.4621   2539.548  488481415     0.6731     1.6183     4.6984     0.0061     0.0234     0.0000     0.0000     0.0000     3.0479    34.9335    27.8276    5.80500    252.971 0.0000e+00
   2578.000     3.2602   3.293116     1.6291     0.0140 175.720091   49.03554  -16.41014 1.0000e-12    34.9338     3.0477    99.4581   2540.540  488481416     0.6566     1.6174     4.6982     0.0061     0.0210     0.0000     0.0000     0.0000     3.0477    34.9335    27.8276    5.80921    253.154 0.0000e+00
   2579.000     3.2595   3.293096     1.6291     0.0148 175.720098   49.03554  -16.41014 1.0000e-12    34.9338     3.0469    99.4584   2541.516  488481416     0.6683     1.6175     4.6982     0.0061     0.0183     0.0000     0.0000     0.0000     3.0469    34.9335    27.8277    5.81195    253.273 0.0000e+00
   2580.000     3.2568   3.292898     1.6292     0.0149 175.720105   49.03554  -16.41014 1.0000e-12    34.9339     3.0442    99.4607   2542.514  488481417     0.6710     1.6171     4.6983     0.0061     0.0150     0.0000     0.0000     0.0000     3.0442    34.9336    27.8280    5.81715    253.500 0.0000e+00
   2581.000     3.2599   3.293208     1.6293     0.0163 175.720135   49.03554  -16.41016 1.0000e-12    34.9336     3.0472    99.4594   2543.477  488481420     0.6821     1.6168     4.6983     0.0061     0.0153     0.0000     0.0000     0.0000     3.0471    34.9335    27.8277    5.81412    253.368 0.0000e+00
   2582.000     3.2588   3.293150     1.6292     0.0232 175.720164   49.03554  -16.41016 1.0000e-12    34.9336     3.0460    99.4586   2544.450  488481422     0.7828     1.6167     4.6982     0.0061     0.0156     0.0000     0.0000     0.0000     3.0459    34.9335    27.8278    5.80577    253.005 0.0000e+00
   2583.000     3.2533   3.292725     1.6281     0.0199 175.720175   49.03552  -16.41016 1.0000e-12    34.9341     3.0404    99.4611   2545.433  488481423     0.7411     1.6168     4.6984     0.0061     0.0147     0.0000     0.0000     0.0000     3.0404    34.9338    27.8285    5.79491    252.532 0.0000e+00
   2584.000     3.2523   3.292665     1.6285     0.0213 175.720187   49.03552  -16.41016 1.0000e-12    34.9341     3.0393    99.4599   2546.408  488481424     0.7590     1.6166     4.6983     0.0061     0.0147     0.0000     0.0000     0.0000     3.0393    34.9337    27.8286    5.82902    254.018 0.0000e+00
   2585.000     3.2521   3.292693     1.6289     0.0239 175.720197   49.03552  -16.41014 1.0000e-12    34.9340     3.0390    99.4621   2547.387  488481425     0.7918     1.6166     4.6984     0.0061     0.0175     0.0000     0.0000     0.0000     3.0390    34.9338    27.8287    5.81707    253.497 0.0000e+00
   2586.000     3.2517   3.292702     1.6288     0.0225 175.720206   49.03552  -16.41014 1.0000e-12    34.9341     3.0386    99.4593   2548.363  488481426     0.7751     1.6150     4.6983     0.0061     0.0160     0.0000     0.0000     0.0000     3.0386    34.9338    27.8287    5.81086    253.227 0.0000e+00
   2587.000     3.2512   3.292694     1.6284     0.0227 175.720215   49.03552  -16.41015 1.0000e-12    34.9341     3.0380    99.4589   2549.353  488481427     0.7776     1.6158     4.6983     0.0061     0.0159     0.0000     0.0000     0.0000     3.0379    34.9338    27.8288    5.81284    253.313 0.0000e+00
   2588.000     3.2503   3.292665     1.6286     0.0193 175.720223   49.03552  -16.41016 1.0000e-12    34.9342     3.0370    99.4607   2550.335  488481427     0.7345     1.6164     4.6983     0.0061     0.0139     0.0000     0.0000     0.0000     3.0370    34.9340    27.8290    5.81724    253.505 0.0000e+00
   2589.000     3.2503   3.292701     1.6285     0.0271 175.720236   49.03552  -16.41016 1.0000e-12    34.9341     3.0369    99.4607   2551.321  488481428     0.8249     1.6161     4.6983     0.0061     0.0181     0.0000     0.0000     0.0000     3.0369    34.9339    27.8290    5.81923    253.591 0.0000e+00
   2590.000     3.2517   3.292859     1.6275     0.0244 175.720283   49.03552  -16.41016 1.0000e-12    34.9340     3.0381    99.4610   2552.269  488481433     0.7977     1.6159     4.6983     0.0061     0.0169     0.0000     0.0000     0.0000     3.0381    34.9339    27.8289    5.79774    252.655 0.0000e+00
   2591.000     3.2488   3.292671     1.6269     0.0245 175.720290   49.03552  -16.41016 1.0000e-12    34.9344     3.0352    99.4605   2553.260  488481433     0.7988     1.6155     4.6983     0.0061     0.0189     0.0000     0.0000     0.0000     3.0352    34.9342    27.8294    5.80230    252.854 0.0000e+00
   2592.000     3.2473   3.292580     1.6268     0.0249 175.720297   49.03552  -16.41016 1.0000e-12    34.9345     3.0336    99.4584   2554.238  488481434     0.8030     1.6154     4.6982     0.0061     0.0203     0.0000     0.0000     0.0000     3.0336    34.9343    27.8296    5.81010    253.194 0.0000e+00
   2593.000     3.2453   3.292452     1.6268     0.0251 175.720304   49.03552  -16.41016 1.0000e-12    34.9347     3.0315    99.4566   2555.227  488481434     0.8051     1.6152     4.6981     0.0061     0.0182     0.0000     0.0000     0.0000     3.0315    34.9345    27.8299    5.81032    253.204 0.0000e+00
