Data/ruptures/DY032/PAP/d20150627_DY032_CTD05.cnv
* Sea-Bird SBE 9 Data File:
* FileName = C:\CTD\DY032\20150627_DY032_CTD05.hdr
* Software Version Seasave V 7.23.2
* Temperature SN = 2112
* Conductivity SN = 3159
* Number of Bytes Per Scan = 35
* Number of Voltage Words = 4
* Number of Scans Averaged by the Deck Unit = 1
* NMEA Latitude = 49 04.45 N
* NMEA Longitude = 016 15.67 W
* NMEA UTC (Time) = Jun 27 2015 15:51:42
** Ship:
** Station:
** Operator:
# nquan = 28
# nvalues = 1010                        
# units = specified
# name 0 = prDM: Pressure, Digiquartz [db]
# name 1 = t090C: Temperature [ITS-90, deg C]
# name 2 = c0S/m: Conductivity [S/m]
# name 3 = sbeox0V: Oxygen raw, SBE 43 [V]
# name 4 = flC: Fluorescence, Chelsea Aqua 3 Chl Con [ug/l]
# name 5 = timeJ: Julian Days
# name 6 = latitude: Latitude [deg]
# name 7 = longitude: Longitude [deg]
# name 8 = par: PAR/Irradiance, Biospherical/Licor
# name 9 = sal00: Salinity, Practical [PSU]
# name 10 = potemp090C: Potential Temperature [ITS-90, deg C]
# name 11 = CStarTr0: Beam Transmission, WET Labs C-Star [%]
# name 12 = depSM: Depth [salt water, m]
# name 13 = timeQ: Time, NMEA [seconds]
# name 14 = v0: Voltage 0
# name 15 = v1: Voltage 1
# name 16 = v2: Voltage 2
# name 17 = v3: Voltage 3
# name 18 = v4: Voltage 4
# name 19 = v5: Voltage 5
# name 20 = v6: Voltage 6
# name 21 = v7: Voltage 7
# name 22 = potemp090C: Potential Temperature [ITS-90, deg C]
# name 23 = sal00: Salinity, Practical [PSU]
# name 24 = sigma-é00: Density [sigma-theta, kg/m^3]
# name 25 = sbeox0ML/L: Oxygen, SBE 43 [ml/l], WS = 2
# name 26 = sbeox0Mm/Kg: Oxygen, SBE 43 [umol/kg], WS = 2
# name 27 = flag: flag
# span 0 =      6.000,   1015.000       
# span 1 =     8.3915,    15.0183       
# span 2 =   3.736444,   4.350068       
# span 3 =     1.6678,     2.5458       
# span 4 =     0.0088,     1.6378       
# span 5 = 178.668002, 178.692441       
# span 6 =   49.07195,   49.07404       
# span 7 =  -16.26412,  -16.26134       
# span 8 = 1.0000e-12, 4.1914e+01       
# span 9 =    35.3160,    35.5601       
# span 10 =     8.2806,    15.0174      
# span 11 =    89.5960,    99.9615      
# span 12 =      5.936,   1003.959      
# span 13 =  488736115,  488738226      
# span 14 =     0.5632,     2.4423      
# span 15 =     1.6665,     2.5465      
# span 16 =     4.2324,     4.7220      
# span 17 =     0.0061,     2.9226      
# span 18 =     0.0161,     0.3434      
# span 19 =    -0.0482,     2.8790      
# span 20 =     0.0000,     0.0000      
# span 21 =     0.2112,     0.2262      
# span 22 =     8.2806,    15.0174      
# span 23 =    35.3129,    35.5596      
# span 24 =    26.3613,    27.5215      
# span 25 =    4.25052,    5.77452      
# span 26 =    184.938,    251.094      
# span 27 = 0.0000e+00, 0.0000e+00      
# interval = decibars: 1                
# start_time = Jun 27 2015 16:01:41 [NMEA time, first data scan]
# bad_flag = -9.990e-29
*END*
[from data line 777]
    783.000     9.8093   3.861830     1.9146     0.0254 178.686861   49.07246  -16.26329 1.0000e-12    35.3704     9.7164    99.9023    774.892  488737744     0.8090     1.9096     4.7192     0.0061     0.0246     0.3603     0.0000     0.2247     9.7164    35.3700    27.2895    4.89441    212.921 0.0000e+00
    784.000     9.8136   3.862561     1.9202     0.0203 178.686876   49.07246  -16.26330 1.0000e-12    35.3731     9.7205    99.8981    775.878  488737746     0.7461     1.9103     4.7190     0.0061     0.0212     0.5066     0.0000     0.2247     9.7205    35.3729    27.2910    4.93385    214.636 0.0000e+00
    785.000     9.8054   3.861883     1.9273     0.0186 178.686891   49.07246  -16.26330 1.0000e-12    35.3739     9.7123    99.8873    776.867  488737747     0.7246     1.9126     4.7185     0.0061     0.0201     0.2803     0.0000     0.2247     9.7123    35.3735    27.2928    4.95273    215.458 0.0000e+00
    786.000     9.7889   3.860230     1.9295     0.0197 178.686922   49.07245  -16.26330 1.0000e-12    35.3730     9.6957    99.8905    777.857  488737750     0.7378     1.9221     4.7186     0.0061     0.0187     0.2186     0.0000     0.2247     9.6957    35.3723    27.2947    4.93819    214.826 0.0000e+00
    787.000     9.8047   3.861797     1.9240     0.0214 178.686967   49.07244  -16.26330 1.0000e-12    35.3726     9.7113    99.9004    778.828  488737753     0.7612     1.9275     4.7191     0.0061     0.0238     0.5206     0.0000     0.2247     9.7113    35.3724    27.2922    4.92299    214.164 0.0000e+00
    788.000     9.7854   3.860047     1.9266     0.0164 178.686972   49.07244  -16.26330 1.0000e-12    35.3735     9.6920    99.9015    779.825  488737754     0.6929     1.9245     4.7192     0.0061     0.0217     0.5765     0.0000     0.2247     9.6920    35.3729    27.2958    4.94184    214.985 0.0000e+00
    789.000     9.7814   3.859721     1.9279     0.0203 178.686980   49.07244  -16.26330 1.0000e-12    35.3738     9.6879    99.8996    780.817  488737755     0.7464     1.9225     4.7191     0.0061     0.0225    -0.0086     0.0000     0.2247     9.6879    35.3730    27.2966    4.94465    215.107 0.0000e+00
    790.000     9.7684   3.858254     1.9294     0.0215 178.686987   49.07244  -16.26330 1.0000e-12    35.3713     9.6748    99.8958    781.819  488737755     0.7624     1.9219     4.7189     0.0061     0.0230     0.4721     0.0000     0.2247     9.6748    35.3703    27.2967    4.94933    215.312 0.0000e+00
    791.000     9.7646   3.857925     1.9315     0.0218 178.687020   49.07244  -16.26331 1.0000e-12    35.3710     9.6709    99.8862    782.806  488737758     0.7616     1.9263     4.7184     0.0061     0.0200     0.5088     0.0000     0.2247     9.6709    35.3702    27.2973    4.94577    215.157 0.0000e+00
    792.000     9.7675   3.858255     1.9311     0.0200 178.687065   49.07244  -16.26332 1.0000e-12    35.3709     9.6737    99.8864    783.783  488737762     0.7429     1.9315     4.7184     0.0061     0.0166     0.3021     0.0000     0.2247     9.6737    35.3703    27.2969    4.92369    214.196 0.0000e+00
    793.000     9.7325   3.854498     1.9260     0.0205 178.687082   49.07244  -16.26332 1.0000e-12    35.3669     9.6389    99.8862    784.770  488737763     0.7503     1.9309     4.7184     0.0061     0.0205     0.4633     0.0000     0.2247     9.6388    35.3654    27.2990    4.89377    212.896 0.0000e+00
    794.000     9.6924   3.850230     1.9166     0.0189 178.687100   49.07242  -16.26332 1.0000e-12    35.3625     9.5988    99.8917    785.757  488737765     0.7287     1.9275     4.7187     0.0061     0.0238     0.2229     0.0000     0.2247     9.5988    35.3604    27.3017    4.86114    211.478 0.0000e+00
    795.000     9.6781   3.848737     1.9076     0.0189 178.687122   49.07242  -16.26332 1.0000e-12    35.3606     9.5845    99.8914    786.745  488737767     0.7282     1.9182     4.7187     0.0061     0.0244     0.3412     0.0000     0.2247     9.5845    35.3586    27.3027    4.84496    210.776 0.0000e+00
    796.000     9.6866   3.849667     1.9023     0.0191 178.687157   49.07242  -16.26333 1.0000e-12    35.3605     9.5928    99.8884    787.730  488737770     0.7303     1.9045     4.7185     0.0061     0.0248     0.3659     0.0000     0.2247     9.5928    35.3594    27.3020    4.84755    210.888 0.0000e+00
    797.000     9.6851   3.849521     1.8994     0.0142 178.687189   49.07242  -16.26332 1.0000e-12    35.3598     9.5912    99.8822    788.706  488737773     0.6590     1.8996     4.7182     0.0061     0.0227     0.5911     0.0000     0.2247     9.5912    35.3589    27.3019    4.82030    209.702 0.0000e+00
    798.000     9.6563   3.846488     1.8952     0.0145 178.687199   49.07242  -16.26332 1.0000e-12    35.3568     9.5624    99.9019    789.697  488737774     0.6633     1.8999     4.7192     0.0061     0.0239    -0.0101     0.0000     0.2247     9.5624    35.3555    27.3040    4.80263    208.935 0.0000e+00
    799.000     9.6531   3.846214     1.8924     0.0198 178.687208   49.07242  -16.26333 1.0000e-12    35.3568     9.5591    99.9015    790.692  488737774     0.7398     1.8995     4.7192     0.0061     0.0256     0.5424     0.0000     0.2247     9.5591    35.3553    27.3045    4.80210    208.912 0.0000e+00
    800.000     9.6524   3.846172     1.8908     0.0201 178.687215   49.07242  -16.26334 1.0000e-12    35.3565     9.5583    99.8955    791.689  488737775     0.7448     1.8977     4.7189     0.0061     0.0256     0.5098     0.0000     0.2247     9.5583    35.3551    27.3044    4.80435    209.010 0.0000e+00
    801.000     9.6481   3.845744     1.8891     0.0222 178.687226   49.07240  -16.26334 1.0000e-12    35.3557     9.5539    99.8953    792.687  488737776     0.7714     1.8942     4.7189     0.0061     0.0241     0.2932     0.0000     0.2247     9.5539    35.3545    27.3047    4.80130    208.878 0.0000e+00
    802.000     9.6614   3.847244     1.8877     0.0210 178.687293   49.07240  -16.26334 1.0000e-12    35.3568     9.5670    99.9021    793.648  488737782     0.7569     1.8856     4.7192     0.0061     0.0191     0.6005     0.0000     0.2247     9.5670    35.3564    27.3040    4.81122    209.308 0.0000e+00
    803.000     9.6595   3.847193     1.8889     0.0241 178.687304   49.07240  -16.26334 1.0000e-12    35.3576     9.5650    99.9003    794.643  488737783     0.7939     1.8864     4.7191     0.0061     0.0215     0.1448     0.0000     0.2247     9.5650    35.3573    27.3050    4.83726    210.441 0.0000e+00
    804.000     9.6908   3.851319     1.8939     0.0228 178.687314   49.07240  -16.26335 1.0000e-12    35.3682     9.5960    99.8805    795.637  488737784     0.7783     1.8860     4.7181     0.0061     0.0230     0.3573     0.0000     0.2247     9.5960    35.3686    27.3087    4.87333    212.008 0.0000e+00
    805.000     9.7001   3.852432     1.9021     0.0192 178.687342   49.07240  -16.26337 1.0000e-12    35.3700     9.6051    99.8839    796.623  488737786     0.7320     1.8931     4.7183     0.0061     0.0269     0.3674     0.0000     0.2247     9.6051    35.3706    27.3086    4.87805    212.213 0.0000e+00
    806.000     9.6955   3.851875     1.9056     0.0187 178.687381   49.07240  -16.26337 1.0000e-12    35.3686     9.6004    99.8738    797.603  488737789     0.7263     1.9040     4.7178     0.0061     0.0352     0.2447     0.0000     0.2247     9.6004    35.3689    27.3081    4.88611    212.564 0.0000e+00
    807.000     9.7437   3.858180     1.9098     0.0165 178.687397   49.07240  -16.26336 1.0000e-12    35.3845     9.6482    99.8756    798.598  488737791     0.6951     1.9022     4.7179     0.0061     0.0268     0.4258     0.0000     0.2247     9.6482    35.3860    27.3134    4.89816    213.084 0.0000e+00
    808.000     9.7577   3.859919     1.9128     0.0193 178.687418   49.07240  -16.26337 1.0000e-12    35.3883     9.6620    99.8736    799.576  488737793     0.7335     1.9057     4.7178     0.0061     0.0242     0.4465     0.0000     0.2247     9.6620    35.3897    27.3140    4.88765    212.625 0.0000e+00
    809.000     9.7610   3.860400     1.9114     0.0208 178.687432   49.07239  -16.26338 1.0000e-12    35.3896     9.6651    99.8514    800.564  488737794     0.7542     1.9091     4.7168     0.0061     0.0252     0.2822     0.0000     0.2247     9.6651    35.3910    27.3145    4.86944    211.833 0.0000e+00
    810.000     9.7643   3.860867     1.9090     0.0183 178.687441   49.07238  -16.26338 1.0000e-12    35.3909     9.6683    99.8498    801.560  488737795     0.7200     1.9106     4.7167     0.0061     0.0249     0.1210     0.0000     0.2247     9.6683    35.3921    27.3149    4.85516    211.211 0.0000e+00
    811.000     9.7355   3.857758     1.9063     0.0187 178.687452   49.07238  -16.26339 1.0000e-12    35.3875     9.6396    99.8498    802.562  488737795     0.7262     1.9101     4.7167     0.0061     0.0278     0.5118     0.0000     0.2247     9.6396    35.3879    27.3164    4.84857    210.926 0.0000e+00
    812.000     9.7444   3.858534     1.9058     0.0195 178.687512   49.07238  -16.26340 1.0000e-12    35.3865     9.6482    99.8617    803.528  488737801     0.7369     1.9025     4.7173     0.0061     0.0232     0.2922     0.0000     0.2247     9.6483    35.3868    27.3141    4.84591    210.811 0.0000e+00
    813.000     9.7147   3.855420     1.9007     0.0184 178.687524   49.07238  -16.26340 1.0000e-12    35.3839     9.6187    99.8622    804.523  488737802     0.7216     1.9047     4.7173     0.0061     0.0319     0.3777     0.0000     0.2247     9.6187    35.3833    27.3163    4.81023    209.260 0.0000e+00
    814.000     9.6904   3.852774     1.8935     0.0190 178.687537   49.07238  -16.26340 1.0000e-12    35.3807     9.5943    99.8683    805.517  488737803     0.7300     1.9045     4.7176     0.0061     0.0216     0.2702     0.0000     0.2247     9.5943    35.3796    27.3175    4.78836    208.310 0.0000e+00
    815.000     9.6811   3.851744     1.8837     0.0184 178.687562   49.07238  -16.26342 1.0000e-12    35.3787     9.5850    99.8660    806.497  488737805     0.7217     1.8941     4.7174     0.0061     0.0225     0.4091     0.0000     0.2247     9.5850    35.3776    27.3176    4.77617    207.780 0.0000e+00
    816.000     9.6881   3.852614     1.8794     0.0155 178.687588   49.07238  -16.26342 1.0000e-12    35.3799     9.5918    99.8760    807.482  488737807     0.6799     1.8820     4.7179     0.0061     0.0252     0.2081     0.0000     0.2247     9.5918    35.3793    27.3177    4.77720    207.824 0.0000e+00
    817.000     9.6853   3.852623     1.8774     0.0135 178.687607   49.07238  -16.26342 1.0000e-12    35.3821     9.5889    99.8750    808.473  488737809     0.6476     1.8783     4.7179     0.0061     0.0241     0.4349     0.0000     0.2247     9.5889    35.3816    27.3200    4.76974    207.500 0.0000e+00
    818.000     9.6870   3.852911     1.8757     0.0149 178.687626   49.07237  -16.26342 1.0000e-12    35.3828     9.5905    99.8736    809.457  488737810     0.6707     1.8766     4.7178     0.0061     0.0260     0.4716     0.0000     0.2247     9.5905    35.3824    27.3204    4.76650    207.358 0.0000e+00
    819.000     9.6862   3.852888     1.8749     0.0173 178.687642   49.07236  -16.26344 1.0000e-12    35.3829     9.5896    99.8757    810.446  488737812     0.7060     1.8748     4.7179     0.0061     0.0248     0.2799     0.0000     0.2247     9.5896    35.3825    27.3206    4.76665    207.365 0.0000e+00
    820.000     9.6923   3.853586     1.8740     0.0151 178.687659   49.07236  -16.26344 1.0000e-12    35.3835     9.5955    99.8742    811.441  488737813     0.6730     1.8734     4.7178     0.0061     0.0300     0.3627     0.0000     0.2247     9.5955    35.3834    27.3203    4.76489    207.288 0.0000e+00
    821.000     9.7004   3.854680     1.8753     0.0140 178.687715   49.07236  -16.26344 1.0000e-12    35.3861     9.6034    99.8619    812.416  488737818     0.6556     1.8720     4.7173     0.0061     0.0200     0.2754     0.0000     0.2247     9.6034    35.3862    27.3212    4.77527    207.739 0.0000e+00
    822.000     9.7340   3.859018     1.8764     0.0134 178.687730   49.07236  -16.26344 1.0000e-12    35.3963     9.6367    99.8605    813.399  488737819     0.6463     1.8730     4.7172     0.0061     0.0197     0.3674     0.0000     0.2247     9.6367    35.3974    27.3243    4.77065    207.535 0.0000e+00
    823.000     9.7733   3.864025     1.8751     0.0150 178.687740   49.07236  -16.26344 1.0000e-12    35.4080     9.6756    99.8013    814.390  488737820     0.6726     1.8730     4.7144     0.0061     0.0234     0.4882     0.0000     0.2247     9.6756    35.4099    27.3275    4.74852    206.570 0.0000e+00
    824.000     9.7804   3.865113     1.8736     0.0141 178.687747   49.07236  -16.26346 1.0000e-12    35.4117     9.6826    99.7686    815.384  488737821     0.6572     1.8733     4.7129     0.0061     0.0214     0.5832     0.0000     0.2247     9.6825    35.4137    27.3293    4.73808    206.115 0.0000e+00
    825.000     9.7900   3.866465     1.8715     0.0138 178.687755   49.07236  -16.26346 1.0000e-12    35.4156     9.6920    99.8407    816.384  488737822     0.6530     1.8743     4.7163     0.0061     0.0212     0.0148     0.0000     0.2247     9.6920    35.4177    27.3308    4.72784    205.668 0.0000e+00
    826.000     9.7816   3.865502     1.8697     0.0162 178.687783   49.07236  -16.26347 1.0000e-12    35.4141     9.6835    99.8382    817.376  488737824     0.6880     1.8720     4.7162     0.0061     0.0233     0.2594     0.0000     0.2247     9.6835    35.4156    27.3306    4.73121    205.816 0.0000e+00
    827.000     9.7766   3.864830     1.8693     0.0187 178.687842   49.07234  -16.26346 1.0000e-12    35.4125     9.6784    99.8357    818.341  488737829     0.7257     1.8680     4.7160     0.0061     0.0195     0.4019     0.0000     0.2247     9.6784    35.4131    27.3295    4.72623    205.600 0.0000e+00
    828.000     9.7815   3.865616     1.8668     0.0154 178.687851   49.07234  -16.26346 1.0000e-12    35.4151     9.6832    99.8376    819.329  488737830     0.6781     1.8684     4.7161     0.0061     0.0167     0.4635     0.0000     0.2247     9.6832    35.4159    27.3310    4.70684    204.755 0.0000e+00
    829.000     9.7758   3.865479     1.8629     0.0170 178.687860   49.07234  -16.26348 1.0000e-12    35.4192     9.6774    99.8241    820.324  488737831     0.7022     1.8690     4.7155     0.0061     0.0209     0.2054     0.0000     0.2247     9.6774    35.4196    27.3349    4.69606    204.286 0.0000e+00
    830.000     9.7747   3.865488     1.8610     0.0193 178.687869   49.07234  -16.26348 1.0000e-12    35.4199     9.6761    99.8240    821.323  488737831     0.7332     1.8675     4.7155     0.0061     0.0235     0.2582     0.0000     0.2247     9.6761    35.4204    27.3357    4.69736    204.342 0.0000e+00
    831.000     9.7738   3.865376     1.8582     0.0183 178.687900   49.07234  -16.26349 1.0000e-12    35.4193     9.6751    99.8240    822.309  488737834     0.7201     1.8619     4.7155     0.0061     0.0226     0.2807     0.0000     0.2247     9.6751    35.4196    27.3352    4.69460    204.223 0.0000e+00
    832.000     9.7739   3.865376     1.8569     0.0181 178.687950   49.07234  -16.26348 1.0000e-12    35.4190     9.6751    99.8387    823.283  488737838     0.7173     1.8571     4.7162     0.0061     0.0212     0.3734     0.0000     0.2247     9.6751    35.4191    27.3348    4.68827    203.947 0.0000e+00
    833.000     9.7719   3.865312     1.8547     0.0190 178.687960   49.07234  -16.26348 1.0000e-12    35.4199     9.6730    99.8267    824.275  488737839     0.7302     1.8569     4.7156     0.0061     0.0213     0.4411     0.0000     0.2247     9.6730    35.4200    27.3359    4.68252    203.697 0.0000e+00
