Data/ruptures/DY032/PAP/d20150630_DY032_CTD12.cnv
* Sea-Bird SBE 9 Data File:
* FileName = C:\CTD\DY032\20150629_DY032_CTD12.hdr
* Software Version Seasave V 7.23.2
* Temperature SN = 2112
* Conductivity SN = 3159
* Number of Bytes Per Scan = 35
* Number of Voltage Words = 4
* Number of Scans Averaged by the Deck Unit = 1
* NMEA Latitude = 49 04.43 N
* NMEA Longitude = 016 15.81 W
* NMEA UTC (Time) = Jun 30 2015 20:36:03
** Ship:
** Station:
** Operator:
# nquan = 28
# nvalues = 4078                        
# units = specified
# name 0 = prDM: Pressure, Digiquartz [db]
# name 1 = t090C: Temperature [ITS-90, deg C]
# name 2 = c0S/m: Conductivity [S/m]
# name 3 = sbeox0V: Oxygen raw, SBE 43 [V]
# name 4 = flC: Fluorescence, Chelsea Aqua 3 Chl Con [ug/l]
# name 5 = timeJ: Julian Days
# name 6 = latitude: Latitude [deg]
# name 7 = longitude: Longitude [deg]
# name 8 = par: PAR/Irradiance, Biospherical/Licor
# name 9 = sal00: Salinity, Practical [PSU]
# name 10 = potemp090C: Potential Temperature [ITS-90, deg C]
# name 11 = CStarTr0: Beam Transmission, WET Labs C-Star [%]
# name 12 = depSM: Depth [salt water, m]
# name 13 = timeQ: Time, NMEA [seconds]
# name 14 = v0: Voltage 0
# name 15 = v1: Voltage 1
# name 16 = v2: Voltage 2
# name 17 = v3: Voltage 3
# name 18 = v4: Voltage 4
# name 19 = v5: Voltage 5
# name 20 = v6: Voltage 6
# name 21 = v7: Voltage 7
# name 22 = potemp090C: Potential Temperature [ITS-90, deg C]
# name 23 = sal00: Salinity, Practical [PSU]
# name 24 = sigma-é00: Density [sigma-theta, kg/m^3]
# name 25 = sbeox0ML/L: Oxygen, SBE 43 [ml/l], WS = 2
# name 26 = sbeox0Mm/Kg: Oxygen, SBE 43 [umol/kg], WS = 2
# name 27 = flag: flag
# span 0 =      5.000,   4082.000       
# span 1 =     2.5556,    15.2975       
# span 2 =   3.277470,   4.374032       
# span 3 =     1.3087,     2.5682       
# span 4 =     0.0071,     1.3974       
# span 5 = 181.861377, 181.924959       
# span 6 =   49.07213,   49.07374       
# span 7 =  -16.26480,  -16.26352       
# span 8 = -1.009e-01, 1.4781e+01       
# span 9 =    34.9132,    35.4899       
# span 10 =     2.1962,    15.2966      
# span 11 =    88.5371,   100.0290      
# span 12 =      4.945,   4008.833      
# span 13 =  489012023,  489017517      
# span 14 =     0.5282,     2.3737      
# span 15 =     1.2832,     2.5681      
# span 16 =     4.1824,     4.7252      
# span 17 =     0.0043,     2.2556      
# span 18 =     0.0120,     0.4063      
# span 19 =    -0.0002,     0.7161      
# span 20 =     0.0000,     0.0000      
# span 21 =     0.1990,     3.9498      
# span 22 =     2.1962,    15.2966      
# span 23 =    34.9132,    35.4919      
# span 24 =    26.2740,    27.8865      
# span 25 =    4.23553,    6.00676      
# span 26 =    184.291,    261.237      
# span 27 = 0.0000e+00, 0.0000e+00      
# interval = decibars: 1                
# start_time = Jun 30 2015 20:40:05 [NMEA time, first data scan]
# bad_flag = -9.990e-29
*END*
[from data line 2331]
   2336.000     3.4871   3.303519     1.6720     0.0200 181.890241   49.07226  -16.26466 1.0000e-12    34.9299     3.2948    99.7889   2303.339  489014518     0.7426     1.6639     4.7139     0.0061     0.0183     0.0000     0.0000     0.2234     3.2948    34.9297    27.8012    5.81297    253.301 0.0000e+00
   2337.000     3.4871   3.303561     1.6721     0.0187 181.890248   49.07226  -16.26466 1.0000e-12    34.9300     3.2946    99.7820   2304.320  489014519     0.7260     1.6633     4.7136     0.0061     0.0171     0.0000     0.0000     0.2234     3.2946    34.9298    27.8013    5.81094    253.213 0.0000e+00
   2338.000     3.4871   3.303604     1.6720     0.0230 181.890256   49.07226  -16.26466 1.0000e-12    34.9300     3.2946    99.7882   2305.307  489014519     0.7804     1.6628     4.7138     0.0061     0.0154     0.0000     0.0000     0.2234     3.2946    34.9298    27.8013    5.81043    253.191 0.0000e+00
   2339.000     3.4869   3.303632     1.6720     0.0243 181.890264   49.07226  -16.26466 1.0000e-12    34.9301     3.2943    99.7899   2306.290  489014520     0.7961     1.6630     4.7139     0.0061     0.0145     0.0000     0.0000     0.2234     3.2943    34.9299    27.8014    5.81044    253.191 0.0000e+00
   2340.000     3.4867   3.303648     1.6719     0.0240 181.890275   49.07226  -16.26466 1.0000e-12    34.9300     3.2940    99.7873   2307.269  489014521     0.7919     1.6630     4.7138     0.0061     0.0183     0.0000     0.0000     0.2234     3.2940    34.9298    27.8014    5.81220    253.268 0.0000e+00
   2341.000     3.4868   3.303690     1.6717     0.0216 181.890289   49.07226  -16.26468 1.0000e-12    34.9299     3.2940    99.7889   2308.242  489014522     0.7634     1.6629     4.7139     0.0061     0.0164     0.0000     0.0000     0.2234     3.2940    34.9297    27.8013    5.80606    253.000 0.0000e+00
   2342.000     3.4864   3.303682     1.6712     0.0207 181.890304   49.07226  -16.26468 1.0000e-12    34.9297     3.2935    99.7892   2309.223  489014523     0.7528     1.6628     4.7139     0.0061     0.0166     0.0000     0.0000     0.2234     3.2935    34.9296    27.8013    5.80542    252.972 0.0000e+00
   2343.000     3.4852   3.303621     1.6709     0.0188 181.890319   49.07226  -16.26468 1.0000e-12    34.9298     3.2922    99.7904   2310.200  489014525     0.7269     1.6626     4.7139     0.0061     0.0159     0.0000     0.0000     0.2234     3.2922    34.9297    27.8014    5.80826    253.096 0.0000e+00
   2344.000     3.4842   3.303574     1.6708     0.0188 181.890332   49.07226  -16.26468 1.0000e-12    34.9299     3.2911    99.7914   2311.180  489014526     0.7267     1.6622     4.7140     0.0061     0.0196     0.0000     0.0000     0.2234     3.2911    34.9297    27.8016    5.80835    253.100 0.0000e+00
   2345.000     3.4828   3.303484     1.6707     0.0187 181.890342   49.07226  -16.26468 1.0000e-12    34.9299     3.2896    99.7864   2312.159  489014527     0.7259     1.6619     4.7138     0.0061     0.0240     0.0000     0.0000     0.2234     3.2896    34.9297    27.8017    5.80102    252.781 0.0000e+00
   2346.000     3.4820   3.303478     1.6699     0.0159 181.890351   49.07226  -16.26468 1.0000e-12    34.9301     3.2887    99.7881   2313.142  489014527     0.6856     1.6618     4.7138     0.0061     0.0183     0.0000     0.0000     0.2234     3.2887    34.9300    27.8020    5.80389    252.906 0.0000e+00
   2347.000     3.4793   3.303277     1.6704     0.0184 181.890360   49.07226  -16.26468 1.0000e-12    34.9302     3.2860    99.7905   2314.130  489014528     0.7210     1.6618     4.7139     0.0061     0.0167     0.0000     0.0000     0.2234     3.2860    34.9299    27.8022    5.80882    253.121 0.0000e+00
   2348.000     3.4780   3.303209     1.6697     0.0223 181.890368   49.07226  -16.26468 1.0000e-12    34.9303     3.2847    99.7818   2315.110  489014529     0.7733     1.6616     4.7135     0.0061     0.0154     0.0000     0.0000     0.2234     3.2847    34.9300    27.8024    5.79648    252.584 0.0000e+00
   2349.000     3.4772   3.303165     1.6694     0.0253 181.890378   49.07226  -16.26468 1.0000e-12    34.9302     3.2837    99.7725   2316.094  489014530     0.8083     1.6610     4.7131     0.0061     0.0182     0.0000     0.0000     0.2234     3.2837    34.9299    27.8024    5.80994    253.170 0.0000e+00
   2350.000     3.4761   3.303110     1.6697     0.0231 181.890391   49.07226  -16.26468 1.0000e-12    34.9301     3.2826    99.7741   2317.068  489014531     0.7818     1.6611     4.7132     0.0061     0.0196     0.0000     0.0000     0.2234     3.2826    34.9299    27.8025    5.81275    253.292 0.0000e+00
   2351.000     3.4758   3.303120     1.6697     0.0259 181.890405   49.07226  -16.26468 1.0000e-12    34.9301     3.2822    99.7733   2318.044  489014532     0.8140     1.6603     4.7131     0.0061     0.0157     0.0000     0.0000     0.2234     3.2822    34.9299    27.8026    5.81071    253.204 0.0000e+00
   2352.000     3.4746   3.303033     1.6696     0.0282 181.890416   49.07226  -16.26468 1.0000e-12    34.9300     3.2808    99.7723   2319.025  489014533     0.8398     1.6606     4.7131     0.0061     0.0182     0.0000     0.0000     0.2234     3.2809    34.9297    27.8026    5.80336    252.884 0.0000e+00
   2353.000     3.4729   3.302919     1.6690     0.0285 181.890425   49.07226  -16.26468 1.0000e-12    34.9299     3.2792    99.7723   2320.006  489014534     0.8427     1.6606     4.7131     0.0061     0.0172     0.0000     0.0000     0.2234     3.2792    34.9296    27.8026    5.80065    252.766 0.0000e+00
   2354.000     3.4727   3.302950     1.6686     0.0280 181.890434   49.07226  -16.26468 1.0000e-12    34.9300     3.2788    99.7737   2320.990  489014535     0.8374     1.6606     4.7132     0.0061     0.0159     0.0000     0.0000     0.2234     3.2789    34.9297    27.8028    5.80341    252.886 0.0000e+00
   2355.000     3.4719   3.302900     1.6686     0.0280 181.890442   49.07226  -16.26469 1.0000e-12    34.9299     3.2779    99.7723   2321.975  489014535     0.8379     1.6605     4.7131     0.0061     0.0159     0.0000     0.0000     0.2234     3.2779    34.9296    27.8027    5.80758    253.067 0.0000e+00
   2356.000     3.4693   3.302695     1.6685     0.0264 181.890452   49.07226  -16.26470 1.0000e-12    34.9297     3.2752    99.7723   2322.960  489014536     0.8197     1.6600     4.7131     0.0061     0.0150     0.0000     0.0000     0.2234     3.2752    34.9294    27.8028    5.80989    253.168 0.0000e+00
   2357.000     3.4676   3.302590     1.6685     0.0291 181.890467   49.07226  -16.26470 1.0000e-12    34.9297     3.2735    99.7723   2323.933  489014537     0.8482     1.6594     4.7131     0.0061     0.0162     0.0000     0.0000     0.2234     3.2735    34.9295    27.8031    5.80973    253.162 0.0000e+00
   2358.000     3.4651   3.302414     1.6680     0.0244 181.890486   49.07226  -16.26470 1.0000e-12    34.9298     3.2710    99.7732   2324.908  489014539     0.7974     1.6593     4.7131     0.0061     0.0157     0.0000     0.0000     0.2234     3.2710    34.9295    27.8033    5.80577    252.989 0.0000e+00
   2359.000     3.4644   3.302388     1.6679     0.0209 181.890498   49.07226  -16.26470 1.0000e-12    34.9298     3.2702    99.7735   2325.889  489014540     0.7548     1.6593     4.7132     0.0061     0.0159     0.0000     0.0000     0.2234     3.2702    34.9295    27.8034    5.80492    252.953 0.0000e+00
   2360.000     3.4602   3.302058     1.6676     0.0171 181.890508   49.07226  -16.26470 1.0000e-12    34.9300     3.2659    99.7723   2326.874  489014541     0.7040     1.6590     4.7131     0.0061     0.0168     0.0000     0.0000     0.2234     3.2659    34.9296    27.8039    5.80259    252.851 0.0000e+00
   2361.000     3.4603   3.302112     1.6671     0.0177 181.890518   49.07226  -16.26468 1.0000e-12    34.9300     3.2659    99.7735   2327.852  489014542     0.7112     1.6590     4.7132     0.0061     0.0159     0.0000     0.0000     0.2234     3.2659    34.9297    27.8039    5.80310    252.873 0.0000e+00
   2362.000     3.4598   3.302113     1.6672     0.0201 181.890528   49.07226  -16.26468 1.0000e-12    34.9300     3.2653    99.7737   2328.827  489014543     0.7444     1.6585     4.7132     0.0061     0.0142     0.0000     0.0000     0.2234     3.2653    34.9297    27.8041    5.81340    253.322 0.0000e+00
   2363.000     3.4596   3.302122     1.6673     0.0190 181.890536   49.07226  -16.26469 1.0000e-12    34.9299     3.2650    99.7723   2329.808  489014543     0.7301     1.6586     4.7131     0.0061     0.0171     0.0000     0.0000     0.2234     3.2650    34.9296    27.8040    5.81410    253.353 0.0000e+00
   2364.000     3.4591   3.302122     1.6673     0.0182 181.890543   49.07226  -16.26470 1.0000e-12    34.9299     3.2645    99.7723   2330.796  489014544     0.7194     1.6581     4.7131     0.0061     0.0163     0.0000     0.0000     0.2234     3.2645    34.9296    27.8040    5.81179    253.252 0.0000e+00
   2365.000     3.4594   3.302213     1.6673     0.0178 181.890550   49.07226  -16.26470 1.0000e-12    34.9302     3.2646    99.7723   2331.773  489014545     0.7137     1.6576     4.7131     0.0061     0.0148     0.0000     0.0000     0.2234     3.2646    34.9300    27.8043    5.81236    253.277 0.0000e+00
   2366.000     3.4595   3.302275     1.6672     0.0173 181.890557   49.07226  -16.26470 1.0000e-12    34.9303     3.2647    99.7775   2332.762  489014545     0.7067     1.6581     4.7133     0.0061     0.0183     0.0000     0.0000     0.2234     3.2647    34.9301    27.8044    5.81349    253.326 0.0000e+00
   2367.000     3.4590   3.302261     1.6673     0.0163 181.890565   49.07226  -16.26470 1.0000e-12    34.9302     3.2641    99.7738   2333.753  489014546     0.6923     1.6581     4.7132     0.0061     0.0165     0.0000     0.0000     0.2234     3.2641    34.9300    27.8044    5.81510    253.396 0.0000e+00
   2368.000     3.4588   3.302279     1.6670     0.0154 181.890590   49.07226  -16.26470 1.0000e-12    34.9302     3.2637    99.7738   2334.721  489014548     0.6786     1.6580     4.7132     0.0061     0.0128     0.0000     0.0000     0.2234     3.2637    34.9300    27.8044    5.81020    253.183 0.0000e+00
   2369.000     3.4587   3.302310     1.6661     0.0184 181.890621   49.07226  -16.26470 1.0000e-12    34.9302     3.2635    99.7723   2335.690  489014551     0.7214     1.6579     4.7131     0.0061     0.0136     0.0000     0.0000     0.2234     3.2636    34.9300    27.8045    5.79880    252.686 0.0000e+00
   2370.000     3.4563   3.302140     1.6658     0.0190 181.890628   49.07226  -16.26469 1.0000e-12    34.9302     3.2611    99.7723   2336.668  489014551     0.7304     1.6577     4.7131     0.0061     0.0199     0.0000     0.0000     0.2235     3.2611    34.9300    27.8047    5.79712    252.613 0.0000e+00
   2371.000     3.4546   3.302022     1.6655     0.0182 181.890635   49.07226  -16.26468 1.0000e-12    34.9302     3.2593    99.7703   2337.655  489014552     0.7195     1.6575     4.7130     0.0061     0.0181     0.0000     0.0000     0.2234     3.2593    34.9299    27.8048    5.79472    252.509 0.0000e+00
   2372.000     3.4516   3.301799     1.6649     0.0192 181.890641   49.07226  -16.26468 1.0000e-12    34.9303     3.2563    99.7723   2338.639  489014552     0.7320     1.6575     4.7131     0.0061     0.0161     0.0000     0.0000     0.2234     3.2563    34.9300    27.8051    5.79850    252.674 0.0000e+00
   2373.000     3.4509   3.301761     1.6649     0.0188 181.890647   49.07226  -16.26468 1.0000e-12    34.9301     3.2555    99.7723   2339.613  489014553     0.7273     1.6569     4.7131     0.0061     0.0183     0.0000     0.0000     0.2234     3.2555    34.9298    27.8050    5.79612    252.570 0.0000e+00
   2374.000     3.4491   3.301633     1.6644     0.0189 181.890653   49.07226  -16.26468 1.0000e-12    34.9301     3.2537    99.7723   2340.605  489014554     0.7279     1.6569     4.7131     0.0061     0.0196     0.0000     0.0000     0.2234     3.2537    34.9297    27.8051    5.79511    252.526 0.0000e+00
   2375.000     3.4476   3.301531     1.6638     0.0178 181.890659   49.07226  -16.26468 1.0000e-12    34.9299     3.2521    99.7723   2341.583  489014554     0.7132     1.6565     4.7131     0.0061     0.0208     0.0000     0.0000     0.2234     3.2521    34.9296    27.8052    5.80511    252.962 0.0000e+00
   2376.000     3.4479   3.301596     1.6645     0.0189 181.890665   49.07226  -16.26469 1.0000e-12    34.9300     3.2523    99.7723   2342.561  489014555     0.7284     1.6561     4.7131     0.0061     0.0232     0.0000     0.0000     0.2234     3.2523    34.9296    27.8052    5.82185    253.691 0.0000e+00
   2377.000     3.4468   3.301529     1.6649     0.0189 181.890671   49.07226  -16.26470 1.0000e-12    34.9298     3.2511    99.7723   2343.561  489014555     0.7289     1.6557     4.7131     0.0061     0.0185     0.0000     0.0000     0.2234     3.2511    34.9295    27.8052    5.82037    253.627 0.0000e+00
   2378.000     3.4463   3.301522     1.6648     0.0183 181.890688   49.07226  -16.26470 1.0000e-12    34.9298     3.2505    99.7723   2344.539  489014557     0.7206     1.6553     4.7131     0.0061     0.0165     0.0000     0.0000     0.2234     3.2505    34.9295    27.8053    5.81123    253.229 0.0000e+00
   2379.000     3.4512   3.302000     1.6641     0.0147 181.890730   49.07226  -16.26470 1.0000e-12    34.9297     3.2552    99.7723   2345.488  489014560     0.6680     1.6557     4.7131     0.0061     0.0121     0.0000     0.0000     0.2234     3.2552    34.9296    27.8049    5.79686    252.602 0.0000e+00
   2380.000     3.4439   3.301392     1.6639     0.0162 181.890737   49.07226  -16.26470 1.0000e-12    34.9298     3.2479    99.7723   2346.480  489014561     0.6908     1.6556     4.7131     0.0061     0.0124     0.0000     0.0000     0.2234     3.2479    34.9296    27.8056    5.80685    253.038 0.0000e+00
   2381.000     3.4404   3.301106     1.6638     0.0134 181.890745   49.07226  -16.26469 1.0000e-12    34.9298     3.2444    99.7723   2347.465  489014561     0.6459     1.6556     4.7131     0.0061     0.0140     0.0000     0.0000     0.2234     3.2444    34.9294    27.8058    5.80967    253.161 0.0000e+00
   2382.000     3.4400   3.301091     1.6638     0.0154 181.890752   49.07226  -16.26468 1.0000e-12    34.9296     3.2438    99.7723   2348.443  489014562     0.6775     1.6553     4.7131     0.0061     0.0141     0.0000     0.0000     0.2234     3.2439    34.9292    27.8057    5.80892    253.129 0.0000e+00
   2383.000     3.4400   3.301145     1.6637     0.0178 181.890761   49.07226  -16.26468 1.0000e-12    34.9297     3.2438    99.7723   2349.426  489014563     0.7132     1.6546     4.7131     0.0061     0.0139     0.0000     0.0000     0.2234     3.2438    34.9294    27.8058    5.80645    253.021 0.0000e+00
   2384.000     3.4399   3.301160     1.6633     0.0167 181.890769   49.07226  -16.26468 1.0000e-12    34.9295     3.2436    99.7723   2350.407  489014564     0.6975     1.6547     4.7131     0.0061     0.0127     0.0000     0.0000     0.2234     3.2436    34.9292    27.8057    5.80206    252.829 0.0000e+00
   2385.000     3.4398   3.301187     1.6632     0.0185 181.890777   49.07226  -16.26468 1.0000e-12    34.9294     3.2434    99.7723   2351.383  489014564     0.7223     1.6545     4.7131     0.0061     0.0131     0.0000     0.0000     0.2234     3.2434    34.9291    27.8057    5.79980    252.731 0.0000e+00
