Data/ruptures/DY032/PAP/d20150629_DY032_CTD10.cnv
* Sea-Bird SBE 9 Data File:
* FileName = C:\CTD\DY032\20150629_DY032_CTD10.hdr
* Software Version Seasave V 7.23.2
* Temperature SN = 2112
* Conductivity SN = 3159
* Number of Bytes Per Scan = 35
* Number of Voltage Words = 4
* Number of Scans Averaged by the Deck Unit = 1
* NMEA Latitude = 48 49.15 N
* NMEA Longitude = 016 31.24 W
* NMEA UTC (Time) = Jun 29 2015 15:22:28
** Ship:
** Station:
** Operator:
# nquan = 28
# nvalues = 497                         
# units = specified
# name 0 = prDM: Pressure, Digiquartz [db]
# name 1 = t090C: Temperature [ITS-90, deg C]
# name 2 = c0S/m: Conductivity [S/m]
# name 3 = sbeox0V: Oxygen raw, SBE 43 [V]
# name 4 = flC: Fluorescence, Chelsea Aqua 3 Chl Con [ug/l]
# name 5 = timeJ: Julian Days
# name 6 = latitude: Latitude [deg]
# name 7 = longitude: Longitude [deg]
# name 8 = par: PAR/Irradiance, Biospherical/Licor
# name 9 = sal00: Salinity, Practical [PSU]
# name 10 = potemp090C: Potential Temperature [ITS-90, deg C]
# name 11 = CStarTr0: Beam Transmission, WET Labs C-Star [%]
# name 12 = depSM: Depth [salt water, m]
# name 13 = timeQ: Time, NMEA [seconds]
# name 14 = v0: Voltage 0
# name 15 = v1: Voltage 1
# name 16 = v2: Voltage 2
# name 17 = v3: Voltage 3
# name 18 = v4: Voltage 4
# name 19 = v5: Voltage 5
# name 20 = v6: Voltage 6
# name 21 = v7: Voltage 7
# name 22 = potemp090C: Potential Temperature [ITS-90, deg C]
# name 23 = sal00: Salinity, Practical [PSU]
# name 24 = sigma-é00: Density [sigma-theta, kg/m^3]
# name 25 = sbeox0ML/L: Oxygen, SBE 43 [ml/l], WS = 2
# name 26 = sbeox0Mm/Kg: Oxygen, SBE 43 [umol/kg], WS = 2
# name 27 = flag: flag
# span 0 =      6.000,    502.000       
# span 1 =    10.7380,    15.1399       
# span 2 =   3.949211,   4.362656       
# span 3 =     2.1406,     2.5471       
# span 4 =     0.0170,     1.4385       
# span 5 = 180.644066, 180.654150       
# span 6 =   48.81887,   48.81930       
# span 7 =  -16.52069,  -16.52056       
# span 8 = -2.144e-06, 1.4001e+02       
# span 9 =    35.4722,    35.5485       
# span 10 =    10.6760,    15.1374      
# span 11 =    89.6507,    99.8564      
# span 12 =      5.932,    497.160      
# span 13 =  488906848,  488907719      
# span 14 =     0.7015,     2.3867      
# span 15 =     2.1396,     2.5474      
# span 16 =     4.2349,     4.7170      
# span 17 =     0.0061,     3.4445      
# span 18 =     0.0180,     0.3746      
# span 19 =    -0.0065,     0.6167      
# span 20 =     0.0000,     0.0000      
# span 21 =     0.0000,     0.0000      
# span 22 =    10.6760,    15.1374      
# span 23 =    35.4683,    35.5373      
# span 24 =    26.3377,    27.2080      
# span 25 =    5.34320,    5.75235      
# span 26 =    232.400,    250.136      
# span 27 = 0.0000e+00, 0.0000e+00      
# interval = decibars: 1                
# start_time = Jun 29 2015 15:27:18 [NMEA time, first data scan]
# bad_flag = -9.990e-29
*END*
[from data line 363]
    369.000    11.1006   3.982696     2.2289     0.0228 180.651126   48.81924  -16.52058 1.0000e-12    35.5234    11.0542    99.7703    365.546  488907457     0.7786     2.2295     4.7130     0.0061     0.0313     0.3340     0.0000     0.0000    11.0542    35.5230    27.1731    5.49206    238.858 0.0000e+00
    370.000    11.0974   3.982397     2.2286     0.0219 180.651140   48.81925  -16.52058 1.0000e-12    35.5231    11.0509    99.7897    366.545  488907459     0.7679     2.2289     4.7139     0.0061     0.0259     0.5275     0.0000     0.0000    11.0509    35.5227    27.1735    5.49000    238.769 0.0000e+00
    371.000    11.0951   3.982203     2.2277     0.0211 180.651156   48.81926  -16.52058 1.0000e-12    35.5228    11.0485    99.7848    367.529  488907460     0.7571     2.2283     4.7137     0.0061     0.0351     0.2578     0.0000     0.0000    11.0485    35.5225    27.1737    5.48785    238.675 0.0000e+00
    372.000    11.0901   3.981714     2.2265     0.0248 180.651171   48.81926  -16.52058 1.0000e-12    35.5224    11.0434    99.7898    368.516  488907461     0.8027     2.2279     4.7139     0.0061     0.0331     0.3104     0.0000     0.0000    11.0434    35.5219    27.1743    5.48142    238.396 0.0000e+00
    373.000    11.0897   3.981755     2.2253     0.0238 180.651183   48.81925  -16.52058 1.0000e-12    35.5227    11.0429    99.7726    369.507  488907462     0.7907     2.2272     4.7131     0.0061     0.0334     0.3604     0.0000     0.0000    11.0429    35.5223    27.1746    5.48277    238.454 0.0000e+00
    374.000    11.0889   3.981705     2.2253     0.0257 180.651196   48.81924  -16.52058 1.0000e-12    35.5225    11.0419    99.7723    370.504  488907464     0.8125     2.2265     4.7131     0.0061     0.0324     0.3123     0.0000     0.0000    11.0419    35.5222    27.1747    5.48536    238.567 0.0000e+00
    375.000    11.0890   3.981757     2.2249     0.0308 180.651214   48.81924  -16.52058 1.0000e-12    35.5224    11.0419    99.7744    371.490  488907465     0.8655     2.2249     4.7132     0.0061     0.0267     0.3600     0.0000     0.0000    11.0419    35.5222    27.1747    5.48504    238.553 0.0000e+00
    376.000    11.0905   3.981996     2.2248     0.0301 180.651235   48.81924  -16.52058 1.0000e-12    35.5228    11.0432    99.7976    372.471  488907467     0.8597     2.2245     4.7143     0.0061     0.0285     0.5700     0.0000     0.0000    11.0433    35.5226    27.1748    5.48466    238.537 0.0000e+00
    377.000    11.0933   3.982415     2.2242     0.0289 180.651247   48.81924  -16.52058 1.0000e-12    35.5238    11.0459    99.7799    373.465  488907468     0.8472     2.2244     4.7135     0.0061     0.0344     0.3749     0.0000     0.0000    11.0459    35.5237    27.1752    5.48061    238.360 0.0000e+00
    378.000    11.0937   3.982533     2.2237     0.0255 180.651257   48.81924  -16.52058 1.0000e-12    35.5241    11.0461    99.7932    374.457  488907469     0.8097     2.2243     4.7141     0.0061     0.0280     0.1463     0.0000     0.0000    11.0461    35.5241    27.1754    5.47939    238.307 0.0000e+00
    379.000    11.0936   3.982581     2.2230     0.0243 180.651268   48.81924  -16.52058 1.0000e-12    35.5242    11.0459    99.7746    375.451  488907470     0.7960     2.2241     4.7132     0.0061     0.0264     0.3605     0.0000     0.0000    11.0459    35.5242    27.1755    5.47900    238.290 0.0000e+00
    380.000    11.0927   3.982544     2.2228     0.0261 180.651281   48.81924  -16.52058 1.0000e-12    35.5243    11.0449    99.7898    376.439  488907471     0.8172     2.2234     4.7139     0.0061     0.0248     0.4919     0.0000     0.0000    11.0449    35.5242    27.1758    5.48168    238.407 0.0000e+00
    381.000    11.0913   3.982449     2.2228     0.0281 180.651295   48.81924  -16.52058 1.0000e-12    35.5243    11.0434    99.7742    377.428  488907472     0.8386     2.2225     4.7132     0.0061     0.0326     0.2852     0.0000     0.0000    11.0434    35.5242    27.1760    5.48142    238.395 0.0000e+00
    382.000    11.0905   3.982455     2.2224     0.0262 180.651311   48.81924  -16.52058 1.0000e-12    35.5247    11.0424    99.7687    378.418  488907473     0.8184     2.2222     4.7129     0.0061     0.0323     0.2681     0.0000     0.0000    11.0424    35.5246    27.1765    5.48120    238.386 0.0000e+00
    383.000    11.0928   3.982790     2.2215     0.0217 180.651330   48.81925  -16.52058 1.0000e-12    35.5252    11.0447    99.7728    379.407  488907475     0.7650     2.2220     4.7131     0.0061     0.0335     0.3815     0.0000     0.0000    11.0447    35.5252    27.1765    5.47539    238.133 0.0000e+00
    384.000    11.0883   3.982316     2.2203     0.0310 180.651351   48.81925  -16.52058 1.0000e-12    35.5246    11.0400    99.7715    380.393  488907477     0.8631     2.2215     4.7131     0.0061     0.0310     0.4764     0.0000     0.0000    11.0400    35.5244    27.1768    5.47258    238.011 0.0000e+00
    385.000    11.0762   3.980979     2.2185     0.0304 180.651365   48.81924  -16.52058 1.0000e-12    35.5227    11.0278    99.7723    381.376  488907478     0.8627     2.2205     4.7131     0.0061     0.0331     0.3332     0.0000     0.0000    11.0278    35.5223    27.1774    5.46553    237.705 0.0000e+00
    386.000    11.0748   3.980854     2.2178     0.0262 180.651376   48.81924  -16.52058 1.0000e-12    35.5224    11.0263    99.7737    382.369  488907479     0.8180     2.2198     4.7132     0.0061     0.0312     0.4864     0.0000     0.0000    11.0263    35.5220    27.1774    5.46675    237.758 0.0000e+00
    387.000    11.0723   3.980620     2.2169     0.0233 180.651384   48.81924  -16.52058 1.0000e-12    35.5220    11.0236    99.7755    383.364  488907480     0.7854     2.2197     4.7132     0.0061     0.0330     0.0046     0.0000     0.0000    11.0236    35.5216    27.1776    5.46303    237.597 0.0000e+00
    388.000    11.0704   3.980439     2.2159     0.0208 180.651391   48.81924  -16.52058 1.0000e-12    35.5216    11.0217    99.7739    384.355  488907480     0.7533     2.2183     4.7132     0.0061     0.0284     0.5442     0.0000     0.0000    11.0217    35.5211    27.1776    5.46228    237.564 0.0000e+00
    389.000    11.0673   3.980150     2.2155     0.0194 180.651400   48.81924  -16.52058 1.0000e-12    35.5213    11.0184    99.7831    385.357  488907481     0.7357     2.2174     4.7136     0.0061     0.0284     0.4223     0.0000     0.0000    11.0185    35.5208    27.1779    5.46632    237.740 0.0000e+00
    390.000    11.0702   3.980540     2.2155     0.0219 180.651420   48.81924  -16.52058 1.0000e-12    35.5218    11.0212    99.7863    386.339  488907483     0.7674     2.2157     4.7138     0.0061     0.0299     0.3822     0.0000     0.0000    11.0212    35.5215    27.1780    5.46812    237.818 0.0000e+00
    391.000    11.0734   3.980908     2.2153     0.0247 180.651450   48.81924  -16.52058 1.0000e-12    35.5218    11.0243    99.7797    387.311  488907486     0.8012     2.2148     4.7134     0.0061     0.0378     0.2391     0.0000     0.0000    11.0243    35.5216    27.1775    5.46426    237.650 0.0000e+00
    392.000    11.0703   3.980707     2.2141     0.0239 180.651461   48.81924  -16.52058 1.0000e-12    35.5223    11.0211    99.7908    388.309  488907486     0.7918     2.2149     4.7140     0.0061     0.0346     0.4205     0.0000     0.0000    11.0211    35.5221    27.1785    5.45778    237.368 0.0000e+00
    393.000    11.0692   3.980650     2.2131     0.0224 180.651471   48.81924  -16.52058 1.0000e-12    35.5224    11.0199    99.7761    389.306  488907487     0.7738     2.2149     4.7133     0.0061     0.0354     0.4195     0.0000     0.0000    11.0199    35.5222    27.1787    5.45932    237.435 0.0000e+00
    394.000    11.0651   3.980223     2.2127     0.0252 180.651483   48.81924  -16.52058 1.0000e-12    35.5217    11.0156    99.7778    390.300  488907488     0.8073     2.2143     4.7134     0.0061     0.0300     0.3186     0.0000     0.0000    11.0156    35.5214    27.1789    5.45874    237.410 0.0000e+00
    395.000    11.0606   3.979769     2.2116     0.0252 180.651498   48.81924  -16.52058 1.0000e-12    35.5211    11.0110    99.7830    391.280  488907490     0.8069     2.2127     4.7136     0.0061     0.0320     0.5166     0.0000     0.0000    11.0110    35.5208    27.1793    5.45462    237.231 0.0000e+00
    396.000    11.0576   3.979439     2.2102     0.0269 180.651513   48.81924  -16.52058 1.0000e-12    35.5204    11.0078    99.7772    392.267  488907491     0.8246     2.2121     4.7133     0.0061     0.0328     0.3398     0.0000     0.0000    11.0078    35.5200    27.1792    5.44953    237.010 0.0000e+00
    397.000    11.0505   3.978695     2.2087     0.0285 180.651524   48.81924  -16.52058 1.0000e-12    35.5195    11.0007    99.7908    393.260  488907492     0.8429     2.2113     4.7140     0.0061     0.0332     0.3460     0.0000     0.0000    11.0007    35.5189    27.1797    5.44655    236.881 0.0000e+00
    398.000    11.0475   3.978384     2.2080     0.0257 180.651534   48.81924  -16.52058 1.0000e-12    35.5188    10.9976    99.7946    394.254  488907493     0.8122     2.2103     4.7141     0.0061     0.0262     0.1195     0.0000     0.0000    10.9976    35.5182    27.1797    5.44649    236.878 0.0000e+00
    399.000    11.0407   3.977620     2.2064     0.0217 180.651547   48.81924  -16.52058 1.0000e-12    35.5174    10.9906    99.7943    395.248  488907494     0.7652     2.2089     4.7141     0.0061     0.0332     0.4674     0.0000     0.0000    10.9906    35.5168    27.1799    5.44136    236.656 0.0000e+00
    400.000    11.0336   3.976855     2.2040     0.0196 180.651572   48.81924  -16.52058 1.0000e-12    35.5161    10.9835    99.7917    396.228  488907496     0.7375     2.2062     4.7140     0.0061     0.0323     0.2915     0.0000     0.0000    10.9835    35.5155    27.1802    5.43508    236.383 0.0000e+00
    401.000    11.0185   3.975158     2.2009     0.0194 180.651593   48.81924  -16.52058 1.0000e-12    35.5136    10.9683    99.7984    397.210  488907498     0.7350     2.2042     4.7143     0.0061     0.0343     0.5916     0.0000     0.0000    10.9683    35.5127    27.1808    5.42451    235.924 0.0000e+00
    402.000    11.0148   3.974788     2.1993     0.0220 180.651603   48.81924  -16.52058 1.0000e-12    35.5130    10.9645    99.7967    398.199  488907499     0.7688     2.2032     4.7142     0.0061     0.0307     0.0829     0.0000     0.0000    10.9645    35.5122    27.1810    5.42194    235.812 0.0000e+00
    403.000    11.0094   3.974204     2.1984     0.0181 180.651611   48.81924  -16.52058 1.0000e-12    35.5120    10.9590    99.7901    399.200  488907499     0.7179     2.2023     4.7139     0.0061     0.0283     0.5476     0.0000     0.0000    10.9590    35.5110    27.1812    5.42151    235.794 0.0000e+00
    404.000    11.0019   3.973394     2.1972     0.0177 180.651619   48.81924  -16.52058 1.0000e-12    35.5108    10.9514    99.7724    400.199  488907500     0.7116     2.2006     4.7131     0.0061     0.0310     0.4643     0.0000     0.0000    10.9513    35.5098    27.1816    5.41871    235.673 0.0000e+00
    405.000    10.9965   3.972820     2.1961     0.0170 180.651632   48.81924  -16.52058 1.0000e-12    35.5098    10.9458    99.8002    401.188  488907501     0.7015     2.1988     4.7144     0.0061     0.0284     0.2621     0.0000     0.0000    10.9459    35.5088    27.1818    5.42237    235.832 0.0000e+00
    406.000    10.9940   3.972565     2.1947     0.0188 180.651654   48.81924  -16.52058 1.0000e-12    35.5091    10.9432    99.7990    402.163  488907503     0.7270     2.1960     4.7143     0.0061     0.0339     0.3843     0.0000     0.0000    10.9431    35.5083    27.1819    5.41443    235.487 0.0000e+00
    407.000    10.9895   3.972099     2.1928     0.0197 180.651671   48.81924  -16.52058 1.0000e-12    35.5083    10.9385    99.8074    403.155  488907505     0.7397     2.1953     4.7147     0.0061     0.0262     0.3153     0.0000     0.0000    10.9386    35.5075    27.1821    5.41155    235.362 0.0000e+00
    408.000    10.9786   3.970964     2.1918     0.0210 180.651684   48.81924  -16.52058 1.0000e-12    35.5072    10.9276    99.8240    404.147  488907506     0.7558     2.1939     4.7155     0.0061     0.0315     0.3815     0.0000     0.0000    10.9276    35.5062    27.1831    5.41133    235.353 0.0000e+00
    409.000    10.9752   3.970719     2.1914     0.0209 180.651697   48.81924  -16.52058 1.0000e-12    35.5076    10.9241    99.8175    405.136  488907507     0.7546     2.1925     4.7152     0.0061     0.0345     0.5921     0.0000     0.0000    10.9240    35.5066    27.1841    5.41831    235.656 0.0000e+00
    410.000    10.9703   3.970291     2.1923     0.0228 180.651710   48.81924  -16.52058 1.0000e-12    35.5076    10.9190    99.8180    406.126  488907508     0.7787     2.1915     4.7152     0.0061     0.0318     0.3397     0.0000     0.0000    10.9190    35.5066    27.1850    5.42316    235.867 0.0000e+00
    411.000    10.9685   3.970134     2.1929     0.0218 180.651723   48.81924  -16.52058 1.0000e-12    35.5072    10.9171    99.8319    407.118  488907509     0.7670     2.1905     4.7159     0.0061     0.0312     0.3052     0.0000     0.0000    10.9171    35.5064    27.1852    5.42731    236.048 0.0000e+00
    412.000    10.9684   3.970170     2.1935     0.0213 180.651739   48.81924  -16.52058 1.0000e-12    35.5070    10.9169    99.8141    408.107  488907510     0.7601     2.1917     4.7150     0.0061     0.0301     0.2462     0.0000     0.0000    10.9169    35.5064    27.1852    5.42617    235.999 0.0000e+00
    413.000    10.9675   3.970114     2.1935     0.0205 180.651758   48.81924  -16.52058 1.0000e-12    35.5068    10.9159    99.8350    409.097  488907512     0.7502     2.1926     4.7160     0.0061     0.0330     0.4079     0.0000     0.0000    10.9159    35.5062    27.1852    5.42618    235.999 0.0000e+00
    414.000    10.9658   3.969970     2.1930     0.0210 180.651778   48.81924  -16.52058 1.0000e-12    35.5065    10.9140    99.8233    410.078  488907514     0.7559     2.1929     4.7155     0.0061     0.0454     0.5251     0.0000     0.0000    10.9140    35.5060    27.1854    5.42016    235.737 0.0000e+00
    415.000    10.9577   3.969170     2.1913     0.0206 180.651790   48.81924  -16.52058 1.0000e-12    35.5060    10.9058    99.8240    411.066  488907515     0.7515     2.1929     4.7155     0.0061     0.0391     0.3307     0.0000     0.0000    10.9058    35.5054    27.1864    5.41451    235.492 0.0000e+00
    416.000    10.9578   3.969228     2.1907     0.0206 180.651799   48.81924  -16.52058 1.0000e-12    35.5060    10.9058    99.8209    412.056  488907516     0.7510     2.1928     4.7154     0.0061     0.0353     0.0812     0.0000     0.0000    10.9058    35.5054    27.1865    5.41485    235.507 0.0000e+00
    417.000    10.9584   3.969338     2.1898     0.0231 180.651807   48.81924  -16.52058 1.0000e-12    35.5059    10.9063    99.8225    413.056  488907516     0.7823     2.1925     4.7154     0.0061     0.0295     0.5161     0.0000     0.0000    10.9063    35.5054    27.1864    5.41667    235.586 0.0000e+00
    418.000    10.9569   3.969228     2.1904     0.0224 180.651816   48.81924  -16.52058 1.0000e-12    35.5058    10.9047    99.8240    414.053  488907517     0.7735     2.1911     4.7155     0.0061     0.0281     0.4895     0.0000     0.0000    10.9047    35.5053    27.1866    5.42539    235.965 0.0000e+00
    419.000    10.9563   3.969187     2.1910     0.0244 180.651828   48.81924  -16.52058 1.0000e-12    35.5056    10.9039    99.8226    415.044  488907518     0.7970     2.1901     4.7154     0.0061     0.0280     0.2711     0.0000     0.0000    10.9039    35.5051    27.1866    5.42585    235.985 0.0000e+00
