Data/ruptures/DY032/PAP/d20150627_DY032_CTD07.cnv
* Sea-Bird SBE 9 Data File:
* FileName = C:\CTD\DY032\20150627_DY032_CTD07.hdr
* Software Version Seasave V 7.23.2
* Temperature SN = 2112
* Conductivity SN = 3159
* Number of Bytes Per Scan = 35
* Number of Voltage Words = 4
* Number of Scans Averaged by the Deck Unit = 1
* NMEA Latitude = 49 04.42 N
* NMEA Longitude = 016 15.81 W
* NMEA UTC (Time) = Jun 27 2015 22:01:55
** Ship:
** Station:
** Operator:
# nquan = 28
# nvalues = 1002                        
# units = specified
# name 0 = prDM: Pressure, Digiquartz [db]
# name 1 = t090C: Temperature [ITS-90, deg C]
# name 2 = c0S/m: Conductivity [S/m]
# name 3 = sbeox0V: Oxygen raw, SBE 43 [V]
# name 4 = flC: Fluorescence, Chelsea Aqua 3 Chl Con [ug/l]
# name 5 = timeJ: Julian Days
# name 6 = latitude: Latitude [deg]
# name 7 = longitude: Longitude [deg]
# name 8 = par: PAR/Irradiance, Biospherical/Licor
# name 9 = sal00: Salinity, Practical [PSU]
# name 10 = potemp090C: Potential Temperature [ITS-90, deg C]
# name 11 = CStarTr0: Beam Transmission, WET Labs C-Star [%]
# name 12 = depSM: Depth [salt water, m]
# name 13 = timeQ: Time, NMEA [seconds]
# name 14 = v0: Voltage 0
# name 15 = v1: Voltage 1
# name 16 = v2: Voltage 2
# name 17 = v3: Voltage 3
# name 18 = v4: Voltage 4
# name 19 = v5: Voltage 5
# name 20 = v6: Voltage 6
# name 21 = v7: Voltage 7
# name 22 = potemp090C: Potential Temperature [ITS-90, deg C]
# name 23 = sal00: Salinity, Practical [PSU]
# name 24 = sigma-é00: Density [sigma-theta, kg/m^3]
# name 25 = sbeox0ML/L: Oxygen, SBE 43 [ml/l], WS = 2
# name 26 = sbeox0Mm/Kg: Oxygen, SBE 43 [umol/kg], WS = 2
# name 27 = flag: flag
# span 0 =      6.000,   1007.000       
# span 1 =     8.2835,    15.0054       
# span 2 =   3.727117,   4.350374       
# span 3 =     1.6707,     2.5495       
# span 4 =     0.0119,     1.6756       
# span 5 = 178.921135, 178.939874       
# span 6 =   49.07352,   49.07374       
# span 7 =  -16.26489,  -16.26348       
# span 8 = -2.346e-03, 1.5285e-02       
# span 9 =    35.3305,    35.5428       
# span 10 =     8.1737,    15.0014      
# span 11 =    89.1639,    99.9016      
# span 12 =      5.936,    996.050      
# span 13 =  488757986,  488759605      
# span 14 =     0.6198,     2.4523      
# span 15 =     1.6692,     2.5504      
# span 16 =     4.2119,     4.7192      
# span 17 =    -0.0104,     0.1136      
# span 18 =     0.0140,     0.2530      
# span 19 =    -0.0213,     0.7667      
# span 20 =     0.0000,     0.0000      
# span 21 =     0.0000,     0.0000      
# span 22 =     8.1737,    15.0014      
# span 23 =    35.3281,    35.5313      
# span 24 =    26.3722,    27.5387      
# span 25 =    4.26416,    5.74524      
# span 26 =    185.534,    249.823      
# span 27 = 0.0000e+00, 0.0000e+00      
# interval = decibars: 1                
# start_time = Jun 27 2015 22:06:25 [NMEA time, first data scan]
# bad_flag = -9.990e-29
*END*
[from data line 259]
    265.000    11.2916   3.995236     2.2446     0.0331 178.928041   49.07373  -16.26352 1.0000e-12    35.5104    11.2581    99.5780    262.568  488758583     0.8881     2.2451     4.7039     0.0061     0.0370     0.4516     0.0000     0.0000    11.2581    35.5102    27.1256    5.44341    236.740 0.0000e+00
    266.000    11.2796   3.993998     2.2442     0.0357 178.928050   49.07374  -16.26352 1.0000e-12    35.5095    11.2460    99.5969    263.566  488758583     0.9124     2.2454     4.7048     0.0061     0.0413     0.4631     0.0000     0.0000    11.2460    35.5090    27.1269    5.44868    236.970 0.0000e+00
    267.000    11.2748   3.993517     2.2445     0.0363 178.928058   49.07374  -16.26352 1.0000e-12    35.5089    11.2410    99.6334    264.562  488758584     0.9175     2.2451     4.7065     0.0061     0.0333     0.0086     0.0000     0.0000    11.2410    35.5084    27.1274    5.45210    237.119 0.0000e+00
    268.000    11.2743   3.993508     2.2445     0.0374 178.928067   49.07374  -16.26352 1.0000e-12    35.5089    11.2404    99.6414    265.560  488758585     0.9273     2.2442     4.7069     0.0061     0.0374     0.4514     0.0000     0.0000    11.2404    35.5084    27.1274    5.44703    236.898 0.0000e+00
    269.000    11.2701   3.993162     2.2428     0.0389 178.928079   49.07374  -16.26352 1.0000e-12    35.5090    11.2361    99.6335    266.553  488758586     0.9397     2.2439     4.7065     0.0061     0.0342     0.3916     0.0000     0.0000    11.2361    35.5085    27.1284    5.43975    236.582 0.0000e+00
    270.000    11.2710   3.993311     2.2403     0.0246 178.928105   49.07372  -16.26353 1.0000e-12    35.5091    11.2368    99.6347    267.530  488758588     0.7964     2.2430     4.7066     0.0061     0.0440     0.3501     0.0000     0.0000    11.2368    35.5087    27.1284    5.43614    236.425 0.0000e+00
    271.000    11.2640   3.992639     2.2397     0.0250 178.928126   49.07374  -16.26354 1.0000e-12    35.5088    11.2297    99.6371    268.517  488758590     0.8032     2.2402     4.7067     0.0061     0.0407     0.2928     0.0000     0.0000    11.2298    35.5083    27.1293    5.43786    236.500 0.0000e+00
    272.000    11.2585   3.992121     2.2387     0.0309 178.928139   49.07374  -16.26354 1.0000e-12    35.5085    11.2242    99.6397    269.512  488758591     0.8674     2.2395     4.7068     0.0061     0.0428     0.3844     0.0000     0.0000    11.2242    35.5080    27.1301    5.43034    236.173 0.0000e+00
    273.000    11.2526   3.991581     2.2373     0.0268 178.928150   49.07374  -16.26354 1.0000e-12    35.5085    11.2181    99.6277    270.506  488758592     0.8239     2.2393     4.7062     0.0061     0.0462     0.3533     0.0000     0.0000    11.2181    35.5079    27.1312    5.42975    236.147 0.0000e+00
    274.000    11.2471   3.991026     2.2369     0.0254 178.928163   49.07374  -16.26354 1.0000e-12    35.5078    11.2125    99.6184    271.499  488758593     0.8088     2.2388     4.7058     0.0061     0.0451     0.5607     0.0000     0.0000    11.2126    35.5071    27.1316    5.43616    236.426 0.0000e+00
    275.000    11.2470   3.991053     2.2377     0.0271 178.928181   49.07374  -16.26354 1.0000e-12    35.5077    11.2123    99.6435    272.483  488758595     0.8276     2.2366     4.7070     0.0061     0.0487     0.2207     0.0000     0.0000    11.2123    35.5071    27.1317    5.44483    236.803 0.0000e+00
    276.000    11.2435   3.990752     2.2413     0.0280 178.928198   49.07374  -16.26354 1.0000e-12    35.5075    11.2087    99.6422    273.472  488758596     0.8375     2.2368     4.7070     0.0061     0.0414     0.5393     0.0000     0.0000    11.2087    35.5070    27.1322    5.46110    237.511 0.0000e+00
    277.000    11.2384   3.990226     2.2408     0.0297 178.928213   49.07374  -16.26354 1.0000e-12    35.5069    11.2034    99.6447    274.466  488758597     0.8555     2.2375     4.7071     0.0061     0.0418     0.2866     0.0000     0.0000    11.2034    35.5063    27.1327    5.44267    236.710 0.0000e+00
    278.000    11.2324   3.989642     2.2384     0.0282 178.928229   49.07374  -16.26354 1.0000e-12    35.5065    11.1973    99.6445    275.455  488758599     0.8400     2.2412     4.7071     0.0061     0.0419     0.2600     0.0000     0.0000    11.1973    35.5058    27.1334    5.44310    236.729 0.0000e+00
    279.000    11.2254   3.988923     2.2391     0.0308 178.928246   49.07374  -16.26354 1.0000e-12    35.5056    11.1902    99.6430    276.443  488758600     0.8665     2.2399     4.7070     0.0061     0.0451     0.5045     0.0000     0.0000    11.1902    35.5050    27.1341    5.43702    236.465 0.0000e+00
    280.000    11.2173   3.988071     2.2353     0.0298 178.928262   49.07374  -16.26354 1.0000e-12    35.5046    11.1820    99.6467    277.437  488758602     0.8560     2.2385     4.7072     0.0061     0.0397     0.2638     0.0000     0.0000    11.1820    35.5038    27.1347    5.43199    236.246 0.0000e+00
    281.000    11.2159   3.987947     2.2349     0.0337 178.928281   49.07373  -16.26354 1.0000e-12    35.5041    11.1804    99.6330    278.428  488758603     0.8935     2.2365     4.7065     0.0061     0.0428     0.3477     0.0000     0.0000    11.1804    35.5035    27.1347    5.43736    236.480 0.0000e+00
    282.000    11.2162   3.988003     2.2349     0.0338 178.928306   49.07373  -16.26354 1.0000e-12    35.5038    11.1806    99.6371    279.409  488758605     0.8946     2.2342     4.7067     0.0061     0.0471     0.4362     0.0000     0.0000    11.1806    35.5033    27.1346    5.43815    236.514 0.0000e+00
    283.000    11.2062   3.986857     2.2348     0.0316 178.928321   49.07374  -16.26354 1.0000e-12    35.5018    11.1705    99.6612    280.399  488758607     0.8742     2.2344     4.7078     0.0061     0.0434     0.3512     0.0000     0.0000    11.1705    35.5011    27.1347    5.43772    236.496 0.0000e+00
    284.000    11.1972   3.985895     2.2341     0.0313 178.928331   49.07374  -16.26354 1.0000e-12    35.5005    11.1614    99.6430    281.395  488758608     0.8708     2.2344     4.7070     0.0061     0.0403     0.4405     0.0000     0.0000    11.1614    35.4997    27.1353    5.43649    236.443 0.0000e+00
    285.000    11.1933   3.985493     2.2338     0.0291 178.928342   49.07374  -16.26354 1.0000e-12    35.4998    11.1574    99.6353    282.396  488758609     0.8487     2.2344     4.7066     0.0061     0.0380     0.3422     0.0000     0.0000    11.1574    35.4990    27.1355    5.43930    236.565 0.0000e+00
    286.000    11.1932   3.985520     2.2337     0.0228 178.928364   49.07374  -16.26354 1.0000e-12    35.4996    11.1571    99.6300    283.375  488758610     0.7783     2.2336     4.7063     0.0061     0.0417     0.4274     0.0000     0.0000    11.1571    35.4990    27.1355    5.43723    236.475 0.0000e+00
    287.000    11.1924   3.985502     2.2314     0.0259 178.928385   49.07372  -16.26354 1.0000e-12    35.4996    11.1563    99.6414    284.354  488758612     0.8151     2.2337     4.7069     0.0061     0.0341     0.3644     0.0000     0.0000    11.1563    35.4991    27.1358    5.42451    235.923 0.0000e+00
    288.000    11.1869   3.984982     2.2304     0.0276 178.928395   49.07372  -16.26352 1.0000e-12    35.4993    11.1507    99.6431    285.351  488758613     0.8337     2.2333     4.7070     0.0061     0.0380    -0.0096     0.0000     0.0000    11.1507    35.4988    27.1365    5.42724    236.041 0.0000e+00
    289.000    11.1756   3.983854     2.2300     0.0283 178.928403   49.07372  -16.26352 1.0000e-12    35.4988    11.1392    99.6314    286.349  488758614     0.8404     2.2327     4.7064     0.0061     0.0379     0.4939     0.0000     0.0000    11.1392    35.4980    27.1380    5.43177    236.239 0.0000e+00
    290.000    11.1761   3.984036     2.2304     0.0283 178.928413   49.07373  -16.26353 1.0000e-12    35.4996    11.1396    99.6188    287.350  488758615     0.8410     2.2311     4.7058     0.0061     0.0377     0.3464     0.0000     0.0000    11.1396    35.4989    27.1387    5.43745    236.485 0.0000e+00
    291.000    11.1755   3.983950     2.2307     0.0263 178.928439   49.07373  -16.26354 1.0000e-12    35.4987    11.1389    99.6489    288.327  488758617     0.8185     2.2299     4.7073     0.0061     0.0374     0.3558     0.0000     0.0000    11.1389    35.4981    27.1382    5.43442    236.354 0.0000e+00
    292.000    11.1611   3.982407     2.2282     0.0273 178.928467   49.07372  -16.26353 1.0000e-12    35.4969    11.1245    99.6308    289.313  488758619     0.8288     2.2307     4.7064     0.0061     0.0410     0.4430     0.0000     0.0000    11.1244    35.4961    27.1393    5.42063    235.755 0.0000e+00
    293.000    11.1587   3.982195     2.2256     0.0280 178.928483   49.07372  -16.26352 1.0000e-12    35.4966    11.1219    99.6587    290.307  488758621     0.8376     2.2294     4.7077     0.0061     0.0434     0.2666     0.0000     0.0000    11.1219    35.4959    27.1396    5.41461    235.493 0.0000e+00
    294.000    11.1576   3.982135     2.2236     0.0327 178.928498   49.07372  -16.26352 1.0000e-12    35.4966    11.1206    99.6654    291.293  488758622     0.8842     2.2273     4.7080     0.0061     0.0393     0.5961     0.0000     0.0000    11.1206    35.4960    27.1399    5.40936    235.265 0.0000e+00
    295.000    11.1577   3.982139     2.2221     0.0356 178.928511   49.07372  -16.26352 1.0000e-12    35.4960    11.1206    99.6690    292.285  488758623     0.9114     2.2253     4.7082     0.0061     0.0516     0.2360     0.0000     0.0000    11.1206    35.4954    27.1394    5.40829    235.218 0.0000e+00
    296.000    11.1487   3.981165     2.2215     0.0318 178.928522   49.07372  -16.26352 1.0000e-12    35.4947    11.1115    99.6560    293.280  488758624     0.8758     2.2240     4.7076     0.0061     0.0494     0.3664     0.0000     0.0000    11.1115    35.4940    27.1400    5.41271    235.411 0.0000e+00
    297.000    11.1375   3.979987     2.2215     0.0257 178.928536   49.07372  -16.26353 1.0000e-12    35.4934    11.1002    99.6543    294.274  488758625     0.8115     2.2220     4.7075     0.0061     0.0398     0.3540     0.0000     0.0000    11.1002    35.4926    27.1410    5.41612    235.560 0.0000e+00
    298.000    11.1389   3.980211     2.2213     0.0260 178.928559   49.07372  -16.26353 1.0000e-12    35.4937    11.1014    99.6522    295.253  488758627     0.8151     2.2209     4.7074     0.0061     0.0487     0.3509     0.0000     0.0000    11.1014    35.4930    27.1411    5.41317    235.431 0.0000e+00
    299.000    11.1292   3.979154     2.2199     0.0260 178.928576   49.07372  -16.26352 1.0000e-12    35.4921    11.0917    99.6703    296.243  488758629     0.8160     2.2210     4.7083     0.0061     0.0374     0.3372     0.0000     0.0000    11.0917    35.4913    27.1415    5.40908    235.254 0.0000e+00
    300.000    11.1209   3.978261     2.2194     0.0265 178.928588   49.07372  -16.26352 1.0000e-12    35.4909    11.0833    99.6542    297.240  488758630     0.8213     2.2211     4.7075     0.0061     0.0352     0.3507     0.0000     0.0000    11.0833    35.4900    27.1421    5.41150    235.360 0.0000e+00
    301.000    11.1148   3.977623     2.2192     0.0279 178.928601   49.07372  -16.26352 1.0000e-12    35.4900    11.0770    99.6440    298.231  488758631     0.8360     2.2198     4.7070     0.0061     0.0420     0.5423     0.0000     0.0000    11.0770    35.4891    27.1425    5.41069    235.325 0.0000e+00
    302.000    11.1018   3.976252     2.2175     0.0278 178.928618   49.07372  -16.26352 1.0000e-12    35.4885    11.0640    99.6534    299.215  488758632     0.8355     2.2189     4.7075     0.0061     0.0396     0.2490     0.0000     0.0000    11.0640    35.4875    27.1436    5.40542    235.096 0.0000e+00
    303.000    11.1038   3.976527     2.2163     0.0267 178.928633   49.07372  -16.26352 1.0000e-12    35.4887    11.0658    99.6225    300.202  488758634     0.8235     2.2187     4.7060     0.0061     0.0358     0.3388     0.0000     0.0000    11.0658    35.4879    27.1436    5.40437    235.050 0.0000e+00
    304.000    11.1040   3.976708     2.2162     0.0242 178.928644   49.07372  -16.26352 1.0000e-12    35.4897    11.0659    99.6657    301.198  488758635     0.7953     2.2172     4.7081     0.0061     0.0354     0.3806     0.0000     0.0000    11.0659    35.4890    27.1444    5.41067    235.324 0.0000e+00
    305.000    11.0975   3.976057     2.2166     0.0262 178.928655   49.07372  -16.26352 1.0000e-12    35.4892    11.0593    99.6615    302.194  488758636     0.8178     2.2163     4.7079     0.0061     0.0370     0.3645     0.0000     0.0000    11.0593    35.4884    27.1452    5.41160    235.365 0.0000e+00
    306.000    11.1000   3.976398     2.2167     0.0262 178.928680   49.07372  -16.26352 1.0000e-12    35.4894    11.0616    99.6547    303.181  488758638     0.8175     2.2159     4.7075     0.0061     0.0351     0.4589     0.0000     0.0000    11.0616    35.4889    27.1452    5.41068    235.325 0.0000e+00
    307.000    11.1043   3.977040     2.2167     0.0267 178.928719   49.07372  -16.26352 1.0000e-12    35.4909    11.0658    99.6826    304.155  488758641     0.8238     2.2168     4.7088     0.0061     0.0354     0.3027     0.0000     0.0000    11.0658    35.4907    27.1458    5.41624    235.566 0.0000e+00
    308.000    11.1182   3.978921     2.2184     0.0278 178.928728   49.07372  -16.26352 1.0000e-12    35.4956    11.0795    99.6760    305.149  488758642     0.8350     2.2171     4.7085     0.0061     0.0415     0.4850     0.0000     0.0000    11.0795    35.4957    27.1472    5.42818    236.084 0.0000e+00
    309.000    11.1299   3.980476     2.2200     0.0303 178.928736   49.07372  -16.26352 1.0000e-12    35.4989    11.0911    99.6819    306.147  488758643     0.8615     2.2161     4.7088     0.0061     0.0424     0.5445     0.0000     0.0000    11.0911    35.4994    27.1480    5.43336    236.309 0.0000e+00
    310.000    11.1378   3.981512     2.2215     0.0310 178.928744   49.07372  -16.26352 1.0000e-12    35.5010    11.0988    99.6856    307.142  488758643     0.8685     2.2162     4.7090     0.0061     0.0418     0.4625     0.0000     0.0000    11.0988    35.5017    27.1483    5.44121    236.649 0.0000e+00
    311.000    11.1577   3.984134     2.2241     0.0285 178.928752   49.07372  -16.26352 1.0000e-12    35.5070    11.1186    99.6771    308.134  488758644     0.8430     2.2169     4.7086     0.0061     0.0379     0.0498     0.0000     0.0000    11.1186    35.5081    27.1497    5.45216    237.124 0.0000e+00
    312.000    11.1720   3.985911     2.2276     0.0241 178.928763   49.07372  -16.26352 1.0000e-12    35.5103    11.1328    99.6569    309.128  488758645     0.7923     2.2191     4.7076     0.0061     0.0367     0.3217     0.0000     0.0000    11.1328    35.5116    27.1498    5.45784    237.370 0.0000e+00
    313.000    11.1586   3.984211     2.2287     0.0259 178.928800   49.07372  -16.26352 1.0000e-12    35.5066    11.1192    99.6772    310.107  488758648     0.8147     2.2260     4.7086     0.0061     0.0354     0.4114     0.0000     0.0000    11.1192    35.5072    27.1489    5.44829    236.956 0.0000e+00
    314.000    11.1640   3.984975     2.2282     0.0259 178.928826   49.07372  -16.26352 1.0000e-12    35.5084    11.1244    99.6884    311.087  488758650     0.8144     2.2272     4.7091     0.0061     0.0313     0.4563     0.0000     0.0000    11.1244    35.5092    27.1495    5.45371    237.191 0.0000e+00
    315.000    11.1623   3.984898     2.2297     0.0246 178.928834   49.07372  -16.26352 1.0000e-12    35.5090    11.1226    99.6931    312.082  488758651     0.7999     2.2270     4.7093     0.0061     0.0312     0.0023     0.0000     0.0000    11.1226    35.5096    27.1501    5.46289    237.590 0.0000e+00
