Data/ruptures/DY032/PAP/d20150624_DY032_CTD01.cnv
* Sea-Bird SBE 9 Data File:
* FileName = C:\CTD\DY032\20150624_DY032_CTD01.hdr
* Software Version Seasave V 7.23.2
* Temperature SN = 2112
* Conductivity SN = 3159
* Number of Bytes Per Scan = 35
* Number of Voltage Words = 4
* Number of Scans Averaged by the Deck Unit = 1
* NMEA Latitude = 49 01.67 N
* NMEA Longitude = 016 24.88 W
* NMEA UTC (Time) = Jun 24 2015 00:31:13
** Ship:
** Station:
** Operator:
# nquan = 28
# nvalues = 1005                        
# units = specified
# name 0 = prDM: Pressure, Digiquartz [db]
# name 1 = t090C: Temperature [ITS-90, deg C]
# name 2 = c0S/m: Conductivity [S/m]
# name 3 = sbeox0V: Oxygen raw, SBE 43 [V]
# name 4 = flC: Fluorescence, Chelsea Aqua 3 Chl Con [ug/l]
# name 5 = timeJ: Julian Days
# name 6 = latitude: Latitude [deg]
# name 7 = longitude: Longitude [deg]
# name 8 = par: PAR/Irradiance, Biospherical/Licor
# name 9 = sal00: Salinity, Practical [PSU]
# name 10 = potemp090C: Potential Temperature [ITS-90, deg C]
# name 11 = CStarTr0: Beam Transmission, WET Labs C-Star [%]
# name 12 = depSM: Depth [salt water, m]
# name 13 = timeQ: Time, NMEA [seconds]
# name 14 = v0: Voltage 0
# name 15 = v1: Voltage 1
# name 16 = v2: Voltage 2
# name 17 = v3: Voltage 3
# name 18 = v4: Voltage 4
# name 19 = v5: Voltage 5
# name 20 = v6: Voltage 6
# name 21 = v7: Voltage 7
# name 22 = potemp090C: Potential Temperature [ITS-90, deg C]
# name 23 = sal00: Salinity, Practical [PSU]
# name 24 = sigma-é00: Density [sigma-theta, kg/m^3]
# name 25 = sbeox0ML/L: Oxygen, SBE 43 [ml/l], WS = 2
# name 26 = sbeox0Mm/Kg: Oxygen, SBE 43 [umol/kg], WS = 2
# name 27 = flag: flag
# span 0 =      1.000,   1005.000       
# span 1 =     7.5902,    15.3783       
# span 2 =   3.637353,   4.388068       
# span 3 =     1.6891,     2.6879       
# span 4 =     0.0109,     1.7392       
# span 5 = 175.027180, 175.044962       
# span 6 =   49.02764,   49.02784       
# span 7 =  -16.41726,  -16.41466       
# span 8 = 1.0000e-12, 1.0000e-12       
# span 9 =    35.1150,    35.5445       
# span 10 =     7.4874,    15.3772      
# span 11 =    84.8509,    99.9704      
# span 12 =      0.981,    994.073      
# span 13 =  488421548,  488423084      
# span 14 =     0.6033,     2.4684      
# span 15 =     1.6893,     2.6877      
# span 16 =     4.0082,     4.7224      
# span 17 =     0.0000,     0.0000      
# span 18 =     0.0160,     0.2434      
# span 19 =     0.0000,     0.0000      
# span 20 =     0.0000,     0.0000      
# span 21 =     0.0000,     0.0000      
# span 22 =     7.4874,    15.3772      
# span 23 =    35.1114,    35.5449      
# span 24 =    26.2984,    27.5097      
# span 25 =    4.25578,    6.18732      
# span 26 =    185.174,    269.032      
# span 27 = 0.0000e+00, 0.0000e+00      
# interval = decibars: 1                
# start_time = Jun 24 2015 00:38:02 [NMEA time, first data scan]
# bad_flag = -9.990e-29
*END*
[from data line 622]
    623.000    10.7163   3.954758     2.1883     0.0164 175.039468   49.02772  -16.41625 1.0000e-12    35.5022    10.6388    99.8577    616.785  488422610     0.6930     2.1876     4.7171     0.0000     0.0265     0.0000     0.0000     0.0000    10.6388    35.5020    27.2319    5.58576    242.946 0.0000e+00
    624.000    10.7156   3.954722     2.1874     0.0159 175.039482   49.02772  -16.41626 1.0000e-12    35.5021    10.6380    99.8637    617.775  488422611     0.6851     2.1871     4.7173     0.0000     0.0236     0.0000     0.0000     0.0000    10.6379    35.5019    27.2320    5.58198    242.782 0.0000e+00
    625.000    10.7159   3.954827     2.1874     0.0175 175.039497   49.02772  -16.41626 1.0000e-12    35.5024    10.6381    99.8595    618.766  488422612     0.7087     2.1867     4.7171     0.0000     0.0227     0.0000     0.0000     0.0000    10.6381    35.5022    27.2322    5.58600    242.957 0.0000e+00
    626.000    10.7149   3.954790     2.1871     0.0128 175.039515   49.02772  -16.41626 1.0000e-12    35.5025    10.6370    99.8627    619.752  488422614     0.6353     2.1858     4.7173     0.0000     0.0230     0.0000     0.0000     0.0000    10.6370    35.5024    27.2326    5.58511    242.918 0.0000e+00
    627.000    10.7143   3.954793     2.1866     0.0171 175.039534   49.02772  -16.41626 1.0000e-12    35.5027    10.6363    99.8761    620.737  488422616     0.7030     2.1858     4.7179     0.0000     0.0269     0.0000     0.0000     0.0000    10.6363    35.5025    27.2328    5.58092    242.736 0.0000e+00
    628.000    10.7141   3.954832     2.1856     0.0166 175.039549   49.02772  -16.41626 1.0000e-12    35.5027    10.6360    99.8728    621.724  488422617     0.6963     2.1856     4.7178     0.0000     0.0265     0.0000     0.0000     0.0000    10.6360    35.5026    27.2329    5.57455    242.459 0.0000e+00
    629.000    10.7127   3.954698     2.1840     0.0168 175.039561   49.02772  -16.41626 1.0000e-12    35.5023    10.6345    99.8692    622.711  488422618     0.6991     2.1853     4.7176     0.0000     0.0237     0.0000     0.0000     0.0000    10.6345    35.5022    27.2329    5.57106    242.307 0.0000e+00
    630.000    10.7089   3.954329     2.1838     0.0153 175.039570   49.02772  -16.41626 1.0000e-12    35.5020    10.6306    99.8656    623.707  488422619     0.6769     2.1846     4.7174     0.0000     0.0236     0.0000     0.0000     0.0000    10.6306    35.5018    27.2332    5.57814    242.615 0.0000e+00
    631.000    10.7074   3.954212     2.1837     0.0185 175.039579   49.02772  -16.41626 1.0000e-12    35.5019    10.6289    99.8513    624.698  488422619     0.7222     2.1841     4.7168     0.0000     0.0226     0.0000     0.0000     0.0000    10.6289    35.5016    27.2334    5.57646    242.542 0.0000e+00
    632.000    10.7061   3.954123     2.1830     0.0181 175.039589   49.02772  -16.41628 1.0000e-12    35.5018    10.6275    99.8555    625.692  488422620     0.7180     2.1825     4.7170     0.0000     0.0242     0.0000     0.0000     0.0000    10.6275    35.5015    27.2336    5.57373    242.424 0.0000e+00
    633.000    10.7038   3.953910     2.1825     0.0166 175.039609   49.02771  -16.41628 1.0000e-12    35.5015    10.6251    99.8310    626.674  488422622     0.6957     2.1819     4.7158     0.0000     0.0306     0.0000     0.0000     0.0000    10.6251    35.5012    27.2337    5.57557    242.504 0.0000e+00
    634.000    10.7060   3.954189     2.1818     0.0194 175.039632   49.02771  -16.41628 1.0000e-12    35.5015    10.6272    99.8727    627.653  488422624     0.7352     2.1810     4.7178     0.0000     0.0209     0.0000     0.0000     0.0000    10.6272    35.5014    27.2335    5.57007    242.264 0.0000e+00
    635.000    10.6988   3.953456     2.1807     0.0178 175.039645   49.02772  -16.41628 1.0000e-12    35.5008    10.6199    99.8648    628.647  488422625     0.7124     2.1807     4.7174     0.0000     0.0227     0.0000     0.0000     0.0000    10.6199    35.5005    27.2342    5.56697    242.130 0.0000e+00
    636.000    10.6967   3.953280     2.1796     0.0208 175.039658   49.02772  -16.41628 1.0000e-12    35.5007    10.6176    99.8462    629.638  488422626     0.7534     2.1805     4.7165     0.0000     0.0228     0.0000     0.0000     0.0000    10.6176    35.5004    27.2345    5.56531    242.058 0.0000e+00
    637.000    10.6957   3.953215     2.1788     0.0210 175.039671   49.02772  -16.41628 1.0000e-12    35.5005    10.6165    99.8498    630.625  488422627     0.7566     2.1795     4.7167     0.0000     0.0245     0.0000     0.0000     0.0000    10.6166    35.5002    27.2345    5.56163    241.897 0.0000e+00
    638.000    10.6894   3.952566     2.1772     0.0182 175.039684   49.02771  -16.41628 1.0000e-12    35.4998    10.6101    99.8642    631.613  488422628     0.7188     2.1782     4.7174     0.0000     0.0248     0.0000     0.0000     0.0000    10.6101    35.4994    27.2350    5.55576    241.642 0.0000e+00
    639.000    10.6844   3.952053     2.1755     0.0179 175.039697   49.02770  -16.41628 1.0000e-12    35.4991    10.6050    99.8568    632.602  488422629     0.7147     2.1775     4.7170     0.0000     0.0227     0.0000     0.0000     0.0000    10.6050    35.4986    27.2353    5.55072    241.424 0.0000e+00
    640.000    10.6782   3.951405     2.1744     0.0184 175.039709   49.02770  -16.41629 1.0000e-12    35.4983    10.5987    99.8755    633.591  488422631     0.7221     2.1761     4.7179     0.0000     0.0209     0.0000     0.0000     0.0000    10.5987    35.4977    27.2357    5.55290    241.519 0.0000e+00
    641.000    10.6750   3.951107     2.1737     0.0204 175.039722   49.02770  -16.41630 1.0000e-12    35.4979    10.5954    99.8719    634.580  488422632     0.7480     2.1745     4.7177     0.0000     0.0227     0.0000     0.0000     0.0000    10.5954    35.4973    27.2360    5.55163    241.464 0.0000e+00
    642.000    10.6707   3.950656     2.1725     0.0174 175.039736   49.02770  -16.41630 1.0000e-12    35.4972    10.5910    99.8757    635.569  488422633     0.7072     2.1730     4.7179     0.0000     0.0239     0.0000     0.0000     0.0000    10.5910    35.4966    27.2362    5.55143    241.455 0.0000e+00
    643.000    10.6691   3.950520     2.1720     0.0215 175.039752   49.02770  -16.41630 1.0000e-12    35.4968    10.5893    99.8757    636.558  488422634     0.7619     2.1719     4.7179     0.0000     0.0230     0.0000     0.0000     0.0000    10.5893    35.4962    27.2363    5.54698    241.262 0.0000e+00
    644.000    10.6677   3.950406     2.1700     0.0240 175.039769   49.02771  -16.41630 1.0000e-12    35.4965    10.5877    99.8603    637.541  488422636     0.7933     2.1709     4.7172     0.0000     0.0212     0.0000     0.0000     0.0000    10.5877    35.4961    27.2364    5.54105    241.004 0.0000e+00
    645.000    10.6667   3.950334     2.1692     0.0242 175.039784   49.02770  -16.41632 1.0000e-12    35.4963    10.5866    99.8713    638.531  488422637     0.7956     2.1702     4.7177     0.0000     0.0227     0.0000     0.0000     0.0000    10.5866    35.4959    27.2365    5.54207    241.048 0.0000e+00
    646.000    10.6645   3.950143     2.1688     0.0235 175.039797   49.02770  -16.41632 1.0000e-12    35.4960    10.5843    99.8719    639.523  488422638     0.7867     2.1687     4.7177     0.0000     0.0211     0.0000     0.0000     0.0000    10.5843    35.4956    27.2366    5.54487    241.170 0.0000e+00
    647.000    10.6616   3.949855     2.1688     0.0233 175.039811   49.02770  -16.41632 1.0000e-12    35.4955    10.5813    99.8577    640.511  488422639     0.7839     2.1677     4.7171     0.0000     0.0213     0.0000     0.0000     0.0000    10.5813    35.4951    27.2368    5.54484    241.169 0.0000e+00
    648.000    10.6600   3.949729     2.1679     0.0225 175.039826   49.02770  -16.41632 1.0000e-12    35.4953    10.5796    99.8748    641.499  488422641     0.7747     2.1673     4.7179     0.0000     0.0224     0.0000     0.0000     0.0000    10.5796    35.4949    27.2369    5.54055    240.983 0.0000e+00
    649.000    10.6597   3.949728     2.1675     0.0241 175.039840   49.02770  -16.41632 1.0000e-12    35.4951    10.5792    99.8748    642.482  488422642     0.7942     2.1673     4.7179     0.0000     0.0233     0.0000     0.0000     0.0000    10.5792    35.4947    27.2369    5.54135    241.017 0.0000e+00
    650.000    10.6595   3.949747     2.1668     0.0187 175.039853   49.02770  -16.41632 1.0000e-12    35.4950    10.5788    99.8643    643.471  488422643     0.7246     2.1666     4.7174     0.0000     0.0264     0.0000     0.0000     0.0000    10.5788    35.4947    27.2370    5.53673    240.816 0.0000e+00
    651.000    10.6507   3.948800     2.1661     0.0148 175.039863   49.02770  -16.41632 1.0000e-12    35.4938    10.5699    99.8511    644.463  488422644     0.6686     2.1661     4.7168     0.0000     0.0203     0.0000     0.0000     0.0000    10.5699    35.4933    27.2374    5.53632    240.799 0.0000e+00
    652.000    10.6460   3.948347     2.1653     0.0202 175.039873   49.02770  -16.41632 1.0000e-12    35.4934    10.5651    99.8608    645.456  488422645     0.7453     2.1660     4.7172     0.0000     0.0218     0.0000     0.0000     0.0000    10.5651    35.4928    27.2379    5.53593    240.782 0.0000e+00
    653.000    10.6449   3.948268     2.1647     0.0221 175.039885   49.02770  -16.41633 1.0000e-12    35.4932    10.5639    99.8632    646.446  488422646     0.7707     2.1649     4.7173     0.0000     0.0244     0.0000     0.0000     0.0000    10.5639    35.4926    27.2380    5.53425    240.709 0.0000e+00
    654.000    10.6424   3.948040     2.1634     0.0167 175.039901   49.02770  -16.41634 1.0000e-12    35.4928    10.5613    99.8711    647.433  488422647     0.6968     2.1638     4.7177     0.0000     0.0249     0.0000     0.0000     0.0000    10.5613    35.4923    27.2382    5.53104    240.570 0.0000e+00
    655.000    10.6416   3.947990     2.1616     0.0123 175.039927   49.02770  -16.41634 1.0000e-12    35.4925    10.5604    99.8733    648.414  488422649     0.6280     2.1621     4.7178     0.0000     0.0219     0.0000     0.0000     0.0000    10.5604    35.4921    27.2382    5.52212    240.182 0.0000e+00
    656.000    10.6285   3.946555     2.1587     0.0129 175.039946   49.02770  -16.41634 1.0000e-12    35.4906    10.5472    99.8721    649.400  488422651     0.6381     2.1612     4.7177     0.0000     0.0216     0.0000     0.0000     0.0000    10.5472    35.4900    27.2389    5.51267    239.772 0.0000e+00
    657.000    10.6217   3.945783     2.1577     0.0184 175.039957   49.02770  -16.41634 1.0000e-12    35.4892    10.5403    99.8258    650.389  488422652     0.7212     2.1600     4.7156     0.0000     0.0229     0.0000     0.0000     0.0000    10.5403    35.4884    27.2389    5.51676    239.950 0.0000e+00
    658.000    10.6107   3.944554     2.1568     0.0215 175.039967   49.02770  -16.41634 1.0000e-12    35.4871    10.5293    99.8476    651.383  488422653     0.7629     2.1585     4.7166     0.0000     0.0204     0.0000     0.0000     0.0000    10.5293    35.4862    27.2391    5.52084    240.128 0.0000e+00
    659.000    10.6104   3.944580     2.1578     0.0192 175.039977   49.02770  -16.41634 1.0000e-12    35.4872    10.5288    99.8729    652.372  488422654     0.7323     2.1567     4.7178     0.0000     0.0166     0.0000     0.0000     0.0000    10.5288    35.4863    27.2393    5.52553    240.333 0.0000e+00
    660.000    10.6156   3.945270     2.1569     0.0157 175.039987   49.02770  -16.41634 1.0000e-12    35.4883    10.5339    99.8664    653.363  488422655     0.6810     2.1563     4.7175     0.0000     0.0288     0.0000     0.0000     0.0000    10.5339    35.4877    27.2395    5.51432    239.845 0.0000e+00
    661.000    10.6155   3.945323     2.1557     0.0111 175.039999   49.02770  -16.41634 1.0000e-12    35.4885    10.5336    99.8716    654.350  488422656     0.6074     2.1555     4.7177     0.0000     0.0194     0.0000     0.0000     0.0000    10.5336    35.4880    27.2398    5.51291    239.783 0.0000e+00
    662.000    10.6128   3.945069     2.1552     0.0141 175.040012   49.02770  -16.41635 1.0000e-12    35.4881    10.5308    99.8723    655.340  488422657     0.6554     2.1558     4.7177     0.0000     0.0238     0.0000     0.0000     0.0000    10.5308    35.4875    27.2399    5.51702    239.962 0.0000e+00
    663.000    10.6140   3.945239     2.1551     0.0215 175.040030   49.02770  -16.41636 1.0000e-12    35.4880    10.5319    99.8640    656.323  488422658     0.7631     2.1541     4.7174     0.0000     0.0249     0.0000     0.0000     0.0000    10.5319    35.4877    27.2398    5.51517    239.881 0.0000e+00
    664.000    10.6148   3.945390     2.1542     0.0199 175.040047   49.02770  -16.41636 1.0000e-12    35.4882    10.5326    99.8733    657.310  488422660     0.7418     2.1536     4.7178     0.0000     0.0210     0.0000     0.0000     0.0000    10.5326    35.4880    27.2399    5.51393    239.827 0.0000e+00
    665.000    10.6154   3.945520     2.1542     0.0233 175.040061   49.02770  -16.41636 1.0000e-12    35.4885    10.5330    99.8757    658.299  488422661     0.7845     2.1534     4.7179     0.0000     0.0262     0.0000     0.0000     0.0000    10.5330    35.4882    27.2401    5.51987    240.085 0.0000e+00
    666.000    10.6146   3.945472     2.1554     0.0222 175.040074   49.02770  -16.41636 1.0000e-12    35.4883    10.5321    99.8748    659.290  488422662     0.7713     2.1526     4.7179     0.0000     0.0227     0.0000     0.0000     0.0000    10.5321    35.4881    27.2401    5.52413    240.271 0.0000e+00
    667.000    10.6121   3.945239     2.1554     0.0229 175.040090   49.02770  -16.41636 1.0000e-12    35.4880    10.5295    99.8771    660.280  488422663     0.7794     2.1527     4.7180     0.0000     0.0238     0.0000     0.0000     0.0000    10.5295    35.4877    27.2403    5.52256    240.203 0.0000e+00
    668.000    10.6107   3.945126     2.1554     0.0188 175.040107   49.02770  -16.41636 1.0000e-12    35.4877    10.5280    99.8673    661.265  488422665     0.7270     2.1538     4.7175     0.0000     0.0211     0.0000     0.0000     0.0000    10.5280    35.4875    27.2404    5.52222    240.188 0.0000e+00
    669.000    10.6089   3.944942     2.1548     0.0171 175.040122   49.02770  -16.41636 1.0000e-12    35.4872    10.5260    99.8695    662.250  488422666     0.7018     2.1538     4.7176     0.0000     0.0244     0.0000     0.0000     0.0000    10.5260    35.4870    27.2403    5.51407    239.834 0.0000e+00
    670.000    10.6076   3.944844     2.1531     0.0159 175.040135   49.02770  -16.41636 1.0000e-12    35.4871    10.5246    99.8747    663.242  488422667     0.6849     2.1539     4.7179     0.0000     0.0295     0.0000     0.0000     0.0000    10.5246    35.4868    27.2405    5.51202    239.745 0.0000e+00
    671.000    10.6031   3.944375     2.1528     0.0197 175.040146   49.02770  -16.41637 1.0000e-12    35.4863    10.5200    99.8663    664.228  488422668     0.7392     2.1537     4.7175     0.0000     0.0228     0.0000     0.0000     0.0000    10.5201    35.4860    27.2406    5.51083    239.693 0.0000e+00
    672.000    10.5979   3.943834     2.1513     0.0190 175.040157   49.02770  -16.41638 1.0000e-12    35.4856    10.5147    99.8609    665.219  488422669     0.7295     2.1522     4.7172     0.0000     0.0240     0.0000     0.0000     0.0000    10.5147    35.4852    27.2409    5.50410    239.401 0.0000e+00
    673.000    10.5911   3.943066     2.1504     0.0218 175.040167   49.02770  -16.41638 1.0000e-12    35.4841    10.5078    99.8759    666.209  488422670     0.7662     2.1515     4.7179     0.0000     0.0203     0.0000     0.0000     0.0000    10.5078    35.4836    27.2409    5.50743    239.546 0.0000e+00
