Data/ruptures/DY032/PAP/d20150627_DY032_CTD05.cnv
* Sea-Bird SBE 9 Data File:
* FileName = C:\CTD\DY032\20150627_DY032_CTD05.hdr
* Software Version Seasave V 7.23.2
* Temperature SN = 2112
* Conductivity SN = 3159
* Number of Bytes Per Scan = 35
* Number of Voltage Words = 4
* Number of Scans Averaged by the Deck Unit = 1
* NMEA Latitude = 49 04.45 N
* NMEA Longitude = 016 15.67 W
* NMEA UTC (Time) = Jun 27 2015 15:51:42
** Ship:
** Station:
** Operator:
# nquan = 28
# nvalues = 1010                        
# units = specified
# name 0 = prDM: Pressure, Digiquartz [db]
# name 1 = t090C: Temperature [ITS-90, deg C]
# name 2 = c0S/m: Conductivity [S/m]
# name 3 = sbeox0V: Oxygen raw, SBE 43 [V]
# name 4 = flC: Fluorescence, Chelsea Aqua 3 Chl Con [ug/l]
# name 5 = timeJ: Julian Days
# name 6 = latitude: Latitude [deg]
# name 7 = longitude: Longitude [deg]
# name 8 = par: PAR/Irradiance, Biospherical/Licor
# name 9 = sal00: Salinity, Practical [PSU]
# name 10 = potemp090C: Potential Temperature [ITS-90, deg C]
# name 11 = CStarTr0: Beam Transmission, WET Labs C-Star [%]
# name 12 = depSM: Depth [salt water, m]
# name 13 = timeQ: Time, NMEA [seconds]
# name 14 = v0: Voltage 0
# name 15 = v1: Voltage 1
# name 16 = v2: Voltage 2
# name 17 = v3: Voltage 3
# name 18 = v4: Voltage 4
# name 19 = v5: Voltage 5
# name 20 = v6: Voltage 6
# name 21 = v7: Voltage 7
# name 22 = potemp090C: Potential Temperature [ITS-90, deg C]
# name 23 = sal00: Salinity, Practical [PSU]
# name 24 = sigma-é00: Density [sigma-theta, kg/m^3]
# name 25 = sbeox0ML/L: Oxygen, SBE 43 [ml/l], WS = 2
# name 26 = sbeox0Mm/Kg: Oxygen, SBE 43 [umol/kg], WS = 2
# name 27 = flag: flag
# span 0 =      6.000,   1015.000       
# span 1 =     8.3915,    15.0183       
# span 2 =   3.736444,   4.350068       
# span 3 =     1.6678,     2.5458       
# span 4 =     0.0088,     1.6378       
# span 5 = 178.668002, 178.692441       
# span 6 =   49.07195,   49.07404       
# span 7 =  -16.26412,  -16.26134       
# span 8 = 1.0000e-12, 4.1914e+01       
# span 9 =    35.3160,    35.5601       
# span 10 =     8.2806,    15.0174      
# span 11 =    89.5960,    99.9615      
# span 12 =      5.936,   1003.959      
# span 13 =  488736115,  488738226      
# span 14 =     0.5632,     2.4423      
# span 15 =     1.6665,     2.5465      
# span 16 =     4.2324,     4.7220      
# span 17 =     0.0061,     2.9226      
# span 18 =     0.0161,     0.3434      
# span 19 =    -0.0482,     2.8790      
# span 20 =     0.0000,     0.0000      
# span 21 =     0.2112,     0.2262      
# span 22 =     8.2806,    15.0174      
# span 23 =    35.3129,    35.5596      
# span 24 =    26.3613,    27.5215      
# span 25 =    4.25052,    5.77452      
# span 26 =    184.938,    251.094      
# span 27 = 0.0000e+00, 0.0000e+00      
# interval = decibars: 1                
# start_time = Jun 27 2015 16:01:41 [NMEA time, first data scan]
# bad_flag = -9.990e-29
*END*
[from data line 104]
    110.000    11.9632   4.058247     2.3109     0.0298 178.671677   49.07370  -16.26176 1.0000e-12    35.5571    11.9488    99.5957    109.033  488736433     0.8564     2.3128     4.7047     0.0061     0.0454     0.3152     0.0000     0.2179    11.9488    35.5571    27.0318    5.45674    237.297 0.0000e+00
    111.000    11.9548   4.057710     2.3099     0.0298 178.671689   49.07370  -16.26177 1.0000e-12    35.5596    11.9403    99.5914    110.028  488736434     0.8560     2.3126     4.7045     0.0061     0.0342     0.3398     0.0000     0.2180    11.9403    35.5594    27.0353    5.45592    237.261 0.0000e+00
    112.000    11.9445   4.056773     2.3090     0.0275 178.671703   49.07370  -16.26178 1.0000e-12    35.5601    11.9298    99.5428    111.027  488736435     0.8319     2.3110     4.7022     0.0061     0.0369     0.4535     0.0000     0.2180    11.9299    35.5596    27.0374    5.45860    237.378 0.0000e+00
    113.000    11.9508   4.057365     2.3097     0.0323 178.671740   49.07370  -16.26178 1.0000e-12    35.5591    11.9360    99.6004    112.008  488736438     0.8809     2.3088     4.7049     0.0061     0.0363     0.3163     0.0000     0.2185    11.9360    35.5590    27.0358    5.46410    237.617 0.0000e+00
    114.000    11.9471   4.057040     2.3080     0.0298 178.671771   49.07370  -16.26179 1.0000e-12    35.5590    11.9323    99.5274    113.003  488736441     0.8562     2.3096     4.7015     0.0061     0.0404     0.3372     0.0000     0.2185    11.9323    35.5588    27.0363    5.45425    237.189 0.0000e+00
    115.000    11.9324   4.055712     2.3068     0.0300 178.671808   49.07369  -16.26180 1.0000e-12    35.5599    11.9174    99.5811    113.988  488736444     0.8576     2.3074     4.7040     0.0061     0.0327     0.4228     0.0000     0.2185    11.9174    35.5595    27.0397    5.45686    237.302 0.0000e+00
    116.000    11.9272   4.055205     2.3058     0.0281 178.671829   49.07368  -16.26180 1.0000e-12    35.5595    11.9121    99.6051    114.979  488736446     0.8382     2.3069     4.7051     0.0061     0.0301     0.2457     0.0000     0.2185    11.9121    35.5590    27.0403    5.45301    237.135 0.0000e+00
    117.000    11.9158   4.054037     2.3060     0.0325 178.671847   49.07368  -16.26180 1.0000e-12    35.5586    11.9006    99.5795    115.980  488736447     0.8818     2.3064     4.7040     0.0061     0.0372     0.4328     0.0000     0.2186    11.9006    35.5580    27.0418    5.46104    237.485 0.0000e+00
    118.000    11.9137   4.053878     2.3058     0.0302 178.671884   49.07368  -16.26181 1.0000e-12    35.5584    11.8984    99.5691    116.964  488736450     0.8547     2.3060     4.7035     0.0061     0.0365     0.3324     0.0000     0.2186    11.8984    35.5579    27.0422    5.45683    237.302 0.0000e+00
    119.000    11.9070   4.053162     2.3036     0.0337 178.671916   49.07368  -16.26182 1.0000e-12    35.5574    11.8916    99.5887    117.953  488736453     0.8936     2.3053     4.7044     0.0061     0.0314     0.5054     0.0000     0.2186    11.8916    35.5569    27.0426    5.44676    236.864 0.0000e+00
    120.000    11.8899   4.051382     2.3021     0.0318 178.671932   49.07368  -16.26182 1.0000e-12    35.5561    11.8743    99.6004    118.951  488736455     0.8755     2.3048     4.7049     0.0061     0.0297     0.4239     0.0000     0.2186    11.8743    35.5553    27.0447    5.44792    236.915 0.0000e+00
    121.000    11.8851   4.050921     2.3016     0.0269 178.671964   49.07368  -16.26182 1.0000e-12    35.5557    11.8693    99.5818    119.936  488736457     0.8257     2.3018     4.7041     0.0061     0.0394     0.3296     0.0000     0.2186    11.8693    35.5550    27.0454    5.45085    237.042 0.0000e+00
    122.000    11.8837   4.050831     2.3006     0.0286 178.671991   49.07368  -16.26182 1.0000e-12    35.5555    11.8678    99.6025    120.924  488736460     0.8441     2.3016     4.7050     0.0061     0.0304     0.2572     0.0000     0.2186    11.8678    35.5550    27.0457    5.44742    236.894 0.0000e+00
    123.000    11.8797   4.050515     2.3005     0.0312 178.672007   49.07368  -16.26184 1.0000e-12    35.5558    11.8637    99.5610    121.925  488736461     0.8704     2.3012     4.7031     0.0061     0.0356     0.4407     0.0000     0.2186    11.8637    35.5553    27.0467    5.45007    237.009 0.0000e+00
    124.000    11.8823   4.050814     2.2992     0.0300 178.672058   49.07366  -16.26184 1.0000e-12    35.5555    11.8662    99.5871    122.904  488736465     0.8584     2.3003     4.7043     0.0061     0.0334     0.3191     0.0000     0.2186    11.8662    35.5553    27.0463    5.44340    236.719 0.0000e+00
    125.000    11.8688   4.049435     2.2981     0.0317 178.672079   49.07366  -16.26184 1.0000e-12    35.5547    11.8526    99.5950    123.900  488736467     0.8747     2.3002     4.7047     0.0061     0.0344     0.3983     0.0000     0.2185    11.8526    35.5542    27.0480    5.44417    236.752 0.0000e+00
    126.000    11.8636   4.048946     2.2981     0.0328 178.672092   49.07368  -16.26184 1.0000e-12    35.5545    11.8472    99.6007    124.903  488736468     0.8854     2.2989     4.7049     0.0061     0.0317     0.2357     0.0000     0.2186    11.8473    35.5539    27.0488    5.44699    236.876 0.0000e+00
    127.000    11.8731   4.049958     2.2978     0.0318 178.672136   49.07366  -16.26184 1.0000e-12    35.5544    11.8566    99.6172    125.874  488736472     0.8753     2.2979     4.7057     0.0061     0.0410     0.4314     0.0000     0.2186    11.8566    35.5543    27.0473    5.44226    236.669 0.0000e+00
    128.000    11.8554   4.048132     2.2967     0.0281 178.672151   49.07366  -16.26185 1.0000e-12    35.5534    11.8388    99.6012    126.877  488736473     0.8385     2.2980     4.7050     0.0061     0.0356     0.2503     0.0000     0.2186    11.8388    35.5529    27.0496    5.44423    236.756 0.0000e+00
    129.000    11.8541   4.048037     2.2961     0.0316 178.672190   49.07366  -16.26186 1.0000e-12    35.5532    11.8373    99.6056    127.865  488736477     0.8738     2.2969     4.7052     0.0061     0.0386     0.4024     0.0000     0.2186    11.8373    35.5528    27.0498    5.44127    236.627 0.0000e+00
    130.000    11.8449   4.047102     2.2940     0.0308 178.672219   49.07366  -16.26186 1.0000e-12    35.5524    11.8281    99.5898    128.859  488736479     0.8666     2.2962     4.7044     0.0061     0.0356     0.2546     0.0000     0.2186    11.8281    35.5519    27.0509    5.43482    236.347 0.0000e+00
    131.000    11.8362   4.046303     2.2933     0.0291 178.672250   49.07366  -16.26186 1.0000e-12    35.5525    11.8192    99.6134    129.843  488736482     0.8493     2.2938     4.7056     0.0061     0.0367     0.3939     0.0000     0.2186    11.8192    35.5520    27.0526    5.43993    236.569 0.0000e+00
    132.000    11.8346   4.046227     2.2927     0.0283 178.672270   49.07366  -16.26186 1.0000e-12    35.5528    11.8175    99.6068    130.835  488736484     0.8409     2.2930     4.7052     0.0061     0.0398     0.2901     0.0000     0.2186    11.8175    35.5523    27.0532    5.43333    236.282 0.0000e+00
    133.000    11.8283   4.045632     2.2920     0.0270 178.672286   49.07366  -16.26186 1.0000e-12    35.5526    11.8111    99.6103    131.836  488736485     0.8261     2.2932     4.7054     0.0061     0.0365     0.3831     0.0000     0.2186    11.8111    35.5520    27.0542    5.43617    236.406 0.0000e+00
    134.000    11.8336   4.046217     2.2896     0.0279 178.672352   49.07364  -16.26186 1.0000e-12    35.5524    11.8162    99.6110    132.809  488736491     0.8367     2.2929     4.7054     0.0061     0.0388     0.4127     0.0000     0.2185    11.8162    35.5522    27.0534    5.42369    235.863 0.0000e+00
    135.000    11.8179   4.044498     2.2892     0.0305 178.672360   49.07364  -16.26186 1.0000e-12    35.5506    11.8004    99.5915    133.813  488736492     0.8632     2.2925     4.7045     0.0061     0.0371     0.4798     0.0000     0.2186    11.8004    35.5500    27.0547    5.43119    236.190 0.0000e+00
    136.000    11.8092   4.043610     2.2895     0.0297 178.672369   49.07364  -16.26186 1.0000e-12    35.5499    11.7916    99.6139    134.812  488736492     0.8549     2.2912     4.7055     0.0061     0.0383     0.3971     0.0000     0.2185    11.7916    35.5491    27.0557    5.43486    236.350 0.0000e+00
    137.000    11.8158   4.044373     2.2896     0.0310 178.672410   49.07364  -16.26186 1.0000e-12    35.5503    11.7980    99.6128    135.798  488736496     0.8675     2.2900     4.7055     0.0061     0.0426     0.3536     0.0000     0.2186    11.7980    35.5499    27.0551    5.43136    236.197 0.0000e+00
    138.000    11.8122   4.044026     2.2884     0.0329 178.672448   49.07364  -16.26186 1.0000e-12    35.5498    11.7943    99.5909    136.787  488736499     0.8861     2.2905     4.7045     0.0061     0.0431     0.4102     0.0000     0.2186    11.7944    35.5494    27.0554    5.43022    236.148 0.0000e+00
    139.000    11.8006   4.042830     2.2882     0.0284 178.672471   49.07364  -16.26186 1.0000e-12    35.5489    11.7826    99.5868    137.768  488736501     0.8420     2.2886     4.7043     0.0061     0.0366     0.4125     0.0000     0.2186    11.7826    35.5483    27.0568    5.43172    236.214 0.0000e+00
    140.000    11.7952   4.042244     2.2880     0.0232 178.672486   49.07362  -16.26186 1.0000e-12    35.5480    11.7770    99.6069    138.760  488736502     0.7831     2.2883     4.7052     0.0061     0.0342     0.3469     0.0000     0.2185    11.7770    35.5473    27.0571    5.43449    236.334 0.0000e+00
    141.000    11.7834   4.041024     2.2879     0.0277 178.672497   49.07362  -16.26186 1.0000e-12    35.5469    11.7652    99.6054    139.758  488736503     0.8343     2.2881     4.7052     0.0061     0.0354     0.3616     0.0000     0.2185    11.7652    35.5461    27.0584    5.43293    236.267 0.0000e+00
    142.000    11.7783   4.040563     2.2870     0.0294 178.672513   49.07362  -16.26187 1.0000e-12    35.5469    11.7599    99.5656    140.755  488736505     0.8521     2.2878     4.7033     0.0061     0.0364     0.3829     0.0000     0.2186    11.7600    35.5460    27.0593    5.43336    236.286 0.0000e+00
    143.000    11.7952   4.042387     2.2855     0.0309 178.672578   49.07362  -16.26188 1.0000e-12    35.5476    11.7767    99.5635    141.723  488736510     0.8673     2.2879     4.7032     0.0061     0.0472     0.3605     0.0000     0.2186    11.7766    35.5474    27.0572    5.42236    235.807 0.0000e+00
    144.000    11.7735   4.040149     2.2853     0.0307 178.672586   49.07362  -16.26188 1.0000e-12    35.5463    11.7549    99.5863    142.726  488736511     0.8650     2.2878     4.7043     0.0061     0.0324     0.0134     0.0000     0.2186    11.7549    35.5456    27.0600    5.43105    236.186 0.0000e+00
    145.000    11.7591   4.038741     2.2849     0.0286 178.672594   49.07362  -16.26188 1.0000e-12    35.5461    11.7404    99.6075    143.721  488736512     0.8441     2.2868     4.7053     0.0061     0.0348     0.4368     0.0000     0.2186    11.7404    35.5451    27.0623    5.42834    236.068 0.0000e+00
    146.000    11.7594   4.038827     2.2840     0.0297 178.672605   49.07362  -16.26188 1.0000e-12    35.5461    11.7406    99.6191    144.722  488736513     0.8552     2.2851     4.7058     0.0061     0.0359     0.3191     0.0000     0.2186    11.7406    35.5453    27.0624    5.42624    235.977 0.0000e+00
    147.000    11.7626   4.039176     2.2833     0.0335 178.672641   49.07362  -16.26188 1.0000e-12    35.5457    11.7436    99.5922    145.700  488736516     0.8925     2.2839     4.7045     0.0061     0.0441     0.4061     0.0000     0.2186    11.7436    35.5452    27.0618    5.42641    235.984 0.0000e+00
    148.000    11.7600   4.038908     2.2811     0.0290 178.672676   49.07362  -16.26188 1.0000e-12    35.5450    11.7409    99.6069    146.686  488736519     0.8469     2.2833     4.7052     0.0061     0.0440     0.2663     0.0000     0.2186    11.7409    35.5446    27.0618    5.41907    235.665 0.0000e+00
    149.000    11.7343   4.036231     2.2810     0.0235 178.672689   49.07362  -16.26188 1.0000e-12    35.5434    11.7151    99.6105    147.683  488736520     0.7870     2.2827     4.7054     0.0061     0.0470     0.6161     0.0000     0.2186    11.7151    35.5424    27.0650    5.42577    235.958 0.0000e+00
    150.000    11.7291   4.035864     2.2800     0.0240 178.672705   49.07362  -16.26189 1.0000e-12    35.5443    11.7097    99.6220    148.679  488736521     0.7925     2.2811     4.7059     0.0061     0.0434     0.2403     0.0000     0.2186    11.7097    35.5434    27.0668    5.41836    235.635 0.0000e+00
    151.000    11.7348   4.036566     2.2768     0.0267 178.672741   49.07361  -16.26190 1.0000e-12    35.5448    11.7153    99.6082    149.660  488736525     0.8229     2.2791     4.7053     0.0061     0.0401     0.4462     0.0000     0.2186    11.7153    35.5443    27.0665    5.41162    235.342 0.0000e+00
    152.000    11.7334   4.036636     2.2749     0.0233 178.672764   49.07361  -16.26190 1.0000e-12    35.5464    11.7137    99.6284    150.646  488736527     0.7847     2.2761     4.7063     0.0061     0.0432     0.3178     0.0000     0.2186    11.7137    35.5460    27.0680    5.39633    234.677 0.0000e+00
    153.000    11.7301   4.036483     2.2722     0.0236 178.672775   49.07362  -16.26190 1.0000e-12    35.5476    11.7103    99.6341    151.647  488736527     0.7880     2.2772     4.7066     0.0061     0.0461     0.3781     0.0000     0.2186    11.7103    35.5472    27.0696    5.38837    234.330 0.0000e+00
    154.000    11.7301   4.036643     2.2696     0.0314 178.672790   49.07362  -16.26190 1.0000e-12    35.5487    11.7102    99.6308    152.645  488736529     0.8712     2.2752     4.7064     0.0061     0.0431     0.4005     0.0000     0.2186    11.7102    35.5483    27.0705    5.38746    234.290 0.0000e+00
    155.000    11.7308   4.036668     2.2681     0.0306 178.672826   49.07361  -16.26190 1.0000e-12    35.5476    11.7108    99.6071    153.619  488736532     0.8636     2.2682     4.7052     0.0061     0.0516     0.3592     0.0000     0.2186    11.7108    35.5474    27.0697    5.39220    234.496 0.0000e+00
    156.000    11.7220   4.035798     2.2681     0.0298 178.672845   49.07360  -16.26190 1.0000e-12    35.5472    11.7019    99.6389    154.622  488736533     0.8558     2.2678     4.7068     0.0061     0.0395     0.2336     0.0000     0.2186    11.7019    35.5468    27.0709    5.39311    234.536 0.0000e+00
    157.000    11.7071   4.034291     2.2688     0.0271 178.672868   49.07360  -16.26190 1.0000e-12    35.5464    11.6869    99.6136    155.609  488736535     0.8284     2.2681     4.7056     0.0061     0.0391     0.4809     0.0000     0.2186    11.6869    35.5458    27.0730    5.39921    234.802 0.0000e+00
    158.000    11.7074   4.034360     2.2697     0.0244 178.672891   49.07360  -16.26190 1.0000e-12    35.5463    11.6870    99.6438    156.593  488736537     0.7975     2.2686     4.7070     0.0061     0.0355     0.2305     0.0000     0.2186    11.6870    35.5458    27.0730    5.40155    234.904 0.0000e+00
    159.000    11.7030   4.034022     2.2696     0.0240 178.672906   49.07360  -16.26191 1.0000e-12    35.5467    11.6825    99.6245    157.595  488736539     0.7925     2.2689     4.7061     0.0061     0.0366     0.3583     0.0000     0.2186    11.6825    35.5462    27.0741    5.40503    235.056 0.0000e+00
    160.000    11.7031   4.034094     2.2707     0.0323 178.672938   49.07360  -16.26192 1.0000e-12    35.5467    11.6825    99.6318    158.580  488736542     0.8799     2.2701     4.7064     0.0061     0.0439     0.3995     0.0000     0.2186    11.6825    35.5463    27.0742    5.40389    235.006 0.0000e+00
