Data/ruptures/DY032/PAP/d20150628_DY032_CTD08.cnv
* Sea-Bird SBE 9 Data File:
* FileName = C:\CTD\DY032\20150628_DY032_CTD08.hdr
* Software Version Seasave V 7.23.2
* Temperature SN = 2112
* Conductivity SN = 3159
* Number of Bytes Per Scan = 35
* Number of Voltage Words = 4
* Number of Scans Averaged by the Deck Unit = 1
* NMEA Latitude = 49 00.76 N
* NMEA Longitude = 016 23.71 W
* NMEA UTC (Time) = Jun 28 2015 09:33:05
** Ship:
** Station:
** Operator:
# nquan = 28
# nvalues = 1011                        
# units = specified
# name 0 = prDM: Pressure, Digiquartz [db]
# name 1 = t090C: Temperature [ITS-90, deg C]
# name 2 = c0S/m: Conductivity [S/m]
# name 3 = sbeox0V: Oxygen raw, SBE 43 [V]
# name 4 = flC: Fluorescence, Chelsea Aqua 3 Chl Con [ug/l]
# name 5 = timeJ: Julian Days
# name 6 = latitude: Latitude [deg]
# name 7 = longitude: Longitude [deg]
# name 8 = par: PAR/Irradiance, Biospherical/Licor
# name 9 = sal00: Salinity, Practical [PSU]
# name 10 = potemp090C: Potential Temperature [ITS-90, deg C]
# name 11 = CStarTr0: Beam Transmission, WET Labs C-Star [%]
# name 12 = depSM: Depth [salt water, m]
# name 13 = timeQ: Time, NMEA [seconds]
# name 14 = v0: Voltage 0
# name 15 = v1: Voltage 1
# name 16 = v2: Voltage 2
# name 17 = v3: Voltage 3
# name 18 = v4: Voltage 4
# name 19 = v5: Voltage 5
# name 20 = v6: Voltage 6
# name 21 = v7: Voltage 7
# name 22 = potemp090C: Potential Temperature [ITS-90, deg C]
# name 23 = sal00: Salinity, Practical [PSU]
# name 24 = sigma-é00: Density [sigma-theta, kg/m^3]
# name 25 = sbeox0ML/L: Oxygen, SBE 43 [ml/l], WS = 2
# name 26 = sbeox0Mm/Kg: Oxygen, SBE 43 [umol/kg], WS = 2
# name 27 = flag: flag
# span 0 =      6.000,   1016.000       
# span 1 =     8.4959,    14.9187       
# span 2 =   3.744134,   4.342008       
# span 3 =     1.6624,     2.5414       
# span 4 =     0.0140,     1.4637       
# span 5 = 179.401141, 179.415606       
# span 6 =   49.01154,   49.01274       
# span 7 =  -16.39570,  -16.39520       
# span 8 = -7.021e-06, 1.5506e+02       
# span 9 =    35.3258,    35.6092       
# span 10 =     8.3836,    14.9171      
# span 11 =    90.0267,    99.9608      
# span 12 =      5.948,   1004.922      
# span 13 =  488799458,  488800708      
# span 14 =     0.6557,     2.3940      
# span 15 =     1.6607,     2.5415      
# span 16 =     4.2527,     4.7220      
# span 17 =     0.0061,     3.4898      
# span 18 =     0.0127,     0.2797      
# span 19 =    -0.0180,     0.7909      
# span 20 =     0.0000,     0.0000      
# span 21 =     0.0000,     0.0000      
# span 22 =     8.3835,    14.9171      
# span 23 =    35.3244,    35.6096      
# span 24 =    26.3978,    27.5257      
# span 25 =    4.24397,    5.72393      
# span 26 =    184.659,    248.877      
# span 27 = 0.0000e+00, 0.0000e+00      
# interval = decibars: 1                
# start_time = Jun 28 2015 09:37:14 [NMEA time, first data scan]
# bad_flag = -9.990e-29
*END*
      6.000    14.9151   4.341407     2.5401     0.7810 179.401141   49.01273  -16.39522 1.5506e+02    35.5283    14.9142    90.6463      5.948  488799458     2.1242     2.5399     4.2820     3.4898     0.1699     0.3100     0.0000     0.0000    14.9142    35.5284    26.3984    5.70956    248.253 0.0000e+00
      7.000    14.9161   4.341556     2.5388     0.8381 179.401247   49.01273  -16.39522 1.2447e+02    35.5284    14.9150    90.7511      6.941  488799468     2.1549     2.5391     4.2869     3.3957     0.1999     0.4310     0.0000     0.0000    14.9150    35.5284    26.3982    5.70425    248.022 0.0000e+00
      8.000    14.9171   4.341692     2.5381     0.9167 179.401280   49.01274  -16.39522 9.9259e+01    35.5283    14.9158    90.6907      7.935  488799470     2.1924     2.5388     4.2840     3.2956     0.1641     0.3063     0.0000     0.0000    14.9158    35.5284    26.3980    5.70533    248.069 0.0000e+00
      9.000    14.9174   4.341779     2.5391     0.9656 179.401323   49.01274  -16.39522 8.9253e+01    35.5284    14.9160    90.5923      8.922  488799474     2.2155     2.5384     4.2794     3.2510     0.1664     0.4403     0.0000     0.0000    14.9160    35.5284    26.3980    5.70747    248.162 0.0000e+00
     10.000    14.9184   4.341933     2.5380     0.9771 179.401355   49.01274  -16.39523 7.3490e+01    35.5284    14.9169    90.4232      9.915  488799477     2.2205     2.5390     4.2714     3.1644     0.1652     0.3604     0.0000     0.0000    14.9169    35.5285    26.3979    5.70637    248.113 0.0000e+00
     11.000    14.9187   4.342008     2.5394     1.0356 179.401381   49.01274  -16.39524 5.8470e+01    35.5285    14.9171    90.3834     10.907  488799479     2.2455     2.5381     4.2696     3.0663     0.1680     0.2961     0.0000     0.0000    14.9171    35.5285    26.3978    5.71179    248.350 0.0000e+00
     12.000    14.9148   4.341652     2.5393     1.1441 179.401410   49.01274  -16.39522 4.6830e+01    35.5284    14.9130    90.2660     11.895  488799482     2.2877     2.5394     4.2640     2.9706     0.1905     0.3485     0.0000     0.0000    14.9130    35.5284    26.3986    5.70898    248.227 0.0000e+00
     13.000    14.9148   4.341697     2.5397     1.2574 179.401432   49.01274  -16.39522 4.0260e+01    35.5285    14.9128    90.1706     12.893  488799484     2.3285     2.5393     4.2595     2.9049     0.1710     0.4384     0.0000     0.0000    14.9128    35.5284    26.3987    5.71505    248.491 0.0000e+00
     14.000    14.9165   4.341908     2.5400     1.2110 179.401471   49.01274  -16.39523 3.5988e+01    35.5283    14.9144    90.2021     13.876  488799487     2.3128     2.5398     4.2610     2.8557     0.1769     0.3421     0.0000     0.0000    14.9144    35.5284    26.3983    5.71354    248.426 0.0000e+00
     15.000    14.9128   4.341596     2.5408     1.2030 179.401492   49.01274  -16.39524 2.7802e+01    35.5285    14.9106    90.1625     14.873  488799489     2.3098     2.5398     4.2591     2.7442     0.1723     0.2422     0.0000     0.0000    14.9106    35.5285    26.3992    5.71874    248.652 0.0000e+00
     16.000    14.9092   4.341261     2.5405     1.2760 179.401515   49.01274  -16.39522 2.3491e+01    35.5284    14.9068    90.2285     15.865  488799491     2.3349     2.5403     4.2622     2.6711     0.1775     0.4008     0.0000     0.0000    14.9068    35.5283    26.3999    5.71700    248.576 0.0000e+00
     17.000    14.9077   4.341166     2.5411     1.2883 179.401544   49.01274  -16.39522 2.0267e+01    35.5285    14.9051    90.0636     16.852  488799493     2.3390     2.5404     4.2544     2.6081     0.1737     0.3648     0.0000     0.0000    14.9051    35.5284    26.4003    5.72393    248.877 0.0000e+00
     18.000    14.9058   4.341018     2.5414     1.3092 179.401566   49.01274  -16.39522 1.8363e+01    35.5285    14.9031    90.0267     17.850  488799495     2.3459     2.5407     4.2527     2.5648     0.1356     0.2911     0.0000     0.0000    14.9031    35.5283    26.4008    5.72200    248.793 0.0000e+00
     19.000    14.9060   4.341077     2.5408     1.3807 179.401605   49.01274  -16.39523 1.4792e+01    35.5284    14.9031    90.1341     18.834  488799498     2.3692     2.5415     4.2578     2.4711     0.1807     0.3892     0.0000     0.0000    14.9031    35.5283    26.4008    5.71846    248.640 0.0000e+00
     20.000    14.9037   4.340905     2.5385     1.3243 179.401628   49.01274  -16.39522 1.2188e+01    35.5285    14.9007    90.1372     19.831  488799500     2.3511     2.5409     4.2579     2.3873     0.1912     0.3470     0.0000     0.0000    14.9007    35.5283    26.4013    5.71115    248.322 0.0000e+00
     21.000    14.9026   4.340842     2.5369     1.3968 179.401654   49.01274  -16.39522 1.1153e+01    35.5284    14.8995    90.1673     20.819  488799503     2.3740     2.5387     4.2594     2.3494     0.2103     0.3458     0.0000     0.0000    14.8995    35.5283    26.4016    5.70955    248.252 0.0000e+00
     22.000    14.8987   4.340501     2.5352     1.4362 179.401674   49.01274  -16.39522 9.7972e+00    35.5286    14.8954    90.0637     21.811  488799504     2.3858     2.5372     4.2545     2.2933     0.1807     0.5109     0.0000     0.0000    14.8954    35.5284    26.4026    5.70500    248.054 0.0000e+00
     23.000    14.8948   4.340178     2.5351     1.4637 179.401694   49.01274  -16.39522 8.4850e+00    35.5288    14.8913    90.2713     22.809  488799506     2.3940     2.5361     4.2643     2.2303     0.1841     0.3597     0.0000     0.0000    14.8913    35.5286    26.4036    5.71019    248.280 0.0000e+00
     24.000    14.8931   4.340065     2.5325     1.3918 179.401753   49.01274  -16.39522 6.6199e+00    35.5289    14.8895    90.4742     23.784  488799511     2.3726     2.5370     4.2738     2.1250     0.2067     0.2953     0.0000     0.0000    14.8895    35.5287    26.4041    5.69647    247.683 0.0000e+00
     25.000    14.8901   4.339824     2.5323     1.3516 179.401761   49.01274  -16.39522 5.9932e+00    35.5291    14.8863    90.3385     24.783  488799512     2.3599     2.5360     4.2674     2.0814     0.2077     0.4364     0.0000     0.0000    14.8863    35.5288    26.4049    5.70289    247.962 0.0000e+00
     26.000    14.8901   4.339867     2.5322     1.3332 179.401771   49.01274  -16.39522 5.3706e+00    35.5290    14.8862    90.3795     25.784  488799513     2.3540     2.5340     4.2694     2.0340     0.2135     0.3945     0.0000     0.0000    14.8862    35.5288    26.4049    5.70382    248.003 0.0000e+00
     27.000    14.8892   4.339824     2.5327     1.3740 179.401785   49.01274  -16.39522 4.7658e+00    35.5290    14.8852    90.3998     26.779  488799514     2.3669     2.5325     4.2703     1.9821     0.2296     0.4016     0.0000     0.0000    14.8852    35.5288    26.4051    5.70802    248.185 0.0000e+00
     28.000    14.8895   4.339907     2.5291     1.1921 179.401848   49.01274  -16.39521 3.6730e+00    35.5290    14.8853    90.3590     27.756  488799520     2.3061     2.5328     4.2684     1.8713     0.1928     0.5706     0.0000     0.0000    14.8853    35.5289    26.4051    5.69341    247.550 0.0000e+00
     29.000    14.8897   4.339982     2.5297     1.1679 179.401861   49.01274  -16.39520 3.2686e+00    35.5291    14.8853    90.2737     28.754  488799521     2.2972     2.5311     4.2644     1.8210     0.2502     0.3123     0.0000     0.0000    14.8853    35.5290    26.4052    5.70144    247.899 0.0000e+00
     30.000    14.8901   4.340050     2.5297     1.2029 179.401876   49.01274  -16.39520 2.9731e+00    35.5289    14.8856    90.3485     29.746  488799522     2.3097     2.5291     4.2679     1.7806     0.2797     0.2503     0.0000     0.0000    14.8856    35.5288    26.4050    5.69752    247.729 0.0000e+00
     31.000    14.8902   4.340111     2.5297     1.3168 179.401893   49.01274  -16.39521 2.7002e+00    35.5289    14.8855    90.3148     30.735  488799523     2.3486     2.5297     4.2663     1.7394     0.2476     0.4707     0.0000     0.0000    14.8855    35.5289    26.4051    5.70239    247.941 0.0000e+00
     32.000    14.8900   4.340121     2.5301     1.3369 179.401927   49.01274  -16.39522 2.2994e+00    35.5287    14.8852    90.4460     31.728  488799526     2.3552     2.5302     4.2725     1.6704     0.2110     0.4303     0.0000     0.0000    14.8852    35.5287    26.4050    5.70324    247.977 0.0000e+00
     33.000    14.8852   4.339691     2.5288     1.3051 179.401980   49.01274  -16.39521 1.9105e+00    35.5289    14.8802    90.4271     32.708  488799531     2.3449     2.5312     4.2716     1.5927     0.2093     0.2846     0.0000     0.0000    14.8802    35.5288    26.4062    5.69774    247.739 0.0000e+00
     34.000    14.8823   4.339483     2.5288     1.2647 179.401989   49.01274  -16.39520 1.6596e+00    35.5293    14.8772    90.3063     33.702  488799532     2.3314     2.5299     4.2659     1.5330     0.2093     0.4367     0.0000     0.0000    14.8772    35.5291    26.4071    5.70126    247.891 0.0000e+00
     35.000    14.8818   4.339464     2.5290     1.2533 179.401998   49.01274  -16.39520 1.4551e+00    35.5292    14.8765    90.3034     34.701  488799532     2.3275     2.5292     4.2658     1.4777     0.2091     0.1871     0.0000     0.0000    14.8765    35.5290    26.4071    5.70379    248.002 0.0000e+00
     36.000    14.8800   4.339336     2.5296     1.3094 179.402008   49.01274  -16.39520 1.2728e+00    35.5292    14.8746    90.3238     35.703  488799533     2.3462     2.5287     4.2667     1.4216     0.2492     0.2636     0.0000     0.0000    14.8746    35.5290    26.4075    5.70746    248.161 0.0000e+00
     37.000    14.8764   4.339011     2.5292     1.3564 179.402043   49.01274  -16.39521 1.1358e+00    35.5292    14.8708    90.3377     36.688  488799536     2.3614     2.5292     4.2674     1.3745     0.2309     0.5428     0.0000     0.0000    14.8708    35.5289    26.4084    5.70634    248.113 0.0000e+00
     38.000    14.8701   4.338460     2.5270     1.3508 179.402084   49.01274  -16.39522 9.6060e-01    35.5295    14.8644    90.2448     37.672  488799540     2.3597     2.5285     4.2630     1.3044     0.2531     0.3132     0.0000     0.0000    14.8644    35.5292    26.4100    5.69794    247.747 0.0000e+00
     39.000    14.8655   4.338053     2.5269     1.3584 179.402098   49.01274  -16.39522 8.0332e-01    35.5297    14.8596    90.2766     38.665  488799541     2.3621     2.5275     4.2645     1.2311     0.2240     0.3058     0.0000     0.0000    14.8596    35.5293    26.4111    5.70281    247.959 0.0000e+00
     40.000    14.8345   4.335022     2.5262     1.3473 179.402119   49.01274  -16.39522 7.2360e-01    35.5304    14.8285    90.2103     39.661  488799543     2.3585     2.5269     4.2614     1.1891     0.2155     0.4683     0.0000     0.0000    14.8284    35.5294    26.4180    5.69258    247.514 0.0000e+00
     41.000    14.7116   4.322935     2.5118     1.3912 179.402143   49.01274  -16.39522 6.8989e-01    35.5339    14.7055    90.2515     40.648  488799545     2.3721     2.5271     4.2633     1.1698     0.2010     0.3554     0.0000     0.0000    14.7055    35.5301    26.4454    5.64941    245.638 0.0000e+00
     42.000    14.3317   4.285220     2.5095     1.1586 179.402179   49.01274  -16.39523 5.9293e-01    35.5405    14.3255    91.3611     41.636  488799548     2.2921     2.5220     4.3157     1.1080     0.2176     0.2684     0.0000     0.0000    14.3255    35.5298    26.5273    5.71181    248.355 0.0000e+00
     43.000    14.1277   4.264487     2.4748     1.0490 179.402218   49.01274  -16.39522 4.7543e-01    35.5389    14.1215    92.6806     42.619  488799551     2.2512     2.5215     4.3781     1.0215     0.2096     0.3484     0.0000     0.0000    14.1214    35.5245    26.5668    5.55526    241.551 0.0000e+00
     44.000    13.5644   4.208754     2.4611     1.0083 179.402226   49.01274  -16.39522 4.1994e-01    35.5497    13.5581    92.8165     43.620  488799552     2.2339     2.5104     4.3845     0.9729     0.1811     0.4637     0.0000     0.0000    13.5582    35.5234    26.6842    5.61158    244.007 0.0000e+00
     45.000    13.2803   4.180728     2.4532     0.8733 179.402235   49.01274  -16.39522 3.8303e-01    35.5540    13.2740    93.5666     44.622  488799553     2.1717     2.4958     4.4199     0.9375     0.1388     0.4638     0.0000     0.0000    13.2740    35.5226    26.7421    5.64660    245.535 0.0000e+00
     46.000    13.0388   4.156932     2.4484     0.6542 179.402247   49.01274  -16.39522 3.6133e-01    35.5548    13.0325    94.9577     45.615  488799554     2.0447     2.4730     4.4856     0.9152     0.0774     0.2944     0.0000     0.0000    13.0325    35.5216    26.7905    5.70367    248.020 0.0000e+00
     47.000    13.0632   4.161826     2.4525     0.4606 179.402282   49.01274  -16.39522 3.5254e-01    35.5660    13.0567    97.1346     46.594  488799557     1.8996     2.4503     4.5885     0.9057     0.1001     0.4167     0.0000     0.0000    13.0567    35.5449    26.8035    5.69345    247.571 0.0000e+00
     48.000    12.8187   4.136144     2.4416     0.3137 179.402311   49.01274  -16.39522 2.9845e-01    35.5491    12.8122    97.5914     47.588  488799560     1.7339     2.4490     4.6100     0.8428     0.0848     0.4184     0.0000     0.0000    12.8122    35.5285    26.8402    5.70333    248.008 0.0000e+00
     49.000    12.7755   4.132005     2.4394     0.2530 179.402341   49.01274  -16.39522 2.7009e-01    35.5441    12.7688    97.8663     48.568  488799562     1.6505     2.4401     4.6230     0.8068     0.0409     0.2058     0.0000     0.0000    12.7688    35.5291    26.8494    5.70601    248.125 0.0000e+00
     50.000    12.7641   4.130969     2.4387     0.2690 179.402353   49.01274  -16.39520 2.5226e-01    35.5428    12.7573    97.8944     49.563  488799563     1.6749     2.4403     4.6244     0.7817     0.0477     0.4211     0.0000     0.0000    12.7573    35.5294    26.8519    5.70479    248.072 0.0000e+00
     51.000    12.7378   4.128340     2.4385     0.2755 179.402362   49.01274  -16.39520 2.3203e-01    35.5410    12.7309    97.8855     50.567  488799564     1.6850     2.4396     4.6240     0.7517     0.0477     0.4404     0.0000     0.0000    12.7309    35.5285    26.8565    5.70969    248.286 0.0000e+00
     52.000    12.7028   4.124868     2.4384     0.2478 179.402380   49.01274  -16.39521 2.1411e-01    35.5389    12.6957    97.9970     51.561  488799565     1.6407     2.4394     4.6292     0.7233     0.0461     0.3971     0.0000     0.0000    12.6957    35.5276    26.8629    5.71886    248.686 0.0000e+00
     53.000    12.5735   4.111442     2.4274     0.2240 179.402434   49.01274  -16.39520 1.9699e-01    35.5293    12.5664    98.1360     52.534  488799570     1.5996     2.4412     4.6358     0.6942     0.0530     0.3101     0.0000     0.0000    12.5664    35.5198    26.8825    5.67743    246.888 0.0000e+00
     54.000    12.5060   4.104718     2.4237     0.2119 179.402443   49.01274  -16.39520 1.7506e-01    35.5284    12.4987    98.2082     53.532  488799571     1.5770     2.4364     4.6392     0.6541     0.0532     0.3834     0.0000     0.0000    12.4987    35.5182    26.8946    5.67892    246.954 0.0000e+00
     55.000    12.4727   4.101495     2.4200     0.1977 179.402454   49.01274  -16.39520 1.5792e-01    35.5279    12.4653    98.2615     54.533  488799572     1.5484     2.4303     4.6417     0.6198     0.0377     0.3676     0.0000     0.0000    12.4653    35.5181    26.9011    5.67623    246.838 0.0000e+00
     56.000    12.4189   4.095980     2.4166     0.1775 179.402468   49.01274  -16.39520 1.5034e-01    35.5247    12.4115    98.3801     55.522  488799573     1.5044     2.4248     4.6473     0.6038     0.0331     0.4462     0.0000     0.0000    12.4115    35.5152    26.9094    5.67822    246.926 0.0000e+00
