Data/ruptures/DY032/PAP/d20150702_DY032_CTD15.cnv
* Sea-Bird SBE 9 Data File:
* FileName = C:\CTD\DY032\20150629_DY032_CTD15.hdr
* Software Version Seasave V 7.23.2
* Temperature SN = 2112
* Conductivity SN = 3159
* Number of Bytes Per Scan = 35
* Number of Voltage Words = 4
* Number of Scans Averaged by the Deck Unit = 1
* NMEA Latitude = 48 40.93 N
* NMEA Longitude = 017 03.56 W
* NMEA UTC (Time) = Jul 02 2015 20:29:41
** Ship:
** Station:
** Operator:
# nquan = 28
# nvalues = 1008                        
# units = specified
# name 0 = prDM: Pressure, Digiquartz [db]
# name 1 = t090C: Temperature [ITS-90, deg C]
# name 2 = c0S/m: Conductivity [S/m]
# name 3 = sbeox0V: Oxygen raw, SBE 43 [V]
# name 4 = flC: Fluorescence, Chelsea Aqua 3 Chl Con [ug/l]
# name 5 = timeJ: Julian Days
# name 6 = latitude: Latitude [deg]
# name 7 = longitude: Longitude [deg]
# name 8 = par: PAR/Irradiance, Biospherical/Licor
# name 9 = sal00: Salinity, Practical [PSU]
# name 10 = potemp090C: Potential Temperature [ITS-90, deg C]
# name 11 = CStarTr0: Beam Transmission, WET Labs C-Star [%]
# name 12 = depSM: Depth [salt water, m]
# name 13 = timeQ: Time, NMEA [seconds]
# name 14 = v0: Voltage 0
# name 15 = v1: Voltage 1
# name 16 = v2: Voltage 2
# name 17 = v3: Voltage 3
# name 18 = v4: Voltage 4
# name 19 = v5: Voltage 5
# name 20 = v6: Voltage 6
# name 21 = v7: Voltage 7
# name 22 = potemp090C: Potential Temperature [ITS-90, deg C]
# name 23 = sal00: Salinity, Practical [PSU]
# name 24 = sigma-é00: Density [sigma-theta, kg/m^3]
# name 25 = sbeox0ML/L: Oxygen, SBE 43 [ml/l], WS = 2
# name 26 = sbeox0Mm/Kg: Oxygen, SBE 43 [umol/kg], WS = 2
# name 27 = flag: flag
# span 0 =      7.000,   1014.000       
# span 1 =     7.4779,    15.3878       
# span 2 =   3.633778,   4.380059       
# span 3 =     1.6801,     2.5558       
# span 4 =     0.0142,     1.5375       
# span 5 = 183.857133, 183.884345       
# span 6 =   48.68220,   48.68362       
# span 7 =  -17.06284,  -17.05928       
# span 8 = -5.318e-05, 1.5078e+00       
# span 9 =    35.1888,    35.5633       
# span 10 =     7.3749,    15.3867      
# span 11 =    90.6886,    99.9384      
# span 12 =      6.942,   1003.001      
# span 13 =  489184456,  489186807      
# span 14 =     0.6587,     2.4144      
# span 15 =     1.6744,     2.5565      
# span 16 =     4.2840,     4.7209      
# span 17 =     0.0056,     1.4916      
# span 18 =     0.0160,     0.3207      
# span 19 =    -0.0063,     0.6276      
# span 20 =     0.1995,     0.2227      
# span 21 =     0.3035,     2.1659      
# span 22 =     7.3749,    15.3867      
# span 23 =    35.1808,    35.5631      
# span 24 =    26.2338,    27.5304      
# span 25 =    4.31169,    5.71746      
# span 26 =    187.594,    248.606      
# span 27 = 0.0000e+00, 0.0000e+00      
# interval = decibars: 1                
# start_time = Jul 02 2015 20:33:55 [NMEA time, first data scan]
# bad_flag = -9.990e-29
*END*
[from data line 259]
    266.000    11.2381   3.992129     2.2764     0.0304 183.862762   48.68228  -17.05948 1.0000e-12    35.5305    11.2046    99.6203    263.588  489184942     0.8626     2.2740     4.7059     0.0061     0.0422     0.5266     0.2149     0.4291    11.2046    35.5303    27.1512    5.55659    241.660 0.0000e+00
    267.000    11.2383   3.992188     2.2765     0.0340 183.862781   48.68228  -17.05948 1.0000e-12    35.5304    11.2047    99.6380    264.570  489184944     0.8961     2.2757     4.7067     0.0061     0.0373     0.1991     0.2149     0.4105    11.2046    35.5303    27.1511    5.55377    241.538 0.0000e+00
    268.000    11.2389   3.992332     2.2756     0.0334 183.862799   48.68228  -17.05948 1.0000e-12    35.5308    11.2051    99.6286    265.557  489184946     0.8907     2.2763     4.7063     0.0061     0.0375     0.5820     0.2149     0.3850    11.2051    35.5308    27.1514    5.54856    241.311 0.0000e+00
    269.000    11.2380   3.992255     2.2742     0.0276 183.862812   48.68228  -17.05948 1.0000e-12    35.5305    11.2041    99.6341    266.551  489184947     0.8334     2.2759     4.7066     0.0061     0.0391     0.3825     0.2149     0.3822    11.2040    35.5304    27.1513    5.54464    241.140 0.0000e+00
    270.000    11.2321   3.991628     2.2739     0.0343 183.862822   48.68228  -17.05948 1.0000e-12    35.5297    11.1980    99.6371    267.544  489184948     0.8993     2.2756     4.7067     0.0061     0.0358     0.3416     0.2149     0.3850    11.1980    35.5294    27.1517    5.54990    241.370 0.0000e+00
    271.000    11.2280   3.991285     2.2739     0.0359 183.862834   48.68228  -17.05949 1.0000e-12    35.5297    11.1939    99.6409    268.537  489184948     0.9137     2.2747     4.7069     0.0061     0.0343     0.4036     0.2149     0.3933    11.1939    35.5295    27.1525    5.55162    241.445 0.0000e+00
    272.000    11.2303   3.991640     2.2739     0.0324 183.862847   48.68228  -17.05950 1.0000e-12    35.5306    11.1960    99.6192    269.526  489184950     0.8812     2.2735     4.7058     0.0061     0.0363     0.2722     0.2149     0.4062    11.1960    35.5304    27.1528    5.55203    241.462 0.0000e+00
    273.000    11.2273   3.991346     2.2739     0.0275 183.862865   48.68228  -17.05950 1.0000e-12    35.5301    11.1929    99.6464    270.512  489184951     0.8313     2.2735     4.7072     0.0061     0.0368     0.2803     0.2149     0.3945    11.1929    35.5299    27.1530    5.55267    241.490 0.0000e+00
    274.000    11.2235   3.990949     2.2738     0.0263 183.862880   48.68228  -17.05950 1.0000e-12    35.5294    11.1890    99.6448    271.499  489184953     0.8192     2.2735     4.7071     0.0061     0.0397     0.5714     0.2149     0.3587    11.1890    35.5291    27.1531    5.55296    241.503 0.0000e+00
    275.000    11.2191   3.990526     2.2733     0.0254 183.862893   48.68229  -17.05950 1.0000e-12    35.5291    11.1844    99.6490    272.496  489184954     0.8093     2.2735     4.7073     0.0061     0.0388     0.3403     0.2149     0.3603    11.1844    35.5287    27.1537    5.54913    241.337 0.0000e+00
    276.000    11.2180   3.990468     2.2721     0.0264 183.862906   48.68230  -17.05950 1.0000e-12    35.5290    11.1833    99.6475    273.485  489184955     0.8201     2.2733     4.7072     0.0061     0.0402     0.3055     0.2149     0.3341    11.1833    35.5287    27.1538    5.54556    241.181 0.0000e+00
    277.000    11.2144   3.990096     2.2711     0.0259 183.862921   48.68230  -17.05952 1.0000e-12    35.5285    11.1794    99.6508    274.473  489184956     0.8150     2.2730     4.7074     0.0061     0.0400     0.2945     0.2149     0.3545    11.1795    35.5281    27.1541    5.54403    241.115 0.0000e+00
    278.000    11.2135   3.990031     2.2701     0.0256 183.862935   48.68230  -17.05952 1.0000e-12    35.5282    11.1784    99.6266    275.463  489184957     0.8105     2.2718     4.7062     0.0061     0.0359     0.3402     0.2149     0.3665    11.1785    35.5279    27.1541    5.54189    241.022 0.0000e+00
    279.000    11.2119   3.989883     2.2691     0.0292 183.862946   48.68230  -17.05952 1.0000e-12    35.5278    11.1767    99.6238    276.453  489184958     0.8500     2.2710     4.7061     0.0061     0.0316     0.3848     0.2149     0.3592    11.1767    35.5275    27.1541    5.54074    240.972 0.0000e+00
    280.000    11.2067   3.989338     2.2690     0.0314 183.862958   48.68230  -17.05952 1.0000e-12    35.5271    11.1714    99.6609    277.450  489184959     0.8724     2.2700     4.7078     0.0061     0.0403     0.3278     0.2149     0.3645    11.1714    35.5267    27.1544    5.54485    241.151 0.0000e+00
    281.000    11.2015   3.988840     2.2685     0.0355 183.862973   48.68230  -17.05952 1.0000e-12    35.5267    11.1661    99.6543    278.438  489184961     0.9101     2.2689     4.7075     0.0061     0.0405     0.4755     0.2149     0.3599    11.1661    35.5262    27.1550    5.54171    241.015 0.0000e+00
    282.000    11.2009   3.988830     2.2678     0.0323 183.862992   48.68230  -17.05952 1.0000e-12    35.5267    11.1653    99.6610    279.421  489184962     0.8808     2.2686     4.7078     0.0061     0.0325     0.2449     0.2149     0.3455    11.1654    35.5263    27.1552    5.54201    241.028 0.0000e+00
    283.000    11.2002   3.988802     2.2675     0.0298 183.863007   48.68230  -17.05953 1.0000e-12    35.5265    11.1646    99.6735    280.415  489184963     0.8558     2.2678     4.7084     0.0061     0.0312     0.6128     0.2149     0.3592    11.1646    35.5262    27.1553    5.54301    241.071 0.0000e+00
    284.000    11.2002   3.988845     2.2677     0.0309 183.863020   48.68230  -17.05954 1.0000e-12    35.5265    11.1644    99.6539    281.405  489184965     0.8673     2.2674     4.7075     0.0061     0.0325     0.3141     0.2149     0.3627    11.1644    35.5262    27.1554    5.54713    241.251 0.0000e+00
    285.000    11.2005   3.988951     2.2685     0.0229 183.863033   48.68230  -17.05954 1.0000e-12    35.5268    11.1645    99.6920    282.395  489184966     0.7797     2.2671     4.7093     0.0061     0.0329     0.3541     0.2149     0.3745    11.1646    35.5265    27.1556    5.55548    241.614 0.0000e+00
    286.000    11.2017   3.989194     2.2705     0.0214 183.863045   48.68230  -17.05954 1.0000e-12    35.5275    11.1656    99.6813    283.387  489184967     0.7611     2.2672     4.7088     0.0061     0.0482     0.3530     0.2149     0.3440    11.1656    35.5273    27.1560    5.56626    242.082 0.0000e+00
    287.000    11.2009   3.989206     2.2727     0.0231 183.863057   48.68230  -17.05954 1.0000e-12    35.5280    11.1647    99.6888    284.377  489184968     0.7822     2.2676     4.7091     0.0061     0.0323     0.3391     0.2149     0.3612    11.1647    35.5278    27.1565    5.57381    242.411 0.0000e+00
    288.000    11.1979   3.988970     2.2749     0.0275 183.863070   48.68230  -17.05954 1.0000e-12    35.5281    11.1616    99.6566    285.368  489184969     0.8323     2.2694     4.7076     0.0061     0.0344     0.3041     0.2149     0.3531    11.1616    35.5278    27.1571    5.58116    242.730 0.0000e+00
    289.000    11.1975   3.988973     2.2770     0.0279 183.863085   48.68230  -17.05954 1.0000e-12    35.5281    11.1611    99.6679    286.359  489184970     0.8367     2.2721     4.7082     0.0061     0.0340     0.3206     0.2149     0.3730    11.1610    35.5279    27.1573    5.58405    242.856 0.0000e+00
    290.000    11.1974   3.989001     2.2776     0.0258 183.863102   48.68231  -17.05954 1.0000e-12    35.5279    11.1609    99.6617    287.349  489184972     0.8136     2.2749     4.7079     0.0061     0.0365     0.4129     0.2149     0.3837    11.1609    35.5277    27.1572    5.58106    242.726 0.0000e+00
    291.000    11.1960   3.988889     2.2776     0.0238 183.863120   48.68232  -17.05956 1.0000e-12    35.5277    11.1594    99.6188    288.331  489184973     0.7903     2.2771     4.7058     0.0061     0.0384     0.3099     0.2149     0.3797    11.1594    35.5275    27.1573    5.58142    242.742 0.0000e+00
    292.000    11.1952   3.988866     2.2775     0.0220 183.863133   48.68232  -17.05956 1.0000e-12    35.5279    11.1584    99.6903    289.322  489184974     0.7688     2.2772     4.7092     0.0061     0.0400     0.3148     0.2149     0.3746    11.1584    35.5276    27.1576    5.58314    242.817 0.0000e+00
    293.000    11.1955   3.988953     2.2780     0.0251 183.863144   48.68232  -17.05956 1.0000e-12    35.5278    11.1586    99.6691    290.315  489184975     0.8058     2.2772     4.7082     0.0061     0.0340     0.4173     0.2149     0.3771    11.1586    35.5277    27.1576    5.58801    243.028 0.0000e+00
    294.000    11.1963   3.989145     2.2785     0.0291 183.863154   48.68232  -17.05956 1.0000e-12    35.5286    11.1592    99.6689    291.313  489184976     0.8487     2.2772     4.7082     0.0061     0.0331     0.4175     0.2149     0.3801    11.1592    35.5285    27.1581    5.58500    242.897 0.0000e+00
    295.000    11.1968   3.989300     2.2774     0.0280 183.863166   48.68232  -17.05956 1.0000e-12    35.5291    11.1597    99.6784    292.303  489184977     0.8378     2.2772     4.7086     0.0061     0.0290     0.3054     0.2149     0.3740    11.1597    35.5290    27.1584    5.57677    242.539 0.0000e+00
    296.000    11.1971   3.989390     2.2746     0.0263 183.863183   48.68232  -17.05956 1.0000e-12    35.5293    11.1598    99.6838    293.290  489184979     0.8181     2.2778     4.7089     0.0061     0.0389     0.4059     0.2149     0.3702    11.1598    35.5292    27.1586    5.56129    241.866 0.0000e+00
    297.000    11.1971   3.989477     2.2701     0.0224 183.863202   48.68232  -17.05956 1.0000e-12    35.5297    11.1597    99.6949    294.272  489184980     0.7721     2.2762     4.7094     0.0061     0.0396     0.4272     0.2149     0.3631    11.1597    35.5296    27.1589    5.54876    241.321 0.0000e+00
    298.000    11.1972   3.989554     2.2680     0.0263 183.863215   48.68232  -17.05957 1.0000e-12    35.5299    11.1596    99.6989    295.265  489184981     0.8190     2.2734     4.7096     0.0061     0.0339     0.4687     0.2149     0.3701    11.1597    35.5299    27.1591    5.54637    241.217 0.0000e+00
    299.000    11.1963   3.989515     2.2665     0.0257 183.863227   48.68232  -17.05958 1.0000e-12    35.5299    11.1586    99.6947    296.259  489184982     0.8129     2.2705     4.7094     0.0061     0.0402     0.3641     0.2149     0.3840    11.1587    35.5299    27.1593    5.54391    241.110 0.0000e+00
    300.000    11.1950   3.989429     2.2647     0.0253 183.863240   48.68232  -17.05958 1.0000e-12    35.5300    11.1572    99.7000    297.251  489184984     0.8078     2.2681     4.7096     0.0061     0.0361     0.3286     0.2149     0.3880    11.1572    35.5299    27.1595    5.53986    240.934 0.0000e+00
    301.000    11.1939   3.989374     2.2635     0.0259 183.863254   48.68232  -17.05958 1.0000e-12    35.5300    11.1560    99.7205    298.239  489184985     0.8141     2.2662     4.7106     0.0061     0.0339     0.2729     0.2149     0.4085    11.1560    35.5299    27.1598    5.53634    240.780 0.0000e+00
    302.000    11.1921   3.989222     2.2610     0.0254 183.863269   48.68232  -17.05958 1.0000e-12    35.5298    11.1540    99.7206    299.224  489184986     0.8086     2.2642     4.7106     0.0061     0.0333     0.3232     0.2149     0.3862    11.1540    35.5297    27.1600    5.52427    240.256 0.0000e+00
    303.000    11.1915   3.989213     2.2589     0.0266 183.863281   48.68232  -17.05958 1.0000e-12    35.5299    11.1533    99.7229    300.217  489184987     0.8221     2.2633     4.7107     0.0061     0.0350     0.3787     0.2149     0.4138    11.1533    35.5298    27.1602    5.52363    240.228 0.0000e+00
    304.000    11.1899   3.989100     2.2581     0.0256 183.863292   48.68232  -17.05958 1.0000e-12    35.5299    11.1516    99.7398    301.211  489184988     0.8108     2.2618     4.7115     0.0061     0.0348     0.3629     0.2149     0.4073    11.1516    35.5297    27.1604    5.52805    240.420 0.0000e+00
    305.000    11.1882   3.989011     2.2587     0.0229 183.863305   48.68232  -17.05959 1.0000e-12    35.5302    11.1498    99.7460    302.206  489184989     0.7797     2.2592     4.7118     0.0061     0.0371     0.4956     0.2149     0.3960    11.1498    35.5300    27.1610    5.53606    240.769 0.0000e+00
    306.000    11.1930   3.989696     2.2593     0.0245 183.863326   48.68232  -17.05960 1.0000e-12    35.5317    11.1545    99.7542    303.187  489184991     0.7981     2.2577     4.7122     0.0061     0.0413     0.3591     0.2149     0.3795    11.1545    35.5317    27.1615    5.53345    240.654 0.0000e+00
    307.000    11.1919   3.989641     2.2585     0.0293 183.863345   48.68232  -17.05960 1.0000e-12    35.5318    11.1532    99.7535    304.171  489184993     0.8510     2.2590     4.7122     0.0061     0.0322     0.3236     0.2149     0.3670    11.1532    35.5318    27.1618    5.53172    240.579 0.0000e+00
    308.000    11.1912   3.989607     2.2593     0.0255 183.863356   48.68232  -17.05960 1.0000e-12    35.5318    11.1523    99.7631    305.165  489184994     0.8104     2.2589     4.7126     0.0061     0.0311     0.3963     0.2149     0.3528    11.1523    35.5317    27.1619    5.53900    240.896 0.0000e+00
    309.000    11.1887   3.989435     2.2593     0.0219 183.863366   48.68232  -17.05960 1.0000e-12    35.5321    11.1497    99.7710    306.161  489184994     0.7671     2.2586     4.7130     0.0061     0.0330     0.2591     0.2149     0.3792    11.1497    35.5320    27.1625    5.53905    240.898 0.0000e+00
    310.000    11.1880   3.989422     2.2601     0.0250 183.863377   48.68232  -17.05960 1.0000e-12    35.5322    11.1489    99.7723    307.154  489184995     0.8044     2.2581     4.7131     0.0061     0.0347     0.2387     0.2149     0.3977    11.1489    35.5321    27.1628    5.54507    241.160 0.0000e+00
    311.000    11.1871   3.989379     2.2610     0.0300 183.863389   48.68232  -17.05960 1.0000e-12    35.5322    11.1479    99.7552    308.144  489184996     0.8574     2.2589     4.7122     0.0061     0.0358     0.4720     0.2149     0.3921    11.1479    35.5321    27.1629    5.54763    241.271 0.0000e+00
    312.000    11.1866   3.989376     2.2611     0.0265 183.863406   48.68234  -17.05962 1.0000e-12    35.5321    11.1473    99.7553    309.126  489184998     0.8213     2.2596     4.7122     0.0061     0.0295     0.2446     0.2149     0.3922    11.1473    35.5320    27.1630    5.54261    241.053 0.0000e+00
    313.000    11.1862   3.989392     2.2606     0.0235 183.863421   48.68234  -17.05962 1.0000e-12    35.5322    11.1468    99.7687    310.117  489184999     0.7869     2.2608     4.7129     0.0061     0.0376     0.3231     0.2149     0.4031    11.1468    35.5321    27.1632    5.54339    241.087 0.0000e+00
    314.000    11.1860   3.989413     2.2605     0.0245 183.863434   48.68234  -17.05962 1.0000e-12    35.5322    11.1464    99.7538    311.110  489185000     0.7988     2.2607     4.7122     0.0061     0.0347     0.5956     0.2149     0.3924    11.1464    35.5321    27.1633    5.54279    241.061 0.0000e+00
    315.000    11.1860   3.989459     2.2601     0.0222 183.863448   48.68234  -17.05962 1.0000e-12    35.5322    11.1463    99.7729    312.101  489185002     0.7720     2.2602     4.7131     0.0061     0.0392     0.3157     0.2149     0.3804    11.1462    35.5322    27.1633    5.54217    241.034 0.0000e+00
    316.000    11.1853   3.989448     2.2593     0.0232 183.863463   48.68234  -17.05962 1.0000e-12    35.5323    11.1455    99.7588    313.087  489185003     0.7836     2.2600     4.7124     0.0061     0.0329     0.2993     0.2149     0.3873    11.1455    35.5322    27.1635    5.53989    240.935 0.0000e+00
