Data/ruptures/DY032/PAP/d20150702_DY032_CTD15.cnv
* Sea-Bird SBE 9 Data File:
* FileName = C:\CTD\DY032\20150629_DY032_CTD15.hdr
* Software Version Seasave V 7.23.2
* Temperature SN = 2112
* Conductivity SN = 3159
* Number of Bytes Per Scan = 35
* Number of Voltage Words = 4
* Number of Scans Averaged by the Deck Unit = 1
* NMEA Latitude = 48 40.93 N
* NMEA Longitude = 017 03.56 W
* NMEA UTC (Time) = Jul 02 2015 20:29:41
** Ship:
** Station:
** Operator:
# nquan = 28
# nvalues = 1008                        
# units = specified
# name 0 = prDM: Pressure, Digiquartz [db]
# name 1 = t090C: Temperature [ITS-90, deg C]
# name 2 = c0S/m: Conductivity [S/m]
# name 3 = sbeox0V: Oxygen raw, SBE 43 [V]
# name 4 = flC: Fluorescence, Chelsea Aqua 3 Chl Con [ug/l]
# name 5 = timeJ: Julian Days
# name 6 = latitude: Latitude [deg]
# name 7 = longitude: Longitude [deg]
# name 8 = par: PAR/Irradiance, Biospherical/Licor
# name 9 = sal00: Salinity, Practical [PSU]
# name 10 = potemp090C: Potential Temperature [ITS-90, deg C]
# name 11 = CStarTr0: Beam Transmission, WET Labs C-Star [%]
# name 12 = depSM: Depth [salt water, m]
# name 13 = timeQ: Time, NMEA [seconds]
# name 14 = v0: Voltage 0
# name 15 = v1: Voltage 1
# name 16 = v2: Voltage 2
# name 17 = v3: Voltage 3
# name 18 = v4: Voltage 4
# name 19 = v5: Voltage 5
# name 20 = v6: Voltage 6
# name 21 = v7: Voltage 7
# name 22 = potemp090C: Potential Temperature [ITS-90, deg C]
# name 23 = sal00: Salinity, Practical [PSU]
# name 24 = sigma-é00: Density [sigma-theta, kg/m^3]
# name 25 = sbeox0ML/L: Oxygen, SBE 43 [ml/l], WS = 2
# name 26 = sbeox0Mm/Kg: Oxygen, SBE 43 [umol/kg], WS = 2
# name 27 = flag: flag
# span 0 =      7.000,   1014.000       
# span 1 =     7.4779,    15.3878       
# span 2 =   3.633778,   4.380059       
# span 3 =     1.6801,     2.5558       
# span 4 =     0.0142,     1.5375       
# span 5 = 183.857133, 183.884345       
# span 6 =   48.68220,   48.68362       
# span 7 =  -17.06284,  -17.05928       
# span 8 = -5.318e-05, 1.5078e+00       
# span 9 =    35.1888,    35.5633       
# span 10 =     7.3749,    15.3867      
# span 11 =    90.6886,    99.9384      
# span 12 =      6.942,   1003.001      
# span 13 =  489184456,  489186807      
# span 14 =     0.6587,     2.4144      
# span 15 =     1.6744,     2.5565      
# span 16 =     4.2840,     4.7209      
# span 17 =     0.0056,     1.4916      
# span 18 =     0.0160,     0.3207      
# span 19 =    -0.0063,     0.6276      
# span 20 =     0.1995,     0.2227      
# span 21 =     0.3035,     2.1659      
# span 22 =     7.3749,    15.3867      
# span 23 =    35.1808,    35.5631      
# span 24 =    26.2338,    27.5304      
# span 25 =    4.31169,    5.71746      
# span 26 =    187.594,    248.606      
# span 27 = 0.0000e+00, 0.0000e+00      
# interval = decibars: 1                
# start_time = Jul 02 2015 20:33:55 [NMEA time, first data scan]
# bad_flag = -9.990e-29
*END*
[from data line 156]
    163.000    11.5919   4.023905     2.2431     0.0281 183.861324   48.68222  -17.05932 1.0000e-12    35.5522    11.5711    99.6162    161.560  489184818     0.8381     2.2442     4.7057     0.0061     0.0350     0.4005     0.2137     0.3751    11.5711    35.5511    27.0990    5.33636    232.071 0.0000e+00
    164.000    11.5778   4.022346     2.2442     0.0294 183.861335   48.68222  -17.05932 1.0000e-12    35.5500    11.5568    99.6172    162.556  489184819     0.8516     2.2442     4.7057     0.0061     0.0362     0.3078     0.2137     0.3810    11.5568    35.5488    27.0999    5.34736    232.550 0.0000e+00
    165.000    11.5629   4.020746     2.2455     0.0267 183.861353   48.68222  -17.05932 1.0000e-12    35.5483    11.5418    99.6068    163.541  489184821     0.8224     2.2433     4.7052     0.0061     0.0394     0.3980     0.2137     0.3708    11.5418    35.5469    27.1012    5.35011    232.670 0.0000e+00
    166.000    11.5415   4.018462     2.2457     0.0228 183.861373   48.68222  -17.05932 1.0000e-12    35.5460    11.5203    99.6030    164.527  489184822     0.7784     2.2450     4.7050     0.0061     0.0343     0.3826     0.2137     0.3788    11.5203    35.5444    27.1033    5.35395    232.838 0.0000e+00
    167.000    11.5334   4.017583     2.2469     0.0248 183.861388   48.68222  -17.05932 1.0000e-12    35.5447    11.5120    99.5884    165.520  489184824     0.8019     2.2454     4.7044     0.0061     0.0434     0.4640     0.2137     0.3947    11.5120    35.5431    27.1039    5.36396    233.274 0.0000e+00
    168.000    11.5270   4.016964     2.2484     0.0265 183.861400   48.68222  -17.05932 1.0000e-12    35.5441    11.5056    99.6158    166.513  489184825     0.8208     2.2454     4.7056     0.0061     0.0319     0.3400     0.2137     0.3815    11.5056    35.5426    27.1047    5.37443    233.730 0.0000e+00
    169.000    11.5205   4.016315     2.2519     0.0318 183.861414   48.68222  -17.05932 1.0000e-12    35.5435    11.4989    99.6072    167.504  489184826     0.8760     2.2463     4.7052     0.0061     0.0332     0.3145     0.2137     0.3847    11.4990    35.5420    27.1055    5.39372    234.568 0.0000e+00
    170.000    11.5176   4.016080     2.2556     0.0342 183.861427   48.68222  -17.05932 1.0000e-12    35.5434    11.4959    99.5893    168.492  489184827     0.8986     2.2479     4.7044     0.0061     0.0339     0.3376     0.2137     0.3935    11.4959    35.5421    27.1061    5.40587    235.097 0.0000e+00
    171.000    11.5162   4.015998     2.2593     0.0334 183.861439   48.68222  -17.05932 1.0000e-12    35.5432    11.4944    99.5674    169.483  489184828     0.8910     2.2506     4.7034     0.0061     0.0434     0.3514     0.2137     0.3717    11.4944    35.5421    27.1064    5.41755    235.605 0.0000e+00
    172.000    11.5143   4.015845     2.2623     0.0309 183.861451   48.68222  -17.05932 1.0000e-12    35.5431    11.4923    99.5634    170.475  489184829     0.8670     2.2541     4.7032     0.0061     0.0304     0.3653     0.2137     0.3508    11.4923    35.5420    27.1067    5.42414    235.891 0.0000e+00
    173.000    11.5082   4.015150     2.2644     0.0356 183.861463   48.68222  -17.05932 1.0000e-12    35.5416    11.4861    99.5770    171.470  489184830     0.9114     2.2575     4.7038     0.0061     0.0331     0.3385     0.2137     0.3630    11.4861    35.5406    27.1068    5.42820    236.068 0.0000e+00
    174.000    11.4934   4.013472     2.2654     0.0333 183.861477   48.68222  -17.05932 1.0000e-12    35.5390    11.4712    99.5564    172.460  489184831     0.8897     2.2614     4.7029     0.0061     0.0410     0.4832     0.2137     0.3498    11.4712    35.5377    27.1073    5.42242    235.818 0.0000e+00
    175.000    11.4629   4.010026     2.2630     0.0409 183.861496   48.68222  -17.05932 1.0000e-12    35.5342    11.4406    99.5821    173.444  489184833     0.9561     2.2648     4.7041     0.0061     0.0409     0.2370     0.2138     0.3478    11.4406    35.5325    27.1090    5.41024    235.290 0.0000e+00
    176.000    11.4432   4.007795     2.2594     0.0390 183.861512   48.68222  -17.05932 1.0000e-12    35.5308    11.4208    99.5654    174.435  489184834     0.9403     2.2647     4.7033     0.0061     0.0407     0.3498     0.2142     0.3459    11.4208    35.5288    27.1098    5.40444    235.039 0.0000e+00
    177.000    11.4313   4.006436     2.2581     0.0361 183.861526   48.68222  -17.05932 1.0000e-12    35.5283    11.4088    99.5646    175.430  489184835     0.9161     2.2628     4.7033     0.0061     0.0382     0.5803     0.2141     0.3606    11.4089    35.5263    27.1101    5.40547    235.084 0.0000e+00
    178.000    11.4261   4.005877     2.2566     0.0351 183.861540   48.68222  -17.05932 1.0000e-12    35.5271    11.4035    99.5801    176.420  489184837     0.9069     2.2595     4.7040     0.0061     0.0452     0.2914     0.2143     0.3556    11.4035    35.5253    27.1103    5.40183    234.926 0.0000e+00
    179.000    11.4161   4.004714     2.2547     0.0340 183.861554   48.68222  -17.05932 1.0000e-12    35.5248    11.3934    99.5878    177.407  489184838     0.8969     2.2580     4.7043     0.0061     0.0496     0.3122     0.2144     0.3550    11.3934    35.5230    27.1104    5.39553    234.653 0.0000e+00
    180.000    11.3919   4.001986     2.2527     0.0318 183.861567   48.68222  -17.05932 1.0000e-12    35.5209    11.3690    99.5694    178.402  489184839     0.8761     2.2565     4.7035     0.0061     0.0532     0.3357     0.2169     0.3554    11.3690    35.5188    27.1117    5.39430    234.601 0.0000e+00
    181.000    11.3799   4.000700     2.2513     0.0302 183.861580   48.68222  -17.05934 1.0000e-12    35.5192    11.3570    99.5908    179.394  489184840     0.8593     2.2549     4.7045     0.0061     0.0383     0.2826     0.2168     0.3549    11.3570    35.5171    27.1126    5.39249    234.523 0.0000e+00
    182.000    11.3783   4.000565     2.2494     0.0303 183.861596   48.68222  -17.05934 1.0000e-12    35.5186    11.3553    99.5995    180.380  489184842     0.8602     2.2525     4.7049     0.0061     0.0393     0.4970     0.2161     0.3512    11.3553    35.5169    27.1127    5.38917    234.378 0.0000e+00
    183.000    11.3793   4.000773     2.2478     0.0332 183.861611   48.68222  -17.05934 1.0000e-12    35.5189    11.3561    99.6155    181.366  489184843     0.8894     2.2509     4.7056     0.0061     0.0412     0.3437     0.2161     0.3566    11.3561    35.5175    27.1131    5.38630    234.253 0.0000e+00
    184.000    11.3849   4.001588     2.2478     0.0362 183.861622   48.68222  -17.05934 1.0000e-12    35.5209    11.3616    99.6172    182.364  489184844     0.9165     2.2493     4.7057     0.0061     0.0386     0.4130     0.2161     0.3470    11.3616    35.5198    27.1138    5.39195    234.498 0.0000e+00
    185.000    11.3808   4.001179     2.2482     0.0335 183.861633   48.68222  -17.05934 1.0000e-12    35.5202    11.3574    99.5747    183.362  489184845     0.8915     2.2486     4.7037     0.0061     0.0391     0.3486     0.2161     0.3471    11.3574    35.5192    27.1141    5.39660    234.701 0.0000e+00
    186.000    11.3684   3.999875     2.2492     0.0328 183.861648   48.68222  -17.05934 1.0000e-12    35.5189    11.3449    99.6058    184.346  489184846     0.8849     2.2477     4.7052     0.0061     0.0365     0.2275     0.2161     0.3490    11.3449    35.5177    27.1153    5.40094    234.890 0.0000e+00
    187.000    11.3634   3.999505     2.2504     0.0315 183.861666   48.68222  -17.05934 1.0000e-12    35.5196    11.3397    99.6123    185.330  489184848     0.8727     2.2484     4.7055     0.0061     0.0332     0.5915     0.2152     0.3491    11.3397    35.5185    27.1169    5.41183    235.364 0.0000e+00
    188.000    11.3611   3.999288     2.2522     0.0293 183.861678   48.68222  -17.05934 1.0000e-12    35.5190    11.3374    99.6085    186.319  489184849     0.8509     2.2491     4.7053     0.0061     0.0349     0.3580     0.2149     0.3492    11.3374    35.5180    27.1170    5.41782    235.625 0.0000e+00
    189.000    11.3532   3.998427     2.2536     0.0305 183.861690   48.68222  -17.05934 1.0000e-12    35.5177    11.3293    99.6230    187.323  489184850     0.8631     2.2495     4.7060     0.0061     0.0377     0.3470     0.2149     0.3542    11.3293    35.5166    27.1174    5.42175    235.796 0.0000e+00
    190.000    11.3460   3.997652     2.2538     0.0341 183.861703   48.68224  -17.05934 1.0000e-12    35.5165    11.3220    99.6166    188.311  489184851     0.8977     2.2516     4.7057     0.0061     0.0365     0.2735     0.2152     0.3492    11.3220    35.5154    27.1178    5.41312    235.421 0.0000e+00
    191.000    11.3409   3.997129     2.2518     0.0290 183.861719   48.68224  -17.05934 1.0000e-12    35.5157    11.3168    99.6156    189.297  489184852     0.8479     2.2535     4.7056     0.0061     0.0379     0.2662     0.2149     0.3765    11.3168    35.5147    27.1182    5.40712    235.160 0.0000e+00
    192.000    11.3404   3.997119     2.2505     0.0299 183.861734   48.68224  -17.05934 1.0000e-12    35.5155    11.3161    99.6181    190.286  489184854     0.8567     2.2534     4.7057     0.0061     0.0424     0.5737     0.2149     0.3687    11.3161    35.5146    27.1183    5.40586    235.105 0.0000e+00
    193.000    11.3395   3.997077     2.2496     0.0306 183.861748   48.68224  -17.05934 1.0000e-12    35.5154    11.3151    99.6172    191.278  489184855     0.8639     2.2516     4.7057     0.0061     0.0364     0.3100     0.2149     0.3535    11.3151    35.5146    27.1184    5.40165    234.923 0.0000e+00
    194.000    11.3372   3.996872     2.2481     0.0319 183.861762   48.68224  -17.05934 1.0000e-12    35.5150    11.3127    99.5832    192.271  489184856     0.8773     2.2504     4.7041     0.0061     0.0376     0.3093     0.2149     0.3615    11.3127    35.5143    27.1187    5.39858    234.789 0.0000e+00
    195.000    11.3351   3.996734     2.2471     0.0329 183.861775   48.68224  -17.05934 1.0000e-12    35.5152    11.3104    99.5930    193.262  489184857     0.8861     2.2495     4.7046     0.0061     0.0421     0.2988     0.2149     0.3666    11.3104    35.5146    27.1193    5.39864    234.791 0.0000e+00
    196.000    11.3331   3.996583     2.2464     0.0273 183.861790   48.68224  -17.05935 1.0000e-12    35.5152    11.3083    99.6100    194.249  489184858     0.8301     2.2480     4.7054     0.0061     0.0380     0.3044     0.2149     0.3596    11.3083    35.5146    27.1197    5.39631    234.690 0.0000e+00
    197.000    11.3324   3.996561     2.2451     0.0274 183.861804   48.68224  -17.05936 1.0000e-12    35.5151    11.3075    99.6433    195.243  489184859     0.8306     2.2469     4.7070     0.0061     0.0381     0.5939     0.2149     0.3633    11.3075    35.5145    27.1198    5.39185    234.496 0.0000e+00
    198.000    11.3281   3.996164     2.2438     0.0335 183.861818   48.68224  -17.05936 1.0000e-12    35.5148    11.3031    99.6411    196.231  489184861     0.8914     2.2463     4.7069     0.0061     0.0394     0.3069     0.2149     0.3615    11.3031    35.5143    27.1204    5.38693    234.282 0.0000e+00
    199.000    11.3248   3.995836     2.2420     0.0317 183.861831   48.68224  -17.05936 1.0000e-12    35.5143    11.2997    99.6180    197.224  489184862     0.8738     2.2450     4.7057     0.0061     0.0361     0.2887     0.2149     0.3546    11.2997    35.5138    27.1207    5.38421    234.164 0.0000e+00
    200.000    11.3239   3.995817     2.2405     0.0262 183.861846   48.68224  -17.05936 1.0000e-12    35.5144    11.2987    99.6306    198.213  489184863     0.8177     2.2436     4.7064     0.0061     0.0399     0.2796     0.2149     0.3563    11.2987    35.5140    27.1210    5.37982    233.973 0.0000e+00
    201.000    11.3252   3.996106     2.2395     0.0279 183.861861   48.68224  -17.05936 1.0000e-12    35.5155    11.2999    99.6422    199.204  489184864     0.8366     2.2418     4.7070     0.0061     0.0338     0.5768     0.2149     0.3663    11.2998    35.5151    27.1217    5.38192    234.064 0.0000e+00
    202.000    11.3251   3.996171     2.2395     0.0263 183.861875   48.68224  -17.05936 1.0000e-12    35.5157    11.2996    99.6404    200.193  489184866     0.8196     2.2403     4.7069     0.0061     0.0333     0.2872     0.2149     0.3692    11.2996    35.5154    27.1220    5.38429    234.167 0.0000e+00
    203.000    11.3255   3.996283     2.2395     0.0277 183.861888   48.68224  -17.05936 1.0000e-12    35.5160    11.2998    99.6266    201.183  489184867     0.8349     2.2393     4.7062     0.0061     0.0353     0.3460     0.2149     0.3673    11.2998    35.5158    27.1222    5.38488    234.193 0.0000e+00
    204.000    11.3264   3.996486     2.2395     0.0271 183.861900   48.68224  -17.05936 1.0000e-12    35.5166    11.3006    99.6004    202.173  489184868     0.8280     2.2392     4.7050     0.0061     0.0362     0.3764     0.2149     0.3899    11.3006    35.5164    27.1225    5.38574    234.230 0.0000e+00
    205.000    11.3287   3.996923     2.2399     0.0295 183.861912   48.68224  -17.05936 1.0000e-12    35.5183    11.3027    99.6285    203.170  489184869     0.8531     2.2393     4.7063     0.0061     0.0398     0.3338     0.2149     0.3970    11.3027    35.5182    27.1235    5.39312    234.551 0.0000e+00
    206.000    11.3299   3.997146     2.2421     0.0338 183.861926   48.68224  -17.05936 1.0000e-12    35.5187    11.3039    99.6245    204.161  489184870     0.8943     2.2393     4.7061     0.0061     0.0372     0.2481     0.2149     0.4073    11.3039    35.5187    27.1237    5.40404    235.025 0.0000e+00
    207.000    11.3313   3.997441     2.2444     0.0326 183.861946   48.68224  -17.05936 1.0000e-12    35.5198    11.3052    99.6169    205.145  489184872     0.8837     2.2404     4.7057     0.0061     0.0460     0.4347     0.2149     0.4016    11.3052    35.5198    27.1244    5.40609    235.115 0.0000e+00
    208.000    11.3328   3.997861     2.2454     0.0305 183.861961   48.68224  -17.05936 1.0000e-12    35.5221    11.3065    99.6031    206.132  489184873     0.8628     2.2429     4.7050     0.0061     0.0452     0.3319     0.2149     0.3878    11.3065    35.5221    27.1259    5.41102    235.329 0.0000e+00
    209.000    11.3349   3.998244     2.2466     0.0368 183.861973   48.68224  -17.05936 1.0000e-12    35.5234    11.3084    99.6317    207.128  489184874     0.9218     2.2442     4.7064     0.0061     0.0368     0.3764     0.2149     0.4015    11.3084    35.5235    27.1266    5.42081    235.754 0.0000e+00
    210.000    11.3375   3.998648     2.2492     0.0376 183.861985   48.68224  -17.05936 1.0000e-12    35.5244    11.3110    99.6428    208.124  489184875     0.9289     2.2447     4.7070     0.0061     0.0335     0.3340     0.2149     0.4032    11.3110    35.5245    27.1269    5.42997    236.152 0.0000e+00
    211.000    11.3393   3.998928     2.2514     0.0312 183.861999   48.68224  -17.05937 1.0000e-12    35.5250    11.3126    99.6168    209.107  489184876     0.8692     2.2460     4.7057     0.0061     0.0361     0.5061     0.2149     0.3898    11.3126    35.5252    27.1271    5.43461    236.354 0.0000e+00
    212.000    11.3411   3.999213     2.2537     0.0279 183.862015   48.68224  -17.05938 1.0000e-12    35.5256    11.3143    99.6172    210.101  489184878     0.8368     2.2493     4.7057     0.0061     0.0367     0.2672     0.2149     0.3883    11.3142    35.5258    27.1273    5.44006    236.591 0.0000e+00
    213.000    11.3381   3.998913     2.2544     0.0292 183.862030   48.68224  -17.05938 1.0000e-12    35.5251    11.3112    99.6146    211.093  489184879     0.8503     2.2514     4.7056     0.0061     0.0352     0.2887     0.2149     0.3988    11.3112    35.5252    27.1274    5.43381    236.319 0.0000e+00
