Data/ruptures/DY032/PAP/d20150627_DY032_CTD07.cnv
* Sea-Bird SBE 9 Data File:
* FileName = C:\CTD\DY032\20150627_DY032_CTD07.hdr
* Software Version Seasave V 7.23.2
* Temperature SN = 2112
* Conductivity SN = 3159
* Number of Bytes Per Scan = 35
* Number of Voltage Words = 4
* Number of Scans Averaged by the Deck Unit = 1
* NMEA Latitude = 49 04.42 N
* NMEA Longitude = 016 15.81 W
* NMEA UTC (Time) = Jun 27 2015 22:01:55
** Ship:
** Station:
** Operator:
# nquan = 28
# nvalues = 1002                        
# units = specified
# name 0 = prDM: Pressure, Digiquartz [db]
# name 1 = t090C: Temperature [ITS-90, deg C]
# name 2 = c0S/m: Conductivity [S/m]
# name 3 = sbeox0V: Oxygen raw, SBE 43 [V]
# name 4 = flC: Fluorescence, Chelsea Aqua 3 Chl Con [ug/l]
# name 5 = timeJ: Julian Days
# name 6 = latitude: Latitude [deg]
# name 7 = longitude: Longitude [deg]
# name 8 = par: PAR/Irradiance, Biospherical/Licor
# name 9 = sal00: Salinity, Practical [PSU]
# name 10 = potemp090C: Potential Temperature [ITS-90, deg C]
# name 11 = CStarTr0: Beam Transmission, WET Labs C-Star [%]
# name 12 = depSM: Depth [salt water, m]
# name 13 = timeQ: Time, NMEA [seconds]
# name 14 = v0: Voltage 0
# name 15 = v1: Voltage 1
# name 16 = v2: Voltage 2
# name 17 = v3: Voltage 3
# name 18 = v4: Voltage 4
# name 19 = v5: Voltage 5
# name 20 = v6: Voltage 6
# name 21 = v7: Voltage 7
# name 22 = potemp090C: Potential Temperature [ITS-90, deg C]
# name 23 = sal00: Salinity, Practical [PSU]
# name 24 = sigma-é00: Density [sigma-theta, kg/m^3]
# name 25 = sbeox0ML/L: Oxygen, SBE 43 [ml/l], WS = 2
# name 26 = sbeox0Mm/Kg: Oxygen, SBE 43 [umol/kg], WS = 2
# name 27 = flag: flag
# span 0 =      6.000,   1007.000       
# span 1 =     8.2835,    15.0054       
# span 2 =   3.727117,   4.350374       
# span 3 =     1.6707,     2.5495       
# span 4 =     0.0119,     1.6756       
# span 5 = 178.921135, 178.939874       
# span 6 =   49.07352,   49.07374       
# span 7 =  -16.26489,  -16.26348       
# span 8 = -2.346e-03, 1.5285e-02       
# span 9 =    35.3305,    35.5428       
# span 10 =     8.1737,    15.0014      
# span 11 =    89.1639,    99.9016      
# span 12 =      5.936,    996.050      
# span 13 =  488757986,  488759605      
# span 14 =     0.6198,     2.4523      
# span 15 =     1.6692,     2.5504      
# span 16 =     4.2119,     4.7192      
# span 17 =    -0.0104,     0.1136      
# span 18 =     0.0140,     0.2530      
# span 19 =    -0.0213,     0.7667      
# span 20 =     0.0000,     0.0000      
# span 21 =     0.0000,     0.0000      
# span 22 =     8.1737,    15.0014      
# span 23 =    35.3281,    35.5313      
# span 24 =    26.3722,    27.5387      
# span 25 =    4.26416,    5.74524      
# span 26 =    185.534,    249.823      
# span 27 = 0.0000e+00, 0.0000e+00      
# interval = decibars: 1                
# start_time = Jun 27 2015 22:06:25 [NMEA time, first data scan]
# bad_flag = -9.990e-29
*END*
[from data line 518]
    524.000    10.7746   3.956022     2.1844     0.0189 178.931821   49.07370  -16.26386 1.0000e-12    35.5028    10.7096    99.7504    518.908  488758909     0.7283     2.1835     4.7120     0.0061     0.0240     0.4177     0.0000     0.0000    10.7095    35.5021    27.2193    5.49834    239.143 0.0000e+00
    525.000    10.7735   3.956010     2.1847     0.0221 178.931832   49.07368  -16.26386 1.0000e-12    35.5033    10.7083    99.7654    519.891  488758910     0.7698     2.1832     4.7128     0.0061     0.0232     0.3329     0.0000     0.0000    10.7083    35.5026    27.2199    5.50297    239.344 0.0000e+00
    526.000    10.7756   3.956300     2.1854     0.0199 178.931849   49.07368  -16.26388 1.0000e-12    35.5036    10.7103    99.7490    520.872  488758912     0.7415     2.1833     4.7119     0.0061     0.0234     0.2232     0.0000     0.0000    10.7102    35.5031    27.2199    5.50315    239.352 0.0000e+00
    527.000    10.7766   3.956483     2.1855     0.0256 178.931866   49.07368  -16.26388 1.0000e-12    35.5039    10.7111    99.7464    521.860  488758913     0.8107     2.1839     4.7118     0.0061     0.0231     0.5599     0.0000     0.0000    10.7111    35.5035    27.2201    5.50417    239.396 0.0000e+00
    528.000    10.7789   3.956866     2.1858     0.0227 178.931883   49.07368  -16.26390 1.0000e-12    35.5049    10.7133    99.7404    522.855  488758914     0.7765     2.1843     4.7115     0.0061     0.0245     0.3308     0.0000     0.0000    10.7133    35.5047    27.2206    5.50479    239.423 0.0000e+00
    529.000    10.7795   3.956989     2.1856     0.0213 178.931908   49.07368  -16.26390 1.0000e-12    35.5051    10.7137    99.7288    523.832  488758917     0.7579     2.1846     4.7110     0.0061     0.0178     0.2667     0.0000     0.0000    10.7137    35.5049    27.2207    5.50359    239.371 0.0000e+00
    530.000    10.7754   3.956568     2.1854     0.0170 178.931922   49.07368  -16.26390 1.0000e-12    35.5045    10.7095    99.7552    524.821  488758918     0.7011     2.1847     4.7122     0.0061     0.0204     0.3799     0.0000     0.0000    10.7095    35.5042    27.2209    5.50393    239.386 0.0000e+00
    531.000    10.7657   3.955528     2.1852     0.0200 178.931932   49.07368  -16.26390 1.0000e-12    35.5031    10.6998    99.7462    525.811  488758919     0.7441     2.1845     4.7118     0.0061     0.0233     0.4566     0.0000     0.0000    10.6998    35.5026    27.2215    5.50588    239.471 0.0000e+00
    532.000    10.7614   3.955065     2.1852     0.0186 178.931941   49.07368  -16.26390 1.0000e-12    35.5022    10.6954    99.7479    526.808  488758919     0.7249     2.1845     4.7119     0.0061     0.0233     0.5085     0.0000     0.0000    10.6954    35.5017    27.2216    5.50826    239.575 0.0000e+00
    533.000    10.7699   3.956205     2.1854     0.0164 178.931950   49.07368  -16.26390 1.0000e-12    35.5048    10.7037    99.7516    527.804  488758920     0.6923     2.1843     4.7121     0.0061     0.0233     0.4315     0.0000     0.0000    10.7037    35.5045    27.2222    5.51113    239.699 0.0000e+00
    534.000    10.7753   3.956929     2.1863     0.0164 178.931961   49.07368  -16.26391 1.0000e-12    35.5061    10.7090    99.7483    528.793  488758921     0.6923     2.1842     4.7119     0.0061     0.0218     0.3029     0.0000     0.0000    10.7090    35.5061    27.2225    5.51564    239.895 0.0000e+00
    535.000    10.7740   3.956782     2.1868     0.0218 178.931979   49.07368  -16.26392 1.0000e-12    35.5055    10.7075    99.7483    529.772  488758923     0.7667     2.1844     4.7119     0.0061     0.0224     0.4118     0.0000     0.0000    10.7075    35.5054    27.2223    5.51154    239.716 0.0000e+00
    536.000    10.7724   3.956596     2.1852     0.0210 178.931996   49.07368  -16.26392 1.0000e-12    35.5049    10.7057    99.7464    530.761  488758924     0.7557     2.1855     4.7118     0.0061     0.0222     0.2788     0.0000     0.0000    10.7058    35.5047    27.2220    5.49931    239.185 0.0000e+00
    537.000    10.7529   3.954431     2.1835     0.0218 178.932010   49.07368  -16.26392 1.0000e-12    35.5019    10.6862    99.7568    531.750  488758925     0.7660     2.1856     4.7123     0.0061     0.0192     0.3193     0.0000     0.0000    10.6862    35.5014    27.2229    5.49752    239.108 0.0000e+00
    538.000    10.7479   3.953878     2.1820     0.0232 178.932023   49.07368  -16.26392 1.0000e-12    35.5009    10.6811    99.7501    532.740  488758927     0.7835     2.1844     4.7120     0.0061     0.0196     0.3084     0.0000     0.0000    10.6811    35.5003    27.2230    5.49769    239.116 0.0000e+00
    539.000    10.7468   3.953793     2.1811     0.0216 178.932037   49.07368  -16.26392 1.0000e-12    35.5005    10.6799    99.7724    533.731  488758928     0.7643     2.1825     4.7131     0.0061     0.0264     0.3659     0.0000     0.0000    10.6799    35.5000    27.2230    5.49654    239.066 0.0000e+00
    540.000    10.7470   3.953855     2.1807     0.0203 178.932051   49.07368  -16.26392 1.0000e-12    35.5005    10.6799    99.7704    534.717  488758929     0.7470     2.1809     4.7130     0.0061     0.0228     0.5325     0.0000     0.0000    10.6799    35.5000    27.2230    5.49740    239.103 0.0000e+00
    541.000    10.7465   3.953841     2.1797     0.0193 178.932064   49.07368  -16.26392 1.0000e-12    35.5003    10.6793    99.7673    535.707  488758930     0.7336     2.1800     4.7128     0.0061     0.0273     0.3309     0.0000     0.0000    10.6793    35.4999    27.2230    5.49372    238.943 0.0000e+00
    542.000    10.7475   3.954020     2.1794     0.0206 178.932077   49.07368  -16.26394 1.0000e-12    35.5006    10.6802    99.7535    536.695  488758931     0.7503     2.1795     4.7122     0.0061     0.0244     0.3328     0.0000     0.0000    10.6802    35.5003    27.2232    5.49651    239.064 0.0000e+00
    543.000    10.7493   3.954279     2.1796     0.0200 178.932090   49.07368  -16.26394 1.0000e-12    35.5009    10.6818    99.7743    537.691  488758932     0.7436     2.1789     4.7132     0.0061     0.0228     0.2801     0.0000     0.0000    10.6818    35.5007    27.2232    5.50148    239.281 0.0000e+00
    544.000    10.7660   3.956380     2.1809     0.0226 178.932109   49.07368  -16.26394 1.0000e-12    35.5050    10.6983    99.7680    538.674  488758934     0.7759     2.1783     4.7129     0.0061     0.0255     0.4025     0.0000     0.0000    10.6984    35.5052    27.2237    5.50651    239.498 0.0000e+00
    545.000    10.7672   3.956578     2.1823     0.0200 178.932127   49.07368  -16.26394 1.0000e-12    35.5053    10.6994    99.7658    539.658  488758936     0.7433     2.1789     4.7128     0.0061     0.0263     0.2663     0.0000     0.0000    10.6994    35.5056    27.2238    5.51369    239.810 0.0000e+00
    546.000    10.7785   3.958032     2.1842     0.0183 178.932140   49.07368  -16.26394 1.0000e-12    35.5082    10.7106    99.7603    540.646  488758937     0.7204     2.1798     4.7125     0.0061     0.0232     0.3620     0.0000     0.0000    10.7106    35.5087    27.2243    5.52468    240.287 0.0000e+00
    547.000    10.7995   3.960716     2.1865     0.0160 178.932151   49.07368  -16.26394 1.0000e-12    35.5140    10.7314    99.7629    541.639  488758938     0.6864     2.1807     4.7126     0.0061     0.0240     0.3931     0.0000     0.0000    10.7314    35.5149    27.2254    5.53235    240.619 0.0000e+00
    548.000    10.8051   3.961436     2.1887     0.0173 178.932161   49.07368  -16.26394 1.0000e-12    35.5153    10.7368    99.7594    542.634  488758939     0.7055     2.1817     4.7125     0.0061     0.0193     0.3931     0.0000     0.0000    10.7369    35.5162    27.2254    5.54061    240.978 0.0000e+00
    549.000    10.8047   3.961438     2.1914     0.0208 178.932173   49.07368  -16.26394 1.0000e-12    35.5154    10.7363    99.7570    543.624  488758940     0.7531     2.1838     4.7123     0.0061     0.0188     0.3228     0.0000     0.0000    10.7363    35.5163    27.2255    5.54697    241.255 0.0000e+00
    550.000    10.8080   3.961899     2.1936     0.0221 178.932189   49.07368  -16.26394 1.0000e-12    35.5164    10.7395    99.7364    544.609  488758941     0.7697     2.1871     4.7113     0.0061     0.0229     0.4639     0.0000     0.0000    10.7395    35.5172    27.2257    5.54875    241.332 0.0000e+00
    551.000    10.8086   3.962015     2.1944     0.0215 178.932206   49.07368  -16.26394 1.0000e-12    35.5167    10.7399    99.7511    545.594  488758942     0.7627     2.1908     4.7120     0.0061     0.0230     0.2540     0.0000     0.0000    10.7399    35.5174    27.2258    5.54836    241.315 0.0000e+00
    552.000    10.8138   3.962715     2.1956     0.0270 178.932221   49.07368  -16.26394 1.0000e-12    35.5182    10.7450    99.7446    546.583  488758944     0.8265     2.1927     4.7117     0.0061     0.0222     0.2988     0.0000     0.0000    10.7450    35.5189    27.2260    5.55544    241.622 0.0000e+00
    553.000    10.8152   3.962943     2.1967     0.0272 178.932235   49.07368  -16.26394 1.0000e-12    35.5188    10.7463    99.7464    547.575  488758945     0.8294     2.1930     4.7118     0.0061     0.0202     0.5298     0.0000     0.0000    10.7463    35.5194    27.2262    5.55517    241.610 0.0000e+00
    554.000    10.8140   3.962834     2.1969     0.0250 178.932249   49.07368  -16.26394 1.0000e-12    35.5186    10.7449    99.7455    548.563  488758946     0.8045     2.1942     4.7118     0.0061     0.0245     0.3955     0.0000     0.0000    10.7449    35.5190    27.2262    5.55773    241.722 0.0000e+00
    555.000    10.8126   3.962705     2.1976     0.0264 178.932262   49.07368  -16.26394 1.0000e-12    35.5183    10.7433    99.7338    549.553  488758947     0.8205     2.1954     4.7112     0.0061     0.0223     0.2993     0.0000     0.0000    10.7433    35.5187    27.2262    5.55990    241.816 0.0000e+00
    556.000    10.8097   3.962406     2.1979     0.0207 178.932277   49.07368  -16.26394 1.0000e-12    35.5178    10.7403    99.7430    550.543  488758948     0.7507     2.1956     4.7116     0.0061     0.0224     0.2721     0.0000     0.0000    10.7403    35.5181    27.2262    5.56238    241.925 0.0000e+00
    557.000    10.8081   3.962277     2.1989     0.0186 178.932293   49.07368  -16.26394 1.0000e-12    35.5177    10.7386    99.7464    551.527  488758950     0.7247     2.1963     4.7118     0.0061     0.0266     0.5117     0.0000     0.0000    10.7386    35.5178    27.2263    5.56747    242.146 0.0000e+00
    558.000    10.8088   3.962394     2.1991     0.0206 178.932308   49.07368  -16.26394 1.0000e-12    35.5177    10.7392    99.7464    552.515  488758951     0.7508     2.1966     4.7118     0.0061     0.0197     0.3076     0.0000     0.0000    10.7392    35.5179    27.2263    5.56511    242.043 0.0000e+00
    559.000    10.8074   3.962259     2.1991     0.0209 178.932321   49.07368  -16.26394 1.0000e-12    35.5174    10.7377    99.7316    553.510  488758952     0.7552     2.1976     4.7111     0.0061     0.0199     0.3106     0.0000     0.0000    10.7377    35.5175    27.2263    5.56539    242.055 0.0000e+00
    560.000    10.7986   3.961317     2.1986     0.0282 178.932336   49.07368  -16.26394 1.0000e-12    35.5162    10.7288    99.7424    554.497  488758954     0.8381     2.1978     4.7116     0.0061     0.0231     0.2722     0.0000     0.0000    10.7288    35.5160    27.2267    5.56267    241.938 0.0000e+00
    561.000    10.7949   3.960921     2.1980     0.0308 178.932351   49.07368  -16.26394 1.0000e-12    35.5155    10.7249    99.7350    555.481  488758955     0.8655     2.1978     4.7113     0.0061     0.0218     0.5778     0.0000     0.0000    10.7250    35.5153    27.2268    5.56652    242.105 0.0000e+00
    562.000    10.7911   3.960553     2.1986     0.0268 178.932364   49.07368  -16.26394 1.0000e-12    35.5150    10.7211    99.7434    556.471  488758956     0.8246     2.1974     4.7117     0.0061     0.0249     0.3574     0.0000     0.0000    10.7211    35.5147    27.2271    5.57259    242.370 0.0000e+00
    563.000    10.7915   3.960626     2.1991     0.0242 178.932375   49.07368  -16.26394 1.0000e-12    35.5150    10.7213    99.7488    557.461  488758957     0.7955     2.1966     4.7119     0.0061     0.0237     0.1512     0.0000     0.0000    10.7213    35.5147    27.2270    5.57254    242.367 0.0000e+00
    564.000    10.7921   3.960746     2.1991     0.0229 178.932386   49.07368  -16.26396 1.0000e-12    35.5151    10.7218    99.7474    558.456  488758958     0.7797     2.1969     4.7119     0.0061     0.0228     0.4794     0.0000     0.0000    10.7218    35.5149    27.2271    5.57229    242.356 0.0000e+00
    565.000    10.7928   3.960891     2.1992     0.0197 178.932400   49.07368  -16.26396 1.0000e-12    35.5153    10.7224    99.7471    559.444  488758959     0.7387     2.1977     4.7118     0.0061     0.0214     0.3170     0.0000     0.0000    10.7224    35.5151    27.2272    5.57276    242.377 0.0000e+00
    566.000    10.7936   3.961011     2.1992     0.0179 178.932420   49.07368  -16.26396 1.0000e-12    35.5153    10.7231    99.7482    560.428  488758961     0.7141     2.1978     4.7119     0.0061     0.0229     0.4044     0.0000     0.0000    10.7231    35.5152    27.2271    5.57268    242.373 0.0000e+00
    567.000    10.7951   3.961247     2.1989     0.0197 178.932438   49.07368  -16.26396 1.0000e-12    35.5157    10.7244    99.7568    561.414  488758962     0.7398     2.1978     4.7123     0.0061     0.0239     0.2604     0.0000     0.0000    10.7244    35.5156    27.2272    5.57229    242.356 0.0000e+00
    568.000    10.7965   3.961459     2.1990     0.0211 178.932452   49.07368  -16.26396 1.0000e-12    35.5160    10.7257    99.7483    562.400  488758964     0.7573     2.1978     4.7119     0.0061     0.0213     0.3498     0.0000     0.0000    10.7257    35.5160    27.2273    5.57440    242.448 0.0000e+00
    569.000    10.7953   3.961362     2.1990     0.0206 178.932462   49.07368  -16.26396 1.0000e-12    35.5157    10.7244    99.7207    563.389  488758965     0.7509     2.1976     4.7106     0.0061     0.0197     0.4569     0.0000     0.0000    10.7244    35.5157    27.2273    5.57482    242.466 0.0000e+00
    570.000    10.7957   3.961460     2.1992     0.0210 178.932471   49.07368  -16.26396 1.0000e-12    35.5158    10.7247    99.7475    564.380  488758965     0.7557     2.1975     4.7119     0.0061     0.0200     0.5093     0.0000     0.0000    10.7247    35.5158    27.2273    5.57405    242.433 0.0000e+00
    571.000    10.7960   3.961544     2.1987     0.0217 178.932479   49.07368  -16.26396 1.0000e-12    35.5159    10.7249    99.7464    565.378  488758966     0.7647     2.1976     4.7118     0.0061     0.0193     0.0162     0.0000     0.0000    10.7248    35.5159    27.2274    5.57162    242.327 0.0000e+00
    572.000    10.7951   3.961471     2.1984     0.0206 178.932488   49.07368  -16.26396 1.0000e-12    35.5157    10.7237    99.7464    566.372  488758967     0.7507     2.1976     4.7118     0.0061     0.0218     0.4211     0.0000     0.0000    10.7237    35.5157    27.2274    5.57457    242.455 0.0000e+00
    573.000    10.7944   3.961404     2.1987     0.0205 178.932513   49.07368  -16.26398 1.0000e-12    35.5153    10.7229    99.7470    567.354  488758969     0.7496     2.1977     4.7118     0.0061     0.0209     0.3880     0.0000     0.0000    10.7229    35.5153    27.2272    5.57522    242.484 0.0000e+00
    574.000    10.7958   3.961610     2.1971     0.0189 178.932545   49.07368  -16.26398 1.0000e-12    35.5155    10.7242    99.7561    568.324  488758972     0.7288     2.1978     4.7123     0.0061     0.0180     0.3968     0.0000     0.0000    10.7242    35.5155    27.2271    5.56432    242.009 0.0000e+00
