Data/ruptures/DY032/PAP/d20150630_DY032_CTD12.cnv
* Sea-Bird SBE 9 Data File:
* FileName = C:\CTD\DY032\20150629_DY032_CTD12.hdr
* Software Version Seasave V 7.23.2
* Temperature SN = 2112
* Conductivity SN = 3159
* Number of Bytes Per Scan = 35
* Number of Voltage Words = 4
* Number of Scans Averaged by the Deck Unit = 1
* NMEA Latitude = 49 04.43 N
* NMEA Longitude = 016 15.81 W
* NMEA UTC (Time) = Jun 30 2015 20:36:03
** Ship:
** Station:
** Operator:
# nquan = 28
# nvalues = 4078                        
# units = specified
# name 0 = prDM: Pressure, Digiquartz [db]
# name 1 = t090C: Temperature [ITS-90, deg C]
# name 2 = c0S/m: Conductivity [S/m]
# name 3 = sbeox0V: Oxygen raw, SBE 43 [V]
# name 4 = flC: Fluorescence, Chelsea Aqua 3 Chl Con [ug/l]
# name 5 = timeJ: Julian Days
# name 6 = latitude: Latitude [deg]
# name 7 = longitude: Longitude [deg]
# name 8 = par: PAR/Irradiance, Biospherical/Licor
# name 9 = sal00: Salinity, Practical [PSU]
# name 10 = potemp090C: Potential Temperature [ITS-90, deg C]
# name 11 = CStarTr0: Beam Transmission, WET Labs C-Star [%]
# name 12 = depSM: Depth [salt water, m]
# name 13 = timeQ: Time, NMEA [seconds]
# name 14 = v0: Voltage 0
# name 15 = v1: Voltage 1
# name 16 = v2: Voltage 2
# name 17 = v3: Voltage 3
# name 18 = v4: Voltage 4
# name 19 = v5: Voltage 5
# name 20 = v6: Voltage 6
# name 21 = v7: Voltage 7
# name 22 = potemp090C: Potential Temperature [ITS-90, deg C]
# name 23 = sal00: Salinity, Practical [PSU]
# name 24 = sigma-é00: Density [sigma-theta, kg/m^3]
# name 25 = sbeox0ML/L: Oxygen, SBE 43 [ml/l], WS = 2
# name 26 = sbeox0Mm/Kg: Oxygen, SBE 43 [umol/kg], WS = 2
# name 27 = flag: flag
# span 0 =      5.000,   4082.000       
# span 1 =     2.5556,    15.2975       
# span 2 =   3.277470,   4.374032       
# span 3 =     1.3087,     2.5682       
# span 4 =     0.0071,     1.3974       
# span 5 = 181.861377, 181.924959       
# span 6 =   49.07213,   49.07374       
# span 7 =  -16.26480,  -16.26352       
# span 8 = -1.009e-01, 1.4781e+01       
# span 9 =    34.9132,    35.4899       
# span 10 =     2.1962,    15.2966      
# span 11 =    88.5371,   100.0290      
# span 12 =      4.945,   4008.833      
# span 13 =  489012023,  489017517      
# span 14 =     0.5282,     2.3737      
# span 15 =     1.2832,     2.5681      
# span 16 =     4.1824,     4.7252      
# span 17 =     0.0043,     2.2556      
# span 18 =     0.0120,     0.4063      
# span 19 =    -0.0002,     0.7161      
# span 20 =     0.0000,     0.0000      
# span 21 =     0.1990,     3.9498      
# span 22 =     2.1962,    15.2966      
# span 23 =    34.9132,    35.4919      
# span 24 =    26.2740,    27.8865      
# span 25 =    4.23553,    6.00676      
# span 26 =    184.291,    261.237      
# span 27 = 0.0000e+00, 0.0000e+00      
# interval = decibars: 1                
# start_time = Jun 30 2015 20:40:05 [NMEA time, first data scan]
# bad_flag = -9.990e-29
*END*
[from data line 3107]
   3112.000     2.9209   3.284301     1.4775     0.0227 181.898783   49.07226  -16.26470 1.0000e-12    34.9456     2.6601    99.6689   3062.989  489015256     0.7773     1.4672     4.7082     0.0061     0.0208     0.0685     0.0000     0.2240     2.6601    34.9454    27.8723    5.41782    236.121 0.0000e+00
   3113.000     2.9192   3.284184     1.4774     0.0268 181.898792   49.07226  -16.26470 1.0000e-12    34.9456     2.6583    99.6678   3063.967  489015257     0.8246     1.4665     4.7081     0.0061     0.0197     0.0595     0.0000     0.2243     2.6583    34.9453    27.8725    5.42438    236.406 0.0000e+00
   3114.000     2.9176   3.284059     1.4770     0.0250 181.898806   49.07224  -16.26470 1.0000e-12    34.9453     2.6566    99.6651   3064.937  489015258     0.8045     1.4661     4.7080     0.0061     0.0220     0.0629     0.0000     0.2241     2.6566    34.9451    27.8724    5.42375    236.379 0.0000e+00
   3115.000     2.9167   3.284021     1.4759     0.0218 181.898821   49.07224  -16.26470 1.0000e-12    34.9454     2.6556    99.6681   3065.904  489015259     0.7660     1.4655     4.7082     0.0061     0.0220     0.0565     0.0000     0.2242     2.6556    34.9452    27.8726    5.40018    235.352 0.0000e+00
   3116.000     2.9160   3.283982     1.4757     0.0205 181.898832   49.07226  -16.26470 1.0000e-12    34.9452     2.6548    99.6650   3066.884  489015260     0.7498     1.4652     4.7080     0.0061     0.0192     0.0613     0.0000     0.2240     2.6548    34.9450    27.8725    5.43308    236.786 0.0000e+00
   3117.000     2.9144   3.283882     1.4759     0.0198 181.898841   49.07226  -16.26470 1.0000e-12    34.9453     2.6531    99.6631   3067.864  489015261     0.7411     1.4651     4.7079     0.0061     0.0198     0.0604     0.0000     0.2240     2.6531    34.9451    27.8727    5.42934    236.623 0.0000e+00
   3118.000     2.9143   3.283921     1.4759     0.0188 181.898849   49.07225  -16.26470 1.0000e-12    34.9455     2.6529    99.6650   3068.849  489015262     0.7265     1.4641     4.7080     0.0061     0.0203     0.0399     0.0000     0.2246     2.6529    34.9452    27.8728    5.42654    236.501 0.0000e+00
   3119.000     2.9140   3.283928     1.4758     0.0174 181.898860   49.07224  -16.26470 1.0000e-12    34.9454     2.6525    99.6668   3069.828  489015263     0.7079     1.4640     4.7081     0.0061     0.0191     0.0516     0.0000     0.2242     2.6525    34.9452    27.8728    5.42627    236.489 0.0000e+00
   3120.000     2.9143   3.283994     1.4755     0.0182 181.898877   49.07224  -16.26470 1.0000e-12    34.9454     2.6527    99.6644   3070.796  489015264     0.7183     1.4640     4.7080     0.0061     0.0215     0.0465     0.0000     0.2245     2.6527    34.9452    27.8728    5.41728    236.098 0.0000e+00
   3121.000     2.9145   3.284051     1.4746     0.0207 181.898893   49.07225  -16.26470 1.0000e-12    34.9453     2.6528    99.6646   3071.766  489015265     0.7524     1.4640     4.7080     0.0061     0.0208     0.0479     0.0000     0.2246     2.6528    34.9452    27.8728    5.41320    235.920 0.0000e+00
   3122.000     2.9145   3.284082     1.4746     0.0202 181.898903   49.07226  -16.26470 1.0000e-12    34.9452     2.6527    99.6587   3072.744  489015266     0.7456     1.4636     4.7077     0.0061     0.0252     0.0529     0.0000     0.2244     2.6527    34.9451    27.8728    5.42435    236.406 0.0000e+00
   3123.000     2.9144   3.284120     1.4746     0.0186 181.898911   49.07226  -16.26470 1.0000e-12    34.9453     2.6525    99.6657   3073.725  489015267     0.7245     1.4635     4.7080     0.0061     0.0302     0.0385     0.0000     0.2245     2.6525    34.9452    27.8729    5.41878    236.163 0.0000e+00
   3124.000     2.9141   3.284124     1.4744     0.0186 181.898918   49.07226  -16.26470 1.0000e-12    34.9453     2.6521    99.6671   3074.709  489015268     0.7241     1.4630     4.7081     0.0061     0.0211     0.0331     0.0000     0.2244     2.6521    34.9452    27.8729    5.41787    236.123 0.0000e+00
   3125.000     2.9131   3.284078     1.4742     0.0196 181.898926   49.07226  -16.26470 1.0000e-12    34.9453     2.6510    99.6641   3075.686  489015268     0.7378     1.4628     4.7080     0.0061     0.0184     0.0289     0.0000     0.2245     2.6510    34.9452    27.8730    5.41637    236.058 0.0000e+00
   3126.000     2.9127   3.284061     1.4740     0.0195 181.898934   49.07226  -16.26470 1.0000e-12    34.9451     2.6505    99.6662   3076.672  489015269     0.7366     1.4628     4.7081     0.0061     0.0203     0.0333     0.0000     0.2243     2.6505    34.9450    27.8728    5.41285    235.904 0.0000e+00
   3127.000     2.9125   3.284093     1.4735     0.0197 181.898947   49.07224  -16.26470 1.0000e-12    34.9453     2.6502    99.6660   3077.644  489015270     0.7391     1.4625     4.7081     0.0061     0.0240     0.0406     0.0000     0.2243     2.6502    34.9451    27.8730    5.41558    236.024 0.0000e+00
   3128.000     2.9116   3.284049     1.4733     0.0199 181.898965   49.07224  -16.26470 1.0000e-12    34.9453     2.6492    99.6673   3078.604  489015272     0.7424     1.4620     4.7081     0.0061     0.0248     0.0340     0.0000     0.2244     2.6492    34.9452    27.8731    5.40606    235.609 0.0000e+00
   3129.000     2.9107   3.284012     1.4718     0.0171 181.898976   49.07224  -16.26470 1.0000e-12    34.9454     2.6482    99.6633   3079.582  489015273     0.7038     1.4616     4.7079     0.0061     0.0244     0.0418     0.0000     0.2244     2.6482    34.9452    27.8733    5.39501    235.127 0.0000e+00
   3130.000     2.9085   3.283841     1.4722     0.0156 181.898984   49.07224  -16.26470 1.0000e-12    34.9452     2.6460    99.6672   3080.566  489015273     0.6802     1.4615     4.7081     0.0061     0.0227     0.0371     0.0000     0.2244     2.6460    34.9450    27.8733    5.42136    236.276 0.0000e+00
   3131.000     2.9051   3.283561     1.4722     0.0171 181.898992   49.07224  -16.26470 1.0000e-12    34.9451     2.6425    99.6670   3081.545  489015274     0.7024     1.4613     4.7081     0.0061     0.0188     0.0503     0.0000     0.2242     2.6425    34.9449    27.8735    5.42039    236.234 0.0000e+00
   3132.000     2.9046   3.283539     1.4722     0.0192 181.898999   49.07224  -16.26470 1.0000e-12    34.9449     2.6420    99.6657   3082.531  489015275     0.7331     1.4612     4.7080     0.0061     0.0232     0.0364     0.0000     0.2245     2.6420    34.9446    27.8733    5.41921    236.182 0.0000e+00
   3133.000     2.9044   3.283540     1.4722     0.0192 181.899008   49.07224  -16.26470 1.0000e-12    34.9447     2.6417    99.6666   3083.513  489015275     0.7329     1.4600     4.7081     0.0061     0.0192     0.0016     0.0000     0.2244     2.6416    34.9445    27.8732    5.41997    236.216 0.0000e+00
   3134.000     2.9052   3.283650     1.4721     0.0174 181.899030   49.07224  -16.26470 1.0000e-12    34.9447     2.6423    99.6669   3084.478  489015277     0.7074     1.4603     4.7081     0.0061     0.0215     0.0316     0.0000     0.2245     2.6423    34.9445    27.8732    5.41455    235.979 0.0000e+00
   3135.000     2.9045   3.283635     1.4714     0.0165 181.899053   49.07224  -16.26470 1.0000e-12    34.9447     2.6416    99.6690   3085.440  489015279     0.6942     1.4603     4.7082     0.0061     0.0181     0.0511     0.0000     0.2244     2.6416    34.9446    27.8733    5.39823    235.268 0.0000e+00
   3136.000     2.9032   3.283551     1.4707     0.0184 181.899061   49.07224  -16.26470 1.0000e-12    34.9447     2.6402    99.6673   3086.417  489015280     0.7219     1.4603     4.7081     0.0061     0.0291     0.0586     0.0000     0.2245     2.6402    34.9445    27.8734    5.40684    235.643 0.0000e+00
   3137.000     2.9029   3.283565     1.4709     0.0166 181.899068   49.07224  -16.26470 1.0000e-12    34.9448     2.6397    99.6669   3087.403  489015281     0.6967     1.4599     4.7081     0.0061     0.0255     0.0605     0.0000     0.2247     2.6397    34.9446    27.8735    5.41128    235.837 0.0000e+00
   3138.000     2.9028   3.283595     1.4707     0.0177 181.899074   49.07224  -16.26470 1.0000e-12    34.9448     2.6396    99.6649   3088.384  489015281     0.7112     1.4599     4.7080     0.0061     0.0234     0.0561     0.0000     0.2245     2.6396    34.9446    27.8735    5.40093    235.386 0.0000e+00
   3139.000     2.9024   3.283594     1.4700     0.0161 181.899080   49.07224  -16.26470 1.0000e-12    34.9447     2.6391    99.6667   3089.367  489015282     0.6880     1.4595     4.7081     0.0061     0.0234     0.0452     0.0000     0.2247     2.6390    34.9446    27.8735    5.39505    235.130 0.0000e+00
   3140.000     2.9018   3.283589     1.4699     0.0168 181.899086   49.07224  -16.26470 1.0000e-12    34.9448     2.6384    99.6628   3090.341  489015282     0.6981     1.4589     4.7079     0.0061     0.0233     0.0483     0.0000     0.2247     2.6384    34.9446    27.8736    5.40325    235.487 0.0000e+00
   3141.000     2.9017   3.283602     1.4699     0.0197 181.899093   49.07224  -16.26470 1.0000e-12    34.9447     2.6381    99.6671   3091.325  489015283     0.7388     1.4589     4.7081     0.0061     0.0234     0.0540     0.0000     0.2247     2.6381    34.9445    27.8736    5.41105    235.827 0.0000e+00
   3142.000     2.9012   3.283605     1.4698     0.0199 181.899100   49.07224  -16.26470 1.0000e-12    34.9447     2.6376    99.6615   3092.309  489015283     0.7413     1.4589     4.7079     0.0061     0.0237     0.0561     0.0000     0.2244     2.6376    34.9446    27.8737    5.41231    235.882 0.0000e+00
   3143.000     2.9010   3.283609     1.4698     0.0193 181.899112   49.07224  -16.26471 1.0000e-12    34.9445     2.6373    99.6669   3093.282  489015284     0.7341     1.4582     4.7081     0.0061     0.0217     0.0597     0.0000     0.2245     2.6373    34.9444    27.8736    5.41387    235.950 0.0000e+00
   3144.000     2.9007   3.283611     1.4696     0.0142 181.899134   49.07224  -16.26472 1.0000e-12    34.9445     2.6368    99.6632   3094.242  489015286     0.6577     1.4579     4.7079     0.0061     0.0231     0.0207     0.0000     0.2246     2.6368    34.9444    27.8736    5.40420    235.529 0.0000e+00
   3145.000     2.9005   3.283638     1.4691     0.0177 181.899151   49.07224  -16.26472 1.0000e-12    34.9445     2.6366    99.6648   3095.222  489015288     0.7113     1.4579     4.7080     0.0061     0.0217     0.0602     0.0000     0.2243     2.6366    34.9444    27.8736    5.42044    236.237 0.0000e+00
   3146.000     2.8998   3.283609     1.4695     0.0162 181.899162   49.07224  -16.26472 1.0000e-12    34.9445     2.6358    99.6606   3096.204  489015289     0.6907     1.4579     4.7078     0.0061     0.0208     0.0365     0.0000     0.2242     2.6358    34.9444    27.8737    5.41007    235.784 0.0000e+00
   3147.000     2.8998   3.283664     1.4690     0.0207 181.899175   49.07224  -16.26470 1.0000e-12    34.9447     2.6357    99.6653   3097.181  489015290     0.7514     1.4571     4.7080     0.0061     0.0274     0.0137     0.0000     0.2243     2.6357    34.9446    27.8738    5.39949    235.323 0.0000e+00
   3148.000     2.8996   3.283682     1.4686     0.0146 181.899189   49.07224  -16.26470 1.0000e-12    34.9446     2.6354    99.6659   3098.152  489015291     0.6641     1.4576     4.7081     0.0061     0.0217     0.0410     0.0000     0.2246     2.6354    34.9445    27.8738    5.40642    235.625 0.0000e+00
   3149.000     2.8995   3.283706     1.4684     0.0115 181.899200   49.07224  -16.26470 1.0000e-12    34.9446     2.6351    99.6663   3099.126  489015292     0.6146     1.4574     4.7081     0.0061     0.0243     0.0266     0.0000     0.2246     2.6351    34.9446    27.8739    5.39484    235.121 0.0000e+00
   3150.000     2.8983   3.283630     1.4677     0.0156 181.899209   49.07224  -16.26470 1.0000e-12    34.9445     2.6339    99.6639   3100.097  489015293     0.6798     1.4567     4.7080     0.0061     0.0272     0.0494     0.0000     0.2244     2.6339    34.9444    27.8738    5.39342    235.059 0.0000e+00
   3151.000     2.8977   3.283618     1.4675     0.0206 181.899216   49.07224  -16.26470 1.0000e-12    34.9445     2.6333    99.6652   3101.084  489015293     0.7507     1.4567     4.7080     0.0061     0.0207     0.0479     0.0000     0.2244     2.6332    34.9444    27.8740    5.40077    235.379 0.0000e+00
   3152.000     2.8975   3.283634     1.4674     0.0232 181.899222   49.07224  -16.26470 1.0000e-12    34.9446     2.6328    99.6649   3102.066  489015294     0.7837     1.4567     4.7080     0.0061     0.0176     0.0488     0.0000     0.2246     2.6328    34.9445    27.8740    5.40435    235.535 0.0000e+00
   3153.000     2.8974   3.283657     1.4674     0.0272 181.899228   49.07224  -16.26471 1.0000e-12    34.9445     2.6327    99.6609   3103.043  489015294     0.8289     1.4565     4.7078     0.0061     0.0171     0.0527     0.0000     0.2246     2.6327    34.9444    27.8739    5.40696    235.649 0.0000e+00
   3154.000     2.8964   3.283605     1.4674     0.0294 181.899235   49.07224  -16.26472 1.0000e-12    34.9445     2.6317    99.6670   3104.023  489015295     0.8524     1.4559     4.7081     0.0061     0.0208     0.0505     0.0000     0.2245     2.6317    34.9443    27.8740    5.40817    235.702 0.0000e+00
   3155.000     2.8960   3.283611     1.4674     0.0311 181.899242   49.07224  -16.26472 1.0000e-12    34.9445     2.6311    99.6657   3105.012  489015296     0.8689     1.4555     4.7081     0.0061     0.0208     0.0474     0.0000     0.2246     2.6311    34.9444    27.8741    5.40869    235.724 0.0000e+00
   3156.000     2.8963   3.283646     1.4673     0.0288 181.899256   49.07223  -16.26472 1.0000e-12    34.9442     2.6313    99.6659   3105.985  489015297     0.8449     1.4554     4.7081     0.0061     0.0221     0.0489     0.0000     0.2246     2.6313    34.9441    27.8738    5.40785    235.688 0.0000e+00
   3157.000     2.8982   3.283867     1.4666     0.0174 181.899294   49.07222  -16.26472 1.0000e-12    34.9443     2.6330    99.6609   3106.933  489015300     0.7092     1.4554     4.7078     0.0061     0.0183     0.0528     0.0000     0.2246     2.6330    34.9443    27.8738    5.39324    235.051 0.0000e+00
   3158.000     2.8963   3.283732     1.4659     0.0174 181.899303   49.07222  -16.26472 1.0000e-12    34.9443     2.6311    99.6510   3107.916  489015301     0.7068     1.4551     4.7074     0.0061     0.0180     0.0523     0.0000     0.2245     2.6311    34.9442    27.8739    5.37326    234.180 0.0000e+00
   3159.000     2.8951   3.283659     1.4647     0.0177 181.899310   49.07223  -16.26471 1.0000e-12    34.9443     2.6298    99.6592   3108.894  489015301     0.7121     1.4549     4.7077     0.0061     0.0243     0.0544     0.0000     0.2247     2.6298    34.9442    27.8740    5.38622    234.745 0.0000e+00
   3160.000     2.8947   3.283669     1.4652     0.0155 181.899318   49.07224  -16.26470 1.0000e-12    34.9444     2.6293    99.6430   3109.877  489015302     0.6788     1.4546     4.7070     0.0061     0.0208     0.0642     0.0000     0.2246     2.6293    34.9443    27.8742    5.40423    235.530 0.0000e+00
   3161.000     2.8937   3.283616     1.4652     0.0134 181.899324   49.07222  -16.26470 1.0000e-12    34.9444     2.6282    99.6532   3110.858  489015303     0.6459     1.4546     4.7075     0.0061     0.0268     0.0642     0.0000     0.2245     2.6282    34.9443    27.8743    5.39898    235.301 0.0000e+00
   3162.000     2.8938   3.283669     1.4650     0.0173 181.899330   49.07222  -16.26470 1.0000e-12    34.9445     2.6282    99.6632   3111.828  489015303     0.7056     1.4541     4.7079     0.0061     0.0258     0.0573     0.0000     0.2247     2.6282    34.9443    27.8743    5.39730    235.228 0.0000e+00
