Data/ruptures/DY032/PAP/d20150627_DY032_CTD05.cnv
* Sea-Bird SBE 9 Data File:
* FileName = C:\CTD\DY032\20150627_DY032_CTD05.hdr
* Software Version Seasave V 7.23.2
* Temperature SN = 2112
* Conductivity SN = 3159
* Number of Bytes Per Scan = 35
* Number of Voltage Words = 4
* Number of Scans Averaged by the Deck Unit = 1
* NMEA Latitude = 49 04.45 N
* NMEA Longitude = 016 15.67 W
* NMEA UTC (Time) = Jun 27 2015 15:51:42
** Ship:
** Station:
** Operator:
# nquan = 28
# nvalues = 1010                        
# units = specified
# name 0 = prDM: Pressure, Digiquartz [db]
# name 1 = t090C: Temperature [ITS-90, deg C]
# name 2 = c0S/m: Conductivity [S/m]
# name 3 = sbeox0V: Oxygen raw, SBE 43 [V]
# name 4 = flC: Fluorescence, Chelsea Aqua 3 Chl Con [ug/l]
# name 5 = timeJ: Julian Days
# name 6 = latitude: Latitude [deg]
# name 7 = longitude: Longitude [deg]
# name 8 = par: PAR/Irradiance, Biospherical/Licor
# name 9 = sal00: Salinity, Practical [PSU]
# name 10 = potemp090C: Potential Temperature [ITS-90, deg C]
# name 11 = CStarTr0: Beam Transmission, WET Labs C-Star [%]
# name 12 = depSM: Depth [salt water, m]
# name 13 = timeQ: Time, NMEA [seconds]
# name 14 = v0: Voltage 0
# name 15 = v1: Voltage 1
# name 16 = v2: Voltage 2
# name 17 = v3: Voltage 3
# name 18 = v4: Voltage 4
# name 19 = v5: Voltage 5
# name 20 = v6: Voltage 6
# name 21 = v7: Voltage 7
# name 22 = potemp090C: Potential Temperature [ITS-90, deg C]
# name 23 = sal00: Salinity, Practical [PSU]
# name 24 = sigma-é00: Density [sigma-theta, kg/m^3]
# name 25 = sbeox0ML/L: Oxygen, SBE 43 [ml/l], WS = 2
# name 26 = sbeox0Mm/Kg: Oxygen, SBE 43 [umol/kg], WS = 2
# name 27 = flag: flag
# span 0 =      6.000,   1015.000       
# span 1 =     8.3915,    15.0183       
# span 2 =   3.736444,   4.350068       
# span 3 =     1.6678,     2.5458       
# span 4 =     0.0088,     1.6378       
# span 5 = 178.668002, 178.692441       
# span 6 =   49.07195,   49.07404       
# span 7 =  -16.26412,  -16.26134       
# span 8 = 1.0000e-12, 4.1914e+01       
# span 9 =    35.3160,    35.5601       
# span 10 =     8.2806,    15.0174      
# span 11 =    89.5960,    99.9615      
# span 12 =      5.936,   1003.959      
# span 13 =  488736115,  488738226      
# span 14 =     0.5632,     2.4423      
# span 15 =     1.6665,     2.5465      
# span 16 =     4.2324,     4.7220      
# span 17 =     0.0061,     2.9226      
# span 18 =     0.0161,     0.3434      
# span 19 =    -0.0482,     2.8790      
# span 20 =     0.0000,     0.0000      
# span 21 =     0.2112,     0.2262      
# span 22 =     8.2806,    15.0174      
# span 23 =    35.3129,    35.5596      
# span 24 =    26.3613,    27.5215      
# span 25 =    4.25052,    5.77452      
# span 26 =    184.938,    251.094      
# span 27 = 0.0000e+00, 0.0000e+00      
# interval = decibars: 1                
# start_time = Jun 27 2015 16:01:41 [NMEA time, first data scan]
# bad_flag = -9.990e-29
*END*
[from data line 933]
    939.000     8.7915   3.770988     1.6879     0.0164 178.690320   49.07210  -16.26382 1.0000e-12    35.3593     8.6862    99.9073    928.925  488738043     0.6930     1.6862     4.7195     0.0061     0.0250     0.2472     0.0000     0.2257     8.6861    35.3592    27.4499    4.26396    185.524 0.0000e+00
    940.000     8.7765   3.769867     1.6869     0.0178 178.690336   49.07210  -16.26381 1.0000e-12    35.3624     8.6711    99.9234    929.913  488738045     0.7127     1.6863     4.7202     0.0061     0.0269     0.5324     0.0000     0.2257     8.6711    35.3619    27.4544    4.26275    185.472 0.0000e+00
    941.000     8.7701   3.769411     1.6862     0.0183 178.690354   49.07210  -16.26380 1.0000e-12    35.3636     8.6645    99.9268    930.905  488738046     0.7199     1.6857     4.7204     0.0061     0.0263     0.3940     0.0000     0.2259     8.6646    35.3631    27.4563    4.26109    185.399 0.0000e+00
    942.000     8.7706   3.769532     1.6860     0.0172 178.690375   49.07210  -16.26382 1.0000e-12    35.3638     8.6649    99.9120    931.887  488738048     0.7042     1.6849     4.7197     0.0061     0.0258     0.2294     0.0000     0.2260     8.6650    35.3634    27.4565    4.26795    185.698 0.0000e+00
    943.000     8.7698   3.769578     1.6864     0.0179 178.690395   49.07210  -16.26382 1.0000e-12    35.3645     8.6640    99.9263    932.879  488738050     0.7147     1.6842     4.7203     0.0061     0.0264     0.3873     0.0000     0.2260     8.6640    35.3642    27.4573    4.26765    185.685 0.0000e+00
    944.000     8.7705   3.769714     1.6858     0.0180 178.690436   49.07208  -16.26381 1.0000e-12    35.3647     8.6646    99.9247    933.858  488738053     0.7162     1.6847     4.7203     0.0061     0.0297     0.3835     0.0000     0.2255     8.6646    35.3645    27.4574    4.26196    185.437 0.0000e+00
    945.000     8.7699   3.769924     1.6855     0.0205 178.690456   49.07208  -16.26380 1.0000e-12    35.3669     8.6640    99.9274    934.844  488738055     0.7495     1.6840     4.7204     0.0061     0.0281     0.3135     0.0000     0.2259     8.6640    35.3668    27.4593    4.26304    185.484 0.0000e+00
    946.000     8.7732   3.771139     1.6851     0.0171 178.690468   49.07208  -16.26380 1.0000e-12    35.3759     8.6671    99.9144    935.837  488738056     0.7040     1.6838     4.7198     0.0061     0.0281     0.3672     0.0000     0.2257     8.6671    35.3758    27.4659    4.26015    185.357 0.0000e+00
    947.000     8.7693   3.770917     1.6849     0.0165 178.690480   49.07208  -16.26382 1.0000e-12    35.3771     8.6631    99.9226    936.832  488738057     0.6944     1.6837     4.7202     0.0061     0.0281     0.3064     0.0000     0.2258     8.6631    35.3769    27.4674    4.26330    185.494 0.0000e+00
    948.000     8.7699   3.771022     1.6851     0.0170 178.690511   49.07208  -16.26381 1.0000e-12    35.3770     8.6635    99.9246    937.812  488738060     0.7014     1.6833     4.7203     0.0061     0.0263     0.3905     0.0000     0.2257     8.6635    35.3770    27.4674    4.26386    185.518 0.0000e+00
    949.000     8.7700   3.771108     1.6844     0.0160 178.690539   49.07208  -16.26382 1.0000e-12    35.3773     8.6636    99.9236    938.797  488738062     0.6873     1.6834     4.7202     0.0061     0.0247     0.2588     0.0000     0.2259     8.6636    35.3773    27.4676    4.26088    185.389 0.0000e+00
    950.000     8.7661   3.770995     1.6844     0.0175 178.690561   49.07208  -16.26382 1.0000e-12    35.3797     8.6595    99.9269    939.789  488738064     0.7084     1.6828     4.7204     0.0061     0.0228     0.3713     0.0000     0.2258     8.6595    35.3796    27.4700    4.26345    185.500 0.0000e+00
    951.000     8.7663   3.771017     1.6838     0.0185 178.690606   49.07208  -16.26381 1.0000e-12    35.3791     8.6597    99.9274    940.760  488738068     0.7227     1.6824     4.7204     0.0061     0.0289     0.3268     0.0000     0.2259     8.6597    35.3791    27.4696    4.25587    185.170 0.0000e+00
    952.000     8.7613   3.770728     1.6832     0.0209 178.690616   49.07206  -16.26380 1.0000e-12    35.3808     8.6545    99.9261    941.745  488738069     0.7551     1.6825     4.7203     0.0061     0.0236     0.4393     0.0000     0.2259     8.6545    35.3806    27.4716    4.26026    185.362 0.0000e+00
    953.000     8.7570   3.770421     1.6832     0.0190 178.690624   49.07207  -16.26380 1.0000e-12    35.3814     8.6502    99.9240    942.742  488738070     0.7296     1.6825     4.7202     0.0061     0.0214     0.0042     0.0000     0.2260     8.6502    35.3811    27.4727    4.26178    185.428 0.0000e+00
    954.000     8.7564   3.770416     1.6832     0.0182 178.690631   49.07208  -16.26380 1.0000e-12    35.3815     8.6494    99.9274    943.735  488738070     0.7183     1.6815     4.7204     0.0061     0.0250     0.5840     0.0000     0.2262     8.6495    35.3812    27.4729    4.26228    185.449 0.0000e+00
    955.000     8.7549   3.770328     1.6833     0.0173 178.690640   49.07208  -16.26382 1.0000e-12    35.3817     8.6478    99.9274    944.741  488738071     0.7061     1.6813     4.7204     0.0061     0.0243     0.4125     0.0000     0.2261     8.6478    35.3814    27.4733    4.26314    185.487 0.0000e+00
    956.000     8.7576   3.770560     1.6826     0.0193 178.690693   49.07206  -16.26382 1.0000e-12    35.3808     8.6504    99.9260    945.715  488738076     0.7345     1.6813     4.7203     0.0061     0.0235     0.4517     0.0000     0.2261     8.6504    35.3807    27.4724    4.25795    185.261 0.0000e+00
    957.000     8.7547   3.770368     1.6822     0.0176 178.690726   49.07206  -16.26382 1.0000e-12    35.3813     8.6474    99.9270    946.694  488738078     0.7100     1.6807     4.7204     0.0061     0.0217     0.2934     0.0000     0.2259     8.6474    35.3811    27.4732    4.25910    185.311 0.0000e+00
    958.000     8.7546   3.770388     1.6813     0.0152 178.690749   49.07206  -16.26382 1.0000e-12    35.3810     8.6472    99.9216    947.671  488738080     0.6754     1.6803     4.7201     0.0061     0.0226     0.3151     0.0000     0.2255     8.6472    35.3809    27.4730    4.25052    184.938 0.0000e+00
    959.000     8.7332   3.768487     1.6808     0.0173 178.690759   49.07206  -16.26382 1.0000e-12    35.3825     8.6258    99.9081    948.661  488738081     0.7053     1.6802     4.7195     0.0061     0.0238     0.4638     0.0000     0.2256     8.6257    35.3818    27.4771    4.25876    185.297 0.0000e+00
    960.000     8.7193   3.767345     1.6811     0.0157 178.690768   49.07206  -16.26382 1.0000e-12    35.3841     8.6119    99.9080    949.663  488738082     0.6831     1.6801     4.7195     0.0061     0.0255     0.4394     0.0000     0.2255     8.6119    35.3831    27.4803    4.26702    185.657 0.0000e+00
    961.000     8.7247   3.767852     1.6814     0.0173 178.690799   49.07206  -16.26382 1.0000e-12    35.3832     8.6171    99.9214    950.652  488738085     0.7059     1.6795     4.7201     0.0061     0.0181     0.4501     0.0000     0.2255     8.6171    35.3826    27.4791    4.26414    185.531 0.0000e+00
    962.000     8.7217   3.767631     1.6804     0.0156 178.690838   49.07206  -16.26382 1.0000e-12    35.3834     8.6140    99.9273    951.629  488738088     0.6815     1.6794     4.7204     0.0061     0.0218     0.2861     0.0000     0.2253     8.6140    35.3828    27.4798    4.25482    185.126 0.0000e+00
    963.000     8.7175   3.767326     1.6799     0.0203 178.690854   49.07206  -16.26382 1.0000e-12    35.3839     8.6097    99.9281    952.617  488738089     0.7461     1.6788     4.7204     0.0061     0.0220     0.4997     0.0000     0.2254     8.6097    35.3833    27.4809    4.25873    185.296 0.0000e+00
    964.000     8.7165   3.767285     1.6798     0.0201 178.690872   49.07206  -16.26382 1.0000e-12    35.3839     8.6086    99.9274    953.603  488738091     0.7449     1.6782     4.7204     0.0061     0.0231     0.2209     0.0000     0.2252     8.6086    35.3834    27.4811    4.25865    185.292 0.0000e+00
    965.000     8.7157   3.767262     1.6798     0.0212 178.690894   49.07206  -16.26382 1.0000e-12    35.3839     8.6077    99.9274    954.591  488738093     0.7584     1.6780     4.7204     0.0061     0.0272     0.3348     0.0000     0.2253     8.6077    35.3835    27.4813    4.25917    185.315 0.0000e+00
    966.000     8.7117   3.766966     1.6797     0.0192 178.690919   49.07206  -16.26384 1.0000e-12    35.3843     8.6036    99.9402    955.576  488738095     0.7322     1.6778     4.7210     0.0061     0.0247     0.3926     0.0000     0.2253     8.6036    35.3839    27.4823    4.26034    185.366 0.0000e+00
    967.000     8.6973   3.765875     1.6795     0.0205 178.690948   49.07206  -16.26384 1.0000e-12    35.3869     8.5892    99.9370    956.563  488738098     0.7504     1.6777     4.7208     0.0061     0.0245     0.3544     0.0000     0.2250     8.5892    35.3862    27.4864    4.25907    185.311 0.0000e+00
    968.000     8.6919   3.765416     1.6784     0.0205 178.690973   49.07206  -16.26384 1.0000e-12    35.3870     8.5837    99.9271    957.546  488738100     0.7497     1.6775     4.7204     0.0061     0.0248     0.5174     0.0000     0.2247     8.5837    35.3864    27.4873    4.25594    185.175 0.0000e+00
    969.000     8.6761   3.764165     1.6785     0.0205 178.690987   49.07206  -16.26384 1.0000e-12    35.3894     8.5679    99.9411    958.537  488738101     0.7497     1.6773     4.7210     0.0061     0.0256     0.3145     0.0000     0.2247     8.5679    35.3885    27.4915    4.26101    185.396 0.0000e+00
    970.000     8.6731   3.763928     1.6781     0.0225 178.691002   49.07206  -16.26384 1.0000e-12    35.3893     8.5648    99.8037    959.530  488738102     0.7744     1.6764     4.7146     0.0061     0.0237     0.4276     0.0000     0.2247     8.5648    35.3885    27.4920    4.25664    185.205 0.0000e+00
    971.000     8.6713   3.763812     1.6773     0.0224 178.691028   49.07206  -16.26384 1.0000e-12    35.3893     8.5629    99.9364    960.509  488738104     0.7736     1.6762     4.7208     0.0061     0.0217     0.3020     0.0000     0.2247     8.5629    35.3886    27.4924    4.25841    185.283 0.0000e+00
    972.000     8.6719   3.763900     1.6775     0.0201 178.691053   49.07207  -16.26384 1.0000e-12    35.3890     8.5633    99.9472    961.501  488738107     0.7442     1.6754     4.7213     0.0061     0.0233     0.3017     0.0000     0.2247     8.5633    35.3885    27.4922    4.25890    185.304 0.0000e+00
    973.000     8.6574   3.762540     1.6770     0.0247 178.691090   49.07207  -16.26384 1.0000e-12    35.3888     8.5489    99.9439    962.479  488738110     0.7985     1.6755     4.7212     0.0061     0.0235     0.3981     0.0000     0.2248     8.5489    35.3881    27.4942    4.25683    185.214 0.0000e+00
    974.000     8.6500   3.761978     1.6761     0.0250 178.691108   49.07206  -16.26384 1.0000e-12    35.3898     8.5414    99.9615    963.465  488738111     0.8045     1.6751     4.7220     0.0061     0.0212     0.3349     0.0000     0.2247     8.5414    35.3891    27.4961    4.25998    185.352 0.0000e+00
    975.000     8.6515   3.762213     1.6771     0.0250 178.691120   49.07206  -16.26384 1.0000e-12    35.3902     8.5428    99.9564    964.459  488738112     0.8039     1.6751     4.7217     0.0061     0.0235     0.3636     0.0000     0.2249     8.5428    35.3896    27.4963    4.26457    185.551 0.0000e+00
    976.000     8.6522   3.762335     1.6767     0.0247 178.691132   49.07206  -16.26385 1.0000e-12    35.3902     8.5433    99.9366    965.455  488738113     0.8010     1.6742     4.7208     0.0061     0.0255     0.5342     0.0000     0.2253     8.5434    35.3898    27.4963    4.25811    185.270 0.0000e+00
    977.000     8.6527   3.762428     1.6765     0.0237 178.691161   49.07206  -16.26386 1.0000e-12    35.3901     8.5437    99.9273    966.431  488738116     0.7884     1.6747     4.7204     0.0061     0.0264     0.3285     0.0000     0.2253     8.5437    35.3898    27.4963    4.25997    185.351 0.0000e+00
    978.000     8.6527   3.762475     1.6761     0.0164 178.691188   49.07206  -16.26388 1.0000e-12    35.3901     8.5436    99.9280    967.420  488738118     0.6916     1.6743     4.7204     0.0061     0.0252     0.4045     0.0000     0.2253     8.5436    35.3899    27.4964    4.25882    185.301 0.0000e+00
    979.000     8.6501   3.762288     1.6761     0.0208 178.691209   49.07206  -16.26388 1.0000e-12    35.3902     8.5409    99.9375    968.403  488738120     0.7536     1.6742     4.7209     0.0061     0.0260     0.2022     0.0000     0.2253     8.5410    35.3900    27.4969    4.25918    185.317 0.0000e+00
    980.000     8.6470   3.761982     1.6754     0.0232 178.691228   49.07206  -16.26388 1.0000e-12    35.3897     8.5377    99.9276    969.395  488738122     0.7827     1.6740     4.7204     0.0061     0.0236     0.4291     0.0000     0.2248     8.5377    35.3894    27.4970    4.25443    185.110 0.0000e+00
    981.000     8.6319   3.760572     1.6749     0.0220 178.691251   49.07206  -16.26389 1.0000e-12    35.3897     8.5226    99.9449    970.378  488738124     0.7689     1.6736     4.7212     0.0061     0.0224     0.3389     0.0000     0.2247     8.5226    35.3891    27.4991    4.25876    185.299 0.0000e+00
    982.000     8.6284   3.760477     1.6749     0.0163 178.691271   49.07204  -16.26390 1.0000e-12    35.3917     8.5190    99.9567    971.360  488738125     0.6911     1.6728     4.7218     0.0061     0.0238     0.4374     0.0000     0.2249     8.5190    35.3912    27.5013    4.25995    185.351 0.0000e+00
    983.000     8.6097   3.758560     1.6748     0.0154 178.691290   49.07204  -16.26390 1.0000e-12    35.3900     8.5003    99.9404    972.358  488738127     0.6765     1.6728     4.7210     0.0061     0.0223     0.3694     0.0000     0.2251     8.5003    35.3891    27.5026    4.26096    185.395 0.0000e+00
    984.000     8.5743   3.754845     1.6747     0.0184 178.691316   49.07204  -16.26391 1.0000e-12    35.3862     8.4651    99.9390    973.335  488738129     0.7206     1.6728     4.7209     0.0061     0.0231     0.4195     0.0000     0.2252     8.4651    35.3847    27.5046    4.26762    185.687 0.0000e+00
    985.000     8.5584   3.753213     1.6749     0.0210 178.691333   49.07204  -16.26392 1.0000e-12    35.3845     8.4492    99.9409    974.332  488738131     0.7549     1.6725     4.7210     0.0061     0.0259     0.2524     0.0000     0.2253     8.4492    35.3828    27.5056    4.26911    185.753 0.0000e+00
    986.000     8.5469   3.752006     1.6751     0.0195 178.691364   49.07204  -16.26392 1.0000e-12    35.3825     8.4376    99.9329    975.312  488738133     0.7340     1.6728     4.7207     0.0061     0.0250     0.3567     0.0000     0.2253     8.4376    35.3811    27.5061    4.27165    185.864 0.0000e+00
    987.000     8.5397   3.751285     1.6749     0.0136 178.691390   49.07204  -16.26392 1.0000e-12    35.3814     8.4304    99.9411    976.292  488738136     0.6494     1.6730     4.7210     0.0061     0.0226     0.5267     0.0000     0.2248     8.4304    35.3801    27.5065    4.27180    185.871 0.0000e+00
    988.000     8.5379   3.751129     1.6749     0.0088 178.691402   49.07204  -16.26392 1.0000e-12    35.3810     8.4285    99.9272    977.287  488738137     0.5632     1.6733     4.7204     0.0061     0.0234     0.3739     0.0000     0.2250     8.4285    35.3798    27.5065    4.27283    185.915 0.0000e+00
