Data/ruptures/DY032/PAP/d20150628_DY032_CTD08.cnv
* Sea-Bird SBE 9 Data File:
* FileName = C:\CTD\DY032\20150628_DY032_CTD08.hdr
* Software Version Seasave V 7.23.2
* Temperature SN = 2112
* Conductivity SN = 3159
* Number of Bytes Per Scan = 35
* Number of Voltage Words = 4
* Number of Scans Averaged by the Deck Unit = 1
* NMEA Latitude = 49 00.76 N
* NMEA Longitude = 016 23.71 W
* NMEA UTC (Time) = Jun 28 2015 09:33:05
** Ship:
** Station:
** Operator:
# nquan = 28
# nvalues = 1011                        
# units = specified
# name 0 = prDM: Pressure, Digiquartz [db]
# name 1 = t090C: Temperature [ITS-90, deg C]
# name 2 = c0S/m: Conductivity [S/m]
# name 3 = sbeox0V: Oxygen raw, SBE 43 [V]
# name 4 = flC: Fluorescence, Chelsea Aqua 3 Chl Con [ug/l]
# name 5 = timeJ: Julian Days
# name 6 = latitude: Latitude [deg]
# name 7 = longitude: Longitude [deg]
# name 8 = par: PAR/Irradiance, Biospherical/Licor
# name 9 = sal00: Salinity, Practical [PSU]
# name 10 = potemp090C: Potential Temperature [ITS-90, deg C]
# name 11 = CStarTr0: Beam Transmission, WET Labs C-Star [%]
# name 12 = depSM: Depth [salt water, m]
# name 13 = timeQ: Time, NMEA [seconds]
# name 14 = v0: Voltage 0
# name 15 = v1: Voltage 1
# name 16 = v2: Voltage 2
# name 17 = v3: Voltage 3
# name 18 = v4: Voltage 4
# name 19 = v5: Voltage 5
# name 20 = v6: Voltage 6
# name 21 = v7: Voltage 7
# name 22 = potemp090C: Potential Temperature [ITS-90, deg C]
# name 23 = sal00: Salinity, Practical [PSU]
# name 24 = sigma-é00: Density [sigma-theta, kg/m^3]
# name 25 = sbeox0ML/L: Oxygen, SBE 43 [ml/l], WS = 2
# name 26 = sbeox0Mm/Kg: Oxygen, SBE 43 [umol/kg], WS = 2
# name 27 = flag: flag
# span 0 =      6.000,   1016.000       
# span 1 =     8.4959,    14.9187       
# span 2 =   3.744134,   4.342008       
# span 3 =     1.6624,     2.5414       
# span 4 =     0.0140,     1.4637       
# span 5 = 179.401141, 179.415606       
# span 6 =   49.01154,   49.01274       
# span 7 =  -16.39570,  -16.39520       
# span 8 = -7.021e-06, 1.5506e+02       
# span 9 =    35.3258,    35.6092       
# span 10 =     8.3836,    14.9171      
# span 11 =    90.0267,    99.9608      
# span 12 =      5.948,   1004.922      
# span 13 =  488799458,  488800708      
# span 14 =     0.6557,     2.3940      
# span 15 =     1.6607,     2.5415      
# span 16 =     4.2527,     4.7220      
# span 17 =     0.0061,     3.4898      
# span 18 =     0.0127,     0.2797      
# span 19 =    -0.0180,     0.7909      
# span 20 =     0.0000,     0.0000      
# span 21 =     0.0000,     0.0000      
# span 22 =     8.3835,    14.9171      
# span 23 =    35.3244,    35.6096      
# span 24 =    26.3978,    27.5257      
# span 25 =    4.24397,    5.72393      
# span 26 =    184.659,    248.877      
# span 27 = 0.0000e+00, 0.0000e+00      
# interval = decibars: 1                
# start_time = Jun 28 2015 09:37:14 [NMEA time, first data scan]
# bad_flag = -9.990e-29
*END*
[from data line 725]
    731.000    10.3120   3.915181     2.0917     0.0210 179.411523   49.01246  -16.39530 1.0000e-12    35.4475    10.2228    99.8513    723.519  488800355     0.7557     2.0930     4.7168     0.0061     0.0231     0.4595     0.0000     0.0000    10.2228    35.4470    27.2626    5.37919    233.982 0.0000e+00
    732.000    10.2887   3.912603     2.0906     0.0213 179.411531   49.01246  -16.39530 1.0000e-12    35.4441    10.1995    99.8556    724.514  488800356     0.7597     2.0928     4.7170     0.0061     0.0162     0.0458     0.0000     0.0000    10.1995    35.4431    27.2636    5.37577    233.835 0.0000e+00
    733.000    10.2833   3.912066     2.0888     0.0217 179.411540   49.01246  -16.39530 1.0000e-12    35.4435    10.1940    99.8626    725.501  488800357     0.7653     2.0919     4.7173     0.0061     0.0156     0.4301     0.0000     0.0000    10.1940    35.4425    27.2640    5.36899    233.540 0.0000e+00
    734.000    10.2733   3.910953     2.0867     0.0198 179.411550   49.01246  -16.39530 1.0000e-12    35.4417    10.1839    99.8731    726.493  488800358     0.7404     2.0909     4.7178     0.0061     0.0179     0.3983     0.0000     0.0000    10.1839    35.4405    27.2642    5.36198    233.236 0.0000e+00
    735.000    10.2565   3.909089     2.0838     0.0233 179.411562   49.01246  -16.39530 1.0000e-12    35.4389    10.1670    99.8728    727.476  488800359     0.7836     2.0890     4.7178     0.0061     0.0183     0.3247     0.0000     0.0000    10.1671    35.4375    27.2648    5.35204    232.804 0.0000e+00
    736.000    10.2431   3.907534     2.0806     0.0283 179.411575   49.01246  -16.39530 1.0000e-12    35.4359    10.1537    99.8757    728.460  488800360     0.8410     2.0865     4.7179     0.0061     0.0169     0.3492     0.0000     0.0000    10.1537    35.4343    27.2646    5.34649    232.564 0.0000e+00
    737.000    10.2278   3.905895     2.0785     0.0260 179.411586   49.01246  -16.39530 1.0000e-12    35.4339    10.1383    99.8721    729.445  488800361     0.8161     2.0840     4.7177     0.0061     0.0215     0.3975     0.0000     0.0000    10.1383    35.4321    27.2656    5.34314    232.419 0.0000e+00
    738.000    10.2225   3.905318     2.0762     0.0248 179.411596   49.01246  -16.39530 1.0000e-12    35.4327    10.1329    99.8716    730.438  488800362     0.8026     2.0812     4.7177     0.0061     0.0170     0.4590     0.0000     0.0000    10.1329    35.4309    27.2656    5.33627    232.121 0.0000e+00
    739.000    10.2127   3.904205     2.0747     0.0184 179.411605   49.01246  -16.39530 1.0000e-12    35.4305    10.1230    99.8757    731.427  488800362     0.7213     2.0792     4.7179     0.0061     0.0180     0.4837     0.0000     0.0000    10.1230    35.4287    27.2656    5.33456    232.047 0.0000e+00
    740.000    10.2052   3.903388     2.0728     0.0194 179.411614   49.01246  -16.39530 1.0000e-12    35.4291    10.1154    99.8757    732.421  488800363     0.7352     2.0775     4.7179     0.0061     0.0162     0.3754     0.0000     0.0000    10.1154    35.4273    27.2658    5.32502    231.632 0.0000e+00
    741.000    10.1874   3.901388     2.0696     0.0187 179.411625   49.01244  -16.39530 1.0000e-12    35.4259    10.0976    99.8757    733.406  488800364     0.7255     2.0752     4.7179     0.0061     0.0205     0.3816     0.0000     0.0000    10.0976    35.4238    27.2662    5.31227    231.078 0.0000e+00
    742.000    10.1764   3.900219     2.0658     0.0180 179.411638   49.01244  -16.39531 1.0000e-12    35.4243    10.0865    99.8757    734.389  488800365     0.7153     2.0727     4.7179     0.0061     0.0183     0.3225     0.0000     0.0000    10.0866    35.4222    27.2669    5.30404    230.722 0.0000e+00
    743.000    10.1716   3.899696     2.0624     0.0182 179.411651   49.01244  -16.39532 1.0000e-12    35.4230    10.0816    99.8797    735.378  488800366     0.7184     2.0695     4.7181     0.0061     0.0222     0.3352     0.0000     0.0000    10.0816    35.4211    27.2669    5.29554    230.352 0.0000e+00
    744.000    10.1619   3.898637     2.0597     0.0246 179.411663   49.01244  -16.39532 1.0000e-12    35.4213    10.0718    99.8778    736.367  488800367     0.7992     2.0657     4.7180     0.0061     0.0206     0.3481     0.0000     0.0000    10.0718    35.4194    27.2672    5.29197    230.197 0.0000e+00
    745.000    10.1547   3.897892     2.0575     0.0238 179.411675   49.01244  -16.39532 1.0000e-12    35.4201    10.0646    99.8869    737.354  488800368     0.7899     2.0626     4.7185     0.0061     0.0171     0.3478     0.0000     0.0000    10.0646    35.4183    27.2676    5.29269    230.229 0.0000e+00
    746.000    10.1506   3.897482     2.0568     0.0225 179.411686   49.01244  -16.39531 1.0000e-12    35.4194    10.0603    99.8892    738.340  488800369     0.7747     2.0597     4.7186     0.0061     0.0197     0.3777     0.0000     0.0000    10.0603    35.4178    27.2679    5.29506    230.333 0.0000e+00
    747.000    10.1483   3.897289     2.0560     0.0230 179.411697   49.01244  -16.39530 1.0000e-12    35.4191    10.0580    99.8989    739.326  488800370     0.7811     2.0577     4.7191     0.0061     0.0189     0.4334     0.0000     0.0000    10.0580    35.4175    27.2682    5.29346    230.263 0.0000e+00
    748.000    10.1468   3.897180     2.0553     0.0190 179.411706   49.01244  -16.39530 1.0000e-12    35.4188    10.0564    99.8887    740.316  488800371     0.7290     2.0562     4.7186     0.0061     0.0207     0.0049     0.0000     0.0000    10.0564    35.4174    27.2683    5.29433    230.301 0.0000e+00
    749.000    10.1446   3.896982     2.0552     0.0176 179.411714   49.01242  -16.39530 1.0000e-12    35.4185    10.0540    99.8772    741.309  488800372     0.7097     2.0559     4.7180     0.0061     0.0248     0.5109     0.0000     0.0000    10.0540    35.4172    27.2686    5.29879    230.495 0.0000e+00
    750.000    10.1404   3.896573     2.0556     0.0176 179.411723   49.01242  -16.39531 1.0000e-12    35.4180    10.0497    99.8811    742.299  488800373     0.7095     2.0550     4.7182     0.0061     0.0203     0.4562     0.0000     0.0000    10.0497    35.4166    27.2689    5.30416    230.729 0.0000e+00
    751.000    10.1351   3.896076     2.0559     0.0178 179.411733   49.01242  -16.39532 1.0000e-12    35.4176    10.0443    99.8589    743.290  488800374     0.7134     2.0544     4.7171     0.0061     0.0185     0.3509     0.0000     0.0000    10.0444    35.4163    27.2695    5.30851    230.918 0.0000e+00
    752.000    10.1356   3.896256     2.0573     0.0207 179.411748   49.01242  -16.39532 1.0000e-12    35.4182    10.0447    99.8755    744.271  488800375     0.7527     2.0543     4.7179     0.0061     0.0188     0.2497     0.0000     0.0000    10.0447    35.4171    27.2701    5.31039    231.000 0.0000e+00
    753.000    10.1334   3.896017     2.0565     0.0203 179.411764   49.01242  -16.39532 1.0000e-12    35.4174    10.0424    99.8837    745.252  488800376     0.7472     2.0551     4.7183     0.0061     0.0191     0.5869     0.0000     0.0000    10.0424    35.4164    27.2700    5.29968    230.534 0.0000e+00
    754.000    10.1197   3.894537     2.0554     0.0199 179.411776   49.01242  -16.39532 1.0000e-12    35.4155    10.0286    99.8795    746.238  488800377     0.7416     2.0562     4.7181     0.0061     0.0225     0.2494     0.0000     0.0000    10.0286    35.4143    27.2707    5.29823    230.472 0.0000e+00
    755.000    10.1072   3.893183     2.0545     0.0205 179.411785   49.01240  -16.39532 1.0000e-12    35.4136    10.0161    99.8757    747.233  488800378     0.7494     2.0561     4.7179     0.0061     0.0233     0.1892     0.0000     0.0000    10.0161    35.4122    27.2713    5.29251    230.223 0.0000e+00
    756.000    10.0995   3.892401     2.0528     0.0200 179.411794   49.01240  -16.39532 1.0000e-12    35.4127    10.0084    99.8757    748.225  488800379     0.7426     2.0551     4.7179     0.0061     0.0206     0.5071     0.0000     0.0000    10.0083    35.4113    27.2718    5.27997    229.679 0.0000e+00
    757.000    10.0944   3.891917     2.0499     0.0192 179.411803   49.01240  -16.39532 1.0000e-12    35.4124    10.0031    99.8757    749.212  488800380     0.7322     2.0545     4.7179     0.0061     0.0209     0.4131     0.0000     0.0000    10.0031    35.4110    27.2725    5.25622    228.645 0.0000e+00
    758.000    10.1021   3.893053     2.0437     0.0200 179.411813   49.01240  -16.39532 1.0000e-12    35.4156    10.0107    99.8792    750.200  488800380     0.7428     2.0535     4.7181     0.0061     0.0186     0.3940     0.0000     0.0000    10.0107    35.4145    27.2740    5.21087    226.672 0.0000e+00
    759.000    10.1079   3.893825     2.0345     0.0191 179.411825   49.01240  -16.39532 1.0000e-12    35.4171    10.0163    99.8907    751.186  488800381     0.7320     2.0513     4.7187     0.0061     0.0219     0.3611     0.0000     0.0000    10.0163    35.4163    27.2744    5.17364    225.052 0.0000e+00
    760.000    10.0982   3.892826     2.0261     0.0188 179.411836   49.01240  -16.39532 1.0000e-12    35.4160    10.0065    99.8958    752.175  488800382     0.7275     2.0470     4.7189     0.0061     0.0204     0.3769     0.0000     0.0000    10.0065    35.4151    27.2751    5.15871    224.403 0.0000e+00
    761.000    10.0864   3.891541     2.0196     0.0164 179.411848   49.01240  -16.39532 1.0000e-12    35.4142     9.9947    99.8985    753.164  488800383     0.6928     2.0383     4.7190     0.0061     0.0182     0.3339     0.0000     0.0000     9.9947    35.4131    27.2756    5.15259    224.137 0.0000e+00
    762.000    10.0799   3.890857     2.0145     0.0200 179.411861   49.01239  -16.39532 1.0000e-12    35.4131     9.9881    99.8910    754.147  488800385     0.7425     2.0281     4.7187     0.0061     0.0175     0.3211     0.0000     0.0000     9.9881    35.4120    27.2759    5.14629    223.864 0.0000e+00
    763.000    10.0783   3.890710     2.0108     0.0215 179.411873   49.01238  -16.39532 1.0000e-12    35.4127     9.9863    99.8756    755.135  488800386     0.7625     2.0205     4.7179     0.0061     0.0215     0.3615     0.0000     0.0000     9.9863    35.4117    27.2759    5.14000    223.590 0.0000e+00
    764.000    10.0757   3.890508     2.0079     0.0238 179.411884   49.01238  -16.39532 1.0000e-12    35.4126     9.9837    99.8783    756.121  488800387     0.7911     2.0157     4.7180     0.0061     0.0236     0.4332     0.0000     0.0000     9.9837    35.4116    27.2764    5.13077    223.189 0.0000e+00
    765.000    10.0721   3.890186     2.0051     0.0246 179.411893   49.01238  -16.39532 1.0000e-12    35.4124     9.9800    99.8894    757.108  488800387     0.7995     2.0123     4.7186     0.0061     0.0244     0.4550     0.0000     0.0000     9.9800    35.4114    27.2768    5.11959    222.703 0.0000e+00
    766.000    10.0684   3.889849     2.0022     0.0226 179.411902   49.01238  -16.39532 1.0000e-12    35.4121     9.9761    99.8844    758.103  488800388     0.7770     2.0100     4.7183     0.0061     0.0193     0.0088     0.0000     0.0000     9.9761    35.4112    27.2773    5.10971    222.273 0.0000e+00
    767.000    10.0639   3.889426     1.9995     0.0233 179.411910   49.01238  -16.39532 1.0000e-12    35.4118     9.9716    99.8799    759.094  488800389     0.7850     2.0076     4.7181     0.0061     0.0212     0.4424     0.0000     0.0000     9.9716    35.4108    27.2778    5.10871    222.230 0.0000e+00
    768.000    10.0505   3.888022     1.9979     0.0246 179.411921   49.01238  -16.39532 1.0000e-12    35.4102     9.9581    99.8832    760.086  488800390     0.8000     2.0045     4.7183     0.0061     0.0198     0.3278     0.0000     0.0000     9.9581    35.4091    27.2788    5.11704    222.593 0.0000e+00
    769.000    10.0454   3.887504     1.9976     0.0273 179.411938   49.01238  -16.39532 1.0000e-12    35.4094     9.9529    99.8909    761.063  488800391     0.8293     1.9993     4.7187     0.0061     0.0205     0.4429     0.0000     0.0000     9.9529    35.4083    27.2790    5.12384    222.889 0.0000e+00
    770.000    10.0454   3.887504     1.9978     0.0244 179.411953   49.01237  -16.39532 1.0000e-12    35.4089     9.9527    99.8943    762.044  488800393     0.7975     1.9967     4.7188     0.0061     0.0177     0.3442     0.0000     0.0000     9.9527    35.4079    27.2788    5.13380    223.322 0.0000e+00
    771.000    10.0252   3.885386     1.9992     0.0254 179.411964   49.01236  -16.39532 1.0000e-12    35.4069     9.9326    99.8837    763.034  488800393     0.8087     1.9970     4.7183     0.0061     0.0206     0.4558     0.0000     0.0000     9.9326    35.4055    27.2804    5.14707    223.900 0.0000e+00
    772.000    10.0174   3.884542     2.0007     0.0261 179.411972   49.01236  -16.39532 1.0000e-12    35.4055     9.9247    99.8802    764.025  488800394     0.8164     1.9964     4.7181     0.0061     0.0183    -0.0014     0.0000     0.0000     9.9247    35.4041    27.2806    5.15293    224.156 0.0000e+00
    773.000    10.0128   3.884088     2.0018     0.0217 179.411981   49.01236  -16.39532 1.0000e-12    35.4049     9.9200    99.8757    765.019  488800395     0.7648     1.9967     4.7179     0.0061     0.0184     0.5068     0.0000     0.0000     9.9200    35.4035    27.2810    5.15504    224.248 0.0000e+00
    774.000    10.0090   3.883702     2.0026     0.0185 179.411989   49.01236  -16.39532 1.0000e-12    35.4043     9.9160    99.8757    766.009  488800396     0.7228     1.9979     4.7179     0.0061     0.0213     0.4334     0.0000     0.0000     9.9160    35.4029    27.2811    5.15338    224.176 0.0000e+00
    775.000    10.0044   3.883281     2.0024     0.0190 179.412000   49.01236  -16.39532 1.0000e-12    35.4040     9.9113    99.8829    766.998  488800397     0.7287     1.9995     4.7183     0.0061     0.0190     0.3631     0.0000     0.0000     9.9113    35.4026    27.2817    5.14566    223.840 0.0000e+00
    776.000     9.9982   3.882834     2.0012     0.0233 179.412012   49.01236  -16.39533 1.0000e-12    35.4049     9.9051    99.8757    767.979  488800398     0.7845     2.0012     4.7179     0.0061     0.0211     0.3322     0.0000     0.0000     9.9051    35.4036    27.2836    5.13997    223.593 0.0000e+00
    777.000     9.9998   3.883150     2.0001     0.0186 179.412024   49.01236  -16.39533 1.0000e-12    35.4059     9.9065    99.8757    768.962  488800399     0.7247     2.0016     4.7179     0.0061     0.0228     0.3772     0.0000     0.0000     9.9066    35.4048    27.2843    5.13468    223.362 0.0000e+00
    778.000     9.9935   3.882529     1.9987     0.0168 179.412035   49.01236  -16.39533 1.0000e-12    35.4053     9.9001    99.8757    769.954  488800400     0.6989     2.0009     4.7179     0.0061     0.0274     0.4115     0.0000     0.0000     9.9001    35.4042    27.2849    5.13035    223.174 0.0000e+00
    779.000     9.9867   3.881874     1.9973     0.0206 179.412045   49.01236  -16.39534 1.0000e-12    35.4050     9.8932    99.8757    770.944  488800400     0.7514     2.0001     4.7179     0.0061     0.0220     0.4111     0.0000     0.0000     9.8932    35.4038    27.2857    5.12462    222.925 0.0000e+00
    780.000     9.9722   3.880351     1.9954     0.0199 179.412055   49.01235  -16.39534 1.0000e-12    35.4033     9.8787    99.8757    771.934  488800401     0.7412     1.9988     4.7179     0.0061     0.0230     0.3755     0.0000     0.0000     9.8787    35.4018    27.2867    5.11658    222.576 0.0000e+00
    781.000     9.9538   3.878402     1.9925     0.0202 179.412067   49.01234  -16.39534 1.0000e-12    35.4012     9.8603    99.8768    772.919  488800402     0.7456     1.9974     4.7180     0.0061     0.0181     0.3453     0.0000     0.0000     9.8603    35.3995    27.2880    5.10371    222.017 0.0000e+00
