Data/ruptures/DY032/PAP/d20150629_DY032_CTD10.cnv
* Sea-Bird SBE 9 Data File:
* FileName = C:\CTD\DY032\20150629_DY032_CTD10.hdr
* Software Version Seasave V 7.23.2
* Temperature SN = 2112
* Conductivity SN = 3159
* Number of Bytes Per Scan = 35
* Number of Voltage Words = 4
* Number of Scans Averaged by the Deck Unit = 1
* NMEA Latitude = 48 49.15 N
* NMEA Longitude = 016 31.24 W
* NMEA UTC (Time) = Jun 29 2015 15:22:28
** Ship:
** Station:
** Operator:
# nquan = 28
# nvalues = 497                         
# units = specified
# name 0 = prDM: Pressure, Digiquartz [db]
# name 1 = t090C: Temperature [ITS-90, deg C]
# name 2 = c0S/m: Conductivity [S/m]
# name 3 = sbeox0V: Oxygen raw, SBE 43 [V]
# name 4 = flC: Fluorescence, Chelsea Aqua 3 Chl Con [ug/l]
# name 5 = timeJ: Julian Days
# name 6 = latitude: Latitude [deg]
# name 7 = longitude: Longitude [deg]
# name 8 = par: PAR/Irradiance, Biospherical/Licor
# name 9 = sal00: Salinity, Practical [PSU]
# name 10 = potemp090C: Potential Temperature [ITS-90, deg C]
# name 11 = CStarTr0: Beam Transmission, WET Labs C-Star [%]
# name 12 = depSM: Depth [salt water, m]
# name 13 = timeQ: Time, NMEA [seconds]
# name 14 = v0: Voltage 0
# name 15 = v1: Voltage 1
# name 16 = v2: Voltage 2
# name 17 = v3: Voltage 3
# name 18 = v4: Voltage 4
# name 19 = v5: Voltage 5
# name 20 = v6: Voltage 6
# name 21 = v7: Voltage 7
# name 22 = potemp090C: Potential Temperature [ITS-90, deg C]
# name 23 = sal00: Salinity, Practical [PSU]
# name 24 = sigma-é00: Density [sigma-theta, kg/m^3]
# name 25 = sbeox0ML/L: Oxygen, SBE 43 [ml/l], WS = 2
# name 26 = sbeox0Mm/Kg: Oxygen, SBE 43 [umol/kg], WS = 2
# name 27 = flag: flag
# span 0 =      6.000,    502.000       
# span 1 =    10.7380,    15.1399       
# span 2 =   3.949211,   4.362656       
# span 3 =     2.1406,     2.5471       
# span 4 =     0.0170,     1.4385       
# span 5 = 180.644066, 180.654150       
# span 6 =   48.81887,   48.81930       
# span 7 =  -16.52069,  -16.52056       
# span 8 = -2.144e-06, 1.4001e+02       
# span 9 =    35.4722,    35.5485       
# span 10 =    10.6760,    15.1374      
# span 11 =    89.6507,    99.8564      
# span 12 =      5.932,    497.160      
# span 13 =  488906848,  488907719      
# span 14 =     0.7015,     2.3867      
# span 15 =     2.1396,     2.5474      
# span 16 =     4.2349,     4.7170      
# span 17 =     0.0061,     3.4445      
# span 18 =     0.0180,     0.3746      
# span 19 =    -0.0065,     0.6167      
# span 20 =     0.0000,     0.0000      
# span 21 =     0.0000,     0.0000      
# span 22 =    10.6760,    15.1374      
# span 23 =    35.4683,    35.5373      
# span 24 =    26.3377,    27.2080      
# span 25 =    5.34320,    5.75235      
# span 26 =    232.400,    250.136      
# span 27 = 0.0000e+00, 0.0000e+00      
# interval = decibars: 1                
# start_time = Jun 29 2015 15:27:18 [NMEA time, first data scan]
# bad_flag = -9.990e-29
*END*
[from data line 52]
     58.000    12.3588   4.088162     2.3924     0.0954 180.645810   48.81926  -16.52058 2.2972e-01    35.5010    12.3511    99.0137     57.505  488906998     1.2583     2.3952     4.6772     0.7473     0.0691     0.3047     0.0000     0.0000    12.3510    35.4955    26.9060    5.62437    244.589 0.0000e+00
     59.000    12.3393   4.086126     2.3884     0.0811 180.645854   48.81926  -16.52058 2.0428e-01    35.4975    12.3315    99.0983     58.489  488907002     1.1987     2.3923     4.6812     0.7070     0.0707     0.3722     0.0000     0.0000    12.3315    35.4937    26.9084    5.61112    244.013 0.0000e+00
     60.000    12.3218   4.084280     2.3872     0.0809 180.645874   48.81926  -16.52058 1.8972e-01    35.4954    12.3138    99.0827     59.485  488907004     1.1976     2.3894     4.6805     0.6814     0.0567     0.3679     0.0000     0.0000    12.3138    35.4919    26.9105    5.61611    244.231 0.0000e+00
     61.000    12.3045   4.082459     2.3860     0.0831 180.645902   48.81926  -16.52058 1.7970e-01    35.4930    12.2964    99.1347     60.473  488907006     1.2076     2.3872     4.6830     0.6630     0.0595     0.3418     0.0000     0.0000    12.2964    35.4902    26.9126    5.61164    244.038 0.0000e+00
     62.000    12.2862   4.081623     2.3840     0.0749 180.645927   48.81926  -16.52058 1.6872e-01    35.5015    12.2780    99.1291     61.467  488907008     1.1684     2.3863     4.6827     0.6417     0.0621     0.3131     0.0000     0.0000    12.2780    35.4990    26.9230    5.61034    243.980 0.0000e+00
     63.000    12.2739   4.080573     2.3828     0.0687 180.645963   48.81926  -16.52058 1.4186e-01    35.5019    12.2656    99.1048     62.458  488907011     1.1371     2.3839     4.6815     0.5845     0.0583     0.4315     0.0000     0.0000    12.2656    35.5000    26.9262    5.60596    243.789 0.0000e+00
     64.000    12.1773   4.069952     2.3718     0.0695 180.646004   48.81926  -16.52058 1.3000e-01    35.4914    12.1689    99.2046     63.446  488907015     1.1413     2.3820     4.6862     0.5575     0.0620     0.2892     0.0000     0.0000    12.1689    35.4879    26.9356    5.56649    242.077 0.0000e+00
     65.000    12.0533   4.055907     2.3625     0.0687 180.646026   48.81926  -16.52056 1.3554e-01    35.4739    12.0448    99.2204     64.434  488907017     1.1372     2.3748     4.6870     0.5707     0.0508     0.5266     0.0000     0.0000    12.0448    35.4683    26.9443    5.56074    241.833 0.0000e+00
     66.000    12.0437   4.055358     2.3583     0.0652 180.646039   48.81926  -16.52056 1.2322e-01    35.4767    12.0350    99.1910     65.430  488907018     1.1179     2.3685     4.6856     0.5409     0.0443     0.3438     0.0000     0.0000    12.0350    35.4717    26.9489    5.55445    241.559 0.0000e+00
     67.000    12.0454   4.055727     2.3561     0.0619 180.646053   48.81926  -16.52057 1.0878e-01    35.4774    12.0366    99.2627     66.429  488907019     1.0993     2.3632     4.6890     0.5031     0.0383     0.2726     0.0000     0.0000    12.0367    35.4731    26.9497    5.55926    241.768 0.0000e+00
     68.000    12.0422   4.055505     2.3539     0.0600 180.646106   48.81926  -16.52057 9.9303e-02    35.4764    12.0333    99.3295     67.414  488907024     1.0877     2.3582     4.6921     0.4768     0.0484     0.3252     0.0000     0.0000    12.0333    35.4736    26.9507    5.55169    241.439 0.0000e+00
     69.000    12.0161   4.052600     2.3493     0.0633 180.646141   48.81926  -16.52056 9.7781e-02    35.4722    12.0070    99.3275     68.404  488907027     1.1072     2.3568     4.6920     0.4723     0.0552     0.3668     0.0000     0.0000    12.0071    35.4696    26.9527    5.53431    240.684 0.0000e+00
     70.000    12.0198   4.053333     2.3471     0.0574 180.646154   48.81926  -16.52056 8.9923e-02    35.4750    12.0107    99.3475     69.403  488907028     1.0721     2.3533     4.6930     0.4488     0.0397     0.5778     0.0000     0.0000    12.0107    35.4728    26.9544    5.53641    240.775 0.0000e+00
     71.000    12.0373   4.055629     2.3487     0.0576 180.646191   48.81926  -16.52057 7.9275e-02    35.4792    12.0280    99.3664     70.387  488907031     1.0737     2.3484     4.6939     0.4146     0.0515     0.3535     0.0000     0.0000    12.0280    35.4781    26.9553    5.55019    241.373 0.0000e+00
     72.000    12.0982   4.064143     2.3551     0.0551 180.646228   48.81926  -16.52056 7.6850e-02    35.5020    12.0888    99.3824     71.375  488907034     1.0579     2.3488     4.6946     0.4065     0.0503     0.2578     0.0000     0.0000    12.0888    35.5029    26.9628    5.57023    242.239 0.0000e+00
     73.000    12.1109   4.065963     2.3579     0.0559 180.646245   48.81926  -16.52056 7.1944e-02    35.5072    12.1013    99.3715     72.369  488907036     1.0630     2.3513     4.6941     0.3893     0.0395     0.4885     0.0000     0.0000    12.1013    35.5082    26.9644    5.57270    242.345 0.0000e+00
     74.000    12.1096   4.066392     2.3612     0.0515 180.646264   48.81926  -16.52056 6.0900e-02    35.5123    12.0999    99.3387     73.365  488907038     1.0344     2.3563     4.6926     0.3481     0.0432     0.3373     0.0000     0.0000    12.0999    35.5131    26.9685    5.58089    242.700 0.0000e+00
     75.000    12.0988   4.065794     2.3616     0.0653 180.646320   48.81926  -16.52058 5.0698e-02    35.5170    12.0890    99.3961     74.346  488907042     1.1178     2.3630     4.6953     0.3072     0.0445     0.2887     0.0000     0.0000    12.0890    35.5171    26.9737    5.57320    242.365 0.0000e+00
     76.000    12.0659   4.062543     2.3592     0.0568 180.646340   48.81926  -16.52056 5.0277e-02    35.5170    12.0559    99.3751     75.344  488907044     1.0686     2.3615     4.6943     0.3052     0.0423     0.4059     0.0000     0.0000    12.0559    35.5163    26.9795    5.56714    242.103 0.0000e+00
     77.000    12.0511   4.061028     2.3567     0.0495 180.646364   48.81926  -16.52056 4.7404e-02    35.5160    12.0410    99.3533     76.334  488907046     1.0195     2.3600     4.6933     0.2927     0.0383     0.3369     0.0000     0.0000    12.0410    35.5151    26.9815    5.56455    241.991 0.0000e+00
     78.000    12.0417   4.060054     2.3545     0.0439 180.646391   48.81926  -16.52058 4.4751e-02    35.5149    12.0315    99.4490     77.326  488907048     0.9800     2.3567     4.6978     0.2807     0.0502     0.3898     0.0000     0.0000    12.0315    35.5141    26.9825    5.56030    241.806 0.0000e+00
     79.000    12.0382   4.059682     2.3519     0.0476 180.646424   48.81926  -16.52058 3.8060e-02    35.5140    12.0279    99.4170     78.316  488907051     1.0070     2.3541     4.6963     0.2493     0.0408     0.4170     0.0000     0.0000    12.0279    35.5133    26.9826    5.55453    241.555 0.0000e+00
     80.000    12.0218   4.057890     2.3490     0.0473 180.646454   48.81926  -16.52058 3.6124e-02    35.5118    12.0113    99.4270     79.307  488907054     1.0048     2.3518     4.6968     0.2397     0.0471     0.2837     0.0000     0.0000    12.0113    35.5110    26.9840    5.54643    241.204 0.0000e+00
     81.000    12.0136   4.057102     2.3471     0.0463 180.646483   48.81926  -16.52058 3.2799e-02    35.5115    12.0030    99.4436     80.298  488907056     0.9977     2.3488     4.6975     0.2226     0.0466     0.4564     0.0000     0.0000    12.0030    35.5107    26.9854    5.54609    241.189 0.0000e+00
     82.000    12.0011   4.055881     2.3468     0.0484 180.646506   48.81926  -16.52058 3.1254e-02    35.5111    11.9904    99.4826     81.288  488907058     1.0126     2.3473     4.6994     0.2147     0.0411     0.2263     0.0000     0.0000    11.9904    35.5102    26.9874    5.54789    241.268 0.0000e+00
     83.000    11.9935   4.055217     2.3450     0.0441 180.646527   48.81926  -16.52058 2.7036e-02    35.5113    11.9827    99.4759     82.284  488907060     0.9814     2.3468     4.6990     0.1915     0.0341     0.3611     0.0000     0.0000    11.9827    35.5104    26.9891    5.54156    240.993 0.0000e+00
     84.000    11.9934   4.055283     2.3439     0.0541 180.646568   48.81926  -16.52058 2.2385e-02    35.5113    11.9825    99.4460     83.270  488907064     1.0481     2.3446     4.6976     0.1651     0.0425     0.3961     0.0000     0.0000    11.9825    35.5108    26.9893    5.54258    241.037 0.0000e+00
     85.000    11.9807   4.054344     2.3436     0.0510 180.646599   48.81924  -16.52058 2.2877e-02    35.5139    11.9696    99.4998     84.261  488907066     1.0311     2.3436     4.7002     0.1679     0.0444     0.2987     0.0000     0.0000    11.9696    35.5133    26.9938    5.54354    241.079 0.0000e+00
     86.000    11.9730   4.053707     2.3429     0.0450 180.646616   48.81924  -16.52058 1.9395e-02    35.5146    11.9618    99.4702     85.252  488907068     0.9885     2.3437     4.6988     0.1468     0.0365     0.5319     0.0000     0.0000    11.9618    35.5139    26.9958    5.54070    240.955 0.0000e+00
     87.000    11.9719   4.053665     2.3423     0.0421 180.646632   48.81924  -16.52058 1.4732e-02    35.5148    11.9606    99.4915     86.250  488907069     0.9656     2.3435     4.6998     0.1169     0.0338     0.2610     0.0000     0.0000    11.9606    35.5141    26.9962    5.54126    240.980 0.0000e+00
     88.000    11.9738   4.053868     2.3421     0.0428 180.646670   48.81924  -16.52060 1.0480e-02    35.5143    11.9623    99.4805     87.235  488907073     0.9708     2.3426     4.6993     0.0879     0.0418     0.3603     0.0000     0.0000    11.9623    35.5139    26.9957    5.54092    240.965 0.0000e+00
     89.000    11.9692   4.053518     2.3399     0.0391 180.646705   48.81924  -16.52060 1.0267e-02    35.5148    11.9576    99.4758     88.226  488907076     0.9414     2.3426     4.6990     0.0865     0.0445     0.1997     0.0000     0.0000    11.9576    35.5144    26.9970    5.53090    240.529 0.0000e+00
     90.000    11.9661   4.053314     2.3386     0.0395 180.646722   48.81924  -16.52060 1.0272e-02    35.5153    11.9544    99.4896     89.216  488907077     0.9447     2.3411     4.6997     0.0863     0.0447     0.5112     0.0000     0.0000    11.9544    35.5149    26.9980    5.53231    240.590 0.0000e+00
     91.000    11.9644   4.053233     2.3378     0.0371 180.646739   48.81924  -16.52060 6.4815e-03    35.5156    11.9526    99.5014     90.215  488907078     0.9243     2.3392     4.7003     0.0588     0.0377     0.2473     0.0000     0.0000    11.9526    35.5153    26.9986    5.53015    240.496 0.0000e+00
     92.000    11.9638   4.053217     2.3380     0.0440 180.646786   48.81924  -16.52060 3.2137e-03    35.5155    11.9518    99.5267     91.198  488907083     0.9786     2.3388     4.7015     0.0332     0.0360     0.4363     0.0000     0.0000    11.9518    35.5152    26.9987    5.53444    240.683 0.0000e+00
     93.000    11.9545   4.052301     2.3371     0.0532 180.646817   48.81924  -16.52060 6.8382e-04    35.5151    11.9424    99.5158     92.187  488907085     1.0454     2.3388     4.7010     0.0121     0.0423     0.3600     0.0000     0.0000    11.9424    35.5147    27.0001    5.53143    240.552 0.0000e+00
     94.000    11.9433   4.051125     2.3372     0.0490 180.646827   48.81924  -16.52060 2.1427e-04    35.5141    11.9311    99.5320     93.188  488907086     1.0165     2.3385     4.7017     0.0080     0.0354     0.3604     0.0000     0.0000    11.9311    35.5134    27.0013    5.53897    240.881 0.0000e+00
     95.000    11.9369   4.050477     2.3378     0.0393 180.646856   48.81924  -16.52060 5.8787e-05    35.5133    11.9245    99.5378     94.179  488907089     0.9427     2.3378     4.7020     0.0067     0.0348     0.3137     0.0000     0.0000    11.9245    35.5127    27.0020    5.53937    240.898 0.0000e+00
     96.000    11.9228   4.049070     2.3373     0.0394 180.646902   48.81924  -16.52060 -2.144e-06    35.5126    11.9103    99.5448     95.161  488907093     0.9436     2.3382     4.7023     0.0061     0.0471     0.3645     0.0000     0.0000    11.9103    35.5119    27.0041    5.53953    240.906 0.0000e+00
     97.000    11.9176   4.048607     2.3371     0.0380 180.646921   48.81924  -16.52060 1.0000e-12    35.5126    11.9050    99.5496     96.156  488907094     0.9324     2.3373     4.7026     0.0061     0.0371     0.2999     0.0000     0.0000    11.9050    35.5119    27.0051    5.54066    240.955 0.0000e+00
     98.000    11.9123   4.048141     2.3371     0.0401 180.646940   48.81924  -16.52060 1.0000e-12    35.5127    11.8996    99.4928     97.149  488907096     0.9501     2.3370     4.6999     0.0061     0.0344     0.4394     0.0000     0.0000    11.8995    35.5120    27.0062    5.54200    241.014 0.0000e+00
     99.000    11.9038   4.047334     2.3367     0.0441 180.646976   48.81925  -16.52060 1.0000e-12    35.5124    11.8909    99.5540     98.138  488907099     0.9814     2.3370     4.7028     0.0061     0.0423     0.2795     0.0000     0.0000    11.8909    35.5117    27.0077    5.54017    240.934 0.0000e+00
    100.000    11.8948   4.046482     2.3346     0.0392 180.647013   48.81926  -16.52060 1.0000e-12    35.5122    11.8818    99.5565     99.126  488907102     0.9418     2.3369     4.7029     0.0061     0.0420     0.4401     0.0000     0.0000    11.8818    35.5116    27.0093    5.53455    240.690 0.0000e+00
    101.000    11.8868   4.045768     2.3338     0.0355 180.647028   48.81926  -16.52060 1.0000e-12    35.5124    11.8737    99.5680    100.126  488907103     0.9105     2.3357     4.7034     0.0061     0.0342     0.2542     0.0000     0.0000    11.8737    35.5117    27.0109    5.53185    240.573 0.0000e+00
    102.000    11.8755   4.044786     2.3308     0.0384 180.647051   48.81926  -16.52060 1.0000e-12    35.5132    11.8623    99.5063    101.111  488907105     0.9355     2.3340     4.7005     0.0061     0.0344     0.4464     0.0000     0.0000    11.8623    35.5124    27.0136    5.52375    240.220 0.0000e+00
    103.000    11.8823   4.045848     2.3289     0.0369 180.647076   48.81926  -16.52061 1.0000e-12    35.5163    11.8690    99.5744    102.102  488907108     0.9224     2.3311     4.7037     0.0061     0.0329     0.3929     0.0000     0.0000    11.8690    35.5159    27.0151    5.51823    239.980 0.0000e+00
    104.000    11.8916   4.047439     2.3267     0.0417 180.647142   48.81926  -16.52061 1.0000e-12    35.5223    11.8781    99.5701    103.103  488907113     0.9626     2.3295     4.7035     0.0061     0.0384     0.1949     0.0000     0.0000    11.8780    35.5222    27.0183    5.51110    239.668 0.0000e+00
    105.000    11.8972   4.048461     2.3238     0.0402 180.647232   48.81926  -16.52060 1.0000e-12    35.5263    11.8836    99.5794    104.091  488907121     0.9503     2.3268     4.7039     0.0061     0.0379     0.2075     0.0000     0.0000    11.8836    35.5264    27.0205    5.50138    239.245 0.0000e+00
    106.000    11.9005   4.048963     2.3216     0.0390 180.647283   48.81926  -16.52060 1.0000e-12    35.5276    11.8867    99.5773    105.076  488907125     0.9397     2.3234     4.7038     0.0061     0.0371     0.3366     0.0000     0.0000    11.8867    35.5277    27.0209    5.49708    239.058 0.0000e+00
    107.000    11.8826   4.047012     2.3199     0.0319 180.647324   48.81926  -16.52060 1.0000e-12    35.5256    11.8687    99.6034    106.068  488907129     0.8760     2.3216     4.7051     0.0061     0.0412     0.3625     0.0000     0.0000    11.8687    35.5252    27.0224    5.49658    239.037 0.0000e+00
    108.000    11.8793   4.046718     2.3196     0.0325 180.647359   48.81926  -16.52060 1.0000e-12    35.5254    11.8652    99.5986    107.057  488907132     0.8821     2.3196     4.7048     0.0061     0.0373     0.3836     0.0000     0.0000    11.8652    35.5251    27.0230    5.49958    239.167 0.0000e+00
