Data/ruptures/DY032/PAP/d20150630_DY032_CTD12.cnv
* Sea-Bird SBE 9 Data File:
* FileName = C:\CTD\DY032\20150629_DY032_CTD12.hdr
* Software Version Seasave V 7.23.2
* Temperature SN = 2112
* Conductivity SN = 3159
* Number of Bytes Per Scan = 35
* Number of Voltage Words = 4
* Number of Scans Averaged by the Deck Unit = 1
* NMEA Latitude = 49 04.43 N
* NMEA Longitude = 016 15.81 W
* NMEA UTC (Time) = Jun 30 2015 20:36:03
** Ship:
** Station:
** Operator:
# nquan = 28
# nvalues = 4078                        
# units = specified
# name 0 = prDM: Pressure, Digiquartz [db]
# name 1 = t090C: Temperature [ITS-90, deg C]
# name 2 = c0S/m: Conductivity [S/m]
# name 3 = sbeox0V: Oxygen raw, SBE 43 [V]
# name 4 = flC: Fluorescence, Chelsea Aqua 3 Chl Con [ug/l]
# name 5 = timeJ: Julian Days
# name 6 = latitude: Latitude [deg]
# name 7 = longitude: Longitude [deg]
# name 8 = par: PAR/Irradiance, Biospherical/Licor
# name 9 = sal00: Salinity, Practical [PSU]
# name 10 = potemp090C: Potential Temperature [ITS-90, deg C]
# name 11 = CStarTr0: Beam Transmission, WET Labs C-Star [%]
# name 12 = depSM: Depth [salt water, m]
# name 13 = timeQ: Time, NMEA [seconds]
# name 14 = v0: Voltage 0
# name 15 = v1: Voltage 1
# name 16 = v2: Voltage 2
# name 17 = v3: Voltage 3
# name 18 = v4: Voltage 4
# name 19 = v5: Voltage 5
# name 20 = v6: Voltage 6
# name 21 = v7: Voltage 7
# name 22 = potemp090C: Potential Temperature [ITS-90, deg C]
# name 23 = sal00: Salinity, Practical [PSU]
# name 24 = sigma-é00: Density [sigma-theta, kg/m^3]
# name 25 = sbeox0ML/L: Oxygen, SBE 43 [ml/l], WS = 2
# name 26 = sbeox0Mm/Kg: Oxygen, SBE 43 [umol/kg], WS = 2
# name 27 = flag: flag
# span 0 =      5.000,   4082.000       
# span 1 =     2.5556,    15.2975       
# span 2 =   3.277470,   4.374032       
# span 3 =     1.3087,     2.5682       
# span 4 =     0.0071,     1.3974       
# span 5 = 181.861377, 181.924959       
# span 6 =   49.07213,   49.07374       
# span 7 =  -16.26480,  -16.26352       
# span 8 = -1.009e-01, 1.4781e+01       
# span 9 =    34.9132,    35.4899       
# span 10 =     2.1962,    15.2966      
# span 11 =    88.5371,   100.0290      
# span 12 =      4.945,   4008.833      
# span 13 =  489012023,  489017517      
# span 14 =     0.5282,     2.3737      
# span 15 =     1.2832,     2.5681      
# span 16 =     4.1824,     4.7252      
# span 17 =     0.0043,     2.2556      
# span 18 =     0.0120,     0.4063      
# span 19 =    -0.0002,     0.7161      
# span 20 =     0.0000,     0.0000      
# span 21 =     0.1990,     3.9498      
# span 22 =     2.1962,    15.2966      
# span 23 =    34.9132,    35.4919      
# span 24 =    26.2740,    27.8865      
# span 25 =    4.23553,    6.00676      
# span 26 =    184.291,    261.237      
# span 27 = 0.0000e+00, 0.0000e+00      
# interval = decibars: 1                
# start_time = Jun 30 2015 20:40:05 [NMEA time, first data scan]
# bad_flag = -9.990e-29
*END*
[from data line 2745]
   2750.000     3.1658   3.292130     1.5760     0.0219 181.894819   49.07226  -16.26470 1.0000e-12    34.9428     2.9376    99.6938   2708.924  489014913     0.7673     1.5662     4.7094     0.0061     0.0155     0.0559     0.0000     0.2234     2.9376    34.9427    27.8452    5.67463    247.295 0.0000e+00
   2751.000     3.1638   3.292004     1.5762     0.0222 181.894827   49.07226  -16.26470 1.0000e-12    34.9431     2.9355    99.6947   2709.916  489014914     0.7719     1.5655     4.7094     0.0061     0.0159     0.0447     0.0000     0.2234     2.9355    34.9430    27.8456    5.66717    246.970 0.0000e+00
   2752.000     3.1627   3.291955     1.5755     0.0191 181.894835   49.07226  -16.26470 1.0000e-12    34.9432     2.9343    99.6947   2710.899  489014915     0.7312     1.5653     4.7094     0.0061     0.0180     0.0376     0.0000     0.2234     2.9343    34.9431    27.8457    5.65239    246.326 0.0000e+00
   2753.000     3.1616   3.291904     1.5752     0.0185 181.894842   49.07226  -16.26469 1.0000e-12    34.9433     2.9331    99.6947   2711.878  489014915     0.7228     1.5653     4.7094     0.0061     0.0182     0.0375     0.0000     0.2234     2.9331    34.9431    27.8459    5.65397    246.395 0.0000e+00
   2754.000     3.1616   3.291941     1.5743     0.0183 181.894849   49.07226  -16.26468 1.0000e-12    34.9433     2.9330    99.6947   2712.863  489014916     0.7211     1.5653     4.7094     0.0061     0.0164     0.0483     0.0000     0.2234     2.9330    34.9431    27.8459    5.66319    246.797 0.0000e+00
   2755.000     3.1616   3.291979     1.5749     0.0204 181.894856   49.07226  -16.26468 1.0000e-12    34.9433     2.9329    99.6947   2713.853  489014917     0.7483     1.5652     4.7094     0.0061     0.0154     0.0396     0.0000     0.2234     2.9329    34.9431    27.8459    5.67806    247.444 0.0000e+00
   2756.000     3.1616   3.292021     1.5747     0.0207 181.894867   49.07226  -16.26468 1.0000e-12    34.9433     2.9328    99.6947   2714.825  489014918     0.7523     1.5644     4.7094     0.0061     0.0181     0.0664     0.0000     0.2234     2.9329    34.9431    27.8460    5.66336    246.804 0.0000e+00
   2757.000     3.1616   3.292066     1.5740     0.0202 181.894885   49.07226  -16.26468 1.0000e-12    34.9433     2.9327    99.6947   2715.791  489014919     0.7452     1.5639     4.7094     0.0061     0.0183     0.0600     0.0000     0.2234     2.9328    34.9432    27.8460    5.66153    246.724 0.0000e+00
   2758.000     3.1617   3.292117     1.5738     0.0181 181.894899   49.07226  -16.26468 1.0000e-12    34.9434     2.9327    99.6947   2716.767  489014920     0.7173     1.5638     4.7094     0.0061     0.0208     0.0668     0.0000     0.2234     2.9327    34.9433    27.8461    5.66451    246.854 0.0000e+00
   2759.000     3.1611   3.292113     1.5736     0.0202 181.894908   49.07226  -16.26468 1.0000e-12    34.9435     2.9320    99.6947   2717.746  489014921     0.7458     1.5634     4.7094     0.0061     0.0231     0.0634     0.0000     0.2234     2.9320    34.9435    27.8463    5.66524    246.886 0.0000e+00
   2760.000     3.1606   3.292111     1.5736     0.0184 181.894916   49.07226  -16.26468 1.0000e-12    34.9436     2.9314    99.6947   2718.733  489014922     0.7214     1.5631     4.7094     0.0061     0.0208     0.0579     0.0000     0.2234     2.9314    34.9435    27.8464    5.67007    247.096 0.0000e+00
   2761.000     3.1603   3.292120     1.5737     0.0159 181.894924   49.07226  -16.26468 1.0000e-12    34.9435     2.9311    99.6932   2719.714  489014923     0.6853     1.5630     4.7093     0.0061     0.0184     0.0499     0.0000     0.2234     2.9311    34.9434    27.8463    5.67048    247.114 0.0000e+00
   2762.000     3.1599   3.292117     1.5736     0.0146 181.894933   49.07225  -16.26468 1.0000e-12    34.9434     2.9306    99.6947   2720.699  489014923     0.6665     1.5629     4.7094     0.0061     0.0162     0.0421     0.0000     0.2234     2.9306    34.9433    27.8463    5.66134    246.716 0.0000e+00
   2763.000     3.1598   3.292140     1.5729     0.0144 181.894947   49.07224  -16.26468 1.0000e-12    34.9434     2.9303    99.6947   2721.674  489014924     0.6617     1.5628     4.7094     0.0061     0.0180     0.0475     0.0000     0.2234     2.9303    34.9433    27.8463    5.65796    246.569 0.0000e+00
   2764.000     3.1598   3.292182     1.5721     0.0167 181.894965   49.07224  -16.26468 1.0000e-12    34.9435     2.9302    99.6947   2722.635  489014926     0.6979     1.5626     4.7094     0.0061     0.0187     0.0551     0.0000     0.2234     2.9302    34.9434    27.8464    5.64915    246.185 0.0000e+00
   2765.000     3.1597   3.292221     1.5716     0.0176 181.894976   49.07226  -16.26468 1.0000e-12    34.9435     2.9301    99.6947   2723.620  489014927     0.7102     1.5621     4.7094     0.0061     0.0202     0.0526     0.0000     0.2234     2.9301    34.9434    27.8464    5.65375    246.385 0.0000e+00
   2766.000     3.1576   3.292058     1.5714     0.0175 181.894984   49.07226  -16.26468 1.0000e-12    34.9435     2.9278    99.6947   2724.602  489014928     0.7089     1.5618     4.7094     0.0061     0.0183     0.0489     0.0000     0.2234     2.9279    34.9433    27.8466    5.65632    246.497 0.0000e+00
   2767.000     3.1556   3.291919     1.5713     0.0175 181.894992   49.07225  -16.26468 1.0000e-12    34.9434     2.9258    99.6947   2725.586  489014928     0.7093     1.5615     4.7094     0.0061     0.0193     0.0465     0.0000     0.2234     2.9258    34.9433    27.8467    5.65387    246.391 0.0000e+00
   2768.000     3.1534   3.291769     1.5708     0.0192 181.895000   49.07224  -16.26468 1.0000e-12    34.9435     2.9236    99.6947   2726.568  489014929     0.7324     1.5609     4.7094     0.0061     0.0208     0.0509     0.0000     0.2234     2.9236    34.9434    27.8470    5.64920    246.187 0.0000e+00
   2769.000     3.1513   3.291608     1.5707     0.0190 181.895011   49.07224  -16.26468 1.0000e-12    34.9435     2.9214    99.6947   2727.550  489014930     0.7307     1.5605     4.7094     0.0061     0.0186     0.0531     0.0000     0.2234     2.9214    34.9432    27.8471    5.66653    246.943 0.0000e+00
   2770.000     3.1503   3.291558     1.5707     0.0195 181.895026   49.07224  -16.26468 1.0000e-12    34.9435     2.9203    99.6947   2728.519  489014931     0.7370     1.5601     4.7094     0.0061     0.0184     0.0512     0.0000     0.2234     2.9203    34.9432    27.8472    5.65223    246.320 0.0000e+00
   2771.000     3.1506   3.291611     1.5701     0.0190 181.895041   49.07224  -16.26468 1.0000e-12    34.9434     2.9204    99.6937   2729.492  489014933     0.7297     1.5598     4.7094     0.0061     0.0209     0.0470     0.0000     0.2234     2.9205    34.9431    27.8471    5.65148    246.287 0.0000e+00
   2772.000     3.1477   3.291379     1.5694     0.0148 181.895052   49.07224  -16.26468 1.0000e-12    34.9432     2.9175    99.6947   2730.472  489014934     0.6689     1.5600     4.7094     0.0061     0.0208     0.0467     0.0000     0.2234     2.9176    34.9429    27.8472    5.64333    245.932 0.0000e+00
   2773.000     3.1473   3.291383     1.5692     0.0121 181.895062   49.07225  -16.26468 1.0000e-12    34.9432     2.9170    99.6934   2731.455  489014934     0.6248     1.5593     4.7093     0.0061     0.0183     0.0457     0.0000     0.2234     2.9170    34.9430    27.8473    5.65276    246.343 0.0000e+00
   2774.000     3.1461   3.291311     1.5690     0.0111 181.895071   49.07226  -16.26468 1.0000e-12    34.9432     2.9157    99.6947   2732.433  489014935     0.6075     1.5592     4.7094     0.0061     0.0182     0.0482     0.0000     0.2234     2.9157    34.9430    27.8474    5.65178    246.301 0.0000e+00
   2775.000     3.1463   3.291381     1.5689     0.0121 181.895080   49.07226  -16.26468 1.0000e-12    34.9434     2.9158    99.6947   2733.412  489014936     0.6241     1.5588     4.7094     0.0061     0.0207     0.0407     0.0000     0.2234     2.9158    34.9431    27.8475    5.65547    246.461 0.0000e+00
   2776.000     3.1436   3.291166     1.5689     0.0176 181.895088   49.07226  -16.26468 1.0000e-12    34.9433     2.9131    99.6947   2734.394  489014937     0.7097     1.5582     4.7094     0.0061     0.0208     0.0526     0.0000     0.2234     2.9130    34.9430    27.8476    5.65367    246.383 0.0000e+00
   2777.000     3.1403   3.290903     1.5686     0.0235 181.895098   49.07226  -16.26468 1.0000e-12    34.9431     2.9098    99.6947   2735.370  489014938     0.7866     1.5582     4.7094     0.0061     0.0165     0.0534     0.0000     0.2234     2.9098    34.9428    27.8478    5.65202    246.311 0.0000e+00
   2778.000     3.1381   3.290702     1.5683     0.0186 181.895109   49.07225  -16.26469 1.0000e-12    34.9426     2.9076    99.6947   2736.358  489014938     0.7244     1.5580     4.7094     0.0061     0.0164     0.0525     0.0000     0.2234     2.9075    34.9422    27.8476    5.64786    246.130 0.0000e+00
   2779.000     3.1374   3.290671     1.5679     0.0189 181.895124   49.07224  -16.26470 1.0000e-12    34.9425     2.9067    99.6947   2737.329  489014940     0.7278     1.5578     4.7094     0.0061     0.0175     0.0519     0.0000     0.2234     2.9067    34.9422    27.8476    5.65213    246.316 0.0000e+00
   2780.000     3.1375   3.290722     1.5677     0.0179 181.895141   49.07224  -16.26470 1.0000e-12    34.9425     2.9067    99.6947   2738.302  489014941     0.7145     1.5572     4.7094     0.0061     0.0193     0.0500     0.0000     0.2234     2.9067    34.9422    27.8476    5.65121    246.276 0.0000e+00
   2781.000     3.1363   3.290643     1.5672     0.0185 181.895153   49.07224  -16.26470 1.0000e-12    34.9424     2.9054    99.6936   2739.281  489014942     0.7219     1.5570     4.7093     0.0061     0.0241     0.0589     0.0000     0.2234     2.9054    34.9422    27.8477    5.64084    245.825 0.0000e+00
   2782.000     3.1334   3.290421     1.5666     0.0216 181.895164   49.07224  -16.26470 1.0000e-12    34.9424     2.9025    99.6947   2740.261  489014943     0.7632     1.5569     4.7094     0.0061     0.0158     0.0620     0.0000     0.2234     2.9025    34.9420    27.8479    5.64101    245.833 0.0000e+00
   2783.000     3.1329   3.290412     1.5665     0.0185 181.895173   49.07226  -16.26470 1.0000e-12    34.9424     2.9019    99.6947   2741.243  489014944     0.7233     1.5568     4.7094     0.0061     0.0174     0.0627     0.0000     0.2234     2.9019    34.9421    27.8480    5.65182    246.303 0.0000e+00
   2784.000     3.1320   3.290360     1.5665     0.0200 181.895182   49.07226  -16.26470 1.0000e-12    34.9422     2.9010    99.6947   2742.219  489014945     0.7434     1.5564     4.7094     0.0061     0.0238     0.0613     0.0000     0.2234     2.9010    34.9419    27.8479    5.65310    246.359 0.0000e+00
   2785.000     3.1320   3.290403     1.5665     0.0202 181.895192   49.07226  -16.26469 1.0000e-12    34.9423     2.9008    99.6947   2743.203  489014946     0.7459     1.5557     4.7094     0.0061     0.0255     0.0461     0.0000     0.2234     2.9008    34.9420    27.8480    5.65385    246.392 0.0000e+00
   2786.000     3.1315   3.290409     1.5665     0.0197 181.895202   49.07226  -16.26468 1.0000e-12    34.9424     2.9002    99.6947   2744.179  489014947     0.7397     1.5556     4.7094     0.0061     0.0220     0.0375     0.0000     0.2234     2.9002    34.9421    27.8481    5.65466    246.427 0.0000e+00
   2787.000     3.1305   3.290354     1.5665     0.0184 181.895212   49.07226  -16.26468 1.0000e-12    34.9423     2.8992    99.6922   2745.156  489014947     0.7215     1.5556     4.7093     0.0061     0.0178     0.0421     0.0000     0.2234     2.8992    34.9420    27.8482    5.65402    246.399 0.0000e+00
   2788.000     3.1304   3.290393     1.5663     0.0183 181.895222   49.07226  -16.26468 1.0000e-12    34.9424     2.8990    99.6948   2746.132  489014948     0.7194     1.5556     4.7094     0.0061     0.0214     0.0390     0.0000     0.2234     2.8990    34.9421    27.8483    5.64468    245.992 0.0000e+00
   2789.000     3.1306   3.290447     1.5658     0.0188 181.895231   49.07224  -16.26468 1.0000e-12    34.9423     2.8991    99.6947   2747.109  489014949     0.7266     1.5556     4.7094     0.0061     0.0182     0.0427     0.0000     0.2234     2.8991    34.9421    27.8483    5.64377    245.953 0.0000e+00
   2790.000     3.1306   3.290477     1.5656     0.0241 181.895240   49.07224  -16.26470 1.0000e-12    34.9422     2.8990    99.6947   2748.096  489014950     0.7941     1.5556     4.7094     0.0061     0.0182     0.0508     0.0000     0.2234     2.8990    34.9421    27.8482    5.65155    246.292 0.0000e+00
   2791.000     3.1307   3.290524     1.5657     0.0213 181.895248   49.07224  -16.26470 1.0000e-12    34.9423     2.8989    99.6947   2749.079  489014951     0.7606     1.5556     4.7094     0.0061     0.0195     0.0494     0.0000     0.2234     2.8989    34.9421    27.8482    5.64955    246.205 0.0000e+00
   2792.000     3.1305   3.290545     1.5654     0.0229 181.895261   49.07224  -16.26470 1.0000e-12    34.9423     2.8986    99.6935   2750.062  489014952     0.7796     1.5549     4.7093     0.0061     0.0204     0.0453     0.0000     0.2234     2.8986    34.9421    27.8483    5.65037    246.240 0.0000e+00
   2793.000     3.1301   3.290545     1.5652     0.0235 181.895288   49.07225  -16.26470 1.0000e-12    34.9421     2.8982    99.6944   2751.016  489014954     0.7859     1.5545     4.7094     0.0061     0.0192     0.0345     0.0000     0.2234     2.8982    34.9420    27.8482    5.64668    246.080 0.0000e+00
   2794.000     3.1303   3.290617     1.5644     0.0210 181.895301   49.07226  -16.26470 1.0000e-12    34.9423     2.8983    99.6947   2751.999  489014955     0.7558     1.5544     4.7094     0.0061     0.0169     0.0399     0.0000     0.2234     2.8983    34.9422    27.8484    5.63485    245.564 0.0000e+00
   2795.000     3.1303   3.290659     1.5641     0.0236 181.895310   49.07226  -16.26468 1.0000e-12    34.9424     2.8981    99.6947   2752.981  489014956     0.7886     1.5543     4.7094     0.0061     0.0173     0.0454     0.0000     0.2234     2.8981    34.9423    27.8485    5.63115    245.403 0.0000e+00
   2796.000     3.1301   3.290707     1.5630     0.0252 181.895318   49.07226  -16.26468 1.0000e-12    34.9427     2.8978    99.6947   2753.961  489014957     0.8067     1.5543     4.7094     0.0061     0.0154     0.0329     0.0000     0.2234     2.8978    34.9427    27.8488    5.63732    245.672 0.0000e+00
   2797.000     3.1296   3.290726     1.5638     0.0261 181.895326   49.07226  -16.26468 1.0000e-12    34.9430     2.8973    99.6947   2754.945  489014957     0.8174     1.5536     4.7094     0.0061     0.0149     0.0347     0.0000     0.2234     2.8973    34.9429    27.8490    5.66069    246.690 0.0000e+00
   2798.000     3.1298   3.290786     1.5641     0.0264 181.895333   49.07226  -16.26468 1.0000e-12    34.9431     2.8973    99.6947   2755.922  489014958     0.8198     1.5532     4.7094     0.0061     0.0231     0.0395     0.0000     0.2234     2.8973    34.9430    27.8491    5.65625    246.496 0.0000e+00
   2799.000     3.1302   3.290856     1.5639     0.0260 181.895341   49.07225  -16.26468 1.0000e-12    34.9430     2.8976    99.6947   2756.903  489014959     0.8166     1.5531     4.7094     0.0061     0.0188     0.0411     0.0000     0.2234     2.8976    34.9430    27.8490    5.64312    245.924 0.0000e+00
   2800.000     3.1309   3.290998     1.5636     0.0270 181.895350   49.07224  -16.26468 1.0000e-12    34.9434     2.8982    99.6933   2757.884  489014959     0.8265     1.5520     4.7093     0.0061     0.0182     0.0439     0.0000     0.2234     2.8982    34.9434    27.8493    5.64365    245.947 0.0000e+00
