Data/ruptures/DY032/PAP/d20150703_DY032_CTD16.cnv
* Sea-Bird SBE 9 Data File:
* FileName = C:\CTD\DY032\20150629_DY032_CTD16.hdr
* Software Version Seasave V 7.23.2
* Temperature SN = 2112
* Conductivity SN = 3159
* Number of Bytes Per Scan = 35
* Number of Voltage Words = 4
* Number of Scans Averaged by the Deck Unit = 1
* NMEA Latitude = 48 58.73 N
* NMEA Longitude = 016 30.80 W
* NMEA UTC (Time) = Jul 03 2015 07:39:55
** Ship:
** Station:
** Operator:
# nquan = 28
# nvalues = 1000                        
# units = specified
# name 0 = prDM: Pressure, Digiquartz [db]
# name 1 = t090C: Temperature [ITS-90, deg C]
# name 2 = c0S/m: Conductivity [S/m]
# name 3 = sbeox0V: Oxygen raw, SBE 43 [V]
# name 4 = flC: Fluorescence, Chelsea Aqua 3 Chl Con [ug/l]
# name 5 = timeJ: Julian Days
# name 6 = latitude: Latitude [deg]
# name 7 = longitude: Longitude [deg]
# name 8 = par: PAR/Irradiance, Biospherical/Licor
# name 9 = sal00: Salinity, Practical [PSU]
# name 10 = potemp090C: Potential Temperature [ITS-90, deg C]
# name 11 = CStarTr0: Beam Transmission, WET Labs C-Star [%]
# name 12 = depSM: Depth [salt water, m]
# name 13 = timeQ: Time, NMEA [seconds]
# name 14 = v0: Voltage 0
# name 15 = v1: Voltage 1
# name 16 = v2: Voltage 2
# name 17 = v3: Voltage 3
# name 18 = v4: Voltage 4
# name 19 = v5: Voltage 5
# name 20 = v6: Voltage 6
# name 21 = v7: Voltage 7
# name 22 = potemp090C: Potential Temperature [ITS-90, deg C]
# name 23 = sal00: Salinity, Practical [PSU]
# name 24 = sigma-é00: Density [sigma-theta, kg/m^3]
# name 25 = sbeox0ML/L: Oxygen, SBE 43 [ml/l], WS = 2
# name 26 = sbeox0Mm/Kg: Oxygen, SBE 43 [umol/kg], WS = 2
# name 27 = flag: flag
# span 0 =      6.000,   1005.000       
# span 1 =     8.7317,    15.3547       
# span 2 =   3.769042,   4.380262       
# span 3 =     1.6645,     2.5191       
# span 4 =     0.0090,     1.2887       
# span 5 = 184.322965, 184.344461       
# span 6 =   48.97823,   48.97886       
# span 7 =  -16.51340,  -16.51264       
# span 8 = 1.0000e-12, 4.4026e+01       
# span 9 =    35.3306,    35.5788       
# span 10 =     8.6189,    15.3536      
# span 11 =    90.6959,    99.9009      
# span 12 =      5.912,    994.102      
# span 13 =  489224705,  489226562      
# span 14 =     0.5667,     2.3392      
# span 15 =     1.6631,     2.5215      
# span 16 =     4.2843,     4.7192      
# span 17 =     0.0061,     2.9457      
# span 18 =     0.0134,     0.2776      
# span 19 =    -0.0467,     0.7549      
# span 20 =    -0.0003,     1.0267      
# span 21 =    -0.0032,     0.0472      
# span 22 =     8.6189,    15.3536      
# span 23 =    35.3295,    35.5789      
# span 24 =    26.2656,    27.4676      
# span 25 =    4.22436,    5.71063      
# span 26 =    183.802,    248.321      
# span 27 = 0.0000e+00, 0.0000e+00      
# interval = decibars: 1                
# start_time = Jul 03 2015 07:45:04 [NMEA time, first data scan]
# bad_flag = -9.990e-29
*END*
[from data line 725]
    731.000    10.4858   3.933207     2.1327     0.0175 184.339376   48.97870  -16.51328 1.0000e-12    35.4610    10.3956    99.8758    723.522  489226122     0.7083     2.1312     4.7179     0.0061     0.0195     0.4459     0.0052     0.0000    10.3957    35.4607    27.2429    5.50472    239.435 0.0000e+00
    732.000    10.4809   3.932724     2.1315     0.0171 184.339401   48.97870  -16.51328 1.0000e-12    35.4605    10.3907    99.8757    724.503  489226125     0.7039     2.1312     4.7179     0.0061     0.0153     0.3806     0.0035     0.0000    10.3907    35.4601    27.2433    5.50289    239.355 0.0000e+00
    733.000    10.4796   3.932601     2.1315     0.0192 184.339410   48.97870  -16.51328 1.0000e-12    35.4601    10.3892    99.8633    725.499  489226125     0.7323     2.1306     4.7173     0.0061     0.0219     0.4561     0.0012     0.0000    10.3892    35.4597    27.2432    5.50029    239.242 0.0000e+00
    734.000    10.4780   3.932478     2.1304     0.0182 184.339419   48.97870  -16.51328 1.0000e-12    35.4599    10.3876    99.8574    726.485  489226126     0.7185     2.1295     4.7171     0.0061     0.0235     0.0124     0.0042     0.0000    10.3876    35.4595    27.2434    5.49728    239.112 0.0000e+00
    735.000    10.4779   3.932511     2.1303     0.0186 184.339427   48.97870  -16.51328 1.0000e-12    35.4598    10.3873    99.8665    727.481  489226127     0.7240     2.1293     4.7175     0.0061     0.0218     0.5152     0.0027     0.0000    10.3873    35.4595    27.2434    5.50051    239.252 0.0000e+00
    736.000    10.4795   3.932735     2.1299     0.0196 184.339436   48.97870  -16.51328 1.0000e-12    35.4601    10.3887    99.8558    728.475  489226128     0.7386     2.1293     4.7170     0.0061     0.0213     0.3876     0.0017     0.0000    10.3888    35.4598    27.2434    5.49676    239.089 0.0000e+00
    737.000    10.4798   3.932815     2.1292     0.0214 184.339453   48.97869  -16.51327 1.0000e-12    35.4601    10.3889    99.8699    729.459  489226129     0.7606     2.1284     4.7176     0.0061     0.0211     0.3389     0.0061     0.0000    10.3889    35.4599    27.2435    5.49840    239.160 0.0000e+00
    738.000    10.4786   3.932721     2.1284     0.0170 184.339487   48.97868  -16.51326 1.0000e-12    35.4598    10.3876    99.8711    730.437  489226132     0.7024     2.1269     4.7177     0.0061     0.0197     0.3958     0.0053     0.0000    10.3876    35.4597    27.2435    5.49319    238.934 0.0000e+00
    739.000    10.4719   3.932027     2.1265     0.0190 184.339508   48.97868  -16.51326 1.0000e-12    35.4590    10.3808    99.8730    731.421  489226134     0.7301     2.1268     4.7178     0.0061     0.0250     0.3141     0.0012     0.0000    10.3808    35.4587    27.2440    5.48601    238.622 0.0000e+00
    740.000    10.4685   3.931695     2.1255     0.0216 184.339519   48.97868  -16.51326 1.0000e-12    35.4586    10.3773    99.8758    732.407  489226135     0.7627     2.1258     4.7179     0.0061     0.0248     0.4458    -0.0000     0.0000    10.3773    35.4582    27.2442    5.48246    238.467 0.0000e+00
    741.000    10.4600   3.930748     2.1243     0.0253 184.339528   48.97868  -16.51326 1.0000e-12    35.4570    10.3687    99.8728    733.401  489226136     0.8077     2.1252     4.7178     0.0061     0.0244     0.4907     0.0000     0.0000    10.3687    35.4565    27.2443    5.48333    238.506 0.0000e+00
    742.000    10.4495   3.929635     2.1243     0.0250 184.339536   48.97868  -16.51326 1.0000e-12    35.4557    10.3582    99.8709    734.398  489226136     0.8042     2.1244     4.7177     0.0061     0.0209     0.0059     0.0026     0.0000    10.3581    35.4550    27.2450    5.49369    238.957 0.0000e+00
    743.000    10.4466   3.929370     2.1250     0.0251 184.339545   48.97868  -16.51326 1.0000e-12    35.4554    10.3552    99.8756    735.388  489226137     0.8056     2.1237     4.7179     0.0061     0.0174     0.4559     0.0071     0.0000    10.3552    35.4546    27.2453    5.50023    239.242 0.0000e+00
    744.000    10.4492   3.929724     2.1256     0.0232 184.339567   48.97867  -16.51324 1.0000e-12    35.4558    10.3576    99.8751    736.378  489226139     0.7836     2.1228     4.7179     0.0061     0.0207     0.3374     0.0077     0.0000    10.3576    35.4553    27.2454    5.49621    239.067 0.0000e+00
    745.000    10.4485   3.929764     2.1248     0.0254 184.339605   48.97868  -16.51324 1.0000e-12    35.4563    10.3568    99.8734    737.347  489226142     0.8090     2.1242     4.7178     0.0061     0.0231     0.2556     0.0067     0.0000    10.3568    35.4559    27.2460    5.48655    238.646 0.0000e+00
    746.000    10.4388   3.928704     2.1239     0.0270 184.339614   48.97866  -16.51324 1.0000e-12    35.4547    10.3471    99.8743    738.341  489226143     0.8272     2.1243     4.7178     0.0061     0.0212     0.4202     0.0118     0.0000    10.3470    35.4541    27.2463    5.48470    238.567 0.0000e+00
    747.000    10.4326   3.928095     2.1227     0.0296 184.339623   48.97866  -16.51324 1.0000e-12    35.4543    10.3407    99.8757    739.334  489226144     0.8541     2.1236     4.7179     0.0061     0.0212     0.5178     0.0148     0.0000    10.3407    35.4536    27.2470    5.48137    238.422 0.0000e+00
    748.000    10.4334   3.928253     2.1218     0.0324 184.339631   48.97866  -16.51323 1.0000e-12    35.4546    10.3414    99.8757    740.329  489226144     0.8815     2.1228     4.7179     0.0061     0.0234     0.4428     0.0081     0.0000    10.3414    35.4540    27.2472    5.47872    238.307 0.0000e+00
    749.000    10.4285   3.927744     2.1201     0.0317 184.339643   48.97866  -16.51322 1.0000e-12    35.4538    10.3364    99.8730    741.314  489226145     0.8753     2.1217     4.7178     0.0061     0.0220     0.3319     0.0108     0.0000    10.3364    35.4531    27.2474    5.47044    237.946 0.0000e+00
    750.000    10.4286   3.927838     2.1179     0.0251 184.339663   48.97866  -16.51322 1.0000e-12    35.4541    10.3364    99.8569    742.302  489226147     0.8044     2.1193     4.7170     0.0061     0.0210     0.3374     0.0110     0.0000    10.3364    35.4536    27.2478    5.47038    237.944 0.0000e+00
    751.000    10.4230   3.927230     2.1165     0.0227 184.339711   48.97866  -16.51322 1.0000e-12    35.4529    10.3306    99.8794    743.272  489226151     0.7771     2.1151     4.7181     0.0061     0.0166     0.4213     0.0010     0.0000    10.3307    35.4524    27.2479    5.46167    237.565 0.0000e+00
    752.000    10.4165   3.926561     2.1144     0.0214 184.339720   48.97866  -16.51320 1.0000e-12    35.4521    10.3241    99.8731    744.266  489226152     0.7614     2.1159     4.7178     0.0061     0.0226     0.2156     0.0006     0.0000    10.3241    35.4515    27.2483    5.45692    237.359 0.0000e+00
    753.000    10.4182   3.926858     2.1135     0.0188 184.339728   48.97866  -16.51320 1.0000e-12    35.4530    10.3256    99.8757    745.250  489226153     0.7269     2.1155     4.7179     0.0061     0.0234     0.5128     0.0000     0.0000    10.3256    35.4524    27.2488    5.46004    237.495 0.0000e+00
    754.000    10.4126   3.926281     2.1132     0.0158 184.339736   48.97866  -16.51320 1.0000e-12    35.4522    10.3199    99.8741    746.256  489226153     0.6838     2.1146     4.7178     0.0061     0.0228     0.5478     0.0000     0.0000    10.3199    35.4516    27.2491    5.46488    237.706 0.0000e+00
    755.000    10.4046   3.925420     2.1133     0.0172 184.339744   48.97866  -16.51320 1.0000e-12    35.4510    10.3119    99.8712    747.235  489226154     0.7052     2.1128     4.7177     0.0061     0.0234     0.0213     0.0003     0.0000    10.3118    35.4502    27.2495    5.46767    237.827 0.0000e+00
    756.000    10.4037   3.925376     2.1132     0.0127 184.339754   48.97866  -16.51320 1.0000e-12    35.4508    10.3109    99.8683    748.241  489226155     0.6333     2.1116     4.7176     0.0061     0.0210     0.5648     0.0014     0.0000    10.3109    35.4501    27.2496    5.46877    237.875 0.0000e+00
    757.000    10.4067   3.925732     2.1132     0.0139 184.339790   48.97865  -16.51320 1.0000e-12    35.4508    10.3137    99.8745    749.212  489226158     0.6536     2.1111     4.7178     0.0061     0.0219     0.2608     0.0035     0.0000    10.3137    35.4504    27.2493    5.46692    237.795 0.0000e+00
    758.000    10.3984   3.924929     2.1120     0.0180 184.339817   48.97866  -16.51320 1.0000e-12    35.4504    10.3054    99.8681    750.194  489226160     0.7152     2.1111     4.7175     0.0061     0.0182     0.3154     0.0069     0.0000    10.3053    35.4499    27.2503    5.45987    237.488 0.0000e+00
    759.000    10.3947   3.924583     2.1108     0.0200 184.339828   48.97866  -16.51320 1.0000e-12    35.4501    10.3015    99.8589    751.182  489226161     0.7432     2.1111     4.7171     0.0061     0.0183     0.4014    -0.0000     0.0000    10.3015    35.4496    27.2508    5.45444    237.252 0.0000e+00
    760.000    10.3933   3.924461     2.1096     0.0216 184.339838   48.97866  -16.51320 1.0000e-12    35.4498    10.2999    99.8691    752.175  489226162     0.7635     2.1102     4.7176     0.0061     0.0242     0.4105     0.0008     0.0000    10.3000    35.4493    27.2508    5.45309    237.193 0.0000e+00
    761.000    10.3895   3.924120     2.1091     0.0206 184.339848   48.97866  -16.51320 1.0000e-12    35.4496    10.2960    99.8573    753.171  489226163     0.7514     2.1097     4.7170     0.0061     0.0223     0.0525     0.0010     0.0000    10.2961    35.4491    27.2513    5.45368    237.220 0.0000e+00
    762.000    10.3891   3.924125     2.1081     0.0196 184.339859   48.97866  -16.51320 1.0000e-12    35.4496    10.2955    99.8747    754.159  489226164     0.7380     2.1084     4.7179     0.0061     0.0162     0.5960     0.0007     0.0000    10.2955    35.4491    27.2514    5.45201    237.147 0.0000e+00
    763.000    10.3866   3.923905     2.1073     0.0235 184.339886   48.97864  -16.51320 1.0000e-12    35.4492    10.2930    99.8577    755.140  489226166     0.7820     2.1062     4.7171     0.0061     0.0217     0.2455     0.0000     0.0000    10.2930    35.4488    27.2516    5.45431    237.247 0.0000e+00
    764.000    10.3824   3.923536     2.1072     0.0264 184.339918   48.97866  -16.51320 1.0000e-12    35.4491    10.2886    99.8770    756.118  489226169     0.8201     2.1050     4.7180     0.0061     0.0191     0.5764     0.0000     0.0000    10.2886    35.4487    27.2524    5.45633    237.335 0.0000e+00
    765.000    10.3829   3.923655     2.1073     0.0209 184.339929   48.97866  -16.51320 1.0000e-12    35.4494    10.2890    99.8745    757.110  489226170     0.7550     2.1051     4.7178     0.0061     0.0215     0.0391     0.0000     0.0000    10.2890    35.4490    27.2525    5.46151    237.560 0.0000e+00
    766.000    10.3829   3.923703     2.1083     0.0179 184.339938   48.97866  -16.51320 1.0000e-12    35.4494    10.2888    99.8728    758.100  489226171     0.7142     2.1050     4.7178     0.0061     0.0212     0.4839     0.0000     0.0000    10.2888    35.4491    27.2526    5.47064    237.957 0.0000e+00
    767.000    10.3814   3.923563     2.1092     0.0207 184.339946   48.97866  -16.51320 1.0000e-12    35.4490    10.2872    99.8622    759.090  489226172     0.7516     2.1050     4.7173     0.0061     0.0210     0.5149     0.0000     0.0000    10.2872    35.4487    27.2526    5.47417    238.111 0.0000e+00
    768.000    10.3780   3.923238     2.1101     0.0269 184.339955   48.97865  -16.51320 1.0000e-12    35.4486    10.2837    99.8607    760.087  489226172     0.8254     2.1050     4.7172     0.0061     0.0213     0.4620     0.0000     0.0000    10.2837    35.4482    27.2529    5.47849    238.299 0.0000e+00
    769.000    10.3748   3.922935     2.1116     0.0242 184.339967   48.97864  -16.51320 1.0000e-12    35.4482    10.2805    99.8741    761.080  489226173     0.7945     2.1061     4.7178     0.0061     0.0223     0.2563     0.0000     0.0000    10.2805    35.4478    27.2531    5.48250    238.474 0.0000e+00
    770.000    10.3687   3.922306     2.1087     0.0178 184.340027   48.97866  -16.51318 1.0000e-12    35.4473    10.2743    99.8494    762.038  489226179     0.7132     2.1102     4.7167     0.0061     0.0176     0.4296     0.0000     0.0000    10.2743    35.4469    27.2535    5.44915    237.023 0.0000e+00
    771.000    10.3671   3.922169     2.1070     0.0200 184.340032   48.97866  -16.51318 1.0000e-12    35.4471    10.2725    99.8533    763.034  489226179     0.7437     2.1099     4.7169     0.0061     0.0180    -0.0075     0.0000     0.0000    10.2725    35.4467    27.2536    5.44562    236.870 0.0000e+00
    772.000    10.3663   3.922111     2.1055     0.0200 184.340039   48.97866  -16.51318 1.0000e-12    35.4468    10.2716    99.8745    764.027  489226180     0.7440     2.1095     4.7178     0.0061     0.0238     0.6447     0.0000     0.0000    10.2716    35.4464    27.2536    5.44266    236.741 0.0000e+00
    773.000    10.3628   3.921744     2.1043     0.0215 184.340046   48.97866  -16.51318 1.0000e-12    35.4461    10.2680    99.8585    765.030  489226180     0.7628     2.1078     4.7171     0.0061     0.0236     0.0032     0.0000     0.0000    10.2680    35.4457    27.2536    5.44080    236.660 0.0000e+00
    774.000    10.3586   3.921297     2.1029     0.0228 184.340054   48.97866  -16.51318 1.0000e-12    35.4452    10.2637    99.8651    766.020  489226181     0.7794     2.1063     4.7174     0.0061     0.0254     0.4210     0.0000     0.0000    10.2637    35.4447    27.2536    5.44075    236.659 0.0000e+00
    775.000    10.3546   3.920885     2.1019     0.0219 184.340067   48.97866  -16.51318 1.0000e-12    35.4446    10.2596    99.8589    766.999  489226182     0.7675     2.1036     4.7171     0.0061     0.0237     0.4976     0.0000     0.0000    10.2596    35.4441    27.2538    5.44538    236.860 0.0000e+00
    776.000    10.3493   3.920350     2.1011     0.0172 184.340094   48.97864  -16.51318 1.0000e-12    35.4439    10.2542    99.8730    767.984  489226184     0.7045     2.1003     4.7178     0.0061     0.0215     0.4553     0.0000     0.0000    10.2542    35.4433    27.2542    5.44458    236.826 0.0000e+00
    777.000    10.3467   3.920100     2.0982     0.0192 184.340143   48.97866  -16.51317 1.0000e-12    35.4434    10.2514    99.8769    768.953  489226189     0.7329     2.1001     4.7180     0.0061     0.0173     0.3417     0.0000     0.0000    10.2514    35.4429    27.2543    5.42789    236.100 0.0000e+00
    778.000    10.3429   3.919716     2.0975     0.0180 184.340150   48.97866  -16.51316 1.0000e-12    35.4427    10.2476    99.8757    769.945  489226189     0.7161     2.0996     4.7179     0.0061     0.0172     0.0005     0.0000     0.0000    10.2476    35.4422    27.2545    5.43286    236.316 0.0000e+00
    779.000    10.3411   3.919566     2.0972     0.0178 184.340157   48.97866  -16.51316 1.0000e-12    35.4425    10.2457    99.8757    770.936  489226190     0.7136     2.0983     4.7179     0.0061     0.0212     0.6115     0.0000     0.0000    10.2457    35.4420    27.2546    5.43691    236.492 0.0000e+00
    780.000    10.3389   3.919365     2.0974     0.0169 184.340163   48.97866  -16.51316 1.0000e-12    35.4423    10.2433    99.8757    771.922  489226190     0.6999     2.0971     4.7179     0.0061     0.0233     0.1577     0.0000     0.0000    10.2433    35.4417    27.2548    5.44025    236.638 0.0000e+00
    781.000    10.3372   3.919240     2.0975     0.0166 184.340169   48.97866  -16.51316 1.0000e-12    35.4421    10.2416    99.8713    772.931  489226191     0.6963     2.0963     4.7177     0.0061     0.0220     0.5835     0.0003     0.0000    10.2416    35.4416    27.2550    5.44284    236.751 0.0000e+00
