Data/ruptures/DY032/PAP/d20150702_DY032_CTD14.cnv
* Sea-Bird SBE 9 Data File:
* FileName = C:\CTD\DY032\20150629_DY032_CTD14.hdr
* Software Version Seasave V 7.23.2
* Temperature SN = 2112
* Conductivity SN = 3159
* Number of Bytes Per Scan = 35
* Number of Voltage Words = 4
* Number of Scans Averaged by the Deck Unit = 1
* NMEA Latitude = 48 40.94 N
* NMEA Longitude = 017 03.54 W
* NMEA UTC (Time) = Jul 02 2015 14:59:17
** Ship:
** Station:
** Operator:
# nquan = 28
# nvalues = 1003                        
# units = specified
# name 0 = prDM: Pressure, Digiquartz [db]
# name 1 = t090C: Temperature [ITS-90, deg C]
# name 2 = c0S/m: Conductivity [S/m]
# name 3 = sbeox0V: Oxygen raw, SBE 43 [V]
# name 4 = flC: Fluorescence, Chelsea Aqua 3 Chl Con [ug/l]
# name 5 = timeJ: Julian Days
# name 6 = latitude: Latitude [deg]
# name 7 = longitude: Longitude [deg]
# name 8 = par: PAR/Irradiance, Biospherical/Licor
# name 9 = sal00: Salinity, Practical [PSU]
# name 10 = potemp090C: Potential Temperature [ITS-90, deg C]
# name 11 = CStarTr0: Beam Transmission, WET Labs C-Star [%]
# name 12 = depSM: Depth [salt water, m]
# name 13 = timeQ: Time, NMEA [seconds]
# name 14 = v0: Voltage 0
# name 15 = v1: Voltage 1
# name 16 = v2: Voltage 2
# name 17 = v3: Voltage 3
# name 18 = v4: Voltage 4
# name 19 = v5: Voltage 5
# name 20 = v6: Voltage 6
# name 21 = v7: Voltage 7
# name 22 = potemp090C: Potential Temperature [ITS-90, deg C]
# name 23 = sal00: Salinity, Practical [PSU]
# name 24 = sigma-é00: Density [sigma-theta, kg/m^3]
# name 25 = sbeox0ML/L: Oxygen, SBE 43 [ml/l], WS = 2
# name 26 = sbeox0Mm/Kg: Oxygen, SBE 43 [umol/kg], WS = 2
# name 27 = flag: flag
# span 0 =      5.000,   1007.000       
# span 1 =     7.5685,    15.5127       
# span 2 =   3.642600,   4.395634       
# span 3 =     1.6874,     2.5709       
# span 4 =     0.0110,     1.8512       
# span 5 = 183.627080, 183.645720       
# span 6 =   48.68228,   48.68231       
# span 7 =  -17.05901,  -17.05894       
# span 8 = 1.0000e-12, 2.3862e+02       
# span 9 =    35.1849,    35.5927       
# span 10 =     7.4675,    15.5111      
# span 11 =    88.5326,    99.9523      
# span 12 =      4.921,    996.084      
# span 13 =  489164580,  489166190      
# span 14 =     0.6045,     2.4943      
# span 15 =     1.6851,     2.5720      
# span 16 =     4.1822,     4.7216      
# span 17 =     0.0061,     3.6837      
# span 18 =     0.0138,     0.2832      
# span 19 =    -0.0175,     0.7772      
# span 20 =     0.1917,     0.2221      
# span 21 =     0.1240,     0.6735      
# span 22 =     7.4675,    15.5111      
# span 23 =    35.1828,    35.5955      
# span 24 =    26.2265,    27.5499      
# span 25 =    4.29309,    5.75761      
# span 26 =    186.811,    250.349      
# span 27 = 0.0000e+00, 0.0000e+00      
# interval = decibars: 1                
# start_time = Jul 02 2015 15:03:00 [NMEA time, first data scan]
# bad_flag = -9.990e-29
*END*
      5.000    15.5104   4.395118     2.5674     0.9506 183.627080   48.68230  -17.05896 2.3862e+02    35.4773    15.5096    88.9164      4.921  489164580     2.2090     2.5714     4.2003     3.6837     0.1664     0.5419     0.1941     0.1657    15.5097    35.4773    26.2265    5.71374    248.440 0.0000e+00
      6.000    15.5064   4.394749     2.5687     0.9102 183.627094   48.68230  -17.05896 1.8646e+02    35.4773    15.5055    89.0445      5.941  489164581     2.1902     2.5714     4.2063     3.5699     0.1568     0.4594     0.1923     0.1805    15.5054    35.4772    26.2273    5.72454    248.910 0.0000e+00
      7.000    15.5057   4.394748     2.5709     0.9457 183.627121   48.68230  -17.05896 1.4948e+02    35.4775    15.5046    89.2163      6.952  489164583     2.2064     2.5694     4.2144     3.4732     0.1771     0.4287     0.1917     0.1642    15.5046    35.4774    26.2276    5.73212    249.239 0.0000e+00
      8.000    15.5081   4.395058     2.5700     0.9957 183.627452   48.68230  -17.05896 1.3416e+02    35.4776    15.5069    89.2484      7.936  489164611     2.2283     2.5699     4.2159     3.4272     0.1607     0.3487     0.1930     0.1397    15.5069    35.4776    26.2273    5.72783    249.052 0.0000e+00
      9.000    15.5111   4.395415     2.5703     0.9796 183.627538   48.68230  -17.05896 1.1457e+02    35.4776    15.5097    89.4374      8.924  489164619     2.2216     2.5698     4.2248     3.3590     0.1638     0.3823     0.1938     0.1643    15.5097    35.4777    26.2267    5.72406    248.889 0.0000e+00
     10.000    15.5127   4.395634     2.5683     0.9688 183.627574   48.68230  -17.05896 1.0152e+02    35.4778    15.5111    89.3737      9.914  489164622     2.2167     2.5697     4.2218     3.3069     0.1680     0.3448     0.1940     0.1708    15.5111    35.4779    26.2266    5.72267    248.828 0.0000e+00
     11.000    15.5115   4.395554     2.5688     0.9643 183.627609   48.68230  -17.05896 8.6627e+01    35.4778    15.5098    89.2819     10.908  489164625     2.2149     2.5686     4.2175     3.2371     0.1596     0.3182     0.1945     0.1602    15.5098    35.4778    26.2268    5.72399    248.886 0.0000e+00
     12.000    15.5091   4.395358     2.5672     1.0206 183.627656   48.68230  -17.05896 7.9681e+01    35.4778    15.5073    89.3351     11.889  489164629     2.2393     2.5697     4.2200     3.2014     0.1772     0.3820     0.1950     0.1364    15.5073    35.4778    26.2273    5.71972    248.700 0.0000e+00
     13.000    15.5042   4.394893     2.5680     1.0396 183.627669   48.68230  -17.05896 6.3561e+01    35.4778    15.5022    89.3232     12.895  489164630     2.2469     2.5681     4.2195     3.1020     0.1759     0.4350     0.1948     0.1240    15.5022    35.4776    26.2283    5.72637    248.989 0.0000e+00
     14.000    15.5053   4.395040     2.5691     1.0888 183.627713   48.68230  -17.05896 5.6672e+01    35.4776    15.5032    89.3060     13.880  489164634     2.2666     2.5679     4.2187     3.0540     0.1605     0.3277     0.1949     0.1668    15.5032    35.4775    26.2281    5.72806    249.063 0.0000e+00
     15.000    15.5058   4.395131     2.5689     1.1832 183.627745   48.68230  -17.05896 4.8745e+01    35.4775    15.5035    89.2839     14.874  489164637     2.3024     2.5689     4.2176     2.9880     0.1783     0.3279     0.1948     0.1676    15.5035    35.4775    26.2280    5.72628    248.985 0.0000e+00
     16.000    15.5023   4.394797     2.5670     1.1041 183.627779   48.68230  -17.05896 4.4628e+01    35.4774    15.4998    89.3367     15.858  489164640     2.2727     2.5689     4.2201     2.9499     0.1715     0.4442     0.1950     0.1819    15.4998    35.4772    26.2286    5.72348    248.864 0.0000e+00
     17.000    15.4741   4.391891     2.5685     1.1365 183.627799   48.68230  -17.05896 3.6617e+01    35.4768    15.4715    89.2735     16.860  489164641     2.2852     2.5677     4.2171     2.8624     0.1770     0.4140     0.1952     0.1928    15.4715    35.4760    26.2340    5.73425    249.332 0.0000e+00
     18.000    15.4486   4.389245     2.5678     1.1211 183.627855   48.68230  -17.05896 3.4225e+01    35.4756    15.4458    89.1809     17.839  489164646     2.2794     2.5697     4.2128     2.8349     0.1813     0.2210     0.1953     0.1766    15.4458    35.4747    26.2388    5.73388    249.316 0.0000e+00
     19.000    15.4364   4.388016     2.5691     1.2315 183.627866   48.68230  -17.05896 2.8551e+01    35.4754    15.4334    89.1432     18.839  489164647     2.3197     2.5686     4.2110     2.7557     0.1845     0.3353     0.1958     0.1802    15.4334    35.4742    26.2412    5.74389    249.752 0.0000e+00
     20.000    15.4249   4.386832     2.5700     1.2487 183.627889   48.68230  -17.05896 2.4130e+01    35.4746    15.4218    89.0391     19.835  489164649     2.3258     2.5688     4.2061     2.6829     0.1984     0.5558     0.1961     0.1999    15.4218    35.4735    26.2433    5.74898    249.973 0.0000e+00
     21.000    15.3966   4.383903     2.5688     1.2799 183.627932   48.68230  -17.05896 2.2825e+01    35.4736    15.3933    88.8704     20.816  489164653     2.3365     2.5715     4.1981     2.6590     0.1771     0.3478     0.1968     0.2294    15.3933    35.4721    26.2486    5.74951    249.997 0.0000e+00
     22.000    15.3860   4.382853     2.5704     1.2456 183.627944   48.68230  -17.05896 1.8715e+01    35.4733    15.3826    88.8172     21.824  489164654     2.3248     2.5685     4.1956     2.5717     0.1826     0.2661     0.1969     0.2032    15.3826    35.4718    26.2508    5.75761    250.349 0.0000e+00
     23.000    15.3802   4.382264     2.5692     1.3347 183.627989   48.68230  -17.05896 1.6616e+01    35.4724    15.3766    88.8137     22.796  489164658     2.3541     2.5720     4.1954     2.5223     0.2206     0.4422     0.1969     0.1668    15.3766    35.4713    26.2517    5.74329    249.726 0.0000e+00
     24.000    15.3355   4.377644     2.5673     1.2881 183.628004   48.68230  -17.05896 1.4860e+01    35.4714    15.3318    88.5326     23.798  489164659     2.3392     2.5712     4.1822     2.4733     0.2146     0.3532     0.1966     0.1790    15.3318    35.4694    26.2603    5.75033    250.033 0.0000e+00
     25.000    15.3091   4.375117     2.5681     1.3820 183.628021   48.68230  -17.05896 1.2469e+01    35.4722    15.3053    88.6070     24.793  489164661     2.3692     2.5686     4.1856     2.3961     0.2452     0.4482     0.1976     0.1769    15.3052    35.4700    26.2666    5.75526    250.247 0.0000e+00
     26.000    15.2968   4.373949     2.5643     1.4942 183.628056   48.68230  -17.05896 1.0571e+01    35.4718    15.2928    89.2880     25.775  489164664     2.4023     2.5679     4.2178     2.3266     0.2500     0.2519     0.1977     0.1612    15.2928    35.4701    26.2695    5.74040    249.601 0.0000e+00
     27.000    15.2582   4.370184     2.5593     1.8512 183.628079   48.68230  -17.05896 9.4248e+00    35.4726    15.2541    89.5190     26.770  489164666     2.4943     2.5649     4.2287     2.2765     0.2762     0.4319     0.1978     0.1527    15.2541    35.4704    26.2784    5.72817    249.069 0.0000e+00
     28.000    15.2306   4.367325     2.5550     1.5571 183.628098   48.68230  -17.05896 8.1033e+00    35.4714    15.2263    89.7589     27.760  489164667     2.4209     2.5619     4.2400     2.2112     0.1559     0.4745     0.1978     0.1694    15.2263    35.4690    26.2836    5.71831    248.641 0.0000e+00
     29.000    15.1760   4.361486     2.5489     1.6549 183.628116   48.68230  -17.05896 6.7775e+00    35.4682    15.1716    89.9881     28.755  489164669     2.4463     2.5575     4.2509     2.1338     0.2579     0.2442     0.1978     0.1520    15.1716    35.4649    26.2925    5.70698    248.150 0.0000e+00
     30.000    15.1463   4.358321     2.5431     1.4127 183.628140   48.68230  -17.05896 5.7168e+00    35.4657    15.1418    90.6608     29.747  489164671     2.3774     2.5505     4.2826     2.0602     0.2137     0.3519     0.1980     0.1580    15.1418    35.4627    26.2974    5.69787    247.754 0.0000e+00
     31.000    15.1048   4.353824     2.5307     1.3532 183.628175   48.68230  -17.05896 5.3194e+00    35.4619    15.1001    91.4735     30.728  489164674     2.3595     2.5416     4.3211     2.0302     0.2477     0.3771     0.1984     0.1981    15.1001    35.4589    26.3038    5.65404    245.850 0.0000e+00
     32.000    15.0636   4.349503     2.5224     1.3583 183.628189   48.68230  -17.05896 4.6903e+00    35.4599    15.0588    92.2113     31.724  489164675     2.3619     2.5378     4.3559     1.9756     0.1974     0.3393     0.1987     0.1986    15.0588    35.4565    26.3110    5.64137    245.299 0.0000e+00
     33.000    15.0553   4.348676     2.5177     1.2984 183.628201   48.68230  -17.05896 3.9155e+00    35.4592    15.0503    92.4954     32.724  489164676     2.3426     2.5313     4.3693     1.8978     0.1495     0.3272     0.1981     0.1716    15.0503    35.4561    26.3126    5.63639    245.083 0.0000e+00
     34.000    15.0493   4.348121     2.5142     1.2655 183.628226   48.68230  -17.05896 3.2206e+00    35.4586    15.0441    92.8946     33.712  489164678     2.3315     2.5205     4.3882     1.8133     0.1695     0.3980     0.1985     0.1695    15.0441    35.4561    26.3140    5.63679    245.100 0.0000e+00
     35.000    15.0367   4.347001     2.5094     1.1346 183.628267   48.68230  -17.05896 2.9358e+00    35.4587    15.0313    93.5251     34.695  489164682     2.2844     2.5132     4.4180     1.7754     0.1910     0.4215     0.1988     0.1530    15.0313    35.4569    26.3174    5.61890    244.322 0.0000e+00
     36.000    15.0255   4.345995     2.5046     1.0944 183.628280   48.68230  -17.05896 2.6789e+00    35.4592    15.0201    93.4370     35.690  489164683     2.2690     2.5120     4.4138     1.7361     0.2402     0.3132     0.1990     0.1533    15.0201    35.4574    26.3203    5.60765    243.833 0.0000e+00
     37.000    15.0128   4.344847     2.5028     1.1787 183.628293   48.68230  -17.05896 2.3462e+00    35.4599    15.0072    93.3475     36.685  489164684     2.3011     2.5095     4.4096     1.6794     0.2832     0.3276     0.1993     0.1750    15.0072    35.4581    26.3236    5.60937    243.908 0.0000e+00
     38.000    15.0014   4.343808     2.4979     1.0773 183.628307   48.68230  -17.05897 1.9870e+00    35.4604    14.9956    93.4653     37.680  489164685     2.2621     2.5053     4.4151     1.6085     0.1663     0.5392     0.1992     0.1750    14.9956    35.4586    26.3266    5.57761    242.527 0.0000e+00
     39.000    14.7445   4.318820     2.4864     1.1556 183.628337   48.68230  -17.05898 1.7022e+00    35.4697    14.7386    93.5038     38.667  489164688     2.2923     2.4964     4.4170     1.5439     0.2457     0.3058     0.1993     0.1810    14.7386    35.4631    26.3864    5.57306    242.330 0.0000e+00
     40.000    14.2711   4.274208     2.4541     1.0186 183.628368   48.68230  -17.05897 1.5609e+00    35.5007    14.2652    94.2405     39.651  489164691     2.2373     2.4917     4.4518     1.5073     0.2082     0.5627     0.1991     0.1951    14.2652    35.4839    26.5040    5.52586    240.279 0.0000e+00
     41.000    13.7228   4.222828     2.4524     0.8173 183.628380   48.68230  -17.05897 1.3583e+00    35.5376    13.7169    94.7895     40.653  489164692     2.1438     2.4790     4.4777     1.4488     0.1544     0.3392     0.1992     0.2215    13.7169    35.5101    26.6410    5.63286    244.933 0.0000e+00
     42.000    13.5554   4.206866     2.4569     0.7088 183.628395   48.68230  -17.05898 1.1826e+00    35.5420    13.5495    95.1880     41.646  489164693     2.0826     2.4569     4.4965     1.3908     0.1786     0.2345     0.1995     0.2380    13.5495    35.5148    26.6794    5.67255    246.660 0.0000e+00
     43.000    13.3885   4.190706     2.4567     0.6935 183.628424   48.68230  -17.05898 1.0791e+00    35.5403    13.3825    95.6939     42.628  489164695     2.0736     2.4558     4.5204     1.3534     0.1028     0.4532     0.1996     0.2218    13.3825    35.5171    26.7157    5.66650    246.399 0.0000e+00
     44.000    13.0797   4.161137     2.4526     0.5675 183.628442   48.68230  -17.05898 9.7954e-01    35.5502    13.0736    95.9545     43.619  489164697     1.9885     2.4592     4.5327     1.3130     0.0992     0.3131     0.2001     0.2065    13.0736    35.5243    26.7844    5.70124    247.913 0.0000e+00
     45.000    12.9931   4.152711     2.4521     0.5458 183.628456   48.68230  -17.05898 8.6366e-01    35.5491    12.9869    96.2871     44.621  489164698     1.9719     2.4547     4.5484     1.2610     0.1120     0.2954     0.2002     0.2089    12.9869    35.5247    26.8022    5.71633    248.571 0.0000e+00
     46.000    12.9438   4.148306     2.4536     0.5094 183.628483   48.68230  -17.05898 7.4654e-01    35.5470    12.9375    96.5054     45.607  489164700     1.9429     2.4525     4.5587     1.2016     0.0836     0.4226     0.1999     0.2069    12.9375    35.5284    26.8150    5.72827    249.090 0.0000e+00
     47.000    12.9441   4.148727     2.4520     0.4476 183.628515   48.68230  -17.05897 7.0699e-01    35.5441    12.9377    96.8929     46.593  489164703     1.8869     2.4537     4.5771     1.1798     0.0781     0.4187     0.1999     0.2262    12.9377    35.5316    26.8175    5.71223    248.392 0.0000e+00
     48.000    12.8953   4.144210     2.4478     0.3496 183.628531   48.68230  -17.05896 6.8672e-01    35.5453    12.8887    97.2632     47.585  489164705     1.7842     2.4536     4.5945     1.1680     0.0699     0.2891     0.1997     0.2257    12.8887    35.5339    26.8291    5.70563    248.106 0.0000e+00
     49.000    12.8615   4.140889     2.4460     0.3017 183.628544   48.68230  -17.05896 6.3794e-01    35.5440    12.8548    97.5234     48.575  489164706     1.7229     2.4520     4.6068     1.1382     0.0647     0.3845     0.1997     0.2265    12.8548    35.5334    26.8355    5.71242    248.401 0.0000e+00
     50.000    12.8426   4.139136     2.4456     0.2821 183.628554   48.68230  -17.05896 5.7108e-01    35.5438    12.8357    97.6400     49.572  489164707     1.6948     2.4492     4.6123     1.0937     0.0641     0.4393     0.1998     0.2312    12.8357    35.5339    26.8398    5.71895    248.686 0.0000e+00
     51.000    12.8404   4.138983     2.4461     0.2840 183.628568   48.68230  -17.05897 4.9639e-01    35.5425    12.8335    97.7307     50.576  489164708     1.6973     2.4470     4.6166     1.0375     0.0545     0.3040     0.2001     0.2223    12.8335    35.5340    26.8403    5.72393    248.902 0.0000e+00
     52.000    12.8590   4.141029     2.4408     0.3255 183.628621   48.68230  -17.05896 4.7568e-01    35.5400    12.8519    97.3345     51.541  489164712     1.7544     2.4495     4.5979     1.0216     0.0630     0.3615     0.2006     0.2313    12.8519    35.5357    26.8379    5.69007    247.429 0.0000e+00
     53.000    12.8131   4.136705     2.4396     0.3250 183.628628   48.68230  -17.05896 4.4221e-01    35.5423    12.8059    97.6448     52.546  489164713     1.7537     2.4483     4.6125     0.9930     0.0627     0.5132     0.2007     0.2501    12.8059    35.5370    26.8482    5.70213    247.954 0.0000e+00
     54.000    12.7941   4.135010     2.4395     0.2978 183.628637   48.68230  -17.05896 4.0578e-01    35.5435    12.7867    97.8385     53.545  489164714     1.7166     2.4451     4.6217     0.9597     0.0564     0.4413     0.2008     0.2434    12.7867    35.5383    26.8530    5.70880    248.244 0.0000e+00
     55.000    12.7769   4.133526     2.4395     0.2822 183.628651   48.68230  -17.05896 3.7897e-01    35.5445    12.7695    98.0079     54.537  489164715     1.6933     2.4409     4.6297     0.9333     0.0535     0.4089     0.2008     0.2447    12.7695    35.5397    26.8575    5.71080    248.332 0.0000e+00
