Data/ruptures/DY032/PAP/d20150627_DY032_CTD06.cnv
* Sea-Bird SBE 9 Data File:
* FileName = C:\CTD\DY032\20150627_DY032_CTD06.hdr
* Software Version Seasave V 7.23.2
* Temperature SN = 2112
* Conductivity SN = 3159
* Number of Bytes Per Scan = 35
* Number of Voltage Words = 4
* Number of Scans Averaged by the Deck Unit = 1
* NMEA Latitude = 49 04.63 N
* NMEA Longitude = 016 15.46 W
* NMEA UTC (Time) = Jun 27 2015 18:57:36
** Ship:
** Station:
** Operator:
# nquan = 28
# nvalues = 1207                        
# units = specified
# name 0 = prDM: Pressure, Digiquartz [db]
# name 1 = t090C: Temperature [ITS-90, deg C]
# name 2 = c0S/m: Conductivity [S/m]
# name 3 = sbeox0V: Oxygen raw, SBE 43 [V]
# name 4 = flC: Fluorescence, Chelsea Aqua 3 Chl Con [ug/l]
# name 5 = timeJ: Julian Days
# name 6 = latitude: Latitude [deg]
# name 7 = longitude: Longitude [deg]
# name 8 = par: PAR/Irradiance, Biospherical/Licor
# name 9 = sal00: Salinity, Practical [PSU]
# name 10 = potemp090C: Potential Temperature [ITS-90, deg C]
# name 11 = CStarTr0: Beam Transmission, WET Labs C-Star [%]
# name 12 = depSM: Depth [salt water, m]
# name 13 = timeQ: Time, NMEA [seconds]
# name 14 = v0: Voltage 0
# name 15 = v1: Voltage 1
# name 16 = v2: Voltage 2
# name 17 = v3: Voltage 3
# name 18 = v4: Voltage 4
# name 19 = v5: Voltage 5
# name 20 = v6: Voltage 6
# name 21 = v7: Voltage 7
# name 22 = potemp090C: Potential Temperature [ITS-90, deg C]
# name 23 = sal00: Salinity, Practical [PSU]
# name 24 = sigma-é00: Density [sigma-theta, kg/m^3]
# name 25 = sbeox0ML/L: Oxygen, SBE 43 [ml/l], WS = 2
# name 26 = sbeox0Mm/Kg: Oxygen, SBE 43 [umol/kg], WS = 2
# name 27 = flag: flag
# span 0 =      6.000,   1212.000       
# span 1 =     6.3398,    15.0828       
# span 2 =   3.533992,   4.357209       
# span 3 =     1.6716,     2.5743       
# span 4 =     0.0116,     2.0155       
# span 5 = 178.793880, 178.820416       
# span 6 =   49.07539,   49.07696       
# span 7 =  -16.26093,  -16.25816       
# span 8 = -4.827e-01, 2.0318e+02       
# span 9 =    35.1557,    35.5439       
# span 10 =     6.2259,    15.0816      
# span 11 =    86.8654,    99.9716      
# span 12 =      5.941,   1198.231      
# span 13 =  488746992,  488749284      
# span 14 =     0.6159,     2.5314      
# span 15 =     1.6699,     2.5750      
# span 16 =     4.1034,     4.7225      
# span 17 =    -0.0063,     3.6078      
# span 18 =     0.0169,     0.2635      
# span 19 =    -0.0702,     0.8209      
# span 20 =     0.0000,     0.0000      
# span 21 =     0.0000,     0.0000      
# span 22 =     6.2259,    15.0816      
# span 23 =    35.1523,    35.5419      
# span 24 =    26.3544,    27.6631      
# span 25 =    4.25561,    5.79796      
# span 26 =    185.161,    252.114      
# span 27 = 0.0000e+00, 0.0000e+00      
# interval = decibars: 1                
# start_time = Jun 27 2015 19:02:59 [NMEA time, first data scan]
# bad_flag = -9.990e-29
*END*
[from data line 1088]
   1094.000     7.5666   3.656797     1.6926     0.0157 178.817439   49.07554  -16.26064 1.0000e-12    35.3017     7.4526    99.9325   1081.865  488749027     0.6822     1.6863     4.7206     0.0061     0.0235     0.4222     0.0000     0.0000     7.4526    35.2969    27.5882    4.51273    196.399 0.0000e+00
   1095.000     7.5549   3.655653     1.6943     0.0171 178.817461   49.07554  -16.26064 1.0000e-12    35.2998     7.4408    99.9360   1082.852  488749029     0.7026     1.6898     4.7208     0.0061     0.0264     0.3224     0.0000     0.0000     7.4408    35.2959    27.5892    4.51861    196.656 0.0000e+00
   1096.000     7.5579   3.656013     1.6927     0.0189 178.817485   49.07554  -16.26064 1.0000e-12    35.2992     7.4437    99.9527   1083.832  488749031     0.7285     1.6915     4.7216     0.0061     0.0354     0.2302     0.0000     0.0000     7.4437    35.2963    27.5891    4.49594    195.669 0.0000e+00
   1097.000     7.4354   3.642418     1.6922     0.0205 178.817499   49.07554  -16.26064 1.0000e-12    35.2780     7.3221    99.9283   1084.822  488749032     0.7502     1.6921     4.7204     0.0061     0.0286     0.6140     0.0000     0.0000     7.3221    35.2723    27.5877    4.52689    197.024 0.0000e+00
   1098.000     7.3686   3.635160     1.6937     0.0175 178.817513   49.07554  -16.26064 1.0000e-12    35.2674     7.2557    99.9369   1085.816  488749033     0.7075     1.6902     4.7208     0.0061     0.0260     0.2907     0.0000     0.0000     7.2557    35.2607    27.5881    4.55464    198.236 0.0000e+00
   1099.000     7.3609   3.634362     1.6975     0.0206 178.817535   49.07554  -16.26065 1.0000e-12    35.2645     7.2480    99.9330   1086.793  488749035     0.7500     1.6902     4.7207     0.0061     0.0243     0.3574     0.0000     0.0000     7.2480    35.2593    27.5881    4.56981    198.897 0.0000e+00
   1100.000     7.3828   3.637016     1.6998     0.0221 178.817553   49.07554  -16.26066 1.0000e-12    35.2691     7.2696    99.9404   1087.782  488749037     0.7696     1.6932     4.7210     0.0061     0.0268     0.2880     0.0000     0.0000     7.2696    35.2655    27.5899    4.56528    198.698 0.0000e+00
   1101.000     7.4336   3.643572     1.6998     0.0235 178.817569   49.07554  -16.26066 1.0000e-12    35.2865     7.3198    99.9290   1088.775  488749038     0.7863     1.6956     4.7205     0.0061     0.0272     0.4115     0.0000     0.0000     7.3198    35.2848    27.5979    4.55440    198.220 0.0000e+00
   1102.000     7.4170   3.641738     1.6989     0.0228 178.817596   49.07554  -16.26066 1.0000e-12    35.2828     7.3033    99.9405   1089.750  488749040     0.7782     1.6974     4.7210     0.0061     0.0236     0.3145     0.0000     0.0000     7.3033    35.2812    27.5974    4.53895    197.548 0.0000e+00
   1103.000     7.3308   3.632362     1.6967     0.0207 178.817613   49.07554  -16.26066 1.0000e-12    35.2699     7.2177    99.9516   1090.740  488749042     0.7522     1.6972     4.7215     0.0061     0.0232     0.2981     0.0000     0.0000     7.2177    35.2661    27.5978    4.56310    198.605 0.0000e+00
   1104.000     7.2315   3.621657     1.6992     0.0238 178.817627   49.07554  -16.26066 1.0000e-12    35.2554     7.1191    99.9349   1091.731  488749043     0.7907     1.6957     4.7207     0.0061     0.0247     0.5174     0.0000     0.0000     7.1191    35.2496    27.5988    4.59834    200.145 0.0000e+00
   1105.000     7.2059   3.618884     1.7035     0.0305 178.817648   49.07553  -16.26066 1.0000e-12    35.2500     7.0936    99.9399   1092.714  488749045     0.8633     1.6951     4.7210     0.0061     0.0244     0.3432     0.0000     0.0000     7.0937    35.2449    27.5986    4.61562    200.899 0.0000e+00
   1106.000     7.2099   3.619397     1.7049     0.0271 178.817668   49.07552  -16.26066 1.0000e-12    35.2498     7.0975    99.9420   1093.696  488749047     0.8278     1.6990     4.7211     0.0061     0.0252     0.2672     0.0000     0.0000     7.0975    35.2459    27.5989    4.60287    200.344 0.0000e+00
   1107.000     7.1577   3.613720     1.7048     0.0252 178.817681   49.07552  -16.26066 1.0000e-12    35.2413     7.0456    99.9292   1094.683  488749048     0.8068     1.7018     4.7205     0.0061     0.0246     0.3337     0.0000     0.0000     7.0456    35.2365    27.5988    4.61433    200.846 0.0000e+00
   1108.000     7.1172   3.609311     1.7060     0.0201 178.817694   49.07552  -16.26068 1.0000e-12    35.2342     7.0053    99.9274   1095.677  488749049     0.7448     1.7021     4.7204     0.0061     0.0237     0.3208     0.0000     0.0000     7.0053    35.2290    27.5985    4.63570    201.779 0.0000e+00
   1109.000     7.0705   3.604459     1.7092     0.0208 178.817711   49.07553  -16.26068 1.0000e-12    35.2283     6.9588    99.9295   1096.667  488749051     0.7527     1.7026     4.7205     0.0061     0.0271     0.3809     0.0000     0.0000     6.9589    35.2228    27.6002    4.66248    202.947 0.0000e+00
   1110.000     7.1426   3.612196     1.7080     0.0289 178.817769   49.07552  -16.26068 1.0000e-12    35.2352     7.0303    99.9413   1097.625  488749056     0.8471     1.7126     4.7210     0.0061     0.0248     0.3582     0.0000     0.0000     7.0302    35.2338    27.5989    4.59717    200.100 0.0000e+00
   1111.000     7.0522   3.602477     1.7073     0.0278 178.817774   49.07552  -16.26068 1.0000e-12    35.2231     6.9406    99.9272   1098.621  488749056     0.8359     1.7109     4.7204     0.0061     0.0245     0.5326     0.0000     0.0000     6.9406    35.2187    27.5995    4.63024    201.545 0.0000e+00
   1112.000     6.9739   3.594311     1.7068     0.0259 178.817781   49.07552  -16.26068 1.0000e-12    35.2140     6.8628    99.9274   1099.615  488749057     0.8145     1.7093     4.7204     0.0061     0.0229     0.6597     0.0000     0.0000     6.8628    35.2083    27.6021    4.64802    202.324 0.0000e+00
   1113.000     6.9526   3.591987     1.7074     0.0240 178.817787   49.07552  -16.26068 1.0000e-12    35.2105     6.8416    99.9274   1100.594  488749057     0.7928     1.7077     4.7204     0.0061     0.0217    -0.0068     0.0000     0.0000     6.8415    35.2040    27.6017    4.67113    203.331 0.0000e+00
   1114.000     6.8928   3.585551     1.7094     0.0225 178.817793   49.07552  -16.26068 1.0000e-12    35.2009     6.7821    99.9274   1101.609  488749058     0.7747     1.7050     4.7204     0.0061     0.0232     0.6081     0.0000     0.0000     6.7821    35.1937    27.6017    4.70677    204.887 0.0000e+00
   1115.000     6.8598   3.582076     1.7140     0.0244 178.817805   49.07552  -16.26068 1.0000e-12    35.1958     6.7493    99.9281   1102.600  488749059     0.7958     1.7053     4.7204     0.0061     0.0241     0.3218     0.0000     0.0000     6.7493    35.1886    27.6022    4.72975    205.889 0.0000e+00
   1116.000     6.9817   3.595230     1.7180     0.0172 178.817853   49.07552  -16.26070 1.0000e-12    35.2104     6.8701    99.9274   1103.565  488749063     0.7043     1.7156     4.7204     0.0061     0.0190     0.3948     0.0000     0.0000     6.8701    35.2086    27.6013    4.68295    203.844 0.0000e+00
   1117.000     6.9274   3.589355     1.7149     0.0157 178.817886   49.07552  -16.26069 1.1250e+01    35.2019     6.8162    99.9389   1104.540  488749066     0.6827     1.7154     4.7209     0.2410     0.0230     0.3548     0.0000     0.0000     6.8162    35.1989    27.6011    4.67369    203.445 0.0000e+00
   1118.000     6.8008   3.576103     1.7151     0.0189 178.817900   49.07552  -16.26068 -1.732e-01    35.1868     6.6904    99.9272   1105.531  488749067     0.7284     1.7139     4.7204     0.0025     0.0225     0.3603     0.0000     0.0000     6.6905    35.1815    27.6047    4.71505    205.253 0.0000e+00
   1119.000     6.7950   3.575530     1.7172     0.0196 178.817910   49.07552  -16.26068 1.0000e-12    35.1858     6.6847    99.9347   1106.517  488749068     0.7372     1.7121     4.7207     0.0061     0.0256     0.4110     0.0000     0.0000     6.6847    35.1806    27.6047    4.73167    205.977 0.0000e+00
   1120.000     6.7951   3.575563     1.7189     0.0164 178.817920   49.07552  -16.26068 1.0000e-12    35.1851     6.6846    99.9529   1107.513  488749069     0.6932     1.7118     4.7216     0.0061     0.0247     0.4309     0.0000     0.0000     6.6846    35.1804    27.6046    4.73919    206.304 0.0000e+00
   1121.000     6.7945   3.575562     1.7211     0.0154 178.817932   49.07552  -16.26069 1.0000e-12    35.1845     6.6840    99.9421   1108.503  488749070     0.6770     1.7129     4.7211     0.0061     0.0234     0.2863     0.0000     0.0000     6.6840    35.1805    27.6047    4.74338    206.486 0.0000e+00
   1122.000     6.7966   3.575840     1.7229     0.0205 178.817956   49.07552  -16.26070 1.0000e-12    35.1840     6.6859    99.9161   1109.481  488749072     0.7491     1.7172     4.7199     0.0061     0.0217     0.3995     0.0000     0.0000     6.6859    35.1810    27.6049    4.74087    206.377 0.0000e+00
   1123.000     6.7998   3.576247     1.7241     0.0226 178.817984   49.07552  -16.26070 1.0000e-12    35.1837     6.6890    99.9299   1110.465  488749074     0.7762     1.7200     4.7205     0.0061     0.0212     0.3513     0.0000     0.0000     6.6890    35.1817    27.6050    4.74177    206.416 0.0000e+00
   1124.000     6.8005   3.576422     1.7237     0.0236 178.818005   49.07552  -16.26070 1.0000e-12    35.1840     6.6896    99.9352   1111.450  488749076     0.7874     1.7209     4.7208     0.0061     0.0237     0.2310     0.0000     0.0000     6.6896    35.1825    27.6055    4.73324    206.045 0.0000e+00
   1125.000     6.8008   3.576519     1.7234     0.0229 178.818021   49.07552  -16.26070 1.0000e-12    35.1841     6.6897    99.9525   1112.440  488749077     0.7799     1.7213     4.7216     0.0061     0.0236     0.4946     0.0000     0.0000     6.6897    35.1828    27.6058    4.73762    206.235 0.0000e+00
   1126.000     6.8021   3.576741     1.7237     0.0219 178.818039   49.07552  -16.26070 1.0000e-12    35.1843     6.6910    99.9408   1113.424  488749079     0.7672     1.7205     4.7210     0.0061     0.0256     0.2372     0.0000     0.0000     6.6910    35.1834    27.6061    4.74377    206.502 0.0000e+00
   1127.000     6.8202   3.578966     1.7241     0.0190 178.818054   49.07552  -16.26070 1.0000e-12    35.1893     6.7088    99.9563   1114.406  488749080     0.7303     1.7204     4.7217     0.0061     0.0218     0.4285     0.0000     0.0000     6.7088    35.1890    27.6081    4.74050    206.359 0.0000e+00
   1128.000     6.8501   3.582551     1.7247     0.0187 178.818065   49.07552  -16.26070 1.0000e-12    35.1970     6.7384    99.9446   1115.393  488749081     0.7256     1.7204     4.7212     0.0061     0.0228     0.2769     0.0000     0.0000     6.7384    35.1975    27.6107    4.73656    206.185 0.0000e+00
   1129.000     6.8669   3.584566     1.7236     0.0245 178.818075   49.07552  -16.26070 1.0000e-12    35.2011     6.7549    99.9301   1116.393  488749082     0.7983     1.7214     4.7205     0.0061     0.0255     0.3738     0.0000     0.0000     6.7549    35.2021    27.6121    4.72006    205.465 0.0000e+00
   1130.000     6.8604   3.583744     1.7221     0.0255 178.818109   49.07552  -16.26072 2.8987e-05    35.1986     6.7483    99.9346   1117.374  488749085     0.8095     1.7198     4.7207     0.0059     0.0233     0.2935     0.0000     0.0000     6.7483    35.1992    27.6107    4.72355    205.618 0.0000e+00
   1131.000     6.8601   3.583808     1.7215     0.0173 178.818144   49.07552  -16.26072 -8.601e-07    35.1992     6.7479    99.9335   1118.350  488749088     0.7062     1.7177     4.7207     0.0061     0.0231     0.4170     0.0000     0.0000     6.7479    35.1998    27.6112    4.72329    205.606 0.0000e+00
   1132.000     6.8963   3.588204     1.7214     0.0154 178.818153   49.07552  -16.26071 1.0000e-12    35.2094     6.7837    99.9273   1119.344  488749089     0.6767     1.7183     4.7204     0.0061     0.0311     0.4348     0.0000     0.0000     6.7837    35.2107    27.6149    4.71407    205.202 0.0000e+00
   1133.000     6.9052   3.589301     1.7201     0.0197 178.818163   49.07552  -16.26070 1.0000e-12    35.2118     6.7924    99.9322   1120.337  488749090     0.7386     1.7187     4.7206     0.0061     0.0311     0.3385     0.0000     0.0000     6.7924    35.2133    27.6158    4.70359    204.745 0.0000e+00
   1134.000     6.9057   3.589404     1.7185     0.0191 178.818179   49.07552  -16.26072 1.5643e+01    35.2122     6.7927    99.9442   1121.314  488749091     0.7314     1.7183     4.7212     0.2786     0.0212     0.4108     0.0000     0.0000     6.7927    35.2135    27.6159    4.70183    204.668 0.0000e+00
   1135.000     6.9058   3.589448     1.7180     0.0198 178.818195   49.07552  -16.26072 -3.511e-01    35.2123     6.7928    99.9382   1122.296  488749092     0.7396     1.7169     4.7209    -0.0000     0.0261     0.4199     0.0000     0.0000     6.7928    35.2134    27.6158    4.70732    204.907 0.0000e+00
   1136.000     6.9144   3.590690     1.7175     0.0236 178.818207   49.07552  -16.26072 1.0000e-12    35.2166     6.8012    99.9501   1123.294  488749093     0.7886     1.7156     4.7215     0.0061     0.0229     0.3052     0.0000     0.0000     6.8012    35.2178    27.6181    4.70232    204.688 0.0000e+00
   1137.000     6.9063   3.589672     1.7163     0.0190 178.818251   49.07552  -16.26072 1.0000e-12    35.2138     6.7931    99.9339   1124.267  488749097     0.7284     1.7143     4.7207     0.0061     0.0271     0.3135     0.0000     0.0000     6.7930    35.2144    27.6165    4.69786    204.495 0.0000e+00
   1138.000     6.9108   3.590317     1.7152     0.0193 178.818275   49.07552  -16.26072 1.0000e-12    35.2159     6.7974    99.9310   1125.248  488749099     0.7346     1.7143     4.7206     0.0061     0.0235    -0.0049     0.0000     0.0000     6.7974    35.2165    27.6176    4.69247    204.260 0.0000e+00
   1139.000     6.9028   3.589631     1.7151     0.0212 178.818280   49.07552  -16.26072 1.0000e-12    35.2163     6.7893    99.9293   1126.242  488749100     0.7589     1.7139     4.7205     0.0061     0.0220     0.6193     0.0000     0.0000     6.7893    35.2166    27.6188    4.69989    204.584 0.0000e+00
   1140.000     6.8933   3.588700     1.7152     0.0209 178.818287   49.07552  -16.26072 1.0000e-12    35.2154     6.7799    99.9275   1127.235  488749100     0.7543     1.7141     4.7204     0.0061     0.0200     0.0235     0.0000     0.0000     6.7798    35.2155    27.6192    4.70665    204.878 0.0000e+00
   1141.000     6.8866   3.588067     1.7157     0.0184 178.818294   49.07552  -16.26072 1.0000e-12    35.2151     6.7731    99.9274   1128.239  488749101     0.7217     1.7133     4.7204     0.0061     0.0187     0.5199     0.0000     0.0000     6.7731    35.2149    27.6197    4.71169    205.098 0.0000e+00
   1142.000     6.8920   3.588630     1.7159     0.0176 178.818330   49.07551  -16.26073 1.0000e-12    35.2151     6.7784    99.9313   1129.217  488749104     0.7094     1.7126     4.7206     0.0061     0.0189     0.5122     0.0000     0.0000     6.7784    35.2151    27.6191    4.70439    204.780 0.0000e+00
   1143.000     6.8969   3.589077     1.7149     0.0175 178.818369   49.07552  -16.26072 1.0000e-12    35.2146     6.7831    99.9315   1130.187  488749107     0.7084     1.7131     4.7206     0.0061     0.0183     0.3489     0.0000     0.0000     6.7831    35.2146    27.6181    4.69910    204.549 0.0000e+00
   1144.000     6.8847   3.588034     1.7149     0.0172 178.818380   49.07552  -16.26072 1.0000e-12    35.2154     6.7709    99.9374   1131.174  488749108     0.7045     1.7130     4.7209     0.0061     0.0169     0.3794     0.0000     0.0000     6.7709    35.2151    27.6201    4.70357    204.744 0.0000e+00
