Data/ruptures/DY032/PAP/d20150627_DY032_CTD05.cnv
* Sea-Bird SBE 9 Data File:
* FileName = C:\CTD\DY032\20150627_DY032_CTD05.hdr
* Software Version Seasave V 7.23.2
* Temperature SN = 2112
* Conductivity SN = 3159
* Number of Bytes Per Scan = 35
* Number of Voltage Words = 4
* Number of Scans Averaged by the Deck Unit = 1
* NMEA Latitude = 49 04.45 N
* NMEA Longitude = 016 15.67 W
* NMEA UTC (Time) = Jun 27 2015 15:51:42
** Ship:
** Station:
** Operator:
# nquan = 28
# nvalues = 1010                        
# units = specified
# name 0 = prDM: Pressure, Digiquartz [db]
# name 1 = t090C: Temperature [ITS-90, deg C]
# name 2 = c0S/m: Conductivity [S/m]
# name 3 = sbeox0V: Oxygen raw, SBE 43 [V]
# name 4 = flC: Fluorescence, Chelsea Aqua 3 Chl Con [ug/l]
# name 5 = timeJ: Julian Days
# name 6 = latitude: Latitude [deg]
# name 7 = longitude: Longitude [deg]
# name 8 = par: PAR/Irradiance, Biospherical/Licor
# name 9 = sal00: Salinity, Practical [PSU]
# name 10 = potemp090C: Potential Temperature [ITS-90, deg C]
# name 11 = CStarTr0: Beam Transmission, WET Labs C-Star [%]
# name 12 = depSM: Depth [salt water, m]
# name 13 = timeQ: Time, NMEA [seconds]
# name 14 = v0: Voltage 0
# name 15 = v1: Voltage 1
# name 16 = v2: Voltage 2
# name 17 = v3: Voltage 3
# name 18 = v4: Voltage 4
# name 19 = v5: Voltage 5
# name 20 = v6: Voltage 6
# name 21 = v7: Voltage 7
# name 22 = potemp090C: Potential Temperature [ITS-90, deg C]
# name 23 = sal00: Salinity, Practical [PSU]
# name 24 = sigma-é00: Density [sigma-theta, kg/m^3]
# name 25 = sbeox0ML/L: Oxygen, SBE 43 [ml/l], WS = 2
# name 26 = sbeox0Mm/Kg: Oxygen, SBE 43 [umol/kg], WS = 2
# name 27 = flag: flag
# span 0 =      6.000,   1015.000       
# span 1 =     8.3915,    15.0183       
# span 2 =   3.736444,   4.350068       
# span 3 =     1.6678,     2.5458       
# span 4 =     0.0088,     1.6378       
# span 5 = 178.668002, 178.692441       
# span 6 =   49.07195,   49.07404       
# span 7 =  -16.26412,  -16.26134       
# span 8 = 1.0000e-12, 4.1914e+01       
# span 9 =    35.3160,    35.5601       
# span 10 =     8.2806,    15.0174      
# span 11 =    89.5960,    99.9615      
# span 12 =      5.936,   1003.959      
# span 13 =  488736115,  488738226      
# span 14 =     0.5632,     2.4423      
# span 15 =     1.6665,     2.5465      
# span 16 =     4.2324,     4.7220      
# span 17 =     0.0061,     2.9226      
# span 18 =     0.0161,     0.3434      
# span 19 =    -0.0482,     2.8790      
# span 20 =     0.0000,     0.0000      
# span 21 =     0.2112,     0.2262      
# span 22 =     8.2806,    15.0174      
# span 23 =    35.3129,    35.5596      
# span 24 =    26.3613,    27.5215      
# span 25 =    4.25052,    5.77452      
# span 26 =    184.938,    251.094      
# span 27 = 0.0000e+00, 0.0000e+00      
# interval = decibars: 1                
# start_time = Jun 27 2015 16:01:41 [NMEA time, first data scan]
# bad_flag = -9.990e-29
*END*
[from data line 518]
    524.000    10.9289   3.974415     2.2119     0.0233 178.681069   49.07294  -16.26272 1.0000e-12    35.5374    10.8633    99.7110    518.889  488737244     0.7844     2.2127     4.7102     0.0061     0.0318     0.4645     0.0000     0.2222    10.8632    35.5372    27.2189    5.56242    241.920 0.0000e+00
    525.000    10.9275   3.974296     2.2117     0.0224 178.681078   49.07294  -16.26272 1.0000e-12    35.5372    10.8617    99.6962    519.891  488737245     0.7743     2.2125     4.7095     0.0061     0.0285     0.0797     0.0000     0.2222    10.8617    35.5369    27.2190    5.56693    242.116 0.0000e+00
    526.000    10.9253   3.974116     2.2117     0.0215 178.681101   49.07294  -16.26274 1.0000e-12    35.5371    10.8594    99.7165    520.883  488737247     0.7622     2.2109     4.7104     0.0061     0.0295     0.6008     0.0000     0.2222    10.8594    35.5368    27.2193    5.56867    242.192 0.0000e+00
    527.000    10.9293   3.974584     2.2117     0.0242 178.681151   49.07294  -16.26274 1.0000e-12    35.5373    10.8632    99.6920    521.856  488737251     0.7953     2.2100     4.7093     0.0061     0.0238     0.3297     0.0000     0.2222    10.8632    35.5372    27.2189    5.56704    242.120 0.0000e+00
    528.000    10.9209   3.973712     2.2109     0.0272 178.681162   49.07294  -16.26274 1.0000e-12    35.5365    10.8547    99.7032    522.855  488737252     0.8284     2.2100     4.7098     0.0061     0.0288     0.3270     0.0000     0.2222    10.8547    35.5362    27.2197    5.56412    241.994 0.0000e+00
    529.000    10.9181   3.973454     2.2109     0.0265 178.681177   49.07294  -16.26274 1.0000e-12    35.5362    10.8517    99.7006    523.843  488737253     0.8211     2.2100     4.7097     0.0061     0.0375     0.2488     0.0000     0.2222    10.8518    35.5359    27.2200    5.56998    242.249 0.0000e+00
    530.000    10.9179   3.973474     2.2105     0.0244 178.681196   49.07294  -16.26274 1.0000e-12    35.5361    10.8514    99.7192    524.829  488737255     0.7979     2.2090     4.7105     0.0061     0.0303     0.4388     0.0000     0.2222    10.8515    35.5358    27.2200    5.56439    242.006 0.0000e+00
    531.000    10.9183   3.973551     2.2094     0.0249 178.681216   49.07294  -16.26274 1.0000e-12    35.5359    10.8517    99.7176    525.821  488737257     0.8020     2.2091     4.7105     0.0061     0.0282     0.3564     0.0000     0.2222    10.8517    35.5357    27.2199    5.56397    241.988 0.0000e+00
    532.000    10.9199   3.973772     2.2093     0.0218 178.681263   49.07292  -16.26274 1.0000e-12    35.5361    10.8532    99.7146    526.800  488737261     0.7664     2.2075     4.7103     0.0061     0.0332     0.4543     0.0000     0.2222    10.8532    35.5360    27.2198    5.56590    242.071 0.0000e+00
    533.000    10.9177   3.973585     2.2092     0.0208 178.681281   49.07292  -16.26274 1.0000e-12    35.5359    10.8508    99.7147    527.790  488737262     0.7538     2.2076     4.7103     0.0061     0.0255     0.3999     0.0000     0.2222    10.8508    35.5358    27.2201    5.56573    242.064 0.0000e+00
    534.000    10.9175   3.973617     2.2092     0.0195 178.681291   49.07292  -16.26274 1.0000e-12    35.5359    10.8506    99.7206    528.788  488737263     0.7365     2.2076     4.7106     0.0061     0.0322     0.4193     0.0000     0.2222    10.8506    35.5358    27.2201    5.56607    242.079 0.0000e+00
    535.000    10.9175   3.973665     2.2088     0.0185 178.681303   49.07292  -16.26275 1.0000e-12    35.5360    10.8504    99.7129    529.781  488737264     0.7233     2.2076     4.7102     0.0061     0.0350     0.3096     0.0000     0.2222    10.8504    35.5359    27.2203    5.56611    242.081 0.0000e+00
    536.000    10.9175   3.973710     2.2089     0.0221 178.681330   49.07292  -16.26276 1.0000e-12    35.5359    10.8503    99.6951    530.765  488737267     0.7702     2.2074     4.7094     0.0061     0.0284     0.3616     0.0000     0.2222    10.8503    35.5359    27.2203    5.56623    242.086 0.0000e+00
    537.000    10.9174   3.973757     2.2080     0.0172 178.681371   49.07292  -16.26276 1.0000e-12    35.5360    10.8501    99.7222    531.744  488737270     0.7053     2.2070     4.7107     0.0061     0.0271     0.3932     0.0000     0.2222    10.8501    35.5360    27.2204    5.56645    242.095 0.0000e+00
    538.000    10.9169   3.973790     2.2087     0.0178 178.681385   49.07291  -16.26276 1.0000e-12    35.5364    10.8494    99.7206    532.738  488737271     0.7137     2.2063     4.7106     0.0061     0.0245     0.3254     0.0000     0.2222    10.8494    35.5364    27.2208    5.57277    242.370 0.0000e+00
    539.000    10.9170   3.973861     2.2095     0.0187 178.681399   49.07290  -16.26276 1.0000e-12    35.5366    10.8494    99.7206    533.737  488737272     0.7255     2.2063     4.7106     0.0061     0.0325     0.4538     0.0000     0.2222    10.8494    35.5366    27.2210    5.57375    242.413 0.0000e+00
    540.000    10.9173   3.973923     2.2094     0.0167 178.681430   49.07290  -16.26276 1.0000e-12    35.5364    10.8496    99.7086    534.716  488737275     0.6972     2.2077     4.7100     0.0061     0.0290     0.3300     0.0000     0.2222    10.8496    35.5364    27.2208    5.57121    242.302 0.0000e+00
    541.000    10.9177   3.974035     2.2093     0.0185 178.681455   49.07290  -16.26276 1.0000e-12    35.5367    10.8499    99.7167    535.703  488737277     0.7234     2.2076     4.7104     0.0061     0.0307     0.2726     0.0000     0.2222    10.8499    35.5367    27.2210    5.57339    242.397 0.0000e+00
    542.000    10.9181   3.974175     2.2100     0.0158 178.681470   49.07290  -16.26276 1.0000e-12    35.5373    10.8501    99.7148    536.699  488737279     0.6833     2.2076     4.7103     0.0061     0.0284     0.4381     0.0000     0.2222    10.8501    35.5373    27.2214    5.58002    242.685 0.0000e+00
    543.000    10.9177   3.974196     2.2106     0.0178 178.681488   49.07290  -16.26276 1.0000e-12    35.5374    10.8496    99.7124    537.688  488737280     0.7127     2.2078     4.7102     0.0061     0.0282     0.3109     0.0000     0.2222    10.8496    35.5374    27.2216    5.58010    242.689 0.0000e+00
    544.000    10.9180   3.974246     2.2117     0.0189 178.681519   49.07290  -16.26278 1.0000e-12    35.5372    10.8497    99.7053    538.674  488737283     0.7279     2.2090     4.7099     0.0061     0.0287     0.4019     0.0000     0.2222    10.8498    35.5372    27.2214    5.58336    242.831 0.0000e+00
    545.000    10.9158   3.974030     2.2109     0.0218 178.681551   49.07290  -16.26278 1.0000e-12    35.5368    10.8474    99.7202    539.657  488737286     0.7665     2.2101     4.7106     0.0061     0.0254     0.4163     0.0000     0.2222    10.8474    35.5367    27.2215    5.57675    242.543 0.0000e+00
    546.000    10.9124   3.973707     2.2106     0.0209 178.681565   49.07290  -16.26276 1.0000e-12    35.5365    10.8439    99.7166    540.649  488737287     0.7549     2.2100     4.7104     0.0061     0.0275     0.3659     0.0000     0.2222    10.8439    35.5363    27.2218    5.58078    242.719 0.0000e+00
    547.000    10.9118   3.973698     2.2105     0.0192 178.681578   49.07290  -16.26276 1.0000e-12    35.5365    10.8432    99.7206    541.641  488737288     0.7328     2.2091     4.7106     0.0061     0.0281     0.3486     0.0000     0.2222    10.8432    35.5364    27.2220    5.57989    242.680 0.0000e+00
    548.000    10.9110   3.973656     2.2103     0.0156 178.681590   49.07288  -16.26278 1.0000e-12    35.5364    10.8423    99.7172    542.634  488737289     0.6798     2.2088     4.7104     0.0061     0.0302     0.2924     0.0000     0.2222    10.8423    35.5363    27.2220    5.58238    242.788 0.0000e+00
    549.000    10.9120   3.973793     2.2100     0.0169 178.681626   49.07288  -16.26278 1.0000e-12    35.5364    10.8431    99.7221    543.620  488737292     0.7003     2.2087     4.7107     0.0061     0.0289     0.3458     0.0000     0.2222    10.8431    35.5363    27.2219    5.57989    242.680 0.0000e+00
    550.000    10.9119   3.973835     2.2084     0.0273 178.681667   49.07288  -16.26278 1.0000e-12    35.5364    10.8429    99.7307    544.604  488737296     0.8289     2.2081     4.7111     0.0061     0.0290     0.4555     0.0000     0.2222    10.8429    35.5363    27.2219    5.57306    242.383 0.0000e+00
    551.000    10.9089   3.973527     2.2082     0.0275 178.681682   49.07288  -16.26278 1.0000e-12    35.5359    10.8398    99.7335    545.595  488737297     0.8320     2.2075     4.7112     0.0061     0.0290     0.3313     0.0000     0.2222    10.8398    35.5357    27.2220    5.57654    242.534 0.0000e+00
    552.000    10.9078   3.973459     2.2078     0.0215 178.681695   49.07288  -16.26278 1.0000e-12    35.5358    10.8386    99.6968    546.586  488737298     0.7622     2.2065     4.7095     0.0061     0.0300     0.2907     0.0000     0.2222    10.8386    35.5356    27.2222    5.57234    242.352 0.0000e+00
    553.000    10.9050   3.973193     2.2069     0.0204 178.681710   49.07288  -16.26278 1.0000e-12    35.5354    10.8357    99.7126    547.575  488737299     0.7487     2.2063     4.7102     0.0061     0.0309     0.2642     0.0000     0.2222    10.8357    35.5352    27.2224    5.56985    242.244 0.0000e+00
    554.000    10.9003   3.972704     2.2051     0.0219 178.681728   49.07288  -16.26280 1.0000e-12    35.5347    10.8309    99.7445    548.566  488737301     0.7674     2.2057     4.7117     0.0061     0.0305     0.4301     0.0000     0.2222    10.8308    35.5345    27.2227    5.56404    241.991 0.0000e+00
    555.000    10.9021   3.972964     2.2045     0.0246 178.681751   49.07288  -16.26280 1.0000e-12    35.5351    10.8325    99.7216    549.554  488737303     0.7997     2.2040     4.7106     0.0061     0.0312     0.3820     0.0000     0.2222    10.8325    35.5349    27.2227    5.56883    242.199 0.0000e+00
    556.000    10.9056   3.973373     2.2051     0.0223 178.681794   49.07288  -16.26280 1.0000e-12    35.5352    10.8359    99.7206    550.538  488737307     0.7732     2.2029     4.7106     0.0061     0.0318     0.3674     0.0000     0.2222    10.8359    35.5352    27.2223    5.57032    242.264 0.0000e+00
    557.000    10.9005   3.972862     2.2042     0.0200 178.681822   49.07286  -16.26280 1.0000e-12    35.5347    10.8306    99.7206    551.526  488737309     0.7426     2.2034     4.7106     0.0061     0.0293     0.3694     0.0000     0.2222    10.8306    35.5346    27.2228    5.56363    241.973 0.0000e+00
    558.000    10.8928   3.972119     2.2025     0.0188 178.681835   49.07286  -16.26280 1.0000e-12    35.5344    10.8228    99.7292    552.517  488737310     0.7272     2.2027     4.7110     0.0061     0.0296     0.3212     0.0000     0.2222    10.8228    35.5341    27.2239    5.55739    241.702 0.0000e+00
    559.000    10.8888   3.971786     2.2013     0.0224 178.681848   49.07286  -16.26280 1.0000e-12    35.5346    10.8187    99.7205    553.509  488737311     0.7736     2.2026     4.7106     0.0061     0.0294     0.3100     0.0000     0.2222    10.8187    35.5342    27.2247    5.55805    241.731 0.0000e+00
    560.000    10.8881   3.971764     2.2011     0.0236 178.681862   49.07286  -16.26281 1.0000e-12    35.5345    10.8180    99.7206    554.494  488737313     0.7888     2.2009     4.7106     0.0061     0.0256     0.2992     0.0000     0.2222    10.8180    35.5341    27.2248    5.56512    242.039 0.0000e+00
    561.000    10.8869   3.971714     2.2019     0.0203 178.681877   49.07286  -16.26282 1.0000e-12    35.5347    10.8166    99.7206    555.492  488737314     0.7454     2.1995     4.7106     0.0061     0.0264     0.4725     0.0000     0.2222    10.8166    35.5344    27.2252    5.56855    242.187 0.0000e+00
    562.000    10.8900   3.972056     2.2005     0.0193 178.681925   49.07286  -16.26282 1.0000e-12    35.5345    10.8196    99.7330    556.470  488737318     0.7328     2.1997     4.7112     0.0061     0.0301     0.4100     0.0000     0.2222    10.8196    35.5344    27.2246    5.55918    241.780 0.0000e+00
    563.000    10.8863   3.971765     2.2000     0.0199 178.681950   49.07286  -16.26282 1.0000e-12    35.5348    10.8157    99.7531    557.460  488737320     0.7413     2.1988     4.7121     0.0061     0.0308     0.3089     0.0000     0.2222    10.8157    35.5346    27.2256    5.56513    242.039 0.0000e+00
    564.000    10.8824   3.971446     2.2008     0.0170 178.681964   49.07286  -16.26282 1.0000e-12    35.5350    10.8118    99.7515    558.455  488737321     0.7016     2.1980     4.7121     0.0061     0.0311     0.2815     0.0000     0.2222    10.8118    35.5347    27.2263    5.56585    242.070 0.0000e+00
    565.000    10.8808   3.971330     2.2005     0.0181 178.681981   49.07286  -16.26282 1.0000e-12    35.5349    10.8100    99.7391    559.439  488737323     0.7163     2.1982     4.7115     0.0061     0.0284     0.4840     0.0000     0.2222    10.8100    35.5347    27.2266    5.56600    242.077 0.0000e+00
    566.000    10.8786   3.971131     2.2009     0.0197 178.681997   49.07286  -16.26284 1.0000e-12    35.5346    10.8077    99.7314    560.428  488737324     0.7394     2.1989     4.7111     0.0061     0.0272     0.2811     0.0000     0.2222    10.8077    35.5343    27.2268    5.56796    242.162 0.0000e+00
    567.000    10.8796   3.971269     2.2016     0.0192 178.682027   49.07286  -16.26284 1.0000e-12    35.5346    10.8085    99.7377    561.420  488737327     0.7325     2.1993     4.7114     0.0061     0.0282     0.4354     0.0000     0.2222    10.8085    35.5344    27.2267    5.57119    242.303 0.0000e+00
    568.000    10.8795   3.971314     2.2010     0.0193 178.682071   49.07286  -16.26284 1.0000e-12    35.5345    10.8084    99.7348    562.399  488737331     0.7344     2.2003     4.7113     0.0061     0.0278     0.1937     0.0000     0.2222    10.8084    35.5344    27.2267    5.56611    242.082 0.0000e+00
    569.000    10.8725   3.970680     2.2009     0.0178 178.682084   49.07286  -16.26284 1.0000e-12    35.5347    10.8012    99.7203    563.389  488737332     0.7126     2.2000     4.7106     0.0061     0.0293     0.3650     0.0000     0.2222    10.8012    35.5345    27.2280    5.57298    242.381 0.0000e+00
    570.000    10.8740   3.970980     2.2018     0.0207 178.682094   49.07285  -16.26284 1.0000e-12    35.5357    10.8026    99.7219    564.382  488737333     0.7528     2.1990     4.7107     0.0061     0.0273     0.4349     0.0000     0.2222    10.8026    35.5355    27.2286    5.58157    242.754 0.0000e+00
    571.000    10.8758   3.971257     2.2030     0.0201 178.682104   49.07284  -16.26284 1.0000e-12    35.5363    10.8043    99.7358    565.377  488737333     0.7446     2.1990     4.7113     0.0061     0.0273     0.4353     0.0000     0.2222    10.8043    35.5361    27.2288    5.58611    242.951 0.0000e+00
    572.000    10.8751   3.971254     2.2040     0.0174 178.682122   49.07284  -16.26285 1.0000e-12    35.5365    10.8034    99.7284    566.374  488737335     0.7074     2.1997     4.7110     0.0061     0.0283     0.5662     0.0000     0.2222    10.8034    35.5364    27.2291    5.58620    242.955 0.0000e+00
    573.000    10.8757   3.971281     2.2022     0.0182 178.682182   49.07284  -16.26286 1.0000e-12    35.5357    10.8038    99.7220    567.345  488737340     0.7191     2.2023     4.7107     0.0061     0.0250     0.3294     0.0000     0.2222    10.8039    35.5356    27.2285    5.57350    242.403 0.0000e+00
    574.000    10.8737   3.971199     2.2022     0.0193 178.682193   49.07284  -16.26286 1.0000e-12    35.5364    10.8018    99.7177    568.340  488737341     0.7335     2.2015     4.7105     0.0061     0.0315     0.3377     0.0000     0.2222    10.8018    35.5363    27.2293    5.57785    242.592 0.0000e+00
