Data/ruptures/DY032/PAP/d20150628_DY032_CTD08.cnv
* Sea-Bird SBE 9 Data File:
* FileName = C:\CTD\DY032\20150628_DY032_CTD08.hdr
* Software Version Seasave V 7.23.2
* Temperature SN = 2112
* Conductivity SN = 3159
* Number of Bytes Per Scan = 35
* Number of Voltage Words = 4
* Number of Scans Averaged by the Deck Unit = 1
* NMEA Latitude = 49 00.76 N
* NMEA Longitude = 016 23.71 W
* NMEA UTC (Time) = Jun 28 2015 09:33:05
** Ship:
** Station:
** Operator:
# nquan = 28
# nvalues = 1011                        
# units = specified
# name 0 = prDM: Pressure, Digiquartz [db]
# name 1 = t090C: Temperature [ITS-90, deg C]
# name 2 = c0S/m: Conductivity [S/m]
# name 3 = sbeox0V: Oxygen raw, SBE 43 [V]
# name 4 = flC: Fluorescence, Chelsea Aqua 3 Chl Con [ug/l]
# name 5 = timeJ: Julian Days
# name 6 = latitude: Latitude [deg]
# name 7 = longitude: Longitude [deg]
# name 8 = par: PAR/Irradiance, Biospherical/Licor
# name 9 = sal00: Salinity, Practical [PSU]
# name 10 = potemp090C: Potential Temperature [ITS-90, deg C]
# name 11 = CStarTr0: Beam Transmission, WET Labs C-Star [%]
# name 12 = depSM: Depth [salt water, m]
# name 13 = timeQ: Time, NMEA [seconds]
# name 14 = v0: Voltage 0
# name 15 = v1: Voltage 1
# name 16 = v2: Voltage 2
# name 17 = v3: Voltage 3
# name 18 = v4: Voltage 4
# name 19 = v5: Voltage 5
# name 20 = v6: Voltage 6
# name 21 = v7: Voltage 7
# name 22 = potemp090C: Potential Temperature [ITS-90, deg C]
# name 23 = sal00: Salinity, Practical [PSU]
# name 24 = sigma-é00: Density [sigma-theta, kg/m^3]
# name 25 = sbeox0ML/L: Oxygen, SBE 43 [ml/l], WS = 2
# name 26 = sbeox0Mm/Kg: Oxygen, SBE 43 [umol/kg], WS = 2
# name 27 = flag: flag
# span 0 =      6.000,   1016.000       
# span 1 =     8.4959,    14.9187       
# span 2 =   3.744134,   4.342008       
# span 3 =     1.6624,     2.5414       
# span 4 =     0.0140,     1.4637       
# span 5 = 179.401141, 179.415606       
# span 6 =   49.01154,   49.01274       
# span 7 =  -16.39570,  -16.39520       
# span 8 = -7.021e-06, 1.5506e+02       
# span 9 =    35.3258,    35.6092       
# span 10 =     8.3836,    14.9171      
# span 11 =    90.0267,    99.9608      
# span 12 =      5.948,   1004.922      
# span 13 =  488799458,  488800708      
# span 14 =     0.6557,     2.3940      
# span 15 =     1.6607,     2.5415      
# span 16 =     4.2527,     4.7220      
# span 17 =     0.0061,     3.4898      
# span 18 =     0.0127,     0.2797      
# span 19 =    -0.0180,     0.7909      
# span 20 =     0.0000,     0.0000      
# span 21 =     0.0000,     0.0000      
# span 22 =     8.3835,    14.9171      
# span 23 =    35.3244,    35.6096      
# span 24 =    26.3978,    27.5257      
# span 25 =    4.24397,    5.72393      
# span 26 =    184.659,    248.877      
# span 27 = 0.0000e+00, 0.0000e+00      
# interval = decibars: 1                
# start_time = Jun 28 2015 09:37:14 [NMEA time, first data scan]
# bad_flag = -9.990e-29
*END*
[from data line 311]
    317.000    11.1813   3.988698     2.2620     0.0495 179.406906   49.01274  -16.39522 1.0000e-12    35.5282    11.1413    99.7464    314.068  488799956     1.0204     2.2596     4.7118     0.0061     0.0262     0.4875     0.0000     0.0000    11.1413    35.5282    27.1612    5.56796    242.156 0.0000e+00
    318.000    11.1814   3.988754     2.2640     0.0374 179.406914   49.01274  -16.39522 1.0000e-12    35.5283    11.1413    99.7580    315.054  488799957     0.9264     2.2589     4.7124     0.0061     0.0381    -0.0048     0.0000     0.0000    11.1413    35.5282    27.1612    5.57090    242.284 0.0000e+00
    319.000    11.1813   3.988795     2.2650     0.0319 179.406922   49.01274  -16.39522 1.0000e-12    35.5283    11.1411    99.7447    316.051  488799958     0.8771     2.2589     4.7118     0.0061     0.0337     0.5548     0.0000     0.0000    11.1411    35.5283    27.1613    5.56558    242.053 0.0000e+00
    320.000    11.1789   3.988543     2.2645     0.0300 179.406929   49.01274  -16.39522 1.0000e-12    35.5277    11.1385    99.7253    317.044  488799959     0.8584     2.2602     4.7108     0.0061     0.0275     0.5178     0.0000     0.0000    11.1386    35.5276    27.1612    5.55290    241.502 0.0000e+00
    321.000    11.1749   3.988112     2.2622     0.0252 179.406938   49.01274  -16.39522 1.0000e-12    35.5269    11.1344    99.7469    318.039  488799959     0.8063     2.2625     4.7118     0.0061     0.0343     0.2160     0.0000     0.0000    11.1344    35.5268    27.1613    5.53584    240.760 0.0000e+00
    322.000    11.1687   3.987501     2.2580     0.0276 179.406950   49.01274  -16.39524 1.0000e-12    35.5265    11.1282    99.7550    319.027  488799960     0.8324     2.2643     4.7122     0.0061     0.0326     0.4469     0.0000     0.0000    11.1282    35.5261    27.1620    5.52361    240.228 0.0000e+00
    323.000    11.1679   3.987444     2.2531     0.0290 179.406967   49.01274  -16.39524 1.0000e-12    35.5262    11.1272    99.7602    320.008  488799962     0.8476     2.2618     4.7125     0.0061     0.0352     0.2391     0.0000     0.0000    11.1272    35.5259    27.1620    5.51287    239.761 0.0000e+00
    324.000    11.1692   3.987650     2.2502     0.0210 179.406982   49.01274  -16.39524 1.0000e-12    35.5265    11.1284    99.7427    320.990  488799963     0.7561     2.2567     4.7116     0.0061     0.0344     0.3562     0.0000     0.0000    11.1284    35.5263    27.1620    5.51359    239.792 0.0000e+00
    325.000    11.1675   3.987565     2.2495     0.0228 179.406992   49.01274  -16.39522 1.0000e-12    35.5269    11.1265    99.7602    321.985  488799964     0.7784     2.2538     4.7125     0.0061     0.0377     0.4640     0.0000     0.0000    11.1265    35.5267    27.1627    5.51768    239.970 0.0000e+00
    326.000    11.1664   3.987490     2.2495     0.0268 179.407000   49.01274  -16.39522 1.0000e-12    35.5268    11.1253    99.7724    322.976  488799965     0.8246     2.2513     4.7131     0.0061     0.0415     0.5492     0.0000     0.0000    11.1253    35.5265    27.1628    5.52288    240.196 0.0000e+00
    327.000    11.1688   3.987869     2.2499     0.0274 179.407008   49.01274  -16.39522 1.0000e-12    35.5277    11.1275    99.7723    323.972  488799965     0.8308     2.2501     4.7131     0.0061     0.0415    -0.0032     0.0000     0.0000    11.1276    35.5276    27.1632    5.53139    240.566 0.0000e+00
    328.000    11.1730   3.988492     2.2518     0.0303 179.407017   49.01274  -16.39522 1.0000e-12    35.5292    11.1317    99.7750    324.965  488799966     0.8611     2.2492     4.7132     0.0061     0.0359     0.4565     0.0000     0.0000    11.1317    35.5292    27.1637    5.54178    241.018 0.0000e+00
    329.000    11.1744   3.988725     2.2539     0.0248 179.407027   49.01274  -16.39522 1.0000e-12    35.5297    11.1329    99.7778    325.955  488799967     0.8012     2.2491     4.7134     0.0061     0.0323     0.3838     0.0000     0.0000    11.1329    35.5298    27.1639    5.54590    241.197 0.0000e+00
    330.000    11.1744   3.988792     2.2553     0.0195 179.407038   49.01274  -16.39522 1.0000e-12    35.5299    11.1328    99.7857    326.940  488799968     0.7368     2.2500     4.7137     0.0061     0.0300     0.3518     0.0000     0.0000    11.1328    35.5300    27.1641    5.55130    241.432 0.0000e+00
    331.000    11.1736   3.988796     2.2579     0.0202 179.407051   49.01274  -16.39522 1.0000e-12    35.5304    11.1318    99.7712    327.927  488799969     0.7459     2.2524     4.7130     0.0061     0.0385     0.3514     0.0000     0.0000    11.1318    35.5304    27.1646    5.56567    242.056 0.0000e+00
    332.000    11.1775   3.989390     2.2609     0.0206 179.407062   49.01274  -16.39524 1.0000e-12    35.5319    11.1357    99.7712    328.920  488799970     0.7510     2.2543     4.7130     0.0061     0.0345     0.3657     0.0000     0.0000    11.1357    35.5320    27.1652    5.57450    242.440 0.0000e+00
    333.000    11.1752   3.989146     2.2634     0.0224 179.407074   49.01274  -16.39524 1.0000e-12    35.5314    11.1332    99.7801    329.910  488799971     0.7737     2.2561     4.7135     0.0061     0.0339     0.3382     0.0000     0.0000    11.1332    35.5314    27.1651    5.57853    242.616 0.0000e+00
    334.000    11.1715   3.988763     2.2642     0.0250 179.407087   49.01274  -16.39524 1.0000e-12    35.5307    11.1294    99.7833    330.901  488799972     0.8043     2.2596     4.7136     0.0061     0.0303     0.4753     0.0000     0.0000    11.1294    35.5307    27.1653    5.57383    242.412 0.0000e+00
    335.000    11.1693   3.988567     2.2651     0.0234 179.407103   49.01274  -16.39524 1.0000e-12    35.5305    11.1271    99.7782    331.891  488799973     0.7856     2.2627     4.7134     0.0061     0.0341     0.3695     0.0000     0.0000    11.1270    35.5304    27.1655    5.58279    242.801 0.0000e+00
    336.000    11.1713   3.988896     2.2666     0.0228 179.407119   49.01274  -16.39522 1.0000e-12    35.5314    11.1289    99.7854    332.872  488799975     0.7795     2.2637     4.7137     0.0061     0.0313     0.2908     0.0000     0.0000    11.1289    35.5313    27.1659    5.58463    242.881 0.0000e+00
    337.000    11.1710   3.988918     2.2670     0.0227 179.407131   49.01274  -16.39522 1.0000e-12    35.5315    11.1285    99.7733    333.862  488799976     0.7773     2.2645     4.7131     0.0061     0.0310     0.4192     0.0000     0.0000    11.1285    35.5314    27.1660    5.58734    242.999 0.0000e+00
    338.000    11.1704   3.988902     2.2678     0.0251 179.407140   49.01274  -16.39522 1.0000e-12    35.5314    11.1278    99.7769    334.851  488799977     0.8053     2.2656     4.7133     0.0061     0.0311     0.5155     0.0000     0.0000    11.1278    35.5314    27.1661    5.59021    243.124 0.0000e+00
    339.000    11.1693   3.988844     2.2680     0.0250 179.407147   49.01274  -16.39522 1.0000e-12    35.5315    11.1266    99.7740    335.847  488799977     0.8050     2.2662     4.7132     0.0061     0.0324     0.0041     0.0000     0.0000    11.1266    35.5314    27.1664    5.58767    243.013 0.0000e+00
    340.000    11.1691   3.988851     2.2677     0.0274 179.407155   49.01274  -16.39522 1.0000e-12    35.5312    11.1263    99.7740    336.840  488799978     0.8310     2.2662     4.7132     0.0061     0.0353     0.5771     0.0000     0.0000    11.1263    35.5312    27.1662    5.58399    242.853 0.0000e+00
    341.000    11.1683   3.988796     2.2670     0.0329 179.407162   49.01274  -16.39522 1.0000e-12    35.5311    11.1253    99.7723    337.834  488799979     0.8863     2.2668     4.7131     0.0061     0.0330     0.5827     0.0000     0.0000    11.1253    35.5310    27.1663    5.58125    242.734 0.0000e+00
    342.000    11.1657   3.988584     2.2665     0.0356 179.407170   49.01274  -16.39522 1.0000e-12    35.5311    11.1226    99.7708    338.822  488799979     0.9114     2.2673     4.7130     0.0061     0.0372     0.0020     0.0000     0.0000    11.1226    35.5310    27.1668    5.58166    242.752 0.0000e+00
    343.000    11.1650   3.988551     2.2660     0.0319 179.407179   49.01274  -16.39522 1.0000e-12    35.5310    11.1218    99.7712    339.819  488799980     0.8754     2.2674     4.7130     0.0061     0.0300     0.3565     0.0000     0.0000    11.1218    35.5308    27.1668    5.58537    242.914 0.0000e+00
    344.000    11.1650   3.988578     2.2666     0.0274 179.407197   49.01274  -16.39523 1.0000e-12    35.5308    11.1216    99.7665    340.803  488799982     0.8309     2.2662     4.7128     0.0061     0.0419     0.4516     0.0000     0.0000    11.1216    35.5307    27.1667    5.58899    243.071 0.0000e+00
    345.000    11.1663   3.988748     2.2659     0.0182 179.407227   49.01274  -16.39523 1.0000e-12    35.5308    11.1228    99.7698    341.778  488799984     0.7193     2.2661     4.7130     0.0061     0.0284     0.3740     0.0000     0.0000    11.1228    35.5307    27.1665    5.57688    242.544 0.0000e+00
    346.000    11.1642   3.988593     2.2633     0.0181 179.407239   49.01274  -16.39522 1.0000e-12    35.5308    11.1206    99.7481    342.765  488799985     0.7174     2.2663     4.7119     0.0061     0.0339     0.0363     0.0000     0.0000    11.1206    35.5306    27.1669    5.56914    242.208 0.0000e+00
    347.000    11.1636   3.988589     2.2624     0.0196 179.407247   49.01274  -16.39520 1.0000e-12    35.5309    11.1199    99.7912    343.756  488799986     0.7369     2.2662     4.7140     0.0061     0.0403     0.6057     0.0000     0.0000    11.1199    35.5308    27.1671    5.57079    242.279 0.0000e+00
    348.000    11.1635   3.988607     2.2619     0.0207 179.407254   49.01274  -16.39520 1.0000e-12    35.5308    11.1196    99.7646    344.742  488799987     0.7529     2.2657     4.7127     0.0061     0.0313     0.6253     0.0000     0.0000    11.1196    35.5307    27.1670    5.57259    242.358 0.0000e+00
    349.000    11.1631   3.988592     2.2618     0.0214 179.407260   49.01274  -16.39520 1.0000e-12    35.5306    11.1191    99.7471    345.757  488799987     0.7622     2.2641     4.7118     0.0061     0.0329     0.0254     0.0000     0.0000    11.1191    35.5304    27.1670    5.57550    242.484 0.0000e+00
    350.000    11.1619   3.988521     2.2618     0.0226 179.407266   49.01274  -16.39520 1.0000e-12    35.5305    11.1178    99.7696    346.738  488799988     0.7765     2.2631     4.7130     0.0061     0.0324     0.7120     0.0000     0.0000    11.1178    35.5304    27.1672    5.57778    242.583 0.0000e+00
    351.000    11.1610   3.988482     2.2619     0.0235 179.407272   49.01274  -16.39520 1.0000e-12    35.5306    11.1167    99.7722    347.744  488799988     0.7867     2.2624     4.7131     0.0061     0.0311     0.0238     0.0000     0.0000    11.1167    35.5305    27.1674    5.58084    242.717 0.0000e+00
    352.000    11.1599   3.988412     2.2624     0.0242 179.407280   49.01274  -16.39520 1.0000e-12    35.5305    11.1156    99.7723    348.729  488799989     0.7953     2.2616     4.7131     0.0061     0.0284     0.4409     0.0000     0.0000    11.1156    35.5303    27.1676    5.58407    242.857 0.0000e+00
    353.000    11.1593   3.988392     2.2627     0.0251 179.407292   49.01274  -16.39521 1.0000e-12    35.5305    11.1148    99.7634    349.715  488799990     0.8058     2.2613     4.7126     0.0061     0.0273     0.2774     0.0000     0.0000    11.1148    35.5303    27.1677    5.58330    242.823 0.0000e+00
    354.000    11.1600   3.988506     2.2636     0.0209 179.407311   49.01274  -16.39522 1.0000e-12    35.5304    11.1154    99.7918    350.697  488799991     0.7537     2.2620     4.7140     0.0061     0.0290     0.3875     0.0000     0.0000    11.1154    35.5303    27.1676    5.59033    243.129 0.0000e+00
    355.000    11.1603   3.988570     2.2643     0.0227 179.407333   49.01274  -16.39522 1.0000e-12    35.5303    11.1155    99.7982    351.685  488799993     0.7767     2.2626     4.7143     0.0061     0.0299     0.3987     0.0000     0.0000    11.1155    35.5302    27.1675    5.58891    243.068 0.0000e+00
    356.000    11.1578   3.988399     2.2641     0.0240 179.407352   49.01274  -16.39522 1.0000e-12    35.5306    11.1129    99.7864    352.667  488799995     0.7927     2.2638     4.7138     0.0061     0.0308     0.2870     0.0000     0.0000    11.1129    35.5305    27.1682    5.58451    242.876 0.0000e+00
    357.000    11.1582   3.988493     2.2626     0.0250 179.407363   49.01274  -16.39520 1.0000e-12    35.5307    11.1132    99.7887    353.657  488799996     0.8042     2.2637     4.7139     0.0061     0.0374     0.4664     0.0000     0.0000    11.1132    35.5306    27.1682    5.57725    242.560 0.0000e+00
    358.000    11.1580   3.988531     2.2618     0.0236 179.407371   49.01274  -16.39520 1.0000e-12    35.5308    11.1129    99.7982    354.645  488799997     0.7886     2.2637     4.7143     0.0061     0.0278     0.5467     0.0000     0.0000    11.1129    35.5307    27.1683    5.57956    242.661 0.0000e+00
    359.000    11.1578   3.988556     2.2617     0.0248 179.407378   49.01274  -16.39520 1.0000e-12    35.5308    11.1126    99.7962    355.643  488799997     0.8018     2.2636     4.7142     0.0061     0.0319     0.0177     0.0000     0.0000    11.1126    35.5307    27.1684    5.58333    242.825 0.0000e+00
    360.000    11.1574   3.988556     2.2618     0.0208 179.407384   49.01274  -16.39520 1.0000e-12    35.5307    11.1120    99.7981    356.631  488799998     0.7538     2.2633     4.7143     0.0061     0.0326     0.7095     0.0000     0.0000    11.1120    35.5306    27.1684    5.58496    242.896 0.0000e+00
    361.000    11.1567   3.988538     2.2618     0.0182 179.407390   49.01274  -16.39520 1.0000e-12    35.5308    11.1112    99.7847    357.631  488799998     0.7185     2.2624     4.7137     0.0061     0.0308     0.0277     0.0000     0.0000    11.1112    35.5307    27.1686    5.58565    242.926 0.0000e+00
    362.000    11.1559   3.988499     2.2618     0.0161 179.407396   49.01274  -16.39520 1.0000e-12    35.5307    11.1102    99.7708    358.618  488799999     0.6883     2.2615     4.7130     0.0061     0.0311     0.6477     0.0000     0.0000    11.1102    35.5306    27.1688    5.58635    242.956 0.0000e+00
    363.000    11.1554   3.988509     2.2618     0.0188 179.407403   49.01274  -16.39520 1.0000e-12    35.5308    11.1097    99.7892    359.616  488799999     0.7265     2.2612     4.7139     0.0061     0.0288     0.4986     0.0000     0.0000    11.1097    35.5307    27.1689    5.58765    243.013 0.0000e+00
    364.000    11.1558   3.988585     2.2621     0.0226 179.407413   49.01274  -16.39521 1.0000e-12    35.5308    11.1099    99.7966    360.610  488800000     0.7758     2.2613     4.7142     0.0061     0.0296     0.3888     0.0000     0.0000    11.1099    35.5307    27.1689    5.59293    243.242 0.0000e+00
    365.000    11.1574   3.988784     2.2627     0.0211 179.407444   49.01274  -16.39522 1.0000e-12    35.5307    11.1114    99.7872    361.581  488800003     0.7581     2.2621     4.7138     0.0061     0.0269     0.2189     0.0000     0.0000    11.1114    35.5307    27.1686    5.58953    243.094 0.0000e+00
    366.000    11.1576   3.988846     2.2617     0.0220 179.407468   49.01274  -16.39520 1.0000e-12    35.5307    11.1114    99.7984    362.560  488800005     0.7691     2.2634     4.7143     0.0061     0.0258     0.4199     0.0000     0.0000    11.1114    35.5307    27.1686    5.58808    243.031 0.0000e+00
    367.000    11.1564   3.988807     2.2617     0.0203 179.407476   49.01274  -16.39520 1.0000e-12    35.5311    11.1101    99.7981    363.554  488800006     0.7470     2.2625     4.7143     0.0061     0.0270     0.5777     0.0000     0.0000    11.1101    35.5310    27.1691    5.58674    242.973 0.0000e+00
