Data/ruptures/DY032/PAP/d20150629_DY032_CTD09.cnv
* Sea-Bird SBE 9 Data File:
* FileName = C:\CTD\DY032\20150629_DY032_CTD09.hdr
* Software Version Seasave V 7.23.2
* Temperature SN = 2112
* Conductivity SN = 3159
* Number of Bytes Per Scan = 35
* Number of Voltage Words = 4
* Number of Scans Averaged by the Deck Unit = 1
* NMEA Latitude = 48 54.39 N
* NMEA Longitude = 016 29.40 W
* NMEA UTC (Time) = Jun 29 2015 02:57:10
** Ship:
** Station:
** Operator:
# nquan = 28
# nvalues = 1006                        
# units = specified
# name 0 = prDM: Pressure, Digiquartz [db]
# name 1 = t090C: Temperature [ITS-90, deg C]
# name 2 = c0S/m: Conductivity [S/m]
# name 3 = sbeox0V: Oxygen raw, SBE 43 [V]
# name 4 = flC: Fluorescence, Chelsea Aqua 3 Chl Con [ug/l]
# name 5 = timeJ: Julian Days
# name 6 = latitude: Latitude [deg]
# name 7 = longitude: Longitude [deg]
# name 8 = par: PAR/Irradiance, Biospherical/Licor
# name 9 = sal00: Salinity, Practical [PSU]
# name 10 = potemp090C: Potential Temperature [ITS-90, deg C]
# name 11 = CStarTr0: Beam Transmission, WET Labs C-Star [%]
# name 12 = depSM: Depth [salt water, m]
# name 13 = timeQ: Time, NMEA [seconds]
# name 14 = v0: Voltage 0
# name 15 = v1: Voltage 1
# name 16 = v2: Voltage 2
# name 17 = v3: Voltage 3
# name 18 = v4: Voltage 4
# name 19 = v5: Voltage 5
# name 20 = v6: Voltage 6
# name 21 = v7: Voltage 7
# name 22 = potemp090C: Potential Temperature [ITS-90, deg C]
# name 23 = sal00: Salinity, Practical [PSU]
# name 24 = sigma-é00: Density [sigma-theta, kg/m^3]
# name 25 = sbeox0ML/L: Oxygen, SBE 43 [ml/l], WS = 2
# name 26 = sbeox0Mm/Kg: Oxygen, SBE 43 [umol/kg], WS = 2
# name 27 = flag: flag
# span 0 =      6.000,   1011.000       
# span 1 =     8.3982,    15.1752       
# span 2 =   3.738323,   4.367249       
# span 3 =     1.6724,     2.5648       
# span 4 =     0.0118,     1.6141       
# span 5 = 180.126758, 180.146790       
# span 6 =   48.90542,   48.90652       
# span 7 =  -16.49100,  -16.49002       
# span 8 = -7.018e-04, 1.7361e-01       
# span 9 =    35.3389,    35.5628       
# span 10 =     8.2874,    15.1737      
# span 11 =    88.7632,    99.9615      
# span 12 =      5.942,   1000.014      
# span 13 =  488862152,  488863884      
# span 14 =     0.6182,     2.4363      
# span 15 =     1.6713,     2.5649      
# span 16 =     4.1930,     4.7220      
# span 17 =     0.0006,     0.6501      
# span 18 =     0.0157,     0.4022      
# span 19 =    -0.0272,     0.8957      
# span 20 =     0.0000,     0.0000      
# span 21 =     0.0000,     0.0000      
# span 22 =     8.2874,    15.1737      
# span 23 =    35.3344,    35.5478      
# span 24 =    26.3366,    27.5246      
# span 25 =    4.25933,    5.80908      
# span 26 =    185.323,    252.602      
# span 27 = 0.0000e+00, 0.0000e+00      
# interval = decibars: 1                
# start_time = Jun 29 2015 03:02:29 [NMEA time, first data scan]
# bad_flag = -9.990e-29
*END*
[from data line 984]
    990.000     8.6171   3.759559     1.6772     0.0216 180.146127   48.90560  -16.49092 1.0000e-12    35.3898     8.5069    99.9532    979.269  488863826     0.7643     1.6777     4.7216     0.0061     0.0168     0.3013     0.0000     0.0000     8.5069    35.3890    27.5015    4.27034    185.803 0.0000e+00
    991.000     8.6049   3.758471     1.6768     0.0178 180.146140   48.90560  -16.49092 1.0000e-12    35.3902     8.4946    99.9542    980.263  488863828     0.7127     1.6765     4.7216     0.0061     0.0183     0.3514     0.0000     0.0000     8.4946    35.3893    27.5036    4.27451    185.985 0.0000e+00
    992.000     8.5958   3.757688     1.6767     0.0161 180.146152   48.90560  -16.49092 1.0000e-12    35.3906     8.4855    99.9532    981.255  488863829     0.6879     1.6764     4.7216     0.0061     0.0183     0.3263     0.0000     0.0000     8.4855    35.3896    27.5053    4.27118    185.840 0.0000e+00
    993.000     8.5883   3.757030     1.6762     0.0184 180.146169   48.90559  -16.49092 1.0000e-12    35.3908     8.4779    99.9597    982.238  488863830     0.7209     1.6759     4.7219     0.0061     0.0217     0.4060     0.0000     0.0000     8.4779    35.3897    27.5066    4.27413    185.969 0.0000e+00
    994.000     8.5899   3.757239     1.6757     0.0194 180.146189   48.90558  -16.49092 1.0000e-12    35.3907     8.4793    99.9582    983.218  488863832     0.7348     1.6753     4.7218     0.0061     0.0225     0.2382     0.0000     0.0000     8.4793    35.3899    27.5065    4.26790    185.698 0.0000e+00
    995.000     8.5772   3.756084     1.6753     0.0223 180.146202   48.90558  -16.49092 1.0000e-12    35.3908     8.4667    99.9588    984.204  488863833     0.7724     1.6752     4.7219     0.0061     0.0188     0.3837     0.0000     0.0000     8.4667    35.3898    27.5084    4.27744    186.113 0.0000e+00
    996.000     8.5664   3.755107     1.6758     0.0241 180.146213   48.90558  -16.49092 1.0000e-12    35.3910     8.4558    99.9571    985.196  488863834     0.7945     1.6752     4.7218     0.0061     0.0240     0.4393     0.0000     0.0000     8.4558    35.3898    27.5101    4.27975    186.214 0.0000e+00
    997.000     8.5625   3.754745     1.6761     0.0215 180.146222   48.90558  -16.49094 1.0000e-12    35.3906     8.4518    99.9609    986.190  488863835     0.7621     1.6742     4.7220     0.0061     0.0281     0.4388     0.0000     0.0000     8.4518    35.3894    27.5104    4.28268    186.342 0.0000e+00
    998.000     8.5492   3.753462     1.6770     0.0189 180.146239   48.90558  -16.49094 1.0000e-12    35.3899     8.4385    99.9603    987.177  488863836     0.7279     1.6746     4.7219     0.0061     0.0249     0.4213     0.0000     0.0000     8.4385    35.3887    27.5119    4.28733    186.545 0.0000e+00
    999.000     8.5519   3.753696     1.6760     0.0204 180.146271   48.90556  -16.49094 1.0000e-12    35.3888     8.4411    99.9546    988.145  488863839     0.7481     1.6762     4.7217     0.0061     0.0189     0.2017     0.0000     0.0000     8.4411    35.3880    27.5110    4.26852    185.726 0.0000e+00
   1000.000     8.5262   3.751153     1.6741     0.0217 180.146283   48.90556  -16.49094 1.0000e-12    35.3877     8.4154    99.9615    989.140  488863840     0.7650     1.6764     4.7220     0.0061     0.0240     0.4001     0.0000     0.0000     8.4154    35.3863    27.5136    4.27270    185.909 0.0000e+00
   1001.000     8.4911   3.747673     1.6749     0.0235 180.146293   48.90556  -16.49094 1.0000e-12    35.3862     8.3805    99.8877    990.135  488863841     0.7873     1.6754     4.7185     0.0061     0.0323     0.3996     0.0000     0.0000     8.3805    35.3840    27.5173    4.29613    186.930 0.0000e+00
   1002.000     8.4837   3.746935     1.6762     0.0244 180.146304   48.90556  -16.49094 1.0000e-12    35.3853     8.3730    99.9128    991.122  488863842     0.7974     1.6740     4.7197     0.0061     0.0222     0.3288     0.0000     0.0000     8.3730    35.3832    27.5178    4.29590    186.921 0.0000e+00
   1003.000     8.4833   3.746931     1.6763     0.0236 180.146319   48.90556  -16.49094 1.0000e-12    35.3848     8.3725    99.9596    992.107  488863843     0.7877     1.6736     4.7219     0.0061     0.0165     0.4149     0.0000     0.0000     8.3725    35.3831    27.5178    4.29136    186.723 0.0000e+00
   1004.000     8.4657   3.745089     1.6764     0.0201 180.146336   48.90554  -16.49095 1.0000e-12    35.3826     8.3550    99.9584    993.092  488863845     0.7431     1.6751     4.7218     0.0061     0.0230     0.3266     0.0000     0.0000     8.3549    35.3807    27.5186    4.29726    186.981 0.0000e+00
   1005.000     8.4439   3.742908     1.6765     0.0178 180.146356   48.90554  -16.49096 1.0000e-12    35.3809     8.3331    99.9538    994.076  488863846     0.7135     1.6751     4.7216     0.0061     0.0287     0.4637     0.0000     0.0000     8.3332    35.3789    27.5206    4.29545    186.903 0.0000e+00
   1006.000     8.4116   3.739538     1.6766     0.0199 180.146373   48.90554  -16.49096 1.0000e-12    35.3775     8.3010    99.9589    995.067  488863848     0.7415     1.6756     4.7219     0.0061     0.0293     0.2477     0.0000     0.0000     8.3010    35.3750    27.5225    4.30726    187.418 0.0000e+00
   1007.000     8.4061   3.738956     1.6776     0.0249 180.146391   48.90554  -16.49096 1.0000e-12    35.3760     8.2954    99.9587    996.051  488863849     0.8038     1.6752     4.7219     0.0061     0.0263     0.4631     0.0000     0.0000     8.2954    35.3739    27.5225    4.30976    187.528 0.0000e+00
   1008.000     8.4016   3.738542     1.6776     0.0235 180.146408   48.90553  -16.49096 1.0000e-12    35.3754     8.2908    99.9595    997.033  488863851     0.7862     1.6758     4.7219     0.0061     0.0245     0.2986     0.0000     0.0000     8.2908    35.3735    27.5229    4.30824    187.461 0.0000e+00
   1009.000     8.3982   3.738323     1.6777     0.0209 180.146420   48.90552  -16.49096 1.0000e-12    35.3758     8.2874    99.9533    998.028  488863852     0.7554     1.6764     4.7216     0.0061     0.0200     0.3504     0.0000     0.0000     8.2874    35.3741    27.5239    4.31394    187.709 0.0000e+00
   1010.000     8.4012   3.738719     1.6771     0.0239 180.146488   48.90551  -16.49097 1.0000e-12    35.3761     8.2902    99.9573    999.020  488863858     0.7916     1.6760     4.7218     0.0061     0.0243     0.3256     0.0000     0.0000     8.2902    35.3748    27.5241    4.30983    187.530 0.0000e+00
   1011.000     8.4007   3.738771     1.6724     0.0247 180.146790   48.90542  -16.49100 1.0000e-12    35.3758     8.2896    99.9535   1000.014  488863884     0.8005     1.6713     4.7216     0.0061     0.0226     0.3030     0.0000     0.0000     8.2896    35.3754    27.5246    4.29109    186.715 0.0000e+00
