Data/ruptures/DY032/PAP/d20150630_DY032_CTD11.cnv
* Sea-Bird SBE 9 Data File:
* FileName = C:\CTD\DY032\20150629_DY032_CTD11.hdr
* Software Version Seasave V 7.23.2
* Temperature SN = 2112
* Conductivity SN = 3159
* Number of Bytes Per Scan = 35
* Number of Voltage Words = 4
* Number of Scans Averaged by the Deck Unit = 1
* NMEA Latitude = 49 04.43 N
* NMEA Longitude = 016 15.81 W
* NMEA UTC (Time) = Jun 30 2015 10:57:04
** Ship:
** Station:
** Operator:
# nquan = 28
# nvalues = 4081                        
# units = specified
# name 0 = prDM: Pressure, Digiquartz [db]
# name 1 = t090C: Temperature [ITS-90, deg C]
# name 2 = c0S/m: Conductivity [S/m]
# name 3 = sbeox0V: Oxygen raw, SBE 43 [V]
# name 4 = flC: Fluorescence, Chelsea Aqua 3 Chl Con [ug/l]
# name 5 = timeJ: Julian Days
# name 6 = latitude: Latitude [deg]
# name 7 = longitude: Longitude [deg]
# name 8 = par: PAR/Irradiance, Biospherical/Licor
# name 9 = sal00: Salinity, Practical [PSU]
# name 10 = potemp090C: Potential Temperature [ITS-90, deg C]
# name 11 = CStarTr0: Beam Transmission, WET Labs C-Star [%]
# name 12 = depSM: Depth [salt water, m]
# name 13 = timeQ: Time, NMEA [seconds]
# name 14 = v0: Voltage 0
# name 15 = v1: Voltage 1
# name 16 = v2: Voltage 2
# name 17 = v3: Voltage 3
# name 18 = v4: Voltage 4
# name 19 = v5: Voltage 5
# name 20 = v6: Voltage 6
# name 21 = v7: Voltage 7
# name 22 = potemp090C: Potential Temperature [ITS-90, deg C]
# name 23 = sal00: Salinity, Practical [PSU]
# name 24 = sigma-é00: Density [sigma-theta, kg/m^3]
# name 25 = sbeox0ML/L: Oxygen, SBE 43 [ml/l], WS = 2
# name 26 = sbeox0Mm/Kg: Oxygen, SBE 43 [umol/kg], WS = 2
# name 27 = flag: flag
# span 0 =      5.000,   4085.000       
# span 1 =     2.5344,    15.0329       
# span 2 =   3.278909,   4.348356       
# span 3 =     1.3070,     2.5374       
# span 4 =     0.0066,     1.4672       
# span 5 = 181.461286, 181.527635       
# span 6 =   49.06687,   49.07348       
# span 7 =  -16.26410,  -16.26253       
# span 8 = -2.993e-01, 1.8107e+02       
# span 9 =    34.9110,    35.5379       
# span 10 =     2.1753,    15.0320      
# span 11 =    89.4724,   100.0704      
# span 12 =      4.946,   4011.768      
# span 13 =  488977455,  488983187      
# span 14 =     0.5151,     2.3951      
# span 15 =     1.2810,     2.5379      
# span 16 =     4.2265,     4.7271      
# span 17 =     0.0008,     3.5636      
# span 18 =     0.0122,     0.3720      
# span 19 =     0.0000,     0.0000      
# span 20 =     0.0000,     0.0000      
# span 21 =     0.2050,     0.2258      
# span 22 =     2.1753,    15.0320      
# span 23 =    34.9111,    35.5384      
# span 24 =    26.3387,    27.8864      
# span 25 =    4.24704,    5.86279      
# span 26 =    184.790,    255.475      
# span 27 = 0.0000e+00, 0.0000e+00      
# interval = decibars: 1                
# start_time = Jun 30 2015 11:03:57 [NMEA time, first data scan]
# bad_flag = -9.990e-29
*END*
[from data line 3263]
   3268.000     2.8773   3.286009     1.4501     0.0185 181.504905   49.06860  -16.26340 1.0000e-12    34.9431     2.6007    99.5913   3215.352  488981224     0.7236     1.4367     4.7045     0.0061     0.0183     0.0000     0.0000     0.2247     2.6007    34.9431    27.8757    5.36647    233.886 0.0000e+00
   3269.000     2.8756   3.285898     1.4492     0.0176 181.504913   49.06860  -16.26340 1.0000e-12    34.9432     2.5990    99.5913   3216.341  488981224     0.7104     1.4360     4.7045     0.0061     0.0208     0.0000     0.0000     0.2247     2.5990    34.9431    27.8759    5.37012    234.045 0.0000e+00
   3270.000     2.8750   3.285872     1.4490     0.0176 181.504920   49.06860  -16.26340 1.0000e-12    34.9431     2.5983    99.5913   3217.331  488981225     0.7096     1.4369     4.7045     0.0061     0.0209     0.0000     0.0000     0.2247     2.5983    34.9430    27.8759    5.38974    234.900 0.0000e+00
   3271.000     2.8745   3.285863     1.4493     0.0197 181.504929   49.06858  -16.26340 1.0000e-12    34.9431     2.5977    99.5913   3218.315  488981226     0.7393     1.4373     4.7045     0.0061     0.0231     0.0000     0.0000     0.2247     2.5977    34.9430    27.8759    5.39269    235.029 0.0000e+00
   3272.000     2.8742   3.285859     1.4488     0.0183 181.504949   49.06858  -16.26340 1.0000e-12    34.9430     2.5972    99.5913   3219.279  488981227     0.7206     1.4360     4.7045     0.0061     0.0232     0.0000     0.0000     0.2247     2.5972    34.9429    27.8758    5.38128    234.532 0.0000e+00
   3273.000     2.8738   3.285863     1.4478     0.0183 181.504973   49.06858  -16.26339 1.0000e-12    34.9430     2.5968    99.5904   3220.248  488981229     0.7203     1.4358     4.7045     0.0061     0.0276     0.0000     0.0000     0.2247     2.5967    34.9429    27.8759    5.35526    233.398 0.0000e+00
   3274.000     2.8723   3.285764     1.4474     0.0177 181.504985   49.06858  -16.26338 1.0000e-12    34.9429     2.5952    99.5913   3221.229  488981231     0.7122     1.4352     4.7045     0.0061     0.0272     0.0000     0.0000     0.2247     2.5952    34.9428    27.8760    5.37739    234.363 0.0000e+00
   3275.000     2.8713   3.285704     1.4467     0.0165 181.504998   49.06858  -16.26338 1.0000e-12    34.9429     2.5941    99.5913   3222.208  488981232     0.6944     1.4349     4.7045     0.0061     0.0251     0.0000     0.0000     0.2247     2.5941    34.9427    27.8760    5.36994    234.038 0.0000e+00
   3276.000     2.8710   3.285711     1.4470     0.0190 181.505012   49.06858  -16.26338 1.0000e-12    34.9428     2.5937    99.5913   3223.180  488981233     0.7294     1.4339     4.7045     0.0061     0.0323     0.0000     0.0000     0.2247     2.5937    34.9427    27.8760    5.39685    235.211 0.0000e+00
   3277.000     2.8707   3.285724     1.4472     0.0178 181.505023   49.06858  -16.26338 1.0000e-12    34.9428     2.5934    99.5913   3224.154  488981234     0.7127     1.4335     4.7045     0.0061     0.0278     0.0000     0.0000     0.2247     2.5933    34.9427    27.8760    5.38386    234.644 0.0000e+00
   3278.000     2.8701   3.285704     1.4474     0.0180 181.505032   49.06858  -16.26338 1.0000e-12    34.9428     2.5926    99.5913   3225.132  488981235     0.7162     1.4335     4.7045     0.0061     0.0256     0.0000     0.0000     0.2247     2.5926    34.9427    27.8761    5.37950    234.455 0.0000e+00
   3279.000     2.8690   3.285654     1.4468     0.0183 181.505040   49.06858  -16.26338 1.0000e-12    34.9429     2.5915    99.5897   3226.110  488981235     0.7206     1.4334     4.7044     0.0061     0.0256     0.0000     0.0000     0.2247     2.5915    34.9427    27.8763    5.37184    234.121 0.0000e+00
   3280.000     2.8686   3.285654     1.4468     0.0167 181.505048   49.06858  -16.26338 1.0000e-12    34.9428     2.5910    99.5913   3227.096  488981236     0.6970     1.4341     4.7045     0.0061     0.0256     0.0000     0.0000     0.2247     2.5910    34.9427    27.8763    5.38573    234.726 0.0000e+00
   3281.000     2.8689   3.285699     1.4470     0.0182 181.505060   49.06858  -16.26339 1.0000e-12    34.9427     2.5911    99.5913   3228.078  488981237     0.7192     1.4339     4.7045     0.0061     0.0274     0.0000     0.0000     0.2247     2.5911    34.9426    27.8761    5.38613    234.744 0.0000e+00
   3282.000     2.8694   3.285791     1.4468     0.0197 181.505087   49.06858  -16.26339 1.0000e-12    34.9427     2.5916    99.5913   3229.034  488981239     0.7383     1.4336     4.7045     0.0061     0.0242     0.0000     0.0000     0.2247     2.5915    34.9427    27.8762    5.38045    234.496 0.0000e+00
   3283.000     2.8670   3.285616     1.4456     0.0213 181.505105   49.06858  -16.26338 1.0000e-12    34.9428     2.5891    99.5913   3230.022  488981241     0.7604     1.4335     4.7045     0.0061     0.0328     0.0000     0.0000     0.2247     2.5891    34.9427    27.8764    5.34465    232.936 0.0000e+00
   3284.000     2.8649   3.285453     1.4455     0.0208 181.505127   49.06856  -16.26337 1.0000e-12    34.9427     2.5869    99.5907   3230.991  488981243     0.7532     1.4331     4.7045     0.0061     0.0302     0.0000     0.0000     0.2247     2.5868    34.9426    27.8765    5.40084    235.385 0.0000e+00
   3285.000     2.8644   3.285445     1.4457     0.0204 181.505143   49.06856  -16.26336 1.0000e-12    34.9427     2.5863    99.5900   3231.958  488981244     0.7487     1.4308     4.7044     0.0061     0.0258     0.0000     0.0000     0.2247     2.5863    34.9425    27.8765    5.32315    231.999 0.0000e+00
   3286.000     2.8642   3.285466     1.4427     0.0189 181.505151   49.06856  -16.26336 1.0000e-12    34.9427     2.5860    99.5913   3232.939  488981245     0.7287     1.4321     4.7045     0.0061     0.0256     0.0000     0.0000     0.2247     2.5860    34.9426    27.8766    5.35082    233.205 0.0000e+00
   3287.000     2.8639   3.285481     1.4447     0.0190 181.505158   49.06856  -16.26336 1.0000e-12    34.9428     2.5856    99.5913   3233.921  488981245     0.7298     1.4322     4.7045     0.0061     0.0243     0.0000     0.0000     0.2247     2.5856    34.9426    27.8767    5.41808    236.136 0.0000e+00
   3288.000     2.8636   3.285495     1.4455     0.0194 181.505165   49.06856  -16.26336 1.0000e-12    34.9428     2.5852    99.5801   3234.904  488981246     0.7358     1.4333     4.7040     0.0061     0.0237     0.0000     0.0000     0.2247     2.5852    34.9426    27.8767    5.40020    235.357 0.0000e+00
   3289.000     2.8634   3.285489     1.4451     0.0163 181.505172   49.06856  -16.26338 1.0000e-12    34.9425     2.5849    99.5869   3235.887  488981247     0.6908     1.4320     4.7043     0.0061     0.0261     0.0000     0.0000     0.2247     2.5849    34.9424    27.8766    5.36856    233.978 0.0000e+00
   3290.000     2.8633   3.285524     1.4447     0.0170 181.505182   49.06856  -16.26338 1.0000e-12    34.9425     2.5847    99.5901   3236.865  488981248     0.7016     1.4303     4.7044     0.0061     0.0289     0.0000     0.0000     0.2247     2.5847    34.9424    27.8766    5.37028    234.053 0.0000e+00
   3291.000     2.8636   3.285569     1.4439     0.0186 181.505197   49.06856  -16.26338 1.0000e-12    34.9423     2.5848    99.5837   3237.828  488981249     0.7239     1.4320     4.7041     0.0061     0.0213     0.0000     0.0000     0.2247     2.5848    34.9423    27.8764    5.35134    233.228 0.0000e+00
   3292.000     2.8629   3.285557     1.4436     0.0147 181.505211   49.06856  -16.26338 1.0000e-12    34.9424     2.5841    99.5912   3238.808  488981250     0.6666     1.4313     4.7045     0.0061     0.0289     0.0000     0.0000     0.2247     2.5841    34.9423    27.8766    5.39099    234.956 0.0000e+00
   3293.000     2.8627   3.285578     1.4438     0.0161 181.505232   49.06856  -16.26338 1.0000e-12    34.9424     2.5838    99.5888   3239.785  488981252     0.6872     1.4305     4.7044     0.0061     0.0271     0.0000     0.0000     0.2247     2.5838    34.9423    27.8766    5.37431    234.229 0.0000e+00
   3294.000     2.8624   3.285571     1.4437     0.0132 181.505260   49.06855  -16.26338 1.0000e-12    34.9423     2.5833    99.5900   3240.753  488981254     0.6432     1.4305     4.7044     0.0061     0.0312     0.0000     0.0000     0.2247     2.5833    34.9422    27.8766    5.35846    233.538 0.0000e+00
   3295.000     2.8623   3.285616     1.4422     0.0153 181.505275   49.06854  -16.26337 1.0000e-12    34.9425     2.5832    99.5913   3241.736  488981256     0.6754     1.4302     4.7045     0.0061     0.0244     0.0000     0.0000     0.2247     2.5832    34.9424    27.8767    5.35394    233.341 0.0000e+00
   3296.000     2.8621   3.285628     1.4424     0.0139 181.505290   49.06854  -16.26336 1.0000e-12    34.9424     2.5829    99.5913   3242.708  488981257     0.6546     1.4303     4.7045     0.0061     0.0295     0.0000     0.0000     0.2247     2.5829    34.9423    27.8767    5.38302    234.608 0.0000e+00
   3297.000     2.8620   3.285674     1.4428     0.0167 181.505302   49.06854  -16.26336 1.0000e-12    34.9425     2.5827    99.5913   3243.671  488981258     0.6974     1.4289     4.7045     0.0061     0.0205     0.0000     0.0000     0.2248     2.5827    34.9425    27.8768    5.36912    234.003 0.0000e+00
   3298.000     2.8618   3.285677     1.4424     0.0199 181.505310   49.06854  -16.26336 1.0000e-12    34.9424     2.5823    99.5913   3244.666  488981259     0.7418     1.4288     4.7045     0.0061     0.0224     0.0000     0.0000     0.2247     2.5823    34.9424    27.8767    5.35675    233.464 0.0000e+00
   3299.000     2.8618   3.285724     1.4420     0.0224 181.505317   49.06854  -16.26336 1.0000e-12    34.9425     2.5823    99.5913   3245.633  488981259     0.7746     1.4288     4.7045     0.0061     0.0234     0.0000     0.0000     0.2247     2.5823    34.9425    27.8768    5.35178    233.247 0.0000e+00
   3300.000     2.8613   3.285707     1.4418     0.0228 181.505324   49.06854  -16.26336 1.0000e-12    34.9424     2.5816    99.5913   3246.620  488981260     0.7785     1.4296     4.7045     0.0061     0.0232     0.0000     0.0000     0.2247     2.5816    34.9424    27.8768    5.34565    232.980 0.0000e+00
   3301.000     2.8611   3.285731     1.4409     0.0197 181.505331   49.06854  -16.26337 1.0000e-12    34.9425     2.5813    99.5913   3247.601  488981260     0.7387     1.4292     4.7045     0.0061     0.0244     0.0000     0.0000     0.2247     2.5813    34.9424    27.8769    5.34364    232.892 0.0000e+00
   3302.000     2.8610   3.285762     1.4406     0.0190 181.505339   49.06854  -16.26338 1.0000e-12    34.9424     2.5812    99.5913   3248.586  488981261     0.7303     1.4290     4.7045     0.0061     0.0265     0.0000     0.0000     0.2247     2.5812    34.9424    27.8769    5.38909    234.873 0.0000e+00
   3303.000     2.8614   3.285819     1.4422     0.0200 181.505357   49.06854  -16.26338 1.0000e-12    34.9423     2.5815    99.5906   3249.552  488981263     0.7421     1.4281     4.7045     0.0061     0.0237     0.0000     0.0000     0.2247     2.5815    34.9422    27.8767    5.38182    234.556 0.0000e+00
   3304.000     2.8615   3.285865     1.4420     0.0149 181.505387   49.06854  -16.26338 1.0000e-12    34.9423     2.5814    99.5895   3250.520  488981265     0.6700     1.4292     4.7044     0.0061     0.0278     0.0000     0.0000     0.2248     2.5814    34.9423    27.8768    5.36563    233.851 0.0000e+00
   3305.000     2.8609   3.285841     1.4409     0.0205 181.505412   49.06854  -16.26336 1.0000e-12    34.9422     2.5807    99.5892   3251.499  488981267     0.7495     1.4286     4.7044     0.0061     0.0206     0.0000     0.0000     0.2247     2.5807    34.9422    27.8768    5.35977    233.595 0.0000e+00
   3306.000     2.8605   3.285847     1.4408     0.0260 181.505434   49.06853  -16.26335 1.0000e-12    34.9423     2.5802    99.5893   3252.464  488981269     0.8158     1.4271     4.7044     0.0061     0.0237     0.0000     0.0000     0.2247     2.5802    34.9422    27.8768    5.37774    234.379 0.0000e+00
   3307.000     2.8608   3.285918     1.4411     0.0243 181.505443   49.06852  -16.26334 1.0000e-12    34.9423     2.5804    99.5899   3253.444  488981270     0.7968     1.4273     4.7044     0.0061     0.0260     0.0000     0.0000     0.2247     2.5804    34.9423    27.8769    5.37755    234.370 0.0000e+00
   3308.000     2.8609   3.285975     1.4415     0.0273 181.505451   49.06852  -16.26334 1.0000e-12    34.9425     2.5804    99.5896   3254.423  488981271     0.8304     1.4279     4.7044     0.0061     0.0241     0.0000     0.0000     0.2249     2.5804    34.9425    27.8770    5.36416    233.786 0.0000e+00
   3309.000     2.8605   3.285954     1.4409     0.0280 181.505459   49.06852  -16.26334 1.0000e-12    34.9423     2.5799    99.5862   3255.403  488981271     0.8373     1.4268     4.7043     0.0061     0.0233     0.0000     0.0000     0.2248     2.5799    34.9422    27.8769    5.33544    232.535 0.0000e+00
   3310.000     2.8597   3.285920     1.4396     0.0313 181.505466   49.06852  -16.26334 1.0000e-12    34.9422     2.5790    99.5878   3256.383  488981272     0.8710     1.4280     4.7043     0.0061     0.0234     0.0000     0.0000     0.2248     2.5791    34.9422    27.8769    5.35501    233.388 0.0000e+00
   3311.000     2.8595   3.285945     1.4406     0.0307 181.505473   49.06852  -16.26334 1.0000e-12    34.9423     2.5788    99.5868   3257.368  488981273     0.8648     1.4278     4.7043     0.0061     0.0233     0.0000     0.0000     0.2247     2.5788    34.9422    27.8770    5.38868    234.855 0.0000e+00
   3312.000     2.8595   3.285967     1.4406     0.0255 181.505483   49.06852  -16.26335 1.0000e-12    34.9422     2.5785    99.5892   3258.343  488981274     0.8099     1.4278     4.7044     0.0061     0.0233     0.0000     0.0000     0.2248     2.5786    34.9422    27.8769    5.36348    233.757 0.0000e+00
   3313.000     2.8590   3.285961     1.4399     0.0203 181.505498   49.06852  -16.26336 1.0000e-12    34.9422     2.5780    99.5898   3259.309  488981275     0.7465     1.4266     4.7044     0.0061     0.0246     0.0000     0.0000     0.2247     2.5780    34.9421    27.8769    5.35391    233.340 0.0000e+00
   3314.000     2.8587   3.285983     1.4391     0.0234 181.505514   49.06852  -16.26336 1.0000e-12    34.9423     2.5776    99.5895   3260.287  488981276     0.7856     1.4270     4.7044     0.0061     0.0235     0.0000     0.0000     0.2247     2.5776    34.9423    27.8771    5.35996    233.604 0.0000e+00
   3315.000     2.8589   3.286020     1.4399     0.0248 181.505528   49.06852  -16.26336 1.0000e-12    34.9422     2.5776    99.5898   3261.268  488981277     0.8016     1.4264     4.7044     0.0061     0.0208     0.0000     0.0000     0.2247     2.5777    34.9421    27.8770    5.38365    234.636 0.0000e+00
   3316.000     2.8595   3.286111     1.4391     0.0222 181.505573   49.06850  -16.26334 1.0000e-12    34.9422     2.5781    99.5877   3262.229  488981281     0.7711     1.4258     4.7043     0.0061     0.0266     0.0000     0.0000     0.2247     2.5781    34.9421    27.8769    5.34186    232.815 0.0000e+00
   3317.000     2.8579   3.286009     1.4388     0.0256 181.505587   49.06850  -16.26333 1.0000e-12    34.9422     2.5765    99.5914   3263.204  488981283     0.8113     1.4251     4.7045     0.0061     0.0254     0.0000     0.0000     0.2248     2.5765    34.9421    27.8771    5.37064    234.069 0.0000e+00
