Data/ruptures/DY032/PAP/d20150701_DY032_CTD13.cnv
* Sea-Bird SBE 9 Data File:
* FileName = C:\CTD\DY032\20150629_DY032_CTD13.hdr
* Software Version Seasave V 7.23.2
* Temperature SN = 2112
* Conductivity SN = 3159
* Number of Bytes Per Scan = 35
* Number of Voltage Words = 4
* Number of Scans Averaged by the Deck Unit = 1
* NMEA Latitude = 48 59.14 N
* NMEA Longitude = 016 17.12 W
* NMEA UTC (Time) = Jul 01 2015 14:15:45
** Ship:
** Station:
** Operator:
# nquan = 28
# nvalues = 1002                        
# units = specified
# name 0 = prDM: Pressure, Digiquartz [db]
# name 1 = t090C: Temperature [ITS-90, deg C]
# name 2 = c0S/m: Conductivity [S/m]
# name 3 = sbeox0V: Oxygen raw, SBE 43 [V]
# name 4 = flC: Fluorescence, Chelsea Aqua 3 Chl Con [ug/l]
# name 5 = timeJ: Julian Days
# name 6 = latitude: Latitude [deg]
# name 7 = longitude: Longitude [deg]
# name 8 = par: PAR/Irradiance, Biospherical/Licor
# name 9 = sal00: Salinity, Practical [PSU]
# name 10 = potemp090C: Potential Temperature [ITS-90, deg C]
# name 11 = CStarTr0: Beam Transmission, WET Labs C-Star [%]
# name 12 = depSM: Depth [salt water, m]
# name 13 = timeQ: Time, NMEA [seconds]
# name 14 = v0: Voltage 0
# name 15 = v1: Voltage 1
# name 16 = v2: Voltage 2
# name 17 = v3: Voltage 3
# name 18 = v4: Voltage 4
# name 19 = v5: Voltage 5
# name 20 = v6: Voltage 6
# name 21 = v7: Voltage 7
# name 22 = potemp090C: Potential Temperature [ITS-90, deg C]
# name 23 = sal00: Salinity, Practical [PSU]
# name 24 = sigma-é00: Density [sigma-theta, kg/m^3]
# name 25 = sbeox0ML/L: Oxygen, SBE 43 [ml/l], WS = 2
# name 26 = sbeox0Mm/Kg: Oxygen, SBE 43 [umol/kg], WS = 2
# name 27 = flag: flag
# span 0 =      6.000,   1007.000       
# span 1 =     8.5944,    15.4032       
# span 2 =   3.762730,   4.381582       
# span 3 =     1.6752,     2.5690       
# span 4 =     0.0105,     1.5581       
# span 5 = 182.595609, 182.609369       
# span 6 =   48.98570,   48.98572       
# span 7 =  -16.28530,  -16.28526       
# span 8 = 1.0000e-12, 4.4795e+02       
# span 9 =    35.2484,    35.5068       
# span 10 =     8.4822,    15.4023      
# span 11 =    89.5006,    99.9277      
# span 12 =      5.946,    996.051      
# span 13 =  489075461,  489076650      
# span 14 =     0.5949,     2.4208      
# span 15 =     1.6749,     2.5691      
# span 16 =     4.2278,     4.7204      
# span 17 =     0.0061,     3.9501      
# span 18 =     0.0151,     0.4369      
# span 19 =    -0.0063,     0.6313      
# span 20 =     0.2007,     0.2271      
# span 21 =     0.0602,     0.3410      
# span 22 =     8.4822,    15.4023      
# span 23 =    35.2469,    35.5066      
# span 24 =    26.2305,    27.5432      
# span 25 =    4.24284,    5.98362      
# span 26 =    184.597,    260.232      
# span 27 = 0.0000e+00, 0.0000e+00      
# interval = decibars: 1                
# start_time = Jul 01 2015 14:17:27 [NMEA time, first data scan]
# bad_flag = -9.990e-29
*END*
[from data line 984]
    990.000     8.7421   3.776350     1.6758     0.0198 182.609095   48.98572  -16.28530 1.0000e-12    35.4417     8.6309    99.9015    979.271  489076626     0.7410     1.6754     4.7192     0.0061     0.0272     0.1655     0.2271     0.2914     8.6309    35.4413    27.5230    4.25488    185.120 0.0000e+00
    991.000     8.7369   3.775991     1.6758     0.0217 182.609105   48.98572  -16.28530 1.0000e-12    35.4427     8.6256    99.9015    980.260  489076627     0.7658     1.6752     4.7192     0.0061     0.0319     0.3968     0.2271     0.2773     8.6256    35.4423    27.5246    4.25420    185.091 0.0000e+00
    992.000     8.7311   3.775522     1.6756     0.0201 182.609116   48.98572  -16.28530 1.0000e-12    35.4433     8.6197    99.8888    981.244  489076628     0.7448     1.6753     4.7186     0.0061     0.0251     0.3614     0.2271     0.2833     8.6197    35.4427    27.5258    4.25580    185.161 0.0000e+00
    993.000     8.7258   3.775101     1.6756     0.0214 182.609128   48.98572  -16.28530 1.0000e-12    35.4438     8.6143    99.8881    982.232  489076629     0.7610     1.6756     4.7185     0.0061     0.0235     0.3469     0.2271     0.2902     8.6143    35.4431    27.5270    4.25654    185.193 0.0000e+00
    994.000     8.7175   3.774309     1.6756     0.0213 182.609141   48.98572  -16.28530 1.0000e-12    35.4433     8.6060    99.9014    983.216  489076630     0.7594     1.6753     4.7192     0.0061     0.0279     0.3799     0.2271     0.2931     8.6060    35.4426    27.5279    4.25770    185.243 0.0000e+00
    995.000     8.7034   3.772935     1.6755     0.0213 182.609154   48.98570  -16.28530 1.0000e-12    35.4427     8.5919    99.8889    984.199  489076631     0.7602     1.6754     4.7186     0.0061     0.0212     0.4824     0.2271     0.2708     8.5919    35.4417    27.5294    4.25973    185.332 0.0000e+00
    996.000     8.6975   3.772379     1.6755     0.0221 182.609166   48.98570  -16.28530 1.0000e-12    35.4423     8.5859    99.8850    985.188  489076632     0.7706     1.6753     4.7184     0.0061     0.0301     0.1372     0.2271     0.2743     8.5859    35.4412    27.5300    4.26113    185.393 0.0000e+00
    997.000     8.6808   3.770741     1.6755     0.0199 182.609175   48.98572  -16.28530 1.0000e-12    35.4415     8.5692    99.8757    986.175  489076633     0.7413     1.6752     4.7179     0.0061     0.0281     0.4212     0.2271     0.2759     8.5692    35.4401    27.5318    4.26343    185.494 0.0000e+00
    998.000     8.6772   3.770461     1.6755     0.0190 182.609185   48.98572  -16.28530 1.0000e-12    35.4417     8.5655    99.8757    987.162  489076634     0.7304     1.6752     4.7179     0.0061     0.0267     0.4331     0.2271     0.2729     8.5655    35.4404    27.5326    4.26486    185.556 0.0000e+00
    999.000     8.6746   3.770279     1.6756     0.0202 182.609195   48.98572  -16.28530 1.0000e-12    35.4417     8.5629    99.8872    988.153  489076635     0.7461     1.6752     4.7185     0.0061     0.0256     0.4327     0.2271     0.3155     8.5629    35.4405    27.5331    4.26622    185.615 0.0000e+00
   1000.000     8.6753   3.770412     1.6756     0.0201 182.609205   48.98572  -16.28530 1.0000e-12    35.4419     8.5634    99.8827    989.139  489076636     0.7451     1.6752     4.7183     0.0061     0.0241     0.3935     0.2271     0.3164     8.5634    35.4408    27.5332    4.26707    185.653 0.0000e+00
   1001.000     8.6743   3.770367     1.6757     0.0201 182.609216   48.98572  -16.28530 1.0000e-12    35.4419     8.5623    99.8767    990.125  489076636     0.7452     1.6752     4.7180     0.0061     0.0216     0.3764     0.2271     0.2825     8.5623    35.4409    27.5335    4.26614    185.612 0.0000e+00
   1002.000     8.6737   3.770373     1.6756     0.0199 182.609228   48.98572  -16.28530 1.0000e-12    35.4419     8.5616    99.8888    991.115  489076637     0.7419     1.6753     4.7186     0.0061     0.0238     0.3228     0.2271     0.2770     8.5616    35.4411    27.5337    4.26711    185.654 0.0000e+00
   1003.000     8.6732   3.770419     1.6756     0.0180 182.609244   48.98572  -16.28530 1.0000e-12    35.4423     8.5610    99.8815    992.102  489076639     0.7150     1.6753     4.7182     0.0061     0.0286     0.3992     0.2271     0.2739     8.5610    35.4416    27.5342    4.26762    185.677 0.0000e+00
   1004.000     8.6683   3.770258     1.6752     0.0193 182.609266   48.98571  -16.28530 1.0000e-12    35.4450     8.5560    99.8860    993.081  489076641     0.7334     1.6752     4.7184     0.0061     0.0227     0.2131     0.2271     0.2786     8.5560    35.4443    27.5371    4.26406    185.521 0.0000e+00
   1005.000     8.6266   3.766057     1.6752     0.0185 182.609284   48.98572  -16.28530 1.0000e-12    35.4428     8.5145    99.8804    994.074  489076642     0.7230     1.6751     4.7181     0.0061     0.0243     0.4184     0.2271     0.2522     8.5145    35.4411    27.5412    4.27500    185.999 0.0000e+00
   1006.000     8.6143   3.764788     1.6756     0.0187 182.609320   48.98572  -16.28530 1.0000e-12    35.4409     8.5021    99.8707    995.057  489076645     0.7256     1.6749     4.7177     0.0061     0.0265     0.3942     0.2271     0.2593     8.5022    35.4395    27.5419    4.27577    186.033 0.0000e+00
   1007.000     8.5944   3.762730     1.6757     0.0192 182.609369   48.98572  -16.28530 1.0000e-12    35.4384     8.4822    99.8896    996.051  489076650     0.7325     1.6753     4.7186     0.0061     0.0262     0.2570     0.2271     0.2802     8.4822    35.4373    27.5432    4.27910    186.179 0.0000e+00
