Data/ruptures/DY032/PAP/d20150624_DY032_CTD01.cnv
* Sea-Bird SBE 9 Data File:
* FileName = C:\CTD\DY032\20150624_DY032_CTD01.hdr
* Software Version Seasave V 7.23.2
* Temperature SN = 2112
* Conductivity SN = 3159
* Number of Bytes Per Scan = 35
* Number of Voltage Words = 4
* Number of Scans Averaged by the Deck Unit = 1
* NMEA Latitude = 49 01.67 N
* NMEA Longitude = 016 24.88 W
* NMEA UTC (Time) = Jun 24 2015 00:31:13
** Ship:
** Station:
** Operator:
# nquan = 28
# nvalues = 1005                        
# units = specified
# name 0 = prDM: Pressure, Digiquartz [db]
# name 1 = t090C: Temperature [ITS-90, deg C]
# name 2 = c0S/m: Conductivity [S/m]
# name 3 = sbeox0V: Oxygen raw, SBE 43 [V]
# name 4 = flC: Fluorescence, Chelsea Aqua 3 Chl Con [ug/l]
# name 5 = timeJ: Julian Days
# name 6 = latitude: Latitude [deg]
# name 7 = longitude: Longitude [deg]
# name 8 = par: PAR/Irradiance, Biospherical/Licor
# name 9 = sal00: Salinity, Practical [PSU]
# name 10 = potemp090C: Potential Temperature [ITS-90, deg C]
# name 11 = CStarTr0: Beam Transmission, WET Labs C-Star [%]
# name 12 = depSM: Depth [salt water, m]
# name 13 = timeQ: Time, NMEA [seconds]
# name 14 = v0: Voltage 0
# name 15 = v1: Voltage 1
# name 16 = v2: Voltage 2
# name 17 = v3: Voltage 3
# name 18 = v4: Voltage 4
# name 19 = v5: Voltage 5
# name 20 = v6: Voltage 6
# name 21 = v7: Voltage 7
# name 22 = potemp090C: Potential Temperature [ITS-90, deg C]
# name 23 = sal00: Salinity, Practical [PSU]
# name 24 = sigma-é00: Density [sigma-theta, kg/m^3]
# name 25 = sbeox0ML/L: Oxygen, SBE 43 [ml/l], WS = 2
# name 26 = sbeox0Mm/Kg: Oxygen, SBE 43 [umol/kg], WS = 2
# name 27 = flag: flag
# span 0 =      1.000,   1005.000       
# span 1 =     7.5902,    15.3783       
# span 2 =   3.637353,   4.388068       
# span 3 =     1.6891,     2.6879       
# span 4 =     0.0109,     1.7392       
# span 5 = 175.027180, 175.044962       
# span 6 =   49.02764,   49.02784       
# span 7 =  -16.41726,  -16.41466       
# span 8 = 1.0000e-12, 1.0000e-12       
# span 9 =    35.1150,    35.5445       
# span 10 =     7.4874,    15.3772      
# span 11 =    84.8509,    99.9704      
# span 12 =      0.981,    994.073      
# span 13 =  488421548,  488423084      
# span 14 =     0.6033,     2.4684      
# span 15 =     1.6893,     2.6877      
# span 16 =     4.0082,     4.7224      
# span 17 =     0.0000,     0.0000      
# span 18 =     0.0160,     0.2434      
# span 19 =     0.0000,     0.0000      
# span 20 =     0.0000,     0.0000      
# span 21 =     0.0000,     0.0000      
# span 22 =     7.4874,    15.3772      
# span 23 =    35.1114,    35.5449      
# span 24 =    26.2984,    27.5097      
# span 25 =    4.25578,    6.18732      
# span 26 =    185.174,    269.032      
# span 27 = 0.0000e+00, 0.0000e+00      
# interval = decibars: 1                
# start_time = Jun 24 2015 00:38:02 [NMEA time, first data scan]
# bad_flag = -9.990e-29
*END*
[from data line 518]
    519.000    10.8276   3.960510     2.1842     0.0217 175.038102   49.02774  -16.41602 1.0000e-12    35.4986    10.7630    99.8272    513.953  488422492     0.7647     2.1833     4.7156     0.0000     0.0293     0.0000     0.0000     0.0000    10.7630    35.4981    27.2066    5.48699    238.648 0.0000e+00
    520.000    10.8267   3.960465     2.1828     0.0215 175.038117   49.02774  -16.41602 1.0000e-12    35.4986    10.7619    99.8286    514.940  488422493     0.7634     2.1832     4.7157     0.0000     0.0319     0.0000     0.0000     0.0000    10.7619    35.4981    27.2068    5.47850    238.279 0.0000e+00
    521.000    10.8273   3.960609     2.1855     0.0183 175.038130   49.02774  -16.41602 1.0000e-12    35.4989    10.7624    99.8267    515.928  488422494     0.7197     2.1832     4.7156     0.0000     0.0258     0.0000     0.0000     0.0000    10.7624    35.4985    27.2070    5.50937    239.622 0.0000e+00
    522.000    10.8285   3.960833     2.1870     0.0180 175.038145   49.02774  -16.41602 1.0000e-12    35.4995    10.7634    99.8281    516.923  488422495     0.7155     2.1820     4.7157     0.0000     0.0255     0.0000     0.0000     0.0000    10.7634    35.4992    27.2073    5.50199    239.301 0.0000e+00
    523.000    10.8269   3.960719     2.1872     0.0218 175.038160   49.02773  -16.41602 1.0000e-12    35.4994    10.7617    99.8240    517.907  488422497     0.7660     2.1845     4.7155     0.0000     0.0254     0.0000     0.0000     0.0000    10.7617    35.4991    27.2076    5.49776    239.117 0.0000e+00
    524.000    10.8251   3.960565     2.1873     0.0182 175.038174   49.02772  -16.41604 1.0000e-12    35.4992    10.7598    99.8240    518.896  488422498     0.7185     2.1859     4.7155     0.0000     0.0297     0.0000     0.0000     0.0000    10.7598    35.4989    27.2078    5.50639    239.492 0.0000e+00
    525.000    10.8248   3.960586     2.1883     0.0163 175.038187   49.02772  -16.41604 1.0000e-12    35.4991    10.7594    99.8221    519.887  488422499     0.6918     2.1862     4.7154     0.0000     0.0274     0.0000     0.0000     0.0000    10.7594    35.4989    27.2078    5.50613    239.481 0.0000e+00
    526.000    10.8248   3.960632     2.1879     0.0164 175.038202   49.02772  -16.41604 1.0000e-12    35.4991    10.7593    99.8304    520.877  488422500     0.6935     2.1861     4.7158     0.0000     0.0343     0.0000     0.0000     0.0000    10.7593    35.4989    27.2079    5.50329    239.357 0.0000e+00
    527.000    10.8241   3.960601     2.1878     0.0208 175.038217   49.02772  -16.41604 1.0000e-12    35.4990    10.7585    99.8290    521.860  488422502     0.7541     2.1872     4.7157     0.0000     0.0265     0.0000     0.0000     0.0000    10.7585    35.4988    27.2080    5.50329    239.357 0.0000e+00
    528.000    10.8234   3.960576     2.1871     0.0215 175.038231   49.02772  -16.41604 1.0000e-12    35.4990    10.7576    99.8230    522.852  488422503     0.7622     2.1868     4.7155     0.0000     0.0295     0.0000     0.0000     0.0000    10.7576    35.4988    27.2081    5.49983    239.207 0.0000e+00
    529.000    10.8239   3.960682     2.1867     0.0170 175.038244   49.02772  -16.41604 1.0000e-12    35.4991    10.7580    99.8260    523.845  488422504     0.7021     2.1867     4.7156     0.0000     0.0274     0.0000     0.0000     0.0000    10.7580    35.4990    27.2082    5.50184    239.294 0.0000e+00
    530.000    10.8247   3.960842     2.1867     0.0206 175.038258   49.02772  -16.41605 1.0000e-12    35.4994    10.7587    99.8278    524.834  488422505     0.7517     2.1862     4.7157     0.0000     0.0279     0.0000     0.0000     0.0000    10.7587    35.4993    27.2083    5.50300    239.345 0.0000e+00
    531.000    10.8248   3.960902     2.1862     0.0236 175.038275   49.02772  -16.41606 1.0000e-12    35.4995    10.7586    99.8239    525.815  488422507     0.7884     2.1856     4.7155     0.0000     0.0199     0.0000     0.0000     0.0000    10.7586    35.4994    27.2084    5.49743    239.103 0.0000e+00
    532.000    10.8199   3.960393     2.1853     0.0195 175.038289   49.02772  -16.41606 1.0000e-12    35.4988    10.7536    99.8240    526.805  488422508     0.7364     2.1856     4.7155     0.0000     0.0271     0.0000     0.0000     0.0000    10.7536    35.4986    27.2087    5.49778    239.118 0.0000e+00
    533.000    10.8038   3.958677     2.1849     0.0191 175.038299   49.02772  -16.41606 1.0000e-12    35.4971    10.7375    99.8240    527.796  488422509     0.7312     2.1855     4.7155     0.0000     0.0266     0.0000     0.0000     0.0000    10.7375    35.4965    27.2099    5.49992    239.212 0.0000e+00
    534.000    10.7997   3.958269     2.1846     0.0199 175.038309   49.02772  -16.41606 1.0000e-12    35.4966    10.7332    99.8203    528.788  488422510     0.7419     2.1845     4.7153     0.0000     0.0221     0.0000     0.0000     0.0000    10.7332    35.4960    27.2103    5.50077    239.249 0.0000e+00
    535.000    10.7946   3.957714     2.1845     0.0194 175.038320   49.02772  -16.41606 1.0000e-12    35.4955    10.7281    99.8228    529.780  488422511     0.7345     2.1841     4.7154     0.0000     0.0291     0.0000     0.0000     0.0000    10.7281    35.4948    27.2103    5.50220    239.312 0.0000e+00
    536.000    10.7915   3.957413     2.1845     0.0246 175.038332   49.02772  -16.41606 1.0000e-12    35.4951    10.7248    99.8249    530.769  488422512     0.7987     2.1838     4.7155     0.0000     0.0340     0.0000     0.0000     0.0000    10.7248    35.4944    27.2106    5.50618    239.485 0.0000e+00
    537.000    10.7838   3.956637     2.1847     0.0228 175.038347   49.02772  -16.41606 1.0000e-12    35.4944    10.7170    99.8196    531.754  488422513     0.7768     2.1833     4.7153     0.0000     0.0286     0.0000     0.0000     0.0000    10.7170    35.4936    27.2114    5.50648    239.498 0.0000e+00
    538.000    10.7821   3.956544     2.1844     0.0179 175.038364   49.02772  -16.41606 1.0000e-12    35.4945    10.7152    99.8496    532.741  488422514     0.7152     2.1834     4.7167     0.0000     0.0249     0.0000     0.0000     0.0000    10.7152    35.4939    27.2119    5.50552    239.456 0.0000e+00
    539.000    10.7808   3.956462     2.1843     0.0180 175.038377   49.02772  -16.41606 1.0000e-12    35.4945    10.7138    99.8374    533.727  488422515     0.7157     2.1837     4.7161     0.0000     0.0314     0.0000     0.0000     0.0000    10.7138    35.4938    27.2121    5.50508    239.437 0.0000e+00
    540.000    10.7779   3.956215     2.1836     0.0183 175.038388   49.02772  -16.41607 1.0000e-12    35.4943    10.7108    99.8284    534.721  488422516     0.7210     2.1834     4.7157     0.0000     0.0297     0.0000     0.0000     0.0000    10.7108    35.4937    27.2126    5.50359    239.372 0.0000e+00
    541.000    10.7772   3.956223     2.1834     0.0196 175.038401   49.02772  -16.41608 1.0000e-12    35.4946    10.7099    99.8071    535.714  488422518     0.7384     2.1832     4.7147     0.0000     0.0236     0.0000     0.0000     0.0000    10.7100    35.4941    27.2130    5.50424    239.401 0.0000e+00
    542.000    10.7763   3.956181     2.1831     0.0186 175.038415   49.02772  -16.41607 1.0000e-12    35.4945    10.7089    99.8265    536.698  488422519     0.7251     2.1827     4.7156     0.0000     0.0248     0.0000     0.0000     0.0000    10.7090    35.4940    27.2131    5.50273    239.335 0.0000e+00
    543.000    10.7789   3.956567     2.1820     0.0169 175.038430   49.02772  -16.41606 1.0000e-12    35.4954    10.7113    99.8294    537.685  488422520     0.7003     2.1822     4.7158     0.0000     0.0196     0.0000     0.0000     0.0000    10.7113    35.4950    27.2135    5.50173    239.291 0.0000e+00
    544.000    10.7818   3.957039     2.1827     0.0176 175.038442   49.02772  -16.41608 1.0000e-12    35.4967    10.7141    99.8402    538.674  488422521     0.7102     2.1820     4.7163     0.0000     0.0268     0.0000     0.0000     0.0000    10.7141    35.4965    27.2141    5.51224    239.748 0.0000e+00
    545.000    10.7791   3.956830     2.1839     0.0191 175.038453   49.02772  -16.41608 1.0000e-12    35.4968    10.7113    99.8412    539.664  488422522     0.7318     2.1811     4.7163     0.0000     0.0237     0.0000     0.0000     0.0000    10.7113    35.4965    27.2147    5.51590    239.907 0.0000e+00
    546.000    10.7778   3.956731     2.1843     0.0212 175.038464   49.02772  -16.41608 1.0000e-12    35.4967    10.7098    99.8496    540.658  488422523     0.7591     2.1809     4.7167     0.0000     0.0238     0.0000     0.0000     0.0000    10.7099    35.4964    27.2148    5.51490    239.864 0.0000e+00
    547.000    10.7773   3.956737     2.1851     0.0204 175.038477   49.02772  -16.41608 1.0000e-12    35.4967    10.7092    99.8647    541.648  488422524     0.7485     2.1823     4.7174     0.0000     0.0286     0.0000     0.0000     0.0000    10.7093    35.4965    27.2150    5.51961    240.069 0.0000e+00
    548.000    10.7776   3.956830     2.1848     0.0215 175.038494   49.02772  -16.41608 1.0000e-12    35.4969    10.7094    99.8374    542.628  488422526     0.7619     2.1832     4.7161     0.0000     0.0240     0.0000     0.0000     0.0000    10.7094    35.4967    27.2151    5.51158    239.720 0.0000e+00
    549.000    10.7768   3.956865     2.1843     0.0188 175.038508   49.02772  -16.41608 1.0000e-12    35.4976    10.7085    99.8501    543.616  488422527     0.7272     2.1841     4.7167     0.0000     0.0306     0.0000     0.0000     0.0000    10.7085    35.4974    27.2158    5.51513    239.874 0.0000e+00
    550.000    10.7768   3.956905     2.1845     0.0202 175.038518   49.02772  -16.41608 1.0000e-12    35.4975    10.7084    99.8345    544.609  488422528     0.7458     2.1840     4.7160     0.0000     0.0258     0.0000     0.0000     0.0000    10.7084    35.4973    27.2158    5.51689    239.950 0.0000e+00
    551.000    10.7762   3.956926     2.1847     0.0200 175.038529   49.02772  -16.41608 1.0000e-12    35.4978    10.7077    99.8403    545.605  488422529     0.7431     2.1834     4.7163     0.0000     0.0235     0.0000     0.0000     0.0000    10.7077    35.4976    27.2162    5.52109    240.133 0.0000e+00
    552.000    10.7756   3.956907     2.1861     0.0193 175.038544   49.02772  -16.41610 1.0000e-12    35.4977    10.7070    99.8358    546.590  488422530     0.7339     2.1833     4.7160     0.0000     0.0281     0.0000     0.0000     0.0000    10.7070    35.4976    27.2163    5.52944    240.496 0.0000e+00
    553.000    10.7754   3.956923     2.1868     0.0199 175.038563   49.02772  -16.41610 1.0000e-12    35.4977    10.7066    99.8429    547.572  488422532     0.7412     2.1838     4.7164     0.0000     0.0237     0.0000     0.0000     0.0000    10.7066    35.4976    27.2163    5.52572    240.334 0.0000e+00
    554.000    10.7714   3.956531     2.1868     0.0190 175.038578   49.02772  -16.41610 1.0000e-12    35.4973    10.7025    99.8328    548.561  488422533     0.7293     2.1856     4.7159     0.0000     0.0273     0.0000     0.0000     0.0000    10.7025    35.4970    27.2167    5.52697    240.389 0.0000e+00
    555.000    10.7718   3.956616     2.1867     0.0198 175.038589   49.02772  -16.41610 1.0000e-12    35.4972    10.7028    99.8128    549.550  488422534     0.7411     2.1856     4.7150     0.0000     0.0266     0.0000     0.0000     0.0000    10.7028    35.4970    27.2166    5.52446    240.280 0.0000e+00
    556.000    10.7713   3.956606     2.1860     0.0202 175.038599   49.02772  -16.41610 1.0000e-12    35.4971    10.7022    99.8475    550.543  488422535     0.7466     2.1856     4.7166     0.0000     0.0268     0.0000     0.0000     0.0000    10.7022    35.4970    27.2166    5.52404    240.261 0.0000e+00
    557.000    10.7720   3.956737     2.1860     0.0213 175.038609   49.02772  -16.41610 1.0000e-12    35.4973    10.7027    99.8475    551.536  488422536     0.7597     2.1856     4.7166     0.0000     0.0256     0.0000     0.0000     0.0000    10.7027    35.4972    27.2167    5.52587    240.341 0.0000e+00
    558.000    10.7722   3.956806     2.1861     0.0202 175.038621   49.02772  -16.41610 1.0000e-12    35.4973    10.7028    99.8441    552.526  488422537     0.7454     2.1852     4.7164     0.0000     0.0293     0.0000     0.0000     0.0000    10.7028    35.4972    27.2167    5.52885    240.471 0.0000e+00
    559.000    10.7727   3.956922     2.1859     0.0178 175.038635   49.02772  -16.41610 1.0000e-12    35.4975    10.7031    99.8229    553.509  488422538     0.7139     2.1849     4.7155     0.0000     0.0292     0.0000     0.0000     0.0000    10.7031    35.4975    27.2169    5.52563    240.331 0.0000e+00
    560.000    10.7758   3.957446     2.1857     0.0179 175.038651   49.02772  -16.41610 1.0000e-12    35.4992    10.7061    99.8422    554.497  488422539     0.7146     2.1849     4.7163     0.0000     0.0302     0.0000     0.0000     0.0000    10.7061    35.4993    27.2177    5.52646    240.366 0.0000e+00
    561.000    10.7830   3.958377     2.1856     0.0182 175.038664   49.02772  -16.41612 1.0000e-12    35.5010    10.7132    99.8308    555.485  488422540     0.7194     2.1848     4.7158     0.0000     0.0264     0.0000     0.0000     0.0000    10.7132    35.5012    27.2180    5.52591    240.342 0.0000e+00
    562.000    10.7706   3.956961     2.1854     0.0169 175.038677   49.02772  -16.41612 1.0000e-12    35.4987    10.7007    99.7961    556.480  488422541     0.7008     2.1845     4.7142     0.0000     0.0234     0.0000     0.0000     0.0000    10.7007    35.4986    27.2182    5.52710    240.394 0.0000e+00
    563.000    10.7697   3.956905     2.1848     0.0208 175.038692   49.02772  -16.41612 1.0000e-12    35.4987    10.6996    99.8241    557.463  488422543     0.7528     2.1844     4.7155     0.0000     0.0252     0.0000     0.0000     0.0000    10.6996    35.4985    27.2183    5.52296    240.214 0.0000e+00
    564.000    10.7636   3.956233     2.1842     0.0188 175.038706   49.02772  -16.41612 1.0000e-12    35.4974    10.6935    99.8429    558.448  488422544     0.7267     2.1842     4.7164     0.0000     0.0333     0.0000     0.0000     0.0000    10.6935    35.4971    27.2183    5.52431    240.273 0.0000e+00
    565.000    10.7635   3.956267     2.1838     0.0207 175.038717   49.02772  -16.41612 1.0000e-12    35.4974    10.6932    99.8309    559.442  488422545     0.7519     2.1840     4.7158     0.0000     0.0230     0.0000     0.0000     0.0000    10.6932    35.4971    27.2184    5.52650    240.369 0.0000e+00
    566.000    10.7633   3.956291     2.1843     0.0177 175.038727   49.02772  -16.41612 1.0000e-12    35.4973    10.6929    99.8229    560.433  488422546     0.7108     2.1832     4.7154     0.0000     0.0274     0.0000     0.0000     0.0000    10.6929    35.4971    27.2184    5.53059    240.546 0.0000e+00
    567.000    10.7621   3.956183     2.1844     0.0250 175.038739   49.02772  -16.41612 1.0000e-12    35.4969    10.6916    99.8221    561.426  488422547     0.8044     2.1828     4.7154     0.0000     0.0247     0.0000     0.0000     0.0000    10.6916    35.4967    27.2184    5.52928    240.489 0.0000e+00
    568.000    10.7617   3.956170     2.1839     0.0253 175.038754   49.02772  -16.41612 1.0000e-12    35.4968    10.6910    99.7975    562.409  488422548     0.8082     2.1830     4.7143     0.0000     0.0248     0.0000     0.0000     0.0000    10.6910    35.4966    27.2183    5.52439    240.277 0.0000e+00
    569.000    10.7606   3.956105     2.1832     0.0254 175.038769   49.02772  -16.41612 1.0000e-12    35.4967    10.6898    99.8179    563.396  488422549     0.8087     2.1832     4.7152     0.0000     0.0281     0.0000     0.0000     0.0000    10.6898    35.4966    27.2185    5.52465    240.288 0.0000e+00
