Data/ruptures/DY032/PAP/d20150624_DY032_CTD02.cnv
* Sea-Bird SBE 9 Data File:
* FileName = C:\CTD\DY032\20150624_DY032_CTD02.hdr
* Software Version Seasave V 7.23.2
* Temperature SN = 2112
* Conductivity SN = 3159
* Number of Bytes Per Scan = 35
* Number of Voltage Words = 4
* Number of Scans Averaged by the Deck Unit = 1
* NMEA Latitude = 49 02.51 N
* NMEA Longitude = 016 24.61 W
* NMEA UTC (Time) = Jun 24 2015 15:53:01
** Ship:
** Station:
** Operator:
# nquan = 28
# nvalues = 4720                        
# units = specified
# name 0 = prDM: Pressure, Digiquartz [db]
# name 1 = t090C: Temperature [ITS-90, deg C]
# name 2 = c0S/m: Conductivity [S/m]
# name 3 = sbeox0V: Oxygen raw, SBE 43 [V]
# name 4 = flC: Fluorescence, Chelsea Aqua 3 Chl Con [ug/l]
# name 5 = timeJ: Julian Days
# name 6 = latitude: Latitude [deg]
# name 7 = longitude: Longitude [deg]
# name 8 = par: PAR/Irradiance, Biospherical/Licor
# name 9 = sal00: Salinity, Practical [PSU]
# name 10 = potemp090C: Potential Temperature [ITS-90, deg C]
# name 11 = CStarTr0: Beam Transmission, WET Labs C-Star [%]
# name 12 = depSM: Depth [salt water, m]
# name 13 = timeQ: Time, NMEA [seconds]
# name 14 = v0: Voltage 0
# name 15 = v1: Voltage 1
# name 16 = v2: Voltage 2
# name 17 = v3: Voltage 3
# name 18 = v4: Voltage 4
# name 19 = v5: Voltage 5
# name 20 = v6: Voltage 6
# name 21 = v7: Voltage 7
# name 22 = potemp090C: Potential Temperature [ITS-90, deg C]
# name 23 = sal00: Salinity, Practical [PSU]
# name 24 = sigma-é00: Density [sigma-theta, kg/m^3]
# name 25 = sbeox0ML/L: Oxygen, SBE 43 [ml/l], WS = 2
# name 26 = sbeox0Mm/Kg: Oxygen, SBE 43 [umol/kg], WS = 2
# name 27 = flag: flag
# span 0 =      6.000,   4725.000       
# span 1 =     2.5513,    15.6027       
# span 2 =   3.278284,   4.411120       
# span 3 =     1.2411,     2.6844       
# span 4 =     0.0023,     1.7985       
# span 5 = 175.673281, 175.745849       
# span 6 =   49.03462,   49.04080       
# span 7 =  -16.41022,  -16.41010       
# span 8 = 1.0000e-12, 2.5260e+02       
# span 9 =    34.9045,    35.5796       
# span 10 =     2.1213,    15.6014      
# span 11 =    83.5842,   100.0679      
# span 12 =      5.939,   4633.601      
# span 13 =  488477372,  488483642      
# span 14 =     0.4075,     2.4829      
# span 15 =     1.2187,     2.6854      
# span 16 =     3.9484,     4.7270      
# span 17 =     0.0060,     3.7038      
# span 18 =     0.0123,     0.2915      
# span 19 =     0.0000,     0.0000      
# span 20 =     0.0000,     0.0000      
# span 21 =     0.0000,     0.0000      
# span 22 =     2.1213,    15.6014      
# span 23 =    34.9046,    35.5796      
# span 24 =    26.2519,    27.8860      
# span 25 =    4.24037,    6.23327      
# span 26 =    184.505,    271.035      
# span 27 = 0.0000e+00, 0.0000e+00      
# interval = decibars: 1                
# start_time = Jun 24 2015 16:09:17 [NMEA time, first data scan]
# bad_flag = -9.990e-29
*END*
[from data line 4195]
   4201.000     2.5528   3.287730     1.2987     0.0217 175.739076   49.03462  -16.41014 1.0000e-12    34.9110     2.1796    99.3820   4124.592  488483056     0.7646     1.2807     4.6946     0.0061     0.0153     0.0000     0.0000     0.0000     2.1796    34.9110    27.8858    5.15149    224.543 0.0000e+00
   4202.000     2.5528   3.287754     1.2986     0.0201 175.739092   49.03462  -16.41014 1.0000e-12    34.9109     2.1795    99.3797   4125.562  488483058     0.7445     1.2807     4.6945     0.0061     0.0165     0.0000     0.0000     0.0000     2.1795    34.9109    27.8858    5.14184    224.123 0.0000e+00
   4203.000     2.5529   3.287797     1.2982     0.0158 175.739110   49.03462  -16.41014 1.0000e-12    34.9109     2.1795    99.3833   4126.528  488483059     0.6841     1.2805     4.6946     0.0061     0.0207     0.0000     0.0000     0.0000     2.1795    34.9109    27.8858    5.14247    224.150 0.0000e+00
   4204.000     2.5532   3.287862     1.2978     0.0163 175.739123   49.03462  -16.41014 1.0000e-12    34.9110     2.1796    99.3822   4127.498  488483060     0.6918     1.2804     4.6946     0.0061     0.0145     0.0000     0.0000     0.0000     2.1796    34.9110    27.8858    5.14083    224.079 0.0000e+00
   4205.000     2.5534   3.287917     1.2978     0.0170 175.739133   49.03462  -16.41014 1.0000e-12    34.9110     2.1797    99.3773   4128.469  488483061     0.7014     1.2799     4.6944     0.0061     0.0152     0.0000     0.0000     0.0000     2.1797    34.9110    27.8858    5.14940    224.452 0.0000e+00
   4206.000     2.5534   3.287949     1.2978     0.0159 175.739141   49.03462  -16.41014 1.0000e-12    34.9109     2.1796    99.3811   4129.453  488483062     0.6850     1.2802     4.6945     0.0061     0.0142     0.0000     0.0000     0.0000     2.1796    34.9110    27.8858    5.14995    224.476 0.0000e+00
   4207.000     2.5537   3.288018     1.2978     0.0164 175.739148   49.03462  -16.41014 1.0000e-12    34.9110     2.1798    99.3846   4130.424  488483062     0.6927     1.2796     4.6947     0.0061     0.0138     0.0000     0.0000     0.0000     2.1798    34.9111    27.8859    5.15167    224.551 0.0000e+00
   4208.000     2.5537   3.288053     1.2978     0.0147 175.739155   49.03462  -16.41014 1.0000e-12    34.9110     2.1797    99.3830   4131.401  488483063     0.6663     1.2796     4.6946     0.0061     0.0157     0.0000     0.0000     0.0000     2.1797    34.9111    27.8859    5.15249    224.587 0.0000e+00
   4209.000     2.5538   3.288098     1.2978     0.0145 175.739164   49.03462  -16.41014 1.0000e-12    34.9111     2.1796    99.3833   4132.376  488483064     0.6636     1.2796     4.6946     0.0061     0.0146     0.0000     0.0000     0.0000     2.1796    34.9111    27.8859    5.15252    224.588 0.0000e+00
   4210.000     2.5541   3.288143     1.2978     0.0164 175.739179   49.03462  -16.41014 1.0000e-12    34.9110     2.1798    99.3817   4133.347  488483065     0.6921     1.2796     4.6946     0.0061     0.0157     0.0000     0.0000     0.0000     2.1798    34.9110    27.8858    5.13432    223.795 0.0000e+00
   4211.000     2.5539   3.288159     1.2959     0.0163 175.739203   49.03462  -16.41014 1.0000e-12    34.9109     2.1795    99.3841   4134.294  488483067     0.6916     1.2795     4.6947     0.0061     0.0158     0.0000     0.0000     0.0000     2.1795    34.9109    27.8858    5.14783    224.383 0.0000e+00
   4212.000     2.5535   3.288162     1.2970     0.0144 175.739212   49.03462  -16.41014 1.0000e-12    34.9110     2.1790    95.5835   4135.273  488483068     0.6630     1.2796     4.5152     0.0061     0.0138     0.0000     0.0000     0.0000     2.1790    34.9110    27.8859    5.16791    225.259 0.0000e+00
   4213.000     2.5534   3.288183     1.2974     0.0158 175.739218   49.03462  -16.41014 1.0000e-12    34.9110     2.1787    98.0392   4136.248  488483068     0.6837     1.2794     4.6312     0.0061     0.0210     0.0000     0.0000     0.0000     2.1787    34.9110    27.8859    5.15296    224.608 0.0000e+00
   4214.000     2.5534   3.288215     1.2969     0.0173 175.739225   49.03462  -16.41014 1.0000e-12    34.9109     2.1787    99.4263   4137.232  488483069     0.7059     1.2772     4.6967     0.0061     0.0184     0.0000     0.0000     0.0000     2.1787    34.9109    27.8858    5.14629    224.316 0.0000e+00
   4215.000     2.5536   3.288268     1.2972     0.0175 175.739231   49.03462  -16.41014 1.0000e-12    34.9109     2.1787    99.3827   4138.209  488483070     0.7092     1.2784     4.6946     0.0061     0.0158     0.0000     0.0000     0.0000     2.1788    34.9109    27.8858    5.15535    224.711 0.0000e+00
   4216.000     2.5535   3.288294     1.2972     0.0205 175.739239   49.03462  -16.41014 1.0000e-12    34.9109     2.1785    99.3833   4139.200  488483070     0.7501     1.2787     4.6946     0.0061     0.0138     0.0000     0.0000     0.0000     2.1785    34.9109    27.8859    5.14835    224.406 0.0000e+00
   4217.000     2.5538   3.288350     1.2966     0.0190 175.739268   49.03462  -16.41013 1.0000e-12    34.9109     2.1787    99.3792   4140.137  488483073     0.7294     1.2788     4.6944     0.0061     0.0148     0.0000     0.0000     0.0000     2.1786    34.9109    27.8858    5.12892    223.559 0.0000e+00
   4218.000     2.5539   3.288394     1.2955     0.0209 175.739286   49.03462  -16.41012 1.0000e-12    34.9109     2.1786    99.3809   4141.099  488483074     0.7552     1.2788     4.6945     0.0060     0.0133     0.0000     0.0000     0.0000     2.1786    34.9109    27.8859    5.11773    223.072 0.0000e+00
   4219.000     2.5540   3.288437     1.2955     0.0238 175.739291   49.03462  -16.41012 1.0000e-12    34.9109     2.1786    99.3846   4142.086  488483075     0.7904     1.2784     4.6947     0.0061     0.0141     0.0000     0.0000     0.0000     2.1786    34.9109    27.8858    5.14585    224.297 0.0000e+00
   4220.000     2.5540   3.288452     1.2958     0.0221 175.739297   49.03462  -16.41012 1.0000e-12    34.9107     2.1785    99.3823   4143.060  488483075     0.7704     1.2784     4.6946     0.0061     0.0141     0.0000     0.0000     0.0000     2.1785    34.9107    27.8857    5.15088    224.517 0.0000e+00
   4221.000     2.5527   3.288388     1.2958     0.0205 175.739302   49.03462  -16.41014 1.0000e-12    34.9109     2.1772    99.3846   4144.031  488483076     0.7501     1.2784     4.6947     0.0061     0.0141     0.0000     0.0000     0.0000     2.1772    34.9108    27.8859    5.14647    224.325 0.0000e+00
   4222.000     2.5526   3.288401     1.2957     0.0201 175.739307   49.03462  -16.41014 1.0000e-12    34.9108     2.1769    99.3846   4145.033  488483076     0.7446     1.2782     4.6947     0.0061     0.0132     0.0000     0.0000     0.0000     2.1769    34.9108    27.8859    5.14131    224.100 0.0000e+00
   4223.000     2.5527   3.288442     1.2955     0.0200 175.739313   49.03462  -16.41014 1.0000e-12    34.9107     2.1769    99.3846   4145.984  488483077     0.7440     1.2774     4.6947     0.0061     0.0134     0.0000     0.0000     0.0000     2.1769    34.9107    27.8858    5.14810    224.395 0.0000e+00
   4224.000     2.5525   3.288468     1.2957     0.0192 175.739320   49.03462  -16.41014 1.0000e-12    34.9109     2.1766    99.3820   4146.979  488483077     0.7323     1.2773     4.6946     0.0061     0.0136     0.0000     0.0000     0.0000     2.1766    34.9108    27.8859    5.15020    224.487 0.0000e+00
   4225.000     2.5529   3.288515     1.2946     0.0195 175.739346   49.03462  -16.41013 1.0000e-12    34.9106     2.1768    99.3828   4147.933  488483079     0.7370     1.2775     4.6946     0.0061     0.0134     0.0000     0.0000     0.0000     2.1768    34.9105    27.8857    5.13349    223.759 0.0000e+00
   4226.000     2.5535   3.288612     1.2946     0.0206 175.739376   49.03462  -16.41012 1.0000e-12    34.9106     2.1773    99.3805   4148.877  488483082     0.7510     1.2772     4.6945     0.0061     0.0130     0.0000     0.0000     0.0000     2.1774    34.9106    27.8857    5.17150    225.416 0.0000e+00
   4227.000     2.5531   3.288619     1.2953     0.0213 175.739381   49.03462  -16.41012 1.0000e-12    34.9108     2.1768    99.3803   4149.862  488483082     0.7603     1.2772     4.6945     0.0061     0.0126     0.0000     0.0000     0.0000     2.1768    34.9108    27.8859    5.18269    225.903 0.0000e+00
   4228.000     2.5529   3.288632     1.2955     0.0206 175.739387   49.03462  -16.41012 1.0000e-12    34.9107     2.1765    99.3803   4150.860  488483083     0.7512     1.2772     4.6945     0.0061     0.0142     0.0000     0.0000     0.0000     2.1765    34.9107    27.8858    5.16266    225.030 0.0000e+00
   4229.000     2.5531   3.288683     1.2955     0.0196 175.739392   49.03462  -16.41012 1.0000e-12    34.9107     2.1766    99.3825   4151.802  488483083     0.7382     1.2771     4.6946     0.0061     0.0159     0.0000     0.0000     0.0000     2.1766    34.9107    27.8858    5.14754    224.371 0.0000e+00
   4230.000     2.5529   3.288707     1.2953     0.0189 175.739398   49.03462  -16.41012 1.0000e-12    34.9108     2.1763    99.3846   4152.797  488483084     0.7284     1.2751     4.6947     0.0061     0.0177     0.0000     0.0000     0.0000     2.1763    34.9108    27.8860    5.14570    224.291 0.0000e+00
   4231.000     2.5530   3.288732     1.2955     0.0176 175.739404   49.03462  -16.41012 1.0000e-12    34.9106     2.1762    99.3826   4153.768  488483084     0.7113     1.2764     4.6946     0.0061     0.0175     0.0000     0.0000     0.0000     2.1762    34.9106    27.8858    5.15096    224.520 0.0000e+00
   4232.000     2.5526   3.288738     1.2954     0.0166 175.739411   49.03462  -16.41012 1.0000e-12    34.9107     2.1757    99.3814   4154.748  488483085     0.6961     1.2770     4.6946     0.0061     0.0161     0.0000     0.0000     0.0000     2.1757    34.9107    27.8859    5.15089    224.517 0.0000e+00
   4233.000     2.5525   3.288744     1.2954     0.0177 175.739420   49.03462  -16.41014 1.0000e-12    34.9105     2.1755    99.3823   4155.717  488483086     0.7111     1.2772     4.6946     0.0061     0.0175     0.0000     0.0000     0.0000     2.1755    34.9105    27.8858    5.14747    224.368 0.0000e+00
   4234.000     2.5528   3.288808     1.2951     0.0181 175.739442   49.03462  -16.41014 1.0000e-12    34.9105     2.1757    99.3832   4156.682  488483088     0.7174     1.2770     4.6946     0.0061     0.0171     0.0000     0.0000     0.0000     2.1757    34.9105    27.8857    5.14408    224.220 0.0000e+00
   4235.000     2.5530   3.288861     1.2942     0.0191 175.739473   49.03462  -16.41012 1.0000e-12    34.9105     2.1758    99.3838   4157.636  488483091     0.7314     1.2767     4.6947     0.0061     0.0164     0.0000     0.0000     0.0000     2.1758    34.9105    27.8858    5.13542    223.843 0.0000e+00
   4236.000     2.5535   3.288952     1.2942     0.0178 175.739482   49.03462  -16.41012 1.0000e-12    34.9107     2.1761    99.3815   4158.608  488483091     0.7135     1.2767     4.6946     0.0061     0.0159     0.0000     0.0000     0.0000     2.1761    34.9107    27.8859    5.13891    223.995 0.0000e+00
   4237.000     2.5541   3.289046     1.2942     0.0200 175.739489   49.03462  -16.41012 1.0000e-12    34.9107     2.1766    99.3827   4159.588  488483092     0.7429     1.2766     4.6946     0.0061     0.0159     0.0000     0.0000     0.0000     2.1766    34.9108    27.8859    5.13280    223.728 0.0000e+00
   4238.000     2.5544   3.289121     1.2935     0.0211 175.739496   49.03462  -16.41012 1.0000e-12    34.9109     2.1768    99.3846   4160.555  488483092     0.7568     1.2758     4.6947     0.0061     0.0159     0.0000     0.0000     0.0000     2.1768    34.9109    27.8860    5.12046    223.191 0.0000e+00
   4239.000     2.5547   3.289173     1.2935     0.0204 175.739501   49.03462  -16.41012 1.0000e-12    34.9107     2.1770    99.3846   4161.549  488483093     0.7479     1.2761     4.6947     0.0061     0.0151     0.0000     0.0000     0.0000     2.1770    34.9108    27.8859    5.12612    223.437 0.0000e+00
   4240.000     2.5546   3.289190     1.2931     0.0178 175.739507   49.03462  -16.41012 1.0000e-12    34.9107     2.1768    99.3846   4162.504  488483093     0.7139     1.2757     4.6947     0.0061     0.0137     0.0000     0.0000     0.0000     2.1768    34.9107    27.8858    5.12856    223.543 0.0000e+00
   4241.000     2.5547   3.289228     1.2933     0.0180 175.739513   49.03462  -16.41012 1.0000e-12    34.9106     2.1767    99.3826   4163.497  488483094     0.7163     1.2758     4.6946     0.0061     0.0155     0.0000     0.0000     0.0000     2.1767    34.9107    27.8858    5.12864    223.547 0.0000e+00
   4242.000     2.5547   3.289272     1.2926     0.0199 175.739520   49.03462  -16.41013 1.0000e-12    34.9107     2.1766    99.3845   4164.466  488483094     0.7424     1.2757     4.6947     0.0061     0.0145     0.0000     0.0000     0.0000     2.1766    34.9108    27.8859    5.13632    223.882 0.0000e+00
   4243.000     2.5547   3.289298     1.2931     0.0211 175.739528   49.03463  -16.41014 1.0000e-12    34.9107     2.1764    99.3827   4165.450  488483095     0.7579     1.2751     4.6946     0.0061     0.0162     0.0000     0.0000     0.0000     2.1764    34.9107    27.8859    5.16710    225.223 0.0000e+00
   4244.000     2.5551   3.289359     1.2939     0.0185 175.739556   49.03464  -16.41014 1.0000e-12    34.9106     2.1768    99.3818   4166.395  488483098     0.7228     1.2748     4.6946     0.0061     0.0160     0.0000     0.0000     0.0000     2.1768    34.9106    27.8857    5.14421    224.226 0.0000e+00
   4245.000     2.5553   3.289416     1.2933     0.0186 175.739575   49.03462  -16.41014 1.0000e-12    34.9106     2.1768    99.3812   4167.365  488483099     0.7242     1.2755     4.6945     0.0061     0.0143     0.0000     0.0000     0.0000     2.1768    34.9107    27.8858    5.13934    224.013 0.0000e+00
   4246.000     2.5550   3.289425     1.2933     0.0185 175.739585   49.03462  -16.41012 1.0000e-12    34.9107     2.1764    99.3805   4168.343  488483100     0.7233     1.2751     4.6945     0.0061     0.0155     0.0000     0.0000     0.0000     2.1764    34.9107    27.8859    5.14130    224.099 0.0000e+00
   4247.000     2.5551   3.289460     1.2931     0.0195 175.739594   49.03462  -16.41012 1.0000e-12    34.9106     2.1764    99.3819   4169.319  488483101     0.7372     1.2753     4.6946     0.0061     0.0159     0.0000     0.0000     0.0000     2.1764    34.9106    27.8858    5.14222    224.139 0.0000e+00
   4248.000     2.5553   3.289520     1.2932     0.0165 175.739603   49.03462  -16.41012 1.0000e-12    34.9107     2.1765    99.3846   4170.286  488483102     0.6935     1.2748     4.6947     0.0061     0.0147     0.0000     0.0000     0.0000     2.1764    34.9107    27.8858    5.14747    224.368 0.0000e+00
   4249.000     2.5554   3.289559     1.2930     0.0114 175.739611   49.03462  -16.41012 1.0000e-12    34.9105     2.1765    99.3785   4171.261  488483102     0.6127     1.2748     4.6944     0.0061     0.0142     0.0000     0.0000     0.0000     2.1765    34.9106    27.8858    5.14485    224.254 0.0000e+00
   4250.000     2.5554   3.289597     1.2931     0.0119 175.739619   49.03462  -16.41012 1.0000e-12    34.9106     2.1764    99.3846   4172.231  488483103     0.6210     1.2747     4.6947     0.0061     0.0148     0.0000     0.0000     0.0000     2.1764    34.9107    27.8858    5.14946    224.454 0.0000e+00
