Data/ruptures/DY032/PAP/d20150624_DY032_CTD02.cnv
* Sea-Bird SBE 9 Data File:
* FileName = C:\CTD\DY032\20150624_DY032_CTD02.hdr
* Software Version Seasave V 7.23.2
* Temperature SN = 2112
* Conductivity SN = 3159
* Number of Bytes Per Scan = 35
* Number of Voltage Words = 4
* Number of Scans Averaged by the Deck Unit = 1
* NMEA Latitude = 49 02.51 N
* NMEA Longitude = 016 24.61 W
* NMEA UTC (Time) = Jun 24 2015 15:53:01
** Ship:
** Station:
** Operator:
# nquan = 28
# nvalues = 4720                        
# units = specified
# name 0 = prDM: Pressure, Digiquartz [db]
# name 1 = t090C: Temperature [ITS-90, deg C]
# name 2 = c0S/m: Conductivity [S/m]
# name 3 = sbeox0V: Oxygen raw, SBE 43 [V]
# name 4 = flC: Fluorescence, Chelsea Aqua 3 Chl Con [ug/l]
# name 5 = timeJ: Julian Days
# name 6 = latitude: Latitude [deg]
# name 7 = longitude: Longitude [deg]
# name 8 = par: PAR/Irradiance, Biospherical/Licor
# name 9 = sal00: Salinity, Practical [PSU]
# name 10 = potemp090C: Potential Temperature [ITS-90, deg C]
# name 11 = CStarTr0: Beam Transmission, WET Labs C-Star [%]
# name 12 = depSM: Depth [salt water, m]
# name 13 = timeQ: Time, NMEA [seconds]
# name 14 = v0: Voltage 0
# name 15 = v1: Voltage 1
# name 16 = v2: Voltage 2
# name 17 = v3: Voltage 3
# name 18 = v4: Voltage 4
# name 19 = v5: Voltage 5
# name 20 = v6: Voltage 6
# name 21 = v7: Voltage 7
# name 22 = potemp090C: Potential Temperature [ITS-90, deg C]
# name 23 = sal00: Salinity, Practical [PSU]
# name 24 = sigma-é00: Density [sigma-theta, kg/m^3]
# name 25 = sbeox0ML/L: Oxygen, SBE 43 [ml/l], WS = 2
# name 26 = sbeox0Mm/Kg: Oxygen, SBE 43 [umol/kg], WS = 2
# name 27 = flag: flag
# span 0 =      6.000,   4725.000       
# span 1 =     2.5513,    15.6027       
# span 2 =   3.278284,   4.411120       
# span 3 =     1.2411,     2.6844       
# span 4 =     0.0023,     1.7985       
# span 5 = 175.673281, 175.745849       
# span 6 =   49.03462,   49.04080       
# span 7 =  -16.41022,  -16.41010       
# span 8 = 1.0000e-12, 2.5260e+02       
# span 9 =    34.9045,    35.5796       
# span 10 =     2.1213,    15.6014      
# span 11 =    83.5842,   100.0679      
# span 12 =      5.939,   4633.601      
# span 13 =  488477372,  488483642      
# span 14 =     0.4075,     2.4829      
# span 15 =     1.2187,     2.6854      
# span 16 =     3.9484,     4.7270      
# span 17 =     0.0060,     3.7038      
# span 18 =     0.0123,     0.2915      
# span 19 =     0.0000,     0.0000      
# span 20 =     0.0000,     0.0000      
# span 21 =     0.0000,     0.0000      
# span 22 =     2.1213,    15.6014      
# span 23 =    34.9046,    35.5796      
# span 24 =    26.2519,    27.8860      
# span 25 =    4.24037,    6.23327      
# span 26 =    184.505,    271.035      
# span 27 = 0.0000e+00, 0.0000e+00      
# interval = decibars: 1                
# start_time = Jun 24 2015 16:09:17 [NMEA time, first data scan]
# bad_flag = -9.990e-29
*END*
[from data line 259]
    265.000    11.2670   3.992514     2.2527     0.0179 175.682726   49.03986  -16.41018 1.0000e-12    35.5069    11.2335    99.7178    262.594  488478188     0.7144     2.2531     4.7105     0.0061     0.0448     0.0000     0.0000     0.0000    11.2336    35.5068    27.1275    5.48069    238.363 0.0000e+00
    266.000    11.2676   3.992629     2.2531     0.0189 175.682769   49.03986  -16.41018 1.0000e-12    35.5070    11.2340    99.7011    263.574  488478191     0.7284     2.2525     4.7097     0.0061     0.0487     0.0000     0.0000     0.0000    11.2340    35.5069    27.1275    5.47929    238.301 0.0000e+00
    267.000    11.2673   3.992677     2.2531     0.0206 175.682804   49.03986  -16.41018 1.0000e-12    35.5073    11.2336    99.6834    264.566  488478194     0.7507     2.2521     4.7089     0.0061     0.0510     0.0000     0.0000     0.0000    11.2336    35.5072    27.1278    5.47832    238.260 0.0000e+00
    268.000    11.2671   3.992738     2.2532     0.0226 175.682832   49.03986  -16.41018 1.0000e-12    35.5077    11.2333    99.6993    265.553  488478197     0.7768     2.2523     4.7096     0.0061     0.0539     0.0000     0.0000     0.0000    11.2333    35.5076    27.1282    5.48114    238.382 0.0000e+00
    269.000    11.2671   3.992826     2.2535     0.0212 175.682857   49.03984  -16.41018 1.0000e-12    35.5081    11.2331    99.7102    266.541  488478199     0.7579     2.2526     4.7101     0.0061     0.0559     0.0000     0.0000     0.0000    11.2331    35.5081    27.1285    5.48413    238.512 0.0000e+00
    270.000    11.2675   3.993049     2.2549     0.0308 175.682877   49.03984  -16.41018 1.0000e-12    35.5094    11.2334    99.7179    267.537  488478201     0.8541     2.2526     4.7105     0.0061     0.0440     0.0000     0.0000     0.0000    11.2334    35.5094    27.1296    5.49100    238.810 0.0000e+00
    271.000    11.2686   3.993239     2.2564     0.0233 175.682919   49.03984  -16.41018 1.0000e-12    35.5098    11.2344    99.7223    268.521  488478204     0.7793     2.2548     4.7107     0.0061     0.0455     0.0000     0.0000     0.0000    11.2344    35.5098    27.1297    5.49419    238.949 0.0000e+00
    272.000    11.2700   3.993630     2.2570     0.0174 175.682952   49.03984  -16.41018 1.0000e-12    35.5118    11.2357    99.7196    269.509  488478207     0.7078     2.2558     4.7106     0.0061     0.0564     0.0000     0.0000     0.0000    11.2357    35.5119    27.1310    5.49521    238.993 0.0000e+00
    273.000    11.2691   3.993658     2.2571     0.0667 175.682963   49.03984  -16.41018 1.0000e-12    35.5126    11.2346    99.7138    270.504  488478208     1.1138     2.2559     4.7103     0.0061     0.0431     0.0000     0.0000     0.0000    11.2346    35.5126    27.1318    5.49782    239.106 0.0000e+00
    274.000    11.2689   3.993721     2.2579     0.0501 175.682975   49.03984  -16.41018 1.0000e-12    35.5130    11.2342    99.7054    271.500  488478209     1.0199     2.2563     4.7099     0.0061     0.0416     0.0000     0.0000     0.0000    11.2343    35.5130    27.1322    5.50379    239.366 0.0000e+00
    275.000    11.2687   3.993761     2.2586     0.0260 175.683002   49.03984  -16.41019 1.0000e-12    35.5131    11.2340    99.7070    272.493  488478212     0.8117     2.2567     4.7100     0.0061     0.0479     0.0000     0.0000     0.0000    11.2340    35.5131    27.1323    5.50528    239.431 0.0000e+00
    276.000    11.2645   3.993400     2.2571     0.0145 175.683055   49.03982  -16.41018 1.0000e-12    35.5133    11.2296    99.7145    273.472  488478216     0.6636     2.2566     4.7103     0.0061     0.0497     0.0000     0.0000     0.0000    11.2296    35.5132    27.1331    5.50162    239.272 0.0000e+00
    277.000    11.2558   3.992615     2.2580     0.0158 175.683064   49.03982  -16.41020 1.0000e-12    35.5136    11.2208    99.7018    274.482  488478217     0.6835     2.2563     4.7097     0.0061     0.0533     0.0000     0.0000     0.0000    11.2209    35.5132    27.1349    5.50864    239.577 0.0000e+00
    278.000    11.2577   3.992841     2.2578     0.0173 175.683109   49.03982  -16.41019 1.0000e-12    35.5134    11.2226    99.6826    275.460  488478221     0.7063     2.2567     4.7088     0.0061     0.0476     0.0000     0.0000     0.0000    11.2226    35.5132    27.1345    5.50263    239.316 0.0000e+00
    279.000    11.2551   3.992621     2.2568     0.0195 175.683136   49.03982  -16.41018 1.0000e-12    35.5134    11.2198    99.6934    276.442  488478223     0.7362     2.2564     4.7093     0.0061     0.0470     0.0000     0.0000     0.0000    11.2198    35.5131    27.1349    5.50017    239.209 0.0000e+00
    280.000    11.2508   3.992244     2.2570     0.0199 175.683145   49.03982  -16.41018 1.0000e-12    35.5134    11.2154    99.6947    277.443  488478224     0.7417     2.2564     4.7094     0.0061     0.0512     0.0000     0.0000     0.0000    11.2154    35.5131    27.1357    5.50320    239.341 0.0000e+00
    281.000    11.2482   3.991995     2.2574     0.0210 175.683157   49.03982  -16.41018 1.0000e-12    35.5130    11.2127    99.6947    278.438  488478225     0.7561     2.2563     4.7094     0.0061     0.0489     0.0000     0.0000     0.0000    11.2127    35.5126    27.1359    5.50815    239.556 0.0000e+00
    282.000    11.2482   3.992168     2.2575     0.0202 175.683226   49.03981  -16.41018 1.0000e-12    35.5142    11.2126    99.6855    279.407  488478231     0.7458     2.2567     4.7090     0.0061     0.0492     0.0000     0.0000     0.0000    11.2126    35.5139    27.1369    5.50884    239.586 0.0000e+00
    283.000    11.2523   3.992794     2.2570     0.0189 175.683257   49.03980  -16.41017 1.0000e-12    35.5159    11.2165    99.6782    280.395  488478234     0.7292     2.2564     4.7086     0.0061     0.0474     0.0000     0.0000     0.0000    11.2166    35.5157    27.1376    5.50551    239.441 0.0000e+00
    284.000    11.2539   3.993048     2.2571     0.0187 175.683264   49.03980  -16.41016 1.0000e-12    35.5163    11.2180    99.6947    281.397  488478234     0.7258     2.2561     4.7094     0.0061     0.0513     0.0000     0.0000     0.0000    11.2180    35.5162    27.1377    5.50529    239.431 0.0000e+00
    285.000    11.2418   3.991627     2.2571     0.0174 175.683270   49.03980  -16.41018 1.0000e-12    35.5138    11.2058    99.6947    282.388  488478235     0.7073     2.2559     4.7094     0.0061     0.0561     0.0000     0.0000     0.0000    11.2058    35.5133    27.1377    5.50765    239.535 0.0000e+00
    286.000    11.2276   3.990136     2.2572     0.0266 175.683277   49.03980  -16.41018 1.0000e-12    35.5124    11.1915    99.6916    283.391  488478235     0.8218     2.2559     4.7093     0.0061     0.0420     0.0000     0.0000     0.0000    11.1915    35.5117    27.1391    5.51269    239.755 0.0000e+00
    287.000    11.2300   3.990533     2.2576     0.0228 175.683303   49.03980  -16.41018 1.0000e-12    35.5135    11.1938    99.6901    284.391  488478238     0.7777     2.2563     4.7092     0.0061     0.0472     0.0000     0.0000     0.0000    11.1938    35.5129    27.1396    5.51717    239.949 0.0000e+00
    288.000    11.2350   3.991100     2.2568     0.0184 175.683381   49.03978  -16.41016 1.0000e-12    35.5136    11.1987    99.6689    285.359  488478244     0.7214     2.2563     4.7082     0.0061     0.0476     0.0000     0.0000     0.0000    11.1987    35.5133    27.1390    5.51227    239.735 0.0000e+00
    289.000    11.2327   3.990946     2.2568     0.0185 175.683387   49.03978  -16.41016 1.0000e-12    35.5139    11.1963    99.6869    286.354  488478245     0.7231     2.2558     4.7090     0.0061     0.0477     0.0000     0.0000     0.0000    11.1963    35.5135    27.1396    5.51777    239.975 0.0000e+00
    290.000    11.2295   3.990765     2.2580     0.0177 175.683394   49.03978  -16.41017 1.0000e-12    35.5148    11.1929    99.6944    287.356  488478245     0.7111     2.2556     4.7094     0.0061     0.0467     0.0000     0.0000     0.0000    11.1929    35.5144    27.1409    5.52514    240.295 0.0000e+00
    291.000    11.2328   3.991191     2.2597     0.0198 175.683422   49.03978  -16.41018 1.0000e-12    35.5153    11.1960    99.6851    288.345  488478248     0.7394     2.2560     4.7090     0.0061     0.0440     0.0000     0.0000     0.0000    11.1960    35.5150    27.1408    5.52495    240.287 0.0000e+00
    292.000    11.2358   3.991601     2.2602     0.0168 175.683502   49.03976  -16.41018 1.0000e-12    35.5157    11.1989    99.6945    289.323  488478255     0.6996     2.2574     4.7094     0.0061     0.0462     0.0000     0.0000     0.0000    11.1989    35.5157    27.1408    5.52896    240.461 0.0000e+00
    293.000    11.2367   3.991772     2.2616     0.0182 175.683515   49.03976  -16.41018 1.0000e-12    35.5161    11.1997    99.7135    290.311  488478256     0.7195     2.2583     4.7103     0.0061     0.0458     0.0000     0.0000     0.0000    11.1997    35.5161    27.1410    5.53530    240.736 0.0000e+00
    294.000    11.2408   3.992400     2.2629     0.0172 175.683527   49.03976  -16.41018 1.0000e-12    35.5179    11.2037    99.6610    291.300  488478257     0.7044     2.2590     4.7078     0.0061     0.0480     0.0000     0.0000     0.0000    11.2037    35.5180    27.1417    5.53920    240.906 0.0000e+00
    295.000    11.2413   3.992511     2.2641     0.0186 175.683556   49.03976  -16.41018 1.0000e-12    35.5181    11.2040    99.7022    292.297  488478259     0.7241     2.2612     4.7097     0.0061     0.0451     0.0000     0.0000     0.0000    11.2040    35.5182    27.1418    5.53837    240.870 0.0000e+00
    296.000    11.2412   3.992543     2.2624     0.0232 175.683627   49.03976  -16.41018 1.0000e-12    35.5181    11.2038    99.6789    293.273  488478266     0.7832     2.2628     4.7087     0.0061     0.0452     0.0000     0.0000     0.0000    11.2038    35.5181    27.1418    5.53138    240.566 0.0000e+00
    297.000    11.2409   3.992598     2.2625     0.0216 175.683636   49.03976  -16.41018 1.0000e-12    35.5184    11.2034    99.6943    294.277  488478266     0.7633     2.2623     4.7094     0.0061     0.0449     0.0000     0.0000     0.0000    11.2034    35.5185    27.1422    5.53665    240.795 0.0000e+00
    298.000    11.2408   3.992621     2.2635     0.0201 175.683645   49.03976  -16.41018 1.0000e-12    35.5183    11.2031    99.6947    295.272  488478267     0.7445     2.2621     4.7094     0.0061     0.0440     0.0000     0.0000     0.0000    11.2031    35.5184    27.1421    5.54195    241.025 0.0000e+00
    299.000    11.2410   3.992662     2.2642     0.0173 175.683681   49.03975  -16.41019 1.0000e-12    35.5181    11.2032    99.6947    296.251  488478270     0.7046     2.2628     4.7094     0.0061     0.0445     0.0000     0.0000     0.0000    11.2032    35.5182    27.1419    5.53769    240.840 0.0000e+00
    300.000    11.2406   3.992692     2.2640     0.0195 175.683728   49.03974  -16.41020 1.0000e-12    35.5184    11.2027    99.7095    297.237  488478274     0.7355     2.2634     4.7101     0.0061     0.0429     0.0000     0.0000     0.0000    11.2027    35.5184    27.1422    5.54121    240.993 0.0000e+00
    301.000    11.2401   3.992715     2.2645     0.0203 175.683765   49.03974  -16.41020 1.0000e-12    35.5186    11.2021    99.7422    298.221  488478278     0.7476     2.2637     4.7116     0.0061     0.0490     0.0000     0.0000     0.0000    11.2021    35.5186    27.1425    5.54149    241.005 0.0000e+00
    302.000    11.2403   3.992919     2.2645     0.0178 175.683775   49.03974  -16.41020 1.0000e-12    35.5201    11.2021    99.7064    299.213  488478278     0.7128     2.2637     4.7099     0.0061     0.0441     0.0000     0.0000     0.0000    11.2021    35.5201    27.1436    5.54264    241.055 0.0000e+00
    303.000    11.2393   3.992911     2.2645     0.0193 175.683786   49.03973  -16.41020 1.0000e-12    35.5205    11.2010    99.7019    300.213  488478279     0.7328     2.2637     4.7097     0.0061     0.0461     0.0000     0.0000     0.0000    11.2010    35.5205    27.1441    5.54324    241.081 0.0000e+00
    304.000    11.2379   3.992797     2.2645     0.0187 175.683803   49.03972  -16.41020 1.0000e-12    35.5203    11.1995    99.7127    301.206  488478281     0.7251     2.2637     4.7102     0.0061     0.0463     0.0000     0.0000     0.0000    11.1995    35.5203    27.1443    5.54421    241.123 0.0000e+00
    305.000    11.2354   3.992578     2.2631     0.0220 175.683880   49.03972  -16.41020 1.0000e-12    35.5201    11.1969    99.6940    302.177  488478287     0.7695     2.2650     4.7094     0.0061     0.0474     0.0000     0.0000     0.0000    11.1969    35.5200    27.1446    5.53622    240.776 0.0000e+00
    306.000    11.2341   3.992496     2.2621     0.0215 175.683887   49.03972  -16.41020 1.0000e-12    35.5201    11.1955    99.6855    303.173  488478288     0.7634     2.2638     4.7090     0.0061     0.0505     0.0000     0.0000     0.0000    11.1955    35.5200    27.1448    5.53445    240.699 0.0000e+00
    307.000    11.2309   3.992216     2.2620     0.0200 175.683896   49.03972  -16.41020 1.0000e-12    35.5201    11.1921    99.7237    304.174  488478289     0.7436     2.2628     4.7107     0.0061     0.0449     0.0000     0.0000     0.0000    11.1921    35.5199    27.1454    5.53626    240.778 0.0000e+00
    308.000    11.2291   3.992106     2.2615     0.0202 175.683906   49.03972  -16.41020 1.0000e-12    35.5203    11.1902    99.7208    305.174  488478290     0.7460     2.2623     4.7106     0.0061     0.0356     0.0000     0.0000     0.0000    11.1902    35.5200    27.1458    5.53665    240.795 0.0000e+00
    309.000    11.2272   3.992036     2.2599     0.0190 175.683976   49.03970  -16.41020 1.0000e-12    35.5210    11.1882    99.7193    306.150  488478296     0.7296     2.2612     4.7105     0.0061     0.0429     0.0000     0.0000     0.0000    11.1881    35.5208    27.1467    5.53711    240.815 0.0000e+00
    310.000    11.2271   3.992119     2.2604     0.0206 175.683995   49.03970  -16.41020 1.0000e-12    35.5214    11.1879    99.7049    307.144  488478297     0.7509     2.2606     4.7099     0.0061     0.0395     0.0000     0.0000     0.0000    11.1879    35.5212    27.1472    5.54294    241.068 0.0000e+00
    311.000    11.2270   3.992204     2.2615     0.0175 175.684005   49.03970  -16.41020 1.0000e-12    35.5219    11.1877    99.7228    308.140  488478298     0.7081     2.2594     4.7107     0.0061     0.0413     0.0000     0.0000     0.0000    11.1878    35.5217    27.1475    5.54637    241.217 0.0000e+00
    312.000    11.2265   3.992267     2.2635     0.0188 175.684064   49.03970  -16.41020 1.0000e-12    35.5225    11.1871    99.7272    309.121  488478303     0.7267     2.2605     4.7109     0.0061     0.0409     0.0000     0.0000     0.0000    11.1871    35.5224    27.1482    5.55047    241.396 0.0000e+00
    313.000    11.2271   3.992424     2.2647     0.0180 175.684112   49.03970  -16.41020 1.0000e-12    35.5230    11.1875    99.7454    310.099  488478307     0.7151     2.2625     4.7118     0.0061     0.0399     0.0000     0.0000     0.0000    11.1875    35.5230    27.1486    5.55221    241.471 0.0000e+00
    314.000    11.2275   3.992524     2.2647     0.0214 175.684120   49.03970  -16.41020 1.0000e-12    35.5231    11.1879    99.7597    311.091  488478308     0.7610     2.2637     4.7125     0.0061     0.0438     0.0000     0.0000     0.0000    11.1879    35.5231    27.1486    5.55650    241.658 0.0000e+00
    315.000    11.2276   3.992570     2.2655     0.0207 175.684129   49.03970  -16.41020 1.0000e-12    35.5231    11.1878    99.7261    312.091  488478309     0.7527     2.2637     4.7109     0.0061     0.0314     0.0000     0.0000     0.0000    11.1878    35.5230    27.1486    5.56353    241.963 0.0000e+00
