Data/ruptures/DY032/PAP/d20150702_DY032_CTD14.cnv
* Sea-Bird SBE 9 Data File:
* FileName = C:\CTD\DY032\20150629_DY032_CTD14.hdr
* Software Version Seasave V 7.23.2
* Temperature SN = 2112
* Conductivity SN = 3159
* Number of Bytes Per Scan = 35
* Number of Voltage Words = 4
* Number of Scans Averaged by the Deck Unit = 1
* NMEA Latitude = 48 40.94 N
* NMEA Longitude = 017 03.54 W
* NMEA UTC (Time) = Jul 02 2015 14:59:17
** Ship:
** Station:
** Operator:
# nquan = 28
# nvalues = 1003                        
# units = specified
# name 0 = prDM: Pressure, Digiquartz [db]
# name 1 = t090C: Temperature [ITS-90, deg C]
# name 2 = c0S/m: Conductivity [S/m]
# name 3 = sbeox0V: Oxygen raw, SBE 43 [V]
# name 4 = flC: Fluorescence, Chelsea Aqua 3 Chl Con [ug/l]
# name 5 = timeJ: Julian Days
# name 6 = latitude: Latitude [deg]
# name 7 = longitude: Longitude [deg]
# name 8 = par: PAR/Irradiance, Biospherical/Licor
# name 9 = sal00: Salinity, Practical [PSU]
# name 10 = potemp090C: Potential Temperature [ITS-90, deg C]
# name 11 = CStarTr0: Beam Transmission, WET Labs C-Star [%]
# name 12 = depSM: Depth [salt water, m]
# name 13 = timeQ: Time, NMEA [seconds]
# name 14 = v0: Voltage 0
# name 15 = v1: Voltage 1
# name 16 = v2: Voltage 2
# name 17 = v3: Voltage 3
# name 18 = v4: Voltage 4
# name 19 = v5: Voltage 5
# name 20 = v6: Voltage 6
# name 21 = v7: Voltage 7
# name 22 = potemp090C: Potential Temperature [ITS-90, deg C]
# name 23 = sal00: Salinity, Practical [PSU]
# name 24 = sigma-é00: Density [sigma-theta, kg/m^3]
# name 25 = sbeox0ML/L: Oxygen, SBE 43 [ml/l], WS = 2
# name 26 = sbeox0Mm/Kg: Oxygen, SBE 43 [umol/kg], WS = 2
# name 27 = flag: flag
# span 0 =      5.000,   1007.000       
# span 1 =     7.5685,    15.5127       
# span 2 =   3.642600,   4.395634       
# span 3 =     1.6874,     2.5709       
# span 4 =     0.0110,     1.8512       
# span 5 = 183.627080, 183.645720       
# span 6 =   48.68228,   48.68231       
# span 7 =  -17.05901,  -17.05894       
# span 8 = 1.0000e-12, 2.3862e+02       
# span 9 =    35.1849,    35.5927       
# span 10 =     7.4675,    15.5111      
# span 11 =    88.5326,    99.9523      
# span 12 =      4.921,    996.084      
# span 13 =  489164580,  489166190      
# span 14 =     0.6045,     2.4943      
# span 15 =     1.6851,     2.5720      
# span 16 =     4.1822,     4.7216      
# span 17 =     0.0061,     3.6837      
# span 18 =     0.0138,     0.2832      
# span 19 =    -0.0175,     0.7772      
# span 20 =     0.1917,     0.2221      
# span 21 =     0.1240,     0.6735      
# span 22 =     7.4675,    15.5111      
# span 23 =    35.1828,    35.5955      
# span 24 =    26.2265,    27.5499      
# span 25 =    4.29309,    5.75761      
# span 26 =    186.811,    250.349      
# span 27 = 0.0000e+00, 0.0000e+00      
# interval = decibars: 1                
# start_time = Jul 02 2015 15:03:00 [NMEA time, first data scan]
# bad_flag = -9.990e-29
*END*
[from data line 311]
    316.000    11.1478   3.985636     2.2934     0.0247 183.632972   48.68230  -17.05896 1.0000e-12    35.5305    11.1080    99.7225    313.089  489165088     0.8005     2.2922     4.7107     0.0061     0.0355     0.3153     0.2132     0.4655    11.1080    35.5304    27.1690    5.65311    245.860 0.0000e+00
    317.000    11.1467   3.985611     2.2924     0.0244 183.632993   48.68230  -17.05896 1.0000e-12    35.5309    11.1068    99.6954    314.073  489165090     0.7979     2.2930     4.7094     0.0061     0.0320     0.3533     0.2133     0.4483    11.1068    35.5308    27.1696    5.65216    245.819 0.0000e+00
    318.000    11.1458   3.985569     2.2924     0.0235 183.633006   48.68230  -17.05896 1.0000e-12    35.5308    11.1058    99.7325    315.067  489165091     0.7878     2.2927     4.7112     0.0061     0.0318     0.3635     0.2131     0.4482    11.1058    35.5308    27.1697    5.65415    245.905 0.0000e+00
    319.000    11.1459   3.985634     2.2925     0.0228 183.633017   48.68230  -17.05896 1.0000e-12    35.5309    11.1058    99.7318    316.060  489165092     0.7792     2.2918     4.7111     0.0061     0.0345     0.2813     0.2134     0.4461    11.1058    35.5309    27.1698    5.65689    246.025 0.0000e+00
    320.000    11.1460   3.985694     2.2931     0.0256 183.633029   48.68230  -17.05896 1.0000e-12    35.5309    11.1058    99.7308    317.053  489165093     0.8116     2.2918     4.7111     0.0061     0.0423     0.6083     0.2134     0.4576    11.1058    35.5309    27.1698    5.65990    246.155 0.0000e+00
    321.000    11.1459   3.985741     2.2928     0.0244 183.633043   48.68230  -17.05896 1.0000e-12    35.5311    11.1056    99.7233    318.039  489165094     0.7970     2.2918     4.7107     0.0061     0.0361     0.2923     0.2133     0.4463    11.1055    35.5311    27.1700    5.65315    245.862 0.0000e+00
    322.000    11.1458   3.985784     2.2921     0.0228 183.633057   48.68230  -17.05896 1.0000e-12    35.5311    11.1054    99.7359    319.028  489165096     0.7785     2.2925     4.7113     0.0061     0.0339     0.3209     0.2139     0.4495    11.1053    35.5311    27.1700    5.65663    246.013 0.0000e+00
    323.000    11.1455   3.985798     2.2929     0.0234 183.633070   48.68230  -17.05896 1.0000e-12    35.5312    11.1049    99.7262    320.023  489165097     0.7853     2.2923     4.7109     0.0061     0.0325     0.2993     0.2141     0.4636    11.1048    35.5312    27.1702    5.66410    246.338 0.0000e+00
    324.000    11.1454   3.985830     2.2936     0.0283 183.633088   48.68230  -17.05896 1.0000e-12    35.5311    11.1046    99.7408    321.012  489165098     0.8402     2.2917     4.7115     0.0061     0.0389     0.3736     0.2138     0.4433    11.1046    35.5311    27.1702    5.66283    246.283 0.0000e+00
    325.000    11.1453   3.985882     2.2932     0.0279 183.633109   48.68230  -17.05896 1.0000e-12    35.5312    11.1045    99.7560    321.989  489165100     0.8367     2.2930     4.7123     0.0061     0.0356     0.3370     0.2133     0.4761    11.1044    35.5312    27.1703    5.65754    246.053 0.0000e+00
    326.000    11.1456   3.985950     2.2923     0.0284 183.633121   48.68230  -17.05896 1.0000e-12    35.5312    11.1046    99.7450    322.982  489165101     0.8413     2.2930     4.7117     0.0061     0.0357     0.3060     0.2136     0.5242    11.1046    35.5312    27.1703    5.65740    246.047 0.0000e+00
    327.000    11.1457   3.986008     2.2924     0.0274 183.633129   48.68230  -17.05896 1.0000e-12    35.5313    11.1046    99.7464    323.980  489165102     0.8307     2.2930     4.7118     0.0061     0.0394     0.5092     0.2138     0.5172    11.1046    35.5312    27.1703    5.66087    246.198 0.0000e+00
    328.000    11.1457   3.986074     2.2924     0.0269 183.633138   48.68230  -17.05896 1.0000e-12    35.5315    11.1045    99.7464    324.976  489165103     0.8254     2.2927     4.7118     0.0061     0.0332     0.4560     0.2140     0.4814    11.1044    35.5315    27.1705    5.66132    246.217 0.0000e+00
    329.000    11.1457   3.986106     2.2924     0.0241 183.633150   48.68230  -17.05896 1.0000e-12    35.5313    11.1043    99.7424    325.968  489165104     0.7930     2.2918     4.7116     0.0061     0.0342     0.2873     0.2141     0.4877    11.1043    35.5313    27.1704    5.66194    246.244 0.0000e+00
    330.000    11.1457   3.986159     2.2924     0.0209 183.633168   48.68230  -17.05896 1.0000e-12    35.5314    11.1042    99.7497    326.948  489165105     0.7554     2.2918     4.7120     0.0061     0.0390     0.4248     0.2134     0.5285    11.1042    35.5314    27.1705    5.66231    246.260 0.0000e+00
    331.000    11.1457   3.986221     2.2918     0.0212 183.633187   48.68230  -17.05896 1.0000e-12    35.5316    11.1040    99.7504    327.941  489165107     0.7595     2.2918     4.7120     0.0061     0.0305     0.2298     0.2132     0.5306    11.1040    35.5316    27.1706    5.65880    246.107 0.0000e+00
    332.000    11.1458   3.986273     2.2916     0.0235 183.633207   48.68230  -17.05896 1.0000e-12    35.5316    11.1040    99.7457    328.927  489165109     0.7866     2.2917     4.7118     0.0061     0.0346     0.4103     0.2133     0.5180    11.1040    35.5316    27.1707    5.66044    246.179 0.0000e+00
    333.000    11.1460   3.986349     2.2910     0.0248 183.633223   48.68230  -17.05896 1.0000e-12    35.5316    11.1041    99.7568    329.910  489165110     0.8024     2.2908     4.7123     0.0061     0.0396     0.3311     0.2131     0.5104    11.1041    35.5316    27.1707    5.65659    246.011 0.0000e+00
    334.000    11.1462   3.986434     2.2900     0.0254 183.633234   48.68230  -17.05896 1.0000e-12    35.5319    11.1041    99.7489    330.902  489165111     0.8085     2.2912     4.7119     0.0061     0.0441     0.4593     0.2137     0.5347    11.1042    35.5319    27.1709    5.65379    245.889 0.0000e+00
    335.000    11.1466   3.986522     2.2898     0.0280 183.633242   48.68230  -17.05896 1.0000e-12    35.5319    11.1044    99.7464    331.898  489165112     0.8376     2.2907     4.7118     0.0061     0.0373     0.4817     0.2137     0.5376    11.1044    35.5319    27.1708    5.65521    245.951 0.0000e+00
    336.000    11.1466   3.986583     2.2895     0.0275 183.633251   48.68230  -17.05896 1.0000e-12    35.5320    11.1043    99.7464    332.893  489165112     0.8318     2.2905     4.7118     0.0061     0.0364     0.3616     0.2145     0.5226    11.1043    35.5321    27.1710    5.65505    245.944 0.0000e+00
    337.000    11.1467   3.986647     2.2892     0.0278 183.633260   48.68230  -17.05896 1.0000e-12    35.5321    11.1043    99.7579    333.892  489165113     0.8357     2.2897     4.7124     0.0061     0.0395     0.3626     0.2147     0.5123    11.1043    35.5321    27.1710    5.65738    246.045 0.0000e+00
    338.000    11.1471   3.986722     2.2887     0.0261 183.633281   48.68230  -17.05896 1.0000e-12    35.5321    11.1045    99.7595    334.871  489165115     0.8161     2.2889     4.7125     0.0061     0.0406     0.3175     0.2141     0.4986    11.1045    35.5321    27.1710    5.65188    245.806 0.0000e+00
    339.000    11.1475   3.986841     2.2864     0.0252 183.633307   48.68230  -17.05896 1.0000e-12    35.5324    11.1048    99.7660    335.852  489165117     0.8071     2.2888     4.7128     0.0061     0.0291     0.5077     0.2132     0.4884    11.1049    35.5324    27.1711    5.64615    245.557 0.0000e+00
    340.000    11.1477   3.986907     2.2861     0.0272 183.633319   48.68230  -17.05896 1.0000e-12    35.5325    11.1049    99.7845    336.843  489165118     0.8292     2.2872     4.7137     0.0061     0.0366     0.2789     0.2139     0.4835    11.1049    35.5325    27.1712    5.64514    245.513 0.0000e+00
    341.000    11.1476   3.986945     2.2851     0.0252 183.633329   48.68230  -17.05896 1.0000e-12    35.5325    11.1046    99.7813    337.838  489165119     0.8071     2.2862     4.7135     0.0061     0.0330     0.1191     0.2142     0.4879    11.1047    35.5325    27.1713    5.64399    245.463 0.0000e+00
    342.000    11.1476   3.986982     2.2852     0.0218 183.633339   48.68230  -17.05896 1.0000e-12    35.5324    11.1045    99.7713    338.834  489165120     0.7667     2.2857     4.7130     0.0061     0.0347     0.3910     0.2143     0.4882    11.1045    35.5324    27.1712    5.64955    245.705 0.0000e+00
    343.000    11.1472   3.986984     2.2858     0.0192 183.633352   48.68230  -17.05896 1.0000e-12    35.5324    11.1039    99.7675    339.825  489165121     0.7326     2.2851     4.7129     0.0061     0.0312     0.5430     0.2135     0.4967    11.1040    35.5324    27.1713    5.65352    245.878 0.0000e+00
    344.000    11.1470   3.987011     2.2864     0.0219 183.633370   48.68230  -17.05896 1.0000e-12    35.5324    11.1037    99.7755    340.808  489165123     0.7674     2.2846     4.7132     0.0061     0.0441     0.2198     0.2138     0.4745    11.1037    35.5324    27.1713    5.65375    245.888 0.0000e+00
    345.000    11.1476   3.987139     2.2859     0.0217 183.633387   48.68230  -17.05896 1.0000e-12    35.5326    11.1042    99.7652    341.791  489165124     0.7652     2.2855     4.7127     0.0061     0.0335     0.3268     0.2148     0.4890    11.1042    35.5326    27.1714    5.64796    245.635 0.0000e+00
    346.000    11.1481   3.987238     2.2851     0.0237 183.633398   48.68230  -17.05896 1.0000e-12    35.5327    11.1046    99.7725    342.784  489165125     0.7893     2.2857     4.7131     0.0061     0.0418     0.4182     0.2149     0.4915    11.1046    35.5327    27.1714    5.65064    245.752 0.0000e+00
    347.000    11.1477   3.987232     2.2858     0.0229 183.633408   48.68230  -17.05896 1.0000e-12    35.5326    11.1040    99.7711    343.780  489165126     0.7806     2.2858     4.7130     0.0061     0.0452     0.4154     0.2140     0.5117    11.1040    35.5326    27.1715    5.65807    246.075 0.0000e+00
    348.000    11.1469   3.987210     2.2866     0.0221 183.633419   48.68230  -17.05896 1.0000e-12    35.5327    11.1031    99.7723    344.776  489165127     0.7696     2.2850     4.7131     0.0061     0.0379     0.3150     0.2148     0.5134    11.1031    35.5327    27.1717    5.66131    246.216 0.0000e+00
    349.000    11.1470   3.987247     2.2870     0.0248 183.633437   48.68230  -17.05896 1.0000e-12    35.5326    11.1030    99.7717    345.758  489165128     0.8026     2.2852     4.7131     0.0061     0.0349     0.3969     0.2147     0.5087    11.1030    35.5326    27.1716    5.65697    246.027 0.0000e+00
    350.000    11.1471   3.987313     2.2863     0.0303 183.633456   48.68230  -17.05896 1.0000e-12    35.5327    11.1030    99.7755    346.743  489165130     0.8600     2.2865     4.7133     0.0061     0.0356     0.4646     0.2149     0.5061    11.1030    35.5327    27.1717    5.65531    245.955 0.0000e+00
    351.000    11.1474   3.987391     2.2855     0.0353 183.633469   48.68230  -17.05896 1.0000e-12    35.5327    11.1031    99.7734    347.732  489165131     0.9087     2.2863     4.7131     0.0061     0.0452     0.3639     0.2149     0.5098    11.1032    35.5327    27.1717    5.65309    245.859 0.0000e+00
    352.000    11.1476   3.987462     2.2860     0.0255 183.633480   48.68230  -17.05896 1.0000e-12    35.5327    11.1033    99.7723    348.726  489165132     0.8076     2.2857     4.7131     0.0061     0.0457     0.0989     0.2149     0.5119    11.1033    35.5328    27.1717    5.66144    246.222 0.0000e+00
    353.000    11.1477   3.987515     2.2863     0.0195 183.633490   48.68230  -17.05896 1.0000e-12    35.5327    11.1032    99.7723    349.715  489165133     0.7358     2.2857     4.7131     0.0061     0.0383     0.4156     0.2149     0.5337    11.1032    35.5327    27.1717    5.65977    246.149 0.0000e+00
    354.000    11.1479   3.987570     2.2862     0.0278 183.633500   48.68230  -17.05896 1.0000e-12    35.5327    11.1032    99.7723    350.710  489165134     0.8354     2.2847     4.7131     0.0061     0.0323     0.4159     0.2149     0.5386    11.1033    35.5327    27.1717    5.65988    246.154 0.0000e+00
    355.000    11.1478   3.987614     2.2863     0.0278 183.633511   48.68230  -17.05896 1.0000e-12    35.5327    11.1031    99.7723    351.702  489165135     0.8358     2.2855     4.7131     0.0061     0.0333     0.3654     0.2149     0.5378    11.1031    35.5327    27.1717    5.66319    246.298 0.0000e+00
    356.000    11.1479   3.987661     2.2873     0.0233 183.633527   48.68230  -17.05898 1.0000e-12    35.5326    11.1030    99.7645    352.694  489165136     0.7847     2.2856     4.7127     0.0061     0.0355     0.3514     0.2149     0.5467    11.1031    35.5326    27.1717    5.66708    246.467 0.0000e+00
    357.000    11.1481   3.987723     2.2865     0.0196 183.633561   48.68230  -17.05898 1.0000e-12    35.5327    11.1031    99.7890    353.668  489165139     0.7374     2.2868     4.7139     0.0061     0.0307     0.4470     0.2149     0.5131    11.1031    35.5326    27.1716    5.65601    245.986 0.0000e+00
    358.000    11.1485   3.987829     2.2845     0.0217 183.633576   48.68230  -17.05896 1.0000e-12    35.5329    11.1033    99.7743    354.657  489165141     0.7652     2.2868     4.7132     0.0061     0.0358     0.3972     0.2149     0.5133    11.1033    35.5329    27.1718    5.64940    245.698 0.0000e+00
    359.000    11.1487   3.987923     2.2836     0.0221 183.633585   48.68230  -17.05896 1.0000e-12    35.5332    11.1034    99.7708    355.651  489165141     0.7699     2.2858     4.7130     0.0061     0.0435     0.0363     0.2149     0.5233    11.1034    35.5332    27.1720    5.64522    245.516 0.0000e+00
    360.000    11.1487   3.987975     2.2820     0.0214 183.633593   48.68230  -17.05896 1.0000e-12    35.5332    11.1033    99.7787    356.644  489165142     0.7609     2.2853     4.7134     0.0061     0.0375     0.5023     0.2147     0.5265    11.1033    35.5332    27.1721    5.64131    245.346 0.0000e+00
    361.000    11.1484   3.988008     2.2813     0.0223 183.633601   48.68230  -17.05896 1.0000e-12    35.5333    11.1030    99.7769    357.640  489165143     0.7730     2.2845     4.7133     0.0061     0.0358     0.5158     0.2142     0.5019    11.1029    35.5334    27.1722    5.64497    245.505 0.0000e+00
    362.000    11.1483   3.988042     2.2812     0.0225 183.633610   48.68230  -17.05896 1.0000e-12    35.5334    11.1026    99.7863    358.635  489165143     0.7752     2.2833     4.7138     0.0061     0.0404     0.4401     0.2148     0.5082    11.1026    35.5334    27.1724    5.65020    245.733 0.0000e+00
    363.000    11.1482   3.988074     2.2815     0.0246 183.633622   48.68230  -17.05897 1.0000e-12    35.5334    11.1024    99.7975    359.624  489165144     0.8002     2.2816     4.7143     0.0061     0.0336     0.2914     0.2149     0.5153    11.1025    35.5334    27.1723    5.65277    245.844 0.0000e+00
    364.000    11.1481   3.988091     2.2825     0.0266 183.633643   48.68230  -17.05898 1.0000e-12    35.5332    11.1022    99.7981    360.606  489165146     0.8220     2.2806     4.7143     0.0061     0.0393     0.3195     0.2149     0.5114    11.1022    35.5332    27.1722    5.65717    246.036 0.0000e+00
    365.000    11.1474   3.988063     2.2828     0.0259 183.633668   48.68230  -17.05896 1.0000e-12    35.5332    11.1013    99.7981    361.594  489165148     0.8141     2.2816     4.7143     0.0061     0.0360     0.4016     0.2149     0.4915    11.1014    35.5332    27.1724    5.65690    246.024 0.0000e+00
    366.000    11.1471   3.988104     2.2824     0.0217 183.633687   48.68230  -17.05896 1.0000e-12    35.5334    11.1010    99.7863    362.580  489165150     0.7642     2.2821     4.7137     0.0061     0.0311     0.3630     0.2149     0.5185    11.1010    35.5333    27.1726    5.65215    245.817 0.0000e+00
