Data/ruptures/DY032/PAP/d20150624_DY032_CTD02.cnv
* Sea-Bird SBE 9 Data File:
* FileName = C:\CTD\DY032\20150624_DY032_CTD02.hdr
* Software Version Seasave V 7.23.2
* Temperature SN = 2112
* Conductivity SN = 3159
* Number of Bytes Per Scan = 35
* Number of Voltage Words = 4
* Number of Scans Averaged by the Deck Unit = 1
* NMEA Latitude = 49 02.51 N
* NMEA Longitude = 016 24.61 W
* NMEA UTC (Time) = Jun 24 2015 15:53:01
** Ship:
** Station:
** Operator:
# nquan = 28
# nvalues = 4720                        
# units = specified
# name 0 = prDM: Pressure, Digiquartz [db]
# name 1 = t090C: Temperature [ITS-90, deg C]
# name 2 = c0S/m: Conductivity [S/m]
# name 3 = sbeox0V: Oxygen raw, SBE 43 [V]
# name 4 = flC: Fluorescence, Chelsea Aqua 3 Chl Con [ug/l]
# name 5 = timeJ: Julian Days
# name 6 = latitude: Latitude [deg]
# name 7 = longitude: Longitude [deg]
# name 8 = par: PAR/Irradiance, Biospherical/Licor
# name 9 = sal00: Salinity, Practical [PSU]
# name 10 = potemp090C: Potential Temperature [ITS-90, deg C]
# name 11 = CStarTr0: Beam Transmission, WET Labs C-Star [%]
# name 12 = depSM: Depth [salt water, m]
# name 13 = timeQ: Time, NMEA [seconds]
# name 14 = v0: Voltage 0
# name 15 = v1: Voltage 1
# name 16 = v2: Voltage 2
# name 17 = v3: Voltage 3
# name 18 = v4: Voltage 4
# name 19 = v5: Voltage 5
# name 20 = v6: Voltage 6
# name 21 = v7: Voltage 7
# name 22 = potemp090C: Potential Temperature [ITS-90, deg C]
# name 23 = sal00: Salinity, Practical [PSU]
# name 24 = sigma-é00: Density [sigma-theta, kg/m^3]
# name 25 = sbeox0ML/L: Oxygen, SBE 43 [ml/l], WS = 2
# name 26 = sbeox0Mm/Kg: Oxygen, SBE 43 [umol/kg], WS = 2
# name 27 = flag: flag
# span 0 =      6.000,   4725.000       
# span 1 =     2.5513,    15.6027       
# span 2 =   3.278284,   4.411120       
# span 3 =     1.2411,     2.6844       
# span 4 =     0.0023,     1.7985       
# span 5 = 175.673281, 175.745849       
# span 6 =   49.03462,   49.04080       
# span 7 =  -16.41022,  -16.41010       
# span 8 = 1.0000e-12, 2.5260e+02       
# span 9 =    34.9045,    35.5796       
# span 10 =     2.1213,    15.6014      
# span 11 =    83.5842,   100.0679      
# span 12 =      5.939,   4633.601      
# span 13 =  488477372,  488483642      
# span 14 =     0.4075,     2.4829      
# span 15 =     1.2187,     2.6854      
# span 16 =     3.9484,     4.7270      
# span 17 =     0.0060,     3.7038      
# span 18 =     0.0123,     0.2915      
# span 19 =     0.0000,     0.0000      
# span 20 =     0.0000,     0.0000      
# span 21 =     0.0000,     0.0000      
# span 22 =     2.1213,    15.6014      
# span 23 =    34.9046,    35.5796      
# span 24 =    26.2519,    27.8860      
# span 25 =    4.24037,    6.23327      
# span 26 =    184.505,    271.035      
# span 27 = 0.0000e+00, 0.0000e+00      
# interval = decibars: 1                
# start_time = Jun 24 2015 16:09:17 [NMEA time, first data scan]
# bad_flag = -9.990e-29
*END*
[from data line 570]
    576.000    10.6540   3.943177     2.1464     0.0149 175.690077   49.03899  -16.41020 1.0000e-12    35.4679    10.5828    99.8257    570.323  488478823     0.6691     2.1485     4.7156     0.0061     0.0287     0.0000     0.0000     0.0000    10.5828    35.4667    27.2144    5.41924    235.712 0.0000e+00
    577.000    10.6644   3.944397     2.1436     0.0208 175.690129   49.03898  -16.41020 1.0000e-12    35.4690    10.5931    99.8217    571.291  488478827     0.7542     2.1444     4.7154     0.0061     0.0257     0.0000     0.0000     0.0000    10.5931    35.4684    27.2139    5.39560    234.683 0.0000e+00
    578.000    10.6314   3.940658     2.1413     0.0165 175.690135   49.03898  -16.41020 1.0000e-12    35.4636    10.5601    99.8224    572.287  488478828     0.6951     2.1449     4.7154     0.0061     0.0256     0.0000     0.0000     0.0000    10.5600    35.4623    27.2150    5.39591    234.698 0.0000e+00
    579.000    10.6207   3.939534     2.1400     0.0172 175.690143   49.03898  -16.41020 1.0000e-12    35.4625    10.5493    99.8240    573.280  488478828     0.7044     2.1446     4.7155     0.0061     0.0256     0.0000     0.0000     0.0000    10.5492    35.4610    27.2159    5.39803    234.791 0.0000e+00
    580.000    10.6175   3.939214     2.1387     0.0150 175.690150   49.03898  -16.41020 1.0000e-12    35.4619    10.5460    99.8240    574.283  488478829     0.6724     2.1431     4.7155     0.0061     0.0309     0.0000     0.0000     0.0000    10.5459    35.4604    27.2160    5.40561    235.121 0.0000e+00
    581.000    10.6116   3.938650     2.1402     0.0179 175.690159   49.03898  -16.41020 1.0000e-12    35.4614    10.5400    99.8240    575.279  488478830     0.7150     2.1408     4.7155     0.0061     0.0266     0.0000     0.0000     0.0000    10.5400    35.4599    27.2167    5.41988    235.742 0.0000e+00
    582.000    10.6198   3.939641     2.1407     0.0187 175.690207   49.03898  -16.41020 1.0000e-12    35.4624    10.5480    99.8335    576.258  488478834     0.7260     2.1388     4.7159     0.0061     0.0223     0.0000     0.0000     0.0000    10.5480    35.4616    27.2166    5.41042    235.330 0.0000e+00
    583.000    10.6237   3.940092     2.1389     0.0177 175.690252   49.03898  -16.41018 1.0000e-12    35.4625    10.5517    99.8322    577.241  488478838     0.7114     2.1392     4.7159     0.0061     0.0234     0.0000     0.0000     0.0000    10.5517    35.4619    27.2162    5.40054    234.900 0.0000e+00
    584.000    10.6125   3.938963     2.1388     0.0198 175.690263   49.03898  -16.41018 1.0000e-12    35.4617    10.5405    99.8208    578.230  488478839     0.7405     2.1391     4.7154     0.0061     0.0229     0.0000     0.0000     0.0000    10.5405    35.4609    27.2174    5.41709    235.620 0.0000e+00
    585.000    10.6157   3.939488     2.1409     0.0231 175.690275   49.03898  -16.41018 1.0000e-12    35.4632    10.5435    99.8167    579.222  488478840     0.7824     2.1380     4.7152     0.0061     0.0236     0.0000     0.0000     0.0000    10.5435    35.4627    27.2183    5.42799    236.094 0.0000e+00
    586.000    10.6230   3.940491     2.1436     0.0254 175.690291   49.03898  -16.41020 1.0000e-12    35.4656    10.5506    99.8325    580.211  488478841     0.8083     2.1374     4.7159     0.0061     0.0313     0.0000     0.0000     0.0000    10.5506    35.4653    27.2190    5.43963    236.599 0.0000e+00
    587.000    10.6261   3.940876     2.1460     0.0239 175.690341   49.03897  -16.41020 1.0000e-12    35.4658    10.5536    99.8357    581.192  488478846     0.7912     2.1439     4.7160     0.0061     0.0291     0.0000     0.0000     0.0000    10.5536    35.4657    27.2188    5.43925    236.583 0.0000e+00
    588.000    10.6344   3.942085     2.1477     0.0225 175.690372   49.03896  -16.41020 1.0000e-12    35.4692    10.5617    99.8402    582.175  488478848     0.7757     2.1433     4.7163     0.0061     0.0305     0.0000     0.0000     0.0000    10.5617    35.4694    27.2203    5.45045    237.069 0.0000e+00
    589.000    10.6406   3.942905     2.1496     0.0214 175.690384   49.03896  -16.41020 1.0000e-12    35.4708    10.5678    99.8369    583.174  488478849     0.7611     2.1434     4.7161     0.0061     0.0248     0.0000     0.0000     0.0000    10.5678    35.4711    27.2205    5.45961    237.467 0.0000e+00
    590.000    10.6415   3.943069     2.1520     0.0207 175.690395   49.03896  -16.41019 1.0000e-12    35.4713    10.5685    99.8369    584.166  488478850     0.7528     2.1449     4.7161     0.0061     0.0268     0.0000     0.0000     0.0000    10.5685    35.4715    27.2207    5.46627    237.757 0.0000e+00
    591.000    10.6450   3.943556     2.1540     0.0163 175.690411   49.03896  -16.41018 1.0000e-12    35.4723    10.5719    99.8375    585.153  488478852     0.6911     2.1475     4.7161     0.0061     0.0262     0.0000     0.0000     0.0000    10.5719    35.4726    27.2209    5.46948    237.896 0.0000e+00
    592.000    10.6465   3.943812     2.1567     0.0140 175.690432   49.03896  -16.41019 1.0000e-12    35.4730    10.5733    99.8502    586.136  488478854     0.6554     2.1512     4.7167     0.0061     0.0286     0.0000     0.0000     0.0000    10.5733    35.4733    27.2212    5.48059    238.379 0.0000e+00
    593.000    10.6453   3.943729     2.1594     0.0176 175.690452   49.03895  -16.41020 1.0000e-12    35.4729    10.5720    99.8420    587.131  488478855     0.7089     2.1536     4.7163     0.0061     0.0306     0.0000     0.0000     0.0000    10.5720    35.4731    27.2213    5.48926    238.756 0.0000e+00
    594.000    10.6422   3.943296     2.1584     0.0139 175.690507   49.03894  -16.41020 1.0000e-12    35.4713    10.5688    99.8282    588.108  488478860     0.6548     2.1595     4.7157     0.0061     0.0305     0.0000     0.0000     0.0000    10.5688    35.4713    27.2205    5.47462    238.120 0.0000e+00
    595.000    10.6440   3.943705     2.1598     0.0162 175.690522   49.03894  -16.41019 1.0000e-12    35.4731    10.5705    99.8310    589.100  488478861     0.6896     2.1565     4.7158     0.0061     0.0301     0.0000     0.0000     0.0000    10.5705    35.4732    27.2217    5.49944    239.199 0.0000e+00
    596.000    10.6422   3.943556     2.1630     0.0199 175.690534   49.03894  -16.41018 1.0000e-12    35.4731    10.5685    99.8478    590.092  488478862     0.7411     2.1561     4.7166     0.0061     0.0259     0.0000     0.0000     0.0000    10.5685    35.4731    27.2219    5.50858    239.597 0.0000e+00
    597.000    10.6416   3.943541     2.1642     0.0188 175.690546   49.03894  -16.41019 1.0000e-12    35.4730    10.5678    99.8477    591.086  488478863     0.7270     2.1567     4.7166     0.0061     0.0264     0.0000     0.0000     0.0000    10.5678    35.4730    27.2220    5.50705    239.530 0.0000e+00
    598.000    10.6385   3.943242     2.1657     0.0177 175.690559   49.03894  -16.41020 1.0000e-12    35.4726    10.5646    99.8489    592.073  488478864     0.7114     2.1598     4.7167     0.0061     0.0244     0.0000     0.0000     0.0000    10.5646    35.4726    27.2222    5.51416    239.840 0.0000e+00
    599.000    10.6365   3.943065     2.1676     0.0148 175.690577   49.03894  -16.41020 1.0000e-12    35.4724    10.5625    99.8406    593.065  488478866     0.6678     2.1625     4.7163     0.0061     0.0246     0.0000     0.0000     0.0000    10.5624    35.4723    27.2224    5.51754    239.986 0.0000e+00
    600.000    10.6403   3.943483     2.1657     0.0139 175.690640   49.03892  -16.41020 1.0000e-12    35.4724    10.5662    99.8382    594.037  488478871     0.6552     2.1659     4.7162     0.0061     0.0270     0.0000     0.0000     0.0000    10.5661    35.4724    27.2218    5.50266    239.339 0.0000e+00
    601.000    10.6328   3.942746     2.1658     0.0143 175.690649   49.03892  -16.41020 1.0000e-12    35.4720    10.5585    99.8499    595.029  488478872     0.6603     2.1649     4.7167     0.0061     0.0281     0.0000     0.0000     0.0000    10.5585    35.4718    27.2227    5.51178    239.736 0.0000e+00
    602.000    10.6293   3.942439     2.1665     0.0162 175.690658   49.03892  -16.41020 1.0000e-12    35.4719    10.5549    99.8395    596.027  488478873     0.6895     2.1641     4.7162     0.0061     0.0267     0.0000     0.0000     0.0000    10.5549    35.4716    27.2232    5.52077    240.127 0.0000e+00
    603.000    10.6297   3.942510     2.1679     0.0164 175.690670   49.03892  -16.41020 1.0000e-12    35.4718    10.5551    99.8483    597.026  488478874     0.6934     2.1636     4.7166     0.0061     0.0293     0.0000     0.0000     0.0000    10.5551    35.4716    27.2231    5.52407    240.271 0.0000e+00
    604.000    10.6305   3.942625     2.1684     0.0125 175.690704   49.03892  -16.41019 1.0000e-12    35.4716    10.5558    99.8469    597.995  488478877     0.6307     2.1660     4.7166     0.0061     0.0232     0.0000     0.0000     0.0000    10.5559    35.4715    27.2229    5.51939    240.068 0.0000e+00
    605.000    10.6292   3.942540     2.1685     0.0115 175.690722   49.03892  -16.41018 1.0000e-12    35.4716    10.5544    99.8498    598.987  488478879     0.6146     2.1667     4.7167     0.0061     0.0282     0.0000     0.0000     0.0000    10.5544    35.4715    27.2232    5.52320    240.233 0.0000e+00
    606.000    10.6307   3.942777     2.1691     0.0104 175.690734   49.03892  -16.41019 1.0000e-12    35.4720    10.5558    99.8473    599.988  488478880     0.5929     2.1661     4.7166     0.0061     0.0249     0.0000     0.0000     0.0000    10.5558    35.4719    27.2233    5.52674    240.387 0.0000e+00
    607.000    10.6342   3.943233     2.1687     0.0137 175.690782   49.03891  -16.41019 1.0000e-12    35.4726    10.5592    99.8329    600.966  488478884     0.6512     2.1662     4.7159     0.0061     0.0238     0.0000     0.0000     0.0000    10.5592    35.4727    27.2232    5.52314    240.230 0.0000e+00
    608.000    10.6442   3.944620     2.1684     0.0151 175.690814   49.03890  -16.41017 1.0000e-12    35.4762    10.5689    99.8442    601.958  488478886     0.6729     2.1661     4.7164     0.0061     0.0265     0.0000     0.0000     0.0000    10.5689    35.4766    27.2246    5.52537    240.326 0.0000e+00
    609.000    10.6674   3.947539     2.1689     0.0158 175.690821   49.03890  -16.41016 1.0000e-12    35.4821    10.5919    99.8320    602.937  488478887     0.6840     2.1660     4.7159     0.0061     0.0272     0.0000     0.0000     0.0000    10.5919    35.4830    27.2255    5.52512    240.314 0.0000e+00
    610.000    10.6783   3.948990     2.1694     0.0163 175.690827   49.03890  -16.41017 1.0000e-12    35.4854    10.6027    99.8241    603.944  488478888     0.6913     2.1658     4.7155     0.0061     0.0256     0.0000     0.0000     0.0000    10.6027    35.4865    27.2263    5.52365    240.249 0.0000e+00
    611.000    10.6884   3.950277     2.1694     0.0149 175.690835   49.03890  -16.41018 1.0000e-12    35.4879    10.6126    99.8186    604.939  488478888     0.6697     2.1659     4.7152     0.0061     0.0188     0.0000     0.0000     0.0000    10.6126    35.4893    27.2267    5.52032    240.103 0.0000e+00
    612.000    10.6877   3.950199     2.1687     0.0150 175.690877   49.03890  -16.41018 1.0000e-12    35.4879    10.6117    99.8336    605.921  488478892     0.6719     2.1667     4.7159     0.0061     0.0205     0.0000     0.0000     0.0000    10.6117    35.4888    27.2264    5.51634    239.930 0.0000e+00
    613.000    10.6786   3.949111     2.1672     0.0163 175.690931   49.03890  -16.41018 1.0000e-12    35.4856    10.6026    99.8443    606.897  488478897     0.6912     2.1668     4.7164     0.0061     0.0220     0.0000     0.0000     0.0000    10.6026    35.4862    27.2261    5.51107    239.702 0.0000e+00
    614.000    10.6787   3.949223     2.1664     0.0126 175.690941   49.03889  -16.41018 1.0000e-12    35.4863    10.6026    99.8463    607.890  488478897     0.6327     2.1661     4.7165     0.0061     0.0219     0.0000     0.0000     0.0000    10.6026    35.4867    27.2265    5.50374    239.383 0.0000e+00
    615.000    10.6760   3.949025     2.1647     0.0126 175.690952   49.03888  -16.41018 1.0000e-12    35.4866    10.5997    99.8036    608.881  488478898     0.6326     2.1654     4.7146     0.0061     0.0235     0.0000     0.0000     0.0000    10.5997    35.4870    27.2272    5.50005    239.222 0.0000e+00
    616.000    10.6770   3.949188     2.1634     0.0131 175.690968   49.03888  -16.41018 1.0000e-12    35.4869    10.6006    99.4999    609.873  488478900     0.6406     2.1642     4.7002     0.0061     0.0240     0.0000     0.0000     0.0000    10.6006    35.4872    27.2272    5.50038    239.236 0.0000e+00
    617.000    10.6798   3.949544     2.1623     0.0160 175.691007   49.03888  -16.41018 1.0000e-12    35.4873    10.6033    99.9087    610.843  488478903     0.6877     2.1604     4.7195     0.0061     0.0296     0.0000     0.0000     0.0000    10.6033    35.4876    27.2270    5.50336    239.366 0.0000e+00
    618.000    10.6892   3.950794     2.1633     0.0157 175.691020   49.03888  -16.41018 1.0000e-12    35.4901    10.6125    99.8440    611.846  488478904     0.6825     2.1607     4.7164     0.0061     0.0317     0.0000     0.0000     0.0000    10.6125    35.4906    27.2278    5.50709    239.528 0.0000e+00
    619.000    10.6960   3.951652     2.1635     0.0156 175.691053   49.03888  -16.41018 1.0000e-12    35.4917    10.6191    99.8454    612.833  488478907     0.6807     2.1610     4.7165     0.0061     0.0297     0.0000     0.0000     0.0000    10.6191    35.4922    27.2278    5.50770    239.553 0.0000e+00
    620.000    10.7053   3.952936     2.1643     0.0160 175.691086   49.03888  -16.41018 1.0000e-12    35.4950    10.6283    99.8512    613.807  488478910     0.6866     2.1613     4.7168     0.0061     0.0286     0.0000     0.0000     0.0000    10.6283    35.4956    27.2288    5.51827    240.012 0.0000e+00
    621.000    10.7265   3.955582     2.1661     0.0172 175.691094   49.03888  -16.41018 1.0000e-12    35.5001    10.6493    99.8498    614.808  488478911     0.7043     2.1612     4.7167     0.0061     0.0244     0.0000     0.0000     0.0000    10.6493    35.5012    27.2295    5.51878    240.033 0.0000e+00
    622.000    10.7276   3.955737     2.1662     0.0154 175.691102   49.03888  -16.41018 1.0000e-12    35.5003    10.6502    99.8433    615.798  488478911     0.6780     2.1613     4.7164     0.0061     0.0246     0.0000     0.0000     0.0000    10.6502    35.5013    27.2294    5.51896    240.041 0.0000e+00
    623.000    10.7123   3.953922     2.1677     0.0157 175.691110   49.03888  -16.41018 1.0000e-12    35.4969    10.6348    99.8332    616.798  488478912     0.6830     2.1615     4.7159     0.0061     0.0256     0.0000     0.0000     0.0000    10.6348    35.4975    27.2291    5.52824    240.445 0.0000e+00
    624.000    10.6975   3.952196     2.1683     0.0163 175.691153   49.03887  -16.41018 1.0000e-12    35.4941    10.6199    99.8395    617.779  488478916     0.6913     2.1653     4.7162     0.0061     0.0213     0.0000     0.0000     0.0000    10.6200    35.4940    27.2291    5.52312    240.224 0.0000e+00
    625.000    10.7023   3.952791     2.1669     0.0179 175.691201   49.03886  -16.41018 1.0000e-12    35.4949    10.6246    99.8307    618.749  488478920     0.7144     2.1674     4.7158     0.0061     0.0235     0.0000     0.0000     0.0000    10.6246    35.4949    27.2289    5.50326    239.360 0.0000e+00
    626.000    10.6754   3.949679     2.1641     0.0172 175.691208   49.03886  -16.41018 1.0000e-12    35.4898    10.5977    99.8501    619.741  488478921     0.7051     2.1662     4.7167     0.0061     0.0256     0.0000     0.0000     0.0000    10.5977    35.4892    27.2293    5.49880    239.168 0.0000e+00
