Data/ruptures/DY032/PAP/d20150701_DY032_CTD13.cnv
* Sea-Bird SBE 9 Data File:
* FileName = C:\CTD\DY032\20150629_DY032_CTD13.hdr
* Software Version Seasave V 7.23.2
* Temperature SN = 2112
* Conductivity SN = 3159
* Number of Bytes Per Scan = 35
* Number of Voltage Words = 4
* Number of Scans Averaged by the Deck Unit = 1
* NMEA Latitude = 48 59.14 N
* NMEA Longitude = 016 17.12 W
* NMEA UTC (Time) = Jul 01 2015 14:15:45
** Ship:
** Station:
** Operator:
# nquan = 28
# nvalues = 1002                        
# units = specified
# name 0 = prDM: Pressure, Digiquartz [db]
# name 1 = t090C: Temperature [ITS-90, deg C]
# name 2 = c0S/m: Conductivity [S/m]
# name 3 = sbeox0V: Oxygen raw, SBE 43 [V]
# name 4 = flC: Fluorescence, Chelsea Aqua 3 Chl Con [ug/l]
# name 5 = timeJ: Julian Days
# name 6 = latitude: Latitude [deg]
# name 7 = longitude: Longitude [deg]
# name 8 = par: PAR/Irradiance, Biospherical/Licor
# name 9 = sal00: Salinity, Practical [PSU]
# name 10 = potemp090C: Potential Temperature [ITS-90, deg C]
# name 11 = CStarTr0: Beam Transmission, WET Labs C-Star [%]
# name 12 = depSM: Depth [salt water, m]
# name 13 = timeQ: Time, NMEA [seconds]
# name 14 = v0: Voltage 0
# name 15 = v1: Voltage 1
# name 16 = v2: Voltage 2
# name 17 = v3: Voltage 3
# name 18 = v4: Voltage 4
# name 19 = v5: Voltage 5
# name 20 = v6: Voltage 6
# name 21 = v7: Voltage 7
# name 22 = potemp090C: Potential Temperature [ITS-90, deg C]
# name 23 = sal00: Salinity, Practical [PSU]
# name 24 = sigma-é00: Density [sigma-theta, kg/m^3]
# name 25 = sbeox0ML/L: Oxygen, SBE 43 [ml/l], WS = 2
# name 26 = sbeox0Mm/Kg: Oxygen, SBE 43 [umol/kg], WS = 2
# name 27 = flag: flag
# span 0 =      6.000,   1007.000       
# span 1 =     8.5944,    15.4032       
# span 2 =   3.762730,   4.381582       
# span 3 =     1.6752,     2.5690       
# span 4 =     0.0105,     1.5581       
# span 5 = 182.595609, 182.609369       
# span 6 =   48.98570,   48.98572       
# span 7 =  -16.28530,  -16.28526       
# span 8 = 1.0000e-12, 4.4795e+02       
# span 9 =    35.2484,    35.5068       
# span 10 =     8.4822,    15.4023      
# span 11 =    89.5006,    99.9277      
# span 12 =      5.946,    996.051      
# span 13 =  489075461,  489076650      
# span 14 =     0.5949,     2.4208      
# span 15 =     1.6749,     2.5691      
# span 16 =     4.2278,     4.7204      
# span 17 =     0.0061,     3.9501      
# span 18 =     0.0151,     0.4369      
# span 19 =    -0.0063,     0.6313      
# span 20 =     0.2007,     0.2271      
# span 21 =     0.0602,     0.3410      
# span 22 =     8.4822,    15.4023      
# span 23 =    35.2469,    35.5066      
# span 24 =    26.2305,    27.5432      
# span 25 =    4.24284,    5.98362      
# span 26 =    184.597,    260.232      
# span 27 = 0.0000e+00, 0.0000e+00      
# interval = decibars: 1                
# start_time = Jul 01 2015 14:17:27 [NMEA time, first data scan]
# bad_flag = -9.990e-29
*END*
[from data line 259]
    265.000    10.8748   3.948358     2.2909     0.0243 182.600886   48.98572  -16.28528 1.0000e-12    35.4442    10.8421    99.7958    262.588  489075917     0.7958     2.2906     4.7142     0.0061     0.0318     0.3956     0.2177     0.2650    10.8421    35.4443    27.1503    5.64946    245.724 0.0000e+00
    266.000    10.8749   3.948425     2.2910     0.0239 182.600897   48.98572  -16.28528 1.0000e-12    35.4443    10.8421    99.7947    263.574  489075918     0.7916     2.2906     4.7141     0.0061     0.0265     0.3784     0.2176     0.2644    10.8421    35.4443    27.1504    5.65044    245.767 0.0000e+00
    267.000    10.8756   3.948549     2.2910     0.0263 182.600908   48.98572  -16.28528 1.0000e-12    35.4445    10.8426    99.7947    264.563  489075919     0.8196     2.2907     4.7141     0.0061     0.0303     0.3783     0.2175     0.3128    10.8426    35.4445    27.1504    5.65108    245.794 0.0000e+00
    268.000    10.8752   3.948564     2.2910     0.0239 182.600919   48.98572  -16.28528 1.0000e-12    35.4445    10.8421    99.8092    265.559  489075920     0.7919     2.2906     4.7148     0.0061     0.0335     0.3484     0.2176     0.3021    10.8422    35.4445    27.1505    5.65160    245.817 0.0000e+00
    269.000    10.8758   3.948690     2.2910     0.0236 182.600933   48.98572  -16.28528 1.0000e-12    35.4448    10.8426    99.8127    266.546  489075921     0.7887     2.2906     4.7150     0.0061     0.0340     0.2917     0.2176     0.3131    10.8426    35.4448    27.1507    5.64962    245.731 0.0000e+00
    270.000    10.8754   3.948687     2.2899     0.0234 182.600947   48.98572  -16.28528 1.0000e-12    35.4447    10.8421    99.7928    267.535  489075922     0.7855     2.2906     4.7141     0.0061     0.0292     0.2900     0.2178     0.3040    10.8421    35.4447    27.1507    5.64903    245.705 0.0000e+00
    271.000    10.8756   3.948764     2.2906     0.0240 182.600962   48.98572  -16.28528 1.0000e-12    35.4448    10.8421    99.7964    268.525  489075923     0.7931     2.2906     4.7142     0.0061     0.0321     0.5849     0.2178     0.3011    10.8421    35.4448    27.1508    5.65199    245.834 0.0000e+00
    272.000    10.8769   3.948991     2.2898     0.0267 182.600976   48.98572  -16.28528 1.0000e-12    35.4454    10.8433    99.7823    269.514  489075925     0.8236     2.2896     4.7136     0.0061     0.0280     0.3076     0.2176     0.2981    10.8433    35.4454    27.1510    5.64829    245.673 0.0000e+00
    273.000    10.8771   3.949072     2.2897     0.0251 182.600989   48.98572  -16.28528 1.0000e-12    35.4455    10.8434    99.7648    270.503  489075926     0.8050     2.2903     4.7127     0.0061     0.0304     0.3488     0.2178     0.2924    10.8434    35.4456    27.1511    5.65086    245.785 0.0000e+00
    274.000    10.8774   3.949136     2.2899     0.0260 182.601000   48.98572  -16.28528 1.0000e-12    35.4454    10.8435    99.7881    271.497  489075927     0.8154     2.2897     4.7138     0.0061     0.0292     0.3785     0.2179     0.3058    10.8435    35.4455    27.1510    5.65350    245.900 0.0000e+00
    275.000    10.8780   3.949272     2.2899     0.0268 182.601011   48.98572  -16.28528 1.0000e-12    35.4457    10.8441    99.7925    272.486  489075928     0.8240     2.2894     4.7140     0.0061     0.0323     0.3781     0.2180     0.3181    10.8441    35.4458    27.1512    5.65194    245.832 0.0000e+00
    276.000    10.8776   3.949274     2.2898     0.0229 182.601023   48.98572  -16.28528 1.0000e-12    35.4457    10.8436    99.7980    273.477  489075929     0.7789     2.2894     4.7143     0.0061     0.0313     0.3357     0.2180     0.3018    10.8436    35.4457    27.1512    5.65286    245.872 0.0000e+00
    277.000    10.8771   3.949246     2.2899     0.0237 182.601035   48.98572  -16.28528 1.0000e-12    35.4455    10.8429    99.7863    274.467  489075930     0.7884     2.2897     4.7138     0.0061     0.0325     0.3347     0.2179     0.2900    10.8429    35.4455    27.1512    5.65565    245.993 0.0000e+00
    278.000    10.8771   3.949305     2.2903     0.0228 182.601049   48.98572  -16.28528 1.0000e-12    35.4456    10.8428    99.8050    275.458  489075931     0.7792     2.2894     4.7146     0.0061     0.0297     0.3009     0.2179     0.3044    10.8428    35.4456    27.1513    5.65784    246.088 0.0000e+00
    279.000    10.8774   3.949368     2.2901     0.0223 182.601063   48.98572  -16.28528 1.0000e-12    35.4456    10.8429    99.8120    276.446  489075932     0.7730     2.2894     4.7149     0.0061     0.0315     0.3110     0.2180     0.3056    10.8429    35.4456    27.1512    5.65352    245.900 0.0000e+00
    280.000    10.8775   3.949434     2.2894     0.0194 182.601076   48.98572  -16.28528 1.0000e-12    35.4457    10.8429    99.8041    277.434  489075933     0.7352     2.2899     4.7146     0.0061     0.0299     0.3487     0.2180     0.2877    10.8429    35.4457    27.1513    5.65221    245.844 0.0000e+00
    281.000    10.8780   3.949543     2.2892     0.0216 182.601087   48.98572  -16.28528 1.0000e-12    35.4458    10.8433    99.7980    278.424  489075934     0.7635     2.2900     4.7143     0.0061     0.0304     0.4152     0.2179     0.2970    10.8433    35.4459    27.1514    5.65329    245.890 0.0000e+00
    282.000    10.8784   3.949634     2.2888     0.0209 182.601097   48.98572  -16.28528 1.0000e-12    35.4459    10.8435    99.7994    279.415  489075935     0.7545     2.2895     4.7144     0.0061     0.0302     0.4348     0.2178     0.2835    10.8435    35.4459    27.1514    5.65282    245.870 0.0000e+00
    283.000    10.8789   3.949757     2.2890     0.0190 182.601106   48.98572  -16.28528 1.0000e-12    35.4462    10.8439    99.7896    280.415  489075936     0.7298     2.2890     4.7139     0.0061     0.0251     0.4142     0.2179     0.2839    10.8439    35.4462    27.1515    5.65836    246.111 0.0000e+00
    284.000    10.8792   3.949849     2.2897     0.0202 182.601118   48.98572  -16.28528 1.0000e-12    35.4464    10.8441    99.7968    281.406  489075937     0.7457     2.2888     4.7142     0.0061     0.0293     0.3059     0.2179     0.2882    10.8441    35.4464    27.1517    5.66042    246.200 0.0000e+00
    285.000    10.8796   3.949938     2.2894     0.0285 182.601136   48.98572  -16.28528 1.0000e-12    35.4464    10.8444    99.7919    282.388  489075938     0.8387     2.2888     4.7140     0.0061     0.0322     0.3789     0.2180     0.2668    10.8444    35.4465    27.1516    5.65513    245.970 0.0000e+00
    286.000    10.8800   3.950047     2.2883     0.0314 182.601156   48.98572  -16.28528 1.0000e-12    35.4467    10.8446    99.8028    283.371  489075940     0.8728     2.2894     4.7145     0.0061     0.0353     0.2770     0.2178     0.2817    10.8446    35.4467    27.1518    5.65142    245.809 0.0000e+00
    287.000    10.8816   3.950291     2.2875     0.0295 182.601168   48.98572  -16.28528 1.0000e-12    35.4471    10.8461    99.8245    284.362  489075941     0.8528     2.2890     4.7155     0.0061     0.0317     0.3991     0.2180     0.2594    10.8461    35.4472    27.1519    5.64945    245.723 0.0000e+00
    288.000    10.8819   3.950387     2.2873     0.0304 182.601178   48.98572  -16.28528 1.0000e-12    35.4472    10.8464    99.8213    285.359  489075942     0.8624     2.2883     4.7154     0.0061     0.0297     0.4590     0.2179     0.2536    10.8463    35.4473    27.1520    5.65169    245.820 0.0000e+00
    289.000    10.8812   3.950350     2.2870     0.0302 182.601187   48.98572  -16.28528 1.0000e-12    35.4472    10.8455    99.7772    286.348  489075943     0.8603     2.2879     4.7133     0.0061     0.0291     0.4601     0.2178     0.2565    10.8454    35.4473    27.1521    5.65069    245.777 0.0000e+00
    290.000    10.8806   3.950340     2.2864     0.0271 182.601196   48.98572  -16.28528 1.0000e-12    35.4472    10.8447    99.7973    287.344  489075944     0.8283     2.2871     4.7143     0.0061     0.0323     0.3992     0.2181     0.2473    10.8447    35.4473    27.1522    5.64911    245.708 0.0000e+00
    291.000    10.8812   3.950505     2.2862     0.0249 182.601208   48.98572  -16.28528 1.0000e-12    35.4478    10.8453    99.7981    288.335  489075945     0.8034     2.2868     4.7143     0.0061     0.0331     0.3271     0.2180     0.2519    10.8453    35.4479    27.1526    5.65096    245.788 0.0000e+00
    292.000    10.8821   3.950687     2.2860     0.0241 182.601223   48.98572  -16.28528 1.0000e-12    35.4483    10.8460    99.7981    289.319  489075946     0.7945     2.2863     4.7143     0.0061     0.0322     0.2748     0.2179     0.2622    10.8460    35.4483    27.1528    5.64947    245.724 0.0000e+00
    293.000    10.8830   3.950849     2.2849     0.0229 182.601238   48.98572  -16.28528 1.0000e-12    35.4486    10.8468    99.8164    290.307  489075947     0.7803     2.2858     4.7151     0.0061     0.0414     0.3954     0.2179     0.2760    10.8468    35.4487    27.1529    5.64282    245.434 0.0000e+00
    294.000    10.8841   3.951029     2.2837     0.0206 182.601252   48.98572  -16.28528 1.0000e-12    35.4489    10.8478    99.8070    291.297  489075948     0.7515     2.2856     4.7147     0.0061     0.0346     0.5360     0.2180     0.2800    10.8478    35.4489    27.1530    5.64325    245.453 0.0000e+00
    295.000    10.8838   3.951036     2.2837     0.0215 182.601264   48.98572  -16.28528 1.0000e-12    35.4488    10.8473    99.7970    292.288  489075949     0.7631     2.2849     4.7142     0.0061     0.0340     0.3568     0.2180     0.2719    10.8473    35.4489    27.1530    5.64826    245.671 0.0000e+00
    296.000    10.8841   3.951134     2.2841     0.0229 182.601276   48.98572  -16.28528 1.0000e-12    35.4490    10.8475    99.7827    293.279  489075950     0.7806     2.2835     4.7136     0.0061     0.0292     0.3529     0.2179     0.2574    10.8475    35.4491    27.1531    5.65011    245.751 0.0000e+00
    297.000    10.8844   3.951220     2.2847     0.0236 182.601288   48.98572  -16.28528 1.0000e-12    35.4492    10.8477    99.8233    294.271  489075952     0.7884     2.2833     4.7155     0.0061     0.0338     0.3532     0.2179     0.2477    10.8477    35.4492    27.1532    5.65386    245.914 0.0000e+00
    298.000    10.8852   3.951360     2.2849     0.0206 182.601300   48.98572  -16.28528 1.0000e-12    35.4494    10.8483    99.8240    295.258  489075953     0.7513     2.2837     4.7155     0.0061     0.0289     0.3534     0.2177     0.2505    10.8483    35.4494    27.1532    5.64991    245.743 0.0000e+00
    299.000    10.8856   3.951468     2.2839     0.0194 182.601312   48.98572  -16.28528 1.0000e-12    35.4496    10.8486    99.8195    296.249  489075954     0.7359     2.2839     4.7153     0.0061     0.0272     0.3845     0.2180     0.2529    10.8486    35.4497    27.1534    5.64579    245.563 0.0000e+00
    300.000    10.8853   3.951490     2.2837     0.0181 182.601323   48.98572  -16.28528 1.0000e-12    35.4497    10.8482    99.8197    297.241  489075955     0.7178     2.2845     4.7153     0.0061     0.0320     0.3681     0.2177     0.2461    10.8482    35.4498    27.1535    5.64933    245.717 0.0000e+00
    301.000    10.8853   3.951546     2.2837     0.0205 182.601335   48.98572  -16.28528 1.0000e-12    35.4498    10.8481    99.8240    298.231  489075956     0.7485     2.2841     4.7155     0.0061     0.0306     0.3538     0.2180     0.2517    10.8481    35.4498    27.1536    5.65046    245.766 0.0000e+00
    302.000    10.8864   3.951728     2.2837     0.0221 182.601347   48.98572  -16.28528 1.0000e-12    35.4501    10.8490    99.8210    299.220  489075957     0.7707     2.2834     4.7154     0.0061     0.0270     0.3407     0.2179     0.2589    10.8490    35.4502    27.1537    5.64859    245.685 0.0000e+00
    303.000    10.8871   3.951860     2.2826     0.0242 182.601360   48.98572  -16.28528 1.0000e-12    35.4503    10.8496    99.8092    300.208  489075958     0.7952     2.2833     4.7148     0.0061     0.0331     0.3402     0.2184     0.2453    10.8496    35.4504    27.1538    5.64276    245.431 0.0000e+00
    304.000    10.8872   3.951932     2.2821     0.0250 182.601372   48.98572  -16.28528 1.0000e-12    35.4505    10.8496    99.8201    301.205  489075959     0.8046     2.2833     4.7153     0.0061     0.0325     0.3277     0.2181     0.2393    10.8496    35.4506    27.1539    5.64633    245.587 0.0000e+00
    305.000    10.8874   3.952009     2.2817     0.0247 182.601387   48.98572  -16.28528 1.0000e-12    35.4506    10.8497    99.8084    302.192  489075960     0.8008     2.2823     4.7148     0.0061     0.0312     0.4491     0.2180     0.2810    10.8497    35.4506    27.1539    5.64396    245.483 0.0000e+00
    306.000    10.8876   3.952085     2.2813     0.0197 182.601405   48.98572  -16.28528 1.0000e-12    35.4507    10.8498    99.7743    303.176  489075962     0.7392     2.2817     4.7131     0.0061     0.0314     0.3153     0.2179     0.3011    10.8497    35.4508    27.1540    5.64461    245.512 0.0000e+00
    307.000    10.8880   3.952163     2.2805     0.0236 182.601418   48.98572  -16.28528 1.0000e-12    35.4506    10.8500    99.8220    304.163  489075963     0.7890     2.2812     4.7154     0.0061     0.0334     0.3861     0.2181     0.2983    10.8500    35.4507    27.1539    5.63911    245.272 0.0000e+00
    308.000    10.8879   3.952205     2.2799     0.0252 182.601427   48.98572  -16.28528 1.0000e-12    35.4508    10.8497    99.8211    305.153  489075964     0.8071     2.2808     4.7154     0.0061     0.0311     0.4899     0.2176     0.3093    10.8497    35.4508    27.1541    5.64123    245.365 0.0000e+00
    309.000    10.8878   3.952248     2.2799     0.0249 182.601436   48.98572  -16.28528 1.0000e-12    35.4508    10.8496    99.8240    306.154  489075964     0.8036     2.2808     4.7155     0.0061     0.0311     0.0039     0.2182     0.3034    10.8495    35.4509    27.1542    5.64133    245.369 0.0000e+00
    310.000    10.8872   3.952230     2.2792     0.0229 182.601445   48.98572  -16.28528 1.0000e-12    35.4508    10.8489    99.8240    307.146  489075965     0.7800     2.2803     4.7155     0.0061     0.0284     0.4268     0.2178     0.2995    10.8488    35.4508    27.1542    5.63803    245.225 0.0000e+00
    311.000    10.8871   3.952263     2.2788     0.0207 182.601456   48.98572  -16.28528 1.0000e-12    35.4508    10.8486    99.8240    308.136  489075966     0.7524     2.2796     4.7155     0.0061     0.0344     0.3554     0.2191     0.2778    10.8486    35.4508    27.1543    5.64258    245.423 0.0000e+00
    312.000    10.8868   3.952309     2.2797     0.0215 182.601469   48.98572  -16.28528 1.0000e-12    35.4511    10.8481    99.7913    309.123  489075967     0.7631     2.2792     4.7140     0.0061     0.0335     0.5116     0.2190     0.2744    10.8481    35.4511    27.1546    5.64898    245.702 0.0000e+00
    313.000    10.8870   3.952366     2.2800     0.0244 182.601485   48.98571  -16.28528 1.0000e-12    35.4511    10.8482    99.8239    310.110  489075969     0.7980     2.2784     4.7155     0.0061     0.0339     0.3039     0.2189     0.2749    10.8482    35.4511    27.1546    5.64444    245.504 0.0000e+00
    314.000    10.8871   3.952433     2.2789     0.0240 182.601501   48.98570  -16.28528 1.0000e-12    35.4511    10.8483    99.8199    311.099  489075970     0.7928     2.2795     4.7153     0.0061     0.0305     0.2755     0.2190     0.2627    10.8483    35.4511    27.1546    5.64142    245.373 0.0000e+00
    315.000    10.8873   3.952518     2.2788     0.0245 182.601515   48.98570  -16.28528 1.0000e-12    35.4513    10.8484    99.7903    312.087  489075971     0.7991     2.2796     4.7139     0.0061     0.0293     0.3266     0.2189     0.2910    10.8483    35.4513    27.1547    5.64445    245.504 0.0000e+00
