Data/ruptures/DY032/PAP/d20150703_DY032_CTD16.cnv
* Sea-Bird SBE 9 Data File:
* FileName = C:\CTD\DY032\20150629_DY032_CTD16.hdr
* Software Version Seasave V 7.23.2
* Temperature SN = 2112
* Conductivity SN = 3159
* Number of Bytes Per Scan = 35
* Number of Voltage Words = 4
* Number of Scans Averaged by the Deck Unit = 1
* NMEA Latitude = 48 58.73 N
* NMEA Longitude = 016 30.80 W
* NMEA UTC (Time) = Jul 03 2015 07:39:55
** Ship:
** Station:
** Operator:
# nquan = 28
# nvalues = 1000                        
# units = specified
# name 0 = prDM: Pressure, Digiquartz [db]
# name 1 = t090C: Temperature [ITS-90, deg C]
# name 2 = c0S/m: Conductivity [S/m]
# name 3 = sbeox0V: Oxygen raw, SBE 43 [V]
# name 4 = flC: Fluorescence, Chelsea Aqua 3 Chl Con [ug/l]
# name 5 = timeJ: Julian Days
# name 6 = latitude: Latitude [deg]
# name 7 = longitude: Longitude [deg]
# name 8 = par: PAR/Irradiance, Biospherical/Licor
# name 9 = sal00: Salinity, Practical [PSU]
# name 10 = potemp090C: Potential Temperature [ITS-90, deg C]
# name 11 = CStarTr0: Beam Transmission, WET Labs C-Star [%]
# name 12 = depSM: Depth [salt water, m]
# name 13 = timeQ: Time, NMEA [seconds]
# name 14 = v0: Voltage 0
# name 15 = v1: Voltage 1
# name 16 = v2: Voltage 2
# name 17 = v3: Voltage 3
# name 18 = v4: Voltage 4
# name 19 = v5: Voltage 5
# name 20 = v6: Voltage 6
# name 21 = v7: Voltage 7
# name 22 = potemp090C: Potential Temperature [ITS-90, deg C]
# name 23 = sal00: Salinity, Practical [PSU]
# name 24 = sigma-é00: Density [sigma-theta, kg/m^3]
# name 25 = sbeox0ML/L: Oxygen, SBE 43 [ml/l], WS = 2
# name 26 = sbeox0Mm/Kg: Oxygen, SBE 43 [umol/kg], WS = 2
# name 27 = flag: flag
# span 0 =      6.000,   1005.000       
# span 1 =     8.7317,    15.3547       
# span 2 =   3.769042,   4.380262       
# span 3 =     1.6645,     2.5191       
# span 4 =     0.0090,     1.2887       
# span 5 = 184.322965, 184.344461       
# span 6 =   48.97823,   48.97886       
# span 7 =  -16.51340,  -16.51264       
# span 8 = 1.0000e-12, 4.4026e+01       
# span 9 =    35.3306,    35.5788       
# span 10 =     8.6189,    15.3536      
# span 11 =    90.6959,    99.9009      
# span 12 =      5.912,    994.102      
# span 13 =  489224705,  489226562      
# span 14 =     0.5667,     2.3392      
# span 15 =     1.6631,     2.5215      
# span 16 =     4.2843,     4.7192      
# span 17 =     0.0061,     2.9457      
# span 18 =     0.0134,     0.2776      
# span 19 =    -0.0467,     0.7549      
# span 20 =    -0.0003,     1.0267      
# span 21 =    -0.0032,     0.0472      
# span 22 =     8.6189,    15.3536      
# span 23 =    35.3295,    35.5789      
# span 24 =    26.2656,    27.4676      
# span 25 =    4.22436,    5.71063      
# span 26 =    183.802,    248.321      
# span 27 = 0.0000e+00, 0.0000e+00      
# interval = decibars: 1                
# start_time = Jul 03 2015 07:45:04 [NMEA time, first data scan]
# bad_flag = -9.990e-29
*END*
[from data line 570]
    576.000    10.7823   3.958695     2.1830     0.0212 184.336876   48.97884  -16.51336 1.0000e-12    35.4987    10.7105    99.8241    570.320  489225906     0.7583     2.1820     4.7155     0.0061     0.0267     0.3221     0.0159     0.0000    10.7105    35.4985    27.2163    5.52499    240.302 0.0000e+00
    577.000    10.7816   3.958686     2.1824     0.0185 184.336889   48.97884  -16.51336 1.0000e-12    35.4988    10.7098    99.8240    571.313  489225907     0.7237     2.1819     4.7155     0.0061     0.0274     0.3004     0.0100     0.0000    10.7098    35.4986    27.2165    5.52498    240.302 0.0000e+00
    578.000    10.7812   3.958679     2.1822     0.0184 184.336904   48.97884  -16.51336 1.0000e-12    35.4987    10.7092    99.8113    572.300  489225909     0.7215     2.1816     4.7149     0.0061     0.0240     0.2725     0.0158     0.0000    10.7092    35.4985    27.2165    5.52745    240.409 0.0000e+00
    579.000    10.7805   3.958675     2.1821     0.0159 184.336921   48.97884  -16.51336 1.0000e-12    35.4988    10.7084    99.8179    573.290  489225910     0.6850     2.1808     4.7152     0.0061     0.0245     0.4429     0.0109     0.0000    10.7084    35.4986    27.2168    5.52760    240.416 0.0000e+00
    580.000    10.7818   3.958912     2.1816     0.0201 184.336942   48.97884  -16.51336 1.0000e-12    35.4995    10.7095    99.8236    574.275  489225912     0.7443     2.1807     4.7155     0.0061     0.0212     0.3937     0.0138     0.0000    10.7095    35.4994    27.2172    5.52346    240.235 0.0000e+00
    581.000    10.7834   3.959182     2.1810     0.0211 184.336959   48.97884  -16.51336 1.0000e-12    35.5001    10.7110    99.8040    575.258  489225914     0.7582     2.1806     4.7146     0.0061     0.0261     0.3202     0.0169     0.0000    10.7110    35.5001    27.2175    5.52481    240.294 0.0000e+00
    582.000    10.7846   3.959363     2.1810     0.0224 184.336970   48.97884  -16.51336 1.0000e-12    35.5003    10.7120    99.8241    576.253  489225915     0.7745     2.1802     4.7155     0.0061     0.0260     0.3970     0.0174     0.0000    10.7120    35.5003    27.2175    5.52773    240.421 0.0000e+00
    583.000    10.7832   3.959230     2.1816     0.0222 184.336981   48.97884  -16.51336 1.0000e-12    35.4999    10.7105    99.8164    577.251  489225915     0.7717     2.1795     4.7151     0.0061     0.0256     0.3803     0.0078     0.0000    10.7105    35.4999    27.2174    5.53213    240.612 0.0000e+00
    584.000    10.7816   3.959094     2.1821     0.0204 184.337005   48.97884  -16.51336 1.0000e-12    35.4997    10.7088    99.8154    578.234  489225917     0.7479     2.1799     4.7151     0.0061     0.0274     0.3268     0.0018     0.0000    10.7088    35.4996    27.2175    5.53156    240.588 0.0000e+00
    585.000    10.7739   3.958277     2.1807     0.0177 184.337037   48.97884  -16.51336 1.0000e-12    35.4986    10.7011    99.8237    579.211  489225920     0.7119     2.1807     4.7155     0.0061     0.0342     0.5440     0.0003     0.0000    10.7011    35.4984    27.2179    5.52004    240.087 0.0000e+00
    586.000    10.7706   3.957965     2.1798     0.0159 184.337048   48.97884  -16.51336 1.0000e-12    35.4984    10.6976    99.7923    580.205  489225921     0.6857     2.1807     4.7140     0.0061     0.0267     0.3131     0.0003     0.0000    10.6976    35.4981    27.2183    5.52493    240.300 0.0000e+00
    587.000    10.7701   3.957987     2.1798     0.0209 184.337059   48.97884  -16.51336 1.0000e-12    35.4986    10.6970    99.7383    581.203  489225922     0.7551     2.1800     4.7114     0.0061     0.0253     0.0942     0.0000     0.0000    10.6970    35.4983    27.2186    5.52663    240.374 0.0000e+00
    588.000    10.7697   3.958000     2.1796     0.0191 184.337070   48.97884  -16.51336 1.0000e-12    35.4986    10.6965    99.7361    582.188  489225923     0.7312     2.1786     4.7114     0.0061     0.0236     0.3805     0.0000     0.0000    10.6965    35.4983    27.2187    5.52539    240.320 0.0000e+00
    589.000    10.7692   3.957994     2.1794     0.0212 184.337082   48.97884  -16.51336 1.0000e-12    35.4986    10.6958    99.8328    583.177  489225924     0.7591     2.1783     4.7159     0.0061     0.0211     0.6119     0.0000     0.0000    10.6958    35.4983    27.2188    5.52908    240.480 0.0000e+00
    590.000    10.7714   3.958309     2.1798     0.0246 184.337097   48.97884  -16.51336 1.0000e-12    35.4991    10.6979    99.8201    584.167  489225925     0.7999     2.1780     4.7153     0.0061     0.0236     0.2702     0.0000     0.0000    10.6979    35.4989    27.2190    5.52962    240.504 0.0000e+00
    591.000    10.7710   3.958325     2.1798     0.0274 184.337115   48.97884  -16.51336 1.0000e-12    35.4992    10.6974    99.8226    585.151  489225927     0.8307     2.1781     4.7154     0.0061     0.0221     0.4653     0.0000     0.0000    10.6974    35.4990    27.2191    5.53001    240.520 0.0000e+00
    592.000    10.7630   3.957482     2.1798     0.0287 184.337131   48.97884  -16.51337 1.0000e-12    35.4982    10.6893    99.8379    586.140  489225928     0.8443     2.1783     4.7161     0.0061     0.0256     0.2931     0.0000     0.0000    10.6893    35.4979    27.2197    5.53194    240.605 0.0000e+00
    593.000    10.7618   3.957390     2.1799     0.0229 184.337145   48.97884  -16.51336 1.0000e-12    35.4979    10.6880    99.8285    587.130  489225930     0.7799     2.1783     4.7157     0.0061     0.0230     0.3041     0.0000     0.0000    10.6880    35.4977    27.2197    5.53306    240.654 0.0000e+00
    594.000    10.7607   3.957319     2.1799     0.0236 184.337160   48.97884  -16.51336 1.0000e-12    35.4979    10.6867    99.8300    588.122  489225931     0.7876     2.1783     4.7158     0.0061     0.0269     0.2944     0.0000     0.0000    10.6867    35.4976    27.2199    5.53371    240.682 0.0000e+00
    595.000    10.7603   3.957322     2.1799     0.0215 184.337176   48.97884  -16.51336 1.0000e-12    35.4978    10.6862    99.8240    589.109  489225932     0.7625     2.1783     4.7155     0.0061     0.0252     0.4900     0.0011     0.0000    10.6862    35.4976    27.2200    5.53421    240.704 0.0000e+00
    596.000    10.7601   3.957354     2.1799     0.0190 184.337193   48.97884  -16.51337 1.0000e-12    35.4978    10.6858    99.8240    590.096  489225934     0.7302     2.1783     4.7155     0.0061     0.0257     0.2417     0.0003     0.0000    10.6859    35.4976    27.2201    5.53532    240.752 0.0000e+00
    597.000    10.7609   3.957505     2.1799     0.0185 184.337209   48.97884  -16.51338 1.0000e-12    35.4980    10.6866    99.8214    591.081  489225935     0.7220     2.1783     4.7154     0.0061     0.0256     0.5889     0.0007     0.0000    10.6866    35.4979    27.2202    5.53479    240.729 0.0000e+00
    598.000    10.7610   3.957589     2.1797     0.0173 184.337223   48.97884  -16.51338 1.0000e-12    35.4984    10.6865    99.8248    592.076  489225936     0.7066     2.1783     4.7155     0.0061     0.0236     0.3021     0.0004     0.0000    10.6865    35.4983    27.2205    5.53626    240.793 0.0000e+00
    599.000    10.7603   3.957593     2.1802     0.0189 184.337239   48.97884  -16.51338 1.0000e-12    35.4987    10.6856    99.8259    593.066  489225938     0.7280     2.1782     4.7156     0.0061     0.0219     0.2549     0.0022     0.0000    10.6856    35.4986    27.2208    5.54107    241.002 0.0000e+00
    600.000    10.7599   3.957637     2.1804     0.0179 184.337265   48.97884  -16.51338 1.0000e-12    35.4990    10.6852    99.8274    594.050  489225940     0.7146     2.1784     4.7157     0.0061     0.0227     0.4218     0.0063     0.0000    10.6852    35.4989    27.2212    5.53788    240.863 0.0000e+00
    601.000    10.7578   3.957503     2.1799     0.0168 184.337288   48.97884  -16.51338 1.0000e-12    35.4992    10.6830    99.8192    595.031  489225942     0.6988     2.1790     4.7153     0.0061     0.0245     0.2871     0.0033     0.0000    10.6830    35.4991    27.2218    5.53820    240.877 0.0000e+00
    602.000    10.7594   3.957743     2.1798     0.0178 184.337299   48.97884  -16.51338 1.0000e-12    35.4996    10.6844    99.8216    596.020  489225943     0.7126     2.1786     4.7154     0.0061     0.0256     0.4228     0.0022     0.0000    10.6844    35.4995    27.2218    5.53937    240.928 0.0000e+00
    603.000    10.7623   3.958191     2.1799     0.0241 184.337308   48.97884  -16.51338 1.0000e-12    35.5008    10.6872    99.8240    597.018  489225944     0.7941     2.1783     4.7155     0.0061     0.0244     0.4896     0.0025     0.0000    10.6872    35.5008    27.2223    5.54444    241.148 0.0000e+00
    604.000    10.7647   3.958527     2.1811     0.0229 184.337317   48.97884  -16.51338 1.0000e-12    35.5013    10.6895    99.8240    598.016  489225944     0.7796     2.1783     4.7155     0.0061     0.0208     0.4059     0.0043     0.0000    10.6895    35.5014    27.2224    5.55327    241.532 0.0000e+00
    605.000    10.7640   3.958503     2.1822     0.0203 184.337332   48.97884  -16.51338 1.0000e-12    35.5013    10.6886    99.8240    599.000  489225946     0.7468     2.1782     4.7155     0.0061     0.0266     0.2593     0.0018     0.0000    10.6886    35.5014    27.2225    5.55052    241.412 0.0000e+00
    606.000    10.7612   3.958234     2.1821     0.0155 184.337356   48.97882  -16.51339 1.0000e-12    35.5010    10.6856    99.8073    599.982  489225948     0.6792     2.1803     4.7147     0.0061     0.0215     0.4750     0.0057     0.0000    10.6856    35.5010    27.2228    5.54843    241.322 0.0000e+00
    607.000    10.7565   3.957765     2.1813     0.0247 184.337378   48.97884  -16.51338 1.0000e-12    35.5005    10.6809    99.7976    600.965  489225950     0.8011     2.1804     4.7142     0.0061     0.0186     0.2346     0.0046     0.0000    10.6809    35.5003    27.2231    5.54487    241.167 0.0000e+00
    608.000    10.7556   3.957703     2.1811     0.0295 184.337392   48.97884  -16.51338 1.0000e-12    35.5003    10.6799    99.8365    601.955  489225951     0.8533     2.1805     4.7161     0.0061     0.0225     0.3568     0.0008     0.0000    10.6799    35.5001    27.2231    5.54573    241.205 0.0000e+00
    609.000    10.7563   3.957845     2.1805     0.0252 184.337403   48.97884  -16.51338 1.0000e-12    35.5006    10.6804    99.8337    602.952  489225952     0.8071     2.1797     4.7159     0.0061     0.0218     0.3690     0.0029     0.0000    10.6805    35.5005    27.2233    5.54513    241.178 0.0000e+00
    610.000    10.7550   3.957760     2.1806     0.0213 184.337417   48.97884  -16.51340 1.0000e-12    35.5006    10.6790    99.8289    603.942  489225953     0.7592     2.1795     4.7157     0.0061     0.0259     0.5297     0.0024     0.0000    10.6790    35.5005    27.2235    5.54738    241.276 0.0000e+00
    611.000    10.7527   3.957547     2.1802     0.0184 184.337434   48.97883  -16.51340 1.0000e-12    35.5002    10.6766    99.8324    604.921  489225955     0.7209     2.1789     4.7159     0.0061     0.0247     0.2530     0.0000     0.0000    10.6766    35.5001    27.2236    5.54549    241.194 0.0000e+00
    612.000    10.7519   3.957484     2.1800     0.0199 184.337447   48.97882  -16.51339 1.0000e-12    35.5000    10.6757    99.8262    605.910  489225956     0.7415     2.1789     4.7156     0.0061     0.0224     0.3854 -6.553e-07     0.0000    10.6757    35.4998    27.2236    5.54775    241.293 0.0000e+00
    613.000    10.7510   3.957418     2.1800     0.0213 184.337459   48.97882  -16.51339 1.0000e-12    35.4998    10.6746    99.8323    606.915  489225957     0.7596     2.1787     4.7159     0.0061     0.0305     0.2860     0.0001     0.0000    10.6746    35.4996    27.2236    5.54858    241.329 0.0000e+00
    614.000    10.7518   3.957551     2.1779     0.0158 184.337505   48.97884  -16.51338 1.0000e-12    35.4998    10.6753    99.8380    607.875  489225961     0.6852     2.1783     4.7162     0.0061     0.0226     0.5097     0.0025     0.0000    10.6753    35.4997    27.2236    5.53409    240.698 0.0000e+00
    615.000    10.7512   3.957531     2.1775     0.0153 184.337515   48.97884  -16.51338 1.0000e-12    35.4998    10.6745    99.8221    608.868  489225962     0.6761     2.1783     4.7154     0.0061     0.0235     0.5891     0.0033     0.0000    10.6745    35.4996    27.2237    5.54065    240.984 0.0000e+00
    616.000    10.7513   3.957593     2.1775     0.0157 184.337521   48.97884  -16.51338 1.0000e-12    35.4997    10.6746    99.8240    609.870  489225962     0.6825     2.1783     4.7155     0.0061     0.0238     0.0089     0.0039     0.0000    10.6746    35.4997    27.2237    5.54507    241.176 0.0000e+00
    617.000    10.7511   3.957602     2.1777     0.0160 184.337528   48.97882  -16.51338 1.0000e-12    35.4997    10.6742    99.8240    610.856  489225963     0.6866     2.1775     4.7155     0.0061     0.0206     0.6568     0.0036     0.0000    10.6742    35.4996    27.2237    5.54982    241.383 0.0000e+00
    618.000    10.7497   3.957552     2.1789     0.0166 184.337535   48.97882  -16.51338 1.0000e-12    35.5000    10.6727    99.8240    611.865  489225963     0.6959     2.1760     4.7155     0.0061     0.0170     0.1148     0.0029     0.0000    10.6727    35.4999    27.2242    5.55501    241.608 0.0000e+00
    619.000    10.7503   3.957653     2.1795     0.0188 184.337561   48.97882  -16.51338 1.0000e-12    35.5000    10.6732    99.8240    612.846  489225966     0.7262     2.1769     4.7155     0.0061     0.0200     0.3820     0.0006     0.0000    10.6732    35.4999    27.2241    5.55390    241.560 0.0000e+00
    620.000    10.7497   3.957664     2.1800     0.0195 184.337597   48.97883  -16.51338 1.0000e-12    35.5003    10.6724    99.8240    613.817  489225969     0.7367     2.1783     4.7155     0.0061     0.0183     0.3256     0.0011     0.0000    10.6724    35.5002    27.2245    5.55345    241.540 0.0000e+00
    621.000    10.7483   3.957570     2.1800     0.0182 184.337608   48.97884  -16.51338 1.0000e-12    35.5002    10.6709    99.8334    614.806  489225970     0.7180     2.1784     4.7159     0.0061     0.0200     0.4013     0.0015     0.0000    10.6710    35.5001    27.2247    5.55468    241.594 0.0000e+00
    622.000    10.7474   3.957501     2.1800     0.0201 184.337618   48.97883  -16.51338 1.0000e-12    35.5001    10.6699    99.8295    615.798  489225970     0.7440     2.1783     4.7158     0.0061     0.0216     0.4631     0.0031     0.0000    10.6699    35.4999    27.2247    5.55534    241.623 0.0000e+00
    623.000    10.7460   3.957387     2.1800     0.0201 184.337626   48.97882  -16.51338 1.0000e-12    35.4998    10.6684    99.8240    616.789  489225971     0.7449     2.1782     4.7155     0.0061     0.0186     0.0057     0.0008     0.0000    10.6684    35.4997    27.2248    5.55623    241.661 0.0000e+00
    624.000    10.7446   3.957289     2.1800     0.0190 184.337636   48.97882  -16.51338 1.0000e-12    35.4997    10.6669    99.8240    617.777  489225972     0.7293     2.1783     4.7155     0.0061     0.0213     0.4311     0.0008     0.0000    10.6669    35.4996    27.2250    5.55894    241.779 0.0000e+00
    625.000    10.7442   3.957304     2.1807     0.0186 184.337648   48.97882  -16.51338 1.0000e-12    35.4998    10.6664    99.8323    618.780  489225973     0.7248     2.1783     4.7159     0.0061     0.0224     0.5110     0.0058     0.0000    10.6664    35.4997    27.2252    5.56514    242.049 0.0000e+00
    626.000    10.7456   3.957498     2.1819     0.0205 184.337679   48.97882  -16.51338 1.0000e-12    35.4999    10.6676    99.8388    619.750  489225976     0.7498     2.1791     4.7162     0.0061     0.0164     0.3195     0.0036     0.0000    10.6675    35.4999    27.2251    5.56310    241.960 0.0000e+00
