Data/ruptures/DY032/PAP/d20150627_DY032_CTD06.cnv
* Sea-Bird SBE 9 Data File:
* FileName = C:\CTD\DY032\20150627_DY032_CTD06.hdr
* Software Version Seasave V 7.23.2
* Temperature SN = 2112
* Conductivity SN = 3159
* Number of Bytes Per Scan = 35
* Number of Voltage Words = 4
* Number of Scans Averaged by the Deck Unit = 1
* NMEA Latitude = 49 04.63 N
* NMEA Longitude = 016 15.46 W
* NMEA UTC (Time) = Jun 27 2015 18:57:36
** Ship:
** Station:
** Operator:
# nquan = 28
# nvalues = 1207                        
# units = specified
# name 0 = prDM: Pressure, Digiquartz [db]
# name 1 = t090C: Temperature [ITS-90, deg C]
# name 2 = c0S/m: Conductivity [S/m]
# name 3 = sbeox0V: Oxygen raw, SBE 43 [V]
# name 4 = flC: Fluorescence, Chelsea Aqua 3 Chl Con [ug/l]
# name 5 = timeJ: Julian Days
# name 6 = latitude: Latitude [deg]
# name 7 = longitude: Longitude [deg]
# name 8 = par: PAR/Irradiance, Biospherical/Licor
# name 9 = sal00: Salinity, Practical [PSU]
# name 10 = potemp090C: Potential Temperature [ITS-90, deg C]
# name 11 = CStarTr0: Beam Transmission, WET Labs C-Star [%]
# name 12 = depSM: Depth [salt water, m]
# name 13 = timeQ: Time, NMEA [seconds]
# name 14 = v0: Voltage 0
# name 15 = v1: Voltage 1
# name 16 = v2: Voltage 2
# name 17 = v3: Voltage 3
# name 18 = v4: Voltage 4
# name 19 = v5: Voltage 5
# name 20 = v6: Voltage 6
# name 21 = v7: Voltage 7
# name 22 = potemp090C: Potential Temperature [ITS-90, deg C]
# name 23 = sal00: Salinity, Practical [PSU]
# name 24 = sigma-é00: Density [sigma-theta, kg/m^3]
# name 25 = sbeox0ML/L: Oxygen, SBE 43 [ml/l], WS = 2
# name 26 = sbeox0Mm/Kg: Oxygen, SBE 43 [umol/kg], WS = 2
# name 27 = flag: flag
# span 0 =      6.000,   1212.000       
# span 1 =     6.3398,    15.0828       
# span 2 =   3.533992,   4.357209       
# span 3 =     1.6716,     2.5743       
# span 4 =     0.0116,     2.0155       
# span 5 = 178.793880, 178.820416       
# span 6 =   49.07539,   49.07696       
# span 7 =  -16.26093,  -16.25816       
# span 8 = -4.827e-01, 2.0318e+02       
# span 9 =    35.1557,    35.5439       
# span 10 =     6.2259,    15.0816      
# span 11 =    86.8654,    99.9716      
# span 12 =      5.941,   1198.231      
# span 13 =  488746992,  488749284      
# span 14 =     0.6159,     2.5314      
# span 15 =     1.6699,     2.5750      
# span 16 =     4.1034,     4.7225      
# span 17 =    -0.0063,     3.6078      
# span 18 =     0.0169,     0.2635      
# span 19 =    -0.0702,     0.8209      
# span 20 =     0.0000,     0.0000      
# span 21 =     0.0000,     0.0000      
# span 22 =     6.2259,    15.0816      
# span 23 =    35.1523,    35.5419      
# span 24 =    26.3544,    27.6631      
# span 25 =    4.25561,    5.79796      
# span 26 =    185.161,    252.114      
# span 27 = 0.0000e+00, 0.0000e+00      
# interval = decibars: 1                
# start_time = Jun 27 2015 19:02:59 [NMEA time, first data scan]
# bad_flag = -9.990e-29
*END*
[from data line 104]
    110.000    11.8630   4.044733     2.3219     0.0355 178.798243   49.07654  -16.25890 1.0000e-12    35.5202    11.8487    99.5282    109.038  488747369     0.9106     2.3237     4.7016     0.0061     0.0328     0.3850     0.0000     0.0000    11.8487    35.5203    27.0224    5.50570    239.434 0.0000e+00
    111.000    11.8617   4.044738     2.3210     0.0341 178.798275   49.07654  -16.25890 1.0000e-12    35.5211    11.8473    99.5766    110.030  488747371     0.8978     2.3221     4.7038     0.0061     0.0315     0.3413     0.0000     0.0000    11.8473    35.5211    27.0233    5.50579    239.438 0.0000e+00
    112.000    11.8618   4.044837     2.3201     0.0382 178.798338   49.07654  -16.25890 1.0000e-12    35.5215    11.8473    99.5663    111.008  488747377     0.9338     2.3212     4.7033     0.0061     0.0313     0.2878     0.0000     0.0000    11.8473    35.5215    27.0236    5.50355    239.341 0.0000e+00
    113.000    11.8564   4.044474     2.3200     0.0379 178.798347   49.07654  -16.25890 1.0000e-12    35.5228    11.8417    99.5818    112.011  488747378     0.9313     2.3217     4.7041     0.0061     0.0334     0.4521     0.0000     0.0000    11.8417    35.5227    27.0256    5.50662    239.474 0.0000e+00
    114.000    11.8522   4.044103     2.3200     0.0337 178.798357   49.07654  -16.25890 1.0000e-12    35.5229    11.8374    99.5868    113.012  488747378     0.8943     2.3206     4.7043     0.0061     0.0335     0.3652     0.0000     0.0000    11.8374    35.5226    27.0264    5.50974    239.610 0.0000e+00
    115.000    11.8568   4.044538     2.3204     0.0361 178.798396   49.07654  -16.25891 1.0000e-12    35.5221    11.8419    99.5816    113.995  488747382     0.9153     2.3204     4.7040     0.0061     0.0374     0.3973     0.0000     0.0000    11.8419    35.5220    27.0250    5.51105    239.667 0.0000e+00
    116.000    11.8563   4.044757     2.3200     0.0309 178.798432   49.07654  -16.25892 1.0000e-12    35.5243    11.8413    99.5861    114.987  488747385     0.8666     2.3200     4.7043     0.0061     0.0351     0.3726     0.0000     0.0000    11.8413    35.5242    27.0269    5.50893    239.574 0.0000e+00
    117.000    11.8511   4.044448     2.3195     0.0306 178.798464   49.07654  -16.25892 1.0000e-12    35.5259    11.8359    99.5798    115.972  488747388     0.8643     2.3198     4.7040     0.0061     0.0399     0.3352     0.0000     0.0000    11.8359    35.5257    27.0291    5.50681    239.482 0.0000e+00
    118.000    11.8460   4.044042     2.3188     0.0280 178.798489   49.07654  -16.25892 1.0000e-12    35.5264    11.8307    99.5569    116.964  488747390     0.8379     2.3193     4.7029     0.0061     0.0405     0.4795     0.0000     0.0000    11.8307    35.5261    27.0304    5.50739    239.507 0.0000e+00
    119.000    11.8413   4.043801     2.3185     0.0293 178.798507   49.07654  -16.25892 1.0000e-12    35.5282    11.8258    99.5524    117.956  488747391     0.8510     2.3190     4.7027     0.0061     0.0403     0.3687     0.0000     0.0000    11.8258    35.5279    27.0327    5.50494    239.401 0.0000e+00
    120.000    11.8388   4.043563     2.3185     0.0364 178.798537   49.07654  -16.25892 1.0000e-12    35.5277    11.8233    99.5792    118.947  488747394     0.9132     2.3186     4.7039     0.0061     0.0417     0.3994     0.0000     0.0000    11.8232    35.5275    27.0328    5.51020    239.629 0.0000e+00
    121.000    11.8408   4.043803     2.3180     0.0423 178.798581   49.07654  -16.25892 1.0000e-12    35.5276    11.8251    99.5912    119.929  488747398     0.9673     2.3190     4.7045     0.0061     0.0354     0.4366     0.0000     0.0000    11.8251    35.5274    27.0325    5.50309    239.320 0.0000e+00
    122.000    11.8280   4.042529     2.3171     0.0416 178.798592   49.07654  -16.25892 1.0000e-12    35.5272    11.8122    99.5879    120.926  488747399     0.9620     2.3188     4.7043     0.0061     0.0533     0.2325     0.0000     0.0000    11.8122    35.5267    27.0343    5.50363    239.344 0.0000e+00
    123.000    11.8187   4.041704     2.3165     0.0440 178.798603   49.07654  -16.25892 1.0000e-12    35.5276    11.8028    99.5902    121.924  488747400     0.9808     2.3182     4.7044     0.0061     0.0448     0.4734     0.0000     0.0000    11.8028    35.5270    27.0364    5.50867    239.563 0.0000e+00
    124.000    11.8168   4.041679     2.3174     0.0391 178.798618   49.07654  -16.25892 1.0000e-12    35.5287    11.8008    99.5836    122.915  488747401     0.9414     2.3172     4.7041     0.0061     0.0375     0.3273     0.0000     0.0000    11.8008    35.5282    27.0377    5.51343    239.770 0.0000e+00
    125.000    11.8134   4.041400     2.3176     0.0321 178.798639   49.07652  -16.25892 1.0000e-12    35.5288    11.7972    99.6019    123.903  488747403     0.8780     2.3169     4.7050     0.0061     0.0336     0.3329     0.0000     0.0000    11.7972    35.5283    27.0384    5.51269    239.738 0.0000e+00
    126.000    11.8210   4.042113     2.3152     0.0308 178.798688   49.07652  -16.25893 1.0000e-12    35.5277    11.8047    99.5497    124.886  488747407     0.8667     2.3172     4.7026     0.0061     0.0393     0.4803     0.0000     0.0000    11.8047    35.5275    27.0364    5.49814    239.105 0.0000e+00
    127.000    11.8106   4.041143     2.3127     0.0305 178.798711   49.07652  -16.25892 1.0000e-12    35.5279    11.7942    99.5737    125.874  488747409     0.8632     2.3162     4.7037     0.0061     0.0333     0.4319     0.0000     0.0000    11.7942    35.5275    27.0384    5.49796    239.097 0.0000e+00
    128.000    11.7922   4.039554     2.3128     0.0328 178.798719   49.07652  -16.25892 1.0000e-12    35.5299    11.7757    99.5929    126.873  488747410     0.8854     2.3153     4.7046     0.0061     0.0327    -0.0012     0.0000     0.0000    11.7757    35.5290    27.0431    5.50315    239.324 0.0000e+00
    129.000    11.7928   4.039689     2.3129     0.0334 178.798728   49.07652  -16.25893 1.0000e-12    35.5301    11.7761    99.5687    127.876  488747410     0.8916     2.3136     4.7035     0.0061     0.0303     0.4001     0.0000     0.0000    11.7761    35.5294    27.0433    5.50559    239.429 0.0000e+00
    130.000    11.7936   4.039771     2.3138     0.0302 178.798749   49.07652  -16.25894 1.0000e-12    35.5295    11.7768    99.5709    128.861  488747412     0.8594     2.3129     4.7035     0.0061     0.0320     0.4677     0.0000     0.0000    11.7768    35.5289    27.0428    5.50953    239.601 0.0000e+00
    131.000    11.7968   4.040095     2.3143     0.0265 178.798785   49.07652  -16.25894 1.0000e-12    35.5290    11.7798    99.5701    129.847  488747415     0.8213     2.3139     4.7035     0.0061     0.0363     0.3135     0.0000     0.0000    11.7798    35.5287    27.0421    5.50849    239.556 0.0000e+00
    132.000    11.7928   4.039811     2.3143     0.0320 178.798818   49.07652  -16.25894 1.0000e-12    35.5295    11.7757    99.5925    130.834  488747418     0.8780     2.3142     4.7046     0.0061     0.0385     0.4205     0.0000     0.0000    11.7757    35.5292    27.0433    5.50721    239.500 0.0000e+00
    133.000    11.7638   4.036935     2.3125     0.0327 178.798838   49.07652  -16.25894 1.0000e-12    35.5292    11.7466    99.5931    131.827  488747420     0.8845     2.3148     4.7046     0.0061     0.0353     0.2979     0.0000     0.0000    11.7466    35.5282    27.0480    5.50720    239.500 0.0000e+00
    134.000    11.7402   4.034324     2.3127     0.0305 178.798852   49.07652  -16.25894 1.0000e-12    35.5261    11.7229    99.5913    132.824  488747421     0.8634     2.3134     4.7045     0.0061     0.0331     0.2647     0.0000     0.0000    11.7229    35.5247    27.0498    5.51425    239.808 0.0000e+00
    135.000    11.7404   4.034387     2.3128     0.0299 178.798872   49.07652  -16.25894 1.0000e-12    35.5258    11.7230    99.5801    133.812  488747423     0.8574     2.3124     4.7040     0.0061     0.0328     0.3384     0.0000     0.0000    11.7230    35.5247    27.0497    5.51434    239.812 0.0000e+00
    136.000    11.7405   4.034439     2.3128     0.0292 178.798899   49.07652  -16.25894 1.0000e-12    35.5254    11.7230    99.5509    134.799  488747425     0.8497     2.3126     4.7026     0.0061     0.0350     0.4833     0.0000     0.0000    11.7229    35.5247    27.0497    5.51418    239.805 0.0000e+00
    137.000    11.7354   4.033907     2.3119     0.0485 178.798919   49.07652  -16.25894 1.0000e-12    35.5246    11.7177    99.5986    135.788  488747427     0.9722     2.3126     4.7048     0.0061     0.0385     0.2689     0.0000     0.0000    11.7177    35.5238    27.0501    5.51035    239.639 0.0000e+00
    138.000    11.7286   4.033202     2.3122     0.0664 178.798940   49.07652  -16.25896 1.0000e-12    35.5237    11.7108    99.5812    136.787  488747429     1.1059     2.3124     4.7040     0.0061     0.0360     0.3296     0.0000     0.0000    11.7109    35.5229    27.0507    5.51711    239.933 0.0000e+00
    139.000    11.7315   4.033498     2.3108     0.0318 178.798986   49.07650  -16.25895 1.0000e-12    35.5230    11.7136    99.5451    137.759  488747433     0.8843     2.3126     4.7023     0.0061     0.0385     0.2994     0.0000     0.0000    11.7136    35.5226    27.0499    5.50590    239.445 0.0000e+00
    140.000    11.6956   4.029504     2.3104     0.0348 178.798994   49.07651  -16.25894 1.0000e-12    35.5186    11.6776    99.5944    138.757  488747433     0.9043     2.3126     4.7046     0.0061     0.0348     0.4869     0.0000     0.0000    11.6776    35.5173    27.0526    5.51622    239.896 0.0000e+00
    141.000    11.6869   4.028690     2.3107     0.0394 178.799003   49.07652  -16.25894 1.0000e-12    35.5185    11.6687    99.5362    139.757  488747434     0.9429     2.3120     4.7019     0.0061     0.0352     0.5143     0.0000     0.0000    11.6687    35.5172    27.0542    5.51916    240.024 0.0000e+00
    142.000    11.7064   4.031154     2.3104     0.0425 178.799011   49.07652  -16.25894 1.0000e-12    35.5230    11.6881    99.5783    140.759  488747435     0.9686     2.3108     4.7039     0.0061     0.0338     0.4211     0.0000     0.0000    11.6881    35.5223    27.0545    5.51346    239.775 0.0000e+00
    143.000    11.7183   4.032455     2.3101     0.0370 178.799043   49.07652  -16.25896 1.0000e-12    35.5236    11.6998    99.5576    141.741  488747438     0.9230     2.3106     4.7029     0.0061     0.0379     0.4758     0.0000     0.0000    11.6998    35.5233    27.0530    5.51180    239.702 0.0000e+00
    144.000    11.7167   4.032468     2.3090     0.0330 178.799078   49.07652  -16.25896 1.0000e-12    35.5246    11.6981    99.5671    142.719  488747441     0.8878     2.3113     4.7034     0.0061     0.0377     0.0032     0.0000     0.0000    11.6981    35.5245    27.0543    5.49693    239.056 0.0000e+00
    145.000    11.7442   4.035998     2.3064     0.0296 178.799085   49.07652  -16.25896 1.0000e-12    35.5319    11.7255    99.5544    143.719  488747441     0.8544     2.3112     4.7028     0.0061     0.0354     0.5386     0.0000     0.0000    11.7255    35.5324    27.0553    5.48098    238.360 0.0000e+00
    146.000    11.7505   4.036859     2.3034     0.0277 178.799094   49.07652  -16.25896 1.0000e-12    35.5338    11.7316    99.5106    144.725  488747442     0.8339     2.3105     4.7007     0.0061     0.0321     0.4440     0.0000     0.0000    11.7316    35.5345    27.0557    5.47245    237.988 0.0000e+00
    147.000    11.7429   4.035881     2.3025     0.0300 178.799133   49.07651  -16.25896 1.0000e-12    35.5312    11.7240    99.5980    145.710  488747445     0.8569     2.3064     4.7048     0.0061     0.0419     0.5401     0.0000     0.0000    11.7240    35.5316    27.0549    5.48088    238.356 0.0000e+00
    148.000    11.7455   4.036299     2.3018     0.0338 178.799175   49.07650  -16.25896 1.0000e-12    35.5324    11.7264    99.6013    146.689  488747449     0.8948     2.3035     4.7050     0.0061     0.0379     0.4173     0.0000     0.0000    11.7264    35.5328    27.0554    5.46441    237.639 0.0000e+00
    149.000    11.7509   4.037262     2.2970     0.0310 178.799185   49.07650  -16.25896 1.0000e-12    35.5361    11.7317    99.6146    147.682  488747450     0.8673     2.3052     4.7056     0.0061     0.0404     0.3999     0.0000     0.0000    11.7317    35.5367    27.0574    5.44652    236.860 0.0000e+00
    150.000    11.7477   4.037116     2.2922     0.0305 178.799197   49.07650  -16.25896 1.0000e-12    35.5375    11.7283    99.5977    148.682  488747451     0.8625     2.3041     4.7048     0.0061     0.0392     0.3194     0.0000     0.0000    11.7284    35.5378    27.0590    5.44172    236.651 0.0000e+00
    151.000    11.7464   4.036903     2.2907     0.0328 178.799229   49.07650  -16.25896 1.0000e-12    35.5363    11.7269    99.5982    149.663  488747454     0.8860     2.2940     4.7048     0.0061     0.0370     0.2764     0.0000     0.0000    11.7269    35.5366    27.0582    5.45364    237.170 0.0000e+00
    152.000    11.7463   4.036875     2.2902     0.0283 178.799263   49.07650  -16.25896 1.0000e-12    35.5358    11.7266    99.6168    150.648  488747457     0.8414     2.2911     4.7057     0.0061     0.0319     0.3621     0.0000     0.0000    11.7266    35.5360    27.0578    5.44651    236.860 0.0000e+00
    153.000    11.7361   4.035989     2.2882     0.0284 178.799274   49.07650  -16.25896 1.0000e-12    35.5367    11.7163    99.5695    151.644  488747458     0.8421     2.2918     4.7035     0.0061     0.0346     0.3670     0.0000     0.0000    11.7163    35.5366    27.0602    5.44350    236.729 0.0000e+00
    154.000    11.7284   4.035217     2.2870     0.0324 178.799287   49.07650  -16.25897 1.0000e-12    35.5362    11.7085    99.6057    152.644  488747459     0.8810     2.2904     4.7052     0.0061     0.0368     0.5181     0.0000     0.0000    11.7085    35.5359    27.0612    5.44420    236.760 0.0000e+00
    155.000    11.7304   4.035415     2.2856     0.0343 178.799316   49.07650  -16.25898 1.0000e-12    35.5356    11.7104    99.6087    153.628  488747461     0.8987     2.2870     4.7053     0.0061     0.0378     0.3437     0.0000     0.0000    11.7104    35.5355    27.0605    5.44230    236.677 0.0000e+00
    156.000    11.7301   4.035440     2.2834     0.0297 178.799350   49.07650  -16.25898 1.0000e-12    35.5357    11.7100    99.5891    154.613  488747464     0.8551     2.2855     4.7044     0.0061     0.0418     0.3404     0.0000     0.0000    11.7100    35.5355    27.0606    5.43714    236.453 0.0000e+00
    157.000    11.7189   4.034273     2.2834     0.0284 178.799368   49.07650  -16.25898 1.0000e-12    35.5347    11.6986    99.6133    155.612  488747466     0.8419     2.2839     4.7055     0.0061     0.0444     0.3986     0.0000     0.0000    11.6986    35.5344    27.0619    5.44163    236.649 0.0000e+00
    158.000    11.7076   4.033040     2.2836     0.0300 178.799396   49.07649  -16.25898 1.0000e-12    35.5331    11.6872    99.5863    156.597  488747468     0.8584     2.2832     4.7043     0.0061     0.0390     0.4145     0.0000     0.0000    11.6872    35.5326    27.0627    5.44393    236.749 0.0000e+00
    159.000    11.6922   4.031321     2.2840     0.0292 178.799420   49.07648  -16.25898 1.0000e-12    35.5307    11.6717    99.6162    157.589  488747470     0.8505     2.2835     4.7057     0.0061     0.0405     0.2198     0.0000     0.0000    11.6717    35.5299    27.0635    5.45415    237.195 0.0000e+00
    160.000    11.6718   4.029028     2.2868     0.0290 178.799439   49.07648  -16.25898 1.0000e-12    35.5276    11.6512    99.5921    158.578  488747472     0.8472     2.2832     4.7045     0.0061     0.0354     0.4831     0.0000     0.0000    11.6512    35.5265    27.0647    5.46555    237.691 0.0000e+00
