Data/ruptures/DY032/PAP/d20150627_DY032_CTD07.cnv
* Sea-Bird SBE 9 Data File:
* FileName = C:\CTD\DY032\20150627_DY032_CTD07.hdr
* Software Version Seasave V 7.23.2
* Temperature SN = 2112
* Conductivity SN = 3159
* Number of Bytes Per Scan = 35
* Number of Voltage Words = 4
* Number of Scans Averaged by the Deck Unit = 1
* NMEA Latitude = 49 04.42 N
* NMEA Longitude = 016 15.81 W
* NMEA UTC (Time) = Jun 27 2015 22:01:55
** Ship:
** Station:
** Operator:
# nquan = 28
# nvalues = 1002                        
# units = specified
# name 0 = prDM: Pressure, Digiquartz [db]
# name 1 = t090C: Temperature [ITS-90, deg C]
# name 2 = c0S/m: Conductivity [S/m]
# name 3 = sbeox0V: Oxygen raw, SBE 43 [V]
# name 4 = flC: Fluorescence, Chelsea Aqua 3 Chl Con [ug/l]
# name 5 = timeJ: Julian Days
# name 6 = latitude: Latitude [deg]
# name 7 = longitude: Longitude [deg]
# name 8 = par: PAR/Irradiance, Biospherical/Licor
# name 9 = sal00: Salinity, Practical [PSU]
# name 10 = potemp090C: Potential Temperature [ITS-90, deg C]
# name 11 = CStarTr0: Beam Transmission, WET Labs C-Star [%]
# name 12 = depSM: Depth [salt water, m]
# name 13 = timeQ: Time, NMEA [seconds]
# name 14 = v0: Voltage 0
# name 15 = v1: Voltage 1
# name 16 = v2: Voltage 2
# name 17 = v3: Voltage 3
# name 18 = v4: Voltage 4
# name 19 = v5: Voltage 5
# name 20 = v6: Voltage 6
# name 21 = v7: Voltage 7
# name 22 = potemp090C: Potential Temperature [ITS-90, deg C]
# name 23 = sal00: Salinity, Practical [PSU]
# name 24 = sigma-é00: Density [sigma-theta, kg/m^3]
# name 25 = sbeox0ML/L: Oxygen, SBE 43 [ml/l], WS = 2
# name 26 = sbeox0Mm/Kg: Oxygen, SBE 43 [umol/kg], WS = 2
# name 27 = flag: flag
# span 0 =      6.000,   1007.000       
# span 1 =     8.2835,    15.0054       
# span 2 =   3.727117,   4.350374       
# span 3 =     1.6707,     2.5495       
# span 4 =     0.0119,     1.6756       
# span 5 = 178.921135, 178.939874       
# span 6 =   49.07352,   49.07374       
# span 7 =  -16.26489,  -16.26348       
# span 8 = -2.346e-03, 1.5285e-02       
# span 9 =    35.3305,    35.5428       
# span 10 =     8.1737,    15.0014      
# span 11 =    89.1639,    99.9016      
# span 12 =      5.936,    996.050      
# span 13 =  488757986,  488759605      
# span 14 =     0.6198,     2.4523      
# span 15 =     1.6692,     2.5504      
# span 16 =     4.2119,     4.7192      
# span 17 =    -0.0104,     0.1136      
# span 18 =     0.0140,     0.2530      
# span 19 =    -0.0213,     0.7667      
# span 20 =     0.0000,     0.0000      
# span 21 =     0.0000,     0.0000      
# span 22 =     8.1737,    15.0014      
# span 23 =    35.3281,    35.5313      
# span 24 =    26.3722,    27.5387      
# span 25 =    4.26416,    5.74524      
# span 26 =    185.534,    249.823      
# span 27 = 0.0000e+00, 0.0000e+00      
# interval = decibars: 1                
# start_time = Jun 27 2015 22:06:25 [NMEA time, first data scan]
# bad_flag = -9.990e-29
*END*
[from data line 52]
     58.000    12.9347   4.146243     2.4293     0.2833 178.923079   49.07374  -16.26352 1.0000e-12    35.5153    12.9267    97.8383     57.499  488758154     1.6967     2.4371     4.6217     0.0061     0.1003     0.2690     0.0000     0.0000    12.9267    35.5119    26.8044    5.65163    245.761 0.0000e+00
     59.000    12.8931   4.142320     2.4267     0.2586 178.923094   49.07374  -16.26352 1.0000e-12    35.5168    12.8850    97.8651     58.494  488758155     1.6586     2.4338     4.6230     0.0061     0.0662     0.4846     0.0000     0.0000    12.8850    35.5130    26.8137    5.65453    245.887 0.0000e+00
     60.000    12.8878   4.141838     2.4240     0.2437 178.923115   49.07374  -16.26352 1.0000e-12    35.5159    12.8796    98.0744     59.481  488758157     1.6340     2.4278     4.6329     0.0061     0.0641     0.3308     0.0000     0.0000    12.8796    35.5129    26.8147    5.65204    245.779 0.0000e+00
     61.000    12.8902   4.142256     2.4225     0.2847 178.923137   49.07374  -16.26352 1.0000e-12    35.5165    12.8818    98.1927     60.472  488758159     1.6982     2.4244     4.6385     0.0061     0.0672     0.2387     0.0000     0.0000    12.8818    35.5143    26.8153    5.64962    245.673 0.0000e+00
     62.000    12.8801   4.141888     2.4215     0.2418 178.923155   49.07374  -16.26352 1.0000e-12    35.5219    12.8716    98.2319     61.468  488758160     1.6304     2.4232     4.6403     0.0061     0.0597     0.3945     0.0000     0.0000    12.8716    35.5198    26.8217    5.64808    245.606 0.0000e+00
     63.000    12.8867   4.143362     2.4199     0.2079 178.923185   49.07374  -16.26352 1.0000e-12    35.5285    12.8781    98.1951     62.455  488758163     1.5685     2.4214     4.6385     0.0061     0.0697     0.3532     0.0000     0.0000    12.8781    35.5273    26.8261    5.64305    245.386 0.0000e+00
     64.000    12.8856   4.143359     2.4177     0.1869 178.923211   49.07374  -16.26352 1.0000e-12    35.5288    12.8769    98.4931     63.443  488758165     1.5257     2.4200     4.6527     0.0061     0.0710     0.4715     0.0000     0.0000    12.8769    35.5278    26.8268    5.63515    245.042 0.0000e+00
     65.000    12.8837   4.143584     2.4159     0.1725 178.923226   49.07374  -16.26352 1.0000e-12    35.5322    12.8749    98.4607     64.441  488758167     1.4932     2.4190     4.6511     0.0061     0.0609     0.2676     0.0000     0.0000    12.8749    35.5313    26.8299    5.63078    244.851 0.0000e+00
     66.000    12.8685   4.141869     2.4152     0.1678 178.923259   49.07374  -16.26354 1.0000e-12    35.5297    12.8595    98.4577     65.428  488758169     1.4820     2.4163     4.6510     0.0061     0.0571     0.3328     0.0000     0.0000    12.8595    35.5288    26.8310    5.63302    244.950 0.0000e+00
     67.000    12.8355   4.138516     2.4119     0.1563 178.923289   49.07374  -16.26354 1.0000e-12    35.5288    12.8263    98.5913     66.412  488758172     1.4535     2.4166     4.6573     0.0061     0.0550     0.3348     0.0000     0.0000    12.8263    35.5273    26.8365    5.62147    244.448 0.0000e+00
     68.000    12.7867   4.133285     2.4102     0.1616 178.923300   49.07374  -16.26354 1.0000e-12    35.5250    12.7775    98.6647     67.414  488758173     1.4669     2.4154     4.6607     0.0061     0.0577     0.3942     0.0000     0.0000    12.7775    35.5225    26.8426    5.62831    244.747 0.0000e+00
     69.000    12.7715   4.131818     2.4101     0.1509 178.923318   49.07374  -16.26354 1.0000e-12    35.5247    12.7621    98.6643     68.409  488758174     1.4389     2.4125     4.6607     0.0061     0.0503     0.4074     0.0000     0.0000    12.7621    35.5223    26.8455    5.63426    245.006 0.0000e+00
     70.000    12.7771   4.132428     2.4047     0.1408 178.923361   49.07374  -16.26354 1.0000e-12    35.5239    12.7676    98.7323     69.380  488758178     1.4120     2.4111     4.6639     0.0061     0.0504     0.2355     0.0000     0.0000    12.7676    35.5224    26.8445    5.59778    243.420 0.0000e+00
     71.000    12.6552   4.120379     2.4010     0.1420 178.923370   49.07374  -16.26354 1.0000e-12    35.5255    12.6455    98.7428     70.380  488758179     1.4149     2.4110     4.6644     0.0061     0.0504     0.4410     0.0000     0.0000    12.6456    35.5211    26.8677    5.60928    243.922 0.0000e+00
     72.000    12.6226   4.117148     2.3987     0.1278 178.923379   49.07374  -16.26354 1.0000e-12    35.5250    12.6129    98.8147     71.386  488758180     1.3734     2.4076     4.6678     0.0061     0.0485     0.3972     0.0000     0.0000    12.6129    35.5202    26.8736    5.61953    244.369 0.0000e+00
     73.000    12.6149   4.116760     2.3986     0.1108 178.923406   49.07374  -16.26354 1.0000e-12    35.5269    12.6050    98.8748     72.372  488758182     1.3171     2.4026     4.6707     0.0061     0.0491     0.2341     0.0000     0.0000    12.6050    35.5233    26.8775    5.61822    244.312 0.0000e+00
     74.000    12.5202   4.107561     2.3923     0.1140 178.923443   49.07374  -16.26354 1.0000e-12    35.5287    12.5102    98.9880     73.356  488758185     1.3286     2.4015     4.6760     0.0061     0.0610     0.5540     0.0000     0.0000    12.5103    35.5235    26.8964    5.60932    243.926 0.0000e+00
     75.000    12.4597   4.101681     2.3922     0.0965 178.923458   49.07374  -16.26354 1.0000e-12    35.5291    12.4497    99.0305     74.353  488758187     1.2641     2.3961     4.6780     0.0061     0.0596     0.2483     0.0000     0.0000    12.4497    35.5234    26.9083    5.62622    244.663 0.0000e+00
     76.000    12.4565   4.101370     2.3926     0.0930 178.923478   49.07374  -16.26354 1.0000e-12    35.5275    12.4464    99.0633     75.344  488758188     1.2499     2.3922     4.6796     0.0061     0.0414     0.3754     0.0000     0.0000    12.4464    35.5230    26.9086    5.62548    244.630 0.0000e+00
     77.000    12.4565   4.101417     2.3906     0.0960 178.923518   49.07374  -16.26354 1.0000e-12    35.5259    12.4462    99.0619     76.329  488758192     1.2619     2.3928     4.6795     0.0061     0.0396     0.3997     0.0000     0.0000    12.4462    35.5230    26.9087    5.61552    244.197 0.0000e+00
     78.000    12.4085   4.096143     2.3854     0.0876 178.923547   49.07374  -16.26352 1.0000e-12    35.5202    12.3981    99.1162     77.313  488758194     1.2275     2.3928     4.6820     0.0061     0.0414     0.3639     0.0000     0.0000    12.3981    35.5170    26.9134    5.60099    243.568 0.0000e+00
     79.000    12.3780   4.093250     2.3837     0.0826 178.923557   49.07374  -16.26354 1.0000e-12    35.5211    12.3675    99.0772     78.312  488758195     1.2053     2.3903     4.6802     0.0061     0.0381     0.1088     0.0000     0.0000    12.3674    35.5174    26.9198    5.60725    243.840 0.0000e+00
     80.000    12.3520   4.090859     2.3837     0.0816 178.923566   49.07374  -16.26354 1.0000e-12    35.5224    12.3413    99.1037     79.318  488758196     1.2006     2.3875     4.6815     0.0061     0.0278     0.3704     0.0000     0.0000    12.3413    35.5184    26.9256    5.62091    244.435 0.0000e+00
     81.000    12.3409   4.090003     2.3839     0.0943 178.923600   49.07374  -16.26354 1.0000e-12    35.5232    12.3302    99.1110     80.299  488758199     1.2500     2.3866     4.6818     0.0061     0.0412     0.4407     0.0000     0.0000    12.3302    35.5201    26.9292    5.61369    244.120 0.0000e+00
     82.000    12.3084   4.086891     2.3786     0.1023 178.923633   49.07374  -16.26354 1.0000e-12    35.5240    12.2975    99.0966     81.288  488758202     1.2860     2.3887     4.6811     0.0061     0.0385     0.3976     0.0000     0.0000    12.2975    35.5203    26.9357    5.59811    243.444 0.0000e+00
     83.000    12.2335   4.079645     2.3782     0.0847 178.923645   49.07374  -16.26353 1.0000e-12    35.5253    12.2225    99.0878     82.287  488758203     1.2140     2.3848     4.6807     0.0061     0.0389     0.2806     0.0000     0.0000    12.2226    35.5205    26.9505    5.61539    244.196 0.0000e+00
     84.000    12.2136   4.077848     2.3774     0.0694 178.923673   49.07374  -16.26354 1.0000e-12    35.5253    12.2025    99.1784     83.267  488758205     1.1410     2.3779     4.6850     0.0061     0.0360     0.3841     0.0000     0.0000    12.2025    35.5215    26.9552    5.61162    244.033 0.0000e+00
     85.000    12.1664   4.073214     2.3750     0.0653 178.923695   49.07374  -16.26354 1.0000e-12    35.5250    12.1552    99.1882     84.260  488758207     1.1183     2.3783     4.6855     0.0061     0.0411     0.4082     0.0000     0.0000    12.1552    35.5207    26.9638    5.61821    244.320 0.0000e+00
     86.000    12.1716   4.073681     2.3762     0.0599 178.923724   49.07374  -16.26354 1.0000e-12    35.5229    12.1602    99.2705     85.254  488758210     1.0872     2.3766     4.6894     0.0061     0.0384     0.4570     0.0000     0.0000    12.1602    35.5199    26.9622    5.61917    244.362 0.0000e+00
     87.000    12.1652   4.073218     2.3723     0.0636 178.923759   49.07374  -16.26354 1.0000e-12    35.5233    12.1537    99.2659     86.234  488758213     1.1091     2.3785     4.6891     0.0061     0.0415     0.3625     0.0000     0.0000    12.1537    35.5211    26.9643    5.59620    243.363 0.0000e+00
     88.000    12.1292   4.069760     2.3703     0.0657 178.923768   49.07374  -16.26354 1.0000e-12    35.5241    12.1177    99.2910     87.236  488758213     1.1210     2.3767     4.6903     0.0061     0.0350     0.4199     0.0000     0.0000    12.1177    35.5211    26.9713    5.59905    243.488 0.0000e+00
     89.000    12.1013   4.067050     2.3686     0.0632 178.923779   49.07374  -16.26354 1.0000e-12    35.5242    12.0896    99.3064     88.233  488758214     1.1070     2.3742     4.6911     0.0061     0.0337     0.3556     0.0000     0.0000    12.0896    35.5208    26.9765    5.59848    243.464 0.0000e+00
     90.000    12.0818   4.065007     2.3667     0.0517 178.923801   49.07374  -16.26354 1.0000e-12    35.5220    12.0700    99.3172     89.220  488758216     1.0348     2.3697     4.6916     0.0061     0.0310     0.3719     0.0000     0.0000    12.0700    35.5190    26.9789    5.60276    243.651 0.0000e+00
     91.000    12.0905   4.065880     2.3650     0.0479 178.923832   49.07374  -16.26354 1.0000e-12    35.5206    12.0786    99.3485     90.208  488758219     1.0089     2.3665     4.6930     0.0061     0.0332     0.3284     0.0000     0.0000    12.0786    35.5188    26.9770    5.59274    243.215 0.0000e+00
     92.000    12.0716   4.063892     2.3605     0.0556 178.923873   49.07374  -16.26354 1.0000e-12    35.5184    12.0596    99.3349     91.194  488758222     1.0604     2.3637     4.6924     0.0061     0.0401     0.2881     0.0000     0.0000    12.0596    35.5169    26.9793    5.58340    242.809 0.0000e+00
     93.000    12.0574   4.062239     2.3582     0.0505 178.923892   49.07374  -16.26354 1.0000e-12    35.5154    12.0452    99.3253     92.181  488758224     1.0275     2.3617     4.6919     0.0061     0.0436     0.4222     0.0000     0.0000    12.0452    35.5139    26.9797    5.57907    242.622 0.0000e+00
     94.000    12.0544   4.061970     2.3575     0.0528 178.923901   49.07374  -16.26354 1.0000e-12    35.5151    12.0421    99.3587     93.180  488758225     1.0434     2.3610     4.6935     0.0061     0.0320     0.4645     0.0000     0.0000    12.0421    35.5136    26.9801    5.58155    242.730 0.0000e+00
     95.000    12.0494   4.061726     2.3575     0.0600 178.923911   49.07374  -16.26354 1.0000e-12    35.5170    12.0370    99.3597     94.186  488758226     1.0881     2.3595     4.6935     0.0061     0.0321     0.3611     0.0000     0.0000    12.0370    35.5155    26.9826    5.58453    242.859 0.0000e+00
     96.000    12.0454   4.061341     2.3549     0.0489 178.923953   49.07374  -16.26354 1.0000e-12    35.5162    12.0328    99.3754     95.160  488758229     1.0166     2.3585     4.6943     0.0061     0.0291     0.3087     0.0000     0.0000    12.0329    35.5152    26.9831    5.56683    242.090 0.0000e+00
     97.000    12.0205   4.058609     2.3506     0.0461 178.923973   49.07374  -16.26354 1.0000e-12    35.5135    12.0078    99.3559     96.155  488758231     0.9965     2.3585     4.6934     0.0061     0.0336     0.3807     0.0000     0.0000    12.0078    35.5118    26.9853    5.54752    241.251 0.0000e+00
     98.000    11.9605   4.052093     2.3465     0.0456 178.923984   49.07374  -16.26354 1.0000e-12    35.5075    11.9478    99.3764     97.158  488758232     0.9928     2.3559     4.6943     0.0061     0.0471     0.5049     0.0000     0.0000    11.9478    35.5047    26.9913    5.55285    241.485 0.0000e+00
     99.000    11.9843   4.054626     2.3437     0.0492 178.924035   49.07374  -16.26352 1.0000e-12    35.5079    11.9714    99.4016     98.126  488758236     1.0187     2.3469     4.6956     0.0061     0.0361     0.3518     0.0000     0.0000    11.9713    35.5064    26.9881    5.53124    240.545 0.0000e+00
    100.000    11.9270   4.048322     2.3355     0.0484 178.924049   49.07374  -16.26352 1.0000e-12    35.5014    11.9139    99.4233     99.125  488758238     1.0129     2.3483     4.6966     0.0061     0.0342     0.3672     0.0000     0.0000    11.9139    35.4989    26.9933    5.50902    239.581 0.0000e+00
    101.000    11.9149   4.047005     2.3308     0.0536 178.924060   49.07374  -16.26352 1.0000e-12    35.4996    11.9018    99.4520    100.123  488758239     1.0481     2.3449     4.6979     0.0061     0.0345     0.3531     0.0000     0.0000    11.9018    35.4970    26.9941    5.50641    239.468 0.0000e+00
    102.000    11.9121   4.046777     2.3274     0.0477 178.924092   49.07374  -16.26352 1.0000e-12    35.4990    11.8988    99.4765    101.115  488758241     1.0077     2.3349     4.6991     0.0061     0.0328     0.3527     0.0000     0.0000    11.8988    35.4970    26.9947    5.51078    239.658 0.0000e+00
    103.000    11.9072   4.046304     2.3228     0.0456 178.924189   49.07374  -16.26352 1.0000e-12    35.4978    11.8938    99.5084    102.107  488758250     0.9927     2.3273     4.7006     0.0061     0.0356     0.4674     0.0000     0.0000    11.8938    35.4966    26.9953    5.49915    239.153 0.0000e+00
    104.000    11.9427   4.050941     2.3047     0.0420 178.924828   49.07373  -16.26352 1.0000e-12    35.5073    11.9291    99.4774    103.095  488758305     0.9646     2.3106     4.6992     0.0061     0.0360     0.3143     0.0000     0.0000    11.9291    35.5078    26.9973    5.43620    236.412 0.0000e+00
    105.000    11.9730   4.055092     2.2934     0.0476 178.925076   49.07372  -16.26352 1.0000e-12    35.5181    11.9593    99.5152    104.077  488758326     1.0075     2.2987     4.7010     0.0061     0.0331     0.4315     0.0000     0.0000    11.9593    35.5191    27.0003    5.39002    234.402 0.0000e+00
    106.000    11.9645   4.054347     2.2891     0.0450 178.925079   49.07372  -16.26352 1.0000e-12    35.5189    11.9506    99.5099    105.068  488758327     0.9880     2.2971     4.7007     0.0061     0.0282     0.3193     0.0000     0.0000    11.9506    35.5195    27.0022    5.37957    233.947 0.0000e+00
    107.000    11.9506   4.052837     2.2866     0.0401 178.925091   49.07372  -16.26352 1.0000e-12    35.5173    11.9367    99.5224    106.066  488758328     0.9498     2.2941     4.7013     0.0061     0.0346     0.3614     0.0000     0.0000    11.9367    35.5174    27.0034    5.38115    234.017 0.0000e+00
    108.000    11.9347   4.051243     2.2858     0.0380 178.925104   49.07372  -16.26352 1.0000e-12    35.5169    11.9206    99.4968    107.061  488758329     0.9326     2.2904     4.7000     0.0061     0.0241     0.3011     0.0000     0.0000    11.9206    35.5166    27.0057    5.38873    234.347 0.0000e+00
