Data/ruptures/DY032/PAP/d20150703_DY032_CTD16.cnv
* Sea-Bird SBE 9 Data File:
* FileName = C:\CTD\DY032\20150629_DY032_CTD16.hdr
* Software Version Seasave V 7.23.2
* Temperature SN = 2112
* Conductivity SN = 3159
* Number of Bytes Per Scan = 35
* Number of Voltage Words = 4
* Number of Scans Averaged by the Deck Unit = 1
* NMEA Latitude = 48 58.73 N
* NMEA Longitude = 016 30.80 W
* NMEA UTC (Time) = Jul 03 2015 07:39:55
** Ship:
** Station:
** Operator:
# nquan = 28
# nvalues = 1000                        
# units = specified
# name 0 = prDM: Pressure, Digiquartz [db]
# name 1 = t090C: Temperature [ITS-90, deg C]
# name 2 = c0S/m: Conductivity [S/m]
# name 3 = sbeox0V: Oxygen raw, SBE 43 [V]
# name 4 = flC: Fluorescence, Chelsea Aqua 3 Chl Con [ug/l]
# name 5 = timeJ: Julian Days
# name 6 = latitude: Latitude [deg]
# name 7 = longitude: Longitude [deg]
# name 8 = par: PAR/Irradiance, Biospherical/Licor
# name 9 = sal00: Salinity, Practical [PSU]
# name 10 = potemp090C: Potential Temperature [ITS-90, deg C]
# name 11 = CStarTr0: Beam Transmission, WET Labs C-Star [%]
# name 12 = depSM: Depth [salt water, m]
# name 13 = timeQ: Time, NMEA [seconds]
# name 14 = v0: Voltage 0
# name 15 = v1: Voltage 1
# name 16 = v2: Voltage 2
# name 17 = v3: Voltage 3
# name 18 = v4: Voltage 4
# name 19 = v5: Voltage 5
# name 20 = v6: Voltage 6
# name 21 = v7: Voltage 7
# name 22 = potemp090C: Potential Temperature [ITS-90, deg C]
# name 23 = sal00: Salinity, Practical [PSU]
# name 24 = sigma-é00: Density [sigma-theta, kg/m^3]
# name 25 = sbeox0ML/L: Oxygen, SBE 43 [ml/l], WS = 2
# name 26 = sbeox0Mm/Kg: Oxygen, SBE 43 [umol/kg], WS = 2
# name 27 = flag: flag
# span 0 =      6.000,   1005.000       
# span 1 =     8.7317,    15.3547       
# span 2 =   3.769042,   4.380262       
# span 3 =     1.6645,     2.5191       
# span 4 =     0.0090,     1.2887       
# span 5 = 184.322965, 184.344461       
# span 6 =   48.97823,   48.97886       
# span 7 =  -16.51340,  -16.51264       
# span 8 = 1.0000e-12, 4.4026e+01       
# span 9 =    35.3306,    35.5788       
# span 10 =     8.6189,    15.3536      
# span 11 =    90.6959,    99.9009      
# span 12 =      5.912,    994.102      
# span 13 =  489224705,  489226562      
# span 14 =     0.5667,     2.3392      
# span 15 =     1.6631,     2.5215      
# span 16 =     4.2843,     4.7192      
# span 17 =     0.0061,     2.9457      
# span 18 =     0.0134,     0.2776      
# span 19 =    -0.0467,     0.7549      
# span 20 =    -0.0003,     1.0267      
# span 21 =    -0.0032,     0.0472      
# span 22 =     8.6189,    15.3536      
# span 23 =    35.3295,    35.5789      
# span 24 =    26.2656,    27.4676      
# span 25 =    4.22436,    5.71063      
# span 26 =    183.802,    248.321      
# span 27 = 0.0000e+00, 0.0000e+00      
# interval = decibars: 1                
# start_time = Jul 03 2015 07:45:04 [NMEA time, first data scan]
# bad_flag = -9.990e-29
*END*
[from data line 777]
    783.000    10.3357   3.919153     2.0977     0.0194 184.340213   48.97865  -16.51316 1.0000e-12    35.4417    10.2398    99.8756    774.915  489226195     0.7340     2.0960     4.7179     0.0061     0.0201    -0.0467     0.0001     0.0000    10.2398    35.4413    27.2551    5.44141    236.689 0.0000e+00
    784.000    10.3356   3.919186     2.0963     0.0185 184.340245   48.97866  -16.51315 1.0000e-12    35.4416    10.2396    99.8738    775.879  489226197     0.7234     2.0965     4.7178     0.0061     0.0138     0.6138 6.2132e-07     0.0000    10.2396    35.4413    27.2552    5.42871    236.136 0.0000e+00
    785.000    10.3265   3.918201     2.0952     0.0174 184.340252   48.97866  -16.51314 1.0000e-12    35.4402    10.2304    99.8543    776.867  489226198     0.7070     2.0961     4.7169     0.0061     0.0134     0.0178     0.0008     0.0000    10.2304    35.4398    27.2556    5.43008    236.196 0.0000e+00
    786.000    10.3198   3.917544     2.0951     0.0177 184.340258   48.97865  -16.51314 1.0000e-12    35.4398    10.2236    99.8614    777.870  489226199     0.7126     2.0952     4.7172     0.0061     0.0157     0.6392     0.0004     0.0000    10.2236    35.4392    27.2563    5.43598    236.453 0.0000e+00
    787.000    10.3190   3.917499     2.0951     0.0175 184.340265   48.97864  -16.51314 1.0000e-12    35.4397    10.2226    99.8704    778.867  489226199     0.7084     2.0951     4.7177     0.0061     0.0207     0.0339     0.0000     0.0000    10.2226    35.4391    27.2564    5.43856    236.565 0.0000e+00
    788.000    10.3229   3.917970     2.0948     0.0178 184.340292   48.97864  -16.51314 1.0000e-12    35.4400    10.2264    99.8750    779.844  489226202     0.7125     2.0934     4.7179     0.0061     0.0167     0.4508     0.0006     0.0000    10.2264    35.4396    27.2561    5.43306    236.326 0.0000e+00
    789.000    10.3152   3.917248     2.0921     0.0167 184.340330   48.97865  -16.51314 1.0000e-12    35.4398    10.2186    99.8757    780.816  489226205     0.6969     2.0928     4.7179     0.0061     0.0156     0.3320    -0.0000     0.0000    10.2186    35.4393    27.2573    5.41310    235.458 0.0000e+00
    790.000    10.3092   3.916673     2.0898     0.0174 184.340340   48.97865  -16.51314 1.0000e-12    35.4394    10.2126    99.8539    781.806  489226206     0.7080     2.0928     4.7169     0.0061     0.0191     0.4338     0.0000     0.0000    10.2126    35.4388    27.2579    5.40530    235.119 0.0000e+00
    791.000    10.3066   3.916417     2.0875     0.0158 184.340349   48.97864  -16.51314 1.0000e-12    35.4389    10.2099    99.8712    782.799  489226206     0.6842     2.0918     4.7177     0.0061     0.0234     0.4821     0.0000     0.0000    10.2099    35.4383    27.2580    5.39934    234.860 0.0000e+00
    792.000    10.3063   3.916415     2.0859     0.0173 184.340357   48.97864  -16.51314 1.0000e-12    35.4388    10.2094    99.8728    783.788  489226207     0.7065     2.0899     4.7178     0.0061     0.0213     0.0100     0.0000     0.0000    10.2094    35.4382    27.2580    5.40109    234.936 0.0000e+00
    793.000    10.3052   3.916354     2.0851     0.0181 184.340366   48.97864  -16.51314 1.0000e-12    35.4387    10.2082    99.8744    784.781  489226208     0.7174     2.0880     4.7178     0.0061     0.0218     0.4212     0.0001     0.0000    10.2082    35.4382    27.2582    5.40370    235.050 0.0000e+00
    794.000    10.3035   3.916202     2.0836     0.0180 184.340386   48.97864  -16.51314 1.0000e-12    35.4383    10.2064    99.8585    785.768  489226210     0.7154     2.0843     4.7171     0.0061     0.0222     0.4012     0.0000     0.0000    10.2064    35.4379    27.2583    5.39986    234.883 0.0000e+00
    795.000    10.2963   3.915479     2.0803     0.0177 184.340421   48.97864  -16.51312 1.0000e-12    35.4376    10.1991    99.8611    786.739  489226213     0.7114     2.0806     4.7172     0.0061     0.0243     0.4267     0.0002     0.0000    10.1991    35.4371    27.2589    5.37978    234.010 0.0000e+00
    796.000    10.2737   3.912993     2.0766     0.0156 184.340434   48.97864  -16.51312 1.0000e-12    35.4344    10.1765    99.8728    787.734  489226214     0.6805     2.0803     4.7178     0.0061     0.0234     0.3594     0.0015     0.0000    10.1765    35.4335    27.2600    5.36565    233.396 0.0000e+00
    797.000    10.2692   3.912545     2.0740     0.0181 184.340444   48.97864  -16.51312 1.0000e-12    35.4338    10.1719    99.8720    788.721  489226215     0.7172     2.0787     4.7177     0.0061     0.0245     0.4129     0.0002     0.0000    10.1719    35.4328    27.2603    5.35874    233.096 0.0000e+00
    798.000    10.2661   3.912256     2.0714     0.0181 184.340454   48.97863  -16.51312 1.0000e-12    35.4334    10.1687    99.8564    789.715  489226215     0.7176     2.0768     4.7170     0.0061     0.0236     0.4331     0.0000     0.0000    10.1687    35.4324    27.2606    5.35233    232.817 0.0000e+00
    799.000    10.2611   3.911835     2.0692     0.0175 184.340465   48.97862  -16.51312 1.0000e-12    35.4335    10.1636    99.8502    790.711  489226216     0.7085     2.0740     4.7167     0.0061     0.0378     0.3277     0.0003     0.0000    10.1636    35.4326    27.2616    5.35158    232.785 0.0000e+00
    800.000    10.2604   3.911805     2.0672     0.0164 184.340490   48.97862  -16.51312 1.0000e-12    35.4333    10.1627    99.8664    791.689  489226219     0.6914     2.0679     4.7175     0.0061     0.0216     0.3676     0.0002     0.0000    10.1627    35.4326    27.2617    5.35403    232.892 0.0000e+00
    801.000    10.2488   3.910611     2.0649     0.0193 184.340515   48.97862  -16.51312 1.0000e-12    35.4321    10.1511    99.8704    792.670  489226221     0.7335     2.0651     4.7177     0.0061     0.0246     0.2589     0.0002     0.0000    10.1511    35.4313    27.2627    5.34026    232.293 0.0000e+00
    802.000    10.2395   3.909588     2.0621     0.0165 184.340529   48.97862  -16.51310 1.0000e-12    35.4305    10.1417    99.8646    793.663  489226222     0.6949     2.0644     4.7174     0.0061     0.0304     0.3132     0.0015     0.0000    10.1417    35.4295    27.2630    5.32642    231.691 0.0000e+00
    803.000    10.2310   3.908700     2.0585     0.0206 184.340542   48.97862  -16.51310 1.0000e-12    35.4293    10.1331    99.8665    794.652  489226223     0.7510     2.0630     4.7175     0.0061     0.0273     0.6147     0.0003     0.0000    10.1331    35.4283    27.2635    5.31281    231.100 0.0000e+00
    804.000    10.2259   3.908139     2.0549     0.0213 184.340556   48.97862  -16.51310 1.0000e-12    35.4281    10.1280    99.8590    795.638  489226224     0.7601     2.0603     4.7171     0.0061     0.0284     0.3074    -0.0000     0.0000    10.1280    35.4271    27.2635    5.30230    230.643 0.0000e+00
    805.000    10.2105   3.906411     2.0516     0.0210 184.340569   48.97861  -16.51310 1.0000e-12    35.4254    10.1125    99.8632    796.625  489226225     0.7554     2.0571     4.7173     0.0061     0.0318     0.3464     0.0000     0.0000    10.1125    35.4241    27.2639    5.29543    230.345 0.0000e+00
    806.000    10.2040   3.905688     2.0490     0.0223 184.340580   48.97860  -16.51310 1.0000e-12    35.4240    10.1059    99.8500    797.613  489226226     0.7725     2.0540     4.7167     0.0061     0.0327     0.3756     0.0000     0.0000    10.1059    35.4227    27.2639    5.29114    230.159 0.0000e+00
    807.000    10.1960   3.904808     2.0469     0.0230 184.340593   48.97860  -16.51310 1.0000e-12    35.4223    10.0978    99.8666    798.611  489226227     0.7807     2.0506     4.7175     0.0061     0.0260     0.2711     0.0034     0.0000    10.0978    35.4210    27.2640    5.29184    230.190 0.0000e+00
    808.000    10.1949   3.904770     2.0443     0.0183 184.340621   48.97860  -16.51309 1.0000e-12    35.4222    10.0967    99.8748    799.588  489226230     0.7191     2.0451     4.7179     0.0061     0.0228     0.3575    -0.0003     0.0000    10.0967    35.4212    27.2643    5.28451    229.871 0.0000e+00
    809.000    10.1816   3.903277     2.0406     0.0225 184.340645   48.97860  -16.51308 1.0000e-12    35.4197    10.0833    99.8758    800.571  489226232     0.7748     2.0425     4.7179     0.0061     0.0237     0.3078     0.0011     0.0000    10.0833    35.4186    27.2646    5.26779    229.145 0.0000e+00
    810.000    10.1726   3.902380     2.0383     0.0229 184.340657   48.97860  -16.51308 1.0000e-12    35.4190    10.0742    99.8711    801.562  489226233     0.7796     2.0415     4.7177     0.0061     0.0314     0.3780     0.0065     0.0000    10.0742    35.4178    27.2656    5.25871    228.750 0.0000e+00
    811.000    10.1666   3.901808     2.0356     0.0218 184.340667   48.97858  -16.51308 1.0000e-12    35.4185    10.0682    99.8746    802.551  489226234     0.7668     2.0397     4.7178     0.0061     0.0245     0.3765     0.0027     0.0000    10.0682    35.4173    27.2662    5.24970    228.359 0.0000e+00
    812.000    10.1589   3.901009     2.0329     0.0255 184.340680   48.97858  -16.51308 1.0000e-12    35.4175    10.0603    99.8566    803.547  489226235     0.8104     2.0375     4.7170     0.0061     0.0234     0.3978     0.0010     0.0000    10.0603    35.4163    27.2668    5.24325    228.078 0.0000e+00
    813.000    10.1565   3.900780     2.0299     0.0308 184.340694   48.97858  -16.51308 1.0000e-12    35.4170    10.0578    99.8516    804.529  489226236     0.8656     2.0343     4.7168     0.0061     0.0277     0.4914     0.0033     0.0000    10.0578    35.4159    27.2669    5.23734    227.821 0.0000e+00
    814.000    10.1482   3.899914     2.0278     0.0308 184.340708   48.97858  -16.51308 1.0000e-12    35.4159    10.0494    99.8532    805.518  489226237     0.8665     2.0309     4.7169     0.0061     0.0263     0.2918     0.0008     0.0000    10.0494    35.4147    27.2675    5.23561    227.747 0.0000e+00
    815.000    10.1392   3.898961     2.0251     0.0243 184.340726   48.97858  -16.51308 1.0000e-12    35.4145    10.0403    99.8695    806.506  489226239     0.7957     2.0274     4.7176     0.0061     0.0229     0.3655     0.0031     0.0000    10.0404    35.4134    27.2679    5.22505    227.287 0.0000e+00
    816.000    10.1305   3.898028     2.0204     0.0270 184.340749   48.97858  -16.51308 1.0000e-12    35.4129    10.0317    99.8726    807.485  489226241     0.8264     2.0241     4.7178     0.0061     0.0267     0.4364     0.0019     0.0000    10.0316    35.4118    27.2682    5.20239    226.302 0.0000e+00
    817.000    10.1053   3.895209     2.0159     0.0258 184.340763   48.97858  -16.51306 1.0000e-12    35.4088    10.0064    99.8582    808.474  489226242     0.8131     2.0217     4.7171     0.0061     0.0285     0.3598     0.0001     0.0000    10.0064    35.4073    27.2690    5.18447    225.524 0.0000e+00
    818.000    10.0852   3.893002     2.0119     0.0208 184.340775   48.97858  -16.51306 1.0000e-12    35.4058     9.9863    99.8735    809.472  489226243     0.7535     2.0191     4.7178     0.0061     0.0236     0.3596 -2.362e-07     0.0000     9.9863    35.4039    27.2699    5.17269    225.013 0.0000e+00
    819.000    10.0593   3.890205     2.0067     0.0213 184.340789   48.97856  -16.51306 1.0000e-12    35.4025     9.9604    99.8640    810.461  489226244     0.7600     2.0148     4.7174     0.0061     0.0229     0.2262     0.0010     0.0000     9.9605    35.4002    27.2715    5.15748    224.353 0.0000e+00
    820.000    10.0476   3.888952     1.9978     0.0220 184.340813   48.97856  -16.51306 1.0000e-12    35.4003     9.9487    99.8767    811.436  489226247     0.7683     2.0067     4.7180     0.0061     0.0212     0.4093     0.0071     0.0000     9.9487    35.3984    27.2720    5.12797    223.070 0.0000e+00
    821.000    10.0290   3.886893     1.9918     0.0216 184.340828   48.97856  -16.51306 1.0000e-12    35.3972     9.9301    99.8706    812.422  489226248     0.7634     2.0009     4.7177     0.0061     0.0253     0.3321     0.0086     0.0000     9.9301    35.3951    27.2727    5.10570    222.102 0.0000e+00
    822.000    10.0089   3.884752     1.9871     0.0213 184.340839   48.97856  -16.51306 1.0000e-12    35.3948     9.9100    99.8534    813.414  489226249     0.7597     1.9967     4.7169     0.0061     0.0308     0.4357     0.0060     0.0000     9.9100    35.3924    27.2740    5.09117    221.471 0.0000e+00
    823.000     9.9964   3.883454     1.9828     0.0205 184.340848   48.97856  -16.51306 1.0000e-12    35.3933     9.8975    99.8537    814.407  489226250     0.7501     1.9936     4.7169     0.0061     0.0256     0.4342     0.0080     0.0000     9.8975    35.3909    27.2749    5.08243    221.092 0.0000e+00
    824.000     9.9895   3.882782     1.9785     0.0195 184.340867   48.97856  -16.51306 1.0000e-12    35.3924     9.8905    99.8725    815.402  489226251     0.7353     1.9866     4.7178     0.0061     0.0209     0.2472     0.0103     0.0000     9.8905    35.3903    27.2756    5.07931    220.956 0.0000e+00
    825.000     9.9686   3.880556     1.9715     0.0196 184.340911   48.97856  -16.51306 1.0000e-12    35.3896     9.8696    99.8792    816.368  489226255     0.7378     1.9750     4.7181     0.0061     0.0218     0.3705     0.0022     0.0000     9.8696    35.3875    27.2771    5.04656    219.532 0.0000e+00
    826.000     9.9522   3.878852     1.9674     0.0166 184.340919   48.97856  -16.51306 1.0000e-12    35.3879     9.8531    99.8757    817.361  489226256     0.6960     1.9755     4.7179     0.0061     0.0229     0.4856     0.0029     0.0000     9.8531    35.3857    27.2784    5.03219    218.908 0.0000e+00
    827.000     9.9430   3.877937     1.9641     0.0143 184.340927   48.97856  -16.51306 1.0000e-12    35.3871     9.8439    99.8757    818.352  489226256     0.6615     1.9739     4.7179     0.0061     0.0215     0.5645     0.0043     0.0000     9.8439    35.3848    27.2793    5.02221    218.474 0.0000e+00
    828.000     9.9371   3.877328     1.9607     0.0146 184.340934   48.97856  -16.51306 1.0000e-12    35.3863     9.8379    99.8757    819.344  489226257     0.6648     1.9714     4.7179     0.0061     0.0217     0.0254     0.0028     0.0000     9.8378    35.3840    27.2797    5.01599    218.204 0.0000e+00
    829.000     9.9327   3.876870     1.9581     0.0116 184.340942   48.97856  -16.51306 1.0000e-12    35.3853     9.8333    99.8744    820.346  489226258     0.6146     1.9680     4.7178     0.0061     0.0253     0.4386     0.0045     0.0000     9.8334    35.3831    27.2798    5.01530    218.174 0.0000e+00
    830.000     9.9293   3.876615     1.9544     0.0147 184.340959   48.97855  -16.51305 1.0000e-12    35.3852     9.8299    99.8755    821.326  489226259     0.6658     1.9610     4.7179     0.0061     0.0266     0.4310     0.0068     0.0000     9.8299    35.3833    27.2806    5.01289    218.070 0.0000e+00
    831.000     9.9288   3.876591     1.9505     0.0177 184.340992   48.97854  -16.51304 1.0000e-12    35.3844     9.8293    99.8768    822.300  489226262     0.7120     1.9515     4.7180     0.0061     0.0228     0.3470     0.0058     0.0000     9.8293    35.3831    27.2805    5.01215    218.037 0.0000e+00
    832.000     9.9322   3.877389     1.9518     0.0166 184.341011   48.97854  -16.51304 1.0000e-12    35.3884     9.8325    99.8744    823.293  489226264     0.6953     1.9495     4.7178     0.0061     0.0237     0.2190     0.0035     0.0000     9.8326    35.3875    27.2834    5.02928    218.782 0.0000e+00
    833.000     9.9313   3.877412     1.9531     0.0188 184.341028   48.97856  -16.51304 1.0000e-12    35.3889     9.8315    99.8758    824.275  489226265     0.7276     1.9487     4.7179     0.0061     0.0281     0.5799     0.0005     0.0000     9.8315    35.3882    27.2841    5.02454    218.575 0.0000e+00
