Data/ruptures/DY032/PAP/d20150626_DY032_CTD04.cnv
* Sea-Bird SBE 9 Data File:
* FileName = C:\CTD\DY032\20150625_DY032_CTD04.hdr
* Software Version Seasave V 7.23.2
* Temperature SN = 2112
* Conductivity SN = 3159
* Number of Bytes Per Scan = 35
* Number of Voltage Words = 4
* Number of Scans Averaged by the Deck Unit = 1
* NMEA Latitude = 48 50.41 N
* NMEA Longitude = 016 31.53 W
* NMEA UTC (Time) = Jun 26 2015 10:02:19
** Ship:
** Station:
** Operator:
# nquan = 28
# nvalues = 1009                        
# units = specified
# name 0 = prDM: Pressure, Digiquartz [db]
# name 1 = t090C: Temperature [ITS-90, deg C]
# name 2 = c0S/m: Conductivity [S/m]
# name 3 = sbeox0V: Oxygen raw, SBE 43 [V]
# name 4 = flC: Fluorescence, Chelsea Aqua 3 Chl Con [ug/l]
# name 5 = timeJ: Julian Days
# name 6 = latitude: Latitude [deg]
# name 7 = longitude: Longitude [deg]
# name 8 = par: PAR/Irradiance, Biospherical/Licor
# name 9 = sal00: Salinity, Practical [PSU]
# name 10 = potemp090C: Potential Temperature [ITS-90, deg C]
# name 11 = CStarTr0: Beam Transmission, WET Labs C-Star [%]
# name 12 = depSM: Depth [salt water, m]
# name 13 = timeQ: Time, NMEA [seconds]
# name 14 = v0: Voltage 0
# name 15 = v1: Voltage 1
# name 16 = v2: Voltage 2
# name 17 = v3: Voltage 3
# name 18 = v4: Voltage 4
# name 19 = v5: Voltage 5
# name 20 = v6: Voltage 6
# name 21 = v7: Voltage 7
# name 22 = potemp090C: Potential Temperature [ITS-90, deg C]
# name 23 = sal00: Salinity, Practical [PSU]
# name 24 = sigma-é00: Density [sigma-theta, kg/m^3]
# name 25 = sbeox0ML/L: Oxygen, SBE 43 [ml/l], WS = 2
# name 26 = sbeox0Mm/Kg: Oxygen, SBE 43 [umol/kg], WS = 2
# name 27 = flag: flag
# span 0 =      6.000,   1014.000       
# span 1 =     7.5937,    14.9918       
# span 2 =   3.651975,   4.348866       
# span 3 =     1.6853,     2.5810       
# span 4 =     0.0100,     1.7220       
# span 5 = 177.423966, 177.440036       
# span 6 =   48.83940,   48.84010       
# span 7 =  -16.52758,  -16.52552       
# span 8 = -1.373e-06, 4.4186e+01       
# span 9 =    35.1122,    35.5465       
# span 10 =     7.4883,    14.9908      
# span 11 =    87.8979,    99.9282      
# span 12 =      5.945,   1002.983      
# span 13 =  488628631,  488630019      
# span 14 =     0.5861,     2.4641      
# span 15 =     1.6845,     2.5814      
# span 16 =     4.1522,     4.7204      
# span 17 =     0.0061,     2.9464      
# span 18 =     0.0150,     0.2499      
# span 19 =     0.2087,     1.1373      
# span 20 =     0.0000,     0.0000      
# span 21 =     0.0000,     0.0000      
# span 22 =     7.4884,    14.9908      
# span 23 =    35.1092,    35.5386      
# span 24 =    26.3799,    27.5499      
# span 25 =    4.32423,    5.82575      
# span 26 =    188.169,    253.322      
# span 27 = 0.0000e+00, 0.0000e+00      
# interval = decibars: 1                
# start_time = Jun 26 2015 10:10:13 [NMEA time, first data scan]
# bad_flag = -9.990e-29
*END*
[from data line 674]
    680.000    10.3567   3.917389     2.1061     0.0210 177.435327   48.83966  -16.52681 1.0000e-12    35.4491    10.2737    99.8757    673.146  488629612     0.7558     2.1089     4.7179     0.0061     0.0236     0.8371     0.0000     0.0000    10.2737    35.4486    27.2549    5.38929    234.420 0.0000e+00
    681.000    10.3621   3.918009     2.1040     0.0199 177.435361   48.83966  -16.52682 1.0000e-12    35.4494    10.2790    99.8418    674.115  488629615     0.7414     2.1035     4.7163     0.0061     0.0235     0.8379     0.0000     0.0000    10.2789    35.4492    27.2544    5.38324    234.157 0.0000e+00
    682.000    10.3507   3.916795     2.1024     0.0227 177.435371   48.83966  -16.52682 1.0000e-12    35.4479    10.2675    99.8685    675.108  488629616     0.7773     2.1038     4.7176     0.0061     0.0199     0.8391     0.0000     0.0000    10.2675    35.4475    27.2551    5.37749    233.907 0.0000e+00
    683.000    10.3423   3.915907     2.1016     0.0184 177.435379   48.83966  -16.52682 1.0000e-12    35.4469    10.2590    99.8757    676.099  488629617     0.7207     2.1033     4.7179     0.0061     0.0217     0.8399     0.0000     0.0000    10.2590    35.4462    27.2556    5.38094    234.058 0.0000e+00
    684.000    10.3416   3.915861     2.1013     0.0122 177.435388   48.83966  -16.52682 1.0000e-12    35.4466    10.2582    99.8757    677.091  488629618     0.6263     2.1027     4.7179     0.0061     0.0239     0.8407     0.0000     0.0000    10.2582    35.4460    27.2556    5.38126    234.072 0.0000e+00
    685.000    10.3369   3.915328     2.1005     0.0152 177.435396   48.83966  -16.52682 1.0000e-12    35.4454    10.2534    99.8757    678.087  488629618     0.6749     2.1019     4.7179     0.0061     0.0236     0.8419     0.0000     0.0000    10.2534    35.4447    27.2554    5.37397    233.755 0.0000e+00
    686.000    10.3301   3.914620     2.0987     0.0153 177.435406   48.83966  -16.52682 1.0000e-12    35.4445    10.2465    99.8724    679.074  488629619     0.6763     2.1004     4.7177     0.0061     0.0239     0.8424     0.0000     0.0000    10.2465    35.4437    27.2558    5.36700    233.452 0.0000e+00
    687.000    10.3181   3.913292     2.0967     0.0151 177.435420   48.83966  -16.52683 1.0000e-12    35.4425    10.2344    99.8749    680.060  488629620     0.6732     2.0996     4.7179     0.0061     0.0229     0.8433     0.0000     0.0000    10.2344    35.4415    27.2562    5.36643    233.428 0.0000e+00
    688.000    10.3105   3.912459     2.0945     0.0185 177.435441   48.83966  -16.52684 1.0000e-12    35.4409    10.2268    99.8784    681.043  488629622     0.7218     2.0963     4.7180     0.0061     0.0233     0.8443     0.0000     0.0000    10.2268    35.4399    27.2563    5.36040    233.166 0.0000e+00
    689.000    10.2963   3.910901     2.0907     0.0162 177.435462   48.83966  -16.52684 1.0000e-12    35.4386    10.2125    99.8799    682.028  488629624     0.6903     2.0938     4.7181     0.0061     0.0232     0.8449     0.0000     0.0000    10.2125    35.4375    27.2570    5.34266    232.395 0.0000e+00
    690.000    10.2827   3.909409     2.0876     0.0169 177.435478   48.83966  -16.52684 1.0000e-12    35.4364    10.1988    99.8811    683.017  488629625     0.6983     2.0923     4.7182     0.0061     0.0233     0.8459     0.0000     0.0000    10.1988    35.4352    27.2575    5.33598    232.106 0.0000e+00
    691.000    10.2801   3.909162     2.0851     0.0155 177.435490   48.83966  -16.52684 1.0000e-12    35.4359    10.1961    99.8788    684.004  488629626     0.6790     2.0894     4.7181     0.0061     0.0246     0.8467     0.0000     0.0000    10.1961    35.4347    27.2576    5.32913    231.808 0.0000e+00
    692.000    10.2772   3.908881     2.0829     0.0197 177.435502   48.83966  -16.52684 1.0000e-12    35.4354    10.1931    99.8768    684.996  488629627     0.7385     2.0872     4.7180     0.0061     0.0215     0.8474     0.0000     0.0000    10.1931    35.4343    27.2578    5.32217    231.505 0.0000e+00
    693.000    10.2700   3.908073     2.0808     0.0235 177.435513   48.83966  -16.52684 1.0000e-12    35.4338    10.1858    99.8757    685.983  488629628     0.7875     2.0850     4.7179     0.0061     0.0213     0.8484     0.0000     0.0000    10.1858    35.4326    27.2578    5.31641    231.255 0.0000e+00
    694.000    10.2619   3.907199     2.0788     0.0229 177.435524   48.83966  -16.52685 1.0000e-12    35.4324    10.1777    99.8624    686.976  488629629     0.7789     2.0829     4.7173     0.0061     0.0212     0.8497     0.0000     0.0000    10.1776    35.4312    27.2581    5.31444    231.170 0.0000e+00
    695.000    10.2577   3.906785     2.0768     0.0242 177.435537   48.83965  -16.52686 1.0000e-12    35.4317    10.1733    99.8708    687.967  488629630     0.7947     2.0803     4.7177     0.0061     0.0195     0.8502     0.0000     0.0000    10.1733    35.4306    27.2584    5.31078    231.011 0.0000e+00
    696.000    10.2612   3.907259     2.0747     0.0295 177.435556   48.83964  -16.52686 1.0000e-12    35.4324    10.1767    99.8911    688.946  488629632     0.8526     2.0768     4.7187     0.0061     0.0244     0.8514     0.0000     0.0000    10.1767    35.4316    27.2585    5.30508    230.763 0.0000e+00
    697.000    10.2570   3.906862     2.0719     0.0201 177.435572   48.83964  -16.52686 1.0000e-12    35.4320    10.1723    99.8861    689.933  488629634     0.7444     2.0748     4.7184     0.0061     0.0176     0.8517     0.0000     0.0000    10.1723    35.4313    27.2590    5.28791    230.016 0.0000e+00
    698.000    10.2535   3.906649     2.0690     0.0217 177.435585   48.83964  -16.52686 1.0000e-12    35.4328    10.1687    99.8909    690.925  488629635     0.7654     2.0734     4.7187     0.0061     0.0215     0.8525     0.0000     0.0000    10.1687    35.4320    27.2603    5.28379    229.837 0.0000e+00
    699.000    10.2540   3.906796     2.0677     0.0214 177.435596   48.83964  -16.52686 1.0000e-12    35.4333    10.1691    99.8907    691.915  488629636     0.7606     2.0718     4.7187     0.0061     0.0237     0.8536     0.0000     0.0000    10.1691    35.4326    27.2607    5.28634    229.948 0.0000e+00
    700.000    10.2524   3.906684     2.0672     0.0202 177.435608   48.83964  -16.52686 1.0000e-12    35.4331    10.1674    99.8978    692.907  488629637     0.7467     2.0689     4.7190     0.0061     0.0278     0.8547     0.0000     0.0000    10.1674    35.4325    27.2609    5.29024    230.117 0.0000e+00
    701.000    10.2504   3.906511     2.0661     0.0174 177.435625   48.83964  -16.52686 1.0000e-12    35.4329    10.1653    99.8826    693.887  488629638     0.7074     2.0664     4.7182     0.0061     0.0224     0.8555     0.0000     0.0000    10.1653    35.4323    27.2611    5.28035    229.687 0.0000e+00
    702.000    10.2477   3.906331     2.0642     0.0160 177.435640   48.83964  -16.52687 1.0000e-12    35.4332    10.1625    99.8756    694.877  488629639     0.6864     2.0659     4.7179     0.0061     0.0212     0.8562     0.0000     0.0000    10.1625    35.4326    27.2618    5.27422    229.421 0.0000e+00
    703.000    10.2348   3.904933     2.0624     0.0175 177.435653   48.83964  -16.52688 1.0000e-12    35.4314    10.1495    99.8885    695.867  488629640     0.7084     2.0648     4.7185     0.0061     0.0232     0.8571     0.0000     0.0000    10.1495    35.4306    27.2625    5.26767    229.136 0.0000e+00
    704.000    10.2284   3.904277     2.0601     0.0184 177.435666   48.83964  -16.52688 1.0000e-12    35.4305    10.1431    99.8757    696.852  488629642     0.7215     2.0632     4.7179     0.0061     0.0236     0.8583     0.0000     0.0000    10.1431    35.4297    27.2629    5.26390    228.973 0.0000e+00
    705.000    10.2254   3.903983     2.0591     0.0213 177.435679   48.83964  -16.52688 1.0000e-12    35.4300    10.1400    99.8777    697.843  488629643     0.7604     2.0616     4.7180     0.0061     0.0189     0.8592     0.0000     0.0000    10.1400    35.4292    27.2630    5.26599    229.064 0.0000e+00
    706.000    10.2213   3.903564     2.0582     0.0230 177.435691   48.83964  -16.52688 1.0000e-12    35.4293    10.1357    99.8757    698.833  488629644     0.7815     2.0594     4.7179     0.0061     0.0225     0.8600     0.0000     0.0000    10.1357    35.4285    27.2632    5.26394    228.975 0.0000e+00
    707.000    10.2149   3.902907     2.0575     0.0226 177.435704   48.83964  -16.52688 1.0000e-12    35.4285    10.1292    99.8757    699.820  488629645     0.7762     2.0580     4.7179     0.0061     0.0226     0.8611     0.0000     0.0000    10.1292    35.4276    27.2637    5.26590    229.060 0.0000e+00
    708.000    10.2105   3.902475     2.0569     0.0206 177.435720   48.83964  -16.52688 1.0000e-12    35.4278    10.1248    99.8787    700.813  488629646     0.7509     2.0569     4.7181     0.0061     0.0168     0.8618     0.0000     0.0000    10.1248    35.4270    27.2640    5.26484    229.015 0.0000e+00
    709.000    10.2106   3.902532     2.0559     0.0195 177.435743   48.83964  -16.52688 1.0000e-12    35.4277    10.1247    99.8800    701.788  488629648     0.7370     2.0559     4.7181     0.0061     0.0222     0.8629     0.0000     0.0000    10.1247    35.4271    27.2640    5.25895    228.758 0.0000e+00
    710.000    10.2080   3.902257     2.0543     0.0193 177.435758   48.83964  -16.52688 1.0000e-12    35.4269    10.1220    99.8721    702.778  488629650     0.7341     2.0552     4.7177     0.0061     0.0214     0.8640     0.0000     0.0000    10.1220    35.4264    27.2640    5.25288    228.495 0.0000e+00
    711.000    10.1989   3.901339     2.0534     0.0185 177.435768   48.83964  -16.52688 1.0000e-12    35.4262    10.1128    99.8758    703.766  488629650     0.7227     2.0548     4.7179     0.0061     0.0213     0.8648     0.0000     0.0000    10.1128    35.4254    27.2648    5.25252    228.479 0.0000e+00
    712.000    10.1976   3.901236     2.0526     0.0188 177.435777   48.83964  -16.52688 1.0000e-12    35.4260    10.1113    99.8770    704.764  488629651     0.7273     2.0540     4.7180     0.0061     0.0232     0.8659     0.0000     0.0000    10.1113    35.4253    27.2650    5.24837    228.299 0.0000e+00
    713.000    10.1926   3.900864     2.0510     0.0189 177.435787   48.83964  -16.52690 1.0000e-12    35.4266    10.1063    99.8757    705.756  488629652     0.7282     2.0530     4.7179     0.0061     0.0221     0.8666     0.0000     0.0000    10.1063    35.4258    27.2663    5.24096    227.976 0.0000e+00
    714.000    10.1954   3.901338     2.0488     0.0182 177.435801   48.83964  -16.52690 1.0000e-12    35.4281    10.1089    99.8750    706.741  488629653     0.7188     2.0517     4.7179     0.0061     0.0235     0.8677     0.0000     0.0000    10.1089    35.4275    27.2671    5.23191    227.582 0.0000e+00
    715.000    10.2003   3.901969     2.0457     0.0165 177.435819   48.83964  -16.52690 1.0000e-12    35.4291    10.1137    99.8614    707.721  488629655     0.6942     2.0493     4.7172     0.0061     0.0229     0.8690     0.0000     0.0000    10.1137    35.4287    27.2673    5.22231    227.165 0.0000e+00
    716.000    10.1986   3.901927     2.0426     0.0172 177.435834   48.83964  -16.52690 1.0000e-12    35.4298    10.1119    99.8768    708.709  488629656     0.7040     2.0466     4.7180     0.0061     0.0232     0.8696     0.0000     0.0000    10.1119    35.4295    27.2682    5.20282    226.317 0.0000e+00
    717.000    10.1884   3.900915     2.0383     0.0149 177.435846   48.83964  -16.52690 1.0000e-12    35.4292    10.1016    99.8725    709.702  488629657     0.6702     2.0447     4.7178     0.0061     0.0229     0.8710     0.0000     0.0000    10.1016    35.4287    27.2693    5.18559    225.567 0.0000e+00
    718.000    10.1687   3.898760     2.0339     0.0179 177.435861   48.83964  -16.52690 1.0000e-12    35.4264    10.0819    99.8749    710.695  488629658     0.7142     2.0416     4.7179     0.0061     0.0202     0.8714     0.0000     0.0000    10.0819    35.4255    27.2702    5.17968    225.311 0.0000e+00
    719.000    10.1564   3.897379     2.0281     0.0200 177.435885   48.83963  -16.52690 1.0000e-12    35.4240    10.0695    99.8610    711.665  488629661     0.7424     2.0340     4.7172     0.0061     0.0214     0.8721     0.0000     0.0000    10.0695    35.4230    27.2704    5.16191    224.539 0.0000e+00
    720.000    10.1469   3.896276     2.0244     0.0196 177.435897   48.83962  -16.52690 1.0000e-12    35.4218    10.0600    99.8687    712.655  488629662     0.7387     2.0309     4.7176     0.0061     0.0236     0.8730     0.0000     0.0000    10.0600    35.4206    27.2702    5.15026    224.033 0.0000e+00
    721.000    10.1046   3.891504     2.0224     0.0183 177.435905   48.83962  -16.52690 1.0000e-12    35.4149    10.0177    99.8709    713.648  488629662     0.7210     2.0292     4.7177     0.0061     0.0223     0.8741     0.0000     0.0000    10.0177    35.4128    27.2714    5.15542    224.261 0.0000e+00
    722.000    10.0790   3.888644     2.0212     0.0177 177.435912   48.83962  -16.52692 1.0000e-12    35.4107     9.9922    99.8738    714.641  488629663     0.7124     2.0274     4.7178     0.0061     0.0211     0.8749     0.0000     0.0000     9.9922    35.4081    27.2722    5.16443    224.654 0.0000e+00
    723.000    10.0657   3.887138     2.0211     0.0203 177.435919   48.83962  -16.52692 1.0000e-12    35.4081     9.9788    99.8742    715.647  488629663     0.7468     2.0252     4.7178     0.0061     0.0224     0.8759     0.0000     0.0000     9.9788    35.4052    27.2722    5.17000    224.897 0.0000e+00
    724.000    10.0731   3.888036     2.0203     0.0205 177.435944   48.83962  -16.52692 1.0000e-12    35.4088     9.9860    99.8756    716.622  488629666     0.7502     2.0209     4.7179     0.0061     0.0218     0.8767     0.0000     0.0000     9.9860    35.4068    27.2722    5.16698    224.765 0.0000e+00
    725.000    10.0832   3.889242     2.0184     0.0176 177.435972   48.83962  -16.52692 1.0000e-12    35.4100     9.9960    99.8747    717.594  488629668     0.7100     2.0192     4.7179     0.0061     0.0203     0.8782     0.0000     0.0000     9.9960    35.4088    27.2720    5.14984    224.019 0.0000e+00
    726.000    10.0592   3.886516     2.0163     0.0185 177.435982   48.83962  -16.52692 1.0000e-12    35.4056     9.9720    99.8757    718.589  488629669     0.7222     2.0188     4.7179     0.0061     0.0174     0.8791     0.0000     0.0000     9.9719    35.4040    27.2724    5.14565    223.838 0.0000e+00
    727.000    10.0385   3.884309     2.0148     0.0240 177.435991   48.83962  -16.52692 1.0000e-12    35.4032     9.9513    99.8757    719.582  488629670     0.7932     2.0185     4.7179     0.0061     0.0150     0.8797     0.0000     0.0000     9.9513    35.4011    27.2737    5.14524    223.821 0.0000e+00
    728.000    10.0386   3.884350     2.0136     0.0254 177.436000   48.83962  -16.52692 1.0000e-12    35.4029     9.9512    99.8784    720.573  488629670     0.8090     2.0172     4.7180     0.0061     0.0159     0.8807     0.0000     0.0000     9.9512    35.4011    27.2737    5.14477    223.801 0.0000e+00
    729.000    10.0391   3.884474     2.0125     0.0216 177.436010   48.83962  -16.52692 1.0000e-12    35.4030     9.9516    99.8769    721.562  488629671     0.7639     2.0153     4.7180     0.0061     0.0160     0.8815     0.0000     0.0000     9.9516    35.4014    27.2739    5.14047    223.614 0.0000e+00
