Data/ruptures/DY032/PAP/d20150627_DY032_CTD06.cnv
* Sea-Bird SBE 9 Data File:
* FileName = C:\CTD\DY032\20150627_DY032_CTD06.hdr
* Software Version Seasave V 7.23.2
* Temperature SN = 2112
* Conductivity SN = 3159
* Number of Bytes Per Scan = 35
* Number of Voltage Words = 4
* Number of Scans Averaged by the Deck Unit = 1
* NMEA Latitude = 49 04.63 N
* NMEA Longitude = 016 15.46 W
* NMEA UTC (Time) = Jun 27 2015 18:57:36
** Ship:
** Station:
** Operator:
# nquan = 28
# nvalues = 1207                        
# units = specified
# name 0 = prDM: Pressure, Digiquartz [db]
# name 1 = t090C: Temperature [ITS-90, deg C]
# name 2 = c0S/m: Conductivity [S/m]
# name 3 = sbeox0V: Oxygen raw, SBE 43 [V]
# name 4 = flC: Fluorescence, Chelsea Aqua 3 Chl Con [ug/l]
# name 5 = timeJ: Julian Days
# name 6 = latitude: Latitude [deg]
# name 7 = longitude: Longitude [deg]
# name 8 = par: PAR/Irradiance, Biospherical/Licor
# name 9 = sal00: Salinity, Practical [PSU]
# name 10 = potemp090C: Potential Temperature [ITS-90, deg C]
# name 11 = CStarTr0: Beam Transmission, WET Labs C-Star [%]
# name 12 = depSM: Depth [salt water, m]
# name 13 = timeQ: Time, NMEA [seconds]
# name 14 = v0: Voltage 0
# name 15 = v1: Voltage 1
# name 16 = v2: Voltage 2
# name 17 = v3: Voltage 3
# name 18 = v4: Voltage 4
# name 19 = v5: Voltage 5
# name 20 = v6: Voltage 6
# name 21 = v7: Voltage 7
# name 22 = potemp090C: Potential Temperature [ITS-90, deg C]
# name 23 = sal00: Salinity, Practical [PSU]
# name 24 = sigma-é00: Density [sigma-theta, kg/m^3]
# name 25 = sbeox0ML/L: Oxygen, SBE 43 [ml/l], WS = 2
# name 26 = sbeox0Mm/Kg: Oxygen, SBE 43 [umol/kg], WS = 2
# name 27 = flag: flag
# span 0 =      6.000,   1212.000       
# span 1 =     6.3398,    15.0828       
# span 2 =   3.533992,   4.357209       
# span 3 =     1.6716,     2.5743       
# span 4 =     0.0116,     2.0155       
# span 5 = 178.793880, 178.820416       
# span 6 =   49.07539,   49.07696       
# span 7 =  -16.26093,  -16.25816       
# span 8 = -4.827e-01, 2.0318e+02       
# span 9 =    35.1557,    35.5439       
# span 10 =     6.2259,    15.0816      
# span 11 =    86.8654,    99.9716      
# span 12 =      5.941,   1198.231      
# span 13 =  488746992,  488749284      
# span 14 =     0.6159,     2.5314      
# span 15 =     1.6699,     2.5750      
# span 16 =     4.1034,     4.7225      
# span 17 =    -0.0063,     3.6078      
# span 18 =     0.0169,     0.2635      
# span 19 =    -0.0702,     0.8209      
# span 20 =     0.0000,     0.0000      
# span 21 =     0.0000,     0.0000      
# span 22 =     6.2259,    15.0816      
# span 23 =    35.1523,    35.5419      
# span 24 =    26.3544,    27.6631      
# span 25 =    4.25561,    5.79796      
# span 26 =    185.161,    252.114      
# span 27 = 0.0000e+00, 0.0000e+00      
# interval = decibars: 1                
# start_time = Jun 27 2015 19:02:59 [NMEA time, first data scan]
# bad_flag = -9.990e-29
*END*
[from data line 208]
    214.000    11.5122   4.016692     2.2417     0.0238 178.800629   49.07642  -16.25913 1.0000e-12    35.5345    11.4849    99.6411    212.075  488747575     0.7907     2.2393     4.7069     0.0061     0.0514     0.6015     0.0000     0.0000    11.4849    35.5336    27.1015    5.38050    233.995 0.0000e+00
    215.000    11.4948   4.014711     2.2430     0.0240 178.800645   49.07642  -16.25914 1.0000e-12    35.5315    11.4673    99.6567    213.070  488747576     0.7917     2.2403     4.7076     0.0061     0.0475     0.3822     0.0000     0.0000    11.4673    35.5303    27.1023    5.38909    234.370 0.0000e+00
    216.000    11.4879   4.013868     2.2446     0.0246 178.800678   49.07642  -16.25914 1.0000e-12    35.5291    11.4603    99.6543    214.052  488747579     0.7985     2.2431     4.7075     0.0061     0.0507     0.3527     0.0000     0.0000    11.4603    35.5282    27.1019    5.38942    234.384 0.0000e+00
    217.000    11.4913   4.014283     2.2442     0.0235 178.800715   49.07642  -16.25914 1.0000e-12    35.5291    11.4636    99.6384    215.044  488747582     0.7866     2.2442     4.7067     0.0061     0.0469     0.3047     0.0000     0.0000    11.4636    35.5285    27.1016    5.38690    234.275 0.0000e+00
    218.000    11.4647   4.011519     2.2429     0.0323 178.800745   49.07642  -16.25914 1.0000e-12    35.5273    11.4369    99.6238    216.027  488747585     0.8802     2.2442     4.7061     0.0061     0.0462     0.5721     0.0000     0.0000    11.4369    35.5262    27.1048    5.38426    234.161 0.0000e+00
    219.000    11.4677   4.012158     2.2421     0.0357 178.800756   49.07642  -16.25914 1.0000e-12    35.5301    11.4397    99.6296    217.019  488747586     0.9127     2.2435     4.7064     0.0061     0.0447     0.0254     0.0000     0.0000    11.4397    35.5293    27.1067    5.38443    234.168 0.0000e+00
    220.000    11.4697   4.012463     2.2421     0.0322 178.800765   49.07642  -16.25914 1.0000e-12    35.5306    11.4417    99.6033    218.017  488747586     0.8796     2.2430     4.7051     0.0061     0.0426     0.4281     0.0000     0.0000    11.4417    35.5299    27.1068    5.38665    234.264 0.0000e+00
    221.000    11.4699   4.012550     2.2421     0.0261 178.800775   49.07642  -16.25914 1.0000e-12    35.5307    11.4417    99.6258    219.017  488747587     0.8159     2.2424     4.7062     0.0061     0.0483     0.3677     0.0000     0.0000    11.4417    35.5301    27.1069    5.38729    234.292 0.0000e+00
    222.000    11.4713   4.012699     2.2420     0.0241 178.800817   49.07642  -16.25914 1.0000e-12    35.5302    11.4430    99.6463    220.003  488747591     0.7927     2.2420     4.7072     0.0061     0.0459     0.2321     0.0000     0.0000    11.4430    35.5298    27.1065    5.38555    234.216 0.0000e+00
    223.000    11.4698   4.012540     2.2408     0.0262 178.800855   49.07642  -16.25914 1.0000e-12    35.5296    11.4414    99.6417    220.983  488747594     0.8175     2.2430     4.7069     0.0061     0.0616     0.4600     0.0000     0.0000    11.4414    35.5292    27.1063    5.38146    234.039 0.0000e+00
    224.000    11.4521   4.010708     2.2409     0.0258 178.800865   49.07642  -16.25914 1.0000e-12    35.5284    11.4236    99.6176    221.980  488747595     0.8139     2.2425     4.7057     0.0061     0.0579     0.4877     0.0000     0.0000    11.4236    35.5277    27.1084    5.38766    234.309 0.0000e+00
    225.000    11.4447   4.009998     2.2409     0.0249 178.800875   49.07642  -16.25914 1.0000e-12    35.5281    11.4161    99.6379    222.980  488747596     0.8037     2.2416     4.7067     0.0061     0.0480     0.3462     0.0000     0.0000    11.4161    35.5273    27.1095    5.38938    234.384 0.0000e+00
    226.000    11.4534   4.011021     2.2417     0.0250 178.800899   49.07641  -16.25915 1.0000e-12    35.5290    11.4246    99.6354    223.960  488747598     0.8041     2.2405     4.7066     0.0061     0.0495     0.3430     0.0000     0.0000    11.4246    35.5286    27.1090    5.39335    234.556 0.0000e+00
    227.000    11.4536   4.011064     2.2419     0.0233 178.800932   49.07640  -16.25916 1.0000e-12    35.5287    11.4246    99.6080    224.951  488747601     0.7841     2.2415     4.7053     0.0061     0.0497     0.4130     0.0000     0.0000    11.4246    35.5284    27.1088    5.39151    234.476 0.0000e+00
    228.000    11.4544   4.011167     2.2401     0.0319 178.800970   49.07640  -16.25915 1.0000e-12    35.5284    11.4253    99.6687    225.935  488747604     0.8785     2.2415     4.7082     0.0061     0.0623     0.3082     0.0000     0.0000    11.4253    35.5282    27.1085    5.38442    234.168 0.0000e+00
    229.000    11.4129   4.006462     2.2397     0.0314 178.800988   49.07640  -16.25914 1.0000e-12    35.5223    11.3838    99.6564    226.923  488747606     0.8724     2.2405     4.7076     0.0061     0.0542     0.5182     0.0000     0.0000    11.3838    35.5211    27.1107    5.39471    234.617 0.0000e+00
    230.000    11.3890   4.003757     2.2407     0.0305 178.800999   49.07640  -16.25914 1.0000e-12    35.5185    11.3597    99.6441    227.917  488747607     0.8630     2.2395     4.7070     0.0061     0.0476     0.1776     0.0000     0.0000    11.3598    35.5168    27.1118    5.40601    235.110 0.0000e+00
    231.000    11.3865   4.003491     2.2418     0.0255 178.801010   49.07640  -16.25915 1.0000e-12    35.5176    11.3571    99.6208    228.917  488747608     0.8103     2.2393     4.7059     0.0061     0.0524     0.2615     0.0000     0.0000    11.3571    35.5161    27.1118    5.41228    235.383 0.0000e+00
    232.000    11.3768   4.002408     2.2444     0.0264 178.801029   49.07640  -16.25916 1.0000e-12    35.5156    11.3474    99.6472    229.909  488747609     0.8194     2.2407     4.7072     0.0061     0.0491     0.4160     0.0000     0.0000    11.3474    35.5142    27.1121    5.42058    235.745 0.0000e+00
    233.000    11.3989   4.004984     2.2444     0.0273 178.801088   49.07640  -16.25917 1.0000e-12    35.5183    11.3693    99.6450    230.884  488747614     0.8284     2.2463     4.7071     0.0061     0.0526     0.2468     0.0000     0.0000    11.3693    35.5181    27.1111    5.40434    235.037 0.0000e+00
    234.000    11.3587   4.000323     2.2429     0.0215 178.801103   49.07640  -16.25916 1.0000e-12    35.5112    11.3291    99.6361    231.877  488747616     0.7627     2.2446     4.7066     0.0061     0.0502     0.6078     0.0000     0.0000    11.3291    35.5100    27.1123    5.41389    235.455 0.0000e+00
    235.000    11.3413   3.998457     2.2434     0.0210 178.801114   49.07640  -16.25916 1.0000e-12    35.5093    11.3116    99.6406    232.866  488747617     0.7568     2.2435     4.7068     0.0061     0.0465     0.0629     0.0000     0.0000    11.3116    35.5078    27.1138    5.42168    235.794 0.0000e+00
    236.000    11.3491   3.999522     2.2445     0.0231 178.801124   49.07640  -16.25916 1.0000e-12    35.5116    11.3192    99.6515    233.866  488747617     0.7813     2.2427     4.7074     0.0061     0.0470     0.4167     0.0000     0.0000    11.3192    35.5104    27.1145    5.42424    235.905 0.0000e+00
    237.000    11.3465   3.999363     2.2446     0.0254 178.801135   49.07640  -16.25916 1.0000e-12    35.5121    11.3164    99.6612    234.863  488747618     0.8088     2.2428     4.7078     0.0061     0.0449     0.3566     0.0000     0.0000    11.3164    35.5109    27.1153    5.42308    235.855 0.0000e+00
    238.000    11.3471   3.999402     2.2450     0.0250 178.801169   49.07640  -16.25918 1.0000e-12    35.5110    11.3169    99.6528    235.846  488747621     0.8040     2.2444     4.7074     0.0061     0.0507     0.4498     0.0000     0.0000    11.3169    35.5103    27.1147    5.42541    235.956 0.0000e+00
    239.000    11.3489   3.999605     2.2451     0.0230 178.801215   49.07638  -16.25918 1.0000e-12    35.5106    11.3186    99.6285    236.830  488747625     0.7807     2.2447     4.7063     0.0061     0.0492     0.1944     0.0000     0.0000    11.3186    35.5101    27.1143    5.42171    235.795 0.0000e+00
    240.000    11.3022   3.994299     2.2446     0.0220 178.801230   49.07638  -16.25918 1.0000e-12    35.5034    11.2718    99.6390    237.824  488747627     0.7685     2.2449     4.7068     0.0061     0.0514     0.5740     0.0000     0.0000    11.2719    35.5019    27.1166    5.43047    236.178 0.0000e+00
    241.000    11.2841   3.992364     2.2457     0.0247 178.801245   49.07638  -16.25918 1.0000e-12    35.5014    11.2537    99.6575    238.814  488747628     0.8002     2.2444     4.7077     0.0061     0.0438     0.2772     0.0000     0.0000    11.2537    35.4996    27.1182    5.44599    236.854 0.0000e+00
    242.000    11.2846   3.992471     2.2486     0.0272 178.801260   49.07638  -16.25918 1.0000e-12    35.5011    11.2541    99.6539    239.806  488747629     0.8290     2.2442     4.7075     0.0061     0.0393     0.2852     0.0000     0.0000    11.2541    35.4997    27.1182    5.45402    237.203 0.0000e+00
    243.000    11.2936   3.993619     2.2497     0.0216 178.801278   49.07638  -16.25919 1.0000e-12    35.5030    11.2629    99.6680    240.802  488747631     0.7630     2.2462     4.7082     0.0061     0.0412     0.3745     0.0000     0.0000    11.2629    35.5020    27.1183    5.45212    237.120 0.0000e+00
    244.000    11.2915   3.993395     2.2492     0.0218 178.801335   49.07638  -16.25918 1.0000e-12    35.5018    11.2607    99.6666    241.771  488747636     0.7667     2.2496     4.7081     0.0061     0.0500     0.3504     0.0000     0.0000    11.2607    35.5014    27.1183    5.44749    236.919 0.0000e+00
    245.000    11.3094   3.995772     2.2495     0.0205 178.801341   49.07638  -16.25918 1.0000e-12    35.5073    11.2785    99.6719    242.769  488747636     0.7493     2.2491     4.7083     0.0061     0.0455     0.4931     0.0000     0.0000    11.2784    35.5073    27.1196    5.45204    237.116 0.0000e+00
    246.000    11.3279   3.998154     2.2504     0.0225 178.801349   49.07638  -16.25918 1.0000e-12    35.5123    11.2967    99.6689    243.774  488747637     0.7746     2.2491     4.7082     0.0061     0.0505     0.5177     0.0000     0.0000    11.2967    35.5128    27.1205    5.45674    237.318 0.0000e+00
    247.000    11.3305   3.998531     2.2520     0.0240 178.801360   49.07638  -16.25918 1.0000e-12    35.5131    11.2992    99.6170    244.771  488747638     0.7925     2.2489     4.7057     0.0061     0.0489     0.3287     0.0000     0.0000    11.2992    35.5136    27.1206    5.46176    237.536 0.0000e+00
    248.000    11.3242   3.997709     2.2529     0.0277 178.801394   49.07638  -16.25920 1.0000e-12    35.5108    11.2928    99.6613    245.745  488747641     0.8331     2.2517     4.7078     0.0061     0.0527     0.4357     0.0000     0.0000    11.2928    35.5110    27.1198    5.45589    237.282 0.0000e+00
    249.000    11.3241   3.997809     2.2520     0.0254 178.801429   49.07638  -16.25920 1.0000e-12    35.5115    11.2926    99.6425    246.739  488747644     0.8093     2.2520     4.7069     0.0061     0.0483     0.3537     0.0000     0.0000    11.2926    35.5116    27.1203    5.45600    237.287 0.0000e+00
    250.000    11.3172   3.997206     2.2520     0.0257 178.801461   49.07638  -16.25920 1.0000e-12    35.5120    11.2855    99.6756    247.716  488747647     0.8126     2.2514     4.7085     0.0061     0.0570     0.3683     0.0000     0.0000    11.2855    35.5119    27.1218    5.45618    237.294 0.0000e+00
    251.000    11.3049   3.995896     2.2513     0.0267 178.801472   49.07638  -16.25920 1.0000e-12    35.5107    11.2731    99.6529    248.714  488747648     0.8229     2.2515     4.7074     0.0061     0.0570     0.2110     0.0000     0.0000    11.2731    35.5103    27.1228    5.45571    237.275 0.0000e+00
    252.000    11.3024   3.995624     2.2515     0.0282 178.801482   49.07638  -16.25920 1.0000e-12    35.5099    11.2705    99.6318    249.713  488747648     0.8398     2.2515     4.7064     0.0061     0.0464     0.4355     0.0000     0.0000    11.2705    35.5095    27.1228    5.46189    237.543 0.0000e+00
    253.000    11.3007   3.995458     2.2521     0.0262 178.801503   49.07638  -16.25920 1.0000e-12    35.5094    11.2687    99.6603    250.706  488747650     0.8176     2.2513     4.7078     0.0061     0.0477     0.4966     0.0000     0.0000    11.2687    35.5090    27.1227    5.46211    237.553 0.0000e+00
    254.000    11.3063   3.996126     2.2520     0.0261 178.801547   49.07638  -16.25920 1.0000e-12    35.5099    11.2742    99.6503    251.679  488747654     0.8171     2.2523     4.7073     0.0061     0.0470     0.2969     0.0000     0.0000    11.2742    35.5098    27.1223    5.45985    237.455 0.0000e+00
    255.000    11.2982   3.995291     2.2521     0.0255 178.801558   49.07638  -16.25920 1.0000e-12    35.5092    11.2659    99.6655    252.681  488747655     0.8103     2.2525     4.7080     0.0061     0.0477     0.3507     0.0000     0.0000    11.2659    35.5089    27.1232    5.46383    237.628 0.0000e+00
    256.000    11.2967   3.995200     2.2521     0.0265 178.801578   49.07638  -16.25920 1.0000e-12    35.5092    11.2643    99.6570    253.675  488747657     0.8209     2.2518     4.7076     0.0061     0.0473     0.4078     0.0000     0.0000    11.2643    35.5090    27.1235    5.46456    237.660 0.0000e+00
    257.000    11.3006   3.995649     2.2520     0.0296 178.801620   49.07638  -16.25920 1.0000e-12    35.5093    11.2681    99.6693    254.654  488747660     0.8545     2.2516     4.7082     0.0061     0.0574     0.3697     0.0000     0.0000    11.2680    35.5093    27.1230    5.46429    237.648 0.0000e+00
    258.000    11.2997   3.995777     2.2519     0.0314 178.801638   49.07637  -16.25920 1.0000e-12    35.5110    11.2670    99.6546    255.650  488747662     0.8659     2.2515     4.7075     0.0061     0.0513     0.3408     0.0000     0.0000    11.2670    35.5109    27.1245    5.46388    237.630 0.0000e+00
    259.000    11.3006   3.995954     2.2508     0.0440 178.801657   49.07638  -16.25920 1.0000e-12    35.5114    11.2679    99.6789    256.640  488747664     0.9785     2.2515     4.7087     0.0061     0.0451     0.4489     0.0000     0.0000    11.2679    35.5113    27.1247    5.45559    237.269 0.0000e+00
    260.000    11.2737   3.992812     2.2483     0.0267 178.801675   49.07638  -16.25920 1.0000e-12    35.5062    11.2409    99.6831    257.627  488747665     0.8227     2.2512     4.7089     0.0061     0.0401     0.2615     0.0000     0.0000    11.2409    35.5056    27.1252    5.44831    236.954 0.0000e+00
    261.000    11.2689   3.992316     2.2469     0.0208 178.801688   49.07638  -16.25920 1.0000e-12    35.5055    11.2360    99.6615    258.616  488747666     0.7537     2.2502     4.7079     0.0061     0.0357     0.3504     0.0000     0.0000    11.2360    35.5048    27.1255    5.45086    237.066 0.0000e+00
    262.000    11.2675   3.992199     2.2460     0.0240 178.801701   49.07638  -16.25921 1.0000e-12    35.5053    11.2344    99.6634    259.619  488747667     0.7925     2.2482     4.7079     0.0061     0.0402     0.4762     0.0000     0.0000    11.2344    35.5046    27.1256    5.45159    237.097 0.0000e+00
    263.000    11.2747   3.993094     2.2460     0.0194 178.801761   49.07636  -16.25921 1.0000e-12    35.5064    11.2415    99.6669    260.598  488747672     0.7333     2.2473     4.7081     0.0061     0.0506     0.0829     0.0000     0.0000    11.2415    35.5061    27.1255    5.44907    236.987 0.0000e+00
