Data/ruptures/DY032/PAP/d20150626_DY032_CTD04.cnv
* Sea-Bird SBE 9 Data File:
* FileName = C:\CTD\DY032\20150625_DY032_CTD04.hdr
* Software Version Seasave V 7.23.2
* Temperature SN = 2112
* Conductivity SN = 3159
* Number of Bytes Per Scan = 35
* Number of Voltage Words = 4
* Number of Scans Averaged by the Deck Unit = 1
* NMEA Latitude = 48 50.41 N
* NMEA Longitude = 016 31.53 W
* NMEA UTC (Time) = Jun 26 2015 10:02:19
** Ship:
** Station:
** Operator:
# nquan = 28
# nvalues = 1009                        
# units = specified
# name 0 = prDM: Pressure, Digiquartz [db]
# name 1 = t090C: Temperature [ITS-90, deg C]
# name 2 = c0S/m: Conductivity [S/m]
# name 3 = sbeox0V: Oxygen raw, SBE 43 [V]
# name 4 = flC: Fluorescence, Chelsea Aqua 3 Chl Con [ug/l]
# name 5 = timeJ: Julian Days
# name 6 = latitude: Latitude [deg]
# name 7 = longitude: Longitude [deg]
# name 8 = par: PAR/Irradiance, Biospherical/Licor
# name 9 = sal00: Salinity, Practical [PSU]
# name 10 = potemp090C: Potential Temperature [ITS-90, deg C]
# name 11 = CStarTr0: Beam Transmission, WET Labs C-Star [%]
# name 12 = depSM: Depth [salt water, m]
# name 13 = timeQ: Time, NMEA [seconds]
# name 14 = v0: Voltage 0
# name 15 = v1: Voltage 1
# name 16 = v2: Voltage 2
# name 17 = v3: Voltage 3
# name 18 = v4: Voltage 4
# name 19 = v5: Voltage 5
# name 20 = v6: Voltage 6
# name 21 = v7: Voltage 7
# name 22 = potemp090C: Potential Temperature [ITS-90, deg C]
# name 23 = sal00: Salinity, Practical [PSU]
# name 24 = sigma-é00: Density [sigma-theta, kg/m^3]
# name 25 = sbeox0ML/L: Oxygen, SBE 43 [ml/l], WS = 2
# name 26 = sbeox0Mm/Kg: Oxygen, SBE 43 [umol/kg], WS = 2
# name 27 = flag: flag
# span 0 =      6.000,   1014.000       
# span 1 =     7.5937,    14.9918       
# span 2 =   3.651975,   4.348866       
# span 3 =     1.6853,     2.5810       
# span 4 =     0.0100,     1.7220       
# span 5 = 177.423966, 177.440036       
# span 6 =   48.83940,   48.84010       
# span 7 =  -16.52758,  -16.52552       
# span 8 = -1.373e-06, 4.4186e+01       
# span 9 =    35.1122,    35.5465       
# span 10 =     7.4883,    14.9908      
# span 11 =    87.8979,    99.9282      
# span 12 =      5.945,   1002.983      
# span 13 =  488628631,  488630019      
# span 14 =     0.5861,     2.4641      
# span 15 =     1.6845,     2.5814      
# span 16 =     4.1522,     4.7204      
# span 17 =     0.0061,     2.9464      
# span 18 =     0.0150,     0.2499      
# span 19 =     0.2087,     1.1373      
# span 20 =     0.0000,     0.0000      
# span 21 =     0.0000,     0.0000      
# span 22 =     7.4884,    14.9908      
# span 23 =    35.1092,    35.5386      
# span 24 =    26.3799,    27.5499      
# span 25 =    4.32423,    5.82575      
# span 26 =    188.169,    253.322      
# span 27 = 0.0000e+00, 0.0000e+00      
# interval = decibars: 1                
# start_time = Jun 26 2015 10:10:13 [NMEA time, first data scan]
# bad_flag = -9.990e-29
*END*
[from data line 415]
    421.000    11.0900   3.984669     2.2214     0.0204 177.431720   48.83986  -16.52624 1.0000e-12    35.5305    11.0369    99.7128    417.007  488629301     0.7477     2.2233     4.7102     0.0061     0.0344     0.5983     0.0000     0.0000    11.0369    35.5298    27.1815    5.49998    239.201 0.0000e+00
    422.000    11.0877   3.984460     2.2201     0.0226 177.431734   48.83986  -16.52626 1.0000e-12    35.5301    11.0345    99.7197    417.996  488629302     0.7769     2.2223     4.7106     0.0061     0.0337     0.5994     0.0000     0.0000    11.0345    35.5295    27.1817    5.49436    238.957 0.0000e+00
    423.000    11.0785   3.983438     2.2184     0.0240 177.431745   48.83986  -16.52626 1.0000e-12    35.5285    11.0253    99.7161    418.990  488629303     0.7931     2.2210     4.7104     0.0061     0.0330     0.5999     0.0000     0.0000    11.0253    35.5277    27.1820    5.49236    238.871 0.0000e+00
    424.000    11.0714   3.982702     2.2179     0.0288 177.431756   48.83986  -16.52626 1.0000e-12    35.5276    11.0181    99.6963    419.982  488629304     0.8458     2.2200     4.7095     0.0061     0.0281     0.6008     0.0000     0.0000    11.0181    35.5267    27.1826    5.49703    239.074 0.0000e+00
    425.000    11.0680   3.982405     2.2178     0.0271 177.431769   48.83986  -16.52626 1.0000e-12    35.5274    11.0146    99.7184    420.972  488629305     0.8270     2.2184     4.7105     0.0061     0.0302     0.6020     0.0000     0.0000    11.0146    35.5266    27.1832    5.50116    239.254 0.0000e+00
    426.000    11.0689   3.982558     2.2178     0.0235 177.431787   48.83986  -16.52626 1.0000e-12    35.5275    11.0153    99.7076    421.959  488629306     0.7869     2.2171     4.7100     0.0061     0.0348     0.6027     0.0000     0.0000    11.0153    35.5268    27.1832    5.49608    239.033 0.0000e+00
    427.000    11.0592   3.981526     2.2152     0.0201 177.431805   48.83986  -16.52626 1.0000e-12    35.5262    11.0055    99.7204    422.942  488629308     0.7439     2.2172     4.7106     0.0061     0.0419     0.6042     0.0000     0.0000    11.0055    35.5255    27.1839    5.48354    238.488 0.0000e+00
    428.000    11.0498   3.980500     2.2135     0.0186 177.431818   48.83986  -16.52626 1.0000e-12    35.5248    10.9960    99.7129    423.931  488629309     0.7243     2.2170     4.7102     0.0061     0.0289     0.6054     0.0000     0.0000    10.9960    35.5239    27.1844    5.48328    238.477 0.0000e+00
    429.000    11.0472   3.980250     2.2125     0.0206 177.431828   48.83986  -16.52626 1.0000e-12    35.5242    10.9933    99.7026    424.926  488629310     0.7505     2.2153     4.7098     0.0061     0.0285     0.6058     0.0000     0.0000    10.9933    35.5234    27.1845    5.48103    238.379 0.0000e+00
    430.000    11.0434   3.979854     2.2112     0.0208 177.431839   48.83986  -16.52626 1.0000e-12    35.5236    10.9893    99.7220    425.924  488629311     0.7537     2.2138     4.7107     0.0061     0.0317     0.6068     0.0000     0.0000    10.9893    35.5227    27.1847    5.47648    238.182 0.0000e+00
    431.000    11.0324   3.978674     2.2088     0.0251 177.431856   48.83986  -16.52626 1.0000e-12    35.5221    10.9782    99.7221    426.909  488629312     0.8052     2.2118     4.7107     0.0061     0.0287     0.6077     0.0000     0.0000    10.9782    35.5211    27.1855    5.47172    237.975 0.0000e+00
    432.000    11.0333   3.978798     2.2062     0.0265 177.431880   48.83986  -16.52626 1.0000e-12    35.5217    10.9791    99.7276    427.887  488629315     0.8209     2.2088     4.7109     0.0061     0.0331     0.6086     0.0000     0.0000    10.9791    35.5210    27.1852    5.46623    237.737 0.0000e+00
    433.000    11.0232   3.977717     2.2057     0.0301 177.431892   48.83985  -16.52626 1.0000e-12    35.5204    10.9688    99.7442    428.876  488629316     0.8593     2.2075     4.7117     0.0061     0.0312     0.6097     0.0000     0.0000    10.9688    35.5196    27.1860    5.46767    237.800 0.0000e+00
    434.000    11.0183   3.977272     2.2047     0.0305 177.431901   48.83984  -16.52627 1.0000e-12    35.5202    10.9638    99.7450    429.871  488629316     0.8629     2.2062     4.7117     0.0061     0.0292     0.6105     0.0000     0.0000    10.9639    35.5193    27.1868    5.46606    237.730 0.0000e+00
    435.000    11.0180   3.977300     2.2045     0.0282 177.431910   48.83984  -16.52628 1.0000e-12    35.5203    10.9634    99.7275    430.870  488629317     0.8400     2.2053     4.7109     0.0061     0.0280     0.6114     0.0000     0.0000    10.9634    35.5195    27.1869    5.47023    237.911 0.0000e+00
    436.000    11.0174   3.977306     2.2046     0.0242 177.431921   48.83984  -16.52628 1.0000e-12    35.5204    10.9627    99.7218    431.863  488629318     0.7948     2.2049     4.7107     0.0061     0.0302     0.6121     0.0000     0.0000    10.9627    35.5197    27.1872    5.47172    237.976 0.0000e+00
    437.000    11.0170   3.977324     2.2046     0.0229 177.431939   48.83984  -16.52628 1.0000e-12    35.5204    10.9622    99.7206    432.843  488629320     0.7801     2.2039     4.7106     0.0061     0.0299     0.6129     0.0000     0.0000    10.9622    35.5198    27.1874    5.47215    237.995 0.0000e+00
    438.000    11.0180   3.977456     2.2046     0.0220 177.431959   48.83984  -16.52628 1.0000e-12    35.5202    10.9630    99.7043    433.822  488629321     0.7690     2.2039     4.7098     0.0061     0.0342     0.6137     0.0000     0.0000    10.9630    35.5197    27.1872    5.47416    238.082 0.0000e+00
    439.000    11.0226   3.978175     2.2051     0.0219 177.431970   48.83984  -16.52628 1.0000e-12    35.5223    10.9674    99.7154    434.816  488629322     0.7672     2.2039     4.7104     0.0061     0.0315     0.6149     0.0000     0.0000    10.9674    35.5221    27.1882    5.47868    238.278 0.0000e+00
    440.000    11.0234   3.978337     2.2057     0.0220 177.431979   48.83984  -16.52628 1.0000e-12    35.5226    10.9682    99.7205    435.811  488629323     0.7693     2.2038     4.7106     0.0061     0.0263     0.6157     0.0000     0.0000    10.9682    35.5224    27.1883    5.47990    238.331 0.0000e+00
    441.000    11.0214   3.978151     2.2057     0.0223 177.431989   48.83984  -16.52628 1.0000e-12    35.5223    10.9661    99.6772    436.809  488629324     0.7727     2.2039     4.7086     0.0061     0.0270     0.6168     0.0000     0.0000    10.9661    35.5220    27.1884    5.47456    238.099 0.0000e+00
    442.000    11.0093   3.976790     2.2042     0.0214 177.432008   48.83984  -16.52629 1.0000e-12    35.5201    10.9538    99.7151    437.794  488629326     0.7614     2.2047     4.7103     0.0061     0.0301     0.6177     0.0000     0.0000    10.9538    35.5197    27.1888    5.47087    237.939 0.0000e+00
    443.000    11.0117   3.977098     2.2025     0.0194 177.432035   48.83984  -16.52630 1.0000e-12    35.5203    10.9561    99.7222    438.770  488629328     0.7354     2.2037     4.7107     0.0061     0.0364     0.6188     0.0000     0.0000    10.9561    35.5200    27.1887    5.46458    237.665 0.0000e+00
    444.000    10.9985   3.975621     2.2009     0.0187 177.432048   48.83984  -16.52630 1.0000e-12    35.5181    10.9428    99.7421    439.763  488629329     0.7258     2.2026     4.7116     0.0061     0.0334     0.6199     0.0000     0.0000    10.9428    35.5175    27.1892    5.46124    237.521 0.0000e+00
    445.000    10.9858   3.974222     2.2002     0.0211 177.432058   48.83984  -16.52630 1.0000e-12    35.5162    10.9300    99.7233    440.751  488629330     0.7579     2.2022     4.7107     0.0061     0.0325     0.6210     0.0000     0.0000    10.9300    35.5154    27.1898    5.45932    237.438 0.0000e+00
    446.000    10.9833   3.973984     2.1988     0.0189 177.432067   48.83984  -16.52630 1.0000e-12    35.5158    10.9274    99.7409    441.749  488629331     0.7290     2.2016     4.7115     0.0061     0.0238     0.6216     0.0000     0.0000    10.9274    35.5150    27.1900    5.45772    237.369 0.0000e+00
    447.000    10.9796   3.973635     2.1985     0.0188 177.432076   48.83984  -16.52630 1.0000e-12    35.5154    10.9236    99.7400    442.746  488629331     0.7269     2.2002     4.7115     0.0061     0.0349     0.6224     0.0000     0.0000    10.9236    35.5146    27.1904    5.46210    237.559 0.0000e+00
    448.000    10.9785   3.973579     2.1983     0.0216 177.432088   48.83984  -16.52630 1.0000e-12    35.5154    10.9224    99.7460    443.734  488629332     0.7617     2.1991     4.7118     0.0061     0.0301     0.6234     0.0000     0.0000    10.9224    35.5147    27.1907    5.46386    237.636 0.0000e+00
    449.000    10.9808   3.973914     2.1983     0.0250 177.432112   48.83984  -16.52630 1.0000e-12    35.5159    10.9245    99.7469    444.711  488629335     0.8046     2.1976     4.7118     0.0061     0.0323     0.6240     0.0000     0.0000    10.9245    35.5153    27.1908    5.46191    237.551 0.0000e+00
    450.000    10.9795   3.973809     2.1964     0.0254 177.432130   48.83982  -16.52630 1.0000e-12    35.5156    10.9231    99.7496    445.697  488629336     0.8087     2.1977     4.7120     0.0061     0.0296     0.6249     0.0000     0.0000    10.9231    35.5151    27.1909    5.45362    237.190 0.0000e+00
    451.000    10.9680   3.972543     2.1962     0.0266 177.432140   48.83982  -16.52630 1.0000e-12    35.5138    10.9115    99.7477    446.692  488629337     0.8226     2.1978     4.7119     0.0061     0.0287     0.6265     0.0000     0.0000    10.9115    35.5132    27.1915    5.46614    237.736 0.0000e+00
    452.000    10.9755   3.973601     2.1976     0.0243 177.432150   48.83982  -16.52630 1.0000e-12    35.5164    10.9188    99.7476    447.688  488629338     0.7964     2.1970     4.7119     0.0061     0.0303     0.6272     0.0000     0.0000    10.9188    35.5160    27.1924    5.47337    238.049 0.0000e+00
    453.000    10.9834   3.974657     2.1987     0.0239 177.432162   48.83982  -16.52630 1.0000e-12    35.5186    10.9267    99.7507    448.681  488629339     0.7913     2.1956     4.7120     0.0061     0.0280     0.6284     0.0000     0.0000    10.9267    35.5184    27.1928    5.47358    238.058 0.0000e+00
    454.000    10.9860   3.975062     2.1999     0.0192 177.432183   48.83982  -16.52632 1.0000e-12    35.5196    10.9291    99.7308    449.656  488629341     0.7323     2.1973     4.7111     0.0061     0.0300     0.6295     0.0000     0.0000    10.9291    35.5196    27.1932    5.47417    238.084 0.0000e+00
    455.000    10.9860   3.975123     2.2001     0.0163 177.432199   48.83982  -16.52632 1.0000e-12    35.5198    10.9290    99.7513    450.645  488629342     0.6912     2.1984     4.7120     0.0061     0.0274     0.6302     0.0000     0.0000    10.9290    35.5197    27.1934    5.47835    238.265 0.0000e+00
    456.000    10.9828   3.974877     2.2010     0.0183 177.432209   48.83982  -16.52632 1.0000e-12    35.5200    10.9256    99.7368    451.636  488629343     0.7184     2.1990     4.7114     0.0061     0.0265     0.6314     0.0000     0.0000    10.9257    35.5199    27.1941    5.48109    238.384 0.0000e+00
    457.000    10.9812   3.974728     2.2010     0.0197 177.432218   48.83982  -16.52632 1.0000e-12    35.5196    10.9240    99.7206    452.634  488629344     0.7393     2.1990     4.7106     0.0061     0.0293     0.6321     0.0000     0.0000    10.9240    35.5195    27.1941    5.47860    238.276 0.0000e+00
    458.000    10.9807   3.974724     2.2008     0.0261 177.432228   48.83982  -16.52632 1.0000e-12    35.5197    10.9233    99.7195    453.627  488629345     0.8164     2.1994     4.7105     0.0061     0.0296     0.6328     0.0000     0.0000    10.9233    35.5195    27.1943    5.47826    238.261 0.0000e+00
    459.000    10.9752   3.974091     2.2003     0.0273 177.432243   48.83982  -16.52632 1.0000e-12    35.5184    10.9176    99.7241    454.614  488629346     0.8298     2.2001     4.7108     0.0061     0.0331     0.6336     0.0000     0.0000    10.9176    35.5181    27.1942    5.47556    238.144 0.0000e+00
    460.000    10.9740   3.973954     2.1989     0.0269 177.432265   48.83982  -16.52632 1.0000e-12    35.5177    10.9164    99.7350    455.595  488629348     0.8257     2.1998     4.7113     0.0061     0.0328     0.6346     0.0000     0.0000    10.9164    35.5174    27.1939    5.46782    237.808 0.0000e+00
    461.000    10.9626   3.972660     2.1964     0.0238 177.432282   48.83982  -16.52632 1.0000e-12    35.5155    10.9048    99.7508    456.581  488629349     0.7904     2.1990     4.7120     0.0061     0.0313     0.6358     0.0000     0.0000    10.9048    35.5151    27.1942    5.46040    237.486 0.0000e+00
    462.000    10.9465   3.970834     2.1954     0.0250 177.432294   48.83982  -16.52632 1.0000e-12    35.5127    10.8887    99.7407    457.576  488629350     0.8041     2.1982     4.7115     0.0061     0.0269     0.6366     0.0000     0.0000    10.8887    35.5119    27.1946    5.46132    237.527 0.0000e+00
    463.000    10.9461   3.970834     2.1940     0.0276 177.432304   48.83982  -16.52634 1.0000e-12    35.5126    10.8881    99.7034    458.567  488629351     0.8331     2.1967     4.7098     0.0061     0.0256     0.6375     0.0000     0.0000    10.8881    35.5119    27.1947    5.45805    237.384 0.0000e+00
    464.000    10.9424   3.970452     2.1930     0.0250 177.432316   48.83982  -16.52634 1.0000e-12    35.5119    10.8844    99.7242    459.560  488629352     0.8045     2.1952     4.7108     0.0061     0.0317     0.6385     0.0000     0.0000    10.8844    35.5111    27.1948    5.45573    237.284 0.0000e+00
    465.000    10.9354   3.969669     2.1915     0.0199 177.432332   48.83982  -16.52634 1.0000e-12    35.5104    10.8772    99.7448    460.544  488629354     0.7398     2.1934     4.7117     0.0061     0.0284     0.6392     0.0000     0.0000    10.8772    35.5096    27.1949    5.45419    237.217 0.0000e+00
    466.000    10.9354   3.969684     2.1899     0.0177 177.432348   48.83982  -16.52634 1.0000e-12    35.5100    10.8771    99.7355    461.534  488629355     0.7108     2.1918     4.7113     0.0061     0.0260     0.6401     0.0000     0.0000    10.8771    35.5093    27.1947    5.44683    236.897 0.0000e+00
    467.000    10.9228   3.968275     2.1882     0.0207 177.432363   48.83982  -16.52634 1.0000e-12    35.5078    10.8644    99.7559    462.521  488629356     0.7524     2.1907     4.7123     0.0061     0.0257     0.6411     0.0000     0.0000    10.8644    35.5070    27.1952    5.44227    236.700 0.0000e+00
    468.000    10.9160   3.967562     2.1864     0.0208 177.432375   48.83982  -16.52634 1.0000e-12    35.5069    10.8575    99.7702    463.508  488629357     0.7537     2.1893     4.7130     0.0061     0.0256     0.6419     0.0000     0.0000    10.8575    35.5060    27.1956    5.43981    236.593 0.0000e+00
    469.000    10.9039   3.966231     2.1853     0.0205 177.432386   48.83982  -16.52634 1.0000e-12    35.5050    10.8454    99.7712    464.505  488629358     0.7493     2.1883     4.7130     0.0061     0.0311     0.6433     0.0000     0.0000    10.8454    35.5038    27.1962    5.43836    236.531 0.0000e+00
    470.000    10.8965   3.965427     2.1841     0.0194 177.432397   48.83982  -16.52636 1.0000e-12    35.5037    10.8379    99.7686    465.497  488629359     0.7354     2.1864     4.7129     0.0061     0.0294     0.6444     0.0000     0.0000    10.8379    35.5025    27.1965    5.43847    236.536 0.0000e+00
    471.000    10.8950   3.965282     2.1829     0.0192 177.432416   48.83982  -16.52636 1.0000e-12    35.5031    10.8362    99.7722    466.482  488629361     0.7326     2.1844     4.7131     0.0061     0.0290     0.6448     0.0000     0.0000    10.8362    35.5021    27.1965    5.43741    236.490 0.0000e+00
