Data/ruptures/DY032/PAP/d20150626_DY032_CTD04.cnv
* Sea-Bird SBE 9 Data File:
* FileName = C:\CTD\DY032\20150625_DY032_CTD04.hdr
* Software Version Seasave V 7.23.2
* Temperature SN = 2112
* Conductivity SN = 3159
* Number of Bytes Per Scan = 35
* Number of Voltage Words = 4
* Number of Scans Averaged by the Deck Unit = 1
* NMEA Latitude = 48 50.41 N
* NMEA Longitude = 016 31.53 W
* NMEA UTC (Time) = Jun 26 2015 10:02:19
** Ship:
** Station:
** Operator:
# nquan = 28
# nvalues = 1009                        
# units = specified
# name 0 = prDM: Pressure, Digiquartz [db]
# name 1 = t090C: Temperature [ITS-90, deg C]
# name 2 = c0S/m: Conductivity [S/m]
# name 3 = sbeox0V: Oxygen raw, SBE 43 [V]
# name 4 = flC: Fluorescence, Chelsea Aqua 3 Chl Con [ug/l]
# name 5 = timeJ: Julian Days
# name 6 = latitude: Latitude [deg]
# name 7 = longitude: Longitude [deg]
# name 8 = par: PAR/Irradiance, Biospherical/Licor
# name 9 = sal00: Salinity, Practical [PSU]
# name 10 = potemp090C: Potential Temperature [ITS-90, deg C]
# name 11 = CStarTr0: Beam Transmission, WET Labs C-Star [%]
# name 12 = depSM: Depth [salt water, m]
# name 13 = timeQ: Time, NMEA [seconds]
# name 14 = v0: Voltage 0
# name 15 = v1: Voltage 1
# name 16 = v2: Voltage 2
# name 17 = v3: Voltage 3
# name 18 = v4: Voltage 4
# name 19 = v5: Voltage 5
# name 20 = v6: Voltage 6
# name 21 = v7: Voltage 7
# name 22 = potemp090C: Potential Temperature [ITS-90, deg C]
# name 23 = sal00: Salinity, Practical [PSU]
# name 24 = sigma-é00: Density [sigma-theta, kg/m^3]
# name 25 = sbeox0ML/L: Oxygen, SBE 43 [ml/l], WS = 2
# name 26 = sbeox0Mm/Kg: Oxygen, SBE 43 [umol/kg], WS = 2
# name 27 = flag: flag
# span 0 =      6.000,   1014.000       
# span 1 =     7.5937,    14.9918       
# span 2 =   3.651975,   4.348866       
# span 3 =     1.6853,     2.5810       
# span 4 =     0.0100,     1.7220       
# span 5 = 177.423966, 177.440036       
# span 6 =   48.83940,   48.84010       
# span 7 =  -16.52758,  -16.52552       
# span 8 = -1.373e-06, 4.4186e+01       
# span 9 =    35.1122,    35.5465       
# span 10 =     7.4883,    14.9908      
# span 11 =    87.8979,    99.9282      
# span 12 =      5.945,   1002.983      
# span 13 =  488628631,  488630019      
# span 14 =     0.5861,     2.4641      
# span 15 =     1.6845,     2.5814      
# span 16 =     4.1522,     4.7204      
# span 17 =     0.0061,     2.9464      
# span 18 =     0.0150,     0.2499      
# span 19 =     0.2087,     1.1373      
# span 20 =     0.0000,     0.0000      
# span 21 =     0.0000,     0.0000      
# span 22 =     7.4884,    14.9908      
# span 23 =    35.1092,    35.5386      
# span 24 =    26.3799,    27.5499      
# span 25 =    4.32423,    5.82575      
# span 26 =    188.169,    253.322      
# span 27 = 0.0000e+00, 0.0000e+00      
# interval = decibars: 1                
# start_time = Jun 26 2015 10:10:13 [NMEA time, first data scan]
# bad_flag = -9.990e-29
*END*
[from data line 208]
    214.000    11.2974   3.992229     2.2656     0.0264 177.428829   48.84002  -16.52578 1.0000e-12    35.4980    11.2704    99.6667    212.078  488629051     0.8204     2.2648     4.7081     0.0061     0.0431     0.4075     0.0000     0.0000    11.2704    35.4976    27.1135    5.47935    238.305 0.0000e+00
    215.000    11.2986   3.992440     2.2655     0.0264 177.428839   48.84002  -16.52580 1.0000e-12    35.4984    11.2714    99.6665    213.076  488629052     0.8209     2.2650     4.7081     0.0061     0.0450     0.4088     0.0000     0.0000    11.2714    35.4981    27.1137    5.48018    238.342 0.0000e+00
    216.000    11.2971   3.992358     2.2661     0.0287 177.428852   48.84002  -16.52580 1.0000e-12    35.4986    11.2698    99.6634    214.067  488629053     0.8446     2.2652     4.7079     0.0061     0.0427     0.4097     0.0000     0.0000    11.2698    35.4983    27.1142    5.48284    238.457 0.0000e+00
    217.000    11.2967   3.992359     2.2661     0.0325 177.428878   48.84002  -16.52580 1.0000e-12    35.4984    11.2693    99.6540    215.046  488629055     0.8826     2.2658     4.7075     0.0061     0.0421     0.4105     0.0000     0.0000    11.2693    35.4982    27.1142    5.47971    238.321 0.0000e+00
    218.000    11.2898   3.991607     2.2651     0.0345 177.428896   48.84002  -16.52579 1.0000e-12    35.4973    11.2623    99.6505    216.030  488629057     0.9013     2.2660     4.7073     0.0061     0.0506     0.4115     0.0000     0.0000    11.2623    35.4969    27.1145    5.47994    238.331 0.0000e+00
    219.000    11.2796   3.990610     2.2654     0.0310 177.428906   48.84002  -16.52579 1.0000e-12    35.4970    11.2520    99.6693    217.022  488629058     0.8687     2.2662     4.7082     0.0061     0.0413     0.4119     0.0000     0.0000    11.2520    35.4964    27.1160    5.48836    238.698 0.0000e+00
    220.000    11.2904   3.992005     2.2665     0.0314 177.428914   48.84002  -16.52580 1.0000e-12    35.4996    11.2627    99.6656    218.020  488629058     0.8726     2.2657     4.7080     0.0061     0.0415     0.4130     0.0000     0.0000    11.2627    35.4994    27.1163    5.49254    238.879 0.0000e+00
    221.000    11.3093   3.994541     2.2671     0.0280 177.428922   48.84002  -16.52580 1.0000e-12    35.5057    11.2813    99.6427    219.013  488629059     0.8370     2.2648     4.7070     0.0061     0.0468     0.4141     0.0000     0.0000    11.2813    35.5060    27.1180    5.49265    238.882 0.0000e+00
    222.000    11.3107   3.994882     2.2682     0.0297 177.428930   48.84002  -16.52580 1.0000e-12    35.5072    11.2827    99.6342    220.013  488629060     0.8554     2.2650     4.7066     0.0061     0.0386     0.4151     0.0000     0.0000    11.2827    35.5075    27.1189    5.49585    239.021 0.0000e+00
    223.000    11.3061   3.994422     2.2688     0.0296 177.428943   48.84002  -16.52580 1.0000e-12    35.5068    11.2779    99.6304    221.004  488629061     0.8543     2.2662     4.7064     0.0061     0.0408     0.4161     0.0000     0.0000    11.2780    35.5069    27.1194    5.49475    238.973 0.0000e+00
    224.000    11.3055   3.994191     2.2686     0.0279 177.428987   48.84002  -16.52580 1.0000e-12    35.5048    11.2772    99.6529    221.973  488629065     0.8350     2.2689     4.7075     0.0061     0.0392     0.4166     0.0000     0.0000    11.2771    35.5048    27.1179    5.48937    238.740 0.0000e+00
    225.000    11.3061   3.994452     2.2668     0.0250 177.429000   48.84002  -16.52580 1.0000e-12    35.5062    11.2776    99.5927    222.965  488629066     0.8051     2.2686     4.7046     0.0061     0.0395     0.4178     0.0000     0.0000    11.2776    35.5064    27.1190    5.48057    238.356 0.0000e+00
    226.000    11.3177   3.996191     2.2659     0.0247 177.429009   48.84002  -16.52580 1.0000e-12    35.5117    11.2891    99.6176    223.957  488629066     0.8014     2.2685     4.7057     0.0061     0.0362     0.4188     0.0000     0.0000    11.2891    35.5121    27.1213    5.47932    238.301 0.0000e+00
    227.000    11.3161   3.996108     2.2654     0.0265 177.429017   48.84002  -16.52580 1.0000e-12    35.5120    11.2874    99.6302    224.952  488629067     0.8216     2.2681     4.7064     0.0061     0.0354     0.4197     0.0000     0.0000    11.2874    35.5123    27.1218    5.47998    238.329 0.0000e+00
    228.000    11.3153   3.996065     2.2651     0.0267 177.429025   48.84002  -16.52580 1.0000e-12    35.5119    11.2865    99.6234    225.948  488629068     0.8241     2.2670     4.7060     0.0061     0.0345     0.4204     0.0000     0.0000    11.2865    35.5121    27.1218    5.48100    238.374 0.0000e+00
    229.000    11.3122   3.995820     2.2646     0.0276 177.429033   48.84002  -16.52580 1.0000e-12    35.5121    11.2833    99.6174    226.944  488629069     0.8339     2.2662     4.7057     0.0061     0.0359     0.4212     0.0000     0.0000    11.2833    35.5123    27.1225    5.47975    238.320 0.0000e+00
    230.000    11.3112   3.995794     2.2641     0.0273 177.429045   48.84002  -16.52581 1.0000e-12    35.5125    11.2821    99.6172    227.937  488629070     0.8306     2.2652     4.7057     0.0061     0.0412     0.4223     0.0000     0.0000    11.2821    35.5126    27.1230    5.48130    238.387 0.0000e+00
    231.000    11.3118   3.995766     2.2642     0.0281 177.429081   48.84002  -16.52582 1.0000e-12    35.5112    11.2826    99.6259    228.909  488629073     0.8385     2.2640     4.7061     0.0061     0.0360     0.4237     0.0000     0.0000    11.2825    35.5113    27.1219    5.48149    238.396 0.0000e+00
    232.000    11.3113   3.995825     2.2633     0.0270 177.429101   48.84002  -16.52580 1.0000e-12    35.5119    11.2819    99.6352    229.892  488629074     0.8263     2.2641     4.7066     0.0061     0.0448     0.4246     0.0000     0.0000    11.2819    35.5119    27.1225    5.47641    238.175 0.0000e+00
    233.000    11.3038   3.995239     2.2628     0.0282 177.429109   48.84002  -16.52580 1.0000e-12    35.5129    11.2743    99.6167    230.891  488629075     0.8392     2.2644     4.7057     0.0061     0.0430     0.4255     0.0000     0.0000    11.2743    35.5128    27.1246    5.47966    238.316 0.0000e+00
    234.000    11.3048   3.995426     2.2628     0.0296 177.429116   48.84000  -16.52580 1.0000e-12    35.5133    11.2752    99.6379    231.876  488629076     0.8540     2.2639     4.7067     0.0061     0.0361     0.4261     0.0000     0.0000    11.2753    35.5132    27.1248    5.48204    238.419 0.0000e+00
    235.000    11.3091   3.996027     2.2629     0.0317 177.429122   48.84000  -16.52580 1.0000e-12    35.5147    11.2794    99.6230    232.888  488629076     0.8748     2.2637     4.7060     0.0061     0.0380     0.4270     0.0000     0.0000    11.2793    35.5147    27.1251    5.48178    238.407 0.0000e+00
    236.000    11.3111   3.996356     2.2627     0.0309 177.429130   48.84000  -16.52580 1.0000e-12    35.5155    11.2812    99.6174    233.883  488629077     0.8670     2.2629     4.7057     0.0061     0.0507     0.4281     0.0000     0.0000    11.2812    35.5156    27.1255    5.47863    238.271 0.0000e+00
    237.000    11.3127   3.996742     2.2618     0.0310 177.429140   48.84000  -16.52581 1.0000e-12    35.5173    11.2827    99.6225    234.869  488629078     0.8682     2.2625     4.7060     0.0061     0.0407     0.4287     0.0000     0.0000    11.2828    35.5173    27.1266    5.47486    238.106 0.0000e+00
    238.000    11.3131   3.996843     2.2600     0.0275 177.429158   48.84000  -16.52582 1.0000e-12    35.5175    11.2829    99.6357    235.850  488629079     0.8323     2.2623     4.7066     0.0061     0.0393     0.4300     0.0000     0.0000    11.2829    35.5176    27.1267    5.46905    237.853 0.0000e+00
    239.000    11.3127   3.996805     2.2598     0.0275 177.429180   48.84000  -16.52582 1.0000e-12    35.5171    11.2825    99.6402    236.835  488629081     0.8318     2.2604     4.7069     0.0061     0.0446     0.4310     0.0000     0.0000    11.2824    35.5171    27.1265    5.47531    238.126 0.0000e+00
    240.000    11.3155   3.997351     2.2591     0.0300 177.429200   48.84000  -16.52582 1.0000e-12    35.5193    11.2851    99.6318    237.830  488629083     0.8577     2.2591     4.7064     0.0061     0.0392     0.4320     0.0000     0.0000    11.2851    35.5194    27.1277    5.46874    237.840 0.0000e+00
    241.000    11.3180   3.997777     2.2573     0.0320 177.429216   48.84000  -16.52582 1.0000e-12    35.5206    11.2875    99.6254    238.817  488629084     0.8773     2.2595     4.7061     0.0061     0.0365     0.4332     0.0000     0.0000    11.2875    35.5208    27.1284    5.45979    237.450 0.0000e+00
    242.000    11.3193   3.997981     2.2563     0.0293 177.429228   48.84000  -16.52582 1.0000e-12    35.5209    11.2887    99.6549    239.807  488629085     0.8512     2.2589     4.7076     0.0061     0.0374     0.4340     0.0000     0.0000    11.2887    35.5211    27.1284    5.46087    237.497 0.0000e+00
    243.000    11.3195   3.998074     2.2558     0.0262 177.429239   48.84000  -16.52582 1.0000e-12    35.5213    11.2887    99.6677    240.798  488629086     0.8181     2.2580     4.7081     0.0061     0.0328     0.4349     0.0000     0.0000    11.2887    35.5214    27.1286    5.46114    237.509 0.0000e+00
    244.000    11.3186   3.998033     2.2552     0.0230 177.429249   48.84000  -16.52582 1.0000e-12    35.5213    11.2877    99.6408    241.795  488629087     0.7818     2.2566     4.7068     0.0061     0.0344     0.4358     0.0000     0.0000    11.2877    35.5214    27.1289    5.45815    237.379 0.0000e+00
    245.000    11.3169   3.997931     2.2544     0.0235 177.429261   48.84000  -16.52584 1.0000e-12    35.5215    11.2859    99.6268    242.785  488629088     0.7872     2.2558     4.7062     0.0061     0.0426     0.4367     0.0000     0.0000    11.2859    35.5216    27.1293    5.45909    237.419 0.0000e+00
    246.000    11.3123   3.997519     2.2543     0.0252 177.429275   48.84000  -16.52584 1.0000e-12    35.5215    11.2812    99.6528    243.772  488629089     0.8062     2.2551     4.7075     0.0061     0.0362     0.4374     0.0000     0.0000    11.2811    35.5215    27.1301    5.46255    237.570 0.0000e+00
    247.000    11.3073   3.997091     2.2549     0.0258 177.429290   48.84000  -16.52584 1.0000e-12    35.5218    11.2760    99.6772    244.764  488629091     0.8133     2.2541     4.7086     0.0061     0.0350     0.4383     0.0000     0.0000    11.2760    35.5216    27.1312    5.47165    237.966 0.0000e+00
    248.000    11.3071   3.997250     2.2573     0.0247 177.429308   48.84000  -16.52584 1.0000e-12    35.5231    11.2757    99.6480    245.754  488629092     0.8009     2.2540     4.7072     0.0061     0.0342     0.4392     0.0000     0.0000    11.2757    35.5229    27.1322    5.47992    238.325 0.0000e+00
    249.000    11.3093   3.997538     2.2584     0.0218 177.429327   48.84000  -16.52584 1.0000e-12    35.5233    11.2778    99.6253    246.735  488629094     0.7669     2.2557     4.7061     0.0061     0.0296     0.4401     0.0000     0.0000    11.2778    35.5232    27.1321    5.48076    238.362 0.0000e+00
    250.000    11.3076   3.997549     2.2592     0.0230 177.429340   48.84000  -16.52584 1.0000e-12    35.5246    11.2760    99.6642    247.728  488629095     0.7806     2.2573     4.7080     0.0061     0.0381     0.4409     0.0000     0.0000    11.2760    35.5245    27.1334    5.48261    238.442 0.0000e+00
    251.000    11.3050   3.997318     2.2592     0.0301 177.429350   48.84000  -16.52586 1.0000e-12    35.5244    11.2732    99.6689    248.719  488629096     0.8589     2.2577     4.7082     0.0061     0.0366     0.4419     0.0000     0.0000    11.2732    35.5243    27.1338    5.48247    238.436 0.0000e+00
    252.000    11.3036   3.997232     2.2593     0.0304 177.429358   48.84000  -16.52586 1.0000e-12    35.5245    11.2717    99.6476    249.711  488629097     0.8621     2.2582     4.7072     0.0061     0.0344     0.4431     0.0000     0.0000    11.2717    35.5243    27.1340    5.48676    238.623 0.0000e+00
    253.000    11.3011   3.997018     2.2602     0.0298 177.429367   48.83999  -16.52586 1.0000e-12    35.5244    11.2690    99.6585    250.714  488629097     0.8563     2.2587     4.7077     0.0061     0.0368     0.4442     0.0000     0.0000    11.2691    35.5242    27.1344    5.49182    238.843 0.0000e+00
    254.000    11.2999   3.996943     2.2607     0.0335 177.429378   48.83998  -16.52586 1.0000e-12    35.5244    11.2677    99.6684    251.702  488629098     0.8923     2.2589     4.7082     0.0061     0.0402     0.4452     0.0000     0.0000    11.2677    35.5241    27.1346    5.49262    238.878 0.0000e+00
    255.000    11.3010   3.997099     2.2613     0.0282 177.429403   48.83998  -16.52586 1.0000e-12    35.5243    11.2687    99.6677    252.685  488629100     0.8392     2.2602     4.7081     0.0061     0.0382     0.4458     0.0000     0.0000    11.2687    35.5242    27.1345    5.49016    238.771 0.0000e+00
    256.000    11.3015   3.997240     2.2603     0.0295 177.429426   48.83998  -16.52588 1.0000e-12    35.5247    11.2691    99.6690    253.664  488629102     0.8530     2.2614     4.7082     0.0061     0.0296     0.4469     0.0000     0.0000    11.2691    35.5246    27.1348    5.48900    238.720 0.0000e+00
    257.000    11.3016   3.997477     2.2604     0.0327 177.429437   48.83998  -16.52588 1.0000e-12    35.5265    11.2691    99.6832    254.665  488629103     0.8847     2.2609     4.7089     0.0061     0.0300     0.4483     0.0000     0.0000    11.2691    35.5264    27.1362    5.49273    238.882 0.0000e+00
    258.000    11.2998   3.997369     2.2612     0.0266 177.429446   48.83998  -16.52588 1.0000e-12    35.5267    11.2672    99.6714    255.662  488629104     0.8224     2.2601     4.7083     0.0061     0.0358     0.4490     0.0000     0.0000    11.2672    35.5266    27.1367    5.49944    239.174 0.0000e+00
    259.000    11.2964   3.997097     2.2624     0.0234 177.429460   48.83998  -16.52588 1.0000e-12    35.5269    11.2637    99.6648    256.651  488629105     0.7864     2.2601     4.7080     0.0061     0.0397     0.4496     0.0000     0.0000    11.2637    35.5267    27.1374    5.50304    239.330 0.0000e+00
    260.000    11.2973   3.997227     2.2631     0.0225 177.429477   48.83998  -16.52588 1.0000e-12    35.5269    11.2644    99.6621    257.627  488629107     0.7742     2.2610     4.7079     0.0061     0.0428     0.4506     0.0000     0.0000    11.2644    35.5268    27.1373    5.50139    239.259 0.0000e+00
    261.000    11.2952   3.997095     2.2628     0.0250 177.429488   48.83998  -16.52588 1.0000e-12    35.5272    11.2622    99.6469    258.619  488629108     0.8051     2.2622     4.7072     0.0061     0.0398     0.4513     0.0000     0.0000    11.2622    35.5270    27.1379    5.49957    239.180 0.0000e+00
    262.000    11.2894   3.996539     2.2626     0.0236 177.429497   48.83998  -16.52588 1.0000e-12    35.5269    11.2563    99.6693    259.616  488629109     0.7882     2.2625     4.7082     0.0061     0.0416     0.4523     0.0000     0.0000    11.2563    35.5266    27.1387    5.50484    239.409 0.0000e+00
    263.000    11.2885   3.996490     2.2636     0.0242 177.429506   48.83998  -16.52588 1.0000e-12    35.5268    11.2553    99.6689    260.614  488629109     0.7956     2.2627     4.7082     0.0061     0.0361     0.4531     0.0000     0.0000    11.2553    35.5265    27.1388    5.51117    239.684 0.0000e+00
